699999,186,26,1230,2004.0,0.0,9611.0,0.422803,0.017524,RUS,BIH,7284
700000,189,26,1230,2004.0,696075.0,529141.0,0.544686,2.418024,SCG,BIH,7284
700001,206,26,1230,2004.0,247075.0,4470.0,1.2683149999999999,0.9208620000000001,SVK,BIH,7284
700002,207,26,1230,2004.0,2708211.0,76219.0,1.700677,0.829765,SVN,BIH,7284
700003,208,26,1230,2004.0,19484.0,0.0,2.105611,0.707843,SWE,BIH,7284
700004,224,26,1230,2004.0,86791.0,2168.0,0.249065,1.910598,TUR,BIH,7284
700005,231,26,1230,2004.0,240130.0,0.0,1.818327,-0.17913900000000002,USA,BIH,7284
700006,7,82,1230,2004.0,769889.0,7723.0,-0.10993399999999999,-0.5351640000000001,ARE,GEO,7284
700007,9,82,1230,2004.0,0.0,9245.0,0.497276,-0.226016,ARM,GEO,7284
700008,14,82,1230,2004.0,18260.0,0.0,-0.198735,0.81543,AUS,GEO,7284
700009,15,82,1230,2004.0,107858.0,0.0,1.958949,0.209296,AUT,GEO,7284
700010,16,82,1230,2004.0,649831.0,301947.0,-0.720616,-1.009692,AZE,GEO,7284
700011,18,82,1230,2004.0,6956.0,0.0,1.242665,1.541444,BEL,GEO,7284
700012,23,82,1230,2004.0,23308.0,1624.0,0.390627,1.631006,BGR,GEO,7284
700013,32,82,1230,2004.0,0.0,662883.0,0.504233,1.567879,BRA,GEO,7284
700014,39,82,1230,2004.0,22224.0,0.0,0.781591,1.365966,CAN,GEO,7284
700015,41,82,1230,2004.0,6777.0,0.0,2.234603,0.551975,CHE,GEO,7284
700016,43,82,1230,2004.0,130968.0,0.0,0.710603,2.017234,CHN,GEO,7284
700017,61,82,1230,2004.0,1290564.0,14222.0,2.4453099999999997,-2.331761,DEU,GEO,7284
700018,64,82,1230,2004.0,17787.0,0.0,1.309074,1.2627979999999999,DNK,GEO,7284
700019,71,82,1230,2004.0,4098.0,0.0,1.04057,1.789023,ESP,GEO,7284
700020,74,82,1230,2004.0,1300.0,0.0,1.9662810000000002,1.018108,FIN,GEO,7284
700021,77,82,1230,2004.0,755072.0,669925.0,1.57079,0.6776760000000001,FRA,GEO,7284
700022,81,82,1230,2004.0,847027.0,11596.0,1.872987,0.734065,GBR,GEO,7284
700023,90,82,1230,2004.0,14590.0,0.0,0.298029,1.745886,GRC,GEO,7284
700024,100,82,1230,2004.0,29664.0,0.0,0.744459,1.1994479999999998,HRV,GEO,7284
700025,104,82,1230,2004.0,326724.0,11148.0,0.20872,2.817307,IND,GEO,7284
700026,107,82,1230,2004.0,0.0,276096.0,-0.6691699999999999,-1.002548,IRN,GEO,7284
700027,110,82,1230,2004.0,423199.0,0.0,1.252895,0.8662770000000001,ISR,GEO,7284
700028,111,82,1230,2004.0,1314097.0,77192.0,1.440372,0.676068,ITA,GEO,7284
700029,114,82,1230,2004.0,0.0,54010.0,2.756136,0.15545,JPN,GEO,7284
700030,121,82,1230,2004.0,12841.0,172696.0,1.481275,0.7859,KOR,GEO,7284
700031,132,82,1230,2004.0,2216.0,0.0,0.415001,0.8476809999999999,LVA,GEO,7284
700032,134,82,1230,2004.0,0.0,2228.0,-0.626594,-0.22253499999999998,MAR,GEO,7284
700033,138,82,1230,2004.0,1001.0,6897.0,1.183707,0.9043700000000001,MEX,GEO,7284
700034,162,82,1230,2004.0,21308.0,0.0,1.171327,1.6369799999999999,NLD,GEO,7284
700035,163,82,1230,2004.0,1469.0,0.0,0.731175,-0.0655,NOR,GEO,7284
700036,177,82,1230,2004.0,103966.0,0.0,0.989568,1.49055,POL,GEO,7284
700037,186,82,1230,2004.0,171164.0,256043.0,0.422803,0.017524,RUS,GEO,7284
700038,207,82,1230,2004.0,16274.0,0.0,1.700677,0.829765,SVN,GEO,7284
700039,208,82,1230,2004.0,26098.0,0.0,2.105611,0.707843,SWE,GEO,7284
700040,216,82,1230,2004.0,0.0,358276.0,0.633501,1.4648290000000002,THA,GEO,7284
700041,224,82,1230,2004.0,1264814.0,19426.0,0.249065,1.910598,TUR,GEO,7284
700042,228,82,1230,2004.0,163360.0,0.0,0.672848,1.172735,UKR,GEO,7284
700043,231,82,1230,2004.0,168402.0,64351.0,1.818327,-0.17913900000000002,USA,GEO,7284
700044,8,109,1230,2004.0,0.0,3773.0,-0.070845,0.879574,ARG,ISL,7284
700045,14,109,1230,2004.0,0.0,127875.0,-0.198735,0.81543,AUS,ISL,7284
700046,15,109,1230,2004.0,71431.0,0.0,1.958949,0.209296,AUT,ISL,7284
700047,18,109,1230,2004.0,110828.0,51050.0,1.242665,1.541444,BEL,ISL,7284
700048,32,109,1230,2004.0,0.0,2422.0,0.504233,1.567879,BRA,ISL,7284
700049,39,109,1230,2004.0,46022.0,0.0,0.781591,1.365966,CAN,ISL,7284
700050,41,109,1230,2004.0,228991.0,133410.0,2.234603,0.551975,CHE,ISL,7284
700051,42,109,1230,2004.0,0.0,122696.0,-0.24101399999999998,-0.303103,CHL,ISL,7284
700052,43,109,1230,2004.0,29268.0,0.0,0.710603,2.017234,CHN,ISL,7284
700053,59,109,1230,2004.0,16056.0,0.0,1.612543,0.607495,CZE,ISL,7284
700054,61,109,1230,2004.0,3370921.0,19287.0,2.4453099999999997,-2.331761,DEU,ISL,7284
700055,64,109,1230,2004.0,1424058.0,62803.0,1.309074,1.2627979999999999,DNK,ISL,7284
700056,71,109,1230,2004.0,51366.0,63152.0,1.04057,1.789023,ESP,ISL,7284
700057,74,109,1230,2004.0,125976.0,0.0,1.9662810000000002,1.018108,FIN,ISL,7284
700058,77,109,1230,2004.0,257887.0,74864.0,1.57079,0.6776760000000001,FRA,ISL,7284
700059,78,109,1230,2004.0,0.0,13290.0,-1.127967,-1.002561,FRO,ISL,7284
700060,81,109,1230,2004.0,1572764.0,301785.0,1.872987,0.734065,GBR,ISL,7284
700061,97,109,1230,2004.0,3464.0,0.0,0.72816,1.403171,HKG,ISL,7284
700062,104,109,1230,2004.0,7583.0,0.0,0.20872,2.817307,IND,ISL,7284
700063,106,109,1230,2004.0,43968.0,12782.0,1.498475,0.19050799999999998,IRL,ISL,7284
700064,110,109,1230,2004.0,11447.0,0.0,1.252895,0.8662770000000001,ISR,ISL,7284
700065,111,109,1230,2004.0,2804773.0,4612.0,1.440372,0.676068,ITA,ISL,7284
700066,114,109,1230,2004.0,13621.0,0.0,2.756136,0.15545,JPN,ISL,7284
700067,121,109,1230,2004.0,116281.0,2150.0,1.481275,0.7859,KOR,ISL,7284
700068,130,109,1230,2004.0,0.0,13208.0,0.341521,0.7971560000000001,LTU,ISL,7284
700069,132,109,1230,2004.0,1554.0,194259.0,0.415001,0.8476809999999999,LVA,ISL,7284
700070,138,109,1230,2004.0,6148.0,0.0,1.183707,0.9043700000000001,MEX,ISL,7284
700071,142,109,1230,2004.0,0.0,45377.0,1.2290379999999999,-0.025372,MLT,ISL,7284
700072,162,109,1230,2004.0,185524.0,67463.0,1.171327,1.6369799999999999,NLD,ISL,7284
700073,163,109,1230,2004.0,1287281.0,129995.0,0.731175,-0.0655,NOR,ISL,7284
700074,166,109,1230,2004.0,1563.0,0.0,0.44099099999999997,0.968326,NZL,ISL,7284
700075,177,109,1230,2004.0,59856.0,0.0,0.989568,1.49055,POL,ISL,7284
700076,179,109,1230,2004.0,0.0,6632.0,0.705075,1.7268729999999999,PRT,ISL,7284
700077,185,109,1230,2004.0,0.0,26885.0,0.53925,1.145066,ROU,ISL,7284
700078,186,109,1230,2004.0,0.0,1835.0,0.422803,0.017524,RUS,ISL,7284
700079,206,109,1230,2004.0,1612.0,0.0,1.2683149999999999,0.9208620000000001,SVK,ISL,7284
700080,208,109,1230,2004.0,1337236.0,7111.0,2.105611,0.707843,SWE,ISL,7284
700081,216,109,1230,2004.0,2126.0,32390.0,0.633501,1.4648290000000002,THA,ISL,7284
700082,231,109,1230,2004.0,312282.0,68903.0,1.818327,-0.17913900000000002,USA,ISL,7284
700083,246,109,1230,2004.0,3671.0,292861.0,0.29599699999999995,1.909018,ZAF,ISL,7284
700084,249,109,1230,2004.0,8985.0,4103669.0,1.8844150000000002,1.257951,TWN,ISL,7284
700085,9,135,1230,2004.0,0.0,1468.0,0.497276,-0.226016,ARM,MDA,7284
700086,15,135,1230,2004.0,27830.0,0.0,1.958949,0.209296,AUT,MDA,7284
700087,18,135,1230,2004.0,4176.0,0.0,1.242665,1.541444,BEL,MDA,7284
700088,23,135,1230,2004.0,17644.0,0.0,0.390627,1.631006,BGR,MDA,7284
700089,28,135,1230,2004.0,31556.0,450149.0,0.9384239999999999,0.9708690000000001,BLR,MDA,7284
700090,41,135,1230,2004.0,225466.0,0.0,2.234603,0.551975,CHE,MDA,7284
700091,43,135,1230,2004.0,303669.0,0.0,0.710603,2.017234,CHN,MDA,7284
700092,59,135,1230,2004.0,108087.0,0.0,1.612543,0.607495,CZE,MDA,7284
700093,61,135,1230,2004.0,6845610.0,192332.0,2.4453099999999997,-2.331761,DEU,MDA,7284
700094,64,135,1230,2004.0,67483.0,0.0,1.309074,1.2627979999999999,DNK,MDA,7284
700095,71,135,1230,2004.0,2505.0,2359.0,1.04057,1.789023,ESP,MDA,7284
700096,72,135,1230,2004.0,154471.0,0.0,0.645741,1.035117,EST,MDA,7284
700097,74,135,1230,2004.0,45985.0,0.0,1.9662810000000002,1.018108,FIN,MDA,7284
700098,77,135,1230,2004.0,15124.0,0.0,1.57079,0.6776760000000001,FRA,MDA,7284
700099,81,135,1230,2004.0,90280.0,0.0,1.872987,0.734065,GBR,MDA,7284
700100,90,135,1230,2004.0,16043.0,0.0,0.298029,1.745886,GRC,MDA,7284
700101,102,135,1230,2004.0,427963.0,0.0,1.3579370000000002,0.9993219999999999,HUN,MDA,7284
700102,110,135,1230,2004.0,78256.0,0.0,1.252895,0.8662770000000001,ISR,MDA,7284
700103,111,135,1230,2004.0,443278.0,76164.0,1.440372,0.676068,ITA,MDA,7284
700104,114,135,1230,2004.0,1508.0,0.0,2.756136,0.15545,JPN,MDA,7284
700105,115,135,1230,2004.0,0.0,40870.0,-0.43987200000000004,-0.50862,KAZ,MDA,7284
700106,117,135,1230,2004.0,0.0,5718.0,-0.263776,0.503736,KGZ,MDA,7284
700107,130,135,1230,2004.0,42938.0,76710.0,0.341521,0.7971560000000001,LTU,MDA,7284
700108,132,135,1230,2004.0,0.0,3462.0,0.415001,0.8476809999999999,LVA,MDA,7284
700109,162,135,1230,2004.0,35401.0,0.0,1.171327,1.6369799999999999,NLD,MDA,7284
700110,177,135,1230,2004.0,48184.0,0.0,0.989568,1.49055,POL,MDA,7284
700111,185,135,1230,2004.0,110895.0,217386.0,0.53925,1.145066,ROU,MDA,7284
700112,186,135,1230,2004.0,354542.0,168809.0,0.422803,0.017524,RUS,MDA,7284
700113,208,135,1230,2004.0,82585.0,0.0,2.105611,0.707843,SWE,MDA,7284
700114,224,135,1230,2004.0,171239.0,0.0,0.249065,1.910598,TUR,MDA,7284
700115,228,135,1230,2004.0,436720.0,157423.0,0.672848,1.172735,UKR,MDA,7284
700116,231,135,1230,2004.0,44323.0,0.0,1.818327,-0.17913900000000002,USA,MDA,7284
700117,246,135,1230,2004.0,4483.0,0.0,0.29599699999999995,1.909018,ZAF,MDA,7284
700118,249,135,1230,2004.0,69524.0,0.0,1.8844150000000002,1.257951,TWN,MDA,7284
700119,4,140,1230,2004.0,2584.0,10735.0,-0.142479,0.136074,ALB,MKD,7284
700120,14,140,1230,2004.0,1735.0,0.0,-0.198735,0.81543,AUS,MKD,7284
700121,15,140,1230,2004.0,257916.0,9134.0,1.958949,0.209296,AUT,MKD,7284
700122,23,140,1230,2004.0,202634.0,52842.0,0.390627,1.631006,BGR,MKD,7284
700123,26,140,1230,2004.0,109736.0,55910.0,0.45637,0.6154470000000001,BIH,MKD,7284
700124,39,140,1230,2004.0,1507.0,3033.0,0.781591,1.365966,CAN,MKD,7284
700125,41,140,1230,2004.0,82680.0,8024.0,2.234603,0.551975,CHE,MKD,7284
700126,43,140,1230,2004.0,177951.0,0.0,0.710603,2.017234,CHN,MKD,7284
700127,59,140,1230,2004.0,15824.0,0.0,1.612543,0.607495,CZE,MKD,7284
700128,61,140,1230,2004.0,2098750.0,14297.0,2.4453099999999997,-2.331761,DEU,MKD,7284
700129,64,140,1230,2004.0,39217.0,0.0,1.309074,1.2627979999999999,DNK,MKD,7284
700130,66,140,1230,2004.0,0.0,2939.0,-1.166661,-1.2240879999999998,DZA,MKD,7284
700131,71,140,1230,2004.0,20756.0,0.0,1.04057,1.789023,ESP,MKD,7284
700132,74,140,1230,2004.0,12426.0,0.0,1.9662810000000002,1.018108,FIN,MKD,7284
700133,77,140,1230,2004.0,151577.0,0.0,1.57079,0.6776760000000001,FRA,MKD,7284
700134,81,140,1230,2004.0,440060.0,24912.0,1.872987,0.734065,GBR,MKD,7284
700135,90,140,1230,2004.0,1324178.0,24193.0,0.298029,1.745886,GRC,MKD,7284
700136,97,140,1230,2004.0,1436.0,0.0,0.72816,1.403171,HKG,MKD,7284
700137,100,140,1230,2004.0,42639.0,7814.0,0.744459,1.1994479999999998,HRV,MKD,7284
700138,102,140,1230,2004.0,985265.0,0.0,1.3579370000000002,0.9993219999999999,HUN,MKD,7284
700139,104,140,1230,2004.0,21527.0,0.0,0.20872,2.817307,IND,MKD,7284
700140,110,140,1230,2004.0,594888.0,0.0,1.252895,0.8662770000000001,ISR,MKD,7284
700141,111,140,1230,2004.0,2290710.0,135638.0,1.440372,0.676068,ITA,MKD,7284
700142,114,140,1230,2004.0,0.0,46217.0,2.756136,0.15545,JPN,MKD,7284
700143,130,140,1230,2004.0,1202.0,262726.0,0.341521,0.7971560000000001,LTU,MKD,7284
700144,162,140,1230,2004.0,573487.0,7487.0,1.171327,1.6369799999999999,NLD,MKD,7284
700145,177,140,1230,2004.0,264137.0,0.0,0.989568,1.49055,POL,MKD,7284
700146,179,140,1230,2004.0,58079.0,0.0,0.705075,1.7268729999999999,PRT,MKD,7284
700147,186,140,1230,2004.0,3075.0,0.0,0.422803,0.017524,RUS,MKD,7284
700148,189,140,1230,2004.0,333729.0,418515.0,0.544686,2.418024,SCG,MKD,7284
700149,207,140,1230,2004.0,540800.0,40052.0,1.700677,0.829765,SVN,MKD,7284
700150,208,140,1230,2004.0,24706.0,0.0,2.105611,0.707843,SWE,MKD,7284
700151,224,140,1230,2004.0,620434.0,20122.0,0.249065,1.910598,TUR,MKD,7284
700152,228,140,1230,2004.0,8226.0,110630.0,0.672848,1.172735,UKR,MKD,7284
700153,231,140,1230,2004.0,267476.0,0.0,1.818327,-0.17913900000000002,USA,MKD,7284
700154,249,140,1230,2004.0,395349.0,0.0,1.8844150000000002,1.257951,TWN,MKD,7284
700155,14,157,1230,2004.0,312956.0,0.0,-0.198735,0.81543,AUS,NER,7284
700156,18,157,1230,2004.0,68684.0,0.0,1.242665,1.541444,BEL,NER,7284
700157,32,157,1230,2004.0,1204.0,0.0,0.504233,1.567879,BRA,NER,7284
700158,39,157,1230,2004.0,8166.0,3962.0,0.781591,1.365966,CAN,NER,7284
700159,43,157,1230,2004.0,1834.0,0.0,0.710603,2.017234,CHN,NER,7284
700160,61,157,1230,2004.0,114798.0,0.0,2.4453099999999997,-2.331761,DEU,NER,7284
700161,68,157,1230,2004.0,4986.0,0.0,-0.35823499999999997,0.5000100000000001,EGY,NER,7284
700162,71,157,1230,2004.0,4353.0,0.0,1.04057,1.789023,ESP,NER,7284
700163,77,157,1230,2004.0,2640851.0,0.0,1.57079,0.6776760000000001,FRA,NER,7284
700164,81,157,1230,2004.0,1237.0,0.0,1.872987,0.734065,GBR,NER,7284
700165,83,157,1230,2004.0,3146.0,0.0,-1.015073,-0.9147069999999999,GHA,NER,7284
700166,90,157,1230,2004.0,2088.0,0.0,0.298029,1.745886,GRC,NER,7284
700167,104,157,1230,2004.0,282934.0,8195.0,0.20872,2.817307,IND,NER,7284
700168,111,157,1230,2004.0,263418.0,0.0,1.440372,0.676068,ITA,NER,7284
700169,131,157,1230,2004.0,15993.0,0.0,1.258828,1.079923,LUX,NER,7284
700170,152,157,1230,2004.0,0.0,24520.0,-1.233417,-1.071204,MWI,NER,7284
700171,153,157,1230,2004.0,1278.0,16440.0,1.250098,0.352379,MYS,NER,7284
700172,159,157,1230,2004.0,29892.0,0.0,-2.336753,-1.350375,NGA,NER,7284
700173,162,157,1230,2004.0,4238.0,1367.0,1.171327,1.6369799999999999,NLD,NER,7284
700174,191,157,1230,2004.0,5387.0,0.0,-0.620158,-0.296575,SEN,NER,7284
700175,208,157,1230,2004.0,45294.0,0.0,2.105611,0.707843,SWE,NER,7284
700176,224,157,1230,2004.0,95853.0,0.0,0.249065,1.910598,TUR,NER,7284
700177,231,157,1230,2004.0,54563.0,42734.0,1.818327,-0.17913900000000002,USA,NER,7284
700178,246,157,1230,2004.0,89000.0,0.0,0.29599699999999995,1.909018,ZAF,NER,7284
700179,250,157,1230,2004.0,0.0,181907.0,0.46240200000000004,-0.406624,ANS,NER,7284
700180,14,178,1230,2004.0,0.0,9539.0,-0.198735,0.81543,AUS,PRK,7284
700181,15,178,1230,2004.0,487638.0,0.0,1.958949,0.209296,AUT,PRK,7284
700182,16,178,1230,2004.0,0.0,1604.0,-0.720616,-1.009692,AZE,PRK,7284
700183,18,178,1230,2004.0,5943.0,0.0,1.242665,1.541444,BEL,PRK,7284
700184,22,178,1230,2004.0,0.0,188195.0,-1.074194,-0.9392389999999999,BGD,PRK,7284
700185,32,178,1230,2004.0,12304.0,180868.0,0.504233,1.567879,BRA,PRK,7284
700186,41,178,1230,2004.0,425387.0,0.0,2.234603,0.551975,CHE,PRK,7284
700187,43,178,1230,2004.0,2376915.0,0.0,0.710603,2.017234,CHN,PRK,7284
700188,49,178,1230,2004.0,0.0,2586.0,0.044706,0.514304,COL,PRK,7284
700189,59,178,1230,2004.0,0.0,1968.0,1.612543,0.607495,CZE,PRK,7284
700190,61,178,1230,2004.0,1340634.0,21447.0,2.4453099999999997,-2.331761,DEU,PRK,7284
700191,64,178,1230,2004.0,11361.0,0.0,1.309074,1.2627979999999999,DNK,PRK,7284
700192,97,178,1230,2004.0,73582.0,0.0,0.72816,1.403171,HKG,PRK,7284
700193,104,178,1230,2004.0,96013.0,0.0,0.20872,2.817307,IND,PRK,7284
700194,111,178,1230,2004.0,2451264.0,0.0,1.440372,0.676068,ITA,PRK,7284
700195,114,178,1230,2004.0,46976.0,10000.0,2.756136,0.15545,JPN,PRK,7284
700196,124,178,1230,2004.0,0.0,23143.0,0.269753,1.3152979999999999,LBN,PRK,7284
700197,138,178,1230,2004.0,0.0,338872.0,1.183707,0.9043700000000001,MEX,PRK,7284
700198,162,178,1230,2004.0,48520.0,0.0,1.171327,1.6369799999999999,NLD,PRK,7284
700199,168,178,1230,2004.0,0.0,4610.0,-0.7489600000000001,0.22493200000000002,PAK,PRK,7284
700200,177,178,1230,2004.0,104705.0,0.0,0.989568,1.49055,POL,PRK,7284
700201,186,178,1230,2004.0,0.0,21478.0,0.422803,0.017524,RUS,PRK,7284
700202,192,178,1230,2004.0,313625.0,0.0,1.804502,0.570084,SGP,PRK,7284
700203,206,178,1230,2004.0,0.0,6148.0,1.2683149999999999,0.9208620000000001,SVK,PRK,7284
700204,207,178,1230,2004.0,0.0,39810.0,1.700677,0.829765,SVN,PRK,7284
700205,208,178,1230,2004.0,18000.0,0.0,2.105611,0.707843,SWE,PRK,7284
700206,216,178,1230,2004.0,482409.0,3195660.0,0.633501,1.4648290000000002,THA,PRK,7284
700207,227,178,1230,2004.0,0.0,12584.0,-1.05367,-0.546304,UGA,PRK,7284
700208,249,178,1230,2004.0,5881.0,0.0,1.8844150000000002,1.257951,TWN,PRK,7284
700209,14,195,1230,2004.0,61839.0,0.0,-0.198735,0.81543,AUS,SLB,7284
700210,61,195,1230,2004.0,1042.0,0.0,2.4453099999999997,-2.331761,DEU,SLB,7284
700211,81,195,1230,2004.0,13725.0,0.0,1.872987,0.734065,GBR,SLB,7284
700212,104,195,1230,2004.0,0.0,54058.0,0.20872,2.817307,IND,SLB,7284
700213,111,195,1230,2004.0,16381.0,0.0,1.440372,0.676068,ITA,SLB,7284
700214,166,195,1230,2004.0,17858.0,0.0,0.44099099999999997,0.968326,NZL,SLB,7284
700215,179,195,1230,2004.0,183306.0,0.0,0.705075,1.7268729999999999,PRT,SLB,7284
700216,192,195,1230,2004.0,4898.0,0.0,1.804502,0.570084,SGP,SLB,7284
700217,249,195,1230,2004.0,7197.0,0.0,1.8844150000000002,1.257951,TWN,SLB,7284
700218,14,219,1230,2004.0,88634.0,0.0,-0.198735,0.81543,AUS,TKM,7284
700219,15,219,1230,2004.0,20608.0,0.0,1.958949,0.209296,AUT,TKM,7284
700220,16,219,1230,2004.0,21201.0,0.0,-0.720616,-1.009692,AZE,TKM,7284
700221,18,219,1230,2004.0,37211.0,0.0,1.242665,1.541444,BEL,TKM,7284
700222,28,219,1230,2004.0,1001.0,0.0,0.9384239999999999,0.9708690000000001,BLR,TKM,7284
700223,39,219,1230,2004.0,1225463.0,0.0,0.781591,1.365966,CAN,TKM,7284
700224,43,219,1230,2004.0,7245.0,0.0,0.710603,2.017234,CHN,TKM,7284
700225,61,219,1230,2004.0,731461.0,0.0,2.4453099999999997,-2.331761,DEU,TKM,7284
700226,77,219,1230,2004.0,215154.0,0.0,1.57079,0.6776760000000001,FRA,TKM,7284
700227,81,219,1230,2004.0,18978.0,0.0,1.872987,0.734065,GBR,TKM,7284
700228,104,219,1230,2004.0,595757.0,0.0,0.20872,2.817307,IND,TKM,7284
700229,107,219,1230,2004.0,153412.0,3624.0,-0.6691699999999999,-1.002548,IRN,TKM,7284
700230,111,219,1230,2004.0,12881984.0,0.0,1.440372,0.676068,ITA,TKM,7284
700231,114,219,1230,2004.0,3339.0,0.0,2.756136,0.15545,JPN,TKM,7284
700232,115,219,1230,2004.0,70115.0,0.0,-0.43987200000000004,-0.50862,KAZ,TKM,7284
700233,162,219,1230,2004.0,2488.0,0.0,1.171327,1.6369799999999999,NLD,TKM,7284
700234,163,219,1230,2004.0,1256.0,0.0,0.731175,-0.0655,NOR,TKM,7284
700235,177,219,1230,2004.0,13540.0,0.0,0.989568,1.49055,POL,TKM,7284
700236,185,219,1230,2004.0,1276.0,0.0,0.53925,1.145066,ROU,TKM,7284
700237,186,219,1230,2004.0,1654458.0,3273.0,0.422803,0.017524,RUS,TKM,7284
700238,224,219,1230,2004.0,926723.0,0.0,0.249065,1.910598,TUR,TKM,7284
700239,228,219,1230,2004.0,1068993.0,0.0,0.672848,1.172735,UKR,TKM,7284
700240,231,219,1230,2004.0,831769.0,0.0,1.818327,-0.17913900000000002,USA,TKM,7284
700241,15,4,1230,2004.0,672382.0,2210.0,1.958949,0.209296,AUT,ALB,7284
700242,18,4,1230,2004.0,11909.0,0.0,1.242665,1.541444,BEL,ALB,7284
700243,23,4,1230,2004.0,31404.0,0.0,0.390627,1.631006,BGR,ALB,7284
700244,39,4,1230,2004.0,59050.0,0.0,0.781591,1.365966,CAN,ALB,7284
700245,41,4,1230,2004.0,44874.0,0.0,2.234603,0.551975,CHE,ALB,7284
700246,43,4,1230,2004.0,549304.0,68723.0,0.710603,2.017234,CHN,ALB,7284
700247,49,4,1230,2004.0,0.0,20751.0,0.044706,0.514304,COL,ALB,7284
700248,59,4,1230,2004.0,6040.0,0.0,1.612543,0.607495,CZE,ALB,7284
700249,61,4,1230,2004.0,398946.0,0.0,2.4453099999999997,-2.331761,DEU,ALB,7284
700250,77,4,1230,2004.0,66576.0,210716.0,1.57079,0.6776760000000001,FRA,ALB,7284
700251,81,4,1230,2004.0,73367.0,50471.0,1.872987,0.734065,GBR,ALB,7284
700252,90,4,1230,2004.0,2494914.0,60615.0,0.298029,1.745886,GRC,ALB,7284
700253,99,4,1230,2004.0,0.0,7596.0,-0.6372140000000001,-0.453946,HND,ALB,7284
700254,100,4,1230,2004.0,3988.0,0.0,0.744459,1.1994479999999998,HRV,ALB,7284
700255,102,4,1230,2004.0,3173.0,0.0,1.3579370000000002,0.9993219999999999,HUN,ALB,7284
700256,104,4,1230,2004.0,2221.0,0.0,0.20872,2.817307,IND,ALB,7284
700257,107,4,1230,2004.0,8804.0,0.0,-0.6691699999999999,-1.002548,IRN,ALB,7284
700258,110,4,1230,2004.0,3622.0,0.0,1.252895,0.8662770000000001,ISR,ALB,7284
700259,111,4,1230,2004.0,7735594.0,98359.0,1.440372,0.676068,ITA,ALB,7284
700260,114,4,1230,2004.0,0.0,2373.0,2.756136,0.15545,JPN,ALB,7284
700261,138,4,1230,2004.0,0.0,48200.0,1.183707,0.9043700000000001,MEX,ALB,7284
700262,140,4,1230,2004.0,10735.0,2584.0,-0.120439,0.27624899999999997,MKD,ALB,7284
700263,162,4,1230,2004.0,366630.0,0.0,1.171327,1.6369799999999999,NLD,ALB,7284
700264,163,4,1230,2004.0,6342.0,0.0,0.731175,-0.0655,NOR,ALB,7284
700265,185,4,1230,2004.0,4735.0,0.0,0.53925,1.145066,ROU,ALB,7284
700266,189,4,1230,2004.0,14931.0,1512.0,0.544686,2.418024,SCG,ALB,7284
700267,207,4,1230,2004.0,9502.0,0.0,1.700677,0.829765,SVN,ALB,7284
700268,224,4,1230,2004.0,334365.0,0.0,0.249065,1.910598,TUR,ALB,7284
700269,231,4,1230,2004.0,20726.0,938874.0,1.818327,-0.17913900000000002,USA,ALB,7284
700270,249,4,1230,2004.0,3836.0,0.0,1.8844150000000002,1.257951,TWN,ALB,7284
700271,8,31,1230,2004.0,1323278.0,12777.0,-0.070845,0.879574,ARG,BOL,7284
700272,18,31,1230,2004.0,9688.0,0.0,1.242665,1.541444,BEL,BOL,7284
700273,32,31,1230,2004.0,1841630.0,0.0,0.504233,1.567879,BRA,BOL,7284
700274,39,31,1230,2004.0,1378844.0,3884.0,0.781591,1.365966,CAN,BOL,7284
700275,41,31,1230,2004.0,29463.0,1537.0,2.234603,0.551975,CHE,BOL,7284
700276,42,31,1230,2004.0,511032.0,23150.0,-0.24101399999999998,-0.303103,CHL,BOL,7284
700277,43,31,1230,2004.0,49285.0,0.0,0.710603,2.017234,CHN,BOL,7284
700278,49,31,1230,2004.0,65231.0,27161.0,0.044706,0.514304,COL,BOL,7284
700279,52,31,1230,2004.0,2194.0,0.0,-0.036323,-0.313847,CRI,BOL,7284
700280,61,31,1230,2004.0,576516.0,17452.0,2.4453099999999997,-2.331761,DEU,BOL,7284
700281,64,31,1230,2004.0,62106.0,0.0,1.309074,1.2627979999999999,DNK,BOL,7284
700282,65,31,1230,2004.0,3545.0,0.0,-0.24909699999999999,-0.326783,DOM,BOL,7284
700283,67,31,1230,2004.0,0.0,43484.0,-0.990727,-0.9383090000000001,ECU,BOL,7284
700284,71,31,1230,2004.0,42451.0,0.0,1.04057,1.789023,ESP,BOL,7284
700285,74,31,1230,2004.0,10572.0,0.0,1.9662810000000002,1.018108,FIN,BOL,7284
700286,77,31,1230,2004.0,155785.0,0.0,1.57079,0.6776760000000001,FRA,BOL,7284
700287,81,31,1230,2004.0,72065.0,0.0,1.872987,0.734065,GBR,BOL,7284
700288,104,31,1230,2004.0,62223.0,0.0,0.20872,2.817307,IND,BOL,7284
700289,110,31,1230,2004.0,1448.0,0.0,1.252895,0.8662770000000001,ISR,BOL,7284
700290,111,31,1230,2004.0,791216.0,3927.0,1.440372,0.676068,ITA,BOL,7284
700291,114,31,1230,2004.0,84614.0,0.0,2.756136,0.15545,JPN,BOL,7284
700292,121,31,1230,2004.0,76205.0,0.0,1.481275,0.7859,KOR,BOL,7284
700293,138,31,1230,2004.0,84618.0,3783.0,1.183707,0.9043700000000001,MEX,BOL,7284
700294,162,31,1230,2004.0,13311.0,5637.0,1.171327,1.6369799999999999,NLD,BOL,7284
700295,173,31,1230,2004.0,592701.0,31065.0,-0.609837,0.13314,PER,BOL,7284
700296,177,31,1230,2004.0,30827.0,0.0,0.989568,1.49055,POL,BOL,7284
700297,192,31,1230,2004.0,18447.0,0.0,1.804502,0.570084,SGP,BOL,7284
700298,208,31,1230,2004.0,86280.0,0.0,2.105611,0.707843,SWE,BOL,7284
700299,230,31,1230,2004.0,58924.0,0.0,-0.051583000000000004,0.145056,URY,BOL,7284
700300,231,31,1230,2004.0,841622.0,2514.0,1.818327,-0.17913900000000002,USA,BOL,7284
700301,236,31,1230,2004.0,1835.0,0.0,-0.41193900000000006,-0.9578899999999999,VEN,BOL,7284
700302,249,31,1230,2004.0,42771.0,0.0,1.8844150000000002,1.257951,TWN,BOL,7284
700303,7,66,1230,2004.0,713672.0,0.0,-0.10993399999999999,-0.5351640000000001,ARE,DZA,7284
700304,8,66,1230,2004.0,22219.0,0.0,-0.070845,0.879574,ARG,DZA,7284
700305,14,66,1230,2004.0,916860.0,0.0,-0.198735,0.81543,AUS,DZA,7284
700306,15,66,1230,2004.0,2794618.0,0.0,1.958949,0.209296,AUT,DZA,7284
700307,18,66,1230,2004.0,21047214.0,31230.0,1.242665,1.541444,BEL,DZA,7284
700308,32,66,1230,2004.0,86571.0,0.0,0.504233,1.567879,BRA,DZA,7284
700309,39,66,1230,2004.0,3689556.0,5024.0,0.781591,1.365966,CAN,DZA,7284
700310,41,66,1230,2004.0,11553812.0,0.0,2.234603,0.551975,CHE,DZA,7284
700311,43,66,1230,2004.0,3741745.0,0.0,0.710603,2.017234,CHN,DZA,7284
700312,59,66,1230,2004.0,4177176.0,0.0,1.612543,0.607495,CZE,DZA,7284
700313,61,66,1230,2004.0,24565046.0,4287.0,2.4453099999999997,-2.331761,DEU,DZA,7284
700314,64,66,1230,2004.0,336605.0,0.0,1.309074,1.2627979999999999,DNK,DZA,7284
700315,68,66,1230,2004.0,154783.0,0.0,-0.35823499999999997,0.5000100000000001,EGY,DZA,7284
700316,71,66,1230,2004.0,5561009.0,19451.0,1.04057,1.789023,ESP,DZA,7284
700317,74,66,1230,2004.0,1776836.0,0.0,1.9662810000000002,1.018108,FIN,DZA,7284
700318,77,66,1230,2004.0,40183464.0,103633.0,1.57079,0.6776760000000001,FRA,DZA,7284
700319,81,66,1230,2004.0,914092.0,22884.0,1.872987,0.734065,GBR,DZA,7284
700320,97,66,1230,2004.0,388531.0,0.0,0.72816,1.403171,HKG,DZA,7284
700321,102,66,1230,2004.0,18599.0,0.0,1.3579370000000002,0.9993219999999999,HUN,DZA,7284
700322,104,66,1230,2004.0,392079.0,1075.0,0.20872,2.817307,IND,DZA,7284
700323,107,66,1230,2004.0,45446.0,0.0,-0.6691699999999999,-1.002548,IRN,DZA,7284
700324,111,66,1230,2004.0,72774752.0,145944.0,1.440372,0.676068,ITA,DZA,7284
700325,113,66,1230,2004.0,35920.0,0.0,0.16384200000000002,0.34270100000000003,JOR,DZA,7284
700326,114,66,1230,2004.0,1301514.0,6603.0,2.756136,0.15545,JPN,DZA,7284
700327,121,66,1230,2004.0,962246.0,0.0,1.481275,0.7859,KOR,DZA,7284
700328,124,66,1230,2004.0,118045.0,0.0,0.269753,1.3152979999999999,LBN,DZA,7284
700329,131,66,1230,2004.0,465023.0,0.0,1.258828,1.079923,LUX,DZA,7284
700330,140,66,1230,2004.0,2939.0,0.0,-0.120439,0.27624899999999997,MKD,DZA,7284
700331,153,66,1230,2004.0,2614.0,0.0,1.250098,0.352379,MYS,DZA,7284
700332,162,66,1230,2004.0,600606.0,12853.0,1.171327,1.6369799999999999,NLD,DZA,7284
700333,163,66,1230,2004.0,4253.0,0.0,0.731175,-0.0655,NOR,DZA,7284
700334,166,66,1230,2004.0,11877.0,0.0,0.44099099999999997,0.968326,NZL,DZA,7284
700335,177,66,1230,2004.0,377680.0,0.0,0.989568,1.49055,POL,DZA,7284
700336,179,66,1230,2004.0,1004037.0,0.0,0.705075,1.7268729999999999,PRT,DZA,7284
700337,186,66,1230,2004.0,70679.0,0.0,0.422803,0.017524,RUS,DZA,7284
700338,188,66,1230,2004.0,313185.0,0.0,0.361324,-0.760732,SAU,DZA,7284
700339,189,66,1230,2004.0,12398.0,0.0,0.544686,2.418024,SCG,DZA,7284
700340,192,66,1230,2004.0,30037.0,0.0,1.804502,0.570084,SGP,DZA,7284
700341,208,66,1230,2004.0,381235.0,0.0,2.105611,0.707843,SWE,DZA,7284
700342,212,66,1230,2004.0,929553.0,0.0,-0.698545,-0.111323,SYR,DZA,7284
700343,216,66,1230,2004.0,184080.0,0.0,0.633501,1.4648290000000002,THA,DZA,7284
700344,217,66,1230,2004.0,25235.0,0.0,-0.805571,-1.077194,TJK,DZA,7284
700345,223,66,1230,2004.0,671955.0,0.0,-0.125092,0.370625,TUN,DZA,7284
700346,224,66,1230,2004.0,1915575.0,0.0,0.249065,1.910598,TUR,DZA,7284
700347,228,66,1230,2004.0,200915.0,0.0,0.672848,1.172735,UKR,DZA,7284
700348,231,66,1230,2004.0,3600324.0,108441.0,1.818327,-0.17913900000000002,USA,DZA,7284
700349,246,66,1230,2004.0,3369.0,0.0,0.29599699999999995,1.909018,ZAF,DZA,7284
700350,249,66,1230,2004.0,2716784.0,0.0,1.8844150000000002,1.257951,TWN,DZA,7284
700351,250,66,1230,2004.0,9768627.0,0.0,0.46240200000000004,-0.406624,ANS,DZA,7284
700352,8,159,1230,2004.0,106690.0,0.0,-0.070845,0.879574,ARG,NGA,7284
700353,14,159,1230,2004.0,149181.0,0.0,-0.198735,0.81543,AUS,NGA,7284
700354,15,159,1230,2004.0,5406185.0,12573.0,1.958949,0.209296,AUT,NGA,7284
700355,18,159,1230,2004.0,1153832.0,0.0,1.242665,1.541444,BEL,NGA,7284
700356,19,159,1230,2004.0,0.0,2527.0,-1.422449,-1.09615,BEN,NGA,7284
700357,32,159,1230,2004.0,674367.0,0.0,0.504233,1.567879,BRA,NGA,7284
700358,39,159,1230,2004.0,4555830.0,0.0,0.781591,1.365966,CAN,NGA,7284
700359,41,159,1230,2004.0,804356.0,0.0,2.234603,0.551975,CHE,NGA,7284
700360,43,159,1230,2004.0,8958899.0,0.0,0.710603,2.017234,CHN,NGA,7284
700361,44,159,1230,2004.0,322911.0,0.0,-0.835933,-0.749289,CIV,NGA,7284
700362,45,159,1230,2004.0,19364.0,0.0,-1.380149,-1.220501,CMR,NGA,7284
700363,61,159,1230,2004.0,10651613.0,137210.0,2.4453099999999997,-2.331761,DEU,NGA,7284
700364,64,159,1230,2004.0,110845.0,0.0,1.309074,1.2627979999999999,DNK,NGA,7284
700365,71,159,1230,2004.0,1954616.0,0.0,1.04057,1.789023,ESP,NGA,7284
700366,74,159,1230,2004.0,11763.0,0.0,1.9662810000000002,1.018108,FIN,NGA,7284
700367,77,159,1230,2004.0,8158428.0,59752.0,1.57079,0.6776760000000001,FRA,NGA,7284
700368,81,159,1230,2004.0,14744042.0,416480.0,1.872987,0.734065,GBR,NGA,7284
700369,90,159,1230,2004.0,83575.0,0.0,0.298029,1.745886,GRC,NGA,7284
700370,97,159,1230,2004.0,2711982.0,0.0,0.72816,1.403171,HKG,NGA,7284
700371,103,159,1230,2004.0,165953.0,0.0,0.010095999999999999,1.7413779999999999,IDN,NGA,7284
700372,104,159,1230,2004.0,11831525.0,16932.0,0.20872,2.817307,IND,NGA,7284
700373,106,159,1230,2004.0,141042.0,1460.0,1.498475,0.19050799999999998,IRL,NGA,7284
700374,110,159,1230,2004.0,239000.0,0.0,1.252895,0.8662770000000001,ISR,NGA,7284
700375,111,159,1230,2004.0,40419552.0,23473.0,1.440372,0.676068,ITA,NGA,7284
700376,114,159,1230,2004.0,4362634.0,0.0,2.756136,0.15545,JPN,NGA,7284
700377,121,159,1230,2004.0,3821326.0,0.0,1.481275,0.7859,KOR,NGA,7284
700378,124,159,1230,2004.0,347000.0,0.0,0.269753,1.3152979999999999,LBN,NGA,7284
700379,131,159,1230,2004.0,210511.0,0.0,1.258828,1.079923,LUX,NGA,7284
700380,138,159,1230,2004.0,17720.0,0.0,1.183707,0.9043700000000001,MEX,NGA,7284
700381,153,159,1230,2004.0,455437.0,0.0,1.250098,0.352379,MYS,NGA,7284
700382,157,159,1230,2004.0,0.0,29892.0,-1.102485,-0.850282,NER,NGA,7284
700383,162,159,1230,2004.0,1362901.0,12874.0,1.171327,1.6369799999999999,NLD,NGA,7284
700384,163,159,1230,2004.0,386226.0,1852.0,0.731175,-0.0655,NOR,NGA,7284
700385,166,159,1230,2004.0,1049.0,0.0,0.44099099999999997,0.968326,NZL,NGA,7284
700386,177,159,1230,2004.0,8646.0,0.0,0.989568,1.49055,POL,NGA,7284
700387,179,159,1230,2004.0,57382.0,0.0,0.705075,1.7268729999999999,PRT,NGA,7284
700388,192,159,1230,2004.0,52620.0,4332.0,1.804502,0.570084,SGP,NGA,7284
700389,207,159,1230,2004.0,2855.0,0.0,1.700677,0.829765,SVN,NGA,7284
700390,208,159,1230,2004.0,619279.0,0.0,2.105611,0.707843,SWE,NGA,7284
700391,216,159,1230,2004.0,179248.0,0.0,0.633501,1.4648290000000002,THA,NGA,7284
700392,224,159,1230,2004.0,23850.0,0.0,0.249065,1.910598,TUR,NGA,7284
700393,226,159,1230,2004.0,0.0,15162.0,-0.935327,0.362709,TZA,NGA,7284
700394,231,159,1230,2004.0,8425109.0,42543.0,1.818327,-0.17913900000000002,USA,NGA,7284
700395,236,159,1230,2004.0,0.0,9200.0,-0.41193900000000006,-0.9578899999999999,VEN,NGA,7284
700396,246,159,1230,2004.0,1319750.0,0.0,0.29599699999999995,1.909018,ZAF,NGA,7284
700397,249,159,1230,2004.0,6379160.0,0.0,1.8844150000000002,1.257951,TWN,NGA,7284
700398,61,0,1230,2004.0,2024.0,0.0,2.4453099999999997,-2.331761,DEU,ABW,7284
700399,77,0,1230,2004.0,1242.0,0.0,1.57079,0.6776760000000001,FRA,ABW,7284
700400,81,0,1230,2004.0,2565.0,0.0,1.872987,0.734065,GBR,ABW,7284
700401,93,0,1230,2004.0,0.0,1142.0,-0.39399,0.139128,GTM,ABW,7284
700402,111,0,1230,2004.0,11424.0,0.0,1.440372,0.676068,ITA,ABW,7284
700403,162,0,1230,2004.0,99527.0,0.0,1.171327,1.6369799999999999,NLD,ABW,7284
700404,205,0,1230,2004.0,0.0,10494.0,-1.056251,-1.0234590000000001,SUR,ABW,7284
700405,222,0,1230,2004.0,1103.0,0.0,-0.108049,-0.923523,TTO,ABW,7284
700406,231,0,1230,2004.0,445659.0,3635.0,1.818327,-0.17913900000000002,USA,ABW,7284
700407,236,0,1230,2004.0,2780.0,0.0,-0.41193900000000006,-0.9578899999999999,VEN,ABW,7284
700408,243,0,1230,2004.0,0.0,1424.0,-1.298227,-1.2496639999999999,YEM,ABW,7284
700409,249,0,1230,2004.0,18933.0,0.0,1.8844150000000002,1.257951,TWN,ABW,7284
700410,6,3,1230,2004.0,5713.0,0.0,0.080304,-0.634516,ANT,AIA,7284
700411,61,3,1230,2004.0,17795.0,0.0,2.4453099999999997,-2.331761,DEU,AIA,7284
700412,81,3,1230,2004.0,7650.0,0.0,1.872987,0.734065,GBR,AIA,7284
700413,124,3,1230,2004.0,18000.0,0.0,0.269753,1.3152979999999999,LBN,AIA,7284
700414,231,3,1230,2004.0,49828.0,4949.0,1.818327,-0.17913900000000002,USA,AIA,7284
700415,237,3,1230,2004.0,129959.0,0.0,0.689844,-0.23942,VGB,AIA,7284
700416,18,29,1230,2004.0,14495.0,0.0,1.242665,1.541444,BEL,BLZ,7284
700417,32,29,1230,2004.0,1389.0,0.0,0.504233,1.567879,BRA,BLZ,7284
700418,39,29,1230,2004.0,29730.0,0.0,0.781591,1.365966,CAN,BLZ,7284
700419,41,29,1230,2004.0,5300.0,0.0,2.234603,0.551975,CHE,BLZ,7284
700420,43,29,1230,2004.0,2560.0,0.0,0.710603,2.017234,CHN,BLZ,7284
700421,61,29,1230,2004.0,755608.0,0.0,2.4453099999999997,-2.331761,DEU,BLZ,7284
700422,71,29,1230,2004.0,1050.0,0.0,1.04057,1.789023,ESP,BLZ,7284
700423,77,29,1230,2004.0,1778.0,0.0,1.57079,0.6776760000000001,FRA,BLZ,7284
700424,81,29,1230,2004.0,12240.0,0.0,1.872987,0.734065,GBR,BLZ,7284
700425,93,29,1230,2004.0,0.0,4882.0,-0.39399,0.139128,GTM,BLZ,7284
700426,97,29,1230,2004.0,0.0,36150.0,0.72816,1.403171,HKG,BLZ,7284
700427,99,29,1230,2004.0,308588.0,0.0,-0.6372140000000001,-0.453946,HND,BLZ,7284
700428,111,29,1230,2004.0,27194.0,0.0,1.440372,0.676068,ITA,BLZ,7284
700429,114,29,1230,2004.0,8472.0,0.0,2.756136,0.15545,JPN,BLZ,7284
700430,121,29,1230,2004.0,7982.0,0.0,1.481275,0.7859,KOR,BLZ,7284
700431,128,29,1230,2004.0,11285.0,0.0,-0.42450299999999996,0.173518,LKA,BLZ,7284
700432,138,29,1230,2004.0,10359.0,0.0,1.183707,0.9043700000000001,MEX,BLZ,7284
700433,162,29,1230,2004.0,6831.0,0.0,1.171327,1.6369799999999999,NLD,BLZ,7284
700434,166,29,1230,2004.0,4794.0,0.0,0.44099099999999997,0.968326,NZL,BLZ,7284
700435,197,29,1230,2004.0,21248.0,15311.0,-0.21054299999999998,0.086382,SLV,BLZ,7284
700436,208,29,1230,2004.0,5704.0,0.0,2.105611,0.707843,SWE,BLZ,7284
700437,228,29,1230,2004.0,1107.0,0.0,0.672848,1.172735,UKR,BLZ,7284
700438,231,29,1230,2004.0,173690.0,0.0,1.818327,-0.17913900000000002,USA,BLZ,7284
700439,246,29,1230,2004.0,0.0,209407.0,0.29599699999999995,1.909018,ZAF,BLZ,7284
700440,249,29,1230,2004.0,29607.0,0.0,1.8844150000000002,1.257951,TWN,BLZ,7284
700441,15,160,1230,2004.0,1843.0,0.0,1.958949,0.209296,AUT,NIC,7284
700442,18,160,1230,2004.0,2636.0,0.0,1.242665,1.541444,BEL,NIC,7284
700443,32,160,1230,2004.0,103281.0,0.0,0.504233,1.567879,BRA,NIC,7284
700444,39,160,1230,2004.0,5171.0,0.0,0.781591,1.365966,CAN,NIC,7284
700445,41,160,1230,2004.0,7323.0,0.0,2.234603,0.551975,CHE,NIC,7284
700446,43,160,1230,2004.0,86581.0,0.0,0.710603,2.017234,CHN,NIC,7284
700447,52,160,1230,2004.0,261529.0,9249.0,-0.036323,-0.313847,CRI,NIC,7284
700448,61,160,1230,2004.0,436362.0,3170.0,2.4453099999999997,-2.331761,DEU,NIC,7284
700449,64,160,1230,2004.0,2822.0,0.0,1.309074,1.2627979999999999,DNK,NIC,7284
700450,71,160,1230,2004.0,105816.0,0.0,1.04057,1.789023,ESP,NIC,7284
700451,77,160,1230,2004.0,723521.0,0.0,1.57079,0.6776760000000001,FRA,NIC,7284
700452,81,160,1230,2004.0,54205.0,0.0,1.872987,0.734065,GBR,NIC,7284
700453,93,160,1230,2004.0,101676.0,1061.0,-0.39399,0.139128,GTM,NIC,7284
700454,99,160,1230,2004.0,26112.0,8839.0,-0.6372140000000001,-0.453946,HND,NIC,7284
700455,104,160,1230,2004.0,3211.0,0.0,0.20872,2.817307,IND,NIC,7284
700456,111,160,1230,2004.0,109813.0,0.0,1.440372,0.676068,ITA,NIC,7284
700457,114,160,1230,2004.0,556927.0,0.0,2.756136,0.15545,JPN,NIC,7284
700458,121,160,1230,2004.0,1013845.0,0.0,1.481275,0.7859,KOR,NIC,7284
700459,138,160,1230,2004.0,847513.0,0.0,1.183707,0.9043700000000001,MEX,NIC,7284
700460,153,160,1230,2004.0,3698.0,0.0,1.250098,0.352379,MYS,NIC,7284
700461,162,160,1230,2004.0,8793.0,0.0,1.171327,1.6369799999999999,NLD,NIC,7284
700462,163,160,1230,2004.0,26495.0,0.0,0.731175,-0.0655,NOR,NIC,7284
700463,169,160,1230,2004.0,0.0,66999.0,0.054997000000000004,0.440416,PAN,NIC,7284
700464,186,160,1230,2004.0,1668.0,0.0,0.422803,0.017524,RUS,NIC,7284
700465,197,160,1230,2004.0,84819.0,9939.0,-0.21054299999999998,0.086382,SLV,NIC,7284
700466,208,160,1230,2004.0,198167.0,0.0,2.105611,0.707843,SWE,NIC,7284
700467,216,160,1230,2004.0,7160.0,0.0,0.633501,1.4648290000000002,THA,NIC,7284
700468,230,160,1230,2004.0,5365.0,0.0,-0.051583000000000004,0.145056,URY,NIC,7284
700469,231,160,1230,2004.0,796761.0,0.0,1.818327,-0.17913900000000002,USA,NIC,7284
700470,247,160,1230,2004.0,0.0,112481.0,-0.8752479999999999,-0.784285,ZMB,NIC,7284
700471,249,160,1230,2004.0,486573.0,0.0,1.8844150000000002,1.257951,TWN,NIC,7284
700472,14,176,1230,2004.0,3954406.0,608191.0,-0.198735,0.81543,AUS,PNG,7284
700473,39,176,1230,2004.0,14998.0,0.0,0.781591,1.365966,CAN,PNG,7284
700474,41,176,1230,2004.0,0.0,13719.0,2.234603,0.551975,CHE,PNG,7284
700475,43,176,1230,2004.0,78464.0,0.0,0.710603,2.017234,CHN,PNG,7284
700476,61,176,1230,2004.0,5754.0,0.0,2.4453099999999997,-2.331761,DEU,PNG,7284
700477,64,176,1230,2004.0,6996.0,0.0,1.309074,1.2627979999999999,DNK,PNG,7284
700478,77,176,1230,2004.0,120762.0,0.0,1.57079,0.6776760000000001,FRA,PNG,7284
700479,81,176,1230,2004.0,106648.0,0.0,1.872987,0.734065,GBR,PNG,7284
700480,87,176,1230,2004.0,48004.0,0.0,-0.22746999999999998,-0.14824600000000002,GMB,PNG,7284
700481,97,176,1230,2004.0,1572.0,0.0,0.72816,1.403171,HKG,PNG,7284
700482,103,176,1230,2004.0,290365.0,0.0,0.010095999999999999,1.7413779999999999,IDN,PNG,7284
700483,104,176,1230,2004.0,43196.0,0.0,0.20872,2.817307,IND,PNG,7284
700484,111,176,1230,2004.0,319720.0,0.0,1.440372,0.676068,ITA,PNG,7284
700485,114,176,1230,2004.0,43664.0,0.0,2.756136,0.15545,JPN,PNG,7284
700486,121,176,1230,2004.0,15255.0,0.0,1.481275,0.7859,KOR,PNG,7284
700487,153,176,1230,2004.0,430602.0,23031.0,1.250098,0.352379,MYS,PNG,7284
700488,162,176,1230,2004.0,6695.0,0.0,1.171327,1.6369799999999999,NLD,PNG,7284
700489,163,176,1230,2004.0,564665.0,0.0,0.731175,-0.0655,NOR,PNG,7284
700490,166,176,1230,2004.0,71720.0,23540.0,0.44099099999999997,0.968326,NZL,PNG,7284
700491,171,176,1230,2004.0,0.0,1809.0,0.679686,-0.625758,PCN,PNG,7284
700492,174,176,1230,2004.0,3432.0,0.0,0.288786,-0.25348699999999996,PHL,PNG,7284
700493,192,176,1230,2004.0,425039.0,69892.0,1.804502,0.570084,SGP,PNG,7284
700494,208,176,1230,2004.0,7444.0,0.0,2.105611,0.707843,SWE,PNG,7284
700495,216,176,1230,2004.0,343895.0,0.0,0.633501,1.4648290000000002,THA,PNG,7284
700496,231,176,1230,2004.0,29083.0,2858.0,1.818327,-0.17913900000000002,USA,PNG,7284
700497,239,176,1230,2004.0,0.0,1304.0,-0.46875500000000003,0.734412,VNM,PNG,7284
700498,249,176,1230,2004.0,40208.0,0.0,1.8844150000000002,1.257951,TWN,PNG,7284
700499,7,187,1230,2004.0,1254.0,0.0,-0.10993399999999999,-0.5351640000000001,ARE,RWA,7284
700500,17,187,1230,2004.0,0.0,1843.0,-1.084376,-1.020132,BDI,RWA,7284
700501,18,187,1230,2004.0,404313.0,0.0,1.242665,1.541444,BEL,RWA,7284
700502,43,187,1230,2004.0,16771.0,0.0,0.710603,2.017234,CHN,RWA,7284
700503,46,187,1230,2004.0,0.0,15705.0,-1.426621,-1.198377,COD,RWA,7284
700504,61,187,1230,2004.0,1469679.0,0.0,2.4453099999999997,-2.331761,DEU,RWA,7284
700505,71,187,1230,2004.0,1368.0,0.0,1.04057,1.789023,ESP,RWA,7284
700506,77,187,1230,2004.0,340094.0,0.0,1.57079,0.6776760000000001,FRA,RWA,7284
700507,81,187,1230,2004.0,21469.0,0.0,1.872987,0.734065,GBR,RWA,7284
700508,104,187,1230,2004.0,165609.0,0.0,0.20872,2.817307,IND,RWA,7284
700509,110,187,1230,2004.0,1922.0,0.0,1.252895,0.8662770000000001,ISR,RWA,7284
700510,111,187,1230,2004.0,115751.0,0.0,1.440372,0.676068,ITA,RWA,7284
700511,116,187,1230,2004.0,2423.0,0.0,-0.565597,0.182375,KEN,RWA,7284
700512,168,187,1230,2004.0,60763.0,0.0,-0.7489600000000001,0.22493200000000002,PAK,RWA,7284
700513,208,187,1230,2004.0,3117.0,0.0,2.105611,0.707843,SWE,RWA,7284
700514,226,187,1230,2004.0,97472.0,47052.0,-0.935327,0.362709,TZA,RWA,7284
700515,227,187,1230,2004.0,30025.0,0.0,-1.05367,-0.546304,UGA,RWA,7284
700516,231,187,1230,2004.0,13918.0,0.0,1.818327,-0.17913900000000002,USA,RWA,7284
700517,246,187,1230,2004.0,4700.0,0.0,0.29599699999999995,1.909018,ZAF,RWA,7284
700518,15,1,1230,2004.0,313642.0,0.0,1.958949,0.209296,AUT,AFG,7284
700519,16,1,1230,2004.0,5010.0,0.0,-0.720616,-1.009692,AZE,AFG,7284
700520,18,1,1230,2004.0,1463.0,0.0,1.242665,1.541444,BEL,AFG,7284
700521,22,1,1230,2004.0,422177.0,0.0,-1.074194,-0.9392389999999999,BGD,AFG,7284
700522,39,1,1230,2004.0,131828.0,0.0,0.781591,1.365966,CAN,AFG,7284
700523,43,1,1230,2004.0,215291.0,0.0,0.710603,2.017234,CHN,AFG,7284
700524,61,1,1230,2004.0,148569.0,0.0,2.4453099999999997,-2.331761,DEU,AFG,7284
700525,64,1,1230,2004.0,13395.0,0.0,1.309074,1.2627979999999999,DNK,AFG,7284
700526,71,1,1230,2004.0,23198.0,2478.0,1.04057,1.789023,ESP,AFG,7284
700527,77,1,1230,2004.0,218885.0,0.0,1.57079,0.6776760000000001,FRA,AFG,7284
700528,81,1,1230,2004.0,165676.0,129368.0,1.872987,0.734065,GBR,AFG,7284
700529,104,1,1230,2004.0,599410.0,0.0,0.20872,2.817307,IND,AFG,7284
700530,107,1,1230,2004.0,587691.0,0.0,-0.6691699999999999,-1.002548,IRN,AFG,7284
700531,111,1,1230,2004.0,820271.0,0.0,1.440372,0.676068,ITA,AFG,7284
700532,114,1,1230,2004.0,3330.0,0.0,2.756136,0.15545,JPN,AFG,7284
700533,115,1,1230,2004.0,1671.0,0.0,-0.43987200000000004,-0.50862,KAZ,AFG,7284
700534,121,1,1230,2004.0,62597.0,0.0,1.481275,0.7859,KOR,AFG,7284
700535,162,1,1230,2004.0,12441.0,0.0,1.171327,1.6369799999999999,NLD,AFG,7284
700536,163,1,1230,2004.0,4313.0,0.0,0.731175,-0.0655,NOR,AFG,7284
700537,168,1,1230,2004.0,42859.0,0.0,-0.7489600000000001,0.22493200000000002,PAK,AFG,7284
700538,186,1,1230,2004.0,16223.0,0.0,0.422803,0.017524,RUS,AFG,7284
700539,216,1,1230,2004.0,1254.0,0.0,0.633501,1.4648290000000002,THA,AFG,7284
700540,224,1,1230,2004.0,950590.0,0.0,0.249065,1.910598,TUR,AFG,7284
700541,228,1,1230,2004.0,9857.0,0.0,0.672848,1.172735,UKR,AFG,7284
700542,231,1,1230,2004.0,2189490.0,0.0,1.818327,-0.17913900000000002,USA,AFG,7284
700543,246,1,1230,2004.0,13555.0,58511.0,0.29599699999999995,1.909018,ZAF,AFG,7284
700544,7,9,1230,2004.0,30705.0,0.0,-0.10993399999999999,-0.5351640000000001,ARE,ARM,7284
700545,14,9,1230,2004.0,5401.0,1959.0,-0.198735,0.81543,AUS,ARM,7284
700546,15,9,1230,2004.0,258727.0,0.0,1.958949,0.209296,AUT,ARM,7284
700547,18,9,1230,2004.0,238419.0,0.0,1.242665,1.541444,BEL,ARM,7284
700548,23,9,1230,2004.0,94644.0,1398.0,0.390627,1.631006,BGR,ARM,7284
700549,28,9,1230,2004.0,11392.0,3982.0,0.9384239999999999,0.9708690000000001,BLR,ARM,7284
700550,39,9,1230,2004.0,0.0,3849.0,0.781591,1.365966,CAN,ARM,7284
700551,43,9,1230,2004.0,35198.0,48043.0,0.710603,2.017234,CHN,ARM,7284
700552,58,9,1230,2004.0,4773.0,0.0,0.42732200000000004,0.811763,CYP,ARM,7284
700553,59,9,1230,2004.0,1393427.0,0.0,1.612543,0.607495,CZE,ARM,7284
700554,61,9,1230,2004.0,927369.0,0.0,2.4453099999999997,-2.331761,DEU,ARM,7284
700555,64,9,1230,2004.0,13604.0,0.0,1.309074,1.2627979999999999,DNK,ARM,7284
700556,72,9,1230,2004.0,32578.0,0.0,0.645741,1.035117,EST,ARM,7284
700557,77,9,1230,2004.0,82397.0,0.0,1.57079,0.6776760000000001,FRA,ARM,7284
700558,81,9,1230,2004.0,11729.0,0.0,1.872987,0.734065,GBR,ARM,7284
700559,82,9,1230,2004.0,9245.0,0.0,-0.030676,-0.560186,GEO,ARM,7284
700560,90,9,1230,2004.0,4862.0,18540.0,0.298029,1.745886,GRC,ARM,7284
700561,102,9,1230,2004.0,46014.0,0.0,1.3579370000000002,0.9993219999999999,HUN,ARM,7284
700562,104,9,1230,2004.0,33148.0,0.0,0.20872,2.817307,IND,ARM,7284
700563,107,9,1230,2004.0,106797.0,551146.0,-0.6691699999999999,-1.002548,IRN,ARM,7284
700564,110,9,1230,2004.0,4967.0,0.0,1.252895,0.8662770000000001,ISR,ARM,7284
700565,111,9,1230,2004.0,1338233.0,0.0,1.440372,0.676068,ITA,ARM,7284
700566,114,9,1230,2004.0,61859.0,0.0,2.756136,0.15545,JPN,ARM,7284
700567,121,9,1230,2004.0,22247.0,0.0,1.481275,0.7859,KOR,ARM,7284
700568,124,9,1230,2004.0,1364.0,0.0,0.269753,1.3152979999999999,LBN,ARM,7284
700569,131,9,1230,2004.0,20920.0,0.0,1.258828,1.079923,LUX,ARM,7284
700570,135,9,1230,2004.0,1468.0,0.0,-0.13031900000000002,-0.118591,MDA,ARM,7284
700571,162,9,1230,2004.0,303464.0,9890.0,1.171327,1.6369799999999999,NLD,ARM,7284
700572,177,9,1230,2004.0,477429.0,0.0,0.989568,1.49055,POL,ARM,7284
700573,186,9,1230,2004.0,167451.0,859381.0,0.422803,0.017524,RUS,ARM,7284
700574,189,9,1230,2004.0,76534.0,0.0,0.544686,2.418024,SCG,ARM,7284
700575,207,9,1230,2004.0,2498.0,0.0,1.700677,0.829765,SVN,ARM,7284
700576,224,9,1230,2004.0,80478.0,3514.0,0.249065,1.910598,TUR,ARM,7284
700577,228,9,1230,2004.0,84637.0,3242.0,0.672848,1.172735,UKR,ARM,7284
700578,231,9,1230,2004.0,768596.0,24293.0,1.818327,-0.17913900000000002,USA,ARM,7284
700579,232,9,1230,2004.0,0.0,1410.0,-0.518472,-0.7689779999999999,UZB,ARM,7284
700580,243,9,1230,2004.0,0.0,2276.0,-1.298227,-1.2496639999999999,YEM,ARM,7284
700581,246,9,1230,2004.0,39122.0,0.0,0.29599699999999995,1.909018,ZAF,ARM,7284
700582,249,9,1230,2004.0,205567.0,1870.0,1.8844150000000002,1.257951,TWN,ARM,7284
700583,18,17,1230,2004.0,70366.0,0.0,1.242665,1.541444,BEL,BDI,7284
700584,43,17,1230,2004.0,19871.0,0.0,0.710603,2.017234,CHN,BDI,7284
700585,61,17,1230,2004.0,58762.0,0.0,2.4453099999999997,-2.331761,DEU,BDI,7284
700586,64,17,1230,2004.0,1519.0,0.0,1.309074,1.2627979999999999,DNK,BDI,7284
700587,77,17,1230,2004.0,33946.0,0.0,1.57079,0.6776760000000001,FRA,BDI,7284
700588,81,17,1230,2004.0,28240.0,0.0,1.872987,0.734065,GBR,BDI,7284
700589,104,17,1230,2004.0,8681.0,0.0,0.20872,2.817307,IND,BDI,7284
700590,111,17,1230,2004.0,273084.0,0.0,1.440372,0.676068,ITA,BDI,7284
700591,114,17,1230,2004.0,0.0,8671.0,2.756136,0.15545,JPN,BDI,7284
700592,116,17,1230,2004.0,16056.0,0.0,-0.565597,0.182375,KEN,BDI,7284
700593,162,17,1230,2004.0,675290.0,0.0,1.171327,1.6369799999999999,NLD,BDI,7284
700594,187,17,1230,2004.0,1843.0,0.0,-1.3090190000000002,-1.063632,RWA,BDI,7284
700595,226,17,1230,2004.0,36901.0,0.0,-0.935327,0.362709,TZA,BDI,7284
700596,231,17,1230,2004.0,16813.0,0.0,1.818327,-0.17913900000000002,USA,BDI,7284
700597,246,17,1230,2004.0,73621.0,0.0,0.29599699999999995,1.909018,ZAF,BDI,7284
700598,14,21,1230,2004.0,1278.0,0.0,-0.198735,0.81543,AUS,BFA,7284
700599,15,21,1230,2004.0,29400.0,0.0,1.958949,0.209296,AUT,BFA,7284
700600,18,21,1230,2004.0,46010.0,0.0,1.242665,1.541444,BEL,BFA,7284
700601,19,21,1230,2004.0,0.0,8392.0,-1.422449,-1.09615,BEN,BFA,7284
700602,39,21,1230,2004.0,46165.0,0.0,0.781591,1.365966,CAN,BFA,7284
700603,41,21,1230,2004.0,9074.0,0.0,2.234603,0.551975,CHE,BFA,7284
700604,43,21,1230,2004.0,24581.0,0.0,0.710603,2.017234,CHN,BFA,7284
700605,44,21,1230,2004.0,4272.0,0.0,-0.835933,-0.749289,CIV,BFA,7284
700606,61,21,1230,2004.0,17704.0,0.0,2.4453099999999997,-2.331761,DEU,BFA,7284
700607,64,21,1230,2004.0,7520.0,0.0,1.309074,1.2627979999999999,DNK,BFA,7284
700608,71,21,1230,2004.0,188054.0,0.0,1.04057,1.789023,ESP,BFA,7284
700609,77,21,1230,2004.0,3250379.0,0.0,1.57079,0.6776760000000001,FRA,BFA,7284
700610,81,21,1230,2004.0,30933.0,0.0,1.872987,0.734065,GBR,BFA,7284
700611,104,21,1230,2004.0,62447.0,0.0,0.20872,2.817307,IND,BFA,7284
700612,111,21,1230,2004.0,295888.0,0.0,1.440372,0.676068,ITA,BFA,7284
700613,114,21,1230,2004.0,4025.0,0.0,2.756136,0.15545,JPN,BFA,7284
700614,124,21,1230,2004.0,13307.0,0.0,0.269753,1.3152979999999999,LBN,BFA,7284
700615,141,21,1230,2004.0,20959.0,2024.0,-0.5807979999999999,-0.797311,MLI,BFA,7284
700616,153,21,1230,2004.0,29611.0,0.0,1.250098,0.352379,MYS,BFA,7284
700617,162,21,1230,2004.0,11881.0,0.0,1.171327,1.6369799999999999,NLD,BFA,7284
700618,208,21,1230,2004.0,2057.0,0.0,2.105611,0.707843,SWE,BFA,7284
700619,231,21,1230,2004.0,2487.0,0.0,1.818327,-0.17913900000000002,USA,BFA,7284
700620,246,21,1230,2004.0,12568.0,0.0,0.29599699999999995,1.909018,ZAF,BFA,7284
700621,249,21,1230,2004.0,3512.0,0.0,1.8844150000000002,1.257951,TWN,BFA,7284
700622,7,34,1230,2004.0,0.0,102012.0,-0.10993399999999999,-0.5351640000000001,ARE,BRN,7284
700623,14,34,1230,2004.0,588153.0,4322.0,-0.198735,0.81543,AUS,BRN,7284
700624,39,34,1230,2004.0,11708.0,0.0,0.781591,1.365966,CAN,BRN,7284
700625,41,34,1230,2004.0,3239.0,0.0,2.234603,0.551975,CHE,BRN,7284
700626,43,34,1230,2004.0,64449.0,14635.0,0.710603,2.017234,CHN,BRN,7284
700627,61,34,1230,2004.0,72488.0,1965.0,2.4453099999999997,-2.331761,DEU,BRN,7284
700628,77,34,1230,2004.0,11901.0,1452.0,1.57079,0.6776760000000001,FRA,BRN,7284
700629,81,34,1230,2004.0,149548.0,2825.0,1.872987,0.734065,GBR,BRN,7284
700630,97,34,1230,2004.0,3051.0,0.0,0.72816,1.403171,HKG,BRN,7284
700631,103,34,1230,2004.0,54165.0,24092.0,0.010095999999999999,1.7413779999999999,IDN,BRN,7284
700632,111,34,1230,2004.0,186952.0,0.0,1.440372,0.676068,ITA,BRN,7284
700633,114,34,1230,2004.0,34595.0,0.0,2.756136,0.15545,JPN,BRN,7284
700634,153,34,1230,2004.0,859206.0,34594.0,1.250098,0.352379,MYS,BRN,7284
700635,162,34,1230,2004.0,5948.0,1360.0,1.171327,1.6369799999999999,NLD,BRN,7284
700636,163,34,1230,2004.0,80026.0,0.0,0.731175,-0.0655,NOR,BRN,7284
700637,166,34,1230,2004.0,0.0,11278.0,0.44099099999999997,0.968326,NZL,BRN,7284
700638,174,34,1230,2004.0,3420.0,0.0,0.288786,-0.25348699999999996,PHL,BRN,7284
700639,192,34,1230,2004.0,986998.0,336358.0,1.804502,0.570084,SGP,BRN,7284
700640,208,34,1230,2004.0,4461.0,0.0,2.105611,0.707843,SWE,BRN,7284
700641,216,34,1230,2004.0,67446.0,1187.0,0.633501,1.4648290000000002,THA,BRN,7284
700642,231,34,1230,2004.0,122396.0,38775.0,1.818327,-0.17913900000000002,USA,BRN,7284
700643,249,34,1230,2004.0,54442.0,0.0,1.8844150000000002,1.257951,TWN,BRN,7284
700644,14,47,1230,2004.0,27805.0,0.0,-0.198735,0.81543,AUS,COG,7284
700645,15,47,1230,2004.0,19376.0,0.0,1.958949,0.209296,AUT,COG,7284
700646,18,47,1230,2004.0,78685.0,0.0,1.242665,1.541444,BEL,COG,7284
700647,32,47,1230,2004.0,73622.0,0.0,0.504233,1.567879,BRA,COG,7284
700648,39,47,1230,2004.0,61470.0,0.0,0.781591,1.365966,CAN,COG,7284
700649,43,47,1230,2004.0,95276.0,0.0,0.710603,2.017234,CHN,COG,7284
700650,44,47,1230,2004.0,22850.0,0.0,-0.835933,-0.749289,CIV,COG,7284
700651,61,47,1230,2004.0,133599.0,20396.0,2.4453099999999997,-2.331761,DEU,COG,7284
700652,64,47,1230,2004.0,5113.0,0.0,1.309074,1.2627979999999999,DNK,COG,7284
700653,77,47,1230,2004.0,2727352.0,3166.0,1.57079,0.6776760000000001,FRA,COG,7284
700654,80,47,1230,2004.0,9302.0,0.0,-1.006071,-1.212338,GAB,COG,7284
700655,81,47,1230,2004.0,347807.0,4575.0,1.872987,0.734065,GBR,COG,7284
700656,104,47,1230,2004.0,871887.0,0.0,0.20872,2.817307,IND,COG,7284
700657,111,47,1230,2004.0,4231502.0,4795.0,1.440372,0.676068,ITA,COG,7284
700658,121,47,1230,2004.0,216470.0,0.0,1.481275,0.7859,KOR,COG,7284
700659,124,47,1230,2004.0,179000.0,0.0,0.269753,1.3152979999999999,LBN,COG,7284
700660,162,47,1230,2004.0,141827.0,0.0,1.171327,1.6369799999999999,NLD,COG,7284
700661,163,47,1230,2004.0,156905.0,0.0,0.731175,-0.0655,NOR,COG,7284
700662,179,47,1230,2004.0,9891.0,0.0,0.705075,1.7268729999999999,PRT,COG,7284
700663,208,47,1230,2004.0,31808.0,0.0,2.105611,0.707843,SWE,COG,7284
700664,223,47,1230,2004.0,4537.0,0.0,-0.125092,0.370625,TUN,COG,7284
700665,224,47,1230,2004.0,18375.0,0.0,0.249065,1.910598,TUR,COG,7284
700666,227,47,1230,2004.0,2984.0,0.0,-1.05367,-0.546304,UGA,COG,7284
700667,231,47,1230,2004.0,861568.0,4644.0,1.818327,-0.17913900000000002,USA,COG,7284
700668,246,47,1230,2004.0,104938.0,1303.0,0.29599699999999995,1.909018,ZAF,COG,7284
700669,249,47,1230,2004.0,486821.0,0.0,1.8844150000000002,1.257951,TWN,COG,7284
700670,77,50,1230,2004.0,134406.0,0.0,1.57079,0.6776760000000001,FRA,COM,7284
700671,104,50,1230,2004.0,40730.0,0.0,0.20872,2.817307,IND,COM,7284
700672,246,50,1230,2004.0,5700.0,0.0,0.29599699999999995,1.909018,ZAF,COM,7284
700673,32,62,1230,2004.0,2568.0,0.0,0.504233,1.567879,BRA,DJI,7284
700674,39,62,1230,2004.0,2312.0,0.0,0.781591,1.365966,CAN,DJI,7284
700675,43,62,1230,2004.0,126996.0,0.0,0.710603,2.017234,CHN,DJI,7284
700676,61,62,1230,2004.0,44308.0,0.0,2.4453099999999997,-2.331761,DEU,DJI,7284
700677,77,62,1230,2004.0,251220.0,0.0,1.57079,0.6776760000000001,FRA,DJI,7284
700678,81,62,1230,2004.0,3899.0,0.0,1.872987,0.734065,GBR,DJI,7284
700679,104,62,1230,2004.0,1138819.0,0.0,0.20872,2.817307,IND,DJI,7284
700680,110,62,1230,2004.0,25000.0,0.0,1.252895,0.8662770000000001,ISR,DJI,7284
700681,111,62,1230,2004.0,1284603.0,0.0,1.440372,0.676068,ITA,DJI,7284
700682,114,62,1230,2004.0,7501.0,0.0,2.756136,0.15545,JPN,DJI,7284
700683,162,62,1230,2004.0,3732.0,0.0,1.171327,1.6369799999999999,NLD,DJI,7284
700684,163,62,1230,2004.0,421158.0,0.0,0.731175,-0.0655,NOR,DJI,7284
700685,168,62,1230,2004.0,30366.0,0.0,-0.7489600000000001,0.22493200000000002,PAK,DJI,7284
700686,177,62,1230,2004.0,0.0,2300.0,0.989568,1.49055,POL,DJI,7284
700687,208,62,1230,2004.0,30018.0,0.0,2.105611,0.707843,SWE,DJI,7284
700688,231,62,1230,2004.0,2915.0,2261.0,1.818327,-0.17913900000000002,USA,DJI,7284
700689,249,62,1230,2004.0,2535300.0,0.0,1.8844150000000002,1.257951,TWN,DJI,7284
700690,14,75,1230,2004.0,2262024.0,1022.0,-0.198735,0.81543,AUS,FJI,7284
700691,39,75,1230,2004.0,1606.0,0.0,0.781591,1.365966,CAN,FJI,7284
700692,41,75,1230,2004.0,7100.0,0.0,2.234603,0.551975,CHE,FJI,7284
700693,43,75,1230,2004.0,133225.0,0.0,0.710603,2.017234,CHN,FJI,7284
700694,61,75,1230,2004.0,64217.0,0.0,2.4453099999999997,-2.331761,DEU,FJI,7284
700695,64,75,1230,2004.0,2155.0,0.0,1.309074,1.2627979999999999,DNK,FJI,7284
700696,72,75,1230,2004.0,0.0,13668.0,0.645741,1.035117,EST,FJI,7284
700697,77,75,1230,2004.0,4578733.0,0.0,1.57079,0.6776760000000001,FRA,FJI,7284
700698,81,75,1230,2004.0,66484.0,0.0,1.872987,0.734065,GBR,FJI,7284
700699,90,75,1230,2004.0,2537.0,0.0,0.298029,1.745886,GRC,FJI,7284
700700,97,75,1230,2004.0,0.0,20829.0,0.72816,1.403171,HKG,FJI,7284
700701,103,75,1230,2004.0,3836.0,0.0,0.010095999999999999,1.7413779999999999,IDN,FJI,7284
700702,104,75,1230,2004.0,274166.0,0.0,0.20872,2.817307,IND,FJI,7284
700703,111,75,1230,2004.0,168556.0,0.0,1.440372,0.676068,ITA,FJI,7284
700704,114,75,1230,2004.0,86356.0,0.0,2.756136,0.15545,JPN,FJI,7284
700705,121,75,1230,2004.0,251397.0,12026.0,1.481275,0.7859,KOR,FJI,7284
700706,153,75,1230,2004.0,65681.0,0.0,1.250098,0.352379,MYS,FJI,7284
700707,162,75,1230,2004.0,6724.0,0.0,1.171327,1.6369799999999999,NLD,FJI,7284
700708,166,75,1230,2004.0,641653.0,24987.0,0.44099099999999997,0.968326,NZL,FJI,7284
700709,174,75,1230,2004.0,5337.0,0.0,0.288786,-0.25348699999999996,PHL,FJI,7284
700710,192,75,1230,2004.0,212633.0,0.0,1.804502,0.570084,SGP,FJI,7284
700711,225,75,1230,2004.0,0.0,5035.0,1.8128529999999998,-0.173455,TUV,FJI,7284
700712,231,75,1230,2004.0,58624.0,0.0,1.818327,-0.17913900000000002,USA,FJI,7284
700713,241,75,1230,2004.0,0.0,1042.0,2.237209,0.203692,WLF,FJI,7284
700714,242,75,1230,2004.0,1335.0,0.0,-0.183327,-0.6788569999999999,WSM,FJI,7284
700715,249,75,1230,2004.0,201052.0,0.0,1.8844150000000002,1.257951,TWN,FJI,7284
700716,14,85,1230,2004.0,3404.0,0.0,-0.198735,0.81543,AUS,GIN,7284
700717,18,85,1230,2004.0,158225.0,0.0,1.242665,1.541444,BEL,GIN,7284
700718,39,85,1230,2004.0,5979.0,0.0,0.781591,1.365966,CAN,GIN,7284
700719,41,85,1230,2004.0,184227.0,0.0,2.234603,0.551975,CHE,GIN,7284
700720,43,85,1230,2004.0,43586.0,0.0,0.710603,2.017234,CHN,GIN,7284
700721,44,85,1230,2004.0,4740.0,0.0,-0.835933,-0.749289,CIV,GIN,7284
700722,59,85,1230,2004.0,4935.0,0.0,1.612543,0.607495,CZE,GIN,7284
700723,61,85,1230,2004.0,192898.0,0.0,2.4453099999999997,-2.331761,DEU,GIN,7284
700724,68,85,1230,2004.0,108345.0,0.0,-0.35823499999999997,0.5000100000000001,EGY,GIN,7284
700725,71,85,1230,2004.0,47117.0,4310.0,1.04057,1.789023,ESP,GIN,7284
700726,77,85,1230,2004.0,794890.0,5966.0,1.57079,0.6776760000000001,FRA,GIN,7284
700727,81,85,1230,2004.0,43668.0,8624.0,1.872987,0.734065,GBR,GIN,7284
700728,104,85,1230,2004.0,770682.0,0.0,0.20872,2.817307,IND,GIN,7284
700729,107,85,1230,2004.0,16480.0,0.0,-0.6691699999999999,-1.002548,IRN,GIN,7284
700730,111,85,1230,2004.0,374177.0,0.0,1.440372,0.676068,ITA,GIN,7284
700731,121,85,1230,2004.0,29056.0,0.0,1.481275,0.7859,KOR,GIN,7284
700732,124,85,1230,2004.0,105344.0,0.0,0.269753,1.3152979999999999,LBN,GIN,7284
700733,131,85,1230,2004.0,15729.0,0.0,1.258828,1.079923,LUX,GIN,7284
700734,134,85,1230,2004.0,0.0,1023.0,-0.626594,-0.22253499999999998,MAR,GIN,7284
700735,141,85,1230,2004.0,0.0,1597.0,-0.5807979999999999,-0.797311,MLI,GIN,7284
700736,153,85,1230,2004.0,26348.0,0.0,1.250098,0.352379,MYS,GIN,7284
700737,162,85,1230,2004.0,18179.0,0.0,1.171327,1.6369799999999999,NLD,GIN,7284
700738,163,85,1230,2004.0,7044.0,0.0,0.731175,-0.0655,NOR,GIN,7284
700739,186,85,1230,2004.0,30884.0,0.0,0.422803,0.017524,RUS,GIN,7284
700740,191,85,1230,2004.0,5561.0,0.0,-0.620158,-0.296575,SEN,GIN,7284
700741,224,85,1230,2004.0,13673.0,0.0,0.249065,1.910598,TUR,GIN,7284
700742,228,85,1230,2004.0,15591.0,0.0,0.672848,1.172735,UKR,GIN,7284
700743,231,85,1230,2004.0,377652.0,0.0,1.818327,-0.17913900000000002,USA,GIN,7284
700744,246,85,1230,2004.0,162676.0,0.0,0.29599699999999995,1.909018,ZAF,GIN,7284
700745,249,85,1230,2004.0,42921.0,0.0,1.8844150000000002,1.257951,TWN,GIN,7284
700746,14,87,1230,2004.0,3230.0,0.0,-0.198735,0.81543,AUS,GMB,7284
700747,18,87,1230,2004.0,90635.0,0.0,1.242665,1.541444,BEL,GMB,7284
700748,32,87,1230,2004.0,7040.0,0.0,0.504233,1.567879,BRA,GMB,7284
700749,43,87,1230,2004.0,3439.0,0.0,0.710603,2.017234,CHN,GMB,7284
700750,61,87,1230,2004.0,99592.0,0.0,2.4453099999999997,-2.331761,DEU,GMB,7284
700751,77,87,1230,2004.0,2495.0,0.0,1.57079,0.6776760000000001,FRA,GMB,7284
700752,81,87,1230,2004.0,117110.0,0.0,1.872987,0.734065,GBR,GMB,7284
700753,111,87,1230,2004.0,135244.0,0.0,1.440372,0.676068,ITA,GMB,7284
700754,124,87,1230,2004.0,4880.0,0.0,0.269753,1.3152979999999999,LBN,GMB,7284
700755,176,87,1230,2004.0,0.0,48004.0,-1.57259,-1.215066,PNG,GMB,7284
700756,188,87,1230,2004.0,23234.0,0.0,0.361324,-0.760732,SAU,GMB,7284
700757,191,87,1230,2004.0,2098.0,0.0,-0.620158,-0.296575,SEN,GMB,7284
700758,231,87,1230,2004.0,4989.0,0.0,1.818327,-0.17913900000000002,USA,GMB,7284
700759,246,87,1230,2004.0,3995.0,0.0,0.29599699999999995,1.909018,ZAF,GMB,7284
700760,14,108,1230,2004.0,18108.0,0.0,-0.198735,0.81543,AUS,IRQ,7284
700761,15,108,1230,2004.0,439840.0,0.0,1.958949,0.209296,AUT,IRQ,7284
700762,23,108,1230,2004.0,547829.0,0.0,0.390627,1.631006,BGR,IRQ,7284
700763,39,108,1230,2004.0,227261.0,0.0,0.781591,1.365966,CAN,IRQ,7284
700764,41,108,1230,2004.0,164141.0,0.0,2.234603,0.551975,CHE,IRQ,7284
700765,43,108,1230,2004.0,268082.0,0.0,0.710603,2.017234,CHN,IRQ,7284
700766,61,108,1230,2004.0,6366954.0,0.0,2.4453099999999997,-2.331761,DEU,IRQ,7284
700767,64,108,1230,2004.0,83407.0,0.0,1.309074,1.2627979999999999,DNK,IRQ,7284
700768,68,108,1230,2004.0,9985.0,0.0,-0.35823499999999997,0.5000100000000001,EGY,IRQ,7284
700769,74,108,1230,2004.0,3894.0,0.0,1.9662810000000002,1.018108,FIN,IRQ,7284
700770,77,108,1230,2004.0,815843.0,0.0,1.57079,0.6776760000000001,FRA,IRQ,7284
700771,81,108,1230,2004.0,634768.0,27050.0,1.872987,0.734065,GBR,IRQ,7284
700772,100,108,1230,2004.0,1122686.0,0.0,0.744459,1.1994479999999998,HRV,IRQ,7284
700773,104,108,1230,2004.0,152727.0,0.0,0.20872,2.817307,IND,IRQ,7284
700774,107,108,1230,2004.0,16001310.0,0.0,-0.6691699999999999,-1.002548,IRN,IRQ,7284
700775,111,108,1230,2004.0,26443306.0,0.0,1.440372,0.676068,ITA,IRQ,7284
700776,113,108,1230,2004.0,1416389.0,0.0,0.16384200000000002,0.34270100000000003,JOR,IRQ,7284
700777,114,108,1230,2004.0,102118.0,0.0,2.756136,0.15545,JPN,IRQ,7284
700778,121,108,1230,2004.0,48369.0,0.0,1.481275,0.7859,KOR,IRQ,7284
700779,122,108,1230,2004.0,9473.0,0.0,-0.8195479999999999,-1.2105709999999998,KWT,IRQ,7284
700780,124,108,1230,2004.0,398000.0,0.0,0.269753,1.3152979999999999,LBN,IRQ,7284
700781,162,108,1230,2004.0,148048.0,0.0,1.171327,1.6369799999999999,NLD,IRQ,7284
700782,185,108,1230,2004.0,1589.0,1636.0,0.53925,1.145066,ROU,IRQ,7284
700783,186,108,1230,2004.0,227672.0,0.0,0.422803,0.017524,RUS,IRQ,7284
700784,188,108,1230,2004.0,45600.0,0.0,0.361324,-0.760732,SAU,IRQ,7284
700785,206,108,1230,2004.0,3448655.0,0.0,1.2683149999999999,0.9208620000000001,SVK,IRQ,7284
700786,208,108,1230,2004.0,2046.0,0.0,2.105611,0.707843,SWE,IRQ,7284
700787,224,108,1230,2004.0,2642995.0,13233.0,0.249065,1.910598,TUR,IRQ,7284
700788,231,108,1230,2004.0,10998962.0,0.0,1.818327,-0.17913900000000002,USA,IRQ,7284
700789,249,108,1230,2004.0,96751.0,0.0,1.8844150000000002,1.257951,TWN,IRQ,7284
700790,14,118,1230,2004.0,11442.0,0.0,-0.198735,0.81543,AUS,KHM,7284
700791,18,118,1230,2004.0,4396.0,0.0,1.242665,1.541444,BEL,KHM,7284
700792,43,118,1230,2004.0,309273.0,1067.0,0.710603,2.017234,CHN,KHM,7284
700793,61,118,1230,2004.0,30978.0,9741.0,2.4453099999999997,-2.331761,DEU,KHM,7284
700794,71,118,1230,2004.0,2945.0,0.0,1.04057,1.789023,ESP,KHM,7284
700795,77,118,1230,2004.0,45744.0,0.0,1.57079,0.6776760000000001,FRA,KHM,7284
700796,81,118,1230,2004.0,26437.0,1738.0,1.872987,0.734065,GBR,KHM,7284
700797,97,118,1230,2004.0,35254.0,0.0,0.72816,1.403171,HKG,KHM,7284
700798,103,118,1230,2004.0,27947.0,0.0,0.010095999999999999,1.7413779999999999,IDN,KHM,7284
700799,104,118,1230,2004.0,78956.0,0.0,0.20872,2.817307,IND,KHM,7284
700800,111,118,1230,2004.0,888243.0,0.0,1.440372,0.676068,ITA,KHM,7284
700801,114,118,1230,2004.0,82315.0,0.0,2.756136,0.15545,JPN,KHM,7284
700802,121,118,1230,2004.0,117272.0,0.0,1.481275,0.7859,KOR,KHM,7284
700803,153,118,1230,2004.0,130299.0,27351.0,1.250098,0.352379,MYS,KHM,7284
700804,162,118,1230,2004.0,10993.0,0.0,1.171327,1.6369799999999999,NLD,KHM,7284
700805,192,118,1230,2004.0,906493.0,763954.0,1.804502,0.570084,SGP,KHM,7284
700806,216,118,1230,2004.0,1145259.0,18282.0,0.633501,1.4648290000000002,THA,KHM,7284
700807,231,118,1230,2004.0,39376.0,5279.0,1.818327,-0.17913900000000002,USA,KHM,7284
700808,239,118,1230,2004.0,157634.0,112293.0,-0.46875500000000003,0.734412,VNM,KHM,7284
700809,249,118,1230,2004.0,503457.0,0.0,1.8844150000000002,1.257951,TWN,KHM,7284
700810,18,125,1230,2004.0,8301.0,0.0,1.242665,1.541444,BEL,LBR,7284
700811,41,125,1230,2004.0,278461.0,0.0,2.234603,0.551975,CHE,LBR,7284
700812,43,125,1230,2004.0,31533.0,0.0,0.710603,2.017234,CHN,LBR,7284
700813,44,125,1230,2004.0,83076.0,0.0,-0.835933,-0.749289,CIV,LBR,7284
700814,61,125,1230,2004.0,171731.0,0.0,2.4453099999999997,-2.331761,DEU,LBR,7284
700815,64,125,1230,2004.0,8472.0,0.0,1.309074,1.2627979999999999,DNK,LBR,7284
700816,71,125,1230,2004.0,375143.0,0.0,1.04057,1.789023,ESP,LBR,7284
700817,81,125,1230,2004.0,100904.0,0.0,1.872987,0.734065,GBR,LBR,7284
700818,97,125,1230,2004.0,9569.0,0.0,0.72816,1.403171,HKG,LBR,7284
700819,100,125,1230,2004.0,1095.0,0.0,0.744459,1.1994479999999998,HRV,LBR,7284
700820,104,125,1230,2004.0,98853.0,0.0,0.20872,2.817307,IND,LBR,7284
700821,106,125,1230,2004.0,3832.0,0.0,1.498475,0.19050799999999998,IRL,LBR,7284
700822,111,125,1230,2004.0,168539.0,0.0,1.440372,0.676068,ITA,LBR,7284
700823,114,125,1230,2004.0,45560.0,0.0,2.756136,0.15545,JPN,LBR,7284
700824,121,125,1230,2004.0,2427.0,0.0,1.481275,0.7859,KOR,LBR,7284
700825,124,125,1230,2004.0,40000.0,0.0,0.269753,1.3152979999999999,LBN,LBR,7284
700826,153,125,1230,2004.0,15451.0,0.0,1.250098,0.352379,MYS,LBR,7284
700827,162,125,1230,2004.0,29858.0,0.0,1.171327,1.6369799999999999,NLD,LBR,7284
700828,163,125,1230,2004.0,41120.0,0.0,0.731175,-0.0655,NOR,LBR,7284
700829,191,125,1230,2004.0,5310.0,0.0,-0.620158,-0.296575,SEN,LBR,7284
700830,227,125,1230,2004.0,0.0,151620.0,-1.05367,-0.546304,UGA,LBR,7284
700831,231,125,1230,2004.0,13558.0,0.0,1.818327,-0.17913900000000002,USA,LBR,7284
700832,249,125,1230,2004.0,23969.0,0.0,1.8844150000000002,1.257951,TWN,LBR,7284
700833,14,126,1230,2004.0,1496.0,0.0,-0.198735,0.81543,AUS,LBY,7284
700834,15,126,1230,2004.0,3282751.0,0.0,1.958949,0.209296,AUT,LBY,7284
700835,18,126,1230,2004.0,388951.0,0.0,1.242665,1.541444,BEL,LBY,7284
700836,23,126,1230,2004.0,1592.0,0.0,0.390627,1.631006,BGR,LBY,7284
700837,39,126,1230,2004.0,4603540.0,0.0,0.781591,1.365966,CAN,LBY,7284
700838,41,126,1230,2004.0,330472.0,0.0,2.234603,0.551975,CHE,LBY,7284
700839,43,126,1230,2004.0,2023258.0,0.0,0.710603,2.017234,CHN,LBY,7284
700840,59,126,1230,2004.0,38772.0,0.0,1.612543,0.607495,CZE,LBY,7284
700841,61,126,1230,2004.0,5717442.0,0.0,2.4453099999999997,-2.331761,DEU,LBY,7284
700842,64,126,1230,2004.0,20079.0,0.0,1.309074,1.2627979999999999,DNK,LBY,7284
700843,68,126,1230,2004.0,739097.0,0.0,-0.35823499999999997,0.5000100000000001,EGY,LBY,7284
700844,71,126,1230,2004.0,390018.0,0.0,1.04057,1.789023,ESP,LBY,7284
700845,74,126,1230,2004.0,156935.0,0.0,1.9662810000000002,1.018108,FIN,LBY,7284
700846,77,126,1230,2004.0,593227.0,0.0,1.57079,0.6776760000000001,FRA,LBY,7284
700847,81,126,1230,2004.0,4012630.0,7870.0,1.872987,0.734065,GBR,LBY,7284
700848,90,126,1230,2004.0,24844.0,0.0,0.298029,1.745886,GRC,LBY,7284
700849,104,126,1230,2004.0,785306.0,0.0,0.20872,2.817307,IND,LBY,7284
700850,106,126,1230,2004.0,7896.0,0.0,1.498475,0.19050799999999998,IRL,LBY,7284
700851,111,126,1230,2004.0,77329408.0,16461.0,1.440372,0.676068,ITA,LBY,7284
700852,113,126,1230,2004.0,46179.0,0.0,0.16384200000000002,0.34270100000000003,JOR,LBY,7284
700853,114,126,1230,2004.0,442232.0,0.0,2.756136,0.15545,JPN,LBY,7284
700854,121,126,1230,2004.0,8861850.0,0.0,1.481275,0.7859,KOR,LBY,7284
700855,131,126,1230,2004.0,49375.0,0.0,1.258828,1.079923,LUX,LBY,7284
700856,134,126,1230,2004.0,72737.0,0.0,-0.626594,-0.22253499999999998,MAR,LBY,7284
700857,142,126,1230,2004.0,14264.0,0.0,1.2290379999999999,-0.025372,MLT,LBY,7284
700858,153,126,1230,2004.0,23684.0,0.0,1.250098,0.352379,MYS,LBY,7284
700859,162,126,1230,2004.0,294852.0,0.0,1.171327,1.6369799999999999,NLD,LBY,7284
700860,163,126,1230,2004.0,26823.0,0.0,0.731175,-0.0655,NOR,LBY,7284
700861,167,126,1230,2004.0,1802.0,0.0,-0.707862,-1.187629,OMN,LBY,7284
700862,168,126,1230,2004.0,1811.0,0.0,-0.7489600000000001,0.22493200000000002,PAK,LBY,7284
700863,177,126,1230,2004.0,3443.0,0.0,0.989568,1.49055,POL,LBY,7284
700864,186,126,1230,2004.0,256702.0,0.0,0.422803,0.017524,RUS,LBY,7284
700865,188,126,1230,2004.0,79200.0,0.0,0.361324,-0.760732,SAU,LBY,7284
700866,192,126,1230,2004.0,128459.0,0.0,1.804502,0.570084,SGP,LBY,7284
700867,208,126,1230,2004.0,19091.0,8794.0,2.105611,0.707843,SWE,LBY,7284
700868,223,126,1230,2004.0,831730.0,0.0,-0.125092,0.370625,TUN,LBY,7284
700869,224,126,1230,2004.0,191489.0,0.0,0.249065,1.910598,TUR,LBY,7284
700870,231,126,1230,2004.0,1387250.0,0.0,1.818327,-0.17913900000000002,USA,LBY,7284
700871,249,126,1230,2004.0,1301150.0,0.0,1.8844150000000002,1.257951,TWN,LBY,7284
700872,15,136,1230,2004.0,1385.0,0.0,1.958949,0.209296,AUT,MDG,7284
700873,18,136,1230,2004.0,1573751.0,0.0,1.242665,1.541444,BEL,MDG,7284
700874,32,136,1230,2004.0,7914.0,0.0,0.504233,1.567879,BRA,MDG,7284
700875,41,136,1230,2004.0,21548.0,0.0,2.234603,0.551975,CHE,MDG,7284
700876,43,136,1230,2004.0,82616.0,0.0,0.710603,2.017234,CHN,MDG,7284
700877,59,136,1230,2004.0,66972.0,0.0,1.612543,0.607495,CZE,MDG,7284
700878,61,136,1230,2004.0,628232.0,0.0,2.4453099999999997,-2.331761,DEU,MDG,7284
700879,64,136,1230,2004.0,6078.0,0.0,1.309074,1.2627979999999999,DNK,MDG,7284
700880,71,136,1230,2004.0,68387.0,5925.0,1.04057,1.789023,ESP,MDG,7284
700881,77,136,1230,2004.0,3200245.0,94618.0,1.57079,0.6776760000000001,FRA,MDG,7284
700882,81,136,1230,2004.0,181254.0,0.0,1.872987,0.734065,GBR,MDG,7284
700883,90,136,1230,2004.0,22593.0,0.0,0.298029,1.745886,GRC,MDG,7284
700884,97,136,1230,2004.0,58069.0,0.0,0.72816,1.403171,HKG,MDG,7284
700885,102,136,1230,2004.0,50704.0,0.0,1.3579370000000002,0.9993219999999999,HUN,MDG,7284
700886,104,136,1230,2004.0,72818.0,0.0,0.20872,2.817307,IND,MDG,7284
700887,111,136,1230,2004.0,897039.0,0.0,1.440372,0.676068,ITA,MDG,7284
700888,114,136,1230,2004.0,6999.0,0.0,2.756136,0.15545,JPN,MDG,7284
700889,121,136,1230,2004.0,87136.0,0.0,1.481275,0.7859,KOR,MDG,7284
700890,138,136,1230,2004.0,0.0,1413.0,1.183707,0.9043700000000001,MEX,MDG,7284
700891,151,136,1230,2004.0,66051.0,88291.0,-0.161262,-0.29730300000000004,MUS,MDG,7284
700892,162,136,1230,2004.0,6967.0,0.0,1.171327,1.6369799999999999,NLD,MDG,7284
700893,192,136,1230,2004.0,36267.0,0.0,1.804502,0.570084,SGP,MDG,7284
700894,207,136,1230,2004.0,97511.0,0.0,1.700677,0.829765,SVN,MDG,7284
700895,216,136,1230,2004.0,4165.0,0.0,0.633501,1.4648290000000002,THA,MDG,7284
700896,231,136,1230,2004.0,11469.0,11953.0,1.818327,-0.17913900000000002,USA,MDG,7284
700897,246,136,1230,2004.0,126203.0,0.0,0.29599699999999995,1.909018,ZAF,MDG,7284
700898,249,136,1230,2004.0,701600.0,2035.0,1.8844150000000002,1.257951,TWN,MDG,7284
700899,250,136,1230,2004.0,39011.0,3006.0,0.46240200000000004,-0.406624,ANS,MDG,7284
700900,7,137,1230,2004.0,5867.0,0.0,-0.10993399999999999,-0.5351640000000001,ARE,MDV,7284
700901,14,137,1230,2004.0,17222.0,0.0,-0.198735,0.81543,AUS,MDV,7284
700902,15,137,1230,2004.0,1866.0,0.0,1.958949,0.209296,AUT,MDV,7284
700903,18,137,1230,2004.0,9592.0,0.0,1.242665,1.541444,BEL,MDV,7284
700904,39,137,1230,2004.0,2628.0,0.0,0.781591,1.365966,CAN,MDV,7284
700905,41,137,1230,2004.0,14985.0,0.0,2.234603,0.551975,CHE,MDV,7284
700906,43,137,1230,2004.0,21965.0,0.0,0.710603,2.017234,CHN,MDV,7284
700907,61,137,1230,2004.0,12185.0,0.0,2.4453099999999997,-2.331761,DEU,MDV,7284
700908,64,137,1230,2004.0,48440.0,0.0,1.309074,1.2627979999999999,DNK,MDV,7284
700909,71,137,1230,2004.0,4491.0,0.0,1.04057,1.789023,ESP,MDV,7284
700910,77,137,1230,2004.0,2282.0,0.0,1.57079,0.6776760000000001,FRA,MDV,7284
700911,81,137,1230,2004.0,9343.0,0.0,1.872987,0.734065,GBR,MDV,7284
700912,104,137,1230,2004.0,99999.0,0.0,0.20872,2.817307,IND,MDV,7284
700913,106,137,1230,2004.0,2135.0,0.0,1.498475,0.19050799999999998,IRL,MDV,7284
700914,111,137,1230,2004.0,388759.0,0.0,1.440372,0.676068,ITA,MDV,7284
700915,114,137,1230,2004.0,9182.0,0.0,2.756136,0.15545,JPN,MDV,7284
700916,121,137,1230,2004.0,29418.0,0.0,1.481275,0.7859,KOR,MDV,7284
700917,128,137,1230,2004.0,19587.0,13269.0,-0.42450299999999996,0.173518,LKA,MDV,7284
700918,153,137,1230,2004.0,33760.0,0.0,1.250098,0.352379,MYS,MDV,7284
700919,162,137,1230,2004.0,8221.0,0.0,1.171327,1.6369799999999999,NLD,MDV,7284
700920,163,137,1230,2004.0,24977.0,0.0,0.731175,-0.0655,NOR,MDV,7284
700921,166,137,1230,2004.0,5977.0,0.0,0.44099099999999997,0.968326,NZL,MDV,7284
700922,174,137,1230,2004.0,8477.0,0.0,0.288786,-0.25348699999999996,PHL,MDV,7284
700923,192,137,1230,2004.0,586263.0,0.0,1.804502,0.570084,SGP,MDV,7284
700924,208,137,1230,2004.0,19272.0,0.0,2.105611,0.707843,SWE,MDV,7284
700925,216,137,1230,2004.0,46215.0,19625.0,0.633501,1.4648290000000002,THA,MDV,7284
700926,224,137,1230,2004.0,7505.0,0.0,0.249065,1.910598,TUR,MDV,7284
700927,231,137,1230,2004.0,44136.0,0.0,1.818327,-0.17913900000000002,USA,MDV,7284
700928,246,137,1230,2004.0,3621.0,0.0,0.29599699999999995,1.909018,ZAF,MDV,7284
700929,249,137,1230,2004.0,1459.0,0.0,1.8844150000000002,1.257951,TWN,MDV,7284
700930,14,143,1230,2004.0,18865.0,0.0,-0.198735,0.81543,AUS,MMR,7284
700931,15,143,1230,2004.0,361411.0,0.0,1.958949,0.209296,AUT,MMR,7284
700932,18,143,1230,2004.0,20275.0,0.0,1.242665,1.541444,BEL,MMR,7284
700933,43,143,1230,2004.0,3752266.0,0.0,0.710603,2.017234,CHN,MMR,7284
700934,59,143,1230,2004.0,1563.0,0.0,1.612543,0.607495,CZE,MMR,7284
700935,61,143,1230,2004.0,1468946.0,0.0,2.4453099999999997,-2.331761,DEU,MMR,7284
700936,71,143,1230,2004.0,1173.0,0.0,1.04057,1.789023,ESP,MMR,7284
700937,77,143,1230,2004.0,29848.0,0.0,1.57079,0.6776760000000001,FRA,MMR,7284
700938,81,143,1230,2004.0,3483.0,0.0,1.872987,0.734065,GBR,MMR,7284
700939,97,143,1230,2004.0,94429.0,0.0,0.72816,1.403171,HKG,MMR,7284
700940,103,143,1230,2004.0,280330.0,0.0,0.010095999999999999,1.7413779999999999,IDN,MMR,7284
700941,104,143,1230,2004.0,1304575.0,0.0,0.20872,2.817307,IND,MMR,7284
700942,111,143,1230,2004.0,201954.0,0.0,1.440372,0.676068,ITA,MMR,7284
700943,114,143,1230,2004.0,2165293.0,0.0,2.756136,0.15545,JPN,MMR,7284
700944,121,143,1230,2004.0,1118654.0,0.0,1.481275,0.7859,KOR,MMR,7284
700945,153,143,1230,2004.0,321600.0,0.0,1.250098,0.352379,MYS,MMR,7284
700946,162,143,1230,2004.0,2488.0,0.0,1.171327,1.6369799999999999,NLD,MMR,7284
700947,174,143,1230,2004.0,32018.0,0.0,0.288786,-0.25348699999999996,PHL,MMR,7284
700948,192,143,1230,2004.0,1715141.0,0.0,1.804502,0.570084,SGP,MMR,7284
700949,216,143,1230,2004.0,428200.0,0.0,0.633501,1.4648290000000002,THA,MMR,7284
700950,231,143,1230,2004.0,70513.0,0.0,1.818327,-0.17913900000000002,USA,MMR,7284
700951,239,143,1230,2004.0,19511.0,0.0,-0.46875500000000003,0.734412,VNM,MMR,7284
700952,246,143,1230,2004.0,24333.0,0.0,0.29599699999999995,1.909018,ZAF,MMR,7284
700953,249,143,1230,2004.0,1144656.0,0.0,1.8844150000000002,1.257951,TWN,MMR,7284
700954,14,145,1230,2004.0,70061.0,0.0,-0.198735,0.81543,AUS,MNG,7284
700955,15,145,1230,2004.0,269665.0,0.0,1.958949,0.209296,AUT,MNG,7284
700956,39,145,1230,2004.0,122646.0,0.0,0.781591,1.365966,CAN,MNG,7284
700957,43,145,1230,2004.0,1128536.0,0.0,0.710603,2.017234,CHN,MNG,7284
700958,61,145,1230,2004.0,97181.0,0.0,2.4453099999999997,-2.331761,DEU,MNG,7284
700959,77,145,1230,2004.0,1934664.0,0.0,1.57079,0.6776760000000001,FRA,MNG,7284
700960,81,145,1230,2004.0,11777.0,0.0,1.872987,0.734065,GBR,MNG,7284
700961,97,145,1230,2004.0,39235.0,0.0,0.72816,1.403171,HKG,MNG,7284
700962,102,145,1230,2004.0,6120.0,0.0,1.3579370000000002,0.9993219999999999,HUN,MNG,7284
700963,111,145,1230,2004.0,37693.0,0.0,1.440372,0.676068,ITA,MNG,7284
700964,114,145,1230,2004.0,363648.0,0.0,2.756136,0.15545,JPN,MNG,7284
700965,117,145,1230,2004.0,5064.0,0.0,-0.263776,0.503736,KGZ,MNG,7284
700966,121,145,1230,2004.0,657729.0,0.0,1.481275,0.7859,KOR,MNG,7284
700967,132,145,1230,2004.0,27287.0,0.0,0.415001,0.8476809999999999,LVA,MNG,7284
700968,162,145,1230,2004.0,9957.0,0.0,1.171327,1.6369799999999999,NLD,MNG,7284
700969,186,145,1230,2004.0,187485.0,0.0,0.422803,0.017524,RUS,MNG,7284
700970,192,145,1230,2004.0,11479.0,0.0,1.804502,0.570084,SGP,MNG,7284
700971,208,145,1230,2004.0,1370.0,0.0,2.105611,0.707843,SWE,MNG,7284
700972,224,145,1230,2004.0,8025.0,0.0,0.249065,1.910598,TUR,MNG,7284
700973,228,145,1230,2004.0,7060.0,0.0,0.672848,1.172735,UKR,MNG,7284
700974,231,145,1230,2004.0,13873.0,0.0,1.818327,-0.17913900000000002,USA,MNG,7284
700975,61,154,1230,2004.0,3576.0,0.0,2.4453099999999997,-2.331761,DEU,MYT,7284
700976,71,154,1230,2004.0,1118.0,0.0,1.04057,1.789023,ESP,MYT,7284
700977,77,154,1230,2004.0,770760.0,0.0,1.57079,0.6776760000000001,FRA,MYT,7284
700978,111,154,1230,2004.0,10671.0,0.0,1.440372,0.676068,ITA,MYT,7284
700979,114,154,1230,2004.0,1103.0,0.0,2.756136,0.15545,JPN,MYT,7284
700980,192,154,1230,2004.0,1166.0,0.0,1.804502,0.570084,SGP,MYT,7284
700981,246,154,1230,2004.0,2685.0,0.0,0.29599699999999995,1.909018,ZAF,MYT,7284
700982,39,164,1230,2004.0,7075.0,0.0,0.781591,1.365966,CAN,NPL,7284
700983,41,164,1230,2004.0,79884.0,0.0,2.234603,0.551975,CHE,NPL,7284
700984,43,164,1230,2004.0,94532.0,0.0,0.710603,2.017234,CHN,NPL,7284
700985,59,164,1230,2004.0,33627.0,0.0,1.612543,0.607495,CZE,NPL,7284
700986,61,164,1230,2004.0,57482.0,0.0,2.4453099999999997,-2.331761,DEU,NPL,7284
700987,77,164,1230,2004.0,2487.0,0.0,1.57079,0.6776760000000001,FRA,NPL,7284
700988,81,164,1230,2004.0,61464.0,0.0,1.872987,0.734065,GBR,NPL,7284
700989,103,164,1230,2004.0,1230.0,0.0,0.010095999999999999,1.7413779999999999,IDN,NPL,7284
700990,104,164,1230,2004.0,4618228.0,0.0,0.20872,2.817307,IND,NPL,7284
700991,111,164,1230,2004.0,163151.0,0.0,1.440372,0.676068,ITA,NPL,7284
700992,114,164,1230,2004.0,34268.0,0.0,2.756136,0.15545,JPN,NPL,7284
700993,121,164,1230,2004.0,92864.0,0.0,1.481275,0.7859,KOR,NPL,7284
700994,122,164,1230,2004.0,0.0,3434.0,-0.8195479999999999,-1.2105709999999998,KWT,NPL,7284
700995,163,164,1230,2004.0,7114.0,0.0,0.731175,-0.0655,NOR,NPL,7284
700996,186,164,1230,2004.0,14848.0,0.0,0.422803,0.017524,RUS,NPL,7284
700997,192,164,1230,2004.0,76847.0,0.0,1.804502,0.570084,SGP,NPL,7284
700998,216,164,1230,2004.0,23383.0,0.0,0.633501,1.4648290000000002,THA,NPL,7284
700999,231,164,1230,2004.0,58154.0,0.0,1.818327,-0.17913900000000002,USA,NPL,7284
701000,249,164,1230,2004.0,175417.0,0.0,1.8844150000000002,1.257951,TWN,NPL,7284
701001,14,182,1230,2004.0,67777.0,0.0,-0.198735,0.81543,AUS,PYF,7284
701002,18,182,1230,2004.0,31062.0,0.0,1.242665,1.541444,BEL,PYF,7284
701003,39,182,1230,2004.0,930292.0,0.0,0.781591,1.365966,CAN,PYF,7284
701004,41,182,1230,2004.0,23140.0,0.0,2.234603,0.551975,CHE,PYF,7284
701005,43,182,1230,2004.0,5885.0,0.0,0.710603,2.017234,CHN,PYF,7284
701006,61,182,1230,2004.0,551220.0,0.0,2.4453099999999997,-2.331761,DEU,PYF,7284
701007,71,182,1230,2004.0,1091.0,0.0,1.04057,1.789023,ESP,PYF,7284
701008,74,182,1230,2004.0,3738.0,0.0,1.9662810000000002,1.018108,FIN,PYF,7284
701009,77,182,1230,2004.0,3503966.0,2618.0,1.57079,0.6776760000000001,FRA,PYF,7284
701010,81,182,1230,2004.0,11845.0,0.0,1.872987,0.734065,GBR,PYF,7284
701011,97,182,1230,2004.0,71372.0,0.0,0.72816,1.403171,HKG,PYF,7284
701012,103,182,1230,2004.0,35623.0,0.0,0.010095999999999999,1.7413779999999999,IDN,PYF,7284
701013,104,182,1230,2004.0,29719.0,0.0,0.20872,2.817307,IND,PYF,7284
701014,111,182,1230,2004.0,431418.0,0.0,1.440372,0.676068,ITA,PYF,7284
701015,114,182,1230,2004.0,33804.0,0.0,2.756136,0.15545,JPN,PYF,7284
701016,121,182,1230,2004.0,18189.0,0.0,1.481275,0.7859,KOR,PYF,7284
701017,153,182,1230,2004.0,14300.0,0.0,1.250098,0.352379,MYS,PYF,7284
701018,162,182,1230,2004.0,9608.0,0.0,1.171327,1.6369799999999999,NLD,PYF,7284
701019,163,182,1230,2004.0,4102.0,0.0,0.731175,-0.0655,NOR,PYF,7284
701020,166,182,1230,2004.0,375041.0,0.0,0.44099099999999997,0.968326,NZL,PYF,7284
701021,192,182,1230,2004.0,574129.0,0.0,1.804502,0.570084,SGP,PYF,7284
701022,208,182,1230,2004.0,50643.0,0.0,2.105611,0.707843,SWE,PYF,7284
701023,231,182,1230,2004.0,176797.0,0.0,1.818327,-0.17913900000000002,USA,PYF,7284
701024,249,182,1230,2004.0,21947.0,0.0,1.8844150000000002,1.257951,TWN,PYF,7284
701025,61,199,1230,2004.0,14237.0,0.0,2.4453099999999997,-2.331761,DEU,SOM,7284
701026,104,199,1230,2004.0,8364.0,0.0,0.20872,2.817307,IND,SOM,7284
701027,111,199,1230,2004.0,46072.0,0.0,1.440372,0.676068,ITA,SOM,7284
701028,14,211,1230,2004.0,6975.0,0.0,-0.198735,0.81543,AUS,SYC,7284
701029,15,211,1230,2004.0,0.0,124072.0,1.958949,0.209296,AUT,SYC,7284
701030,41,211,1230,2004.0,3156.0,0.0,2.234603,0.551975,CHE,SYC,7284
701031,59,211,1230,2004.0,4227684.0,0.0,1.612543,0.607495,CZE,SYC,7284
701032,61,211,1230,2004.0,267591.0,0.0,2.4453099999999997,-2.331761,DEU,SYC,7284
701033,77,211,1230,2004.0,75318.0,0.0,1.57079,0.6776760000000001,FRA,SYC,7284
701034,81,211,1230,2004.0,241358.0,1958.0,1.872987,0.734065,GBR,SYC,7284
701035,104,211,1230,2004.0,18327.0,0.0,0.20872,2.817307,IND,SYC,7284
701036,106,211,1230,2004.0,1381.0,0.0,1.498475,0.19050799999999998,IRL,SYC,7284
701037,111,211,1230,2004.0,285683.0,0.0,1.440372,0.676068,ITA,SYC,7284
701038,114,211,1230,2004.0,8110.0,0.0,2.756136,0.15545,JPN,SYC,7284
701039,121,211,1230,2004.0,10704.0,0.0,1.481275,0.7859,KOR,SYC,7284
701040,151,211,1230,2004.0,18043.0,2804.0,-0.161262,-0.29730300000000004,MUS,SYC,7284
701041,162,211,1230,2004.0,3684.0,0.0,1.171327,1.6369799999999999,NLD,SYC,7284
701042,166,211,1230,2004.0,13642.0,0.0,0.44099099999999997,0.968326,NZL,SYC,7284
701043,168,211,1230,2004.0,18645.0,0.0,-0.7489600000000001,0.22493200000000002,PAK,SYC,7284
701044,174,211,1230,2004.0,0.0,1905.0,0.288786,-0.25348699999999996,PHL,SYC,7284
701045,192,211,1230,2004.0,195039.0,0.0,1.804502,0.570084,SGP,SYC,7284
701046,231,211,1230,2004.0,4814.0,0.0,1.818327,-0.17913900000000002,USA,SYC,7284
701047,246,211,1230,2004.0,37384.0,0.0,0.29599699999999995,1.909018,ZAF,SYC,7284
701048,15,215,1230,2004.0,10270.0,0.0,1.958949,0.209296,AUT,TGO,7284
701049,18,215,1230,2004.0,8931.0,0.0,1.242665,1.541444,BEL,TGO,7284
701050,19,215,1230,2004.0,0.0,6832.0,-1.422449,-1.09615,BEN,TGO,7284
701051,43,215,1230,2004.0,100184.0,0.0,0.710603,2.017234,CHN,TGO,7284
701052,44,215,1230,2004.0,458929.0,0.0,-0.835933,-0.749289,CIV,TGO,7284
701053,45,215,1230,2004.0,438781.0,0.0,-1.380149,-1.220501,CMR,TGO,7284
701054,61,215,1230,2004.0,26760.0,0.0,2.4453099999999997,-2.331761,DEU,TGO,7284
701055,64,215,1230,2004.0,63206.0,0.0,1.309074,1.2627979999999999,DNK,TGO,7284
701056,71,215,1230,2004.0,86245.0,0.0,1.04057,1.789023,ESP,TGO,7284
701057,77,215,1230,2004.0,1548732.0,7613.0,1.57079,0.6776760000000001,FRA,TGO,7284
701058,81,215,1230,2004.0,10449.0,0.0,1.872987,0.734065,GBR,TGO,7284
701059,104,215,1230,2004.0,129141.0,0.0,0.20872,2.817307,IND,TGO,7284
701060,111,215,1230,2004.0,730444.0,0.0,1.440372,0.676068,ITA,TGO,7284
701061,114,215,1230,2004.0,5279.0,0.0,2.756136,0.15545,JPN,TGO,7284
701062,121,215,1230,2004.0,189904.0,0.0,1.481275,0.7859,KOR,TGO,7284
701063,141,215,1230,2004.0,0.0,116966.0,-0.5807979999999999,-0.797311,MLI,TGO,7284
701064,162,215,1230,2004.0,26177.0,0.0,1.171327,1.6369799999999999,NLD,TGO,7284
701065,163,215,1230,2004.0,4469.0,0.0,0.731175,-0.0655,NOR,TGO,7284
701066,179,215,1230,2004.0,19579.0,0.0,0.705075,1.7268729999999999,PRT,TGO,7284
701067,231,215,1230,2004.0,87914.0,0.0,1.818327,-0.17913900000000002,USA,TGO,7284
701068,249,215,1230,2004.0,650904.0,0.0,1.8844150000000002,1.257951,TWN,TGO,7284
701069,39,217,1230,2004.0,50345.0,0.0,0.781591,1.365966,CAN,TJK,7284
701070,43,217,1230,2004.0,233715.0,0.0,0.710603,2.017234,CHN,TJK,7284
701071,61,217,1230,2004.0,1030205.0,0.0,2.4453099999999997,-2.331761,DEU,TJK,7284
701072,66,217,1230,2004.0,0.0,25235.0,-1.166661,-1.2240879999999998,DZA,TJK,7284
701073,77,217,1230,2004.0,14924.0,0.0,1.57079,0.6776760000000001,FRA,TJK,7284
701074,81,217,1230,2004.0,163629.0,0.0,1.872987,0.734065,GBR,TJK,7284
701075,104,217,1230,2004.0,100731.0,0.0,0.20872,2.817307,IND,TJK,7284
701076,107,217,1230,2004.0,216133.0,0.0,-0.6691699999999999,-1.002548,IRN,TJK,7284
701077,111,217,1230,2004.0,171133.0,0.0,1.440372,0.676068,ITA,TJK,7284
701078,115,217,1230,2004.0,1592.0,0.0,-0.43987200000000004,-0.50862,KAZ,TJK,7284
701079,162,217,1230,2004.0,4976.0,0.0,1.171327,1.6369799999999999,NLD,TJK,7284
701080,186,217,1230,2004.0,234850.0,0.0,0.422803,0.017524,RUS,TJK,7284
701081,224,217,1230,2004.0,196703.0,0.0,0.249065,1.910598,TUR,TJK,7284
701082,228,217,1230,2004.0,33298.0,0.0,0.672848,1.172735,UKR,TJK,7284
701083,231,217,1230,2004.0,38000.0,0.0,1.818327,-0.17913900000000002,USA,TJK,7284
701084,14,2,1230,2004.0,103021.0,0.0,-0.198735,0.81543,AUS,AGO,7284
701085,15,2,1230,2004.0,243648.0,0.0,1.958949,0.209296,AUT,AGO,7284
701086,18,2,1230,2004.0,615943.0,0.0,1.242665,1.541444,BEL,AGO,7284
701087,32,2,1230,2004.0,1463019.0,0.0,0.504233,1.567879,BRA,AGO,7284
701088,37,2,1230,2004.0,58828.0,0.0,-0.435159,-1.150519,BWA,AGO,7284
701089,39,2,1230,2004.0,154864.0,0.0,0.781591,1.365966,CAN,AGO,7284
701090,41,2,1230,2004.0,42430.0,0.0,2.234603,0.551975,CHE,AGO,7284
701091,43,2,1230,2004.0,208323.0,0.0,0.710603,2.017234,CHN,AGO,7284
701092,44,2,1230,2004.0,52194.0,0.0,-0.835933,-0.749289,CIV,AGO,7284
701093,45,2,1230,2004.0,10952.0,0.0,-1.380149,-1.220501,CMR,AGO,7284
701094,61,2,1230,2004.0,835168.0,2271.0,2.4453099999999997,-2.331761,DEU,AGO,7284
701095,64,2,1230,2004.0,372012.0,0.0,1.309074,1.2627979999999999,DNK,AGO,7284
701096,71,2,1230,2004.0,649295.0,0.0,1.04057,1.789023,ESP,AGO,7284
701097,74,2,1230,2004.0,1808.0,0.0,1.9662810000000002,1.018108,FIN,AGO,7284
701098,77,2,1230,2004.0,1874201.0,2089.0,1.57079,0.6776760000000001,FRA,AGO,7284
701099,80,2,1230,2004.0,0.0,45415.0,-1.006071,-1.212338,GAB,AGO,7284
701100,81,2,1230,2004.0,1964454.0,432652.0,1.872987,0.734065,GBR,AGO,7284
701101,104,2,1230,2004.0,504866.0,0.0,0.20872,2.817307,IND,AGO,7284
701102,111,2,1230,2004.0,4827133.0,34121.0,1.440372,0.676068,ITA,AGO,7284
701103,121,2,1230,2004.0,23753.0,0.0,1.481275,0.7859,KOR,AGO,7284
701104,124,2,1230,2004.0,50000.0,0.0,0.269753,1.3152979999999999,LBN,AGO,7284
701105,131,2,1230,2004.0,34888.0,0.0,1.258828,1.079923,LUX,AGO,7284
701106,151,2,1230,2004.0,106381.0,0.0,-0.161262,-0.29730300000000004,MUS,AGO,7284
701107,153,2,1230,2004.0,21579.0,0.0,1.250098,0.352379,MYS,AGO,7284
701108,155,2,1230,2004.0,79205.0,0.0,-0.408989,-0.462016,NAM,AGO,7284
701109,162,2,1230,2004.0,829814.0,56167.0,1.171327,1.6369799999999999,NLD,AGO,7284
701110,163,2,1230,2004.0,896058.0,2013.0,0.731175,-0.0655,NOR,AGO,7284
701111,179,2,1230,2004.0,5502152.0,17352.0,0.705075,1.7268729999999999,PRT,AGO,7284
701112,186,2,1230,2004.0,102314.0,0.0,0.422803,0.017524,RUS,AGO,7284
701113,208,2,1230,2004.0,4505.0,0.0,2.105611,0.707843,SWE,AGO,7284
701114,224,2,1230,2004.0,19516.0,0.0,0.249065,1.910598,TUR,AGO,7284
701115,231,2,1230,2004.0,23657148.0,0.0,1.818327,-0.17913900000000002,USA,AGO,7284
701116,246,2,1230,2004.0,1383584.0,8513.0,0.29599699999999995,1.909018,ZAF,AGO,7284
701117,249,2,1230,2004.0,270250.0,0.0,1.8844150000000002,1.257951,TWN,AGO,7284
701118,18,46,1230,2004.0,3941726.0,0.0,1.242665,1.541444,BEL,COD,7284
701119,32,46,1230,2004.0,3599.0,0.0,0.504233,1.567879,BRA,COD,7284
701120,39,46,1230,2004.0,11621.0,0.0,0.781591,1.365966,CAN,COD,7284
701121,41,46,1230,2004.0,2906.0,5491.0,2.234603,0.551975,CHE,COD,7284
701122,61,46,1230,2004.0,434560.0,7693.0,2.4453099999999997,-2.331761,DEU,COD,7284
701123,68,46,1230,2004.0,21851.0,0.0,-0.35823499999999997,0.5000100000000001,EGY,COD,7284
701124,77,46,1230,2004.0,144265.0,0.0,1.57079,0.6776760000000001,FRA,COD,7284
701125,81,46,1230,2004.0,1095352.0,0.0,1.872987,0.734065,GBR,COD,7284
701126,104,46,1230,2004.0,41942.0,0.0,0.20872,2.817307,IND,COD,7284
701127,111,46,1230,2004.0,1519896.0,4591.0,1.440372,0.676068,ITA,COD,7284
701128,121,46,1230,2004.0,64357.0,0.0,1.481275,0.7859,KOR,COD,7284
701129,124,46,1230,2004.0,2000.0,0.0,0.269753,1.3152979999999999,LBN,COD,7284
701130,162,46,1230,2004.0,1244.0,0.0,1.171327,1.6369799999999999,NLD,COD,7284
701131,177,46,1230,2004.0,1516.0,0.0,0.989568,1.49055,POL,COD,7284
701132,179,46,1230,2004.0,1696.0,0.0,0.705075,1.7268729999999999,PRT,COD,7284
701133,187,46,1230,2004.0,15705.0,0.0,-1.3090190000000002,-1.063632,RWA,COD,7284
701134,208,46,1230,2004.0,2319.0,0.0,2.105611,0.707843,SWE,COD,7284
701135,226,46,1230,2004.0,262343.0,127771.0,-0.935327,0.362709,TZA,COD,7284
701136,231,46,1230,2004.0,351370.0,2235.0,1.818327,-0.17913900000000002,USA,COD,7284
701137,246,46,1230,2004.0,727747.0,0.0,0.29599699999999995,1.909018,ZAF,COD,7284
701138,247,46,1230,2004.0,10057.0,0.0,-0.8752479999999999,-0.784285,ZMB,COD,7284
701139,14,51,1230,2004.0,21127.0,0.0,-0.198735,0.81543,AUS,CPV,7284
701140,18,51,1230,2004.0,41130.0,0.0,1.242665,1.541444,BEL,CPV,7284
701141,32,51,1230,2004.0,1289.0,0.0,0.504233,1.567879,BRA,CPV,7284
701142,42,51,1230,2004.0,0.0,6677.0,-0.24101399999999998,-0.303103,CHL,CPV,7284
701143,43,51,1230,2004.0,5561.0,0.0,0.710603,2.017234,CHN,CPV,7284
701144,71,51,1230,2004.0,20297.0,0.0,1.04057,1.789023,ESP,CPV,7284
701145,77,51,1230,2004.0,16814.0,0.0,1.57079,0.6776760000000001,FRA,CPV,7284
701146,111,51,1230,2004.0,291962.0,0.0,1.440372,0.676068,ITA,CPV,7284
701147,162,51,1230,2004.0,3169.0,0.0,1.171327,1.6369799999999999,NLD,CPV,7284
701148,179,51,1230,2004.0,442947.0,0.0,0.705075,1.7268729999999999,PRT,CPV,7284
701149,191,51,1230,2004.0,1105.0,0.0,-0.620158,-0.296575,SEN,CPV,7284
701150,192,51,1230,2004.0,4824.0,0.0,1.804502,0.570084,SGP,CPV,7284
701151,231,51,1230,2004.0,2213.0,0.0,1.818327,-0.17913900000000002,USA,CPV,7284
701152,39,78,1230,2004.0,2043.0,0.0,0.781591,1.365966,CAN,FRO,7284
701153,43,78,1230,2004.0,26778.0,0.0,0.710603,2.017234,CHN,FRO,7284
701154,61,78,1230,2004.0,43667.0,0.0,2.4453099999999997,-2.331761,DEU,FRO,7284
701155,64,78,1230,2004.0,674863.0,13606.0,1.309074,1.2627979999999999,DNK,FRO,7284
701156,74,78,1230,2004.0,41405.0,0.0,1.9662810000000002,1.018108,FIN,FRO,7284
701157,81,78,1230,2004.0,6634.0,2944.0,1.872987,0.734065,GBR,FRO,7284
701158,109,78,1230,2004.0,13290.0,0.0,0.107901,-0.41223699999999996,ISL,FRO,7284
701159,111,78,1230,2004.0,8169.0,0.0,1.440372,0.676068,ITA,FRO,7284
701160,162,78,1230,2004.0,23408.0,0.0,1.171327,1.6369799999999999,NLD,FRO,7284
701161,163,78,1230,2004.0,633405.0,340078.0,0.731175,-0.0655,NOR,FRO,7284
701162,208,78,1230,2004.0,14115.0,0.0,2.105611,0.707843,SWE,FRO,7284
701163,231,78,1230,2004.0,5700.0,0.0,1.818327,-0.17913900000000002,USA,FRO,7284
701164,249,78,1230,2004.0,2044.0,0.0,1.8844150000000002,1.257951,TWN,FRO,7284
701165,250,78,1230,2004.0,24257.0,0.0,0.46240200000000004,-0.406624,ANS,FRO,7284
701166,18,89,1230,2004.0,5054.0,0.0,1.242665,1.541444,BEL,GNQ,7284
701167,39,89,1230,2004.0,43073.0,0.0,0.781591,1.365966,CAN,GNQ,7284
701168,43,89,1230,2004.0,2745.0,0.0,0.710603,2.017234,CHN,GNQ,7284
701169,44,89,1230,2004.0,1046.0,0.0,-0.835933,-0.749289,CIV,GNQ,7284
701170,45,89,1230,2004.0,2514.0,0.0,-1.380149,-1.220501,CMR,GNQ,7284
701171,61,89,1230,2004.0,509399.0,0.0,2.4453099999999997,-2.331761,DEU,GNQ,7284
701172,71,89,1230,2004.0,477443.0,0.0,1.04057,1.789023,ESP,GNQ,7284
701173,77,89,1230,2004.0,477566.0,0.0,1.57079,0.6776760000000001,FRA,GNQ,7284
701174,80,89,1230,2004.0,131666.0,2643.0,-1.006071,-1.212338,GAB,GNQ,7284
701175,81,89,1230,2004.0,2825319.0,98758.0,1.872987,0.734065,GBR,GNQ,7284
701176,110,89,1230,2004.0,42000.0,0.0,1.252895,0.8662770000000001,ISR,GNQ,7284
701177,111,89,1230,2004.0,641269.0,0.0,1.440372,0.676068,ITA,GNQ,7284
701178,162,89,1230,2004.0,55984.0,1060.0,1.171327,1.6369799999999999,NLD,GNQ,7284
701179,163,89,1230,2004.0,24276.0,241641.0,0.731175,-0.0655,NOR,GNQ,7284
701180,177,89,1230,2004.0,47853.0,0.0,0.989568,1.49055,POL,GNQ,7284
701181,208,89,1230,2004.0,1652.0,0.0,2.105611,0.707843,SWE,GNQ,7284
701182,231,89,1230,2004.0,4684168.0,0.0,1.818327,-0.17913900000000002,USA,GNQ,7284
701183,246,89,1230,2004.0,56310.0,0.0,0.29599699999999995,1.909018,ZAF,GNQ,7284
701184,18,101,1230,2004.0,24388.0,0.0,1.242665,1.541444,BEL,HTI,7284
701185,32,101,1230,2004.0,5373.0,0.0,0.504233,1.567879,BRA,HTI,7284
701186,43,101,1230,2004.0,34994.0,0.0,0.710603,2.017234,CHN,HTI,7284
701187,61,101,1230,2004.0,200750.0,0.0,2.4453099999999997,-2.331761,DEU,HTI,7284
701188,64,101,1230,2004.0,1410.0,0.0,1.309074,1.2627979999999999,DNK,HTI,7284
701189,77,101,1230,2004.0,36066.0,0.0,1.57079,0.6776760000000001,FRA,HTI,7284
701190,81,101,1230,2004.0,150674.0,0.0,1.872987,0.734065,GBR,HTI,7284
701191,97,101,1230,2004.0,34769.0,0.0,0.72816,1.403171,HKG,HTI,7284
701192,104,101,1230,2004.0,110924.0,0.0,0.20872,2.817307,IND,HTI,7284
701193,111,101,1230,2004.0,150455.0,0.0,1.440372,0.676068,ITA,HTI,7284
701194,114,101,1230,2004.0,8740.0,0.0,2.756136,0.15545,JPN,HTI,7284
701195,138,101,1230,2004.0,6513.0,0.0,1.183707,0.9043700000000001,MEX,HTI,7284
701196,177,101,1230,2004.0,4179.0,0.0,0.989568,1.49055,POL,HTI,7284
701197,222,101,1230,2004.0,0.0,16601.0,-0.108049,-0.923523,TTO,HTI,7284
701198,231,101,1230,2004.0,1335706.0,2800.0,1.818327,-0.17913900000000002,USA,HTI,7284
701199,14,156,1230,2004.0,285297.0,1595.0,-0.198735,0.81543,AUS,NCL,7284
701200,15,156,1230,2004.0,58266.0,0.0,1.958949,0.209296,AUT,NCL,7284
701201,18,156,1230,2004.0,8749.0,0.0,1.242665,1.541444,BEL,NCL,7284
701202,39,156,1230,2004.0,0.0,9582.0,0.781591,1.365966,CAN,NCL,7284
701203,41,156,1230,2004.0,19746.0,0.0,2.234603,0.551975,CHE,NCL,7284
701204,43,156,1230,2004.0,5097.0,0.0,0.710603,2.017234,CHN,NCL,7284
701205,61,156,1230,2004.0,180401.0,0.0,2.4453099999999997,-2.331761,DEU,NCL,7284
701206,64,156,1230,2004.0,25486.0,0.0,1.309074,1.2627979999999999,DNK,NCL,7284
701207,71,156,1230,2004.0,48582.0,0.0,1.04057,1.789023,ESP,NCL,7284
701208,77,156,1230,2004.0,3597765.0,1330.0,1.57079,0.6776760000000001,FRA,NCL,7284
701209,81,156,1230,2004.0,44667.0,0.0,1.872987,0.734065,GBR,NCL,7284
701210,111,156,1230,2004.0,433708.0,0.0,1.440372,0.676068,ITA,NCL,7284
701211,114,156,1230,2004.0,9929.0,0.0,2.756136,0.15545,JPN,NCL,7284
701212,162,156,1230,2004.0,8999.0,0.0,1.171327,1.6369799999999999,NLD,NCL,7284
701213,166,156,1230,2004.0,80537.0,0.0,0.44099099999999997,0.968326,NZL,NCL,7284
701214,192,156,1230,2004.0,11326.0,0.0,1.804502,0.570084,SGP,NCL,7284
701215,208,156,1230,2004.0,28421.0,0.0,2.105611,0.707843,SWE,NCL,7284
701216,231,156,1230,2004.0,68915.0,0.0,1.818327,-0.17913900000000002,USA,NCL,7284
701217,240,156,1230,2004.0,0.0,14036.0,-1.284054,-1.0415809999999999,VUT,NCL,7284
701218,249,156,1230,2004.0,52380.0,0.0,1.8844150000000002,1.257951,TWN,NCL,7284
701219,250,156,1230,2004.0,13584.0,0.0,0.46240200000000004,-0.406624,ANS,NCL,7284
701220,15,181,1230,2004.0,69464.0,0.0,1.958949,0.209296,AUT,PSE,7284
701221,43,181,1230,2004.0,57281.0,0.0,0.710603,2.017234,CHN,PSE,7284
701222,61,181,1230,2004.0,430707.0,0.0,2.4453099999999997,-2.331761,DEU,PSE,7284
701223,77,181,1230,2004.0,7462.0,0.0,1.57079,0.6776760000000001,FRA,PSE,7284
701224,111,181,1230,2004.0,1244.0,0.0,1.440372,0.676068,ITA,PSE,7284
701225,113,181,1230,2004.0,42726.0,0.0,0.16384200000000002,0.34270100000000003,JOR,PSE,7284
701226,114,181,1230,2004.0,13457.0,0.0,2.756136,0.15545,JPN,PSE,7284
701227,14,196,1230,2004.0,3864.0,0.0,-0.198735,0.81543,AUS,SLE,7284
701228,18,196,1230,2004.0,27521.0,0.0,1.242665,1.541444,BEL,SLE,7284
701229,41,196,1230,2004.0,20783.0,0.0,2.234603,0.551975,CHE,SLE,7284
701230,43,196,1230,2004.0,166553.0,0.0,0.710603,2.017234,CHN,SLE,7284
701231,61,196,1230,2004.0,2516447.0,210243.0,2.4453099999999997,-2.331761,DEU,SLE,7284
701232,64,196,1230,2004.0,7974.0,0.0,1.309074,1.2627979999999999,DNK,SLE,7284
701233,71,196,1230,2004.0,2368.0,0.0,1.04057,1.789023,ESP,SLE,7284
701234,77,196,1230,2004.0,32335.0,3244.0,1.57079,0.6776760000000001,FRA,SLE,7284
701235,81,196,1230,2004.0,218651.0,6153.0,1.872987,0.734065,GBR,SLE,7284
701236,104,196,1230,2004.0,208061.0,0.0,0.20872,2.817307,IND,SLE,7284
701237,111,196,1230,2004.0,277400.0,0.0,1.440372,0.676068,ITA,SLE,7284
701238,116,196,1230,2004.0,0.0,8823.0,-0.565597,0.182375,KEN,SLE,7284
701239,124,196,1230,2004.0,24000.0,0.0,0.269753,1.3152979999999999,LBN,SLE,7284
701240,162,196,1230,2004.0,4976.0,0.0,1.171327,1.6369799999999999,NLD,SLE,7284
701241,168,196,1230,2004.0,14419.0,0.0,-0.7489600000000001,0.22493200000000002,PAK,SLE,7284
701242,224,196,1230,2004.0,10234.0,0.0,0.249065,1.910598,TUR,SLE,7284
701243,231,196,1230,2004.0,64529.0,0.0,1.818327,-0.17913900000000002,USA,SLE,7284
701244,246,196,1230,2004.0,175156.0,0.0,0.29599699999999995,1.909018,ZAF,SLE,7284
701245,249,196,1230,2004.0,118800.0,0.0,1.8844150000000002,1.257951,TWN,SLE,7284
701246,18,214,1230,2004.0,6581.0,0.0,1.242665,1.541444,BEL,TCD,7284
701247,19,214,1230,2004.0,1316.0,0.0,-1.422449,-1.09615,BEN,TCD,7284
701248,39,214,1230,2004.0,25101.0,0.0,0.781591,1.365966,CAN,TCD,7284
701249,45,214,1230,2004.0,2753.0,0.0,-1.380149,-1.220501,CMR,TCD,7284
701250,61,214,1230,2004.0,35687.0,0.0,2.4453099999999997,-2.331761,DEU,TCD,7284
701251,77,214,1230,2004.0,291017.0,0.0,1.57079,0.6776760000000001,FRA,TCD,7284
701252,81,214,1230,2004.0,379722.0,0.0,1.872987,0.734065,GBR,TCD,7284
701253,111,214,1230,2004.0,31065.0,0.0,1.440372,0.676068,ITA,TCD,7284
701254,162,214,1230,2004.0,690475.0,0.0,1.171327,1.6369799999999999,NLD,TCD,7284
701255,163,214,1230,2004.0,3979.0,0.0,0.731175,-0.0655,NOR,TCD,7284
701256,231,214,1230,2004.0,31485.0,0.0,1.818327,-0.17913900000000002,USA,TCD,7284
701257,246,214,1230,2004.0,9019.0,0.0,0.29599699999999995,1.909018,ZAF,TCD,7284
701258,9,232,1230,2004.0,1410.0,0.0,0.497276,-0.226016,ARM,UZB,7284
701259,15,232,1230,2004.0,475524.0,0.0,1.958949,0.209296,AUT,UZB,7284
701260,18,232,1230,2004.0,222727.0,0.0,1.242665,1.541444,BEL,UZB,7284
701261,28,232,1230,2004.0,90556.0,0.0,0.9384239999999999,0.9708690000000001,BLR,UZB,7284
701262,39,232,1230,2004.0,43120.0,0.0,0.781591,1.365966,CAN,UZB,7284
701263,41,232,1230,2004.0,123984.0,0.0,2.234603,0.551975,CHE,UZB,7284
701264,43,232,1230,2004.0,3147014.0,0.0,0.710603,2.017234,CHN,UZB,7284
701265,59,232,1230,2004.0,10605.0,0.0,1.612543,0.607495,CZE,UZB,7284
701266,61,232,1230,2004.0,5443441.0,41521.0,2.4453099999999997,-2.331761,DEU,UZB,7284
701267,64,232,1230,2004.0,104256.0,0.0,1.309074,1.2627979999999999,DNK,UZB,7284
701268,74,232,1230,2004.0,1758.0,0.0,1.9662810000000002,1.018108,FIN,UZB,7284
701269,77,232,1230,2004.0,448962.0,0.0,1.57079,0.6776760000000001,FRA,UZB,7284
701270,81,232,1230,2004.0,473239.0,0.0,1.872987,0.734065,GBR,UZB,7284
701271,104,232,1230,2004.0,87700.0,59988.0,0.20872,2.817307,IND,UZB,7284
701272,107,232,1230,2004.0,328380.0,0.0,-0.6691699999999999,-1.002548,IRN,UZB,7284
701273,111,232,1230,2004.0,3457844.0,0.0,1.440372,0.676068,ITA,UZB,7284
701274,114,232,1230,2004.0,319238.0,0.0,2.756136,0.15545,JPN,UZB,7284
701275,115,232,1230,2004.0,7828.0,42928.0,-0.43987200000000004,-0.50862,KAZ,UZB,7284
701276,117,232,1230,2004.0,3076.0,15483.0,-0.263776,0.503736,KGZ,UZB,7284
701277,121,232,1230,2004.0,8007611.0,33865.0,1.481275,0.7859,KOR,UZB,7284
701278,131,232,1230,2004.0,34815.0,0.0,1.258828,1.079923,LUX,UZB,7284
701279,132,232,1230,2004.0,53013.0,0.0,0.415001,0.8476809999999999,LVA,UZB,7284
701280,162,232,1230,2004.0,34834.0,0.0,1.171327,1.6369799999999999,NLD,UZB,7284
701281,177,232,1230,2004.0,318645.0,0.0,0.989568,1.49055,POL,UZB,7284
701282,186,232,1230,2004.0,4788532.0,14960.0,0.422803,0.017524,RUS,UZB,7284
701283,207,232,1230,2004.0,3446.0,0.0,1.700677,0.829765,SVN,UZB,7284
701284,208,232,1230,2004.0,1093.0,0.0,2.105611,0.707843,SWE,UZB,7284
701285,224,232,1230,2004.0,1133171.0,0.0,0.249065,1.910598,TUR,UZB,7284
701286,228,232,1230,2004.0,545241.0,0.0,0.672848,1.172735,UKR,UZB,7284
701287,231,232,1230,2004.0,678635.0,0.0,1.818327,-0.17913900000000002,USA,UZB,7284
701288,239,232,1230,2004.0,0.0,4727.0,-0.46875500000000003,0.734412,VNM,UZB,7284
701289,246,232,1230,2004.0,104071.0,0.0,0.29599699999999995,1.909018,ZAF,UZB,7284
701290,249,232,1230,2004.0,424199.0,0.0,1.8844150000000002,1.257951,TWN,UZB,7284
701291,8,250,1230,2004.0,103743.0,1614389.0,-0.070845,0.879574,ARG,ANS,7284
701292,14,250,1230,2004.0,1391159.0,32258.0,-0.198735,0.81543,AUS,ANS,7284
701293,15,250,1230,2004.0,265395168.0,0.0,1.958949,0.209296,AUT,ANS,7284
701294,18,250,1230,2004.0,29249.0,0.0,1.242665,1.541444,BEL,ANS,7284
701295,22,250,1230,2004.0,0.0,10053.0,-1.074194,-0.9392389999999999,BGD,ANS,7284
701296,23,250,1230,2004.0,5573170.0,299101.0,0.390627,1.631006,BGR,ANS,7284
701297,38,250,1230,2004.0,0.0,35363.0,-0.667013,-0.899285,CAF,ANS,7284
701298,42,250,1230,2004.0,0.0,312820.0,-0.24101399999999998,-0.303103,CHL,ANS,7284
701299,43,250,1230,2004.0,9235.0,0.0,0.710603,2.017234,CHN,ANS,7284
701300,44,250,1230,2004.0,0.0,7000.0,-0.835933,-0.749289,CIV,ANS,7284
701301,45,250,1230,2004.0,0.0,88487.0,-1.380149,-1.220501,CMR,ANS,7284
701302,49,250,1230,2004.0,768858.0,4351269.0,0.044706,0.514304,COL,ANS,7284
701303,52,250,1230,2004.0,0.0,18283.0,-0.036323,-0.313847,CRI,ANS,7284
701304,54,250,1230,2004.0,0.0,3332.0,-0.16826,-0.644388,CUB,ANS,7284
701305,58,250,1230,2004.0,15275.0,0.0,0.42732200000000004,0.811763,CYP,ANS,7284
701306,59,250,1230,2004.0,246563.0,444708.0,1.612543,0.607495,CZE,ANS,7284
701307,61,250,1230,2004.0,175444112.0,9652.0,2.4453099999999997,-2.331761,DEU,ANS,7284
701308,63,250,1230,2004.0,6302.0,0.0,0.478601,0.368796,DMA,ANS,7284
701309,64,250,1230,2004.0,22212.0,4755.0,1.309074,1.2627979999999999,DNK,ANS,7284
701310,65,250,1230,2004.0,21996.0,0.0,-0.24909699999999999,-0.326783,DOM,ANS,7284
701311,66,250,1230,2004.0,0.0,9768627.0,-1.166661,-1.2240879999999998,DZA,ANS,7284
701312,67,250,1230,2004.0,25710.0,10402.0,-0.990727,-0.9383090000000001,ECU,ANS,7284
701313,68,250,1230,2004.0,785999.0,40312500.0,-0.35823499999999997,0.5000100000000001,EGY,ANS,7284
701314,71,250,1230,2004.0,58901.0,0.0,1.04057,1.789023,ESP,ANS,7284
701315,72,250,1230,2004.0,0.0,7088760.0,0.645741,1.035117,EST,ANS,7284
701316,77,250,1230,2004.0,8705.0,853122.0,1.57079,0.6776760000000001,FRA,ANS,7284
701317,78,250,1230,2004.0,0.0,24257.0,-1.127967,-1.002561,FRO,ANS,7284
701318,90,250,1230,2004.0,150660.0,0.0,0.298029,1.745886,GRC,ANS,7284
701319,93,250,1230,2004.0,88180.0,4404.0,-0.39399,0.139128,GTM,ANS,7284
701320,97,250,1230,2004.0,60099.0,0.0,0.72816,1.403171,HKG,ANS,7284
701321,99,250,1230,2004.0,0.0,1649.0,-0.6372140000000001,-0.453946,HND,ANS,7284
701322,104,250,1230,2004.0,1974884.0,1836601.0,0.20872,2.817307,IND,ANS,7284
701323,106,250,1230,2004.0,491996.0,1903355.0,1.498475,0.19050799999999998,IRL,ANS,7284
701324,107,250,1230,2004.0,0.0,10626.0,-0.6691699999999999,-1.002548,IRN,ANS,7284
701325,110,250,1230,2004.0,33602000.0,1706.0,1.252895,0.8662770000000001,ISR,ANS,7284
701326,111,250,1230,2004.0,5165641.0,0.0,1.440372,0.676068,ITA,ANS,7284
701327,112,250,1230,2004.0,0.0,6912.0,-0.505365,-0.9596120000000001,JAM,ANS,7284
701328,113,250,1230,2004.0,527083.0,0.0,0.16384200000000002,0.34270100000000003,JOR,ANS,7284
701329,114,250,1230,2004.0,15390.0,29719.0,2.756136,0.15545,JPN,ANS,7284
701330,116,250,1230,2004.0,0.0,13464.0,-0.565597,0.182375,KEN,ANS,7284
701331,121,250,1230,2004.0,3913.0,45993.0,1.481275,0.7859,KOR,ANS,7284
701332,124,250,1230,2004.0,0.0,43530.0,0.269753,1.3152979999999999,LBN,ANS,7284
701333,131,250,1230,2004.0,5640.0,0.0,1.258828,1.079923,LUX,ANS,7284
701334,132,250,1230,2004.0,0.0,2844.0,0.415001,0.8476809999999999,LVA,ANS,7284
701335,134,250,1230,2004.0,252886.0,0.0,-0.626594,-0.22253499999999998,MAR,ANS,7284
701336,136,250,1230,2004.0,3006.0,39011.0,-1.1010799999999998,-0.7367859999999999,MDG,ANS,7284
701337,138,250,1230,2004.0,1600.0,4930250.0,1.183707,0.9043700000000001,MEX,ANS,7284
701338,142,250,1230,2004.0,8613.0,0.0,1.2290379999999999,-0.025372,MLT,ANS,7284
701339,147,250,1230,2004.0,13517.0,10992.0,-1.009633,-0.9863059999999999,MOZ,ANS,7284
701340,148,250,1230,2004.0,0.0,13426.0,-1.8941119999999998,-1.357728,MRT,ANS,7284
701341,153,250,1230,2004.0,62789.0,0.0,1.250098,0.352379,MYS,ANS,7284
701342,155,250,1230,2004.0,0.0,3473.0,-0.408989,-0.462016,NAM,ANS,7284
701343,156,250,1230,2004.0,0.0,13584.0,-0.279566,-0.860456,NCL,ANS,7284
701344,157,250,1230,2004.0,181907.0,0.0,-1.102485,-0.850282,NER,ANS,7284
701345,162,250,1230,2004.0,1161423.0,308035.0,1.171327,1.6369799999999999,NLD,ANS,7284
701346,166,250,1230,2004.0,0.0,1638659.0,0.44099099999999997,0.968326,NZL,ANS,7284
701347,168,250,1230,2004.0,9393.0,1292163.0,-0.7489600000000001,0.22493200000000002,PAK,ANS,7284
701348,169,250,1230,2004.0,0.0,79807.0,0.054997000000000004,0.440416,PAN,ANS,7284
701349,177,250,1230,2004.0,32271.0,71360.0,0.989568,1.49055,POL,ANS,7284
701350,185,250,1230,2004.0,0.0,329450.0,0.53925,1.145066,ROU,ANS,7284
701351,186,250,1230,2004.0,6448.0,20401618.0,0.422803,0.017524,RUS,ANS,7284
701352,188,250,1230,2004.0,0.0,4420220.0,0.361324,-0.760732,SAU,ANS,7284
701353,189,250,1230,2004.0,5886.0,816191.0,0.544686,2.418024,SCG,ANS,7284
701354,192,250,1230,2004.0,74930.0,388665.0,1.804502,0.570084,SGP,ANS,7284
701355,197,250,1230,2004.0,0.0,5405.0,-0.21054299999999998,0.086382,SLV,ANS,7284
701356,206,250,1230,2004.0,0.0,16298205.0,1.2683149999999999,0.9208620000000001,SVK,ANS,7284
701357,207,250,1230,2004.0,0.0,4187320.0,1.700677,0.829765,SVN,ANS,7284
701358,208,250,1230,2004.0,2045.0,0.0,2.105611,0.707843,SWE,ANS,7284
701359,212,250,1230,2004.0,0.0,25017828.0,-0.698545,-0.111323,SYR,ANS,7284
701360,223,250,1230,2004.0,805449.0,144773.0,-0.125092,0.370625,TUN,ANS,7284
701361,224,250,1230,2004.0,10778169.0,1658970.0,0.249065,1.910598,TUR,ANS,7284
701362,230,250,1230,2004.0,21152.0,2267.0,-0.051583000000000004,0.145056,URY,ANS,7284
701363,243,250,1230,2004.0,0.0,284736.0,-1.298227,-1.2496639999999999,YEM,ANS,7284
701364,246,250,1230,2004.0,15197.0,460035.0,0.29599699999999995,1.909018,ZAF,ANS,7284
701365,248,250,1230,2004.0,875217.0,563645.0,-0.44064799999999993,0.01704,ZWE,ANS,7284
701366,249,250,1230,2004.0,576320.0,1295048.0,1.8844150000000002,1.257951,TWN,ANS,7284
701367,14,84,1230,2004.0,40873.0,0.0,-0.198735,0.81543,AUS,GIB,7284
701368,15,84,1230,2004.0,27720.0,0.0,1.958949,0.209296,AUT,GIB,7284
701369,61,84,1230,2004.0,93158.0,0.0,2.4453099999999997,-2.331761,DEU,GIB,7284
701370,64,84,1230,2004.0,1840.0,0.0,1.309074,1.2627979999999999,DNK,GIB,7284
701371,71,84,1230,2004.0,160867.0,4982.0,1.04057,1.789023,ESP,GIB,7284
701372,77,84,1230,2004.0,2487.0,0.0,1.57079,0.6776760000000001,FRA,GIB,7284
701373,81,84,1230,2004.0,282343.0,28686.0,1.872987,0.734065,GBR,GIB,7284
701374,106,84,1230,2004.0,2637.0,0.0,1.498475,0.19050799999999998,IRL,GIB,7284
701375,111,84,1230,2004.0,36902.0,0.0,1.440372,0.676068,ITA,GIB,7284
701376,121,84,1230,2004.0,1029.0,0.0,1.481275,0.7859,KOR,GIB,7284
701377,162,84,1230,2004.0,1244.0,0.0,1.171327,1.6369799999999999,NLD,GIB,7284
701378,163,84,1230,2004.0,7742.0,0.0,0.731175,-0.0655,NOR,GIB,7284
701379,208,84,1230,2004.0,76074.0,0.0,2.105611,0.707843,SWE,GIB,7284
701380,231,84,1230,2004.0,83422.0,0.0,1.818327,-0.17913900000000002,USA,GIB,7284
701381,14,221,1230,2004.0,7691.0,0.0,-0.198735,0.81543,AUS,TON,7284
701382,43,221,1230,2004.0,71674.0,0.0,0.710603,2.017234,CHN,TON,7284
701383,77,221,1230,2004.0,1888.0,0.0,1.57079,0.6776760000000001,FRA,TON,7284
701384,111,221,1230,2004.0,4493.0,0.0,1.440372,0.676068,ITA,TON,7284
701385,114,221,1230,2004.0,1892.0,0.0,2.756136,0.15545,JPN,TON,7284
701386,121,221,1230,2004.0,49474.0,0.0,1.481275,0.7859,KOR,TON,7284
701387,166,221,1230,2004.0,30181.0,0.0,0.44099099999999997,0.968326,NZL,TON,7284
701388,231,221,1230,2004.0,12784.0,0.0,1.818327,-0.17913900000000002,USA,TON,7284
701389,249,221,1230,2004.0,2597.0,0.0,1.8844150000000002,1.257951,TWN,TON,7284
701390,14,242,1230,2004.0,4673.0,5758.0,-0.198735,0.81543,AUS,WSM,7284
701391,32,242,1230,2004.0,2040.0,0.0,0.504233,1.567879,BRA,WSM,7284
701392,43,242,1230,2004.0,2902.0,0.0,0.710603,2.017234,CHN,WSM,7284
701393,75,242,1230,2004.0,0.0,1335.0,-0.793333,-0.27460100000000004,FJI,WSM,7284
701394,81,242,1230,2004.0,19489.0,0.0,1.872987,0.734065,GBR,WSM,7284
701395,103,242,1230,2004.0,9247.0,0.0,0.010095999999999999,1.7413779999999999,IDN,WSM,7284
701396,111,242,1230,2004.0,36031.0,0.0,1.440372,0.676068,ITA,WSM,7284
701397,114,242,1230,2004.0,483262.0,0.0,2.756136,0.15545,JPN,WSM,7284
701398,166,242,1230,2004.0,85739.0,0.0,0.44099099999999997,0.968326,NZL,WSM,7284
701399,231,242,1230,2004.0,12794.0,2834.0,1.818327,-0.17913900000000002,USA,WSM,7284
701400,249,242,1230,2004.0,351346.0,0.0,1.8844150000000002,1.257951,TWN,WSM,7284
701401,14,10,1230,2004.0,8006.0,0.0,-0.198735,0.81543,AUS,ASM,7284
701402,67,10,1230,2004.0,0.0,33558.0,-0.990727,-0.9383090000000001,ECU,ASM,7284
701403,81,10,1230,2004.0,529860.0,0.0,1.872987,0.734065,GBR,ASM,7284
701404,103,10,1230,2004.0,0.0,3695.0,0.010095999999999999,1.7413779999999999,IDN,ASM,7284
701405,104,10,1230,2004.0,3340.0,0.0,0.20872,2.817307,IND,ASM,7284
701406,111,10,1230,2004.0,19583.0,0.0,1.440372,0.676068,ITA,ASM,7284
701407,114,10,1230,2004.0,2497.0,0.0,2.756136,0.15545,JPN,ASM,7284
701408,162,10,1230,2004.0,9953.0,0.0,1.171327,1.6369799999999999,NLD,ASM,7284
701409,166,10,1230,2004.0,30527.0,0.0,0.44099099999999997,0.968326,NZL,ASM,7284
701410,77,11,1230,2004.0,13680.0,0.0,1.57079,0.6776760000000001,FRA,ATA,7284
701411,39,30,1230,2004.0,177128.0,0.0,0.781591,1.365966,CAN,BMU,7284
701412,61,30,1230,2004.0,24088.0,0.0,2.4453099999999997,-2.331761,DEU,BMU,7284
701413,77,30,1230,2004.0,1244.0,0.0,1.57079,0.6776760000000001,FRA,BMU,7284
701414,81,30,1230,2004.0,259491.0,108842.0,1.872987,0.734065,GBR,BMU,7284
701415,111,30,1230,2004.0,207929.0,0.0,1.440372,0.676068,ITA,BMU,7284
701416,163,30,1230,2004.0,1851.0,0.0,0.731175,-0.0655,NOR,BMU,7284
701417,208,30,1230,2004.0,6442.0,0.0,2.105611,0.707843,SWE,BMU,7284
701418,231,30,1230,2004.0,742266.0,0.0,1.818327,-0.17913900000000002,USA,BMU,7284
701419,249,30,1230,2004.0,184636.0,0.0,1.8844150000000002,1.257951,TWN,BMU,7284
701420,15,35,1230,2004.0,94168.0,0.0,1.958949,0.209296,AUT,BTN,7284
701421,41,35,1230,2004.0,4365.0,0.0,2.234603,0.551975,CHE,BTN,7284
701422,61,35,1230,2004.0,26003.0,0.0,2.4453099999999997,-2.331761,DEU,BTN,7284
701423,77,35,1230,2004.0,32335.0,0.0,1.57079,0.6776760000000001,FRA,BTN,7284
701424,104,35,1230,2004.0,1361452.0,0.0,0.20872,2.817307,IND,BTN,7284
701425,111,35,1230,2004.0,15178.0,0.0,1.440372,0.676068,ITA,BTN,7284
701426,114,35,1230,2004.0,112347.0,0.0,2.756136,0.15545,JPN,BTN,7284
701427,231,35,1230,2004.0,21053.0,0.0,1.818327,-0.17913900000000002,USA,BTN,7284
701428,61,40,1230,2004.0,2000.0,0.0,2.4453099999999997,-2.331761,DEU,CCK,7284
701429,231,40,1230,2004.0,23200.0,0.0,1.818327,-0.17913900000000002,USA,CCK,7284
701430,14,48,1230,2004.0,29611.0,0.0,-0.198735,0.81543,AUS,COK,7284
701431,61,48,1230,2004.0,66078.0,0.0,2.4453099999999997,-2.331761,DEU,COK,7284
701432,166,48,1230,2004.0,123275.0,0.0,0.44099099999999997,0.968326,NZL,COK,7284
701433,14,56,1230,2004.0,181262.0,0.0,-0.198735,0.81543,AUS,CXR,7284
701434,81,56,1230,2004.0,118920.0,0.0,1.872987,0.734065,GBR,CXR,7284
701435,231,56,1230,2004.0,96400.0,0.0,1.818327,-0.17913900000000002,USA,CXR,7284
701436,32,57,1230,2004.0,253409.0,17501.0,0.504233,1.567879,BRA,CYM,7284
701437,39,57,1230,2004.0,23836.0,0.0,0.781591,1.365966,CAN,CYM,7284
701438,81,57,1230,2004.0,9169.0,0.0,1.872987,0.734065,GBR,CYM,7284
701439,162,57,1230,2004.0,1244.0,0.0,1.171327,1.6369799999999999,NLD,CYM,7284
701440,168,57,1230,2004.0,0.0,2046281.0,-0.7489600000000001,0.22493200000000002,PAK,CYM,7284
701441,231,57,1230,2004.0,280704.0,0.0,1.818327,-0.17913900000000002,USA,CYM,7284
701442,61,69,1230,2004.0,46933.0,0.0,2.4453099999999997,-2.331761,DEU,ERI,7284
701443,77,69,1230,2004.0,1244.0,2147.0,1.57079,0.6776760000000001,FRA,ERI,7284
701444,81,69,1230,2004.0,88147.0,0.0,1.872987,0.734065,GBR,ERI,7284
701445,104,69,1230,2004.0,151481.0,0.0,0.20872,2.817307,IND,ERI,7284
701446,106,69,1230,2004.0,107147.0,0.0,1.498475,0.19050799999999998,IRL,ERI,7284
701447,111,69,1230,2004.0,1667563.0,8079.0,1.440372,0.676068,ITA,ERI,7284
701448,113,69,1230,2004.0,12650.0,0.0,0.16384200000000002,0.34270100000000003,JOR,ERI,7284
701449,121,69,1230,2004.0,149588.0,0.0,1.481275,0.7859,KOR,ERI,7284
701450,186,69,1230,2004.0,28491.0,0.0,0.422803,0.017524,RUS,ERI,7284
701451,206,69,1230,2004.0,1052416.0,0.0,1.2683149999999999,0.9208620000000001,SVK,ERI,7284
701452,216,69,1230,2004.0,48865.0,0.0,0.633501,1.4648290000000002,THA,ERI,7284
701453,231,69,1230,2004.0,2849.0,0.0,1.818327,-0.17913900000000002,USA,ERI,7284
701454,246,69,1230,2004.0,2476.0,0.0,0.29599699999999995,1.909018,ZAF,ERI,7284
701455,249,69,1230,2004.0,453695.0,0.0,1.8844150000000002,1.257951,TWN,ERI,7284
701456,14,79,1230,2004.0,61853.0,0.0,-0.198735,0.81543,AUS,FSM,7284
701457,61,79,1230,2004.0,36905.0,0.0,2.4453099999999997,-2.331761,DEU,FSM,7284
701458,114,79,1230,2004.0,9547.0,0.0,2.756136,0.15545,JPN,FSM,7284
701459,121,79,1230,2004.0,3079.0,0.0,1.481275,0.7859,KOR,FSM,7284
701460,138,79,1230,2004.0,0.0,6377.0,1.183707,0.9043700000000001,MEX,FSM,7284
701461,166,79,1230,2004.0,1190.0,0.0,0.44099099999999997,0.968326,NZL,FSM,7284
701462,174,79,1230,2004.0,1405.0,0.0,0.288786,-0.25348699999999996,PHL,FSM,7284
701463,231,79,1230,2004.0,16850.0,0.0,1.818327,-0.17913900000000002,USA,FSM,7284
701464,249,79,1230,2004.0,1958.0,0.0,1.8844150000000002,1.257951,TWN,FSM,7284
701465,14,95,1230,2004.0,11245.0,0.0,-0.198735,0.81543,AUS,GUM,7284
701466,61,95,1230,2004.0,22045.0,0.0,2.4453099999999997,-2.331761,DEU,GUM,7284
701467,64,95,1230,2004.0,2709.0,0.0,1.309074,1.2627979999999999,DNK,GUM,7284
701468,81,95,1230,2004.0,4224.0,0.0,1.872987,0.734065,GBR,GUM,7284
701469,103,95,1230,2004.0,3039.0,0.0,0.010095999999999999,1.7413779999999999,IDN,GUM,7284
701470,104,95,1230,2004.0,4758.0,0.0,0.20872,2.817307,IND,GUM,7284
701471,111,95,1230,2004.0,19035.0,0.0,1.440372,0.676068,ITA,GUM,7284
701472,114,95,1230,2004.0,27386.0,0.0,2.756136,0.15545,JPN,GUM,7284
701473,121,95,1230,2004.0,127340.0,0.0,1.481275,0.7859,KOR,GUM,7284
701474,153,95,1230,2004.0,3401.0,0.0,1.250098,0.352379,MYS,GUM,7284
701475,163,95,1230,2004.0,3733.0,0.0,0.731175,-0.0655,NOR,GUM,7284
701476,166,95,1230,2004.0,2176.0,0.0,0.44099099999999997,0.968326,NZL,GUM,7284
701477,174,95,1230,2004.0,5957.0,7882.0,0.288786,-0.25348699999999996,PHL,GUM,7284
701478,192,95,1230,2004.0,57117.0,0.0,1.804502,0.570084,SGP,GUM,7284
701479,208,95,1230,2004.0,16576.0,0.0,2.105611,0.707843,SWE,GUM,7284
701480,14,119,1230,2004.0,13672.0,0.0,-0.198735,0.81543,AUS,KIR,7284
701481,61,119,1230,2004.0,2000.0,0.0,2.4453099999999997,-2.331761,DEU,KIR,7284
701482,81,119,1230,2004.0,1308.0,0.0,1.872987,0.734065,GBR,KIR,7284
701483,114,119,1230,2004.0,32393.0,0.0,2.756136,0.15545,JPN,KIR,7284
701484,166,119,1230,2004.0,9784.0,0.0,0.44099099999999997,0.968326,NZL,KIR,7284
701485,249,119,1230,2004.0,1758.0,0.0,1.8844150000000002,1.257951,TWN,KIR,7284
701486,14,123,1230,2004.0,1079276.0,0.0,-0.198735,0.81543,AUS,LAO,7284
701487,39,123,1230,2004.0,6562.0,0.0,0.781591,1.365966,CAN,LAO,7284
701488,43,123,1230,2004.0,265626.0,0.0,0.710603,2.017234,CHN,LAO,7284
701489,61,123,1230,2004.0,1964507.0,0.0,2.4453099999999997,-2.331761,DEU,LAO,7284
701490,74,123,1230,2004.0,4274271.0,0.0,1.9662810000000002,1.018108,FIN,LAO,7284
701491,81,123,1230,2004.0,468511.0,0.0,1.872987,0.734065,GBR,LAO,7284
701492,104,123,1230,2004.0,4359.0,0.0,0.20872,2.817307,IND,LAO,7284
701493,111,123,1230,2004.0,14685.0,0.0,1.440372,0.676068,ITA,LAO,7284
701494,121,123,1230,2004.0,85051.0,0.0,1.481275,0.7859,KOR,LAO,7284
701495,163,123,1230,2004.0,8093.0,0.0,0.731175,-0.0655,NOR,LAO,7284
701496,177,123,1230,2004.0,18199.0,0.0,0.989568,1.49055,POL,LAO,7284
701497,192,123,1230,2004.0,67329.0,0.0,1.804502,0.570084,SGP,LAO,7284
701498,208,123,1230,2004.0,19104.0,0.0,2.105611,0.707843,SWE,LAO,7284
701499,216,123,1230,2004.0,353452.0,0.0,0.633501,1.4648290000000002,THA,LAO,7284
701500,231,123,1230,2004.0,916800.0,3338.0,1.818327,-0.17913900000000002,USA,LAO,7284
701501,239,123,1230,2004.0,44518.0,145699.0,-0.46875500000000003,0.734412,VNM,LAO,7284
701502,246,123,1230,2004.0,5583.0,0.0,0.29599699999999995,1.909018,ZAF,LAO,7284
701503,249,123,1230,2004.0,8253.0,0.0,1.8844150000000002,1.257951,TWN,LAO,7284
701504,61,129,1230,2004.0,218271.0,0.0,2.4453099999999997,-2.331761,DEU,LSO,7284
701505,77,129,1230,2004.0,319894.0,0.0,1.57079,0.6776760000000001,FRA,LSO,7284
701506,97,129,1230,2004.0,24455.0,0.0,0.72816,1.403171,HKG,LSO,7284
701507,114,129,1230,2004.0,5971.0,0.0,2.756136,0.15545,JPN,LSO,7284
701508,168,129,1230,2004.0,4208.0,0.0,-0.7489600000000001,0.22493200000000002,PAK,LSO,7284
701509,231,129,1230,2004.0,144886.0,0.0,1.818327,-0.17913900000000002,USA,LSO,7284
701510,246,129,1230,2004.0,125080.0,0.0,0.29599699999999995,1.909018,ZAF,LSO,7284
701511,249,129,1230,2004.0,393922.0,0.0,1.8844150000000002,1.257951,TWN,LSO,7284
701512,14,139,1230,2004.0,51212.0,0.0,-0.198735,0.81543,AUS,MHL,7284
701513,41,139,1230,2004.0,100719.0,0.0,2.234603,0.551975,CHE,MHL,7284
701514,43,139,1230,2004.0,5066.0,0.0,0.710603,2.017234,CHN,MHL,7284
701515,81,139,1230,2004.0,34010.0,0.0,1.872987,0.734065,GBR,MHL,7284
701516,114,139,1230,2004.0,326545.0,0.0,2.756136,0.15545,JPN,MHL,7284
701517,162,139,1230,2004.0,3732.0,0.0,1.171327,1.6369799999999999,NLD,MHL,7284
701518,231,139,1230,2004.0,111639.0,0.0,1.818327,-0.17913900000000002,USA,MHL,7284
701519,249,139,1230,2004.0,11128.0,0.0,1.8844150000000002,1.257951,TWN,MHL,7284
701520,14,146,1230,2004.0,2198.0,0.0,-0.198735,0.81543,AUS,MNP,7284
701521,114,146,1230,2004.0,57853.0,3930.0,2.756136,0.15545,JPN,MNP,7284
701522,121,146,1230,2004.0,25231.0,1605.0,1.481275,0.7859,KOR,MNP,7284
701523,192,146,1230,2004.0,1662.0,0.0,1.804502,0.570084,SGP,MNP,7284
701524,14,158,1230,2004.0,35349.0,0.0,-0.198735,0.81543,AUS,NFK,7284
701525,14,161,1230,2004.0,39297.0,0.0,-0.198735,0.81543,AUS,NIU,7284
701526,61,161,1230,2004.0,62150.0,0.0,2.4453099999999997,-2.331761,DEU,NIU,7284
701527,166,161,1230,2004.0,21642.0,0.0,0.44099099999999997,0.968326,NZL,NIU,7284
701528,249,161,1230,2004.0,29820.0,0.0,1.8844150000000002,1.257951,TWN,NIU,7284
701529,14,165,1230,2004.0,1798.0,0.0,-0.198735,0.81543,AUS,NRU,7284
701530,61,165,1230,2004.0,21011.0,0.0,2.4453099999999997,-2.331761,DEU,NRU,7284
701531,231,165,1230,2004.0,3050.0,0.0,1.818327,-0.17913900000000002,USA,NRU,7284
701532,163,171,1230,2004.0,6568.0,0.0,0.731175,-0.0655,NOR,PCN,7284
701533,176,171,1230,2004.0,1809.0,0.0,-1.57259,-1.215066,PNG,PCN,7284
701534,61,175,1230,2004.0,34131.0,0.0,2.4453099999999997,-2.331761,DEU,PLW,7284
701535,114,175,1230,2004.0,286719.0,0.0,2.756136,0.15545,JPN,PLW,7284
701536,121,175,1230,2004.0,3929.0,33250.0,1.481275,0.7859,KOR,PLW,7284
701537,231,175,1230,2004.0,80035.0,0.0,1.818327,-0.17913900000000002,USA,PLW,7284
701538,249,175,1230,2004.0,70993.0,0.0,1.8844150000000002,1.257951,TWN,PLW,7284
701539,61,194,1230,2004.0,0.0,5815.0,2.4453099999999997,-2.331761,DEU,SHN,7284
701540,121,194,1230,2004.0,0.0,5206.0,1.481275,0.7859,KOR,SHN,7284
701541,216,194,1230,2004.0,0.0,252709.0,0.633501,1.4648290000000002,THA,SHN,7284
701542,226,194,1230,2004.0,0.0,1294.0,-0.935327,0.362709,TZA,SHN,7284
701543,231,194,1230,2004.0,161743.0,0.0,1.818327,-0.17913900000000002,USA,SHN,7284
701544,246,194,1230,2004.0,8548.0,0.0,0.29599699999999995,1.909018,ZAF,SHN,7284
701545,14,220,1230,2004.0,48980.0,0.0,-0.198735,0.81543,AUS,TLS,7284
701546,61,220,1230,2004.0,93981.0,0.0,2.4453099999999997,-2.331761,DEU,TLS,7284
701547,103,220,1230,2004.0,3743.0,0.0,0.010095999999999999,1.7413779999999999,IDN,TLS,7284
701548,104,220,1230,2004.0,1817.0,0.0,0.20872,2.817307,IND,TLS,7284
701549,114,220,1230,2004.0,0.0,1903.0,2.756136,0.15545,JPN,TLS,7284
701550,231,220,1230,2004.0,11340.0,0.0,1.818327,-0.17913900000000002,USA,TLS,7284
701551,75,225,1230,2004.0,5035.0,0.0,-0.793333,-0.27460100000000004,FJI,TUV,7284
701552,166,225,1230,2004.0,2115.0,0.0,0.44099099999999997,0.968326,NZL,TUV,7284
701553,14,229,1230,2004.0,166666.0,0.0,-0.198735,0.81543,AUS,UMI,7284
701554,41,229,1230,2004.0,7411.0,0.0,2.234603,0.551975,CHE,UMI,7284
701555,106,229,1230,2004.0,51108.0,0.0,1.498475,0.19050799999999998,IRL,UMI,7284
701556,174,229,1230,2004.0,5279.0,1588.0,0.288786,-0.25348699999999996,PHL,UMI,7284
701557,14,240,1230,2004.0,81041.0,0.0,-0.198735,0.81543,AUS,VUT,7284
701558,68,240,1230,2004.0,0.0,32261.0,-0.35823499999999997,0.5000100000000001,EGY,VUT,7284
701559,77,240,1230,2004.0,8706.0,0.0,1.57079,0.6776760000000001,FRA,VUT,7284
701560,81,240,1230,2004.0,1283.0,0.0,1.872987,0.734065,GBR,VUT,7284
701561,104,240,1230,2004.0,4341.0,0.0,0.20872,2.817307,IND,VUT,7284
701562,156,240,1230,2004.0,14036.0,0.0,-0.279566,-0.860456,NCL,VUT,7284
701563,166,240,1230,2004.0,44794.0,0.0,0.44099099999999997,0.968326,NZL,VUT,7284
701564,192,240,1230,2004.0,2677.0,0.0,1.804502,0.570084,SGP,VUT,7284
701565,14,241,1230,2004.0,11727.0,0.0,-0.198735,0.81543,AUS,WLF,7284
701566,43,241,1230,2004.0,1527.0,0.0,0.710603,2.017234,CHN,WLF,7284
701567,75,241,1230,2004.0,1042.0,0.0,-0.793333,-0.27460100000000004,FJI,WLF,7284
701568,77,241,1230,2004.0,40414.0,0.0,1.57079,0.6776760000000001,FRA,WLF,7284
701569,166,241,1230,2004.0,3577.0,0.0,0.44099099999999997,0.968326,NZL,WLF,7284
701570,77,12,1230,2004.0,11193.0,0.0,1.57079,0.6776760000000001,FRA,ATF,7284
701571,15,88,1230,2004.0,9304.0,0.0,1.958949,0.209296,AUT,GNB,7284
701572,32,88,1230,2004.0,3607.0,0.0,0.504233,1.567879,BRA,GNB,7284
701573,43,88,1230,2004.0,2694.0,0.0,0.710603,2.017234,CHN,GNB,7284
701574,71,88,1230,2004.0,1566.0,0.0,1.04057,1.789023,ESP,GNB,7284
701575,81,88,1230,2004.0,2744.0,0.0,1.872987,0.734065,GBR,GNB,7284
701576,111,88,1230,2004.0,24977.0,0.0,1.440372,0.676068,ITA,GNB,7284
701577,18,92,1230,2004.0,7990.0,0.0,1.242665,1.541444,BEL,GRL,7284
701578,39,92,1230,2004.0,6660.0,0.0,0.781591,1.365966,CAN,GRL,7284
701579,64,92,1230,2004.0,994824.0,679951.0,1.309074,1.2627979999999999,DNK,GRL,7284
701580,74,92,1230,2004.0,2630.0,0.0,1.9662810000000002,1.018108,FIN,GRL,7284
701581,77,92,1230,2004.0,3438.0,0.0,1.57079,0.6776760000000001,FRA,GRL,7284
701582,163,92,1230,2004.0,29803.0,0.0,0.731175,-0.0655,NOR,GRL,7284
701583,208,92,1230,2004.0,3663.0,1226.0,2.105611,0.707843,SWE,GRL,7284
701584,224,92,1230,2004.0,0.0,10232.0,0.249065,1.910598,TUR,GRL,7284
701585,15,198,1230,2004.0,52205.0,0.0,1.958949,0.209296,AUT,SMR,7284
701586,18,198,1230,2004.0,0.0,13522.0,1.242665,1.541444,BEL,SMR,7284
701587,64,198,1230,2004.0,3448.0,0.0,1.309074,1.2627979999999999,DNK,SMR,7284
701588,71,198,1230,2004.0,0.0,16558.0,1.04057,1.789023,ESP,SMR,7284
701589,74,198,1230,2004.0,0.0,2012.0,1.9662810000000002,1.018108,FIN,SMR,7284
701590,81,198,1230,2004.0,10642.0,9514.0,1.872987,0.734065,GBR,SMR,7284
701591,102,198,1230,2004.0,0.0,16000.0,1.3579370000000002,0.9993219999999999,HUN,SMR,7284
701592,106,198,1230,2004.0,3236.0,0.0,1.498475,0.19050799999999998,IRL,SMR,7284
701593,115,198,1230,2004.0,0.0,83820.0,-0.43987200000000004,-0.50862,KAZ,SMR,7284
701594,177,198,1230,2004.0,0.0,2224.0,0.989568,1.49055,POL,SMR,7284
701595,231,198,1230,2004.0,43881.0,2455.0,1.818327,-0.17913900000000002,USA,SMR,7284
701596,15,218,1230,2004.0,261530.0,0.0,1.958949,0.209296,AUT,TKL,7284
701597,61,218,1230,2004.0,28742.0,0.0,2.4453099999999997,-2.331761,DEU,TKL,7284
701598,81,218,1230,2004.0,274716.0,0.0,1.872987,0.734065,GBR,TKL,7284
701599,121,218,1230,2004.0,0.0,5945.0,1.481275,0.7859,KOR,TKL,7284
701600,208,218,1230,2004.0,20395.0,0.0,2.105611,0.707843,SWE,TKL,7284
701601,231,218,1230,2004.0,12750.0,5618.0,1.818327,-0.17913900000000002,USA,TKL,7284
701602,246,218,1230,2004.0,0.0,11603.0,0.29599699999999995,1.909018,ZAF,TKL,7284
701603,231,233,1230,2004.0,53579.0,56971.0,1.818327,-0.17913900000000002,USA,VAT,7284
701604,18,38,1230,2004.0,5734.0,0.0,1.242665,1.541444,BEL,CAF,7284
701605,45,38,1230,2004.0,4970.0,0.0,-1.380149,-1.220501,CMR,CAF,7284
701606,61,38,1230,2004.0,24079.0,0.0,2.4453099999999997,-2.331761,DEU,CAF,7284
701607,77,38,1230,2004.0,268220.0,3642.0,1.57079,0.6776760000000001,FRA,CAF,7284
701608,81,38,1230,2004.0,6753.0,0.0,1.872987,0.734065,GBR,CAF,7284
701609,104,38,1230,2004.0,91495.0,0.0,0.20872,2.817307,IND,CAF,7284
701610,111,38,1230,2004.0,533956.0,0.0,1.440372,0.676068,ITA,CAF,7284
701611,124,38,1230,2004.0,7736.0,0.0,0.269753,1.3152979999999999,LBN,CAF,7284
701612,162,38,1230,2004.0,5495.0,0.0,1.171327,1.6369799999999999,NLD,CAF,7284
701613,224,38,1230,2004.0,7324.0,0.0,0.249065,1.910598,TUR,CAF,7284
701614,231,38,1230,2004.0,58181.0,0.0,1.818327,-0.17913900000000002,USA,CAF,7284
701615,250,38,1230,2004.0,35363.0,0.0,0.46240200000000004,-0.406624,ANS,CAF,7284
701616,39,200,1230,2004.0,9489.0,0.0,0.781591,1.365966,CAN,SPM,7284
701617,77,200,1230,2004.0,100737.0,0.0,1.57079,0.6776760000000001,FRA,SPM,7284
701618,104,200,1230,2004.0,2464.0,0.0,0.20872,2.817307,IND,SPM,7284
701619,39,213,1230,2004.0,63492.0,0.0,0.781591,1.365966,CAN,TCA,7284
701620,61,213,1230,2004.0,3000.0,0.0,2.4453099999999997,-2.331761,DEU,TCA,7284
701621,81,213,1230,2004.0,4324.0,0.0,1.872987,0.734065,GBR,TCA,7284
701622,141,213,1230,2004.0,0.0,71590.0,-0.5807979999999999,-0.797311,MLI,TCA,7284
701623,177,213,1230,2004.0,0.0,3767.0,0.989568,1.49055,POL,TCA,7284
701624,231,213,1230,2004.0,270558.0,0.0,1.818327,-0.17913900000000002,USA,TCA,7284
701625,246,213,1230,2004.0,3322.0,0.0,0.29599699999999995,1.909018,ZAF,TCA,7284
701626,81,76,1230,2004.0,302877.0,0.0,1.872987,0.734065,GBR,FLK,7284
701627,111,76,1230,2004.0,19519.0,0.0,1.440372,0.676068,ITA,FLK,7284
701628,61,193,1230,2004.0,5014.0,11112.0,2.4453099999999997,-2.331761,DEU,SGS,7284
701629,77,193,1230,2004.0,4975.0,0.0,1.57079,0.6776760000000001,FRA,SGS,7284
701630,3,6,1242,2004.0,3123.0,24430.0,1.215071,0.143539,AIA,ANT,7414
701631,15,6,1242,2004.0,1299.0,0.0,1.958949,0.209296,AUT,ANT,7414
701632,18,6,1242,2004.0,9869.0,0.0,1.242665,1.541444,BEL,ANT,7414
701633,22,6,1242,2004.0,0.0,23954.0,-1.074194,-0.9392389999999999,BGD,ANT,7414
701634,32,6,1242,2004.0,32971.0,0.0,0.504233,1.567879,BRA,ANT,7414
701635,39,6,1242,2004.0,8671.0,0.0,0.781591,1.365966,CAN,ANT,7414
701636,43,6,1242,2004.0,2175.0,0.0,0.710603,2.017234,CHN,ANT,7414
701637,49,6,1242,2004.0,9895.0,0.0,0.044706,0.514304,COL,ANT,7414
701638,61,6,1242,2004.0,37533.0,0.0,2.4453099999999997,-2.331761,DEU,ANT,7414
701639,64,6,1242,2004.0,78046.0,0.0,1.309074,1.2627979999999999,DNK,ANT,7414
701640,74,6,1242,2004.0,3114.0,0.0,1.9662810000000002,1.018108,FIN,ANT,7414
701641,77,6,1242,2004.0,42285.0,0.0,1.57079,0.6776760000000001,FRA,ANT,7414
701642,111,6,1242,2004.0,71648.0,0.0,1.440372,0.676068,ITA,ANT,7414
701643,114,6,1242,2004.0,53663.0,0.0,2.756136,0.15545,JPN,ANT,7414
701644,120,6,1242,2004.0,0.0,8296.0,0.5528109999999999,-0.342657,KNA,ANT,7414
701645,162,6,1242,2004.0,211496.0,0.0,1.171327,1.6369799999999999,NLD,ANT,7414
701646,179,6,1242,2004.0,2965.0,0.0,0.705075,1.7268729999999999,PRT,ANT,7414
701647,208,6,1242,2004.0,33600.0,0.0,2.105611,0.707843,SWE,ANT,7414
701648,222,6,1242,2004.0,31712.0,0.0,-0.108049,-0.923523,TTO,ANT,7414
701649,231,6,1242,2004.0,988349.0,4146.0,1.818327,-0.17913900000000002,USA,ANT,7414
701650,236,6,1242,2004.0,61696.0,0.0,-0.41193900000000006,-0.9578899999999999,VEN,ANT,7414
701651,249,6,1242,2004.0,36777.0,0.0,1.8844150000000002,1.257951,TWN,ANT,7414
701652,1,8,1242,2004.0,0.0,137006.0,-0.8890309999999999,-0.773602,AFG,ARG,7414
701653,2,8,1242,2004.0,0.0,428456.0,-0.8688110000000001,-1.198692,AGO,ARG,7414
701654,7,8,1242,2004.0,0.0,75965.0,-0.10993399999999999,-0.5351640000000001,ARE,ARG,7414
701655,14,8,1242,2004.0,13661.0,51073.0,-0.198735,0.81543,AUS,ARG,7414
701656,15,8,1242,2004.0,153570.0,0.0,1.958949,0.209296,AUT,ARG,7414
701657,18,8,1242,2004.0,0.0,10500.0,1.242665,1.541444,BEL,ARG,7414
701658,31,8,1242,2004.0,0.0,321642.0,-0.841087,-0.770059,BOL,ARG,7414
701659,32,8,1242,2004.0,19289338.0,8226103.0,0.504233,1.567879,BRA,ARG,7414
701660,33,8,1242,2004.0,0.0,4358.0,0.644308,0.290054,BRB,ARG,7414
701661,39,8,1242,2004.0,16903.0,0.0,0.781591,1.365966,CAN,ARG,7414
701662,41,8,1242,2004.0,2062.0,294433.0,2.234603,0.551975,CHE,ARG,7414
701663,42,8,1242,2004.0,1276652.0,4706537.0,-0.24101399999999998,-0.303103,CHL,ARG,7414
701664,43,8,1242,2004.0,282742.0,302746.0,0.710603,2.017234,CHN,ARG,7414
701665,44,8,1242,2004.0,0.0,14240.0,-0.835933,-0.749289,CIV,ARG,7414
701666,49,8,1242,2004.0,0.0,154751.0,0.044706,0.514304,COL,ARG,7414
701667,52,8,1242,2004.0,9636.0,400595.0,-0.036323,-0.313847,CRI,ARG,7414
701668,54,8,1242,2004.0,0.0,167027.0,-0.16826,-0.644388,CUB,ARG,7414
701669,58,8,1242,2004.0,0.0,13366.0,0.42732200000000004,0.811763,CYP,ARG,7414
701670,59,8,1242,2004.0,499827.0,16995.0,1.612543,0.607495,CZE,ARG,7414
701671,61,8,1242,2004.0,465677.0,121500.0,2.4453099999999997,-2.331761,DEU,ARG,7414
701672,64,8,1242,2004.0,93797.0,1242952.0,1.309074,1.2627979999999999,DNK,ARG,7414
701673,65,8,1242,2004.0,0.0,78744.0,-0.24909699999999999,-0.326783,DOM,ARG,7414
701674,67,8,1242,2004.0,0.0,820309.0,-0.990727,-0.9383090000000001,ECU,ARG,7414
701675,68,8,1242,2004.0,0.0,1255.0,-0.35823499999999997,0.5000100000000001,EGY,ARG,7414
701676,71,8,1242,2004.0,513092.0,385436.0,1.04057,1.789023,ESP,ARG,7414
701677,74,8,1242,2004.0,0.0,104110.0,1.9662810000000002,1.018108,FIN,ARG,7414
701678,77,8,1242,2004.0,686692.0,0.0,1.57079,0.6776760000000001,FRA,ARG,7414
701679,81,8,1242,2004.0,95244.0,1197.0,1.872987,0.734065,GBR,ARG,7414
701680,93,8,1242,2004.0,0.0,285159.0,-0.39399,0.139128,GTM,ARG,7414
701681,97,8,1242,2004.0,1898.0,0.0,0.72816,1.403171,HKG,ARG,7414
701682,99,8,1242,2004.0,0.0,217784.0,-0.6372140000000001,-0.453946,HND,ARG,7414
701683,103,8,1242,2004.0,0.0,8690.0,0.010095999999999999,1.7413779999999999,IDN,ARG,7414
701684,104,8,1242,2004.0,3987.0,11758.0,0.20872,2.817307,IND,ARG,7414
701685,106,8,1242,2004.0,18297.0,0.0,1.498475,0.19050799999999998,IRL,ARG,7414
701686,110,8,1242,2004.0,1135584.0,11250.0,1.252895,0.8662770000000001,ISR,ARG,7414
701687,111,8,1242,2004.0,2666280.0,692969.0,1.440372,0.676068,ITA,ARG,7414
701688,112,8,1242,2004.0,0.0,77853.0,-0.505365,-0.9596120000000001,JAM,ARG,7414
701689,114,8,1242,2004.0,1347878.0,0.0,2.756136,0.15545,JPN,ARG,7414
701690,121,8,1242,2004.0,188509.0,6044.0,1.481275,0.7859,KOR,ARG,7414
701691,122,8,1242,2004.0,0.0,22613.0,-0.8195479999999999,-1.2105709999999998,KWT,ARG,7414
701692,138,8,1242,2004.0,295962.0,516940.0,1.183707,0.9043700000000001,MEX,ARG,7414
701693,160,8,1242,2004.0,0.0,13900.0,-1.003846,-0.697642,NIC,ARG,7414
701694,162,8,1242,2004.0,235516.0,0.0,1.171327,1.6369799999999999,NLD,ARG,7414
701695,163,8,1242,2004.0,1480.0,0.0,0.731175,-0.0655,NOR,ARG,7414
701696,166,8,1242,2004.0,36501.0,0.0,0.44099099999999997,0.968326,NZL,ARG,7414
701697,167,8,1242,2004.0,0.0,83148.0,-0.707862,-1.187629,OMN,ARG,7414
701698,168,8,1242,2004.0,0.0,31929.0,-0.7489600000000001,0.22493200000000002,PAK,ARG,7414
701699,169,8,1242,2004.0,0.0,83569.0,0.054997000000000004,0.440416,PAN,ARG,7414
701700,173,8,1242,2004.0,0.0,522857.0,-0.609837,0.13314,PER,ARG,7414
701701,177,8,1242,2004.0,1561.0,1098.0,0.989568,1.49055,POL,ARG,7414
701702,179,8,1242,2004.0,220458.0,71228.0,0.705075,1.7268729999999999,PRT,ARG,7414
701703,180,8,1242,2004.0,0.0,488411.0,-0.634469,-0.870034,PRY,ARG,7414
701704,192,8,1242,2004.0,0.0,36389.0,1.804502,0.570084,SGP,ARG,7414
701705,197,8,1242,2004.0,0.0,478943.0,-0.21054299999999998,0.086382,SLV,ARG,7414
701706,206,8,1242,2004.0,1120.0,0.0,1.2683149999999999,0.9208620000000001,SVK,ARG,7414
701707,208,8,1242,2004.0,329239.0,0.0,2.105611,0.707843,SWE,ARG,7414
701708,216,8,1242,2004.0,3829378.0,0.0,0.633501,1.4648290000000002,THA,ARG,7414
701709,222,8,1242,2004.0,4702.0,0.0,-0.108049,-0.923523,TTO,ARG,7414
701710,224,8,1242,2004.0,31801.0,85968.0,0.249065,1.910598,TUR,ARG,7414
701711,230,8,1242,2004.0,11575.0,1145470.0,-0.051583000000000004,0.145056,URY,ARG,7414
701712,231,8,1242,2004.0,2775670.0,231324.0,1.818327,-0.17913900000000002,USA,ARG,7414
701713,236,8,1242,2004.0,0.0,1412862.0,-0.41193900000000006,-0.9578899999999999,VEN,ARG,7414
701714,246,8,1242,2004.0,0.0,85617.0,0.29599699999999995,1.909018,ZAF,ARG,7414
701715,249,8,1242,2004.0,42306.0,58707.0,1.8844150000000002,1.257951,TWN,ARG,7414
701716,250,8,1242,2004.0,654237.0,100445.0,0.46240200000000004,-0.406624,ANS,ARG,7414
701717,32,13,1242,2004.0,0.0,1600.0,0.504233,1.567879,BRA,ATG,7414
701718,41,13,1242,2004.0,0.0,76619.0,2.234603,0.551975,CHE,ATG,7414
701719,49,13,1242,2004.0,3978.0,0.0,0.044706,0.514304,COL,ATG,7414
701720,61,13,1242,2004.0,4030.0,0.0,2.4453099999999997,-2.331761,DEU,ATG,7414
701721,64,13,1242,2004.0,29056.0,0.0,1.309074,1.2627979999999999,DNK,ATG,7414
701722,74,13,1242,2004.0,1004.0,0.0,1.9662810000000002,1.018108,FIN,ATG,7414
701723,106,13,1242,2004.0,195332.0,0.0,1.498475,0.19050799999999998,IRL,ATG,7414
701724,120,13,1242,2004.0,0.0,2567.0,0.5528109999999999,-0.342657,KNA,ATG,7414
701725,162,13,1242,2004.0,14929.0,0.0,1.171327,1.6369799999999999,NLD,ATG,7414
701726,179,13,1242,2004.0,1728.0,0.0,0.705075,1.7268729999999999,PRT,ATG,7414
701727,208,13,1242,2004.0,2743.0,0.0,2.105611,0.707843,SWE,ATG,7414
701728,222,13,1242,2004.0,60700.0,0.0,-0.108049,-0.923523,TTO,ATG,7414
701729,231,13,1242,2004.0,334334.0,3550.0,1.818327,-0.17913900000000002,USA,ATG,7414
701730,7,14,1242,2004.0,109288.0,381932.0,-0.10993399999999999,-0.5351640000000001,ARE,AUS,7414
701731,8,14,1242,2004.0,51073.0,13661.0,-0.070845,0.879574,ARG,AUS,7414
701732,10,14,1242,2004.0,0.0,2523.0,1.0764479999999998,0.678424,ASM,AUS,7414
701733,15,14,1242,2004.0,1140683.0,92659.0,1.958949,0.209296,AUT,AUS,7414
701734,18,14,1242,2004.0,161052.0,11368.0,1.242665,1.541444,BEL,AUS,7414
701735,32,14,1242,2004.0,49495.0,9456.0,0.504233,1.567879,BRA,AUS,7414
701736,34,14,1242,2004.0,32696.0,22470.0,-0.720827,-0.964435,BRN,AUS,7414
701737,39,14,1242,2004.0,194026.0,6358.0,0.781591,1.365966,CAN,AUS,7414
701738,40,14,1242,2004.0,0.0,43443.0,1.172683,-0.278441,CCK,AUS,7414
701739,41,14,1242,2004.0,141159.0,0.0,2.234603,0.551975,CHE,AUS,7414
701740,42,14,1242,2004.0,0.0,10654.0,-0.24101399999999998,-0.303103,CHL,AUS,7414
701741,43,14,1242,2004.0,23974406.0,3503687.0,0.710603,2.017234,CHN,AUS,7414
701742,48,14,1242,2004.0,0.0,8052.0,0.24186799999999997,-0.599005,COK,AUS,7414
701743,56,14,1242,2004.0,0.0,6681.0,0.575246,-0.652756,CXR,AUS,7414
701744,58,14,1242,2004.0,0.0,27380.0,0.42732200000000004,0.811763,CYP,AUS,7414
701745,59,14,1242,2004.0,100925.0,35099.0,1.612543,0.607495,CZE,AUS,7414
701746,61,14,1242,2004.0,5110666.0,83458.0,2.4453099999999997,-2.331761,DEU,AUS,7414
701747,64,14,1242,2004.0,6703960.0,76139.0,1.309074,1.2627979999999999,DNK,AUS,7414
701748,68,14,1242,2004.0,0.0,41632.0,-0.35823499999999997,0.5000100000000001,EGY,AUS,7414
701749,71,14,1242,2004.0,3489796.0,252635.0,1.04057,1.789023,ESP,AUS,7414
701750,74,14,1242,2004.0,32686.0,7261.0,1.9662810000000002,1.018108,FIN,AUS,7414
701751,75,14,1242,2004.0,0.0,841343.0,-0.793333,-0.27460100000000004,FJI,AUS,7414
701752,77,14,1242,2004.0,18163816.0,116006.0,1.57079,0.6776760000000001,FRA,AUS,7414
701753,81,14,1242,2004.0,1244957.0,1251159.0,1.872987,0.734065,GBR,AUS,7414
701754,82,14,1242,2004.0,0.0,1036.0,-0.030676,-0.560186,GEO,AUS,7414
701755,83,14,1242,2004.0,0.0,63455.0,-1.015073,-0.9147069999999999,GHA,AUS,7414
701756,90,14,1242,2004.0,415240.0,104012.0,0.298029,1.745886,GRC,AUS,7414
701757,95,14,1242,2004.0,0.0,10818.0,0.136164,-0.616118,GUM,AUS,7414
701758,97,14,1242,2004.0,3610805.0,138224.0,0.72816,1.403171,HKG,AUS,7414
701759,102,14,1242,2004.0,588186.0,2551.0,1.3579370000000002,0.9993219999999999,HUN,AUS,7414
701760,103,14,1242,2004.0,1074634.0,674701.0,0.010095999999999999,1.7413779999999999,IDN,AUS,7414
701761,104,14,1242,2004.0,461766.0,135192.0,0.20872,2.817307,IND,AUS,7414
701762,106,14,1242,2004.0,3744557.0,7539.0,1.498475,0.19050799999999998,IRL,AUS,7414
701763,107,14,1242,2004.0,2107.0,40741.0,-0.6691699999999999,-1.002548,IRN,AUS,7414
701764,110,14,1242,2004.0,15654.0,12198.0,1.252895,0.8662770000000001,ISR,AUS,7414
701765,111,14,1242,2004.0,21173230.0,102650.0,1.440372,0.676068,ITA,AUS,7414
701766,113,14,1242,2004.0,0.0,5968.0,0.16384200000000002,0.34270100000000003,JOR,AUS,7414
701767,114,14,1242,2004.0,67361328.0,465328.0,2.756136,0.15545,JPN,AUS,7414
701768,119,14,1242,2004.0,0.0,3597.0,-0.21806399999999998,-0.797764,KIR,AUS,7414
701769,121,14,1242,2004.0,2821164.0,592081.0,1.481275,0.7859,KOR,AUS,7414
701770,122,14,1242,2004.0,0.0,96089.0,-0.8195479999999999,-1.2105709999999998,KWT,AUS,7414
701771,124,14,1242,2004.0,18375.0,3231.0,0.269753,1.3152979999999999,LBN,AUS,7414
701772,128,14,1242,2004.0,0.0,656748.0,-0.42450299999999996,0.173518,LKA,AUS,7414
701773,131,14,1242,2004.0,2821.0,0.0,1.258828,1.079923,LUX,AUS,7414
701774,133,14,1242,2004.0,1750.0,0.0,-0.12333599999999999,-0.600164,MAC,AUS,7414
701775,137,14,1242,2004.0,0.0,679032.0,-0.44303000000000003,-0.841744,MDV,AUS,7414
701776,138,14,1242,2004.0,645341.0,137898.0,1.183707,0.9043700000000001,MEX,AUS,7414
701777,139,14,1242,2004.0,0.0,47199.0,-0.712684,-0.88944,MHL,AUS,7414
701778,140,14,1242,2004.0,1469.0,0.0,-0.120439,0.27624899999999997,MKD,AUS,7414
701779,145,14,1242,2004.0,0.0,7388.0,-0.920198,-1.1059219999999998,MNG,AUS,7414
701780,149,14,1242,2004.0,0.0,21048.0,0.854981,0.5103979999999999,MSR,AUS,7414
701781,151,14,1242,2004.0,7515.0,6671.0,-0.161262,-0.29730300000000004,MUS,AUS,7414
701782,153,14,1242,2004.0,662056.0,2250863.0,1.250098,0.352379,MYS,AUS,7414
701783,155,14,1242,2004.0,0.0,1021.0,-0.408989,-0.462016,NAM,AUS,7414
701784,156,14,1242,2004.0,0.0,238880.0,-0.279566,-0.860456,NCL,AUS,7414
701785,158,14,1242,2004.0,0.0,17227.0,1.2421200000000001,-0.40618899999999997,NFK,AUS,7414
701786,159,14,1242,2004.0,0.0,4753.0,-2.336753,-1.350375,NGA,AUS,7414
701787,162,14,1242,2004.0,1621056.0,79080.0,1.171327,1.6369799999999999,NLD,AUS,7414
701788,163,14,1242,2004.0,27069.0,0.0,0.731175,-0.0655,NOR,AUS,7414
701789,166,14,1242,2004.0,40399900.0,8066357.0,0.44099099999999997,0.968326,NZL,AUS,7414
701790,167,14,1242,2004.0,0.0,2444.0,-0.707862,-1.187629,OMN,AUS,7414
701791,168,14,1242,2004.0,0.0,9428.0,-0.7489600000000001,0.22493200000000002,PAK,AUS,7414
701792,173,14,1242,2004.0,0.0,18314.0,-0.609837,0.13314,PER,AUS,7414
701793,174,14,1242,2004.0,367226.0,113880.0,0.288786,-0.25348699999999996,PHL,AUS,7414
701794,176,14,1242,2004.0,6387.0,1111885.0,-1.57259,-1.215066,PNG,AUS,7414
701795,177,14,1242,2004.0,91688.0,15264.0,0.989568,1.49055,POL,AUS,7414
701796,179,14,1242,2004.0,631300.0,5229.0,0.705075,1.7268729999999999,PRT,AUS,7414
701797,182,14,1242,2004.0,0.0,6535.0,-0.125349,-0.718282,PYF,AUS,7414
701798,183,14,1242,2004.0,0.0,89282.0,0.018141,-1.03766,QAT,AUS,7414
701799,185,14,1242,2004.0,432941.0,0.0,0.53925,1.145066,ROU,AUS,7414
701800,186,14,1242,2004.0,1138.0,7295.0,0.422803,0.017524,RUS,AUS,7414
701801,188,14,1242,2004.0,0.0,120233.0,0.361324,-0.760732,SAU,AUS,7414
701802,192,14,1242,2004.0,502334.0,1032428.0,1.804502,0.570084,SGP,AUS,7414
701803,195,14,1242,2004.0,0.0,318457.0,-1.337367,-1.051245,SLB,AUS,7414
701804,206,14,1242,2004.0,53321.0,2577.0,1.2683149999999999,0.9208620000000001,SVK,AUS,7414
701805,207,14,1242,2004.0,183259.0,0.0,1.700677,0.829765,SVN,AUS,7414
701806,208,14,1242,2004.0,2052568.0,3636.0,2.105611,0.707843,SWE,AUS,7414
701807,216,14,1242,2004.0,10934495.0,86791.0,0.633501,1.4648290000000002,THA,AUS,7414
701808,220,14,1242,2004.0,0.0,8647.0,0.437675,-0.21816300000000002,TLS,AUS,7414
701809,221,14,1242,2004.0,0.0,25901.0,-0.431874,-0.8715629999999999,TON,AUS,7414
701810,222,14,1242,2004.0,0.0,4126.0,-0.108049,-0.923523,TTO,AUS,7414
701811,224,14,1242,2004.0,474838.0,46264.0,0.249065,1.910598,TUR,AUS,7414
701812,225,14,1242,2004.0,0.0,4377.0,1.8128529999999998,-0.173455,TUV,AUS,7414
701813,226,14,1242,2004.0,0.0,7009.0,-0.935327,0.362709,TZA,AUS,7414
701814,228,14,1242,2004.0,0.0,11504.0,0.672848,1.172735,UKR,AUS,7414
701815,231,14,1242,2004.0,38825544.0,806602.0,1.818327,-0.17913900000000002,USA,AUS,7414
701816,239,14,1242,2004.0,0.0,40273.0,-0.46875500000000003,0.734412,VNM,AUS,7414
701817,240,14,1242,2004.0,0.0,166767.0,-1.284054,-1.0415809999999999,VUT,AUS,7414
701818,241,14,1242,2004.0,0.0,71550.0,2.237209,0.203692,WLF,AUS,7414
701819,242,14,1242,2004.0,0.0,319147.0,-0.183327,-0.6788569999999999,WSM,AUS,7414
701820,246,14,1242,2004.0,885664.0,299299.0,0.29599699999999995,1.909018,ZAF,AUS,7414
701821,248,14,1242,2004.0,0.0,53540.0,-0.44064799999999993,0.01704,ZWE,AUS,7414
701822,249,14,1242,2004.0,1102008.0,83399.0,1.8844150000000002,1.257951,TWN,AUS,7414
701823,250,14,1242,2004.0,10702575.0,29599.0,0.46240200000000004,-0.406624,ANS,AUS,7414
701824,0,15,1242,2004.0,0.0,28239.0,0.074978,-0.8537239999999999,ABW,AUT,7414
701825,2,15,1242,2004.0,0.0,4204.0,-0.8688110000000001,-1.198692,AGO,AUT,7414
701826,4,15,1242,2004.0,0.0,14785.0,-0.142479,0.136074,ALB,AUT,7414
701827,6,15,1242,2004.0,0.0,1299.0,0.080304,-0.634516,ANT,AUT,7414
701828,7,15,1242,2004.0,0.0,24593.0,-0.10993399999999999,-0.5351640000000001,ARE,AUT,7414
701829,8,15,1242,2004.0,0.0,153570.0,-0.070845,0.879574,ARG,AUT,7414
701830,14,15,1242,2004.0,92659.0,1140683.0,-0.198735,0.81543,AUS,AUT,7414
701831,16,15,1242,2004.0,0.0,20213.0,-0.720616,-1.009692,AZE,AUT,7414
701832,18,15,1242,2004.0,11994803.0,6084144.0,1.242665,1.541444,BEL,AUT,7414
701833,21,15,1242,2004.0,0.0,1627.0,-1.118427,-1.091315,BFA,AUT,7414
701834,22,15,1242,2004.0,0.0,3269.0,-1.074194,-0.9392389999999999,BGD,AUT,7414
701835,23,15,1242,2004.0,261938.0,955402.0,0.390627,1.631006,BGR,AUT,7414
701836,24,15,1242,2004.0,0.0,23196.0,-0.551237,-1.174628,BHR,AUT,7414
701837,25,15,1242,2004.0,0.0,13566.0,0.029548,-0.692239,BHS,AUT,7414
701838,26,15,1242,2004.0,30060.0,394397.0,0.45637,0.6154470000000001,BIH,AUT,7414
701839,28,15,1242,2004.0,4024.0,619643.0,0.9384239999999999,0.9708690000000001,BLR,AUT,7414
701840,32,15,1242,2004.0,0.0,69844.0,0.504233,1.567879,BRA,AUT,7414
701841,39,15,1242,2004.0,8610.0,77828.0,0.781591,1.365966,CAN,AUT,7414
701842,41,15,1242,2004.0,5109848.0,7179018.0,2.234603,0.551975,CHE,AUT,7414
701843,42,15,1242,2004.0,0.0,15832.0,-0.24101399999999998,-0.303103,CHL,AUT,7414
701844,43,15,1242,2004.0,1139371.0,1819820.0,0.710603,2.017234,CHN,AUT,7414
701845,49,15,1242,2004.0,0.0,6649.0,0.044706,0.514304,COL,AUT,7414
701846,52,15,1242,2004.0,0.0,5776.0,-0.036323,-0.313847,CRI,AUT,7414
701847,58,15,1242,2004.0,0.0,98779.0,0.42732200000000004,0.811763,CYP,AUT,7414
701848,59,15,1242,2004.0,11350325.0,5899867.0,1.612543,0.607495,CZE,AUT,7414
701849,61,15,1242,2004.0,68348680.0,75852848.0,2.4453099999999997,-2.331761,DEU,AUT,7414
701850,64,15,1242,2004.0,12001153.0,1389250.0,1.309074,1.2627979999999999,DNK,AUT,7414
701851,65,15,1242,2004.0,0.0,9435.0,-0.24909699999999999,-0.326783,DOM,AUT,7414
701852,66,15,1242,2004.0,0.0,339797.0,-1.166661,-1.2240879999999998,DZA,AUT,7414
701853,67,15,1242,2004.0,5778.0,15523.0,-0.990727,-0.9383090000000001,ECU,AUT,7414
701854,68,15,1242,2004.0,10966.0,59086.0,-0.35823499999999997,0.5000100000000001,EGY,AUT,7414
701855,71,15,1242,2004.0,1007614.0,7201265.0,1.04057,1.789023,ESP,AUT,7414
701856,72,15,1242,2004.0,0.0,29425.0,0.645741,1.035117,EST,AUT,7414
701857,73,15,1242,2004.0,0.0,17093.0,-1.202444,-0.8973120000000001,ETH,AUT,7414
701858,74,15,1242,2004.0,322944.0,2111256.0,1.9662810000000002,1.018108,FIN,AUT,7414
701859,77,15,1242,2004.0,15437049.0,15460866.0,1.57079,0.6776760000000001,FRA,AUT,7414
701860,81,15,1242,2004.0,3187252.0,6247782.0,1.872987,0.734065,GBR,AUT,7414
701861,82,15,1242,2004.0,0.0,473316.0,-0.030676,-0.560186,GEO,AUT,7414
701862,83,15,1242,2004.0,0.0,20241.0,-1.015073,-0.9147069999999999,GHA,AUT,7414
701863,90,15,1242,2004.0,1856860.0,1993855.0,0.298029,1.745886,GRC,AUT,7414
701864,97,15,1242,2004.0,21102.0,130607.0,0.72816,1.403171,HKG,AUT,7414
701865,99,15,1242,2004.0,0.0,5079.0,-0.6372140000000001,-0.453946,HND,AUT,7414
701866,100,15,1242,2004.0,514867.0,1591645.0,0.744459,1.1994479999999998,HRV,AUT,7414
701867,102,15,1242,2004.0,1709683.0,4097310.0,1.3579370000000002,0.9993219999999999,HUN,AUT,7414
701868,103,15,1242,2004.0,0.0,80296.0,0.010095999999999999,1.7413779999999999,IDN,AUT,7414
701869,104,15,1242,2004.0,0.0,28787.0,0.20872,2.817307,IND,AUT,7414
701870,106,15,1242,2004.0,2815191.0,914970.0,1.498475,0.19050799999999998,IRL,AUT,7414
701871,107,15,1242,2004.0,0.0,110947.0,-0.6691699999999999,-1.002548,IRN,AUT,7414
701872,109,15,1242,2004.0,0.0,12925.0,0.107901,-0.41223699999999996,ISL,AUT,7414
701873,110,15,1242,2004.0,5014.0,36420.0,1.252895,0.8662770000000001,ISR,AUT,7414
701874,111,15,1242,2004.0,45579672.0,11711048.0,1.440372,0.676068,ITA,AUT,7414
701875,113,15,1242,2004.0,0.0,4658.0,0.16384200000000002,0.34270100000000003,JOR,AUT,7414
701876,114,15,1242,2004.0,3798463.0,1056573.0,2.756136,0.15545,JPN,AUT,7414
701877,115,15,1242,2004.0,0.0,90428.0,-0.43987200000000004,-0.50862,KAZ,AUT,7414
701878,116,15,1242,2004.0,0.0,15091.0,-0.565597,0.182375,KEN,AUT,7414
701879,121,15,1242,2004.0,29213.0,511192.0,1.481275,0.7859,KOR,AUT,7414
701880,122,15,1242,2004.0,0.0,15452.0,-0.8195479999999999,-1.2105709999999998,KWT,AUT,7414
701881,124,15,1242,2004.0,0.0,52379.0,0.269753,1.3152979999999999,LBN,AUT,7414
701882,125,15,1242,2004.0,0.0,8816.0,0.037469,-1.036878,LBR,AUT,7414
701883,126,15,1242,2004.0,0.0,300255.0,-0.895142,-1.211141,LBY,AUT,7414
701884,128,15,1242,2004.0,0.0,43802.0,-0.42450299999999996,0.173518,LKA,AUT,7414
701885,130,15,1242,2004.0,23636.0,246012.0,0.341521,0.7971560000000001,LTU,AUT,7414
701886,131,15,1242,2004.0,73478.0,57638.0,1.258828,1.079923,LUX,AUT,7414
701887,132,15,1242,2004.0,0.0,501252.0,0.415001,0.8476809999999999,LVA,AUT,7414
701888,134,15,1242,2004.0,0.0,1077988.0,-0.626594,-0.22253499999999998,MAR,AUT,7414
701889,135,15,1242,2004.0,0.0,298721.0,-0.13031900000000002,-0.118591,MDA,AUT,7414
701890,138,15,1242,2004.0,12515.0,59844.0,1.183707,0.9043700000000001,MEX,AUT,7414
701891,140,15,1242,2004.0,6198.0,155131.0,-0.120439,0.27624899999999997,MKD,AUT,7414
701892,142,15,1242,2004.0,4617.0,26997.0,1.2290379999999999,-0.025372,MLT,AUT,7414
701893,147,15,1242,2004.0,0.0,17744.0,-1.009633,-0.9863059999999999,MOZ,AUT,7414
701894,151,15,1242,2004.0,0.0,16283.0,-0.161262,-0.29730300000000004,MUS,AUT,7414
701895,153,15,1242,2004.0,239414.0,2731.0,1.250098,0.352379,MYS,AUT,7414
701896,156,15,1242,2004.0,0.0,23310.0,-0.279566,-0.860456,NCL,AUT,7414
701897,159,15,1242,2004.0,0.0,357307.0,-2.336753,-1.350375,NGA,AUT,7414
701898,162,15,1242,2004.0,1852478.0,3583093.0,1.171327,1.6369799999999999,NLD,AUT,7414
701899,163,15,1242,2004.0,0.0,1341127.0,0.731175,-0.0655,NOR,AUT,7414
701900,166,15,1242,2004.0,0.0,142726.0,0.44099099999999997,0.968326,NZL,AUT,7414
701901,167,15,1242,2004.0,0.0,4944.0,-0.707862,-1.187629,OMN,AUT,7414
701902,168,15,1242,2004.0,0.0,155239.0,-0.7489600000000001,0.22493200000000002,PAK,AUT,7414
701903,169,15,1242,2004.0,1282.0,13154.0,0.054997000000000004,0.440416,PAN,AUT,7414
701904,173,15,1242,2004.0,0.0,16463.0,-0.609837,0.13314,PER,AUT,7414
701905,177,15,1242,2004.0,478854.0,5664088.0,0.989568,1.49055,POL,AUT,7414
701906,179,15,1242,2004.0,225147.0,908485.0,0.705075,1.7268729999999999,PRT,AUT,7414
701907,182,15,1242,2004.0,0.0,1532.0,-0.125349,-0.718282,PYF,AUT,7414
701908,185,15,1242,2004.0,2053414.0,3044860.0,0.53925,1.145066,ROU,AUT,7414
701909,186,15,1242,2004.0,0.0,1898335.0,0.422803,0.017524,RUS,AUT,7414
701910,188,15,1242,2004.0,0.0,21730.0,0.361324,-0.760732,SAU,AUT,7414
701911,189,15,1242,2004.0,366346.0,1106412.0,0.544686,2.418024,SCG,AUT,7414
701912,190,15,1242,2004.0,0.0,822034.0,-1.503552,-1.253193,SDN,AUT,7414
701913,191,15,1242,2004.0,0.0,4964.0,-0.620158,-0.296575,SEN,AUT,7414
701914,192,15,1242,2004.0,3244.0,27885.0,1.804502,0.570084,SGP,AUT,7414
701915,197,15,1242,2004.0,0.0,1938.0,-0.21054299999999998,0.086382,SLV,AUT,7414
701916,198,15,1242,2004.0,37784.0,0.0,1.530337,0.719013,SMR,AUT,7414
701917,206,15,1242,2004.0,313940.0,2717666.0,1.2683149999999999,0.9208620000000001,SVK,AUT,7414
701918,207,15,1242,2004.0,1788235.0,3888320.0,1.700677,0.829765,SVN,AUT,7414
701919,208,15,1242,2004.0,904296.0,2393056.0,2.105611,0.707843,SWE,AUT,7414
701920,211,15,1242,2004.0,0.0,6975.0,-0.585828,-0.768388,SYC,AUT,7414
701921,212,15,1242,2004.0,0.0,41882.0,-0.698545,-0.111323,SYR,AUT,7414
701922,216,15,1242,2004.0,42276.0,2394714.0,0.633501,1.4648290000000002,THA,AUT,7414
701923,222,15,1242,2004.0,0.0,1293.0,-0.108049,-0.923523,TTO,AUT,7414
701924,223,15,1242,2004.0,0.0,6081.0,-0.125092,0.370625,TUN,AUT,7414
701925,224,15,1242,2004.0,3553631.0,1045889.0,0.249065,1.910598,TUR,AUT,7414
701926,226,15,1242,2004.0,0.0,21016.0,-0.935327,0.362709,TZA,AUT,7414
701927,227,15,1242,2004.0,0.0,3332.0,-1.05367,-0.546304,UGA,AUT,7414
701928,228,15,1242,2004.0,0.0,257796.0,0.672848,1.172735,UKR,AUT,7414
701929,231,15,1242,2004.0,880306.0,6998216.0,1.818327,-0.17913900000000002,USA,AUT,7414
701930,232,15,1242,2004.0,0.0,6517.0,-0.518472,-0.7689779999999999,UZB,AUT,7414
701931,236,15,1242,2004.0,0.0,132030.0,-0.41193900000000006,-0.9578899999999999,VEN,AUT,7414
701932,239,15,1242,2004.0,0.0,43318.0,-0.46875500000000003,0.734412,VNM,AUT,7414
701933,243,15,1242,2004.0,0.0,1252.0,-1.298227,-1.2496639999999999,YEM,AUT,7414
701934,246,15,1242,2004.0,1523.0,372083.0,0.29599699999999995,1.909018,ZAF,AUT,7414
701935,249,15,1242,2004.0,14031.0,115033.0,1.8844150000000002,1.257951,TWN,AUT,7414
701936,1,18,1242,2004.0,100634.0,0.0,-0.8890309999999999,-0.773602,AFG,BEL,7414
701937,2,18,1242,2004.0,0.0,109017.0,-0.8688110000000001,-1.198692,AGO,BEL,7414
701938,6,18,1242,2004.0,0.0,9869.0,0.080304,-0.634516,ANT,BEL,7414
701939,7,18,1242,2004.0,0.0,1214976.0,-0.10993399999999999,-0.5351640000000001,ARE,BEL,7414
701940,8,18,1242,2004.0,10500.0,0.0,-0.070845,0.879574,ARG,BEL,7414
701941,14,18,1242,2004.0,11368.0,161052.0,-0.198735,0.81543,AUS,BEL,7414
701942,15,18,1242,2004.0,6084144.0,11994803.0,1.958949,0.209296,AUT,BEL,7414
701943,17,18,1242,2004.0,0.0,37383.0,-1.084376,-1.020132,BDI,BEL,7414
701944,19,18,1242,2004.0,0.0,24121.0,-1.422449,-1.09615,BEN,BEL,7414
701945,21,18,1242,2004.0,0.0,32607.0,-1.118427,-1.091315,BFA,BEL,7414
701946,22,18,1242,2004.0,0.0,18236.0,-1.074194,-0.9392389999999999,BGD,BEL,7414
701947,23,18,1242,2004.0,10685.0,458720.0,0.390627,1.631006,BGR,BEL,7414
701948,24,18,1242,2004.0,0.0,93305.0,-0.551237,-1.174628,BHR,BEL,7414
701949,26,18,1242,2004.0,0.0,17045.0,0.45637,0.6154470000000001,BIH,BEL,7414
701950,28,18,1242,2004.0,0.0,81730.0,0.9384239999999999,0.9708690000000001,BLR,BEL,7414
701951,32,18,1242,2004.0,8683.0,132362.0,0.504233,1.567879,BRA,BEL,7414
701952,37,18,1242,2004.0,0.0,3036.0,-0.435159,-1.150519,BWA,BEL,7414
701953,38,18,1242,2004.0,0.0,2227.0,-0.667013,-0.899285,CAF,BEL,7414
701954,39,18,1242,2004.0,70557.0,103799.0,0.781591,1.365966,CAN,BEL,7414
701955,41,18,1242,2004.0,569397.0,3274520.0,2.234603,0.551975,CHE,BEL,7414
701956,42,18,1242,2004.0,0.0,122022.0,-0.24101399999999998,-0.303103,CHL,BEL,7414
701957,43,18,1242,2004.0,4516431.0,205542.0,0.710603,2.017234,CHN,BEL,7414
701958,44,18,1242,2004.0,0.0,633710.0,-0.835933,-0.749289,CIV,BEL,7414
701959,45,18,1242,2004.0,0.0,604060.0,-1.380149,-1.220501,CMR,BEL,7414
701960,46,18,1242,2004.0,0.0,1663381.0,-1.426621,-1.198377,COD,BEL,7414
701961,47,18,1242,2004.0,0.0,48715.0,-1.415254,-1.24599,COG,BEL,7414
701962,51,18,1242,2004.0,0.0,5930.0,-0.291469,-0.6426850000000001,CPV,BEL,7414
701963,52,18,1242,2004.0,0.0,28817.0,-0.036323,-0.313847,CRI,BEL,7414
701964,54,18,1242,2004.0,0.0,390967.0,-0.16826,-0.644388,CUB,BEL,7414
701965,58,18,1242,2004.0,0.0,2010496.0,0.42732200000000004,0.811763,CYP,BEL,7414
701966,59,18,1242,2004.0,7245104.0,2394344.0,1.612543,0.607495,CZE,BEL,7414
701967,61,18,1242,2004.0,21142726.0,41989468.0,2.4453099999999997,-2.331761,DEU,BEL,7414
701968,62,18,1242,2004.0,0.0,104132.0,-0.370222,-0.28660399999999997,DJI,BEL,7414
701969,64,18,1242,2004.0,4916168.0,6017146.0,1.309074,1.2627979999999999,DNK,BEL,7414
701970,66,18,1242,2004.0,0.0,756672.0,-1.166661,-1.2240879999999998,DZA,BEL,7414
701971,68,18,1242,2004.0,0.0,404388.0,-0.35823499999999997,0.5000100000000001,EGY,BEL,7414
701972,71,18,1242,2004.0,9418367.0,69824232.0,1.04057,1.789023,ESP,BEL,7414
701973,72,18,1242,2004.0,2234.0,196365.0,0.645741,1.035117,EST,BEL,7414
701974,74,18,1242,2004.0,607376.0,1299062.0,1.9662810000000002,1.018108,FIN,BEL,7414
701975,77,18,1242,2004.0,72693632.0,94421984.0,1.57079,0.6776760000000001,FRA,BEL,7414
701976,78,18,1242,2004.0,0.0,4826.0,-1.127967,-1.002561,FRO,BEL,7414
701977,80,18,1242,2004.0,0.0,11926.0,-1.006071,-1.212338,GAB,BEL,7414
701978,81,18,1242,2004.0,4656287.0,74335312.0,1.872987,0.734065,GBR,BEL,7414
701979,83,18,1242,2004.0,0.0,278653.0,-1.015073,-0.9147069999999999,GHA,BEL,7414
701980,84,18,1242,2004.0,0.0,70733.0,0.501154,-0.562796,GIB,BEL,7414
701981,85,18,1242,2004.0,0.0,3189.0,-1.004077,-1.108018,GIN,BEL,7414
701982,87,18,1242,2004.0,0.0,3451.0,-0.22746999999999998,-0.14824600000000002,GMB,BEL,7414
701983,88,18,1242,2004.0,0.0,8743.0,-1.258264,-1.028131,GNB,BEL,7414
701984,90,18,1242,2004.0,858015.0,16384153.0,0.298029,1.745886,GRC,BEL,7414
701985,93,18,1242,2004.0,1568.0,2309.0,-0.39399,0.139128,GTM,BEL,7414
701986,97,18,1242,2004.0,90781.0,168140.0,0.72816,1.403171,HKG,BEL,7414
701987,99,18,1242,2004.0,0.0,31919.0,-0.6372140000000001,-0.453946,HND,BEL,7414
701988,100,18,1242,2004.0,858154.0,338527.0,0.744459,1.1994479999999998,HRV,BEL,7414
701989,102,18,1242,2004.0,1783255.0,1690343.0,1.3579370000000002,0.9993219999999999,HUN,BEL,7414
701990,103,18,1242,2004.0,65857.0,470633.0,0.010095999999999999,1.7413779999999999,IDN,BEL,7414
701991,104,18,1242,2004.0,231743.0,236235.0,0.20872,2.817307,IND,BEL,7414
701992,106,18,1242,2004.0,6657366.0,3224373.0,1.498475,0.19050799999999998,IRL,BEL,7414
701993,107,18,1242,2004.0,5074.0,402788.0,-0.6691699999999999,-1.002548,IRN,BEL,7414
701994,108,18,1242,2004.0,0.0,109319.0,-1.50824,-1.082486,IRQ,BEL,7414
701995,109,18,1242,2004.0,0.0,183658.0,0.107901,-0.41223699999999996,ISL,BEL,7414
701996,110,18,1242,2004.0,202366.0,1420153.0,1.252895,0.8662770000000001,ISR,BEL,7414
701997,111,18,1242,2004.0,44598748.0,27316584.0,1.440372,0.676068,ITA,BEL,7414
701998,113,18,1242,2004.0,0.0,500826.0,0.16384200000000002,0.34270100000000003,JOR,BEL,7414
701999,114,18,1242,2004.0,41862164.0,201406.0,2.756136,0.15545,JPN,BEL,7414
702000,115,18,1242,2004.0,0.0,684428.0,-0.43987200000000004,-0.50862,KAZ,BEL,7414
702001,116,18,1242,2004.0,0.0,164867.0,-0.565597,0.182375,KEN,BEL,7414
702002,118,18,1242,2004.0,0.0,323314.0,-1.145227,-1.19179,KHM,BEL,7414
702003,121,18,1242,2004.0,156277.0,28599.0,1.481275,0.7859,KOR,BEL,7414
702004,122,18,1242,2004.0,0.0,285647.0,-0.8195479999999999,-1.2105709999999998,KWT,BEL,7414
702005,124,18,1242,2004.0,0.0,193342.0,0.269753,1.3152979999999999,LBN,BEL,7414
702006,125,18,1242,2004.0,0.0,126444.0,0.037469,-1.036878,LBR,BEL,7414
702007,126,18,1242,2004.0,0.0,136849.0,-0.895142,-1.211141,LBY,BEL,7414
702008,128,18,1242,2004.0,0.0,103357.0,-0.42450299999999996,0.173518,LKA,BEL,7414
702009,130,18,1242,2004.0,180383.0,1173796.0,0.341521,0.7971560000000001,LTU,BEL,7414
702010,131,18,1242,2004.0,763854.0,3797709.0,1.258828,1.079923,LUX,BEL,7414
702011,132,18,1242,2004.0,0.0,168013.0,0.415001,0.8476809999999999,LVA,BEL,7414
702012,134,18,1242,2004.0,2043.0,359647.0,-0.626594,-0.22253499999999998,MAR,BEL,7414
702013,135,18,1242,2004.0,0.0,148651.0,-0.13031900000000002,-0.118591,MDA,BEL,7414
702014,136,18,1242,2004.0,0.0,2015950.0,-1.1010799999999998,-0.7367859999999999,MDG,BEL,7414
702015,138,18,1242,2004.0,32357.0,216118.0,1.183707,0.9043700000000001,MEX,BEL,7414
702016,140,18,1242,2004.0,0.0,4555.0,-0.120439,0.27624899999999997,MKD,BEL,7414
702017,141,18,1242,2004.0,0.0,3468.0,-0.5807979999999999,-0.797311,MLI,BEL,7414
702018,142,18,1242,2004.0,0.0,432396.0,1.2290379999999999,-0.025372,MLT,BEL,7414
702019,147,18,1242,2004.0,0.0,3325.0,-1.009633,-0.9863059999999999,MOZ,BEL,7414
702020,148,18,1242,2004.0,0.0,4054.0,-1.8941119999999998,-1.357728,MRT,BEL,7414
702021,153,18,1242,2004.0,12374.0,80436.0,1.250098,0.352379,MYS,BEL,7414
702022,155,18,1242,2004.0,0.0,51172.0,-0.408989,-0.462016,NAM,BEL,7414
702023,156,18,1242,2004.0,0.0,108351.0,-0.279566,-0.860456,NCL,BEL,7414
702024,159,18,1242,2004.0,0.0,381592.0,-2.336753,-1.350375,NGA,BEL,7414
702025,162,18,1242,2004.0,24622768.0,25462750.0,1.171327,1.6369799999999999,NLD,BEL,7414
702026,163,18,1242,2004.0,123017.0,2531004.0,0.731175,-0.0655,NOR,BEL,7414
702027,166,18,1242,2004.0,18294.0,129858.0,0.44099099999999997,0.968326,NZL,BEL,7414
702028,167,18,1242,2004.0,0.0,298894.0,-0.707862,-1.187629,OMN,BEL,7414
702029,168,18,1242,2004.0,0.0,198172.0,-0.7489600000000001,0.22493200000000002,PAK,BEL,7414
702030,169,18,1242,2004.0,0.0,6442.0,0.054997000000000004,0.440416,PAN,BEL,7414
702031,173,18,1242,2004.0,0.0,37512.0,-0.609837,0.13314,PER,BEL,7414
702032,174,18,1242,2004.0,15282.0,136304.0,0.288786,-0.25348699999999996,PHL,BEL,7414
702033,177,18,1242,2004.0,1341320.0,5985062.0,0.989568,1.49055,POL,BEL,7414
702034,179,18,1242,2004.0,5450836.0,17476700.0,0.705075,1.7268729999999999,PRT,BEL,7414
702035,182,18,1242,2004.0,0.0,57777.0,-0.125349,-0.718282,PYF,BEL,7414
702036,183,18,1242,2004.0,0.0,7488.0,0.018141,-1.03766,QAT,BEL,7414
702037,185,18,1242,2004.0,47663.0,1595736.0,0.53925,1.145066,ROU,BEL,7414
702038,186,18,1242,2004.0,4387.0,8354350.0,0.422803,0.017524,RUS,BEL,7414
702039,187,18,1242,2004.0,0.0,55730.0,-1.3090190000000002,-1.063632,RWA,BEL,7414
702040,188,18,1242,2004.0,0.0,2054811.0,0.361324,-0.760732,SAU,BEL,7414
702041,189,18,1242,2004.0,0.0,423697.0,0.544686,2.418024,SCG,BEL,7414
702042,190,18,1242,2004.0,0.0,3018.0,-1.503552,-1.253193,SDN,BEL,7414
702043,191,18,1242,2004.0,0.0,211124.0,-0.620158,-0.296575,SEN,BEL,7414
702044,192,18,1242,2004.0,43543.0,228368.0,1.804502,0.570084,SGP,BEL,7414
702045,198,18,1242,2004.0,4801.0,0.0,1.530337,0.719013,SMR,BEL,7414
702046,205,18,1242,2004.0,0.0,5882.0,-1.056251,-1.0234590000000001,SUR,BEL,7414
702047,206,18,1242,2004.0,179174.0,681102.0,1.2683149999999999,0.9208620000000001,SVK,BEL,7414
702048,207,18,1242,2004.0,809869.0,268948.0,1.700677,0.829765,SVN,BEL,7414
702049,208,18,1242,2004.0,2272614.0,2051058.0,2.105611,0.707843,SWE,BEL,7414
702050,211,18,1242,2004.0,0.0,17633.0,-0.585828,-0.768388,SYC,BEL,7414
702051,212,18,1242,2004.0,0.0,119565.0,-0.698545,-0.111323,SYR,BEL,7414
702052,214,18,1242,2004.0,0.0,4693.0,-1.63163,-0.9495040000000001,TCD,BEL,7414
702053,215,18,1242,2004.0,0.0,1664.0,-0.569621,-0.533211,TGO,BEL,7414
702054,216,18,1242,2004.0,45690960.0,1072720.0,0.633501,1.4648290000000002,THA,BEL,7414
702055,223,18,1242,2004.0,4928.0,749389.0,-0.125092,0.370625,TUN,BEL,7414
702056,224,18,1242,2004.0,1951901.0,1054982.0,0.249065,1.910598,TUR,BEL,7414
702057,226,18,1242,2004.0,0.0,124508.0,-0.935327,0.362709,TZA,BEL,7414
702058,227,18,1242,2004.0,0.0,224030.0,-1.05367,-0.546304,UGA,BEL,7414
702059,228,18,1242,2004.0,6193.0,2780927.0,0.672848,1.172735,UKR,BEL,7414
702060,231,18,1242,2004.0,22936434.0,494214.0,1.818327,-0.17913900000000002,USA,BEL,7414
702061,234,18,1242,2004.0,0.0,56678.0,-0.706188,-0.9244120000000001,VCT,BEL,7414
702062,236,18,1242,2004.0,0.0,1905.0,-0.41193900000000006,-0.9578899999999999,VEN,BEL,7414
702063,239,18,1242,2004.0,0.0,801999.0,-0.46875500000000003,0.734412,VNM,BEL,7414
702064,243,18,1242,2004.0,0.0,139266.0,-1.298227,-1.2496639999999999,YEM,BEL,7414
702065,246,18,1242,2004.0,160758.0,698437.0,0.29599699999999995,1.909018,ZAF,BEL,7414
702066,249,18,1242,2004.0,125902.0,459020.0,1.8844150000000002,1.257951,TWN,BEL,7414
702067,250,18,1242,2004.0,0.0,5652.0,0.46240200000000004,-0.406624,ANS,BEL,7414
702068,15,25,1242,2004.0,13566.0,0.0,1.958949,0.209296,AUT,BHS,7414
702069,39,25,1242,2004.0,11611.0,0.0,0.781591,1.365966,CAN,BHS,7414
702070,49,25,1242,2004.0,3039.0,0.0,0.044706,0.514304,COL,BHS,7414
702071,65,25,1242,2004.0,22610.0,0.0,-0.24909699999999999,-0.326783,DOM,BHS,7414
702072,71,25,1242,2004.0,124991.0,0.0,1.04057,1.789023,ESP,BHS,7414
702073,74,25,1242,2004.0,14733.0,0.0,1.9662810000000002,1.018108,FIN,BHS,7414
702074,77,25,1242,2004.0,2616.0,9129.0,1.57079,0.6776760000000001,FRA,BHS,7414
702075,104,25,1242,2004.0,114533.0,0.0,0.20872,2.817307,IND,BHS,7414
702076,111,25,1242,2004.0,12154.0,0.0,1.440372,0.676068,ITA,BHS,7414
702077,114,25,1242,2004.0,2577.0,0.0,2.756136,0.15545,JPN,BHS,7414
702078,138,25,1242,2004.0,22171.0,0.0,1.183707,0.9043700000000001,MEX,BHS,7414
702079,162,25,1242,2004.0,96857.0,0.0,1.171327,1.6369799999999999,NLD,BHS,7414
702080,179,25,1242,2004.0,8090.0,0.0,0.705075,1.7268729999999999,PRT,BHS,7414
702081,222,25,1242,2004.0,19249.0,0.0,-0.108049,-0.923523,TTO,BHS,7414
702082,231,25,1242,2004.0,1958536.0,13164.0,1.818327,-0.17913900000000002,USA,BHS,7414
702083,0,32,1242,2004.0,0.0,104719.0,0.074978,-0.8537239999999999,ABW,BRA,7414
702084,1,32,1242,2004.0,0.0,1513.0,-0.8890309999999999,-0.773602,AFG,BRA,7414
702085,2,32,1242,2004.0,0.0,379778.0,-0.8688110000000001,-1.198692,AGO,BRA,7414
702086,6,32,1242,2004.0,0.0,32971.0,0.080304,-0.634516,ANT,BRA,7414
702087,7,32,1242,2004.0,0.0,109996.0,-0.10993399999999999,-0.5351640000000001,ARE,BRA,7414
702088,8,32,1242,2004.0,8226103.0,19289338.0,-0.070845,0.879574,ARG,BRA,7414
702089,13,32,1242,2004.0,1600.0,0.0,-0.28271,-0.850197,ATG,BRA,7414
702090,14,32,1242,2004.0,9456.0,49495.0,-0.198735,0.81543,AUS,BRA,7414
702091,15,32,1242,2004.0,69844.0,0.0,1.958949,0.209296,AUT,BRA,7414
702092,16,32,1242,2004.0,0.0,1685.0,-0.720616,-1.009692,AZE,BRA,7414
702093,18,32,1242,2004.0,132362.0,8683.0,1.242665,1.541444,BEL,BRA,7414
702094,23,32,1242,2004.0,0.0,40321.0,0.390627,1.631006,BGR,BRA,7414
702095,24,32,1242,2004.0,0.0,1006.0,-0.551237,-1.174628,BHR,BRA,7414
702096,31,32,1242,2004.0,9778.0,733679.0,-0.841087,-0.770059,BOL,BRA,7414
702097,33,32,1242,2004.0,0.0,15152.0,0.644308,0.290054,BRB,BRA,7414
702098,39,32,1242,2004.0,38976.0,702866.0,0.781591,1.365966,CAN,BRA,7414
702099,41,32,1242,2004.0,107295.0,3577.0,2.234603,0.551975,CHE,BRA,7414
702100,42,32,1242,2004.0,12274.0,7396567.0,-0.24101399999999998,-0.303103,CHL,BRA,7414
702101,43,32,1242,2004.0,7481872.0,86164.0,0.710603,2.017234,CHN,BRA,7414
702102,44,32,1242,2004.0,0.0,2630.0,-0.835933,-0.749289,CIV,BRA,7414
702103,47,32,1242,2004.0,0.0,1431.0,-1.415254,-1.24599,COG,BRA,7414
702104,49,32,1242,2004.0,46107.0,2305609.0,0.044706,0.514304,COL,BRA,7414
702105,51,32,1242,2004.0,0.0,28805.0,-0.291469,-0.6426850000000001,CPV,BRA,7414
702106,52,32,1242,2004.0,0.0,810554.0,-0.036323,-0.313847,CRI,BRA,7414
702107,54,32,1242,2004.0,0.0,956073.0,-0.16826,-0.644388,CUB,BRA,7414
702108,57,32,1242,2004.0,0.0,66746.0,0.47268999999999994,-0.742781,CYM,BRA,7414
702109,58,32,1242,2004.0,0.0,8449.0,0.42732200000000004,0.811763,CYP,BRA,7414
702110,59,32,1242,2004.0,2890.0,1363.0,1.612543,0.607495,CZE,BRA,7414
702111,61,32,1242,2004.0,3348299.0,443615.0,2.4453099999999997,-2.331761,DEU,BRA,7414
702112,64,32,1242,2004.0,285304.0,19373.0,1.309074,1.2627979999999999,DNK,BRA,7414
702113,65,32,1242,2004.0,0.0,825223.0,-0.24909699999999999,-0.326783,DOM,BRA,7414
702114,66,32,1242,2004.0,0.0,1409056.0,-1.166661,-1.2240879999999998,DZA,BRA,7414
702115,67,32,1242,2004.0,0.0,2057193.0,-0.990727,-0.9383090000000001,ECU,BRA,7414
702116,68,32,1242,2004.0,0.0,956550.0,-0.35823499999999997,0.5000100000000001,EGY,BRA,7414
702117,71,32,1242,2004.0,618464.0,541685.0,1.04057,1.789023,ESP,BRA,7414
702118,74,32,1242,2004.0,45412.0,0.0,1.9662810000000002,1.018108,FIN,BRA,7414
702119,77,32,1242,2004.0,943508.0,329958.0,1.57079,0.6776760000000001,FRA,BRA,7414
702120,81,32,1242,2004.0,244496.0,786573.0,1.872987,0.734065,GBR,BRA,7414
702121,82,32,1242,2004.0,0.0,1095.0,-0.030676,-0.560186,GEO,BRA,7414
702122,91,32,1242,2004.0,0.0,1007.0,0.426058,-0.30841799999999997,GRD,BRA,7414
702123,93,32,1242,2004.0,0.0,2439234.0,-0.39399,0.139128,GTM,BRA,7414
702124,97,32,1242,2004.0,617384.0,21784.0,0.72816,1.403171,HKG,BRA,7414
702125,99,32,1242,2004.0,0.0,297500.0,-0.6372140000000001,-0.453946,HND,BRA,7414
702126,102,32,1242,2004.0,2413.0,0.0,1.3579370000000002,0.9993219999999999,HUN,BRA,7414
702127,104,32,1242,2004.0,358378.0,2762358.0,0.20872,2.817307,IND,BRA,7414
702128,106,32,1242,2004.0,1300.0,14758.0,1.498475,0.19050799999999998,IRL,BRA,7414
702129,107,32,1242,2004.0,0.0,12581.0,-0.6691699999999999,-1.002548,IRN,BRA,7414
702130,110,32,1242,2004.0,0.0,91668.0,1.252895,0.8662770000000001,ISR,BRA,7414
702131,111,32,1242,2004.0,6771760.0,538456.0,1.440372,0.676068,ITA,BRA,7414
702132,112,32,1242,2004.0,0.0,126591.0,-0.505365,-0.9596120000000001,JAM,BRA,7414
702133,113,32,1242,2004.0,0.0,60298.0,0.16384200000000002,0.34270100000000003,JOR,BRA,7414
702134,114,32,1242,2004.0,5075960.0,9538.0,2.756136,0.15545,JPN,BRA,7414
702135,116,32,1242,2004.0,0.0,9478.0,-0.565597,0.182375,KEN,BRA,7414
702136,121,32,1242,2004.0,4569552.0,259402.0,1.481275,0.7859,KOR,BRA,7414
702137,122,32,1242,2004.0,0.0,76529.0,-0.8195479999999999,-1.2105709999999998,KWT,BRA,7414
702138,124,32,1242,2004.0,1642.0,4193.0,0.269753,1.3152979999999999,LBN,BRA,7414
702139,131,32,1242,2004.0,5814.0,0.0,1.258828,1.079923,LUX,BRA,7414
702140,134,32,1242,2004.0,0.0,17783.0,-0.626594,-0.22253499999999998,MAR,BRA,7414
702141,135,32,1242,2004.0,0.0,55513.0,-0.13031900000000002,-0.118591,MDA,BRA,7414
702142,138,32,1242,2004.0,158810.0,8365370.0,1.183707,0.9043700000000001,MEX,BRA,7414
702143,147,32,1242,2004.0,0.0,4648.0,-1.009633,-0.9863059999999999,MOZ,BRA,7414
702144,148,32,1242,2004.0,0.0,3047.0,-1.8941119999999998,-1.357728,MRT,BRA,7414
702145,153,32,1242,2004.0,12199.0,124129.0,1.250098,0.352379,MYS,BRA,7414
702146,155,32,1242,2004.0,0.0,3583.0,-0.408989,-0.462016,NAM,BRA,7414
702147,159,32,1242,2004.0,0.0,129745.0,-2.336753,-1.350375,NGA,BRA,7414
702148,160,32,1242,2004.0,0.0,207697.0,-1.003846,-0.697642,NIC,BRA,7414
702149,162,32,1242,2004.0,277859.0,210070.0,1.171327,1.6369799999999999,NLD,BRA,7414
702150,163,32,1242,2004.0,153499.0,0.0,0.731175,-0.0655,NOR,BRA,7414
702151,166,32,1242,2004.0,52271.0,38081.0,0.44099099999999997,0.968326,NZL,BRA,7414
702152,167,32,1242,2004.0,0.0,339494.0,-0.707862,-1.187629,OMN,BRA,7414
702153,168,32,1242,2004.0,0.0,820692.0,-0.7489600000000001,0.22493200000000002,PAK,BRA,7414
702154,169,32,1242,2004.0,0.0,1169291.0,0.054997000000000004,0.440416,PAN,BRA,7414
702155,173,32,1242,2004.0,0.0,4574947.0,-0.609837,0.13314,PER,BRA,7414
702156,174,32,1242,2004.0,0.0,119452.0,0.288786,-0.25348699999999996,PHL,BRA,7414
702157,177,32,1242,2004.0,0.0,169740.0,0.989568,1.49055,POL,BRA,7414
702158,178,32,1242,2004.0,1317700.0,0.0,0.695376,0.9732209999999999,PRK,BRA,7414
702159,179,32,1242,2004.0,155368.0,254011.0,0.705075,1.7268729999999999,PRT,BRA,7414
702160,180,32,1242,2004.0,0.0,1883505.0,-0.634469,-0.870034,PRY,BRA,7414
702161,182,32,1242,2004.0,0.0,44223.0,-0.125349,-0.718282,PYF,BRA,7414
702162,183,32,1242,2004.0,0.0,11477.0,0.018141,-1.03766,QAT,BRA,7414
702163,186,32,1242,2004.0,0.0,5572.0,0.422803,0.017524,RUS,BRA,7414
702164,190,32,1242,2004.0,0.0,15530.0,-1.503552,-1.253193,SDN,BRA,7414
702165,192,32,1242,2004.0,1967771.0,139445.0,1.804502,0.570084,SGP,BRA,7414
702166,197,32,1242,2004.0,0.0,362111.0,-0.21054299999999998,0.086382,SLV,BRA,7414
702167,205,32,1242,2004.0,0.0,51703.0,-1.056251,-1.0234590000000001,SUR,BRA,7414
702168,206,32,1242,2004.0,45949.0,1177.0,1.2683149999999999,0.9208620000000001,SVK,BRA,7414
702169,208,32,1242,2004.0,865078.0,0.0,2.105611,0.707843,SWE,BRA,7414
702170,216,32,1242,2004.0,2150350.0,14856.0,0.633501,1.4648290000000002,THA,BRA,7414
702171,222,32,1242,2004.0,228479.0,140676.0,-0.108049,-0.923523,TTO,BRA,7414
702172,223,32,1242,2004.0,0.0,349303.0,-0.125092,0.370625,TUN,BRA,7414
702173,224,32,1242,2004.0,220159.0,125767.0,0.249065,1.910598,TUR,BRA,7414
702174,228,32,1242,2004.0,0.0,9511.0,0.672848,1.172735,UKR,BRA,7414
702175,230,32,1242,2004.0,15134.0,1350888.0,-0.051583000000000004,0.145056,URY,BRA,7414
702176,231,32,1242,2004.0,15645641.0,15047541.0,1.818327,-0.17913900000000002,USA,BRA,7414
702177,236,32,1242,2004.0,55446.0,4085370.0,-0.41193900000000006,-0.9578899999999999,VEN,BRA,7414
702178,239,32,1242,2004.0,0.0,3026.0,-0.46875500000000003,0.734412,VNM,BRA,7414
702179,246,32,1242,2004.0,3726.0,2164686.0,0.29599699999999995,1.909018,ZAF,BRA,7414
702180,249,32,1242,2004.0,308412.0,10775.0,1.8844150000000002,1.257951,TWN,BRA,7414
702181,8,33,1242,2004.0,4358.0,0.0,-0.070845,0.879574,ARG,BRB,7414
702182,32,33,1242,2004.0,15152.0,0.0,0.504233,1.567879,BRA,BRB,7414
702183,39,33,1242,2004.0,15810.0,0.0,0.781591,1.365966,CAN,BRB,7414
702184,43,33,1242,2004.0,48311.0,0.0,0.710603,2.017234,CHN,BRB,7414
702185,64,33,1242,2004.0,69903.0,0.0,1.309074,1.2627979999999999,DNK,BRB,7414
702186,77,33,1242,2004.0,16504.0,0.0,1.57079,0.6776760000000001,FRA,BRB,7414
702187,81,33,1242,2004.0,27894.0,0.0,1.872987,0.734065,GBR,BRB,7414
702188,111,33,1242,2004.0,9634.0,0.0,1.440372,0.676068,ITA,BRB,7414
702189,114,33,1242,2004.0,7846.0,0.0,2.756136,0.15545,JPN,BRB,7414
702190,138,33,1242,2004.0,2397.0,0.0,1.183707,0.9043700000000001,MEX,BRB,7414
702191,162,33,1242,2004.0,23009.0,0.0,1.171327,1.6369799999999999,NLD,BRB,7414
702192,179,33,1242,2004.0,2918.0,0.0,0.705075,1.7268729999999999,PRT,BRB,7414
702193,208,33,1242,2004.0,2666.0,0.0,2.105611,0.707843,SWE,BRB,7414
702194,222,33,1242,2004.0,190291.0,0.0,-0.108049,-0.923523,TTO,BRB,7414
702195,231,33,1242,2004.0,992646.0,31055.0,1.818327,-0.17913900000000002,USA,BRB,7414
702196,1,39,1242,2004.0,0.0,26415.0,-0.8890309999999999,-0.773602,AFG,CAN,7414
702197,6,39,1242,2004.0,0.0,8671.0,0.080304,-0.634516,ANT,CAN,7414
702198,7,39,1242,2004.0,1427.0,63456.0,-0.10993399999999999,-0.5351640000000001,ARE,CAN,7414
702199,8,39,1242,2004.0,0.0,16903.0,-0.070845,0.879574,ARG,CAN,7414
702200,14,39,1242,2004.0,6358.0,194026.0,-0.198735,0.81543,AUS,CAN,7414
702201,15,39,1242,2004.0,77828.0,8610.0,1.958949,0.209296,AUT,CAN,7414
702202,18,39,1242,2004.0,103799.0,70557.0,1.242665,1.541444,BEL,CAN,7414
702203,25,39,1242,2004.0,0.0,11611.0,0.029548,-0.692239,BHS,CAN,7414
702204,29,39,1242,2004.0,0.0,9397.0,-0.528459,-0.739219,BLZ,CAN,7414
702205,30,39,1242,2004.0,0.0,121714.0,0.67576,-0.49529799999999996,BMU,CAN,7414
702206,32,39,1242,2004.0,702866.0,38976.0,0.504233,1.567879,BRA,CAN,7414
702207,33,39,1242,2004.0,0.0,15810.0,0.644308,0.290054,BRB,CAN,7414
702208,41,39,1242,2004.0,525799.0,381059.0,2.234603,0.551975,CHE,CAN,7414
702209,42,39,1242,2004.0,427161.0,789448.0,-0.24101399999999998,-0.303103,CHL,CAN,7414
702210,43,39,1242,2004.0,11853392.0,607380.0,0.710603,2.017234,CHN,CAN,7414
702211,49,39,1242,2004.0,417517.0,472799.0,0.044706,0.514304,COL,CAN,7414
702212,54,39,1242,2004.0,0.0,370219.0,-0.16826,-0.644388,CUB,CAN,7414
702213,57,39,1242,2004.0,0.0,3857.0,0.47268999999999994,-0.742781,CYM,CAN,7414
702214,59,39,1242,2004.0,40463.0,12217.0,1.612543,0.607495,CZE,CAN,7414
702215,61,39,1242,2004.0,1313725.0,178874.0,2.4453099999999997,-2.331761,DEU,CAN,7414
702216,63,39,1242,2004.0,0.0,4616.0,0.478601,0.368796,DMA,CAN,7414
702217,64,39,1242,2004.0,1773928.0,119161.0,1.309074,1.2627979999999999,DNK,CAN,7414
702218,65,39,1242,2004.0,12418.0,21032.0,-0.24909699999999999,-0.326783,DOM,CAN,7414
702219,66,39,1242,2004.0,0.0,903951.0,-1.166661,-1.2240879999999998,DZA,CAN,7414
702220,67,39,1242,2004.0,8275.0,32728.0,-0.990727,-0.9383090000000001,ECU,CAN,7414
702221,68,39,1242,2004.0,0.0,4033.0,-0.35823499999999997,0.5000100000000001,EGY,CAN,7414
702222,71,39,1242,2004.0,2909339.0,1178579.0,1.04057,1.789023,ESP,CAN,7414
702223,74,39,1242,2004.0,2981.0,8057.0,1.9662810000000002,1.018108,FIN,CAN,7414
702224,77,39,1242,2004.0,1102185.0,888336.0,1.57079,0.6776760000000001,FRA,CAN,7414
702225,80,39,1242,2004.0,0.0,19536.0,-1.006071,-1.212338,GAB,CAN,7414
702226,81,39,1242,2004.0,957623.0,543447.0,1.872987,0.734065,GBR,CAN,7414
702227,83,39,1242,2004.0,0.0,96002.0,-1.015073,-0.9147069999999999,GHA,CAN,7414
702228,85,39,1242,2004.0,0.0,23256.0,-1.004077,-1.108018,GIN,CAN,7414
702229,90,39,1242,2004.0,0.0,64547.0,0.298029,1.745886,GRC,CAN,7414
702230,92,39,1242,2004.0,0.0,1156.0,-1.152664,-0.986844,GRL,CAN,7414
702231,93,39,1242,2004.0,57950.0,0.0,-0.39399,0.139128,GTM,CAN,7414
702232,96,39,1242,2004.0,0.0,1747.0,-0.932802,-0.9846530000000001,GUY,CAN,7414
702233,97,39,1242,2004.0,245822.0,398504.0,0.72816,1.403171,HKG,CAN,7414
702234,102,39,1242,2004.0,1030.0,27131.0,1.3579370000000002,0.9993219999999999,HUN,CAN,7414
702235,103,39,1242,2004.0,87759.0,680818.0,0.010095999999999999,1.7413779999999999,IDN,CAN,7414
702236,104,39,1242,2004.0,311354.0,2637915.0,0.20872,2.817307,IND,CAN,7414
702237,106,39,1242,2004.0,59604.0,206444.0,1.498475,0.19050799999999998,IRL,CAN,7414
702238,107,39,1242,2004.0,0.0,447637.0,-0.6691699999999999,-1.002548,IRN,CAN,7414
702239,109,39,1242,2004.0,35148.0,1367.0,0.107901,-0.41223699999999996,ISL,CAN,7414
702240,110,39,1242,2004.0,17642.0,95182.0,1.252895,0.8662770000000001,ISR,CAN,7414
702241,111,39,1242,2004.0,6784538.0,168325.0,1.440372,0.676068,ITA,CAN,7414
702242,112,39,1242,2004.0,0.0,58887.0,-0.505365,-0.9596120000000001,JAM,CAN,7414
702243,113,39,1242,2004.0,0.0,41074.0,0.16384200000000002,0.34270100000000003,JOR,CAN,7414
702244,114,39,1242,2004.0,5394658.0,297553.0,2.756136,0.15545,JPN,CAN,7414
702245,115,39,1242,2004.0,0.0,732779.0,-0.43987200000000004,-0.50862,KAZ,CAN,7414
702246,116,39,1242,2004.0,0.0,4564.0,-0.565597,0.182375,KEN,CAN,7414
702247,120,39,1242,2004.0,0.0,11785.0,0.5528109999999999,-0.342657,KNA,CAN,7414
702248,121,39,1242,2004.0,1301229.0,112149.0,1.481275,0.7859,KOR,CAN,7414
702249,122,39,1242,2004.0,0.0,40783.0,-0.8195479999999999,-1.2105709999999998,KWT,CAN,7414
702250,124,39,1242,2004.0,1579.0,90104.0,0.269753,1.3152979999999999,LBN,CAN,7414
702251,126,39,1242,2004.0,0.0,5051738.0,-0.895142,-1.211141,LBY,CAN,7414
702252,130,39,1242,2004.0,70214.0,1872.0,0.341521,0.7971560000000001,LTU,CAN,7414
702253,131,39,1242,2004.0,3022.0,1735.0,1.258828,1.079923,LUX,CAN,7414
702254,133,39,1242,2004.0,0.0,1505.0,-0.12333599999999999,-0.600164,MAC,CAN,7414
702255,134,39,1242,2004.0,0.0,281315.0,-0.626594,-0.22253499999999998,MAR,CAN,7414
702256,138,39,1242,2004.0,12462872.0,1592373.0,1.183707,0.9043700000000001,MEX,CAN,7414
702257,153,39,1242,2004.0,3907174.0,0.0,1.250098,0.352379,MYS,CAN,7414
702258,156,39,1242,2004.0,18680.0,0.0,-0.279566,-0.860456,NCL,CAN,7414
702259,162,39,1242,2004.0,278767.0,919974.0,1.171327,1.6369799999999999,NLD,CAN,7414
702260,163,39,1242,2004.0,19218.0,193464.0,0.731175,-0.0655,NOR,CAN,7414
702261,166,39,1242,2004.0,2412.0,1588033.0,0.44099099999999997,0.968326,NZL,CAN,7414
702262,167,39,1242,2004.0,0.0,20220.0,-0.707862,-1.187629,OMN,CAN,7414
702263,168,39,1242,2004.0,0.0,14717.0,-0.7489600000000001,0.22493200000000002,PAK,CAN,7414
702264,169,39,1242,2004.0,0.0,41840.0,0.054997000000000004,0.440416,PAN,CAN,7414
702265,173,39,1242,2004.0,0.0,204922.0,-0.609837,0.13314,PER,CAN,7414
702266,174,39,1242,2004.0,0.0,23697.0,0.288786,-0.25348699999999996,PHL,CAN,7414
702267,177,39,1242,2004.0,1233799.0,11388.0,0.989568,1.49055,POL,CAN,7414
702268,179,39,1242,2004.0,121573.0,185520.0,0.705075,1.7268729999999999,PRT,CAN,7414
702269,182,39,1242,2004.0,0.0,42219.0,-0.125349,-0.718282,PYF,CAN,7414
702270,183,39,1242,2004.0,0.0,31707.0,0.018141,-1.03766,QAT,CAN,7414
702271,185,39,1242,2004.0,6650.0,11523.0,0.53925,1.145066,ROU,CAN,7414
702272,186,39,1242,2004.0,1451.0,115110.0,0.422803,0.017524,RUS,CAN,7414
702273,187,39,1242,2004.0,0.0,2927.0,-1.3090190000000002,-1.063632,RWA,CAN,7414
702274,188,39,1242,2004.0,0.0,59677.0,0.361324,-0.760732,SAU,CAN,7414
702275,189,39,1242,2004.0,49667.0,0.0,0.544686,2.418024,SCG,CAN,7414
702276,190,39,1242,2004.0,0.0,2134.0,-1.503552,-1.253193,SDN,CAN,7414
702277,191,39,1242,2004.0,0.0,2754.0,-0.620158,-0.296575,SEN,CAN,7414
702278,192,39,1242,2004.0,65833.0,35771.0,1.804502,0.570084,SGP,CAN,7414
702279,196,39,1242,2004.0,1535.0,0.0,0.43205699999999997,0.068877,SLE,CAN,7414
702280,197,39,1242,2004.0,0.0,3266.0,-0.21054299999999998,0.086382,SLV,CAN,7414
702281,200,39,1242,2004.0,0.0,9913.0,-0.652058,-0.8527040000000001,SPM,CAN,7414
702282,206,39,1242,2004.0,31018.0,0.0,1.2683149999999999,0.9208620000000001,SVK,CAN,7414
702283,207,39,1242,2004.0,61781.0,0.0,1.700677,0.829765,SVN,CAN,7414
702284,208,39,1242,2004.0,2050518.0,51959.0,2.105611,0.707843,SWE,CAN,7414
702285,212,39,1242,2004.0,0.0,38878.0,-0.698545,-0.111323,SYR,CAN,7414
702286,213,39,1242,2004.0,0.0,6797.0,0.641878,0.22729000000000002,TCA,CAN,7414
702287,216,39,1242,2004.0,1160564.0,3080835.0,0.633501,1.4648290000000002,THA,CAN,7414
702288,222,39,1242,2004.0,74707.0,10377.0,-0.108049,-0.923523,TTO,CAN,7414
702289,223,39,1242,2004.0,0.0,9585.0,-0.125092,0.370625,TUN,CAN,7414
702290,224,39,1242,2004.0,32530.0,0.0,0.249065,1.910598,TUR,CAN,7414
702291,228,39,1242,2004.0,41147.0,0.0,0.672848,1.172735,UKR,CAN,7414
702292,230,39,1242,2004.0,0.0,1548.0,-0.051583000000000004,0.145056,URY,CAN,7414
702293,231,39,1242,2004.0,385436992.0,154984352.0,1.818327,-0.17913900000000002,USA,CAN,7414
702294,234,39,1242,2004.0,0.0,4711.0,-0.706188,-0.9244120000000001,VCT,CAN,7414
702295,236,39,1242,2004.0,0.0,4155.0,-0.41193900000000006,-0.9578899999999999,VEN,CAN,7414
702296,237,39,1242,2004.0,1636.0,0.0,0.689844,-0.23942,VGB,CAN,7414
702297,239,39,1242,2004.0,0.0,238020.0,-0.46875500000000003,0.734412,VNM,CAN,7414
702298,246,39,1242,2004.0,1078.0,57810.0,0.29599699999999995,1.909018,ZAF,CAN,7414
702299,249,39,1242,2004.0,181954.0,133928.0,1.8844150000000002,1.257951,TWN,CAN,7414
702300,7,41,1242,2004.0,0.0,827406.0,-0.10993399999999999,-0.5351640000000001,ARE,CHE,7414
702301,8,41,1242,2004.0,294433.0,2062.0,-0.070845,0.879574,ARG,CHE,7414
702302,13,41,1242,2004.0,76619.0,0.0,-0.28271,-0.850197,ATG,CHE,7414
702303,14,41,1242,2004.0,0.0,141159.0,-0.198735,0.81543,AUS,CHE,7414
702304,15,41,1242,2004.0,7179018.0,5109848.0,1.958949,0.209296,AUT,CHE,7414
702305,18,41,1242,2004.0,3274520.0,569397.0,1.242665,1.541444,BEL,CHE,7414
702306,23,41,1242,2004.0,16966.0,125370.0,0.390627,1.631006,BGR,CHE,7414
702307,24,41,1242,2004.0,0.0,30123.0,-0.551237,-1.174628,BHR,CHE,7414
702308,26,41,1242,2004.0,0.0,2461.0,0.45637,0.6154470000000001,BIH,CHE,7414
702309,32,41,1242,2004.0,3577.0,107295.0,0.504233,1.567879,BRA,CHE,7414
702310,39,41,1242,2004.0,381059.0,525799.0,0.781591,1.365966,CAN,CHE,7414
702311,42,41,1242,2004.0,0.0,36505.0,-0.24101399999999998,-0.303103,CHL,CHE,7414
702312,43,41,1242,2004.0,389844.0,2320283.0,0.710603,2.017234,CHN,CHE,7414
702313,45,41,1242,2004.0,0.0,1036.0,-1.380149,-1.220501,CMR,CHE,7414
702314,49,41,1242,2004.0,0.0,35533.0,0.044706,0.514304,COL,CHE,7414
702315,54,41,1242,2004.0,0.0,1185.0,-0.16826,-0.644388,CUB,CHE,7414
702316,59,41,1242,2004.0,682801.0,123742.0,1.612543,0.607495,CZE,CHE,7414
702317,61,41,1242,2004.0,96997928.0,7997140.0,2.4453099999999997,-2.331761,DEU,CHE,7414
702318,64,41,1242,2004.0,10613979.0,252332.0,1.309074,1.2627979999999999,DNK,CHE,7414
702319,66,41,1242,2004.0,0.0,372048.0,-1.166661,-1.2240879999999998,DZA,CHE,7414
702320,68,41,1242,2004.0,0.0,133438.0,-0.35823499999999997,0.5000100000000001,EGY,CHE,7414
702321,71,41,1242,2004.0,3458797.0,774324.0,1.04057,1.789023,ESP,CHE,7414
702322,72,41,1242,2004.0,0.0,5098.0,0.645741,1.035117,EST,CHE,7414
702323,74,41,1242,2004.0,490300.0,19243.0,1.9662810000000002,1.018108,FIN,CHE,7414
702324,75,41,1242,2004.0,0.0,1229.0,-0.793333,-0.27460100000000004,FJI,CHE,7414
702325,77,41,1242,2004.0,22416876.0,796688.0,1.57079,0.6776760000000001,FRA,CHE,7414
702326,81,41,1242,2004.0,3250310.0,2176817.0,1.872987,0.734065,GBR,CHE,7414
702327,90,41,1242,2004.0,48057.0,76376.0,0.298029,1.745886,GRC,CHE,7414
702328,97,41,1242,2004.0,99826.0,84852.0,0.72816,1.403171,HKG,CHE,7414
702329,100,41,1242,2004.0,50731.0,65837.0,0.744459,1.1994479999999998,HRV,CHE,7414
702330,102,41,1242,2004.0,967899.0,78522.0,1.3579370000000002,0.9993219999999999,HUN,CHE,7414
702331,103,41,1242,2004.0,0.0,6195.0,0.010095999999999999,1.7413779999999999,IDN,CHE,7414
702332,104,41,1242,2004.0,14636.0,63590.0,0.20872,2.817307,IND,CHE,7414
702333,106,41,1242,2004.0,1075147.0,305391.0,1.498475,0.19050799999999998,IRL,CHE,7414
702334,107,41,1242,2004.0,84275.0,43057.0,-0.6691699999999999,-1.002548,IRN,CHE,7414
702335,109,41,1242,2004.0,0.0,21458.0,0.107901,-0.41223699999999996,ISL,CHE,7414
702336,110,41,1242,2004.0,30265.0,45153.0,1.252895,0.8662770000000001,ISR,CHE,7414
702337,111,41,1242,2004.0,43927004.0,751106.0,1.440372,0.676068,ITA,CHE,7414
702338,114,41,1242,2004.0,1999943.0,1819734.0,2.756136,0.15545,JPN,CHE,7414
702339,115,41,1242,2004.0,0.0,9997.0,-0.43987200000000004,-0.50862,KAZ,CHE,7414
702340,116,41,1242,2004.0,0.0,10208.0,-0.565597,0.182375,KEN,CHE,7414
702341,121,41,1242,2004.0,18590.0,216950.0,1.481275,0.7859,KOR,CHE,7414
702342,122,41,1242,2004.0,0.0,764515.0,-0.8195479999999999,-1.2105709999999998,KWT,CHE,7414
702343,124,41,1242,2004.0,2348.0,1959.0,0.269753,1.3152979999999999,LBN,CHE,7414
702344,126,41,1242,2004.0,0.0,132362.0,-0.895142,-1.211141,LBY,CHE,7414
702345,130,41,1242,2004.0,50557.0,60800.0,0.341521,0.7971560000000001,LTU,CHE,7414
702346,131,41,1242,2004.0,245878.0,9160.0,1.258828,1.079923,LUX,CHE,7414
702347,132,41,1242,2004.0,0.0,54227.0,0.415001,0.8476809999999999,LVA,CHE,7414
702348,134,41,1242,2004.0,0.0,19793.0,-0.626594,-0.22253499999999998,MAR,CHE,7414
702349,136,41,1242,2004.0,0.0,6266.0,-1.1010799999999998,-0.7367859999999999,MDG,CHE,7414
702350,138,41,1242,2004.0,215482.0,82427.0,1.183707,0.9043700000000001,MEX,CHE,7414
702351,140,41,1242,2004.0,3289.0,11919.0,-0.120439,0.27624899999999997,MKD,CHE,7414
702352,142,41,1242,2004.0,14831.0,0.0,1.2290379999999999,-0.025372,MLT,CHE,7414
702353,153,41,1242,2004.0,0.0,16788.0,1.250098,0.352379,MYS,CHE,7414
702354,159,41,1242,2004.0,0.0,4246.0,-2.336753,-1.350375,NGA,CHE,7414
702355,162,41,1242,2004.0,4966886.0,791630.0,1.171327,1.6369799999999999,NLD,CHE,7414
702356,163,41,1242,2004.0,3195.0,459450.0,0.731175,-0.0655,NOR,CHE,7414
702357,166,41,1242,2004.0,0.0,21842.0,0.44099099999999997,0.968326,NZL,CHE,7414
702358,167,41,1242,2004.0,0.0,45898.0,-0.707862,-1.187629,OMN,CHE,7414
702359,168,41,1242,2004.0,0.0,7101.0,-0.7489600000000001,0.22493200000000002,PAK,CHE,7414
702360,169,41,1242,2004.0,0.0,34290.0,0.054997000000000004,0.440416,PAN,CHE,7414
702361,174,41,1242,2004.0,0.0,116275.0,0.288786,-0.25348699999999996,PHL,CHE,7414
702362,176,41,1242,2004.0,0.0,2230.0,-1.57259,-1.215066,PNG,CHE,7414
702363,177,41,1242,2004.0,1411689.0,35153.0,0.989568,1.49055,POL,CHE,7414
702364,179,41,1242,2004.0,195476.0,14478.0,0.705075,1.7268729999999999,PRT,CHE,7414
702365,185,41,1242,2004.0,202803.0,123923.0,0.53925,1.145066,ROU,CHE,7414
702366,186,41,1242,2004.0,1848.0,94052.0,0.422803,0.017524,RUS,CHE,7414
702367,188,41,1242,2004.0,0.0,55634.0,0.361324,-0.760732,SAU,CHE,7414
702368,189,41,1242,2004.0,5444.0,98498.0,0.544686,2.418024,SCG,CHE,7414
702369,190,41,1242,2004.0,0.0,25384.0,-1.503552,-1.253193,SDN,CHE,7414
702370,192,41,1242,2004.0,12765.0,319449.0,1.804502,0.570084,SGP,CHE,7414
702371,197,41,1242,2004.0,0.0,24486.0,-0.21054299999999998,0.086382,SLV,CHE,7414
702372,205,41,1242,2004.0,0.0,7866.0,-1.056251,-1.0234590000000001,SUR,CHE,7414
702373,206,41,1242,2004.0,6453.0,31945.0,1.2683149999999999,0.9208620000000001,SVK,CHE,7414
702374,207,41,1242,2004.0,145530.0,38246.0,1.700677,0.829765,SVN,CHE,7414
702375,208,41,1242,2004.0,3505468.0,494875.0,2.105611,0.707843,SWE,CHE,7414
702376,216,41,1242,2004.0,1700.0,66788.0,0.633501,1.4648290000000002,THA,CHE,7414
702377,223,41,1242,2004.0,0.0,2714.0,-0.125092,0.370625,TUN,CHE,7414
702378,224,41,1242,2004.0,563588.0,197572.0,0.249065,1.910598,TUR,CHE,7414
702379,228,41,1242,2004.0,0.0,5097.0,0.672848,1.172735,UKR,CHE,7414
702380,231,41,1242,2004.0,1318504.0,3662001.0,1.818327,-0.17913900000000002,USA,CHE,7414
702381,234,41,1242,2004.0,0.0,1168.0,-0.706188,-0.9244120000000001,VCT,CHE,7414
702382,236,41,1242,2004.0,0.0,31854.0,-0.41193900000000006,-0.9578899999999999,VEN,CHE,7414
702383,243,41,1242,2004.0,0.0,14735.0,-1.298227,-1.2496639999999999,YEM,CHE,7414
702384,246,41,1242,2004.0,9185.0,9249.0,0.29599699999999995,1.909018,ZAF,CHE,7414
702385,249,41,1242,2004.0,232118.0,157123.0,1.8844150000000002,1.257951,TWN,CHE,7414
702386,0,43,1242,2004.0,0.0,10173.0,0.074978,-0.8537239999999999,ABW,CHN,7414
702387,2,43,1242,2004.0,0.0,256868.0,-0.8688110000000001,-1.198692,AGO,CHN,7414
702388,4,43,1242,2004.0,0.0,17052.0,-0.142479,0.136074,ALB,CHN,7414
702389,5,43,1242,2004.0,0.0,2422.0,1.122154,0.958434,AND,CHN,7414
702390,6,43,1242,2004.0,0.0,2175.0,0.080304,-0.634516,ANT,CHN,7414
702391,7,43,1242,2004.0,1069.0,4501738.0,-0.10993399999999999,-0.5351640000000001,ARE,CHN,7414
702392,8,43,1242,2004.0,302746.0,282742.0,-0.070845,0.879574,ARG,CHN,7414
702393,9,43,1242,2004.0,0.0,3604.0,0.497276,-0.226016,ARM,CHN,7414
702394,14,43,1242,2004.0,3503687.0,23974406.0,-0.198735,0.81543,AUS,CHN,7414
702395,15,43,1242,2004.0,1819820.0,1139371.0,1.958949,0.209296,AUT,CHN,7414
702396,16,43,1242,2004.0,0.0,15691.0,-0.720616,-1.009692,AZE,CHN,7414
702397,18,43,1242,2004.0,205542.0,4516431.0,1.242665,1.541444,BEL,CHN,7414
702398,19,43,1242,2004.0,20261.0,46767.0,-1.422449,-1.09615,BEN,CHN,7414
702399,22,43,1242,2004.0,0.0,852171.0,-1.074194,-0.9392389999999999,BGD,CHN,7414
702400,23,43,1242,2004.0,0.0,699298.0,0.390627,1.631006,BGR,CHN,7414
702401,24,43,1242,2004.0,0.0,355074.0,-0.551237,-1.174628,BHR,CHN,7414
702402,26,43,1242,2004.0,0.0,5576.0,0.45637,0.6154470000000001,BIH,CHN,7414
702403,28,43,1242,2004.0,0.0,6734.0,0.9384239999999999,0.9708690000000001,BLR,CHN,7414
702404,29,43,1242,2004.0,0.0,3771.0,-0.528459,-0.739219,BLZ,CHN,7414
702405,31,43,1242,2004.0,0.0,5915.0,-0.841087,-0.770059,BOL,CHN,7414
702406,32,43,1242,2004.0,86164.0,7481872.0,0.504233,1.567879,BRA,CHN,7414
702407,33,43,1242,2004.0,0.0,48311.0,0.644308,0.290054,BRB,CHN,7414
702408,34,43,1242,2004.0,0.0,123448.0,-0.720827,-0.964435,BRN,CHN,7414
702409,37,43,1242,2004.0,0.0,25446.0,-0.435159,-1.150519,BWA,CHN,7414
702410,39,43,1242,2004.0,607380.0,11853392.0,0.781591,1.365966,CAN,CHN,7414
702411,41,43,1242,2004.0,2320283.0,389844.0,2.234603,0.551975,CHE,CHN,7414
702412,42,43,1242,2004.0,0.0,1044301.0,-0.24101399999999998,-0.303103,CHL,CHN,7414
702413,44,43,1242,2004.0,0.0,17625.0,-0.835933,-0.749289,CIV,CHN,7414
702414,45,43,1242,2004.0,0.0,39709.0,-1.380149,-1.220501,CMR,CHN,7414
702415,47,43,1242,2004.0,0.0,17844.0,-1.415254,-1.24599,COG,CHN,7414
702416,49,43,1242,2004.0,0.0,503721.0,0.044706,0.514304,COL,CHN,7414
702417,51,43,1242,2004.0,0.0,6187.0,-0.291469,-0.6426850000000001,CPV,CHN,7414
702418,52,43,1242,2004.0,0.0,53517.0,-0.036323,-0.313847,CRI,CHN,7414
702419,54,43,1242,2004.0,0.0,196976.0,-0.16826,-0.644388,CUB,CHN,7414
702420,58,43,1242,2004.0,0.0,469617.0,0.42732200000000004,0.811763,CYP,CHN,7414
702421,59,43,1242,2004.0,395778.0,646166.0,1.612543,0.607495,CZE,CHN,7414
702422,61,43,1242,2004.0,24579998.0,21414060.0,2.4453099999999997,-2.331761,DEU,CHN,7414
702423,62,43,1242,2004.0,0.0,111284.0,-0.370222,-0.28660399999999997,DJI,CHN,7414
702424,63,43,1242,2004.0,0.0,112623.0,0.478601,0.368796,DMA,CHN,7414
702425,64,43,1242,2004.0,68707840.0,1780284.0,1.309074,1.2627979999999999,DNK,CHN,7414
702426,65,43,1242,2004.0,0.0,626532.0,-0.24909699999999999,-0.326783,DOM,CHN,7414
702427,66,43,1242,2004.0,0.0,985622.0,-1.166661,-1.2240879999999998,DZA,CHN,7414
702428,67,43,1242,2004.0,0.0,142034.0,-0.990727,-0.9383090000000001,ECU,CHN,7414
702429,68,43,1242,2004.0,0.0,1453113.0,-0.35823499999999997,0.5000100000000001,EGY,CHN,7414
702430,69,43,1242,2004.0,0.0,3507.0,0.390463,0.144876,ERI,CHN,7414
702431,71,43,1242,2004.0,3294190.0,24771272.0,1.04057,1.789023,ESP,CHN,7414
702432,72,43,1242,2004.0,0.0,293880.0,0.645741,1.035117,EST,CHN,7414
702433,73,43,1242,2004.0,0.0,877988.0,-1.202444,-0.8973120000000001,ETH,CHN,7414
702434,74,43,1242,2004.0,587087.0,479608.0,1.9662810000000002,1.018108,FIN,CHN,7414
702435,75,43,1242,2004.0,0.0,318755.0,-0.793333,-0.27460100000000004,FJI,CHN,7414
702436,77,43,1242,2004.0,15624552.0,7811924.0,1.57079,0.6776760000000001,FRA,CHN,7414
702437,79,43,1242,2004.0,0.0,3749.0,-1.155942,-1.049955,FSM,CHN,7414
702438,80,43,1242,2004.0,0.0,210150.0,-1.006071,-1.212338,GAB,CHN,7414
702439,81,43,1242,2004.0,1033897.0,17061052.0,1.872987,0.734065,GBR,CHN,7414
702440,82,43,1242,2004.0,0.0,2106.0,-0.030676,-0.560186,GEO,CHN,7414
702441,83,43,1242,2004.0,0.0,358060.0,-1.015073,-0.9147069999999999,GHA,CHN,7414
702442,85,43,1242,2004.0,0.0,8465.0,-1.004077,-1.108018,GIN,CHN,7414
702443,88,43,1242,2004.0,0.0,45653.0,-1.258264,-1.028131,GNB,CHN,7414
702444,89,43,1242,2004.0,0.0,20527.0,-1.9282080000000001,-0.928127,GNQ,CHN,7414
702445,90,43,1242,2004.0,1510.0,7518042.0,0.298029,1.745886,GRC,CHN,7414
702446,91,43,1242,2004.0,0.0,11787.0,0.426058,-0.30841799999999997,GRD,CHN,7414
702447,93,43,1242,2004.0,0.0,401374.0,-0.39399,0.139128,GTM,CHN,7414
702448,97,43,1242,2004.0,5013546.0,54909844.0,0.72816,1.403171,HKG,CHN,7414
702449,99,43,1242,2004.0,0.0,163755.0,-0.6372140000000001,-0.453946,HND,CHN,7414
702450,100,43,1242,2004.0,0.0,203962.0,0.744459,1.1994479999999998,HRV,CHN,7414
702451,102,43,1242,2004.0,7441.0,147708.0,1.3579370000000002,0.9993219999999999,HUN,CHN,7414
702452,103,43,1242,2004.0,778901.0,20249562.0,0.010095999999999999,1.7413779999999999,IDN,CHN,7414
702453,104,43,1242,2004.0,760944.0,8525106.0,0.20872,2.817307,IND,CHN,7414
702454,106,43,1242,2004.0,525192.0,342624.0,1.498475,0.19050799999999998,IRL,CHN,7414
702455,107,43,1242,2004.0,0.0,3004442.0,-0.6691699999999999,-1.002548,IRN,CHN,7414
702456,108,43,1242,2004.0,0.0,43351.0,-1.50824,-1.082486,IRQ,CHN,7414
702457,109,43,1242,2004.0,0.0,44179.0,0.107901,-0.41223699999999996,ISL,CHN,7414
702458,110,43,1242,2004.0,94679.0,2788013.0,1.252895,0.8662770000000001,ISR,CHN,7414
702459,111,43,1242,2004.0,12332031.0,49704124.0,1.440372,0.676068,ITA,CHN,7414
702460,112,43,1242,2004.0,0.0,639677.0,-0.505365,-0.9596120000000001,JAM,CHN,7414
702461,113,43,1242,2004.0,0.0,1144932.0,0.16384200000000002,0.34270100000000003,JOR,CHN,7414
702462,114,43,1242,2004.0,225392032.0,218590208.0,2.756136,0.15545,JPN,CHN,7414
702463,115,43,1242,2004.0,8756.0,2150215.0,-0.43987200000000004,-0.50862,KAZ,CHN,7414
702464,116,43,1242,2004.0,0.0,335383.0,-0.565597,0.182375,KEN,CHN,7414
702465,117,43,1242,2004.0,0.0,57074.0,-0.263776,0.503736,KGZ,CHN,7414
702466,118,43,1242,2004.0,0.0,161030.0,-1.145227,-1.19179,KHM,CHN,7414
702467,121,43,1242,2004.0,14236760.0,17205432.0,1.481275,0.7859,KOR,CHN,7414
702468,122,43,1242,2004.0,0.0,581559.0,-0.8195479999999999,-1.2105709999999998,KWT,CHN,7414
702469,123,43,1242,2004.0,0.0,230843.0,-0.9964770000000001,-0.9475,LAO,CHN,7414
702470,124,43,1242,2004.0,2519.0,1591283.0,0.269753,1.3152979999999999,LBN,CHN,7414
702471,125,43,1242,2004.0,0.0,3901.0,0.037469,-1.036878,LBR,CHN,7414
702472,126,43,1242,2004.0,0.0,142650.0,-0.895142,-1.211141,LBY,CHN,7414
702473,127,43,1242,2004.0,0.0,1215.0,0.31900300000000004,-0.346391,LCA,CHN,7414
702474,128,43,1242,2004.0,0.0,1372714.0,-0.42450299999999996,0.173518,LKA,CHN,7414
702475,130,43,1242,2004.0,0.0,72763.0,0.341521,0.7971560000000001,LTU,CHN,7414
702476,131,43,1242,2004.0,5495.0,8832.0,1.258828,1.079923,LUX,CHN,7414
702477,132,43,1242,2004.0,0.0,1553597.0,0.415001,0.8476809999999999,LVA,CHN,7414
702478,133,43,1242,2004.0,0.0,1365807.0,-0.12333599999999999,-0.600164,MAC,CHN,7414
702479,134,43,1242,2004.0,0.0,879221.0,-0.626594,-0.22253499999999998,MAR,CHN,7414
702480,135,43,1242,2004.0,0.0,9430.0,-0.13031900000000002,-0.118591,MDA,CHN,7414
702481,136,43,1242,2004.0,0.0,121075.0,-1.1010799999999998,-0.7367859999999999,MDG,CHN,7414
702482,137,43,1242,2004.0,0.0,52338.0,-0.44303000000000003,-0.841744,MDV,CHN,7414
702483,138,43,1242,2004.0,652306.0,8906214.0,1.183707,0.9043700000000001,MEX,CHN,7414
702484,139,43,1242,2004.0,0.0,1798.0,-0.712684,-0.88944,MHL,CHN,7414
702485,140,43,1242,2004.0,0.0,51051.0,-0.120439,0.27624899999999997,MKD,CHN,7414
702486,142,43,1242,2004.0,237796.0,80718.0,1.2290379999999999,-0.025372,MLT,CHN,7414
702487,143,43,1242,2004.0,0.0,843687.0,-1.048261,-0.828443,MMR,CHN,7414
702488,145,43,1242,2004.0,0.0,701090.0,-0.920198,-1.1059219999999998,MNG,CHN,7414
702489,147,43,1242,2004.0,0.0,53104.0,-1.009633,-0.9863059999999999,MOZ,CHN,7414
702490,148,43,1242,2004.0,0.0,19848.0,-1.8941119999999998,-1.357728,MRT,CHN,7414
702491,151,43,1242,2004.0,0.0,87400.0,-0.161262,-0.29730300000000004,MUS,CHN,7414
702492,152,43,1242,2004.0,0.0,4427.0,-1.233417,-1.071204,MWI,CHN,7414
702493,153,43,1242,2004.0,1905208.0,11956604.0,1.250098,0.352379,MYS,CHN,7414
702494,155,43,1242,2004.0,0.0,17916.0,-0.408989,-0.462016,NAM,CHN,7414
702495,156,43,1242,2004.0,0.0,28485.0,-0.279566,-0.860456,NCL,CHN,7414
702496,157,43,1242,2004.0,0.0,7774.0,-1.102485,-0.850282,NER,CHN,7414
702497,159,43,1242,2004.0,0.0,4020334.0,-2.336753,-1.350375,NGA,CHN,7414
702498,160,43,1242,2004.0,0.0,71476.0,-1.003846,-0.697642,NIC,CHN,7414
702499,162,43,1242,2004.0,1724786.0,8269059.0,1.171327,1.6369799999999999,NLD,CHN,7414
702500,163,43,1242,2004.0,139236.0,430328.0,0.731175,-0.0655,NOR,CHN,7414
702501,164,43,1242,2004.0,0.0,97354.0,-0.16800199999999998,0.541976,NPL,CHN,7414
702502,166,43,1242,2004.0,195082.0,2112830.0,0.44099099999999997,0.968326,NZL,CHN,7414
702503,167,43,1242,2004.0,0.0,486866.0,-0.707862,-1.187629,OMN,CHN,7414
702504,168,43,1242,2004.0,4349.0,8913757.0,-0.7489600000000001,0.22493200000000002,PAK,CHN,7414
702505,169,43,1242,2004.0,0.0,409187.0,0.054997000000000004,0.440416,PAN,CHN,7414
702506,173,43,1242,2004.0,0.0,1376860.0,-0.609837,0.13314,PER,CHN,7414
702507,174,43,1242,2004.0,13623.0,4442708.0,0.288786,-0.25348699999999996,PHL,CHN,7414
702508,176,43,1242,2004.0,0.0,87094.0,-1.57259,-1.215066,PNG,CHN,7414
702509,177,43,1242,2004.0,16175.0,820378.0,0.989568,1.49055,POL,CHN,7414
702510,178,43,1242,2004.0,0.0,1129904.0,0.695376,0.9732209999999999,PRK,CHN,7414
702511,179,43,1242,2004.0,0.0,329130.0,0.705075,1.7268729999999999,PRT,CHN,7414
702512,180,43,1242,2004.0,0.0,355201.0,-0.634469,-0.870034,PRY,CHN,7414
702513,182,43,1242,2004.0,0.0,69991.0,-0.125349,-0.718282,PYF,CHN,7414
702514,183,43,1242,2004.0,0.0,115752.0,0.018141,-1.03766,QAT,CHN,7414
702515,185,43,1242,2004.0,0.0,264977.0,0.53925,1.145066,ROU,CHN,7414
702516,186,43,1242,2004.0,575139.0,2772982.0,0.422803,0.017524,RUS,CHN,7414
702517,188,43,1242,2004.0,0.0,3139606.0,0.361324,-0.760732,SAU,CHN,7414
702518,189,43,1242,2004.0,0.0,72847.0,0.544686,2.418024,SCG,CHN,7414
702519,190,43,1242,2004.0,0.0,273991.0,-1.503552,-1.253193,SDN,CHN,7414
702520,191,43,1242,2004.0,0.0,24971.0,-0.620158,-0.296575,SEN,CHN,7414
702521,192,43,1242,2004.0,264784416.0,14396946.0,1.804502,0.570084,SGP,CHN,7414
702522,195,43,1242,2004.0,0.0,17373.0,-1.337367,-1.051245,SLB,CHN,7414
702523,196,43,1242,2004.0,0.0,60006.0,0.43205699999999997,0.068877,SLE,CHN,7414
702524,197,43,1242,2004.0,0.0,64124.0,-0.21054299999999998,0.086382,SLV,CHN,7414
702525,205,43,1242,2004.0,0.0,50833.0,-1.056251,-1.0234590000000001,SUR,CHN,7414
702526,206,43,1242,2004.0,2180.0,162903.0,1.2683149999999999,0.9208620000000001,SVK,CHN,7414
702527,207,43,1242,2004.0,0.0,72123.0,1.700677,0.829765,SVN,CHN,7414
702528,208,43,1242,2004.0,2017840.0,1689461.0,2.105611,0.707843,SWE,CHN,7414
702529,212,43,1242,2004.0,0.0,1488939.0,-0.698545,-0.111323,SYR,CHN,7414
702530,216,43,1242,2004.0,2246169.0,14231922.0,0.633501,1.4648290000000002,THA,CHN,7414
702531,217,43,1242,2004.0,0.0,49824.0,-0.805571,-1.077194,TJK,CHN,7414
702532,220,43,1242,2004.0,0.0,2412.0,0.437675,-0.21816300000000002,TLS,CHN,7414
702533,221,43,1242,2004.0,0.0,1413.0,-0.431874,-0.8715629999999999,TON,CHN,7414
702534,222,43,1242,2004.0,0.0,145811.0,-0.108049,-0.923523,TTO,CHN,7414
702535,223,43,1242,2004.0,0.0,1760399.0,-0.125092,0.370625,TUN,CHN,7414
702536,224,43,1242,2004.0,73774.0,6614778.0,0.249065,1.910598,TUR,CHN,7414
702537,226,43,1242,2004.0,0.0,161996.0,-0.935327,0.362709,TZA,CHN,7414
702538,227,43,1242,2004.0,0.0,121907.0,-1.05367,-0.546304,UGA,CHN,7414
702539,228,43,1242,2004.0,0.0,597018.0,0.672848,1.172735,UKR,CHN,7414
702540,230,43,1242,2004.0,0.0,64149.0,-0.051583000000000004,0.145056,URY,CHN,7414
702541,231,43,1242,2004.0,120289384.0,188229392.0,1.818327,-0.17913900000000002,USA,CHN,7414
702542,232,43,1242,2004.0,0.0,118509.0,-0.518472,-0.7689779999999999,UZB,CHN,7414
702543,236,43,1242,2004.0,0.0,137127.0,-0.41193900000000006,-0.9578899999999999,VEN,CHN,7414
702544,239,43,1242,2004.0,0.0,6374609.0,-0.46875500000000003,0.734412,VNM,CHN,7414
702545,240,43,1242,2004.0,0.0,1669.0,-1.284054,-1.0415809999999999,VUT,CHN,7414
702546,241,43,1242,2004.0,0.0,1301.0,2.237209,0.203692,WLF,CHN,7414
702547,243,43,1242,2004.0,0.0,586388.0,-1.298227,-1.2496639999999999,YEM,CHN,7414
702548,246,43,1242,2004.0,19283.0,6156636.0,0.29599699999999995,1.909018,ZAF,CHN,7414
702549,247,43,1242,2004.0,0.0,135249.0,-0.8752479999999999,-0.784285,ZMB,CHN,7414
702550,248,43,1242,2004.0,0.0,114122.0,-0.44064799999999993,0.01704,ZWE,CHN,7414
702551,249,43,1242,2004.0,14443487.0,15756570.0,1.8844150000000002,1.257951,TWN,CHN,7414
702552,250,43,1242,2004.0,34389.0,43118.0,0.46240200000000004,-0.406624,ANS,CHN,7414
702553,0,49,1242,2004.0,0.0,1718.0,0.074978,-0.8537239999999999,ABW,COL,7414
702554,6,49,1242,2004.0,0.0,9895.0,0.080304,-0.634516,ANT,COL,7414
702555,8,49,1242,2004.0,154751.0,0.0,-0.070845,0.879574,ARG,COL,7414
702556,13,49,1242,2004.0,0.0,3978.0,-0.28271,-0.850197,ATG,COL,7414
702557,15,49,1242,2004.0,6649.0,0.0,1.958949,0.209296,AUT,COL,7414
702558,25,49,1242,2004.0,0.0,3039.0,0.029548,-0.692239,BHS,COL,7414
702559,29,49,1242,2004.0,0.0,23466.0,-0.528459,-0.739219,BLZ,COL,7414
702560,32,49,1242,2004.0,2305609.0,46107.0,0.504233,1.567879,BRA,COL,7414
702561,39,49,1242,2004.0,472799.0,417517.0,0.781591,1.365966,CAN,COL,7414
702562,41,49,1242,2004.0,35533.0,0.0,2.234603,0.551975,CHE,COL,7414
702563,42,49,1242,2004.0,230811.0,1232.0,-0.24101399999999998,-0.303103,CHL,COL,7414
702564,43,49,1242,2004.0,503721.0,0.0,0.710603,2.017234,CHN,COL,7414
702565,52,49,1242,2004.0,0.0,1318139.0,-0.036323,-0.313847,CRI,COL,7414
702566,54,49,1242,2004.0,0.0,258184.0,-0.16826,-0.644388,CUB,COL,7414
702567,59,49,1242,2004.0,30246.0,0.0,1.612543,0.607495,CZE,COL,7414
702568,61,49,1242,2004.0,226924.0,0.0,2.4453099999999997,-2.331761,DEU,COL,7414
702569,64,49,1242,2004.0,52874.0,0.0,1.309074,1.2627979999999999,DNK,COL,7414
702570,65,49,1242,2004.0,0.0,27378.0,-0.24909699999999999,-0.326783,DOM,COL,7414
702571,67,49,1242,2004.0,0.0,5081507.0,-0.990727,-0.9383090000000001,ECU,COL,7414
702572,71,49,1242,2004.0,254636.0,20024.0,1.04057,1.789023,ESP,COL,7414
702573,74,49,1242,2004.0,78711.0,0.0,1.9662810000000002,1.018108,FIN,COL,7414
702574,77,49,1242,2004.0,291002.0,0.0,1.57079,0.6776760000000001,FRA,COL,7414
702575,81,49,1242,2004.0,22008.0,0.0,1.872987,0.734065,GBR,COL,7414
702576,93,49,1242,2004.0,3053.0,109496.0,-0.39399,0.139128,GTM,COL,7414
702577,99,49,1242,2004.0,0.0,83604.0,-0.6372140000000001,-0.453946,HND,COL,7414
702578,101,49,1242,2004.0,0.0,8414.0,-0.919434,-0.9868950000000001,HTI,COL,7414
702579,103,49,1242,2004.0,1684.0,0.0,0.010095999999999999,1.7413779999999999,IDN,COL,7414
702580,104,49,1242,2004.0,1535.0,0.0,0.20872,2.817307,IND,COL,7414
702581,106,49,1242,2004.0,3553.0,0.0,1.498475,0.19050799999999998,IRL,COL,7414
702582,111,49,1242,2004.0,1098713.0,4086.0,1.440372,0.676068,ITA,COL,7414
702583,112,49,1242,2004.0,0.0,8730.0,-0.505365,-0.9596120000000001,JAM,COL,7414
702584,114,49,1242,2004.0,106263.0,0.0,2.756136,0.15545,JPN,COL,7414
702585,121,49,1242,2004.0,466556.0,0.0,1.481275,0.7859,KOR,COL,7414
702586,131,49,1242,2004.0,20306.0,0.0,1.258828,1.079923,LUX,COL,7414
702587,138,49,1242,2004.0,2399067.0,117982.0,1.183707,0.9043700000000001,MEX,COL,7414
702588,162,49,1242,2004.0,9516.0,0.0,1.171327,1.6369799999999999,NLD,COL,7414
702589,169,49,1242,2004.0,165504.0,381613.0,0.054997000000000004,0.440416,PAN,COL,7414
702590,173,49,1242,2004.0,0.0,690204.0,-0.609837,0.13314,PER,COL,7414
702591,179,49,1242,2004.0,96577.0,0.0,0.705075,1.7268729999999999,PRT,COL,7414
702592,192,49,1242,2004.0,16982.0,0.0,1.804502,0.570084,SGP,COL,7414
702593,197,49,1242,2004.0,0.0,500884.0,-0.21054299999999998,0.086382,SLV,COL,7414
702594,206,49,1242,2004.0,5039.0,0.0,1.2683149999999999,0.9208620000000001,SVK,COL,7414
702595,207,49,1242,2004.0,1021.0,0.0,1.700677,0.829765,SVN,COL,7414
702596,208,49,1242,2004.0,1283.0,0.0,2.105611,0.707843,SWE,COL,7414
702597,216,49,1242,2004.0,114934.0,0.0,0.633501,1.4648290000000002,THA,COL,7414
702598,222,49,1242,2004.0,61408.0,21394.0,-0.108049,-0.923523,TTO,COL,7414
702599,224,49,1242,2004.0,70168.0,0.0,0.249065,1.910598,TUR,COL,7414
702600,230,49,1242,2004.0,0.0,1043.0,-0.051583000000000004,0.145056,URY,COL,7414
702601,231,49,1242,2004.0,3663107.0,537889.0,1.818327,-0.17913900000000002,USA,COL,7414
702602,236,49,1242,2004.0,381426.0,4279403.0,-0.41193900000000006,-0.9578899999999999,VEN,COL,7414
702603,246,49,1242,2004.0,9142.0,0.0,0.29599699999999995,1.909018,ZAF,COL,7414
702604,249,49,1242,2004.0,18494.0,0.0,1.8844150000000002,1.257951,TWN,COL,7414
702605,250,49,1242,2004.0,89801.0,0.0,0.46240200000000004,-0.406624,ANS,COL,7414
702606,8,52,1242,2004.0,400595.0,9636.0,-0.070845,0.879574,ARG,CRI,7414
702607,15,52,1242,2004.0,5776.0,0.0,1.958949,0.209296,AUT,CRI,7414
702608,18,52,1242,2004.0,28817.0,0.0,1.242665,1.541444,BEL,CRI,7414
702609,32,52,1242,2004.0,810554.0,0.0,0.504233,1.567879,BRA,CRI,7414
702610,42,52,1242,2004.0,389329.0,0.0,-0.24101399999999998,-0.303103,CHL,CRI,7414
702611,43,52,1242,2004.0,53517.0,0.0,0.710603,2.017234,CHN,CRI,7414
702612,49,52,1242,2004.0,1318139.0,0.0,0.044706,0.514304,COL,CRI,7414
702613,54,52,1242,2004.0,0.0,13572.0,-0.16826,-0.644388,CUB,CRI,7414
702614,61,52,1242,2004.0,125831.0,0.0,2.4453099999999997,-2.331761,DEU,CRI,7414
702615,64,52,1242,2004.0,44750.0,0.0,1.309074,1.2627979999999999,DNK,CRI,7414
702616,65,52,1242,2004.0,10103.0,6971.0,-0.24909699999999999,-0.326783,DOM,CRI,7414
702617,71,52,1242,2004.0,48571.0,0.0,1.04057,1.789023,ESP,CRI,7414
702618,77,52,1242,2004.0,144587.0,0.0,1.57079,0.6776760000000001,FRA,CRI,7414
702619,81,52,1242,2004.0,27960.0,0.0,1.872987,0.734065,GBR,CRI,7414
702620,93,52,1242,2004.0,1779511.0,33496.0,-0.39399,0.139128,GTM,CRI,7414
702621,97,52,1242,2004.0,1524.0,0.0,0.72816,1.403171,HKG,CRI,7414
702622,99,52,1242,2004.0,6056.0,83263.0,-0.6372140000000001,-0.453946,HND,CRI,7414
702623,102,52,1242,2004.0,53317.0,0.0,1.3579370000000002,0.9993219999999999,HUN,CRI,7414
702624,111,52,1242,2004.0,1052071.0,0.0,1.440372,0.676068,ITA,CRI,7414
702625,114,52,1242,2004.0,353453.0,0.0,2.756136,0.15545,JPN,CRI,7414
702626,121,52,1242,2004.0,47788.0,0.0,1.481275,0.7859,KOR,CRI,7414
702627,138,52,1242,2004.0,1126326.0,2029.0,1.183707,0.9043700000000001,MEX,CRI,7414
702628,153,52,1242,2004.0,5700.0,0.0,1.250098,0.352379,MYS,CRI,7414
702629,159,52,1242,2004.0,0.0,143332.0,-2.336753,-1.350375,NGA,CRI,7414
702630,160,52,1242,2004.0,0.0,69534.0,-1.003846,-0.697642,NIC,CRI,7414
702631,162,52,1242,2004.0,133660.0,0.0,1.171327,1.6369799999999999,NLD,CRI,7414
702632,163,52,1242,2004.0,0.0,10166.0,0.731175,-0.0655,NOR,CRI,7414
702633,169,52,1242,2004.0,27746.0,75458.0,0.054997000000000004,0.440416,PAN,CRI,7414
702634,173,52,1242,2004.0,4978.0,0.0,-0.609837,0.13314,PER,CRI,7414
702635,177,52,1242,2004.0,0.0,2386.0,0.989568,1.49055,POL,CRI,7414
702636,178,52,1242,2004.0,18509.0,0.0,0.695376,0.9732209999999999,PRK,CRI,7414
702637,179,52,1242,2004.0,72200.0,0.0,0.705075,1.7268729999999999,PRT,CRI,7414
702638,197,52,1242,2004.0,210157.0,25233.0,-0.21054299999999998,0.086382,SLV,CRI,7414
702639,208,52,1242,2004.0,382381.0,0.0,2.105611,0.707843,SWE,CRI,7414
702640,216,52,1242,2004.0,50962.0,0.0,0.633501,1.4648290000000002,THA,CRI,7414
702641,222,52,1242,2004.0,43024.0,7068.0,-0.108049,-0.923523,TTO,CRI,7414
702642,224,52,1242,2004.0,5117.0,0.0,0.249065,1.910598,TUR,CRI,7414
702643,231,52,1242,2004.0,4844594.0,102961.0,1.818327,-0.17913900000000002,USA,CRI,7414
702644,236,52,1242,2004.0,16198.0,0.0,-0.41193900000000006,-0.9578899999999999,VEN,CRI,7414
702645,249,52,1242,2004.0,23155.0,0.0,1.8844150000000002,1.257951,TWN,CRI,7414
702646,8,54,1242,2004.0,167027.0,0.0,-0.070845,0.879574,ARG,CUB,7414
702647,18,54,1242,2004.0,390967.0,0.0,1.242665,1.541444,BEL,CUB,7414
702648,32,54,1242,2004.0,956073.0,0.0,0.504233,1.567879,BRA,CUB,7414
702649,39,54,1242,2004.0,370219.0,0.0,0.781591,1.365966,CAN,CUB,7414
702650,41,54,1242,2004.0,1185.0,0.0,2.234603,0.551975,CHE,CUB,7414
702651,42,54,1242,2004.0,147227.0,0.0,-0.24101399999999998,-0.303103,CHL,CUB,7414
702652,43,54,1242,2004.0,196976.0,0.0,0.710603,2.017234,CHN,CUB,7414
702653,49,54,1242,2004.0,258184.0,0.0,0.044706,0.514304,COL,CUB,7414
702654,52,54,1242,2004.0,13572.0,0.0,-0.036323,-0.313847,CRI,CUB,7414
702655,61,54,1242,2004.0,520117.0,0.0,2.4453099999999997,-2.331761,DEU,CUB,7414
702656,64,54,1242,2004.0,311351.0,0.0,1.309074,1.2627979999999999,DNK,CUB,7414
702657,65,54,1242,2004.0,37725.0,0.0,-0.24909699999999999,-0.326783,DOM,CUB,7414
702658,71,54,1242,2004.0,5430611.0,19652.0,1.04057,1.789023,ESP,CUB,7414
702659,77,54,1242,2004.0,38729.0,1771.0,1.57079,0.6776760000000001,FRA,CUB,7414
702660,81,54,1242,2004.0,3234.0,0.0,1.872987,0.734065,GBR,CUB,7414
702661,101,54,1242,2004.0,0.0,2051.0,-0.919434,-0.9868950000000001,HTI,CUB,7414
702662,110,54,1242,2004.0,20659.0,0.0,1.252895,0.8662770000000001,ISR,CUB,7414
702663,111,54,1242,2004.0,1724090.0,0.0,1.440372,0.676068,ITA,CUB,7414
702664,112,54,1242,2004.0,0.0,1360.0,-0.505365,-0.9596120000000001,JAM,CUB,7414
702665,113,54,1242,2004.0,53002.0,0.0,0.16384200000000002,0.34270100000000003,JOR,CUB,7414
702666,114,54,1242,2004.0,382001.0,0.0,2.756136,0.15545,JPN,CUB,7414
702667,121,54,1242,2004.0,3095.0,0.0,1.481275,0.7859,KOR,CUB,7414
702668,138,54,1242,2004.0,1252741.0,12408.0,1.183707,0.9043700000000001,MEX,CUB,7414
702669,162,54,1242,2004.0,13552.0,0.0,1.171327,1.6369799999999999,NLD,CUB,7414
702670,169,54,1242,2004.0,127827.0,0.0,0.054997000000000004,0.440416,PAN,CUB,7414
702671,178,54,1242,2004.0,9441.0,0.0,0.695376,0.9732209999999999,PRK,CUB,7414
702672,222,54,1242,2004.0,45718.0,0.0,-0.108049,-0.923523,TTO,CUB,7414
702673,224,54,1242,2004.0,5294.0,0.0,0.249065,1.910598,TUR,CUB,7414
702674,228,54,1242,2004.0,341656.0,0.0,0.672848,1.172735,UKR,CUB,7414
702675,0,61,1242,2004.0,0.0,1012.0,0.074978,-0.8537239999999999,ABW,DEU,7414
702676,1,61,1242,2004.0,0.0,76320.0,-0.8890309999999999,-0.773602,AFG,DEU,7414
702677,2,61,1242,2004.0,0.0,39243.0,-0.8688110000000001,-1.198692,AGO,DEU,7414
702678,3,61,1242,2004.0,7495.0,0.0,1.215071,0.143539,AIA,DEU,7414
702679,4,61,1242,2004.0,0.0,50417.0,-0.142479,0.136074,ALB,DEU,7414
702680,5,61,1242,2004.0,0.0,2196.0,1.122154,0.958434,AND,DEU,7414
702681,6,61,1242,2004.0,0.0,37533.0,0.080304,-0.634516,ANT,DEU,7414
702682,7,61,1242,2004.0,3727.0,13815570.0,-0.10993399999999999,-0.5351640000000001,ARE,DEU,7414
702683,8,61,1242,2004.0,121500.0,465677.0,-0.070845,0.879574,ARG,DEU,7414
702684,9,61,1242,2004.0,0.0,19272.0,0.497276,-0.226016,ARM,DEU,7414
702685,13,61,1242,2004.0,0.0,4030.0,-0.28271,-0.850197,ATG,DEU,7414
702686,14,61,1242,2004.0,83458.0,5110666.0,-0.198735,0.81543,AUS,DEU,7414
702687,15,61,1242,2004.0,75852848.0,68348680.0,1.958949,0.209296,AUT,DEU,7414
702688,16,61,1242,2004.0,0.0,91345.0,-0.720616,-1.009692,AZE,DEU,7414
702689,18,61,1242,2004.0,41989468.0,21142726.0,1.242665,1.541444,BEL,DEU,7414
702690,19,61,1242,2004.0,0.0,40438.0,-1.422449,-1.09615,BEN,DEU,7414
702691,21,61,1242,2004.0,0.0,7233.0,-1.118427,-1.091315,BFA,DEU,7414
702692,22,61,1242,2004.0,0.0,186894.0,-1.074194,-0.9392389999999999,BGD,DEU,7414
702693,23,61,1242,2004.0,3931947.0,5154999.0,0.390627,1.631006,BGR,DEU,7414
702694,24,61,1242,2004.0,0.0,428842.0,-0.551237,-1.174628,BHR,DEU,7414
702695,26,61,1242,2004.0,0.0,436095.0,0.45637,0.6154470000000001,BIH,DEU,7414
702696,28,61,1242,2004.0,0.0,4594060.0,0.9384239999999999,0.9708690000000001,BLR,DEU,7414
702697,29,61,1242,2004.0,0.0,10255.0,-0.528459,-0.739219,BLZ,DEU,7414
702698,31,61,1242,2004.0,0.0,17416.0,-0.841087,-0.770059,BOL,DEU,7414
702699,32,61,1242,2004.0,443615.0,3348299.0,0.504233,1.567879,BRA,DEU,7414
702700,34,61,1242,2004.0,0.0,4217.0,-0.720827,-0.964435,BRN,DEU,7414
702701,39,61,1242,2004.0,178874.0,1313725.0,0.781591,1.365966,CAN,DEU,7414
702702,41,61,1242,2004.0,7997140.0,96997928.0,2.234603,0.551975,CHE,DEU,7414
702703,42,61,1242,2004.0,1565.0,1469734.0,-0.24101399999999998,-0.303103,CHL,DEU,7414
702704,43,61,1242,2004.0,21414060.0,24579998.0,0.710603,2.017234,CHN,DEU,7414
702705,44,61,1242,2004.0,0.0,38878.0,-0.835933,-0.749289,CIV,DEU,7414
702706,45,61,1242,2004.0,0.0,185365.0,-1.380149,-1.220501,CMR,DEU,7414
702707,46,61,1242,2004.0,0.0,76150.0,-1.426621,-1.198377,COD,DEU,7414
702708,49,61,1242,2004.0,0.0,226924.0,0.044706,0.514304,COL,DEU,7414
702709,51,61,1242,2004.0,0.0,17887.0,-0.291469,-0.6426850000000001,CPV,DEU,7414
702710,52,61,1242,2004.0,0.0,125831.0,-0.036323,-0.313847,CRI,DEU,7414
702711,54,61,1242,2004.0,0.0,520117.0,-0.16826,-0.644388,CUB,DEU,7414
702712,58,61,1242,2004.0,0.0,435855.0,0.42732200000000004,0.811763,CYP,DEU,7414
702713,59,61,1242,2004.0,85174080.0,19740248.0,1.612543,0.607495,CZE,DEU,7414
702714,63,61,1242,2004.0,1088.0,1821.0,0.478601,0.368796,DMA,DEU,7414
702715,64,61,1242,2004.0,51420576.0,20872846.0,1.309074,1.2627979999999999,DNK,DEU,7414
702716,65,61,1242,2004.0,0.0,187152.0,-0.24909699999999999,-0.326783,DOM,DEU,7414
702717,66,61,1242,2004.0,0.0,1025817.0,-1.166661,-1.2240879999999998,DZA,DEU,7414
702718,67,61,1242,2004.0,0.0,128202.0,-0.990727,-0.9383090000000001,ECU,DEU,7414
702719,68,61,1242,2004.0,12427.0,2090240.0,-0.35823499999999997,0.5000100000000001,EGY,DEU,7414
702720,69,61,1242,2004.0,0.0,10430.0,0.390463,0.144876,ERI,DEU,7414
702721,71,61,1242,2004.0,21294110.0,32170960.0,1.04057,1.789023,ESP,DEU,7414
702722,72,61,1242,2004.0,189012.0,1673382.0,0.645741,1.035117,EST,DEU,7414
702723,73,61,1242,2004.0,0.0,590199.0,-1.202444,-0.8973120000000001,ETH,DEU,7414
702724,74,61,1242,2004.0,3420381.0,7023880.0,1.9662810000000002,1.018108,FIN,DEU,7414
702725,75,61,1242,2004.0,0.0,3753.0,-0.793333,-0.27460100000000004,FJI,DEU,7414
702726,77,61,1242,2004.0,149073824.0,89987384.0,1.57079,0.6776760000000001,FRA,DEU,7414
702727,78,61,1242,2004.0,0.0,4018.0,-1.127967,-1.002561,FRO,DEU,7414
702728,80,61,1242,2004.0,0.0,25308.0,-1.006071,-1.212338,GAB,DEU,7414
702729,81,61,1242,2004.0,48339872.0,62676764.0,1.872987,0.734065,GBR,DEU,7414
702730,82,61,1242,2004.0,0.0,131678.0,-0.030676,-0.560186,GEO,DEU,7414
702731,83,61,1242,2004.0,26223.0,142263.0,-1.015073,-0.9147069999999999,GHA,DEU,7414
702732,85,61,1242,2004.0,0.0,5727.0,-1.004077,-1.108018,GIN,DEU,7414
702733,87,61,1242,2004.0,0.0,62105.0,-0.22746999999999998,-0.14824600000000002,GMB,DEU,7414
702734,90,61,1242,2004.0,1707745.0,7557219.0,0.298029,1.745886,GRC,DEU,7414
702735,93,61,1242,2004.0,0.0,79759.0,-0.39399,0.139128,GTM,DEU,7414
702736,97,61,1242,2004.0,2145433.0,2922118.0,0.72816,1.403171,HKG,DEU,7414
702737,99,61,1242,2004.0,0.0,30803.0,-0.6372140000000001,-0.453946,HND,DEU,7414
702738,100,61,1242,2004.0,765133.0,3879382.0,0.744459,1.1994479999999998,HRV,DEU,7414
702739,102,61,1242,2004.0,11876404.0,12796021.0,1.3579370000000002,0.9993219999999999,HUN,DEU,7414
702740,103,61,1242,2004.0,294311.0,3248860.0,0.010095999999999999,1.7413779999999999,IDN,DEU,7414
702741,104,61,1242,2004.0,684727.0,2785440.0,0.20872,2.817307,IND,DEU,7414
702742,106,61,1242,2004.0,74158080.0,7505818.0,1.498475,0.19050799999999998,IRL,DEU,7414
702743,107,61,1242,2004.0,0.0,3303551.0,-0.6691699999999999,-1.002548,IRN,DEU,7414
702744,108,61,1242,2004.0,0.0,158397.0,-1.50824,-1.082486,IRQ,DEU,7414
702745,109,61,1242,2004.0,0.0,623299.0,0.107901,-0.41223699999999996,ISL,DEU,7414
702746,110,61,1242,2004.0,1332546.0,1432432.0,1.252895,0.8662770000000001,ISR,DEU,7414
702747,111,61,1242,2004.0,192516848.0,49014532.0,1.440372,0.676068,ITA,DEU,7414
702748,113,61,1242,2004.0,0.0,1037021.0,0.16384200000000002,0.34270100000000003,JOR,DEU,7414
702749,114,61,1242,2004.0,25363822.0,13830533.0,2.756136,0.15545,JPN,DEU,7414
702750,115,61,1242,2004.0,0.0,4552948.0,-0.43987200000000004,-0.50862,KAZ,DEU,7414
702751,116,61,1242,2004.0,0.0,281047.0,-0.565597,0.182375,KEN,DEU,7414
702752,117,61,1242,2004.0,0.0,27188.0,-0.263776,0.503736,KGZ,DEU,7414
702753,118,61,1242,2004.0,0.0,9548.0,-1.145227,-1.19179,KHM,DEU,7414
702754,121,61,1242,2004.0,765029.0,4121749.0,1.481275,0.7859,KOR,DEU,7414
702755,122,61,1242,2004.0,0.0,2871642.0,-0.8195479999999999,-1.2105709999999998,KWT,DEU,7414
702756,124,61,1242,2004.0,14655.0,337075.0,0.269753,1.3152979999999999,LBN,DEU,7414
702757,125,61,1242,2004.0,0.0,66282.0,0.037469,-1.036878,LBR,DEU,7414
702758,126,61,1242,2004.0,0.0,3231991.0,-0.895142,-1.211141,LBY,DEU,7414
702759,127,61,1242,2004.0,0.0,4062.0,0.31900300000000004,-0.346391,LCA,DEU,7414
702760,128,61,1242,2004.0,64840.0,348761.0,-0.42450299999999996,0.173518,LKA,DEU,7414
702761,130,61,1242,2004.0,400605.0,5855446.0,0.341521,0.7971560000000001,LTU,DEU,7414
702762,131,61,1242,2004.0,2061062.0,3916948.0,1.258828,1.079923,LUX,DEU,7414
702763,132,61,1242,2004.0,14074.0,965782.0,0.415001,0.8476809999999999,LVA,DEU,7414
702764,133,61,1242,2004.0,62728.0,0.0,-0.12333599999999999,-0.600164,MAC,DEU,7414
702765,134,61,1242,2004.0,25053.0,737574.0,-0.626594,-0.22253499999999998,MAR,DEU,7414
702766,135,61,1242,2004.0,0.0,234377.0,-0.13031900000000002,-0.118591,MDA,DEU,7414
702767,136,61,1242,2004.0,0.0,794831.0,-1.1010799999999998,-0.7367859999999999,MDG,DEU,7414
702768,137,61,1242,2004.0,0.0,12562.0,-0.44303000000000003,-0.841744,MDV,DEU,7414
702769,138,61,1242,2004.0,1347818.0,6166187.0,1.183707,0.9043700000000001,MEX,DEU,7414
702770,140,61,1242,2004.0,0.0,47808.0,-0.120439,0.27624899999999997,MKD,DEU,7414
702771,142,61,1242,2004.0,416894.0,247313.0,1.2290379999999999,-0.025372,MLT,DEU,7414
702772,143,61,1242,2004.0,0.0,2154992.0,-1.048261,-0.828443,MMR,DEU,7414
702773,145,61,1242,2004.0,0.0,290209.0,-0.920198,-1.1059219999999998,MNG,DEU,7414
702774,147,61,1242,2004.0,0.0,1598.0,-1.009633,-0.9863059999999999,MOZ,DEU,7414
702775,148,61,1242,2004.0,0.0,169939.0,-1.8941119999999998,-1.357728,MRT,DEU,7414
702776,151,61,1242,2004.0,0.0,54736.0,-0.161262,-0.29730300000000004,MUS,DEU,7414
702777,152,61,1242,2004.0,0.0,26992.0,-1.233417,-1.071204,MWI,DEU,7414
702778,153,61,1242,2004.0,61731.0,1434379.0,1.250098,0.352379,MYS,DEU,7414
702779,154,61,1242,2004.0,0.0,1649.0,1.290551,0.284667,MYT,DEU,7414
702780,155,61,1242,2004.0,0.0,4458.0,-0.408989,-0.462016,NAM,DEU,7414
702781,156,61,1242,2004.0,0.0,94630.0,-0.279566,-0.860456,NCL,DEU,7414
702782,157,61,1242,2004.0,0.0,1860.0,-1.102485,-0.850282,NER,DEU,7414
702783,159,61,1242,2004.0,4342.0,1537284.0,-2.336753,-1.350375,NGA,DEU,7414
702784,160,61,1242,2004.0,4755.0,0.0,-1.003846,-0.697642,NIC,DEU,7414
702785,162,61,1242,2004.0,30330470.0,45471660.0,1.171327,1.6369799999999999,NLD,DEU,7414
702786,163,61,1242,2004.0,533690.0,7773353.0,0.731175,-0.0655,NOR,DEU,7414
702787,166,61,1242,2004.0,58402.0,176952.0,0.44099099999999997,0.968326,NZL,DEU,7414
702788,167,61,1242,2004.0,0.0,2199772.0,-0.707862,-1.187629,OMN,DEU,7414
702789,168,61,1242,2004.0,0.0,624903.0,-0.7489600000000001,0.22493200000000002,PAK,DEU,7414
702790,169,61,1242,2004.0,0.0,92637.0,0.054997000000000004,0.440416,PAN,DEU,7414
702791,173,61,1242,2004.0,0.0,206584.0,-0.609837,0.13314,PER,DEU,7414
702792,174,61,1242,2004.0,47935.0,1263345.0,0.288786,-0.25348699999999996,PHL,DEU,7414
702793,176,61,1242,2004.0,0.0,2877.0,-1.57259,-1.215066,PNG,DEU,7414
702794,177,61,1242,2004.0,15437422.0,26557872.0,0.989568,1.49055,POL,DEU,7414
702795,178,61,1242,2004.0,0.0,5237.0,0.695376,0.9732209999999999,PRK,DEU,7414
702796,179,61,1242,2004.0,6587373.0,4766556.0,0.705075,1.7268729999999999,PRT,DEU,7414
702797,180,61,1242,2004.0,12517.0,4978.0,-0.634469,-0.870034,PRY,DEU,7414
702798,182,61,1242,2004.0,0.0,90107.0,-0.125349,-0.718282,PYF,DEU,7414
702799,183,61,1242,2004.0,0.0,678770.0,0.018141,-1.03766,QAT,DEU,7414
702800,185,61,1242,2004.0,1189794.0,5237124.0,0.53925,1.145066,ROU,DEU,7414
702801,186,61,1242,2004.0,820601.0,44311020.0,0.422803,0.017524,RUS,DEU,7414
702802,187,61,1242,2004.0,0.0,11911.0,-1.3090190000000002,-1.063632,RWA,DEU,7414
702803,188,61,1242,2004.0,0.0,9831929.0,0.361324,-0.760732,SAU,DEU,7414
702804,189,61,1242,2004.0,0.0,796469.0,0.544686,2.418024,SCG,DEU,7414
702805,190,61,1242,2004.0,0.0,858724.0,-1.503552,-1.253193,SDN,DEU,7414
702806,191,61,1242,2004.0,0.0,145711.0,-0.620158,-0.296575,SEN,DEU,7414
702807,192,61,1242,2004.0,84502.0,2252482.0,1.804502,0.570084,SGP,DEU,7414
702808,196,61,1242,2004.0,0.0,261055.0,0.43205699999999997,0.068877,SLE,DEU,7414
702809,197,61,1242,2004.0,0.0,34668.0,-0.21054299999999998,0.086382,SLV,DEU,7414
702810,199,61,1242,2004.0,341997.0,0.0,-0.7894100000000001,-0.939667,SOM,DEU,7414
702811,203,61,1242,2004.0,3435.0,24855.0,0.49046999999999996,0.019015999999999998,STP,DEU,7414
702812,205,61,1242,2004.0,0.0,38188.0,-1.056251,-1.0234590000000001,SUR,DEU,7414
702813,206,61,1242,2004.0,218482.0,3777840.0,1.2683149999999999,0.9208620000000001,SVK,DEU,7414
702814,207,61,1242,2004.0,3460913.0,4080214.0,1.700677,0.829765,SVN,DEU,7414
702815,208,61,1242,2004.0,23182160.0,18392538.0,2.105611,0.707843,SWE,DEU,7414
702816,211,61,1242,2004.0,0.0,25337.0,-0.585828,-0.768388,SYC,DEU,7414
702817,212,61,1242,2004.0,0.0,165130.0,-0.698545,-0.111323,SYR,DEU,7414
702818,215,61,1242,2004.0,0.0,6846.0,-0.569621,-0.533211,TGO,DEU,7414
702819,216,61,1242,2004.0,3089536.0,7136732.0,0.633501,1.4648290000000002,THA,DEU,7414
702820,217,61,1242,2004.0,0.0,76237.0,-0.805571,-1.077194,TJK,DEU,7414
702821,218,61,1242,2004.0,0.0,19162.0,0.266386,0.202336,TKL,DEU,7414
702822,219,61,1242,2004.0,0.0,314347.0,-0.9017719999999999,-1.2102620000000002,TKM,DEU,7414
702823,220,61,1242,2004.0,0.0,2000.0,0.437675,-0.21816300000000002,TLS,DEU,7414
702824,221,61,1242,2004.0,0.0,20007.0,-0.431874,-0.8715629999999999,TON,DEU,7414
702825,222,61,1242,2004.0,0.0,19067.0,-0.108049,-0.923523,TTO,DEU,7414
702826,223,61,1242,2004.0,0.0,2143804.0,-0.125092,0.370625,TUN,DEU,7414
702827,224,61,1242,2004.0,5366736.0,15257702.0,0.249065,1.910598,TUR,DEU,7414
702828,226,61,1242,2004.0,0.0,553281.0,-0.935327,0.362709,TZA,DEU,7414
702829,227,61,1242,2004.0,0.0,7088.0,-1.05367,-0.546304,UGA,DEU,7414
702830,228,61,1242,2004.0,94027.0,9395891.0,0.672848,1.172735,UKR,DEU,7414
702831,230,61,1242,2004.0,0.0,40251.0,-0.051583000000000004,0.145056,URY,DEU,7414
702832,231,61,1242,2004.0,22505040.0,54223128.0,1.818327,-0.17913900000000002,USA,DEU,7414
702833,232,61,1242,2004.0,0.0,146085.0,-0.518472,-0.7689779999999999,UZB,DEU,7414
702834,236,61,1242,2004.0,0.0,544266.0,-0.41193900000000006,-0.9578899999999999,VEN,DEU,7414
702835,239,61,1242,2004.0,0.0,933738.0,-0.46875500000000003,0.734412,VNM,DEU,7414
702836,242,61,1242,2004.0,0.0,11924.0,-0.183327,-0.6788569999999999,WSM,DEU,7414
702837,243,61,1242,2004.0,1661.0,1082804.0,-1.298227,-1.2496639999999999,YEM,DEU,7414
702838,246,61,1242,2004.0,2319120.0,4255732.0,0.29599699999999995,1.909018,ZAF,DEU,7414
702839,248,61,1242,2004.0,0.0,39882.0,-0.44064799999999993,0.01704,ZWE,DEU,7414
702840,249,61,1242,2004.0,1502777.0,1997794.0,1.8844150000000002,1.257951,TWN,DEU,7414
702841,250,61,1242,2004.0,3949.0,180013.0,0.46240200000000004,-0.406624,ANS,DEU,7414
702842,39,63,1242,2004.0,4616.0,0.0,0.781591,1.365966,CAN,DMA,7414
702843,43,63,1242,2004.0,112623.0,0.0,0.710603,2.017234,CHN,DMA,7414
702844,61,63,1242,2004.0,1821.0,1088.0,2.4453099999999997,-2.331761,DEU,DMA,7414
702845,72,63,1242,2004.0,0.0,21099.0,0.645741,1.035117,EST,DMA,7414
702846,81,63,1242,2004.0,6718.0,0.0,1.872987,0.734065,GBR,DMA,7414
702847,96,63,1242,2004.0,0.0,56154.0,-0.932802,-0.9846530000000001,GUY,DMA,7414
702848,111,63,1242,2004.0,34603.0,0.0,1.440372,0.676068,ITA,DMA,7414
702849,112,63,1242,2004.0,0.0,6934.0,-0.505365,-0.9596120000000001,JAM,DMA,7414
702850,114,63,1242,2004.0,143537.0,0.0,2.756136,0.15545,JPN,DMA,7414
702851,222,63,1242,2004.0,9332.0,0.0,-0.108049,-0.923523,TTO,DMA,7414
702852,231,63,1242,2004.0,26699.0,0.0,1.818327,-0.17913900000000002,USA,DMA,7414
702853,250,63,1242,2004.0,2893.0,0.0,0.46240200000000004,-0.406624,ANS,DMA,7414
702854,1,64,1242,2004.0,0.0,3762.0,-0.8890309999999999,-0.773602,AFG,DNK,7414
702855,2,64,1242,2004.0,0.0,199334.0,-0.8688110000000001,-1.198692,AGO,DNK,7414
702856,6,64,1242,2004.0,0.0,78046.0,0.080304,-0.634516,ANT,DNK,7414
702857,7,64,1242,2004.0,0.0,2734356.0,-0.10993399999999999,-0.5351640000000001,ARE,DNK,7414
702858,8,64,1242,2004.0,1242952.0,93797.0,-0.070845,0.879574,ARG,DNK,7414
702859,9,64,1242,2004.0,0.0,26371.0,0.497276,-0.226016,ARM,DNK,7414
702860,13,64,1242,2004.0,0.0,29056.0,-0.28271,-0.850197,ATG,DNK,7414
702861,14,64,1242,2004.0,76139.0,6703960.0,-0.198735,0.81543,AUS,DNK,7414
702862,15,64,1242,2004.0,1389250.0,12001153.0,1.958949,0.209296,AUT,DNK,7414
702863,18,64,1242,2004.0,6017146.0,4916168.0,1.242665,1.541444,BEL,DNK,7414
702864,19,64,1242,2004.0,0.0,1047.0,-1.422449,-1.09615,BEN,DNK,7414
702865,21,64,1242,2004.0,0.0,7833.0,-1.118427,-1.091315,BFA,DNK,7414
702866,22,64,1242,2004.0,0.0,223228.0,-1.074194,-0.9392389999999999,BGD,DNK,7414
702867,23,64,1242,2004.0,0.0,241758.0,0.390627,1.631006,BGR,DNK,7414
702868,24,64,1242,2004.0,0.0,53328.0,-0.551237,-1.174628,BHR,DNK,7414
702869,26,64,1242,2004.0,0.0,118781.0,0.45637,0.6154470000000001,BIH,DNK,7414
702870,28,64,1242,2004.0,0.0,629441.0,0.9384239999999999,0.9708690000000001,BLR,DNK,7414
702871,29,64,1242,2004.0,0.0,13075.0,-0.528459,-0.739219,BLZ,DNK,7414
702872,31,64,1242,2004.0,0.0,24920.0,-0.841087,-0.770059,BOL,DNK,7414
702873,32,64,1242,2004.0,19373.0,285304.0,0.504233,1.567879,BRA,DNK,7414
702874,33,64,1242,2004.0,0.0,69903.0,0.644308,0.290054,BRB,DNK,7414
702875,38,64,1242,2004.0,0.0,48229.0,-0.667013,-0.899285,CAF,DNK,7414
702876,39,64,1242,2004.0,119161.0,1773928.0,0.781591,1.365966,CAN,DNK,7414
702877,41,64,1242,2004.0,252332.0,10613979.0,2.234603,0.551975,CHE,DNK,7414
702878,42,64,1242,2004.0,1626.0,296308.0,-0.24101399999999998,-0.303103,CHL,DNK,7414
702879,43,64,1242,2004.0,1780284.0,68707840.0,0.710603,2.017234,CHN,DNK,7414
702880,44,64,1242,2004.0,0.0,229658.0,-0.835933,-0.749289,CIV,DNK,7414
702881,45,64,1242,2004.0,0.0,38518.0,-1.380149,-1.220501,CMR,DNK,7414
702882,46,64,1242,2004.0,0.0,48828.0,-1.426621,-1.198377,COD,DNK,7414
702883,49,64,1242,2004.0,0.0,52874.0,0.044706,0.514304,COL,DNK,7414
702884,52,64,1242,2004.0,0.0,44750.0,-0.036323,-0.313847,CRI,DNK,7414
702885,54,64,1242,2004.0,0.0,311351.0,-0.16826,-0.644388,CUB,DNK,7414
702886,58,64,1242,2004.0,0.0,219840.0,0.42732200000000004,0.811763,CYP,DNK,7414
702887,59,64,1242,2004.0,581162.0,1839858.0,1.612543,0.607495,CZE,DNK,7414
702888,61,64,1242,2004.0,20872846.0,51420576.0,2.4453099999999997,-2.331761,DEU,DNK,7414
702889,62,64,1242,2004.0,0.0,17085.0,-0.370222,-0.28660399999999997,DJI,DNK,7414
702890,65,64,1242,2004.0,0.0,31232.0,-0.24909699999999999,-0.326783,DOM,DNK,7414
702891,66,64,1242,2004.0,0.0,195330.0,-1.166661,-1.2240879999999998,DZA,DNK,7414
702892,67,64,1242,2004.0,0.0,147341.0,-0.990727,-0.9383090000000001,ECU,DNK,7414
702893,68,64,1242,2004.0,0.0,360004.0,-0.35823499999999997,0.5000100000000001,EGY,DNK,7414
702894,69,64,1242,2004.0,0.0,1762.0,0.390463,0.144876,ERI,DNK,7414
702895,71,64,1242,2004.0,2180423.0,10033442.0,1.04057,1.789023,ESP,DNK,7414
702896,72,64,1242,2004.0,255729.0,639063.0,0.645741,1.035117,EST,DNK,7414
702897,73,64,1242,2004.0,0.0,35996.0,-1.202444,-0.8973120000000001,ETH,DNK,7414
702898,74,64,1242,2004.0,2346097.0,3665072.0,1.9662810000000002,1.018108,FIN,DNK,7414
702899,75,64,1242,2004.0,0.0,19432.0,-0.793333,-0.27460100000000004,FJI,DNK,7414
702900,77,64,1242,2004.0,18142928.0,15850667.0,1.57079,0.6776760000000001,FRA,DNK,7414
702901,78,64,1242,2004.0,3171.0,1254707.0,-1.127967,-1.002561,FRO,DNK,7414
702902,81,64,1242,2004.0,5945100.0,30155402.0,1.872987,0.734065,GBR,DNK,7414
702903,82,64,1242,2004.0,0.0,60259.0,-0.030676,-0.560186,GEO,DNK,7414
702904,83,64,1242,2004.0,0.0,601749.0,-1.015073,-0.9147069999999999,GHA,DNK,7414
702905,84,64,1242,2004.0,0.0,17778.0,0.501154,-0.562796,GIB,DNK,7414
702906,85,64,1242,2004.0,0.0,26737.0,-1.004077,-1.108018,GIN,DNK,7414
702907,87,64,1242,2004.0,0.0,3433.0,-0.22746999999999998,-0.14824600000000002,GMB,DNK,7414
702908,90,64,1242,2004.0,179103.0,1138162.0,0.298029,1.745886,GRC,DNK,7414
702909,92,64,1242,2004.0,12020.0,5102046.0,-1.152664,-0.986844,GRL,DNK,7414
702910,93,64,1242,2004.0,0.0,30606.0,-0.39399,0.139128,GTM,DNK,7414
702911,96,64,1242,2004.0,0.0,22067.0,-0.932802,-0.9846530000000001,GUY,DNK,7414
702912,97,64,1242,2004.0,193716.0,722944.0,0.72816,1.403171,HKG,DNK,7414
702913,99,64,1242,2004.0,0.0,6879.0,-0.6372140000000001,-0.453946,HND,DNK,7414
702914,100,64,1242,2004.0,1005587.0,3675897.0,0.744459,1.1994479999999998,HRV,DNK,7414
702915,101,64,1242,2004.0,0.0,25694.0,-0.919434,-0.9868950000000001,HTI,DNK,7414
702916,102,64,1242,2004.0,449496.0,1239039.0,1.3579370000000002,0.9993219999999999,HUN,DNK,7414
702917,103,64,1242,2004.0,0.0,1162435.0,0.010095999999999999,1.7413779999999999,IDN,DNK,7414
702918,104,64,1242,2004.0,890024.0,778237.0,0.20872,2.817307,IND,DNK,7414
702919,106,64,1242,2004.0,13335226.0,1684775.0,1.498475,0.19050799999999998,IRL,DNK,7414
702920,107,64,1242,2004.0,0.0,2991335.0,-0.6691699999999999,-1.002548,IRN,DNK,7414
702921,108,64,1242,2004.0,0.0,63696.0,-1.50824,-1.082486,IRQ,DNK,7414
702922,109,64,1242,2004.0,543302.0,794724.0,0.107901,-0.41223699999999996,ISL,DNK,7414
702923,110,64,1242,2004.0,39677.0,491386.0,1.252895,0.8662770000000001,ISR,DNK,7414
702924,111,64,1242,2004.0,13854360.0,6243896.0,1.440372,0.676068,ITA,DNK,7414
702925,112,64,1242,2004.0,0.0,93609.0,-0.505365,-0.9596120000000001,JAM,DNK,7414
702926,113,64,1242,2004.0,0.0,659334.0,0.16384200000000002,0.34270100000000003,JOR,DNK,7414
702927,114,64,1242,2004.0,878781.0,7032350.0,2.756136,0.15545,JPN,DNK,7414
702928,115,64,1242,2004.0,356295.0,1190590.0,-0.43987200000000004,-0.50862,KAZ,DNK,7414
702929,116,64,1242,2004.0,0.0,179284.0,-0.565597,0.182375,KEN,DNK,7414
702930,117,64,1242,2004.0,0.0,1192.0,-0.263776,0.503736,KGZ,DNK,7414
702931,118,64,1242,2004.0,0.0,13879.0,-1.145227,-1.19179,KHM,DNK,7414
702932,120,64,1242,2004.0,0.0,7604.0,0.5528109999999999,-0.342657,KNA,DNK,7414
702933,121,64,1242,2004.0,36460.0,13420763.0,1.481275,0.7859,KOR,DNK,7414
702934,122,64,1242,2004.0,0.0,1019650.0,-0.8195479999999999,-1.2105709999999998,KWT,DNK,7414
702935,124,64,1242,2004.0,5613.0,477055.0,0.269753,1.3152979999999999,LBN,DNK,7414
702936,125,64,1242,2004.0,0.0,30650.0,0.037469,-1.036878,LBR,DNK,7414
702937,126,64,1242,2004.0,0.0,19418.0,-0.895142,-1.211141,LBY,DNK,7414
702938,127,64,1242,2004.0,0.0,17584.0,0.31900300000000004,-0.346391,LCA,DNK,7414
702939,128,64,1242,2004.0,0.0,35804.0,-0.42450299999999996,0.173518,LKA,DNK,7414
702940,130,64,1242,2004.0,245570.0,4679366.0,0.341521,0.7971560000000001,LTU,DNK,7414
702941,131,64,1242,2004.0,38559.0,162245.0,1.258828,1.079923,LUX,DNK,7414
702942,132,64,1242,2004.0,0.0,392537.0,0.415001,0.8476809999999999,LVA,DNK,7414
702943,133,64,1242,2004.0,0.0,5529.0,-0.12333599999999999,-0.600164,MAC,DNK,7414
702944,134,64,1242,2004.0,0.0,1039630.0,-0.626594,-0.22253499999999998,MAR,DNK,7414
702945,135,64,1242,2004.0,0.0,6969.0,-0.13031900000000002,-0.118591,MDA,DNK,7414
702946,136,64,1242,2004.0,0.0,93010.0,-1.1010799999999998,-0.7367859999999999,MDG,DNK,7414
702947,137,64,1242,2004.0,0.0,447074.0,-0.44303000000000003,-0.841744,MDV,DNK,7414
702948,138,64,1242,2004.0,0.0,1249515.0,1.183707,0.9043700000000001,MEX,DNK,7414
702949,140,64,1242,2004.0,0.0,58003.0,-0.120439,0.27624899999999997,MKD,DNK,7414
702950,141,64,1242,2004.0,0.0,1163.0,-0.5807979999999999,-0.797311,MLI,DNK,7414
702951,142,64,1242,2004.0,0.0,122395.0,1.2290379999999999,-0.025372,MLT,DNK,7414
702952,147,64,1242,2004.0,0.0,227778.0,-1.009633,-0.9863059999999999,MOZ,DNK,7414
702953,151,64,1242,2004.0,2037.0,7189.0,-0.161262,-0.29730300000000004,MUS,DNK,7414
702954,152,64,1242,2004.0,0.0,7414.0,-1.233417,-1.071204,MWI,DNK,7414
702955,153,64,1242,2004.0,29277.0,229675.0,1.250098,0.352379,MYS,DNK,7414
702956,155,64,1242,2004.0,0.0,66668.0,-0.408989,-0.462016,NAM,DNK,7414
702957,156,64,1242,2004.0,0.0,48235.0,-0.279566,-0.860456,NCL,DNK,7414
702958,159,64,1242,2004.0,0.0,942954.0,-2.336753,-1.350375,NGA,DNK,7414
702959,160,64,1242,2004.0,0.0,13051.0,-1.003846,-0.697642,NIC,DNK,7414
702960,162,64,1242,2004.0,6763234.0,13960632.0,1.171327,1.6369799999999999,NLD,DNK,7414
702961,163,64,1242,2004.0,1323897.0,11835015.0,0.731175,-0.0655,NOR,DNK,7414
702962,166,64,1242,2004.0,10344.0,498729.0,0.44099099999999997,0.968326,NZL,DNK,7414
702963,167,64,1242,2004.0,0.0,87442.0,-0.707862,-1.187629,OMN,DNK,7414
702964,168,64,1242,2004.0,0.0,85024.0,-0.7489600000000001,0.22493200000000002,PAK,DNK,7414
702965,169,64,1242,2004.0,12650.0,11907.0,0.054997000000000004,0.440416,PAN,DNK,7414
702966,173,64,1242,2004.0,0.0,157275.0,-0.609837,0.13314,PER,DNK,7414
702967,174,64,1242,2004.0,0.0,468435.0,0.288786,-0.25348699999999996,PHL,DNK,7414
702968,176,64,1242,2004.0,3181.0,2939.0,-1.57259,-1.215066,PNG,DNK,7414
702969,177,64,1242,2004.0,1888325.0,15673705.0,0.989568,1.49055,POL,DNK,7414
702970,178,64,1242,2004.0,0.0,375508.0,0.695376,0.9732209999999999,PRK,DNK,7414
702971,179,64,1242,2004.0,253931.0,796374.0,0.705075,1.7268729999999999,PRT,DNK,7414
702972,182,64,1242,2004.0,0.0,66870.0,-0.125349,-0.718282,PYF,DNK,7414
702973,183,64,1242,2004.0,0.0,85432.0,0.018141,-1.03766,QAT,DNK,7414
702974,185,64,1242,2004.0,2628.0,2777326.0,0.53925,1.145066,ROU,DNK,7414
702975,186,64,1242,2004.0,29952.0,16297614.0,0.422803,0.017524,RUS,DNK,7414
702976,188,64,1242,2004.0,0.0,5014822.0,0.361324,-0.760732,SAU,DNK,7414
702977,189,64,1242,2004.0,2410.0,849143.0,0.544686,2.418024,SCG,DNK,7414
702978,190,64,1242,2004.0,0.0,257476.0,-1.503552,-1.253193,SDN,DNK,7414
702979,191,64,1242,2004.0,0.0,12412.0,-0.620158,-0.296575,SEN,DNK,7414
702980,192,64,1242,2004.0,18336694.0,4939356.0,1.804502,0.570084,SGP,DNK,7414
702981,197,64,1242,2004.0,0.0,56045.0,-0.21054299999999998,0.086382,SLV,DNK,7414
702982,205,64,1242,2004.0,0.0,106897.0,-1.056251,-1.0234590000000001,SUR,DNK,7414
702983,206,64,1242,2004.0,0.0,1297042.0,1.2683149999999999,0.9208620000000001,SVK,DNK,7414
702984,207,64,1242,2004.0,1422344.0,226114.0,1.700677,0.829765,SVN,DNK,7414
702985,208,64,1242,2004.0,7829660.0,12574745.0,2.105611,0.707843,SWE,DNK,7414
702986,211,64,1242,2004.0,0.0,196660.0,-0.585828,-0.768388,SYC,DNK,7414
702987,212,64,1242,2004.0,0.0,131398.0,-0.698545,-0.111323,SYR,DNK,7414
702988,214,64,1242,2004.0,0.0,2662.0,-1.63163,-0.9495040000000001,TCD,DNK,7414
702989,215,64,1242,2004.0,0.0,28251.0,-0.569621,-0.533211,TGO,DNK,7414
702990,216,64,1242,2004.0,200544.0,1203917.0,0.633501,1.4648290000000002,THA,DNK,7414
702991,217,64,1242,2004.0,0.0,1605.0,-0.805571,-1.077194,TJK,DNK,7414
702992,218,64,1242,2004.0,0.0,10167.0,0.266386,0.202336,TKL,DNK,7414
702993,222,64,1242,2004.0,0.0,1459.0,-0.108049,-0.923523,TTO,DNK,7414
702994,223,64,1242,2004.0,0.0,29249.0,-0.125092,0.370625,TUN,DNK,7414
702995,224,64,1242,2004.0,507425.0,1090307.0,0.249065,1.910598,TUR,DNK,7414
702996,226,64,1242,2004.0,0.0,27404.0,-0.935327,0.362709,TZA,DNK,7414
702997,227,64,1242,2004.0,0.0,91837.0,-1.05367,-0.546304,UGA,DNK,7414
702998,228,64,1242,2004.0,17606.0,4524410.0,0.672848,1.172735,UKR,DNK,7414
702999,230,64,1242,2004.0,0.0,8235.0,-0.051583000000000004,0.145056,URY,DNK,7414
703000,231,64,1242,2004.0,15852384.0,27442524.0,1.818327,-0.17913900000000002,USA,DNK,7414
703001,232,64,1242,2004.0,0.0,3658.0,-0.518472,-0.7689779999999999,UZB,DNK,7414
703002,234,64,1242,2004.0,0.0,23887.0,-0.706188,-0.9244120000000001,VCT,DNK,7414
703003,236,64,1242,2004.0,0.0,398412.0,-0.41193900000000006,-0.9578899999999999,VEN,DNK,7414
703004,237,64,1242,2004.0,0.0,444348.0,0.689844,-0.23942,VGB,DNK,7414
703005,239,64,1242,2004.0,0.0,804136.0,-0.46875500000000003,0.734412,VNM,DNK,7414
703006,243,64,1242,2004.0,0.0,932848.0,-1.298227,-1.2496639999999999,YEM,DNK,7414
703007,246,64,1242,2004.0,495977.0,743504.0,0.29599699999999995,1.909018,ZAF,DNK,7414
703008,247,64,1242,2004.0,0.0,3876.0,-0.8752479999999999,-0.784285,ZMB,DNK,7414
703009,249,64,1242,2004.0,121095.0,1088068.0,1.8844150000000002,1.257951,TWN,DNK,7414
703010,250,64,1242,2004.0,0.0,6621.0,0.46240200000000004,-0.406624,ANS,DNK,7414
703011,8,65,1242,2004.0,78744.0,0.0,-0.070845,0.879574,ARG,DOM,7414
703012,15,65,1242,2004.0,9435.0,0.0,1.958949,0.209296,AUT,DOM,7414
703013,25,65,1242,2004.0,0.0,22610.0,0.029548,-0.692239,BHS,DOM,7414
703014,32,65,1242,2004.0,825223.0,0.0,0.504233,1.567879,BRA,DOM,7414
703015,39,65,1242,2004.0,21032.0,12418.0,0.781591,1.365966,CAN,DOM,7414
703016,42,65,1242,2004.0,18305.0,0.0,-0.24101399999999998,-0.303103,CHL,DOM,7414
703017,43,65,1242,2004.0,626532.0,0.0,0.710603,2.017234,CHN,DOM,7414
703018,49,65,1242,2004.0,27378.0,0.0,0.044706,0.514304,COL,DOM,7414
703019,52,65,1242,2004.0,6971.0,10103.0,-0.036323,-0.313847,CRI,DOM,7414
703020,54,65,1242,2004.0,0.0,37725.0,-0.16826,-0.644388,CUB,DOM,7414
703021,61,65,1242,2004.0,187152.0,0.0,2.4453099999999997,-2.331761,DEU,DOM,7414
703022,64,65,1242,2004.0,31232.0,0.0,1.309074,1.2627979999999999,DNK,DOM,7414
703023,71,65,1242,2004.0,5056408.0,8853.0,1.04057,1.789023,ESP,DOM,7414
703024,77,65,1242,2004.0,40483.0,0.0,1.57079,0.6776760000000001,FRA,DOM,7414
703025,81,65,1242,2004.0,1139.0,0.0,1.872987,0.734065,GBR,DOM,7414
703026,93,65,1242,2004.0,60001.0,20725.0,-0.39399,0.139128,GTM,DOM,7414
703027,96,65,1242,2004.0,0.0,54752.0,-0.932802,-0.9846530000000001,GUY,DOM,7414
703028,111,65,1242,2004.0,764065.0,0.0,1.440372,0.676068,ITA,DOM,7414
703029,114,65,1242,2004.0,2137.0,0.0,2.756136,0.15545,JPN,DOM,7414
703030,121,65,1242,2004.0,33986.0,0.0,1.481275,0.7859,KOR,DOM,7414
703031,138,65,1242,2004.0,145885.0,21840.0,1.183707,0.9043700000000001,MEX,DOM,7414
703032,153,65,1242,2004.0,9385.0,0.0,1.250098,0.352379,MYS,DOM,7414
703033,162,65,1242,2004.0,2152.0,0.0,1.171327,1.6369799999999999,NLD,DOM,7414
703034,169,65,1242,2004.0,6433.0,42614.0,0.054997000000000004,0.440416,PAN,DOM,7414
703035,189,65,1242,2004.0,0.0,29000.0,0.544686,2.418024,SCG,DOM,7414
703036,197,65,1242,2004.0,2110.0,74492.0,-0.21054299999999998,0.086382,SLV,DOM,7414
703037,208,65,1242,2004.0,16049.0,0.0,2.105611,0.707843,SWE,DOM,7414
703038,216,65,1242,2004.0,46556.0,1029.0,0.633501,1.4648290000000002,THA,DOM,7414
703039,222,65,1242,2004.0,55971.0,61032.0,-0.108049,-0.923523,TTO,DOM,7414
703040,231,65,1242,2004.0,3389486.0,557250.0,1.818327,-0.17913900000000002,USA,DOM,7414
703041,236,65,1242,2004.0,8088.0,0.0,-0.41193900000000006,-0.9578899999999999,VEN,DOM,7414
703042,249,65,1242,2004.0,15187.0,0.0,1.8844150000000002,1.257951,TWN,DOM,7414
703043,250,65,1242,2004.0,9847.0,18296.0,0.46240200000000004,-0.406624,ANS,DOM,7414
703044,8,67,1242,2004.0,820309.0,0.0,-0.070845,0.879574,ARG,ECU,7414
703045,15,67,1242,2004.0,15523.0,5778.0,1.958949,0.209296,AUT,ECU,7414
703046,32,67,1242,2004.0,2057193.0,0.0,0.504233,1.567879,BRA,ECU,7414
703047,39,67,1242,2004.0,32728.0,8275.0,0.781591,1.365966,CAN,ECU,7414
703048,42,67,1242,2004.0,1524477.0,9414.0,-0.24101399999999998,-0.303103,CHL,ECU,7414
703049,43,67,1242,2004.0,142034.0,0.0,0.710603,2.017234,CHN,ECU,7414
703050,49,67,1242,2004.0,5081507.0,0.0,0.044706,0.514304,COL,ECU,7414
703051,61,67,1242,2004.0,128202.0,0.0,2.4453099999999997,-2.331761,DEU,ECU,7414
703052,64,67,1242,2004.0,147341.0,0.0,1.309074,1.2627979999999999,DNK,ECU,7414
703053,71,67,1242,2004.0,970236.0,4452.0,1.04057,1.789023,ESP,ECU,7414
703054,74,67,1242,2004.0,7412.0,0.0,1.9662810000000002,1.018108,FIN,ECU,7414
703055,77,67,1242,2004.0,233215.0,15690.0,1.57079,0.6776760000000001,FRA,ECU,7414
703056,81,67,1242,2004.0,4114.0,0.0,1.872987,0.734065,GBR,ECU,7414
703057,93,67,1242,2004.0,19350.0,0.0,-0.39399,0.139128,GTM,ECU,7414
703058,102,67,1242,2004.0,17572.0,0.0,1.3579370000000002,0.9993219999999999,HUN,ECU,7414
703059,111,67,1242,2004.0,2498810.0,0.0,1.440372,0.676068,ITA,ECU,7414
703060,114,67,1242,2004.0,96576.0,0.0,2.756136,0.15545,JPN,ECU,7414
703061,121,67,1242,2004.0,66778.0,0.0,1.481275,0.7859,KOR,ECU,7414
703062,138,67,1242,2004.0,195988.0,5054.0,1.183707,0.9043700000000001,MEX,ECU,7414
703063,153,67,1242,2004.0,12332.0,0.0,1.250098,0.352379,MYS,ECU,7414
703064,162,67,1242,2004.0,104604.0,0.0,1.171327,1.6369799999999999,NLD,ECU,7414
703065,169,67,1242,2004.0,13579.0,1040.0,0.054997000000000004,0.440416,PAN,ECU,7414
703066,173,67,1242,2004.0,2228.0,4649.0,-0.609837,0.13314,PER,ECU,7414
703067,179,67,1242,2004.0,14736.0,0.0,0.705075,1.7268729999999999,PRT,ECU,7414
703068,190,67,1242,2004.0,0.0,55709.0,-1.503552,-1.253193,SDN,ECU,7414
703069,207,67,1242,2004.0,0.0,4917.0,1.700677,0.829765,SVN,ECU,7414
703070,208,67,1242,2004.0,241899.0,0.0,2.105611,0.707843,SWE,ECU,7414
703071,216,67,1242,2004.0,215503.0,0.0,0.633501,1.4648290000000002,THA,ECU,7414
703072,224,67,1242,2004.0,25042.0,0.0,0.249065,1.910598,TUR,ECU,7414
703073,231,67,1242,2004.0,1977016.0,17380.0,1.818327,-0.17913900000000002,USA,ECU,7414
703074,236,67,1242,2004.0,0.0,4060.0,-0.41193900000000006,-0.9578899999999999,VEN,ECU,7414
703075,249,67,1242,2004.0,37830.0,0.0,1.8844150000000002,1.257951,TWN,ECU,7414
703076,250,67,1242,2004.0,0.0,12018.0,0.46240200000000004,-0.406624,ANS,ECU,7414
703077,1,71,1242,2004.0,0.0,4860.0,-0.8890309999999999,-0.773602,AFG,ESP,7414
703078,2,71,1242,2004.0,0.0,103459.0,-0.8688110000000001,-1.198692,AGO,ESP,7414
703079,4,71,1242,2004.0,0.0,69524.0,-0.142479,0.136074,ALB,ESP,7414
703080,5,71,1242,2004.0,18446.0,1747143.0,1.122154,0.958434,AND,ESP,7414
703081,7,71,1242,2004.0,0.0,611125.0,-0.10993399999999999,-0.5351640000000001,ARE,ESP,7414
703082,8,71,1242,2004.0,385436.0,513092.0,-0.070845,0.879574,ARG,ESP,7414
703083,9,71,1242,2004.0,0.0,1413.0,0.497276,-0.226016,ARM,ESP,7414
703084,14,71,1242,2004.0,252635.0,3489796.0,-0.198735,0.81543,AUS,ESP,7414
703085,15,71,1242,2004.0,7201265.0,1007614.0,1.958949,0.209296,AUT,ESP,7414
703086,18,71,1242,2004.0,69824232.0,9418367.0,1.242665,1.541444,BEL,ESP,7414
703087,19,71,1242,2004.0,0.0,54701.0,-1.422449,-1.09615,BEN,ESP,7414
703088,22,71,1242,2004.0,0.0,4644.0,-1.074194,-0.9392389999999999,BGD,ESP,7414
703089,23,71,1242,2004.0,2927.0,854366.0,0.390627,1.631006,BGR,ESP,7414
703090,24,71,1242,2004.0,0.0,114691.0,-0.551237,-1.174628,BHR,ESP,7414
703091,25,71,1242,2004.0,0.0,124991.0,0.029548,-0.692239,BHS,ESP,7414
703092,26,71,1242,2004.0,0.0,9861.0,0.45637,0.6154470000000001,BIH,ESP,7414
703093,28,71,1242,2004.0,2467.0,230758.0,0.9384239999999999,0.9708690000000001,BLR,ESP,7414
703094,29,71,1242,2004.0,0.0,27117.0,-0.528459,-0.739219,BLZ,ESP,7414
703095,31,71,1242,2004.0,0.0,20858.0,-0.841087,-0.770059,BOL,ESP,7414
703096,32,71,1242,2004.0,541685.0,618464.0,0.504233,1.567879,BRA,ESP,7414
703097,39,71,1242,2004.0,1178579.0,2909339.0,0.781591,1.365966,CAN,ESP,7414
703098,41,71,1242,2004.0,774324.0,3458797.0,2.234603,0.551975,CHE,ESP,7414
703099,42,71,1242,2004.0,0.0,1927738.0,-0.24101399999999998,-0.303103,CHL,ESP,7414
703100,43,71,1242,2004.0,24771272.0,3294190.0,0.710603,2.017234,CHN,ESP,7414
703101,44,71,1242,2004.0,0.0,241317.0,-0.835933,-0.749289,CIV,ESP,7414
703102,45,71,1242,2004.0,0.0,13760.0,-1.380149,-1.220501,CMR,ESP,7414
703103,46,71,1242,2004.0,0.0,2489.0,-1.426621,-1.198377,COD,ESP,7414
703104,47,71,1242,2004.0,0.0,3594.0,-1.415254,-1.24599,COG,ESP,7414
703105,49,71,1242,2004.0,20024.0,254636.0,0.044706,0.514304,COL,ESP,7414
703106,51,71,1242,2004.0,0.0,6193.0,-0.291469,-0.6426850000000001,CPV,ESP,7414
703107,52,71,1242,2004.0,0.0,48571.0,-0.036323,-0.313847,CRI,ESP,7414
703108,54,71,1242,2004.0,19652.0,5430611.0,-0.16826,-0.644388,CUB,ESP,7414
703109,58,71,1242,2004.0,2519.0,756950.0,0.42732200000000004,0.811763,CYP,ESP,7414
703110,59,71,1242,2004.0,3783194.0,1758354.0,1.612543,0.607495,CZE,ESP,7414
703111,61,71,1242,2004.0,32170960.0,21294110.0,2.4453099999999997,-2.331761,DEU,ESP,7414
703112,64,71,1242,2004.0,10033442.0,2180423.0,1.309074,1.2627979999999999,DNK,ESP,7414
703113,65,71,1242,2004.0,8853.0,5056408.0,-0.24909699999999999,-0.326783,DOM,ESP,7414
703114,66,71,1242,2004.0,20840.0,5223584.0,-1.166661,-1.2240879999999998,DZA,ESP,7414
703115,67,71,1242,2004.0,4452.0,970236.0,-0.990727,-0.9383090000000001,ECU,ESP,7414
703116,68,71,1242,2004.0,487715.0,3002354.0,-0.35823499999999997,0.5000100000000001,EGY,ESP,7414
703117,69,71,1242,2004.0,0.0,5985.0,0.390463,0.144876,ERI,ESP,7414
703118,72,71,1242,2004.0,0.0,116476.0,0.645741,1.035117,EST,ESP,7414
703119,73,71,1242,2004.0,0.0,1810.0,-1.202444,-0.8973120000000001,ETH,ESP,7414
703120,74,71,1242,2004.0,353448.0,915947.0,1.9662810000000002,1.018108,FIN,ESP,7414
703121,76,71,1242,2004.0,0.0,2083.0,0.073769,-0.8404010000000001,FLK,ESP,7414
703122,77,71,1242,2004.0,109678864.0,77953288.0,1.57079,0.6776760000000001,FRA,ESP,7414
703123,81,71,1242,2004.0,15775014.0,23877598.0,1.872987,0.734065,GBR,ESP,7414
703124,82,71,1242,2004.0,0.0,58272.0,-0.030676,-0.560186,GEO,ESP,7414
703125,83,71,1242,2004.0,0.0,428137.0,-1.015073,-0.9147069999999999,GHA,ESP,7414
703126,84,71,1242,2004.0,11103.0,723102.0,0.501154,-0.562796,GIB,ESP,7414
703127,85,71,1242,2004.0,0.0,2397.0,-1.004077,-1.108018,GIN,ESP,7414
703128,87,71,1242,2004.0,0.0,3097.0,-0.22746999999999998,-0.14824600000000002,GMB,ESP,7414
703129,89,71,1242,2004.0,0.0,965774.0,-1.9282080000000001,-0.928127,GNQ,ESP,7414
703130,90,71,1242,2004.0,592986.0,7903826.0,0.298029,1.745886,GRC,ESP,7414
703131,93,71,1242,2004.0,1424.0,11887.0,-0.39399,0.139128,GTM,ESP,7414
703132,97,71,1242,2004.0,80811.0,91200.0,0.72816,1.403171,HKG,ESP,7414
703133,99,71,1242,2004.0,0.0,16461.0,-0.6372140000000001,-0.453946,HND,ESP,7414
703134,100,71,1242,2004.0,0.0,894848.0,0.744459,1.1994479999999998,HRV,ESP,7414
703135,102,71,1242,2004.0,1802099.0,3936712.0,1.3579370000000002,0.9993219999999999,HUN,ESP,7414
703136,103,71,1242,2004.0,1425.0,301654.0,0.010095999999999999,1.7413779999999999,IDN,ESP,7414
703137,104,71,1242,2004.0,99205.0,576055.0,0.20872,2.817307,IND,ESP,7414
703138,106,71,1242,2004.0,43100580.0,3723310.0,1.498475,0.19050799999999998,IRL,ESP,7414
703139,107,71,1242,2004.0,0.0,348138.0,-0.6691699999999999,-1.002548,IRN,ESP,7414
703140,109,71,1242,2004.0,11024.0,338671.0,0.107901,-0.41223699999999996,ISL,ESP,7414
703141,110,71,1242,2004.0,205466.0,722071.0,1.252895,0.8662770000000001,ISR,ESP,7414
703142,111,71,1242,2004.0,198858464.0,15208192.0,1.440372,0.676068,ITA,ESP,7414
703143,112,71,1242,2004.0,0.0,40568.0,-0.505365,-0.9596120000000001,JAM,ESP,7414
703144,113,71,1242,2004.0,0.0,520430.0,0.16384200000000002,0.34270100000000003,JOR,ESP,7414
703145,114,71,1242,2004.0,54842224.0,162788.0,2.756136,0.15545,JPN,ESP,7414
703146,115,71,1242,2004.0,0.0,206934.0,-0.43987200000000004,-0.50862,KAZ,ESP,7414
703147,116,71,1242,2004.0,0.0,11017.0,-0.565597,0.182375,KEN,ESP,7414
703148,117,71,1242,2004.0,0.0,6740.0,-0.263776,0.503736,KGZ,ESP,7414
703149,121,71,1242,2004.0,16010599.0,97691.0,1.481275,0.7859,KOR,ESP,7414
703150,122,71,1242,2004.0,0.0,633267.0,-0.8195479999999999,-1.2105709999999998,KWT,ESP,7414
703151,124,71,1242,2004.0,2618.0,795875.0,0.269753,1.3152979999999999,LBN,ESP,7414
703152,126,71,1242,2004.0,0.0,68089.0,-0.895142,-1.211141,LBY,ESP,7414
703153,128,71,1242,2004.0,0.0,73291.0,-0.42450299999999996,0.173518,LKA,ESP,7414
703154,130,71,1242,2004.0,4072.0,1157272.0,0.341521,0.7971560000000001,LTU,ESP,7414
703155,131,71,1242,2004.0,369604.0,234910.0,1.258828,1.079923,LUX,ESP,7414
703156,132,71,1242,2004.0,0.0,410240.0,0.415001,0.8476809999999999,LVA,ESP,7414
703157,134,71,1242,2004.0,88677.0,13836654.0,-0.626594,-0.22253499999999998,MAR,ESP,7414
703158,135,71,1242,2004.0,0.0,24323.0,-0.13031900000000002,-0.118591,MDA,ESP,7414
703159,136,71,1242,2004.0,1029.0,55252.0,-1.1010799999999998,-0.7367859999999999,MDG,ESP,7414
703160,137,71,1242,2004.0,0.0,20451.0,-0.44303000000000003,-0.841744,MDV,ESP,7414
703161,138,71,1242,2004.0,171274.0,7708297.0,1.183707,0.9043700000000001,MEX,ESP,7414
703162,140,71,1242,2004.0,0.0,46463.0,-0.120439,0.27624899999999997,MKD,ESP,7414
703163,142,71,1242,2004.0,0.0,629830.0,1.2290379999999999,-0.025372,MLT,ESP,7414
703164,145,71,1242,2004.0,0.0,115494.0,-0.920198,-1.1059219999999998,MNG,ESP,7414
703165,147,71,1242,2004.0,0.0,125174.0,-1.009633,-0.9863059999999999,MOZ,ESP,7414
703166,148,71,1242,2004.0,0.0,270139.0,-1.8941119999999998,-1.357728,MRT,ESP,7414
703167,151,71,1242,2004.0,0.0,11985.0,-0.161262,-0.29730300000000004,MUS,ESP,7414
703168,153,71,1242,2004.0,14231.0,883565.0,1.250098,0.352379,MYS,ESP,7414
703169,154,71,1242,2004.0,0.0,13533.0,1.290551,0.284667,MYT,ESP,7414
703170,155,71,1242,2004.0,0.0,705026.0,-0.408989,-0.462016,NAM,ESP,7414
703171,156,71,1242,2004.0,0.0,112628.0,-0.279566,-0.860456,NCL,ESP,7414
703172,159,71,1242,2004.0,0.0,12288.0,-2.336753,-1.350375,NGA,ESP,7414
703173,160,71,1242,2004.0,0.0,83014.0,-1.003846,-0.697642,NIC,ESP,7414
703174,162,71,1242,2004.0,8533212.0,3076440.0,1.171327,1.6369799999999999,NLD,ESP,7414
703175,163,71,1242,2004.0,531763.0,720260.0,0.731175,-0.0655,NOR,ESP,7414
703176,166,71,1242,2004.0,12395.0,300601.0,0.44099099999999997,0.968326,NZL,ESP,7414
703177,167,71,1242,2004.0,0.0,61704.0,-0.707862,-1.187629,OMN,ESP,7414
703178,168,71,1242,2004.0,0.0,54997.0,-0.7489600000000001,0.22493200000000002,PAK,ESP,7414
703179,169,71,1242,2004.0,0.0,334782.0,0.054997000000000004,0.440416,PAN,ESP,7414
703180,173,71,1242,2004.0,0.0,72176.0,-0.609837,0.13314,PER,ESP,7414
703181,174,71,1242,2004.0,18579.0,351564.0,0.288786,-0.25348699999999996,PHL,ESP,7414
703182,177,71,1242,2004.0,794194.0,6568234.0,0.989568,1.49055,POL,ESP,7414
703183,179,71,1242,2004.0,13964563.0,33835652.0,0.705075,1.7268729999999999,PRT,ESP,7414
703184,180,71,1242,2004.0,5779.0,3652.0,-0.634469,-0.870034,PRY,ESP,7414
703185,182,71,1242,2004.0,0.0,22991.0,-0.125349,-0.718282,PYF,ESP,7414
703186,183,71,1242,2004.0,0.0,461640.0,0.018141,-1.03766,QAT,ESP,7414
703187,185,71,1242,2004.0,371718.0,2426496.0,0.53925,1.145066,ROU,ESP,7414
703188,186,71,1242,2004.0,32322.0,6688848.0,0.422803,0.017524,RUS,ESP,7414
703189,188,71,1242,2004.0,2663.0,887058.0,0.361324,-0.760732,SAU,ESP,7414
703190,189,71,1242,2004.0,0.0,358919.0,0.544686,2.418024,SCG,ESP,7414
703191,190,71,1242,2004.0,0.0,86728.0,-1.503552,-1.253193,SDN,ESP,7414
703192,191,71,1242,2004.0,3603.0,457800.0,-0.620158,-0.296575,SEN,ESP,7414
703193,192,71,1242,2004.0,31574.0,275565.0,1.804502,0.570084,SGP,ESP,7414
703194,197,71,1242,2004.0,0.0,209286.0,-0.21054299999999998,0.086382,SLV,ESP,7414
703195,198,71,1242,2004.0,1860.0,0.0,1.530337,0.719013,SMR,ESP,7414
703196,206,71,1242,2004.0,128892.0,987990.0,1.2683149999999999,0.9208620000000001,SVK,ESP,7414
703197,207,71,1242,2004.0,439595.0,407123.0,1.700677,0.829765,SVN,ESP,7414
703198,208,71,1242,2004.0,14113948.0,1319494.0,2.105611,0.707843,SWE,ESP,7414
703199,211,71,1242,2004.0,0.0,20365.0,-0.585828,-0.768388,SYC,ESP,7414
703200,212,71,1242,2004.0,0.0,227678.0,-0.698545,-0.111323,SYR,ESP,7414
703201,215,71,1242,2004.0,0.0,206951.0,-0.569621,-0.533211,TGO,ESP,7414
703202,216,71,1242,2004.0,4644219.0,185041.0,0.633501,1.4648290000000002,THA,ESP,7414
703203,222,71,1242,2004.0,0.0,5791.0,-0.108049,-0.923523,TTO,ESP,7414
703204,223,71,1242,2004.0,21820.0,1936793.0,-0.125092,0.370625,TUN,ESP,7414
703205,224,71,1242,2004.0,3522214.0,1942321.0,0.249065,1.910598,TUR,ESP,7414
703206,226,71,1242,2004.0,0.0,29215.0,-0.935327,0.362709,TZA,ESP,7414
703207,228,71,1242,2004.0,9748.0,1527686.0,0.672848,1.172735,UKR,ESP,7414
703208,230,71,1242,2004.0,0.0,119899.0,-0.051583000000000004,0.145056,URY,ESP,7414
703209,231,71,1242,2004.0,5743856.0,4068766.0,1.818327,-0.17913900000000002,USA,ESP,7414
703210,236,71,1242,2004.0,0.0,356264.0,-0.41193900000000006,-0.9578899999999999,VEN,ESP,7414
703211,239,71,1242,2004.0,0.0,142352.0,-0.46875500000000003,0.734412,VNM,ESP,7414
703212,243,71,1242,2004.0,0.0,34191.0,-1.298227,-1.2496639999999999,YEM,ESP,7414
703213,246,71,1242,2004.0,174902.0,3055668.0,0.29599699999999995,1.909018,ZAF,ESP,7414
703214,249,71,1242,2004.0,650882.0,18737.0,1.8844150000000002,1.257951,TWN,ESP,7414
703215,250,71,1242,2004.0,0.0,35783.0,0.46240200000000004,-0.406624,ANS,ESP,7414
703216,15,72,1242,2004.0,29425.0,0.0,1.958949,0.209296,AUT,EST,7414
703217,18,72,1242,2004.0,196365.0,2234.0,1.242665,1.541444,BEL,EST,7414
703218,41,72,1242,2004.0,5098.0,0.0,2.234603,0.551975,CHE,EST,7414
703219,43,72,1242,2004.0,293880.0,0.0,0.710603,2.017234,CHN,EST,7414
703220,59,72,1242,2004.0,269739.0,0.0,1.612543,0.607495,CZE,EST,7414
703221,61,72,1242,2004.0,1673382.0,189012.0,2.4453099999999997,-2.331761,DEU,EST,7414
703222,63,72,1242,2004.0,21099.0,0.0,0.478601,0.368796,DMA,EST,7414
703223,64,72,1242,2004.0,639063.0,255729.0,1.309074,1.2627979999999999,DNK,EST,7414
703224,71,72,1242,2004.0,116476.0,0.0,1.04057,1.789023,ESP,EST,7414
703225,74,72,1242,2004.0,4322214.0,582177.0,1.9662810000000002,1.018108,FIN,EST,7414
703226,77,72,1242,2004.0,475746.0,6760.0,1.57079,0.6776760000000001,FRA,EST,7414
703227,81,72,1242,2004.0,48252.0,0.0,1.872987,0.734065,GBR,EST,7414
703228,90,72,1242,2004.0,28305.0,0.0,0.298029,1.745886,GRC,EST,7414
703229,100,72,1242,2004.0,5360.0,0.0,0.744459,1.1994479999999998,HRV,EST,7414
703230,102,72,1242,2004.0,30347.0,298621.0,1.3579370000000002,0.9993219999999999,HUN,EST,7414
703231,103,72,1242,2004.0,13564.0,0.0,0.010095999999999999,1.7413779999999999,IDN,EST,7414
703232,106,72,1242,2004.0,203838.0,0.0,1.498475,0.19050799999999998,IRL,EST,7414
703233,110,72,1242,2004.0,1609.0,0.0,1.252895,0.8662770000000001,ISR,EST,7414
703234,111,72,1242,2004.0,1056587.0,0.0,1.440372,0.676068,ITA,EST,7414
703235,114,72,1242,2004.0,11552.0,0.0,2.756136,0.15545,JPN,EST,7414
703236,121,72,1242,2004.0,18412.0,0.0,1.481275,0.7859,KOR,EST,7414
703237,130,72,1242,2004.0,240544.0,207293.0,0.341521,0.7971560000000001,LTU,EST,7414
703238,131,72,1242,2004.0,4223.0,0.0,1.258828,1.079923,LUX,EST,7414
703239,132,72,1242,2004.0,105542.0,879628.0,0.415001,0.8476809999999999,LVA,EST,7414
703240,142,72,1242,2004.0,9682.0,0.0,1.2290379999999999,-0.025372,MLT,EST,7414
703241,162,72,1242,2004.0,346789.0,268911.0,1.171327,1.6369799999999999,NLD,EST,7414
703242,163,72,1242,2004.0,33153.0,67348.0,0.731175,-0.0655,NOR,EST,7414
703243,177,72,1242,2004.0,704554.0,1320.0,0.989568,1.49055,POL,EST,7414
703244,179,72,1242,2004.0,2765.0,25591.0,0.705075,1.7268729999999999,PRT,EST,7414
703245,185,72,1242,2004.0,65521.0,0.0,0.53925,1.145066,ROU,EST,7414
703246,186,72,1242,2004.0,700206.0,231040.0,0.422803,0.017524,RUS,EST,7414
703247,206,72,1242,2004.0,2265.0,0.0,1.2683149999999999,0.9208620000000001,SVK,EST,7414
703248,207,72,1242,2004.0,3389.0,0.0,1.700677,0.829765,SVN,EST,7414
703249,208,72,1242,2004.0,1746450.0,3448420.0,2.105611,0.707843,SWE,EST,7414
703250,216,72,1242,2004.0,1803.0,0.0,0.633501,1.4648290000000002,THA,EST,7414
703251,224,72,1242,2004.0,7342.0,0.0,0.249065,1.910598,TUR,EST,7414
703252,228,72,1242,2004.0,7288.0,67095.0,0.672848,1.172735,UKR,EST,7414
703253,231,72,1242,2004.0,13626.0,0.0,1.818327,-0.17913900000000002,USA,EST,7414
703254,249,72,1242,2004.0,3363.0,0.0,1.8844150000000002,1.257951,TWN,EST,7414
703255,250,72,1242,2004.0,2674747.0,0.0,0.46240200000000004,-0.406624,ANS,EST,7414
703256,6,74,1242,2004.0,0.0,3114.0,0.080304,-0.634516,ANT,FIN,7414
703257,7,74,1242,2004.0,0.0,268438.0,-0.10993399999999999,-0.5351640000000001,ARE,FIN,7414
703258,8,74,1242,2004.0,104110.0,0.0,-0.070845,0.879574,ARG,FIN,7414
703259,13,74,1242,2004.0,0.0,1004.0,-0.28271,-0.850197,ATG,FIN,7414
703260,14,74,1242,2004.0,7261.0,32686.0,-0.198735,0.81543,AUS,FIN,7414
703261,15,74,1242,2004.0,2111256.0,322944.0,1.958949,0.209296,AUT,FIN,7414
703262,16,74,1242,2004.0,0.0,180998.0,-0.720616,-1.009692,AZE,FIN,7414
703263,18,74,1242,2004.0,1299062.0,607376.0,1.242665,1.541444,BEL,FIN,7414
703264,22,74,1242,2004.0,0.0,36990.0,-1.074194,-0.9392389999999999,BGD,FIN,7414
703265,23,74,1242,2004.0,0.0,39524.0,0.390627,1.631006,BGR,FIN,7414
703266,24,74,1242,2004.0,0.0,17541.0,-0.551237,-1.174628,BHR,FIN,7414
703267,25,74,1242,2004.0,0.0,14733.0,0.029548,-0.692239,BHS,FIN,7414
703268,28,74,1242,2004.0,0.0,227426.0,0.9384239999999999,0.9708690000000001,BLR,FIN,7414
703269,32,74,1242,2004.0,0.0,45412.0,0.504233,1.567879,BRA,FIN,7414
703270,38,74,1242,2004.0,0.0,58729.0,-0.667013,-0.899285,CAF,FIN,7414
703271,39,74,1242,2004.0,8057.0,2981.0,0.781591,1.365966,CAN,FIN,7414
703272,41,74,1242,2004.0,19243.0,490300.0,2.234603,0.551975,CHE,FIN,7414
703273,42,74,1242,2004.0,0.0,28873.0,-0.24101399999999998,-0.303103,CHL,FIN,7414
703274,43,74,1242,2004.0,479608.0,587087.0,0.710603,2.017234,CHN,FIN,7414
703275,47,74,1242,2004.0,0.0,19786.0,-1.415254,-1.24599,COG,FIN,7414
703276,49,74,1242,2004.0,0.0,78711.0,0.044706,0.514304,COL,FIN,7414
703277,59,74,1242,2004.0,526303.0,562923.0,1.612543,0.607495,CZE,FIN,7414
703278,61,74,1242,2004.0,7023880.0,3420381.0,2.4453099999999997,-2.331761,DEU,FIN,7414
703279,64,74,1242,2004.0,3665072.0,2346097.0,1.309074,1.2627979999999999,DNK,FIN,7414
703280,67,74,1242,2004.0,0.0,7412.0,-0.990727,-0.9383090000000001,ECU,FIN,7414
703281,68,74,1242,2004.0,0.0,108288.0,-0.35823499999999997,0.5000100000000001,EGY,FIN,7414
703282,69,74,1242,2004.0,0.0,1540.0,0.390463,0.144876,ERI,FIN,7414
703283,71,74,1242,2004.0,915947.0,353448.0,1.04057,1.789023,ESP,FIN,7414
703284,72,74,1242,2004.0,582177.0,4322214.0,0.645741,1.035117,EST,FIN,7414
703285,73,74,1242,2004.0,0.0,30917.0,-1.202444,-0.8973120000000001,ETH,FIN,7414
703286,77,74,1242,2004.0,8369833.0,655332.0,1.57079,0.6776760000000001,FRA,FIN,7414
703287,78,74,1242,2004.0,0.0,5918.0,-1.127967,-1.002561,FRO,FIN,7414
703288,81,74,1242,2004.0,990258.0,16781556.0,1.872987,0.734065,GBR,FIN,7414
703289,82,74,1242,2004.0,0.0,50649.0,-0.030676,-0.560186,GEO,FIN,7414
703290,85,74,1242,2004.0,0.0,577020.0,-1.004077,-1.108018,GIN,FIN,7414
703291,90,74,1242,2004.0,1913.0,26080.0,0.298029,1.745886,GRC,FIN,7414
703292,92,74,1242,2004.0,0.0,3403.0,-1.152664,-0.986844,GRL,FIN,7414
703293,97,74,1242,2004.0,43033.0,9818.0,0.72816,1.403171,HKG,FIN,7414
703294,99,74,1242,2004.0,0.0,1895590.0,-0.6372140000000001,-0.453946,HND,FIN,7414
703295,100,74,1242,2004.0,79524.0,43069.0,0.744459,1.1994479999999998,HRV,FIN,7414
703296,102,74,1242,2004.0,1070606.0,594184.0,1.3579370000000002,0.9993219999999999,HUN,FIN,7414
703297,103,74,1242,2004.0,0.0,79363.0,0.010095999999999999,1.7413779999999999,IDN,FIN,7414
703298,104,74,1242,2004.0,0.0,60439.0,0.20872,2.817307,IND,FIN,7414
703299,106,74,1242,2004.0,5450748.0,627139.0,1.498475,0.19050799999999998,IRL,FIN,7414
703300,107,74,1242,2004.0,0.0,34520.0,-0.6691699999999999,-1.002548,IRN,FIN,7414
703301,109,74,1242,2004.0,0.0,135938.0,0.107901,-0.41223699999999996,ISL,FIN,7414
703302,110,74,1242,2004.0,135266.0,27703.0,1.252895,0.8662770000000001,ISR,FIN,7414
703303,111,74,1242,2004.0,10535361.0,280070.0,1.440372,0.676068,ITA,FIN,7414
703304,114,74,1242,2004.0,2208835.0,13877.0,2.756136,0.15545,JPN,FIN,7414
703305,115,74,1242,2004.0,0.0,735878.0,-0.43987200000000004,-0.50862,KAZ,FIN,7414
703306,117,74,1242,2004.0,0.0,92212.0,-0.263776,0.503736,KGZ,FIN,7414
703307,121,74,1242,2004.0,19893.0,123832.0,1.481275,0.7859,KOR,FIN,7414
703308,122,74,1242,2004.0,0.0,518960.0,-0.8195479999999999,-1.2105709999999998,KWT,FIN,7414
703309,124,74,1242,2004.0,0.0,30034.0,0.269753,1.3152979999999999,LBN,FIN,7414
703310,125,74,1242,2004.0,0.0,6412.0,0.037469,-1.036878,LBR,FIN,7414
703311,127,74,1242,2004.0,0.0,22456.0,0.31900300000000004,-0.346391,LCA,FIN,7414
703312,130,74,1242,2004.0,3194.0,1514064.0,0.341521,0.7971560000000001,LTU,FIN,7414
703313,131,74,1242,2004.0,100451.0,1010.0,1.258828,1.079923,LUX,FIN,7414
703314,132,74,1242,2004.0,50926.0,1168928.0,0.415001,0.8476809999999999,LVA,FIN,7414
703315,138,74,1242,2004.0,0.0,2172.0,1.183707,0.9043700000000001,MEX,FIN,7414
703316,142,74,1242,2004.0,0.0,32479.0,1.2290379999999999,-0.025372,MLT,FIN,7414
703317,143,74,1242,2004.0,0.0,47078.0,-1.048261,-0.828443,MMR,FIN,7414
703318,153,74,1242,2004.0,123045.0,3237.0,1.250098,0.352379,MYS,FIN,7414
703319,159,74,1242,2004.0,0.0,63604.0,-2.336753,-1.350375,NGA,FIN,7414
703320,162,74,1242,2004.0,1660566.0,586285.0,1.171327,1.6369799999999999,NLD,FIN,7414
703321,163,74,1242,2004.0,128751.0,14961231.0,0.731175,-0.0655,NOR,FIN,7414
703322,166,74,1242,2004.0,0.0,2639.0,0.44099099999999997,0.968326,NZL,FIN,7414
703323,168,74,1242,2004.0,0.0,65325.0,-0.7489600000000001,0.22493200000000002,PAK,FIN,7414
703324,169,74,1242,2004.0,0.0,1647.0,0.054997000000000004,0.440416,PAN,FIN,7414
703325,174,74,1242,2004.0,0.0,429781.0,0.288786,-0.25348699999999996,PHL,FIN,7414
703326,177,74,1242,2004.0,179232.0,11022157.0,0.989568,1.49055,POL,FIN,7414
703327,179,74,1242,2004.0,63256.0,144654.0,0.705075,1.7268729999999999,PRT,FIN,7414
703328,185,74,1242,2004.0,78675.0,25596.0,0.53925,1.145066,ROU,FIN,7414
703329,186,74,1242,2004.0,35936.0,16115082.0,0.422803,0.017524,RUS,FIN,7414
703330,188,74,1242,2004.0,0.0,458904.0,0.361324,-0.760732,SAU,FIN,7414
703331,189,74,1242,2004.0,0.0,2905.0,0.544686,2.418024,SCG,FIN,7414
703332,192,74,1242,2004.0,0.0,73524.0,1.804502,0.570084,SGP,FIN,7414
703333,196,74,1242,2004.0,0.0,5344.0,0.43205699999999997,0.068877,SLE,FIN,7414
703334,206,74,1242,2004.0,9398.0,106722.0,1.2683149999999999,0.9208620000000001,SVK,FIN,7414
703335,207,74,1242,2004.0,57468.0,0.0,1.700677,0.829765,SVN,FIN,7414
703336,208,74,1242,2004.0,17324680.0,15000772.0,2.105611,0.707843,SWE,FIN,7414
703337,216,74,1242,2004.0,6519.0,28387.0,0.633501,1.4648290000000002,THA,FIN,7414
703338,224,74,1242,2004.0,291250.0,234785.0,0.249065,1.910598,TUR,FIN,7414
703339,226,74,1242,2004.0,0.0,78029.0,-0.935327,0.362709,TZA,FIN,7414
703340,228,74,1242,2004.0,0.0,1025586.0,0.672848,1.172735,UKR,FIN,7414
703341,231,74,1242,2004.0,884372.0,321791.0,1.818327,-0.17913900000000002,USA,FIN,7414
703342,237,74,1242,2004.0,0.0,60781.0,0.689844,-0.23942,VGB,FIN,7414
703343,243,74,1242,2004.0,0.0,116822.0,-1.298227,-1.2496639999999999,YEM,FIN,7414
703344,246,74,1242,2004.0,1717.0,48675.0,0.29599699999999995,1.909018,ZAF,FIN,7414
703345,249,74,1242,2004.0,92879.0,0.0,1.8844150000000002,1.257951,TWN,FIN,7414
703346,2,77,1242,2004.0,0.0,1445136.0,-0.8688110000000001,-1.198692,AGO,FRA,7414
703347,5,77,1242,2004.0,0.0,101291.0,1.122154,0.958434,AND,FRA,7414
703348,6,77,1242,2004.0,0.0,42285.0,0.080304,-0.634516,ANT,FRA,7414
703349,7,77,1242,2004.0,3073.0,17556224.0,-0.10993399999999999,-0.5351640000000001,ARE,FRA,7414
703350,8,77,1242,2004.0,0.0,686692.0,-0.070845,0.879574,ARG,FRA,7414
703351,9,77,1242,2004.0,0.0,1292.0,0.497276,-0.226016,ARM,FRA,7414
703352,14,77,1242,2004.0,116006.0,18163816.0,-0.198735,0.81543,AUS,FRA,7414
703353,15,77,1242,2004.0,15460866.0,15437049.0,1.958949,0.209296,AUT,FRA,7414
703354,16,77,1242,2004.0,0.0,118326.0,-0.720616,-1.009692,AZE,FRA,7414
703355,18,77,1242,2004.0,94421984.0,72693632.0,1.242665,1.541444,BEL,FRA,7414
703356,19,77,1242,2004.0,0.0,494041.0,-1.422449,-1.09615,BEN,FRA,7414
703357,21,77,1242,2004.0,0.0,777027.0,-1.118427,-1.091315,BFA,FRA,7414
703358,22,77,1242,2004.0,0.0,203636.0,-1.074194,-0.9392389999999999,BGD,FRA,7414
703359,23,77,1242,2004.0,48806.0,1911530.0,0.390627,1.631006,BGR,FRA,7414
703360,24,77,1242,2004.0,0.0,394929.0,-0.551237,-1.174628,BHR,FRA,7414
703361,25,77,1242,2004.0,9129.0,2616.0,0.029548,-0.692239,BHS,FRA,7414
703362,26,77,1242,2004.0,0.0,189563.0,0.45637,0.6154470000000001,BIH,FRA,7414
703363,28,77,1242,2004.0,0.0,461003.0,0.9384239999999999,0.9708690000000001,BLR,FRA,7414
703364,30,77,1242,2004.0,0.0,6218.0,0.67576,-0.49529799999999996,BMU,FRA,7414
703365,31,77,1242,2004.0,0.0,5604.0,-0.841087,-0.770059,BOL,FRA,7414
703366,32,77,1242,2004.0,329958.0,943508.0,0.504233,1.567879,BRA,FRA,7414
703367,33,77,1242,2004.0,0.0,16504.0,0.644308,0.290054,BRB,FRA,7414
703368,34,77,1242,2004.0,0.0,592128.0,-0.720827,-0.964435,BRN,FRA,7414
703369,37,77,1242,2004.0,0.0,50192.0,-0.435159,-1.150519,BWA,FRA,7414
703370,38,77,1242,2004.0,0.0,15726.0,-0.667013,-0.899285,CAF,FRA,7414
703371,39,77,1242,2004.0,888336.0,1102185.0,0.781591,1.365966,CAN,FRA,7414
703372,41,77,1242,2004.0,796688.0,22416876.0,2.234603,0.551975,CHE,FRA,7414
703373,42,77,1242,2004.0,0.0,1702728.0,-0.24101399999999998,-0.303103,CHL,FRA,7414
703374,43,77,1242,2004.0,7811924.0,15624552.0,0.710603,2.017234,CHN,FRA,7414
703375,44,77,1242,2004.0,0.0,1596722.0,-0.835933,-0.749289,CIV,FRA,7414
703376,45,77,1242,2004.0,0.0,1448425.0,-1.380149,-1.220501,CMR,FRA,7414
703377,46,77,1242,2004.0,0.0,222616.0,-1.426621,-1.198377,COD,FRA,7414
703378,47,77,1242,2004.0,0.0,439013.0,-1.415254,-1.24599,COG,FRA,7414
703379,49,77,1242,2004.0,0.0,291002.0,0.044706,0.514304,COL,FRA,7414
703380,50,77,1242,2004.0,0.0,45523.0,-0.8264940000000001,-0.9641290000000001,COM,FRA,7414
703381,51,77,1242,2004.0,0.0,2122.0,-0.291469,-0.6426850000000001,CPV,FRA,7414
703382,52,77,1242,2004.0,0.0,144587.0,-0.036323,-0.313847,CRI,FRA,7414
703383,54,77,1242,2004.0,1771.0,38729.0,-0.16826,-0.644388,CUB,FRA,7414
703384,57,77,1242,2004.0,0.0,1244.0,0.47268999999999994,-0.742781,CYM,FRA,7414
703385,58,77,1242,2004.0,0.0,367921.0,0.42732200000000004,0.811763,CYP,FRA,7414
703386,59,77,1242,2004.0,12660574.0,28495866.0,1.612543,0.607495,CZE,FRA,7414
703387,61,77,1242,2004.0,89987384.0,149073824.0,2.4453099999999997,-2.331761,DEU,FRA,7414
703388,62,77,1242,2004.0,0.0,294748.0,-0.370222,-0.28660399999999997,DJI,FRA,7414
703389,64,77,1242,2004.0,15850667.0,18142928.0,1.309074,1.2627979999999999,DNK,FRA,7414
703390,65,77,1242,2004.0,0.0,40483.0,-0.24909699999999999,-0.326783,DOM,FRA,7414
703391,66,77,1242,2004.0,0.0,16795654.0,-1.166661,-1.2240879999999998,DZA,FRA,7414
703392,67,77,1242,2004.0,15690.0,233215.0,-0.990727,-0.9383090000000001,ECU,FRA,7414
703393,68,77,1242,2004.0,1238336.0,5479676.0,-0.35823499999999997,0.5000100000000001,EGY,FRA,7414
703394,69,77,1242,2004.0,0.0,23630.0,0.390463,0.144876,ERI,FRA,7414
703395,71,77,1242,2004.0,77953288.0,109678864.0,1.04057,1.789023,ESP,FRA,7414
703396,72,77,1242,2004.0,6760.0,475746.0,0.645741,1.035117,EST,FRA,7414
703397,73,77,1242,2004.0,0.0,48887.0,-1.202444,-0.8973120000000001,ETH,FRA,7414
703398,74,77,1242,2004.0,655332.0,8369833.0,1.9662810000000002,1.018108,FIN,FRA,7414
703399,80,77,1242,2004.0,0.0,1837036.0,-1.006071,-1.212338,GAB,FRA,7414
703400,81,77,1242,2004.0,23162334.0,114582160.0,1.872987,0.734065,GBR,FRA,7414
703401,82,77,1242,2004.0,1042.0,108910.0,-0.030676,-0.560186,GEO,FRA,7414
703402,83,77,1242,2004.0,0.0,195214.0,-1.015073,-0.9147069999999999,GHA,FRA,7414
703403,85,77,1242,2004.0,0.0,298999.0,-1.004077,-1.108018,GIN,FRA,7414
703404,87,77,1242,2004.0,0.0,4990.0,-0.22746999999999998,-0.14824600000000002,GMB,FRA,7414
703405,89,77,1242,2004.0,0.0,82081.0,-1.9282080000000001,-0.928127,GNQ,FRA,7414
703406,90,77,1242,2004.0,1656829.0,24903518.0,0.298029,1.745886,GRC,FRA,7414
703407,91,77,1242,2004.0,0.0,67504.0,0.426058,-0.30841799999999997,GRD,FRA,7414
703408,93,77,1242,2004.0,0.0,114098.0,-0.39399,0.139128,GTM,FRA,7414
703409,97,77,1242,2004.0,1876089.0,11508712.0,0.72816,1.403171,HKG,FRA,7414
703410,99,77,1242,2004.0,0.0,6170.0,-0.6372140000000001,-0.453946,HND,FRA,7414
703411,100,77,1242,2004.0,1047.0,1844114.0,0.744459,1.1994479999999998,HRV,FRA,7414
703412,102,77,1242,2004.0,3532025.0,20441516.0,1.3579370000000002,0.9993219999999999,HUN,FRA,7414
703413,103,77,1242,2004.0,116967.0,1515335.0,0.010095999999999999,1.7413779999999999,IDN,FRA,7414
703414,104,77,1242,2004.0,196485.0,8048045.0,0.20872,2.817307,IND,FRA,7414
703415,106,77,1242,2004.0,49976196.0,12469299.0,1.498475,0.19050799999999998,IRL,FRA,7414
703416,107,77,1242,2004.0,0.0,4967612.0,-0.6691699999999999,-1.002548,IRN,FRA,7414
703417,108,77,1242,2004.0,17595.0,688990.0,-1.50824,-1.082486,IRQ,FRA,7414
703418,109,77,1242,2004.0,0.0,321064.0,0.107901,-0.41223699999999996,ISL,FRA,7414
703419,110,77,1242,2004.0,1786904.0,6252216.0,1.252895,0.8662770000000001,ISR,FRA,7414
703420,111,77,1242,2004.0,232566528.0,97307736.0,1.440372,0.676068,ITA,FRA,7414
703421,112,77,1242,2004.0,0.0,70491.0,-0.505365,-0.9596120000000001,JAM,FRA,7414
703422,113,77,1242,2004.0,0.0,251142.0,0.16384200000000002,0.34270100000000003,JOR,FRA,7414
703423,114,77,1242,2004.0,31861514.0,3058793.0,2.756136,0.15545,JPN,FRA,7414
703424,115,77,1242,2004.0,0.0,909082.0,-0.43987200000000004,-0.50862,KAZ,FRA,7414
703425,116,77,1242,2004.0,0.0,268922.0,-0.565597,0.182375,KEN,FRA,7414
703426,117,77,1242,2004.0,0.0,14536.0,-0.263776,0.503736,KGZ,FRA,7414
703427,118,77,1242,2004.0,0.0,49556.0,-1.145227,-1.19179,KHM,FRA,7414
703428,121,77,1242,2004.0,145283.0,1763430.0,1.481275,0.7859,KOR,FRA,7414
703429,122,77,1242,2004.0,0.0,4935688.0,-0.8195479999999999,-1.2105709999999998,KWT,FRA,7414
703430,124,77,1242,2004.0,32327.0,2585595.0,0.269753,1.3152979999999999,LBN,FRA,7414
703431,125,77,1242,2004.0,0.0,213910.0,0.037469,-1.036878,LBR,FRA,7414
703432,126,77,1242,2004.0,0.0,166651.0,-0.895142,-1.211141,LBY,FRA,7414
703433,127,77,1242,2004.0,0.0,1000.0,0.31900300000000004,-0.346391,LCA,FRA,7414
703434,128,77,1242,2004.0,0.0,269292.0,-0.42450299999999996,0.173518,LKA,FRA,7414
703435,130,77,1242,2004.0,158477.0,3766516.0,0.341521,0.7971560000000001,LTU,FRA,7414
703436,131,77,1242,2004.0,1653282.0,1645736.0,1.258828,1.079923,LUX,FRA,7414
703437,132,77,1242,2004.0,0.0,723445.0,0.415001,0.8476809999999999,LVA,FRA,7414
703438,133,77,1242,2004.0,0.0,204643.0,-0.12333599999999999,-0.600164,MAC,FRA,7414
703439,134,77,1242,2004.0,140780.0,11852515.0,-0.626594,-0.22253499999999998,MAR,FRA,7414
703440,135,77,1242,2004.0,0.0,18212.0,-0.13031900000000002,-0.118591,MDA,FRA,7414
703441,136,77,1242,2004.0,0.0,2089384.0,-1.1010799999999998,-0.7367859999999999,MDG,FRA,7414
703442,137,77,1242,2004.0,0.0,75095.0,-0.44303000000000003,-0.841744,MDV,FRA,7414
703443,138,77,1242,2004.0,228188.0,2845368.0,1.183707,0.9043700000000001,MEX,FRA,7414
703444,139,77,1242,2004.0,0.0,60940.0,-0.712684,-0.88944,MHL,FRA,7414
703445,140,77,1242,2004.0,6619.0,105937.0,-0.120439,0.27624899999999997,MKD,FRA,7414
703446,141,77,1242,2004.0,0.0,756202.0,-0.5807979999999999,-0.797311,MLI,FRA,7414
703447,142,77,1242,2004.0,0.0,300282.0,1.2290379999999999,-0.025372,MLT,FRA,7414
703448,147,77,1242,2004.0,0.0,114234.0,-1.009633,-0.9863059999999999,MOZ,FRA,7414
703449,148,77,1242,2004.0,0.0,668510.0,-1.8941119999999998,-1.357728,MRT,FRA,7414
703450,151,77,1242,2004.0,12798.0,2807379.0,-0.161262,-0.29730300000000004,MUS,FRA,7414
703451,153,77,1242,2004.0,27616.0,767308.0,1.250098,0.352379,MYS,FRA,7414
703452,154,77,1242,2004.0,0.0,514225.0,1.290551,0.284667,MYT,FRA,7414
703453,156,77,1242,2004.0,0.0,3662958.0,-0.279566,-0.860456,NCL,FRA,7414
703454,157,77,1242,2004.0,0.0,81003.0,-1.102485,-0.850282,NER,FRA,7414
703455,159,77,1242,2004.0,0.0,2446285.0,-2.336753,-1.350375,NGA,FRA,7414
703456,160,77,1242,2004.0,0.0,7671.0,-1.003846,-0.697642,NIC,FRA,7414
703457,162,77,1242,2004.0,30428788.0,57593868.0,1.171327,1.6369799999999999,NLD,FRA,7414
703458,163,77,1242,2004.0,296251.0,6569873.0,0.731175,-0.0655,NOR,FRA,7414
703459,166,77,1242,2004.0,23259.0,1358275.0,0.44099099999999997,0.968326,NZL,FRA,7414
703460,167,77,1242,2004.0,0.0,1911445.0,-0.707862,-1.187629,OMN,FRA,7414
703461,168,77,1242,2004.0,0.0,407068.0,-0.7489600000000001,0.22493200000000002,PAK,FRA,7414
703462,169,77,1242,2004.0,0.0,382160.0,0.054997000000000004,0.440416,PAN,FRA,7414
703463,173,77,1242,2004.0,0.0,82772.0,-0.609837,0.13314,PER,FRA,7414
703464,174,77,1242,2004.0,113194.0,862165.0,0.288786,-0.25348699999999996,PHL,FRA,7414
703465,177,77,1242,2004.0,3754645.0,27533204.0,0.989568,1.49055,POL,FRA,7414
703466,178,77,1242,2004.0,0.0,4975.0,0.695376,0.9732209999999999,PRK,FRA,7414
703467,179,77,1242,2004.0,15250298.0,13911288.0,0.705075,1.7268729999999999,PRT,FRA,7414
703468,180,77,1242,2004.0,0.0,80862.0,-0.634469,-0.870034,PRY,FRA,7414
703469,182,77,1242,2004.0,0.0,3156983.0,-0.125349,-0.718282,PYF,FRA,7414
703470,183,77,1242,2004.0,0.0,7956643.0,0.018141,-1.03766,QAT,FRA,7414
703471,185,77,1242,2004.0,524789.0,6158109.0,0.53925,1.145066,ROU,FRA,7414
703472,186,77,1242,2004.0,0.0,22253680.0,0.422803,0.017524,RUS,FRA,7414
703473,187,77,1242,2004.0,0.0,13451.0,-1.3090190000000002,-1.063632,RWA,FRA,7414
703474,188,77,1242,2004.0,0.0,9405846.0,0.361324,-0.760732,SAU,FRA,7414
703475,189,77,1242,2004.0,0.0,2559834.0,0.544686,2.418024,SCG,FRA,7414
703476,190,77,1242,2004.0,0.0,175541.0,-1.503552,-1.253193,SDN,FRA,7414
703477,191,77,1242,2004.0,0.0,2294809.0,-0.620158,-0.296575,SEN,FRA,7414
703478,192,77,1242,2004.0,43686.0,4079650.0,1.804502,0.570084,SGP,FRA,7414
703479,196,77,1242,2004.0,523300.0,26117.0,0.43205699999999997,0.068877,SLE,FRA,7414
703480,197,77,1242,2004.0,0.0,18768.0,-0.21054299999999998,0.086382,SLV,FRA,7414
703481,200,77,1242,2004.0,0.0,27360.0,-0.652058,-0.8527040000000001,SPM,FRA,7414
703482,203,77,1242,2004.0,124819.0,0.0,0.49046999999999996,0.019015999999999998,STP,FRA,7414
703483,205,77,1242,2004.0,0.0,2159.0,-1.056251,-1.0234590000000001,SUR,FRA,7414
703484,206,77,1242,2004.0,26481.0,2445426.0,1.2683149999999999,0.9208620000000001,SVK,FRA,7414
703485,207,77,1242,2004.0,2604116.0,3824429.0,1.700677,0.829765,SVN,FRA,7414
703486,208,77,1242,2004.0,5937922.0,27187392.0,2.105611,0.707843,SWE,FRA,7414
703487,211,77,1242,2004.0,0.0,819851.0,-0.585828,-0.768388,SYC,FRA,7414
703488,212,77,1242,2004.0,0.0,1533478.0,-0.698545,-0.111323,SYR,FRA,7414
703489,213,77,1242,2004.0,0.0,4975.0,0.641878,0.22729000000000002,TCA,FRA,7414
703490,214,77,1242,2004.0,0.0,276094.0,-1.63163,-0.9495040000000001,TCD,FRA,7414
703491,215,77,1242,2004.0,1344.0,256950.0,-0.569621,-0.533211,TGO,FRA,7414
703492,216,77,1242,2004.0,8271558.0,3233963.0,0.633501,1.4648290000000002,THA,FRA,7414
703493,219,77,1242,2004.0,0.0,1936383.0,-0.9017719999999999,-1.2102620000000002,TKM,FRA,7414
703494,222,77,1242,2004.0,4082.0,34781.0,-0.108049,-0.923523,TTO,FRA,7414
703495,223,77,1242,2004.0,251170.0,13796327.0,-0.125092,0.370625,TUN,FRA,7414
703496,224,77,1242,2004.0,6161446.0,16560328.0,0.249065,1.910598,TUR,FRA,7414
703497,226,77,1242,2004.0,0.0,609759.0,-0.935327,0.362709,TZA,FRA,7414
703498,227,77,1242,2004.0,0.0,16456.0,-1.05367,-0.546304,UGA,FRA,7414
703499,228,77,1242,2004.0,26774.0,3536949.0,0.672848,1.172735,UKR,FRA,7414
703500,230,77,1242,2004.0,0.0,48806.0,-0.051583000000000004,0.145056,URY,FRA,7414
703501,231,77,1242,2004.0,18592396.0,22283526.0,1.818327,-0.17913900000000002,USA,FRA,7414
703502,232,77,1242,2004.0,0.0,48503.0,-0.518472,-0.7689779999999999,UZB,FRA,7414
703503,236,77,1242,2004.0,0.0,110656.0,-0.41193900000000006,-0.9578899999999999,VEN,FRA,7414
703504,237,77,1242,2004.0,0.0,29848.0,0.689844,-0.23942,VGB,FRA,7414
703505,239,77,1242,2004.0,0.0,999281.0,-0.46875500000000003,0.734412,VNM,FRA,7414
703506,241,77,1242,2004.0,0.0,17064.0,2.237209,0.203692,WLF,FRA,7414
703507,243,77,1242,2004.0,0.0,62859.0,-1.298227,-1.2496639999999999,YEM,FRA,7414
703508,246,77,1242,2004.0,202137.0,9084349.0,0.29599699999999995,1.909018,ZAF,FRA,7414
703509,247,77,1242,2004.0,0.0,86578.0,-0.8752479999999999,-0.784285,ZMB,FRA,7414
703510,248,77,1242,2004.0,0.0,12058.0,-0.44064799999999993,0.01704,ZWE,FRA,7414
703511,249,77,1242,2004.0,264901.0,1869161.0,1.8844150000000002,1.257951,TWN,FRA,7414
703512,250,77,1242,2004.0,167654.0,29843.0,0.46240200000000004,-0.406624,ANS,FRA,7414
703513,0,81,1242,2004.0,0.0,2866.0,0.074978,-0.8537239999999999,ABW,GBR,7414
703514,2,81,1242,2004.0,0.0,5211.0,-0.8688110000000001,-1.198692,AGO,GBR,7414
703515,4,81,1242,2004.0,0.0,18723.0,-0.142479,0.136074,ALB,GBR,7414
703516,7,81,1242,2004.0,96370.0,11149748.0,-0.10993399999999999,-0.5351640000000001,ARE,GBR,7414
703517,8,81,1242,2004.0,1197.0,95244.0,-0.070845,0.879574,ARG,GBR,7414
703518,9,81,1242,2004.0,0.0,3154.0,0.497276,-0.226016,ARM,GBR,7414
703519,14,81,1242,2004.0,1251159.0,1244957.0,-0.198735,0.81543,AUS,GBR,7414
703520,15,81,1242,2004.0,6247782.0,3187252.0,1.958949,0.209296,AUT,GBR,7414
703521,16,81,1242,2004.0,0.0,160024.0,-0.720616,-1.009692,AZE,GBR,7414
703522,17,81,1242,2004.0,0.0,2035.0,-1.084376,-1.020132,BDI,GBR,7414
703523,18,81,1242,2004.0,74335312.0,4656287.0,1.242665,1.541444,BEL,GBR,7414
703524,19,81,1242,2004.0,0.0,19474.0,-1.422449,-1.09615,BEN,GBR,7414
703525,22,81,1242,2004.0,0.0,277701.0,-1.074194,-0.9392389999999999,BGD,GBR,7414
703526,23,81,1242,2004.0,8760.0,848777.0,0.390627,1.631006,BGR,GBR,7414
703527,24,81,1242,2004.0,0.0,930489.0,-0.551237,-1.174628,BHR,GBR,7414
703528,26,81,1242,2004.0,0.0,56295.0,0.45637,0.6154470000000001,BIH,GBR,7414
703529,28,81,1242,2004.0,0.0,309979.0,0.9384239999999999,0.9708690000000001,BLR,GBR,7414
703530,32,81,1242,2004.0,786573.0,244496.0,0.504233,1.567879,BRA,GBR,7414
703531,33,81,1242,2004.0,0.0,27894.0,0.644308,0.290054,BRB,GBR,7414
703532,34,81,1242,2004.0,0.0,401691.0,-0.720827,-0.964435,BRN,GBR,7414
703533,37,81,1242,2004.0,0.0,29869.0,-0.435159,-1.150519,BWA,GBR,7414
703534,39,81,1242,2004.0,543447.0,957623.0,0.781591,1.365966,CAN,GBR,7414
703535,41,81,1242,2004.0,2176817.0,3250310.0,2.234603,0.551975,CHE,GBR,7414
703536,42,81,1242,2004.0,1970.0,284322.0,-0.24101399999999998,-0.303103,CHL,GBR,7414
703537,43,81,1242,2004.0,17061052.0,1033897.0,0.710603,2.017234,CHN,GBR,7414
703538,44,81,1242,2004.0,0.0,132486.0,-0.835933,-0.749289,CIV,GBR,7414
703539,45,81,1242,2004.0,0.0,36547.0,-1.380149,-1.220501,CMR,GBR,7414
703540,46,81,1242,2004.0,0.0,3665.0,-1.426621,-1.198377,COD,GBR,7414
703541,49,81,1242,2004.0,0.0,22008.0,0.044706,0.514304,COL,GBR,7414
703542,52,81,1242,2004.0,0.0,27960.0,-0.036323,-0.313847,CRI,GBR,7414
703543,54,81,1242,2004.0,0.0,3234.0,-0.16826,-0.644388,CUB,GBR,7414
703544,58,81,1242,2004.0,20300.0,565483.0,0.42732200000000004,0.811763,CYP,GBR,7414
703545,59,81,1242,2004.0,10395901.0,1151092.0,1.612543,0.607495,CZE,GBR,7414
703546,61,81,1242,2004.0,62676764.0,48339872.0,2.4453099999999997,-2.331761,DEU,GBR,7414
703547,63,81,1242,2004.0,0.0,6718.0,0.478601,0.368796,DMA,GBR,7414
703548,64,81,1242,2004.0,30155402.0,5945100.0,1.309074,1.2627979999999999,DNK,GBR,7414
703549,65,81,1242,2004.0,0.0,1139.0,-0.24909699999999999,-0.326783,DOM,GBR,7414
703550,66,81,1242,2004.0,0.0,849677.0,-1.166661,-1.2240879999999998,DZA,GBR,7414
703551,67,81,1242,2004.0,0.0,4114.0,-0.990727,-0.9383090000000001,ECU,GBR,7414
703552,68,81,1242,2004.0,0.0,2025689.0,-0.35823499999999997,0.5000100000000001,EGY,GBR,7414
703553,71,81,1242,2004.0,23877598.0,15775014.0,1.04057,1.789023,ESP,GBR,7414
703554,72,81,1242,2004.0,0.0,48252.0,0.645741,1.035117,EST,GBR,7414
703555,73,81,1242,2004.0,0.0,107064.0,-1.202444,-0.8973120000000001,ETH,GBR,7414
703556,74,81,1242,2004.0,16781556.0,990258.0,1.9662810000000002,1.018108,FIN,GBR,7414
703557,76,81,1242,2004.0,0.0,2793.0,0.073769,-0.8404010000000001,FLK,GBR,7414
703558,77,81,1242,2004.0,114582160.0,23162334.0,1.57079,0.6776760000000001,FRA,GBR,7414
703559,80,81,1242,2004.0,1225.0,0.0,-1.006071,-1.212338,GAB,GBR,7414
703560,83,81,1242,2004.0,0.0,178785.0,-1.015073,-0.9147069999999999,GHA,GBR,7414
703561,84,81,1242,2004.0,0.0,19210.0,0.501154,-0.562796,GIB,GBR,7414
703562,85,81,1242,2004.0,0.0,2454.0,-1.004077,-1.108018,GIN,GBR,7414
703563,87,81,1242,2004.0,0.0,100973.0,-0.22746999999999998,-0.14824600000000002,GMB,GBR,7414
703564,89,81,1242,2004.0,0.0,5013.0,-1.9282080000000001,-0.928127,GNQ,GBR,7414
703565,90,81,1242,2004.0,2922751.0,2879682.0,0.298029,1.745886,GRC,GBR,7414
703566,91,81,1242,2004.0,0.0,9389.0,0.426058,-0.30841799999999997,GRD,GBR,7414
703567,95,81,1242,2004.0,0.0,9865.0,0.136164,-0.616118,GUM,GBR,7414
703568,96,81,1242,2004.0,0.0,7437.0,-0.932802,-0.9846530000000001,GUY,GBR,7414
703569,97,81,1242,2004.0,1506286.0,3438938.0,0.72816,1.403171,HKG,GBR,7414
703570,99,81,1242,2004.0,0.0,64348.0,-0.6372140000000001,-0.453946,HND,GBR,7414
703571,100,81,1242,2004.0,188960.0,212103.0,0.744459,1.1994479999999998,HRV,GBR,7414
703572,101,81,1242,2004.0,0.0,3080.0,-0.919434,-0.9868950000000001,HTI,GBR,7414
703573,102,81,1242,2004.0,2727672.0,2956194.0,1.3579370000000002,0.9993219999999999,HUN,GBR,7414
703574,103,81,1242,2004.0,11703.0,484409.0,0.010095999999999999,1.7413779999999999,IDN,GBR,7414
703575,104,81,1242,2004.0,589093.0,2842766.0,0.20872,2.817307,IND,GBR,7414
703576,106,81,1242,2004.0,51984104.0,27220438.0,1.498475,0.19050799999999998,IRL,GBR,7414
703577,107,81,1242,2004.0,2416.0,2508769.0,-0.6691699999999999,-1.002548,IRN,GBR,7414
703578,108,81,1242,2004.0,0.0,51317.0,-1.50824,-1.082486,IRQ,GBR,7414
703579,109,81,1242,2004.0,82812.0,36848.0,0.107901,-0.41223699999999996,ISL,GBR,7414
703580,110,81,1242,2004.0,237911.0,888836.0,1.252895,0.8662770000000001,ISR,GBR,7414
703581,111,81,1242,2004.0,152292704.0,10649891.0,1.440372,0.676068,ITA,GBR,7414
703582,112,81,1242,2004.0,0.0,45936.0,-0.505365,-0.9596120000000001,JAM,GBR,7414
703583,113,81,1242,2004.0,6682.0,656598.0,0.16384200000000002,0.34270100000000003,JOR,GBR,7414
703584,114,81,1242,2004.0,38284656.0,407415.0,2.756136,0.15545,JPN,GBR,7414
703585,115,81,1242,2004.0,0.0,564558.0,-0.43987200000000004,-0.50862,KAZ,GBR,7414
703586,116,81,1242,2004.0,0.0,395234.0,-0.565597,0.182375,KEN,GBR,7414
703587,117,81,1242,2004.0,0.0,10485.0,-0.263776,0.503736,KGZ,GBR,7414
703588,121,81,1242,2004.0,3227967.0,1255759.0,1.481275,0.7859,KOR,GBR,7414
703589,122,81,1242,2004.0,0.0,806614.0,-0.8195479999999999,-1.2105709999999998,KWT,GBR,7414
703590,124,81,1242,2004.0,85394.0,1311930.0,0.269753,1.3152979999999999,LBN,GBR,7414
703591,125,81,1242,2004.0,0.0,2265.0,0.037469,-1.036878,LBR,GBR,7414
703592,126,81,1242,2004.0,0.0,647633.0,-0.895142,-1.211141,LBY,GBR,7414
703593,127,81,1242,2004.0,0.0,21094.0,0.31900300000000004,-0.346391,LCA,GBR,7414
703594,128,81,1242,2004.0,0.0,99558.0,-0.42450299999999996,0.173518,LKA,GBR,7414
703595,130,81,1242,2004.0,110528.0,2555980.0,0.341521,0.7971560000000001,LTU,GBR,7414
703596,131,81,1242,2004.0,90249.0,48148.0,1.258828,1.079923,LUX,GBR,7414
703597,132,81,1242,2004.0,0.0,443395.0,0.415001,0.8476809999999999,LVA,GBR,7414
703598,133,81,1242,2004.0,0.0,2566.0,-0.12333599999999999,-0.600164,MAC,GBR,7414
703599,134,81,1242,2004.0,0.0,497723.0,-0.626594,-0.22253499999999998,MAR,GBR,7414
703600,135,81,1242,2004.0,0.0,2047.0,-0.13031900000000002,-0.118591,MDA,GBR,7414
703601,136,81,1242,2004.0,0.0,39107.0,-1.1010799999999998,-0.7367859999999999,MDG,GBR,7414
703602,137,81,1242,2004.0,0.0,15920.0,-0.44303000000000003,-0.841744,MDV,GBR,7414
703603,138,81,1242,2004.0,4696446.0,83762.0,1.183707,0.9043700000000001,MEX,GBR,7414
703604,140,81,1242,2004.0,0.0,22876.0,-0.120439,0.27624899999999997,MKD,GBR,7414
703605,141,81,1242,2004.0,0.0,3015.0,-0.5807979999999999,-0.797311,MLI,GBR,7414
703606,142,81,1242,2004.0,1594.0,79219.0,1.2290379999999999,-0.025372,MLT,GBR,7414
703607,147,81,1242,2004.0,0.0,21176.0,-1.009633,-0.9863059999999999,MOZ,GBR,7414
703608,149,81,1242,2004.0,0.0,11964.0,0.854981,0.5103979999999999,MSR,GBR,7414
703609,151,81,1242,2004.0,0.0,373658.0,-0.161262,-0.29730300000000004,MUS,GBR,7414
703610,152,81,1242,2004.0,0.0,9097.0,-1.233417,-1.071204,MWI,GBR,7414
703611,153,81,1242,2004.0,53464.0,52955.0,1.250098,0.352379,MYS,GBR,7414
703612,154,81,1242,2004.0,0.0,6201.0,1.290551,0.284667,MYT,GBR,7414
703613,155,81,1242,2004.0,4759.0,2887.0,-0.408989,-0.462016,NAM,GBR,7414
703614,156,81,1242,2004.0,0.0,2903.0,-0.279566,-0.860456,NCL,GBR,7414
703615,159,81,1242,2004.0,0.0,607865.0,-2.336753,-1.350375,NGA,GBR,7414
703616,162,81,1242,2004.0,20839562.0,29760758.0,1.171327,1.6369799999999999,NLD,GBR,7414
703617,163,81,1242,2004.0,1341915.0,4718556.0,0.731175,-0.0655,NOR,GBR,7414
703618,164,81,1242,2004.0,0.0,1935.0,-0.16800199999999998,0.541976,NPL,GBR,7414
703619,166,81,1242,2004.0,755043.0,784067.0,0.44099099999999997,0.968326,NZL,GBR,7414
703620,167,81,1242,2004.0,0.0,1165546.0,-0.707862,-1.187629,OMN,GBR,7414
703621,168,81,1242,2004.0,0.0,671497.0,-0.7489600000000001,0.22493200000000002,PAK,GBR,7414
703622,169,81,1242,2004.0,0.0,3348.0,0.054997000000000004,0.440416,PAN,GBR,7414
703623,173,81,1242,2004.0,0.0,58381.0,-0.609837,0.13314,PER,GBR,7414
703624,174,81,1242,2004.0,12988.0,338633.0,0.288786,-0.25348699999999996,PHL,GBR,7414
703625,176,81,1242,2004.0,0.0,109188.0,-1.57259,-1.215066,PNG,GBR,7414
703626,177,81,1242,2004.0,1582096.0,9251824.0,0.989568,1.49055,POL,GBR,7414
703627,179,81,1242,2004.0,13530576.0,1720250.0,0.705075,1.7268729999999999,PRT,GBR,7414
703628,182,81,1242,2004.0,0.0,45582.0,-0.125349,-0.718282,PYF,GBR,7414
703629,183,81,1242,2004.0,0.0,3556206.0,0.018141,-1.03766,QAT,GBR,7414
703630,185,81,1242,2004.0,90919.0,712728.0,0.53925,1.145066,ROU,GBR,7414
703631,186,81,1242,2004.0,2955.0,6233795.0,0.422803,0.017524,RUS,GBR,7414
703632,187,81,1242,2004.0,0.0,6199.0,-1.3090190000000002,-1.063632,RWA,GBR,7414
703633,188,81,1242,2004.0,4649.0,2203757.0,0.361324,-0.760732,SAU,GBR,7414
703634,189,81,1242,2004.0,40538.0,137918.0,0.544686,2.418024,SCG,GBR,7414
703635,190,81,1242,2004.0,0.0,703620.0,-1.503552,-1.253193,SDN,GBR,7414
703636,191,81,1242,2004.0,0.0,120956.0,-0.620158,-0.296575,SEN,GBR,7414
703637,192,81,1242,2004.0,172319.0,2019411.0,1.804502,0.570084,SGP,GBR,7414
703638,194,81,1242,2004.0,0.0,8748.0,1.265068,0.28931799999999996,SHN,GBR,7414
703639,196,81,1242,2004.0,0.0,737832.0,0.43205699999999997,0.068877,SLE,GBR,7414
703640,198,81,1242,2004.0,42183.0,0.0,1.530337,0.719013,SMR,GBR,7414
703641,205,81,1242,2004.0,0.0,2840.0,-1.056251,-1.0234590000000001,SUR,GBR,7414
703642,206,81,1242,2004.0,2446604.0,212416.0,1.2683149999999999,0.9208620000000001,SVK,GBR,7414
703643,207,81,1242,2004.0,4206750.0,103009.0,1.700677,0.829765,SVN,GBR,7414
703644,208,81,1242,2004.0,17793062.0,10420252.0,2.105611,0.707843,SWE,GBR,7414
703645,211,81,1242,2004.0,0.0,10649.0,-0.585828,-0.768388,SYC,GBR,7414
703646,212,81,1242,2004.0,0.0,74784.0,-0.698545,-0.111323,SYR,GBR,7414
703647,216,81,1242,2004.0,410670.0,348018.0,0.633501,1.4648290000000002,THA,GBR,7414
703648,222,81,1242,2004.0,0.0,4624.0,-0.108049,-0.923523,TTO,GBR,7414
703649,223,81,1242,2004.0,0.0,517936.0,-0.125092,0.370625,TUN,GBR,7414
703650,224,81,1242,2004.0,6976858.0,1873673.0,0.249065,1.910598,TUR,GBR,7414
703651,226,81,1242,2004.0,0.0,163847.0,-0.935327,0.362709,TZA,GBR,7414
703652,227,81,1242,2004.0,0.0,75443.0,-1.05367,-0.546304,UGA,GBR,7414
703653,228,81,1242,2004.0,2601.0,1211110.0,0.672848,1.172735,UKR,GBR,7414
703654,230,81,1242,2004.0,0.0,5273.0,-0.051583000000000004,0.145056,URY,GBR,7414
703655,231,81,1242,2004.0,62893012.0,10167569.0,1.818327,-0.17913900000000002,USA,GBR,7414
703656,232,81,1242,2004.0,0.0,95680.0,-0.518472,-0.7689779999999999,UZB,GBR,7414
703657,234,81,1242,2004.0,0.0,400782.0,-0.706188,-0.9244120000000001,VCT,GBR,7414
703658,236,81,1242,2004.0,0.0,11521.0,-0.41193900000000006,-0.9578899999999999,VEN,GBR,7414
703659,239,81,1242,2004.0,0.0,94376.0,-0.46875500000000003,0.734412,VNM,GBR,7414
703660,243,81,1242,2004.0,0.0,37002.0,-1.298227,-1.2496639999999999,YEM,GBR,7414
703661,246,81,1242,2004.0,1361220.0,1356874.0,0.29599699999999995,1.909018,ZAF,GBR,7414
703662,247,81,1242,2004.0,0.0,14210.0,-0.8752479999999999,-0.784285,ZMB,GBR,7414
703663,248,81,1242,2004.0,0.0,38255.0,-0.44064799999999993,0.01704,ZWE,GBR,7414
703664,249,81,1242,2004.0,935261.0,235978.0,1.8844150000000002,1.257951,TWN,GBR,7414
703665,4,90,1242,2004.0,0.0,1054689.0,-0.142479,0.136074,ALB,GRC,7414
703666,7,90,1242,2004.0,0.0,6602.0,-0.10993399999999999,-0.5351640000000001,ARE,GRC,7414
703667,9,90,1242,2004.0,0.0,226861.0,0.497276,-0.226016,ARM,GRC,7414
703668,14,90,1242,2004.0,104012.0,415240.0,-0.198735,0.81543,AUS,GRC,7414
703669,15,90,1242,2004.0,1993855.0,1856860.0,1.958949,0.209296,AUT,GRC,7414
703670,18,90,1242,2004.0,16384153.0,858015.0,1.242665,1.541444,BEL,GRC,7414
703671,23,90,1242,2004.0,38701.0,1907254.0,0.390627,1.631006,BGR,GRC,7414
703672,26,90,1242,2004.0,0.0,46770.0,0.45637,0.6154470000000001,BIH,GRC,7414
703673,28,90,1242,2004.0,0.0,42133.0,0.9384239999999999,0.9708690000000001,BLR,GRC,7414
703674,39,90,1242,2004.0,64547.0,0.0,0.781591,1.365966,CAN,GRC,7414
703675,41,90,1242,2004.0,76376.0,48057.0,2.234603,0.551975,CHE,GRC,7414
703676,43,90,1242,2004.0,7518042.0,1510.0,0.710603,2.017234,CHN,GRC,7414
703677,58,90,1242,2004.0,73201.0,1676500.0,0.42732200000000004,0.811763,CYP,GRC,7414
703678,59,90,1242,2004.0,24828.0,39754.0,1.612543,0.607495,CZE,GRC,7414
703679,61,90,1242,2004.0,7557219.0,1707745.0,2.4453099999999997,-2.331761,DEU,GRC,7414
703680,64,90,1242,2004.0,1138162.0,179103.0,1.309074,1.2627979999999999,DNK,GRC,7414
703681,66,90,1242,2004.0,0.0,4119.0,-1.166661,-1.2240879999999998,DZA,GRC,7414
703682,68,90,1242,2004.0,0.0,369288.0,-0.35823499999999997,0.5000100000000001,EGY,GRC,7414
703683,71,90,1242,2004.0,7903826.0,592986.0,1.04057,1.789023,ESP,GRC,7414
703684,72,90,1242,2004.0,0.0,28305.0,0.645741,1.035117,EST,GRC,7414
703685,74,90,1242,2004.0,26080.0,1913.0,1.9662810000000002,1.018108,FIN,GRC,7414
703686,77,90,1242,2004.0,24903518.0,1656829.0,1.57079,0.6776760000000001,FRA,GRC,7414
703687,80,90,1242,2004.0,0.0,20141.0,-1.006071,-1.212338,GAB,GRC,7414
703688,81,90,1242,2004.0,2879682.0,2922751.0,1.872987,0.734065,GBR,GRC,7414
703689,82,90,1242,2004.0,0.0,82472.0,-0.030676,-0.560186,GEO,GRC,7414
703690,97,90,1242,2004.0,44178.0,0.0,0.72816,1.403171,HKG,GRC,7414
703691,100,90,1242,2004.0,48338.0,296937.0,0.744459,1.1994479999999998,HRV,GRC,7414
703692,102,90,1242,2004.0,1411174.0,346618.0,1.3579370000000002,0.9993219999999999,HUN,GRC,7414
703693,103,90,1242,2004.0,1238294.0,366946.0,0.010095999999999999,1.7413779999999999,IDN,GRC,7414
703694,104,90,1242,2004.0,69903.0,16277.0,0.20872,2.817307,IND,GRC,7414
703695,106,90,1242,2004.0,3281188.0,1604613.0,1.498475,0.19050799999999998,IRL,GRC,7414
703696,107,90,1242,2004.0,0.0,60886.0,-0.6691699999999999,-1.002548,IRN,GRC,7414
703697,109,90,1242,2004.0,0.0,13791.0,0.107901,-0.41223699999999996,ISL,GRC,7414
703698,110,90,1242,2004.0,42655.0,500563.0,1.252895,0.8662770000000001,ISR,GRC,7414
703699,111,90,1242,2004.0,55505616.0,2462153.0,1.440372,0.676068,ITA,GRC,7414
703700,113,90,1242,2004.0,0.0,64597.0,0.16384200000000002,0.34270100000000003,JOR,GRC,7414
703701,114,90,1242,2004.0,5960428.0,17152.0,2.756136,0.15545,JPN,GRC,7414
703702,116,90,1242,2004.0,0.0,29439.0,-0.565597,0.182375,KEN,GRC,7414
703703,121,90,1242,2004.0,190967.0,4863.0,1.481275,0.7859,KOR,GRC,7414
703704,122,90,1242,2004.0,0.0,84349.0,-0.8195479999999999,-1.2105709999999998,KWT,GRC,7414
703705,124,90,1242,2004.0,0.0,55061.0,0.269753,1.3152979999999999,LBN,GRC,7414
703706,126,90,1242,2004.0,0.0,74394.0,-0.895142,-1.211141,LBY,GRC,7414
703707,130,90,1242,2004.0,0.0,16334.0,0.341521,0.7971560000000001,LTU,GRC,7414
703708,131,90,1242,2004.0,178028.0,129421.0,1.258828,1.079923,LUX,GRC,7414
703709,132,90,1242,2004.0,0.0,58930.0,0.415001,0.8476809999999999,LVA,GRC,7414
703710,134,90,1242,2004.0,0.0,1605870.0,-0.626594,-0.22253499999999998,MAR,GRC,7414
703711,136,90,1242,2004.0,3392.0,0.0,-1.1010799999999998,-0.7367859999999999,MDG,GRC,7414
703712,137,90,1242,2004.0,0.0,1187.0,-0.44303000000000003,-0.841744,MDV,GRC,7414
703713,138,90,1242,2004.0,2286.0,0.0,1.183707,0.9043700000000001,MEX,GRC,7414
703714,139,90,1242,2004.0,0.0,4584.0,-0.712684,-0.88944,MHL,GRC,7414
703715,140,90,1242,2004.0,0.0,280721.0,-0.120439,0.27624899999999997,MKD,GRC,7414
703716,141,90,1242,2004.0,0.0,31412.0,-0.5807979999999999,-0.797311,MLI,GRC,7414
703717,142,90,1242,2004.0,0.0,62910.0,1.2290379999999999,-0.025372,MLT,GRC,7414
703718,151,90,1242,2004.0,0.0,8095.0,-0.161262,-0.29730300000000004,MUS,GRC,7414
703719,157,90,1242,2004.0,0.0,1723.0,-1.102485,-0.850282,NER,GRC,7414
703720,159,90,1242,2004.0,0.0,115084.0,-2.336753,-1.350375,NGA,GRC,7414
703721,162,90,1242,2004.0,2091791.0,669504.0,1.171327,1.6369799999999999,NLD,GRC,7414
703722,163,90,1242,2004.0,219576.0,89397.0,0.731175,-0.0655,NOR,GRC,7414
703723,166,90,1242,2004.0,25133.0,67249.0,0.44099099999999997,0.968326,NZL,GRC,7414
703724,168,90,1242,2004.0,0.0,197282.0,-0.7489600000000001,0.22493200000000002,PAK,GRC,7414
703725,177,90,1242,2004.0,20969.0,388065.0,0.989568,1.49055,POL,GRC,7414
703726,179,90,1242,2004.0,261417.0,34701.0,0.705075,1.7268729999999999,PRT,GRC,7414
703727,185,90,1242,2004.0,382896.0,3303937.0,0.53925,1.145066,ROU,GRC,7414
703728,186,90,1242,2004.0,1880.0,1680525.0,0.422803,0.017524,RUS,GRC,7414
703729,187,90,1242,2004.0,0.0,2945.0,-1.3090190000000002,-1.063632,RWA,GRC,7414
703730,188,90,1242,2004.0,0.0,2289.0,0.361324,-0.760732,SAU,GRC,7414
703731,189,90,1242,2004.0,6396.0,776335.0,0.544686,2.418024,SCG,GRC,7414
703732,190,90,1242,2004.0,0.0,4304.0,-1.503552,-1.253193,SDN,GRC,7414
703733,191,90,1242,2004.0,0.0,242534.0,-0.620158,-0.296575,SEN,GRC,7414
703734,192,90,1242,2004.0,27130.0,14724.0,1.804502,0.570084,SGP,GRC,7414
703735,206,90,1242,2004.0,0.0,8185.0,1.2683149999999999,0.9208620000000001,SVK,GRC,7414
703736,207,90,1242,2004.0,70103.0,260968.0,1.700677,0.829765,SVN,GRC,7414
703737,208,90,1242,2004.0,1382626.0,206791.0,2.105611,0.707843,SWE,GRC,7414
703738,216,90,1242,2004.0,16128.0,0.0,0.633501,1.4648290000000002,THA,GRC,7414
703739,223,90,1242,2004.0,0.0,13597.0,-0.125092,0.370625,TUN,GRC,7414
703740,224,90,1242,2004.0,12945113.0,974233.0,0.249065,1.910598,TUR,GRC,7414
703741,226,90,1242,2004.0,0.0,158815.0,-0.935327,0.362709,TZA,GRC,7414
703742,227,90,1242,2004.0,0.0,37973.0,-1.05367,-0.546304,UGA,GRC,7414
703743,228,90,1242,2004.0,8349.0,4006282.0,0.672848,1.172735,UKR,GRC,7414
703744,231,90,1242,2004.0,1399644.0,141431.0,1.818327,-0.17913900000000002,USA,GRC,7414
703745,246,90,1242,2004.0,6116.0,29238.0,0.29599699999999995,1.909018,ZAF,GRC,7414
703746,249,90,1242,2004.0,168691.0,19386.0,1.8844150000000002,1.257951,TWN,GRC,7414
703747,250,90,1242,2004.0,0.0,58746.0,0.46240200000000004,-0.406624,ANS,GRC,7414
703748,32,91,1242,2004.0,1007.0,0.0,0.504233,1.567879,BRA,GRD,7414
703749,43,91,1242,2004.0,11787.0,0.0,0.710603,2.017234,CHN,GRD,7414
703750,77,91,1242,2004.0,67504.0,0.0,1.57079,0.6776760000000001,FRA,GRD,7414
703751,81,91,1242,2004.0,9389.0,0.0,1.872987,0.734065,GBR,GRD,7414
703752,111,91,1242,2004.0,2272.0,0.0,1.440372,0.676068,ITA,GRD,7414
703753,114,91,1242,2004.0,7179.0,0.0,2.756136,0.15545,JPN,GRD,7414
703754,127,91,1242,2004.0,0.0,4587.0,0.31900300000000004,-0.346391,LCA,GRD,7414
703755,153,91,1242,2004.0,23519.0,0.0,1.250098,0.352379,MYS,GRD,7414
703756,222,91,1242,2004.0,43498.0,0.0,-0.108049,-0.923523,TTO,GRD,7414
703757,231,91,1242,2004.0,86328.0,0.0,1.818327,-0.17913900000000002,USA,GRD,7414
703758,7,93,1242,2004.0,15275.0,0.0,-0.10993399999999999,-0.5351640000000001,ARE,GTM,7414
703759,8,93,1242,2004.0,285159.0,0.0,-0.070845,0.879574,ARG,GTM,7414
703760,18,93,1242,2004.0,2309.0,1568.0,1.242665,1.541444,BEL,GTM,7414
703761,29,93,1242,2004.0,0.0,27016.0,-0.528459,-0.739219,BLZ,GTM,7414
703762,31,93,1242,2004.0,7544.0,0.0,-0.841087,-0.770059,BOL,GTM,7414
703763,32,93,1242,2004.0,2439234.0,0.0,0.504233,1.567879,BRA,GTM,7414
703764,39,93,1242,2004.0,0.0,57950.0,0.781591,1.365966,CAN,GTM,7414
703765,43,93,1242,2004.0,401374.0,0.0,0.710603,2.017234,CHN,GTM,7414
703766,49,93,1242,2004.0,109496.0,3053.0,0.044706,0.514304,COL,GTM,7414
703767,52,93,1242,2004.0,33496.0,1779511.0,-0.036323,-0.313847,CRI,GTM,7414
703768,61,93,1242,2004.0,79759.0,0.0,2.4453099999999997,-2.331761,DEU,GTM,7414
703769,64,93,1242,2004.0,30606.0,0.0,1.309074,1.2627979999999999,DNK,GTM,7414
703770,65,93,1242,2004.0,20725.0,60001.0,-0.24909699999999999,-0.326783,DOM,GTM,7414
703771,67,93,1242,2004.0,0.0,19350.0,-0.990727,-0.9383090000000001,ECU,GTM,7414
703772,71,93,1242,2004.0,11887.0,1424.0,1.04057,1.789023,ESP,GTM,7414
703773,77,93,1242,2004.0,114098.0,0.0,1.57079,0.6776760000000001,FRA,GTM,7414
703774,96,93,1242,2004.0,0.0,9400.0,-0.932802,-0.9846530000000001,GUY,GTM,7414
703775,97,93,1242,2004.0,2576.0,0.0,0.72816,1.403171,HKG,GTM,7414
703776,99,93,1242,2004.0,32492.0,381060.0,-0.6372140000000001,-0.453946,HND,GTM,7414
703777,101,93,1242,2004.0,0.0,1628.0,-0.919434,-0.9868950000000001,HTI,GTM,7414
703778,102,93,1242,2004.0,1324.0,0.0,1.3579370000000002,0.9993219999999999,HUN,GTM,7414
703779,111,93,1242,2004.0,291347.0,0.0,1.440372,0.676068,ITA,GTM,7414
703780,112,93,1242,2004.0,0.0,96126.0,-0.505365,-0.9596120000000001,JAM,GTM,7414
703781,114,93,1242,2004.0,9104.0,0.0,2.756136,0.15545,JPN,GTM,7414
703782,121,93,1242,2004.0,22325.0,0.0,1.481275,0.7859,KOR,GTM,7414
703783,138,93,1242,2004.0,1764945.0,154223.0,1.183707,0.9043700000000001,MEX,GTM,7414
703784,153,93,1242,2004.0,13169.0,0.0,1.250098,0.352379,MYS,GTM,7414
703785,160,93,1242,2004.0,12808.0,789263.0,-1.003846,-0.697642,NIC,GTM,7414
703786,169,93,1242,2004.0,29322.0,286396.0,0.054997000000000004,0.440416,PAN,GTM,7414
703787,173,93,1242,2004.0,0.0,16936.0,-0.609837,0.13314,PER,GTM,7414
703788,179,93,1242,2004.0,9834.0,0.0,0.705075,1.7268729999999999,PRT,GTM,7414
703789,192,93,1242,2004.0,0.0,2201.0,1.804502,0.570084,SGP,GTM,7414
703790,197,93,1242,2004.0,101680.0,3297816.0,-0.21054299999999998,0.086382,SLV,GTM,7414
703791,231,93,1242,2004.0,8279853.0,1967252.0,1.818327,-0.17913900000000002,USA,GTM,7414
703792,236,93,1242,2004.0,0.0,4608.0,-0.41193900000000006,-0.9578899999999999,VEN,GTM,7414
703793,249,93,1242,2004.0,25309.0,0.0,1.8844150000000002,1.257951,TWN,GTM,7414
703794,250,93,1242,2004.0,175447.0,0.0,0.46240200000000004,-0.406624,ANS,GTM,7414
703795,39,96,1242,2004.0,1747.0,0.0,0.781591,1.365966,CAN,GUY,7414
703796,63,96,1242,2004.0,56154.0,0.0,0.478601,0.368796,DMA,GUY,7414
703797,64,96,1242,2004.0,22067.0,0.0,1.309074,1.2627979999999999,DNK,GUY,7414
703798,65,96,1242,2004.0,54752.0,0.0,-0.24909699999999999,-0.326783,DOM,GUY,7414
703799,81,96,1242,2004.0,7437.0,0.0,1.872987,0.734065,GBR,GUY,7414
703800,93,96,1242,2004.0,9400.0,0.0,-0.39399,0.139128,GTM,GUY,7414
703801,104,96,1242,2004.0,1230.0,0.0,0.20872,2.817307,IND,GUY,7414
703802,111,96,1242,2004.0,20987.0,0.0,1.440372,0.676068,ITA,GUY,7414
703803,114,96,1242,2004.0,23780.0,0.0,2.756136,0.15545,JPN,GUY,7414
703804,121,96,1242,2004.0,26184.0,0.0,1.481275,0.7859,KOR,GUY,7414
703805,138,96,1242,2004.0,1149.0,0.0,1.183707,0.9043700000000001,MEX,GUY,7414
703806,222,96,1242,2004.0,38215.0,0.0,-0.108049,-0.923523,TTO,GUY,7414
703807,231,96,1242,2004.0,109239.0,3437.0,1.818327,-0.17913900000000002,USA,GUY,7414
703808,250,96,1242,2004.0,12032.0,0.0,0.46240200000000004,-0.406624,ANS,GUY,7414
703809,7,97,1242,2004.0,0.0,323225.0,-0.10993399999999999,-0.5351640000000001,ARE,HKG,7414
703810,8,97,1242,2004.0,0.0,1898.0,-0.070845,0.879574,ARG,HKG,7414
703811,14,97,1242,2004.0,138224.0,3610805.0,-0.198735,0.81543,AUS,HKG,7414
703812,15,97,1242,2004.0,130607.0,21102.0,1.958949,0.209296,AUT,HKG,7414
703813,18,97,1242,2004.0,168140.0,90781.0,1.242665,1.541444,BEL,HKG,7414
703814,22,97,1242,2004.0,0.0,2746.0,-1.074194,-0.9392389999999999,BGD,HKG,7414
703815,23,97,1242,2004.0,0.0,1061.0,0.390627,1.631006,BGR,HKG,7414
703816,32,97,1242,2004.0,21784.0,617384.0,0.504233,1.567879,BRA,HKG,7414
703817,39,97,1242,2004.0,398504.0,245822.0,0.781591,1.365966,CAN,HKG,7414
703818,41,97,1242,2004.0,84852.0,99826.0,2.234603,0.551975,CHE,HKG,7414
703819,42,97,1242,2004.0,0.0,31121.0,-0.24101399999999998,-0.303103,CHL,HKG,7414
703820,43,97,1242,2004.0,54909844.0,5013546.0,0.710603,2.017234,CHN,HKG,7414
703821,45,97,1242,2004.0,0.0,1824.0,-1.380149,-1.220501,CMR,HKG,7414
703822,46,97,1242,2004.0,0.0,6263.0,-1.426621,-1.198377,COD,HKG,7414
703823,52,97,1242,2004.0,0.0,1524.0,-0.036323,-0.313847,CRI,HKG,7414
703824,58,97,1242,2004.0,0.0,63906.0,0.42732200000000004,0.811763,CYP,HKG,7414
703825,59,97,1242,2004.0,27664.0,69170.0,1.612543,0.607495,CZE,HKG,7414
703826,61,97,1242,2004.0,2922118.0,2145433.0,2.4453099999999997,-2.331761,DEU,HKG,7414
703827,64,97,1242,2004.0,722944.0,193716.0,1.309074,1.2627979999999999,DNK,HKG,7414
703828,68,97,1242,2004.0,0.0,78242.0,-0.35823499999999997,0.5000100000000001,EGY,HKG,7414
703829,71,97,1242,2004.0,91200.0,80811.0,1.04057,1.789023,ESP,HKG,7414
703830,74,97,1242,2004.0,9818.0,43033.0,1.9662810000000002,1.018108,FIN,HKG,7414
703831,75,97,1242,2004.0,0.0,2897.0,-0.793333,-0.27460100000000004,FJI,HKG,7414
703832,77,97,1242,2004.0,11508712.0,1876089.0,1.57079,0.6776760000000001,FRA,HKG,7414
703833,79,97,1242,2004.0,0.0,2690.0,-1.155942,-1.049955,FSM,HKG,7414
703834,81,97,1242,2004.0,3438938.0,1506286.0,1.872987,0.734065,GBR,HKG,7414
703835,83,97,1242,2004.0,0.0,1023.0,-1.015073,-0.9147069999999999,GHA,HKG,7414
703836,90,97,1242,2004.0,0.0,44178.0,0.298029,1.745886,GRC,HKG,7414
703837,93,97,1242,2004.0,0.0,2576.0,-0.39399,0.139128,GTM,HKG,7414
703838,95,97,1242,2004.0,0.0,8282.0,0.136164,-0.616118,GUM,HKG,7414
703839,99,97,1242,2004.0,0.0,9239.0,-0.6372140000000001,-0.453946,HND,HKG,7414
703840,102,97,1242,2004.0,0.0,45199.0,1.3579370000000002,0.9993219999999999,HUN,HKG,7414
703841,103,97,1242,2004.0,224453.0,2955894.0,0.010095999999999999,1.7413779999999999,IDN,HKG,7414
703842,104,97,1242,2004.0,85328.0,285495.0,0.20872,2.817307,IND,HKG,7414
703843,106,97,1242,2004.0,349463.0,38539.0,1.498475,0.19050799999999998,IRL,HKG,7414
703844,107,97,1242,2004.0,0.0,24337.0,-0.6691699999999999,-1.002548,IRN,HKG,7414
703845,110,97,1242,2004.0,0.0,223877.0,1.252895,0.8662770000000001,ISR,HKG,7414
703846,111,97,1242,2004.0,5745656.0,639338.0,1.440372,0.676068,ITA,HKG,7414
703847,112,97,1242,2004.0,0.0,12333.0,-0.505365,-0.9596120000000001,JAM,HKG,7414
703848,113,97,1242,2004.0,0.0,5821.0,0.16384200000000002,0.34270100000000003,JOR,HKG,7414
703849,114,97,1242,2004.0,14432957.0,1265071.0,2.756136,0.15545,JPN,HKG,7414
703850,116,97,1242,2004.0,0.0,1465.0,-0.565597,0.182375,KEN,HKG,7414
703851,118,97,1242,2004.0,0.0,23913.0,-1.145227,-1.19179,KHM,HKG,7414
703852,121,97,1242,2004.0,527355.0,230071.0,1.481275,0.7859,KOR,HKG,7414
703853,124,97,1242,2004.0,0.0,6853.0,0.269753,1.3152979999999999,LBN,HKG,7414
703854,128,97,1242,2004.0,0.0,1887876.0,-0.42450299999999996,0.173518,LKA,HKG,7414
703855,131,97,1242,2004.0,30082.0,0.0,1.258828,1.079923,LUX,HKG,7414
703856,133,97,1242,2004.0,8603.0,1136552.0,-0.12333599999999999,-0.600164,MAC,HKG,7414
703857,134,97,1242,2004.0,0.0,7491.0,-0.626594,-0.22253499999999998,MAR,HKG,7414
703858,138,97,1242,2004.0,2836.0,946560.0,1.183707,0.9043700000000001,MEX,HKG,7414
703859,142,97,1242,2004.0,0.0,3924.0,1.2290379999999999,-0.025372,MLT,HKG,7414
703860,145,97,1242,2004.0,0.0,3955.0,-0.920198,-1.1059219999999998,MNG,HKG,7414
703861,146,97,1242,2004.0,0.0,2340.0,-0.22844699999999998,-0.684888,MNP,HKG,7414
703862,151,97,1242,2004.0,0.0,1742.0,-0.161262,-0.29730300000000004,MUS,HKG,7414
703863,153,97,1242,2004.0,859972.0,405630.0,1.250098,0.352379,MYS,HKG,7414
703864,155,97,1242,2004.0,0.0,6278.0,-0.408989,-0.462016,NAM,HKG,7414
703865,156,97,1242,2004.0,0.0,2897.0,-0.279566,-0.860456,NCL,HKG,7414
703866,159,97,1242,2004.0,0.0,3210.0,-2.336753,-1.350375,NGA,HKG,7414
703867,162,97,1242,2004.0,907570.0,1392792.0,1.171327,1.6369799999999999,NLD,HKG,7414
703868,163,97,1242,2004.0,0.0,101501.0,0.731175,-0.0655,NOR,HKG,7414
703869,164,97,1242,2004.0,0.0,1454.0,-0.16800199999999998,0.541976,NPL,HKG,7414
703870,166,97,1242,2004.0,158574.0,361046.0,0.44099099999999997,0.968326,NZL,HKG,7414
703871,168,97,1242,2004.0,0.0,46460.0,-0.7489600000000001,0.22493200000000002,PAK,HKG,7414
703872,169,97,1242,2004.0,0.0,6139.0,0.054997000000000004,0.440416,PAN,HKG,7414
703873,173,97,1242,2004.0,0.0,33652.0,-0.609837,0.13314,PER,HKG,7414
703874,174,97,1242,2004.0,0.0,1033596.0,0.288786,-0.25348699999999996,PHL,HKG,7414
703875,176,97,1242,2004.0,0.0,9229.0,-1.57259,-1.215066,PNG,HKG,7414
703876,177,97,1242,2004.0,130895.0,14158.0,0.989568,1.49055,POL,HKG,7414
703877,179,97,1242,2004.0,21424.0,35153.0,0.705075,1.7268729999999999,PRT,HKG,7414
703878,180,97,1242,2004.0,0.0,2915.0,-0.634469,-0.870034,PRY,HKG,7414
703879,183,97,1242,2004.0,0.0,1002.0,0.018141,-1.03766,QAT,HKG,7414
703880,186,97,1242,2004.0,1549.0,11467.0,0.422803,0.017524,RUS,HKG,7414
703881,188,97,1242,2004.0,0.0,101568.0,0.361324,-0.760732,SAU,HKG,7414
703882,190,97,1242,2004.0,0.0,1950.0,-1.503552,-1.253193,SDN,HKG,7414
703883,192,97,1242,2004.0,2944996.0,986727.0,1.804502,0.570084,SGP,HKG,7414
703884,195,97,1242,2004.0,0.0,2348.0,-1.337367,-1.051245,SLB,HKG,7414
703885,197,97,1242,2004.0,0.0,4711.0,-0.21054299999999998,0.086382,SLV,HKG,7414
703886,206,97,1242,2004.0,2451.0,2075.0,1.2683149999999999,0.9208620000000001,SVK,HKG,7414
703887,208,97,1242,2004.0,867014.0,2221201.0,2.105611,0.707843,SWE,HKG,7414
703888,216,97,1242,2004.0,1883549.0,276453.0,0.633501,1.4648290000000002,THA,HKG,7414
703889,220,97,1242,2004.0,0.0,8584.0,0.437675,-0.21816300000000002,TLS,HKG,7414
703890,223,97,1242,2004.0,0.0,4285.0,-0.125092,0.370625,TUN,HKG,7414
703891,224,97,1242,2004.0,49944.0,29750.0,0.249065,1.910598,TUR,HKG,7414
703892,226,97,1242,2004.0,0.0,7087.0,-0.935327,0.362709,TZA,HKG,7414
703893,230,97,1242,2004.0,0.0,2372.0,-0.051583000000000004,0.145056,URY,HKG,7414
703894,231,97,1242,2004.0,17613904.0,1873565.0,1.818327,-0.17913900000000002,USA,HKG,7414
703895,236,97,1242,2004.0,0.0,11172.0,-0.41193900000000006,-0.9578899999999999,VEN,HKG,7414
703896,239,97,1242,2004.0,0.0,1442302.0,-0.46875500000000003,0.734412,VNM,HKG,7414
703897,242,97,1242,2004.0,0.0,1623.0,-0.183327,-0.6788569999999999,WSM,HKG,7414
703898,246,97,1242,2004.0,102040.0,610893.0,0.29599699999999995,1.909018,ZAF,HKG,7414
703899,249,97,1242,2004.0,4045203.0,460294.0,1.8844150000000002,1.257951,TWN,HKG,7414
703900,8,99,1242,2004.0,217784.0,0.0,-0.070845,0.879574,ARG,HND,7414
703901,15,99,1242,2004.0,5079.0,0.0,1.958949,0.209296,AUT,HND,7414
703902,18,99,1242,2004.0,31919.0,0.0,1.242665,1.541444,BEL,HND,7414
703903,32,99,1242,2004.0,297500.0,0.0,0.504233,1.567879,BRA,HND,7414
703904,42,99,1242,2004.0,9813.0,0.0,-0.24101399999999998,-0.303103,CHL,HND,7414
703905,43,99,1242,2004.0,163755.0,0.0,0.710603,2.017234,CHN,HND,7414
703906,49,99,1242,2004.0,83604.0,0.0,0.044706,0.514304,COL,HND,7414
703907,52,99,1242,2004.0,83263.0,6056.0,-0.036323,-0.313847,CRI,HND,7414
703908,59,99,1242,2004.0,7959.0,0.0,1.612543,0.607495,CZE,HND,7414
703909,61,99,1242,2004.0,30803.0,0.0,2.4453099999999997,-2.331761,DEU,HND,7414
703910,64,99,1242,2004.0,6879.0,0.0,1.309074,1.2627979999999999,DNK,HND,7414
703911,71,99,1242,2004.0,16461.0,0.0,1.04057,1.789023,ESP,HND,7414
703912,74,99,1242,2004.0,1895590.0,0.0,1.9662810000000002,1.018108,FIN,HND,7414
703913,77,99,1242,2004.0,6170.0,0.0,1.57079,0.6776760000000001,FRA,HND,7414
703914,81,99,1242,2004.0,64348.0,0.0,1.872987,0.734065,GBR,HND,7414
703915,93,99,1242,2004.0,381060.0,32492.0,-0.39399,0.139128,GTM,HND,7414
703916,97,99,1242,2004.0,9239.0,0.0,0.72816,1.403171,HKG,HND,7414
703917,110,99,1242,2004.0,90847.0,0.0,1.252895,0.8662770000000001,ISR,HND,7414
703918,111,99,1242,2004.0,141152.0,0.0,1.440372,0.676068,ITA,HND,7414
703919,112,99,1242,2004.0,55832.0,0.0,-0.505365,-0.9596120000000001,JAM,HND,7414
703920,114,99,1242,2004.0,4272.0,0.0,2.756136,0.15545,JPN,HND,7414
703921,138,99,1242,2004.0,441810.0,0.0,1.183707,0.9043700000000001,MEX,HND,7414
703922,141,99,1242,2004.0,8106.0,0.0,-0.5807979999999999,-0.797311,MLI,HND,7414
703923,160,99,1242,2004.0,7176.0,2271.0,-1.003846,-0.697642,NIC,HND,7414
703924,162,99,1242,2004.0,13673.0,0.0,1.171327,1.6369799999999999,NLD,HND,7414
703925,169,99,1242,2004.0,10347.0,0.0,0.054997000000000004,0.440416,PAN,HND,7414
703926,173,99,1242,2004.0,12687.0,0.0,-0.609837,0.13314,PER,HND,7414
703927,179,99,1242,2004.0,14171.0,0.0,0.705075,1.7268729999999999,PRT,HND,7414
703928,197,99,1242,2004.0,38901.0,3248.0,-0.21054299999999998,0.086382,SLV,HND,7414
703929,227,99,1242,2004.0,5338.0,0.0,-1.05367,-0.546304,UGA,HND,7414
703930,231,99,1242,2004.0,2163464.0,22016.0,1.818327,-0.17913900000000002,USA,HND,7414
703931,236,99,1242,2004.0,1780.0,0.0,-0.41193900000000006,-0.9578899999999999,VEN,HND,7414
703932,249,99,1242,2004.0,127182.0,0.0,1.8844150000000002,1.257951,TWN,HND,7414
703933,7,103,1242,2004.0,0.0,8781.0,-0.10993399999999999,-0.5351640000000001,ARE,IDN,7414
703934,8,103,1242,2004.0,8690.0,0.0,-0.070845,0.879574,ARG,IDN,7414
703935,14,103,1242,2004.0,674701.0,1074634.0,-0.198735,0.81543,AUS,IDN,7414
703936,15,103,1242,2004.0,80296.0,0.0,1.958949,0.209296,AUT,IDN,7414
703937,18,103,1242,2004.0,470633.0,65857.0,1.242665,1.541444,BEL,IDN,7414
703938,19,103,1242,2004.0,0.0,97530.0,-1.422449,-1.09615,BEN,IDN,7414
703939,21,103,1242,2004.0,0.0,21865.0,-1.118427,-1.091315,BFA,IDN,7414
703940,22,103,1242,2004.0,0.0,134936.0,-1.074194,-0.9392389999999999,BGD,IDN,7414
703941,39,103,1242,2004.0,680818.0,87759.0,0.781591,1.365966,CAN,IDN,7414
703942,41,103,1242,2004.0,6195.0,0.0,2.234603,0.551975,CHE,IDN,7414
703943,43,103,1242,2004.0,20249562.0,778901.0,0.710603,2.017234,CHN,IDN,7414
703944,44,103,1242,2004.0,0.0,97247.0,-0.835933,-0.749289,CIV,IDN,7414
703945,45,103,1242,2004.0,0.0,58235.0,-1.380149,-1.220501,CMR,IDN,7414
703946,49,103,1242,2004.0,0.0,1684.0,0.044706,0.514304,COL,IDN,7414
703947,59,103,1242,2004.0,49003.0,0.0,1.612543,0.607495,CZE,IDN,7414
703948,61,103,1242,2004.0,3248860.0,294311.0,2.4453099999999997,-2.331761,DEU,IDN,7414
703949,64,103,1242,2004.0,1162435.0,0.0,1.309074,1.2627979999999999,DNK,IDN,7414
703950,71,103,1242,2004.0,301654.0,1425.0,1.04057,1.789023,ESP,IDN,7414
703951,72,103,1242,2004.0,0.0,13564.0,0.645741,1.035117,EST,IDN,7414
703952,74,103,1242,2004.0,79363.0,0.0,1.9662810000000002,1.018108,FIN,IDN,7414
703953,75,103,1242,2004.0,0.0,10725.0,-0.793333,-0.27460100000000004,FJI,IDN,7414
703954,77,103,1242,2004.0,1515335.0,116967.0,1.57079,0.6776760000000001,FRA,IDN,7414
703955,80,103,1242,2004.0,0.0,13879.0,-1.006071,-1.212338,GAB,IDN,7414
703956,81,103,1242,2004.0,484409.0,11703.0,1.872987,0.734065,GBR,IDN,7414
703957,83,103,1242,2004.0,0.0,11884.0,-1.015073,-0.9147069999999999,GHA,IDN,7414
703958,87,103,1242,2004.0,0.0,1235.0,-0.22746999999999998,-0.14824600000000002,GMB,IDN,7414
703959,90,103,1242,2004.0,366946.0,1238294.0,0.298029,1.745886,GRC,IDN,7414
703960,97,103,1242,2004.0,2955894.0,224453.0,0.72816,1.403171,HKG,IDN,7414
703961,100,103,1242,2004.0,0.0,44713.0,0.744459,1.1994479999999998,HRV,IDN,7414
703962,102,103,1242,2004.0,44466.0,528433.0,1.3579370000000002,0.9993219999999999,HUN,IDN,7414
703963,104,103,1242,2004.0,185192.0,178630.0,0.20872,2.817307,IND,IDN,7414
703964,106,103,1242,2004.0,0.0,369086.0,1.498475,0.19050799999999998,IRL,IDN,7414
703965,111,103,1242,2004.0,1219090.0,0.0,1.440372,0.676068,ITA,IDN,7414
703966,114,103,1242,2004.0,9322516.0,742659.0,2.756136,0.15545,JPN,IDN,7414
703967,116,103,1242,2004.0,0.0,176327.0,-0.565597,0.182375,KEN,IDN,7414
703968,118,103,1242,2004.0,0.0,49980.0,-1.145227,-1.19179,KHM,IDN,7414
703969,119,103,1242,2004.0,0.0,11833.0,-0.21806399999999998,-0.797764,KIR,IDN,7414
703970,121,103,1242,2004.0,7119084.0,125697.0,1.481275,0.7859,KOR,IDN,7414
703971,122,103,1242,2004.0,0.0,4141.0,-0.8195479999999999,-1.2105709999999998,KWT,IDN,7414
703972,123,103,1242,2004.0,0.0,6715.0,-0.9964770000000001,-0.9475,LAO,IDN,7414
703973,126,103,1242,2004.0,0.0,332533.0,-0.895142,-1.211141,LBY,IDN,7414
703974,128,103,1242,2004.0,5474.0,0.0,-0.42450299999999996,0.173518,LKA,IDN,7414
703975,130,103,1242,2004.0,0.0,22505.0,0.341521,0.7971560000000001,LTU,IDN,7414
703976,131,103,1242,2004.0,9140.0,0.0,1.258828,1.079923,LUX,IDN,7414
703977,132,103,1242,2004.0,0.0,24636.0,0.415001,0.8476809999999999,LVA,IDN,7414
703978,134,103,1242,2004.0,0.0,159157.0,-0.626594,-0.22253499999999998,MAR,IDN,7414
703979,137,103,1242,2004.0,0.0,5260.0,-0.44303000000000003,-0.841744,MDV,IDN,7414
703980,138,103,1242,2004.0,0.0,5869800.0,1.183707,0.9043700000000001,MEX,IDN,7414
703981,141,103,1242,2004.0,0.0,13060.0,-0.5807979999999999,-0.797311,MLI,IDN,7414
703982,142,103,1242,2004.0,4942.0,0.0,1.2290379999999999,-0.025372,MLT,IDN,7414
703983,151,103,1242,2004.0,0.0,10199.0,-0.161262,-0.29730300000000004,MUS,IDN,7414
703984,153,103,1242,2004.0,3754279.0,2200936.0,1.250098,0.352379,MYS,IDN,7414
703985,156,103,1242,2004.0,0.0,17264.0,-0.279566,-0.860456,NCL,IDN,7414
703986,157,103,1242,2004.0,0.0,4622.0,-1.102485,-0.850282,NER,IDN,7414
703987,159,103,1242,2004.0,0.0,36096.0,-2.336753,-1.350375,NGA,IDN,7414
703988,162,103,1242,2004.0,649352.0,54641.0,1.171327,1.6369799999999999,NLD,IDN,7414
703989,163,103,1242,2004.0,28135.0,0.0,0.731175,-0.0655,NOR,IDN,7414
703990,166,103,1242,2004.0,168545.0,129556.0,0.44099099999999997,0.968326,NZL,IDN,7414
703991,168,103,1242,2004.0,0.0,4717.0,-0.7489600000000001,0.22493200000000002,PAK,IDN,7414
703992,174,103,1242,2004.0,263211.0,446983.0,0.288786,-0.25348699999999996,PHL,IDN,7414
703993,176,103,1242,2004.0,0.0,1725.0,-1.57259,-1.215066,PNG,IDN,7414
703994,177,103,1242,2004.0,0.0,20928.0,0.989568,1.49055,POL,IDN,7414
703995,179,103,1242,2004.0,14757.0,0.0,0.705075,1.7268729999999999,PRT,IDN,7414
703996,185,103,1242,2004.0,28390.0,0.0,0.53925,1.145066,ROU,IDN,7414
703997,188,103,1242,2004.0,0.0,158750.0,0.361324,-0.760732,SAU,IDN,7414
703998,190,103,1242,2004.0,0.0,956114.0,-1.503552,-1.253193,SDN,IDN,7414
703999,191,103,1242,2004.0,0.0,3401.0,-0.620158,-0.296575,SEN,IDN,7414
704000,192,103,1242,2004.0,9118199.0,17976668.0,1.804502,0.570084,SGP,IDN,7414
704001,196,103,1242,2004.0,0.0,25090.0,0.43205699999999997,0.068877,SLE,IDN,7414
704002,208,103,1242,2004.0,315917.0,46779.0,2.105611,0.707843,SWE,IDN,7414
704003,215,103,1242,2004.0,0.0,86502.0,-0.569621,-0.533211,TGO,IDN,7414
704004,216,103,1242,2004.0,12247327.0,3280946.0,0.633501,1.4648290000000002,THA,IDN,7414
704005,220,103,1242,2004.0,0.0,15885.0,0.437675,-0.21816300000000002,TLS,IDN,7414
704006,224,103,1242,2004.0,547160.0,0.0,0.249065,1.910598,TUR,IDN,7414
704007,226,103,1242,2004.0,0.0,313730.0,-0.935327,0.362709,TZA,IDN,7414
704008,227,103,1242,2004.0,0.0,170206.0,-1.05367,-0.546304,UGA,IDN,7414
704009,228,103,1242,2004.0,0.0,27411.0,0.672848,1.172735,UKR,IDN,7414
704010,231,103,1242,2004.0,5913866.0,14307261.0,1.818327,-0.17913900000000002,USA,IDN,7414
704011,237,103,1242,2004.0,0.0,1457.0,0.689844,-0.23942,VGB,IDN,7414
704012,239,103,1242,2004.0,0.0,1642651.0,-0.46875500000000003,0.734412,VNM,IDN,7414
704013,246,103,1242,2004.0,0.0,29794.0,0.29599699999999995,1.909018,ZAF,IDN,7414
704014,249,103,1242,2004.0,2672060.0,70374.0,1.8844150000000002,1.257951,TWN,IDN,7414
704015,1,104,1242,2004.0,0.0,11958.0,-0.8890309999999999,-0.773602,AFG,IND,7414
704016,7,104,1242,2004.0,880701.0,1458733.0,-0.10993399999999999,-0.5351640000000001,ARE,IND,7414
704017,8,104,1242,2004.0,11758.0,3987.0,-0.070845,0.879574,ARG,IND,7414
704018,14,104,1242,2004.0,135192.0,461766.0,-0.198735,0.81543,AUS,IND,7414
704019,15,104,1242,2004.0,28787.0,0.0,1.958949,0.209296,AUT,IND,7414
704020,18,104,1242,2004.0,236235.0,231743.0,1.242665,1.541444,BEL,IND,7414
704021,22,104,1242,2004.0,0.0,752279.0,-1.074194,-0.9392389999999999,BGD,IND,7414
704022,23,104,1242,2004.0,22186.0,0.0,0.390627,1.631006,BGR,IND,7414
704023,24,104,1242,2004.0,1762.0,17883.0,-0.551237,-1.174628,BHR,IND,7414
704024,25,104,1242,2004.0,0.0,114533.0,0.029548,-0.692239,BHS,IND,7414
704025,32,104,1242,2004.0,2762358.0,358378.0,0.504233,1.567879,BRA,IND,7414
704026,39,104,1242,2004.0,2637915.0,311354.0,0.781591,1.365966,CAN,IND,7414
704027,41,104,1242,2004.0,63590.0,14636.0,2.234603,0.551975,CHE,IND,7414
704028,42,104,1242,2004.0,0.0,3860.0,-0.24101399999999998,-0.303103,CHL,IND,7414
704029,43,104,1242,2004.0,8525106.0,760944.0,0.710603,2.017234,CHN,IND,7414
704030,44,104,1242,2004.0,0.0,14724.0,-0.835933,-0.749289,CIV,IND,7414
704031,45,104,1242,2004.0,0.0,24545.0,-1.380149,-1.220501,CMR,IND,7414
704032,47,104,1242,2004.0,0.0,3155.0,-1.415254,-1.24599,COG,IND,7414
704033,49,104,1242,2004.0,0.0,1535.0,0.044706,0.514304,COL,IND,7414
704034,50,104,1242,2004.0,0.0,2851.0,-0.8264940000000001,-0.9641290000000001,COM,IND,7414
704035,58,104,1242,2004.0,53331.0,0.0,0.42732200000000004,0.811763,CYP,IND,7414
704036,59,104,1242,2004.0,216725.0,0.0,1.612543,0.607495,CZE,IND,7414
704037,61,104,1242,2004.0,2785440.0,684727.0,2.4453099999999997,-2.331761,DEU,IND,7414
704038,62,104,1242,2004.0,0.0,42476.0,-0.370222,-0.28660399999999997,DJI,IND,7414
704039,64,104,1242,2004.0,778237.0,890024.0,1.309074,1.2627979999999999,DNK,IND,7414
704040,68,104,1242,2004.0,0.0,65456.0,-0.35823499999999997,0.5000100000000001,EGY,IND,7414
704041,69,104,1242,2004.0,0.0,97547.0,0.390463,0.144876,ERI,IND,7414
704042,71,104,1242,2004.0,576055.0,99205.0,1.04057,1.789023,ESP,IND,7414
704043,73,104,1242,2004.0,0.0,28997.0,-1.202444,-0.8973120000000001,ETH,IND,7414
704044,74,104,1242,2004.0,60439.0,0.0,1.9662810000000002,1.018108,FIN,IND,7414
704045,75,104,1242,2004.0,0.0,2451.0,-0.793333,-0.27460100000000004,FJI,IND,7414
704046,77,104,1242,2004.0,8048045.0,196485.0,1.57079,0.6776760000000001,FRA,IND,7414
704047,81,104,1242,2004.0,2842766.0,589093.0,1.872987,0.734065,GBR,IND,7414
704048,82,104,1242,2004.0,1764.0,0.0,-0.030676,-0.560186,GEO,IND,7414
704049,83,104,1242,2004.0,0.0,9180.0,-1.015073,-0.9147069999999999,GHA,IND,7414
704050,90,104,1242,2004.0,16277.0,69903.0,0.298029,1.745886,GRC,IND,7414
704051,96,104,1242,2004.0,0.0,1230.0,-0.932802,-0.9846530000000001,GUY,IND,7414
704052,97,104,1242,2004.0,285495.0,85328.0,0.72816,1.403171,HKG,IND,7414
704053,101,104,1242,2004.0,0.0,6062.0,-0.919434,-0.9868950000000001,HTI,IND,7414
704054,102,104,1242,2004.0,23181.0,0.0,1.3579370000000002,0.9993219999999999,HUN,IND,7414
704055,103,104,1242,2004.0,178630.0,185192.0,0.010095999999999999,1.7413779999999999,IDN,IND,7414
704056,106,104,1242,2004.0,192487.0,0.0,1.498475,0.19050799999999998,IRL,IND,7414
704057,107,104,1242,2004.0,21767.0,79136.0,-0.6691699999999999,-1.002548,IRN,IND,7414
704058,108,104,1242,2004.0,0.0,292297.0,-1.50824,-1.082486,IRQ,IND,7414
704059,110,104,1242,2004.0,0.0,154449.0,1.252895,0.8662770000000001,ISR,IND,7414
704060,111,104,1242,2004.0,2387541.0,252903.0,1.440372,0.676068,ITA,IND,7414
704061,112,104,1242,2004.0,0.0,8313.0,-0.505365,-0.9596120000000001,JAM,IND,7414
704062,113,104,1242,2004.0,0.0,160940.0,0.16384200000000002,0.34270100000000003,JOR,IND,7414
704063,114,104,1242,2004.0,7184588.0,58238.0,2.756136,0.15545,JPN,IND,7414
704064,116,104,1242,2004.0,0.0,258453.0,-0.565597,0.182375,KEN,IND,7414
704065,121,104,1242,2004.0,4594114.0,1954.0,1.481275,0.7859,KOR,IND,7414
704066,122,104,1242,2004.0,2124.0,344363.0,-0.8195479999999999,-1.2105709999999998,KWT,IND,7414
704067,124,104,1242,2004.0,6245.0,0.0,0.269753,1.3152979999999999,LBN,IND,7414
704068,128,104,1242,2004.0,269587.0,539261.0,-0.42450299999999996,0.173518,LKA,IND,7414
704069,131,104,1242,2004.0,28852.0,0.0,1.258828,1.079923,LUX,IND,7414
704070,134,104,1242,2004.0,0.0,1839.0,-0.626594,-0.22253499999999998,MAR,IND,7414
704071,137,104,1242,2004.0,0.0,5127.0,-0.44303000000000003,-0.841744,MDV,IND,7414
704072,138,104,1242,2004.0,1784.0,29182.0,1.183707,0.9043700000000001,MEX,IND,7414
704073,141,104,1242,2004.0,0.0,9412.0,-0.5807979999999999,-0.797311,MLI,IND,7414
704074,147,104,1242,2004.0,0.0,21030.0,-1.009633,-0.9863059999999999,MOZ,IND,7414
704075,151,104,1242,2004.0,0.0,10698.0,-0.161262,-0.29730300000000004,MUS,IND,7414
704076,152,104,1242,2004.0,0.0,2304.0,-1.233417,-1.071204,MWI,IND,7414
704077,153,104,1242,2004.0,5545820.0,110028.0,1.250098,0.352379,MYS,IND,7414
704078,156,104,1242,2004.0,0.0,5460.0,-0.279566,-0.860456,NCL,IND,7414
704079,159,104,1242,2004.0,0.0,355645.0,-2.336753,-1.350375,NGA,IND,7414
704080,162,104,1242,2004.0,610741.0,79661.0,1.171327,1.6369799999999999,NLD,IND,7414
704081,163,104,1242,2004.0,14359.0,0.0,0.731175,-0.0655,NOR,IND,7414
704082,164,104,1242,2004.0,0.0,259811.0,-0.16800199999999998,0.541976,NPL,IND,7414
704083,166,104,1242,2004.0,1112.0,35303.0,0.44099099999999997,0.968326,NZL,IND,7414
704084,167,104,1242,2004.0,4597.0,204993.0,-0.707862,-1.187629,OMN,IND,7414
704085,168,104,1242,2004.0,0.0,1731.0,-0.7489600000000001,0.22493200000000002,PAK,IND,7414
704086,169,104,1242,2004.0,0.0,20252.0,0.054997000000000004,0.440416,PAN,IND,7414
704087,174,104,1242,2004.0,38571.0,16079.0,0.288786,-0.25348699999999996,PHL,IND,7414
704088,177,104,1242,2004.0,14069.0,1768.0,0.989568,1.49055,POL,IND,7414
704089,178,104,1242,2004.0,0.0,24088.0,0.695376,0.9732209999999999,PRK,IND,7414
704090,179,104,1242,2004.0,0.0,3777.0,0.705075,1.7268729999999999,PRT,IND,7414
704091,183,104,1242,2004.0,0.0,954644.0,0.018141,-1.03766,QAT,IND,7414
704092,186,104,1242,2004.0,91387.0,490044.0,0.422803,0.017524,RUS,IND,7414
704093,188,104,1242,2004.0,98264.0,548516.0,0.361324,-0.760732,SAU,IND,7414
704094,190,104,1242,2004.0,0.0,69627.0,-1.503552,-1.253193,SDN,IND,7414
704095,192,104,1242,2004.0,1536082.0,372450.0,1.804502,0.570084,SGP,IND,7414
704096,207,104,1242,2004.0,17750.0,0.0,1.700677,0.829765,SVN,IND,7414
704097,208,104,1242,2004.0,646915.0,98293.0,2.105611,0.707843,SWE,IND,7414
704098,211,104,1242,2004.0,0.0,33961.0,-0.585828,-0.768388,SYC,IND,7414
704099,212,104,1242,2004.0,0.0,149180.0,-0.698545,-0.111323,SYR,IND,7414
704100,216,104,1242,2004.0,2685886.0,1371494.0,0.633501,1.4648290000000002,THA,IND,7414
704101,223,104,1242,2004.0,0.0,14556.0,-0.125092,0.370625,TUN,IND,7414
704102,224,104,1242,2004.0,3370.0,98273.0,0.249065,1.910598,TUR,IND,7414
704103,226,104,1242,2004.0,20907.0,164561.0,-0.935327,0.362709,TZA,IND,7414
704104,227,104,1242,2004.0,0.0,34574.0,-1.05367,-0.546304,UGA,IND,7414
704105,228,104,1242,2004.0,88249.0,0.0,0.672848,1.172735,UKR,IND,7414
704106,231,104,1242,2004.0,17981106.0,6680170.0,1.818327,-0.17913900000000002,USA,IND,7414
704107,239,104,1242,2004.0,0.0,24868.0,-0.46875500000000003,0.734412,VNM,IND,7414
704108,243,104,1242,2004.0,0.0,58790.0,-1.298227,-1.2496639999999999,YEM,IND,7414
704109,246,104,1242,2004.0,14326.0,147957.0,0.29599699999999995,1.909018,ZAF,IND,7414
704110,247,104,1242,2004.0,0.0,28242.0,-0.8752479999999999,-0.784285,ZMB,IND,7414
704111,248,104,1242,2004.0,0.0,4972.0,-0.44064799999999993,0.01704,ZWE,IND,7414
704112,249,104,1242,2004.0,663603.0,14565.0,1.8844150000000002,1.257951,TWN,IND,7414
704113,250,104,1242,2004.0,1570.0,92681.0,0.46240200000000004,-0.406624,ANS,IND,7414
704114,0,106,1242,2004.0,0.0,86706.0,0.074978,-0.8537239999999999,ABW,IRL,7414
704115,2,106,1242,2004.0,0.0,46438.0,-0.8688110000000001,-1.198692,AGO,IRL,7414
704116,4,106,1242,2004.0,0.0,12710.0,-0.142479,0.136074,ALB,IRL,7414
704117,7,106,1242,2004.0,0.0,1943872.0,-0.10993399999999999,-0.5351640000000001,ARE,IRL,7414
704118,8,106,1242,2004.0,0.0,18297.0,-0.070845,0.879574,ARG,IRL,7414
704119,13,106,1242,2004.0,0.0,195332.0,-0.28271,-0.850197,ATG,IRL,7414
704120,14,106,1242,2004.0,7539.0,3744557.0,-0.198735,0.81543,AUS,IRL,7414
704121,15,106,1242,2004.0,914970.0,2815191.0,1.958949,0.209296,AUT,IRL,7414
704122,18,106,1242,2004.0,3224373.0,6657366.0,1.242665,1.541444,BEL,IRL,7414
704123,23,106,1242,2004.0,0.0,159946.0,0.390627,1.631006,BGR,IRL,7414
704124,24,106,1242,2004.0,0.0,197349.0,-0.551237,-1.174628,BHR,IRL,7414
704125,28,106,1242,2004.0,0.0,44359.0,0.9384239999999999,0.9708690000000001,BLR,IRL,7414
704126,32,106,1242,2004.0,14758.0,1300.0,0.504233,1.567879,BRA,IRL,7414
704127,37,106,1242,2004.0,0.0,5669.0,-0.435159,-1.150519,BWA,IRL,7414
704128,38,106,1242,2004.0,0.0,444709.0,-0.667013,-0.899285,CAF,IRL,7414
704129,39,106,1242,2004.0,206444.0,59604.0,0.781591,1.365966,CAN,IRL,7414
704130,41,106,1242,2004.0,305391.0,1075147.0,2.234603,0.551975,CHE,IRL,7414
704131,42,106,1242,2004.0,0.0,2911.0,-0.24101399999999998,-0.303103,CHL,IRL,7414
704132,43,106,1242,2004.0,342624.0,525192.0,0.710603,2.017234,CHN,IRL,7414
704133,47,106,1242,2004.0,0.0,161935.0,-1.415254,-1.24599,COG,IRL,7414
704134,49,106,1242,2004.0,0.0,3553.0,0.044706,0.514304,COL,IRL,7414
704135,58,106,1242,2004.0,0.0,34192.0,0.42732200000000004,0.811763,CYP,IRL,7414
704136,59,106,1242,2004.0,3862904.0,2068096.0,1.612543,0.607495,CZE,IRL,7414
704137,61,106,1242,2004.0,7505818.0,74158080.0,2.4453099999999997,-2.331761,DEU,IRL,7414
704138,64,106,1242,2004.0,1684775.0,13335226.0,1.309074,1.2627979999999999,DNK,IRL,7414
704139,66,106,1242,2004.0,0.0,50670.0,-1.166661,-1.2240879999999998,DZA,IRL,7414
704140,68,106,1242,2004.0,0.0,153242.0,-0.35823499999999997,0.5000100000000001,EGY,IRL,7414
704141,71,106,1242,2004.0,3723310.0,43100580.0,1.04057,1.789023,ESP,IRL,7414
704142,72,106,1242,2004.0,0.0,203838.0,0.645741,1.035117,EST,IRL,7414
704143,74,106,1242,2004.0,627139.0,5450748.0,1.9662810000000002,1.018108,FIN,IRL,7414
704144,77,106,1242,2004.0,12469299.0,49976196.0,1.57079,0.6776760000000001,FRA,IRL,7414
704145,81,106,1242,2004.0,27220438.0,51984104.0,1.872987,0.734065,GBR,IRL,7414
704146,83,106,1242,2004.0,0.0,48857.0,-1.015073,-0.9147069999999999,GHA,IRL,7414
704147,90,106,1242,2004.0,1604613.0,3281188.0,0.298029,1.745886,GRC,IRL,7414
704148,92,106,1242,2004.0,0.0,2042.0,-1.152664,-0.986844,GRL,IRL,7414
704149,97,106,1242,2004.0,38539.0,349463.0,0.72816,1.403171,HKG,IRL,7414
704150,100,106,1242,2004.0,0.0,99434.0,0.744459,1.1994479999999998,HRV,IRL,7414
704151,102,106,1242,2004.0,696501.0,1136979.0,1.3579370000000002,0.9993219999999999,HUN,IRL,7414
704152,103,106,1242,2004.0,369086.0,0.0,0.010095999999999999,1.7413779999999999,IDN,IRL,7414
704153,104,106,1242,2004.0,0.0,192487.0,0.20872,2.817307,IND,IRL,7414
704154,107,106,1242,2004.0,0.0,529831.0,-0.6691699999999999,-1.002548,IRN,IRL,7414
704155,109,106,1242,2004.0,0.0,23521.0,0.107901,-0.41223699999999996,ISL,IRL,7414
704156,110,106,1242,2004.0,14981.0,3545341.0,1.252895,0.8662770000000001,ISR,IRL,7414
704157,111,106,1242,2004.0,14890514.0,19901818.0,1.440372,0.676068,ITA,IRL,7414
704158,113,106,1242,2004.0,0.0,10096.0,0.16384200000000002,0.34270100000000003,JOR,IRL,7414
704159,114,106,1242,2004.0,3863794.0,4996924.0,2.756136,0.15545,JPN,IRL,7414
704160,115,106,1242,2004.0,0.0,2107.0,-0.43987200000000004,-0.50862,KAZ,IRL,7414
704161,116,106,1242,2004.0,0.0,6543.0,-0.565597,0.182375,KEN,IRL,7414
704162,119,106,1242,2004.0,0.0,150041.0,-0.21806399999999998,-0.797764,KIR,IRL,7414
704163,121,106,1242,2004.0,41004.0,57400.0,1.481275,0.7859,KOR,IRL,7414
704164,122,106,1242,2004.0,0.0,912893.0,-0.8195479999999999,-1.2105709999999998,KWT,IRL,7414
704165,124,106,1242,2004.0,0.0,36360.0,0.269753,1.3152979999999999,LBN,IRL,7414
704166,126,106,1242,2004.0,0.0,29488.0,-0.895142,-1.211141,LBY,IRL,7414
704167,130,106,1242,2004.0,0.0,250544.0,0.341521,0.7971560000000001,LTU,IRL,7414
704168,131,106,1242,2004.0,34648.0,15794.0,1.258828,1.079923,LUX,IRL,7414
704169,132,106,1242,2004.0,0.0,65956.0,0.415001,0.8476809999999999,LVA,IRL,7414
704170,134,106,1242,2004.0,0.0,717873.0,-0.626594,-0.22253499999999998,MAR,IRL,7414
704171,135,106,1242,2004.0,0.0,3641.0,-0.13031900000000002,-0.118591,MDA,IRL,7414
704172,138,106,1242,2004.0,0.0,121963.0,1.183707,0.9043700000000001,MEX,IRL,7414
704173,142,106,1242,2004.0,0.0,3595.0,1.2290379999999999,-0.025372,MLT,IRL,7414
704174,151,106,1242,2004.0,0.0,34977.0,-0.161262,-0.29730300000000004,MUS,IRL,7414
704175,153,106,1242,2004.0,38997.0,55407.0,1.250098,0.352379,MYS,IRL,7414
704176,156,106,1242,2004.0,0.0,2988.0,-0.279566,-0.860456,NCL,IRL,7414
704177,159,106,1242,2004.0,0.0,652946.0,-2.336753,-1.350375,NGA,IRL,7414
704178,162,106,1242,2004.0,2060540.0,17823134.0,1.171327,1.6369799999999999,NLD,IRL,7414
704179,163,106,1242,2004.0,421842.0,1700462.0,0.731175,-0.0655,NOR,IRL,7414
704180,166,106,1242,2004.0,19770.0,33727.0,0.44099099999999997,0.968326,NZL,IRL,7414
704181,167,106,1242,2004.0,0.0,478944.0,-0.707862,-1.187629,OMN,IRL,7414
704182,168,106,1242,2004.0,0.0,2893.0,-0.7489600000000001,0.22493200000000002,PAK,IRL,7414
704183,174,106,1242,2004.0,0.0,8951.0,0.288786,-0.25348699999999996,PHL,IRL,7414
704184,177,106,1242,2004.0,975112.0,9905506.0,0.989568,1.49055,POL,IRL,7414
704185,179,106,1242,2004.0,2047173.0,227965.0,0.705075,1.7268729999999999,PRT,IRL,7414
704186,183,106,1242,2004.0,0.0,158012.0,0.018141,-1.03766,QAT,IRL,7414
704187,185,106,1242,2004.0,351640.0,359302.0,0.53925,1.145066,ROU,IRL,7414
704188,186,106,1242,2004.0,0.0,2388116.0,0.422803,0.017524,RUS,IRL,7414
704189,188,106,1242,2004.0,0.0,5701460.0,0.361324,-0.760732,SAU,IRL,7414
704190,189,106,1242,2004.0,0.0,118686.0,0.544686,2.418024,SCG,IRL,7414
704191,192,106,1242,2004.0,24112.0,119804.0,1.804502,0.570084,SGP,IRL,7414
704192,206,106,1242,2004.0,4727.0,155556.0,1.2683149999999999,0.9208620000000001,SVK,IRL,7414
704193,207,106,1242,2004.0,66541.0,73092.0,1.700677,0.829765,SVN,IRL,7414
704194,208,106,1242,2004.0,1470293.0,9782331.0,2.105611,0.707843,SWE,IRL,7414
704195,212,106,1242,2004.0,0.0,89567.0,-0.698545,-0.111323,SYR,IRL,7414
704196,216,106,1242,2004.0,52232.0,395716.0,0.633501,1.4648290000000002,THA,IRL,7414
704197,223,106,1242,2004.0,0.0,13475.0,-0.125092,0.370625,TUN,IRL,7414
704198,224,106,1242,2004.0,1506681.0,1513992.0,0.249065,1.910598,TUR,IRL,7414
704199,226,106,1242,2004.0,0.0,2171.0,-0.935327,0.362709,TZA,IRL,7414
704200,228,106,1242,2004.0,0.0,21111.0,0.672848,1.172735,UKR,IRL,7414
704201,231,106,1242,2004.0,6626996.0,1281301.0,1.818327,-0.17913900000000002,USA,IRL,7414
704202,239,106,1242,2004.0,0.0,2474.0,-0.46875500000000003,0.734412,VNM,IRL,7414
704203,243,106,1242,2004.0,0.0,49257.0,-1.298227,-1.2496639999999999,YEM,IRL,7414
704204,246,106,1242,2004.0,0.0,7389998.0,0.29599699999999995,1.909018,ZAF,IRL,7414
704205,249,106,1242,2004.0,204098.0,291509.0,1.8844150000000002,1.257951,TWN,IRL,7414
704206,250,106,1242,2004.0,1367768.0,1020375.0,0.46240200000000004,-0.406624,ANS,IRL,7414
704207,8,110,1242,2004.0,11250.0,1135584.0,-0.070845,0.879574,ARG,ISR,7414
704208,14,110,1242,2004.0,12198.0,15654.0,-0.198735,0.81543,AUS,ISR,7414
704209,15,110,1242,2004.0,36420.0,5014.0,1.958949,0.209296,AUT,ISR,7414
704210,18,110,1242,2004.0,1420153.0,202366.0,1.242665,1.541444,BEL,ISR,7414
704211,32,110,1242,2004.0,91668.0,0.0,0.504233,1.567879,BRA,ISR,7414
704212,39,110,1242,2004.0,95182.0,17642.0,0.781591,1.365966,CAN,ISR,7414
704213,41,110,1242,2004.0,45153.0,30265.0,2.234603,0.551975,CHE,ISR,7414
704214,42,110,1242,2004.0,0.0,6587.0,-0.24101399999999998,-0.303103,CHL,ISR,7414
704215,43,110,1242,2004.0,2788013.0,94679.0,0.710603,2.017234,CHN,ISR,7414
704216,44,110,1242,2004.0,0.0,4872.0,-0.835933,-0.749289,CIV,ISR,7414
704217,54,110,1242,2004.0,0.0,20659.0,-0.16826,-0.644388,CUB,ISR,7414
704218,58,110,1242,2004.0,0.0,167770.0,0.42732200000000004,0.811763,CYP,ISR,7414
704219,59,110,1242,2004.0,52432.0,10603.0,1.612543,0.607495,CZE,ISR,7414
704220,61,110,1242,2004.0,1432432.0,1332546.0,2.4453099999999997,-2.331761,DEU,ISR,7414
704221,64,110,1242,2004.0,491386.0,39677.0,1.309074,1.2627979999999999,DNK,ISR,7414
704222,68,110,1242,2004.0,40064.0,9955.0,-0.35823499999999997,0.5000100000000001,EGY,ISR,7414
704223,71,110,1242,2004.0,722071.0,205466.0,1.04057,1.789023,ESP,ISR,7414
704224,72,110,1242,2004.0,0.0,1609.0,0.645741,1.035117,EST,ISR,7414
704225,74,110,1242,2004.0,27703.0,135266.0,1.9662810000000002,1.018108,FIN,ISR,7414
704226,77,110,1242,2004.0,6252216.0,1786904.0,1.57079,0.6776760000000001,FRA,ISR,7414
704227,81,110,1242,2004.0,888836.0,237911.0,1.872987,0.734065,GBR,ISR,7414
704228,83,110,1242,2004.0,0.0,30852.0,-1.015073,-0.9147069999999999,GHA,ISR,7414
704229,90,110,1242,2004.0,500563.0,42655.0,0.298029,1.745886,GRC,ISR,7414
704230,97,110,1242,2004.0,223877.0,0.0,0.72816,1.403171,HKG,ISR,7414
704231,99,110,1242,2004.0,0.0,90847.0,-0.6372140000000001,-0.453946,HND,ISR,7414
704232,100,110,1242,2004.0,0.0,1304.0,0.744459,1.1994479999999998,HRV,ISR,7414
704233,102,110,1242,2004.0,14001.0,0.0,1.3579370000000002,0.9993219999999999,HUN,ISR,7414
704234,104,110,1242,2004.0,154449.0,0.0,0.20872,2.817307,IND,ISR,7414
704235,106,110,1242,2004.0,3545341.0,14981.0,1.498475,0.19050799999999998,IRL,ISR,7414
704236,111,110,1242,2004.0,13508676.0,604742.0,1.440372,0.676068,ITA,ISR,7414
704237,113,110,1242,2004.0,0.0,9518.0,0.16384200000000002,0.34270100000000003,JOR,ISR,7414
704238,114,110,1242,2004.0,226692.0,36582.0,2.756136,0.15545,JPN,ISR,7414
704239,115,110,1242,2004.0,0.0,54027.0,-0.43987200000000004,-0.50862,KAZ,ISR,7414
704240,116,110,1242,2004.0,0.0,5302.0,-0.565597,0.182375,KEN,ISR,7414
704241,121,110,1242,2004.0,845530.0,44185.0,1.481275,0.7859,KOR,ISR,7414
704242,130,110,1242,2004.0,0.0,4464.0,0.341521,0.7971560000000001,LTU,ISR,7414
704243,132,110,1242,2004.0,0.0,3399.0,0.415001,0.8476809999999999,LVA,ISR,7414
704244,135,110,1242,2004.0,0.0,5877.0,-0.13031900000000002,-0.118591,MDA,ISR,7414
704245,140,110,1242,2004.0,0.0,9739.0,-0.120439,0.27624899999999997,MKD,ISR,7414
704246,159,110,1242,2004.0,0.0,116000.0,-2.336753,-1.350375,NGA,ISR,7414
704247,162,110,1242,2004.0,1759772.0,666878.0,1.171327,1.6369799999999999,NLD,ISR,7414
704248,163,110,1242,2004.0,3081.0,282808.0,0.731175,-0.0655,NOR,ISR,7414
704249,166,110,1242,2004.0,12957.0,9820.0,0.44099099999999997,0.968326,NZL,ISR,7414
704250,173,110,1242,2004.0,0.0,1048.0,-0.609837,0.13314,PER,ISR,7414
704251,174,110,1242,2004.0,0.0,2529.0,0.288786,-0.25348699999999996,PHL,ISR,7414
704252,177,110,1242,2004.0,40212.0,36867.0,0.989568,1.49055,POL,ISR,7414
704253,179,110,1242,2004.0,286008.0,41758.0,0.705075,1.7268729999999999,PRT,ISR,7414
704254,185,110,1242,2004.0,20577.0,18026.0,0.53925,1.145066,ROU,ISR,7414
704255,186,110,1242,2004.0,0.0,73836.0,0.422803,0.017524,RUS,ISR,7414
704256,189,110,1242,2004.0,0.0,8192.0,0.544686,2.418024,SCG,ISR,7414
704257,192,110,1242,2004.0,48318.0,3147.0,1.804502,0.570084,SGP,ISR,7414
704258,206,110,1242,2004.0,47544.0,0.0,1.2683149999999999,0.9208620000000001,SVK,ISR,7414
704259,207,110,1242,2004.0,130359.0,2278.0,1.700677,0.829765,SVN,ISR,7414
704260,208,110,1242,2004.0,1554820.0,394818.0,2.105611,0.707843,SWE,ISR,7414
704261,216,110,1242,2004.0,58906.0,0.0,0.633501,1.4648290000000002,THA,ISR,7414
704262,224,110,1242,2004.0,1815454.0,158805.0,0.249065,1.910598,TUR,ISR,7414
704263,227,110,1242,2004.0,0.0,1754.0,-1.05367,-0.546304,UGA,ISR,7414
704264,228,110,1242,2004.0,5509.0,118166.0,0.672848,1.172735,UKR,ISR,7414
704265,231,110,1242,2004.0,6303363.0,826533.0,1.818327,-0.17913900000000002,USA,ISR,7414
704266,246,110,1242,2004.0,22476.0,648076.0,0.29599699999999995,1.909018,ZAF,ISR,7414
704267,249,110,1242,2004.0,484109.0,245034.0,1.8844150000000002,1.257951,TWN,ISR,7414
704268,250,110,1242,2004.0,0.0,2000.0,0.46240200000000004,-0.406624,ANS,ISR,7414
704269,0,111,1242,2004.0,0.0,22657.0,0.074978,-0.8537239999999999,ABW,ITA,7414
704270,1,111,1242,2004.0,0.0,86524.0,-0.8890309999999999,-0.773602,AFG,ITA,7414
704271,2,111,1242,2004.0,0.0,1367962.0,-0.8688110000000001,-1.198692,AGO,ITA,7414
704272,4,111,1242,2004.0,4750.0,2897198.0,-0.142479,0.136074,ALB,ITA,7414
704273,5,111,1242,2004.0,0.0,237764.0,1.122154,0.958434,AND,ITA,7414
704274,6,111,1242,2004.0,0.0,71648.0,0.080304,-0.634516,ANT,ITA,7414
704275,7,111,1242,2004.0,12456.0,12275076.0,-0.10993399999999999,-0.5351640000000001,ARE,ITA,7414
704276,8,111,1242,2004.0,692969.0,2666280.0,-0.070845,0.879574,ARG,ITA,7414
704277,9,111,1242,2004.0,0.0,163999.0,0.497276,-0.226016,ARM,ITA,7414
704278,14,111,1242,2004.0,102650.0,21173230.0,-0.198735,0.81543,AUS,ITA,7414
704279,15,111,1242,2004.0,11711048.0,45579672.0,1.958949,0.209296,AUT,ITA,7414
704280,16,111,1242,2004.0,0.0,134521.0,-0.720616,-1.009692,AZE,ITA,7414
704281,17,111,1242,2004.0,0.0,65137.0,-1.084376,-1.020132,BDI,ITA,7414
704282,18,111,1242,2004.0,27316584.0,44598748.0,1.242665,1.541444,BEL,ITA,7414
704283,19,111,1242,2004.0,0.0,132070.0,-1.422449,-1.09615,BEN,ITA,7414
704284,21,111,1242,2004.0,0.0,20802.0,-1.118427,-1.091315,BFA,ITA,7414
704285,22,111,1242,2004.0,0.0,267745.0,-1.074194,-0.9392389999999999,BGD,ITA,7414
704286,23,111,1242,2004.0,47596.0,12250343.0,0.390627,1.631006,BGR,ITA,7414
704287,24,111,1242,2004.0,0.0,1224242.0,-0.551237,-1.174628,BHR,ITA,7414
704288,25,111,1242,2004.0,0.0,12154.0,0.029548,-0.692239,BHS,ITA,7414
704289,26,111,1242,2004.0,46466.0,3519023.0,0.45637,0.6154470000000001,BIH,ITA,7414
704290,28,111,1242,2004.0,0.0,1835589.0,0.9384239999999999,0.9708690000000001,BLR,ITA,7414
704291,29,111,1242,2004.0,0.0,4711.0,-0.528459,-0.739219,BLZ,ITA,7414
704292,30,111,1242,2004.0,0.0,4479.0,0.67576,-0.49529799999999996,BMU,ITA,7414
704293,31,111,1242,2004.0,0.0,97972.0,-0.841087,-0.770059,BOL,ITA,7414
704294,32,111,1242,2004.0,538456.0,6771760.0,0.504233,1.567879,BRA,ITA,7414
704295,33,111,1242,2004.0,0.0,9634.0,0.644308,0.290054,BRB,ITA,7414
704296,34,111,1242,2004.0,0.0,12892.0,-0.720827,-0.964435,BRN,ITA,7414
704297,39,111,1242,2004.0,168325.0,6784538.0,0.781591,1.365966,CAN,ITA,7414
704298,41,111,1242,2004.0,751106.0,43927004.0,2.234603,0.551975,CHE,ITA,7414
704299,42,111,1242,2004.0,6326.0,10198570.0,-0.24101399999999998,-0.303103,CHL,ITA,7414
704300,43,111,1242,2004.0,49704124.0,12332031.0,0.710603,2.017234,CHN,ITA,7414
704301,44,111,1242,2004.0,3667.0,2559911.0,-0.835933,-0.749289,CIV,ITA,7414
704302,45,111,1242,2004.0,0.0,194975.0,-1.380149,-1.220501,CMR,ITA,7414
704303,46,111,1242,2004.0,0.0,770336.0,-1.426621,-1.198377,COD,ITA,7414
704304,47,111,1242,2004.0,0.0,286824.0,-1.415254,-1.24599,COG,ITA,7414
704305,49,111,1242,2004.0,4086.0,1098713.0,0.044706,0.514304,COL,ITA,7414
704306,51,111,1242,2004.0,0.0,79696.0,-0.291469,-0.6426850000000001,CPV,ITA,7414
704307,52,111,1242,2004.0,0.0,1052071.0,-0.036323,-0.313847,CRI,ITA,7414
704308,54,111,1242,2004.0,0.0,1724090.0,-0.16826,-0.644388,CUB,ITA,7414
704309,57,111,1242,2004.0,0.0,31776.0,0.47268999999999994,-0.742781,CYM,ITA,7414
704310,58,111,1242,2004.0,26798.0,7375046.0,0.42732200000000004,0.811763,CYP,ITA,7414
704311,59,111,1242,2004.0,7736528.0,25943678.0,1.612543,0.607495,CZE,ITA,7414
704312,61,111,1242,2004.0,49014532.0,192516848.0,2.4453099999999997,-2.331761,DEU,ITA,7414
704313,62,111,1242,2004.0,0.0,163835.0,-0.370222,-0.28660399999999997,DJI,ITA,7414
704314,63,111,1242,2004.0,0.0,34603.0,0.478601,0.368796,DMA,ITA,7414
704315,64,111,1242,2004.0,6243896.0,13854360.0,1.309074,1.2627979999999999,DNK,ITA,7414
704316,65,111,1242,2004.0,0.0,764065.0,-0.24909699999999999,-0.326783,DOM,ITA,7414
704317,66,111,1242,2004.0,0.0,6093127.0,-1.166661,-1.2240879999999998,DZA,ITA,7414
704318,67,111,1242,2004.0,0.0,2498810.0,-0.990727,-0.9383090000000001,ECU,ITA,7414
704319,68,111,1242,2004.0,378995.0,15006704.0,-0.35823499999999997,0.5000100000000001,EGY,ITA,7414
704320,69,111,1242,2004.0,0.0,96930.0,0.390463,0.144876,ERI,ITA,7414
704321,71,111,1242,2004.0,15208192.0,198858464.0,1.04057,1.789023,ESP,ITA,7414
704322,72,111,1242,2004.0,0.0,1056587.0,0.645741,1.035117,EST,ITA,7414
704323,73,111,1242,2004.0,0.0,209898.0,-1.202444,-0.8973120000000001,ETH,ITA,7414
704324,74,111,1242,2004.0,280070.0,10535361.0,1.9662810000000002,1.018108,FIN,ITA,7414
704325,75,111,1242,2004.0,0.0,17413.0,-0.793333,-0.27460100000000004,FJI,ITA,7414
704326,77,111,1242,2004.0,97307736.0,232566528.0,1.57079,0.6776760000000001,FRA,ITA,7414
704327,78,111,1242,2004.0,0.0,84633.0,-1.127967,-1.002561,FRO,ITA,7414
704328,80,111,1242,2004.0,0.0,65106.0,-1.006071,-1.212338,GAB,ITA,7414
704329,81,111,1242,2004.0,10649891.0,152292704.0,1.872987,0.734065,GBR,ITA,7414
704330,82,111,1242,2004.0,0.0,358052.0,-0.030676,-0.560186,GEO,ITA,7414
704331,83,111,1242,2004.0,0.0,801663.0,-1.015073,-0.9147069999999999,GHA,ITA,7414
704332,85,111,1242,2004.0,0.0,36165.0,-1.004077,-1.108018,GIN,ITA,7414
704333,87,111,1242,2004.0,0.0,45553.0,-0.22746999999999998,-0.14824600000000002,GMB,ITA,7414
704334,88,111,1242,2004.0,0.0,2488.0,-1.258264,-1.028131,GNB,ITA,7414
704335,89,111,1242,2004.0,0.0,190556.0,-1.9282080000000001,-0.928127,GNQ,ITA,7414
704336,90,111,1242,2004.0,2462153.0,55505616.0,0.298029,1.745886,GRC,ITA,7414
704337,91,111,1242,2004.0,0.0,2272.0,0.426058,-0.30841799999999997,GRD,ITA,7414
704338,93,111,1242,2004.0,0.0,291347.0,-0.39399,0.139128,GTM,ITA,7414
704339,96,111,1242,2004.0,0.0,20987.0,-0.932802,-0.9846530000000001,GUY,ITA,7414
704340,97,111,1242,2004.0,639338.0,5745656.0,0.72816,1.403171,HKG,ITA,7414
704341,99,111,1242,2004.0,0.0,141152.0,-0.6372140000000001,-0.453946,HND,ITA,7414
704342,100,111,1242,2004.0,98041.0,19145766.0,0.744459,1.1994479999999998,HRV,ITA,7414
704343,101,111,1242,2004.0,0.0,30199.0,-0.919434,-0.9868950000000001,HTI,ITA,7414
704344,102,111,1242,2004.0,4964847.0,23790706.0,1.3579370000000002,0.9993219999999999,HUN,ITA,7414
704345,103,111,1242,2004.0,0.0,1219090.0,0.010095999999999999,1.7413779999999999,IDN,ITA,7414
704346,104,111,1242,2004.0,252903.0,2387541.0,0.20872,2.817307,IND,ITA,7414
704347,106,111,1242,2004.0,19901818.0,14890514.0,1.498475,0.19050799999999998,IRL,ITA,7414
704348,107,111,1242,2004.0,34135.0,4879518.0,-0.6691699999999999,-1.002548,IRN,ITA,7414
704349,108,111,1242,2004.0,0.0,659891.0,-1.50824,-1.082486,IRQ,ITA,7414
704350,109,111,1242,2004.0,0.0,1658189.0,0.107901,-0.41223699999999996,ISL,ITA,7414
704351,110,111,1242,2004.0,604742.0,13508676.0,1.252895,0.8662770000000001,ISR,ITA,7414
704352,112,111,1242,2004.0,0.0,227596.0,-0.505365,-0.9596120000000001,JAM,ITA,7414
704353,113,111,1242,2004.0,0.0,2091260.0,0.16384200000000002,0.34270100000000003,JOR,ITA,7414
704354,114,111,1242,2004.0,55302168.0,3867431.0,2.756136,0.15545,JPN,ITA,7414
704355,115,111,1242,2004.0,0.0,3491227.0,-0.43987200000000004,-0.50862,KAZ,ITA,7414
704356,116,111,1242,2004.0,0.0,1296236.0,-0.565597,0.182375,KEN,ITA,7414
704357,117,111,1242,2004.0,0.0,13472.0,-0.263776,0.503736,KGZ,ITA,7414
704358,118,111,1242,2004.0,0.0,4575.0,-1.145227,-1.19179,KHM,ITA,7414
704359,121,111,1242,2004.0,608886.0,8078246.0,1.481275,0.7859,KOR,ITA,7414
704360,122,111,1242,2004.0,1701.0,8765770.0,-0.8195479999999999,-1.2105709999999998,KWT,ITA,7414
704361,124,111,1242,2004.0,4419.0,3992514.0,0.269753,1.3152979999999999,LBN,ITA,7414
704362,125,111,1242,2004.0,0.0,110736.0,0.037469,-1.036878,LBR,ITA,7414
704363,126,111,1242,2004.0,43065.0,19122632.0,-0.895142,-1.211141,LBY,ITA,7414
704364,127,111,1242,2004.0,0.0,3027.0,0.31900300000000004,-0.346391,LCA,ITA,7414
704365,128,111,1242,2004.0,0.0,770476.0,-0.42450299999999996,0.173518,LKA,ITA,7414
704366,130,111,1242,2004.0,23297.0,15138682.0,0.341521,0.7971560000000001,LTU,ITA,7414
704367,131,111,1242,2004.0,254757.0,4972620.0,1.258828,1.079923,LUX,ITA,7414
704368,132,111,1242,2004.0,0.0,5298096.0,0.415001,0.8476809999999999,LVA,ITA,7414
704369,133,111,1242,2004.0,1016.0,22172.0,-0.12333599999999999,-0.600164,MAC,ITA,7414
704370,134,111,1242,2004.0,2237.0,5334670.0,-0.626594,-0.22253499999999998,MAR,ITA,7414
704371,135,111,1242,2004.0,20052.0,743681.0,-0.13031900000000002,-0.118591,MDA,ITA,7414
704372,136,111,1242,2004.0,0.0,164231.0,-1.1010799999999998,-0.7367859999999999,MDG,ITA,7414
704373,137,111,1242,2004.0,0.0,180528.0,-0.44303000000000003,-0.841744,MDV,ITA,7414
704374,138,111,1242,2004.0,444485.0,9702821.0,1.183707,0.9043700000000001,MEX,ITA,7414
704375,140,111,1242,2004.0,80027.0,1524537.0,-0.120439,0.27624899999999997,MKD,ITA,7414
704376,141,111,1242,2004.0,0.0,28606.0,-0.5807979999999999,-0.797311,MLI,ITA,7414
704377,142,111,1242,2004.0,352562.0,4239483.0,1.2290379999999999,-0.025372,MLT,ITA,7414
704378,145,111,1242,2004.0,0.0,18258.0,-0.920198,-1.1059219999999998,MNG,ITA,7414
704379,147,111,1242,2004.0,0.0,33667.0,-1.009633,-0.9863059999999999,MOZ,ITA,7414
704380,148,111,1242,2004.0,0.0,367600.0,-1.8941119999999998,-1.357728,MRT,ITA,7414
704381,151,111,1242,2004.0,1715.0,895876.0,-0.161262,-0.29730300000000004,MUS,ITA,7414
704382,152,111,1242,2004.0,0.0,52423.0,-1.233417,-1.071204,MWI,ITA,7414
704383,153,111,1242,2004.0,650720.0,1514726.0,1.250098,0.352379,MYS,ITA,7414
704384,154,111,1242,2004.0,0.0,85332.0,1.290551,0.284667,MYT,ITA,7414
704385,156,111,1242,2004.0,0.0,331638.0,-0.279566,-0.860456,NCL,ITA,7414
704386,157,111,1242,2004.0,0.0,47310.0,-1.102485,-0.850282,NER,ITA,7414
704387,159,111,1242,2004.0,0.0,4126114.0,-2.336753,-1.350375,NGA,ITA,7414
704388,160,111,1242,2004.0,0.0,58733.0,-1.003846,-0.697642,NIC,ITA,7414
704389,162,111,1242,2004.0,11786797.0,45311912.0,1.171327,1.6369799999999999,NLD,ITA,7414
704390,163,111,1242,2004.0,86068.0,11288419.0,0.731175,-0.0655,NOR,ITA,7414
704391,166,111,1242,2004.0,22808.0,3867048.0,0.44099099999999997,0.968326,NZL,ITA,7414
704392,167,111,1242,2004.0,0.0,661917.0,-0.707862,-1.187629,OMN,ITA,7414
704393,168,111,1242,2004.0,0.0,10277036.0,-0.7489600000000001,0.22493200000000002,PAK,ITA,7414
704394,169,111,1242,2004.0,3981.0,247539.0,0.054997000000000004,0.440416,PAN,ITA,7414
704395,173,111,1242,2004.0,0.0,932637.0,-0.609837,0.13314,PER,ITA,7414
704396,174,111,1242,2004.0,178577.0,1106936.0,0.288786,-0.25348699999999996,PHL,ITA,7414
704397,177,111,1242,2004.0,3124818.0,30909008.0,0.989568,1.49055,POL,ITA,7414
704398,178,111,1242,2004.0,0.0,18694.0,0.695376,0.9732209999999999,PRK,ITA,7414
704399,179,111,1242,2004.0,2782865.0,22698678.0,0.705075,1.7268729999999999,PRT,ITA,7414
704400,180,111,1242,2004.0,0.0,2646.0,-0.634469,-0.870034,PRY,ITA,7414
704401,182,111,1242,2004.0,0.0,586481.0,-0.125349,-0.718282,PYF,ITA,7414
704402,183,111,1242,2004.0,0.0,2328050.0,0.018141,-1.03766,QAT,ITA,7414
704403,185,111,1242,2004.0,1649353.0,12848458.0,0.53925,1.145066,ROU,ITA,7414
704404,186,111,1242,2004.0,172583.0,63607316.0,0.422803,0.017524,RUS,ITA,7414
704405,187,111,1242,2004.0,0.0,2956.0,-1.3090190000000002,-1.063632,RWA,ITA,7414
704406,188,111,1242,2004.0,0.0,15625530.0,0.361324,-0.760732,SAU,ITA,7414
704407,189,111,1242,2004.0,16438.0,11904716.0,0.544686,2.418024,SCG,ITA,7414
704408,190,111,1242,2004.0,0.0,2025166.0,-1.503552,-1.253193,SDN,ITA,7414
704409,191,111,1242,2004.0,1864.0,781519.0,-0.620158,-0.296575,SEN,ITA,7414
704410,192,111,1242,2004.0,0.0,4463674.0,1.804502,0.570084,SGP,ITA,7414
704411,196,111,1242,2004.0,0.0,83678.0,0.43205699999999997,0.068877,SLE,ITA,7414
704412,197,111,1242,2004.0,0.0,719216.0,-0.21054299999999998,0.086382,SLV,ITA,7414
704413,203,111,1242,2004.0,0.0,2217.0,0.49046999999999996,0.019015999999999998,STP,ITA,7414
704414,206,111,1242,2004.0,3262702.0,6778716.0,1.2683149999999999,0.9208620000000001,SVK,ITA,7414
704415,207,111,1242,2004.0,2235392.0,16616222.0,1.700677,0.829765,SVN,ITA,7414
704416,208,111,1242,2004.0,7367446.0,25462542.0,2.105611,0.707843,SWE,ITA,7414
704417,209,111,1242,2004.0,0.0,50382.0,0.528937,-0.241038,SWZ,ITA,7414
704418,211,111,1242,2004.0,0.0,95951.0,-0.585828,-0.768388,SYC,ITA,7414
704419,212,111,1242,2004.0,5232.0,7707924.0,-0.698545,-0.111323,SYR,ITA,7414
704420,214,111,1242,2004.0,0.0,316901.0,-1.63163,-0.9495040000000001,TCD,ITA,7414
704421,215,111,1242,2004.0,0.0,68597.0,-0.569621,-0.533211,TGO,ITA,7414
704422,216,111,1242,2004.0,31827054.0,5512782.0,0.633501,1.4648290000000002,THA,ITA,7414
704423,219,111,1242,2004.0,0.0,122206.0,-0.9017719999999999,-1.2102620000000002,TKM,ITA,7414
704424,222,111,1242,2004.0,0.0,187338.0,-0.108049,-0.923523,TTO,ITA,7414
704425,223,111,1242,2004.0,45172.0,12330916.0,-0.125092,0.370625,TUN,ITA,7414
704426,224,111,1242,2004.0,3462245.0,25743572.0,0.249065,1.910598,TUR,ITA,7414
704427,226,111,1242,2004.0,0.0,455247.0,-0.935327,0.362709,TZA,ITA,7414
704428,227,111,1242,2004.0,0.0,358338.0,-1.05367,-0.546304,UGA,ITA,7414
704429,228,111,1242,2004.0,276229.0,9864725.0,0.672848,1.172735,UKR,ITA,7414
704430,230,111,1242,2004.0,0.0,342647.0,-0.051583000000000004,0.145056,URY,ITA,7414
704431,231,111,1242,2004.0,13620368.0,47948696.0,1.818327,-0.17913900000000002,USA,ITA,7414
704432,232,111,1242,2004.0,0.0,159077.0,-0.518472,-0.7689779999999999,UZB,ITA,7414
704433,234,111,1242,2004.0,0.0,72975.0,-0.706188,-0.9244120000000001,VCT,ITA,7414
704434,236,111,1242,2004.0,39699.0,1827105.0,-0.41193900000000006,-0.9578899999999999,VEN,ITA,7414
704435,239,111,1242,2004.0,0.0,590376.0,-0.46875500000000003,0.734412,VNM,ITA,7414
704436,240,111,1242,2004.0,0.0,2662.0,-1.284054,-1.0415809999999999,VUT,ITA,7414
704437,242,111,1242,2004.0,0.0,8413.0,-0.183327,-0.6788569999999999,WSM,ITA,7414
704438,243,111,1242,2004.0,1238.0,1041903.0,-1.298227,-1.2496639999999999,YEM,ITA,7414
704439,246,111,1242,2004.0,204220.0,5801440.0,0.29599699999999995,1.909018,ZAF,ITA,7414
704440,247,111,1242,2004.0,0.0,11116.0,-0.8752479999999999,-0.784285,ZMB,ITA,7414
704441,248,111,1242,2004.0,0.0,14334.0,-0.44064799999999993,0.01704,ZWE,ITA,7414
704442,249,111,1242,2004.0,1136813.0,1584292.0,1.8844150000000002,1.257951,TWN,ITA,7414
704443,250,111,1242,2004.0,0.0,762060.0,0.46240200000000004,-0.406624,ANS,ITA,7414
704444,8,112,1242,2004.0,77853.0,0.0,-0.070845,0.879574,ARG,JAM,7414
704445,32,112,1242,2004.0,126591.0,0.0,0.504233,1.567879,BRA,JAM,7414
704446,39,112,1242,2004.0,58887.0,0.0,0.781591,1.365966,CAN,JAM,7414
704447,43,112,1242,2004.0,639677.0,0.0,0.710603,2.017234,CHN,JAM,7414
704448,49,112,1242,2004.0,8730.0,0.0,0.044706,0.514304,COL,JAM,7414
704449,54,112,1242,2004.0,1360.0,0.0,-0.16826,-0.644388,CUB,JAM,7414
704450,63,112,1242,2004.0,6934.0,0.0,0.478601,0.368796,DMA,JAM,7414
704451,64,112,1242,2004.0,93609.0,0.0,1.309074,1.2627979999999999,DNK,JAM,7414
704452,71,112,1242,2004.0,40568.0,0.0,1.04057,1.789023,ESP,JAM,7414
704453,77,112,1242,2004.0,70491.0,0.0,1.57079,0.6776760000000001,FRA,JAM,7414
704454,81,112,1242,2004.0,45936.0,0.0,1.872987,0.734065,GBR,JAM,7414
704455,93,112,1242,2004.0,96126.0,0.0,-0.39399,0.139128,GTM,JAM,7414
704456,97,112,1242,2004.0,12333.0,0.0,0.72816,1.403171,HKG,JAM,7414
704457,99,112,1242,2004.0,0.0,55832.0,-0.6372140000000001,-0.453946,HND,JAM,7414
704458,104,112,1242,2004.0,8313.0,0.0,0.20872,2.817307,IND,JAM,7414
704459,111,112,1242,2004.0,227596.0,0.0,1.440372,0.676068,ITA,JAM,7414
704460,114,112,1242,2004.0,95524.0,0.0,2.756136,0.15545,JPN,JAM,7414
704461,121,112,1242,2004.0,17584.0,0.0,1.481275,0.7859,KOR,JAM,7414
704462,138,112,1242,2004.0,93673.0,0.0,1.183707,0.9043700000000001,MEX,JAM,7414
704463,153,112,1242,2004.0,564929.0,0.0,1.250098,0.352379,MYS,JAM,7414
704464,169,112,1242,2004.0,299090.0,28493.0,0.054997000000000004,0.440416,PAN,JAM,7414
704465,178,112,1242,2004.0,19763.0,0.0,0.695376,0.9732209999999999,PRK,JAM,7414
704466,192,112,1242,2004.0,1366.0,0.0,1.804502,0.570084,SGP,JAM,7414
704467,222,112,1242,2004.0,437630.0,0.0,-0.108049,-0.923523,TTO,JAM,7414
704468,231,112,1242,2004.0,3666110.0,1993.0,1.818327,-0.17913900000000002,USA,JAM,7414
704469,249,112,1242,2004.0,26540.0,0.0,1.8844150000000002,1.257951,TWN,JAM,7414
704470,1,114,1242,2004.0,0.0,3727.0,-0.8890309999999999,-0.773602,AFG,JPN,7414
704471,6,114,1242,2004.0,0.0,53663.0,0.080304,-0.634516,ANT,JPN,7414
704472,7,114,1242,2004.0,0.0,3715266.0,-0.10993399999999999,-0.5351640000000001,ARE,JPN,7414
704473,8,114,1242,2004.0,0.0,1347878.0,-0.070845,0.879574,ARG,JPN,7414
704474,10,114,1242,2004.0,0.0,44432.0,1.0764479999999998,0.678424,ASM,JPN,7414
704475,14,114,1242,2004.0,465328.0,67361328.0,-0.198735,0.81543,AUS,JPN,7414
704476,15,114,1242,2004.0,1056573.0,3798463.0,1.958949,0.209296,AUT,JPN,7414
704477,16,114,1242,2004.0,0.0,122457.0,-0.720616,-1.009692,AZE,JPN,7414
704478,18,114,1242,2004.0,201406.0,41862164.0,1.242665,1.541444,BEL,JPN,7414
704479,19,114,1242,2004.0,0.0,599054.0,-1.422449,-1.09615,BEN,JPN,7414
704480,22,114,1242,2004.0,0.0,620706.0,-1.074194,-0.9392389999999999,BGD,JPN,7414
704481,24,114,1242,2004.0,0.0,39113.0,-0.551237,-1.174628,BHR,JPN,7414
704482,25,114,1242,2004.0,0.0,2577.0,0.029548,-0.692239,BHS,JPN,7414
704483,29,114,1242,2004.0,0.0,44599.0,-0.528459,-0.739219,BLZ,JPN,7414
704484,30,114,1242,2004.0,0.0,14912.0,0.67576,-0.49529799999999996,BMU,JPN,7414
704485,31,114,1242,2004.0,0.0,1215.0,-0.841087,-0.770059,BOL,JPN,7414
704486,32,114,1242,2004.0,9538.0,5075960.0,0.504233,1.567879,BRA,JPN,7414
704487,33,114,1242,2004.0,0.0,7846.0,0.644308,0.290054,BRB,JPN,7414
704488,34,114,1242,2004.0,0.0,6394.0,-0.720827,-0.964435,BRN,JPN,7414
704489,39,114,1242,2004.0,297553.0,5394658.0,0.781591,1.365966,CAN,JPN,7414
704490,41,114,1242,2004.0,1819734.0,1999943.0,2.234603,0.551975,CHE,JPN,7414
704491,42,114,1242,2004.0,0.0,575580.0,-0.24101399999999998,-0.303103,CHL,JPN,7414
704492,43,114,1242,2004.0,218590208.0,225392032.0,0.710603,2.017234,CHN,JPN,7414
704493,44,114,1242,2004.0,0.0,32043.0,-0.835933,-0.749289,CIV,JPN,7414
704494,49,114,1242,2004.0,0.0,106263.0,0.044706,0.514304,COL,JPN,7414
704495,52,114,1242,2004.0,0.0,353453.0,-0.036323,-0.313847,CRI,JPN,7414
704496,54,114,1242,2004.0,0.0,382001.0,-0.16826,-0.644388,CUB,JPN,7414
704497,58,114,1242,2004.0,0.0,1197309.0,0.42732200000000004,0.811763,CYP,JPN,7414
704498,59,114,1242,2004.0,585382.0,5790618.0,1.612543,0.607495,CZE,JPN,7414
704499,61,114,1242,2004.0,13830533.0,25363822.0,2.4453099999999997,-2.331761,DEU,JPN,7414
704500,63,114,1242,2004.0,0.0,143537.0,0.478601,0.368796,DMA,JPN,7414
704501,64,114,1242,2004.0,7032350.0,878781.0,1.309074,1.2627979999999999,DNK,JPN,7414
704502,65,114,1242,2004.0,0.0,2137.0,-0.24909699999999999,-0.326783,DOM,JPN,7414
704503,66,114,1242,2004.0,0.0,35730.0,-1.166661,-1.2240879999999998,DZA,JPN,7414
704504,67,114,1242,2004.0,0.0,96576.0,-0.990727,-0.9383090000000001,ECU,JPN,7414
704505,68,114,1242,2004.0,0.0,864237.0,-0.35823499999999997,0.5000100000000001,EGY,JPN,7414
704506,71,114,1242,2004.0,162788.0,54842224.0,1.04057,1.789023,ESP,JPN,7414
704507,72,114,1242,2004.0,0.0,11552.0,0.645741,1.035117,EST,JPN,7414
704508,73,114,1242,2004.0,0.0,14592.0,-1.202444,-0.8973120000000001,ETH,JPN,7414
704509,74,114,1242,2004.0,13877.0,2208835.0,1.9662810000000002,1.018108,FIN,JPN,7414
704510,75,114,1242,2004.0,0.0,104030.0,-0.793333,-0.27460100000000004,FJI,JPN,7414
704511,77,114,1242,2004.0,3058793.0,31861514.0,1.57079,0.6776760000000001,FRA,JPN,7414
704512,78,114,1242,2004.0,0.0,2496.0,-1.127967,-1.002561,FRO,JPN,7414
704513,79,114,1242,2004.0,0.0,29558.0,-1.155942,-1.049955,FSM,JPN,7414
704514,80,114,1242,2004.0,0.0,87885.0,-1.006071,-1.212338,GAB,JPN,7414
704515,81,114,1242,2004.0,407415.0,38284656.0,1.872987,0.734065,GBR,JPN,7414
704516,82,114,1242,2004.0,26920.0,54304.0,-0.030676,-0.560186,GEO,JPN,7414
704517,83,114,1242,2004.0,0.0,2668.0,-1.015073,-0.9147069999999999,GHA,JPN,7414
704518,90,114,1242,2004.0,17152.0,5960428.0,0.298029,1.745886,GRC,JPN,7414
704519,91,114,1242,2004.0,0.0,7179.0,0.426058,-0.30841799999999997,GRD,JPN,7414
704520,93,114,1242,2004.0,0.0,9104.0,-0.39399,0.139128,GTM,JPN,7414
704521,95,114,1242,2004.0,0.0,150630.0,0.136164,-0.616118,GUM,JPN,7414
704522,96,114,1242,2004.0,0.0,23780.0,-0.932802,-0.9846530000000001,GUY,JPN,7414
704523,97,114,1242,2004.0,1265071.0,14432957.0,0.72816,1.403171,HKG,JPN,7414
704524,99,114,1242,2004.0,0.0,4272.0,-0.6372140000000001,-0.453946,HND,JPN,7414
704525,100,114,1242,2004.0,0.0,157127.0,0.744459,1.1994479999999998,HRV,JPN,7414
704526,101,114,1242,2004.0,0.0,6382.0,-0.919434,-0.9868950000000001,HTI,JPN,7414
704527,102,114,1242,2004.0,118842.0,69663.0,1.3579370000000002,0.9993219999999999,HUN,JPN,7414
704528,103,114,1242,2004.0,742659.0,9322516.0,0.010095999999999999,1.7413779999999999,IDN,JPN,7414
704529,104,114,1242,2004.0,58238.0,7184588.0,0.20872,2.817307,IND,JPN,7414
704530,106,114,1242,2004.0,4996924.0,3863794.0,1.498475,0.19050799999999998,IRL,JPN,7414
704531,107,114,1242,2004.0,0.0,8218727.0,-0.6691699999999999,-1.002548,IRN,JPN,7414
704532,110,114,1242,2004.0,36582.0,226692.0,1.252895,0.8662770000000001,ISR,JPN,7414
704533,111,114,1242,2004.0,3867431.0,55302168.0,1.440372,0.676068,ITA,JPN,7414
704534,112,114,1242,2004.0,0.0,95524.0,-0.505365,-0.9596120000000001,JAM,JPN,7414
704535,113,114,1242,2004.0,0.0,150087.0,0.16384200000000002,0.34270100000000003,JOR,JPN,7414
704536,116,114,1242,2004.0,2457.0,40475.0,-0.565597,0.182375,KEN,JPN,7414
704537,118,114,1242,2004.0,0.0,154206.0,-1.145227,-1.19179,KHM,JPN,7414
704538,119,114,1242,2004.0,0.0,22436.0,-0.21806399999999998,-0.797764,KIR,JPN,7414
704539,121,114,1242,2004.0,7576704.0,55494692.0,1.481275,0.7859,KOR,JPN,7414
704540,122,114,1242,2004.0,0.0,1348822.0,-0.8195479999999999,-1.2105709999999998,KWT,JPN,7414
704541,124,114,1242,2004.0,0.0,311722.0,0.269753,1.3152979999999999,LBN,JPN,7414
704542,125,114,1242,2004.0,0.0,4569.0,0.037469,-1.036878,LBR,JPN,7414
704543,126,114,1242,2004.0,0.0,6595.0,-0.895142,-1.211141,LBY,JPN,7414
704544,128,114,1242,2004.0,0.0,512917.0,-0.42450299999999996,0.173518,LKA,JPN,7414
704545,130,114,1242,2004.0,0.0,12481.0,0.341521,0.7971560000000001,LTU,JPN,7414
704546,133,114,1242,2004.0,0.0,244192.0,-0.12333599999999999,-0.600164,MAC,JPN,7414
704547,134,114,1242,2004.0,0.0,83787.0,-0.626594,-0.22253499999999998,MAR,JPN,7414
704548,136,114,1242,2004.0,0.0,1661.0,-1.1010799999999998,-0.7367859999999999,MDG,JPN,7414
704549,137,114,1242,2004.0,0.0,115510.0,-0.44303000000000003,-0.841744,MDV,JPN,7414
704550,138,114,1242,2004.0,61473.0,1691909.0,1.183707,0.9043700000000001,MEX,JPN,7414
704551,139,114,1242,2004.0,0.0,49723.0,-0.712684,-0.88944,MHL,JPN,7414
704552,142,114,1242,2004.0,0.0,297821.0,1.2290379999999999,-0.025372,MLT,JPN,7414
704553,143,114,1242,2004.0,0.0,11024.0,-1.048261,-0.828443,MMR,JPN,7414
704554,146,114,1242,2004.0,0.0,42777.0,-0.22844699999999998,-0.684888,MNP,JPN,7414
704555,147,114,1242,2004.0,0.0,47633.0,-1.009633,-0.9863059999999999,MOZ,JPN,7414
704556,148,114,1242,2004.0,0.0,31272.0,-1.8941119999999998,-1.357728,MRT,JPN,7414
704557,151,114,1242,2004.0,0.0,151368.0,-0.161262,-0.29730300000000004,MUS,JPN,7414
704558,152,114,1242,2004.0,0.0,8563.0,-1.233417,-1.071204,MWI,JPN,7414
704559,153,114,1242,2004.0,454348.0,6432068.0,1.250098,0.352379,MYS,JPN,7414
704560,154,114,1242,2004.0,0.0,4013.0,1.290551,0.284667,MYT,JPN,7414
704561,156,114,1242,2004.0,0.0,84540.0,-0.279566,-0.860456,NCL,JPN,7414
704562,157,114,1242,2004.0,0.0,8852.0,-1.102485,-0.850282,NER,JPN,7414
704563,159,114,1242,2004.0,0.0,21310.0,-2.336753,-1.350375,NGA,JPN,7414
704564,160,114,1242,2004.0,0.0,2336.0,-1.003846,-0.697642,NIC,JPN,7414
704565,162,114,1242,2004.0,3135398.0,39027592.0,1.171327,1.6369799999999999,NLD,JPN,7414
704566,163,114,1242,2004.0,598908.0,364009.0,0.731175,-0.0655,NOR,JPN,7414
704567,164,114,1242,2004.0,0.0,8787.0,-0.16800199999999998,0.541976,NPL,JPN,7414
704568,166,114,1242,2004.0,70470.0,3175686.0,0.44099099999999997,0.968326,NZL,JPN,7414
704569,167,114,1242,2004.0,0.0,404885.0,-0.707862,-1.187629,OMN,JPN,7414
704570,168,114,1242,2004.0,0.0,4225609.0,-0.7489600000000001,0.22493200000000002,PAK,JPN,7414
704571,169,114,1242,2004.0,0.0,472684.0,0.054997000000000004,0.440416,PAN,JPN,7414
704572,173,114,1242,2004.0,0.0,52184.0,-0.609837,0.13314,PER,JPN,7414
704573,174,114,1242,2004.0,12303103.0,2807185.0,0.288786,-0.25348699999999996,PHL,JPN,7414
704574,175,114,1242,2004.0,0.0,1859.0,0.222671,-0.802012,PLW,JPN,7414
704575,176,114,1242,2004.0,0.0,3570.0,-1.57259,-1.215066,PNG,JPN,7414
704576,177,114,1242,2004.0,4273.0,277817.0,0.989568,1.49055,POL,JPN,7414
704577,178,114,1242,2004.0,0.0,539060.0,0.695376,0.9732209999999999,PRK,JPN,7414
704578,179,114,1242,2004.0,0.0,4081630.0,0.705075,1.7268729999999999,PRT,JPN,7414
704579,182,114,1242,2004.0,0.0,251708.0,-0.125349,-0.718282,PYF,JPN,7414
704580,183,114,1242,2004.0,0.0,237443.0,0.018141,-1.03766,QAT,JPN,7414
704581,185,114,1242,2004.0,0.0,13629.0,0.53925,1.145066,ROU,JPN,7414
704582,186,114,1242,2004.0,560629.0,674078.0,0.422803,0.017524,RUS,JPN,7414
704583,188,114,1242,2004.0,22485.0,2237190.0,0.361324,-0.760732,SAU,JPN,7414
704584,189,114,1242,2004.0,0.0,10224.0,0.544686,2.418024,SCG,JPN,7414
704585,190,114,1242,2004.0,0.0,4440.0,-1.503552,-1.253193,SDN,JPN,7414
704586,191,114,1242,2004.0,0.0,130799.0,-0.620158,-0.296575,SEN,JPN,7414
704587,192,114,1242,2004.0,243768.0,28115108.0,1.804502,0.570084,SGP,JPN,7414
704588,205,114,1242,2004.0,0.0,3224.0,-1.056251,-1.0234590000000001,SUR,JPN,7414
704589,206,114,1242,2004.0,3260.0,2646.0,1.2683149999999999,0.9208620000000001,SVK,JPN,7414
704590,207,114,1242,2004.0,0.0,9959.0,1.700677,0.829765,SVN,JPN,7414
704591,208,114,1242,2004.0,1837364.0,1876121.0,2.105611,0.707843,SWE,JPN,7414
704592,211,114,1242,2004.0,0.0,119556.0,-0.585828,-0.768388,SYC,JPN,7414
704593,212,114,1242,2004.0,0.0,18152.0,-0.698545,-0.111323,SYR,JPN,7414
704594,216,114,1242,2004.0,35773332.0,25336810.0,0.633501,1.4648290000000002,THA,JPN,7414
704595,222,114,1242,2004.0,0.0,38465.0,-0.108049,-0.923523,TTO,JPN,7414
704596,223,114,1242,2004.0,0.0,41095.0,-0.125092,0.370625,TUN,JPN,7414
704597,224,114,1242,2004.0,11657.0,5359084.0,0.249065,1.910598,TUR,JPN,7414
704598,225,114,1242,2004.0,0.0,1850.0,1.8128529999999998,-0.173455,TUV,JPN,7414
704599,226,114,1242,2004.0,0.0,109381.0,-0.935327,0.362709,TZA,JPN,7414
704600,227,114,1242,2004.0,0.0,51526.0,-1.05367,-0.546304,UGA,JPN,7414
704601,228,114,1242,2004.0,0.0,18942.0,0.672848,1.172735,UKR,JPN,7414
704602,230,114,1242,2004.0,0.0,75505.0,-0.051583000000000004,0.145056,URY,JPN,7414
704603,231,114,1242,2004.0,44168600.0,48570856.0,1.818327,-0.17913900000000002,USA,JPN,7414
704604,234,114,1242,2004.0,0.0,1178021.0,-0.706188,-0.9244120000000001,VCT,JPN,7414
704605,236,114,1242,2004.0,0.0,565485.0,-0.41193900000000006,-0.9578899999999999,VEN,JPN,7414
704606,239,114,1242,2004.0,698466.0,4760668.0,-0.46875500000000003,0.734412,VNM,JPN,7414
704607,242,114,1242,2004.0,0.0,5881.0,-0.183327,-0.6788569999999999,WSM,JPN,7414
704608,243,114,1242,2004.0,0.0,70861.0,-1.298227,-1.2496639999999999,YEM,JPN,7414
704609,246,114,1242,2004.0,0.0,6311242.0,0.29599699999999995,1.909018,ZAF,JPN,7414
704610,247,114,1242,2004.0,0.0,28008.0,-0.8752479999999999,-0.784285,ZMB,JPN,7414
704611,249,114,1242,2004.0,4329966.0,36528388.0,1.8844150000000002,1.257951,TWN,JPN,7414
704612,7,121,1242,2004.0,12554.0,613033.0,-0.10993399999999999,-0.5351640000000001,ARE,KOR,7414
704613,8,121,1242,2004.0,6044.0,188509.0,-0.070845,0.879574,ARG,KOR,7414
704614,14,121,1242,2004.0,592081.0,2821164.0,-0.198735,0.81543,AUS,KOR,7414
704615,15,121,1242,2004.0,511192.0,29213.0,1.958949,0.209296,AUT,KOR,7414
704616,18,121,1242,2004.0,28599.0,156277.0,1.242665,1.541444,BEL,KOR,7414
704617,19,121,1242,2004.0,0.0,9467.0,-1.422449,-1.09615,BEN,KOR,7414
704618,22,121,1242,2004.0,0.0,1429288.0,-1.074194,-0.9392389999999999,BGD,KOR,7414
704619,23,121,1242,2004.0,0.0,12533.0,0.390627,1.631006,BGR,KOR,7414
704620,24,121,1242,2004.0,0.0,29570.0,-0.551237,-1.174628,BHR,KOR,7414
704621,28,121,1242,2004.0,0.0,11031.0,0.9384239999999999,0.9708690000000001,BLR,KOR,7414
704622,32,121,1242,2004.0,259402.0,4569552.0,0.504233,1.567879,BRA,KOR,7414
704623,34,121,1242,2004.0,0.0,36618.0,-0.720827,-0.964435,BRN,KOR,7414
704624,37,121,1242,2004.0,0.0,1792.0,-0.435159,-1.150519,BWA,KOR,7414
704625,39,121,1242,2004.0,112149.0,1301229.0,0.781591,1.365966,CAN,KOR,7414
704626,41,121,1242,2004.0,216950.0,18590.0,2.234603,0.551975,CHE,KOR,7414
704627,42,121,1242,2004.0,0.0,783300.0,-0.24101399999999998,-0.303103,CHL,KOR,7414
704628,43,121,1242,2004.0,17205432.0,14236760.0,0.710603,2.017234,CHN,KOR,7414
704629,49,121,1242,2004.0,0.0,466556.0,0.044706,0.514304,COL,KOR,7414
704630,52,121,1242,2004.0,0.0,47788.0,-0.036323,-0.313847,CRI,KOR,7414
704631,54,121,1242,2004.0,0.0,3095.0,-0.16826,-0.644388,CUB,KOR,7414
704632,58,121,1242,2004.0,0.0,89817.0,0.42732200000000004,0.811763,CYP,KOR,7414
704633,59,121,1242,2004.0,22854.0,86196.0,1.612543,0.607495,CZE,KOR,7414
704634,61,121,1242,2004.0,4121749.0,765029.0,2.4453099999999997,-2.331761,DEU,KOR,7414
704635,64,121,1242,2004.0,13420763.0,36460.0,1.309074,1.2627979999999999,DNK,KOR,7414
704636,65,121,1242,2004.0,0.0,33986.0,-0.24909699999999999,-0.326783,DOM,KOR,7414
704637,66,121,1242,2004.0,0.0,15451.0,-1.166661,-1.2240879999999998,DZA,KOR,7414
704638,67,121,1242,2004.0,0.0,66778.0,-0.990727,-0.9383090000000001,ECU,KOR,7414
704639,68,121,1242,2004.0,6964.0,13037528.0,-0.35823499999999997,0.5000100000000001,EGY,KOR,7414
704640,71,121,1242,2004.0,97691.0,16010599.0,1.04057,1.789023,ESP,KOR,7414
704641,72,121,1242,2004.0,0.0,18412.0,0.645741,1.035117,EST,KOR,7414
704642,74,121,1242,2004.0,123832.0,19893.0,1.9662810000000002,1.018108,FIN,KOR,7414
704643,75,121,1242,2004.0,0.0,2763.0,-0.793333,-0.27460100000000004,FJI,KOR,7414
704644,77,121,1242,2004.0,1763430.0,145283.0,1.57079,0.6776760000000001,FRA,KOR,7414
704645,80,121,1242,2004.0,0.0,1071.0,-1.006071,-1.212338,GAB,KOR,7414
704646,81,121,1242,2004.0,1255759.0,3227967.0,1.872987,0.734065,GBR,KOR,7414
704647,83,121,1242,2004.0,0.0,7140.0,-1.015073,-0.9147069999999999,GHA,KOR,7414
704648,85,121,1242,2004.0,0.0,63973.0,-1.004077,-1.108018,GIN,KOR,7414
704649,88,121,1242,2004.0,0.0,62034.0,-1.258264,-1.028131,GNB,KOR,7414
704650,90,121,1242,2004.0,4863.0,190967.0,0.298029,1.745886,GRC,KOR,7414
704651,93,121,1242,2004.0,0.0,22325.0,-0.39399,0.139128,GTM,KOR,7414
704652,95,121,1242,2004.0,0.0,58856.0,0.136164,-0.616118,GUM,KOR,7414
704653,96,121,1242,2004.0,0.0,26184.0,-0.932802,-0.9846530000000001,GUY,KOR,7414
704654,97,121,1242,2004.0,230071.0,527355.0,0.72816,1.403171,HKG,KOR,7414
704655,100,121,1242,2004.0,0.0,159551.0,0.744459,1.1994479999999998,HRV,KOR,7414
704656,102,121,1242,2004.0,8616.0,283392.0,1.3579370000000002,0.9993219999999999,HUN,KOR,7414
704657,103,121,1242,2004.0,125697.0,7119084.0,0.010095999999999999,1.7413779999999999,IDN,KOR,7414
704658,104,121,1242,2004.0,1954.0,4594114.0,0.20872,2.817307,IND,KOR,7414
704659,106,121,1242,2004.0,57400.0,41004.0,1.498475,0.19050799999999998,IRL,KOR,7414
704660,107,121,1242,2004.0,0.0,3845456.0,-0.6691699999999999,-1.002548,IRN,KOR,7414
704661,109,121,1242,2004.0,0.0,94864.0,0.107901,-0.41223699999999996,ISL,KOR,7414
704662,110,121,1242,2004.0,44185.0,845530.0,1.252895,0.8662770000000001,ISR,KOR,7414
704663,111,121,1242,2004.0,8078246.0,608886.0,1.440372,0.676068,ITA,KOR,7414
704664,112,121,1242,2004.0,0.0,17584.0,-0.505365,-0.9596120000000001,JAM,KOR,7414
704665,113,121,1242,2004.0,0.0,2168616.0,0.16384200000000002,0.34270100000000003,JOR,KOR,7414
704666,114,121,1242,2004.0,55494692.0,7576704.0,2.756136,0.15545,JPN,KOR,7414
704667,115,121,1242,2004.0,0.0,26145.0,-0.43987200000000004,-0.50862,KAZ,KOR,7414
704668,116,121,1242,2004.0,0.0,7269.0,-0.565597,0.182375,KEN,KOR,7414
704669,118,121,1242,2004.0,0.0,28431.0,-1.145227,-1.19179,KHM,KOR,7414
704670,122,121,1242,2004.0,0.0,108872.0,-0.8195479999999999,-1.2105709999999998,KWT,KOR,7414
704671,124,121,1242,2004.0,0.0,748718.0,0.269753,1.3152979999999999,LBN,KOR,7414
704672,126,121,1242,2004.0,0.0,66805.0,-0.895142,-1.211141,LBY,KOR,7414
704673,128,121,1242,2004.0,0.0,100883.0,-0.42450299999999996,0.173518,LKA,KOR,7414
704674,130,121,1242,2004.0,0.0,176208.0,0.341521,0.7971560000000001,LTU,KOR,7414
704675,132,121,1242,2004.0,0.0,13479.0,0.415001,0.8476809999999999,LVA,KOR,7414
704676,134,121,1242,2004.0,0.0,19628.0,-0.626594,-0.22253499999999998,MAR,KOR,7414
704677,138,121,1242,2004.0,453295.0,33250234.0,1.183707,0.9043700000000001,MEX,KOR,7414
704678,142,121,1242,2004.0,4998.0,26743.0,1.2290379999999999,-0.025372,MLT,KOR,7414
704679,143,121,1242,2004.0,0.0,93266.0,-1.048261,-0.828443,MMR,KOR,7414
704680,145,121,1242,2004.0,0.0,76947.0,-0.920198,-1.1059219999999998,MNG,KOR,7414
704681,147,121,1242,2004.0,0.0,8540.0,-1.009633,-0.9863059999999999,MOZ,KOR,7414
704682,151,121,1242,2004.0,0.0,28729.0,-0.161262,-0.29730300000000004,MUS,KOR,7414
704683,153,121,1242,2004.0,134190.0,5403432.0,1.250098,0.352379,MYS,KOR,7414
704684,159,121,1242,2004.0,0.0,35135.0,-2.336753,-1.350375,NGA,KOR,7414
704685,160,121,1242,2004.0,0.0,6415.0,-1.003846,-0.697642,NIC,KOR,7414
704686,162,121,1242,2004.0,821294.0,1193436.0,1.171327,1.6369799999999999,NLD,KOR,7414
704687,163,121,1242,2004.0,56074.0,71794.0,0.731175,-0.0655,NOR,KOR,7414
704688,164,121,1242,2004.0,0.0,4008.0,-0.16800199999999998,0.541976,NPL,KOR,7414
704689,166,121,1242,2004.0,14307.0,205033.0,0.44099099999999997,0.968326,NZL,KOR,7414
704690,167,121,1242,2004.0,0.0,23117.0,-0.707862,-1.187629,OMN,KOR,7414
704691,168,121,1242,2004.0,2835.0,2620606.0,-0.7489600000000001,0.22493200000000002,PAK,KOR,7414
704692,169,121,1242,2004.0,1789.0,189884.0,0.054997000000000004,0.440416,PAN,KOR,7414
704693,173,121,1242,2004.0,0.0,174212.0,-0.609837,0.13314,PER,KOR,7414
704694,174,121,1242,2004.0,1567.0,1864672.0,0.288786,-0.25348699999999996,PHL,KOR,7414
704695,176,121,1242,2004.0,0.0,157302.0,-1.57259,-1.215066,PNG,KOR,7414
704696,177,121,1242,2004.0,0.0,214484.0,0.989568,1.49055,POL,KOR,7414
704697,179,121,1242,2004.0,0.0,63852.0,0.705075,1.7268729999999999,PRT,KOR,7414
704698,180,121,1242,2004.0,0.0,1111.0,-0.634469,-0.870034,PRY,KOR,7414
704699,182,121,1242,2004.0,0.0,103162.0,-0.125349,-0.718282,PYF,KOR,7414
704700,183,121,1242,2004.0,0.0,102064.0,0.018141,-1.03766,QAT,KOR,7414
704701,185,121,1242,2004.0,0.0,69129.0,0.53925,1.145066,ROU,KOR,7414
704702,186,121,1242,2004.0,3892.0,28012602.0,0.422803,0.017524,RUS,KOR,7414
704703,188,121,1242,2004.0,0.0,2784218.0,0.361324,-0.760732,SAU,KOR,7414
704704,189,121,1242,2004.0,0.0,1200.0,0.544686,2.418024,SCG,KOR,7414
704705,190,121,1242,2004.0,0.0,309032.0,-1.503552,-1.253193,SDN,KOR,7414
704706,191,121,1242,2004.0,0.0,124377.0,-0.620158,-0.296575,SEN,KOR,7414
704707,192,121,1242,2004.0,2308026.0,1961738.0,1.804502,0.570084,SGP,KOR,7414
704708,197,121,1242,2004.0,0.0,24655.0,-0.21054299999999998,0.086382,SLV,KOR,7414
704709,206,121,1242,2004.0,10715.0,51688.0,1.2683149999999999,0.9208620000000001,SVK,KOR,7414
704710,207,121,1242,2004.0,38764.0,3935.0,1.700677,0.829765,SVN,KOR,7414
704711,208,121,1242,2004.0,494317.0,23270.0,2.105611,0.707843,SWE,KOR,7414
704712,212,121,1242,2004.0,0.0,1117234.0,-0.698545,-0.111323,SYR,KOR,7414
704713,216,121,1242,2004.0,1316804.0,5372584.0,0.633501,1.4648290000000002,THA,KOR,7414
704714,219,121,1242,2004.0,0.0,1119.0,-0.9017719999999999,-1.2102620000000002,TKM,KOR,7414
704715,222,121,1242,2004.0,0.0,12194.0,-0.108049,-0.923523,TTO,KOR,7414
704716,223,121,1242,2004.0,0.0,782746.0,-0.125092,0.370625,TUN,KOR,7414
704717,224,121,1242,2004.0,236970.0,955824.0,0.249065,1.910598,TUR,KOR,7414
704718,226,121,1242,2004.0,0.0,1101.0,-0.935327,0.362709,TZA,KOR,7414
704719,227,121,1242,2004.0,11827.0,2208.0,-1.05367,-0.546304,UGA,KOR,7414
704720,228,121,1242,2004.0,38689.0,21188.0,0.672848,1.172735,UKR,KOR,7414
704721,230,121,1242,2004.0,0.0,3804.0,-0.051583000000000004,0.145056,URY,KOR,7414
704722,231,121,1242,2004.0,29898814.0,19143382.0,1.818327,-0.17913900000000002,USA,KOR,7414
704723,232,121,1242,2004.0,0.0,2170.0,-0.518472,-0.7689779999999999,UZB,KOR,7414
704724,236,121,1242,2004.0,0.0,37828.0,-0.41193900000000006,-0.9578899999999999,VEN,KOR,7414
704725,239,121,1242,2004.0,10446.0,12316566.0,-0.46875500000000003,0.734412,VNM,KOR,7414
704726,242,121,1242,2004.0,0.0,71457.0,-0.183327,-0.6788569999999999,WSM,KOR,7414
704727,243,121,1242,2004.0,0.0,50271.0,-1.298227,-1.2496639999999999,YEM,KOR,7414
704728,246,121,1242,2004.0,0.0,10925263.0,0.29599699999999995,1.909018,ZAF,KOR,7414
704729,248,121,1242,2004.0,0.0,6523.0,-0.44064799999999993,0.01704,ZWE,KOR,7414
704730,249,121,1242,2004.0,1604975.0,3269432.0,1.8844150000000002,1.257951,TWN,KOR,7414
704731,250,121,1242,2004.0,0.0,36771.0,0.46240200000000004,-0.406624,ANS,KOR,7414
704732,7,128,1242,2004.0,127022.0,0.0,-0.10993399999999999,-0.5351640000000001,ARE,LKA,7414
704733,14,128,1242,2004.0,656748.0,0.0,-0.198735,0.81543,AUS,LKA,7414
704734,15,128,1242,2004.0,43802.0,0.0,1.958949,0.209296,AUT,LKA,7414
704735,18,128,1242,2004.0,103357.0,0.0,1.242665,1.541444,BEL,LKA,7414
704736,24,128,1242,2004.0,0.0,1646.0,-0.551237,-1.174628,BHR,LKA,7414
704737,43,128,1242,2004.0,1372714.0,0.0,0.710603,2.017234,CHN,LKA,7414
704738,58,128,1242,2004.0,11202.0,0.0,0.42732200000000004,0.811763,CYP,LKA,7414
704739,61,128,1242,2004.0,348761.0,64840.0,2.4453099999999997,-2.331761,DEU,LKA,7414
704740,64,128,1242,2004.0,35804.0,0.0,1.309074,1.2627979999999999,DNK,LKA,7414
704741,71,128,1242,2004.0,73291.0,0.0,1.04057,1.789023,ESP,LKA,7414
704742,77,128,1242,2004.0,269292.0,0.0,1.57079,0.6776760000000001,FRA,LKA,7414
704743,81,128,1242,2004.0,99558.0,0.0,1.872987,0.734065,GBR,LKA,7414
704744,97,128,1242,2004.0,1887876.0,0.0,0.72816,1.403171,HKG,LKA,7414
704745,103,128,1242,2004.0,0.0,5474.0,0.010095999999999999,1.7413779999999999,IDN,LKA,7414
704746,104,128,1242,2004.0,539261.0,269587.0,0.20872,2.817307,IND,LKA,7414
704747,111,128,1242,2004.0,770476.0,0.0,1.440372,0.676068,ITA,LKA,7414
704748,114,128,1242,2004.0,512917.0,0.0,2.756136,0.15545,JPN,LKA,7414
704749,121,128,1242,2004.0,100883.0,0.0,1.481275,0.7859,KOR,LKA,7414
704750,122,128,1242,2004.0,1712.0,0.0,-0.8195479999999999,-1.2105709999999998,KWT,LKA,7414
704751,137,128,1242,2004.0,0.0,5336.0,-0.44303000000000003,-0.841744,MDV,LKA,7414
704752,153,128,1242,2004.0,209360.0,0.0,1.250098,0.352379,MYS,LKA,7414
704753,162,128,1242,2004.0,8483.0,0.0,1.171327,1.6369799999999999,NLD,LKA,7414
704754,168,128,1242,2004.0,0.0,2914.0,-0.7489600000000001,0.22493200000000002,PAK,LKA,7414
704755,177,128,1242,2004.0,23800.0,0.0,0.989568,1.49055,POL,LKA,7414
704756,192,128,1242,2004.0,1164988.0,0.0,1.804502,0.570084,SGP,LKA,7414
704757,208,128,1242,2004.0,6407.0,0.0,2.105611,0.707843,SWE,LKA,7414
704758,216,128,1242,2004.0,540163.0,0.0,0.633501,1.4648290000000002,THA,LKA,7414
704759,224,128,1242,2004.0,23834.0,0.0,0.249065,1.910598,TUR,LKA,7414
704760,228,128,1242,2004.0,21600.0,0.0,0.672848,1.172735,UKR,LKA,7414
704761,231,128,1242,2004.0,405491.0,13448.0,1.818327,-0.17913900000000002,USA,LKA,7414
704762,239,128,1242,2004.0,29528.0,0.0,-0.46875500000000003,0.734412,VNM,LKA,7414
704763,243,128,1242,2004.0,0.0,5368.0,-1.298227,-1.2496639999999999,YEM,LKA,7414
704764,246,128,1242,2004.0,21169.0,0.0,0.29599699999999995,1.909018,ZAF,LKA,7414
704765,249,128,1242,2004.0,131770.0,0.0,1.8844150000000002,1.257951,TWN,LKA,7414
704766,2,131,1242,2004.0,0.0,45734.0,-0.8688110000000001,-1.198692,AGO,LUX,7414
704767,7,131,1242,2004.0,152140.0,12073.0,-0.10993399999999999,-0.5351640000000001,ARE,LUX,7414
704768,9,131,1242,2004.0,0.0,33621.0,0.497276,-0.226016,ARM,LUX,7414
704769,14,131,1242,2004.0,0.0,2821.0,-0.198735,0.81543,AUS,LUX,7414
704770,15,131,1242,2004.0,57638.0,73478.0,1.958949,0.209296,AUT,LUX,7414
704771,18,131,1242,2004.0,3797709.0,763854.0,1.242665,1.541444,BEL,LUX,7414
704772,21,131,1242,2004.0,0.0,95904.0,-1.118427,-1.091315,BFA,LUX,7414
704773,23,131,1242,2004.0,0.0,82190.0,0.390627,1.631006,BGR,LUX,7414
704774,28,131,1242,2004.0,0.0,7299.0,0.9384239999999999,0.9708690000000001,BLR,LUX,7414
704775,32,131,1242,2004.0,0.0,5814.0,0.504233,1.567879,BRA,LUX,7414
704776,39,131,1242,2004.0,1735.0,3022.0,0.781591,1.365966,CAN,LUX,7414
704777,41,131,1242,2004.0,9160.0,245878.0,2.234603,0.551975,CHE,LUX,7414
704778,43,131,1242,2004.0,8832.0,5495.0,0.710603,2.017234,CHN,LUX,7414
704779,44,131,1242,2004.0,0.0,700040.0,-0.835933,-0.749289,CIV,LUX,7414
704780,47,131,1242,2004.0,0.0,4763.0,-1.415254,-1.24599,COG,LUX,7414
704781,49,131,1242,2004.0,0.0,20306.0,0.044706,0.514304,COL,LUX,7414
704782,59,131,1242,2004.0,0.0,1551.0,1.612543,0.607495,CZE,LUX,7414
704783,61,131,1242,2004.0,3916948.0,2061062.0,2.4453099999999997,-2.331761,DEU,LUX,7414
704784,64,131,1242,2004.0,162245.0,38559.0,1.309074,1.2627979999999999,DNK,LUX,7414
704785,66,131,1242,2004.0,0.0,2860.0,-1.166661,-1.2240879999999998,DZA,LUX,7414
704786,68,131,1242,2004.0,0.0,1478.0,-0.35823499999999997,0.5000100000000001,EGY,LUX,7414
704787,71,131,1242,2004.0,234910.0,369604.0,1.04057,1.789023,ESP,LUX,7414
704788,72,131,1242,2004.0,0.0,4223.0,0.645741,1.035117,EST,LUX,7414
704789,74,131,1242,2004.0,1010.0,100451.0,1.9662810000000002,1.018108,FIN,LUX,7414
704790,77,131,1242,2004.0,1645736.0,1653282.0,1.57079,0.6776760000000001,FRA,LUX,7414
704791,81,131,1242,2004.0,48148.0,90249.0,1.872987,0.734065,GBR,LUX,7414
704792,90,131,1242,2004.0,129421.0,178028.0,0.298029,1.745886,GRC,LUX,7414
704793,97,131,1242,2004.0,0.0,30082.0,0.72816,1.403171,HKG,LUX,7414
704794,100,131,1242,2004.0,5908.0,0.0,0.744459,1.1994479999999998,HRV,LUX,7414
704795,102,131,1242,2004.0,1470898.0,40603.0,1.3579370000000002,0.9993219999999999,HUN,LUX,7414
704796,103,131,1242,2004.0,0.0,9140.0,0.010095999999999999,1.7413779999999999,IDN,LUX,7414
704797,104,131,1242,2004.0,0.0,28852.0,0.20872,2.817307,IND,LUX,7414
704798,106,131,1242,2004.0,15794.0,34648.0,1.498475,0.19050799999999998,IRL,LUX,7414
704799,107,131,1242,2004.0,0.0,93624.0,-0.6691699999999999,-1.002548,IRN,LUX,7414
704800,111,131,1242,2004.0,4972620.0,254757.0,1.440372,0.676068,ITA,LUX,7414
704801,113,131,1242,2004.0,0.0,20415.0,0.16384200000000002,0.34270100000000003,JOR,LUX,7414
704802,116,131,1242,2004.0,0.0,24399.0,-0.565597,0.182375,KEN,LUX,7414
704803,118,131,1242,2004.0,0.0,393182.0,-1.145227,-1.19179,KHM,LUX,7414
704804,122,131,1242,2004.0,0.0,5674.0,-0.8195479999999999,-1.2105709999999998,KWT,LUX,7414
704805,126,131,1242,2004.0,0.0,359990.0,-0.895142,-1.211141,LBY,LUX,7414
704806,129,131,1242,2004.0,0.0,108151.0,-0.886014,-1.031562,LSO,LUX,7414
704807,130,131,1242,2004.0,0.0,265157.0,0.341521,0.7971560000000001,LTU,LUX,7414
704808,132,131,1242,2004.0,0.0,4022.0,0.415001,0.8476809999999999,LVA,LUX,7414
704809,134,131,1242,2004.0,7306.0,16085.0,-0.626594,-0.22253499999999998,MAR,LUX,7414
704810,136,131,1242,2004.0,0.0,18300.0,-1.1010799999999998,-0.7367859999999999,MDG,LUX,7414
704811,141,131,1242,2004.0,0.0,97248.0,-0.5807979999999999,-0.797311,MLI,LUX,7414
704812,148,131,1242,2004.0,0.0,48606.0,-1.8941119999999998,-1.357728,MRT,LUX,7414
704813,153,131,1242,2004.0,0.0,154839.0,1.250098,0.352379,MYS,LUX,7414
704814,162,131,1242,2004.0,483103.0,398473.0,1.171327,1.6369799999999999,NLD,LUX,7414
704815,163,131,1242,2004.0,0.0,27393.0,0.731175,-0.0655,NOR,LUX,7414
704816,164,131,1242,2004.0,0.0,166012.0,-0.16800199999999998,0.541976,NPL,LUX,7414
704817,168,131,1242,2004.0,0.0,123748.0,-0.7489600000000001,0.22493200000000002,PAK,LUX,7414
704818,174,131,1242,2004.0,0.0,11250.0,0.288786,-0.25348699999999996,PHL,LUX,7414
704819,176,131,1242,2004.0,0.0,20589.0,-1.57259,-1.215066,PNG,LUX,7414
704820,177,131,1242,2004.0,14794.0,10659.0,0.989568,1.49055,POL,LUX,7414
704821,179,131,1242,2004.0,125224.0,1174105.0,0.705075,1.7268729999999999,PRT,LUX,7414
704822,183,131,1242,2004.0,0.0,3100.0,0.018141,-1.03766,QAT,LUX,7414
704823,186,131,1242,2004.0,0.0,856413.0,0.422803,0.017524,RUS,LUX,7414
704824,192,131,1242,2004.0,0.0,30258.0,1.804502,0.570084,SGP,LUX,7414
704825,208,131,1242,2004.0,14631.0,34459.0,2.105611,0.707843,SWE,LUX,7414
704826,209,131,1242,2004.0,0.0,458218.0,0.528937,-0.241038,SWZ,LUX,7414
704827,212,131,1242,2004.0,0.0,217805.0,-0.698545,-0.111323,SYR,LUX,7414
704828,215,131,1242,2004.0,0.0,96605.0,-0.569621,-0.533211,TGO,LUX,7414
704829,216,131,1242,2004.0,0.0,6982.0,0.633501,1.4648290000000002,THA,LUX,7414
704830,223,131,1242,2004.0,0.0,37243.0,-0.125092,0.370625,TUN,LUX,7414
704831,224,131,1242,2004.0,12085.0,535934.0,0.249065,1.910598,TUR,LUX,7414
704832,226,131,1242,2004.0,0.0,433533.0,-0.935327,0.362709,TZA,LUX,7414
704833,227,131,1242,2004.0,0.0,96780.0,-1.05367,-0.546304,UGA,LUX,7414
704834,228,131,1242,2004.0,0.0,8662.0,0.672848,1.172735,UKR,LUX,7414
704835,231,131,1242,2004.0,25006.0,14121.0,1.818327,-0.17913900000000002,USA,LUX,7414
704836,232,131,1242,2004.0,0.0,203005.0,-0.518472,-0.7689779999999999,UZB,LUX,7414
704837,239,131,1242,2004.0,0.0,909040.0,-0.46875500000000003,0.734412,VNM,LUX,7414
704838,243,131,1242,2004.0,0.0,464680.0,-1.298227,-1.2496639999999999,YEM,LUX,7414
704839,246,131,1242,2004.0,0.0,13132.0,0.29599699999999995,1.909018,ZAF,LUX,7414
704840,247,131,1242,2004.0,0.0,125782.0,-0.8752479999999999,-0.784285,ZMB,LUX,7414
704841,249,131,1242,2004.0,1570.0,0.0,1.8844150000000002,1.257951,TWN,LUX,7414
704842,250,131,1242,2004.0,0.0,39683.0,0.46240200000000004,-0.406624,ANS,LUX,7414
704843,0,138,1242,2004.0,63562.0,13796.0,0.074978,-0.8537239999999999,ABW,MEX,7414
704844,8,138,1242,2004.0,516940.0,295962.0,-0.070845,0.879574,ARG,MEX,7414
704845,14,138,1242,2004.0,137898.0,645341.0,-0.198735,0.81543,AUS,MEX,7414
704846,15,138,1242,2004.0,59844.0,12515.0,1.958949,0.209296,AUT,MEX,7414
704847,18,138,1242,2004.0,216118.0,32357.0,1.242665,1.541444,BEL,MEX,7414
704848,25,138,1242,2004.0,0.0,22171.0,0.029548,-0.692239,BHS,MEX,7414
704849,29,138,1242,2004.0,0.0,278872.0,-0.528459,-0.739219,BLZ,MEX,7414
704850,31,138,1242,2004.0,0.0,20831.0,-0.841087,-0.770059,BOL,MEX,7414
704851,32,138,1242,2004.0,8365370.0,158810.0,0.504233,1.567879,BRA,MEX,7414
704852,33,138,1242,2004.0,0.0,2397.0,0.644308,0.290054,BRB,MEX,7414
704853,39,138,1242,2004.0,1592373.0,12462872.0,0.781591,1.365966,CAN,MEX,7414
704854,41,138,1242,2004.0,82427.0,215482.0,2.234603,0.551975,CHE,MEX,7414
704855,42,138,1242,2004.0,879108.0,673473.0,-0.24101399999999998,-0.303103,CHL,MEX,7414
704856,43,138,1242,2004.0,8906214.0,652306.0,0.710603,2.017234,CHN,MEX,7414
704857,49,138,1242,2004.0,117982.0,2399067.0,0.044706,0.514304,COL,MEX,7414
704858,52,138,1242,2004.0,2029.0,1126326.0,-0.036323,-0.313847,CRI,MEX,7414
704859,54,138,1242,2004.0,12408.0,1252741.0,-0.16826,-0.644388,CUB,MEX,7414
704860,59,138,1242,2004.0,247704.0,6088.0,1.612543,0.607495,CZE,MEX,7414
704861,61,138,1242,2004.0,6166187.0,1347818.0,2.4453099999999997,-2.331761,DEU,MEX,7414
704862,64,138,1242,2004.0,1249515.0,0.0,1.309074,1.2627979999999999,DNK,MEX,7414
704863,65,138,1242,2004.0,21840.0,145885.0,-0.24909699999999999,-0.326783,DOM,MEX,7414
704864,67,138,1242,2004.0,5054.0,195988.0,-0.990727,-0.9383090000000001,ECU,MEX,7414
704865,71,138,1242,2004.0,7708297.0,171274.0,1.04057,1.789023,ESP,MEX,7414
704866,74,138,1242,2004.0,2172.0,0.0,1.9662810000000002,1.018108,FIN,MEX,7414
704867,77,138,1242,2004.0,2845368.0,228188.0,1.57079,0.6776760000000001,FRA,MEX,7414
704868,81,138,1242,2004.0,83762.0,4696446.0,1.872987,0.734065,GBR,MEX,7414
704869,90,138,1242,2004.0,0.0,2286.0,0.298029,1.745886,GRC,MEX,7414
704870,93,138,1242,2004.0,154223.0,1764945.0,-0.39399,0.139128,GTM,MEX,7414
704871,96,138,1242,2004.0,0.0,1149.0,-0.932802,-0.9846530000000001,GUY,MEX,7414
704872,97,138,1242,2004.0,946560.0,2836.0,0.72816,1.403171,HKG,MEX,7414
704873,99,138,1242,2004.0,0.0,441810.0,-0.6372140000000001,-0.453946,HND,MEX,7414
704874,102,138,1242,2004.0,0.0,118679.0,1.3579370000000002,0.9993219999999999,HUN,MEX,7414
704875,103,138,1242,2004.0,5869800.0,0.0,0.010095999999999999,1.7413779999999999,IDN,MEX,7414
704876,104,138,1242,2004.0,29182.0,1784.0,0.20872,2.817307,IND,MEX,7414
704877,106,138,1242,2004.0,121963.0,0.0,1.498475,0.19050799999999998,IRL,MEX,7414
704878,111,138,1242,2004.0,9702821.0,444485.0,1.440372,0.676068,ITA,MEX,7414
704879,112,138,1242,2004.0,0.0,93673.0,-0.505365,-0.9596120000000001,JAM,MEX,7414
704880,114,138,1242,2004.0,1691909.0,61473.0,2.756136,0.15545,JPN,MEX,7414
704881,121,138,1242,2004.0,33250234.0,453295.0,1.481275,0.7859,KOR,MEX,7414
704882,122,138,1242,2004.0,0.0,73904.0,-0.8195479999999999,-1.2105709999999998,KWT,MEX,7414
704883,127,138,1242,2004.0,0.0,2008.0,0.31900300000000004,-0.346391,LCA,MEX,7414
704884,136,138,1242,2004.0,0.0,4040.0,-1.1010799999999998,-0.7367859999999999,MDG,MEX,7414
704885,142,138,1242,2004.0,2030.0,0.0,1.2290379999999999,-0.025372,MLT,MEX,7414
704886,153,138,1242,2004.0,453748.0,16354.0,1.250098,0.352379,MYS,MEX,7414
704887,160,138,1242,2004.0,614636.0,1007702.0,-1.003846,-0.697642,NIC,MEX,7414
704888,162,138,1242,2004.0,329986.0,531400.0,1.171327,1.6369799999999999,NLD,MEX,7414
704889,163,138,1242,2004.0,5341.0,17335.0,0.731175,-0.0655,NOR,MEX,7414
704890,166,138,1242,2004.0,2211.0,68534.0,0.44099099999999997,0.968326,NZL,MEX,7414
704891,169,138,1242,2004.0,0.0,705823.0,0.054997000000000004,0.440416,PAN,MEX,7414
704892,173,138,1242,2004.0,22014.0,593270.0,-0.609837,0.13314,PER,MEX,7414
704893,174,138,1242,2004.0,0.0,246324.0,0.288786,-0.25348699999999996,PHL,MEX,7414
704894,177,138,1242,2004.0,0.0,4006.0,0.989568,1.49055,POL,MEX,7414
704895,178,138,1242,2004.0,2497.0,0.0,0.695376,0.9732209999999999,PRK,MEX,7414
704896,179,138,1242,2004.0,1408163.0,0.0,0.705075,1.7268729999999999,PRT,MEX,7414
704897,186,138,1242,2004.0,0.0,131945.0,0.422803,0.017524,RUS,MEX,7414
704898,188,138,1242,2004.0,0.0,28229.0,0.361324,-0.760732,SAU,MEX,7414
704899,192,138,1242,2004.0,204385.0,829878.0,1.804502,0.570084,SGP,MEX,7414
704900,197,138,1242,2004.0,0.0,745709.0,-0.21054299999999998,0.086382,SLV,MEX,7414
704901,206,138,1242,2004.0,109041.0,16268.0,1.2683149999999999,0.9208620000000001,SVK,MEX,7414
704902,208,138,1242,2004.0,1538300.0,1213.0,2.105611,0.707843,SWE,MEX,7414
704903,216,138,1242,2004.0,3073619.0,65485.0,0.633501,1.4648290000000002,THA,MEX,7414
704904,222,138,1242,2004.0,2988.0,4067.0,-0.108049,-0.923523,TTO,MEX,7414
704905,223,138,1242,2004.0,0.0,2057.0,-0.125092,0.370625,TUN,MEX,7414
704906,224,138,1242,2004.0,43870.0,89985.0,0.249065,1.910598,TUR,MEX,7414
704907,230,138,1242,2004.0,0.0,9429.0,-0.051583000000000004,0.145056,URY,MEX,7414
704908,231,138,1242,2004.0,191722640.0,352188352.0,1.818327,-0.17913900000000002,USA,MEX,7414
704909,236,138,1242,2004.0,1123213.0,508350.0,-0.41193900000000006,-0.9578899999999999,VEN,MEX,7414
704910,246,138,1242,2004.0,0.0,176230.0,0.29599699999999995,1.909018,ZAF,MEX,7414
704911,249,138,1242,2004.0,274475.0,0.0,1.8844150000000002,1.257951,TWN,MEX,7414
704912,250,138,1242,2004.0,230679.0,0.0,0.46240200000000004,-0.406624,ANS,MEX,7414
704913,2,153,1242,2004.0,0.0,20644.0,-0.8688110000000001,-1.198692,AGO,MYS,7414
704914,7,153,1242,2004.0,0.0,217471.0,-0.10993399999999999,-0.5351640000000001,ARE,MYS,7414
704915,14,153,1242,2004.0,2250863.0,662056.0,-0.198735,0.81543,AUS,MYS,7414
704916,15,153,1242,2004.0,2731.0,239414.0,1.958949,0.209296,AUT,MYS,7414
704917,18,153,1242,2004.0,80436.0,12374.0,1.242665,1.541444,BEL,MYS,7414
704918,22,153,1242,2004.0,0.0,234561.0,-1.074194,-0.9392389999999999,BGD,MYS,7414
704919,23,153,1242,2004.0,0.0,13270.0,0.390627,1.631006,BGR,MYS,7414
704920,24,153,1242,2004.0,0.0,454402.0,-0.551237,-1.174628,BHR,MYS,7414
704921,32,153,1242,2004.0,124129.0,12199.0,0.504233,1.567879,BRA,MYS,7414
704922,34,153,1242,2004.0,0.0,96298.0,-0.720827,-0.964435,BRN,MYS,7414
704923,39,153,1242,2004.0,0.0,3907174.0,0.781591,1.365966,CAN,MYS,7414
704924,41,153,1242,2004.0,16788.0,0.0,2.234603,0.551975,CHE,MYS,7414
704925,42,153,1242,2004.0,0.0,71947.0,-0.24101399999999998,-0.303103,CHL,MYS,7414
704926,43,153,1242,2004.0,11956604.0,1905208.0,0.710603,2.017234,CHN,MYS,7414
704927,44,153,1242,2004.0,0.0,3889.0,-0.835933,-0.749289,CIV,MYS,7414
704928,52,153,1242,2004.0,0.0,5700.0,-0.036323,-0.313847,CRI,MYS,7414
704929,56,153,1242,2004.0,0.0,59724.0,0.575246,-0.652756,CXR,MYS,7414
704930,58,153,1242,2004.0,0.0,1237.0,0.42732200000000004,0.811763,CYP,MYS,7414
704931,59,153,1242,2004.0,0.0,2061.0,1.612543,0.607495,CZE,MYS,7414
704932,61,153,1242,2004.0,1434379.0,61731.0,2.4453099999999997,-2.331761,DEU,MYS,7414
704933,64,153,1242,2004.0,229675.0,29277.0,1.309074,1.2627979999999999,DNK,MYS,7414
704934,65,153,1242,2004.0,0.0,9385.0,-0.24909699999999999,-0.326783,DOM,MYS,7414
704935,67,153,1242,2004.0,0.0,12332.0,-0.990727,-0.9383090000000001,ECU,MYS,7414
704936,68,153,1242,2004.0,0.0,130607.0,-0.35823499999999997,0.5000100000000001,EGY,MYS,7414
704937,71,153,1242,2004.0,883565.0,14231.0,1.04057,1.789023,ESP,MYS,7414
704938,74,153,1242,2004.0,3237.0,123045.0,1.9662810000000002,1.018108,FIN,MYS,7414
704939,77,153,1242,2004.0,767308.0,27616.0,1.57079,0.6776760000000001,FRA,MYS,7414
704940,81,153,1242,2004.0,52955.0,53464.0,1.872987,0.734065,GBR,MYS,7414
704941,91,153,1242,2004.0,0.0,23519.0,0.426058,-0.30841799999999997,GRD,MYS,7414
704942,93,153,1242,2004.0,0.0,13169.0,-0.39399,0.139128,GTM,MYS,7414
704943,97,153,1242,2004.0,405630.0,859972.0,0.72816,1.403171,HKG,MYS,7414
704944,102,153,1242,2004.0,5045.0,37728.0,1.3579370000000002,0.9993219999999999,HUN,MYS,7414
704945,103,153,1242,2004.0,2200936.0,3754279.0,0.010095999999999999,1.7413779999999999,IDN,MYS,7414
704946,104,153,1242,2004.0,110028.0,5545820.0,0.20872,2.817307,IND,MYS,7414
704947,106,153,1242,2004.0,55407.0,38997.0,1.498475,0.19050799999999998,IRL,MYS,7414
704948,107,153,1242,2004.0,0.0,87571.0,-0.6691699999999999,-1.002548,IRN,MYS,7414
704949,108,153,1242,2004.0,0.0,8501.0,-1.50824,-1.082486,IRQ,MYS,7414
704950,111,153,1242,2004.0,1514726.0,650720.0,1.440372,0.676068,ITA,MYS,7414
704951,112,153,1242,2004.0,0.0,564929.0,-0.505365,-0.9596120000000001,JAM,MYS,7414
704952,113,153,1242,2004.0,0.0,35399.0,0.16384200000000002,0.34270100000000003,JOR,MYS,7414
704953,114,153,1242,2004.0,6432068.0,454348.0,2.756136,0.15545,JPN,MYS,7414
704954,115,153,1242,2004.0,0.0,670149.0,-0.43987200000000004,-0.50862,KAZ,MYS,7414
704955,116,153,1242,2004.0,0.0,36352.0,-0.565597,0.182375,KEN,MYS,7414
704956,118,153,1242,2004.0,0.0,43710.0,-1.145227,-1.19179,KHM,MYS,7414
704957,121,153,1242,2004.0,5403432.0,134190.0,1.481275,0.7859,KOR,MYS,7414
704958,122,153,1242,2004.0,0.0,33108.0,-0.8195479999999999,-1.2105709999999998,KWT,MYS,7414
704959,124,153,1242,2004.0,0.0,5127.0,0.269753,1.3152979999999999,LBN,MYS,7414
704960,128,153,1242,2004.0,0.0,209360.0,-0.42450299999999996,0.173518,LKA,MYS,7414
704961,131,153,1242,2004.0,154839.0,0.0,1.258828,1.079923,LUX,MYS,7414
704962,132,153,1242,2004.0,0.0,58540.0,0.415001,0.8476809999999999,LVA,MYS,7414
704963,137,153,1242,2004.0,0.0,606513.0,-0.44303000000000003,-0.841744,MDV,MYS,7414
704964,138,153,1242,2004.0,16354.0,453748.0,1.183707,0.9043700000000001,MEX,MYS,7414
704965,143,153,1242,2004.0,0.0,327826.0,-1.048261,-0.828443,MMR,MYS,7414
704966,151,153,1242,2004.0,0.0,126100.0,-0.161262,-0.29730300000000004,MUS,MYS,7414
704967,156,153,1242,2004.0,0.0,11109.0,-0.279566,-0.860456,NCL,MYS,7414
704968,159,153,1242,2004.0,0.0,51092.0,-2.336753,-1.350375,NGA,MYS,7414
704969,162,153,1242,2004.0,278525.0,160419.0,1.171327,1.6369799999999999,NLD,MYS,7414
704970,163,153,1242,2004.0,0.0,356230.0,0.731175,-0.0655,NOR,MYS,7414
704971,166,153,1242,2004.0,60950.0,664526.0,0.44099099999999997,0.968326,NZL,MYS,7414
704972,167,153,1242,2004.0,0.0,28806.0,-0.707862,-1.187629,OMN,MYS,7414
704973,168,153,1242,2004.0,0.0,347464.0,-0.7489600000000001,0.22493200000000002,PAK,MYS,7414
704974,174,153,1242,2004.0,153546.0,1822814.0,0.288786,-0.25348699999999996,PHL,MYS,7414
704975,176,153,1242,2004.0,0.0,104785.0,-1.57259,-1.215066,PNG,MYS,7414
704976,179,153,1242,2004.0,20706.0,0.0,0.705075,1.7268729999999999,PRT,MYS,7414
704977,182,153,1242,2004.0,0.0,19479.0,-0.125349,-0.718282,PYF,MYS,7414
704978,183,153,1242,2004.0,0.0,12825.0,0.018141,-1.03766,QAT,MYS,7414
704979,185,153,1242,2004.0,0.0,95121.0,0.53925,1.145066,ROU,MYS,7414
704980,186,153,1242,2004.0,0.0,85774.0,0.422803,0.017524,RUS,MYS,7414
704981,188,153,1242,2004.0,0.0,1218194.0,0.361324,-0.760732,SAU,MYS,7414
704982,189,153,1242,2004.0,0.0,1020.0,0.544686,2.418024,SCG,MYS,7414
704983,190,153,1242,2004.0,0.0,1723.0,-1.503552,-1.253193,SDN,MYS,7414
704984,192,153,1242,2004.0,6281018.0,33612324.0,1.804502,0.570084,SGP,MYS,7414
704985,197,153,1242,2004.0,0.0,5729.0,-0.21054299999999998,0.086382,SLV,MYS,7414
704986,206,153,1242,2004.0,0.0,1397.0,1.2683149999999999,0.9208620000000001,SVK,MYS,7414
704987,207,153,1242,2004.0,0.0,79453.0,1.700677,0.829765,SVN,MYS,7414
704988,208,153,1242,2004.0,169677.0,33137.0,2.105611,0.707843,SWE,MYS,7414
704989,212,153,1242,2004.0,0.0,17300.0,-0.698545,-0.111323,SYR,MYS,7414
704990,216,153,1242,2004.0,9247109.0,10734862.0,0.633501,1.4648290000000002,THA,MYS,7414
704991,222,153,1242,2004.0,0.0,141663.0,-0.108049,-0.923523,TTO,MYS,7414
704992,223,153,1242,2004.0,0.0,47554.0,-0.125092,0.370625,TUN,MYS,7414
704993,224,153,1242,2004.0,7328.0,906405.0,0.249065,1.910598,TUR,MYS,7414
704994,226,153,1242,2004.0,0.0,7770.0,-0.935327,0.362709,TZA,MYS,7414
704995,231,153,1242,2004.0,4705458.0,5032554.0,1.818327,-0.17913900000000002,USA,MYS,7414
704996,237,153,1242,2004.0,5713.0,0.0,0.689844,-0.23942,VGB,MYS,7414
704997,239,153,1242,2004.0,0.0,1006816.0,-0.46875500000000003,0.734412,VNM,MYS,7414
704998,243,153,1242,2004.0,0.0,82256.0,-1.298227,-1.2496639999999999,YEM,MYS,7414
704999,246,153,1242,2004.0,71378.0,4129152.0,0.29599699999999995,1.909018,ZAF,MYS,7414
705000,248,153,1242,2004.0,0.0,10037.0,-0.44064799999999993,0.01704,ZWE,MYS,7414
705001,249,153,1242,2004.0,1503140.0,455807.0,1.8844150000000002,1.257951,TWN,MYS,7414
705002,0,162,1242,2004.0,0.0,39811.0,0.074978,-0.8537239999999999,ABW,NLD,7414
705003,1,162,1242,2004.0,0.0,181639.0,-0.8890309999999999,-0.773602,AFG,NLD,7414
705004,2,162,1242,2004.0,0.0,8708.0,-0.8688110000000001,-1.198692,AGO,NLD,7414
705005,4,162,1242,2004.0,0.0,36732.0,-0.142479,0.136074,ALB,NLD,7414
705006,6,162,1242,2004.0,0.0,211496.0,0.080304,-0.634516,ANT,NLD,7414
705007,7,162,1242,2004.0,7160.0,4857519.0,-0.10993399999999999,-0.5351640000000001,ARE,NLD,7414
705008,8,162,1242,2004.0,0.0,235516.0,-0.070845,0.879574,ARG,NLD,7414
705009,13,162,1242,2004.0,0.0,14929.0,-0.28271,-0.850197,ATG,NLD,7414
705010,14,162,1242,2004.0,79080.0,1621056.0,-0.198735,0.81543,AUS,NLD,7414
705011,15,162,1242,2004.0,3583093.0,1852478.0,1.958949,0.209296,AUT,NLD,7414
705012,16,162,1242,2004.0,0.0,354018.0,-0.720616,-1.009692,AZE,NLD,7414
705013,17,162,1242,2004.0,0.0,396631.0,-1.084376,-1.020132,BDI,NLD,7414
705014,18,162,1242,2004.0,25462750.0,24622768.0,1.242665,1.541444,BEL,NLD,7414
705015,22,162,1242,2004.0,0.0,1332599.0,-1.074194,-0.9392389999999999,BGD,NLD,7414
705016,23,162,1242,2004.0,841266.0,982042.0,0.390627,1.631006,BGR,NLD,7414
705017,24,162,1242,2004.0,0.0,64376.0,-0.551237,-1.174628,BHR,NLD,7414
705018,25,162,1242,2004.0,0.0,96857.0,0.029548,-0.692239,BHS,NLD,7414
705019,26,162,1242,2004.0,0.0,59890.0,0.45637,0.6154470000000001,BIH,NLD,7414
705020,28,162,1242,2004.0,0.0,530585.0,0.9384239999999999,0.9708690000000001,BLR,NLD,7414
705021,29,162,1242,2004.0,0.0,36715.0,-0.528459,-0.739219,BLZ,NLD,7414
705022,30,162,1242,2004.0,0.0,17417.0,0.67576,-0.49529799999999996,BMU,NLD,7414
705023,32,162,1242,2004.0,210070.0,277859.0,0.504233,1.567879,BRA,NLD,7414
705024,33,162,1242,2004.0,0.0,23009.0,0.644308,0.290054,BRB,NLD,7414
705025,37,162,1242,2004.0,0.0,13708.0,-0.435159,-1.150519,BWA,NLD,7414
705026,39,162,1242,2004.0,919974.0,278767.0,0.781591,1.365966,CAN,NLD,7414
705027,41,162,1242,2004.0,791630.0,4966886.0,2.234603,0.551975,CHE,NLD,7414
705028,42,162,1242,2004.0,3282.0,535544.0,-0.24101399999999998,-0.303103,CHL,NLD,7414
705029,43,162,1242,2004.0,8269059.0,1724786.0,0.710603,2.017234,CHN,NLD,7414
705030,44,162,1242,2004.0,0.0,52399.0,-0.835933,-0.749289,CIV,NLD,7414
705031,45,162,1242,2004.0,0.0,30428.0,-1.380149,-1.220501,CMR,NLD,7414
705032,46,162,1242,2004.0,0.0,714113.0,-1.426621,-1.198377,COD,NLD,7414
705033,47,162,1242,2004.0,0.0,22394.0,-1.415254,-1.24599,COG,NLD,7414
705034,49,162,1242,2004.0,0.0,9516.0,0.044706,0.514304,COL,NLD,7414
705035,50,162,1242,2004.0,0.0,3433.0,-0.8264940000000001,-0.9641290000000001,COM,NLD,7414
705036,52,162,1242,2004.0,0.0,133660.0,-0.036323,-0.313847,CRI,NLD,7414
705037,54,162,1242,2004.0,0.0,13552.0,-0.16826,-0.644388,CUB,NLD,7414
705038,57,162,1242,2004.0,0.0,2488.0,0.47268999999999994,-0.742781,CYM,NLD,7414
705039,58,162,1242,2004.0,0.0,395785.0,0.42732200000000004,0.811763,CYP,NLD,7414
705040,59,162,1242,2004.0,6296891.0,2435715.0,1.612543,0.607495,CZE,NLD,7414
705041,61,162,1242,2004.0,45471660.0,30330470.0,2.4453099999999997,-2.331761,DEU,NLD,7414
705042,62,162,1242,2004.0,0.0,4976.0,-0.370222,-0.28660399999999997,DJI,NLD,7414
705043,64,162,1242,2004.0,13960632.0,6763234.0,1.309074,1.2627979999999999,DNK,NLD,7414
705044,65,162,1242,2004.0,0.0,2152.0,-0.24909699999999999,-0.326783,DOM,NLD,7414
705045,66,162,1242,2004.0,0.0,126293.0,-1.166661,-1.2240879999999998,DZA,NLD,7414
705046,67,162,1242,2004.0,0.0,104604.0,-0.990727,-0.9383090000000001,ECU,NLD,7414
705047,68,162,1242,2004.0,0.0,965417.0,-0.35823499999999997,0.5000100000000001,EGY,NLD,7414
705048,71,162,1242,2004.0,3076440.0,8533212.0,1.04057,1.789023,ESP,NLD,7414
705049,72,162,1242,2004.0,268911.0,346789.0,0.645741,1.035117,EST,NLD,7414
705050,73,162,1242,2004.0,0.0,670347.0,-1.202444,-0.8973120000000001,ETH,NLD,7414
705051,74,162,1242,2004.0,586285.0,1660566.0,1.9662810000000002,1.018108,FIN,NLD,7414
705052,75,162,1242,2004.0,0.0,5821.0,-0.793333,-0.27460100000000004,FJI,NLD,7414
705053,77,162,1242,2004.0,57593868.0,30428788.0,1.57079,0.6776760000000001,FRA,NLD,7414
705054,78,162,1242,2004.0,0.0,3619.0,-1.127967,-1.002561,FRO,NLD,7414
705055,80,162,1242,2004.0,0.0,3227.0,-1.006071,-1.212338,GAB,NLD,7414
705056,81,162,1242,2004.0,29760758.0,20839562.0,1.872987,0.734065,GBR,NLD,7414
705057,82,162,1242,2004.0,0.0,2994.0,-0.030676,-0.560186,GEO,NLD,7414
705058,83,162,1242,2004.0,0.0,183021.0,-1.015073,-0.9147069999999999,GHA,NLD,7414
705059,84,162,1242,2004.0,0.0,2488.0,0.501154,-0.562796,GIB,NLD,7414
705060,85,162,1242,2004.0,0.0,113349.0,-1.004077,-1.108018,GIN,NLD,7414
705061,88,162,1242,2004.0,3799.0,1210.0,-1.258264,-1.028131,GNB,NLD,7414
705062,89,162,1242,2004.0,0.0,3732.0,-1.9282080000000001,-0.928127,GNQ,NLD,7414
705063,90,162,1242,2004.0,669504.0,2091791.0,0.298029,1.745886,GRC,NLD,7414
705064,92,162,1242,2004.0,0.0,2075.0,-1.152664,-0.986844,GRL,NLD,7414
705065,97,162,1242,2004.0,1392792.0,907570.0,0.72816,1.403171,HKG,NLD,7414
705066,99,162,1242,2004.0,0.0,13673.0,-0.6372140000000001,-0.453946,HND,NLD,7414
705067,100,162,1242,2004.0,0.0,480387.0,0.744459,1.1994479999999998,HRV,NLD,7414
705068,102,162,1242,2004.0,4187129.0,459929.0,1.3579370000000002,0.9993219999999999,HUN,NLD,7414
705069,103,162,1242,2004.0,54641.0,649352.0,0.010095999999999999,1.7413779999999999,IDN,NLD,7414
705070,104,162,1242,2004.0,79661.0,610741.0,0.20872,2.817307,IND,NLD,7414
705071,106,162,1242,2004.0,17823134.0,2060540.0,1.498475,0.19050799999999998,IRL,NLD,7414
705072,107,162,1242,2004.0,0.0,818947.0,-0.6691699999999999,-1.002548,IRN,NLD,7414
705073,108,162,1242,2004.0,0.0,309781.0,-1.50824,-1.082486,IRQ,NLD,7414
705074,109,162,1242,2004.0,60361.0,602425.0,0.107901,-0.41223699999999996,ISL,NLD,7414
705075,110,162,1242,2004.0,666878.0,1759772.0,1.252895,0.8662770000000001,ISR,NLD,7414
705076,111,162,1242,2004.0,45311912.0,11786797.0,1.440372,0.676068,ITA,NLD,7414
705077,113,162,1242,2004.0,0.0,381222.0,0.16384200000000002,0.34270100000000003,JOR,NLD,7414
705078,114,162,1242,2004.0,39027592.0,3135398.0,2.756136,0.15545,JPN,NLD,7414
705079,115,162,1242,2004.0,1057.0,449296.0,-0.43987200000000004,-0.50862,KAZ,NLD,7414
705080,116,162,1242,2004.0,0.0,865417.0,-0.565597,0.182375,KEN,NLD,7414
705081,121,162,1242,2004.0,1193436.0,821294.0,1.481275,0.7859,KOR,NLD,7414
705082,122,162,1242,2004.0,4177.0,2146716.0,-0.8195479999999999,-1.2105709999999998,KWT,NLD,7414
705083,124,162,1242,2004.0,0.0,220789.0,0.269753,1.3152979999999999,LBN,NLD,7414
705084,125,162,1242,2004.0,1064.0,83354.0,0.037469,-1.036878,LBR,NLD,7414
705085,126,162,1242,2004.0,0.0,78378.0,-0.895142,-1.211141,LBY,NLD,7414
705086,127,162,1242,2004.0,0.0,8097.0,0.31900300000000004,-0.346391,LCA,NLD,7414
705087,128,162,1242,2004.0,0.0,8483.0,-0.42450299999999996,0.173518,LKA,NLD,7414
705088,130,162,1242,2004.0,90987.0,717883.0,0.341521,0.7971560000000001,LTU,NLD,7414
705089,131,162,1242,2004.0,398473.0,483103.0,1.258828,1.079923,LUX,NLD,7414
705090,132,162,1242,2004.0,2335.0,97774.0,0.415001,0.8476809999999999,LVA,NLD,7414
705091,134,162,1242,2004.0,1815.0,99360.0,-0.626594,-0.22253499999999998,MAR,NLD,7414
705092,135,162,1242,2004.0,0.0,93889.0,-0.13031900000000002,-0.118591,MDA,NLD,7414
705093,136,162,1242,2004.0,0.0,569873.0,-1.1010799999999998,-0.7367859999999999,MDG,NLD,7414
705094,137,162,1242,2004.0,0.0,24664.0,-0.44303000000000003,-0.841744,MDV,NLD,7414
705095,138,162,1242,2004.0,531400.0,329986.0,1.183707,0.9043700000000001,MEX,NLD,7414
705096,139,162,1242,2004.0,0.0,3732.0,-0.712684,-0.88944,MHL,NLD,7414
705097,140,162,1242,2004.0,0.0,48233.0,-0.120439,0.27624899999999997,MKD,NLD,7414
705098,142,162,1242,2004.0,0.0,93437.0,1.2290379999999999,-0.025372,MLT,NLD,7414
705099,147,162,1242,2004.0,0.0,3424.0,-1.009633,-0.9863059999999999,MOZ,NLD,7414
705100,151,162,1242,2004.0,0.0,19190.0,-0.161262,-0.29730300000000004,MUS,NLD,7414
705101,153,162,1242,2004.0,160419.0,278525.0,1.250098,0.352379,MYS,NLD,7414
705102,156,162,1242,2004.0,0.0,80403.0,-0.279566,-0.860456,NCL,NLD,7414
705103,157,162,1242,2004.0,0.0,3333.0,-1.102485,-0.850282,NER,NLD,7414
705104,159,162,1242,2004.0,0.0,1153707.0,-2.336753,-1.350375,NGA,NLD,7414
705105,160,162,1242,2004.0,0.0,14070.0,-1.003846,-0.697642,NIC,NLD,7414
705106,163,162,1242,2004.0,164972.0,1975625.0,0.731175,-0.0655,NOR,NLD,7414
705107,165,162,1242,2004.0,0.0,154268.0,1.3066229999999999,-0.213339,NRU,NLD,7414
705108,166,162,1242,2004.0,18430.0,159631.0,0.44099099999999997,0.968326,NZL,NLD,7414
705109,167,162,1242,2004.0,0.0,181732.0,-0.707862,-1.187629,OMN,NLD,7414
705110,168,162,1242,2004.0,0.0,168056.0,-0.7489600000000001,0.22493200000000002,PAK,NLD,7414
705111,169,162,1242,2004.0,17183.0,25101.0,0.054997000000000004,0.440416,PAN,NLD,7414
705112,173,162,1242,2004.0,0.0,87547.0,-0.609837,0.13314,PER,NLD,7414
705113,174,162,1242,2004.0,18850.0,1094846.0,0.288786,-0.25348699999999996,PHL,NLD,7414
705114,177,162,1242,2004.0,788500.0,2939438.0,0.989568,1.49055,POL,NLD,7414
705115,179,162,1242,2004.0,1588661.0,1190730.0,0.705075,1.7268729999999999,PRT,NLD,7414
705116,183,162,1242,2004.0,0.0,301983.0,0.018141,-1.03766,QAT,NLD,7414
705117,185,162,1242,2004.0,402816.0,833256.0,0.53925,1.145066,ROU,NLD,7414
705118,186,162,1242,2004.0,23684.0,9947427.0,0.422803,0.017524,RUS,NLD,7414
705119,187,162,1242,2004.0,0.0,40418.0,-1.3090190000000002,-1.063632,RWA,NLD,7414
705120,188,162,1242,2004.0,8208.0,2031065.0,0.361324,-0.760732,SAU,NLD,7414
705121,189,162,1242,2004.0,0.0,477081.0,0.544686,2.418024,SCG,NLD,7414
705122,190,162,1242,2004.0,0.0,64323.0,-1.503552,-1.253193,SDN,NLD,7414
705123,191,162,1242,2004.0,0.0,7828.0,-0.620158,-0.296575,SEN,NLD,7414
705124,192,162,1242,2004.0,268490.0,5419418.0,1.804502,0.570084,SGP,NLD,7414
705125,196,162,1242,2004.0,0.0,32346.0,0.43205699999999997,0.068877,SLE,NLD,7414
705126,197,162,1242,2004.0,0.0,93456.0,-0.21054299999999998,0.086382,SLV,NLD,7414
705127,205,162,1242,2004.0,0.0,109413.0,-1.056251,-1.0234590000000001,SUR,NLD,7414
705128,206,162,1242,2004.0,1600137.0,3756727.0,1.2683149999999999,0.9208620000000001,SVK,NLD,7414
705129,207,162,1242,2004.0,351407.0,179749.0,1.700677,0.829765,SVN,NLD,7414
705130,208,162,1242,2004.0,10984845.0,3872842.0,2.105611,0.707843,SWE,NLD,7414
705131,211,162,1242,2004.0,0.0,8106.0,-0.585828,-0.768388,SYC,NLD,7414
705132,212,162,1242,2004.0,0.0,179025.0,-0.698545,-0.111323,SYR,NLD,7414
705133,214,162,1242,2004.0,0.0,2488.0,-1.63163,-0.9495040000000001,TCD,NLD,7414
705134,216,162,1242,2004.0,293347.0,4790214.0,0.633501,1.4648290000000002,THA,NLD,7414
705135,219,162,1242,2004.0,0.0,1244.0,-0.9017719999999999,-1.2102620000000002,TKM,NLD,7414
705136,222,162,1242,2004.0,0.0,37750.0,-0.108049,-0.923523,TTO,NLD,7414
705137,223,162,1242,2004.0,39282.0,173055.0,-0.125092,0.370625,TUN,NLD,7414
705138,224,162,1242,2004.0,1932153.0,2891996.0,0.249065,1.910598,TUR,NLD,7414
705139,226,162,1242,2004.0,0.0,96151.0,-0.935327,0.362709,TZA,NLD,7414
705140,227,162,1242,2004.0,0.0,218069.0,-1.05367,-0.546304,UGA,NLD,7414
705141,228,162,1242,2004.0,3369.0,3406496.0,0.672848,1.172735,UKR,NLD,7414
705142,230,162,1242,2004.0,10431.0,2327.0,-0.051583000000000004,0.145056,URY,NLD,7414
705143,231,162,1242,2004.0,22929208.0,5228690.0,1.818327,-0.17913900000000002,USA,NLD,7414
705144,232,162,1242,2004.0,0.0,196567.0,-0.518472,-0.7689779999999999,UZB,NLD,7414
705145,234,162,1242,2004.0,0.0,1701.0,-0.706188,-0.9244120000000001,VCT,NLD,7414
705146,236,162,1242,2004.0,0.0,4931.0,-0.41193900000000006,-0.9578899999999999,VEN,NLD,7414
705147,239,162,1242,2004.0,0.0,1508874.0,-0.46875500000000003,0.734412,VNM,NLD,7414
705148,243,162,1242,2004.0,0.0,346466.0,-1.298227,-1.2496639999999999,YEM,NLD,7414
705149,246,162,1242,2004.0,154566.0,2213586.0,0.29599699999999995,1.909018,ZAF,NLD,7414
705150,248,162,1242,2004.0,0.0,13508.0,-0.44064799999999993,0.01704,ZWE,NLD,7414
705151,249,162,1242,2004.0,655476.0,253571.0,1.8844150000000002,1.257951,TWN,NLD,7414
705152,250,162,1242,2004.0,2706.0,167753.0,0.46240200000000004,-0.406624,ANS,NLD,7414
705153,7,166,1242,2004.0,0.0,225902.0,-0.10993399999999999,-0.5351640000000001,ARE,NZL,7414
705154,8,166,1242,2004.0,0.0,36501.0,-0.070845,0.879574,ARG,NZL,7414
705155,10,166,1242,2004.0,0.0,24809.0,1.0764479999999998,0.678424,ASM,NZL,7414
705156,14,166,1242,2004.0,8066357.0,40399900.0,-0.198735,0.81543,AUS,NZL,7414
705157,15,166,1242,2004.0,142726.0,0.0,1.958949,0.209296,AUT,NZL,7414
705158,18,166,1242,2004.0,129858.0,18294.0,1.242665,1.541444,BEL,NZL,7414
705159,22,166,1242,2004.0,0.0,13621.0,-1.074194,-0.9392389999999999,BGD,NZL,7414
705160,32,166,1242,2004.0,38081.0,52271.0,0.504233,1.567879,BRA,NZL,7414
705161,39,166,1242,2004.0,1588033.0,2412.0,0.781591,1.365966,CAN,NZL,7414
705162,41,166,1242,2004.0,21842.0,0.0,2.234603,0.551975,CHE,NZL,7414
705163,42,166,1242,2004.0,0.0,84296.0,-0.24101399999999998,-0.303103,CHL,NZL,7414
705164,43,166,1242,2004.0,2112830.0,195082.0,0.710603,2.017234,CHN,NZL,7414
705165,48,166,1242,2004.0,0.0,276746.0,0.24186799999999997,-0.599005,COK,NZL,7414
705166,58,166,1242,2004.0,0.0,4185.0,0.42732200000000004,0.811763,CYP,NZL,7414
705167,59,166,1242,2004.0,2026.0,9099.0,1.612543,0.607495,CZE,NZL,7414
705168,61,166,1242,2004.0,176952.0,58402.0,2.4453099999999997,-2.331761,DEU,NZL,7414
705169,64,166,1242,2004.0,498729.0,10344.0,1.309074,1.2627979999999999,DNK,NZL,7414
705170,68,166,1242,2004.0,0.0,12796.0,-0.35823499999999997,0.5000100000000001,EGY,NZL,7414
705171,71,166,1242,2004.0,300601.0,12395.0,1.04057,1.789023,ESP,NZL,7414
705172,74,166,1242,2004.0,2639.0,0.0,1.9662810000000002,1.018108,FIN,NZL,7414
705173,75,166,1242,2004.0,0.0,1079577.0,-0.793333,-0.27460100000000004,FJI,NZL,7414
705174,77,166,1242,2004.0,1358275.0,23259.0,1.57079,0.6776760000000001,FRA,NZL,7414
705175,81,166,1242,2004.0,784067.0,755043.0,1.872987,0.734065,GBR,NZL,7414
705176,85,166,1242,2004.0,0.0,9294.0,-1.004077,-1.108018,GIN,NZL,7414
705177,90,166,1242,2004.0,67249.0,25133.0,0.298029,1.745886,GRC,NZL,7414
705178,97,166,1242,2004.0,361046.0,158574.0,0.72816,1.403171,HKG,NZL,7414
705179,102,166,1242,2004.0,37695.0,0.0,1.3579370000000002,0.9993219999999999,HUN,NZL,7414
705180,103,166,1242,2004.0,129556.0,168545.0,0.010095999999999999,1.7413779999999999,IDN,NZL,7414
705181,104,166,1242,2004.0,35303.0,1112.0,0.20872,2.817307,IND,NZL,7414
705182,106,166,1242,2004.0,33727.0,19770.0,1.498475,0.19050799999999998,IRL,NZL,7414
705183,110,166,1242,2004.0,9820.0,12957.0,1.252895,0.8662770000000001,ISR,NZL,7414
705184,111,166,1242,2004.0,3867048.0,22808.0,1.440372,0.676068,ITA,NZL,7414
705185,114,166,1242,2004.0,3175686.0,70470.0,2.756136,0.15545,JPN,NZL,7414
705186,119,166,1242,2004.0,0.0,42585.0,-0.21806399999999998,-0.797764,KIR,NZL,7414
705187,121,166,1242,2004.0,205033.0,14307.0,1.481275,0.7859,KOR,NZL,7414
705188,137,166,1242,2004.0,0.0,25131.0,-0.44303000000000003,-0.841744,MDV,NZL,7414
705189,138,166,1242,2004.0,68534.0,2211.0,1.183707,0.9043700000000001,MEX,NZL,7414
705190,153,166,1242,2004.0,664526.0,60950.0,1.250098,0.352379,MYS,NZL,7414
705191,156,166,1242,2004.0,0.0,667582.0,-0.279566,-0.860456,NCL,NZL,7414
705192,158,166,1242,2004.0,0.0,16261.0,1.2421200000000001,-0.40618899999999997,NFK,NZL,7414
705193,161,166,1242,2004.0,0.0,433810.0,1.3959290000000002,-0.19406099999999998,NIU,NZL,7414
705194,162,166,1242,2004.0,159631.0,18430.0,1.171327,1.6369799999999999,NLD,NZL,7414
705195,163,166,1242,2004.0,5802.0,4945.0,0.731175,-0.0655,NOR,NZL,7414
705196,167,166,1242,2004.0,0.0,3915.0,-0.707862,-1.187629,OMN,NZL,7414
705197,168,166,1242,2004.0,0.0,24112.0,-0.7489600000000001,0.22493200000000002,PAK,NZL,7414
705198,174,166,1242,2004.0,0.0,23235.0,0.288786,-0.25348699999999996,PHL,NZL,7414
705199,176,166,1242,2004.0,0.0,225405.0,-1.57259,-1.215066,PNG,NZL,7414
705200,177,166,1242,2004.0,1744.0,0.0,0.989568,1.49055,POL,NZL,7414
705201,179,166,1242,2004.0,432306.0,0.0,0.705075,1.7268729999999999,PRT,NZL,7414
705202,182,166,1242,2004.0,0.0,170818.0,-0.125349,-0.718282,PYF,NZL,7414
705203,183,166,1242,2004.0,0.0,1355.0,0.018141,-1.03766,QAT,NZL,7414
705204,185,166,1242,2004.0,46085.0,0.0,0.53925,1.145066,ROU,NZL,7414
705205,186,166,1242,2004.0,5262.0,2298.0,0.422803,0.017524,RUS,NZL,7414
705206,188,166,1242,2004.0,17762.0,0.0,0.361324,-0.760732,SAU,NZL,7414
705207,189,166,1242,2004.0,0.0,3294.0,0.544686,2.418024,SCG,NZL,7414
705208,192,166,1242,2004.0,583992.0,194340.0,1.804502,0.570084,SGP,NZL,7414
705209,195,166,1242,2004.0,0.0,22830.0,-1.337367,-1.051245,SLB,NZL,7414
705210,206,166,1242,2004.0,65996.0,0.0,1.2683149999999999,0.9208620000000001,SVK,NZL,7414
705211,207,166,1242,2004.0,33347.0,2267.0,1.700677,0.829765,SVN,NZL,7414
705212,208,166,1242,2004.0,117437.0,172344.0,2.105611,0.707843,SWE,NZL,7414
705213,216,166,1242,2004.0,1320192.0,0.0,0.633501,1.4648290000000002,THA,NZL,7414
705214,221,166,1242,2004.0,0.0,48797.0,-0.431874,-0.8715629999999999,TON,NZL,7414
705215,224,166,1242,2004.0,181088.0,0.0,0.249065,1.910598,TUR,NZL,7414
705216,225,166,1242,2004.0,0.0,1441.0,1.8128529999999998,-0.173455,TUV,NZL,7414
705217,231,166,1242,2004.0,5538558.0,513440.0,1.818327,-0.17913900000000002,USA,NZL,7414
705218,239,166,1242,2004.0,0.0,9738.0,-0.46875500000000003,0.734412,VNM,NZL,7414
705219,240,166,1242,2004.0,0.0,192440.0,-1.284054,-1.0415809999999999,VUT,NZL,7414
705220,241,166,1242,2004.0,0.0,9572.0,2.237209,0.203692,WLF,NZL,7414
705221,242,166,1242,2004.0,0.0,167800.0,-0.183327,-0.6788569999999999,WSM,NZL,7414
705222,246,166,1242,2004.0,656845.0,363780.0,0.29599699999999995,1.909018,ZAF,NZL,7414
705223,249,166,1242,2004.0,95521.0,5117.0,1.8844150000000002,1.257951,TWN,NZL,7414
705224,250,166,1242,2004.0,219082.0,0.0,0.46240200000000004,-0.406624,ANS,NZL,7414
705225,8,169,1242,2004.0,83569.0,0.0,-0.070845,0.879574,ARG,PAN,7414
705226,15,169,1242,2004.0,13154.0,1282.0,1.958949,0.209296,AUT,PAN,7414
705227,18,169,1242,2004.0,6442.0,0.0,1.242665,1.541444,BEL,PAN,7414
705228,31,169,1242,2004.0,0.0,2028.0,-0.841087,-0.770059,BOL,PAN,7414
705229,32,169,1242,2004.0,1169291.0,0.0,0.504233,1.567879,BRA,PAN,7414
705230,39,169,1242,2004.0,41840.0,0.0,0.781591,1.365966,CAN,PAN,7414
705231,41,169,1242,2004.0,34290.0,0.0,2.234603,0.551975,CHE,PAN,7414
705232,42,169,1242,2004.0,155288.0,0.0,-0.24101399999999998,-0.303103,CHL,PAN,7414
705233,43,169,1242,2004.0,409187.0,0.0,0.710603,2.017234,CHN,PAN,7414
705234,49,169,1242,2004.0,381613.0,165504.0,0.044706,0.514304,COL,PAN,7414
705235,52,169,1242,2004.0,75458.0,27746.0,-0.036323,-0.313847,CRI,PAN,7414
705236,54,169,1242,2004.0,0.0,127827.0,-0.16826,-0.644388,CUB,PAN,7414
705237,61,169,1242,2004.0,92637.0,0.0,2.4453099999999997,-2.331761,DEU,PAN,7414
705238,64,169,1242,2004.0,11907.0,12650.0,1.309074,1.2627979999999999,DNK,PAN,7414
705239,65,169,1242,2004.0,42614.0,6433.0,-0.24909699999999999,-0.326783,DOM,PAN,7414
705240,67,169,1242,2004.0,1040.0,13579.0,-0.990727,-0.9383090000000001,ECU,PAN,7414
705241,71,169,1242,2004.0,334782.0,0.0,1.04057,1.789023,ESP,PAN,7414
705242,74,169,1242,2004.0,1647.0,0.0,1.9662810000000002,1.018108,FIN,PAN,7414
705243,77,169,1242,2004.0,382160.0,0.0,1.57079,0.6776760000000001,FRA,PAN,7414
705244,81,169,1242,2004.0,3348.0,0.0,1.872987,0.734065,GBR,PAN,7414
705245,93,169,1242,2004.0,286396.0,29322.0,-0.39399,0.139128,GTM,PAN,7414
705246,97,169,1242,2004.0,6139.0,0.0,0.72816,1.403171,HKG,PAN,7414
705247,99,169,1242,2004.0,0.0,10347.0,-0.6372140000000001,-0.453946,HND,PAN,7414
705248,100,169,1242,2004.0,5214.0,0.0,0.744459,1.1994479999999998,HRV,PAN,7414
705249,104,169,1242,2004.0,20252.0,0.0,0.20872,2.817307,IND,PAN,7414
705250,111,169,1242,2004.0,247539.0,3981.0,1.440372,0.676068,ITA,PAN,7414
705251,112,169,1242,2004.0,28493.0,299090.0,-0.505365,-0.9596120000000001,JAM,PAN,7414
705252,114,169,1242,2004.0,472684.0,0.0,2.756136,0.15545,JPN,PAN,7414
705253,121,169,1242,2004.0,189884.0,1789.0,1.481275,0.7859,KOR,PAN,7414
705254,130,169,1242,2004.0,3817.0,0.0,0.341521,0.7971560000000001,LTU,PAN,7414
705255,138,169,1242,2004.0,705823.0,0.0,1.183707,0.9043700000000001,MEX,PAN,7414
705256,162,169,1242,2004.0,25101.0,17183.0,1.171327,1.6369799999999999,NLD,PAN,7414
705257,173,169,1242,2004.0,6150.0,0.0,-0.609837,0.13314,PER,PAN,7414
705258,177,169,1242,2004.0,29322.0,0.0,0.989568,1.49055,POL,PAN,7414
705259,179,169,1242,2004.0,2211.0,0.0,0.705075,1.7268729999999999,PRT,PAN,7414
705260,192,169,1242,2004.0,0.0,2211.0,1.804502,0.570084,SGP,PAN,7414
705261,197,169,1242,2004.0,9314.0,13000.0,-0.21054299999999998,0.086382,SLV,PAN,7414
705262,208,169,1242,2004.0,71033.0,0.0,2.105611,0.707843,SWE,PAN,7414
705263,216,169,1242,2004.0,73410.0,0.0,0.633501,1.4648290000000002,THA,PAN,7414
705264,222,169,1242,2004.0,0.0,9399.0,-0.108049,-0.923523,TTO,PAN,7414
705265,228,169,1242,2004.0,2271.0,0.0,0.672848,1.172735,UKR,PAN,7414
705266,231,169,1242,2004.0,5327968.0,40457.0,1.818327,-0.17913900000000002,USA,PAN,7414
705267,236,169,1242,2004.0,70099.0,113494.0,-0.41193900000000006,-0.9578899999999999,VEN,PAN,7414
705268,249,169,1242,2004.0,346540.0,0.0,1.8844150000000002,1.257951,TWN,PAN,7414
705269,250,169,1242,2004.0,260056.0,0.0,0.46240200000000004,-0.406624,ANS,PAN,7414
705270,8,173,1242,2004.0,522857.0,0.0,-0.070845,0.879574,ARG,PER,7414
705271,14,173,1242,2004.0,18314.0,0.0,-0.198735,0.81543,AUS,PER,7414
705272,15,173,1242,2004.0,16463.0,0.0,1.958949,0.209296,AUT,PER,7414
705273,18,173,1242,2004.0,37512.0,0.0,1.242665,1.541444,BEL,PER,7414
705274,31,173,1242,2004.0,0.0,25308.0,-0.841087,-0.770059,BOL,PER,7414
705275,32,173,1242,2004.0,4574947.0,0.0,0.504233,1.567879,BRA,PER,7414
705276,39,173,1242,2004.0,204922.0,0.0,0.781591,1.365966,CAN,PER,7414
705277,42,173,1242,2004.0,3008229.0,7915.0,-0.24101399999999998,-0.303103,CHL,PER,7414
705278,43,173,1242,2004.0,1376860.0,0.0,0.710603,2.017234,CHN,PER,7414
705279,49,173,1242,2004.0,690204.0,0.0,0.044706,0.514304,COL,PER,7414
705280,52,173,1242,2004.0,0.0,4978.0,-0.036323,-0.313847,CRI,PER,7414
705281,59,173,1242,2004.0,1399.0,0.0,1.612543,0.607495,CZE,PER,7414
705282,61,173,1242,2004.0,206584.0,0.0,2.4453099999999997,-2.331761,DEU,PER,7414
705283,64,173,1242,2004.0,157275.0,0.0,1.309074,1.2627979999999999,DNK,PER,7414
705284,67,173,1242,2004.0,4649.0,2228.0,-0.990727,-0.9383090000000001,ECU,PER,7414
705285,71,173,1242,2004.0,72176.0,0.0,1.04057,1.789023,ESP,PER,7414
705286,77,173,1242,2004.0,82772.0,0.0,1.57079,0.6776760000000001,FRA,PER,7414
705287,81,173,1242,2004.0,58381.0,0.0,1.872987,0.734065,GBR,PER,7414
705288,93,173,1242,2004.0,16936.0,0.0,-0.39399,0.139128,GTM,PER,7414
705289,97,173,1242,2004.0,33652.0,0.0,0.72816,1.403171,HKG,PER,7414
705290,99,173,1242,2004.0,0.0,12687.0,-0.6372140000000001,-0.453946,HND,PER,7414
705291,110,173,1242,2004.0,1048.0,0.0,1.252895,0.8662770000000001,ISR,PER,7414
705292,111,173,1242,2004.0,932637.0,0.0,1.440372,0.676068,ITA,PER,7414
705293,114,173,1242,2004.0,52184.0,0.0,2.756136,0.15545,JPN,PER,7414
705294,121,173,1242,2004.0,174212.0,0.0,1.481275,0.7859,KOR,PER,7414
705295,138,173,1242,2004.0,593270.0,22014.0,1.183707,0.9043700000000001,MEX,PER,7414
705296,162,173,1242,2004.0,87547.0,0.0,1.171327,1.6369799999999999,NLD,PER,7414
705297,169,173,1242,2004.0,0.0,6150.0,0.054997000000000004,0.440416,PAN,PER,7414
705298,208,173,1242,2004.0,191572.0,0.0,2.105611,0.707843,SWE,PER,7414
705299,216,173,1242,2004.0,280640.0,0.0,0.633501,1.4648290000000002,THA,PER,7414
705300,222,173,1242,2004.0,11539.0,2062.0,-0.108049,-0.923523,TTO,PER,7414
705301,224,173,1242,2004.0,19712.0,0.0,0.249065,1.910598,TUR,PER,7414
705302,228,173,1242,2004.0,1727.0,0.0,0.672848,1.172735,UKR,PER,7414
705303,231,173,1242,2004.0,1530367.0,5223.0,1.818327,-0.17913900000000002,USA,PER,7414
705304,236,173,1242,2004.0,0.0,2554.0,-0.41193900000000006,-0.9578899999999999,VEN,PER,7414
705305,249,173,1242,2004.0,45600.0,0.0,1.8844150000000002,1.257951,TWN,PER,7414
705306,7,174,1242,2004.0,0.0,20336.0,-0.10993399999999999,-0.5351640000000001,ARE,PHL,7414
705307,14,174,1242,2004.0,113880.0,367226.0,-0.198735,0.81543,AUS,PHL,7414
705308,18,174,1242,2004.0,136304.0,15282.0,1.242665,1.541444,BEL,PHL,7414
705309,32,174,1242,2004.0,119452.0,0.0,0.504233,1.567879,BRA,PHL,7414
705310,34,174,1242,2004.0,0.0,3189.0,-0.720827,-0.964435,BRN,PHL,7414
705311,39,174,1242,2004.0,23697.0,0.0,0.781591,1.365966,CAN,PHL,7414
705312,41,174,1242,2004.0,116275.0,0.0,2.234603,0.551975,CHE,PHL,7414
705313,42,174,1242,2004.0,0.0,19346.0,-0.24101399999999998,-0.303103,CHL,PHL,7414
705314,43,174,1242,2004.0,4442708.0,13623.0,0.710603,2.017234,CHN,PHL,7414
705315,59,174,1242,2004.0,7440.0,0.0,1.612543,0.607495,CZE,PHL,7414
705316,61,174,1242,2004.0,1263345.0,47935.0,2.4453099999999997,-2.331761,DEU,PHL,7414
705317,64,174,1242,2004.0,468435.0,0.0,1.309074,1.2627979999999999,DNK,PHL,7414
705318,71,174,1242,2004.0,351564.0,18579.0,1.04057,1.789023,ESP,PHL,7414
705319,74,174,1242,2004.0,429781.0,0.0,1.9662810000000002,1.018108,FIN,PHL,7414
705320,77,174,1242,2004.0,862165.0,113194.0,1.57079,0.6776760000000001,FRA,PHL,7414
705321,79,174,1242,2004.0,0.0,7594.0,-1.155942,-1.049955,FSM,PHL,7414
705322,81,174,1242,2004.0,338633.0,12988.0,1.872987,0.734065,GBR,PHL,7414
705323,97,174,1242,2004.0,1033596.0,0.0,0.72816,1.403171,HKG,PHL,7414
705324,103,174,1242,2004.0,446983.0,263211.0,0.010095999999999999,1.7413779999999999,IDN,PHL,7414
705325,104,174,1242,2004.0,16079.0,38571.0,0.20872,2.817307,IND,PHL,7414
705326,106,174,1242,2004.0,8951.0,0.0,1.498475,0.19050799999999998,IRL,PHL,7414
705327,110,174,1242,2004.0,2529.0,0.0,1.252895,0.8662770000000001,ISR,PHL,7414
705328,111,174,1242,2004.0,1106936.0,178577.0,1.440372,0.676068,ITA,PHL,7414
705329,114,174,1242,2004.0,2807185.0,12303103.0,2.756136,0.15545,JPN,PHL,7414
705330,121,174,1242,2004.0,1864672.0,1567.0,1.481275,0.7859,KOR,PHL,7414
705331,122,174,1242,2004.0,0.0,5227.0,-0.8195479999999999,-1.2105709999999998,KWT,PHL,7414
705332,130,174,1242,2004.0,0.0,77224.0,0.341521,0.7971560000000001,LTU,PHL,7414
705333,131,174,1242,2004.0,11250.0,0.0,1.258828,1.079923,LUX,PHL,7414
705334,138,174,1242,2004.0,246324.0,0.0,1.183707,0.9043700000000001,MEX,PHL,7414
705335,153,174,1242,2004.0,1822814.0,153546.0,1.250098,0.352379,MYS,PHL,7414
705336,162,174,1242,2004.0,1094846.0,18850.0,1.171327,1.6369799999999999,NLD,PHL,7414
705337,163,174,1242,2004.0,3108.0,0.0,0.731175,-0.0655,NOR,PHL,7414
705338,166,174,1242,2004.0,23235.0,0.0,0.44099099999999997,0.968326,NZL,PHL,7414
705339,179,174,1242,2004.0,17185.0,0.0,0.705075,1.7268729999999999,PRT,PHL,7414
705340,182,174,1242,2004.0,0.0,1927.0,-0.125349,-0.718282,PYF,PHL,7414
705341,183,174,1242,2004.0,0.0,12417.0,0.018141,-1.03766,QAT,PHL,7414
705342,185,174,1242,2004.0,0.0,1070.0,0.53925,1.145066,ROU,PHL,7414
705343,192,174,1242,2004.0,758085.0,901912.0,1.804502,0.570084,SGP,PHL,7414
705344,197,174,1242,2004.0,0.0,86131.0,-0.21054299999999998,0.086382,SLV,PHL,7414
705345,208,174,1242,2004.0,292705.0,0.0,2.105611,0.707843,SWE,PHL,7414
705346,216,174,1242,2004.0,3968214.0,518591.0,0.633501,1.4648290000000002,THA,PHL,7414
705347,224,174,1242,2004.0,3055.0,0.0,0.249065,1.910598,TUR,PHL,7414
705348,231,174,1242,2004.0,7284226.0,1228906.0,1.818327,-0.17913900000000002,USA,PHL,7414
705349,239,174,1242,2004.0,4835.0,363034.0,-0.46875500000000003,0.734412,VNM,PHL,7414
705350,246,174,1242,2004.0,0.0,46416.0,0.29599699999999995,1.909018,ZAF,PHL,7414
705351,249,174,1242,2004.0,4064021.0,2464353.0,1.8844150000000002,1.257951,TWN,PHL,7414
705352,4,177,1242,2004.0,0.0,4325.0,-0.142479,0.136074,ALB,POL,7414
705353,7,177,1242,2004.0,0.0,130929.0,-0.10993399999999999,-0.5351640000000001,ARE,POL,7414
705354,8,177,1242,2004.0,1098.0,1561.0,-0.070845,0.879574,ARG,POL,7414
705355,9,177,1242,2004.0,0.0,203742.0,0.497276,-0.226016,ARM,POL,7414
705356,14,177,1242,2004.0,15264.0,91688.0,-0.198735,0.81543,AUS,POL,7414
705357,15,177,1242,2004.0,5664088.0,478854.0,1.958949,0.209296,AUT,POL,7414
705358,16,177,1242,2004.0,0.0,157586.0,-0.720616,-1.009692,AZE,POL,7414
705359,18,177,1242,2004.0,5985062.0,1341320.0,1.242665,1.541444,BEL,POL,7414
705360,23,177,1242,2004.0,15754.0,249994.0,0.390627,1.631006,BGR,POL,7414
705361,26,177,1242,2004.0,43242.0,140614.0,0.45637,0.6154470000000001,BIH,POL,7414
705362,28,177,1242,2004.0,2672.0,4822022.0,0.9384239999999999,0.9708690000000001,BLR,POL,7414
705363,29,177,1242,2004.0,0.0,35950.0,-0.528459,-0.739219,BLZ,POL,7414
705364,32,177,1242,2004.0,169740.0,0.0,0.504233,1.567879,BRA,POL,7414
705365,39,177,1242,2004.0,11388.0,1233799.0,0.781591,1.365966,CAN,POL,7414
705366,41,177,1242,2004.0,35153.0,1411689.0,2.234603,0.551975,CHE,POL,7414
705367,42,177,1242,2004.0,0.0,27077.0,-0.24101399999999998,-0.303103,CHL,POL,7414
705368,43,177,1242,2004.0,820378.0,16175.0,0.710603,2.017234,CHN,POL,7414
705369,52,177,1242,2004.0,2386.0,0.0,-0.036323,-0.313847,CRI,POL,7414
705370,58,177,1242,2004.0,0.0,25799.0,0.42732200000000004,0.811763,CYP,POL,7414
705371,59,177,1242,2004.0,6572932.0,6434698.0,1.612543,0.607495,CZE,POL,7414
705372,61,177,1242,2004.0,26557872.0,15437422.0,2.4453099999999997,-2.331761,DEU,POL,7414
705373,64,177,1242,2004.0,15673705.0,1888325.0,1.309074,1.2627979999999999,DNK,POL,7414
705374,66,177,1242,2004.0,0.0,27314.0,-1.166661,-1.2240879999999998,DZA,POL,7414
705375,68,177,1242,2004.0,122042.0,93482.0,-0.35823499999999997,0.5000100000000001,EGY,POL,7414
705376,71,177,1242,2004.0,6568234.0,794194.0,1.04057,1.789023,ESP,POL,7414
705377,72,177,1242,2004.0,1320.0,704554.0,0.645741,1.035117,EST,POL,7414
705378,74,177,1242,2004.0,11022157.0,179232.0,1.9662810000000002,1.018108,FIN,POL,7414
705379,77,177,1242,2004.0,27533204.0,3754645.0,1.57079,0.6776760000000001,FRA,POL,7414
705380,78,177,1242,2004.0,0.0,4987.0,-1.127967,-1.002561,FRO,POL,7414
705381,80,177,1242,2004.0,0.0,11553.0,-1.006071,-1.212338,GAB,POL,7414
705382,81,177,1242,2004.0,9251824.0,1582096.0,1.872987,0.734065,GBR,POL,7414
705383,82,177,1242,2004.0,0.0,6193.0,-0.030676,-0.560186,GEO,POL,7414
705384,90,177,1242,2004.0,388065.0,20969.0,0.298029,1.745886,GRC,POL,7414
705385,97,177,1242,2004.0,14158.0,130895.0,0.72816,1.403171,HKG,POL,7414
705386,100,177,1242,2004.0,7571.0,185431.0,0.744459,1.1994479999999998,HRV,POL,7414
705387,102,177,1242,2004.0,2414740.0,2633676.0,1.3579370000000002,0.9993219999999999,HUN,POL,7414
705388,103,177,1242,2004.0,20928.0,0.0,0.010095999999999999,1.7413779999999999,IDN,POL,7414
705389,104,177,1242,2004.0,1768.0,14069.0,0.20872,2.817307,IND,POL,7414
705390,106,177,1242,2004.0,9905506.0,975112.0,1.498475,0.19050799999999998,IRL,POL,7414
705391,109,177,1242,2004.0,6823.0,91208.0,0.107901,-0.41223699999999996,ISL,POL,7414
705392,110,177,1242,2004.0,36867.0,40212.0,1.252895,0.8662770000000001,ISR,POL,7414
705393,111,177,1242,2004.0,30909008.0,3124818.0,1.440372,0.676068,ITA,POL,7414
705394,114,177,1242,2004.0,277817.0,4273.0,2.756136,0.15545,JPN,POL,7414
705395,115,177,1242,2004.0,0.0,533170.0,-0.43987200000000004,-0.50862,KAZ,POL,7414
705396,116,177,1242,2004.0,3321.0,0.0,-0.565597,0.182375,KEN,POL,7414
705397,121,177,1242,2004.0,214484.0,0.0,1.481275,0.7859,KOR,POL,7414
705398,122,177,1242,2004.0,0.0,113121.0,-0.8195479999999999,-1.2105709999999998,KWT,POL,7414
705399,125,177,1242,2004.0,0.0,27403.0,0.037469,-1.036878,LBR,POL,7414
705400,126,177,1242,2004.0,0.0,44111.0,-0.895142,-1.211141,LBY,POL,7414
705401,128,177,1242,2004.0,0.0,23800.0,-0.42450299999999996,0.173518,LKA,POL,7414
705402,130,177,1242,2004.0,187279.0,9124421.0,0.341521,0.7971560000000001,LTU,POL,7414
705403,131,177,1242,2004.0,10659.0,14794.0,1.258828,1.079923,LUX,POL,7414
705404,132,177,1242,2004.0,0.0,542852.0,0.415001,0.8476809999999999,LVA,POL,7414
705405,134,177,1242,2004.0,0.0,36762.0,-0.626594,-0.22253499999999998,MAR,POL,7414
705406,135,177,1242,2004.0,0.0,831874.0,-0.13031900000000002,-0.118591,MDA,POL,7414
705407,136,177,1242,2004.0,0.0,11783.0,-1.1010799999999998,-0.7367859999999999,MDG,POL,7414
705408,138,177,1242,2004.0,4006.0,0.0,1.183707,0.9043700000000001,MEX,POL,7414
705409,140,177,1242,2004.0,1593.0,0.0,-0.120439,0.27624899999999997,MKD,POL,7414
705410,142,177,1242,2004.0,0.0,1519.0,1.2290379999999999,-0.025372,MLT,POL,7414
705411,162,177,1242,2004.0,2939438.0,788500.0,1.171327,1.6369799999999999,NLD,POL,7414
705412,163,177,1242,2004.0,608332.0,1124242.0,0.731175,-0.0655,NOR,POL,7414
705413,166,177,1242,2004.0,0.0,1744.0,0.44099099999999997,0.968326,NZL,POL,7414
705414,168,177,1242,2004.0,0.0,1006.0,-0.7489600000000001,0.22493200000000002,PAK,POL,7414
705415,169,177,1242,2004.0,0.0,29322.0,0.054997000000000004,0.440416,PAN,POL,7414
705416,179,177,1242,2004.0,0.0,43457.0,0.705075,1.7268729999999999,PRT,POL,7414
705417,185,177,1242,2004.0,1069825.0,1853200.0,0.53925,1.145066,ROU,POL,7414
705418,186,177,1242,2004.0,16064.0,9707885.0,0.422803,0.017524,RUS,POL,7414
705419,189,177,1242,2004.0,0.0,26692.0,0.544686,2.418024,SCG,POL,7414
705420,192,177,1242,2004.0,0.0,5812.0,1.804502,0.570084,SGP,POL,7414
705421,206,177,1242,2004.0,337798.0,2009042.0,1.2683149999999999,0.9208620000000001,SVK,POL,7414
705422,207,177,1242,2004.0,570217.0,362496.0,1.700677,0.829765,SVN,POL,7414
705423,208,177,1242,2004.0,3849184.0,2989434.0,2.105611,0.707843,SWE,POL,7414
705424,213,177,1242,2004.0,30607.0,0.0,0.641878,0.22729000000000002,TCA,POL,7414
705425,216,177,1242,2004.0,57555.0,1914.0,0.633501,1.4648290000000002,THA,POL,7414
705426,223,177,1242,2004.0,0.0,6819.0,-0.125092,0.370625,TUN,POL,7414
705427,224,177,1242,2004.0,475496.0,3358.0,0.249065,1.910598,TUR,POL,7414
705428,228,177,1242,2004.0,130570.0,10202039.0,0.672848,1.172735,UKR,POL,7414
705429,230,177,1242,2004.0,0.0,8770.0,-0.051583000000000004,0.145056,URY,POL,7414
705430,231,177,1242,2004.0,1164218.0,806670.0,1.818327,-0.17913900000000002,USA,POL,7414
705431,232,177,1242,2004.0,0.0,64274.0,-0.518472,-0.7689779999999999,UZB,POL,7414
705432,246,177,1242,2004.0,1806.0,7227.0,0.29599699999999995,1.909018,ZAF,POL,7414
705433,249,177,1242,2004.0,124810.0,0.0,1.8844150000000002,1.257951,TWN,POL,7414
705434,250,177,1242,2004.0,6998.0,79178.0,0.46240200000000004,-0.406624,ANS,POL,7414
705435,8,180,1242,2004.0,488411.0,0.0,-0.070845,0.879574,ARG,PRY,7414
705436,32,180,1242,2004.0,1883505.0,0.0,0.504233,1.567879,BRA,PRY,7414
705437,42,180,1242,2004.0,75920.0,14039.0,-0.24101399999999998,-0.303103,CHL,PRY,7414
705438,43,180,1242,2004.0,355201.0,0.0,0.710603,2.017234,CHN,PRY,7414
705439,61,180,1242,2004.0,4978.0,12517.0,2.4453099999999997,-2.331761,DEU,PRY,7414
705440,71,180,1242,2004.0,3652.0,5779.0,1.04057,1.789023,ESP,PRY,7414
705441,77,180,1242,2004.0,80862.0,0.0,1.57079,0.6776760000000001,FRA,PRY,7414
705442,97,180,1242,2004.0,2915.0,0.0,0.72816,1.403171,HKG,PRY,7414
705443,111,180,1242,2004.0,2646.0,0.0,1.440372,0.676068,ITA,PRY,7414
705444,121,180,1242,2004.0,1111.0,0.0,1.481275,0.7859,KOR,PRY,7414
705445,231,180,1242,2004.0,328408.0,0.0,1.818327,-0.17913900000000002,USA,PRY,7414
705446,249,180,1242,2004.0,69130.0,0.0,1.8844150000000002,1.257951,TWN,PRY,7414
705447,2,186,1242,2004.0,0.0,6768.0,-0.8688110000000001,-1.198692,AGO,RUS,7414
705448,9,186,1242,2004.0,0.0,31695.0,0.497276,-0.226016,ARM,RUS,7414
705449,14,186,1242,2004.0,7295.0,1138.0,-0.198735,0.81543,AUS,RUS,7414
705450,15,186,1242,2004.0,1898335.0,0.0,1.958949,0.209296,AUT,RUS,7414
705451,16,186,1242,2004.0,0.0,117091.0,-0.720616,-1.009692,AZE,RUS,7414
705452,18,186,1242,2004.0,8354350.0,4387.0,1.242665,1.541444,BEL,RUS,7414
705453,23,186,1242,2004.0,51429.0,6538.0,0.390627,1.631006,BGR,RUS,7414
705454,28,186,1242,2004.0,14743924.0,7846306.0,0.9384239999999999,0.9708690000000001,BLR,RUS,7414
705455,32,186,1242,2004.0,5572.0,0.0,0.504233,1.567879,BRA,RUS,7414
705456,39,186,1242,2004.0,115110.0,1451.0,0.781591,1.365966,CAN,RUS,7414
705457,41,186,1242,2004.0,94052.0,1848.0,2.234603,0.551975,CHE,RUS,7414
705458,43,186,1242,2004.0,2772982.0,575139.0,0.710603,2.017234,CHN,RUS,7414
705459,59,186,1242,2004.0,1405082.0,104372.0,1.612543,0.607495,CZE,RUS,7414
705460,61,186,1242,2004.0,44311020.0,820601.0,2.4453099999999997,-2.331761,DEU,RUS,7414
705461,64,186,1242,2004.0,16297614.0,29952.0,1.309074,1.2627979999999999,DNK,RUS,7414
705462,71,186,1242,2004.0,6688848.0,32322.0,1.04057,1.789023,ESP,RUS,7414
705463,72,186,1242,2004.0,231040.0,700206.0,0.645741,1.035117,EST,RUS,7414
705464,74,186,1242,2004.0,16115082.0,35936.0,1.9662810000000002,1.018108,FIN,RUS,7414
705465,77,186,1242,2004.0,22253680.0,0.0,1.57079,0.6776760000000001,FRA,RUS,7414
705466,81,186,1242,2004.0,6233795.0,2955.0,1.872987,0.734065,GBR,RUS,7414
705467,82,186,1242,2004.0,0.0,210089.0,-0.030676,-0.560186,GEO,RUS,7414
705468,90,186,1242,2004.0,1680525.0,1880.0,0.298029,1.745886,GRC,RUS,7414
705469,97,186,1242,2004.0,11467.0,1549.0,0.72816,1.403171,HKG,RUS,7414
705470,100,186,1242,2004.0,15758.0,0.0,0.744459,1.1994479999999998,HRV,RUS,7414
705471,102,186,1242,2004.0,1945126.0,0.0,1.3579370000000002,0.9993219999999999,HUN,RUS,7414
705472,104,186,1242,2004.0,490044.0,91387.0,0.20872,2.817307,IND,RUS,7414
705473,106,186,1242,2004.0,2388116.0,0.0,1.498475,0.19050799999999998,IRL,RUS,7414
705474,107,186,1242,2004.0,0.0,139702.0,-0.6691699999999999,-1.002548,IRN,RUS,7414
705475,110,186,1242,2004.0,73836.0,0.0,1.252895,0.8662770000000001,ISR,RUS,7414
705476,111,186,1242,2004.0,63607316.0,172583.0,1.440372,0.676068,ITA,RUS,7414
705477,114,186,1242,2004.0,674078.0,560629.0,2.756136,0.15545,JPN,RUS,7414
705478,115,186,1242,2004.0,25986.0,5832066.0,-0.43987200000000004,-0.50862,KAZ,RUS,7414
705479,117,186,1242,2004.0,21940.0,380451.0,-0.263776,0.503736,KGZ,RUS,7414
705480,121,186,1242,2004.0,28012602.0,3892.0,1.481275,0.7859,KOR,RUS,7414
705481,130,186,1242,2004.0,5431260.0,991333.0,0.341521,0.7971560000000001,LTU,RUS,7414
705482,131,186,1242,2004.0,856413.0,0.0,1.258828,1.079923,LUX,RUS,7414
705483,132,186,1242,2004.0,120198.0,1020959.0,0.415001,0.8476809999999999,LVA,RUS,7414
705484,135,186,1242,2004.0,16054.0,165037.0,-0.13031900000000002,-0.118591,MDA,RUS,7414
705485,138,186,1242,2004.0,131945.0,0.0,1.183707,0.9043700000000001,MEX,RUS,7414
705486,145,186,1242,2004.0,0.0,45919.0,-0.920198,-1.1059219999999998,MNG,RUS,7414
705487,153,186,1242,2004.0,85774.0,0.0,1.250098,0.352379,MYS,RUS,7414
705488,155,186,1242,2004.0,0.0,4597.0,-0.408989,-0.462016,NAM,RUS,7414
705489,162,186,1242,2004.0,9947427.0,23684.0,1.171327,1.6369799999999999,NLD,RUS,7414
705490,163,186,1242,2004.0,107652.0,0.0,0.731175,-0.0655,NOR,RUS,7414
705491,166,186,1242,2004.0,2298.0,5262.0,0.44099099999999997,0.968326,NZL,RUS,7414
705492,177,186,1242,2004.0,9707885.0,16064.0,0.989568,1.49055,POL,RUS,7414
705493,178,186,1242,2004.0,12659.0,0.0,0.695376,0.9732209999999999,PRK,RUS,7414
705494,179,186,1242,2004.0,279646.0,0.0,0.705075,1.7268729999999999,PRT,RUS,7414
705495,185,186,1242,2004.0,421254.0,0.0,0.53925,1.145066,ROU,RUS,7414
705496,192,186,1242,2004.0,131018.0,0.0,1.804502,0.570084,SGP,RUS,7414
705497,206,186,1242,2004.0,1745538.0,0.0,1.2683149999999999,0.9208620000000001,SVK,RUS,7414
705498,207,186,1242,2004.0,580648.0,18117.0,1.700677,0.829765,SVN,RUS,7414
705499,208,186,1242,2004.0,1608663.0,1093430.0,2.105611,0.707843,SWE,RUS,7414
705500,212,186,1242,2004.0,64814.0,0.0,-0.698545,-0.111323,SYR,RUS,7414
705501,216,186,1242,2004.0,119531.0,0.0,0.633501,1.4648290000000002,THA,RUS,7414
705502,217,186,1242,2004.0,0.0,71029.0,-0.805571,-1.077194,TJK,RUS,7414
705503,219,186,1242,2004.0,0.0,282578.0,-0.9017719999999999,-1.2102620000000002,TKM,RUS,7414
705504,224,186,1242,2004.0,4427503.0,22398.0,0.249065,1.910598,TUR,RUS,7414
705505,228,186,1242,2004.0,28070556.0,11252826.0,0.672848,1.172735,UKR,RUS,7414
705506,231,186,1242,2004.0,2067828.0,98157.0,1.818327,-0.17913900000000002,USA,RUS,7414
705507,232,186,1242,2004.0,0.0,382900.0,-0.518472,-0.7689779999999999,UZB,RUS,7414
705508,234,186,1242,2004.0,0.0,12271.0,-0.706188,-0.9244120000000001,VCT,RUS,7414
705509,239,186,1242,2004.0,15627.0,66872.0,-0.46875500000000003,0.734412,VNM,RUS,7414
705510,249,186,1242,2004.0,77467.0,0.0,1.8844150000000002,1.257951,TWN,RUS,7414
705511,250,186,1242,2004.0,4975.0,0.0,0.46240200000000004,-0.406624,ANS,RUS,7414
705512,7,190,1242,2004.0,857293.0,0.0,-0.10993399999999999,-0.5351640000000001,ARE,SDN,7414
705513,15,190,1242,2004.0,822034.0,0.0,1.958949,0.209296,AUT,SDN,7414
705514,18,190,1242,2004.0,3018.0,0.0,1.242665,1.541444,BEL,SDN,7414
705515,22,190,1242,2004.0,38965.0,0.0,-1.074194,-0.9392389999999999,BGD,SDN,7414
705516,23,190,1242,2004.0,12867.0,0.0,0.390627,1.631006,BGR,SDN,7414
705517,32,190,1242,2004.0,15530.0,0.0,0.504233,1.567879,BRA,SDN,7414
705518,39,190,1242,2004.0,2134.0,0.0,0.781591,1.365966,CAN,SDN,7414
705519,41,190,1242,2004.0,25384.0,0.0,2.234603,0.551975,CHE,SDN,7414
705520,43,190,1242,2004.0,273991.0,0.0,0.710603,2.017234,CHN,SDN,7414
705521,59,190,1242,2004.0,5765.0,0.0,1.612543,0.607495,CZE,SDN,7414
705522,61,190,1242,2004.0,858724.0,0.0,2.4453099999999997,-2.331761,DEU,SDN,7414
705523,64,190,1242,2004.0,257476.0,0.0,1.309074,1.2627979999999999,DNK,SDN,7414
705524,67,190,1242,2004.0,55709.0,0.0,-0.990727,-0.9383090000000001,ECU,SDN,7414
705525,68,190,1242,2004.0,208271.0,0.0,-0.35823499999999997,0.5000100000000001,EGY,SDN,7414
705526,71,190,1242,2004.0,86728.0,0.0,1.04057,1.789023,ESP,SDN,7414
705527,77,190,1242,2004.0,175541.0,0.0,1.57079,0.6776760000000001,FRA,SDN,7414
705528,81,190,1242,2004.0,703620.0,0.0,1.872987,0.734065,GBR,SDN,7414
705529,90,190,1242,2004.0,4304.0,0.0,0.298029,1.745886,GRC,SDN,7414
705530,97,190,1242,2004.0,1950.0,0.0,0.72816,1.403171,HKG,SDN,7414
705531,103,190,1242,2004.0,956114.0,0.0,0.010095999999999999,1.7413779999999999,IDN,SDN,7414
705532,104,190,1242,2004.0,69627.0,0.0,0.20872,2.817307,IND,SDN,7414
705533,107,190,1242,2004.0,360182.0,0.0,-0.6691699999999999,-1.002548,IRN,SDN,7414
705534,111,190,1242,2004.0,2025166.0,0.0,1.440372,0.676068,ITA,SDN,7414
705535,113,190,1242,2004.0,287194.0,0.0,0.16384200000000002,0.34270100000000003,JOR,SDN,7414
705536,114,190,1242,2004.0,4440.0,0.0,2.756136,0.15545,JPN,SDN,7414
705537,116,190,1242,2004.0,93844.0,0.0,-0.565597,0.182375,KEN,SDN,7414
705538,121,190,1242,2004.0,309032.0,0.0,1.481275,0.7859,KOR,SDN,7414
705539,124,190,1242,2004.0,6865.0,0.0,0.269753,1.3152979999999999,LBN,SDN,7414
705540,153,190,1242,2004.0,1723.0,0.0,1.250098,0.352379,MYS,SDN,7414
705541,162,190,1242,2004.0,64323.0,0.0,1.171327,1.6369799999999999,NLD,SDN,7414
705542,185,190,1242,2004.0,5729.0,0.0,0.53925,1.145066,ROU,SDN,7414
705543,188,190,1242,2004.0,1362058.0,0.0,0.361324,-0.760732,SAU,SDN,7414
705544,189,190,1242,2004.0,0.0,9879.0,0.544686,2.418024,SCG,SDN,7414
705545,207,190,1242,2004.0,10556.0,0.0,1.700677,0.829765,SVN,SDN,7414
705546,212,190,1242,2004.0,93999.0,0.0,-0.698545,-0.111323,SYR,SDN,7414
705547,216,190,1242,2004.0,197808.0,0.0,0.633501,1.4648290000000002,THA,SDN,7414
705548,224,190,1242,2004.0,34852.0,0.0,0.249065,1.910598,TUR,SDN,7414
705549,243,190,1242,2004.0,194109.0,0.0,-1.298227,-1.2496639999999999,YEM,SDN,7414
705550,246,190,1242,2004.0,17986.0,0.0,0.29599699999999995,1.909018,ZAF,SDN,7414
705551,249,190,1242,2004.0,65374.0,0.0,1.8844150000000002,1.257951,TWN,SDN,7414
705552,8,197,1242,2004.0,478943.0,0.0,-0.070845,0.879574,ARG,SLV,7414
705553,15,197,1242,2004.0,1938.0,0.0,1.958949,0.209296,AUT,SLV,7414
705554,32,197,1242,2004.0,362111.0,0.0,0.504233,1.567879,BRA,SLV,7414
705555,39,197,1242,2004.0,3266.0,0.0,0.781591,1.365966,CAN,SLV,7414
705556,41,197,1242,2004.0,24486.0,0.0,2.234603,0.551975,CHE,SLV,7414
705557,42,197,1242,2004.0,1657.0,0.0,-0.24101399999999998,-0.303103,CHL,SLV,7414
705558,43,197,1242,2004.0,64124.0,0.0,0.710603,2.017234,CHN,SLV,7414
705559,49,197,1242,2004.0,500884.0,0.0,0.044706,0.514304,COL,SLV,7414
705560,52,197,1242,2004.0,25233.0,210157.0,-0.036323,-0.313847,CRI,SLV,7414
705561,61,197,1242,2004.0,34668.0,0.0,2.4453099999999997,-2.331761,DEU,SLV,7414
705562,64,197,1242,2004.0,56045.0,0.0,1.309074,1.2627979999999999,DNK,SLV,7414
705563,65,197,1242,2004.0,74492.0,2110.0,-0.24909699999999999,-0.326783,DOM,SLV,7414
705564,71,197,1242,2004.0,209286.0,0.0,1.04057,1.789023,ESP,SLV,7414
705565,77,197,1242,2004.0,18768.0,0.0,1.57079,0.6776760000000001,FRA,SLV,7414
705566,93,197,1242,2004.0,3297816.0,101680.0,-0.39399,0.139128,GTM,SLV,7414
705567,97,197,1242,2004.0,4711.0,0.0,0.72816,1.403171,HKG,SLV,7414
705568,99,197,1242,2004.0,3248.0,38901.0,-0.6372140000000001,-0.453946,HND,SLV,7414
705569,111,197,1242,2004.0,719216.0,0.0,1.440372,0.676068,ITA,SLV,7414
705570,121,197,1242,2004.0,24655.0,0.0,1.481275,0.7859,KOR,SLV,7414
705571,138,197,1242,2004.0,745709.0,0.0,1.183707,0.9043700000000001,MEX,SLV,7414
705572,153,197,1242,2004.0,5729.0,0.0,1.250098,0.352379,MYS,SLV,7414
705573,160,197,1242,2004.0,3915.0,12818.0,-1.003846,-0.697642,NIC,SLV,7414
705574,162,197,1242,2004.0,93456.0,0.0,1.171327,1.6369799999999999,NLD,SLV,7414
705575,169,197,1242,2004.0,13000.0,9314.0,0.054997000000000004,0.440416,PAN,SLV,7414
705576,174,197,1242,2004.0,86131.0,0.0,0.288786,-0.25348699999999996,PHL,SLV,7414
705577,192,197,1242,2004.0,1179.0,0.0,1.804502,0.570084,SGP,SLV,7414
705578,222,197,1242,2004.0,26477.0,0.0,-0.108049,-0.923523,TTO,SLV,7414
705579,231,197,1242,2004.0,2641947.0,21325.0,1.818327,-0.17913900000000002,USA,SLV,7414
705580,249,197,1242,2004.0,122797.0,0.0,1.8844150000000002,1.257951,TWN,SLV,7414
705581,18,205,1242,2004.0,5882.0,0.0,1.242665,1.541444,BEL,SUR,7414
705582,32,205,1242,2004.0,51703.0,0.0,0.504233,1.567879,BRA,SUR,7414
705583,41,205,1242,2004.0,7866.0,0.0,2.234603,0.551975,CHE,SUR,7414
705584,43,205,1242,2004.0,50833.0,0.0,0.710603,2.017234,CHN,SUR,7414
705585,61,205,1242,2004.0,38188.0,0.0,2.4453099999999997,-2.331761,DEU,SUR,7414
705586,64,205,1242,2004.0,106897.0,0.0,1.309074,1.2627979999999999,DNK,SUR,7414
705587,77,205,1242,2004.0,2159.0,0.0,1.57079,0.6776760000000001,FRA,SUR,7414
705588,81,205,1242,2004.0,2840.0,0.0,1.872987,0.734065,GBR,SUR,7414
705589,114,205,1242,2004.0,3224.0,0.0,2.756136,0.15545,JPN,SUR,7414
705590,162,205,1242,2004.0,109413.0,0.0,1.171327,1.6369799999999999,NLD,SUR,7414
705591,222,205,1242,2004.0,73771.0,0.0,-0.108049,-0.923523,TTO,SUR,7414
705592,224,205,1242,2004.0,9211.0,0.0,0.249065,1.910598,TUR,SUR,7414
705593,231,205,1242,2004.0,416793.0,0.0,1.818327,-0.17913900000000002,USA,SUR,7414
705594,6,208,1242,2004.0,0.0,33600.0,0.080304,-0.634516,ANT,SWE,7414
705595,7,208,1242,2004.0,0.0,2696459.0,-0.10993399999999999,-0.5351640000000001,ARE,SWE,7414
705596,8,208,1242,2004.0,0.0,329239.0,-0.070845,0.879574,ARG,SWE,7414
705597,13,208,1242,2004.0,0.0,2743.0,-0.28271,-0.850197,ATG,SWE,7414
705598,14,208,1242,2004.0,3636.0,2052568.0,-0.198735,0.81543,AUS,SWE,7414
705599,15,208,1242,2004.0,2393056.0,904296.0,1.958949,0.209296,AUT,SWE,7414
705600,16,208,1242,2004.0,0.0,252911.0,-0.720616,-1.009692,AZE,SWE,7414
705601,18,208,1242,2004.0,2051058.0,2272614.0,1.242665,1.541444,BEL,SWE,7414
705602,21,208,1242,2004.0,0.0,1730.0,-1.118427,-1.091315,BFA,SWE,7414
705603,23,208,1242,2004.0,0.0,369517.0,0.390627,1.631006,BGR,SWE,7414
705604,24,208,1242,2004.0,0.0,5513.0,-0.551237,-1.174628,BHR,SWE,7414
705605,26,208,1242,2004.0,0.0,4962.0,0.45637,0.6154470000000001,BIH,SWE,7414
705606,28,208,1242,2004.0,0.0,203131.0,0.9384239999999999,0.9708690000000001,BLR,SWE,7414
705607,32,208,1242,2004.0,0.0,865078.0,0.504233,1.567879,BRA,SWE,7414
705608,33,208,1242,2004.0,0.0,2666.0,0.644308,0.290054,BRB,SWE,7414
705609,35,208,1242,2004.0,0.0,2080.0,-0.204923,-0.804707,BTN,SWE,7414
705610,37,208,1242,2004.0,0.0,146821.0,-0.435159,-1.150519,BWA,SWE,7414
705611,39,208,1242,2004.0,51959.0,2050518.0,0.781591,1.365966,CAN,SWE,7414
705612,41,208,1242,2004.0,494875.0,3505468.0,2.234603,0.551975,CHE,SWE,7414
705613,42,208,1242,2004.0,0.0,1247657.0,-0.24101399999999998,-0.303103,CHL,SWE,7414
705614,43,208,1242,2004.0,1689461.0,2017840.0,0.710603,2.017234,CHN,SWE,7414
705615,44,208,1242,2004.0,0.0,2665.0,-0.835933,-0.749289,CIV,SWE,7414
705616,45,208,1242,2004.0,0.0,10265.0,-1.380149,-1.220501,CMR,SWE,7414
705617,47,208,1242,2004.0,0.0,2184.0,-1.415254,-1.24599,COG,SWE,7414
705618,49,208,1242,2004.0,0.0,1283.0,0.044706,0.514304,COL,SWE,7414
705619,52,208,1242,2004.0,0.0,382381.0,-0.036323,-0.313847,CRI,SWE,7414
705620,58,208,1242,2004.0,0.0,4713.0,0.42732200000000004,0.811763,CYP,SWE,7414
705621,59,208,1242,2004.0,1237629.0,2049849.0,1.612543,0.607495,CZE,SWE,7414
705622,61,208,1242,2004.0,18392538.0,23182160.0,2.4453099999999997,-2.331761,DEU,SWE,7414
705623,64,208,1242,2004.0,12574745.0,7829660.0,1.309074,1.2627979999999999,DNK,SWE,7414
705624,65,208,1242,2004.0,0.0,16049.0,-0.24909699999999999,-0.326783,DOM,SWE,7414
705625,67,208,1242,2004.0,0.0,241899.0,-0.990727,-0.9383090000000001,ECU,SWE,7414
705626,68,208,1242,2004.0,0.0,279332.0,-0.35823499999999997,0.5000100000000001,EGY,SWE,7414
705627,71,208,1242,2004.0,1319494.0,14113948.0,1.04057,1.789023,ESP,SWE,7414
705628,72,208,1242,2004.0,3448420.0,1746450.0,0.645741,1.035117,EST,SWE,7414
705629,73,208,1242,2004.0,0.0,35634.0,-1.202444,-0.8973120000000001,ETH,SWE,7414
705630,74,208,1242,2004.0,15000772.0,17324680.0,1.9662810000000002,1.018108,FIN,SWE,7414
705631,77,208,1242,2004.0,27187392.0,5937922.0,1.57079,0.6776760000000001,FRA,SWE,7414
705632,78,208,1242,2004.0,0.0,46023.0,-1.127967,-1.002561,FRO,SWE,7414
705633,81,208,1242,2004.0,10420252.0,17793062.0,1.872987,0.734065,GBR,SWE,7414
705634,87,208,1242,2004.0,0.0,8473.0,-0.22746999999999998,-0.14824600000000002,GMB,SWE,7414
705635,89,208,1242,2004.0,0.0,1239.0,-1.9282080000000001,-0.928127,GNQ,SWE,7414
705636,90,208,1242,2004.0,206791.0,1382626.0,0.298029,1.745886,GRC,SWE,7414
705637,92,208,1242,2004.0,0.0,363464.0,-1.152664,-0.986844,GRL,SWE,7414
705638,97,208,1242,2004.0,2221201.0,867014.0,0.72816,1.403171,HKG,SWE,7414
705639,100,208,1242,2004.0,1520930.0,233380.0,0.744459,1.1994479999999998,HRV,SWE,7414
705640,102,208,1242,2004.0,4727062.0,686494.0,1.3579370000000002,0.9993219999999999,HUN,SWE,7414
705641,103,208,1242,2004.0,46779.0,315917.0,0.010095999999999999,1.7413779999999999,IDN,SWE,7414
705642,104,208,1242,2004.0,98293.0,646915.0,0.20872,2.817307,IND,SWE,7414
705643,106,208,1242,2004.0,9782331.0,1470293.0,1.498475,0.19050799999999998,IRL,SWE,7414
705644,107,208,1242,2004.0,6967.0,16463.0,-0.6691699999999999,-1.002548,IRN,SWE,7414
705645,108,208,1242,2004.0,0.0,2046.0,-1.50824,-1.082486,IRQ,SWE,7414
705646,109,208,1242,2004.0,7421.0,980121.0,0.107901,-0.41223699999999996,ISL,SWE,7414
705647,110,208,1242,2004.0,394818.0,1554820.0,1.252895,0.8662770000000001,ISR,SWE,7414
705648,111,208,1242,2004.0,25462542.0,7367446.0,1.440372,0.676068,ITA,SWE,7414
705649,113,208,1242,2004.0,6941.0,262895.0,0.16384200000000002,0.34270100000000003,JOR,SWE,7414
705650,114,208,1242,2004.0,1876121.0,1837364.0,2.756136,0.15545,JPN,SWE,7414
705651,115,208,1242,2004.0,0.0,423962.0,-0.43987200000000004,-0.50862,KAZ,SWE,7414
705652,116,208,1242,2004.0,0.0,3961.0,-0.565597,0.182375,KEN,SWE,7414
705653,121,208,1242,2004.0,23270.0,494317.0,1.481275,0.7859,KOR,SWE,7414
705654,122,208,1242,2004.0,0.0,21795.0,-0.8195479999999999,-1.2105709999999998,KWT,SWE,7414
705655,124,208,1242,2004.0,1281.0,28679.0,0.269753,1.3152979999999999,LBN,SWE,7414
705656,125,208,1242,2004.0,0.0,5598.0,0.037469,-1.036878,LBR,SWE,7414
705657,126,208,1242,2004.0,0.0,1363.0,-0.895142,-1.211141,LBY,SWE,7414
705658,128,208,1242,2004.0,0.0,6407.0,-0.42450299999999996,0.173518,LKA,SWE,7414
705659,130,208,1242,2004.0,330217.0,1098639.0,0.341521,0.7971560000000001,LTU,SWE,7414
705660,131,208,1242,2004.0,34459.0,14631.0,1.258828,1.079923,LUX,SWE,7414
705661,132,208,1242,2004.0,0.0,352984.0,0.415001,0.8476809999999999,LVA,SWE,7414
705662,134,208,1242,2004.0,0.0,30457.0,-0.626594,-0.22253499999999998,MAR,SWE,7414
705663,136,208,1242,2004.0,0.0,3517.0,-1.1010799999999998,-0.7367859999999999,MDG,SWE,7414
705664,137,208,1242,2004.0,0.0,41336.0,-0.44303000000000003,-0.841744,MDV,SWE,7414
705665,138,208,1242,2004.0,1213.0,1538300.0,1.183707,0.9043700000000001,MEX,SWE,7414
705666,140,208,1242,2004.0,0.0,12619.0,-0.120439,0.27624899999999997,MKD,SWE,7414
705667,142,208,1242,2004.0,2373.0,7148.0,1.2290379999999999,-0.025372,MLT,SWE,7414
705668,151,208,1242,2004.0,0.0,43832.0,-0.161262,-0.29730300000000004,MUS,SWE,7414
705669,153,208,1242,2004.0,33137.0,169677.0,1.250098,0.352379,MYS,SWE,7414
705670,154,208,1242,2004.0,0.0,1880.0,1.290551,0.284667,MYT,SWE,7414
705671,155,208,1242,2004.0,0.0,550962.0,-0.408989,-0.462016,NAM,SWE,7414
705672,157,208,1242,2004.0,0.0,1370.0,-1.102485,-0.850282,NER,SWE,7414
705673,160,208,1242,2004.0,0.0,198504.0,-1.003846,-0.697642,NIC,SWE,7414
705674,162,208,1242,2004.0,3872842.0,10984845.0,1.171327,1.6369799999999999,NLD,SWE,7414
705675,163,208,1242,2004.0,3920696.0,23573958.0,0.731175,-0.0655,NOR,SWE,7414
705676,166,208,1242,2004.0,172344.0,117437.0,0.44099099999999997,0.968326,NZL,SWE,7414
705677,167,208,1242,2004.0,0.0,58826.0,-0.707862,-1.187629,OMN,SWE,7414
705678,168,208,1242,2004.0,0.0,141940.0,-0.7489600000000001,0.22493200000000002,PAK,SWE,7414
705679,169,208,1242,2004.0,0.0,71033.0,0.054997000000000004,0.440416,PAN,SWE,7414
705680,173,208,1242,2004.0,0.0,191572.0,-0.609837,0.13314,PER,SWE,7414
705681,174,208,1242,2004.0,0.0,292705.0,0.288786,-0.25348699999999996,PHL,SWE,7414
705682,177,208,1242,2004.0,2989434.0,3849184.0,0.989568,1.49055,POL,SWE,7414
705683,179,208,1242,2004.0,443734.0,941856.0,0.705075,1.7268729999999999,PRT,SWE,7414
705684,182,208,1242,2004.0,0.0,11447.0,-0.125349,-0.718282,PYF,SWE,7414
705685,185,208,1242,2004.0,49082.0,152000.0,0.53925,1.145066,ROU,SWE,7414
705686,186,208,1242,2004.0,1093430.0,1608663.0,0.422803,0.017524,RUS,SWE,7414
705687,188,208,1242,2004.0,0.0,146198.0,0.361324,-0.760732,SAU,SWE,7414
705688,189,208,1242,2004.0,71643.0,44257.0,0.544686,2.418024,SCG,SWE,7414
705689,192,208,1242,2004.0,34313.0,247333.0,1.804502,0.570084,SGP,SWE,7414
705690,194,208,1242,2004.0,0.0,18817.0,1.265068,0.28931799999999996,SHN,SWE,7414
705691,196,208,1242,2004.0,80818.0,0.0,0.43205699999999997,0.068877,SLE,SWE,7414
705692,206,208,1242,2004.0,525750.0,799126.0,1.2683149999999999,0.9208620000000001,SVK,SWE,7414
705693,207,208,1242,2004.0,72659.0,270316.0,1.700677,0.829765,SVN,SWE,7414
705694,216,208,1242,2004.0,310960.0,2871067.0,0.633501,1.4648290000000002,THA,SWE,7414
705695,218,208,1242,2004.0,0.0,19437.0,0.266386,0.202336,TKL,SWE,7414
705696,223,208,1242,2004.0,0.0,6642.0,-0.125092,0.370625,TUN,SWE,7414
705697,224,208,1242,2004.0,437942.0,160091.0,0.249065,1.910598,TUR,SWE,7414
705698,227,208,1242,2004.0,0.0,5188.0,-1.05367,-0.546304,UGA,SWE,7414
705699,228,208,1242,2004.0,0.0,1029748.0,0.672848,1.172735,UKR,SWE,7414
705700,230,208,1242,2004.0,0.0,3931.0,-0.051583000000000004,0.145056,URY,SWE,7414
705701,231,208,1242,2004.0,1738228.0,19649630.0,1.818327,-0.17913900000000002,USA,SWE,7414
705702,236,208,1242,2004.0,0.0,172785.0,-0.41193900000000006,-0.9578899999999999,VEN,SWE,7414
705703,239,208,1242,2004.0,0.0,835946.0,-0.46875500000000003,0.734412,VNM,SWE,7414
705704,246,208,1242,2004.0,42426.0,368533.0,0.29599699999999995,1.909018,ZAF,SWE,7414
705705,247,208,1242,2004.0,0.0,5216.0,-0.8752479999999999,-0.784285,ZMB,SWE,7414
705706,248,208,1242,2004.0,0.0,45850.0,-0.44064799999999993,0.01704,ZWE,SWE,7414
705707,249,208,1242,2004.0,58969.0,610607.0,1.8844150000000002,1.257951,TWN,SWE,7414
705708,2,216,1242,2004.0,0.0,22823.0,-0.8688110000000001,-1.198692,AGO,THA,7414
705709,7,216,1242,2004.0,0.0,5046088.0,-0.10993399999999999,-0.5351640000000001,ARE,THA,7414
705710,8,216,1242,2004.0,0.0,3829378.0,-0.070845,0.879574,ARG,THA,7414
705711,14,216,1242,2004.0,86791.0,10934495.0,-0.198735,0.81543,AUS,THA,7414
705712,15,216,1242,2004.0,2394714.0,42276.0,1.958949,0.209296,AUT,THA,7414
705713,18,216,1242,2004.0,1072720.0,45690960.0,1.242665,1.541444,BEL,THA,7414
705714,19,216,1242,2004.0,0.0,155434.0,-1.422449,-1.09615,BEN,THA,7414
705715,22,216,1242,2004.0,0.0,715298.0,-1.074194,-0.9392389999999999,BGD,THA,7414
705716,24,216,1242,2004.0,0.0,612318.0,-0.551237,-1.174628,BHR,THA,7414
705717,32,216,1242,2004.0,14856.0,2150350.0,0.504233,1.567879,BRA,THA,7414
705718,34,216,1242,2004.0,0.0,79662.0,-0.720827,-0.964435,BRN,THA,7414
705719,35,216,1242,2004.0,0.0,22380.0,-0.204923,-0.804707,BTN,THA,7414
705720,39,216,1242,2004.0,3080835.0,1160564.0,0.781591,1.365966,CAN,THA,7414
705721,41,216,1242,2004.0,66788.0,1700.0,2.234603,0.551975,CHE,THA,7414
705722,42,216,1242,2004.0,0.0,101523.0,-0.24101399999999998,-0.303103,CHL,THA,7414
705723,43,216,1242,2004.0,14231922.0,2246169.0,0.710603,2.017234,CHN,THA,7414
705724,44,216,1242,2004.0,0.0,13026.0,-0.835933,-0.749289,CIV,THA,7414
705725,47,216,1242,2004.0,0.0,23074.0,-1.415254,-1.24599,COG,THA,7414
705726,49,216,1242,2004.0,0.0,114934.0,0.044706,0.514304,COL,THA,7414
705727,52,216,1242,2004.0,0.0,50962.0,-0.036323,-0.313847,CRI,THA,7414
705728,58,216,1242,2004.0,0.0,59682.0,0.42732200000000004,0.811763,CYP,THA,7414
705729,59,216,1242,2004.0,0.0,93825.0,1.612543,0.607495,CZE,THA,7414
705730,61,216,1242,2004.0,7136732.0,3089536.0,2.4453099999999997,-2.331761,DEU,THA,7414
705731,62,216,1242,2004.0,0.0,9849.0,-0.370222,-0.28660399999999997,DJI,THA,7414
705732,64,216,1242,2004.0,1203917.0,200544.0,1.309074,1.2627979999999999,DNK,THA,7414
705733,65,216,1242,2004.0,1029.0,46556.0,-0.24909699999999999,-0.326783,DOM,THA,7414
705734,66,216,1242,2004.0,0.0,109289.0,-1.166661,-1.2240879999999998,DZA,THA,7414
705735,67,216,1242,2004.0,0.0,215503.0,-0.990727,-0.9383090000000001,ECU,THA,7414
705736,68,216,1242,2004.0,0.0,2898281.0,-0.35823499999999997,0.5000100000000001,EGY,THA,7414
705737,71,216,1242,2004.0,185041.0,4644219.0,1.04057,1.789023,ESP,THA,7414
705738,72,216,1242,2004.0,0.0,1803.0,0.645741,1.035117,EST,THA,7414
705739,73,216,1242,2004.0,0.0,196708.0,-1.202444,-0.8973120000000001,ETH,THA,7414
705740,74,216,1242,2004.0,28387.0,6519.0,1.9662810000000002,1.018108,FIN,THA,7414
705741,75,216,1242,2004.0,0.0,76434.0,-0.793333,-0.27460100000000004,FJI,THA,7414
705742,77,216,1242,2004.0,3233963.0,8271558.0,1.57079,0.6776760000000001,FRA,THA,7414
705743,81,216,1242,2004.0,348018.0,410670.0,1.872987,0.734065,GBR,THA,7414
705744,83,216,1242,2004.0,0.0,169419.0,-1.015073,-0.9147069999999999,GHA,THA,7414
705745,87,216,1242,2004.0,0.0,7398.0,-0.22746999999999998,-0.14824600000000002,GMB,THA,7414
705746,88,216,1242,2004.0,0.0,19460.0,-1.258264,-1.028131,GNB,THA,7414
705747,90,216,1242,2004.0,0.0,16128.0,0.298029,1.745886,GRC,THA,7414
705748,97,216,1242,2004.0,276453.0,1883549.0,0.72816,1.403171,HKG,THA,7414
705749,100,216,1242,2004.0,123290.0,2638.0,0.744459,1.1994479999999998,HRV,THA,7414
705750,103,216,1242,2004.0,3280946.0,12247327.0,0.010095999999999999,1.7413779999999999,IDN,THA,7414
705751,104,216,1242,2004.0,1371494.0,2685886.0,0.20872,2.817307,IND,THA,7414
705752,106,216,1242,2004.0,395716.0,52232.0,1.498475,0.19050799999999998,IRL,THA,7414
705753,107,216,1242,2004.0,0.0,67655.0,-0.6691699999999999,-1.002548,IRN,THA,7414
705754,108,216,1242,2004.0,0.0,3962.0,-1.50824,-1.082486,IRQ,THA,7414
705755,109,216,1242,2004.0,0.0,24737.0,0.107901,-0.41223699999999996,ISL,THA,7414
705756,110,216,1242,2004.0,0.0,58906.0,1.252895,0.8662770000000001,ISR,THA,7414
705757,111,216,1242,2004.0,5512782.0,31827054.0,1.440372,0.676068,ITA,THA,7414
705758,113,216,1242,2004.0,0.0,1835386.0,0.16384200000000002,0.34270100000000003,JOR,THA,7414
705759,114,216,1242,2004.0,25336810.0,35773332.0,2.756136,0.15545,JPN,THA,7414
705760,115,216,1242,2004.0,0.0,8436.0,-0.43987200000000004,-0.50862,KAZ,THA,7414
705761,116,216,1242,2004.0,0.0,159928.0,-0.565597,0.182375,KEN,THA,7414
705762,118,216,1242,2004.0,0.0,337474.0,-1.145227,-1.19179,KHM,THA,7414
705763,121,216,1242,2004.0,5372584.0,1316804.0,1.481275,0.7859,KOR,THA,7414
705764,122,216,1242,2004.0,0.0,427830.0,-0.8195479999999999,-1.2105709999999998,KWT,THA,7414
705765,123,216,1242,2004.0,0.0,209816.0,-0.9964770000000001,-0.9475,LAO,THA,7414
705766,124,216,1242,2004.0,0.0,262893.0,0.269753,1.3152979999999999,LBN,THA,7414
705767,126,216,1242,2004.0,0.0,405647.0,-0.895142,-1.211141,LBY,THA,7414
705768,128,216,1242,2004.0,0.0,540163.0,-0.42450299999999996,0.173518,LKA,THA,7414
705769,130,216,1242,2004.0,0.0,1220.0,0.341521,0.7971560000000001,LTU,THA,7414
705770,131,216,1242,2004.0,6982.0,0.0,1.258828,1.079923,LUX,THA,7414
705771,132,216,1242,2004.0,0.0,24559.0,0.415001,0.8476809999999999,LVA,THA,7414
705772,133,216,1242,2004.0,0.0,4142.0,-0.12333599999999999,-0.600164,MAC,THA,7414
705773,134,216,1242,2004.0,0.0,7731.0,-0.626594,-0.22253499999999998,MAR,THA,7414
705774,137,216,1242,2004.0,0.0,992185.0,-0.44303000000000003,-0.841744,MDV,THA,7414
705775,138,216,1242,2004.0,65485.0,3073619.0,1.183707,0.9043700000000001,MEX,THA,7414
705776,142,216,1242,2004.0,0.0,4420.0,1.2290379999999999,-0.025372,MLT,THA,7414
705777,143,216,1242,2004.0,0.0,158754.0,-1.048261,-0.828443,MMR,THA,7414
705778,148,216,1242,2004.0,0.0,13277.0,-1.8941119999999998,-1.357728,MRT,THA,7414
705779,151,216,1242,2004.0,0.0,768488.0,-0.161262,-0.29730300000000004,MUS,THA,7414
705780,152,216,1242,2004.0,0.0,124790.0,-1.233417,-1.071204,MWI,THA,7414
705781,153,216,1242,2004.0,10734862.0,9247109.0,1.250098,0.352379,MYS,THA,7414
705782,159,216,1242,2004.0,0.0,91487.0,-2.336753,-1.350375,NGA,THA,7414
705783,160,216,1242,2004.0,0.0,2283.0,-1.003846,-0.697642,NIC,THA,7414
705784,162,216,1242,2004.0,4790214.0,293347.0,1.171327,1.6369799999999999,NLD,THA,7414
705785,163,216,1242,2004.0,84936.0,46413.0,0.731175,-0.0655,NOR,THA,7414
705786,166,216,1242,2004.0,0.0,1320192.0,0.44099099999999997,0.968326,NZL,THA,7414
705787,167,216,1242,2004.0,0.0,1232534.0,-0.707862,-1.187629,OMN,THA,7414
705788,168,216,1242,2004.0,0.0,201782.0,-0.7489600000000001,0.22493200000000002,PAK,THA,7414
705789,169,216,1242,2004.0,0.0,73410.0,0.054997000000000004,0.440416,PAN,THA,7414
705790,173,216,1242,2004.0,0.0,280640.0,-0.609837,0.13314,PER,THA,7414
705791,174,216,1242,2004.0,518591.0,3968214.0,0.288786,-0.25348699999999996,PHL,THA,7414
705792,176,216,1242,2004.0,0.0,69050.0,-1.57259,-1.215066,PNG,THA,7414
705793,177,216,1242,2004.0,1914.0,57555.0,0.989568,1.49055,POL,THA,7414
705794,178,216,1242,2004.0,23053.0,156539.0,0.695376,0.9732209999999999,PRK,THA,7414
705795,179,216,1242,2004.0,0.0,22980.0,0.705075,1.7268729999999999,PRT,THA,7414
705796,182,216,1242,2004.0,0.0,90787.0,-0.125349,-0.718282,PYF,THA,7414
705797,183,216,1242,2004.0,0.0,595524.0,0.018141,-1.03766,QAT,THA,7414
705798,186,216,1242,2004.0,0.0,119531.0,0.422803,0.017524,RUS,THA,7414
705799,188,216,1242,2004.0,0.0,15451140.0,0.361324,-0.760732,SAU,THA,7414
705800,190,216,1242,2004.0,0.0,197808.0,-1.503552,-1.253193,SDN,THA,7414
705801,192,216,1242,2004.0,1555096.0,3883776.0,1.804502,0.570084,SGP,THA,7414
705802,196,216,1242,2004.0,0.0,26220.0,0.43205699999999997,0.068877,SLE,THA,7414
705803,208,216,1242,2004.0,2871067.0,310960.0,2.105611,0.707843,SWE,THA,7414
705804,212,216,1242,2004.0,0.0,23295.0,-0.698545,-0.111323,SYR,THA,7414
705805,220,216,1242,2004.0,0.0,2520.0,0.437675,-0.21816300000000002,TLS,THA,7414
705806,222,216,1242,2004.0,0.0,144663.0,-0.108049,-0.923523,TTO,THA,7414
705807,223,216,1242,2004.0,0.0,461280.0,-0.125092,0.370625,TUN,THA,7414
705808,224,216,1242,2004.0,9629.0,28784.0,0.249065,1.910598,TUR,THA,7414
705809,226,216,1242,2004.0,0.0,620502.0,-0.935327,0.362709,TZA,THA,7414
705810,228,216,1242,2004.0,0.0,10184.0,0.672848,1.172735,UKR,THA,7414
705811,230,216,1242,2004.0,0.0,18537.0,-0.051583000000000004,0.145056,URY,THA,7414
705812,231,216,1242,2004.0,18836056.0,4828868.0,1.818327,-0.17913900000000002,USA,THA,7414
705813,236,216,1242,2004.0,0.0,19040.0,-0.41193900000000006,-0.9578899999999999,VEN,THA,7414
705814,239,216,1242,2004.0,0.0,4839416.0,-0.46875500000000003,0.734412,VNM,THA,7414
705815,243,216,1242,2004.0,0.0,521049.0,-1.298227,-1.2496639999999999,YEM,THA,7414
705816,246,216,1242,2004.0,2688.0,3799604.0,0.29599699999999995,1.909018,ZAF,THA,7414
705817,248,216,1242,2004.0,0.0,11889.0,-0.44064799999999993,0.01704,ZWE,THA,7414
705818,249,216,1242,2004.0,2075419.0,4018714.0,1.8844150000000002,1.257951,TWN,THA,7414
705819,0,222,1242,2004.0,0.0,5494.0,0.074978,-0.8537239999999999,ABW,TTO,7414
705820,6,222,1242,2004.0,0.0,31712.0,0.080304,-0.634516,ANT,TTO,7414
705821,8,222,1242,2004.0,0.0,4702.0,-0.070845,0.879574,ARG,TTO,7414
705822,13,222,1242,2004.0,0.0,60700.0,-0.28271,-0.850197,ATG,TTO,7414
705823,14,222,1242,2004.0,4126.0,0.0,-0.198735,0.81543,AUS,TTO,7414
705824,15,222,1242,2004.0,1293.0,0.0,1.958949,0.209296,AUT,TTO,7414
705825,25,222,1242,2004.0,0.0,19249.0,0.029548,-0.692239,BHS,TTO,7414
705826,30,222,1242,2004.0,0.0,16757.0,0.67576,-0.49529799999999996,BMU,TTO,7414
705827,31,222,1242,2004.0,0.0,3369.0,-0.841087,-0.770059,BOL,TTO,7414
705828,32,222,1242,2004.0,140676.0,228479.0,0.504233,1.567879,BRA,TTO,7414
705829,33,222,1242,2004.0,0.0,190291.0,0.644308,0.290054,BRB,TTO,7414
705830,39,222,1242,2004.0,10377.0,74707.0,0.781591,1.365966,CAN,TTO,7414
705831,42,222,1242,2004.0,17742.0,0.0,-0.24101399999999998,-0.303103,CHL,TTO,7414
705832,43,222,1242,2004.0,145811.0,0.0,0.710603,2.017234,CHN,TTO,7414
705833,49,222,1242,2004.0,21394.0,61408.0,0.044706,0.514304,COL,TTO,7414
705834,52,222,1242,2004.0,7068.0,43024.0,-0.036323,-0.313847,CRI,TTO,7414
705835,54,222,1242,2004.0,0.0,45718.0,-0.16826,-0.644388,CUB,TTO,7414
705836,57,222,1242,2004.0,0.0,8943.0,0.47268999999999994,-0.742781,CYM,TTO,7414
705837,61,222,1242,2004.0,19067.0,0.0,2.4453099999999997,-2.331761,DEU,TTO,7414
705838,63,222,1242,2004.0,0.0,9332.0,0.478601,0.368796,DMA,TTO,7414
705839,64,222,1242,2004.0,1459.0,0.0,1.309074,1.2627979999999999,DNK,TTO,7414
705840,65,222,1242,2004.0,61032.0,55971.0,-0.24909699999999999,-0.326783,DOM,TTO,7414
705841,71,222,1242,2004.0,5791.0,0.0,1.04057,1.789023,ESP,TTO,7414
705842,77,222,1242,2004.0,34781.0,4082.0,1.57079,0.6776760000000001,FRA,TTO,7414
705843,81,222,1242,2004.0,4624.0,0.0,1.872987,0.734065,GBR,TTO,7414
705844,91,222,1242,2004.0,0.0,43498.0,0.426058,-0.30841799999999997,GRD,TTO,7414
705845,96,222,1242,2004.0,0.0,38215.0,-0.932802,-0.9846530000000001,GUY,TTO,7414
705846,111,222,1242,2004.0,187338.0,0.0,1.440372,0.676068,ITA,TTO,7414
705847,112,222,1242,2004.0,0.0,437630.0,-0.505365,-0.9596120000000001,JAM,TTO,7414
705848,114,222,1242,2004.0,38465.0,0.0,2.756136,0.15545,JPN,TTO,7414
705849,120,222,1242,2004.0,0.0,31395.0,0.5528109999999999,-0.342657,KNA,TTO,7414
705850,121,222,1242,2004.0,12194.0,0.0,1.481275,0.7859,KOR,TTO,7414
705851,127,222,1242,2004.0,0.0,20394.0,0.31900300000000004,-0.346391,LCA,TTO,7414
705852,138,222,1242,2004.0,4067.0,2988.0,1.183707,0.9043700000000001,MEX,TTO,7414
705853,153,222,1242,2004.0,141663.0,0.0,1.250098,0.352379,MYS,TTO,7414
705854,162,222,1242,2004.0,37750.0,0.0,1.171327,1.6369799999999999,NLD,TTO,7414
705855,169,222,1242,2004.0,9399.0,0.0,0.054997000000000004,0.440416,PAN,TTO,7414
705856,173,222,1242,2004.0,2062.0,11539.0,-0.609837,0.13314,PER,TTO,7414
705857,179,222,1242,2004.0,2190.0,0.0,0.705075,1.7268729999999999,PRT,TTO,7414
705858,192,222,1242,2004.0,1205.0,0.0,1.804502,0.570084,SGP,TTO,7414
705859,197,222,1242,2004.0,0.0,26477.0,-0.21054299999999998,0.086382,SLV,TTO,7414
705860,205,222,1242,2004.0,0.0,73771.0,-1.056251,-1.0234590000000001,SUR,TTO,7414
705861,216,222,1242,2004.0,144663.0,0.0,0.633501,1.4648290000000002,THA,TTO,7414
705862,231,222,1242,2004.0,1009832.0,115529.0,1.818327,-0.17913900000000002,USA,TTO,7414
705863,234,222,1242,2004.0,0.0,116317.0,-0.706188,-0.9244120000000001,VCT,TTO,7414
705864,236,222,1242,2004.0,1442.0,1004276.0,-0.41193900000000006,-0.9578899999999999,VEN,TTO,7414
705865,237,222,1242,2004.0,0.0,2125.0,0.689844,-0.23942,VGB,TTO,7414
705866,249,222,1242,2004.0,278668.0,0.0,1.8844150000000002,1.257951,TWN,TTO,7414
705867,8,230,1242,2004.0,1145470.0,11575.0,-0.070845,0.879574,ARG,URY,7414
705868,32,230,1242,2004.0,1350888.0,15134.0,0.504233,1.567879,BRA,URY,7414
705869,39,230,1242,2004.0,1548.0,0.0,0.781591,1.365966,CAN,URY,7414
705870,42,230,1242,2004.0,21266.0,6487.0,-0.24101399999999998,-0.303103,CHL,URY,7414
705871,43,230,1242,2004.0,64149.0,0.0,0.710603,2.017234,CHN,URY,7414
705872,49,230,1242,2004.0,1043.0,0.0,0.044706,0.514304,COL,URY,7414
705873,61,230,1242,2004.0,40251.0,0.0,2.4453099999999997,-2.331761,DEU,URY,7414
705874,64,230,1242,2004.0,8235.0,0.0,1.309074,1.2627979999999999,DNK,URY,7414
705875,71,230,1242,2004.0,119899.0,0.0,1.04057,1.789023,ESP,URY,7414
705876,77,230,1242,2004.0,48806.0,0.0,1.57079,0.6776760000000001,FRA,URY,7414
705877,81,230,1242,2004.0,5273.0,0.0,1.872987,0.734065,GBR,URY,7414
705878,97,230,1242,2004.0,2372.0,0.0,0.72816,1.403171,HKG,URY,7414
705879,111,230,1242,2004.0,342647.0,0.0,1.440372,0.676068,ITA,URY,7414
705880,114,230,1242,2004.0,75505.0,0.0,2.756136,0.15545,JPN,URY,7414
705881,121,230,1242,2004.0,3804.0,0.0,1.481275,0.7859,KOR,URY,7414
705882,138,230,1242,2004.0,9429.0,0.0,1.183707,0.9043700000000001,MEX,URY,7414
705883,162,230,1242,2004.0,2327.0,10431.0,1.171327,1.6369799999999999,NLD,URY,7414
705884,177,230,1242,2004.0,8770.0,0.0,0.989568,1.49055,POL,URY,7414
705885,179,230,1242,2004.0,1659.0,0.0,0.705075,1.7268729999999999,PRT,URY,7414
705886,208,230,1242,2004.0,3931.0,0.0,2.105611,0.707843,SWE,URY,7414
705887,216,230,1242,2004.0,18537.0,0.0,0.633501,1.4648290000000002,THA,URY,7414
705888,231,230,1242,2004.0,634219.0,0.0,1.818327,-0.17913900000000002,USA,URY,7414
705889,236,230,1242,2004.0,0.0,12362.0,-0.41193900000000006,-0.9578899999999999,VEN,URY,7414
705890,250,230,1242,2004.0,234179.0,43022.0,0.46240200000000004,-0.406624,ANS,URY,7414
705891,0,231,1242,2004.0,0.0,514874.0,0.074978,-0.8537239999999999,ABW,USA,7414
705892,1,231,1242,2004.0,0.0,173470.0,-0.8890309999999999,-0.773602,AFG,USA,7414
705893,2,231,1242,2004.0,0.0,242603.0,-0.8688110000000001,-1.198692,AGO,USA,7414
705894,3,231,1242,2004.0,7950.0,99625.0,1.215071,0.143539,AIA,USA,7414
705895,6,231,1242,2004.0,4146.0,988349.0,0.080304,-0.634516,ANT,USA,7414
705896,7,231,1242,2004.0,26117.0,20362070.0,-0.10993399999999999,-0.5351640000000001,ARE,USA,7414
705897,8,231,1242,2004.0,231324.0,2775670.0,-0.070845,0.879574,ARG,USA,7414
705898,9,231,1242,2004.0,0.0,6087.0,0.497276,-0.226016,ARM,USA,7414
705899,13,231,1242,2004.0,3550.0,334334.0,-0.28271,-0.850197,ATG,USA,7414
705900,14,231,1242,2004.0,806602.0,38825544.0,-0.198735,0.81543,AUS,USA,7414
705901,15,231,1242,2004.0,6998216.0,880306.0,1.958949,0.209296,AUT,USA,7414
705902,16,231,1242,2004.0,0.0,80089.0,-0.720616,-1.009692,AZE,USA,7414
705903,18,231,1242,2004.0,494214.0,22936434.0,1.242665,1.541444,BEL,USA,7414
705904,22,231,1242,2004.0,0.0,805103.0,-1.074194,-0.9392389999999999,BGD,USA,7414
705905,23,231,1242,2004.0,9597.0,44868.0,0.390627,1.631006,BGR,USA,7414
705906,24,231,1242,2004.0,0.0,1061838.0,-0.551237,-1.174628,BHR,USA,7414
705907,25,231,1242,2004.0,13164.0,1958536.0,0.029548,-0.692239,BHS,USA,7414
705908,26,231,1242,2004.0,0.0,14626.0,0.45637,0.6154470000000001,BIH,USA,7414
705909,28,231,1242,2004.0,0.0,58401.0,0.9384239999999999,0.9708690000000001,BLR,USA,7414
705910,29,231,1242,2004.0,5252.0,313921.0,-0.528459,-0.739219,BLZ,USA,7414
705911,30,231,1242,2004.0,0.0,4047222.0,0.67576,-0.49529799999999996,BMU,USA,7414
705912,31,231,1242,2004.0,6118.0,55577.0,-0.841087,-0.770059,BOL,USA,7414
705913,32,231,1242,2004.0,15047541.0,15645641.0,0.504233,1.567879,BRA,USA,7414
705914,33,231,1242,2004.0,31055.0,992646.0,0.644308,0.290054,BRB,USA,7414
705915,34,231,1242,2004.0,0.0,81005.0,-0.720827,-0.964435,BRN,USA,7414
705916,37,231,1242,2004.0,0.0,65709.0,-0.435159,-1.150519,BWA,USA,7414
705917,39,231,1242,2004.0,154984352.0,385436992.0,0.781591,1.365966,CAN,USA,7414
705918,41,231,1242,2004.0,3662001.0,1318504.0,2.234603,0.551975,CHE,USA,7414
705919,42,231,1242,2004.0,4866246.0,3996142.0,-0.24101399999999998,-0.303103,CHL,USA,7414
705920,43,231,1242,2004.0,188229392.0,120289384.0,0.710603,2.017234,CHN,USA,7414
705921,44,231,1242,2004.0,0.0,116368.0,-0.835933,-0.749289,CIV,USA,7414
705922,45,231,1242,2004.0,0.0,150016.0,-1.380149,-1.220501,CMR,USA,7414
705923,46,231,1242,2004.0,0.0,12934.0,-1.426621,-1.198377,COD,USA,7414
705924,49,231,1242,2004.0,537889.0,3663107.0,0.044706,0.514304,COL,USA,7414
705925,52,231,1242,2004.0,102961.0,4844594.0,-0.036323,-0.313847,CRI,USA,7414
705926,56,231,1242,2004.0,0.0,13780.0,0.575246,-0.652756,CXR,USA,7414
705927,57,231,1242,2004.0,0.0,1527453.0,0.47268999999999994,-0.742781,CYM,USA,7414
705928,58,231,1242,2004.0,0.0,264993.0,0.42732200000000004,0.811763,CYP,USA,7414
705929,59,231,1242,2004.0,4226415.0,2674405.0,1.612543,0.607495,CZE,USA,7414
705930,61,231,1242,2004.0,54223128.0,22505040.0,2.4453099999999997,-2.331761,DEU,USA,7414
705931,62,231,1242,2004.0,0.0,6979.0,-0.370222,-0.28660399999999997,DJI,USA,7414
705932,63,231,1242,2004.0,0.0,26699.0,0.478601,0.368796,DMA,USA,7414
705933,64,231,1242,2004.0,27442524.0,15852384.0,1.309074,1.2627979999999999,DNK,USA,7414
705934,65,231,1242,2004.0,557250.0,3389486.0,-0.24909699999999999,-0.326783,DOM,USA,7414
705935,66,231,1242,2004.0,0.0,252406.0,-1.166661,-1.2240879999999998,DZA,USA,7414
705936,67,231,1242,2004.0,17380.0,1977016.0,-0.990727,-0.9383090000000001,ECU,USA,7414
705937,68,231,1242,2004.0,30682.0,2834826.0,-0.35823499999999997,0.5000100000000001,EGY,USA,7414
705938,69,231,1242,2004.0,0.0,228530.0,0.390463,0.144876,ERI,USA,7414
705939,71,231,1242,2004.0,4068766.0,5743856.0,1.04057,1.789023,ESP,USA,7414
705940,72,231,1242,2004.0,0.0,13626.0,0.645741,1.035117,EST,USA,7414
705941,73,231,1242,2004.0,0.0,23714.0,-1.202444,-0.8973120000000001,ETH,USA,7414
705942,74,231,1242,2004.0,321791.0,884372.0,1.9662810000000002,1.018108,FIN,USA,7414
705943,75,231,1242,2004.0,0.0,20010.0,-0.793333,-0.27460100000000004,FJI,USA,7414
705944,77,231,1242,2004.0,22283526.0,18592396.0,1.57079,0.6776760000000001,FRA,USA,7414
705945,78,231,1242,2004.0,0.0,8222.0,-1.127967,-1.002561,FRO,USA,7414
705946,79,231,1242,2004.0,0.0,18254.0,-1.155942,-1.049955,FSM,USA,7414
705947,80,231,1242,2004.0,0.0,45577.0,-1.006071,-1.212338,GAB,USA,7414
705948,81,231,1242,2004.0,10167569.0,62893012.0,1.872987,0.734065,GBR,USA,7414
705949,82,231,1242,2004.0,0.0,25651.0,-0.030676,-0.560186,GEO,USA,7414
705950,83,231,1242,2004.0,0.0,70862.0,-1.015073,-0.9147069999999999,GHA,USA,7414
705951,85,231,1242,2004.0,0.0,17435.0,-1.004077,-1.108018,GIN,USA,7414
705952,87,231,1242,2004.0,0.0,9938.0,-0.22746999999999998,-0.14824600000000002,GMB,USA,7414
705953,89,231,1242,2004.0,0.0,27701.0,-1.9282080000000001,-0.928127,GNQ,USA,7414
705954,90,231,1242,2004.0,141431.0,1399644.0,0.298029,1.745886,GRC,USA,7414
705955,91,231,1242,2004.0,0.0,86328.0,0.426058,-0.30841799999999997,GRD,USA,7414
705956,93,231,1242,2004.0,1967252.0,8279853.0,-0.39399,0.139128,GTM,USA,7414
705957,96,231,1242,2004.0,3437.0,109239.0,-0.932802,-0.9846530000000001,GUY,USA,7414
705958,97,231,1242,2004.0,1873565.0,17613904.0,0.72816,1.403171,HKG,USA,7414
705959,99,231,1242,2004.0,22016.0,2163464.0,-0.6372140000000001,-0.453946,HND,USA,7414
705960,100,231,1242,2004.0,7305.0,32005.0,0.744459,1.1994479999999998,HRV,USA,7414
705961,101,231,1242,2004.0,0.0,200360.0,-0.919434,-0.9868950000000001,HTI,USA,7414
705962,102,231,1242,2004.0,375673.0,988949.0,1.3579370000000002,0.9993219999999999,HUN,USA,7414
705963,103,231,1242,2004.0,14307261.0,5913866.0,0.010095999999999999,1.7413779999999999,IDN,USA,7414
705964,104,231,1242,2004.0,6680170.0,17981106.0,0.20872,2.817307,IND,USA,7414
705965,106,231,1242,2004.0,1281301.0,6626996.0,1.498475,0.19050799999999998,IRL,USA,7414
705966,107,231,1242,2004.0,0.0,8948.0,-0.6691699999999999,-1.002548,IRN,USA,7414
705967,108,231,1242,2004.0,0.0,388544.0,-1.50824,-1.082486,IRQ,USA,7414
705968,109,231,1242,2004.0,712172.0,380249.0,0.107901,-0.41223699999999996,ISL,USA,7414
705969,110,231,1242,2004.0,826533.0,6303363.0,1.252895,0.8662770000000001,ISR,USA,7414
705970,111,231,1242,2004.0,47948696.0,13620368.0,1.440372,0.676068,ITA,USA,7414
705971,112,231,1242,2004.0,1993.0,3666110.0,-0.505365,-0.9596120000000001,JAM,USA,7414
705972,113,231,1242,2004.0,348254.0,654821.0,0.16384200000000002,0.34270100000000003,JOR,USA,7414
705973,114,231,1242,2004.0,48570856.0,44168600.0,2.756136,0.15545,JPN,USA,7414
705974,115,231,1242,2004.0,0.0,58986.0,-0.43987200000000004,-0.50862,KAZ,USA,7414
705975,116,231,1242,2004.0,0.0,120344.0,-0.565597,0.182375,KEN,USA,7414
705976,118,231,1242,2004.0,0.0,109560.0,-1.145227,-1.19179,KHM,USA,7414
705977,120,231,1242,2004.0,0.0,109908.0,0.5528109999999999,-0.342657,KNA,USA,7414
705978,121,231,1242,2004.0,19143382.0,29898814.0,1.481275,0.7859,KOR,USA,7414
705979,122,231,1242,2004.0,0.0,9708518.0,-0.8195479999999999,-1.2105709999999998,KWT,USA,7414
705980,124,231,1242,2004.0,0.0,1353289.0,0.269753,1.3152979999999999,LBN,USA,7414
705981,125,231,1242,2004.0,0.0,32050.0,0.037469,-1.036878,LBR,USA,7414
705982,127,231,1242,2004.0,0.0,327518.0,0.31900300000000004,-0.346391,LCA,USA,7414
705983,128,231,1242,2004.0,13448.0,405491.0,-0.42450299999999996,0.173518,LKA,USA,7414
705984,130,231,1242,2004.0,704522.0,248288.0,0.341521,0.7971560000000001,LTU,USA,7414
705985,131,231,1242,2004.0,14121.0,25006.0,1.258828,1.079923,LUX,USA,7414
705986,132,231,1242,2004.0,0.0,589391.0,0.415001,0.8476809999999999,LVA,USA,7414
705987,133,231,1242,2004.0,0.0,210637.0,-0.12333599999999999,-0.600164,MAC,USA,7414
705988,134,231,1242,2004.0,0.0,53653.0,-0.626594,-0.22253499999999998,MAR,USA,7414
705989,135,231,1242,2004.0,0.0,80720.0,-0.13031900000000002,-0.118591,MDA,USA,7414
705990,137,231,1242,2004.0,0.0,37166.0,-0.44303000000000003,-0.841744,MDV,USA,7414
705991,138,231,1242,2004.0,352188352.0,191722640.0,1.183707,0.9043700000000001,MEX,USA,7414
705992,139,231,1242,2004.0,0.0,59375.0,-0.712684,-0.88944,MHL,USA,7414
705993,141,231,1242,2004.0,0.0,8912.0,-0.5807979999999999,-0.797311,MLI,USA,7414
705994,142,231,1242,2004.0,70050.0,21491.0,1.2290379999999999,-0.025372,MLT,USA,7414
705995,143,231,1242,2004.0,0.0,56648.0,-1.048261,-0.828443,MMR,USA,7414
705996,145,231,1242,2004.0,0.0,11761.0,-0.920198,-1.1059219999999998,MNG,USA,7414
705997,147,231,1242,2004.0,0.0,75959.0,-1.009633,-0.9863059999999999,MOZ,USA,7414
705998,149,231,1242,2004.0,0.0,8313.0,0.854981,0.5103979999999999,MSR,USA,7414
705999,151,231,1242,2004.0,0.0,47548.0,-0.161262,-0.29730300000000004,MUS,USA,7414
706000,152,231,1242,2004.0,0.0,7439.0,-1.233417,-1.071204,MWI,USA,7414
706001,153,231,1242,2004.0,5032554.0,4705458.0,1.250098,0.352379,MYS,USA,7414
706002,154,231,1242,2004.0,0.0,28374.0,1.290551,0.284667,MYT,USA,7414
706003,155,231,1242,2004.0,0.0,107763.0,-0.408989,-0.462016,NAM,USA,7414
706004,156,231,1242,2004.0,0.0,162691.0,-0.279566,-0.860456,NCL,USA,7414
706005,157,231,1242,2004.0,2131.0,0.0,-1.102485,-0.850282,NER,USA,7414
706006,159,231,1242,2004.0,12219.0,1414353.0,-2.336753,-1.350375,NGA,USA,7414
706007,160,231,1242,2004.0,0.0,477499.0,-1.003846,-0.697642,NIC,USA,7414
706008,162,231,1242,2004.0,5228690.0,22929208.0,1.171327,1.6369799999999999,NLD,USA,7414
706009,163,231,1242,2004.0,582722.0,760291.0,0.731175,-0.0655,NOR,USA,7414
706010,164,231,1242,2004.0,0.0,70088.0,-0.16800199999999998,0.541976,NPL,USA,7414
706011,166,231,1242,2004.0,513440.0,5538558.0,0.44099099999999997,0.968326,NZL,USA,7414
706012,167,231,1242,2004.0,0.0,1333899.0,-0.707862,-1.187629,OMN,USA,7414
706013,168,231,1242,2004.0,0.0,1037214.0,-0.7489600000000001,0.22493200000000002,PAK,USA,7414
706014,169,231,1242,2004.0,40457.0,5327968.0,0.054997000000000004,0.440416,PAN,USA,7414
706015,173,231,1242,2004.0,5223.0,1530367.0,-0.609837,0.13314,PER,USA,7414
706016,174,231,1242,2004.0,1228906.0,7284226.0,0.288786,-0.25348699999999996,PHL,USA,7414
706017,175,231,1242,2004.0,0.0,33279.0,0.222671,-0.802012,PLW,USA,7414
706018,176,231,1242,2004.0,0.0,83611.0,-1.57259,-1.215066,PNG,USA,7414
706019,177,231,1242,2004.0,806670.0,1164218.0,0.989568,1.49055,POL,USA,7414
706020,179,231,1242,2004.0,154595.0,435442.0,0.705075,1.7268729999999999,PRT,USA,7414
706021,180,231,1242,2004.0,0.0,328408.0,-0.634469,-0.870034,PRY,USA,7414
706022,182,231,1242,2004.0,0.0,504925.0,-0.125349,-0.718282,PYF,USA,7414
706023,183,231,1242,2004.0,0.0,978493.0,0.018141,-1.03766,QAT,USA,7414
706024,185,231,1242,2004.0,0.0,794780.0,0.53925,1.145066,ROU,USA,7414
706025,186,231,1242,2004.0,98157.0,2067828.0,0.422803,0.017524,RUS,USA,7414
706026,187,231,1242,2004.0,0.0,7213.0,-1.3090190000000002,-1.063632,RWA,USA,7414
706027,188,231,1242,2004.0,4640.0,13679427.0,0.361324,-0.760732,SAU,USA,7414
706028,189,231,1242,2004.0,0.0,138354.0,0.544686,2.418024,SCG,USA,7414
706029,191,231,1242,2004.0,0.0,117632.0,-0.620158,-0.296575,SEN,USA,7414
706030,192,231,1242,2004.0,2184928.0,29296376.0,1.804502,0.570084,SGP,USA,7414
706031,194,231,1242,2004.0,0.0,8355.0,1.265068,0.28931799999999996,SHN,USA,7414
706032,195,231,1242,2004.0,0.0,18143.0,-1.337367,-1.051245,SLB,USA,7414
706033,196,231,1242,2004.0,2905.0,187920.0,0.43205699999999997,0.068877,SLE,USA,7414
706034,197,231,1242,2004.0,21325.0,2641947.0,-0.21054299999999998,0.086382,SLV,USA,7414
706035,205,231,1242,2004.0,0.0,416793.0,-1.056251,-1.0234590000000001,SUR,USA,7414
706036,206,231,1242,2004.0,1063443.0,33496.0,1.2683149999999999,0.9208620000000001,SVK,USA,7414
706037,207,231,1242,2004.0,9942178.0,559279.0,1.700677,0.829765,SVN,USA,7414
706038,208,231,1242,2004.0,19649630.0,1738228.0,2.105611,0.707843,SWE,USA,7414
706039,211,231,1242,2004.0,0.0,104642.0,-0.585828,-0.768388,SYC,USA,7414
706040,212,231,1242,2004.0,0.0,708800.0,-0.698545,-0.111323,SYR,USA,7414
706041,213,231,1242,2004.0,3523.0,116027.0,0.641878,0.22729000000000002,TCA,USA,7414
706042,216,231,1242,2004.0,4828868.0,18836056.0,0.633501,1.4648290000000002,THA,USA,7414
706043,221,231,1242,2004.0,0.0,412321.0,-0.431874,-0.8715629999999999,TON,USA,7414
706044,222,231,1242,2004.0,115529.0,1009832.0,-0.108049,-0.923523,TTO,USA,7414
706045,223,231,1242,2004.0,32139.0,472610.0,-0.125092,0.370625,TUN,USA,7414
706046,224,231,1242,2004.0,3490706.0,5822211.0,0.249065,1.910598,TUR,USA,7414
706047,226,231,1242,2004.0,0.0,23537.0,-0.935327,0.362709,TZA,USA,7414
706048,227,231,1242,2004.0,0.0,53807.0,-1.05367,-0.546304,UGA,USA,7414
706049,228,231,1242,2004.0,96448.0,734807.0,0.672848,1.172735,UKR,USA,7414
706050,230,231,1242,2004.0,0.0,634219.0,-0.051583000000000004,0.145056,URY,USA,7414
706051,232,231,1242,2004.0,0.0,32534.0,-0.518472,-0.7689779999999999,UZB,USA,7414
706052,234,231,1242,2004.0,0.0,157234.0,-0.706188,-0.9244120000000001,VCT,USA,7414
706053,236,231,1242,2004.0,181814.0,8941496.0,-0.41193900000000006,-0.9578899999999999,VEN,USA,7414
706054,237,231,1242,2004.0,0.0,371763.0,0.689844,-0.23942,VGB,USA,7414
706055,239,231,1242,2004.0,116465.0,1615803.0,-0.46875500000000003,0.734412,VNM,USA,7414
706056,242,231,1242,2004.0,0.0,1427.0,-0.183327,-0.6788569999999999,WSM,USA,7414
706057,243,231,1242,2004.0,0.0,130432.0,-1.298227,-1.2496639999999999,YEM,USA,7414
706058,246,231,1242,2004.0,425337.0,8653125.0,0.29599699999999995,1.909018,ZAF,USA,7414
706059,247,231,1242,2004.0,0.0,308017.0,-0.8752479999999999,-0.784285,ZMB,USA,7414
706060,249,231,1242,2004.0,12185773.0,57685504.0,1.8844150000000002,1.257951,TWN,USA,7414
706061,0,236,1242,2004.0,0.0,182339.0,0.074978,-0.8537239999999999,ABW,VEN,7414
706062,6,236,1242,2004.0,0.0,61696.0,0.080304,-0.634516,ANT,VEN,7414
706063,8,236,1242,2004.0,1412862.0,0.0,-0.070845,0.879574,ARG,VEN,7414
706064,15,236,1242,2004.0,132030.0,0.0,1.958949,0.209296,AUT,VEN,7414
706065,18,236,1242,2004.0,1905.0,0.0,1.242665,1.541444,BEL,VEN,7414
706066,21,236,1242,2004.0,1776423.0,0.0,-1.118427,-1.091315,BFA,VEN,7414
706067,32,236,1242,2004.0,4085370.0,55446.0,0.504233,1.567879,BRA,VEN,7414
706068,39,236,1242,2004.0,4155.0,0.0,0.781591,1.365966,CAN,VEN,7414
706069,41,236,1242,2004.0,31854.0,0.0,2.234603,0.551975,CHE,VEN,7414
706070,42,236,1242,2004.0,3776024.0,0.0,-0.24101399999999998,-0.303103,CHL,VEN,7414
706071,43,236,1242,2004.0,137127.0,0.0,0.710603,2.017234,CHN,VEN,7414
706072,49,236,1242,2004.0,4279403.0,381426.0,0.044706,0.514304,COL,VEN,7414
706073,52,236,1242,2004.0,0.0,16198.0,-0.036323,-0.313847,CRI,VEN,7414
706074,61,236,1242,2004.0,544266.0,0.0,2.4453099999999997,-2.331761,DEU,VEN,7414
706075,64,236,1242,2004.0,398412.0,0.0,1.309074,1.2627979999999999,DNK,VEN,7414
706076,65,236,1242,2004.0,0.0,8088.0,-0.24909699999999999,-0.326783,DOM,VEN,7414
706077,67,236,1242,2004.0,4060.0,0.0,-0.990727,-0.9383090000000001,ECU,VEN,7414
706078,71,236,1242,2004.0,356264.0,0.0,1.04057,1.789023,ESP,VEN,7414
706079,77,236,1242,2004.0,110656.0,0.0,1.57079,0.6776760000000001,FRA,VEN,7414
706080,81,236,1242,2004.0,11521.0,0.0,1.872987,0.734065,GBR,VEN,7414
706081,93,236,1242,2004.0,4608.0,0.0,-0.39399,0.139128,GTM,VEN,7414
706082,97,236,1242,2004.0,11172.0,0.0,0.72816,1.403171,HKG,VEN,7414
706083,99,236,1242,2004.0,0.0,1780.0,-0.6372140000000001,-0.453946,HND,VEN,7414
706084,111,236,1242,2004.0,1827105.0,39699.0,1.440372,0.676068,ITA,VEN,7414
706085,114,236,1242,2004.0,565485.0,0.0,2.756136,0.15545,JPN,VEN,7414
706086,121,236,1242,2004.0,37828.0,0.0,1.481275,0.7859,KOR,VEN,7414
706087,138,236,1242,2004.0,508350.0,1123213.0,1.183707,0.9043700000000001,MEX,VEN,7414
706088,160,236,1242,2004.0,0.0,2546.0,-1.003846,-0.697642,NIC,VEN,7414
706089,162,236,1242,2004.0,4931.0,0.0,1.171327,1.6369799999999999,NLD,VEN,7414
706090,169,236,1242,2004.0,113494.0,70099.0,0.054997000000000004,0.440416,PAN,VEN,7414
706091,173,236,1242,2004.0,2554.0,0.0,-0.609837,0.13314,PER,VEN,7414
706092,185,236,1242,2004.0,6550.0,0.0,0.53925,1.145066,ROU,VEN,7414
706093,192,236,1242,2004.0,51463.0,0.0,1.804502,0.570084,SGP,VEN,7414
706094,208,236,1242,2004.0,172785.0,0.0,2.105611,0.707843,SWE,VEN,7414
706095,216,236,1242,2004.0,19040.0,0.0,0.633501,1.4648290000000002,THA,VEN,7414
706096,222,236,1242,2004.0,1004276.0,1442.0,-0.108049,-0.923523,TTO,VEN,7414
706097,230,236,1242,2004.0,12362.0,0.0,-0.051583000000000004,0.145056,URY,VEN,7414
706098,231,236,1242,2004.0,8941496.0,181814.0,1.818327,-0.17913900000000002,USA,VEN,7414
706099,249,236,1242,2004.0,229667.0,0.0,1.8844150000000002,1.257951,TWN,VEN,7414
706100,7,243,1242,2004.0,451657.0,0.0,-0.10993399999999999,-0.5351640000000001,ARE,YEM,7414
706101,15,243,1242,2004.0,1252.0,0.0,1.958949,0.209296,AUT,YEM,7414
706102,18,243,1242,2004.0,139266.0,0.0,1.242665,1.541444,BEL,YEM,7414
706103,41,243,1242,2004.0,14735.0,0.0,2.234603,0.551975,CHE,YEM,7414
706104,43,243,1242,2004.0,586388.0,0.0,0.710603,2.017234,CHN,YEM,7414
706105,58,243,1242,2004.0,21197.0,0.0,0.42732200000000004,0.811763,CYP,YEM,7414
706106,61,243,1242,2004.0,1082804.0,1661.0,2.4453099999999997,-2.331761,DEU,YEM,7414
706107,64,243,1242,2004.0,932848.0,0.0,1.309074,1.2627979999999999,DNK,YEM,7414
706108,68,243,1242,2004.0,55115.0,0.0,-0.35823499999999997,0.5000100000000001,EGY,YEM,7414
706109,71,243,1242,2004.0,34191.0,0.0,1.04057,1.789023,ESP,YEM,7414
706110,74,243,1242,2004.0,116822.0,0.0,1.9662810000000002,1.018108,FIN,YEM,7414
706111,77,243,1242,2004.0,62859.0,0.0,1.57079,0.6776760000000001,FRA,YEM,7414
706112,81,243,1242,2004.0,37002.0,0.0,1.872987,0.734065,GBR,YEM,7414
706113,104,243,1242,2004.0,58790.0,0.0,0.20872,2.817307,IND,YEM,7414
706114,106,243,1242,2004.0,49257.0,0.0,1.498475,0.19050799999999998,IRL,YEM,7414
706115,111,243,1242,2004.0,1041903.0,1238.0,1.440372,0.676068,ITA,YEM,7414
706116,113,243,1242,2004.0,43573.0,0.0,0.16384200000000002,0.34270100000000003,JOR,YEM,7414
706117,114,243,1242,2004.0,70861.0,0.0,2.756136,0.15545,JPN,YEM,7414
706118,121,243,1242,2004.0,50271.0,0.0,1.481275,0.7859,KOR,YEM,7414
706119,124,243,1242,2004.0,6381.0,0.0,0.269753,1.3152979999999999,LBN,YEM,7414
706120,128,243,1242,2004.0,5368.0,0.0,-0.42450299999999996,0.173518,LKA,YEM,7414
706121,131,243,1242,2004.0,464680.0,0.0,1.258828,1.079923,LUX,YEM,7414
706122,153,243,1242,2004.0,82256.0,0.0,1.250098,0.352379,MYS,YEM,7414
706123,162,243,1242,2004.0,346466.0,0.0,1.171327,1.6369799999999999,NLD,YEM,7414
706124,188,243,1242,2004.0,27360.0,0.0,0.361324,-0.760732,SAU,YEM,7414
706125,190,243,1242,2004.0,0.0,194109.0,-1.503552,-1.253193,SDN,YEM,7414
706126,207,243,1242,2004.0,21382.0,0.0,1.700677,0.829765,SVN,YEM,7414
706127,212,243,1242,2004.0,65396.0,0.0,-0.698545,-0.111323,SYR,YEM,7414
706128,216,243,1242,2004.0,521049.0,0.0,0.633501,1.4648290000000002,THA,YEM,7414
706129,224,243,1242,2004.0,329848.0,0.0,0.249065,1.910598,TUR,YEM,7414
706130,231,243,1242,2004.0,130432.0,0.0,1.818327,-0.17913900000000002,USA,YEM,7414
706131,246,243,1242,2004.0,147546.0,0.0,0.29599699999999995,1.909018,ZAF,YEM,7414
706132,249,243,1242,2004.0,262535.0,0.0,1.8844150000000002,1.257951,TWN,YEM,7414
706133,250,243,1242,2004.0,247082.0,0.0,0.46240200000000004,-0.406624,ANS,YEM,7414
706134,2,246,1242,2004.0,2048.0,1278117.0,-0.8688110000000001,-1.198692,AGO,ZAF,7414
706135,4,246,1242,2004.0,0.0,6576.0,-0.142479,0.136074,ALB,ZAF,7414
706136,5,246,1242,2004.0,0.0,2118.0,1.122154,0.958434,AND,ZAF,7414
706137,7,246,1242,2004.0,47479.0,155444.0,-0.10993399999999999,-0.5351640000000001,ARE,ZAF,7414
706138,8,246,1242,2004.0,85617.0,0.0,-0.070845,0.879574,ARG,ZAF,7414
706139,14,246,1242,2004.0,299299.0,885664.0,-0.198735,0.81543,AUS,ZAF,7414
706140,15,246,1242,2004.0,372083.0,1523.0,1.958949,0.209296,AUT,ZAF,7414
706141,17,246,1242,2004.0,0.0,25541.0,-1.084376,-1.020132,BDI,ZAF,7414
706142,18,246,1242,2004.0,698437.0,160758.0,1.242665,1.541444,BEL,ZAF,7414
706143,24,246,1242,2004.0,0.0,5107.0,-0.551237,-1.174628,BHR,ZAF,7414
706144,32,246,1242,2004.0,2164686.0,3726.0,0.504233,1.567879,BRA,ZAF,7414
706145,37,246,1242,2004.0,7464.0,3251957.0,-0.435159,-1.150519,BWA,ZAF,7414
706146,38,246,1242,2004.0,0.0,4349.0,-0.667013,-0.899285,CAF,ZAF,7414
706147,39,246,1242,2004.0,57810.0,1078.0,0.781591,1.365966,CAN,ZAF,7414
706148,41,246,1242,2004.0,9249.0,9185.0,2.234603,0.551975,CHE,ZAF,7414
706149,42,246,1242,2004.0,0.0,278243.0,-0.24101399999999998,-0.303103,CHL,ZAF,7414
706150,43,246,1242,2004.0,6156636.0,19283.0,0.710603,2.017234,CHN,ZAF,7414
706151,44,246,1242,2004.0,0.0,8435.0,-0.835933,-0.749289,CIV,ZAF,7414
706152,45,246,1242,2004.0,0.0,17374.0,-1.380149,-1.220501,CMR,ZAF,7414
706153,46,246,1242,2004.0,0.0,252295.0,-1.426621,-1.198377,COD,ZAF,7414
706154,47,246,1242,2004.0,0.0,14868.0,-1.415254,-1.24599,COG,ZAF,7414
706155,49,246,1242,2004.0,0.0,9142.0,0.044706,0.514304,COL,ZAF,7414
706156,58,246,1242,2004.0,0.0,1569.0,0.42732200000000004,0.811763,CYP,ZAF,7414
706157,59,246,1242,2004.0,64091.0,0.0,1.612543,0.607495,CZE,ZAF,7414
706158,61,246,1242,2004.0,4255732.0,2319120.0,2.4453099999999997,-2.331761,DEU,ZAF,7414
706159,64,246,1242,2004.0,743504.0,495977.0,1.309074,1.2627979999999999,DNK,ZAF,7414
706160,68,246,1242,2004.0,765174.0,6705.0,-0.35823499999999997,0.5000100000000001,EGY,ZAF,7414
706161,69,246,1242,2004.0,0.0,50433.0,0.390463,0.144876,ERI,ZAF,7414
706162,71,246,1242,2004.0,3055668.0,174902.0,1.04057,1.789023,ESP,ZAF,7414
706163,73,246,1242,2004.0,0.0,71304.0,-1.202444,-0.8973120000000001,ETH,ZAF,7414
706164,74,246,1242,2004.0,48675.0,1717.0,1.9662810000000002,1.018108,FIN,ZAF,7414
706165,77,246,1242,2004.0,9084349.0,202137.0,1.57079,0.6776760000000001,FRA,ZAF,7414
706166,80,246,1242,2004.0,0.0,18179.0,-1.006071,-1.212338,GAB,ZAF,7414
706167,81,246,1242,2004.0,1356874.0,1361220.0,1.872987,0.734065,GBR,ZAF,7414
706168,82,246,1242,2004.0,0.0,3290.0,-0.030676,-0.560186,GEO,ZAF,7414
706169,83,246,1242,2004.0,0.0,87004.0,-1.015073,-0.9147069999999999,GHA,ZAF,7414
706170,87,246,1242,2004.0,0.0,16189.0,-0.22746999999999998,-0.14824600000000002,GMB,ZAF,7414
706171,90,246,1242,2004.0,29238.0,6116.0,0.298029,1.745886,GRC,ZAF,7414
706172,97,246,1242,2004.0,610893.0,102040.0,0.72816,1.403171,HKG,ZAF,7414
706173,102,246,1242,2004.0,50276.0,0.0,1.3579370000000002,0.9993219999999999,HUN,ZAF,7414
706174,103,246,1242,2004.0,29794.0,0.0,0.010095999999999999,1.7413779999999999,IDN,ZAF,7414
706175,104,246,1242,2004.0,147957.0,14326.0,0.20872,2.817307,IND,ZAF,7414
706176,106,246,1242,2004.0,7389998.0,0.0,1.498475,0.19050799999999998,IRL,ZAF,7414
706177,107,246,1242,2004.0,84985.0,196949.0,-0.6691699999999999,-1.002548,IRN,ZAF,7414
706178,109,246,1242,2004.0,0.0,10135.0,0.107901,-0.41223699999999996,ISL,ZAF,7414
706179,110,246,1242,2004.0,648076.0,22476.0,1.252895,0.8662770000000001,ISR,ZAF,7414
706180,111,246,1242,2004.0,5801440.0,204220.0,1.440372,0.676068,ITA,ZAF,7414
706181,114,246,1242,2004.0,6311242.0,0.0,2.756136,0.15545,JPN,ZAF,7414
706182,116,246,1242,2004.0,0.0,753375.0,-0.565597,0.182375,KEN,ZAF,7414
706183,121,246,1242,2004.0,10925263.0,0.0,1.481275,0.7859,KOR,ZAF,7414
706184,122,246,1242,2004.0,0.0,13312.0,-0.8195479999999999,-1.2105709999999998,KWT,ZAF,7414
706185,124,246,1242,2004.0,2804.0,0.0,0.269753,1.3152979999999999,LBN,ZAF,7414
706186,128,246,1242,2004.0,0.0,21169.0,-0.42450299999999996,0.173518,LKA,ZAF,7414
706187,129,246,1242,2004.0,0.0,299224.0,-0.886014,-1.031562,LSO,ZAF,7414
706188,131,246,1242,2004.0,13132.0,0.0,1.258828,1.079923,LUX,ZAF,7414
706189,136,246,1242,2004.0,0.0,206379.0,-1.1010799999999998,-0.7367859999999999,MDG,ZAF,7414
706190,138,246,1242,2004.0,176230.0,0.0,1.183707,0.9043700000000001,MEX,ZAF,7414
706191,141,246,1242,2004.0,0.0,18469.0,-0.5807979999999999,-0.797311,MLI,ZAF,7414
706192,147,246,1242,2004.0,6109.0,882904.0,-1.009633,-0.9863059999999999,MOZ,ZAF,7414
706193,151,246,1242,2004.0,0.0,516459.0,-0.161262,-0.29730300000000004,MUS,ZAF,7414
706194,152,246,1242,2004.0,1076.0,324414.0,-1.233417,-1.071204,MWI,ZAF,7414
706195,153,246,1242,2004.0,4129152.0,71378.0,1.250098,0.352379,MYS,ZAF,7414
706196,155,246,1242,2004.0,40237.0,5663196.0,-0.408989,-0.462016,NAM,ZAF,7414
706197,159,246,1242,2004.0,0.0,4535363.0,-2.336753,-1.350375,NGA,ZAF,7414
706198,162,246,1242,2004.0,2213586.0,154566.0,1.171327,1.6369799999999999,NLD,ZAF,7414
706199,163,246,1242,2004.0,100674.0,282641.0,0.731175,-0.0655,NOR,ZAF,7414
706200,166,246,1242,2004.0,363780.0,656845.0,0.44099099999999997,0.968326,NZL,ZAF,7414
706201,174,246,1242,2004.0,46416.0,0.0,0.288786,-0.25348699999999996,PHL,ZAF,7414
706202,177,246,1242,2004.0,7227.0,1806.0,0.989568,1.49055,POL,ZAF,7414
706203,179,246,1242,2004.0,6742.0,1303.0,0.705075,1.7268729999999999,PRT,ZAF,7414
706204,182,246,1242,2004.0,0.0,1501.0,-0.125349,-0.718282,PYF,ZAF,7414
706205,183,246,1242,2004.0,0.0,11319.0,0.018141,-1.03766,QAT,ZAF,7414
706206,185,246,1242,2004.0,57003.0,0.0,0.53925,1.145066,ROU,ZAF,7414
706207,187,246,1242,2004.0,0.0,15336.0,-1.3090190000000002,-1.063632,RWA,ZAF,7414
706208,188,246,1242,2004.0,1115.0,6614.0,0.361324,-0.760732,SAU,ZAF,7414
706209,190,246,1242,2004.0,0.0,17986.0,-1.503552,-1.253193,SDN,ZAF,7414
706210,191,246,1242,2004.0,0.0,65223.0,-0.620158,-0.296575,SEN,ZAF,7414
706211,192,246,1242,2004.0,193687.0,9698.0,1.804502,0.570084,SGP,ZAF,7414
706212,194,246,1242,2004.0,0.0,5459.0,1.265068,0.28931799999999996,SHN,ZAF,7414
706213,196,246,1242,2004.0,0.0,4631.0,0.43205699999999997,0.068877,SLE,ZAF,7414
706214,198,246,1242,2004.0,2298.0,0.0,1.530337,0.719013,SMR,ZAF,7414
706215,206,246,1242,2004.0,70775.0,28417.0,1.2683149999999999,0.9208620000000001,SVK,ZAF,7414
706216,208,246,1242,2004.0,368533.0,42426.0,2.105611,0.707843,SWE,ZAF,7414
706217,209,246,1242,2004.0,84786.0,5877702.0,0.528937,-0.241038,SWZ,ZAF,7414
706218,211,246,1242,2004.0,0.0,33589.0,-0.585828,-0.768388,SYC,ZAF,7414
706219,215,246,1242,2004.0,0.0,1446.0,-0.569621,-0.533211,TGO,ZAF,7414
706220,216,246,1242,2004.0,3799604.0,2688.0,0.633501,1.4648290000000002,THA,ZAF,7414
706221,218,246,1242,2004.0,8970.0,0.0,0.266386,0.202336,TKL,ZAF,7414
706222,224,246,1242,2004.0,117366.0,0.0,0.249065,1.910598,TUR,ZAF,7414
706223,226,246,1242,2004.0,0.0,165181.0,-0.935327,0.362709,TZA,ZAF,7414
706224,227,246,1242,2004.0,0.0,122151.0,-1.05367,-0.546304,UGA,ZAF,7414
706225,228,246,1242,2004.0,2032.0,0.0,0.672848,1.172735,UKR,ZAF,7414
706226,231,246,1242,2004.0,8653125.0,425337.0,1.818327,-0.17913900000000002,USA,ZAF,7414
706227,242,246,1242,2004.0,0.0,4280.0,-0.183327,-0.6788569999999999,WSM,ZAF,7414
706228,243,246,1242,2004.0,0.0,147546.0,-1.298227,-1.2496639999999999,YEM,ZAF,7414
706229,247,246,1242,2004.0,0.0,1364222.0,-0.8752479999999999,-0.784285,ZMB,ZAF,7414
706230,248,246,1242,2004.0,0.0,1040954.0,-0.44064799999999993,0.01704,ZWE,ZAF,7414
706231,249,246,1242,2004.0,443522.0,0.0,1.8844150000000002,1.257951,TWN,ZAF,7414
706232,250,246,1242,2004.0,31052.0,2171.0,0.46240200000000004,-0.406624,ANS,ZAF,7414
706233,2,249,1242,2004.0,0.0,6820.0,-0.8688110000000001,-1.198692,AGO,TWN,7414
706234,4,249,1242,2004.0,0.0,3860.0,-0.142479,0.136074,ALB,TWN,7414
706235,6,249,1242,2004.0,0.0,36777.0,0.080304,-0.634516,ANT,TWN,7414
706236,7,249,1242,2004.0,0.0,730890.0,-0.10993399999999999,-0.5351640000000001,ARE,TWN,7414
706237,8,249,1242,2004.0,58707.0,42306.0,-0.070845,0.879574,ARG,TWN,7414
706238,14,249,1242,2004.0,83399.0,1102008.0,-0.198735,0.81543,AUS,TWN,7414
706239,15,249,1242,2004.0,115033.0,14031.0,1.958949,0.209296,AUT,TWN,7414
706240,18,249,1242,2004.0,459020.0,125902.0,1.242665,1.541444,BEL,TWN,7414
706241,22,249,1242,2004.0,159229.0,103059.0,-1.074194,-0.9392389999999999,BGD,TWN,7414
706242,23,249,1242,2004.0,0.0,49251.0,0.390627,1.631006,BGR,TWN,7414
706243,24,249,1242,2004.0,0.0,211201.0,-0.551237,-1.174628,BHR,TWN,7414
706244,28,249,1242,2004.0,0.0,11959.0,0.9384239999999999,0.9708690000000001,BLR,TWN,7414
706245,29,249,1242,2004.0,0.0,10471.0,-0.528459,-0.739219,BLZ,TWN,7414
706246,31,249,1242,2004.0,0.0,7327.0,-0.841087,-0.770059,BOL,TWN,7414
706247,32,249,1242,2004.0,10775.0,308412.0,0.504233,1.567879,BRA,TWN,7414
706248,34,249,1242,2004.0,0.0,1458.0,-0.720827,-0.964435,BRN,TWN,7414
706249,39,249,1242,2004.0,133928.0,181954.0,0.781591,1.365966,CAN,TWN,7414
706250,41,249,1242,2004.0,157123.0,232118.0,2.234603,0.551975,CHE,TWN,7414
706251,42,249,1242,2004.0,0.0,125766.0,-0.24101399999999998,-0.303103,CHL,TWN,7414
706252,43,249,1242,2004.0,15756570.0,14443487.0,0.710603,2.017234,CHN,TWN,7414
706253,44,249,1242,2004.0,0.0,20422.0,-0.835933,-0.749289,CIV,TWN,7414
706254,45,249,1242,2004.0,0.0,17890.0,-1.380149,-1.220501,CMR,TWN,7414
706255,47,249,1242,2004.0,0.0,13667.0,-1.415254,-1.24599,COG,TWN,7414
706256,49,249,1242,2004.0,0.0,18494.0,0.044706,0.514304,COL,TWN,7414
706257,52,249,1242,2004.0,0.0,23155.0,-0.036323,-0.313847,CRI,TWN,7414
706258,58,249,1242,2004.0,0.0,55223.0,0.42732200000000004,0.811763,CYP,TWN,7414
706259,59,249,1242,2004.0,13282.0,16336.0,1.612543,0.607495,CZE,TWN,7414
706260,61,249,1242,2004.0,1997794.0,1502777.0,2.4453099999999997,-2.331761,DEU,TWN,7414
706261,62,249,1242,2004.0,0.0,5145.0,-0.370222,-0.28660399999999997,DJI,TWN,7414
706262,64,249,1242,2004.0,1088068.0,121095.0,1.309074,1.2627979999999999,DNK,TWN,7414
706263,65,249,1242,2004.0,0.0,15187.0,-0.24909699999999999,-0.326783,DOM,TWN,7414
706264,66,249,1242,2004.0,0.0,127527.0,-1.166661,-1.2240879999999998,DZA,TWN,7414
706265,67,249,1242,2004.0,0.0,37830.0,-0.990727,-0.9383090000000001,ECU,TWN,7414
706266,68,249,1242,2004.0,0.0,81582.0,-0.35823499999999997,0.5000100000000001,EGY,TWN,7414
706267,71,249,1242,2004.0,18737.0,650882.0,1.04057,1.789023,ESP,TWN,7414
706268,72,249,1242,2004.0,0.0,3363.0,0.645741,1.035117,EST,TWN,7414
706269,74,249,1242,2004.0,0.0,92879.0,1.9662810000000002,1.018108,FIN,TWN,7414
706270,75,249,1242,2004.0,0.0,43746.0,-0.793333,-0.27460100000000004,FJI,TWN,7414
706271,77,249,1242,2004.0,1869161.0,264901.0,1.57079,0.6776760000000001,FRA,TWN,7414
706272,79,249,1242,2004.0,0.0,41976.0,-1.155942,-1.049955,FSM,TWN,7414
706273,81,249,1242,2004.0,235978.0,935261.0,1.872987,0.734065,GBR,TWN,7414
706274,83,249,1242,2004.0,0.0,14903.0,-1.015073,-0.9147069999999999,GHA,TWN,7414
706275,90,249,1242,2004.0,19386.0,168691.0,0.298029,1.745886,GRC,TWN,7414
706276,93,249,1242,2004.0,0.0,25309.0,-0.39399,0.139128,GTM,TWN,7414
706277,97,249,1242,2004.0,460294.0,4045203.0,0.72816,1.403171,HKG,TWN,7414
706278,99,249,1242,2004.0,0.0,127182.0,-0.6372140000000001,-0.453946,HND,TWN,7414
706279,100,249,1242,2004.0,0.0,105989.0,0.744459,1.1994479999999998,HRV,TWN,7414
706280,102,249,1242,2004.0,0.0,41438.0,1.3579370000000002,0.9993219999999999,HUN,TWN,7414
706281,103,249,1242,2004.0,70374.0,2672060.0,0.010095999999999999,1.7413779999999999,IDN,TWN,7414
706282,104,249,1242,2004.0,14565.0,663603.0,0.20872,2.817307,IND,TWN,7414
706283,106,249,1242,2004.0,291509.0,204098.0,1.498475,0.19050799999999998,IRL,TWN,7414
706284,107,249,1242,2004.0,0.0,174333.0,-0.6691699999999999,-1.002548,IRN,TWN,7414
706285,110,249,1242,2004.0,245034.0,484109.0,1.252895,0.8662770000000001,ISR,TWN,7414
706286,111,249,1242,2004.0,1584292.0,1136813.0,1.440372,0.676068,ITA,TWN,7414
706287,112,249,1242,2004.0,0.0,26540.0,-0.505365,-0.9596120000000001,JAM,TWN,7414
706288,113,249,1242,2004.0,0.0,841620.0,0.16384200000000002,0.34270100000000003,JOR,TWN,7414
706289,114,249,1242,2004.0,36528388.0,4329966.0,2.756136,0.15545,JPN,TWN,7414
706290,116,249,1242,2004.0,0.0,18997.0,-0.565597,0.182375,KEN,TWN,7414
706291,118,249,1242,2004.0,0.0,42951.0,-1.145227,-1.19179,KHM,TWN,7414
706292,121,249,1242,2004.0,3269432.0,1604975.0,1.481275,0.7859,KOR,TWN,7414
706293,122,249,1242,2004.0,0.0,881680.0,-0.8195479999999999,-1.2105709999999998,KWT,TWN,7414
706294,124,249,1242,2004.0,0.0,19233.0,0.269753,1.3152979999999999,LBN,TWN,7414
706295,126,249,1242,2004.0,0.0,20349.0,-0.895142,-1.211141,LBY,TWN,7414
706296,128,249,1242,2004.0,0.0,131770.0,-0.42450299999999996,0.173518,LKA,TWN,7414
706297,130,249,1242,2004.0,0.0,78900.0,0.341521,0.7971560000000001,LTU,TWN,7414
706298,131,249,1242,2004.0,0.0,1570.0,1.258828,1.079923,LUX,TWN,7414
706299,132,249,1242,2004.0,0.0,28906.0,0.415001,0.8476809999999999,LVA,TWN,7414
706300,133,249,1242,2004.0,0.0,186959.0,-0.12333599999999999,-0.600164,MAC,TWN,7414
706301,134,249,1242,2004.0,0.0,6177.0,-0.626594,-0.22253499999999998,MAR,TWN,7414
706302,138,249,1242,2004.0,0.0,274475.0,1.183707,0.9043700000000001,MEX,TWN,7414
706303,139,249,1242,2004.0,0.0,28866.0,-0.712684,-0.88944,MHL,TWN,7414
706304,141,249,1242,2004.0,0.0,2666.0,-0.5807979999999999,-0.797311,MLI,TWN,7414
706305,142,249,1242,2004.0,0.0,4940.0,1.2290379999999999,-0.025372,MLT,TWN,7414
706306,143,249,1242,2004.0,0.0,3302.0,-1.048261,-0.828443,MMR,TWN,7414
706307,146,249,1242,2004.0,0.0,15360.0,-0.22844699999999998,-0.684888,MNP,TWN,7414
706308,151,249,1242,2004.0,0.0,26974.0,-0.161262,-0.29730300000000004,MUS,TWN,7414
706309,153,249,1242,2004.0,455807.0,1503140.0,1.250098,0.352379,MYS,TWN,7414
706310,156,249,1242,2004.0,0.0,2729.0,-0.279566,-0.860456,NCL,TWN,7414
706311,159,249,1242,2004.0,0.0,123960.0,-2.336753,-1.350375,NGA,TWN,7414
706312,160,249,1242,2004.0,0.0,66941.0,-1.003846,-0.697642,NIC,TWN,7414
706313,162,249,1242,2004.0,253571.0,655476.0,1.171327,1.6369799999999999,NLD,TWN,7414
706314,163,249,1242,2004.0,1135.0,29704.0,0.731175,-0.0655,NOR,TWN,7414
706315,166,249,1242,2004.0,5117.0,95521.0,0.44099099999999997,0.968326,NZL,TWN,7414
706316,167,249,1242,2004.0,0.0,15226.0,-0.707862,-1.187629,OMN,TWN,7414
706317,168,249,1242,2004.0,0.0,24119.0,-0.7489600000000001,0.22493200000000002,PAK,TWN,7414
706318,169,249,1242,2004.0,0.0,346540.0,0.054997000000000004,0.440416,PAN,TWN,7414
706319,173,249,1242,2004.0,0.0,45600.0,-0.609837,0.13314,PER,TWN,7414
706320,174,249,1242,2004.0,2464353.0,4064021.0,0.288786,-0.25348699999999996,PHL,TWN,7414
706321,175,249,1242,2004.0,0.0,53038.0,0.222671,-0.802012,PLW,TWN,7414
706322,177,249,1242,2004.0,0.0,124810.0,0.989568,1.49055,POL,TWN,7414
706323,179,249,1242,2004.0,0.0,39167.0,0.705075,1.7268729999999999,PRT,TWN,7414
706324,180,249,1242,2004.0,0.0,69130.0,-0.634469,-0.870034,PRY,TWN,7414
706325,182,249,1242,2004.0,0.0,37397.0,-0.125349,-0.718282,PYF,TWN,7414
706326,183,249,1242,2004.0,0.0,50262.0,0.018141,-1.03766,QAT,TWN,7414
706327,185,249,1242,2004.0,0.0,90558.0,0.53925,1.145066,ROU,TWN,7414
706328,186,249,1242,2004.0,0.0,77467.0,0.422803,0.017524,RUS,TWN,7414
706329,188,249,1242,2004.0,0.0,248582.0,0.361324,-0.760732,SAU,TWN,7414
706330,189,249,1242,2004.0,0.0,15350.0,0.544686,2.418024,SCG,TWN,7414
706331,190,249,1242,2004.0,0.0,65374.0,-1.503552,-1.253193,SDN,TWN,7414
706332,191,249,1242,2004.0,0.0,24179.0,-0.620158,-0.296575,SEN,TWN,7414
706333,192,249,1242,2004.0,1108570.0,3125832.0,1.804502,0.570084,SGP,TWN,7414
706334,197,249,1242,2004.0,0.0,122797.0,-0.21054299999999998,0.086382,SLV,TWN,7414
706335,206,249,1242,2004.0,0.0,1312.0,1.2683149999999999,0.9208620000000001,SVK,TWN,7414
706336,207,249,1242,2004.0,17398.0,5186.0,1.700677,0.829765,SVN,TWN,7414
706337,208,249,1242,2004.0,610607.0,58969.0,2.105611,0.707843,SWE,TWN,7414
706338,212,249,1242,2004.0,0.0,48014.0,-0.698545,-0.111323,SYR,TWN,7414
706339,215,249,1242,2004.0,0.0,22672.0,-0.569621,-0.533211,TGO,TWN,7414
706340,216,249,1242,2004.0,4018714.0,2075419.0,0.633501,1.4648290000000002,THA,TWN,7414
706341,221,249,1242,2004.0,0.0,1151.0,-0.431874,-0.8715629999999999,TON,TWN,7414
706342,222,249,1242,2004.0,0.0,278668.0,-0.108049,-0.923523,TTO,TWN,7414
706343,223,249,1242,2004.0,0.0,4695.0,-0.125092,0.370625,TUN,TWN,7414
706344,224,249,1242,2004.0,8037.0,136169.0,0.249065,1.910598,TUR,TWN,7414
706345,227,249,1242,2004.0,0.0,1086.0,-1.05367,-0.546304,UGA,TWN,7414
706346,228,249,1242,2004.0,0.0,10268.0,0.672848,1.172735,UKR,TWN,7414
706347,231,249,1242,2004.0,57685504.0,12185773.0,1.818327,-0.17913900000000002,USA,TWN,7414
706348,236,249,1242,2004.0,0.0,229667.0,-0.41193900000000006,-0.9578899999999999,VEN,TWN,7414
706349,239,249,1242,2004.0,21347.0,5663488.0,-0.46875500000000003,0.734412,VNM,TWN,7414
706350,243,249,1242,2004.0,0.0,262535.0,-1.298227,-1.2496639999999999,YEM,TWN,7414
706351,246,249,1242,2004.0,0.0,443522.0,0.29599699999999995,1.909018,ZAF,TWN,7414
706352,247,249,1242,2004.0,0.0,7283.0,-0.8752479999999999,-0.784285,ZMB,TWN,7414
706353,250,249,1242,2004.0,26326.0,73705.0,0.46240200000000004,-0.406624,ANS,TWN,7414
706354,8,7,1242,2004.0,75965.0,0.0,-0.070845,0.879574,ARG,ARE,7414
706355,9,7,1242,2004.0,0.0,67178.0,0.497276,-0.226016,ARM,ARE,7414
706356,14,7,1242,2004.0,381932.0,109288.0,-0.198735,0.81543,AUS,ARE,7414
706357,15,7,1242,2004.0,24593.0,0.0,1.958949,0.209296,AUT,ARE,7414
706358,16,7,1242,2004.0,0.0,14256.0,-0.720616,-1.009692,AZE,ARE,7414
706359,17,7,1242,2004.0,0.0,3365.0,-1.084376,-1.020132,BDI,ARE,7414
706360,18,7,1242,2004.0,1214976.0,0.0,1.242665,1.541444,BEL,ARE,7414
706361,21,7,1242,2004.0,0.0,1474.0,-1.118427,-1.091315,BFA,ARE,7414
706362,24,7,1242,2004.0,0.0,1003038.0,-0.551237,-1.174628,BHR,ARE,7414
706363,32,7,1242,2004.0,109996.0,0.0,0.504233,1.567879,BRA,ARE,7414
706364,39,7,1242,2004.0,63456.0,1427.0,0.781591,1.365966,CAN,ARE,7414
706365,41,7,1242,2004.0,827406.0,0.0,2.234603,0.551975,CHE,ARE,7414
706366,42,7,1242,2004.0,7630.0,0.0,-0.24101399999999998,-0.303103,CHL,ARE,7414
706367,43,7,1242,2004.0,4501738.0,1069.0,0.710603,2.017234,CHN,ARE,7414
706368,44,7,1242,2004.0,0.0,20407.0,-0.835933,-0.749289,CIV,ARE,7414
706369,58,7,1242,2004.0,843115.0,4297.0,0.42732200000000004,0.811763,CYP,ARE,7414
706370,59,7,1242,2004.0,388829.0,0.0,1.612543,0.607495,CZE,ARE,7414
706371,61,7,1242,2004.0,13815570.0,3727.0,2.4453099999999997,-2.331761,DEU,ARE,7414
706372,64,7,1242,2004.0,2734356.0,0.0,1.309074,1.2627979999999999,DNK,ARE,7414
706373,66,7,1242,2004.0,0.0,28111.0,-1.166661,-1.2240879999999998,DZA,ARE,7414
706374,68,7,1242,2004.0,33721.0,561278.0,-0.35823499999999997,0.5000100000000001,EGY,ARE,7414
706375,71,7,1242,2004.0,611125.0,0.0,1.04057,1.789023,ESP,ARE,7414
706376,73,7,1242,2004.0,0.0,18252.0,-1.202444,-0.8973120000000001,ETH,ARE,7414
706377,74,7,1242,2004.0,268438.0,0.0,1.9662810000000002,1.018108,FIN,ARE,7414
706378,77,7,1242,2004.0,17556224.0,3073.0,1.57079,0.6776760000000001,FRA,ARE,7414
706379,81,7,1242,2004.0,11149748.0,96370.0,1.872987,0.734065,GBR,ARE,7414
706380,82,7,1242,2004.0,0.0,3534.0,-0.030676,-0.560186,GEO,ARE,7414
706381,87,7,1242,2004.0,0.0,12709.0,-0.22746999999999998,-0.14824600000000002,GMB,ARE,7414
706382,90,7,1242,2004.0,6602.0,0.0,0.298029,1.745886,GRC,ARE,7414
706383,93,7,1242,2004.0,0.0,15275.0,-0.39399,0.139128,GTM,ARE,7414
706384,97,7,1242,2004.0,323225.0,0.0,0.72816,1.403171,HKG,ARE,7414
706385,102,7,1242,2004.0,165270.0,0.0,1.3579370000000002,0.9993219999999999,HUN,ARE,7414
706386,103,7,1242,2004.0,8781.0,0.0,0.010095999999999999,1.7413779999999999,IDN,ARE,7414
706387,104,7,1242,2004.0,1458733.0,880701.0,0.20872,2.817307,IND,ARE,7414
706388,106,7,1242,2004.0,1943872.0,0.0,1.498475,0.19050799999999998,IRL,ARE,7414
706389,107,7,1242,2004.0,73395.0,2234662.0,-0.6691699999999999,-1.002548,IRN,ARE,7414
706390,111,7,1242,2004.0,12275076.0,12456.0,1.440372,0.676068,ITA,ARE,7414
706391,113,7,1242,2004.0,3541222.0,59425.0,0.16384200000000002,0.34270100000000003,JOR,ARE,7414
706392,114,7,1242,2004.0,3715266.0,0.0,2.756136,0.15545,JPN,ARE,7414
706393,115,7,1242,2004.0,0.0,54945.0,-0.43987200000000004,-0.50862,KAZ,ARE,7414
706394,116,7,1242,2004.0,0.0,92618.0,-0.565597,0.182375,KEN,ARE,7414
706395,121,7,1242,2004.0,613033.0,12554.0,1.481275,0.7859,KOR,ARE,7414
706396,122,7,1242,2004.0,153389.0,2699590.0,-0.8195479999999999,-1.2105709999999998,KWT,ARE,7414
706397,124,7,1242,2004.0,2168.0,19357.0,0.269753,1.3152979999999999,LBN,ARE,7414
706398,128,7,1242,2004.0,0.0,127022.0,-0.42450299999999996,0.173518,LKA,ARE,7414
706399,131,7,1242,2004.0,12073.0,152140.0,1.258828,1.079923,LUX,ARE,7414
706400,134,7,1242,2004.0,0.0,136073.0,-0.626594,-0.22253499999999998,MAR,ARE,7414
706401,137,7,1242,2004.0,0.0,52830.0,-0.44303000000000003,-0.841744,MDV,ARE,7414
706402,141,7,1242,2004.0,0.0,13271.0,-0.5807979999999999,-0.797311,MLI,ARE,7414
706403,142,7,1242,2004.0,0.0,70485.0,1.2290379999999999,-0.025372,MLT,ARE,7414
706404,147,7,1242,2004.0,0.0,26067.0,-1.009633,-0.9863059999999999,MOZ,ARE,7414
706405,148,7,1242,2004.0,0.0,32558.0,-1.8941119999999998,-1.357728,MRT,ARE,7414
706406,151,7,1242,2004.0,0.0,1559.0,-0.161262,-0.29730300000000004,MUS,ARE,7414
706407,153,7,1242,2004.0,217471.0,0.0,1.250098,0.352379,MYS,ARE,7414
706408,155,7,1242,2004.0,0.0,11643.0,-0.408989,-0.462016,NAM,ARE,7414
706409,157,7,1242,2004.0,0.0,3601.0,-1.102485,-0.850282,NER,ARE,7414
706410,162,7,1242,2004.0,4857519.0,7160.0,1.171327,1.6369799999999999,NLD,ARE,7414
706411,163,7,1242,2004.0,19135.0,0.0,0.731175,-0.0655,NOR,ARE,7414
706412,166,7,1242,2004.0,225902.0,0.0,0.44099099999999997,0.968326,NZL,ARE,7414
706413,167,7,1242,2004.0,16550.0,3069885.0,-0.707862,-1.187629,OMN,ARE,7414
706414,168,7,1242,2004.0,486385.0,330039.0,-0.7489600000000001,0.22493200000000002,PAK,ARE,7414
706415,174,7,1242,2004.0,20336.0,0.0,0.288786,-0.25348699999999996,PHL,ARE,7414
706416,177,7,1242,2004.0,130929.0,0.0,0.989568,1.49055,POL,ARE,7414
706417,179,7,1242,2004.0,108892.0,0.0,0.705075,1.7268729999999999,PRT,ARE,7414
706418,183,7,1242,2004.0,9535.0,1481418.0,0.018141,-1.03766,QAT,ARE,7414
706419,185,7,1242,2004.0,122873.0,0.0,0.53925,1.145066,ROU,ARE,7414
706420,187,7,1242,2004.0,0.0,2196.0,-1.3090190000000002,-1.063632,RWA,ARE,7414
706421,188,7,1242,2004.0,884202.0,9993325.0,0.361324,-0.760732,SAU,ARE,7414
706422,190,7,1242,2004.0,0.0,857293.0,-1.503552,-1.253193,SDN,ARE,7414
706423,191,7,1242,2004.0,0.0,2322.0,-0.620158,-0.296575,SEN,ARE,7414
706424,192,7,1242,2004.0,1120307.0,29514.0,1.804502,0.570084,SGP,ARE,7414
706425,207,7,1242,2004.0,1295.0,0.0,1.700677,0.829765,SVN,ARE,7414
706426,208,7,1242,2004.0,2696459.0,0.0,2.105611,0.707843,SWE,ARE,7414
706427,211,7,1242,2004.0,0.0,1965.0,-0.585828,-0.768388,SYC,ARE,7414
706428,216,7,1242,2004.0,5046088.0,0.0,0.633501,1.4648290000000002,THA,ARE,7414
706429,224,7,1242,2004.0,307806.0,9797.0,0.249065,1.910598,TUR,ARE,7414
706430,226,7,1242,2004.0,0.0,32314.0,-0.935327,0.362709,TZA,ARE,7414
706431,227,7,1242,2004.0,0.0,25715.0,-1.05367,-0.546304,UGA,ARE,7414
706432,231,7,1242,2004.0,20362070.0,26117.0,1.818327,-0.17913900000000002,USA,ARE,7414
706433,243,7,1242,2004.0,0.0,451657.0,-1.298227,-1.2496639999999999,YEM,ARE,7414
706434,246,7,1242,2004.0,155444.0,47479.0,0.29599699999999995,1.909018,ZAF,ARE,7414
706435,247,7,1242,2004.0,0.0,12954.0,-0.8752479999999999,-0.784285,ZMB,ARE,7414
706436,248,7,1242,2004.0,0.0,12483.0,-0.44064799999999993,0.01704,ZWE,ARE,7414
706437,249,7,1242,2004.0,730890.0,0.0,1.8844150000000002,1.257951,TWN,ARE,7414
706438,7,16,1242,2004.0,14256.0,0.0,-0.10993399999999999,-0.5351640000000001,ARE,AZE,7414
706439,15,16,1242,2004.0,20213.0,0.0,1.958949,0.209296,AUT,AZE,7414
706440,32,16,1242,2004.0,1685.0,0.0,0.504233,1.567879,BRA,AZE,7414
706441,43,16,1242,2004.0,15691.0,0.0,0.710603,2.017234,CHN,AZE,7414
706442,61,16,1242,2004.0,91345.0,0.0,2.4453099999999997,-2.331761,DEU,AZE,7414
706443,68,16,1242,2004.0,0.0,32208.0,-0.35823499999999997,0.5000100000000001,EGY,AZE,7414
706444,74,16,1242,2004.0,180998.0,0.0,1.9662810000000002,1.018108,FIN,AZE,7414
706445,77,16,1242,2004.0,118326.0,0.0,1.57079,0.6776760000000001,FRA,AZE,7414
706446,81,16,1242,2004.0,160024.0,0.0,1.872987,0.734065,GBR,AZE,7414
706447,100,16,1242,2004.0,4744.0,0.0,0.744459,1.1994479999999998,HRV,AZE,7414
706448,107,16,1242,2004.0,31619.0,0.0,-0.6691699999999999,-1.002548,IRN,AZE,7414
706449,111,16,1242,2004.0,134521.0,0.0,1.440372,0.676068,ITA,AZE,7414
706450,114,16,1242,2004.0,122457.0,0.0,2.756136,0.15545,JPN,AZE,7414
706451,115,16,1242,2004.0,0.0,73970.0,-0.43987200000000004,-0.50862,KAZ,AZE,7414
706452,162,16,1242,2004.0,354018.0,0.0,1.171327,1.6369799999999999,NLD,AZE,7414
706453,163,16,1242,2004.0,6848.0,0.0,0.731175,-0.0655,NOR,AZE,7414
706454,177,16,1242,2004.0,157586.0,0.0,0.989568,1.49055,POL,AZE,7414
706455,186,16,1242,2004.0,117091.0,0.0,0.422803,0.017524,RUS,AZE,7414
706456,208,16,1242,2004.0,252911.0,0.0,2.105611,0.707843,SWE,AZE,7414
706457,212,16,1242,2004.0,149906.0,0.0,-0.698545,-0.111323,SYR,AZE,7414
706458,224,16,1242,2004.0,799158.0,0.0,0.249065,1.910598,TUR,AZE,7414
706459,228,16,1242,2004.0,15857.0,0.0,0.672848,1.172735,UKR,AZE,7414
706460,231,16,1242,2004.0,80089.0,0.0,1.818327,-0.17913900000000002,USA,AZE,7414
706461,232,16,1242,2004.0,0.0,15117.0,-0.518472,-0.7689779999999999,UZB,AZE,7414
706462,6,22,1242,2004.0,23954.0,0.0,0.080304,-0.634516,ANT,BGD,7414
706463,15,22,1242,2004.0,3269.0,0.0,1.958949,0.209296,AUT,BGD,7414
706464,18,22,1242,2004.0,18236.0,0.0,1.242665,1.541444,BEL,BGD,7414
706465,43,22,1242,2004.0,852171.0,0.0,0.710603,2.017234,CHN,BGD,7414
706466,61,22,1242,2004.0,186894.0,0.0,2.4453099999999997,-2.331761,DEU,BGD,7414
706467,64,22,1242,2004.0,223228.0,0.0,1.309074,1.2627979999999999,DNK,BGD,7414
706468,71,22,1242,2004.0,4644.0,0.0,1.04057,1.789023,ESP,BGD,7414
706469,74,22,1242,2004.0,36990.0,0.0,1.9662810000000002,1.018108,FIN,BGD,7414
706470,77,22,1242,2004.0,203636.0,0.0,1.57079,0.6776760000000001,FRA,BGD,7414
706471,81,22,1242,2004.0,277701.0,0.0,1.872987,0.734065,GBR,BGD,7414
706472,97,22,1242,2004.0,2746.0,0.0,0.72816,1.403171,HKG,BGD,7414
706473,103,22,1242,2004.0,134936.0,0.0,0.010095999999999999,1.7413779999999999,IDN,BGD,7414
706474,104,22,1242,2004.0,752279.0,0.0,0.20872,2.817307,IND,BGD,7414
706475,111,22,1242,2004.0,267745.0,0.0,1.440372,0.676068,ITA,BGD,7414
706476,114,22,1242,2004.0,620706.0,0.0,2.756136,0.15545,JPN,BGD,7414
706477,121,22,1242,2004.0,1429288.0,0.0,1.481275,0.7859,KOR,BGD,7414
706478,153,22,1242,2004.0,234561.0,0.0,1.250098,0.352379,MYS,BGD,7414
706479,162,22,1242,2004.0,1332599.0,0.0,1.171327,1.6369799999999999,NLD,BGD,7414
706480,166,22,1242,2004.0,13621.0,0.0,0.44099099999999997,0.968326,NZL,BGD,7414
706481,168,22,1242,2004.0,11319.0,0.0,-0.7489600000000001,0.22493200000000002,PAK,BGD,7414
706482,190,22,1242,2004.0,0.0,38965.0,-1.503552,-1.253193,SDN,BGD,7414
706483,192,22,1242,2004.0,1327146.0,0.0,1.804502,0.570084,SGP,BGD,7414
706484,216,22,1242,2004.0,715298.0,0.0,0.633501,1.4648290000000002,THA,BGD,7414
706485,224,22,1242,2004.0,13277.0,0.0,0.249065,1.910598,TUR,BGD,7414
706486,231,22,1242,2004.0,805103.0,0.0,1.818327,-0.17913900000000002,USA,BGD,7414
706487,249,22,1242,2004.0,103059.0,159229.0,1.8844150000000002,1.257951,TWN,BGD,7414
706488,4,23,1242,2004.0,0.0,408124.0,-0.142479,0.136074,ALB,BGR,7414
706489,15,23,1242,2004.0,955402.0,261938.0,1.958949,0.209296,AUT,BGR,7414
706490,18,23,1242,2004.0,458720.0,10685.0,1.242665,1.541444,BEL,BGR,7414
706491,26,23,1242,2004.0,0.0,1378.0,0.45637,0.6154470000000001,BIH,BGR,7414
706492,28,23,1242,2004.0,0.0,140928.0,0.9384239999999999,0.9708690000000001,BLR,BGR,7414
706493,32,23,1242,2004.0,40321.0,0.0,0.504233,1.567879,BRA,BGR,7414
706494,41,23,1242,2004.0,125370.0,16966.0,2.234603,0.551975,CHE,BGR,7414
706495,43,23,1242,2004.0,699298.0,0.0,0.710603,2.017234,CHN,BGR,7414
706496,59,23,1242,2004.0,313680.0,15436.0,1.612543,0.607495,CZE,BGR,7414
706497,61,23,1242,2004.0,5154999.0,3931947.0,2.4453099999999997,-2.331761,DEU,BGR,7414
706498,64,23,1242,2004.0,241758.0,0.0,1.309074,1.2627979999999999,DNK,BGR,7414
706499,71,23,1242,2004.0,854366.0,2927.0,1.04057,1.789023,ESP,BGR,7414
706500,74,23,1242,2004.0,39524.0,0.0,1.9662810000000002,1.018108,FIN,BGR,7414
706501,77,23,1242,2004.0,1911530.0,48806.0,1.57079,0.6776760000000001,FRA,BGR,7414
706502,81,23,1242,2004.0,848777.0,8760.0,1.872987,0.734065,GBR,BGR,7414
706503,90,23,1242,2004.0,1907254.0,38701.0,0.298029,1.745886,GRC,BGR,7414
706504,97,23,1242,2004.0,1061.0,0.0,0.72816,1.403171,HKG,BGR,7414
706505,100,23,1242,2004.0,0.0,34207.0,0.744459,1.1994479999999998,HRV,BGR,7414
706506,102,23,1242,2004.0,343063.0,0.0,1.3579370000000002,0.9993219999999999,HUN,BGR,7414
706507,104,23,1242,2004.0,0.0,22186.0,0.20872,2.817307,IND,BGR,7414
706508,106,23,1242,2004.0,159946.0,0.0,1.498475,0.19050799999999998,IRL,BGR,7414
706509,109,23,1242,2004.0,68932.0,0.0,0.107901,-0.41223699999999996,ISL,BGR,7414
706510,111,23,1242,2004.0,12250343.0,47596.0,1.440372,0.676068,ITA,BGR,7414
706511,115,23,1242,2004.0,0.0,13164.0,-0.43987200000000004,-0.50862,KAZ,BGR,7414
706512,121,23,1242,2004.0,12533.0,0.0,1.481275,0.7859,KOR,BGR,7414
706513,130,23,1242,2004.0,222492.0,7348.0,0.341521,0.7971560000000001,LTU,BGR,7414
706514,131,23,1242,2004.0,82190.0,0.0,1.258828,1.079923,LUX,BGR,7414
706515,135,23,1242,2004.0,0.0,12415.0,-0.13031900000000002,-0.118591,MDA,BGR,7414
706516,140,23,1242,2004.0,0.0,56260.0,-0.120439,0.27624899999999997,MKD,BGR,7414
706517,153,23,1242,2004.0,13270.0,0.0,1.250098,0.352379,MYS,BGR,7414
706518,159,23,1242,2004.0,0.0,20062.0,-2.336753,-1.350375,NGA,BGR,7414
706519,162,23,1242,2004.0,982042.0,841266.0,1.171327,1.6369799999999999,NLD,BGR,7414
706520,163,23,1242,2004.0,25479.0,14356.0,0.731175,-0.0655,NOR,BGR,7414
706521,177,23,1242,2004.0,249994.0,15754.0,0.989568,1.49055,POL,BGR,7414
706522,179,23,1242,2004.0,6799.0,0.0,0.705075,1.7268729999999999,PRT,BGR,7414
706523,185,23,1242,2004.0,2315125.0,299784.0,0.53925,1.145066,ROU,BGR,7414
706524,186,23,1242,2004.0,6538.0,51429.0,0.422803,0.017524,RUS,BGR,7414
706525,189,23,1242,2004.0,0.0,39509.0,0.544686,2.418024,SCG,BGR,7414
706526,190,23,1242,2004.0,0.0,12867.0,-1.503552,-1.253193,SDN,BGR,7414
706527,206,23,1242,2004.0,234230.0,1689.0,1.2683149999999999,0.9208620000000001,SVK,BGR,7414
706528,207,23,1242,2004.0,26213.0,0.0,1.700677,0.829765,SVN,BGR,7414
706529,208,23,1242,2004.0,369517.0,0.0,2.105611,0.707843,SWE,BGR,7414
706530,224,23,1242,2004.0,7854463.0,6454.0,0.249065,1.910598,TUR,BGR,7414
706531,228,23,1242,2004.0,35775.0,151530.0,0.672848,1.172735,UKR,BGR,7414
706532,231,23,1242,2004.0,44868.0,9597.0,1.818327,-0.17913900000000002,USA,BGR,7414
706533,249,23,1242,2004.0,49251.0,0.0,1.8844150000000002,1.257951,TWN,BGR,7414
706534,250,23,1242,2004.0,5186.0,16245.0,0.46240200000000004,-0.406624,ANS,BGR,7414
706535,7,24,1242,2004.0,1003038.0,0.0,-0.10993399999999999,-0.5351640000000001,ARE,BHR,7414
706536,15,24,1242,2004.0,23196.0,0.0,1.958949,0.209296,AUT,BHR,7414
706537,18,24,1242,2004.0,93305.0,0.0,1.242665,1.541444,BEL,BHR,7414
706538,32,24,1242,2004.0,1006.0,0.0,0.504233,1.567879,BRA,BHR,7414
706539,41,24,1242,2004.0,30123.0,0.0,2.234603,0.551975,CHE,BHR,7414
706540,43,24,1242,2004.0,355074.0,0.0,0.710603,2.017234,CHN,BHR,7414
706541,58,24,1242,2004.0,51131.0,0.0,0.42732200000000004,0.811763,CYP,BHR,7414
706542,61,24,1242,2004.0,428842.0,0.0,2.4453099999999997,-2.331761,DEU,BHR,7414
706543,64,24,1242,2004.0,53328.0,0.0,1.309074,1.2627979999999999,DNK,BHR,7414
706544,68,24,1242,2004.0,1426.0,0.0,-0.35823499999999997,0.5000100000000001,EGY,BHR,7414
706545,71,24,1242,2004.0,114691.0,0.0,1.04057,1.789023,ESP,BHR,7414
706546,74,24,1242,2004.0,17541.0,0.0,1.9662810000000002,1.018108,FIN,BHR,7414
706547,77,24,1242,2004.0,394929.0,0.0,1.57079,0.6776760000000001,FRA,BHR,7414
706548,81,24,1242,2004.0,930489.0,0.0,1.872987,0.734065,GBR,BHR,7414
706549,100,24,1242,2004.0,9324.0,0.0,0.744459,1.1994479999999998,HRV,BHR,7414
706550,104,24,1242,2004.0,17883.0,1762.0,0.20872,2.817307,IND,BHR,7414
706551,106,24,1242,2004.0,197349.0,0.0,1.498475,0.19050799999999998,IRL,BHR,7414
706552,107,24,1242,2004.0,1105.0,0.0,-0.6691699999999999,-1.002548,IRN,BHR,7414
706553,111,24,1242,2004.0,1224242.0,0.0,1.440372,0.676068,ITA,BHR,7414
706554,113,24,1242,2004.0,27790.0,0.0,0.16384200000000002,0.34270100000000003,JOR,BHR,7414
706555,114,24,1242,2004.0,39113.0,0.0,2.756136,0.15545,JPN,BHR,7414
706556,121,24,1242,2004.0,29570.0,0.0,1.481275,0.7859,KOR,BHR,7414
706557,122,24,1242,2004.0,16530.0,20580.0,-0.8195479999999999,-1.2105709999999998,KWT,BHR,7414
706558,124,24,1242,2004.0,1467.0,0.0,0.269753,1.3152979999999999,LBN,BHR,7414
706559,128,24,1242,2004.0,1646.0,0.0,-0.42450299999999996,0.173518,LKA,BHR,7414
706560,153,24,1242,2004.0,454402.0,0.0,1.250098,0.352379,MYS,BHR,7414
706561,162,24,1242,2004.0,64376.0,0.0,1.171327,1.6369799999999999,NLD,BHR,7414
706562,167,24,1242,2004.0,0.0,14841.0,-0.707862,-1.187629,OMN,BHR,7414
706563,179,24,1242,2004.0,4259.0,0.0,0.705075,1.7268729999999999,PRT,BHR,7414
706564,183,24,1242,2004.0,3424.0,79422.0,0.018141,-1.03766,QAT,BHR,7414
706565,188,24,1242,2004.0,200978.0,131911.0,0.361324,-0.760732,SAU,BHR,7414
706566,192,24,1242,2004.0,64321.0,0.0,1.804502,0.570084,SGP,BHR,7414
706567,208,24,1242,2004.0,5513.0,0.0,2.105611,0.707843,SWE,BHR,7414
706568,216,24,1242,2004.0,612318.0,0.0,0.633501,1.4648290000000002,THA,BHR,7414
706569,224,24,1242,2004.0,21351.0,0.0,0.249065,1.910598,TUR,BHR,7414
706570,231,24,1242,2004.0,1061838.0,0.0,1.818327,-0.17913900000000002,USA,BHR,7414
706571,246,24,1242,2004.0,5107.0,0.0,0.29599699999999995,1.909018,ZAF,BHR,7414
706572,249,24,1242,2004.0,211201.0,0.0,1.8844150000000002,1.257951,TWN,BHR,7414
706573,9,28,1242,2004.0,0.0,1904.0,0.497276,-0.226016,ARM,BLR,7414
706574,15,28,1242,2004.0,619643.0,4024.0,1.958949,0.209296,AUT,BLR,7414
706575,18,28,1242,2004.0,81730.0,0.0,1.242665,1.541444,BEL,BLR,7414
706576,23,28,1242,2004.0,140928.0,0.0,0.390627,1.631006,BGR,BLR,7414
706577,43,28,1242,2004.0,6734.0,0.0,0.710603,2.017234,CHN,BLR,7414
706578,59,28,1242,2004.0,140712.0,9967.0,1.612543,0.607495,CZE,BLR,7414
706579,61,28,1242,2004.0,4594060.0,0.0,2.4453099999999997,-2.331761,DEU,BLR,7414
706580,64,28,1242,2004.0,629441.0,0.0,1.309074,1.2627979999999999,DNK,BLR,7414
706581,71,28,1242,2004.0,230758.0,2467.0,1.04057,1.789023,ESP,BLR,7414
706582,74,28,1242,2004.0,227426.0,0.0,1.9662810000000002,1.018108,FIN,BLR,7414
706583,77,28,1242,2004.0,461003.0,0.0,1.57079,0.6776760000000001,FRA,BLR,7414
706584,81,28,1242,2004.0,309979.0,0.0,1.872987,0.734065,GBR,BLR,7414
706585,82,28,1242,2004.0,0.0,1857.0,-0.030676,-0.560186,GEO,BLR,7414
706586,85,28,1242,2004.0,0.0,2888.0,-1.004077,-1.108018,GIN,BLR,7414
706587,90,28,1242,2004.0,42133.0,0.0,0.298029,1.745886,GRC,BLR,7414
706588,102,28,1242,2004.0,68450.0,0.0,1.3579370000000002,0.9993219999999999,HUN,BLR,7414
706589,106,28,1242,2004.0,44359.0,0.0,1.498475,0.19050799999999998,IRL,BLR,7414
706590,111,28,1242,2004.0,1835589.0,0.0,1.440372,0.676068,ITA,BLR,7414
706591,115,28,1242,2004.0,0.0,233545.0,-0.43987200000000004,-0.50862,KAZ,BLR,7414
706592,117,28,1242,2004.0,0.0,11188.0,-0.263776,0.503736,KGZ,BLR,7414
706593,121,28,1242,2004.0,11031.0,0.0,1.481275,0.7859,KOR,BLR,7414
706594,130,28,1242,2004.0,2690684.0,13200.0,0.341521,0.7971560000000001,LTU,BLR,7414
706595,131,28,1242,2004.0,7299.0,0.0,1.258828,1.079923,LUX,BLR,7414
706596,132,28,1242,2004.0,181646.0,7157.0,0.415001,0.8476809999999999,LVA,BLR,7414
706597,135,28,1242,2004.0,9088.0,14577.0,-0.13031900000000002,-0.118591,MDA,BLR,7414
706598,145,28,1242,2004.0,0.0,6464.0,-0.920198,-1.1059219999999998,MNG,BLR,7414
706599,162,28,1242,2004.0,530585.0,0.0,1.171327,1.6369799999999999,NLD,BLR,7414
706600,177,28,1242,2004.0,4822022.0,2672.0,0.989568,1.49055,POL,BLR,7414
706601,185,28,1242,2004.0,79102.0,0.0,0.53925,1.145066,ROU,BLR,7414
706602,186,28,1242,2004.0,7846306.0,14743924.0,0.422803,0.017524,RUS,BLR,7414
706603,206,28,1242,2004.0,1604.0,1266.0,1.2683149999999999,0.9208620000000001,SVK,BLR,7414
706604,208,28,1242,2004.0,203131.0,0.0,2.105611,0.707843,SWE,BLR,7414
706605,217,28,1242,2004.0,0.0,10410.0,-0.805571,-1.077194,TJK,BLR,7414
706606,224,28,1242,2004.0,29624.0,0.0,0.249065,1.910598,TUR,BLR,7414
706607,228,28,1242,2004.0,1122661.0,416188.0,0.672848,1.172735,UKR,BLR,7414
706608,231,28,1242,2004.0,58401.0,0.0,1.818327,-0.17913900000000002,USA,BLR,7414
706609,232,28,1242,2004.0,0.0,44327.0,-0.518472,-0.7689779999999999,UZB,BLR,7414
706610,249,28,1242,2004.0,11959.0,0.0,1.8844150000000002,1.257951,TWN,BLR,7414
706611,7,59,1242,2004.0,0.0,388829.0,-0.10993399999999999,-0.5351640000000001,ARE,CZE,7414
706612,8,59,1242,2004.0,16995.0,499827.0,-0.070845,0.879574,ARG,CZE,7414
706613,9,59,1242,2004.0,0.0,2037.0,0.497276,-0.226016,ARM,CZE,7414
706614,14,59,1242,2004.0,35099.0,100925.0,-0.198735,0.81543,AUS,CZE,7414
706615,15,59,1242,2004.0,5899867.0,11350325.0,1.958949,0.209296,AUT,CZE,7414
706616,18,59,1242,2004.0,2394344.0,7245104.0,1.242665,1.541444,BEL,CZE,7414
706617,23,59,1242,2004.0,15436.0,313680.0,0.390627,1.631006,BGR,CZE,7414
706618,26,59,1242,2004.0,0.0,23200.0,0.45637,0.6154470000000001,BIH,CZE,7414
706619,28,59,1242,2004.0,9967.0,140712.0,0.9384239999999999,0.9708690000000001,BLR,CZE,7414
706620,32,59,1242,2004.0,1363.0,2890.0,0.504233,1.567879,BRA,CZE,7414
706621,39,59,1242,2004.0,12217.0,40463.0,0.781591,1.365966,CAN,CZE,7414
706622,41,59,1242,2004.0,123742.0,682801.0,2.234603,0.551975,CHE,CZE,7414
706623,43,59,1242,2004.0,646166.0,395778.0,0.710603,2.017234,CHN,CZE,7414
706624,49,59,1242,2004.0,0.0,30246.0,0.044706,0.514304,COL,CZE,7414
706625,61,59,1242,2004.0,19740248.0,85174080.0,2.4453099999999997,-2.331761,DEU,CZE,7414
706626,64,59,1242,2004.0,1839858.0,581162.0,1.309074,1.2627979999999999,DNK,CZE,7414
706627,66,59,1242,2004.0,0.0,1185.0,-1.166661,-1.2240879999999998,DZA,CZE,7414
706628,68,59,1242,2004.0,2761.0,19779.0,-0.35823499999999997,0.5000100000000001,EGY,CZE,7414
706629,71,59,1242,2004.0,1758354.0,3783194.0,1.04057,1.789023,ESP,CZE,7414
706630,72,59,1242,2004.0,0.0,269739.0,0.645741,1.035117,EST,CZE,7414
706631,73,59,1242,2004.0,0.0,31400.0,-1.202444,-0.8973120000000001,ETH,CZE,7414
706632,74,59,1242,2004.0,562923.0,526303.0,1.9662810000000002,1.018108,FIN,CZE,7414
706633,77,59,1242,2004.0,28495866.0,12660574.0,1.57079,0.6776760000000001,FRA,CZE,7414
706634,81,59,1242,2004.0,1151092.0,10395901.0,1.872987,0.734065,GBR,CZE,7414
706635,90,59,1242,2004.0,39754.0,24828.0,0.298029,1.745886,GRC,CZE,7414
706636,97,59,1242,2004.0,69170.0,27664.0,0.72816,1.403171,HKG,CZE,7414
706637,99,59,1242,2004.0,0.0,7959.0,-0.6372140000000001,-0.453946,HND,CZE,7414
706638,100,59,1242,2004.0,328743.0,98509.0,0.744459,1.1994479999999998,HRV,CZE,7414
706639,102,59,1242,2004.0,3863908.0,2115478.0,1.3579370000000002,0.9993219999999999,HUN,CZE,7414
706640,103,59,1242,2004.0,0.0,49003.0,0.010095999999999999,1.7413779999999999,IDN,CZE,7414
706641,104,59,1242,2004.0,0.0,216725.0,0.20872,2.817307,IND,CZE,7414
706642,106,59,1242,2004.0,2068096.0,3862904.0,1.498475,0.19050799999999998,IRL,CZE,7414
706643,107,59,1242,2004.0,203805.0,13993.0,-0.6691699999999999,-1.002548,IRN,CZE,7414
706644,109,59,1242,2004.0,0.0,19204.0,0.107901,-0.41223699999999996,ISL,CZE,7414
706645,110,59,1242,2004.0,10603.0,52432.0,1.252895,0.8662770000000001,ISR,CZE,7414
706646,111,59,1242,2004.0,25943678.0,7736528.0,1.440372,0.676068,ITA,CZE,7414
706647,113,59,1242,2004.0,0.0,3932.0,0.16384200000000002,0.34270100000000003,JOR,CZE,7414
706648,114,59,1242,2004.0,5790618.0,585382.0,2.756136,0.15545,JPN,CZE,7414
706649,115,59,1242,2004.0,0.0,86314.0,-0.43987200000000004,-0.50862,KAZ,CZE,7414
706650,121,59,1242,2004.0,86196.0,22854.0,1.481275,0.7859,KOR,CZE,7414
706651,122,59,1242,2004.0,0.0,236461.0,-0.8195479999999999,-1.2105709999999998,KWT,CZE,7414
706652,123,59,1242,2004.0,0.0,206290.0,-0.9964770000000001,-0.9475,LAO,CZE,7414
706653,124,59,1242,2004.0,0.0,2265.0,0.269753,1.3152979999999999,LBN,CZE,7414
706654,125,59,1242,2004.0,0.0,1418.0,0.037469,-1.036878,LBR,CZE,7414
706655,130,59,1242,2004.0,590969.0,497575.0,0.341521,0.7971560000000001,LTU,CZE,7414
706656,131,59,1242,2004.0,1551.0,0.0,1.258828,1.079923,LUX,CZE,7414
706657,132,59,1242,2004.0,0.0,126596.0,0.415001,0.8476809999999999,LVA,CZE,7414
706658,134,59,1242,2004.0,0.0,74451.0,-0.626594,-0.22253499999999998,MAR,CZE,7414
706659,135,59,1242,2004.0,0.0,39466.0,-0.13031900000000002,-0.118591,MDA,CZE,7414
706660,138,59,1242,2004.0,6088.0,247704.0,1.183707,0.9043700000000001,MEX,CZE,7414
706661,140,59,1242,2004.0,21292.0,0.0,-0.120439,0.27624899999999997,MKD,CZE,7414
706662,142,59,1242,2004.0,0.0,35293.0,1.2290379999999999,-0.025372,MLT,CZE,7414
706663,145,59,1242,2004.0,0.0,2100.0,-0.920198,-1.1059219999999998,MNG,CZE,7414
706664,153,59,1242,2004.0,2061.0,0.0,1.250098,0.352379,MYS,CZE,7414
706665,156,59,1242,2004.0,0.0,9365.0,-0.279566,-0.860456,NCL,CZE,7414
706666,159,59,1242,2004.0,0.0,30747.0,-2.336753,-1.350375,NGA,CZE,7414
706667,162,59,1242,2004.0,2435715.0,6296891.0,1.171327,1.6369799999999999,NLD,CZE,7414
706668,163,59,1242,2004.0,15547.0,858509.0,0.731175,-0.0655,NOR,CZE,7414
706669,166,59,1242,2004.0,9099.0,2026.0,0.44099099999999997,0.968326,NZL,CZE,7414
706670,173,59,1242,2004.0,0.0,1399.0,-0.609837,0.13314,PER,CZE,7414
706671,174,59,1242,2004.0,0.0,7440.0,0.288786,-0.25348699999999996,PHL,CZE,7414
706672,177,59,1242,2004.0,6434698.0,6572932.0,0.989568,1.49055,POL,CZE,7414
706673,179,59,1242,2004.0,9143.0,1081266.0,0.705075,1.7268729999999999,PRT,CZE,7414
706674,185,59,1242,2004.0,4785823.0,480931.0,0.53925,1.145066,ROU,CZE,7414
706675,186,59,1242,2004.0,104372.0,1405082.0,0.422803,0.017524,RUS,CZE,7414
706676,188,59,1242,2004.0,0.0,28633.0,0.361324,-0.760732,SAU,CZE,7414
706677,189,59,1242,2004.0,2409.0,47449.0,0.544686,2.418024,SCG,CZE,7414
706678,190,59,1242,2004.0,0.0,5765.0,-1.503552,-1.253193,SDN,CZE,7414
706679,192,59,1242,2004.0,0.0,7927.0,1.804502,0.570084,SGP,CZE,7414
706680,196,59,1242,2004.0,62035.0,0.0,0.43205699999999997,0.068877,SLE,CZE,7414
706681,198,59,1242,2004.0,29538.0,0.0,1.530337,0.719013,SMR,CZE,7414
706682,206,59,1242,2004.0,2648426.0,8635290.0,1.2683149999999999,0.9208620000000001,SVK,CZE,7414
706683,207,59,1242,2004.0,583294.0,91991.0,1.700677,0.829765,SVN,CZE,7414
706684,208,59,1242,2004.0,2049849.0,1237629.0,2.105611,0.707843,SWE,CZE,7414
706685,216,59,1242,2004.0,93825.0,0.0,0.633501,1.4648290000000002,THA,CZE,7414
706686,223,59,1242,2004.0,0.0,2245.0,-0.125092,0.370625,TUN,CZE,7414
706687,224,59,1242,2004.0,478088.0,5081712.0,0.249065,1.910598,TUR,CZE,7414
706688,228,59,1242,2004.0,878516.0,410833.0,0.672848,1.172735,UKR,CZE,7414
706689,231,59,1242,2004.0,2674405.0,4226415.0,1.818327,-0.17913900000000002,USA,CZE,7414
706690,239,59,1242,2004.0,0.0,1016.0,-0.46875500000000003,0.734412,VNM,CZE,7414
706691,246,59,1242,2004.0,0.0,64091.0,0.29599699999999995,1.909018,ZAF,CZE,7414
706692,249,59,1242,2004.0,16336.0,13282.0,1.8844150000000002,1.257951,TWN,CZE,7414
706693,250,59,1242,2004.0,165290.0,0.0,0.46240200000000004,-0.406624,ANS,CZE,7414
706694,4,68,1242,2004.0,42186.0,0.0,-0.142479,0.136074,ALB,EGY,7414
706695,7,68,1242,2004.0,561278.0,33721.0,-0.10993399999999999,-0.5351640000000001,ARE,EGY,7414
706696,8,68,1242,2004.0,1255.0,0.0,-0.070845,0.879574,ARG,EGY,7414
706697,14,68,1242,2004.0,41632.0,0.0,-0.198735,0.81543,AUS,EGY,7414
706698,15,68,1242,2004.0,59086.0,10966.0,1.958949,0.209296,AUT,EGY,7414
706699,16,68,1242,2004.0,32208.0,0.0,-0.720616,-1.009692,AZE,EGY,7414
706700,18,68,1242,2004.0,404388.0,0.0,1.242665,1.541444,BEL,EGY,7414
706701,24,68,1242,2004.0,0.0,1426.0,-0.551237,-1.174628,BHR,EGY,7414
706702,32,68,1242,2004.0,956550.0,0.0,0.504233,1.567879,BRA,EGY,7414
706703,39,68,1242,2004.0,4033.0,0.0,0.781591,1.365966,CAN,EGY,7414
706704,41,68,1242,2004.0,133438.0,0.0,2.234603,0.551975,CHE,EGY,7414
706705,43,68,1242,2004.0,1453113.0,0.0,0.710603,2.017234,CHN,EGY,7414
706706,59,68,1242,2004.0,19779.0,2761.0,1.612543,0.607495,CZE,EGY,7414
706707,61,68,1242,2004.0,2090240.0,12427.0,2.4453099999999997,-2.331761,DEU,EGY,7414
706708,64,68,1242,2004.0,360004.0,0.0,1.309074,1.2627979999999999,DNK,EGY,7414
706709,66,68,1242,2004.0,0.0,119447.0,-1.166661,-1.2240879999999998,DZA,EGY,7414
706710,71,68,1242,2004.0,3002354.0,487715.0,1.04057,1.789023,ESP,EGY,7414
706711,74,68,1242,2004.0,108288.0,0.0,1.9662810000000002,1.018108,FIN,EGY,7414
706712,77,68,1242,2004.0,5479676.0,1238336.0,1.57079,0.6776760000000001,FRA,EGY,7414
706713,81,68,1242,2004.0,2025689.0,0.0,1.872987,0.734065,GBR,EGY,7414
706714,90,68,1242,2004.0,369288.0,0.0,0.298029,1.745886,GRC,EGY,7414
706715,97,68,1242,2004.0,78242.0,0.0,0.72816,1.403171,HKG,EGY,7414
706716,104,68,1242,2004.0,65456.0,0.0,0.20872,2.817307,IND,EGY,7414
706717,106,68,1242,2004.0,153242.0,0.0,1.498475,0.19050799999999998,IRL,EGY,7414
706718,108,68,1242,2004.0,0.0,185136.0,-1.50824,-1.082486,IRQ,EGY,7414
706719,109,68,1242,2004.0,4734.0,0.0,0.107901,-0.41223699999999996,ISL,EGY,7414
706720,110,68,1242,2004.0,9955.0,40064.0,1.252895,0.8662770000000001,ISR,EGY,7414
706721,111,68,1242,2004.0,15006704.0,378995.0,1.440372,0.676068,ITA,EGY,7414
706722,113,68,1242,2004.0,219669.0,221054.0,0.16384200000000002,0.34270100000000003,JOR,EGY,7414
706723,114,68,1242,2004.0,864237.0,0.0,2.756136,0.15545,JPN,EGY,7414
706724,116,68,1242,2004.0,0.0,3141.0,-0.565597,0.182375,KEN,EGY,7414
706725,121,68,1242,2004.0,13037528.0,6964.0,1.481275,0.7859,KOR,EGY,7414
706726,122,68,1242,2004.0,4064.0,1746.0,-0.8195479999999999,-1.2105709999999998,KWT,EGY,7414
706727,124,68,1242,2004.0,7813.0,24890.0,0.269753,1.3152979999999999,LBN,EGY,7414
706728,126,68,1242,2004.0,0.0,33406.0,-0.895142,-1.211141,LBY,EGY,7414
706729,131,68,1242,2004.0,1478.0,0.0,1.258828,1.079923,LUX,EGY,7414
706730,134,68,1242,2004.0,0.0,1509459.0,-0.626594,-0.22253499999999998,MAR,EGY,7414
706731,153,68,1242,2004.0,130607.0,0.0,1.250098,0.352379,MYS,EGY,7414
706732,162,68,1242,2004.0,965417.0,0.0,1.171327,1.6369799999999999,NLD,EGY,7414
706733,166,68,1242,2004.0,12796.0,0.0,0.44099099999999997,0.968326,NZL,EGY,7414
706734,177,68,1242,2004.0,93482.0,122042.0,0.989568,1.49055,POL,EGY,7414
706735,178,68,1242,2004.0,1557.0,0.0,0.695376,0.9732209999999999,PRK,EGY,7414
706736,179,68,1242,2004.0,180632.0,0.0,0.705075,1.7268729999999999,PRT,EGY,7414
706737,185,68,1242,2004.0,0.0,7083.0,0.53925,1.145066,ROU,EGY,7414
706738,188,68,1242,2004.0,123630.0,206352.0,0.361324,-0.760732,SAU,EGY,7414
706739,190,68,1242,2004.0,0.0,208271.0,-1.503552,-1.253193,SDN,EGY,7414
706740,192,68,1242,2004.0,47950.0,0.0,1.804502,0.570084,SGP,EGY,7414
706741,207,68,1242,2004.0,721405.0,4868.0,1.700677,0.829765,SVN,EGY,7414
706742,208,68,1242,2004.0,279332.0,0.0,2.105611,0.707843,SWE,EGY,7414
706743,212,68,1242,2004.0,0.0,1014283.0,-0.698545,-0.111323,SYR,EGY,7414
706744,216,68,1242,2004.0,2898281.0,0.0,0.633501,1.4648290000000002,THA,EGY,7414
706745,223,68,1242,2004.0,0.0,1932889.0,-0.125092,0.370625,TUN,EGY,7414
706746,224,68,1242,2004.0,87256.0,697919.0,0.249065,1.910598,TUR,EGY,7414
706747,228,68,1242,2004.0,0.0,7838.0,0.672848,1.172735,UKR,EGY,7414
706748,231,68,1242,2004.0,2834826.0,30682.0,1.818327,-0.17913900000000002,USA,EGY,7414
706749,243,68,1242,2004.0,0.0,55115.0,-1.298227,-1.2496639999999999,YEM,EGY,7414
706750,246,68,1242,2004.0,6705.0,765174.0,0.29599699999999995,1.909018,ZAF,EGY,7414
706751,249,68,1242,2004.0,81582.0,0.0,1.8844150000000002,1.257951,TWN,EGY,7414
706752,250,68,1242,2004.0,2021075.0,0.0,0.46240200000000004,-0.406624,ANS,EGY,7414
706753,4,100,1242,2004.0,0.0,694213.0,-0.142479,0.136074,ALB,HRV,7414
706754,15,100,1242,2004.0,1591645.0,514867.0,1.958949,0.209296,AUT,HRV,7414
706755,16,100,1242,2004.0,0.0,4744.0,-0.720616,-1.009692,AZE,HRV,7414
706756,18,100,1242,2004.0,338527.0,858154.0,1.242665,1.541444,BEL,HRV,7414
706757,23,100,1242,2004.0,34207.0,0.0,0.390627,1.631006,BGR,HRV,7414
706758,24,100,1242,2004.0,0.0,9324.0,-0.551237,-1.174628,BHR,HRV,7414
706759,26,100,1242,2004.0,599442.0,1129340.0,0.45637,0.6154470000000001,BIH,HRV,7414
706760,41,100,1242,2004.0,65837.0,50731.0,2.234603,0.551975,CHE,HRV,7414
706761,43,100,1242,2004.0,203962.0,0.0,0.710603,2.017234,CHN,HRV,7414
706762,59,100,1242,2004.0,98509.0,328743.0,1.612543,0.607495,CZE,HRV,7414
706763,61,100,1242,2004.0,3879382.0,765133.0,2.4453099999999997,-2.331761,DEU,HRV,7414
706764,64,100,1242,2004.0,3675897.0,1005587.0,1.309074,1.2627979999999999,DNK,HRV,7414
706765,71,100,1242,2004.0,894848.0,0.0,1.04057,1.789023,ESP,HRV,7414
706766,72,100,1242,2004.0,0.0,5360.0,0.645741,1.035117,EST,HRV,7414
706767,74,100,1242,2004.0,43069.0,79524.0,1.9662810000000002,1.018108,FIN,HRV,7414
706768,77,100,1242,2004.0,1844114.0,1047.0,1.57079,0.6776760000000001,FRA,HRV,7414
706769,81,100,1242,2004.0,212103.0,188960.0,1.872987,0.734065,GBR,HRV,7414
706770,90,100,1242,2004.0,296937.0,48338.0,0.298029,1.745886,GRC,HRV,7414
706771,102,100,1242,2004.0,1006481.0,100123.0,1.3579370000000002,0.9993219999999999,HUN,HRV,7414
706772,103,100,1242,2004.0,44713.0,0.0,0.010095999999999999,1.7413779999999999,IDN,HRV,7414
706773,106,100,1242,2004.0,99434.0,0.0,1.498475,0.19050799999999998,IRL,HRV,7414
706774,110,100,1242,2004.0,1304.0,0.0,1.252895,0.8662770000000001,ISR,HRV,7414
706775,111,100,1242,2004.0,19145766.0,98041.0,1.440372,0.676068,ITA,HRV,7414
706776,114,100,1242,2004.0,157127.0,0.0,2.756136,0.15545,JPN,HRV,7414
706777,115,100,1242,2004.0,0.0,17679.0,-0.43987200000000004,-0.50862,KAZ,HRV,7414
706778,121,100,1242,2004.0,159551.0,0.0,1.481275,0.7859,KOR,HRV,7414
706779,130,100,1242,2004.0,0.0,496921.0,0.341521,0.7971560000000001,LTU,HRV,7414
706780,131,100,1242,2004.0,0.0,5908.0,1.258828,1.079923,LUX,HRV,7414
706781,140,100,1242,2004.0,72133.0,89689.0,-0.120439,0.27624899999999997,MKD,HRV,7414
706782,142,100,1242,2004.0,0.0,20382.0,1.2290379999999999,-0.025372,MLT,HRV,7414
706783,162,100,1242,2004.0,480387.0,0.0,1.171327,1.6369799999999999,NLD,HRV,7414
706784,163,100,1242,2004.0,71827.0,145077.0,0.731175,-0.0655,NOR,HRV,7414
706785,169,100,1242,2004.0,0.0,5214.0,0.054997000000000004,0.440416,PAN,HRV,7414
706786,177,100,1242,2004.0,185431.0,7571.0,0.989568,1.49055,POL,HRV,7414
706787,179,100,1242,2004.0,7278.0,5083.0,0.705075,1.7268729999999999,PRT,HRV,7414
706788,185,100,1242,2004.0,186448.0,13273.0,0.53925,1.145066,ROU,HRV,7414
706789,186,100,1242,2004.0,0.0,15758.0,0.422803,0.017524,RUS,HRV,7414
706790,189,100,1242,2004.0,95271.0,1131650.0,0.544686,2.418024,SCG,HRV,7414
706791,206,100,1242,2004.0,4149.0,2702.0,1.2683149999999999,0.9208620000000001,SVK,HRV,7414
706792,207,100,1242,2004.0,5761576.0,322762.0,1.700677,0.829765,SVN,HRV,7414
706793,208,100,1242,2004.0,233380.0,1520930.0,2.105611,0.707843,SWE,HRV,7414
706794,216,100,1242,2004.0,2638.0,123290.0,0.633501,1.4648290000000002,THA,HRV,7414
706795,224,100,1242,2004.0,1511548.0,0.0,0.249065,1.910598,TUR,HRV,7414
706796,228,100,1242,2004.0,0.0,514740.0,0.672848,1.172735,UKR,HRV,7414
706797,231,100,1242,2004.0,32005.0,7305.0,1.818327,-0.17913900000000002,USA,HRV,7414
706798,249,100,1242,2004.0,105989.0,0.0,1.8844150000000002,1.257951,TWN,HRV,7414
706799,4,102,1242,2004.0,0.0,86504.0,-0.142479,0.136074,ALB,HUN,7414
706800,7,102,1242,2004.0,0.0,165270.0,-0.10993399999999999,-0.5351640000000001,ARE,HUN,7414
706801,14,102,1242,2004.0,2551.0,588186.0,-0.198735,0.81543,AUS,HUN,7414
706802,15,102,1242,2004.0,4097310.0,1709683.0,1.958949,0.209296,AUT,HUN,7414
706803,18,102,1242,2004.0,1690343.0,1783255.0,1.242665,1.541444,BEL,HUN,7414
706804,23,102,1242,2004.0,0.0,343063.0,0.390627,1.631006,BGR,HUN,7414
706805,26,102,1242,2004.0,0.0,143270.0,0.45637,0.6154470000000001,BIH,HUN,7414
706806,28,102,1242,2004.0,0.0,68450.0,0.9384239999999999,0.9708690000000001,BLR,HUN,7414
706807,32,102,1242,2004.0,0.0,2413.0,0.504233,1.567879,BRA,HUN,7414
706808,39,102,1242,2004.0,27131.0,1030.0,0.781591,1.365966,CAN,HUN,7414
706809,41,102,1242,2004.0,78522.0,967899.0,2.234603,0.551975,CHE,HUN,7414
706810,42,102,1242,2004.0,0.0,3247.0,-0.24101399999999998,-0.303103,CHL,HUN,7414
706811,43,102,1242,2004.0,147708.0,7441.0,0.710603,2.017234,CHN,HUN,7414
706812,52,102,1242,2004.0,0.0,53317.0,-0.036323,-0.313847,CRI,HUN,7414
706813,58,102,1242,2004.0,0.0,5658.0,0.42732200000000004,0.811763,CYP,HUN,7414
706814,59,102,1242,2004.0,2115478.0,3863908.0,1.612543,0.607495,CZE,HUN,7414
706815,61,102,1242,2004.0,12796021.0,11876404.0,2.4453099999999997,-2.331761,DEU,HUN,7414
706816,64,102,1242,2004.0,1239039.0,449496.0,1.309074,1.2627979999999999,DNK,HUN,7414
706817,66,102,1242,2004.0,0.0,10764.0,-1.166661,-1.2240879999999998,DZA,HUN,7414
706818,67,102,1242,2004.0,0.0,17572.0,-0.990727,-0.9383090000000001,ECU,HUN,7414
706819,71,102,1242,2004.0,3936712.0,1802099.0,1.04057,1.789023,ESP,HUN,7414
706820,72,102,1242,2004.0,298621.0,30347.0,0.645741,1.035117,EST,HUN,7414
706821,74,102,1242,2004.0,594184.0,1070606.0,1.9662810000000002,1.018108,FIN,HUN,7414
706822,77,102,1242,2004.0,20441516.0,3532025.0,1.57079,0.6776760000000001,FRA,HUN,7414
706823,81,102,1242,2004.0,2956194.0,2727672.0,1.872987,0.734065,GBR,HUN,7414
706824,90,102,1242,2004.0,346618.0,1411174.0,0.298029,1.745886,GRC,HUN,7414
706825,93,102,1242,2004.0,0.0,1324.0,-0.39399,0.139128,GTM,HUN,7414
706826,97,102,1242,2004.0,45199.0,0.0,0.72816,1.403171,HKG,HUN,7414
706827,100,102,1242,2004.0,100123.0,1006481.0,0.744459,1.1994479999999998,HRV,HUN,7414
706828,103,102,1242,2004.0,528433.0,44466.0,0.010095999999999999,1.7413779999999999,IDN,HUN,7414
706829,104,102,1242,2004.0,0.0,23181.0,0.20872,2.817307,IND,HUN,7414
706830,106,102,1242,2004.0,1136979.0,696501.0,1.498475,0.19050799999999998,IRL,HUN,7414
706831,107,102,1242,2004.0,20818.0,0.0,-0.6691699999999999,-1.002548,IRN,HUN,7414
706832,109,102,1242,2004.0,0.0,13972.0,0.107901,-0.41223699999999996,ISL,HUN,7414
706833,110,102,1242,2004.0,0.0,14001.0,1.252895,0.8662770000000001,ISR,HUN,7414
706834,111,102,1242,2004.0,23790706.0,4964847.0,1.440372,0.676068,ITA,HUN,7414
706835,114,102,1242,2004.0,69663.0,118842.0,2.756136,0.15545,JPN,HUN,7414
706836,115,102,1242,2004.0,0.0,60914.0,-0.43987200000000004,-0.50862,KAZ,HUN,7414
706837,121,102,1242,2004.0,283392.0,8616.0,1.481275,0.7859,KOR,HUN,7414
706838,124,102,1242,2004.0,0.0,40192.0,0.269753,1.3152979999999999,LBN,HUN,7414
706839,130,102,1242,2004.0,88467.0,567948.0,0.341521,0.7971560000000001,LTU,HUN,7414
706840,131,102,1242,2004.0,40603.0,1470898.0,1.258828,1.079923,LUX,HUN,7414
706841,132,102,1242,2004.0,0.0,39138.0,0.415001,0.8476809999999999,LVA,HUN,7414
706842,134,102,1242,2004.0,0.0,12379.0,-0.626594,-0.22253499999999998,MAR,HUN,7414
706843,135,102,1242,2004.0,0.0,48447.0,-0.13031900000000002,-0.118591,MDA,HUN,7414
706844,138,102,1242,2004.0,118679.0,0.0,1.183707,0.9043700000000001,MEX,HUN,7414
706845,140,102,1242,2004.0,2328.0,0.0,-0.120439,0.27624899999999997,MKD,HUN,7414
706846,153,102,1242,2004.0,37728.0,5045.0,1.250098,0.352379,MYS,HUN,7414
706847,154,102,1242,2004.0,0.0,1139.0,1.290551,0.284667,MYT,HUN,7414
706848,162,102,1242,2004.0,459929.0,4187129.0,1.171327,1.6369799999999999,NLD,HUN,7414
706849,163,102,1242,2004.0,195313.0,1624432.0,0.731175,-0.0655,NOR,HUN,7414
706850,166,102,1242,2004.0,0.0,37695.0,0.44099099999999997,0.968326,NZL,HUN,7414
706851,177,102,1242,2004.0,2633676.0,2414740.0,0.989568,1.49055,POL,HUN,7414
706852,179,102,1242,2004.0,94316.0,63884.0,0.705075,1.7268729999999999,PRT,HUN,7414
706853,183,102,1242,2004.0,0.0,1378.0,0.018141,-1.03766,QAT,HUN,7414
706854,185,102,1242,2004.0,1892518.0,1791291.0,0.53925,1.145066,ROU,HUN,7414
706855,186,102,1242,2004.0,0.0,1945126.0,0.422803,0.017524,RUS,HUN,7414
706856,188,102,1242,2004.0,0.0,1257534.0,0.361324,-0.760732,SAU,HUN,7414
706857,189,102,1242,2004.0,21809.0,966240.0,0.544686,2.418024,SCG,HUN,7414
706858,192,102,1242,2004.0,14888.0,3471.0,1.804502,0.570084,SGP,HUN,7414
706859,198,102,1242,2004.0,1000.0,0.0,1.530337,0.719013,SMR,HUN,7414
706860,206,102,1242,2004.0,1105040.0,1298973.0,1.2683149999999999,0.9208620000000001,SVK,HUN,7414
706861,207,102,1242,2004.0,614731.0,954437.0,1.700677,0.829765,SVN,HUN,7414
706862,208,102,1242,2004.0,686494.0,4727062.0,2.105611,0.707843,SWE,HUN,7414
706863,211,102,1242,2004.0,0.0,24972.0,-0.585828,-0.768388,SYC,HUN,7414
706864,224,102,1242,2004.0,1765066.0,655464.0,0.249065,1.910598,TUR,HUN,7414
706865,228,102,1242,2004.0,63802.0,1495077.0,0.672848,1.172735,UKR,HUN,7414
706866,231,102,1242,2004.0,988949.0,375673.0,1.818327,-0.17913900000000002,USA,HUN,7414
706867,246,102,1242,2004.0,0.0,50276.0,0.29599699999999995,1.909018,ZAF,HUN,7414
706868,249,102,1242,2004.0,41438.0,0.0,1.8844150000000002,1.257951,TWN,HUN,7414
706869,1,107,1242,2004.0,0.0,691318.0,-0.8890309999999999,-0.773602,AFG,IRN,7414
706870,7,107,1242,2004.0,2234662.0,73395.0,-0.10993399999999999,-0.5351640000000001,ARE,IRN,7414
706871,9,107,1242,2004.0,1998.0,327977.0,0.497276,-0.226016,ARM,IRN,7414
706872,14,107,1242,2004.0,40741.0,2107.0,-0.198735,0.81543,AUS,IRN,7414
706873,15,107,1242,2004.0,110947.0,0.0,1.958949,0.209296,AUT,IRN,7414
706874,16,107,1242,2004.0,0.0,31619.0,-0.720616,-1.009692,AZE,IRN,7414
706875,18,107,1242,2004.0,402788.0,5074.0,1.242665,1.541444,BEL,IRN,7414
706876,24,107,1242,2004.0,0.0,1105.0,-0.551237,-1.174628,BHR,IRN,7414
706877,32,107,1242,2004.0,12581.0,0.0,0.504233,1.567879,BRA,IRN,7414
706878,39,107,1242,2004.0,447637.0,0.0,0.781591,1.365966,CAN,IRN,7414
706879,41,107,1242,2004.0,43057.0,84275.0,2.234603,0.551975,CHE,IRN,7414
706880,43,107,1242,2004.0,3004442.0,0.0,0.710603,2.017234,CHN,IRN,7414
706881,44,107,1242,2004.0,0.0,1501.0,-0.835933,-0.749289,CIV,IRN,7414
706882,59,107,1242,2004.0,13993.0,203805.0,1.612543,0.607495,CZE,IRN,7414
706883,61,107,1242,2004.0,3303551.0,0.0,2.4453099999999997,-2.331761,DEU,IRN,7414
706884,64,107,1242,2004.0,2991335.0,0.0,1.309074,1.2627979999999999,DNK,IRN,7414
706885,71,107,1242,2004.0,348138.0,0.0,1.04057,1.789023,ESP,IRN,7414
706886,74,107,1242,2004.0,34520.0,0.0,1.9662810000000002,1.018108,FIN,IRN,7414
706887,77,107,1242,2004.0,4967612.0,0.0,1.57079,0.6776760000000001,FRA,IRN,7414
706888,81,107,1242,2004.0,2508769.0,2416.0,1.872987,0.734065,GBR,IRN,7414
706889,83,107,1242,2004.0,0.0,15769.0,-1.015073,-0.9147069999999999,GHA,IRN,7414
706890,90,107,1242,2004.0,60886.0,0.0,0.298029,1.745886,GRC,IRN,7414
706891,97,107,1242,2004.0,24337.0,0.0,0.72816,1.403171,HKG,IRN,7414
706892,102,107,1242,2004.0,0.0,20818.0,1.3579370000000002,0.9993219999999999,HUN,IRN,7414
706893,104,107,1242,2004.0,79136.0,21767.0,0.20872,2.817307,IND,IRN,7414
706894,106,107,1242,2004.0,529831.0,0.0,1.498475,0.19050799999999998,IRL,IRN,7414
706895,108,107,1242,2004.0,0.0,1080002.0,-1.50824,-1.082486,IRQ,IRN,7414
706896,111,107,1242,2004.0,4879518.0,34135.0,1.440372,0.676068,ITA,IRN,7414
706897,114,107,1242,2004.0,8218727.0,0.0,2.756136,0.15545,JPN,IRN,7414
706898,115,107,1242,2004.0,5219.0,41553.0,-0.43987200000000004,-0.50862,KAZ,IRN,7414
706899,117,107,1242,2004.0,0.0,105987.0,-0.263776,0.503736,KGZ,IRN,7414
706900,121,107,1242,2004.0,3845456.0,0.0,1.481275,0.7859,KOR,IRN,7414
706901,122,107,1242,2004.0,7569.0,49519.0,-0.8195479999999999,-1.2105709999999998,KWT,IRN,7414
706902,124,107,1242,2004.0,493233.0,0.0,0.269753,1.3152979999999999,LBN,IRN,7414
706903,131,107,1242,2004.0,93624.0,0.0,1.258828,1.079923,LUX,IRN,7414
706904,153,107,1242,2004.0,87571.0,0.0,1.250098,0.352379,MYS,IRN,7414
706905,162,107,1242,2004.0,818947.0,0.0,1.171327,1.6369799999999999,NLD,IRN,7414
706906,163,107,1242,2004.0,47912.0,0.0,0.731175,-0.0655,NOR,IRN,7414
706907,167,107,1242,2004.0,0.0,1908.0,-0.707862,-1.187629,OMN,IRN,7414
706908,186,107,1242,2004.0,139702.0,0.0,0.422803,0.017524,RUS,IRN,7414
706909,188,107,1242,2004.0,0.0,32221.0,0.361324,-0.760732,SAU,IRN,7414
706910,190,107,1242,2004.0,0.0,360182.0,-1.503552,-1.253193,SDN,IRN,7414
706911,192,107,1242,2004.0,372621.0,0.0,1.804502,0.570084,SGP,IRN,7414
706912,206,107,1242,2004.0,1541.0,0.0,1.2683149999999999,0.9208620000000001,SVK,IRN,7414
706913,207,107,1242,2004.0,2816.0,0.0,1.700677,0.829765,SVN,IRN,7414
706914,208,107,1242,2004.0,16463.0,6967.0,2.105611,0.707843,SWE,IRN,7414
706915,216,107,1242,2004.0,67655.0,0.0,0.633501,1.4648290000000002,THA,IRN,7414
706916,217,107,1242,2004.0,0.0,372265.0,-0.805571,-1.077194,TJK,IRN,7414
706917,219,107,1242,2004.0,0.0,48673.0,-0.9017719999999999,-1.2102620000000002,TKM,IRN,7414
706918,224,107,1242,2004.0,501915.0,13961.0,0.249065,1.910598,TUR,IRN,7414
706919,226,107,1242,2004.0,0.0,8833.0,-0.935327,0.362709,TZA,IRN,7414
706920,231,107,1242,2004.0,8948.0,0.0,1.818327,-0.17913900000000002,USA,IRN,7414
706921,232,107,1242,2004.0,0.0,81677.0,-0.518472,-0.7689779999999999,UZB,IRN,7414
706922,246,107,1242,2004.0,196949.0,84985.0,0.29599699999999995,1.909018,ZAF,IRN,7414
706923,249,107,1242,2004.0,174333.0,0.0,1.8844150000000002,1.257951,TWN,IRN,7414
706924,250,107,1242,2004.0,20734.0,0.0,0.46240200000000004,-0.406624,ANS,IRN,7414
706925,7,113,1242,2004.0,59425.0,3541222.0,-0.10993399999999999,-0.5351640000000001,ARE,JOR,7414
706926,14,113,1242,2004.0,5968.0,0.0,-0.198735,0.81543,AUS,JOR,7414
706927,15,113,1242,2004.0,4658.0,0.0,1.958949,0.209296,AUT,JOR,7414
706928,18,113,1242,2004.0,500826.0,0.0,1.242665,1.541444,BEL,JOR,7414
706929,24,113,1242,2004.0,0.0,27790.0,-0.551237,-1.174628,BHR,JOR,7414
706930,32,113,1242,2004.0,60298.0,0.0,0.504233,1.567879,BRA,JOR,7414
706931,39,113,1242,2004.0,41074.0,0.0,0.781591,1.365966,CAN,JOR,7414
706932,43,113,1242,2004.0,1144932.0,0.0,0.710603,2.017234,CHN,JOR,7414
706933,54,113,1242,2004.0,0.0,53002.0,-0.16826,-0.644388,CUB,JOR,7414
706934,59,113,1242,2004.0,3932.0,0.0,1.612543,0.607495,CZE,JOR,7414
706935,61,113,1242,2004.0,1037021.0,0.0,2.4453099999999997,-2.331761,DEU,JOR,7414
706936,62,113,1242,2004.0,0.0,6654.0,-0.370222,-0.28660399999999997,DJI,JOR,7414
706937,64,113,1242,2004.0,659334.0,0.0,1.309074,1.2627979999999999,DNK,JOR,7414
706938,68,113,1242,2004.0,221054.0,219669.0,-0.35823499999999997,0.5000100000000001,EGY,JOR,7414
706939,71,113,1242,2004.0,520430.0,0.0,1.04057,1.789023,ESP,JOR,7414
706940,77,113,1242,2004.0,251142.0,0.0,1.57079,0.6776760000000001,FRA,JOR,7414
706941,81,113,1242,2004.0,656598.0,6682.0,1.872987,0.734065,GBR,JOR,7414
706942,90,113,1242,2004.0,64597.0,0.0,0.298029,1.745886,GRC,JOR,7414
706943,97,113,1242,2004.0,5821.0,0.0,0.72816,1.403171,HKG,JOR,7414
706944,104,113,1242,2004.0,160940.0,0.0,0.20872,2.817307,IND,JOR,7414
706945,106,113,1242,2004.0,10096.0,0.0,1.498475,0.19050799999999998,IRL,JOR,7414
706946,108,113,1242,2004.0,0.0,417941.0,-1.50824,-1.082486,IRQ,JOR,7414
706947,110,113,1242,2004.0,9518.0,0.0,1.252895,0.8662770000000001,ISR,JOR,7414
706948,111,113,1242,2004.0,2091260.0,0.0,1.440372,0.676068,ITA,JOR,7414
706949,114,113,1242,2004.0,150087.0,0.0,2.756136,0.15545,JPN,JOR,7414
706950,121,113,1242,2004.0,2168616.0,0.0,1.481275,0.7859,KOR,JOR,7414
706951,122,113,1242,2004.0,1609.0,106665.0,-0.8195479999999999,-1.2105709999999998,KWT,JOR,7414
706952,124,113,1242,2004.0,104385.0,128201.0,0.269753,1.3152979999999999,LBN,JOR,7414
706953,126,113,1242,2004.0,0.0,454288.0,-0.895142,-1.211141,LBY,JOR,7414
706954,131,113,1242,2004.0,20415.0,0.0,1.258828,1.079923,LUX,JOR,7414
706955,153,113,1242,2004.0,35399.0,0.0,1.250098,0.352379,MYS,JOR,7414
706956,162,113,1242,2004.0,381222.0,0.0,1.171327,1.6369799999999999,NLD,JOR,7414
706957,167,113,1242,2004.0,0.0,63891.0,-0.707862,-1.187629,OMN,JOR,7414
706958,168,113,1242,2004.0,1821.0,39880.0,-0.7489600000000001,0.22493200000000002,PAK,JOR,7414
706959,179,113,1242,2004.0,36897.0,0.0,0.705075,1.7268729999999999,PRT,JOR,7414
706960,181,113,1242,2004.0,0.0,124326.0,-0.188614,-0.49324700000000005,PSE,JOR,7414
706961,183,113,1242,2004.0,0.0,23714.0,0.018141,-1.03766,QAT,JOR,7414
706962,188,113,1242,2004.0,2057143.0,37227.0,0.361324,-0.760732,SAU,JOR,7414
706963,190,113,1242,2004.0,0.0,287194.0,-1.503552,-1.253193,SDN,JOR,7414
706964,192,113,1242,2004.0,1923.0,0.0,1.804502,0.570084,SGP,JOR,7414
706965,208,113,1242,2004.0,262895.0,6941.0,2.105611,0.707843,SWE,JOR,7414
706966,212,113,1242,2004.0,55178.0,70708.0,-0.698545,-0.111323,SYR,JOR,7414
706967,216,113,1242,2004.0,1835386.0,0.0,0.633501,1.4648290000000002,THA,JOR,7414
706968,223,113,1242,2004.0,0.0,169442.0,-0.125092,0.370625,TUN,JOR,7414
706969,224,113,1242,2004.0,426119.0,0.0,0.249065,1.910598,TUR,JOR,7414
706970,228,113,1242,2004.0,9165.0,0.0,0.672848,1.172735,UKR,JOR,7414
706971,231,113,1242,2004.0,654821.0,348254.0,1.818327,-0.17913900000000002,USA,JOR,7414
706972,239,113,1242,2004.0,122526.0,0.0,-0.46875500000000003,0.734412,VNM,JOR,7414
706973,243,113,1242,2004.0,0.0,43573.0,-1.298227,-1.2496639999999999,YEM,JOR,7414
706974,249,113,1242,2004.0,841620.0,0.0,1.8844150000000002,1.257951,TWN,JOR,7414
706975,250,113,1242,2004.0,31789.0,865126.0,0.46240200000000004,-0.406624,ANS,JOR,7414
706976,7,115,1242,2004.0,54945.0,0.0,-0.10993399999999999,-0.5351640000000001,ARE,KAZ,7414
706977,15,115,1242,2004.0,90428.0,0.0,1.958949,0.209296,AUT,KAZ,7414
706978,16,115,1242,2004.0,73970.0,0.0,-0.720616,-1.009692,AZE,KAZ,7414
706979,18,115,1242,2004.0,684428.0,0.0,1.242665,1.541444,BEL,KAZ,7414
706980,23,115,1242,2004.0,13164.0,0.0,0.390627,1.631006,BGR,KAZ,7414
706981,28,115,1242,2004.0,233545.0,0.0,0.9384239999999999,0.9708690000000001,BLR,KAZ,7414
706982,39,115,1242,2004.0,732779.0,0.0,0.781591,1.365966,CAN,KAZ,7414
706983,41,115,1242,2004.0,9997.0,0.0,2.234603,0.551975,CHE,KAZ,7414
706984,43,115,1242,2004.0,2150215.0,8756.0,0.710603,2.017234,CHN,KAZ,7414
706985,59,115,1242,2004.0,86314.0,0.0,1.612543,0.607495,CZE,KAZ,7414
706986,61,115,1242,2004.0,4552948.0,0.0,2.4453099999999997,-2.331761,DEU,KAZ,7414
706987,64,115,1242,2004.0,1190590.0,356295.0,1.309074,1.2627979999999999,DNK,KAZ,7414
706988,71,115,1242,2004.0,206934.0,0.0,1.04057,1.789023,ESP,KAZ,7414
706989,74,115,1242,2004.0,735878.0,0.0,1.9662810000000002,1.018108,FIN,KAZ,7414
706990,77,115,1242,2004.0,909082.0,0.0,1.57079,0.6776760000000001,FRA,KAZ,7414
706991,81,115,1242,2004.0,564558.0,0.0,1.872987,0.734065,GBR,KAZ,7414
706992,100,115,1242,2004.0,17679.0,0.0,0.744459,1.1994479999999998,HRV,KAZ,7414
706993,102,115,1242,2004.0,60914.0,0.0,1.3579370000000002,0.9993219999999999,HUN,KAZ,7414
706994,106,115,1242,2004.0,2107.0,0.0,1.498475,0.19050799999999998,IRL,KAZ,7414
706995,107,115,1242,2004.0,41553.0,5219.0,-0.6691699999999999,-1.002548,IRN,KAZ,7414
706996,110,115,1242,2004.0,54027.0,0.0,1.252895,0.8662770000000001,ISR,KAZ,7414
706997,111,115,1242,2004.0,3491227.0,0.0,1.440372,0.676068,ITA,KAZ,7414
706998,117,115,1242,2004.0,187661.0,109617.0,-0.263776,0.503736,KGZ,KAZ,7414
706999,121,115,1242,2004.0,26145.0,0.0,1.481275,0.7859,KOR,KAZ,7414
707000,130,115,1242,2004.0,1113474.0,2404.0,0.341521,0.7971560000000001,LTU,KAZ,7414
707001,132,115,1242,2004.0,24880.0,0.0,0.415001,0.8476809999999999,LVA,KAZ,7414
707002,153,115,1242,2004.0,670149.0,0.0,1.250098,0.352379,MYS,KAZ,7414
707003,162,115,1242,2004.0,449296.0,1057.0,1.171327,1.6369799999999999,NLD,KAZ,7414
707004,177,115,1242,2004.0,533170.0,0.0,0.989568,1.49055,POL,KAZ,7414
707005,179,115,1242,2004.0,7628.0,0.0,0.705075,1.7268729999999999,PRT,KAZ,7414
707006,185,115,1242,2004.0,2601.0,0.0,0.53925,1.145066,ROU,KAZ,7414
707007,186,115,1242,2004.0,5832066.0,25986.0,0.422803,0.017524,RUS,KAZ,7414
707008,206,115,1242,2004.0,219764.0,0.0,1.2683149999999999,0.9208620000000001,SVK,KAZ,7414
707009,207,115,1242,2004.0,12341.0,0.0,1.700677,0.829765,SVN,KAZ,7414
707010,208,115,1242,2004.0,423962.0,0.0,2.105611,0.707843,SWE,KAZ,7414
707011,216,115,1242,2004.0,8436.0,0.0,0.633501,1.4648290000000002,THA,KAZ,7414
707012,217,115,1242,2004.0,0.0,4341.0,-0.805571,-1.077194,TJK,KAZ,7414
707013,224,115,1242,2004.0,2160453.0,0.0,0.249065,1.910598,TUR,KAZ,7414
707014,228,115,1242,2004.0,2862348.0,0.0,0.672848,1.172735,UKR,KAZ,7414
707015,231,115,1242,2004.0,58986.0,0.0,1.818327,-0.17913900000000002,USA,KAZ,7414
707016,232,115,1242,2004.0,7661.0,2827.0,-0.518472,-0.7689779999999999,UZB,KAZ,7414
707017,7,116,1242,2004.0,92618.0,0.0,-0.10993399999999999,-0.5351640000000001,ARE,KEN,7414
707018,15,116,1242,2004.0,15091.0,0.0,1.958949,0.209296,AUT,KEN,7414
707019,17,116,1242,2004.0,0.0,7054.0,-1.084376,-1.020132,BDI,KEN,7414
707020,18,116,1242,2004.0,164867.0,0.0,1.242665,1.541444,BEL,KEN,7414
707021,32,116,1242,2004.0,9478.0,0.0,0.504233,1.567879,BRA,KEN,7414
707022,39,116,1242,2004.0,4564.0,0.0,0.781591,1.365966,CAN,KEN,7414
707023,41,116,1242,2004.0,10208.0,0.0,2.234603,0.551975,CHE,KEN,7414
707024,43,116,1242,2004.0,335383.0,0.0,0.710603,2.017234,CHN,KEN,7414
707025,61,116,1242,2004.0,281047.0,0.0,2.4453099999999997,-2.331761,DEU,KEN,7414
707026,64,116,1242,2004.0,179284.0,0.0,1.309074,1.2627979999999999,DNK,KEN,7414
707027,68,116,1242,2004.0,3141.0,0.0,-0.35823499999999997,0.5000100000000001,EGY,KEN,7414
707028,71,116,1242,2004.0,11017.0,0.0,1.04057,1.789023,ESP,KEN,7414
707029,77,116,1242,2004.0,268922.0,0.0,1.57079,0.6776760000000001,FRA,KEN,7414
707030,81,116,1242,2004.0,395234.0,0.0,1.872987,0.734065,GBR,KEN,7414
707031,90,116,1242,2004.0,29439.0,0.0,0.298029,1.745886,GRC,KEN,7414
707032,97,116,1242,2004.0,1465.0,0.0,0.72816,1.403171,HKG,KEN,7414
707033,103,116,1242,2004.0,176327.0,0.0,0.010095999999999999,1.7413779999999999,IDN,KEN,7414
707034,104,116,1242,2004.0,258453.0,0.0,0.20872,2.817307,IND,KEN,7414
707035,106,116,1242,2004.0,6543.0,0.0,1.498475,0.19050799999999998,IRL,KEN,7414
707036,110,116,1242,2004.0,5302.0,0.0,1.252895,0.8662770000000001,ISR,KEN,7414
707037,111,116,1242,2004.0,1296236.0,0.0,1.440372,0.676068,ITA,KEN,7414
707038,114,116,1242,2004.0,40475.0,2457.0,2.756136,0.15545,JPN,KEN,7414
707039,121,116,1242,2004.0,7269.0,0.0,1.481275,0.7859,KOR,KEN,7414
707040,131,116,1242,2004.0,24399.0,0.0,1.258828,1.079923,LUX,KEN,7414
707041,151,116,1242,2004.0,0.0,7460.0,-0.161262,-0.29730300000000004,MUS,KEN,7414
707042,153,116,1242,2004.0,36352.0,0.0,1.250098,0.352379,MYS,KEN,7414
707043,162,116,1242,2004.0,865417.0,0.0,1.171327,1.6369799999999999,NLD,KEN,7414
707044,163,116,1242,2004.0,7665.0,0.0,0.731175,-0.0655,NOR,KEN,7414
707045,167,116,1242,2004.0,3625.0,0.0,-0.707862,-1.187629,OMN,KEN,7414
707046,168,116,1242,2004.0,12419.0,0.0,-0.7489600000000001,0.22493200000000002,PAK,KEN,7414
707047,177,116,1242,2004.0,0.0,3321.0,0.989568,1.49055,POL,KEN,7414
707048,179,116,1242,2004.0,5303.0,0.0,0.705075,1.7268729999999999,PRT,KEN,7414
707049,185,116,1242,2004.0,25043.0,0.0,0.53925,1.145066,ROU,KEN,7414
707050,187,116,1242,2004.0,0.0,11970.0,-1.3090190000000002,-1.063632,RWA,KEN,7414
707051,190,116,1242,2004.0,0.0,93844.0,-1.503552,-1.253193,SDN,KEN,7414
707052,191,116,1242,2004.0,1667.0,0.0,-0.620158,-0.296575,SEN,KEN,7414
707053,199,116,1242,2004.0,0.0,9531.0,-0.7894100000000001,-0.939667,SOM,KEN,7414
707054,208,116,1242,2004.0,3961.0,0.0,2.105611,0.707843,SWE,KEN,7414
707055,216,116,1242,2004.0,159928.0,0.0,0.633501,1.4648290000000002,THA,KEN,7414
707056,226,116,1242,2004.0,35652.0,54983.0,-0.935327,0.362709,TZA,KEN,7414
707057,227,116,1242,2004.0,1029.0,85204.0,-1.05367,-0.546304,UGA,KEN,7414
707058,231,116,1242,2004.0,120344.0,0.0,1.818327,-0.17913900000000002,USA,KEN,7414
707059,246,116,1242,2004.0,753375.0,0.0,0.29599699999999995,1.909018,ZAF,KEN,7414
707060,247,116,1242,2004.0,0.0,3856.0,-0.8752479999999999,-0.784285,ZMB,KEN,7414
707061,249,116,1242,2004.0,18997.0,0.0,1.8844150000000002,1.257951,TWN,KEN,7414
707062,28,117,1242,2004.0,11188.0,0.0,0.9384239999999999,0.9708690000000001,BLR,KGZ,7414
707063,43,117,1242,2004.0,57074.0,0.0,0.710603,2.017234,CHN,KGZ,7414
707064,61,117,1242,2004.0,27188.0,0.0,2.4453099999999997,-2.331761,DEU,KGZ,7414
707065,64,117,1242,2004.0,1192.0,0.0,1.309074,1.2627979999999999,DNK,KGZ,7414
707066,71,117,1242,2004.0,6740.0,0.0,1.04057,1.789023,ESP,KGZ,7414
707067,74,117,1242,2004.0,92212.0,0.0,1.9662810000000002,1.018108,FIN,KGZ,7414
707068,77,117,1242,2004.0,14536.0,0.0,1.57079,0.6776760000000001,FRA,KGZ,7414
707069,81,117,1242,2004.0,10485.0,0.0,1.872987,0.734065,GBR,KGZ,7414
707070,107,117,1242,2004.0,105987.0,0.0,-0.6691699999999999,-1.002548,IRN,KGZ,7414
707071,111,117,1242,2004.0,13472.0,0.0,1.440372,0.676068,ITA,KGZ,7414
707072,115,117,1242,2004.0,109617.0,187661.0,-0.43987200000000004,-0.50862,KAZ,KGZ,7414
707073,130,117,1242,2004.0,10957.0,0.0,0.341521,0.7971560000000001,LTU,KGZ,7414
707074,186,117,1242,2004.0,380451.0,21940.0,0.422803,0.017524,RUS,KGZ,7414
707075,217,117,1242,2004.0,0.0,2587.0,-0.805571,-1.077194,TJK,KGZ,7414
707076,224,117,1242,2004.0,557485.0,0.0,0.249065,1.910598,TUR,KGZ,7414
707077,228,117,1242,2004.0,96802.0,0.0,0.672848,1.172735,UKR,KGZ,7414
707078,7,122,1242,2004.0,2699590.0,153389.0,-0.10993399999999999,-0.5351640000000001,ARE,KWT,7414
707079,8,122,1242,2004.0,22613.0,0.0,-0.070845,0.879574,ARG,KWT,7414
707080,14,122,1242,2004.0,96089.0,0.0,-0.198735,0.81543,AUS,KWT,7414
707081,15,122,1242,2004.0,15452.0,0.0,1.958949,0.209296,AUT,KWT,7414
707082,18,122,1242,2004.0,285647.0,0.0,1.242665,1.541444,BEL,KWT,7414
707083,24,122,1242,2004.0,20580.0,16530.0,-0.551237,-1.174628,BHR,KWT,7414
707084,32,122,1242,2004.0,76529.0,0.0,0.504233,1.567879,BRA,KWT,7414
707085,39,122,1242,2004.0,40783.0,0.0,0.781591,1.365966,CAN,KWT,7414
707086,41,122,1242,2004.0,764515.0,0.0,2.234603,0.551975,CHE,KWT,7414
707087,43,122,1242,2004.0,581559.0,0.0,0.710603,2.017234,CHN,KWT,7414
707088,58,122,1242,2004.0,65437.0,0.0,0.42732200000000004,0.811763,CYP,KWT,7414
707089,59,122,1242,2004.0,236461.0,0.0,1.612543,0.607495,CZE,KWT,7414
707090,61,122,1242,2004.0,2871642.0,0.0,2.4453099999999997,-2.331761,DEU,KWT,7414
707091,64,122,1242,2004.0,1019650.0,0.0,1.309074,1.2627979999999999,DNK,KWT,7414
707092,68,122,1242,2004.0,1746.0,4064.0,-0.35823499999999997,0.5000100000000001,EGY,KWT,7414
707093,71,122,1242,2004.0,633267.0,0.0,1.04057,1.789023,ESP,KWT,7414
707094,74,122,1242,2004.0,518960.0,0.0,1.9662810000000002,1.018108,FIN,KWT,7414
707095,77,122,1242,2004.0,4935688.0,0.0,1.57079,0.6776760000000001,FRA,KWT,7414
707096,81,122,1242,2004.0,806614.0,0.0,1.872987,0.734065,GBR,KWT,7414
707097,90,122,1242,2004.0,84349.0,0.0,0.298029,1.745886,GRC,KWT,7414
707098,103,122,1242,2004.0,4141.0,0.0,0.010095999999999999,1.7413779999999999,IDN,KWT,7414
707099,104,122,1242,2004.0,344363.0,2124.0,0.20872,2.817307,IND,KWT,7414
707100,106,122,1242,2004.0,912893.0,0.0,1.498475,0.19050799999999998,IRL,KWT,7414
707101,107,122,1242,2004.0,49519.0,7569.0,-0.6691699999999999,-1.002548,IRN,KWT,7414
707102,108,122,1242,2004.0,0.0,457488.0,-1.50824,-1.082486,IRQ,KWT,7414
707103,111,122,1242,2004.0,8765770.0,1701.0,1.440372,0.676068,ITA,KWT,7414
707104,113,122,1242,2004.0,106665.0,1609.0,0.16384200000000002,0.34270100000000003,JOR,KWT,7414
707105,114,122,1242,2004.0,1348822.0,0.0,2.756136,0.15545,JPN,KWT,7414
707106,121,122,1242,2004.0,108872.0,0.0,1.481275,0.7859,KOR,KWT,7414
707107,124,122,1242,2004.0,30965.0,1800.0,0.269753,1.3152979999999999,LBN,KWT,7414
707108,128,122,1242,2004.0,0.0,1712.0,-0.42450299999999996,0.173518,LKA,KWT,7414
707109,131,122,1242,2004.0,5674.0,0.0,1.258828,1.079923,LUX,KWT,7414
707110,138,122,1242,2004.0,73904.0,0.0,1.183707,0.9043700000000001,MEX,KWT,7414
707111,153,122,1242,2004.0,33108.0,0.0,1.250098,0.352379,MYS,KWT,7414
707112,162,122,1242,2004.0,2146716.0,4177.0,1.171327,1.6369799999999999,NLD,KWT,7414
707113,167,122,1242,2004.0,10649.0,1337.0,-0.707862,-1.187629,OMN,KWT,7414
707114,168,122,1242,2004.0,31624.0,0.0,-0.7489600000000001,0.22493200000000002,PAK,KWT,7414
707115,174,122,1242,2004.0,5227.0,0.0,0.288786,-0.25348699999999996,PHL,KWT,7414
707116,177,122,1242,2004.0,113121.0,0.0,0.989568,1.49055,POL,KWT,7414
707117,179,122,1242,2004.0,99138.0,0.0,0.705075,1.7268729999999999,PRT,KWT,7414
707118,183,122,1242,2004.0,0.0,24823.0,0.018141,-1.03766,QAT,KWT,7414
707119,185,122,1242,2004.0,29059.0,0.0,0.53925,1.145066,ROU,KWT,7414
707120,188,122,1242,2004.0,887932.0,13064.0,0.361324,-0.760732,SAU,KWT,7414
707121,192,122,1242,2004.0,8102.0,0.0,1.804502,0.570084,SGP,KWT,7414
707122,206,122,1242,2004.0,20022.0,0.0,1.2683149999999999,0.9208620000000001,SVK,KWT,7414
707123,207,122,1242,2004.0,20327.0,0.0,1.700677,0.829765,SVN,KWT,7414
707124,208,122,1242,2004.0,21795.0,0.0,2.105611,0.707843,SWE,KWT,7414
707125,212,122,1242,2004.0,12410.0,0.0,-0.698545,-0.111323,SYR,KWT,7414
707126,216,122,1242,2004.0,427830.0,0.0,0.633501,1.4648290000000002,THA,KWT,7414
707127,224,122,1242,2004.0,246805.0,0.0,0.249065,1.910598,TUR,KWT,7414
707128,231,122,1242,2004.0,9708518.0,0.0,1.818327,-0.17913900000000002,USA,KWT,7414
707129,246,122,1242,2004.0,13312.0,0.0,0.29599699999999995,1.909018,ZAF,KWT,7414
707130,249,122,1242,2004.0,881680.0,0.0,1.8844150000000002,1.257951,TWN,KWT,7414
707131,1,124,1242,2004.0,0.0,245000.0,-0.8890309999999999,-0.773602,AFG,LBN,7414
707132,2,124,1242,2004.0,0.0,128000.0,-0.8688110000000001,-1.198692,AGO,LBN,7414
707133,7,124,1242,2004.0,19357.0,2168.0,-0.10993399999999999,-0.5351640000000001,ARE,LBN,7414
707134,9,124,1242,2004.0,0.0,2108.0,0.497276,-0.226016,ARM,LBN,7414
707135,14,124,1242,2004.0,3231.0,18375.0,-0.198735,0.81543,AUS,LBN,7414
707136,15,124,1242,2004.0,52379.0,0.0,1.958949,0.209296,AUT,LBN,7414
707137,18,124,1242,2004.0,193342.0,0.0,1.242665,1.541444,BEL,LBN,7414
707138,19,124,1242,2004.0,0.0,1432.0,-1.422449,-1.09615,BEN,LBN,7414
707139,21,124,1242,2004.0,0.0,2980.0,-1.118427,-1.091315,BFA,LBN,7414
707140,24,124,1242,2004.0,0.0,1467.0,-0.551237,-1.174628,BHR,LBN,7414
707141,32,124,1242,2004.0,4193.0,1642.0,0.504233,1.567879,BRA,LBN,7414
707142,38,124,1242,2004.0,0.0,105502.0,-0.667013,-0.899285,CAF,LBN,7414
707143,39,124,1242,2004.0,90104.0,1579.0,0.781591,1.365966,CAN,LBN,7414
707144,41,124,1242,2004.0,1959.0,2348.0,2.234603,0.551975,CHE,LBN,7414
707145,43,124,1242,2004.0,1591283.0,2519.0,0.710603,2.017234,CHN,LBN,7414
707146,44,124,1242,2004.0,0.0,37535.0,-0.835933,-0.749289,CIV,LBN,7414
707147,45,124,1242,2004.0,0.0,14131.0,-1.380149,-1.220501,CMR,LBN,7414
707148,47,124,1242,2004.0,0.0,375000.0,-1.415254,-1.24599,COG,LBN,7414
707149,58,124,1242,2004.0,23070.0,31223.0,0.42732200000000004,0.811763,CYP,LBN,7414
707150,59,124,1242,2004.0,2265.0,0.0,1.612543,0.607495,CZE,LBN,7414
707151,61,124,1242,2004.0,337075.0,14655.0,2.4453099999999997,-2.331761,DEU,LBN,7414
707152,64,124,1242,2004.0,477055.0,5613.0,1.309074,1.2627979999999999,DNK,LBN,7414
707153,66,124,1242,2004.0,0.0,83919.0,-1.166661,-1.2240879999999998,DZA,LBN,7414
707154,68,124,1242,2004.0,24890.0,7813.0,-0.35823499999999997,0.5000100000000001,EGY,LBN,7414
707155,71,124,1242,2004.0,795875.0,2618.0,1.04057,1.789023,ESP,LBN,7414
707156,74,124,1242,2004.0,30034.0,0.0,1.9662810000000002,1.018108,FIN,LBN,7414
707157,77,124,1242,2004.0,2585595.0,32327.0,1.57079,0.6776760000000001,FRA,LBN,7414
707158,81,124,1242,2004.0,1311930.0,85394.0,1.872987,0.734065,GBR,LBN,7414
707159,83,124,1242,2004.0,0.0,615140.0,-1.015073,-0.9147069999999999,GHA,LBN,7414
707160,85,124,1242,2004.0,0.0,40451.0,-1.004077,-1.108018,GIN,LBN,7414
707161,89,124,1242,2004.0,0.0,115000.0,-1.9282080000000001,-0.928127,GNQ,LBN,7414
707162,90,124,1242,2004.0,55061.0,0.0,0.298029,1.745886,GRC,LBN,7414
707163,97,124,1242,2004.0,6853.0,0.0,0.72816,1.403171,HKG,LBN,7414
707164,102,124,1242,2004.0,40192.0,0.0,1.3579370000000002,0.9993219999999999,HUN,LBN,7414
707165,104,124,1242,2004.0,0.0,6245.0,0.20872,2.817307,IND,LBN,7414
707166,106,124,1242,2004.0,36360.0,0.0,1.498475,0.19050799999999998,IRL,LBN,7414
707167,107,124,1242,2004.0,0.0,493233.0,-0.6691699999999999,-1.002548,IRN,LBN,7414
707168,108,124,1242,2004.0,0.0,163000.0,-1.50824,-1.082486,IRQ,LBN,7414
707169,111,124,1242,2004.0,3992514.0,4419.0,1.440372,0.676068,ITA,LBN,7414
707170,113,124,1242,2004.0,128201.0,104385.0,0.16384200000000002,0.34270100000000003,JOR,LBN,7414
707171,114,124,1242,2004.0,311722.0,0.0,2.756136,0.15545,JPN,LBN,7414
707172,121,124,1242,2004.0,748718.0,0.0,1.481275,0.7859,KOR,LBN,7414
707173,122,124,1242,2004.0,1800.0,30965.0,-0.8195479999999999,-1.2105709999999998,KWT,LBN,7414
707174,125,124,1242,2004.0,0.0,613000.0,0.037469,-1.036878,LBR,LBN,7414
707175,126,124,1242,2004.0,0.0,17000.0,-0.895142,-1.211141,LBY,LBN,7414
707176,134,124,1242,2004.0,0.0,14073.0,-0.626594,-0.22253499999999998,MAR,LBN,7414
707177,147,124,1242,2004.0,0.0,4588.0,-1.009633,-0.9863059999999999,MOZ,LBN,7414
707178,148,124,1242,2004.0,0.0,7388.0,-1.8941119999999998,-1.357728,MRT,LBN,7414
707179,153,124,1242,2004.0,5127.0,0.0,1.250098,0.352379,MYS,LBN,7414
707180,159,124,1242,2004.0,0.0,94000.0,-2.336753,-1.350375,NGA,LBN,7414
707181,162,124,1242,2004.0,220789.0,0.0,1.171327,1.6369799999999999,NLD,LBN,7414
707182,179,124,1242,2004.0,12391.0,0.0,0.705075,1.7268729999999999,PRT,LBN,7414
707183,183,124,1242,2004.0,0.0,13550.0,0.018141,-1.03766,QAT,LBN,7414
707184,188,124,1242,2004.0,0.0,180270.0,0.361324,-0.760732,SAU,LBN,7414
707185,190,124,1242,2004.0,0.0,6865.0,-1.503552,-1.253193,SDN,LBN,7414
707186,191,124,1242,2004.0,0.0,9661.0,-0.620158,-0.296575,SEN,LBN,7414
707187,192,124,1242,2004.0,2348.0,0.0,1.804502,0.570084,SGP,LBN,7414
707188,196,124,1242,2004.0,0.0,193000.0,0.43205699999999997,0.068877,SLE,LBN,7414
707189,206,124,1242,2004.0,32077.0,0.0,1.2683149999999999,0.9208620000000001,SVK,LBN,7414
707190,207,124,1242,2004.0,1880.0,0.0,1.700677,0.829765,SVN,LBN,7414
707191,208,124,1242,2004.0,28679.0,1281.0,2.105611,0.707843,SWE,LBN,7414
707192,212,124,1242,2004.0,272099.0,2998482.0,-0.698545,-0.111323,SYR,LBN,7414
707193,215,124,1242,2004.0,0.0,4607.0,-0.569621,-0.533211,TGO,LBN,7414
707194,216,124,1242,2004.0,262893.0,0.0,0.633501,1.4648290000000002,THA,LBN,7414
707195,223,124,1242,2004.0,149836.0,72774.0,-0.125092,0.370625,TUN,LBN,7414
707196,224,124,1242,2004.0,163698.0,0.0,0.249065,1.910598,TUR,LBN,7414
707197,226,124,1242,2004.0,0.0,29477.0,-0.935327,0.362709,TZA,LBN,7414
707198,227,124,1242,2004.0,0.0,2402.0,-1.05367,-0.546304,UGA,LBN,7414
707199,228,124,1242,2004.0,0.0,18402.0,0.672848,1.172735,UKR,LBN,7414
707200,231,124,1242,2004.0,1353289.0,0.0,1.818327,-0.17913900000000002,USA,LBN,7414
707201,243,124,1242,2004.0,0.0,6381.0,-1.298227,-1.2496639999999999,YEM,LBN,7414
707202,246,124,1242,2004.0,0.0,2804.0,0.29599699999999995,1.909018,ZAF,LBN,7414
707203,247,124,1242,2004.0,0.0,1327.0,-0.8752479999999999,-0.784285,ZMB,LBN,7414
707204,249,124,1242,2004.0,19233.0,0.0,1.8844150000000002,1.257951,TWN,LBN,7414
707205,250,124,1242,2004.0,14510.0,0.0,0.46240200000000004,-0.406624,ANS,LBN,7414
707206,15,130,1242,2004.0,246012.0,23636.0,1.958949,0.209296,AUT,LTU,7414
707207,18,130,1242,2004.0,1173796.0,180383.0,1.242665,1.541444,BEL,LTU,7414
707208,23,130,1242,2004.0,7348.0,222492.0,0.390627,1.631006,BGR,LTU,7414
707209,28,130,1242,2004.0,13200.0,2690684.0,0.9384239999999999,0.9708690000000001,BLR,LTU,7414
707210,39,130,1242,2004.0,1872.0,70214.0,0.781591,1.365966,CAN,LTU,7414
707211,41,130,1242,2004.0,60800.0,50557.0,2.234603,0.551975,CHE,LTU,7414
707212,43,130,1242,2004.0,72763.0,0.0,0.710603,2.017234,CHN,LTU,7414
707213,59,130,1242,2004.0,497575.0,590969.0,1.612543,0.607495,CZE,LTU,7414
707214,61,130,1242,2004.0,5855446.0,400605.0,2.4453099999999997,-2.331761,DEU,LTU,7414
707215,64,130,1242,2004.0,4679366.0,245570.0,1.309074,1.2627979999999999,DNK,LTU,7414
707216,71,130,1242,2004.0,1157272.0,4072.0,1.04057,1.789023,ESP,LTU,7414
707217,72,130,1242,2004.0,207293.0,240544.0,0.645741,1.035117,EST,LTU,7414
707218,74,130,1242,2004.0,1514064.0,3194.0,1.9662810000000002,1.018108,FIN,LTU,7414
707219,77,130,1242,2004.0,3766516.0,158477.0,1.57079,0.6776760000000001,FRA,LTU,7414
707220,81,130,1242,2004.0,2555980.0,110528.0,1.872987,0.734065,GBR,LTU,7414
707221,82,130,1242,2004.0,0.0,23153.0,-0.030676,-0.560186,GEO,LTU,7414
707222,90,130,1242,2004.0,16334.0,0.0,0.298029,1.745886,GRC,LTU,7414
707223,100,130,1242,2004.0,496921.0,0.0,0.744459,1.1994479999999998,HRV,LTU,7414
707224,102,130,1242,2004.0,567948.0,88467.0,1.3579370000000002,0.9993219999999999,HUN,LTU,7414
707225,103,130,1242,2004.0,22505.0,0.0,0.010095999999999999,1.7413779999999999,IDN,LTU,7414
707226,106,130,1242,2004.0,250544.0,0.0,1.498475,0.19050799999999998,IRL,LTU,7414
707227,110,130,1242,2004.0,4464.0,0.0,1.252895,0.8662770000000001,ISR,LTU,7414
707228,111,130,1242,2004.0,15138682.0,23297.0,1.440372,0.676068,ITA,LTU,7414
707229,114,130,1242,2004.0,12481.0,0.0,2.756136,0.15545,JPN,LTU,7414
707230,115,130,1242,2004.0,2404.0,1113474.0,-0.43987200000000004,-0.50862,KAZ,LTU,7414
707231,117,130,1242,2004.0,0.0,10957.0,-0.263776,0.503736,KGZ,LTU,7414
707232,121,130,1242,2004.0,176208.0,0.0,1.481275,0.7859,KOR,LTU,7414
707233,126,130,1242,2004.0,0.0,1951.0,-0.895142,-1.211141,LBY,LTU,7414
707234,131,130,1242,2004.0,265157.0,0.0,1.258828,1.079923,LUX,LTU,7414
707235,132,130,1242,2004.0,185414.0,1508031.0,0.415001,0.8476809999999999,LVA,LTU,7414
707236,135,130,1242,2004.0,0.0,27883.0,-0.13031900000000002,-0.118591,MDA,LTU,7414
707237,162,130,1242,2004.0,717883.0,90987.0,1.171327,1.6369799999999999,NLD,LTU,7414
707238,163,130,1242,2004.0,43984.0,31409.0,0.731175,-0.0655,NOR,LTU,7414
707239,169,130,1242,2004.0,0.0,3817.0,0.054997000000000004,0.440416,PAN,LTU,7414
707240,174,130,1242,2004.0,77224.0,0.0,0.288786,-0.25348699999999996,PHL,LTU,7414
707241,177,130,1242,2004.0,9124421.0,187279.0,0.989568,1.49055,POL,LTU,7414
707242,179,130,1242,2004.0,0.0,141727.0,0.705075,1.7268729999999999,PRT,LTU,7414
707243,185,130,1242,2004.0,156773.0,261313.0,0.53925,1.145066,ROU,LTU,7414
707244,186,130,1242,2004.0,991333.0,5431260.0,0.422803,0.017524,RUS,LTU,7414
707245,189,130,1242,2004.0,0.0,18827.0,0.544686,2.418024,SCG,LTU,7414
707246,192,130,1242,2004.0,12105.0,0.0,1.804502,0.570084,SGP,LTU,7414
707247,206,130,1242,2004.0,925427.0,289858.0,1.2683149999999999,0.9208620000000001,SVK,LTU,7414
707248,207,130,1242,2004.0,21070.0,0.0,1.700677,0.829765,SVN,LTU,7414
707249,208,130,1242,2004.0,1098639.0,330217.0,2.105611,0.707843,SWE,LTU,7414
707250,216,130,1242,2004.0,1220.0,0.0,0.633501,1.4648290000000002,THA,LTU,7414
707251,224,130,1242,2004.0,43349.0,28847.0,0.249065,1.910598,TUR,LTU,7414
707252,228,130,1242,2004.0,17226.0,1179481.0,0.672848,1.172735,UKR,LTU,7414
707253,231,130,1242,2004.0,248288.0,704522.0,1.818327,-0.17913900000000002,USA,LTU,7414
707254,232,130,1242,2004.0,0.0,6196.0,-0.518472,-0.7689779999999999,UZB,LTU,7414
707255,249,130,1242,2004.0,78900.0,0.0,1.8844150000000002,1.257951,TWN,LTU,7414
707256,250,130,1242,2004.0,0.0,1364.0,0.46240200000000004,-0.406624,ANS,LTU,7414
707257,9,132,1242,2004.0,0.0,1455.0,0.497276,-0.226016,ARM,LVA,7414
707258,15,132,1242,2004.0,501252.0,0.0,1.958949,0.209296,AUT,LVA,7414
707259,18,132,1242,2004.0,168013.0,0.0,1.242665,1.541444,BEL,LVA,7414
707260,28,132,1242,2004.0,7157.0,181646.0,0.9384239999999999,0.9708690000000001,BLR,LVA,7414
707261,41,132,1242,2004.0,54227.0,0.0,2.234603,0.551975,CHE,LVA,7414
707262,43,132,1242,2004.0,1553597.0,0.0,0.710603,2.017234,CHN,LVA,7414
707263,59,132,1242,2004.0,126596.0,0.0,1.612543,0.607495,CZE,LVA,7414
707264,61,132,1242,2004.0,965782.0,14074.0,2.4453099999999997,-2.331761,DEU,LVA,7414
707265,64,132,1242,2004.0,392537.0,0.0,1.309074,1.2627979999999999,DNK,LVA,7414
707266,71,132,1242,2004.0,410240.0,0.0,1.04057,1.789023,ESP,LVA,7414
707267,72,132,1242,2004.0,879628.0,105542.0,0.645741,1.035117,EST,LVA,7414
707268,74,132,1242,2004.0,1168928.0,50926.0,1.9662810000000002,1.018108,FIN,LVA,7414
707269,77,132,1242,2004.0,723445.0,0.0,1.57079,0.6776760000000001,FRA,LVA,7414
707270,81,132,1242,2004.0,443395.0,0.0,1.872987,0.734065,GBR,LVA,7414
707271,90,132,1242,2004.0,58930.0,0.0,0.298029,1.745886,GRC,LVA,7414
707272,102,132,1242,2004.0,39138.0,0.0,1.3579370000000002,0.9993219999999999,HUN,LVA,7414
707273,103,132,1242,2004.0,24636.0,0.0,0.010095999999999999,1.7413779999999999,IDN,LVA,7414
707274,106,132,1242,2004.0,65956.0,0.0,1.498475,0.19050799999999998,IRL,LVA,7414
707275,110,132,1242,2004.0,3399.0,0.0,1.252895,0.8662770000000001,ISR,LVA,7414
707276,111,132,1242,2004.0,5298096.0,0.0,1.440372,0.676068,ITA,LVA,7414
707277,115,132,1242,2004.0,0.0,24880.0,-0.43987200000000004,-0.50862,KAZ,LVA,7414
707278,121,132,1242,2004.0,13479.0,0.0,1.481275,0.7859,KOR,LVA,7414
707279,130,132,1242,2004.0,1508031.0,185414.0,0.341521,0.7971560000000001,LTU,LVA,7414
707280,131,132,1242,2004.0,4022.0,0.0,1.258828,1.079923,LUX,LVA,7414
707281,153,132,1242,2004.0,58540.0,0.0,1.250098,0.352379,MYS,LVA,7414
707282,162,132,1242,2004.0,97774.0,2335.0,1.171327,1.6369799999999999,NLD,LVA,7414
707283,163,132,1242,2004.0,60831.0,0.0,0.731175,-0.0655,NOR,LVA,7414
707284,177,132,1242,2004.0,542852.0,0.0,0.989568,1.49055,POL,LVA,7414
707285,179,132,1242,2004.0,3793.0,0.0,0.705075,1.7268729999999999,PRT,LVA,7414
707286,185,132,1242,2004.0,187200.0,3028.0,0.53925,1.145066,ROU,LVA,7414
707287,186,132,1242,2004.0,1020959.0,120198.0,0.422803,0.017524,RUS,LVA,7414
707288,206,132,1242,2004.0,16339.0,0.0,1.2683149999999999,0.9208620000000001,SVK,LVA,7414
707289,207,132,1242,2004.0,7789.0,0.0,1.700677,0.829765,SVN,LVA,7414
707290,208,132,1242,2004.0,352984.0,0.0,2.105611,0.707843,SWE,LVA,7414
707291,216,132,1242,2004.0,24559.0,0.0,0.633501,1.4648290000000002,THA,LVA,7414
707292,224,132,1242,2004.0,7531.0,0.0,0.249065,1.910598,TUR,LVA,7414
707293,228,132,1242,2004.0,35462.0,37141.0,0.672848,1.172735,UKR,LVA,7414
707294,231,132,1242,2004.0,589391.0,0.0,1.818327,-0.17913900000000002,USA,LVA,7414
707295,232,132,1242,2004.0,0.0,5616.0,-0.518472,-0.7689779999999999,UZB,LVA,7414
707296,249,132,1242,2004.0,28906.0,0.0,1.8844150000000002,1.257951,TWN,LVA,7414
707297,2,147,1242,2004.0,0.0,13217.0,-0.8688110000000001,-1.198692,AGO,MOZ,7414
707298,7,147,1242,2004.0,26067.0,0.0,-0.10993399999999999,-0.5351640000000001,ARE,MOZ,7414
707299,15,147,1242,2004.0,17744.0,0.0,1.958949,0.209296,AUT,MOZ,7414
707300,18,147,1242,2004.0,3325.0,0.0,1.242665,1.541444,BEL,MOZ,7414
707301,32,147,1242,2004.0,4648.0,0.0,0.504233,1.567879,BRA,MOZ,7414
707302,43,147,1242,2004.0,53104.0,0.0,0.710603,2.017234,CHN,MOZ,7414
707303,61,147,1242,2004.0,1598.0,0.0,2.4453099999999997,-2.331761,DEU,MOZ,7414
707304,64,147,1242,2004.0,227778.0,0.0,1.309074,1.2627979999999999,DNK,MOZ,7414
707305,71,147,1242,2004.0,125174.0,0.0,1.04057,1.789023,ESP,MOZ,7414
707306,77,147,1242,2004.0,114234.0,0.0,1.57079,0.6776760000000001,FRA,MOZ,7414
707307,81,147,1242,2004.0,21176.0,0.0,1.872987,0.734065,GBR,MOZ,7414
707308,104,147,1242,2004.0,21030.0,0.0,0.20872,2.817307,IND,MOZ,7414
707309,111,147,1242,2004.0,33667.0,0.0,1.440372,0.676068,ITA,MOZ,7414
707310,114,147,1242,2004.0,47633.0,0.0,2.756136,0.15545,JPN,MOZ,7414
707311,121,147,1242,2004.0,8540.0,0.0,1.481275,0.7859,KOR,MOZ,7414
707312,124,147,1242,2004.0,4588.0,0.0,0.269753,1.3152979999999999,LBN,MOZ,7414
707313,152,147,1242,2004.0,7634.0,1656.0,-1.233417,-1.071204,MWI,MOZ,7414
707314,155,147,1242,2004.0,0.0,5830.0,-0.408989,-0.462016,NAM,MOZ,7414
707315,162,147,1242,2004.0,3424.0,0.0,1.171327,1.6369799999999999,NLD,MOZ,7414
707316,179,147,1242,2004.0,304040.0,1550.0,0.705075,1.7268729999999999,PRT,MOZ,7414
707317,192,147,1242,2004.0,435538.0,0.0,1.804502,0.570084,SGP,MOZ,7414
707318,209,147,1242,2004.0,13038.0,0.0,0.528937,-0.241038,SWZ,MOZ,7414
707319,226,147,1242,2004.0,624289.0,0.0,-0.935327,0.362709,TZA,MOZ,7414
707320,231,147,1242,2004.0,75959.0,0.0,1.818327,-0.17913900000000002,USA,MOZ,7414
707321,246,147,1242,2004.0,882904.0,6109.0,0.29599699999999995,1.909018,ZAF,MOZ,7414
707322,7,163,1242,2004.0,0.0,19135.0,-0.10993399999999999,-0.5351640000000001,ARE,NOR,7414
707323,8,163,1242,2004.0,0.0,1480.0,-0.070845,0.879574,ARG,NOR,7414
707324,14,163,1242,2004.0,0.0,27069.0,-0.198735,0.81543,AUS,NOR,7414
707325,15,163,1242,2004.0,1341127.0,0.0,1.958949,0.209296,AUT,NOR,7414
707326,16,163,1242,2004.0,0.0,6848.0,-0.720616,-1.009692,AZE,NOR,7414
707327,18,163,1242,2004.0,2531004.0,123017.0,1.242665,1.541444,BEL,NOR,7414
707328,23,163,1242,2004.0,14356.0,25479.0,0.390627,1.631006,BGR,NOR,7414
707329,26,163,1242,2004.0,1643.0,2941.0,0.45637,0.6154470000000001,BIH,NOR,7414
707330,31,163,1242,2004.0,0.0,19477.0,-0.841087,-0.770059,BOL,NOR,7414
707331,32,163,1242,2004.0,0.0,153499.0,0.504233,1.567879,BRA,NOR,7414
707332,39,163,1242,2004.0,193464.0,19218.0,0.781591,1.365966,CAN,NOR,7414
707333,41,163,1242,2004.0,459450.0,3195.0,2.234603,0.551975,CHE,NOR,7414
707334,42,163,1242,2004.0,0.0,889520.0,-0.24101399999999998,-0.303103,CHL,NOR,7414
707335,43,163,1242,2004.0,430328.0,139236.0,0.710603,2.017234,CHN,NOR,7414
707336,44,163,1242,2004.0,0.0,6304.0,-0.835933,-0.749289,CIV,NOR,7414
707337,52,163,1242,2004.0,10166.0,0.0,-0.036323,-0.313847,CRI,NOR,7414
707338,58,163,1242,2004.0,0.0,8008.0,0.42732200000000004,0.811763,CYP,NOR,7414
707339,59,163,1242,2004.0,858509.0,15547.0,1.612543,0.607495,CZE,NOR,7414
707340,61,163,1242,2004.0,7773353.0,533690.0,2.4453099999999997,-2.331761,DEU,NOR,7414
707341,64,163,1242,2004.0,11835015.0,1323897.0,1.309074,1.2627979999999999,DNK,NOR,7414
707342,71,163,1242,2004.0,720260.0,531763.0,1.04057,1.789023,ESP,NOR,7414
707343,72,163,1242,2004.0,67348.0,33153.0,0.645741,1.035117,EST,NOR,7414
707344,74,163,1242,2004.0,14961231.0,128751.0,1.9662810000000002,1.018108,FIN,NOR,7414
707345,77,163,1242,2004.0,6569873.0,296251.0,1.57079,0.6776760000000001,FRA,NOR,7414
707346,78,163,1242,2004.0,1263.0,164366.0,-1.127967,-1.002561,FRO,NOR,7414
707347,81,163,1242,2004.0,4718556.0,1341915.0,1.872987,0.734065,GBR,NOR,7414
707348,83,163,1242,2004.0,0.0,61557.0,-1.015073,-0.9147069999999999,GHA,NOR,7414
707349,90,163,1242,2004.0,89397.0,219576.0,0.298029,1.745886,GRC,NOR,7414
707350,97,163,1242,2004.0,101501.0,0.0,0.72816,1.403171,HKG,NOR,7414
707351,100,163,1242,2004.0,145077.0,71827.0,0.744459,1.1994479999999998,HRV,NOR,7414
707352,102,163,1242,2004.0,1624432.0,195313.0,1.3579370000000002,0.9993219999999999,HUN,NOR,7414
707353,103,163,1242,2004.0,0.0,28135.0,0.010095999999999999,1.7413779999999999,IDN,NOR,7414
707354,104,163,1242,2004.0,0.0,14359.0,0.20872,2.817307,IND,NOR,7414
707355,106,163,1242,2004.0,1700462.0,421842.0,1.498475,0.19050799999999998,IRL,NOR,7414
707356,107,163,1242,2004.0,0.0,47912.0,-0.6691699999999999,-1.002548,IRN,NOR,7414
707357,108,163,1242,2004.0,0.0,1455.0,-1.50824,-1.082486,IRQ,NOR,7414
707358,109,163,1242,2004.0,333172.0,1100152.0,0.107901,-0.41223699999999996,ISL,NOR,7414
707359,110,163,1242,2004.0,282808.0,3081.0,1.252895,0.8662770000000001,ISR,NOR,7414
707360,111,163,1242,2004.0,11288419.0,86068.0,1.440372,0.676068,ITA,NOR,7414
707361,114,163,1242,2004.0,364009.0,598908.0,2.756136,0.15545,JPN,NOR,7414
707362,116,163,1242,2004.0,0.0,7665.0,-0.565597,0.182375,KEN,NOR,7414
707363,121,163,1242,2004.0,71794.0,56074.0,1.481275,0.7859,KOR,NOR,7414
707364,130,163,1242,2004.0,31409.0,43984.0,0.341521,0.7971560000000001,LTU,NOR,7414
707365,131,163,1242,2004.0,27393.0,0.0,1.258828,1.079923,LUX,NOR,7414
707366,132,163,1242,2004.0,0.0,60831.0,0.415001,0.8476809999999999,LVA,NOR,7414
707367,134,163,1242,2004.0,0.0,24353.0,-0.626594,-0.22253499999999998,MAR,NOR,7414
707368,138,163,1242,2004.0,17335.0,5341.0,1.183707,0.9043700000000001,MEX,NOR,7414
707369,142,163,1242,2004.0,3712.0,0.0,1.2290379999999999,-0.025372,MLT,NOR,7414
707370,153,163,1242,2004.0,356230.0,0.0,1.250098,0.352379,MYS,NOR,7414
707371,155,163,1242,2004.0,0.0,9578.0,-0.408989,-0.462016,NAM,NOR,7414
707372,159,163,1242,2004.0,0.0,1599.0,-2.336753,-1.350375,NGA,NOR,7414
707373,162,163,1242,2004.0,1975625.0,164972.0,1.171327,1.6369799999999999,NLD,NOR,7414
707374,166,163,1242,2004.0,4945.0,5802.0,0.44099099999999997,0.968326,NZL,NOR,7414
707375,174,163,1242,2004.0,0.0,3108.0,0.288786,-0.25348699999999996,PHL,NOR,7414
707376,177,163,1242,2004.0,1124242.0,608332.0,0.989568,1.49055,POL,NOR,7414
707377,179,163,1242,2004.0,223119.0,8098.0,0.705075,1.7268729999999999,PRT,NOR,7414
707378,185,163,1242,2004.0,102050.0,244927.0,0.53925,1.145066,ROU,NOR,7414
707379,186,163,1242,2004.0,0.0,107652.0,0.422803,0.017524,RUS,NOR,7414
707380,189,163,1242,2004.0,1441.0,34652.0,0.544686,2.418024,SCG,NOR,7414
707381,192,163,1242,2004.0,0.0,483627.0,1.804502,0.570084,SGP,NOR,7414
707382,206,163,1242,2004.0,30146.0,0.0,1.2683149999999999,0.9208620000000001,SVK,NOR,7414
707383,207,163,1242,2004.0,56893.0,1970.0,1.700677,0.829765,SVN,NOR,7414
707384,208,163,1242,2004.0,23573958.0,3920696.0,2.105611,0.707843,SWE,NOR,7414
707385,216,163,1242,2004.0,46413.0,84936.0,0.633501,1.4648290000000002,THA,NOR,7414
707386,224,163,1242,2004.0,438119.0,3827.0,0.249065,1.910598,TUR,NOR,7414
707387,227,163,1242,2004.0,0.0,17509.0,-1.05367,-0.546304,UGA,NOR,7414
707388,231,163,1242,2004.0,760291.0,582722.0,1.818327,-0.17913900000000002,USA,NOR,7414
707389,246,163,1242,2004.0,282641.0,100674.0,0.29599699999999995,1.909018,ZAF,NOR,7414
707390,249,163,1242,2004.0,29704.0,1135.0,1.8844150000000002,1.257951,TWN,NOR,7414
707391,7,167,1242,2004.0,3069885.0,16550.0,-0.10993399999999999,-0.5351640000000001,ARE,OMN,7414
707392,8,167,1242,2004.0,83148.0,0.0,-0.070845,0.879574,ARG,OMN,7414
707393,14,167,1242,2004.0,2444.0,0.0,-0.198735,0.81543,AUS,OMN,7414
707394,15,167,1242,2004.0,4944.0,0.0,1.958949,0.209296,AUT,OMN,7414
707395,18,167,1242,2004.0,298894.0,0.0,1.242665,1.541444,BEL,OMN,7414
707396,24,167,1242,2004.0,14841.0,0.0,-0.551237,-1.174628,BHR,OMN,7414
707397,32,167,1242,2004.0,339494.0,0.0,0.504233,1.567879,BRA,OMN,7414
707398,39,167,1242,2004.0,20220.0,0.0,0.781591,1.365966,CAN,OMN,7414
707399,41,167,1242,2004.0,45898.0,0.0,2.234603,0.551975,CHE,OMN,7414
707400,43,167,1242,2004.0,486866.0,0.0,0.710603,2.017234,CHN,OMN,7414
707401,58,167,1242,2004.0,354387.0,0.0,0.42732200000000004,0.811763,CYP,OMN,7414
707402,61,167,1242,2004.0,2199772.0,0.0,2.4453099999999997,-2.331761,DEU,OMN,7414
707403,64,167,1242,2004.0,87442.0,0.0,1.309074,1.2627979999999999,DNK,OMN,7414
707404,71,167,1242,2004.0,61704.0,0.0,1.04057,1.789023,ESP,OMN,7414
707405,77,167,1242,2004.0,1911445.0,0.0,1.57079,0.6776760000000001,FRA,OMN,7414
707406,81,167,1242,2004.0,1165546.0,0.0,1.872987,0.734065,GBR,OMN,7414
707407,104,167,1242,2004.0,204993.0,4597.0,0.20872,2.817307,IND,OMN,7414
707408,106,167,1242,2004.0,478944.0,0.0,1.498475,0.19050799999999998,IRL,OMN,7414
707409,107,167,1242,2004.0,1908.0,0.0,-0.6691699999999999,-1.002548,IRN,OMN,7414
707410,111,167,1242,2004.0,661917.0,0.0,1.440372,0.676068,ITA,OMN,7414
707411,113,167,1242,2004.0,63891.0,0.0,0.16384200000000002,0.34270100000000003,JOR,OMN,7414
707412,114,167,1242,2004.0,404885.0,0.0,2.756136,0.15545,JPN,OMN,7414
707413,116,167,1242,2004.0,0.0,3625.0,-0.565597,0.182375,KEN,OMN,7414
707414,121,167,1242,2004.0,23117.0,0.0,1.481275,0.7859,KOR,OMN,7414
707415,122,167,1242,2004.0,1337.0,10649.0,-0.8195479999999999,-1.2105709999999998,KWT,OMN,7414
707416,153,167,1242,2004.0,28806.0,0.0,1.250098,0.352379,MYS,OMN,7414
707417,162,167,1242,2004.0,181732.0,0.0,1.171327,1.6369799999999999,NLD,OMN,7414
707418,166,167,1242,2004.0,3915.0,0.0,0.44099099999999997,0.968326,NZL,OMN,7414
707419,168,167,1242,2004.0,6220.0,0.0,-0.7489600000000001,0.22493200000000002,PAK,OMN,7414
707420,188,167,1242,2004.0,3019.0,204565.0,0.361324,-0.760732,SAU,OMN,7414
707421,192,167,1242,2004.0,1717.0,35750.0,1.804502,0.570084,SGP,OMN,7414
707422,208,167,1242,2004.0,58826.0,0.0,2.105611,0.707843,SWE,OMN,7414
707423,216,167,1242,2004.0,1232534.0,0.0,0.633501,1.4648290000000002,THA,OMN,7414
707424,224,167,1242,2004.0,17388.0,0.0,0.249065,1.910598,TUR,OMN,7414
707425,231,167,1242,2004.0,1333899.0,0.0,1.818327,-0.17913900000000002,USA,OMN,7414
707426,249,167,1242,2004.0,15226.0,0.0,1.8844150000000002,1.257951,TWN,OMN,7414
707427,1,168,1242,2004.0,0.0,651727.0,-0.8890309999999999,-0.773602,AFG,PAK,7414
707428,7,168,1242,2004.0,330039.0,486385.0,-0.10993399999999999,-0.5351640000000001,ARE,PAK,7414
707429,8,168,1242,2004.0,31929.0,0.0,-0.070845,0.879574,ARG,PAK,7414
707430,14,168,1242,2004.0,9428.0,0.0,-0.198735,0.81543,AUS,PAK,7414
707431,15,168,1242,2004.0,155239.0,0.0,1.958949,0.209296,AUT,PAK,7414
707432,18,168,1242,2004.0,198172.0,0.0,1.242665,1.541444,BEL,PAK,7414
707433,22,168,1242,2004.0,0.0,11319.0,-1.074194,-0.9392389999999999,BGD,PAK,7414
707434,32,168,1242,2004.0,820692.0,0.0,0.504233,1.567879,BRA,PAK,7414
707435,39,168,1242,2004.0,14717.0,0.0,0.781591,1.365966,CAN,PAK,7414
707436,41,168,1242,2004.0,7101.0,0.0,2.234603,0.551975,CHE,PAK,7414
707437,43,168,1242,2004.0,8913757.0,4349.0,0.710603,2.017234,CHN,PAK,7414
707438,61,168,1242,2004.0,624903.0,0.0,2.4453099999999997,-2.331761,DEU,PAK,7414
707439,62,168,1242,2004.0,0.0,1105.0,-0.370222,-0.28660399999999997,DJI,PAK,7414
707440,64,168,1242,2004.0,85024.0,0.0,1.309074,1.2627979999999999,DNK,PAK,7414
707441,71,168,1242,2004.0,54997.0,0.0,1.04057,1.789023,ESP,PAK,7414
707442,74,168,1242,2004.0,65325.0,0.0,1.9662810000000002,1.018108,FIN,PAK,7414
707443,77,168,1242,2004.0,407068.0,0.0,1.57079,0.6776760000000001,FRA,PAK,7414
707444,81,168,1242,2004.0,671497.0,0.0,1.872987,0.734065,GBR,PAK,7414
707445,90,168,1242,2004.0,197282.0,0.0,0.298029,1.745886,GRC,PAK,7414
707446,97,168,1242,2004.0,46460.0,0.0,0.72816,1.403171,HKG,PAK,7414
707447,103,168,1242,2004.0,4717.0,0.0,0.010095999999999999,1.7413779999999999,IDN,PAK,7414
707448,104,168,1242,2004.0,1731.0,0.0,0.20872,2.817307,IND,PAK,7414
707449,106,168,1242,2004.0,2893.0,0.0,1.498475,0.19050799999999998,IRL,PAK,7414
707450,111,168,1242,2004.0,10277036.0,0.0,1.440372,0.676068,ITA,PAK,7414
707451,113,168,1242,2004.0,39880.0,1821.0,0.16384200000000002,0.34270100000000003,JOR,PAK,7414
707452,114,168,1242,2004.0,4225609.0,0.0,2.756136,0.15545,JPN,PAK,7414
707453,116,168,1242,2004.0,0.0,12419.0,-0.565597,0.182375,KEN,PAK,7414
707454,121,168,1242,2004.0,2620606.0,2835.0,1.481275,0.7859,KOR,PAK,7414
707455,122,168,1242,2004.0,0.0,31624.0,-0.8195479999999999,-1.2105709999999998,KWT,PAK,7414
707456,128,168,1242,2004.0,2914.0,0.0,-0.42450299999999996,0.173518,LKA,PAK,7414
707457,131,168,1242,2004.0,123748.0,0.0,1.258828,1.079923,LUX,PAK,7414
707458,134,168,1242,2004.0,0.0,2121.0,-0.626594,-0.22253499999999998,MAR,PAK,7414
707459,142,168,1242,2004.0,10761.0,0.0,1.2290379999999999,-0.025372,MLT,PAK,7414
707460,153,168,1242,2004.0,347464.0,0.0,1.250098,0.352379,MYS,PAK,7414
707461,159,168,1242,2004.0,0.0,2654.0,-2.336753,-1.350375,NGA,PAK,7414
707462,162,168,1242,2004.0,168056.0,0.0,1.171327,1.6369799999999999,NLD,PAK,7414
707463,166,168,1242,2004.0,24112.0,0.0,0.44099099999999997,0.968326,NZL,PAK,7414
707464,167,168,1242,2004.0,0.0,6220.0,-0.707862,-1.187629,OMN,PAK,7414
707465,177,168,1242,2004.0,1006.0,0.0,0.989568,1.49055,POL,PAK,7414
707466,178,168,1242,2004.0,77589.0,0.0,0.695376,0.9732209999999999,PRK,PAK,7414
707467,183,168,1242,2004.0,0.0,135404.0,0.018141,-1.03766,QAT,PAK,7414
707468,188,168,1242,2004.0,0.0,3050.0,0.361324,-0.760732,SAU,PAK,7414
707469,191,168,1242,2004.0,0.0,15915.0,-0.620158,-0.296575,SEN,PAK,7414
707470,192,168,1242,2004.0,310067.0,0.0,1.804502,0.570084,SGP,PAK,7414
707471,208,168,1242,2004.0,141940.0,0.0,2.105611,0.707843,SWE,PAK,7414
707472,216,168,1242,2004.0,201782.0,0.0,0.633501,1.4648290000000002,THA,PAK,7414
707473,224,168,1242,2004.0,5409.0,0.0,0.249065,1.910598,TUR,PAK,7414
707474,231,168,1242,2004.0,1037214.0,0.0,1.818327,-0.17913900000000002,USA,PAK,7414
707475,249,168,1242,2004.0,24119.0,0.0,1.8844150000000002,1.257951,TWN,PAK,7414
707476,250,168,1242,2004.0,111640.0,0.0,0.46240200000000004,-0.406624,ANS,PAK,7414
707477,4,185,1242,2004.0,0.0,41660.0,-0.142479,0.136074,ALB,ROU,7414
707478,7,185,1242,2004.0,0.0,122873.0,-0.10993399999999999,-0.5351640000000001,ARE,ROU,7414
707479,14,185,1242,2004.0,0.0,432941.0,-0.198735,0.81543,AUS,ROU,7414
707480,15,185,1242,2004.0,3044860.0,2053414.0,1.958949,0.209296,AUT,ROU,7414
707481,18,185,1242,2004.0,1595736.0,47663.0,1.242665,1.541444,BEL,ROU,7414
707482,23,185,1242,2004.0,299784.0,2315125.0,0.390627,1.631006,BGR,ROU,7414
707483,26,185,1242,2004.0,0.0,442063.0,0.45637,0.6154470000000001,BIH,ROU,7414
707484,28,185,1242,2004.0,0.0,79102.0,0.9384239999999999,0.9708690000000001,BLR,ROU,7414
707485,39,185,1242,2004.0,11523.0,6650.0,0.781591,1.365966,CAN,ROU,7414
707486,41,185,1242,2004.0,123923.0,202803.0,2.234603,0.551975,CHE,ROU,7414
707487,43,185,1242,2004.0,264977.0,0.0,0.710603,2.017234,CHN,ROU,7414
707488,59,185,1242,2004.0,480931.0,4785823.0,1.612543,0.607495,CZE,ROU,7414
707489,61,185,1242,2004.0,5237124.0,1189794.0,2.4453099999999997,-2.331761,DEU,ROU,7414
707490,64,185,1242,2004.0,2777326.0,2628.0,1.309074,1.2627979999999999,DNK,ROU,7414
707491,68,185,1242,2004.0,7083.0,0.0,-0.35823499999999997,0.5000100000000001,EGY,ROU,7414
707492,71,185,1242,2004.0,2426496.0,371718.0,1.04057,1.789023,ESP,ROU,7414
707493,72,185,1242,2004.0,0.0,65521.0,0.645741,1.035117,EST,ROU,7414
707494,74,185,1242,2004.0,25596.0,78675.0,1.9662810000000002,1.018108,FIN,ROU,7414
707495,77,185,1242,2004.0,6158109.0,524789.0,1.57079,0.6776760000000001,FRA,ROU,7414
707496,81,185,1242,2004.0,712728.0,90919.0,1.872987,0.734065,GBR,ROU,7414
707497,82,185,1242,2004.0,0.0,163293.0,-0.030676,-0.560186,GEO,ROU,7414
707498,90,185,1242,2004.0,3303937.0,382896.0,0.298029,1.745886,GRC,ROU,7414
707499,100,185,1242,2004.0,13273.0,186448.0,0.744459,1.1994479999999998,HRV,ROU,7414
707500,102,185,1242,2004.0,1791291.0,1892518.0,1.3579370000000002,0.9993219999999999,HUN,ROU,7414
707501,103,185,1242,2004.0,0.0,28390.0,0.010095999999999999,1.7413779999999999,IDN,ROU,7414
707502,106,185,1242,2004.0,359302.0,351640.0,1.498475,0.19050799999999998,IRL,ROU,7414
707503,109,185,1242,2004.0,0.0,2052.0,0.107901,-0.41223699999999996,ISL,ROU,7414
707504,110,185,1242,2004.0,18026.0,20577.0,1.252895,0.8662770000000001,ISR,ROU,7414
707505,111,185,1242,2004.0,12848458.0,1649353.0,1.440372,0.676068,ITA,ROU,7414
707506,114,185,1242,2004.0,13629.0,0.0,2.756136,0.15545,JPN,ROU,7414
707507,115,185,1242,2004.0,0.0,2601.0,-0.43987200000000004,-0.50862,KAZ,ROU,7414
707508,116,185,1242,2004.0,0.0,25043.0,-0.565597,0.182375,KEN,ROU,7414
707509,121,185,1242,2004.0,69129.0,0.0,1.481275,0.7859,KOR,ROU,7414
707510,122,185,1242,2004.0,0.0,29059.0,-0.8195479999999999,-1.2105709999999998,KWT,ROU,7414
707511,130,185,1242,2004.0,261313.0,156773.0,0.341521,0.7971560000000001,LTU,ROU,7414
707512,132,185,1242,2004.0,3028.0,187200.0,0.415001,0.8476809999999999,LVA,ROU,7414
707513,135,185,1242,2004.0,0.0,311704.0,-0.13031900000000002,-0.118591,MDA,ROU,7414
707514,140,185,1242,2004.0,0.0,751685.0,-0.120439,0.27624899999999997,MKD,ROU,7414
707515,142,185,1242,2004.0,0.0,98749.0,1.2290379999999999,-0.025372,MLT,ROU,7414
707516,153,185,1242,2004.0,95121.0,0.0,1.250098,0.352379,MYS,ROU,7414
707517,162,185,1242,2004.0,833256.0,402816.0,1.171327,1.6369799999999999,NLD,ROU,7414
707518,163,185,1242,2004.0,244927.0,102050.0,0.731175,-0.0655,NOR,ROU,7414
707519,166,185,1242,2004.0,0.0,46085.0,0.44099099999999997,0.968326,NZL,ROU,7414
707520,174,185,1242,2004.0,1070.0,0.0,0.288786,-0.25348699999999996,PHL,ROU,7414
707521,177,185,1242,2004.0,1853200.0,1069825.0,0.989568,1.49055,POL,ROU,7414
707522,179,185,1242,2004.0,37082.0,0.0,0.705075,1.7268729999999999,PRT,ROU,7414
707523,186,185,1242,2004.0,0.0,421254.0,0.422803,0.017524,RUS,ROU,7414
707524,189,185,1242,2004.0,0.0,6813830.0,0.544686,2.418024,SCG,ROU,7414
707525,190,185,1242,2004.0,0.0,5729.0,-1.503552,-1.253193,SDN,ROU,7414
707526,192,185,1242,2004.0,0.0,55493.0,1.804502,0.570084,SGP,ROU,7414
707527,206,185,1242,2004.0,571679.0,673946.0,1.2683149999999999,0.9208620000000001,SVK,ROU,7414
707528,207,185,1242,2004.0,158264.0,0.0,1.700677,0.829765,SVN,ROU,7414
707529,208,185,1242,2004.0,152000.0,49082.0,2.105611,0.707843,SWE,ROU,7414
707530,224,185,1242,2004.0,12602047.0,580556.0,0.249065,1.910598,TUR,ROU,7414
707531,228,185,1242,2004.0,0.0,851724.0,0.672848,1.172735,UKR,ROU,7414
707532,231,185,1242,2004.0,794780.0,0.0,1.818327,-0.17913900000000002,USA,ROU,7414
707533,236,185,1242,2004.0,0.0,6550.0,-0.41193900000000006,-0.9578899999999999,VEN,ROU,7414
707534,246,185,1242,2004.0,0.0,57003.0,0.29599699999999995,1.909018,ZAF,ROU,7414
707535,249,185,1242,2004.0,90558.0,0.0,1.8844150000000002,1.257951,TWN,ROU,7414
707536,250,185,1242,2004.0,2266.0,1820.0,0.46240200000000004,-0.406624,ANS,ROU,7414
707537,7,188,1242,2004.0,9993325.0,884202.0,-0.10993399999999999,-0.5351640000000001,ARE,SAU,7414
707538,14,188,1242,2004.0,120233.0,0.0,-0.198735,0.81543,AUS,SAU,7414
707539,15,188,1242,2004.0,21730.0,0.0,1.958949,0.209296,AUT,SAU,7414
707540,18,188,1242,2004.0,2054811.0,0.0,1.242665,1.541444,BEL,SAU,7414
707541,24,188,1242,2004.0,131911.0,200978.0,-0.551237,-1.174628,BHR,SAU,7414
707542,39,188,1242,2004.0,59677.0,0.0,0.781591,1.365966,CAN,SAU,7414
707543,41,188,1242,2004.0,55634.0,0.0,2.234603,0.551975,CHE,SAU,7414
707544,43,188,1242,2004.0,3139606.0,0.0,0.710603,2.017234,CHN,SAU,7414
707545,58,188,1242,2004.0,261859.0,0.0,0.42732200000000004,0.811763,CYP,SAU,7414
707546,59,188,1242,2004.0,28633.0,0.0,1.612543,0.607495,CZE,SAU,7414
707547,61,188,1242,2004.0,9831929.0,0.0,2.4453099999999997,-2.331761,DEU,SAU,7414
707548,64,188,1242,2004.0,5014822.0,0.0,1.309074,1.2627979999999999,DNK,SAU,7414
707549,68,188,1242,2004.0,206352.0,123630.0,-0.35823499999999997,0.5000100000000001,EGY,SAU,7414
707550,71,188,1242,2004.0,887058.0,2663.0,1.04057,1.789023,ESP,SAU,7414
707551,73,188,1242,2004.0,0.0,3115.0,-1.202444,-0.8973120000000001,ETH,SAU,7414
707552,74,188,1242,2004.0,458904.0,0.0,1.9662810000000002,1.018108,FIN,SAU,7414
707553,77,188,1242,2004.0,9405846.0,0.0,1.57079,0.6776760000000001,FRA,SAU,7414
707554,81,188,1242,2004.0,2203757.0,4649.0,1.872987,0.734065,GBR,SAU,7414
707555,90,188,1242,2004.0,2289.0,0.0,0.298029,1.745886,GRC,SAU,7414
707556,97,188,1242,2004.0,101568.0,0.0,0.72816,1.403171,HKG,SAU,7414
707557,102,188,1242,2004.0,1257534.0,0.0,1.3579370000000002,0.9993219999999999,HUN,SAU,7414
707558,103,188,1242,2004.0,158750.0,0.0,0.010095999999999999,1.7413779999999999,IDN,SAU,7414
707559,104,188,1242,2004.0,548516.0,98264.0,0.20872,2.817307,IND,SAU,7414
707560,106,188,1242,2004.0,5701460.0,0.0,1.498475,0.19050799999999998,IRL,SAU,7414
707561,107,188,1242,2004.0,32221.0,0.0,-0.6691699999999999,-1.002548,IRN,SAU,7414
707562,108,188,1242,2004.0,0.0,188000.0,-1.50824,-1.082486,IRQ,SAU,7414
707563,111,188,1242,2004.0,15625530.0,0.0,1.440372,0.676068,ITA,SAU,7414
707564,113,188,1242,2004.0,37227.0,2057143.0,0.16384200000000002,0.34270100000000003,JOR,SAU,7414
707565,114,188,1242,2004.0,2237190.0,22485.0,2.756136,0.15545,JPN,SAU,7414
707566,121,188,1242,2004.0,2784218.0,0.0,1.481275,0.7859,KOR,SAU,7414
707567,122,188,1242,2004.0,13064.0,887932.0,-0.8195479999999999,-1.2105709999999998,KWT,SAU,7414
707568,124,188,1242,2004.0,180270.0,0.0,0.269753,1.3152979999999999,LBN,SAU,7414
707569,134,188,1242,2004.0,0.0,24942.0,-0.626594,-0.22253499999999998,MAR,SAU,7414
707570,138,188,1242,2004.0,28229.0,0.0,1.183707,0.9043700000000001,MEX,SAU,7414
707571,153,188,1242,2004.0,1218194.0,0.0,1.250098,0.352379,MYS,SAU,7414
707572,162,188,1242,2004.0,2031065.0,8208.0,1.171327,1.6369799999999999,NLD,SAU,7414
707573,166,188,1242,2004.0,0.0,17762.0,0.44099099999999997,0.968326,NZL,SAU,7414
707574,167,188,1242,2004.0,204565.0,3019.0,-0.707862,-1.187629,OMN,SAU,7414
707575,168,188,1242,2004.0,3050.0,0.0,-0.7489600000000001,0.22493200000000002,PAK,SAU,7414
707576,176,188,1242,2004.0,0.0,19087.0,-1.57259,-1.215066,PNG,SAU,7414
707577,179,188,1242,2004.0,113997.0,0.0,0.705075,1.7268729999999999,PRT,SAU,7414
707578,183,188,1242,2004.0,3197.0,59033.0,0.018141,-1.03766,QAT,SAU,7414
707579,190,188,1242,2004.0,0.0,1362058.0,-1.503552,-1.253193,SDN,SAU,7414
707580,192,188,1242,2004.0,34874.0,0.0,1.804502,0.570084,SGP,SAU,7414
707581,208,188,1242,2004.0,146198.0,0.0,2.105611,0.707843,SWE,SAU,7414
707582,212,188,1242,2004.0,0.0,27539.0,-0.698545,-0.111323,SYR,SAU,7414
707583,216,188,1242,2004.0,15451140.0,0.0,0.633501,1.4648290000000002,THA,SAU,7414
707584,223,188,1242,2004.0,22537.0,159780.0,-0.125092,0.370625,TUN,SAU,7414
707585,224,188,1242,2004.0,832434.0,54899.0,0.249065,1.910598,TUR,SAU,7414
707586,226,188,1242,2004.0,0.0,2431.0,-0.935327,0.362709,TZA,SAU,7414
707587,231,188,1242,2004.0,13679427.0,4640.0,1.818327,-0.17913900000000002,USA,SAU,7414
707588,243,188,1242,2004.0,0.0,27360.0,-1.298227,-1.2496639999999999,YEM,SAU,7414
707589,246,188,1242,2004.0,6614.0,1115.0,0.29599699999999995,1.909018,ZAF,SAU,7414
707590,249,188,1242,2004.0,248582.0,0.0,1.8844150000000002,1.257951,TWN,SAU,7414
707591,250,188,1242,2004.0,688399.0,0.0,0.46240200000000004,-0.406624,ANS,SAU,7414
707592,4,189,1242,2004.0,2351.0,3859.0,-0.142479,0.136074,ALB,SCG,7414
707593,15,189,1242,2004.0,1106412.0,366346.0,1.958949,0.209296,AUT,SCG,7414
707594,18,189,1242,2004.0,423697.0,0.0,1.242665,1.541444,BEL,SCG,7414
707595,23,189,1242,2004.0,39509.0,0.0,0.390627,1.631006,BGR,SCG,7414
707596,26,189,1242,2004.0,460764.0,599282.0,0.45637,0.6154470000000001,BIH,SCG,7414
707597,39,189,1242,2004.0,0.0,49667.0,0.781591,1.365966,CAN,SCG,7414
707598,41,189,1242,2004.0,98498.0,5444.0,2.234603,0.551975,CHE,SCG,7414
707599,43,189,1242,2004.0,72847.0,0.0,0.710603,2.017234,CHN,SCG,7414
707600,59,189,1242,2004.0,47449.0,2409.0,1.612543,0.607495,CZE,SCG,7414
707601,61,189,1242,2004.0,796469.0,0.0,2.4453099999999997,-2.331761,DEU,SCG,7414
707602,64,189,1242,2004.0,849143.0,2410.0,1.309074,1.2627979999999999,DNK,SCG,7414
707603,65,189,1242,2004.0,29000.0,0.0,-0.24909699999999999,-0.326783,DOM,SCG,7414
707604,71,189,1242,2004.0,358919.0,0.0,1.04057,1.789023,ESP,SCG,7414
707605,74,189,1242,2004.0,2905.0,0.0,1.9662810000000002,1.018108,FIN,SCG,7414
707606,77,189,1242,2004.0,2559834.0,0.0,1.57079,0.6776760000000001,FRA,SCG,7414
707607,81,189,1242,2004.0,137918.0,40538.0,1.872987,0.734065,GBR,SCG,7414
707608,90,189,1242,2004.0,776335.0,6396.0,0.298029,1.745886,GRC,SCG,7414
707609,100,189,1242,2004.0,1131650.0,95271.0,0.744459,1.1994479999999998,HRV,SCG,7414
707610,102,189,1242,2004.0,966240.0,21809.0,1.3579370000000002,0.9993219999999999,HUN,SCG,7414
707611,106,189,1242,2004.0,118686.0,0.0,1.498475,0.19050799999999998,IRL,SCG,7414
707612,110,189,1242,2004.0,8192.0,0.0,1.252895,0.8662770000000001,ISR,SCG,7414
707613,111,189,1242,2004.0,11904716.0,16438.0,1.440372,0.676068,ITA,SCG,7414
707614,114,189,1242,2004.0,10224.0,0.0,2.756136,0.15545,JPN,SCG,7414
707615,121,189,1242,2004.0,1200.0,0.0,1.481275,0.7859,KOR,SCG,7414
707616,130,189,1242,2004.0,18827.0,0.0,0.341521,0.7971560000000001,LTU,SCG,7414
707617,140,189,1242,2004.0,318045.0,68883.0,-0.120439,0.27624899999999997,MKD,SCG,7414
707618,153,189,1242,2004.0,1020.0,0.0,1.250098,0.352379,MYS,SCG,7414
707619,162,189,1242,2004.0,477081.0,0.0,1.171327,1.6369799999999999,NLD,SCG,7414
707620,163,189,1242,2004.0,34652.0,1441.0,0.731175,-0.0655,NOR,SCG,7414
707621,166,189,1242,2004.0,3294.0,0.0,0.44099099999999997,0.968326,NZL,SCG,7414
707622,177,189,1242,2004.0,26692.0,0.0,0.989568,1.49055,POL,SCG,7414
707623,185,189,1242,2004.0,6813830.0,0.0,0.53925,1.145066,ROU,SCG,7414
707624,190,189,1242,2004.0,9879.0,0.0,-1.503552,-1.253193,SDN,SCG,7414
707625,206,189,1242,2004.0,44776.0,8426.0,1.2683149999999999,0.9208620000000001,SVK,SCG,7414
707626,207,189,1242,2004.0,6159258.0,24718.0,1.700677,0.829765,SVN,SCG,7414
707627,208,189,1242,2004.0,44257.0,71643.0,2.105611,0.707843,SWE,SCG,7414
707628,209,189,1242,2004.0,6663.0,0.0,0.528937,-0.241038,SWZ,SCG,7414
707629,213,189,1242,2004.0,324717.0,0.0,0.641878,0.22729000000000002,TCA,SCG,7414
707630,224,189,1242,2004.0,5176779.0,105175.0,0.249065,1.910598,TUR,SCG,7414
707631,228,189,1242,2004.0,45279.0,7626.0,0.672848,1.172735,UKR,SCG,7414
707632,231,189,1242,2004.0,138354.0,0.0,1.818327,-0.17913900000000002,USA,SCG,7414
707633,249,189,1242,2004.0,15350.0,0.0,1.8844150000000002,1.257951,TWN,SCG,7414
707634,250,189,1242,2004.0,145593.0,5995.0,0.46240200000000004,-0.406624,ANS,SCG,7414
707635,2,192,1242,2004.0,0.0,5417.0,-0.8688110000000001,-1.198692,AGO,SGP,7414
707636,7,192,1242,2004.0,29514.0,1120307.0,-0.10993399999999999,-0.5351640000000001,ARE,SGP,7414
707637,8,192,1242,2004.0,36389.0,0.0,-0.070845,0.879574,ARG,SGP,7414
707638,14,192,1242,2004.0,1032428.0,502334.0,-0.198735,0.81543,AUS,SGP,7414
707639,15,192,1242,2004.0,27885.0,3244.0,1.958949,0.209296,AUT,SGP,7414
707640,18,192,1242,2004.0,228368.0,43543.0,1.242665,1.541444,BEL,SGP,7414
707641,22,192,1242,2004.0,0.0,1327146.0,-1.074194,-0.9392389999999999,BGD,SGP,7414
707642,24,192,1242,2004.0,0.0,64321.0,-0.551237,-1.174628,BHR,SGP,7414
707643,32,192,1242,2004.0,139445.0,1967771.0,0.504233,1.567879,BRA,SGP,7414
707644,34,192,1242,2004.0,3744.0,1179313.0,-0.720827,-0.964435,BRN,SGP,7414
707645,39,192,1242,2004.0,35771.0,65833.0,0.781591,1.365966,CAN,SGP,7414
707646,41,192,1242,2004.0,319449.0,12765.0,2.234603,0.551975,CHE,SGP,7414
707647,42,192,1242,2004.0,0.0,4602.0,-0.24101399999999998,-0.303103,CHL,SGP,7414
707648,43,192,1242,2004.0,14396946.0,264784416.0,0.710603,2.017234,CHN,SGP,7414
707649,44,192,1242,2004.0,0.0,7619.0,-0.835933,-0.749289,CIV,SGP,7414
707650,45,192,1242,2004.0,0.0,3016.0,-1.380149,-1.220501,CMR,SGP,7414
707651,49,192,1242,2004.0,0.0,16982.0,0.044706,0.514304,COL,SGP,7414
707652,58,192,1242,2004.0,0.0,15856.0,0.42732200000000004,0.811763,CYP,SGP,7414
707653,59,192,1242,2004.0,7927.0,0.0,1.612543,0.607495,CZE,SGP,7414
707654,61,192,1242,2004.0,2252482.0,84502.0,2.4453099999999997,-2.331761,DEU,SGP,7414
707655,62,192,1242,2004.0,0.0,5547.0,-0.370222,-0.28660399999999997,DJI,SGP,7414
707656,64,192,1242,2004.0,4939356.0,18336694.0,1.309074,1.2627979999999999,DNK,SGP,7414
707657,66,192,1242,2004.0,0.0,80938.0,-1.166661,-1.2240879999999998,DZA,SGP,7414
707658,68,192,1242,2004.0,0.0,47950.0,-0.35823499999999997,0.5000100000000001,EGY,SGP,7414
707659,71,192,1242,2004.0,275565.0,31574.0,1.04057,1.789023,ESP,SGP,7414
707660,74,192,1242,2004.0,73524.0,0.0,1.9662810000000002,1.018108,FIN,SGP,7414
707661,75,192,1242,2004.0,0.0,8340.0,-0.793333,-0.27460100000000004,FJI,SGP,7414
707662,77,192,1242,2004.0,4079650.0,43686.0,1.57079,0.6776760000000001,FRA,SGP,7414
707663,81,192,1242,2004.0,2019411.0,172319.0,1.872987,0.734065,GBR,SGP,7414
707664,83,192,1242,2004.0,0.0,6877.0,-1.015073,-0.9147069999999999,GHA,SGP,7414
707665,85,192,1242,2004.0,0.0,7524.0,-1.004077,-1.108018,GIN,SGP,7414
707666,90,192,1242,2004.0,14724.0,27130.0,0.298029,1.745886,GRC,SGP,7414
707667,93,192,1242,2004.0,2201.0,0.0,-0.39399,0.139128,GTM,SGP,7414
707668,95,192,1242,2004.0,0.0,4944.0,0.136164,-0.616118,GUM,SGP,7414
707669,97,192,1242,2004.0,986727.0,2944996.0,0.72816,1.403171,HKG,SGP,7414
707670,102,192,1242,2004.0,3471.0,14888.0,1.3579370000000002,0.9993219999999999,HUN,SGP,7414
707671,103,192,1242,2004.0,17976668.0,9118199.0,0.010095999999999999,1.7413779999999999,IDN,SGP,7414
707672,104,192,1242,2004.0,372450.0,1536082.0,0.20872,2.817307,IND,SGP,7414
707673,106,192,1242,2004.0,119804.0,24112.0,1.498475,0.19050799999999998,IRL,SGP,7414
707674,107,192,1242,2004.0,0.0,372621.0,-0.6691699999999999,-1.002548,IRN,SGP,7414
707675,109,192,1242,2004.0,0.0,50383.0,0.107901,-0.41223699999999996,ISL,SGP,7414
707676,110,192,1242,2004.0,3147.0,48318.0,1.252895,0.8662770000000001,ISR,SGP,7414
707677,111,192,1242,2004.0,4463674.0,0.0,1.440372,0.676068,ITA,SGP,7414
707678,112,192,1242,2004.0,0.0,1366.0,-0.505365,-0.9596120000000001,JAM,SGP,7414
707679,113,192,1242,2004.0,0.0,1923.0,0.16384200000000002,0.34270100000000003,JOR,SGP,7414
707680,114,192,1242,2004.0,28115108.0,243768.0,2.756136,0.15545,JPN,SGP,7414
707681,118,192,1242,2004.0,0.0,76630.0,-1.145227,-1.19179,KHM,SGP,7414
707682,121,192,1242,2004.0,1961738.0,2308026.0,1.481275,0.7859,KOR,SGP,7414
707683,122,192,1242,2004.0,0.0,8102.0,-0.8195479999999999,-1.2105709999999998,KWT,SGP,7414
707684,124,192,1242,2004.0,0.0,2348.0,0.269753,1.3152979999999999,LBN,SGP,7414
707685,128,192,1242,2004.0,0.0,1164988.0,-0.42450299999999996,0.173518,LKA,SGP,7414
707686,130,192,1242,2004.0,0.0,12105.0,0.341521,0.7971560000000001,LTU,SGP,7414
707687,131,192,1242,2004.0,30258.0,0.0,1.258828,1.079923,LUX,SGP,7414
707688,133,192,1242,2004.0,1259.0,0.0,-0.12333599999999999,-0.600164,MAC,SGP,7414
707689,136,192,1242,2004.0,0.0,17436.0,-1.1010799999999998,-0.7367859999999999,MDG,SGP,7414
707690,137,192,1242,2004.0,0.0,445292.0,-0.44303000000000003,-0.841744,MDV,SGP,7414
707691,138,192,1242,2004.0,829878.0,204385.0,1.183707,0.9043700000000001,MEX,SGP,7414
707692,142,192,1242,2004.0,5035.0,0.0,1.2290379999999999,-0.025372,MLT,SGP,7414
707693,143,192,1242,2004.0,0.0,986692.0,-1.048261,-0.828443,MMR,SGP,7414
707694,145,192,1242,2004.0,0.0,3892.0,-0.920198,-1.1059219999999998,MNG,SGP,7414
707695,147,192,1242,2004.0,0.0,435538.0,-1.009633,-0.9863059999999999,MOZ,SGP,7414
707696,151,192,1242,2004.0,0.0,130277.0,-0.161262,-0.29730300000000004,MUS,SGP,7414
707697,153,192,1242,2004.0,33612324.0,6281018.0,1.250098,0.352379,MYS,SGP,7414
707698,154,192,1242,2004.0,0.0,5594.0,1.290551,0.284667,MYT,SGP,7414
707699,155,192,1242,2004.0,0.0,6293.0,-0.408989,-0.462016,NAM,SGP,7414
707700,156,192,1242,2004.0,0.0,19379.0,-0.279566,-0.860456,NCL,SGP,7414
707701,159,192,1242,2004.0,0.0,26441.0,-2.336753,-1.350375,NGA,SGP,7414
707702,162,192,1242,2004.0,5419418.0,268490.0,1.171327,1.6369799999999999,NLD,SGP,7414
707703,163,192,1242,2004.0,483627.0,0.0,0.731175,-0.0655,NOR,SGP,7414
707704,164,192,1242,2004.0,0.0,1857.0,-0.16800199999999998,0.541976,NPL,SGP,7414
707705,166,192,1242,2004.0,194340.0,583992.0,0.44099099999999997,0.968326,NZL,SGP,7414
707706,167,192,1242,2004.0,35750.0,1717.0,-0.707862,-1.187629,OMN,SGP,7414
707707,168,192,1242,2004.0,0.0,310067.0,-0.7489600000000001,0.22493200000000002,PAK,SGP,7414
707708,169,192,1242,2004.0,2211.0,0.0,0.054997000000000004,0.440416,PAN,SGP,7414
707709,174,192,1242,2004.0,901912.0,758085.0,0.288786,-0.25348699999999996,PHL,SGP,7414
707710,176,192,1242,2004.0,0.0,146335.0,-1.57259,-1.215066,PNG,SGP,7414
707711,177,192,1242,2004.0,5812.0,0.0,0.989568,1.49055,POL,SGP,7414
707712,178,192,1242,2004.0,0.0,710040.0,0.695376,0.9732209999999999,PRK,SGP,7414
707713,179,192,1242,2004.0,7893.0,0.0,0.705075,1.7268729999999999,PRT,SGP,7414
707714,182,192,1242,2004.0,0.0,2088.0,-0.125349,-0.718282,PYF,SGP,7414
707715,185,192,1242,2004.0,55493.0,0.0,0.53925,1.145066,ROU,SGP,7414
707716,186,192,1242,2004.0,0.0,131018.0,0.422803,0.017524,RUS,SGP,7414
707717,188,192,1242,2004.0,0.0,34874.0,0.361324,-0.760732,SAU,SGP,7414
707718,195,192,1242,2004.0,0.0,28354.0,-1.337367,-1.051245,SLB,SGP,7414
707719,197,192,1242,2004.0,0.0,1179.0,-0.21054299999999998,0.086382,SLV,SGP,7414
707720,206,192,1242,2004.0,16120.0,0.0,1.2683149999999999,0.9208620000000001,SVK,SGP,7414
707721,207,192,1242,2004.0,0.0,5514.0,1.700677,0.829765,SVN,SGP,7414
707722,208,192,1242,2004.0,247333.0,34313.0,2.105611,0.707843,SWE,SGP,7414
707723,211,192,1242,2004.0,0.0,31186.0,-0.585828,-0.768388,SYC,SGP,7414
707724,216,192,1242,2004.0,3883776.0,1555096.0,0.633501,1.4648290000000002,THA,SGP,7414
707725,220,192,1242,2004.0,0.0,10187.0,0.437675,-0.21816300000000002,TLS,SGP,7414
707726,221,192,1242,2004.0,0.0,218704.0,-0.431874,-0.8715629999999999,TON,SGP,7414
707727,222,192,1242,2004.0,0.0,1205.0,-0.108049,-0.923523,TTO,SGP,7414
707728,223,192,1242,2004.0,0.0,24619.0,-0.125092,0.370625,TUN,SGP,7414
707729,224,192,1242,2004.0,95007.0,515451.0,0.249065,1.910598,TUR,SGP,7414
707730,226,192,1242,2004.0,0.0,230926.0,-0.935327,0.362709,TZA,SGP,7414
707731,228,192,1242,2004.0,169434.0,0.0,0.672848,1.172735,UKR,SGP,7414
707732,231,192,1242,2004.0,29296376.0,2184928.0,1.818327,-0.17913900000000002,USA,SGP,7414
707733,236,192,1242,2004.0,0.0,51463.0,-0.41193900000000006,-0.9578899999999999,VEN,SGP,7414
707734,239,192,1242,2004.0,13327.0,2497948.0,-0.46875500000000003,0.734412,VNM,SGP,7414
707735,242,192,1242,2004.0,0.0,3595.0,-0.183327,-0.6788569999999999,WSM,SGP,7414
707736,246,192,1242,2004.0,9698.0,193687.0,0.29599699999999995,1.909018,ZAF,SGP,7414
707737,247,192,1242,2004.0,0.0,2774.0,-0.8752479999999999,-0.784285,ZMB,SGP,7414
707738,249,192,1242,2004.0,3125832.0,1108570.0,1.8844150000000002,1.257951,TWN,SGP,7414
707739,250,192,1242,2004.0,51808.0,83163.0,0.46240200000000004,-0.406624,ANS,SGP,7414
707740,8,206,1242,2004.0,0.0,1120.0,-0.070845,0.879574,ARG,SVK,7414
707741,14,206,1242,2004.0,2577.0,53321.0,-0.198735,0.81543,AUS,SVK,7414
707742,15,206,1242,2004.0,2717666.0,313940.0,1.958949,0.209296,AUT,SVK,7414
707743,18,206,1242,2004.0,681102.0,179174.0,1.242665,1.541444,BEL,SVK,7414
707744,23,206,1242,2004.0,1689.0,234230.0,0.390627,1.631006,BGR,SVK,7414
707745,26,206,1242,2004.0,0.0,7131.0,0.45637,0.6154470000000001,BIH,SVK,7414
707746,28,206,1242,2004.0,1266.0,1604.0,0.9384239999999999,0.9708690000000001,BLR,SVK,7414
707747,32,206,1242,2004.0,1177.0,45949.0,0.504233,1.567879,BRA,SVK,7414
707748,39,206,1242,2004.0,0.0,31018.0,0.781591,1.365966,CAN,SVK,7414
707749,41,206,1242,2004.0,31945.0,6453.0,2.234603,0.551975,CHE,SVK,7414
707750,42,206,1242,2004.0,0.0,5730.0,-0.24101399999999998,-0.303103,CHL,SVK,7414
707751,43,206,1242,2004.0,162903.0,2180.0,0.710603,2.017234,CHN,SVK,7414
707752,49,206,1242,2004.0,0.0,5039.0,0.044706,0.514304,COL,SVK,7414
707753,59,206,1242,2004.0,8635290.0,2648426.0,1.612543,0.607495,CZE,SVK,7414
707754,61,206,1242,2004.0,3777840.0,218482.0,2.4453099999999997,-2.331761,DEU,SVK,7414
707755,64,206,1242,2004.0,1297042.0,0.0,1.309074,1.2627979999999999,DNK,SVK,7414
707756,71,206,1242,2004.0,987990.0,128892.0,1.04057,1.789023,ESP,SVK,7414
707757,72,206,1242,2004.0,0.0,2265.0,0.645741,1.035117,EST,SVK,7414
707758,74,206,1242,2004.0,106722.0,9398.0,1.9662810000000002,1.018108,FIN,SVK,7414
707759,77,206,1242,2004.0,2445426.0,26481.0,1.57079,0.6776760000000001,FRA,SVK,7414
707760,81,206,1242,2004.0,212416.0,2446604.0,1.872987,0.734065,GBR,SVK,7414
707761,90,206,1242,2004.0,8185.0,0.0,0.298029,1.745886,GRC,SVK,7414
707762,97,206,1242,2004.0,2075.0,2451.0,0.72816,1.403171,HKG,SVK,7414
707763,100,206,1242,2004.0,2702.0,4149.0,0.744459,1.1994479999999998,HRV,SVK,7414
707764,102,206,1242,2004.0,1298973.0,1105040.0,1.3579370000000002,0.9993219999999999,HUN,SVK,7414
707765,106,206,1242,2004.0,155556.0,4727.0,1.498475,0.19050799999999998,IRL,SVK,7414
707766,107,206,1242,2004.0,0.0,1541.0,-0.6691699999999999,-1.002548,IRN,SVK,7414
707767,110,206,1242,2004.0,0.0,47544.0,1.252895,0.8662770000000001,ISR,SVK,7414
707768,111,206,1242,2004.0,6778716.0,3262702.0,1.440372,0.676068,ITA,SVK,7414
707769,114,206,1242,2004.0,2646.0,3260.0,2.756136,0.15545,JPN,SVK,7414
707770,115,206,1242,2004.0,0.0,219764.0,-0.43987200000000004,-0.50862,KAZ,SVK,7414
707771,121,206,1242,2004.0,51688.0,10715.0,1.481275,0.7859,KOR,SVK,7414
707772,122,206,1242,2004.0,0.0,20022.0,-0.8195479999999999,-1.2105709999999998,KWT,SVK,7414
707773,123,206,1242,2004.0,0.0,237172.0,-0.9964770000000001,-0.9475,LAO,SVK,7414
707774,124,206,1242,2004.0,0.0,32077.0,0.269753,1.3152979999999999,LBN,SVK,7414
707775,130,206,1242,2004.0,289858.0,925427.0,0.341521,0.7971560000000001,LTU,SVK,7414
707776,132,206,1242,2004.0,0.0,16339.0,0.415001,0.8476809999999999,LVA,SVK,7414
707777,135,206,1242,2004.0,0.0,73805.0,-0.13031900000000002,-0.118591,MDA,SVK,7414
707778,138,206,1242,2004.0,16268.0,109041.0,1.183707,0.9043700000000001,MEX,SVK,7414
707779,140,206,1242,2004.0,3494.0,25426.0,-0.120439,0.27624899999999997,MKD,SVK,7414
707780,153,206,1242,2004.0,1397.0,0.0,1.250098,0.352379,MYS,SVK,7414
707781,162,206,1242,2004.0,3756727.0,1600137.0,1.171327,1.6369799999999999,NLD,SVK,7414
707782,163,206,1242,2004.0,0.0,30146.0,0.731175,-0.0655,NOR,SVK,7414
707783,166,206,1242,2004.0,0.0,65996.0,0.44099099999999997,0.968326,NZL,SVK,7414
707784,177,206,1242,2004.0,2009042.0,337798.0,0.989568,1.49055,POL,SVK,7414
707785,179,206,1242,2004.0,0.0,44063.0,0.705075,1.7268729999999999,PRT,SVK,7414
707786,185,206,1242,2004.0,673946.0,571679.0,0.53925,1.145066,ROU,SVK,7414
707787,186,206,1242,2004.0,0.0,1745538.0,0.422803,0.017524,RUS,SVK,7414
707788,189,206,1242,2004.0,8426.0,44776.0,0.544686,2.418024,SCG,SVK,7414
707789,192,206,1242,2004.0,0.0,16120.0,1.804502,0.570084,SGP,SVK,7414
707790,207,206,1242,2004.0,262993.0,0.0,1.700677,0.829765,SVN,SVK,7414
707791,208,206,1242,2004.0,799126.0,525750.0,2.105611,0.707843,SWE,SVK,7414
707792,224,206,1242,2004.0,59861.0,397764.0,0.249065,1.910598,TUR,SVK,7414
707793,228,206,1242,2004.0,0.0,618131.0,0.672848,1.172735,UKR,SVK,7414
707794,231,206,1242,2004.0,33496.0,1063443.0,1.818327,-0.17913900000000002,USA,SVK,7414
707795,246,206,1242,2004.0,28417.0,70775.0,0.29599699999999995,1.909018,ZAF,SVK,7414
707796,249,206,1242,2004.0,1312.0,0.0,1.8844150000000002,1.257951,TWN,SVK,7414
707797,250,206,1242,2004.0,2466489.0,0.0,0.46240200000000004,-0.406624,ANS,SVK,7414
707798,4,207,1242,2004.0,0.0,18912.0,-0.142479,0.136074,ALB,SVN,7414
707799,7,207,1242,2004.0,0.0,1295.0,-0.10993399999999999,-0.5351640000000001,ARE,SVN,7414
707800,9,207,1242,2004.0,0.0,48644.0,0.497276,-0.226016,ARM,SVN,7414
707801,14,207,1242,2004.0,0.0,183259.0,-0.198735,0.81543,AUS,SVN,7414
707802,15,207,1242,2004.0,3888320.0,1788235.0,1.958949,0.209296,AUT,SVN,7414
707803,18,207,1242,2004.0,268948.0,809869.0,1.242665,1.541444,BEL,SVN,7414
707804,23,207,1242,2004.0,0.0,26213.0,0.390627,1.631006,BGR,SVN,7414
707805,26,207,1242,2004.0,16444.0,4036288.0,0.45637,0.6154470000000001,BIH,SVN,7414
707806,39,207,1242,2004.0,0.0,61781.0,0.781591,1.365966,CAN,SVN,7414
707807,41,207,1242,2004.0,38246.0,145530.0,2.234603,0.551975,CHE,SVN,7414
707808,43,207,1242,2004.0,72123.0,0.0,0.710603,2.017234,CHN,SVN,7414
707809,49,207,1242,2004.0,0.0,1021.0,0.044706,0.514304,COL,SVN,7414
707810,58,207,1242,2004.0,0.0,15090.0,0.42732200000000004,0.811763,CYP,SVN,7414
707811,59,207,1242,2004.0,91991.0,583294.0,1.612543,0.607495,CZE,SVN,7414
707812,61,207,1242,2004.0,4080214.0,3460913.0,2.4453099999999997,-2.331761,DEU,SVN,7414
707813,64,207,1242,2004.0,226114.0,1422344.0,1.309074,1.2627979999999999,DNK,SVN,7414
707814,67,207,1242,2004.0,4917.0,0.0,-0.990727,-0.9383090000000001,ECU,SVN,7414
707815,68,207,1242,2004.0,4868.0,721405.0,-0.35823499999999997,0.5000100000000001,EGY,SVN,7414
707816,71,207,1242,2004.0,407123.0,439595.0,1.04057,1.789023,ESP,SVN,7414
707817,72,207,1242,2004.0,0.0,3389.0,0.645741,1.035117,EST,SVN,7414
707818,74,207,1242,2004.0,0.0,57468.0,1.9662810000000002,1.018108,FIN,SVN,7414
707819,77,207,1242,2004.0,3824429.0,2604116.0,1.57079,0.6776760000000001,FRA,SVN,7414
707820,81,207,1242,2004.0,103009.0,4206750.0,1.872987,0.734065,GBR,SVN,7414
707821,90,207,1242,2004.0,260968.0,70103.0,0.298029,1.745886,GRC,SVN,7414
707822,100,207,1242,2004.0,322762.0,5761576.0,0.744459,1.1994479999999998,HRV,SVN,7414
707823,102,207,1242,2004.0,954437.0,614731.0,1.3579370000000002,0.9993219999999999,HUN,SVN,7414
707824,104,207,1242,2004.0,0.0,17750.0,0.20872,2.817307,IND,SVN,7414
707825,106,207,1242,2004.0,73092.0,66541.0,1.498475,0.19050799999999998,IRL,SVN,7414
707826,107,207,1242,2004.0,0.0,2816.0,-0.6691699999999999,-1.002548,IRN,SVN,7414
707827,109,207,1242,2004.0,0.0,7514.0,0.107901,-0.41223699999999996,ISL,SVN,7414
707828,110,207,1242,2004.0,2278.0,130359.0,1.252895,0.8662770000000001,ISR,SVN,7414
707829,111,207,1242,2004.0,16616222.0,2235392.0,1.440372,0.676068,ITA,SVN,7414
707830,114,207,1242,2004.0,9959.0,0.0,2.756136,0.15545,JPN,SVN,7414
707831,115,207,1242,2004.0,0.0,12341.0,-0.43987200000000004,-0.50862,KAZ,SVN,7414
707832,121,207,1242,2004.0,3935.0,38764.0,1.481275,0.7859,KOR,SVN,7414
707833,122,207,1242,2004.0,0.0,20327.0,-0.8195479999999999,-1.2105709999999998,KWT,SVN,7414
707834,124,207,1242,2004.0,0.0,1880.0,0.269753,1.3152979999999999,LBN,SVN,7414
707835,126,207,1242,2004.0,0.0,89796.0,-0.895142,-1.211141,LBY,SVN,7414
707836,130,207,1242,2004.0,0.0,21070.0,0.341521,0.7971560000000001,LTU,SVN,7414
707837,132,207,1242,2004.0,0.0,7789.0,0.415001,0.8476809999999999,LVA,SVN,7414
707838,140,207,1242,2004.0,28921.0,1443157.0,-0.120439,0.27624899999999997,MKD,SVN,7414
707839,142,207,1242,2004.0,0.0,19144.0,1.2290379999999999,-0.025372,MLT,SVN,7414
707840,153,207,1242,2004.0,79453.0,0.0,1.250098,0.352379,MYS,SVN,7414
707841,156,207,1242,2004.0,0.0,9322.0,-0.279566,-0.860456,NCL,SVN,7414
707842,159,207,1242,2004.0,0.0,14341.0,-2.336753,-1.350375,NGA,SVN,7414
707843,162,207,1242,2004.0,179749.0,351407.0,1.171327,1.6369799999999999,NLD,SVN,7414
707844,163,207,1242,2004.0,1970.0,56893.0,0.731175,-0.0655,NOR,SVN,7414
707845,166,207,1242,2004.0,2267.0,33347.0,0.44099099999999997,0.968326,NZL,SVN,7414
707846,177,207,1242,2004.0,362496.0,570217.0,0.989568,1.49055,POL,SVN,7414
707847,179,207,1242,2004.0,0.0,9065.0,0.705075,1.7268729999999999,PRT,SVN,7414
707848,185,207,1242,2004.0,0.0,158264.0,0.53925,1.145066,ROU,SVN,7414
707849,186,207,1242,2004.0,18117.0,580648.0,0.422803,0.017524,RUS,SVN,7414
707850,189,207,1242,2004.0,24718.0,6159258.0,0.544686,2.418024,SCG,SVN,7414
707851,190,207,1242,2004.0,0.0,10556.0,-1.503552,-1.253193,SDN,SVN,7414
707852,192,207,1242,2004.0,5514.0,0.0,1.804502,0.570084,SGP,SVN,7414
707853,198,207,1242,2004.0,174372.0,1649.0,1.530337,0.719013,SMR,SVN,7414
707854,206,207,1242,2004.0,0.0,262993.0,1.2683149999999999,0.9208620000000001,SVK,SVN,7414
707855,208,207,1242,2004.0,270316.0,72659.0,2.105611,0.707843,SWE,SVN,7414
707856,223,207,1242,2004.0,0.0,137735.0,-0.125092,0.370625,TUN,SVN,7414
707857,224,207,1242,2004.0,4756.0,588147.0,0.249065,1.910598,TUR,SVN,7414
707858,228,207,1242,2004.0,0.0,97474.0,0.672848,1.172735,UKR,SVN,7414
707859,231,207,1242,2004.0,559279.0,9942178.0,1.818327,-0.17913900000000002,USA,SVN,7414
707860,243,207,1242,2004.0,0.0,21382.0,-1.298227,-1.2496639999999999,YEM,SVN,7414
707861,249,207,1242,2004.0,5186.0,17398.0,1.8844150000000002,1.257951,TWN,SVN,7414
707862,250,207,1242,2004.0,991201.0,0.0,0.46240200000000004,-0.406624,ANS,SVN,7414
707863,66,209,1242,2004.0,0.0,37075.0,-1.166661,-1.2240879999999998,DZA,SWZ,7414
707864,111,209,1242,2004.0,50382.0,0.0,1.440372,0.676068,ITA,SWZ,7414
707865,131,209,1242,2004.0,458218.0,0.0,1.258828,1.079923,LUX,SWZ,7414
707866,147,209,1242,2004.0,0.0,13038.0,-1.009633,-0.9863059999999999,MOZ,SWZ,7414
707867,152,209,1242,2004.0,0.0,2271.0,-1.233417,-1.071204,MWI,SWZ,7414
707868,189,209,1242,2004.0,0.0,6663.0,0.544686,2.418024,SCG,SWZ,7414
707869,246,209,1242,2004.0,5877702.0,84786.0,0.29599699999999995,1.909018,ZAF,SWZ,7414
707870,248,209,1242,2004.0,0.0,31574.0,-0.44064799999999993,0.01704,ZWE,SWZ,7414
707871,15,223,1242,2004.0,6081.0,0.0,1.958949,0.209296,AUT,TUN,7414
707872,18,223,1242,2004.0,749389.0,4928.0,1.242665,1.541444,BEL,TUN,7414
707873,32,223,1242,2004.0,349303.0,0.0,0.504233,1.567879,BRA,TUN,7414
707874,39,223,1242,2004.0,9585.0,0.0,0.781591,1.365966,CAN,TUN,7414
707875,41,223,1242,2004.0,2714.0,0.0,2.234603,0.551975,CHE,TUN,7414
707876,43,223,1242,2004.0,1760399.0,0.0,0.710603,2.017234,CHN,TUN,7414
707877,59,223,1242,2004.0,2245.0,0.0,1.612543,0.607495,CZE,TUN,7414
707878,61,223,1242,2004.0,2143804.0,0.0,2.4453099999999997,-2.331761,DEU,TUN,7414
707879,64,223,1242,2004.0,29249.0,0.0,1.309074,1.2627979999999999,DNK,TUN,7414
707880,66,223,1242,2004.0,42759.0,104356.0,-1.166661,-1.2240879999999998,DZA,TUN,7414
707881,68,223,1242,2004.0,1932889.0,0.0,-0.35823499999999997,0.5000100000000001,EGY,TUN,7414
707882,71,223,1242,2004.0,1936793.0,21820.0,1.04057,1.789023,ESP,TUN,7414
707883,77,223,1242,2004.0,13796327.0,251170.0,1.57079,0.6776760000000001,FRA,TUN,7414
707884,81,223,1242,2004.0,517936.0,0.0,1.872987,0.734065,GBR,TUN,7414
707885,90,223,1242,2004.0,13597.0,0.0,0.298029,1.745886,GRC,TUN,7414
707886,97,223,1242,2004.0,4285.0,0.0,0.72816,1.403171,HKG,TUN,7414
707887,104,223,1242,2004.0,14556.0,0.0,0.20872,2.817307,IND,TUN,7414
707888,106,223,1242,2004.0,13475.0,0.0,1.498475,0.19050799999999998,IRL,TUN,7414
707889,108,223,1242,2004.0,0.0,42094.0,-1.50824,-1.082486,IRQ,TUN,7414
707890,111,223,1242,2004.0,12330916.0,45172.0,1.440372,0.676068,ITA,TUN,7414
707891,113,223,1242,2004.0,169442.0,0.0,0.16384200000000002,0.34270100000000003,JOR,TUN,7414
707892,114,223,1242,2004.0,41095.0,0.0,2.756136,0.15545,JPN,TUN,7414
707893,121,223,1242,2004.0,782746.0,0.0,1.481275,0.7859,KOR,TUN,7414
707894,124,223,1242,2004.0,72774.0,149836.0,0.269753,1.3152979999999999,LBN,TUN,7414
707895,126,223,1242,2004.0,4874.0,4216346.0,-0.895142,-1.211141,LBY,TUN,7414
707896,131,223,1242,2004.0,37243.0,0.0,1.258828,1.079923,LUX,TUN,7414
707897,134,223,1242,2004.0,0.0,62474.0,-0.626594,-0.22253499999999998,MAR,TUN,7414
707898,138,223,1242,2004.0,2057.0,0.0,1.183707,0.9043700000000001,MEX,TUN,7414
707899,142,223,1242,2004.0,11854.0,0.0,1.2290379999999999,-0.025372,MLT,TUN,7414
707900,148,223,1242,2004.0,0.0,41371.0,-1.8941119999999998,-1.357728,MRT,TUN,7414
707901,153,223,1242,2004.0,47554.0,0.0,1.250098,0.352379,MYS,TUN,7414
707902,162,223,1242,2004.0,173055.0,39282.0,1.171327,1.6369799999999999,NLD,TUN,7414
707903,177,223,1242,2004.0,6819.0,0.0,0.989568,1.49055,POL,TUN,7414
707904,178,223,1242,2004.0,6138.0,0.0,0.695376,0.9732209999999999,PRK,TUN,7414
707905,179,223,1242,2004.0,212433.0,0.0,0.705075,1.7268729999999999,PRT,TUN,7414
707906,188,223,1242,2004.0,159780.0,22537.0,0.361324,-0.760732,SAU,TUN,7414
707907,191,223,1242,2004.0,0.0,362812.0,-0.620158,-0.296575,SEN,TUN,7414
707908,192,223,1242,2004.0,24619.0,0.0,1.804502,0.570084,SGP,TUN,7414
707909,207,223,1242,2004.0,137735.0,0.0,1.700677,0.829765,SVN,TUN,7414
707910,208,223,1242,2004.0,6642.0,0.0,2.105611,0.707843,SWE,TUN,7414
707911,216,223,1242,2004.0,461280.0,0.0,0.633501,1.4648290000000002,THA,TUN,7414
707912,224,223,1242,2004.0,1669580.0,0.0,0.249065,1.910598,TUR,TUN,7414
707913,231,223,1242,2004.0,472610.0,32139.0,1.818327,-0.17913900000000002,USA,TUN,7414
707914,249,223,1242,2004.0,4695.0,0.0,1.8844150000000002,1.257951,TWN,TUN,7414
707915,250,223,1242,2004.0,179326.0,217591.0,0.46240200000000004,-0.406624,ANS,TUN,7414
707916,1,224,1242,2004.0,0.0,111028.0,-0.8890309999999999,-0.773602,AFG,TUR,7414
707917,2,224,1242,2004.0,0.0,1796.0,-0.8688110000000001,-1.198692,AGO,TUR,7414
707918,4,224,1242,2004.0,0.0,260667.0,-0.142479,0.136074,ALB,TUR,7414
707919,7,224,1242,2004.0,9797.0,307806.0,-0.10993399999999999,-0.5351640000000001,ARE,TUR,7414
707920,8,224,1242,2004.0,85968.0,31801.0,-0.070845,0.879574,ARG,TUR,7414
707921,9,224,1242,2004.0,0.0,604620.0,0.497276,-0.226016,ARM,TUR,7414
707922,14,224,1242,2004.0,46264.0,474838.0,-0.198735,0.81543,AUS,TUR,7414
707923,15,224,1242,2004.0,1045889.0,3553631.0,1.958949,0.209296,AUT,TUR,7414
707924,16,224,1242,2004.0,0.0,799158.0,-0.720616,-1.009692,AZE,TUR,7414
707925,18,224,1242,2004.0,1054982.0,1951901.0,1.242665,1.541444,BEL,TUR,7414
707926,22,224,1242,2004.0,0.0,13277.0,-1.074194,-0.9392389999999999,BGD,TUR,7414
707927,23,224,1242,2004.0,6454.0,7854463.0,0.390627,1.631006,BGR,TUR,7414
707928,24,224,1242,2004.0,0.0,21351.0,-0.551237,-1.174628,BHR,TUR,7414
707929,26,224,1242,2004.0,0.0,971726.0,0.45637,0.6154470000000001,BIH,TUR,7414
707930,28,224,1242,2004.0,0.0,29624.0,0.9384239999999999,0.9708690000000001,BLR,TUR,7414
707931,32,224,1242,2004.0,125767.0,220159.0,0.504233,1.567879,BRA,TUR,7414
707932,39,224,1242,2004.0,0.0,32530.0,0.781591,1.365966,CAN,TUR,7414
707933,41,224,1242,2004.0,197572.0,563588.0,2.234603,0.551975,CHE,TUR,7414
707934,42,224,1242,2004.0,0.0,5293.0,-0.24101399999999998,-0.303103,CHL,TUR,7414
707935,43,224,1242,2004.0,6614778.0,73774.0,0.710603,2.017234,CHN,TUR,7414
707936,44,224,1242,2004.0,0.0,47942.0,-0.835933,-0.749289,CIV,TUR,7414
707937,45,224,1242,2004.0,0.0,3860.0,-1.380149,-1.220501,CMR,TUR,7414
707938,47,224,1242,2004.0,0.0,87462.0,-1.415254,-1.24599,COG,TUR,7414
707939,48,224,1242,2004.0,0.0,10701.0,0.24186799999999997,-0.599005,COK,TUR,7414
707940,49,224,1242,2004.0,0.0,70168.0,0.044706,0.514304,COL,TUR,7414
707941,52,224,1242,2004.0,0.0,5117.0,-0.036323,-0.313847,CRI,TUR,7414
707942,54,224,1242,2004.0,0.0,5294.0,-0.16826,-0.644388,CUB,TUR,7414
707943,58,224,1242,2004.0,2848.0,1823646.0,0.42732200000000004,0.811763,CYP,TUR,7414
707944,59,224,1242,2004.0,5081712.0,478088.0,1.612543,0.607495,CZE,TUR,7414
707945,61,224,1242,2004.0,15257702.0,5366736.0,2.4453099999999997,-2.331761,DEU,TUR,7414
707946,62,224,1242,2004.0,0.0,4062.0,-0.370222,-0.28660399999999997,DJI,TUR,7414
707947,64,224,1242,2004.0,1090307.0,507425.0,1.309074,1.2627979999999999,DNK,TUR,7414
707948,66,224,1242,2004.0,0.0,5827910.0,-1.166661,-1.2240879999999998,DZA,TUR,7414
707949,67,224,1242,2004.0,0.0,25042.0,-0.990727,-0.9383090000000001,ECU,TUR,7414
707950,68,224,1242,2004.0,697919.0,87256.0,-0.35823499999999997,0.5000100000000001,EGY,TUR,7414
707951,71,224,1242,2004.0,1942321.0,3522214.0,1.04057,1.789023,ESP,TUR,7414
707952,72,224,1242,2004.0,0.0,7342.0,0.645741,1.035117,EST,TUR,7414
707953,73,224,1242,2004.0,0.0,7387.0,-1.202444,-0.8973120000000001,ETH,TUR,7414
707954,74,224,1242,2004.0,234785.0,291250.0,1.9662810000000002,1.018108,FIN,TUR,7414
707955,77,224,1242,2004.0,16560328.0,6161446.0,1.57079,0.6776760000000001,FRA,TUR,7414
707956,80,224,1242,2004.0,0.0,71524.0,-1.006071,-1.212338,GAB,TUR,7414
707957,81,224,1242,2004.0,1873673.0,6976858.0,1.872987,0.734065,GBR,TUR,7414
707958,82,224,1242,2004.0,0.0,1185805.0,-0.030676,-0.560186,GEO,TUR,7414
707959,83,224,1242,2004.0,0.0,147789.0,-1.015073,-0.9147069999999999,GHA,TUR,7414
707960,85,224,1242,2004.0,0.0,52065.0,-1.004077,-1.108018,GIN,TUR,7414
707961,90,224,1242,2004.0,974233.0,12945113.0,0.298029,1.745886,GRC,TUR,7414
707962,97,224,1242,2004.0,29750.0,49944.0,0.72816,1.403171,HKG,TUR,7414
707963,100,224,1242,2004.0,0.0,1511548.0,0.744459,1.1994479999999998,HRV,TUR,7414
707964,102,224,1242,2004.0,655464.0,1765066.0,1.3579370000000002,0.9993219999999999,HUN,TUR,7414
707965,103,224,1242,2004.0,0.0,547160.0,0.010095999999999999,1.7413779999999999,IDN,TUR,7414
707966,104,224,1242,2004.0,98273.0,3370.0,0.20872,2.817307,IND,TUR,7414
707967,106,224,1242,2004.0,1513992.0,1506681.0,1.498475,0.19050799999999998,IRL,TUR,7414
707968,107,224,1242,2004.0,13961.0,501915.0,-0.6691699999999999,-1.002548,IRN,TUR,7414
707969,108,224,1242,2004.0,0.0,7065122.0,-1.50824,-1.082486,IRQ,TUR,7414
707970,109,224,1242,2004.0,0.0,78393.0,0.107901,-0.41223699999999996,ISL,TUR,7414
707971,110,224,1242,2004.0,158805.0,1815454.0,1.252895,0.8662770000000001,ISR,TUR,7414
707972,111,224,1242,2004.0,25743572.0,3462245.0,1.440372,0.676068,ITA,TUR,7414
707973,113,224,1242,2004.0,0.0,426119.0,0.16384200000000002,0.34270100000000003,JOR,TUR,7414
707974,114,224,1242,2004.0,5359084.0,11657.0,2.756136,0.15545,JPN,TUR,7414
707975,115,224,1242,2004.0,0.0,2160453.0,-0.43987200000000004,-0.50862,KAZ,TUR,7414
707976,117,224,1242,2004.0,0.0,557485.0,-0.263776,0.503736,KGZ,TUR,7414
707977,121,224,1242,2004.0,955824.0,236970.0,1.481275,0.7859,KOR,TUR,7414
707978,122,224,1242,2004.0,0.0,246805.0,-0.8195479999999999,-1.2105709999999998,KWT,TUR,7414
707979,124,224,1242,2004.0,0.0,163698.0,0.269753,1.3152979999999999,LBN,TUR,7414
707980,126,224,1242,2004.0,0.0,585088.0,-0.895142,-1.211141,LBY,TUR,7414
707981,128,224,1242,2004.0,0.0,23834.0,-0.42450299999999996,0.173518,LKA,TUR,7414
707982,130,224,1242,2004.0,28847.0,43349.0,0.341521,0.7971560000000001,LTU,TUR,7414
707983,131,224,1242,2004.0,535934.0,12085.0,1.258828,1.079923,LUX,TUR,7414
707984,132,224,1242,2004.0,0.0,7531.0,0.415001,0.8476809999999999,LVA,TUR,7414
707985,134,224,1242,2004.0,0.0,586724.0,-0.626594,-0.22253499999999998,MAR,TUR,7414
707986,135,224,1242,2004.0,0.0,353271.0,-0.13031900000000002,-0.118591,MDA,TUR,7414
707987,137,224,1242,2004.0,0.0,5457.0,-0.44303000000000003,-0.841744,MDV,TUR,7414
707988,138,224,1242,2004.0,89985.0,43870.0,1.183707,0.9043700000000001,MEX,TUR,7414
707989,140,224,1242,2004.0,1733.0,311684.0,-0.120439,0.27624899999999997,MKD,TUR,7414
707990,142,224,1242,2004.0,0.0,174204.0,1.2290379999999999,-0.025372,MLT,TUR,7414
707991,145,224,1242,2004.0,0.0,4060.0,-0.920198,-1.1059219999999998,MNG,TUR,7414
707992,151,224,1242,2004.0,0.0,13683.0,-0.161262,-0.29730300000000004,MUS,TUR,7414
707993,153,224,1242,2004.0,906405.0,7328.0,1.250098,0.352379,MYS,TUR,7414
707994,156,224,1242,2004.0,0.0,5049.0,-0.279566,-0.860456,NCL,TUR,7414
707995,159,224,1242,2004.0,0.0,183324.0,-2.336753,-1.350375,NGA,TUR,7414
707996,162,224,1242,2004.0,2891996.0,1932153.0,1.171327,1.6369799999999999,NLD,TUR,7414
707997,163,224,1242,2004.0,3827.0,438119.0,0.731175,-0.0655,NOR,TUR,7414
707998,166,224,1242,2004.0,0.0,181088.0,0.44099099999999997,0.968326,NZL,TUR,7414
707999,167,224,1242,2004.0,0.0,17388.0,-0.707862,-1.187629,OMN,TUR,7414
708000,168,224,1242,2004.0,0.0,5409.0,-0.7489600000000001,0.22493200000000002,PAK,TUR,7414
708001,173,224,1242,2004.0,0.0,19712.0,-0.609837,0.13314,PER,TUR,7414
708002,174,224,1242,2004.0,0.0,3055.0,0.288786,-0.25348699999999996,PHL,TUR,7414
708003,177,224,1242,2004.0,3358.0,475496.0,0.989568,1.49055,POL,TUR,7414
708004,179,224,1242,2004.0,14555.0,525299.0,0.705075,1.7268729999999999,PRT,TUR,7414
708005,183,224,1242,2004.0,0.0,3469.0,0.018141,-1.03766,QAT,TUR,7414
708006,185,224,1242,2004.0,580556.0,12602047.0,0.53925,1.145066,ROU,TUR,7414
708007,186,224,1242,2004.0,22398.0,4427503.0,0.422803,0.017524,RUS,TUR,7414
708008,188,224,1242,2004.0,54899.0,832434.0,0.361324,-0.760732,SAU,TUR,7414
708009,189,224,1242,2004.0,105175.0,5176779.0,0.544686,2.418024,SCG,TUR,7414
708010,190,224,1242,2004.0,0.0,34852.0,-1.503552,-1.253193,SDN,TUR,7414
708011,191,224,1242,2004.0,0.0,26063.0,-0.620158,-0.296575,SEN,TUR,7414
708012,192,224,1242,2004.0,515451.0,95007.0,1.804502,0.570084,SGP,TUR,7414
708013,196,224,1242,2004.0,0.0,9858.0,0.43205699999999997,0.068877,SLE,TUR,7414
708014,205,224,1242,2004.0,0.0,9211.0,-1.056251,-1.0234590000000001,SUR,TUR,7414
708015,206,224,1242,2004.0,397764.0,59861.0,1.2683149999999999,0.9208620000000001,SVK,TUR,7414
708016,207,224,1242,2004.0,588147.0,4756.0,1.700677,0.829765,SVN,TUR,7414
708017,208,224,1242,2004.0,160091.0,437942.0,2.105611,0.707843,SWE,TUR,7414
708018,212,224,1242,2004.0,0.0,66836.0,-0.698545,-0.111323,SYR,TUR,7414
708019,216,224,1242,2004.0,28784.0,9629.0,0.633501,1.4648290000000002,THA,TUR,7414
708020,217,224,1242,2004.0,0.0,41090.0,-0.805571,-1.077194,TJK,TUR,7414
708021,219,224,1242,2004.0,0.0,285346.0,-0.9017719999999999,-1.2102620000000002,TKM,TUR,7414
708022,223,224,1242,2004.0,0.0,1669580.0,-0.125092,0.370625,TUN,TUR,7414
708023,226,224,1242,2004.0,0.0,20254.0,-0.935327,0.362709,TZA,TUR,7414
708024,227,224,1242,2004.0,0.0,12431.0,-1.05367,-0.546304,UGA,TUR,7414
708025,228,224,1242,2004.0,0.0,6432691.0,0.672848,1.172735,UKR,TUR,7414
708026,231,224,1242,2004.0,5822211.0,3490706.0,1.818327,-0.17913900000000002,USA,TUR,7414
708027,232,224,1242,2004.0,0.0,183796.0,-0.518472,-0.7689779999999999,UZB,TUR,7414
708028,237,224,1242,2004.0,6924.0,0.0,0.689844,-0.23942,VGB,TUR,7414
708029,239,224,1242,2004.0,5025.0,4674.0,-0.46875500000000003,0.734412,VNM,TUR,7414
708030,243,224,1242,2004.0,0.0,329848.0,-1.298227,-1.2496639999999999,YEM,TUR,7414
708031,246,224,1242,2004.0,0.0,117366.0,0.29599699999999995,1.909018,ZAF,TUR,7414
708032,249,224,1242,2004.0,136169.0,8037.0,1.8844150000000002,1.257951,TWN,TUR,7414
708033,250,224,1242,2004.0,176531.0,8245478.0,0.46240200000000004,-0.406624,ANS,TUR,7414
708034,9,228,1242,2004.0,0.0,6766.0,0.497276,-0.226016,ARM,UKR,7414
708035,14,228,1242,2004.0,11504.0,0.0,-0.198735,0.81543,AUS,UKR,7414
708036,15,228,1242,2004.0,257796.0,0.0,1.958949,0.209296,AUT,UKR,7414
708037,16,228,1242,2004.0,0.0,15857.0,-0.720616,-1.009692,AZE,UKR,7414
708038,18,228,1242,2004.0,2780927.0,6193.0,1.242665,1.541444,BEL,UKR,7414
708039,23,228,1242,2004.0,151530.0,35775.0,0.390627,1.631006,BGR,UKR,7414
708040,28,228,1242,2004.0,416188.0,1122661.0,0.9384239999999999,0.9708690000000001,BLR,UKR,7414
708041,32,228,1242,2004.0,9511.0,0.0,0.504233,1.567879,BRA,UKR,7414
708042,39,228,1242,2004.0,0.0,41147.0,0.781591,1.365966,CAN,UKR,7414
708043,41,228,1242,2004.0,5097.0,0.0,2.234603,0.551975,CHE,UKR,7414
708044,42,228,1242,2004.0,0.0,2616.0,-0.24101399999999998,-0.303103,CHL,UKR,7414
708045,43,228,1242,2004.0,597018.0,0.0,0.710603,2.017234,CHN,UKR,7414
708046,54,228,1242,2004.0,0.0,341656.0,-0.16826,-0.644388,CUB,UKR,7414
708047,59,228,1242,2004.0,410833.0,878516.0,1.612543,0.607495,CZE,UKR,7414
708048,61,228,1242,2004.0,9395891.0,94027.0,2.4453099999999997,-2.331761,DEU,UKR,7414
708049,64,228,1242,2004.0,4524410.0,17606.0,1.309074,1.2627979999999999,DNK,UKR,7414
708050,68,228,1242,2004.0,7838.0,0.0,-0.35823499999999997,0.5000100000000001,EGY,UKR,7414
708051,71,228,1242,2004.0,1527686.0,9748.0,1.04057,1.789023,ESP,UKR,7414
708052,72,228,1242,2004.0,67095.0,7288.0,0.645741,1.035117,EST,UKR,7414
708053,74,228,1242,2004.0,1025586.0,0.0,1.9662810000000002,1.018108,FIN,UKR,7414
708054,77,228,1242,2004.0,3536949.0,26774.0,1.57079,0.6776760000000001,FRA,UKR,7414
708055,81,228,1242,2004.0,1211110.0,2601.0,1.872987,0.734065,GBR,UKR,7414
708056,82,228,1242,2004.0,0.0,40144.0,-0.030676,-0.560186,GEO,UKR,7414
708057,90,228,1242,2004.0,4006282.0,8349.0,0.298029,1.745886,GRC,UKR,7414
708058,100,228,1242,2004.0,514740.0,0.0,0.744459,1.1994479999999998,HRV,UKR,7414
708059,102,228,1242,2004.0,1495077.0,63802.0,1.3579370000000002,0.9993219999999999,HUN,UKR,7414
708060,103,228,1242,2004.0,27411.0,0.0,0.010095999999999999,1.7413779999999999,IDN,UKR,7414
708061,104,228,1242,2004.0,0.0,88249.0,0.20872,2.817307,IND,UKR,7414
708062,106,228,1242,2004.0,21111.0,0.0,1.498475,0.19050799999999998,IRL,UKR,7414
708063,110,228,1242,2004.0,118166.0,5509.0,1.252895,0.8662770000000001,ISR,UKR,7414
708064,111,228,1242,2004.0,9864725.0,276229.0,1.440372,0.676068,ITA,UKR,7414
708065,113,228,1242,2004.0,0.0,9165.0,0.16384200000000002,0.34270100000000003,JOR,UKR,7414
708066,114,228,1242,2004.0,18942.0,0.0,2.756136,0.15545,JPN,UKR,7414
708067,115,228,1242,2004.0,0.0,2862348.0,-0.43987200000000004,-0.50862,KAZ,UKR,7414
708068,117,228,1242,2004.0,0.0,96802.0,-0.263776,0.503736,KGZ,UKR,7414
708069,121,228,1242,2004.0,21188.0,38689.0,1.481275,0.7859,KOR,UKR,7414
708070,124,228,1242,2004.0,18402.0,0.0,0.269753,1.3152979999999999,LBN,UKR,7414
708071,128,228,1242,2004.0,0.0,21600.0,-0.42450299999999996,0.173518,LKA,UKR,7414
708072,130,228,1242,2004.0,1179481.0,17226.0,0.341521,0.7971560000000001,LTU,UKR,7414
708073,131,228,1242,2004.0,8662.0,0.0,1.258828,1.079923,LUX,UKR,7414
708074,132,228,1242,2004.0,37141.0,35462.0,0.415001,0.8476809999999999,LVA,UKR,7414
708075,135,228,1242,2004.0,58798.0,337670.0,-0.13031900000000002,-0.118591,MDA,UKR,7414
708076,162,228,1242,2004.0,3406496.0,3369.0,1.171327,1.6369799999999999,NLD,UKR,7414
708077,169,228,1242,2004.0,0.0,2271.0,0.054997000000000004,0.440416,PAN,UKR,7414
708078,173,228,1242,2004.0,0.0,1727.0,-0.609837,0.13314,PER,UKR,7414
708079,177,228,1242,2004.0,10202039.0,130570.0,0.989568,1.49055,POL,UKR,7414
708080,179,228,1242,2004.0,164373.0,0.0,0.705075,1.7268729999999999,PRT,UKR,7414
708081,185,228,1242,2004.0,851724.0,0.0,0.53925,1.145066,ROU,UKR,7414
708082,186,228,1242,2004.0,11252826.0,28070556.0,0.422803,0.017524,RUS,UKR,7414
708083,189,228,1242,2004.0,7626.0,45279.0,0.544686,2.418024,SCG,UKR,7414
708084,192,228,1242,2004.0,0.0,169434.0,1.804502,0.570084,SGP,UKR,7414
708085,206,228,1242,2004.0,618131.0,0.0,1.2683149999999999,0.9208620000000001,SVK,UKR,7414
708086,207,228,1242,2004.0,97474.0,0.0,1.700677,0.829765,SVN,UKR,7414
708087,208,228,1242,2004.0,1029748.0,0.0,2.105611,0.707843,SWE,UKR,7414
708088,216,228,1242,2004.0,10184.0,0.0,0.633501,1.4648290000000002,THA,UKR,7414
708089,219,228,1242,2004.0,0.0,87424.0,-0.9017719999999999,-1.2102620000000002,TKM,UKR,7414
708090,224,228,1242,2004.0,6432691.0,0.0,0.249065,1.910598,TUR,UKR,7414
708091,231,228,1242,2004.0,734807.0,96448.0,1.818327,-0.17913900000000002,USA,UKR,7414
708092,232,228,1242,2004.0,0.0,148728.0,-0.518472,-0.7689779999999999,UZB,UKR,7414
708093,239,228,1242,2004.0,0.0,7460.0,-0.46875500000000003,0.734412,VNM,UKR,7414
708094,246,228,1242,2004.0,0.0,2032.0,0.29599699999999995,1.909018,ZAF,UKR,7414
708095,249,228,1242,2004.0,10268.0,0.0,1.8844150000000002,1.257951,TWN,UKR,7414
708096,18,19,1242,2004.0,24121.0,0.0,1.242665,1.541444,BEL,BEN,7414
708097,43,19,1242,2004.0,46767.0,20261.0,0.710603,2.017234,CHN,BEN,7414
708098,61,19,1242,2004.0,40438.0,0.0,2.4453099999999997,-2.331761,DEU,BEN,7414
708099,64,19,1242,2004.0,1047.0,0.0,1.309074,1.2627979999999999,DNK,BEN,7414
708100,71,19,1242,2004.0,54701.0,0.0,1.04057,1.789023,ESP,BEN,7414
708101,77,19,1242,2004.0,494041.0,0.0,1.57079,0.6776760000000001,FRA,BEN,7414
708102,81,19,1242,2004.0,19474.0,0.0,1.872987,0.734065,GBR,BEN,7414
708103,103,19,1242,2004.0,97530.0,0.0,0.010095999999999999,1.7413779999999999,IDN,BEN,7414
708104,111,19,1242,2004.0,132070.0,0.0,1.440372,0.676068,ITA,BEN,7414
708105,114,19,1242,2004.0,599054.0,0.0,2.756136,0.15545,JPN,BEN,7414
708106,121,19,1242,2004.0,9467.0,0.0,1.481275,0.7859,KOR,BEN,7414
708107,124,19,1242,2004.0,1432.0,0.0,0.269753,1.3152979999999999,LBN,BEN,7414
708108,134,19,1242,2004.0,28303.0,0.0,-0.626594,-0.22253499999999998,MAR,BEN,7414
708109,157,19,1242,2004.0,0.0,2512.0,-1.102485,-0.850282,NER,BEN,7414
708110,159,19,1242,2004.0,3052.0,0.0,-2.336753,-1.350375,NGA,BEN,7414
708111,215,19,1242,2004.0,8724.0,0.0,-0.569621,-0.533211,TGO,BEN,7414
708112,216,19,1242,2004.0,155434.0,0.0,0.633501,1.4648290000000002,THA,BEN,7414
708113,18,37,1242,2004.0,3036.0,0.0,1.242665,1.541444,BEL,BWA,7414
708114,43,37,1242,2004.0,25446.0,0.0,0.710603,2.017234,CHN,BWA,7414
708115,77,37,1242,2004.0,50192.0,0.0,1.57079,0.6776760000000001,FRA,BWA,7414
708116,81,37,1242,2004.0,29869.0,0.0,1.872987,0.734065,GBR,BWA,7414
708117,106,37,1242,2004.0,5669.0,0.0,1.498475,0.19050799999999998,IRL,BWA,7414
708118,121,37,1242,2004.0,1792.0,0.0,1.481275,0.7859,KOR,BWA,7414
708119,155,37,1242,2004.0,4166.0,27062.0,-0.408989,-0.462016,NAM,BWA,7414
708120,162,37,1242,2004.0,13708.0,0.0,1.171327,1.6369799999999999,NLD,BWA,7414
708121,208,37,1242,2004.0,146821.0,0.0,2.105611,0.707843,SWE,BWA,7414
708122,231,37,1242,2004.0,65709.0,0.0,1.818327,-0.17913900000000002,USA,BWA,7414
708123,246,37,1242,2004.0,3251957.0,7464.0,0.29599699999999995,1.909018,ZAF,BWA,7414
708124,247,37,1242,2004.0,0.0,9768.0,-0.8752479999999999,-0.784285,ZMB,BWA,7414
708125,7,42,1242,2004.0,0.0,7630.0,-0.10993399999999999,-0.5351640000000001,ARE,CHL,7414
708126,8,42,1242,2004.0,4706537.0,1276652.0,-0.070845,0.879574,ARG,CHL,7414
708127,14,42,1242,2004.0,10654.0,0.0,-0.198735,0.81543,AUS,CHL,7414
708128,15,42,1242,2004.0,15832.0,0.0,1.958949,0.209296,AUT,CHL,7414
708129,18,42,1242,2004.0,122022.0,0.0,1.242665,1.541444,BEL,CHL,7414
708130,31,42,1242,2004.0,0.0,1281130.0,-0.841087,-0.770059,BOL,CHL,7414
708131,32,42,1242,2004.0,7396567.0,12274.0,0.504233,1.567879,BRA,CHL,7414
708132,39,42,1242,2004.0,789448.0,427161.0,0.781591,1.365966,CAN,CHL,7414
708133,41,42,1242,2004.0,36505.0,0.0,2.234603,0.551975,CHE,CHL,7414
708134,43,42,1242,2004.0,1044301.0,0.0,0.710603,2.017234,CHN,CHL,7414
708135,49,42,1242,2004.0,1232.0,230811.0,0.044706,0.514304,COL,CHL,7414
708136,52,42,1242,2004.0,0.0,389329.0,-0.036323,-0.313847,CRI,CHL,7414
708137,54,42,1242,2004.0,0.0,147227.0,-0.16826,-0.644388,CUB,CHL,7414
708138,61,42,1242,2004.0,1469734.0,1565.0,2.4453099999999997,-2.331761,DEU,CHL,7414
708139,64,42,1242,2004.0,296308.0,1626.0,1.309074,1.2627979999999999,DNK,CHL,7414
708140,65,42,1242,2004.0,0.0,18305.0,-0.24909699999999999,-0.326783,DOM,CHL,7414
708141,67,42,1242,2004.0,9414.0,1524477.0,-0.990727,-0.9383090000000001,ECU,CHL,7414
708142,71,42,1242,2004.0,1927738.0,0.0,1.04057,1.789023,ESP,CHL,7414
708143,74,42,1242,2004.0,28873.0,0.0,1.9662810000000002,1.018108,FIN,CHL,7414
708144,77,42,1242,2004.0,1702728.0,0.0,1.57079,0.6776760000000001,FRA,CHL,7414
708145,81,42,1242,2004.0,284322.0,1970.0,1.872987,0.734065,GBR,CHL,7414
708146,97,42,1242,2004.0,31121.0,0.0,0.72816,1.403171,HKG,CHL,7414
708147,99,42,1242,2004.0,0.0,9813.0,-0.6372140000000001,-0.453946,HND,CHL,7414
708148,102,42,1242,2004.0,3247.0,0.0,1.3579370000000002,0.9993219999999999,HUN,CHL,7414
708149,104,42,1242,2004.0,3860.0,0.0,0.20872,2.817307,IND,CHL,7414
708150,106,42,1242,2004.0,2911.0,0.0,1.498475,0.19050799999999998,IRL,CHL,7414
708151,109,42,1242,2004.0,70217.0,0.0,0.107901,-0.41223699999999996,ISL,CHL,7414
708152,110,42,1242,2004.0,6587.0,0.0,1.252895,0.8662770000000001,ISR,CHL,7414
708153,111,42,1242,2004.0,10198570.0,6326.0,1.440372,0.676068,ITA,CHL,7414
708154,114,42,1242,2004.0,575580.0,0.0,2.756136,0.15545,JPN,CHL,7414
708155,121,42,1242,2004.0,783300.0,0.0,1.481275,0.7859,KOR,CHL,7414
708156,138,42,1242,2004.0,673473.0,879108.0,1.183707,0.9043700000000001,MEX,CHL,7414
708157,153,42,1242,2004.0,71947.0,0.0,1.250098,0.352379,MYS,CHL,7414
708158,160,42,1242,2004.0,0.0,90126.0,-1.003846,-0.697642,NIC,CHL,7414
708159,162,42,1242,2004.0,535544.0,3282.0,1.171327,1.6369799999999999,NLD,CHL,7414
708160,163,42,1242,2004.0,889520.0,0.0,0.731175,-0.0655,NOR,CHL,7414
708161,166,42,1242,2004.0,84296.0,0.0,0.44099099999999997,0.968326,NZL,CHL,7414
708162,169,42,1242,2004.0,0.0,155288.0,0.054997000000000004,0.440416,PAN,CHL,7414
708163,173,42,1242,2004.0,7915.0,3008229.0,-0.609837,0.13314,PER,CHL,7414
708164,174,42,1242,2004.0,19346.0,0.0,0.288786,-0.25348699999999996,PHL,CHL,7414
708165,177,42,1242,2004.0,27077.0,0.0,0.989568,1.49055,POL,CHL,7414
708166,180,42,1242,2004.0,14039.0,75920.0,-0.634469,-0.870034,PRY,CHL,7414
708167,192,42,1242,2004.0,4602.0,0.0,1.804502,0.570084,SGP,CHL,7414
708168,197,42,1242,2004.0,0.0,1657.0,-0.21054299999999998,0.086382,SLV,CHL,7414
708169,206,42,1242,2004.0,5730.0,0.0,1.2683149999999999,0.9208620000000001,SVK,CHL,7414
708170,208,42,1242,2004.0,1247657.0,0.0,2.105611,0.707843,SWE,CHL,7414
708171,216,42,1242,2004.0,101523.0,0.0,0.633501,1.4648290000000002,THA,CHL,7414
708172,222,42,1242,2004.0,0.0,17742.0,-0.108049,-0.923523,TTO,CHL,7414
708173,224,42,1242,2004.0,5293.0,0.0,0.249065,1.910598,TUR,CHL,7414
708174,228,42,1242,2004.0,2616.0,0.0,0.672848,1.172735,UKR,CHL,7414
708175,230,42,1242,2004.0,6487.0,21266.0,-0.051583000000000004,0.145056,URY,CHL,7414
708176,231,42,1242,2004.0,3996142.0,4866246.0,1.818327,-0.17913900000000002,USA,CHL,7414
708177,236,42,1242,2004.0,0.0,3776024.0,-0.41193900000000006,-0.9578899999999999,VEN,CHL,7414
708178,246,42,1242,2004.0,278243.0,0.0,0.29599699999999995,1.909018,ZAF,CHL,7414
708179,249,42,1242,2004.0,125766.0,0.0,1.8844150000000002,1.257951,TWN,CHL,7414
708180,250,42,1242,2004.0,29307.0,18825.0,0.46240200000000004,-0.406624,ANS,CHL,7414
708181,2,44,1242,2004.0,0.0,4297.0,-0.8688110000000001,-1.198692,AGO,CIV,7414
708182,7,44,1242,2004.0,20407.0,0.0,-0.10993399999999999,-0.5351640000000001,ARE,CIV,7414
708183,8,44,1242,2004.0,14240.0,0.0,-0.070845,0.879574,ARG,CIV,7414
708184,18,44,1242,2004.0,633710.0,0.0,1.242665,1.541444,BEL,CIV,7414
708185,32,44,1242,2004.0,2630.0,0.0,0.504233,1.567879,BRA,CIV,7414
708186,43,44,1242,2004.0,17625.0,0.0,0.710603,2.017234,CHN,CIV,7414
708187,61,44,1242,2004.0,38878.0,0.0,2.4453099999999997,-2.331761,DEU,CIV,7414
708188,64,44,1242,2004.0,229658.0,0.0,1.309074,1.2627979999999999,DNK,CIV,7414
708189,71,44,1242,2004.0,241317.0,0.0,1.04057,1.789023,ESP,CIV,7414
708190,77,44,1242,2004.0,1596722.0,0.0,1.57079,0.6776760000000001,FRA,CIV,7414
708191,80,44,1242,2004.0,0.0,4616.0,-1.006071,-1.212338,GAB,CIV,7414
708192,81,44,1242,2004.0,132486.0,0.0,1.872987,0.734065,GBR,CIV,7414
708193,103,44,1242,2004.0,97247.0,0.0,0.010095999999999999,1.7413779999999999,IDN,CIV,7414
708194,104,44,1242,2004.0,14724.0,0.0,0.20872,2.817307,IND,CIV,7414
708195,107,44,1242,2004.0,1501.0,0.0,-0.6691699999999999,-1.002548,IRN,CIV,7414
708196,110,44,1242,2004.0,4872.0,0.0,1.252895,0.8662770000000001,ISR,CIV,7414
708197,111,44,1242,2004.0,2559911.0,3667.0,1.440372,0.676068,ITA,CIV,7414
708198,114,44,1242,2004.0,32043.0,0.0,2.756136,0.15545,JPN,CIV,7414
708199,124,44,1242,2004.0,37535.0,0.0,0.269753,1.3152979999999999,LBN,CIV,7414
708200,131,44,1242,2004.0,700040.0,0.0,1.258828,1.079923,LUX,CIV,7414
708201,141,44,1242,2004.0,0.0,26374.0,-0.5807979999999999,-0.797311,MLI,CIV,7414
708202,153,44,1242,2004.0,3889.0,0.0,1.250098,0.352379,MYS,CIV,7414
708203,162,44,1242,2004.0,52399.0,0.0,1.171327,1.6369799999999999,NLD,CIV,7414
708204,163,44,1242,2004.0,6304.0,0.0,0.731175,-0.0655,NOR,CIV,7414
708205,192,44,1242,2004.0,7619.0,0.0,1.804502,0.570084,SGP,CIV,7414
708206,208,44,1242,2004.0,2665.0,0.0,2.105611,0.707843,SWE,CIV,7414
708207,216,44,1242,2004.0,13026.0,0.0,0.633501,1.4648290000000002,THA,CIV,7414
708208,224,44,1242,2004.0,47942.0,0.0,0.249065,1.910598,TUR,CIV,7414
708209,231,44,1242,2004.0,116368.0,0.0,1.818327,-0.17913900000000002,USA,CIV,7414
708210,246,44,1242,2004.0,8435.0,0.0,0.29599699999999995,1.909018,ZAF,CIV,7414
708211,249,44,1242,2004.0,20422.0,0.0,1.8844150000000002,1.257951,TWN,CIV,7414
708212,250,44,1242,2004.0,36093.0,0.0,0.46240200000000004,-0.406624,ANS,CIV,7414
708213,18,45,1242,2004.0,604060.0,0.0,1.242665,1.541444,BEL,CMR,7414
708214,38,45,1242,2004.0,0.0,8228.0,-0.667013,-0.899285,CAF,CMR,7414
708215,41,45,1242,2004.0,1036.0,0.0,2.234603,0.551975,CHE,CMR,7414
708216,43,45,1242,2004.0,39709.0,0.0,0.710603,2.017234,CHN,CMR,7414
708217,61,45,1242,2004.0,185365.0,0.0,2.4453099999999997,-2.331761,DEU,CMR,7414
708218,64,45,1242,2004.0,38518.0,0.0,1.309074,1.2627979999999999,DNK,CMR,7414
708219,71,45,1242,2004.0,13760.0,0.0,1.04057,1.789023,ESP,CMR,7414
708220,77,45,1242,2004.0,1448425.0,0.0,1.57079,0.6776760000000001,FRA,CMR,7414
708221,81,45,1242,2004.0,36547.0,0.0,1.872987,0.734065,GBR,CMR,7414
708222,89,45,1242,2004.0,0.0,1036.0,-1.9282080000000001,-0.928127,GNQ,CMR,7414
708223,97,45,1242,2004.0,1824.0,0.0,0.72816,1.403171,HKG,CMR,7414
708224,103,45,1242,2004.0,58235.0,0.0,0.010095999999999999,1.7413779999999999,IDN,CMR,7414
708225,104,45,1242,2004.0,24545.0,0.0,0.20872,2.817307,IND,CMR,7414
708226,111,45,1242,2004.0,194975.0,0.0,1.440372,0.676068,ITA,CMR,7414
708227,124,45,1242,2004.0,14131.0,0.0,0.269753,1.3152979999999999,LBN,CMR,7414
708228,162,45,1242,2004.0,30428.0,0.0,1.171327,1.6369799999999999,NLD,CMR,7414
708229,192,45,1242,2004.0,3016.0,0.0,1.804502,0.570084,SGP,CMR,7414
708230,208,45,1242,2004.0,10265.0,0.0,2.105611,0.707843,SWE,CMR,7414
708231,224,45,1242,2004.0,3860.0,0.0,0.249065,1.910598,TUR,CMR,7414
708232,231,45,1242,2004.0,150016.0,0.0,1.818327,-0.17913900000000002,USA,CMR,7414
708233,246,45,1242,2004.0,17374.0,0.0,0.29599699999999995,1.909018,ZAF,CMR,7414
708234,249,45,1242,2004.0,17890.0,0.0,1.8844150000000002,1.257951,TWN,CMR,7414
708235,250,45,1242,2004.0,21773.0,0.0,0.46240200000000004,-0.406624,ANS,CMR,7414
708236,7,58,1242,2004.0,4297.0,843115.0,-0.10993399999999999,-0.5351640000000001,ARE,CYP,7414
708237,8,58,1242,2004.0,13366.0,0.0,-0.070845,0.879574,ARG,CYP,7414
708238,14,58,1242,2004.0,27380.0,0.0,-0.198735,0.81543,AUS,CYP,7414
708239,15,58,1242,2004.0,98779.0,0.0,1.958949,0.209296,AUT,CYP,7414
708240,18,58,1242,2004.0,2010496.0,0.0,1.242665,1.541444,BEL,CYP,7414
708241,24,58,1242,2004.0,0.0,51131.0,-0.551237,-1.174628,BHR,CYP,7414
708242,26,58,1242,2004.0,0.0,1110.0,0.45637,0.6154470000000001,BIH,CYP,7414
708243,32,58,1242,2004.0,8449.0,0.0,0.504233,1.567879,BRA,CYP,7414
708244,43,58,1242,2004.0,469617.0,0.0,0.710603,2.017234,CHN,CYP,7414
708245,61,58,1242,2004.0,435855.0,0.0,2.4453099999999997,-2.331761,DEU,CYP,7414
708246,64,58,1242,2004.0,219840.0,0.0,1.309074,1.2627979999999999,DNK,CYP,7414
708247,71,58,1242,2004.0,756950.0,2519.0,1.04057,1.789023,ESP,CYP,7414
708248,77,58,1242,2004.0,367921.0,0.0,1.57079,0.6776760000000001,FRA,CYP,7414
708249,81,58,1242,2004.0,565483.0,20300.0,1.872987,0.734065,GBR,CYP,7414
708250,90,58,1242,2004.0,1676500.0,73201.0,0.298029,1.745886,GRC,CYP,7414
708251,97,58,1242,2004.0,63906.0,0.0,0.72816,1.403171,HKG,CYP,7414
708252,102,58,1242,2004.0,5658.0,0.0,1.3579370000000002,0.9993219999999999,HUN,CYP,7414
708253,104,58,1242,2004.0,0.0,53331.0,0.20872,2.817307,IND,CYP,7414
708254,106,58,1242,2004.0,34192.0,0.0,1.498475,0.19050799999999998,IRL,CYP,7414
708255,109,58,1242,2004.0,12174.0,0.0,0.107901,-0.41223699999999996,ISL,CYP,7414
708256,110,58,1242,2004.0,167770.0,0.0,1.252895,0.8662770000000001,ISR,CYP,7414
708257,111,58,1242,2004.0,7375046.0,26798.0,1.440372,0.676068,ITA,CYP,7414
708258,114,58,1242,2004.0,1197309.0,0.0,2.756136,0.15545,JPN,CYP,7414
708259,121,58,1242,2004.0,89817.0,0.0,1.481275,0.7859,KOR,CYP,7414
708260,122,58,1242,2004.0,0.0,65437.0,-0.8195479999999999,-1.2105709999999998,KWT,CYP,7414
708261,124,58,1242,2004.0,31223.0,23070.0,0.269753,1.3152979999999999,LBN,CYP,7414
708262,128,58,1242,2004.0,0.0,11202.0,-0.42450299999999996,0.173518,LKA,CYP,7414
708263,135,58,1242,2004.0,0.0,4742.0,-0.13031900000000002,-0.118591,MDA,CYP,7414
708264,153,58,1242,2004.0,1237.0,0.0,1.250098,0.352379,MYS,CYP,7414
708265,162,58,1242,2004.0,395785.0,0.0,1.171327,1.6369799999999999,NLD,CYP,7414
708266,163,58,1242,2004.0,8008.0,0.0,0.731175,-0.0655,NOR,CYP,7414
708267,166,58,1242,2004.0,4185.0,0.0,0.44099099999999997,0.968326,NZL,CYP,7414
708268,167,58,1242,2004.0,0.0,354387.0,-0.707862,-1.187629,OMN,CYP,7414
708269,177,58,1242,2004.0,25799.0,0.0,0.989568,1.49055,POL,CYP,7414
708270,179,58,1242,2004.0,92778.0,0.0,0.705075,1.7268729999999999,PRT,CYP,7414
708271,183,58,1242,2004.0,0.0,220777.0,0.018141,-1.03766,QAT,CYP,7414
708272,188,58,1242,2004.0,0.0,261859.0,0.361324,-0.760732,SAU,CYP,7414
708273,192,58,1242,2004.0,15856.0,0.0,1.804502,0.570084,SGP,CYP,7414
708274,207,58,1242,2004.0,15090.0,0.0,1.700677,0.829765,SVN,CYP,7414
708275,208,58,1242,2004.0,4713.0,0.0,2.105611,0.707843,SWE,CYP,7414
708276,216,58,1242,2004.0,59682.0,0.0,0.633501,1.4648290000000002,THA,CYP,7414
708277,224,58,1242,2004.0,1823646.0,2848.0,0.249065,1.910598,TUR,CYP,7414
708278,231,58,1242,2004.0,264993.0,0.0,1.818327,-0.17913900000000002,USA,CYP,7414
708279,243,58,1242,2004.0,0.0,21197.0,-1.298227,-1.2496639999999999,YEM,CYP,7414
708280,246,58,1242,2004.0,1569.0,0.0,0.29599699999999995,1.909018,ZAF,CYP,7414
708281,249,58,1242,2004.0,55223.0,0.0,1.8844150000000002,1.257951,TWN,CYP,7414
708282,18,80,1242,2004.0,11926.0,0.0,1.242665,1.541444,BEL,GAB,7414
708283,39,80,1242,2004.0,19536.0,0.0,0.781591,1.365966,CAN,GAB,7414
708284,43,80,1242,2004.0,210150.0,0.0,0.710603,2.017234,CHN,GAB,7414
708285,44,80,1242,2004.0,4616.0,0.0,-0.835933,-0.749289,CIV,GAB,7414
708286,61,80,1242,2004.0,25308.0,0.0,2.4453099999999997,-2.331761,DEU,GAB,7414
708287,77,80,1242,2004.0,1837036.0,0.0,1.57079,0.6776760000000001,FRA,GAB,7414
708288,81,80,1242,2004.0,0.0,1225.0,1.872987,0.734065,GBR,GAB,7414
708289,90,80,1242,2004.0,20141.0,0.0,0.298029,1.745886,GRC,GAB,7414
708290,103,80,1242,2004.0,13879.0,0.0,0.010095999999999999,1.7413779999999999,IDN,GAB,7414
708291,111,80,1242,2004.0,65106.0,0.0,1.440372,0.676068,ITA,GAB,7414
708292,114,80,1242,2004.0,87885.0,0.0,2.756136,0.15545,JPN,GAB,7414
708293,121,80,1242,2004.0,1071.0,0.0,1.481275,0.7859,KOR,GAB,7414
708294,162,80,1242,2004.0,3227.0,0.0,1.171327,1.6369799999999999,NLD,GAB,7414
708295,177,80,1242,2004.0,11553.0,0.0,0.989568,1.49055,POL,GAB,7414
708296,179,80,1242,2004.0,7294.0,0.0,0.705075,1.7268729999999999,PRT,GAB,7414
708297,224,80,1242,2004.0,71524.0,0.0,0.249065,1.910598,TUR,GAB,7414
708298,231,80,1242,2004.0,45577.0,0.0,1.818327,-0.17913900000000002,USA,GAB,7414
708299,246,80,1242,2004.0,18179.0,0.0,0.29599699999999995,1.909018,ZAF,GAB,7414
708300,250,80,1242,2004.0,2120.0,0.0,0.46240200000000004,-0.406624,ANS,GAB,7414
708301,14,83,1242,2004.0,63455.0,0.0,-0.198735,0.81543,AUS,GHA,7414
708302,15,83,1242,2004.0,20241.0,0.0,1.958949,0.209296,AUT,GHA,7414
708303,18,83,1242,2004.0,278653.0,0.0,1.242665,1.541444,BEL,GHA,7414
708304,39,83,1242,2004.0,96002.0,0.0,0.781591,1.365966,CAN,GHA,7414
708305,43,83,1242,2004.0,358060.0,0.0,0.710603,2.017234,CHN,GHA,7414
708306,61,83,1242,2004.0,142263.0,26223.0,2.4453099999999997,-2.331761,DEU,GHA,7414
708307,64,83,1242,2004.0,601749.0,0.0,1.309074,1.2627979999999999,DNK,GHA,7414
708308,71,83,1242,2004.0,428137.0,0.0,1.04057,1.789023,ESP,GHA,7414
708309,77,83,1242,2004.0,195214.0,0.0,1.57079,0.6776760000000001,FRA,GHA,7414
708310,81,83,1242,2004.0,178785.0,0.0,1.872987,0.734065,GBR,GHA,7414
708311,97,83,1242,2004.0,1023.0,0.0,0.72816,1.403171,HKG,GHA,7414
708312,103,83,1242,2004.0,11884.0,0.0,0.010095999999999999,1.7413779999999999,IDN,GHA,7414
708313,104,83,1242,2004.0,9180.0,0.0,0.20872,2.817307,IND,GHA,7414
708314,106,83,1242,2004.0,48857.0,0.0,1.498475,0.19050799999999998,IRL,GHA,7414
708315,107,83,1242,2004.0,15769.0,0.0,-0.6691699999999999,-1.002548,IRN,GHA,7414
708316,110,83,1242,2004.0,30852.0,0.0,1.252895,0.8662770000000001,ISR,GHA,7414
708317,111,83,1242,2004.0,801663.0,0.0,1.440372,0.676068,ITA,GHA,7414
708318,114,83,1242,2004.0,2668.0,0.0,2.756136,0.15545,JPN,GHA,7414
708319,121,83,1242,2004.0,7140.0,0.0,1.481275,0.7859,KOR,GHA,7414
708320,124,83,1242,2004.0,615140.0,0.0,0.269753,1.3152979999999999,LBN,GHA,7414
708321,141,83,1242,2004.0,0.0,1770.0,-0.5807979999999999,-0.797311,MLI,GHA,7414
708322,162,83,1242,2004.0,183021.0,0.0,1.171327,1.6369799999999999,NLD,GHA,7414
708323,163,83,1242,2004.0,61557.0,0.0,0.731175,-0.0655,NOR,GHA,7414
708324,179,83,1242,2004.0,7912.0,0.0,0.705075,1.7268729999999999,PRT,GHA,7414
708325,192,83,1242,2004.0,6877.0,0.0,1.804502,0.570084,SGP,GHA,7414
708326,216,83,1242,2004.0,169419.0,0.0,0.633501,1.4648290000000002,THA,GHA,7414
708327,224,83,1242,2004.0,147789.0,0.0,0.249065,1.910598,TUR,GHA,7414
708328,231,83,1242,2004.0,70862.0,0.0,1.818327,-0.17913900000000002,USA,GHA,7414
708329,246,83,1242,2004.0,87004.0,0.0,0.29599699999999995,1.909018,ZAF,GHA,7414
708330,249,83,1242,2004.0,14903.0,0.0,1.8844150000000002,1.257951,TWN,GHA,7414
708331,14,133,1242,2004.0,0.0,1750.0,-0.198735,0.81543,AUS,MAC,7414
708332,39,133,1242,2004.0,1505.0,0.0,0.781591,1.365966,CAN,MAC,7414
708333,43,133,1242,2004.0,1365807.0,0.0,0.710603,2.017234,CHN,MAC,7414
708334,61,133,1242,2004.0,0.0,62728.0,2.4453099999999997,-2.331761,DEU,MAC,7414
708335,64,133,1242,2004.0,5529.0,0.0,1.309074,1.2627979999999999,DNK,MAC,7414
708336,77,133,1242,2004.0,204643.0,0.0,1.57079,0.6776760000000001,FRA,MAC,7414
708337,81,133,1242,2004.0,2566.0,0.0,1.872987,0.734065,GBR,MAC,7414
708338,97,133,1242,2004.0,1136552.0,8603.0,0.72816,1.403171,HKG,MAC,7414
708339,111,133,1242,2004.0,22172.0,1016.0,1.440372,0.676068,ITA,MAC,7414
708340,114,133,1242,2004.0,244192.0,0.0,2.756136,0.15545,JPN,MAC,7414
708341,179,133,1242,2004.0,3088.0,0.0,0.705075,1.7268729999999999,PRT,MAC,7414
708342,192,133,1242,2004.0,0.0,1259.0,1.804502,0.570084,SGP,MAC,7414
708343,216,133,1242,2004.0,4142.0,0.0,0.633501,1.4648290000000002,THA,MAC,7414
708344,231,133,1242,2004.0,210637.0,0.0,1.818327,-0.17913900000000002,USA,MAC,7414
708345,249,133,1242,2004.0,186959.0,0.0,1.8844150000000002,1.257951,TWN,MAC,7414
708346,7,134,1242,2004.0,136073.0,0.0,-0.10993399999999999,-0.5351640000000001,ARE,MAR,7414
708347,15,134,1242,2004.0,1077988.0,0.0,1.958949,0.209296,AUT,MAR,7414
708348,18,134,1242,2004.0,359647.0,2043.0,1.242665,1.541444,BEL,MAR,7414
708349,19,134,1242,2004.0,0.0,28303.0,-1.422449,-1.09615,BEN,MAR,7414
708350,32,134,1242,2004.0,17783.0,0.0,0.504233,1.567879,BRA,MAR,7414
708351,39,134,1242,2004.0,281315.0,0.0,0.781591,1.365966,CAN,MAR,7414
708352,41,134,1242,2004.0,19793.0,0.0,2.234603,0.551975,CHE,MAR,7414
708353,43,134,1242,2004.0,879221.0,0.0,0.710603,2.017234,CHN,MAR,7414
708354,59,134,1242,2004.0,74451.0,0.0,1.612543,0.607495,CZE,MAR,7414
708355,61,134,1242,2004.0,737574.0,25053.0,2.4453099999999997,-2.331761,DEU,MAR,7414
708356,64,134,1242,2004.0,1039630.0,0.0,1.309074,1.2627979999999999,DNK,MAR,7414
708357,68,134,1242,2004.0,1509459.0,0.0,-0.35823499999999997,0.5000100000000001,EGY,MAR,7414
708358,71,134,1242,2004.0,13836654.0,88677.0,1.04057,1.789023,ESP,MAR,7414
708359,77,134,1242,2004.0,11852515.0,140780.0,1.57079,0.6776760000000001,FRA,MAR,7414
708360,81,134,1242,2004.0,497723.0,0.0,1.872987,0.734065,GBR,MAR,7414
708361,82,134,1242,2004.0,379094.0,0.0,-0.030676,-0.560186,GEO,MAR,7414
708362,90,134,1242,2004.0,1605870.0,0.0,0.298029,1.745886,GRC,MAR,7414
708363,97,134,1242,2004.0,7491.0,0.0,0.72816,1.403171,HKG,MAR,7414
708364,102,134,1242,2004.0,12379.0,0.0,1.3579370000000002,0.9993219999999999,HUN,MAR,7414
708365,103,134,1242,2004.0,159157.0,0.0,0.010095999999999999,1.7413779999999999,IDN,MAR,7414
708366,104,134,1242,2004.0,1839.0,0.0,0.20872,2.817307,IND,MAR,7414
708367,106,134,1242,2004.0,717873.0,0.0,1.498475,0.19050799999999998,IRL,MAR,7414
708368,109,134,1242,2004.0,54588.0,0.0,0.107901,-0.41223699999999996,ISL,MAR,7414
708369,111,134,1242,2004.0,5334670.0,2237.0,1.440372,0.676068,ITA,MAR,7414
708370,114,134,1242,2004.0,83787.0,0.0,2.756136,0.15545,JPN,MAR,7414
708371,121,134,1242,2004.0,19628.0,0.0,1.481275,0.7859,KOR,MAR,7414
708372,124,134,1242,2004.0,14073.0,0.0,0.269753,1.3152979999999999,LBN,MAR,7414
708373,126,134,1242,2004.0,0.0,51763.0,-0.895142,-1.211141,LBY,MAR,7414
708374,131,134,1242,2004.0,16085.0,7306.0,1.258828,1.079923,LUX,MAR,7414
708375,148,134,1242,2004.0,0.0,9136.0,-1.8941119999999998,-1.357728,MRT,MAR,7414
708376,162,134,1242,2004.0,99360.0,1815.0,1.171327,1.6369799999999999,NLD,MAR,7414
708377,163,134,1242,2004.0,24353.0,0.0,0.731175,-0.0655,NOR,MAR,7414
708378,168,134,1242,2004.0,2121.0,0.0,-0.7489600000000001,0.22493200000000002,PAK,MAR,7414
708379,177,134,1242,2004.0,36762.0,0.0,0.989568,1.49055,POL,MAR,7414
708380,179,134,1242,2004.0,442380.0,1818.0,0.705075,1.7268729999999999,PRT,MAR,7414
708381,188,134,1242,2004.0,24942.0,0.0,0.361324,-0.760732,SAU,MAR,7414
708382,208,134,1242,2004.0,30457.0,0.0,2.105611,0.707843,SWE,MAR,7414
708383,212,134,1242,2004.0,9867.0,0.0,-0.698545,-0.111323,SYR,MAR,7414
708384,216,134,1242,2004.0,7731.0,0.0,0.633501,1.4648290000000002,THA,MAR,7414
708385,223,134,1242,2004.0,62474.0,0.0,-0.125092,0.370625,TUN,MAR,7414
708386,224,134,1242,2004.0,586724.0,0.0,0.249065,1.910598,TUR,MAR,7414
708387,231,134,1242,2004.0,53653.0,0.0,1.818327,-0.17913900000000002,USA,MAR,7414
708388,249,134,1242,2004.0,6177.0,0.0,1.8844150000000002,1.257951,TWN,MAR,7414
708389,250,134,1242,2004.0,0.0,33559.0,0.46240200000000004,-0.406624,ANS,MAR,7414
708390,7,141,1242,2004.0,13271.0,0.0,-0.10993399999999999,-0.5351640000000001,ARE,MLI,7414
708391,18,141,1242,2004.0,3468.0,0.0,1.242665,1.541444,BEL,MLI,7414
708392,21,141,1242,2004.0,13551.0,0.0,-1.118427,-1.091315,BFA,MLI,7414
708393,44,141,1242,2004.0,26374.0,0.0,-0.835933,-0.749289,CIV,MLI,7414
708394,64,141,1242,2004.0,1163.0,0.0,1.309074,1.2627979999999999,DNK,MLI,7414
708395,77,141,1242,2004.0,756202.0,0.0,1.57079,0.6776760000000001,FRA,MLI,7414
708396,81,141,1242,2004.0,3015.0,0.0,1.872987,0.734065,GBR,MLI,7414
708397,83,141,1242,2004.0,1770.0,0.0,-1.015073,-0.9147069999999999,GHA,MLI,7414
708398,90,141,1242,2004.0,31412.0,0.0,0.298029,1.745886,GRC,MLI,7414
708399,99,141,1242,2004.0,0.0,8106.0,-0.6372140000000001,-0.453946,HND,MLI,7414
708400,103,141,1242,2004.0,13060.0,0.0,0.010095999999999999,1.7413779999999999,IDN,MLI,7414
708401,104,141,1242,2004.0,9412.0,0.0,0.20872,2.817307,IND,MLI,7414
708402,111,141,1242,2004.0,28606.0,0.0,1.440372,0.676068,ITA,MLI,7414
708403,131,141,1242,2004.0,97248.0,0.0,1.258828,1.079923,LUX,MLI,7414
708404,191,141,1242,2004.0,4192.0,0.0,-0.620158,-0.296575,SEN,MLI,7414
708405,231,141,1242,2004.0,8912.0,0.0,1.818327,-0.17913900000000002,USA,MLI,7414
708406,246,141,1242,2004.0,18469.0,0.0,0.29599699999999995,1.909018,ZAF,MLI,7414
708407,249,141,1242,2004.0,2666.0,0.0,1.8844150000000002,1.257951,TWN,MLI,7414
708408,7,142,1242,2004.0,70485.0,0.0,-0.10993399999999999,-0.5351640000000001,ARE,MLT,7414
708409,15,142,1242,2004.0,26997.0,4617.0,1.958949,0.209296,AUT,MLT,7414
708410,18,142,1242,2004.0,432396.0,0.0,1.242665,1.541444,BEL,MLT,7414
708411,41,142,1242,2004.0,0.0,14831.0,2.234603,0.551975,CHE,MLT,7414
708412,43,142,1242,2004.0,80718.0,237796.0,0.710603,2.017234,CHN,MLT,7414
708413,59,142,1242,2004.0,35293.0,0.0,1.612543,0.607495,CZE,MLT,7414
708414,61,142,1242,2004.0,247313.0,416894.0,2.4453099999999997,-2.331761,DEU,MLT,7414
708415,64,142,1242,2004.0,122395.0,0.0,1.309074,1.2627979999999999,DNK,MLT,7414
708416,71,142,1242,2004.0,629830.0,0.0,1.04057,1.789023,ESP,MLT,7414
708417,72,142,1242,2004.0,0.0,9682.0,0.645741,1.035117,EST,MLT,7414
708418,74,142,1242,2004.0,32479.0,0.0,1.9662810000000002,1.018108,FIN,MLT,7414
708419,77,142,1242,2004.0,300282.0,0.0,1.57079,0.6776760000000001,FRA,MLT,7414
708420,81,142,1242,2004.0,79219.0,1594.0,1.872987,0.734065,GBR,MLT,7414
708421,90,142,1242,2004.0,62910.0,0.0,0.298029,1.745886,GRC,MLT,7414
708422,97,142,1242,2004.0,3924.0,0.0,0.72816,1.403171,HKG,MLT,7414
708423,100,142,1242,2004.0,20382.0,0.0,0.744459,1.1994479999999998,HRV,MLT,7414
708424,103,142,1242,2004.0,0.0,4942.0,0.010095999999999999,1.7413779999999999,IDN,MLT,7414
708425,106,142,1242,2004.0,3595.0,0.0,1.498475,0.19050799999999998,IRL,MLT,7414
708426,111,142,1242,2004.0,4239483.0,352562.0,1.440372,0.676068,ITA,MLT,7414
708427,114,142,1242,2004.0,297821.0,0.0,2.756136,0.15545,JPN,MLT,7414
708428,121,142,1242,2004.0,26743.0,4998.0,1.481275,0.7859,KOR,MLT,7414
708429,126,142,1242,2004.0,0.0,52201.0,-0.895142,-1.211141,LBY,MLT,7414
708430,138,142,1242,2004.0,0.0,2030.0,1.183707,0.9043700000000001,MEX,MLT,7414
708431,162,142,1242,2004.0,93437.0,0.0,1.171327,1.6369799999999999,NLD,MLT,7414
708432,163,142,1242,2004.0,0.0,3712.0,0.731175,-0.0655,NOR,MLT,7414
708433,168,142,1242,2004.0,0.0,10761.0,-0.7489600000000001,0.22493200000000002,PAK,MLT,7414
708434,177,142,1242,2004.0,1519.0,0.0,0.989568,1.49055,POL,MLT,7414
708435,179,142,1242,2004.0,96850.0,0.0,0.705075,1.7268729999999999,PRT,MLT,7414
708436,185,142,1242,2004.0,98749.0,0.0,0.53925,1.145066,ROU,MLT,7414
708437,192,142,1242,2004.0,0.0,5035.0,1.804502,0.570084,SGP,MLT,7414
708438,207,142,1242,2004.0,19144.0,0.0,1.700677,0.829765,SVN,MLT,7414
708439,208,142,1242,2004.0,7148.0,2373.0,2.105611,0.707843,SWE,MLT,7414
708440,216,142,1242,2004.0,4420.0,0.0,0.633501,1.4648290000000002,THA,MLT,7414
708441,223,142,1242,2004.0,0.0,11854.0,-0.125092,0.370625,TUN,MLT,7414
708442,224,142,1242,2004.0,174204.0,0.0,0.249065,1.910598,TUR,MLT,7414
708443,231,142,1242,2004.0,21491.0,70050.0,1.818327,-0.17913900000000002,USA,MLT,7414
708444,249,142,1242,2004.0,4940.0,0.0,1.8844150000000002,1.257951,TWN,MLT,7414
708445,250,142,1242,2004.0,4980.0,4772.0,0.46240200000000004,-0.406624,ANS,MLT,7414
708446,7,148,1242,2004.0,32558.0,0.0,-0.10993399999999999,-0.5351640000000001,ARE,MRT,7414
708447,18,148,1242,2004.0,4054.0,0.0,1.242665,1.541444,BEL,MRT,7414
708448,32,148,1242,2004.0,3047.0,0.0,0.504233,1.567879,BRA,MRT,7414
708449,43,148,1242,2004.0,19848.0,0.0,0.710603,2.017234,CHN,MRT,7414
708450,61,148,1242,2004.0,169939.0,0.0,2.4453099999999997,-2.331761,DEU,MRT,7414
708451,66,148,1242,2004.0,2592.0,0.0,-1.166661,-1.2240879999999998,DZA,MRT,7414
708452,71,148,1242,2004.0,270139.0,0.0,1.04057,1.789023,ESP,MRT,7414
708453,77,148,1242,2004.0,668510.0,0.0,1.57079,0.6776760000000001,FRA,MRT,7414
708454,111,148,1242,2004.0,367600.0,0.0,1.440372,0.676068,ITA,MRT,7414
708455,114,148,1242,2004.0,31272.0,0.0,2.756136,0.15545,JPN,MRT,7414
708456,124,148,1242,2004.0,7388.0,0.0,0.269753,1.3152979999999999,LBN,MRT,7414
708457,131,148,1242,2004.0,48606.0,0.0,1.258828,1.079923,LUX,MRT,7414
708458,134,148,1242,2004.0,9136.0,0.0,-0.626594,-0.22253499999999998,MAR,MRT,7414
708459,179,148,1242,2004.0,91660.0,0.0,0.705075,1.7268729999999999,PRT,MRT,7414
708460,191,148,1242,2004.0,1708.0,0.0,-0.620158,-0.296575,SEN,MRT,7414
708461,216,148,1242,2004.0,13277.0,0.0,0.633501,1.4648290000000002,THA,MRT,7414
708462,223,148,1242,2004.0,41371.0,0.0,-0.125092,0.370625,TUN,MRT,7414
708463,250,148,1242,2004.0,1470.0,0.0,0.46240200000000004,-0.406624,ANS,MRT,7414
708464,7,151,1242,2004.0,1559.0,0.0,-0.10993399999999999,-0.5351640000000001,ARE,MUS,7414
708465,14,151,1242,2004.0,6671.0,7515.0,-0.198735,0.81543,AUS,MUS,7414
708466,15,151,1242,2004.0,16283.0,0.0,1.958949,0.209296,AUT,MUS,7414
708467,43,151,1242,2004.0,87400.0,0.0,0.710603,2.017234,CHN,MUS,7414
708468,50,151,1242,2004.0,0.0,1582.0,-0.8264940000000001,-0.9641290000000001,COM,MUS,7414
708469,61,151,1242,2004.0,54736.0,0.0,2.4453099999999997,-2.331761,DEU,MUS,7414
708470,64,151,1242,2004.0,7189.0,2037.0,1.309074,1.2627979999999999,DNK,MUS,7414
708471,71,151,1242,2004.0,11985.0,0.0,1.04057,1.789023,ESP,MUS,7414
708472,77,151,1242,2004.0,2807379.0,12798.0,1.57079,0.6776760000000001,FRA,MUS,7414
708473,81,151,1242,2004.0,373658.0,0.0,1.872987,0.734065,GBR,MUS,7414
708474,90,151,1242,2004.0,8095.0,0.0,0.298029,1.745886,GRC,MUS,7414
708475,97,151,1242,2004.0,1742.0,0.0,0.72816,1.403171,HKG,MUS,7414
708476,103,151,1242,2004.0,10199.0,0.0,0.010095999999999999,1.7413779999999999,IDN,MUS,7414
708477,104,151,1242,2004.0,10698.0,0.0,0.20872,2.817307,IND,MUS,7414
708478,106,151,1242,2004.0,34977.0,0.0,1.498475,0.19050799999999998,IRL,MUS,7414
708479,111,151,1242,2004.0,895876.0,1715.0,1.440372,0.676068,ITA,MUS,7414
708480,114,151,1242,2004.0,151368.0,0.0,2.756136,0.15545,JPN,MUS,7414
708481,116,151,1242,2004.0,7460.0,0.0,-0.565597,0.182375,KEN,MUS,7414
708482,121,151,1242,2004.0,28729.0,0.0,1.481275,0.7859,KOR,MUS,7414
708483,136,151,1242,2004.0,0.0,117414.0,-1.1010799999999998,-0.7367859999999999,MDG,MUS,7414
708484,153,151,1242,2004.0,126100.0,0.0,1.250098,0.352379,MYS,MUS,7414
708485,162,151,1242,2004.0,19190.0,0.0,1.171327,1.6369799999999999,NLD,MUS,7414
708486,179,151,1242,2004.0,2164.0,0.0,0.705075,1.7268729999999999,PRT,MUS,7414
708487,192,151,1242,2004.0,130277.0,0.0,1.804502,0.570084,SGP,MUS,7414
708488,208,151,1242,2004.0,43832.0,0.0,2.105611,0.707843,SWE,MUS,7414
708489,211,151,1242,2004.0,0.0,11953.0,-0.585828,-0.768388,SYC,MUS,7414
708490,216,151,1242,2004.0,768488.0,0.0,0.633501,1.4648290000000002,THA,MUS,7414
708491,224,151,1242,2004.0,13683.0,0.0,0.249065,1.910598,TUR,MUS,7414
708492,231,151,1242,2004.0,47548.0,0.0,1.818327,-0.17913900000000002,USA,MUS,7414
708493,246,151,1242,2004.0,516459.0,0.0,0.29599699999999995,1.909018,ZAF,MUS,7414
708494,249,151,1242,2004.0,26974.0,0.0,1.8844150000000002,1.257951,TWN,MUS,7414
708495,43,152,1242,2004.0,4427.0,0.0,0.710603,2.017234,CHN,MWI,7414
708496,61,152,1242,2004.0,26992.0,0.0,2.4453099999999997,-2.331761,DEU,MWI,7414
708497,64,152,1242,2004.0,7414.0,0.0,1.309074,1.2627979999999999,DNK,MWI,7414
708498,81,152,1242,2004.0,9097.0,0.0,1.872987,0.734065,GBR,MWI,7414
708499,104,152,1242,2004.0,2304.0,0.0,0.20872,2.817307,IND,MWI,7414
708500,111,152,1242,2004.0,52423.0,0.0,1.440372,0.676068,ITA,MWI,7414
708501,114,152,1242,2004.0,8563.0,0.0,2.756136,0.15545,JPN,MWI,7414
708502,147,152,1242,2004.0,1656.0,7634.0,-1.009633,-0.9863059999999999,MOZ,MWI,7414
708503,209,152,1242,2004.0,2271.0,0.0,0.528937,-0.241038,SWZ,MWI,7414
708504,216,152,1242,2004.0,124790.0,0.0,0.633501,1.4648290000000002,THA,MWI,7414
708505,231,152,1242,2004.0,7439.0,0.0,1.818327,-0.17913900000000002,USA,MWI,7414
708506,246,152,1242,2004.0,324414.0,1076.0,0.29599699999999995,1.909018,ZAF,MWI,7414
708507,247,152,1242,2004.0,3334.0,0.0,-0.8752479999999999,-0.784285,ZMB,MWI,7414
708508,248,152,1242,2004.0,1095.0,0.0,-0.44064799999999993,0.01704,ZWE,MWI,7414
708509,2,155,1242,2004.0,0.0,321781.0,-0.8688110000000001,-1.198692,AGO,NAM,7414
708510,7,155,1242,2004.0,11643.0,0.0,-0.10993399999999999,-0.5351640000000001,ARE,NAM,7414
708511,14,155,1242,2004.0,1021.0,0.0,-0.198735,0.81543,AUS,NAM,7414
708512,18,155,1242,2004.0,51172.0,0.0,1.242665,1.541444,BEL,NAM,7414
708513,32,155,1242,2004.0,3583.0,0.0,0.504233,1.567879,BRA,NAM,7414
708514,37,155,1242,2004.0,27062.0,4166.0,-0.435159,-1.150519,BWA,NAM,7414
708515,43,155,1242,2004.0,17916.0,0.0,0.710603,2.017234,CHN,NAM,7414
708516,61,155,1242,2004.0,4458.0,0.0,2.4453099999999997,-2.331761,DEU,NAM,7414
708517,64,155,1242,2004.0,66668.0,0.0,1.309074,1.2627979999999999,DNK,NAM,7414
708518,71,155,1242,2004.0,705026.0,0.0,1.04057,1.789023,ESP,NAM,7414
708519,81,155,1242,2004.0,2887.0,4759.0,1.872987,0.734065,GBR,NAM,7414
708520,97,155,1242,2004.0,6278.0,0.0,0.72816,1.403171,HKG,NAM,7414
708521,147,155,1242,2004.0,5830.0,0.0,-1.009633,-0.9863059999999999,MOZ,NAM,7414
708522,163,155,1242,2004.0,9578.0,0.0,0.731175,-0.0655,NOR,NAM,7414
708523,186,155,1242,2004.0,4597.0,0.0,0.422803,0.017524,RUS,NAM,7414
708524,192,155,1242,2004.0,6293.0,0.0,1.804502,0.570084,SGP,NAM,7414
708525,208,155,1242,2004.0,550962.0,0.0,2.105611,0.707843,SWE,NAM,7414
708526,231,155,1242,2004.0,107763.0,0.0,1.818327,-0.17913900000000002,USA,NAM,7414
708527,246,155,1242,2004.0,5663196.0,40237.0,0.29599699999999995,1.909018,ZAF,NAM,7414
708528,250,155,1242,2004.0,0.0,3905.0,0.46240200000000004,-0.406624,ANS,NAM,7414
708529,2,179,1242,2004.0,0.0,3734925.0,-0.8688110000000001,-1.198692,AGO,PRT,7414
708530,5,179,1242,2004.0,0.0,9459.0,1.122154,0.958434,AND,PRT,7414
708531,6,179,1242,2004.0,0.0,2965.0,0.080304,-0.634516,ANT,PRT,7414
708532,7,179,1242,2004.0,0.0,108892.0,-0.10993399999999999,-0.5351640000000001,ARE,PRT,7414
708533,8,179,1242,2004.0,71228.0,220458.0,-0.070845,0.879574,ARG,PRT,7414
708534,13,179,1242,2004.0,0.0,1728.0,-0.28271,-0.850197,ATG,PRT,7414
708535,14,179,1242,2004.0,5229.0,631300.0,-0.198735,0.81543,AUS,PRT,7414
708536,15,179,1242,2004.0,908485.0,225147.0,1.958949,0.209296,AUT,PRT,7414
708537,18,179,1242,2004.0,17476700.0,5450836.0,1.242665,1.541444,BEL,PRT,7414
708538,23,179,1242,2004.0,0.0,6799.0,0.390627,1.631006,BGR,PRT,7414
708539,24,179,1242,2004.0,0.0,4259.0,-0.551237,-1.174628,BHR,PRT,7414
708540,25,179,1242,2004.0,0.0,8090.0,0.029548,-0.692239,BHS,PRT,7414
708541,32,179,1242,2004.0,254011.0,155368.0,0.504233,1.567879,BRA,PRT,7414
708542,33,179,1242,2004.0,0.0,2918.0,0.644308,0.290054,BRB,PRT,7414
708543,39,179,1242,2004.0,185520.0,121573.0,0.781591,1.365966,CAN,PRT,7414
708544,41,179,1242,2004.0,14478.0,195476.0,2.234603,0.551975,CHE,PRT,7414
708545,43,179,1242,2004.0,329130.0,0.0,0.710603,2.017234,CHN,PRT,7414
708546,46,179,1242,2004.0,0.0,17196.0,-1.426621,-1.198377,COD,PRT,7414
708547,47,179,1242,2004.0,0.0,12995.0,-1.415254,-1.24599,COG,PRT,7414
708548,49,179,1242,2004.0,0.0,96577.0,0.044706,0.514304,COL,PRT,7414
708549,51,179,1242,2004.0,0.0,447814.0,-0.291469,-0.6426850000000001,CPV,PRT,7414
708550,52,179,1242,2004.0,0.0,72200.0,-0.036323,-0.313847,CRI,PRT,7414
708551,58,179,1242,2004.0,0.0,92778.0,0.42732200000000004,0.811763,CYP,PRT,7414
708552,59,179,1242,2004.0,1081266.0,9143.0,1.612543,0.607495,CZE,PRT,7414
708553,61,179,1242,2004.0,4766556.0,6587373.0,2.4453099999999997,-2.331761,DEU,PRT,7414
708554,64,179,1242,2004.0,796374.0,253931.0,1.309074,1.2627979999999999,DNK,PRT,7414
708555,66,179,1242,2004.0,0.0,295122.0,-1.166661,-1.2240879999999998,DZA,PRT,7414
708556,67,179,1242,2004.0,0.0,14736.0,-0.990727,-0.9383090000000001,ECU,PRT,7414
708557,68,179,1242,2004.0,0.0,180632.0,-0.35823499999999997,0.5000100000000001,EGY,PRT,7414
708558,71,179,1242,2004.0,33835652.0,13964563.0,1.04057,1.789023,ESP,PRT,7414
708559,72,179,1242,2004.0,25591.0,2765.0,0.645741,1.035117,EST,PRT,7414
708560,73,179,1242,2004.0,0.0,5721.0,-1.202444,-0.8973120000000001,ETH,PRT,7414
708561,74,179,1242,2004.0,144654.0,63256.0,1.9662810000000002,1.018108,FIN,PRT,7414
708562,77,179,1242,2004.0,13911288.0,15250298.0,1.57079,0.6776760000000001,FRA,PRT,7414
708563,80,179,1242,2004.0,0.0,7294.0,-1.006071,-1.212338,GAB,PRT,7414
708564,81,179,1242,2004.0,1720250.0,13530576.0,1.872987,0.734065,GBR,PRT,7414
708565,83,179,1242,2004.0,0.0,7912.0,-1.015073,-0.9147069999999999,GHA,PRT,7414
708566,84,179,1242,2004.0,0.0,48648.0,0.501154,-0.562796,GIB,PRT,7414
708567,88,179,1242,2004.0,0.0,145198.0,-1.258264,-1.028131,GNB,PRT,7414
708568,89,179,1242,2004.0,0.0,24666.0,-1.9282080000000001,-0.928127,GNQ,PRT,7414
708569,90,179,1242,2004.0,34701.0,261417.0,0.298029,1.745886,GRC,PRT,7414
708570,93,179,1242,2004.0,0.0,9834.0,-0.39399,0.139128,GTM,PRT,7414
708571,97,179,1242,2004.0,35153.0,21424.0,0.72816,1.403171,HKG,PRT,7414
708572,99,179,1242,2004.0,0.0,14171.0,-0.6372140000000001,-0.453946,HND,PRT,7414
708573,100,179,1242,2004.0,5083.0,7278.0,0.744459,1.1994479999999998,HRV,PRT,7414
708574,102,179,1242,2004.0,63884.0,94316.0,1.3579370000000002,0.9993219999999999,HUN,PRT,7414
708575,103,179,1242,2004.0,0.0,14757.0,0.010095999999999999,1.7413779999999999,IDN,PRT,7414
708576,104,179,1242,2004.0,3777.0,0.0,0.20872,2.817307,IND,PRT,7414
708577,106,179,1242,2004.0,227965.0,2047173.0,1.498475,0.19050799999999998,IRL,PRT,7414
708578,110,179,1242,2004.0,41758.0,286008.0,1.252895,0.8662770000000001,ISR,PRT,7414
708579,111,179,1242,2004.0,22698678.0,2782865.0,1.440372,0.676068,ITA,PRT,7414
708580,113,179,1242,2004.0,0.0,36897.0,0.16384200000000002,0.34270100000000003,JOR,PRT,7414
708581,114,179,1242,2004.0,4081630.0,0.0,2.756136,0.15545,JPN,PRT,7414
708582,115,179,1242,2004.0,0.0,7628.0,-0.43987200000000004,-0.50862,KAZ,PRT,7414
708583,116,179,1242,2004.0,0.0,5303.0,-0.565597,0.182375,KEN,PRT,7414
708584,121,179,1242,2004.0,63852.0,0.0,1.481275,0.7859,KOR,PRT,7414
708585,122,179,1242,2004.0,0.0,99138.0,-0.8195479999999999,-1.2105709999999998,KWT,PRT,7414
708586,124,179,1242,2004.0,0.0,12391.0,0.269753,1.3152979999999999,LBN,PRT,7414
708587,130,179,1242,2004.0,141727.0,0.0,0.341521,0.7971560000000001,LTU,PRT,7414
708588,131,179,1242,2004.0,1174105.0,125224.0,1.258828,1.079923,LUX,PRT,7414
708589,132,179,1242,2004.0,0.0,3793.0,0.415001,0.8476809999999999,LVA,PRT,7414
708590,133,179,1242,2004.0,0.0,3088.0,-0.12333599999999999,-0.600164,MAC,PRT,7414
708591,134,179,1242,2004.0,1818.0,442380.0,-0.626594,-0.22253499999999998,MAR,PRT,7414
708592,136,179,1242,2004.0,0.0,30574.0,-1.1010799999999998,-0.7367859999999999,MDG,PRT,7414
708593,138,179,1242,2004.0,0.0,1408163.0,1.183707,0.9043700000000001,MEX,PRT,7414
708594,142,179,1242,2004.0,0.0,96850.0,1.2290379999999999,-0.025372,MLT,PRT,7414
708595,147,179,1242,2004.0,1550.0,304040.0,-1.009633,-0.9863059999999999,MOZ,PRT,7414
708596,148,179,1242,2004.0,0.0,91660.0,-1.8941119999999998,-1.357728,MRT,PRT,7414
708597,151,179,1242,2004.0,0.0,2164.0,-0.161262,-0.29730300000000004,MUS,PRT,7414
708598,153,179,1242,2004.0,0.0,20706.0,1.250098,0.352379,MYS,PRT,7414
708599,159,179,1242,2004.0,0.0,4856.0,-2.336753,-1.350375,NGA,PRT,7414
708600,162,179,1242,2004.0,1190730.0,1588661.0,1.171327,1.6369799999999999,NLD,PRT,7414
708601,163,179,1242,2004.0,8098.0,223119.0,0.731175,-0.0655,NOR,PRT,7414
708602,166,179,1242,2004.0,0.0,432306.0,0.44099099999999997,0.968326,NZL,PRT,7414
708603,169,179,1242,2004.0,0.0,2211.0,0.054997000000000004,0.440416,PAN,PRT,7414
708604,174,179,1242,2004.0,0.0,17185.0,0.288786,-0.25348699999999996,PHL,PRT,7414
708605,177,179,1242,2004.0,43457.0,0.0,0.989568,1.49055,POL,PRT,7414
708606,183,179,1242,2004.0,0.0,82481.0,0.018141,-1.03766,QAT,PRT,7414
708607,185,179,1242,2004.0,0.0,37082.0,0.53925,1.145066,ROU,PRT,7414
708608,186,179,1242,2004.0,0.0,279646.0,0.422803,0.017524,RUS,PRT,7414
708609,188,179,1242,2004.0,0.0,113997.0,0.361324,-0.760732,SAU,PRT,7414
708610,191,179,1242,2004.0,24868.0,0.0,-0.620158,-0.296575,SEN,PRT,7414
708611,192,179,1242,2004.0,0.0,7893.0,1.804502,0.570084,SGP,PRT,7414
708612,203,179,1242,2004.0,0.0,88642.0,0.49046999999999996,0.019015999999999998,STP,PRT,7414
708613,206,179,1242,2004.0,44063.0,0.0,1.2683149999999999,0.9208620000000001,SVK,PRT,7414
708614,207,179,1242,2004.0,9065.0,0.0,1.700677,0.829765,SVN,PRT,7414
708615,208,179,1242,2004.0,941856.0,443734.0,2.105611,0.707843,SWE,PRT,7414
708616,216,179,1242,2004.0,22980.0,0.0,0.633501,1.4648290000000002,THA,PRT,7414
708617,222,179,1242,2004.0,0.0,2190.0,-0.108049,-0.923523,TTO,PRT,7414
708618,223,179,1242,2004.0,0.0,212433.0,-0.125092,0.370625,TUN,PRT,7414
708619,224,179,1242,2004.0,525299.0,14555.0,0.249065,1.910598,TUR,PRT,7414
708620,228,179,1242,2004.0,0.0,164373.0,0.672848,1.172735,UKR,PRT,7414
708621,230,179,1242,2004.0,0.0,1659.0,-0.051583000000000004,0.145056,URY,PRT,7414
708622,231,179,1242,2004.0,435442.0,154595.0,1.818327,-0.17913900000000002,USA,PRT,7414
708623,246,179,1242,2004.0,1303.0,6742.0,0.29599699999999995,1.909018,ZAF,PRT,7414
708624,249,179,1242,2004.0,39167.0,0.0,1.8844150000000002,1.257951,TWN,PRT,7414
708625,7,183,1242,2004.0,1481418.0,9535.0,-0.10993399999999999,-0.5351640000000001,ARE,QAT,7414
708626,14,183,1242,2004.0,89282.0,0.0,-0.198735,0.81543,AUS,QAT,7414
708627,18,183,1242,2004.0,7488.0,0.0,1.242665,1.541444,BEL,QAT,7414
708628,24,183,1242,2004.0,79422.0,3424.0,-0.551237,-1.174628,BHR,QAT,7414
708629,32,183,1242,2004.0,11477.0,0.0,0.504233,1.567879,BRA,QAT,7414
708630,39,183,1242,2004.0,31707.0,0.0,0.781591,1.365966,CAN,QAT,7414
708631,43,183,1242,2004.0,115752.0,0.0,0.710603,2.017234,CHN,QAT,7414
708632,58,183,1242,2004.0,220777.0,0.0,0.42732200000000004,0.811763,CYP,QAT,7414
708633,61,183,1242,2004.0,678770.0,0.0,2.4453099999999997,-2.331761,DEU,QAT,7414
708634,64,183,1242,2004.0,85432.0,0.0,1.309074,1.2627979999999999,DNK,QAT,7414
708635,71,183,1242,2004.0,461640.0,0.0,1.04057,1.789023,ESP,QAT,7414
708636,77,183,1242,2004.0,7956643.0,0.0,1.57079,0.6776760000000001,FRA,QAT,7414
708637,81,183,1242,2004.0,3556206.0,0.0,1.872987,0.734065,GBR,QAT,7414
708638,97,183,1242,2004.0,1002.0,0.0,0.72816,1.403171,HKG,QAT,7414
708639,102,183,1242,2004.0,1378.0,0.0,1.3579370000000002,0.9993219999999999,HUN,QAT,7414
708640,104,183,1242,2004.0,954644.0,0.0,0.20872,2.817307,IND,QAT,7414
708641,106,183,1242,2004.0,158012.0,0.0,1.498475,0.19050799999999998,IRL,QAT,7414
708642,111,183,1242,2004.0,2328050.0,0.0,1.440372,0.676068,ITA,QAT,7414
708643,113,183,1242,2004.0,23714.0,0.0,0.16384200000000002,0.34270100000000003,JOR,QAT,7414
708644,114,183,1242,2004.0,237443.0,0.0,2.756136,0.15545,JPN,QAT,7414
708645,121,183,1242,2004.0,102064.0,0.0,1.481275,0.7859,KOR,QAT,7414
708646,122,183,1242,2004.0,24823.0,0.0,-0.8195479999999999,-1.2105709999999998,KWT,QAT,7414
708647,124,183,1242,2004.0,13550.0,0.0,0.269753,1.3152979999999999,LBN,QAT,7414
708648,131,183,1242,2004.0,3100.0,0.0,1.258828,1.079923,LUX,QAT,7414
708649,153,183,1242,2004.0,12825.0,0.0,1.250098,0.352379,MYS,QAT,7414
708650,162,183,1242,2004.0,301983.0,0.0,1.171327,1.6369799999999999,NLD,QAT,7414
708651,166,183,1242,2004.0,1355.0,0.0,0.44099099999999997,0.968326,NZL,QAT,7414
708652,168,183,1242,2004.0,135404.0,0.0,-0.7489600000000001,0.22493200000000002,PAK,QAT,7414
708653,174,183,1242,2004.0,12417.0,0.0,0.288786,-0.25348699999999996,PHL,QAT,7414
708654,179,183,1242,2004.0,82481.0,0.0,0.705075,1.7268729999999999,PRT,QAT,7414
708655,188,183,1242,2004.0,59033.0,3197.0,0.361324,-0.760732,SAU,QAT,7414
708656,212,183,1242,2004.0,9776.0,0.0,-0.698545,-0.111323,SYR,QAT,7414
708657,216,183,1242,2004.0,595524.0,0.0,0.633501,1.4648290000000002,THA,QAT,7414
708658,224,183,1242,2004.0,3469.0,0.0,0.249065,1.910598,TUR,QAT,7414
708659,231,183,1242,2004.0,978493.0,0.0,1.818327,-0.17913900000000002,USA,QAT,7414
708660,246,183,1242,2004.0,11319.0,0.0,0.29599699999999995,1.909018,ZAF,QAT,7414
708661,249,183,1242,2004.0,50262.0,0.0,1.8844150000000002,1.257951,TWN,QAT,7414
708662,250,183,1242,2004.0,1340.0,0.0,0.46240200000000004,-0.406624,ANS,QAT,7414
708663,7,191,1242,2004.0,2322.0,0.0,-0.10993399999999999,-0.5351640000000001,ARE,SEN,7414
708664,15,191,1242,2004.0,4964.0,0.0,1.958949,0.209296,AUT,SEN,7414
708665,18,191,1242,2004.0,211124.0,0.0,1.242665,1.541444,BEL,SEN,7414
708666,39,191,1242,2004.0,2754.0,0.0,0.781591,1.365966,CAN,SEN,7414
708667,43,191,1242,2004.0,24971.0,0.0,0.710603,2.017234,CHN,SEN,7414
708668,61,191,1242,2004.0,145711.0,0.0,2.4453099999999997,-2.331761,DEU,SEN,7414
708669,64,191,1242,2004.0,12412.0,0.0,1.309074,1.2627979999999999,DNK,SEN,7414
708670,71,191,1242,2004.0,457800.0,3603.0,1.04057,1.789023,ESP,SEN,7414
708671,77,191,1242,2004.0,2294809.0,0.0,1.57079,0.6776760000000001,FRA,SEN,7414
708672,81,191,1242,2004.0,120956.0,0.0,1.872987,0.734065,GBR,SEN,7414
708673,90,191,1242,2004.0,242534.0,0.0,0.298029,1.745886,GRC,SEN,7414
708674,103,191,1242,2004.0,3401.0,0.0,0.010095999999999999,1.7413779999999999,IDN,SEN,7414
708675,111,191,1242,2004.0,781519.0,1864.0,1.440372,0.676068,ITA,SEN,7414
708676,114,191,1242,2004.0,130799.0,0.0,2.756136,0.15545,JPN,SEN,7414
708677,116,191,1242,2004.0,0.0,1667.0,-0.565597,0.182375,KEN,SEN,7414
708678,121,191,1242,2004.0,124377.0,0.0,1.481275,0.7859,KOR,SEN,7414
708679,124,191,1242,2004.0,9661.0,0.0,0.269753,1.3152979999999999,LBN,SEN,7414
708680,141,191,1242,2004.0,0.0,4192.0,-0.5807979999999999,-0.797311,MLI,SEN,7414
708681,148,191,1242,2004.0,0.0,1708.0,-1.8941119999999998,-1.357728,MRT,SEN,7414
708682,162,191,1242,2004.0,7828.0,0.0,1.171327,1.6369799999999999,NLD,SEN,7414
708683,168,191,1242,2004.0,15915.0,0.0,-0.7489600000000001,0.22493200000000002,PAK,SEN,7414
708684,179,191,1242,2004.0,0.0,24868.0,0.705075,1.7268729999999999,PRT,SEN,7414
708685,223,191,1242,2004.0,362812.0,0.0,-0.125092,0.370625,TUN,SEN,7414
708686,224,191,1242,2004.0,26063.0,0.0,0.249065,1.910598,TUR,SEN,7414
708687,226,191,1242,2004.0,0.0,14412.0,-0.935327,0.362709,TZA,SEN,7414
708688,231,191,1242,2004.0,117632.0,0.0,1.818327,-0.17913900000000002,USA,SEN,7414
708689,246,191,1242,2004.0,65223.0,0.0,0.29599699999999995,1.909018,ZAF,SEN,7414
708690,249,191,1242,2004.0,24179.0,0.0,1.8844150000000002,1.257951,TWN,SEN,7414
708691,61,203,1242,2004.0,24855.0,3435.0,2.4453099999999997,-2.331761,DEU,STP,7414
708692,77,203,1242,2004.0,0.0,124819.0,1.57079,0.6776760000000001,FRA,STP,7414
708693,111,203,1242,2004.0,2217.0,0.0,1.440372,0.676068,ITA,STP,7414
708694,179,203,1242,2004.0,88642.0,0.0,0.705075,1.7268729999999999,PRT,STP,7414
708695,9,212,1242,2004.0,1217.0,0.0,0.497276,-0.226016,ARM,SYR,7414
708696,15,212,1242,2004.0,41882.0,0.0,1.958949,0.209296,AUT,SYR,7414
708697,16,212,1242,2004.0,0.0,149906.0,-0.720616,-1.009692,AZE,SYR,7414
708698,18,212,1242,2004.0,119565.0,0.0,1.242665,1.541444,BEL,SYR,7414
708699,39,212,1242,2004.0,38878.0,0.0,0.781591,1.365966,CAN,SYR,7414
708700,43,212,1242,2004.0,1488939.0,0.0,0.710603,2.017234,CHN,SYR,7414
708701,61,212,1242,2004.0,165130.0,0.0,2.4453099999999997,-2.331761,DEU,SYR,7414
708702,64,212,1242,2004.0,131398.0,0.0,1.309074,1.2627979999999999,DNK,SYR,7414
708703,66,212,1242,2004.0,0.0,21972.0,-1.166661,-1.2240879999999998,DZA,SYR,7414
708704,68,212,1242,2004.0,1014283.0,0.0,-0.35823499999999997,0.5000100000000001,EGY,SYR,7414
708705,71,212,1242,2004.0,227678.0,0.0,1.04057,1.789023,ESP,SYR,7414
708706,77,212,1242,2004.0,1533478.0,0.0,1.57079,0.6776760000000001,FRA,SYR,7414
708707,81,212,1242,2004.0,74784.0,0.0,1.872987,0.734065,GBR,SYR,7414
708708,82,212,1242,2004.0,0.0,48529.0,-0.030676,-0.560186,GEO,SYR,7414
708709,104,212,1242,2004.0,149180.0,0.0,0.20872,2.817307,IND,SYR,7414
708710,106,212,1242,2004.0,89567.0,0.0,1.498475,0.19050799999999998,IRL,SYR,7414
708711,108,212,1242,2004.0,0.0,1597151.0,-1.50824,-1.082486,IRQ,SYR,7414
708712,111,212,1242,2004.0,7707924.0,5232.0,1.440372,0.676068,ITA,SYR,7414
708713,113,212,1242,2004.0,70708.0,55178.0,0.16384200000000002,0.34270100000000003,JOR,SYR,7414
708714,114,212,1242,2004.0,18152.0,0.0,2.756136,0.15545,JPN,SYR,7414
708715,121,212,1242,2004.0,1117234.0,0.0,1.481275,0.7859,KOR,SYR,7414
708716,122,212,1242,2004.0,0.0,12410.0,-0.8195479999999999,-1.2105709999999998,KWT,SYR,7414
708717,124,212,1242,2004.0,2998482.0,272099.0,0.269753,1.3152979999999999,LBN,SYR,7414
708718,131,212,1242,2004.0,217805.0,0.0,1.258828,1.079923,LUX,SYR,7414
708719,134,212,1242,2004.0,0.0,9867.0,-0.626594,-0.22253499999999998,MAR,SYR,7414
708720,153,212,1242,2004.0,17300.0,0.0,1.250098,0.352379,MYS,SYR,7414
708721,162,212,1242,2004.0,179025.0,0.0,1.171327,1.6369799999999999,NLD,SYR,7414
708722,183,212,1242,2004.0,0.0,9776.0,0.018141,-1.03766,QAT,SYR,7414
708723,186,212,1242,2004.0,0.0,64814.0,0.422803,0.017524,RUS,SYR,7414
708724,188,212,1242,2004.0,27539.0,0.0,0.361324,-0.760732,SAU,SYR,7414
708725,190,212,1242,2004.0,0.0,93999.0,-1.503552,-1.253193,SDN,SYR,7414
708726,216,212,1242,2004.0,23295.0,0.0,0.633501,1.4648290000000002,THA,SYR,7414
708727,224,212,1242,2004.0,66836.0,0.0,0.249065,1.910598,TUR,SYR,7414
708728,231,212,1242,2004.0,708800.0,0.0,1.818327,-0.17913900000000002,USA,SYR,7414
708729,232,212,1242,2004.0,0.0,528999.0,-0.518472,-0.7689779999999999,UZB,SYR,7414
708730,243,212,1242,2004.0,0.0,65396.0,-1.298227,-1.2496639999999999,YEM,SYR,7414
708731,249,212,1242,2004.0,48014.0,0.0,1.8844150000000002,1.257951,TWN,SYR,7414
708732,250,212,1242,2004.0,10363421.0,0.0,0.46240200000000004,-0.406624,ANS,SYR,7414
708733,7,226,1242,2004.0,32314.0,0.0,-0.10993399999999999,-0.5351640000000001,ARE,TZA,7414
708734,14,226,1242,2004.0,7009.0,0.0,-0.198735,0.81543,AUS,TZA,7414
708735,15,226,1242,2004.0,21016.0,0.0,1.958949,0.209296,AUT,TZA,7414
708736,18,226,1242,2004.0,124508.0,0.0,1.242665,1.541444,BEL,TZA,7414
708737,43,226,1242,2004.0,161996.0,0.0,0.710603,2.017234,CHN,TZA,7414
708738,61,226,1242,2004.0,553281.0,0.0,2.4453099999999997,-2.331761,DEU,TZA,7414
708739,64,226,1242,2004.0,27404.0,0.0,1.309074,1.2627979999999999,DNK,TZA,7414
708740,71,226,1242,2004.0,29215.0,0.0,1.04057,1.789023,ESP,TZA,7414
708741,74,226,1242,2004.0,78029.0,0.0,1.9662810000000002,1.018108,FIN,TZA,7414
708742,77,226,1242,2004.0,609759.0,0.0,1.57079,0.6776760000000001,FRA,TZA,7414
708743,81,226,1242,2004.0,163847.0,0.0,1.872987,0.734065,GBR,TZA,7414
708744,90,226,1242,2004.0,158815.0,0.0,0.298029,1.745886,GRC,TZA,7414
708745,97,226,1242,2004.0,7087.0,0.0,0.72816,1.403171,HKG,TZA,7414
708746,103,226,1242,2004.0,313730.0,0.0,0.010095999999999999,1.7413779999999999,IDN,TZA,7414
708747,104,226,1242,2004.0,164561.0,20907.0,0.20872,2.817307,IND,TZA,7414
708748,106,226,1242,2004.0,2171.0,0.0,1.498475,0.19050799999999998,IRL,TZA,7414
708749,107,226,1242,2004.0,8833.0,0.0,-0.6691699999999999,-1.002548,IRN,TZA,7414
708750,111,226,1242,2004.0,455247.0,0.0,1.440372,0.676068,ITA,TZA,7414
708751,114,226,1242,2004.0,109381.0,0.0,2.756136,0.15545,JPN,TZA,7414
708752,116,226,1242,2004.0,54983.0,35652.0,-0.565597,0.182375,KEN,TZA,7414
708753,121,226,1242,2004.0,1101.0,0.0,1.481275,0.7859,KOR,TZA,7414
708754,124,226,1242,2004.0,29477.0,0.0,0.269753,1.3152979999999999,LBN,TZA,7414
708755,131,226,1242,2004.0,433533.0,0.0,1.258828,1.079923,LUX,TZA,7414
708756,147,226,1242,2004.0,0.0,624289.0,-1.009633,-0.9863059999999999,MOZ,TZA,7414
708757,153,226,1242,2004.0,7770.0,0.0,1.250098,0.352379,MYS,TZA,7414
708758,162,226,1242,2004.0,96151.0,0.0,1.171327,1.6369799999999999,NLD,TZA,7414
708759,188,226,1242,2004.0,2431.0,0.0,0.361324,-0.760732,SAU,TZA,7414
708760,191,226,1242,2004.0,14412.0,0.0,-0.620158,-0.296575,SEN,TZA,7414
708761,192,226,1242,2004.0,230926.0,0.0,1.804502,0.570084,SGP,TZA,7414
708762,216,226,1242,2004.0,620502.0,0.0,0.633501,1.4648290000000002,THA,TZA,7414
708763,224,226,1242,2004.0,20254.0,0.0,0.249065,1.910598,TUR,TZA,7414
708764,231,226,1242,2004.0,23537.0,0.0,1.818327,-0.17913900000000002,USA,TZA,7414
708765,246,226,1242,2004.0,165181.0,0.0,0.29599699999999995,1.909018,ZAF,TZA,7414
708766,247,226,1242,2004.0,0.0,2171.0,-0.8752479999999999,-0.784285,ZMB,TZA,7414
708767,7,227,1242,2004.0,25715.0,0.0,-0.10993399999999999,-0.5351640000000001,ARE,UGA,7414
708768,15,227,1242,2004.0,3332.0,0.0,1.958949,0.209296,AUT,UGA,7414
708769,18,227,1242,2004.0,224030.0,0.0,1.242665,1.541444,BEL,UGA,7414
708770,43,227,1242,2004.0,121907.0,0.0,0.710603,2.017234,CHN,UGA,7414
708771,47,227,1242,2004.0,0.0,1910.0,-1.415254,-1.24599,COG,UGA,7414
708772,61,227,1242,2004.0,7088.0,0.0,2.4453099999999997,-2.331761,DEU,UGA,7414
708773,64,227,1242,2004.0,91837.0,0.0,1.309074,1.2627979999999999,DNK,UGA,7414
708774,77,227,1242,2004.0,16456.0,0.0,1.57079,0.6776760000000001,FRA,UGA,7414
708775,81,227,1242,2004.0,75443.0,0.0,1.872987,0.734065,GBR,UGA,7414
708776,90,227,1242,2004.0,37973.0,0.0,0.298029,1.745886,GRC,UGA,7414
708777,99,227,1242,2004.0,0.0,5338.0,-0.6372140000000001,-0.453946,HND,UGA,7414
708778,103,227,1242,2004.0,170206.0,0.0,0.010095999999999999,1.7413779999999999,IDN,UGA,7414
708779,104,227,1242,2004.0,34574.0,0.0,0.20872,2.817307,IND,UGA,7414
708780,110,227,1242,2004.0,1754.0,0.0,1.252895,0.8662770000000001,ISR,UGA,7414
708781,111,227,1242,2004.0,358338.0,0.0,1.440372,0.676068,ITA,UGA,7414
708782,114,227,1242,2004.0,51526.0,0.0,2.756136,0.15545,JPN,UGA,7414
708783,116,227,1242,2004.0,85204.0,1029.0,-0.565597,0.182375,KEN,UGA,7414
708784,121,227,1242,2004.0,2208.0,11827.0,1.481275,0.7859,KOR,UGA,7414
708785,124,227,1242,2004.0,2402.0,0.0,0.269753,1.3152979999999999,LBN,UGA,7414
708786,131,227,1242,2004.0,96780.0,0.0,1.258828,1.079923,LUX,UGA,7414
708787,162,227,1242,2004.0,218069.0,0.0,1.171327,1.6369799999999999,NLD,UGA,7414
708788,163,227,1242,2004.0,17509.0,0.0,0.731175,-0.0655,NOR,UGA,7414
708789,187,227,1242,2004.0,0.0,1963.0,-1.3090190000000002,-1.063632,RWA,UGA,7414
708790,208,227,1242,2004.0,5188.0,0.0,2.105611,0.707843,SWE,UGA,7414
708791,224,227,1242,2004.0,12431.0,0.0,0.249065,1.910598,TUR,UGA,7414
708792,231,227,1242,2004.0,53807.0,0.0,1.818327,-0.17913900000000002,USA,UGA,7414
708793,246,227,1242,2004.0,122151.0,0.0,0.29599699999999995,1.909018,ZAF,UGA,7414
708794,249,227,1242,2004.0,1086.0,0.0,1.8844150000000002,1.257951,TWN,UGA,7414
708795,14,239,1242,2004.0,40273.0,0.0,-0.198735,0.81543,AUS,VNM,7414
708796,15,239,1242,2004.0,43318.0,0.0,1.958949,0.209296,AUT,VNM,7414
708797,18,239,1242,2004.0,801999.0,0.0,1.242665,1.541444,BEL,VNM,7414
708798,32,239,1242,2004.0,3026.0,0.0,0.504233,1.567879,BRA,VNM,7414
708799,39,239,1242,2004.0,238020.0,0.0,0.781591,1.365966,CAN,VNM,7414
708800,43,239,1242,2004.0,6374609.0,0.0,0.710603,2.017234,CHN,VNM,7414
708801,59,239,1242,2004.0,1016.0,0.0,1.612543,0.607495,CZE,VNM,7414
708802,61,239,1242,2004.0,933738.0,0.0,2.4453099999999997,-2.331761,DEU,VNM,7414
708803,64,239,1242,2004.0,804136.0,0.0,1.309074,1.2627979999999999,DNK,VNM,7414
708804,71,239,1242,2004.0,142352.0,0.0,1.04057,1.789023,ESP,VNM,7414
708805,77,239,1242,2004.0,999281.0,0.0,1.57079,0.6776760000000001,FRA,VNM,7414
708806,81,239,1242,2004.0,94376.0,0.0,1.872987,0.734065,GBR,VNM,7414
708807,97,239,1242,2004.0,1442302.0,0.0,0.72816,1.403171,HKG,VNM,7414
708808,103,239,1242,2004.0,1642651.0,0.0,0.010095999999999999,1.7413779999999999,IDN,VNM,7414
708809,104,239,1242,2004.0,24868.0,0.0,0.20872,2.817307,IND,VNM,7414
708810,106,239,1242,2004.0,2474.0,0.0,1.498475,0.19050799999999998,IRL,VNM,7414
708811,111,239,1242,2004.0,590376.0,0.0,1.440372,0.676068,ITA,VNM,7414
708812,113,239,1242,2004.0,0.0,122526.0,0.16384200000000002,0.34270100000000003,JOR,VNM,7414
708813,114,239,1242,2004.0,4760668.0,698466.0,2.756136,0.15545,JPN,VNM,7414
708814,121,239,1242,2004.0,12316566.0,10446.0,1.481275,0.7859,KOR,VNM,7414
708815,123,239,1242,2004.0,0.0,3003.0,-0.9964770000000001,-0.9475,LAO,VNM,7414
708816,128,239,1242,2004.0,0.0,29528.0,-0.42450299999999996,0.173518,LKA,VNM,7414
708817,131,239,1242,2004.0,909040.0,0.0,1.258828,1.079923,LUX,VNM,7414
708818,153,239,1242,2004.0,1006816.0,0.0,1.250098,0.352379,MYS,VNM,7414
708819,162,239,1242,2004.0,1508874.0,0.0,1.171327,1.6369799999999999,NLD,VNM,7414
708820,166,239,1242,2004.0,9738.0,0.0,0.44099099999999997,0.968326,NZL,VNM,7414
708821,174,239,1242,2004.0,363034.0,4835.0,0.288786,-0.25348699999999996,PHL,VNM,7414
708822,186,239,1242,2004.0,66872.0,15627.0,0.422803,0.017524,RUS,VNM,7414
708823,192,239,1242,2004.0,2497948.0,13327.0,1.804502,0.570084,SGP,VNM,7414
708824,208,239,1242,2004.0,835946.0,0.0,2.105611,0.707843,SWE,VNM,7414
708825,216,239,1242,2004.0,4839416.0,0.0,0.633501,1.4648290000000002,THA,VNM,7414
708826,220,239,1242,2004.0,0.0,1111.0,0.437675,-0.21816300000000002,TLS,VNM,7414
708827,224,239,1242,2004.0,4674.0,5025.0,0.249065,1.910598,TUR,VNM,7414
708828,228,239,1242,2004.0,7460.0,0.0,0.672848,1.172735,UKR,VNM,7414
708829,231,239,1242,2004.0,1615803.0,116465.0,1.818327,-0.17913900000000002,USA,VNM,7414
708830,249,239,1242,2004.0,5663488.0,21347.0,1.8844150000000002,1.257951,TWN,VNM,7414
708831,7,247,1242,2004.0,12954.0,0.0,-0.10993399999999999,-0.5351640000000001,ARE,ZMB,7414
708832,37,247,1242,2004.0,9768.0,0.0,-0.435159,-1.150519,BWA,ZMB,7414
708833,43,247,1242,2004.0,135249.0,0.0,0.710603,2.017234,CHN,ZMB,7414
708834,64,247,1242,2004.0,3876.0,0.0,1.309074,1.2627979999999999,DNK,ZMB,7414
708835,77,247,1242,2004.0,86578.0,0.0,1.57079,0.6776760000000001,FRA,ZMB,7414
708836,81,247,1242,2004.0,14210.0,0.0,1.872987,0.734065,GBR,ZMB,7414
708837,104,247,1242,2004.0,28242.0,0.0,0.20872,2.817307,IND,ZMB,7414
708838,111,247,1242,2004.0,11116.0,0.0,1.440372,0.676068,ITA,ZMB,7414
708839,114,247,1242,2004.0,28008.0,0.0,2.756136,0.15545,JPN,ZMB,7414
708840,116,247,1242,2004.0,3856.0,0.0,-0.565597,0.182375,KEN,ZMB,7414
708841,124,247,1242,2004.0,1327.0,0.0,0.269753,1.3152979999999999,LBN,ZMB,7414
708842,131,247,1242,2004.0,125782.0,0.0,1.258828,1.079923,LUX,ZMB,7414
708843,152,247,1242,2004.0,0.0,3334.0,-1.233417,-1.071204,MWI,ZMB,7414
708844,192,247,1242,2004.0,2774.0,0.0,1.804502,0.570084,SGP,ZMB,7414
708845,208,247,1242,2004.0,5216.0,0.0,2.105611,0.707843,SWE,ZMB,7414
708846,226,247,1242,2004.0,2171.0,0.0,-0.935327,0.362709,TZA,ZMB,7414
708847,231,247,1242,2004.0,308017.0,0.0,1.818327,-0.17913900000000002,USA,ZMB,7414
708848,246,247,1242,2004.0,1364222.0,0.0,0.29599699999999995,1.909018,ZAF,ZMB,7414
708849,248,247,1242,2004.0,128114.0,0.0,-0.44064799999999993,0.01704,ZWE,ZMB,7414
708850,249,247,1242,2004.0,7283.0,0.0,1.8844150000000002,1.257951,TWN,ZMB,7414
708851,7,248,1242,2004.0,12483.0,0.0,-0.10993399999999999,-0.5351640000000001,ARE,ZWE,7414
708852,14,248,1242,2004.0,53540.0,0.0,-0.198735,0.81543,AUS,ZWE,7414
708853,43,248,1242,2004.0,114122.0,0.0,0.710603,2.017234,CHN,ZWE,7414
708854,61,248,1242,2004.0,39882.0,0.0,2.4453099999999997,-2.331761,DEU,ZWE,7414
708855,77,248,1242,2004.0,12058.0,0.0,1.57079,0.6776760000000001,FRA,ZWE,7414
708856,81,248,1242,2004.0,38255.0,0.0,1.872987,0.734065,GBR,ZWE,7414
708857,104,248,1242,2004.0,4972.0,0.0,0.20872,2.817307,IND,ZWE,7414
708858,111,248,1242,2004.0,14334.0,0.0,1.440372,0.676068,ITA,ZWE,7414
708859,121,248,1242,2004.0,6523.0,0.0,1.481275,0.7859,KOR,ZWE,7414
708860,152,248,1242,2004.0,0.0,1095.0,-1.233417,-1.071204,MWI,ZWE,7414
708861,153,248,1242,2004.0,10037.0,0.0,1.250098,0.352379,MYS,ZWE,7414
708862,162,248,1242,2004.0,13508.0,0.0,1.171327,1.6369799999999999,NLD,ZWE,7414
708863,178,248,1242,2004.0,9177.0,0.0,0.695376,0.9732209999999999,PRK,ZWE,7414
708864,208,248,1242,2004.0,45850.0,0.0,2.105611,0.707843,SWE,ZWE,7414
708865,209,248,1242,2004.0,31574.0,0.0,0.528937,-0.241038,SWZ,ZWE,7414
708866,216,248,1242,2004.0,11889.0,0.0,0.633501,1.4648290000000002,THA,ZWE,7414
708867,246,248,1242,2004.0,1040954.0,0.0,0.29599699999999995,1.909018,ZAF,ZWE,7414
708868,247,248,1242,2004.0,0.0,128114.0,-0.8752479999999999,-0.784285,ZMB,ZWE,7414
708869,250,248,1242,2004.0,87119.0,0.0,0.46240200000000004,-0.406624,ANS,ZWE,7414
708870,7,73,1242,2004.0,18252.0,0.0,-0.10993399999999999,-0.5351640000000001,ARE,ETH,7414
708871,15,73,1242,2004.0,17093.0,0.0,1.958949,0.209296,AUT,ETH,7414
708872,43,73,1242,2004.0,877988.0,0.0,0.710603,2.017234,CHN,ETH,7414
708873,59,73,1242,2004.0,31400.0,0.0,1.612543,0.607495,CZE,ETH,7414
708874,61,73,1242,2004.0,590199.0,0.0,2.4453099999999997,-2.331761,DEU,ETH,7414
708875,62,73,1242,2004.0,2476.0,0.0,-0.370222,-0.28660399999999997,DJI,ETH,7414
708876,64,73,1242,2004.0,35996.0,0.0,1.309074,1.2627979999999999,DNK,ETH,7414
708877,71,73,1242,2004.0,1810.0,0.0,1.04057,1.789023,ESP,ETH,7414
708878,74,73,1242,2004.0,30917.0,0.0,1.9662810000000002,1.018108,FIN,ETH,7414
708879,77,73,1242,2004.0,48887.0,0.0,1.57079,0.6776760000000001,FRA,ETH,7414
708880,81,73,1242,2004.0,107064.0,0.0,1.872987,0.734065,GBR,ETH,7414
708881,104,73,1242,2004.0,28997.0,0.0,0.20872,2.817307,IND,ETH,7414
708882,111,73,1242,2004.0,209898.0,0.0,1.440372,0.676068,ITA,ETH,7414
708883,114,73,1242,2004.0,14592.0,0.0,2.756136,0.15545,JPN,ETH,7414
708884,162,73,1242,2004.0,670347.0,0.0,1.171327,1.6369799999999999,NLD,ETH,7414
708885,179,73,1242,2004.0,5721.0,0.0,0.705075,1.7268729999999999,PRT,ETH,7414
708886,188,73,1242,2004.0,3115.0,0.0,0.361324,-0.760732,SAU,ETH,7414
708887,208,73,1242,2004.0,35634.0,0.0,2.105611,0.707843,SWE,ETH,7414
708888,216,73,1242,2004.0,196708.0,0.0,0.633501,1.4648290000000002,THA,ETH,7414
708889,224,73,1242,2004.0,7387.0,0.0,0.249065,1.910598,TUR,ETH,7414
708890,231,73,1242,2004.0,23714.0,0.0,1.818327,-0.17913900000000002,USA,ETH,7414
708891,246,73,1242,2004.0,71304.0,0.0,0.29599699999999995,1.909018,ZAF,ETH,7414
708892,6,120,1242,2004.0,8296.0,0.0,0.080304,-0.634516,ANT,KNA,7414
708893,13,120,1242,2004.0,2567.0,0.0,-0.28271,-0.850197,ATG,KNA,7414
708894,39,120,1242,2004.0,11785.0,0.0,0.781591,1.365966,CAN,KNA,7414
708895,64,120,1242,2004.0,7604.0,0.0,1.309074,1.2627979999999999,DNK,KNA,7414
708896,222,120,1242,2004.0,31395.0,0.0,-0.108049,-0.923523,TTO,KNA,7414
708897,231,120,1242,2004.0,109908.0,0.0,1.818327,-0.17913900000000002,USA,KNA,7414
708898,43,127,1242,2004.0,1215.0,0.0,0.710603,2.017234,CHN,LCA,7414
708899,61,127,1242,2004.0,4062.0,0.0,2.4453099999999997,-2.331761,DEU,LCA,7414
708900,64,127,1242,2004.0,17584.0,0.0,1.309074,1.2627979999999999,DNK,LCA,7414
708901,74,127,1242,2004.0,22456.0,0.0,1.9662810000000002,1.018108,FIN,LCA,7414
708902,77,127,1242,2004.0,1000.0,0.0,1.57079,0.6776760000000001,FRA,LCA,7414
708903,81,127,1242,2004.0,21094.0,0.0,1.872987,0.734065,GBR,LCA,7414
708904,91,127,1242,2004.0,4587.0,0.0,0.426058,-0.30841799999999997,GRD,LCA,7414
708905,111,127,1242,2004.0,3027.0,0.0,1.440372,0.676068,ITA,LCA,7414
708906,138,127,1242,2004.0,2008.0,0.0,1.183707,0.9043700000000001,MEX,LCA,7414
708907,162,127,1242,2004.0,8097.0,0.0,1.171327,1.6369799999999999,NLD,LCA,7414
708908,222,127,1242,2004.0,20394.0,0.0,-0.108049,-0.923523,TTO,LCA,7414
708909,231,127,1242,2004.0,327518.0,0.0,1.818327,-0.17913900000000002,USA,LCA,7414
708910,14,149,1242,2004.0,21048.0,0.0,-0.198735,0.81543,AUS,MSR,7414
708911,81,149,1242,2004.0,11964.0,0.0,1.872987,0.734065,GBR,MSR,7414
708912,231,149,1242,2004.0,8313.0,0.0,1.818327,-0.17913900000000002,USA,MSR,7414
708913,18,234,1242,2004.0,56678.0,0.0,1.242665,1.541444,BEL,VCT,7414
708914,39,234,1242,2004.0,4711.0,0.0,0.781591,1.365966,CAN,VCT,7414
708915,41,234,1242,2004.0,1168.0,0.0,2.234603,0.551975,CHE,VCT,7414
708916,64,234,1242,2004.0,23887.0,0.0,1.309074,1.2627979999999999,DNK,VCT,7414
708917,81,234,1242,2004.0,400782.0,0.0,1.872987,0.734065,GBR,VCT,7414
708918,111,234,1242,2004.0,72975.0,0.0,1.440372,0.676068,ITA,VCT,7414
708919,114,234,1242,2004.0,1178021.0,0.0,2.756136,0.15545,JPN,VCT,7414
708920,162,234,1242,2004.0,1701.0,0.0,1.171327,1.6369799999999999,NLD,VCT,7414
708921,186,234,1242,2004.0,12271.0,0.0,0.422803,0.017524,RUS,VCT,7414
708922,222,234,1242,2004.0,116317.0,0.0,-0.108049,-0.923523,TTO,VCT,7414
708923,231,234,1242,2004.0,157234.0,0.0,1.818327,-0.17913900000000002,USA,VCT,7414
708924,39,237,1242,2004.0,0.0,1636.0,0.781591,1.365966,CAN,VGB,7414
708925,64,237,1242,2004.0,444348.0,0.0,1.309074,1.2627979999999999,DNK,VGB,7414
708926,74,237,1242,2004.0,60781.0,0.0,1.9662810000000002,1.018108,FIN,VGB,7414
708927,77,237,1242,2004.0,29848.0,0.0,1.57079,0.6776760000000001,FRA,VGB,7414
708928,103,237,1242,2004.0,1457.0,0.0,0.010095999999999999,1.7413779999999999,IDN,VGB,7414
708929,153,237,1242,2004.0,0.0,5713.0,1.250098,0.352379,MYS,VGB,7414
708930,222,237,1242,2004.0,2125.0,0.0,-0.108049,-0.923523,TTO,VGB,7414
708931,224,237,1242,2004.0,0.0,6924.0,0.249065,1.910598,TUR,VGB,7414
708932,231,237,1242,2004.0,371763.0,0.0,1.818327,-0.17913900000000002,USA,VGB,7414
708933,43,5,1242,2004.0,2422.0,0.0,0.710603,2.017234,CHN,AND,7414
708934,61,5,1242,2004.0,2196.0,0.0,2.4453099999999997,-2.331761,DEU,AND,7414
708935,71,5,1242,2004.0,1747143.0,18446.0,1.04057,1.789023,ESP,AND,7414
708936,77,5,1242,2004.0,101291.0,0.0,1.57079,0.6776760000000001,FRA,AND,7414
708937,111,5,1242,2004.0,237764.0,0.0,1.440372,0.676068,ITA,AND,7414
708938,179,5,1242,2004.0,9459.0,0.0,0.705075,1.7268729999999999,PRT,AND,7414
708939,246,5,1242,2004.0,2118.0,0.0,0.29599699999999995,1.909018,ZAF,AND,7414
708940,15,26,1242,2004.0,394397.0,30060.0,1.958949,0.209296,AUT,BIH,7414
708941,18,26,1242,2004.0,17045.0,0.0,1.242665,1.541444,BEL,BIH,7414
708942,23,26,1242,2004.0,1378.0,0.0,0.390627,1.631006,BGR,BIH,7414
708943,41,26,1242,2004.0,2461.0,0.0,2.234603,0.551975,CHE,BIH,7414
708944,43,26,1242,2004.0,5576.0,0.0,0.710603,2.017234,CHN,BIH,7414
708945,58,26,1242,2004.0,1110.0,0.0,0.42732200000000004,0.811763,CYP,BIH,7414
708946,59,26,1242,2004.0,23200.0,0.0,1.612543,0.607495,CZE,BIH,7414
708947,61,26,1242,2004.0,436095.0,0.0,2.4453099999999997,-2.331761,DEU,BIH,7414
708948,64,26,1242,2004.0,118781.0,0.0,1.309074,1.2627979999999999,DNK,BIH,7414
708949,71,26,1242,2004.0,9861.0,0.0,1.04057,1.789023,ESP,BIH,7414
708950,77,26,1242,2004.0,189563.0,0.0,1.57079,0.6776760000000001,FRA,BIH,7414
708951,81,26,1242,2004.0,56295.0,0.0,1.872987,0.734065,GBR,BIH,7414
708952,90,26,1242,2004.0,46770.0,0.0,0.298029,1.745886,GRC,BIH,7414
708953,100,26,1242,2004.0,1129340.0,599442.0,0.744459,1.1994479999999998,HRV,BIH,7414
708954,102,26,1242,2004.0,143270.0,0.0,1.3579370000000002,0.9993219999999999,HUN,BIH,7414
708955,111,26,1242,2004.0,3519023.0,46466.0,1.440372,0.676068,ITA,BIH,7414
708956,140,26,1242,2004.0,12443.0,3707.0,-0.120439,0.27624899999999997,MKD,BIH,7414
708957,162,26,1242,2004.0,59890.0,0.0,1.171327,1.6369799999999999,NLD,BIH,7414
708958,163,26,1242,2004.0,2941.0,1643.0,0.731175,-0.0655,NOR,BIH,7414
708959,177,26,1242,2004.0,140614.0,43242.0,0.989568,1.49055,POL,BIH,7414
708960,185,26,1242,2004.0,442063.0,0.0,0.53925,1.145066,ROU,BIH,7414
708961,189,26,1242,2004.0,599282.0,460764.0,0.544686,2.418024,SCG,BIH,7414
708962,206,26,1242,2004.0,7131.0,0.0,1.2683149999999999,0.9208620000000001,SVK,BIH,7414
708963,207,26,1242,2004.0,4036288.0,16444.0,1.700677,0.829765,SVN,BIH,7414
708964,208,26,1242,2004.0,4962.0,0.0,2.105611,0.707843,SWE,BIH,7414
708965,224,26,1242,2004.0,971726.0,0.0,0.249065,1.910598,TUR,BIH,7414
708966,231,26,1242,2004.0,14626.0,0.0,1.818327,-0.17913900000000002,USA,BIH,7414
708967,7,82,1242,2004.0,3534.0,0.0,-0.10993399999999999,-0.5351640000000001,ARE,GEO,7414
708968,9,82,1242,2004.0,0.0,9573.0,0.497276,-0.226016,ARM,GEO,7414
708969,14,82,1242,2004.0,1036.0,0.0,-0.198735,0.81543,AUS,GEO,7414
708970,15,82,1242,2004.0,473316.0,0.0,1.958949,0.209296,AUT,GEO,7414
708971,28,82,1242,2004.0,1857.0,0.0,0.9384239999999999,0.9708690000000001,BLR,GEO,7414
708972,32,82,1242,2004.0,1095.0,0.0,0.504233,1.567879,BRA,GEO,7414
708973,43,82,1242,2004.0,2106.0,0.0,0.710603,2.017234,CHN,GEO,7414
708974,61,82,1242,2004.0,131678.0,0.0,2.4453099999999997,-2.331761,DEU,GEO,7414
708975,64,82,1242,2004.0,60259.0,0.0,1.309074,1.2627979999999999,DNK,GEO,7414
708976,71,82,1242,2004.0,58272.0,0.0,1.04057,1.789023,ESP,GEO,7414
708977,74,82,1242,2004.0,50649.0,0.0,1.9662810000000002,1.018108,FIN,GEO,7414
708978,77,82,1242,2004.0,108910.0,1042.0,1.57079,0.6776760000000001,FRA,GEO,7414
708979,90,82,1242,2004.0,82472.0,0.0,0.298029,1.745886,GRC,GEO,7414
708980,104,82,1242,2004.0,0.0,1764.0,0.20872,2.817307,IND,GEO,7414
708981,111,82,1242,2004.0,358052.0,0.0,1.440372,0.676068,ITA,GEO,7414
708982,114,82,1242,2004.0,54304.0,26920.0,2.756136,0.15545,JPN,GEO,7414
708983,130,82,1242,2004.0,23153.0,0.0,0.341521,0.7971560000000001,LTU,GEO,7414
708984,134,82,1242,2004.0,0.0,379094.0,-0.626594,-0.22253499999999998,MAR,GEO,7414
708985,162,82,1242,2004.0,2994.0,0.0,1.171327,1.6369799999999999,NLD,GEO,7414
708986,177,82,1242,2004.0,6193.0,0.0,0.989568,1.49055,POL,GEO,7414
708987,185,82,1242,2004.0,163293.0,0.0,0.53925,1.145066,ROU,GEO,7414
708988,186,82,1242,2004.0,210089.0,0.0,0.422803,0.017524,RUS,GEO,7414
708989,212,82,1242,2004.0,48529.0,0.0,-0.698545,-0.111323,SYR,GEO,7414
708990,224,82,1242,2004.0,1185805.0,0.0,0.249065,1.910598,TUR,GEO,7414
708991,228,82,1242,2004.0,40144.0,0.0,0.672848,1.172735,UKR,GEO,7414
708992,231,82,1242,2004.0,25651.0,0.0,1.818327,-0.17913900000000002,USA,GEO,7414
708993,246,82,1242,2004.0,3290.0,0.0,0.29599699999999995,1.909018,ZAF,GEO,7414
708994,15,109,1242,2004.0,12925.0,0.0,1.958949,0.209296,AUT,ISL,7414
708995,18,109,1242,2004.0,183658.0,0.0,1.242665,1.541444,BEL,ISL,7414
708996,23,109,1242,2004.0,0.0,68932.0,0.390627,1.631006,BGR,ISL,7414
708997,39,109,1242,2004.0,1367.0,35148.0,0.781591,1.365966,CAN,ISL,7414
708998,41,109,1242,2004.0,21458.0,0.0,2.234603,0.551975,CHE,ISL,7414
708999,42,109,1242,2004.0,0.0,70217.0,-0.24101399999999998,-0.303103,CHL,ISL,7414
709000,43,109,1242,2004.0,44179.0,0.0,0.710603,2.017234,CHN,ISL,7414
709001,58,109,1242,2004.0,0.0,12174.0,0.42732200000000004,0.811763,CYP,ISL,7414
709002,59,109,1242,2004.0,19204.0,0.0,1.612543,0.607495,CZE,ISL,7414
709003,61,109,1242,2004.0,623299.0,0.0,2.4453099999999997,-2.331761,DEU,ISL,7414
709004,64,109,1242,2004.0,794724.0,543302.0,1.309074,1.2627979999999999,DNK,ISL,7414
709005,68,109,1242,2004.0,0.0,4734.0,-0.35823499999999997,0.5000100000000001,EGY,ISL,7414
709006,71,109,1242,2004.0,338671.0,11024.0,1.04057,1.789023,ESP,ISL,7414
709007,74,109,1242,2004.0,135938.0,0.0,1.9662810000000002,1.018108,FIN,ISL,7414
709008,77,109,1242,2004.0,321064.0,0.0,1.57079,0.6776760000000001,FRA,ISL,7414
709009,78,109,1242,2004.0,0.0,33055.0,-1.127967,-1.002561,FRO,ISL,7414
709010,81,109,1242,2004.0,36848.0,82812.0,1.872987,0.734065,GBR,ISL,7414
709011,90,109,1242,2004.0,13791.0,0.0,0.298029,1.745886,GRC,ISL,7414
709012,92,109,1242,2004.0,0.0,128325.0,-1.152664,-0.986844,GRL,ISL,7414
709013,102,109,1242,2004.0,13972.0,0.0,1.3579370000000002,0.9993219999999999,HUN,ISL,7414
709014,106,109,1242,2004.0,23521.0,0.0,1.498475,0.19050799999999998,IRL,ISL,7414
709015,111,109,1242,2004.0,1658189.0,0.0,1.440372,0.676068,ITA,ISL,7414
709016,121,109,1242,2004.0,94864.0,0.0,1.481275,0.7859,KOR,ISL,7414
709017,134,109,1242,2004.0,0.0,54588.0,-0.626594,-0.22253499999999998,MAR,ISL,7414
709018,162,109,1242,2004.0,602425.0,60361.0,1.171327,1.6369799999999999,NLD,ISL,7414
709019,163,109,1242,2004.0,1100152.0,333172.0,0.731175,-0.0655,NOR,ISL,7414
709020,177,109,1242,2004.0,91208.0,6823.0,0.989568,1.49055,POL,ISL,7414
709021,185,109,1242,2004.0,2052.0,0.0,0.53925,1.145066,ROU,ISL,7414
709022,192,109,1242,2004.0,50383.0,0.0,1.804502,0.570084,SGP,ISL,7414
709023,207,109,1242,2004.0,7514.0,0.0,1.700677,0.829765,SVN,ISL,7414
709024,208,109,1242,2004.0,980121.0,7421.0,2.105611,0.707843,SWE,ISL,7414
709025,216,109,1242,2004.0,24737.0,0.0,0.633501,1.4648290000000002,THA,ISL,7414
709026,224,109,1242,2004.0,78393.0,0.0,0.249065,1.910598,TUR,ISL,7414
709027,231,109,1242,2004.0,380249.0,712172.0,1.818327,-0.17913900000000002,USA,ISL,7414
709028,246,109,1242,2004.0,10135.0,0.0,0.29599699999999995,1.909018,ZAF,ISL,7414
709029,15,135,1242,2004.0,298721.0,0.0,1.958949,0.209296,AUT,MDA,7414
709030,18,135,1242,2004.0,148651.0,0.0,1.242665,1.541444,BEL,MDA,7414
709031,23,135,1242,2004.0,12415.0,0.0,0.390627,1.631006,BGR,MDA,7414
709032,28,135,1242,2004.0,14577.0,9088.0,0.9384239999999999,0.9708690000000001,BLR,MDA,7414
709033,32,135,1242,2004.0,55513.0,0.0,0.504233,1.567879,BRA,MDA,7414
709034,43,135,1242,2004.0,9430.0,0.0,0.710603,2.017234,CHN,MDA,7414
709035,58,135,1242,2004.0,4742.0,0.0,0.42732200000000004,0.811763,CYP,MDA,7414
709036,59,135,1242,2004.0,39466.0,0.0,1.612543,0.607495,CZE,MDA,7414
709037,61,135,1242,2004.0,234377.0,0.0,2.4453099999999997,-2.331761,DEU,MDA,7414
709038,64,135,1242,2004.0,6969.0,0.0,1.309074,1.2627979999999999,DNK,MDA,7414
709039,71,135,1242,2004.0,24323.0,0.0,1.04057,1.789023,ESP,MDA,7414
709040,77,135,1242,2004.0,18212.0,0.0,1.57079,0.6776760000000001,FRA,MDA,7414
709041,81,135,1242,2004.0,2047.0,0.0,1.872987,0.734065,GBR,MDA,7414
709042,102,135,1242,2004.0,48447.0,0.0,1.3579370000000002,0.9993219999999999,HUN,MDA,7414
709043,106,135,1242,2004.0,3641.0,0.0,1.498475,0.19050799999999998,IRL,MDA,7414
709044,110,135,1242,2004.0,5877.0,0.0,1.252895,0.8662770000000001,ISR,MDA,7414
709045,111,135,1242,2004.0,743681.0,20052.0,1.440372,0.676068,ITA,MDA,7414
709046,130,135,1242,2004.0,27883.0,0.0,0.341521,0.7971560000000001,LTU,MDA,7414
709047,162,135,1242,2004.0,93889.0,0.0,1.171327,1.6369799999999999,NLD,MDA,7414
709048,177,135,1242,2004.0,831874.0,0.0,0.989568,1.49055,POL,MDA,7414
709049,185,135,1242,2004.0,311704.0,0.0,0.53925,1.145066,ROU,MDA,7414
709050,186,135,1242,2004.0,165037.0,16054.0,0.422803,0.017524,RUS,MDA,7414
709051,206,135,1242,2004.0,73805.0,0.0,1.2683149999999999,0.9208620000000001,SVK,MDA,7414
709052,224,135,1242,2004.0,353271.0,0.0,0.249065,1.910598,TUR,MDA,7414
709053,228,135,1242,2004.0,337670.0,58798.0,0.672848,1.172735,UKR,MDA,7414
709054,231,135,1242,2004.0,80720.0,0.0,1.818327,-0.17913900000000002,USA,MDA,7414
709055,232,135,1242,2004.0,0.0,1627.0,-0.518472,-0.7689779999999999,UZB,MDA,7414
709056,4,140,1242,2004.0,0.0,16403.0,-0.142479,0.136074,ALB,MKD,7414
709057,14,140,1242,2004.0,0.0,1469.0,-0.198735,0.81543,AUS,MKD,7414
709058,15,140,1242,2004.0,155131.0,6198.0,1.958949,0.209296,AUT,MKD,7414
709059,18,140,1242,2004.0,4555.0,0.0,1.242665,1.541444,BEL,MKD,7414
709060,23,140,1242,2004.0,56260.0,0.0,0.390627,1.631006,BGR,MKD,7414
709061,26,140,1242,2004.0,3707.0,12443.0,0.45637,0.6154470000000001,BIH,MKD,7414
709062,41,140,1242,2004.0,11919.0,3289.0,2.234603,0.551975,CHE,MKD,7414
709063,43,140,1242,2004.0,51051.0,0.0,0.710603,2.017234,CHN,MKD,7414
709064,59,140,1242,2004.0,0.0,21292.0,1.612543,0.607495,CZE,MKD,7414
709065,61,140,1242,2004.0,47808.0,0.0,2.4453099999999997,-2.331761,DEU,MKD,7414
709066,64,140,1242,2004.0,58003.0,0.0,1.309074,1.2627979999999999,DNK,MKD,7414
709067,71,140,1242,2004.0,46463.0,0.0,1.04057,1.789023,ESP,MKD,7414
709068,77,140,1242,2004.0,105937.0,6619.0,1.57079,0.6776760000000001,FRA,MKD,7414
709069,81,140,1242,2004.0,22876.0,0.0,1.872987,0.734065,GBR,MKD,7414
709070,90,140,1242,2004.0,280721.0,0.0,0.298029,1.745886,GRC,MKD,7414
709071,100,140,1242,2004.0,89689.0,72133.0,0.744459,1.1994479999999998,HRV,MKD,7414
709072,102,140,1242,2004.0,0.0,2328.0,1.3579370000000002,0.9993219999999999,HUN,MKD,7414
709073,110,140,1242,2004.0,9739.0,0.0,1.252895,0.8662770000000001,ISR,MKD,7414
709074,111,140,1242,2004.0,1524537.0,80027.0,1.440372,0.676068,ITA,MKD,7414
709075,162,140,1242,2004.0,48233.0,0.0,1.171327,1.6369799999999999,NLD,MKD,7414
709076,177,140,1242,2004.0,0.0,1593.0,0.989568,1.49055,POL,MKD,7414
709077,185,140,1242,2004.0,751685.0,0.0,0.53925,1.145066,ROU,MKD,7414
709078,189,140,1242,2004.0,68883.0,318045.0,0.544686,2.418024,SCG,MKD,7414
709079,206,140,1242,2004.0,25426.0,3494.0,1.2683149999999999,0.9208620000000001,SVK,MKD,7414
709080,207,140,1242,2004.0,1443157.0,28921.0,1.700677,0.829765,SVN,MKD,7414
709081,208,140,1242,2004.0,12619.0,0.0,2.105611,0.707843,SWE,MKD,7414
709082,224,140,1242,2004.0,311684.0,1733.0,0.249065,1.910598,TUR,MKD,7414
709083,7,157,1242,2004.0,3601.0,0.0,-0.10993399999999999,-0.5351640000000001,ARE,NER,7414
709084,19,157,1242,2004.0,2512.0,0.0,-1.422449,-1.09615,BEN,NER,7414
709085,43,157,1242,2004.0,7774.0,0.0,0.710603,2.017234,CHN,NER,7414
709086,61,157,1242,2004.0,1860.0,0.0,2.4453099999999997,-2.331761,DEU,NER,7414
709087,77,157,1242,2004.0,81003.0,0.0,1.57079,0.6776760000000001,FRA,NER,7414
709088,90,157,1242,2004.0,1723.0,0.0,0.298029,1.745886,GRC,NER,7414
709089,103,157,1242,2004.0,4622.0,0.0,0.010095999999999999,1.7413779999999999,IDN,NER,7414
709090,111,157,1242,2004.0,47310.0,0.0,1.440372,0.676068,ITA,NER,7414
709091,114,157,1242,2004.0,8852.0,0.0,2.756136,0.15545,JPN,NER,7414
709092,162,157,1242,2004.0,3333.0,0.0,1.171327,1.6369799999999999,NLD,NER,7414
709093,208,157,1242,2004.0,1370.0,0.0,2.105611,0.707843,SWE,NER,7414
709094,231,157,1242,2004.0,0.0,2131.0,1.818327,-0.17913900000000002,USA,NER,7414
709095,32,178,1242,2004.0,0.0,1317700.0,0.504233,1.567879,BRA,PRK,7414
709096,43,178,1242,2004.0,1129904.0,0.0,0.710603,2.017234,CHN,PRK,7414
709097,52,178,1242,2004.0,0.0,18509.0,-0.036323,-0.313847,CRI,PRK,7414
709098,54,178,1242,2004.0,0.0,9441.0,-0.16826,-0.644388,CUB,PRK,7414
709099,61,178,1242,2004.0,5237.0,0.0,2.4453099999999997,-2.331761,DEU,PRK,7414
709100,64,178,1242,2004.0,375508.0,0.0,1.309074,1.2627979999999999,DNK,PRK,7414
709101,68,178,1242,2004.0,0.0,1557.0,-0.35823499999999997,0.5000100000000001,EGY,PRK,7414
709102,77,178,1242,2004.0,4975.0,0.0,1.57079,0.6776760000000001,FRA,PRK,7414
709103,104,178,1242,2004.0,24088.0,0.0,0.20872,2.817307,IND,PRK,7414
709104,111,178,1242,2004.0,18694.0,0.0,1.440372,0.676068,ITA,PRK,7414
709105,112,178,1242,2004.0,0.0,19763.0,-0.505365,-0.9596120000000001,JAM,PRK,7414
709106,114,178,1242,2004.0,539060.0,0.0,2.756136,0.15545,JPN,PRK,7414
709107,138,178,1242,2004.0,0.0,2497.0,1.183707,0.9043700000000001,MEX,PRK,7414
709108,168,178,1242,2004.0,0.0,77589.0,-0.7489600000000001,0.22493200000000002,PAK,PRK,7414
709109,186,178,1242,2004.0,0.0,12659.0,0.422803,0.017524,RUS,PRK,7414
709110,192,178,1242,2004.0,710040.0,0.0,1.804502,0.570084,SGP,PRK,7414
709111,216,178,1242,2004.0,156539.0,23053.0,0.633501,1.4648290000000002,THA,PRK,7414
709112,223,178,1242,2004.0,0.0,6138.0,-0.125092,0.370625,TUN,PRK,7414
709113,248,178,1242,2004.0,0.0,9177.0,-0.44064799999999993,0.01704,ZWE,PRK,7414
709114,14,195,1242,2004.0,318457.0,0.0,-0.198735,0.81543,AUS,SLB,7414
709115,43,195,1242,2004.0,17373.0,0.0,0.710603,2.017234,CHN,SLB,7414
709116,97,195,1242,2004.0,2348.0,0.0,0.72816,1.403171,HKG,SLB,7414
709117,166,195,1242,2004.0,22830.0,0.0,0.44099099999999997,0.968326,NZL,SLB,7414
709118,192,195,1242,2004.0,28354.0,0.0,1.804502,0.570084,SGP,SLB,7414
709119,231,195,1242,2004.0,18143.0,0.0,1.818327,-0.17913900000000002,USA,SLB,7414
709120,61,219,1242,2004.0,314347.0,0.0,2.4453099999999997,-2.331761,DEU,TKM,7414
709121,77,219,1242,2004.0,1936383.0,0.0,1.57079,0.6776760000000001,FRA,TKM,7414
709122,107,219,1242,2004.0,48673.0,0.0,-0.6691699999999999,-1.002548,IRN,TKM,7414
709123,111,219,1242,2004.0,122206.0,0.0,1.440372,0.676068,ITA,TKM,7414
709124,121,219,1242,2004.0,1119.0,0.0,1.481275,0.7859,KOR,TKM,7414
709125,162,219,1242,2004.0,1244.0,0.0,1.171327,1.6369799999999999,NLD,TKM,7414
709126,186,219,1242,2004.0,282578.0,0.0,0.422803,0.017524,RUS,TKM,7414
709127,224,219,1242,2004.0,285346.0,0.0,0.249065,1.910598,TUR,TKM,7414
709128,228,219,1242,2004.0,87424.0,0.0,0.672848,1.172735,UKR,TKM,7414
709129,15,4,1242,2004.0,14785.0,0.0,1.958949,0.209296,AUT,ALB,7414
709130,23,4,1242,2004.0,408124.0,0.0,0.390627,1.631006,BGR,ALB,7414
709131,43,4,1242,2004.0,17052.0,0.0,0.710603,2.017234,CHN,ALB,7414
709132,61,4,1242,2004.0,50417.0,0.0,2.4453099999999997,-2.331761,DEU,ALB,7414
709133,68,4,1242,2004.0,0.0,42186.0,-0.35823499999999997,0.5000100000000001,EGY,ALB,7414
709134,71,4,1242,2004.0,69524.0,0.0,1.04057,1.789023,ESP,ALB,7414
709135,81,4,1242,2004.0,18723.0,0.0,1.872987,0.734065,GBR,ALB,7414
709136,90,4,1242,2004.0,1054689.0,0.0,0.298029,1.745886,GRC,ALB,7414
709137,100,4,1242,2004.0,694213.0,0.0,0.744459,1.1994479999999998,HRV,ALB,7414
709138,102,4,1242,2004.0,86504.0,0.0,1.3579370000000002,0.9993219999999999,HUN,ALB,7414
709139,106,4,1242,2004.0,12710.0,0.0,1.498475,0.19050799999999998,IRL,ALB,7414
709140,111,4,1242,2004.0,2897198.0,4750.0,1.440372,0.676068,ITA,ALB,7414
709141,140,4,1242,2004.0,16403.0,0.0,-0.120439,0.27624899999999997,MKD,ALB,7414
709142,162,4,1242,2004.0,36732.0,0.0,1.171327,1.6369799999999999,NLD,ALB,7414
709143,177,4,1242,2004.0,4325.0,0.0,0.989568,1.49055,POL,ALB,7414
709144,185,4,1242,2004.0,41660.0,0.0,0.53925,1.145066,ROU,ALB,7414
709145,189,4,1242,2004.0,3859.0,2351.0,0.544686,2.418024,SCG,ALB,7414
709146,207,4,1242,2004.0,18912.0,0.0,1.700677,0.829765,SVN,ALB,7414
709147,224,4,1242,2004.0,260667.0,0.0,0.249065,1.910598,TUR,ALB,7414
709148,246,4,1242,2004.0,6576.0,0.0,0.29599699999999995,1.909018,ZAF,ALB,7414
709149,249,4,1242,2004.0,3860.0,0.0,1.8844150000000002,1.257951,TWN,ALB,7414
709150,8,31,1242,2004.0,321642.0,0.0,-0.070845,0.879574,ARG,BOL,7414
709151,32,31,1242,2004.0,733679.0,9778.0,0.504233,1.567879,BRA,BOL,7414
709152,42,31,1242,2004.0,1281130.0,0.0,-0.24101399999999998,-0.303103,CHL,BOL,7414
709153,43,31,1242,2004.0,5915.0,0.0,0.710603,2.017234,CHN,BOL,7414
709154,61,31,1242,2004.0,17416.0,0.0,2.4453099999999997,-2.331761,DEU,BOL,7414
709155,64,31,1242,2004.0,24920.0,0.0,1.309074,1.2627979999999999,DNK,BOL,7414
709156,71,31,1242,2004.0,20858.0,0.0,1.04057,1.789023,ESP,BOL,7414
709157,77,31,1242,2004.0,5604.0,0.0,1.57079,0.6776760000000001,FRA,BOL,7414
709158,93,31,1242,2004.0,0.0,7544.0,-0.39399,0.139128,GTM,BOL,7414
709159,111,31,1242,2004.0,97972.0,0.0,1.440372,0.676068,ITA,BOL,7414
709160,114,31,1242,2004.0,1215.0,0.0,2.756136,0.15545,JPN,BOL,7414
709161,138,31,1242,2004.0,20831.0,0.0,1.183707,0.9043700000000001,MEX,BOL,7414
709162,163,31,1242,2004.0,19477.0,0.0,0.731175,-0.0655,NOR,BOL,7414
709163,169,31,1242,2004.0,2028.0,0.0,0.054997000000000004,0.440416,PAN,BOL,7414
709164,173,31,1242,2004.0,25308.0,0.0,-0.609837,0.13314,PER,BOL,7414
709165,222,31,1242,2004.0,3369.0,0.0,-0.108049,-0.923523,TTO,BOL,7414
709166,231,31,1242,2004.0,55577.0,6118.0,1.818327,-0.17913900000000002,USA,BOL,7414
709167,249,31,1242,2004.0,7327.0,0.0,1.8844150000000002,1.257951,TWN,BOL,7414
709168,7,66,1242,2004.0,28111.0,0.0,-0.10993399999999999,-0.5351640000000001,ARE,DZA,7414
709169,15,66,1242,2004.0,339797.0,0.0,1.958949,0.209296,AUT,DZA,7414
709170,18,66,1242,2004.0,756672.0,0.0,1.242665,1.541444,BEL,DZA,7414
709171,32,66,1242,2004.0,1409056.0,0.0,0.504233,1.567879,BRA,DZA,7414
709172,39,66,1242,2004.0,903951.0,0.0,0.781591,1.365966,CAN,DZA,7414
709173,41,66,1242,2004.0,372048.0,0.0,2.234603,0.551975,CHE,DZA,7414
709174,43,66,1242,2004.0,985622.0,0.0,0.710603,2.017234,CHN,DZA,7414
709175,59,66,1242,2004.0,1185.0,0.0,1.612543,0.607495,CZE,DZA,7414
709176,61,66,1242,2004.0,1025817.0,0.0,2.4453099999999997,-2.331761,DEU,DZA,7414
709177,64,66,1242,2004.0,195330.0,0.0,1.309074,1.2627979999999999,DNK,DZA,7414
709178,68,66,1242,2004.0,119447.0,0.0,-0.35823499999999997,0.5000100000000001,EGY,DZA,7414
709179,71,66,1242,2004.0,5223584.0,20840.0,1.04057,1.789023,ESP,DZA,7414
709180,77,66,1242,2004.0,16795654.0,0.0,1.57079,0.6776760000000001,FRA,DZA,7414
709181,81,66,1242,2004.0,849677.0,0.0,1.872987,0.734065,GBR,DZA,7414
709182,90,66,1242,2004.0,4119.0,0.0,0.298029,1.745886,GRC,DZA,7414
709183,102,66,1242,2004.0,10764.0,0.0,1.3579370000000002,0.9993219999999999,HUN,DZA,7414
709184,106,66,1242,2004.0,50670.0,0.0,1.498475,0.19050799999999998,IRL,DZA,7414
709185,111,66,1242,2004.0,6093127.0,0.0,1.440372,0.676068,ITA,DZA,7414
709186,114,66,1242,2004.0,35730.0,0.0,2.756136,0.15545,JPN,DZA,7414
709187,121,66,1242,2004.0,15451.0,0.0,1.481275,0.7859,KOR,DZA,7414
709188,124,66,1242,2004.0,83919.0,0.0,0.269753,1.3152979999999999,LBN,DZA,7414
709189,131,66,1242,2004.0,2860.0,0.0,1.258828,1.079923,LUX,DZA,7414
709190,148,66,1242,2004.0,0.0,2592.0,-1.8941119999999998,-1.357728,MRT,DZA,7414
709191,162,66,1242,2004.0,126293.0,0.0,1.171327,1.6369799999999999,NLD,DZA,7414
709192,177,66,1242,2004.0,27314.0,0.0,0.989568,1.49055,POL,DZA,7414
709193,179,66,1242,2004.0,295122.0,0.0,0.705075,1.7268729999999999,PRT,DZA,7414
709194,192,66,1242,2004.0,80938.0,0.0,1.804502,0.570084,SGP,DZA,7414
709195,209,66,1242,2004.0,37075.0,0.0,0.528937,-0.241038,SWZ,DZA,7414
709196,212,66,1242,2004.0,21972.0,0.0,-0.698545,-0.111323,SYR,DZA,7414
709197,216,66,1242,2004.0,109289.0,0.0,0.633501,1.4648290000000002,THA,DZA,7414
709198,223,66,1242,2004.0,104356.0,42759.0,-0.125092,0.370625,TUN,DZA,7414
709199,224,66,1242,2004.0,5827910.0,0.0,0.249065,1.910598,TUR,DZA,7414
709200,231,66,1242,2004.0,252406.0,0.0,1.818327,-0.17913900000000002,USA,DZA,7414
709201,249,66,1242,2004.0,127527.0,0.0,1.8844150000000002,1.257951,TWN,DZA,7414
709202,250,66,1242,2004.0,1795411.0,0.0,0.46240200000000004,-0.406624,ANS,DZA,7414
709203,14,159,1242,2004.0,4753.0,0.0,-0.198735,0.81543,AUS,NGA,7414
709204,15,159,1242,2004.0,357307.0,0.0,1.958949,0.209296,AUT,NGA,7414
709205,18,159,1242,2004.0,381592.0,0.0,1.242665,1.541444,BEL,NGA,7414
709206,19,159,1242,2004.0,0.0,3052.0,-1.422449,-1.09615,BEN,NGA,7414
709207,21,159,1242,2004.0,0.0,11017.0,-1.118427,-1.091315,BFA,NGA,7414
709208,23,159,1242,2004.0,20062.0,0.0,0.390627,1.631006,BGR,NGA,7414
709209,32,159,1242,2004.0,129745.0,0.0,0.504233,1.567879,BRA,NGA,7414
709210,41,159,1242,2004.0,4246.0,0.0,2.234603,0.551975,CHE,NGA,7414
709211,43,159,1242,2004.0,4020334.0,0.0,0.710603,2.017234,CHN,NGA,7414
709212,52,159,1242,2004.0,143332.0,0.0,-0.036323,-0.313847,CRI,NGA,7414
709213,59,159,1242,2004.0,30747.0,0.0,1.612543,0.607495,CZE,NGA,7414
709214,61,159,1242,2004.0,1537284.0,4342.0,2.4453099999999997,-2.331761,DEU,NGA,7414
709215,64,159,1242,2004.0,942954.0,0.0,1.309074,1.2627979999999999,DNK,NGA,7414
709216,71,159,1242,2004.0,12288.0,0.0,1.04057,1.789023,ESP,NGA,7414
709217,74,159,1242,2004.0,63604.0,0.0,1.9662810000000002,1.018108,FIN,NGA,7414
709218,77,159,1242,2004.0,2446285.0,0.0,1.57079,0.6776760000000001,FRA,NGA,7414
709219,81,159,1242,2004.0,607865.0,0.0,1.872987,0.734065,GBR,NGA,7414
709220,85,159,1242,2004.0,0.0,15707.0,-1.004077,-1.108018,GIN,NGA,7414
709221,90,159,1242,2004.0,115084.0,0.0,0.298029,1.745886,GRC,NGA,7414
709222,97,159,1242,2004.0,3210.0,0.0,0.72816,1.403171,HKG,NGA,7414
709223,103,159,1242,2004.0,36096.0,0.0,0.010095999999999999,1.7413779999999999,IDN,NGA,7414
709224,104,159,1242,2004.0,355645.0,0.0,0.20872,2.817307,IND,NGA,7414
709225,106,159,1242,2004.0,652946.0,0.0,1.498475,0.19050799999999998,IRL,NGA,7414
709226,110,159,1242,2004.0,116000.0,0.0,1.252895,0.8662770000000001,ISR,NGA,7414
709227,111,159,1242,2004.0,4126114.0,0.0,1.440372,0.676068,ITA,NGA,7414
709228,114,159,1242,2004.0,21310.0,0.0,2.756136,0.15545,JPN,NGA,7414
709229,121,159,1242,2004.0,35135.0,0.0,1.481275,0.7859,KOR,NGA,7414
709230,124,159,1242,2004.0,94000.0,0.0,0.269753,1.3152979999999999,LBN,NGA,7414
709231,153,159,1242,2004.0,51092.0,0.0,1.250098,0.352379,MYS,NGA,7414
709232,162,159,1242,2004.0,1153707.0,0.0,1.171327,1.6369799999999999,NLD,NGA,7414
709233,163,159,1242,2004.0,1599.0,0.0,0.731175,-0.0655,NOR,NGA,7414
709234,168,159,1242,2004.0,2654.0,0.0,-0.7489600000000001,0.22493200000000002,PAK,NGA,7414
709235,179,159,1242,2004.0,4856.0,0.0,0.705075,1.7268729999999999,PRT,NGA,7414
709236,192,159,1242,2004.0,26441.0,0.0,1.804502,0.570084,SGP,NGA,7414
709237,207,159,1242,2004.0,14341.0,0.0,1.700677,0.829765,SVN,NGA,7414
709238,216,159,1242,2004.0,91487.0,0.0,0.633501,1.4648290000000002,THA,NGA,7414
709239,224,159,1242,2004.0,183324.0,0.0,0.249065,1.910598,TUR,NGA,7414
709240,231,159,1242,2004.0,1414353.0,12219.0,1.818327,-0.17913900000000002,USA,NGA,7414
709241,246,159,1242,2004.0,4535363.0,0.0,0.29599699999999995,1.909018,ZAF,NGA,7414
709242,249,159,1242,2004.0,123960.0,0.0,1.8844150000000002,1.257951,TWN,NGA,7414
709243,15,0,1242,2004.0,28239.0,0.0,1.958949,0.209296,AUT,ABW,7414
709244,32,0,1242,2004.0,104719.0,0.0,0.504233,1.567879,BRA,ABW,7414
709245,43,0,1242,2004.0,10173.0,0.0,0.710603,2.017234,CHN,ABW,7414
709246,49,0,1242,2004.0,1718.0,0.0,0.044706,0.514304,COL,ABW,7414
709247,61,0,1242,2004.0,1012.0,0.0,2.4453099999999997,-2.331761,DEU,ABW,7414
709248,81,0,1242,2004.0,2866.0,0.0,1.872987,0.734065,GBR,ABW,7414
709249,106,0,1242,2004.0,86706.0,0.0,1.498475,0.19050799999999998,IRL,ABW,7414
709250,111,0,1242,2004.0,22657.0,0.0,1.440372,0.676068,ITA,ABW,7414
709251,138,0,1242,2004.0,13796.0,63562.0,1.183707,0.9043700000000001,MEX,ABW,7414
709252,162,0,1242,2004.0,39811.0,0.0,1.171327,1.6369799999999999,NLD,ABW,7414
709253,222,0,1242,2004.0,5494.0,0.0,-0.108049,-0.923523,TTO,ABW,7414
709254,231,0,1242,2004.0,514874.0,0.0,1.818327,-0.17913900000000002,USA,ABW,7414
709255,236,0,1242,2004.0,182339.0,0.0,-0.41193900000000006,-0.9578899999999999,VEN,ABW,7414
709256,6,3,1242,2004.0,24430.0,3123.0,0.080304,-0.634516,ANT,AIA,7414
709257,61,3,1242,2004.0,0.0,7495.0,2.4453099999999997,-2.331761,DEU,AIA,7414
709258,231,3,1242,2004.0,99625.0,7950.0,1.818327,-0.17913900000000002,USA,AIA,7414
709259,39,29,1242,2004.0,9397.0,0.0,0.781591,1.365966,CAN,BLZ,7414
709260,43,29,1242,2004.0,3771.0,0.0,0.710603,2.017234,CHN,BLZ,7414
709261,49,29,1242,2004.0,23466.0,0.0,0.044706,0.514304,COL,BLZ,7414
709262,61,29,1242,2004.0,10255.0,0.0,2.4453099999999997,-2.331761,DEU,BLZ,7414
709263,64,29,1242,2004.0,13075.0,0.0,1.309074,1.2627979999999999,DNK,BLZ,7414
709264,71,29,1242,2004.0,27117.0,0.0,1.04057,1.789023,ESP,BLZ,7414
709265,93,29,1242,2004.0,27016.0,0.0,-0.39399,0.139128,GTM,BLZ,7414
709266,111,29,1242,2004.0,4711.0,0.0,1.440372,0.676068,ITA,BLZ,7414
709267,114,29,1242,2004.0,44599.0,0.0,2.756136,0.15545,JPN,BLZ,7414
709268,138,29,1242,2004.0,278872.0,0.0,1.183707,0.9043700000000001,MEX,BLZ,7414
709269,162,29,1242,2004.0,36715.0,0.0,1.171327,1.6369799999999999,NLD,BLZ,7414
709270,177,29,1242,2004.0,35950.0,0.0,0.989568,1.49055,POL,BLZ,7414
709271,231,29,1242,2004.0,313921.0,5252.0,1.818327,-0.17913900000000002,USA,BLZ,7414
709272,249,29,1242,2004.0,10471.0,0.0,1.8844150000000002,1.257951,TWN,BLZ,7414
709273,8,160,1242,2004.0,13900.0,0.0,-0.070845,0.879574,ARG,NIC,7414
709274,32,160,1242,2004.0,207697.0,0.0,0.504233,1.567879,BRA,NIC,7414
709275,42,160,1242,2004.0,90126.0,0.0,-0.24101399999999998,-0.303103,CHL,NIC,7414
709276,43,160,1242,2004.0,71476.0,0.0,0.710603,2.017234,CHN,NIC,7414
709277,52,160,1242,2004.0,69534.0,0.0,-0.036323,-0.313847,CRI,NIC,7414
709278,61,160,1242,2004.0,0.0,4755.0,2.4453099999999997,-2.331761,DEU,NIC,7414
709279,64,160,1242,2004.0,13051.0,0.0,1.309074,1.2627979999999999,DNK,NIC,7414
709280,71,160,1242,2004.0,83014.0,0.0,1.04057,1.789023,ESP,NIC,7414
709281,77,160,1242,2004.0,7671.0,0.0,1.57079,0.6776760000000001,FRA,NIC,7414
709282,93,160,1242,2004.0,789263.0,12808.0,-0.39399,0.139128,GTM,NIC,7414
709283,99,160,1242,2004.0,2271.0,7176.0,-0.6372140000000001,-0.453946,HND,NIC,7414
709284,111,160,1242,2004.0,58733.0,0.0,1.440372,0.676068,ITA,NIC,7414
709285,114,160,1242,2004.0,2336.0,0.0,2.756136,0.15545,JPN,NIC,7414
709286,121,160,1242,2004.0,6415.0,0.0,1.481275,0.7859,KOR,NIC,7414
709287,138,160,1242,2004.0,1007702.0,614636.0,1.183707,0.9043700000000001,MEX,NIC,7414
709288,162,160,1242,2004.0,14070.0,0.0,1.171327,1.6369799999999999,NLD,NIC,7414
709289,197,160,1242,2004.0,12818.0,3915.0,-0.21054299999999998,0.086382,SLV,NIC,7414
709290,208,160,1242,2004.0,198504.0,0.0,2.105611,0.707843,SWE,NIC,7414
709291,216,160,1242,2004.0,2283.0,0.0,0.633501,1.4648290000000002,THA,NIC,7414
709292,231,160,1242,2004.0,477499.0,0.0,1.818327,-0.17913900000000002,USA,NIC,7414
709293,236,160,1242,2004.0,2546.0,0.0,-0.41193900000000006,-0.9578899999999999,VEN,NIC,7414
709294,249,160,1242,2004.0,66941.0,0.0,1.8844150000000002,1.257951,TWN,NIC,7414
709295,14,176,1242,2004.0,1111885.0,6387.0,-0.198735,0.81543,AUS,PNG,7414
709296,41,176,1242,2004.0,2230.0,0.0,2.234603,0.551975,CHE,PNG,7414
709297,43,176,1242,2004.0,87094.0,0.0,0.710603,2.017234,CHN,PNG,7414
709298,61,176,1242,2004.0,2877.0,0.0,2.4453099999999997,-2.331761,DEU,PNG,7414
709299,64,176,1242,2004.0,2939.0,3181.0,1.309074,1.2627979999999999,DNK,PNG,7414
709300,81,176,1242,2004.0,109188.0,0.0,1.872987,0.734065,GBR,PNG,7414
709301,97,176,1242,2004.0,9229.0,0.0,0.72816,1.403171,HKG,PNG,7414
709302,103,176,1242,2004.0,1725.0,0.0,0.010095999999999999,1.7413779999999999,IDN,PNG,7414
709303,114,176,1242,2004.0,3570.0,0.0,2.756136,0.15545,JPN,PNG,7414
709304,121,176,1242,2004.0,157302.0,0.0,1.481275,0.7859,KOR,PNG,7414
709305,131,176,1242,2004.0,20589.0,0.0,1.258828,1.079923,LUX,PNG,7414
709306,153,176,1242,2004.0,104785.0,0.0,1.250098,0.352379,MYS,PNG,7414
709307,166,176,1242,2004.0,225405.0,0.0,0.44099099999999997,0.968326,NZL,PNG,7414
709308,188,176,1242,2004.0,19087.0,0.0,0.361324,-0.760732,SAU,PNG,7414
709309,192,176,1242,2004.0,146335.0,0.0,1.804502,0.570084,SGP,PNG,7414
709310,216,176,1242,2004.0,69050.0,0.0,0.633501,1.4648290000000002,THA,PNG,7414
709311,231,176,1242,2004.0,83611.0,0.0,1.818327,-0.17913900000000002,USA,PNG,7414
709312,7,187,1242,2004.0,2196.0,0.0,-0.10993399999999999,-0.5351640000000001,ARE,RWA,7414
709313,18,187,1242,2004.0,55730.0,0.0,1.242665,1.541444,BEL,RWA,7414
709314,39,187,1242,2004.0,2927.0,0.0,0.781591,1.365966,CAN,RWA,7414
709315,61,187,1242,2004.0,11911.0,0.0,2.4453099999999997,-2.331761,DEU,RWA,7414
709316,77,187,1242,2004.0,13451.0,0.0,1.57079,0.6776760000000001,FRA,RWA,7414
709317,81,187,1242,2004.0,6199.0,0.0,1.872987,0.734065,GBR,RWA,7414
709318,90,187,1242,2004.0,2945.0,0.0,0.298029,1.745886,GRC,RWA,7414
709319,111,187,1242,2004.0,2956.0,0.0,1.440372,0.676068,ITA,RWA,7414
709320,116,187,1242,2004.0,11970.0,0.0,-0.565597,0.182375,KEN,RWA,7414
709321,162,187,1242,2004.0,40418.0,0.0,1.171327,1.6369799999999999,NLD,RWA,7414
709322,227,187,1242,2004.0,1963.0,0.0,-1.05367,-0.546304,UGA,RWA,7414
709323,231,187,1242,2004.0,7213.0,0.0,1.818327,-0.17913900000000002,USA,RWA,7414
709324,246,187,1242,2004.0,15336.0,0.0,0.29599699999999995,1.909018,ZAF,RWA,7414
709325,8,1,1242,2004.0,137006.0,0.0,-0.070845,0.879574,ARG,AFG,7414
709326,18,1,1242,2004.0,0.0,100634.0,1.242665,1.541444,BEL,AFG,7414
709327,32,1,1242,2004.0,1513.0,0.0,0.504233,1.567879,BRA,AFG,7414
709328,39,1,1242,2004.0,26415.0,0.0,0.781591,1.365966,CAN,AFG,7414
709329,61,1,1242,2004.0,76320.0,0.0,2.4453099999999997,-2.331761,DEU,AFG,7414
709330,64,1,1242,2004.0,3762.0,0.0,1.309074,1.2627979999999999,DNK,AFG,7414
709331,71,1,1242,2004.0,4860.0,0.0,1.04057,1.789023,ESP,AFG,7414
709332,104,1,1242,2004.0,11958.0,0.0,0.20872,2.817307,IND,AFG,7414
709333,107,1,1242,2004.0,691318.0,0.0,-0.6691699999999999,-1.002548,IRN,AFG,7414
709334,111,1,1242,2004.0,86524.0,0.0,1.440372,0.676068,ITA,AFG,7414
709335,114,1,1242,2004.0,3727.0,0.0,2.756136,0.15545,JPN,AFG,7414
709336,124,1,1242,2004.0,245000.0,0.0,0.269753,1.3152979999999999,LBN,AFG,7414
709337,162,1,1242,2004.0,181639.0,0.0,1.171327,1.6369799999999999,NLD,AFG,7414
709338,168,1,1242,2004.0,651727.0,0.0,-0.7489600000000001,0.22493200000000002,PAK,AFG,7414
709339,224,1,1242,2004.0,111028.0,0.0,0.249065,1.910598,TUR,AFG,7414
709340,231,1,1242,2004.0,173470.0,0.0,1.818327,-0.17913900000000002,USA,AFG,7414
709341,7,9,1242,2004.0,67178.0,0.0,-0.10993399999999999,-0.5351640000000001,ARE,ARM,7414
709342,28,9,1242,2004.0,1904.0,0.0,0.9384239999999999,0.9708690000000001,BLR,ARM,7414
709343,43,9,1242,2004.0,3604.0,0.0,0.710603,2.017234,CHN,ARM,7414
709344,59,9,1242,2004.0,2037.0,0.0,1.612543,0.607495,CZE,ARM,7414
709345,61,9,1242,2004.0,19272.0,0.0,2.4453099999999997,-2.331761,DEU,ARM,7414
709346,64,9,1242,2004.0,26371.0,0.0,1.309074,1.2627979999999999,DNK,ARM,7414
709347,71,9,1242,2004.0,1413.0,0.0,1.04057,1.789023,ESP,ARM,7414
709348,77,9,1242,2004.0,1292.0,0.0,1.57079,0.6776760000000001,FRA,ARM,7414
709349,81,9,1242,2004.0,3154.0,0.0,1.872987,0.734065,GBR,ARM,7414
709350,82,9,1242,2004.0,9573.0,0.0,-0.030676,-0.560186,GEO,ARM,7414
709351,90,9,1242,2004.0,226861.0,0.0,0.298029,1.745886,GRC,ARM,7414
709352,107,9,1242,2004.0,327977.0,1998.0,-0.6691699999999999,-1.002548,IRN,ARM,7414
709353,111,9,1242,2004.0,163999.0,0.0,1.440372,0.676068,ITA,ARM,7414
709354,124,9,1242,2004.0,2108.0,0.0,0.269753,1.3152979999999999,LBN,ARM,7414
709355,131,9,1242,2004.0,33621.0,0.0,1.258828,1.079923,LUX,ARM,7414
709356,132,9,1242,2004.0,1455.0,0.0,0.415001,0.8476809999999999,LVA,ARM,7414
709357,177,9,1242,2004.0,203742.0,0.0,0.989568,1.49055,POL,ARM,7414
709358,186,9,1242,2004.0,31695.0,0.0,0.422803,0.017524,RUS,ARM,7414
709359,207,9,1242,2004.0,48644.0,0.0,1.700677,0.829765,SVN,ARM,7414
709360,212,9,1242,2004.0,0.0,1217.0,-0.698545,-0.111323,SYR,ARM,7414
709361,224,9,1242,2004.0,604620.0,0.0,0.249065,1.910598,TUR,ARM,7414
709362,228,9,1242,2004.0,6766.0,0.0,0.672848,1.172735,UKR,ARM,7414
709363,231,9,1242,2004.0,6087.0,0.0,1.818327,-0.17913900000000002,USA,ARM,7414
709364,7,17,1242,2004.0,3365.0,0.0,-0.10993399999999999,-0.5351640000000001,ARE,BDI,7414
709365,18,17,1242,2004.0,37383.0,0.0,1.242665,1.541444,BEL,BDI,7414
709366,81,17,1242,2004.0,2035.0,0.0,1.872987,0.734065,GBR,BDI,7414
709367,111,17,1242,2004.0,65137.0,0.0,1.440372,0.676068,ITA,BDI,7414
709368,116,17,1242,2004.0,7054.0,0.0,-0.565597,0.182375,KEN,BDI,7414
709369,162,17,1242,2004.0,396631.0,0.0,1.171327,1.6369799999999999,NLD,BDI,7414
709370,246,17,1242,2004.0,25541.0,0.0,0.29599699999999995,1.909018,ZAF,BDI,7414
709371,7,21,1242,2004.0,1474.0,0.0,-0.10993399999999999,-0.5351640000000001,ARE,BFA,7414
709372,15,21,1242,2004.0,1627.0,0.0,1.958949,0.209296,AUT,BFA,7414
709373,18,21,1242,2004.0,32607.0,0.0,1.242665,1.541444,BEL,BFA,7414
709374,61,21,1242,2004.0,7233.0,0.0,2.4453099999999997,-2.331761,DEU,BFA,7414
709375,64,21,1242,2004.0,7833.0,0.0,1.309074,1.2627979999999999,DNK,BFA,7414
709376,77,21,1242,2004.0,777027.0,0.0,1.57079,0.6776760000000001,FRA,BFA,7414
709377,103,21,1242,2004.0,21865.0,0.0,0.010095999999999999,1.7413779999999999,IDN,BFA,7414
709378,111,21,1242,2004.0,20802.0,0.0,1.440372,0.676068,ITA,BFA,7414
709379,124,21,1242,2004.0,2980.0,0.0,0.269753,1.3152979999999999,LBN,BFA,7414
709380,131,21,1242,2004.0,95904.0,0.0,1.258828,1.079923,LUX,BFA,7414
709381,141,21,1242,2004.0,0.0,13551.0,-0.5807979999999999,-0.797311,MLI,BFA,7414
709382,159,21,1242,2004.0,11017.0,0.0,-2.336753,-1.350375,NGA,BFA,7414
709383,208,21,1242,2004.0,1730.0,0.0,2.105611,0.707843,SWE,BFA,7414
709384,236,21,1242,2004.0,0.0,1776423.0,-0.41193900000000006,-0.9578899999999999,VEN,BFA,7414
709385,14,34,1242,2004.0,22470.0,32696.0,-0.198735,0.81543,AUS,BRN,7414
709386,43,34,1242,2004.0,123448.0,0.0,0.710603,2.017234,CHN,BRN,7414
709387,61,34,1242,2004.0,4217.0,0.0,2.4453099999999997,-2.331761,DEU,BRN,7414
709388,77,34,1242,2004.0,592128.0,0.0,1.57079,0.6776760000000001,FRA,BRN,7414
709389,81,34,1242,2004.0,401691.0,0.0,1.872987,0.734065,GBR,BRN,7414
709390,111,34,1242,2004.0,12892.0,0.0,1.440372,0.676068,ITA,BRN,7414
709391,114,34,1242,2004.0,6394.0,0.0,2.756136,0.15545,JPN,BRN,7414
709392,121,34,1242,2004.0,36618.0,0.0,1.481275,0.7859,KOR,BRN,7414
709393,153,34,1242,2004.0,96298.0,0.0,1.250098,0.352379,MYS,BRN,7414
709394,174,34,1242,2004.0,3189.0,0.0,0.288786,-0.25348699999999996,PHL,BRN,7414
709395,192,34,1242,2004.0,1179313.0,3744.0,1.804502,0.570084,SGP,BRN,7414
709396,216,34,1242,2004.0,79662.0,0.0,0.633501,1.4648290000000002,THA,BRN,7414
709397,231,34,1242,2004.0,81005.0,0.0,1.818327,-0.17913900000000002,USA,BRN,7414
709398,249,34,1242,2004.0,1458.0,0.0,1.8844150000000002,1.257951,TWN,BRN,7414
709399,18,47,1242,2004.0,48715.0,0.0,1.242665,1.541444,BEL,COG,7414
709400,32,47,1242,2004.0,1431.0,0.0,0.504233,1.567879,BRA,COG,7414
709401,43,47,1242,2004.0,17844.0,0.0,0.710603,2.017234,CHN,COG,7414
709402,71,47,1242,2004.0,3594.0,0.0,1.04057,1.789023,ESP,COG,7414
709403,74,47,1242,2004.0,19786.0,0.0,1.9662810000000002,1.018108,FIN,COG,7414
709404,77,47,1242,2004.0,439013.0,0.0,1.57079,0.6776760000000001,FRA,COG,7414
709405,104,47,1242,2004.0,3155.0,0.0,0.20872,2.817307,IND,COG,7414
709406,106,47,1242,2004.0,161935.0,0.0,1.498475,0.19050799999999998,IRL,COG,7414
709407,111,47,1242,2004.0,286824.0,0.0,1.440372,0.676068,ITA,COG,7414
709408,124,47,1242,2004.0,375000.0,0.0,0.269753,1.3152979999999999,LBN,COG,7414
709409,131,47,1242,2004.0,4763.0,0.0,1.258828,1.079923,LUX,COG,7414
709410,162,47,1242,2004.0,22394.0,0.0,1.171327,1.6369799999999999,NLD,COG,7414
709411,179,47,1242,2004.0,12995.0,0.0,0.705075,1.7268729999999999,PRT,COG,7414
709412,208,47,1242,2004.0,2184.0,0.0,2.105611,0.707843,SWE,COG,7414
709413,216,47,1242,2004.0,23074.0,0.0,0.633501,1.4648290000000002,THA,COG,7414
709414,224,47,1242,2004.0,87462.0,0.0,0.249065,1.910598,TUR,COG,7414
709415,227,47,1242,2004.0,1910.0,0.0,-1.05367,-0.546304,UGA,COG,7414
709416,246,47,1242,2004.0,14868.0,0.0,0.29599699999999995,1.909018,ZAF,COG,7414
709417,249,47,1242,2004.0,13667.0,0.0,1.8844150000000002,1.257951,TWN,COG,7414
709418,77,50,1242,2004.0,45523.0,0.0,1.57079,0.6776760000000001,FRA,COM,7414
709419,104,50,1242,2004.0,2851.0,0.0,0.20872,2.817307,IND,COM,7414
709420,151,50,1242,2004.0,1582.0,0.0,-0.161262,-0.29730300000000004,MUS,COM,7414
709421,154,50,1242,2004.0,1897.0,0.0,1.290551,0.284667,MYT,COM,7414
709422,162,50,1242,2004.0,3433.0,0.0,1.171327,1.6369799999999999,NLD,COM,7414
709423,18,62,1242,2004.0,104132.0,0.0,1.242665,1.541444,BEL,DJI,7414
709424,43,62,1242,2004.0,111284.0,0.0,0.710603,2.017234,CHN,DJI,7414
709425,64,62,1242,2004.0,17085.0,0.0,1.309074,1.2627979999999999,DNK,DJI,7414
709426,73,62,1242,2004.0,0.0,2476.0,-1.202444,-0.8973120000000001,ETH,DJI,7414
709427,77,62,1242,2004.0,294748.0,0.0,1.57079,0.6776760000000001,FRA,DJI,7414
709428,104,62,1242,2004.0,42476.0,0.0,0.20872,2.817307,IND,DJI,7414
709429,111,62,1242,2004.0,163835.0,0.0,1.440372,0.676068,ITA,DJI,7414
709430,113,62,1242,2004.0,6654.0,0.0,0.16384200000000002,0.34270100000000003,JOR,DJI,7414
709431,162,62,1242,2004.0,4976.0,0.0,1.171327,1.6369799999999999,NLD,DJI,7414
709432,168,62,1242,2004.0,1105.0,0.0,-0.7489600000000001,0.22493200000000002,PAK,DJI,7414
709433,192,62,1242,2004.0,5547.0,0.0,1.804502,0.570084,SGP,DJI,7414
709434,216,62,1242,2004.0,9849.0,0.0,0.633501,1.4648290000000002,THA,DJI,7414
709435,224,62,1242,2004.0,4062.0,0.0,0.249065,1.910598,TUR,DJI,7414
709436,231,62,1242,2004.0,6979.0,0.0,1.818327,-0.17913900000000002,USA,DJI,7414
709437,249,62,1242,2004.0,5145.0,0.0,1.8844150000000002,1.257951,TWN,DJI,7414
709438,14,75,1242,2004.0,841343.0,0.0,-0.198735,0.81543,AUS,FJI,7414
709439,41,75,1242,2004.0,1229.0,0.0,2.234603,0.551975,CHE,FJI,7414
709440,43,75,1242,2004.0,318755.0,0.0,0.710603,2.017234,CHN,FJI,7414
709441,61,75,1242,2004.0,3753.0,0.0,2.4453099999999997,-2.331761,DEU,FJI,7414
709442,64,75,1242,2004.0,19432.0,0.0,1.309074,1.2627979999999999,DNK,FJI,7414
709443,97,75,1242,2004.0,2897.0,0.0,0.72816,1.403171,HKG,FJI,7414
709444,103,75,1242,2004.0,10725.0,0.0,0.010095999999999999,1.7413779999999999,IDN,FJI,7414
709445,104,75,1242,2004.0,2451.0,0.0,0.20872,2.817307,IND,FJI,7414
709446,111,75,1242,2004.0,17413.0,0.0,1.440372,0.676068,ITA,FJI,7414
709447,114,75,1242,2004.0,104030.0,0.0,2.756136,0.15545,JPN,FJI,7414
709448,121,75,1242,2004.0,2763.0,0.0,1.481275,0.7859,KOR,FJI,7414
709449,162,75,1242,2004.0,5821.0,0.0,1.171327,1.6369799999999999,NLD,FJI,7414
709450,166,75,1242,2004.0,1079577.0,0.0,0.44099099999999997,0.968326,NZL,FJI,7414
709451,192,75,1242,2004.0,8340.0,0.0,1.804502,0.570084,SGP,FJI,7414
709452,216,75,1242,2004.0,76434.0,0.0,0.633501,1.4648290000000002,THA,FJI,7414
709453,231,75,1242,2004.0,20010.0,0.0,1.818327,-0.17913900000000002,USA,FJI,7414
709454,249,75,1242,2004.0,43746.0,0.0,1.8844150000000002,1.257951,TWN,FJI,7414
709455,18,85,1242,2004.0,3189.0,0.0,1.242665,1.541444,BEL,GIN,7414
709456,28,85,1242,2004.0,2888.0,0.0,0.9384239999999999,0.9708690000000001,BLR,GIN,7414
709457,39,85,1242,2004.0,23256.0,0.0,0.781591,1.365966,CAN,GIN,7414
709458,43,85,1242,2004.0,8465.0,0.0,0.710603,2.017234,CHN,GIN,7414
709459,61,85,1242,2004.0,5727.0,0.0,2.4453099999999997,-2.331761,DEU,GIN,7414
709460,64,85,1242,2004.0,26737.0,0.0,1.309074,1.2627979999999999,DNK,GIN,7414
709461,71,85,1242,2004.0,2397.0,0.0,1.04057,1.789023,ESP,GIN,7414
709462,74,85,1242,2004.0,577020.0,0.0,1.9662810000000002,1.018108,FIN,GIN,7414
709463,77,85,1242,2004.0,298999.0,0.0,1.57079,0.6776760000000001,FRA,GIN,7414
709464,81,85,1242,2004.0,2454.0,0.0,1.872987,0.734065,GBR,GIN,7414
709465,111,85,1242,2004.0,36165.0,0.0,1.440372,0.676068,ITA,GIN,7414
709466,121,85,1242,2004.0,63973.0,0.0,1.481275,0.7859,KOR,GIN,7414
709467,124,85,1242,2004.0,40451.0,0.0,0.269753,1.3152979999999999,LBN,GIN,7414
709468,159,85,1242,2004.0,15707.0,0.0,-2.336753,-1.350375,NGA,GIN,7414
709469,162,85,1242,2004.0,113349.0,0.0,1.171327,1.6369799999999999,NLD,GIN,7414
709470,166,85,1242,2004.0,9294.0,0.0,0.44099099999999997,0.968326,NZL,GIN,7414
709471,192,85,1242,2004.0,7524.0,0.0,1.804502,0.570084,SGP,GIN,7414
709472,224,85,1242,2004.0,52065.0,0.0,0.249065,1.910598,TUR,GIN,7414
709473,231,85,1242,2004.0,17435.0,0.0,1.818327,-0.17913900000000002,USA,GIN,7414
709474,7,87,1242,2004.0,12709.0,0.0,-0.10993399999999999,-0.5351640000000001,ARE,GMB,7414
709475,18,87,1242,2004.0,3451.0,0.0,1.242665,1.541444,BEL,GMB,7414
709476,61,87,1242,2004.0,62105.0,0.0,2.4453099999999997,-2.331761,DEU,GMB,7414
709477,64,87,1242,2004.0,3433.0,0.0,1.309074,1.2627979999999999,DNK,GMB,7414
709478,71,87,1242,2004.0,3097.0,0.0,1.04057,1.789023,ESP,GMB,7414
709479,77,87,1242,2004.0,4990.0,0.0,1.57079,0.6776760000000001,FRA,GMB,7414
709480,81,87,1242,2004.0,100973.0,0.0,1.872987,0.734065,GBR,GMB,7414
709481,103,87,1242,2004.0,1235.0,0.0,0.010095999999999999,1.7413779999999999,IDN,GMB,7414
709482,111,87,1242,2004.0,45553.0,0.0,1.440372,0.676068,ITA,GMB,7414
709483,208,87,1242,2004.0,8473.0,0.0,2.105611,0.707843,SWE,GMB,7414
709484,216,87,1242,2004.0,7398.0,0.0,0.633501,1.4648290000000002,THA,GMB,7414
709485,231,87,1242,2004.0,9938.0,0.0,1.818327,-0.17913900000000002,USA,GMB,7414
709486,246,87,1242,2004.0,16189.0,0.0,0.29599699999999995,1.909018,ZAF,GMB,7414
709487,18,108,1242,2004.0,109319.0,0.0,1.242665,1.541444,BEL,IRQ,7414
709488,43,108,1242,2004.0,43351.0,0.0,0.710603,2.017234,CHN,IRQ,7414
709489,61,108,1242,2004.0,158397.0,0.0,2.4453099999999997,-2.331761,DEU,IRQ,7414
709490,64,108,1242,2004.0,63696.0,0.0,1.309074,1.2627979999999999,DNK,IRQ,7414
709491,68,108,1242,2004.0,185136.0,0.0,-0.35823499999999997,0.5000100000000001,EGY,IRQ,7414
709492,77,108,1242,2004.0,688990.0,17595.0,1.57079,0.6776760000000001,FRA,IRQ,7414
709493,81,108,1242,2004.0,51317.0,0.0,1.872987,0.734065,GBR,IRQ,7414
709494,104,108,1242,2004.0,292297.0,0.0,0.20872,2.817307,IND,IRQ,7414
709495,107,108,1242,2004.0,1080002.0,0.0,-0.6691699999999999,-1.002548,IRN,IRQ,7414
709496,111,108,1242,2004.0,659891.0,0.0,1.440372,0.676068,ITA,IRQ,7414
709497,113,108,1242,2004.0,417941.0,0.0,0.16384200000000002,0.34270100000000003,JOR,IRQ,7414
709498,122,108,1242,2004.0,457488.0,0.0,-0.8195479999999999,-1.2105709999999998,KWT,IRQ,7414
709499,124,108,1242,2004.0,163000.0,0.0,0.269753,1.3152979999999999,LBN,IRQ,7414
709500,153,108,1242,2004.0,8501.0,0.0,1.250098,0.352379,MYS,IRQ,7414
709501,162,108,1242,2004.0,309781.0,0.0,1.171327,1.6369799999999999,NLD,IRQ,7414
709502,163,108,1242,2004.0,1455.0,0.0,0.731175,-0.0655,NOR,IRQ,7414
709503,188,108,1242,2004.0,188000.0,0.0,0.361324,-0.760732,SAU,IRQ,7414
709504,208,108,1242,2004.0,2046.0,0.0,2.105611,0.707843,SWE,IRQ,7414
709505,212,108,1242,2004.0,1597151.0,0.0,-0.698545,-0.111323,SYR,IRQ,7414
709506,216,108,1242,2004.0,3962.0,0.0,0.633501,1.4648290000000002,THA,IRQ,7414
709507,223,108,1242,2004.0,42094.0,0.0,-0.125092,0.370625,TUN,IRQ,7414
709508,224,108,1242,2004.0,7065122.0,0.0,0.249065,1.910598,TUR,IRQ,7414
709509,231,108,1242,2004.0,388544.0,0.0,1.818327,-0.17913900000000002,USA,IRQ,7414
709510,18,118,1242,2004.0,323314.0,0.0,1.242665,1.541444,BEL,KHM,7414
709511,43,118,1242,2004.0,161030.0,0.0,0.710603,2.017234,CHN,KHM,7414
709512,61,118,1242,2004.0,9548.0,0.0,2.4453099999999997,-2.331761,DEU,KHM,7414
709513,64,118,1242,2004.0,13879.0,0.0,1.309074,1.2627979999999999,DNK,KHM,7414
709514,77,118,1242,2004.0,49556.0,0.0,1.57079,0.6776760000000001,FRA,KHM,7414
709515,97,118,1242,2004.0,23913.0,0.0,0.72816,1.403171,HKG,KHM,7414
709516,103,118,1242,2004.0,49980.0,0.0,0.010095999999999999,1.7413779999999999,IDN,KHM,7414
709517,111,118,1242,2004.0,4575.0,0.0,1.440372,0.676068,ITA,KHM,7414
709518,114,118,1242,2004.0,154206.0,0.0,2.756136,0.15545,JPN,KHM,7414
709519,121,118,1242,2004.0,28431.0,0.0,1.481275,0.7859,KOR,KHM,7414
709520,131,118,1242,2004.0,393182.0,0.0,1.258828,1.079923,LUX,KHM,7414
709521,153,118,1242,2004.0,43710.0,0.0,1.250098,0.352379,MYS,KHM,7414
709522,192,118,1242,2004.0,76630.0,0.0,1.804502,0.570084,SGP,KHM,7414
709523,216,118,1242,2004.0,337474.0,0.0,0.633501,1.4648290000000002,THA,KHM,7414
709524,231,118,1242,2004.0,109560.0,0.0,1.818327,-0.17913900000000002,USA,KHM,7414
709525,249,118,1242,2004.0,42951.0,0.0,1.8844150000000002,1.257951,TWN,KHM,7414
709526,15,125,1242,2004.0,8816.0,0.0,1.958949,0.209296,AUT,LBR,7414
709527,18,125,1242,2004.0,126444.0,0.0,1.242665,1.541444,BEL,LBR,7414
709528,43,125,1242,2004.0,3901.0,0.0,0.710603,2.017234,CHN,LBR,7414
709529,59,125,1242,2004.0,1418.0,0.0,1.612543,0.607495,CZE,LBR,7414
709530,61,125,1242,2004.0,66282.0,0.0,2.4453099999999997,-2.331761,DEU,LBR,7414
709531,64,125,1242,2004.0,30650.0,0.0,1.309074,1.2627979999999999,DNK,LBR,7414
709532,74,125,1242,2004.0,6412.0,0.0,1.9662810000000002,1.018108,FIN,LBR,7414
709533,77,125,1242,2004.0,213910.0,0.0,1.57079,0.6776760000000001,FRA,LBR,7414
709534,81,125,1242,2004.0,2265.0,0.0,1.872987,0.734065,GBR,LBR,7414
709535,111,125,1242,2004.0,110736.0,0.0,1.440372,0.676068,ITA,LBR,7414
709536,114,125,1242,2004.0,4569.0,0.0,2.756136,0.15545,JPN,LBR,7414
709537,124,125,1242,2004.0,613000.0,0.0,0.269753,1.3152979999999999,LBN,LBR,7414
709538,162,125,1242,2004.0,83354.0,1064.0,1.171327,1.6369799999999999,NLD,LBR,7414
709539,177,125,1242,2004.0,27403.0,0.0,0.989568,1.49055,POL,LBR,7414
709540,208,125,1242,2004.0,5598.0,0.0,2.105611,0.707843,SWE,LBR,7414
709541,231,125,1242,2004.0,32050.0,0.0,1.818327,-0.17913900000000002,USA,LBR,7414
709542,15,126,1242,2004.0,300255.0,0.0,1.958949,0.209296,AUT,LBY,7414
709543,18,126,1242,2004.0,136849.0,0.0,1.242665,1.541444,BEL,LBY,7414
709544,39,126,1242,2004.0,5051738.0,0.0,0.781591,1.365966,CAN,LBY,7414
709545,41,126,1242,2004.0,132362.0,0.0,2.234603,0.551975,CHE,LBY,7414
709546,43,126,1242,2004.0,142650.0,0.0,0.710603,2.017234,CHN,LBY,7414
709547,61,126,1242,2004.0,3231991.0,0.0,2.4453099999999997,-2.331761,DEU,LBY,7414
709548,64,126,1242,2004.0,19418.0,0.0,1.309074,1.2627979999999999,DNK,LBY,7414
709549,68,126,1242,2004.0,33406.0,0.0,-0.35823499999999997,0.5000100000000001,EGY,LBY,7414
709550,71,126,1242,2004.0,68089.0,0.0,1.04057,1.789023,ESP,LBY,7414
709551,77,126,1242,2004.0,166651.0,0.0,1.57079,0.6776760000000001,FRA,LBY,7414
709552,81,126,1242,2004.0,647633.0,0.0,1.872987,0.734065,GBR,LBY,7414
709553,90,126,1242,2004.0,74394.0,0.0,0.298029,1.745886,GRC,LBY,7414
709554,103,126,1242,2004.0,332533.0,0.0,0.010095999999999999,1.7413779999999999,IDN,LBY,7414
709555,106,126,1242,2004.0,29488.0,0.0,1.498475,0.19050799999999998,IRL,LBY,7414
709556,111,126,1242,2004.0,19122632.0,43065.0,1.440372,0.676068,ITA,LBY,7414
709557,113,126,1242,2004.0,454288.0,0.0,0.16384200000000002,0.34270100000000003,JOR,LBY,7414
709558,114,126,1242,2004.0,6595.0,0.0,2.756136,0.15545,JPN,LBY,7414
709559,121,126,1242,2004.0,66805.0,0.0,1.481275,0.7859,KOR,LBY,7414
709560,124,126,1242,2004.0,17000.0,0.0,0.269753,1.3152979999999999,LBN,LBY,7414
709561,130,126,1242,2004.0,1951.0,0.0,0.341521,0.7971560000000001,LTU,LBY,7414
709562,131,126,1242,2004.0,359990.0,0.0,1.258828,1.079923,LUX,LBY,7414
709563,134,126,1242,2004.0,51763.0,0.0,-0.626594,-0.22253499999999998,MAR,LBY,7414
709564,142,126,1242,2004.0,52201.0,0.0,1.2290379999999999,-0.025372,MLT,LBY,7414
709565,162,126,1242,2004.0,78378.0,0.0,1.171327,1.6369799999999999,NLD,LBY,7414
709566,177,126,1242,2004.0,44111.0,0.0,0.989568,1.49055,POL,LBY,7414
709567,207,126,1242,2004.0,89796.0,0.0,1.700677,0.829765,SVN,LBY,7414
709568,208,126,1242,2004.0,1363.0,0.0,2.105611,0.707843,SWE,LBY,7414
709569,216,126,1242,2004.0,405647.0,0.0,0.633501,1.4648290000000002,THA,LBY,7414
709570,223,126,1242,2004.0,4216346.0,4874.0,-0.125092,0.370625,TUN,LBY,7414
709571,224,126,1242,2004.0,585088.0,0.0,0.249065,1.910598,TUR,LBY,7414
709572,249,126,1242,2004.0,20349.0,0.0,1.8844150000000002,1.257951,TWN,LBY,7414
709573,18,136,1242,2004.0,2015950.0,0.0,1.242665,1.541444,BEL,MDG,7414
709574,41,136,1242,2004.0,6266.0,0.0,2.234603,0.551975,CHE,MDG,7414
709575,43,136,1242,2004.0,121075.0,0.0,0.710603,2.017234,CHN,MDG,7414
709576,61,136,1242,2004.0,794831.0,0.0,2.4453099999999997,-2.331761,DEU,MDG,7414
709577,64,136,1242,2004.0,93010.0,0.0,1.309074,1.2627979999999999,DNK,MDG,7414
709578,71,136,1242,2004.0,55252.0,1029.0,1.04057,1.789023,ESP,MDG,7414
709579,77,136,1242,2004.0,2089384.0,0.0,1.57079,0.6776760000000001,FRA,MDG,7414
709580,81,136,1242,2004.0,39107.0,0.0,1.872987,0.734065,GBR,MDG,7414
709581,90,136,1242,2004.0,0.0,3392.0,0.298029,1.745886,GRC,MDG,7414
709582,111,136,1242,2004.0,164231.0,0.0,1.440372,0.676068,ITA,MDG,7414
709583,114,136,1242,2004.0,1661.0,0.0,2.756136,0.15545,JPN,MDG,7414
709584,131,136,1242,2004.0,18300.0,0.0,1.258828,1.079923,LUX,MDG,7414
709585,138,136,1242,2004.0,4040.0,0.0,1.183707,0.9043700000000001,MEX,MDG,7414
709586,151,136,1242,2004.0,117414.0,0.0,-0.161262,-0.29730300000000004,MUS,MDG,7414
709587,162,136,1242,2004.0,569873.0,0.0,1.171327,1.6369799999999999,NLD,MDG,7414
709588,177,136,1242,2004.0,11783.0,0.0,0.989568,1.49055,POL,MDG,7414
709589,179,136,1242,2004.0,30574.0,0.0,0.705075,1.7268729999999999,PRT,MDG,7414
709590,192,136,1242,2004.0,17436.0,0.0,1.804502,0.570084,SGP,MDG,7414
709591,208,136,1242,2004.0,3517.0,0.0,2.105611,0.707843,SWE,MDG,7414
709592,246,136,1242,2004.0,206379.0,0.0,0.29599699999999995,1.909018,ZAF,MDG,7414
709593,250,136,1242,2004.0,245266.0,6386.0,0.46240200000000004,-0.406624,ANS,MDG,7414
709594,7,137,1242,2004.0,52830.0,0.0,-0.10993399999999999,-0.5351640000000001,ARE,MDV,7414
709595,14,137,1242,2004.0,679032.0,0.0,-0.198735,0.81543,AUS,MDV,7414
709596,43,137,1242,2004.0,52338.0,0.0,0.710603,2.017234,CHN,MDV,7414
709597,61,137,1242,2004.0,12562.0,0.0,2.4453099999999997,-2.331761,DEU,MDV,7414
709598,64,137,1242,2004.0,447074.0,0.0,1.309074,1.2627979999999999,DNK,MDV,7414
709599,71,137,1242,2004.0,20451.0,0.0,1.04057,1.789023,ESP,MDV,7414
709600,77,137,1242,2004.0,75095.0,0.0,1.57079,0.6776760000000001,FRA,MDV,7414
709601,81,137,1242,2004.0,15920.0,0.0,1.872987,0.734065,GBR,MDV,7414
709602,90,137,1242,2004.0,1187.0,0.0,0.298029,1.745886,GRC,MDV,7414
709603,103,137,1242,2004.0,5260.0,0.0,0.010095999999999999,1.7413779999999999,IDN,MDV,7414
709604,104,137,1242,2004.0,5127.0,0.0,0.20872,2.817307,IND,MDV,7414
709605,111,137,1242,2004.0,180528.0,0.0,1.440372,0.676068,ITA,MDV,7414
709606,114,137,1242,2004.0,115510.0,0.0,2.756136,0.15545,JPN,MDV,7414
709607,128,137,1242,2004.0,5336.0,0.0,-0.42450299999999996,0.173518,LKA,MDV,7414
709608,153,137,1242,2004.0,606513.0,0.0,1.250098,0.352379,MYS,MDV,7414
709609,162,137,1242,2004.0,24664.0,0.0,1.171327,1.6369799999999999,NLD,MDV,7414
709610,166,137,1242,2004.0,25131.0,0.0,0.44099099999999997,0.968326,NZL,MDV,7414
709611,192,137,1242,2004.0,445292.0,0.0,1.804502,0.570084,SGP,MDV,7414
709612,208,137,1242,2004.0,41336.0,0.0,2.105611,0.707843,SWE,MDV,7414
709613,216,137,1242,2004.0,992185.0,0.0,0.633501,1.4648290000000002,THA,MDV,7414
709614,224,137,1242,2004.0,5457.0,0.0,0.249065,1.910598,TUR,MDV,7414
709615,231,137,1242,2004.0,37166.0,0.0,1.818327,-0.17913900000000002,USA,MDV,7414
709616,43,143,1242,2004.0,843687.0,0.0,0.710603,2.017234,CHN,MMR,7414
709617,61,143,1242,2004.0,2154992.0,0.0,2.4453099999999997,-2.331761,DEU,MMR,7414
709618,74,143,1242,2004.0,47078.0,0.0,1.9662810000000002,1.018108,FIN,MMR,7414
709619,114,143,1242,2004.0,11024.0,0.0,2.756136,0.15545,JPN,MMR,7414
709620,121,143,1242,2004.0,93266.0,0.0,1.481275,0.7859,KOR,MMR,7414
709621,153,143,1242,2004.0,327826.0,0.0,1.250098,0.352379,MYS,MMR,7414
709622,192,143,1242,2004.0,986692.0,0.0,1.804502,0.570084,SGP,MMR,7414
709623,216,143,1242,2004.0,158754.0,0.0,0.633501,1.4648290000000002,THA,MMR,7414
709624,231,143,1242,2004.0,56648.0,0.0,1.818327,-0.17913900000000002,USA,MMR,7414
709625,249,143,1242,2004.0,3302.0,0.0,1.8844150000000002,1.257951,TWN,MMR,7414
709626,14,145,1242,2004.0,7388.0,0.0,-0.198735,0.81543,AUS,MNG,7414
709627,28,145,1242,2004.0,6464.0,0.0,0.9384239999999999,0.9708690000000001,BLR,MNG,7414
709628,43,145,1242,2004.0,701090.0,0.0,0.710603,2.017234,CHN,MNG,7414
709629,59,145,1242,2004.0,2100.0,0.0,1.612543,0.607495,CZE,MNG,7414
709630,61,145,1242,2004.0,290209.0,0.0,2.4453099999999997,-2.331761,DEU,MNG,7414
709631,71,145,1242,2004.0,115494.0,0.0,1.04057,1.789023,ESP,MNG,7414
709632,97,145,1242,2004.0,3955.0,0.0,0.72816,1.403171,HKG,MNG,7414
709633,111,145,1242,2004.0,18258.0,0.0,1.440372,0.676068,ITA,MNG,7414
709634,121,145,1242,2004.0,76947.0,0.0,1.481275,0.7859,KOR,MNG,7414
709635,186,145,1242,2004.0,45919.0,0.0,0.422803,0.017524,RUS,MNG,7414
709636,192,145,1242,2004.0,3892.0,0.0,1.804502,0.570084,SGP,MNG,7414
709637,224,145,1242,2004.0,4060.0,0.0,0.249065,1.910598,TUR,MNG,7414
709638,231,145,1242,2004.0,11761.0,0.0,1.818327,-0.17913900000000002,USA,MNG,7414
709639,50,154,1242,2004.0,0.0,1897.0,-0.8264940000000001,-0.9641290000000001,COM,MYT,7414
709640,61,154,1242,2004.0,1649.0,0.0,2.4453099999999997,-2.331761,DEU,MYT,7414
709641,71,154,1242,2004.0,13533.0,0.0,1.04057,1.789023,ESP,MYT,7414
709642,77,154,1242,2004.0,514225.0,0.0,1.57079,0.6776760000000001,FRA,MYT,7414
709643,81,154,1242,2004.0,6201.0,0.0,1.872987,0.734065,GBR,MYT,7414
709644,102,154,1242,2004.0,1139.0,0.0,1.3579370000000002,0.9993219999999999,HUN,MYT,7414
709645,111,154,1242,2004.0,85332.0,0.0,1.440372,0.676068,ITA,MYT,7414
709646,114,154,1242,2004.0,4013.0,0.0,2.756136,0.15545,JPN,MYT,7414
709647,192,154,1242,2004.0,5594.0,0.0,1.804502,0.570084,SGP,MYT,7414
709648,208,154,1242,2004.0,1880.0,0.0,2.105611,0.707843,SWE,MYT,7414
709649,231,154,1242,2004.0,28374.0,0.0,1.818327,-0.17913900000000002,USA,MYT,7414
709650,43,164,1242,2004.0,97354.0,0.0,0.710603,2.017234,CHN,NPL,7414
709651,81,164,1242,2004.0,1935.0,0.0,1.872987,0.734065,GBR,NPL,7414
709652,97,164,1242,2004.0,1454.0,0.0,0.72816,1.403171,HKG,NPL,7414
709653,104,164,1242,2004.0,259811.0,0.0,0.20872,2.817307,IND,NPL,7414
709654,114,164,1242,2004.0,8787.0,0.0,2.756136,0.15545,JPN,NPL,7414
709655,121,164,1242,2004.0,4008.0,0.0,1.481275,0.7859,KOR,NPL,7414
709656,131,164,1242,2004.0,166012.0,0.0,1.258828,1.079923,LUX,NPL,7414
709657,192,164,1242,2004.0,1857.0,0.0,1.804502,0.570084,SGP,NPL,7414
709658,231,164,1242,2004.0,70088.0,0.0,1.818327,-0.17913900000000002,USA,NPL,7414
709659,14,182,1242,2004.0,6535.0,0.0,-0.198735,0.81543,AUS,PYF,7414
709660,15,182,1242,2004.0,1532.0,0.0,1.958949,0.209296,AUT,PYF,7414
709661,18,182,1242,2004.0,57777.0,0.0,1.242665,1.541444,BEL,PYF,7414
709662,32,182,1242,2004.0,44223.0,0.0,0.504233,1.567879,BRA,PYF,7414
709663,39,182,1242,2004.0,42219.0,0.0,0.781591,1.365966,CAN,PYF,7414
709664,43,182,1242,2004.0,69991.0,0.0,0.710603,2.017234,CHN,PYF,7414
709665,61,182,1242,2004.0,90107.0,0.0,2.4453099999999997,-2.331761,DEU,PYF,7414
709666,64,182,1242,2004.0,66870.0,0.0,1.309074,1.2627979999999999,DNK,PYF,7414
709667,71,182,1242,2004.0,22991.0,0.0,1.04057,1.789023,ESP,PYF,7414
709668,77,182,1242,2004.0,3156983.0,0.0,1.57079,0.6776760000000001,FRA,PYF,7414
709669,81,182,1242,2004.0,45582.0,0.0,1.872987,0.734065,GBR,PYF,7414
709670,111,182,1242,2004.0,586481.0,0.0,1.440372,0.676068,ITA,PYF,7414
709671,114,182,1242,2004.0,251708.0,0.0,2.756136,0.15545,JPN,PYF,7414
709672,121,182,1242,2004.0,103162.0,0.0,1.481275,0.7859,KOR,PYF,7414
709673,153,182,1242,2004.0,19479.0,0.0,1.250098,0.352379,MYS,PYF,7414
709674,166,182,1242,2004.0,170818.0,0.0,0.44099099999999997,0.968326,NZL,PYF,7414
709675,174,182,1242,2004.0,1927.0,0.0,0.288786,-0.25348699999999996,PHL,PYF,7414
709676,192,182,1242,2004.0,2088.0,0.0,1.804502,0.570084,SGP,PYF,7414
709677,208,182,1242,2004.0,11447.0,0.0,2.105611,0.707843,SWE,PYF,7414
709678,216,182,1242,2004.0,90787.0,0.0,0.633501,1.4648290000000002,THA,PYF,7414
709679,231,182,1242,2004.0,504925.0,0.0,1.818327,-0.17913900000000002,USA,PYF,7414
709680,246,182,1242,2004.0,1501.0,0.0,0.29599699999999995,1.909018,ZAF,PYF,7414
709681,249,182,1242,2004.0,37397.0,0.0,1.8844150000000002,1.257951,TWN,PYF,7414
709682,61,199,1242,2004.0,0.0,341997.0,2.4453099999999997,-2.331761,DEU,SOM,7414
709683,116,199,1242,2004.0,9531.0,0.0,-0.565597,0.182375,KEN,SOM,7414
709684,7,211,1242,2004.0,1965.0,0.0,-0.10993399999999999,-0.5351640000000001,ARE,SYC,7414
709685,15,211,1242,2004.0,6975.0,0.0,1.958949,0.209296,AUT,SYC,7414
709686,18,211,1242,2004.0,17633.0,0.0,1.242665,1.541444,BEL,SYC,7414
709687,61,211,1242,2004.0,25337.0,0.0,2.4453099999999997,-2.331761,DEU,SYC,7414
709688,64,211,1242,2004.0,196660.0,0.0,1.309074,1.2627979999999999,DNK,SYC,7414
709689,71,211,1242,2004.0,20365.0,0.0,1.04057,1.789023,ESP,SYC,7414
709690,77,211,1242,2004.0,819851.0,0.0,1.57079,0.6776760000000001,FRA,SYC,7414
709691,81,211,1242,2004.0,10649.0,0.0,1.872987,0.734065,GBR,SYC,7414
709692,102,211,1242,2004.0,24972.0,0.0,1.3579370000000002,0.9993219999999999,HUN,SYC,7414
709693,104,211,1242,2004.0,33961.0,0.0,0.20872,2.817307,IND,SYC,7414
709694,111,211,1242,2004.0,95951.0,0.0,1.440372,0.676068,ITA,SYC,7414
709695,114,211,1242,2004.0,119556.0,0.0,2.756136,0.15545,JPN,SYC,7414
709696,151,211,1242,2004.0,11953.0,0.0,-0.161262,-0.29730300000000004,MUS,SYC,7414
709697,162,211,1242,2004.0,8106.0,0.0,1.171327,1.6369799999999999,NLD,SYC,7414
709698,192,211,1242,2004.0,31186.0,0.0,1.804502,0.570084,SGP,SYC,7414
709699,231,211,1242,2004.0,104642.0,0.0,1.818327,-0.17913900000000002,USA,SYC,7414
709700,246,211,1242,2004.0,33589.0,0.0,0.29599699999999995,1.909018,ZAF,SYC,7414
709701,18,215,1242,2004.0,1664.0,0.0,1.242665,1.541444,BEL,TGO,7414
709702,19,215,1242,2004.0,0.0,8724.0,-1.422449,-1.09615,BEN,TGO,7414
709703,61,215,1242,2004.0,6846.0,0.0,2.4453099999999997,-2.331761,DEU,TGO,7414
709704,64,215,1242,2004.0,28251.0,0.0,1.309074,1.2627979999999999,DNK,TGO,7414
709705,71,215,1242,2004.0,206951.0,0.0,1.04057,1.789023,ESP,TGO,7414
709706,77,215,1242,2004.0,256950.0,1344.0,1.57079,0.6776760000000001,FRA,TGO,7414
709707,103,215,1242,2004.0,86502.0,0.0,0.010095999999999999,1.7413779999999999,IDN,TGO,7414
709708,111,215,1242,2004.0,68597.0,0.0,1.440372,0.676068,ITA,TGO,7414
709709,124,215,1242,2004.0,4607.0,0.0,0.269753,1.3152979999999999,LBN,TGO,7414
709710,131,215,1242,2004.0,96605.0,0.0,1.258828,1.079923,LUX,TGO,7414
709711,246,215,1242,2004.0,1446.0,0.0,0.29599699999999995,1.909018,ZAF,TGO,7414
709712,249,215,1242,2004.0,22672.0,0.0,1.8844150000000002,1.257951,TWN,TGO,7414
709713,28,217,1242,2004.0,10410.0,0.0,0.9384239999999999,0.9708690000000001,BLR,TJK,7414
709714,43,217,1242,2004.0,49824.0,0.0,0.710603,2.017234,CHN,TJK,7414
709715,61,217,1242,2004.0,76237.0,0.0,2.4453099999999997,-2.331761,DEU,TJK,7414
709716,64,217,1242,2004.0,1605.0,0.0,1.309074,1.2627979999999999,DNK,TJK,7414
709717,107,217,1242,2004.0,372265.0,0.0,-0.6691699999999999,-1.002548,IRN,TJK,7414
709718,115,217,1242,2004.0,4341.0,0.0,-0.43987200000000004,-0.50862,KAZ,TJK,7414
709719,117,217,1242,2004.0,2587.0,0.0,-0.263776,0.503736,KGZ,TJK,7414
709720,186,217,1242,2004.0,71029.0,0.0,0.422803,0.017524,RUS,TJK,7414
709721,224,217,1242,2004.0,41090.0,0.0,0.249065,1.910598,TUR,TJK,7414
709722,8,2,1242,2004.0,428456.0,0.0,-0.070845,0.879574,ARG,AGO,7414
709723,15,2,1242,2004.0,4204.0,0.0,1.958949,0.209296,AUT,AGO,7414
709724,18,2,1242,2004.0,109017.0,0.0,1.242665,1.541444,BEL,AGO,7414
709725,32,2,1242,2004.0,379778.0,0.0,0.504233,1.567879,BRA,AGO,7414
709726,43,2,1242,2004.0,256868.0,0.0,0.710603,2.017234,CHN,AGO,7414
709727,44,2,1242,2004.0,4297.0,0.0,-0.835933,-0.749289,CIV,AGO,7414
709728,61,2,1242,2004.0,39243.0,0.0,2.4453099999999997,-2.331761,DEU,AGO,7414
709729,64,2,1242,2004.0,199334.0,0.0,1.309074,1.2627979999999999,DNK,AGO,7414
709730,71,2,1242,2004.0,103459.0,0.0,1.04057,1.789023,ESP,AGO,7414
709731,77,2,1242,2004.0,1445136.0,0.0,1.57079,0.6776760000000001,FRA,AGO,7414
709732,81,2,1242,2004.0,5211.0,0.0,1.872987,0.734065,GBR,AGO,7414
709733,106,2,1242,2004.0,46438.0,0.0,1.498475,0.19050799999999998,IRL,AGO,7414
709734,111,2,1242,2004.0,1367962.0,0.0,1.440372,0.676068,ITA,AGO,7414
709735,124,2,1242,2004.0,128000.0,0.0,0.269753,1.3152979999999999,LBN,AGO,7414
709736,131,2,1242,2004.0,45734.0,0.0,1.258828,1.079923,LUX,AGO,7414
709737,147,2,1242,2004.0,13217.0,0.0,-1.009633,-0.9863059999999999,MOZ,AGO,7414
709738,153,2,1242,2004.0,20644.0,0.0,1.250098,0.352379,MYS,AGO,7414
709739,155,2,1242,2004.0,321781.0,0.0,-0.408989,-0.462016,NAM,AGO,7414
709740,162,2,1242,2004.0,8708.0,0.0,1.171327,1.6369799999999999,NLD,AGO,7414
709741,179,2,1242,2004.0,3734925.0,0.0,0.705075,1.7268729999999999,PRT,AGO,7414
709742,186,2,1242,2004.0,6768.0,0.0,0.422803,0.017524,RUS,AGO,7414
709743,192,2,1242,2004.0,5417.0,0.0,1.804502,0.570084,SGP,AGO,7414
709744,216,2,1242,2004.0,22823.0,0.0,0.633501,1.4648290000000002,THA,AGO,7414
709745,224,2,1242,2004.0,1796.0,0.0,0.249065,1.910598,TUR,AGO,7414
709746,231,2,1242,2004.0,242603.0,0.0,1.818327,-0.17913900000000002,USA,AGO,7414
709747,246,2,1242,2004.0,1278117.0,2048.0,0.29599699999999995,1.909018,ZAF,AGO,7414
709748,249,2,1242,2004.0,6820.0,0.0,1.8844150000000002,1.257951,TWN,AGO,7414
709749,18,46,1242,2004.0,1663381.0,0.0,1.242665,1.541444,BEL,COD,7414
709750,61,46,1242,2004.0,76150.0,0.0,2.4453099999999997,-2.331761,DEU,COD,7414
709751,64,46,1242,2004.0,48828.0,0.0,1.309074,1.2627979999999999,DNK,COD,7414
709752,71,46,1242,2004.0,2489.0,0.0,1.04057,1.789023,ESP,COD,7414
709753,77,46,1242,2004.0,222616.0,0.0,1.57079,0.6776760000000001,FRA,COD,7414
709754,81,46,1242,2004.0,3665.0,0.0,1.872987,0.734065,GBR,COD,7414
709755,97,46,1242,2004.0,6263.0,0.0,0.72816,1.403171,HKG,COD,7414
709756,111,46,1242,2004.0,770336.0,0.0,1.440372,0.676068,ITA,COD,7414
709757,162,46,1242,2004.0,714113.0,0.0,1.171327,1.6369799999999999,NLD,COD,7414
709758,179,46,1242,2004.0,17196.0,0.0,0.705075,1.7268729999999999,PRT,COD,7414
709759,231,46,1242,2004.0,12934.0,0.0,1.818327,-0.17913900000000002,USA,COD,7414
709760,246,46,1242,2004.0,252295.0,0.0,0.29599699999999995,1.909018,ZAF,COD,7414
709761,18,51,1242,2004.0,5930.0,0.0,1.242665,1.541444,BEL,CPV,7414
709762,32,51,1242,2004.0,28805.0,0.0,0.504233,1.567879,BRA,CPV,7414
709763,43,51,1242,2004.0,6187.0,0.0,0.710603,2.017234,CHN,CPV,7414
709764,61,51,1242,2004.0,17887.0,0.0,2.4453099999999997,-2.331761,DEU,CPV,7414
709765,71,51,1242,2004.0,6193.0,0.0,1.04057,1.789023,ESP,CPV,7414
709766,77,51,1242,2004.0,2122.0,0.0,1.57079,0.6776760000000001,FRA,CPV,7414
709767,111,51,1242,2004.0,79696.0,0.0,1.440372,0.676068,ITA,CPV,7414
709768,179,51,1242,2004.0,447814.0,0.0,0.705075,1.7268729999999999,PRT,CPV,7414
709769,18,78,1242,2004.0,4826.0,0.0,1.242665,1.541444,BEL,FRO,7414
709770,61,78,1242,2004.0,4018.0,0.0,2.4453099999999997,-2.331761,DEU,FRO,7414
709771,64,78,1242,2004.0,1254707.0,3171.0,1.309074,1.2627979999999999,DNK,FRO,7414
709772,74,78,1242,2004.0,5918.0,0.0,1.9662810000000002,1.018108,FIN,FRO,7414
709773,109,78,1242,2004.0,33055.0,0.0,0.107901,-0.41223699999999996,ISL,FRO,7414
709774,111,78,1242,2004.0,84633.0,0.0,1.440372,0.676068,ITA,FRO,7414
709775,114,78,1242,2004.0,2496.0,0.0,2.756136,0.15545,JPN,FRO,7414
709776,162,78,1242,2004.0,3619.0,0.0,1.171327,1.6369799999999999,NLD,FRO,7414
709777,163,78,1242,2004.0,164366.0,1263.0,0.731175,-0.0655,NOR,FRO,7414
709778,177,78,1242,2004.0,4987.0,0.0,0.989568,1.49055,POL,FRO,7414
709779,208,78,1242,2004.0,46023.0,0.0,2.105611,0.707843,SWE,FRO,7414
709780,231,78,1242,2004.0,8222.0,0.0,1.818327,-0.17913900000000002,USA,FRO,7414
709781,43,89,1242,2004.0,20527.0,0.0,0.710603,2.017234,CHN,GNQ,7414
709782,45,89,1242,2004.0,1036.0,0.0,-1.380149,-1.220501,CMR,GNQ,7414
709783,71,89,1242,2004.0,965774.0,0.0,1.04057,1.789023,ESP,GNQ,7414
709784,77,89,1242,2004.0,82081.0,0.0,1.57079,0.6776760000000001,FRA,GNQ,7414
709785,81,89,1242,2004.0,5013.0,0.0,1.872987,0.734065,GBR,GNQ,7414
709786,111,89,1242,2004.0,190556.0,0.0,1.440372,0.676068,ITA,GNQ,7414
709787,124,89,1242,2004.0,115000.0,0.0,0.269753,1.3152979999999999,LBN,GNQ,7414
709788,162,89,1242,2004.0,3732.0,0.0,1.171327,1.6369799999999999,NLD,GNQ,7414
709789,179,89,1242,2004.0,24666.0,0.0,0.705075,1.7268729999999999,PRT,GNQ,7414
709790,208,89,1242,2004.0,1239.0,0.0,2.105611,0.707843,SWE,GNQ,7414
709791,231,89,1242,2004.0,27701.0,0.0,1.818327,-0.17913900000000002,USA,GNQ,7414
709792,49,101,1242,2004.0,8414.0,0.0,0.044706,0.514304,COL,HTI,7414
709793,54,101,1242,2004.0,2051.0,0.0,-0.16826,-0.644388,CUB,HTI,7414
709794,64,101,1242,2004.0,25694.0,0.0,1.309074,1.2627979999999999,DNK,HTI,7414
709795,81,101,1242,2004.0,3080.0,0.0,1.872987,0.734065,GBR,HTI,7414
709796,93,101,1242,2004.0,1628.0,0.0,-0.39399,0.139128,GTM,HTI,7414
709797,104,101,1242,2004.0,6062.0,0.0,0.20872,2.817307,IND,HTI,7414
709798,111,101,1242,2004.0,30199.0,0.0,1.440372,0.676068,ITA,HTI,7414
709799,114,101,1242,2004.0,6382.0,0.0,2.756136,0.15545,JPN,HTI,7414
709800,231,101,1242,2004.0,200360.0,0.0,1.818327,-0.17913900000000002,USA,HTI,7414
709801,14,156,1242,2004.0,238880.0,0.0,-0.198735,0.81543,AUS,NCL,7414
709802,15,156,1242,2004.0,23310.0,0.0,1.958949,0.209296,AUT,NCL,7414
709803,18,156,1242,2004.0,108351.0,0.0,1.242665,1.541444,BEL,NCL,7414
709804,39,156,1242,2004.0,0.0,18680.0,0.781591,1.365966,CAN,NCL,7414
709805,43,156,1242,2004.0,28485.0,0.0,0.710603,2.017234,CHN,NCL,7414
709806,59,156,1242,2004.0,9365.0,0.0,1.612543,0.607495,CZE,NCL,7414
709807,61,156,1242,2004.0,94630.0,0.0,2.4453099999999997,-2.331761,DEU,NCL,7414
709808,64,156,1242,2004.0,48235.0,0.0,1.309074,1.2627979999999999,DNK,NCL,7414
709809,71,156,1242,2004.0,112628.0,0.0,1.04057,1.789023,ESP,NCL,7414
709810,77,156,1242,2004.0,3662958.0,0.0,1.57079,0.6776760000000001,FRA,NCL,7414
709811,81,156,1242,2004.0,2903.0,0.0,1.872987,0.734065,GBR,NCL,7414
709812,97,156,1242,2004.0,2897.0,0.0,0.72816,1.403171,HKG,NCL,7414
709813,103,156,1242,2004.0,17264.0,0.0,0.010095999999999999,1.7413779999999999,IDN,NCL,7414
709814,104,156,1242,2004.0,5460.0,0.0,0.20872,2.817307,IND,NCL,7414
709815,106,156,1242,2004.0,2988.0,0.0,1.498475,0.19050799999999998,IRL,NCL,7414
709816,111,156,1242,2004.0,331638.0,0.0,1.440372,0.676068,ITA,NCL,7414
709817,114,156,1242,2004.0,84540.0,0.0,2.756136,0.15545,JPN,NCL,7414
709818,153,156,1242,2004.0,11109.0,0.0,1.250098,0.352379,MYS,NCL,7414
709819,162,156,1242,2004.0,80403.0,0.0,1.171327,1.6369799999999999,NLD,NCL,7414
709820,166,156,1242,2004.0,667582.0,0.0,0.44099099999999997,0.968326,NZL,NCL,7414
709821,192,156,1242,2004.0,19379.0,0.0,1.804502,0.570084,SGP,NCL,7414
709822,207,156,1242,2004.0,9322.0,0.0,1.700677,0.829765,SVN,NCL,7414
709823,224,156,1242,2004.0,5049.0,0.0,0.249065,1.910598,TUR,NCL,7414
709824,231,156,1242,2004.0,162691.0,0.0,1.818327,-0.17913900000000002,USA,NCL,7414
709825,249,156,1242,2004.0,2729.0,0.0,1.8844150000000002,1.257951,TWN,NCL,7414
709826,250,156,1242,2004.0,1668.0,0.0,0.46240200000000004,-0.406624,ANS,NCL,7414
709827,113,181,1242,2004.0,124326.0,0.0,0.16384200000000002,0.34270100000000003,JOR,PSE,7414
709828,39,196,1242,2004.0,0.0,1535.0,0.781591,1.365966,CAN,SLE,7414
709829,43,196,1242,2004.0,60006.0,0.0,0.710603,2.017234,CHN,SLE,7414
709830,59,196,1242,2004.0,0.0,62035.0,1.612543,0.607495,CZE,SLE,7414
709831,61,196,1242,2004.0,261055.0,0.0,2.4453099999999997,-2.331761,DEU,SLE,7414
709832,74,196,1242,2004.0,5344.0,0.0,1.9662810000000002,1.018108,FIN,SLE,7414
709833,77,196,1242,2004.0,26117.0,523300.0,1.57079,0.6776760000000001,FRA,SLE,7414
709834,81,196,1242,2004.0,737832.0,0.0,1.872987,0.734065,GBR,SLE,7414
709835,103,196,1242,2004.0,25090.0,0.0,0.010095999999999999,1.7413779999999999,IDN,SLE,7414
709836,111,196,1242,2004.0,83678.0,0.0,1.440372,0.676068,ITA,SLE,7414
709837,124,196,1242,2004.0,193000.0,0.0,0.269753,1.3152979999999999,LBN,SLE,7414
709838,162,196,1242,2004.0,32346.0,0.0,1.171327,1.6369799999999999,NLD,SLE,7414
709839,208,196,1242,2004.0,0.0,80818.0,2.105611,0.707843,SWE,SLE,7414
709840,216,196,1242,2004.0,26220.0,0.0,0.633501,1.4648290000000002,THA,SLE,7414
709841,224,196,1242,2004.0,9858.0,0.0,0.249065,1.910598,TUR,SLE,7414
709842,231,196,1242,2004.0,187920.0,2905.0,1.818327,-0.17913900000000002,USA,SLE,7414
709843,246,196,1242,2004.0,4631.0,0.0,0.29599699999999995,1.909018,ZAF,SLE,7414
709844,18,214,1242,2004.0,4693.0,0.0,1.242665,1.541444,BEL,TCD,7414
709845,64,214,1242,2004.0,2662.0,0.0,1.309074,1.2627979999999999,DNK,TCD,7414
709846,77,214,1242,2004.0,276094.0,0.0,1.57079,0.6776760000000001,FRA,TCD,7414
709847,111,214,1242,2004.0,316901.0,0.0,1.440372,0.676068,ITA,TCD,7414
709848,162,214,1242,2004.0,2488.0,0.0,1.171327,1.6369799999999999,NLD,TCD,7414
709849,15,232,1242,2004.0,6517.0,0.0,1.958949,0.209296,AUT,UZB,7414
709850,16,232,1242,2004.0,15117.0,0.0,-0.720616,-1.009692,AZE,UZB,7414
709851,28,232,1242,2004.0,44327.0,0.0,0.9384239999999999,0.9708690000000001,BLR,UZB,7414
709852,43,232,1242,2004.0,118509.0,0.0,0.710603,2.017234,CHN,UZB,7414
709853,61,232,1242,2004.0,146085.0,0.0,2.4453099999999997,-2.331761,DEU,UZB,7414
709854,64,232,1242,2004.0,3658.0,0.0,1.309074,1.2627979999999999,DNK,UZB,7414
709855,77,232,1242,2004.0,48503.0,0.0,1.57079,0.6776760000000001,FRA,UZB,7414
709856,81,232,1242,2004.0,95680.0,0.0,1.872987,0.734065,GBR,UZB,7414
709857,107,232,1242,2004.0,81677.0,0.0,-0.6691699999999999,-1.002548,IRN,UZB,7414
709858,111,232,1242,2004.0,159077.0,0.0,1.440372,0.676068,ITA,UZB,7414
709859,115,232,1242,2004.0,2827.0,7661.0,-0.43987200000000004,-0.50862,KAZ,UZB,7414
709860,121,232,1242,2004.0,2170.0,0.0,1.481275,0.7859,KOR,UZB,7414
709861,130,232,1242,2004.0,6196.0,0.0,0.341521,0.7971560000000001,LTU,UZB,7414
709862,131,232,1242,2004.0,203005.0,0.0,1.258828,1.079923,LUX,UZB,7414
709863,132,232,1242,2004.0,5616.0,0.0,0.415001,0.8476809999999999,LVA,UZB,7414
709864,135,232,1242,2004.0,1627.0,0.0,-0.13031900000000002,-0.118591,MDA,UZB,7414
709865,162,232,1242,2004.0,196567.0,0.0,1.171327,1.6369799999999999,NLD,UZB,7414
709866,177,232,1242,2004.0,64274.0,0.0,0.989568,1.49055,POL,UZB,7414
709867,186,232,1242,2004.0,382900.0,0.0,0.422803,0.017524,RUS,UZB,7414
709868,212,232,1242,2004.0,528999.0,0.0,-0.698545,-0.111323,SYR,UZB,7414
709869,224,232,1242,2004.0,183796.0,0.0,0.249065,1.910598,TUR,UZB,7414
709870,228,232,1242,2004.0,148728.0,0.0,0.672848,1.172735,UKR,UZB,7414
709871,231,232,1242,2004.0,32534.0,0.0,1.818327,-0.17913900000000002,USA,UZB,7414
709872,8,250,1242,2004.0,100445.0,654237.0,-0.070845,0.879574,ARG,ANS,7414
709873,14,250,1242,2004.0,29599.0,10702575.0,-0.198735,0.81543,AUS,ANS,7414
709874,18,250,1242,2004.0,5652.0,0.0,1.242665,1.541444,BEL,ANS,7414
709875,23,250,1242,2004.0,16245.0,5186.0,0.390627,1.631006,BGR,ANS,7414
709876,42,250,1242,2004.0,18825.0,29307.0,-0.24101399999999998,-0.303103,CHL,ANS,7414
709877,43,250,1242,2004.0,43118.0,34389.0,0.710603,2.017234,CHN,ANS,7414
709878,44,250,1242,2004.0,0.0,36093.0,-0.835933,-0.749289,CIV,ANS,7414
709879,45,250,1242,2004.0,0.0,21773.0,-1.380149,-1.220501,CMR,ANS,7414
709880,49,250,1242,2004.0,0.0,89801.0,0.044706,0.514304,COL,ANS,7414
709881,59,250,1242,2004.0,0.0,165290.0,1.612543,0.607495,CZE,ANS,7414
709882,61,250,1242,2004.0,180013.0,3949.0,2.4453099999999997,-2.331761,DEU,ANS,7414
709883,63,250,1242,2004.0,0.0,2893.0,0.478601,0.368796,DMA,ANS,7414
709884,64,250,1242,2004.0,6621.0,0.0,1.309074,1.2627979999999999,DNK,ANS,7414
709885,65,250,1242,2004.0,18296.0,9847.0,-0.24909699999999999,-0.326783,DOM,ANS,7414
709886,66,250,1242,2004.0,0.0,1795411.0,-1.166661,-1.2240879999999998,DZA,ANS,7414
709887,67,250,1242,2004.0,12018.0,0.0,-0.990727,-0.9383090000000001,ECU,ANS,7414
709888,68,250,1242,2004.0,0.0,2021075.0,-0.35823499999999997,0.5000100000000001,EGY,ANS,7414
709889,71,250,1242,2004.0,35783.0,0.0,1.04057,1.789023,ESP,ANS,7414
709890,72,250,1242,2004.0,0.0,2674747.0,0.645741,1.035117,EST,ANS,7414
709891,77,250,1242,2004.0,29843.0,167654.0,1.57079,0.6776760000000001,FRA,ANS,7414
709892,80,250,1242,2004.0,0.0,2120.0,-1.006071,-1.212338,GAB,ANS,7414
709893,90,250,1242,2004.0,58746.0,0.0,0.298029,1.745886,GRC,ANS,7414
709894,93,250,1242,2004.0,0.0,175447.0,-0.39399,0.139128,GTM,ANS,7414
709895,96,250,1242,2004.0,0.0,12032.0,-0.932802,-0.9846530000000001,GUY,ANS,7414
709896,104,250,1242,2004.0,92681.0,1570.0,0.20872,2.817307,IND,ANS,7414
709897,106,250,1242,2004.0,1020375.0,1367768.0,1.498475,0.19050799999999998,IRL,ANS,7414
709898,107,250,1242,2004.0,0.0,20734.0,-0.6691699999999999,-1.002548,IRN,ANS,7414
709899,110,250,1242,2004.0,2000.0,0.0,1.252895,0.8662770000000001,ISR,ANS,7414
709900,111,250,1242,2004.0,762060.0,0.0,1.440372,0.676068,ITA,ANS,7414
709901,113,250,1242,2004.0,865126.0,31789.0,0.16384200000000002,0.34270100000000003,JOR,ANS,7414
709902,121,250,1242,2004.0,36771.0,0.0,1.481275,0.7859,KOR,ANS,7414
709903,124,250,1242,2004.0,0.0,14510.0,0.269753,1.3152979999999999,LBN,ANS,7414
709904,130,250,1242,2004.0,1364.0,0.0,0.341521,0.7971560000000001,LTU,ANS,7414
709905,131,250,1242,2004.0,39683.0,0.0,1.258828,1.079923,LUX,ANS,7414
709906,134,250,1242,2004.0,33559.0,0.0,-0.626594,-0.22253499999999998,MAR,ANS,7414
709907,136,250,1242,2004.0,6386.0,245266.0,-1.1010799999999998,-0.7367859999999999,MDG,ANS,7414
709908,138,250,1242,2004.0,0.0,230679.0,1.183707,0.9043700000000001,MEX,ANS,7414
709909,142,250,1242,2004.0,4772.0,4980.0,1.2290379999999999,-0.025372,MLT,ANS,7414
709910,148,250,1242,2004.0,0.0,1470.0,-1.8941119999999998,-1.357728,MRT,ANS,7414
709911,155,250,1242,2004.0,3905.0,0.0,-0.408989,-0.462016,NAM,ANS,7414
709912,156,250,1242,2004.0,0.0,1668.0,-0.279566,-0.860456,NCL,ANS,7414
709913,162,250,1242,2004.0,167753.0,2706.0,1.171327,1.6369799999999999,NLD,ANS,7414
709914,166,250,1242,2004.0,0.0,219082.0,0.44099099999999997,0.968326,NZL,ANS,7414
709915,168,250,1242,2004.0,0.0,111640.0,-0.7489600000000001,0.22493200000000002,PAK,ANS,7414
709916,169,250,1242,2004.0,0.0,260056.0,0.054997000000000004,0.440416,PAN,ANS,7414
709917,177,250,1242,2004.0,79178.0,6998.0,0.989568,1.49055,POL,ANS,7414
709918,183,250,1242,2004.0,0.0,1340.0,0.018141,-1.03766,QAT,ANS,7414
709919,185,250,1242,2004.0,1820.0,2266.0,0.53925,1.145066,ROU,ANS,7414
709920,186,250,1242,2004.0,0.0,4975.0,0.422803,0.017524,RUS,ANS,7414
709921,188,250,1242,2004.0,0.0,688399.0,0.361324,-0.760732,SAU,ANS,7414
709922,189,250,1242,2004.0,5995.0,145593.0,0.544686,2.418024,SCG,ANS,7414
709923,192,250,1242,2004.0,83163.0,51808.0,1.804502,0.570084,SGP,ANS,7414
709924,206,250,1242,2004.0,0.0,2466489.0,1.2683149999999999,0.9208620000000001,SVK,ANS,7414
709925,207,250,1242,2004.0,0.0,991201.0,1.700677,0.829765,SVN,ANS,7414
709926,212,250,1242,2004.0,0.0,10363421.0,-0.698545,-0.111323,SYR,ANS,7414
709927,223,250,1242,2004.0,217591.0,179326.0,-0.125092,0.370625,TUN,ANS,7414
709928,224,250,1242,2004.0,8245478.0,176531.0,0.249065,1.910598,TUR,ANS,7414
709929,230,250,1242,2004.0,43022.0,234179.0,-0.051583000000000004,0.145056,URY,ANS,7414
709930,241,250,1242,2004.0,0.0,1405.0,2.237209,0.203692,WLF,ANS,7414
709931,243,250,1242,2004.0,0.0,247082.0,-1.298227,-1.2496639999999999,YEM,ANS,7414
709932,246,250,1242,2004.0,2171.0,31052.0,0.29599699999999995,1.909018,ZAF,ANS,7414
709933,248,250,1242,2004.0,0.0,87119.0,-0.44064799999999993,0.01704,ZWE,ANS,7414
709934,249,250,1242,2004.0,73705.0,26326.0,1.8844150000000002,1.257951,TWN,ANS,7414
709935,18,84,1242,2004.0,70733.0,0.0,1.242665,1.541444,BEL,GIB,7414
709936,64,84,1242,2004.0,17778.0,0.0,1.309074,1.2627979999999999,DNK,GIB,7414
709937,71,84,1242,2004.0,723102.0,11103.0,1.04057,1.789023,ESP,GIB,7414
709938,81,84,1242,2004.0,19210.0,0.0,1.872987,0.734065,GBR,GIB,7414
709939,162,84,1242,2004.0,2488.0,0.0,1.171327,1.6369799999999999,NLD,GIB,7414
709940,179,84,1242,2004.0,48648.0,0.0,0.705075,1.7268729999999999,PRT,GIB,7414
709941,14,221,1242,2004.0,25901.0,0.0,-0.198735,0.81543,AUS,TON,7414
709942,43,221,1242,2004.0,1413.0,0.0,0.710603,2.017234,CHN,TON,7414
709943,61,221,1242,2004.0,20007.0,0.0,2.4453099999999997,-2.331761,DEU,TON,7414
709944,166,221,1242,2004.0,48797.0,0.0,0.44099099999999997,0.968326,NZL,TON,7414
709945,192,221,1242,2004.0,218704.0,0.0,1.804502,0.570084,SGP,TON,7414
709946,231,221,1242,2004.0,412321.0,0.0,1.818327,-0.17913900000000002,USA,TON,7414
709947,249,221,1242,2004.0,1151.0,0.0,1.8844150000000002,1.257951,TWN,TON,7414
709948,14,242,1242,2004.0,319147.0,0.0,-0.198735,0.81543,AUS,WSM,7414
709949,61,242,1242,2004.0,11924.0,0.0,2.4453099999999997,-2.331761,DEU,WSM,7414
709950,97,242,1242,2004.0,1623.0,0.0,0.72816,1.403171,HKG,WSM,7414
709951,111,242,1242,2004.0,8413.0,0.0,1.440372,0.676068,ITA,WSM,7414
709952,114,242,1242,2004.0,5881.0,0.0,2.756136,0.15545,JPN,WSM,7414
709953,121,242,1242,2004.0,71457.0,0.0,1.481275,0.7859,KOR,WSM,7414
709954,166,242,1242,2004.0,167800.0,0.0,0.44099099999999997,0.968326,NZL,WSM,7414
709955,192,242,1242,2004.0,3595.0,0.0,1.804502,0.570084,SGP,WSM,7414
709956,218,242,1242,2004.0,0.0,20973.0,0.266386,0.202336,TKL,WSM,7414
709957,231,242,1242,2004.0,1427.0,0.0,1.818327,-0.17913900000000002,USA,WSM,7414
709958,246,242,1242,2004.0,4280.0,0.0,0.29599699999999995,1.909018,ZAF,WSM,7414
709959,14,10,1242,2004.0,2523.0,0.0,-0.198735,0.81543,AUS,ASM,7414
709960,114,10,1242,2004.0,44432.0,0.0,2.756136,0.15545,JPN,ASM,7414
709961,166,10,1242,2004.0,24809.0,0.0,0.44099099999999997,0.968326,NZL,ASM,7414
709962,39,30,1242,2004.0,121714.0,0.0,0.781591,1.365966,CAN,BMU,7414
709963,77,30,1242,2004.0,6218.0,0.0,1.57079,0.6776760000000001,FRA,BMU,7414
709964,111,30,1242,2004.0,4479.0,0.0,1.440372,0.676068,ITA,BMU,7414
709965,114,30,1242,2004.0,14912.0,0.0,2.756136,0.15545,JPN,BMU,7414
709966,162,30,1242,2004.0,17417.0,0.0,1.171327,1.6369799999999999,NLD,BMU,7414
709967,222,30,1242,2004.0,16757.0,0.0,-0.108049,-0.923523,TTO,BMU,7414
709968,231,30,1242,2004.0,4047222.0,0.0,1.818327,-0.17913900000000002,USA,BMU,7414
709969,208,35,1242,2004.0,2080.0,0.0,2.105611,0.707843,SWE,BTN,7414
709970,216,35,1242,2004.0,22380.0,0.0,0.633501,1.4648290000000002,THA,BTN,7414
709971,14,40,1242,2004.0,43443.0,0.0,-0.198735,0.81543,AUS,CCK,7414
709972,14,48,1242,2004.0,8052.0,0.0,-0.198735,0.81543,AUS,COK,7414
709973,166,48,1242,2004.0,276746.0,0.0,0.44099099999999997,0.968326,NZL,COK,7414
709974,224,48,1242,2004.0,10701.0,0.0,0.249065,1.910598,TUR,COK,7414
709975,14,56,1242,2004.0,6681.0,0.0,-0.198735,0.81543,AUS,CXR,7414
709976,153,56,1242,2004.0,59724.0,0.0,1.250098,0.352379,MYS,CXR,7414
709977,231,56,1242,2004.0,13780.0,0.0,1.818327,-0.17913900000000002,USA,CXR,7414
709978,32,57,1242,2004.0,66746.0,0.0,0.504233,1.567879,BRA,CYM,7414
709979,39,57,1242,2004.0,3857.0,0.0,0.781591,1.365966,CAN,CYM,7414
709980,77,57,1242,2004.0,1244.0,0.0,1.57079,0.6776760000000001,FRA,CYM,7414
709981,111,57,1242,2004.0,31776.0,0.0,1.440372,0.676068,ITA,CYM,7414
709982,162,57,1242,2004.0,2488.0,0.0,1.171327,1.6369799999999999,NLD,CYM,7414
709983,222,57,1242,2004.0,8943.0,0.0,-0.108049,-0.923523,TTO,CYM,7414
709984,231,57,1242,2004.0,1527453.0,0.0,1.818327,-0.17913900000000002,USA,CYM,7414
709985,43,69,1242,2004.0,3507.0,0.0,0.710603,2.017234,CHN,ERI,7414
709986,61,69,1242,2004.0,10430.0,0.0,2.4453099999999997,-2.331761,DEU,ERI,7414
709987,64,69,1242,2004.0,1762.0,0.0,1.309074,1.2627979999999999,DNK,ERI,7414
709988,71,69,1242,2004.0,5985.0,0.0,1.04057,1.789023,ESP,ERI,7414
709989,74,69,1242,2004.0,1540.0,0.0,1.9662810000000002,1.018108,FIN,ERI,7414
709990,77,69,1242,2004.0,23630.0,0.0,1.57079,0.6776760000000001,FRA,ERI,7414
709991,104,69,1242,2004.0,97547.0,0.0,0.20872,2.817307,IND,ERI,7414
709992,111,69,1242,2004.0,96930.0,0.0,1.440372,0.676068,ITA,ERI,7414
709993,231,69,1242,2004.0,228530.0,0.0,1.818327,-0.17913900000000002,USA,ERI,7414
709994,246,69,1242,2004.0,50433.0,0.0,0.29599699999999995,1.909018,ZAF,ERI,7414
709995,43,79,1242,2004.0,3749.0,0.0,0.710603,2.017234,CHN,FSM,7414
709996,95,79,1242,2004.0,14324.0,0.0,0.136164,-0.616118,GUM,FSM,7414
709997,97,79,1242,2004.0,2690.0,0.0,0.72816,1.403171,HKG,FSM,7414
709998,114,79,1242,2004.0,29558.0,0.0,2.756136,0.15545,JPN,FSM,7414
