6149999,43,121,5426,1999,1063295.0,62504.0,0.386094,3.270089,CHN,KOR,120999
6150000,59,121,5426,1999,6456.0,0.0,1.412439,1.329385,CZE,KOR,120999
6150001,61,121,5426,1999,11312.0,1639.0,2.334811,-2.060502,DEU,KOR,120999
6150002,77,121,5426,1999,22734.0,4137.0,1.72758,0.6619079999999999,FRA,KOR,120999
6150003,97,121,5426,1999,1056.0,0.0,0.387427,2.402434,HKG,KOR,120999
6150004,104,121,5426,1999,4135.0,250167.0,0.29945900000000003,2.438702,IND,KOR,120999
6150005,110,121,5426,1999,0.0,30377.0,1.342593,0.781931,ISR,KOR,120999
6150006,111,121,5426,1999,302278.0,0.0,1.395253,1.3589790000000002,ITA,KOR,120999
6150007,114,121,5426,1999,359962.0,1063744.0,2.541382,0.693702,JPN,KOR,120999
6150008,128,121,5426,1999,0.0,1246.0,-0.8875649999999999,-0.059249,LKA,KOR,120999
6150009,138,121,5426,1999,0.0,48035.0,0.581034,0.8399760000000001,MEX,KOR,120999
6150010,151,121,5426,1999,0.0,13259.0,-0.5713729999999999,-0.696416,MUS,KOR,120999
6150011,162,121,5426,1999,29759.0,7993.0,1.308776,1.574293,NLD,KOR,120999
6150012,164,121,5426,1999,0.0,15200.0,-0.421433,0.24781799999999998,NPL,KOR,120999
6150013,174,121,5426,1999,10090.0,0.0,-0.401903,-0.333408,PHL,KOR,120999
6150014,224,121,5426,1999,0.0,8858.0,0.044692,1.745755,TUR,KOR,120999
6150015,231,121,5426,1999,47818.0,68752.0,1.8755119999999998,0.5350729999999999,USA,KOR,120999
6150016,246,121,5426,1999,851.0,5891.0,0.543171,1.432792,ZAF,KOR,120999
6150017,249,121,5426,1999,64881.0,6469.0,1.336816,1.725334,TWN,KOR,120999
6150018,14,128,5426,1999,1059.0,0.0,0.357101,0.8857879999999999,AUS,LKA,120999
6150019,39,128,5426,1999,0.0,1306.0,1.083572,1.08026,CAN,LKA,120999
6150020,77,128,5426,1999,1987.0,0.0,1.72758,0.6619079999999999,FRA,LKA,120999
6150021,104,128,5426,1999,40817.0,0.0,0.29945900000000003,2.438702,IND,LKA,120999
6150022,121,128,5426,1999,1246.0,0.0,0.92448,1.053988,KOR,LKA,120999
6150023,162,128,5426,1999,7999.0,1110.0,1.308776,1.574293,NLD,LKA,120999
6150024,188,128,5426,1999,0.0,2479.0,0.553028,-0.527401,SAU,LKA,120999
6150025,216,128,5426,1999,10259.0,0.0,0.20451,1.513533,THA,LKA,120999
6150026,231,128,5426,1999,6980.0,0.0,1.8755119999999998,0.5350729999999999,USA,LKA,120999
6150027,249,128,5426,1999,0.0,2707.0,1.336816,1.725334,TWN,LKA,120999
6150028,8,138,5426,1999,0.0,74079.0,0.49933500000000003,0.593879,ARG,MEX,120999
6150029,14,138,5426,1999,5085.0,1838.0,0.357101,0.8857879999999999,AUS,MEX,120999
6150030,18,138,5426,1999,6537.0,0.0,1.512061,1.253478,BEL,MEX,120999
6150031,32,138,5426,1999,3213.0,0.0,0.762468,1.191759,BRA,MEX,120999
6150032,39,138,5426,1999,3021.0,12197.0,1.083572,1.08026,CAN,MEX,120999
6150033,41,138,5426,1999,7872.0,0.0,2.189934,0.741428,CHE,MEX,120999
6150034,42,138,5426,1999,291788.0,0.0,0.041013,-0.111553,CHL,MEX,120999
6150035,43,138,5426,1999,1214987.0,1205.0,0.386094,3.270089,CHN,MEX,120999
6150036,49,138,5426,1999,3550.0,0.0,0.190667,0.136271,COL,MEX,120999
6150037,52,138,5426,1999,174854.0,0.0,-0.310033,-0.299529,CRI,MEX,120999
6150038,54,138,5426,1999,669199.0,0.0,-0.152322,-0.8734270000000001,CUB,MEX,120999
6150039,64,138,5426,1999,1420.0,0.0,1.264405,1.469627,DNK,MEX,120999
6150040,71,138,5426,1999,0.0,74911.0,1.0849209999999998,1.9351180000000001,ESP,MEX,120999
6150041,77,138,5426,1999,251575.0,1720.0,1.72758,0.6619079999999999,FRA,MEX,120999
6150042,81,138,5426,1999,0.0,6769.0,1.9523830000000002,0.771455,GBR,MEX,120999
6150043,93,138,5426,1999,3443.0,53862.0,-0.459323,0.210247,GTM,MEX,120999
6150044,97,138,5426,1999,0.0,49794.0,0.387427,2.402434,HKG,MEX,120999
6150045,104,138,5426,1999,1457.0,0.0,0.29945900000000003,2.438702,IND,MEX,120999
6150046,110,138,5426,1999,11461.0,0.0,1.342593,0.781931,ISR,MEX,120999
6150047,114,138,5426,1999,48127.0,1415.0,2.541382,0.693702,JPN,MEX,120999
6150048,121,138,5426,1999,48035.0,0.0,0.92448,1.053988,KOR,MEX,120999
6150049,162,138,5426,1999,1319.0,261882.0,1.308776,1.574293,NLD,MEX,120999
6150050,173,138,5426,1999,16356.0,0.0,-0.367489,0.11813399999999999,PER,MEX,120999
6150051,197,138,5426,1999,0.0,1007.0,-0.263572,-0.121576,SLV,MEX,120999
6150052,216,138,5426,1999,157762.0,0.0,0.20451,1.513533,THA,MEX,120999
6150053,231,138,5426,1999,12304026.0,3852918.0,1.8755119999999998,0.5350729999999999,USA,MEX,120999
6150054,236,138,5426,1999,1948.0,0.0,0.16454100000000002,-0.691021,VEN,MEX,120999
6150055,246,138,5426,1999,49498.0,1349.0,0.543171,1.432792,ZAF,MEX,120999
6150056,249,138,5426,1999,6008.0,9010.0,1.336816,1.725334,TWN,MEX,120999
6150057,7,153,5426,1999,9375.0,0.0,-0.21921,-0.54813,ARE,MYS,120999
6150058,14,153,5426,1999,14557.0,7171.0,0.357101,0.8857879999999999,AUS,MYS,120999
6150059,43,153,5426,1999,6951.0,0.0,0.386094,3.270089,CHN,MYS,120999
6150060,52,153,5426,1999,0.0,66115.0,-0.310033,-0.299529,CRI,MYS,120999
6150061,64,153,5426,1999,4040.0,0.0,1.264405,1.469627,DNK,MYS,120999
6150062,77,153,5426,1999,15828.0,0.0,1.72758,0.6619079999999999,FRA,MYS,120999
6150063,103,153,5426,1999,100171.0,9558.0,-0.20447,1.568505,IDN,MYS,120999
6150064,104,153,5426,1999,100098.0,0.0,0.29945900000000003,2.438702,IND,MYS,120999
6150065,111,153,5426,1999,8935.0,0.0,1.395253,1.3589790000000002,ITA,MYS,120999
6150066,166,153,5426,1999,4779.0,0.0,0.592051,0.780176,NZL,MYS,120999
6150067,174,153,5426,1999,346341.0,0.0,-0.401903,-0.333408,PHL,MYS,120999
6150068,176,153,5426,1999,1315.0,11885.0,-1.850785,-1.256969,PNG,MYS,120999
6150069,188,153,5426,1999,0.0,25235.0,0.553028,-0.527401,SAU,MYS,120999
6150070,192,153,5426,1999,30989.0,762239.0,1.355833,0.594305,SGP,MYS,120999
6150071,216,153,5426,1999,98971.0,3058.0,0.20451,1.513533,THA,MYS,120999
6150072,231,153,5426,1999,10808.0,0.0,1.8755119999999998,0.5350729999999999,USA,MYS,120999
6150073,249,153,5426,1999,24396.0,0.0,1.336816,1.725334,TWN,MYS,120999
6150074,49,160,5426,1999,0.0,2722.0,0.190667,0.136271,COL,NIC,120999
6150075,52,160,5426,1999,11206.0,13829.0,-0.310033,-0.299529,CRI,NIC,120999
6150076,64,160,5426,1999,0.0,7108.0,1.264405,1.469627,DNK,NIC,120999
6150077,231,160,5426,1999,133829.0,7922.0,1.8755119999999998,0.5350729999999999,USA,NIC,120999
6150078,247,160,5426,1999,0.0,2808.0,-0.388446,-0.47129099999999996,ZMB,NIC,120999
6150079,7,162,5426,1999,29961.0,25661.0,-0.21921,-0.54813,ARE,NLD,120999
6150080,8,162,5426,1999,0.0,7189.0,0.49933500000000003,0.593879,ARG,NLD,120999
6150081,9,162,5426,1999,0.0,11090.0,0.6218600000000001,-0.174906,ARM,NLD,120999
6150082,14,162,5426,1999,232299.0,145712.0,0.357101,0.8857879999999999,AUS,NLD,120999
6150083,15,162,5426,1999,0.0,201066.0,1.836804,0.744312,AUT,NLD,120999
6150084,17,162,5426,1999,0.0,13995.0,-1.601732,-1.003119,BDI,NLD,120999
6150085,18,162,5426,1999,1244091.0,239403.0,1.512061,1.253478,BEL,NLD,120999
6150086,21,162,5426,1999,1029.0,7247.0,-0.386471,-0.7413109999999999,BFA,NLD,120999
6150087,23,162,5426,1999,2819.0,1309.0,0.311033,1.7375040000000002,BGR,NLD,120999
6150088,26,162,5426,1999,0.0,9302.0,0.366494,0.298229,BIH,NLD,120999
6150089,28,162,5426,1999,0.0,16366.0,0.7516579999999999,1.169072,BLR,NLD,120999
6150090,31,162,5426,1999,0.0,2898.0,-0.398285,-0.6362,BOL,NLD,120999
6150091,32,162,5426,1999,334985.0,731734.0,0.762468,1.191759,BRA,NLD,120999
6150092,38,162,5426,1999,0.0,18941.0,-1.079509,-0.9015489999999999,CAF,NLD,120999
6150093,39,162,5426,1999,11358.0,615282.0,1.083572,1.08026,CAN,NLD,120999
6150094,41,162,5426,1999,11725.0,38539.0,2.189934,0.741428,CHE,NLD,120999
6150095,42,162,5426,1999,440866.0,7498.0,0.041013,-0.111553,CHL,NLD,120999
6150096,43,162,5426,1999,327934.0,41152.0,0.386094,3.270089,CHN,NLD,120999
6150097,45,162,5426,1999,0.0,1293.0,-1.7392470000000002,-1.241373,CMR,NLD,120999
6150098,49,162,5426,1999,973.0,17114.0,0.190667,0.136271,COL,NLD,120999
6150099,52,162,5426,1999,113488.0,23905.0,-0.310033,-0.299529,CRI,NLD,120999
6150100,54,162,5426,1999,0.0,37171.0,-0.152322,-0.8734270000000001,CUB,NLD,120999
6150101,58,162,5426,1999,0.0,17326.0,0.508464,0.324706,CYP,NLD,120999
6150102,59,162,5426,1999,40148.0,34840.0,1.412439,1.329385,CZE,NLD,120999
6150103,61,162,5426,1999,1909578.0,1884199.0,2.334811,-2.060502,DEU,NLD,120999
6150104,64,162,5426,1999,1432201.0,104445.0,1.264405,1.469627,DNK,NLD,120999
6150105,66,162,5426,1999,0.0,287095.0,-0.701764,-1.175132,DZA,NLD,120999
6150106,67,162,5426,1999,0.0,33015.0,-0.8875299999999999,-0.9117879999999999,ECU,NLD,120999
6150107,68,162,5426,1999,2092.0,9459.0,-0.311879,0.300746,EGY,NLD,120999
6150108,71,162,5426,1999,0.0,3713937.0,1.0849209999999998,1.9351180000000001,ESP,NLD,120999
6150109,72,162,5426,1999,0.0,5923.0,0.502979,0.8847440000000001,EST,NLD,120999
6150110,74,162,5426,1999,0.0,99318.0,2.095642,0.966282,FIN,NLD,120999
6150111,77,162,5426,1999,2992769.0,2267964.0,1.72758,0.6619079999999999,FRA,NLD,120999
6150112,78,162,5426,1999,0.0,238.0,-0.718961,-0.900609,FRO,NLD,120999
6150113,81,162,5426,1999,83194.0,100941.0,1.9523830000000002,0.771455,GBR,NLD,120999
6150114,83,162,5426,1999,11763.0,12096.0,-0.9444520000000001,-0.905826,GHA,NLD,120999
6150115,87,162,5426,1999,0.0,1466.0,-0.768406,-0.764934,GMB,NLD,120999
6150116,90,162,5426,1999,0.0,189586.0,0.24943600000000002,1.172467,GRC,NLD,120999
6150117,93,162,5426,1999,5226.0,0.0,-0.459323,0.210247,GTM,NLD,120999
6150118,97,162,5426,1999,37746.0,133403.0,0.387427,2.402434,HKG,NLD,120999
6150119,99,162,5426,1999,1440.0,2037.0,-0.8858290000000001,-0.530034,HND,NLD,120999
6150120,100,162,5426,1999,0.0,6434.0,0.572934,0.9873639999999999,HRV,NLD,120999
6150121,102,162,5426,1999,221268.0,568136.0,0.794675,1.308337,HUN,NLD,120999
6150122,103,162,5426,1999,11458.0,0.0,-0.20447,1.568505,IDN,NLD,120999
6150123,104,162,5426,1999,426276.0,22455.0,0.29945900000000003,2.438702,IND,NLD,120999
6150124,106,162,5426,1999,0.0,65040.0,1.599613,0.37233299999999997,IRL,NLD,120999
6150125,107,162,5426,1999,0.0,804204.0,-0.9366620000000001,-1.147602,IRN,NLD,120999
6150126,110,162,5426,1999,293219.0,240088.0,1.342593,0.781931,ISR,NLD,120999
6150127,111,162,5426,1999,415109.0,2216406.0,1.395253,1.3589790000000002,ITA,NLD,120999
6150128,112,162,5426,1999,0.0,7129.0,-0.852468,-0.9670290000000001,JAM,NLD,120999
6150129,113,162,5426,1999,4768.0,131750.0,0.475995,0.514447,JOR,NLD,120999
6150130,114,162,5426,1999,115574.0,289688.0,2.541382,0.693702,JPN,NLD,120999
6150131,115,162,5426,1999,0.0,48659.0,-0.035315,-0.514845,KAZ,NLD,120999
6150132,116,162,5426,1999,22192.0,8030.0,-0.336125,0.43983999999999995,KEN,NLD,120999
6150133,117,162,5426,1999,0.0,30804.0,-0.152916,-0.33076300000000003,KGZ,NLD,120999
6150134,121,162,5426,1999,7993.0,29759.0,0.92448,1.053988,KOR,NLD,120999
6150135,122,162,5426,1999,0.0,20326.0,0.028312999999999998,-1.0742770000000001,KWT,NLD,120999
6150136,124,162,5426,1999,0.0,50007.0,0.264151,0.767188,LBN,NLD,120999
6150137,127,162,5426,1999,0.0,934.0,-0.129026,-0.630046,LCA,NLD,120999
6150138,128,162,5426,1999,1110.0,7999.0,-0.8875649999999999,-0.059249,LKA,NLD,120999
6150139,130,162,5426,1999,0.0,16394.0,0.197536,0.5041899999999999,LTU,NLD,120999
6150140,131,162,5426,1999,0.0,1426.0,1.499745,1.142951,LUX,NLD,120999
6150141,132,162,5426,1999,0.0,6436.0,0.20633600000000002,0.324171,LVA,NLD,120999
6150142,134,162,5426,1999,48434.0,39953.0,-0.659053,-0.142104,MAR,NLD,120999
6150143,135,162,5426,1999,0.0,1174.0,-0.16408,-0.08062000000000001,MDA,NLD,120999
6150144,136,162,5426,1999,74440.0,0.0,-1.186653,-0.5059279999999999,MDG,NLD,120999
6150145,138,162,5426,1999,261882.0,1319.0,0.581034,0.8399760000000001,MEX,NLD,120999
6150146,140,162,5426,1999,0.0,18540.0,0.053132000000000006,0.43408,MKD,NLD,120999
6150147,141,162,5426,1999,0.0,2667.0,-0.8019149999999999,-0.9337979999999999,MLI,NLD,120999
6150148,142,162,5426,1999,165655.0,0.0,0.9998450000000001,0.009412,MLT,NLD,120999
6150149,151,162,5426,1999,5195.0,34902.0,-0.5713729999999999,-0.696416,MUS,NLD,120999
6150150,152,162,5426,1999,0.0,1666.0,-1.319572,-1.199031,MWI,NLD,120999
6150151,156,162,5426,1999,0.0,1499.0,-0.079579,-0.777079,NCL,NLD,120999
6150152,159,162,5426,1999,16447.0,0.0,-1.9312080000000003,-1.279733,NGA,NLD,120999
6150153,163,162,5426,1999,0.0,35051.0,1.1012959999999998,0.240184,NOR,NLD,120999
6150154,166,162,5426,1999,98511.0,8969.0,0.592051,0.780176,NZL,NLD,120999
6150155,168,162,5426,1999,19838.0,84830.0,-1.047891,-0.525612,PAK,NLD,120999
6150156,169,162,5426,1999,0.0,1078.0,0.126144,0.491986,PAN,NLD,120999
6150157,173,162,5426,1999,26378.0,0.0,-0.367489,0.11813399999999999,PER,NLD,120999
6150158,177,162,5426,1999,91533.0,209256.0,0.8512700000000001,1.8975229999999998,POL,NLD,120999
6150159,179,162,5426,1999,0.0,9536.0,0.420538,1.379359,PRT,NLD,120999
6150160,185,162,5426,1999,29002.0,19871.0,0.253874,0.8322709999999999,ROU,NLD,120999
6150161,186,162,5426,1999,0.0,107869.0,0.903308,0.590858,RUS,NLD,120999
6150162,188,162,5426,1999,0.0,110553.0,0.553028,-0.527401,SAU,NLD,120999
6150163,189,162,5426,1999,11720.0,11078.0,0.607596,2.222456,SCG,NLD,120999
6150164,190,162,5426,1999,0.0,1181.0,-1.321619,-1.162911,SDN,NLD,120999
6150165,191,162,5426,1999,0.0,1401.0,-0.472473,-0.462562,SEN,NLD,120999
6150166,192,162,5426,1999,2788.0,1275.0,1.355833,0.594305,SGP,NLD,120999
6150167,197,162,5426,1999,137832.0,0.0,-0.263572,-0.121576,SLV,NLD,120999
6150168,206,162,5426,1999,4182.0,32124.0,1.133942,1.105742,SVK,NLD,120999
6150169,207,162,5426,1999,14803.0,81606.0,1.447589,1.284414,SVN,NLD,120999
6150170,208,162,5426,1999,0.0,295155.0,2.1456720000000002,0.856556,SWE,NLD,120999
6150171,212,162,5426,1999,0.0,56225.0,-0.996784,-0.6344069999999999,SYR,NLD,120999
6150172,216,162,5426,1999,236397.0,25259.0,0.20451,1.513533,THA,NLD,120999
6150173,222,162,5426,1999,0.0,1503.0,0.258046,-0.562956,TTO,NLD,120999
6150174,223,162,5426,1999,0.0,18485.0,-0.317866,-0.102551,TUN,NLD,120999
6150175,224,162,5426,1999,162024.0,526908.0,0.044692,1.745755,TUR,NLD,120999
6150176,226,162,5426,1999,180256.0,1117.0,-1.068358,-0.54693,TZA,NLD,120999
6150177,228,162,5426,1999,3867.0,679109.0,0.6242270000000001,0.742258,UKR,NLD,120999
6150178,230,162,5426,1999,0.0,2355.0,0.26815700000000003,0.307394,URY,NLD,120999
6150179,231,162,5426,1999,4246684.0,1621752.0,1.8755119999999998,0.5350729999999999,USA,NLD,120999
6150180,232,162,5426,1999,0.0,126789.0,-0.43066499999999996,-0.767428,UZB,NLD,120999
6150181,236,162,5426,1999,0.0,6937.0,0.16454100000000002,-0.691021,VEN,NLD,120999
6150182,246,162,5426,1999,212190.0,111040.0,0.543171,1.432792,ZAF,NLD,120999
6150183,247,162,5426,1999,0.0,18546.0,-0.388446,-0.47129099999999996,ZMB,NLD,120999
6150184,248,162,5426,1999,180960.0,40378.0,-0.320533,-0.180527,ZWE,NLD,120999
6150185,249,162,5426,1999,863961.0,13673.0,1.336816,1.725334,TWN,NLD,120999
6150186,250,162,5426,1999,5767731.0,1949.0,1.130511,0.9547379999999999,ANS,NLD,120999
6150187,39,163,5426,1999,2426.0,0.0,1.083572,1.08026,CAN,NOR,120999
6150188,61,163,5426,1999,6845.0,0.0,2.334811,-2.060502,DEU,NOR,120999
6150189,64,163,5426,1999,774773.0,272490.0,1.264405,1.469627,DNK,NOR,120999
6150190,74,163,5426,1999,8439.0,0.0,2.095642,0.966282,FIN,NOR,120999
6150191,77,163,5426,1999,75281.0,0.0,1.72758,0.6619079999999999,FRA,NOR,120999
6150192,78,163,5426,1999,0.0,1601.0,-0.718961,-0.900609,FRO,NOR,120999
6150193,81,163,5426,1999,73513.0,1272.0,1.9523830000000002,0.771455,GBR,NOR,120999
6150194,109,163,5426,1999,0.0,1124.0,0.377701,-0.355798,ISL,NOR,120999
6150195,162,163,5426,1999,35051.0,0.0,1.308776,1.574293,NLD,NOR,120999
6150196,208,163,5426,1999,91464.0,12514.0,2.1456720000000002,0.856556,SWE,NOR,120999
6150197,231,163,5426,1999,30864.0,0.0,1.8755119999999998,0.5350729999999999,USA,NOR,120999
6150198,250,163,5426,1999,6455.0,0.0,1.130511,0.9547379999999999,ANS,NOR,120999
6150199,32,169,5426,1999,9390.0,0.0,0.762468,1.191759,BRA,PAN,120999
6150200,52,169,5426,1999,12009.0,0.0,-0.310033,-0.299529,CRI,PAN,120999
6150201,71,169,5426,1999,41911.0,0.0,1.0849209999999998,1.9351180000000001,ESP,PAN,120999
6150202,77,169,5426,1999,2644.0,0.0,1.72758,0.6619079999999999,FRA,PAN,120999
6150203,99,169,5426,1999,11649.0,0.0,-0.8858290000000001,-0.530034,HND,PAN,120999
6150204,162,169,5426,1999,1078.0,0.0,1.308776,1.574293,NLD,PAN,120999
6150205,222,169,5426,1999,12139.0,0.0,0.258046,-0.562956,TTO,PAN,120999
6150206,231,169,5426,1999,206075.0,0.0,1.8755119999999998,0.5350729999999999,USA,PAN,120999
6150207,31,173,5426,1999,0.0,206152.0,-0.398285,-0.6362,BOL,PER,120999
6150208,32,173,5426,1999,0.0,95105.0,0.762468,1.191759,BRA,PER,120999
6150209,42,173,5426,1999,42179.0,726240.0,0.041013,-0.111553,CHL,PER,120999
6150210,43,173,5426,1999,913.0,0.0,0.386094,3.270089,CHN,PER,120999
6150211,71,173,5426,1999,21133.0,0.0,1.0849209999999998,1.9351180000000001,ESP,PER,120999
6150212,77,173,5426,1999,4341.0,0.0,1.72758,0.6619079999999999,FRA,PER,120999
6150213,111,173,5426,1999,2383.0,0.0,1.395253,1.3589790000000002,ITA,PER,120999
6150214,114,173,5426,1999,2181.0,4050.0,2.541382,0.693702,JPN,PER,120999
6150215,138,173,5426,1999,0.0,16356.0,0.581034,0.8399760000000001,MEX,PER,120999
6150216,162,173,5426,1999,0.0,26378.0,1.308776,1.574293,NLD,PER,120999
6150217,166,173,5426,1999,4692.0,0.0,0.592051,0.780176,NZL,PER,120999
6150218,231,173,5426,1999,66237.0,471396.0,1.8755119999999998,0.5350729999999999,USA,PER,120999
6150219,14,174,5426,1999,13634.0,0.0,0.357101,0.8857879999999999,AUS,PHL,120999
6150220,32,174,5426,1999,3081.0,0.0,0.762468,1.191759,BRA,PHL,120999
6150221,43,174,5426,1999,73686.0,19879.0,0.386094,3.270089,CHN,PHL,120999
6150222,77,174,5426,1999,3623.0,0.0,1.72758,0.6619079999999999,FRA,PHL,120999
6150223,97,174,5426,1999,3467.0,0.0,0.387427,2.402434,HKG,PHL,120999
6150224,103,174,5426,1999,71058.0,16436.0,-0.20447,1.568505,IDN,PHL,120999
6150225,104,174,5426,1999,103402.0,0.0,0.29945900000000003,2.438702,IND,PHL,120999
6150226,114,174,5426,1999,10299.0,6782.0,2.541382,0.693702,JPN,PHL,120999
6150227,121,174,5426,1999,0.0,10090.0,0.92448,1.053988,KOR,PHL,120999
6150228,153,174,5426,1999,0.0,346341.0,0.500591,0.136149,MYS,PHL,120999
6150229,168,174,5426,1999,153059.0,0.0,-1.047891,-0.525612,PAK,PHL,120999
6150230,176,174,5426,1999,31819.0,28678.0,-1.850785,-1.256969,PNG,PHL,120999
6150231,216,174,5426,1999,472203.0,0.0,0.20451,1.513533,THA,PHL,120999
6150232,231,174,5426,1999,80939.0,0.0,1.8755119999999998,0.5350729999999999,USA,PHL,120999
6150233,246,174,5426,1999,5654.0,0.0,0.543171,1.432792,ZAF,PHL,120999
6150234,249,174,5426,1999,3272.0,23946.0,1.336816,1.725334,TWN,PHL,120999
6150235,14,179,5426,1999,32774.0,0.0,0.357101,0.8857879999999999,AUS,PRT,120999
6150236,18,179,5426,1999,48999.0,3124.0,1.512061,1.253478,BEL,PRT,120999
6150237,61,179,5426,1999,5947.0,4563.0,2.334811,-2.060502,DEU,PRT,120999
6150238,64,179,5426,1999,43581.0,0.0,1.264405,1.469627,DNK,PRT,120999
6150239,71,179,5426,1999,306905.0,145024.0,1.0849209999999998,1.9351180000000001,ESP,PRT,120999
6150240,77,179,5426,1999,16353.0,9481.0,1.72758,0.6619079999999999,FRA,PRT,120999
6150241,81,179,5426,1999,7084.0,1899.0,1.9523830000000002,0.771455,GBR,PRT,120999
6150242,110,179,5426,1999,10805.0,0.0,1.342593,0.781931,ISR,PRT,120999
6150243,111,179,5426,1999,111389.0,0.0,1.395253,1.3589790000000002,ITA,PRT,120999
6150244,162,179,5426,1999,9536.0,0.0,1.308776,1.574293,NLD,PRT,120999
6150245,166,179,5426,1999,16686.0,0.0,0.592051,0.780176,NZL,PRT,120999
6150246,231,179,5426,1999,27121.0,0.0,1.8755119999999998,0.5350729999999999,USA,PRT,120999
6150247,246,179,5426,1999,39229.0,0.0,0.543171,1.432792,ZAF,PRT,120999
6150248,14,190,5426,1999,3439.0,0.0,0.357101,0.8857879999999999,AUS,SDN,120999
6150249,64,190,5426,1999,1097.0,0.0,1.264405,1.469627,DNK,SDN,120999
6150250,81,190,5426,1999,14781.0,0.0,1.9523830000000002,0.771455,GBR,SDN,120999
6150251,116,190,5426,1999,75983.0,0.0,-0.336125,0.43983999999999995,KEN,SDN,120999
6150252,124,190,5426,1999,0.0,120199.0,0.264151,0.767188,LBN,SDN,120999
6150253,157,190,5426,1999,16644.0,0.0,-0.539842,-0.762977,NER,SDN,120999
6150254,162,190,5426,1999,1181.0,0.0,1.308776,1.574293,NLD,SDN,120999
6150255,14,192,5426,1999,238494.0,0.0,0.357101,0.8857879999999999,AUS,SGP,120999
6150256,34,192,5426,1999,0.0,5209.0,-1.417607,-1.011226,BRN,SGP,120999
6150257,39,192,5426,1999,1179.0,0.0,1.083572,1.08026,CAN,SGP,120999
6150258,43,192,5426,1999,0.0,7267.0,0.386094,3.270089,CHN,SGP,120999
6150259,64,192,5426,1999,12648.0,2452.0,1.264405,1.469627,DNK,SGP,120999
6150260,67,192,5426,1999,0.0,9403.0,-0.8875299999999999,-0.9117879999999999,ECU,SGP,120999
6150261,75,192,5426,1999,59533.0,0.0,-1.101748,-0.847409,FJI,SGP,120999
6150262,77,192,5426,1999,5354.0,0.0,1.72758,0.6619079999999999,FRA,SGP,120999
6150263,93,192,5426,1999,0.0,26736.0,-0.459323,0.210247,GTM,SGP,120999
6150264,104,192,5426,1999,91545.0,0.0,0.29945900000000003,2.438702,IND,SGP,120999
6150265,114,192,5426,1999,0.0,1801.0,2.541382,0.693702,JPN,SGP,120999
6150266,118,192,5426,1999,0.0,2376.0,-1.5727360000000001,-1.2731629999999998,KHM,SGP,120999
6150267,136,192,5426,1999,3513.0,0.0,-1.186653,-0.5059279999999999,MDG,SGP,120999
6150268,143,192,5426,1999,0.0,9168.0,-1.4991299999999999,-0.984557,MMR,SGP,120999
6150269,153,192,5426,1999,762239.0,30989.0,0.500591,0.136149,MYS,SGP,120999
6150270,162,192,5426,1999,1275.0,2788.0,1.308776,1.574293,NLD,SGP,120999
6150271,164,192,5426,1999,0.0,3029.0,-0.421433,0.24781799999999998,NPL,SGP,120999
6150272,166,192,5426,1999,410549.0,0.0,0.592051,0.780176,NZL,SGP,120999
6150273,176,192,5426,1999,0.0,7472.0,-1.850785,-1.256969,PNG,SGP,120999
6150274,195,192,5426,1999,0.0,1711.0,-1.9334959999999999,-0.9984879999999999,SLB,SGP,120999
6150275,231,192,5426,1999,33986.0,0.0,1.8755119999999998,0.5350729999999999,USA,SGP,120999
6150276,249,192,5426,1999,1904936.0,3628.0,1.336816,1.725334,TWN,SGP,120999
6150277,49,197,5426,1999,0.0,4561.0,0.190667,0.136271,COL,SLV,120999
6150278,71,197,5426,1999,3983.0,0.0,1.0849209999999998,1.9351180000000001,ESP,SLV,120999
6150279,93,197,5426,1999,8326.0,0.0,-0.459323,0.210247,GTM,SLV,120999
6150280,138,197,5426,1999,1007.0,0.0,0.581034,0.8399760000000001,MEX,SLV,120999
6150281,162,197,5426,1999,0.0,137832.0,1.308776,1.574293,NLD,SLV,120999
6150282,231,197,5426,1999,101698.0,45484.0,1.8755119999999998,0.5350729999999999,USA,SLV,120999
6150283,231,205,5426,1999,6899.0,0.0,1.8755119999999998,0.5350729999999999,USA,SUR,120999
6150284,18,208,5426,1999,0.0,1420.0,1.512061,1.253478,BEL,SWE,120999
6150285,28,208,5426,1999,60060.0,2809.0,0.7516579999999999,1.169072,BLR,SWE,120999
6150286,39,208,5426,1999,38884.0,0.0,1.083572,1.08026,CAN,SWE,120999
6150287,61,208,5426,1999,112919.0,0.0,2.334811,-2.060502,DEU,SWE,120999
6150288,64,208,5426,1999,168058.0,328361.0,1.264405,1.469627,DNK,SWE,120999
6150289,68,208,5426,1999,0.0,15067.0,-0.311879,0.300746,EGY,SWE,120999
6150290,72,208,5426,1999,0.0,5177.0,0.502979,0.8847440000000001,EST,SWE,120999
6150291,74,208,5426,1999,175341.0,15593.0,2.095642,0.966282,FIN,SWE,120999
6150292,77,208,5426,1999,35890.0,0.0,1.72758,0.6619079999999999,FRA,SWE,120999
6150293,81,208,5426,1999,59294.0,0.0,1.9523830000000002,0.771455,GBR,SWE,120999
6150294,102,208,5426,1999,956.0,0.0,0.794675,1.308337,HUN,SWE,120999
6150295,106,208,5426,1999,0.0,8958.0,1.599613,0.37233299999999997,IRL,SWE,120999
6150296,107,208,5426,1999,28147.0,0.0,-0.9366620000000001,-1.147602,IRN,SWE,120999
6150297,109,208,5426,1999,0.0,2234.0,0.377701,-0.355798,ISL,SWE,120999
6150298,130,208,5426,1999,29428.0,1900.0,0.197536,0.5041899999999999,LTU,SWE,120999
6150299,132,208,5426,1999,63114.0,1591.0,0.20633600000000002,0.324171,LVA,SWE,120999
6150300,162,208,5426,1999,295155.0,0.0,1.308776,1.574293,NLD,SWE,120999
6150301,163,208,5426,1999,12514.0,91464.0,1.1012959999999998,0.240184,NOR,SWE,120999
6150302,177,208,5426,1999,25822.0,14906.0,0.8512700000000001,1.8975229999999998,POL,SWE,120999
6150303,186,208,5426,1999,4346.0,0.0,0.903308,0.590858,RUS,SWE,120999
6150304,228,208,5426,1999,0.0,32786.0,0.6242270000000001,0.742258,UKR,SWE,120999
6150305,231,208,5426,1999,8918.0,0.0,1.8755119999999998,0.5350729999999999,USA,SWE,120999
6150306,8,216,5426,1999,0.0,12578.0,0.49933500000000003,0.593879,ARG,THA,120999
6150307,14,216,5426,1999,186624.0,25548.0,0.357101,0.8857879999999999,AUS,THA,120999
6150308,32,216,5426,1999,15456.0,0.0,0.762468,1.191759,BRA,THA,120999
6150309,39,216,5426,1999,0.0,10050.0,1.083572,1.08026,CAN,THA,120999
6150310,42,216,5426,1999,0.0,2199.0,0.041013,-0.111553,CHL,THA,120999
6150311,43,216,5426,1999,2651.0,98633.0,0.386094,3.270089,CHN,THA,120999
6150312,49,216,5426,1999,0.0,3133.0,0.190667,0.136271,COL,THA,120999
6150313,52,216,5426,1999,9993.0,0.0,-0.310033,-0.299529,CRI,THA,120999
6150314,59,216,5426,1999,0.0,4492.0,1.412439,1.329385,CZE,THA,120999
6150315,61,216,5426,1999,0.0,1612.0,2.334811,-2.060502,DEU,THA,120999
6150316,64,216,5426,1999,8558.0,1658.0,1.264405,1.469627,DNK,THA,120999
6150317,66,216,5426,1999,0.0,14995.0,-0.701764,-1.175132,DZA,THA,120999
6150318,77,216,5426,1999,1672.0,0.0,1.72758,0.6619079999999999,FRA,THA,120999
6150319,81,216,5426,1999,0.0,29681.0,1.9523830000000002,0.771455,GBR,THA,120999
6150320,97,216,5426,1999,0.0,409783.0,0.387427,2.402434,HKG,THA,120999
6150321,99,216,5426,1999,0.0,92046.0,-0.8858290000000001,-0.530034,HND,THA,120999
6150322,102,216,5426,1999,0.0,4562.0,0.794675,1.308337,HUN,THA,120999
6150323,103,216,5426,1999,15407.0,191479.0,-0.20447,1.568505,IDN,THA,120999
6150324,104,216,5426,1999,101808.0,107552.0,0.29945900000000003,2.438702,IND,THA,120999
6150325,110,216,5426,1999,775.0,102964.0,1.342593,0.781931,ISR,THA,120999
6150326,111,216,5426,1999,0.0,5902.0,1.395253,1.3589790000000002,ITA,THA,120999
6150327,114,216,5426,1999,112302.0,378756.0,2.541382,0.693702,JPN,THA,120999
6150328,123,216,5426,1999,0.0,4282.0,-1.429411,-1.243248,LAO,THA,120999
6150329,127,216,5426,1999,0.0,1872.0,-0.129026,-0.630046,LCA,THA,120999
6150330,128,216,5426,1999,0.0,10259.0,-0.8875649999999999,-0.059249,LKA,THA,120999
6150331,138,216,5426,1999,0.0,157762.0,0.581034,0.8399760000000001,MEX,THA,120999
6150332,146,216,5426,1999,0.0,4966.0,-0.45039399999999996,-0.8943700000000001,MNP,THA,120999
6150333,151,216,5426,1999,0.0,6652.0,-0.5713729999999999,-0.696416,MUS,THA,120999
6150334,153,216,5426,1999,3058.0,98971.0,0.500591,0.136149,MYS,THA,120999
6150335,162,216,5426,1999,25259.0,236397.0,1.308776,1.574293,NLD,THA,120999
6150336,166,216,5426,1999,357252.0,0.0,0.592051,0.780176,NZL,THA,120999
6150337,174,216,5426,1999,0.0,472203.0,-0.401903,-0.333408,PHL,THA,120999
6150338,188,216,5426,1999,1752.0,105074.0,0.553028,-0.527401,SAU,THA,120999
6150339,231,216,5426,1999,52827.0,3300159.0,1.8755119999999998,0.5350729999999999,USA,THA,120999
6150340,236,216,5426,1999,0.0,61348.0,0.16454100000000002,-0.691021,VEN,THA,120999
6150341,239,216,5426,1999,0.0,37927.0,-0.9824940000000001,0.115755,VNM,THA,120999
6150342,246,216,5426,1999,3014.0,71067.0,0.543171,1.432792,ZAF,THA,120999
6150343,249,216,5426,1999,211680.0,1968524.0,1.336816,1.725334,TWN,THA,120999
6150344,64,222,5426,1999,1168.0,0.0,1.264405,1.469627,DNK,TTO,120999
6150345,77,222,5426,1999,4144.0,0.0,1.72758,0.6619079999999999,FRA,TTO,120999
6150346,81,222,5426,1999,3638.0,0.0,1.9523830000000002,0.771455,GBR,TTO,120999
6150347,96,222,5426,1999,0.0,3520.0,-0.97619,-0.8785709999999999,GUY,TTO,120999
6150348,114,222,5426,1999,6878.0,0.0,2.541382,0.693702,JPN,TTO,120999
6150349,127,222,5426,1999,0.0,1325.0,-0.129026,-0.630046,LCA,TTO,120999
6150350,162,222,5426,1999,1503.0,0.0,1.308776,1.574293,NLD,TTO,120999
6150351,169,222,5426,1999,0.0,12139.0,0.126144,0.491986,PAN,TTO,120999
6150352,231,222,5426,1999,33550.0,0.0,1.8755119999999998,0.5350729999999999,USA,TTO,120999
6150353,249,222,5426,1999,2837.0,0.0,1.336816,1.725334,TWN,TTO,120999
6150354,4,224,5426,1999,0.0,5107.0,-0.281783,-0.10076399999999999,ALB,TUR,120999
6150355,14,224,5426,1999,21152.0,0.0,0.357101,0.8857879999999999,AUS,TUR,120999
6150356,15,224,5426,1999,0.0,2088.0,1.836804,0.744312,AUT,TUR,120999
6150357,16,224,5426,1999,0.0,38462.0,-0.076295,-0.742161,AZE,TUR,120999
6150358,32,224,5426,1999,8899.0,0.0,0.762468,1.191759,BRA,TUR,120999
6150359,41,224,5426,1999,2141.0,0.0,2.189934,0.741428,CHE,TUR,120999
6150360,61,224,5426,1999,3165.0,9856.0,2.334811,-2.060502,DEU,TUR,120999
6150361,64,224,5426,1999,33857.0,3209.0,1.264405,1.469627,DNK,TUR,120999
6150362,68,224,5426,1999,0.0,326133.0,-0.311879,0.300746,EGY,TUR,120999
6150363,71,224,5426,1999,5286.0,0.0,1.0849209999999998,1.9351180000000001,ESP,TUR,120999
6150364,77,224,5426,1999,311773.0,0.0,1.72758,0.6619079999999999,FRA,TUR,120999
6150365,81,224,5426,1999,11041.0,24450.0,1.9523830000000002,0.771455,GBR,TUR,120999
6150366,82,224,5426,1999,0.0,10180.0,0.50297,0.042010000000000006,GEO,TUR,120999
6150367,90,224,5426,1999,58462.0,0.0,0.24943600000000002,1.172467,GRC,TUR,120999
6150368,102,224,5426,1999,0.0,1727.0,0.794675,1.308337,HUN,TUR,120999
6150369,104,224,5426,1999,9446.0,0.0,0.29945900000000003,2.438702,IND,TUR,120999
6150370,107,224,5426,1999,452160.0,0.0,-0.9366620000000001,-1.147602,IRN,TUR,120999
6150371,110,224,5426,1999,511988.0,0.0,1.342593,0.781931,ISR,TUR,120999
6150372,111,224,5426,1999,150596.0,0.0,1.395253,1.3589790000000002,ITA,TUR,120999
6150373,114,224,5426,1999,41689.0,0.0,2.541382,0.693702,JPN,TUR,120999
6150374,121,224,5426,1999,8858.0,0.0,0.92448,1.053988,KOR,TUR,120999
6150375,124,224,5426,1999,4476.0,2893.0,0.264151,0.767188,LBN,TUR,120999
6150376,162,224,5426,1999,526908.0,162024.0,1.308776,1.574293,NLD,TUR,120999
6150377,185,224,5426,1999,6864.0,0.0,0.253874,0.8322709999999999,ROU,TUR,120999
6150378,188,224,5426,1999,0.0,4394.0,0.553028,-0.527401,SAU,TUR,120999
6150379,219,224,5426,1999,0.0,47658.0,-0.8982180000000001,-1.132358,TKM,TUR,120999
6150380,231,224,5426,1999,882402.0,12498.0,1.8755119999999998,0.5350729999999999,USA,TUR,120999
6150381,248,224,5426,1999,7435.0,0.0,-0.320533,-0.180527,ZWE,TUR,120999
6150382,249,224,5426,1999,15454.0,0.0,1.336816,1.725334,TWN,TUR,120999
6150383,250,224,5426,1999,0.0,6773.0,1.130511,0.9547379999999999,ANS,TUR,120999
6150384,8,230,5426,1999,17007.0,18483.0,0.49933500000000003,0.593879,ARG,URY,120999
6150385,14,230,5426,1999,41236.0,0.0,0.357101,0.8857879999999999,AUS,URY,120999
6150386,32,230,5426,1999,3150.0,0.0,0.762468,1.191759,BRA,URY,120999
6150387,42,230,5426,1999,23066.0,0.0,0.041013,-0.111553,CHL,URY,120999
6150388,43,230,5426,1999,6135.0,0.0,0.386094,3.270089,CHN,URY,120999
6150389,64,230,5426,1999,9627.0,0.0,1.264405,1.469627,DNK,URY,120999
6150390,77,230,5426,1999,27773.0,0.0,1.72758,0.6619079999999999,FRA,URY,120999
6150391,111,230,5426,1999,4973.0,0.0,1.395253,1.3589790000000002,ITA,URY,120999
6150392,162,230,5426,1999,2355.0,0.0,1.308776,1.574293,NLD,URY,120999
6150393,166,230,5426,1999,904.0,0.0,0.592051,0.780176,NZL,URY,120999
6150394,180,230,5426,1999,0.0,7923.0,-0.541387,-0.863967,PRY,URY,120999
6150395,231,230,5426,1999,147704.0,0.0,1.8755119999999998,0.5350729999999999,USA,URY,120999
6150396,246,230,5426,1999,4746.0,0.0,0.543171,1.432792,ZAF,URY,120999
6150397,7,231,5426,1999,0.0,3918841.0,-0.21921,-0.54813,ARE,USA,120999
6150398,8,231,5426,1999,1993.0,1061914.0,0.49933500000000003,0.593879,ARG,USA,120999
6150399,13,231,5426,1999,0.0,8133.0,0.6179140000000001,0.156854,ATG,USA,120999
6150400,14,231,5426,1999,92332.0,1468141.0,0.357101,0.8857879999999999,AUS,USA,120999
6150401,15,231,5426,1999,0.0,78960.0,1.836804,0.744312,AUT,USA,120999
6150402,16,231,5426,1999,7013.0,0.0,-0.076295,-0.742161,AZE,USA,120999
6150403,18,231,5426,1999,14715.0,55953.0,1.512061,1.253478,BEL,USA,120999
6150404,23,231,5426,1999,2516.0,1768.0,0.311033,1.7375040000000002,BGR,USA,120999
6150405,24,231,5426,1999,0.0,4295.0,-0.034526,-0.8887200000000001,BHR,USA,120999
6150406,25,231,5426,1999,0.0,17540.0,0.91869,-0.152588,BHS,USA,120999
6150407,28,231,5426,1999,0.0,4517.0,0.7516579999999999,1.169072,BLR,USA,120999
6150408,29,231,5426,1999,0.0,11080.0,-0.5603319999999999,-0.838239,BLZ,USA,120999
6150409,30,231,5426,1999,0.0,15702.0,0.659772,-0.357746,BMU,USA,120999
6150410,31,231,5426,1999,31977.0,182465.0,-0.398285,-0.6362,BOL,USA,120999
6150411,32,231,5426,1999,469453.0,1509600.0,0.762468,1.191759,BRA,USA,120999
6150412,33,231,5426,1999,0.0,4244.0,0.878015,0.413308,BRB,USA,120999
6150413,39,231,5426,1999,216726.0,2449132.0,1.083572,1.08026,CAN,USA,120999
6150414,41,231,5426,1999,7048.0,207738.0,2.189934,0.741428,CHE,USA,120999
6150415,42,231,5426,1999,4551118.0,297461.0,0.041013,-0.111553,CHL,USA,120999
6150416,43,231,5426,1999,2389120.0,221764.0,0.386094,3.270089,CHN,USA,120999
6150417,49,231,5426,1999,40128.0,208338.0,0.190667,0.136271,COL,USA,120999
6150418,52,231,5426,1999,364468.0,1312673.0,-0.310033,-0.299529,CRI,USA,120999
6150419,58,231,5426,1999,0.0,67466.0,0.508464,0.324706,CYP,USA,120999
6150420,59,231,5426,1999,1901.0,12710.0,1.412439,1.329385,CZE,USA,120999
6150421,61,231,5426,1999,166882.0,409512.0,2.334811,-2.060502,DEU,USA,120999
6150422,64,231,5426,1999,3511443.0,143395.0,1.264405,1.469627,DNK,USA,120999
6150423,65,231,5426,1999,0.0,571212.0,-0.60436,-0.674701,DOM,USA,120999
6150424,66,231,5426,1999,0.0,476307.0,-0.701764,-1.175132,DZA,USA,120999
6150425,67,231,5426,1999,0.0,310728.0,-0.8875299999999999,-0.9117879999999999,ECU,USA,120999
6150426,68,231,5426,1999,110065.0,253308.0,-0.311879,0.300746,EGY,USA,120999
6150427,71,231,5426,1999,129757.0,2835768.0,1.0849209999999998,1.9351180000000001,ESP,USA,120999
6150428,74,231,5426,1999,0.0,13546.0,2.095642,0.966282,FIN,USA,120999
6150429,77,231,5426,1999,1644422.0,1031255.0,1.72758,0.6619079999999999,FRA,USA,120999
6150430,80,231,5426,1999,0.0,10158.0,-1.068733,-1.178405,GAB,USA,120999
6150431,81,231,5426,1999,620147.0,763442.0,1.9523830000000002,0.771455,GBR,USA,120999
6150432,82,231,5426,1999,2378.0,0.0,0.50297,0.042010000000000006,GEO,USA,120999
6150433,83,231,5426,1999,30024.0,4241.0,-0.9444520000000001,-0.905826,GHA,USA,120999
6150434,90,231,5426,1999,0.0,42850.0,0.24943600000000002,1.172467,GRC,USA,120999
6150435,91,231,5426,1999,0.0,21709.0,-0.157276,-0.625791,GRD,USA,120999
6150436,93,231,5426,1999,100977.0,1753207.0,-0.459323,0.210247,GTM,USA,120999
6150437,96,231,5426,1999,0.0,6044.0,-0.97619,-0.8785709999999999,GUY,USA,120999
6150438,97,231,5426,1999,52921.0,438850.0,0.387427,2.402434,HKG,USA,120999
6150439,99,231,5426,1999,31190.0,561778.0,-0.8858290000000001,-0.530034,HND,USA,120999
6150440,100,231,5426,1999,0.0,582.0,0.572934,0.9873639999999999,HRV,USA,120999
6150441,101,231,5426,1999,0.0,50145.0,-1.321531,-0.934434,HTI,USA,120999
6150442,102,231,5426,1999,52899.0,73460.0,0.794675,1.308337,HUN,USA,120999
6150443,104,231,5426,1999,492352.0,349161.0,0.29945900000000003,2.438702,IND,USA,120999
6150444,106,231,5426,1999,0.0,10267.0,1.599613,0.37233299999999997,IRL,USA,120999
6150445,108,231,5426,1999,0.0,246145.0,-1.8954950000000002,-0.883983,IRQ,USA,120999
6150446,109,231,5426,1999,0.0,5513.0,0.377701,-0.355798,ISL,USA,120999
6150447,110,231,5426,1999,1183922.0,1345837.0,1.342593,0.781931,ISR,USA,120999
6150448,111,231,5426,1999,356966.0,2730436.0,1.395253,1.3589790000000002,ITA,USA,120999
6150449,112,231,5426,1999,50785.0,16023.0,-0.852468,-0.9670290000000001,JAM,USA,120999
6150450,113,231,5426,1999,1900.0,117351.0,0.475995,0.514447,JOR,USA,120999
6150451,114,231,5426,1999,637895.0,497282.0,2.541382,0.693702,JPN,USA,120999
6150452,116,231,5426,1999,27770.0,61177.0,-0.336125,0.43983999999999995,KEN,USA,120999
6150453,120,231,5426,1999,0.0,17656.0,0.670532,-0.45786400000000005,KNA,USA,120999
6150454,121,231,5426,1999,68752.0,47818.0,0.92448,1.053988,KOR,USA,120999
6150455,122,231,5426,1999,0.0,72660.0,0.028312999999999998,-1.0742770000000001,KWT,USA,120999
6150456,124,231,5426,1999,10433.0,135389.0,0.264151,0.767188,LBN,USA,120999
6150457,127,231,5426,1999,0.0,4835.0,-0.129026,-0.630046,LCA,USA,120999
6150458,128,231,5426,1999,0.0,6980.0,-0.8875649999999999,-0.059249,LKA,USA,120999
6150459,133,231,5426,1999,0.0,8127.0,-0.365239,-0.380913,MAC,USA,120999
6150460,134,231,5426,1999,0.0,159423.0,-0.659053,-0.142104,MAR,USA,120999
6150461,135,231,5426,1999,0.0,117102.0,-0.16408,-0.08062000000000001,MDA,USA,120999
6150462,136,231,5426,1999,1495.0,0.0,-1.186653,-0.5059279999999999,MDG,USA,120999
6150463,138,231,5426,1999,3852918.0,12304026.0,0.581034,0.8399760000000001,MEX,USA,120999
6150464,140,231,5426,1999,2850.0,0.0,0.053132000000000006,0.43408,MKD,USA,120999
6150465,142,231,5426,1999,3087.0,0.0,0.9998450000000001,0.009412,MLT,USA,120999
6150466,151,231,5426,1999,0.0,44972.0,-0.5713729999999999,-0.696416,MUS,USA,120999
6150467,153,231,5426,1999,0.0,10808.0,0.500591,0.136149,MYS,USA,120999
6150468,160,231,5426,1999,7922.0,133829.0,-0.677654,-0.72253,NIC,USA,120999
6150469,162,231,5426,1999,1621752.0,4246684.0,1.308776,1.574293,NLD,USA,120999
6150470,163,231,5426,1999,0.0,30864.0,1.1012959999999998,0.240184,NOR,USA,120999
6150471,166,231,5426,1999,25102.0,107363.0,0.592051,0.780176,NZL,USA,120999
6150472,167,231,5426,1999,0.0,65833.0,-0.6801510000000001,-1.146403,OMN,USA,120999
6150473,168,231,5426,1999,65552.0,319953.0,-1.047891,-0.525612,PAK,USA,120999
6150474,169,231,5426,1999,0.0,206075.0,0.126144,0.491986,PAN,USA,120999
6150475,173,231,5426,1999,471396.0,66237.0,-0.367489,0.11813399999999999,PER,USA,120999
6150476,174,231,5426,1999,0.0,80939.0,-0.401903,-0.333408,PHL,USA,120999
6150477,177,231,5426,1999,0.0,24698.0,0.8512700000000001,1.8975229999999998,POL,USA,120999
6150478,179,231,5426,1999,0.0,27121.0,0.420538,1.379359,PRT,USA,120999
6150479,180,231,5426,1999,0.0,5254.0,-0.541387,-0.863967,PRY,USA,120999
6150480,182,231,5426,1999,0.0,2167.0,0.281327,-0.624142,PYF,USA,120999
6150481,183,231,5426,1999,0.0,4919.0,-0.593308,-1.18811,QAT,USA,120999
6150482,185,231,5426,1999,0.0,4351.0,0.253874,0.8322709999999999,ROU,USA,120999
6150483,186,231,5426,1999,0.0,7221.0,0.903308,0.590858,RUS,USA,120999
6150484,188,231,5426,1999,0.0,711194.0,0.553028,-0.527401,SAU,USA,120999
6150485,191,231,5426,1999,0.0,35726.0,-0.472473,-0.462562,SEN,USA,120999
6150486,192,231,5426,1999,0.0,33986.0,1.355833,0.594305,SGP,USA,120999
6150487,197,231,5426,1999,45484.0,101698.0,-0.263572,-0.121576,SLV,USA,120999
6150488,205,231,5426,1999,0.0,6899.0,-0.799447,-0.85055,SUR,USA,120999
6150489,207,231,5426,1999,8594.0,0.0,1.447589,1.284414,SVN,USA,120999
6150490,208,231,5426,1999,0.0,8918.0,2.1456720000000002,0.856556,SWE,USA,120999
6150491,211,231,5426,1999,28614.0,0.0,0.11940999999999999,-0.7071270000000001,SYC,USA,120999
6150492,212,231,5426,1999,0.0,431749.0,-0.996784,-0.6344069999999999,SYR,USA,120999
6150493,216,231,5426,1999,3300159.0,52827.0,0.20451,1.513533,THA,USA,120999
6150494,222,231,5426,1999,0.0,33550.0,0.258046,-0.562956,TTO,USA,120999
6150495,223,231,5426,1999,0.0,50038.0,-0.317866,-0.102551,TUN,USA,120999
6150496,224,231,5426,1999,12498.0,882402.0,0.044692,1.745755,TUR,USA,120999
6150497,226,231,5426,1999,0.0,1262.0,-1.068358,-0.54693,TZA,USA,120999
6150498,228,231,5426,1999,40936.0,3485.0,0.6242270000000001,0.742258,UKR,USA,120999
6150499,230,231,5426,1999,0.0,147704.0,0.26815700000000003,0.307394,URY,USA,120999
6150500,234,231,5426,1999,0.0,4947.0,-0.28283400000000003,-0.755695,VCT,USA,120999
6150501,236,231,5426,1999,0.0,968605.0,0.16454100000000002,-0.691021,VEN,USA,120999
6150502,239,231,5426,1999,0.0,64486.0,-0.9824940000000001,0.115755,VNM,USA,120999
6150503,243,231,5426,1999,0.0,51246.0,-1.746447,-1.296571,YEM,USA,120999
6150504,246,231,5426,1999,78398.0,391420.0,0.543171,1.432792,ZAF,USA,120999
6150505,248,231,5426,1999,25467.0,11406.0,-0.320533,-0.180527,ZWE,USA,120999
6150506,249,231,5426,1999,1314356.0,56214.0,1.336816,1.725334,TWN,USA,120999
6150507,32,236,5426,1999,535988.0,0.0,0.762468,1.191759,BRA,VEN,120999
6150508,42,236,5426,1999,108222.0,0.0,0.041013,-0.111553,CHL,VEN,120999
6150509,49,236,5426,1999,8661.0,0.0,0.190667,0.136271,COL,VEN,120999
6150510,77,236,5426,1999,4945.0,0.0,1.72758,0.6619079999999999,FRA,VEN,120999
6150511,99,236,5426,1999,112071.0,0.0,-0.8858290000000001,-0.530034,HND,VEN,120999
6150512,104,236,5426,1999,30260.0,0.0,0.29945900000000003,2.438702,IND,VEN,120999
6150513,111,236,5426,1999,9314.0,1195.0,1.395253,1.3589790000000002,ITA,VEN,120999
6150514,138,236,5426,1999,0.0,1948.0,0.581034,0.8399760000000001,MEX,VEN,120999
6150515,162,236,5426,1999,6937.0,0.0,1.308776,1.574293,NLD,VEN,120999
6150516,216,236,5426,1999,61348.0,0.0,0.20451,1.513533,THA,VEN,120999
6150517,231,236,5426,1999,968605.0,0.0,1.8755119999999998,0.5350729999999999,USA,VEN,120999
6150518,7,14,5426,1999,0.0,2829.0,-0.21921,-0.54813,ARE,AUS,120999
6150519,8,14,5426,1999,0.0,46583.0,0.49933500000000003,0.593879,ARG,AUS,120999
6150520,17,14,5426,1999,0.0,1079.0,-1.601732,-1.003119,BDI,AUS,120999
6150521,18,14,5426,1999,2234.0,704824.0,1.512061,1.253478,BEL,AUS,120999
6150522,32,14,5426,1999,4441.0,6941.0,0.762468,1.191759,BRA,AUS,120999
6150523,34,14,5426,1999,0.0,2607.0,-1.417607,-1.011226,BRN,AUS,120999
6150524,39,14,5426,1999,59492.0,20787.0,1.083572,1.08026,CAN,AUS,120999
6150525,41,14,5426,1999,2208.0,1355.0,2.189934,0.741428,CHE,AUS,120999
6150526,42,14,5426,1999,0.0,24822.0,0.041013,-0.111553,CHL,AUS,120999
6150527,43,14,5426,1999,134880.0,89665.0,0.386094,3.270089,CHN,AUS,120999
6150528,49,14,5426,1999,0.0,204651.0,0.190667,0.136271,COL,AUS,120999
6150529,52,14,5426,1999,2370.0,1440.0,-0.310033,-0.299529,CRI,AUS,120999
6150530,58,14,5426,1999,0.0,12604.0,0.508464,0.324706,CYP,AUS,120999
6150531,61,14,5426,1999,12767.0,24735.0,2.334811,-2.060502,DEU,AUS,120999
6150532,64,14,5426,1999,177394.0,2958.0,1.264405,1.469627,DNK,AUS,120999
6150533,67,14,5426,1999,0.0,1102.0,-0.8875299999999999,-0.9117879999999999,ECU,AUS,120999
6150534,68,14,5426,1999,5405.0,413624.0,-0.311879,0.300746,EGY,AUS,120999
6150535,71,14,5426,1999,0.0,187917.0,1.0849209999999998,1.9351180000000001,ESP,AUS,120999
6150536,72,14,5426,1999,0.0,684.0,0.502979,0.8847440000000001,EST,AUS,120999
6150537,76,14,5426,1999,0.0,1305.0,0.9361450000000001,-0.578892,FLK,AUS,120999
6150538,77,14,5426,1999,262695.0,5923.0,1.72758,0.6619079999999999,FRA,AUS,120999
6150539,80,14,5426,1999,0.0,4653.0,-1.068733,-1.178405,GAB,AUS,120999
6150540,81,14,5426,1999,27095.0,34199.0,1.9523830000000002,0.771455,GBR,AUS,120999
6150541,83,14,5426,1999,0.0,864.0,-0.9444520000000001,-0.905826,GHA,AUS,120999
6150542,90,14,5426,1999,0.0,845.0,0.24943600000000002,1.172467,GRC,AUS,120999
6150543,97,14,5426,1999,14921.0,142223.0,0.387427,2.402434,HKG,AUS,120999
6150544,99,14,5426,1999,47271.0,0.0,-0.8858290000000001,-0.530034,HND,AUS,120999
6150545,103,14,5426,1999,2230.0,67396.0,-0.20447,1.568505,IDN,AUS,120999
6150546,104,14,5426,1999,13491.0,17103.0,0.29945900000000003,2.438702,IND,AUS,120999
6150547,107,14,5426,1999,19231.0,0.0,-0.9366620000000001,-1.147602,IRN,AUS,120999
6150548,110,14,5426,1999,147880.0,20448.0,1.342593,0.781931,ISR,AUS,120999
6150549,111,14,5426,1999,6594.0,180224.0,1.395253,1.3589790000000002,ITA,AUS,120999
6150550,114,14,5426,1999,76176.0,304449.0,2.541382,0.693702,JPN,AUS,120999
6150551,118,14,5426,1999,0.0,14827.0,-1.5727360000000001,-1.2731629999999998,KHM,AUS,120999
6150552,121,14,5426,1999,0.0,211757.0,0.92448,1.053988,KOR,AUS,120999
6150553,122,14,5426,1999,0.0,13028.0,0.028312999999999998,-1.0742770000000001,KWT,AUS,120999
6150554,123,14,5426,1999,0.0,7984.0,-1.429411,-1.243248,LAO,AUS,120999
6150555,124,14,5426,1999,0.0,24200.0,0.264151,0.767188,LBN,AUS,120999
6150556,127,14,5426,1999,0.0,11511.0,-0.129026,-0.630046,LCA,AUS,120999
6150557,128,14,5426,1999,0.0,1059.0,-0.8875649999999999,-0.059249,LKA,AUS,120999
6150558,136,14,5426,1999,6139.0,1974.0,-1.186653,-0.5059279999999999,MDG,AUS,120999
6150559,137,14,5426,1999,0.0,1262.0,-0.83783,-0.941734,MDV,AUS,120999
6150560,138,14,5426,1999,1838.0,5085.0,0.581034,0.8399760000000001,MEX,AUS,120999
6150561,151,14,5426,1999,3400.0,0.0,-0.5713729999999999,-0.696416,MUS,AUS,120999
6150562,153,14,5426,1999,7171.0,14557.0,0.500591,0.136149,MYS,AUS,120999
6150563,156,14,5426,1999,0.0,7360.0,-0.079579,-0.777079,NCL,AUS,120999
6150564,158,14,5426,1999,141728.0,0.0,1.1976440000000002,-0.623572,NFK,AUS,120999
6150565,162,14,5426,1999,145712.0,232299.0,1.308776,1.574293,NLD,AUS,120999
6150566,166,14,5426,1999,518494.0,436294.0,0.592051,0.780176,NZL,AUS,120999
6150567,168,14,5426,1999,0.0,454976.0,-1.047891,-0.525612,PAK,AUS,120999
6150568,174,14,5426,1999,0.0,13634.0,-0.401903,-0.333408,PHL,AUS,120999
6150569,176,14,5426,1999,1391.0,4954.0,-1.850785,-1.256969,PNG,AUS,120999
6150570,179,14,5426,1999,0.0,32774.0,0.420538,1.379359,PRT,AUS,120999
6150571,180,14,5426,1999,0.0,3041.0,-0.541387,-0.863967,PRY,AUS,120999
6150572,182,14,5426,1999,0.0,920.0,0.281327,-0.624142,PYF,AUS,120999
6150573,183,14,5426,1999,0.0,2163.0,-0.593308,-1.18811,QAT,AUS,120999
6150574,188,14,5426,1999,0.0,22959.0,0.553028,-0.527401,SAU,AUS,120999
6150575,190,14,5426,1999,0.0,3439.0,-1.321619,-1.162911,SDN,AUS,120999
6150576,192,14,5426,1999,0.0,238494.0,1.355833,0.594305,SGP,AUS,120999
6150577,195,14,5426,1999,0.0,2041.0,-1.9334959999999999,-0.9984879999999999,SLB,AUS,120999
6150578,212,14,5426,1999,0.0,25111.0,-0.996784,-0.6344069999999999,SYR,AUS,120999
6150579,216,14,5426,1999,25548.0,186624.0,0.20451,1.513533,THA,AUS,120999
6150580,221,14,5426,1999,0.0,4976.0,-1.001524,-0.897582,TON,AUS,120999
6150581,224,14,5426,1999,0.0,21152.0,0.044692,1.745755,TUR,AUS,120999
6150582,230,14,5426,1999,0.0,41236.0,0.26815700000000003,0.307394,URY,AUS,120999
6150583,231,14,5426,1999,1468141.0,92332.0,1.8755119999999998,0.5350729999999999,USA,AUS,120999
6150584,239,14,5426,1999,3823.0,29442.0,-0.9824940000000001,0.115755,VNM,AUS,120999
6150585,246,14,5426,1999,31485.0,164750.0,0.543171,1.432792,ZAF,AUS,120999
6150586,249,14,5426,1999,67951.0,46814.0,1.336816,1.725334,TWN,AUS,120999
6150587,250,14,5426,1999,1654.0,2858.0,1.130511,0.9547379999999999,ANS,AUS,120999
6150588,81,16,5426,1999,1187.0,0.0,1.9523830000000002,0.771455,GBR,AZE,120999
6150589,107,16,5426,1999,2779.0,0.0,-0.9366620000000001,-1.147602,IRN,AZE,120999
6150590,130,16,5426,1999,1874.0,0.0,0.197536,0.5041899999999999,LTU,AZE,120999
6150591,224,16,5426,1999,38462.0,0.0,0.044692,1.745755,TUR,AZE,120999
6150592,231,16,5426,1999,0.0,7013.0,1.8755119999999998,0.5350729999999999,USA,AZE,120999
6150593,61,28,5426,1999,30244.0,0.0,2.334811,-2.060502,DEU,BLR,120999
6150594,124,28,5426,1999,0.0,40434.0,0.264151,0.767188,LBN,BLR,120999
6150595,135,28,5426,1999,22065.0,0.0,-0.16408,-0.08062000000000001,MDA,BLR,120999
6150596,162,28,5426,1999,16366.0,0.0,1.308776,1.574293,NLD,BLR,120999
6150597,177,28,5426,1999,7691.0,0.0,0.8512700000000001,1.8975229999999998,POL,BLR,120999
6150598,186,28,5426,1999,44052.0,0.0,0.903308,0.590858,RUS,BLR,120999
6150599,208,28,5426,1999,2809.0,60060.0,2.1456720000000002,0.856556,SWE,BLR,120999
6150600,228,28,5426,1999,3145.0,0.0,0.6242270000000001,0.742258,UKR,BLR,120999
6150601,231,28,5426,1999,4517.0,0.0,1.8755119999999998,0.5350729999999999,USA,BLR,120999
6150602,2,32,5426,1999,0.0,2465.0,-1.383262,-1.20434,AGO,BRA,120999
6150603,8,32,5426,1999,0.0,115604.0,0.49933500000000003,0.593879,ARG,BRA,120999
6150604,14,32,5426,1999,6941.0,4441.0,0.357101,0.8857879999999999,AUS,BRA,120999
6150605,19,32,5426,1999,8408.0,0.0,-1.033831,-0.858941,BEN,BRA,120999
6150606,31,32,5426,1999,4107.0,12410.0,-0.398285,-0.6362,BOL,BRA,120999
6150607,42,32,5426,1999,783659.0,17729.0,0.041013,-0.111553,CHL,BRA,120999
6150608,49,32,5426,1999,2054.0,8869.0,0.190667,0.136271,COL,BRA,120999
6150609,52,32,5426,1999,0.0,4838.0,-0.310033,-0.299529,CRI,BRA,120999
6150610,61,32,5426,1999,1036.0,2373.0,2.334811,-2.060502,DEU,BRA,120999
6150611,64,32,5426,1999,81747.0,1199.0,1.264405,1.469627,DNK,BRA,120999
6150612,65,32,5426,1999,5147.0,0.0,-0.60436,-0.674701,DOM,BRA,120999
6150613,67,32,5426,1999,0.0,2530.0,-0.8875299999999999,-0.9117879999999999,ECU,BRA,120999
6150614,71,32,5426,1999,223307.0,2040.0,1.0849209999999998,1.9351180000000001,ESP,BRA,120999
6150615,75,32,5426,1999,0.0,1497.0,-1.101748,-0.847409,FJI,BRA,120999
6150616,77,32,5426,1999,48388.0,8596.0,1.72758,0.6619079999999999,FRA,BRA,120999
6150617,81,32,5426,1999,0.0,4302.0,1.9523830000000002,0.771455,GBR,BRA,120999
6150618,83,32,5426,1999,40436.0,0.0,-0.9444520000000001,-0.905826,GHA,BRA,120999
6150619,93,32,5426,1999,0.0,15677.0,-0.459323,0.210247,GTM,BRA,120999
6150620,97,32,5426,1999,0.0,22789.0,0.387427,2.402434,HKG,BRA,120999
6150621,99,32,5426,1999,5655.0,4752.0,-0.8858290000000001,-0.530034,HND,BRA,120999
6150622,111,32,5426,1999,13740.0,8113.0,1.395253,1.3589790000000002,ITA,BRA,120999
6150623,114,32,5426,1999,26920.0,11473.0,2.541382,0.693702,JPN,BRA,120999
6150624,124,32,5426,1999,4953.0,0.0,0.264151,0.767188,LBN,BRA,120999
6150625,138,32,5426,1999,0.0,3213.0,0.581034,0.8399760000000001,MEX,BRA,120999
6150626,162,32,5426,1999,731734.0,334985.0,1.308776,1.574293,NLD,BRA,120999
6150627,169,32,5426,1999,0.0,9390.0,0.126144,0.491986,PAN,BRA,120999
6150628,173,32,5426,1999,95105.0,0.0,-0.367489,0.11813399999999999,PER,BRA,120999
6150629,174,32,5426,1999,0.0,3081.0,-0.401903,-0.333408,PHL,BRA,120999
6150630,177,32,5426,1999,0.0,20377.0,0.8512700000000001,1.8975229999999998,POL,BRA,120999
6150631,180,32,5426,1999,0.0,39724.0,-0.541387,-0.863967,PRY,BRA,120999
6150632,216,32,5426,1999,0.0,15456.0,0.20451,1.513533,THA,BRA,120999
6150633,224,32,5426,1999,0.0,8899.0,0.044692,1.745755,TUR,BRA,120999
6150634,230,32,5426,1999,0.0,3150.0,0.26815700000000003,0.307394,URY,BRA,120999
6150635,231,32,5426,1999,1509600.0,469453.0,1.8755119999999998,0.5350729999999999,USA,BRA,120999
6150636,236,32,5426,1999,0.0,535988.0,0.16454100000000002,-0.691021,VEN,BRA,120999
6150637,246,32,5426,1999,107842.0,10953.0,0.543171,1.432792,ZAF,BRA,120999
6150638,249,32,5426,1999,172069.0,13867.0,1.336816,1.725334,TWN,BRA,120999
6150639,250,32,5426,1999,115182.0,1184.0,1.130511,0.9547379999999999,ANS,BRA,120999
6150640,14,39,5426,1999,20787.0,59492.0,0.357101,0.8857879999999999,AUS,CAN,120999
6150641,15,39,5426,1999,0.0,794.0,1.836804,0.744312,AUT,CAN,120999
6150642,18,39,5426,1999,26408.0,3158.0,1.512061,1.253478,BEL,CAN,120999
6150643,23,39,5426,1999,0.0,15714.0,0.311033,1.7375040000000002,BGR,CAN,120999
6150644,42,39,5426,1999,8134.0,0.0,0.041013,-0.111553,CHL,CAN,120999
6150645,43,39,5426,1999,50558.0,0.0,0.386094,3.270089,CHN,CAN,120999
6150646,52,39,5426,1999,1242.0,0.0,-0.310033,-0.299529,CRI,CAN,120999
6150647,59,39,5426,1999,0.0,5362.0,1.412439,1.329385,CZE,CAN,120999
6150648,61,39,5426,1999,28094.0,0.0,2.334811,-2.060502,DEU,CAN,120999
6150649,64,39,5426,1999,105339.0,0.0,1.264405,1.469627,DNK,CAN,120999
6150650,68,39,5426,1999,9962.0,0.0,-0.311879,0.300746,EGY,CAN,120999
6150651,73,39,5426,1999,75102.0,0.0,-1.18759,-1.111391,ETH,CAN,120999
6150652,74,39,5426,1999,0.0,1666.0,2.095642,0.966282,FIN,CAN,120999
6150653,77,39,5426,1999,51454.0,0.0,1.72758,0.6619079999999999,FRA,CAN,120999
6150654,81,39,5426,1999,82407.0,108024.0,1.9523830000000002,0.771455,GBR,CAN,120999
6150655,97,39,5426,1999,16908.0,0.0,0.387427,2.402434,HKG,CAN,120999
6150656,102,39,5426,1999,100346.0,0.0,0.794675,1.308337,HUN,CAN,120999
6150657,104,39,5426,1999,18744.0,0.0,0.29945900000000003,2.438702,IND,CAN,120999
6150658,107,39,5426,1999,58768.0,0.0,-0.9366620000000001,-1.147602,IRN,CAN,120999
6150659,109,39,5426,1999,2800.0,0.0,0.377701,-0.355798,ISL,CAN,120999
6150660,110,39,5426,1999,2532.0,0.0,1.342593,0.781931,ISR,CAN,120999
6150661,111,39,5426,1999,67951.0,0.0,1.395253,1.3589790000000002,ITA,CAN,120999
6150662,114,39,5426,1999,0.0,125600.0,2.541382,0.693702,JPN,CAN,120999
6150663,121,39,5426,1999,0.0,8015.0,0.92448,1.053988,KOR,CAN,120999
6150664,128,39,5426,1999,1306.0,0.0,-0.8875649999999999,-0.059249,LKA,CAN,120999
6150665,138,39,5426,1999,12197.0,3021.0,0.581034,0.8399760000000001,MEX,CAN,120999
6150666,143,39,5426,1999,122388.0,0.0,-1.4991299999999999,-0.984557,MMR,CAN,120999
6150667,162,39,5426,1999,615282.0,11358.0,1.308776,1.574293,NLD,CAN,120999
6150668,163,39,5426,1999,0.0,2426.0,1.1012959999999998,0.240184,NOR,CAN,120999
6150669,166,39,5426,1999,133470.0,216346.0,0.592051,0.780176,NZL,CAN,120999
6150670,186,39,5426,1999,0.0,84318.0,0.903308,0.590858,RUS,CAN,120999
6150671,192,39,5426,1999,0.0,1179.0,1.355833,0.594305,SGP,CAN,120999
6150672,208,39,5426,1999,0.0,38884.0,2.1456720000000002,0.856556,SWE,CAN,120999
6150673,216,39,5426,1999,10050.0,0.0,0.20451,1.513533,THA,CAN,120999
6150674,231,39,5426,1999,2449132.0,216726.0,1.8755119999999998,0.5350729999999999,USA,CAN,120999
6150675,246,39,5426,1999,0.0,23223.0,0.543171,1.432792,ZAF,CAN,120999
6150676,249,39,5426,1999,27499.0,0.0,1.336816,1.725334,TWN,CAN,120999
6150677,250,39,5426,1999,8996.0,0.0,1.130511,0.9547379999999999,ANS,CAN,120999
6150678,8,42,5426,1999,0.0,71624.0,0.49933500000000003,0.593879,ARG,CHL,120999
6150679,14,42,5426,1999,24822.0,0.0,0.357101,0.8857879999999999,AUS,CHL,120999
6150680,31,42,5426,1999,0.0,3688.0,-0.398285,-0.6362,BOL,CHL,120999
6150681,32,42,5426,1999,17729.0,783659.0,0.762468,1.191759,BRA,CHL,120999
6150682,39,42,5426,1999,0.0,8134.0,1.083572,1.08026,CAN,CHL,120999
6150683,49,42,5426,1999,0.0,9534.0,0.190667,0.136271,COL,CHL,120999
6150684,58,42,5426,1999,0.0,824.0,0.508464,0.324706,CYP,CHL,120999
6150685,64,42,5426,1999,3457.0,28304.0,1.264405,1.469627,DNK,CHL,120999
6150686,67,42,5426,1999,54693.0,29273.0,-0.8875299999999999,-0.9117879999999999,ECU,CHL,120999
6150687,68,42,5426,1999,0.0,270452.0,-0.311879,0.300746,EGY,CHL,120999
6150688,71,42,5426,1999,46190.0,58730.0,1.0849209999999998,1.9351180000000001,ESP,CHL,120999
6150689,77,42,5426,1999,82187.0,300336.0,1.72758,0.6619079999999999,FRA,CHL,120999
6150690,81,42,5426,1999,0.0,55493.0,1.9523830000000002,0.771455,GBR,CHL,120999
6150691,110,42,5426,1999,13363.0,0.0,1.342593,0.781931,ISR,CHL,120999
6150692,111,42,5426,1999,15363.0,0.0,1.395253,1.3589790000000002,ITA,CHL,120999
6150693,114,42,5426,1999,0.0,132000.0,2.541382,0.693702,JPN,CHL,120999
6150694,138,42,5426,1999,0.0,291788.0,0.581034,0.8399760000000001,MEX,CHL,120999
6150695,162,42,5426,1999,7498.0,440866.0,1.308776,1.574293,NLD,CHL,120999
6150696,166,42,5426,1999,35735.0,0.0,0.592051,0.780176,NZL,CHL,120999
6150697,173,42,5426,1999,726240.0,42179.0,-0.367489,0.11813399999999999,PER,CHL,120999
6150698,180,42,5426,1999,0.0,12505.0,-0.541387,-0.863967,PRY,CHL,120999
6150699,216,42,5426,1999,2199.0,0.0,0.20451,1.513533,THA,CHL,120999
6150700,230,42,5426,1999,0.0,23066.0,0.26815700000000003,0.307394,URY,CHL,120999
6150701,231,42,5426,1999,297461.0,4551118.0,1.8755119999999998,0.5350729999999999,USA,CHL,120999
6150702,236,42,5426,1999,0.0,108222.0,0.16454100000000002,-0.691021,VEN,CHL,120999
6150703,246,42,5426,1999,878.0,54010.0,0.543171,1.432792,ZAF,CHL,120999
6150704,249,42,5426,1999,88536.0,0.0,1.336816,1.725334,TWN,CHL,120999
6150705,250,42,5426,1999,6269.0,0.0,1.130511,0.9547379999999999,ANS,CHL,120999
6150706,15,59,5426,1999,7295.0,199595.0,1.836804,0.744312,AUT,CZE,120999
6150707,39,59,5426,1999,5362.0,0.0,1.083572,1.08026,CAN,CZE,120999
6150708,41,59,5426,1999,3334.0,0.0,2.189934,0.741428,CHE,CZE,120999
6150709,43,59,5426,1999,19928.0,0.0,0.386094,3.270089,CHN,CZE,120999
6150710,61,59,5426,1999,57671.0,16648.0,2.334811,-2.060502,DEU,CZE,120999
6150711,64,59,5426,1999,13577.0,1891.0,1.264405,1.469627,DNK,CZE,120999
6150712,68,59,5426,1999,0.0,229370.0,-0.311879,0.300746,EGY,CZE,120999
6150713,77,59,5426,1999,77755.0,6953.0,1.72758,0.6619079999999999,FRA,CZE,120999
6150714,81,59,5426,1999,6717.0,12962.0,1.9523830000000002,0.771455,GBR,CZE,120999
6150715,82,59,5426,1999,80314.0,0.0,0.50297,0.042010000000000006,GEO,CZE,120999
6150716,102,59,5426,1999,21684.0,0.0,0.794675,1.308337,HUN,CZE,120999
6150717,111,59,5426,1999,18628.0,0.0,1.395253,1.3589790000000002,ITA,CZE,120999
6150718,121,59,5426,1999,0.0,6456.0,0.92448,1.053988,KOR,CZE,120999
6150719,132,59,5426,1999,0.0,7541.0,0.20633600000000002,0.324171,LVA,CZE,120999
6150720,142,59,5426,1999,3476.0,0.0,0.9998450000000001,0.009412,MLT,CZE,120999
6150721,162,59,5426,1999,34840.0,40148.0,1.308776,1.574293,NLD,CZE,120999
6150722,177,59,5426,1999,17775.0,51238.0,0.8512700000000001,1.8975229999999998,POL,CZE,120999
6150723,186,59,5426,1999,0.0,1273.0,0.903308,0.590858,RUS,CZE,120999
6150724,191,59,5426,1999,0.0,3094.0,-0.472473,-0.462562,SEN,CZE,120999
6150725,206,59,5426,1999,291641.0,192954.0,1.133942,1.105742,SVK,CZE,120999
6150726,207,59,5426,1999,1643.0,0.0,1.447589,1.284414,SVN,CZE,120999
6150727,216,59,5426,1999,4492.0,0.0,0.20451,1.513533,THA,CZE,120999
6150728,228,59,5426,1999,0.0,2399.0,0.6242270000000001,0.742258,UKR,CZE,120999
6150729,231,59,5426,1999,12710.0,1901.0,1.8755119999999998,0.5350729999999999,USA,CZE,120999
6150730,43,66,5426,1999,5747.0,0.0,0.386094,3.270089,CHN,DZA,120999
6150731,64,66,5426,1999,7008.0,0.0,1.264405,1.469627,DNK,DZA,120999
6150732,71,66,5426,1999,108171.0,0.0,1.0849209999999998,1.9351180000000001,ESP,DZA,120999
6150733,77,66,5426,1999,238161.0,0.0,1.72758,0.6619079999999999,FRA,DZA,120999
6150734,111,66,5426,1999,16954.0,0.0,1.395253,1.3589790000000002,ITA,DZA,120999
6150735,162,66,5426,1999,287095.0,0.0,1.308776,1.574293,NLD,DZA,120999
6150736,216,66,5426,1999,14995.0,0.0,0.20451,1.513533,THA,DZA,120999
6150737,231,66,5426,1999,476307.0,0.0,1.8755119999999998,0.5350729999999999,USA,DZA,120999
6150738,7,68,5426,1999,0.0,416724.0,-0.21921,-0.54813,ARE,EGY,120999
6150739,14,68,5426,1999,413624.0,5405.0,0.357101,0.8857879999999999,AUS,EGY,120999
6150740,39,68,5426,1999,0.0,9962.0,1.083572,1.08026,CAN,EGY,120999
6150741,42,68,5426,1999,270452.0,0.0,0.041013,-0.111553,CHL,EGY,120999
6150742,43,68,5426,1999,482003.0,0.0,0.386094,3.270089,CHN,EGY,120999
6150743,58,68,5426,1999,0.0,1255.0,0.508464,0.324706,CYP,EGY,120999
6150744,59,68,5426,1999,229370.0,0.0,1.412439,1.329385,CZE,EGY,120999
6150745,61,68,5426,1999,46719.0,6795.0,2.334811,-2.060502,DEU,EGY,120999
6150746,71,68,5426,1999,16269.0,0.0,1.0849209999999998,1.9351180000000001,ESP,EGY,120999
6150747,72,68,5426,1999,1459.0,0.0,0.502979,0.8847440000000001,EST,EGY,120999
6150748,77,68,5426,1999,12292.0,0.0,1.72758,0.6619079999999999,FRA,EGY,120999
6150749,104,68,5426,1999,100493.0,0.0,0.29945900000000003,2.438702,IND,EGY,120999
6150750,110,68,5426,1999,28853.0,1549.0,1.342593,0.781931,ISR,EGY,120999
6150751,111,68,5426,1999,15877.0,0.0,1.395253,1.3589790000000002,ITA,EGY,120999
6150752,113,68,5426,1999,0.0,6817.0,0.475995,0.514447,JOR,EGY,120999
6150753,114,68,5426,1999,120888.0,0.0,2.541382,0.693702,JPN,EGY,120999
6150754,122,68,5426,1999,0.0,3429.0,0.028312999999999998,-1.0742770000000001,KWT,EGY,120999
6150755,124,68,5426,1999,0.0,144449.0,0.264151,0.767188,LBN,EGY,120999
6150756,134,68,5426,1999,44597.0,0.0,-0.659053,-0.142104,MAR,EGY,120999
6150757,162,68,5426,1999,9459.0,2092.0,1.308776,1.574293,NLD,EGY,120999
6150758,168,68,5426,1999,0.0,332532.0,-1.047891,-0.525612,PAK,EGY,120999
6150759,188,68,5426,1999,164795.0,149744.0,0.553028,-0.527401,SAU,EGY,120999
6150760,208,68,5426,1999,15067.0,0.0,2.1456720000000002,0.856556,SWE,EGY,120999
6150761,212,68,5426,1999,41983.0,11973.0,-0.996784,-0.6344069999999999,SYR,EGY,120999
6150762,224,68,5426,1999,326133.0,0.0,0.044692,1.745755,TUR,EGY,120999
6150763,231,68,5426,1999,253308.0,110065.0,1.8755119999999998,0.5350729999999999,USA,EGY,120999
6150764,243,68,5426,1999,0.0,10691.0,-1.746447,-1.296571,YEM,EGY,120999
6150765,246,68,5426,1999,82320.0,0.0,0.543171,1.432792,ZAF,EGY,120999
6150766,250,68,5426,1999,0.0,23990.0,1.130511,0.9547379999999999,ANS,EGY,120999
6150767,14,83,5426,1999,864.0,0.0,0.357101,0.8857879999999999,AUS,GHA,120999
6150768,18,83,5426,1999,0.0,341547.0,1.512061,1.253478,BEL,GHA,120999
6150769,32,83,5426,1999,0.0,40436.0,0.762468,1.191759,BRA,GHA,120999
6150770,41,83,5426,1999,0.0,528.0,2.189934,0.741428,CHE,GHA,120999
6150771,71,83,5426,1999,0.0,21052.0,1.0849209999999998,1.9351180000000001,ESP,GHA,120999
6150772,77,83,5426,1999,3195.0,43923.0,1.72758,0.6619079999999999,FRA,GHA,120999
6150773,81,83,5426,1999,0.0,1114.0,1.9523830000000002,0.771455,GBR,GHA,120999
6150774,104,83,5426,1999,3525.0,0.0,0.29945900000000003,2.438702,IND,GHA,120999
6150775,110,83,5426,1999,11296.0,0.0,1.342593,0.781931,ISR,GHA,120999
6150776,111,83,5426,1999,3299.0,1691.0,1.395253,1.3589790000000002,ITA,GHA,120999
6150777,162,83,5426,1999,12096.0,11763.0,1.308776,1.574293,NLD,GHA,120999
6150778,166,83,5426,1999,0.0,5016.0,0.592051,0.780176,NZL,GHA,120999
6150779,231,83,5426,1999,4241.0,30024.0,1.8755119999999998,0.5350729999999999,USA,GHA,120999
6150780,246,83,5426,1999,16764.0,0.0,0.543171,1.432792,ZAF,GHA,120999
6150781,15,100,5426,1999,55001.0,18411.0,1.836804,0.744312,AUT,HRV,120999
6150782,61,100,5426,1999,23591.0,0.0,2.334811,-2.060502,DEU,HRV,120999
6150783,77,100,5426,1999,3323.0,0.0,1.72758,0.6619079999999999,FRA,HRV,120999
6150784,102,100,5426,1999,3081.0,0.0,0.794675,1.308337,HUN,HRV,120999
6150785,111,100,5426,1999,528236.0,0.0,1.395253,1.3589790000000002,ITA,HRV,120999
6150786,162,100,5426,1999,6434.0,0.0,1.308776,1.574293,NLD,HRV,120999
6150787,207,100,5426,1999,29135.0,0.0,1.447589,1.284414,SVN,HRV,120999
6150788,231,100,5426,1999,582.0,0.0,1.8755119999999998,0.5350729999999999,USA,HRV,120999
6150789,15,102,5426,1999,60437.0,671552.0,1.836804,0.744312,AUT,HUN,120999
6150790,18,102,5426,1999,0.0,133940.0,1.512061,1.253478,BEL,HUN,120999
6150791,26,102,5426,1999,0.0,11141.0,0.366494,0.298229,BIH,HUN,120999
6150792,39,102,5426,1999,0.0,100346.0,1.083572,1.08026,CAN,HUN,120999
6150793,59,102,5426,1999,0.0,21684.0,1.412439,1.329385,CZE,HUN,120999
6150794,61,102,5426,1999,42205.0,231530.0,2.334811,-2.060502,DEU,HUN,120999
6150795,64,102,5426,1999,18590.0,19167.0,1.264405,1.469627,DNK,HUN,120999
6150796,71,102,5426,1999,0.0,6204.0,1.0849209999999998,1.9351180000000001,ESP,HUN,120999
6150797,74,102,5426,1999,0.0,1131.0,2.095642,0.966282,FIN,HUN,120999
6150798,77,102,5426,1999,143540.0,45550.0,1.72758,0.6619079999999999,FRA,HUN,120999
6150799,81,102,5426,1999,0.0,29627.0,1.9523830000000002,0.771455,GBR,HUN,120999
6150800,90,102,5426,1999,0.0,1842.0,0.24943600000000002,1.172467,GRC,HUN,120999
6150801,100,102,5426,1999,0.0,3081.0,0.572934,0.9873639999999999,HRV,HUN,120999
6150802,110,102,5426,1999,16127.0,0.0,1.342593,0.781931,ISR,HUN,120999
6150803,111,102,5426,1999,38016.0,31422.0,1.395253,1.3589790000000002,ITA,HUN,120999
6150804,113,102,5426,1999,0.0,2167.0,0.475995,0.514447,JOR,HUN,120999
6150805,162,102,5426,1999,568136.0,221268.0,1.308776,1.574293,NLD,HUN,120999
6150806,177,102,5426,1999,1949.0,1946.0,0.8512700000000001,1.8975229999999998,POL,HUN,120999
6150807,185,102,5426,1999,92583.0,5252.0,0.253874,0.8322709999999999,ROU,HUN,120999
6150808,189,102,5426,1999,0.0,57554.0,0.607596,2.222456,SCG,HUN,120999
6150809,206,102,5426,1999,9455.0,97887.0,1.133942,1.105742,SVK,HUN,120999
6150810,207,102,5426,1999,2173.0,5802.0,1.447589,1.284414,SVN,HUN,120999
6150811,208,102,5426,1999,0.0,956.0,2.1456720000000002,0.856556,SWE,HUN,120999
6150812,216,102,5426,1999,4562.0,0.0,0.20451,1.513533,THA,HUN,120999
6150813,224,102,5426,1999,1727.0,0.0,0.044692,1.745755,TUR,HUN,120999
6150814,228,102,5426,1999,0.0,911.0,0.6242270000000001,0.742258,UKR,HUN,120999
6150815,231,102,5426,1999,73460.0,52899.0,1.8755119999999998,0.5350729999999999,USA,HUN,120999
6150816,246,102,5426,1999,0.0,3746.0,0.543171,1.432792,ZAF,HUN,120999
6150817,1,104,5426,1999,3886.0,5472.0,-0.28520500000000004,-0.635241,AFG,IND,120999
6150818,7,104,5426,1999,0.0,8608.0,-0.21921,-0.54813,ARE,IND,120999
6150819,8,104,5426,1999,0.0,5219.0,0.49933500000000003,0.593879,ARG,IND,120999
6150820,14,104,5426,1999,17103.0,13491.0,0.357101,0.8857879999999999,AUS,IND,120999
6150821,15,104,5426,1999,0.0,1833.0,1.836804,0.744312,AUT,IND,120999
6150822,18,104,5426,1999,12115.0,0.0,1.512061,1.253478,BEL,IND,120999
6150823,21,104,5426,1999,0.0,5445.0,-0.386471,-0.7413109999999999,BFA,IND,120999
6150824,22,104,5426,1999,0.0,1207326.0,-1.258857,-1.140375,BGD,IND,120999
6150825,24,104,5426,1999,0.0,4106.0,-0.034526,-0.8887200000000001,BHR,IND,120999
6150826,35,104,5426,1999,552.0,844.0,-0.089814,-0.630333,BTN,IND,120999
6150827,39,104,5426,1999,0.0,18744.0,1.083572,1.08026,CAN,IND,120999
6150828,43,104,5426,1999,184636.0,71124.0,0.386094,3.270089,CHN,IND,120999
6150829,61,104,5426,1999,0.0,31788.0,2.334811,-2.060502,DEU,IND,120999
6150830,64,104,5426,1999,22927.0,10511.0,1.264405,1.469627,DNK,IND,120999
6150831,68,104,5426,1999,0.0,100493.0,-0.311879,0.300746,EGY,IND,120999
6150832,71,104,5426,1999,0.0,26663.0,1.0849209999999998,1.9351180000000001,ESP,IND,120999
6150833,77,104,5426,1999,44319.0,172225.0,1.72758,0.6619079999999999,FRA,IND,120999
6150834,81,104,5426,1999,25457.0,112354.0,1.9523830000000002,0.771455,GBR,IND,120999
6150835,83,104,5426,1999,0.0,3525.0,-0.9444520000000001,-0.905826,GHA,IND,120999
6150836,97,104,5426,1999,4818.0,18492.0,0.387427,2.402434,HKG,IND,120999
6150837,103,104,5426,1999,0.0,117955.0,-0.20447,1.568505,IDN,IND,120999
6150838,107,104,5426,1999,0.0,39959.0,-0.9366620000000001,-1.147602,IRN,IND,120999
6150839,110,104,5426,1999,0.0,9486.0,1.342593,0.781931,ISR,IND,120999
6150840,111,104,5426,1999,13797.0,588271.0,1.395253,1.3589790000000002,ITA,IND,120999
6150841,114,104,5426,1999,91932.0,339807.0,2.541382,0.693702,JPN,IND,120999
6150842,116,104,5426,1999,0.0,8444.0,-0.336125,0.43983999999999995,KEN,IND,120999
6150843,121,104,5426,1999,250167.0,4135.0,0.92448,1.053988,KOR,IND,120999
6150844,122,104,5426,1999,0.0,1510.0,0.028312999999999998,-1.0742770000000001,KWT,IND,120999
6150845,128,104,5426,1999,0.0,40817.0,-0.8875649999999999,-0.059249,LKA,IND,120999
6150846,133,104,5426,1999,0.0,410.0,-0.365239,-0.380913,MAC,IND,120999
6150847,137,104,5426,1999,0.0,1575.0,-0.83783,-0.941734,MDV,IND,120999
6150848,138,104,5426,1999,0.0,1457.0,0.581034,0.8399760000000001,MEX,IND,120999
6150849,143,104,5426,1999,0.0,78454.0,-1.4991299999999999,-0.984557,MMR,IND,120999
6150850,151,104,5426,1999,0.0,3852.0,-0.5713729999999999,-0.696416,MUS,IND,120999
6150851,153,104,5426,1999,0.0,100098.0,0.500591,0.136149,MYS,IND,120999
6150852,162,104,5426,1999,22455.0,426276.0,1.308776,1.574293,NLD,IND,120999
6150853,164,104,5426,1999,28380.0,1751.0,-0.421433,0.24781799999999998,NPL,IND,120999
6150854,166,104,5426,1999,0.0,5575.0,0.592051,0.780176,NZL,IND,120999
6150855,167,104,5426,1999,0.0,42124.0,-0.6801510000000001,-1.146403,OMN,IND,120999
6150856,168,104,5426,1999,0.0,49486.0,-1.047891,-0.525612,PAK,IND,120999
6150857,174,104,5426,1999,0.0,103402.0,-0.401903,-0.333408,PHL,IND,120999
6150858,183,104,5426,1999,0.0,11052.0,-0.593308,-1.18811,QAT,IND,120999
6150859,186,104,5426,1999,0.0,27192.0,0.903308,0.590858,RUS,IND,120999
6150860,188,104,5426,1999,0.0,17608.0,0.553028,-0.527401,SAU,IND,120999
6150861,192,104,5426,1999,0.0,91545.0,1.355833,0.594305,SGP,IND,120999
6150862,207,104,5426,1999,0.0,13742.0,1.447589,1.284414,SVN,IND,120999
6150863,215,104,5426,1999,0.0,2955.0,-0.583782,-0.6632279999999999,TGO,IND,120999
6150864,216,104,5426,1999,107552.0,101808.0,0.20451,1.513533,THA,IND,120999
6150865,224,104,5426,1999,0.0,9446.0,0.044692,1.745755,TUR,IND,120999
6150866,226,104,5426,1999,131819.0,0.0,-1.068358,-0.54693,TZA,IND,120999
6150867,231,104,5426,1999,349161.0,492352.0,1.8755119999999998,0.5350729999999999,USA,IND,120999
6150868,236,104,5426,1999,0.0,30260.0,0.16454100000000002,-0.691021,VEN,IND,120999
6150869,243,104,5426,1999,0.0,27827.0,-1.746447,-1.296571,YEM,IND,120999
6150870,246,104,5426,1999,0.0,8473.0,0.543171,1.432792,ZAF,IND,120999
6150871,249,104,5426,1999,24329.0,231901.0,1.336816,1.725334,TWN,IND,120999
6150872,7,107,5426,1999,1317992.0,602524.0,-0.21921,-0.54813,ARE,IRN,120999
6150873,14,107,5426,1999,0.0,19231.0,0.357101,0.8857879999999999,AUS,IRN,120999
6150874,16,107,5426,1999,0.0,2779.0,-0.076295,-0.742161,AZE,IRN,120999
6150875,24,107,5426,1999,0.0,2770.0,-0.034526,-0.8887200000000001,BHR,IRN,120999
6150876,39,107,5426,1999,0.0,58768.0,1.083572,1.08026,CAN,IRN,120999
6150877,41,107,5426,1999,394324.0,0.0,2.189934,0.741428,CHE,IRN,120999
6150878,61,107,5426,1999,3328.0,0.0,2.334811,-2.060502,DEU,IRN,120999
6150879,64,107,5426,1999,50327.0,997.0,1.264405,1.469627,DNK,IRN,120999
6150880,77,107,5426,1999,52932.0,0.0,1.72758,0.6619079999999999,FRA,IRN,120999
6150881,104,107,5426,1999,39959.0,0.0,0.29945900000000003,2.438702,IND,IRN,120999
6150882,108,107,5426,1999,0.0,22229.0,-1.8954950000000002,-0.883983,IRQ,IRN,120999
6150883,111,107,5426,1999,407436.0,0.0,1.395253,1.3589790000000002,ITA,IRN,120999
6150884,113,107,5426,1999,0.0,3267.0,0.475995,0.514447,JOR,IRN,120999
6150885,114,107,5426,1999,128179.0,0.0,2.541382,0.693702,JPN,IRN,120999
6150886,122,107,5426,1999,0.0,326148.0,0.028312999999999998,-1.0742770000000001,KWT,IRN,120999
6150887,124,107,5426,1999,0.0,273944.0,0.264151,0.767188,LBN,IRN,120999
6150888,162,107,5426,1999,804204.0,0.0,1.308776,1.574293,NLD,IRN,120999
6150889,168,107,5426,1999,0.0,508832.0,-1.047891,-0.525612,PAK,IRN,120999
6150890,183,107,5426,1999,0.0,166289.0,-0.593308,-1.18811,QAT,IRN,120999
6150891,188,107,5426,1999,0.0,16690.0,0.553028,-0.527401,SAU,IRN,120999
6150892,208,107,5426,1999,0.0,28147.0,2.1456720000000002,0.856556,SWE,IRN,120999
6150893,212,107,5426,1999,0.0,279628.0,-0.996784,-0.6344069999999999,SYR,IRN,120999
6150894,224,107,5426,1999,0.0,452160.0,0.044692,1.745755,TUR,IRN,120999
6150895,232,107,5426,1999,0.0,3938.0,-0.43066499999999996,-0.767428,UZB,IRN,120999
6150896,250,107,5426,1999,0.0,1367.0,1.130511,0.9547379999999999,ANS,IRN,120999
6150897,7,113,5426,1999,0.0,11521.0,-0.21921,-0.54813,ARE,JOR,120999
6150898,64,113,5426,1999,46635.0,0.0,1.264405,1.469627,DNK,JOR,120999
6150899,68,113,5426,1999,6817.0,0.0,-0.311879,0.300746,EGY,JOR,120999
6150900,77,113,5426,1999,108665.0,0.0,1.72758,0.6619079999999999,FRA,JOR,120999
6150901,81,113,5426,1999,8357.0,0.0,1.9523830000000002,0.771455,GBR,JOR,120999
6150902,102,113,5426,1999,2167.0,0.0,0.794675,1.308337,HUN,JOR,120999
6150903,107,113,5426,1999,3267.0,0.0,-0.9366620000000001,-1.147602,IRN,JOR,120999
6150904,108,113,5426,1999,0.0,11036.0,-1.8954950000000002,-0.883983,IRQ,JOR,120999
6150905,110,113,5426,1999,525.0,2469.0,1.342593,0.781931,ISR,JOR,120999
6150906,111,113,5426,1999,29063.0,0.0,1.395253,1.3589790000000002,ITA,JOR,120999
6150907,114,113,5426,1999,8634.0,0.0,2.541382,0.693702,JPN,JOR,120999
6150908,122,113,5426,1999,0.0,9433.0,0.028312999999999998,-1.0742770000000001,KWT,JOR,120999
6150909,124,113,5426,1999,5241.0,0.0,0.264151,0.767188,LBN,JOR,120999
6150910,162,113,5426,1999,131750.0,4768.0,1.308776,1.574293,NLD,JOR,120999
6150911,231,113,5426,1999,117351.0,1900.0,1.8755119999999998,0.5350729999999999,USA,JOR,120999
6150912,246,113,5426,1999,1931.0,0.0,0.543171,1.432792,ZAF,JOR,120999
6150913,249,113,5426,1999,19173.0,0.0,1.336816,1.725334,TWN,JOR,120999
6150914,250,113,5426,1999,0.0,175575.0,1.130511,0.9547379999999999,ANS,JOR,120999
6150915,7,114,5426,1999,0.0,263061.0,-0.21921,-0.54813,ARE,JPN,120999
6150916,8,114,5426,1999,0.0,125418.0,0.49933500000000003,0.593879,ARG,JPN,120999
6150917,14,114,5426,1999,304449.0,76176.0,0.357101,0.8857879999999999,AUS,JPN,120999
6150918,18,114,5426,1999,0.0,2407.0,1.512061,1.253478,BEL,JPN,120999
6150919,22,114,5426,1999,0.0,151787.0,-1.258857,-1.140375,BGD,JPN,120999
6150920,32,114,5426,1999,11473.0,26920.0,0.762468,1.191759,BRA,JPN,120999
6150921,35,114,5426,1999,3882.0,0.0,-0.089814,-0.630333,BTN,JPN,120999
6150922,39,114,5426,1999,125600.0,0.0,1.083572,1.08026,CAN,JPN,120999
6150923,42,114,5426,1999,132000.0,0.0,0.041013,-0.111553,CHL,JPN,120999
6150924,43,114,5426,1999,1761867.0,23378.0,0.386094,3.270089,CHN,JPN,120999
6150925,52,114,5426,1999,167274.0,136724.0,-0.310033,-0.299529,CRI,JPN,120999
6150926,58,114,5426,1999,0.0,3920.0,0.508464,0.324706,CYP,JPN,120999
6150927,61,114,5426,1999,13165.0,126438.0,2.334811,-2.060502,DEU,JPN,120999
6150928,64,114,5426,1999,610115.0,4906.0,1.264405,1.469627,DNK,JPN,120999
6150929,67,114,5426,1999,0.0,2060.0,-0.8875299999999999,-0.9117879999999999,ECU,JPN,120999
6150930,68,114,5426,1999,0.0,120888.0,-0.311879,0.300746,EGY,JPN,120999
6150931,71,114,5426,1999,0.0,27982.0,1.0849209999999998,1.9351180000000001,ESP,JPN,120999
6150932,77,114,5426,1999,183859.0,51749.0,1.72758,0.6619079999999999,FRA,JPN,120999
6150933,81,114,5426,1999,179892.0,40514.0,1.9523830000000002,0.771455,GBR,JPN,120999
6150934,90,114,5426,1999,0.0,6452.0,0.24943600000000002,1.172467,GRC,JPN,120999
6150935,91,114,5426,1999,0.0,16996.0,-0.157276,-0.625791,GRD,JPN,120999
6150936,96,114,5426,1999,0.0,8786.0,-0.97619,-0.8785709999999999,GUY,JPN,120999
6150937,97,114,5426,1999,0.0,40287.0,0.387427,2.402434,HKG,JPN,120999
6150938,99,114,5426,1999,0.0,57621.0,-0.8858290000000001,-0.530034,HND,JPN,120999
6150939,103,114,5426,1999,57282.0,3790.0,-0.20447,1.568505,IDN,JPN,120999
6150940,104,114,5426,1999,339807.0,91932.0,0.29945900000000003,2.438702,IND,JPN,120999
6150941,106,114,5426,1999,0.0,53059.0,1.599613,0.37233299999999997,IRL,JPN,120999
6150942,107,114,5426,1999,0.0,128179.0,-0.9366620000000001,-1.147602,IRN,JPN,120999
6150943,110,114,5426,1999,0.0,373466.0,1.342593,0.781931,ISR,JPN,120999
6150944,111,114,5426,1999,387093.0,43917.0,1.395253,1.3589790000000002,ITA,JPN,120999
6150945,112,114,5426,1999,0.0,13770.0,-0.852468,-0.9670290000000001,JAM,JPN,120999
6150946,113,114,5426,1999,0.0,8634.0,0.475995,0.514447,JOR,JPN,120999
6150947,121,114,5426,1999,1063744.0,359962.0,0.92448,1.053988,KOR,JPN,120999
6150948,124,114,5426,1999,0.0,20889.0,0.264151,0.767188,LBN,JPN,120999
6150949,138,114,5426,1999,1415.0,48127.0,0.581034,0.8399760000000001,MEX,JPN,120999
6150950,151,114,5426,1999,0.0,22138.0,-0.5713729999999999,-0.696416,MUS,JPN,120999
6150951,156,114,5426,1999,0.0,2674.0,-0.079579,-0.777079,NCL,JPN,120999
6150952,162,114,5426,1999,289688.0,115574.0,1.308776,1.574293,NLD,JPN,120999
6150953,164,114,5426,1999,39641.0,22491.0,-0.421433,0.24781799999999998,NPL,JPN,120999
6150954,166,114,5426,1999,31732.0,138460.0,0.592051,0.780176,NZL,JPN,120999
6150955,167,114,5426,1999,0.0,10604.0,-0.6801510000000001,-1.146403,OMN,JPN,120999
6150956,168,114,5426,1999,0.0,44666.0,-1.047891,-0.525612,PAK,JPN,120999
6150957,173,114,5426,1999,4050.0,2181.0,-0.367489,0.11813399999999999,PER,JPN,120999
6150958,174,114,5426,1999,6782.0,10299.0,-0.401903,-0.333408,PHL,JPN,120999
6150959,178,114,5426,1999,0.0,4544.0,0.536814,0.980433,PRK,JPN,120999
6150960,182,114,5426,1999,0.0,3562.0,0.281327,-0.624142,PYF,JPN,120999
6150961,188,114,5426,1999,0.0,37156.0,0.553028,-0.527401,SAU,JPN,120999
6150962,192,114,5426,1999,1801.0,0.0,1.355833,0.594305,SGP,JPN,120999
6150963,216,114,5426,1999,378756.0,112302.0,0.20451,1.513533,THA,JPN,120999
6150964,222,114,5426,1999,0.0,6878.0,0.258046,-0.562956,TTO,JPN,120999
6150965,224,114,5426,1999,0.0,41689.0,0.044692,1.745755,TUR,JPN,120999
6150966,226,114,5426,1999,5664.0,0.0,-1.068358,-0.54693,TZA,JPN,120999
6150967,231,114,5426,1999,497282.0,637895.0,1.8755119999999998,0.5350729999999999,USA,JPN,120999
6150968,239,114,5426,1999,16711.0,29264.0,-0.9824940000000001,0.115755,VNM,JPN,120999
6150969,246,114,5426,1999,69525.0,148832.0,0.543171,1.432792,ZAF,JPN,120999
6150970,248,114,5426,1999,23233.0,0.0,-0.320533,-0.180527,ZWE,JPN,120999
6150971,249,114,5426,1999,709924.0,413722.0,1.336816,1.725334,TWN,JPN,120999
6150972,1,124,5426,1999,241433.0,0.0,-0.28520500000000004,-0.635241,AFG,LBN,120999
6150973,7,124,5426,1999,0.0,10452.0,-0.21921,-0.54813,ARE,LBN,120999
6150974,14,124,5426,1999,24200.0,0.0,0.357101,0.8857879999999999,AUS,LBN,120999
6150975,18,124,5426,1999,4342.0,0.0,1.512061,1.253478,BEL,LBN,120999
6150976,24,124,5426,1999,0.0,1021.0,-0.034526,-0.8887200000000001,BHR,LBN,120999
6150977,28,124,5426,1999,40434.0,0.0,0.7516579999999999,1.169072,BLR,LBN,120999
6150978,32,124,5426,1999,0.0,4953.0,0.762468,1.191759,BRA,LBN,120999
6150979,43,124,5426,1999,438240.0,0.0,0.386094,3.270089,CHN,LBN,120999
6150980,58,124,5426,1999,15078.0,0.0,0.508464,0.324706,CYP,LBN,120999
6150981,61,124,5426,1999,82441.0,0.0,2.334811,-2.060502,DEU,LBN,120999
6150982,64,124,5426,1999,8428.0,0.0,1.264405,1.469627,DNK,LBN,120999
6150983,68,124,5426,1999,144449.0,0.0,-0.311879,0.300746,EGY,LBN,120999
6150984,71,124,5426,1999,3188.0,0.0,1.0849209999999998,1.9351180000000001,ESP,LBN,120999
6150985,77,124,5426,1999,67282.0,4324.0,1.72758,0.6619079999999999,FRA,LBN,120999
6150986,90,124,5426,1999,38642.0,0.0,0.24943600000000002,1.172467,GRC,LBN,120999
6150987,106,124,5426,1999,2526.0,0.0,1.599613,0.37233299999999997,IRL,LBN,120999
6150988,107,124,5426,1999,273944.0,0.0,-0.9366620000000001,-1.147602,IRN,LBN,120999
6150989,111,124,5426,1999,91912.0,5396.0,1.395253,1.3589790000000002,ITA,LBN,120999
6150990,113,124,5426,1999,0.0,5241.0,0.475995,0.514447,JOR,LBN,120999
6150991,114,124,5426,1999,20889.0,0.0,2.541382,0.693702,JPN,LBN,120999
6150992,162,124,5426,1999,50007.0,0.0,1.308776,1.574293,NLD,LBN,120999
6150993,183,124,5426,1999,0.0,6021.0,-0.593308,-1.18811,QAT,LBN,120999
6150994,185,124,5426,1999,0.0,3807.0,0.253874,0.8322709999999999,ROU,LBN,120999
6150995,186,124,5426,1999,192842.0,1080.0,0.903308,0.590858,RUS,LBN,120999
6150996,190,124,5426,1999,120199.0,0.0,-1.321619,-1.162911,SDN,LBN,120999
6150997,212,124,5426,1999,22263.0,0.0,-0.996784,-0.6344069999999999,SYR,LBN,120999
6150998,224,124,5426,1999,2893.0,4476.0,0.044692,1.745755,TUR,LBN,120999
6150999,228,124,5426,1999,432905.0,0.0,0.6242270000000001,0.742258,UKR,LBN,120999
6151000,231,124,5426,1999,135389.0,10433.0,1.8755119999999998,0.5350729999999999,USA,LBN,120999
6151001,249,124,5426,1999,917.0,0.0,1.336816,1.725334,TWN,LBN,120999
6151002,59,132,5426,1999,7541.0,0.0,1.412439,1.329385,CZE,LVA,120999
6151003,61,132,5426,1999,32530.0,0.0,2.334811,-2.060502,DEU,LVA,120999
6151004,64,132,5426,1999,2258.0,0.0,1.264405,1.469627,DNK,LVA,120999
6151005,72,132,5426,1999,0.0,5187.0,0.502979,0.8847440000000001,EST,LVA,120999
6151006,77,132,5426,1999,3523.0,0.0,1.72758,0.6619079999999999,FRA,LVA,120999
6151007,130,132,5426,1999,806.0,17873.0,0.197536,0.5041899999999999,LTU,LVA,120999
6151008,135,132,5426,1999,0.0,560.0,-0.16408,-0.08062000000000001,MDA,LVA,120999
6151009,162,132,5426,1999,6436.0,0.0,1.308776,1.574293,NLD,LVA,120999
6151010,177,132,5426,1999,7903.0,0.0,0.8512700000000001,1.8975229999999998,POL,LVA,120999
6151011,208,132,5426,1999,1591.0,63114.0,2.1456720000000002,0.856556,SWE,LVA,120999
6151012,228,132,5426,1999,0.0,7951.0,0.6242270000000001,0.742258,UKR,LVA,120999
6151013,246,132,5426,1999,3858.0,0.0,0.543171,1.432792,ZAF,LVA,120999
6151014,77,159,5426,1999,13193.0,0.0,1.72758,0.6619079999999999,FRA,NGA,120999
6151015,81,159,5426,1999,0.0,12364.0,1.9523830000000002,0.771455,GBR,NGA,120999
6151016,162,159,5426,1999,0.0,16447.0,1.308776,1.574293,NLD,NGA,120999
6151017,188,159,5426,1999,0.0,1425.0,0.553028,-0.527401,SAU,NGA,120999
6151018,8,166,5426,1999,0.0,7087.0,0.49933500000000003,0.593879,ARG,NZL,120999
6151019,14,166,5426,1999,436294.0,518494.0,0.357101,0.8857879999999999,AUS,NZL,120999
6151020,18,166,5426,1999,0.0,15725.0,1.512061,1.253478,BEL,NZL,120999
6151021,25,166,5426,1999,0.0,3244.0,0.91869,-0.152588,BHS,NZL,120999
6151022,33,166,5426,1999,0.0,5451.0,0.878015,0.413308,BRB,NZL,120999
6151023,39,166,5426,1999,216346.0,133470.0,1.083572,1.08026,CAN,NZL,120999
6151024,41,166,5426,1999,991.0,0.0,2.189934,0.741428,CHE,NZL,120999
6151025,42,166,5426,1999,0.0,35735.0,0.041013,-0.111553,CHL,NZL,120999
6151026,43,166,5426,1999,1978.0,248890.0,0.386094,3.270089,CHN,NZL,120999
6151027,49,166,5426,1999,0.0,2376.0,0.190667,0.136271,COL,NZL,120999
6151028,61,166,5426,1999,25555.0,41662.0,2.334811,-2.060502,DEU,NZL,120999
6151029,64,166,5426,1999,40867.0,31297.0,1.264405,1.469627,DNK,NZL,120999
6151030,71,166,5426,1999,0.0,54487.0,1.0849209999999998,1.9351180000000001,ESP,NZL,120999
6151031,74,166,5426,1999,0.0,87117.0,2.095642,0.966282,FIN,NZL,120999
6151032,77,166,5426,1999,58379.0,3301.0,1.72758,0.6619079999999999,FRA,NZL,120999
6151033,81,166,5426,1999,1053.0,220939.0,1.9523830000000002,0.771455,GBR,NZL,120999
6151034,83,166,5426,1999,5016.0,0.0,-0.9444520000000001,-0.905826,GHA,NZL,120999
6151035,97,166,5426,1999,4137.0,93584.0,0.387427,2.402434,HKG,NZL,120999
6151036,104,166,5426,1999,5575.0,0.0,0.29945900000000003,2.438702,IND,NZL,120999
6151037,106,166,5426,1999,0.0,5498.0,1.599613,0.37233299999999997,IRL,NZL,120999
6151038,111,166,5426,1999,9550.0,41913.0,1.395253,1.3589790000000002,ITA,NZL,120999
6151039,114,166,5426,1999,138460.0,31732.0,2.541382,0.693702,JPN,NZL,120999
6151040,142,166,5426,1999,0.0,5772.0,0.9998450000000001,0.009412,MLT,NZL,120999
6151041,153,166,5426,1999,0.0,4779.0,0.500591,0.136149,MYS,NZL,120999
6151042,156,166,5426,1999,0.0,11180.0,-0.079579,-0.777079,NCL,NZL,120999
6151043,162,166,5426,1999,8969.0,98511.0,1.308776,1.574293,NLD,NZL,120999
6151044,173,166,5426,1999,0.0,4692.0,-0.367489,0.11813399999999999,PER,NZL,120999
6151045,179,166,5426,1999,0.0,16686.0,0.420538,1.379359,PRT,NZL,120999
6151046,192,166,5426,1999,0.0,410549.0,1.355833,0.594305,SGP,NZL,120999
6151047,206,166,5426,1999,1364.0,0.0,1.133942,1.105742,SVK,NZL,120999
6151048,216,166,5426,1999,0.0,357252.0,0.20451,1.513533,THA,NZL,120999
6151049,221,166,5426,1999,0.0,25048.0,-1.001524,-0.897582,TON,NZL,120999
6151050,230,166,5426,1999,0.0,904.0,0.26815700000000003,0.307394,URY,NZL,120999
6151051,231,166,5426,1999,107363.0,25102.0,1.8755119999999998,0.5350729999999999,USA,NZL,120999
6151052,246,166,5426,1999,6154.0,47254.0,0.543171,1.432792,ZAF,NZL,120999
6151053,249,166,5426,1999,17887.0,51166.0,1.336816,1.725334,TWN,NZL,120999
6151054,64,167,5426,1999,4463.0,0.0,1.264405,1.469627,DNK,OMN,120999
6151055,104,167,5426,1999,42124.0,0.0,0.29945900000000003,2.438702,IND,OMN,120999
6151056,114,167,5426,1999,10604.0,0.0,2.541382,0.693702,JPN,OMN,120999
6151057,231,167,5426,1999,65833.0,0.0,1.8755119999999998,0.5350729999999999,USA,OMN,120999
6151058,249,167,5426,1999,5720.0,0.0,1.336816,1.725334,TWN,OMN,120999
6151059,15,177,5426,1999,0.0,2265.0,1.836804,0.744312,AUT,POL,120999
6151060,28,177,5426,1999,0.0,7691.0,0.7516579999999999,1.169072,BLR,POL,120999
6151061,32,177,5426,1999,20377.0,0.0,0.762468,1.191759,BRA,POL,120999
6151062,41,177,5426,1999,5389.0,6529.0,2.189934,0.741428,CHE,POL,120999
6151063,43,177,5426,1999,7351.0,0.0,0.386094,3.270089,CHN,POL,120999
6151064,59,177,5426,1999,51238.0,17775.0,1.412439,1.329385,CZE,POL,120999
6151065,61,177,5426,1999,104183.0,93917.0,2.334811,-2.060502,DEU,POL,120999
6151066,64,177,5426,1999,4451.0,16782.0,1.264405,1.469627,DNK,POL,120999
6151067,77,177,5426,1999,65203.0,5379.0,1.72758,0.6619079999999999,FRA,POL,120999
6151068,102,177,5426,1999,1946.0,1949.0,0.794675,1.308337,HUN,POL,120999
6151069,110,177,5426,1999,55776.0,0.0,1.342593,0.781931,ISR,POL,120999
6151070,111,177,5426,1999,1097.0,0.0,1.395253,1.3589790000000002,ITA,POL,120999
6151071,130,177,5426,1999,0.0,123430.0,0.197536,0.5041899999999999,LTU,POL,120999
6151072,132,177,5426,1999,0.0,7903.0,0.20633600000000002,0.324171,LVA,POL,120999
6151073,162,177,5426,1999,209256.0,91533.0,1.308776,1.574293,NLD,POL,120999
6151074,186,177,5426,1999,0.0,20685.0,0.903308,0.590858,RUS,POL,120999
6151075,207,177,5426,1999,31846.0,0.0,1.447589,1.284414,SVN,POL,120999
6151076,208,177,5426,1999,14906.0,25822.0,2.1456720000000002,0.856556,SWE,POL,120999
6151077,228,177,5426,1999,0.0,2912.0,0.6242270000000001,0.742258,UKR,POL,120999
6151078,231,177,5426,1999,24698.0,0.0,1.8755119999999998,0.5350729999999999,USA,POL,120999
6151079,28,186,5426,1999,0.0,44052.0,0.7516579999999999,1.169072,BLR,RUS,120999
6151080,39,186,5426,1999,84318.0,0.0,1.083572,1.08026,CAN,RUS,120999
6151081,43,186,5426,1999,1098.0,4623.0,0.386094,3.270089,CHN,RUS,120999
6151082,59,186,5426,1999,1273.0,0.0,1.412439,1.329385,CZE,RUS,120999
6151083,61,186,5426,1999,24295.0,0.0,2.334811,-2.060502,DEU,RUS,120999
6151084,64,186,5426,1999,3620.0,0.0,1.264405,1.469627,DNK,RUS,120999
6151085,74,186,5426,1999,1098.0,832.0,2.095642,0.966282,FIN,RUS,120999
6151086,77,186,5426,1999,89071.0,1543.0,1.72758,0.6619079999999999,FRA,RUS,120999
6151087,81,186,5426,1999,40004.0,0.0,1.9523830000000002,0.771455,GBR,RUS,120999
6151088,104,186,5426,1999,27192.0,0.0,0.29945900000000003,2.438702,IND,RUS,120999
6151089,111,186,5426,1999,43540.0,0.0,1.395253,1.3589790000000002,ITA,RUS,120999
6151090,124,186,5426,1999,1080.0,192842.0,0.264151,0.767188,LBN,RUS,120999
6151091,135,186,5426,1999,5558.0,3740.0,-0.16408,-0.08062000000000001,MDA,RUS,120999
6151092,162,186,5426,1999,107869.0,0.0,1.308776,1.574293,NLD,RUS,120999
6151093,177,186,5426,1999,20685.0,0.0,0.8512700000000001,1.8975229999999998,POL,RUS,120999
6151094,206,186,5426,1999,1956.0,0.0,1.133942,1.105742,SVK,RUS,120999
6151095,208,186,5426,1999,0.0,4346.0,2.1456720000000002,0.856556,SWE,RUS,120999
6151096,228,186,5426,1999,0.0,12353.0,0.6242270000000001,0.742258,UKR,RUS,120999
6151097,231,186,5426,1999,7221.0,0.0,1.8755119999999998,0.5350729999999999,USA,RUS,120999
6151098,232,186,5426,1999,5558.0,0.0,-0.43066499999999996,-0.767428,UZB,RUS,120999
6151099,1,188,5426,1999,22487.0,0.0,-0.28520500000000004,-0.635241,AFG,SAU,120999
6151100,14,188,5426,1999,22959.0,0.0,0.357101,0.8857879999999999,AUS,SAU,120999
6151101,18,188,5426,1999,21717.0,0.0,1.512061,1.253478,BEL,SAU,120999
6151102,43,188,5426,1999,7273.0,0.0,0.386094,3.270089,CHN,SAU,120999
6151103,64,188,5426,1999,67843.0,0.0,1.264405,1.469627,DNK,SAU,120999
6151104,68,188,5426,1999,149744.0,164795.0,-0.311879,0.300746,EGY,SAU,120999
6151105,71,188,5426,1999,17650.0,0.0,1.0849209999999998,1.9351180000000001,ESP,SAU,120999
6151106,77,188,5426,1999,46779.0,0.0,1.72758,0.6619079999999999,FRA,SAU,120999
6151107,81,188,5426,1999,48284.0,0.0,1.9523830000000002,0.771455,GBR,SAU,120999
6151108,104,188,5426,1999,17608.0,0.0,0.29945900000000003,2.438702,IND,SAU,120999
6151109,107,188,5426,1999,16690.0,0.0,-0.9366620000000001,-1.147602,IRN,SAU,120999
6151110,111,188,5426,1999,53164.0,0.0,1.395253,1.3589790000000002,ITA,SAU,120999
6151111,114,188,5426,1999,37156.0,0.0,2.541382,0.693702,JPN,SAU,120999
6151112,128,188,5426,1999,2479.0,0.0,-0.8875649999999999,-0.059249,LKA,SAU,120999
6151113,153,188,5426,1999,25235.0,0.0,0.500591,0.136149,MYS,SAU,120999
6151114,159,188,5426,1999,1425.0,0.0,-1.9312080000000003,-1.279733,NGA,SAU,120999
6151115,162,188,5426,1999,110553.0,0.0,1.308776,1.574293,NLD,SAU,120999
6151116,168,188,5426,1999,10669.0,0.0,-1.047891,-0.525612,PAK,SAU,120999
6151117,216,188,5426,1999,105074.0,1752.0,0.20451,1.513533,THA,SAU,120999
6151118,224,188,5426,1999,4394.0,0.0,0.044692,1.745755,TUR,SAU,120999
6151119,231,188,5426,1999,711194.0,0.0,1.8755119999999998,0.5350729999999999,USA,SAU,120999
6151120,246,188,5426,1999,31650.0,0.0,0.543171,1.432792,ZAF,SAU,120999
6151121,248,188,5426,1999,32254.0,0.0,-0.320533,-0.180527,ZWE,SAU,120999
6151122,249,188,5426,1999,62102.0,0.0,1.336816,1.725334,TWN,SAU,120999
6151123,250,188,5426,1999,0.0,37098.0,1.130511,0.9547379999999999,ANS,SAU,120999
6151124,15,206,5426,1999,12167.0,4041.0,1.836804,0.744312,AUT,SVK,120999
6151125,59,206,5426,1999,192954.0,291641.0,1.412439,1.329385,CZE,SVK,120999
6151126,61,206,5426,1999,3558.0,4845.0,2.334811,-2.060502,DEU,SVK,120999
6151127,64,206,5426,1999,6932.0,1167.0,1.264405,1.469627,DNK,SVK,120999
6151128,77,206,5426,1999,9510.0,0.0,1.72758,0.6619079999999999,FRA,SVK,120999
6151129,81,206,5426,1999,6766.0,0.0,1.9523830000000002,0.771455,GBR,SVK,120999
6151130,102,206,5426,1999,97887.0,9455.0,0.794675,1.308337,HUN,SVK,120999
6151131,111,206,5426,1999,50138.0,0.0,1.395253,1.3589790000000002,ITA,SVK,120999
6151132,162,206,5426,1999,32124.0,4182.0,1.308776,1.574293,NLD,SVK,120999
6151133,166,206,5426,1999,0.0,1364.0,0.592051,0.780176,NZL,SVK,120999
6151134,186,206,5426,1999,0.0,1956.0,0.903308,0.590858,RUS,SVK,120999
6151135,15,207,5426,1999,8156.0,7372.0,1.836804,0.744312,AUT,SVN,120999
6151136,18,207,5426,1999,0.0,46641.0,1.512061,1.253478,BEL,SVN,120999
6151137,26,207,5426,1999,0.0,66032.0,0.366494,0.298229,BIH,SVN,120999
6151138,41,207,5426,1999,18717.0,0.0,2.189934,0.741428,CHE,SVN,120999
6151139,59,207,5426,1999,0.0,1643.0,1.412439,1.329385,CZE,SVN,120999
6151140,61,207,5426,1999,2116.0,159194.0,2.334811,-2.060502,DEU,SVN,120999
6151141,64,207,5426,1999,1062.0,3648.0,1.264405,1.469627,DNK,SVN,120999
6151142,71,207,5426,1999,0.0,3473.0,1.0849209999999998,1.9351180000000001,ESP,SVN,120999
6151143,77,207,5426,1999,2426.0,4782.0,1.72758,0.6619079999999999,FRA,SVN,120999
6151144,100,207,5426,1999,0.0,29135.0,0.572934,0.9873639999999999,HRV,SVN,120999
6151145,102,207,5426,1999,5802.0,2173.0,0.794675,1.308337,HUN,SVN,120999
6151146,104,207,5426,1999,13742.0,0.0,0.29945900000000003,2.438702,IND,SVN,120999
6151147,111,207,5426,1999,340795.0,4789.0,1.395253,1.3589790000000002,ITA,SVN,120999
6151148,140,207,5426,1999,1724.0,11108.0,0.053132000000000006,0.43408,MKD,SVN,120999
6151149,162,207,5426,1999,81606.0,14803.0,1.308776,1.574293,NLD,SVN,120999
6151150,177,207,5426,1999,0.0,31846.0,0.8512700000000001,1.8975229999999998,POL,SVN,120999
6151151,189,207,5426,1999,15127.0,0.0,0.607596,2.222456,SCG,SVN,120999
6151152,231,207,5426,1999,0.0,8594.0,1.8755119999999998,0.5350729999999999,USA,SVN,120999
6151153,224,219,5426,1999,47658.0,0.0,0.044692,1.745755,TUR,TKM,120999
6151154,28,228,5426,1999,0.0,3145.0,0.7516579999999999,1.169072,BLR,UKR,120999
6151155,59,228,5426,1999,2399.0,0.0,1.412439,1.329385,CZE,UKR,120999
6151156,61,228,5426,1999,3335.0,13199.0,2.334811,-2.060502,DEU,UKR,120999
6151157,64,228,5426,1999,10236.0,3381.0,1.264405,1.469627,DNK,UKR,120999
6151158,77,228,5426,1999,113232.0,5754.0,1.72758,0.6619079999999999,FRA,UKR,120999
6151159,102,228,5426,1999,911.0,0.0,0.794675,1.308337,HUN,UKR,120999
6151160,124,228,5426,1999,0.0,432905.0,0.264151,0.767188,LBN,UKR,120999
6151161,132,228,5426,1999,7951.0,0.0,0.20633600000000002,0.324171,LVA,UKR,120999
6151162,162,228,5426,1999,679109.0,3867.0,1.308776,1.574293,NLD,UKR,120999
6151163,177,228,5426,1999,2912.0,0.0,0.8512700000000001,1.8975229999999998,POL,UKR,120999
6151164,186,228,5426,1999,12353.0,0.0,0.903308,0.590858,RUS,UKR,120999
6151165,208,228,5426,1999,32786.0,0.0,2.1456720000000002,0.856556,SWE,UKR,120999
6151166,231,228,5426,1999,3485.0,40936.0,1.8755119999999998,0.5350729999999999,USA,UKR,120999
6151167,8,249,5426,1999,0.0,28820.0,0.49933500000000003,0.593879,ARG,TWN,120999
6151168,14,249,5426,1999,46814.0,67951.0,0.357101,0.8857879999999999,AUS,TWN,120999
6151169,15,249,5426,1999,0.0,52334.0,1.836804,0.744312,AUT,TWN,120999
6151170,22,249,5426,1999,0.0,3234.0,-1.258857,-1.140375,BGD,TWN,120999
6151171,32,249,5426,1999,13867.0,172069.0,0.762468,1.191759,BRA,TWN,120999
6151172,39,249,5426,1999,0.0,27499.0,1.083572,1.08026,CAN,TWN,120999
6151173,41,249,5426,1999,0.0,5960.0,2.189934,0.741428,CHE,TWN,120999
6151174,42,249,5426,1999,0.0,88536.0,0.041013,-0.111553,CHL,TWN,120999
6151175,43,249,5426,1999,915991.0,1985283.0,0.386094,3.270089,CHN,TWN,120999
6151176,52,249,5426,1999,0.0,6540.0,-0.310033,-0.299529,CRI,TWN,120999
6151177,61,249,5426,1999,0.0,40975.0,2.334811,-2.060502,DEU,TWN,120999
6151178,64,249,5426,1999,5952.0,3328.0,1.264405,1.469627,DNK,TWN,120999
6151179,65,249,5426,1999,0.0,177545.0,-0.60436,-0.674701,DOM,TWN,120999
6151180,71,249,5426,1999,0.0,6144.0,1.0849209999999998,1.9351180000000001,ESP,TWN,120999
6151181,77,249,5426,1999,0.0,9201.0,1.72758,0.6619079999999999,FRA,TWN,120999
6151182,81,249,5426,1999,0.0,135952.0,1.9523830000000002,0.771455,GBR,TWN,120999
6151183,91,249,5426,1999,0.0,384.0,-0.157276,-0.625791,GRD,TWN,120999
6151184,97,249,5426,1999,28885.0,2035765.0,0.387427,2.402434,HKG,TWN,120999
6151185,103,249,5426,1999,5214.0,86971.0,-0.20447,1.568505,IDN,TWN,120999
6151186,104,249,5426,1999,231901.0,24329.0,0.29945900000000003,2.438702,IND,TWN,120999
6151187,110,249,5426,1999,0.0,4469.0,1.342593,0.781931,ISR,TWN,120999
6151188,111,249,5426,1999,2693.0,0.0,1.395253,1.3589790000000002,ITA,TWN,120999
6151189,113,249,5426,1999,0.0,19173.0,0.475995,0.514447,JOR,TWN,120999
6151190,114,249,5426,1999,413722.0,709924.0,2.541382,0.693702,JPN,TWN,120999
6151191,121,249,5426,1999,6469.0,64881.0,0.92448,1.053988,KOR,TWN,120999
6151192,124,249,5426,1999,0.0,917.0,0.264151,0.767188,LBN,TWN,120999
6151193,128,249,5426,1999,2707.0,0.0,-0.8875649999999999,-0.059249,LKA,TWN,120999
6151194,133,249,5426,1999,10434.0,0.0,-0.365239,-0.380913,MAC,TWN,120999
6151195,136,249,5426,1999,1271.0,0.0,-1.186653,-0.5059279999999999,MDG,TWN,120999
6151196,138,249,5426,1999,9010.0,6008.0,0.581034,0.8399760000000001,MEX,TWN,120999
6151197,143,249,5426,1999,387058.0,0.0,-1.4991299999999999,-0.984557,MMR,TWN,120999
6151198,151,249,5426,1999,0.0,3288.0,-0.5713729999999999,-0.696416,MUS,TWN,120999
6151199,153,249,5426,1999,0.0,24396.0,0.500591,0.136149,MYS,TWN,120999
6151200,156,249,5426,1999,0.0,1537.0,-0.079579,-0.777079,NCL,TWN,120999
6151201,162,249,5426,1999,13673.0,863961.0,1.308776,1.574293,NLD,TWN,120999
6151202,166,249,5426,1999,51166.0,17887.0,0.592051,0.780176,NZL,TWN,120999
6151203,167,249,5426,1999,0.0,5720.0,-0.6801510000000001,-1.146403,OMN,TWN,120999
6151204,174,249,5426,1999,23946.0,3272.0,-0.401903,-0.333408,PHL,TWN,120999
6151205,182,249,5426,1999,0.0,1326.0,0.281327,-0.624142,PYF,TWN,120999
6151206,183,249,5426,1999,0.0,2906.0,-0.593308,-1.18811,QAT,TWN,120999
6151207,188,249,5426,1999,0.0,62102.0,0.553028,-0.527401,SAU,TWN,120999
6151208,192,249,5426,1999,3628.0,1904936.0,1.355833,0.594305,SGP,TWN,120999
6151209,216,249,5426,1999,1968524.0,211680.0,0.20451,1.513533,THA,TWN,120999
6151210,222,249,5426,1999,0.0,2837.0,0.258046,-0.562956,TTO,TWN,120999
6151211,224,249,5426,1999,0.0,15454.0,0.044692,1.745755,TUR,TWN,120999
6151212,231,249,5426,1999,56214.0,1314356.0,1.8755119999999998,0.5350729999999999,USA,TWN,120999
6151213,239,249,5426,1999,596781.0,138307.0,-0.9824940000000001,0.115755,VNM,TWN,120999
6151214,246,249,5426,1999,16998.0,45994.0,0.543171,1.432792,ZAF,TWN,120999
6151215,250,249,5426,1999,0.0,27979.0,1.130511,0.9547379999999999,ANS,TWN,120999
6151216,14,8,5426,1999,46583.0,0.0,0.357101,0.8857879999999999,AUS,ARG,120999
6151217,32,8,5426,1999,115604.0,0.0,0.762468,1.191759,BRA,ARG,120999
6151218,42,8,5426,1999,71624.0,0.0,0.041013,-0.111553,CHL,ARG,120999
6151219,43,8,5426,1999,22635.0,0.0,0.386094,3.270089,CHN,ARG,120999
6151220,64,8,5426,1999,87013.0,0.0,1.264405,1.469627,DNK,ARG,120999
6151221,77,8,5426,1999,46690.0,0.0,1.72758,0.6619079999999999,FRA,ARG,120999
6151222,104,8,5426,1999,5219.0,0.0,0.29945900000000003,2.438702,IND,ARG,120999
6151223,111,8,5426,1999,70960.0,968.0,1.395253,1.3589790000000002,ITA,ARG,120999
6151224,114,8,5426,1999,125418.0,0.0,2.541382,0.693702,JPN,ARG,120999
6151225,138,8,5426,1999,74079.0,0.0,0.581034,0.8399760000000001,MEX,ARG,120999
6151226,162,8,5426,1999,7189.0,0.0,1.308776,1.574293,NLD,ARG,120999
6151227,166,8,5426,1999,7087.0,0.0,0.592051,0.780176,NZL,ARG,120999
6151228,216,8,5426,1999,12578.0,0.0,0.20451,1.513533,THA,ARG,120999
6151229,230,8,5426,1999,18483.0,17007.0,0.26815700000000003,0.307394,URY,ARG,120999
6151230,231,8,5426,1999,1061914.0,1993.0,1.8755119999999998,0.5350729999999999,USA,ARG,120999
6151231,246,8,5426,1999,54090.0,81338.0,0.543171,1.432792,ZAF,ARG,120999
6151232,249,8,5426,1999,28820.0,0.0,1.336816,1.725334,TWN,ARG,120999
6151233,77,9,5426,1999,1376.0,0.0,1.72758,0.6619079999999999,FRA,ARM,120999
6151234,162,9,5426,1999,11090.0,0.0,1.308776,1.574293,NLD,ARM,120999
6151235,77,44,5426,1999,90211.0,0.0,1.72758,0.6619079999999999,FRA,CIV,120999
6151236,80,44,5426,1999,0.0,29519.0,-1.068733,-1.178405,GAB,CIV,120999
6151237,81,44,5426,1999,0.0,4357.0,1.9523830000000002,0.771455,GBR,CIV,120999
6151238,157,44,5426,1999,6844.0,0.0,-0.539842,-0.762977,NER,CIV,120999
6151239,246,44,5426,1999,2061.0,0.0,0.543171,1.432792,ZAF,CIV,120999
6151240,14,80,5426,1999,4653.0,0.0,0.357101,0.8857879999999999,AUS,GAB,120999
6151241,41,80,5426,1999,19040.0,0.0,2.189934,0.741428,CHE,GAB,120999
6151242,44,80,5426,1999,29519.0,0.0,-0.591892,-0.654457,CIV,GAB,120999
6151243,77,80,5426,1999,38653.0,0.0,1.72758,0.6619079999999999,FRA,GAB,120999
6151244,231,80,5426,1999,10158.0,0.0,1.8755119999999998,0.5350729999999999,USA,GAB,120999
6151245,15,82,5426,1999,766.0,0.0,1.836804,0.744312,AUT,GEO,120999
6151246,59,82,5426,1999,0.0,80314.0,1.412439,1.329385,CZE,GEO,120999
6151247,61,82,5426,1999,0.0,20715.0,2.334811,-2.060502,DEU,GEO,120999
6151248,64,82,5426,1999,0.0,128560.0,1.264405,1.469627,DNK,GEO,120999
6151249,77,82,5426,1999,0.0,29866.0,1.72758,0.6619079999999999,FRA,GEO,120999
6151250,81,82,5426,1999,3417.0,0.0,1.9523830000000002,0.771455,GBR,GEO,120999
6151251,224,82,5426,1999,10180.0,0.0,0.044692,1.745755,TUR,GEO,120999
6151252,231,82,5426,1999,0.0,2378.0,1.8755119999999998,0.5350729999999999,USA,GEO,120999
6151253,64,116,5426,1999,16118.0,0.0,1.264405,1.469627,DNK,KEN,120999
6151254,81,116,5426,1999,169203.0,0.0,1.9523830000000002,0.771455,GBR,KEN,120999
6151255,104,116,5426,1999,8444.0,0.0,0.29945900000000003,2.438702,IND,KEN,120999
6151256,162,116,5426,1999,8030.0,22192.0,1.308776,1.574293,NLD,KEN,120999
6151257,190,116,5426,1999,0.0,75983.0,-1.321619,-1.162911,SDN,KEN,120999
6151258,199,116,5426,1999,0.0,6052.0,-0.763865,-0.8889090000000001,SOM,KEN,120999
6151259,226,116,5426,1999,828.0,8586.0,-1.068358,-0.54693,TZA,KEN,120999
6151260,227,116,5426,1999,0.0,3717.0,-1.359508,-1.170077,UGA,KEN,120999
6151261,231,116,5426,1999,61177.0,27770.0,1.8755119999999998,0.5350729999999999,USA,KEN,120999
6151262,246,116,5426,1999,27805.0,1062.0,0.543171,1.432792,ZAF,KEN,120999
6151263,248,116,5426,1999,71492.0,0.0,-0.320533,-0.180527,ZWE,KEN,120999
6151264,18,131,5426,1999,53420.0,15279.0,1.512061,1.253478,BEL,LUX,120999
6151265,61,131,5426,1999,24997.0,30523.0,2.334811,-2.060502,DEU,LUX,120999
6151266,77,131,5426,1999,15886.0,1212.0,1.72758,0.6619079999999999,FRA,LUX,120999
6151267,162,131,5426,1999,1426.0,0.0,1.308776,1.574293,NLD,LUX,120999
6151268,7,134,5426,1999,0.0,5139.0,-0.21921,-0.54813,ARE,MAR,120999
6151269,61,134,5426,1999,0.0,8643.0,2.334811,-2.060502,DEU,MAR,120999
6151270,64,134,5426,1999,142804.0,0.0,1.264405,1.469627,DNK,MAR,120999
6151271,68,134,5426,1999,0.0,44597.0,-0.311879,0.300746,EGY,MAR,120999
6151272,71,134,5426,1999,151630.0,6458.0,1.0849209999999998,1.9351180000000001,ESP,MAR,120999
6151273,77,134,5426,1999,518301.0,115545.0,1.72758,0.6619079999999999,FRA,MAR,120999
6151274,81,134,5426,1999,0.0,23158.0,1.9523830000000002,0.771455,GBR,MAR,120999
6151275,110,134,5426,1999,138000.0,0.0,1.342593,0.781931,ISR,MAR,120999
6151276,111,134,5426,1999,21897.0,0.0,1.395253,1.3589790000000002,ITA,MAR,120999
6151277,136,134,5426,1999,2681.0,0.0,-1.186653,-0.5059279999999999,MDG,MAR,120999
6151278,162,134,5426,1999,39953.0,48434.0,1.308776,1.574293,NLD,MAR,120999
6151279,231,134,5426,1999,159423.0,0.0,1.8755119999999998,0.5350729999999999,USA,MAR,120999
6151280,246,134,5426,1999,856.0,0.0,0.543171,1.432792,ZAF,MAR,120999
6151281,59,191,5426,1999,3094.0,0.0,1.412439,1.329385,CZE,SEN,120999
6151282,77,191,5426,1999,348722.0,0.0,1.72758,0.6619079999999999,FRA,SEN,120999
6151283,110,191,5426,1999,20625.0,0.0,1.342593,0.781931,ISR,SEN,120999
6151284,111,191,5426,1999,68490.0,0.0,1.395253,1.3589790000000002,ITA,SEN,120999
6151285,162,191,5426,1999,1401.0,0.0,1.308776,1.574293,NLD,SEN,120999
6151286,231,191,5426,1999,35726.0,0.0,1.8755119999999998,0.5350729999999999,USA,SEN,120999
6151287,2,246,5426,1999,0.0,414817.0,-1.383262,-1.20434,AGO,ZAF,120999
6151288,7,246,5426,1999,0.0,162835.0,-0.21921,-0.54813,ARE,ZAF,120999
6151289,8,246,5426,1999,81338.0,54090.0,0.49933500000000003,0.593879,ARG,ZAF,120999
6151290,14,246,5426,1999,164750.0,31485.0,0.357101,0.8857879999999999,AUS,ZAF,120999
6151291,18,246,5426,1999,14454.0,0.0,1.512061,1.253478,BEL,ZAF,120999
6151292,32,246,5426,1999,10953.0,107842.0,0.762468,1.191759,BRA,ZAF,120999
6151293,39,246,5426,1999,23223.0,0.0,1.083572,1.08026,CAN,ZAF,120999
6151294,42,246,5426,1999,54010.0,878.0,0.041013,-0.111553,CHL,ZAF,120999
6151295,43,246,5426,1999,32692.0,6730.0,0.386094,3.270089,CHN,ZAF,120999
6151296,44,246,5426,1999,0.0,2061.0,-0.591892,-0.654457,CIV,ZAF,120999
6151297,45,246,5426,1999,0.0,28735.0,-1.7392470000000002,-1.241373,CMR,ZAF,120999
6151298,47,246,5426,1999,0.0,7752.0,-1.2759120000000002,-1.1418030000000001,COG,ZAF,120999
6151299,49,246,5426,1999,0.0,145788.0,0.190667,0.136271,COL,ZAF,120999
6151300,61,246,5426,1999,4981.0,23628.0,2.334811,-2.060502,DEU,ZAF,120999
6151301,64,246,5426,1999,26459.0,37143.0,1.264405,1.469627,DNK,ZAF,120999
6151302,68,246,5426,1999,0.0,82320.0,-0.311879,0.300746,EGY,ZAF,120999
6151303,73,246,5426,1999,0.0,2966.0,-1.18759,-1.111391,ETH,ZAF,120999
6151304,77,246,5426,1999,47876.0,176988.0,1.72758,0.6619079999999999,FRA,ZAF,120999
6151305,81,246,5426,1999,5527.0,3590.0,1.9523830000000002,0.771455,GBR,ZAF,120999
6151306,83,246,5426,1999,0.0,16764.0,-0.9444520000000001,-0.905826,GHA,ZAF,120999
6151307,97,246,5426,1999,0.0,3740.0,0.387427,2.402434,HKG,ZAF,120999
6151308,102,246,5426,1999,3746.0,0.0,0.794675,1.308337,HUN,ZAF,120999
6151309,104,246,5426,1999,8473.0,0.0,0.29945900000000003,2.438702,IND,ZAF,120999
6151310,109,246,5426,1999,5051.0,0.0,0.377701,-0.355798,ISL,ZAF,120999
6151311,110,246,5426,1999,353173.0,19566.0,1.342593,0.781931,ISR,ZAF,120999
6151312,111,246,5426,1999,7444.0,6244.0,1.395253,1.3589790000000002,ITA,ZAF,120999
6151313,113,246,5426,1999,0.0,1931.0,0.475995,0.514447,JOR,ZAF,120999
6151314,114,246,5426,1999,148832.0,69525.0,2.541382,0.693702,JPN,ZAF,120999
6151315,116,246,5426,1999,1062.0,27805.0,-0.336125,0.43983999999999995,KEN,ZAF,120999
6151316,121,246,5426,1999,5891.0,851.0,0.92448,1.053988,KOR,ZAF,120999
6151317,132,246,5426,1999,0.0,3858.0,0.20633600000000002,0.324171,LVA,ZAF,120999
6151318,134,246,5426,1999,0.0,856.0,-0.659053,-0.142104,MAR,ZAF,120999
6151319,136,246,5426,1999,914.0,4540.0,-1.186653,-0.5059279999999999,MDG,ZAF,120999
6151320,138,246,5426,1999,1349.0,49498.0,0.581034,0.8399760000000001,MEX,ZAF,120999
6151321,147,246,5426,1999,0.0,76757.0,-0.35994699999999996,-0.725301,MOZ,ZAF,120999
6151322,151,246,5426,1999,0.0,17980.0,-0.5713729999999999,-0.696416,MUS,ZAF,120999
6151323,152,246,5426,1999,5762.0,88159.0,-1.319572,-1.199031,MWI,ZAF,120999
6151324,162,246,5426,1999,111040.0,212190.0,1.308776,1.574293,NLD,ZAF,120999
6151325,166,246,5426,1999,47254.0,6154.0,0.592051,0.780176,NZL,ZAF,120999
6151326,174,246,5426,1999,0.0,5654.0,-0.401903,-0.333408,PHL,ZAF,120999
6151327,179,246,5426,1999,0.0,39229.0,0.420538,1.379359,PRT,ZAF,120999
6151328,180,246,5426,1999,0.0,6162.0,-0.541387,-0.863967,PRY,ZAF,120999
6151329,188,246,5426,1999,0.0,31650.0,0.553028,-0.527401,SAU,ZAF,120999
6151330,194,246,5426,1999,0.0,2586.0,1.401577,-0.029898,SHN,ZAF,120999
6151331,211,246,5426,1999,0.0,911.0,0.11940999999999999,-0.7071270000000001,SYC,ZAF,120999
6151332,216,246,5426,1999,71067.0,3014.0,0.20451,1.513533,THA,ZAF,120999
6151333,226,246,5426,1999,0.0,7075.0,-1.068358,-0.54693,TZA,ZAF,120999
6151334,227,246,5426,1999,0.0,3032.0,-1.359508,-1.170077,UGA,ZAF,120999
6151335,230,246,5426,1999,0.0,4746.0,0.26815700000000003,0.307394,URY,ZAF,120999
6151336,231,246,5426,1999,391420.0,78398.0,1.8755119999999998,0.5350729999999999,USA,ZAF,120999
6151337,247,246,5426,1999,0.0,69407.0,-0.388446,-0.47129099999999996,ZMB,ZAF,120999
6151338,248,246,5426,1999,144941.0,156993.0,-0.320533,-0.180527,ZWE,ZAF,120999
6151339,249,246,5426,1999,45994.0,16998.0,1.336816,1.725334,TWN,ZAF,120999
6151340,81,247,5426,1999,5372.0,0.0,1.9523830000000002,0.771455,GBR,ZMB,120999
6151341,160,247,5426,1999,2808.0,0.0,-0.677654,-0.72253,NIC,ZMB,120999
6151342,162,247,5426,1999,18546.0,0.0,1.308776,1.574293,NLD,ZMB,120999
6151343,246,247,5426,1999,69407.0,0.0,0.543171,1.432792,ZAF,ZMB,120999
6151344,248,247,5426,1999,1353.0,0.0,-0.320533,-0.180527,ZWE,ZMB,120999
6151345,231,13,5426,1999,8133.0,0.0,1.8755119999999998,0.5350729999999999,USA,ATG,120999
6151346,231,29,5426,1999,11080.0,0.0,1.8755119999999998,0.5350729999999999,USA,BLZ,120999
6151347,77,120,5426,1999,1867.0,0.0,1.72758,0.6619079999999999,FRA,KNA,120999
6151348,231,120,5426,1999,17656.0,0.0,1.8755119999999998,0.5350729999999999,USA,KNA,120999
6151349,14,7,5426,1999,2829.0,0.0,0.357101,0.8857879999999999,AUS,ARE,120999
6151350,18,7,5426,1999,15187.0,8089.0,1.512061,1.253478,BEL,ARE,120999
6151351,64,7,5426,1999,3879.0,0.0,1.264405,1.469627,DNK,ARE,120999
6151352,68,7,5426,1999,416724.0,0.0,-0.311879,0.300746,EGY,ARE,120999
6151353,77,7,5426,1999,238428.0,0.0,1.72758,0.6619079999999999,FRA,ARE,120999
6151354,81,7,5426,1999,0.0,14204.0,1.9523830000000002,0.771455,GBR,ARE,120999
6151355,104,7,5426,1999,8608.0,0.0,0.29945900000000003,2.438702,IND,ARE,120999
6151356,107,7,5426,1999,602524.0,1317992.0,-0.9366620000000001,-1.147602,IRN,ARE,120999
6151357,111,7,5426,1999,233021.0,0.0,1.395253,1.3589790000000002,ITA,ARE,120999
6151358,113,7,5426,1999,11521.0,0.0,0.475995,0.514447,JOR,ARE,120999
6151359,114,7,5426,1999,263061.0,0.0,2.541382,0.693702,JPN,ARE,120999
6151360,124,7,5426,1999,10452.0,0.0,0.264151,0.767188,LBN,ARE,120999
6151361,134,7,5426,1999,5139.0,0.0,-0.659053,-0.142104,MAR,ARE,120999
6151362,137,7,5426,1999,0.0,558.0,-0.83783,-0.941734,MDV,ARE,120999
6151363,153,7,5426,1999,0.0,9375.0,0.500591,0.136149,MYS,ARE,120999
6151364,162,7,5426,1999,25661.0,29961.0,1.308776,1.574293,NLD,ARE,120999
6151365,231,7,5426,1999,3918841.0,0.0,1.8755119999999998,0.5350729999999999,USA,ARE,120999
6151366,246,7,5426,1999,162835.0,0.0,0.543171,1.432792,ZAF,ARE,120999
6151367,14,58,5426,1999,12604.0,0.0,0.357101,0.8857879999999999,AUS,CYP,120999
6151368,42,58,5426,1999,824.0,0.0,0.041013,-0.111553,CHL,CYP,120999
6151369,64,58,5426,1999,4053.0,0.0,1.264405,1.469627,DNK,CYP,120999
6151370,68,58,5426,1999,1255.0,0.0,-0.311879,0.300746,EGY,CYP,120999
6151371,71,58,5426,1999,3358.0,0.0,1.0849209999999998,1.9351180000000001,ESP,CYP,120999
6151372,77,58,5426,1999,17731.0,0.0,1.72758,0.6619079999999999,FRA,CYP,120999
6151373,81,58,5426,1999,13821.0,0.0,1.9523830000000002,0.771455,GBR,CYP,120999
6151374,110,58,5426,1999,1524.0,0.0,1.342593,0.781931,ISR,CYP,120999
6151375,111,58,5426,1999,57472.0,0.0,1.395253,1.3589790000000002,ITA,CYP,120999
6151376,114,58,5426,1999,3920.0,0.0,2.541382,0.693702,JPN,CYP,120999
6151377,124,58,5426,1999,0.0,15078.0,0.264151,0.767188,LBN,CYP,120999
6151378,162,58,5426,1999,17326.0,0.0,1.308776,1.574293,NLD,CYP,120999
6151379,231,58,5426,1999,67466.0,0.0,1.8755119999999998,0.5350729999999999,USA,CYP,120999
6151380,14,110,5426,1999,20448.0,147880.0,0.357101,0.8857879999999999,AUS,ISR,120999
6151381,15,110,5426,1999,0.0,21011.0,1.836804,0.744312,AUT,ISR,120999
6151382,18,110,5426,1999,38294.0,0.0,1.512061,1.253478,BEL,ISR,120999
6151383,23,110,5426,1999,0.0,37870.0,0.311033,1.7375040000000002,BGR,ISR,120999
6151384,33,110,5426,1999,0.0,1260.0,0.878015,0.413308,BRB,ISR,120999
6151385,39,110,5426,1999,0.0,2532.0,1.083572,1.08026,CAN,ISR,120999
6151386,41,110,5426,1999,7301.0,21492.0,2.189934,0.741428,CHE,ISR,120999
6151387,42,110,5426,1999,0.0,13363.0,0.041013,-0.111553,CHL,ISR,120999
6151388,43,110,5426,1999,0.0,7576.0,0.386094,3.270089,CHN,ISR,120999
6151389,54,110,5426,1999,0.0,29257.0,-0.152322,-0.8734270000000001,CUB,ISR,120999
6151390,58,110,5426,1999,0.0,1524.0,0.508464,0.324706,CYP,ISR,120999
6151391,61,110,5426,1999,2080.0,3359.0,2.334811,-2.060502,DEU,ISR,120999
6151392,64,110,5426,1999,16520.0,113570.0,1.264405,1.469627,DNK,ISR,120999
6151393,67,110,5426,1999,0.0,6577.0,-0.8875299999999999,-0.9117879999999999,ECU,ISR,120999
6151394,68,110,5426,1999,1549.0,28853.0,-0.311879,0.300746,EGY,ISR,120999
6151395,71,110,5426,1999,5182.0,39934.0,1.0849209999999998,1.9351180000000001,ESP,ISR,120999
6151396,77,110,5426,1999,60764.0,3738.0,1.72758,0.6619079999999999,FRA,ISR,120999
6151397,81,110,5426,1999,4713.0,1582.0,1.9523830000000002,0.771455,GBR,ISR,120999
6151398,83,110,5426,1999,0.0,11296.0,-0.9444520000000001,-0.905826,GHA,ISR,120999
6151399,90,110,5426,1999,0.0,18914.0,0.24943600000000002,1.172467,GRC,ISR,120999
6151400,99,110,5426,1999,0.0,1746.0,-0.8858290000000001,-0.530034,HND,ISR,120999
6151401,102,110,5426,1999,0.0,16127.0,0.794675,1.308337,HUN,ISR,120999
6151402,104,110,5426,1999,9486.0,0.0,0.29945900000000003,2.438702,IND,ISR,120999
6151403,111,110,5426,1999,12809.0,15106.0,1.395253,1.3589790000000002,ITA,ISR,120999
6151404,113,110,5426,1999,2469.0,525.0,0.475995,0.514447,JOR,ISR,120999
6151405,114,110,5426,1999,373466.0,0.0,2.541382,0.693702,JPN,ISR,120999
6151406,121,110,5426,1999,30377.0,0.0,0.92448,1.053988,KOR,ISR,120999
6151407,134,110,5426,1999,0.0,138000.0,-0.659053,-0.142104,MAR,ISR,120999
6151408,138,110,5426,1999,0.0,11461.0,0.581034,0.8399760000000001,MEX,ISR,120999
6151409,151,110,5426,1999,0.0,5393.0,-0.5713729999999999,-0.696416,MUS,ISR,120999
6151410,162,110,5426,1999,240088.0,293219.0,1.308776,1.574293,NLD,ISR,120999
6151411,177,110,5426,1999,0.0,55776.0,0.8512700000000001,1.8975229999999998,POL,ISR,120999
6151412,179,110,5426,1999,0.0,10805.0,0.420538,1.379359,PRT,ISR,120999
6151413,191,110,5426,1999,0.0,20625.0,-0.472473,-0.462562,SEN,ISR,120999
6151414,216,110,5426,1999,102964.0,775.0,0.20451,1.513533,THA,ISR,120999
6151415,224,110,5426,1999,0.0,511988.0,0.044692,1.745755,TUR,ISR,120999
6151416,231,110,5426,1999,1345837.0,1183922.0,1.8755119999999998,0.5350729999999999,USA,ISR,120999
6151417,246,110,5426,1999,19566.0,353173.0,0.543171,1.432792,ZAF,ISR,120999
6151418,249,110,5426,1999,4469.0,0.0,1.336816,1.725334,TWN,ISR,120999
6151419,14,122,5426,1999,13028.0,0.0,0.357101,0.8857879999999999,AUS,KWT,120999
6151420,68,122,5426,1999,3429.0,0.0,-0.311879,0.300746,EGY,KWT,120999
6151421,71,122,5426,1999,5596.0,0.0,1.0849209999999998,1.9351180000000001,ESP,KWT,120999
6151422,77,122,5426,1999,26227.0,0.0,1.72758,0.6619079999999999,FRA,KWT,120999
6151423,104,122,5426,1999,1510.0,0.0,0.29945900000000003,2.438702,IND,KWT,120999
6151424,107,122,5426,1999,326148.0,0.0,-0.9366620000000001,-1.147602,IRN,KWT,120999
6151425,113,122,5426,1999,9433.0,0.0,0.475995,0.514447,JOR,KWT,120999
6151426,162,122,5426,1999,20326.0,0.0,1.308776,1.574293,NLD,KWT,120999
6151427,231,122,5426,1999,72660.0,0.0,1.8755119999999998,0.5350729999999999,USA,KWT,120999
6151428,28,135,5426,1999,0.0,22065.0,0.7516579999999999,1.169072,BLR,MDA,120999
6151429,111,135,5426,1999,0.0,1660.0,1.395253,1.3589790000000002,ITA,MDA,120999
6151430,132,135,5426,1999,560.0,0.0,0.20633600000000002,0.324171,LVA,MDA,120999
6151431,162,135,5426,1999,1174.0,0.0,1.308776,1.574293,NLD,MDA,120999
6151432,186,135,5426,1999,3740.0,5558.0,0.903308,0.590858,RUS,MDA,120999
6151433,231,135,5426,1999,117102.0,0.0,1.8755119999999998,0.5350729999999999,USA,MDA,120999
6151434,77,140,5426,1999,0.0,2544.0,1.72758,0.6619079999999999,FRA,MKD,120999
6151435,162,140,5426,1999,18540.0,0.0,1.308776,1.574293,NLD,MKD,120999
6151436,207,140,5426,1999,11108.0,1724.0,1.447589,1.284414,SVN,MKD,120999
6151437,231,140,5426,1999,0.0,2850.0,1.8755119999999998,0.5350729999999999,USA,MKD,120999
6151438,59,142,5426,1999,0.0,3476.0,1.412439,1.329385,CZE,MLT,120999
6151439,77,142,5426,1999,2546.0,0.0,1.72758,0.6619079999999999,FRA,MLT,120999
6151440,81,142,5426,1999,25956.0,7337.0,1.9523830000000002,0.771455,GBR,MLT,120999
6151441,111,142,5426,1999,72884.0,0.0,1.395253,1.3589790000000002,ITA,MLT,120999
6151442,162,142,5426,1999,0.0,165655.0,1.308776,1.574293,NLD,MLT,120999
6151443,166,142,5426,1999,5772.0,0.0,0.592051,0.780176,NZL,MLT,120999
6151444,231,142,5426,1999,0.0,3087.0,1.8755119999999998,0.5350729999999999,USA,MLT,120999
6151445,14,168,5426,1999,454976.0,0.0,0.357101,0.8857879999999999,AUS,PAK,120999
6151446,64,168,5426,1999,2386.0,0.0,1.264405,1.469627,DNK,PAK,120999
6151447,68,168,5426,1999,332532.0,0.0,-0.311879,0.300746,EGY,PAK,120999
6151448,77,168,5426,1999,14114.0,0.0,1.72758,0.6619079999999999,FRA,PAK,120999
6151449,104,168,5426,1999,49486.0,0.0,0.29945900000000003,2.438702,IND,PAK,120999
6151450,107,168,5426,1999,508832.0,0.0,-0.9366620000000001,-1.147602,IRN,PAK,120999
6151451,111,168,5426,1999,39499.0,0.0,1.395253,1.3589790000000002,ITA,PAK,120999
6151452,114,168,5426,1999,44666.0,0.0,2.541382,0.693702,JPN,PAK,120999
6151453,162,168,5426,1999,84830.0,19838.0,1.308776,1.574293,NLD,PAK,120999
6151454,174,168,5426,1999,0.0,153059.0,-0.401903,-0.333408,PHL,PAK,120999
6151455,188,168,5426,1999,0.0,10669.0,0.553028,-0.527401,SAU,PAK,120999
6151456,231,168,5426,1999,319953.0,65552.0,1.8755119999999998,0.5350729999999999,USA,PAK,120999
6151457,61,178,5426,1999,58562.0,0.0,2.334811,-2.060502,DEU,PRK,120999
6151458,114,178,5426,1999,4544.0,0.0,2.541382,0.693702,JPN,PRK,120999
6151459,15,185,5426,1999,22635.0,3769.0,1.836804,0.744312,AUT,ROU,120999
6151460,18,185,5426,1999,0.0,30615.0,1.512061,1.253478,BEL,ROU,120999
6151461,61,185,5426,1999,0.0,5864.0,2.334811,-2.060502,DEU,ROU,120999
6151462,64,185,5426,1999,5413.0,34783.0,1.264405,1.469627,DNK,ROU,120999
6151463,71,185,5426,1999,5589.0,0.0,1.0849209999999998,1.9351180000000001,ESP,ROU,120999
6151464,77,185,5426,1999,65236.0,9216.0,1.72758,0.6619079999999999,FRA,ROU,120999
6151465,90,185,5426,1999,0.0,2297.0,0.24943600000000002,1.172467,GRC,ROU,120999
6151466,102,185,5426,1999,5252.0,92583.0,0.794675,1.308337,HUN,ROU,120999
6151467,111,185,5426,1999,54171.0,27185.0,1.395253,1.3589790000000002,ITA,ROU,120999
6151468,124,185,5426,1999,3807.0,0.0,0.264151,0.767188,LBN,ROU,120999
6151469,162,185,5426,1999,19871.0,29002.0,1.308776,1.574293,NLD,ROU,120999
6151470,224,185,5426,1999,0.0,6864.0,0.044692,1.745755,TUR,ROU,120999
6151471,231,185,5426,1999,4351.0,0.0,1.8755119999999998,0.5350729999999999,USA,ROU,120999
6151472,15,189,5426,1999,178437.0,0.0,1.836804,0.744312,AUT,SCG,120999
6151473,26,189,5426,1999,0.0,8285.0,0.366494,0.298229,BIH,SCG,120999
6151474,61,189,5426,1999,0.0,5712.0,2.334811,-2.060502,DEU,SCG,120999
6151475,64,189,5426,1999,1812.0,49517.0,1.264405,1.469627,DNK,SCG,120999
6151476,77,189,5426,1999,0.0,2616.0,1.72758,0.6619079999999999,FRA,SCG,120999
6151477,81,189,5426,1999,0.0,2797.0,1.9523830000000002,0.771455,GBR,SCG,120999
6151478,102,189,5426,1999,57554.0,0.0,0.794675,1.308337,HUN,SCG,120999
6151479,111,189,5426,1999,0.0,8511.0,1.395253,1.3589790000000002,ITA,SCG,120999
6151480,162,189,5426,1999,11078.0,11720.0,1.308776,1.574293,NLD,SCG,120999
6151481,207,189,5426,1999,0.0,15127.0,1.447589,1.284414,SVN,SCG,120999
6151482,14,212,5426,1999,25111.0,0.0,0.357101,0.8857879999999999,AUS,SYR,120999
6151483,61,212,5426,1999,0.0,3904.0,2.334811,-2.060502,DEU,SYR,120999
6151484,68,212,5426,1999,11973.0,41983.0,-0.311879,0.300746,EGY,SYR,120999
6151485,77,212,5426,1999,50464.0,0.0,1.72758,0.6619079999999999,FRA,SYR,120999
6151486,81,212,5426,1999,30857.0,0.0,1.9523830000000002,0.771455,GBR,SYR,120999
6151487,107,212,5426,1999,279628.0,0.0,-0.9366620000000001,-1.147602,IRN,SYR,120999
6151488,124,212,5426,1999,0.0,22263.0,0.264151,0.767188,LBN,SYR,120999
6151489,162,212,5426,1999,56225.0,0.0,1.308776,1.574293,NLD,SYR,120999
6151490,231,212,5426,1999,431749.0,0.0,1.8755119999999998,0.5350729999999999,USA,SYR,120999
6151491,61,223,5426,1999,27866.0,0.0,2.334811,-2.060502,DEU,TUN,120999
6151492,64,223,5426,1999,8115.0,0.0,1.264405,1.469627,DNK,TUN,120999
6151493,77,223,5426,1999,184919.0,0.0,1.72758,0.6619079999999999,FRA,TUN,120999
6151494,111,223,5426,1999,94830.0,0.0,1.395253,1.3589790000000002,ITA,TUN,120999
6151495,162,223,5426,1999,18485.0,0.0,1.308776,1.574293,NLD,TUN,120999
6151496,231,223,5426,1999,50038.0,0.0,1.8755119999999998,0.5350729999999999,USA,TUN,120999
6151497,14,250,5426,1999,2858.0,1654.0,0.357101,0.8857879999999999,AUS,ANS,120999
6151498,32,250,5426,1999,1184.0,115182.0,0.762468,1.191759,BRA,ANS,120999
6151499,39,250,5426,1999,0.0,8996.0,1.083572,1.08026,CAN,ANS,120999
6151500,42,250,5426,1999,0.0,6269.0,0.041013,-0.111553,CHL,ANS,120999
6151501,61,250,5426,1999,6531.0,0.0,2.334811,-2.060502,DEU,ANS,120999
6151502,64,250,5426,1999,2983.0,0.0,1.264405,1.469627,DNK,ANS,120999
6151503,68,250,5426,1999,23990.0,0.0,-0.311879,0.300746,EGY,ANS,120999
6151504,77,250,5426,1999,0.0,30966.0,1.72758,0.6619079999999999,FRA,ANS,120999
6151505,107,250,5426,1999,1367.0,0.0,-0.9366620000000001,-1.147602,IRN,ANS,120999
6151506,113,250,5426,1999,175575.0,0.0,0.475995,0.514447,JOR,ANS,120999
6151507,136,250,5426,1999,1263.0,0.0,-1.186653,-0.5059279999999999,MDG,ANS,120999
6151508,162,250,5426,1999,1949.0,5767731.0,1.308776,1.574293,NLD,ANS,120999
6151509,163,250,5426,1999,0.0,6455.0,1.1012959999999998,0.240184,NOR,ANS,120999
6151510,188,250,5426,1999,37098.0,0.0,0.553028,-0.527401,SAU,ANS,120999
6151511,224,250,5426,1999,6773.0,0.0,0.044692,1.745755,TUR,ANS,120999
6151512,249,250,5426,1999,27979.0,0.0,1.336816,1.725334,TWN,ANS,120999
6151513,231,30,5426,1999,15702.0,0.0,1.8755119999999998,0.5350729999999999,USA,BMU,120999
6151514,32,65,5426,1999,0.0,5147.0,0.762468,1.191759,BRA,DOM,120999
6151515,49,65,5426,1999,0.0,6829.0,0.190667,0.136271,COL,DOM,120999
6151516,52,65,5426,1999,55151.0,0.0,-0.310033,-0.299529,CRI,DOM,120999
6151517,54,65,5426,1999,28276.0,0.0,-0.152322,-0.8734270000000001,CUB,DOM,120999
6151518,61,65,5426,1999,0.0,6225.0,2.334811,-2.060502,DEU,DOM,120999
6151519,77,65,5426,1999,55889.0,0.0,1.72758,0.6619079999999999,FRA,DOM,120999
6151520,231,65,5426,1999,571212.0,0.0,1.8755119999999998,0.5350729999999999,USA,DOM,120999
6151521,249,65,5426,1999,177545.0,0.0,1.336816,1.725334,TWN,DOM,120999
6151522,14,239,5426,1999,29442.0,3823.0,0.357101,0.8857879999999999,AUS,VNM,120999
6151523,77,239,5426,1999,11115.0,0.0,1.72758,0.6619079999999999,FRA,VNM,120999
6151524,97,239,5426,1999,31509.0,0.0,0.387427,2.402434,HKG,VNM,120999
6151525,114,239,5426,1999,29264.0,16711.0,2.541382,0.693702,JPN,VNM,120999
6151526,216,239,5426,1999,37927.0,0.0,0.20451,1.513533,THA,VNM,120999
6151527,231,239,5426,1999,64486.0,0.0,1.8755119999999998,0.5350729999999999,USA,VNM,120999
6151528,249,239,5426,1999,138307.0,596781.0,1.336816,1.725334,TWN,VNM,120999
6151529,162,87,5426,1999,1466.0,0.0,1.308776,1.574293,NLD,GMB,120999
6151530,114,91,5426,1999,16996.0,0.0,2.541382,0.693702,JPN,GRD,120999
6151531,231,91,5426,1999,21709.0,0.0,1.8755119999999998,0.5350729999999999,USA,GRD,120999
6151532,249,91,5426,1999,384.0,0.0,1.336816,1.725334,TWN,GRD,120999
6151533,14,99,5426,1999,0.0,47271.0,0.357101,0.8857879999999999,AUS,HND,120999
6151534,32,99,5426,1999,4752.0,5655.0,0.762468,1.191759,BRA,HND,120999
6151535,49,99,5426,1999,0.0,4241.0,0.190667,0.136271,COL,HND,120999
6151536,52,99,5426,1999,22802.0,0.0,-0.310033,-0.299529,CRI,HND,120999
6151537,71,99,5426,1999,115260.0,0.0,1.0849209999999998,1.9351180000000001,ESP,HND,120999
6151538,77,99,5426,1999,22110.0,0.0,1.72758,0.6619079999999999,FRA,HND,120999
6151539,93,99,5426,1999,3906.0,7950.0,-0.459323,0.210247,GTM,HND,120999
6151540,110,99,5426,1999,1746.0,0.0,1.342593,0.781931,ISR,HND,120999
6151541,114,99,5426,1999,57621.0,0.0,2.541382,0.693702,JPN,HND,120999
6151542,162,99,5426,1999,2037.0,1440.0,1.308776,1.574293,NLD,HND,120999
6151543,169,99,5426,1999,0.0,11649.0,0.126144,0.491986,PAN,HND,120999
6151544,216,99,5426,1999,92046.0,0.0,0.20451,1.513533,THA,HND,120999
6151545,231,99,5426,1999,561778.0,31190.0,1.8755119999999998,0.5350729999999999,USA,HND,120999
6151546,236,99,5426,1999,0.0,112071.0,0.16454100000000002,-0.691021,VEN,HND,120999
6151547,14,127,5426,1999,11511.0,0.0,0.357101,0.8857879999999999,AUS,LCA,120999
6151548,33,127,5426,1999,1252.0,0.0,0.878015,0.413308,BRB,LCA,120999
6151549,77,127,5426,1999,3608.0,0.0,1.72758,0.6619079999999999,FRA,LCA,120999
6151550,81,127,5426,1999,969.0,0.0,1.9523830000000002,0.771455,GBR,LCA,120999
6151551,162,127,5426,1999,934.0,0.0,1.308776,1.574293,NLD,LCA,120999
6151552,216,127,5426,1999,1872.0,0.0,0.20451,1.513533,THA,LCA,120999
6151553,222,127,5426,1999,1325.0,0.0,0.258046,-0.562956,TTO,LCA,120999
6151554,231,127,5426,1999,4835.0,0.0,1.8755119999999998,0.5350729999999999,USA,LCA,120999
6151555,77,234,5426,1999,1732.0,0.0,1.72758,0.6619079999999999,FRA,VCT,120999
6151556,231,234,5426,1999,4947.0,0.0,1.8755119999999998,0.5350729999999999,USA,VCT,120999
6151557,90,4,5426,1999,1482.0,0.0,0.24943600000000002,1.172467,GRC,ALB,120999
6151558,111,4,5426,1999,12082.0,46160.0,1.395253,1.3589790000000002,ITA,ALB,120999
6151559,224,4,5426,1999,5107.0,0.0,0.044692,1.745755,TUR,ALB,120999
6151560,14,17,5426,1999,1079.0,0.0,0.357101,0.8857879999999999,AUS,BDI,120999
6151561,162,17,5426,1999,13995.0,0.0,1.308776,1.574293,NLD,BDI,120999
6151562,32,19,5426,1999,0.0,8408.0,0.762468,1.191759,BRA,BEN,120999
6151563,49,19,5426,1999,0.0,92376.0,0.190667,0.136271,COL,BEN,120999
6151564,103,19,5426,1999,0.0,19277.0,-0.20447,1.568505,IDN,BEN,120999
6151565,77,21,5426,1999,66332.0,0.0,1.72758,0.6619079999999999,FRA,BFA,120999
6151566,104,21,5426,1999,5445.0,0.0,0.29945900000000003,2.438702,IND,BFA,120999
6151567,141,21,5426,1999,715.0,0.0,-0.8019149999999999,-0.9337979999999999,MLI,BFA,120999
6151568,162,21,5426,1999,7247.0,1029.0,1.308776,1.574293,NLD,BFA,120999
6151569,64,24,5426,1999,3991.0,0.0,1.264405,1.469627,DNK,BHR,120999
6151570,77,24,5426,1999,2273.0,0.0,1.72758,0.6619079999999999,FRA,BHR,120999
6151571,104,24,5426,1999,4106.0,0.0,0.29945900000000003,2.438702,IND,BHR,120999
6151572,107,24,5426,1999,2770.0,0.0,-0.9366620000000001,-1.147602,IRN,BHR,120999
6151573,124,24,5426,1999,1021.0,0.0,0.264151,0.767188,LBN,BHR,120999
6151574,231,24,5426,1999,4295.0,0.0,1.8755119999999998,0.5350729999999999,USA,BHR,120999
6151575,52,45,5426,1999,1662.0,0.0,-0.310033,-0.299529,CRI,CMR,120999
6151576,77,45,5426,1999,98448.0,0.0,1.72758,0.6619079999999999,FRA,CMR,120999
6151577,162,45,5426,1999,1293.0,0.0,1.308776,1.574293,NLD,CMR,120999
6151578,246,45,5426,1999,28735.0,0.0,0.543171,1.432792,ZAF,CMR,120999
6151579,77,50,5426,1999,4754.0,0.0,1.72758,0.6619079999999999,FRA,COM,120999
6151580,18,85,5426,1999,6420.0,0.0,1.512061,1.253478,BEL,GIN,120999
6151581,77,85,5426,1999,2179.0,0.0,1.72758,0.6619079999999999,FRA,GIN,120999
6151582,39,109,5426,1999,0.0,2800.0,1.083572,1.08026,CAN,ISL,120999
6151583,64,109,5426,1999,5370.0,0.0,1.264405,1.469627,DNK,ISL,120999
6151584,74,109,5426,1999,24118.0,0.0,2.095642,0.966282,FIN,ISL,120999
6151585,163,109,5426,1999,1124.0,0.0,1.1012959999999998,0.240184,NOR,ISL,120999
6151586,208,109,5426,1999,2234.0,0.0,2.1456720000000002,0.856556,SWE,ISL,120999
6151587,231,109,5426,1999,5513.0,0.0,1.8755119999999998,0.5350729999999999,USA,ISL,120999
6151588,246,109,5426,1999,0.0,5051.0,0.543171,1.432792,ZAF,ISL,120999
6151589,111,126,5426,1999,2882.0,0.0,1.395253,1.3589790000000002,ITA,LBY,120999
6151590,16,130,5426,1999,0.0,1874.0,-0.076295,-0.742161,AZE,LTU,120999
6151591,61,130,5426,1999,63761.0,0.0,2.334811,-2.060502,DEU,LTU,120999
6151592,64,130,5426,1999,48217.0,0.0,1.264405,1.469627,DNK,LTU,120999
6151593,81,130,5426,1999,8188.0,0.0,1.9523830000000002,0.771455,GBR,LTU,120999
6151594,132,130,5426,1999,17873.0,806.0,0.20633600000000002,0.324171,LVA,LTU,120999
6151595,162,130,5426,1999,16394.0,0.0,1.308776,1.574293,NLD,LTU,120999
6151596,177,130,5426,1999,123430.0,0.0,0.8512700000000001,1.8975229999999998,POL,LTU,120999
6151597,208,130,5426,1999,1900.0,29428.0,2.1456720000000002,0.856556,SWE,LTU,120999
6151598,97,133,5426,1999,1035.0,0.0,0.387427,2.402434,HKG,MAC,120999
6151599,104,133,5426,1999,410.0,0.0,0.29945900000000003,2.438702,IND,MAC,120999
6151600,231,133,5426,1999,8127.0,0.0,1.8755119999999998,0.5350729999999999,USA,MAC,120999
6151601,249,133,5426,1999,0.0,10434.0,1.336816,1.725334,TWN,MAC,120999
6151602,14,136,5426,1999,1974.0,6139.0,0.357101,0.8857879999999999,AUS,MDG,120999
6151603,71,136,5426,1999,0.0,6128.0,1.0849209999999998,1.9351180000000001,ESP,MDG,120999
6151604,77,136,5426,1999,17804.0,1596.0,1.72758,0.6619079999999999,FRA,MDG,120999
6151605,97,136,5426,1999,0.0,1085.0,0.387427,2.402434,HKG,MDG,120999
6151606,134,136,5426,1999,0.0,2681.0,-0.659053,-0.142104,MAR,MDG,120999
6151607,151,136,5426,1999,0.0,38006.0,-0.5713729999999999,-0.696416,MUS,MDG,120999
6151608,162,136,5426,1999,0.0,74440.0,1.308776,1.574293,NLD,MDG,120999
6151609,192,136,5426,1999,0.0,3513.0,1.355833,0.594305,SGP,MDG,120999
6151610,231,136,5426,1999,0.0,1495.0,1.8755119999999998,0.5350729999999999,USA,MDG,120999
6151611,246,136,5426,1999,4540.0,914.0,0.543171,1.432792,ZAF,MDG,120999
6151612,249,136,5426,1999,0.0,1271.0,1.336816,1.725334,TWN,MDG,120999
6151613,250,136,5426,1999,0.0,1263.0,1.130511,0.9547379999999999,ANS,MDG,120999
6151614,7,137,5426,1999,558.0,0.0,-0.21921,-0.54813,ARE,MDV,120999
6151615,14,137,5426,1999,1262.0,0.0,0.357101,0.8857879999999999,AUS,MDV,120999
6151616,104,137,5426,1999,1575.0,0.0,0.29945900000000003,2.438702,IND,MDV,120999
6151617,21,141,5426,1999,0.0,715.0,-0.386471,-0.7413109999999999,BFA,MLI,120999
6151618,77,141,5426,1999,1740.0,0.0,1.72758,0.6619079999999999,FRA,MLI,120999
6151619,162,141,5426,1999,2667.0,0.0,1.308776,1.574293,NLD,MLI,120999
6151620,14,151,5426,1999,0.0,3400.0,0.357101,0.8857879999999999,AUS,MUS,120999
6151621,64,151,5426,1999,6554.0,0.0,1.264405,1.469627,DNK,MUS,120999
6151622,71,151,5426,1999,0.0,1761.0,1.0849209999999998,1.9351180000000001,ESP,MUS,120999
6151623,77,151,5426,1999,23684.0,0.0,1.72758,0.6619079999999999,FRA,MUS,120999
6151624,97,151,5426,1999,0.0,93104.0,0.387427,2.402434,HKG,MUS,120999
6151625,104,151,5426,1999,3852.0,0.0,0.29945900000000003,2.438702,IND,MUS,120999
6151626,110,151,5426,1999,5393.0,0.0,1.342593,0.781931,ISR,MUS,120999
6151627,114,151,5426,1999,22138.0,0.0,2.541382,0.693702,JPN,MUS,120999
6151628,121,151,5426,1999,13259.0,0.0,0.92448,1.053988,KOR,MUS,120999
6151629,136,151,5426,1999,38006.0,0.0,-1.186653,-0.5059279999999999,MDG,MUS,120999
6151630,162,151,5426,1999,34902.0,5195.0,1.308776,1.574293,NLD,MUS,120999
6151631,216,151,5426,1999,6652.0,0.0,0.20451,1.513533,THA,MUS,120999
6151632,231,151,5426,1999,44972.0,0.0,1.8755119999999998,0.5350729999999999,USA,MUS,120999
6151633,246,151,5426,1999,17980.0,0.0,0.543171,1.432792,ZAF,MUS,120999
6151634,249,151,5426,1999,3288.0,0.0,1.336816,1.725334,TWN,MUS,120999
6151635,162,152,5426,1999,1666.0,0.0,1.308776,1.574293,NLD,MWI,120999
6151636,246,152,5426,1999,88159.0,5762.0,0.543171,1.432792,ZAF,MWI,120999
6151637,44,157,5426,1999,0.0,6844.0,-0.591892,-0.654457,CIV,NER,120999
6151638,77,157,5426,1999,38377.0,0.0,1.72758,0.6619079999999999,FRA,NER,120999
6151639,190,157,5426,1999,0.0,16644.0,-1.321619,-1.162911,SDN,NER,120999
6151640,77,164,5426,1999,919.0,12801.0,1.72758,0.6619079999999999,FRA,NPL,120999
6151641,81,164,5426,1999,990.0,0.0,1.9523830000000002,0.771455,GBR,NPL,120999
6151642,97,164,5426,1999,870.0,0.0,0.387427,2.402434,HKG,NPL,120999
6151643,104,164,5426,1999,1751.0,28380.0,0.29945900000000003,2.438702,IND,NPL,120999
6151644,114,164,5426,1999,22491.0,39641.0,2.541382,0.693702,JPN,NPL,120999
6151645,121,164,5426,1999,15200.0,0.0,0.92448,1.053988,KOR,NPL,120999
6151646,192,164,5426,1999,3029.0,0.0,1.355833,0.594305,SGP,NPL,120999
6151647,14,182,5426,1999,920.0,0.0,0.357101,0.8857879999999999,AUS,PYF,120999
6151648,43,182,5426,1999,136.0,0.0,0.386094,3.270089,CHN,PYF,120999
6151649,77,182,5426,1999,104749.0,1378.0,1.72758,0.6619079999999999,FRA,PYF,120999
6151650,114,182,5426,1999,3562.0,0.0,2.541382,0.693702,JPN,PYF,120999
6151651,231,182,5426,1999,2167.0,0.0,1.8755119999999998,0.5350729999999999,USA,PYF,120999
6151652,249,182,5426,1999,1326.0,0.0,1.336816,1.725334,TWN,PYF,120999
6151653,14,183,5426,1999,2163.0,0.0,0.357101,0.8857879999999999,AUS,QAT,120999
6151654,77,183,5426,1999,8454.0,0.0,1.72758,0.6619079999999999,FRA,QAT,120999
6151655,81,183,5426,1999,8956.0,0.0,1.9523830000000002,0.771455,GBR,QAT,120999
6151656,104,183,5426,1999,11052.0,0.0,0.29945900000000003,2.438702,IND,QAT,120999
6151657,107,183,5426,1999,166289.0,0.0,-0.9366620000000001,-1.147602,IRN,QAT,120999
6151658,124,183,5426,1999,6021.0,0.0,0.264151,0.767188,LBN,QAT,120999
6151659,231,183,5426,1999,4919.0,0.0,1.8755119999999998,0.5350729999999999,USA,QAT,120999
6151660,249,183,5426,1999,2906.0,0.0,1.336816,1.725334,TWN,QAT,120999
6151661,116,199,5426,1999,6052.0,0.0,-0.336125,0.43983999999999995,KEN,SOM,120999
6151662,231,211,5426,1999,0.0,28614.0,1.8755119999999998,0.5350729999999999,USA,SYC,120999
6151663,246,211,5426,1999,911.0,0.0,0.543171,1.432792,ZAF,SYC,120999
6151664,77,215,5426,1999,8315.0,0.0,1.72758,0.6619079999999999,FRA,TGO,120999
6151665,104,215,5426,1999,2955.0,0.0,0.29945900000000003,2.438702,IND,TGO,120999
6151666,61,226,5426,1999,1834.0,17468.0,2.334811,-2.060502,DEU,TZA,120999
6151667,64,226,5426,1999,0.0,423.0,1.264405,1.469627,DNK,TZA,120999
6151668,77,226,5426,1999,1198.0,0.0,1.72758,0.6619079999999999,FRA,TZA,120999
6151669,104,226,5426,1999,0.0,131819.0,0.29945900000000003,2.438702,IND,TZA,120999
6151670,114,226,5426,1999,0.0,5664.0,2.541382,0.693702,JPN,TZA,120999
6151671,116,226,5426,1999,8586.0,828.0,-0.336125,0.43983999999999995,KEN,TZA,120999
6151672,162,226,5426,1999,1117.0,180256.0,1.308776,1.574293,NLD,TZA,120999
6151673,231,226,5426,1999,1262.0,0.0,1.8755119999999998,0.5350729999999999,USA,TZA,120999
6151674,246,226,5426,1999,7075.0,0.0,0.543171,1.432792,ZAF,TZA,120999
6151675,248,226,5426,1999,1434.0,0.0,-0.320533,-0.180527,ZWE,TZA,120999
6151676,116,227,5426,1999,3717.0,0.0,-0.336125,0.43983999999999995,KEN,UGA,120999
6151677,246,227,5426,1999,3032.0,0.0,0.543171,1.432792,ZAF,UGA,120999
6151678,64,243,5426,1999,1583.0,0.0,1.264405,1.469627,DNK,YEM,120999
6151679,68,243,5426,1999,10691.0,0.0,-0.311879,0.300746,EGY,YEM,120999
6151680,104,243,5426,1999,27827.0,0.0,0.29945900000000003,2.438702,IND,YEM,120999
6151681,231,243,5426,1999,51246.0,0.0,1.8755119999999998,0.5350729999999999,USA,YEM,120999
6151682,32,2,5426,1999,2465.0,0.0,0.762468,1.191759,BRA,AGO,120999
6151683,246,2,5426,1999,414817.0,0.0,0.543171,1.432792,ZAF,AGO,120999
6151684,43,22,5426,1999,44567.0,0.0,0.386094,3.270089,CHN,BGD,120999
6151685,64,22,5426,1999,4832.0,0.0,1.264405,1.469627,DNK,BGD,120999
6151686,104,22,5426,1999,1207326.0,0.0,0.29945900000000003,2.438702,IND,BGD,120999
6151687,114,22,5426,1999,151787.0,0.0,2.541382,0.693702,JPN,BGD,120999
6151688,249,22,5426,1999,3234.0,0.0,1.336816,1.725334,TWN,BGD,120999
6151689,15,26,5426,1999,1903.0,0.0,1.836804,0.744312,AUT,BIH,120999
6151690,102,26,5426,1999,11141.0,0.0,0.794675,1.308337,HUN,BIH,120999
6151691,111,26,5426,1999,141526.0,0.0,1.395253,1.3589790000000002,ITA,BIH,120999
6151692,162,26,5426,1999,9302.0,0.0,1.308776,1.574293,NLD,BIH,120999
6151693,189,26,5426,1999,8285.0,0.0,0.607596,2.222456,SCG,BIH,120999
6151694,207,26,5426,1999,66032.0,0.0,1.447589,1.284414,SVN,BIH,120999
6151695,77,47,5426,1999,33357.0,0.0,1.72758,0.6619079999999999,FRA,COG,120999
6151696,246,47,5426,1999,7752.0,0.0,0.543171,1.432792,ZAF,COG,120999
6151697,32,75,5426,1999,1497.0,0.0,0.762468,1.191759,BRA,FJI,120999
6151698,192,75,5426,1999,0.0,59533.0,1.355833,0.594305,SGP,FJI,120999
6151699,77,101,5426,1999,7363.0,0.0,1.72758,0.6619079999999999,FRA,HTI,120999
6151700,231,101,5426,1999,50145.0,0.0,1.8755119999999998,0.5350729999999999,USA,HTI,120999
6151701,107,108,5426,1999,22229.0,0.0,-0.9366620000000001,-1.147602,IRN,IRQ,120999
6151702,111,108,5426,1999,931697.0,0.0,1.395253,1.3589790000000002,ITA,IRQ,120999
6151703,113,108,5426,1999,11036.0,0.0,0.475995,0.514447,JOR,IRQ,120999
6151704,231,108,5426,1999,246145.0,0.0,1.8755119999999998,0.5350729999999999,USA,IRQ,120999
6151705,61,115,5426,1999,4046.0,0.0,2.334811,-2.060502,DEU,KAZ,120999
6151706,162,115,5426,1999,48659.0,0.0,1.308776,1.574293,NLD,KAZ,120999
6151707,14,118,5426,1999,14827.0,0.0,0.357101,0.8857879999999999,AUS,KHM,120999
6151708,192,118,5426,1999,2376.0,0.0,1.355833,0.594305,SGP,KHM,120999
6151709,39,143,5426,1999,0.0,122388.0,1.083572,1.08026,CAN,MMR,120999
6151710,104,143,5426,1999,78454.0,0.0,0.29945900000000003,2.438702,IND,MMR,120999
6151711,192,143,5426,1999,9168.0,0.0,1.355833,0.594305,SGP,MMR,120999
6151712,249,143,5426,1999,0.0,387058.0,1.336816,1.725334,TWN,MMR,120999
6151713,246,147,5426,1999,76757.0,0.0,0.543171,1.432792,ZAF,MOZ,120999
6151714,14,156,5426,1999,7360.0,0.0,0.357101,0.8857879999999999,AUS,NCL,120999
6151715,77,156,5426,1999,19174.0,0.0,1.72758,0.6619079999999999,FRA,NCL,120999
6151716,114,156,5426,1999,2674.0,0.0,2.541382,0.693702,JPN,NCL,120999
6151717,162,156,5426,1999,1499.0,0.0,1.308776,1.574293,NLD,NCL,120999
6151718,166,156,5426,1999,11180.0,0.0,0.592051,0.780176,NZL,NCL,120999
6151719,249,156,5426,1999,1537.0,0.0,1.336816,1.725334,TWN,NCL,120999
6151720,14,180,5426,1999,3041.0,0.0,0.357101,0.8857879999999999,AUS,PRY,120999
6151721,15,180,5426,1999,10555.0,0.0,1.836804,0.744312,AUT,PRY,120999
6151722,32,180,5426,1999,39724.0,0.0,0.762468,1.191759,BRA,PRY,120999
6151723,42,180,5426,1999,12505.0,0.0,0.041013,-0.111553,CHL,PRY,120999
6151724,81,180,5426,1999,1106.0,0.0,1.9523830000000002,0.771455,GBR,PRY,120999
6151725,230,180,5426,1999,7923.0,0.0,0.26815700000000003,0.307394,URY,PRY,120999
6151726,231,180,5426,1999,5254.0,0.0,1.8755119999999998,0.5350729999999999,USA,PRY,120999
6151727,246,180,5426,1999,6162.0,0.0,0.543171,1.432792,ZAF,PRY,120999
6151728,64,248,5426,1999,7210.0,0.0,1.264405,1.469627,DNK,ZWE,120999
6151729,81,248,5426,1999,14396.0,8255.0,1.9523830000000002,0.771455,GBR,ZWE,120999
6151730,114,248,5426,1999,0.0,23233.0,2.541382,0.693702,JPN,ZWE,120999
6151731,116,248,5426,1999,0.0,71492.0,-0.336125,0.43983999999999995,KEN,ZWE,120999
6151732,162,248,5426,1999,40378.0,180960.0,1.308776,1.574293,NLD,ZWE,120999
6151733,188,248,5426,1999,0.0,32254.0,0.553028,-0.527401,SAU,ZWE,120999
6151734,224,248,5426,1999,0.0,7435.0,0.044692,1.745755,TUR,ZWE,120999
6151735,226,248,5426,1999,0.0,1434.0,-1.068358,-0.54693,TZA,ZWE,120999
6151736,231,248,5426,1999,11406.0,25467.0,1.8755119999999998,0.5350729999999999,USA,ZWE,120999
6151737,246,248,5426,1999,156993.0,144941.0,0.543171,1.432792,ZAF,ZWE,120999
6151738,247,248,5426,1999,0.0,1353.0,-0.388446,-0.47129099999999996,ZMB,ZWE,120999
6151739,107,232,5426,1999,3938.0,0.0,-0.9366620000000001,-1.147602,IRN,UZB,120999
6151740,162,232,5426,1999,126789.0,0.0,1.308776,1.574293,NLD,UZB,120999
6151741,186,232,5426,1999,0.0,5558.0,0.903308,0.590858,RUS,UZB,120999
6151742,104,1,5426,1999,5472.0,3886.0,0.29945900000000003,2.438702,IND,AFG,120999
6151743,124,1,5426,1999,0.0,241433.0,0.264151,0.767188,LBN,AFG,120999
6151744,188,1,5426,1999,0.0,22487.0,0.553028,-0.527401,SAU,AFG,120999
6151745,71,5,5426,1999,6425.0,0.0,1.0849209999999998,1.9351180000000001,ESP,AND,120999
6151746,14,34,5426,1999,2607.0,0.0,0.357101,0.8857879999999999,AUS,BRN,120999
6151747,192,34,5426,1999,5209.0,0.0,1.355833,0.594305,SGP,BRN,120999
6151748,18,40,5426,1999,0.0,41872.0,1.512061,1.253478,BEL,CCK,120999
6151749,71,40,5426,1999,0.0,74230.0,1.0849209999999998,1.9351180000000001,ESP,CCK,120999
6151750,18,46,5426,1999,15832.0,0.0,1.512061,1.253478,BEL,COD,120999
6151751,14,76,5426,1999,1305.0,0.0,0.357101,0.8857879999999999,AUS,FLK,120999
6151752,14,123,5426,1999,7984.0,0.0,0.357101,0.8857879999999999,AUS,LAO,120999
6151753,43,123,5426,1999,0.0,3093.0,0.386094,3.270089,CHN,LAO,120999
6151754,216,123,5426,1999,4282.0,0.0,0.20451,1.513533,THA,LAO,120999
6151755,216,146,5426,1999,4966.0,0.0,0.20451,1.513533,THA,MNP,120999
6151756,77,148,5426,1999,10734.0,0.0,1.72758,0.6619079999999999,FRA,MRT,120999
6151757,14,158,5426,1999,0.0,141728.0,0.357101,0.8857879999999999,AUS,NFK,120999
6151758,14,176,5426,1999,4954.0,1391.0,0.357101,0.8857879999999999,AUS,PNG,120999
6151759,43,176,5426,1999,0.0,1955.0,0.386094,3.270089,CHN,PNG,120999
6151760,153,176,5426,1999,11885.0,1315.0,0.500591,0.136149,MYS,PNG,120999
6151761,174,176,5426,1999,28678.0,31819.0,-0.401903,-0.333408,PHL,PNG,120999
6151762,192,176,5426,1999,7472.0,0.0,1.355833,0.594305,SGP,PNG,120999
6151763,81,194,5426,1999,1301.0,0.0,1.9523830000000002,0.771455,GBR,SHN,120999
6151764,246,194,5426,1999,2586.0,0.0,0.543171,1.432792,ZAF,SHN,120999
6151765,14,195,5426,1999,2041.0,0.0,0.357101,0.8857879999999999,AUS,SLB,120999
6151766,192,195,5426,1999,1711.0,0.0,1.355833,0.594305,SGP,SLB,120999
6151767,14,221,5426,1999,4976.0,0.0,0.357101,0.8857879999999999,AUS,TON,120999
6151768,166,221,5426,1999,25048.0,0.0,0.592051,0.780176,NZL,TON,120999
6151769,104,35,5426,1999,844.0,552.0,0.29945900000000003,2.438702,IND,BTN,120999
6151770,114,35,5426,1999,0.0,3882.0,2.541382,0.693702,JPN,BTN,120999
6151771,77,38,5426,1999,4559.0,0.0,1.72758,0.6619079999999999,FRA,CAF,120999
6151772,162,38,5426,1999,18941.0,0.0,1.308776,1.574293,NLD,CAF,120999
6151773,77,51,5426,1999,1676.0,0.0,1.72758,0.6619079999999999,FRA,CPV,120999
6151774,111,69,5426,1999,83712.0,0.0,1.395253,1.3589790000000002,ITA,ERI,120999
6151775,64,78,5426,1999,1012.0,0.0,1.264405,1.469627,DNK,FRO,120999
6151776,162,78,5426,1999,238.0,0.0,1.308776,1.574293,NLD,FRO,120999
6151777,163,78,5426,1999,1601.0,0.0,1.1012959999999998,0.240184,NOR,FRO,120999
6151778,162,117,5426,1999,30804.0,0.0,1.308776,1.574293,NLD,KGZ,120999
6151779,77,200,5426,1999,6837.0,0.0,1.72758,0.6619079999999999,FRA,SPM,120999
6151780,18,15,5432,1999,0.0,119517.0,1.512061,1.253478,BEL,AUT,121210
6151781,41,15,5432,1999,1532.0,0.0,2.189934,0.741428,CHE,AUT,121210
6151782,61,15,5432,1999,21270.0,0.0,2.334811,-2.060502,DEU,AUT,121210
6151783,71,15,5432,1999,1336219.0,28766.0,1.0849209999999998,1.9351180000000001,ESP,AUT,121210
6151784,77,15,5432,1999,0.0,285087.0,1.72758,0.6619079999999999,FRA,AUT,121210
6151785,81,15,5432,1999,0.0,83435.0,1.9523830000000002,0.771455,GBR,AUT,121210
6151786,111,15,5432,1999,1693.0,0.0,1.395253,1.3589790000000002,ITA,AUT,121210
6151787,162,15,5432,1999,5447.0,1741124.0,1.308776,1.574293,NLD,AUT,121210
6151788,224,15,5432,1999,3829.0,0.0,0.044692,1.745755,TUR,AUT,121210
6151789,15,18,5432,1999,119517.0,0.0,1.836804,0.744312,AUT,BEL,121210
6151790,61,18,5432,1999,1644.0,12697.0,2.334811,-2.060502,DEU,BEL,121210
6151791,64,18,5432,1999,0.0,3474.0,1.264405,1.469627,DNK,BEL,121210
6151792,71,18,5432,1999,57053.0,0.0,1.0849209999999998,1.9351180000000001,ESP,BEL,121210
6151793,77,18,5432,1999,79142.0,8255.0,1.72758,0.6619079999999999,FRA,BEL,121210
6151794,81,18,5432,1999,4842.0,343804.0,1.9523830000000002,0.771455,GBR,BEL,121210
6151795,90,18,5432,1999,36085.0,0.0,0.24943600000000002,1.172467,GRC,BEL,121210
6151796,102,18,5432,1999,0.0,976.0,0.794675,1.308337,HUN,BEL,121210
6151797,111,18,5432,1999,1118.0,5397.0,1.395253,1.3589790000000002,ITA,BEL,121210
6151798,114,18,5432,1999,7966.0,0.0,2.541382,0.693702,JPN,BEL,121210
6151799,131,18,5432,1999,0.0,5849.0,1.499745,1.142951,LUX,BEL,121210
6151800,162,18,5432,1999,50987.0,13880.0,1.308776,1.574293,NLD,BEL,121210
6151801,179,18,5432,1999,0.0,2586.0,0.420538,1.379359,PRT,BEL,121210
6151802,208,18,5432,1999,0.0,1264.0,2.1456720000000002,0.856556,SWE,BEL,121210
6151803,15,41,5432,1999,0.0,1532.0,1.836804,0.744312,AUT,CHE,121210
6151804,61,41,5432,1999,16378.0,0.0,2.334811,-2.060502,DEU,CHE,121210
6151805,71,41,5432,1999,167593.0,0.0,1.0849209999999998,1.9351180000000001,ESP,CHE,121210
6151806,77,41,5432,1999,4759.0,0.0,1.72758,0.6619079999999999,FRA,CHE,121210
6151807,81,41,5432,1999,6886.0,0.0,1.9523830000000002,0.771455,GBR,CHE,121210
6151808,111,41,5432,1999,1003021.0,0.0,1.395253,1.3589790000000002,ITA,CHE,121210
6151809,179,41,5432,1999,3260.0,0.0,0.420538,1.379359,PRT,CHE,121210
6151810,192,41,5432,1999,0.0,21736.0,1.355833,0.594305,SGP,CHE,121210
6151811,231,41,5432,1999,30166.0,0.0,1.8755119999999998,0.5350729999999999,USA,CHE,121210
6151812,14,43,5432,1999,0.0,5192.0,0.357101,0.8857879999999999,AUS,CHN,121210
6151813,103,43,5432,1999,14312.0,0.0,-0.20447,1.568505,IDN,CHN,121210
6151814,116,43,5432,1999,1349.0,0.0,-0.336125,0.43983999999999995,KEN,CHN,121210
6151815,138,43,5432,1999,0.0,147972.0,0.581034,0.8399760000000001,MEX,CHN,121210
6151816,162,43,5432,1999,0.0,1875.0,1.308776,1.574293,NLD,CHN,121210
6151817,164,43,5432,1999,0.0,4024.0,-0.421433,0.24781799999999998,NPL,CHN,121210
6151818,192,43,5432,1999,0.0,27394.0,1.355833,0.594305,SGP,CHN,121210
6151819,216,43,5432,1999,0.0,1499.0,0.20451,1.513533,THA,CHN,121210
6151820,231,43,5432,1999,10411.0,0.0,1.8755119999999998,0.5350729999999999,USA,CHN,121210
6151821,71,49,5432,1999,5875.0,0.0,1.0849209999999998,1.9351180000000001,ESP,COL,121210
6151822,15,61,5432,1999,0.0,21270.0,1.836804,0.744312,AUT,DEU,121210
6151823,18,61,5432,1999,12697.0,1644.0,1.512061,1.253478,BEL,DEU,121210
6151824,41,61,5432,1999,0.0,16378.0,2.189934,0.741428,CHE,DEU,121210
6151825,58,61,5432,1999,16165.0,0.0,0.508464,0.324706,CYP,DEU,121210
6151826,64,61,5432,1999,0.0,51189.0,1.264405,1.469627,DNK,DEU,121210
6151827,71,61,5432,1999,482512.0,0.0,1.0849209999999998,1.9351180000000001,ESP,DEU,121210
6151828,74,61,5432,1999,0.0,1135.0,2.095642,0.966282,FIN,DEU,121210
6151829,77,61,5432,1999,6888.0,6634.0,1.72758,0.6619079999999999,FRA,DEU,121210
6151830,81,61,5432,1999,11824.0,166771.0,1.9523830000000002,0.771455,GBR,DEU,121210
6151831,90,61,5432,1999,1215.0,0.0,0.24943600000000002,1.172467,GRC,DEU,121210
6151832,110,61,5432,1999,0.0,3076.0,1.342593,0.781931,ISR,DEU,121210
6151833,111,61,5432,1999,744234.0,3473.0,1.395253,1.3589790000000002,ITA,DEU,121210
6151834,134,61,5432,1999,221086.0,0.0,-0.659053,-0.142104,MAR,DEU,121210
6151835,153,61,5432,1999,2517.0,0.0,0.500591,0.136149,MYS,DEU,121210
6151836,162,61,5432,1999,45049.0,4024.0,1.308776,1.574293,NLD,DEU,121210
6151837,163,61,5432,1999,1758.0,15116.0,1.1012959999999998,0.240184,NOR,DEU,121210
6151838,166,61,5432,1999,0.0,1507.0,0.592051,0.780176,NZL,DEU,121210
6151839,179,61,5432,1999,4026.0,0.0,0.420538,1.379359,PRT,DEU,121210
6151840,206,61,5432,1999,0.0,2033.0,1.133942,1.105742,SVK,DEU,121210
6151841,207,61,5432,1999,0.0,1184.0,1.447589,1.284414,SVN,DEU,121210
6151842,224,61,5432,1999,10290.0,0.0,0.044692,1.745755,TUR,DEU,121210
6151843,231,61,5432,1999,0.0,86663.0,1.8755119999999998,0.5350729999999999,USA,DEU,121210
6151844,18,64,5432,1999,3474.0,0.0,1.512061,1.253478,BEL,DNK,121210
6151845,61,64,5432,1999,51189.0,0.0,2.334811,-2.060502,DEU,DNK,121210
6151846,74,64,5432,1999,0.0,2466.0,2.095642,0.966282,FIN,DNK,121210
6151847,77,64,5432,1999,1844.0,0.0,1.72758,0.6619079999999999,FRA,DNK,121210
6151848,81,64,5432,1999,4730.0,0.0,1.9523830000000002,0.771455,GBR,DNK,121210
6151849,103,64,5432,1999,27349.0,0.0,-0.20447,1.568505,IDN,DNK,121210
6151850,104,64,5432,1999,38354.0,0.0,0.29945900000000003,2.438702,IND,DNK,121210
6151851,162,64,5432,1999,32905.0,0.0,1.308776,1.574293,NLD,DNK,121210
6151852,179,64,5432,1999,457963.0,0.0,0.420538,1.379359,PRT,DNK,121210
6151853,192,64,5432,1999,0.0,32575.0,1.355833,0.594305,SGP,DNK,121210
6151854,208,64,5432,1999,0.0,11876.0,2.1456720000000002,0.856556,SWE,DNK,121210
6151855,231,64,5432,1999,5259.0,0.0,1.8755119999999998,0.5350729999999999,USA,DNK,121210
6151856,14,71,5432,1999,0.0,37064.0,0.357101,0.8857879999999999,AUS,ESP,121210
6151857,15,71,5432,1999,28766.0,1336219.0,1.836804,0.744312,AUT,ESP,121210
6151858,18,71,5432,1999,0.0,57053.0,1.512061,1.253478,BEL,ESP,121210
6151859,41,71,5432,1999,0.0,167593.0,2.189934,0.741428,CHE,ESP,121210
6151860,49,71,5432,1999,0.0,5875.0,0.190667,0.136271,COL,ESP,121210
6151861,59,71,5432,1999,0.0,3037.0,1.412439,1.329385,CZE,ESP,121210
6151862,61,71,5432,1999,0.0,482512.0,2.334811,-2.060502,DEU,ESP,121210
6151863,66,71,5432,1999,461289.0,0.0,-0.701764,-1.175132,DZA,ESP,121210
6151864,77,71,5432,1999,211580.0,715286.0,1.72758,0.6619079999999999,FRA,ESP,121210
6151865,81,71,5432,1999,8857.0,227856.0,1.9523830000000002,0.771455,GBR,ESP,121210
6151866,90,71,5432,1999,105224.0,0.0,0.24943600000000002,1.172467,GRC,ESP,121210
6151867,100,71,5432,1999,0.0,11087.0,0.572934,0.9873639999999999,HRV,ESP,121210
6151868,103,71,5432,1999,123222.0,7238.0,-0.20447,1.568505,IDN,ESP,121210
6151869,110,71,5432,1999,0.0,14989.0,1.342593,0.781931,ISR,ESP,121210
6151870,111,71,5432,1999,243370.0,2664998.0,1.395253,1.3589790000000002,ITA,ESP,121210
6151871,114,71,5432,1999,0.0,18605.0,2.541382,0.693702,JPN,ESP,121210
6151872,121,71,5432,1999,0.0,6275.0,0.92448,1.053988,KOR,ESP,121210
6151873,124,71,5432,1999,73080.0,0.0,0.264151,0.767188,LBN,ESP,121210
6151874,134,71,5432,1999,10660724.0,0.0,-0.659053,-0.142104,MAR,ESP,121210
6151875,138,71,5432,1999,0.0,4365.0,0.581034,0.8399760000000001,MEX,ESP,121210
6151876,162,71,5432,1999,3610.0,374026.0,1.308776,1.574293,NLD,ESP,121210
6151877,166,71,5432,1999,0.0,856.0,0.592051,0.780176,NZL,ESP,121210
6151878,173,71,5432,1999,30329.0,0.0,-0.367489,0.11813399999999999,PER,ESP,121210
6151879,174,71,5432,1999,0.0,28773.0,-0.401903,-0.333408,PHL,ESP,121210
6151880,179,71,5432,1999,1870548.0,52305.0,0.420538,1.379359,PRT,ESP,121210
6151881,208,71,5432,1999,0.0,3141.0,2.1456720000000002,0.856556,SWE,ESP,121210
6151882,223,71,5432,1999,83799.0,0.0,-0.317866,-0.102551,TUN,ESP,121210
6151883,224,71,5432,1999,1034917.0,0.0,0.044692,1.745755,TUR,ESP,121210
6151884,231,71,5432,1999,32545.0,385449.0,1.8755119999999998,0.5350729999999999,USA,ESP,121210
6151885,246,71,5432,1999,0.0,5056.0,0.543171,1.432792,ZAF,ESP,121210
6151886,249,71,5432,1999,0.0,6326.0,1.336816,1.725334,TWN,ESP,121210
6151887,61,74,5432,1999,1135.0,0.0,2.334811,-2.060502,DEU,FIN,121210
6151888,64,74,5432,1999,2466.0,0.0,1.264405,1.469627,DNK,FIN,121210
6151889,163,74,5432,1999,11381.0,0.0,1.1012959999999998,0.240184,NOR,FIN,121210
6151890,179,74,5432,1999,1639.0,0.0,0.420538,1.379359,PRT,FIN,121210
6151891,208,74,5432,1999,2311.0,0.0,2.1456720000000002,0.856556,SWE,FIN,121210
6151892,15,77,5432,1999,285087.0,0.0,1.836804,0.744312,AUT,FRA,121210
6151893,18,77,5432,1999,8255.0,79142.0,1.512061,1.253478,BEL,FRA,121210
6151894,41,77,5432,1999,0.0,4759.0,2.189934,0.741428,CHE,FRA,121210
6151895,61,77,5432,1999,6634.0,6888.0,2.334811,-2.060502,DEU,FRA,121210
6151896,64,77,5432,1999,0.0,1844.0,1.264405,1.469627,DNK,FRA,121210
6151897,71,77,5432,1999,715286.0,211580.0,1.0849209999999998,1.9351180000000001,ESP,FRA,121210
6151898,81,77,5432,1999,75756.0,11973.0,1.9523830000000002,0.771455,GBR,FRA,121210
6151899,90,77,5432,1999,6720.0,3987.0,0.24943600000000002,1.172467,GRC,FRA,121210
6151900,103,77,5432,1999,0.0,2045.0,-0.20447,1.568505,IDN,FRA,121210
6151901,111,77,5432,1999,52449.0,105528.0,1.395253,1.3589790000000002,ITA,FRA,121210
6151902,114,77,5432,1999,3687.0,0.0,2.541382,0.693702,JPN,FRA,121210
6151903,134,77,5432,1999,529988.0,0.0,-0.659053,-0.142104,MAR,FRA,121210
6151904,162,77,5432,1999,58932.0,1452.0,1.308776,1.574293,NLD,FRA,121210
6151905,223,77,5432,1999,5030.0,0.0,-0.317866,-0.102551,TUN,FRA,121210
6151906,231,77,5432,1999,392707.0,0.0,1.8755119999999998,0.5350729999999999,USA,FRA,121210
6151907,7,81,5432,1999,0.0,21742.0,-0.21921,-0.54813,ARE,GBR,121210
6151908,15,81,5432,1999,83435.0,0.0,1.836804,0.744312,AUT,GBR,121210
6151909,18,81,5432,1999,343804.0,4842.0,1.512061,1.253478,BEL,GBR,121210
6151910,24,81,5432,1999,0.0,1169.0,-0.034526,-0.8887200000000001,BHR,GBR,121210
6151911,41,81,5432,1999,0.0,6886.0,2.189934,0.741428,CHE,GBR,121210
6151912,58,81,5432,1999,659792.0,0.0,0.508464,0.324706,CYP,GBR,121210
6151913,61,81,5432,1999,166771.0,11824.0,2.334811,-2.060502,DEU,GBR,121210
6151914,64,81,5432,1999,0.0,4730.0,1.264405,1.469627,DNK,GBR,121210
6151915,68,81,5432,1999,0.0,56777.0,-0.311879,0.300746,EGY,GBR,121210
6151916,71,81,5432,1999,227856.0,8857.0,1.0849209999999998,1.9351180000000001,ESP,GBR,121210
6151917,77,81,5432,1999,11973.0,75756.0,1.72758,0.6619079999999999,FRA,GBR,121210
6151918,87,81,5432,1999,0.0,1742.0,-0.768406,-0.764934,GMB,GBR,121210
6151919,103,81,5432,1999,63617.0,0.0,-0.20447,1.568505,IDN,GBR,121210
6151920,106,81,5432,1999,0.0,191187.0,1.599613,0.37233299999999997,IRL,GBR,121210
6151921,111,81,5432,1999,198136.0,140249.0,1.395253,1.3589790000000002,ITA,GBR,121210
6151922,121,81,5432,1999,0.0,3450.0,0.92448,1.053988,KOR,GBR,121210
6151923,122,81,5432,1999,0.0,2448.0,0.028312999999999998,-1.0742770000000001,KWT,GBR,121210
6151924,124,81,5432,1999,0.0,4323.0,0.264151,0.767188,LBN,GBR,121210
6151925,162,81,5432,1999,11561.0,2057.0,1.308776,1.574293,NLD,GBR,121210
6151926,179,81,5432,1999,714934.0,0.0,0.420538,1.379359,PRT,GBR,121210
6151927,183,81,5432,1999,0.0,1035.0,-0.593308,-1.18811,QAT,GBR,121210
6151928,188,81,5432,1999,0.0,11401.0,0.553028,-0.527401,SAU,GBR,121210
6151929,227,81,5432,1999,924.0,0.0,-1.359508,-1.170077,UGA,GBR,121210
6151930,231,81,5432,1999,23693.0,0.0,1.8755119999999998,0.5350729999999999,USA,GBR,121210
6151931,18,90,5432,1999,0.0,36085.0,1.512061,1.253478,BEL,GRC,121210
6151932,61,90,5432,1999,0.0,1215.0,2.334811,-2.060502,DEU,GRC,121210
6151933,71,90,5432,1999,0.0,105224.0,1.0849209999999998,1.9351180000000001,ESP,GRC,121210
6151934,77,90,5432,1999,3987.0,6720.0,1.72758,0.6619079999999999,FRA,GRC,121210
6151935,111,90,5432,1999,0.0,146488.0,1.395253,1.3589790000000002,ITA,GRC,121210
6151936,162,90,5432,1999,0.0,173839.0,1.308776,1.574293,NLD,GRC,121210
6151937,160,93,5432,1999,0.0,10551.0,-0.677654,-0.72253,NIC,GTM,121210
6151938,14,97,5432,1999,0.0,1971.0,0.357101,0.8857879999999999,AUS,HKG,121210
6151939,103,97,5432,1999,23581.0,0.0,-0.20447,1.568505,IDN,HKG,121210
6151940,231,97,5432,1999,48144.0,0.0,1.8755119999999998,0.5350729999999999,USA,HKG,121210
6151941,14,103,5432,1999,3005.0,0.0,0.357101,0.8857879999999999,AUS,IDN,121210
6151942,43,103,5432,1999,0.0,14312.0,0.386094,3.270089,CHN,IDN,121210
6151943,64,103,5432,1999,0.0,27349.0,1.264405,1.469627,DNK,IDN,121210
6151944,71,103,5432,1999,7238.0,123222.0,1.0849209999999998,1.9351180000000001,ESP,IDN,121210
6151945,77,103,5432,1999,2045.0,0.0,1.72758,0.6619079999999999,FRA,IDN,121210
6151946,81,103,5432,1999,0.0,63617.0,1.9523830000000002,0.771455,GBR,IDN,121210
6151947,97,103,5432,1999,0.0,23581.0,0.387427,2.402434,HKG,IDN,121210
6151948,114,103,5432,1999,0.0,42356.0,2.541382,0.693702,JPN,IDN,121210
6151949,121,103,5432,1999,0.0,18750.0,0.92448,1.053988,KOR,IDN,121210
6151950,192,103,5432,1999,4273.0,8180.0,1.355833,0.594305,SGP,IDN,121210
6151951,249,103,5432,1999,0.0,8481.0,1.336816,1.725334,TWN,IDN,121210
6151952,14,106,5432,1999,0.0,6389.0,0.357101,0.8857879999999999,AUS,IRL,121210
6151953,58,106,5432,1999,35016.0,0.0,0.508464,0.324706,CYP,IRL,121210
6151954,81,106,5432,1999,191187.0,0.0,1.9523830000000002,0.771455,GBR,IRL,121210
6151955,179,106,5432,1999,89021.0,0.0,0.420538,1.379359,PRT,IRL,121210
6151956,208,106,5432,1999,45872.0,0.0,2.1456720000000002,0.856556,SWE,IRL,121210
6151957,14,111,5432,1999,0.0,11651.0,0.357101,0.8857879999999999,AUS,ITA,121210
6151958,15,111,5432,1999,0.0,1693.0,1.836804,0.744312,AUT,ITA,121210
6151959,18,111,5432,1999,5397.0,1118.0,1.512061,1.253478,BEL,ITA,121210
6151960,39,111,5432,1999,0.0,3231.0,1.083572,1.08026,CAN,ITA,121210
6151961,41,111,5432,1999,0.0,1003021.0,2.189934,0.741428,CHE,ITA,121210
6151962,61,111,5432,1999,3473.0,744234.0,2.334811,-2.060502,DEU,ITA,121210
6151963,66,111,5432,1999,27680.0,0.0,-0.701764,-1.175132,DZA,ITA,121210
6151964,71,111,5432,1999,2664998.0,243370.0,1.0849209999999998,1.9351180000000001,ESP,ITA,121210
6151965,77,111,5432,1999,105528.0,52449.0,1.72758,0.6619079999999999,FRA,ITA,121210
6151966,81,111,5432,1999,140249.0,198136.0,1.9523830000000002,0.771455,GBR,ITA,121210
6151967,90,111,5432,1999,146488.0,0.0,0.24943600000000002,1.172467,GRC,ITA,121210
6151968,102,111,5432,1999,0.0,2939.0,0.794675,1.308337,HUN,ITA,121210
6151969,114,111,5432,1999,0.0,8756.0,2.541382,0.693702,JPN,ITA,121210
6151970,134,111,5432,1999,2539092.0,0.0,-0.659053,-0.142104,MAR,ITA,121210
6151971,138,111,5432,1999,0.0,17677.0,0.581034,0.8399760000000001,MEX,ITA,121210
6151972,142,111,5432,1999,40928.0,0.0,0.9998450000000001,0.009412,MLT,ITA,121210
6151973,162,111,5432,1999,2287.0,44014.0,1.308776,1.574293,NLD,ITA,121210
6151974,163,111,5432,1999,0.0,981.0,1.1012959999999998,0.240184,NOR,ITA,121210
6151975,192,111,5432,1999,0.0,81485.0,1.355833,0.594305,SGP,ITA,121210
6151976,207,111,5432,1999,0.0,16881.0,1.447589,1.284414,SVN,ITA,121210
6151977,223,111,5432,1999,3793.0,0.0,-0.317866,-0.102551,TUN,ITA,121210
6151978,224,111,5432,1999,177292.0,0.0,0.044692,1.745755,TUR,ITA,121210
6151979,231,111,5432,1999,0.0,32899.0,1.8755119999999998,0.5350729999999999,USA,ITA,121210
6151980,71,121,5432,1999,6275.0,0.0,1.0849209999999998,1.9351180000000001,ESP,KOR,121210
6151981,81,121,5432,1999,3450.0,0.0,1.9523830000000002,0.771455,GBR,KOR,121210
6151982,103,121,5432,1999,18750.0,0.0,-0.20447,1.568505,IDN,KOR,121210
6151983,192,121,5432,1999,0.0,2785.0,1.355833,0.594305,SGP,KOR,121210
6151984,8,138,5432,1999,0.0,1447.0,0.49933500000000003,0.593879,ARG,MEX,121210
6151985,43,138,5432,1999,147972.0,0.0,0.386094,3.270089,CHN,MEX,121210
6151986,71,138,5432,1999,4365.0,0.0,1.0849209999999998,1.9351180000000001,ESP,MEX,121210
6151987,111,138,5432,1999,17677.0,0.0,1.395253,1.3589790000000002,ITA,MEX,121210
6151988,190,138,5432,1999,33545.0,0.0,-1.321619,-1.162911,SDN,MEX,121210
6151989,231,138,5432,1999,4959.0,0.0,1.8755119999999998,0.5350729999999999,USA,MEX,121210
6151990,61,153,5432,1999,0.0,2517.0,2.334811,-2.060502,DEU,MYS,121210
6151991,192,153,5432,1999,5757.0,0.0,1.355833,0.594305,SGP,MYS,121210
6151992,93,160,5432,1999,10551.0,0.0,-0.459323,0.210247,GTM,NIC,121210
6151993,14,162,5432,1999,0.0,3358.0,0.357101,0.8857879999999999,AUS,NLD,121210
6151994,15,162,5432,1999,1741124.0,5447.0,1.836804,0.744312,AUT,NLD,121210
6151995,18,162,5432,1999,13880.0,50987.0,1.512061,1.253478,BEL,NLD,121210
6151996,43,162,5432,1999,1875.0,0.0,0.386094,3.270089,CHN,NLD,121210
6151997,58,162,5432,1999,3405.0,0.0,0.508464,0.324706,CYP,NLD,121210
6151998,61,162,5432,1999,4024.0,45049.0,2.334811,-2.060502,DEU,NLD,121210
6151999,64,162,5432,1999,0.0,32905.0,1.264405,1.469627,DNK,NLD,121210
6152000,68,162,5432,1999,0.0,3997.0,-0.311879,0.300746,EGY,NLD,121210
6152001,71,162,5432,1999,374026.0,3610.0,1.0849209999999998,1.9351180000000001,ESP,NLD,121210
6152002,77,162,5432,1999,1452.0,58932.0,1.72758,0.6619079999999999,FRA,NLD,121210
6152003,81,162,5432,1999,2057.0,11561.0,1.9523830000000002,0.771455,GBR,NLD,121210
6152004,90,162,5432,1999,173839.0,0.0,0.24943600000000002,1.172467,GRC,NLD,121210
6152005,100,162,5432,1999,0.0,7008.0,0.572934,0.9873639999999999,HRV,NLD,121210
6152006,111,162,5432,1999,44014.0,2287.0,1.395253,1.3589790000000002,ITA,NLD,121210
6152007,114,162,5432,1999,0.0,13075.0,2.541382,0.693702,JPN,NLD,121210
6152008,179,162,5432,1999,133014.0,7129.0,0.420538,1.379359,PRT,NLD,121210
6152009,188,162,5432,1999,0.0,3696.0,0.553028,-0.527401,SAU,NLD,121210
6152010,208,162,5432,1999,0.0,1301.0,2.1456720000000002,0.856556,SWE,NLD,121210
6152011,224,162,5432,1999,987.0,0.0,0.044692,1.745755,TUR,NLD,121210
6152012,231,162,5432,1999,84731.0,0.0,1.8755119999999998,0.5350729999999999,USA,NLD,121210
6152013,61,163,5432,1999,15116.0,1758.0,2.334811,-2.060502,DEU,NOR,121210
6152014,74,163,5432,1999,0.0,11381.0,2.095642,0.966282,FIN,NOR,121210
6152015,111,163,5432,1999,981.0,0.0,1.395253,1.3589790000000002,ITA,NOR,121210
6152016,114,163,5432,1999,3855.0,0.0,2.541382,0.693702,JPN,NOR,121210
6152017,179,163,5432,1999,4083.0,0.0,0.420538,1.379359,PRT,NOR,121210
6152018,208,163,5432,1999,0.0,5930.0,2.1456720000000002,0.856556,SWE,NOR,121210
6152019,71,173,5432,1999,0.0,30329.0,1.0849209999999998,1.9351180000000001,ESP,PER,121210
6152020,71,174,5432,1999,28773.0,0.0,1.0849209999999998,1.9351180000000001,ESP,PHL,121210
6152021,18,179,5432,1999,2586.0,0.0,1.512061,1.253478,BEL,PRT,121210
6152022,41,179,5432,1999,0.0,3260.0,2.189934,0.741428,CHE,PRT,121210
6152023,61,179,5432,1999,0.0,4026.0,2.334811,-2.060502,DEU,PRT,121210
6152024,64,179,5432,1999,0.0,457963.0,1.264405,1.469627,DNK,PRT,121210
6152025,66,179,5432,1999,18661.0,0.0,-0.701764,-1.175132,DZA,PRT,121210
6152026,71,179,5432,1999,52305.0,1870548.0,1.0849209999999998,1.9351180000000001,ESP,PRT,121210
6152027,74,179,5432,1999,0.0,1639.0,2.095642,0.966282,FIN,PRT,121210
6152028,81,179,5432,1999,0.0,714934.0,1.9523830000000002,0.771455,GBR,PRT,121210
6152029,106,179,5432,1999,0.0,89021.0,1.599613,0.37233299999999997,IRL,PRT,121210
6152030,114,179,5432,1999,0.0,72977.0,2.541382,0.693702,JPN,PRT,121210
6152031,134,179,5432,1999,833420.0,0.0,-0.659053,-0.142104,MAR,PRT,121210
6152032,162,179,5432,1999,7129.0,133014.0,1.308776,1.574293,NLD,PRT,121210
6152033,163,179,5432,1999,0.0,4083.0,1.1012959999999998,0.240184,NOR,PRT,121210
6152034,208,179,5432,1999,0.0,1105.0,2.1456720000000002,0.856556,SWE,PRT,121210
6152035,116,190,5432,1999,3452.0,0.0,-0.336125,0.43983999999999995,KEN,SDN,121210
6152036,138,190,5432,1999,0.0,33545.0,0.581034,0.8399760000000001,MEX,SDN,121210
6152037,7,192,5432,1999,0.0,29131.0,-0.21921,-0.54813,ARE,SGP,121210
6152038,41,192,5432,1999,21736.0,0.0,2.189934,0.741428,CHE,SGP,121210
6152039,43,192,5432,1999,27394.0,0.0,0.386094,3.270089,CHN,SGP,121210
6152040,64,192,5432,1999,32575.0,0.0,1.264405,1.469627,DNK,SGP,121210
6152041,103,192,5432,1999,8180.0,4273.0,-0.20447,1.568505,IDN,SGP,121210
6152042,111,192,5432,1999,81485.0,0.0,1.395253,1.3589790000000002,ITA,SGP,121210
6152043,114,192,5432,1999,1241.0,66659.0,2.541382,0.693702,JPN,SGP,121210
6152044,121,192,5432,1999,2785.0,0.0,0.92448,1.053988,KOR,SGP,121210
6152045,143,192,5432,1999,13913.0,0.0,-1.4991299999999999,-0.984557,MMR,SGP,121210
6152046,153,192,5432,1999,0.0,5757.0,0.500591,0.136149,MYS,SGP,121210
6152047,18,208,5432,1999,1264.0,0.0,1.512061,1.253478,BEL,SWE,121210
6152048,58,208,5432,1999,4820.0,0.0,0.508464,0.324706,CYP,SWE,121210
6152049,64,208,5432,1999,11876.0,0.0,1.264405,1.469627,DNK,SWE,121210
6152050,71,208,5432,1999,3141.0,0.0,1.0849209999999998,1.9351180000000001,ESP,SWE,121210
6152051,74,208,5432,1999,0.0,2311.0,2.095642,0.966282,FIN,SWE,121210
6152052,106,208,5432,1999,0.0,45872.0,1.599613,0.37233299999999997,IRL,SWE,121210
6152053,162,208,5432,1999,1301.0,0.0,1.308776,1.574293,NLD,SWE,121210
6152054,163,208,5432,1999,5930.0,0.0,1.1012959999999998,0.240184,NOR,SWE,121210
6152055,179,208,5432,1999,1105.0,0.0,0.420538,1.379359,PRT,SWE,121210
6152056,43,216,5432,1999,1499.0,0.0,0.386094,3.270089,CHN,THA,121210
6152057,114,216,5432,1999,4666.0,0.0,2.541382,0.693702,JPN,THA,121210
6152058,15,224,5432,1999,0.0,3829.0,1.836804,0.744312,AUT,TUR,121210
6152059,61,224,5432,1999,0.0,10290.0,2.334811,-2.060502,DEU,TUR,121210
6152060,68,224,5432,1999,37774.0,52550.0,-0.311879,0.300746,EGY,TUR,121210
6152061,71,224,5432,1999,0.0,1034917.0,1.0849209999999998,1.9351180000000001,ESP,TUR,121210
6152062,111,224,5432,1999,0.0,177292.0,1.395253,1.3589790000000002,ITA,TUR,121210
6152063,113,224,5432,1999,0.0,2703.0,0.475995,0.514447,JOR,TUR,121210
6152064,115,224,5432,1999,0.0,2211.0,-0.035315,-0.514845,KAZ,TUR,121210
6152065,134,224,5432,1999,0.0,46090.0,-0.659053,-0.142104,MAR,TUR,121210
6152066,162,224,5432,1999,0.0,987.0,1.308776,1.574293,NLD,TUR,121210
6152067,185,224,5432,1999,0.0,13812.0,0.253874,0.8322709999999999,ROU,TUR,121210
6152068,188,224,5432,1999,0.0,37980.0,0.553028,-0.527401,SAU,TUR,121210
6152069,231,224,5432,1999,0.0,4155.0,1.8755119999999998,0.5350729999999999,USA,TUR,121210
6152070,250,224,5432,1999,0.0,280520.0,1.130511,0.9547379999999999,ANS,TUR,121210
6152071,4,231,5432,1999,0.0,1261.0,-0.281783,-0.10076399999999999,ALB,USA,121210
6152072,39,231,5432,1999,0.0,11632.0,1.083572,1.08026,CAN,USA,121210
6152073,41,231,5432,1999,0.0,30166.0,2.189934,0.741428,CHE,USA,121210
6152074,43,231,5432,1999,0.0,10411.0,0.386094,3.270089,CHN,USA,121210
6152075,58,231,5432,1999,137997.0,0.0,0.508464,0.324706,CYP,USA,121210
6152076,61,231,5432,1999,86663.0,0.0,2.334811,-2.060502,DEU,USA,121210
6152077,64,231,5432,1999,0.0,5259.0,1.264405,1.469627,DNK,USA,121210
6152078,65,231,5432,1999,0.0,159925.0,-0.60436,-0.674701,DOM,USA,121210
6152079,71,231,5432,1999,385449.0,32545.0,1.0849209999999998,1.9351180000000001,ESP,USA,121210
6152080,77,231,5432,1999,0.0,392707.0,1.72758,0.6619079999999999,FRA,USA,121210
6152081,81,231,5432,1999,0.0,23693.0,1.9523830000000002,0.771455,GBR,USA,121210
6152082,97,231,5432,1999,0.0,48144.0,0.387427,2.402434,HKG,USA,121210
6152083,110,231,5432,1999,4099.0,0.0,1.342593,0.781931,ISR,USA,121210
6152084,111,231,5432,1999,32899.0,0.0,1.395253,1.3589790000000002,ITA,USA,121210
6152085,114,231,5432,1999,65393.0,8064.0,2.541382,0.693702,JPN,USA,121210
6152086,138,231,5432,1999,0.0,4959.0,0.581034,0.8399760000000001,MEX,USA,121210
6152087,162,231,5432,1999,0.0,84731.0,1.308776,1.574293,NLD,USA,121210
6152088,186,231,5432,1999,0.0,4682.0,0.903308,0.590858,RUS,USA,121210
6152089,188,231,5432,1999,0.0,12244.0,0.553028,-0.527401,SAU,USA,121210
6152090,213,231,5432,1999,0.0,1577.0,0.562234,-0.121843,TCA,USA,121210
6152091,224,231,5432,1999,4155.0,0.0,0.044692,1.745755,TUR,USA,121210
6152092,250,231,5432,1999,0.0,6819.0,1.130511,0.9547379999999999,ANS,USA,121210
6152093,43,14,5432,1999,5192.0,0.0,0.386094,3.270089,CHN,AUS,121210
6152094,71,14,5432,1999,37064.0,0.0,1.0849209999999998,1.9351180000000001,ESP,AUS,121210
6152095,97,14,5432,1999,1971.0,0.0,0.387427,2.402434,HKG,AUS,121210
6152096,100,14,5432,1999,1284.0,0.0,0.572934,0.9873639999999999,HRV,AUS,121210
6152097,103,14,5432,1999,0.0,3005.0,-0.20447,1.568505,IDN,AUS,121210
6152098,106,14,5432,1999,6389.0,0.0,1.599613,0.37233299999999997,IRL,AUS,121210
6152099,111,14,5432,1999,11651.0,0.0,1.395253,1.3589790000000002,ITA,AUS,121210
6152100,124,14,5432,1999,1732.0,0.0,0.264151,0.767188,LBN,AUS,121210
6152101,162,14,5432,1999,3358.0,0.0,1.308776,1.574293,NLD,AUS,121210
6152102,111,39,5432,1999,3231.0,0.0,1.395253,1.3589790000000002,ITA,CAN,121210
6152103,231,39,5432,1999,11632.0,0.0,1.8755119999999998,0.5350729999999999,USA,CAN,121210
6152104,71,59,5432,1999,3037.0,0.0,1.0849209999999998,1.9351180000000001,ESP,CZE,121210
6152105,71,66,5432,1999,0.0,461289.0,1.0849209999999998,1.9351180000000001,ESP,DZA,121210
6152106,111,66,5432,1999,0.0,27680.0,1.395253,1.3589790000000002,ITA,DZA,121210
6152107,134,66,5432,1999,0.0,628691.0,-0.659053,-0.142104,MAR,DZA,121210
6152108,179,66,5432,1999,0.0,18661.0,0.420538,1.379359,PRT,DZA,121210
6152109,58,68,5432,1999,195998.0,0.0,0.508464,0.324706,CYP,EGY,121210
6152110,81,68,5432,1999,56777.0,0.0,1.9523830000000002,0.771455,GBR,EGY,121210
6152111,104,68,5432,1999,9147.0,0.0,0.29945900000000003,2.438702,IND,EGY,121210
6152112,162,68,5432,1999,3997.0,0.0,1.308776,1.574293,NLD,EGY,121210
6152113,224,68,5432,1999,52550.0,37774.0,0.044692,1.745755,TUR,EGY,121210
6152114,14,100,5432,1999,0.0,1284.0,0.357101,0.8857879999999999,AUS,HRV,121210
6152115,26,100,5432,1999,0.0,7278.0,0.366494,0.298229,BIH,HRV,121210
6152116,71,100,5432,1999,11087.0,0.0,1.0849209999999998,1.9351180000000001,ESP,HRV,121210
6152117,102,100,5432,1999,0.0,18086.0,0.794675,1.308337,HUN,HRV,121210
6152118,162,100,5432,1999,7008.0,0.0,1.308776,1.574293,NLD,HRV,121210
6152119,207,100,5432,1999,0.0,22991.0,1.447589,1.284414,SVN,HRV,121210
6152120,18,102,5432,1999,976.0,0.0,1.512061,1.253478,BEL,HUN,121210
6152121,100,102,5432,1999,18086.0,0.0,0.572934,0.9873639999999999,HRV,HUN,121210
6152122,111,102,5432,1999,2939.0,0.0,1.395253,1.3589790000000002,ITA,HUN,121210
6152123,64,104,5432,1999,0.0,38354.0,1.264405,1.469627,DNK,IND,121210
6152124,68,104,5432,1999,0.0,9147.0,-0.311879,0.300746,EGY,IND,121210
6152125,164,104,5432,1999,0.0,3926.0,-0.421433,0.24781799999999998,NPL,IND,121210
6152126,207,104,5432,1999,0.0,1059.0,1.447589,1.284414,SVN,IND,121210
6152127,224,113,5432,1999,2703.0,0.0,0.044692,1.745755,TUR,JOR,121210
6152128,18,114,5432,1999,0.0,7966.0,1.512061,1.253478,BEL,JPN,121210
6152129,71,114,5432,1999,18605.0,0.0,1.0849209999999998,1.9351180000000001,ESP,JPN,121210
6152130,77,114,5432,1999,0.0,3687.0,1.72758,0.6619079999999999,FRA,JPN,121210
6152131,103,114,5432,1999,42356.0,0.0,-0.20447,1.568505,IDN,JPN,121210
6152132,111,114,5432,1999,8756.0,0.0,1.395253,1.3589790000000002,ITA,JPN,121210
6152133,162,114,5432,1999,13075.0,0.0,1.308776,1.574293,NLD,JPN,121210
6152134,163,114,5432,1999,0.0,3855.0,1.1012959999999998,0.240184,NOR,JPN,121210
6152135,179,114,5432,1999,72977.0,0.0,0.420538,1.379359,PRT,JPN,121210
6152136,192,114,5432,1999,66659.0,1241.0,1.355833,0.594305,SGP,JPN,121210
6152137,216,114,5432,1999,0.0,4666.0,0.20451,1.513533,THA,JPN,121210
6152138,231,114,5432,1999,8064.0,65393.0,1.8755119999999998,0.5350729999999999,USA,JPN,121210
6152139,7,124,5432,1999,0.0,1639.0,-0.21921,-0.54813,ARE,LBN,121210
6152140,14,124,5432,1999,0.0,1732.0,0.357101,0.8857879999999999,AUS,LBN,121210
6152141,71,124,5432,1999,0.0,73080.0,1.0849209999999998,1.9351180000000001,ESP,LBN,121210
6152142,81,124,5432,1999,4323.0,0.0,1.9523830000000002,0.771455,GBR,LBN,121210
6152143,134,124,5432,1999,0.0,47121.0,-0.659053,-0.142104,MAR,LBN,121210
6152144,212,124,5432,1999,1657.0,0.0,-0.996784,-0.6344069999999999,SYR,LBN,121210
6152145,61,166,5432,1999,1507.0,0.0,2.334811,-2.060502,DEU,NZL,121210
6152146,71,166,5432,1999,856.0,0.0,1.0849209999999998,1.9351180000000001,ESP,NZL,121210
6152147,231,186,5432,1999,4682.0,0.0,1.8755119999999998,0.5350729999999999,USA,RUS,121210
6152148,7,188,5432,1999,1697.0,0.0,-0.21921,-0.54813,ARE,SAU,121210
6152149,58,188,5432,1999,12634.0,0.0,0.508464,0.324706,CYP,SAU,121210
6152150,81,188,5432,1999,11401.0,0.0,1.9523830000000002,0.771455,GBR,SAU,121210
6152151,162,188,5432,1999,3696.0,0.0,1.308776,1.574293,NLD,SAU,121210
6152152,224,188,5432,1999,37980.0,0.0,0.044692,1.745755,TUR,SAU,121210
6152153,231,188,5432,1999,12244.0,0.0,1.8755119999999998,0.5350729999999999,USA,SAU,121210
6152154,250,188,5432,1999,4045.0,0.0,1.130511,0.9547379999999999,ANS,SAU,121210
6152155,61,206,5432,1999,2033.0,0.0,2.334811,-2.060502,DEU,SVK,121210
6152156,61,207,5432,1999,1184.0,0.0,2.334811,-2.060502,DEU,SVN,121210
6152157,100,207,5432,1999,22991.0,0.0,0.572934,0.9873639999999999,HRV,SVN,121210
6152158,104,207,5432,1999,1059.0,0.0,0.29945900000000003,2.438702,IND,SVN,121210
6152159,111,207,5432,1999,16881.0,0.0,1.395253,1.3589790000000002,ITA,SVN,121210
6152160,71,249,5432,1999,6326.0,0.0,1.0849209999999998,1.9351180000000001,ESP,TWN,121210
6152161,103,249,5432,1999,8481.0,0.0,-0.20447,1.568505,IDN,TWN,121210
6152162,138,8,5432,1999,1447.0,0.0,0.581034,0.8399760000000001,MEX,ARG,121210
6152163,43,116,5432,1999,0.0,1349.0,0.386094,3.270089,CHN,KEN,121210
6152164,190,116,5432,1999,0.0,3452.0,-1.321619,-1.162911,SDN,KEN,121210
6152165,18,131,5432,1999,5849.0,0.0,1.512061,1.253478,BEL,LUX,121210
6152166,61,134,5432,1999,0.0,221086.0,2.334811,-2.060502,DEU,MAR,121210
6152167,66,134,5432,1999,628691.0,0.0,-0.701764,-1.175132,DZA,MAR,121210
6152168,71,134,5432,1999,0.0,10660724.0,1.0849209999999998,1.9351180000000001,ESP,MAR,121210
6152169,77,134,5432,1999,0.0,529988.0,1.72758,0.6619079999999999,FRA,MAR,121210
6152170,111,134,5432,1999,0.0,2539092.0,1.395253,1.3589790000000002,ITA,MAR,121210
6152171,124,134,5432,1999,47121.0,0.0,0.264151,0.767188,LBN,MAR,121210
6152172,179,134,5432,1999,0.0,833420.0,0.420538,1.379359,PRT,MAR,121210
6152173,224,134,5432,1999,46090.0,0.0,0.044692,1.745755,TUR,MAR,121210
6152174,71,246,5432,1999,5056.0,0.0,1.0849209999999998,1.9351180000000001,ESP,ZAF,121210
6152175,248,246,5432,1999,0.0,26718.0,-0.320533,-0.180527,ZWE,ZAF,121210
6152176,81,7,5432,1999,21742.0,0.0,1.9523830000000002,0.771455,GBR,ARE,121210
6152177,124,7,5432,1999,1639.0,0.0,0.264151,0.767188,LBN,ARE,121210
6152178,188,7,5432,1999,0.0,1697.0,0.553028,-0.527401,SAU,ARE,121210
6152179,192,7,5432,1999,29131.0,0.0,1.355833,0.594305,SGP,ARE,121210
6152180,61,58,5432,1999,0.0,16165.0,2.334811,-2.060502,DEU,CYP,121210
6152181,68,58,5432,1999,0.0,195998.0,-0.311879,0.300746,EGY,CYP,121210
6152182,81,58,5432,1999,0.0,659792.0,1.9523830000000002,0.771455,GBR,CYP,121210
6152183,106,58,5432,1999,0.0,35016.0,1.599613,0.37233299999999997,IRL,CYP,121210
6152184,110,58,5432,1999,0.0,3689.0,1.342593,0.781931,ISR,CYP,121210
6152185,162,58,5432,1999,0.0,3405.0,1.308776,1.574293,NLD,CYP,121210
6152186,188,58,5432,1999,0.0,12634.0,0.553028,-0.527401,SAU,CYP,121210
6152187,208,58,5432,1999,0.0,4820.0,2.1456720000000002,0.856556,SWE,CYP,121210
6152188,231,58,5432,1999,0.0,137997.0,1.8755119999999998,0.5350729999999999,USA,CYP,121210
6152189,250,58,5432,1999,33731.0,0.0,1.130511,0.9547379999999999,ANS,CYP,121210
6152190,58,110,5432,1999,3689.0,0.0,0.508464,0.324706,CYP,ISR,121210
6152191,61,110,5432,1999,3076.0,0.0,2.334811,-2.060502,DEU,ISR,121210
6152192,71,110,5432,1999,14989.0,0.0,1.0849209999999998,1.9351180000000001,ESP,ISR,121210
6152193,231,110,5432,1999,0.0,4099.0,1.8755119999999998,0.5350729999999999,USA,ISR,121210
6152194,81,122,5432,1999,2448.0,0.0,1.9523830000000002,0.771455,GBR,KWT,121210
6152195,111,142,5432,1999,0.0,40928.0,1.395253,1.3589790000000002,ITA,MLT,121210
6152196,189,142,5432,1999,0.0,22721.0,0.607596,2.222456,SCG,MLT,121210
6152197,224,185,5432,1999,13812.0,0.0,0.044692,1.745755,TUR,ROU,121210
6152198,142,189,5432,1999,22721.0,0.0,0.9998450000000001,0.009412,MLT,SCG,121210
6152199,124,212,5432,1999,0.0,1657.0,0.264151,0.767188,LBN,SYR,121210
6152200,71,223,5432,1999,0.0,83799.0,1.0849209999999998,1.9351180000000001,ESP,TUN,121210
6152201,77,223,5432,1999,0.0,5030.0,1.72758,0.6619079999999999,FRA,TUN,121210
6152202,111,223,5432,1999,0.0,3793.0,1.395253,1.3589790000000002,ITA,TUN,121210
6152203,58,250,5432,1999,0.0,33731.0,0.508464,0.324706,CYP,ANS,121210
6152204,188,250,5432,1999,0.0,4045.0,0.553028,-0.527401,SAU,ANS,121210
6152205,224,250,5432,1999,280520.0,0.0,0.044692,1.745755,TUR,ANS,121210
6152206,231,250,5432,1999,6819.0,0.0,1.8755119999999998,0.5350729999999999,USA,ANS,121210
6152207,231,65,5432,1999,159925.0,0.0,1.8755119999999998,0.5350729999999999,USA,DOM,121210
6152208,81,87,5432,1999,1742.0,0.0,1.9523830000000002,0.771455,GBR,GMB,121210
6152209,231,4,5432,1999,1261.0,0.0,1.8755119999999998,0.5350729999999999,USA,ALB,121210
6152210,81,24,5432,1999,1169.0,0.0,1.9523830000000002,0.771455,GBR,BHR,121210
6152211,43,164,5432,1999,4024.0,0.0,0.386094,3.270089,CHN,NPL,121210
6152212,104,164,5432,1999,3926.0,0.0,0.29945900000000003,2.438702,IND,NPL,121210
6152213,81,183,5432,1999,1035.0,0.0,1.9523830000000002,0.771455,GBR,QAT,121210
6152214,81,227,5432,1999,0.0,924.0,1.9523830000000002,0.771455,GBR,UGA,121210
6152215,100,26,5432,1999,7278.0,0.0,0.572934,0.9873639999999999,HRV,BIH,121210
6152216,224,115,5432,1999,2211.0,0.0,0.044692,1.745755,TUR,KAZ,121210
6152217,192,143,5432,1999,0.0,13913.0,1.355833,0.594305,SGP,MMR,121210
6152218,246,248,5432,1999,26718.0,0.0,0.543171,1.432792,ZAF,ZWE,121210
6152219,231,213,5432,1999,1577.0,0.0,1.8755119999999998,0.5350729999999999,USA,TCA,121210
6152220,18,15,5433,1999,3496.0,0.0,1.512061,1.253478,BEL,AUT,121220
6152221,39,15,5433,1999,7847.0,0.0,1.083572,1.08026,CAN,AUT,121220
6152222,41,15,5433,1999,1129.0,0.0,2.189934,0.741428,CHE,AUT,121220
6152223,43,15,5433,1999,7643.0,0.0,0.386094,3.270089,CHN,AUT,121220
6152224,61,15,5433,1999,53735.0,1515.0,2.334811,-2.060502,DEU,AUT,121220
6152225,77,15,5433,1999,83210.0,0.0,1.72758,0.6619079999999999,FRA,AUT,121220
6152226,81,15,5433,1999,2813.0,0.0,1.9523830000000002,0.771455,GBR,AUT,121220
6152227,103,15,5433,1999,2027.0,0.0,-0.20447,1.568505,IDN,AUT,121220
6152228,111,15,5433,1999,100307.0,67344.0,1.395253,1.3589790000000002,ITA,AUT,121220
6152229,114,15,5433,1999,6977.0,0.0,2.541382,0.693702,JPN,AUT,121220
6152230,121,15,5433,1999,13876.0,0.0,0.92448,1.053988,KOR,AUT,121220
6152231,162,15,5433,1999,23623.0,0.0,1.308776,1.574293,NLD,AUT,121220
6152232,163,15,5433,1999,3136.0,0.0,1.1012959999999998,0.240184,NOR,AUT,121220
6152233,208,15,5433,1999,2601.0,0.0,2.1456720000000002,0.856556,SWE,AUT,121220
6152234,231,15,5433,1999,47249.0,0.0,1.8755119999999998,0.5350729999999999,USA,AUT,121220
6152235,249,15,5433,1999,5530.0,0.0,1.336816,1.725334,TWN,AUT,121220
6152236,15,18,5433,1999,0.0,3496.0,1.836804,0.744312,AUT,BEL,121220
6152237,41,18,5433,1999,0.0,36595.0,2.189934,0.741428,CHE,BEL,121220
6152238,42,18,5433,1999,1449.0,0.0,0.041013,-0.111553,CHL,BEL,121220
6152239,43,18,5433,1999,14079.0,2076.0,0.386094,3.270089,CHN,BEL,121220
6152240,59,18,5433,1999,0.0,23177.0,1.412439,1.329385,CZE,BEL,121220
6152241,61,18,5433,1999,8161.0,38746.0,2.334811,-2.060502,DEU,BEL,121220
6152242,71,18,5433,1999,0.0,1225.0,1.0849209999999998,1.9351180000000001,ESP,BEL,121220
6152243,77,18,5433,1999,300825.0,121113.0,1.72758,0.6619079999999999,FRA,BEL,121220
6152244,81,18,5433,1999,33734.0,7592.0,1.9523830000000002,0.771455,GBR,BEL,121220
6152245,97,18,5433,1999,1617.0,0.0,0.387427,2.402434,HKG,BEL,121220
6152246,100,18,5433,1999,0.0,14597.0,0.572934,0.9873639999999999,HRV,BEL,121220
6152247,104,18,5433,1999,9247.0,0.0,0.29945900000000003,2.438702,IND,BEL,121220
6152248,106,18,5433,1999,88197.0,0.0,1.599613,0.37233299999999997,IRL,BEL,121220
6152249,111,18,5433,1999,0.0,8217.0,1.395253,1.3589790000000002,ITA,BEL,121220
6152250,114,18,5433,1999,74488.0,0.0,2.541382,0.693702,JPN,BEL,121220
6152251,121,18,5433,1999,4011.0,0.0,0.92448,1.053988,KOR,BEL,121220
6152252,131,18,5433,1999,0.0,5195.0,1.499745,1.142951,LUX,BEL,121220
6152253,162,18,5433,1999,179819.0,60891.0,1.308776,1.574293,NLD,BEL,121220
6152254,163,18,5433,1999,7249.0,0.0,1.1012959999999998,0.240184,NOR,BEL,121220
6152255,174,18,5433,1999,618704.0,0.0,-0.401903,-0.333408,PHL,BEL,121220
6152256,177,18,5433,1999,0.0,1754.0,0.8512700000000001,1.8975229999999998,POL,BEL,121220
6152257,179,18,5433,1999,0.0,5269.0,0.420538,1.379359,PRT,BEL,121220
6152258,185,18,5433,1999,0.0,102605.0,0.253874,0.8322709999999999,ROU,BEL,121220
6152259,186,18,5433,1999,0.0,4128.0,0.903308,0.590858,RUS,BEL,121220
6152260,188,18,5433,1999,0.0,8087.0,0.553028,-0.527401,SAU,BEL,121220
6152261,207,18,5433,1999,1246.0,1307.0,1.447589,1.284414,SVN,BEL,121220
6152262,216,18,5433,1999,13309.0,0.0,0.20451,1.513533,THA,BEL,121220
6152263,231,18,5433,1999,40706.0,0.0,1.8755119999999998,0.5350729999999999,USA,BEL,121220
6152264,246,18,5433,1999,0.0,1157.0,0.543171,1.432792,ZAF,BEL,121220
6152265,249,18,5433,1999,38867.0,0.0,1.336816,1.725334,TWN,BEL,121220
6152266,61,23,5433,1999,1622.0,29141.0,2.334811,-2.060502,DEU,BGR,121220
6152267,81,23,5433,1999,329252.0,0.0,1.9523830000000002,0.771455,GBR,BGR,121220
6152268,106,23,5433,1999,3831.0,0.0,1.599613,0.37233299999999997,IRL,BGR,121220
6152269,231,23,5433,1999,15383.0,24979.0,1.8755119999999998,0.5350729999999999,USA,BGR,121220
6152270,231,25,5433,1999,3521.0,0.0,1.8755119999999998,0.5350729999999999,USA,BHS,121220
6152271,114,31,5433,1999,1127.0,0.0,2.541382,0.693702,JPN,BOL,121220
6152272,173,31,5433,1999,25492.0,0.0,-0.367489,0.11813399999999999,PER,BOL,121220
6152273,39,33,5433,1999,1191.0,0.0,1.083572,1.08026,CAN,BRB,121220
6152274,81,33,5433,1999,1906.0,0.0,1.9523830000000002,0.771455,GBR,BRB,121220
6152275,231,33,5433,1999,5417.0,0.0,1.8755119999999998,0.5350729999999999,USA,BRB,121220
6152276,15,41,5433,1999,0.0,1129.0,1.836804,0.744312,AUT,CHE,121220
6152277,18,41,5433,1999,36595.0,0.0,1.512061,1.253478,BEL,CHE,121220
6152278,43,41,5433,1999,10331.0,0.0,0.386094,3.270089,CHN,CHE,121220
6152279,52,41,5433,1999,16338.0,0.0,-0.310033,-0.299529,CRI,CHE,121220
6152280,61,41,5433,1999,72883.0,1254.0,2.334811,-2.060502,DEU,CHE,121220
6152281,67,41,5433,1999,6204.0,0.0,-0.8875299999999999,-0.9117879999999999,ECU,CHE,121220
6152282,71,41,5433,1999,6169.0,0.0,1.0849209999999998,1.9351180000000001,ESP,CHE,121220
6152283,77,41,5433,1999,60667.0,9040.0,1.72758,0.6619079999999999,FRA,CHE,121220
6152284,81,41,5433,1999,1461.0,0.0,1.9523830000000002,0.771455,GBR,CHE,121220
6152285,97,41,5433,1999,3006.0,0.0,0.387427,2.402434,HKG,CHE,121220
6152286,103,41,5433,1999,18665.0,0.0,-0.20447,1.568505,IDN,CHE,121220
6152287,111,41,5433,1999,1429.0,3135.0,1.395253,1.3589790000000002,ITA,CHE,121220
6152288,114,41,5433,1999,22254.0,0.0,2.541382,0.693702,JPN,CHE,121220
6152289,121,41,5433,1999,6923.0,0.0,0.92448,1.053988,KOR,CHE,121220
6152290,162,41,5433,1999,6879.0,35933.0,1.308776,1.574293,NLD,CHE,121220
6152291,163,41,5433,1999,14430.0,0.0,1.1012959999999998,0.240184,NOR,CHE,121220
6152292,177,41,5433,1999,0.0,94994.0,0.8512700000000001,1.8975229999999998,POL,CHE,121220
6152293,188,41,5433,1999,0.0,7499.0,0.553028,-0.527401,SAU,CHE,121220
6152294,192,41,5433,1999,0.0,2594.0,1.355833,0.594305,SGP,CHE,121220
6152295,205,41,5433,1999,0.0,781.0,-0.799447,-0.85055,SUR,CHE,121220
6152296,228,41,5433,1999,0.0,8041.0,0.6242270000000001,0.742258,UKR,CHE,121220
6152297,231,41,5433,1999,116405.0,15615.0,1.8755119999999998,0.5350729999999999,USA,CHE,121220
6152298,249,41,5433,1999,28814.0,0.0,1.336816,1.725334,TWN,CHE,121220
6152299,8,43,5433,1999,0.0,5452.0,0.49933500000000003,0.593879,ARG,CHN,121220
6152300,14,43,5433,1999,0.0,490579.0,0.357101,0.8857879999999999,AUS,CHN,121220
6152301,15,43,5433,1999,0.0,7643.0,1.836804,0.744312,AUT,CHN,121220
6152302,18,43,5433,1999,2076.0,14079.0,1.512061,1.253478,BEL,CHN,121220
6152303,28,43,5433,1999,0.0,5010.0,0.7516579999999999,1.169072,BLR,CHN,121220
6152304,32,43,5433,1999,0.0,40091.0,0.762468,1.191759,BRA,CHN,121220
6152305,39,43,5433,1999,0.0,543150.0,1.083572,1.08026,CAN,CHN,121220
6152306,41,43,5433,1999,0.0,10331.0,2.189934,0.741428,CHE,CHN,121220
6152307,42,43,5433,1999,3027306.0,4266.0,0.041013,-0.111553,CHL,CHN,121220
6152308,49,43,5433,1999,0.0,7172.0,0.190667,0.136271,COL,CHN,121220
6152309,59,43,5433,1999,0.0,5153.0,1.412439,1.329385,CZE,CHN,121220
6152310,61,43,5433,1999,0.0,187315.0,2.334811,-2.060502,DEU,CHN,121220
6152311,71,43,5433,1999,0.0,52918.0,1.0849209999999998,1.9351180000000001,ESP,CHN,121220
6152312,77,43,5433,1999,0.0,95004.0,1.72758,0.6619079999999999,FRA,CHN,121220
6152313,81,43,5433,1999,3766.0,62547.0,1.9523830000000002,0.771455,GBR,CHN,121220
6152314,97,43,5433,1999,678053.0,1691452.0,0.387427,2.402434,HKG,CHN,121220
6152315,102,43,5433,1999,0.0,2906.0,0.794675,1.308337,HUN,CHN,121220
6152316,103,43,5433,1999,795946.0,25839.0,-0.20447,1.568505,IDN,CHN,121220
6152317,110,43,5433,1999,0.0,5484.0,1.342593,0.781931,ISR,CHN,121220
6152318,111,43,5433,1999,0.0,34037.0,1.395253,1.3589790000000002,ITA,CHN,121220
6152319,114,43,5433,1999,301669.0,63688684.0,2.541382,0.693702,JPN,CHN,121220
6152320,118,43,5433,1999,0.0,4144.0,-1.5727360000000001,-1.2731629999999998,KHM,CHN,121220
6152321,121,43,5433,1999,662872.0,1829704.0,0.92448,1.053988,KOR,CHN,121220
6152322,124,43,5433,1999,0.0,2960.0,0.264151,0.767188,LBN,CHN,121220
6152323,133,43,5433,1999,0.0,82318.0,-0.365239,-0.380913,MAC,CHN,121220
6152324,138,43,5433,1999,62092.0,31033.0,0.581034,0.8399760000000001,MEX,CHN,121220
6152325,143,43,5433,1999,0.0,5662.0,-1.4991299999999999,-0.984557,MMR,CHN,121220
6152326,153,43,5433,1999,0.0,256037.0,0.500591,0.136149,MYS,CHN,121220
6152327,162,43,5433,1999,0.0,139524.0,1.308776,1.574293,NLD,CHN,121220
6152328,163,43,5433,1999,4619.0,0.0,1.1012959999999998,0.240184,NOR,CHN,121220
6152329,166,43,5433,1999,0.0,59913.0,0.592051,0.780176,NZL,CHN,121220
6152330,167,43,5433,1999,0.0,4997.0,-0.6801510000000001,-1.146403,OMN,CHN,121220
6152331,173,43,5433,1999,6898.0,1601.0,-0.367489,0.11813399999999999,PER,CHN,121220
6152332,174,43,5433,1999,2395527.0,18858.0,-0.401903,-0.333408,PHL,CHN,121220
6152333,178,43,5433,1999,98656.0,43478.0,0.536814,0.980433,PRK,CHN,121220
6152334,179,43,5433,1999,0.0,20595.0,0.420538,1.379359,PRT,CHN,121220
6152335,185,43,5433,1999,0.0,9020.0,0.253874,0.8322709999999999,ROU,CHN,121220
6152336,186,43,5433,1999,37144.0,49324.0,0.903308,0.590858,RUS,CHN,121220
6152337,188,43,5433,1999,0.0,49990.0,0.553028,-0.527401,SAU,CHN,121220
6152338,192,43,5433,1999,0.0,2253926.0,1.355833,0.594305,SGP,CHN,121220
6152339,216,43,5433,1999,29319.0,835413.0,0.20451,1.513533,THA,CHN,121220
6152340,222,43,5433,1999,0.0,1800.0,0.258046,-0.562956,TTO,CHN,121220
6152341,228,43,5433,1999,0.0,38773.0,0.6242270000000001,0.742258,UKR,CHN,121220
6152342,231,43,5433,1999,36729.0,9364301.0,1.8755119999999998,0.5350729999999999,USA,CHN,121220
6152343,239,43,5433,1999,0.0,5254.0,-0.9824940000000001,0.115755,VNM,CHN,121220
6152344,246,43,5433,1999,175422.0,16318.0,0.543171,1.432792,ZAF,CHN,121220
6152345,249,43,5433,1999,88287.0,15312747.0,1.336816,1.725334,TWN,CHN,121220
6152346,250,43,5433,1999,2675.0,0.0,1.130511,0.9547379999999999,ANS,CHN,121220
6152347,39,49,5433,1999,6638.0,0.0,1.083572,1.08026,CAN,COL,121220
6152348,43,49,5433,1999,7172.0,0.0,0.386094,3.270089,CHN,COL,121220
6152349,54,49,5433,1999,4999.0,0.0,-0.152322,-0.8734270000000001,CUB,COL,121220
6152350,81,49,5433,1999,0.0,3557.0,1.9523830000000002,0.771455,GBR,COL,121220
6152351,162,49,5433,1999,0.0,1622.0,1.308776,1.574293,NLD,COL,121220
6152352,230,49,5433,1999,0.0,1652.0,0.26815700000000003,0.307394,URY,COL,121220
6152353,231,49,5433,1999,65493.0,0.0,1.8755119999999998,0.5350729999999999,USA,COL,121220
6152354,41,52,5433,1999,0.0,16338.0,2.189934,0.741428,CHE,CRI,121220
6152355,81,52,5433,1999,1869.0,0.0,1.9523830000000002,0.771455,GBR,CRI,121220
6152356,114,52,5433,1999,4322.0,0.0,2.541382,0.693702,JPN,CRI,121220
6152357,121,52,5433,1999,7808.0,0.0,0.92448,1.053988,KOR,CRI,121220
6152358,231,52,5433,1999,10611.0,0.0,1.8755119999999998,0.5350729999999999,USA,CRI,121220
6152359,49,54,5433,1999,0.0,4999.0,0.190667,0.136271,COL,CUB,121220
6152360,65,54,5433,1999,0.0,13021.0,-0.60436,-0.674701,DOM,CUB,121220
6152361,71,54,5433,1999,0.0,5564.0,1.0849209999999998,1.9351180000000001,ESP,CUB,121220
6152362,77,54,5433,1999,0.0,3119.0,1.72758,0.6619079999999999,FRA,CUB,121220
6152363,111,54,5433,1999,0.0,525.0,1.395253,1.3589790000000002,ITA,CUB,121220
6152364,138,54,5433,1999,0.0,10476.0,0.581034,0.8399760000000001,MEX,CUB,121220
6152365,163,54,5433,1999,0.0,25553.0,1.1012959999999998,0.240184,NOR,CUB,121220
6152366,7,61,5433,1999,0.0,4514.0,-0.21921,-0.54813,ARE,DEU,121220
6152367,8,61,5433,1999,0.0,5267.0,0.49933500000000003,0.593879,ARG,DEU,121220
6152368,14,61,5433,1999,0.0,2652.0,0.357101,0.8857879999999999,AUS,DEU,121220
6152369,15,61,5433,1999,1515.0,53735.0,1.836804,0.744312,AUT,DEU,121220
6152370,18,61,5433,1999,38746.0,8161.0,1.512061,1.253478,BEL,DEU,121220
6152371,23,61,5433,1999,29141.0,1622.0,0.311033,1.7375040000000002,BGR,DEU,121220
6152372,32,61,5433,1999,0.0,24860.0,0.762468,1.191759,BRA,DEU,121220
6152373,39,61,5433,1999,20173.0,0.0,1.083572,1.08026,CAN,DEU,121220
6152374,41,61,5433,1999,1254.0,72883.0,2.189934,0.741428,CHE,DEU,121220
6152375,42,61,5433,1999,1267.0,0.0,0.041013,-0.111553,CHL,DEU,121220
6152376,43,61,5433,1999,187315.0,0.0,0.386094,3.270089,CHN,DEU,121220
6152377,58,61,5433,1999,0.0,26845.0,0.508464,0.324706,CYP,DEU,121220
6152378,59,61,5433,1999,0.0,8996.0,1.412439,1.329385,CZE,DEU,121220
6152379,64,61,5433,1999,0.0,7713.0,1.264405,1.469627,DNK,DEU,121220
6152380,67,61,5433,1999,0.0,1588.0,-0.8875299999999999,-0.9117879999999999,ECU,DEU,121220
6152381,68,61,5433,1999,0.0,52784.0,-0.311879,0.300746,EGY,DEU,121220
6152382,71,61,5433,1999,0.0,15565.0,1.0849209999999998,1.9351180000000001,ESP,DEU,121220
6152383,74,61,5433,1999,0.0,21982.0,2.095642,0.966282,FIN,DEU,121220
6152384,77,61,5433,1999,816119.0,77361.0,1.72758,0.6619079999999999,FRA,DEU,121220
6152385,81,61,5433,1999,18540.0,15631.0,1.9523830000000002,0.771455,GBR,DEU,121220
6152386,90,61,5433,1999,1823.0,1202.0,0.24943600000000002,1.172467,GRC,DEU,121220
6152387,93,61,5433,1999,0.0,1764.0,-0.459323,0.210247,GTM,DEU,121220
6152388,97,61,5433,1999,6136.0,0.0,0.387427,2.402434,HKG,DEU,121220
6152389,103,61,5433,1999,10385.0,0.0,-0.20447,1.568505,IDN,DEU,121220
6152390,104,61,5433,1999,1699.0,5351.0,0.29945900000000003,2.438702,IND,DEU,121220
6152391,106,61,5433,1999,24243.0,0.0,1.599613,0.37233299999999997,IRL,DEU,121220
6152392,109,61,5433,1999,46838.0,0.0,0.377701,-0.355798,ISL,DEU,121220
6152393,110,61,5433,1999,0.0,1025.0,1.342593,0.781931,ISR,DEU,121220
6152394,111,61,5433,1999,0.0,61762.0,1.395253,1.3589790000000002,ITA,DEU,121220
6152395,114,61,5433,1999,470288.0,3190.0,2.541382,0.693702,JPN,DEU,121220
6152396,121,61,5433,1999,116372.0,4511.0,0.92448,1.053988,KOR,DEU,121220
6152397,130,61,5433,1999,7254.0,0.0,0.197536,0.5041899999999999,LTU,DEU,121220
6152398,131,61,5433,1999,0.0,3124.0,1.499745,1.142951,LUX,DEU,121220
6152399,132,61,5433,1999,5101.0,3803.0,0.20633600000000002,0.324171,LVA,DEU,121220
6152400,138,61,5433,1999,2018.0,7391.0,0.581034,0.8399760000000001,MEX,DEU,121220
6152401,140,61,5433,1999,0.0,2651.0,0.053132000000000006,0.43408,MKD,DEU,121220
6152402,153,61,5433,1999,0.0,1994.0,0.500591,0.136149,MYS,DEU,121220
6152403,162,61,5433,1999,334888.0,35435.0,1.308776,1.574293,NLD,DEU,121220
6152404,163,61,5433,1999,48444.0,4734.0,1.1012959999999998,0.240184,NOR,DEU,121220
6152405,166,61,5433,1999,9594.0,0.0,0.592051,0.780176,NZL,DEU,121220
6152406,174,61,5433,1999,1122977.0,0.0,-0.401903,-0.333408,PHL,DEU,121220
6152407,177,61,5433,1999,0.0,19184.0,0.8512700000000001,1.8975229999999998,POL,DEU,121220
6152408,179,61,5433,1999,1717.0,1084.0,0.420538,1.379359,PRT,DEU,121220
6152409,185,61,5433,1999,0.0,11772.0,0.253874,0.8322709999999999,ROU,DEU,121220
6152410,186,61,5433,1999,5146.0,1619.0,0.903308,0.590858,RUS,DEU,121220
6152411,188,61,5433,1999,16475.0,0.0,0.553028,-0.527401,SAU,DEU,121220
6152412,192,61,5433,1999,16887.0,0.0,1.355833,0.594305,SGP,DEU,121220
6152413,206,61,5433,1999,0.0,1016.0,1.133942,1.105742,SVK,DEU,121220
6152414,207,61,5433,1999,0.0,2777.0,1.447589,1.284414,SVN,DEU,121220
6152415,208,61,5433,1999,0.0,7205.0,2.1456720000000002,0.856556,SWE,DEU,121220
6152416,216,61,5433,1999,17591.0,0.0,0.20451,1.513533,THA,DEU,121220
6152417,224,61,5433,1999,10350.0,0.0,0.044692,1.745755,TUR,DEU,121220
6152418,228,61,5433,1999,0.0,15252.0,0.6242270000000001,0.742258,UKR,DEU,121220
6152419,231,61,5433,1999,568118.0,68308.0,1.8755119999999998,0.5350729999999999,USA,DEU,121220
6152420,239,61,5433,1999,1309.0,0.0,-0.9824940000000001,0.115755,VNM,DEU,121220
6152421,246,61,5433,1999,10691.0,13235.0,0.543171,1.432792,ZAF,DEU,121220
6152422,249,61,5433,1999,41232.0,6201.0,1.336816,1.725334,TWN,DEU,121220
6152423,14,64,5433,1999,0.0,3184.0,0.357101,0.8857879999999999,AUS,DNK,121220
6152424,30,64,5433,1999,0.0,2102.0,0.659772,-0.357746,BMU,DNK,121220
6152425,39,64,5433,1999,881909.0,70989.0,1.083572,1.08026,CAN,DNK,121220
6152426,42,64,5433,1999,2546578.0,75200.0,0.041013,-0.111553,CHL,DNK,121220
6152427,61,64,5433,1999,7713.0,0.0,2.334811,-2.060502,DEU,DNK,121220
6152428,72,64,5433,1999,100207.0,0.0,0.502979,0.8847440000000001,EST,DNK,121220
6152429,74,64,5433,1999,0.0,70664.0,2.095642,0.966282,FIN,DNK,121220
6152430,77,64,5433,1999,12295.0,0.0,1.72758,0.6619079999999999,FRA,DNK,121220
6152431,81,64,5433,1999,0.0,2402.0,1.9523830000000002,0.771455,GBR,DNK,121220
6152432,103,64,5433,1999,1703060.0,0.0,-0.20447,1.568505,IDN,DNK,121220
6152433,111,64,5433,1999,0.0,2452.0,1.395253,1.3589790000000002,ITA,DNK,121220
6152434,114,64,5433,1999,9489.0,12887.0,2.541382,0.693702,JPN,DNK,121220
6152435,119,64,5433,1999,712110.0,0.0,-0.3417,-0.8385040000000001,KIR,DNK,121220
6152436,121,64,5433,1999,0.0,11116.0,0.92448,1.053988,KOR,DNK,121220
6152437,153,64,5433,1999,172766.0,0.0,0.500591,0.136149,MYS,DNK,121220
6152438,163,64,5433,1999,21984.0,0.0,1.1012959999999998,0.240184,NOR,DNK,121220
6152439,174,64,5433,1999,4388300.0,0.0,-0.401903,-0.333408,PHL,DNK,121220
6152440,192,64,5433,1999,50760.0,0.0,1.355833,0.594305,SGP,DNK,121220
6152441,208,64,5433,1999,0.0,14247.0,2.1456720000000002,0.856556,SWE,DNK,121220
6152442,226,64,5433,1999,469217.0,0.0,-1.068358,-0.54693,TZA,DNK,121220
6152443,231,64,5433,1999,21139.0,18009.0,1.8755119999999998,0.5350729999999999,USA,DNK,121220
6152444,249,64,5433,1999,61419.0,0.0,1.336816,1.725334,TWN,DNK,121220
6152445,250,64,5433,1999,13629144.0,0.0,1.130511,0.9547379999999999,ANS,DNK,121220
6152446,41,67,5433,1999,0.0,6204.0,2.189934,0.741428,CHE,ECU,121220
6152447,42,67,5433,1999,0.0,1082.0,0.041013,-0.111553,CHL,ECU,121220
6152448,61,67,5433,1999,1588.0,0.0,2.334811,-2.060502,DEU,ECU,121220
6152449,77,67,5433,1999,0.0,3715.0,1.72758,0.6619079999999999,FRA,ECU,121220
6152450,231,67,5433,1999,50267.0,0.0,1.8755119999999998,0.5350729999999999,USA,ECU,121220
6152451,8,71,5433,1999,0.0,11258.0,0.49933500000000003,0.593879,ARG,ESP,121220
6152452,18,71,5433,1999,1225.0,0.0,1.512061,1.253478,BEL,ESP,121220
6152453,41,71,5433,1999,0.0,6169.0,2.189934,0.741428,CHE,ESP,121220
6152454,42,71,5433,1999,226027.0,0.0,0.041013,-0.111553,CHL,ESP,121220
6152455,43,71,5433,1999,52918.0,0.0,0.386094,3.270089,CHN,ESP,121220
6152456,54,71,5433,1999,5564.0,0.0,-0.152322,-0.8734270000000001,CUB,ESP,121220
6152457,59,71,5433,1999,0.0,1139.0,1.412439,1.329385,CZE,ESP,121220
6152458,61,71,5433,1999,15565.0,0.0,2.334811,-2.060502,DEU,ESP,121220
6152459,77,71,5433,1999,1224998.0,52647.0,1.72758,0.6619079999999999,FRA,ESP,121220
6152460,81,71,5433,1999,3373.0,0.0,1.9523830000000002,0.771455,GBR,ESP,121220
6152461,90,71,5433,1999,0.0,13491.0,0.24943600000000002,1.172467,GRC,ESP,121220
6152462,97,71,5433,1999,16092.0,0.0,0.387427,2.402434,HKG,ESP,121220
6152463,103,71,5433,1999,3076754.0,0.0,-0.20447,1.568505,IDN,ESP,121220
6152464,106,71,5433,1999,173819.0,5517.0,1.599613,0.37233299999999997,IRL,ESP,121220
6152465,110,71,5433,1999,0.0,78918.0,1.342593,0.781931,ISR,ESP,121220
6152466,111,71,5433,1999,28897.0,3233.0,1.395253,1.3589790000000002,ITA,ESP,121220
6152467,114,71,5433,1999,100796.0,137644.0,2.541382,0.693702,JPN,ESP,121220
6152468,121,71,5433,1999,53386.0,0.0,0.92448,1.053988,KOR,ESP,121220
6152469,134,71,5433,1999,1383451.0,12598.0,-0.659053,-0.142104,MAR,ESP,121220
6152470,162,71,5433,1999,41599.0,0.0,1.308776,1.574293,NLD,ESP,121220
6152471,163,71,5433,1999,7689.0,0.0,1.1012959999999998,0.240184,NOR,ESP,121220
6152472,174,71,5433,1999,2657506.0,0.0,-0.401903,-0.333408,PHL,ESP,121220
6152473,177,71,5433,1999,0.0,1295534.0,0.8512700000000001,1.8975229999999998,POL,ESP,121220
6152474,179,71,5433,1999,157131.0,641842.0,0.420538,1.379359,PRT,ESP,121220
6152475,188,71,5433,1999,0.0,17521.0,0.553028,-0.527401,SAU,ESP,121220
6152476,226,71,5433,1999,132060.0,0.0,-1.068358,-0.54693,TZA,ESP,121220
6152477,228,71,5433,1999,0.0,7477.0,0.6242270000000001,0.742258,UKR,ESP,121220
6152478,231,71,5433,1999,45577.0,12730.0,1.8755119999999998,0.5350729999999999,USA,ESP,121220
6152479,249,71,5433,1999,6469.0,0.0,1.336816,1.725334,TWN,ESP,121220
6152480,64,72,5433,1999,0.0,100207.0,1.264405,1.469627,DNK,EST,121220
6152481,74,72,5433,1999,9674.0,76956.0,2.095642,0.966282,FIN,EST,121220
6152482,132,72,5433,1999,10442.0,0.0,0.20633600000000002,0.324171,LVA,EST,121220
6152483,39,74,5433,1999,4756.0,0.0,1.083572,1.08026,CAN,FIN,121220
6152484,58,74,5433,1999,0.0,1420.0,0.508464,0.324706,CYP,FIN,121220
6152485,61,74,5433,1999,21982.0,0.0,2.334811,-2.060502,DEU,FIN,121220
6152486,64,74,5433,1999,70664.0,0.0,1.264405,1.469627,DNK,FIN,121220
6152487,72,74,5433,1999,76956.0,9674.0,0.502979,0.8847440000000001,EST,FIN,121220
6152488,77,74,5433,1999,11867.0,0.0,1.72758,0.6619079999999999,FRA,FIN,121220
6152489,81,74,5433,1999,48954.0,0.0,1.9523830000000002,0.771455,GBR,FIN,121220
6152490,97,74,5433,1999,15306.0,0.0,0.387427,2.402434,HKG,FIN,121220
6152491,106,74,5433,1999,100248.0,0.0,1.599613,0.37233299999999997,IRL,FIN,121220
6152492,109,74,5433,1999,32930.0,0.0,0.377701,-0.355798,ISL,FIN,121220
6152493,114,74,5433,1999,3003.0,5129.0,2.541382,0.693702,JPN,FIN,121220
6152494,163,74,5433,1999,141512.0,0.0,1.1012959999999998,0.240184,NOR,FIN,121220
6152495,186,74,5433,1999,0.0,10197.0,0.903308,0.590858,RUS,FIN,121220
6152496,231,74,5433,1999,4749.0,0.0,1.8755119999999998,0.5350729999999999,USA,FIN,121220
6152497,249,74,5433,1999,20769.0,0.0,1.336816,1.725334,TWN,FIN,121220
6152498,8,77,5433,1999,0.0,6046.0,0.49933500000000003,0.593879,ARG,FRA,121220
6152499,14,77,5433,1999,0.0,20654.0,0.357101,0.8857879999999999,AUS,FRA,121220
6152500,15,77,5433,1999,0.0,83210.0,1.836804,0.744312,AUT,FRA,121220
6152501,18,77,5433,1999,121113.0,300825.0,1.512061,1.253478,BEL,FRA,121220
6152502,28,77,5433,1999,0.0,13264.0,0.7516579999999999,1.169072,BLR,FRA,121220
6152503,32,77,5433,1999,7724.0,181366.0,0.762468,1.191759,BRA,FRA,121220
6152504,39,77,5433,1999,107865.0,23940.0,1.083572,1.08026,CAN,FRA,121220
6152505,41,77,5433,1999,9040.0,60667.0,2.189934,0.741428,CHE,FRA,121220
6152506,42,77,5433,1999,2732325.0,8074.0,0.041013,-0.111553,CHL,FRA,121220
6152507,43,77,5433,1999,95004.0,0.0,0.386094,3.270089,CHN,FRA,121220
6152508,54,77,5433,1999,3119.0,0.0,-0.152322,-0.8734270000000001,CUB,FRA,121220
6152509,58,77,5433,1999,0.0,4916.0,0.508464,0.324706,CYP,FRA,121220
6152510,59,77,5433,1999,0.0,8642.0,1.412439,1.329385,CZE,FRA,121220
6152511,61,77,5433,1999,77361.0,816119.0,2.334811,-2.060502,DEU,FRA,121220
6152512,64,77,5433,1999,0.0,12295.0,1.264405,1.469627,DNK,FRA,121220
6152513,67,77,5433,1999,3715.0,0.0,-0.8875299999999999,-0.9117879999999999,ECU,FRA,121220
6152514,71,77,5433,1999,52647.0,1224998.0,1.0849209999999998,1.9351180000000001,ESP,FRA,121220
6152515,74,77,5433,1999,0.0,11867.0,2.095642,0.966282,FIN,FRA,121220
6152516,81,77,5433,1999,4219.0,467446.0,1.9523830000000002,0.771455,GBR,FRA,121220
6152517,90,77,5433,1999,6277.0,25804.0,0.24943600000000002,1.172467,GRC,FRA,121220
6152518,97,77,5433,1999,13365.0,18911.0,0.387427,2.402434,HKG,FRA,121220
6152519,102,77,5433,1999,0.0,1090.0,0.794675,1.308337,HUN,FRA,121220
6152520,103,77,5433,1999,1415002.0,2559.0,-0.20447,1.568505,IDN,FRA,121220
6152521,104,77,5433,1999,0.0,3465.0,0.29945900000000003,2.438702,IND,FRA,121220
6152522,106,77,5433,1999,212404.0,1731.0,1.599613,0.37233299999999997,IRL,FRA,121220
6152523,109,77,5433,1999,294493.0,0.0,0.377701,-0.355798,ISL,FRA,121220
6152524,110,77,5433,1999,0.0,4196.0,1.342593,0.781931,ISR,FRA,121220
6152525,111,77,5433,1999,31525.0,876451.0,1.395253,1.3589790000000002,ITA,FRA,121220
6152526,114,77,5433,1999,176067.0,56996.0,2.541382,0.693702,JPN,FRA,121220
6152527,121,77,5433,1999,108235.0,83524.0,0.92448,1.053988,KOR,FRA,121220
6152528,130,77,5433,1999,0.0,3312.0,0.197536,0.5041899999999999,LTU,FRA,121220
6152529,131,77,5433,1999,0.0,11553.0,1.499745,1.142951,LUX,FRA,121220
6152530,134,77,5433,1999,359370.0,31895.0,-0.659053,-0.142104,MAR,FRA,121220
6152531,136,77,5433,1999,81075.0,17647.0,-1.186653,-0.5059279999999999,MDG,FRA,121220
6152532,156,77,5433,1999,0.0,1298.0,-0.079579,-0.777079,NCL,FRA,121220
6152533,162,77,5433,1999,14133.0,457562.0,1.308776,1.574293,NLD,FRA,121220
6152534,163,77,5433,1999,5819.0,0.0,1.1012959999999998,0.240184,NOR,FRA,121220
6152535,173,77,5433,1999,5086.0,0.0,-0.367489,0.11813399999999999,PER,FRA,121220
6152536,174,77,5433,1999,3137544.0,0.0,-0.401903,-0.333408,PHL,FRA,121220
6152537,177,77,5433,1999,0.0,88481.0,0.8512700000000001,1.8975229999999998,POL,FRA,121220
6152538,179,77,5433,1999,0.0,31599.0,0.420538,1.379359,PRT,FRA,121220
6152539,182,77,5433,1999,0.0,2081.0,0.281327,-0.624142,PYF,FRA,121220
6152540,186,77,5433,1999,2385.0,0.0,0.903308,0.590858,RUS,FRA,121220
6152541,192,77,5433,1999,0.0,25671.0,1.355833,0.594305,SGP,FRA,121220
6152542,206,77,5433,1999,0.0,674418.0,1.133942,1.105742,SVK,FRA,121220
6152543,208,77,5433,1999,0.0,1765.0,2.1456720000000002,0.856556,SWE,FRA,121220
6152544,216,77,5433,1999,1774.0,54712.0,0.20451,1.513533,THA,FRA,121220
6152545,223,77,5433,1999,0.0,15503.0,-0.317866,-0.102551,TUN,FRA,121220
6152546,226,77,5433,1999,90962.0,0.0,-1.068358,-0.54693,TZA,FRA,121220
6152547,231,77,5433,1999,212705.0,786553.0,1.8755119999999998,0.5350729999999999,USA,FRA,121220
6152548,236,77,5433,1999,8888.0,0.0,0.16454100000000002,-0.691021,VEN,FRA,121220
6152549,246,77,5433,1999,0.0,43611.0,0.543171,1.432792,ZAF,FRA,121220
6152550,249,77,5433,1999,0.0,77339.0,1.336816,1.725334,TWN,FRA,121220
6152551,14,81,5433,1999,1303567.0,39727.0,0.357101,0.8857879999999999,AUS,GBR,121220
6152552,15,81,5433,1999,0.0,2813.0,1.836804,0.744312,AUT,GBR,121220
6152553,18,81,5433,1999,7592.0,33734.0,1.512061,1.253478,BEL,GBR,121220
6152554,23,81,5433,1999,0.0,329252.0,0.311033,1.7375040000000002,BGR,GBR,121220
6152555,30,81,5433,1999,0.0,2026.0,0.659772,-0.357746,BMU,GBR,121220
6152556,33,81,5433,1999,0.0,1906.0,0.878015,0.413308,BRB,GBR,121220
6152557,39,81,5433,1999,0.0,1264.0,1.083572,1.08026,CAN,GBR,121220
6152558,41,81,5433,1999,0.0,1461.0,2.189934,0.741428,CHE,GBR,121220
6152559,42,81,5433,1999,526301.0,0.0,0.041013,-0.111553,CHL,GBR,121220
6152560,43,81,5433,1999,62547.0,3766.0,0.386094,3.270089,CHN,GBR,121220
6152561,49,81,5433,1999,3557.0,0.0,0.190667,0.136271,COL,GBR,121220
6152562,52,81,5433,1999,0.0,1869.0,-0.310033,-0.299529,CRI,GBR,121220
6152563,58,81,5433,1999,0.0,5386.0,0.508464,0.324706,CYP,GBR,121220
6152564,61,81,5433,1999,15631.0,18540.0,2.334811,-2.060502,DEU,GBR,121220
6152565,64,81,5433,1999,2402.0,0.0,1.264405,1.469627,DNK,GBR,121220
6152566,65,81,5433,1999,0.0,75677.0,-0.60436,-0.674701,DOM,GBR,121220
6152567,71,81,5433,1999,0.0,3373.0,1.0849209999999998,1.9351180000000001,ESP,GBR,121220
6152568,74,81,5433,1999,0.0,48954.0,2.095642,0.966282,FIN,GBR,121220
6152569,77,81,5433,1999,467446.0,4219.0,1.72758,0.6619079999999999,FRA,GBR,121220
6152570,90,81,5433,1999,0.0,985.0,0.24943600000000002,1.172467,GRC,GBR,121220
6152571,97,81,5433,1999,15342.0,0.0,0.387427,2.402434,HKG,GBR,121220
6152572,100,81,5433,1999,0.0,866.0,0.572934,0.9873639999999999,HRV,GBR,121220
6152573,102,81,5433,1999,0.0,1808.0,0.794675,1.308337,HUN,GBR,121220
6152574,103,81,5433,1999,106915.0,914.0,-0.20447,1.568505,IDN,GBR,121220
6152575,104,81,5433,1999,36490.0,6843.0,0.29945900000000003,2.438702,IND,GBR,121220
6152576,106,81,5433,1999,1160724.0,66996.0,1.599613,0.37233299999999997,IRL,GBR,121220
6152577,109,81,5433,1999,1156580.0,15455.0,0.377701,-0.355798,ISL,GBR,121220
6152578,110,81,5433,1999,994.0,1974.0,1.342593,0.781931,ISR,GBR,121220
6152579,111,81,5433,1999,0.0,33924.0,1.395253,1.3589790000000002,ITA,GBR,121220
6152580,112,81,5433,1999,0.0,42972.0,-0.852468,-0.9670290000000001,JAM,GBR,121220
6152581,114,81,5433,1999,448966.0,9217.0,2.541382,0.693702,JPN,GBR,121220
6152582,116,81,5433,1999,0.0,956.0,-0.336125,0.43983999999999995,KEN,GBR,121220
6152583,121,81,5433,1999,101959.0,15904.0,0.92448,1.053988,KOR,GBR,121220
6152584,132,81,5433,1999,0.0,2289.0,0.20633600000000002,0.324171,LVA,GBR,121220
6152585,134,81,5433,1999,1030.0,0.0,-0.659053,-0.142104,MAR,GBR,121220
6152586,138,81,5433,1999,0.0,32094.0,0.581034,0.8399760000000001,MEX,GBR,121220
6152587,140,81,5433,1999,0.0,5336.0,0.053132000000000006,0.43408,MKD,GBR,121220
6152588,143,81,5433,1999,0.0,4626.0,-1.4991299999999999,-0.984557,MMR,GBR,121220
6152589,162,81,5433,1999,14124.0,33201.0,1.308776,1.574293,NLD,GBR,121220
6152590,163,81,5433,1999,303403.0,6779.0,1.1012959999999998,0.240184,NOR,GBR,121220
6152591,166,81,5433,1999,29770.0,52746.0,0.592051,0.780176,NZL,GBR,121220
6152592,168,81,5433,1999,0.0,15564.0,-1.047891,-0.525612,PAK,GBR,121220
6152593,173,81,5433,1999,125897.0,0.0,-0.367489,0.11813399999999999,PER,GBR,121220
6152594,174,81,5433,1999,476054.0,2916.0,-0.401903,-0.333408,PHL,GBR,121220
6152595,177,81,5433,1999,0.0,108714.0,0.8512700000000001,1.8975229999999998,POL,GBR,121220
6152596,179,81,5433,1999,0.0,5408.0,0.420538,1.379359,PRT,GBR,121220
6152597,186,81,5433,1999,0.0,109916.0,0.903308,0.590858,RUS,GBR,121220
6152598,188,81,5433,1999,8338.0,0.0,0.553028,-0.527401,SAU,GBR,121220
6152599,192,81,5433,1999,133900.0,5414.0,1.355833,0.594305,SGP,GBR,121220
6152600,197,81,5433,1999,1324.0,0.0,-0.263572,-0.121576,SLV,GBR,121220
6152601,208,81,5433,1999,0.0,1831.0,2.1456720000000002,0.856556,SWE,GBR,121220
6152602,216,81,5433,1999,0.0,46222.0,0.20451,1.513533,THA,GBR,121220
6152603,231,81,5433,1999,482908.0,93687.0,1.8755119999999998,0.5350729999999999,USA,GBR,121220
6152604,246,81,5433,1999,0.0,2145.0,0.543171,1.432792,ZAF,GBR,121220
6152605,249,81,5433,1999,60508.0,47584.0,1.336816,1.725334,TWN,GBR,121220
6152606,61,90,5433,1999,1202.0,1823.0,2.334811,-2.060502,DEU,GRC,121220
6152607,71,90,5433,1999,13491.0,0.0,1.0849209999999998,1.9351180000000001,ESP,GRC,121220
6152608,77,90,5433,1999,25804.0,6277.0,1.72758,0.6619079999999999,FRA,GRC,121220
6152609,81,90,5433,1999,985.0,0.0,1.9523830000000002,0.771455,GBR,GRC,121220
6152610,106,90,5433,1999,6727.0,0.0,1.599613,0.37233299999999997,IRL,GRC,121220
6152611,111,90,5433,1999,8239.0,0.0,1.395253,1.3589790000000002,ITA,GRC,121220
6152612,114,90,5433,1999,164331.0,0.0,2.541382,0.693702,JPN,GRC,121220
6152613,162,90,5433,1999,1325.0,0.0,1.308776,1.574293,NLD,GRC,121220
6152614,163,90,5433,1999,26561.0,0.0,1.1012959999999998,0.240184,NOR,GRC,121220
6152615,231,90,5433,1999,6322.0,0.0,1.8755119999999998,0.5350729999999999,USA,GRC,121220
6152616,61,93,5433,1999,1764.0,0.0,2.334811,-2.060502,DEU,GTM,121220
6152617,231,93,5433,1999,210348.0,0.0,1.8755119999999998,0.5350729999999999,USA,GTM,121220
6152618,14,97,5433,1999,0.0,15077.0,0.357101,0.8857879999999999,AUS,HKG,121220
6152619,18,97,5433,1999,0.0,1617.0,1.512061,1.253478,BEL,HKG,121220
6152620,32,97,5433,1999,0.0,1422.0,0.762468,1.191759,BRA,HKG,121220
6152621,39,97,5433,1999,0.0,155418.0,1.083572,1.08026,CAN,HKG,121220
6152622,41,97,5433,1999,0.0,3006.0,2.189934,0.741428,CHE,HKG,121220
6152623,42,97,5433,1999,27872.0,0.0,0.041013,-0.111553,CHL,HKG,121220
6152624,43,97,5433,1999,1691452.0,678053.0,0.386094,3.270089,CHN,HKG,121220
6152625,59,97,5433,1999,0.0,5558.0,1.412439,1.329385,CZE,HKG,121220
6152626,61,97,5433,1999,0.0,6136.0,2.334811,-2.060502,DEU,HKG,121220
6152627,71,97,5433,1999,0.0,16092.0,1.0849209999999998,1.9351180000000001,ESP,HKG,121220
6152628,74,97,5433,1999,0.0,15306.0,2.095642,0.966282,FIN,HKG,121220
6152629,77,97,5433,1999,18911.0,13365.0,1.72758,0.6619079999999999,FRA,HKG,121220
6152630,81,97,5433,1999,0.0,15342.0,1.9523830000000002,0.771455,GBR,HKG,121220
6152631,103,97,5433,1999,2596680.0,27244.0,-0.20447,1.568505,IDN,HKG,121220
6152632,106,97,5433,1999,28509.0,0.0,1.599613,0.37233299999999997,IRL,HKG,121220
6152633,114,97,5433,1999,907203.0,405663.0,2.541382,0.693702,JPN,HKG,121220
6152634,121,97,5433,1999,2332188.0,1038.0,0.92448,1.053988,KOR,HKG,121220
6152635,133,97,5433,1999,0.0,19639.0,-0.365239,-0.380913,MAC,HKG,121220
6152636,151,97,5433,1999,0.0,854.0,-0.5713729999999999,-0.696416,MUS,HKG,121220
6152637,153,97,5433,1999,436292.0,7726.0,0.500591,0.136149,MYS,HKG,121220
6152638,162,97,5433,1999,0.0,57358.0,1.308776,1.574293,NLD,HKG,121220
6152639,163,97,5433,1999,0.0,2670.0,1.1012959999999998,0.240184,NOR,HKG,121220
6152640,164,97,5433,1999,0.0,721.0,-0.421433,0.24781799999999998,NPL,HKG,121220
6152641,166,97,5433,1999,0.0,23366.0,0.592051,0.780176,NZL,HKG,121220
6152642,169,97,5433,1999,0.0,856.0,0.126144,0.491986,PAN,HKG,121220
6152643,173,97,5433,1999,0.0,533.0,-0.367489,0.11813399999999999,PER,HKG,121220
6152644,174,97,5433,1999,1638767.0,8758.0,-0.401903,-0.333408,PHL,HKG,121220
6152645,192,97,5433,1999,355396.0,68810.0,1.355833,0.594305,SGP,HKG,121220
6152646,205,97,5433,1999,0.0,1326.0,-0.799447,-0.85055,SUR,HKG,121220
6152647,208,97,5433,1999,0.0,18681.0,2.1456720000000002,0.856556,SWE,HKG,121220
6152648,216,97,5433,1999,0.0,18364.0,0.20451,1.513533,THA,HKG,121220
6152649,222,97,5433,1999,0.0,3230.0,0.258046,-0.562956,TTO,HKG,121220
6152650,231,97,5433,1999,56964.0,104385.0,1.8755119999999998,0.5350729999999999,USA,HKG,121220
6152651,236,97,5433,1999,0.0,915.0,0.16454100000000002,-0.691021,VEN,HKG,121220
6152652,246,97,5433,1999,0.0,2658.0,0.543171,1.432792,ZAF,HKG,121220
6152653,249,97,5433,1999,739281.0,358337.0,1.336816,1.725334,TWN,HKG,121220
6152654,250,97,5433,1999,0.0,1287.0,1.130511,0.9547379999999999,ANS,HKG,121220
6152655,8,103,5433,1999,0.0,184582.0,0.49933500000000003,0.593879,ARG,IDN,121220
6152656,14,103,5433,1999,0.0,33773.0,0.357101,0.8857879999999999,AUS,IDN,121220
6152657,15,103,5433,1999,0.0,2027.0,1.836804,0.744312,AUT,IDN,121220
6152658,39,103,5433,1999,0.0,621617.0,1.083572,1.08026,CAN,IDN,121220
6152659,41,103,5433,1999,0.0,18665.0,2.189934,0.741428,CHE,IDN,121220
6152660,42,103,5433,1999,42492.0,239465.0,0.041013,-0.111553,CHL,IDN,121220
6152661,43,103,5433,1999,25839.0,795946.0,0.386094,3.270089,CHN,IDN,121220
6152662,45,103,5433,1999,0.0,7146.0,-1.7392470000000002,-1.241373,CMR,IDN,121220
6152663,61,103,5433,1999,0.0,10385.0,2.334811,-2.060502,DEU,IDN,121220
6152664,64,103,5433,1999,0.0,1703060.0,1.264405,1.469627,DNK,IDN,121220
6152665,71,103,5433,1999,0.0,3076754.0,1.0849209999999998,1.9351180000000001,ESP,IDN,121220
6152666,77,103,5433,1999,2559.0,1415002.0,1.72758,0.6619079999999999,FRA,IDN,121220
6152667,81,103,5433,1999,914.0,106915.0,1.9523830000000002,0.771455,GBR,IDN,121220
6152668,97,103,5433,1999,27244.0,2596680.0,0.387427,2.402434,HKG,IDN,121220
6152669,106,103,5433,1999,0.0,271712.0,1.599613,0.37233299999999997,IRL,IDN,121220
6152670,114,103,5433,1999,26571.0,1378859.0,2.541382,0.693702,JPN,IDN,121220
6152671,121,103,5433,1999,21937.0,1147587.0,0.92448,1.053988,KOR,IDN,121220
6152672,128,103,5433,1999,0.0,3446.0,-0.8875649999999999,-0.059249,LKA,IDN,121220
6152673,153,103,5433,1999,0.0,4296.0,0.500591,0.136149,MYS,IDN,121220
6152674,163,103,5433,1999,6252.0,0.0,1.1012959999999998,0.240184,NOR,IDN,121220
6152675,166,103,5433,1999,0.0,9468.0,0.592051,0.780176,NZL,IDN,121220
6152676,174,103,5433,1999,255718.0,422151.0,-0.401903,-0.333408,PHL,IDN,121220
6152677,179,103,5433,1999,0.0,191683.0,0.420538,1.379359,PRT,IDN,121220
6152678,192,103,5433,1999,1531.0,26562.0,1.355833,0.594305,SGP,IDN,121220
6152679,216,103,5433,1999,12029.0,0.0,0.20451,1.513533,THA,IDN,121220
6152680,231,103,5433,1999,7206.0,1958468.0,1.8755119999999998,0.5350729999999999,USA,IDN,121220
6152681,249,103,5433,1999,13994.0,370170.0,1.336816,1.725334,TWN,IDN,121220
6152682,250,103,5433,1999,3264.0,0.0,1.130511,0.9547379999999999,ANS,IDN,121220
6152683,1,106,5433,1999,0.0,6722.0,-0.28520500000000004,-0.635241,AFG,IRL,121220
6152684,6,106,5433,1999,0.0,1581.0,0.266874,-0.5122220000000001,ANT,IRL,121220
6152685,7,106,5433,1999,0.0,34381.0,-0.21921,-0.54813,ARE,IRL,121220
6152686,14,106,5433,1999,0.0,12534.0,0.357101,0.8857879999999999,AUS,IRL,121220
6152687,18,106,5433,1999,0.0,88197.0,1.512061,1.253478,BEL,IRL,121220
6152688,23,106,5433,1999,0.0,3831.0,0.311033,1.7375040000000002,BGR,IRL,121220
6152689,39,106,5433,1999,0.0,16017.0,1.083572,1.08026,CAN,IRL,121220
6152690,45,106,5433,1999,0.0,3061.0,-1.7392470000000002,-1.241373,CMR,IRL,121220
6152691,61,106,5433,1999,0.0,24243.0,2.334811,-2.060502,DEU,IRL,121220
6152692,71,106,5433,1999,5517.0,173819.0,1.0849209999999998,1.9351180000000001,ESP,IRL,121220
6152693,74,106,5433,1999,0.0,100248.0,2.095642,0.966282,FIN,IRL,121220
6152694,77,106,5433,1999,1731.0,212404.0,1.72758,0.6619079999999999,FRA,IRL,121220
6152695,81,106,5433,1999,66996.0,1160724.0,1.9523830000000002,0.771455,GBR,IRL,121220
6152696,90,106,5433,1999,0.0,6727.0,0.24943600000000002,1.172467,GRC,IRL,121220
6152697,97,106,5433,1999,0.0,28509.0,0.387427,2.402434,HKG,IRL,121220
6152698,100,106,5433,1999,0.0,6282.0,0.572934,0.9873639999999999,HRV,IRL,121220
6152699,103,106,5433,1999,271712.0,0.0,-0.20447,1.568505,IDN,IRL,121220
6152700,110,106,5433,1999,0.0,902.0,1.342593,0.781931,ISR,IRL,121220
6152701,111,106,5433,1999,0.0,52220.0,1.395253,1.3589790000000002,ITA,IRL,121220
6152702,114,106,5433,1999,763081.0,73418.0,2.541382,0.693702,JPN,IRL,121220
6152703,121,106,5433,1999,467425.0,6130.0,0.92448,1.053988,KOR,IRL,121220
6152704,128,106,5433,1999,0.0,4967.0,-0.8875649999999999,-0.059249,LKA,IRL,121220
6152705,138,106,5433,1999,0.0,1453.0,0.581034,0.8399760000000001,MEX,IRL,121220
6152706,151,106,5433,1999,0.0,1242.0,-0.5713729999999999,-0.696416,MUS,IRL,121220
6152707,162,106,5433,1999,13741.0,0.0,1.308776,1.574293,NLD,IRL,121220
6152708,163,106,5433,1999,17668.0,0.0,1.1012959999999998,0.240184,NOR,IRL,121220
6152709,166,106,5433,1999,0.0,9309.0,0.592051,0.780176,NZL,IRL,121220
6152710,174,106,5433,1999,485533.0,44090.0,-0.401903,-0.333408,PHL,IRL,121220
6152711,179,106,5433,1999,0.0,14071.0,0.420538,1.379359,PRT,IRL,121220
6152712,185,106,5433,1999,0.0,48086.0,0.253874,0.8322709999999999,ROU,IRL,121220
6152713,186,106,5433,1999,0.0,19852.0,0.903308,0.590858,RUS,IRL,121220
6152714,188,106,5433,1999,0.0,213052.0,0.553028,-0.527401,SAU,IRL,121220
6152715,208,106,5433,1999,0.0,3183.0,2.1456720000000002,0.856556,SWE,IRL,121220
6152716,216,106,5433,1999,0.0,100867.0,0.20451,1.513533,THA,IRL,121220
6152717,224,106,5433,1999,0.0,31450.0,0.044692,1.745755,TUR,IRL,121220
6152718,231,106,5433,1999,3492.0,52940.0,1.8755119999999998,0.5350729999999999,USA,IRL,121220
6152719,250,106,5433,1999,0.0,8278.0,1.130511,0.9547379999999999,ANS,IRL,121220
6152720,8,111,5433,1999,0.0,1257.0,0.49933500000000003,0.593879,ARG,ITA,121220
6152721,15,111,5433,1999,67344.0,100307.0,1.836804,0.744312,AUT,ITA,121220
6152722,18,111,5433,1999,8217.0,0.0,1.512061,1.253478,BEL,ITA,121220
6152723,41,111,5433,1999,3135.0,1429.0,2.189934,0.741428,CHE,ITA,121220
6152724,42,111,5433,1999,1411.0,0.0,0.041013,-0.111553,CHL,ITA,121220
6152725,43,111,5433,1999,34037.0,0.0,0.386094,3.270089,CHN,ITA,121220
6152726,54,111,5433,1999,525.0,0.0,-0.152322,-0.8734270000000001,CUB,ITA,121220
6152727,61,111,5433,1999,61762.0,0.0,2.334811,-2.060502,DEU,ITA,121220
6152728,64,111,5433,1999,2452.0,0.0,1.264405,1.469627,DNK,ITA,121220
6152729,71,111,5433,1999,3233.0,28897.0,1.0849209999999998,1.9351180000000001,ESP,ITA,121220
6152730,77,111,5433,1999,876451.0,31525.0,1.72758,0.6619079999999999,FRA,ITA,121220
6152731,81,111,5433,1999,33924.0,0.0,1.9523830000000002,0.771455,GBR,ITA,121220
6152732,90,111,5433,1999,0.0,8239.0,0.24943600000000002,1.172467,GRC,ITA,121220
6152733,106,111,5433,1999,52220.0,0.0,1.599613,0.37233299999999997,IRL,ITA,121220
6152734,114,111,5433,1999,16709.0,0.0,2.541382,0.693702,JPN,ITA,121220
6152735,121,111,5433,1999,25772.0,0.0,0.92448,1.053988,KOR,ITA,121220
6152736,162,111,5433,1999,230306.0,0.0,1.308776,1.574293,NLD,ITA,121220
6152737,163,111,5433,1999,5068.0,0.0,1.1012959999999998,0.240184,NOR,ITA,121220
6152738,174,111,5433,1999,264744.0,0.0,-0.401903,-0.333408,PHL,ITA,121220
6152739,192,111,5433,1999,0.0,30558.0,1.355833,0.594305,SGP,ITA,121220
6152740,207,111,5433,1999,0.0,5034.0,1.447589,1.284414,SVN,ITA,121220
6152741,231,111,5433,1999,180592.0,0.0,1.8755119999999998,0.5350729999999999,USA,ITA,121220
6152742,249,111,5433,1999,3820.0,0.0,1.336816,1.725334,TWN,ITA,121220
6152743,81,112,5433,1999,42972.0,0.0,1.9523830000000002,0.771455,GBR,JAM,121220
6152744,174,112,5433,1999,8063.0,0.0,-0.401903,-0.333408,PHL,JAM,121220
6152745,231,112,5433,1999,15244.0,0.0,1.8755119999999998,0.5350729999999999,USA,JAM,121220
6152746,8,121,5433,1999,31987.0,3922.0,0.49933500000000003,0.593879,ARG,KOR,121220
6152747,14,121,5433,1999,16719.0,273389.0,0.357101,0.8857879999999999,AUS,KOR,121220
6152748,15,121,5433,1999,0.0,13876.0,1.836804,0.744312,AUT,KOR,121220
6152749,18,121,5433,1999,0.0,4011.0,1.512061,1.253478,BEL,KOR,121220
6152750,32,121,5433,1999,0.0,230562.0,0.762468,1.191759,BRA,KOR,121220
6152751,39,121,5433,1999,11917.0,202872.0,1.083572,1.08026,CAN,KOR,121220
6152752,41,121,5433,1999,0.0,6923.0,2.189934,0.741428,CHE,KOR,121220
6152753,42,121,5433,1999,898577.0,985.0,0.041013,-0.111553,CHL,KOR,121220
6152754,43,121,5433,1999,1829704.0,662872.0,0.386094,3.270089,CHN,KOR,121220
6152755,52,121,5433,1999,0.0,7808.0,-0.310033,-0.299529,CRI,KOR,121220
6152756,61,121,5433,1999,4511.0,116372.0,2.334811,-2.060502,DEU,KOR,121220
6152757,64,121,5433,1999,11116.0,0.0,1.264405,1.469627,DNK,KOR,121220
6152758,68,121,5433,1999,0.0,968.0,-0.311879,0.300746,EGY,KOR,121220
6152759,71,121,5433,1999,0.0,53386.0,1.0849209999999998,1.9351180000000001,ESP,KOR,121220
6152760,77,121,5433,1999,83524.0,108235.0,1.72758,0.6619079999999999,FRA,KOR,121220
6152761,81,121,5433,1999,15904.0,101959.0,1.9523830000000002,0.771455,GBR,KOR,121220
6152762,97,121,5433,1999,1038.0,2332188.0,0.387427,2.402434,HKG,KOR,121220
6152763,103,121,5433,1999,1147587.0,21937.0,-0.20447,1.568505,IDN,KOR,121220
6152764,106,121,5433,1999,6130.0,467425.0,1.599613,0.37233299999999997,IRL,KOR,121220
6152765,111,121,5433,1999,0.0,25772.0,1.395253,1.3589790000000002,ITA,KOR,121220
6152766,114,121,5433,1999,300933.0,82651224.0,2.541382,0.693702,JPN,KOR,121220
6152767,126,121,5433,1999,0.0,28708.0,-0.269375,-1.145758,LBY,KOR,121220
6152768,133,121,5433,1999,0.0,2017.0,-0.365239,-0.380913,MAC,KOR,121220
6152769,134,121,5433,1999,998551.0,0.0,-0.659053,-0.142104,MAR,KOR,121220
6152770,138,121,5433,1999,0.0,1054.0,0.581034,0.8399760000000001,MEX,KOR,121220
6152771,153,121,5433,1999,590476.0,11522.0,0.500591,0.136149,MYS,KOR,121220
6152772,162,121,5433,1999,0.0,20073.0,1.308776,1.574293,NLD,KOR,121220
6152773,166,121,5433,1999,0.0,43174.0,0.592051,0.780176,NZL,KOR,121220
6152774,174,121,5433,1999,3017288.0,10219.0,-0.401903,-0.333408,PHL,KOR,121220
6152775,180,121,5433,1999,0.0,5342.0,-0.541387,-0.863967,PRY,KOR,121220
6152776,186,121,5433,1999,17582.0,21930.0,0.903308,0.590858,RUS,KOR,121220
6152777,188,121,5433,1999,0.0,4111.0,0.553028,-0.527401,SAU,KOR,121220
6152778,192,121,5433,1999,0.0,422235.0,1.355833,0.594305,SGP,KOR,121220
6152779,216,121,5433,1999,7438.0,283153.0,0.20451,1.513533,THA,KOR,121220
6152780,231,121,5433,1999,118750.0,4682918.0,1.8755119999999998,0.5350729999999999,USA,KOR,121220
6152781,239,121,5433,1999,0.0,2073.0,-0.9824940000000001,0.115755,VNM,KOR,121220
6152782,246,121,5433,1999,74049.0,1682.0,0.543171,1.432792,ZAF,KOR,121220
6152783,249,121,5433,1999,35697.0,5593634.0,1.336816,1.725334,TWN,KOR,121220
6152784,250,121,5433,1999,0.0,39246.0,1.130511,0.9547379999999999,ANS,KOR,121220
6152785,103,128,5433,1999,3446.0,0.0,-0.20447,1.568505,IDN,LKA,121220
6152786,106,128,5433,1999,4967.0,0.0,1.599613,0.37233299999999997,IRL,LKA,121220
6152787,114,128,5433,1999,0.0,34907.0,2.541382,0.693702,JPN,LKA,121220
6152788,192,128,5433,1999,2250.0,0.0,1.355833,0.594305,SGP,LKA,121220
6152789,39,138,5433,1999,205604.0,33577.0,1.083572,1.08026,CAN,MEX,121220
6152790,43,138,5433,1999,31033.0,62092.0,0.386094,3.270089,CHN,MEX,121220
6152791,54,138,5433,1999,10476.0,0.0,-0.152322,-0.8734270000000001,CUB,MEX,121220
6152792,61,138,5433,1999,7391.0,2018.0,2.334811,-2.060502,DEU,MEX,121220
6152793,81,138,5433,1999,32094.0,0.0,1.9523830000000002,0.771455,GBR,MEX,121220
6152794,106,138,5433,1999,1453.0,0.0,1.599613,0.37233299999999997,IRL,MEX,121220
6152795,114,138,5433,1999,257822.0,71531.0,2.541382,0.693702,JPN,MEX,121220
6152796,121,138,5433,1999,1054.0,0.0,0.92448,1.053988,KOR,MEX,121220
6152797,162,138,5433,1999,0.0,2266.0,1.308776,1.574293,NLD,MEX,121220
6152798,163,138,5433,1999,1884.0,0.0,1.1012959999999998,0.240184,NOR,MEX,121220
6152799,174,138,5433,1999,265653.0,0.0,-0.401903,-0.333408,PHL,MEX,121220
6152800,178,138,5433,1999,1429.0,0.0,0.536814,0.980433,PRK,MEX,121220
6152801,216,138,5433,1999,2267.0,0.0,0.20451,1.513533,THA,MEX,121220
6152802,231,138,5433,1999,1151088.0,1054949.0,1.8755119999999998,0.5350729999999999,USA,MEX,121220
6152803,236,138,5433,1999,0.0,2916.0,0.16454100000000002,-0.691021,VEN,MEX,121220
6152804,246,138,5433,1999,1808.0,0.0,0.543171,1.432792,ZAF,MEX,121220
6152805,43,153,5433,1999,256037.0,0.0,0.386094,3.270089,CHN,MYS,121220
6152806,61,153,5433,1999,1994.0,0.0,2.334811,-2.060502,DEU,MYS,121220
6152807,64,153,5433,1999,0.0,172766.0,1.264405,1.469627,DNK,MYS,121220
6152808,97,153,5433,1999,7726.0,436292.0,0.387427,2.402434,HKG,MYS,121220
6152809,103,153,5433,1999,4296.0,0.0,-0.20447,1.568505,IDN,MYS,121220
6152810,104,153,5433,1999,57055.0,0.0,0.29945900000000003,2.438702,IND,MYS,121220
6152811,114,153,5433,1999,34363.0,0.0,2.541382,0.693702,JPN,MYS,121220
6152812,121,153,5433,1999,11522.0,590476.0,0.92448,1.053988,KOR,MYS,121220
6152813,162,153,5433,1999,0.0,1887.0,1.308776,1.574293,NLD,MYS,121220
6152814,166,153,5433,1999,7211.0,0.0,0.592051,0.780176,NZL,MYS,121220
6152815,174,153,5433,1999,162241.0,14148.0,-0.401903,-0.333408,PHL,MYS,121220
6152816,192,153,5433,1999,510675.0,12271.0,1.355833,0.594305,SGP,MYS,121220
6152817,216,153,5433,1999,23252.0,2432.0,0.20451,1.513533,THA,MYS,121220
6152818,231,153,5433,1999,31726.0,36744.0,1.8755119999999998,0.5350729999999999,USA,MYS,121220
6152819,249,153,5433,1999,521358.0,10155.0,1.336816,1.725334,TWN,MYS,121220
6152820,7,162,5433,1999,0.0,34861.0,-0.21921,-0.54813,ARE,NLD,121220
6152821,14,162,5433,1999,9303.0,0.0,0.357101,0.8857879999999999,AUS,NLD,121220
6152822,15,162,5433,1999,0.0,23623.0,1.836804,0.744312,AUT,NLD,121220
6152823,18,162,5433,1999,60891.0,179819.0,1.512061,1.253478,BEL,NLD,121220
6152824,28,162,5433,1999,0.0,1089.0,0.7516579999999999,1.169072,BLR,NLD,121220
6152825,32,162,5433,1999,7990.0,17789.0,0.762468,1.191759,BRA,NLD,121220
6152826,41,162,5433,1999,35933.0,6879.0,2.189934,0.741428,CHE,NLD,121220
6152827,42,162,5433,1999,11518.0,0.0,0.041013,-0.111553,CHL,NLD,121220
6152828,43,162,5433,1999,139524.0,0.0,0.386094,3.270089,CHN,NLD,121220
6152829,49,162,5433,1999,1622.0,0.0,0.190667,0.136271,COL,NLD,121220
6152830,58,162,5433,1999,0.0,6471.0,0.508464,0.324706,CYP,NLD,121220
6152831,59,162,5433,1999,0.0,5286.0,1.412439,1.329385,CZE,NLD,121220
6152832,61,162,5433,1999,35435.0,334888.0,2.334811,-2.060502,DEU,NLD,121220
6152833,71,162,5433,1999,0.0,41599.0,1.0849209999999998,1.9351180000000001,ESP,NLD,121220
6152834,77,162,5433,1999,457562.0,14133.0,1.72758,0.6619079999999999,FRA,NLD,121220
6152835,81,162,5433,1999,33201.0,14124.0,1.9523830000000002,0.771455,GBR,NLD,121220
6152836,90,162,5433,1999,0.0,1325.0,0.24943600000000002,1.172467,GRC,NLD,121220
6152837,97,162,5433,1999,57358.0,0.0,0.387427,2.402434,HKG,NLD,121220
6152838,106,162,5433,1999,0.0,13741.0,1.599613,0.37233299999999997,IRL,NLD,121220
6152839,109,162,5433,1999,23313.0,0.0,0.377701,-0.355798,ISL,NLD,121220
6152840,111,162,5433,1999,0.0,230306.0,1.395253,1.3589790000000002,ITA,NLD,121220
6152841,114,162,5433,1999,708587.0,0.0,2.541382,0.693702,JPN,NLD,121220
6152842,121,162,5433,1999,20073.0,0.0,0.92448,1.053988,KOR,NLD,121220
6152843,138,162,5433,1999,2266.0,0.0,0.581034,0.8399760000000001,MEX,NLD,121220
6152844,142,162,5433,1999,0.0,5704.0,0.9998450000000001,0.009412,MLT,NLD,121220
6152845,153,162,5433,1999,1887.0,0.0,0.500591,0.136149,MYS,NLD,121220
6152846,163,162,5433,1999,34141.0,3131.0,1.1012959999999998,0.240184,NOR,NLD,121220
6152847,166,162,5433,1999,0.0,2018.0,0.592051,0.780176,NZL,NLD,121220
6152848,174,162,5433,1999,184223.0,0.0,-0.401903,-0.333408,PHL,NLD,121220
6152849,177,162,5433,1999,0.0,68643.0,0.8512700000000001,1.8975229999999998,POL,NLD,121220
6152850,179,162,5433,1999,0.0,4985.0,0.420538,1.379359,PRT,NLD,121220
6152851,192,162,5433,1999,2323.0,0.0,1.355833,0.594305,SGP,NLD,121220
6152852,208,162,5433,1999,0.0,11590.0,2.1456720000000002,0.856556,SWE,NLD,121220
6152853,216,162,5433,1999,45908.0,0.0,0.20451,1.513533,THA,NLD,121220
6152854,224,162,5433,1999,2781.0,35869.0,0.044692,1.745755,TUR,NLD,121220
6152855,231,162,5433,1999,932935.0,20777.0,1.8755119999999998,0.5350729999999999,USA,NLD,121220
6152856,246,162,5433,1999,1167.0,624601.0,0.543171,1.432792,ZAF,NLD,121220
6152857,249,162,5433,1999,2919.0,0.0,1.336816,1.725334,TWN,NLD,121220
6152858,8,163,5433,1999,0.0,1491.0,0.49933500000000003,0.593879,ARG,NOR,121220
6152859,14,163,5433,1999,0.0,19700.0,0.357101,0.8857879999999999,AUS,NOR,121220
6152860,15,163,5433,1999,0.0,3136.0,1.836804,0.744312,AUT,NOR,121220
6152861,18,163,5433,1999,0.0,7249.0,1.512061,1.253478,BEL,NOR,121220
6152862,39,163,5433,1999,0.0,13352.0,1.083572,1.08026,CAN,NOR,121220
6152863,41,163,5433,1999,0.0,14430.0,2.189934,0.741428,CHE,NOR,121220
6152864,42,163,5433,1999,1719498.0,0.0,0.041013,-0.111553,CHL,NOR,121220
6152865,43,163,5433,1999,0.0,4619.0,0.386094,3.270089,CHN,NOR,121220
6152866,54,163,5433,1999,25553.0,0.0,-0.152322,-0.8734270000000001,CUB,NOR,121220
6152867,59,163,5433,1999,0.0,1900.0,1.412439,1.329385,CZE,NOR,121220
6152868,61,163,5433,1999,4734.0,48444.0,2.334811,-2.060502,DEU,NOR,121220
6152869,64,163,5433,1999,0.0,21984.0,1.264405,1.469627,DNK,NOR,121220
6152870,71,163,5433,1999,0.0,7689.0,1.0849209999999998,1.9351180000000001,ESP,NOR,121220
6152871,74,163,5433,1999,0.0,141512.0,2.095642,0.966282,FIN,NOR,121220
6152872,77,163,5433,1999,0.0,5819.0,1.72758,0.6619079999999999,FRA,NOR,121220
6152873,81,163,5433,1999,6779.0,303403.0,1.9523830000000002,0.771455,GBR,NOR,121220
6152874,90,163,5433,1999,0.0,26561.0,0.24943600000000002,1.172467,GRC,NOR,121220
6152875,97,163,5433,1999,2670.0,0.0,0.387427,2.402434,HKG,NOR,121220
6152876,103,163,5433,1999,0.0,6252.0,-0.20447,1.568505,IDN,NOR,121220
6152877,104,163,5433,1999,0.0,107681.0,0.29945900000000003,2.438702,IND,NOR,121220
6152878,106,163,5433,1999,0.0,17668.0,1.599613,0.37233299999999997,IRL,NOR,121220
6152879,111,163,5433,1999,0.0,5068.0,1.395253,1.3589790000000002,ITA,NOR,121220
6152880,114,163,5433,1999,24400.0,1538025.0,2.541382,0.693702,JPN,NOR,121220
6152881,138,163,5433,1999,0.0,1884.0,0.581034,0.8399760000000001,MEX,NOR,121220
6152882,162,163,5433,1999,3131.0,34141.0,1.308776,1.574293,NLD,NOR,121220
6152883,166,163,5433,1999,0.0,8564.0,0.592051,0.780176,NZL,NOR,121220
6152884,168,163,5433,1999,0.0,50197.0,-1.047891,-0.525612,PAK,NOR,121220
6152885,179,163,5433,1999,0.0,1380.0,0.420538,1.379359,PRT,NOR,121220
6152886,186,163,5433,1999,0.0,68747.0,0.903308,0.590858,RUS,NOR,121220
6152887,208,163,5433,1999,668041.0,13823.0,2.1456720000000002,0.856556,SWE,NOR,121220
6152888,216,163,5433,1999,0.0,8241.0,0.20451,1.513533,THA,NOR,121220
6152889,231,163,5433,1999,480013.0,491199.0,1.8755119999999998,0.5350729999999999,USA,NOR,121220
6152890,246,163,5433,1999,0.0,35892.0,0.543171,1.432792,ZAF,NOR,121220
6152891,249,163,5433,1999,0.0,165854.0,1.336816,1.725334,TWN,NOR,121220
6152892,97,169,5433,1999,856.0,0.0,0.387427,2.402434,HKG,PAN,121220
6152893,231,169,5433,1999,6872.0,0.0,1.8755119999999998,0.5350729999999999,USA,PAN,121220
6152894,31,173,5433,1999,0.0,25492.0,-0.398285,-0.6362,BOL,PER,121220
6152895,42,173,5433,1999,0.0,140893.0,0.041013,-0.111553,CHL,PER,121220
6152896,43,173,5433,1999,1601.0,6898.0,0.386094,3.270089,CHN,PER,121220
6152897,77,173,5433,1999,0.0,5086.0,1.72758,0.6619079999999999,FRA,PER,121220
6152898,81,173,5433,1999,0.0,125897.0,1.9523830000000002,0.771455,GBR,PER,121220
6152899,97,173,5433,1999,533.0,0.0,0.387427,2.402434,HKG,PER,121220
6152900,114,173,5433,1999,7987.0,27541.0,2.541382,0.693702,JPN,PER,121220
6152901,231,173,5433,1999,3281.0,350376.0,1.8755119999999998,0.5350729999999999,USA,PER,121220
6152902,8,174,5433,1999,0.0,16262.0,0.49933500000000003,0.593879,ARG,PHL,121220
6152903,14,174,5433,1999,0.0,486097.0,0.357101,0.8857879999999999,AUS,PHL,121220
6152904,18,174,5433,1999,0.0,618704.0,1.512061,1.253478,BEL,PHL,121220
6152905,32,174,5433,1999,0.0,1112137.0,0.762468,1.191759,BRA,PHL,121220
6152906,39,174,5433,1999,0.0,515328.0,1.083572,1.08026,CAN,PHL,121220
6152907,42,174,5433,1999,593738.0,938099.0,0.041013,-0.111553,CHL,PHL,121220
6152908,43,174,5433,1999,18858.0,2395527.0,0.386094,3.270089,CHN,PHL,121220
6152909,61,174,5433,1999,0.0,1122977.0,2.334811,-2.060502,DEU,PHL,121220
6152910,64,174,5433,1999,0.0,4388300.0,1.264405,1.469627,DNK,PHL,121220
6152911,66,174,5433,1999,0.0,6822.0,-0.701764,-1.175132,DZA,PHL,121220
6152912,68,174,5433,1999,0.0,61135.0,-0.311879,0.300746,EGY,PHL,121220
6152913,71,174,5433,1999,0.0,2657506.0,1.0849209999999998,1.9351180000000001,ESP,PHL,121220
6152914,77,174,5433,1999,0.0,3137544.0,1.72758,0.6619079999999999,FRA,PHL,121220
6152915,81,174,5433,1999,2916.0,476054.0,1.9523830000000002,0.771455,GBR,PHL,121220
6152916,97,174,5433,1999,8758.0,1638767.0,0.387427,2.402434,HKG,PHL,121220
6152917,103,174,5433,1999,422151.0,255718.0,-0.20447,1.568505,IDN,PHL,121220
6152918,104,174,5433,1999,0.0,30312.0,0.29945900000000003,2.438702,IND,PHL,121220
6152919,106,174,5433,1999,44090.0,485533.0,1.599613,0.37233299999999997,IRL,PHL,121220
6152920,111,174,5433,1999,0.0,264744.0,1.395253,1.3589790000000002,ITA,PHL,121220
6152921,112,174,5433,1999,0.0,8063.0,-0.852468,-0.9670290000000001,JAM,PHL,121220
6152922,114,174,5433,1999,17814.0,1296684.0,2.541382,0.693702,JPN,PHL,121220
6152923,121,174,5433,1999,10219.0,3017288.0,0.92448,1.053988,KOR,PHL,121220
6152924,138,174,5433,1999,0.0,265653.0,0.581034,0.8399760000000001,MEX,PHL,121220
6152925,151,174,5433,1999,0.0,65621.0,-0.5713729999999999,-0.696416,MUS,PHL,121220
6152926,153,174,5433,1999,14148.0,162241.0,0.500591,0.136149,MYS,PHL,121220
6152927,162,174,5433,1999,0.0,184223.0,1.308776,1.574293,NLD,PHL,121220
6152928,166,174,5433,1999,0.0,66902.0,0.592051,0.780176,NZL,PHL,121220
6152929,192,174,5433,1999,3764.0,50539.0,1.355833,0.594305,SGP,PHL,121220
6152930,216,174,5433,1999,0.0,1494750.0,0.20451,1.513533,THA,PHL,121220
6152931,228,174,5433,1999,0.0,10088.0,0.6242270000000001,0.742258,UKR,PHL,121220
6152932,231,174,5433,1999,127477.0,4513016.0,1.8755119999999998,0.5350729999999999,USA,PHL,121220
6152933,246,174,5433,1999,0.0,8765.0,0.543171,1.432792,ZAF,PHL,121220
6152934,249,174,5433,1999,9407.0,8824.0,1.336816,1.725334,TWN,PHL,121220
6152935,18,179,5433,1999,5269.0,0.0,1.512061,1.253478,BEL,PRT,121220
6152936,39,179,5433,1999,5071.0,23541.0,1.083572,1.08026,CAN,PRT,121220
6152937,42,179,5433,1999,10194.0,0.0,0.041013,-0.111553,CHL,PRT,121220
6152938,43,179,5433,1999,20595.0,0.0,0.386094,3.270089,CHN,PRT,121220
6152939,61,179,5433,1999,1084.0,1717.0,2.334811,-2.060502,DEU,PRT,121220
6152940,71,179,5433,1999,641842.0,157131.0,1.0849209999999998,1.9351180000000001,ESP,PRT,121220
6152941,77,179,5433,1999,31599.0,0.0,1.72758,0.6619079999999999,FRA,PRT,121220
6152942,81,179,5433,1999,5408.0,0.0,1.9523830000000002,0.771455,GBR,PRT,121220
6152943,103,179,5433,1999,191683.0,0.0,-0.20447,1.568505,IDN,PRT,121220
6152944,106,179,5433,1999,14071.0,0.0,1.599613,0.37233299999999997,IRL,PRT,121220
6152945,114,179,5433,1999,0.0,121600.0,2.541382,0.693702,JPN,PRT,121220
6152946,134,179,5433,1999,287667.0,0.0,-0.659053,-0.142104,MAR,PRT,121220
6152947,162,179,5433,1999,4985.0,0.0,1.308776,1.574293,NLD,PRT,121220
6152948,163,179,5433,1999,1380.0,0.0,1.1012959999999998,0.240184,NOR,PRT,121220
6152949,231,179,5433,1999,21845.0,0.0,1.8755119999999998,0.5350729999999999,USA,PRT,121220
6152950,14,192,5433,1999,6461.0,1001.0,0.357101,0.8857879999999999,AUS,SGP,121220
6152951,34,192,5433,1999,0.0,18456.0,-1.417607,-1.011226,BRN,SGP,121220
6152952,39,192,5433,1999,0.0,21890.0,1.083572,1.08026,CAN,SGP,121220
6152953,41,192,5433,1999,2594.0,0.0,2.189934,0.741428,CHE,SGP,121220
6152954,43,192,5433,1999,2253926.0,0.0,0.386094,3.270089,CHN,SGP,121220
6152955,61,192,5433,1999,0.0,16887.0,2.334811,-2.060502,DEU,SGP,121220
6152956,64,192,5433,1999,0.0,50760.0,1.264405,1.469627,DNK,SGP,121220
6152957,77,192,5433,1999,25671.0,0.0,1.72758,0.6619079999999999,FRA,SGP,121220
6152958,81,192,5433,1999,5414.0,133900.0,1.9523830000000002,0.771455,GBR,SGP,121220
6152959,97,192,5433,1999,68810.0,355396.0,0.387427,2.402434,HKG,SGP,121220
6152960,103,192,5433,1999,26562.0,1531.0,-0.20447,1.568505,IDN,SGP,121220
6152961,104,192,5433,1999,0.0,923.0,0.29945900000000003,2.438702,IND,SGP,121220
6152962,111,192,5433,1999,30558.0,0.0,1.395253,1.3589790000000002,ITA,SGP,121220
6152963,114,192,5433,1999,192371.0,62761.0,2.541382,0.693702,JPN,SGP,121220
6152964,121,192,5433,1999,422235.0,0.0,0.92448,1.053988,KOR,SGP,121220
6152965,128,192,5433,1999,0.0,2250.0,-0.8875649999999999,-0.059249,LKA,SGP,121220
6152966,133,192,5433,1999,0.0,4321.0,-0.365239,-0.380913,MAC,SGP,121220
6152967,137,192,5433,1999,0.0,3668.0,-0.83783,-0.941734,MDV,SGP,121220
6152968,151,192,5433,1999,0.0,1904.0,-0.5713729999999999,-0.696416,MUS,SGP,121220
6152969,153,192,5433,1999,12271.0,510675.0,0.500591,0.136149,MYS,SGP,121220
6152970,162,192,5433,1999,0.0,2323.0,1.308776,1.574293,NLD,SGP,121220
6152971,168,192,5433,1999,0.0,2812.0,-1.047891,-0.525612,PAK,SGP,121220
6152972,174,192,5433,1999,50539.0,3764.0,-0.401903,-0.333408,PHL,SGP,121220
6152973,186,192,5433,1999,0.0,3865.0,0.903308,0.590858,RUS,SGP,121220
6152974,211,192,5433,1999,0.0,2511.0,0.11940999999999999,-0.7071270000000001,SYC,SGP,121220
6152975,216,192,5433,1999,114063.0,1537622.0,0.20451,1.513533,THA,SGP,121220
6152976,231,192,5433,1999,270939.0,12803.0,1.8755119999999998,0.5350729999999999,USA,SGP,121220
6152977,246,192,5433,1999,56774.0,7666.0,0.543171,1.432792,ZAF,SGP,121220
6152978,249,192,5433,1999,214904.0,75962.0,1.336816,1.725334,TWN,SGP,121220
6152979,81,197,5433,1999,0.0,1324.0,1.9523830000000002,0.771455,GBR,SLV,121220
6152980,231,197,5433,1999,1195.0,0.0,1.8755119999999998,0.5350729999999999,USA,SLV,121220
6152981,41,205,5433,1999,781.0,0.0,2.189934,0.741428,CHE,SUR,121220
6152982,97,205,5433,1999,1326.0,0.0,0.387427,2.402434,HKG,SUR,121220
6152983,15,208,5433,1999,0.0,2601.0,1.836804,0.744312,AUT,SWE,121220
6152984,61,208,5433,1999,7205.0,0.0,2.334811,-2.060502,DEU,SWE,121220
6152985,64,208,5433,1999,14247.0,0.0,1.264405,1.469627,DNK,SWE,121220
6152986,77,208,5433,1999,1765.0,0.0,1.72758,0.6619079999999999,FRA,SWE,121220
6152987,81,208,5433,1999,1831.0,0.0,1.9523830000000002,0.771455,GBR,SWE,121220
6152988,97,208,5433,1999,18681.0,0.0,0.387427,2.402434,HKG,SWE,121220
6152989,104,208,5433,1999,5636.0,0.0,0.29945900000000003,2.438702,IND,SWE,121220
6152990,106,208,5433,1999,3183.0,0.0,1.599613,0.37233299999999997,IRL,SWE,121220
6152991,109,208,5433,1999,31097.0,0.0,0.377701,-0.355798,ISL,SWE,121220
6152992,114,208,5433,1999,26293.0,0.0,2.541382,0.693702,JPN,SWE,121220
6152993,162,208,5433,1999,11590.0,0.0,1.308776,1.574293,NLD,SWE,121220
6152994,163,208,5433,1999,13823.0,668041.0,1.1012959999999998,0.240184,NOR,SWE,121220
6152995,207,208,5433,1999,0.0,1882.0,1.447589,1.284414,SVN,SWE,121220
6152996,231,208,5433,1999,55956.0,0.0,1.8755119999999998,0.5350729999999999,USA,SWE,121220
6152997,249,208,5433,1999,2734.0,0.0,1.336816,1.725334,TWN,SWE,121220
6152998,18,216,5433,1999,0.0,13309.0,1.512061,1.253478,BEL,THA,121220
6152999,43,216,5433,1999,835413.0,29319.0,0.386094,3.270089,CHN,THA,121220
6153000,61,216,5433,1999,0.0,17591.0,2.334811,-2.060502,DEU,THA,121220
6153001,77,216,5433,1999,54712.0,1774.0,1.72758,0.6619079999999999,FRA,THA,121220
6153002,81,216,5433,1999,46222.0,0.0,1.9523830000000002,0.771455,GBR,THA,121220
6153003,97,216,5433,1999,18364.0,0.0,0.387427,2.402434,HKG,THA,121220
6153004,103,216,5433,1999,0.0,12029.0,-0.20447,1.568505,IDN,THA,121220
6153005,106,216,5433,1999,100867.0,0.0,1.599613,0.37233299999999997,IRL,THA,121220
6153006,110,216,5433,1999,0.0,4749.0,1.342593,0.781931,ISR,THA,121220
6153007,114,216,5433,1999,208141.0,249865.0,2.541382,0.693702,JPN,THA,121220
6153008,118,216,5433,1999,0.0,1011.0,-1.5727360000000001,-1.2731629999999998,KHM,THA,121220
6153009,121,216,5433,1999,283153.0,7438.0,0.92448,1.053988,KOR,THA,121220
6153010,138,216,5433,1999,0.0,2267.0,0.581034,0.8399760000000001,MEX,THA,121220
6153011,143,216,5433,1999,0.0,50402.0,-1.4991299999999999,-0.984557,MMR,THA,121220
6153012,153,216,5433,1999,2432.0,23252.0,0.500591,0.136149,MYS,THA,121220
6153013,162,216,5433,1999,0.0,45908.0,1.308776,1.574293,NLD,THA,121220
6153014,163,216,5433,1999,8241.0,0.0,1.1012959999999998,0.240184,NOR,THA,121220
6153015,174,216,5433,1999,1494750.0,0.0,-0.401903,-0.333408,PHL,THA,121220
6153016,192,216,5433,1999,1537622.0,114063.0,1.355833,0.594305,SGP,THA,121220
6153017,231,216,5433,1999,10408.0,0.0,1.8755119999999998,0.5350729999999999,USA,THA,121220
6153018,246,216,5433,1999,174754.0,0.0,0.543171,1.432792,ZAF,THA,121220
6153019,249,216,5433,1999,5984.0,0.0,1.336816,1.725334,TWN,THA,121220
6153020,43,222,5433,1999,1800.0,0.0,0.386094,3.270089,CHN,TTO,121220
6153021,97,222,5433,1999,3230.0,0.0,0.387427,2.402434,HKG,TTO,121220
6153022,250,222,5433,1999,0.0,11123.0,1.130511,0.9547379999999999,ANS,TTO,121220
6153023,61,224,5433,1999,0.0,10350.0,2.334811,-2.060502,DEU,TUR,121220
6153024,106,224,5433,1999,31450.0,0.0,1.599613,0.37233299999999997,IRL,TUR,121220
6153025,114,224,5433,1999,15382.0,62941.0,2.541382,0.693702,JPN,TUR,121220
6153026,162,224,5433,1999,35869.0,2781.0,1.308776,1.574293,NLD,TUR,121220
6153027,231,224,5433,1999,37740.0,0.0,1.8755119999999998,0.5350729999999999,USA,TUR,121220
6153028,249,224,5433,1999,110775.0,0.0,1.336816,1.725334,TWN,TUR,121220
6153029,49,230,5433,1999,1652.0,0.0,0.190667,0.136271,COL,URY,121220
6153030,8,231,5433,1999,44402.0,4808.0,0.49933500000000003,0.593879,ARG,USA,121220
6153031,13,231,5433,1999,0.0,1899.0,0.6179140000000001,0.156854,ATG,USA,121220
6153032,14,231,5433,1999,0.0,241069.0,0.357101,0.8857879999999999,AUS,USA,121220
6153033,15,231,5433,1999,0.0,47249.0,1.836804,0.744312,AUT,USA,121220
6153034,18,231,5433,1999,0.0,40706.0,1.512061,1.253478,BEL,USA,121220
6153035,23,231,5433,1999,24979.0,15383.0,0.311033,1.7375040000000002,BGR,USA,121220
6153036,25,231,5433,1999,0.0,3521.0,0.91869,-0.152588,BHS,USA,121220
6153037,28,231,5433,1999,0.0,1457.0,0.7516579999999999,1.169072,BLR,USA,121220
6153038,29,231,5433,1999,0.0,943.0,-0.5603319999999999,-0.838239,BLZ,USA,121220
6153039,32,231,5433,1999,16209.0,140354.0,0.762468,1.191759,BRA,USA,121220
6153040,33,231,5433,1999,0.0,5417.0,0.878015,0.413308,BRB,USA,121220
6153041,39,231,5433,1999,5191478.0,2176038.0,1.083572,1.08026,CAN,USA,121220
6153042,41,231,5433,1999,15615.0,116405.0,2.189934,0.741428,CHE,USA,121220
6153043,42,231,5433,1999,3267734.0,31795.0,0.041013,-0.111553,CHL,USA,121220
6153044,43,231,5433,1999,9364301.0,36729.0,0.386094,3.270089,CHN,USA,121220
6153045,49,231,5433,1999,0.0,65493.0,0.190667,0.136271,COL,USA,121220
6153046,52,231,5433,1999,0.0,10611.0,-0.310033,-0.299529,CRI,USA,121220
6153047,58,231,5433,1999,0.0,3168.0,0.508464,0.324706,CYP,USA,121220
6153048,61,231,5433,1999,68308.0,568118.0,2.334811,-2.060502,DEU,USA,121220
6153049,64,231,5433,1999,18009.0,21139.0,1.264405,1.469627,DNK,USA,121220
6153050,65,231,5433,1999,0.0,9334.0,-0.60436,-0.674701,DOM,USA,121220
6153051,67,231,5433,1999,0.0,50267.0,-0.8875299999999999,-0.9117879999999999,ECU,USA,121220
6153052,71,231,5433,1999,12730.0,45577.0,1.0849209999999998,1.9351180000000001,ESP,USA,121220
6153053,74,231,5433,1999,0.0,4749.0,2.095642,0.966282,FIN,USA,121220
6153054,75,231,5433,1999,54519.0,0.0,-1.101748,-0.847409,FJI,USA,121220
6153055,77,231,5433,1999,786553.0,212705.0,1.72758,0.6619079999999999,FRA,USA,121220
6153056,81,231,5433,1999,93687.0,482908.0,1.9523830000000002,0.771455,GBR,USA,121220
6153057,90,231,5433,1999,0.0,6322.0,0.24943600000000002,1.172467,GRC,USA,121220
6153058,93,231,5433,1999,0.0,210348.0,-0.459323,0.210247,GTM,USA,121220
6153059,97,231,5433,1999,104385.0,56964.0,0.387427,2.402434,HKG,USA,121220
6153060,99,231,5433,1999,0.0,1247.0,-0.8858290000000001,-0.530034,HND,USA,121220
6153061,100,231,5433,1999,0.0,8170.0,0.572934,0.9873639999999999,HRV,USA,121220
6153062,103,231,5433,1999,1958468.0,7206.0,-0.20447,1.568505,IDN,USA,121220
6153063,104,231,5433,1999,256854.0,0.0,0.29945900000000003,2.438702,IND,USA,121220
6153064,106,231,5433,1999,52940.0,3492.0,1.599613,0.37233299999999997,IRL,USA,121220
6153065,109,231,5433,1999,54236.0,14929.0,0.377701,-0.355798,ISL,USA,121220
6153066,110,231,5433,1999,0.0,70628.0,1.342593,0.781931,ISR,USA,121220
6153067,111,231,5433,1999,0.0,180592.0,1.395253,1.3589790000000002,ITA,USA,121220
6153068,112,231,5433,1999,0.0,15244.0,-0.852468,-0.9670290000000001,JAM,USA,121220
6153069,114,231,5433,1999,6371357.0,707879.0,2.541382,0.693702,JPN,USA,121220
6153070,121,231,5433,1999,4682918.0,118750.0,0.92448,1.053988,KOR,USA,121220
6153071,127,231,5433,1999,0.0,4443.0,-0.129026,-0.630046,LCA,USA,121220
6153072,132,231,5433,1999,0.0,31217.0,0.20633600000000002,0.324171,LVA,USA,121220
6153073,134,231,5433,1999,16982.0,0.0,-0.659053,-0.142104,MAR,USA,121220
6153074,138,231,5433,1999,1054949.0,1151088.0,0.581034,0.8399760000000001,MEX,USA,121220
6153075,140,231,5433,1999,0.0,1658.0,0.053132000000000006,0.43408,MKD,USA,121220
6153076,153,231,5433,1999,36744.0,31726.0,0.500591,0.136149,MYS,USA,121220
6153077,162,231,5433,1999,20777.0,932935.0,1.308776,1.574293,NLD,USA,121220
6153078,163,231,5433,1999,491199.0,480013.0,1.1012959999999998,0.240184,NOR,USA,121220
6153079,166,231,5433,1999,35180.0,320601.0,0.592051,0.780176,NZL,USA,121220
6153080,169,231,5433,1999,0.0,6872.0,0.126144,0.491986,PAN,USA,121220
6153081,173,231,5433,1999,350376.0,3281.0,-0.367489,0.11813399999999999,PER,USA,121220
6153082,174,231,5433,1999,4513016.0,127477.0,-0.401903,-0.333408,PHL,USA,121220
6153083,177,231,5433,1999,0.0,20762.0,0.8512700000000001,1.8975229999999998,POL,USA,121220
6153084,179,231,5433,1999,0.0,21845.0,0.420538,1.379359,PRT,USA,121220
6153085,182,231,5433,1999,0.0,3302.0,0.281327,-0.624142,PYF,USA,121220
6153086,185,231,5433,1999,0.0,84885.0,0.253874,0.8322709999999999,ROU,USA,121220
6153087,186,231,5433,1999,25978.0,40210.0,0.903308,0.590858,RUS,USA,121220
6153088,192,231,5433,1999,12803.0,270939.0,1.355833,0.594305,SGP,USA,121220
6153089,197,231,5433,1999,0.0,1195.0,-0.263572,-0.121576,SLV,USA,121220
6153090,207,231,5433,1999,0.0,27828.0,1.447589,1.284414,SVN,USA,121220
6153091,208,231,5433,1999,0.0,55956.0,2.1456720000000002,0.856556,SWE,USA,121220
6153092,216,231,5433,1999,0.0,10408.0,0.20451,1.513533,THA,USA,121220
6153093,224,231,5433,1999,0.0,37740.0,0.044692,1.745755,TUR,USA,121220
6153094,226,231,5433,1999,1526866.0,0.0,-1.068358,-0.54693,TZA,USA,121220
6153095,228,231,5433,1999,0.0,3432.0,0.6242270000000001,0.742258,UKR,USA,121220
6153096,236,231,5433,1999,0.0,25123.0,0.16454100000000002,-0.691021,VEN,USA,121220
6153097,242,231,5433,1999,0.0,3698.0,-0.87316,-0.8508049999999999,WSM,USA,121220
6153098,246,231,5433,1999,50330.0,6927.0,0.543171,1.432792,ZAF,USA,121220
6153099,249,231,5433,1999,940290.0,21633.0,1.336816,1.725334,TWN,USA,121220
6153100,77,236,5433,1999,0.0,8888.0,1.72758,0.6619079999999999,FRA,VEN,121220
6153101,97,236,5433,1999,915.0,0.0,0.387427,2.402434,HKG,VEN,121220
6153102,138,236,5433,1999,2916.0,0.0,0.581034,0.8399760000000001,MEX,VEN,121220
6153103,231,236,5433,1999,25123.0,0.0,1.8755119999999998,0.5350729999999999,USA,VEN,121220
6153104,249,236,5433,1999,14430.0,0.0,1.336816,1.725334,TWN,VEN,121220
6153105,39,14,5433,1999,15208.0,0.0,1.083572,1.08026,CAN,AUS,121220
6153106,42,14,5433,1999,1114.0,0.0,0.041013,-0.111553,CHL,AUS,121220
6153107,43,14,5433,1999,490579.0,0.0,0.386094,3.270089,CHN,AUS,121220
6153108,61,14,5433,1999,2652.0,0.0,2.334811,-2.060502,DEU,AUS,121220
6153109,64,14,5433,1999,3184.0,0.0,1.264405,1.469627,DNK,AUS,121220
6153110,77,14,5433,1999,20654.0,0.0,1.72758,0.6619079999999999,FRA,AUS,121220
6153111,81,14,5433,1999,39727.0,1303567.0,1.9523830000000002,0.771455,GBR,AUS,121220
6153112,97,14,5433,1999,15077.0,0.0,0.387427,2.402434,HKG,AUS,121220
6153113,103,14,5433,1999,33773.0,0.0,-0.20447,1.568505,IDN,AUS,121220
6153114,104,14,5433,1999,1254.0,0.0,0.29945900000000003,2.438702,IND,AUS,121220
6153115,106,14,5433,1999,12534.0,0.0,1.599613,0.37233299999999997,IRL,AUS,121220
6153116,114,14,5433,1999,399588.0,18367.0,2.541382,0.693702,JPN,AUS,121220
6153117,121,14,5433,1999,273389.0,16719.0,0.92448,1.053988,KOR,AUS,121220
6153118,156,14,5433,1999,0.0,902.0,-0.079579,-0.777079,NCL,AUS,121220
6153119,162,14,5433,1999,0.0,9303.0,1.308776,1.574293,NLD,AUS,121220
6153120,163,14,5433,1999,19700.0,0.0,1.1012959999999998,0.240184,NOR,AUS,121220
6153121,166,14,5433,1999,11722.0,3690.0,0.592051,0.780176,NZL,AUS,121220
6153122,174,14,5433,1999,486097.0,0.0,-0.401903,-0.333408,PHL,AUS,121220
6153123,192,14,5433,1999,1001.0,6461.0,1.355833,0.594305,SGP,AUS,121220
6153124,231,14,5433,1999,241069.0,0.0,1.8755119999999998,0.5350729999999999,USA,AUS,121220
6153125,246,14,5433,1999,23827.0,0.0,0.543171,1.432792,ZAF,AUS,121220
6153126,249,14,5433,1999,21670.0,3061.0,1.336816,1.725334,TWN,AUS,121220
6153127,43,28,5433,1999,5010.0,0.0,0.386094,3.270089,CHN,BLR,121220
6153128,77,28,5433,1999,13264.0,0.0,1.72758,0.6619079999999999,FRA,BLR,121220
6153129,132,28,5433,1999,0.0,7050.0,0.20633600000000002,0.324171,LVA,BLR,121220
6153130,162,28,5433,1999,1089.0,0.0,1.308776,1.574293,NLD,BLR,121220
6153131,186,28,5433,1999,4230.0,0.0,0.903308,0.590858,RUS,BLR,121220
6153132,228,28,5433,1999,4807.0,0.0,0.6242270000000001,0.742258,UKR,BLR,121220
6153133,231,28,5433,1999,1457.0,0.0,1.8755119999999998,0.5350729999999999,USA,BLR,121220
6153134,8,32,5433,1999,0.0,143478.0,0.49933500000000003,0.593879,ARG,BRA,121220
6153135,39,32,5433,1999,25519.0,232360.0,1.083572,1.08026,CAN,BRA,121220
6153136,42,32,5433,1999,9028.0,43670.0,0.041013,-0.111553,CHL,BRA,121220
6153137,43,32,5433,1999,40091.0,0.0,0.386094,3.270089,CHN,BRA,121220
6153138,61,32,5433,1999,24860.0,0.0,2.334811,-2.060502,DEU,BRA,121220
6153139,77,32,5433,1999,181366.0,7724.0,1.72758,0.6619079999999999,FRA,BRA,121220
6153140,97,32,5433,1999,1422.0,0.0,0.387427,2.402434,HKG,BRA,121220
6153141,114,32,5433,1999,95671.0,80414.0,2.541382,0.693702,JPN,BRA,121220
6153142,121,32,5433,1999,230562.0,0.0,0.92448,1.053988,KOR,BRA,121220
6153143,162,32,5433,1999,17789.0,7990.0,1.308776,1.574293,NLD,BRA,121220
6153144,174,32,5433,1999,1112137.0,0.0,-0.401903,-0.333408,PHL,BRA,121220
6153145,231,32,5433,1999,140354.0,16209.0,1.8755119999999998,0.5350729999999999,USA,BRA,121220
6153146,246,32,5433,1999,0.0,2794.0,0.543171,1.432792,ZAF,BRA,121220
6153147,249,32,5433,1999,43121.0,0.0,1.336816,1.725334,TWN,BRA,121220
6153148,14,39,5433,1999,0.0,15208.0,0.357101,0.8857879999999999,AUS,CAN,121220
6153149,15,39,5433,1999,0.0,7847.0,1.836804,0.744312,AUT,CAN,121220
6153150,32,39,5433,1999,232360.0,25519.0,0.762468,1.191759,BRA,CAN,121220
6153151,33,39,5433,1999,0.0,1191.0,0.878015,0.413308,BRB,CAN,121220
6153152,42,39,5433,1999,47191.0,0.0,0.041013,-0.111553,CHL,CAN,121220
6153153,43,39,5433,1999,543150.0,0.0,0.386094,3.270089,CHN,CAN,121220
6153154,49,39,5433,1999,0.0,6638.0,0.190667,0.136271,COL,CAN,121220
6153155,61,39,5433,1999,0.0,20173.0,2.334811,-2.060502,DEU,CAN,121220
6153156,64,39,5433,1999,70989.0,881909.0,1.264405,1.469627,DNK,CAN,121220
6153157,74,39,5433,1999,0.0,4756.0,2.095642,0.966282,FIN,CAN,121220
6153158,77,39,5433,1999,23940.0,107865.0,1.72758,0.6619079999999999,FRA,CAN,121220
6153159,81,39,5433,1999,1264.0,0.0,1.9523830000000002,0.771455,GBR,CAN,121220
6153160,97,39,5433,1999,155418.0,0.0,0.387427,2.402434,HKG,CAN,121220
6153161,103,39,5433,1999,621617.0,0.0,-0.20447,1.568505,IDN,CAN,121220
6153162,104,39,5433,1999,18801.0,7352.0,0.29945900000000003,2.438702,IND,CAN,121220
6153163,106,39,5433,1999,16017.0,0.0,1.599613,0.37233299999999997,IRL,CAN,121220
6153164,109,39,5433,1999,2550.0,0.0,0.377701,-0.355798,ISL,CAN,121220
6153165,110,39,5433,1999,0.0,4400.0,1.342593,0.781931,ISR,CAN,121220
6153166,114,39,5433,1999,261581.0,1515834.0,2.541382,0.693702,JPN,CAN,121220
6153167,121,39,5433,1999,202872.0,11917.0,0.92448,1.053988,KOR,CAN,121220
6153168,138,39,5433,1999,33577.0,205604.0,0.581034,0.8399760000000001,MEX,CAN,121220
6153169,163,39,5433,1999,13352.0,0.0,1.1012959999999998,0.240184,NOR,CAN,121220
6153170,166,39,5433,1999,0.0,60527.0,0.592051,0.780176,NZL,CAN,121220
6153171,174,39,5433,1999,515328.0,0.0,-0.401903,-0.333408,PHL,CAN,121220
6153172,177,39,5433,1999,22111.0,0.0,0.8512700000000001,1.8975229999999998,POL,CAN,121220
6153173,179,39,5433,1999,23541.0,5071.0,0.420538,1.379359,PRT,CAN,121220
6153174,192,39,5433,1999,21890.0,0.0,1.355833,0.594305,SGP,CAN,121220
6153175,231,39,5433,1999,2176038.0,5191478.0,1.8755119999999998,0.5350729999999999,USA,CAN,121220
6153176,249,39,5433,1999,152706.0,2831.0,1.336816,1.725334,TWN,CAN,121220
6153177,250,39,5433,1999,2496.0,0.0,1.130511,0.9547379999999999,ANS,CAN,121220
6153178,8,42,5433,1999,6146.0,164766.0,0.49933500000000003,0.593879,ARG,CHL,121220
6153179,14,42,5433,1999,0.0,1114.0,0.357101,0.8857879999999999,AUS,CHL,121220
6153180,18,42,5433,1999,0.0,1449.0,1.512061,1.253478,BEL,CHL,121220
6153181,32,42,5433,1999,43670.0,9028.0,0.762468,1.191759,BRA,CHL,121220
6153182,39,42,5433,1999,0.0,47191.0,1.083572,1.08026,CAN,CHL,121220
6153183,43,42,5433,1999,4266.0,3027306.0,0.386094,3.270089,CHN,CHL,121220
6153184,61,42,5433,1999,0.0,1267.0,2.334811,-2.060502,DEU,CHL,121220
6153185,64,42,5433,1999,75200.0,2546578.0,1.264405,1.469627,DNK,CHL,121220
6153186,67,42,5433,1999,1082.0,0.0,-0.8875299999999999,-0.9117879999999999,ECU,CHL,121220
6153187,71,42,5433,1999,0.0,226027.0,1.0849209999999998,1.9351180000000001,ESP,CHL,121220
6153188,77,42,5433,1999,8074.0,2732325.0,1.72758,0.6619079999999999,FRA,CHL,121220
6153189,81,42,5433,1999,0.0,526301.0,1.9523830000000002,0.771455,GBR,CHL,121220
6153190,97,42,5433,1999,0.0,27872.0,0.387427,2.402434,HKG,CHL,121220
6153191,103,42,5433,1999,239465.0,42492.0,-0.20447,1.568505,IDN,CHL,121220
6153192,111,42,5433,1999,0.0,1411.0,1.395253,1.3589790000000002,ITA,CHL,121220
6153193,114,42,5433,1999,2426.0,8683935.0,2.541382,0.693702,JPN,CHL,121220
6153194,121,42,5433,1999,985.0,898577.0,0.92448,1.053988,KOR,CHL,121220
6153195,162,42,5433,1999,0.0,11518.0,1.308776,1.574293,NLD,CHL,121220
6153196,163,42,5433,1999,0.0,1719498.0,1.1012959999999998,0.240184,NOR,CHL,121220
6153197,173,42,5433,1999,140893.0,0.0,-0.367489,0.11813399999999999,PER,CHL,121220
6153198,174,42,5433,1999,938099.0,593738.0,-0.401903,-0.333408,PHL,CHL,121220
6153199,178,42,5433,1999,0.0,447090.0,0.536814,0.980433,PRK,CHL,121220
6153200,179,42,5433,1999,0.0,10194.0,0.420538,1.379359,PRT,CHL,121220
6153201,231,42,5433,1999,31795.0,3267734.0,1.8755119999999998,0.5350729999999999,USA,CHL,121220
6153202,249,42,5433,1999,2918.0,861859.0,1.336816,1.725334,TWN,CHL,121220
6153203,250,42,5433,1999,0.0,57511.0,1.130511,0.9547379999999999,ANS,CHL,121220
6153204,18,59,5433,1999,23177.0,0.0,1.512061,1.253478,BEL,CZE,121220
6153205,43,59,5433,1999,5153.0,0.0,0.386094,3.270089,CHN,CZE,121220
6153206,61,59,5433,1999,8996.0,0.0,2.334811,-2.060502,DEU,CZE,121220
6153207,71,59,5433,1999,1139.0,0.0,1.0849209999999998,1.9351180000000001,ESP,CZE,121220
6153208,77,59,5433,1999,8642.0,0.0,1.72758,0.6619079999999999,FRA,CZE,121220
6153209,97,59,5433,1999,5558.0,0.0,0.387427,2.402434,HKG,CZE,121220
6153210,114,59,5433,1999,17215.0,0.0,2.541382,0.693702,JPN,CZE,121220
6153211,162,59,5433,1999,5286.0,0.0,1.308776,1.574293,NLD,CZE,121220
6153212,163,59,5433,1999,1900.0,0.0,1.1012959999999998,0.240184,NOR,CZE,121220
6153213,185,59,5433,1999,3407.0,0.0,0.253874,0.8322709999999999,ROU,CZE,121220
6153214,206,59,5433,1999,0.0,10153.0,1.133942,1.105742,SVK,CZE,121220
6153215,249,59,5433,1999,3321.0,0.0,1.336816,1.725334,TWN,CZE,121220
6153216,174,66,5433,1999,6822.0,0.0,-0.401903,-0.333408,PHL,DZA,121220
6153217,61,68,5433,1999,52784.0,0.0,2.334811,-2.060502,DEU,EGY,121220
6153218,114,68,5433,1999,3104.0,86897.0,2.541382,0.693702,JPN,EGY,121220
6153219,121,68,5433,1999,968.0,0.0,0.92448,1.053988,KOR,EGY,121220
6153220,174,68,5433,1999,61135.0,0.0,-0.401903,-0.333408,PHL,EGY,121220
6153221,188,68,5433,1999,0.0,7400.0,0.553028,-0.527401,SAU,EGY,121220
6153222,18,100,5433,1999,14597.0,0.0,1.512061,1.253478,BEL,HRV,121220
6153223,26,100,5433,1999,0.0,4530.0,0.366494,0.298229,BIH,HRV,121220
6153224,81,100,5433,1999,866.0,0.0,1.9523830000000002,0.771455,GBR,HRV,121220
6153225,106,100,5433,1999,6282.0,0.0,1.599613,0.37233299999999997,IRL,HRV,121220
6153226,114,100,5433,1999,5792.0,0.0,2.541382,0.693702,JPN,HRV,121220
6153227,140,100,5433,1999,0.0,16700.0,0.053132000000000006,0.43408,MKD,HRV,121220
6153228,207,100,5433,1999,0.0,8621.0,1.447589,1.284414,SVN,HRV,121220
6153229,231,100,5433,1999,8170.0,0.0,1.8755119999999998,0.5350729999999999,USA,HRV,121220
6153230,43,102,5433,1999,2906.0,0.0,0.386094,3.270089,CHN,HUN,121220
6153231,77,102,5433,1999,1090.0,0.0,1.72758,0.6619079999999999,FRA,HUN,121220
6153232,81,102,5433,1999,1808.0,0.0,1.9523830000000002,0.771455,GBR,HUN,121220
6153233,14,104,5433,1999,0.0,1254.0,0.357101,0.8857879999999999,AUS,IND,121220
6153234,18,104,5433,1999,0.0,9247.0,1.512061,1.253478,BEL,IND,121220
6153235,39,104,5433,1999,7352.0,18801.0,1.083572,1.08026,CAN,IND,121220
6153236,61,104,5433,1999,5351.0,1699.0,2.334811,-2.060502,DEU,IND,121220
6153237,77,104,5433,1999,3465.0,0.0,1.72758,0.6619079999999999,FRA,IND,121220
6153238,81,104,5433,1999,6843.0,36490.0,1.9523830000000002,0.771455,GBR,IND,121220
6153239,114,104,5433,1999,3030.0,84406.0,2.541382,0.693702,JPN,IND,121220
6153240,153,104,5433,1999,0.0,57055.0,0.500591,0.136149,MYS,IND,121220
6153241,163,104,5433,1999,107681.0,0.0,1.1012959999999998,0.240184,NOR,IND,121220
6153242,164,104,5433,1999,0.0,1437.0,-0.421433,0.24781799999999998,NPL,IND,121220
6153243,166,104,5433,1999,0.0,17306.0,0.592051,0.780176,NZL,IND,121220
6153244,174,104,5433,1999,30312.0,0.0,-0.401903,-0.333408,PHL,IND,121220
6153245,192,104,5433,1999,923.0,0.0,1.355833,0.594305,SGP,IND,121220
6153246,208,104,5433,1999,0.0,5636.0,2.1456720000000002,0.856556,SWE,IND,121220
6153247,231,104,5433,1999,0.0,256854.0,1.8755119999999998,0.5350729999999999,USA,IND,121220
6153248,7,114,5433,1999,0.0,32918.0,-0.21921,-0.54813,ARE,JPN,121220
6153249,8,114,5433,1999,0.0,4913.0,0.49933500000000003,0.593879,ARG,JPN,121220
6153250,14,114,5433,1999,18367.0,399588.0,0.357101,0.8857879999999999,AUS,JPN,121220
6153251,15,114,5433,1999,0.0,6977.0,1.836804,0.744312,AUT,JPN,121220
6153252,18,114,5433,1999,0.0,74488.0,1.512061,1.253478,BEL,JPN,121220
6153253,31,114,5433,1999,0.0,1127.0,-0.398285,-0.6362,BOL,JPN,121220
6153254,32,114,5433,1999,80414.0,95671.0,0.762468,1.191759,BRA,JPN,121220
6153255,39,114,5433,1999,1515834.0,261581.0,1.083572,1.08026,CAN,JPN,121220
6153256,41,114,5433,1999,0.0,22254.0,2.189934,0.741428,CHE,JPN,121220
6153257,42,114,5433,1999,8683935.0,2426.0,0.041013,-0.111553,CHL,JPN,121220
6153258,43,114,5433,1999,63688684.0,301669.0,0.386094,3.270089,CHN,JPN,121220
6153259,52,114,5433,1999,0.0,4322.0,-0.310033,-0.299529,CRI,JPN,121220
6153260,58,114,5433,1999,0.0,1772.0,0.508464,0.324706,CYP,JPN,121220
6153261,59,114,5433,1999,0.0,17215.0,1.412439,1.329385,CZE,JPN,121220
6153262,61,114,5433,1999,3190.0,470288.0,2.334811,-2.060502,DEU,JPN,121220
6153263,64,114,5433,1999,12887.0,9489.0,1.264405,1.469627,DNK,JPN,121220
6153264,68,114,5433,1999,86897.0,3104.0,-0.311879,0.300746,EGY,JPN,121220
6153265,71,114,5433,1999,137644.0,100796.0,1.0849209999999998,1.9351180000000001,ESP,JPN,121220
6153266,74,114,5433,1999,5129.0,3003.0,2.095642,0.966282,FIN,JPN,121220
6153267,77,114,5433,1999,56996.0,176067.0,1.72758,0.6619079999999999,FRA,JPN,121220
6153268,81,114,5433,1999,9217.0,448966.0,1.9523830000000002,0.771455,GBR,JPN,121220
6153269,90,114,5433,1999,0.0,164331.0,0.24943600000000002,1.172467,GRC,JPN,121220
6153270,97,114,5433,1999,405663.0,907203.0,0.387427,2.402434,HKG,JPN,121220
6153271,100,114,5433,1999,0.0,5792.0,0.572934,0.9873639999999999,HRV,JPN,121220
6153272,103,114,5433,1999,1378859.0,26571.0,-0.20447,1.568505,IDN,JPN,121220
6153273,104,114,5433,1999,84406.0,3030.0,0.29945900000000003,2.438702,IND,JPN,121220
6153274,106,114,5433,1999,73418.0,763081.0,1.599613,0.37233299999999997,IRL,JPN,121220
6153275,109,114,5433,1999,170835.0,3522.0,0.377701,-0.355798,ISL,JPN,121220
6153276,110,114,5433,1999,1269334.0,169606.0,1.342593,0.781931,ISR,JPN,121220
6153277,111,114,5433,1999,0.0,16709.0,1.395253,1.3589790000000002,ITA,JPN,121220
6153278,121,114,5433,1999,82651224.0,300933.0,0.92448,1.053988,KOR,JPN,121220
6153279,122,114,5433,1999,0.0,3861.0,0.028312999999999998,-1.0742770000000001,KWT,JPN,121220
6153280,124,114,5433,1999,0.0,15985.0,0.264151,0.767188,LBN,JPN,121220
6153281,128,114,5433,1999,34907.0,0.0,-0.8875649999999999,-0.059249,LKA,JPN,121220
6153282,133,114,5433,1999,0.0,12129.0,-0.365239,-0.380913,MAC,JPN,121220
6153283,134,114,5433,1999,1284084.0,0.0,-0.659053,-0.142104,MAR,JPN,121220
6153284,136,114,5433,1999,95097.0,0.0,-1.186653,-0.5059279999999999,MDG,JPN,121220
6153285,138,114,5433,1999,71531.0,257822.0,0.581034,0.8399760000000001,MEX,JPN,121220
6153286,140,114,5433,1999,0.0,1767.0,0.053132000000000006,0.43408,MKD,JPN,121220
6153287,142,114,5433,1999,0.0,2981.0,0.9998450000000001,0.009412,MLT,JPN,121220
6153288,143,114,5433,1999,0.0,1817.0,-1.4991299999999999,-0.984557,MMR,JPN,121220
6153289,146,114,5433,1999,0.0,27262.0,-0.45039399999999996,-0.8943700000000001,MNP,JPN,121220
6153290,151,114,5433,1999,0.0,1085.0,-0.5713729999999999,-0.696416,MUS,JPN,121220
6153291,153,114,5433,1999,0.0,34363.0,0.500591,0.136149,MYS,JPN,121220
6153292,156,114,5433,1999,5495.0,1507.0,-0.079579,-0.777079,NCL,JPN,121220
6153293,162,114,5433,1999,0.0,708587.0,1.308776,1.574293,NLD,JPN,121220
6153294,163,114,5433,1999,1538025.0,24400.0,1.1012959999999998,0.240184,NOR,JPN,121220
6153295,166,114,5433,1999,0.0,26222.0,0.592051,0.780176,NZL,JPN,121220
6153296,173,114,5433,1999,27541.0,7987.0,-0.367489,0.11813399999999999,PER,JPN,121220
6153297,174,114,5433,1999,1296684.0,17814.0,-0.401903,-0.333408,PHL,JPN,121220
6153298,178,114,5433,1999,748725.0,2077.0,0.536814,0.980433,PRK,JPN,121220
6153299,179,114,5433,1999,121600.0,0.0,0.420538,1.379359,PRT,JPN,121220
6153300,180,114,5433,1999,0.0,3035.0,-0.541387,-0.863967,PRY,JPN,121220
6153301,182,114,5433,1999,0.0,5193.0,0.281327,-0.624142,PYF,JPN,121220
6153302,186,114,5433,1999,78795.0,19158.0,0.903308,0.590858,RUS,JPN,121220
6153303,188,114,5433,1999,0.0,1818.0,0.553028,-0.527401,SAU,JPN,121220
6153304,191,114,5433,1999,10776.0,0.0,-0.472473,-0.462562,SEN,JPN,121220
6153305,192,114,5433,1999,62761.0,192371.0,1.355833,0.594305,SGP,JPN,121220
6153306,208,114,5433,1999,0.0,26293.0,2.1456720000000002,0.856556,SWE,JPN,121220
6153307,216,114,5433,1999,249865.0,208141.0,0.20451,1.513533,THA,JPN,121220
6153308,221,114,5433,1999,145930.0,0.0,-1.001524,-0.897582,TON,JPN,121220
6153309,224,114,5433,1999,62941.0,15382.0,0.044692,1.745755,TUR,JPN,121220
6153310,231,114,5433,1999,707879.0,6371357.0,1.8755119999999998,0.5350729999999999,USA,JPN,121220
6153311,239,114,5433,1999,0.0,450284.0,-0.9824940000000001,0.115755,VNM,JPN,121220
6153312,246,114,5433,1999,681672.0,6190.0,0.543171,1.432792,ZAF,JPN,121220
6153313,249,114,5433,1999,2930377.0,6377090.0,1.336816,1.725334,TWN,JPN,121220
6153314,250,114,5433,1999,0.0,25286.0,1.130511,0.9547379999999999,ANS,JPN,121220
6153315,43,124,5433,1999,2960.0,0.0,0.386094,3.270089,CHN,LBN,121220
6153316,114,124,5433,1999,15985.0,0.0,2.541382,0.693702,JPN,LBN,121220
6153317,28,132,5433,1999,7050.0,0.0,0.7516579999999999,1.169072,BLR,LVA,121220
6153318,61,132,5433,1999,3803.0,5101.0,2.334811,-2.060502,DEU,LVA,121220
6153319,72,132,5433,1999,0.0,10442.0,0.502979,0.8847440000000001,EST,LVA,121220
6153320,81,132,5433,1999,2289.0,0.0,1.9523830000000002,0.771455,GBR,LVA,121220
6153321,231,132,5433,1999,31217.0,0.0,1.8755119999999998,0.5350729999999999,USA,LVA,121220
6153322,14,166,5433,1999,3690.0,11722.0,0.357101,0.8857879999999999,AUS,NZL,121220
6153323,39,166,5433,1999,60527.0,0.0,1.083572,1.08026,CAN,NZL,121220
6153324,43,166,5433,1999,59913.0,0.0,0.386094,3.270089,CHN,NZL,121220
6153325,61,166,5433,1999,0.0,9594.0,2.334811,-2.060502,DEU,NZL,121220
6153326,81,166,5433,1999,52746.0,29770.0,1.9523830000000002,0.771455,GBR,NZL,121220
6153327,97,166,5433,1999,23366.0,0.0,0.387427,2.402434,HKG,NZL,121220
6153328,103,166,5433,1999,9468.0,0.0,-0.20447,1.568505,IDN,NZL,121220
6153329,104,166,5433,1999,17306.0,0.0,0.29945900000000003,2.438702,IND,NZL,121220
6153330,106,166,5433,1999,9309.0,0.0,1.599613,0.37233299999999997,IRL,NZL,121220
6153331,109,166,5433,1999,8209.0,0.0,0.377701,-0.355798,ISL,NZL,121220
6153332,110,166,5433,1999,0.0,9292.0,1.342593,0.781931,ISR,NZL,121220
6153333,114,166,5433,1999,26222.0,0.0,2.541382,0.693702,JPN,NZL,121220
6153334,121,166,5433,1999,43174.0,0.0,0.92448,1.053988,KOR,NZL,121220
6153335,153,166,5433,1999,0.0,7211.0,0.500591,0.136149,MYS,NZL,121220
6153336,162,166,5433,1999,2018.0,0.0,1.308776,1.574293,NLD,NZL,121220
6153337,163,166,5433,1999,8564.0,0.0,1.1012959999999998,0.240184,NOR,NZL,121220
6153338,174,166,5433,1999,66902.0,0.0,-0.401903,-0.333408,PHL,NZL,121220
6153339,182,166,5433,1999,0.0,1024.0,0.281327,-0.624142,PYF,NZL,121220
6153340,231,166,5433,1999,320601.0,35180.0,1.8755119999999998,0.5350729999999999,USA,NZL,121220
6153341,249,166,5433,1999,3982.0,0.0,1.336816,1.725334,TWN,NZL,121220
6153342,43,167,5433,1999,4997.0,0.0,0.386094,3.270089,CHN,OMN,121220
6153343,18,177,5433,1999,1754.0,0.0,1.512061,1.253478,BEL,POL,121220
6153344,39,177,5433,1999,0.0,22111.0,1.083572,1.08026,CAN,POL,121220
6153345,41,177,5433,1999,94994.0,0.0,2.189934,0.741428,CHE,POL,121220
6153346,61,177,5433,1999,19184.0,0.0,2.334811,-2.060502,DEU,POL,121220
6153347,71,177,5433,1999,1295534.0,0.0,1.0849209999999998,1.9351180000000001,ESP,POL,121220
6153348,77,177,5433,1999,88481.0,0.0,1.72758,0.6619079999999999,FRA,POL,121220
6153349,81,177,5433,1999,108714.0,0.0,1.9523830000000002,0.771455,GBR,POL,121220
6153350,162,177,5433,1999,68643.0,0.0,1.308776,1.574293,NLD,POL,121220
6153351,228,177,5433,1999,12421.0,0.0,0.6242270000000001,0.742258,UKR,POL,121220
6153352,231,177,5433,1999,20762.0,0.0,1.8755119999999998,0.5350729999999999,USA,POL,121220
6153353,18,186,5433,1999,4128.0,0.0,1.512061,1.253478,BEL,RUS,121220
6153354,28,186,5433,1999,0.0,4230.0,0.7516579999999999,1.169072,BLR,RUS,121220
6153355,43,186,5433,1999,49324.0,37144.0,0.386094,3.270089,CHN,RUS,121220
6153356,61,186,5433,1999,1619.0,5146.0,2.334811,-2.060502,DEU,RUS,121220
6153357,74,186,5433,1999,10197.0,0.0,2.095642,0.966282,FIN,RUS,121220
6153358,77,186,5433,1999,0.0,2385.0,1.72758,0.6619079999999999,FRA,RUS,121220
6153359,81,186,5433,1999,109916.0,0.0,1.9523830000000002,0.771455,GBR,RUS,121220
6153360,106,186,5433,1999,19852.0,0.0,1.599613,0.37233299999999997,IRL,RUS,121220
6153361,110,186,5433,1999,0.0,64460.0,1.342593,0.781931,ISR,RUS,121220
6153362,114,186,5433,1999,19158.0,78795.0,2.541382,0.693702,JPN,RUS,121220
6153363,121,186,5433,1999,21930.0,17582.0,0.92448,1.053988,KOR,RUS,121220
6153364,135,186,5433,1999,1468.0,0.0,-0.16408,-0.08062000000000001,MDA,RUS,121220
6153365,163,186,5433,1999,68747.0,0.0,1.1012959999999998,0.240184,NOR,RUS,121220
6153366,192,186,5433,1999,3865.0,0.0,1.355833,0.594305,SGP,RUS,121220
6153367,228,186,5433,1999,0.0,1225.0,0.6242270000000001,0.742258,UKR,RUS,121220
6153368,231,186,5433,1999,40210.0,25978.0,1.8755119999999998,0.5350729999999999,USA,RUS,121220
6153369,249,186,5433,1999,0.0,9941.0,1.336816,1.725334,TWN,RUS,121220
6153370,18,188,5433,1999,8087.0,0.0,1.512061,1.253478,BEL,SAU,121220
6153371,41,188,5433,1999,7499.0,0.0,2.189934,0.741428,CHE,SAU,121220
6153372,43,188,5433,1999,49990.0,0.0,0.386094,3.270089,CHN,SAU,121220
6153373,61,188,5433,1999,0.0,16475.0,2.334811,-2.060502,DEU,SAU,121220
6153374,68,188,5433,1999,7400.0,0.0,-0.311879,0.300746,EGY,SAU,121220
6153375,71,188,5433,1999,17521.0,0.0,1.0849209999999998,1.9351180000000001,ESP,SAU,121220
6153376,81,188,5433,1999,0.0,8338.0,1.9523830000000002,0.771455,GBR,SAU,121220
6153377,106,188,5433,1999,213052.0,0.0,1.599613,0.37233299999999997,IRL,SAU,121220
6153378,114,188,5433,1999,1818.0,0.0,2.541382,0.693702,JPN,SAU,121220
6153379,121,188,5433,1999,4111.0,0.0,0.92448,1.053988,KOR,SAU,121220
6153380,212,188,5433,1999,3328.0,0.0,-0.996784,-0.6344069999999999,SYR,SAU,121220
6153381,59,206,5433,1999,10153.0,0.0,1.412439,1.329385,CZE,SVK,121220
6153382,61,206,5433,1999,1016.0,0.0,2.334811,-2.060502,DEU,SVK,121220
6153383,77,206,5433,1999,674418.0,0.0,1.72758,0.6619079999999999,FRA,SVK,121220
6153384,18,207,5433,1999,1307.0,1246.0,1.512061,1.253478,BEL,SVN,121220
6153385,61,207,5433,1999,2777.0,0.0,2.334811,-2.060502,DEU,SVN,121220
6153386,100,207,5433,1999,8621.0,0.0,0.572934,0.9873639999999999,HRV,SVN,121220
6153387,111,207,5433,1999,5034.0,0.0,1.395253,1.3589790000000002,ITA,SVN,121220
6153388,208,207,5433,1999,1882.0,0.0,2.1456720000000002,0.856556,SWE,SVN,121220
6153389,231,207,5433,1999,27828.0,0.0,1.8755119999999998,0.5350729999999999,USA,SVN,121220
6153390,249,207,5433,1999,19598.0,0.0,1.336816,1.725334,TWN,SVN,121220
6153391,28,228,5433,1999,0.0,4807.0,0.7516579999999999,1.169072,BLR,UKR,121220
6153392,41,228,5433,1999,8041.0,0.0,2.189934,0.741428,CHE,UKR,121220
6153393,43,228,5433,1999,38773.0,0.0,0.386094,3.270089,CHN,UKR,121220
6153394,61,228,5433,1999,15252.0,0.0,2.334811,-2.060502,DEU,UKR,121220
6153395,71,228,5433,1999,7477.0,0.0,1.0849209999999998,1.9351180000000001,ESP,UKR,121220
6153396,174,228,5433,1999,10088.0,0.0,-0.401903,-0.333408,PHL,UKR,121220
6153397,177,228,5433,1999,0.0,12421.0,0.8512700000000001,1.8975229999999998,POL,UKR,121220
6153398,186,228,5433,1999,1225.0,0.0,0.903308,0.590858,RUS,UKR,121220
6153399,231,228,5433,1999,3432.0,0.0,1.8755119999999998,0.5350729999999999,USA,UKR,121220
6153400,8,249,5433,1999,0.0,7051.0,0.49933500000000003,0.593879,ARG,TWN,121220
6153401,14,249,5433,1999,3061.0,21670.0,0.357101,0.8857879999999999,AUS,TWN,121220
6153402,15,249,5433,1999,0.0,5530.0,1.836804,0.744312,AUT,TWN,121220
6153403,18,249,5433,1999,0.0,38867.0,1.512061,1.253478,BEL,TWN,121220
6153404,32,249,5433,1999,0.0,43121.0,0.762468,1.191759,BRA,TWN,121220
6153405,39,249,5433,1999,2831.0,152706.0,1.083572,1.08026,CAN,TWN,121220
6153406,41,249,5433,1999,0.0,28814.0,2.189934,0.741428,CHE,TWN,121220
6153407,42,249,5433,1999,861859.0,2918.0,0.041013,-0.111553,CHL,TWN,121220
6153408,43,249,5433,1999,15312747.0,88287.0,0.386094,3.270089,CHN,TWN,121220
6153409,59,249,5433,1999,0.0,3321.0,1.412439,1.329385,CZE,TWN,121220
6153410,61,249,5433,1999,6201.0,41232.0,2.334811,-2.060502,DEU,TWN,121220
6153411,64,249,5433,1999,0.0,61419.0,1.264405,1.469627,DNK,TWN,121220
6153412,71,249,5433,1999,0.0,6469.0,1.0849209999999998,1.9351180000000001,ESP,TWN,121220
6153413,74,249,5433,1999,0.0,20769.0,2.095642,0.966282,FIN,TWN,121220
6153414,77,249,5433,1999,77339.0,0.0,1.72758,0.6619079999999999,FRA,TWN,121220
6153415,81,249,5433,1999,47584.0,60508.0,1.9523830000000002,0.771455,GBR,TWN,121220
6153416,97,249,5433,1999,358337.0,739281.0,0.387427,2.402434,HKG,TWN,121220
6153417,103,249,5433,1999,370170.0,13994.0,-0.20447,1.568505,IDN,TWN,121220
6153418,109,249,5433,1999,17015.0,0.0,0.377701,-0.355798,ISL,TWN,121220
6153419,110,249,5433,1999,0.0,1986.0,1.342593,0.781931,ISR,TWN,121220
6153420,111,249,5433,1999,0.0,3820.0,1.395253,1.3589790000000002,ITA,TWN,121220
6153421,114,249,5433,1999,6377090.0,2930377.0,2.541382,0.693702,JPN,TWN,121220
6153422,121,249,5433,1999,5593634.0,35697.0,0.92448,1.053988,KOR,TWN,121220
6153423,153,249,5433,1999,10155.0,521358.0,0.500591,0.136149,MYS,TWN,121220
6153424,162,249,5433,1999,0.0,2919.0,1.308776,1.574293,NLD,TWN,121220
6153425,163,249,5433,1999,165854.0,0.0,1.1012959999999998,0.240184,NOR,TWN,121220
6153426,166,249,5433,1999,0.0,3982.0,0.592051,0.780176,NZL,TWN,121220
6153427,174,249,5433,1999,8824.0,9407.0,-0.401903,-0.333408,PHL,TWN,121220
6153428,180,249,5433,1999,0.0,1012.0,-0.541387,-0.863967,PRY,TWN,121220
6153429,186,249,5433,1999,9941.0,0.0,0.903308,0.590858,RUS,TWN,121220
6153430,192,249,5433,1999,75962.0,214904.0,1.355833,0.594305,SGP,TWN,121220
6153431,207,249,5433,1999,0.0,19598.0,1.447589,1.284414,SVN,TWN,121220
6153432,208,249,5433,1999,0.0,2734.0,2.1456720000000002,0.856556,SWE,TWN,121220
6153433,216,249,5433,1999,0.0,5984.0,0.20451,1.513533,THA,TWN,121220
6153434,224,249,5433,1999,0.0,110775.0,0.044692,1.745755,TUR,TWN,121220
6153435,231,249,5433,1999,21633.0,940290.0,1.8755119999999998,0.5350729999999999,USA,TWN,121220
6153436,236,249,5433,1999,0.0,14430.0,0.16454100000000002,-0.691021,VEN,TWN,121220
6153437,246,249,5433,1999,0.0,2391.0,0.543171,1.432792,ZAF,TWN,121220
6153438,250,249,5433,1999,0.0,38810.0,1.130511,0.9547379999999999,ANS,TWN,121220
6153439,32,8,5433,1999,143478.0,0.0,0.762468,1.191759,BRA,ARG,121220
6153440,42,8,5433,1999,164766.0,6146.0,0.041013,-0.111553,CHL,ARG,121220
6153441,43,8,5433,1999,5452.0,0.0,0.386094,3.270089,CHN,ARG,121220
6153442,61,8,5433,1999,5267.0,0.0,2.334811,-2.060502,DEU,ARG,121220
6153443,71,8,5433,1999,11258.0,0.0,1.0849209999999998,1.9351180000000001,ESP,ARG,121220
6153444,77,8,5433,1999,6046.0,0.0,1.72758,0.6619079999999999,FRA,ARG,121220
6153445,103,8,5433,1999,184582.0,0.0,-0.20447,1.568505,IDN,ARG,121220
6153446,111,8,5433,1999,1257.0,0.0,1.395253,1.3589790000000002,ITA,ARG,121220
6153447,114,8,5433,1999,4913.0,0.0,2.541382,0.693702,JPN,ARG,121220
6153448,121,8,5433,1999,3922.0,31987.0,0.92448,1.053988,KOR,ARG,121220
6153449,163,8,5433,1999,1491.0,0.0,1.1012959999999998,0.240184,NOR,ARG,121220
6153450,174,8,5433,1999,16262.0,0.0,-0.401903,-0.333408,PHL,ARG,121220
6153451,231,8,5433,1999,4808.0,44402.0,1.8755119999999998,0.5350729999999999,USA,ARG,121220
6153452,246,8,5433,1999,568479.0,0.0,0.543171,1.432792,ZAF,ARG,121220
6153453,249,8,5433,1999,7051.0,0.0,1.336816,1.725334,TWN,ARG,121220
6153454,81,116,5433,1999,956.0,0.0,1.9523830000000002,0.771455,GBR,KEN,121220
6153455,227,116,5433,1999,0.0,7680.0,-1.359508,-1.170077,UGA,KEN,121220
6153456,18,131,5433,1999,5195.0,0.0,1.512061,1.253478,BEL,LUX,121220
6153457,61,131,5433,1999,3124.0,0.0,2.334811,-2.060502,DEU,LUX,121220
6153458,77,131,5433,1999,11553.0,0.0,1.72758,0.6619079999999999,FRA,LUX,121220
6153459,71,134,5433,1999,12598.0,1383451.0,1.0849209999999998,1.9351180000000001,ESP,MAR,121220
6153460,77,134,5433,1999,31895.0,359370.0,1.72758,0.6619079999999999,FRA,MAR,121220
6153461,81,134,5433,1999,0.0,1030.0,1.9523830000000002,0.771455,GBR,MAR,121220
6153462,114,134,5433,1999,0.0,1284084.0,2.541382,0.693702,JPN,MAR,121220
6153463,121,134,5433,1999,0.0,998551.0,0.92448,1.053988,KOR,MAR,121220
6153464,179,134,5433,1999,0.0,287667.0,0.420538,1.379359,PRT,MAR,121220
6153465,231,134,5433,1999,0.0,16982.0,1.8755119999999998,0.5350729999999999,USA,MAR,121220
6153466,114,191,5433,1999,0.0,10776.0,2.541382,0.693702,JPN,SEN,121220
6153467,8,246,5433,1999,0.0,568479.0,0.49933500000000003,0.593879,ARG,ZAF,121220
6153468,14,246,5433,1999,0.0,23827.0,0.357101,0.8857879999999999,AUS,ZAF,121220
6153469,18,246,5433,1999,1157.0,0.0,1.512061,1.253478,BEL,ZAF,121220
6153470,32,246,5433,1999,2794.0,0.0,0.762468,1.191759,BRA,ZAF,121220
6153471,43,246,5433,1999,16318.0,175422.0,0.386094,3.270089,CHN,ZAF,121220
6153472,61,246,5433,1999,13235.0,10691.0,2.334811,-2.060502,DEU,ZAF,121220
6153473,77,246,5433,1999,43611.0,0.0,1.72758,0.6619079999999999,FRA,ZAF,121220
6153474,81,246,5433,1999,2145.0,0.0,1.9523830000000002,0.771455,GBR,ZAF,121220
6153475,97,246,5433,1999,2658.0,0.0,0.387427,2.402434,HKG,ZAF,121220
6153476,114,246,5433,1999,6190.0,681672.0,2.541382,0.693702,JPN,ZAF,121220
6153477,121,246,5433,1999,1682.0,74049.0,0.92448,1.053988,KOR,ZAF,121220
6153478,138,246,5433,1999,0.0,1808.0,0.581034,0.8399760000000001,MEX,ZAF,121220
6153479,152,246,5433,1999,0.0,1775.0,-1.319572,-1.199031,MWI,ZAF,121220
6153480,162,246,5433,1999,624601.0,1167.0,1.308776,1.574293,NLD,ZAF,121220
6153481,163,246,5433,1999,35892.0,0.0,1.1012959999999998,0.240184,NOR,ZAF,121220
6153482,174,246,5433,1999,8765.0,0.0,-0.401903,-0.333408,PHL,ZAF,121220
6153483,192,246,5433,1999,7666.0,56774.0,1.355833,0.594305,SGP,ZAF,121220
6153484,216,246,5433,1999,0.0,174754.0,0.20451,1.513533,THA,ZAF,121220
6153485,231,246,5433,1999,6927.0,50330.0,1.8755119999999998,0.5350729999999999,USA,ZAF,121220
6153486,249,246,5433,1999,2391.0,0.0,1.336816,1.725334,TWN,ZAF,121220
6153487,250,246,5433,1999,0.0,13745.0,1.130511,0.9547379999999999,ANS,ZAF,121220
6153488,91,13,5433,1999,986.0,0.0,-0.157276,-0.625791,GRD,ATG,121220
6153489,231,13,5433,1999,1899.0,0.0,1.8755119999999998,0.5350729999999999,USA,ATG,121220
6153490,231,29,5433,1999,943.0,0.0,1.8755119999999998,0.5350729999999999,USA,BLZ,121220
6153491,61,7,5433,1999,4514.0,0.0,2.334811,-2.060502,DEU,ARE,121220
6153492,106,7,5433,1999,34381.0,0.0,1.599613,0.37233299999999997,IRL,ARE,121220
6153493,114,7,5433,1999,32918.0,0.0,2.541382,0.693702,JPN,ARE,121220
6153494,137,7,5433,1999,0.0,4236.0,-0.83783,-0.941734,MDV,ARE,121220
6153495,162,7,5433,1999,34861.0,0.0,1.308776,1.574293,NLD,ARE,121220
6153496,61,58,5433,1999,26845.0,0.0,2.334811,-2.060502,DEU,CYP,121220
6153497,74,58,5433,1999,1420.0,0.0,2.095642,0.966282,FIN,CYP,121220
6153498,77,58,5433,1999,4916.0,0.0,1.72758,0.6619079999999999,FRA,CYP,121220
6153499,81,58,5433,1999,5386.0,0.0,1.9523830000000002,0.771455,GBR,CYP,121220
6153500,114,58,5433,1999,1772.0,0.0,2.541382,0.693702,JPN,CYP,121220
6153501,162,58,5433,1999,6471.0,0.0,1.308776,1.574293,NLD,CYP,121220
6153502,231,58,5433,1999,3168.0,0.0,1.8755119999999998,0.5350729999999999,USA,CYP,121220
6153503,39,110,5433,1999,4400.0,0.0,1.083572,1.08026,CAN,ISR,121220
6153504,43,110,5433,1999,5484.0,0.0,0.386094,3.270089,CHN,ISR,121220
6153505,61,110,5433,1999,1025.0,0.0,2.334811,-2.060502,DEU,ISR,121220
6153506,71,110,5433,1999,78918.0,0.0,1.0849209999999998,1.9351180000000001,ESP,ISR,121220
6153507,77,110,5433,1999,4196.0,0.0,1.72758,0.6619079999999999,FRA,ISR,121220
6153508,81,110,5433,1999,1974.0,994.0,1.9523830000000002,0.771455,GBR,ISR,121220
6153509,106,110,5433,1999,902.0,0.0,1.599613,0.37233299999999997,IRL,ISR,121220
6153510,114,110,5433,1999,169606.0,1269334.0,2.541382,0.693702,JPN,ISR,121220
6153511,166,110,5433,1999,9292.0,0.0,0.592051,0.780176,NZL,ISR,121220
6153512,186,110,5433,1999,64460.0,0.0,0.903308,0.590858,RUS,ISR,121220
6153513,216,110,5433,1999,4749.0,0.0,0.20451,1.513533,THA,ISR,121220
6153514,231,110,5433,1999,70628.0,0.0,1.8755119999999998,0.5350729999999999,USA,ISR,121220
6153515,249,110,5433,1999,1986.0,0.0,1.336816,1.725334,TWN,ISR,121220
6153516,114,122,5433,1999,3861.0,0.0,2.541382,0.693702,JPN,KWT,121220
6153517,186,135,5433,1999,0.0,1468.0,0.903308,0.590858,RUS,MDA,121220
6153518,61,140,5433,1999,2651.0,0.0,2.334811,-2.060502,DEU,MKD,121220
6153519,81,140,5433,1999,5336.0,0.0,1.9523830000000002,0.771455,GBR,MKD,121220
6153520,100,140,5433,1999,16700.0,0.0,0.572934,0.9873639999999999,HRV,MKD,121220
6153521,114,140,5433,1999,1767.0,0.0,2.541382,0.693702,JPN,MKD,121220
6153522,231,140,5433,1999,1658.0,0.0,1.8755119999999998,0.5350729999999999,USA,MKD,121220
6153523,114,142,5433,1999,2981.0,0.0,2.541382,0.693702,JPN,MLT,121220
6153524,162,142,5433,1999,5704.0,0.0,1.308776,1.574293,NLD,MLT,121220
6153525,81,168,5433,1999,15564.0,0.0,1.9523830000000002,0.771455,GBR,PAK,121220
6153526,163,168,5433,1999,50197.0,0.0,1.1012959999999998,0.240184,NOR,PAK,121220
6153527,192,168,5433,1999,2812.0,0.0,1.355833,0.594305,SGP,PAK,121220
6153528,42,178,5433,1999,447090.0,0.0,0.041013,-0.111553,CHL,PRK,121220
6153529,43,178,5433,1999,43478.0,98656.0,0.386094,3.270089,CHN,PRK,121220
6153530,114,178,5433,1999,2077.0,748725.0,2.541382,0.693702,JPN,PRK,121220
6153531,138,178,5433,1999,0.0,1429.0,0.581034,0.8399760000000001,MEX,PRK,121220
6153532,18,185,5433,1999,102605.0,0.0,1.512061,1.253478,BEL,ROU,121220
6153533,43,185,5433,1999,9020.0,0.0,0.386094,3.270089,CHN,ROU,121220
6153534,59,185,5433,1999,0.0,3407.0,1.412439,1.329385,CZE,ROU,121220
6153535,61,185,5433,1999,11772.0,0.0,2.334811,-2.060502,DEU,ROU,121220
6153536,106,185,5433,1999,48086.0,0.0,1.599613,0.37233299999999997,IRL,ROU,121220
6153537,231,185,5433,1999,84885.0,0.0,1.8755119999999998,0.5350729999999999,USA,ROU,121220
6153538,188,212,5433,1999,0.0,3328.0,0.553028,-0.527401,SAU,SYR,121220
6153539,77,223,5433,1999,15503.0,0.0,1.72758,0.6619079999999999,FRA,TUN,121220
6153540,39,250,5433,1999,0.0,2496.0,1.083572,1.08026,CAN,ANS,121220
6153541,42,250,5433,1999,57511.0,0.0,0.041013,-0.111553,CHL,ANS,121220
6153542,43,250,5433,1999,0.0,2675.0,0.386094,3.270089,CHN,ANS,121220
6153543,64,250,5433,1999,0.0,13629144.0,1.264405,1.469627,DNK,ANS,121220
6153544,97,250,5433,1999,1287.0,0.0,0.387427,2.402434,HKG,ANS,121220
6153545,103,250,5433,1999,0.0,3264.0,-0.20447,1.568505,IDN,ANS,121220
6153546,106,250,5433,1999,8278.0,0.0,1.599613,0.37233299999999997,IRL,ANS,121220
6153547,114,250,5433,1999,25286.0,0.0,2.541382,0.693702,JPN,ANS,121220
6153548,121,250,5433,1999,39246.0,0.0,0.92448,1.053988,KOR,ANS,121220
6153549,222,250,5433,1999,11123.0,0.0,0.258046,-0.562956,TTO,ANS,121220
6153550,246,250,5433,1999,13745.0,0.0,0.543171,1.432792,ZAF,ANS,121220
6153551,249,250,5433,1999,38810.0,0.0,1.336816,1.725334,TWN,ANS,121220
6153552,64,30,5433,1999,2102.0,0.0,1.264405,1.469627,DNK,BMU,121220
6153553,81,30,5433,1999,2026.0,0.0,1.9523830000000002,0.771455,GBR,BMU,121220
6153554,54,65,5433,1999,13021.0,0.0,-0.152322,-0.8734270000000001,CUB,DOM,121220
6153555,81,65,5433,1999,75677.0,0.0,1.9523830000000002,0.771455,GBR,DOM,121220
6153556,231,65,5433,1999,9334.0,0.0,1.8755119999999998,0.5350729999999999,USA,DOM,121220
6153557,43,239,5433,1999,5254.0,0.0,0.386094,3.270089,CHN,VNM,121220
6153558,61,239,5433,1999,0.0,1309.0,2.334811,-2.060502,DEU,VNM,121220
6153559,114,239,5433,1999,450284.0,0.0,2.541382,0.693702,JPN,VNM,121220
6153560,121,239,5433,1999,2073.0,0.0,0.92448,1.053988,KOR,VNM,121220
6153561,91,63,5433,1999,11368.0,0.0,-0.157276,-0.625791,GRD,DMA,121220
6153562,127,63,5433,1999,1443.0,0.0,-0.129026,-0.630046,LCA,DMA,121220
6153563,13,91,5433,1999,0.0,986.0,0.6179140000000001,0.156854,ATG,GRD,121220
6153564,63,91,5433,1999,0.0,11368.0,0.808025,0.321415,DMA,GRD,121220
6153565,231,99,5433,1999,1247.0,0.0,1.8755119999999998,0.5350729999999999,USA,HND,121220
6153566,63,127,5433,1999,0.0,1443.0,0.808025,0.321415,DMA,LCA,121220
6153567,231,127,5433,1999,4443.0,0.0,1.8755119999999998,0.5350729999999999,USA,LCA,121220
6153568,103,45,5433,1999,7146.0,0.0,-0.20447,1.568505,IDN,CMR,121220
6153569,106,45,5433,1999,3061.0,0.0,1.599613,0.37233299999999997,IRL,CMR,121220
6153570,39,109,5433,1999,0.0,2550.0,1.083572,1.08026,CAN,ISL,121220
6153571,61,109,5433,1999,0.0,46838.0,2.334811,-2.060502,DEU,ISL,121220
6153572,74,109,5433,1999,0.0,32930.0,2.095642,0.966282,FIN,ISL,121220
6153573,77,109,5433,1999,0.0,294493.0,1.72758,0.6619079999999999,FRA,ISL,121220
6153574,81,109,5433,1999,15455.0,1156580.0,1.9523830000000002,0.771455,GBR,ISL,121220
6153575,114,109,5433,1999,3522.0,170835.0,2.541382,0.693702,JPN,ISL,121220
6153576,162,109,5433,1999,0.0,23313.0,1.308776,1.574293,NLD,ISL,121220
6153577,166,109,5433,1999,0.0,8209.0,0.592051,0.780176,NZL,ISL,121220
6153578,208,109,5433,1999,0.0,31097.0,2.1456720000000002,0.856556,SWE,ISL,121220
6153579,231,109,5433,1999,14929.0,54236.0,1.8755119999999998,0.5350729999999999,USA,ISL,121220
6153580,249,109,5433,1999,0.0,17015.0,1.336816,1.725334,TWN,ISL,121220
6153581,121,126,5433,1999,28708.0,0.0,0.92448,1.053988,KOR,LBY,121220
6153582,61,130,5433,1999,0.0,7254.0,2.334811,-2.060502,DEU,LTU,121220
6153583,77,130,5433,1999,3312.0,0.0,1.72758,0.6619079999999999,FRA,LTU,121220
6153584,43,133,5433,1999,82318.0,0.0,0.386094,3.270089,CHN,MAC,121220
6153585,97,133,5433,1999,19639.0,0.0,0.387427,2.402434,HKG,MAC,121220
6153586,114,133,5433,1999,12129.0,0.0,2.541382,0.693702,JPN,MAC,121220
6153587,121,133,5433,1999,2017.0,0.0,0.92448,1.053988,KOR,MAC,121220
6153588,192,133,5433,1999,4321.0,0.0,1.355833,0.594305,SGP,MAC,121220
6153589,77,136,5433,1999,17647.0,81075.0,1.72758,0.6619079999999999,FRA,MDG,121220
6153590,114,136,5433,1999,0.0,95097.0,2.541382,0.693702,JPN,MDG,121220
6153591,7,137,5433,1999,4236.0,0.0,-0.21921,-0.54813,ARE,MDV,121220
6153592,192,137,5433,1999,3668.0,0.0,1.355833,0.594305,SGP,MDV,121220
6153593,97,151,5433,1999,854.0,0.0,0.387427,2.402434,HKG,MUS,121220
6153594,106,151,5433,1999,1242.0,0.0,1.599613,0.37233299999999997,IRL,MUS,121220
6153595,114,151,5433,1999,1085.0,0.0,2.541382,0.693702,JPN,MUS,121220
6153596,174,151,5433,1999,65621.0,0.0,-0.401903,-0.333408,PHL,MUS,121220
6153597,192,151,5433,1999,1904.0,0.0,1.355833,0.594305,SGP,MUS,121220
6153598,246,152,5433,1999,1775.0,0.0,0.543171,1.432792,ZAF,MWI,121220
6153599,97,164,5433,1999,721.0,0.0,0.387427,2.402434,HKG,NPL,121220
6153600,104,164,5433,1999,1437.0,0.0,0.29945900000000003,2.438702,IND,NPL,121220
6153601,77,182,5433,1999,2081.0,0.0,1.72758,0.6619079999999999,FRA,PYF,121220
6153602,114,182,5433,1999,5193.0,0.0,2.541382,0.693702,JPN,PYF,121220
6153603,166,182,5433,1999,1024.0,0.0,0.592051,0.780176,NZL,PYF,121220
6153604,231,182,5433,1999,3302.0,0.0,1.8755119999999998,0.5350729999999999,USA,PYF,121220
6153605,192,211,5433,1999,2511.0,0.0,1.355833,0.594305,SGP,SYC,121220
6153606,64,226,5433,1999,0.0,469217.0,1.264405,1.469627,DNK,TZA,121220
6153607,71,226,5433,1999,0.0,132060.0,1.0849209999999998,1.9351180000000001,ESP,TZA,121220
6153608,77,226,5433,1999,0.0,90962.0,1.72758,0.6619079999999999,FRA,TZA,121220
6153609,231,226,5433,1999,0.0,1526866.0,1.8755119999999998,0.5350729999999999,USA,TZA,121220
6153610,116,227,5433,1999,7680.0,0.0,-0.336125,0.43983999999999995,KEN,UGA,121220
6153611,100,26,5433,1999,4530.0,0.0,0.572934,0.9873639999999999,HRV,BIH,121220
6153612,231,75,5433,1999,0.0,54519.0,1.8755119999999998,0.5350729999999999,USA,FJI,121220
6153613,43,118,5433,1999,4144.0,0.0,0.386094,3.270089,CHN,KHM,121220
6153614,216,118,5433,1999,1011.0,0.0,0.20451,1.513533,THA,KHM,121220
6153615,43,143,5433,1999,5662.0,0.0,0.386094,3.270089,CHN,MMR,121220
6153616,81,143,5433,1999,4626.0,0.0,1.9523830000000002,0.771455,GBR,MMR,121220
6153617,114,143,5433,1999,1817.0,0.0,2.541382,0.693702,JPN,MMR,121220
6153618,216,143,5433,1999,50402.0,0.0,0.20451,1.513533,THA,MMR,121220
6153619,14,156,5433,1999,902.0,0.0,0.357101,0.8857879999999999,AUS,NCL,121220
6153620,77,156,5433,1999,1298.0,0.0,1.72758,0.6619079999999999,FRA,NCL,121220
6153621,114,156,5433,1999,1507.0,5495.0,2.541382,0.693702,JPN,NCL,121220
6153622,114,180,5433,1999,3035.0,0.0,2.541382,0.693702,JPN,PRY,121220
6153623,121,180,5433,1999,5342.0,0.0,0.92448,1.053988,KOR,PRY,121220
6153624,249,180,5433,1999,1012.0,0.0,1.336816,1.725334,TWN,PRY,121220
6153625,106,6,5433,1999,1581.0,0.0,1.599613,0.37233299999999997,IRL,ANT,121220
6153626,106,1,5433,1999,6722.0,0.0,1.599613,0.37233299999999997,IRL,AFG,121220
6153627,192,34,5433,1999,18456.0,0.0,1.355833,0.594305,SGP,BRN,121220
6153628,64,119,5433,1999,0.0,712110.0,1.264405,1.469627,DNK,KIR,121220
6153629,114,146,5433,1999,27262.0,0.0,2.541382,0.693702,JPN,MNP,121220
6153630,114,221,5433,1999,0.0,145930.0,2.541382,0.693702,JPN,TON,121220
6153631,231,242,5433,1999,3698.0,0.0,1.8755119999999998,0.5350729999999999,USA,WSM,121220
6153632,18,15,5438,1999,40085.0,0.0,1.512061,1.253478,BEL,AUT,121300
6153633,41,15,5438,1999,27881.0,637950.0,2.189934,0.741428,CHE,AUT,121300
6153634,59,15,5438,1999,12450.0,0.0,1.412439,1.329385,CZE,AUT,121300
6153635,61,15,5438,1999,834053.0,1815.0,2.334811,-2.060502,DEU,AUT,121300
6153636,102,15,5438,1999,53973.0,3687.0,0.794675,1.308337,HUN,AUT,121300
6153637,111,15,5438,1999,29822.0,0.0,1.395253,1.3589790000000002,ITA,AUT,121300
6153638,206,15,5438,1999,29579.0,0.0,1.133942,1.105742,SVK,AUT,121300
6153639,207,15,5438,1999,3329.0,0.0,1.447589,1.284414,SVN,AUT,121300
6153640,231,15,5438,1999,3933.0,0.0,1.8755119999999998,0.5350729999999999,USA,AUT,121300
6153641,15,18,5438,1999,0.0,40085.0,1.836804,0.744312,AUT,BEL,121300
6153642,28,18,5438,1999,5824.0,0.0,0.7516579999999999,1.169072,BLR,BEL,121300
6153643,41,18,5438,1999,8110.0,2085.0,2.189934,0.741428,CHE,BEL,121300
6153644,43,18,5438,1999,5868.0,0.0,0.386094,3.270089,CHN,BEL,121300
6153645,51,18,5438,1999,0.0,1999.0,0.783048,-0.442508,CPV,BEL,121300
6153646,61,18,5438,1999,110574.0,29779.0,2.334811,-2.060502,DEU,BEL,121300
6153647,64,18,5438,1999,0.0,39594.0,1.264405,1.469627,DNK,BEL,121300
6153648,71,18,5438,1999,1332.0,0.0,1.0849209999999998,1.9351180000000001,ESP,BEL,121300
6153649,77,18,5438,1999,2966556.0,29003.0,1.72758,0.6619079999999999,FRA,BEL,121300
6153650,81,18,5438,1999,2526.0,10669.0,1.9523830000000002,0.771455,GBR,BEL,121300
6153651,111,18,5438,1999,7797.0,0.0,1.395253,1.3589790000000002,ITA,BEL,121300
6153652,131,18,5438,1999,2260.0,30938.0,1.499745,1.142951,LUX,BEL,121300
6153653,162,18,5438,1999,946799.0,164552.0,1.308776,1.574293,NLD,BEL,121300
6153654,179,18,5438,1999,0.0,6117.0,0.420538,1.379359,PRT,BEL,121300
6153655,250,18,5438,1999,0.0,1118.0,1.130511,0.9547379999999999,ANS,BEL,121300
6153656,90,23,5438,1999,0.0,7204.0,0.24943600000000002,1.172467,GRC,BGR,121300
6153657,113,23,5438,1999,0.0,4660.0,0.475995,0.514447,JOR,BGR,121300
6153658,231,25,5438,1999,11966.0,0.0,1.8755119999999998,0.5350729999999999,USA,BHS,121300
6153659,231,31,5438,1999,4070.0,0.0,1.8755119999999998,0.5350729999999999,USA,BOL,121300
6153660,15,41,5438,1999,637950.0,27881.0,1.836804,0.744312,AUT,CHE,121300
6153661,18,41,5438,1999,2085.0,8110.0,1.512061,1.253478,BEL,CHE,121300
6153662,61,41,5438,1999,5641043.0,134076.0,2.334811,-2.060502,DEU,CHE,121300
6153663,74,41,5438,1999,0.0,3954.0,2.095642,0.966282,FIN,CHE,121300
6153664,77,41,5438,1999,8711447.0,27930.0,1.72758,0.6619079999999999,FRA,CHE,121300
6153665,81,41,5438,1999,2154.0,0.0,1.9523830000000002,0.771455,GBR,CHE,121300
6153666,90,41,5438,1999,0.0,2115.0,0.24943600000000002,1.172467,GRC,CHE,121300
6153667,111,41,5438,1999,322637.0,14761.0,1.395253,1.3589790000000002,ITA,CHE,121300
6153668,162,41,5438,1999,131527.0,0.0,1.308776,1.574293,NLD,CHE,121300
6153669,186,41,5438,1999,0.0,5023.0,0.903308,0.590858,RUS,CHE,121300
6153670,14,43,5438,1999,0.0,991.0,0.357101,0.8857879999999999,AUS,CHN,121300
6153671,18,43,5438,1999,0.0,5868.0,1.512061,1.253478,BEL,CHN,121300
6153672,39,43,5438,1999,34435.0,21875.0,1.083572,1.08026,CAN,CHN,121300
6153673,59,43,5438,1999,0.0,3482.0,1.412439,1.329385,CZE,CHN,121300
6153674,61,43,5438,1999,0.0,2598.0,2.334811,-2.060502,DEU,CHN,121300
6153675,81,43,5438,1999,1900.0,5830.0,1.9523830000000002,0.771455,GBR,CHN,121300
6153676,97,43,5438,1999,4165.0,497632.0,0.387427,2.402434,HKG,CHN,121300
6153677,104,43,5438,1999,6444.0,0.0,0.29945900000000003,2.438702,IND,CHN,121300
6153678,110,43,5438,1999,0.0,2530.0,1.342593,0.781931,ISR,CHN,121300
6153679,111,43,5438,1999,0.0,15943.0,1.395253,1.3589790000000002,ITA,CHN,121300
6153680,114,43,5438,1999,27635.0,5493329.0,2.541382,0.693702,JPN,CHN,121300
6153681,121,43,5438,1999,0.0,2020876.0,0.92448,1.053988,KOR,CHN,121300
6153682,133,43,5438,1999,0.0,95357.0,-0.365239,-0.380913,MAC,CHN,121300
6153683,145,43,5438,1999,0.0,10218.0,-0.557761,-0.8596280000000001,MNG,CHN,121300
6153684,153,43,5438,1999,0.0,3550.0,0.500591,0.136149,MYS,CHN,121300
6153685,178,43,5438,1999,0.0,617367.0,0.536814,0.980433,PRK,CHN,121300
6153686,188,43,5438,1999,0.0,1420.0,0.553028,-0.527401,SAU,CHN,121300
6153687,192,43,5438,1999,0.0,6351.0,1.355833,0.594305,SGP,CHN,121300
6153688,216,43,5438,1999,0.0,1936.0,0.20451,1.513533,THA,CHN,121300
6153689,231,43,5438,1999,0.0,56888.0,1.8755119999999998,0.5350729999999999,USA,CHN,121300
6153690,249,43,5438,1999,0.0,37167.0,1.336816,1.725334,TWN,CHN,121300
6153691,39,49,5438,1999,117256.0,0.0,1.083572,1.08026,CAN,COL,121300
6153692,231,49,5438,1999,119859.0,0.0,1.8755119999999998,0.5350729999999999,USA,COL,121300
6153693,61,52,5438,1999,6620.0,0.0,2.334811,-2.060502,DEU,CRI,121300
6153694,15,61,5438,1999,1815.0,834053.0,1.836804,0.744312,AUT,DEU,121300
6153695,18,61,5438,1999,29779.0,110574.0,1.512061,1.253478,BEL,DEU,121300
6153696,32,61,5438,1999,432086.0,0.0,0.762468,1.191759,BRA,DEU,121300
6153697,39,61,5438,1999,1717.0,0.0,1.083572,1.08026,CAN,DEU,121300
6153698,41,61,5438,1999,134076.0,5641043.0,2.189934,0.741428,CHE,DEU,121300
6153699,43,61,5438,1999,2598.0,0.0,0.386094,3.270089,CHN,DEU,121300
6153700,52,61,5438,1999,0.0,6620.0,-0.310033,-0.299529,CRI,DEU,121300
6153701,59,61,5438,1999,21944.0,41796.0,1.412439,1.329385,CZE,DEU,121300
6153702,64,61,5438,1999,0.0,2229.0,1.264405,1.469627,DNK,DEU,121300
6153703,71,61,5438,1999,190689.0,4390.0,1.0849209999999998,1.9351180000000001,ESP,DEU,121300
6153704,77,61,5438,1999,283068.0,24390.0,1.72758,0.6619079999999999,FRA,DEU,121300
6153705,81,61,5438,1999,4651.0,1052.0,1.9523830000000002,0.771455,GBR,DEU,121300
6153706,102,61,5438,1999,13500.0,0.0,0.794675,1.308337,HUN,DEU,121300
6153707,111,61,5438,1999,61206.0,495893.0,1.395253,1.3589790000000002,ITA,DEU,121300
6153708,131,61,5438,1999,0.0,1041.0,1.499745,1.142951,LUX,DEU,121300
6153709,162,61,5438,1999,735929.0,3121634.0,1.308776,1.574293,NLD,DEU,121300
6153710,163,61,5438,1999,0.0,3151.0,1.1012959999999998,0.240184,NOR,DEU,121300
6153711,177,61,5438,1999,43281.0,10963.0,0.8512700000000001,1.8975229999999998,POL,DEU,121300
6153712,186,61,5438,1999,845.0,104727.0,0.903308,0.590858,RUS,DEU,121300
6153713,206,61,5438,1999,3229.0,0.0,1.133942,1.105742,SVK,DEU,121300
6153714,207,61,5438,1999,0.0,5792.0,1.447589,1.284414,SVN,DEU,121300
6153715,208,61,5438,1999,1081.0,6650.0,2.1456720000000002,0.856556,SWE,DEU,121300
6153716,226,61,5438,1999,0.0,803.0,-1.068358,-0.54693,TZA,DEU,121300
6153717,231,61,5438,1999,6632.0,1604.0,1.8755119999999998,0.5350729999999999,USA,DEU,121300
6153718,250,61,5438,1999,0.0,17416.0,1.130511,0.9547379999999999,ANS,DEU,121300
6153719,18,64,5438,1999,39594.0,0.0,1.512061,1.253478,BEL,DNK,121300
6153720,32,64,5438,1999,134105.0,0.0,0.762468,1.191759,BRA,DNK,121300
6153721,61,64,5438,1999,2229.0,0.0,2.334811,-2.060502,DEU,DNK,121300
6153722,78,64,5438,1999,0.0,1348.0,-0.718961,-0.900609,FRO,DNK,121300
6153723,109,64,5438,1999,0.0,19850.0,0.377701,-0.355798,ISL,DNK,121300
6153724,162,64,5438,1999,114119.0,1453.0,1.308776,1.574293,NLD,DNK,121300
6153725,163,64,5438,1999,0.0,15794.0,1.1012959999999998,0.240184,NOR,DNK,121300
6153726,208,64,5438,1999,0.0,3834.0,2.1456720000000002,0.856556,SWE,DNK,121300
6153727,81,67,5438,1999,0.0,11524.0,1.9523830000000002,0.771455,GBR,ECU,121300
6153728,173,67,5438,1999,44918.0,0.0,-0.367489,0.11813399999999999,PER,ECU,121300
6153729,5,71,5438,1999,0.0,50731.0,0.98429,0.690354,AND,ESP,121300
6153730,18,71,5438,1999,0.0,1332.0,1.512061,1.253478,BEL,ESP,121300
6153731,61,71,5438,1999,4390.0,190689.0,2.334811,-2.060502,DEU,ESP,121300
6153732,77,71,5438,1999,2699.0,75764.0,1.72758,0.6619079999999999,FRA,ESP,121300
6153733,81,71,5438,1999,2303.0,0.0,1.9523830000000002,0.771455,GBR,ESP,121300
6153734,111,71,5438,1999,0.0,48078.0,1.395253,1.3589790000000002,ITA,ESP,121300
6153735,114,71,5438,1999,0.0,4133.0,2.541382,0.693702,JPN,ESP,121300
6153736,134,71,5438,1999,1243.0,0.0,-0.659053,-0.142104,MAR,ESP,121300
6153737,162,71,5438,1999,1353.0,0.0,1.308776,1.574293,NLD,ESP,121300
6153738,179,71,5438,1999,65653.0,712109.0,0.420538,1.379359,PRT,ESP,121300
6153739,188,71,5438,1999,0.0,12621.0,0.553028,-0.527401,SAU,ESP,121300
6153740,41,74,5438,1999,3954.0,0.0,2.189934,0.741428,CHE,FIN,121300
6153741,162,74,5438,1999,5350.0,0.0,1.308776,1.574293,NLD,FIN,121300
6153742,5,77,5438,1999,0.0,5526.0,0.98429,0.690354,AND,FRA,121300
6153743,18,77,5438,1999,29003.0,2966556.0,1.512061,1.253478,BEL,FRA,121300
6153744,41,77,5438,1999,27930.0,8711447.0,2.189934,0.741428,CHE,FRA,121300
6153745,61,77,5438,1999,24390.0,283068.0,2.334811,-2.060502,DEU,FRA,121300
6153746,71,77,5438,1999,75764.0,2699.0,1.0849209999999998,1.9351180000000001,ESP,FRA,121300
6153747,81,77,5438,1999,695315.0,28269.0,1.9523830000000002,0.771455,GBR,FRA,121300
6153748,85,77,5438,1999,0.0,24839.0,-1.950321,-1.269807,GIN,FRA,121300
6153749,90,77,5438,1999,0.0,6766.0,0.24943600000000002,1.172467,GRC,FRA,121300
6153750,97,77,5438,1999,0.0,6251.0,0.387427,2.402434,HKG,FRA,121300
6153751,111,77,5438,1999,353999.0,52120.0,1.395253,1.3589790000000002,ITA,FRA,121300
6153752,130,77,5438,1999,0.0,1329.0,0.197536,0.5041899999999999,LTU,FRA,121300
6153753,131,77,5438,1999,0.0,14923.0,1.499745,1.142951,LUX,FRA,121300
6153754,162,77,5438,1999,256977.0,1299352.0,1.308776,1.574293,NLD,FRA,121300
6153755,179,77,5438,1999,4215.0,16601.0,0.420538,1.379359,PRT,FRA,121300
6153756,7,81,5438,1999,0.0,4076.0,-0.21921,-0.54813,ARE,GBR,121300
6153757,18,81,5438,1999,10669.0,2526.0,1.512061,1.253478,BEL,GBR,121300
6153758,39,81,5438,1999,4870.0,0.0,1.083572,1.08026,CAN,GBR,121300
6153759,41,81,5438,1999,0.0,2154.0,2.189934,0.741428,CHE,GBR,121300
6153760,43,81,5438,1999,5830.0,1900.0,0.386094,3.270089,CHN,GBR,121300
6153761,61,81,5438,1999,1052.0,4651.0,2.334811,-2.060502,DEU,GBR,121300
6153762,67,81,5438,1999,11524.0,0.0,-0.8875299999999999,-0.9117879999999999,ECU,GBR,121300
6153763,71,81,5438,1999,0.0,2303.0,1.0849209999999998,1.9351180000000001,ESP,GBR,121300
6153764,76,81,5438,1999,0.0,1343.0,0.9361450000000001,-0.578892,FLK,GBR,121300
6153765,77,81,5438,1999,28269.0,695315.0,1.72758,0.6619079999999999,FRA,GBR,121300
6153766,83,81,5438,1999,2427.0,0.0,-0.9444520000000001,-0.905826,GHA,GBR,121300
6153767,104,81,5438,1999,7770.0,0.0,0.29945900000000003,2.438702,IND,GBR,121300
6153768,106,81,5438,1999,1737154.0,803025.0,1.599613,0.37233299999999997,IRL,GBR,121300
6153769,109,81,5438,1999,0.0,13561.0,0.377701,-0.355798,ISL,GBR,121300
6153770,111,81,5438,1999,0.0,16407.0,1.395253,1.3589790000000002,ITA,GBR,121300
6153771,142,81,5438,1999,0.0,1467.0,0.9998450000000001,0.009412,MLT,GBR,121300
6153772,159,81,5438,1999,0.0,1907.0,-1.9312080000000003,-1.279733,NGA,GBR,121300
6153773,162,81,5438,1999,0.0,41448.0,1.308776,1.574293,NLD,GBR,121300
6153774,177,81,5438,1999,153908.0,0.0,0.8512700000000001,1.8975229999999998,POL,GBR,121300
6153775,179,81,5438,1999,0.0,4548.0,0.420538,1.379359,PRT,GBR,121300
6153776,231,81,5438,1999,46543.0,27371.0,1.8755119999999998,0.5350729999999999,USA,GBR,121300
6153777,23,90,5438,1999,7204.0,0.0,0.311033,1.7375040000000002,BGR,GRC,121300
6153778,41,90,5438,1999,2115.0,0.0,2.189934,0.741428,CHE,GRC,121300
6153779,77,90,5438,1999,6766.0,0.0,1.72758,0.6619079999999999,FRA,GRC,121300
6153780,111,90,5438,1999,7626.0,0.0,1.395253,1.3589790000000002,ITA,GRC,121300
6153781,203,90,5438,1999,0.0,6384.0,1.1602629999999998,-0.232077,STP,GRC,121300
6153782,43,97,5438,1999,497632.0,4165.0,0.386094,3.270089,CHN,HKG,121300
6153783,77,97,5438,1999,6251.0,0.0,1.72758,0.6619079999999999,FRA,HKG,121300
6153784,136,97,5438,1999,7651.0,0.0,-1.186653,-0.5059279999999999,MDG,HKG,121300
6153785,231,97,5438,1999,60240.0,0.0,1.8755119999999998,0.5350729999999999,USA,HKG,121300
6153786,14,103,5438,1999,63212.0,0.0,0.357101,0.8857879999999999,AUS,IDN,121300
6153787,39,103,5438,1999,0.0,2379.0,1.083572,1.08026,CAN,IDN,121300
6153788,153,103,5438,1999,0.0,3648.0,0.500591,0.136149,MYS,IDN,121300
6153789,188,103,5438,1999,0.0,889.0,0.553028,-0.527401,SAU,IDN,121300
6153790,81,106,5438,1999,803025.0,1737154.0,1.9523830000000002,0.771455,GBR,IRL,121300
6153791,177,106,5438,1999,9023.0,0.0,0.8512700000000001,1.8975229999999998,POL,IRL,121300
6153792,208,106,5438,1999,3165.0,0.0,2.1456720000000002,0.856556,SWE,IRL,121300
6153793,231,106,5438,1999,3000.0,0.0,1.8755119999999998,0.5350729999999999,USA,IRL,121300
6153794,15,111,5438,1999,0.0,29822.0,1.836804,0.744312,AUT,ITA,121300
6153795,18,111,5438,1999,0.0,7797.0,1.512061,1.253478,BEL,ITA,121300
6153796,32,111,5438,1999,285532.0,0.0,0.762468,1.191759,BRA,ITA,121300
6153797,41,111,5438,1999,14761.0,322637.0,2.189934,0.741428,CHE,ITA,121300
6153798,43,111,5438,1999,15943.0,0.0,0.386094,3.270089,CHN,ITA,121300
6153799,61,111,5438,1999,495893.0,61206.0,2.334811,-2.060502,DEU,ITA,121300
6153800,71,111,5438,1999,48078.0,0.0,1.0849209999999998,1.9351180000000001,ESP,ITA,121300
6153801,77,111,5438,1999,52120.0,353999.0,1.72758,0.6619079999999999,FRA,ITA,121300
6153802,81,111,5438,1999,16407.0,0.0,1.9523830000000002,0.771455,GBR,ITA,121300
6153803,90,111,5438,1999,0.0,7626.0,0.24943600000000002,1.172467,GRC,ITA,121300
6153804,162,111,5438,1999,2916.0,72893.0,1.308776,1.574293,NLD,ITA,121300
6153805,207,111,5438,1999,0.0,2869.0,1.447589,1.284414,SVN,ITA,121300
6153806,208,111,5438,1999,0.0,6512.0,2.1456720000000002,0.856556,SWE,ITA,121300
6153807,211,111,5438,1999,0.0,3128.0,0.11940999999999999,-0.7071270000000001,SYC,ITA,121300
6153808,224,111,5438,1999,0.0,3244.0,0.044692,1.745755,TUR,ITA,121300
6153809,231,112,5438,1999,16331.0,0.0,1.8755119999999998,0.5350729999999999,USA,JAM,121300
6153810,14,121,5438,1999,219420.0,0.0,0.357101,0.8857879999999999,AUS,KOR,121300
6153811,28,121,5438,1999,1115.0,0.0,0.7516579999999999,1.169072,BLR,KOR,121300
6153812,43,121,5438,1999,2020876.0,0.0,0.386094,3.270089,CHN,KOR,121300
6153813,114,121,5438,1999,89863.0,11096284.0,2.541382,0.693702,JPN,KOR,121300
6153814,153,121,5438,1999,15595.0,0.0,0.500591,0.136149,MYS,KOR,121300
6153815,216,121,5438,1999,269363.0,0.0,0.20451,1.513533,THA,KOR,121300
6153816,231,121,5438,1999,327780.0,11760.0,1.8755119999999998,0.5350729999999999,USA,KOR,121300
6153817,249,121,5438,1999,0.0,87395.0,1.336816,1.725334,TWN,KOR,121300
6153818,250,121,5438,1999,70656.0,0.0,1.130511,0.9547379999999999,ANS,KOR,121300
6153819,29,138,5438,1999,0.0,1511.0,-0.5603319999999999,-0.838239,BLZ,MEX,121300
6153820,39,138,5438,1999,0.0,5311.0,1.083572,1.08026,CAN,MEX,121300
6153821,231,138,5438,1999,76601.0,396557.0,1.8755119999999998,0.5350729999999999,USA,MEX,121300
6153822,14,153,5438,1999,82086.0,0.0,0.357101,0.8857879999999999,AUS,MYS,121300
6153823,43,153,5438,1999,3550.0,0.0,0.386094,3.270089,CHN,MYS,121300
6153824,103,153,5438,1999,3648.0,0.0,-0.20447,1.568505,IDN,MYS,121300
6153825,104,153,5438,1999,15045.0,0.0,0.29945900000000003,2.438702,IND,MYS,121300
6153826,121,153,5438,1999,0.0,15595.0,0.92448,1.053988,KOR,MYS,121300
6153827,188,153,5438,1999,0.0,143776.0,0.553028,-0.527401,SAU,MYS,121300
6153828,192,153,5438,1999,159038.0,46655.0,1.355833,0.594305,SGP,MYS,121300
6153829,18,162,5438,1999,164552.0,946799.0,1.512061,1.253478,BEL,NLD,121300
6153830,32,162,5438,1999,0.0,2194.0,0.762468,1.191759,BRA,NLD,121300
6153831,41,162,5438,1999,0.0,131527.0,2.189934,0.741428,CHE,NLD,121300
6153832,59,162,5438,1999,5093.0,0.0,1.412439,1.329385,CZE,NLD,121300
6153833,61,162,5438,1999,3121634.0,735929.0,2.334811,-2.060502,DEU,NLD,121300
6153834,64,162,5438,1999,1453.0,114119.0,1.264405,1.469627,DNK,NLD,121300
6153835,71,162,5438,1999,0.0,1353.0,1.0849209999999998,1.9351180000000001,ESP,NLD,121300
6153836,74,162,5438,1999,0.0,5350.0,2.095642,0.966282,FIN,NLD,121300
6153837,77,162,5438,1999,1299352.0,256977.0,1.72758,0.6619079999999999,FRA,NLD,121300
6153838,81,162,5438,1999,41448.0,0.0,1.9523830000000002,0.771455,GBR,NLD,121300
6153839,111,162,5438,1999,72893.0,2916.0,1.395253,1.3589790000000002,ITA,NLD,121300
6153840,130,162,5438,1999,7656.0,0.0,0.197536,0.5041899999999999,LTU,NLD,121300
6153841,131,162,5438,1999,0.0,4625.0,1.499745,1.142951,LUX,NLD,121300
6153842,132,162,5438,1999,2104.0,0.0,0.20633600000000002,0.324171,LVA,NLD,121300
6153843,134,162,5438,1999,0.0,3791.0,-0.659053,-0.142104,MAR,NLD,121300
6153844,177,162,5438,1999,61211.0,12192.0,0.8512700000000001,1.8975229999999998,POL,NLD,121300
6153845,228,162,5438,1999,1519.0,0.0,0.6242270000000001,0.742258,UKR,NLD,121300
6153846,231,162,5438,1999,63640.0,1353.0,1.8755119999999998,0.5350729999999999,USA,NLD,121300
6153847,250,162,5438,1999,0.0,1949.0,1.130511,0.9547379999999999,ANS,NLD,121300
6153848,61,163,5438,1999,3151.0,0.0,2.334811,-2.060502,DEU,NOR,121300
6153849,64,163,5438,1999,15794.0,0.0,1.264405,1.469627,DNK,NOR,121300
6153850,208,163,5438,1999,0.0,15280.0,2.1456720000000002,0.856556,SWE,NOR,121300
6153851,14,173,5438,1999,3449.0,0.0,0.357101,0.8857879999999999,AUS,PER,121300
6153852,32,173,5438,1999,110659.0,0.0,0.762468,1.191759,BRA,PER,121300
6153853,67,173,5438,1999,0.0,44918.0,-0.8875299999999999,-0.9117879999999999,ECU,PER,121300
6153854,231,173,5438,1999,1272.0,0.0,1.8755119999999998,0.5350729999999999,USA,PER,121300
6153855,39,174,5438,1999,0.0,9606.0,1.083572,1.08026,CAN,PHL,121300
6153856,249,174,5438,1999,0.0,18674.0,1.336816,1.725334,TWN,PHL,121300
6153857,18,179,5438,1999,6117.0,0.0,1.512061,1.253478,BEL,PRT,121300
6153858,71,179,5438,1999,712109.0,65653.0,1.0849209999999998,1.9351180000000001,ESP,PRT,121300
6153859,77,179,5438,1999,16601.0,4215.0,1.72758,0.6619079999999999,FRA,PRT,121300
6153860,81,179,5438,1999,4548.0,0.0,1.9523830000000002,0.771455,GBR,PRT,121300
6153861,14,192,5438,1999,61357.0,0.0,0.357101,0.8857879999999999,AUS,SGP,121300
6153862,34,192,5438,1999,0.0,29798.0,-1.417607,-1.011226,BRN,SGP,121300
6153863,43,192,5438,1999,6351.0,0.0,0.386094,3.270089,CHN,SGP,121300
6153864,143,192,5438,1999,0.0,9690.0,-1.4991299999999999,-0.984557,MMR,SGP,121300
6153865,153,192,5438,1999,46655.0,159038.0,0.500591,0.136149,MYS,SGP,121300
6153866,231,192,5438,1999,42013.0,0.0,1.8755119999999998,0.5350729999999999,USA,SGP,121300
6153867,231,197,5438,1999,15968.0,0.0,1.8755119999999998,0.5350729999999999,USA,SLV,121300
6153868,61,208,5438,1999,6650.0,1081.0,2.334811,-2.060502,DEU,SWE,121300
6153869,64,208,5438,1999,3834.0,0.0,1.264405,1.469627,DNK,SWE,121300
6153870,104,208,5438,1999,395036.0,0.0,0.29945900000000003,2.438702,IND,SWE,121300
6153871,106,208,5438,1999,0.0,3165.0,1.599613,0.37233299999999997,IRL,SWE,121300
6153872,111,208,5438,1999,6512.0,0.0,1.395253,1.3589790000000002,ITA,SWE,121300
6153873,163,208,5438,1999,15280.0,0.0,1.1012959999999998,0.240184,NOR,SWE,121300
6153874,231,208,5438,1999,7623.0,0.0,1.8755119999999998,0.5350729999999999,USA,SWE,121300
6153875,14,216,5438,1999,22425.0,0.0,0.357101,0.8857879999999999,AUS,THA,121300
6153876,43,216,5438,1999,1936.0,0.0,0.386094,3.270089,CHN,THA,121300
6153877,114,216,5438,1999,7318.0,2653.0,2.541382,0.693702,JPN,THA,121300
6153878,121,216,5438,1999,0.0,269363.0,0.92448,1.053988,KOR,THA,121300
6153879,178,216,5438,1999,0.0,14545.0,0.536814,0.980433,PRK,THA,121300
6153880,231,216,5438,1999,0.0,1187.0,1.8755119999999998,0.5350729999999999,USA,THA,121300
6153881,249,216,5438,1999,0.0,16062.0,1.336816,1.725334,TWN,THA,121300
6153882,231,222,5438,1999,4493.0,0.0,1.8755119999999998,0.5350729999999999,USA,TTO,121300
6153883,107,224,5438,1999,1608.0,0.0,-0.9366620000000001,-1.147602,IRN,TUR,121300
6153884,111,224,5438,1999,3244.0,0.0,1.395253,1.3589790000000002,ITA,TUR,121300
6153885,124,224,5438,1999,0.0,1150.0,0.264151,0.767188,LBN,TUR,121300
6153886,250,224,5438,1999,0.0,4301.0,1.130511,0.9547379999999999,ANS,TUR,121300
6153887,15,231,5438,1999,0.0,3933.0,1.836804,0.744312,AUT,USA,121300
6153888,25,231,5438,1999,0.0,11966.0,0.91869,-0.152588,BHS,USA,121300
6153889,31,231,5438,1999,0.0,4070.0,-0.398285,-0.6362,BOL,USA,121300
6153890,39,231,5438,1999,148026.0,620501.0,1.083572,1.08026,CAN,USA,121300
6153891,43,231,5438,1999,56888.0,0.0,0.386094,3.270089,CHN,USA,121300
6153892,49,231,5438,1999,0.0,119859.0,0.190667,0.136271,COL,USA,121300
6153893,61,231,5438,1999,1604.0,6632.0,2.334811,-2.060502,DEU,USA,121300
6153894,68,231,5438,1999,0.0,97485.0,-0.311879,0.300746,EGY,USA,121300
6153895,80,231,5438,1999,0.0,2043.0,-1.068733,-1.178405,GAB,USA,121300
6153896,81,231,5438,1999,27371.0,46543.0,1.9523830000000002,0.771455,GBR,USA,121300
6153897,97,231,5438,1999,0.0,60240.0,0.387427,2.402434,HKG,USA,121300
6153898,104,231,5438,1999,29900.0,0.0,0.29945900000000003,2.438702,IND,USA,121300
6153899,106,231,5438,1999,0.0,3000.0,1.599613,0.37233299999999997,IRL,USA,121300
6153900,112,231,5438,1999,0.0,16331.0,-0.852468,-0.9670290000000001,JAM,USA,121300
6153901,114,231,5438,1999,64905.0,6615270.0,2.541382,0.693702,JPN,USA,121300
6153902,121,231,5438,1999,11760.0,327780.0,0.92448,1.053988,KOR,USA,121300
6153903,133,231,5438,1999,0.0,5914.0,-0.365239,-0.380913,MAC,USA,121300
6153904,138,231,5438,1999,396557.0,76601.0,0.581034,0.8399760000000001,MEX,USA,121300
6153905,159,231,5438,1999,0.0,18027.0,-1.9312080000000003,-1.279733,NGA,USA,121300
6153906,162,231,5438,1999,1353.0,63640.0,1.308776,1.574293,NLD,USA,121300
6153907,168,231,5438,1999,0.0,15048.0,-1.047891,-0.525612,PAK,USA,121300
6153908,173,231,5438,1999,0.0,1272.0,-0.367489,0.11813399999999999,PER,USA,121300
6153909,182,231,5438,1999,0.0,8928.0,0.281327,-0.624142,PYF,USA,121300
6153910,188,231,5438,1999,0.0,34475.0,0.553028,-0.527401,SAU,USA,121300
6153911,192,231,5438,1999,0.0,42013.0,1.355833,0.594305,SGP,USA,121300
6153912,197,231,5438,1999,0.0,15968.0,-0.263572,-0.121576,SLV,USA,121300
6153913,208,231,5438,1999,0.0,7623.0,2.1456720000000002,0.856556,SWE,USA,121300
6153914,216,231,5438,1999,1187.0,0.0,0.20451,1.513533,THA,USA,121300
6153915,222,231,5438,1999,0.0,4493.0,0.258046,-0.562956,TTO,USA,121300
6153916,236,231,5438,1999,0.0,144625.0,0.16454100000000002,-0.691021,VEN,USA,121300
6153917,249,231,5438,1999,3812.0,159291.0,1.336816,1.725334,TWN,USA,121300
6153918,231,236,5438,1999,144625.0,0.0,1.8755119999999998,0.5350729999999999,USA,VEN,121300
6153919,7,14,5438,1999,0.0,226074.0,-0.21921,-0.54813,ARE,AUS,121300
6153920,43,14,5438,1999,991.0,0.0,0.386094,3.270089,CHN,AUS,121300
6153921,68,14,5438,1999,0.0,14539.0,-0.311879,0.300746,EGY,AUS,121300
6153922,103,14,5438,1999,0.0,63212.0,-0.20447,1.568505,IDN,AUS,121300
6153923,104,14,5438,1999,74632.0,0.0,0.29945900000000003,2.438702,IND,AUS,121300
6153924,114,14,5438,1999,0.0,20999512.0,2.541382,0.693702,JPN,AUS,121300
6153925,121,14,5438,1999,0.0,219420.0,0.92448,1.053988,KOR,AUS,121300
6153926,124,14,5438,1999,0.0,8679.0,0.264151,0.767188,LBN,AUS,121300
6153927,133,14,5438,1999,0.0,28901.0,-0.365239,-0.380913,MAC,AUS,121300
6153928,153,14,5438,1999,0.0,82086.0,0.500591,0.136149,MYS,AUS,121300
6153929,156,14,5438,1999,0.0,928.0,-0.079579,-0.777079,NCL,AUS,121300
6153930,173,14,5438,1999,0.0,3449.0,-0.367489,0.11813399999999999,PER,AUS,121300
6153931,188,14,5438,1999,0.0,328378.0,0.553028,-0.527401,SAU,AUS,121300
6153932,192,14,5438,1999,0.0,61357.0,1.355833,0.594305,SGP,AUS,121300
6153933,216,14,5438,1999,0.0,22425.0,0.20451,1.513533,THA,AUS,121300
6153934,249,14,5438,1999,0.0,100444.0,1.336816,1.725334,TWN,AUS,121300
6153935,250,14,5438,1999,0.0,637111.0,1.130511,0.9547379999999999,ANS,AUS,121300
6153936,18,28,5438,1999,0.0,5824.0,1.512061,1.253478,BEL,BLR,121300
6153937,121,28,5438,1999,0.0,1115.0,0.92448,1.053988,KOR,BLR,121300
6153938,186,28,5438,1999,9595.0,0.0,0.903308,0.590858,RUS,BLR,121300
6153939,39,32,5438,1999,1101.0,0.0,1.083572,1.08026,CAN,BRA,121300
6153940,61,32,5438,1999,0.0,432086.0,2.334811,-2.060502,DEU,BRA,121300
6153941,64,32,5438,1999,0.0,134105.0,1.264405,1.469627,DNK,BRA,121300
6153942,111,32,5438,1999,0.0,285532.0,1.395253,1.3589790000000002,ITA,BRA,121300
6153943,162,32,5438,1999,2194.0,0.0,1.308776,1.574293,NLD,BRA,121300
6153944,173,32,5438,1999,0.0,110659.0,-0.367489,0.11813399999999999,PER,BRA,121300
6153945,32,39,5438,1999,0.0,1101.0,0.762468,1.191759,BRA,CAN,121300
6153946,43,39,5438,1999,21875.0,34435.0,0.386094,3.270089,CHN,CAN,121300
6153947,49,39,5438,1999,0.0,117256.0,0.190667,0.136271,COL,CAN,121300
6153948,61,39,5438,1999,0.0,1717.0,2.334811,-2.060502,DEU,CAN,121300
6153949,81,39,5438,1999,0.0,4870.0,1.9523830000000002,0.771455,GBR,CAN,121300
6153950,103,39,5438,1999,2379.0,0.0,-0.20447,1.568505,IDN,CAN,121300
6153951,104,39,5438,1999,253420.0,0.0,0.29945900000000003,2.438702,IND,CAN,121300
6153952,114,39,5438,1999,0.0,231973.0,2.541382,0.693702,JPN,CAN,121300
6153953,138,39,5438,1999,5311.0,0.0,0.581034,0.8399760000000001,MEX,CAN,121300
6153954,174,39,5438,1999,9606.0,0.0,-0.401903,-0.333408,PHL,CAN,121300
6153955,231,39,5438,1999,620501.0,148026.0,1.8755119999999998,0.5350729999999999,USA,CAN,121300
6153956,249,39,5438,1999,0.0,4110.0,1.336816,1.725334,TWN,CAN,121300
6153957,5,59,5438,1999,0.0,1348.0,0.98429,0.690354,AND,CZE,121300
6153958,15,59,5438,1999,0.0,12450.0,1.836804,0.744312,AUT,CZE,121300
6153959,43,59,5438,1999,3482.0,0.0,0.386094,3.270089,CHN,CZE,121300
6153960,61,59,5438,1999,41796.0,21944.0,2.334811,-2.060502,DEU,CZE,121300
6153961,162,59,5438,1999,0.0,5093.0,1.308776,1.574293,NLD,CZE,121300
6153962,177,59,5438,1999,9191.0,0.0,0.8512700000000001,1.8975229999999998,POL,CZE,121300
6153963,14,68,5438,1999,14539.0,0.0,0.357101,0.8857879999999999,AUS,EGY,121300
6153964,231,68,5438,1999,97485.0,0.0,1.8755119999999998,0.5350729999999999,USA,EGY,121300
6153965,81,83,5438,1999,0.0,2427.0,1.9523830000000002,0.771455,GBR,GHA,121300
6153966,207,100,5438,1999,5593.0,8189.0,1.447589,1.284414,SVN,HRV,121300
6153967,15,102,5438,1999,3687.0,53973.0,1.836804,0.744312,AUT,HUN,121300
6153968,61,102,5438,1999,0.0,13500.0,2.334811,-2.060502,DEU,HUN,121300
6153969,207,102,5438,1999,0.0,11559.0,1.447589,1.284414,SVN,HUN,121300
6153970,14,104,5438,1999,0.0,74632.0,0.357101,0.8857879999999999,AUS,IND,121300
6153971,39,104,5438,1999,0.0,253420.0,1.083572,1.08026,CAN,IND,121300
6153972,43,104,5438,1999,0.0,6444.0,0.386094,3.270089,CHN,IND,121300
6153973,80,104,5438,1999,32660.0,0.0,-1.068733,-1.178405,GAB,IND,121300
6153974,81,104,5438,1999,0.0,7770.0,1.9523830000000002,0.771455,GBR,IND,121300
6153975,153,104,5438,1999,0.0,15045.0,0.500591,0.136149,MYS,IND,121300
6153976,164,104,5438,1999,369568.0,59247.0,-0.421433,0.24781799999999998,NPL,IND,121300
6153977,188,104,5438,1999,0.0,19864.0,0.553028,-0.527401,SAU,IND,121300
6153978,208,104,5438,1999,0.0,395036.0,2.1456720000000002,0.856556,SWE,IND,121300
6153979,231,104,5438,1999,0.0,29900.0,1.8755119999999998,0.5350729999999999,USA,IND,121300
6153980,249,104,5438,1999,0.0,67220.0,1.336816,1.725334,TWN,IND,121300
6153981,7,107,5438,1999,0.0,5037.0,-0.21921,-0.54813,ARE,IRN,121300
6153982,122,107,5438,1999,0.0,17008.0,0.028312999999999998,-1.0742770000000001,KWT,IRN,121300
6153983,188,107,5438,1999,0.0,3213.0,0.553028,-0.527401,SAU,IRN,121300
6153984,224,107,5438,1999,0.0,1608.0,0.044692,1.745755,TUR,IRN,121300
6153985,23,113,5438,1999,4660.0,0.0,0.311033,1.7375040000000002,BGR,JOR,121300
6153986,188,113,5438,1999,7324955.0,0.0,0.553028,-0.527401,SAU,JOR,121300
6153987,212,113,5438,1999,4218.0,0.0,-0.996784,-0.6344069999999999,SYR,JOR,121300
6153988,250,113,5438,1999,2391.0,7055.0,1.130511,0.9547379999999999,ANS,JOR,121300
6153989,14,114,5438,1999,20999512.0,0.0,0.357101,0.8857879999999999,AUS,JPN,121300
6153990,39,114,5438,1999,231973.0,0.0,1.083572,1.08026,CAN,JPN,121300
6153991,43,114,5438,1999,5493329.0,27635.0,0.386094,3.270089,CHN,JPN,121300
6153992,71,114,5438,1999,4133.0,0.0,1.0849209999999998,1.9351180000000001,ESP,JPN,121300
6153993,121,114,5438,1999,11096284.0,89863.0,0.92448,1.053988,KOR,JPN,121300
6153994,178,114,5438,1999,9028029.0,0.0,0.536814,0.980433,PRK,JPN,121300
6153995,216,114,5438,1999,2653.0,7318.0,0.20451,1.513533,THA,JPN,121300
6153996,226,114,5438,1999,211026.0,0.0,-1.068358,-0.54693,TZA,JPN,121300
6153997,231,114,5438,1999,6615270.0,64905.0,1.8755119999999998,0.5350729999999999,USA,JPN,121300
6153998,246,114,5438,1999,4090.0,0.0,0.543171,1.432792,ZAF,JPN,121300
6153999,249,114,5438,1999,18135520.0,0.0,1.336816,1.725334,TWN,JPN,121300
6154000,14,124,5438,1999,8679.0,0.0,0.357101,0.8857879999999999,AUS,LBN,121300
6154001,58,124,5438,1999,11213.0,0.0,0.508464,0.324706,CYP,LBN,121300
6154002,224,124,5438,1999,1150.0,0.0,0.044692,1.745755,TUR,LBN,121300
6154003,228,124,5438,1999,726.0,0.0,0.6242270000000001,0.742258,UKR,LBN,121300
6154004,162,132,5438,1999,0.0,2104.0,1.308776,1.574293,NLD,LVA,121300
6154005,81,159,5438,1999,1907.0,0.0,1.9523830000000002,0.771455,GBR,NGA,121300
6154006,231,159,5438,1999,18027.0,0.0,1.8755119999999998,0.5350729999999999,USA,NGA,121300
6154007,59,177,5438,1999,0.0,9191.0,1.412439,1.329385,CZE,POL,121300
6154008,61,177,5438,1999,10963.0,43281.0,2.334811,-2.060502,DEU,POL,121300
6154009,81,177,5438,1999,0.0,153908.0,1.9523830000000002,0.771455,GBR,POL,121300
6154010,106,177,5438,1999,0.0,9023.0,1.599613,0.37233299999999997,IRL,POL,121300
6154011,162,177,5438,1999,12192.0,61211.0,1.308776,1.574293,NLD,POL,121300
6154012,28,186,5438,1999,0.0,9595.0,0.7516579999999999,1.169072,BLR,RUS,121300
6154013,41,186,5438,1999,5023.0,0.0,2.189934,0.741428,CHE,RUS,121300
6154014,61,186,5438,1999,104727.0,845.0,2.334811,-2.060502,DEU,RUS,121300
6154015,7,188,5438,1999,263670.0,0.0,-0.21921,-0.54813,ARE,SAU,121300
6154016,14,188,5438,1999,328378.0,0.0,0.357101,0.8857879999999999,AUS,SAU,121300
6154017,43,188,5438,1999,1420.0,0.0,0.386094,3.270089,CHN,SAU,121300
6154018,71,188,5438,1999,12621.0,0.0,1.0849209999999998,1.9351180000000001,ESP,SAU,121300
6154019,103,188,5438,1999,889.0,0.0,-0.20447,1.568505,IDN,SAU,121300
6154020,104,188,5438,1999,19864.0,0.0,0.29945900000000003,2.438702,IND,SAU,121300
6154021,107,188,5438,1999,3213.0,0.0,-0.9366620000000001,-1.147602,IRN,SAU,121300
6154022,113,188,5438,1999,0.0,7324955.0,0.475995,0.514447,JOR,SAU,121300
6154023,134,188,5438,1999,3165.0,0.0,-0.659053,-0.142104,MAR,SAU,121300
6154024,153,188,5438,1999,143776.0,0.0,0.500591,0.136149,MYS,SAU,121300
6154025,212,188,5438,1999,27230.0,0.0,-0.996784,-0.6344069999999999,SYR,SAU,121300
6154026,231,188,5438,1999,34475.0,0.0,1.8755119999999998,0.5350729999999999,USA,SAU,121300
6154027,249,188,5438,1999,0.0,2897.0,1.336816,1.725334,TWN,SAU,121300
6154028,250,188,5438,1999,0.0,5483779.0,1.130511,0.9547379999999999,ANS,SAU,121300
6154029,15,206,5438,1999,0.0,29579.0,1.836804,0.744312,AUT,SVK,121300
6154030,61,206,5438,1999,0.0,3229.0,2.334811,-2.060502,DEU,SVK,121300
6154031,15,207,5438,1999,0.0,3329.0,1.836804,0.744312,AUT,SVN,121300
6154032,61,207,5438,1999,5792.0,0.0,2.334811,-2.060502,DEU,SVN,121300
6154033,100,207,5438,1999,8189.0,5593.0,0.572934,0.9873639999999999,HRV,SVN,121300
6154034,102,207,5438,1999,11559.0,0.0,0.794675,1.308337,HUN,SVN,121300
6154035,111,207,5438,1999,2869.0,0.0,1.395253,1.3589790000000002,ITA,SVN,121300
6154036,124,228,5438,1999,0.0,726.0,0.264151,0.767188,LBN,UKR,121300
6154037,130,228,5438,1999,0.0,3343.0,0.197536,0.5041899999999999,LTU,UKR,121300
6154038,162,228,5438,1999,0.0,1519.0,1.308776,1.574293,NLD,UKR,121300
6154039,237,228,5438,1999,0.0,60589.0,0.876099,-0.289157,VGB,UKR,121300
6154040,14,249,5438,1999,100444.0,0.0,0.357101,0.8857879999999999,AUS,TWN,121300
6154041,39,249,5438,1999,4110.0,0.0,1.083572,1.08026,CAN,TWN,121300
6154042,43,249,5438,1999,37167.0,0.0,0.386094,3.270089,CHN,TWN,121300
6154043,104,249,5438,1999,67220.0,0.0,0.29945900000000003,2.438702,IND,TWN,121300
6154044,114,249,5438,1999,0.0,18135520.0,2.541382,0.693702,JPN,TWN,121300
6154045,121,249,5438,1999,87395.0,0.0,0.92448,1.053988,KOR,TWN,121300
6154046,174,249,5438,1999,18674.0,0.0,-0.401903,-0.333408,PHL,TWN,121300
6154047,178,249,5438,1999,107012.0,69694.0,0.536814,0.980433,PRK,TWN,121300
6154048,188,249,5438,1999,2897.0,0.0,0.553028,-0.527401,SAU,TWN,121300
6154049,216,249,5438,1999,16062.0,0.0,0.20451,1.513533,THA,TWN,121300
6154050,231,249,5438,1999,159291.0,3812.0,1.8755119999999998,0.5350729999999999,USA,TWN,121300
6154051,104,80,5438,1999,0.0,32660.0,0.29945900000000003,2.438702,IND,GAB,121300
6154052,231,80,5438,1999,2043.0,0.0,1.8755119999999998,0.5350729999999999,USA,GAB,121300
6154053,226,116,5438,1999,4780.0,0.0,-1.068358,-0.54693,TZA,KEN,121300
6154054,227,116,5438,1999,1442.0,0.0,-1.359508,-1.170077,UGA,KEN,121300
6154055,18,131,5438,1999,30938.0,2260.0,1.512061,1.253478,BEL,LUX,121300
6154056,61,131,5438,1999,1041.0,0.0,2.334811,-2.060502,DEU,LUX,121300
6154057,77,131,5438,1999,14923.0,0.0,1.72758,0.6619079999999999,FRA,LUX,121300
6154058,162,131,5438,1999,4625.0,0.0,1.308776,1.574293,NLD,LUX,121300
6154059,71,134,5438,1999,0.0,1243.0,1.0849209999999998,1.9351180000000001,ESP,MAR,121300
6154060,162,134,5438,1999,3791.0,0.0,1.308776,1.574293,NLD,MAR,121300
6154061,188,134,5438,1999,0.0,3165.0,0.553028,-0.527401,SAU,MAR,121300
6154062,246,191,5438,1999,3418.0,0.0,0.543171,1.432792,ZAF,SEN,121300
6154063,90,203,5438,1999,6384.0,0.0,0.24943600000000002,1.172467,GRC,STP,121300
6154064,114,246,5438,1999,0.0,4090.0,2.541382,0.693702,JPN,ZAF,121300
6154065,147,246,5438,1999,0.0,10479.0,-0.35994699999999996,-0.725301,MOZ,ZAF,121300
6154066,152,246,5438,1999,32811.0,0.0,-1.319572,-1.199031,MWI,ZAF,121300
6154067,191,246,5438,1999,0.0,3418.0,-0.472473,-0.462562,SEN,ZAF,121300
6154068,138,29,5438,1999,1511.0,0.0,0.581034,0.8399760000000001,MEX,BLZ,121300
6154069,14,7,5438,1999,226074.0,0.0,0.357101,0.8857879999999999,AUS,ARE,121300
6154070,81,7,5438,1999,4076.0,0.0,1.9523830000000002,0.771455,GBR,ARE,121300
6154071,107,7,5438,1999,5037.0,0.0,-0.9366620000000001,-1.147602,IRN,ARE,121300
6154072,188,7,5438,1999,0.0,263670.0,0.553028,-0.527401,SAU,ARE,121300
6154073,124,58,5438,1999,0.0,11213.0,0.264151,0.767188,LBN,CYP,121300
6154074,43,110,5438,1999,2530.0,0.0,0.386094,3.270089,CHN,ISR,121300
6154075,185,110,5438,1999,6036.0,0.0,0.253874,0.8322709999999999,ROU,ISR,121300
6154076,107,122,5438,1999,17008.0,0.0,-0.9366620000000001,-1.147602,IRN,KWT,121300
6154077,81,142,5438,1999,1467.0,0.0,1.9523830000000002,0.771455,GBR,MLT,121300
6154078,231,168,5438,1999,15048.0,0.0,1.8755119999999998,0.5350729999999999,USA,PAK,121300
6154079,43,178,5438,1999,617367.0,0.0,0.386094,3.270089,CHN,PRK,121300
6154080,114,178,5438,1999,0.0,9028029.0,2.541382,0.693702,JPN,PRK,121300
6154081,216,178,5438,1999,14545.0,0.0,0.20451,1.513533,THA,PRK,121300
6154082,249,178,5438,1999,69694.0,107012.0,1.336816,1.725334,TWN,PRK,121300
6154083,110,185,5438,1999,0.0,6036.0,1.342593,0.781931,ISR,ROU,121300
6154084,113,212,5438,1999,0.0,4218.0,0.475995,0.514447,JOR,SYR,121300
6154085,188,212,5438,1999,0.0,27230.0,0.553028,-0.527401,SAU,SYR,121300
6154086,14,250,5438,1999,637111.0,0.0,0.357101,0.8857879999999999,AUS,ANS,121300
6154087,18,250,5438,1999,1118.0,0.0,1.512061,1.253478,BEL,ANS,121300
6154088,61,250,5438,1999,17416.0,0.0,2.334811,-2.060502,DEU,ANS,121300
6154089,113,250,5438,1999,7055.0,2391.0,0.475995,0.514447,JOR,ANS,121300
6154090,121,250,5438,1999,0.0,70656.0,0.92448,1.053988,KOR,ANS,121300
6154091,162,250,5438,1999,1949.0,0.0,1.308776,1.574293,NLD,ANS,121300
6154092,188,250,5438,1999,5483779.0,0.0,0.553028,-0.527401,SAU,ANS,121300
6154093,224,250,5438,1999,4301.0,0.0,0.044692,1.745755,TUR,ANS,121300
6154094,38,45,5438,1999,0.0,1411.0,-1.079509,-0.9015489999999999,CAF,CMR,121300
6154095,77,85,5438,1999,24839.0,0.0,1.72758,0.6619079999999999,FRA,GIN,121300
6154096,64,109,5438,1999,19850.0,0.0,1.264405,1.469627,DNK,ISL,121300
6154097,81,109,5438,1999,13561.0,0.0,1.9523830000000002,0.771455,GBR,ISL,121300
6154098,77,130,5438,1999,1329.0,0.0,1.72758,0.6619079999999999,FRA,LTU,121300
6154099,162,130,5438,1999,0.0,7656.0,1.308776,1.574293,NLD,LTU,121300
6154100,228,130,5438,1999,3343.0,0.0,0.6242270000000001,0.742258,UKR,LTU,121300
6154101,14,133,5438,1999,28901.0,0.0,0.357101,0.8857879999999999,AUS,MAC,121300
6154102,43,133,5438,1999,95357.0,0.0,0.386094,3.270089,CHN,MAC,121300
6154103,231,133,5438,1999,5914.0,0.0,1.8755119999999998,0.5350729999999999,USA,MAC,121300
6154104,97,136,5438,1999,0.0,7651.0,0.387427,2.402434,HKG,MDG,121300
6154105,43,145,5438,1999,10218.0,0.0,0.386094,3.270089,CHN,MNG,121300
6154106,246,152,5438,1999,0.0,32811.0,0.543171,1.432792,ZAF,MWI,121300
6154107,248,152,5438,1999,0.0,44170.0,-0.320533,-0.180527,ZWE,MWI,121300
6154108,104,164,5438,1999,59247.0,369568.0,0.29945900000000003,2.438702,IND,NPL,121300
6154109,231,182,5438,1999,8928.0,0.0,1.8755119999999998,0.5350729999999999,USA,PYF,121300
6154110,111,211,5438,1999,3128.0,0.0,1.395253,1.3589790000000002,ITA,SYC,121300
6154111,61,226,5438,1999,803.0,0.0,2.334811,-2.060502,DEU,TZA,121300
6154112,114,226,5438,1999,0.0,211026.0,2.541382,0.693702,JPN,TZA,121300
6154113,116,226,5438,1999,0.0,4780.0,-0.336125,0.43983999999999995,KEN,TZA,121300
6154114,116,227,5438,1999,0.0,1442.0,-0.336125,0.43983999999999995,KEN,UGA,121300
6154115,192,143,5438,1999,9690.0,0.0,1.355833,0.594305,SGP,MMR,121300
6154116,246,147,5438,1999,10479.0,0.0,0.543171,1.432792,ZAF,MOZ,121300
6154117,14,156,5438,1999,928.0,0.0,0.357101,0.8857879999999999,AUS,NCL,121300
6154118,152,248,5438,1999,44170.0,0.0,-1.319572,-1.199031,MWI,ZWE,121300
6154119,228,237,5438,1999,60589.0,0.0,0.6242270000000001,0.742258,UKR,VGB,121300
6154120,59,5,5438,1999,1348.0,0.0,1.412439,1.329385,CZE,AND,121300
6154121,71,5,5438,1999,50731.0,0.0,1.0849209999999998,1.9351180000000001,ESP,AND,121300
6154122,77,5,5438,1999,5526.0,0.0,1.72758,0.6619079999999999,FRA,AND,121300
6154123,192,34,5438,1999,29798.0,0.0,1.355833,0.594305,SGP,BRN,121300
6154124,81,76,5438,1999,1343.0,0.0,1.9523830000000002,0.771455,GBR,FLK,121300
6154125,45,38,5438,1999,1411.0,0.0,-1.7392470000000002,-1.241373,CMR,CAF,121300
6154126,18,51,5438,1999,1999.0,0.0,1.512061,1.253478,BEL,CPV,121300
6154127,64,78,5438,1999,1348.0,0.0,1.264405,1.469627,DNK,FRO,121300
6154128,18,15,5440,1999,49955.0,0.0,1.512061,1.253478,BEL,AUT,121490
6154129,41,15,5440,1999,158084.0,2689760.0,2.189934,0.741428,CHE,AUT,121490
6154130,59,15,5440,1999,186723.0,0.0,1.412439,1.329385,CZE,AUT,121490
6154131,61,15,5440,1999,905859.0,525453.0,2.334811,-2.060502,DEU,AUT,121490
6154132,66,15,5440,1999,6687.0,0.0,-0.701764,-1.175132,DZA,AUT,121490
6154133,77,15,5440,1999,4144.0,0.0,1.72758,0.6619079999999999,FRA,AUT,121490
6154134,81,15,5440,1999,1899.0,0.0,1.9523830000000002,0.771455,GBR,AUT,121490
6154135,100,15,5440,1999,0.0,1159.0,0.572934,0.9873639999999999,HRV,AUT,121490
6154136,102,15,5440,1999,89354.0,922.0,0.794675,1.308337,HUN,AUT,121490
6154137,104,15,5440,1999,6720.0,0.0,0.29945900000000003,2.438702,IND,AUT,121490
6154138,111,15,5440,1999,35833.0,740100.0,1.395253,1.3589790000000002,ITA,AUT,121490
6154139,114,15,5440,1999,0.0,20115.0,2.541382,0.693702,JPN,AUT,121490
6154140,162,15,5440,1999,1361.0,0.0,1.308776,1.574293,NLD,AUT,121490
6154141,206,15,5440,1999,73425.0,6860.0,1.133942,1.105742,SVK,AUT,121490
6154142,207,15,5440,1999,0.0,1179.0,1.447589,1.284414,SVN,AUT,121490
6154143,14,18,5440,1999,145087.0,0.0,0.357101,0.8857879999999999,AUS,BEL,121490
6154144,15,18,5440,1999,0.0,49955.0,1.836804,0.744312,AUT,BEL,121490
6154145,39,18,5440,1999,0.0,2733.0,1.083572,1.08026,CAN,BEL,121490
6154146,41,18,5440,1999,0.0,1138.0,2.189934,0.741428,CHE,BEL,121490
6154147,61,18,5440,1999,17504.0,191295.0,2.334811,-2.060502,DEU,BEL,121490
6154148,64,18,5440,1999,0.0,9236.0,1.264405,1.469627,DNK,BEL,121490
6154149,68,18,5440,1999,22890.0,0.0,-0.311879,0.300746,EGY,BEL,121490
6154150,71,18,5440,1999,1366.0,1819.0,1.0849209999999998,1.9351180000000001,ESP,BEL,121490
6154151,77,18,5440,1999,788928.0,186746.0,1.72758,0.6619079999999999,FRA,BEL,121490
6154152,81,18,5440,1999,8446.0,362055.0,1.9523830000000002,0.771455,GBR,BEL,121490
6154153,111,18,5440,1999,10664.0,1914.0,1.395253,1.3589790000000002,ITA,BEL,121490
6154154,131,18,5440,1999,10533.0,8648.0,1.499745,1.142951,LUX,BEL,121490
6154155,142,18,5440,1999,0.0,1113.0,0.9998450000000001,0.009412,MLT,BEL,121490
6154156,162,18,5440,1999,244084.0,87492.0,1.308776,1.574293,NLD,BEL,121490
6154157,163,18,5440,1999,2044.0,0.0,1.1012959999999998,0.240184,NOR,BEL,121490
6154158,179,18,5440,1999,0.0,3999.0,0.420538,1.379359,PRT,BEL,121490
6154159,246,18,5440,1999,14578.0,0.0,0.543171,1.432792,ZAF,BEL,121490
6154160,249,18,5440,1999,1303.0,0.0,1.336816,1.725334,TWN,BEL,121490
6154161,43,23,5440,1999,9323.0,0.0,0.386094,3.270089,CHN,BGR,121490
6154162,77,23,5440,1999,3039.0,0.0,1.72758,0.6619079999999999,FRA,BGR,121490
6154163,113,23,5440,1999,0.0,5436.0,0.475995,0.514447,JOR,BGR,121490
6154164,140,23,5440,1999,0.0,5034.0,0.053132000000000006,0.43408,MKD,BGR,121490
6154165,174,23,5440,1999,0.0,3906.0,-0.401903,-0.333408,PHL,BGR,121490
6154166,231,23,5440,1999,0.0,8630.0,1.8755119999999998,0.5350729999999999,USA,BGR,121490
6154167,231,25,5440,1999,42398.0,0.0,1.8755119999999998,0.5350729999999999,USA,BHS,121490
6154168,8,31,5440,1999,2376.0,0.0,0.49933500000000003,0.593879,ARG,BOL,121490
6154169,15,41,5440,1999,2689760.0,158084.0,1.836804,0.744312,AUT,CHE,121490
6154170,18,41,5440,1999,1138.0,0.0,1.512061,1.253478,BEL,CHE,121490
6154171,59,41,5440,1999,2643.0,0.0,1.412439,1.329385,CZE,CHE,121490
6154172,61,41,5440,1999,1163434.0,844078.0,2.334811,-2.060502,DEU,CHE,121490
6154173,71,41,5440,1999,8525.0,0.0,1.0849209999999998,1.9351180000000001,ESP,CHE,121490
6154174,77,41,5440,1999,2993777.0,267899.0,1.72758,0.6619079999999999,FRA,CHE,121490
6154175,81,41,5440,1999,1172.0,0.0,1.9523830000000002,0.771455,GBR,CHE,121490
6154176,111,41,5440,1999,171789.0,81113.0,1.395253,1.3589790000000002,ITA,CHE,121490
6154177,162,41,5440,1999,2622.0,5157.0,1.308776,1.574293,NLD,CHE,121490
6154178,179,41,5440,1999,4412.0,0.0,0.420538,1.379359,PRT,CHE,121490
6154179,14,43,5440,1999,18262.0,0.0,0.357101,0.8857879999999999,AUS,CHN,121490
6154180,23,43,5440,1999,0.0,9323.0,0.311033,1.7375040000000002,BGR,CHN,121490
6154181,39,43,5440,1999,162155.0,1692.0,1.083572,1.08026,CAN,CHN,121490
6154182,61,43,5440,1999,0.0,25118.0,2.334811,-2.060502,DEU,CHN,121490
6154183,77,43,5440,1999,3851.0,0.0,1.72758,0.6619079999999999,FRA,CHN,121490
6154184,90,43,5440,1999,0.0,19970.0,0.24943600000000002,1.172467,GRC,CHN,121490
6154185,97,43,5440,1999,21316.0,36530.0,0.387427,2.402434,HKG,CHN,121490
6154186,103,43,5440,1999,13073.0,36259.0,-0.20447,1.568505,IDN,CHN,121490
6154187,114,43,5440,1999,8420.0,10280848.0,2.541382,0.693702,JPN,CHN,121490
6154188,121,43,5440,1999,0.0,2987058.0,0.92448,1.053988,KOR,CHN,121490
6154189,145,43,5440,1999,13344.0,0.0,-0.557761,-0.8596280000000001,MNG,CHN,121490
6154190,153,43,5440,1999,0.0,59655.0,0.500591,0.136149,MYS,CHN,121490
6154191,162,43,5440,1999,0.0,10090.0,1.308776,1.574293,NLD,CHN,121490
6154192,178,43,5440,1999,0.0,85990.0,0.536814,0.980433,PRK,CHN,121490
6154193,186,43,5440,1999,0.0,4130.0,0.903308,0.590858,RUS,CHN,121490
6154194,192,43,5440,1999,0.0,2018.0,1.355833,0.594305,SGP,CHN,121490
6154195,231,43,5440,1999,323001.0,0.0,1.8755119999999998,0.5350729999999999,USA,CHN,121490
6154196,246,43,5440,1999,7728.0,0.0,0.543171,1.432792,ZAF,CHN,121490
6154197,249,43,5440,1999,1130.0,24620.0,1.336816,1.725334,TWN,CHN,121490
6154198,14,49,5440,1999,4959.0,0.0,0.357101,0.8857879999999999,AUS,COL,121490
6154199,231,49,5440,1999,0.0,2786.0,1.8755119999999998,0.5350729999999999,USA,COL,121490
6154200,39,52,5440,1999,5256.0,0.0,1.083572,1.08026,CAN,CRI,121490
6154201,4,61,5440,1999,13217.0,0.0,-0.281783,-0.10076399999999999,ALB,DEU,121490
6154202,7,61,5440,1999,0.0,3385.0,-0.21921,-0.54813,ARE,DEU,121490
6154203,14,61,5440,1999,522495.0,6895.0,0.357101,0.8857879999999999,AUS,DEU,121490
6154204,15,61,5440,1999,525453.0,905859.0,1.836804,0.744312,AUT,DEU,121490
6154205,18,61,5440,1999,191295.0,17504.0,1.512061,1.253478,BEL,DEU,121490
6154206,26,61,5440,1999,0.0,1124.0,0.366494,0.298229,BIH,DEU,121490
6154207,39,61,5440,1999,2575.0,1198.0,1.083572,1.08026,CAN,DEU,121490
6154208,41,61,5440,1999,844078.0,1163434.0,2.189934,0.741428,CHE,DEU,121490
6154209,43,61,5440,1999,25118.0,0.0,0.386094,3.270089,CHN,DEU,121490
6154210,59,61,5440,1999,546067.0,20633.0,1.412439,1.329385,CZE,DEU,121490
6154211,64,61,5440,1999,1843342.0,63187.0,1.264405,1.469627,DNK,DEU,121490
6154212,71,61,5440,1999,0.0,15889.0,1.0849209999999998,1.9351180000000001,ESP,DEU,121490
6154213,72,61,5440,1999,0.0,9942.0,0.502979,0.8847440000000001,EST,DEU,121490
6154214,74,61,5440,1999,0.0,11395.0,2.095642,0.966282,FIN,DEU,121490
6154215,77,61,5440,1999,2085721.0,19235.0,1.72758,0.6619079999999999,FRA,DEU,121490
6154216,81,61,5440,1999,16235.0,7828.0,1.9523830000000002,0.771455,GBR,DEU,121490
6154217,90,61,5440,1999,1215.0,29202.0,0.24943600000000002,1.172467,GRC,DEU,121490
6154218,97,61,5440,1999,0.0,1526.0,0.387427,2.402434,HKG,DEU,121490
6154219,100,61,5440,1999,22601.0,0.0,0.572934,0.9873639999999999,HRV,DEU,121490
6154220,102,61,5440,1999,12287.0,1259.0,0.794675,1.308337,HUN,DEU,121490
6154221,109,61,5440,1999,6409.0,0.0,0.377701,-0.355798,ISL,DEU,121490
6154222,111,61,5440,1999,34021.0,603324.0,1.395253,1.3589790000000002,ITA,DEU,121490
6154223,114,61,5440,1999,7957.0,3154.0,2.541382,0.693702,JPN,DEU,121490
6154224,131,61,5440,1999,2219.0,1041.0,1.499745,1.142951,LUX,DEU,121490
6154225,134,61,5440,1999,2434.0,1761.0,-0.659053,-0.142104,MAR,DEU,121490
6154226,153,61,5440,1999,33072.0,0.0,0.500591,0.136149,MYS,DEU,121490
6154227,162,61,5440,1999,1896827.0,336339.0,1.308776,1.574293,NLD,DEU,121490
6154228,177,61,5440,1999,139178.0,0.0,0.8512700000000001,1.8975229999999998,POL,DEU,121490
6154229,178,61,5440,1999,0.0,4420.0,0.536814,0.980433,PRK,DEU,121490
6154230,179,61,5440,1999,9155.0,139037.0,0.420538,1.379359,PRT,DEU,121490
6154231,186,61,5440,1999,1103.0,4319.0,0.903308,0.590858,RUS,DEU,121490
6154232,192,61,5440,1999,0.0,2105.0,1.355833,0.594305,SGP,DEU,121490
6154233,206,61,5440,1999,39813.0,1524.0,1.133942,1.105742,SVK,DEU,121490
6154234,207,61,5440,1999,0.0,5266.0,1.447589,1.284414,SVN,DEU,121490
6154235,208,61,5440,1999,0.0,8875.0,2.1456720000000002,0.856556,SWE,DEU,121490
6154236,231,61,5440,1999,64887.0,100037.0,1.8755119999999998,0.5350729999999999,USA,DEU,121490
6154237,246,61,5440,1999,0.0,1059.0,0.543171,1.432792,ZAF,DEU,121490
6154238,250,61,5440,1999,0.0,8163.0,1.130511,0.9547379999999999,ANS,DEU,121490
6154239,18,64,5440,1999,9236.0,0.0,1.512061,1.253478,BEL,DNK,121490
6154240,39,64,5440,1999,14027.0,0.0,1.083572,1.08026,CAN,DNK,121490
6154241,61,64,5440,1999,63187.0,1843342.0,2.334811,-2.060502,DEU,DNK,121490
6154242,71,64,5440,1999,0.0,100857.0,1.0849209999999998,1.9351180000000001,ESP,DNK,121490
6154243,72,64,5440,1999,0.0,5491.0,0.502979,0.8847440000000001,EST,DNK,121490
6154244,74,64,5440,1999,0.0,940102.0,2.095642,0.966282,FIN,DNK,121490
6154245,78,64,5440,1999,0.0,187515.0,-0.718961,-0.900609,FRO,DNK,121490
6154246,81,64,5440,1999,53502.0,792902.0,1.9523830000000002,0.771455,GBR,DNK,121490
6154247,92,64,5440,1999,0.0,2564.0,-0.832216,-0.906492,GRL,DNK,121490
6154248,130,64,5440,1999,0.0,7596.0,0.197536,0.5041899999999999,LTU,DNK,121490
6154249,132,64,5440,1999,0.0,2791.0,0.20633600000000002,0.324171,LVA,DNK,121490
6154250,162,64,5440,1999,59587.0,0.0,1.308776,1.574293,NLD,DNK,121490
6154251,163,64,5440,1999,1736.0,255142.0,1.1012959999999998,0.240184,NOR,DNK,121490
6154252,179,64,5440,1999,0.0,165599.0,0.420538,1.379359,PRT,DNK,121490
6154253,208,64,5440,1999,370934.0,233771.0,2.1456720000000002,0.856556,SWE,DNK,121490
6154254,231,64,5440,1999,0.0,495400.0,1.8755119999999998,0.5350729999999999,USA,DNK,121490
6154255,231,67,5440,1999,44894.0,1145.0,1.8755119999999998,0.5350729999999999,USA,ECU,121490
6154256,5,71,5440,1999,0.0,124156.0,0.98429,0.690354,AND,ESP,121490
6154257,7,71,5440,1999,0.0,745213.0,-0.21921,-0.54813,ARE,ESP,121490
6154258,14,71,5440,1999,25599122.0,0.0,0.357101,0.8857879999999999,AUS,ESP,121490
6154259,18,71,5440,1999,1819.0,1366.0,1.512061,1.253478,BEL,ESP,121490
6154260,41,71,5440,1999,0.0,8525.0,2.189934,0.741428,CHE,ESP,121490
6154261,42,71,5440,1999,423978.0,0.0,0.041013,-0.111553,CHL,ESP,121490
6154262,58,71,5440,1999,0.0,8161.0,0.508464,0.324706,CYP,ESP,121490
6154263,61,71,5440,1999,15889.0,0.0,2.334811,-2.060502,DEU,ESP,121490
6154264,64,71,5440,1999,100857.0,0.0,1.264405,1.469627,DNK,ESP,121490
6154265,77,71,5440,1999,633411.0,1107109.0,1.72758,0.6619079999999999,FRA,ESP,121490
6154266,81,71,5440,1999,66055.0,651245.0,1.9523830000000002,0.771455,GBR,ESP,121490
6154267,90,71,5440,1999,27179.0,16466.0,0.24943600000000002,1.172467,GRC,ESP,121490
6154268,110,71,5440,1999,0.0,201892.0,1.342593,0.781931,ISR,ESP,121490
6154269,111,71,5440,1999,438630.0,1412404.0,1.395253,1.3589790000000002,ITA,ESP,121490
6154270,114,71,5440,1999,0.0,122577.0,2.541382,0.693702,JPN,ESP,121490
6154271,121,71,5440,1999,0.0,68754.0,0.92448,1.053988,KOR,ESP,121490
6154272,134,71,5440,1999,141885.0,1207.0,-0.659053,-0.142104,MAR,ESP,121490
6154273,142,71,5440,1999,0.0,34854.0,0.9998450000000001,0.009412,MLT,ESP,121490
6154274,162,71,5440,1999,7531.0,114683.0,1.308776,1.574293,NLD,ESP,121490
6154275,179,71,5440,1999,1704294.0,1540640.0,0.420538,1.379359,PRT,ESP,121490
6154276,188,71,5440,1999,0.0,6730.0,0.553028,-0.527401,SAU,ESP,121490
6154277,224,71,5440,1999,261464.0,0.0,0.044692,1.745755,TUR,ESP,121490
6154278,226,71,5440,1999,2916.0,0.0,-1.068358,-0.54693,TZA,ESP,121490
6154279,231,71,5440,1999,1113.0,59810.0,1.8755119999999998,0.5350729999999999,USA,ESP,121490
6154280,61,72,5440,1999,9942.0,0.0,2.334811,-2.060502,DEU,EST,121490
6154281,64,72,5440,1999,5491.0,0.0,1.264405,1.469627,DNK,EST,121490
6154282,74,72,5440,1999,11879.0,89389.0,2.095642,0.966282,FIN,EST,121490
6154283,162,72,5440,1999,1131.0,0.0,1.308776,1.574293,NLD,EST,121490
6154284,208,72,5440,1999,0.0,2065.0,2.1456720000000002,0.856556,SWE,EST,121490
6154285,250,72,5440,1999,0.0,3448.0,1.130511,0.9547379999999999,ANS,EST,121490
6154286,7,73,5440,1999,0.0,1104.0,-0.21921,-0.54813,ARE,ETH,121490
6154287,62,73,5440,1999,0.0,224576.0,0.07838200000000001,-0.351435,DJI,ETH,121490
6154288,61,74,5440,1999,11395.0,0.0,2.334811,-2.060502,DEU,FIN,121490
6154289,64,74,5440,1999,940102.0,0.0,1.264405,1.469627,DNK,FIN,121490
6154290,68,74,5440,1999,205883.0,0.0,-0.311879,0.300746,EGY,FIN,121490
6154291,72,74,5440,1999,89389.0,11879.0,0.502979,0.8847440000000001,EST,FIN,121490
6154292,81,74,5440,1999,67877.0,0.0,1.9523830000000002,0.771455,GBR,FIN,121490
6154293,162,74,5440,1999,34787.0,0.0,1.308776,1.574293,NLD,FIN,121490
6154294,163,74,5440,1999,0.0,116535.0,1.1012959999999998,0.240184,NOR,FIN,121490
6154295,208,74,5440,1999,3157.0,42896.0,2.1456720000000002,0.856556,SWE,FIN,121490
6154296,231,74,5440,1999,192371.0,0.0,1.8755119999999998,0.5350729999999999,USA,FIN,121490
6154297,5,77,5440,1999,0.0,4270.0,0.98429,0.690354,AND,FRA,121490
6154298,7,77,5440,1999,0.0,167095.0,-0.21921,-0.54813,ARE,FRA,121490
6154299,14,77,5440,1999,0.0,10478.0,0.357101,0.8857879999999999,AUS,FRA,121490
6154300,15,77,5440,1999,0.0,4144.0,1.836804,0.744312,AUT,FRA,121490
6154301,18,77,5440,1999,186746.0,788928.0,1.512061,1.253478,BEL,FRA,121490
6154302,23,77,5440,1999,0.0,3039.0,0.311033,1.7375040000000002,BGR,FRA,121490
6154303,39,77,5440,1999,5446.0,0.0,1.083572,1.08026,CAN,FRA,121490
6154304,41,77,5440,1999,267899.0,2993777.0,2.189934,0.741428,CHE,FRA,121490
6154305,42,77,5440,1999,14667.0,0.0,0.041013,-0.111553,CHL,FRA,121490
6154306,43,77,5440,1999,0.0,3851.0,0.386094,3.270089,CHN,FRA,121490
6154307,61,77,5440,1999,19235.0,2085721.0,2.334811,-2.060502,DEU,FRA,121490
6154308,71,77,5440,1999,1107109.0,633411.0,1.0849209999999998,1.9351180000000001,ESP,FRA,121490
6154309,81,77,5440,1999,21830.0,830242.0,1.9523830000000002,0.771455,GBR,FRA,121490
6154310,85,77,5440,1999,0.0,26438.0,-1.950321,-1.269807,GIN,FRA,121490
6154311,97,77,5440,1999,0.0,28762.0,0.387427,2.402434,HKG,FRA,121490
6154312,106,77,5440,1999,0.0,59023.0,1.599613,0.37233299999999997,IRL,FRA,121490
6154313,111,77,5440,1999,185374.0,997988.0,1.395253,1.3589790000000002,ITA,FRA,121490
6154314,131,77,5440,1999,0.0,12998.0,1.499745,1.142951,LUX,FRA,121490
6154315,134,77,5440,1999,0.0,414932.0,-0.659053,-0.142104,MAR,FRA,121490
6154316,138,77,5440,1999,1514.0,0.0,0.581034,0.8399760000000001,MEX,FRA,121490
6154317,142,77,5440,1999,0.0,74482.0,0.9998450000000001,0.009412,MLT,FRA,121490
6154318,148,77,5440,1999,0.0,22769.0,-1.198078,-1.229277,MRT,FRA,121490
6154319,162,77,5440,1999,235594.0,459030.0,1.308776,1.574293,NLD,FRA,121490
6154320,163,77,5440,1999,0.0,80347.0,1.1012959999999998,0.240184,NOR,FRA,121490
6154321,179,77,5440,1999,96868.0,18047.0,0.420538,1.379359,PRT,FRA,121490
6154322,182,77,5440,1999,0.0,1821.0,0.281327,-0.624142,PYF,FRA,121490
6154323,188,77,5440,1999,0.0,3331.0,0.553028,-0.527401,SAU,FRA,121490
6154324,208,77,5440,1999,0.0,5742.0,2.1456720000000002,0.856556,SWE,FRA,121490
6154325,216,77,5440,1999,0.0,1720.0,0.20451,1.513533,THA,FRA,121490
6154326,223,77,5440,1999,0.0,24299.0,-0.317866,-0.102551,TUN,FRA,121490
6154327,236,77,5440,1999,1205.0,0.0,0.16454100000000002,-0.691021,VEN,FRA,121490
6154328,7,81,5440,1999,0.0,8883.0,-0.21921,-0.54813,ARE,GBR,121490
6154329,14,81,5440,1999,240674.0,0.0,0.357101,0.8857879999999999,AUS,GBR,121490
6154330,15,81,5440,1999,0.0,1899.0,1.836804,0.744312,AUT,GBR,121490
6154331,18,81,5440,1999,362055.0,8446.0,1.512061,1.253478,BEL,GBR,121490
6154332,39,81,5440,1999,817595.0,1862.0,1.083572,1.08026,CAN,GBR,121490
6154333,41,81,5440,1999,0.0,1172.0,2.189934,0.741428,CHE,GBR,121490
6154334,44,81,5440,1999,0.0,10820.0,-0.591892,-0.654457,CIV,GBR,121490
6154335,59,81,5440,1999,0.0,2036.0,1.412439,1.329385,CZE,GBR,121490
6154336,61,81,5440,1999,7828.0,16235.0,2.334811,-2.060502,DEU,GBR,121490
6154337,64,81,5440,1999,792902.0,53502.0,1.264405,1.469627,DNK,GBR,121490
6154338,68,81,5440,1999,0.0,59301.0,-0.311879,0.300746,EGY,GBR,121490
6154339,71,81,5440,1999,651245.0,66055.0,1.0849209999999998,1.9351180000000001,ESP,GBR,121490
6154340,74,81,5440,1999,0.0,67877.0,2.095642,0.966282,FIN,GBR,121490
6154341,77,81,5440,1999,830242.0,21830.0,1.72758,0.6619079999999999,FRA,GBR,121490
6154342,83,81,5440,1999,0.0,15858.0,-0.9444520000000001,-0.905826,GHA,GBR,121490
6154343,106,81,5440,1999,289895.0,105371.0,1.599613,0.37233299999999997,IRL,GBR,121490
6154344,110,81,5440,1999,0.0,2823.0,1.342593,0.781931,ISR,GBR,121490
6154345,111,81,5440,1999,0.0,6473.0,1.395253,1.3589790000000002,ITA,GBR,121490
6154346,114,81,5440,1999,0.0,33373.0,2.541382,0.693702,JPN,GBR,121490
6154347,122,81,5440,1999,0.0,1135.0,0.028312999999999998,-1.0742770000000001,KWT,GBR,121490
6154348,138,81,5440,1999,157605.0,0.0,0.581034,0.8399760000000001,MEX,GBR,121490
6154349,142,81,5440,1999,0.0,9904.0,0.9998450000000001,0.009412,MLT,GBR,121490
6154350,162,81,5440,1999,85732.0,9166.0,1.308776,1.574293,NLD,GBR,121490
6154351,163,81,5440,1999,0.0,6281.0,1.1012959999999998,0.240184,NOR,GBR,121490
6154352,177,81,5440,1999,0.0,2888.0,0.8512700000000001,1.8975229999999998,POL,GBR,121490
6154353,179,81,5440,1999,6455.0,12004.0,0.420538,1.379359,PRT,GBR,121490
6154354,188,81,5440,1999,0.0,20812.0,0.553028,-0.527401,SAU,GBR,121490
6154355,208,81,5440,1999,0.0,1793.0,2.1456720000000002,0.856556,SWE,GBR,121490
6154356,224,81,5440,1999,0.0,11333.0,0.044692,1.745755,TUR,GBR,121490
6154357,227,81,5440,1999,0.0,2043.0,-1.359508,-1.170077,UGA,GBR,121490
6154358,231,81,5440,1999,588259.0,1551.0,1.8755119999999998,0.5350729999999999,USA,GBR,121490
6154359,246,81,5440,1999,15530.0,0.0,0.543171,1.432792,ZAF,GBR,121490
6154360,42,90,5440,1999,10578.0,0.0,0.041013,-0.111553,CHL,GRC,121490
6154361,43,90,5440,1999,19970.0,0.0,0.386094,3.270089,CHN,GRC,121490
6154362,58,90,5440,1999,0.0,2204.0,0.508464,0.324706,CYP,GRC,121490
6154363,61,90,5440,1999,29202.0,1215.0,2.334811,-2.060502,DEU,GRC,121490
6154364,71,90,5440,1999,16466.0,27179.0,1.0849209999999998,1.9351180000000001,ESP,GRC,121490
6154365,111,90,5440,1999,378314.0,22150.0,1.395253,1.3589790000000002,ITA,GRC,121490
6154366,126,90,5440,1999,0.0,477500.0,-0.269375,-1.145758,LBY,GRC,121490
6154367,162,90,5440,1999,1767.0,0.0,1.308776,1.574293,NLD,GRC,121490
6154368,189,90,5440,1999,48662.0,933.0,0.607596,2.222456,SCG,GRC,121490
6154369,224,90,5440,1999,336624.0,0.0,0.044692,1.745755,TUR,GRC,121490
6154370,231,90,5440,1999,0.0,4588.0,1.8755119999999998,0.5350729999999999,USA,GRC,121490
6154371,42,96,5440,1999,7127.0,0.0,0.041013,-0.111553,CHL,GUY,121490
6154372,14,97,5440,1999,209742.0,0.0,0.357101,0.8857879999999999,AUS,HKG,121490
6154373,43,97,5440,1999,36530.0,21316.0,0.386094,3.270089,CHN,HKG,121490
6154374,61,97,5440,1999,1526.0,0.0,2.334811,-2.060502,DEU,HKG,121490
6154375,77,97,5440,1999,28762.0,0.0,1.72758,0.6619079999999999,FRA,HKG,121490
6154376,231,97,5440,1999,204547.0,0.0,1.8755119999999998,0.5350729999999999,USA,HKG,121490
6154377,249,97,5440,1999,18014.0,0.0,1.336816,1.725334,TWN,HKG,121490
6154378,14,103,5440,1999,281820.0,0.0,0.357101,0.8857879999999999,AUS,IDN,121490
6154379,43,103,5440,1999,36259.0,13073.0,0.386094,3.270089,CHN,IDN,121490
6154380,114,103,5440,1999,0.0,152457.0,2.541382,0.693702,JPN,IDN,121490
6154381,116,103,5440,1999,0.0,1066.0,-0.336125,0.43983999999999995,KEN,IDN,121490
6154382,153,103,5440,1999,0.0,76437.0,0.500591,0.136149,MYS,IDN,121490
6154383,192,103,5440,1999,0.0,2503.0,1.355833,0.594305,SGP,IDN,121490
6154384,216,103,5440,1999,1634.0,0.0,0.20451,1.513533,THA,IDN,121490
6154385,249,103,5440,1999,3007.0,0.0,1.336816,1.725334,TWN,IDN,121490
6154386,39,106,5440,1999,40312.0,0.0,1.083572,1.08026,CAN,IRL,121490
6154387,77,106,5440,1999,59023.0,0.0,1.72758,0.6619079999999999,FRA,IRL,121490
6154388,81,106,5440,1999,105371.0,289895.0,1.9523830000000002,0.771455,GBR,IRL,121490
6154389,162,106,5440,1999,35795.0,0.0,1.308776,1.574293,NLD,IRL,121490
6154390,208,106,5440,1999,0.0,2098.0,2.1456720000000002,0.856556,SWE,IRL,121490
6154391,231,106,5440,1999,30039.0,0.0,1.8755119999999998,0.5350729999999999,USA,IRL,121490
6154392,7,111,5440,1999,0.0,44775.0,-0.21921,-0.54813,ARE,ITA,121490
6154393,8,111,5440,1999,19701.0,0.0,0.49933500000000003,0.593879,ARG,ITA,121490
6154394,14,111,5440,1999,605927.0,2182.0,0.357101,0.8857879999999999,AUS,ITA,121490
6154395,15,111,5440,1999,740100.0,35833.0,1.836804,0.744312,AUT,ITA,121490
6154396,18,111,5440,1999,1914.0,10664.0,1.512061,1.253478,BEL,ITA,121490
6154397,26,111,5440,1999,0.0,53262.0,0.366494,0.298229,BIH,ITA,121490
6154398,32,111,5440,1999,0.0,27652.0,0.762468,1.191759,BRA,ITA,121490
6154399,39,111,5440,1999,34537.0,5052.0,1.083572,1.08026,CAN,ITA,121490
6154400,41,111,5440,1999,81113.0,171789.0,2.189934,0.741428,CHE,ITA,121490
6154401,42,111,5440,1999,84475.0,0.0,0.041013,-0.111553,CHL,ITA,121490
6154402,58,111,5440,1999,0.0,450543.0,0.508464,0.324706,CYP,ITA,121490
6154403,59,111,5440,1999,13193.0,0.0,1.412439,1.329385,CZE,ITA,121490
6154404,61,111,5440,1999,603324.0,34021.0,2.334811,-2.060502,DEU,ITA,121490
6154405,66,111,5440,1999,0.0,127283.0,-0.701764,-1.175132,DZA,ITA,121490
6154406,71,111,5440,1999,1412404.0,438630.0,1.0849209999999998,1.9351180000000001,ESP,ITA,121490
6154407,77,111,5440,1999,997988.0,185374.0,1.72758,0.6619079999999999,FRA,ITA,121490
6154408,81,111,5440,1999,6473.0,0.0,1.9523830000000002,0.771455,GBR,ITA,121490
6154409,90,111,5440,1999,22150.0,378314.0,0.24943600000000002,1.172467,GRC,ITA,121490
6154410,100,111,5440,1999,6685.0,27726.0,0.572934,0.9873639999999999,HRV,ITA,121490
6154411,102,111,5440,1999,77536.0,9802.0,0.794675,1.308337,HUN,ITA,121490
6154412,110,111,5440,1999,0.0,517391.0,1.342593,0.781931,ISR,ITA,121490
6154413,121,111,5440,1999,0.0,133520.0,0.92448,1.053988,KOR,ITA,121490
6154414,124,111,5440,1999,0.0,9425.0,0.264151,0.767188,LBN,ITA,121490
6154415,134,111,5440,1999,0.0,2509296.0,-0.659053,-0.142104,MAR,ITA,121490
6154416,138,111,5440,1999,7338.0,0.0,0.581034,0.8399760000000001,MEX,ITA,121490
6154417,142,111,5440,1999,0.0,156767.0,0.9998450000000001,0.009412,MLT,ITA,121490
6154418,162,111,5440,1999,67902.0,8358.0,1.308776,1.574293,NLD,ITA,121490
6154419,177,111,5440,1999,17796.0,0.0,0.8512700000000001,1.8975229999999998,POL,ITA,121490
6154420,179,111,5440,1999,20151.0,56210.0,0.420538,1.379359,PRT,ITA,121490
6154421,185,111,5440,1999,0.0,24610.0,0.253874,0.8322709999999999,ROU,ITA,121490
6154422,207,111,5440,1999,90389.0,37450.0,1.447589,1.284414,SVN,ITA,121490
6154423,223,111,5440,1999,0.0,2464782.0,-0.317866,-0.102551,TUN,ITA,121490
6154424,224,111,5440,1999,60720.0,0.0,0.044692,1.745755,TUR,ITA,121490
6154425,230,111,5440,1999,17834.0,0.0,0.26815700000000003,0.307394,URY,ITA,121490
6154426,231,111,5440,1999,3051.0,0.0,1.8755119999999998,0.5350729999999999,USA,ITA,121490
6154427,249,111,5440,1999,0.0,28502.0,1.336816,1.725334,TWN,ITA,121490
6154428,250,111,5440,1999,0.0,1367.0,1.130511,0.9547379999999999,ANS,ITA,121490
6154429,39,112,5440,1999,18892.0,0.0,1.083572,1.08026,CAN,JAM,121490
6154430,231,112,5440,1999,13378.0,0.0,1.8755119999999998,0.5350729999999999,USA,JAM,121490
6154431,14,121,5440,1999,362645.0,0.0,0.357101,0.8857879999999999,AUS,KOR,121490
6154432,39,121,5440,1999,2209932.0,0.0,1.083572,1.08026,CAN,KOR,121490
6154433,42,121,5440,1999,155331.0,0.0,0.041013,-0.111553,CHL,KOR,121490
6154434,43,121,5440,1999,2987058.0,0.0,0.386094,3.270089,CHN,KOR,121490
6154435,71,121,5440,1999,68754.0,0.0,1.0849209999999998,1.9351180000000001,ESP,KOR,121490
6154436,111,121,5440,1999,133520.0,0.0,1.395253,1.3589790000000002,ITA,KOR,121490
6154437,114,121,5440,1999,28549.0,37233.0,2.541382,0.693702,JPN,KOR,121490
6154438,174,121,5440,1999,3269.0,0.0,-0.401903,-0.333408,PHL,KOR,121490
6154439,231,121,5440,1999,18448264.0,0.0,1.8755119999999998,0.5350729999999999,USA,KOR,121490
6154440,249,121,5440,1999,14077.0,61138.0,1.336816,1.725334,TWN,KOR,121490
6154441,77,138,5440,1999,0.0,1514.0,1.72758,0.6619079999999999,FRA,MEX,121490
6154442,81,138,5440,1999,0.0,157605.0,1.9523830000000002,0.771455,GBR,MEX,121490
6154443,104,138,5440,1999,46301.0,0.0,0.29945900000000003,2.438702,IND,MEX,121490
6154444,111,138,5440,1999,0.0,7338.0,1.395253,1.3589790000000002,ITA,MEX,121490
6154445,114,138,5440,1999,0.0,543402.0,2.541382,0.693702,JPN,MEX,121490
6154446,160,138,5440,1999,0.0,1065.0,-0.677654,-0.72253,NIC,MEX,121490
6154447,162,138,5440,1999,0.0,17819.0,1.308776,1.574293,NLD,MEX,121490
6154448,216,138,5440,1999,732877.0,0.0,0.20451,1.513533,THA,MEX,121490
6154449,230,138,5440,1999,24273.0,0.0,0.26815700000000003,0.307394,URY,MEX,121490
6154450,231,138,5440,1999,454867.0,33595.0,1.8755119999999998,0.5350729999999999,USA,MEX,121490
6154451,249,138,5440,1999,2785.0,0.0,1.336816,1.725334,TWN,MEX,121490
6154452,14,153,5440,1999,170955.0,0.0,0.357101,0.8857879999999999,AUS,MYS,121490
6154453,39,153,5440,1999,0.0,48236.0,1.083572,1.08026,CAN,MYS,121490
6154454,43,153,5440,1999,59655.0,0.0,0.386094,3.270089,CHN,MYS,121490
6154455,61,153,5440,1999,0.0,33072.0,2.334811,-2.060502,DEU,MYS,121490
6154456,103,153,5440,1999,76437.0,0.0,-0.20447,1.568505,IDN,MYS,121490
6154457,188,153,5440,1999,0.0,189254.0,0.553028,-0.527401,SAU,MYS,121490
6154458,192,153,5440,1999,6171.0,1686.0,1.355833,0.594305,SGP,MYS,121490
6154459,231,153,5440,1999,13446.0,0.0,1.8755119999999998,0.5350729999999999,USA,MYS,121490
6154460,249,153,5440,1999,8405.0,0.0,1.336816,1.725334,TWN,MYS,121490
6154461,99,160,5440,1999,0.0,947.0,-0.8858290000000001,-0.530034,HND,NIC,121490
6154462,138,160,5440,1999,1065.0,0.0,0.581034,0.8399760000000001,MEX,NIC,121490
6154463,197,160,5440,1999,0.0,14030.0,-0.263572,-0.121576,SLV,NIC,121490
6154464,6,162,5440,1999,0.0,7485.0,0.266874,-0.5122220000000001,ANT,NLD,121490
6154465,14,162,5440,1999,137964.0,0.0,0.357101,0.8857879999999999,AUS,NLD,121490
6154466,15,162,5440,1999,0.0,1361.0,1.836804,0.744312,AUT,NLD,121490
6154467,18,162,5440,1999,87492.0,244084.0,1.512061,1.253478,BEL,NLD,121490
6154468,39,162,5440,1999,17446.0,0.0,1.083572,1.08026,CAN,NLD,121490
6154469,41,162,5440,1999,5157.0,2622.0,2.189934,0.741428,CHE,NLD,121490
6154470,43,162,5440,1999,10090.0,0.0,0.386094,3.270089,CHN,NLD,121490
6154471,51,162,5440,1999,0.0,5583.0,0.783048,-0.442508,CPV,NLD,121490
6154472,61,162,5440,1999,336339.0,1896827.0,2.334811,-2.060502,DEU,NLD,121490
6154473,64,162,5440,1999,0.0,59587.0,1.264405,1.469627,DNK,NLD,121490
6154474,71,162,5440,1999,114683.0,7531.0,1.0849209999999998,1.9351180000000001,ESP,NLD,121490
6154475,72,162,5440,1999,0.0,1131.0,0.502979,0.8847440000000001,EST,NLD,121490
6154476,74,162,5440,1999,0.0,34787.0,2.095642,0.966282,FIN,NLD,121490
6154477,77,162,5440,1999,459030.0,235594.0,1.72758,0.6619079999999999,FRA,NLD,121490
6154478,81,162,5440,1999,9166.0,85732.0,1.9523830000000002,0.771455,GBR,NLD,121490
6154479,90,162,5440,1999,0.0,1767.0,0.24943600000000002,1.172467,GRC,NLD,121490
6154480,100,162,5440,1999,0.0,1629.0,0.572934,0.9873639999999999,HRV,NLD,121490
6154481,102,162,5440,1999,9799.0,0.0,0.794675,1.308337,HUN,NLD,121490
6154482,106,162,5440,1999,0.0,35795.0,1.599613,0.37233299999999997,IRL,NLD,121490
6154483,111,162,5440,1999,8358.0,67902.0,1.395253,1.3589790000000002,ITA,NLD,121490
6154484,114,162,5440,1999,0.0,9152.0,2.541382,0.693702,JPN,NLD,121490
6154485,115,162,5440,1999,0.0,1946.0,-0.035315,-0.514845,KAZ,NLD,121490
6154486,131,162,5440,1999,44476.0,2312.0,1.499745,1.142951,LUX,NLD,121490
6154487,134,162,5440,1999,2807.0,17694.0,-0.659053,-0.142104,MAR,NLD,121490
6154488,138,162,5440,1999,17819.0,0.0,0.581034,0.8399760000000001,MEX,NLD,121490
6154489,142,162,5440,1999,0.0,3422.0,0.9998450000000001,0.009412,MLT,NLD,121490
6154490,163,162,5440,1999,0.0,64130.0,1.1012959999999998,0.240184,NOR,NLD,121490
6154491,177,162,5440,1999,262168.0,0.0,0.8512700000000001,1.8975229999999998,POL,NLD,121490
6154492,179,162,5440,1999,0.0,139258.0,0.420538,1.379359,PRT,NLD,121490
6154493,188,162,5440,1999,0.0,11324.0,0.553028,-0.527401,SAU,NLD,121490
6154494,192,162,5440,1999,0.0,1077.0,1.355833,0.594305,SGP,NLD,121490
6154495,207,162,5440,1999,0.0,7145.0,1.447589,1.284414,SVN,NLD,121490
6154496,208,162,5440,1999,0.0,115964.0,2.1456720000000002,0.856556,SWE,NLD,121490
6154497,231,162,5440,1999,1958.0,6316.0,1.8755119999999998,0.5350729999999999,USA,NLD,121490
6154498,18,163,5440,1999,0.0,2044.0,1.512061,1.253478,BEL,NOR,121490
6154499,39,163,5440,1999,52091.0,0.0,1.083572,1.08026,CAN,NOR,121490
6154500,64,163,5440,1999,255142.0,1736.0,1.264405,1.469627,DNK,NOR,121490
6154501,74,163,5440,1999,116535.0,0.0,2.095642,0.966282,FIN,NOR,121490
6154502,77,163,5440,1999,80347.0,0.0,1.72758,0.6619079999999999,FRA,NOR,121490
6154503,78,163,5440,1999,0.0,4796.0,-0.718961,-0.900609,FRO,NOR,121490
6154504,81,163,5440,1999,6281.0,0.0,1.9523830000000002,0.771455,GBR,NOR,121490
6154505,109,163,5440,1999,21435.0,0.0,0.377701,-0.355798,ISL,NOR,121490
6154506,162,163,5440,1999,64130.0,0.0,1.308776,1.574293,NLD,NOR,121490
6154507,166,163,5440,1999,2147.0,0.0,0.592051,0.780176,NZL,NOR,121490
6154508,208,163,5440,1999,1687196.0,4642.0,2.1456720000000002,0.856556,SWE,NOR,121490
6154509,14,169,5440,1999,4212.0,0.0,0.357101,0.8857879999999999,AUS,PAN,121490
6154510,231,169,5440,1999,1866.0,0.0,1.8755119999999998,0.5350729999999999,USA,PAN,121490
6154511,249,173,5440,1999,0.0,3702.0,1.336816,1.725334,TWN,PER,121490
6154512,14,174,5440,1999,803050.0,0.0,0.357101,0.8857879999999999,AUS,PHL,121490
6154513,23,174,5440,1999,3906.0,0.0,0.311033,1.7375040000000002,BGR,PHL,121490
6154514,121,174,5440,1999,0.0,3269.0,0.92448,1.053988,KOR,PHL,121490
6154515,188,174,5440,1999,0.0,2571.0,0.553028,-0.527401,SAU,PHL,121490
6154516,231,174,5440,1999,38648.0,0.0,1.8755119999999998,0.5350729999999999,USA,PHL,121490
6154517,249,174,5440,1999,41377.0,0.0,1.336816,1.725334,TWN,PHL,121490
6154518,5,179,5440,1999,0.0,1497.0,0.98429,0.690354,AND,PRT,121490
6154519,14,179,5440,1999,43925.0,0.0,0.357101,0.8857879999999999,AUS,PRT,121490
6154520,18,179,5440,1999,3999.0,0.0,1.512061,1.253478,BEL,PRT,121490
6154521,39,179,5440,1999,0.0,28180.0,1.083572,1.08026,CAN,PRT,121490
6154522,41,179,5440,1999,0.0,4412.0,2.189934,0.741428,CHE,PRT,121490
6154523,42,179,5440,1999,200346.0,0.0,0.041013,-0.111553,CHL,PRT,121490
6154524,61,179,5440,1999,139037.0,9155.0,2.334811,-2.060502,DEU,PRT,121490
6154525,64,179,5440,1999,165599.0,0.0,1.264405,1.469627,DNK,PRT,121490
6154526,71,179,5440,1999,1540640.0,1704294.0,1.0849209999999998,1.9351180000000001,ESP,PRT,121490
6154527,77,179,5440,1999,18047.0,96868.0,1.72758,0.6619079999999999,FRA,PRT,121490
6154528,81,179,5440,1999,12004.0,6455.0,1.9523830000000002,0.771455,GBR,PRT,121490
6154529,111,179,5440,1999,56210.0,20151.0,1.395253,1.3589790000000002,ITA,PRT,121490
6154530,131,179,5440,1999,0.0,1550.0,1.499745,1.142951,LUX,PRT,121490
6154531,147,179,5440,1999,0.0,3963.0,-0.35994699999999996,-0.725301,MOZ,PRT,121490
6154532,162,179,5440,1999,139258.0,0.0,1.308776,1.574293,NLD,PRT,121490
6154533,166,179,5440,1999,31015.0,0.0,0.592051,0.780176,NZL,PRT,121490
6154534,224,179,5440,1999,3338.0,0.0,0.044692,1.745755,TUR,PRT,121490
6154535,231,179,5440,1999,0.0,3297.0,1.8755119999999998,0.5350729999999999,USA,PRT,121490
6154536,246,179,5440,1999,18876.0,1344.0,0.543171,1.432792,ZAF,PRT,121490
6154537,114,190,5440,1999,0.0,16484.0,2.541382,0.693702,JPN,SDN,121490
6154538,188,190,5440,1999,0.0,110419.0,0.553028,-0.527401,SAU,SDN,121490
6154539,14,192,5440,1999,663824.0,0.0,0.357101,0.8857879999999999,AUS,SGP,121490
6154540,43,192,5440,1999,2018.0,0.0,0.386094,3.270089,CHN,SGP,121490
6154541,61,192,5440,1999,2105.0,0.0,2.334811,-2.060502,DEU,SGP,121490
6154542,103,192,5440,1999,2503.0,0.0,-0.20447,1.568505,IDN,SGP,121490
6154543,104,192,5440,1999,4293.0,0.0,0.29945900000000003,2.438702,IND,SGP,121490
6154544,153,192,5440,1999,1686.0,6171.0,0.500591,0.136149,MYS,SGP,121490
6154545,162,192,5440,1999,1077.0,0.0,1.308776,1.574293,NLD,SGP,121490
6154546,231,192,5440,1999,5574.0,0.0,1.8755119999999998,0.5350729999999999,USA,SGP,121490
6154547,249,192,5440,1999,1257.0,0.0,1.336816,1.725334,TWN,SGP,121490
6154548,160,197,5440,1999,14030.0,0.0,-0.677654,-0.72253,NIC,SLV,121490
6154549,14,208,5440,1999,3810.0,0.0,0.357101,0.8857879999999999,AUS,SWE,121490
6154550,59,208,5440,1999,1524.0,0.0,1.412439,1.329385,CZE,SWE,121490
6154551,61,208,5440,1999,8875.0,0.0,2.334811,-2.060502,DEU,SWE,121490
6154552,64,208,5440,1999,233771.0,370934.0,1.264405,1.469627,DNK,SWE,121490
6154553,72,208,5440,1999,2065.0,0.0,0.502979,0.8847440000000001,EST,SWE,121490
6154554,74,208,5440,1999,42896.0,3157.0,2.095642,0.966282,FIN,SWE,121490
6154555,77,208,5440,1999,5742.0,0.0,1.72758,0.6619079999999999,FRA,SWE,121490
6154556,81,208,5440,1999,1793.0,0.0,1.9523830000000002,0.771455,GBR,SWE,121490
6154557,106,208,5440,1999,2098.0,0.0,1.599613,0.37233299999999997,IRL,SWE,121490
6154558,142,208,5440,1999,0.0,10364.0,0.9998450000000001,0.009412,MLT,SWE,121490
6154559,162,208,5440,1999,115964.0,0.0,1.308776,1.574293,NLD,SWE,121490
6154560,163,208,5440,1999,4642.0,1687196.0,1.1012959999999998,0.240184,NOR,SWE,121490
6154561,177,208,5440,1999,61233.0,0.0,0.8512700000000001,1.8975229999999998,POL,SWE,121490
6154562,231,208,5440,1999,28117.0,0.0,1.8755119999999998,0.5350729999999999,USA,SWE,121490
6154563,14,216,5440,1999,29682.0,0.0,0.357101,0.8857879999999999,AUS,THA,121490
6154564,39,216,5440,1999,0.0,1783.0,1.083572,1.08026,CAN,THA,121490
6154565,77,216,5440,1999,1720.0,0.0,1.72758,0.6619079999999999,FRA,THA,121490
6154566,103,216,5440,1999,0.0,1634.0,-0.20447,1.568505,IDN,THA,121490
6154567,104,216,5440,1999,0.0,124694.0,0.29945900000000003,2.438702,IND,THA,121490
6154568,114,216,5440,1999,0.0,90176.0,2.541382,0.693702,JPN,THA,121490
6154569,138,216,5440,1999,0.0,732877.0,0.581034,0.8399760000000001,MEX,THA,121490
6154570,188,216,5440,1999,0.0,5786.0,0.553028,-0.527401,SAU,THA,121490
6154571,231,216,5440,1999,0.0,2142605.0,1.8755119999999998,0.5350729999999999,USA,THA,121490
6154572,249,216,5440,1999,0.0,2456.0,1.336816,1.725334,TWN,THA,121490
6154573,16,224,5440,1999,0.0,9380.0,-0.076295,-0.742161,AZE,TUR,121490
6154574,58,224,5440,1999,0.0,2916.0,0.508464,0.324706,CYP,TUR,121490
6154575,71,224,5440,1999,0.0,261464.0,1.0849209999999998,1.9351180000000001,ESP,TUR,121490
6154576,81,224,5440,1999,11333.0,0.0,1.9523830000000002,0.771455,GBR,TUR,121490
6154577,82,224,5440,1999,0.0,4653.0,0.50297,0.042010000000000006,GEO,TUR,121490
6154578,90,224,5440,1999,0.0,336624.0,0.24943600000000002,1.172467,GRC,TUR,121490
6154579,111,224,5440,1999,0.0,60720.0,1.395253,1.3589790000000002,ITA,TUR,121490
6154580,122,224,5440,1999,0.0,8182.0,0.028312999999999998,-1.0742770000000001,KWT,TUR,121490
6154581,124,224,5440,1999,0.0,11998.0,0.264151,0.767188,LBN,TUR,121490
6154582,179,224,5440,1999,0.0,3338.0,0.420538,1.379359,PRT,TUR,121490
6154583,250,224,5440,1999,0.0,109109.0,1.130511,0.9547379999999999,ANS,TUR,121490
6154584,111,230,5440,1999,0.0,17834.0,1.395253,1.3589790000000002,ITA,URY,121490
6154585,138,230,5440,1999,0.0,24273.0,0.581034,0.8399760000000001,MEX,URY,121490
6154586,231,230,5440,1999,4937.0,0.0,1.8755119999999998,0.5350729999999999,USA,URY,121490
6154587,4,231,5440,1999,5043.0,0.0,-0.281783,-0.10076399999999999,ALB,USA,121490
6154588,6,231,5440,1999,0.0,84518.0,0.266874,-0.5122220000000001,ANT,USA,121490
6154589,7,231,5440,1999,0.0,1854015.0,-0.21921,-0.54813,ARE,USA,121490
6154590,13,231,5440,1999,0.0,1817.0,0.6179140000000001,0.156854,ATG,USA,121490
6154591,14,231,5440,1999,7583.0,17171.0,0.357101,0.8857879999999999,AUS,USA,121490
6154592,23,231,5440,1999,8630.0,0.0,0.311033,1.7375040000000002,BGR,USA,121490
6154593,25,231,5440,1999,0.0,42398.0,0.91869,-0.152588,BHS,USA,121490
6154594,29,231,5440,1999,0.0,486111.0,-0.5603319999999999,-0.838239,BLZ,USA,121490
6154595,30,231,5440,1999,0.0,7703.0,0.659772,-0.357746,BMU,USA,121490
6154596,32,231,5440,1999,0.0,1863.0,0.762468,1.191759,BRA,USA,121490
6154597,39,231,5440,1999,12477383.0,4585826.0,1.083572,1.08026,CAN,USA,121490
6154598,42,231,5440,1999,13544.0,0.0,0.041013,-0.111553,CHL,USA,121490
6154599,43,231,5440,1999,0.0,323001.0,0.386094,3.270089,CHN,USA,121490
6154600,49,231,5440,1999,2786.0,0.0,0.190667,0.136271,COL,USA,121490
6154601,57,231,5440,1999,7181.0,0.0,0.909416,-0.6302800000000001,CYM,USA,121490
6154602,61,231,5440,1999,100037.0,64887.0,2.334811,-2.060502,DEU,USA,121490
6154603,64,231,5440,1999,495400.0,0.0,1.264405,1.469627,DNK,USA,121490
6154604,65,231,5440,1999,0.0,7553.0,-0.60436,-0.674701,DOM,USA,121490
6154605,67,231,5440,1999,1145.0,44894.0,-0.8875299999999999,-0.9117879999999999,ECU,USA,121490
6154606,71,231,5440,1999,59810.0,1113.0,1.0849209999999998,1.9351180000000001,ESP,USA,121490
6154607,74,231,5440,1999,0.0,192371.0,2.095642,0.966282,FIN,USA,121490
6154608,78,231,5440,1999,0.0,164124.0,-0.718961,-0.900609,FRO,USA,121490
6154609,81,231,5440,1999,1551.0,588259.0,1.9523830000000002,0.771455,GBR,USA,121490
6154610,82,231,5440,1999,0.0,5983.0,0.50297,0.042010000000000006,GEO,USA,121490
6154611,90,231,5440,1999,4588.0,0.0,0.24943600000000002,1.172467,GRC,USA,121490
6154612,97,231,5440,1999,0.0,204547.0,0.387427,2.402434,HKG,USA,121490
6154613,99,231,5440,1999,0.0,17721.0,-0.8858290000000001,-0.530034,HND,USA,121490
6154614,104,231,5440,1999,0.0,27903.0,0.29945900000000003,2.438702,IND,USA,121490
6154615,106,231,5440,1999,0.0,30039.0,1.599613,0.37233299999999997,IRL,USA,121490
6154616,111,231,5440,1999,0.0,3051.0,1.395253,1.3589790000000002,ITA,USA,121490
6154617,112,231,5440,1999,0.0,13378.0,-0.852468,-0.9670290000000001,JAM,USA,121490
6154618,114,231,5440,1999,128371.0,259265808.0,2.541382,0.693702,JPN,USA,121490
6154619,121,231,5440,1999,0.0,18448264.0,0.92448,1.053988,KOR,USA,121490
6154620,127,231,5440,1999,0.0,1836.0,-0.129026,-0.630046,LCA,USA,121490
6154621,133,231,5440,1999,0.0,48576.0,-0.365239,-0.380913,MAC,USA,121490
6154622,134,231,5440,1999,0.0,757038.0,-0.659053,-0.142104,MAR,USA,121490
6154623,138,231,5440,1999,33595.0,454867.0,0.581034,0.8399760000000001,MEX,USA,121490
6154624,139,231,5440,1999,0.0,23196.0,0.287285,-0.757613,MHL,USA,121490
6154625,153,231,5440,1999,0.0,13446.0,0.500591,0.136149,MYS,USA,121490
6154626,162,231,5440,1999,6316.0,1958.0,1.308776,1.574293,NLD,USA,121490
6154627,166,231,5440,1999,3036.0,18617.0,0.592051,0.780176,NZL,USA,121490
6154628,167,231,5440,1999,0.0,2210.0,-0.6801510000000001,-1.146403,OMN,USA,121490
6154629,168,231,5440,1999,0.0,6147.0,-1.047891,-0.525612,PAK,USA,121490
6154630,169,231,5440,1999,0.0,1866.0,0.126144,0.491986,PAN,USA,121490
6154631,174,231,5440,1999,0.0,38648.0,-0.401903,-0.333408,PHL,USA,121490
6154632,179,231,5440,1999,3297.0,0.0,0.420538,1.379359,PRT,USA,121490
6154633,182,231,5440,1999,0.0,6193.0,0.281327,-0.624142,PYF,USA,121490
6154634,188,231,5440,1999,0.0,36470.0,0.553028,-0.527401,SAU,USA,121490
6154635,192,231,5440,1999,0.0,5574.0,1.355833,0.594305,SGP,USA,121490
6154636,206,231,5440,1999,0.0,11707.0,1.133942,1.105742,SVK,USA,121490
6154637,208,231,5440,1999,0.0,28117.0,2.1456720000000002,0.856556,SWE,USA,121490
6154638,216,231,5440,1999,2142605.0,0.0,0.20451,1.513533,THA,USA,121490
6154639,217,231,5440,1999,0.0,11338.0,-0.752378,-1.0268389999999998,TJK,USA,121490
6154640,223,231,5440,1999,0.0,15481.0,-0.317866,-0.102551,TUN,USA,121490
6154641,226,231,5440,1999,12509.0,0.0,-1.068358,-0.54693,TZA,USA,121490
6154642,230,231,5440,1999,0.0,4937.0,0.26815700000000003,0.307394,URY,USA,121490
6154643,236,231,5440,1999,0.0,48729.0,0.16454100000000002,-0.691021,VEN,USA,121490
6154644,246,231,5440,1999,2292.0,294099.0,0.543171,1.432792,ZAF,USA,121490
6154645,249,231,5440,1999,0.0,15194306.0,1.336816,1.725334,TWN,USA,121490
6154646,42,236,5440,1999,32951.0,0.0,0.041013,-0.111553,CHL,VEN,121490
6154647,77,236,5440,1999,0.0,1205.0,1.72758,0.6619079999999999,FRA,VEN,121490
6154648,231,236,5440,1999,48729.0,0.0,1.8755119999999998,0.5350729999999999,USA,VEN,121490
6154649,7,14,5440,1999,0.0,783226.0,-0.21921,-0.54813,ARE,AUS,121490
6154650,8,14,5440,1999,0.0,20106.0,0.49933500000000003,0.593879,ARG,AUS,121490
6154651,18,14,5440,1999,0.0,145087.0,1.512061,1.253478,BEL,AUS,121490
6154652,22,14,5440,1999,0.0,171921.0,-1.258857,-1.140375,BGD,AUS,121490
6154653,24,14,5440,1999,0.0,74261.0,-0.034526,-0.8887200000000001,BHR,AUS,121490
6154654,34,14,5440,1999,0.0,120911.0,-1.417607,-1.011226,BRN,AUS,121490
6154655,39,14,5440,1999,0.0,34282.0,1.083572,1.08026,CAN,AUS,121490
6154656,43,14,5440,1999,0.0,18262.0,0.386094,3.270089,CHN,AUS,121490
6154657,49,14,5440,1999,0.0,4959.0,0.190667,0.136271,COL,AUS,121490
6154658,61,14,5440,1999,6895.0,522495.0,2.334811,-2.060502,DEU,AUS,121490
6154659,62,14,5440,1999,0.0,38766.0,0.07838200000000001,-0.351435,DJI,AUS,121490
6154660,68,14,5440,1999,0.0,136370.0,-0.311879,0.300746,EGY,AUS,121490
6154661,71,14,5440,1999,0.0,25599122.0,1.0849209999999998,1.9351180000000001,ESP,AUS,121490
6154662,75,14,5440,1999,0.0,45136.0,-1.101748,-0.847409,FJI,AUS,121490
6154663,77,14,5440,1999,10478.0,0.0,1.72758,0.6619079999999999,FRA,AUS,121490
6154664,79,14,5440,1999,0.0,133982.0,-1.382572,-1.054154,FSM,AUS,121490
6154665,81,14,5440,1999,0.0,240674.0,1.9523830000000002,0.771455,GBR,AUS,121490
6154666,97,14,5440,1999,0.0,209742.0,0.387427,2.402434,HKG,AUS,121490
6154667,103,14,5440,1999,0.0,281820.0,-0.20447,1.568505,IDN,AUS,121490
6154668,110,14,5440,1999,0.0,117090.0,1.342593,0.781931,ISR,AUS,121490
6154669,111,14,5440,1999,2182.0,605927.0,1.395253,1.3589790000000002,ITA,AUS,121490
6154670,113,14,5440,1999,0.0,257314.0,0.475995,0.514447,JOR,AUS,121490
6154671,114,14,5440,1999,0.0,43996344.0,2.541382,0.693702,JPN,AUS,121490
6154672,121,14,5440,1999,0.0,362645.0,0.92448,1.053988,KOR,AUS,121490
6154673,122,14,5440,1999,0.0,105580.0,0.028312999999999998,-1.0742770000000001,KWT,AUS,121490
6154674,124,14,5440,1999,0.0,3442.0,0.264151,0.767188,LBN,AUS,121490
6154675,133,14,5440,1999,0.0,21585.0,-0.365239,-0.380913,MAC,AUS,121490
6154676,142,14,5440,1999,0.0,5781.0,0.9998450000000001,0.009412,MLT,AUS,121490
6154677,151,14,5440,1999,0.0,38752.0,-0.5713729999999999,-0.696416,MUS,AUS,121490
6154678,153,14,5440,1999,0.0,170955.0,0.500591,0.136149,MYS,AUS,121490
6154679,156,14,5440,1999,0.0,121933.0,-0.079579,-0.777079,NCL,AUS,121490
6154680,158,14,5440,1999,0.0,1486.0,1.1976440000000002,-0.623572,NFK,AUS,121490
6154681,162,14,5440,1999,0.0,137964.0,1.308776,1.574293,NLD,AUS,121490
6154682,165,14,5440,1999,0.0,3928.0,0.400977,-0.643049,NRU,AUS,121490
6154683,166,14,5440,1999,674150.0,140266.0,0.592051,0.780176,NZL,AUS,121490
6154684,167,14,5440,1999,0.0,20692.0,-0.6801510000000001,-1.146403,OMN,AUS,121490
6154685,168,14,5440,1999,0.0,1017740.0,-1.047891,-0.525612,PAK,AUS,121490
6154686,169,14,5440,1999,0.0,4212.0,0.126144,0.491986,PAN,AUS,121490
6154687,174,14,5440,1999,0.0,803050.0,-0.401903,-0.333408,PHL,AUS,121490
6154688,176,14,5440,1999,0.0,3243411.0,-1.850785,-1.256969,PNG,AUS,121490
6154689,179,14,5440,1999,0.0,43925.0,0.420538,1.379359,PRT,AUS,121490
6154690,182,14,5440,1999,0.0,40644.0,0.281327,-0.624142,PYF,AUS,121490
6154691,183,14,5440,1999,0.0,2252.0,-0.593308,-1.18811,QAT,AUS,121490
6154692,188,14,5440,1999,0.0,83947.0,0.553028,-0.527401,SAU,AUS,121490
6154693,192,14,5440,1999,0.0,663824.0,1.355833,0.594305,SGP,AUS,121490
6154694,195,14,5440,1999,0.0,520633.0,-1.9334959999999999,-0.9984879999999999,SLB,AUS,121490
6154695,208,14,5440,1999,0.0,3810.0,2.1456720000000002,0.856556,SWE,AUS,121490
6154696,216,14,5440,1999,0.0,29682.0,0.20451,1.513533,THA,AUS,121490
6154697,225,14,5440,1999,0.0,5020.0,0.095919,-0.7801680000000001,TUV,AUS,121490
6154698,231,14,5440,1999,17171.0,7583.0,1.8755119999999998,0.5350729999999999,USA,AUS,121490
6154699,240,14,5440,1999,0.0,107161.0,-0.857935,-0.8740190000000001,VUT,AUS,121490
6154700,241,14,5440,1999,0.0,261089.0,2.076089,-0.671834,WLF,AUS,121490
6154701,246,14,5440,1999,38279.0,416911.0,0.543171,1.432792,ZAF,AUS,121490
6154702,249,14,5440,1999,0.0,4613650.0,1.336816,1.725334,TWN,AUS,121490
6154703,250,14,5440,1999,0.0,11213726.0,1.130511,0.9547379999999999,ANS,AUS,121490
6154704,224,16,5440,1999,9380.0,0.0,0.044692,1.745755,TUR,AZE,121490
6154705,186,28,5440,1999,53235.0,0.0,0.903308,0.590858,RUS,BLR,121490
6154706,228,28,5440,1999,0.0,1873.0,0.6242270000000001,0.742258,UKR,BLR,121490
6154707,8,32,5440,1999,9246.0,0.0,0.49933500000000003,0.593879,ARG,BRA,121490
6154708,42,32,5440,1999,66684.0,0.0,0.041013,-0.111553,CHL,BRA,121490
6154709,104,32,5440,1999,6053.0,0.0,0.29945900000000003,2.438702,IND,BRA,121490
6154710,111,32,5440,1999,27652.0,0.0,1.395253,1.3589790000000002,ITA,BRA,121490
6154711,231,32,5440,1999,1863.0,0.0,1.8755119999999998,0.5350729999999999,USA,BRA,121490
6154712,6,39,5440,1999,0.0,5993.0,0.266874,-0.5122220000000001,ANT,CAN,121490
6154713,7,39,5440,1999,0.0,108869.0,-0.21921,-0.54813,ARE,CAN,121490
6154714,14,39,5440,1999,34282.0,0.0,0.357101,0.8857879999999999,AUS,CAN,121490
6154715,18,39,5440,1999,2733.0,0.0,1.512061,1.253478,BEL,CAN,121490
6154716,42,39,5440,1999,21009.0,0.0,0.041013,-0.111553,CHL,CAN,121490
6154717,43,39,5440,1999,1692.0,162155.0,0.386094,3.270089,CHN,CAN,121490
6154718,52,39,5440,1999,0.0,5256.0,-0.310033,-0.299529,CRI,CAN,121490
6154719,61,39,5440,1999,1198.0,2575.0,2.334811,-2.060502,DEU,CAN,121490
6154720,64,39,5440,1999,0.0,14027.0,1.264405,1.469627,DNK,CAN,121490
6154721,77,39,5440,1999,0.0,5446.0,1.72758,0.6619079999999999,FRA,CAN,121490
6154722,81,39,5440,1999,1862.0,817595.0,1.9523830000000002,0.771455,GBR,CAN,121490
6154723,106,39,5440,1999,0.0,40312.0,1.599613,0.37233299999999997,IRL,CAN,121490
6154724,111,39,5440,1999,5052.0,34537.0,1.395253,1.3589790000000002,ITA,CAN,121490
6154725,112,39,5440,1999,0.0,18892.0,-0.852468,-0.9670290000000001,JAM,CAN,121490
6154726,114,39,5440,1999,18705.0,42066860.0,2.541382,0.693702,JPN,CAN,121490
6154727,121,39,5440,1999,0.0,2209932.0,0.92448,1.053988,KOR,CAN,121490
6154728,153,39,5440,1999,48236.0,0.0,0.500591,0.136149,MYS,CAN,121490
6154729,162,39,5440,1999,0.0,17446.0,1.308776,1.574293,NLD,CAN,121490
6154730,163,39,5440,1999,0.0,52091.0,1.1012959999999998,0.240184,NOR,CAN,121490
6154731,166,39,5440,1999,2744.0,0.0,0.592051,0.780176,NZL,CAN,121490
6154732,178,39,5440,1999,0.0,38378.0,0.536814,0.980433,PRK,CAN,121490
6154733,179,39,5440,1999,28180.0,0.0,0.420538,1.379359,PRT,CAN,121490
6154734,200,39,5440,1999,0.0,11577.0,-0.093305,-0.743243,SPM,CAN,121490
6154735,216,39,5440,1999,1783.0,0.0,0.20451,1.513533,THA,CAN,121490
6154736,231,39,5440,1999,4585826.0,12477383.0,1.8755119999999998,0.5350729999999999,USA,CAN,121490
6154737,234,39,5440,1999,0.0,2964.0,-0.28283400000000003,-0.755695,VCT,CAN,121490
6154738,249,39,5440,1999,0.0,824676.0,1.336816,1.725334,TWN,CAN,121490
6154739,250,39,5440,1999,3726.0,0.0,1.130511,0.9547379999999999,ANS,CAN,121490
6154740,32,42,5440,1999,0.0,66684.0,0.762468,1.191759,BRA,CHL,121490
6154741,39,42,5440,1999,0.0,21009.0,1.083572,1.08026,CAN,CHL,121490
6154742,65,42,5440,1999,0.0,33632.0,-0.60436,-0.674701,DOM,CHL,121490
6154743,68,42,5440,1999,0.0,1215791.0,-0.311879,0.300746,EGY,CHL,121490
6154744,71,42,5440,1999,0.0,423978.0,1.0849209999999998,1.9351180000000001,ESP,CHL,121490
6154745,77,42,5440,1999,0.0,14667.0,1.72758,0.6619079999999999,FRA,CHL,121490
6154746,90,42,5440,1999,0.0,10578.0,0.24943600000000002,1.172467,GRC,CHL,121490
6154747,96,42,5440,1999,0.0,7127.0,-0.97619,-0.8785709999999999,GUY,CHL,121490
6154748,110,42,5440,1999,0.0,52777.0,1.342593,0.781931,ISR,CHL,121490
6154749,111,42,5440,1999,0.0,84475.0,1.395253,1.3589790000000002,ITA,CHL,121490
6154750,113,42,5440,1999,0.0,6452.0,0.475995,0.514447,JOR,CHL,121490
6154751,114,42,5440,1999,0.0,197925.0,2.541382,0.693702,JPN,CHL,121490
6154752,121,42,5440,1999,0.0,155331.0,0.92448,1.053988,KOR,CHL,121490
6154753,124,42,5440,1999,0.0,28016.0,0.264151,0.767188,LBN,CHL,121490
6154754,179,42,5440,1999,0.0,200346.0,0.420538,1.379359,PRT,CHL,121490
6154755,188,42,5440,1999,0.0,6985.0,0.553028,-0.527401,SAU,CHL,121490
6154756,231,42,5440,1999,0.0,13544.0,1.8755119999999998,0.5350729999999999,USA,CHL,121490
6154757,236,42,5440,1999,0.0,32951.0,0.16454100000000002,-0.691021,VEN,CHL,121490
6154758,246,42,5440,1999,0.0,24429.0,0.543171,1.432792,ZAF,CHL,121490
6154759,249,42,5440,1999,0.0,3691.0,1.336816,1.725334,TWN,CHL,121490
6154760,15,59,5440,1999,0.0,186723.0,1.836804,0.744312,AUT,CZE,121490
6154761,41,59,5440,1999,0.0,2643.0,2.189934,0.741428,CHE,CZE,121490
6154762,61,59,5440,1999,20633.0,546067.0,2.334811,-2.060502,DEU,CZE,121490
6154763,81,59,5440,1999,2036.0,0.0,1.9523830000000002,0.771455,GBR,CZE,121490
6154764,102,59,5440,1999,0.0,22312.0,0.794675,1.308337,HUN,CZE,121490
6154765,111,59,5440,1999,0.0,13193.0,1.395253,1.3589790000000002,ITA,CZE,121490
6154766,177,59,5440,1999,2046.0,0.0,0.8512700000000001,1.8975229999999998,POL,CZE,121490
6154767,206,59,5440,1999,13388.0,1027.0,1.133942,1.105742,SVK,CZE,121490
6154768,208,59,5440,1999,0.0,1524.0,2.1456720000000002,0.856556,SWE,CZE,121490
6154769,249,59,5440,1999,4049.0,0.0,1.336816,1.725334,TWN,CZE,121490
6154770,250,59,5440,1999,2558.0,0.0,1.130511,0.9547379999999999,ANS,CZE,121490
6154771,15,66,5440,1999,0.0,6687.0,1.836804,0.744312,AUT,DZA,121490
6154772,111,66,5440,1999,127283.0,0.0,1.395253,1.3589790000000002,ITA,DZA,121490
6154773,14,68,5440,1999,136370.0,0.0,0.357101,0.8857879999999999,AUS,EGY,121490
6154774,18,68,5440,1999,0.0,22890.0,1.512061,1.253478,BEL,EGY,121490
6154775,42,68,5440,1999,1215791.0,0.0,0.041013,-0.111553,CHL,EGY,121490
6154776,74,68,5440,1999,0.0,205883.0,2.095642,0.966282,FIN,EGY,121490
6154777,81,68,5440,1999,59301.0,0.0,1.9523830000000002,0.771455,GBR,EGY,121490
6154778,100,68,5440,1999,15929.0,0.0,0.572934,0.9873639999999999,HRV,EGY,121490
6154779,124,68,5440,1999,0.0,3021.0,0.264151,0.767188,LBN,EGY,121490
6154780,188,68,5440,1999,0.0,1181.0,0.553028,-0.527401,SAU,EGY,121490
6154781,249,68,5440,1999,8121.0,0.0,1.336816,1.725334,TWN,EGY,121490
6154782,81,83,5440,1999,15858.0,0.0,1.9523830000000002,0.771455,GBR,GHA,121490
6154783,15,100,5440,1999,1159.0,0.0,1.836804,0.744312,AUT,HRV,121490
6154784,26,100,5440,1999,0.0,2598.0,0.366494,0.298229,BIH,HRV,121490
6154785,61,100,5440,1999,0.0,22601.0,2.334811,-2.060502,DEU,HRV,121490
6154786,68,100,5440,1999,0.0,15929.0,-0.311879,0.300746,EGY,HRV,121490
6154787,102,100,5440,1999,4734.0,0.0,0.794675,1.308337,HUN,HRV,121490
6154788,111,100,5440,1999,27726.0,6685.0,1.395253,1.3589790000000002,ITA,HRV,121490
6154789,124,100,5440,1999,0.0,44545.0,0.264151,0.767188,LBN,HRV,121490
6154790,126,100,5440,1999,0.0,9932.0,-0.269375,-1.145758,LBY,HRV,121490
6154791,162,100,5440,1999,1629.0,0.0,1.308776,1.574293,NLD,HRV,121490
6154792,188,100,5440,1999,0.0,3992.0,0.553028,-0.527401,SAU,HRV,121490
6154793,15,102,5440,1999,922.0,89354.0,1.836804,0.744312,AUT,HUN,121490
6154794,26,102,5440,1999,0.0,2026.0,0.366494,0.298229,BIH,HUN,121490
6154795,59,102,5440,1999,22312.0,0.0,1.412439,1.329385,CZE,HUN,121490
6154796,61,102,5440,1999,1259.0,12287.0,2.334811,-2.060502,DEU,HUN,121490
6154797,100,102,5440,1999,0.0,4734.0,0.572934,0.9873639999999999,HRV,HUN,121490
6154798,111,102,5440,1999,9802.0,77536.0,1.395253,1.3589790000000002,ITA,HUN,121490
6154799,162,102,5440,1999,0.0,9799.0,1.308776,1.574293,NLD,HUN,121490
6154800,185,102,5440,1999,0.0,11114.0,0.253874,0.8322709999999999,ROU,HUN,121490
6154801,189,102,5440,1999,0.0,2744.0,0.607596,2.222456,SCG,HUN,121490
6154802,207,102,5440,1999,0.0,4120.0,1.447589,1.284414,SVN,HUN,121490
6154803,15,104,5440,1999,0.0,6720.0,1.836804,0.744312,AUT,IND,121490
6154804,32,104,5440,1999,0.0,6053.0,0.762468,1.191759,BRA,IND,121490
6154805,116,104,5440,1999,0.0,21109.0,-0.336125,0.43983999999999995,KEN,IND,121490
6154806,138,104,5440,1999,0.0,46301.0,0.581034,0.8399760000000001,MEX,IND,121490
6154807,164,104,5440,1999,2845.0,2343.0,-0.421433,0.24781799999999998,NPL,IND,121490
6154808,192,104,5440,1999,0.0,4293.0,1.355833,0.594305,SGP,IND,121490
6154809,216,104,5440,1999,124694.0,0.0,0.20451,1.513533,THA,IND,121490
6154810,231,104,5440,1999,27903.0,0.0,1.8755119999999998,0.5350729999999999,USA,IND,121490
6154811,7,107,5440,1999,0.0,1295.0,-0.21921,-0.54813,ARE,IRN,121490
6154812,183,107,5440,1999,0.0,2478.0,-0.593308,-1.18811,QAT,IRN,121490
6154813,14,113,5440,1999,257314.0,0.0,0.357101,0.8857879999999999,AUS,JOR,121490
6154814,23,113,5440,1999,5436.0,0.0,0.311033,1.7375040000000002,BGR,JOR,121490
6154815,42,113,5440,1999,6452.0,0.0,0.041013,-0.111553,CHL,JOR,121490
6154816,14,114,5440,1999,43996344.0,0.0,0.357101,0.8857879999999999,AUS,JPN,121490
6154817,15,114,5440,1999,20115.0,0.0,1.836804,0.744312,AUT,JPN,121490
6154818,39,114,5440,1999,42066860.0,18705.0,1.083572,1.08026,CAN,JPN,121490
6154819,42,114,5440,1999,197925.0,0.0,0.041013,-0.111553,CHL,JPN,121490
6154820,43,114,5440,1999,10280848.0,8420.0,0.386094,3.270089,CHN,JPN,121490
6154821,61,114,5440,1999,3154.0,7957.0,2.334811,-2.060502,DEU,JPN,121490
6154822,71,114,5440,1999,122577.0,0.0,1.0849209999999998,1.9351180000000001,ESP,JPN,121490
6154823,81,114,5440,1999,33373.0,0.0,1.9523830000000002,0.771455,GBR,JPN,121490
6154824,103,114,5440,1999,152457.0,0.0,-0.20447,1.568505,IDN,JPN,121490
6154825,121,114,5440,1999,37233.0,28549.0,0.92448,1.053988,KOR,JPN,121490
6154826,138,114,5440,1999,543402.0,0.0,0.581034,0.8399760000000001,MEX,JPN,121490
6154827,162,114,5440,1999,9152.0,0.0,1.308776,1.574293,NLD,JPN,121490
6154828,166,114,5440,1999,78128.0,0.0,0.592051,0.780176,NZL,JPN,121490
6154829,188,114,5440,1999,0.0,7416.0,0.553028,-0.527401,SAU,JPN,121490
6154830,190,114,5440,1999,16484.0,0.0,-1.321619,-1.162911,SDN,JPN,121490
6154831,216,114,5440,1999,90176.0,0.0,0.20451,1.513533,THA,JPN,121490
6154832,231,114,5440,1999,259265808.0,128371.0,1.8755119999999998,0.5350729999999999,USA,JPN,121490
6154833,249,114,5440,1999,43172.0,1681.0,1.336816,1.725334,TWN,JPN,121490
6154834,14,124,5440,1999,3442.0,0.0,0.357101,0.8857879999999999,AUS,LBN,121490
6154835,42,124,5440,1999,28016.0,0.0,0.041013,-0.111553,CHL,LBN,121490
6154836,68,124,5440,1999,3021.0,0.0,-0.311879,0.300746,EGY,LBN,121490
6154837,100,124,5440,1999,44545.0,0.0,0.572934,0.9873639999999999,HRV,LBN,121490
6154838,111,124,5440,1999,9425.0,0.0,1.395253,1.3589790000000002,ITA,LBN,121490
6154839,188,124,5440,1999,47487.0,0.0,0.553028,-0.527401,SAU,LBN,121490
6154840,207,124,5440,1999,135539.0,0.0,1.447589,1.284414,SVN,LBN,121490
6154841,224,124,5440,1999,11998.0,0.0,0.044692,1.745755,TUR,LBN,121490
6154842,228,124,5440,1999,8248.0,0.0,0.6242270000000001,0.742258,UKR,LBN,121490
6154843,64,132,5440,1999,2791.0,0.0,1.264405,1.469627,DNK,LVA,121490
6154844,177,132,5440,1999,44454.0,0.0,0.8512700000000001,1.8975229999999998,POL,LVA,121490
6154845,14,166,5440,1999,140266.0,674150.0,0.357101,0.8857879999999999,AUS,NZL,121490
6154846,39,166,5440,1999,0.0,2744.0,1.083572,1.08026,CAN,NZL,121490
6154847,114,166,5440,1999,0.0,78128.0,2.541382,0.693702,JPN,NZL,121490
6154848,163,166,5440,1999,0.0,2147.0,1.1012959999999998,0.240184,NOR,NZL,121490
6154849,179,166,5440,1999,0.0,31015.0,0.420538,1.379359,PRT,NZL,121490
6154850,231,166,5440,1999,18617.0,3036.0,1.8755119999999998,0.5350729999999999,USA,NZL,121490
6154851,14,167,5440,1999,20692.0,0.0,0.357101,0.8857879999999999,AUS,OMN,121490
6154852,231,167,5440,1999,2210.0,0.0,1.8755119999999998,0.5350729999999999,USA,OMN,121490
6154853,59,177,5440,1999,0.0,2046.0,1.412439,1.329385,CZE,POL,121490
6154854,61,177,5440,1999,0.0,139178.0,2.334811,-2.060502,DEU,POL,121490
6154855,81,177,5440,1999,2888.0,0.0,1.9523830000000002,0.771455,GBR,POL,121490
6154856,111,177,5440,1999,0.0,17796.0,1.395253,1.3589790000000002,ITA,POL,121490
6154857,132,177,5440,1999,0.0,44454.0,0.20633600000000002,0.324171,LVA,POL,121490
6154858,162,177,5440,1999,0.0,262168.0,1.308776,1.574293,NLD,POL,121490
6154859,206,177,5440,1999,2078.0,1248.0,1.133942,1.105742,SVK,POL,121490
6154860,208,177,5440,1999,0.0,61233.0,2.1456720000000002,0.856556,SWE,POL,121490
6154861,228,177,5440,1999,3052.0,0.0,0.6242270000000001,0.742258,UKR,POL,121490
6154862,28,186,5440,1999,0.0,53235.0,0.7516579999999999,1.169072,BLR,RUS,121490
6154863,43,186,5440,1999,4130.0,0.0,0.386094,3.270089,CHN,RUS,121490
6154864,61,186,5440,1999,4319.0,1103.0,2.334811,-2.060502,DEU,RUS,121490
6154865,82,186,5440,1999,0.0,3546.0,0.50297,0.042010000000000006,GEO,RUS,121490
6154866,110,186,5440,1999,0.0,125236.0,1.342593,0.781931,ISR,RUS,121490
6154867,115,186,5440,1999,2396.0,0.0,-0.035315,-0.514845,KAZ,RUS,121490
6154868,130,186,5440,1999,27353.0,0.0,0.197536,0.5041899999999999,LTU,RUS,121490
6154869,145,186,5440,1999,0.0,2100.0,-0.557761,-0.8596280000000001,MNG,RUS,121490
6154870,7,188,5440,1999,4018.0,0.0,-0.21921,-0.54813,ARE,SAU,121490
6154871,14,188,5440,1999,83947.0,0.0,0.357101,0.8857879999999999,AUS,SAU,121490
6154872,42,188,5440,1999,6985.0,0.0,0.041013,-0.111553,CHL,SAU,121490
6154873,68,188,5440,1999,1181.0,0.0,-0.311879,0.300746,EGY,SAU,121490
6154874,71,188,5440,1999,6730.0,0.0,1.0849209999999998,1.9351180000000001,ESP,SAU,121490
6154875,77,188,5440,1999,3331.0,0.0,1.72758,0.6619079999999999,FRA,SAU,121490
6154876,81,188,5440,1999,20812.0,0.0,1.9523830000000002,0.771455,GBR,SAU,121490
6154877,100,188,5440,1999,3992.0,0.0,0.572934,0.9873639999999999,HRV,SAU,121490
6154878,114,188,5440,1999,7416.0,0.0,2.541382,0.693702,JPN,SAU,121490
6154879,122,188,5440,1999,15578.0,0.0,0.028312999999999998,-1.0742770000000001,KWT,SAU,121490
6154880,124,188,5440,1999,0.0,47487.0,0.264151,0.767188,LBN,SAU,121490
6154881,153,188,5440,1999,189254.0,0.0,0.500591,0.136149,MYS,SAU,121490
6154882,162,188,5440,1999,11324.0,0.0,1.308776,1.574293,NLD,SAU,121490
6154883,168,188,5440,1999,6193.0,0.0,-1.047891,-0.525612,PAK,SAU,121490
6154884,174,188,5440,1999,2571.0,0.0,-0.401903,-0.333408,PHL,SAU,121490
6154885,190,188,5440,1999,110419.0,0.0,-1.321619,-1.162911,SDN,SAU,121490
6154886,212,188,5440,1999,30553.0,0.0,-0.996784,-0.6344069999999999,SYR,SAU,121490
6154887,216,188,5440,1999,5786.0,0.0,0.20451,1.513533,THA,SAU,121490
6154888,231,188,5440,1999,36470.0,0.0,1.8755119999999998,0.5350729999999999,USA,SAU,121490
6154889,246,188,5440,1999,6300.0,0.0,0.543171,1.432792,ZAF,SAU,121490
6154890,248,188,5440,1999,17367.0,0.0,-0.320533,-0.180527,ZWE,SAU,121490
6154891,250,188,5440,1999,42198.0,24473594.0,1.130511,0.9547379999999999,ANS,SAU,121490
6154892,15,206,5440,1999,6860.0,73425.0,1.836804,0.744312,AUT,SVK,121490
6154893,59,206,5440,1999,1027.0,13388.0,1.412439,1.329385,CZE,SVK,121490
6154894,61,206,5440,1999,1524.0,39813.0,2.334811,-2.060502,DEU,SVK,121490
6154895,177,206,5440,1999,1248.0,2078.0,0.8512700000000001,1.8975229999999998,POL,SVK,121490
6154896,231,206,5440,1999,11707.0,0.0,1.8755119999999998,0.5350729999999999,USA,SVK,121490
6154897,250,206,5440,1999,1252.0,0.0,1.130511,0.9547379999999999,ANS,SVK,121490
6154898,15,207,5440,1999,1179.0,0.0,1.836804,0.744312,AUT,SVN,121490
6154899,61,207,5440,1999,5266.0,0.0,2.334811,-2.060502,DEU,SVN,121490
6154900,102,207,5440,1999,4120.0,0.0,0.794675,1.308337,HUN,SVN,121490
6154901,111,207,5440,1999,37450.0,90389.0,1.395253,1.3589790000000002,ITA,SVN,121490
6154902,124,207,5440,1999,0.0,135539.0,0.264151,0.767188,LBN,SVN,121490
6154903,162,207,5440,1999,7145.0,0.0,1.308776,1.574293,NLD,SVN,121490
6154904,250,207,5440,1999,0.0,1537.0,1.130511,0.9547379999999999,ANS,SVN,121490
6154905,7,219,5440,1999,8730.0,0.0,-0.21921,-0.54813,ARE,TKM,121490
6154906,28,228,5440,1999,1873.0,0.0,0.7516579999999999,1.169072,BLR,UKR,121490
6154907,124,228,5440,1999,0.0,8248.0,0.264151,0.767188,LBN,UKR,121490
6154908,177,228,5440,1999,0.0,3052.0,0.8512700000000001,1.8975229999999998,POL,UKR,121490
6154909,14,249,5440,1999,4613650.0,0.0,0.357101,0.8857879999999999,AUS,TWN,121490
6154910,18,249,5440,1999,0.0,1303.0,1.512061,1.253478,BEL,TWN,121490
6154911,39,249,5440,1999,824676.0,0.0,1.083572,1.08026,CAN,TWN,121490
6154912,42,249,5440,1999,3691.0,0.0,0.041013,-0.111553,CHL,TWN,121490
6154913,43,249,5440,1999,24620.0,1130.0,0.386094,3.270089,CHN,TWN,121490
6154914,59,249,5440,1999,0.0,4049.0,1.412439,1.329385,CZE,TWN,121490
6154915,68,249,5440,1999,0.0,8121.0,-0.311879,0.300746,EGY,TWN,121490
6154916,97,249,5440,1999,0.0,18014.0,0.387427,2.402434,HKG,TWN,121490
6154917,103,249,5440,1999,0.0,3007.0,-0.20447,1.568505,IDN,TWN,121490
6154918,110,249,5440,1999,0.0,1759.0,1.342593,0.781931,ISR,TWN,121490
6154919,111,249,5440,1999,28502.0,0.0,1.395253,1.3589790000000002,ITA,TWN,121490
6154920,114,249,5440,1999,1681.0,43172.0,2.541382,0.693702,JPN,TWN,121490
6154921,121,249,5440,1999,61138.0,14077.0,0.92448,1.053988,KOR,TWN,121490
6154922,133,249,5440,1999,10428.0,0.0,-0.365239,-0.380913,MAC,TWN,121490
6154923,138,249,5440,1999,0.0,2785.0,0.581034,0.8399760000000001,MEX,TWN,121490
6154924,153,249,5440,1999,0.0,8405.0,0.500591,0.136149,MYS,TWN,121490
6154925,173,249,5440,1999,3702.0,0.0,-0.367489,0.11813399999999999,PER,TWN,121490
6154926,174,249,5440,1999,0.0,41377.0,-0.401903,-0.333408,PHL,TWN,121490
6154927,192,249,5440,1999,0.0,1257.0,1.355833,0.594305,SGP,TWN,121490
6154928,216,249,5440,1999,2456.0,0.0,0.20451,1.513533,THA,TWN,121490
6154929,231,249,5440,1999,15194306.0,0.0,1.8755119999999998,0.5350729999999999,USA,TWN,121490
6154930,239,249,5440,1999,9699.0,0.0,-0.9824940000000001,0.115755,VNM,TWN,121490
6154931,246,249,5440,1999,2837.0,0.0,0.543171,1.432792,ZAF,TWN,121490
6154932,250,249,5440,1999,0.0,1064.0,1.130511,0.9547379999999999,ANS,TWN,121490
6154933,14,8,5440,1999,20106.0,0.0,0.357101,0.8857879999999999,AUS,ARG,121490
6154934,31,8,5440,1999,0.0,2376.0,-0.398285,-0.6362,BOL,ARG,121490
6154935,32,8,5440,1999,0.0,9246.0,0.762468,1.191759,BRA,ARG,121490
6154936,111,8,5440,1999,0.0,19701.0,1.395253,1.3589790000000002,ITA,ARG,121490
6154937,180,8,5440,1999,0.0,20594.0,-0.541387,-0.863967,PRY,ARG,121490
6154938,81,44,5440,1999,10820.0,0.0,1.9523830000000002,0.771455,GBR,CIV,121490
6154939,110,82,5440,1999,2603.0,0.0,1.342593,0.781931,ISR,GEO,121490
6154940,186,82,5440,1999,3546.0,0.0,0.903308,0.590858,RUS,GEO,121490
6154941,224,82,5440,1999,4653.0,0.0,0.044692,1.745755,TUR,GEO,121490
6154942,231,82,5440,1999,5983.0,0.0,1.8755119999999998,0.5350729999999999,USA,GEO,121490
6154943,103,116,5440,1999,1066.0,0.0,-0.20447,1.568505,IDN,KEN,121490
6154944,104,116,5440,1999,21109.0,0.0,0.29945900000000003,2.438702,IND,KEN,121490
6154945,18,131,5440,1999,8648.0,10533.0,1.512061,1.253478,BEL,LUX,121490
6154946,61,131,5440,1999,1041.0,2219.0,2.334811,-2.060502,DEU,LUX,121490
6154947,77,131,5440,1999,12998.0,0.0,1.72758,0.6619079999999999,FRA,LUX,121490
6154948,162,131,5440,1999,2312.0,44476.0,1.308776,1.574293,NLD,LUX,121490
6154949,179,131,5440,1999,1550.0,0.0,0.420538,1.379359,PRT,LUX,121490
6154950,61,134,5440,1999,1761.0,2434.0,2.334811,-2.060502,DEU,MAR,121490
6154951,71,134,5440,1999,1207.0,141885.0,1.0849209999999998,1.9351180000000001,ESP,MAR,121490
6154952,77,134,5440,1999,414932.0,0.0,1.72758,0.6619079999999999,FRA,MAR,121490
6154953,111,134,5440,1999,2509296.0,0.0,1.395253,1.3589790000000002,ITA,MAR,121490
6154954,162,134,5440,1999,17694.0,2807.0,1.308776,1.574293,NLD,MAR,121490
6154955,231,134,5440,1999,757038.0,0.0,1.8755119999999998,0.5350729999999999,USA,MAR,121490
6154956,14,246,5440,1999,416911.0,38279.0,0.357101,0.8857879999999999,AUS,ZAF,121490
6154957,18,246,5440,1999,0.0,14578.0,1.512061,1.253478,BEL,ZAF,121490
6154958,42,246,5440,1999,24429.0,0.0,0.041013,-0.111553,CHL,ZAF,121490
6154959,43,246,5440,1999,0.0,7728.0,0.386094,3.270089,CHN,ZAF,121490
6154960,61,246,5440,1999,1059.0,0.0,2.334811,-2.060502,DEU,ZAF,121490
6154961,81,246,5440,1999,0.0,15530.0,1.9523830000000002,0.771455,GBR,ZAF,121490
6154962,147,246,5440,1999,0.0,1842.0,-0.35994699999999996,-0.725301,MOZ,ZAF,121490
6154963,179,246,5440,1999,1344.0,18876.0,0.420538,1.379359,PRT,ZAF,121490
6154964,188,246,5440,1999,0.0,6300.0,0.553028,-0.527401,SAU,ZAF,121490
6154965,231,246,5440,1999,294099.0,2292.0,1.8755119999999998,0.5350729999999999,USA,ZAF,121490
6154966,249,246,5440,1999,0.0,2837.0,1.336816,1.725334,TWN,ZAF,121490
6154967,231,13,5440,1999,1817.0,0.0,1.8755119999999998,0.5350729999999999,USA,ATG,121490
6154968,231,29,5440,1999,486111.0,0.0,1.8755119999999998,0.5350729999999999,USA,BLZ,121490
6154969,14,7,5440,1999,783226.0,0.0,0.357101,0.8857879999999999,AUS,ARE,121490
6154970,39,7,5440,1999,108869.0,0.0,1.083572,1.08026,CAN,ARE,121490
6154971,61,7,5440,1999,3385.0,0.0,2.334811,-2.060502,DEU,ARE,121490
6154972,71,7,5440,1999,745213.0,0.0,1.0849209999999998,1.9351180000000001,ESP,ARE,121490
6154973,73,7,5440,1999,1104.0,0.0,-1.18759,-1.111391,ETH,ARE,121490
6154974,77,7,5440,1999,167095.0,0.0,1.72758,0.6619079999999999,FRA,ARE,121490
6154975,81,7,5440,1999,8883.0,0.0,1.9523830000000002,0.771455,GBR,ARE,121490
6154976,107,7,5440,1999,1295.0,0.0,-0.9366620000000001,-1.147602,IRN,ARE,121490
6154977,111,7,5440,1999,44775.0,0.0,1.395253,1.3589790000000002,ITA,ARE,121490
6154978,188,7,5440,1999,0.0,4018.0,0.553028,-0.527401,SAU,ARE,121490
6154979,219,7,5440,1999,0.0,8730.0,-0.8982180000000001,-1.132358,TKM,ARE,121490
6154980,227,7,5440,1999,0.0,1102.0,-1.359508,-1.170077,UGA,ARE,121490
6154981,231,7,5440,1999,1854015.0,0.0,1.8755119999999998,0.5350729999999999,USA,ARE,121490
6154982,71,58,5440,1999,8161.0,0.0,1.0849209999999998,1.9351180000000001,ESP,CYP,121490
6154983,90,58,5440,1999,2204.0,0.0,0.24943600000000002,1.172467,GRC,CYP,121490
6154984,111,58,5440,1999,450543.0,0.0,1.395253,1.3589790000000002,ITA,CYP,121490
6154985,224,58,5440,1999,2916.0,0.0,0.044692,1.745755,TUR,CYP,121490
6154986,14,110,5440,1999,117090.0,0.0,0.357101,0.8857879999999999,AUS,ISR,121490
6154987,42,110,5440,1999,52777.0,0.0,0.041013,-0.111553,CHL,ISR,121490
6154988,71,110,5440,1999,201892.0,0.0,1.0849209999999998,1.9351180000000001,ESP,ISR,121490
6154989,81,110,5440,1999,2823.0,0.0,1.9523830000000002,0.771455,GBR,ISR,121490
6154990,82,110,5440,1999,0.0,2603.0,0.50297,0.042010000000000006,GEO,ISR,121490
6154991,111,110,5440,1999,517391.0,0.0,1.395253,1.3589790000000002,ITA,ISR,121490
6154992,186,110,5440,1999,125236.0,0.0,0.903308,0.590858,RUS,ISR,121490
6154993,249,110,5440,1999,1759.0,0.0,1.336816,1.725334,TWN,ISR,121490
6154994,14,122,5440,1999,105580.0,0.0,0.357101,0.8857879999999999,AUS,KWT,121490
6154995,81,122,5440,1999,1135.0,0.0,1.9523830000000002,0.771455,GBR,KWT,121490
6154996,188,122,5440,1999,0.0,15578.0,0.553028,-0.527401,SAU,KWT,121490
6154997,224,122,5440,1999,8182.0,0.0,0.044692,1.745755,TUR,KWT,121490
6154998,23,140,5440,1999,5034.0,0.0,0.311033,1.7375040000000002,BGR,MKD,121490
6154999,189,140,5440,1999,2602.0,0.0,0.607596,2.222456,SCG,MKD,121490
6155000,14,142,5440,1999,5781.0,0.0,0.357101,0.8857879999999999,AUS,MLT,121490
6155001,18,142,5440,1999,1113.0,0.0,1.512061,1.253478,BEL,MLT,121490
6155002,71,142,5440,1999,34854.0,0.0,1.0849209999999998,1.9351180000000001,ESP,MLT,121490
6155003,77,142,5440,1999,74482.0,0.0,1.72758,0.6619079999999999,FRA,MLT,121490
6155004,81,142,5440,1999,9904.0,0.0,1.9523830000000002,0.771455,GBR,MLT,121490
6155005,111,142,5440,1999,156767.0,0.0,1.395253,1.3589790000000002,ITA,MLT,121490
6155006,162,142,5440,1999,3422.0,0.0,1.308776,1.574293,NLD,MLT,121490
6155007,208,142,5440,1999,10364.0,0.0,2.1456720000000002,0.856556,SWE,MLT,121490
6155008,14,168,5440,1999,1017740.0,0.0,0.357101,0.8857879999999999,AUS,PAK,121490
6155009,188,168,5440,1999,0.0,6193.0,0.553028,-0.527401,SAU,PAK,121490
6155010,231,168,5440,1999,6147.0,0.0,1.8755119999999998,0.5350729999999999,USA,PAK,121490
6155011,39,178,5440,1999,38378.0,0.0,1.083572,1.08026,CAN,PRK,121490
6155012,43,178,5440,1999,85990.0,0.0,0.386094,3.270089,CHN,PRK,121490
6155013,61,178,5440,1999,4420.0,0.0,2.334811,-2.060502,DEU,PRK,121490
6155014,102,185,5440,1999,11114.0,0.0,0.794675,1.308337,HUN,ROU,121490
6155015,111,185,5440,1999,24610.0,0.0,1.395253,1.3589790000000002,ITA,ROU,121490
6155016,90,189,5440,1999,933.0,48662.0,0.24943600000000002,1.172467,GRC,SCG,121490
6155017,102,189,5440,1999,2744.0,0.0,0.794675,1.308337,HUN,SCG,121490
6155018,140,189,5440,1999,0.0,2602.0,0.053132000000000006,0.43408,MKD,SCG,121490
6155019,188,212,5440,1999,0.0,30553.0,0.553028,-0.527401,SAU,SYR,121490
6155020,77,223,5440,1999,24299.0,0.0,1.72758,0.6619079999999999,FRA,TUN,121490
6155021,111,223,5440,1999,2464782.0,0.0,1.395253,1.3589790000000002,ITA,TUN,121490
6155022,231,223,5440,1999,15481.0,0.0,1.8755119999999998,0.5350729999999999,USA,TUN,121490
6155023,14,250,5440,1999,11213726.0,0.0,0.357101,0.8857879999999999,AUS,ANS,121490
6155024,39,250,5440,1999,0.0,3726.0,1.083572,1.08026,CAN,ANS,121490
6155025,59,250,5440,1999,0.0,2558.0,1.412439,1.329385,CZE,ANS,121490
6155026,61,250,5440,1999,8163.0,0.0,2.334811,-2.060502,DEU,ANS,121490
6155027,72,250,5440,1999,3448.0,0.0,0.502979,0.8847440000000001,EST,ANS,121490
6155028,111,250,5440,1999,1367.0,0.0,1.395253,1.3589790000000002,ITA,ANS,121490
6155029,188,250,5440,1999,24473594.0,42198.0,0.553028,-0.527401,SAU,ANS,121490
6155030,206,250,5440,1999,0.0,1252.0,1.133942,1.105742,SVK,ANS,121490
6155031,207,250,5440,1999,1537.0,0.0,1.447589,1.284414,SVN,ANS,121490
6155032,224,250,5440,1999,109109.0,0.0,0.044692,1.745755,TUR,ANS,121490
6155033,249,250,5440,1999,1064.0,0.0,1.336816,1.725334,TWN,ANS,121490
6155034,231,30,5440,1999,7703.0,0.0,1.8755119999999998,0.5350729999999999,USA,BMU,121490
6155035,42,65,5440,1999,33632.0,0.0,0.041013,-0.111553,CHL,DOM,121490
6155036,231,65,5440,1999,7553.0,0.0,1.8755119999999998,0.5350729999999999,USA,DOM,121490
6155037,249,239,5440,1999,0.0,9699.0,1.336816,1.725334,TWN,VNM,121490
6155038,160,99,5440,1999,947.0,0.0,-0.677654,-0.72253,NIC,HND,121490
6155039,231,99,5440,1999,17721.0,0.0,1.8755119999999998,0.5350729999999999,USA,HND,121490
6155040,231,127,5440,1999,1836.0,0.0,1.8755119999999998,0.5350729999999999,USA,LCA,121490
6155041,39,234,5440,1999,2964.0,0.0,1.083572,1.08026,CAN,VCT,121490
6155042,61,4,5440,1999,0.0,13217.0,2.334811,-2.060502,DEU,ALB,121490
6155043,231,4,5440,1999,0.0,5043.0,1.8755119999999998,0.5350729999999999,USA,ALB,121490
6155044,14,24,5440,1999,74261.0,0.0,0.357101,0.8857879999999999,AUS,BHR,121490
6155045,77,85,5440,1999,26438.0,0.0,1.72758,0.6619079999999999,FRA,GIN,121490
6155046,61,109,5440,1999,0.0,6409.0,2.334811,-2.060502,DEU,ISL,121490
6155047,78,109,5440,1999,0.0,120416.0,-0.718961,-0.900609,FRO,ISL,121490
6155048,92,109,5440,1999,0.0,903.0,-0.832216,-0.906492,GRL,ISL,121490
6155049,163,109,5440,1999,0.0,21435.0,1.1012959999999998,0.240184,NOR,ISL,121490
6155050,90,126,5440,1999,477500.0,0.0,0.24943600000000002,1.172467,GRC,LBY,121490
6155051,100,126,5440,1999,9932.0,0.0,0.572934,0.9873639999999999,HRV,LBY,121490
6155052,64,130,5440,1999,7596.0,0.0,1.264405,1.469627,DNK,LTU,121490
6155053,186,130,5440,1999,0.0,27353.0,0.903308,0.590858,RUS,LTU,121490
6155054,14,133,5440,1999,21585.0,0.0,0.357101,0.8857879999999999,AUS,MAC,121490
6155055,231,133,5440,1999,48576.0,0.0,1.8755119999999998,0.5350729999999999,USA,MAC,121490
6155056,249,133,5440,1999,0.0,10428.0,1.336816,1.725334,TWN,MAC,121490
6155057,43,145,5440,1999,0.0,13344.0,0.386094,3.270089,CHN,MNG,121490
6155058,186,145,5440,1999,2100.0,0.0,0.903308,0.590858,RUS,MNG,121490
6155059,14,151,5440,1999,38752.0,0.0,0.357101,0.8857879999999999,AUS,MUS,121490
6155060,22,164,5440,1999,0.0,24512.0,-1.258857,-1.140375,BGD,NPL,121490
6155061,104,164,5440,1999,2343.0,2845.0,0.29945900000000003,2.438702,IND,NPL,121490
6155062,14,182,5440,1999,40644.0,0.0,0.357101,0.8857879999999999,AUS,PYF,121490
6155063,77,182,5440,1999,1821.0,0.0,1.72758,0.6619079999999999,FRA,PYF,121490
6155064,231,182,5440,1999,6193.0,0.0,1.8755119999999998,0.5350729999999999,USA,PYF,121490
6155065,14,183,5440,1999,2252.0,0.0,0.357101,0.8857879999999999,AUS,QAT,121490
6155066,107,183,5440,1999,2478.0,0.0,-0.9366620000000001,-1.147602,IRN,QAT,121490
6155067,71,226,5440,1999,0.0,2916.0,1.0849209999999998,1.9351180000000001,ESP,TZA,121490
6155068,231,226,5440,1999,0.0,12509.0,1.8755119999999998,0.5350729999999999,USA,TZA,121490
6155069,7,227,5440,1999,1102.0,0.0,-0.21921,-0.54813,ARE,UGA,121490
6155070,81,227,5440,1999,2043.0,0.0,1.9523830000000002,0.771455,GBR,UGA,121490
6155071,14,22,5440,1999,171921.0,0.0,0.357101,0.8857879999999999,AUS,BGD,121490
6155072,164,22,5440,1999,24512.0,0.0,-0.421433,0.24781799999999998,NPL,BGD,121490
6155073,61,26,5440,1999,1124.0,0.0,2.334811,-2.060502,DEU,BIH,121490
6155074,100,26,5440,1999,2598.0,0.0,0.572934,0.9873639999999999,HRV,BIH,121490
6155075,102,26,5440,1999,2026.0,0.0,0.794675,1.308337,HUN,BIH,121490
6155076,111,26,5440,1999,53262.0,0.0,1.395253,1.3589790000000002,ITA,BIH,121490
6155077,14,62,5440,1999,38766.0,0.0,0.357101,0.8857879999999999,AUS,DJI,121490
6155078,73,62,5440,1999,224576.0,0.0,-1.18759,-1.111391,ETH,DJI,121490
6155079,14,75,5440,1999,45136.0,0.0,0.357101,0.8857879999999999,AUS,FJI,121490
6155080,162,115,5440,1999,1946.0,0.0,1.308776,1.574293,NLD,KAZ,121490
6155081,186,115,5440,1999,0.0,2396.0,0.903308,0.590858,RUS,KAZ,121490
6155082,179,147,5440,1999,3963.0,0.0,0.420538,1.379359,PRT,MOZ,121490
6155083,246,147,5440,1999,1842.0,0.0,0.543171,1.432792,ZAF,MOZ,121490
6155084,14,156,5440,1999,121933.0,0.0,0.357101,0.8857879999999999,AUS,NCL,121490
6155085,8,180,5440,1999,20594.0,0.0,0.49933500000000003,0.593879,ARG,PRY,121490
6155086,188,248,5440,1999,0.0,17367.0,0.553028,-0.527401,SAU,ZWE,121490
6155087,39,6,5440,1999,5993.0,0.0,1.083572,1.08026,CAN,ANT,121490
6155088,162,6,5440,1999,7485.0,0.0,1.308776,1.574293,NLD,ANT,121490
6155089,231,6,5440,1999,84518.0,0.0,1.8755119999999998,0.5350729999999999,USA,ANT,121490
6155090,71,5,5440,1999,124156.0,0.0,1.0849209999999998,1.9351180000000001,ESP,AND,121490
6155091,77,5,5440,1999,4270.0,0.0,1.72758,0.6619079999999999,FRA,AND,121490
6155092,179,5,5440,1999,1497.0,0.0,0.420538,1.379359,PRT,AND,121490
6155093,14,34,5440,1999,120911.0,0.0,0.357101,0.8857879999999999,AUS,BRN,121490
6155094,231,57,5440,1999,0.0,7181.0,1.8755119999999998,0.5350729999999999,USA,CYM,121490
6155095,14,79,5440,1999,133982.0,0.0,0.357101,0.8857879999999999,AUS,FSM,121490
6155096,64,92,5440,1999,2564.0,0.0,1.264405,1.469627,DNK,GRL,121490
6155097,109,92,5440,1999,903.0,0.0,0.377701,-0.355798,ISL,GRL,121490
6155098,231,139,5440,1999,23196.0,0.0,1.8755119999999998,0.5350729999999999,USA,MHL,121490
6155099,77,148,5440,1999,22769.0,0.0,1.72758,0.6619079999999999,FRA,MRT,121490
6155100,14,158,5440,1999,1486.0,0.0,0.357101,0.8857879999999999,AUS,NFK,121490
6155101,14,165,5440,1999,3928.0,0.0,0.357101,0.8857879999999999,AUS,NRU,121490
6155102,14,176,5440,1999,3243411.0,0.0,0.357101,0.8857879999999999,AUS,PNG,121490
6155103,14,195,5440,1999,520633.0,0.0,0.357101,0.8857879999999999,AUS,SLB,121490
6155104,231,217,5440,1999,11338.0,0.0,1.8755119999999998,0.5350729999999999,USA,TJK,121490
6155105,14,225,5440,1999,5020.0,0.0,0.357101,0.8857879999999999,AUS,TUV,121490
6155106,14,240,5440,1999,107161.0,0.0,0.357101,0.8857879999999999,AUS,VUT,121490
6155107,14,241,5440,1999,261089.0,0.0,0.357101,0.8857879999999999,AUS,WLF,121490
6155108,162,51,5440,1999,5583.0,0.0,1.308776,1.574293,NLD,CPV,121490
6155109,64,78,5440,1999,187515.0,0.0,1.264405,1.469627,DNK,FRO,121490
6155110,109,78,5440,1999,120416.0,0.0,0.377701,-0.355798,ISL,FRO,121490
6155111,163,78,5440,1999,4796.0,0.0,1.1012959999999998,0.240184,NOR,FRO,121490
6155112,231,78,5440,1999,164124.0,0.0,1.8755119999999998,0.5350729999999999,USA,FRO,121490
6155113,39,200,5440,1999,11577.0,0.0,1.083572,1.08026,CAN,SPM,121490
6155114,18,15,5442,1999,1973.0,0.0,1.512061,1.253478,BEL,AUT,130120
6155115,61,15,5442,1999,414131.0,0.0,2.334811,-2.060502,DEU,AUT,130120
6155116,77,15,5442,1999,5598.0,5889.0,1.72758,0.6619079999999999,FRA,AUT,130120
6155117,81,15,5442,1999,2229.0,0.0,1.9523830000000002,0.771455,GBR,AUT,130120
6155118,90,15,5442,1999,0.0,30848.0,0.24943600000000002,1.172467,GRC,AUT,130120
6155119,100,15,5442,1999,0.0,1869.0,0.572934,0.9873639999999999,HRV,AUT,130120
6155120,111,15,5442,1999,17454.0,0.0,1.395253,1.3589790000000002,ITA,AUT,130120
6155121,116,15,5442,1999,0.0,3869.0,-0.336125,0.43983999999999995,KEN,AUT,130120
6155122,140,15,5442,1999,0.0,13951.0,0.053132000000000006,0.43408,MKD,AUT,130120
6155123,162,15,5442,1999,54924.0,0.0,1.308776,1.574293,NLD,AUT,130120
6155124,169,15,5442,1999,0.0,1648.0,0.126144,0.491986,PAN,AUT,130120
6155125,185,15,5442,1999,0.0,929.0,0.253874,0.8322709999999999,ROU,AUT,130120
6155126,189,15,5442,1999,0.0,23070.0,0.607596,2.222456,SCG,AUT,130120
6155127,207,15,5442,1999,0.0,50291.0,1.447589,1.284414,SVN,AUT,130120
6155128,231,15,5442,1999,3677.0,0.0,1.8755119999999998,0.5350729999999999,USA,AUT,130120
6155129,15,18,5442,1999,0.0,1973.0,1.836804,0.744312,AUT,BEL,130120
6155130,21,18,5442,1999,11389.0,0.0,-0.386471,-0.7413109999999999,BFA,BEL,130120
6155131,38,18,5442,1999,56596.0,0.0,-1.079509,-0.9015489999999999,CAF,BEL,130120
6155132,45,18,5442,1999,21176.0,0.0,-1.7392470000000002,-1.241373,CMR,BEL,130120
6155133,52,18,5442,1999,0.0,825.0,-0.310033,-0.299529,CRI,BEL,130120
6155134,61,18,5442,1999,235967.0,105770.0,2.334811,-2.060502,DEU,BEL,130120
6155135,71,18,5442,1999,1535.0,7877.0,1.0849209999999998,1.9351180000000001,ESP,BEL,130120
6155136,77,18,5442,1999,749085.0,517141.0,1.72758,0.6619079999999999,FRA,BEL,130120
6155137,81,18,5442,1999,1581613.0,675918.0,1.9523830000000002,0.771455,GBR,BEL,130120
6155138,102,18,5442,1999,0.0,28503.0,0.794675,1.308337,HUN,BEL,130120
6155139,103,18,5442,1999,0.0,16278.0,-0.20447,1.568505,IDN,BEL,130120
6155140,104,18,5442,1999,44093.0,0.0,0.29945900000000003,2.438702,IND,BEL,130120
6155141,110,18,5442,1999,0.0,3943.0,1.342593,0.781931,ISR,BEL,130120
6155142,111,18,5442,1999,0.0,27791.0,1.395253,1.3589790000000002,ITA,BEL,130120
6155143,124,18,5442,1999,0.0,2375.0,0.264151,0.767188,LBN,BEL,130120
6155144,141,18,5442,1999,5394.0,0.0,-0.8019149999999999,-0.9337979999999999,MLI,BEL,130120
6155145,159,18,5442,1999,0.0,44384.0,-1.9312080000000003,-1.279733,NGA,BEL,130120
6155146,162,18,5442,1999,13881.0,563845.0,1.308776,1.574293,NLD,BEL,130120
6155147,179,18,5442,1999,1209.0,6273.0,0.420538,1.379359,PRT,BEL,130120
6155148,190,18,5442,1999,390215.0,0.0,-1.321619,-1.162911,SDN,BEL,130120
6155149,192,18,5442,1999,0.0,14586.0,1.355833,0.594305,SGP,BEL,130120
6155150,214,18,5442,1999,28188.0,0.0,-0.449592,-0.828462,TCD,BEL,130120
6155151,231,18,5442,1999,1053.0,0.0,1.8755119999999998,0.5350729999999999,USA,BEL,130120
6155152,236,18,5442,1999,0.0,1778.0,0.16454100000000002,-0.691021,VEN,BEL,130120
6155153,61,23,5442,1999,11895.0,0.0,2.334811,-2.060502,DEU,BGR,130120
6155154,77,23,5442,1999,8943.0,0.0,1.72758,0.6619079999999999,FRA,BGR,130120
6155155,81,25,5442,1999,0.0,25179.0,1.9523830000000002,0.771455,GBR,BHS,130120
6155156,231,31,5442,1999,3279.0,0.0,1.8755119999999998,0.5350729999999999,USA,BOL,130120
6155157,8,41,5442,1999,0.0,2328.0,0.49933500000000003,0.593879,ARG,CHE,130120
6155158,32,41,5442,1999,0.0,2148.0,0.762468,1.191759,BRA,CHE,130120
6155159,49,41,5442,1999,0.0,3971.0,0.190667,0.136271,COL,CHE,130120
6155160,61,41,5442,1999,241749.0,1532.0,2.334811,-2.060502,DEU,CHE,130120
6155161,68,41,5442,1999,0.0,767.0,-0.311879,0.300746,EGY,CHE,130120
6155162,77,41,5442,1999,1982337.0,0.0,1.72758,0.6619079999999999,FRA,CHE,130120
6155163,81,41,5442,1999,618463.0,0.0,1.9523830000000002,0.771455,GBR,CHE,130120
6155164,111,41,5442,1999,4821.0,0.0,1.395253,1.3589790000000002,ITA,CHE,130120
6155165,140,41,5442,1999,0.0,1999.0,0.053132000000000006,0.43408,MKD,CHE,130120
6155166,162,41,5442,1999,3954.0,7500.0,1.308776,1.574293,NLD,CHE,130120
6155167,174,41,5442,1999,0.0,3232.0,-0.401903,-0.333408,PHL,CHE,130120
6155168,177,41,5442,1999,0.0,17858.0,0.8512700000000001,1.8975229999999998,POL,CHE,130120
6155169,185,41,5442,1999,0.0,4045.0,0.253874,0.8322709999999999,ROU,CHE,130120
6155170,189,41,5442,1999,0.0,2202.0,0.607596,2.222456,SCG,CHE,130120
6155171,212,41,5442,1999,0.0,1326.0,-0.996784,-0.6344069999999999,SYR,CHE,130120
6155172,223,41,5442,1999,0.0,2788.0,-0.317866,-0.102551,TUN,CHE,130120
6155173,224,41,5442,1999,0.0,1245.0,0.044692,1.745755,TUR,CHE,130120
6155174,231,41,5442,1999,10607.0,0.0,1.8755119999999998,0.5350729999999999,USA,CHE,130120
6155175,250,41,5442,1999,0.0,2473.0,1.130511,0.9547379999999999,ANS,CHE,130120
6155176,14,43,5442,1999,1478.0,0.0,0.357101,0.8857879999999999,AUS,CHN,130120
6155177,39,43,5442,1999,0.0,2636.0,1.083572,1.08026,CAN,CHN,130120
6155178,42,43,5442,1999,0.0,1290.0,0.041013,-0.111553,CHL,CHN,130120
6155179,61,43,5442,1999,34281.0,0.0,2.334811,-2.060502,DEU,CHN,130120
6155180,71,43,5442,1999,1808.0,0.0,1.0849209999999998,1.9351180000000001,ESP,CHN,130120
6155181,77,43,5442,1999,635527.0,23645.0,1.72758,0.6619079999999999,FRA,CHN,130120
6155182,81,43,5442,1999,133852.0,0.0,1.9523830000000002,0.771455,GBR,CHN,130120
6155183,97,43,5442,1999,56100.0,0.0,0.387427,2.402434,HKG,CHN,130120
6155184,103,43,5442,1999,0.0,84750.0,-0.20447,1.568505,IDN,CHN,130120
6155185,114,43,5442,1999,52800.0,0.0,2.541382,0.693702,JPN,CHN,130120
6155186,116,43,5442,1999,9039.0,0.0,-0.336125,0.43983999999999995,KEN,CHN,130120
6155187,121,43,5442,1999,17954.0,0.0,0.92448,1.053988,KOR,CHN,130120
6155188,153,43,5442,1999,0.0,6202.0,0.500591,0.136149,MYS,CHN,130120
6155189,159,43,5442,1999,59767.0,0.0,-1.9312080000000003,-1.279733,NGA,CHN,130120
6155190,162,43,5442,1999,4704.0,0.0,1.308776,1.574293,NLD,CHN,130120
6155191,174,43,5442,1999,244363.0,0.0,-0.401903,-0.333408,PHL,CHN,130120
6155192,190,43,5442,1999,45487.0,0.0,-1.321619,-1.162911,SDN,CHN,130120
6155193,231,43,5442,1999,7315.0,979134.0,1.8755119999999998,0.5350729999999999,USA,CHN,130120
6155194,249,43,5442,1999,12375.0,0.0,1.336816,1.725334,TWN,CHN,130120
6155195,250,43,5442,1999,1241.0,0.0,1.130511,0.9547379999999999,ANS,CHN,130120
6155196,32,49,5442,1999,0.0,131556.0,0.762468,1.191759,BRA,COL,130120
6155197,41,49,5442,1999,3971.0,0.0,2.189934,0.741428,CHE,COL,130120
6155198,61,49,5442,1999,62691.0,0.0,2.334811,-2.060502,DEU,COL,130120
6155199,77,49,5442,1999,16133.0,0.0,1.72758,0.6619079999999999,FRA,COL,130120
6155200,231,49,5442,1999,38580.0,0.0,1.8755119999999998,0.5350729999999999,USA,COL,130120
6155201,18,52,5442,1999,825.0,0.0,1.512061,1.253478,BEL,CRI,130120
6155202,32,52,5442,1999,0.0,58198.0,0.762468,1.191759,BRA,CRI,130120
6155203,61,52,5442,1999,3768.0,0.0,2.334811,-2.060502,DEU,CRI,130120
6155204,77,52,5442,1999,40389.0,0.0,1.72758,0.6619079999999999,FRA,CRI,130120
6155205,138,52,5442,1999,2355.0,0.0,0.581034,0.8399760000000001,MEX,CRI,130120
6155206,162,52,5442,1999,1014.0,0.0,1.308776,1.574293,NLD,CRI,130120
6155207,231,52,5442,1999,2885.0,0.0,1.8755119999999998,0.5350729999999999,USA,CRI,130120
6155208,61,54,5442,1999,2677.0,0.0,2.334811,-2.060502,DEU,CUB,130120
6155209,138,54,5442,1999,13553.0,0.0,0.581034,0.8399760000000001,MEX,CUB,130120
6155210,8,61,5442,1999,0.0,162209.0,0.49933500000000003,0.593879,ARG,DEU,130120
6155211,14,61,5442,1999,0.0,250328.0,0.357101,0.8857879999999999,AUS,DEU,130120
6155212,15,61,5442,1999,0.0,414131.0,1.836804,0.744312,AUT,DEU,130120
6155213,18,61,5442,1999,105770.0,235967.0,1.512061,1.253478,BEL,DEU,130120
6155214,22,61,5442,1999,0.0,5993.0,-1.258857,-1.140375,BGD,DEU,130120
6155215,23,61,5442,1999,0.0,11895.0,0.311033,1.7375040000000002,BGR,DEU,130120
6155216,32,61,5442,1999,0.0,142967.0,0.762468,1.191759,BRA,DEU,130120
6155217,38,61,5442,1999,266737.0,0.0,-1.079509,-0.9015489999999999,CAF,DEU,130120
6155218,41,61,5442,1999,1532.0,241749.0,2.189934,0.741428,CHE,DEU,130120
6155219,42,61,5442,1999,0.0,127236.0,0.041013,-0.111553,CHL,DEU,130120
6155220,43,61,5442,1999,0.0,34281.0,0.386094,3.270089,CHN,DEU,130120
6155221,45,61,5442,1999,16198.0,0.0,-1.7392470000000002,-1.241373,CMR,DEU,130120
6155222,49,61,5442,1999,0.0,62691.0,0.190667,0.136271,COL,DEU,130120
6155223,52,61,5442,1999,0.0,3768.0,-0.310033,-0.299529,CRI,DEU,130120
6155224,54,61,5442,1999,0.0,2677.0,-0.152322,-0.8734270000000001,CUB,DEU,130120
6155225,59,61,5442,1999,0.0,7406.0,1.412439,1.329385,CZE,DEU,130120
6155226,64,61,5442,1999,0.0,335988.0,1.264405,1.469627,DNK,DEU,130120
6155227,65,61,5442,1999,0.0,1100.0,-0.60436,-0.674701,DOM,DEU,130120
6155228,66,61,5442,1999,0.0,13714.0,-0.701764,-1.175132,DZA,DEU,130120
6155229,67,61,5442,1999,0.0,15902.0,-0.8875299999999999,-0.9117879999999999,ECU,DEU,130120
6155230,68,61,5442,1999,3122.0,1684.0,-0.311879,0.300746,EGY,DEU,130120
6155231,71,61,5442,1999,7176.0,201205.0,1.0849209999999998,1.9351180000000001,ESP,DEU,130120
6155232,73,61,5442,1999,71853.0,2142.0,-1.18759,-1.111391,ETH,DEU,130120
6155233,74,61,5442,1999,0.0,103906.0,2.095642,0.966282,FIN,DEU,130120
6155234,77,61,5442,1999,1534989.0,451326.0,1.72758,0.6619079999999999,FRA,DEU,130120
6155235,81,61,5442,1999,379874.0,319139.0,1.9523830000000002,0.771455,GBR,DEU,130120
6155236,83,61,5442,1999,0.0,4269.0,-0.9444520000000001,-0.905826,GHA,DEU,130120
6155237,90,61,5442,1999,0.0,25226.0,0.24943600000000002,1.172467,GRC,DEU,130120
6155238,93,61,5442,1999,0.0,11024.0,-0.459323,0.210247,GTM,DEU,130120
6155239,97,61,5442,1999,0.0,22888.0,0.387427,2.402434,HKG,DEU,130120
6155240,100,61,5442,1999,0.0,9411.0,0.572934,0.9873639999999999,HRV,DEU,130120
6155241,102,61,5442,1999,0.0,63005.0,0.794675,1.308337,HUN,DEU,130120
6155242,103,61,5442,1999,0.0,5474.0,-0.20447,1.568505,IDN,DEU,130120
6155243,104,61,5442,1999,65435.0,196620.0,0.29945900000000003,2.438702,IND,DEU,130120
6155244,106,61,5442,1999,0.0,25319.0,1.599613,0.37233299999999997,IRL,DEU,130120
6155245,107,61,5442,1999,9223.0,214839.0,-0.9366620000000001,-1.147602,IRN,DEU,130120
6155246,109,61,5442,1999,0.0,81056.0,0.377701,-0.355798,ISL,DEU,130120
6155247,110,61,5442,1999,0.0,2563.0,1.342593,0.781931,ISR,DEU,130120
6155248,111,61,5442,1999,11293.0,220793.0,1.395253,1.3589790000000002,ITA,DEU,130120
6155249,113,61,5442,1999,0.0,4198.0,0.475995,0.514447,JOR,DEU,130120
6155250,114,61,5442,1999,8841.0,207354.0,2.541382,0.693702,JPN,DEU,130120
6155251,116,61,5442,1999,0.0,4322.0,-0.336125,0.43983999999999995,KEN,DEU,130120
6155252,121,61,5442,1999,0.0,66191.0,0.92448,1.053988,KOR,DEU,130120
6155253,122,61,5442,1999,0.0,1099.0,0.028312999999999998,-1.0742770000000001,KWT,DEU,130120
6155254,128,61,5442,1999,0.0,5082.0,-0.8875649999999999,-0.059249,LKA,DEU,130120
6155255,130,61,5442,1999,0.0,10912.0,0.197536,0.5041899999999999,LTU,DEU,130120
6155256,134,61,5442,1999,0.0,5722.0,-0.659053,-0.142104,MAR,DEU,130120
6155257,138,61,5442,1999,0.0,567368.0,0.581034,0.8399760000000001,MEX,DEU,130120
6155258,140,61,5442,1999,0.0,1060.0,0.053132000000000006,0.43408,MKD,DEU,130120
6155259,143,61,5442,1999,0.0,19493.0,-1.4991299999999999,-0.984557,MMR,DEU,130120
6155260,153,61,5442,1999,0.0,14468.0,0.500591,0.136149,MYS,DEU,130120
6155261,159,61,5442,1999,463789.0,5272.0,-1.9312080000000003,-1.279733,NGA,DEU,130120
6155262,162,61,5442,1999,90779.0,493582.0,1.308776,1.574293,NLD,DEU,130120
6155263,163,61,5442,1999,0.0,350766.0,1.1012959999999998,0.240184,NOR,DEU,130120
6155264,166,61,5442,1999,0.0,12062.0,0.592051,0.780176,NZL,DEU,130120
6155265,168,61,5442,1999,0.0,9149.0,-1.047891,-0.525612,PAK,DEU,130120
6155266,169,61,5442,1999,0.0,6360.0,0.126144,0.491986,PAN,DEU,130120
6155267,173,61,5442,1999,0.0,5834.0,-0.367489,0.11813399999999999,PER,DEU,130120
6155268,174,61,5442,1999,0.0,37646.0,-0.401903,-0.333408,PHL,DEU,130120
6155269,177,61,5442,1999,0.0,86051.0,0.8512700000000001,1.8975229999999998,POL,DEU,130120
6155270,179,61,5442,1999,0.0,74898.0,0.420538,1.379359,PRT,DEU,130120
6155271,180,61,5442,1999,0.0,979.0,-0.541387,-0.863967,PRY,DEU,130120
6155272,185,61,5442,1999,0.0,41200.0,0.253874,0.8322709999999999,ROU,DEU,130120
6155273,186,61,5442,1999,0.0,61550.0,0.903308,0.590858,RUS,DEU,130120
6155274,188,61,5442,1999,0.0,15472.0,0.553028,-0.527401,SAU,DEU,130120
6155275,190,61,5442,1999,1968495.0,2903.0,-1.321619,-1.162911,SDN,DEU,130120
6155276,192,61,5442,1999,0.0,22612.0,1.355833,0.594305,SGP,DEU,130120
6155277,197,61,5442,1999,0.0,934.0,-0.263572,-0.121576,SLV,DEU,130120
6155278,207,61,5442,1999,0.0,33172.0,1.447589,1.284414,SVN,DEU,130120
6155279,208,61,5442,1999,0.0,31016.0,2.1456720000000002,0.856556,SWE,DEU,130120
6155280,214,61,5442,1999,457923.0,0.0,-0.449592,-0.828462,TCD,DEU,130120
6155281,216,61,5442,1999,0.0,42047.0,0.20451,1.513533,THA,DEU,130120
6155282,222,61,5442,1999,0.0,28717.0,0.258046,-0.562956,TTO,DEU,130120
6155283,223,61,5442,1999,0.0,2069.0,-0.317866,-0.102551,TUN,DEU,130120
6155284,224,61,5442,1999,0.0,76496.0,0.044692,1.745755,TUR,DEU,130120
6155285,230,61,5442,1999,0.0,7112.0,0.26815700000000003,0.307394,URY,DEU,130120
6155286,231,61,5442,1999,21149.0,166894.0,1.8755119999999998,0.5350729999999999,USA,DEU,130120
6155287,236,61,5442,1999,0.0,53177.0,0.16454100000000002,-0.691021,VEN,DEU,130120
6155288,239,61,5442,1999,0.0,30580.0,-0.9824940000000001,0.115755,VNM,DEU,130120
6155289,243,61,5442,1999,0.0,1659.0,-1.746447,-1.296571,YEM,DEU,130120
6155290,246,61,5442,1999,0.0,63000.0,0.543171,1.432792,ZAF,DEU,130120
6155291,249,61,5442,1999,0.0,48557.0,1.336816,1.725334,TWN,DEU,130120
6155292,28,64,5442,1999,0.0,1026.0,0.7516579999999999,1.169072,BLR,DNK,130120
6155293,61,64,5442,1999,335988.0,0.0,2.334811,-2.060502,DEU,DNK,130120
6155294,71,64,5442,1999,0.0,10479.0,1.0849209999999998,1.9351180000000001,ESP,DNK,130120
6155295,74,64,5442,1999,0.0,4506.0,2.095642,0.966282,FIN,DNK,130120
6155296,77,64,5442,1999,596579.0,0.0,1.72758,0.6619079999999999,FRA,DNK,130120
6155297,81,64,5442,1999,471933.0,1589.0,1.9523830000000002,0.771455,GBR,DNK,130120
6155298,109,64,5442,1999,0.0,2836.0,0.377701,-0.355798,ISL,DNK,130120
6155299,124,64,5442,1999,0.0,1218.0,0.264151,0.767188,LBN,DNK,130120
6155300,163,64,5442,1999,0.0,1859.0,1.1012959999999998,0.240184,NOR,DNK,130120
6155301,208,64,5442,1999,1491.0,2365.0,2.1456720000000002,0.856556,SWE,DNK,130120
6155302,231,64,5442,1999,0.0,7385.0,1.8755119999999998,0.5350729999999999,USA,DNK,130120
6155303,61,67,5442,1999,15902.0,0.0,2.334811,-2.060502,DEU,ECU,130120
6155304,65,67,5442,1999,0.0,1459.0,-0.60436,-0.674701,DOM,ECU,130120
6155305,77,67,5442,1999,65216.0,0.0,1.72758,0.6619079999999999,FRA,ECU,130120
6155306,231,67,5442,1999,17069.0,0.0,1.8755119999999998,0.5350729999999999,USA,ECU,130120
6155307,18,71,5442,1999,7877.0,1535.0,1.512061,1.253478,BEL,ESP,130120
6155308,32,71,5442,1999,0.0,9826.0,0.762468,1.191759,BRA,ESP,130120
6155309,42,71,5442,1999,0.0,2324.0,0.041013,-0.111553,CHL,ESP,130120
6155310,43,71,5442,1999,0.0,1808.0,0.386094,3.270089,CHN,ESP,130120
6155311,61,71,5442,1999,201205.0,7176.0,2.334811,-2.060502,DEU,ESP,130120
6155312,64,71,5442,1999,10479.0,0.0,1.264405,1.469627,DNK,ESP,130120
6155313,73,71,5442,1999,3164.0,0.0,-1.18759,-1.111391,ETH,ESP,130120
6155314,77,71,5442,1999,591533.0,0.0,1.72758,0.6619079999999999,FRA,ESP,130120
6155315,81,71,5442,1999,32449.0,0.0,1.9523830000000002,0.771455,GBR,ESP,130120
6155316,90,71,5442,1999,0.0,2584.0,0.24943600000000002,1.172467,GRC,ESP,130120
6155317,104,71,5442,1999,10917.0,0.0,0.29945900000000003,2.438702,IND,ESP,130120
6155318,111,71,5442,1999,11837.0,0.0,1.395253,1.3589790000000002,ITA,ESP,130120
6155319,134,71,5442,1999,0.0,18990.0,-0.659053,-0.142104,MAR,ESP,130120
6155320,162,71,5442,1999,6771.0,0.0,1.308776,1.574293,NLD,ESP,130120
6155321,179,71,5442,1999,0.0,16767.0,0.420538,1.379359,PRT,ESP,130120
6155322,188,71,5442,1999,0.0,339287.0,0.553028,-0.527401,SAU,ESP,130120
6155323,223,71,5442,1999,0.0,971.0,-0.317866,-0.102551,TUN,ESP,130120
6155324,230,71,5442,1999,0.0,2031.0,0.26815700000000003,0.307394,URY,ESP,130120
6155325,231,71,5442,1999,16419.0,0.0,1.8755119999999998,0.5350729999999999,USA,ESP,130120
6155326,61,73,5442,1999,2142.0,71853.0,2.334811,-2.060502,DEU,ETH,130120
6155327,71,73,5442,1999,0.0,3164.0,1.0849209999999998,1.9351180000000001,ESP,ETH,130120
6155328,81,73,5442,1999,28928.0,0.0,1.9523830000000002,0.771455,GBR,ETH,130120
6155329,90,73,5442,1999,0.0,15383.0,0.24943600000000002,1.172467,GRC,ETH,130120
6155330,104,73,5442,1999,1732.0,0.0,0.29945900000000003,2.438702,IND,ETH,130120
6155331,111,73,5442,1999,0.0,2780.0,1.395253,1.3589790000000002,ITA,ETH,130120
6155332,188,73,5442,1999,0.0,20837.0,0.553028,-0.527401,SAU,ETH,130120
6155333,192,73,5442,1999,5036.0,0.0,1.355833,0.594305,SGP,ETH,130120
6155334,61,74,5442,1999,103906.0,0.0,2.334811,-2.060502,DEU,FIN,130120
6155335,64,74,5442,1999,4506.0,0.0,1.264405,1.469627,DNK,FIN,130120
6155336,77,74,5442,1999,81967.0,0.0,1.72758,0.6619079999999999,FRA,FIN,130120
6155337,81,74,5442,1999,0.0,1872.0,1.9523830000000002,0.771455,GBR,FIN,130120
6155338,190,74,5442,1999,345868.0,0.0,-1.321619,-1.162911,SDN,FIN,130120
6155339,7,77,5442,1999,0.0,6514.0,-0.21921,-0.54813,ARE,FRA,130120
6155340,8,77,5442,1999,0.0,524478.0,0.49933500000000003,0.593879,ARG,FRA,130120
6155341,14,77,5442,1999,0.0,382979.0,0.357101,0.8857879999999999,AUS,FRA,130120
6155342,15,77,5442,1999,5889.0,5598.0,1.836804,0.744312,AUT,FRA,130120
6155343,16,77,5442,1999,0.0,2126.0,-0.076295,-0.742161,AZE,FRA,130120
6155344,18,77,5442,1999,517141.0,749085.0,1.512061,1.253478,BEL,FRA,130120
6155345,19,77,5442,1999,17814.0,0.0,-1.033831,-0.858941,BEN,FRA,130120
6155346,23,77,5442,1999,0.0,8943.0,0.311033,1.7375040000000002,BGR,FRA,130120
6155347,32,77,5442,1999,0.0,1051284.0,0.762468,1.191759,BRA,FRA,130120
6155348,38,77,5442,1999,229085.0,0.0,-1.079509,-0.9015489999999999,CAF,FRA,130120
6155349,39,77,5442,1999,0.0,87174.0,1.083572,1.08026,CAN,FRA,130120
6155350,41,77,5442,1999,0.0,1982337.0,2.189934,0.741428,CHE,FRA,130120
6155351,42,77,5442,1999,0.0,290831.0,0.041013,-0.111553,CHL,FRA,130120
6155352,43,77,5442,1999,23645.0,635527.0,0.386094,3.270089,CHN,FRA,130120
6155353,44,77,5442,1999,1427.0,0.0,-0.591892,-0.654457,CIV,FRA,130120
6155354,45,77,5442,1999,393522.0,0.0,-1.7392470000000002,-1.241373,CMR,FRA,130120
6155355,49,77,5442,1999,0.0,16133.0,0.190667,0.136271,COL,FRA,130120
6155356,52,77,5442,1999,0.0,40389.0,-0.310033,-0.299529,CRI,FRA,130120
6155357,59,77,5442,1999,0.0,62768.0,1.412439,1.329385,CZE,FRA,130120
6155358,61,77,5442,1999,451326.0,1534989.0,2.334811,-2.060502,DEU,FRA,130120
6155359,64,77,5442,1999,0.0,596579.0,1.264405,1.469627,DNK,FRA,130120
6155360,66,77,5442,1999,0.0,448894.0,-0.701764,-1.175132,DZA,FRA,130120
6155361,67,77,5442,1999,0.0,65216.0,-0.8875299999999999,-0.9117879999999999,ECU,FRA,130120
6155362,68,77,5442,1999,0.0,343433.0,-0.311879,0.300746,EGY,FRA,130120
6155363,69,77,5442,1999,438362.0,0.0,0.160222,-0.528174,ERI,FRA,130120
6155364,71,77,5442,1999,0.0,591533.0,1.0849209999999998,1.9351180000000001,ESP,FRA,130120
6155365,74,77,5442,1999,0.0,81967.0,2.095642,0.966282,FIN,FRA,130120
6155366,81,77,5442,1999,2051926.0,3300896.0,1.9523830000000002,0.771455,GBR,FRA,130120
6155367,90,77,5442,1999,0.0,36830.0,0.24943600000000002,1.172467,GRC,FRA,130120
6155368,97,77,5442,1999,0.0,92032.0,0.387427,2.402434,HKG,FRA,130120
6155369,102,77,5442,1999,0.0,70445.0,0.794675,1.308337,HUN,FRA,130120
6155370,103,77,5442,1999,4884.0,359758.0,-0.20447,1.568505,IDN,FRA,130120
6155371,104,77,5442,1999,80814.0,34791.0,0.29945900000000003,2.438702,IND,FRA,130120
6155372,106,77,5442,1999,0.0,1523819.0,1.599613,0.37233299999999997,IRL,FRA,130120
6155373,107,77,5442,1999,117000.0,87810.0,-0.9366620000000001,-1.147602,IRN,FRA,130120
6155374,109,77,5442,1999,0.0,2969.0,0.377701,-0.355798,ISL,FRA,130120
6155375,110,77,5442,1999,0.0,176708.0,1.342593,0.781931,ISR,FRA,130120
6155376,111,77,5442,1999,11170.0,1548328.0,1.395253,1.3589790000000002,ITA,FRA,130120
6155377,113,77,5442,1999,0.0,1075.0,0.475995,0.514447,JOR,FRA,130120
6155378,114,77,5442,1999,2370.0,533750.0,2.541382,0.693702,JPN,FRA,130120
6155379,116,77,5442,1999,0.0,142052.0,-0.336125,0.43983999999999995,KEN,FRA,130120
6155380,121,77,5442,1999,0.0,278996.0,0.92448,1.053988,KOR,FRA,130120
6155381,124,77,5442,1999,0.0,4495.0,0.264151,0.767188,LBN,FRA,130120
6155382,128,77,5442,1999,0.0,6573.0,-0.8875649999999999,-0.059249,LKA,FRA,130120
6155383,130,77,5442,1999,0.0,6337.0,0.197536,0.5041899999999999,LTU,FRA,130120
6155384,131,77,5442,1999,0.0,5937.0,1.499745,1.142951,LUX,FRA,130120
6155385,134,77,5442,1999,0.0,285180.0,-0.659053,-0.142104,MAR,FRA,130120
6155386,135,77,5442,1999,0.0,1849.0,-0.16408,-0.08062000000000001,MDA,FRA,130120
6155387,138,77,5442,1999,0.0,670692.0,0.581034,0.8399760000000001,MEX,FRA,130120
6155388,141,77,5442,1999,90897.0,0.0,-0.8019149999999999,-0.9337979999999999,MLI,FRA,130120
6155389,153,77,5442,1999,0.0,40604.0,0.500591,0.136149,MYS,FRA,130120
6155390,157,77,5442,1999,32805.0,0.0,-0.539842,-0.762977,NER,FRA,130120
6155391,159,77,5442,1999,760195.0,132082.0,-1.9312080000000003,-1.279733,NGA,FRA,130120
6155392,162,77,5442,1999,60838.0,615455.0,1.308776,1.574293,NLD,FRA,130120
6155393,163,77,5442,1999,0.0,329773.0,1.1012959999999998,0.240184,NOR,FRA,130120
6155394,166,77,5442,1999,0.0,20931.0,0.592051,0.780176,NZL,FRA,130120
6155395,168,77,5442,1999,0.0,156590.0,-1.047891,-0.525612,PAK,FRA,130120
6155396,173,77,5442,1999,0.0,21700.0,-0.367489,0.11813399999999999,PER,FRA,130120
6155397,174,77,5442,1999,20801.0,707093.0,-0.401903,-0.333408,PHL,FRA,130120
6155398,177,77,5442,1999,0.0,436795.0,0.8512700000000001,1.8975229999999998,POL,FRA,130120
6155399,179,77,5442,1999,0.0,218922.0,0.420538,1.379359,PRT,FRA,130120
6155400,185,77,5442,1999,0.0,26893.0,0.253874,0.8322709999999999,ROU,FRA,130120
6155401,186,77,5442,1999,0.0,255766.0,0.903308,0.590858,RUS,FRA,130120
6155402,188,77,5442,1999,25630.0,2752.0,0.553028,-0.527401,SAU,FRA,130120
6155403,189,77,5442,1999,0.0,3436.0,0.607596,2.222456,SCG,FRA,130120
6155404,190,77,5442,1999,6538264.0,0.0,-1.321619,-1.162911,SDN,FRA,130120
6155405,191,77,5442,1999,101392.0,0.0,-0.472473,-0.462562,SEN,FRA,130120
6155406,192,77,5442,1999,0.0,96861.0,1.355833,0.594305,SGP,FRA,130120
6155407,206,77,5442,1999,0.0,12969.0,1.133942,1.105742,SVK,FRA,130120
6155408,207,77,5442,1999,0.0,150802.0,1.447589,1.284414,SVN,FRA,130120
6155409,208,77,5442,1999,0.0,195438.0,2.1456720000000002,0.856556,SWE,FRA,130120
6155410,212,77,5442,1999,0.0,26947.0,-0.996784,-0.6344069999999999,SYR,FRA,130120
6155411,214,77,5442,1999,3831157.0,0.0,-0.449592,-0.828462,TCD,FRA,130120
6155412,216,77,5442,1999,4454.0,67136.0,0.20451,1.513533,THA,FRA,130120
6155413,223,77,5442,1999,0.0,29106.0,-0.317866,-0.102551,TUN,FRA,130120
6155414,224,77,5442,1999,11795.0,92634.0,0.044692,1.745755,TUR,FRA,130120
6155415,226,77,5442,1999,16709.0,0.0,-1.068358,-0.54693,TZA,FRA,130120
6155416,230,77,5442,1999,0.0,1766.0,0.26815700000000003,0.307394,URY,FRA,130120
6155417,231,77,5442,1999,142461.0,12623940.0,1.8755119999999998,0.5350729999999999,USA,FRA,130120
6155418,236,77,5442,1999,0.0,56378.0,0.16454100000000002,-0.691021,VEN,FRA,130120
6155419,246,77,5442,1999,0.0,701878.0,0.543171,1.432792,ZAF,FRA,130120
6155420,249,77,5442,1999,0.0,49086.0,1.336816,1.725334,TWN,FRA,130120
6155421,250,77,5442,1999,258331.0,0.0,1.130511,0.9547379999999999,ANS,FRA,130120
6155422,7,81,5442,1999,35345.0,2716.0,-0.21921,-0.54813,ARE,GBR,130120
6155423,8,81,5442,1999,0.0,29638.0,0.49933500000000003,0.593879,ARG,GBR,130120
6155424,13,81,5442,1999,0.0,2657.0,0.6179140000000001,0.156854,ATG,GBR,130120
6155425,14,81,5442,1999,0.0,48415.0,0.357101,0.8857879999999999,AUS,GBR,130120
6155426,15,81,5442,1999,0.0,2229.0,1.836804,0.744312,AUT,GBR,130120
6155427,18,81,5442,1999,675918.0,1581613.0,1.512061,1.253478,BEL,GBR,130120
6155428,22,81,5442,1999,0.0,1751.0,-1.258857,-1.140375,BGD,GBR,130120
6155429,25,81,5442,1999,25179.0,0.0,0.91869,-0.152588,BHS,GBR,130120
6155430,32,81,5442,1999,0.0,4867.0,0.762468,1.191759,BRA,GBR,130120
6155431,39,81,5442,1999,0.0,3864.0,1.083572,1.08026,CAN,GBR,130120
6155432,41,81,5442,1999,0.0,618463.0,2.189934,0.741428,CHE,GBR,130120
6155433,43,81,5442,1999,0.0,133852.0,0.386094,3.270089,CHN,GBR,130120
6155434,45,81,5442,1999,282273.0,0.0,-1.7392470000000002,-1.241373,CMR,GBR,130120
6155435,58,81,5442,1999,0.0,3213.0,0.508464,0.324706,CYP,GBR,130120
6155436,61,81,5442,1999,319139.0,379874.0,2.334811,-2.060502,DEU,GBR,130120
6155437,64,81,5442,1999,1589.0,471933.0,1.264405,1.469627,DNK,GBR,130120
6155438,68,81,5442,1999,0.0,1363.0,-0.311879,0.300746,EGY,GBR,130120
6155439,69,81,5442,1999,22225.0,0.0,0.160222,-0.528174,ERI,GBR,130120
6155440,71,81,5442,1999,0.0,32449.0,1.0849209999999998,1.9351180000000001,ESP,GBR,130120
6155441,73,81,5442,1999,0.0,28928.0,-1.18759,-1.111391,ETH,GBR,130120
6155442,74,81,5442,1999,1872.0,0.0,2.095642,0.966282,FIN,GBR,130120
6155443,77,81,5442,1999,3300896.0,2051926.0,1.72758,0.6619079999999999,FRA,GBR,130120
6155444,83,81,5442,1999,0.0,4760.0,-0.9444520000000001,-0.905826,GHA,GBR,130120
6155445,90,81,5442,1999,0.0,27754.0,0.24943600000000002,1.172467,GRC,GBR,130120
6155446,97,81,5442,1999,0.0,37288.0,0.387427,2.402434,HKG,GBR,130120
6155447,103,81,5442,1999,0.0,53564.0,-0.20447,1.568505,IDN,GBR,130120
6155448,104,81,5442,1999,13999.0,24013.0,0.29945900000000003,2.438702,IND,GBR,130120
6155449,106,81,5442,1999,0.0,79684.0,1.599613,0.37233299999999997,IRL,GBR,130120
6155450,107,81,5442,1999,0.0,1390.0,-0.9366620000000001,-1.147602,IRN,GBR,130120
6155451,109,81,5442,1999,0.0,1108.0,0.377701,-0.355798,ISL,GBR,130120
6155452,110,81,5442,1999,0.0,8695.0,1.342593,0.781931,ISR,GBR,130120
6155453,111,81,5442,1999,0.0,1099977.0,1.395253,1.3589790000000002,ITA,GBR,130120
6155454,112,81,5442,1999,0.0,1220.0,-0.852468,-0.9670290000000001,JAM,GBR,130120
6155455,113,81,5442,1999,0.0,3177.0,0.475995,0.514447,JOR,GBR,130120
6155456,114,81,5442,1999,42780.0,47408.0,2.541382,0.693702,JPN,GBR,130120
6155457,116,81,5442,1999,0.0,7603.0,-0.336125,0.43983999999999995,KEN,GBR,130120
6155458,121,81,5442,1999,0.0,10494.0,0.92448,1.053988,KOR,GBR,130120
6155459,123,81,5442,1999,78457.0,0.0,-1.429411,-1.243248,LAO,GBR,130120
6155460,134,81,5442,1999,0.0,2011.0,-0.659053,-0.142104,MAR,GBR,130120
6155461,138,81,5442,1999,0.0,81311.0,0.581034,0.8399760000000001,MEX,GBR,130120
6155462,142,81,5442,1999,0.0,3405.0,0.9998450000000001,0.009412,MLT,GBR,130120
6155463,153,81,5442,1999,0.0,1669.0,0.500591,0.136149,MYS,GBR,130120
6155464,159,81,5442,1999,409369.0,5408.0,-1.9312080000000003,-1.279733,NGA,GBR,130120
6155465,162,81,5442,1999,36424.0,962551.0,1.308776,1.574293,NLD,GBR,130120
6155466,163,81,5442,1999,44821.0,561762.0,1.1012959999999998,0.240184,NOR,GBR,130120
6155467,166,81,5442,1999,0.0,2545.0,0.592051,0.780176,NZL,GBR,130120
6155468,168,81,5442,1999,0.0,17117.0,-1.047891,-0.525612,PAK,GBR,130120
6155469,174,81,5442,1999,0.0,204699.0,-0.401903,-0.333408,PHL,GBR,130120
6155470,177,81,5442,1999,0.0,22977.0,0.8512700000000001,1.8975229999999998,POL,GBR,130120
6155471,179,81,5442,1999,0.0,15805.0,0.420538,1.379359,PRT,GBR,130120
6155472,185,81,5442,1999,4751.0,3326.0,0.253874,0.8322709999999999,ROU,GBR,130120
6155473,188,81,5442,1999,0.0,2280.0,0.553028,-0.527401,SAU,GBR,130120
6155474,190,81,5442,1999,225666.0,0.0,-1.321619,-1.162911,SDN,GBR,130120
6155475,191,81,5442,1999,33483.0,0.0,-0.472473,-0.462562,SEN,GBR,130120
6155476,192,81,5442,1999,0.0,60803.0,1.355833,0.594305,SGP,GBR,130120
6155477,208,81,5442,1999,0.0,6767.0,2.1456720000000002,0.856556,SWE,GBR,130120
6155478,214,81,5442,1999,75807.0,0.0,-0.449592,-0.828462,TCD,GBR,130120
6155479,216,81,5442,1999,0.0,44492.0,0.20451,1.513533,THA,GBR,130120
6155480,231,81,5442,1999,2358665.0,661837.0,1.8755119999999998,0.5350729999999999,USA,GBR,130120
6155481,239,81,5442,1999,0.0,30675.0,-0.9824940000000001,0.115755,VNM,GBR,130120
6155482,246,81,5442,1999,0.0,11382.0,0.543171,1.432792,ZAF,GBR,130120
6155483,249,81,5442,1999,0.0,54982.0,1.336816,1.725334,TWN,GBR,130120
6155484,15,90,5442,1999,30848.0,0.0,1.836804,0.744312,AUT,GRC,130120
6155485,61,90,5442,1999,25226.0,0.0,2.334811,-2.060502,DEU,GRC,130120
6155486,71,90,5442,1999,2584.0,0.0,1.0849209999999998,1.9351180000000001,ESP,GRC,130120
6155487,73,90,5442,1999,15383.0,0.0,-1.18759,-1.111391,ETH,GRC,130120
6155488,77,90,5442,1999,36830.0,0.0,1.72758,0.6619079999999999,FRA,GRC,130120
6155489,81,90,5442,1999,27754.0,0.0,1.9523830000000002,0.771455,GBR,GRC,130120
6155490,110,90,5442,1999,0.0,28192.0,1.342593,0.781931,ISR,GRC,130120
6155491,111,90,5442,1999,4075.0,0.0,1.395253,1.3589790000000002,ITA,GRC,130120
6155492,134,90,5442,1999,0.0,2040.0,-0.659053,-0.142104,MAR,GRC,130120
6155493,185,90,5442,1999,0.0,2540.0,0.253874,0.8322709999999999,ROU,GRC,130120
6155494,61,93,5442,1999,11024.0,0.0,2.334811,-2.060502,DEU,GTM,130120
6155495,97,93,5442,1999,4411.0,0.0,0.387427,2.402434,HKG,GTM,130120
6155496,99,93,5442,1999,0.0,3792.0,-0.8858290000000001,-0.530034,HND,GTM,130120
6155497,197,93,5442,1999,0.0,4869.0,-0.263572,-0.121576,SLV,GTM,130120
6155498,231,93,5442,1999,2812.0,0.0,1.8755119999999998,0.5350729999999999,USA,GTM,130120
6155499,14,97,5442,1999,8230.0,0.0,0.357101,0.8857879999999999,AUS,HKG,130120
6155500,43,97,5442,1999,0.0,56100.0,0.386094,3.270089,CHN,HKG,130120
6155501,61,97,5442,1999,22888.0,0.0,2.334811,-2.060502,DEU,HKG,130120
6155502,77,97,5442,1999,92032.0,0.0,1.72758,0.6619079999999999,FRA,HKG,130120
6155503,81,97,5442,1999,37288.0,0.0,1.9523830000000002,0.771455,GBR,HKG,130120
6155504,93,97,5442,1999,0.0,4411.0,-0.459323,0.210247,GTM,HKG,130120
6155505,104,97,5442,1999,38051.0,0.0,0.29945900000000003,2.438702,IND,HKG,130120
6155506,153,97,5442,1999,1368.0,0.0,0.500591,0.136149,MYS,HKG,130120
6155507,159,97,5442,1999,21008.0,0.0,-1.9312080000000003,-1.279733,NGA,HKG,130120
6155508,192,97,5442,1999,61110.0,0.0,1.355833,0.594305,SGP,HKG,130120
6155509,216,97,5442,1999,0.0,972.0,0.20451,1.513533,THA,HKG,130120
6155510,231,97,5442,1999,3006.0,0.0,1.8755119999999998,0.5350729999999999,USA,HKG,130120
6155511,249,97,5442,1999,5666.0,12575.0,1.336816,1.725334,TWN,HKG,130120
6155512,18,103,5442,1999,16278.0,0.0,1.512061,1.253478,BEL,IDN,130120
6155513,43,103,5442,1999,84750.0,0.0,0.386094,3.270089,CHN,IDN,130120
6155514,61,103,5442,1999,5474.0,0.0,2.334811,-2.060502,DEU,IDN,130120
6155515,66,103,5442,1999,0.0,27415.0,-0.701764,-1.175132,DZA,IDN,130120
6155516,77,103,5442,1999,359758.0,4884.0,1.72758,0.6619079999999999,FRA,IDN,130120
6155517,81,103,5442,1999,53564.0,0.0,1.9523830000000002,0.771455,GBR,IDN,130120
6155518,104,103,5442,1999,4340.0,0.0,0.29945900000000003,2.438702,IND,IDN,130120
6155519,111,103,5442,1999,2463.0,0.0,1.395253,1.3589790000000002,ITA,IDN,130120
6155520,114,103,5442,1999,1962.0,0.0,2.541382,0.693702,JPN,IDN,130120
6155521,153,103,5442,1999,0.0,46689.0,0.500591,0.136149,MYS,IDN,130120
6155522,162,103,5442,1999,22161.0,20288.0,1.308776,1.574293,NLD,IDN,130120
6155523,168,103,5442,1999,0.0,33237.0,-1.047891,-0.525612,PAK,IDN,130120
6155524,174,103,5442,1999,929.0,0.0,-0.401903,-0.333408,PHL,IDN,130120
6155525,192,103,5442,1999,13800.0,0.0,1.355833,0.594305,SGP,IDN,130120
6155526,216,103,5442,1999,1730.0,0.0,0.20451,1.513533,THA,IDN,130120
6155527,224,103,5442,1999,0.0,66556.0,0.044692,1.745755,TUR,IDN,130120
6155528,231,103,5442,1999,32263.0,0.0,1.8755119999999998,0.5350729999999999,USA,IDN,130120
6155529,16,106,5442,1999,0.0,545.0,-0.076295,-0.742161,AZE,IRL,130120
6155530,32,106,5442,1999,0.0,1153.0,0.762468,1.191759,BRA,IRL,130120
6155531,61,106,5442,1999,25319.0,0.0,2.334811,-2.060502,DEU,IRL,130120
6155532,77,106,5442,1999,1523819.0,0.0,1.72758,0.6619079999999999,FRA,IRL,130120
6155533,81,106,5442,1999,79684.0,0.0,1.9523830000000002,0.771455,GBR,IRL,130120
6155534,162,106,5442,1999,1127.0,0.0,1.308776,1.574293,NLD,IRL,130120
6155535,188,106,5442,1999,0.0,8560.0,0.553028,-0.527401,SAU,IRL,130120
6155536,231,106,5442,1999,76263.0,0.0,1.8755119999999998,0.5350729999999999,USA,IRL,130120
6155537,8,111,5442,1999,0.0,5587.0,0.49933500000000003,0.593879,ARG,ITA,130120
6155538,14,111,5442,1999,0.0,9978.0,0.357101,0.8857879999999999,AUS,ITA,130120
6155539,15,111,5442,1999,0.0,17454.0,1.836804,0.744312,AUT,ITA,130120
6155540,18,111,5442,1999,27791.0,0.0,1.512061,1.253478,BEL,ITA,130120
6155541,32,111,5442,1999,0.0,17132.0,0.762468,1.191759,BRA,ITA,130120
6155542,39,111,5442,1999,0.0,3094.0,1.083572,1.08026,CAN,ITA,130120
6155543,41,111,5442,1999,0.0,4821.0,2.189934,0.741428,CHE,ITA,130120
6155544,59,111,5442,1999,0.0,3237.0,1.412439,1.329385,CZE,ITA,130120
6155545,61,111,5442,1999,220793.0,11293.0,2.334811,-2.060502,DEU,ITA,130120
6155546,66,111,5442,1999,0.0,1257.0,-0.701764,-1.175132,DZA,ITA,130120
6155547,68,111,5442,1999,0.0,3444.0,-0.311879,0.300746,EGY,ITA,130120
6155548,71,111,5442,1999,0.0,11837.0,1.0849209999999998,1.9351180000000001,ESP,ITA,130120
6155549,73,111,5442,1999,2780.0,0.0,-1.18759,-1.111391,ETH,ITA,130120
6155550,77,111,5442,1999,1548328.0,11170.0,1.72758,0.6619079999999999,FRA,ITA,130120
6155551,81,111,5442,1999,1099977.0,0.0,1.9523830000000002,0.771455,GBR,ITA,130120
6155552,90,111,5442,1999,0.0,4075.0,0.24943600000000002,1.172467,GRC,ITA,130120
6155553,100,111,5442,1999,0.0,3829.0,0.572934,0.9873639999999999,HRV,ITA,130120
6155554,102,111,5442,1999,0.0,5724.0,0.794675,1.308337,HUN,ITA,130120
6155555,103,111,5442,1999,0.0,2463.0,-0.20447,1.568505,IDN,ITA,130120
6155556,104,111,5442,1999,0.0,1790.0,0.29945900000000003,2.438702,IND,ITA,130120
6155557,113,111,5442,1999,0.0,18907.0,0.475995,0.514447,JOR,ITA,130120
6155558,134,111,5442,1999,0.0,1385.0,-0.659053,-0.142104,MAR,ITA,130120
6155559,140,111,5442,1999,0.0,4051.0,0.053132000000000006,0.43408,MKD,ITA,130120
6155560,142,111,5442,1999,0.0,2934.0,0.9998450000000001,0.009412,MLT,ITA,130120
6155561,162,111,5442,1999,34260.0,0.0,1.308776,1.574293,NLD,ITA,130120
6155562,179,111,5442,1999,0.0,5915.0,0.420538,1.379359,PRT,ITA,130120
6155563,189,111,5442,1999,0.0,3440.0,0.607596,2.222456,SCG,ITA,130120
6155564,190,111,5442,1999,2344439.0,0.0,-1.321619,-1.162911,SDN,ITA,130120
6155565,199,111,5442,1999,9514.0,0.0,-0.763865,-0.8889090000000001,SOM,ITA,130120
6155566,206,111,5442,1999,0.0,1628.0,1.133942,1.105742,SVK,ITA,130120
6155567,224,111,5442,1999,0.0,2070.0,0.044692,1.745755,TUR,ITA,130120
6155568,231,111,5442,1999,3256.0,0.0,1.8755119999999998,0.5350729999999999,USA,ITA,130120
6155569,246,111,5442,1999,0.0,4612.0,0.543171,1.432792,ZAF,ITA,130120
6155570,81,112,5442,1999,1220.0,0.0,1.9523830000000002,0.771455,GBR,JAM,130120
6155571,231,112,5442,1999,38484.0,0.0,1.8755119999999998,0.5350729999999999,USA,JAM,130120
6155572,32,121,5442,1999,41731.0,0.0,0.762468,1.191759,BRA,KOR,130120
6155573,43,121,5442,1999,0.0,17954.0,0.386094,3.270089,CHN,KOR,130120
6155574,61,121,5442,1999,66191.0,0.0,2.334811,-2.060502,DEU,KOR,130120
6155575,77,121,5442,1999,278996.0,0.0,1.72758,0.6619079999999999,FRA,KOR,130120
6155576,81,121,5442,1999,10494.0,0.0,1.9523830000000002,0.771455,GBR,KOR,130120
6155577,104,121,5442,1999,0.0,17060.0,0.29945900000000003,2.438702,IND,KOR,130120
6155578,114,121,5442,1999,16857.0,0.0,2.541382,0.693702,JPN,KOR,130120
6155579,153,121,5442,1999,0.0,1420.0,0.500591,0.136149,MYS,KOR,130120
6155580,190,121,5442,1999,201314.0,0.0,-1.321619,-1.162911,SDN,KOR,130120
6155581,216,121,5442,1999,0.0,65395.0,0.20451,1.513533,THA,KOR,130120
6155582,231,121,5442,1999,615596.0,0.0,1.8755119999999998,0.5350729999999999,USA,KOR,130120
6155583,61,128,5442,1999,5082.0,0.0,2.334811,-2.060502,DEU,LKA,130120
6155584,77,128,5442,1999,6573.0,0.0,1.72758,0.6619079999999999,FRA,LKA,130120
6155585,104,128,5442,1999,1463.0,0.0,0.29945900000000003,2.438702,IND,LKA,130120
6155586,192,128,5442,1999,2996.0,0.0,1.355833,0.594305,SGP,LKA,130120
6155587,231,128,5442,1999,3887.0,0.0,1.8755119999999998,0.5350729999999999,USA,LKA,130120
6155588,42,138,5442,1999,0.0,1177.0,0.041013,-0.111553,CHL,MEX,130120
6155589,52,138,5442,1999,0.0,2355.0,-0.310033,-0.299529,CRI,MEX,130120
6155590,54,138,5442,1999,0.0,13553.0,-0.152322,-0.8734270000000001,CUB,MEX,130120
6155591,61,138,5442,1999,567368.0,0.0,2.334811,-2.060502,DEU,MEX,130120
6155592,77,138,5442,1999,670692.0,0.0,1.72758,0.6619079999999999,FRA,MEX,130120
6155593,81,138,5442,1999,81311.0,0.0,1.9523830000000002,0.771455,GBR,MEX,130120
6155594,99,138,5442,1999,0.0,3195.0,-0.8858290000000001,-0.530034,HND,MEX,130120
6155595,190,138,5442,1999,97085.0,0.0,-1.321619,-1.162911,SDN,MEX,130120
6155596,231,138,5442,1999,1123798.0,0.0,1.8755119999999998,0.5350729999999999,USA,MEX,130120
6155597,250,138,5442,1999,206917.0,0.0,1.130511,0.9547379999999999,ANS,MEX,130120
6155598,43,153,5442,1999,6202.0,0.0,0.386094,3.270089,CHN,MYS,130120
6155599,61,153,5442,1999,14468.0,0.0,2.334811,-2.060502,DEU,MYS,130120
6155600,77,153,5442,1999,40604.0,0.0,1.72758,0.6619079999999999,FRA,MYS,130120
6155601,81,153,5442,1999,1669.0,0.0,1.9523830000000002,0.771455,GBR,MYS,130120
6155602,97,153,5442,1999,0.0,1368.0,0.387427,2.402434,HKG,MYS,130120
6155603,103,153,5442,1999,46689.0,0.0,-0.20447,1.568505,IDN,MYS,130120
6155604,104,153,5442,1999,1604.0,33454.0,0.29945900000000003,2.438702,IND,MYS,130120
6155605,114,153,5442,1999,6421.0,0.0,2.541382,0.693702,JPN,MYS,130120
6155606,121,153,5442,1999,1420.0,0.0,0.92448,1.053988,KOR,MYS,130120
6155607,192,153,5442,1999,31464.0,2098.0,1.355833,0.594305,SGP,MYS,130120
6155608,231,153,5442,1999,7018.0,0.0,1.8755119999999998,0.5350729999999999,USA,MYS,130120
6155609,231,160,5442,1999,3862.0,0.0,1.8755119999999998,0.5350729999999999,USA,NIC,130120
6155610,0,162,5442,1999,0.0,3433.0,-0.11568599999999998,-0.8296680000000001,ABW,NLD,130120
6155611,6,162,5442,1999,0.0,6986.0,0.266874,-0.5122220000000001,ANT,NLD,130120
6155612,14,162,5442,1999,0.0,7135.0,0.357101,0.8857879999999999,AUS,NLD,130120
6155613,15,162,5442,1999,0.0,54924.0,1.836804,0.744312,AUT,NLD,130120
6155614,18,162,5442,1999,563845.0,13881.0,1.512061,1.253478,BEL,NLD,130120
6155615,32,162,5442,1999,0.0,5600.0,0.762468,1.191759,BRA,NLD,130120
6155616,39,162,5442,1999,0.0,5524.0,1.083572,1.08026,CAN,NLD,130120
6155617,41,162,5442,1999,7500.0,3954.0,2.189934,0.741428,CHE,NLD,130120
6155618,43,162,5442,1999,0.0,4704.0,0.386094,3.270089,CHN,NLD,130120
6155619,52,162,5442,1999,0.0,1014.0,-0.310033,-0.299529,CRI,NLD,130120
6155620,59,162,5442,1999,0.0,16868.0,1.412439,1.329385,CZE,NLD,130120
6155621,61,162,5442,1999,493582.0,90779.0,2.334811,-2.060502,DEU,NLD,130120
6155622,66,162,5442,1999,0.0,2778.0,-0.701764,-1.175132,DZA,NLD,130120
6155623,71,162,5442,1999,0.0,6771.0,1.0849209999999998,1.9351180000000001,ESP,NLD,130120
6155624,77,162,5442,1999,615455.0,60838.0,1.72758,0.6619079999999999,FRA,NLD,130120
6155625,81,162,5442,1999,962551.0,36424.0,1.9523830000000002,0.771455,GBR,NLD,130120
6155626,103,162,5442,1999,20288.0,22161.0,-0.20447,1.568505,IDN,NLD,130120
6155627,104,162,5442,1999,268872.0,6492.0,0.29945900000000003,2.438702,IND,NLD,130120
6155628,106,162,5442,1999,0.0,1127.0,1.599613,0.37233299999999997,IRL,NLD,130120
6155629,107,162,5442,1999,0.0,78172.0,-0.9366620000000001,-1.147602,IRN,NLD,130120
6155630,110,162,5442,1999,0.0,23968.0,1.342593,0.781931,ISR,NLD,130120
6155631,111,162,5442,1999,0.0,34260.0,1.395253,1.3589790000000002,ITA,NLD,130120
6155632,168,162,5442,1999,0.0,28115.0,-1.047891,-0.525612,PAK,NLD,130120
6155633,177,162,5442,1999,0.0,47459.0,0.8512700000000001,1.8975229999999998,POL,NLD,130120
6155634,179,162,5442,1999,0.0,7467.0,0.420538,1.379359,PRT,NLD,130120
6155635,185,162,5442,1999,0.0,932.0,0.253874,0.8322709999999999,ROU,NLD,130120
6155636,186,162,5442,1999,0.0,33967.0,0.903308,0.590858,RUS,NLD,130120
6155637,206,162,5442,1999,0.0,10776.0,1.133942,1.105742,SVK,NLD,130120
6155638,207,162,5442,1999,0.0,4556.0,1.447589,1.284414,SVN,NLD,130120
6155639,222,162,5442,1999,0.0,3005.0,0.258046,-0.562956,TTO,NLD,130120
6155640,231,162,5442,1999,31346.0,170364.0,1.8755119999999998,0.5350729999999999,USA,NLD,130120
6155641,246,162,5442,1999,0.0,3064.0,0.543171,1.432792,ZAF,NLD,130120
6155642,61,163,5442,1999,350766.0,0.0,2.334811,-2.060502,DEU,NOR,130120
6155643,64,163,5442,1999,1859.0,0.0,1.264405,1.469627,DNK,NOR,130120
6155644,77,163,5442,1999,329773.0,0.0,1.72758,0.6619079999999999,FRA,NOR,130120
6155645,81,163,5442,1999,561762.0,44821.0,1.9523830000000002,0.771455,GBR,NOR,130120
6155646,190,163,5442,1999,829686.0,0.0,-1.321619,-1.162911,SDN,NOR,130120
6155647,231,163,5442,1999,35464.0,0.0,1.8755119999999998,0.5350729999999999,USA,NOR,130120
6155648,15,169,5442,1999,1648.0,0.0,1.836804,0.744312,AUT,PAN,130120
6155649,61,169,5442,1999,6360.0,0.0,2.334811,-2.060502,DEU,PAN,130120
6155650,231,169,5442,1999,76423.0,0.0,1.8755119999999998,0.5350729999999999,USA,PAN,130120
6155651,61,173,5442,1999,5834.0,0.0,2.334811,-2.060502,DEU,PER,130120
6155652,77,173,5442,1999,21700.0,0.0,1.72758,0.6619079999999999,FRA,PER,130120
6155653,231,173,5442,1999,80551.0,0.0,1.8755119999999998,0.5350729999999999,USA,PER,130120
6155654,14,174,5442,1999,20919.0,0.0,0.357101,0.8857879999999999,AUS,PHL,130120
6155655,41,174,5442,1999,3232.0,0.0,2.189934,0.741428,CHE,PHL,130120
6155656,43,174,5442,1999,0.0,244363.0,0.386094,3.270089,CHN,PHL,130120
6155657,61,174,5442,1999,37646.0,0.0,2.334811,-2.060502,DEU,PHL,130120
6155658,77,174,5442,1999,707093.0,20801.0,1.72758,0.6619079999999999,FRA,PHL,130120
6155659,81,174,5442,1999,204699.0,0.0,1.9523830000000002,0.771455,GBR,PHL,130120
6155660,103,174,5442,1999,0.0,929.0,-0.20447,1.568505,IDN,PHL,130120
6155661,231,174,5442,1999,41090.0,0.0,1.8755119999999998,0.5350729999999999,USA,PHL,130120
6155662,2,179,5442,1999,0.0,11196.0,-1.383262,-1.20434,AGO,PRT,130120
6155663,18,179,5442,1999,6273.0,1209.0,1.512061,1.253478,BEL,PRT,130120
6155664,61,179,5442,1999,74898.0,0.0,2.334811,-2.060502,DEU,PRT,130120
6155665,71,179,5442,1999,16767.0,0.0,1.0849209999999998,1.9351180000000001,ESP,PRT,130120
6155666,77,179,5442,1999,218922.0,0.0,1.72758,0.6619079999999999,FRA,PRT,130120
6155667,81,179,5442,1999,15805.0,0.0,1.9523830000000002,0.771455,GBR,PRT,130120
6155668,111,179,5442,1999,5915.0,0.0,1.395253,1.3589790000000002,ITA,PRT,130120
6155669,159,179,5442,1999,14846.0,0.0,-1.9312080000000003,-1.279733,NGA,PRT,130120
6155670,162,179,5442,1999,7467.0,0.0,1.308776,1.574293,NLD,PRT,130120
6155671,7,190,5442,1999,0.0,2780210.0,-0.21921,-0.54813,ARE,SDN,130120
6155672,18,190,5442,1999,0.0,390215.0,1.512061,1.253478,BEL,SDN,130120
6155673,38,190,5442,1999,17054.0,0.0,-1.079509,-0.9015489999999999,CAF,SDN,130120
6155674,43,190,5442,1999,0.0,45487.0,0.386094,3.270089,CHN,SDN,130120
6155675,59,190,5442,1999,0.0,3419.0,1.412439,1.329385,CZE,SDN,130120
6155676,61,190,5442,1999,2903.0,1968495.0,2.334811,-2.060502,DEU,SDN,130120
6155677,66,190,5442,1999,0.0,7070.0,-0.701764,-1.175132,DZA,SDN,130120
6155678,68,190,5442,1999,2267.0,10113.0,-0.311879,0.300746,EGY,SDN,130120
6155679,69,190,5442,1999,0.0,129915.0,0.160222,-0.528174,ERI,SDN,130120
6155680,74,190,5442,1999,0.0,345868.0,2.095642,0.966282,FIN,SDN,130120
6155681,77,190,5442,1999,0.0,6538264.0,1.72758,0.6619079999999999,FRA,SDN,130120
6155682,81,190,5442,1999,0.0,225666.0,1.9523830000000002,0.771455,GBR,SDN,130120
6155683,102,190,5442,1999,0.0,7927.0,0.794675,1.308337,HUN,SDN,130120
6155684,104,190,5442,1999,0.0,442215.0,0.29945900000000003,2.438702,IND,SDN,130120
6155685,111,190,5442,1999,0.0,2344439.0,1.395253,1.3589790000000002,ITA,SDN,130120
6155686,113,190,5442,1999,0.0,1771.0,0.475995,0.514447,JOR,SDN,130120
6155687,114,190,5442,1999,0.0,1616536.0,2.541382,0.693702,JPN,SDN,130120
6155688,121,190,5442,1999,0.0,201314.0,0.92448,1.053988,KOR,SDN,130120
6155689,124,190,5442,1999,0.0,3093.0,0.264151,0.767188,LBN,SDN,130120
6155690,138,190,5442,1999,0.0,97085.0,0.581034,0.8399760000000001,MEX,SDN,130120
6155691,163,190,5442,1999,0.0,829686.0,1.1012959999999998,0.240184,NOR,SDN,130120
6155692,177,190,5442,1999,0.0,51265.0,0.8512700000000001,1.8975229999999998,POL,SDN,130120
6155693,185,190,5442,1999,0.0,2749.0,0.253874,0.8322709999999999,ROU,SDN,130120
6155694,188,190,5442,1999,0.0,8327.0,0.553028,-0.527401,SAU,SDN,130120
6155695,192,190,5442,1999,0.0,8395.0,1.355833,0.594305,SGP,SDN,130120
6155696,207,190,5442,1999,0.0,25836.0,1.447589,1.284414,SVN,SDN,130120
6155697,208,190,5442,1999,0.0,1146371.0,2.1456720000000002,0.856556,SWE,SDN,130120
6155698,216,190,5442,1999,0.0,62882.0,0.20451,1.513533,THA,SDN,130120
6155699,223,190,5442,1999,0.0,5870.0,-0.317866,-0.102551,TUN,SDN,130120
6155700,224,190,5442,1999,3840.0,38384.0,0.044692,1.745755,TUR,SDN,130120
6155701,246,190,5442,1999,0.0,599.0,0.543171,1.432792,ZAF,SDN,130120
6155702,249,190,5442,1999,0.0,119072.0,1.336816,1.725334,TWN,SDN,130120
6155703,250,190,5442,1999,0.0,675969.0,1.130511,0.9547379999999999,ANS,SDN,130120
6155704,18,192,5442,1999,14586.0,0.0,1.512061,1.253478,BEL,SGP,130120
6155705,22,192,5442,1999,0.0,7455.0,-1.258857,-1.140375,BGD,SGP,130120
6155706,61,192,5442,1999,22612.0,0.0,2.334811,-2.060502,DEU,SGP,130120
6155707,73,192,5442,1999,0.0,5036.0,-1.18759,-1.111391,ETH,SGP,130120
6155708,77,192,5442,1999,96861.0,0.0,1.72758,0.6619079999999999,FRA,SGP,130120
6155709,81,192,5442,1999,60803.0,0.0,1.9523830000000002,0.771455,GBR,SGP,130120
6155710,97,192,5442,1999,0.0,61110.0,0.387427,2.402434,HKG,SGP,130120
6155711,103,192,5442,1999,0.0,13800.0,-0.20447,1.568505,IDN,SGP,130120
6155712,104,192,5442,1999,44844.0,15333.0,0.29945900000000003,2.438702,IND,SGP,130120
6155713,128,192,5442,1999,0.0,2996.0,-0.8875649999999999,-0.059249,LKA,SGP,130120
6155714,143,192,5442,1999,0.0,20115.0,-1.4991299999999999,-0.984557,MMR,SGP,130120
6155715,153,192,5442,1999,2098.0,31464.0,0.500591,0.136149,MYS,SGP,130120
6155716,167,192,5442,1999,0.0,6620.0,-0.6801510000000001,-1.146403,OMN,SGP,130120
6155717,168,192,5442,1999,0.0,7451.0,-1.047891,-0.525612,PAK,SGP,130120
6155718,190,192,5442,1999,8395.0,0.0,-1.321619,-1.162911,SDN,SGP,130120
6155719,216,192,5442,1999,0.0,6655.0,0.20451,1.513533,THA,SGP,130120
6155720,231,192,5442,1999,13447.0,0.0,1.8755119999999998,0.5350729999999999,USA,SGP,130120
6155721,249,192,5442,1999,0.0,75910.0,1.336816,1.725334,TWN,SGP,130120
6155722,61,197,5442,1999,934.0,0.0,2.334811,-2.060502,DEU,SLV,130120
6155723,93,197,5442,1999,4869.0,0.0,-0.459323,0.210247,GTM,SLV,130120
6155724,231,197,5442,1999,2837.0,0.0,1.8755119999999998,0.5350729999999999,USA,SLV,130120
6155725,61,208,5442,1999,31016.0,0.0,2.334811,-2.060502,DEU,SWE,130120
6155726,64,208,5442,1999,2365.0,1491.0,1.264405,1.469627,DNK,SWE,130120
6155727,77,208,5442,1999,195438.0,0.0,1.72758,0.6619079999999999,FRA,SWE,130120
6155728,81,208,5442,1999,6767.0,0.0,1.9523830000000002,0.771455,GBR,SWE,130120
6155729,190,208,5442,1999,1146371.0,0.0,-1.321619,-1.162911,SDN,SWE,130120
6155730,34,216,5442,1999,0.0,6316.0,-1.417607,-1.011226,BRN,THA,130120
6155731,61,216,5442,1999,42047.0,0.0,2.334811,-2.060502,DEU,THA,130120
6155732,77,216,5442,1999,67136.0,4454.0,1.72758,0.6619079999999999,FRA,THA,130120
6155733,81,216,5442,1999,44492.0,0.0,1.9523830000000002,0.771455,GBR,THA,130120
6155734,97,216,5442,1999,972.0,0.0,0.387427,2.402434,HKG,THA,130120
6155735,103,216,5442,1999,0.0,1730.0,-0.20447,1.568505,IDN,THA,130120
6155736,104,216,5442,1999,18580.0,0.0,0.29945900000000003,2.438702,IND,THA,130120
6155737,121,216,5442,1999,65395.0,0.0,0.92448,1.053988,KOR,THA,130120
6155738,159,216,5442,1999,4081.0,0.0,-1.9312080000000003,-1.279733,NGA,THA,130120
6155739,190,216,5442,1999,62882.0,0.0,-1.321619,-1.162911,SDN,THA,130120
6155740,192,216,5442,1999,6655.0,0.0,1.355833,0.594305,SGP,THA,130120
6155741,231,216,5442,1999,87054.0,0.0,1.8755119999999998,0.5350729999999999,USA,THA,130120
6155742,32,222,5442,1999,3425.0,0.0,0.762468,1.191759,BRA,TTO,130120
6155743,61,222,5442,1999,28717.0,0.0,2.334811,-2.060502,DEU,TTO,130120
6155744,104,222,5442,1999,6384.0,0.0,0.29945900000000003,2.438702,IND,TTO,130120
6155745,162,222,5442,1999,3005.0,0.0,1.308776,1.574293,NLD,TTO,130120
6155746,231,222,5442,1999,7301.0,0.0,1.8755119999999998,0.5350729999999999,USA,TTO,130120
6155747,41,224,5442,1999,1245.0,0.0,2.189934,0.741428,CHE,TUR,130120
6155748,61,224,5442,1999,76496.0,0.0,2.334811,-2.060502,DEU,TUR,130120
6155749,77,224,5442,1999,92634.0,11795.0,1.72758,0.6619079999999999,FRA,TUR,130120
6155750,103,224,5442,1999,66556.0,0.0,-0.20447,1.568505,IDN,TUR,130120
6155751,104,224,5442,1999,0.0,10860.0,0.29945900000000003,2.438702,IND,TUR,130120
6155752,111,224,5442,1999,2070.0,0.0,1.395253,1.3589790000000002,ITA,TUR,130120
6155753,134,224,5442,1999,0.0,4456.0,-0.659053,-0.142104,MAR,TUR,130120
6155754,190,224,5442,1999,38384.0,3840.0,-1.321619,-1.162911,SDN,TUR,130120
6155755,231,224,5442,1999,6808.0,1792.0,1.8755119999999998,0.5350729999999999,USA,TUR,130120
6155756,8,230,5442,1999,0.0,11111.0,0.49933500000000003,0.593879,ARG,URY,130120
6155757,32,230,5442,1999,31292.0,0.0,0.762468,1.191759,BRA,URY,130120
6155758,61,230,5442,1999,7112.0,0.0,2.334811,-2.060502,DEU,URY,130120
6155759,71,230,5442,1999,2031.0,0.0,1.0849209999999998,1.9351180000000001,ESP,URY,130120
6155760,77,230,5442,1999,1766.0,0.0,1.72758,0.6619079999999999,FRA,URY,130120
6155761,231,230,5442,1999,20757.0,0.0,1.8755119999999998,0.5350729999999999,USA,URY,130120
6155762,6,231,5442,1999,0.0,6672.0,0.266874,-0.5122220000000001,ANT,USA,130120
6155763,7,231,5442,1999,0.0,3083.0,-0.21921,-0.54813,ARE,USA,130120
6155764,8,231,5442,1999,0.0,60764.0,0.49933500000000003,0.593879,ARG,USA,130120
6155765,14,231,5442,1999,0.0,48300.0,0.357101,0.8857879999999999,AUS,USA,130120
6155766,15,231,5442,1999,0.0,3677.0,1.836804,0.744312,AUT,USA,130120
6155767,18,231,5442,1999,0.0,1053.0,1.512061,1.253478,BEL,USA,130120
6155768,22,231,5442,1999,0.0,4542.0,-1.258857,-1.140375,BGD,USA,130120
6155769,28,231,5442,1999,0.0,10734.0,0.7516579999999999,1.169072,BLR,USA,130120
6155770,31,231,5442,1999,0.0,3279.0,-0.398285,-0.6362,BOL,USA,130120
6155771,32,231,5442,1999,0.0,215946.0,0.762468,1.191759,BRA,USA,130120
6155772,39,231,5442,1999,0.0,249607.0,1.083572,1.08026,CAN,USA,130120
6155773,41,231,5442,1999,0.0,10607.0,2.189934,0.741428,CHE,USA,130120
6155774,42,231,5442,1999,0.0,4751.0,0.041013,-0.111553,CHL,USA,130120
6155775,43,231,5442,1999,979134.0,7315.0,0.386094,3.270089,CHN,USA,130120
6155776,49,231,5442,1999,0.0,38580.0,0.190667,0.136271,COL,USA,130120
6155777,52,231,5442,1999,0.0,2885.0,-0.310033,-0.299529,CRI,USA,130120
6155778,61,231,5442,1999,166894.0,21149.0,2.334811,-2.060502,DEU,USA,130120
6155779,63,231,5442,1999,0.0,2386.0,0.808025,0.321415,DMA,USA,130120
6155780,64,231,5442,1999,7385.0,0.0,1.264405,1.469627,DNK,USA,130120
6155781,65,231,5442,1999,0.0,11555.0,-0.60436,-0.674701,DOM,USA,130120
6155782,67,231,5442,1999,0.0,17069.0,-0.8875299999999999,-0.9117879999999999,ECU,USA,130120
6155783,68,231,5442,1999,0.0,1676.0,-0.311879,0.300746,EGY,USA,130120
6155784,69,231,5442,1999,81163.0,0.0,0.160222,-0.528174,ERI,USA,130120
6155785,71,231,5442,1999,0.0,16419.0,1.0849209999999998,1.9351180000000001,ESP,USA,130120
6155786,77,231,5442,1999,12623940.0,142461.0,1.72758,0.6619079999999999,FRA,USA,130120
6155787,81,231,5442,1999,661837.0,2358665.0,1.9523830000000002,0.771455,GBR,USA,130120
6155788,93,231,5442,1999,0.0,2812.0,-0.459323,0.210247,GTM,USA,130120
6155789,97,231,5442,1999,0.0,3006.0,0.387427,2.402434,HKG,USA,130120
6155790,99,231,5442,1999,0.0,15379.0,-0.8858290000000001,-0.530034,HND,USA,130120
6155791,103,231,5442,1999,0.0,32263.0,-0.20447,1.568505,IDN,USA,130120
6155792,104,231,5442,1999,1829.0,170476.0,0.29945900000000003,2.438702,IND,USA,130120
6155793,106,231,5442,1999,0.0,76263.0,1.599613,0.37233299999999997,IRL,USA,130120
6155794,110,231,5442,1999,0.0,59529.0,1.342593,0.781931,ISR,USA,130120
6155795,111,231,5442,1999,0.0,3256.0,1.395253,1.3589790000000002,ITA,USA,130120
6155796,112,231,5442,1999,0.0,38484.0,-0.852468,-0.9670290000000001,JAM,USA,130120
6155797,114,231,5442,1999,3059.0,179401.0,2.541382,0.693702,JPN,USA,130120
6155798,116,231,5442,1999,9172.0,0.0,-0.336125,0.43983999999999995,KEN,USA,130120
6155799,121,231,5442,1999,0.0,615596.0,0.92448,1.053988,KOR,USA,130120
6155800,122,231,5442,1999,0.0,5414.0,0.028312999999999998,-1.0742770000000001,KWT,USA,130120
6155801,128,231,5442,1999,0.0,3887.0,-0.8875649999999999,-0.059249,LKA,USA,130120
6155802,138,231,5442,1999,0.0,1123798.0,0.581034,0.8399760000000001,MEX,USA,130120
6155803,153,231,5442,1999,0.0,7018.0,0.500591,0.136149,MYS,USA,130120
6155804,159,231,5442,1999,1034177.0,0.0,-1.9312080000000003,-1.279733,NGA,USA,130120
6155805,160,231,5442,1999,0.0,3862.0,-0.677654,-0.72253,NIC,USA,130120
6155806,162,231,5442,1999,170364.0,31346.0,1.308776,1.574293,NLD,USA,130120
6155807,163,231,5442,1999,0.0,35464.0,1.1012959999999998,0.240184,NOR,USA,130120
6155808,169,231,5442,1999,0.0,76423.0,0.126144,0.491986,PAN,USA,130120
6155809,173,231,5442,1999,0.0,80551.0,-0.367489,0.11813399999999999,PER,USA,130120
6155810,174,231,5442,1999,0.0,41090.0,-0.401903,-0.333408,PHL,USA,130120
6155811,186,231,5442,1999,0.0,9462.0,0.903308,0.590858,RUS,USA,130120
6155812,188,231,5442,1999,0.0,79312.0,0.553028,-0.527401,SAU,USA,130120
6155813,192,231,5442,1999,0.0,13447.0,1.355833,0.594305,SGP,USA,130120
6155814,197,231,5442,1999,0.0,2837.0,-0.263572,-0.121576,SLV,USA,130120
6155815,214,231,5442,1999,5637792.0,0.0,-0.449592,-0.828462,TCD,USA,130120
6155816,216,231,5442,1999,0.0,87054.0,0.20451,1.513533,THA,USA,130120
6155817,222,231,5442,1999,0.0,7301.0,0.258046,-0.562956,TTO,USA,130120
6155818,224,231,5442,1999,1792.0,6808.0,0.044692,1.745755,TUR,USA,130120
6155819,230,231,5442,1999,0.0,20757.0,0.26815700000000003,0.307394,URY,USA,130120
6155820,236,231,5442,1999,0.0,61799.0,0.16454100000000002,-0.691021,VEN,USA,130120
6155821,246,231,5442,1999,0.0,35001.0,0.543171,1.432792,ZAF,USA,130120
6155822,249,231,5442,1999,0.0,23582.0,1.336816,1.725334,TWN,USA,130120
6155823,18,236,5442,1999,1778.0,0.0,1.512061,1.253478,BEL,VEN,130120
6155824,61,236,5442,1999,53177.0,0.0,2.334811,-2.060502,DEU,VEN,130120
6155825,77,236,5442,1999,56378.0,0.0,1.72758,0.6619079999999999,FRA,VEN,130120
6155826,231,236,5442,1999,61799.0,0.0,1.8755119999999998,0.5350729999999999,USA,VEN,130120
6155827,43,14,5442,1999,0.0,1478.0,0.386094,3.270089,CHN,AUS,130120
6155828,61,14,5442,1999,250328.0,0.0,2.334811,-2.060502,DEU,AUS,130120
6155829,77,14,5442,1999,382979.0,0.0,1.72758,0.6619079999999999,FRA,AUS,130120
6155830,81,14,5442,1999,48415.0,0.0,1.9523830000000002,0.771455,GBR,AUS,130120
6155831,97,14,5442,1999,0.0,8230.0,0.387427,2.402434,HKG,AUS,130120
6155832,104,14,5442,1999,49935.0,0.0,0.29945900000000003,2.438702,IND,AUS,130120
6155833,111,14,5442,1999,9978.0,0.0,1.395253,1.3589790000000002,ITA,AUS,130120
6155834,162,14,5442,1999,7135.0,0.0,1.308776,1.574293,NLD,AUS,130120
6155835,166,14,5442,1999,0.0,3841.0,0.592051,0.780176,NZL,AUS,130120
6155836,174,14,5442,1999,0.0,20919.0,-0.401903,-0.333408,PHL,AUS,130120
6155837,231,14,5442,1999,48300.0,0.0,1.8755119999999998,0.5350729999999999,USA,AUS,130120
6155838,77,16,5442,1999,2126.0,0.0,1.72758,0.6619079999999999,FRA,AZE,130120
6155839,106,16,5442,1999,545.0,0.0,1.599613,0.37233299999999997,IRL,AZE,130120
6155840,64,28,5442,1999,1026.0,0.0,1.264405,1.469627,DNK,BLR,130120
6155841,104,28,5442,1999,6853.0,0.0,0.29945900000000003,2.438702,IND,BLR,130120
6155842,185,28,5442,1999,20587.0,0.0,0.253874,0.8322709999999999,ROU,BLR,130120
6155843,231,28,5442,1999,10734.0,0.0,1.8755119999999998,0.5350729999999999,USA,BLR,130120
6155844,8,32,5442,1999,58977.0,0.0,0.49933500000000003,0.593879,ARG,BRA,130120
6155845,41,32,5442,1999,2148.0,0.0,2.189934,0.741428,CHE,BRA,130120
6155846,49,32,5442,1999,131556.0,0.0,0.190667,0.136271,COL,BRA,130120
6155847,52,32,5442,1999,58198.0,0.0,-0.310033,-0.299529,CRI,BRA,130120
6155848,61,32,5442,1999,142967.0,0.0,2.334811,-2.060502,DEU,BRA,130120
6155849,71,32,5442,1999,9826.0,0.0,1.0849209999999998,1.9351180000000001,ESP,BRA,130120
6155850,77,32,5442,1999,1051284.0,0.0,1.72758,0.6619079999999999,FRA,BRA,130120
6155851,81,32,5442,1999,4867.0,0.0,1.9523830000000002,0.771455,GBR,BRA,130120
6155852,106,32,5442,1999,1153.0,0.0,1.599613,0.37233299999999997,IRL,BRA,130120
6155853,111,32,5442,1999,17132.0,0.0,1.395253,1.3589790000000002,ITA,BRA,130120
6155854,121,32,5442,1999,0.0,41731.0,0.92448,1.053988,KOR,BRA,130120
6155855,159,32,5442,1999,10732.0,0.0,-1.9312080000000003,-1.279733,NGA,BRA,130120
6155856,162,32,5442,1999,5600.0,0.0,1.308776,1.574293,NLD,BRA,130120
6155857,222,32,5442,1999,0.0,3425.0,0.258046,-0.562956,TTO,BRA,130120
6155858,230,32,5442,1999,0.0,31292.0,0.26815700000000003,0.307394,URY,BRA,130120
6155859,231,32,5442,1999,215946.0,0.0,1.8755119999999998,0.5350729999999999,USA,BRA,130120
6155860,7,39,5442,1999,2911.0,0.0,-0.21921,-0.54813,ARE,CAN,130120
6155861,43,39,5442,1999,2636.0,0.0,0.386094,3.270089,CHN,CAN,130120
6155862,77,39,5442,1999,87174.0,0.0,1.72758,0.6619079999999999,FRA,CAN,130120
6155863,81,39,5442,1999,3864.0,0.0,1.9523830000000002,0.771455,GBR,CAN,130120
6155864,104,39,5442,1999,4050.0,0.0,0.29945900000000003,2.438702,IND,CAN,130120
6155865,111,39,5442,1999,3094.0,0.0,1.395253,1.3589790000000002,ITA,CAN,130120
6155866,114,39,5442,1999,34560.0,5694.0,2.541382,0.693702,JPN,CAN,130120
6155867,162,39,5442,1999,5524.0,0.0,1.308776,1.574293,NLD,CAN,130120
6155868,231,39,5442,1999,249607.0,0.0,1.8755119999999998,0.5350729999999999,USA,CAN,130120
6155869,8,42,5442,1999,1366.0,2463.0,0.49933500000000003,0.593879,ARG,CHL,130120
6155870,43,42,5442,1999,1290.0,0.0,0.386094,3.270089,CHN,CHL,130120
6155871,61,42,5442,1999,127236.0,0.0,2.334811,-2.060502,DEU,CHL,130120
6155872,71,42,5442,1999,2324.0,0.0,1.0849209999999998,1.9351180000000001,ESP,CHL,130120
6155873,77,42,5442,1999,290831.0,0.0,1.72758,0.6619079999999999,FRA,CHL,130120
6155874,138,42,5442,1999,1177.0,0.0,0.581034,0.8399760000000001,MEX,CHL,130120
6155875,231,42,5442,1999,4751.0,0.0,1.8755119999999998,0.5350729999999999,USA,CHL,130120
6155876,61,59,5442,1999,7406.0,0.0,2.334811,-2.060502,DEU,CZE,130120
6155877,77,59,5442,1999,62768.0,0.0,1.72758,0.6619079999999999,FRA,CZE,130120
6155878,111,59,5442,1999,3237.0,0.0,1.395253,1.3589790000000002,ITA,CZE,130120
6155879,162,59,5442,1999,16868.0,0.0,1.308776,1.574293,NLD,CZE,130120
6155880,190,59,5442,1999,3419.0,0.0,-1.321619,-1.162911,SDN,CZE,130120
6155881,206,59,5442,1999,0.0,6547.0,1.133942,1.105742,SVK,CZE,130120
6155882,7,66,5442,1999,7181.0,0.0,-0.21921,-0.54813,ARE,DZA,130120
6155883,61,66,5442,1999,13714.0,0.0,2.334811,-2.060502,DEU,DZA,130120
6155884,68,66,5442,1999,10971.0,0.0,-0.311879,0.300746,EGY,DZA,130120
6155885,77,66,5442,1999,448894.0,0.0,1.72758,0.6619079999999999,FRA,DZA,130120
6155886,103,66,5442,1999,27415.0,0.0,-0.20447,1.568505,IDN,DZA,130120
6155887,104,66,5442,1999,13026.0,0.0,0.29945900000000003,2.438702,IND,DZA,130120
6155888,111,66,5442,1999,1257.0,0.0,1.395253,1.3589790000000002,ITA,DZA,130120
6155889,162,66,5442,1999,2778.0,0.0,1.308776,1.574293,NLD,DZA,130120
6155890,190,66,5442,1999,7070.0,0.0,-1.321619,-1.162911,SDN,DZA,130120
6155891,41,68,5442,1999,767.0,0.0,2.189934,0.741428,CHE,EGY,130120
6155892,61,68,5442,1999,1684.0,3122.0,2.334811,-2.060502,DEU,EGY,130120
6155893,66,68,5442,1999,0.0,10971.0,-0.701764,-1.175132,DZA,EGY,130120
6155894,77,68,5442,1999,343433.0,0.0,1.72758,0.6619079999999999,FRA,EGY,130120
6155895,81,68,5442,1999,1363.0,0.0,1.9523830000000002,0.771455,GBR,EGY,130120
6155896,104,68,5442,1999,37523.0,0.0,0.29945900000000003,2.438702,IND,EGY,130120
6155897,110,68,5442,1999,0.0,237.0,1.342593,0.781931,ISR,EGY,130120
6155898,111,68,5442,1999,3444.0,0.0,1.395253,1.3589790000000002,ITA,EGY,130120
6155899,124,68,5442,1999,0.0,5374.0,0.264151,0.767188,LBN,EGY,130120
6155900,188,68,5442,1999,0.0,5636.0,0.553028,-0.527401,SAU,EGY,130120
6155901,190,68,5442,1999,10113.0,2267.0,-1.321619,-1.162911,SDN,EGY,130120
6155902,199,68,5442,1999,52719.0,0.0,-0.763865,-0.8889090000000001,SOM,EGY,130120
6155903,231,68,5442,1999,1676.0,0.0,1.8755119999999998,0.5350729999999999,USA,EGY,130120
6155904,61,83,5442,1999,4269.0,0.0,2.334811,-2.060502,DEU,GHA,130120
6155905,81,83,5442,1999,4760.0,0.0,1.9523830000000002,0.771455,GBR,GHA,130120
6155906,15,100,5442,1999,1869.0,0.0,1.836804,0.744312,AUT,HRV,130120
6155907,61,100,5442,1999,9411.0,0.0,2.334811,-2.060502,DEU,HRV,130120
6155908,111,100,5442,1999,3829.0,0.0,1.395253,1.3589790000000002,ITA,HRV,130120
6155909,18,102,5442,1999,28503.0,0.0,1.512061,1.253478,BEL,HUN,130120
6155910,61,102,5442,1999,63005.0,0.0,2.334811,-2.060502,DEU,HUN,130120
6155911,77,102,5442,1999,70445.0,0.0,1.72758,0.6619079999999999,FRA,HUN,130120
6155912,104,102,5442,1999,2621.0,0.0,0.29945900000000003,2.438702,IND,HUN,130120
6155913,111,102,5442,1999,5724.0,0.0,1.395253,1.3589790000000002,ITA,HUN,130120
6155914,185,102,5442,1999,0.0,979.0,0.253874,0.8322709999999999,ROU,HUN,130120
6155915,189,102,5442,1999,0.0,10061.0,0.607596,2.222456,SCG,HUN,130120
6155916,190,102,5442,1999,7927.0,0.0,-1.321619,-1.162911,SDN,HUN,130120
6155917,228,102,5442,1999,0.0,911.0,0.6242270000000001,0.742258,UKR,HUN,130120
6155918,7,104,5442,1999,11405.0,0.0,-0.21921,-0.54813,ARE,IND,130120
6155919,14,104,5442,1999,0.0,49935.0,0.357101,0.8857879999999999,AUS,IND,130120
6155920,18,104,5442,1999,0.0,44093.0,1.512061,1.253478,BEL,IND,130120
6155921,22,104,5442,1999,0.0,5874.0,-1.258857,-1.140375,BGD,IND,130120
6155922,28,104,5442,1999,0.0,6853.0,0.7516579999999999,1.169072,BLR,IND,130120
6155923,39,104,5442,1999,0.0,4050.0,1.083572,1.08026,CAN,IND,130120
6155924,61,104,5442,1999,196620.0,65435.0,2.334811,-2.060502,DEU,IND,130120
6155925,66,104,5442,1999,0.0,13026.0,-0.701764,-1.175132,DZA,IND,130120
6155926,68,104,5442,1999,0.0,37523.0,-0.311879,0.300746,EGY,IND,130120
6155927,71,104,5442,1999,0.0,10917.0,1.0849209999999998,1.9351180000000001,ESP,IND,130120
6155928,73,104,5442,1999,0.0,1732.0,-1.18759,-1.111391,ETH,IND,130120
6155929,77,104,5442,1999,34791.0,80814.0,1.72758,0.6619079999999999,FRA,IND,130120
6155930,81,104,5442,1999,24013.0,13999.0,1.9523830000000002,0.771455,GBR,IND,130120
6155931,97,104,5442,1999,0.0,38051.0,0.387427,2.402434,HKG,IND,130120
6155932,102,104,5442,1999,0.0,2621.0,0.794675,1.308337,HUN,IND,130120
6155933,103,104,5442,1999,0.0,4340.0,-0.20447,1.568505,IDN,IND,130120
6155934,107,104,5442,1999,171224.0,0.0,-0.9366620000000001,-1.147602,IRN,IND,130120
6155935,111,104,5442,1999,1790.0,0.0,1.395253,1.3589790000000002,ITA,IND,130120
6155936,114,104,5442,1999,0.0,33217.0,2.541382,0.693702,JPN,IND,130120
6155937,116,104,5442,1999,8614.0,2072.0,-0.336125,0.43983999999999995,KEN,IND,130120
6155938,121,104,5442,1999,17060.0,0.0,0.92448,1.053988,KOR,IND,130120
6155939,128,104,5442,1999,0.0,1463.0,-0.8875649999999999,-0.059249,LKA,IND,130120
6155940,153,104,5442,1999,33454.0,1604.0,0.500591,0.136149,MYS,IND,130120
6155941,159,104,5442,1999,3331741.0,17939.0,-1.9312080000000003,-1.279733,NGA,IND,130120
6155942,162,104,5442,1999,6492.0,268872.0,1.308776,1.574293,NLD,IND,130120
6155943,164,104,5442,1999,19321.0,5284.0,-0.421433,0.24781799999999998,NPL,IND,130120
6155944,167,104,5442,1999,0.0,1368.0,-0.6801510000000001,-1.146403,OMN,IND,130120
6155945,188,104,5442,1999,7285.0,2216.0,0.553028,-0.527401,SAU,IND,130120
6155946,190,104,5442,1999,442215.0,0.0,-1.321619,-1.162911,SDN,IND,130120
6155947,191,104,5442,1999,20185.0,0.0,-0.472473,-0.462562,SEN,IND,130120
6155948,192,104,5442,1999,15333.0,44844.0,1.355833,0.594305,SGP,IND,130120
6155949,216,104,5442,1999,0.0,18580.0,0.20451,1.513533,THA,IND,130120
6155950,222,104,5442,1999,0.0,6384.0,0.258046,-0.562956,TTO,IND,130120
6155951,224,104,5442,1999,10860.0,0.0,0.044692,1.745755,TUR,IND,130120
6155952,226,104,5442,1999,274863.0,0.0,-1.068358,-0.54693,TZA,IND,130120
6155953,231,104,5442,1999,170476.0,1829.0,1.8755119999999998,0.5350729999999999,USA,IND,130120
6155954,61,107,5442,1999,214839.0,9223.0,2.334811,-2.060502,DEU,IRN,130120
6155955,77,107,5442,1999,87810.0,117000.0,1.72758,0.6619079999999999,FRA,IRN,130120
6155956,81,107,5442,1999,1390.0,0.0,1.9523830000000002,0.771455,GBR,IRN,130120
6155957,104,107,5442,1999,0.0,171224.0,0.29945900000000003,2.438702,IND,IRN,130120
6155958,162,107,5442,1999,78172.0,0.0,1.308776,1.574293,NLD,IRN,130120
6155959,188,107,5442,1999,0.0,4208.0,0.553028,-0.527401,SAU,IRN,130120
6155960,61,113,5442,1999,4198.0,0.0,2.334811,-2.060502,DEU,JOR,130120
6155961,77,113,5442,1999,1075.0,0.0,1.72758,0.6619079999999999,FRA,JOR,130120
6155962,81,113,5442,1999,3177.0,0.0,1.9523830000000002,0.771455,GBR,JOR,130120
6155963,111,113,5442,1999,18907.0,0.0,1.395253,1.3589790000000002,ITA,JOR,130120
6155964,190,113,5442,1999,1771.0,0.0,-1.321619,-1.162911,SDN,JOR,130120
6155965,250,113,5442,1999,0.0,32453.0,1.130511,0.9547379999999999,ANS,JOR,130120
6155966,39,114,5442,1999,5694.0,34560.0,1.083572,1.08026,CAN,JPN,130120
6155967,43,114,5442,1999,0.0,52800.0,0.386094,3.270089,CHN,JPN,130120
6155968,61,114,5442,1999,207354.0,8841.0,2.334811,-2.060502,DEU,JPN,130120
6155969,77,114,5442,1999,533750.0,2370.0,1.72758,0.6619079999999999,FRA,JPN,130120
6155970,81,114,5442,1999,47408.0,42780.0,1.9523830000000002,0.771455,GBR,JPN,130120
6155971,103,114,5442,1999,0.0,1962.0,-0.20447,1.568505,IDN,JPN,130120
6155972,104,114,5442,1999,33217.0,0.0,0.29945900000000003,2.438702,IND,JPN,130120
6155973,121,114,5442,1999,0.0,16857.0,0.92448,1.053988,KOR,JPN,130120
6155974,153,114,5442,1999,0.0,6421.0,0.500591,0.136149,MYS,JPN,130120
6155975,166,114,5442,1999,0.0,2633.0,0.592051,0.780176,NZL,JPN,130120
6155976,190,114,5442,1999,1616536.0,0.0,-1.321619,-1.162911,SDN,JPN,130120
6155977,231,114,5442,1999,179401.0,3059.0,1.8755119999999998,0.5350729999999999,USA,JPN,130120
6155978,249,114,5442,1999,0.0,10673.0,1.336816,1.725334,TWN,JPN,130120
6155979,18,124,5442,1999,2375.0,0.0,1.512061,1.253478,BEL,LBN,130120
6155980,64,124,5442,1999,1218.0,0.0,1.264405,1.469627,DNK,LBN,130120
6155981,68,124,5442,1999,5374.0,0.0,-0.311879,0.300746,EGY,LBN,130120
6155982,77,124,5442,1999,4495.0,0.0,1.72758,0.6619079999999999,FRA,LBN,130120
6155983,188,124,5442,1999,0.0,3374.0,0.553028,-0.527401,SAU,LBN,130120
6155984,190,124,5442,1999,3093.0,0.0,-1.321619,-1.162911,SDN,LBN,130120
6155985,7,159,5442,1999,0.0,9651.0,-0.21921,-0.54813,ARE,NGA,130120
6155986,8,159,5442,1999,0.0,4120.0,0.49933500000000003,0.593879,ARG,NGA,130120
6155987,18,159,5442,1999,44384.0,0.0,1.512061,1.253478,BEL,NGA,130120
6155988,32,159,5442,1999,0.0,10732.0,0.762468,1.191759,BRA,NGA,130120
6155989,43,159,5442,1999,0.0,59767.0,0.386094,3.270089,CHN,NGA,130120
6155990,45,159,5442,1999,0.0,1699.0,-1.7392470000000002,-1.241373,CMR,NGA,130120
6155991,61,159,5442,1999,5272.0,463789.0,2.334811,-2.060502,DEU,NGA,130120
6155992,77,159,5442,1999,132082.0,760195.0,1.72758,0.6619079999999999,FRA,NGA,130120
6155993,81,159,5442,1999,5408.0,409369.0,1.9523830000000002,0.771455,GBR,NGA,130120
6155994,97,159,5442,1999,0.0,21008.0,0.387427,2.402434,HKG,NGA,130120
6155995,104,159,5442,1999,17939.0,3331741.0,0.29945900000000003,2.438702,IND,NGA,130120
6155996,168,159,5442,1999,0.0,30006.0,-1.047891,-0.525612,PAK,NGA,130120
6155997,179,159,5442,1999,0.0,14846.0,0.420538,1.379359,PRT,NGA,130120
6155998,188,159,5442,1999,0.0,10049.0,0.553028,-0.527401,SAU,NGA,130120
6155999,214,159,5442,1999,2335.0,36624.0,-0.449592,-0.828462,TCD,NGA,130120
6156000,216,159,5442,1999,0.0,4081.0,0.20451,1.513533,THA,NGA,130120
6156001,231,159,5442,1999,0.0,1034177.0,1.8755119999999998,0.5350729999999999,USA,NGA,130120
6156002,246,159,5442,1999,2836.0,0.0,0.543171,1.432792,ZAF,NGA,130120
6156003,249,159,5442,1999,38468.0,0.0,1.336816,1.725334,TWN,NGA,130120
6156004,14,166,5442,1999,3841.0,0.0,0.357101,0.8857879999999999,AUS,NZL,130120
6156005,61,166,5442,1999,12062.0,0.0,2.334811,-2.060502,DEU,NZL,130120
6156006,77,166,5442,1999,20931.0,0.0,1.72758,0.6619079999999999,FRA,NZL,130120
6156007,81,166,5442,1999,2545.0,0.0,1.9523830000000002,0.771455,GBR,NZL,130120
6156008,114,166,5442,1999,2633.0,0.0,2.541382,0.693702,JPN,NZL,130120
6156009,7,167,5442,1999,0.0,1354.0,-0.21921,-0.54813,ARE,OMN,130120
6156010,104,167,5442,1999,1368.0,0.0,0.29945900000000003,2.438702,IND,OMN,130120
6156011,192,167,5442,1999,6620.0,0.0,1.355833,0.594305,SGP,OMN,130120
6156012,199,167,5442,1999,17559.0,0.0,-0.763865,-0.8889090000000001,SOM,OMN,130120
6156013,41,177,5442,1999,17858.0,0.0,2.189934,0.741428,CHE,POL,130120
6156014,61,177,5442,1999,86051.0,0.0,2.334811,-2.060502,DEU,POL,130120
6156015,77,177,5442,1999,436795.0,0.0,1.72758,0.6619079999999999,FRA,POL,130120
6156016,81,177,5442,1999,22977.0,0.0,1.9523830000000002,0.771455,GBR,POL,130120
6156017,162,177,5442,1999,47459.0,0.0,1.308776,1.574293,NLD,POL,130120
6156018,190,177,5442,1999,51265.0,0.0,-1.321619,-1.162911,SDN,POL,130120
6156019,214,177,5442,1999,284886.0,0.0,-0.449592,-0.828462,TCD,POL,130120
6156020,61,186,5442,1999,61550.0,0.0,2.334811,-2.060502,DEU,RUS,130120
6156021,77,186,5442,1999,255766.0,0.0,1.72758,0.6619079999999999,FRA,RUS,130120
6156022,162,186,5442,1999,33967.0,0.0,1.308776,1.574293,NLD,RUS,130120
6156023,214,186,5442,1999,136108.0,0.0,-0.449592,-0.828462,TCD,RUS,130120
6156024,231,186,5442,1999,9462.0,0.0,1.8755119999999998,0.5350729999999999,USA,RUS,130120
6156025,61,188,5442,1999,15472.0,0.0,2.334811,-2.060502,DEU,SAU,130120
6156026,68,188,5442,1999,5636.0,0.0,-0.311879,0.300746,EGY,SAU,130120
6156027,71,188,5442,1999,339287.0,0.0,1.0849209999999998,1.9351180000000001,ESP,SAU,130120
6156028,73,188,5442,1999,20837.0,0.0,-1.18759,-1.111391,ETH,SAU,130120
6156029,77,188,5442,1999,2752.0,25630.0,1.72758,0.6619079999999999,FRA,SAU,130120
6156030,81,188,5442,1999,2280.0,0.0,1.9523830000000002,0.771455,GBR,SAU,130120
6156031,104,188,5442,1999,2216.0,7285.0,0.29945900000000003,2.438702,IND,SAU,130120
6156032,106,188,5442,1999,8560.0,0.0,1.599613,0.37233299999999997,IRL,SAU,130120
6156033,107,188,5442,1999,4208.0,0.0,-0.9366620000000001,-1.147602,IRN,SAU,130120
6156034,124,188,5442,1999,3374.0,0.0,0.264151,0.767188,LBN,SAU,130120
6156035,148,188,5442,1999,1426.0,0.0,-1.198078,-1.229277,MRT,SAU,130120
6156036,159,188,5442,1999,10049.0,0.0,-1.9312080000000003,-1.279733,NGA,SAU,130120
6156037,190,188,5442,1999,8327.0,0.0,-1.321619,-1.162911,SDN,SAU,130120
6156038,199,188,5442,1999,19410.0,0.0,-0.763865,-0.8889090000000001,SOM,SAU,130120
6156039,231,188,5442,1999,79312.0,0.0,1.8755119999999998,0.5350729999999999,USA,SAU,130120
6156040,250,188,5442,1999,2563.0,0.0,1.130511,0.9547379999999999,ANS,SAU,130120
6156041,59,206,5442,1999,6547.0,0.0,1.412439,1.329385,CZE,SVK,130120
6156042,77,206,5442,1999,12969.0,0.0,1.72758,0.6619079999999999,FRA,SVK,130120
6156043,111,206,5442,1999,1628.0,0.0,1.395253,1.3589790000000002,ITA,SVK,130120
6156044,162,206,5442,1999,10776.0,0.0,1.308776,1.574293,NLD,SVK,130120
6156045,15,207,5442,1999,50291.0,0.0,1.836804,0.744312,AUT,SVN,130120
6156046,61,207,5442,1999,33172.0,0.0,2.334811,-2.060502,DEU,SVN,130120
6156047,77,207,5442,1999,150802.0,0.0,1.72758,0.6619079999999999,FRA,SVN,130120
6156048,162,207,5442,1999,4556.0,0.0,1.308776,1.574293,NLD,SVN,130120
6156049,190,207,5442,1999,25836.0,0.0,-1.321619,-1.162911,SDN,SVN,130120
6156050,102,228,5442,1999,911.0,0.0,0.794675,1.308337,HUN,UKR,130120
6156051,43,249,5442,1999,0.0,12375.0,0.386094,3.270089,CHN,TWN,130120
6156052,61,249,5442,1999,48557.0,0.0,2.334811,-2.060502,DEU,TWN,130120
6156053,77,249,5442,1999,49086.0,0.0,1.72758,0.6619079999999999,FRA,TWN,130120
6156054,81,249,5442,1999,54982.0,0.0,1.9523830000000002,0.771455,GBR,TWN,130120
6156055,97,249,5442,1999,12575.0,5666.0,0.387427,2.402434,HKG,TWN,130120
6156056,114,249,5442,1999,10673.0,0.0,2.541382,0.693702,JPN,TWN,130120
6156057,159,249,5442,1999,0.0,38468.0,-1.9312080000000003,-1.279733,NGA,TWN,130120
6156058,190,249,5442,1999,119072.0,0.0,-1.321619,-1.162911,SDN,TWN,130120
6156059,192,249,5442,1999,75910.0,0.0,1.355833,0.594305,SGP,TWN,130120
6156060,231,249,5442,1999,23582.0,0.0,1.8755119999999998,0.5350729999999999,USA,TWN,130120
6156061,32,8,5442,1999,0.0,58977.0,0.762468,1.191759,BRA,ARG,130120
6156062,41,8,5442,1999,2328.0,0.0,2.189934,0.741428,CHE,ARG,130120
6156063,42,8,5442,1999,2463.0,1366.0,0.041013,-0.111553,CHL,ARG,130120
6156064,61,8,5442,1999,162209.0,0.0,2.334811,-2.060502,DEU,ARG,130120
6156065,77,8,5442,1999,524478.0,0.0,1.72758,0.6619079999999999,FRA,ARG,130120
6156066,81,8,5442,1999,29638.0,0.0,1.9523830000000002,0.771455,GBR,ARG,130120
6156067,111,8,5442,1999,5587.0,0.0,1.395253,1.3589790000000002,ITA,ARG,130120
6156068,159,8,5442,1999,4120.0,0.0,-1.9312080000000003,-1.279733,NGA,ARG,130120
6156069,180,8,5442,1999,0.0,12739.0,-0.541387,-0.863967,PRY,ARG,130120
6156070,230,8,5442,1999,11111.0,0.0,0.26815700000000003,0.307394,URY,ARG,130120
6156071,231,8,5442,1999,60764.0,0.0,1.8755119999999998,0.5350729999999999,USA,ARG,130120
6156072,77,44,5442,1999,0.0,1427.0,1.72758,0.6619079999999999,FRA,CIV,130120
6156073,141,44,5442,1999,39462.0,0.0,-0.8019149999999999,-0.9337979999999999,MLI,CIV,130120
6156074,7,116,5442,1999,0.0,5342.0,-0.21921,-0.54813,ARE,KEN,130120
6156075,15,116,5442,1999,3869.0,0.0,1.836804,0.744312,AUT,KEN,130120
6156076,43,116,5442,1999,0.0,9039.0,0.386094,3.270089,CHN,KEN,130120
6156077,61,116,5442,1999,4322.0,0.0,2.334811,-2.060502,DEU,KEN,130120
6156078,77,116,5442,1999,142052.0,0.0,1.72758,0.6619079999999999,FRA,KEN,130120
6156079,81,116,5442,1999,7603.0,0.0,1.9523830000000002,0.771455,GBR,KEN,130120
6156080,104,116,5442,1999,2072.0,8614.0,0.29945900000000003,2.438702,IND,KEN,130120
6156081,168,116,5442,1999,0.0,15825.0,-1.047891,-0.525612,PAK,KEN,130120
6156082,231,116,5442,1999,0.0,9172.0,1.8755119999999998,0.5350729999999999,USA,KEN,130120
6156083,243,116,5442,1999,0.0,17286.0,-1.746447,-1.296571,YEM,KEN,130120
6156084,77,131,5442,1999,5937.0,0.0,1.72758,0.6619079999999999,FRA,LUX,130120
6156085,7,134,5442,1999,0.0,8679.0,-0.21921,-0.54813,ARE,MAR,130120
6156086,61,134,5442,1999,5722.0,0.0,2.334811,-2.060502,DEU,MAR,130120
6156087,71,134,5442,1999,18990.0,0.0,1.0849209999999998,1.9351180000000001,ESP,MAR,130120
6156088,77,134,5442,1999,285180.0,0.0,1.72758,0.6619079999999999,FRA,MAR,130120
6156089,81,134,5442,1999,2011.0,0.0,1.9523830000000002,0.771455,GBR,MAR,130120
6156090,90,134,5442,1999,2040.0,0.0,0.24943600000000002,1.172467,GRC,MAR,130120
6156091,111,134,5442,1999,1385.0,0.0,1.395253,1.3589790000000002,ITA,MAR,130120
6156092,214,134,5442,1999,4484.0,0.0,-0.449592,-0.828462,TCD,MAR,130120
6156093,224,134,5442,1999,4456.0,0.0,0.044692,1.745755,TUR,MAR,130120
6156094,77,191,5442,1999,0.0,101392.0,1.72758,0.6619079999999999,FRA,SEN,130120
6156095,81,191,5442,1999,0.0,33483.0,1.9523830000000002,0.771455,GBR,SEN,130120
6156096,104,191,5442,1999,0.0,20185.0,0.29945900000000003,2.438702,IND,SEN,130120
6156097,141,191,5442,1999,4457.0,0.0,-0.8019149999999999,-0.9337979999999999,MLI,SEN,130120
6156098,61,246,5442,1999,63000.0,0.0,2.334811,-2.060502,DEU,ZAF,130120
6156099,77,246,5442,1999,701878.0,0.0,1.72758,0.6619079999999999,FRA,ZAF,130120
6156100,81,246,5442,1999,11382.0,0.0,1.9523830000000002,0.771455,GBR,ZAF,130120
6156101,111,246,5442,1999,4612.0,0.0,1.395253,1.3589790000000002,ITA,ZAF,130120
6156102,152,246,5442,1999,0.0,1015.0,-1.319572,-1.199031,MWI,ZAF,130120
6156103,159,246,5442,1999,0.0,2836.0,-1.9312080000000003,-1.279733,NGA,ZAF,130120
6156104,162,246,5442,1999,3064.0,0.0,1.308776,1.574293,NLD,ZAF,130120
6156105,190,246,5442,1999,599.0,0.0,-1.321619,-1.162911,SDN,ZAF,130120
6156106,231,246,5442,1999,35001.0,0.0,1.8755119999999998,0.5350729999999999,USA,ZAF,130120
6156107,247,246,5442,1999,0.0,1731.0,-0.388446,-0.47129099999999996,ZMB,ZAF,130120
6156108,248,246,5442,1999,0.0,2820.0,-0.320533,-0.180527,ZWE,ZAF,130120
6156109,246,247,5442,1999,1731.0,0.0,0.543171,1.432792,ZAF,ZMB,130120
6156110,81,13,5442,1999,2657.0,0.0,1.9523830000000002,0.771455,GBR,ATG,130120
6156111,39,7,5442,1999,0.0,2911.0,1.083572,1.08026,CAN,ARE,130120
6156112,66,7,5442,1999,0.0,7181.0,-0.701764,-1.175132,DZA,ARE,130120
6156113,77,7,5442,1999,6514.0,0.0,1.72758,0.6619079999999999,FRA,ARE,130120
6156114,81,7,5442,1999,2716.0,35345.0,1.9523830000000002,0.771455,GBR,ARE,130120
6156115,104,7,5442,1999,0.0,11405.0,0.29945900000000003,2.438702,IND,ARE,130120
6156116,116,7,5442,1999,5342.0,0.0,-0.336125,0.43983999999999995,KEN,ARE,130120
6156117,134,7,5442,1999,8679.0,0.0,-0.659053,-0.142104,MAR,ARE,130120
6156118,159,7,5442,1999,9651.0,0.0,-1.9312080000000003,-1.279733,NGA,ARE,130120
6156119,167,7,5442,1999,1354.0,0.0,-0.6801510000000001,-1.146403,OMN,ARE,130120
6156120,190,7,5442,1999,2780210.0,0.0,-1.321619,-1.162911,SDN,ARE,130120
6156121,231,7,5442,1999,3083.0,0.0,1.8755119999999998,0.5350729999999999,USA,ARE,130120
6156122,81,58,5442,1999,3213.0,0.0,1.9523830000000002,0.771455,GBR,CYP,130120
6156123,185,58,5442,1999,0.0,1433.0,0.253874,0.8322709999999999,ROU,CYP,130120
6156124,18,110,5442,1999,3943.0,0.0,1.512061,1.253478,BEL,ISR,130120
6156125,61,110,5442,1999,2563.0,0.0,2.334811,-2.060502,DEU,ISR,130120
6156126,68,110,5442,1999,237.0,0.0,-0.311879,0.300746,EGY,ISR,130120
6156127,77,110,5442,1999,176708.0,0.0,1.72758,0.6619079999999999,FRA,ISR,130120
6156128,81,110,5442,1999,8695.0,0.0,1.9523830000000002,0.771455,GBR,ISR,130120
6156129,90,110,5442,1999,28192.0,0.0,0.24943600000000002,1.172467,GRC,ISR,130120
6156130,162,110,5442,1999,23968.0,0.0,1.308776,1.574293,NLD,ISR,130120
6156131,185,110,5442,1999,0.0,1861.0,0.253874,0.8322709999999999,ROU,ISR,130120
6156132,231,110,5442,1999,59529.0,0.0,1.8755119999999998,0.5350729999999999,USA,ISR,130120
6156133,61,122,5442,1999,1099.0,0.0,2.334811,-2.060502,DEU,KWT,130120
6156134,231,122,5442,1999,5414.0,0.0,1.8755119999999998,0.5350729999999999,USA,KWT,130120
6156135,77,135,5442,1999,1849.0,0.0,1.72758,0.6619079999999999,FRA,MDA,130120
6156136,15,140,5442,1999,13951.0,0.0,1.836804,0.744312,AUT,MKD,130120
6156137,41,140,5442,1999,1999.0,0.0,2.189934,0.741428,CHE,MKD,130120
6156138,61,140,5442,1999,1060.0,0.0,2.334811,-2.060502,DEU,MKD,130120
6156139,111,140,5442,1999,4051.0,0.0,1.395253,1.3589790000000002,ITA,MKD,130120
6156140,81,142,5442,1999,3405.0,0.0,1.9523830000000002,0.771455,GBR,MLT,130120
6156141,111,142,5442,1999,2934.0,0.0,1.395253,1.3589790000000002,ITA,MLT,130120
6156142,61,168,5442,1999,9149.0,0.0,2.334811,-2.060502,DEU,PAK,130120
6156143,77,168,5442,1999,156590.0,0.0,1.72758,0.6619079999999999,FRA,PAK,130120
6156144,81,168,5442,1999,17117.0,0.0,1.9523830000000002,0.771455,GBR,PAK,130120
6156145,103,168,5442,1999,33237.0,0.0,-0.20447,1.568505,IDN,PAK,130120
6156146,116,168,5442,1999,15825.0,0.0,-0.336125,0.43983999999999995,KEN,PAK,130120
6156147,159,168,5442,1999,30006.0,0.0,-1.9312080000000003,-1.279733,NGA,PAK,130120
6156148,162,168,5442,1999,28115.0,0.0,1.308776,1.574293,NLD,PAK,130120
6156149,192,168,5442,1999,7451.0,0.0,1.355833,0.594305,SGP,PAK,130120
6156150,223,168,5442,1999,0.0,5763.0,-0.317866,-0.102551,TUN,PAK,130120
6156151,226,168,5442,1999,96205.0,0.0,-1.068358,-0.54693,TZA,PAK,130120
6156152,15,185,5442,1999,929.0,0.0,1.836804,0.744312,AUT,ROU,130120
6156153,28,185,5442,1999,0.0,20587.0,0.7516579999999999,1.169072,BLR,ROU,130120
6156154,41,185,5442,1999,4045.0,0.0,2.189934,0.741428,CHE,ROU,130120
6156155,58,185,5442,1999,1433.0,0.0,0.508464,0.324706,CYP,ROU,130120
6156156,61,185,5442,1999,41200.0,0.0,2.334811,-2.060502,DEU,ROU,130120
6156157,77,185,5442,1999,26893.0,0.0,1.72758,0.6619079999999999,FRA,ROU,130120
6156158,81,185,5442,1999,3326.0,4751.0,1.9523830000000002,0.771455,GBR,ROU,130120
6156159,90,185,5442,1999,2540.0,0.0,0.24943600000000002,1.172467,GRC,ROU,130120
6156160,102,185,5442,1999,979.0,0.0,0.794675,1.308337,HUN,ROU,130120
6156161,110,185,5442,1999,1861.0,0.0,1.342593,0.781931,ISR,ROU,130120
6156162,162,185,5442,1999,932.0,0.0,1.308776,1.574293,NLD,ROU,130120
6156163,190,185,5442,1999,2749.0,0.0,-1.321619,-1.162911,SDN,ROU,130120
6156164,15,189,5442,1999,23070.0,0.0,1.836804,0.744312,AUT,SCG,130120
6156165,41,189,5442,1999,2202.0,0.0,2.189934,0.741428,CHE,SCG,130120
6156166,77,189,5442,1999,3436.0,0.0,1.72758,0.6619079999999999,FRA,SCG,130120
6156167,102,189,5442,1999,10061.0,0.0,0.794675,1.308337,HUN,SCG,130120
6156168,111,189,5442,1999,3440.0,0.0,1.395253,1.3589790000000002,ITA,SCG,130120
6156169,41,212,5442,1999,1326.0,0.0,2.189934,0.741428,CHE,SYR,130120
6156170,77,212,5442,1999,26947.0,0.0,1.72758,0.6619079999999999,FRA,SYR,130120
6156171,41,223,5442,1999,2788.0,0.0,2.189934,0.741428,CHE,TUN,130120
6156172,61,223,5442,1999,2069.0,0.0,2.334811,-2.060502,DEU,TUN,130120
6156173,71,223,5442,1999,971.0,0.0,1.0849209999999998,1.9351180000000001,ESP,TUN,130120
6156174,77,223,5442,1999,29106.0,0.0,1.72758,0.6619079999999999,FRA,TUN,130120
6156175,168,223,5442,1999,5763.0,0.0,-1.047891,-0.525612,PAK,TUN,130120
6156176,190,223,5442,1999,5870.0,0.0,-1.321619,-1.162911,SDN,TUN,130120
6156177,41,250,5442,1999,2473.0,0.0,2.189934,0.741428,CHE,ANS,130120
6156178,43,250,5442,1999,0.0,1241.0,0.386094,3.270089,CHN,ANS,130120
6156179,77,250,5442,1999,0.0,258331.0,1.72758,0.6619079999999999,FRA,ANS,130120
6156180,113,250,5442,1999,32453.0,0.0,0.475995,0.514447,JOR,ANS,130120
6156181,136,250,5442,1999,0.0,1344.0,-1.186653,-0.5059279999999999,MDG,ANS,130120
6156182,138,250,5442,1999,0.0,206917.0,0.581034,0.8399760000000001,MEX,ANS,130120
6156183,188,250,5442,1999,0.0,2563.0,0.553028,-0.527401,SAU,ANS,130120
6156184,190,250,5442,1999,675969.0,0.0,-1.321619,-1.162911,SDN,ANS,130120
6156185,61,65,5442,1999,1100.0,0.0,2.334811,-2.060502,DEU,DOM,130120
6156186,67,65,5442,1999,1459.0,0.0,-0.8875299999999999,-0.9117879999999999,ECU,DOM,130120
6156187,231,65,5442,1999,11555.0,0.0,1.8755119999999998,0.5350729999999999,USA,DOM,130120
6156188,61,239,5442,1999,30580.0,0.0,2.334811,-2.060502,DEU,VNM,130120
6156189,81,239,5442,1999,30675.0,0.0,1.9523830000000002,0.771455,GBR,VNM,130120
6156190,231,63,5442,1999,2386.0,0.0,1.8755119999999998,0.5350729999999999,USA,DMA,130120
6156191,93,99,5442,1999,3792.0,0.0,-0.459323,0.210247,GTM,HND,130120
6156192,138,99,5442,1999,3195.0,0.0,0.581034,0.8399760000000001,MEX,HND,130120
6156193,231,99,5442,1999,15379.0,0.0,1.8755119999999998,0.5350729999999999,USA,HND,130120
6156194,77,19,5442,1999,0.0,17814.0,1.72758,0.6619079999999999,FRA,BEN,130120
6156195,157,19,5442,1999,2205.0,4739.0,-0.539842,-0.762977,NER,BEN,130120
6156196,18,21,5442,1999,0.0,11389.0,1.512061,1.253478,BEL,BFA,130120
6156197,18,45,5442,1999,0.0,21176.0,1.512061,1.253478,BEL,CMR,130120
6156198,61,45,5442,1999,0.0,16198.0,2.334811,-2.060502,DEU,CMR,130120
6156199,77,45,5442,1999,0.0,393522.0,1.72758,0.6619079999999999,FRA,CMR,130120
6156200,81,45,5442,1999,0.0,282273.0,1.9523830000000002,0.771455,GBR,CMR,130120
6156201,159,45,5442,1999,1699.0,0.0,-1.9312080000000003,-1.279733,NGA,CMR,130120
6156202,61,109,5442,1999,81056.0,0.0,2.334811,-2.060502,DEU,ISL,130120
6156203,64,109,5442,1999,2836.0,0.0,1.264405,1.469627,DNK,ISL,130120
6156204,77,109,5442,1999,2969.0,0.0,1.72758,0.6619079999999999,FRA,ISL,130120
6156205,81,109,5442,1999,1108.0,0.0,1.9523830000000002,0.771455,GBR,ISL,130120
6156206,61,130,5442,1999,10912.0,0.0,2.334811,-2.060502,DEU,LTU,130120
6156207,77,130,5442,1999,6337.0,0.0,1.72758,0.6619079999999999,FRA,LTU,130120
6156208,250,136,5442,1999,1344.0,0.0,1.130511,0.9547379999999999,ANS,MDG,130120
6156209,18,141,5442,1999,0.0,5394.0,1.512061,1.253478,BEL,MLI,130120
6156210,44,141,5442,1999,0.0,39462.0,-0.591892,-0.654457,CIV,MLI,130120
6156211,77,141,5442,1999,0.0,90897.0,1.72758,0.6619079999999999,FRA,MLI,130120
6156212,191,141,5442,1999,0.0,4457.0,-0.472473,-0.462562,SEN,MLI,130120
6156213,246,152,5442,1999,1015.0,0.0,0.543171,1.432792,ZAF,MWI,130120
6156214,19,157,5442,1999,4739.0,2205.0,-1.033831,-0.858941,BEN,NER,130120
6156215,77,157,5442,1999,0.0,32805.0,1.72758,0.6619079999999999,FRA,NER,130120
6156216,104,164,5442,1999,5284.0,19321.0,0.29945900000000003,2.438702,IND,NPL,130120
6156217,68,199,5442,1999,0.0,52719.0,-0.311879,0.300746,EGY,SOM,130120
6156218,111,199,5442,1999,0.0,9514.0,1.395253,1.3589790000000002,ITA,SOM,130120
6156219,167,199,5442,1999,0.0,17559.0,-0.6801510000000001,-1.146403,OMN,SOM,130120
6156220,188,199,5442,1999,0.0,19410.0,0.553028,-0.527401,SAU,SOM,130120
6156221,46,226,5442,1999,0.0,1095.0,-1.4871290000000001,-1.1859620000000002,COD,TZA,130120
6156222,77,226,5442,1999,0.0,16709.0,1.72758,0.6619079999999999,FRA,TZA,130120
6156223,104,226,5442,1999,0.0,274863.0,0.29945900000000003,2.438702,IND,TZA,130120
6156224,168,226,5442,1999,0.0,96205.0,-1.047891,-0.525612,PAK,TZA,130120
6156225,61,243,5442,1999,1659.0,0.0,2.334811,-2.060502,DEU,YEM,130120
6156226,116,243,5442,1999,17286.0,0.0,-0.336125,0.43983999999999995,KEN,YEM,130120
6156227,179,2,5442,1999,11196.0,0.0,0.420538,1.379359,PRT,AGO,130120
6156228,61,22,5442,1999,5993.0,0.0,2.334811,-2.060502,DEU,BGD,130120
6156229,81,22,5442,1999,1751.0,0.0,1.9523830000000002,0.771455,GBR,BGD,130120
6156230,104,22,5442,1999,5874.0,0.0,0.29945900000000003,2.438702,IND,BGD,130120
6156231,192,22,5442,1999,7455.0,0.0,1.355833,0.594305,SGP,BGD,130120
6156232,231,22,5442,1999,4542.0,0.0,1.8755119999999998,0.5350729999999999,USA,BGD,130120
6156233,38,47,5442,1999,232331.0,0.0,-1.079509,-0.9015489999999999,CAF,COG,130120
6156234,61,143,5442,1999,19493.0,0.0,2.334811,-2.060502,DEU,MMR,130120
6156235,192,143,5442,1999,20115.0,0.0,1.355833,0.594305,SGP,MMR,130120
6156236,8,180,5442,1999,12739.0,0.0,0.49933500000000003,0.593879,ARG,PRY,130120
6156237,61,180,5442,1999,979.0,0.0,2.334811,-2.060502,DEU,PRY,130120
6156238,246,248,5442,1999,2820.0,0.0,0.543171,1.432792,ZAF,ZWE,130120
6156239,162,6,5442,1999,6986.0,0.0,1.308776,1.574293,NLD,ANT,130120
6156240,231,6,5442,1999,6672.0,0.0,1.8755119999999998,0.5350729999999999,USA,ANT,130120
6156241,216,34,5442,1999,6316.0,0.0,0.20451,1.513533,THA,BRN,130120
6156242,226,46,5442,1999,1095.0,0.0,-1.068358,-0.54693,TZA,COD,130120
6156243,81,123,5442,1999,0.0,78457.0,1.9523830000000002,0.771455,GBR,LAO,130120
6156244,188,148,5442,1999,0.0,1426.0,0.553028,-0.527401,SAU,MRT,130120
6156245,18,214,5442,1999,0.0,28188.0,1.512061,1.253478,BEL,TCD,130120
6156246,61,214,5442,1999,0.0,457923.0,2.334811,-2.060502,DEU,TCD,130120
6156247,77,214,5442,1999,0.0,3831157.0,1.72758,0.6619079999999999,FRA,TCD,130120
6156248,81,214,5442,1999,0.0,75807.0,1.9523830000000002,0.771455,GBR,TCD,130120
6156249,134,214,5442,1999,0.0,4484.0,-0.659053,-0.142104,MAR,TCD,130120
6156250,159,214,5442,1999,36624.0,2335.0,-1.9312080000000003,-1.279733,NGA,TCD,130120
6156251,177,214,5442,1999,0.0,284886.0,0.8512700000000001,1.8975229999999998,POL,TCD,130120
6156252,186,214,5442,1999,0.0,136108.0,0.903308,0.590858,RUS,TCD,130120
6156253,231,214,5442,1999,0.0,5637792.0,1.8755119999999998,0.5350729999999999,USA,TCD,130120
6156254,162,0,5442,1999,3433.0,0.0,1.308776,1.574293,NLD,ABW,130120
6156255,18,38,5442,1999,0.0,56596.0,1.512061,1.253478,BEL,CAF,130120
6156256,47,38,5442,1999,0.0,232331.0,-1.2759120000000002,-1.1418030000000001,COG,CAF,130120
6156257,61,38,5442,1999,0.0,266737.0,2.334811,-2.060502,DEU,CAF,130120
6156258,77,38,5442,1999,0.0,229085.0,1.72758,0.6619079999999999,FRA,CAF,130120
6156259,190,38,5442,1999,0.0,17054.0,-1.321619,-1.162911,SDN,CAF,130120
6156260,77,69,5442,1999,0.0,438362.0,1.72758,0.6619079999999999,FRA,ERI,130120
6156261,81,69,5442,1999,0.0,22225.0,1.9523830000000002,0.771455,GBR,ERI,130120
6156262,190,69,5442,1999,129915.0,0.0,-1.321619,-1.162911,SDN,ERI,130120
6156263,231,69,5442,1999,0.0,81163.0,1.8755119999999998,0.5350729999999999,USA,ERI,130120
6156264,18,15,5450,1999,12403.0,0.0,1.512061,1.253478,BEL,AUT,130231
6156265,26,15,5450,1999,0.0,2062.0,0.366494,0.298229,BIH,AUT,130231
6156266,61,15,5450,1999,255235.0,6734.0,2.334811,-2.060502,DEU,AUT,130231
6156267,71,15,5450,1999,129132.0,0.0,1.0849209999999998,1.9351180000000001,ESP,AUT,130231
6156268,77,15,5450,1999,4106.0,0.0,1.72758,0.6619079999999999,FRA,AUT,130231
6156269,102,15,5450,1999,0.0,1568.0,0.794675,1.308337,HUN,AUT,130231
6156270,103,15,5450,1999,36490.0,0.0,-0.20447,1.568505,IDN,AUT,130231
6156271,115,15,5450,1999,0.0,57996.0,-0.035315,-0.514845,KAZ,AUT,130231
6156272,130,15,5450,1999,0.0,4674.0,0.197536,0.5041899999999999,LTU,AUT,130231
6156273,134,15,5450,1999,195668.0,0.0,-0.659053,-0.142104,MAR,AUT,130231
6156274,140,15,5450,1999,0.0,23009.0,0.053132000000000006,0.43408,MKD,AUT,130231
6156275,162,15,5450,1999,1361.0,0.0,1.308776,1.574293,NLD,AUT,130231
6156276,178,15,5450,1999,29012.0,0.0,0.536814,0.980433,PRK,AUT,130231
6156277,189,15,5450,1999,0.0,212931.0,0.607596,2.222456,SCG,AUT,130231
6156278,206,15,5450,1999,0.0,1398.0,1.133942,1.105742,SVK,AUT,130231
6156279,207,15,5450,1999,0.0,24458.0,1.447589,1.284414,SVN,AUT,130231
6156280,228,15,5450,1999,0.0,16505.0,0.6242270000000001,0.742258,UKR,AUT,130231
6156281,231,15,5450,1999,6607.0,0.0,1.8755119999999998,0.5350729999999999,USA,AUT,130231
6156282,248,15,5450,1999,0.0,2388.0,-0.320533,-0.180527,ZWE,AUT,130231
6156283,15,18,5450,1999,0.0,12403.0,1.836804,0.744312,AUT,BEL,130231
6156284,23,18,5450,1999,0.0,951.0,0.311033,1.7375040000000002,BGR,BEL,130231
6156285,41,18,5450,1999,0.0,5656.0,2.189934,0.741428,CHE,BEL,130231
6156286,61,18,5450,1999,44579.0,111985.0,2.334811,-2.060502,DEU,BEL,130231
6156287,64,18,5450,1999,25405.0,27562.0,1.264405,1.469627,DNK,BEL,130231
6156288,71,18,5450,1999,14144.0,4490.0,1.0849209999999998,1.9351180000000001,ESP,BEL,130231
6156289,74,18,5450,1999,0.0,1033.0,2.095642,0.966282,FIN,BEL,130231
6156290,77,18,5450,1999,7654.0,57828.0,1.72758,0.6619079999999999,FRA,BEL,130231
6156291,81,18,5450,1999,51140.0,25561.0,1.9523830000000002,0.771455,GBR,BEL,130231
6156292,90,18,5450,1999,0.0,1244.0,0.24943600000000002,1.172467,GRC,BEL,130231
6156293,103,18,5450,1999,73760.0,0.0,-0.20447,1.568505,IDN,BEL,130231
6156294,109,18,5450,1999,0.0,1078.0,0.377701,-0.355798,ISL,BEL,130231
6156295,111,18,5450,1999,162059.0,13396.0,1.395253,1.3589790000000002,ITA,BEL,130231
6156296,114,18,5450,1999,24321.0,0.0,2.541382,0.693702,JPN,BEL,130231
6156297,162,18,5450,1999,24548.0,365924.0,1.308776,1.574293,NLD,BEL,130231
6156298,186,18,5450,1999,0.0,26917.0,0.903308,0.590858,RUS,BEL,130231
6156299,208,18,5450,1999,0.0,9707.0,2.1456720000000002,0.856556,SWE,BEL,130231
6156300,231,18,5450,1999,103086.0,0.0,1.8755119999999998,0.5350729999999999,USA,BEL,130231
6156301,18,23,5450,1999,951.0,0.0,1.512061,1.253478,BEL,BGR,130231
6156302,42,23,5450,1999,23217.0,0.0,0.041013,-0.111553,CHL,BGR,130231
6156303,61,23,5450,1999,2163.0,0.0,2.334811,-2.060502,DEU,BGR,130231
6156304,64,23,5450,1999,24319.0,0.0,1.264405,1.469627,DNK,BGR,130231
6156305,111,23,5450,1999,12232.0,0.0,1.395253,1.3589790000000002,ITA,BGR,130231
6156306,231,33,5450,1999,6844.0,0.0,1.8755119999999998,0.5350729999999999,USA,BRB,130231
6156307,18,41,5450,1999,5656.0,0.0,1.512061,1.253478,BEL,CHE,130231
6156308,22,41,5450,1999,0.0,1034.0,-1.258857,-1.140375,BGD,CHE,130231
6156309,43,41,5450,1999,1796.0,0.0,0.386094,3.270089,CHN,CHE,130231
6156310,58,41,5450,1999,0.0,1815.0,0.508464,0.324706,CYP,CHE,130231
6156311,61,41,5450,1999,159945.0,11493.0,2.334811,-2.060502,DEU,CHE,130231
6156312,64,41,5450,1999,15314.0,0.0,1.264405,1.469627,DNK,CHE,130231
6156313,66,41,5450,1999,0.0,5438.0,-0.701764,-1.175132,DZA,CHE,130231
6156314,71,41,5450,1999,5499.0,0.0,1.0849209999999998,1.9351180000000001,ESP,CHE,130231
6156315,77,41,5450,1999,9272.0,5760.0,1.72758,0.6619079999999999,FRA,CHE,130231
6156316,81,41,5450,1999,0.0,1883.0,1.9523830000000002,0.771455,GBR,CHE,130231
6156317,111,41,5450,1999,15126.0,14177.0,1.395253,1.3589790000000002,ITA,CHE,130231
6156318,114,41,5450,1999,44275.0,0.0,2.541382,0.693702,JPN,CHE,130231
6156319,116,41,5450,1999,2262.0,0.0,-0.336125,0.43983999999999995,KEN,CHE,130231
6156320,134,41,5450,1999,1841.0,0.0,-0.659053,-0.142104,MAR,CHE,130231
6156321,136,41,5450,1999,0.0,1165.0,-1.186653,-0.5059279999999999,MDG,CHE,130231
6156322,153,41,5450,1999,0.0,5127.0,0.500591,0.136149,MYS,CHE,130231
6156323,162,41,5450,1999,4351.0,0.0,1.308776,1.574293,NLD,CHE,130231
6156324,168,41,5450,1999,0.0,1871.0,-1.047891,-0.525612,PAK,CHE,130231
6156325,174,41,5450,1999,0.0,1037.0,-0.401903,-0.333408,PHL,CHE,130231
6156326,179,41,5450,1999,6398.0,0.0,0.420538,1.379359,PRT,CHE,130231
6156327,186,41,5450,1999,0.0,943.0,0.903308,0.590858,RUS,CHE,130231
6156328,189,41,5450,1999,0.0,1468.0,0.607596,2.222456,SCG,CHE,130231
6156329,216,41,5450,1999,4367.0,0.0,0.20451,1.513533,THA,CHE,130231
6156330,231,41,5450,1999,2549.0,0.0,1.8755119999999998,0.5350729999999999,USA,CHE,130231
6156331,250,41,5450,1999,0.0,2311.0,1.130511,0.9547379999999999,ANS,CHE,130231
6156332,7,43,5450,1999,0.0,22306.0,-0.21921,-0.54813,ARE,CHN,130231
6156333,14,43,5450,1999,2142.0,17757.0,0.357101,0.8857879999999999,AUS,CHN,130231
6156334,24,43,5450,1999,0.0,8645.0,-0.034526,-0.8887200000000001,BHR,CHN,130231
6156335,28,43,5450,1999,0.0,1532.0,0.7516579999999999,1.169072,BLR,CHN,130231
6156336,34,43,5450,1999,0.0,14783.0,-1.417607,-1.011226,BRN,CHN,130231
6156337,39,43,5450,1999,0.0,27661.0,1.083572,1.08026,CAN,CHN,130231
6156338,41,43,5450,1999,0.0,1796.0,2.189934,0.741428,CHE,CHN,130231
6156339,61,43,5450,1999,5407.0,24963.0,2.334811,-2.060502,DEU,CHN,130231
6156340,64,43,5450,1999,82717.0,0.0,1.264405,1.469627,DNK,CHN,130231
6156341,71,43,5450,1999,10802.0,42544.0,1.0849209999999998,1.9351180000000001,ESP,CHN,130231
6156342,77,43,5450,1999,0.0,28392.0,1.72758,0.6619079999999999,FRA,CHN,130231
6156343,81,43,5450,1999,1188.0,9902.0,1.9523830000000002,0.771455,GBR,CHN,130231
6156344,97,43,5450,1999,13419.0,1516949.0,0.387427,2.402434,HKG,CHN,130231
6156345,103,43,5450,1999,6011.0,7922.0,-0.20447,1.568505,IDN,CHN,130231
6156346,110,43,5450,1999,0.0,6398.0,1.342593,0.781931,ISR,CHN,130231
6156347,111,43,5450,1999,0.0,82515.0,1.395253,1.3589790000000002,ITA,CHN,130231
6156348,114,43,5450,1999,141929.0,565884.0,2.541382,0.693702,JPN,CHN,130231
6156349,121,43,5450,1999,13096.0,12173.0,0.92448,1.053988,KOR,CHN,130231
6156350,128,43,5450,1999,0.0,2356.0,-0.8875649999999999,-0.059249,LKA,CHN,130231
6156351,133,43,5450,1999,0.0,999.0,-0.365239,-0.380913,MAC,CHN,130231
6156352,138,43,5450,1999,0.0,29000.0,0.581034,0.8399760000000001,MEX,CHN,130231
6156353,151,43,5450,1999,0.0,38179.0,-0.5713729999999999,-0.696416,MUS,CHN,130231
6156354,153,43,5450,1999,0.0,2804488.0,0.500591,0.136149,MYS,CHN,130231
6156355,162,43,5450,1999,0.0,13798.0,1.308776,1.574293,NLD,CHN,130231
6156356,166,43,5450,1999,0.0,4915.0,0.592051,0.780176,NZL,CHN,130231
6156357,167,43,5450,1999,0.0,5514.0,-0.6801510000000001,-1.146403,OMN,CHN,130231
6156358,168,43,5450,1999,0.0,1911.0,-1.047891,-0.525612,PAK,CHN,130231
6156359,173,43,5450,1999,0.0,1453.0,-0.367489,0.11813399999999999,PER,CHN,130231
6156360,178,43,5450,1999,0.0,12064.0,0.536814,0.980433,PRK,CHN,130231
6156361,183,43,5450,1999,0.0,10056.0,-0.593308,-1.18811,QAT,CHN,130231
6156362,186,43,5450,1999,0.0,169860.0,0.903308,0.590858,RUS,CHN,130231
6156363,188,43,5450,1999,0.0,24250.0,0.553028,-0.527401,SAU,CHN,130231
6156364,192,43,5450,1999,0.0,141778.0,1.355833,0.594305,SGP,CHN,130231
6156365,216,43,5450,1999,0.0,730134.0,0.20451,1.513533,THA,CHN,130231
6156366,222,43,5450,1999,0.0,3405.0,0.258046,-0.562956,TTO,CHN,130231
6156367,231,43,5450,1999,17018.0,377983.0,1.8755119999999998,0.5350729999999999,USA,CHN,130231
6156368,249,43,5450,1999,4861.0,336978.0,1.336816,1.725334,TWN,CHN,130231
6156369,42,49,5450,1999,4080.0,0.0,0.041013,-0.111553,CHL,COL,130231
6156370,61,49,5450,1999,15908.0,0.0,2.334811,-2.060502,DEU,COL,130231
6156371,81,49,5450,1999,4190.0,0.0,1.9523830000000002,0.771455,GBR,COL,130231
6156372,231,49,5450,1999,29228.0,0.0,1.8755119999999998,0.5350729999999999,USA,COL,130231
6156373,61,52,5450,1999,2355.0,0.0,2.334811,-2.060502,DEU,CRI,130231
6156374,114,52,5450,1999,21291.0,0.0,2.541382,0.693702,JPN,CRI,130231
6156375,138,52,5450,1999,7053.0,0.0,0.581034,0.8399760000000001,MEX,CRI,130231
6156376,231,52,5450,1999,3424.0,0.0,1.8755119999999998,0.5350729999999999,USA,CRI,130231
6156377,39,54,5450,1999,2942.0,0.0,1.083572,1.08026,CAN,CUB,130231
6156378,42,54,5450,1999,1463.0,0.0,0.041013,-0.111553,CHL,CUB,130231
6156379,61,54,5450,1999,2182.0,0.0,2.334811,-2.060502,DEU,CUB,130231
6156380,71,54,5450,1999,20130.0,0.0,1.0849209999999998,1.9351180000000001,ESP,CUB,130231
6156381,138,54,5450,1999,102695.0,0.0,0.581034,0.8399760000000001,MEX,CUB,130231
6156382,169,54,5450,1999,4167.0,0.0,0.126144,0.491986,PAN,CUB,130231
6156383,231,54,5450,1999,2519.0,0.0,1.8755119999999998,0.5350729999999999,USA,CUB,130231
6156384,2,61,5450,1999,0.0,1758.0,-1.383262,-1.20434,AGO,DEU,130231
6156385,7,61,5450,1999,0.0,1128.0,-0.21921,-0.54813,ARE,DEU,130231
6156386,8,61,5450,1999,0.0,1053.0,0.49933500000000003,0.593879,ARG,DEU,130231
6156387,13,61,5450,1999,0.0,362.0,0.6179140000000001,0.156854,ATG,DEU,130231
6156388,14,61,5450,1999,0.0,6363.0,0.357101,0.8857879999999999,AUS,DEU,130231
6156389,15,61,5450,1999,6734.0,255235.0,1.836804,0.744312,AUT,DEU,130231
6156390,18,61,5450,1999,111985.0,44579.0,1.512061,1.253478,BEL,DEU,130231
6156391,23,61,5450,1999,0.0,2163.0,0.311033,1.7375040000000002,BGR,DEU,130231
6156392,28,61,5450,1999,0.0,14795.0,0.7516579999999999,1.169072,BLR,DEU,130231
6156393,32,61,5450,1999,0.0,22284.0,0.762468,1.191759,BRA,DEU,130231
6156394,39,61,5450,1999,0.0,125493.0,1.083572,1.08026,CAN,DEU,130231
6156395,41,61,5450,1999,11493.0,159945.0,2.189934,0.741428,CHE,DEU,130231
6156396,42,61,5450,1999,57639.0,3154.0,0.041013,-0.111553,CHL,DEU,130231
6156397,43,61,5450,1999,24963.0,5407.0,0.386094,3.270089,CHN,DEU,130231
6156398,49,61,5450,1999,0.0,15908.0,0.190667,0.136271,COL,DEU,130231
6156399,52,61,5450,1999,0.0,2355.0,-0.310033,-0.299529,CRI,DEU,130231
6156400,54,61,5450,1999,0.0,2182.0,-0.152322,-0.8734270000000001,CUB,DEU,130231
6156401,59,61,5450,1999,0.0,193641.0,1.412439,1.329385,CZE,DEU,130231
6156402,64,61,5450,1999,85206.0,88107.0,1.264405,1.469627,DNK,DEU,130231
6156403,66,61,5450,1999,0.0,24181.0,-0.701764,-1.175132,DZA,DEU,130231
6156404,67,61,5450,1999,0.0,2726.0,-0.8875299999999999,-0.9117879999999999,ECU,DEU,130231
6156405,68,61,5450,1999,0.0,15160.0,-0.311879,0.300746,EGY,DEU,130231
6156406,71,61,5450,1999,637353.0,149665.0,1.0849209999999998,1.9351180000000001,ESP,DEU,130231
6156407,72,61,5450,1999,0.0,38723.0,0.502979,0.8847440000000001,EST,DEU,130231
6156408,74,61,5450,1999,0.0,6244.0,2.095642,0.966282,FIN,DEU,130231
6156409,77,61,5450,1999,1319067.0,131003.0,1.72758,0.6619079999999999,FRA,DEU,130231
6156410,81,61,5450,1999,97939.0,29716.0,1.9523830000000002,0.771455,GBR,DEU,130231
6156411,83,61,5450,1999,0.0,1067.0,-0.9444520000000001,-0.905826,GHA,DEU,130231
6156412,90,61,5450,1999,0.0,8007.0,0.24943600000000002,1.172467,GRC,DEU,130231
6156413,93,61,5450,1999,0.0,3086.0,-0.459323,0.210247,GTM,DEU,130231
6156414,97,61,5450,1999,1607.0,4071.0,0.387427,2.402434,HKG,DEU,130231
6156415,100,61,5450,1999,0.0,8394.0,0.572934,0.9873639999999999,HRV,DEU,130231
6156416,102,61,5450,1999,0.0,128502.0,0.794675,1.308337,HUN,DEU,130231
6156417,103,61,5450,1999,838370.0,11932.0,-0.20447,1.568505,IDN,DEU,130231
6156418,106,61,5450,1999,0.0,52186.0,1.599613,0.37233299999999997,IRL,DEU,130231
6156419,107,61,5450,1999,0.0,953.0,-0.9366620000000001,-1.147602,IRN,DEU,130231
6156420,109,61,5450,1999,0.0,1006.0,0.377701,-0.355798,ISL,DEU,130231
6156421,110,61,5450,1999,0.0,12304.0,1.342593,0.781931,ISR,DEU,130231
6156422,111,61,5450,1999,66182.0,183973.0,1.395253,1.3589790000000002,ITA,DEU,130231
6156423,114,61,5450,1999,28552.0,60276.0,2.541382,0.693702,JPN,DEU,130231
6156424,115,61,5450,1999,0.0,194828.0,-0.035315,-0.514845,KAZ,DEU,130231
6156425,121,61,5450,1999,100899.0,75439.0,0.92448,1.053988,KOR,DEU,130231
6156426,122,61,5450,1999,0.0,1099.0,0.028312999999999998,-1.0742770000000001,KWT,DEU,130231
6156427,130,61,5450,1999,3554.0,40373.0,0.197536,0.5041899999999999,LTU,DEU,130231
6156428,131,61,5450,1999,0.0,1148.0,1.499745,1.142951,LUX,DEU,130231
6156429,132,61,5450,1999,0.0,4347.0,0.20633600000000002,0.324171,LVA,DEU,130231
6156430,134,61,5450,1999,3501168.0,2640.0,-0.659053,-0.142104,MAR,DEU,130231
6156431,135,61,5450,1999,0.0,15840.0,-0.16408,-0.08062000000000001,MDA,DEU,130231
6156432,136,61,5450,1999,0.0,2426.0,-1.186653,-0.5059279999999999,MDG,DEU,130231
6156433,138,61,5450,1999,0.0,15918.0,0.581034,0.8399760000000001,MEX,DEU,130231
6156434,140,61,5450,1999,0.0,3711.0,0.053132000000000006,0.43408,MKD,DEU,130231
6156435,147,61,5450,1999,0.0,1640.0,-0.35994699999999996,-0.725301,MOZ,DEU,130231
6156436,151,61,5450,1999,0.0,4595.0,-0.5713729999999999,-0.696416,MUS,DEU,130231
6156437,153,61,5450,1999,0.0,5484.0,0.500591,0.136149,MYS,DEU,130231
6156438,159,61,5450,1999,0.0,37265.0,-1.9312080000000003,-1.279733,NGA,DEU,130231
6156439,162,61,5450,1999,11732.0,248422.0,1.308776,1.574293,NLD,DEU,130231
6156440,163,61,5450,1999,0.0,186923.0,1.1012959999999998,0.240184,NOR,DEU,130231
6156441,166,61,5450,1999,35039.0,6030.0,0.592051,0.780176,NZL,DEU,130231
6156442,168,61,5450,1999,0.0,2859.0,-1.047891,-0.525612,PAK,DEU,130231
6156443,173,61,5450,1999,0.0,5346.0,-0.367489,0.11813399999999999,PER,DEU,130231
6156444,174,61,5450,1999,0.0,46445.0,-0.401903,-0.333408,PHL,DEU,130231
6156445,177,61,5450,1999,0.0,511955.0,0.8512700000000001,1.8975229999999998,POL,DEU,130231
6156446,179,61,5450,1999,47827.0,12947.0,0.420538,1.379359,PRT,DEU,130231
6156447,185,61,5450,1999,0.0,16585.0,0.253874,0.8322709999999999,ROU,DEU,130231
6156448,186,61,5450,1999,0.0,976144.0,0.903308,0.590858,RUS,DEU,130231
6156449,188,61,5450,1999,0.0,4998.0,0.553028,-0.527401,SAU,DEU,130231
6156450,189,61,5450,1999,0.0,243191.0,0.607596,2.222456,SCG,DEU,130231
6156451,197,61,5450,1999,0.0,934.0,-0.263572,-0.121576,SLV,DEU,130231
6156452,206,61,5450,1999,0.0,1524.0,1.133942,1.105742,SVK,DEU,130231
6156453,207,61,5450,1999,0.0,14743.0,1.447589,1.284414,SVN,DEU,130231
6156454,208,61,5450,1999,0.0,234349.0,2.1456720000000002,0.856556,SWE,DEU,130231
6156455,212,61,5450,1999,0.0,3399.0,-0.996784,-0.6344069999999999,SYR,DEU,130231
6156456,215,61,5450,1999,0.0,2960.0,-0.583782,-0.6632279999999999,TGO,DEU,130231
6156457,216,61,5450,1999,10988.0,67070.0,0.20451,1.513533,THA,DEU,130231
6156458,223,61,5450,1999,0.0,3572.0,-0.317866,-0.102551,TUN,DEU,130231
6156459,224,61,5450,1999,0.0,39574.0,0.044692,1.745755,TUR,DEU,130231
6156460,228,61,5450,1999,0.0,479413.0,0.6242270000000001,0.742258,UKR,DEU,130231
6156461,231,61,5450,1999,38751.0,178530.0,1.8755119999999998,0.5350729999999999,USA,DEU,130231
6156462,236,61,5450,1999,0.0,3415.0,0.16454100000000002,-0.691021,VEN,DEU,130231
6156463,239,61,5450,1999,0.0,2224.0,-0.9824940000000001,0.115755,VNM,DEU,130231
6156464,246,61,5450,1999,0.0,11648.0,0.543171,1.432792,ZAF,DEU,130231
6156465,249,61,5450,1999,229222.0,4134.0,1.336816,1.725334,TWN,DEU,130231
6156466,250,61,5450,1999,479251.0,0.0,1.130511,0.9547379999999999,ANS,DEU,130231
6156467,18,64,5450,1999,27562.0,25405.0,1.512061,1.253478,BEL,DNK,130231
6156468,23,64,5450,1999,0.0,24319.0,0.311033,1.7375040000000002,BGR,DNK,130231
6156469,41,64,5450,1999,0.0,15314.0,2.189934,0.741428,CHE,DNK,130231
6156470,42,64,5450,1999,783699.0,0.0,0.041013,-0.111553,CHL,DNK,130231
6156471,43,64,5450,1999,0.0,82717.0,0.386094,3.270089,CHN,DNK,130231
6156472,59,64,5450,1999,0.0,23703.0,1.412439,1.329385,CZE,DNK,130231
6156473,61,64,5450,1999,88107.0,85206.0,2.334811,-2.060502,DEU,DNK,130231
6156474,71,64,5450,1999,31172.0,2033.0,1.0849209999999998,1.9351180000000001,ESP,DNK,130231
6156475,72,64,5450,1999,0.0,7532.0,0.502979,0.8847440000000001,EST,DNK,130231
6156476,74,64,5450,1999,0.0,20360.0,2.095642,0.966282,FIN,DNK,130231
6156477,77,64,5450,1999,48047.0,62515.0,1.72758,0.6619079999999999,FRA,DNK,130231
6156478,81,64,5450,1999,4176.0,1559.0,1.9523830000000002,0.771455,GBR,DNK,130231
6156479,104,64,5450,1999,1829.0,0.0,0.29945900000000003,2.438702,IND,DNK,130231
6156480,106,64,5450,1999,0.0,7762.0,1.599613,0.37233299999999997,IRL,DNK,130231
6156481,109,64,5450,1999,0.0,2763.0,0.377701,-0.355798,ISL,DNK,130231
6156482,111,64,5450,1999,7680.0,0.0,1.395253,1.3589790000000002,ITA,DNK,130231
6156483,114,64,5450,1999,83293.0,0.0,2.541382,0.693702,JPN,DNK,130231
6156484,130,64,5450,1999,0.0,9478.0,0.197536,0.5041899999999999,LTU,DNK,130231
6156485,133,64,5450,1999,2156.0,0.0,-0.365239,-0.380913,MAC,DNK,130231
6156486,134,64,5450,1999,112250.0,0.0,-0.659053,-0.142104,MAR,DNK,130231
6156487,162,64,5450,1999,0.0,29838.0,1.308776,1.574293,NLD,DNK,130231
6156488,163,64,5450,1999,0.0,5501.0,1.1012959999999998,0.240184,NOR,DNK,130231
6156489,169,64,5450,1999,0.0,57086.0,0.126144,0.491986,PAN,DNK,130231
6156490,186,64,5450,1999,0.0,501489.0,0.903308,0.590858,RUS,DNK,130231
6156491,188,64,5450,1999,0.0,5878.0,0.553028,-0.527401,SAU,DNK,130231
6156492,192,64,5450,1999,0.0,2724.0,1.355833,0.594305,SGP,DNK,130231
6156493,206,64,5450,1999,0.0,8303.0,1.133942,1.105742,SVK,DNK,130231
6156494,208,64,5450,1999,4693.0,31387.0,2.1456720000000002,0.856556,SWE,DNK,130231
6156495,231,64,5450,1999,0.0,52385.0,1.8755119999999998,0.5350729999999999,USA,DNK,130231
6156496,61,67,5450,1999,2726.0,0.0,2.334811,-2.060502,DEU,ECU,130231
6156497,8,71,5450,1999,0.0,94995.0,0.49933500000000003,0.593879,ARG,ESP,130231
6156498,14,71,5450,1999,0.0,89629.0,0.357101,0.8857879999999999,AUS,ESP,130231
6156499,15,71,5450,1999,0.0,129132.0,1.836804,0.744312,AUT,ESP,130231
6156500,18,71,5450,1999,4490.0,14144.0,1.512061,1.253478,BEL,ESP,130231
6156501,28,71,5450,1999,0.0,3272.0,0.7516579999999999,1.169072,BLR,ESP,130231
6156502,32,71,5450,1999,0.0,16358.0,0.762468,1.191759,BRA,ESP,130231
6156503,39,71,5450,1999,0.0,21227.0,1.083572,1.08026,CAN,ESP,130231
6156504,41,71,5450,1999,0.0,5499.0,2.189934,0.741428,CHE,ESP,130231
6156505,42,71,5450,1999,0.0,171894.0,0.041013,-0.111553,CHL,ESP,130231
6156506,43,71,5450,1999,42544.0,10802.0,0.386094,3.270089,CHN,ESP,130231
6156507,54,71,5450,1999,0.0,20130.0,-0.152322,-0.8734270000000001,CUB,ESP,130231
6156508,58,71,5450,1999,0.0,24608.0,0.508464,0.324706,CYP,ESP,130231
6156509,59,71,5450,1999,0.0,10127.0,1.412439,1.329385,CZE,ESP,130231
6156510,61,71,5450,1999,149665.0,637353.0,2.334811,-2.060502,DEU,ESP,130231
6156511,64,71,5450,1999,2033.0,31172.0,1.264405,1.469627,DNK,ESP,130231
6156512,66,71,5450,1999,0.0,1732.0,-0.701764,-1.175132,DZA,ESP,130231
6156513,68,71,5450,1999,0.0,3025.0,-0.311879,0.300746,EGY,ESP,130231
6156514,72,71,5450,1999,0.0,8316.0,0.502979,0.8847440000000001,EST,ESP,130231
6156515,74,71,5450,1999,0.0,66052.0,2.095642,0.966282,FIN,ESP,130231
6156516,77,71,5450,1999,69295.0,989096.0,1.72758,0.6619079999999999,FRA,ESP,130231
6156517,81,71,5450,1999,74045.0,2103798.0,1.9523830000000002,0.771455,GBR,ESP,130231
6156518,90,71,5450,1999,0.0,17188.0,0.24943600000000002,1.172467,GRC,ESP,130231
6156519,100,71,5450,1999,0.0,77626.0,0.572934,0.9873639999999999,HRV,ESP,130231
6156520,102,71,5450,1999,0.0,14193.0,0.794675,1.308337,HUN,ESP,130231
6156521,104,71,5450,1999,0.0,1332.0,0.29945900000000003,2.438702,IND,ESP,130231
6156522,110,71,5450,1999,0.0,117327.0,1.342593,0.781931,ISR,ESP,130231
6156523,111,71,5450,1999,0.0,606422.0,1.395253,1.3589790000000002,ITA,ESP,130231
6156524,114,71,5450,1999,2320.0,64361.0,2.541382,0.693702,JPN,ESP,130231
6156525,121,71,5450,1999,228112.0,140743.0,0.92448,1.053988,KOR,ESP,130231
6156526,134,71,5450,1999,238745.0,1413.0,-0.659053,-0.142104,MAR,ESP,130231
6156527,138,71,5450,1999,456466.0,103260.0,0.581034,0.8399760000000001,MEX,ESP,130231
6156528,140,71,5450,1999,0.0,850.0,0.053132000000000006,0.43408,MKD,ESP,130231
6156529,162,71,5450,1999,54646.0,32066.0,1.308776,1.574293,NLD,ESP,130231
6156530,163,71,5450,1999,0.0,87398.0,1.1012959999999998,0.240184,NOR,ESP,130231
6156531,168,71,5450,1999,0.0,50825.0,-1.047891,-0.525612,PAK,ESP,130231
6156532,169,71,5450,1999,0.0,51042.0,0.126144,0.491986,PAN,ESP,130231
6156533,174,71,5450,1999,2984.0,0.0,-0.401903,-0.333408,PHL,ESP,130231
6156534,177,71,5450,1999,67228.0,1032835.0,0.8512700000000001,1.8975229999999998,POL,ESP,130231
6156535,179,71,5450,1999,1659518.0,1099.0,0.420538,1.379359,PRT,ESP,130231
6156536,185,71,5450,1999,0.0,3079.0,0.253874,0.8322709999999999,ROU,ESP,130231
6156537,186,71,5450,1999,0.0,188772.0,0.903308,0.590858,RUS,ESP,130231
6156538,189,71,5450,1999,0.0,92332.0,0.607596,2.222456,SCG,ESP,130231
6156539,206,71,5450,1999,0.0,46873.0,1.133942,1.105742,SVK,ESP,130231
6156540,207,71,5450,1999,0.0,4351.0,1.447589,1.284414,SVN,ESP,130231
6156541,208,71,5450,1999,0.0,28516.0,2.1456720000000002,0.856556,SWE,ESP,130231
6156542,216,71,5450,1999,0.0,6481.0,0.20451,1.513533,THA,ESP,130231
6156543,228,71,5450,1999,0.0,106936.0,0.6242270000000001,0.742258,UKR,ESP,130231
6156544,231,71,5450,1999,10725.0,1878825.0,1.8755119999999998,0.5350729999999999,USA,ESP,130231
6156545,236,71,5450,1999,0.0,16179.0,0.16454100000000002,-0.691021,VEN,ESP,130231
6156546,246,71,5450,1999,0.0,43810.0,0.543171,1.432792,ZAF,ESP,130231
6156547,249,71,5450,1999,12949.0,1277.0,1.336816,1.725334,TWN,ESP,130231
6156548,61,72,5450,1999,38723.0,0.0,2.334811,-2.060502,DEU,EST,130231
6156549,64,72,5450,1999,7532.0,0.0,1.264405,1.469627,DNK,EST,130231
6156550,71,72,5450,1999,8316.0,0.0,1.0849209999999998,1.9351180000000001,ESP,EST,130231
6156551,74,72,5450,1999,1262.0,4432.0,2.095642,0.966282,FIN,EST,130231
6156552,111,72,5450,1999,51997.0,0.0,1.395253,1.3589790000000002,ITA,EST,130231
6156553,130,72,5450,1999,0.0,19787.0,0.197536,0.5041899999999999,LTU,EST,130231
6156554,132,72,5450,1999,0.0,65516.0,0.20633600000000002,0.324171,LVA,EST,130231
6156555,186,72,5450,1999,0.0,84041.0,0.903308,0.590858,RUS,EST,130231
6156556,228,72,5450,1999,0.0,147873.0,0.6242270000000001,0.742258,UKR,EST,130231
6156557,81,73,5450,1999,5166.0,0.0,1.9523830000000002,0.771455,GBR,ETH,130231
6156558,231,73,5450,1999,12973.0,0.0,1.8755119999999998,0.5350729999999999,USA,ETH,130231
6156559,18,74,5450,1999,1033.0,0.0,1.512061,1.253478,BEL,FIN,130231
6156560,61,74,5450,1999,6244.0,0.0,2.334811,-2.060502,DEU,FIN,130231
6156561,64,74,5450,1999,20360.0,0.0,1.264405,1.469627,DNK,FIN,130231
6156562,71,74,5450,1999,66052.0,0.0,1.0849209999999998,1.9351180000000001,ESP,FIN,130231
6156563,72,74,5450,1999,4432.0,1262.0,0.502979,0.8847440000000001,EST,FIN,130231
6156564,81,74,5450,1999,1547.0,0.0,1.9523830000000002,0.771455,GBR,FIN,130231
6156565,111,74,5450,1999,39390.0,0.0,1.395253,1.3589790000000002,ITA,FIN,130231
6156566,121,74,5450,1999,3427.0,0.0,0.92448,1.053988,KOR,FIN,130231
6156567,134,74,5450,1999,9943.0,0.0,-0.659053,-0.142104,MAR,FIN,130231
6156568,208,74,5450,1999,2039.0,0.0,2.1456720000000002,0.856556,SWE,FIN,130231
6156569,231,74,5450,1999,1680.0,0.0,1.8755119999999998,0.5350729999999999,USA,FIN,130231
6156570,15,77,5450,1999,0.0,4106.0,1.836804,0.744312,AUT,FRA,130231
6156571,18,77,5450,1999,57828.0,7654.0,1.512061,1.253478,BEL,FRA,130231
6156572,32,77,5450,1999,0.0,6674.0,0.762468,1.191759,BRA,FRA,130231
6156573,41,77,5450,1999,5760.0,9272.0,2.189934,0.741428,CHE,FRA,130231
6156574,43,77,5450,1999,28392.0,0.0,0.386094,3.270089,CHN,FRA,130231
6156575,44,77,5450,1999,0.0,5517.0,-0.591892,-0.654457,CIV,FRA,130231
6156576,59,77,5450,1999,0.0,5252.0,1.412439,1.329385,CZE,FRA,130231
6156577,61,77,5450,1999,131003.0,1319067.0,2.334811,-2.060502,DEU,FRA,130231
6156578,64,77,5450,1999,62515.0,48047.0,1.264405,1.469627,DNK,FRA,130231
6156579,66,77,5450,1999,0.0,7140.0,-0.701764,-1.175132,DZA,FRA,130231
6156580,68,77,5450,1999,0.0,12748.0,-0.311879,0.300746,EGY,FRA,130231
6156581,71,77,5450,1999,989096.0,69295.0,1.0849209999999998,1.9351180000000001,ESP,FRA,130231
6156582,81,77,5450,1999,8596.0,133417.0,1.9523830000000002,0.771455,GBR,FRA,130231
6156583,102,77,5450,1999,0.0,1716.0,0.794675,1.308337,HUN,FRA,130231
6156584,103,77,5450,1999,727575.0,0.0,-0.20447,1.568505,IDN,FRA,130231
6156585,104,77,5450,1999,0.0,242690.0,0.29945900000000003,2.438702,IND,FRA,130231
6156586,107,77,5450,1999,0.0,870.0,-0.9366620000000001,-1.147602,IRN,FRA,130231
6156587,109,77,5450,1999,0.0,27410.0,0.377701,-0.355798,ISL,FRA,130231
6156588,110,77,5450,1999,0.0,2331.0,1.342593,0.781931,ISR,FRA,130231
6156589,111,77,5450,1999,15740.0,33243.0,1.395253,1.3589790000000002,ITA,FRA,130231
6156590,114,77,5450,1999,3299.0,0.0,2.541382,0.693702,JPN,FRA,130231
6156591,121,77,5450,1999,0.0,73175.0,0.92448,1.053988,KOR,FRA,130231
6156592,134,77,5450,1999,869178.0,50717.0,-0.659053,-0.142104,MAR,FRA,130231
6156593,136,77,5450,1999,0.0,16071.0,-1.186653,-0.5059279999999999,MDG,FRA,130231
6156594,151,77,5450,1999,1185.0,3168.0,-0.5713729999999999,-0.696416,MUS,FRA,130231
6156595,162,77,5450,1999,67137.0,28990.0,1.308776,1.574293,NLD,FRA,130231
6156596,163,77,5450,1999,0.0,3626.0,1.1012959999999998,0.240184,NOR,FRA,130231
6156597,179,77,5450,1999,193945.0,1436.0,0.420538,1.379359,PRT,FRA,130231
6156598,186,77,5450,1999,0.0,15652.0,0.903308,0.590858,RUS,FRA,130231
6156599,191,77,5450,1999,0.0,1833.0,-0.472473,-0.462562,SEN,FRA,130231
6156600,216,77,5450,1999,26466.0,0.0,0.20451,1.513533,THA,FRA,130231
6156601,223,77,5450,1999,0.0,10735.0,-0.317866,-0.102551,TUN,FRA,130231
6156602,224,77,5450,1999,0.0,955.0,0.044692,1.745755,TUR,FRA,130231
6156603,231,77,5450,1999,30044.0,36888.0,1.8755119999999998,0.5350729999999999,USA,FRA,130231
6156604,249,77,5450,1999,21084.0,8331.0,1.336816,1.725334,TWN,FRA,130231
6156605,250,77,5450,1999,139006.0,0.0,1.130511,0.9547379999999999,ANS,FRA,130231
6156606,8,81,5450,1999,0.0,1144.0,0.49933500000000003,0.593879,ARG,GBR,130231
6156607,14,81,5450,1999,0.0,95246.0,0.357101,0.8857879999999999,AUS,GBR,130231
6156608,18,81,5450,1999,25561.0,51140.0,1.512061,1.253478,BEL,GBR,130231
6156609,39,81,5450,1999,0.0,5573.0,1.083572,1.08026,CAN,GBR,130231
6156610,41,81,5450,1999,1883.0,0.0,2.189934,0.741428,CHE,GBR,130231
6156611,42,81,5450,1999,19496.0,0.0,0.041013,-0.111553,CHL,GBR,130231
6156612,43,81,5450,1999,9902.0,1188.0,0.386094,3.270089,CHN,GBR,130231
6156613,49,81,5450,1999,0.0,4190.0,0.190667,0.136271,COL,GBR,130231
6156614,61,81,5450,1999,29716.0,97939.0,2.334811,-2.060502,DEU,GBR,130231
6156615,64,81,5450,1999,1559.0,4176.0,1.264405,1.469627,DNK,GBR,130231
6156616,71,81,5450,1999,2103798.0,74045.0,1.0849209999999998,1.9351180000000001,ESP,GBR,130231
6156617,73,81,5450,1999,0.0,5166.0,-1.18759,-1.111391,ETH,GBR,130231
6156618,74,81,5450,1999,0.0,1547.0,2.095642,0.966282,FIN,GBR,130231
6156619,77,81,5450,1999,133417.0,8596.0,1.72758,0.6619079999999999,FRA,GBR,130231
6156620,83,81,5450,1999,0.0,14491.0,-0.9444520000000001,-0.905826,GHA,GBR,130231
6156621,97,81,5450,1999,1262.0,2398.0,0.387427,2.402434,HKG,GBR,130231
6156622,100,81,5450,1999,0.0,1061.0,0.572934,0.9873639999999999,HRV,GBR,130231
6156623,102,81,5450,1999,0.0,39198.0,0.794675,1.308337,HUN,GBR,130231
6156624,103,81,5450,1999,967624.0,0.0,-0.20447,1.568505,IDN,GBR,130231
6156625,106,81,5450,1999,0.0,60703.0,1.599613,0.37233299999999997,IRL,GBR,130231
6156626,111,81,5450,1999,45415.0,3130.0,1.395253,1.3589790000000002,ITA,GBR,130231
6156627,112,81,5450,1999,0.0,26566.0,-0.852468,-0.9670290000000001,JAM,GBR,130231
6156628,114,81,5450,1999,15085.0,6720.0,2.541382,0.693702,JPN,GBR,130231
6156629,116,81,5450,1999,0.0,1953.0,-0.336125,0.43983999999999995,KEN,GBR,130231
6156630,121,81,5450,1999,39548.0,23265.0,0.92448,1.053988,KOR,GBR,130231
6156631,124,81,5450,1999,0.0,939.0,0.264151,0.767188,LBN,GBR,130231
6156632,126,81,5450,1999,0.0,16055.0,-0.269375,-1.145758,LBY,GBR,130231
6156633,128,81,5450,1999,0.0,2023.0,-0.8875649999999999,-0.059249,LKA,GBR,130231
6156634,134,81,5450,1999,1563582.0,5917.0,-0.659053,-0.142104,MAR,GBR,130231
6156635,138,81,5450,1999,96334.0,0.0,0.581034,0.8399760000000001,MEX,GBR,130231
6156636,142,81,5450,1999,0.0,67987.0,0.9998450000000001,0.009412,MLT,GBR,130231
6156637,153,81,5450,1999,13953.0,43047.0,0.500591,0.136149,MYS,GBR,130231
6156638,159,81,5450,1999,0.0,2419.0,-1.9312080000000003,-1.279733,NGA,GBR,130231
6156639,162,81,5450,1999,0.0,4374.0,1.308776,1.574293,NLD,GBR,130231
6156640,163,81,5450,1999,0.0,11692.0,1.1012959999999998,0.240184,NOR,GBR,130231
6156641,169,81,5450,1999,1666.0,0.0,0.126144,0.491986,PAN,GBR,130231
6156642,174,81,5450,1999,1220.0,0.0,-0.401903,-0.333408,PHL,GBR,130231
6156643,177,81,5450,1999,0.0,2548.0,0.8512700000000001,1.8975229999999998,POL,GBR,130231
6156644,179,81,5450,1999,102627.0,0.0,0.420538,1.379359,PRT,GBR,130231
6156645,192,81,5450,1999,2383.0,0.0,1.355833,0.594305,SGP,GBR,130231
6156646,208,81,5450,1999,0.0,20085.0,2.1456720000000002,0.856556,SWE,GBR,130231
6156647,216,81,5450,1999,0.0,5538.0,0.20451,1.513533,THA,GBR,130231
6156648,223,81,5450,1999,2065.0,0.0,-0.317866,-0.102551,TUN,GBR,130231
6156649,224,81,5450,1999,0.0,21266.0,0.044692,1.745755,TUR,GBR,130231
6156650,228,81,5450,1999,0.0,15807.0,0.6242270000000001,0.742258,UKR,GBR,130231
6156651,231,81,5450,1999,372468.0,106804.0,1.8755119999999998,0.5350729999999999,USA,GBR,130231
6156652,236,81,5450,1999,0.0,5747.0,0.16454100000000002,-0.691021,VEN,GBR,130231
6156653,246,81,5450,1999,0.0,9224.0,0.543171,1.432792,ZAF,GBR,130231
6156654,18,90,5450,1999,1244.0,0.0,1.512061,1.253478,BEL,GRC,130231
6156655,61,90,5450,1999,8007.0,0.0,2.334811,-2.060502,DEU,GRC,130231
6156656,71,90,5450,1999,17188.0,0.0,1.0849209999999998,1.9351180000000001,ESP,GRC,130231
6156657,111,90,5450,1999,10882.0,0.0,1.395253,1.3589790000000002,ITA,GRC,130231
6156658,134,90,5450,1999,2395.0,0.0,-0.659053,-0.142104,MAR,GRC,130231
6156659,61,93,5450,1999,3086.0,0.0,2.334811,-2.060502,DEU,GTM,130231
6156660,138,93,5450,1999,49532.0,0.0,0.581034,0.8399760000000001,MEX,GTM,130231
6156661,231,93,5450,1999,8203.0,0.0,1.8755119999999998,0.5350729999999999,USA,GTM,130231
6156662,14,97,5450,1999,0.0,32011.0,0.357101,0.8857879999999999,AUS,HKG,130231
6156663,39,97,5450,1999,0.0,11712.0,1.083572,1.08026,CAN,HKG,130231
6156664,43,97,5450,1999,1516949.0,13419.0,0.386094,3.270089,CHN,HKG,130231
6156665,59,97,5450,1999,0.0,447723.0,1.412439,1.329385,CZE,HKG,130231
6156666,61,97,5450,1999,4071.0,1607.0,2.334811,-2.060502,DEU,HKG,130231
6156667,81,97,5450,1999,2398.0,1262.0,1.9523830000000002,0.771455,GBR,HKG,130231
6156668,103,97,5450,1999,105138.0,45547.0,-0.20447,1.568505,IDN,HKG,130231
6156669,111,97,5450,1999,0.0,40595.0,1.395253,1.3589790000000002,ITA,HKG,130231
6156670,114,97,5450,1999,7884.0,29225.0,2.541382,0.693702,JPN,HKG,130231
6156671,121,97,5450,1999,111377.0,0.0,0.92448,1.053988,KOR,HKG,130231
6156672,136,97,5450,1999,0.0,2843.0,-1.186653,-0.5059279999999999,MDG,HKG,130231
6156673,153,97,5450,1999,0.0,119782.0,0.500591,0.136149,MYS,HKG,130231
6156674,162,97,5450,1999,0.0,1780.0,1.308776,1.574293,NLD,HKG,130231
6156675,166,97,5450,1999,0.0,1100.0,0.592051,0.780176,NZL,HKG,130231
6156676,168,97,5450,1999,0.0,13545.0,-1.047891,-0.525612,PAK,HKG,130231
6156677,169,97,5450,1999,0.0,984.0,0.126144,0.491986,PAN,HKG,130231
6156678,173,97,5450,1999,0.0,684.0,-0.367489,0.11813399999999999,PER,HKG,130231
6156679,174,97,5450,1999,0.0,7908.0,-0.401903,-0.333408,PHL,HKG,130231
6156680,192,97,5450,1999,1022.0,6271.0,1.355833,0.594305,SGP,HKG,130231
6156681,208,97,5450,1999,0.0,7596.0,2.1456720000000002,0.856556,SWE,HKG,130231
6156682,216,97,5450,1999,3746.0,88419.0,0.20451,1.513533,THA,HKG,130231
6156683,222,97,5450,1999,0.0,952.0,0.258046,-0.562956,TTO,HKG,130231
6156684,231,97,5450,1999,3843.0,40936.0,1.8755119999999998,0.5350729999999999,USA,HKG,130231
6156685,246,97,5450,1999,0.0,74600.0,0.543171,1.432792,ZAF,HKG,130231
6156686,249,97,5450,1999,32960.0,0.0,1.336816,1.725334,TWN,HKG,130231
6156687,7,103,5450,1999,0.0,35208.0,-0.21921,-0.54813,ARE,IDN,130231
6156688,8,103,5450,1999,0.0,135585.0,0.49933500000000003,0.593879,ARG,IDN,130231
6156689,14,103,5450,1999,0.0,309275.0,0.357101,0.8857879999999999,AUS,IDN,130231
6156690,15,103,5450,1999,0.0,36490.0,1.836804,0.744312,AUT,IDN,130231
6156691,18,103,5450,1999,0.0,73760.0,1.512061,1.253478,BEL,IDN,130231
6156692,24,103,5450,1999,0.0,1892.0,-0.034526,-0.8887200000000001,BHR,IDN,130231
6156693,34,103,5450,1999,0.0,3724.0,-1.417607,-1.011226,BRN,IDN,130231
6156694,42,103,5450,1999,2581440.0,0.0,0.041013,-0.111553,CHL,IDN,130231
6156695,43,103,5450,1999,7922.0,6011.0,0.386094,3.270089,CHN,IDN,130231
6156696,59,103,5450,1999,0.0,10909.0,1.412439,1.329385,CZE,IDN,130231
6156697,61,103,5450,1999,11932.0,838370.0,2.334811,-2.060502,DEU,IDN,130231
6156698,77,103,5450,1999,0.0,727575.0,1.72758,0.6619079999999999,FRA,IDN,130231
6156699,81,103,5450,1999,0.0,967624.0,1.9523830000000002,0.771455,GBR,IDN,130231
6156700,97,103,5450,1999,45547.0,105138.0,0.387427,2.402434,HKG,IDN,130231
6156701,104,103,5450,1999,0.0,14634.0,0.29945900000000003,2.438702,IND,IDN,130231
6156702,110,103,5450,1999,0.0,13405.0,1.342593,0.781931,ISR,IDN,130231
6156703,114,103,5450,1999,4390.0,519817.0,2.541382,0.693702,JPN,IDN,130231
6156704,121,103,5450,1999,969805.0,0.0,0.92448,1.053988,KOR,IDN,130231
6156705,122,103,5450,1999,0.0,9496.0,0.028312999999999998,-1.0742770000000001,KWT,IDN,130231
6156706,153,103,5450,1999,26500.0,217155.0,0.500591,0.136149,MYS,IDN,130231
6156707,162,103,5450,1999,0.0,43818.0,1.308776,1.574293,NLD,IDN,130231
6156708,192,103,5450,1999,10303.0,141175.0,1.355833,0.594305,SGP,IDN,130231
6156709,231,103,5450,1999,2910.0,22570.0,1.8755119999999998,0.5350729999999999,USA,IDN,130231
6156710,243,103,5450,1999,0.0,13103.0,-1.746447,-1.296571,YEM,IDN,130231
6156711,246,103,5450,1999,0.0,3602.0,0.543171,1.432792,ZAF,IDN,130231
6156712,249,103,5450,1999,0.0,10321.0,1.336816,1.725334,TWN,IDN,130231
6156713,61,106,5450,1999,52186.0,0.0,2.334811,-2.060502,DEU,IRL,130231
6156714,64,106,5450,1999,7762.0,0.0,1.264405,1.469627,DNK,IRL,130231
6156715,81,106,5450,1999,60703.0,0.0,1.9523830000000002,0.771455,GBR,IRL,130231
6156716,111,106,5450,1999,3766.0,0.0,1.395253,1.3589790000000002,ITA,IRL,130231
6156717,134,106,5450,1999,30028.0,0.0,-0.659053,-0.142104,MAR,IRL,130231
6156718,153,106,5450,1999,0.0,35150.0,0.500591,0.136149,MYS,IRL,130231
6156719,162,106,5450,1999,0.0,152846.0,1.308776,1.574293,NLD,IRL,130231
6156720,18,111,5450,1999,13396.0,162059.0,1.512061,1.253478,BEL,ITA,130231
6156721,23,111,5450,1999,0.0,12232.0,0.311033,1.7375040000000002,BGR,ITA,130231
6156722,28,111,5450,1999,0.0,25397.0,0.7516579999999999,1.169072,BLR,ITA,130231
6156723,41,111,5450,1999,14177.0,15126.0,2.189934,0.741428,CHE,ITA,130231
6156724,42,111,5450,1999,1178422.0,0.0,0.041013,-0.111553,CHL,ITA,130231
6156725,43,111,5450,1999,82515.0,0.0,0.386094,3.270089,CHN,ITA,130231
6156726,59,111,5450,1999,0.0,31825.0,1.412439,1.329385,CZE,ITA,130231
6156727,61,111,5450,1999,183973.0,66182.0,2.334811,-2.060502,DEU,ITA,130231
6156728,64,111,5450,1999,0.0,7680.0,1.264405,1.469627,DNK,ITA,130231
6156729,71,111,5450,1999,606422.0,0.0,1.0849209999999998,1.9351180000000001,ESP,ITA,130231
6156730,72,111,5450,1999,0.0,51997.0,0.502979,0.8847440000000001,EST,ITA,130231
6156731,74,111,5450,1999,0.0,39390.0,2.095642,0.966282,FIN,ITA,130231
6156732,77,111,5450,1999,33243.0,15740.0,1.72758,0.6619079999999999,FRA,ITA,130231
6156733,81,111,5450,1999,3130.0,45415.0,1.9523830000000002,0.771455,GBR,ITA,130231
6156734,90,111,5450,1999,0.0,10882.0,0.24943600000000002,1.172467,GRC,ITA,130231
6156735,97,111,5450,1999,40595.0,0.0,0.387427,2.402434,HKG,ITA,130231
6156736,100,111,5450,1999,0.0,132826.0,0.572934,0.9873639999999999,HRV,ITA,130231
6156737,102,111,5450,1999,0.0,64587.0,0.794675,1.308337,HUN,ITA,130231
6156738,106,111,5450,1999,0.0,3766.0,1.599613,0.37233299999999997,IRL,ITA,130231
6156739,107,111,5450,1999,0.0,9320.0,-0.9366620000000001,-1.147602,IRN,ITA,130231
6156740,110,111,5450,1999,0.0,40725.0,1.342593,0.781931,ISR,ITA,130231
6156741,114,111,5450,1999,267488.0,10476.0,2.541382,0.693702,JPN,ITA,130231
6156742,121,111,5450,1999,7238.0,0.0,0.92448,1.053988,KOR,ITA,130231
6156743,130,111,5450,1999,0.0,33166.0,0.197536,0.5041899999999999,LTU,ITA,130231
6156744,132,111,5450,1999,0.0,50615.0,0.20633600000000002,0.324171,LVA,ITA,130231
6156745,134,111,5450,1999,2466454.0,25485.0,-0.659053,-0.142104,MAR,ITA,130231
6156746,135,111,5450,1999,0.0,21475.0,-0.16408,-0.08062000000000001,MDA,ITA,130231
6156747,140,111,5450,1999,0.0,89476.0,0.053132000000000006,0.43408,MKD,ITA,130231
6156748,162,111,5450,1999,3197.0,184572.0,1.308776,1.574293,NLD,ITA,130231
6156749,163,111,5450,1999,0.0,1307.0,1.1012959999999998,0.240184,NOR,ITA,130231
6156750,167,111,5450,1999,0.0,12063.0,-0.6801510000000001,-1.146403,OMN,ITA,130231
6156751,174,111,5450,1999,4304.0,0.0,-0.401903,-0.333408,PHL,ITA,130231
6156752,177,111,5450,1999,1446.0,1745744.0,0.8512700000000001,1.8975229999999998,POL,ITA,130231
6156753,179,111,5450,1999,239117.0,0.0,0.420538,1.379359,PRT,ITA,130231
6156754,186,111,5450,1999,0.0,486174.0,0.903308,0.590858,RUS,ITA,130231
6156755,189,111,5450,1999,0.0,86604.0,0.607596,2.222456,SCG,ITA,130231
6156756,192,111,5450,1999,0.0,10984.0,1.355833,0.594305,SGP,ITA,130231
6156757,207,111,5450,1999,0.0,4325.0,1.447589,1.284414,SVN,ITA,130231
6156758,208,111,5450,1999,2963.0,0.0,2.1456720000000002,0.856556,SWE,ITA,130231
6156759,224,111,5450,1999,0.0,28445.0,0.044692,1.745755,TUR,ITA,130231
6156760,228,111,5450,1999,0.0,66036.0,0.6242270000000001,0.742258,UKR,ITA,130231
6156761,231,111,5450,1999,1671.0,4335.0,1.8755119999999998,0.5350729999999999,USA,ITA,130231
6156762,239,111,5450,1999,77556.0,0.0,-0.9824940000000001,0.115755,VNM,ITA,130231
6156763,249,111,5450,1999,3718.0,0.0,1.336816,1.725334,TWN,ITA,130231
6156764,81,112,5450,1999,26566.0,0.0,1.9523830000000002,0.771455,GBR,JAM,130231
6156765,179,112,5450,1999,17831.0,0.0,0.420538,1.379359,PRT,JAM,130231
6156766,231,112,5450,1999,5296.0,0.0,1.8755119999999998,0.5350729999999999,USA,JAM,130231
6156767,7,121,5450,1999,0.0,25168.0,-0.21921,-0.54813,ARE,KOR,130231
6156768,24,121,5450,1999,0.0,2000.0,-0.034526,-0.8887200000000001,BHR,KOR,130231
6156769,42,121,5450,1999,12422.0,0.0,0.041013,-0.111553,CHL,KOR,130231
6156770,43,121,5450,1999,12173.0,13096.0,0.386094,3.270089,CHN,KOR,130231
6156771,61,121,5450,1999,75439.0,100899.0,2.334811,-2.060502,DEU,KOR,130231
6156772,71,121,5450,1999,140743.0,228112.0,1.0849209999999998,1.9351180000000001,ESP,KOR,130231
6156773,74,121,5450,1999,0.0,3427.0,2.095642,0.966282,FIN,KOR,130231
6156774,77,121,5450,1999,73175.0,0.0,1.72758,0.6619079999999999,FRA,KOR,130231
6156775,81,121,5450,1999,23265.0,39548.0,1.9523830000000002,0.771455,GBR,KOR,130231
6156776,97,121,5450,1999,0.0,111377.0,0.387427,2.402434,HKG,KOR,130231
6156777,103,121,5450,1999,0.0,969805.0,-0.20447,1.568505,IDN,KOR,130231
6156778,107,121,5450,1999,0.0,21371.0,-0.9366620000000001,-1.147602,IRN,KOR,130231
6156779,111,121,5450,1999,0.0,7238.0,1.395253,1.3589790000000002,ITA,KOR,130231
6156780,114,121,5450,1999,83754.0,5713137.0,2.541382,0.693702,JPN,KOR,130231
6156781,153,121,5450,1999,0.0,61873.0,0.500591,0.136149,MYS,KOR,130231
6156782,166,121,5450,1999,0.0,5488.0,0.592051,0.780176,NZL,KOR,130231
6156783,192,121,5450,1999,0.0,16251.0,1.355833,0.594305,SGP,KOR,130231
6156784,231,121,5450,1999,13780.0,153069.0,1.8755119999999998,0.5350729999999999,USA,KOR,130231
6156785,246,121,5450,1999,0.0,64108.0,0.543171,1.432792,ZAF,KOR,130231
6156786,43,128,5450,1999,2356.0,0.0,0.386094,3.270089,CHN,LKA,130231
6156787,81,128,5450,1999,2023.0,0.0,1.9523830000000002,0.771455,GBR,LKA,130231
6156788,104,128,5450,1999,2808.0,0.0,0.29945900000000003,2.438702,IND,LKA,130231
6156789,32,138,5450,1999,0.0,26080.0,0.762468,1.191759,BRA,MEX,130231
6156790,42,138,5450,1999,282565.0,0.0,0.041013,-0.111553,CHL,MEX,130231
6156791,43,138,5450,1999,29000.0,0.0,0.386094,3.270089,CHN,MEX,130231
6156792,52,138,5450,1999,0.0,7053.0,-0.310033,-0.299529,CRI,MEX,130231
6156793,54,138,5450,1999,0.0,102695.0,-0.152322,-0.8734270000000001,CUB,MEX,130231
6156794,61,138,5450,1999,15918.0,0.0,2.334811,-2.060502,DEU,MEX,130231
6156795,71,138,5450,1999,103260.0,456466.0,1.0849209999999998,1.9351180000000001,ESP,MEX,130231
6156796,81,138,5450,1999,0.0,96334.0,1.9523830000000002,0.771455,GBR,MEX,130231
6156797,93,138,5450,1999,0.0,49532.0,-0.459323,0.210247,GTM,MEX,130231
6156798,114,138,5450,1999,5959.0,0.0,2.541382,0.693702,JPN,MEX,130231
6156799,179,138,5450,1999,5607.0,0.0,0.420538,1.379359,PRT,MEX,130231
6156800,231,138,5450,1999,34219.0,715303.0,1.8755119999999998,0.5350729999999999,USA,MEX,130231
6156801,236,138,5450,1999,0.0,8664.0,0.16454100000000002,-0.691021,VEN,MEX,130231
6156802,14,153,5450,1999,2044.0,23874.0,0.357101,0.8857879999999999,AUS,MYS,130231
6156803,34,153,5450,1999,0.0,4341.0,-1.417607,-1.011226,BRN,MYS,130231
6156804,41,153,5450,1999,5127.0,0.0,2.189934,0.741428,CHE,MYS,130231
6156805,42,153,5450,1999,33571.0,0.0,0.041013,-0.111553,CHL,MYS,130231
6156806,43,153,5450,1999,2804488.0,0.0,0.386094,3.270089,CHN,MYS,130231
6156807,61,153,5450,1999,5484.0,0.0,2.334811,-2.060502,DEU,MYS,130231
6156808,81,153,5450,1999,43047.0,13953.0,1.9523830000000002,0.771455,GBR,MYS,130231
6156809,97,153,5450,1999,119782.0,0.0,0.387427,2.402434,HKG,MYS,130231
6156810,103,153,5450,1999,217155.0,26500.0,-0.20447,1.568505,IDN,MYS,130231
6156811,106,153,5450,1999,35150.0,0.0,1.599613,0.37233299999999997,IRL,MYS,130231
6156812,114,153,5450,1999,117984.0,0.0,2.541382,0.693702,JPN,MYS,130231
6156813,121,153,5450,1999,61873.0,0.0,0.92448,1.053988,KOR,MYS,130231
6156814,151,153,5450,1999,0.0,1653.0,-0.5713729999999999,-0.696416,MUS,MYS,130231
6156815,162,153,5450,1999,1278.0,0.0,1.308776,1.574293,NLD,MYS,130231
6156816,192,153,5450,1999,142186.0,188379.0,1.355833,0.594305,SGP,MYS,130231
6156817,216,153,5450,1999,6100.0,0.0,0.20451,1.513533,THA,MYS,130231
6156818,231,153,5450,1999,299700.0,0.0,1.8755119999999998,0.5350729999999999,USA,MYS,130231
6156819,249,153,5450,1999,7116.0,3082.0,1.336816,1.725334,TWN,MYS,130231
6156820,231,160,5450,1999,3119.0,0.0,1.8755119999999998,0.5350729999999999,USA,NIC,130231
6156821,15,162,5450,1999,0.0,1361.0,1.836804,0.744312,AUT,NLD,130231
6156822,18,162,5450,1999,365924.0,24548.0,1.512061,1.253478,BEL,NLD,130231
6156823,41,162,5450,1999,0.0,4351.0,2.189934,0.741428,CHE,NLD,130231
6156824,42,162,5450,1999,24088.0,20214.0,0.041013,-0.111553,CHL,NLD,130231
6156825,43,162,5450,1999,13798.0,0.0,0.386094,3.270089,CHN,NLD,130231
6156826,61,162,5450,1999,248422.0,11732.0,2.334811,-2.060502,DEU,NLD,130231
6156827,64,162,5450,1999,29838.0,0.0,1.264405,1.469627,DNK,NLD,130231
6156828,66,162,5450,1999,0.0,5978.0,-0.701764,-1.175132,DZA,NLD,130231
6156829,71,162,5450,1999,32066.0,54646.0,1.0849209999999998,1.9351180000000001,ESP,NLD,130231
6156830,77,162,5450,1999,28990.0,67137.0,1.72758,0.6619079999999999,FRA,NLD,130231
6156831,81,162,5450,1999,4374.0,0.0,1.9523830000000002,0.771455,GBR,NLD,130231
6156832,97,162,5450,1999,1780.0,0.0,0.387427,2.402434,HKG,NLD,130231
6156833,102,162,5450,1999,0.0,2965.0,0.794675,1.308337,HUN,NLD,130231
6156834,103,162,5450,1999,43818.0,0.0,-0.20447,1.568505,IDN,NLD,130231
6156835,104,162,5450,1999,2372.0,16255.0,0.29945900000000003,2.438702,IND,NLD,130231
6156836,106,162,5450,1999,152846.0,0.0,1.599613,0.37233299999999997,IRL,NLD,130231
6156837,110,162,5450,1999,0.0,21562.0,1.342593,0.781931,ISR,NLD,130231
6156838,111,162,5450,1999,184572.0,3197.0,1.395253,1.3589790000000002,ITA,NLD,130231
6156839,114,162,5450,1999,133828.0,0.0,2.541382,0.693702,JPN,NLD,130231
6156840,116,162,5450,1999,8801.0,0.0,-0.336125,0.43983999999999995,KEN,NLD,130231
6156841,122,162,5450,1999,0.0,48882.0,0.028312999999999998,-1.0742770000000001,KWT,NLD,130231
6156842,134,162,5450,1999,72802.0,0.0,-0.659053,-0.142104,MAR,NLD,130231
6156843,153,162,5450,1999,0.0,1278.0,0.500591,0.136149,MYS,NLD,130231
6156844,163,162,5450,1999,0.0,2950.0,1.1012959999999998,0.240184,NOR,NLD,130231
6156845,177,162,5450,1999,2754.0,44263.0,0.8512700000000001,1.8975229999999998,POL,NLD,130231
6156846,186,162,5450,1999,0.0,88780.0,0.903308,0.590858,RUS,NLD,130231
6156847,187,162,5450,1999,0.0,3537.0,-0.747449,-0.832043,RWA,NLD,130231
6156848,192,162,5450,1999,37177.0,0.0,1.355833,0.594305,SGP,NLD,130231
6156849,216,162,5450,1999,3687.0,0.0,0.20451,1.513533,THA,NLD,130231
6156850,224,162,5450,1999,0.0,4275.0,0.044692,1.745755,TUR,NLD,130231
6156851,228,162,5450,1999,0.0,5136.0,0.6242270000000001,0.742258,UKR,NLD,130231
6156852,246,162,5450,1999,0.0,63262.0,0.543171,1.432792,ZAF,NLD,130231
6156853,249,162,5450,1999,7140.0,0.0,1.336816,1.725334,TWN,NLD,130231
6156854,61,163,5450,1999,186923.0,0.0,2.334811,-2.060502,DEU,NOR,130231
6156855,64,163,5450,1999,5501.0,0.0,1.264405,1.469627,DNK,NOR,130231
6156856,71,163,5450,1999,87398.0,0.0,1.0849209999999998,1.9351180000000001,ESP,NOR,130231
6156857,77,163,5450,1999,3626.0,0.0,1.72758,0.6619079999999999,FRA,NOR,130231
6156858,81,163,5450,1999,11692.0,0.0,1.9523830000000002,0.771455,GBR,NOR,130231
6156859,109,163,5450,1999,0.0,1666.0,0.377701,-0.355798,ISL,NOR,130231
6156860,111,163,5450,1999,1307.0,0.0,1.395253,1.3589790000000002,ITA,NOR,130231
6156861,134,163,5450,1999,1387.0,0.0,-0.659053,-0.142104,MAR,NOR,130231
6156862,162,163,5450,1999,2950.0,0.0,1.308776,1.574293,NLD,NOR,130231
6156863,208,163,5450,1999,13510.0,0.0,2.1456720000000002,0.856556,SWE,NOR,130231
6156864,216,163,5450,1999,977.0,0.0,0.20451,1.513533,THA,NOR,130231
6156865,231,163,5450,1999,7108.0,0.0,1.8755119999999998,0.5350729999999999,USA,NOR,130231
6156866,54,169,5450,1999,0.0,4167.0,-0.152322,-0.8734270000000001,CUB,PAN,130231
6156867,64,169,5450,1999,57086.0,0.0,1.264405,1.469627,DNK,PAN,130231
6156868,71,169,5450,1999,51042.0,0.0,1.0849209999999998,1.9351180000000001,ESP,PAN,130231
6156869,81,169,5450,1999,0.0,1666.0,1.9523830000000002,0.771455,GBR,PAN,130231
6156870,97,169,5450,1999,984.0,0.0,0.387427,2.402434,HKG,PAN,130231
6156871,231,169,5450,1999,1602.0,0.0,1.8755119999999998,0.5350729999999999,USA,PAN,130231
6156872,8,173,5450,1999,1772.0,0.0,0.49933500000000003,0.593879,ARG,PER,130231
6156873,42,173,5450,1999,12765.0,0.0,0.041013,-0.111553,CHL,PER,130231
6156874,43,173,5450,1999,1453.0,0.0,0.386094,3.270089,CHN,PER,130231
6156875,61,173,5450,1999,5346.0,0.0,2.334811,-2.060502,DEU,PER,130231
6156876,97,173,5450,1999,684.0,0.0,0.387427,2.402434,HKG,PER,130231
6156877,14,174,5450,1999,0.0,5222.0,0.357101,0.8857879999999999,AUS,PHL,130231
6156878,39,174,5450,1999,0.0,9918.0,1.083572,1.08026,CAN,PHL,130231
6156879,41,174,5450,1999,1037.0,0.0,2.189934,0.741428,CHE,PHL,130231
6156880,61,174,5450,1999,46445.0,0.0,2.334811,-2.060502,DEU,PHL,130231
6156881,71,174,5450,1999,0.0,2984.0,1.0849209999999998,1.9351180000000001,ESP,PHL,130231
6156882,81,174,5450,1999,0.0,1220.0,1.9523830000000002,0.771455,GBR,PHL,130231
6156883,97,174,5450,1999,7908.0,0.0,0.387427,2.402434,HKG,PHL,130231
6156884,111,174,5450,1999,0.0,4304.0,1.395253,1.3589790000000002,ITA,PHL,130231
6156885,188,174,5450,1999,0.0,12233.0,0.553028,-0.527401,SAU,PHL,130231
6156886,192,174,5450,1999,25439.0,0.0,1.355833,0.594305,SGP,PHL,130231
6156887,216,174,5450,1999,2884.0,1426.0,0.20451,1.513533,THA,PHL,130231
6156888,231,174,5450,1999,15641.0,17109.0,1.8755119999999998,0.5350729999999999,USA,PHL,130231
6156889,249,174,5450,1999,1551.0,0.0,1.336816,1.725334,TWN,PHL,130231
6156890,14,179,5450,1999,0.0,37370.0,0.357101,0.8857879999999999,AUS,PRT,130231
6156891,41,179,5450,1999,0.0,6398.0,2.189934,0.741428,CHE,PRT,130231
6156892,61,179,5450,1999,12947.0,47827.0,2.334811,-2.060502,DEU,PRT,130231
6156893,71,179,5450,1999,1099.0,1659518.0,1.0849209999999998,1.9351180000000001,ESP,PRT,130231
6156894,77,179,5450,1999,1436.0,193945.0,1.72758,0.6619079999999999,FRA,PRT,130231
6156895,81,179,5450,1999,0.0,102627.0,1.9523830000000002,0.771455,GBR,PRT,130231
6156896,111,179,5450,1999,0.0,239117.0,1.395253,1.3589790000000002,ITA,PRT,130231
6156897,112,179,5450,1999,0.0,17831.0,-0.852468,-0.9670290000000001,JAM,PRT,130231
6156898,114,179,5450,1999,0.0,1283952.0,2.541382,0.693702,JPN,PRT,130231
6156899,138,179,5450,1999,0.0,5607.0,0.581034,0.8399760000000001,MEX,PRT,130231
6156900,208,179,5450,1999,0.0,1996.0,2.1456720000000002,0.856556,SWE,PRT,130231
6156901,212,179,5450,1999,0.0,9535.0,-0.996784,-0.6344069999999999,SYR,PRT,130231
6156902,231,179,5450,1999,0.0,276238.0,1.8755119999999998,0.5350729999999999,USA,PRT,130231
6156903,34,192,5450,1999,0.0,47973.0,-1.417607,-1.011226,BRN,SGP,130231
6156904,42,192,5450,1999,1119030.0,0.0,0.041013,-0.111553,CHL,SGP,130231
6156905,43,192,5450,1999,141778.0,0.0,0.386094,3.270089,CHN,SGP,130231
6156906,64,192,5450,1999,2724.0,0.0,1.264405,1.469627,DNK,SGP,130231
6156907,81,192,5450,1999,0.0,2383.0,1.9523830000000002,0.771455,GBR,SGP,130231
6156908,97,192,5450,1999,6271.0,1022.0,0.387427,2.402434,HKG,SGP,130231
6156909,103,192,5450,1999,141175.0,10303.0,-0.20447,1.568505,IDN,SGP,130231
6156910,104,192,5450,1999,2792.0,0.0,0.29945900000000003,2.438702,IND,SGP,130231
6156911,111,192,5450,1999,10984.0,0.0,1.395253,1.3589790000000002,ITA,SGP,130231
6156912,114,192,5450,1999,236447.0,0.0,2.541382,0.693702,JPN,SGP,130231
6156913,121,192,5450,1999,16251.0,0.0,0.92448,1.053988,KOR,SGP,130231
6156914,137,192,5450,1999,0.0,14261.0,-0.83783,-0.941734,MDV,SGP,130231
6156915,151,192,5450,1999,0.0,12364.0,-0.5713729999999999,-0.696416,MUS,SGP,130231
6156916,153,192,5450,1999,188379.0,142186.0,0.500591,0.136149,MYS,SGP,130231
6156917,162,192,5450,1999,0.0,37177.0,1.308776,1.574293,NLD,SGP,130231
6156918,174,192,5450,1999,0.0,25439.0,-0.401903,-0.333408,PHL,SGP,130231
6156919,216,192,5450,1999,1152.0,2799.0,0.20451,1.513533,THA,SGP,130231
6156920,231,192,5450,1999,25072.0,0.0,1.8755119999999998,0.5350729999999999,USA,SGP,130231
6156921,239,192,5450,1999,2293.0,0.0,-0.9824940000000001,0.115755,VNM,SGP,130231
6156922,246,192,5450,1999,0.0,1265.0,0.543171,1.432792,ZAF,SGP,130231
6156923,249,192,5450,1999,6083.0,15748.0,1.336816,1.725334,TWN,SGP,130231
6156924,61,197,5450,1999,934.0,0.0,2.334811,-2.060502,DEU,SLV,130231
6156925,231,197,5450,1999,5559.0,0.0,1.8755119999999998,0.5350729999999999,USA,SLV,130231
6156926,14,208,5450,1999,0.0,7939.0,0.357101,0.8857879999999999,AUS,SWE,130231
6156927,18,208,5450,1999,9707.0,0.0,1.512061,1.253478,BEL,SWE,130231
6156928,39,208,5450,1999,0.0,288253.0,1.083572,1.08026,CAN,SWE,130231
6156929,61,208,5450,1999,234349.0,0.0,2.334811,-2.060502,DEU,SWE,130231
6156930,64,208,5450,1999,31387.0,4693.0,1.264405,1.469627,DNK,SWE,130231
6156931,71,208,5450,1999,28516.0,0.0,1.0849209999999998,1.9351180000000001,ESP,SWE,130231
6156932,74,208,5450,1999,0.0,2039.0,2.095642,0.966282,FIN,SWE,130231
6156933,81,208,5450,1999,20085.0,0.0,1.9523830000000002,0.771455,GBR,SWE,130231
6156934,97,208,5450,1999,7596.0,0.0,0.387427,2.402434,HKG,SWE,130231
6156935,111,208,5450,1999,0.0,2963.0,1.395253,1.3589790000000002,ITA,SWE,130231
6156936,114,208,5450,1999,2210.0,0.0,2.541382,0.693702,JPN,SWE,130231
6156937,132,208,5450,1999,0.0,1290.0,0.20633600000000002,0.324171,LVA,SWE,130231
6156938,163,208,5450,1999,0.0,13510.0,1.1012959999999998,0.240184,NOR,SWE,130231
6156939,166,208,5450,1999,0.0,18063.0,0.592051,0.780176,NZL,SWE,130231
6156940,179,208,5450,1999,1996.0,0.0,0.420538,1.379359,PRT,SWE,130231
6156941,216,208,5450,1999,2769.0,0.0,0.20451,1.513533,THA,SWE,130231
6156942,231,208,5450,1999,8248.0,0.0,1.8755119999999998,0.5350729999999999,USA,SWE,130231
6156943,239,208,5450,1999,1073.0,0.0,-0.9824940000000001,0.115755,VNM,SWE,130231
6156944,246,208,5450,1999,0.0,10234.0,0.543171,1.432792,ZAF,SWE,130231
6156945,7,216,5450,1999,0.0,2068.0,-0.21921,-0.54813,ARE,THA,130231
6156946,14,216,5450,1999,0.0,109042.0,0.357101,0.8857879999999999,AUS,THA,130231
6156947,39,216,5450,1999,0.0,59731.0,1.083572,1.08026,CAN,THA,130231
6156948,41,216,5450,1999,0.0,4367.0,2.189934,0.741428,CHE,THA,130231
6156949,42,216,5450,1999,2116340.0,0.0,0.041013,-0.111553,CHL,THA,130231
6156950,43,216,5450,1999,730134.0,0.0,0.386094,3.270089,CHN,THA,130231
6156951,61,216,5450,1999,67070.0,10988.0,2.334811,-2.060502,DEU,THA,130231
6156952,71,216,5450,1999,6481.0,0.0,1.0849209999999998,1.9351180000000001,ESP,THA,130231
6156953,77,216,5450,1999,0.0,26466.0,1.72758,0.6619079999999999,FRA,THA,130231
6156954,81,216,5450,1999,5538.0,0.0,1.9523830000000002,0.771455,GBR,THA,130231
6156955,97,216,5450,1999,88419.0,3746.0,0.387427,2.402434,HKG,THA,130231
6156956,114,216,5450,1999,110406.0,0.0,2.541382,0.693702,JPN,THA,130231
6156957,153,216,5450,1999,0.0,6100.0,0.500591,0.136149,MYS,THA,130231
6156958,162,216,5450,1999,0.0,3687.0,1.308776,1.574293,NLD,THA,130231
6156959,163,216,5450,1999,0.0,977.0,1.1012959999999998,0.240184,NOR,THA,130231
6156960,166,216,5450,1999,0.0,2282.0,0.592051,0.780176,NZL,THA,130231
6156961,174,216,5450,1999,1426.0,2884.0,-0.401903,-0.333408,PHL,THA,130231
6156962,192,216,5450,1999,2799.0,1152.0,1.355833,0.594305,SGP,THA,130231
6156963,208,216,5450,1999,0.0,2769.0,2.1456720000000002,0.856556,SWE,THA,130231
6156964,211,216,5450,1999,0.0,1610.0,0.11940999999999999,-0.7071270000000001,SYC,THA,130231
6156965,231,216,5450,1999,0.0,469515.0,1.8755119999999998,0.5350729999999999,USA,THA,130231
6156966,249,216,5450,1999,521050.0,2474.0,1.336816,1.725334,TWN,THA,130231
6156967,250,216,5450,1999,0.0,1801.0,1.130511,0.9547379999999999,ANS,THA,130231
6156968,43,222,5450,1999,3405.0,0.0,0.386094,3.270089,CHN,TTO,130231
6156969,97,222,5450,1999,952.0,0.0,0.387427,2.402434,HKG,TTO,130231
6156970,231,222,5450,1999,2591.0,0.0,1.8755119999999998,0.5350729999999999,USA,TTO,130231
6156971,249,222,5450,1999,3451.0,0.0,1.336816,1.725334,TWN,TTO,130231
6156972,61,224,5450,1999,39574.0,0.0,2.334811,-2.060502,DEU,TUR,130231
6156973,77,224,5450,1999,955.0,0.0,1.72758,0.6619079999999999,FRA,TUR,130231
6156974,81,224,5450,1999,21266.0,0.0,1.9523830000000002,0.771455,GBR,TUR,130231
6156975,111,224,5450,1999,28445.0,0.0,1.395253,1.3589790000000002,ITA,TUR,130231
6156976,114,224,5450,1999,3686.0,0.0,2.541382,0.693702,JPN,TUR,130231
6156977,134,224,5450,1999,16510.0,0.0,-0.659053,-0.142104,MAR,TUR,130231
6156978,162,224,5450,1999,4275.0,0.0,1.308776,1.574293,NLD,TUR,130231
6156979,231,224,5450,1999,6713.0,0.0,1.8755119999999998,0.5350729999999999,USA,TUR,130231
6156980,42,230,5450,1999,221041.0,0.0,0.041013,-0.111553,CHL,URY,130231
6156981,104,230,5450,1999,890.0,0.0,0.29945900000000003,2.438702,IND,URY,130231
6156982,8,231,5450,1999,0.0,11921.0,0.49933500000000003,0.593879,ARG,USA,130231
6156983,14,231,5450,1999,0.0,37996.0,0.357101,0.8857879999999999,AUS,USA,130231
6156984,15,231,5450,1999,0.0,6607.0,1.836804,0.744312,AUT,USA,130231
6156985,18,231,5450,1999,0.0,103086.0,1.512061,1.253478,BEL,USA,130231
6156986,32,231,5450,1999,0.0,6651.0,0.762468,1.191759,BRA,USA,130231
6156987,33,231,5450,1999,0.0,6844.0,0.878015,0.413308,BRB,USA,130231
6156988,39,231,5450,1999,18783.0,273030.0,1.083572,1.08026,CAN,USA,130231
6156989,41,231,5450,1999,0.0,2549.0,2.189934,0.741428,CHE,USA,130231
6156990,42,231,5450,1999,5676076.0,4529.0,0.041013,-0.111553,CHL,USA,130231
6156991,43,231,5450,1999,377983.0,17018.0,0.386094,3.270089,CHN,USA,130231
6156992,45,231,5450,1999,0.0,732.0,-1.7392470000000002,-1.241373,CMR,USA,130231
6156993,49,231,5450,1999,0.0,29228.0,0.190667,0.136271,COL,USA,130231
6156994,52,231,5450,1999,0.0,3424.0,-0.310033,-0.299529,CRI,USA,130231
6156995,54,231,5450,1999,0.0,2519.0,-0.152322,-0.8734270000000001,CUB,USA,130231
6156996,61,231,5450,1999,178530.0,38751.0,2.334811,-2.060502,DEU,USA,130231
6156997,63,231,5450,1999,0.0,1260.0,0.808025,0.321415,DMA,USA,130231
6156998,64,231,5450,1999,52385.0,0.0,1.264405,1.469627,DNK,USA,130231
6156999,66,231,5450,1999,0.0,981.0,-0.701764,-1.175132,DZA,USA,130231
6157000,71,231,5450,1999,1878825.0,10725.0,1.0849209999999998,1.9351180000000001,ESP,USA,130231
6157001,73,231,5450,1999,0.0,12973.0,-1.18759,-1.111391,ETH,USA,130231
6157002,74,231,5450,1999,0.0,1680.0,2.095642,0.966282,FIN,USA,130231
6157003,77,231,5450,1999,36888.0,30044.0,1.72758,0.6619079999999999,FRA,USA,130231
6157004,81,231,5450,1999,106804.0,372468.0,1.9523830000000002,0.771455,GBR,USA,130231
6157005,93,231,5450,1999,0.0,8203.0,-0.459323,0.210247,GTM,USA,130231
6157006,97,231,5450,1999,40936.0,3843.0,0.387427,2.402434,HKG,USA,130231
6157007,100,231,5450,1999,0.0,8763.0,0.572934,0.9873639999999999,HRV,USA,130231
6157008,102,231,5450,1999,0.0,3118.0,0.794675,1.308337,HUN,USA,130231
6157009,103,231,5450,1999,22570.0,2910.0,-0.20447,1.568505,IDN,USA,130231
6157010,104,231,5450,1999,94291.0,55306.0,0.29945900000000003,2.438702,IND,USA,130231
6157011,110,231,5450,1999,0.0,3787.0,1.342593,0.781931,ISR,USA,130231
6157012,111,231,5450,1999,4335.0,1671.0,1.395253,1.3589790000000002,ITA,USA,130231
6157013,112,231,5450,1999,0.0,5296.0,-0.852468,-0.9670290000000001,JAM,USA,130231
6157014,114,231,5450,1999,259752.0,15005.0,2.541382,0.693702,JPN,USA,130231
6157015,121,231,5450,1999,153069.0,13780.0,0.92448,1.053988,KOR,USA,130231
6157016,134,231,5450,1999,2598491.0,0.0,-0.659053,-0.142104,MAR,USA,130231
6157017,138,231,5450,1999,715303.0,34219.0,0.581034,0.8399760000000001,MEX,USA,130231
6157018,153,231,5450,1999,0.0,299700.0,0.500591,0.136149,MYS,USA,130231
6157019,160,231,5450,1999,0.0,3119.0,-0.677654,-0.72253,NIC,USA,130231
6157020,163,231,5450,1999,0.0,7108.0,1.1012959999999998,0.240184,NOR,USA,130231
6157021,166,231,5450,1999,31762.0,1375.0,0.592051,0.780176,NZL,USA,130231
6157022,167,231,5450,1999,0.0,565669.0,-0.6801510000000001,-1.146403,OMN,USA,130231
6157023,168,231,5450,1999,90871.0,0.0,-1.047891,-0.525612,PAK,USA,130231
6157024,169,231,5450,1999,0.0,1602.0,0.126144,0.491986,PAN,USA,130231
6157025,174,231,5450,1999,17109.0,15641.0,-0.401903,-0.333408,PHL,USA,130231
6157026,179,231,5450,1999,276238.0,0.0,0.420538,1.379359,PRT,USA,130231
6157027,186,231,5450,1999,0.0,16310.0,0.903308,0.590858,RUS,USA,130231
6157028,192,231,5450,1999,0.0,25072.0,1.355833,0.594305,SGP,USA,130231
6157029,197,231,5450,1999,0.0,5559.0,-0.263572,-0.121576,SLV,USA,130231
6157030,208,231,5450,1999,0.0,8248.0,2.1456720000000002,0.856556,SWE,USA,130231
6157031,216,231,5450,1999,469515.0,0.0,0.20451,1.513533,THA,USA,130231
6157032,222,231,5450,1999,0.0,2591.0,0.258046,-0.562956,TTO,USA,130231
6157033,223,231,5450,1999,0.0,3783.0,-0.317866,-0.102551,TUN,USA,130231
6157034,224,231,5450,1999,0.0,6713.0,0.044692,1.745755,TUR,USA,130231
6157035,228,231,5450,1999,0.0,56262.0,0.6242270000000001,0.742258,UKR,USA,130231
6157036,246,231,5450,1999,0.0,24158.0,0.543171,1.432792,ZAF,USA,130231
6157037,249,231,5450,1999,270481.0,20094.0,1.336816,1.725334,TWN,USA,130231
6157038,8,236,5450,1999,2005.0,0.0,0.49933500000000003,0.593879,ARG,VEN,130231
6157039,61,236,5450,1999,3415.0,0.0,2.334811,-2.060502,DEU,VEN,130231
6157040,71,236,5450,1999,16179.0,0.0,1.0849209999999998,1.9351180000000001,ESP,VEN,130231
6157041,81,236,5450,1999,5747.0,0.0,1.9523830000000002,0.771455,GBR,VEN,130231
6157042,138,236,5450,1999,8664.0,0.0,0.581034,0.8399760000000001,MEX,VEN,130231
6157043,42,14,5450,1999,85650.0,0.0,0.041013,-0.111553,CHL,AUS,130231
6157044,43,14,5450,1999,17757.0,2142.0,0.386094,3.270089,CHN,AUS,130231
6157045,61,14,5450,1999,6363.0,0.0,2.334811,-2.060502,DEU,AUS,130231
6157046,71,14,5450,1999,89629.0,0.0,1.0849209999999998,1.9351180000000001,ESP,AUS,130231
6157047,81,14,5450,1999,95246.0,0.0,1.9523830000000002,0.771455,GBR,AUS,130231
6157048,97,14,5450,1999,32011.0,0.0,0.387427,2.402434,HKG,AUS,130231
6157049,103,14,5450,1999,309275.0,0.0,-0.20447,1.568505,IDN,AUS,130231
6157050,114,14,5450,1999,68502.0,0.0,2.541382,0.693702,JPN,AUS,130231
6157051,153,14,5450,1999,23874.0,2044.0,0.500591,0.136149,MYS,AUS,130231
6157052,166,14,5450,1999,4964.0,4173.0,0.592051,0.780176,NZL,AUS,130231
6157053,174,14,5450,1999,5222.0,0.0,-0.401903,-0.333408,PHL,AUS,130231
6157054,179,14,5450,1999,37370.0,0.0,0.420538,1.379359,PRT,AUS,130231
6157055,208,14,5450,1999,7939.0,0.0,2.1456720000000002,0.856556,SWE,AUS,130231
6157056,211,14,5450,1999,0.0,605.0,0.11940999999999999,-0.7071270000000001,SYC,AUS,130231
6157057,216,14,5450,1999,109042.0,0.0,0.20451,1.513533,THA,AUS,130231
6157058,231,14,5450,1999,37996.0,0.0,1.8755119999999998,0.5350729999999999,USA,AUS,130231
6157059,249,14,5450,1999,1535.0,0.0,1.336816,1.725334,TWN,AUS,130231
6157060,110,16,5450,1999,955.0,0.0,1.342593,0.781931,ISR,AZE,130231
6157061,43,28,5450,1999,1532.0,0.0,0.386094,3.270089,CHN,BLR,130231
6157062,61,28,5450,1999,14795.0,0.0,2.334811,-2.060502,DEU,BLR,130231
6157063,71,28,5450,1999,3272.0,0.0,1.0849209999999998,1.9351180000000001,ESP,BLR,130231
6157064,111,28,5450,1999,25397.0,0.0,1.395253,1.3589790000000002,ITA,BLR,130231
6157065,130,28,5450,1999,23856.0,0.0,0.197536,0.5041899999999999,LTU,BLR,130231
6157066,135,28,5450,1999,0.0,8676.0,-0.16408,-0.08062000000000001,MDA,BLR,130231
6157067,186,28,5450,1999,250186.0,185638.0,0.903308,0.590858,RUS,BLR,130231
6157068,42,32,5450,1999,427973.0,90814.0,0.041013,-0.111553,CHL,BRA,130231
6157069,61,32,5450,1999,22284.0,0.0,2.334811,-2.060502,DEU,BRA,130231
6157070,71,32,5450,1999,16358.0,0.0,1.0849209999999998,1.9351180000000001,ESP,BRA,130231
6157071,77,32,5450,1999,6674.0,0.0,1.72758,0.6619079999999999,FRA,BRA,130231
6157072,114,32,5450,1999,6982.0,0.0,2.541382,0.693702,JPN,BRA,130231
6157073,138,32,5450,1999,26080.0,0.0,0.581034,0.8399760000000001,MEX,BRA,130231
6157074,206,32,5450,1999,0.0,972.0,1.133942,1.105742,SVK,BRA,130231
6157075,231,32,5450,1999,6651.0,0.0,1.8755119999999998,0.5350729999999999,USA,BRA,130231
6157076,249,32,5450,1999,1152.0,0.0,1.336816,1.725334,TWN,BRA,130231
6157077,42,39,5450,1999,222906.0,0.0,0.041013,-0.111553,CHL,CAN,130231
6157078,43,39,5450,1999,27661.0,0.0,0.386094,3.270089,CHN,CAN,130231
6157079,54,39,5450,1999,0.0,2942.0,-0.152322,-0.8734270000000001,CUB,CAN,130231
6157080,61,39,5450,1999,125493.0,0.0,2.334811,-2.060502,DEU,CAN,130231
6157081,71,39,5450,1999,21227.0,0.0,1.0849209999999998,1.9351180000000001,ESP,CAN,130231
6157082,81,39,5450,1999,5573.0,0.0,1.9523830000000002,0.771455,GBR,CAN,130231
6157083,97,39,5450,1999,11712.0,0.0,0.387427,2.402434,HKG,CAN,130231
6157084,114,39,5450,1999,20501.0,0.0,2.541382,0.693702,JPN,CAN,130231
6157085,134,39,5450,1999,123674.0,0.0,-0.659053,-0.142104,MAR,CAN,130231
6157086,174,39,5450,1999,9918.0,0.0,-0.401903,-0.333408,PHL,CAN,130231
6157087,208,39,5450,1999,288253.0,0.0,2.1456720000000002,0.856556,SWE,CAN,130231
6157088,216,39,5450,1999,59731.0,0.0,0.20451,1.513533,THA,CAN,130231
6157089,231,39,5450,1999,273030.0,18783.0,1.8755119999999998,0.5350729999999999,USA,CAN,130231
6157090,239,39,5450,1999,2482.0,0.0,-0.9824940000000001,0.115755,VNM,CAN,130231
6157091,249,39,5450,1999,118056.0,0.0,1.336816,1.725334,TWN,CAN,130231
6157092,7,42,5450,1999,0.0,27324.0,-0.21921,-0.54813,ARE,CHL,130231
6157093,8,42,5450,1999,0.0,102811.0,0.49933500000000003,0.593879,ARG,CHL,130231
6157094,14,42,5450,1999,0.0,85650.0,0.357101,0.8857879999999999,AUS,CHL,130231
6157095,23,42,5450,1999,0.0,23217.0,0.311033,1.7375040000000002,BGR,CHL,130231
6157096,32,42,5450,1999,90814.0,427973.0,0.762468,1.191759,BRA,CHL,130231
6157097,39,42,5450,1999,0.0,222906.0,1.083572,1.08026,CAN,CHL,130231
6157098,49,42,5450,1999,0.0,4080.0,0.190667,0.136271,COL,CHL,130231
6157099,54,42,5450,1999,0.0,1463.0,-0.152322,-0.8734270000000001,CUB,CHL,130231
6157100,59,42,5450,1999,0.0,1182.0,1.412439,1.329385,CZE,CHL,130231
6157101,61,42,5450,1999,3154.0,57639.0,2.334811,-2.060502,DEU,CHL,130231
6157102,64,42,5450,1999,0.0,783699.0,1.264405,1.469627,DNK,CHL,130231
6157103,71,42,5450,1999,171894.0,0.0,1.0849209999999998,1.9351180000000001,ESP,CHL,130231
6157104,81,42,5450,1999,0.0,19496.0,1.9523830000000002,0.771455,GBR,CHL,130231
6157105,102,42,5450,1999,0.0,11848.0,0.794675,1.308337,HUN,CHL,130231
6157106,103,42,5450,1999,0.0,2581440.0,-0.20447,1.568505,IDN,CHL,130231
6157107,107,42,5450,1999,0.0,38000.0,-0.9366620000000001,-1.147602,IRN,CHL,130231
6157108,111,42,5450,1999,0.0,1178422.0,1.395253,1.3589790000000002,ITA,CHL,130231
6157109,114,42,5450,1999,0.0,8941014.0,2.541382,0.693702,JPN,CHL,130231
6157110,121,42,5450,1999,0.0,12422.0,0.92448,1.053988,KOR,CHL,130231
6157111,134,42,5450,1999,28344.0,172001.0,-0.659053,-0.142104,MAR,CHL,130231
6157112,138,42,5450,1999,0.0,282565.0,0.581034,0.8399760000000001,MEX,CHL,130231
6157113,153,42,5450,1999,0.0,33571.0,0.500591,0.136149,MYS,CHL,130231
6157114,162,42,5450,1999,20214.0,24088.0,1.308776,1.574293,NLD,CHL,130231
6157115,173,42,5450,1999,0.0,12765.0,-0.367489,0.11813399999999999,PER,CHL,130231
6157116,180,42,5450,1999,0.0,15128.0,-0.541387,-0.863967,PRY,CHL,130231
6157117,186,42,5450,1999,0.0,601102.0,0.903308,0.590858,RUS,CHL,130231
6157118,192,42,5450,1999,0.0,1119030.0,1.355833,0.594305,SGP,CHL,130231
6157119,216,42,5450,1999,0.0,2116340.0,0.20451,1.513533,THA,CHL,130231
6157120,230,42,5450,1999,0.0,221041.0,0.26815700000000003,0.307394,URY,CHL,130231
6157121,231,42,5450,1999,4529.0,5676076.0,1.8755119999999998,0.5350729999999999,USA,CHL,130231
6157122,249,42,5450,1999,0.0,69649.0,1.336816,1.725334,TWN,CHL,130231
6157123,250,42,5450,1999,9445.0,32500.0,1.130511,0.9547379999999999,ANS,CHL,130231
6157124,42,59,5450,1999,1182.0,0.0,0.041013,-0.111553,CHL,CZE,130231
6157125,61,59,5450,1999,193641.0,0.0,2.334811,-2.060502,DEU,CZE,130231
6157126,64,59,5450,1999,23703.0,0.0,1.264405,1.469627,DNK,CZE,130231
6157127,71,59,5450,1999,10127.0,0.0,1.0849209999999998,1.9351180000000001,ESP,CZE,130231
6157128,77,59,5450,1999,5252.0,0.0,1.72758,0.6619079999999999,FRA,CZE,130231
6157129,97,59,5450,1999,447723.0,0.0,0.387427,2.402434,HKG,CZE,130231
6157130,103,59,5450,1999,10909.0,0.0,-0.20447,1.568505,IDN,CZE,130231
6157131,104,59,5450,1999,7270.0,0.0,0.29945900000000003,2.438702,IND,CZE,130231
6157132,111,59,5450,1999,31825.0,0.0,1.395253,1.3589790000000002,ITA,CZE,130231
6157133,135,59,5450,1999,0.0,19825.0,-0.16408,-0.08062000000000001,MDA,CZE,130231
6157134,186,59,5450,1999,0.0,18158.0,0.903308,0.590858,RUS,CZE,130231
6157135,206,59,5450,1999,0.0,11256.0,1.133942,1.105742,SVK,CZE,130231
6157136,41,66,5450,1999,5438.0,0.0,2.189934,0.741428,CHE,DZA,130231
6157137,61,66,5450,1999,24181.0,0.0,2.334811,-2.060502,DEU,DZA,130231
6157138,71,66,5450,1999,1732.0,0.0,1.0849209999999998,1.9351180000000001,ESP,DZA,130231
6157139,77,66,5450,1999,7140.0,0.0,1.72758,0.6619079999999999,FRA,DZA,130231
6157140,162,66,5450,1999,5978.0,0.0,1.308776,1.574293,NLD,DZA,130231
6157141,231,66,5450,1999,981.0,0.0,1.8755119999999998,0.5350729999999999,USA,DZA,130231
6157142,61,68,5450,1999,15160.0,0.0,2.334811,-2.060502,DEU,EGY,130231
6157143,71,68,5450,1999,3025.0,0.0,1.0849209999999998,1.9351180000000001,ESP,EGY,130231
6157144,77,68,5450,1999,12748.0,0.0,1.72758,0.6619079999999999,FRA,EGY,130231
6157145,104,68,5450,1999,8695.0,0.0,0.29945900000000003,2.438702,IND,EGY,130231
6157146,61,83,5450,1999,1067.0,0.0,2.334811,-2.060502,DEU,GHA,130231
6157147,81,83,5450,1999,14491.0,0.0,1.9523830000000002,0.771455,GBR,GHA,130231
6157148,61,100,5450,1999,8394.0,0.0,2.334811,-2.060502,DEU,HRV,130231
6157149,71,100,5450,1999,77626.0,0.0,1.0849209999999998,1.9351180000000001,ESP,HRV,130231
6157150,81,100,5450,1999,1061.0,0.0,1.9523830000000002,0.771455,GBR,HRV,130231
6157151,111,100,5450,1999,132826.0,0.0,1.395253,1.3589790000000002,ITA,HRV,130231
6157152,114,100,5450,1999,319.0,0.0,2.541382,0.693702,JPN,HRV,130231
6157153,207,100,5450,1999,44889.0,0.0,1.447589,1.284414,SVN,HRV,130231
6157154,231,100,5450,1999,8763.0,0.0,1.8755119999999998,0.5350729999999999,USA,HRV,130231
6157155,15,102,5450,1999,1568.0,0.0,1.836804,0.744312,AUT,HUN,130231
6157156,42,102,5450,1999,11848.0,0.0,0.041013,-0.111553,CHL,HUN,130231
6157157,61,102,5450,1999,128502.0,0.0,2.334811,-2.060502,DEU,HUN,130231
6157158,71,102,5450,1999,14193.0,0.0,1.0849209999999998,1.9351180000000001,ESP,HUN,130231
6157159,77,102,5450,1999,1716.0,0.0,1.72758,0.6619079999999999,FRA,HUN,130231
6157160,81,102,5450,1999,39198.0,0.0,1.9523830000000002,0.771455,GBR,HUN,130231
6157161,104,102,5450,1999,1697.0,0.0,0.29945900000000003,2.438702,IND,HUN,130231
6157162,111,102,5450,1999,64587.0,0.0,1.395253,1.3589790000000002,ITA,HUN,130231
6157163,134,102,5450,1999,14209.0,0.0,-0.659053,-0.142104,MAR,HUN,130231
6157164,162,102,5450,1999,2965.0,0.0,1.308776,1.574293,NLD,HUN,130231
6157165,231,102,5450,1999,3118.0,0.0,1.8755119999999998,0.5350729999999999,USA,HUN,130231
6157166,249,102,5450,1999,8198.0,0.0,1.336816,1.725334,TWN,HUN,130231
6157167,7,104,5450,1999,0.0,24621.0,-0.21921,-0.54813,ARE,IND,130231
6157168,24,104,5450,1999,0.0,14544.0,-0.034526,-0.8887200000000001,BHR,IND,130231
6157169,59,104,5450,1999,0.0,7270.0,1.412439,1.329385,CZE,IND,130231
6157170,64,104,5450,1999,0.0,1829.0,1.264405,1.469627,DNK,IND,130231
6157171,68,104,5450,1999,0.0,8695.0,-0.311879,0.300746,EGY,IND,130231
6157172,71,104,5450,1999,1332.0,0.0,1.0849209999999998,1.9351180000000001,ESP,IND,130231
6157173,77,104,5450,1999,242690.0,0.0,1.72758,0.6619079999999999,FRA,IND,130231
6157174,102,104,5450,1999,0.0,1697.0,0.794675,1.308337,HUN,IND,130231
6157175,103,104,5450,1999,14634.0,0.0,-0.20447,1.568505,IDN,IND,130231
6157176,113,104,5450,1999,0.0,1393.0,0.475995,0.514447,JOR,IND,130231
6157177,114,104,5450,1999,6614.0,0.0,2.541382,0.693702,JPN,IND,130231
6157178,116,104,5450,1999,0.0,2588.0,-0.336125,0.43983999999999995,KEN,IND,130231
6157179,124,104,5450,1999,0.0,4051.0,0.264151,0.767188,LBN,IND,130231
6157180,128,104,5450,1999,0.0,2808.0,-0.8875649999999999,-0.059249,LKA,IND,130231
6157181,134,104,5450,1999,86892.0,0.0,-0.659053,-0.142104,MAR,IND,130231
6157182,151,104,5450,1999,0.0,14945.0,-0.5713729999999999,-0.696416,MUS,IND,130231
6157183,162,104,5450,1999,16255.0,2372.0,1.308776,1.574293,NLD,IND,130231
6157184,167,104,5450,1999,0.0,2747.0,-0.6801510000000001,-1.146403,OMN,IND,130231
6157185,192,104,5450,1999,0.0,2792.0,1.355833,0.594305,SGP,IND,130231
6157186,230,104,5450,1999,0.0,890.0,0.26815700000000003,0.307394,URY,IND,130231
6157187,231,104,5450,1999,55306.0,94291.0,1.8755119999999998,0.5350729999999999,USA,IND,130231
6157188,246,104,5450,1999,0.0,1835.0,0.543171,1.432792,ZAF,IND,130231
6157189,249,104,5450,1999,0.0,4852.0,1.336816,1.725334,TWN,IND,130231
6157190,42,107,5450,1999,38000.0,0.0,0.041013,-0.111553,CHL,IRN,130231
6157191,61,107,5450,1999,953.0,0.0,2.334811,-2.060502,DEU,IRN,130231
6157192,77,107,5450,1999,870.0,0.0,1.72758,0.6619079999999999,FRA,IRN,130231
6157193,111,107,5450,1999,9320.0,0.0,1.395253,1.3589790000000002,ITA,IRN,130231
6157194,114,107,5450,1999,17698.0,0.0,2.541382,0.693702,JPN,IRN,130231
6157195,121,107,5450,1999,21371.0,0.0,0.92448,1.053988,KOR,IRN,130231
6157196,246,107,5450,1999,12186.0,0.0,0.543171,1.432792,ZAF,IRN,130231
6157197,104,113,5450,1999,1393.0,0.0,0.29945900000000003,2.438702,IND,JOR,130231
6157198,14,114,5450,1999,0.0,68502.0,0.357101,0.8857879999999999,AUS,JPN,130231
6157199,18,114,5450,1999,0.0,24321.0,1.512061,1.253478,BEL,JPN,130231
6157200,32,114,5450,1999,0.0,6982.0,0.762468,1.191759,BRA,JPN,130231
6157201,39,114,5450,1999,0.0,20501.0,1.083572,1.08026,CAN,JPN,130231
6157202,41,114,5450,1999,0.0,44275.0,2.189934,0.741428,CHE,JPN,130231
6157203,42,114,5450,1999,8941014.0,0.0,0.041013,-0.111553,CHL,JPN,130231
6157204,43,114,5450,1999,565884.0,141929.0,0.386094,3.270089,CHN,JPN,130231
6157205,52,114,5450,1999,0.0,21291.0,-0.310033,-0.299529,CRI,JPN,130231
6157206,61,114,5450,1999,60276.0,28552.0,2.334811,-2.060502,DEU,JPN,130231
6157207,64,114,5450,1999,0.0,83293.0,1.264405,1.469627,DNK,JPN,130231
6157208,71,114,5450,1999,64361.0,2320.0,1.0849209999999998,1.9351180000000001,ESP,JPN,130231
6157209,77,114,5450,1999,0.0,3299.0,1.72758,0.6619079999999999,FRA,JPN,130231
6157210,81,114,5450,1999,6720.0,15085.0,1.9523830000000002,0.771455,GBR,JPN,130231
6157211,97,114,5450,1999,29225.0,7884.0,0.387427,2.402434,HKG,JPN,130231
6157212,100,114,5450,1999,0.0,319.0,0.572934,0.9873639999999999,HRV,JPN,130231
6157213,103,114,5450,1999,519817.0,4390.0,-0.20447,1.568505,IDN,JPN,130231
6157214,104,114,5450,1999,0.0,6614.0,0.29945900000000003,2.438702,IND,JPN,130231
6157215,107,114,5450,1999,0.0,17698.0,-0.9366620000000001,-1.147602,IRN,JPN,130231
6157216,110,114,5450,1999,0.0,6772.0,1.342593,0.781931,ISR,JPN,130231
6157217,111,114,5450,1999,10476.0,267488.0,1.395253,1.3589790000000002,ITA,JPN,130231
6157218,116,114,5450,1999,0.0,4093.0,-0.336125,0.43983999999999995,KEN,JPN,130231
6157219,121,114,5450,1999,5713137.0,83754.0,0.92448,1.053988,KOR,JPN,130231
6157220,134,114,5450,1999,2390133.0,0.0,-0.659053,-0.142104,MAR,JPN,130231
6157221,138,114,5450,1999,0.0,5959.0,0.581034,0.8399760000000001,MEX,JPN,130231
6157222,151,114,5450,1999,0.0,9977.0,-0.5713729999999999,-0.696416,MUS,JPN,130231
6157223,153,114,5450,1999,0.0,117984.0,0.500591,0.136149,MYS,JPN,130231
6157224,162,114,5450,1999,0.0,133828.0,1.308776,1.574293,NLD,JPN,130231
6157225,166,114,5450,1999,3964.0,32979.0,0.592051,0.780176,NZL,JPN,130231
6157226,179,114,5450,1999,1283952.0,0.0,0.420538,1.379359,PRT,JPN,130231
6157227,186,114,5450,1999,0.0,8987.0,0.903308,0.590858,RUS,JPN,130231
6157228,192,114,5450,1999,0.0,236447.0,1.355833,0.594305,SGP,JPN,130231
6157229,208,114,5450,1999,0.0,2210.0,2.1456720000000002,0.856556,SWE,JPN,130231
6157230,216,114,5450,1999,0.0,110406.0,0.20451,1.513533,THA,JPN,130231
6157231,224,114,5450,1999,0.0,3686.0,0.044692,1.745755,TUR,JPN,130231
6157232,231,114,5450,1999,15005.0,259752.0,1.8755119999999998,0.5350729999999999,USA,JPN,130231
6157233,249,114,5450,1999,14000.0,52993.0,1.336816,1.725334,TWN,JPN,130231
6157234,81,124,5450,1999,939.0,0.0,1.9523830000000002,0.771455,GBR,LBN,130231
6157235,104,124,5450,1999,4051.0,0.0,0.29945900000000003,2.438702,IND,LBN,130231
6157236,61,132,5450,1999,4347.0,0.0,2.334811,-2.060502,DEU,LVA,130231
6157237,72,132,5450,1999,65516.0,0.0,0.502979,0.8847440000000001,EST,LVA,130231
6157238,111,132,5450,1999,50615.0,0.0,1.395253,1.3589790000000002,ITA,LVA,130231
6157239,130,132,5450,1999,764.0,0.0,0.197536,0.5041899999999999,LTU,LVA,130231
6157240,208,132,5450,1999,1290.0,0.0,2.1456720000000002,0.856556,SWE,LVA,130231
6157241,61,159,5450,1999,37265.0,0.0,2.334811,-2.060502,DEU,NGA,130231
6157242,81,159,5450,1999,2419.0,0.0,1.9523830000000002,0.771455,GBR,NGA,130231
6157243,14,166,5450,1999,4173.0,4964.0,0.357101,0.8857879999999999,AUS,NZL,130231
6157244,43,166,5450,1999,4915.0,0.0,0.386094,3.270089,CHN,NZL,130231
6157245,61,166,5450,1999,6030.0,35039.0,2.334811,-2.060502,DEU,NZL,130231
6157246,75,166,5450,1999,0.0,2136.0,-1.101748,-0.847409,FJI,NZL,130231
6157247,97,166,5450,1999,1100.0,0.0,0.387427,2.402434,HKG,NZL,130231
6157248,114,166,5450,1999,32979.0,3964.0,2.541382,0.693702,JPN,NZL,130231
6157249,121,166,5450,1999,5488.0,0.0,0.92448,1.053988,KOR,NZL,130231
6157250,182,166,5450,1999,0.0,18743.0,0.281327,-0.624142,PYF,NZL,130231
6157251,208,166,5450,1999,18063.0,0.0,2.1456720000000002,0.856556,SWE,NZL,130231
6157252,216,166,5450,1999,2282.0,0.0,0.20451,1.513533,THA,NZL,130231
6157253,231,166,5450,1999,1375.0,31762.0,1.8755119999999998,0.5350729999999999,USA,NZL,130231
6157254,242,166,5450,1999,0.0,2062.0,-0.87316,-0.8508049999999999,WSM,NZL,130231
6157255,249,166,5450,1999,943.0,4988.0,1.336816,1.725334,TWN,NZL,130231
6157256,250,166,5450,1999,1237.0,0.0,1.130511,0.9547379999999999,ANS,NZL,130231
6157257,43,167,5450,1999,5514.0,0.0,0.386094,3.270089,CHN,OMN,130231
6157258,104,167,5450,1999,2747.0,0.0,0.29945900000000003,2.438702,IND,OMN,130231
6157259,111,167,5450,1999,12063.0,0.0,1.395253,1.3589790000000002,ITA,OMN,130231
6157260,231,167,5450,1999,565669.0,0.0,1.8755119999999998,0.5350729999999999,USA,OMN,130231
6157261,61,177,5450,1999,511955.0,0.0,2.334811,-2.060502,DEU,POL,130231
6157262,71,177,5450,1999,1032835.0,67228.0,1.0849209999999998,1.9351180000000001,ESP,POL,130231
6157263,81,177,5450,1999,2548.0,0.0,1.9523830000000002,0.771455,GBR,POL,130231
6157264,111,177,5450,1999,1745744.0,1446.0,1.395253,1.3589790000000002,ITA,POL,130231
6157265,130,177,5450,1999,0.0,14188.0,0.197536,0.5041899999999999,LTU,POL,130231
6157266,162,177,5450,1999,44263.0,2754.0,1.308776,1.574293,NLD,POL,130231
6157267,186,177,5450,1999,0.0,6234.0,0.903308,0.590858,RUS,POL,130231
6157268,18,186,5450,1999,26917.0,0.0,1.512061,1.253478,BEL,RUS,130231
6157269,28,186,5450,1999,185638.0,250186.0,0.7516579999999999,1.169072,BLR,RUS,130231
6157270,41,186,5450,1999,943.0,0.0,2.189934,0.741428,CHE,RUS,130231
6157271,42,186,5450,1999,601102.0,0.0,0.041013,-0.111553,CHL,RUS,130231
6157272,43,186,5450,1999,169860.0,0.0,0.386094,3.270089,CHN,RUS,130231
6157273,59,186,5450,1999,18158.0,0.0,1.412439,1.329385,CZE,RUS,130231
6157274,61,186,5450,1999,976144.0,0.0,2.334811,-2.060502,DEU,RUS,130231
6157275,64,186,5450,1999,501489.0,0.0,1.264405,1.469627,DNK,RUS,130231
6157276,71,186,5450,1999,188772.0,0.0,1.0849209999999998,1.9351180000000001,ESP,RUS,130231
6157277,72,186,5450,1999,84041.0,0.0,0.502979,0.8847440000000001,EST,RUS,130231
6157278,77,186,5450,1999,15652.0,0.0,1.72758,0.6619079999999999,FRA,RUS,130231
6157279,111,186,5450,1999,486174.0,0.0,1.395253,1.3589790000000002,ITA,RUS,130231
6157280,114,186,5450,1999,8987.0,0.0,2.541382,0.693702,JPN,RUS,130231
6157281,115,186,5450,1999,0.0,13610.0,-0.035315,-0.514845,KAZ,RUS,130231
6157282,134,186,5450,1999,335802.0,0.0,-0.659053,-0.142104,MAR,RUS,130231
6157283,162,186,5450,1999,88780.0,0.0,1.308776,1.574293,NLD,RUS,130231
6157284,177,186,5450,1999,6234.0,0.0,0.8512700000000001,1.8975229999999998,POL,RUS,130231
6157285,231,186,5450,1999,16310.0,0.0,1.8755119999999998,0.5350729999999999,USA,RUS,130231
6157286,250,186,5450,1999,1292.0,0.0,1.130511,0.9547379999999999,ANS,RUS,130231
6157287,43,188,5450,1999,24250.0,0.0,0.386094,3.270089,CHN,SAU,130231
6157288,61,188,5450,1999,4998.0,0.0,2.334811,-2.060502,DEU,SAU,130231
6157289,64,188,5450,1999,5878.0,0.0,1.264405,1.469627,DNK,SAU,130231
6157290,174,188,5450,1999,12233.0,0.0,-0.401903,-0.333408,PHL,SAU,130231
6157291,15,206,5450,1999,1398.0,0.0,1.836804,0.744312,AUT,SVK,130231
6157292,32,206,5450,1999,972.0,0.0,0.762468,1.191759,BRA,SVK,130231
6157293,59,206,5450,1999,11256.0,0.0,1.412439,1.329385,CZE,SVK,130231
6157294,61,206,5450,1999,1524.0,0.0,2.334811,-2.060502,DEU,SVK,130231
6157295,64,206,5450,1999,8303.0,0.0,1.264405,1.469627,DNK,SVK,130231
6157296,71,206,5450,1999,46873.0,0.0,1.0849209999999998,1.9351180000000001,ESP,SVK,130231
6157297,134,206,5450,1999,2763.0,0.0,-0.659053,-0.142104,MAR,SVK,130231
6157298,15,207,5450,1999,24458.0,0.0,1.836804,0.744312,AUT,SVN,130231
6157299,26,207,5450,1999,0.0,2127.0,0.366494,0.298229,BIH,SVN,130231
6157300,61,207,5450,1999,14743.0,0.0,2.334811,-2.060502,DEU,SVN,130231
6157301,71,207,5450,1999,4351.0,0.0,1.0849209999999998,1.9351180000000001,ESP,SVN,130231
6157302,100,207,5450,1999,0.0,44889.0,0.572934,0.9873639999999999,HRV,SVN,130231
6157303,111,207,5450,1999,4325.0,0.0,1.395253,1.3589790000000002,ITA,SVN,130231
6157304,178,207,5450,1999,20942.0,0.0,0.536814,0.980433,PRK,SVN,130231
6157305,15,228,5450,1999,16505.0,0.0,1.836804,0.744312,AUT,UKR,130231
6157306,61,228,5450,1999,479413.0,0.0,2.334811,-2.060502,DEU,UKR,130231
6157307,71,228,5450,1999,106936.0,0.0,1.0849209999999998,1.9351180000000001,ESP,UKR,130231
6157308,72,228,5450,1999,147873.0,0.0,0.502979,0.8847440000000001,EST,UKR,130231
6157309,81,228,5450,1999,15807.0,0.0,1.9523830000000002,0.771455,GBR,UKR,130231
6157310,111,228,5450,1999,66036.0,0.0,1.395253,1.3589790000000002,ITA,UKR,130231
6157311,134,228,5450,1999,227210.0,0.0,-0.659053,-0.142104,MAR,UKR,130231
6157312,162,228,5450,1999,5136.0,0.0,1.308776,1.574293,NLD,UKR,130231
6157313,231,228,5450,1999,56262.0,0.0,1.8755119999999998,0.5350729999999999,USA,UKR,130231
6157314,14,249,5450,1999,0.0,1535.0,0.357101,0.8857879999999999,AUS,TWN,130231
6157315,22,249,5450,1999,0.0,14710.0,-1.258857,-1.140375,BGD,TWN,130231
6157316,32,249,5450,1999,0.0,1152.0,0.762468,1.191759,BRA,TWN,130231
6157317,39,249,5450,1999,0.0,118056.0,1.083572,1.08026,CAN,TWN,130231
6157318,42,249,5450,1999,69649.0,0.0,0.041013,-0.111553,CHL,TWN,130231
6157319,43,249,5450,1999,336978.0,4861.0,0.386094,3.270089,CHN,TWN,130231
6157320,61,249,5450,1999,4134.0,229222.0,2.334811,-2.060502,DEU,TWN,130231
6157321,71,249,5450,1999,1277.0,12949.0,1.0849209999999998,1.9351180000000001,ESP,TWN,130231
6157322,77,249,5450,1999,8331.0,21084.0,1.72758,0.6619079999999999,FRA,TWN,130231
6157323,97,249,5450,1999,0.0,32960.0,0.387427,2.402434,HKG,TWN,130231
6157324,102,249,5450,1999,0.0,8198.0,0.794675,1.308337,HUN,TWN,130231
6157325,103,249,5450,1999,10321.0,0.0,-0.20447,1.568505,IDN,TWN,130231
6157326,104,249,5450,1999,4852.0,0.0,0.29945900000000003,2.438702,IND,TWN,130231
6157327,111,249,5450,1999,0.0,3718.0,1.395253,1.3589790000000002,ITA,TWN,130231
6157328,114,249,5450,1999,52993.0,14000.0,2.541382,0.693702,JPN,TWN,130231
6157329,153,249,5450,1999,3082.0,7116.0,0.500591,0.136149,MYS,TWN,130231
6157330,162,249,5450,1999,0.0,7140.0,1.308776,1.574293,NLD,TWN,130231
6157331,166,249,5450,1999,4988.0,943.0,0.592051,0.780176,NZL,TWN,130231
6157332,174,249,5450,1999,0.0,1551.0,-0.401903,-0.333408,PHL,TWN,130231
6157333,192,249,5450,1999,15748.0,6083.0,1.355833,0.594305,SGP,TWN,130231
6157334,216,249,5450,1999,2474.0,521050.0,0.20451,1.513533,THA,TWN,130231
6157335,222,249,5450,1999,0.0,3451.0,0.258046,-0.562956,TTO,TWN,130231
6157336,231,249,5450,1999,20094.0,270481.0,1.8755119999999998,0.5350729999999999,USA,TWN,130231
6157337,250,249,5450,1999,0.0,1411.0,1.130511,0.9547379999999999,ANS,TWN,130231
6157338,42,8,5450,1999,102811.0,0.0,0.041013,-0.111553,CHL,ARG,130231
6157339,61,8,5450,1999,1053.0,0.0,2.334811,-2.060502,DEU,ARG,130231
6157340,71,8,5450,1999,94995.0,0.0,1.0849209999999998,1.9351180000000001,ESP,ARG,130231
6157341,81,8,5450,1999,1144.0,0.0,1.9523830000000002,0.771455,GBR,ARG,130231
6157342,103,8,5450,1999,135585.0,0.0,-0.20447,1.568505,IDN,ARG,130231
6157343,173,8,5450,1999,0.0,1772.0,-0.367489,0.11813399999999999,PER,ARG,130231
6157344,180,8,5450,1999,0.0,24192.0,-0.541387,-0.863967,PRY,ARG,130231
6157345,231,8,5450,1999,11921.0,0.0,1.8755119999999998,0.5350729999999999,USA,ARG,130231
6157346,236,8,5450,1999,0.0,2005.0,0.16454100000000002,-0.691021,VEN,ARG,130231
6157347,77,44,5450,1999,5517.0,0.0,1.72758,0.6619079999999999,FRA,CIV,130231
6157348,41,116,5450,1999,0.0,2262.0,2.189934,0.741428,CHE,KEN,130231
6157349,81,116,5450,1999,1953.0,0.0,1.9523830000000002,0.771455,GBR,KEN,130231
6157350,104,116,5450,1999,2588.0,0.0,0.29945900000000003,2.438702,IND,KEN,130231
6157351,114,116,5450,1999,4093.0,0.0,2.541382,0.693702,JPN,KEN,130231
6157352,162,116,5450,1999,0.0,8801.0,1.308776,1.574293,NLD,KEN,130231
6157353,61,131,5450,1999,1148.0,0.0,2.334811,-2.060502,DEU,LUX,130231
6157354,15,134,5450,1999,0.0,195668.0,1.836804,0.744312,AUT,MAR,130231
6157355,39,134,5450,1999,0.0,123674.0,1.083572,1.08026,CAN,MAR,130231
6157356,41,134,5450,1999,0.0,1841.0,2.189934,0.741428,CHE,MAR,130231
6157357,42,134,5450,1999,172001.0,28344.0,0.041013,-0.111553,CHL,MAR,130231
6157358,61,134,5450,1999,2640.0,3501168.0,2.334811,-2.060502,DEU,MAR,130231
6157359,64,134,5450,1999,0.0,112250.0,1.264405,1.469627,DNK,MAR,130231
6157360,71,134,5450,1999,1413.0,238745.0,1.0849209999999998,1.9351180000000001,ESP,MAR,130231
6157361,74,134,5450,1999,0.0,9943.0,2.095642,0.966282,FIN,MAR,130231
6157362,77,134,5450,1999,50717.0,869178.0,1.72758,0.6619079999999999,FRA,MAR,130231
6157363,81,134,5450,1999,5917.0,1563582.0,1.9523830000000002,0.771455,GBR,MAR,130231
6157364,90,134,5450,1999,0.0,2395.0,0.24943600000000002,1.172467,GRC,MAR,130231
6157365,102,134,5450,1999,0.0,14209.0,0.794675,1.308337,HUN,MAR,130231
6157366,104,134,5450,1999,0.0,86892.0,0.29945900000000003,2.438702,IND,MAR,130231
6157367,106,134,5450,1999,0.0,30028.0,1.599613,0.37233299999999997,IRL,MAR,130231
6157368,111,134,5450,1999,25485.0,2466454.0,1.395253,1.3589790000000002,ITA,MAR,130231
6157369,114,134,5450,1999,0.0,2390133.0,2.541382,0.693702,JPN,MAR,130231
6157370,162,134,5450,1999,0.0,72802.0,1.308776,1.574293,NLD,MAR,130231
6157371,163,134,5450,1999,0.0,1387.0,1.1012959999999998,0.240184,NOR,MAR,130231
6157372,186,134,5450,1999,0.0,335802.0,0.903308,0.590858,RUS,MAR,130231
6157373,189,134,5450,1999,0.0,221461.0,0.607596,2.222456,SCG,MAR,130231
6157374,206,134,5450,1999,0.0,2763.0,1.133942,1.105742,SVK,MAR,130231
6157375,224,134,5450,1999,0.0,16510.0,0.044692,1.745755,TUR,MAR,130231
6157376,228,134,5450,1999,0.0,227210.0,0.6242270000000001,0.742258,UKR,MAR,130231
6157377,231,134,5450,1999,0.0,2598491.0,1.8755119999999998,0.5350729999999999,USA,MAR,130231
6157378,77,191,5450,1999,1833.0,0.0,1.72758,0.6619079999999999,FRA,SEN,130231
6157379,61,246,5450,1999,11648.0,0.0,2.334811,-2.060502,DEU,ZAF,130231
6157380,71,246,5450,1999,43810.0,0.0,1.0849209999999998,1.9351180000000001,ESP,ZAF,130231
6157381,81,246,5450,1999,9224.0,0.0,1.9523830000000002,0.771455,GBR,ZAF,130231
6157382,97,246,5450,1999,74600.0,0.0,0.387427,2.402434,HKG,ZAF,130231
6157383,103,246,5450,1999,3602.0,0.0,-0.20447,1.568505,IDN,ZAF,130231
6157384,104,246,5450,1999,1835.0,0.0,0.29945900000000003,2.438702,IND,ZAF,130231
6157385,107,246,5450,1999,0.0,12186.0,-0.9366620000000001,-1.147602,IRN,ZAF,130231
6157386,121,246,5450,1999,64108.0,0.0,0.92448,1.053988,KOR,ZAF,130231
6157387,151,246,5450,1999,0.0,967.0,-0.5713729999999999,-0.696416,MUS,ZAF,130231
6157388,162,246,5450,1999,63262.0,0.0,1.308776,1.574293,NLD,ZAF,130231
6157389,192,246,5450,1999,1265.0,0.0,1.355833,0.594305,SGP,ZAF,130231
6157390,208,246,5450,1999,10234.0,0.0,2.1456720000000002,0.856556,SWE,ZAF,130231
6157391,231,246,5450,1999,24158.0,0.0,1.8755119999999998,0.5350729999999999,USA,ZAF,130231
6157392,248,246,5450,1999,0.0,1130.0,-0.320533,-0.180527,ZWE,ZAF,130231
6157393,61,13,5450,1999,362.0,0.0,2.334811,-2.060502,DEU,ATG,130231
6157394,42,7,5450,1999,27324.0,0.0,0.041013,-0.111553,CHL,ARE,130231
6157395,43,7,5450,1999,22306.0,0.0,0.386094,3.270089,CHN,ARE,130231
6157396,61,7,5450,1999,1128.0,0.0,2.334811,-2.060502,DEU,ARE,130231
6157397,103,7,5450,1999,35208.0,0.0,-0.20447,1.568505,IDN,ARE,130231
6157398,104,7,5450,1999,24621.0,0.0,0.29945900000000003,2.438702,IND,ARE,130231
6157399,121,7,5450,1999,25168.0,0.0,0.92448,1.053988,KOR,ARE,130231
6157400,137,7,5450,1999,0.0,720.0,-0.83783,-0.941734,MDV,ARE,130231
6157401,216,7,5450,1999,2068.0,0.0,0.20451,1.513533,THA,ARE,130231
6157402,41,58,5450,1999,1815.0,0.0,2.189934,0.741428,CHE,CYP,130231
6157403,71,58,5450,1999,24608.0,0.0,1.0849209999999998,1.9351180000000001,ESP,CYP,130231
6157404,16,110,5450,1999,0.0,955.0,-0.076295,-0.742161,AZE,ISR,130231
6157405,43,110,5450,1999,6398.0,0.0,0.386094,3.270089,CHN,ISR,130231
6157406,61,110,5450,1999,12304.0,0.0,2.334811,-2.060502,DEU,ISR,130231
6157407,71,110,5450,1999,117327.0,0.0,1.0849209999999998,1.9351180000000001,ESP,ISR,130231
6157408,77,110,5450,1999,2331.0,0.0,1.72758,0.6619079999999999,FRA,ISR,130231
6157409,103,110,5450,1999,13405.0,0.0,-0.20447,1.568505,IDN,ISR,130231
6157410,111,110,5450,1999,40725.0,0.0,1.395253,1.3589790000000002,ITA,ISR,130231
6157411,114,110,5450,1999,6772.0,0.0,2.541382,0.693702,JPN,ISR,130231
6157412,162,110,5450,1999,21562.0,0.0,1.308776,1.574293,NLD,ISR,130231
6157413,231,110,5450,1999,3787.0,0.0,1.8755119999999998,0.5350729999999999,USA,ISR,130231
6157414,232,110,5450,1999,0.0,15001.0,-0.43066499999999996,-0.767428,UZB,ISR,130231
6157415,61,122,5450,1999,1099.0,0.0,2.334811,-2.060502,DEU,KWT,130231
6157416,103,122,5450,1999,9496.0,0.0,-0.20447,1.568505,IDN,KWT,130231
6157417,162,122,5450,1999,48882.0,0.0,1.308776,1.574293,NLD,KWT,130231
6157418,28,135,5450,1999,8676.0,0.0,0.7516579999999999,1.169072,BLR,MDA,130231
6157419,59,135,5450,1999,19825.0,0.0,1.412439,1.329385,CZE,MDA,130231
6157420,61,135,5450,1999,15840.0,0.0,2.334811,-2.060502,DEU,MDA,130231
6157421,111,135,5450,1999,21475.0,0.0,1.395253,1.3589790000000002,ITA,MDA,130231
6157422,15,140,5450,1999,23009.0,0.0,1.836804,0.744312,AUT,MKD,130231
6157423,61,140,5450,1999,3711.0,0.0,2.334811,-2.060502,DEU,MKD,130231
6157424,71,140,5450,1999,850.0,0.0,1.0849209999999998,1.9351180000000001,ESP,MKD,130231
6157425,111,140,5450,1999,89476.0,0.0,1.395253,1.3589790000000002,ITA,MKD,130231
6157426,81,142,5450,1999,67987.0,0.0,1.9523830000000002,0.771455,GBR,MLT,130231
6157427,41,168,5450,1999,1871.0,0.0,2.189934,0.741428,CHE,PAK,130231
6157428,43,168,5450,1999,1911.0,0.0,0.386094,3.270089,CHN,PAK,130231
6157429,61,168,5450,1999,2859.0,0.0,2.334811,-2.060502,DEU,PAK,130231
6157430,71,168,5450,1999,50825.0,0.0,1.0849209999999998,1.9351180000000001,ESP,PAK,130231
6157431,97,168,5450,1999,13545.0,0.0,0.387427,2.402434,HKG,PAK,130231
6157432,231,168,5450,1999,0.0,90871.0,1.8755119999999998,0.5350729999999999,USA,PAK,130231
6157433,15,178,5450,1999,0.0,29012.0,1.836804,0.744312,AUT,PRK,130231
6157434,43,178,5450,1999,12064.0,0.0,0.386094,3.270089,CHN,PRK,130231
6157435,207,178,5450,1999,0.0,20942.0,1.447589,1.284414,SVN,PRK,130231
6157436,61,185,5450,1999,16585.0,0.0,2.334811,-2.060502,DEU,ROU,130231
6157437,71,185,5450,1999,3079.0,0.0,1.0849209999999998,1.9351180000000001,ESP,ROU,130231
6157438,15,189,5450,1999,212931.0,0.0,1.836804,0.744312,AUT,SCG,130231
6157439,41,189,5450,1999,1468.0,0.0,2.189934,0.741428,CHE,SCG,130231
6157440,61,189,5450,1999,243191.0,0.0,2.334811,-2.060502,DEU,SCG,130231
6157441,71,189,5450,1999,92332.0,0.0,1.0849209999999998,1.9351180000000001,ESP,SCG,130231
6157442,111,189,5450,1999,86604.0,0.0,1.395253,1.3589790000000002,ITA,SCG,130231
6157443,134,189,5450,1999,221461.0,0.0,-0.659053,-0.142104,MAR,SCG,130231
6157444,61,212,5450,1999,3399.0,0.0,2.334811,-2.060502,DEU,SYR,130231
6157445,179,212,5450,1999,9535.0,0.0,0.420538,1.379359,PRT,SYR,130231
6157446,61,223,5450,1999,3572.0,0.0,2.334811,-2.060502,DEU,TUN,130231
6157447,77,223,5450,1999,10735.0,0.0,1.72758,0.6619079999999999,FRA,TUN,130231
6157448,81,223,5450,1999,0.0,2065.0,1.9523830000000002,0.771455,GBR,TUN,130231
6157449,231,223,5450,1999,3783.0,0.0,1.8755119999999998,0.5350729999999999,USA,TUN,130231
6157450,41,250,5450,1999,2311.0,0.0,2.189934,0.741428,CHE,ANS,130231
6157451,42,250,5450,1999,32500.0,9445.0,0.041013,-0.111553,CHL,ANS,130231
6157452,61,250,5450,1999,0.0,479251.0,2.334811,-2.060502,DEU,ANS,130231
6157453,77,250,5450,1999,0.0,139006.0,1.72758,0.6619079999999999,FRA,ANS,130231
6157454,166,250,5450,1999,0.0,1237.0,0.592051,0.780176,NZL,ANS,130231
6157455,186,250,5450,1999,0.0,1292.0,0.903308,0.590858,RUS,ANS,130231
6157456,216,250,5450,1999,1801.0,0.0,0.20451,1.513533,THA,ANS,130231
6157457,249,250,5450,1999,1411.0,0.0,1.336816,1.725334,TWN,ANS,130231
6157458,39,239,5450,1999,0.0,2482.0,1.083572,1.08026,CAN,VNM,130231
6157459,61,239,5450,1999,2224.0,0.0,2.334811,-2.060502,DEU,VNM,130231
6157460,111,239,5450,1999,0.0,77556.0,1.395253,1.3589790000000002,ITA,VNM,130231
6157461,192,239,5450,1999,0.0,2293.0,1.355833,0.594305,SGP,VNM,130231
6157462,208,239,5450,1999,0.0,1073.0,2.1456720000000002,0.856556,SWE,VNM,130231
6157463,231,63,5450,1999,1260.0,0.0,1.8755119999999998,0.5350729999999999,USA,DMA,130231
6157464,43,24,5450,1999,8645.0,0.0,0.386094,3.270089,CHN,BHR,130231
6157465,103,24,5450,1999,1892.0,0.0,-0.20447,1.568505,IDN,BHR,130231
6157466,104,24,5450,1999,14544.0,0.0,0.29945900000000003,2.438702,IND,BHR,130231
6157467,121,24,5450,1999,2000.0,0.0,0.92448,1.053988,KOR,BHR,130231
6157468,231,45,5450,1999,732.0,0.0,1.8755119999999998,0.5350729999999999,USA,CMR,130231
6157469,18,109,5450,1999,1078.0,0.0,1.512061,1.253478,BEL,ISL,130231
6157470,61,109,5450,1999,1006.0,0.0,2.334811,-2.060502,DEU,ISL,130231
6157471,64,109,5450,1999,2763.0,0.0,1.264405,1.469627,DNK,ISL,130231
6157472,77,109,5450,1999,27410.0,0.0,1.72758,0.6619079999999999,FRA,ISL,130231
6157473,163,109,5450,1999,1666.0,0.0,1.1012959999999998,0.240184,NOR,ISL,130231
6157474,81,126,5450,1999,16055.0,0.0,1.9523830000000002,0.771455,GBR,LBY,130231
6157475,15,130,5450,1999,4674.0,0.0,1.836804,0.744312,AUT,LTU,130231
6157476,28,130,5450,1999,0.0,23856.0,0.7516579999999999,1.169072,BLR,LTU,130231
6157477,61,130,5450,1999,40373.0,3554.0,2.334811,-2.060502,DEU,LTU,130231
6157478,64,130,5450,1999,9478.0,0.0,1.264405,1.469627,DNK,LTU,130231
6157479,72,130,5450,1999,19787.0,0.0,0.502979,0.8847440000000001,EST,LTU,130231
6157480,111,130,5450,1999,33166.0,0.0,1.395253,1.3589790000000002,ITA,LTU,130231
6157481,132,130,5450,1999,0.0,764.0,0.20633600000000002,0.324171,LVA,LTU,130231
6157482,177,130,5450,1999,14188.0,0.0,0.8512700000000001,1.8975229999999998,POL,LTU,130231
6157483,43,133,5450,1999,999.0,0.0,0.386094,3.270089,CHN,MAC,130231
6157484,64,133,5450,1999,0.0,2156.0,1.264405,1.469627,DNK,MAC,130231
6157485,41,136,5450,1999,1165.0,0.0,2.189934,0.741428,CHE,MDG,130231
6157486,61,136,5450,1999,2426.0,0.0,2.334811,-2.060502,DEU,MDG,130231
6157487,77,136,5450,1999,16071.0,0.0,1.72758,0.6619079999999999,FRA,MDG,130231
6157488,97,136,5450,1999,2843.0,0.0,0.387427,2.402434,HKG,MDG,130231
6157489,7,137,5450,1999,720.0,0.0,-0.21921,-0.54813,ARE,MDV,130231
6157490,192,137,5450,1999,14261.0,0.0,1.355833,0.594305,SGP,MDV,130231
6157491,43,151,5450,1999,38179.0,0.0,0.386094,3.270089,CHN,MUS,130231
6157492,61,151,5450,1999,4595.0,0.0,2.334811,-2.060502,DEU,MUS,130231
6157493,77,151,5450,1999,3168.0,1185.0,1.72758,0.6619079999999999,FRA,MUS,130231
6157494,104,151,5450,1999,14945.0,0.0,0.29945900000000003,2.438702,IND,MUS,130231
6157495,114,151,5450,1999,9977.0,0.0,2.541382,0.693702,JPN,MUS,130231
6157496,153,151,5450,1999,1653.0,0.0,0.500591,0.136149,MYS,MUS,130231
6157497,192,151,5450,1999,12364.0,0.0,1.355833,0.594305,SGP,MUS,130231
6157498,246,151,5450,1999,967.0,0.0,0.543171,1.432792,ZAF,MUS,130231
6157499,166,182,5450,1999,18743.0,0.0,0.592051,0.780176,NZL,PYF,130231
6157500,43,183,5450,1999,10056.0,0.0,0.386094,3.270089,CHN,QAT,130231
6157501,162,187,5450,1999,3537.0,0.0,1.308776,1.574293,NLD,RWA,130231
6157502,14,211,5450,1999,605.0,0.0,0.357101,0.8857879999999999,AUS,SYC,130231
6157503,216,211,5450,1999,1610.0,0.0,0.20451,1.513533,THA,SYC,130231
6157504,61,215,5450,1999,2960.0,0.0,2.334811,-2.060502,DEU,TGO,130231
6157505,103,243,5450,1999,13103.0,0.0,-0.20447,1.568505,IDN,YEM,130231
6157506,61,2,5450,1999,1758.0,0.0,2.334811,-2.060502,DEU,AGO,130231
6157507,41,22,5450,1999,1034.0,0.0,2.189934,0.741428,CHE,BGD,130231
6157508,249,22,5450,1999,14710.0,0.0,1.336816,1.725334,TWN,BGD,130231
6157509,15,26,5450,1999,2062.0,0.0,1.836804,0.744312,AUT,BIH,130231
6157510,207,26,5450,1999,2127.0,0.0,1.447589,1.284414,SVN,BIH,130231
6157511,166,75,5450,1999,2136.0,0.0,0.592051,0.780176,NZL,FJI,130231
6157512,15,115,5450,1999,57996.0,0.0,1.836804,0.744312,AUT,KAZ,130231
6157513,61,115,5450,1999,194828.0,0.0,2.334811,-2.060502,DEU,KAZ,130231
6157514,186,115,5450,1999,13610.0,0.0,0.903308,0.590858,RUS,KAZ,130231
6157515,61,147,5450,1999,1640.0,0.0,2.334811,-2.060502,DEU,MOZ,130231
6157516,8,180,5450,1999,24192.0,0.0,0.49933500000000003,0.593879,ARG,PRY,130231
6157517,42,180,5450,1999,15128.0,0.0,0.041013,-0.111553,CHL,PRY,130231
6157518,15,248,5450,1999,2388.0,0.0,1.836804,0.744312,AUT,ZWE,130231
6157519,246,248,5450,1999,1130.0,0.0,0.543171,1.432792,ZAF,ZWE,130231
6157520,110,232,5450,1999,15001.0,0.0,1.342593,0.781931,ISR,UZB,130231
6157521,43,34,5450,1999,14783.0,0.0,0.386094,3.270089,CHN,BRN,130231
6157522,103,34,5450,1999,3724.0,0.0,-0.20447,1.568505,IDN,BRN,130231
6157523,153,34,5450,1999,4341.0,0.0,0.500591,0.136149,MYS,BRN,130231
6157524,192,34,5450,1999,47973.0,0.0,1.355833,0.594305,SGP,BRN,130231
6157525,166,242,5450,1999,2062.0,0.0,0.592051,0.780176,NZL,WSM,130231
6157526,18,15,5452,1999,79488.0,0.0,1.512061,1.253478,BEL,AUT,130239
6157527,23,15,5452,1999,0.0,1854.0,0.311033,1.7375040000000002,BGR,AUT,130239
6157528,32,15,5452,1999,2418.0,0.0,0.762468,1.191759,BRA,AUT,130239
6157529,41,15,5452,1999,2935.0,0.0,2.189934,0.741428,CHE,AUT,130239
6157530,43,15,5452,1999,1020.0,0.0,0.386094,3.270089,CHN,AUT,130239
6157531,58,15,5452,1999,0.0,3257.0,0.508464,0.324706,CYP,AUT,130239
6157532,59,15,5452,1999,5028.0,1779.0,1.412439,1.329385,CZE,AUT,130239
6157533,61,15,5452,1999,1285938.0,35687.0,2.334811,-2.060502,DEU,AUT,130239
6157534,64,15,5452,1999,1788012.0,0.0,1.264405,1.469627,DNK,AUT,130239
6157535,71,15,5452,1999,399413.0,3010.0,1.0849209999999998,1.9351180000000001,ESP,AUT,130239
6157536,77,15,5452,1999,11161.0,9361.0,1.72758,0.6619079999999999,FRA,AUT,130239
6157537,81,15,5452,1999,1850.0,0.0,1.9523830000000002,0.771455,GBR,AUT,130239
6157538,100,15,5452,1999,0.0,138249.0,0.572934,0.9873639999999999,HRV,AUT,130239
6157539,102,15,5452,1999,0.0,53912.0,0.794675,1.308337,HUN,AUT,130239
6157540,103,15,5452,1999,57248.0,0.0,-0.20447,1.568505,IDN,AUT,130239
6157541,104,15,5452,1999,23826.0,0.0,0.29945900000000003,2.438702,IND,AUT,130239
6157542,110,15,5452,1999,57688.0,808.0,1.342593,0.781931,ISR,AUT,130239
6157543,111,15,5452,1999,366991.0,0.0,1.395253,1.3589790000000002,ITA,AUT,130239
6157544,124,15,5452,1999,0.0,42556.0,0.264151,0.767188,LBN,AUT,130239
6157545,140,15,5452,1999,0.0,11596.0,0.053132000000000006,0.43408,MKD,AUT,130239
6157546,162,15,5452,1999,51755.0,0.0,1.308776,1.574293,NLD,AUT,130239
6157547,174,15,5452,1999,445663.0,0.0,-0.401903,-0.333408,PHL,AUT,130239
6157548,177,15,5452,1999,0.0,394100.0,0.8512700000000001,1.8975229999999998,POL,AUT,130239
6157549,185,15,5452,1999,0.0,23110.0,0.253874,0.8322709999999999,ROU,AUT,130239
6157550,189,15,5452,1999,0.0,26050.0,0.607596,2.222456,SCG,AUT,130239
6157551,206,15,5452,1999,0.0,82749.0,1.133942,1.105742,SVK,AUT,130239
6157552,207,15,5452,1999,0.0,44820.0,1.447589,1.284414,SVN,AUT,130239
6157553,208,15,5452,1999,2230.0,24555.0,2.1456720000000002,0.856556,SWE,AUT,130239
6157554,216,15,5452,1999,0.0,2300.0,0.20451,1.513533,THA,AUT,130239
6157555,224,15,5452,1999,0.0,18820.0,0.044692,1.745755,TUR,AUT,130239
6157556,228,15,5452,1999,0.0,15829.0,0.6242270000000001,0.742258,UKR,AUT,130239
6157557,230,15,5452,1999,0.0,1482.0,0.26815700000000003,0.307394,URY,AUT,130239
6157558,231,15,5452,1999,17905.0,0.0,1.8755119999999998,0.5350729999999999,USA,AUT,130239
6157559,236,15,5452,1999,0.0,9440.0,0.16454100000000002,-0.691021,VEN,AUT,130239
6157560,8,18,5452,1999,0.0,57275.0,0.49933500000000003,0.593879,ARG,BEL,130239
6157561,15,18,5452,1999,0.0,79488.0,1.836804,0.744312,AUT,BEL,130239
6157562,38,18,5452,1999,13072.0,0.0,-1.079509,-0.9015489999999999,CAF,BEL,130239
6157563,39,18,5452,1999,662462.0,0.0,1.083572,1.08026,CAN,BEL,130239
6157564,41,18,5452,1999,213353.0,16395.0,2.189934,0.741428,CHE,BEL,130239
6157565,44,18,5452,1999,1771.0,0.0,-0.591892,-0.654457,CIV,BEL,130239
6157566,45,18,5452,1999,0.0,5073.0,-1.7392470000000002,-1.241373,CMR,BEL,130239
6157567,46,18,5452,1999,532422.0,0.0,-1.4871290000000001,-1.1859620000000002,COD,BEL,130239
6157568,58,18,5452,1999,14248.0,0.0,0.508464,0.324706,CYP,BEL,130239
6157569,59,18,5452,1999,3253.0,112306.0,1.412439,1.329385,CZE,BEL,130239
6157570,61,18,5452,1999,460034.0,461138.0,2.334811,-2.060502,DEU,BEL,130239
6157571,64,18,5452,1999,1312580.0,18091.0,1.264405,1.469627,DNK,BEL,130239
6157572,71,18,5452,1999,15647.0,92894.0,1.0849209999999998,1.9351180000000001,ESP,BEL,130239
6157573,72,18,5452,1999,0.0,69428.0,0.502979,0.8847440000000001,EST,BEL,130239
6157574,77,18,5452,1999,413595.0,907351.0,1.72758,0.6619079999999999,FRA,BEL,130239
6157575,81,18,5452,1999,171166.0,221622.0,1.9523830000000002,0.771455,GBR,BEL,130239
6157576,90,18,5452,1999,0.0,68857.0,0.24943600000000002,1.172467,GRC,BEL,130239
6157577,102,18,5452,1999,0.0,265741.0,0.794675,1.308337,HUN,BEL,130239
6157578,104,18,5452,1999,733982.0,24934.0,0.29945900000000003,2.438702,IND,BEL,130239
6157579,106,18,5452,1999,109435.0,0.0,1.599613,0.37233299999999997,IRL,BEL,130239
6157580,107,18,5452,1999,0.0,10559.0,-0.9366620000000001,-1.147602,IRN,BEL,130239
6157581,110,18,5452,1999,3795.0,74034.0,1.342593,0.781931,ISR,BEL,130239
6157582,111,18,5452,1999,253604.0,150445.0,1.395253,1.3589790000000002,ITA,BEL,130239
6157583,114,18,5452,1999,3112.0,0.0,2.541382,0.693702,JPN,BEL,130239
6157584,131,18,5452,1999,14019.0,8929.0,1.499745,1.142951,LUX,BEL,130239
6157585,162,18,5452,1999,69760.0,91418.0,1.308776,1.574293,NLD,BEL,130239
6157586,173,18,5452,1999,103689.0,0.0,-0.367489,0.11813399999999999,PER,BEL,130239
6157587,174,18,5452,1999,1650020.0,2719.0,-0.401903,-0.333408,PHL,BEL,130239
6157588,177,18,5452,1999,3201.0,253135.0,0.8512700000000001,1.8975229999999998,POL,BEL,130239
6157589,186,18,5452,1999,0.0,12312.0,0.903308,0.590858,RUS,BEL,130239
6157590,206,18,5452,1999,0.0,5260.0,1.133942,1.105742,SVK,BEL,130239
6157591,207,18,5452,1999,0.0,23036.0,1.447589,1.284414,SVN,BEL,130239
6157592,208,18,5452,1999,4554.0,0.0,2.1456720000000002,0.856556,SWE,BEL,130239
6157593,212,18,5452,1999,0.0,17204.0,-0.996784,-0.6344069999999999,SYR,BEL,130239
6157594,216,18,5452,1999,52276.0,0.0,0.20451,1.513533,THA,BEL,130239
6157595,224,18,5452,1999,0.0,10066.0,0.044692,1.745755,TUR,BEL,130239
6157596,227,18,5452,1999,2489.0,0.0,-1.359508,-1.170077,UGA,BEL,130239
6157597,228,18,5452,1999,0.0,19768.0,0.6242270000000001,0.742258,UKR,BEL,130239
6157598,230,18,5452,1999,0.0,2980.0,0.26815700000000003,0.307394,URY,BEL,130239
6157599,231,18,5452,1999,41287.0,13852.0,1.8755119999999998,0.5350729999999999,USA,BEL,130239
6157600,236,18,5452,1999,0.0,4123.0,0.16454100000000002,-0.691021,VEN,BEL,130239
6157601,249,18,5452,1999,12178.0,0.0,1.336816,1.725334,TWN,BEL,130239
6157602,15,23,5452,1999,1854.0,0.0,1.836804,0.744312,AUT,BGR,130239
6157603,41,23,5452,1999,0.0,1018.0,2.189934,0.741428,CHE,BGR,130239
6157604,61,23,5452,1999,20553.0,0.0,2.334811,-2.060502,DEU,BGR,130239
6157605,64,23,5452,1999,122531.0,0.0,1.264405,1.469627,DNK,BGR,130239
6157606,81,23,5452,1999,18766.0,0.0,1.9523830000000002,0.771455,GBR,BGR,130239
6157607,111,23,5452,1999,5470.0,0.0,1.395253,1.3589790000000002,ITA,BGR,130239
6157608,138,23,5452,1999,2907.0,0.0,0.581034,0.8399760000000001,MEX,BGR,130239
6157609,174,23,5452,1999,836.0,0.0,-0.401903,-0.333408,PHL,BGR,130239
6157610,208,23,5452,1999,34633.0,0.0,2.1456720000000002,0.856556,SWE,BGR,130239
6157611,224,23,5452,1999,1304.0,0.0,0.044692,1.745755,TUR,BGR,130239
6157612,228,23,5452,1999,0.0,27600.0,0.6242270000000001,0.742258,UKR,BGR,130239
6157613,231,25,5452,1999,42276.0,0.0,1.8755119999999998,0.5350729999999999,USA,BHS,130239
6157614,8,31,5452,1999,10732.0,0.0,0.49933500000000003,0.593879,ARG,BOL,130239
6157615,42,31,5452,1999,10358.0,0.0,0.041013,-0.111553,CHL,BOL,130239
6157616,64,31,5452,1999,5541.0,0.0,1.264405,1.469627,DNK,BOL,130239
6157617,77,31,5452,1999,5992.0,0.0,1.72758,0.6619079999999999,FRA,BOL,130239
6157618,231,31,5452,1999,11818.0,0.0,1.8755119999999998,0.5350729999999999,USA,BOL,130239
6157619,162,33,5452,1999,9089.0,0.0,1.308776,1.574293,NLD,BRB,130239
6157620,231,33,5452,1999,3272.0,0.0,1.8755119999999998,0.5350729999999999,USA,BRB,130239
6157621,8,41,5452,1999,0.0,13248.0,0.49933500000000003,0.593879,ARG,CHE,130239
6157622,14,41,5452,1999,4384.0,5739.0,0.357101,0.8857879999999999,AUS,CHE,130239
6157623,15,41,5452,1999,0.0,2935.0,1.836804,0.744312,AUT,CHE,130239
6157624,18,41,5452,1999,16395.0,213353.0,1.512061,1.253478,BEL,CHE,130239
6157625,23,41,5452,1999,1018.0,0.0,0.311033,1.7375040000000002,BGR,CHE,130239
6157626,32,41,5452,1999,0.0,14200.0,0.762468,1.191759,BRA,CHE,130239
6157627,39,41,5452,1999,0.0,3449.0,1.083572,1.08026,CAN,CHE,130239
6157628,42,41,5452,1999,33480.0,12497.0,0.041013,-0.111553,CHL,CHE,130239
6157629,59,41,5452,1999,0.0,5882.0,1.412439,1.329385,CZE,CHE,130239
6157630,61,41,5452,1999,1224110.0,906640.0,2.334811,-2.060502,DEU,CHE,130239
6157631,64,41,5452,1999,451664.0,316399.0,1.264405,1.469627,DNK,CHE,130239
6157632,66,41,5452,1999,0.0,26737.0,-0.701764,-1.175132,DZA,CHE,130239
6157633,71,41,5452,1999,50837.0,7805.0,1.0849209999999998,1.9351180000000001,ESP,CHE,130239
6157634,77,41,5452,1999,619869.0,376334.0,1.72758,0.6619079999999999,FRA,CHE,130239
6157635,81,41,5452,1999,2493.0,73081.0,1.9523830000000002,0.771455,GBR,CHE,130239
6157636,97,41,5452,1999,0.0,547021.0,0.387427,2.402434,HKG,CHE,130239
6157637,99,41,5452,1999,0.0,4810.0,-0.8858290000000001,-0.530034,HND,CHE,130239
6157638,100,41,5452,1999,0.0,1529.0,0.572934,0.9873639999999999,HRV,CHE,130239
6157639,102,41,5452,1999,0.0,14293.0,0.794675,1.308337,HUN,CHE,130239
6157640,103,41,5452,1999,11212.0,0.0,-0.20447,1.568505,IDN,CHE,130239
6157641,104,41,5452,1999,13180.0,0.0,0.29945900000000003,2.438702,IND,CHE,130239
6157642,107,41,5452,1999,0.0,103225.0,-0.9366620000000001,-1.147602,IRN,CHE,130239
6157643,110,41,5452,1999,0.0,19896.0,1.342593,0.781931,ISR,CHE,130239
6157644,111,41,5452,1999,240533.0,240975.0,1.395253,1.3589790000000002,ITA,CHE,130239
6157645,113,41,5452,1999,0.0,5406.0,0.475995,0.514447,JOR,CHE,130239
6157646,114,41,5452,1999,0.0,120870.0,2.541382,0.693702,JPN,CHE,130239
6157647,121,41,5452,1999,168948.0,136643.0,0.92448,1.053988,KOR,CHE,130239
6157648,124,41,5452,1999,0.0,2421.0,0.264151,0.767188,LBN,CHE,130239
6157649,134,41,5452,1999,0.0,892.0,-0.659053,-0.142104,MAR,CHE,130239
6157650,138,41,5452,1999,0.0,11908.0,0.581034,0.8399760000000001,MEX,CHE,130239
6157651,140,41,5452,1999,0.0,5947.0,0.053132000000000006,0.43408,MKD,CHE,130239
6157652,153,41,5452,1999,0.0,24293.0,0.500591,0.136149,MYS,CHE,130239
6157653,162,41,5452,1999,61349.0,4540.0,1.308776,1.574293,NLD,CHE,130239
6157654,164,41,5452,1999,0.0,4774.0,-0.421433,0.24781799999999998,NPL,CHE,130239
6157655,166,41,5452,1999,0.0,1337.0,0.592051,0.780176,NZL,CHE,130239
6157656,168,41,5452,1999,71460.0,0.0,-1.047891,-0.525612,PAK,CHE,130239
6157657,173,41,5452,1999,113226.0,0.0,-0.367489,0.11813399999999999,PER,CHE,130239
6157658,174,41,5452,1999,0.0,157889.0,-0.401903,-0.333408,PHL,CHE,130239
6157659,188,41,5452,1999,0.0,2551.0,0.553028,-0.527401,SAU,CHE,130239
6157660,189,41,5452,1999,0.0,734.0,0.607596,2.222456,SCG,CHE,130239
6157661,192,41,5452,1999,0.0,17662.0,1.355833,0.594305,SGP,CHE,130239
6157662,208,41,5452,1999,11792.0,3712.0,2.1456720000000002,0.856556,SWE,CHE,130239
6157663,216,41,5452,1999,11682.0,4995.0,0.20451,1.513533,THA,CHE,130239
6157664,224,41,5452,1999,0.0,142273.0,0.044692,1.745755,TUR,CHE,130239
6157665,228,41,5452,1999,0.0,11061.0,0.6242270000000001,0.742258,UKR,CHE,130239
6157666,231,41,5452,1999,26029.0,235005.0,1.8755119999999998,0.5350729999999999,USA,CHE,130239
6157667,236,41,5452,1999,0.0,2002.0,0.16454100000000002,-0.691021,VEN,CHE,130239
6157668,246,41,5452,1999,0.0,22174.0,0.543171,1.432792,ZAF,CHE,130239
6157669,249,41,5452,1999,0.0,60495.0,1.336816,1.725334,TWN,CHE,130239
6157670,14,43,5452,1999,7161.0,446890.0,0.357101,0.8857879999999999,AUS,CHN,130239
6157671,15,43,5452,1999,0.0,1020.0,1.836804,0.744312,AUT,CHN,130239
6157672,32,43,5452,1999,0.0,18094.0,0.762468,1.191759,BRA,CHN,130239
6157673,39,43,5452,1999,0.0,44161.0,1.083572,1.08026,CAN,CHN,130239
6157674,42,43,5452,1999,4334.0,0.0,0.041013,-0.111553,CHL,CHN,130239
6157675,59,43,5452,1999,0.0,20309.0,1.412439,1.329385,CZE,CHN,130239
6157676,61,43,5452,1999,110249.0,278509.0,2.334811,-2.060502,DEU,CHN,130239
6157677,64,43,5452,1999,7851.0,4689.0,1.264405,1.469627,DNK,CHN,130239
6157678,68,43,5452,1999,0.0,13585.0,-0.311879,0.300746,EGY,CHN,130239
6157679,71,43,5452,1999,0.0,44061.0,1.0849209999999998,1.9351180000000001,ESP,CHN,130239
6157680,74,43,5452,1999,0.0,2717.0,2.095642,0.966282,FIN,CHN,130239
6157681,77,43,5452,1999,27275.0,18833.0,1.72758,0.6619079999999999,FRA,CHN,130239
6157682,81,43,5452,1999,32585.0,125254.0,1.9523830000000002,0.771455,GBR,CHN,130239
6157683,97,43,5452,1999,242916.0,555750.0,0.387427,2.402434,HKG,CHN,130239
6157684,102,43,5452,1999,0.0,3688.0,0.794675,1.308337,HUN,CHN,130239
6157685,103,43,5452,1999,71085.0,0.0,-0.20447,1.568505,IDN,CHN,130239
6157686,104,43,5452,1999,1018088.0,0.0,0.29945900000000003,2.438702,IND,CHN,130239
6157687,106,43,5452,1999,5137.0,0.0,1.599613,0.37233299999999997,IRL,CHN,130239
6157688,110,43,5452,1999,0.0,1828.0,1.342593,0.781931,ISR,CHN,130239
6157689,111,43,5452,1999,12284.0,725807.0,1.395253,1.3589790000000002,ITA,CHN,130239
6157690,114,43,5452,1999,94404.0,125561.0,2.541382,0.693702,JPN,CHN,130239
6157691,116,43,5452,1999,0.0,2908.0,-0.336125,0.43983999999999995,KEN,CHN,130239
6157692,121,43,5452,1999,309772.0,1238343.0,0.92448,1.053988,KOR,CHN,130239
6157693,124,43,5452,1999,0.0,1850.0,0.264151,0.767188,LBN,CHN,130239
6157694,140,43,5452,1999,0.0,517.0,0.053132000000000006,0.43408,MKD,CHN,130239
6157695,153,43,5452,1999,7679.0,12974.0,0.500591,0.136149,MYS,CHN,130239
6157696,162,43,5452,1999,2895.0,5626.0,1.308776,1.574293,NLD,CHN,130239
6157697,166,43,5452,1999,0.0,62085.0,0.592051,0.780176,NZL,CHN,130239
6157698,168,43,5452,1999,95959.0,0.0,-1.047891,-0.525612,PAK,CHN,130239
6157699,173,43,5452,1999,0.0,1071.0,-0.367489,0.11813399999999999,PER,CHN,130239
6157700,174,43,5452,1999,392616.0,0.0,-0.401903,-0.333408,PHL,CHN,130239
6157701,177,43,5452,1999,0.0,1828.0,0.8512700000000001,1.8975229999999998,POL,CHN,130239
6157702,185,43,5452,1999,0.0,837.0,0.253874,0.8322709999999999,ROU,CHN,130239
6157703,192,43,5452,1999,3865.0,68274.0,1.355833,0.594305,SGP,CHN,130239
6157704,206,43,5452,1999,0.0,624.0,1.133942,1.105742,SVK,CHN,130239
6157705,208,43,5452,1999,4861.0,11326.0,2.1456720000000002,0.856556,SWE,CHN,130239
6157706,216,43,5452,1999,0.0,20260.0,0.20451,1.513533,THA,CHN,130239
6157707,223,43,5452,1999,0.0,3314.0,-0.317866,-0.102551,TUN,CHN,130239
6157708,228,43,5452,1999,0.0,2846.0,0.6242270000000001,0.742258,UKR,CHN,130239
6157709,230,43,5452,1999,0.0,13229.0,0.26815700000000003,0.307394,URY,CHN,130239
6157710,231,43,5452,1999,5732106.0,83440.0,1.8755119999999998,0.5350729999999999,USA,CHN,130239
6157711,249,43,5452,1999,17411.0,327067.0,1.336816,1.725334,TWN,CHN,130239
6157712,32,49,5452,1999,2885.0,0.0,0.762468,1.191759,BRA,COL,130239
6157713,39,49,5452,1999,24203.0,0.0,1.083572,1.08026,CAN,COL,130239
6157714,42,49,5452,1999,49684.0,0.0,0.041013,-0.111553,CHL,COL,130239
6157715,61,49,5452,1999,4212.0,0.0,2.334811,-2.060502,DEU,COL,130239
6157716,64,49,5452,1999,27821.0,0.0,1.264405,1.469627,DNK,COL,130239
6157717,77,49,5452,1999,278843.0,0.0,1.72758,0.6619079999999999,FRA,COL,130239
6157718,81,49,5452,1999,6634.0,0.0,1.9523830000000002,0.771455,GBR,COL,130239
6157719,106,49,5452,1999,63285.0,0.0,1.599613,0.37233299999999997,IRL,COL,130239
6157720,162,49,5452,1999,42785.0,0.0,1.308776,1.574293,NLD,COL,130239
6157721,174,49,5452,1999,729942.0,0.0,-0.401903,-0.333408,PHL,COL,130239
6157722,231,49,5452,1999,650592.0,0.0,1.8755119999999998,0.5350729999999999,USA,COL,130239
6157723,236,49,5452,1999,89222.0,0.0,0.16454100000000002,-0.691021,VEN,COL,130239
6157724,8,52,5452,1999,11239.0,0.0,0.49933500000000003,0.593879,ARG,CRI,130239
6157725,39,52,5452,1999,15811.0,0.0,1.083572,1.08026,CAN,CRI,130239
6157726,61,52,5452,1999,22132.0,0.0,2.334811,-2.060502,DEU,CRI,130239
6157727,64,52,5452,1999,49451.0,0.0,1.264405,1.469627,DNK,CRI,130239
6157728,77,52,5452,1999,3377.0,0.0,1.72758,0.6619079999999999,FRA,CRI,130239
6157729,81,52,5452,1999,11519.0,0.0,1.9523830000000002,0.771455,GBR,CRI,130239
6157730,93,52,5452,1999,0.0,73862.0,-0.459323,0.210247,GTM,CRI,130239
6157731,99,52,5452,1999,0.0,24420.0,-0.8858290000000001,-0.530034,HND,CRI,130239
6157732,106,52,5452,1999,7676.0,0.0,1.599613,0.37233299999999997,IRL,CRI,130239
6157733,138,52,5452,1999,18167.0,0.0,0.581034,0.8399760000000001,MEX,CRI,130239
6157734,160,52,5452,1999,1120.0,1607.0,-0.677654,-0.72253,NIC,CRI,130239
6157735,169,52,5452,1999,1359.0,0.0,0.126144,0.491986,PAN,CRI,130239
6157736,231,52,5452,1999,422907.0,1083257.0,1.8755119999999998,0.5350729999999999,USA,CRI,130239
6157737,39,54,5452,1999,2506.0,0.0,1.083572,1.08026,CAN,CUB,130239
6157738,71,54,5452,1999,1142.0,0.0,1.0849209999999998,1.9351180000000001,ESP,CUB,130239
6157739,81,54,5452,1999,27099.0,0.0,1.9523830000000002,0.771455,GBR,CUB,130239
6157740,111,54,5452,1999,5670.0,3340.0,1.395253,1.3589790000000002,ITA,CUB,130239
6157741,138,54,5452,1999,52267.0,0.0,0.581034,0.8399760000000001,MEX,CUB,130239
6157742,169,54,5452,1999,6898.0,0.0,0.126144,0.491986,PAN,CUB,130239
6157743,174,54,5452,1999,30396.0,0.0,-0.401903,-0.333408,PHL,CUB,130239
6157744,8,61,5452,1999,28871.0,89048.0,0.49933500000000003,0.593879,ARG,DEU,130239
6157745,14,61,5452,1999,42135.0,169642.0,0.357101,0.8857879999999999,AUS,DEU,130239
6157746,15,61,5452,1999,35687.0,1285938.0,1.836804,0.744312,AUT,DEU,130239
6157747,18,61,5452,1999,461138.0,460034.0,1.512061,1.253478,BEL,DEU,130239
6157748,23,61,5452,1999,0.0,20553.0,0.311033,1.7375040000000002,BGR,DEU,130239
6157749,32,61,5452,1999,1673.0,71597.0,0.762468,1.191759,BRA,DEU,130239
6157750,39,61,5452,1999,0.0,127530.0,1.083572,1.08026,CAN,DEU,130239
6157751,41,61,5452,1999,906640.0,1224110.0,2.189934,0.741428,CHE,DEU,130239
6157752,42,61,5452,1999,0.0,14203.0,0.041013,-0.111553,CHL,DEU,130239
6157753,43,61,5452,1999,278509.0,110249.0,0.386094,3.270089,CHN,DEU,130239
6157754,45,61,5452,1999,0.0,4200.0,-1.7392470000000002,-1.241373,CMR,DEU,130239
6157755,49,61,5452,1999,0.0,4212.0,0.190667,0.136271,COL,DEU,130239
6157756,52,61,5452,1999,0.0,22132.0,-0.310033,-0.299529,CRI,DEU,130239
6157757,58,61,5452,1999,0.0,11559.0,0.508464,0.324706,CYP,DEU,130239
6157758,59,61,5452,1999,1047.0,857571.0,1.412439,1.329385,CZE,DEU,130239
6157759,64,61,5452,1999,9442594.0,818586.0,1.264405,1.469627,DNK,DEU,130239
6157760,67,61,5452,1999,0.0,14370.0,-0.8875299999999999,-0.9117879999999999,ECU,DEU,130239
6157761,68,61,5452,1999,0.0,3376.0,-0.311879,0.300746,EGY,DEU,130239
6157762,71,61,5452,1999,1437705.0,152534.0,1.0849209999999998,1.9351180000000001,ESP,DEU,130239
6157763,72,61,5452,1999,0.0,10306.0,0.502979,0.8847440000000001,EST,DEU,130239
6157764,74,61,5452,1999,0.0,61887.0,2.095642,0.966282,FIN,DEU,130239
6157765,77,61,5452,1999,9254147.0,2060804.0,1.72758,0.6619079999999999,FRA,DEU,130239
6157766,81,61,5452,1999,161217.0,995916.0,1.9523830000000002,0.771455,GBR,DEU,130239
6157767,83,61,5452,1999,0.0,22645.0,-0.9444520000000001,-0.905826,GHA,DEU,130239
6157768,90,61,5452,1999,0.0,34896.0,0.24943600000000002,1.172467,GRC,DEU,130239
6157769,93,61,5452,1999,0.0,2205.0,-0.459323,0.210247,GTM,DEU,130239
6157770,97,61,5452,1999,0.0,1029.0,0.387427,2.402434,HKG,DEU,130239
6157771,100,61,5452,1999,0.0,1047.0,0.572934,0.9873639999999999,HRV,DEU,130239
6157772,102,61,5452,1999,0.0,496449.0,0.794675,1.308337,HUN,DEU,130239
6157773,103,61,5452,1999,565350.0,1030109.0,-0.20447,1.568505,IDN,DEU,130239
6157774,104,61,5452,1999,1403316.0,58370.0,0.29945900000000003,2.438702,IND,DEU,130239
6157775,106,61,5452,1999,409162.0,12125.0,1.599613,0.37233299999999997,IRL,DEU,130239
6157776,107,61,5452,1999,0.0,13564.0,-0.9366620000000001,-1.147602,IRN,DEU,130239
6157777,109,61,5452,1999,92690.0,0.0,0.377701,-0.355798,ISL,DEU,130239
6157778,110,61,5452,1999,0.0,87869.0,1.342593,0.781931,ISR,DEU,130239
6157779,111,61,5452,1999,6694198.0,680989.0,1.395253,1.3589790000000002,ITA,DEU,130239
6157780,113,61,5452,1999,0.0,1237.0,0.475995,0.514447,JOR,DEU,130239
6157781,114,61,5452,1999,15473.0,49277.0,2.541382,0.693702,JPN,DEU,130239
6157782,115,61,5452,1999,0.0,2312.0,-0.035315,-0.514845,KAZ,DEU,130239
6157783,116,61,5452,1999,0.0,1147.0,-0.336125,0.43983999999999995,KEN,DEU,130239
6157784,121,61,5452,1999,42746.0,47742.0,0.92448,1.053988,KOR,DEU,130239
6157785,128,61,5452,1999,0.0,7830.0,-0.8875649999999999,-0.059249,LKA,DEU,130239
6157786,130,61,5452,1999,0.0,28370.0,0.197536,0.5041899999999999,LTU,DEU,130239
6157787,131,61,5452,1999,0.0,19269.0,1.499745,1.142951,LUX,DEU,130239
6157788,132,61,5452,1999,0.0,60311.0,0.20633600000000002,0.324171,LVA,DEU,130239
6157789,134,61,5452,1999,190407.0,8662.0,-0.659053,-0.142104,MAR,DEU,130239
6157790,135,61,5452,1999,0.0,128823.0,-0.16408,-0.08062000000000001,MDA,DEU,130239
6157791,138,61,5452,1999,61935.0,64286.0,0.581034,0.8399760000000001,MEX,DEU,130239
6157792,140,61,5452,1999,0.0,19621.0,0.053132000000000006,0.43408,MKD,DEU,130239
6157793,151,61,5452,1999,0.0,53302.0,-0.5713729999999999,-0.696416,MUS,DEU,130239
6157794,153,61,5452,1999,2937.0,1496.0,0.500591,0.136149,MYS,DEU,130239
6157795,162,61,5452,1999,513863.0,1168615.0,1.308776,1.574293,NLD,DEU,130239
6157796,163,61,5452,1999,0.0,25747.0,1.1012959999999998,0.240184,NOR,DEU,130239
6157797,166,61,5452,1999,23901.0,9546.0,0.592051,0.780176,NZL,DEU,130239
6157798,168,61,5452,1999,373561.0,0.0,-1.047891,-0.525612,PAK,DEU,130239
6157799,169,61,5452,1999,0.0,3180.0,0.126144,0.491986,PAN,DEU,130239
6157800,173,61,5452,1999,0.0,3890.0,-0.367489,0.11813399999999999,PER,DEU,130239
6157801,174,61,5452,1999,3218432.0,37667.0,-0.401903,-0.333408,PHL,DEU,130239
6157802,177,61,5452,1999,7577.0,1574629.0,0.8512700000000001,1.8975229999999998,POL,DEU,130239
6157803,179,61,5452,1999,0.0,4312.0,0.420538,1.379359,PRT,DEU,130239
6157804,185,61,5452,1999,0.0,34777.0,0.253874,0.8322709999999999,ROU,DEU,130239
6157805,186,61,5452,1999,0.0,1191428.0,0.903308,0.590858,RUS,DEU,130239
6157806,188,61,5452,1999,0.0,720428.0,0.553028,-0.527401,SAU,DEU,130239
6157807,189,61,5452,1999,0.0,37818.0,0.607596,2.222456,SCG,DEU,130239
6157808,192,61,5452,1999,0.0,9229.0,1.355833,0.594305,SGP,DEU,130239
6157809,197,61,5452,1999,0.0,1610.0,-0.263572,-0.121576,SLV,DEU,130239
6157810,206,61,5452,1999,1615.0,100631.0,1.133942,1.105742,SVK,DEU,130239
6157811,207,61,5452,1999,0.0,71085.0,1.447589,1.284414,SVN,DEU,130239
6157812,208,61,5452,1999,48500.0,71477.0,2.1456720000000002,0.856556,SWE,DEU,130239
6157813,212,61,5452,1999,0.0,7366.0,-0.996784,-0.6344069999999999,SYR,DEU,130239
6157814,216,61,5452,1999,0.0,133197.0,0.20451,1.513533,THA,DEU,130239
6157815,223,61,5452,1999,0.0,17069.0,-0.317866,-0.102551,TUN,DEU,130239
6157816,224,61,5452,1999,0.0,165118.0,0.044692,1.745755,TUR,DEU,130239
6157817,226,61,5452,1999,0.0,1463.0,-1.068358,-0.54693,TZA,DEU,130239
6157818,228,61,5452,1999,0.0,1571.0,0.6242270000000001,0.742258,UKR,DEU,130239
6157819,230,61,5452,1999,0.0,43490.0,0.26815700000000003,0.307394,URY,DEU,130239
6157820,231,61,5452,1999,186122.0,87383.0,1.8755119999999998,0.5350729999999999,USA,DEU,130239
6157821,236,61,5452,1999,0.0,17085.0,0.16454100000000002,-0.691021,VEN,DEU,130239
6157822,239,61,5452,1999,0.0,1112.0,-0.9824940000000001,0.115755,VNM,DEU,130239
6157823,246,61,5452,1999,4355.0,91685.0,0.543171,1.432792,ZAF,DEU,130239
6157824,247,61,5452,1999,0.0,2583.0,-0.388446,-0.47129099999999996,ZMB,DEU,130239
6157825,249,61,5452,1999,0.0,4654.0,1.336816,1.725334,TWN,DEU,130239
6157826,250,61,5452,1999,0.0,10885.0,1.130511,0.9547379999999999,ANS,DEU,130239
6157827,8,64,5452,1999,0.0,687125.0,0.49933500000000003,0.593879,ARG,DNK,130239
6157828,14,64,5452,1999,0.0,454487.0,0.357101,0.8857879999999999,AUS,DNK,130239
6157829,15,64,5452,1999,0.0,1788012.0,1.836804,0.744312,AUT,DNK,130239
6157830,18,64,5452,1999,18091.0,1312580.0,1.512061,1.253478,BEL,DNK,130239
6157831,23,64,5452,1999,0.0,122531.0,0.311033,1.7375040000000002,BGR,DNK,130239
6157832,31,64,5452,1999,0.0,5541.0,-0.398285,-0.6362,BOL,DNK,130239
6157833,32,64,5452,1999,0.0,1747630.0,0.762468,1.191759,BRA,DNK,130239
6157834,39,64,5452,1999,309583.0,250271.0,1.083572,1.08026,CAN,DNK,130239
6157835,41,64,5452,1999,316399.0,451664.0,2.189934,0.741428,CHE,DNK,130239
6157836,42,64,5452,1999,5998532.0,537203.0,0.041013,-0.111553,CHL,DNK,130239
6157837,43,64,5452,1999,4689.0,7851.0,0.386094,3.270089,CHN,DNK,130239
6157838,49,64,5452,1999,0.0,27821.0,0.190667,0.136271,COL,DNK,130239
6157839,52,64,5452,1999,0.0,49451.0,-0.310033,-0.299529,CRI,DNK,130239
6157840,58,64,5452,1999,0.0,41082.0,0.508464,0.324706,CYP,DNK,130239
6157841,59,64,5452,1999,13252.0,255819.0,1.412439,1.329385,CZE,DNK,130239
6157842,61,64,5452,1999,818586.0,9442594.0,2.334811,-2.060502,DEU,DNK,130239
6157843,66,64,5452,1999,0.0,154599.0,-0.701764,-1.175132,DZA,DNK,130239
6157844,67,64,5452,1999,0.0,10243.0,-0.8875299999999999,-0.9117879999999999,ECU,DNK,130239
6157845,68,64,5452,1999,0.0,79561.0,-0.311879,0.300746,EGY,DNK,130239
6157846,71,64,5452,1999,587510.0,2982243.0,1.0849209999999998,1.9351180000000001,ESP,DNK,130239
6157847,72,64,5452,1999,0.0,15233.0,0.502979,0.8847440000000001,EST,DNK,130239
6157848,74,64,5452,1999,0.0,420160.0,2.095642,0.966282,FIN,DNK,130239
6157849,77,64,5452,1999,785785.0,6558372.0,1.72758,0.6619079999999999,FRA,DNK,130239
6157850,78,64,5452,1999,0.0,8035.0,-0.718961,-0.900609,FRO,DNK,130239
6157851,81,64,5452,1999,1107694.0,7593238.0,1.9523830000000002,0.771455,GBR,DNK,130239
6157852,90,64,5452,1999,0.0,868948.0,0.24943600000000002,1.172467,GRC,DNK,130239
6157853,93,64,5452,1999,0.0,2144.0,-0.459323,0.210247,GTM,DNK,130239
6157854,97,64,5452,1999,0.0,170773.0,0.387427,2.402434,HKG,DNK,130239
6157855,100,64,5452,1999,0.0,107837.0,0.572934,0.9873639999999999,HRV,DNK,130239
6157856,102,64,5452,1999,0.0,212065.0,0.794675,1.308337,HUN,DNK,130239
6157857,103,64,5452,1999,1188128.0,393159.0,-0.20447,1.568505,IDN,DNK,130239
6157858,104,64,5452,1999,70741.0,120567.0,0.29945900000000003,2.438702,IND,DNK,130239
6157859,106,64,5452,1999,25155.0,165489.0,1.599613,0.37233299999999997,IRL,DNK,130239
6157860,109,64,5452,1999,0.0,27824.0,0.377701,-0.355798,ISL,DNK,130239
6157861,110,64,5452,1999,0.0,512035.0,1.342593,0.781931,ISR,DNK,130239
6157862,111,64,5452,1999,29625.0,1212584.0,1.395253,1.3589790000000002,ITA,DNK,130239
6157863,113,64,5452,1999,0.0,63004.0,0.475995,0.514447,JOR,DNK,130239
6157864,114,64,5452,1999,40970.0,4512783.0,2.541382,0.693702,JPN,DNK,130239
6157865,116,64,5452,1999,0.0,70051.0,-0.336125,0.43983999999999995,KEN,DNK,130239
6157866,121,64,5452,1999,1100049.0,38724.0,0.92448,1.053988,KOR,DNK,130239
6157867,128,64,5452,1999,0.0,6598.0,-0.8875649999999999,-0.059249,LKA,DNK,130239
6157868,130,64,5452,1999,0.0,40550.0,0.197536,0.5041899999999999,LTU,DNK,130239
6157869,132,64,5452,1999,0.0,30271.0,0.20633600000000002,0.324171,LVA,DNK,130239
6157870,134,64,5452,1999,0.0,56027.0,-0.659053,-0.142104,MAR,DNK,130239
6157871,135,64,5452,1999,0.0,13892.0,-0.16408,-0.08062000000000001,MDA,DNK,130239
6157872,138,64,5452,1999,0.0,3385722.0,0.581034,0.8399760000000001,MEX,DNK,130239
6157873,142,64,5452,1999,0.0,19470.0,0.9998450000000001,0.009412,MLT,DNK,130239
6157874,151,64,5452,1999,0.0,22316.0,-0.5713729999999999,-0.696416,MUS,DNK,130239
6157875,153,64,5452,1999,0.0,42063.0,0.500591,0.136149,MYS,DNK,130239
6157876,162,64,5452,1999,5114.0,2802096.0,1.308776,1.574293,NLD,DNK,130239
6157877,163,64,5452,1999,0.0,630817.0,1.1012959999999998,0.240184,NOR,DNK,130239
6157878,166,64,5452,1999,0.0,51429.0,0.592051,0.780176,NZL,DNK,130239
6157879,173,64,5452,1999,0.0,34534.0,-0.367489,0.11813399999999999,PER,DNK,130239
6157880,174,64,5452,1999,5347286.0,1311339.0,-0.401903,-0.333408,PHL,DNK,130239
6157881,177,64,5452,1999,177279.0,1948397.0,0.8512700000000001,1.8975229999999998,POL,DNK,130239
6157882,179,64,5452,1999,0.0,717902.0,0.420538,1.379359,PRT,DNK,130239
6157883,180,64,5452,1999,0.0,6836.0,-0.541387,-0.863967,PRY,DNK,130239
6157884,185,64,5452,1999,0.0,122943.0,0.253874,0.8322709999999999,ROU,DNK,130239
6157885,186,64,5452,1999,0.0,1037191.0,0.903308,0.590858,RUS,DNK,130239
6157886,188,64,5452,1999,0.0,12032.0,0.553028,-0.527401,SAU,DNK,130239
6157887,189,64,5452,1999,0.0,24741.0,0.607596,2.222456,SCG,DNK,130239
6157888,191,64,5452,1999,0.0,2658.0,-0.472473,-0.462562,SEN,DNK,130239
6157889,192,64,5452,1999,193737.0,65281.0,1.355833,0.594305,SGP,DNK,130239
6157890,206,64,5452,1999,0.0,94223.0,1.133942,1.105742,SVK,DNK,130239
6157891,207,64,5452,1999,0.0,150287.0,1.447589,1.284414,SVN,DNK,130239
6157892,208,64,5452,1999,140809.0,436063.0,2.1456720000000002,0.856556,SWE,DNK,130239
6157893,216,64,5452,1999,0.0,628229.0,0.20451,1.513533,THA,DNK,130239
6157894,223,64,5452,1999,0.0,24216.0,-0.317866,-0.102551,TUN,DNK,130239
6157895,224,64,5452,1999,0.0,259832.0,0.044692,1.745755,TUR,DNK,130239
6157896,228,64,5452,1999,0.0,138969.0,0.6242270000000001,0.742258,UKR,DNK,130239
6157897,230,64,5452,1999,0.0,64577.0,0.26815700000000003,0.307394,URY,DNK,130239
6157898,231,64,5452,1999,3268642.0,8790868.0,1.8755119999999998,0.5350729999999999,USA,DNK,130239
6157899,236,64,5452,1999,0.0,155259.0,0.16454100000000002,-0.691021,VEN,DNK,130239
6157900,246,64,5452,1999,0.0,184787.0,0.543171,1.432792,ZAF,DNK,130239
6157901,249,64,5452,1999,0.0,246810.0,1.336816,1.725334,TWN,DNK,130239
6157902,42,67,5452,1999,79308.0,0.0,0.041013,-0.111553,CHL,ECU,130239
6157903,61,67,5452,1999,14370.0,0.0,2.334811,-2.060502,DEU,ECU,130239
6157904,64,67,5452,1999,10243.0,0.0,1.264405,1.469627,DNK,ECU,130239
6157905,162,67,5452,1999,1856.0,0.0,1.308776,1.574293,NLD,ECU,130239
6157906,231,67,5452,1999,336397.0,0.0,1.8755119999999998,0.5350729999999999,USA,ECU,130239
6157907,236,67,5452,1999,4266.0,0.0,0.16454100000000002,-0.691021,VEN,ECU,130239
6157908,8,71,5452,1999,0.0,85858.0,0.49933500000000003,0.593879,ARG,ESP,130239
6157909,14,71,5452,1999,0.0,4639.0,0.357101,0.8857879999999999,AUS,ESP,130239
6157910,15,71,5452,1999,3010.0,399413.0,1.836804,0.744312,AUT,ESP,130239
6157911,18,71,5452,1999,92894.0,15647.0,1.512061,1.253478,BEL,ESP,130239
6157912,28,71,5452,1999,0.0,993.0,0.7516579999999999,1.169072,BLR,ESP,130239
6157913,32,71,5452,1999,0.0,38472.0,0.762468,1.191759,BRA,ESP,130239
6157914,39,71,5452,1999,0.0,177744.0,1.083572,1.08026,CAN,ESP,130239
6157915,41,71,5452,1999,7805.0,50837.0,2.189934,0.741428,CHE,ESP,130239
6157916,42,71,5452,1999,0.0,72178.0,0.041013,-0.111553,CHL,ESP,130239
6157917,43,71,5452,1999,44061.0,0.0,0.386094,3.270089,CHN,ESP,130239
6157918,47,71,5452,1999,2498.0,0.0,-1.2759120000000002,-1.1418030000000001,COG,ESP,130239
6157919,54,71,5452,1999,0.0,1142.0,-0.152322,-0.8734270000000001,CUB,ESP,130239
6157920,59,71,5452,1999,0.0,9093.0,1.412439,1.329385,CZE,ESP,130239
6157921,61,71,5452,1999,152534.0,1437705.0,2.334811,-2.060502,DEU,ESP,130239
6157922,64,71,5452,1999,2982243.0,587510.0,1.264405,1.469627,DNK,ESP,130239
6157923,66,71,5452,1999,0.0,185525.0,-0.701764,-1.175132,DZA,ESP,130239
6157924,68,71,5452,1999,0.0,10127.0,-0.311879,0.300746,EGY,ESP,130239
6157925,74,71,5452,1999,0.0,201335.0,2.095642,0.966282,FIN,ESP,130239
6157926,77,71,5452,1999,3316080.0,1035230.0,1.72758,0.6619079999999999,FRA,ESP,130239
6157927,81,71,5452,1999,8078.0,922552.0,1.9523830000000002,0.771455,GBR,ESP,130239
6157928,90,71,5452,1999,0.0,13702.0,0.24943600000000002,1.172467,GRC,ESP,130239
6157929,97,71,5452,1999,0.0,7810.0,0.387427,2.402434,HKG,ESP,130239
6157930,102,71,5452,1999,0.0,53276.0,0.794675,1.308337,HUN,ESP,130239
6157931,103,71,5452,1999,0.0,1716.0,-0.20447,1.568505,IDN,ESP,130239
6157932,104,71,5452,1999,0.0,5902.0,0.29945900000000003,2.438702,IND,ESP,130239
6157933,106,71,5452,1999,72071.0,0.0,1.599613,0.37233299999999997,IRL,ESP,130239
6157934,110,71,5452,1999,0.0,131731.0,1.342593,0.781931,ISR,ESP,130239
6157935,111,71,5452,1999,918681.0,1313683.0,1.395253,1.3589790000000002,ITA,ESP,130239
6157936,114,71,5452,1999,184844.0,1083231.0,2.541382,0.693702,JPN,ESP,130239
6157937,121,71,5452,1999,16668.0,3871.0,0.92448,1.053988,KOR,ESP,130239
6157938,124,71,5452,1999,0.0,21675.0,0.264151,0.767188,LBN,ESP,130239
6157939,130,71,5452,1999,0.0,10880.0,0.197536,0.5041899999999999,LTU,ESP,130239
6157940,134,71,5452,1999,18827.0,54569.0,-0.659053,-0.142104,MAR,ESP,130239
6157941,138,71,5452,1999,0.0,761753.0,0.581034,0.8399760000000001,MEX,ESP,130239
6157942,153,71,5452,1999,0.0,2053.0,0.500591,0.136149,MYS,ESP,130239
6157943,162,71,5452,1999,569031.0,554543.0,1.308776,1.574293,NLD,ESP,130239
6157944,163,71,5452,1999,0.0,19981.0,1.1012959999999998,0.240184,NOR,ESP,130239
6157945,166,71,5452,1999,0.0,102245.0,0.592051,0.780176,NZL,ESP,130239
6157946,168,71,5452,1999,25898.0,0.0,-1.047891,-0.525612,PAK,ESP,130239
6157947,173,71,5452,1999,88107.0,7326.0,-0.367489,0.11813399999999999,PER,ESP,130239
6157948,174,71,5452,1999,136435.0,52511.0,-0.401903,-0.333408,PHL,ESP,130239
6157949,177,71,5452,1999,0.0,1971551.0,0.8512700000000001,1.8975229999999998,POL,ESP,130239
6157950,179,71,5452,1999,7195.0,298486.0,0.420538,1.379359,PRT,ESP,130239
6157951,186,71,5452,1999,0.0,2208.0,0.903308,0.590858,RUS,ESP,130239
6157952,192,71,5452,1999,0.0,2323.0,1.355833,0.594305,SGP,ESP,130239
6157953,206,71,5452,1999,0.0,2469.0,1.133942,1.105742,SVK,ESP,130239
6157954,207,71,5452,1999,0.0,4236.0,1.447589,1.284414,SVN,ESP,130239
6157955,208,71,5452,1999,10510.0,1297.0,2.1456720000000002,0.856556,SWE,ESP,130239
6157956,216,71,5452,1999,0.0,17612.0,0.20451,1.513533,THA,ESP,130239
6157957,224,71,5452,1999,0.0,49997.0,0.044692,1.745755,TUR,ESP,130239
6157958,228,71,5452,1999,0.0,3826.0,0.6242270000000001,0.742258,UKR,ESP,130239
6157959,230,71,5452,1999,7966.0,15548.0,0.26815700000000003,0.307394,URY,ESP,130239
6157960,231,71,5452,1999,49275.0,1097959.0,1.8755119999999998,0.5350729999999999,USA,ESP,130239
6157961,236,71,5452,1999,0.0,83935.0,0.16454100000000002,-0.691021,VEN,ESP,130239
6157962,246,71,5452,1999,0.0,31159.0,0.543171,1.432792,ZAF,ESP,130239
6157963,249,71,5452,1999,9357.0,0.0,1.336816,1.725334,TWN,ESP,130239
6157964,18,72,5452,1999,69428.0,0.0,1.512061,1.253478,BEL,EST,130239
6157965,61,72,5452,1999,10306.0,0.0,2.334811,-2.060502,DEU,EST,130239
6157966,64,72,5452,1999,15233.0,0.0,1.264405,1.469627,DNK,EST,130239
6157967,74,72,5452,1999,28384.0,0.0,2.095642,0.966282,FIN,EST,130239
6157968,111,72,5452,1999,13953.0,0.0,1.395253,1.3589790000000002,ITA,EST,130239
6157969,130,72,5452,1999,1368.0,0.0,0.197536,0.5041899999999999,LTU,EST,130239
6157970,186,72,5452,1999,0.0,4333.0,0.903308,0.590858,RUS,EST,130239
6157971,43,74,5452,1999,2717.0,0.0,0.386094,3.270089,CHN,FIN,130239
6157972,61,74,5452,1999,61887.0,0.0,2.334811,-2.060502,DEU,FIN,130239
6157973,64,74,5452,1999,420160.0,0.0,1.264405,1.469627,DNK,FIN,130239
6157974,71,74,5452,1999,201335.0,0.0,1.0849209999999998,1.9351180000000001,ESP,FIN,130239
6157975,72,74,5452,1999,0.0,28384.0,0.502979,0.8847440000000001,EST,FIN,130239
6157976,77,74,5452,1999,147795.0,0.0,1.72758,0.6619079999999999,FRA,FIN,130239
6157977,81,74,5452,1999,39049.0,0.0,1.9523830000000002,0.771455,GBR,FIN,130239
6157978,106,74,5452,1999,9456.0,0.0,1.599613,0.37233299999999997,IRL,FIN,130239
6157979,111,74,5452,1999,92251.0,5994.0,1.395253,1.3589790000000002,ITA,FIN,130239
6157980,114,74,5452,1999,7084.0,0.0,2.541382,0.693702,JPN,FIN,130239
6157981,130,74,5452,1999,0.0,22222.0,0.197536,0.5041899999999999,LTU,FIN,130239
6157982,132,74,5452,1999,0.0,2004.0,0.20633600000000002,0.324171,LVA,FIN,130239
6157983,163,74,5452,1999,0.0,7154.0,1.1012959999999998,0.240184,NOR,FIN,130239
6157984,186,74,5452,1999,0.0,28963.0,0.903308,0.590858,RUS,FIN,130239
6157985,208,74,5452,1999,3572.0,0.0,2.1456720000000002,0.856556,SWE,FIN,130239
6157986,231,74,5452,1999,89936.0,0.0,1.8755119999999998,0.5350729999999999,USA,FIN,130239
6157987,236,74,5452,1999,0.0,67355.0,0.16454100000000002,-0.691021,VEN,FIN,130239
6157988,8,77,5452,1999,2520.0,687298.0,0.49933500000000003,0.593879,ARG,FRA,130239
6157989,14,77,5452,1999,5223.0,78905.0,0.357101,0.8857879999999999,AUS,FRA,130239
6157990,15,77,5452,1999,9361.0,11161.0,1.836804,0.744312,AUT,FRA,130239
6157991,18,77,5452,1999,907351.0,413595.0,1.512061,1.253478,BEL,FRA,130239
6157992,28,77,5452,1999,0.0,30987.0,0.7516579999999999,1.169072,BLR,FRA,130239
6157993,31,77,5452,1999,0.0,5992.0,-0.398285,-0.6362,BOL,FRA,130239
6157994,32,77,5452,1999,17441.0,839133.0,0.762468,1.191759,BRA,FRA,130239
6157995,39,77,5452,1999,6961.0,905299.0,1.083572,1.08026,CAN,FRA,130239
6157996,41,77,5452,1999,376334.0,619869.0,2.189934,0.741428,CHE,FRA,130239
6157997,42,77,5452,1999,52398.0,6193.0,0.041013,-0.111553,CHL,FRA,130239
6157998,43,77,5452,1999,18833.0,27275.0,0.386094,3.270089,CHN,FRA,130239
6157999,44,77,5452,1999,0.0,11332.0,-0.591892,-0.654457,CIV,FRA,130239
6158000,45,77,5452,1999,0.0,3974.0,-1.7392470000000002,-1.241373,CMR,FRA,130239
6158001,46,77,5452,1999,2203.0,0.0,-1.4871290000000001,-1.1859620000000002,COD,FRA,130239
6158002,49,77,5452,1999,0.0,278843.0,0.190667,0.136271,COL,FRA,130239
6158003,52,77,5452,1999,0.0,3377.0,-0.310033,-0.299529,CRI,FRA,130239
6158004,58,77,5452,1999,0.0,4619.0,0.508464,0.324706,CYP,FRA,130239
6158005,59,77,5452,1999,0.0,82137.0,1.412439,1.329385,CZE,FRA,130239
6158006,61,77,5452,1999,2060804.0,9254147.0,2.334811,-2.060502,DEU,FRA,130239
6158007,64,77,5452,1999,6558372.0,785785.0,1.264405,1.469627,DNK,FRA,130239
6158008,65,77,5452,1999,0.0,11615.0,-0.60436,-0.674701,DOM,FRA,130239
6158009,66,77,5452,1999,0.0,492494.0,-0.701764,-1.175132,DZA,FRA,130239
6158010,68,77,5452,1999,0.0,27853.0,-0.311879,0.300746,EGY,FRA,130239
6158011,71,77,5452,1999,1035230.0,3316080.0,1.0849209999999998,1.9351180000000001,ESP,FRA,130239
6158012,74,77,5452,1999,0.0,147795.0,2.095642,0.966282,FIN,FRA,130239
6158013,81,77,5452,1999,1373038.0,2424529.0,1.9523830000000002,0.771455,GBR,FRA,130239
6158014,90,77,5452,1999,13739.0,243745.0,0.24943600000000002,1.172467,GRC,FRA,130239
6158015,93,77,5452,1999,0.0,4155.0,-0.459323,0.210247,GTM,FRA,130239
6158016,97,77,5452,1999,0.0,1719.0,0.387427,2.402434,HKG,FRA,130239
6158017,100,77,5452,1999,1656.0,59955.0,0.572934,0.9873639999999999,HRV,FRA,130239
6158018,102,77,5452,1999,0.0,7810.0,0.794675,1.308337,HUN,FRA,130239
6158019,103,77,5452,1999,514553.0,51119.0,-0.20447,1.568505,IDN,FRA,130239
6158020,104,77,5452,1999,78921.0,6210.0,0.29945900000000003,2.438702,IND,FRA,130239
6158021,106,77,5452,1999,119428.0,38400.0,1.599613,0.37233299999999997,IRL,FRA,130239
6158022,107,77,5452,1999,9795.0,0.0,-0.9366620000000001,-1.147602,IRN,FRA,130239
6158023,109,77,5452,1999,0.0,18101.0,0.377701,-0.355798,ISL,FRA,130239
6158024,110,77,5452,1999,0.0,979429.0,1.342593,0.781931,ISR,FRA,130239
6158025,111,77,5452,1999,354251.0,1745484.0,1.395253,1.3589790000000002,ITA,FRA,130239
6158026,114,77,5452,1999,111710.0,1780958.0,2.541382,0.693702,JPN,FRA,130239
6158027,116,77,5452,1999,1957.0,0.0,-0.336125,0.43983999999999995,KEN,FRA,130239
6158028,121,77,5452,1999,1898024.0,336672.0,0.92448,1.053988,KOR,FRA,130239
6158029,124,77,5452,1999,0.0,1176.0,0.264151,0.767188,LBN,FRA,130239
6158030,131,77,5452,1999,0.0,4974.0,1.499745,1.142951,LUX,FRA,130239
6158031,134,77,5452,1999,145417.0,82301.0,-0.659053,-0.142104,MAR,FRA,130239
6158032,136,77,5452,1999,0.0,12290.0,-1.186653,-0.5059279999999999,MDG,FRA,130239
6158033,138,77,5452,1999,2744.0,3466672.0,0.581034,0.8399760000000001,MEX,FRA,130239
6158034,151,77,5452,1999,2534.0,2065.0,-0.5713729999999999,-0.696416,MUS,FRA,130239
6158035,153,77,5452,1999,5009.0,138993.0,0.500591,0.136149,MYS,FRA,130239
6158036,156,77,5452,1999,0.0,6600.0,-0.079579,-0.777079,NCL,FRA,130239
6158037,162,77,5452,1999,634595.0,1107351.0,1.308776,1.574293,NLD,FRA,130239
6158038,163,77,5452,1999,0.0,90286.0,1.1012959999999998,0.240184,NOR,FRA,130239
6158039,166,77,5452,1999,0.0,18053.0,0.592051,0.780176,NZL,FRA,130239
6158040,168,77,5452,1999,0.0,3487.0,-1.047891,-0.525612,PAK,FRA,130239
6158041,173,77,5452,1999,16948.0,16469.0,-0.367489,0.11813399999999999,PER,FRA,130239
6158042,174,77,5452,1999,8095526.0,223399.0,-0.401903,-0.333408,PHL,FRA,130239
6158043,177,77,5452,1999,0.0,1884522.0,0.8512700000000001,1.8975229999999998,POL,FRA,130239
6158044,179,77,5452,1999,29234.0,123921.0,0.420538,1.379359,PRT,FRA,130239
6158045,180,77,5452,1999,0.0,4935.0,-0.541387,-0.863967,PRY,FRA,130239
6158046,182,77,5452,1999,0.0,9608.0,0.281327,-0.624142,PYF,FRA,130239
6158047,185,77,5452,1999,0.0,2601.0,0.253874,0.8322709999999999,ROU,FRA,130239
6158048,186,77,5452,1999,0.0,620906.0,0.903308,0.590858,RUS,FRA,130239
6158049,188,77,5452,1999,0.0,43448.0,0.553028,-0.527401,SAU,FRA,130239
6158050,189,77,5452,1999,0.0,924.0,0.607596,2.222456,SCG,FRA,130239
6158051,191,77,5452,1999,0.0,8875.0,-0.472473,-0.462562,SEN,FRA,130239
6158052,192,77,5452,1999,0.0,728384.0,1.355833,0.594305,SGP,FRA,130239
6158053,206,77,5452,1999,0.0,878711.0,1.133942,1.105742,SVK,FRA,130239
6158054,207,77,5452,1999,0.0,7865.0,1.447589,1.284414,SVN,FRA,130239
6158055,208,77,5452,1999,29789.0,164161.0,2.1456720000000002,0.856556,SWE,FRA,130239
6158056,212,77,5452,1999,0.0,2122.0,-0.996784,-0.6344069999999999,SYR,FRA,130239
6158057,216,77,5452,1999,29443.0,328250.0,0.20451,1.513533,THA,FRA,130239
6158058,223,77,5452,1999,0.0,294883.0,-0.317866,-0.102551,TUN,FRA,130239
6158059,224,77,5452,1999,0.0,265232.0,0.044692,1.745755,TUR,FRA,130239
6158060,231,77,5452,1999,386936.0,5548490.0,1.8755119999999998,0.5350729999999999,USA,FRA,130239
6158061,236,77,5452,1999,0.0,6640.0,0.16454100000000002,-0.691021,VEN,FRA,130239
6158062,239,77,5452,1999,0.0,18798.0,-0.9824940000000001,0.115755,VNM,FRA,130239
6158063,246,77,5452,1999,874.0,41808.0,0.543171,1.432792,ZAF,FRA,130239
6158064,249,77,5452,1999,11136.0,202605.0,1.336816,1.725334,TWN,FRA,130239
6158065,250,77,5452,1999,45280.0,0.0,1.130511,0.9547379999999999,ANS,FRA,130239
6158066,7,81,5452,1999,0.0,5958.0,-0.21921,-0.54813,ARE,GBR,130239
6158067,14,81,5452,1999,0.0,103150.0,0.357101,0.8857879999999999,AUS,GBR,130239
6158068,15,81,5452,1999,0.0,1850.0,1.836804,0.744312,AUT,GBR,130239
6158069,18,81,5452,1999,221622.0,171166.0,1.512061,1.253478,BEL,GBR,130239
6158070,23,81,5452,1999,0.0,18766.0,0.311033,1.7375040000000002,BGR,GBR,130239
6158071,32,81,5452,1999,7019.0,0.0,0.762468,1.191759,BRA,GBR,130239
6158072,39,81,5452,1999,6725.0,151474.0,1.083572,1.08026,CAN,GBR,130239
6158073,41,81,5452,1999,73081.0,2493.0,2.189934,0.741428,CHE,GBR,130239
6158074,42,81,5452,1999,0.0,3888.0,0.041013,-0.111553,CHL,GBR,130239
6158075,43,81,5452,1999,125254.0,32585.0,0.386094,3.270089,CHN,GBR,130239
6158076,49,81,5452,1999,0.0,6634.0,0.190667,0.136271,COL,GBR,130239
6158077,52,81,5452,1999,0.0,11519.0,-0.310033,-0.299529,CRI,GBR,130239
6158078,54,81,5452,1999,0.0,27099.0,-0.152322,-0.8734270000000001,CUB,GBR,130239
6158079,58,81,5452,1999,2173.0,56683.0,0.508464,0.324706,CYP,GBR,130239
6158080,59,81,5452,1999,0.0,32910.0,1.412439,1.329385,CZE,GBR,130239
6158081,61,81,5452,1999,995916.0,161217.0,2.334811,-2.060502,DEU,GBR,130239
6158082,64,81,5452,1999,7593238.0,1107694.0,1.264405,1.469627,DNK,GBR,130239
6158083,68,81,5452,1999,0.0,37238.0,-0.311879,0.300746,EGY,GBR,130239
6158084,71,81,5452,1999,922552.0,8078.0,1.0849209999999998,1.9351180000000001,ESP,GBR,130239
6158085,74,81,5452,1999,0.0,39049.0,2.095642,0.966282,FIN,GBR,130239
6158086,77,81,5452,1999,2424529.0,1373038.0,1.72758,0.6619079999999999,FRA,GBR,130239
6158087,83,81,5452,1999,0.0,4045.0,-0.9444520000000001,-0.905826,GHA,GBR,130239
6158088,90,81,5452,1999,0.0,60956.0,0.24943600000000002,1.172467,GRC,GBR,130239
6158089,97,81,5452,1999,10871.0,95665.0,0.387427,2.402434,HKG,GBR,130239
6158090,102,81,5452,1999,0.0,3615.0,0.794675,1.308337,HUN,GBR,130239
6158091,103,81,5452,1999,1718861.0,0.0,-0.20447,1.568505,IDN,GBR,130239
6158092,104,81,5452,1999,727983.0,4336.0,0.29945900000000003,2.438702,IND,GBR,130239
6158093,106,81,5452,1999,87788.0,3242622.0,1.599613,0.37233299999999997,IRL,GBR,130239
6158094,107,81,5452,1999,0.0,12044.0,-0.9366620000000001,-1.147602,IRN,GBR,130239
6158095,109,81,5452,1999,0.0,7858.0,0.377701,-0.355798,ISL,GBR,130239
6158096,110,81,5452,1999,5662.0,3142.0,1.342593,0.781931,ISR,GBR,130239
6158097,111,81,5452,1999,1883670.0,139556.0,1.395253,1.3589790000000002,ITA,GBR,130239
6158098,113,81,5452,1999,0.0,4102.0,0.475995,0.514447,JOR,GBR,130239
6158099,114,81,5452,1999,16725.0,27446.0,2.541382,0.693702,JPN,GBR,130239
6158100,116,81,5452,1999,0.0,142481.0,-0.336125,0.43983999999999995,KEN,GBR,130239
6158101,121,81,5452,1999,0.0,12313.0,0.92448,1.053988,KOR,GBR,130239
6158102,124,81,5452,1999,0.0,2520.0,0.264151,0.767188,LBN,GBR,130239
6158103,128,81,5452,1999,32588.0,3386.0,-0.8875649999999999,-0.059249,LKA,GBR,130239
6158104,130,81,5452,1999,0.0,52856.0,0.197536,0.5041899999999999,LTU,GBR,130239
6158105,138,81,5452,1999,0.0,4232.0,0.581034,0.8399760000000001,MEX,GBR,130239
6158106,142,81,5452,1999,0.0,116114.0,0.9998450000000001,0.009412,MLT,GBR,130239
6158107,153,81,5452,1999,85276.0,4313.0,0.500591,0.136149,MYS,GBR,130239
6158108,162,81,5452,1999,358083.0,817472.0,1.308776,1.574293,NLD,GBR,130239
6158109,163,81,5452,1999,0.0,29979.0,1.1012959999999998,0.240184,NOR,GBR,130239
6158110,166,81,5452,1999,6798.0,2654.0,0.592051,0.780176,NZL,GBR,130239
6158111,168,81,5452,1999,615117.0,0.0,-1.047891,-0.525612,PAK,GBR,130239
6158112,173,81,5452,1999,14972.0,3290.0,-0.367489,0.11813399999999999,PER,GBR,130239
6158113,174,81,5452,1999,12622064.0,11982.0,-0.401903,-0.333408,PHL,GBR,130239
6158114,177,81,5452,1999,0.0,26375.0,0.8512700000000001,1.8975229999999998,POL,GBR,130239
6158115,179,81,5452,1999,230202.0,1193.0,0.420538,1.379359,PRT,GBR,130239
6158116,186,81,5452,1999,0.0,737686.0,0.903308,0.590858,RUS,GBR,130239
6158117,188,81,5452,1999,0.0,39673.0,0.553028,-0.527401,SAU,GBR,130239
6158118,191,81,5452,1999,13698.0,0.0,-0.472473,-0.462562,SEN,GBR,130239
6158119,192,81,5452,1999,2619.0,7367.0,1.355833,0.594305,SGP,GBR,130239
6158120,208,81,5452,1999,75420.0,98064.0,2.1456720000000002,0.856556,SWE,GBR,130239
6158121,212,81,5452,1999,0.0,5375.0,-0.996784,-0.6344069999999999,SYR,GBR,130239
6158122,216,81,5452,1999,1048.0,1245705.0,0.20451,1.513533,THA,GBR,130239
6158123,222,81,5452,1999,0.0,3374.0,0.258046,-0.562956,TTO,GBR,130239
6158124,223,81,5452,1999,0.0,7408.0,-0.317866,-0.102551,TUN,GBR,130239
6158125,224,81,5452,1999,18082.0,8351.0,0.044692,1.745755,TUR,GBR,130239
6158126,228,81,5452,1999,0.0,238030.0,0.6242270000000001,0.742258,UKR,GBR,130239
6158127,231,81,5452,1999,407752.0,1972566.0,1.8755119999999998,0.5350729999999999,USA,GBR,130239
6158128,239,81,5452,1999,0.0,2030.0,-0.9824940000000001,0.115755,VNM,GBR,130239
6158129,246,81,5452,1999,3006.0,46223.0,0.543171,1.432792,ZAF,GBR,130239
6158130,249,81,5452,1999,0.0,22647.0,1.336816,1.725334,TWN,GBR,130239
6158131,4,90,5452,1999,0.0,4843.0,-0.281783,-0.10076399999999999,ALB,GRC,130239
6158132,18,90,5452,1999,68857.0,0.0,1.512061,1.253478,BEL,GRC,130239
6158133,58,90,5452,1999,0.0,3545.0,0.508464,0.324706,CYP,GRC,130239
6158134,61,90,5452,1999,34896.0,0.0,2.334811,-2.060502,DEU,GRC,130239
6158135,64,90,5452,1999,868948.0,0.0,1.264405,1.469627,DNK,GRC,130239
6158136,71,90,5452,1999,13702.0,0.0,1.0849209999999998,1.9351180000000001,ESP,GRC,130239
6158137,77,90,5452,1999,243745.0,13739.0,1.72758,0.6619079999999999,FRA,GRC,130239
6158138,81,90,5452,1999,60956.0,0.0,1.9523830000000002,0.771455,GBR,GRC,130239
6158139,111,90,5452,1999,125105.0,0.0,1.395253,1.3589790000000002,ITA,GRC,130239
6158140,162,90,5452,1999,4091.0,0.0,1.308776,1.574293,NLD,GRC,130239
6158141,166,90,5452,1999,0.0,4898.0,0.592051,0.780176,NZL,GRC,130239
6158142,185,90,5452,1999,0.0,20316.0,0.253874,0.8322709999999999,ROU,GRC,130239
6158143,188,90,5452,1999,0.0,6335.0,0.553028,-0.527401,SAU,GRC,130239
6158144,208,90,5452,1999,1067.0,0.0,2.1456720000000002,0.856556,SWE,GRC,130239
6158145,231,90,5452,1999,6375.0,0.0,1.8755119999999998,0.5350729999999999,USA,GRC,130239
6158146,42,93,5452,1999,31083.0,0.0,0.041013,-0.111553,CHL,GTM,130239
6158147,52,93,5452,1999,73862.0,0.0,-0.310033,-0.299529,CRI,GTM,130239
6158148,61,93,5452,1999,2205.0,0.0,2.334811,-2.060502,DEU,GTM,130239
6158149,64,93,5452,1999,2144.0,0.0,1.264405,1.469627,DNK,GTM,130239
6158150,77,93,5452,1999,4155.0,0.0,1.72758,0.6619079999999999,FRA,GTM,130239
6158151,138,93,5452,1999,193493.0,0.0,0.581034,0.8399760000000001,MEX,GTM,130239
6158152,160,93,5452,1999,0.0,2670.0,-0.677654,-0.72253,NIC,GTM,130239
6158153,197,93,5452,1999,3582.0,1583.0,-0.263572,-0.121576,SLV,GTM,130239
6158154,231,93,5452,1999,80556.0,0.0,1.8755119999999998,0.5350729999999999,USA,GTM,130239
6158155,32,96,5452,1999,910.0,0.0,0.762468,1.191759,BRA,GUY,130239
6158156,103,96,5452,1999,10387.0,0.0,-0.20447,1.568505,IDN,GUY,130239
6158157,192,96,5452,1999,21085.0,0.0,1.355833,0.594305,SGP,GUY,130239
6158158,231,96,5452,1999,14044.0,0.0,1.8755119999999998,0.5350729999999999,USA,GUY,130239
6158159,14,97,5452,1999,3145.0,1555.0,0.357101,0.8857879999999999,AUS,HKG,130239
6158160,39,97,5452,1999,4116.0,25883.0,1.083572,1.08026,CAN,HKG,130239
6158161,41,97,5452,1999,547021.0,0.0,2.189934,0.741428,CHE,HKG,130239
6158162,43,97,5452,1999,555750.0,242916.0,0.386094,3.270089,CHN,HKG,130239
6158163,61,97,5452,1999,1029.0,0.0,2.334811,-2.060502,DEU,HKG,130239
6158164,64,97,5452,1999,170773.0,0.0,1.264405,1.469627,DNK,HKG,130239
6158165,68,97,5452,1999,0.0,17098.0,-0.311879,0.300746,EGY,HKG,130239
6158166,71,97,5452,1999,7810.0,0.0,1.0849209999999998,1.9351180000000001,ESP,HKG,130239
6158167,77,97,5452,1999,1719.0,0.0,1.72758,0.6619079999999999,FRA,HKG,130239
6158168,81,97,5452,1999,95665.0,10871.0,1.9523830000000002,0.771455,GBR,HKG,130239
6158169,103,97,5452,1999,149880.0,0.0,-0.20447,1.568505,IDN,HKG,130239
6158170,106,97,5452,1999,5966.0,0.0,1.599613,0.37233299999999997,IRL,HKG,130239
6158171,111,97,5452,1999,79091.0,6533.0,1.395253,1.3589790000000002,ITA,HKG,130239
6158172,114,97,5452,1999,117119.0,0.0,2.541382,0.693702,JPN,HKG,130239
6158173,121,97,5452,1999,29574.0,0.0,0.92448,1.053988,KOR,HKG,130239
6158174,133,97,5452,1999,0.0,23288.0,-0.365239,-0.380913,MAC,HKG,130239
6158175,153,97,5452,1999,15111.0,130982.0,0.500591,0.136149,MYS,HKG,130239
6158176,162,97,5452,1999,1432.0,0.0,1.308776,1.574293,NLD,HKG,130239
6158177,164,97,5452,1999,0.0,13207.0,-0.421433,0.24781799999999998,NPL,HKG,130239
6158178,174,97,5452,1999,242548.0,54250.0,-0.401903,-0.333408,PHL,HKG,130239
6158179,192,97,5452,1999,2096.0,0.0,1.355833,0.594305,SGP,HKG,130239
6158180,208,97,5452,1999,22666.0,2045.0,2.1456720000000002,0.856556,SWE,HKG,130239
6158181,216,97,5452,1999,2835.0,1250.0,0.20451,1.513533,THA,HKG,130239
6158182,231,97,5452,1999,1031502.0,0.0,1.8755119999999998,0.5350729999999999,USA,HKG,130239
6158183,236,97,5452,1999,0.0,14292.0,0.16454100000000002,-0.691021,VEN,HKG,130239
6158184,246,97,5452,1999,0.0,1995.0,0.543171,1.432792,ZAF,HKG,130239
6158185,249,97,5452,1999,52257.0,15768.0,1.336816,1.725334,TWN,HKG,130239
6158186,14,103,5452,1999,2568.0,421508.0,0.357101,0.8857879999999999,AUS,IDN,130239
6158187,15,103,5452,1999,0.0,57248.0,1.836804,0.744312,AUT,IDN,130239
6158188,39,103,5452,1999,0.0,1032225.0,1.083572,1.08026,CAN,IDN,130239
6158189,41,103,5452,1999,0.0,11212.0,2.189934,0.741428,CHE,IDN,130239
6158190,43,103,5452,1999,0.0,71085.0,0.386094,3.270089,CHN,IDN,130239
6158191,61,103,5452,1999,1030109.0,565350.0,2.334811,-2.060502,DEU,IDN,130239
6158192,63,103,5452,1999,0.0,6011.0,0.808025,0.321415,DMA,IDN,130239
6158193,64,103,5452,1999,393159.0,1188128.0,1.264405,1.469627,DNK,IDN,130239
6158194,71,103,5452,1999,1716.0,0.0,1.0849209999999998,1.9351180000000001,ESP,IDN,130239
6158195,77,103,5452,1999,51119.0,514553.0,1.72758,0.6619079999999999,FRA,IDN,130239
6158196,81,103,5452,1999,0.0,1718861.0,1.9523830000000002,0.771455,GBR,IDN,130239
6158197,96,103,5452,1999,0.0,10387.0,-0.97619,-0.8785709999999999,GUY,IDN,130239
6158198,97,103,5452,1999,0.0,149880.0,0.387427,2.402434,HKG,IDN,130239
6158199,102,103,5452,1999,1010.0,0.0,0.794675,1.308337,HUN,IDN,130239
6158200,104,103,5452,1999,34972.0,20558.0,0.29945900000000003,2.438702,IND,IDN,130239
6158201,111,103,5452,1999,3766.0,0.0,1.395253,1.3589790000000002,ITA,IDN,130239
6158202,114,103,5452,1999,69315.0,578741.0,2.541382,0.693702,JPN,IDN,130239
6158203,121,103,5452,1999,1188611.0,0.0,0.92448,1.053988,KOR,IDN,130239
6158204,153,103,5452,1999,0.0,30206.0,0.500591,0.136149,MYS,IDN,130239
6158205,162,103,5452,1999,3810.0,0.0,1.308776,1.574293,NLD,IDN,130239
6158206,166,103,5452,1999,2483.0,0.0,0.592051,0.780176,NZL,IDN,130239
6158207,174,103,5452,1999,52758.0,0.0,-0.401903,-0.333408,PHL,IDN,130239
6158208,192,103,5452,1999,1531.0,75350.0,1.355833,0.594305,SGP,IDN,130239
6158209,216,103,5452,1999,0.0,54376.0,0.20451,1.513533,THA,IDN,130239
6158210,231,103,5452,1999,95635.0,238054.0,1.8755119999999998,0.5350729999999999,USA,IDN,130239
6158211,249,103,5452,1999,19704.0,22536.0,1.336816,1.725334,TWN,IDN,130239
6158212,6,106,5452,1999,0.0,8629.0,0.266874,-0.5122220000000001,ANT,IRL,130239
6158213,8,106,5452,1999,0.0,88584.0,0.49933500000000003,0.593879,ARG,IRL,130239
6158214,14,106,5452,1999,0.0,81614.0,0.357101,0.8857879999999999,AUS,IRL,130239
6158215,18,106,5452,1999,0.0,109435.0,1.512061,1.253478,BEL,IRL,130239
6158216,32,106,5452,1999,0.0,2987.0,0.762468,1.191759,BRA,IRL,130239
6158217,39,106,5452,1999,0.0,2838.0,1.083572,1.08026,CAN,IRL,130239
6158218,40,106,5452,1999,0.0,23286.0,0.697291,-0.48773999999999995,CCK,IRL,130239
6158219,43,106,5452,1999,0.0,5137.0,0.386094,3.270089,CHN,IRL,130239
6158220,45,106,5452,1999,0.0,23570.0,-1.7392470000000002,-1.241373,CMR,IRL,130239
6158221,49,106,5452,1999,0.0,63285.0,0.190667,0.136271,COL,IRL,130239
6158222,52,106,5452,1999,0.0,7676.0,-0.310033,-0.299529,CRI,IRL,130239
6158223,61,106,5452,1999,12125.0,409162.0,2.334811,-2.060502,DEU,IRL,130239
6158224,64,106,5452,1999,165489.0,25155.0,1.264405,1.469627,DNK,IRL,130239
6158225,71,106,5452,1999,0.0,72071.0,1.0849209999999998,1.9351180000000001,ESP,IRL,130239
6158226,74,106,5452,1999,0.0,9456.0,2.095642,0.966282,FIN,IRL,130239
6158227,77,106,5452,1999,38400.0,119428.0,1.72758,0.6619079999999999,FRA,IRL,130239
6158228,81,106,5452,1999,3242622.0,87788.0,1.9523830000000002,0.771455,GBR,IRL,130239
6158229,97,106,5452,1999,0.0,5966.0,0.387427,2.402434,HKG,IRL,130239
6158230,102,106,5452,1999,0.0,4468.0,0.794675,1.308337,HUN,IRL,130239
6158231,104,106,5452,1999,0.0,11735.0,0.29945900000000003,2.438702,IND,IRL,130239
6158232,110,106,5452,1999,0.0,15348.0,1.342593,0.781931,ISR,IRL,130239
6158233,111,106,5452,1999,37212.0,41825.0,1.395253,1.3589790000000002,ITA,IRL,130239
6158234,114,106,5452,1999,558140.0,0.0,2.541382,0.693702,JPN,IRL,130239
6158235,116,106,5452,1999,0.0,42917.0,-0.336125,0.43983999999999995,KEN,IRL,130239
6158236,121,106,5452,1999,625777.0,0.0,0.92448,1.053988,KOR,IRL,130239
6158237,138,106,5452,1999,0.0,5625.0,0.581034,0.8399760000000001,MEX,IRL,130239
6158238,151,106,5452,1999,0.0,5726.0,-0.5713729999999999,-0.696416,MUS,IRL,130239
6158239,159,106,5452,1999,0.0,12321.0,-1.9312080000000003,-1.279733,NGA,IRL,130239
6158240,162,106,5452,1999,46698.0,1182105.0,1.308776,1.574293,NLD,IRL,130239
6158241,173,106,5452,1999,0.0,8921.0,-0.367489,0.11813399999999999,PER,IRL,130239
6158242,174,106,5452,1999,16858.0,36520.0,-0.401903,-0.333408,PHL,IRL,130239
6158243,186,106,5452,1999,0.0,4659.0,0.903308,0.590858,RUS,IRL,130239
6158244,208,106,5452,1999,0.0,11586.0,2.1456720000000002,0.856556,SWE,IRL,130239
6158245,211,106,5452,1999,0.0,1921.0,0.11940999999999999,-0.7071270000000001,SYC,IRL,130239
6158246,216,106,5452,1999,0.0,10233.0,0.20451,1.513533,THA,IRL,130239
6158247,222,106,5452,1999,0.0,3284.0,0.258046,-0.562956,TTO,IRL,130239
6158248,226,106,5452,1999,0.0,7230.0,-1.068358,-0.54693,TZA,IRL,130239
6158249,231,106,5452,1999,6966.0,338235.0,1.8755119999999998,0.5350729999999999,USA,IRL,130239
6158250,246,106,5452,1999,0.0,24940.0,0.543171,1.432792,ZAF,IRL,130239
6158251,249,106,5452,1999,0.0,8555.0,1.336816,1.725334,TWN,IRL,130239
6158252,7,111,5452,1999,0.0,29918.0,-0.21921,-0.54813,ARE,ITA,130239
6158253,8,111,5452,1999,0.0,7509.0,0.49933500000000003,0.593879,ARG,ITA,130239
6158254,9,111,5452,1999,0.0,17032.0,0.6218600000000001,-0.174906,ARM,ITA,130239
6158255,14,111,5452,1999,0.0,111105.0,0.357101,0.8857879999999999,AUS,ITA,130239
6158256,15,111,5452,1999,0.0,366991.0,1.836804,0.744312,AUT,ITA,130239
6158257,18,111,5452,1999,150445.0,253604.0,1.512061,1.253478,BEL,ITA,130239
6158258,23,111,5452,1999,0.0,5470.0,0.311033,1.7375040000000002,BGR,ITA,130239
6158259,28,111,5452,1999,0.0,16236.0,0.7516579999999999,1.169072,BLR,ITA,130239
6158260,32,111,5452,1999,0.0,61867.0,0.762468,1.191759,BRA,ITA,130239
6158261,39,111,5452,1999,0.0,2163.0,1.083572,1.08026,CAN,ITA,130239
6158262,41,111,5452,1999,240975.0,240533.0,2.189934,0.741428,CHE,ITA,130239
6158263,42,111,5452,1999,0.0,5820.0,0.041013,-0.111553,CHL,ITA,130239
6158264,43,111,5452,1999,725807.0,12284.0,0.386094,3.270089,CHN,ITA,130239
6158265,44,111,5452,1999,0.0,10046.0,-0.591892,-0.654457,CIV,ITA,130239
6158266,54,111,5452,1999,3340.0,5670.0,-0.152322,-0.8734270000000001,CUB,ITA,130239
6158267,59,111,5452,1999,0.0,368628.0,1.412439,1.329385,CZE,ITA,130239
6158268,61,111,5452,1999,680989.0,6694198.0,2.334811,-2.060502,DEU,ITA,130239
6158269,62,111,5452,1999,0.0,1598.0,0.07838200000000001,-0.351435,DJI,ITA,130239
6158270,64,111,5452,1999,1212584.0,29625.0,1.264405,1.469627,DNK,ITA,130239
6158271,68,111,5452,1999,0.0,69006.0,-0.311879,0.300746,EGY,ITA,130239
6158272,71,111,5452,1999,1313683.0,918681.0,1.0849209999999998,1.9351180000000001,ESP,ITA,130239
6158273,72,111,5452,1999,0.0,13953.0,0.502979,0.8847440000000001,EST,ITA,130239
6158274,74,111,5452,1999,5994.0,92251.0,2.095642,0.966282,FIN,ITA,130239
6158275,77,111,5452,1999,1745484.0,354251.0,1.72758,0.6619079999999999,FRA,ITA,130239
6158276,81,111,5452,1999,139556.0,1883670.0,1.9523830000000002,0.771455,GBR,ITA,130239
6158277,85,111,5452,1999,0.0,3699.0,-1.950321,-1.269807,GIN,ITA,130239
6158278,90,111,5452,1999,0.0,125105.0,0.24943600000000002,1.172467,GRC,ITA,130239
6158279,97,111,5452,1999,6533.0,79091.0,0.387427,2.402434,HKG,ITA,130239
6158280,100,111,5452,1999,0.0,110587.0,0.572934,0.9873639999999999,HRV,ITA,130239
6158281,102,111,5452,1999,0.0,125002.0,0.794675,1.308337,HUN,ITA,130239
6158282,103,111,5452,1999,0.0,3766.0,-0.20447,1.568505,IDN,ITA,130239
6158283,104,111,5452,1999,373701.0,5737.0,0.29945900000000003,2.438702,IND,ITA,130239
6158284,106,111,5452,1999,41825.0,37212.0,1.599613,0.37233299999999997,IRL,ITA,130239
6158285,110,111,5452,1999,0.0,117745.0,1.342593,0.781931,ISR,ITA,130239
6158286,113,111,5452,1999,0.0,92471.0,0.475995,0.514447,JOR,ITA,130239
6158287,114,111,5452,1999,5235.0,236724.0,2.541382,0.693702,JPN,ITA,130239
6158288,121,111,5452,1999,70739.0,89805.0,0.92448,1.053988,KOR,ITA,130239
6158289,132,111,5452,1999,0.0,1137.0,0.20633600000000002,0.324171,LVA,ITA,130239
6158290,134,111,5452,1999,0.0,79824.0,-0.659053,-0.142104,MAR,ITA,130239
6158291,138,111,5452,1999,6552.0,0.0,0.581034,0.8399760000000001,MEX,ITA,130239
6158292,140,111,5452,1999,0.0,8454.0,0.053132000000000006,0.43408,MKD,ITA,130239
6158293,142,111,5452,1999,0.0,9969.0,0.9998450000000001,0.009412,MLT,ITA,130239
6158294,153,111,5452,1999,0.0,1713.0,0.500591,0.136149,MYS,ITA,130239
6158295,159,111,5452,1999,993.0,0.0,-1.9312080000000003,-1.279733,NGA,ITA,130239
6158296,162,111,5452,1999,373976.0,389613.0,1.308776,1.574293,NLD,ITA,130239
6158297,163,111,5452,1999,4640.0,863042.0,1.1012959999999998,0.240184,NOR,ITA,130239
6158298,166,111,5452,1999,0.0,19108.0,0.592051,0.780176,NZL,ITA,130239
6158299,173,111,5452,1999,118152.0,0.0,-0.367489,0.11813399999999999,PER,ITA,130239
6158300,174,111,5452,1999,1753189.0,0.0,-0.401903,-0.333408,PHL,ITA,130239
6158301,177,111,5452,1999,0.0,753516.0,0.8512700000000001,1.8975229999999998,POL,ITA,130239
6158302,179,111,5452,1999,3314.0,2081.0,0.420538,1.379359,PRT,ITA,130239
6158303,185,111,5452,1999,0.0,3580.0,0.253874,0.8322709999999999,ROU,ITA,130239
6158304,186,111,5452,1999,0.0,79634.0,0.903308,0.590858,RUS,ITA,130239
6158305,188,111,5452,1999,0.0,4448.0,0.553028,-0.527401,SAU,ITA,130239
6158306,189,111,5452,1999,0.0,4877.0,0.607596,2.222456,SCG,ITA,130239
6158307,192,111,5452,1999,0.0,32287.0,1.355833,0.594305,SGP,ITA,130239
6158308,206,111,5452,1999,0.0,16941.0,1.133942,1.105742,SVK,ITA,130239
6158309,207,111,5452,1999,0.0,38512.0,1.447589,1.284414,SVN,ITA,130239
6158310,208,111,5452,1999,5949.0,60412.0,2.1456720000000002,0.856556,SWE,ITA,130239
6158311,212,111,5452,1999,0.0,103110.0,-0.996784,-0.6344069999999999,SYR,ITA,130239
6158312,223,111,5452,1999,0.0,17662.0,-0.317866,-0.102551,TUN,ITA,130239
6158313,224,111,5452,1999,0.0,49100.0,0.044692,1.745755,TUR,ITA,130239
6158314,228,111,5452,1999,0.0,67740.0,0.6242270000000001,0.742258,UKR,ITA,130239
6158315,231,111,5452,1999,74334.0,358930.0,1.8755119999999998,0.5350729999999999,USA,ITA,130239
6158316,243,111,5452,1999,0.0,3982.0,-1.746447,-1.296571,YEM,ITA,130239
6158317,249,111,5452,1999,100808.0,13968.0,1.336816,1.725334,TWN,ITA,130239
6158318,162,112,5452,1999,5317.0,0.0,1.308776,1.574293,NLD,JAM,130239
6158319,231,112,5452,1999,49140.0,0.0,1.8755119999999998,0.5350729999999999,USA,JAM,130239
6158320,32,121,5452,1999,0.0,9616.0,0.762468,1.191759,BRA,KOR,130239
6158321,39,121,5452,1999,0.0,40509.0,1.083572,1.08026,CAN,KOR,130239
6158322,41,121,5452,1999,136643.0,168948.0,2.189934,0.741428,CHE,KOR,130239
6158323,42,121,5452,1999,6748.0,0.0,0.041013,-0.111553,CHL,KOR,130239
6158324,43,121,5452,1999,1238343.0,309772.0,0.386094,3.270089,CHN,KOR,130239
6158325,61,121,5452,1999,47742.0,42746.0,2.334811,-2.060502,DEU,KOR,130239
6158326,64,121,5452,1999,38724.0,1100049.0,1.264405,1.469627,DNK,KOR,130239
6158327,65,121,5452,1999,0.0,53870.0,-0.60436,-0.674701,DOM,KOR,130239
6158328,68,121,5452,1999,0.0,22013.0,-0.311879,0.300746,EGY,KOR,130239
6158329,71,121,5452,1999,3871.0,16668.0,1.0849209999999998,1.9351180000000001,ESP,KOR,130239
6158330,77,121,5452,1999,336672.0,1898024.0,1.72758,0.6619079999999999,FRA,KOR,130239
6158331,81,121,5452,1999,12313.0,0.0,1.9523830000000002,0.771455,GBR,KOR,130239
6158332,97,121,5452,1999,0.0,29574.0,0.387427,2.402434,HKG,KOR,130239
6158333,103,121,5452,1999,0.0,1188611.0,-0.20447,1.568505,IDN,KOR,130239
6158334,104,121,5452,1999,282976.0,0.0,0.29945900000000003,2.438702,IND,KOR,130239
6158335,106,121,5452,1999,0.0,625777.0,1.599613,0.37233299999999997,IRL,KOR,130239
6158336,107,121,5452,1999,0.0,20613.0,-0.9366620000000001,-1.147602,IRN,KOR,130239
6158337,110,121,5452,1999,0.0,1446.0,1.342593,0.781931,ISR,KOR,130239
6158338,111,121,5452,1999,89805.0,70739.0,1.395253,1.3589790000000002,ITA,KOR,130239
6158339,114,121,5452,1999,413912.0,4250205.0,2.541382,0.693702,JPN,KOR,130239
6158340,130,121,5452,1999,0.0,1636.0,0.197536,0.5041899999999999,LTU,KOR,130239
6158341,138,121,5452,1999,0.0,147119.0,0.581034,0.8399760000000001,MEX,KOR,130239
6158342,153,121,5452,1999,0.0,215803.0,0.500591,0.136149,MYS,KOR,130239
6158343,162,121,5452,1999,6221.0,0.0,1.308776,1.574293,NLD,KOR,130239
6158344,168,121,5452,1999,0.0,32710.0,-1.047891,-0.525612,PAK,KOR,130239
6158345,173,121,5452,1999,41161.0,0.0,-0.367489,0.11813399999999999,PER,KOR,130239
6158346,174,121,5452,1999,193750.0,45524.0,-0.401903,-0.333408,PHL,KOR,130239
6158347,192,121,5452,1999,2071.0,4134.0,1.355833,0.594305,SGP,KOR,130239
6158348,208,121,5452,1999,9567.0,0.0,2.1456720000000002,0.856556,SWE,KOR,130239
6158349,216,121,5452,1999,8439.0,109776.0,0.20451,1.513533,THA,KOR,130239
6158350,231,121,5452,1999,2421328.0,760287.0,1.8755119999999998,0.5350729999999999,USA,KOR,130239
6158351,236,121,5452,1999,0.0,458799.0,0.16454100000000002,-0.691021,VEN,KOR,130239
6158352,249,121,5452,1999,0.0,124505.0,1.336816,1.725334,TWN,KOR,130239
6158353,7,128,5452,1999,2537.0,0.0,-0.21921,-0.54813,ARE,LKA,130239
6158354,14,128,5452,1999,1446.0,0.0,0.357101,0.8857879999999999,AUS,LKA,130239
6158355,61,128,5452,1999,7830.0,0.0,2.334811,-2.060502,DEU,LKA,130239
6158356,64,128,5452,1999,6598.0,0.0,1.264405,1.469627,DNK,LKA,130239
6158357,81,128,5452,1999,3386.0,32588.0,1.9523830000000002,0.771455,GBR,LKA,130239
6158358,137,128,5452,1999,0.0,1522.0,-0.83783,-0.941734,MDV,LKA,130239
6158359,168,128,5452,1999,8688.0,0.0,-1.047891,-0.525612,PAK,LKA,130239
6158360,174,128,5452,1999,2818.0,0.0,-0.401903,-0.333408,PHL,LKA,130239
6158361,192,128,5452,1999,4930.0,0.0,1.355833,0.594305,SGP,LKA,130239
6158362,231,128,5452,1999,11222.0,137799.0,1.8755119999999998,0.5350729999999999,USA,LKA,130239
6158363,23,138,5452,1999,0.0,2907.0,0.311033,1.7375040000000002,BGR,MEX,130239
6158364,39,138,5452,1999,40925.0,14406.0,1.083572,1.08026,CAN,MEX,130239
6158365,41,138,5452,1999,11908.0,0.0,2.189934,0.741428,CHE,MEX,130239
6158366,42,138,5452,1999,648499.0,0.0,0.041013,-0.111553,CHL,MEX,130239
6158367,52,138,5452,1999,0.0,18167.0,-0.310033,-0.299529,CRI,MEX,130239
6158368,54,138,5452,1999,0.0,52267.0,-0.152322,-0.8734270000000001,CUB,MEX,130239
6158369,61,138,5452,1999,64286.0,61935.0,2.334811,-2.060502,DEU,MEX,130239
6158370,64,138,5452,1999,3385722.0,0.0,1.264405,1.469627,DNK,MEX,130239
6158371,71,138,5452,1999,761753.0,0.0,1.0849209999999998,1.9351180000000001,ESP,MEX,130239
6158372,77,138,5452,1999,3466672.0,2744.0,1.72758,0.6619079999999999,FRA,MEX,130239
6158373,81,138,5452,1999,4232.0,0.0,1.9523830000000002,0.771455,GBR,MEX,130239
6158374,93,138,5452,1999,0.0,193493.0,-0.459323,0.210247,GTM,MEX,130239
6158375,106,138,5452,1999,5625.0,0.0,1.599613,0.37233299999999997,IRL,MEX,130239
6158376,111,138,5452,1999,0.0,6552.0,1.395253,1.3589790000000002,ITA,MEX,130239
6158377,114,138,5452,1999,0.0,28912.0,2.541382,0.693702,JPN,MEX,130239
6158378,121,138,5452,1999,147119.0,0.0,0.92448,1.053988,KOR,MEX,130239
6158379,160,138,5452,1999,0.0,3008.0,-0.677654,-0.72253,NIC,MEX,130239
6158380,162,138,5452,1999,3679.0,0.0,1.308776,1.574293,NLD,MEX,130239
6158381,173,138,5452,1999,6783.0,0.0,-0.367489,0.11813399999999999,PER,MEX,130239
6158382,174,138,5452,1999,1126288.0,58598.0,-0.401903,-0.333408,PHL,MEX,130239
6158383,178,138,5452,1999,14129.0,0.0,0.536814,0.980433,PRK,MEX,130239
6158384,197,138,5452,1999,0.0,309327.0,-0.263572,-0.121576,SLV,MEX,130239
6158385,231,138,5452,1999,5302483.0,304303.0,1.8755119999999998,0.5350729999999999,USA,MEX,130239
6158386,236,138,5452,1999,0.0,3193.0,0.16454100000000002,-0.691021,VEN,MEX,130239
6158387,250,138,5452,1999,46117.0,0.0,1.130511,0.9547379999999999,ANS,MEX,130239
6158388,14,153,5452,1999,10541.0,19927.0,0.357101,0.8857879999999999,AUS,MYS,130239
6158389,34,153,5452,1999,0.0,4983.0,-1.417607,-1.011226,BRN,MYS,130239
6158390,39,153,5452,1999,1069.0,0.0,1.083572,1.08026,CAN,MYS,130239
6158391,41,153,5452,1999,24293.0,0.0,2.189934,0.741428,CHE,MYS,130239
6158392,43,153,5452,1999,12974.0,7679.0,0.386094,3.270089,CHN,MYS,130239
6158393,61,153,5452,1999,1496.0,2937.0,2.334811,-2.060502,DEU,MYS,130239
6158394,64,153,5452,1999,42063.0,0.0,1.264405,1.469627,DNK,MYS,130239
6158395,71,153,5452,1999,2053.0,0.0,1.0849209999999998,1.9351180000000001,ESP,MYS,130239
6158396,77,153,5452,1999,138993.0,5009.0,1.72758,0.6619079999999999,FRA,MYS,130239
6158397,81,153,5452,1999,4313.0,85276.0,1.9523830000000002,0.771455,GBR,MYS,130239
6158398,97,153,5452,1999,130982.0,15111.0,0.387427,2.402434,HKG,MYS,130239
6158399,103,153,5452,1999,30206.0,0.0,-0.20447,1.568505,IDN,MYS,130239
6158400,104,153,5452,1999,6891.0,0.0,0.29945900000000003,2.438702,IND,MYS,130239
6158401,107,153,5452,1999,14707.0,0.0,-0.9366620000000001,-1.147602,IRN,MYS,130239
6158402,111,153,5452,1999,1713.0,0.0,1.395253,1.3589790000000002,ITA,MYS,130239
6158403,114,153,5452,1999,101391.0,0.0,2.541382,0.693702,JPN,MYS,130239
6158404,121,153,5452,1999,215803.0,0.0,0.92448,1.053988,KOR,MYS,130239
6158405,162,153,5452,1999,3691.0,0.0,1.308776,1.574293,NLD,MYS,130239
6158406,166,153,5452,1999,10153.0,1061.0,0.592051,0.780176,NZL,MYS,130239
6158407,168,153,5452,1999,0.0,4304.0,-1.047891,-0.525612,PAK,MYS,130239
6158408,174,153,5452,1999,103237.0,0.0,-0.401903,-0.333408,PHL,MYS,130239
6158409,192,153,5452,1999,204050.0,12561.0,1.355833,0.594305,SGP,MYS,130239
6158410,216,153,5452,1999,17198.0,18985.0,0.20451,1.513533,THA,MYS,130239
6158411,231,153,5452,1999,46324.0,0.0,1.8755119999999998,0.5350729999999999,USA,MYS,130239
6158412,239,153,5452,1999,0.0,16462.0,-0.9824940000000001,0.115755,VNM,MYS,130239
6158413,249,153,5452,1999,21778.0,0.0,1.336816,1.725334,TWN,MYS,130239
6158414,52,160,5452,1999,1607.0,1120.0,-0.310033,-0.299529,CRI,NIC,130239
6158415,93,160,5452,1999,2670.0,0.0,-0.459323,0.210247,GTM,NIC,130239
6158416,138,160,5452,1999,3008.0,0.0,0.581034,0.8399760000000001,MEX,NIC,130239
6158417,231,160,5452,1999,12618.0,0.0,1.8755119999999998,0.5350729999999999,USA,NIC,130239
6158418,6,162,5452,1999,0.0,1496.0,0.266874,-0.5122220000000001,ANT,NLD,130239
6158419,14,162,5452,1999,5215.0,26495.0,0.357101,0.8857879999999999,AUS,NLD,130239
6158420,15,162,5452,1999,0.0,51755.0,1.836804,0.744312,AUT,NLD,130239
6158421,18,162,5452,1999,91418.0,69760.0,1.512061,1.253478,BEL,NLD,130239
6158422,33,162,5452,1999,0.0,9089.0,0.878015,0.413308,BRB,NLD,130239
6158423,41,162,5452,1999,4540.0,61349.0,2.189934,0.741428,CHE,NLD,130239
6158424,42,162,5452,1999,350560.0,3348.0,0.041013,-0.111553,CHL,NLD,130239
6158425,43,162,5452,1999,5626.0,2895.0,0.386094,3.270089,CHN,NLD,130239
6158426,49,162,5452,1999,0.0,42785.0,0.190667,0.136271,COL,NLD,130239
6158427,59,162,5452,1999,0.0,507769.0,1.412439,1.329385,CZE,NLD,130239
6158428,61,162,5452,1999,1168615.0,513863.0,2.334811,-2.060502,DEU,NLD,130239
6158429,64,162,5452,1999,2802096.0,5114.0,1.264405,1.469627,DNK,NLD,130239
6158430,65,162,5452,1999,0.0,2423.0,-0.60436,-0.674701,DOM,NLD,130239
6158431,67,162,5452,1999,0.0,1856.0,-0.8875299999999999,-0.9117879999999999,ECU,NLD,130239
6158432,68,162,5452,1999,0.0,63808.0,-0.311879,0.300746,EGY,NLD,130239
6158433,71,162,5452,1999,554543.0,569031.0,1.0849209999999998,1.9351180000000001,ESP,NLD,130239
6158434,77,162,5452,1999,1107351.0,634595.0,1.72758,0.6619079999999999,FRA,NLD,130239
6158435,81,162,5452,1999,817472.0,358083.0,1.9523830000000002,0.771455,GBR,NLD,130239
6158436,83,162,5452,1999,0.0,14946.0,-0.9444520000000001,-0.905826,GHA,NLD,130239
6158437,90,162,5452,1999,0.0,4091.0,0.24943600000000002,1.172467,GRC,NLD,130239
6158438,97,162,5452,1999,0.0,1432.0,0.387427,2.402434,HKG,NLD,130239
6158439,102,162,5452,1999,0.0,85732.0,0.794675,1.308337,HUN,NLD,130239
6158440,103,162,5452,1999,0.0,3810.0,-0.20447,1.568505,IDN,NLD,130239
6158441,104,162,5452,1999,49707.0,0.0,0.29945900000000003,2.438702,IND,NLD,130239
6158442,106,162,5452,1999,1182105.0,46698.0,1.599613,0.37233299999999997,IRL,NLD,130239
6158443,107,162,5452,1999,0.0,20060.0,-0.9366620000000001,-1.147602,IRN,NLD,130239
6158444,110,162,5452,1999,42851.0,18545.0,1.342593,0.781931,ISR,NLD,130239
6158445,111,162,5452,1999,389613.0,373976.0,1.395253,1.3589790000000002,ITA,NLD,130239
6158446,112,162,5452,1999,0.0,5317.0,-0.852468,-0.9670290000000001,JAM,NLD,130239
6158447,113,162,5452,1999,0.0,30862.0,0.475995,0.514447,JOR,NLD,130239
6158448,114,162,5452,1999,43812.0,56489.0,2.541382,0.693702,JPN,NLD,130239
6158449,115,162,5452,1999,0.0,61798.0,-0.035315,-0.514845,KAZ,NLD,130239
6158450,121,162,5452,1999,0.0,6221.0,0.92448,1.053988,KOR,NLD,130239
6158451,122,162,5452,1999,0.0,5808.0,0.028312999999999998,-1.0742770000000001,KWT,NLD,130239
6158452,132,162,5452,1999,0.0,30589.0,0.20633600000000002,0.324171,LVA,NLD,130239
6158453,135,162,5452,1999,0.0,36808.0,-0.16408,-0.08062000000000001,MDA,NLD,130239
6158454,138,162,5452,1999,0.0,3679.0,0.581034,0.8399760000000001,MEX,NLD,130239
6158455,140,162,5452,1999,0.0,15214.0,0.053132000000000006,0.43408,MKD,NLD,130239
6158456,153,162,5452,1999,0.0,3691.0,0.500591,0.136149,MYS,NLD,130239
6158457,163,162,5452,1999,0.0,68308.0,1.1012959999999998,0.240184,NOR,NLD,130239
6158458,173,162,5452,1999,141120.0,0.0,-0.367489,0.11813399999999999,PER,NLD,130239
6158459,174,162,5452,1999,1199041.0,0.0,-0.401903,-0.333408,PHL,NLD,130239
6158460,177,162,5452,1999,0.0,1201046.0,0.8512700000000001,1.8975229999999998,POL,NLD,130239
6158461,178,162,5452,1999,0.0,5802.0,0.536814,0.980433,PRK,NLD,130239
6158462,179,162,5452,1999,0.0,3791.0,0.420538,1.379359,PRT,NLD,130239
6158463,185,162,5452,1999,0.0,40034.0,0.253874,0.8322709999999999,ROU,NLD,130239
6158464,186,162,5452,1999,0.0,483233.0,0.903308,0.590858,RUS,NLD,130239
6158465,188,162,5452,1999,0.0,20621.0,0.553028,-0.527401,SAU,NLD,130239
6158466,192,162,5452,1999,230928.0,14598.0,1.355833,0.594305,SGP,NLD,130239
6158467,206,162,5452,1999,0.0,7036.0,1.133942,1.105742,SVK,NLD,130239
6158468,208,162,5452,1999,3260.0,3896.0,2.1456720000000002,0.856556,SWE,NLD,130239
6158469,216,162,5452,1999,5102.0,11089.0,0.20451,1.513533,THA,NLD,130239
6158470,223,162,5452,1999,0.0,76882.0,-0.317866,-0.102551,TUN,NLD,130239
6158471,224,162,5452,1999,0.0,24404.0,0.044692,1.745755,TUR,NLD,130239
6158472,228,162,5452,1999,0.0,783435.0,0.6242270000000001,0.742258,UKR,NLD,130239
6158473,231,162,5452,1999,104802.0,74699.0,1.8755119999999998,0.5350729999999999,USA,NLD,130239
6158474,236,162,5452,1999,0.0,32478.0,0.16454100000000002,-0.691021,VEN,NLD,130239
6158475,246,162,5452,1999,0.0,1859.0,0.543171,1.432792,ZAF,NLD,130239
6158476,249,162,5452,1999,0.0,88398.0,1.336816,1.725334,TWN,NLD,130239
6158477,39,163,5452,1999,10422.0,0.0,1.083572,1.08026,CAN,NOR,130239
6158478,61,163,5452,1999,25747.0,0.0,2.334811,-2.060502,DEU,NOR,130239
6158479,64,163,5452,1999,630817.0,0.0,1.264405,1.469627,DNK,NOR,130239
6158480,71,163,5452,1999,19981.0,0.0,1.0849209999999998,1.9351180000000001,ESP,NOR,130239
6158481,74,163,5452,1999,7154.0,0.0,2.095642,0.966282,FIN,NOR,130239
6158482,77,163,5452,1999,90286.0,0.0,1.72758,0.6619079999999999,FRA,NOR,130239
6158483,81,163,5452,1999,29979.0,0.0,1.9523830000000002,0.771455,GBR,NOR,130239
6158484,111,163,5452,1999,863042.0,4640.0,1.395253,1.3589790000000002,ITA,NOR,130239
6158485,114,163,5452,1999,3695.0,43699.0,2.541382,0.693702,JPN,NOR,130239
6158486,162,163,5452,1999,68308.0,0.0,1.308776,1.574293,NLD,NOR,130239
6158487,208,163,5452,1999,10470.0,0.0,2.1456720000000002,0.856556,SWE,NOR,130239
6158488,231,163,5452,1999,56079.0,0.0,1.8755119999999998,0.5350729999999999,USA,NOR,130239
6158489,52,169,5452,1999,0.0,1359.0,-0.310033,-0.299529,CRI,PAN,130239
6158490,54,169,5452,1999,0.0,6898.0,-0.152322,-0.8734270000000001,CUB,PAN,130239
6158491,61,169,5452,1999,3180.0,0.0,2.334811,-2.060502,DEU,PAN,130239
6158492,216,169,5452,1999,1071.0,0.0,0.20451,1.513533,THA,PAN,130239
6158493,231,169,5452,1999,5576.0,0.0,1.8755119999999998,0.5350729999999999,USA,PAN,130239
6158494,8,173,5452,1999,0.0,16775.0,0.49933500000000003,0.593879,ARG,PER,130239
6158495,18,173,5452,1999,0.0,103689.0,1.512061,1.253478,BEL,PER,130239
6158496,32,173,5452,1999,6645.0,1719.0,0.762468,1.191759,BRA,PER,130239
6158497,41,173,5452,1999,0.0,113226.0,2.189934,0.741428,CHE,PER,130239
6158498,42,173,5452,1999,162341.0,0.0,0.041013,-0.111553,CHL,PER,130239
6158499,43,173,5452,1999,1071.0,0.0,0.386094,3.270089,CHN,PER,130239
6158500,61,173,5452,1999,3890.0,0.0,2.334811,-2.060502,DEU,PER,130239
6158501,64,173,5452,1999,34534.0,0.0,1.264405,1.469627,DNK,PER,130239
6158502,71,173,5452,1999,7326.0,88107.0,1.0849209999999998,1.9351180000000001,ESP,PER,130239
6158503,77,173,5452,1999,16469.0,16948.0,1.72758,0.6619079999999999,FRA,PER,130239
6158504,81,173,5452,1999,3290.0,14972.0,1.9523830000000002,0.771455,GBR,PER,130239
6158505,106,173,5452,1999,8921.0,0.0,1.599613,0.37233299999999997,IRL,PER,130239
6158506,111,173,5452,1999,0.0,118152.0,1.395253,1.3589790000000002,ITA,PER,130239
6158507,114,173,5452,1999,0.0,21209.0,2.541382,0.693702,JPN,PER,130239
6158508,121,173,5452,1999,0.0,41161.0,0.92448,1.053988,KOR,PER,130239
6158509,138,173,5452,1999,0.0,6783.0,0.581034,0.8399760000000001,MEX,PER,130239
6158510,162,173,5452,1999,0.0,141120.0,1.308776,1.574293,NLD,PER,130239
6158511,174,173,5452,1999,3769.0,0.0,-0.401903,-0.333408,PHL,PER,130239
6158512,231,173,5452,1999,242766.0,5258.0,1.8755119999999998,0.5350729999999999,USA,PER,130239
6158513,7,174,5452,1999,0.0,14546.0,-0.21921,-0.54813,ARE,PHL,130239
6158514,8,174,5452,1999,0.0,120726.0,0.49933500000000003,0.593879,ARG,PHL,130239
6158515,14,174,5452,1999,47235.0,3553682.0,0.357101,0.8857879999999999,AUS,PHL,130239
6158516,15,174,5452,1999,0.0,445663.0,1.836804,0.744312,AUT,PHL,130239
6158517,18,174,5452,1999,2719.0,1650020.0,1.512061,1.253478,BEL,PHL,130239
6158518,23,174,5452,1999,0.0,836.0,0.311033,1.7375040000000002,BGR,PHL,130239
6158519,32,174,5452,1999,0.0,343294.0,0.762468,1.191759,BRA,PHL,130239
6158520,39,174,5452,1999,0.0,1133784.0,1.083572,1.08026,CAN,PHL,130239
6158521,41,174,5452,1999,157889.0,0.0,2.189934,0.741428,CHE,PHL,130239
6158522,42,174,5452,1999,105827.0,201467.0,0.041013,-0.111553,CHL,PHL,130239
6158523,43,174,5452,1999,0.0,392616.0,0.386094,3.270089,CHN,PHL,130239
6158524,44,174,5452,1999,0.0,4461.0,-0.591892,-0.654457,CIV,PHL,130239
6158525,45,174,5452,1999,0.0,884.0,-1.7392470000000002,-1.241373,CMR,PHL,130239
6158526,49,174,5452,1999,0.0,729942.0,0.190667,0.136271,COL,PHL,130239
6158527,54,174,5452,1999,0.0,30396.0,-0.152322,-0.8734270000000001,CUB,PHL,130239
6158528,59,174,5452,1999,0.0,42996.0,1.412439,1.329385,CZE,PHL,130239
6158529,61,174,5452,1999,37667.0,3218432.0,2.334811,-2.060502,DEU,PHL,130239
6158530,64,174,5452,1999,1311339.0,5347286.0,1.264405,1.469627,DNK,PHL,130239
6158531,66,174,5452,1999,0.0,4924.0,-0.701764,-1.175132,DZA,PHL,130239
6158532,68,174,5452,1999,0.0,26492.0,-0.311879,0.300746,EGY,PHL,130239
6158533,71,174,5452,1999,52511.0,136435.0,1.0849209999999998,1.9351180000000001,ESP,PHL,130239
6158534,77,174,5452,1999,223399.0,8095526.0,1.72758,0.6619079999999999,FRA,PHL,130239
6158535,81,174,5452,1999,11982.0,12622064.0,1.9523830000000002,0.771455,GBR,PHL,130239
6158536,97,174,5452,1999,54250.0,242548.0,0.387427,2.402434,HKG,PHL,130239
6158537,102,174,5452,1999,0.0,58071.0,0.794675,1.308337,HUN,PHL,130239
6158538,103,174,5452,1999,0.0,52758.0,-0.20447,1.568505,IDN,PHL,130239
6158539,104,174,5452,1999,430533.0,30976.0,0.29945900000000003,2.438702,IND,PHL,130239
6158540,106,174,5452,1999,36520.0,16858.0,1.599613,0.37233299999999997,IRL,PHL,130239
6158541,107,174,5452,1999,0.0,13833.0,-0.9366620000000001,-1.147602,IRN,PHL,130239
6158542,110,174,5452,1999,10129.0,117552.0,1.342593,0.781931,ISR,PHL,130239
6158543,111,174,5452,1999,0.0,1753189.0,1.395253,1.3589790000000002,ITA,PHL,130239
6158544,114,174,5452,1999,0.0,858037.0,2.541382,0.693702,JPN,PHL,130239
6158545,121,174,5452,1999,45524.0,193750.0,0.92448,1.053988,KOR,PHL,130239
6158546,128,174,5452,1999,0.0,2818.0,-0.8875649999999999,-0.059249,LKA,PHL,130239
6158547,138,174,5452,1999,58598.0,1126288.0,0.581034,0.8399760000000001,MEX,PHL,130239
6158548,153,174,5452,1999,0.0,103237.0,0.500591,0.136149,MYS,PHL,130239
6158549,162,174,5452,1999,0.0,1199041.0,1.308776,1.574293,NLD,PHL,130239
6158550,166,174,5452,1999,0.0,417631.0,0.592051,0.780176,NZL,PHL,130239
6158551,168,174,5452,1999,0.0,21445.0,-1.047891,-0.525612,PAK,PHL,130239
6158552,173,174,5452,1999,0.0,3769.0,-0.367489,0.11813399999999999,PER,PHL,130239
6158553,177,174,5452,1999,0.0,371571.0,0.8512700000000001,1.8975229999999998,POL,PHL,130239
6158554,185,174,5452,1999,0.0,33926.0,0.253874,0.8322709999999999,ROU,PHL,130239
6158555,186,174,5452,1999,0.0,19980.0,0.903308,0.590858,RUS,PHL,130239
6158556,188,174,5452,1999,0.0,24440.0,0.553028,-0.527401,SAU,PHL,130239
6158557,189,174,5452,1999,0.0,40860.0,0.607596,2.222456,SCG,PHL,130239
6158558,191,174,5452,1999,0.0,113722.0,-0.472473,-0.462562,SEN,PHL,130239
6158559,192,174,5452,1999,25575.0,25770.0,1.355833,0.594305,SGP,PHL,130239
6158560,216,174,5452,1999,1824.0,1500684.0,0.20451,1.513533,THA,PHL,130239
6158561,223,174,5452,1999,0.0,30932.0,-0.317866,-0.102551,TUN,PHL,130239
6158562,224,174,5452,1999,0.0,21959.0,0.044692,1.745755,TUR,PHL,130239
6158563,230,174,5452,1999,0.0,101253.0,0.26815700000000003,0.307394,URY,PHL,130239
6158564,231,174,5452,1999,985490.0,10941881.0,1.8755119999999998,0.5350729999999999,USA,PHL,130239
6158565,236,174,5452,1999,0.0,202802.0,0.16454100000000002,-0.691021,VEN,PHL,130239
6158566,246,174,5452,1999,0.0,38228.0,0.543171,1.432792,ZAF,PHL,130239
6158567,249,174,5452,1999,6281.0,589171.0,1.336816,1.725334,TWN,PHL,130239
6158568,250,174,5452,1999,0.0,3536.0,1.130511,0.9547379999999999,ANS,PHL,130239
6158569,2,179,5452,1999,0.0,1227.0,-1.383262,-1.20434,AGO,PRT,130239
6158570,61,179,5452,1999,4312.0,0.0,2.334811,-2.060502,DEU,PRT,130239
6158571,64,179,5452,1999,717902.0,0.0,1.264405,1.469627,DNK,PRT,130239
6158572,66,179,5452,1999,0.0,6243.0,-0.701764,-1.175132,DZA,PRT,130239
6158573,71,179,5452,1999,298486.0,7195.0,1.0849209999999998,1.9351180000000001,ESP,PRT,130239
6158574,77,179,5452,1999,123921.0,29234.0,1.72758,0.6619079999999999,FRA,PRT,130239
6158575,81,179,5452,1999,1193.0,230202.0,1.9523830000000002,0.771455,GBR,PRT,130239
6158576,111,179,5452,1999,2081.0,3314.0,1.395253,1.3589790000000002,ITA,PRT,130239
6158577,162,179,5452,1999,3791.0,0.0,1.308776,1.574293,NLD,PRT,130239
6158578,223,179,5452,1999,0.0,7676.0,-0.317866,-0.102551,TUN,PRT,130239
6158579,188,190,5452,1999,1610.0,0.0,0.553028,-0.527401,SAU,SDN,130239
6158580,8,192,5452,1999,0.0,1914.0,0.49933500000000003,0.593879,ARG,SGP,130239
6158581,14,192,5452,1999,33246.0,0.0,0.357101,0.8857879999999999,AUS,SGP,130239
6158582,34,192,5452,1999,0.0,173772.0,-1.417607,-1.011226,BRN,SGP,130239
6158583,41,192,5452,1999,17662.0,0.0,2.189934,0.741428,CHE,SGP,130239
6158584,43,192,5452,1999,68274.0,3865.0,0.386094,3.270089,CHN,SGP,130239
6158585,61,192,5452,1999,9229.0,0.0,2.334811,-2.060502,DEU,SGP,130239
6158586,64,192,5452,1999,65281.0,193737.0,1.264405,1.469627,DNK,SGP,130239
6158587,71,192,5452,1999,2323.0,0.0,1.0849209999999998,1.9351180000000001,ESP,SGP,130239
6158588,77,192,5452,1999,728384.0,0.0,1.72758,0.6619079999999999,FRA,SGP,130239
6158589,81,192,5452,1999,7367.0,2619.0,1.9523830000000002,0.771455,GBR,SGP,130239
6158590,96,192,5452,1999,0.0,21085.0,-0.97619,-0.8785709999999999,GUY,SGP,130239
6158591,97,192,5452,1999,0.0,2096.0,0.387427,2.402434,HKG,SGP,130239
6158592,103,192,5452,1999,75350.0,1531.0,-0.20447,1.568505,IDN,SGP,130239
6158593,111,192,5452,1999,32287.0,0.0,1.395253,1.3589790000000002,ITA,SGP,130239
6158594,114,192,5452,1999,54430.0,3731.0,2.541382,0.693702,JPN,SGP,130239
6158595,121,192,5452,1999,4134.0,2071.0,0.92448,1.053988,KOR,SGP,130239
6158596,128,192,5452,1999,0.0,4930.0,-0.8875649999999999,-0.059249,LKA,SGP,130239
6158597,137,192,5452,1999,0.0,32424.0,-0.83783,-0.941734,MDV,SGP,130239
6158598,151,192,5452,1999,0.0,939.0,-0.5713729999999999,-0.696416,MUS,SGP,130239
6158599,153,192,5452,1999,12561.0,204050.0,0.500591,0.136149,MYS,SGP,130239
6158600,156,192,5452,1999,0.0,873.0,-0.079579,-0.777079,NCL,SGP,130239
6158601,162,192,5452,1999,14598.0,230928.0,1.308776,1.574293,NLD,SGP,130239
6158602,166,192,5452,1999,0.0,2617.0,0.592051,0.780176,NZL,SGP,130239
6158603,167,192,5452,1999,0.0,32069.0,-0.6801510000000001,-1.146403,OMN,SGP,130239
6158604,174,192,5452,1999,25770.0,25575.0,-0.401903,-0.333408,PHL,SGP,130239
6158605,208,192,5452,1999,28263.0,0.0,2.1456720000000002,0.856556,SWE,SGP,130239
6158606,211,192,5452,1999,0.0,6273.0,0.11940999999999999,-0.7071270000000001,SYC,SGP,130239
6158607,216,192,5452,1999,0.0,83607.0,0.20451,1.513533,THA,SGP,130239
6158608,224,192,5452,1999,0.0,3890.0,0.044692,1.745755,TUR,SGP,130239
6158609,231,192,5452,1999,40938.0,0.0,1.8755119999999998,0.5350729999999999,USA,SGP,130239
6158610,236,192,5452,1999,0.0,27714.0,0.16454100000000002,-0.691021,VEN,SGP,130239
6158611,239,192,5452,1999,0.0,14245.0,-0.9824940000000001,0.115755,VNM,SGP,130239
6158612,246,192,5452,1999,0.0,4570.0,0.543171,1.432792,ZAF,SGP,130239
6158613,249,192,5452,1999,0.0,8518.0,1.336816,1.725334,TWN,SGP,130239
6158614,42,197,5452,1999,979.0,0.0,0.041013,-0.111553,CHL,SLV,130239
6158615,61,197,5452,1999,1610.0,0.0,2.334811,-2.060502,DEU,SLV,130239
6158616,93,197,5452,1999,1583.0,3582.0,-0.459323,0.210247,GTM,SLV,130239
6158617,99,197,5452,1999,45973.0,0.0,-0.8858290000000001,-0.530034,HND,SLV,130239
6158618,138,197,5452,1999,309327.0,0.0,0.581034,0.8399760000000001,MEX,SLV,130239
6158619,231,197,5452,1999,7129.0,0.0,1.8755119999999998,0.5350729999999999,USA,SLV,130239
6158620,216,205,5452,1999,834.0,0.0,0.20451,1.513533,THA,SUR,130239
6158621,14,208,5452,1999,0.0,1405.0,0.357101,0.8857879999999999,AUS,SWE,130239
6158622,15,208,5452,1999,24555.0,2230.0,1.836804,0.744312,AUT,SWE,130239
6158623,18,208,5452,1999,0.0,4554.0,1.512061,1.253478,BEL,SWE,130239
6158624,23,208,5452,1999,0.0,34633.0,0.311033,1.7375040000000002,BGR,SWE,130239
6158625,39,208,5452,1999,0.0,20875.0,1.083572,1.08026,CAN,SWE,130239
6158626,41,208,5452,1999,3712.0,11792.0,2.189934,0.741428,CHE,SWE,130239
6158627,43,208,5452,1999,11326.0,4861.0,0.386094,3.270089,CHN,SWE,130239
6158628,61,208,5452,1999,71477.0,48500.0,2.334811,-2.060502,DEU,SWE,130239
6158629,64,208,5452,1999,436063.0,140809.0,1.264405,1.469627,DNK,SWE,130239
6158630,71,208,5452,1999,1297.0,10510.0,1.0849209999999998,1.9351180000000001,ESP,SWE,130239
6158631,74,208,5452,1999,0.0,3572.0,2.095642,0.966282,FIN,SWE,130239
6158632,77,208,5452,1999,164161.0,29789.0,1.72758,0.6619079999999999,FRA,SWE,130239
6158633,81,208,5452,1999,98064.0,75420.0,1.9523830000000002,0.771455,GBR,SWE,130239
6158634,90,208,5452,1999,0.0,1067.0,0.24943600000000002,1.172467,GRC,SWE,130239
6158635,97,208,5452,1999,2045.0,22666.0,0.387427,2.402434,HKG,SWE,130239
6158636,106,208,5452,1999,11586.0,0.0,1.599613,0.37233299999999997,IRL,SWE,130239
6158637,110,208,5452,1999,0.0,1665.0,1.342593,0.781931,ISR,SWE,130239
6158638,111,208,5452,1999,60412.0,5949.0,1.395253,1.3589790000000002,ITA,SWE,130239
6158639,114,208,5452,1999,9334.0,155283.0,2.541382,0.693702,JPN,SWE,130239
6158640,121,208,5452,1999,0.0,9567.0,0.92448,1.053988,KOR,SWE,130239
6158641,162,208,5452,1999,3896.0,3260.0,1.308776,1.574293,NLD,SWE,130239
6158642,163,208,5452,1999,0.0,10470.0,1.1012959999999998,0.240184,NOR,SWE,130239
6158643,166,208,5452,1999,0.0,186001.0,0.592051,0.780176,NZL,SWE,130239
6158644,185,208,5452,1999,0.0,30632.0,0.253874,0.8322709999999999,ROU,SWE,130239
6158645,192,208,5452,1999,0.0,28263.0,1.355833,0.594305,SGP,SWE,130239
6158646,216,208,5452,1999,0.0,8405.0,0.20451,1.513533,THA,SWE,130239
6158647,224,208,5452,1999,0.0,29742.0,0.044692,1.745755,TUR,SWE,130239
6158648,231,208,5452,1999,42686.0,353778.0,1.8755119999999998,0.5350729999999999,USA,SWE,130239
6158649,246,208,5452,1999,0.0,2358.0,0.543171,1.432792,ZAF,SWE,130239
6158650,249,208,5452,1999,1493.0,0.0,1.336816,1.725334,TWN,SWE,130239
6158651,250,208,5452,1999,0.0,2826.0,1.130511,0.9547379999999999,ANS,SWE,130239
6158652,14,216,5452,1999,338686.0,89460.0,0.357101,0.8857879999999999,AUS,THA,130239
6158653,15,216,5452,1999,2300.0,0.0,1.836804,0.744312,AUT,THA,130239
6158654,18,216,5452,1999,0.0,52276.0,1.512061,1.253478,BEL,THA,130239
6158655,28,216,5452,1999,0.0,1331.0,0.7516579999999999,1.169072,BLR,THA,130239
6158656,32,216,5452,1999,0.0,10709.0,0.762468,1.191759,BRA,THA,130239
6158657,39,216,5452,1999,0.0,3757.0,1.083572,1.08026,CAN,THA,130239
6158658,41,216,5452,1999,4995.0,11682.0,2.189934,0.741428,CHE,THA,130239
6158659,43,216,5452,1999,20260.0,0.0,0.386094,3.270089,CHN,THA,130239
6158660,61,216,5452,1999,133197.0,0.0,2.334811,-2.060502,DEU,THA,130239
6158661,64,216,5452,1999,628229.0,0.0,1.264405,1.469627,DNK,THA,130239
6158662,71,216,5452,1999,17612.0,0.0,1.0849209999999998,1.9351180000000001,ESP,THA,130239
6158663,77,216,5452,1999,328250.0,29443.0,1.72758,0.6619079999999999,FRA,THA,130239
6158664,81,216,5452,1999,1245705.0,1048.0,1.9523830000000002,0.771455,GBR,THA,130239
6158665,87,216,5452,1999,0.0,941.0,-0.768406,-0.764934,GMB,THA,130239
6158666,97,216,5452,1999,1250.0,2835.0,0.387427,2.402434,HKG,THA,130239
6158667,103,216,5452,1999,54376.0,0.0,-0.20447,1.568505,IDN,THA,130239
6158668,104,216,5452,1999,15591.0,2159.0,0.29945900000000003,2.438702,IND,THA,130239
6158669,106,216,5452,1999,10233.0,0.0,1.599613,0.37233299999999997,IRL,THA,130239
6158670,110,216,5452,1999,0.0,14419.0,1.342593,0.781931,ISR,THA,130239
6158671,114,216,5452,1999,32064.0,95614.0,2.541382,0.693702,JPN,THA,130239
6158672,118,216,5452,1999,0.0,5656.0,-1.5727360000000001,-1.2731629999999998,KHM,THA,130239
6158673,121,216,5452,1999,109776.0,8439.0,0.92448,1.053988,KOR,THA,130239
6158674,123,216,5452,1999,0.0,4573.0,-1.429411,-1.243248,LAO,THA,130239
6158675,134,216,5452,1999,31532.0,0.0,-0.659053,-0.142104,MAR,THA,130239
6158676,143,216,5452,1999,0.0,59091.0,-1.4991299999999999,-0.984557,MMR,THA,130239
6158677,153,216,5452,1999,18985.0,17198.0,0.500591,0.136149,MYS,THA,130239
6158678,162,216,5452,1999,11089.0,5102.0,1.308776,1.574293,NLD,THA,130239
6158679,164,216,5452,1999,0.0,1374.0,-0.421433,0.24781799999999998,NPL,THA,130239
6158680,169,216,5452,1999,0.0,1071.0,0.126144,0.491986,PAN,THA,130239
6158681,174,216,5452,1999,1500684.0,1824.0,-0.401903,-0.333408,PHL,THA,130239
6158682,192,216,5452,1999,83607.0,0.0,1.355833,0.594305,SGP,THA,130239
6158683,205,216,5452,1999,0.0,834.0,-0.799447,-0.85055,SUR,THA,130239
6158684,208,216,5452,1999,8405.0,0.0,2.1456720000000002,0.856556,SWE,THA,130239
6158685,231,216,5452,1999,1690944.0,61976.0,1.8755119999999998,0.5350729999999999,USA,THA,130239
6158686,239,216,5452,1999,0.0,12471.0,-0.9824940000000001,0.115755,VNM,THA,130239
6158687,246,216,5452,1999,24118.0,0.0,0.543171,1.432792,ZAF,THA,130239
6158688,249,216,5452,1999,3979.0,29439.0,1.336816,1.725334,TWN,THA,130239
6158689,81,222,5452,1999,3374.0,0.0,1.9523830000000002,0.771455,GBR,TTO,130239
6158690,106,222,5452,1999,3284.0,0.0,1.599613,0.37233299999999997,IRL,TTO,130239
6158691,231,222,5452,1999,7627.0,0.0,1.8755119999999998,0.5350729999999999,USA,TTO,130239
6158692,4,224,5452,1999,0.0,4380.0,-0.281783,-0.10076399999999999,ALB,TUR,130239
6158693,15,224,5452,1999,18820.0,0.0,1.836804,0.744312,AUT,TUR,130239
6158694,18,224,5452,1999,10066.0,0.0,1.512061,1.253478,BEL,TUR,130239
6158695,23,224,5452,1999,0.0,1304.0,0.311033,1.7375040000000002,BGR,TUR,130239
6158696,41,224,5452,1999,142273.0,0.0,2.189934,0.741428,CHE,TUR,130239
6158697,58,224,5452,1999,0.0,1432.0,0.508464,0.324706,CYP,TUR,130239
6158698,61,224,5452,1999,165118.0,0.0,2.334811,-2.060502,DEU,TUR,130239
6158699,64,224,5452,1999,259832.0,0.0,1.264405,1.469627,DNK,TUR,130239
6158700,71,224,5452,1999,49997.0,0.0,1.0849209999999998,1.9351180000000001,ESP,TUR,130239
6158701,77,224,5452,1999,265232.0,0.0,1.72758,0.6619079999999999,FRA,TUR,130239
6158702,81,224,5452,1999,8351.0,18082.0,1.9523830000000002,0.771455,GBR,TUR,130239
6158703,102,224,5452,1999,20983.0,0.0,0.794675,1.308337,HUN,TUR,130239
6158704,104,224,5452,1999,1820.0,0.0,0.29945900000000003,2.438702,IND,TUR,130239
6158705,107,224,5452,1999,0.0,11029.0,-0.9366620000000001,-1.147602,IRN,TUR,130239
6158706,110,224,5452,1999,0.0,856.0,1.342593,0.781931,ISR,TUR,130239
6158707,111,224,5452,1999,49100.0,0.0,1.395253,1.3589790000000002,ITA,TUR,130239
6158708,114,224,5452,1999,12815.0,0.0,2.541382,0.693702,JPN,TUR,130239
6158709,162,224,5452,1999,24404.0,0.0,1.308776,1.574293,NLD,TUR,130239
6158710,168,224,5452,1999,123749.0,0.0,-1.047891,-0.525612,PAK,TUR,130239
6158711,174,224,5452,1999,21959.0,0.0,-0.401903,-0.333408,PHL,TUR,130239
6158712,192,224,5452,1999,3890.0,0.0,1.355833,0.594305,SGP,TUR,130239
6158713,208,224,5452,1999,29742.0,0.0,2.1456720000000002,0.856556,SWE,TUR,130239
6158714,231,224,5452,1999,33195.0,0.0,1.8755119999999998,0.5350729999999999,USA,TUR,130239
6158715,249,224,5452,1999,3435.0,0.0,1.336816,1.725334,TWN,TUR,130239
6158716,8,230,5452,1999,32323.0,0.0,0.49933500000000003,0.593879,ARG,URY,130239
6158717,15,230,5452,1999,1482.0,0.0,1.836804,0.744312,AUT,URY,130239
6158718,18,230,5452,1999,2980.0,0.0,1.512061,1.253478,BEL,URY,130239
6158719,32,230,5452,1999,78504.0,0.0,0.762468,1.191759,BRA,URY,130239
6158720,42,230,5452,1999,38610.0,0.0,0.041013,-0.111553,CHL,URY,130239
6158721,43,230,5452,1999,13229.0,0.0,0.386094,3.270089,CHN,URY,130239
6158722,61,230,5452,1999,43490.0,0.0,2.334811,-2.060502,DEU,URY,130239
6158723,64,230,5452,1999,64577.0,0.0,1.264405,1.469627,DNK,URY,130239
6158724,71,230,5452,1999,15548.0,7966.0,1.0849209999999998,1.9351180000000001,ESP,URY,130239
6158725,174,230,5452,1999,101253.0,0.0,-0.401903,-0.333408,PHL,URY,130239
6158726,231,230,5452,1999,37744.0,0.0,1.8755119999999998,0.5350729999999999,USA,URY,130239
6158727,8,231,5452,1999,23936.0,599498.0,0.49933500000000003,0.593879,ARG,USA,130239
6158728,14,231,5452,1999,15855.0,387656.0,0.357101,0.8857879999999999,AUS,USA,130239
6158729,15,231,5452,1999,0.0,17905.0,1.836804,0.744312,AUT,USA,130239
6158730,18,231,5452,1999,13852.0,41287.0,1.512061,1.253478,BEL,USA,130239
6158731,22,231,5452,1999,0.0,5437.0,-1.258857,-1.140375,BGD,USA,130239
6158732,25,231,5452,1999,0.0,42276.0,0.91869,-0.152588,BHS,USA,130239
6158733,29,231,5452,1999,0.0,1611.0,-0.5603319999999999,-0.838239,BLZ,USA,130239
6158734,31,231,5452,1999,0.0,11818.0,-0.398285,-0.6362,BOL,USA,130239
6158735,32,231,5452,1999,0.0,2736356.0,0.762468,1.191759,BRA,USA,130239
6158736,33,231,5452,1999,0.0,3272.0,0.878015,0.413308,BRB,USA,130239
6158737,39,231,5452,1999,479074.0,3881792.0,1.083572,1.08026,CAN,USA,130239
6158738,41,231,5452,1999,235005.0,26029.0,2.189934,0.741428,CHE,USA,130239
6158739,42,231,5452,1999,5933778.0,48065.0,0.041013,-0.111553,CHL,USA,130239
6158740,43,231,5452,1999,83440.0,5732106.0,0.386094,3.270089,CHN,USA,130239
6158741,49,231,5452,1999,0.0,650592.0,0.190667,0.136271,COL,USA,130239
6158742,52,231,5452,1999,1083257.0,422907.0,-0.310033,-0.299529,CRI,USA,130239
6158743,58,231,5452,1999,0.0,3514.0,0.508464,0.324706,CYP,USA,130239
6158744,61,231,5452,1999,87383.0,186122.0,2.334811,-2.060502,DEU,USA,130239
6158745,63,231,5452,1999,0.0,106113.0,0.808025,0.321415,DMA,USA,130239
6158746,64,231,5452,1999,8790868.0,3268642.0,1.264405,1.469627,DNK,USA,130239
6158747,65,231,5452,1999,10127.0,261711.0,-0.60436,-0.674701,DOM,USA,130239
6158748,67,231,5452,1999,0.0,336397.0,-0.8875299999999999,-0.9117879999999999,ECU,USA,130239
6158749,68,231,5452,1999,0.0,12662.0,-0.311879,0.300746,EGY,USA,130239
6158750,71,231,5452,1999,1097959.0,49275.0,1.0849209999999998,1.9351180000000001,ESP,USA,130239
6158751,74,231,5452,1999,0.0,89936.0,2.095642,0.966282,FIN,USA,130239
6158752,77,231,5452,1999,5548490.0,386936.0,1.72758,0.6619079999999999,FRA,USA,130239
6158753,81,231,5452,1999,1972566.0,407752.0,1.9523830000000002,0.771455,GBR,USA,130239
6158754,90,231,5452,1999,0.0,6375.0,0.24943600000000002,1.172467,GRC,USA,130239
6158755,93,231,5452,1999,0.0,80556.0,-0.459323,0.210247,GTM,USA,130239
6158756,96,231,5452,1999,0.0,14044.0,-0.97619,-0.8785709999999999,GUY,USA,130239
6158757,97,231,5452,1999,0.0,1031502.0,0.387427,2.402434,HKG,USA,130239
6158758,99,231,5452,1999,0.0,9083.0,-0.8858290000000001,-0.530034,HND,USA,130239
6158759,102,231,5452,1999,0.0,127594.0,0.794675,1.308337,HUN,USA,130239
6158760,103,231,5452,1999,238054.0,95635.0,-0.20447,1.568505,IDN,USA,130239
6158761,104,231,5452,1999,39289.0,2488291.0,0.29945900000000003,2.438702,IND,USA,130239
6158762,106,231,5452,1999,338235.0,6966.0,1.599613,0.37233299999999997,IRL,USA,130239
6158763,109,231,5452,1999,0.0,4387.0,0.377701,-0.355798,ISL,USA,130239
6158764,110,231,5452,1999,0.0,8904.0,1.342593,0.781931,ISR,USA,130239
6158765,111,231,5452,1999,358930.0,74334.0,1.395253,1.3589790000000002,ITA,USA,130239
6158766,112,231,5452,1999,0.0,49140.0,-0.852468,-0.9670290000000001,JAM,USA,130239
6158767,113,231,5452,1999,0.0,929.0,0.475995,0.514447,JOR,USA,130239
6158768,114,231,5452,1999,567892.0,8375442.0,2.541382,0.693702,JPN,USA,130239
6158769,121,231,5452,1999,760287.0,2421328.0,0.92448,1.053988,KOR,USA,130239
6158770,125,231,5452,1999,0.0,3957.0,0.08996799999999999,-1.014859,LBR,USA,130239
6158771,128,231,5452,1999,137799.0,11222.0,-0.8875649999999999,-0.059249,LKA,USA,130239
6158772,134,231,5452,1999,52813.0,5974.0,-0.659053,-0.142104,MAR,USA,130239
6158773,138,231,5452,1999,304303.0,5302483.0,0.581034,0.8399760000000001,MEX,USA,130239
6158774,153,231,5452,1999,0.0,46324.0,0.500591,0.136149,MYS,USA,130239
6158775,160,231,5452,1999,0.0,12618.0,-0.677654,-0.72253,NIC,USA,130239
6158776,162,231,5452,1999,74699.0,104802.0,1.308776,1.574293,NLD,USA,130239
6158777,163,231,5452,1999,0.0,56079.0,1.1012959999999998,0.240184,NOR,USA,130239
6158778,164,231,5452,1999,0.0,503321.0,-0.421433,0.24781799999999998,NPL,USA,130239
6158779,166,231,5452,1999,28472.0,69884.0,0.592051,0.780176,NZL,USA,130239
6158780,168,231,5452,1999,2783.0,3041.0,-1.047891,-0.525612,PAK,USA,130239
6158781,169,231,5452,1999,0.0,5576.0,0.126144,0.491986,PAN,USA,130239
6158782,173,231,5452,1999,5258.0,242766.0,-0.367489,0.11813399999999999,PER,USA,130239
6158783,174,231,5452,1999,10941881.0,985490.0,-0.401903,-0.333408,PHL,USA,130239
6158784,185,231,5452,1999,0.0,17010.0,0.253874,0.8322709999999999,ROU,USA,130239
6158785,186,231,5452,1999,0.0,618553.0,0.903308,0.590858,RUS,USA,130239
6158786,188,231,5452,1999,0.0,27745.0,0.553028,-0.527401,SAU,USA,130239
6158787,192,231,5452,1999,0.0,40938.0,1.355833,0.594305,SGP,USA,130239
6158788,197,231,5452,1999,0.0,7129.0,-0.263572,-0.121576,SLV,USA,130239
6158789,207,231,5452,1999,0.0,4075.0,1.447589,1.284414,SVN,USA,130239
6158790,208,231,5452,1999,353778.0,42686.0,2.1456720000000002,0.856556,SWE,USA,130239
6158791,216,231,5452,1999,61976.0,1690944.0,0.20451,1.513533,THA,USA,130239
6158792,222,231,5452,1999,0.0,7627.0,0.258046,-0.562956,TTO,USA,130239
6158793,224,231,5452,1999,0.0,33195.0,0.044692,1.745755,TUR,USA,130239
6158794,228,231,5452,1999,0.0,6267.0,0.6242270000000001,0.742258,UKR,USA,130239
6158795,230,231,5452,1999,0.0,37744.0,0.26815700000000003,0.307394,URY,USA,130239
6158796,236,231,5452,1999,0.0,1418057.0,0.16454100000000002,-0.691021,VEN,USA,130239
6158797,239,231,5452,1999,0.0,19577.0,-0.9824940000000001,0.115755,VNM,USA,130239
6158798,246,231,5452,1999,0.0,16559.0,0.543171,1.432792,ZAF,USA,130239
6158799,249,231,5452,1999,4928.0,439178.0,1.336816,1.725334,TWN,USA,130239
6158800,15,236,5452,1999,9440.0,0.0,1.836804,0.744312,AUT,VEN,130239
6158801,18,236,5452,1999,4123.0,0.0,1.512061,1.253478,BEL,VEN,130239
6158802,32,236,5452,1999,561915.0,0.0,0.762468,1.191759,BRA,VEN,130239
6158803,41,236,5452,1999,2002.0,0.0,2.189934,0.741428,CHE,VEN,130239
6158804,42,236,5452,1999,108411.0,0.0,0.041013,-0.111553,CHL,VEN,130239
6158805,49,236,5452,1999,0.0,89222.0,0.190667,0.136271,COL,VEN,130239
6158806,61,236,5452,1999,17085.0,0.0,2.334811,-2.060502,DEU,VEN,130239
6158807,64,236,5452,1999,155259.0,0.0,1.264405,1.469627,DNK,VEN,130239
6158808,67,236,5452,1999,0.0,4266.0,-0.8875299999999999,-0.9117879999999999,ECU,VEN,130239
6158809,71,236,5452,1999,83935.0,0.0,1.0849209999999998,1.9351180000000001,ESP,VEN,130239
6158810,74,236,5452,1999,67355.0,0.0,2.095642,0.966282,FIN,VEN,130239
6158811,77,236,5452,1999,6640.0,0.0,1.72758,0.6619079999999999,FRA,VEN,130239
6158812,97,236,5452,1999,14292.0,0.0,0.387427,2.402434,HKG,VEN,130239
6158813,104,236,5452,1999,20519.0,0.0,0.29945900000000003,2.438702,IND,VEN,130239
6158814,114,236,5452,1999,12244.0,0.0,2.541382,0.693702,JPN,VEN,130239
6158815,121,236,5452,1999,458799.0,0.0,0.92448,1.053988,KOR,VEN,130239
6158816,138,236,5452,1999,3193.0,0.0,0.581034,0.8399760000000001,MEX,VEN,130239
6158817,162,236,5452,1999,32478.0,0.0,1.308776,1.574293,NLD,VEN,130239
6158818,174,236,5452,1999,202802.0,0.0,-0.401903,-0.333408,PHL,VEN,130239
6158819,192,236,5452,1999,27714.0,0.0,1.355833,0.594305,SGP,VEN,130239
6158820,231,236,5452,1999,1418057.0,0.0,1.8755119999999998,0.5350729999999999,USA,VEN,130239
6158821,39,14,5452,1999,4086.0,0.0,1.083572,1.08026,CAN,AUS,130239
6158822,41,14,5452,1999,5739.0,4384.0,2.189934,0.741428,CHE,AUS,130239
6158823,42,14,5452,1999,669240.0,0.0,0.041013,-0.111553,CHL,AUS,130239
6158824,43,14,5452,1999,446890.0,7161.0,0.386094,3.270089,CHN,AUS,130239
6158825,61,14,5452,1999,169642.0,42135.0,2.334811,-2.060502,DEU,AUS,130239
6158826,64,14,5452,1999,454487.0,0.0,1.264405,1.469627,DNK,AUS,130239
6158827,71,14,5452,1999,4639.0,0.0,1.0849209999999998,1.9351180000000001,ESP,AUS,130239
6158828,75,14,5452,1999,0.0,8941.0,-1.101748,-0.847409,FJI,AUS,130239
6158829,77,14,5452,1999,78905.0,5223.0,1.72758,0.6619079999999999,FRA,AUS,130239
6158830,81,14,5452,1999,103150.0,0.0,1.9523830000000002,0.771455,GBR,AUS,130239
6158831,97,14,5452,1999,1555.0,3145.0,0.387427,2.402434,HKG,AUS,130239
6158832,102,14,5452,1999,1747.0,0.0,0.794675,1.308337,HUN,AUS,130239
6158833,103,14,5452,1999,421508.0,2568.0,-0.20447,1.568505,IDN,AUS,130239
6158834,104,14,5452,1999,1524.0,0.0,0.29945900000000003,2.438702,IND,AUS,130239
6158835,106,14,5452,1999,81614.0,0.0,1.599613,0.37233299999999997,IRL,AUS,130239
6158836,111,14,5452,1999,111105.0,0.0,1.395253,1.3589790000000002,ITA,AUS,130239
6158837,114,14,5452,1999,266809.0,0.0,2.541382,0.693702,JPN,AUS,130239
6158838,128,14,5452,1999,0.0,1446.0,-0.8875649999999999,-0.059249,LKA,AUS,130239
6158839,137,14,5452,1999,0.0,2874.0,-0.83783,-0.941734,MDV,AUS,130239
6158840,153,14,5452,1999,19927.0,10541.0,0.500591,0.136149,MYS,AUS,130239
6158841,162,14,5452,1999,26495.0,5215.0,1.308776,1.574293,NLD,AUS,130239
6158842,166,14,5452,1999,4984.0,232162.0,0.592051,0.780176,NZL,AUS,130239
6158843,174,14,5452,1999,3553682.0,47235.0,-0.401903,-0.333408,PHL,AUS,130239
6158844,188,14,5452,1999,0.0,113956.0,0.553028,-0.527401,SAU,AUS,130239
6158845,192,14,5452,1999,0.0,33246.0,1.355833,0.594305,SGP,AUS,130239
6158846,208,14,5452,1999,1405.0,0.0,2.1456720000000002,0.856556,SWE,AUS,130239
6158847,216,14,5452,1999,89460.0,338686.0,0.20451,1.513533,THA,AUS,130239
6158848,231,14,5452,1999,387656.0,15855.0,1.8755119999999998,0.5350729999999999,USA,AUS,130239
6158849,249,14,5452,1999,3234.0,0.0,1.336816,1.725334,TWN,AUS,130239
6158850,71,28,5452,1999,993.0,0.0,1.0849209999999998,1.9351180000000001,ESP,BLR,130239
6158851,77,28,5452,1999,30987.0,0.0,1.72758,0.6619079999999999,FRA,BLR,130239
6158852,111,28,5452,1999,16236.0,0.0,1.395253,1.3589790000000002,ITA,BLR,130239
6158853,186,28,5452,1999,5262.0,0.0,0.903308,0.590858,RUS,BLR,130239
6158854,216,28,5452,1999,1331.0,0.0,0.20451,1.513533,THA,BLR,130239
6158855,8,32,5452,1999,35974.0,70903.0,0.49933500000000003,0.593879,ARG,BRA,130239
6158856,15,32,5452,1999,0.0,2418.0,1.836804,0.744312,AUT,BRA,130239
6158857,39,32,5452,1999,0.0,461666.0,1.083572,1.08026,CAN,BRA,130239
6158858,41,32,5452,1999,14200.0,0.0,2.189934,0.741428,CHE,BRA,130239
6158859,42,32,5452,1999,2006917.0,6318.0,0.041013,-0.111553,CHL,BRA,130239
6158860,43,32,5452,1999,18094.0,0.0,0.386094,3.270089,CHN,BRA,130239
6158861,49,32,5452,1999,0.0,2885.0,0.190667,0.136271,COL,BRA,130239
6158862,61,32,5452,1999,71597.0,1673.0,2.334811,-2.060502,DEU,BRA,130239
6158863,64,32,5452,1999,1747630.0,0.0,1.264405,1.469627,DNK,BRA,130239
6158864,71,32,5452,1999,38472.0,0.0,1.0849209999999998,1.9351180000000001,ESP,BRA,130239
6158865,77,32,5452,1999,839133.0,17441.0,1.72758,0.6619079999999999,FRA,BRA,130239
6158866,81,32,5452,1999,0.0,7019.0,1.9523830000000002,0.771455,GBR,BRA,130239
6158867,96,32,5452,1999,0.0,910.0,-0.97619,-0.8785709999999999,GUY,BRA,130239
6158868,104,32,5452,1999,27141.0,0.0,0.29945900000000003,2.438702,IND,BRA,130239
6158869,106,32,5452,1999,2987.0,0.0,1.599613,0.37233299999999997,IRL,BRA,130239
6158870,111,32,5452,1999,61867.0,0.0,1.395253,1.3589790000000002,ITA,BRA,130239
6158871,114,32,5452,1999,38771.0,2858.0,2.541382,0.693702,JPN,BRA,130239
6158872,121,32,5452,1999,9616.0,0.0,0.92448,1.053988,KOR,BRA,130239
6158873,173,32,5452,1999,1719.0,6645.0,-0.367489,0.11813399999999999,PER,BRA,130239
6158874,174,32,5452,1999,343294.0,0.0,-0.401903,-0.333408,PHL,BRA,130239
6158875,180,32,5452,1999,0.0,10389.0,-0.541387,-0.863967,PRY,BRA,130239
6158876,216,32,5452,1999,10709.0,0.0,0.20451,1.513533,THA,BRA,130239
6158877,230,32,5452,1999,0.0,78504.0,0.26815700000000003,0.307394,URY,BRA,130239
6158878,231,32,5452,1999,2736356.0,0.0,1.8755119999999998,0.5350729999999999,USA,BRA,130239
6158879,236,32,5452,1999,0.0,561915.0,0.16454100000000002,-0.691021,VEN,BRA,130239
6158880,249,32,5452,1999,0.0,2125.0,1.336816,1.725334,TWN,BRA,130239
6158881,8,39,5452,1999,0.0,3360.0,0.49933500000000003,0.593879,ARG,CAN,130239
6158882,14,39,5452,1999,0.0,4086.0,0.357101,0.8857879999999999,AUS,CAN,130239
6158883,18,39,5452,1999,0.0,662462.0,1.512061,1.253478,BEL,CAN,130239
6158884,32,39,5452,1999,461666.0,0.0,0.762468,1.191759,BRA,CAN,130239
6158885,41,39,5452,1999,3449.0,0.0,2.189934,0.741428,CHE,CAN,130239
6158886,42,39,5452,1999,0.0,179792.0,0.041013,-0.111553,CHL,CAN,130239
6158887,43,39,5452,1999,44161.0,0.0,0.386094,3.270089,CHN,CAN,130239
6158888,49,39,5452,1999,0.0,24203.0,0.190667,0.136271,COL,CAN,130239
6158889,52,39,5452,1999,0.0,15811.0,-0.310033,-0.299529,CRI,CAN,130239
6158890,54,39,5452,1999,0.0,2506.0,-0.152322,-0.8734270000000001,CUB,CAN,130239
6158891,61,39,5452,1999,127530.0,0.0,2.334811,-2.060502,DEU,CAN,130239
6158892,64,39,5452,1999,250271.0,309583.0,1.264405,1.469627,DNK,CAN,130239
6158893,71,39,5452,1999,177744.0,0.0,1.0849209999999998,1.9351180000000001,ESP,CAN,130239
6158894,77,39,5452,1999,905299.0,6961.0,1.72758,0.6619079999999999,FRA,CAN,130239
6158895,81,39,5452,1999,151474.0,6725.0,1.9523830000000002,0.771455,GBR,CAN,130239
6158896,97,39,5452,1999,25883.0,4116.0,0.387427,2.402434,HKG,CAN,130239
6158897,103,39,5452,1999,1032225.0,0.0,-0.20447,1.568505,IDN,CAN,130239
6158898,104,39,5452,1999,18768.0,0.0,0.29945900000000003,2.438702,IND,CAN,130239
6158899,106,39,5452,1999,2838.0,0.0,1.599613,0.37233299999999997,IRL,CAN,130239
6158900,111,39,5452,1999,2163.0,0.0,1.395253,1.3589790000000002,ITA,CAN,130239
6158901,114,39,5452,1999,4731.0,11089.0,2.541382,0.693702,JPN,CAN,130239
6158902,121,39,5452,1999,40509.0,0.0,0.92448,1.053988,KOR,CAN,130239
6158903,133,39,5452,1999,6625.0,0.0,-0.365239,-0.380913,MAC,CAN,130239
6158904,138,39,5452,1999,14406.0,40925.0,0.581034,0.8399760000000001,MEX,CAN,130239
6158905,153,39,5452,1999,0.0,1069.0,0.500591,0.136149,MYS,CAN,130239
6158906,163,39,5452,1999,0.0,10422.0,1.1012959999999998,0.240184,NOR,CAN,130239
6158907,174,39,5452,1999,1133784.0,0.0,-0.401903,-0.333408,PHL,CAN,130239
6158908,177,39,5452,1999,0.0,44215.0,0.8512700000000001,1.8975229999999998,POL,CAN,130239
6158909,186,39,5452,1999,0.0,37655.0,0.903308,0.590858,RUS,CAN,130239
6158910,208,39,5452,1999,20875.0,0.0,2.1456720000000002,0.856556,SWE,CAN,130239
6158911,216,39,5452,1999,3757.0,0.0,0.20451,1.513533,THA,CAN,130239
6158912,231,39,5452,1999,3881792.0,479074.0,1.8755119999999998,0.5350729999999999,USA,CAN,130239
6158913,249,39,5452,1999,2590.0,0.0,1.336816,1.725334,TWN,CAN,130239
6158914,8,42,5452,1999,21364.0,483103.0,0.49933500000000003,0.593879,ARG,CHL,130239
6158915,14,42,5452,1999,0.0,669240.0,0.357101,0.8857879999999999,AUS,CHL,130239
6158916,31,42,5452,1999,0.0,10358.0,-0.398285,-0.6362,BOL,CHL,130239
6158917,32,42,5452,1999,6318.0,2006917.0,0.762468,1.191759,BRA,CHL,130239
6158918,39,42,5452,1999,179792.0,0.0,1.083572,1.08026,CAN,CHL,130239
6158919,41,42,5452,1999,12497.0,33480.0,2.189934,0.741428,CHE,CHL,130239
6158920,43,42,5452,1999,0.0,4334.0,0.386094,3.270089,CHN,CHL,130239
6158921,49,42,5452,1999,0.0,49684.0,0.190667,0.136271,COL,CHL,130239
6158922,59,42,5452,1999,0.0,5317.0,1.412439,1.329385,CZE,CHL,130239
6158923,61,42,5452,1999,14203.0,0.0,2.334811,-2.060502,DEU,CHL,130239
6158924,64,42,5452,1999,537203.0,5998532.0,1.264405,1.469627,DNK,CHL,130239
6158925,65,42,5452,1999,0.0,17290.0,-0.60436,-0.674701,DOM,CHL,130239
6158926,67,42,5452,1999,0.0,79308.0,-0.8875299999999999,-0.9117879999999999,ECU,CHL,130239
6158927,71,42,5452,1999,72178.0,0.0,1.0849209999999998,1.9351180000000001,ESP,CHL,130239
6158928,77,42,5452,1999,6193.0,52398.0,1.72758,0.6619079999999999,FRA,CHL,130239
6158929,81,42,5452,1999,3888.0,0.0,1.9523830000000002,0.771455,GBR,CHL,130239
6158930,93,42,5452,1999,0.0,31083.0,-0.459323,0.210247,GTM,CHL,130239
6158931,111,42,5452,1999,5820.0,0.0,1.395253,1.3589790000000002,ITA,CHL,130239
6158932,114,42,5452,1999,3113.0,4989.0,2.541382,0.693702,JPN,CHL,130239
6158933,121,42,5452,1999,0.0,6748.0,0.92448,1.053988,KOR,CHL,130239
6158934,138,42,5452,1999,0.0,648499.0,0.581034,0.8399760000000001,MEX,CHL,130239
6158935,162,42,5452,1999,3348.0,350560.0,1.308776,1.574293,NLD,CHL,130239
6158936,168,42,5452,1999,70187.0,0.0,-1.047891,-0.525612,PAK,CHL,130239
6158937,173,42,5452,1999,0.0,162341.0,-0.367489,0.11813399999999999,PER,CHL,130239
6158938,174,42,5452,1999,201467.0,105827.0,-0.401903,-0.333408,PHL,CHL,130239
6158939,177,42,5452,1999,0.0,356032.0,0.8512700000000001,1.8975229999999998,POL,CHL,130239
6158940,180,42,5452,1999,0.0,1156.0,-0.541387,-0.863967,PRY,CHL,130239
6158941,197,42,5452,1999,0.0,979.0,-0.263572,-0.121576,SLV,CHL,130239
6158942,207,42,5452,1999,0.0,1876.0,1.447589,1.284414,SVN,CHL,130239
6158943,230,42,5452,1999,0.0,38610.0,0.26815700000000003,0.307394,URY,CHL,130239
6158944,231,42,5452,1999,48065.0,5933778.0,1.8755119999999998,0.5350729999999999,USA,CHL,130239
6158945,236,42,5452,1999,0.0,108411.0,0.16454100000000002,-0.691021,VEN,CHL,130239
6158946,248,42,5452,1999,0.0,90611.0,-0.320533,-0.180527,ZWE,CHL,130239
6158947,249,42,5452,1999,0.0,45989.0,1.336816,1.725334,TWN,CHL,130239
6158948,15,59,5452,1999,1779.0,5028.0,1.836804,0.744312,AUT,CZE,130239
6158949,18,59,5452,1999,112306.0,3253.0,1.512061,1.253478,BEL,CZE,130239
6158950,41,59,5452,1999,5882.0,0.0,2.189934,0.741428,CHE,CZE,130239
6158951,42,59,5452,1999,5317.0,0.0,0.041013,-0.111553,CHL,CZE,130239
6158952,43,59,5452,1999,20309.0,0.0,0.386094,3.270089,CHN,CZE,130239
6158953,61,59,5452,1999,857571.0,1047.0,2.334811,-2.060502,DEU,CZE,130239
6158954,64,59,5452,1999,255819.0,13252.0,1.264405,1.469627,DNK,CZE,130239
6158955,71,59,5452,1999,9093.0,0.0,1.0849209999999998,1.9351180000000001,ESP,CZE,130239
6158956,77,59,5452,1999,82137.0,0.0,1.72758,0.6619079999999999,FRA,CZE,130239
6158957,81,59,5452,1999,32910.0,0.0,1.9523830000000002,0.771455,GBR,CZE,130239
6158958,104,59,5452,1999,34870.0,0.0,0.29945900000000003,2.438702,IND,CZE,130239
6158959,111,59,5452,1999,368628.0,0.0,1.395253,1.3589790000000002,ITA,CZE,130239
6158960,162,59,5452,1999,507769.0,0.0,1.308776,1.574293,NLD,CZE,130239
6158961,174,59,5452,1999,42996.0,0.0,-0.401903,-0.333408,PHL,CZE,130239
6158962,186,59,5452,1999,0.0,2214.0,0.903308,0.590858,RUS,CZE,130239
6158963,206,59,5452,1999,0.0,15021.0,1.133942,1.105742,SVK,CZE,130239
6158964,41,66,5452,1999,26737.0,0.0,2.189934,0.741428,CHE,DZA,130239
6158965,64,66,5452,1999,154599.0,0.0,1.264405,1.469627,DNK,DZA,130239
6158966,71,66,5452,1999,185525.0,0.0,1.0849209999999998,1.9351180000000001,ESP,DZA,130239
6158967,77,66,5452,1999,492494.0,0.0,1.72758,0.6619079999999999,FRA,DZA,130239
6158968,104,66,5452,1999,6741.0,0.0,0.29945900000000003,2.438702,IND,DZA,130239
6158969,174,66,5452,1999,4924.0,0.0,-0.401903,-0.333408,PHL,DZA,130239
6158970,179,66,5452,1999,6243.0,0.0,0.420538,1.379359,PRT,DZA,130239
6158971,24,68,5452,1999,19256.0,0.0,-0.034526,-0.8887200000000001,BHR,EGY,130239
6158972,43,68,5452,1999,13585.0,0.0,0.386094,3.270089,CHN,EGY,130239
6158973,61,68,5452,1999,3376.0,0.0,2.334811,-2.060502,DEU,EGY,130239
6158974,64,68,5452,1999,79561.0,0.0,1.264405,1.469627,DNK,EGY,130239
6158975,71,68,5452,1999,10127.0,0.0,1.0849209999999998,1.9351180000000001,ESP,EGY,130239
6158976,77,68,5452,1999,27853.0,0.0,1.72758,0.6619079999999999,FRA,EGY,130239
6158977,81,68,5452,1999,37238.0,0.0,1.9523830000000002,0.771455,GBR,EGY,130239
6158978,97,68,5452,1999,17098.0,0.0,0.387427,2.402434,HKG,EGY,130239
6158979,111,68,5452,1999,69006.0,0.0,1.395253,1.3589790000000002,ITA,EGY,130239
6158980,121,68,5452,1999,22013.0,0.0,0.92448,1.053988,KOR,EGY,130239
6158981,162,68,5452,1999,63808.0,0.0,1.308776,1.574293,NLD,EGY,130239
6158982,174,68,5452,1999,26492.0,0.0,-0.401903,-0.333408,PHL,EGY,130239
6158983,231,68,5452,1999,12662.0,0.0,1.8755119999999998,0.5350729999999999,USA,EGY,130239
6158984,61,83,5452,1999,22645.0,0.0,2.334811,-2.060502,DEU,GHA,130239
6158985,81,83,5452,1999,4045.0,0.0,1.9523830000000002,0.771455,GBR,GHA,130239
6158986,162,83,5452,1999,14946.0,0.0,1.308776,1.574293,NLD,GHA,130239
6158987,15,100,5452,1999,138249.0,0.0,1.836804,0.744312,AUT,HRV,130239
6158988,41,100,5452,1999,1529.0,0.0,2.189934,0.741428,CHE,HRV,130239
6158989,61,100,5452,1999,1047.0,0.0,2.334811,-2.060502,DEU,HRV,130239
6158990,64,100,5452,1999,107837.0,0.0,1.264405,1.469627,DNK,HRV,130239
6158991,77,100,5452,1999,59955.0,1656.0,1.72758,0.6619079999999999,FRA,HRV,130239
6158992,110,100,5452,1999,14747.0,0.0,1.342593,0.781931,ISR,HRV,130239
6158993,111,100,5452,1999,110587.0,0.0,1.395253,1.3589790000000002,ITA,HRV,130239
6158994,114,100,5452,1999,559.0,0.0,2.541382,0.693702,JPN,HRV,130239
6158995,207,100,5452,1999,1911.0,12097.0,1.447589,1.284414,SVN,HRV,130239
6158996,14,102,5452,1999,0.0,1747.0,0.357101,0.8857879999999999,AUS,HUN,130239
6158997,15,102,5452,1999,53912.0,0.0,1.836804,0.744312,AUT,HUN,130239
6158998,18,102,5452,1999,265741.0,0.0,1.512061,1.253478,BEL,HUN,130239
6158999,41,102,5452,1999,14293.0,0.0,2.189934,0.741428,CHE,HUN,130239
6159000,43,102,5452,1999,3688.0,0.0,0.386094,3.270089,CHN,HUN,130239
6159001,61,102,5452,1999,496449.0,0.0,2.334811,-2.060502,DEU,HUN,130239
6159002,64,102,5452,1999,212065.0,0.0,1.264405,1.469627,DNK,HUN,130239
6159003,71,102,5452,1999,53276.0,0.0,1.0849209999999998,1.9351180000000001,ESP,HUN,130239
6159004,77,102,5452,1999,7810.0,0.0,1.72758,0.6619079999999999,FRA,HUN,130239
6159005,81,102,5452,1999,3615.0,0.0,1.9523830000000002,0.771455,GBR,HUN,130239
6159006,103,102,5452,1999,0.0,1010.0,-0.20447,1.568505,IDN,HUN,130239
6159007,106,102,5452,1999,4468.0,0.0,1.599613,0.37233299999999997,IRL,HUN,130239
6159008,111,102,5452,1999,125002.0,0.0,1.395253,1.3589790000000002,ITA,HUN,130239
6159009,162,102,5452,1999,85732.0,0.0,1.308776,1.574293,NLD,HUN,130239
6159010,174,102,5452,1999,58071.0,0.0,-0.401903,-0.333408,PHL,HUN,130239
6159011,185,102,5452,1999,0.0,4896.0,0.253874,0.8322709999999999,ROU,HUN,130239
6159012,186,102,5452,1999,0.0,30706.0,0.903308,0.590858,RUS,HUN,130239
6159013,207,102,5452,1999,0.0,3726.0,1.447589,1.284414,SVN,HUN,130239
6159014,224,102,5452,1999,0.0,20983.0,0.044692,1.745755,TUR,HUN,130239
6159015,231,102,5452,1999,127594.0,0.0,1.8755119999999998,0.5350729999999999,USA,HUN,130239
6159016,8,104,5452,1999,1188.0,7978.0,0.49933500000000003,0.593879,ARG,IND,130239
6159017,14,104,5452,1999,0.0,1524.0,0.357101,0.8857879999999999,AUS,IND,130239
6159018,15,104,5452,1999,0.0,23826.0,1.836804,0.744312,AUT,IND,130239
6159019,18,104,5452,1999,24934.0,733982.0,1.512061,1.253478,BEL,IND,130239
6159020,22,104,5452,1999,0.0,2675.0,-1.258857,-1.140375,BGD,IND,130239
6159021,32,104,5452,1999,0.0,27141.0,0.762468,1.191759,BRA,IND,130239
6159022,35,104,5452,1999,3557.0,0.0,-0.089814,-0.630333,BTN,IND,130239
6159023,39,104,5452,1999,0.0,18768.0,1.083572,1.08026,CAN,IND,130239
6159024,41,104,5452,1999,0.0,13180.0,2.189934,0.741428,CHE,IND,130239
6159025,43,104,5452,1999,0.0,1018088.0,0.386094,3.270089,CHN,IND,130239
6159026,59,104,5452,1999,0.0,34870.0,1.412439,1.329385,CZE,IND,130239
6159027,61,104,5452,1999,58370.0,1403316.0,2.334811,-2.060502,DEU,IND,130239
6159028,64,104,5452,1999,120567.0,70741.0,1.264405,1.469627,DNK,IND,130239
6159029,66,104,5452,1999,0.0,6741.0,-0.701764,-1.175132,DZA,IND,130239
6159030,71,104,5452,1999,5902.0,0.0,1.0849209999999998,1.9351180000000001,ESP,IND,130239
6159031,77,104,5452,1999,6210.0,78921.0,1.72758,0.6619079999999999,FRA,IND,130239
6159032,81,104,5452,1999,4336.0,727983.0,1.9523830000000002,0.771455,GBR,IND,130239
6159033,103,104,5452,1999,20558.0,34972.0,-0.20447,1.568505,IDN,IND,130239
6159034,106,104,5452,1999,11735.0,0.0,1.599613,0.37233299999999997,IRL,IND,130239
6159035,107,104,5452,1999,0.0,36956.0,-0.9366620000000001,-1.147602,IRN,IND,130239
6159036,110,104,5452,1999,48373.0,0.0,1.342593,0.781931,ISR,IND,130239
6159037,111,104,5452,1999,5737.0,373701.0,1.395253,1.3589790000000002,ITA,IND,130239
6159038,114,104,5452,1999,0.0,167493.0,2.541382,0.693702,JPN,IND,130239
6159039,121,104,5452,1999,0.0,282976.0,0.92448,1.053988,KOR,IND,130239
6159040,134,104,5452,1999,0.0,60951.0,-0.659053,-0.142104,MAR,IND,130239
6159041,142,104,5452,1999,0.0,9232.0,0.9998450000000001,0.009412,MLT,IND,130239
6159042,151,104,5452,1999,0.0,2263.0,-0.5713729999999999,-0.696416,MUS,IND,130239
6159043,153,104,5452,1999,0.0,6891.0,0.500591,0.136149,MYS,IND,130239
6159044,162,104,5452,1999,0.0,49707.0,1.308776,1.574293,NLD,IND,130239
6159045,164,104,5452,1999,10209.0,0.0,-0.421433,0.24781799999999998,NPL,IND,130239
6159046,174,104,5452,1999,30976.0,430533.0,-0.401903,-0.333408,PHL,IND,130239
6159047,216,104,5452,1999,2159.0,15591.0,0.20451,1.513533,THA,IND,130239
6159048,224,104,5452,1999,0.0,1820.0,0.044692,1.745755,TUR,IND,130239
6159049,228,104,5452,1999,0.0,4316.0,0.6242270000000001,0.742258,UKR,IND,130239
6159050,231,104,5452,1999,2488291.0,39289.0,1.8755119999999998,0.5350729999999999,USA,IND,130239
6159051,236,104,5452,1999,0.0,20519.0,0.16454100000000002,-0.691021,VEN,IND,130239
6159052,246,104,5452,1999,0.0,8815.0,0.543171,1.432792,ZAF,IND,130239
6159053,249,104,5452,1999,6922.0,31580.0,1.336816,1.725334,TWN,IND,130239
6159054,7,107,5452,1999,0.0,1361.0,-0.21921,-0.54813,ARE,IRN,130239
6159055,18,107,5452,1999,10559.0,0.0,1.512061,1.253478,BEL,IRN,130239
6159056,41,107,5452,1999,103225.0,0.0,2.189934,0.741428,CHE,IRN,130239
6159057,61,107,5452,1999,13564.0,0.0,2.334811,-2.060502,DEU,IRN,130239
6159058,77,107,5452,1999,0.0,9795.0,1.72758,0.6619079999999999,FRA,IRN,130239
6159059,81,107,5452,1999,12044.0,0.0,1.9523830000000002,0.771455,GBR,IRN,130239
6159060,104,107,5452,1999,36956.0,0.0,0.29945900000000003,2.438702,IND,IRN,130239
6159061,108,107,5452,1999,0.0,8403.0,-1.8954950000000002,-0.883983,IRQ,IRN,130239
6159062,121,107,5452,1999,20613.0,0.0,0.92448,1.053988,KOR,IRN,130239
6159063,153,107,5452,1999,0.0,14707.0,0.500591,0.136149,MYS,IRN,130239
6159064,162,107,5452,1999,20060.0,0.0,1.308776,1.574293,NLD,IRN,130239
6159065,168,107,5452,1999,65171.0,0.0,-1.047891,-0.525612,PAK,IRN,130239
6159066,174,107,5452,1999,13833.0,0.0,-0.401903,-0.333408,PHL,IRN,130239
6159067,188,107,5452,1999,0.0,1308.0,0.553028,-0.527401,SAU,IRN,130239
6159068,224,107,5452,1999,11029.0,0.0,0.044692,1.745755,TUR,IRN,130239
6159069,246,107,5452,1999,6954.0,0.0,0.543171,1.432792,ZAF,IRN,130239
6159070,41,113,5452,1999,5406.0,0.0,2.189934,0.741428,CHE,JOR,130239
6159071,61,113,5452,1999,1237.0,0.0,2.334811,-2.060502,DEU,JOR,130239
6159072,64,113,5452,1999,63004.0,0.0,1.264405,1.469627,DNK,JOR,130239
6159073,81,113,5452,1999,4102.0,0.0,1.9523830000000002,0.771455,GBR,JOR,130239
6159074,110,113,5452,1999,1150.0,0.0,1.342593,0.781931,ISR,JOR,130239
6159075,111,113,5452,1999,92471.0,0.0,1.395253,1.3589790000000002,ITA,JOR,130239
6159076,162,113,5452,1999,30862.0,0.0,1.308776,1.574293,NLD,JOR,130239
6159077,231,113,5452,1999,929.0,0.0,1.8755119999999998,0.5350729999999999,USA,JOR,130239
6159078,250,113,5452,1999,5121.0,126992.0,1.130511,0.9547379999999999,ANS,JOR,130239
6159079,8,114,5452,1999,0.0,66514.0,0.49933500000000003,0.593879,ARG,JPN,130239
6159080,14,114,5452,1999,0.0,266809.0,0.357101,0.8857879999999999,AUS,JPN,130239
6159081,18,114,5452,1999,0.0,3112.0,1.512061,1.253478,BEL,JPN,130239
6159082,32,114,5452,1999,2858.0,38771.0,0.762468,1.191759,BRA,JPN,130239
6159083,39,114,5452,1999,11089.0,4731.0,1.083572,1.08026,CAN,JPN,130239
6159084,41,114,5452,1999,120870.0,0.0,2.189934,0.741428,CHE,JPN,130239
6159085,42,114,5452,1999,4989.0,3113.0,0.041013,-0.111553,CHL,JPN,130239
6159086,43,114,5452,1999,125561.0,94404.0,0.386094,3.270089,CHN,JPN,130239
6159087,61,114,5452,1999,49277.0,15473.0,2.334811,-2.060502,DEU,JPN,130239
6159088,63,114,5452,1999,183509.0,0.0,0.808025,0.321415,DMA,JPN,130239
6159089,64,114,5452,1999,4512783.0,40970.0,1.264405,1.469627,DNK,JPN,130239
6159090,71,114,5452,1999,1083231.0,184844.0,1.0849209999999998,1.9351180000000001,ESP,JPN,130239
6159091,74,114,5452,1999,0.0,7084.0,2.095642,0.966282,FIN,JPN,130239
6159092,77,114,5452,1999,1780958.0,111710.0,1.72758,0.6619079999999999,FRA,JPN,130239
6159093,81,114,5452,1999,27446.0,16725.0,1.9523830000000002,0.771455,GBR,JPN,130239
6159094,97,114,5452,1999,0.0,117119.0,0.387427,2.402434,HKG,JPN,130239
6159095,100,114,5452,1999,0.0,559.0,0.572934,0.9873639999999999,HRV,JPN,130239
6159096,103,114,5452,1999,578741.0,69315.0,-0.20447,1.568505,IDN,JPN,130239
6159097,104,114,5452,1999,167493.0,0.0,0.29945900000000003,2.438702,IND,JPN,130239
6159098,106,114,5452,1999,0.0,558140.0,1.599613,0.37233299999999997,IRL,JPN,130239
6159099,109,114,5452,1999,0.0,3542.0,0.377701,-0.355798,ISL,JPN,130239
6159100,111,114,5452,1999,236724.0,5235.0,1.395253,1.3589790000000002,ITA,JPN,130239
6159101,121,114,5452,1999,4250205.0,413912.0,0.92448,1.053988,KOR,JPN,130239
6159102,138,114,5452,1999,28912.0,0.0,0.581034,0.8399760000000001,MEX,JPN,130239
6159103,153,114,5452,1999,0.0,101391.0,0.500591,0.136149,MYS,JPN,130239
6159104,162,114,5452,1999,56489.0,43812.0,1.308776,1.574293,NLD,JPN,130239
6159105,163,114,5452,1999,43699.0,3695.0,1.1012959999999998,0.240184,NOR,JPN,130239
6159106,166,114,5452,1999,87424.0,37988.0,0.592051,0.780176,NZL,JPN,130239
6159107,173,114,5452,1999,21209.0,0.0,-0.367489,0.11813399999999999,PER,JPN,130239
6159108,174,114,5452,1999,858037.0,0.0,-0.401903,-0.333408,PHL,JPN,130239
6159109,192,114,5452,1999,3731.0,54430.0,1.355833,0.594305,SGP,JPN,130239
6159110,208,114,5452,1999,155283.0,9334.0,2.1456720000000002,0.856556,SWE,JPN,130239
6159111,216,114,5452,1999,95614.0,32064.0,0.20451,1.513533,THA,JPN,130239
6159112,224,114,5452,1999,0.0,12815.0,0.044692,1.745755,TUR,JPN,130239
6159113,231,114,5452,1999,8375442.0,567892.0,1.8755119999999998,0.5350729999999999,USA,JPN,130239
6159114,236,114,5452,1999,0.0,12244.0,0.16454100000000002,-0.691021,VEN,JPN,130239
6159115,249,114,5452,1999,15442.0,432202.0,1.336816,1.725334,TWN,JPN,130239
6159116,15,124,5452,1999,42556.0,0.0,1.836804,0.744312,AUT,LBN,130239
6159117,41,124,5452,1999,2421.0,0.0,2.189934,0.741428,CHE,LBN,130239
6159118,43,124,5452,1999,1850.0,0.0,0.386094,3.270089,CHN,LBN,130239
6159119,71,124,5452,1999,21675.0,0.0,1.0849209999999998,1.9351180000000001,ESP,LBN,130239
6159120,77,124,5452,1999,1176.0,0.0,1.72758,0.6619079999999999,FRA,LBN,130239
6159121,81,124,5452,1999,2520.0,0.0,1.9523830000000002,0.771455,GBR,LBN,130239
6159122,61,132,5452,1999,60311.0,0.0,2.334811,-2.060502,DEU,LVA,130239
6159123,64,132,5452,1999,30271.0,0.0,1.264405,1.469627,DNK,LVA,130239
6159124,74,132,5452,1999,2004.0,0.0,2.095642,0.966282,FIN,LVA,130239
6159125,111,132,5452,1999,1137.0,0.0,1.395253,1.3589790000000002,ITA,LVA,130239
6159126,130,132,5452,1999,6975.0,0.0,0.197536,0.5041899999999999,LTU,LVA,130239
6159127,162,132,5452,1999,30589.0,0.0,1.308776,1.574293,NLD,LVA,130239
6159128,106,159,5452,1999,12321.0,0.0,1.599613,0.37233299999999997,IRL,NGA,130239
6159129,111,159,5452,1999,0.0,993.0,1.395253,1.3589790000000002,ITA,NGA,130239
6159130,14,166,5452,1999,232162.0,4984.0,0.357101,0.8857879999999999,AUS,NZL,130239
6159131,41,166,5452,1999,1337.0,0.0,2.189934,0.741428,CHE,NZL,130239
6159132,43,166,5452,1999,62085.0,0.0,0.386094,3.270089,CHN,NZL,130239
6159133,61,166,5452,1999,9546.0,23901.0,2.334811,-2.060502,DEU,NZL,130239
6159134,64,166,5452,1999,51429.0,0.0,1.264405,1.469627,DNK,NZL,130239
6159135,71,166,5452,1999,102245.0,0.0,1.0849209999999998,1.9351180000000001,ESP,NZL,130239
6159136,77,166,5452,1999,18053.0,0.0,1.72758,0.6619079999999999,FRA,NZL,130239
6159137,81,166,5452,1999,2654.0,6798.0,1.9523830000000002,0.771455,GBR,NZL,130239
6159138,90,166,5452,1999,4898.0,0.0,0.24943600000000002,1.172467,GRC,NZL,130239
6159139,103,166,5452,1999,0.0,2483.0,-0.20447,1.568505,IDN,NZL,130239
6159140,111,166,5452,1999,19108.0,0.0,1.395253,1.3589790000000002,ITA,NZL,130239
6159141,114,166,5452,1999,37988.0,87424.0,2.541382,0.693702,JPN,NZL,130239
6159142,134,166,5452,1999,101937.0,0.0,-0.659053,-0.142104,MAR,NZL,130239
6159143,137,166,5452,1999,0.0,16809.0,-0.83783,-0.941734,MDV,NZL,130239
6159144,153,166,5452,1999,1061.0,10153.0,0.500591,0.136149,MYS,NZL,130239
6159145,174,166,5452,1999,417631.0,0.0,-0.401903,-0.333408,PHL,NZL,130239
6159146,192,166,5452,1999,2617.0,0.0,1.355833,0.594305,SGP,NZL,130239
6159147,208,166,5452,1999,186001.0,0.0,2.1456720000000002,0.856556,SWE,NZL,130239
6159148,231,166,5452,1999,69884.0,28472.0,1.8755119999999998,0.5350729999999999,USA,NZL,130239
6159149,192,167,5452,1999,32069.0,0.0,1.355833,0.594305,SGP,OMN,130239
6159150,15,177,5452,1999,394100.0,0.0,1.836804,0.744312,AUT,POL,130239
6159151,18,177,5452,1999,253135.0,3201.0,1.512061,1.253478,BEL,POL,130239
6159152,39,177,5452,1999,44215.0,0.0,1.083572,1.08026,CAN,POL,130239
6159153,42,177,5452,1999,356032.0,0.0,0.041013,-0.111553,CHL,POL,130239
6159154,43,177,5452,1999,1828.0,0.0,0.386094,3.270089,CHN,POL,130239
6159155,61,177,5452,1999,1574629.0,7577.0,2.334811,-2.060502,DEU,POL,130239
6159156,64,177,5452,1999,1948397.0,177279.0,1.264405,1.469627,DNK,POL,130239
6159157,71,177,5452,1999,1971551.0,0.0,1.0849209999999998,1.9351180000000001,ESP,POL,130239
6159158,77,177,5452,1999,1884522.0,0.0,1.72758,0.6619079999999999,FRA,POL,130239
6159159,81,177,5452,1999,26375.0,0.0,1.9523830000000002,0.771455,GBR,POL,130239
6159160,111,177,5452,1999,753516.0,0.0,1.395253,1.3589790000000002,ITA,POL,130239
6159161,162,177,5452,1999,1201046.0,0.0,1.308776,1.574293,NLD,POL,130239
6159162,174,177,5452,1999,371571.0,0.0,-0.401903,-0.333408,PHL,POL,130239
6159163,186,177,5452,1999,0.0,9259.0,0.903308,0.590858,RUS,POL,130239
6159164,206,177,5452,1999,4258.0,0.0,1.133942,1.105742,SVK,POL,130239
6159165,228,177,5452,1999,0.0,25216.0,0.6242270000000001,0.742258,UKR,POL,130239
6159166,18,186,5452,1999,12312.0,0.0,1.512061,1.253478,BEL,RUS,130239
6159167,28,186,5452,1999,0.0,5262.0,0.7516579999999999,1.169072,BLR,RUS,130239
6159168,39,186,5452,1999,37655.0,0.0,1.083572,1.08026,CAN,RUS,130239
6159169,59,186,5452,1999,2214.0,0.0,1.412439,1.329385,CZE,RUS,130239
6159170,61,186,5452,1999,1191428.0,0.0,2.334811,-2.060502,DEU,RUS,130239
6159171,64,186,5452,1999,1037191.0,0.0,1.264405,1.469627,DNK,RUS,130239
6159172,71,186,5452,1999,2208.0,0.0,1.0849209999999998,1.9351180000000001,ESP,RUS,130239
6159173,72,186,5452,1999,4333.0,0.0,0.502979,0.8847440000000001,EST,RUS,130239
6159174,74,186,5452,1999,28963.0,0.0,2.095642,0.966282,FIN,RUS,130239
6159175,77,186,5452,1999,620906.0,0.0,1.72758,0.6619079999999999,FRA,RUS,130239
6159176,81,186,5452,1999,737686.0,0.0,1.9523830000000002,0.771455,GBR,RUS,130239
6159177,102,186,5452,1999,30706.0,0.0,0.794675,1.308337,HUN,RUS,130239
6159178,106,186,5452,1999,4659.0,0.0,1.599613,0.37233299999999997,IRL,RUS,130239
6159179,110,186,5452,1999,813.0,0.0,1.342593,0.781931,ISR,RUS,130239
6159180,111,186,5452,1999,79634.0,0.0,1.395253,1.3589790000000002,ITA,RUS,130239
6159181,115,186,5452,1999,0.0,1732.0,-0.035315,-0.514845,KAZ,RUS,130239
6159182,162,186,5452,1999,483233.0,0.0,1.308776,1.574293,NLD,RUS,130239
6159183,174,186,5452,1999,19980.0,0.0,-0.401903,-0.333408,PHL,RUS,130239
6159184,177,186,5452,1999,9259.0,0.0,0.8512700000000001,1.8975229999999998,POL,RUS,130239
6159185,231,186,5452,1999,618553.0,0.0,1.8755119999999998,0.5350729999999999,USA,RUS,130239
6159186,14,188,5452,1999,113956.0,0.0,0.357101,0.8857879999999999,AUS,SAU,130239
6159187,41,188,5452,1999,2551.0,0.0,2.189934,0.741428,CHE,SAU,130239
6159188,61,188,5452,1999,720428.0,0.0,2.334811,-2.060502,DEU,SAU,130239
6159189,64,188,5452,1999,12032.0,0.0,1.264405,1.469627,DNK,SAU,130239
6159190,77,188,5452,1999,43448.0,0.0,1.72758,0.6619079999999999,FRA,SAU,130239
6159191,81,188,5452,1999,39673.0,0.0,1.9523830000000002,0.771455,GBR,SAU,130239
6159192,90,188,5452,1999,6335.0,0.0,0.24943600000000002,1.172467,GRC,SAU,130239
6159193,107,188,5452,1999,1308.0,0.0,-0.9366620000000001,-1.147602,IRN,SAU,130239
6159194,111,188,5452,1999,4448.0,0.0,1.395253,1.3589790000000002,ITA,SAU,130239
6159195,162,188,5452,1999,20621.0,0.0,1.308776,1.574293,NLD,SAU,130239
6159196,168,188,5452,1999,3135.0,0.0,-1.047891,-0.525612,PAK,SAU,130239
6159197,174,188,5452,1999,24440.0,0.0,-0.401903,-0.333408,PHL,SAU,130239
6159198,190,188,5452,1999,0.0,1610.0,-1.321619,-1.162911,SDN,SAU,130239
6159199,231,188,5452,1999,27745.0,0.0,1.8755119999999998,0.5350729999999999,USA,SAU,130239
6159200,250,188,5452,1999,0.0,35145.0,1.130511,0.9547379999999999,ANS,SAU,130239
6159201,15,206,5452,1999,82749.0,0.0,1.836804,0.744312,AUT,SVK,130239
6159202,18,206,5452,1999,5260.0,0.0,1.512061,1.253478,BEL,SVK,130239
6159203,43,206,5452,1999,624.0,0.0,0.386094,3.270089,CHN,SVK,130239
6159204,59,206,5452,1999,15021.0,0.0,1.412439,1.329385,CZE,SVK,130239
6159205,61,206,5452,1999,100631.0,1615.0,2.334811,-2.060502,DEU,SVK,130239
6159206,64,206,5452,1999,94223.0,0.0,1.264405,1.469627,DNK,SVK,130239
6159207,71,206,5452,1999,2469.0,0.0,1.0849209999999998,1.9351180000000001,ESP,SVK,130239
6159208,77,206,5452,1999,878711.0,0.0,1.72758,0.6619079999999999,FRA,SVK,130239
6159209,111,206,5452,1999,16941.0,0.0,1.395253,1.3589790000000002,ITA,SVK,130239
6159210,162,206,5452,1999,7036.0,0.0,1.308776,1.574293,NLD,SVK,130239
6159211,177,206,5452,1999,0.0,4258.0,0.8512700000000001,1.8975229999999998,POL,SVK,130239
6159212,185,206,5452,1999,0.0,3805.0,0.253874,0.8322709999999999,ROU,SVK,130239
6159213,207,206,5452,1999,51108.0,0.0,1.447589,1.284414,SVN,SVK,130239
6159214,15,207,5452,1999,44820.0,0.0,1.836804,0.744312,AUT,SVN,130239
6159215,18,207,5452,1999,23036.0,0.0,1.512061,1.253478,BEL,SVN,130239
6159216,42,207,5452,1999,1876.0,0.0,0.041013,-0.111553,CHL,SVN,130239
6159217,61,207,5452,1999,71085.0,0.0,2.334811,-2.060502,DEU,SVN,130239
6159218,64,207,5452,1999,150287.0,0.0,1.264405,1.469627,DNK,SVN,130239
6159219,71,207,5452,1999,4236.0,0.0,1.0849209999999998,1.9351180000000001,ESP,SVN,130239
6159220,77,207,5452,1999,7865.0,0.0,1.72758,0.6619079999999999,FRA,SVN,130239
6159221,100,207,5452,1999,12097.0,1911.0,0.572934,0.9873639999999999,HRV,SVN,130239
6159222,102,207,5452,1999,3726.0,0.0,0.794675,1.308337,HUN,SVN,130239
6159223,110,207,5452,1999,2876.0,0.0,1.342593,0.781931,ISR,SVN,130239
6159224,111,207,5452,1999,38512.0,0.0,1.395253,1.3589790000000002,ITA,SVN,130239
6159225,206,207,5452,1999,0.0,51108.0,1.133942,1.105742,SVK,SVN,130239
6159226,231,207,5452,1999,4075.0,0.0,1.8755119999999998,0.5350729999999999,USA,SVN,130239
6159227,15,228,5452,1999,15829.0,0.0,1.836804,0.744312,AUT,UKR,130239
6159228,18,228,5452,1999,19768.0,0.0,1.512061,1.253478,BEL,UKR,130239
6159229,23,228,5452,1999,27600.0,0.0,0.311033,1.7375040000000002,BGR,UKR,130239
6159230,41,228,5452,1999,11061.0,0.0,2.189934,0.741428,CHE,UKR,130239
6159231,43,228,5452,1999,2846.0,0.0,0.386094,3.270089,CHN,UKR,130239
6159232,61,228,5452,1999,1571.0,0.0,2.334811,-2.060502,DEU,UKR,130239
6159233,64,228,5452,1999,138969.0,0.0,1.264405,1.469627,DNK,UKR,130239
6159234,71,228,5452,1999,3826.0,0.0,1.0849209999999998,1.9351180000000001,ESP,UKR,130239
6159235,81,228,5452,1999,238030.0,0.0,1.9523830000000002,0.771455,GBR,UKR,130239
6159236,104,228,5452,1999,4316.0,0.0,0.29945900000000003,2.438702,IND,UKR,130239
6159237,111,228,5452,1999,67740.0,0.0,1.395253,1.3589790000000002,ITA,UKR,130239
6159238,162,228,5452,1999,783435.0,0.0,1.308776,1.574293,NLD,UKR,130239
6159239,177,228,5452,1999,25216.0,0.0,0.8512700000000001,1.8975229999999998,POL,UKR,130239
6159240,231,228,5452,1999,6267.0,0.0,1.8755119999999998,0.5350729999999999,USA,UKR,130239
6159241,14,249,5452,1999,0.0,3234.0,0.357101,0.8857879999999999,AUS,TWN,130239
6159242,18,249,5452,1999,0.0,12178.0,1.512061,1.253478,BEL,TWN,130239
6159243,32,249,5452,1999,2125.0,0.0,0.762468,1.191759,BRA,TWN,130239
6159244,39,249,5452,1999,0.0,2590.0,1.083572,1.08026,CAN,TWN,130239
6159245,41,249,5452,1999,60495.0,0.0,2.189934,0.741428,CHE,TWN,130239
6159246,42,249,5452,1999,45989.0,0.0,0.041013,-0.111553,CHL,TWN,130239
6159247,43,249,5452,1999,327067.0,17411.0,0.386094,3.270089,CHN,TWN,130239
6159248,61,249,5452,1999,4654.0,0.0,2.334811,-2.060502,DEU,TWN,130239
6159249,64,249,5452,1999,246810.0,0.0,1.264405,1.469627,DNK,TWN,130239
6159250,71,249,5452,1999,0.0,9357.0,1.0849209999999998,1.9351180000000001,ESP,TWN,130239
6159251,77,249,5452,1999,202605.0,11136.0,1.72758,0.6619079999999999,FRA,TWN,130239
6159252,81,249,5452,1999,22647.0,0.0,1.9523830000000002,0.771455,GBR,TWN,130239
6159253,97,249,5452,1999,15768.0,52257.0,0.387427,2.402434,HKG,TWN,130239
6159254,103,249,5452,1999,22536.0,19704.0,-0.20447,1.568505,IDN,TWN,130239
6159255,104,249,5452,1999,31580.0,6922.0,0.29945900000000003,2.438702,IND,TWN,130239
6159256,106,249,5452,1999,8555.0,0.0,1.599613,0.37233299999999997,IRL,TWN,130239
6159257,111,249,5452,1999,13968.0,100808.0,1.395253,1.3589790000000002,ITA,TWN,130239
6159258,114,249,5452,1999,432202.0,15442.0,2.541382,0.693702,JPN,TWN,130239
6159259,121,249,5452,1999,124505.0,0.0,0.92448,1.053988,KOR,TWN,130239
6159260,153,249,5452,1999,0.0,21778.0,0.500591,0.136149,MYS,TWN,130239
6159261,162,249,5452,1999,88398.0,0.0,1.308776,1.574293,NLD,TWN,130239
6159262,174,249,5452,1999,589171.0,6281.0,-0.401903,-0.333408,PHL,TWN,130239
6159263,192,249,5452,1999,8518.0,0.0,1.355833,0.594305,SGP,TWN,130239
6159264,208,249,5452,1999,0.0,1493.0,2.1456720000000002,0.856556,SWE,TWN,130239
6159265,216,249,5452,1999,29439.0,3979.0,0.20451,1.513533,THA,TWN,130239
6159266,224,249,5452,1999,0.0,3435.0,0.044692,1.745755,TUR,TWN,130239
6159267,231,249,5452,1999,439178.0,4928.0,1.8755119999999998,0.5350729999999999,USA,TWN,130239
6159268,239,249,5452,1999,0.0,2505.0,-0.9824940000000001,0.115755,VNM,TWN,130239
6159269,246,249,5452,1999,0.0,1078.0,0.543171,1.432792,ZAF,TWN,130239
6159270,18,8,5452,1999,57275.0,0.0,1.512061,1.253478,BEL,ARG,130239
6159271,31,8,5452,1999,0.0,10732.0,-0.398285,-0.6362,BOL,ARG,130239
6159272,32,8,5452,1999,70903.0,35974.0,0.762468,1.191759,BRA,ARG,130239
6159273,39,8,5452,1999,3360.0,0.0,1.083572,1.08026,CAN,ARG,130239
6159274,41,8,5452,1999,13248.0,0.0,2.189934,0.741428,CHE,ARG,130239
6159275,42,8,5452,1999,483103.0,21364.0,0.041013,-0.111553,CHL,ARG,130239
6159276,52,8,5452,1999,0.0,11239.0,-0.310033,-0.299529,CRI,ARG,130239
6159277,61,8,5452,1999,89048.0,28871.0,2.334811,-2.060502,DEU,ARG,130239
6159278,64,8,5452,1999,687125.0,0.0,1.264405,1.469627,DNK,ARG,130239
6159279,71,8,5452,1999,85858.0,0.0,1.0849209999999998,1.9351180000000001,ESP,ARG,130239
6159280,77,8,5452,1999,687298.0,2520.0,1.72758,0.6619079999999999,FRA,ARG,130239
6159281,104,8,5452,1999,7978.0,1188.0,0.29945900000000003,2.438702,IND,ARG,130239
6159282,106,8,5452,1999,88584.0,0.0,1.599613,0.37233299999999997,IRL,ARG,130239
6159283,111,8,5452,1999,7509.0,0.0,1.395253,1.3589790000000002,ITA,ARG,130239
6159284,114,8,5452,1999,66514.0,0.0,2.541382,0.693702,JPN,ARG,130239
6159285,173,8,5452,1999,16775.0,0.0,-0.367489,0.11813399999999999,PER,ARG,130239
6159286,174,8,5452,1999,120726.0,0.0,-0.401903,-0.333408,PHL,ARG,130239
6159287,192,8,5452,1999,1914.0,0.0,1.355833,0.594305,SGP,ARG,130239
6159288,230,8,5452,1999,0.0,32323.0,0.26815700000000003,0.307394,URY,ARG,130239
6159289,231,8,5452,1999,599498.0,23936.0,1.8755119999999998,0.5350729999999999,USA,ARG,130239
6159290,111,9,5452,1999,17032.0,0.0,1.395253,1.3589790000000002,ITA,ARM,130239
6159291,18,44,5452,1999,0.0,1771.0,1.512061,1.253478,BEL,CIV,130239
6159292,45,44,5452,1999,0.0,2749.0,-1.7392470000000002,-1.241373,CMR,CIV,130239
6159293,77,44,5452,1999,11332.0,0.0,1.72758,0.6619079999999999,FRA,CIV,130239
6159294,111,44,5452,1999,10046.0,0.0,1.395253,1.3589790000000002,ITA,CIV,130239
6159295,141,44,5452,1999,0.0,8838.0,-0.8019149999999999,-0.9337979999999999,MLI,CIV,130239
6159296,174,44,5452,1999,4461.0,0.0,-0.401903,-0.333408,PHL,CIV,130239
6159297,7,116,5452,1999,0.0,8711.0,-0.21921,-0.54813,ARE,KEN,130239
6159298,43,116,5452,1999,2908.0,0.0,0.386094,3.270089,CHN,KEN,130239
6159299,61,116,5452,1999,1147.0,0.0,2.334811,-2.060502,DEU,KEN,130239
6159300,64,116,5452,1999,70051.0,0.0,1.264405,1.469627,DNK,KEN,130239
6159301,77,116,5452,1999,0.0,1957.0,1.72758,0.6619079999999999,FRA,KEN,130239
6159302,81,116,5452,1999,142481.0,0.0,1.9523830000000002,0.771455,GBR,KEN,130239
6159303,106,116,5452,1999,42917.0,0.0,1.599613,0.37233299999999997,IRL,KEN,130239
6159304,168,116,5452,1999,0.0,18774.0,-1.047891,-0.525612,PAK,KEN,130239
6159305,18,131,5452,1999,8929.0,14019.0,1.512061,1.253478,BEL,LUX,130239
6159306,61,131,5452,1999,19269.0,0.0,2.334811,-2.060502,DEU,LUX,130239
6159307,77,131,5452,1999,4974.0,0.0,1.72758,0.6619079999999999,FRA,LUX,130239
6159308,41,134,5452,1999,892.0,0.0,2.189934,0.741428,CHE,MAR,130239
6159309,61,134,5452,1999,8662.0,190407.0,2.334811,-2.060502,DEU,MAR,130239
6159310,64,134,5452,1999,56027.0,0.0,1.264405,1.469627,DNK,MAR,130239
6159311,71,134,5452,1999,54569.0,18827.0,1.0849209999999998,1.9351180000000001,ESP,MAR,130239
6159312,77,134,5452,1999,82301.0,145417.0,1.72758,0.6619079999999999,FRA,MAR,130239
6159313,104,134,5452,1999,60951.0,0.0,0.29945900000000003,2.438702,IND,MAR,130239
6159314,111,134,5452,1999,79824.0,0.0,1.395253,1.3589790000000002,ITA,MAR,130239
6159315,126,134,5452,1999,0.0,4564.0,-0.269375,-1.145758,LBY,MAR,130239
6159316,141,134,5452,1999,0.0,8216.0,-0.8019149999999999,-0.9337979999999999,MLI,MAR,130239
6159317,166,134,5452,1999,0.0,101937.0,0.592051,0.780176,NZL,MAR,130239
6159318,216,134,5452,1999,0.0,31532.0,0.20451,1.513533,THA,MAR,130239
6159319,231,134,5452,1999,5974.0,52813.0,1.8755119999999998,0.5350729999999999,USA,MAR,130239
6159320,45,191,5452,1999,0.0,415.0,-1.7392470000000002,-1.241373,CMR,SEN,130239
6159321,64,191,5452,1999,2658.0,0.0,1.264405,1.469627,DNK,SEN,130239
6159322,77,191,5452,1999,8875.0,0.0,1.72758,0.6619079999999999,FRA,SEN,130239
6159323,81,191,5452,1999,0.0,13698.0,1.9523830000000002,0.771455,GBR,SEN,130239
6159324,174,191,5452,1999,113722.0,0.0,-0.401903,-0.333408,PHL,SEN,130239
6159325,41,246,5452,1999,22174.0,0.0,2.189934,0.741428,CHE,ZAF,130239
6159326,46,246,5452,1999,0.0,374515.0,-1.4871290000000001,-1.1859620000000002,COD,ZAF,130239
6159327,61,246,5452,1999,91685.0,4355.0,2.334811,-2.060502,DEU,ZAF,130239
6159328,64,246,5452,1999,184787.0,0.0,1.264405,1.469627,DNK,ZAF,130239
6159329,71,246,5452,1999,31159.0,0.0,1.0849209999999998,1.9351180000000001,ESP,ZAF,130239
6159330,77,246,5452,1999,41808.0,874.0,1.72758,0.6619079999999999,FRA,ZAF,130239
6159331,81,246,5452,1999,46223.0,3006.0,1.9523830000000002,0.771455,GBR,ZAF,130239
6159332,97,246,5452,1999,1995.0,0.0,0.387427,2.402434,HKG,ZAF,130239
6159333,104,246,5452,1999,8815.0,0.0,0.29945900000000003,2.438702,IND,ZAF,130239
6159334,106,246,5452,1999,24940.0,0.0,1.599613,0.37233299999999997,IRL,ZAF,130239
6159335,107,246,5452,1999,0.0,6954.0,-0.9366620000000001,-1.147602,IRN,ZAF,130239
6159336,147,246,5452,1999,0.0,23579.0,-0.35994699999999996,-0.725301,MOZ,ZAF,130239
6159337,151,246,5452,1999,0.0,7991.0,-0.5713729999999999,-0.696416,MUS,ZAF,130239
6159338,152,246,5452,1999,0.0,1534.0,-1.319572,-1.199031,MWI,ZAF,130239
6159339,162,246,5452,1999,1859.0,0.0,1.308776,1.574293,NLD,ZAF,130239
6159340,168,246,5452,1999,147817.0,0.0,-1.047891,-0.525612,PAK,ZAF,130239
6159341,174,246,5452,1999,38228.0,0.0,-0.401903,-0.333408,PHL,ZAF,130239
6159342,192,246,5452,1999,4570.0,0.0,1.355833,0.594305,SGP,ZAF,130239
6159343,208,246,5452,1999,2358.0,0.0,2.1456720000000002,0.856556,SWE,ZAF,130239
6159344,216,246,5452,1999,0.0,24118.0,0.20451,1.513533,THA,ZAF,130239
6159345,231,246,5452,1999,16559.0,0.0,1.8755119999999998,0.5350729999999999,USA,ZAF,130239
6159346,247,246,5452,1999,0.0,16760.0,-0.388446,-0.47129099999999996,ZMB,ZAF,130239
6159347,249,246,5452,1999,1078.0,0.0,1.336816,1.725334,TWN,ZAF,130239
6159348,61,247,5452,1999,2583.0,0.0,2.334811,-2.060502,DEU,ZMB,130239
6159349,246,247,5452,1999,16760.0,0.0,0.543171,1.432792,ZAF,ZMB,130239
6159350,231,29,5452,1999,1611.0,0.0,1.8755119999999998,0.5350729999999999,USA,BLZ,130239
6159351,81,7,5452,1999,5958.0,0.0,1.9523830000000002,0.771455,GBR,ARE,130239
6159352,107,7,5452,1999,1361.0,0.0,-0.9366620000000001,-1.147602,IRN,ARE,130239
6159353,111,7,5452,1999,29918.0,0.0,1.395253,1.3589790000000002,ITA,ARE,130239
6159354,116,7,5452,1999,8711.0,0.0,-0.336125,0.43983999999999995,KEN,ARE,130239
6159355,128,7,5452,1999,0.0,2537.0,-0.8875649999999999,-0.059249,LKA,ARE,130239
6159356,137,7,5452,1999,0.0,3280.0,-0.83783,-0.941734,MDV,ARE,130239
6159357,174,7,5452,1999,14546.0,0.0,-0.401903,-0.333408,PHL,ARE,130239
6159358,15,58,5452,1999,3257.0,0.0,1.836804,0.744312,AUT,CYP,130239
6159359,18,58,5452,1999,0.0,14248.0,1.512061,1.253478,BEL,CYP,130239
6159360,61,58,5452,1999,11559.0,0.0,2.334811,-2.060502,DEU,CYP,130239
6159361,64,58,5452,1999,41082.0,0.0,1.264405,1.469627,DNK,CYP,130239
6159362,77,58,5452,1999,4619.0,0.0,1.72758,0.6619079999999999,FRA,CYP,130239
6159363,81,58,5452,1999,56683.0,2173.0,1.9523830000000002,0.771455,GBR,CYP,130239
6159364,90,58,5452,1999,3545.0,0.0,0.24943600000000002,1.172467,GRC,CYP,130239
6159365,224,58,5452,1999,1432.0,0.0,0.044692,1.745755,TUR,CYP,130239
6159366,231,58,5452,1999,3514.0,0.0,1.8755119999999998,0.5350729999999999,USA,CYP,130239
6159367,15,110,5452,1999,808.0,57688.0,1.836804,0.744312,AUT,ISR,130239
6159368,18,110,5452,1999,74034.0,3795.0,1.512061,1.253478,BEL,ISR,130239
6159369,41,110,5452,1999,19896.0,0.0,2.189934,0.741428,CHE,ISR,130239
6159370,43,110,5452,1999,1828.0,0.0,0.386094,3.270089,CHN,ISR,130239
6159371,61,110,5452,1999,87869.0,0.0,2.334811,-2.060502,DEU,ISR,130239
6159372,64,110,5452,1999,512035.0,0.0,1.264405,1.469627,DNK,ISR,130239
6159373,71,110,5452,1999,131731.0,0.0,1.0849209999999998,1.9351180000000001,ESP,ISR,130239
6159374,77,110,5452,1999,979429.0,0.0,1.72758,0.6619079999999999,FRA,ISR,130239
6159375,81,110,5452,1999,3142.0,5662.0,1.9523830000000002,0.771455,GBR,ISR,130239
6159376,100,110,5452,1999,0.0,14747.0,0.572934,0.9873639999999999,HRV,ISR,130239
6159377,104,110,5452,1999,0.0,48373.0,0.29945900000000003,2.438702,IND,ISR,130239
6159378,106,110,5452,1999,15348.0,0.0,1.599613,0.37233299999999997,IRL,ISR,130239
6159379,111,110,5452,1999,117745.0,0.0,1.395253,1.3589790000000002,ITA,ISR,130239
6159380,113,110,5452,1999,0.0,1150.0,0.475995,0.514447,JOR,ISR,130239
6159381,121,110,5452,1999,1446.0,0.0,0.92448,1.053988,KOR,ISR,130239
6159382,162,110,5452,1999,18545.0,42851.0,1.308776,1.574293,NLD,ISR,130239
6159383,174,110,5452,1999,117552.0,10129.0,-0.401903,-0.333408,PHL,ISR,130239
6159384,185,110,5452,1999,0.0,16753.0,0.253874,0.8322709999999999,ROU,ISR,130239
6159385,186,110,5452,1999,0.0,813.0,0.903308,0.590858,RUS,ISR,130239
6159386,207,110,5452,1999,0.0,2876.0,1.447589,1.284414,SVN,ISR,130239
6159387,208,110,5452,1999,1665.0,0.0,2.1456720000000002,0.856556,SWE,ISR,130239
6159388,216,110,5452,1999,14419.0,0.0,0.20451,1.513533,THA,ISR,130239
6159389,224,110,5452,1999,856.0,0.0,0.044692,1.745755,TUR,ISR,130239
6159390,231,110,5452,1999,8904.0,0.0,1.8755119999999998,0.5350729999999999,USA,ISR,130239
6159391,232,110,5452,1999,0.0,25002.0,-0.43066499999999996,-0.767428,UZB,ISR,130239
6159392,162,122,5452,1999,5808.0,0.0,1.308776,1.574293,NLD,KWT,130239
6159393,61,135,5452,1999,128823.0,0.0,2.334811,-2.060502,DEU,MDA,130239
6159394,64,135,5452,1999,13892.0,0.0,1.264405,1.469627,DNK,MDA,130239
6159395,162,135,5452,1999,36808.0,0.0,1.308776,1.574293,NLD,MDA,130239
6159396,185,135,5452,1999,3723.0,0.0,0.253874,0.8322709999999999,ROU,MDA,130239
6159397,15,140,5452,1999,11596.0,0.0,1.836804,0.744312,AUT,MKD,130239
6159398,41,140,5452,1999,5947.0,0.0,2.189934,0.741428,CHE,MKD,130239
6159399,43,140,5452,1999,517.0,0.0,0.386094,3.270089,CHN,MKD,130239
6159400,61,140,5452,1999,19621.0,0.0,2.334811,-2.060502,DEU,MKD,130239
6159401,111,140,5452,1999,8454.0,0.0,1.395253,1.3589790000000002,ITA,MKD,130239
6159402,162,140,5452,1999,15214.0,0.0,1.308776,1.574293,NLD,MKD,130239
6159403,64,142,5452,1999,19470.0,0.0,1.264405,1.469627,DNK,MLT,130239
6159404,81,142,5452,1999,116114.0,0.0,1.9523830000000002,0.771455,GBR,MLT,130239
6159405,104,142,5452,1999,9232.0,0.0,0.29945900000000003,2.438702,IND,MLT,130239
6159406,111,142,5452,1999,9969.0,0.0,1.395253,1.3589790000000002,ITA,MLT,130239
6159407,41,168,5452,1999,0.0,71460.0,2.189934,0.741428,CHE,PAK,130239
6159408,42,168,5452,1999,0.0,70187.0,0.041013,-0.111553,CHL,PAK,130239
6159409,43,168,5452,1999,0.0,95959.0,0.386094,3.270089,CHN,PAK,130239
6159410,61,168,5452,1999,0.0,373561.0,2.334811,-2.060502,DEU,PAK,130239
6159411,71,168,5452,1999,0.0,25898.0,1.0849209999999998,1.9351180000000001,ESP,PAK,130239
6159412,77,168,5452,1999,3487.0,0.0,1.72758,0.6619079999999999,FRA,PAK,130239
6159413,81,168,5452,1999,0.0,615117.0,1.9523830000000002,0.771455,GBR,PAK,130239
6159414,107,168,5452,1999,0.0,65171.0,-0.9366620000000001,-1.147602,IRN,PAK,130239
6159415,116,168,5452,1999,18774.0,0.0,-0.336125,0.43983999999999995,KEN,PAK,130239
6159416,121,168,5452,1999,32710.0,0.0,0.92448,1.053988,KOR,PAK,130239
6159417,128,168,5452,1999,0.0,8688.0,-0.8875649999999999,-0.059249,LKA,PAK,130239
6159418,153,168,5452,1999,4304.0,0.0,0.500591,0.136149,MYS,PAK,130239
6159419,174,168,5452,1999,21445.0,0.0,-0.401903,-0.333408,PHL,PAK,130239
6159420,188,168,5452,1999,0.0,3135.0,0.553028,-0.527401,SAU,PAK,130239
6159421,224,168,5452,1999,0.0,123749.0,0.044692,1.745755,TUR,PAK,130239
6159422,231,168,5452,1999,3041.0,2783.0,1.8755119999999998,0.5350729999999999,USA,PAK,130239
6159423,246,168,5452,1999,0.0,147817.0,0.543171,1.432792,ZAF,PAK,130239
6159424,138,178,5452,1999,0.0,14129.0,0.581034,0.8399760000000001,MEX,PRK,130239
6159425,162,178,5452,1999,5802.0,0.0,1.308776,1.574293,NLD,PRK,130239
6159426,15,185,5452,1999,23110.0,0.0,1.836804,0.744312,AUT,ROU,130239
6159427,43,185,5452,1999,837.0,0.0,0.386094,3.270089,CHN,ROU,130239
6159428,61,185,5452,1999,34777.0,0.0,2.334811,-2.060502,DEU,ROU,130239
6159429,64,185,5452,1999,122943.0,0.0,1.264405,1.469627,DNK,ROU,130239
6159430,77,185,5452,1999,2601.0,0.0,1.72758,0.6619079999999999,FRA,ROU,130239
6159431,90,185,5452,1999,20316.0,0.0,0.24943600000000002,1.172467,GRC,ROU,130239
6159432,102,185,5452,1999,4896.0,0.0,0.794675,1.308337,HUN,ROU,130239
6159433,110,185,5452,1999,16753.0,0.0,1.342593,0.781931,ISR,ROU,130239
6159434,111,185,5452,1999,3580.0,0.0,1.395253,1.3589790000000002,ITA,ROU,130239
6159435,135,185,5452,1999,0.0,3723.0,-0.16408,-0.08062000000000001,MDA,ROU,130239
6159436,162,185,5452,1999,40034.0,0.0,1.308776,1.574293,NLD,ROU,130239
6159437,174,185,5452,1999,33926.0,0.0,-0.401903,-0.333408,PHL,ROU,130239
6159438,206,185,5452,1999,3805.0,0.0,1.133942,1.105742,SVK,ROU,130239
6159439,208,185,5452,1999,30632.0,0.0,2.1456720000000002,0.856556,SWE,ROU,130239
6159440,231,185,5452,1999,17010.0,0.0,1.8755119999999998,0.5350729999999999,USA,ROU,130239
6159441,250,185,5452,1999,5229.0,0.0,1.130511,0.9547379999999999,ANS,ROU,130239
6159442,15,189,5452,1999,26050.0,0.0,1.836804,0.744312,AUT,SCG,130239
6159443,41,189,5452,1999,734.0,0.0,2.189934,0.741428,CHE,SCG,130239
6159444,61,189,5452,1999,37818.0,0.0,2.334811,-2.060502,DEU,SCG,130239
6159445,64,189,5452,1999,24741.0,0.0,1.264405,1.469627,DNK,SCG,130239
6159446,77,189,5452,1999,924.0,0.0,1.72758,0.6619079999999999,FRA,SCG,130239
6159447,111,189,5452,1999,4877.0,0.0,1.395253,1.3589790000000002,ITA,SCG,130239
6159448,174,189,5452,1999,40860.0,0.0,-0.401903,-0.333408,PHL,SCG,130239
6159449,18,212,5452,1999,17204.0,0.0,1.512061,1.253478,BEL,SYR,130239
6159450,61,212,5452,1999,7366.0,0.0,2.334811,-2.060502,DEU,SYR,130239
6159451,77,212,5452,1999,2122.0,0.0,1.72758,0.6619079999999999,FRA,SYR,130239
6159452,81,212,5452,1999,5375.0,0.0,1.9523830000000002,0.771455,GBR,SYR,130239
6159453,111,212,5452,1999,103110.0,0.0,1.395253,1.3589790000000002,ITA,SYR,130239
6159454,43,223,5452,1999,3314.0,0.0,0.386094,3.270089,CHN,TUN,130239
6159455,61,223,5452,1999,17069.0,0.0,2.334811,-2.060502,DEU,TUN,130239
6159456,64,223,5452,1999,24216.0,0.0,1.264405,1.469627,DNK,TUN,130239
6159457,77,223,5452,1999,294883.0,0.0,1.72758,0.6619079999999999,FRA,TUN,130239
6159458,81,223,5452,1999,7408.0,0.0,1.9523830000000002,0.771455,GBR,TUN,130239
6159459,111,223,5452,1999,17662.0,0.0,1.395253,1.3589790000000002,ITA,TUN,130239
6159460,162,223,5452,1999,76882.0,0.0,1.308776,1.574293,NLD,TUN,130239
6159461,174,223,5452,1999,30932.0,0.0,-0.401903,-0.333408,PHL,TUN,130239
6159462,179,223,5452,1999,7676.0,0.0,0.420538,1.379359,PRT,TUN,130239
6159463,61,250,5452,1999,10885.0,0.0,2.334811,-2.060502,DEU,ANS,130239
6159464,77,250,5452,1999,0.0,45280.0,1.72758,0.6619079999999999,FRA,ANS,130239
6159465,113,250,5452,1999,126992.0,5121.0,0.475995,0.514447,JOR,ANS,130239
6159466,138,250,5452,1999,0.0,46117.0,0.581034,0.8399760000000001,MEX,ANS,130239
6159467,151,250,5452,1999,0.0,4298.0,-0.5713729999999999,-0.696416,MUS,ANS,130239
6159468,174,250,5452,1999,3536.0,0.0,-0.401903,-0.333408,PHL,ANS,130239
6159469,185,250,5452,1999,0.0,5229.0,0.253874,0.8322709999999999,ROU,ANS,130239
6159470,188,250,5452,1999,35145.0,0.0,0.553028,-0.527401,SAU,ANS,130239
6159471,208,250,5452,1999,2826.0,0.0,2.1456720000000002,0.856556,SWE,ANS,130239
6159472,42,65,5452,1999,17290.0,0.0,0.041013,-0.111553,CHL,DOM,130239
6159473,77,65,5452,1999,11615.0,0.0,1.72758,0.6619079999999999,FRA,DOM,130239
6159474,121,65,5452,1999,53870.0,0.0,0.92448,1.053988,KOR,DOM,130239
6159475,162,65,5452,1999,2423.0,0.0,1.308776,1.574293,NLD,DOM,130239
6159476,231,65,5452,1999,261711.0,10127.0,1.8755119999999998,0.5350729999999999,USA,DOM,130239
6159477,61,239,5452,1999,1112.0,0.0,2.334811,-2.060502,DEU,VNM,130239
6159478,77,239,5452,1999,18798.0,0.0,1.72758,0.6619079999999999,FRA,VNM,130239
6159479,81,239,5452,1999,2030.0,0.0,1.9523830000000002,0.771455,GBR,VNM,130239
6159480,153,239,5452,1999,16462.0,0.0,0.500591,0.136149,MYS,VNM,130239
6159481,192,239,5452,1999,14245.0,0.0,1.355833,0.594305,SGP,VNM,130239
6159482,216,239,5452,1999,12471.0,0.0,0.20451,1.513533,THA,VNM,130239
6159483,231,239,5452,1999,19577.0,0.0,1.8755119999999998,0.5350729999999999,USA,VNM,130239
6159484,249,239,5452,1999,2505.0,0.0,1.336816,1.725334,TWN,VNM,130239
6159485,103,63,5452,1999,6011.0,0.0,-0.20447,1.568505,IDN,DMA,130239
6159486,114,63,5452,1999,0.0,183509.0,2.541382,0.693702,JPN,DMA,130239
6159487,231,63,5452,1999,106113.0,0.0,1.8755119999999998,0.5350729999999999,USA,DMA,130239
6159488,216,87,5452,1999,941.0,0.0,0.20451,1.513533,THA,GMB,130239
6159489,41,99,5452,1999,4810.0,0.0,2.189934,0.741428,CHE,HND,130239
6159490,52,99,5452,1999,24420.0,0.0,-0.310033,-0.299529,CRI,HND,130239
6159491,197,99,5452,1999,0.0,45973.0,-0.263572,-0.121576,SLV,HND,130239
6159492,231,99,5452,1999,9083.0,0.0,1.8755119999999998,0.5350729999999999,USA,HND,130239
6159493,90,4,5452,1999,4843.0,0.0,0.24943600000000002,1.172467,GRC,ALB,130239
6159494,224,4,5452,1999,4380.0,0.0,0.044692,1.745755,TUR,ALB,130239
6159495,68,24,5452,1999,0.0,19256.0,-0.311879,0.300746,EGY,BHR,130239
6159496,18,45,5452,1999,5073.0,0.0,1.512061,1.253478,BEL,CMR,130239
6159497,44,45,5452,1999,2749.0,0.0,-0.591892,-0.654457,CIV,CMR,130239
6159498,61,45,5452,1999,4200.0,0.0,2.334811,-2.060502,DEU,CMR,130239
6159499,77,45,5452,1999,3974.0,0.0,1.72758,0.6619079999999999,FRA,CMR,130239
6159500,106,45,5452,1999,23570.0,0.0,1.599613,0.37233299999999997,IRL,CMR,130239
6159501,174,45,5452,1999,884.0,0.0,-0.401903,-0.333408,PHL,CMR,130239
6159502,191,45,5452,1999,415.0,0.0,-0.472473,-0.462562,SEN,CMR,130239
6159503,111,85,5452,1999,3699.0,0.0,1.395253,1.3589790000000002,ITA,GIN,130239
6159504,61,109,5452,1999,0.0,92690.0,2.334811,-2.060502,DEU,ISL,130239
6159505,64,109,5452,1999,27824.0,0.0,1.264405,1.469627,DNK,ISL,130239
6159506,77,109,5452,1999,18101.0,0.0,1.72758,0.6619079999999999,FRA,ISL,130239
6159507,81,109,5452,1999,7858.0,0.0,1.9523830000000002,0.771455,GBR,ISL,130239
6159508,114,109,5452,1999,3542.0,0.0,2.541382,0.693702,JPN,ISL,130239
6159509,231,109,5452,1999,4387.0,0.0,1.8755119999999998,0.5350729999999999,USA,ISL,130239
6159510,134,126,5452,1999,4564.0,0.0,-0.659053,-0.142104,MAR,LBY,130239
6159511,61,130,5452,1999,28370.0,0.0,2.334811,-2.060502,DEU,LTU,130239
6159512,64,130,5452,1999,40550.0,0.0,1.264405,1.469627,DNK,LTU,130239
6159513,71,130,5452,1999,10880.0,0.0,1.0849209999999998,1.9351180000000001,ESP,LTU,130239
6159514,72,130,5452,1999,0.0,1368.0,0.502979,0.8847440000000001,EST,LTU,130239
6159515,74,130,5452,1999,22222.0,0.0,2.095642,0.966282,FIN,LTU,130239
6159516,81,130,5452,1999,52856.0,0.0,1.9523830000000002,0.771455,GBR,LTU,130239
6159517,121,130,5452,1999,1636.0,0.0,0.92448,1.053988,KOR,LTU,130239
6159518,132,130,5452,1999,0.0,6975.0,0.20633600000000002,0.324171,LVA,LTU,130239
6159519,39,133,5452,1999,0.0,6625.0,1.083572,1.08026,CAN,MAC,130239
6159520,97,133,5452,1999,23288.0,0.0,0.387427,2.402434,HKG,MAC,130239
6159521,77,136,5452,1999,12290.0,0.0,1.72758,0.6619079999999999,FRA,MDG,130239
6159522,7,137,5452,1999,3280.0,0.0,-0.21921,-0.54813,ARE,MDV,130239
6159523,14,137,5452,1999,2874.0,0.0,0.357101,0.8857879999999999,AUS,MDV,130239
6159524,128,137,5452,1999,1522.0,0.0,-0.8875649999999999,-0.059249,LKA,MDV,130239
6159525,166,137,5452,1999,16809.0,0.0,0.592051,0.780176,NZL,MDV,130239
6159526,192,137,5452,1999,32424.0,0.0,1.355833,0.594305,SGP,MDV,130239
6159527,44,141,5452,1999,8838.0,0.0,-0.591892,-0.654457,CIV,MLI,130239
6159528,134,141,5452,1999,8216.0,0.0,-0.659053,-0.142104,MAR,MLI,130239
6159529,61,151,5452,1999,53302.0,0.0,2.334811,-2.060502,DEU,MUS,130239
6159530,64,151,5452,1999,22316.0,0.0,1.264405,1.469627,DNK,MUS,130239
6159531,77,151,5452,1999,2065.0,2534.0,1.72758,0.6619079999999999,FRA,MUS,130239
6159532,104,151,5452,1999,2263.0,0.0,0.29945900000000003,2.438702,IND,MUS,130239
6159533,106,151,5452,1999,5726.0,0.0,1.599613,0.37233299999999997,IRL,MUS,130239
6159534,192,151,5452,1999,939.0,0.0,1.355833,0.594305,SGP,MUS,130239
6159535,246,151,5452,1999,7991.0,0.0,0.543171,1.432792,ZAF,MUS,130239
6159536,250,151,5452,1999,4298.0,0.0,1.130511,0.9547379999999999,ANS,MUS,130239
6159537,246,152,5452,1999,1534.0,0.0,0.543171,1.432792,ZAF,MWI,130239
6159538,41,164,5452,1999,4774.0,0.0,2.189934,0.741428,CHE,NPL,130239
6159539,97,164,5452,1999,13207.0,0.0,0.387427,2.402434,HKG,NPL,130239
6159540,104,164,5452,1999,0.0,10209.0,0.29945900000000003,2.438702,IND,NPL,130239
6159541,216,164,5452,1999,1374.0,0.0,0.20451,1.513533,THA,NPL,130239
6159542,231,164,5452,1999,503321.0,0.0,1.8755119999999998,0.5350729999999999,USA,NPL,130239
6159543,77,182,5452,1999,9608.0,0.0,1.72758,0.6619079999999999,FRA,PYF,130239
6159544,106,211,5452,1999,1921.0,0.0,1.599613,0.37233299999999997,IRL,SYC,130239
6159545,192,211,5452,1999,6273.0,0.0,1.355833,0.594305,SGP,SYC,130239
6159546,61,226,5452,1999,1463.0,0.0,2.334811,-2.060502,DEU,TZA,130239
6159547,106,226,5452,1999,7230.0,0.0,1.599613,0.37233299999999997,IRL,TZA,130239
6159548,18,227,5452,1999,0.0,2489.0,1.512061,1.253478,BEL,UGA,130239
6159549,111,243,5452,1999,3982.0,0.0,1.395253,1.3589790000000002,ITA,YEM,130239
6159550,179,2,5452,1999,1227.0,0.0,0.420538,1.379359,PRT,AGO,130239
6159551,104,22,5452,1999,2675.0,0.0,0.29945900000000003,2.438702,IND,BGD,130239
6159552,231,22,5452,1999,5437.0,0.0,1.8755119999999998,0.5350729999999999,USA,BGD,130239
6159553,71,47,5452,1999,0.0,2498.0,1.0849209999999998,1.9351180000000001,ESP,COG,130239
6159554,111,62,5452,1999,1598.0,0.0,1.395253,1.3589790000000002,ITA,DJI,130239
6159555,14,75,5452,1999,8941.0,0.0,0.357101,0.8857879999999999,AUS,FJI,130239
6159556,107,108,5452,1999,8403.0,0.0,-0.9366620000000001,-1.147602,IRN,IRQ,130239
6159557,61,115,5452,1999,2312.0,0.0,2.334811,-2.060502,DEU,KAZ,130239
6159558,162,115,5452,1999,61798.0,0.0,1.308776,1.574293,NLD,KAZ,130239
6159559,186,115,5452,1999,1732.0,0.0,0.903308,0.590858,RUS,KAZ,130239
6159560,216,118,5452,1999,5656.0,0.0,0.20451,1.513533,THA,KHM,130239
6159561,231,125,5452,1999,3957.0,0.0,1.8755119999999998,0.5350729999999999,USA,LBR,130239
6159562,216,143,5452,1999,59091.0,0.0,0.20451,1.513533,THA,MMR,130239
6159563,246,147,5452,1999,23579.0,0.0,0.543171,1.432792,ZAF,MOZ,130239
6159564,77,156,5452,1999,6600.0,0.0,1.72758,0.6619079999999999,FRA,NCL,130239
6159565,192,156,5452,1999,873.0,0.0,1.355833,0.594305,SGP,NCL,130239
6159566,32,180,5452,1999,10389.0,0.0,0.762468,1.191759,BRA,PRY,130239
6159567,42,180,5452,1999,1156.0,0.0,0.041013,-0.111553,CHL,PRY,130239
6159568,64,180,5452,1999,6836.0,0.0,1.264405,1.469627,DNK,PRY,130239
6159569,77,180,5452,1999,4935.0,0.0,1.72758,0.6619079999999999,FRA,PRY,130239
6159570,42,248,5452,1999,90611.0,0.0,0.041013,-0.111553,CHL,ZWE,130239
6159571,110,232,5452,1999,25002.0,0.0,1.342593,0.781931,ISR,UZB,130239
6159572,106,6,5452,1999,8629.0,0.0,1.599613,0.37233299999999997,IRL,ANT,130239
6159573,162,6,5452,1999,1496.0,0.0,1.308776,1.574293,NLD,ANT,130239
6159574,153,34,5452,1999,4983.0,0.0,0.500591,0.136149,MYS,BRN,130239
6159575,192,34,5452,1999,173772.0,0.0,1.355833,0.594305,SGP,BRN,130239
6159576,106,40,5452,1999,23286.0,0.0,1.599613,0.37233299999999997,IRL,CCK,130239
6159577,18,46,5452,1999,0.0,532422.0,1.512061,1.253478,BEL,COD,130239
6159578,77,46,5452,1999,0.0,2203.0,1.72758,0.6619079999999999,FRA,COD,130239
6159579,246,46,5452,1999,374515.0,0.0,0.543171,1.432792,ZAF,COD,130239
6159580,216,123,5452,1999,4573.0,0.0,0.20451,1.513533,THA,LAO,130239
6159581,104,35,5452,1999,0.0,3557.0,0.29945900000000003,2.438702,IND,BTN,130239
6159582,18,38,5452,1999,0.0,13072.0,1.512061,1.253478,BEL,CAF,130239
6159583,64,78,5452,1999,8035.0,0.0,1.264405,1.469627,DNK,FRO,130239
6159584,18,15,5453,1999,0.0,2717.0,1.512061,1.253478,BEL,AUT,140110
6159585,41,15,5453,1999,0.0,10528.0,2.189934,0.741428,CHE,AUT,140110
6159586,43,15,5453,1999,89981.0,0.0,0.386094,3.270089,CHN,AUT,140110
6159587,59,15,5453,1999,0.0,1718.0,1.412439,1.329385,CZE,AUT,140110
6159588,61,15,5453,1999,173463.0,34771.0,2.334811,-2.060502,DEU,AUT,140110
6159589,77,15,5453,1999,0.0,34828.0,1.72758,0.6619079999999999,FRA,AUT,140110
6159590,102,15,5453,1999,0.0,3351.0,0.794675,1.308337,HUN,AUT,140110
6159591,103,15,5453,1999,1218.0,0.0,-0.20447,1.568505,IDN,AUT,140110
6159592,104,15,5453,1999,2138.0,0.0,0.29945900000000003,2.438702,IND,AUT,140110
6159593,111,15,5453,1999,32491.0,0.0,1.395253,1.3589790000000002,ITA,AUT,140110
6159594,162,15,5453,1999,4084.0,0.0,1.308776,1.574293,NLD,AUT,140110
6159595,206,15,5453,1999,0.0,2064.0,1.133942,1.105742,SVK,AUT,140110
6159596,207,15,5453,1999,0.0,3665.0,1.447589,1.284414,SVN,AUT,140110
6159597,216,15,5453,1999,1470.0,0.0,0.20451,1.513533,THA,AUT,140110
6159598,249,15,5453,1999,7316.0,0.0,1.336816,1.725334,TWN,AUT,140110
6159599,15,18,5453,1999,2717.0,0.0,1.836804,0.744312,AUT,BEL,140110
6159600,26,18,5453,1999,0.0,1677.0,0.366494,0.298229,BIH,BEL,140110
6159601,43,18,5453,1999,595428.0,0.0,0.386094,3.270089,CHN,BEL,140110
6159602,59,18,5453,1999,0.0,12065.0,1.412439,1.329385,CZE,BEL,140110
6159603,61,18,5453,1999,8309.0,39358.0,2.334811,-2.060502,DEU,BEL,140110
6159604,71,18,5453,1999,10911.0,1449.0,1.0849209999999998,1.9351180000000001,ESP,BEL,140110
6159605,77,18,5453,1999,5277.0,354345.0,1.72758,0.6619079999999999,FRA,BEL,140110
6159606,81,18,5453,1999,29867.0,5825.0,1.9523830000000002,0.771455,GBR,BEL,140110
6159607,103,18,5453,1999,3153.0,0.0,-0.20447,1.568505,IDN,BEL,140110
6159608,106,18,5453,1999,0.0,7914.0,1.599613,0.37233299999999997,IRL,BEL,140110
6159609,131,18,5453,1999,0.0,15427.0,1.499745,1.142951,LUX,BEL,140110
6159610,159,18,5453,1999,0.0,18988.0,-1.9312080000000003,-1.279733,NGA,BEL,140110
6159611,162,18,5453,1999,95417.0,128457.0,1.308776,1.574293,NLD,BEL,140110
6159612,179,18,5453,1999,0.0,3480.0,0.420538,1.379359,PRT,BEL,140110
6159613,208,18,5453,1999,0.0,37565.0,2.1456720000000002,0.856556,SWE,BEL,140110
6159614,216,18,5453,1999,5556.0,0.0,0.20451,1.513533,THA,BEL,140110
6159615,246,18,5453,1999,0.0,12827.0,0.543171,1.432792,ZAF,BEL,140110
6159616,43,23,5453,1999,2078.0,0.0,0.386094,3.270089,CHN,BGR,140110
6159617,90,23,5453,1999,6282.0,0.0,0.24943600000000002,1.172467,GRC,BGR,140110
6159618,103,23,5453,1999,2976.0,0.0,-0.20447,1.568505,IDN,BGR,140110
6159619,192,23,5453,1999,664.0,0.0,1.355833,0.594305,SGP,BGR,140110
6159620,239,23,5453,1999,2586.0,0.0,-0.9824940000000001,0.115755,VNM,BGR,140110
6159621,231,25,5453,1999,14518.0,0.0,1.8755119999999998,0.5350729999999999,USA,BHS,140110
6159622,222,33,5453,1999,934.0,0.0,0.258046,-0.562956,TTO,BRB,140110
6159623,15,41,5453,1999,10528.0,0.0,1.836804,0.744312,AUT,CHE,140110
6159624,39,41,5453,1999,2239.0,0.0,1.083572,1.08026,CAN,CHE,140110
6159625,43,41,5453,1999,22936.0,0.0,0.386094,3.270089,CHN,CHE,140110
6159626,61,41,5453,1999,73374.0,1356.0,2.334811,-2.060502,DEU,CHE,140110
6159627,77,41,5453,1999,83294.0,0.0,1.72758,0.6619079999999999,FRA,CHE,140110
6159628,103,41,5453,1999,6966.0,0.0,-0.20447,1.568505,IDN,CHE,140110
6159629,111,41,5453,1999,31607.0,0.0,1.395253,1.3589790000000002,ITA,CHE,140110
6159630,114,41,5453,1999,1106.0,0.0,2.541382,0.693702,JPN,CHE,140110
6159631,116,41,5453,1999,4107.0,0.0,-0.336125,0.43983999999999995,KEN,CHE,140110
6159632,162,41,5453,1999,83468.0,0.0,1.308776,1.574293,NLD,CHE,140110
6159633,231,41,5453,1999,26918.0,1329.0,1.8755119999999998,0.5350729999999999,USA,CHE,140110
6159634,249,41,5453,1999,1104.0,0.0,1.336816,1.725334,TWN,CHE,140110
6159635,7,43,5453,1999,0.0,3631.0,-0.21921,-0.54813,ARE,CHN,140110
6159636,8,43,5453,1999,0.0,1304.0,0.49933500000000003,0.593879,ARG,CHN,140110
6159637,14,43,5453,1999,0.0,601323.0,0.357101,0.8857879999999999,AUS,CHN,140110
6159638,15,43,5453,1999,0.0,89981.0,1.836804,0.744312,AUT,CHN,140110
6159639,18,43,5453,1999,0.0,595428.0,1.512061,1.253478,BEL,CHN,140110
6159640,23,43,5453,1999,0.0,2078.0,0.311033,1.7375040000000002,BGR,CHN,140110
6159641,32,43,5453,1999,0.0,16461.0,0.762468,1.191759,BRA,CHN,140110
6159642,39,43,5453,1999,0.0,293873.0,1.083572,1.08026,CAN,CHN,140110
6159643,41,43,5453,1999,0.0,22936.0,2.189934,0.741428,CHE,CHN,140110
6159644,42,43,5453,1999,0.0,3707.0,0.041013,-0.111553,CHL,CHN,140110
6159645,58,43,5453,1999,0.0,5430.0,0.508464,0.324706,CYP,CHN,140110
6159646,59,43,5453,1999,0.0,39789.0,1.412439,1.329385,CZE,CHN,140110
6159647,61,43,5453,1999,6853.0,1446029.0,2.334811,-2.060502,DEU,CHN,140110
6159648,64,43,5453,1999,0.0,91429.0,1.264405,1.469627,DNK,CHN,140110
6159649,71,43,5453,1999,0.0,579290.0,1.0849209999999998,1.9351180000000001,ESP,CHN,140110
6159650,74,43,5453,1999,0.0,14965.0,2.095642,0.966282,FIN,CHN,140110
6159651,77,43,5453,1999,0.0,1621383.0,1.72758,0.6619079999999999,FRA,CHN,140110
6159652,81,43,5453,1999,0.0,1658420.0,1.9523830000000002,0.771455,GBR,CHN,140110
6159653,83,43,5453,1999,0.0,1806.0,-0.9444520000000001,-0.905826,GHA,CHN,140110
6159654,90,43,5453,1999,0.0,16087.0,0.24943600000000002,1.172467,GRC,CHN,140110
6159655,97,43,5453,1999,147565.0,5421562.0,0.387427,2.402434,HKG,CHN,140110
6159656,100,43,5453,1999,0.0,9770.0,0.572934,0.9873639999999999,HRV,CHN,140110
6159657,102,43,5453,1999,0.0,5901.0,0.794675,1.308337,HUN,CHN,140110
6159658,103,43,5453,1999,8502.0,13709.0,-0.20447,1.568505,IDN,CHN,140110
6159659,104,43,5453,1999,1686.0,1931.0,0.29945900000000003,2.438702,IND,CHN,140110
6159660,106,43,5453,1999,0.0,53961.0,1.599613,0.37233299999999997,IRL,CHN,140110
6159661,110,43,5453,1999,0.0,65583.0,1.342593,0.781931,ISR,CHN,140110
6159662,111,43,5453,1999,0.0,1488937.0,1.395253,1.3589790000000002,ITA,CHN,140110
6159663,114,43,5453,1999,126121.0,6535244.0,2.541382,0.693702,JPN,CHN,140110
6159664,121,43,5453,1999,52896.0,166540.0,0.92448,1.053988,KOR,CHN,140110
6159665,122,43,5453,1999,0.0,6159.0,0.028312999999999998,-1.0742770000000001,KWT,CHN,140110
6159666,124,43,5453,1999,0.0,16753.0,0.264151,0.767188,LBN,CHN,140110
6159667,128,43,5453,1999,0.0,1738.0,-0.8875649999999999,-0.059249,LKA,CHN,140110
6159668,133,43,5453,1999,0.0,121432.0,-0.365239,-0.380913,MAC,CHN,140110
6159669,134,43,5453,1999,0.0,4349.0,-0.659053,-0.142104,MAR,CHN,140110
6159670,138,43,5453,1999,0.0,964.0,0.581034,0.8399760000000001,MEX,CHN,140110
6159671,143,43,5453,1999,2778.0,0.0,-1.4991299999999999,-0.984557,MMR,CHN,140110
6159672,153,43,5453,1999,0.0,138875.0,0.500591,0.136149,MYS,CHN,140110
6159673,156,43,5453,1999,0.0,291.0,-0.079579,-0.777079,NCL,CHN,140110
6159674,162,43,5453,1999,24231.0,3098460.0,1.308776,1.574293,NLD,CHN,140110
6159675,163,43,5453,1999,0.0,93225.0,1.1012959999999998,0.240184,NOR,CHN,140110
6159676,166,43,5453,1999,0.0,83880.0,0.592051,0.780176,NZL,CHN,140110
6159677,174,43,5453,1999,0.0,20853.0,-0.401903,-0.333408,PHL,CHN,140110
6159678,177,43,5453,1999,0.0,139338.0,0.8512700000000001,1.8975229999999998,POL,CHN,140110
6159679,179,43,5453,1999,0.0,4534.0,0.420538,1.379359,PRT,CHN,140110
6159680,185,43,5453,1999,0.0,837.0,0.253874,0.8322709999999999,ROU,CHN,140110
6159681,186,43,5453,1999,0.0,7023.0,0.903308,0.590858,RUS,CHN,140110
6159682,188,43,5453,1999,0.0,3549.0,0.553028,-0.527401,SAU,CHN,140110
6159683,192,43,5453,1999,0.0,248413.0,1.355833,0.594305,SGP,CHN,140110
6159684,195,43,5453,1999,0.0,19937.0,-1.9334959999999999,-0.9984879999999999,SLB,CHN,140110
6159685,206,43,5453,1999,0.0,851.0,1.133942,1.105742,SVK,CHN,140110
6159686,207,43,5453,1999,0.0,12377.0,1.447589,1.284414,SVN,CHN,140110
6159687,208,43,5453,1999,0.0,72004.0,2.1456720000000002,0.856556,SWE,CHN,140110
6159688,216,43,5453,1999,0.0,44980.0,0.20451,1.513533,THA,CHN,140110
6159689,224,43,5453,1999,0.0,6705.0,0.044692,1.745755,TUR,CHN,140110
6159690,231,43,5453,1999,43125.0,3532831.0,1.8755119999999998,0.5350729999999999,USA,CHN,140110
6159691,236,43,5453,1999,0.0,4568.0,0.16454100000000002,-0.691021,VEN,CHN,140110
6159692,239,43,5453,1999,19984.0,25303.0,-0.9824940000000001,0.115755,VNM,CHN,140110
6159693,246,43,5453,1999,0.0,6267.0,0.543171,1.432792,ZAF,CHN,140110
6159694,249,43,5453,1999,698616.0,1000391.0,1.336816,1.725334,TWN,CHN,140110
6159695,250,43,5453,1999,25028.0,0.0,1.130511,0.9547379999999999,ANS,CHN,140110
6159696,71,49,5453,1999,0.0,7763.0,1.0849209999999998,1.9351180000000001,ESP,COL,140110
6159697,77,49,5453,1999,0.0,3489.0,1.72758,0.6619079999999999,FRA,COL,140110
6159698,231,49,5453,1999,0.0,11390.0,1.8755119999999998,0.5350729999999999,USA,COL,140110
6159699,236,49,5453,1999,7985.0,0.0,0.16454100000000002,-0.691021,VEN,COL,140110
6159700,32,52,5453,1999,0.0,4468.0,0.762468,1.191759,BRA,CRI,140110
6159701,39,52,5453,1999,937.0,2769.0,1.083572,1.08026,CAN,CRI,140110
6159702,61,52,5453,1999,0.0,10338.0,2.334811,-2.060502,DEU,CRI,140110
6159703,81,52,5453,1999,0.0,3583.0,1.9523830000000002,0.771455,GBR,CRI,140110
6159704,162,52,5453,1999,0.0,1284.0,1.308776,1.574293,NLD,CRI,140110
6159705,231,52,5453,1999,4148.0,35161.0,1.8755119999999998,0.5350729999999999,USA,CRI,140110
6159706,8,61,5453,1999,1269.0,0.0,0.49933500000000003,0.593879,ARG,DEU,140110
6159707,15,61,5453,1999,34771.0,173463.0,1.836804,0.744312,AUT,DEU,140110
6159708,18,61,5453,1999,39358.0,8309.0,1.512061,1.253478,BEL,DEU,140110
6159709,32,61,5453,1999,2928.0,0.0,0.762468,1.191759,BRA,DEU,140110
6159710,41,61,5453,1999,1356.0,73374.0,2.189934,0.741428,CHE,DEU,140110
6159711,43,61,5453,1999,1446029.0,6853.0,0.386094,3.270089,CHN,DEU,140110
6159712,52,61,5453,1999,10338.0,0.0,-0.310033,-0.299529,CRI,DEU,140110
6159713,59,61,5453,1999,0.0,65074.0,1.412439,1.329385,CZE,DEU,140110
6159714,64,61,5453,1999,19373.0,92626.0,1.264405,1.469627,DNK,DEU,140110
6159715,71,61,5453,1999,2562.0,2556.0,1.0849209999999998,1.9351180000000001,ESP,DEU,140110
6159716,74,61,5453,1999,0.0,1135.0,2.095642,0.966282,FIN,DEU,140110
6159717,77,61,5453,1999,49974.0,48619.0,1.72758,0.6619079999999999,FRA,DEU,140110
6159718,81,61,5453,1999,8210.0,7266.0,1.9523830000000002,0.771455,GBR,DEU,140110
6159719,83,61,5453,1999,1344.0,0.0,-0.9444520000000001,-0.905826,GHA,DEU,140110
6159720,90,61,5453,1999,0.0,4007.0,0.24943600000000002,1.172467,GRC,DEU,140110
6159721,97,61,5453,1999,1159.0,0.0,0.387427,2.402434,HKG,DEU,140110
6159722,100,61,5453,1999,0.0,3659.0,0.572934,0.9873639999999999,HRV,DEU,140110
6159723,102,61,5453,1999,0.0,3150.0,0.794675,1.308337,HUN,DEU,140110
6159724,103,61,5453,1999,13985.0,0.0,-0.20447,1.568505,IDN,DEU,140110
6159725,104,61,5453,1999,57709.0,0.0,0.29945900000000003,2.438702,IND,DEU,140110
6159726,106,61,5453,1999,0.0,8160.0,1.599613,0.37233299999999997,IRL,DEU,140110
6159727,111,61,5453,1999,14712.0,14728.0,1.395253,1.3589790000000002,ITA,DEU,140110
6159728,114,61,5453,1999,7515.0,0.0,2.541382,0.693702,JPN,DEU,140110
6159729,121,61,5453,1999,1082.0,0.0,0.92448,1.053988,KOR,DEU,140110
6159730,130,61,5453,1999,0.0,2947.0,0.197536,0.5041899999999999,LTU,DEU,140110
6159731,131,61,5453,1999,0.0,6770.0,1.499745,1.142951,LUX,DEU,140110
6159732,136,61,5453,1999,28158.0,0.0,-1.186653,-0.5059279999999999,MDG,DEU,140110
6159733,162,61,5453,1999,124926.0,133318.0,1.308776,1.574293,NLD,DEU,140110
6159734,163,61,5453,1999,0.0,32990.0,1.1012959999999998,0.240184,NOR,DEU,140110
6159735,174,61,5453,1999,6216.0,0.0,-0.401903,-0.333408,PHL,DEU,140110
6159736,177,61,5453,1999,0.0,13703.0,0.8512700000000001,1.8975229999999998,POL,DEU,140110
6159737,185,61,5453,1999,0.0,3210.0,0.253874,0.8322709999999999,ROU,DEU,140110
6159738,186,61,5453,1999,0.0,1619.0,0.903308,0.590858,RUS,DEU,140110
6159739,192,61,5453,1999,1025.0,0.0,1.355833,0.594305,SGP,DEU,140110
6159740,207,61,5453,1999,0.0,2633.0,1.447589,1.284414,SVN,DEU,140110
6159741,208,61,5453,1999,0.0,3324.0,2.1456720000000002,0.856556,SWE,DEU,140110
6159742,216,61,5453,1999,173404.0,0.0,0.20451,1.513533,THA,DEU,140110
6159743,224,61,5453,1999,59754.0,0.0,0.044692,1.745755,TUR,DEU,140110
6159744,231,61,5453,1999,63732.0,0.0,1.8755119999999998,0.5350729999999999,USA,DEU,140110
6159745,239,61,5453,1999,4362.0,0.0,-0.9824940000000001,0.115755,VNM,DEU,140110
6159746,246,61,5453,1999,0.0,1419.0,0.543171,1.432792,ZAF,DEU,140110
6159747,249,61,5453,1999,99045.0,0.0,1.336816,1.725334,TWN,DEU,140110
6159748,250,61,5453,1999,0.0,2177.0,1.130511,0.9547379999999999,ANS,DEU,140110
6159749,43,64,5453,1999,91429.0,0.0,0.386094,3.270089,CHN,DNK,140110
6159750,61,64,5453,1999,92626.0,19373.0,2.334811,-2.060502,DEU,DNK,140110
6159751,71,64,5453,1999,0.0,8357.0,1.0849209999999998,1.9351180000000001,ESP,DNK,140110
6159752,74,64,5453,1999,0.0,12284.0,2.095642,0.966282,FIN,DNK,140110
6159753,77,64,5453,1999,0.0,4039.0,1.72758,0.6619079999999999,FRA,DNK,140110
6159754,78,64,5453,1999,0.0,2904.0,-0.718961,-0.900609,FRO,DNK,140110
6159755,81,64,5453,1999,1226.0,67098.0,1.9523830000000002,0.771455,GBR,DNK,140110
6159756,103,64,5453,1999,5830.0,0.0,-0.20447,1.568505,IDN,DNK,140110
6159757,106,64,5453,1999,7299.0,5029.0,1.599613,0.37233299999999997,IRL,DNK,140110
6159758,111,64,5453,1999,0.0,11491.0,1.395253,1.3589790000000002,ITA,DNK,140110
6159759,162,64,5453,1999,53574.0,3166.0,1.308776,1.574293,NLD,DNK,140110
6159760,163,64,5453,1999,0.0,9436.0,1.1012959999999998,0.240184,NOR,DNK,140110
6159761,174,64,5453,1999,8111.0,0.0,-0.401903,-0.333408,PHL,DNK,140110
6159762,177,64,5453,1999,0.0,2752.0,0.8512700000000001,1.8975229999999998,POL,DNK,140110
6159763,179,64,5453,1999,0.0,13736.0,0.420538,1.379359,PRT,DNK,140110
6159764,207,64,5453,1999,0.0,1172.0,1.447589,1.284414,SVN,DNK,140110
6159765,208,64,5453,1999,21620.0,97346.0,2.1456720000000002,0.856556,SWE,DNK,140110
6159766,216,64,5453,1999,4685.0,0.0,0.20451,1.513533,THA,DNK,140110
6159767,226,64,5453,1999,0.0,391.0,-1.068358,-0.54693,TZA,DNK,140110
6159768,249,64,5453,1999,15745.0,0.0,1.336816,1.725334,TWN,DNK,140110
6159769,81,67,5453,1999,1870.0,0.0,1.9523830000000002,0.771455,GBR,ECU,140110
6159770,173,67,5453,1999,0.0,448102.0,-0.367489,0.11813399999999999,PER,ECU,140110
6159771,18,71,5453,1999,1449.0,10911.0,1.512061,1.253478,BEL,ESP,140110
6159772,43,71,5453,1999,579290.0,0.0,0.386094,3.270089,CHN,ESP,140110
6159773,49,71,5453,1999,7763.0,0.0,0.190667,0.136271,COL,ESP,140110
6159774,61,71,5453,1999,2556.0,2562.0,2.334811,-2.060502,DEU,ESP,140110
6159775,64,71,5453,1999,8357.0,0.0,1.264405,1.469627,DNK,ESP,140110
6159776,77,71,5453,1999,138812.0,80200.0,1.72758,0.6619079999999999,FRA,ESP,140110
6159777,81,71,5453,1999,0.0,149900.0,1.9523830000000002,0.771455,GBR,ESP,140110
6159778,90,71,5453,1999,0.0,11964.0,0.24943600000000002,1.172467,GRC,ESP,140110
6159779,97,71,5453,1999,4547.0,0.0,0.387427,2.402434,HKG,ESP,140110
6159780,103,71,5453,1999,14929.0,0.0,-0.20447,1.568505,IDN,ESP,140110
6159781,104,71,5453,1999,960.0,0.0,0.29945900000000003,2.438702,IND,ESP,140110
6159782,106,71,5453,1999,33642.0,15806.0,1.599613,0.37233299999999997,IRL,ESP,140110
6159783,111,71,5453,1999,92317.0,2458.0,1.395253,1.3589790000000002,ITA,ESP,140110
6159784,134,71,5453,1999,1821.0,13206.0,-0.659053,-0.142104,MAR,ESP,140110
6159785,162,71,5453,1999,8398.0,0.0,1.308776,1.574293,NLD,ESP,140110
6159786,179,71,5453,1999,0.0,85562.0,0.420538,1.379359,PRT,ESP,140110
6159787,216,71,5453,1999,40628.0,0.0,0.20451,1.513533,THA,ESP,140110
6159788,249,71,5453,1999,1549.0,0.0,1.336816,1.725334,TWN,ESP,140110
6159789,74,72,5453,1999,1165.0,0.0,2.095642,0.966282,FIN,EST,140110
6159790,43,74,5453,1999,14965.0,0.0,0.386094,3.270089,CHN,FIN,140110
6159791,61,74,5453,1999,1135.0,0.0,2.334811,-2.060502,DEU,FIN,140110
6159792,64,74,5453,1999,12284.0,0.0,1.264405,1.469627,DNK,FIN,140110
6159793,72,74,5453,1999,0.0,1165.0,0.502979,0.8847440000000001,EST,FIN,140110
6159794,130,74,5453,1999,0.0,911.0,0.197536,0.5041899999999999,LTU,FIN,140110
6159795,162,74,5453,1999,4936.0,0.0,1.308776,1.574293,NLD,FIN,140110
6159796,208,74,5453,1999,1226.0,0.0,2.1456720000000002,0.856556,SWE,FIN,140110
6159797,8,77,5453,1999,0.0,2133.0,0.49933500000000003,0.593879,ARG,FRA,140110
6159798,15,77,5453,1999,34828.0,0.0,1.836804,0.744312,AUT,FRA,140110
6159799,18,77,5453,1999,354345.0,5277.0,1.512061,1.253478,BEL,FRA,140110
6159800,41,77,5453,1999,0.0,83294.0,2.189934,0.741428,CHE,FRA,140110
6159801,43,77,5453,1999,1621383.0,0.0,0.386094,3.270089,CHN,FRA,140110
6159802,49,77,5453,1999,3489.0,0.0,0.190667,0.136271,COL,FRA,140110
6159803,59,77,5453,1999,0.0,61494.0,1.412439,1.329385,CZE,FRA,140110
6159804,61,77,5453,1999,48619.0,49974.0,2.334811,-2.060502,DEU,FRA,140110
6159805,64,77,5453,1999,4039.0,0.0,1.264405,1.469627,DNK,FRA,140110
6159806,71,77,5453,1999,80200.0,138812.0,1.0849209999999998,1.9351180000000001,ESP,FRA,140110
6159807,81,77,5453,1999,2319.0,17347.0,1.9523830000000002,0.771455,GBR,FRA,140110
6159808,97,77,5453,1999,33365.0,0.0,0.387427,2.402434,HKG,FRA,140110
6159809,103,77,5453,1999,12148.0,0.0,-0.20447,1.568505,IDN,FRA,140110
6159810,104,77,5453,1999,2801.0,0.0,0.29945900000000003,2.438702,IND,FRA,140110
6159811,106,77,5453,1999,0.0,63441.0,1.599613,0.37233299999999997,IRL,FRA,140110
6159812,110,77,5453,1999,1803.0,131487.0,1.342593,0.781931,ISR,FRA,140110
6159813,111,77,5453,1999,181140.0,5722.0,1.395253,1.3589790000000002,ITA,FRA,140110
6159814,114,77,5453,1999,70064.0,0.0,2.541382,0.693702,JPN,FRA,140110
6159815,162,77,5453,1999,23270.0,0.0,1.308776,1.574293,NLD,FRA,140110
6159816,177,77,5453,1999,0.0,14029.0,0.8512700000000001,1.8975229999999998,POL,FRA,140110
6159817,179,77,5453,1999,0.0,63197.0,0.420538,1.379359,PRT,FRA,140110
6159818,188,77,5453,1999,0.0,25627.0,0.553028,-0.527401,SAU,FRA,140110
6159819,192,77,5453,1999,5182.0,0.0,1.355833,0.594305,SGP,FRA,140110
6159820,207,77,5453,1999,0.0,4932.0,1.447589,1.284414,SVN,FRA,140110
6159821,216,77,5453,1999,1167.0,0.0,0.20451,1.513533,THA,FRA,140110
6159822,224,77,5453,1999,0.0,16210.0,0.044692,1.745755,TUR,FRA,140110
6159823,231,77,5453,1999,3225.0,14548.0,1.8755119999999998,0.5350729999999999,USA,FRA,140110
6159824,239,77,5453,1999,18309.0,0.0,-0.9824940000000001,0.115755,VNM,FRA,140110
6159825,249,77,5453,1999,3712.0,0.0,1.336816,1.725334,TWN,FRA,140110
6159826,250,77,5453,1999,0.0,1221.0,1.130511,0.9547379999999999,ANS,FRA,140110
6159827,18,81,5453,1999,5825.0,29867.0,1.512061,1.253478,BEL,GBR,140110
6159828,43,81,5453,1999,1658420.0,0.0,0.386094,3.270089,CHN,GBR,140110
6159829,52,81,5453,1999,3583.0,0.0,-0.310033,-0.299529,CRI,GBR,140110
6159830,61,81,5453,1999,7266.0,8210.0,2.334811,-2.060502,DEU,GBR,140110
6159831,64,81,5453,1999,67098.0,1226.0,1.264405,1.469627,DNK,GBR,140110
6159832,67,81,5453,1999,0.0,1870.0,-0.8875299999999999,-0.9117879999999999,ECU,GBR,140110
6159833,71,81,5453,1999,149900.0,0.0,1.0849209999999998,1.9351180000000001,ESP,GBR,140110
6159834,77,81,5453,1999,17347.0,2319.0,1.72758,0.6619079999999999,FRA,GBR,140110
6159835,97,81,5453,1999,263504.0,0.0,0.387427,2.402434,HKG,GBR,140110
6159836,103,81,5453,1999,3795.0,0.0,-0.20447,1.568505,IDN,GBR,140110
6159837,106,81,5453,1999,0.0,46187.0,1.599613,0.37233299999999997,IRL,GBR,140110
6159838,111,81,5453,1999,1664.0,4984.0,1.395253,1.3589790000000002,ITA,GBR,140110
6159839,114,81,5453,1999,1170.0,0.0,2.541382,0.693702,JPN,GBR,140110
6159840,142,81,5453,1999,0.0,1057.0,0.9998450000000001,0.009412,MLT,GBR,140110
6159841,153,81,5453,1999,1109.0,0.0,0.500591,0.136149,MYS,GBR,140110
6159842,162,81,5453,1999,33343.0,232116.0,1.308776,1.574293,NLD,GBR,140110
6159843,163,81,5453,1999,0.0,1646.0,1.1012959999999998,0.240184,NOR,GBR,140110
6159844,174,81,5453,1999,1279.0,0.0,-0.401903,-0.333408,PHL,GBR,140110
6159845,192,81,5453,1999,12215.0,0.0,1.355833,0.594305,SGP,GBR,140110
6159846,214,81,5453,1999,51023.0,0.0,-0.449592,-0.828462,TCD,GBR,140110
6159847,224,81,5453,1999,15647.0,0.0,0.044692,1.745755,TUR,GBR,140110
6159848,231,81,5453,1999,7645.0,3530.0,1.8755119999999998,0.5350729999999999,USA,GBR,140110
6159849,249,81,5453,1999,41902.0,0.0,1.336816,1.725334,TWN,GBR,140110
6159850,23,90,5453,1999,0.0,6282.0,0.311033,1.7375040000000002,BGR,GRC,140110
6159851,43,90,5453,1999,16087.0,0.0,0.386094,3.270089,CHN,GRC,140110
6159852,61,90,5453,1999,4007.0,0.0,2.334811,-2.060502,DEU,GRC,140110
6159853,71,90,5453,1999,11964.0,0.0,1.0849209999999998,1.9351180000000001,ESP,GRC,140110
6159854,103,90,5453,1999,84944.0,0.0,-0.20447,1.568505,IDN,GRC,140110
6159855,106,90,5453,1999,14850.0,0.0,1.599613,0.37233299999999997,IRL,GRC,140110
6159856,111,90,5453,1999,105280.0,0.0,1.395253,1.3589790000000002,ITA,GRC,140110
6159857,153,90,5453,1999,15828.0,0.0,0.500591,0.136149,MYS,GRC,140110
6159858,162,90,5453,1999,31357.0,0.0,1.308776,1.574293,NLD,GRC,140110
6159859,192,90,5453,1999,254281.0,0.0,1.355833,0.594305,SGP,GRC,140110
6159860,226,90,5453,1999,40135.0,0.0,-1.068358,-0.54693,TZA,GRC,140110
6159861,246,90,5453,1999,1608.0,0.0,0.543171,1.432792,ZAF,GRC,140110
6159862,162,96,5453,1999,0.0,946.0,1.308776,1.574293,NLD,GUY,140110
6159863,14,97,5453,1999,0.0,98821.0,0.357101,0.8857879999999999,AUS,HKG,140110
6159864,39,97,5453,1999,0.0,50244.0,1.083572,1.08026,CAN,HKG,140110
6159865,43,97,5453,1999,5421562.0,147565.0,0.386094,3.270089,CHN,HKG,140110
6159866,58,97,5453,1999,0.0,5673.0,0.508464,0.324706,CYP,HKG,140110
6159867,61,97,5453,1999,0.0,1159.0,2.334811,-2.060502,DEU,HKG,140110
6159868,71,97,5453,1999,0.0,4547.0,1.0849209999999998,1.9351180000000001,ESP,HKG,140110
6159869,77,97,5453,1999,0.0,33365.0,1.72758,0.6619079999999999,FRA,HKG,140110
6159870,81,97,5453,1999,0.0,263504.0,1.9523830000000002,0.771455,GBR,HKG,140110
6159871,103,97,5453,1999,27999.0,0.0,-0.20447,1.568505,IDN,HKG,140110
6159872,104,97,5453,1999,0.0,2106.0,0.29945900000000003,2.438702,IND,HKG,140110
6159873,111,97,5453,1999,0.0,2084.0,1.395253,1.3589790000000002,ITA,HKG,140110
6159874,114,97,5453,1999,11435.0,0.0,2.541382,0.693702,JPN,HKG,140110
6159875,121,97,5453,1999,0.0,31587.0,0.92448,1.053988,KOR,HKG,140110
6159876,133,97,5453,1999,0.0,1379.0,-0.365239,-0.380913,MAC,HKG,140110
6159877,143,97,5453,1999,13163.0,0.0,-1.4991299999999999,-0.984557,MMR,HKG,140110
6159878,153,97,5453,1999,0.0,9579.0,0.500591,0.136149,MYS,HKG,140110
6159879,162,97,5453,1999,0.0,873694.0,1.308776,1.574293,NLD,HKG,140110
6159880,166,97,5453,1999,0.0,1921.0,0.592051,0.780176,NZL,HKG,140110
6159881,192,97,5453,1999,1421.0,9596.0,1.355833,0.594305,SGP,HKG,140110
6159882,208,97,5453,1999,0.0,6203.0,2.1456720000000002,0.856556,SWE,HKG,140110
6159883,216,97,5453,1999,35589.0,0.0,0.20451,1.513533,THA,HKG,140110
6159884,224,97,5453,1999,0.0,21810.0,0.044692,1.745755,TUR,HKG,140110
6159885,231,97,5453,1999,26263.0,53512.0,1.8755119999999998,0.5350729999999999,USA,HKG,140110
6159886,236,97,5453,1999,0.0,3411.0,0.16454100000000002,-0.691021,VEN,HKG,140110
6159887,246,97,5453,1999,0.0,7627.0,0.543171,1.432792,ZAF,HKG,140110
6159888,249,97,5453,1999,569202.0,18173.0,1.336816,1.725334,TWN,HKG,140110
6159889,1,103,5453,1999,0.0,1889.0,-0.28520500000000004,-0.635241,AFG,IDN,140110
6159890,7,103,5453,1999,0.0,3370.0,-0.21921,-0.54813,ARE,IDN,140110
6159891,8,103,5453,1999,0.0,1440.0,0.49933500000000003,0.593879,ARG,IDN,140110
6159892,14,103,5453,1999,0.0,11168.0,0.357101,0.8857879999999999,AUS,IDN,140110
6159893,15,103,5453,1999,0.0,1218.0,1.836804,0.744312,AUT,IDN,140110
6159894,18,103,5453,1999,0.0,3153.0,1.512061,1.253478,BEL,IDN,140110
6159895,23,103,5453,1999,0.0,2976.0,0.311033,1.7375040000000002,BGR,IDN,140110
6159896,39,103,5453,1999,0.0,7953.0,1.083572,1.08026,CAN,IDN,140110
6159897,41,103,5453,1999,0.0,6966.0,2.189934,0.741428,CHE,IDN,140110
6159898,42,103,5453,1999,0.0,2617.0,0.041013,-0.111553,CHL,IDN,140110
6159899,43,103,5453,1999,13709.0,8502.0,0.386094,3.270089,CHN,IDN,140110
6159900,61,103,5453,1999,0.0,13985.0,2.334811,-2.060502,DEU,IDN,140110
6159901,64,103,5453,1999,0.0,5830.0,1.264405,1.469627,DNK,IDN,140110
6159902,71,103,5453,1999,0.0,14929.0,1.0849209999999998,1.9351180000000001,ESP,IDN,140110
6159903,77,103,5453,1999,0.0,12148.0,1.72758,0.6619079999999999,FRA,IDN,140110
6159904,81,103,5453,1999,0.0,3795.0,1.9523830000000002,0.771455,GBR,IDN,140110
6159905,90,103,5453,1999,0.0,84944.0,0.24943600000000002,1.172467,GRC,IDN,140110
6159906,97,103,5453,1999,0.0,27999.0,0.387427,2.402434,HKG,IDN,140110
6159907,100,103,5453,1999,0.0,417.0,0.572934,0.9873639999999999,HRV,IDN,140110
6159908,104,103,5453,1999,0.0,12751.0,0.29945900000000003,2.438702,IND,IDN,140110
6159909,111,103,5453,1999,0.0,46452.0,1.395253,1.3589790000000002,ITA,IDN,140110
6159910,114,103,5453,1999,0.0,10102.0,2.541382,0.693702,JPN,IDN,140110
6159911,121,103,5453,1999,0.0,5826.0,0.92448,1.053988,KOR,IDN,140110
6159912,134,103,5453,1999,0.0,11382.0,-0.659053,-0.142104,MAR,IDN,140110
6159913,138,103,5453,1999,0.0,1300.0,0.581034,0.8399760000000001,MEX,IDN,140110
6159914,142,103,5453,1999,0.0,1470.0,0.9998450000000001,0.009412,MLT,IDN,140110
6159915,153,103,5453,1999,0.0,1992.0,0.500591,0.136149,MYS,IDN,140110
6159916,162,103,5453,1999,0.0,40194.0,1.308776,1.574293,NLD,IDN,140110
6159917,182,103,5453,1999,0.0,904.0,0.281327,-0.624142,PYF,IDN,140110
6159918,188,103,5453,1999,0.0,4964.0,0.553028,-0.527401,SAU,IDN,140110
6159919,189,103,5453,1999,0.0,6917.0,0.607596,2.222456,SCG,IDN,140110
6159920,192,103,5453,1999,0.0,14104.0,1.355833,0.594305,SGP,IDN,140110
6159921,207,103,5453,1999,0.0,3657.0,1.447589,1.284414,SVN,IDN,140110
6159922,208,103,5453,1999,0.0,8493.0,2.1456720000000002,0.856556,SWE,IDN,140110
6159923,224,103,5453,1999,0.0,2579.0,0.044692,1.745755,TUR,IDN,140110
6159924,231,103,5453,1999,0.0,107604.0,1.8755119999999998,0.5350729999999999,USA,IDN,140110
6159925,246,103,5453,1999,0.0,10426.0,0.543171,1.432792,ZAF,IDN,140110
6159926,249,103,5453,1999,0.0,705560.0,1.336816,1.725334,TWN,IDN,140110
6159927,250,103,5453,1999,0.0,1103.0,1.130511,0.9547379999999999,ANS,IDN,140110
6159928,18,106,5453,1999,7914.0,0.0,1.512061,1.253478,BEL,IRL,140110
6159929,43,106,5453,1999,53961.0,0.0,0.386094,3.270089,CHN,IRL,140110
6159930,61,106,5453,1999,8160.0,0.0,2.334811,-2.060502,DEU,IRL,140110
6159931,64,106,5453,1999,5029.0,7299.0,1.264405,1.469627,DNK,IRL,140110
6159932,71,106,5453,1999,15806.0,33642.0,1.0849209999999998,1.9351180000000001,ESP,IRL,140110
6159933,77,106,5453,1999,63441.0,0.0,1.72758,0.6619079999999999,FRA,IRL,140110
6159934,81,106,5453,1999,46187.0,0.0,1.9523830000000002,0.771455,GBR,IRL,140110
6159935,90,106,5453,1999,0.0,14850.0,0.24943600000000002,1.172467,GRC,IRL,140110
6159936,153,106,5453,1999,5963.0,0.0,0.500591,0.136149,MYS,IRL,140110
6159937,162,106,5453,1999,35435.0,0.0,1.308776,1.574293,NLD,IRL,140110
6159938,208,106,5453,1999,0.0,112523.0,2.1456720000000002,0.856556,SWE,IRL,140110
6159939,8,111,5453,1999,4396.0,0.0,0.49933500000000003,0.593879,ARG,ITA,140110
6159940,15,111,5453,1999,0.0,32491.0,1.836804,0.744312,AUT,ITA,140110
6159941,41,111,5453,1999,0.0,31607.0,2.189934,0.741428,CHE,ITA,140110
6159942,43,111,5453,1999,1488937.0,0.0,0.386094,3.270089,CHN,ITA,140110
6159943,61,111,5453,1999,14728.0,14712.0,2.334811,-2.060502,DEU,ITA,140110
6159944,64,111,5453,1999,11491.0,0.0,1.264405,1.469627,DNK,ITA,140110
6159945,71,111,5453,1999,2458.0,92317.0,1.0849209999999998,1.9351180000000001,ESP,ITA,140110
6159946,77,111,5453,1999,5722.0,181140.0,1.72758,0.6619079999999999,FRA,ITA,140110
6159947,81,111,5453,1999,4984.0,1664.0,1.9523830000000002,0.771455,GBR,ITA,140110
6159948,90,111,5453,1999,0.0,105280.0,0.24943600000000002,1.172467,GRC,ITA,140110
6159949,97,111,5453,1999,2084.0,0.0,0.387427,2.402434,HKG,ITA,140110
6159950,100,111,5453,1999,0.0,4479.0,0.572934,0.9873639999999999,HRV,ITA,140110
6159951,102,111,5453,1999,3592.0,5009.0,0.794675,1.308337,HUN,ITA,140110
6159952,103,111,5453,1999,46452.0,0.0,-0.20447,1.568505,IDN,ITA,140110
6159953,114,111,5453,1999,5621.0,0.0,2.541382,0.693702,JPN,ITA,140110
6159954,118,111,5453,1999,5911.0,0.0,-1.5727360000000001,-1.2731629999999998,KHM,ITA,140110
6159955,122,111,5453,1999,0.0,2670.0,0.028312999999999998,-1.0742770000000001,KWT,ITA,140110
6159956,131,111,5453,1999,0.0,4382.0,1.499745,1.142951,LUX,ITA,140110
6159957,136,111,5453,1999,1707.0,0.0,-1.186653,-0.5059279999999999,MDG,ITA,140110
6159958,138,111,5453,1999,1263.0,0.0,0.581034,0.8399760000000001,MEX,ITA,140110
6159959,162,111,5453,1999,4007.0,5258.0,1.308776,1.574293,NLD,ITA,140110
6159960,174,111,5453,1999,2056.0,0.0,-0.401903,-0.333408,PHL,ITA,140110
6159961,179,111,5453,1999,0.0,18235.0,0.420538,1.379359,PRT,ITA,140110
6159962,185,111,5453,1999,0.0,4530.0,0.253874,0.8322709999999999,ROU,ITA,140110
6159963,192,111,5453,1999,18639.0,0.0,1.355833,0.594305,SGP,ITA,140110
6159964,207,111,5453,1999,0.0,64298.0,1.447589,1.284414,SVN,ITA,140110
6159965,216,111,5453,1999,1765351.0,0.0,0.20451,1.513533,THA,ITA,140110
6159966,224,111,5453,1999,0.0,1428.0,0.044692,1.745755,TUR,ITA,140110
6159967,227,111,5453,1999,8277.0,0.0,-1.359508,-1.170077,UGA,ITA,140110
6159968,231,111,5453,1999,5595.0,2091.0,1.8755119999999998,0.5350729999999999,USA,ITA,140110
6159969,239,111,5453,1999,11442.0,0.0,-0.9824940000000001,0.115755,VNM,ITA,140110
6159970,250,111,5453,1999,22587.0,0.0,1.130511,0.9547379999999999,ANS,ITA,140110
6159971,43,121,5453,1999,166540.0,52896.0,0.386094,3.270089,CHN,KOR,140110
6159972,61,121,5453,1999,0.0,1082.0,2.334811,-2.060502,DEU,KOR,140110
6159973,97,121,5453,1999,31587.0,0.0,0.387427,2.402434,HKG,KOR,140110
6159974,103,121,5453,1999,5826.0,0.0,-0.20447,1.568505,IDN,KOR,140110
6159975,114,121,5453,1999,0.0,59104.0,2.541382,0.693702,JPN,KOR,140110
6159976,43,128,5453,1999,1738.0,0.0,0.386094,3.270089,CHN,LKA,140110
6159977,137,128,5453,1999,0.0,703.0,-0.83783,-0.941734,MDV,LKA,140110
6159978,208,128,5453,1999,0.0,3019.0,2.1456720000000002,0.856556,SWE,LKA,140110
6159979,43,138,5453,1999,964.0,0.0,0.386094,3.270089,CHN,MEX,140110
6159980,103,138,5453,1999,1300.0,0.0,-0.20447,1.568505,IDN,MEX,140110
6159981,111,138,5453,1999,0.0,1263.0,1.395253,1.3589790000000002,ITA,MEX,140110
6159982,231,138,5453,1999,2997.0,31429.0,1.8755119999999998,0.5350729999999999,USA,MEX,140110
6159983,249,138,5453,1999,17961.0,0.0,1.336816,1.725334,TWN,MEX,140110
6159984,34,153,5453,1999,0.0,1474.0,-1.417607,-1.011226,BRN,MYS,140110
6159985,43,153,5453,1999,138875.0,0.0,0.386094,3.270089,CHN,MYS,140110
6159986,81,153,5453,1999,0.0,1109.0,1.9523830000000002,0.771455,GBR,MYS,140110
6159987,90,153,5453,1999,0.0,15828.0,0.24943600000000002,1.172467,GRC,MYS,140110
6159988,97,153,5453,1999,9579.0,0.0,0.387427,2.402434,HKG,MYS,140110
6159989,103,153,5453,1999,1992.0,0.0,-0.20447,1.568505,IDN,MYS,140110
6159990,106,153,5453,1999,0.0,5963.0,1.599613,0.37233299999999997,IRL,MYS,140110
6159991,114,153,5453,1999,1540.0,2506.0,2.541382,0.693702,JPN,MYS,140110
6159992,124,153,5453,1999,0.0,1313.0,0.264151,0.767188,LBN,MYS,140110
6159993,151,153,5453,1999,0.0,11460.0,-0.5713729999999999,-0.696416,MUS,MYS,140110
6159994,192,153,5453,1999,173780.0,24315.0,1.355833,0.594305,SGP,MYS,140110
6159995,207,153,5453,1999,0.0,4007.0,1.447589,1.284414,SVN,MYS,140110
6159996,208,153,5453,1999,0.0,10378.0,2.1456720000000002,0.856556,SWE,MYS,140110
6159997,216,153,5453,1999,4575.0,0.0,0.20451,1.513533,THA,MYS,140110
6159998,239,153,5453,1999,320148.0,0.0,-0.9824940000000001,0.115755,VNM,MYS,140110
