138,160,1207,1968,1794,0,0.306611,0.36893000000000004,MEX,NIC,7223
162,160,1207,1968,10548,0,1.4081620000000001,2.841383,NLD,NIC,7223
169,160,1207,1968,1869,0,1.151761,0.8629450000000001,PAN,NIC,7223
197,160,1207,1968,857,0,0.8662620000000001,0.791027,SLV,NIC,7223
231,160,1207,1968,608325,0,1.9577650000000002,1.500362,USA,NIC,7223
14,166,1207,1968,153608,6932,0.215398,0.115257,AUS,NZL,7223
18,166,1207,1968,3686,0,1.529065,2.472506,BEL,NZL,7223
39,166,1207,1968,46055,0,0.6867270000000001,0.846297,CAN,NZL,7223
53,166,1207,1968,9925,0,1.6086129999999998,2.804711,CSK,NZL,7223
61,166,1207,1968,38518,0,2.2253979999999998,-1.8081060000000002,DEU,NZL,7223
75,166,1207,1968,0,3021,-0.04004,-0.562962,FJI,NZL,7223
77,166,1207,1968,799,0,1.7160810000000002,1.713236,FRA,NZL,7223
81,166,1207,1968,3474471,3508,2.058025,0.677452,GBR,NZL,7223
111,166,1207,1968,257089,0,1.8991650000000002,1.865793,ITA,NZL,7223
114,166,1207,1968,122877,0,1.844871,2.2220470000000003,JPN,NZL,7223
231,166,1207,1968,967508,0,1.9577650000000002,1.500362,USA,NZL,7223
240,166,1207,1968,0,620,-1.165284,-0.661817,VUT,NZL,7223
18,169,1207,1968,4933,0,1.529065,2.472506,BEL,PAN,7223
52,169,1207,1968,611,0,0.926132,0.544143,CRI,PAN,7223
61,169,1207,1968,56901,0,2.2253979999999998,-1.8081060000000002,DEU,PAN,7223
81,169,1207,1968,182791,0,2.058025,0.677452,GBR,PAN,7223
111,169,1207,1968,3914,0,1.8991650000000002,1.865793,ITA,PAN,7223
114,169,1207,1968,62044,0,1.844871,2.2220470000000003,JPN,PAN,7223
160,169,1207,1968,0,1869,0.141456,-0.299055,NIC,PAN,7223
172,169,1207,1968,1583,0,0.984267,0.41289499999999996,PCZ,PAN,7223
231,169,1207,1968,153134,0,1.9577650000000002,1.500362,USA,PAN,7223
250,169,1207,1968,4013,0,0.8133859999999999,0.47075900000000004,ANS,PAN,7223
114,172,1207,1968,619,0,1.844871,2.2220470000000003,JPN,PCZ,7223
169,172,1207,1968,0,1583,1.151761,0.8629450000000001,PAN,PCZ,7223
18,173,1207,1968,1692,0,1.529065,2.472506,BEL,PER,7223
31,173,1207,1968,0,37408,-0.8851379999999999,-0.772063,BOL,PER,7223
39,173,1207,1968,13267,0,0.6867270000000001,0.846297,CAN,PER,7223
61,173,1207,1968,10292,0,2.2253979999999998,-1.8081060000000002,DEU,PER,7223
77,173,1207,1968,987,0,1.7160810000000002,1.713236,FRA,PER,7223
81,173,1207,1968,179461,0,2.058025,0.677452,GBR,PER,7223
111,173,1207,1968,85092,0,1.8991650000000002,1.865793,ITA,PER,7223
114,173,1207,1968,7849,0,1.844871,2.2220470000000003,JPN,PER,7223
208,173,1207,1968,32853,0,1.968017,2.7641270000000002,SWE,PER,7223
231,173,1207,1968,680839,0,1.9577650000000002,1.500362,USA,PER,7223
14,174,1207,1968,20728,0,0.215398,0.115257,AUS,PHL,7223
18,174,1207,1968,1191,0,1.529065,2.472506,BEL,PHL,7223
39,174,1207,1968,20014,0,0.6867270000000001,0.846297,CAN,PHL,7223
41,174,1207,1968,4252,0,2.1128139999999997,2.181377,CHE,PHL,7223
61,174,1207,1968,437675,0,2.2253979999999998,-1.8081060000000002,DEU,PHL,7223
71,174,1207,1968,1223,0,0.781529,1.259275,ESP,PHL,7223
81,174,1207,1968,1493541,0,2.058025,0.677452,GBR,PHL,7223
97,174,1207,1968,62407,0,1.397888,1.218178,HKG,PHL,7223
111,174,1207,1968,24985,0,1.8991650000000002,1.865793,ITA,PHL,7223
114,174,1207,1968,1434488,0,1.844871,2.2220470000000003,JPN,PHL,7223
153,174,1207,1968,8171,0,-0.530212,-0.618034,MYS,PHL,7223
162,174,1207,1968,114520,0,1.4081620000000001,2.841383,NLD,PHL,7223
163,174,1207,1968,10284,0,1.258037,1.6438409999999999,NOR,PHL,7223
192,174,1207,1968,24960,0,0.34532199999999996,0.624988,SGP,PHL,7223
208,174,1207,1968,30691,0,1.968017,2.7641270000000002,SWE,PHL,7223
231,174,1207,1968,4007205,0,1.9577650000000002,1.500362,USA,PHL,7223
239,174,1207,1968,30923,0,0.414368,-0.21605500000000002,VNM,PHL,7223
250,174,1207,1968,36443,0,0.8133859999999999,0.47075900000000004,ANS,PHL,7223
8,180,1207,1968,70221,0,0.148111,0.088328,ARG,PRY,7223
15,180,1207,1968,37596,0,1.94925,1.6721810000000001,AUT,PRY,7223
18,180,1207,1968,5421,0,1.529065,2.472506,BEL,PRY,7223
32,180,1207,1968,22109,0,-0.325932,-0.334875,BRA,PRY,7223
61,180,1207,1968,19204,0,2.2253979999999998,-1.8081060000000002,DEU,PRY,7223
77,180,1207,1968,23045,0,1.7160810000000002,1.713236,FRA,PRY,7223
81,180,1207,1968,25902,0,2.058025,0.677452,GBR,PRY,7223
111,180,1207,1968,253395,0,1.8991650000000002,1.865793,ITA,PRY,7223
231,180,1207,1968,293628,0,1.9577650000000002,1.500362,USA,PRY,7223
19,191,1207,1968,0,18092,-0.820837,-0.669663,BEN,SEN,7223
44,191,1207,1968,0,39204,-0.9004639999999999,-0.815828,CIV,SEN,7223
61,191,1207,1968,10380,0,2.2253979999999998,-1.8081060000000002,DEU,SEN,7223
77,191,1207,1968,56211,0,1.7160810000000002,1.713236,FRA,SEN,7223
81,191,1207,1968,23027,0,2.058025,0.677452,GBR,SEN,7223
111,191,1207,1968,9286,0,1.8991650000000002,1.865793,ITA,SEN,7223
141,191,1207,1968,0,2549,-0.625304,-0.751379,MLI,SEN,7223
148,191,1207,1968,19206,22748,-0.584021,-0.6288090000000001,MRT,SEN,7223
231,191,1207,1968,367725,0,1.9577650000000002,1.500362,USA,SEN,7223
81,196,1207,1968,182660,0,2.058025,0.677452,GBR,SLE,7223
231,196,1207,1968,59802,0,1.9577650000000002,1.500362,USA,SLE,7223
61,197,1207,1968,17191,0,2.2253979999999998,-1.8081060000000002,DEU,SLV,7223
77,197,1207,1968,5299,0,1.7160810000000002,1.713236,FRA,SLV,7223
81,197,1207,1968,52443,0,2.058025,0.677452,GBR,SLV,7223
93,197,1207,1968,3137,2138,0.5246930000000001,0.169407,GTM,SLV,7223
99,197,1207,1968,11911,19683,-0.115754,-0.5740890000000001,HND,SLV,7223
111,197,1207,1968,27139,0,1.8991650000000002,1.865793,ITA,SLV,7223
160,197,1207,1968,0,857,0.141456,-0.299055,NIC,SLV,7223
162,197,1207,1968,1002,0,1.4081620000000001,2.841383,NLD,SLV,7223
231,197,1207,1968,62608,1734,1.9577650000000002,1.500362,USA,SLV,7223
61,205,1207,1968,29044,0,2.2253979999999998,-1.8081060000000002,DEU,SUR,7223
81,205,1207,1968,220407,0,2.058025,0.677452,GBR,SUR,7223
111,205,1207,1968,19224,0,1.8991650000000002,1.865793,ITA,SUR,7223
162,205,1207,1968,3490,0,1.4081620000000001,2.841383,NLD,SUR,7223
231,205,1207,1968,340911,0,1.9577650000000002,1.500362,USA,SUR,7223
21,214,1207,1968,0,31191,-0.21085,-0.5524640000000001,BFA,TCD,7223
45,214,1207,1968,32768,0,-0.448082,-0.43909899999999996,CMR,TCD,7223
61,214,1207,1968,2485,0,2.2253979999999998,-1.8081060000000002,DEU,TCD,7223
77,214,1207,1968,1844,0,1.7160810000000002,1.713236,FRA,TCD,7223
81,214,1207,1968,1648,0,2.058025,0.677452,GBR,TCD,7223
231,214,1207,1968,4431,0,1.9577650000000002,1.500362,USA,TCD,7223
19,215,1207,1968,9730,0,-0.820837,-0.669663,BEN,TGO,7223
44,215,1207,1968,24588,1591,-0.9004639999999999,-0.815828,CIV,TGO,7223
61,215,1207,1968,6673,0,2.2253979999999998,-1.8081060000000002,DEU,TGO,7223
77,215,1207,1968,18142,0,1.7160810000000002,1.713236,FRA,TGO,7223
81,215,1207,1968,997,0,2.058025,0.677452,GBR,TGO,7223
111,215,1207,1968,26640,0,1.8991650000000002,1.865793,ITA,TGO,7223
231,215,1207,1968,29780,0,1.9577650000000002,1.500362,USA,TGO,7223
8,230,1207,1968,4698,0,0.148111,0.088328,ARG,URY,7223
61,230,1207,1968,8428,0,2.2253979999999998,-1.8081060000000002,DEU,URY,7223
71,230,1207,1968,46413,0,0.781529,1.259275,ESP,URY,7223
81,230,1207,1968,77704,0,2.058025,0.677452,GBR,URY,7223
111,230,1207,1968,11256,0,1.8991650000000002,1.865793,ITA,URY,7223
231,230,1207,1968,125852,0,1.9577650000000002,1.500362,USA,URY,7223
6,236,1207,1968,0,3239,0.14161500000000002,-0.24035399999999998,ANT,VEN,7223
14,236,1207,1968,37513,0,0.215398,0.115257,AUS,VEN,7223
15,236,1207,1968,738,0,1.94925,1.6721810000000001,AUT,VEN,7223
18,236,1207,1968,2001,0,1.529065,2.472506,BEL,VEN,7223
32,236,1207,1968,11824,0,-0.325932,-0.334875,BRA,VEN,7223
39,236,1207,1968,9635,0,0.6867270000000001,0.846297,CAN,VEN,7223
49,236,1207,1968,1722,0,-0.179843,-0.5681729999999999,COL,VEN,7223
53,236,1207,1968,17582,0,1.6086129999999998,2.804711,CSK,VEN,7223
61,236,1207,1968,385981,0,2.2253979999999998,-1.8081060000000002,DEU,VEN,7223
71,236,1207,1968,4944,497,0.781529,1.259275,ESP,VEN,7223
77,236,1207,1968,2267,0,1.7160810000000002,1.713236,FRA,VEN,7223
81,236,1207,1968,1873370,4922,2.058025,0.677452,GBR,VEN,7223
111,236,1207,1968,820625,3130,1.8991650000000002,1.865793,ITA,VEN,7223
114,236,1207,1968,2333,0,1.844871,2.2220470000000003,JPN,VEN,7223
138,236,1207,1968,823,0,0.306611,0.36893000000000004,MEX,VEN,7223
162,236,1207,1968,22276,0,1.4081620000000001,2.841383,NLD,VEN,7223
177,236,1207,1968,24231,0,0.9209379999999999,1.762821,POL,VEN,7223
185,236,1207,1968,119470,0,0.7897609999999999,0.9959479999999999,ROU,VEN,7223
222,236,1207,1968,2557,0,0.388499,-0.182041,TTO,VEN,7223
231,236,1207,1968,5347414,17222,1.9577650000000002,1.500362,USA,VEN,7223
245,236,1207,1968,100421,0,1.0230700000000001,2.3184560000000003,YUG,VEN,7223
246,236,1207,1968,58745,0,-0.397811,-0.621199,ZAF,VEN,7223
81,243,1207,1968,4046,0,2.058025,0.677452,GBR,YEM,7223
111,243,1207,1968,18030,0,1.8991650000000002,1.865793,ITA,YEM,7223
14,246,1207,1968,11987,0,0.215398,0.115257,AUS,ZAF,7223
18,246,1207,1968,54289,0,1.529065,2.472506,BEL,ZAF,7223
39,246,1207,1968,588,0,0.6867270000000001,0.846297,CAN,ZAF,7223
61,246,1207,1968,2718253,0,2.2253979999999998,-1.8081060000000002,DEU,ZAF,7223
77,246,1207,1968,116481,0,1.7160810000000002,1.713236,FRA,ZAF,7223
81,246,1207,1968,10132451,0,2.058025,0.677452,GBR,ZAF,7223
111,246,1207,1968,3061464,0,1.8991650000000002,1.865793,ITA,ZAF,7223
114,246,1207,1968,1064293,0,1.844871,2.2220470000000003,JPN,ZAF,7223
152,246,1207,1968,0,10488,-0.6704289999999999,-0.747872,MWI,ZAF,7223
184,246,1207,1968,0,6158,-0.704149,-0.416626,REU,ZAF,7223
216,246,1207,1968,0,8952,-0.59446,-0.7126439999999999,THA,ZAF,7223
231,246,1207,1968,6409552,0,1.9577650000000002,1.500362,USA,ZAF,7223
236,246,1207,1968,0,58745,-0.7130850000000001,-0.5042939999999999,VEN,ZAF,7223
61,247,1207,1968,1578,0,2.2253979999999998,-1.8081060000000002,DEU,ZMB,7223
77,247,1207,1968,4971,0,1.7160810000000002,1.713236,FRA,ZMB,7223
81,247,1207,1968,588914,0,2.058025,0.677452,GBR,ZMB,7223
111,247,1207,1968,5445,0,1.8991650000000002,1.865793,ITA,ZMB,7223
114,247,1207,1968,35360,0,1.844871,2.2220470000000003,JPN,ZMB,7223
152,247,1207,1968,1690,0,-0.6704289999999999,-0.747872,MWI,ZMB,7223
231,247,1207,1968,767745,0,1.9577650000000002,1.500362,USA,ZMB,7223
15,113,1207,1968,4093,0,1.94925,1.6721810000000001,AUT,JOR,7223
18,113,1207,1968,2061,0,1.529065,2.472506,BEL,JOR,7223
53,113,1207,1968,5864,0,1.6086129999999998,2.804711,CSK,JOR,7223
61,113,1207,1968,26406,0,2.2253979999999998,-1.8081060000000002,DEU,JOR,7223
77,113,1207,1968,43731,0,1.7160810000000002,1.713236,FRA,JOR,7223
81,113,1207,1968,234297,0,2.058025,0.677452,GBR,JOR,7223
111,113,1207,1968,31597,0,1.8991650000000002,1.865793,ITA,JOR,7223
124,113,1207,1968,15314,0,0.7129770000000001,1.136677,LBN,JOR,7223
186,113,1207,1968,22070,0,0.429629,0.513075,RUS,JOR,7223
188,113,1207,1968,0,146695,-1.510775,-0.48828699999999997,SAU,JOR,7223
208,113,1207,1968,56097,0,1.968017,2.7641270000000002,SWE,JOR,7223
231,113,1207,1968,49195,0,1.9577650000000002,1.500362,USA,JOR,7223
18,188,1207,1968,274751,0,1.529065,2.472506,BEL,SAU,7223
61,188,1207,1968,49787,0,2.2253979999999998,-1.8081060000000002,DEU,SAU,7223
71,188,1207,1968,3625,0,0.781529,1.259275,ESP,SAU,7223
77,188,1207,1968,1236,0,1.7160810000000002,1.713236,FRA,SAU,7223
81,188,1207,1968,402330,0,2.058025,0.677452,GBR,SAU,7223
111,188,1207,1968,100050,0,1.8991650000000002,1.865793,ITA,SAU,7223
113,188,1207,1968,146695,0,0.402134,-0.18620599999999998,JOR,SAU,7223
114,188,1207,1968,265456,0,1.844871,2.2220470000000003,JPN,SAU,7223
122,188,1207,1968,75753,0,-1.2088969999999999,-0.480887,KWT,SAU,7223
124,188,1207,1968,843359,0,0.7129770000000001,1.136677,LBN,SAU,7223
162,188,1207,1968,45288,0,1.4081620000000001,2.841383,NLD,SAU,7223
208,188,1207,1968,1815,0,1.968017,2.7641270000000002,SWE,SAU,7223
212,188,1207,1968,3010,0,-0.14453,-0.669121,SYR,SAU,7223
231,188,1207,1968,829072,0,1.9577650000000002,1.500362,USA,SAU,7223
249,188,1207,1968,1311,0,1.152169,1.691066,TWN,SAU,7223
61,190,1207,1968,69618,0,2.2253979999999998,-1.8081060000000002,DEU,SDN,7223
81,190,1207,1968,545455,0,2.058025,0.677452,GBR,SDN,7223
185,190,1207,1968,4857,0,0.7897609999999999,0.9959479999999999,ROU,SDN,7223
186,190,1207,1968,1685,0,0.429629,0.513075,RUS,SDN,7223
231,190,1207,1968,338750,0,1.9577650000000002,1.500362,USA,SDN,7223
245,190,1207,1968,28801,0,1.0230700000000001,2.3184560000000003,YUG,SDN,7223
15,23,1207,1968,0,1162,1.94925,1.6721810000000001,AUT,BGR,7223
61,23,1207,1968,5793,1463,2.2253979999999998,-1.8081060000000002,DEU,BGR,7223
77,23,1207,1968,0,12009,1.7160810000000002,1.713236,FRA,BGR,7223
104,23,1207,1968,0,699,0.1404,0.23993299999999998,IND,BGR,7223
111,23,1207,1968,1320,0,1.8991650000000002,1.865793,ITA,BGR,7223
124,23,1207,1968,0,1690,0.7129770000000001,1.136677,LBN,BGR,7223
126,23,1207,1968,0,6942,-1.864928,-0.47663500000000003,LBY,BGR,7223
168,23,1207,1968,0,1722,0.17055499999999998,-0.249302,PAK,BGR,7223
231,23,1207,1968,51174,0,1.9577650000000002,1.500362,USA,BGR,7223
15,31,1207,1968,9798,0,1.94925,1.6721810000000001,AUT,BOL,7223
53,31,1207,1968,29459,0,1.6086129999999998,2.804711,CSK,BOL,7223
61,31,1207,1968,19242,0,2.2253979999999998,-1.8081060000000002,DEU,BOL,7223
71,31,1207,1968,1290,0,0.781529,1.259275,ESP,BOL,7223
81,31,1207,1968,64551,0,2.058025,0.677452,GBR,BOL,7223
111,31,1207,1968,1779,0,1.8991650000000002,1.865793,ITA,BOL,7223
114,31,1207,1968,41852,0,1.844871,2.2220470000000003,JPN,BOL,7223
138,31,1207,1968,816,0,0.306611,0.36893000000000004,MEX,BOL,7223
162,31,1207,1968,2392,0,1.4081620000000001,2.841383,NLD,BOL,7223
173,31,1207,1968,37408,0,-0.676242,-0.815086,PER,BOL,7223
231,31,1207,1968,482900,0,1.9577650000000002,1.500362,USA,BOL,7223
61,96,1207,1968,14946,0,2.2253979999999998,-1.8081060000000002,DEU,GUY,7223
81,96,1207,1968,450833,0,2.058025,0.677452,GBR,GUY,7223
111,96,1207,1968,1626,0,1.8991650000000002,1.865793,ITA,GUY,7223
114,96,1207,1968,908,0,1.844871,2.2220470000000003,JPN,GUY,7223
231,96,1207,1968,41470,0,1.9577650000000002,1.500362,USA,GUY,7223
61,108,1207,1968,2759,0,2.2253979999999998,-1.8081060000000002,DEU,IRQ,7223
74,108,1207,1968,128010,0,1.401928,1.205835,FIN,IRQ,7223
77,108,1207,1968,375878,0,1.7160810000000002,1.713236,FRA,IRQ,7223
81,108,1207,1968,597316,0,2.058025,0.677452,GBR,IRQ,7223
111,108,1207,1968,64913,0,1.8991650000000002,1.865793,ITA,IRQ,7223
114,108,1207,1968,3860,0,1.844871,2.2220470000000003,JPN,IRQ,7223
231,108,1207,1968,113247,0,1.9577650000000002,1.500362,USA,IRQ,7223
15,110,1207,1968,5623,0,1.94925,1.6721810000000001,AUT,ISR,7223
18,110,1207,1968,159458,0,1.529065,2.472506,BEL,ISR,7223
39,110,1207,1968,2538,0,0.6867270000000001,0.846297,CAN,ISR,7223
41,110,1207,1968,59274,0,2.1128139999999997,2.181377,CHE,ISR,7223
61,110,1207,1968,200956,0,2.2253979999999998,-1.8081060000000002,DEU,ISR,7223
77,110,1207,1968,38090,0,1.7160810000000002,1.713236,FRA,ISR,7223
81,110,1207,1968,931764,0,2.058025,0.677452,GBR,ISR,7223
90,110,1207,1968,0,1701,0.120538,-0.135025,GRC,ISR,7223
111,110,1207,1968,373693,0,1.8991650000000002,1.865793,ITA,ISR,7223
162,110,1207,1968,532,0,1.4081620000000001,2.841383,NLD,ISR,7223
185,110,1207,1968,138801,0,0.7897609999999999,0.9959479999999999,ROU,ISR,7223
231,110,1207,1968,2516492,4028,1.9577650000000002,1.500362,USA,ISR,7223
18,116,1207,1968,14382,0,1.529065,2.472506,BEL,KEN,7223
61,116,1207,1968,163094,0,2.2253979999999998,-1.8081060000000002,DEU,KEN,7223
81,116,1207,1968,1391990,0,2.058025,0.677452,GBR,KEN,7223
111,116,1207,1968,19379,0,1.8991650000000002,1.865793,ITA,KEN,7223
231,116,1207,1968,315764,0,1.9577650000000002,1.500362,USA,KEN,7223
81,122,1207,1968,326448,0,2.058025,0.677452,GBR,KWT,7223
111,122,1207,1968,0,3503,1.8991650000000002,1.865793,ITA,KWT,7223
114,122,1207,1968,14282,0,1.844871,2.2220470000000003,JPN,KWT,7223
124,122,1207,1968,4372,0,0.7129770000000001,1.136677,LBN,KWT,7223
168,122,1207,1968,13777,0,0.17055499999999998,-0.249302,PAK,KWT,7223
188,122,1207,1968,0,75753,-1.510775,-0.48828699999999997,SAU,KWT,7223
231,122,1207,1968,110494,0,1.9577650000000002,1.500362,USA,KWT,7223
14,128,1207,1968,40063,0,0.215398,0.115257,AUS,LKA,7223
18,128,1207,1968,1706,0,1.529065,2.472506,BEL,LKA,7223
39,128,1207,1968,610,0,0.6867270000000001,0.846297,CAN,LKA,7223
43,128,1207,1968,590,0,0.610282,1.61494,CHN,LKA,7223
77,128,1207,1968,26126,0,1.7160810000000002,1.713236,FRA,LKA,7223
81,128,1207,1968,1014940,0,2.058025,0.677452,GBR,LKA,7223
111,128,1207,1968,33845,0,1.8991650000000002,1.865793,ITA,LKA,7223
114,128,1207,1968,259684,0,1.844871,2.2220470000000003,JPN,LKA,7223
177,128,1207,1968,5446,0,0.9209379999999999,1.762821,POL,LKA,7223
186,128,1207,1968,13755,0,0.429629,0.513075,RUS,LKA,7223
231,128,1207,1968,257825,0,1.9577650000000002,1.500362,USA,LKA,7223
61,167,1207,1968,11863,0,2.2253979999999998,-1.8081060000000002,DEU,OMN,7223
77,167,1207,1968,10657,0,1.7160810000000002,1.713236,FRA,OMN,7223
81,167,1207,1968,69343,0,2.058025,0.677452,GBR,OMN,7223
168,167,1207,1968,22013,0,0.17055499999999998,-0.249302,PAK,OMN,7223
14,176,1207,1968,422972,0,0.215398,0.115257,AUS,PNG,7223
81,176,1207,1968,285559,0,2.058025,0.677452,GBR,PNG,7223
114,176,1207,1968,115642,0,1.844871,2.2220470000000003,JPN,PNG,7223
81,183,1207,1968,35890,0,2.058025,0.677452,GBR,QAT,7223
114,183,1207,1968,34220,0,1.844871,2.2220470000000003,JPN,QAT,7223
231,183,1207,1968,604001,0,1.9577650000000002,1.500362,USA,QAT,7223
14,185,1207,1968,0,38938,0.215398,0.115257,AUS,ROU,7223
18,185,1207,1968,0,4209,1.529065,2.472506,BEL,ROU,7223
41,185,1207,1968,4131,0,2.1128139999999997,2.181377,CHE,ROU,7223
61,185,1207,1968,92157,1972,2.2253979999999998,-1.8081060000000002,DEU,ROU,7223
64,185,1207,1968,0,53198,1.5995489999999999,2.6483209999999997,DNK,ROU,7223
66,185,1207,1968,0,117641,-0.6151939999999999,-0.68092,DZA,ROU,7223
71,185,1207,1968,0,83741,0.781529,1.259275,ESP,ROU,7223
77,185,1207,1968,6988,125392,1.7160810000000002,1.713236,FRA,ROU,7223
90,185,1207,1968,0,106437,0.120538,-0.135025,GRC,ROU,7223
104,185,1207,1968,0,1148,0.1404,0.23993299999999998,IND,ROU,7223
107,185,1207,1968,0,2581779,-0.731453,-0.764668,IRN,ROU,7223
110,185,1207,1968,0,138801,1.105346,0.8750629999999999,ISR,ROU,7223
111,185,1207,1968,148510,24276,1.8991650000000002,1.865793,ITA,ROU,7223
124,185,1207,1968,0,867,0.7129770000000001,1.136677,LBN,ROU,7223
126,185,1207,1968,0,570,-1.864928,-0.47663500000000003,LBY,ROU,7223
153,185,1207,1968,0,19212,-0.530212,-0.618034,MYS,ROU,7223
162,185,1207,1968,0,53889,1.4081620000000001,2.841383,NLD,ROU,7223
168,185,1207,1968,0,17018,0.17055499999999998,-0.249302,PAK,ROU,7223
179,185,1207,1968,0,2111,1.014702,1.024988,PRT,ROU,7223
190,185,1207,1968,0,4857,-1.18039,-0.908206,SDN,ROU,7223
236,185,1207,1968,0,119470,-0.7130850000000001,-0.5042939999999999,VEN,ROU,7223
61,212,1207,1968,1643,0,2.2253979999999998,-1.8081060000000002,DEU,SYR,7223
81,212,1207,1968,14571,0,2.058025,0.677452,GBR,SYR,7223
111,212,1207,1968,0,10228,1.8991650000000002,1.865793,ITA,SYR,7223
124,212,1207,1968,54134,0,0.7129770000000001,1.136677,LBN,SYR,7223
188,212,1207,1968,0,3010,-1.510775,-0.48828699999999997,SAU,SYR,7223
231,212,1207,1968,51101,0,1.9577650000000002,1.500362,USA,SYR,7223
245,212,1207,1968,2663,0,1.0230700000000001,2.3184560000000003,YUG,SYR,7223
15,224,1207,1968,95229,0,1.94925,1.6721810000000001,AUT,TUR,7223
18,224,1207,1968,23870,0,1.529065,2.472506,BEL,TUR,7223
61,224,1207,1968,193741,0,2.2253979999999998,-1.8081060000000002,DEU,TUR,7223
77,224,1207,1968,3873,0,1.7160810000000002,1.713236,FRA,TUR,7223
81,224,1207,1968,3323738,0,2.058025,0.677452,GBR,TUR,7223
90,224,1207,1968,1714,0,0.120538,-0.135025,GRC,TUR,7223
111,224,1207,1968,3189935,0,1.8991650000000002,1.865793,ITA,TUR,7223
124,224,1207,1968,1168,0,0.7129770000000001,1.136677,LBN,TUR,7223
162,224,1207,1968,276444,0,1.4081620000000001,2.841383,NLD,TUR,7223
208,224,1207,1968,37754,0,1.968017,2.7641270000000002,SWE,TUR,7223
231,224,1207,1968,2403386,0,1.9577650000000002,1.500362,USA,TUR,7223
61,239,1207,1968,129373,0,2.2253979999999998,-1.8081060000000002,DEU,VNM,7223
71,239,1207,1968,47559,0,0.781529,1.259275,ESP,VNM,7223
74,239,1207,1968,2934,0,1.401928,1.205835,FIN,VNM,7223
81,239,1207,1968,254405,0,2.058025,0.677452,GBR,VNM,7223
111,239,1207,1968,263570,0,1.8991650000000002,1.865793,ITA,VNM,7223
114,239,1207,1968,115277,0,1.844871,2.2220470000000003,JPN,VNM,7223
174,239,1207,1968,0,30923,-0.38509499999999997,-0.708784,PHL,VNM,7223
231,239,1207,1968,67535,0,1.9577650000000002,1.500362,USA,VNM,7223
81,24,1207,1968,5773,0,2.058025,0.677452,GBR,BHR,7223
81,34,1207,1968,1536,0,2.058025,0.677452,GBR,BRN,7223
97,34,1207,1968,674,0,1.397888,1.218178,HKG,BRN,7223
114,34,1207,1968,4608,0,1.844871,2.2220470000000003,JPN,BRN,7223
153,34,1207,1968,1184,0,-0.530212,-0.618034,MYS,BRN,7223
192,34,1207,1968,7668,0,0.34532199999999996,0.624988,SGP,BRN,7223
231,34,1207,1968,3386,0,1.9577650000000002,1.500362,USA,BRN,7223
61,73,1207,1968,118384,0,2.2253979999999998,-1.8081060000000002,DEU,ETH,7223
77,73,1207,1968,4877,0,1.7160810000000002,1.713236,FRA,ETH,7223
81,73,1207,1968,239264,0,2.058025,0.677452,GBR,ETH,7223
111,73,1207,1968,200586,0,1.8991650000000002,1.865793,ITA,ETH,7223
162,73,1207,1968,7103,0,1.4081620000000001,2.841383,NLD,ETH,7223
231,73,1207,1968,293993,0,1.9577650000000002,1.500362,USA,ETH,7223
14,75,1207,1968,61162,0,0.215398,0.115257,AUS,FJI,7223
81,75,1207,1968,145896,0,2.058025,0.677452,GBR,FJI,7223
111,75,1207,1968,7789,0,1.8991650000000002,1.865793,ITA,FJI,7223
114,75,1207,1968,9177,0,1.844871,2.2220470000000003,JPN,FJI,7223
166,75,1207,1968,3021,0,0.184389,-0.451151,NZL,FJI,7223
231,75,1207,1968,64944,0,1.9577650000000002,1.500362,USA,FJI,7223
81,123,1207,1968,24713,0,2.058025,0.677452,GBR,LAO,7223
114,123,1207,1968,107326,0,1.844871,2.2220470000000003,JPN,LAO,7223
216,123,1207,1968,21869,0,-0.59446,-0.7126439999999999,THA,LAO,7223
231,123,1207,1968,103252,0,1.9577650000000002,1.500362,USA,LAO,7223
18,136,1207,1968,2372,0,1.529065,2.472506,BEL,MDG,7223
39,136,1207,1968,3620,0,0.6867270000000001,0.846297,CAN,MDG,7223
50,136,1207,1968,0,1606,-1.103797,-0.557675,COM,MDG,7223
61,136,1207,1968,103637,0,2.2253979999999998,-1.8081060000000002,DEU,MDG,7223
77,136,1207,1968,233602,0,1.7160810000000002,1.713236,FRA,MDG,7223
81,136,1207,1968,214048,0,2.058025,0.677452,GBR,MDG,7223
111,136,1207,1968,24718,0,1.8991650000000002,1.865793,ITA,MDG,7223
114,136,1207,1968,504,0,1.844871,2.2220470000000003,JPN,MDG,7223
231,136,1207,1968,189879,0,1.9577650000000002,1.500362,USA,MDG,7223
14,151,1207,1968,834,0,0.215398,0.115257,AUS,MUS,7223
81,151,1207,1968,53490,0,2.058025,0.677452,GBR,MUS,7223
111,151,1207,1968,1490,0,1.8991650000000002,1.865793,ITA,MUS,7223
231,151,1207,1968,23768,0,1.9577650000000002,1.500362,USA,MUS,7223
61,152,1207,1968,4585,0,2.2253979999999998,-1.8081060000000002,DEU,MWI,7223
81,152,1207,1968,186433,0,2.058025,0.677452,GBR,MWI,7223
111,152,1207,1968,6547,0,1.8991650000000002,1.865793,ITA,MWI,7223
114,152,1207,1968,21283,0,1.844871,2.2220470000000003,JPN,MWI,7223
231,152,1207,1968,108561,0,1.9577650000000002,1.500362,USA,MWI,7223
246,152,1207,1968,10488,0,-0.397811,-0.621199,ZAF,MWI,7223
247,152,1207,1968,0,1690,-0.811549,-0.6721600000000001,ZMB,MWI,7223
14,156,1207,1968,59621,0,0.215398,0.115257,AUS,NCL,7223
18,156,1207,1968,41137,0,1.529065,2.472506,BEL,NCL,7223
61,156,1207,1968,5547,0,2.2253979999999998,-1.8081060000000002,DEU,NCL,7223
77,156,1207,1968,217383,0,1.7160810000000002,1.713236,FRA,NCL,7223
111,156,1207,1968,4469,0,1.8991650000000002,1.865793,ITA,NCL,7223
114,156,1207,1968,527156,0,1.844871,2.2220470000000003,JPN,NCL,7223
231,156,1207,1968,588326,0,1.9577650000000002,1.500362,USA,NCL,7223
114,178,1207,1968,1014,0,1.844871,2.2220470000000003,JPN,PRK,7223
18,182,1207,1968,5089,0,1.529065,2.472506,BEL,PYF,7223
61,182,1207,1968,13724,0,2.2253979999999998,-1.8081060000000002,DEU,PYF,7223
77,182,1207,1968,5387,0,1.7160810000000002,1.713236,FRA,PYF,7223
81,182,1207,1968,16875,0,2.058025,0.677452,GBR,PYF,7223
111,182,1207,1968,2692,0,1.8991650000000002,1.865793,ITA,PYF,7223
61,184,1207,1968,14372,0,2.2253979999999998,-1.8081060000000002,DEU,REU,7223
77,184,1207,1968,151032,0,1.7160810000000002,1.713236,FRA,REU,7223
81,184,1207,1968,28439,0,2.058025,0.677452,GBR,REU,7223
111,184,1207,1968,1585,0,1.8991650000000002,1.865793,ITA,REU,7223
231,184,1207,1968,46136,0,1.9577650000000002,1.500362,USA,REU,7223
246,184,1207,1968,6158,0,-0.397811,-0.621199,ZAF,REU,7223
14,220,1207,1968,20385,0,0.215398,0.115257,AUS,TLS,7223
61,220,1207,1968,2083,0,2.2253979999999998,-1.8081060000000002,DEU,TLS,7223
81,220,1207,1968,6501,0,2.058025,0.677452,GBR,TLS,7223
18,226,1207,1968,7188,0,1.529065,2.472506,BEL,TZA,7223
61,226,1207,1968,18015,0,2.2253979999999998,-1.8081060000000002,DEU,TZA,7223
64,226,1207,1968,12524,0,1.5995489999999999,2.6483209999999997,DNK,TZA,7223
77,226,1207,1968,2435,0,1.7160810000000002,1.713236,FRA,TZA,7223
81,226,1207,1968,737772,0,2.058025,0.677452,GBR,TZA,7223
111,226,1207,1968,19079,0,1.8991650000000002,1.865793,ITA,TZA,7223
231,226,1207,1968,409330,0,1.9577650000000002,1.500362,USA,TZA,7223
61,227,1207,1968,5169,0,2.2253979999999998,-1.8081060000000002,DEU,UGA,7223
77,227,1207,1968,10974,0,1.7160810000000002,1.713236,FRA,UGA,7223
81,227,1207,1968,115159,0,2.058025,0.677452,GBR,UGA,7223
231,227,1207,1968,166783,0,1.9577650000000002,1.500362,USA,UGA,7223
14,240,1207,1968,118332,0,0.215398,0.115257,AUS,VUT,7223
18,240,1207,1968,1524,0,1.529065,2.472506,BEL,VUT,7223
61,240,1207,1968,1674,0,2.2253979999999998,-1.8081060000000002,DEU,VUT,7223
77,240,1207,1968,1640,0,1.7160810000000002,1.713236,FRA,VUT,7223
81,240,1207,1968,75205,0,2.058025,0.677452,GBR,VUT,7223
114,240,1207,1968,49631,0,1.844871,2.2220470000000003,JPN,VUT,7223
166,240,1207,1968,620,0,0.184389,-0.451151,NZL,VUT,7223
231,240,1207,1968,2200,0,1.9577650000000002,1.500362,USA,VUT,7223
61,244,1207,1968,12841,0,2.2253979999999998,-1.8081060000000002,DEU,YMD,7223
64,244,1207,1968,15801,0,1.5995489999999999,2.6483209999999997,DNK,YMD,7223
81,244,1207,1968,243711,0,2.058025,0.677452,GBR,YMD,7223
111,244,1207,1968,1007,0,1.8991650000000002,1.865793,ITA,YMD,7223
114,244,1207,1968,540,0,1.844871,2.2220470000000003,JPN,YMD,7223
61,248,1207,1968,20655,0,2.2253979999999998,-1.8081060000000002,DEU,ZWE,7223
61,1,1207,1968,13766,0,2.2253979999999998,-1.8081060000000002,DEU,AFG,7223
77,1,1207,1968,2101,0,1.7160810000000002,1.713236,FRA,AFG,7223
81,1,1207,1968,11196,0,2.058025,0.677452,GBR,AFG,7223
231,1,1207,1968,6233,0,1.9577650000000002,1.500362,USA,AFG,7223
18,85,1207,1968,2822,0,1.529065,2.472506,BEL,GIN,7223
61,85,1207,1968,24478,0,2.2253979999999998,-1.8081060000000002,DEU,GIN,7223
77,85,1207,1968,5785,0,1.7160810000000002,1.713236,FRA,GIN,7223
148,85,1207,1968,12299,0,-0.584021,-0.6288090000000001,MRT,GIN,7223
18,223,1207,1968,803,0,1.529065,2.472506,BEL,TUN,7223
39,223,1207,1968,1115,0,0.6867270000000001,0.846297,CAN,TUN,7223
61,223,1207,1968,16001,0,2.2253979999999998,-1.8081060000000002,DEU,TUN,7223
66,223,1207,1968,852,0,-0.6151939999999999,-0.68092,DZA,TUN,7223
77,223,1207,1968,10320,0,1.7160810000000002,1.713236,FRA,TUN,7223
81,223,1207,1968,201734,0,2.058025,0.677452,GBR,TUN,7223
111,223,1207,1968,80534,0,1.8991650000000002,1.865793,ITA,TUN,7223
126,223,1207,1968,0,33833,-1.864928,-0.47663500000000003,LBY,TUN,7223
186,223,1207,1968,1846,0,0.429629,0.513075,RUS,TUN,7223
231,223,1207,1968,331460,0,1.9577650000000002,1.500362,USA,TUN,7223
81,17,1207,1968,1555,0,2.058025,0.677452,GBR,BDI,7223
44,21,1207,1968,2267,892,-0.9004639999999999,-0.815828,CIV,BFA,7223
61,21,1207,1968,11198,0,2.2253979999999998,-1.8081060000000002,DEU,BFA,7223
77,21,1207,1968,27711,0,1.7160810000000002,1.713236,FRA,BFA,7223
214,21,1207,1968,31191,0,-0.837724,-0.47968500000000003,TCD,BFA,7223
231,21,1207,1968,34286,0,1.9577650000000002,1.500362,USA,BFA,7223
18,38,1207,1968,6438,0,1.529065,2.472506,BEL,CAF,7223
61,38,1207,1968,1377,0,2.2253979999999998,-1.8081060000000002,DEU,CAF,7223
77,38,1207,1968,6234,0,1.7160810000000002,1.713236,FRA,CAF,7223
81,38,1207,1968,3393,0,2.058025,0.677452,GBR,CAF,7223
162,38,1207,1968,1778,0,1.4081620000000001,2.841383,NLD,CAF,7223
231,38,1207,1968,510,0,1.9577650000000002,1.500362,USA,CAF,7223
81,62,1207,1968,13033,0,2.058025,0.677452,GBR,DJI,7223
81,87,1207,1968,73161,0,2.058025,0.677452,GBR,GMB,7223
77,89,1207,1968,6084,0,1.7160810000000002,1.713236,FRA,GNQ,7223
77,94,1207,1968,32340,0,1.7160810000000002,1.713236,FRA,GUF,7223
81,94,1207,1968,1153,0,2.058025,0.677452,GBR,GUF,7223
86,94,1207,1968,564,0,-0.408167,-0.372355,GLP,GUF,7223
231,94,1207,1968,6102,0,1.9577650000000002,1.500362,USA,GUF,7223
43,118,1207,1968,3989,0,0.610282,1.61494,CHN,KHM,7223
61,118,1207,1968,2533,0,2.2253979999999998,-1.8081060000000002,DEU,KHM,7223
81,118,1207,1968,250139,0,2.058025,0.677452,GBR,KHM,7223
114,118,1207,1968,17806,0,1.844871,2.2220470000000003,JPN,KHM,7223
231,118,1207,1968,59461,0,1.9577650000000002,1.500362,USA,KHM,7223
245,118,1207,1968,1061,0,1.0230700000000001,2.3184560000000003,YUG,KHM,7223
61,148,1207,1968,2638,0,2.2253979999999998,-1.8081060000000002,DEU,MRT,7223
77,148,1207,1968,6830,0,1.7160810000000002,1.713236,FRA,MRT,7223
81,148,1207,1968,7129,0,2.058025,0.677452,GBR,MRT,7223
85,148,1207,1968,0,12299,-0.8495879999999999,-0.675034,GIN,MRT,7223
111,148,1207,1968,203,0,1.8991650000000002,1.865793,ITA,MRT,7223
191,148,1207,1968,22748,19206,-0.380494,-0.698573,SEN,MRT,7223
231,148,1207,1968,9695,0,1.9577650000000002,1.500362,USA,MRT,7223
61,157,1207,1968,1943,0,2.2253979999999998,-1.8081060000000002,DEU,NER,7223
77,157,1207,1968,15444,0,1.7160810000000002,1.713236,FRA,NER,7223
81,157,1207,1968,16487,0,2.058025,0.677452,GBR,NER,7223
111,157,1207,1968,2723,0,1.8991650000000002,1.865793,ITA,NER,7223
231,157,1207,1968,165169,0,1.9577650000000002,1.500362,USA,NER,7223
114,164,1207,1968,717,0,1.844871,2.2220470000000003,JPN,NPL,7223
61,187,1207,1968,1552,0,2.2253979999999998,-1.8081060000000002,DEU,RWA,7223
111,187,1207,1968,20877,0,1.8991650000000002,1.865793,ITA,RWA,7223
61,199,1207,1968,6939,0,2.2253979999999998,-1.8081060000000002,DEU,SOM,7223
81,199,1207,1968,1288,0,2.058025,0.677452,GBR,SOM,7223
111,199,1207,1968,45377,0,1.8991650000000002,1.865793,ITA,SOM,7223
39,200,1207,1968,5136,15377,0.6867270000000001,0.846297,CAN,SPM,7223
77,200,1207,1968,2359,0,1.7160810000000002,1.713236,FRA,SPM,7223
77,50,1207,1968,1029,0,1.7160810000000002,1.713236,FRA,COM,7223
136,50,1207,1968,1606,0,-0.684883,-0.839874,MDG,COM,7223
107,7,1207,1968,0,9678,-0.731453,-0.764668,IRN,ARE,7223
2,15,1208,1968,0,28728,-1.129591,-0.880391,AGO,AUT,7224
18,15,1208,1968,1023,117823,1.529065,2.472506,BEL,AUT,7224
23,15,1208,1968,1162,0,0.581187,0.53879,BGR,AUT,7224
31,15,1208,1968,0,9798,-0.8851379999999999,-0.772063,BOL,AUT,7224
39,15,1208,1968,26824,0,0.6867270000000001,0.846297,CAN,AUT,7224
41,15,1208,1968,73332,166017,2.1128139999999997,2.181377,CHE,AUT,7224
42,15,1208,1968,0,5070,0.042475,-0.45777299999999993,CHL,AUT,7224
46,15,1208,1968,0,5417,-1.2018229999999999,-0.6680229999999999,COD,AUT,7224
53,15,1208,1968,1254,0,1.6086129999999998,2.804711,CSK,AUT,7224
61,15,1208,1968,1396033,28950,2.2253979999999998,-1.8081060000000002,DEU,AUT,7224
64,15,1208,1968,5026,0,1.5995489999999999,2.6483209999999997,DNK,AUT,7224
67,15,1208,1968,0,26383,-0.5838800000000001,-0.767904,ECU,AUT,7224
71,15,1208,1968,0,191606,0.781529,1.259275,ESP,AUT,7224
74,15,1208,1968,17808,1694,1.401928,1.205835,FIN,AUT,7224
77,15,1208,1968,1615,158081,1.7160810000000002,1.713236,FRA,AUT,7224
81,15,1208,1968,2628956,14929,2.058025,0.677452,GBR,AUT,7224
90,15,1208,1968,0,216326,0.120538,-0.135025,GRC,AUT,7224
93,15,1208,1968,0,82482,0.5246930000000001,0.169407,GTM,AUT,7224
99,15,1208,1968,0,5658,-0.115754,-0.5740890000000001,HND,AUT,7224
102,15,1208,1968,1822,0,0.9154209999999999,1.253378,HUN,AUT,7224
103,15,1208,1968,0,11003,-1.210591,-0.7402310000000001,IDN,AUT,7224
106,15,1208,1968,0,8717,1.054101,1.252786,IRL,AUT,7224
110,15,1208,1968,0,5623,1.105346,0.8750629999999999,ISR,AUT,7224
111,15,1208,1968,138410,299790,1.8991650000000002,1.865793,ITA,AUT,7224
113,15,1208,1968,0,4093,0.402134,-0.18620599999999998,JOR,AUT,7224
114,15,1208,1968,9689,0,1.844871,2.2220470000000003,JPN,AUT,7224
124,15,1208,1968,0,24067,0.7129770000000001,1.136677,LBN,AUT,7224
126,15,1208,1968,0,8690,-1.864928,-0.47663500000000003,LBY,AUT,7224
162,15,1208,1968,0,6158,1.4081620000000001,2.841383,NLD,AUT,7224
180,15,1208,1968,0,37596,-0.605754,-0.77208,PRY,AUT,7224
186,15,1208,1968,1366,0,0.429629,0.513075,RUS,AUT,7224
208,15,1208,1968,105764,2347,1.968017,2.7641270000000002,SWE,AUT,7224
216,15,1208,1968,0,325020,-0.59446,-0.7126439999999999,THA,AUT,7224
224,15,1208,1968,0,95229,-0.654801,-0.8012319999999999,TUR,AUT,7224
231,15,1208,1968,178727,0,1.9577650000000002,1.500362,USA,AUT,7224
236,15,1208,1968,0,738,-0.7130850000000001,-0.5042939999999999,VEN,AUT,7224
245,15,1208,1968,2459,96131,1.0230700000000001,2.3184560000000003,YUG,AUT,7224
2,18,1208,1968,0,15392,-1.129591,-0.880391,AGO,BEL,7224
14,18,1208,1968,24243,81590,0.215398,0.115257,AUS,BEL,7224
15,18,1208,1968,117823,1023,1.94925,1.6721810000000001,AUT,BEL,7224
32,18,1208,1968,0,34859,-0.325932,-0.334875,BRA,BEL,7224
33,18,1208,1968,0,1287,0.6484409999999999,0.015096,BRB,BEL,7224
38,18,1208,1968,0,6438,-0.9644010000000001,-0.631393,CAF,BEL,7224
41,18,1208,1968,7789,17994,2.1128139999999997,2.181377,CHE,BEL,7224
42,18,1208,1968,0,12827,0.042475,-0.45777299999999993,CHL,BEL,7224
46,18,1208,1968,0,14793,-1.2018229999999999,-0.6680229999999999,COD,BEL,7224
53,18,1208,1968,163731,0,1.6086129999999998,2.804711,CSK,BEL,7224
58,18,1208,1968,0,5001,-0.154697,-0.659162,CYP,BEL,7224
61,18,1208,1968,3625540,2588170,2.2253979999999998,-1.8081060000000002,DEU,BEL,7224
64,18,1208,1968,11502,551921,1.5995489999999999,2.6483209999999997,DNK,BEL,7224
66,18,1208,1968,0,17780,-0.6151939999999999,-0.68092,DZA,BEL,7224
71,18,1208,1968,0,15846,0.781529,1.259275,ESP,BEL,7224
74,18,1208,1968,0,343788,1.401928,1.205835,FIN,BEL,7224
77,18,1208,1968,1428769,7091711,1.7160810000000002,1.713236,FRA,BEL,7224
81,18,1208,1968,1177064,56830,2.058025,0.677452,GBR,BEL,7224
85,18,1208,1968,0,2822,-0.8495879999999999,-0.675034,GIN,BEL,7224
86,18,1208,1968,0,11662,-0.408167,-0.372355,GLP,BEL,7224
90,18,1208,1968,0,13435,0.120538,-0.135025,GRC,BEL,7224
93,18,1208,1968,0,2845,0.5246930000000001,0.169407,GTM,BEL,7224
99,18,1208,1968,0,4423,-0.115754,-0.5740890000000001,HND,BEL,7224
102,18,1208,1968,7613,0,0.9154209999999999,1.253378,HUN,BEL,7224
104,18,1208,1968,0,2128,0.1404,0.23993299999999998,IND,BEL,7224
106,18,1208,1968,0,157940,1.054101,1.252786,IRL,BEL,7224
109,18,1208,1968,0,29302,0.282911,-0.326735,ISL,BEL,7224
110,18,1208,1968,0,159458,1.105346,0.8750629999999999,ISR,BEL,7224
111,18,1208,1968,1000906,2056144,1.8991650000000002,1.865793,ITA,BEL,7224
112,18,1208,1968,0,6104,0.206492,-0.587264,JAM,BEL,7224
113,18,1208,1968,0,2061,0.402134,-0.18620599999999998,JOR,BEL,7224
114,18,1208,1968,31703,26394,1.844871,2.2220470000000003,JPN,BEL,7224
116,18,1208,1968,0,14382,-0.301844,-0.318616,KEN,BEL,7224
124,18,1208,1968,0,110250,0.7129770000000001,1.136677,LBN,BEL,7224
126,18,1208,1968,0,4448,-1.864928,-0.47663500000000003,LBY,BEL,7224
128,18,1208,1968,0,1706,-1.048844,-0.673287,LKA,BEL,7224
136,18,1208,1968,0,2372,-0.684883,-0.839874,MDG,BEL,7224
138,18,1208,1968,0,43085,0.306611,0.36893000000000004,MEX,BEL,7224
153,18,1208,1968,0,2596,-0.530212,-0.618034,MYS,BEL,7224
156,18,1208,1968,0,41137,-1.281862,-0.337455,NCL,BEL,7224
162,18,1208,1968,48634,953218,1.4081620000000001,2.841383,NLD,BEL,7224
163,18,1208,1968,0,647315,1.258037,1.6438409999999999,NOR,BEL,7224
166,18,1208,1968,0,3686,0.184389,-0.451151,NZL,BEL,7224
168,18,1208,1968,3851,13052,0.17055499999999998,-0.249302,PAK,BEL,7224
169,18,1208,1968,0,4933,1.151761,0.8629450000000001,PAN,BEL,7224
173,18,1208,1968,0,1692,-0.676242,-0.815086,PER,BEL,7224
174,18,1208,1968,0,1191,-0.38509499999999997,-0.708784,PHL,BEL,7224
177,18,1208,1968,28866,4273,0.9209379999999999,1.762821,POL,BEL,7224
179,18,1208,1968,0,596727,1.014702,1.024988,PRT,BEL,7224
180,18,1208,1968,0,5421,-0.605754,-0.77208,PRY,BEL,7224
182,18,1208,1968,0,5089,-0.5570109999999999,-0.47348599999999996,PYF,BEL,7224
185,18,1208,1968,4209,0,0.7897609999999999,0.9959479999999999,ROU,BEL,7224
186,18,1208,1968,108418,0,0.429629,0.513075,RUS,BEL,7224
188,18,1208,1968,0,274751,-1.510775,-0.48828699999999997,SAU,BEL,7224
208,18,1208,1968,58938,3119,1.968017,2.7641270000000002,SWE,BEL,7224
216,18,1208,1968,0,2353,-0.59446,-0.7126439999999999,THA,BEL,7224
222,18,1208,1968,0,551,0.388499,-0.182041,TTO,BEL,7224
223,18,1208,1968,0,803,-0.129079,-0.54896,TUN,BEL,7224
224,18,1208,1968,0,23870,-0.654801,-0.8012319999999999,TUR,BEL,7224
226,18,1208,1968,0,7188,-1.2084840000000001,-0.893344,TZA,BEL,7224
231,18,1208,1968,1214811,37336,1.9577650000000002,1.500362,USA,BEL,7224
236,18,1208,1968,0,2001,-0.7130850000000001,-0.5042939999999999,VEN,BEL,7224
240,18,1208,1968,0,1524,-1.165284,-0.661817,VUT,BEL,7224
245,18,1208,1968,3917,0,1.0230700000000001,2.3184560000000003,YUG,BEL,7224
246,18,1208,1968,0,54289,-0.397811,-0.621199,ZAF,BEL,7224
250,18,1208,1968,0,3856,0.8133859999999999,0.47075900000000004,ANS,BEL,7224
8,39,1208,1968,0,55360,0.148111,0.088328,ARG,CAN,7224
14,39,1208,1968,0,413571,0.215398,0.115257,AUS,CAN,7224
15,39,1208,1968,0,26824,1.94925,1.6721810000000001,AUT,CAN,7224
25,39,1208,1968,0,587,0.785454,-0.166571,BHS,CAN,7224
44,39,1208,1968,0,109800,-0.9004639999999999,-0.815828,CIV,CAN,7224
45,39,1208,1968,0,7667,-0.448082,-0.43909899999999996,CMR,CAN,7224
47,39,1208,1968,0,180060,-1.0615450000000002,-0.736701,COG,CAN,7224
49,39,1208,1968,0,18476,-0.179843,-0.5681729999999999,COL,CAN,7224
52,39,1208,1968,0,2022,0.926132,0.544143,CRI,CAN,7224
54,39,1208,1968,0,26310,0.19656600000000002,-0.645117,CUB,CAN,7224
61,39,1208,1968,1691082,38477,2.2253979999999998,-1.8081060000000002,DEU,CAN,7224
65,39,1208,1968,0,23256,-0.739667,-0.834332,DOM,CAN,7224
74,39,1208,1968,0,18786,1.401928,1.205835,FIN,CAN,7224
77,39,1208,1968,89987,331938,1.7160810000000002,1.713236,FRA,CAN,7224
80,39,1208,1968,0,175938,-1.370584,-0.627224,GAB,CAN,7224
81,39,1208,1968,5654292,62438,2.058025,0.677452,GBR,CAN,7224
90,39,1208,1968,0,3863,0.120538,-0.135025,GRC,CAN,7224
101,39,1208,1968,0,4235,0.30587600000000004,-0.458413,HTI,CAN,7224
104,39,1208,1968,0,609421,0.1404,0.23993299999999998,IND,CAN,7224
109,39,1208,1968,0,678,0.282911,-0.326735,ISL,CAN,7224
110,39,1208,1968,0,2538,1.105346,0.8750629999999999,ISR,CAN,7224
111,39,1208,1968,237161,12288,1.8991650000000002,1.865793,ITA,CAN,7224
112,39,1208,1968,0,3754,0.206492,-0.587264,JAM,CAN,7224
114,39,1208,1968,562725,3740,1.844871,2.2220470000000003,JPN,CAN,7224
128,39,1208,1968,0,610,-1.048844,-0.673287,LKA,CAN,7224
134,39,1208,1968,0,1267,-0.219575,-0.657712,MAR,CAN,7224
136,39,1208,1968,0,3620,-0.684883,-0.839874,MDG,CAN,7224
138,39,1208,1968,0,44504,0.306611,0.36893000000000004,MEX,CAN,7224
159,39,1208,1968,0,4701,-1.317379,-0.822881,NGA,CAN,7224
163,39,1208,1968,0,70480,1.258037,1.6438409999999999,NOR,CAN,7224
166,39,1208,1968,0,46055,0.184389,-0.451151,NZL,CAN,7224
168,39,1208,1968,0,759,0.17055499999999998,-0.249302,PAK,CAN,7224
173,39,1208,1968,0,13267,-0.676242,-0.815086,PER,CAN,7224
174,39,1208,1968,0,20014,-0.38509499999999997,-0.708784,PHL,CAN,7224
186,39,1208,1968,8536,0,0.429629,0.513075,RUS,CAN,7224
192,39,1208,1968,0,2093,0.34532199999999996,0.624988,SGP,CAN,7224
200,39,1208,1968,15377,5136,0.399803,-0.33834699999999995,SPM,CAN,7224
208,39,1208,1968,1277717,27284,1.968017,2.7641270000000002,SWE,CAN,7224
216,39,1208,1968,0,21068,-0.59446,-0.7126439999999999,THA,CAN,7224
223,39,1208,1968,0,1115,-0.129079,-0.54896,TUN,CAN,7224
231,39,1208,1968,59007728,12401755,1.9577650000000002,1.500362,USA,CAN,7224
236,39,1208,1968,0,9635,-0.7130850000000001,-0.5042939999999999,VEN,CAN,7224
246,39,1208,1968,0,588,-0.397811,-0.621199,ZAF,CAN,7224
250,39,1208,1968,0,505,0.8133859999999999,0.47075900000000004,ANS,CAN,7224
14,41,1208,1968,18537,6713,0.215398,0.115257,AUS,CHE,7224
15,41,1208,1968,166017,73332,1.94925,1.6721810000000001,AUT,CHE,7224
18,41,1208,1968,17994,7789,1.529065,2.472506,BEL,CHE,7224
49,41,1208,1968,0,986,-0.179843,-0.5681729999999999,COL,CHE,7224
53,41,1208,1968,118830,819,1.6086129999999998,2.804711,CSK,CHE,7224
61,41,1208,1968,1638546,46397,2.2253979999999998,-1.8081060000000002,DEU,CHE,7224
64,41,1208,1968,0,5761,1.5995489999999999,2.6483209999999997,DNK,CHE,7224
66,41,1208,1968,0,22201,-0.6151939999999999,-0.68092,DZA,CHE,7224
71,41,1208,1968,0,21711,0.781529,1.259275,ESP,CHE,7224
74,41,1208,1968,0,4831,1.401928,1.205835,FIN,CHE,7224
77,41,1208,1968,180568,101726,1.7160810000000002,1.713236,FRA,CHE,7224
81,41,1208,1968,1474906,8936,2.058025,0.677452,GBR,CHE,7224
90,41,1208,1968,0,3784,0.120538,-0.135025,GRC,CHE,7224
107,41,1208,1968,0,238894,-0.731453,-0.764668,IRN,CHE,7224
110,41,1208,1968,0,59274,1.105346,0.8750629999999999,ISR,CHE,7224
111,41,1208,1968,958560,39946,1.8991650000000002,1.865793,ITA,CHE,7224
114,41,1208,1968,5261,10188,1.844871,2.2220470000000003,JPN,CHE,7224
162,41,1208,1968,0,14474,1.4081620000000001,2.841383,NLD,CHE,7224
163,41,1208,1968,0,35118,1.258037,1.6438409999999999,NOR,CHE,7224
168,41,1208,1968,0,32050,0.17055499999999998,-0.249302,PAK,CHE,7224
174,41,1208,1968,0,4252,-0.38509499999999997,-0.708784,PHL,CHE,7224
177,41,1208,1968,7941,0,0.9209379999999999,1.762821,POL,CHE,7224
179,41,1208,1968,0,2319,1.014702,1.024988,PRT,CHE,7224
185,41,1208,1968,0,4131,0.7897609999999999,0.9959479999999999,ROU,CHE,7224
186,41,1208,1968,31280,0,0.429629,0.513075,RUS,CHE,7224
208,41,1208,1968,0,18993,1.968017,2.7641270000000002,SWE,CHE,7224
231,41,1208,1968,758533,6586,1.9577650000000002,1.500362,USA,CHE,7224
245,41,1208,1968,0,18052,1.0230700000000001,2.3184560000000003,YUG,CHE,7224
250,41,1208,1968,0,607,0.8133859999999999,0.47075900000000004,ANS,CHE,7224
81,43,1208,1968,13791,0,2.058025,0.677452,GBR,CHN,7224
118,43,1208,1968,0,3989,-0.6683680000000001,-0.9116620000000001,KHM,CHN,7224
128,43,1208,1968,0,590,-1.048844,-0.673287,LKA,CHN,7224
14,53,1208,1968,0,245806,0.215398,0.115257,AUS,CSK,7224
15,53,1208,1968,0,1254,1.94925,1.6721810000000001,AUT,CSK,7224
18,53,1208,1968,0,163731,1.529065,2.472506,BEL,CSK,7224
31,53,1208,1968,0,29459,-0.8851379999999999,-0.772063,BOL,CSK,7224
41,53,1208,1968,819,118830,2.1128139999999997,2.181377,CHE,CSK,7224
49,53,1208,1968,0,2229,-0.179843,-0.5681729999999999,COL,CSK,7224
61,53,1208,1968,14845,371879,2.2253979999999998,-1.8081060000000002,DEU,CSK,7224
64,53,1208,1968,0,85376,1.5995489999999999,2.6483209999999997,DNK,CSK,7224
71,53,1208,1968,0,269968,0.781529,1.259275,ESP,CSK,7224
74,53,1208,1968,0,71087,1.401928,1.205835,FIN,CSK,7224
77,53,1208,1968,24315,2217745,1.7160810000000002,1.713236,FRA,CSK,7224
81,53,1208,1968,1201,667034,2.058025,0.677452,GBR,CSK,7224
90,53,1208,1968,0,1002976,0.120538,-0.135025,GRC,CSK,7224
104,53,1208,1968,0,931163,0.1404,0.23993299999999998,IND,CSK,7224
106,53,1208,1968,0,118731,1.054101,1.252786,IRL,CSK,7224
111,53,1208,1968,20110,112104,1.8991650000000002,1.865793,ITA,CSK,7224
113,53,1208,1968,0,5864,0.402134,-0.18620599999999998,JOR,CSK,7224
114,53,1208,1968,0,308042,1.844871,2.2220470000000003,JPN,CSK,7224
124,53,1208,1968,0,17282,0.7129770000000001,1.136677,LBN,CSK,7224
126,53,1208,1968,0,206303,-1.864928,-0.47663500000000003,LBY,CSK,7224
138,53,1208,1968,0,155939,0.306611,0.36893000000000004,MEX,CSK,7224
143,53,1208,1968,0,207580,-0.96686,-0.782324,MMR,CSK,7224
159,53,1208,1968,0,1670,-1.317379,-0.822881,NGA,CSK,7224
162,53,1208,1968,0,335663,1.4081620000000001,2.841383,NLD,CSK,7224
163,53,1208,1968,0,106249,1.258037,1.6438409999999999,NOR,CSK,7224
166,53,1208,1968,0,9925,0.184389,-0.451151,NZL,CSK,7224
168,53,1208,1968,0,129168,0.17055499999999998,-0.249302,PAK,CSK,7224
179,53,1208,1968,0,5198,1.014702,1.024988,PRT,CSK,7224
208,53,1208,1968,0,60271,1.968017,2.7641270000000002,SWE,CSK,7224
231,53,1208,1968,6674,0,1.9577650000000002,1.500362,USA,CSK,7224
236,53,1208,1968,0,17582,-0.7130850000000001,-0.5042939999999999,VEN,CSK,7224
245,53,1208,1968,0,1388045,1.0230700000000001,2.3184560000000003,YUG,CSK,7224
1,61,1208,1968,0,13766,-0.712527,-0.837342,AFG,DEU,7224
2,61,1208,1968,0,620225,-1.129591,-0.880391,AGO,DEU,7224
8,61,1208,1968,0,16462,0.148111,0.088328,ARG,DEU,7224
14,61,1208,1968,0,573944,0.215398,0.115257,AUS,DEU,7224
15,61,1208,1968,28950,1396033,1.94925,1.6721810000000001,AUT,DEU,7224
18,61,1208,1968,2588170,3625540,1.529065,2.472506,BEL,DEU,7224
19,61,1208,1968,0,3257,-0.820837,-0.669663,BEN,DEU,7224
21,61,1208,1968,0,11198,-0.21085,-0.5524640000000001,BFA,DEU,7224
23,61,1208,1968,1463,5793,0.581187,0.53879,BGR,DEU,7224
31,61,1208,1968,0,19242,-0.8851379999999999,-0.772063,BOL,DEU,7224
32,61,1208,1968,0,84976,-0.325932,-0.334875,BRA,DEU,7224
33,61,1208,1968,0,13751,0.6484409999999999,0.015096,BRB,DEU,7224
38,61,1208,1968,0,1377,-0.9644010000000001,-0.631393,CAF,DEU,7224
39,61,1208,1968,38477,1691082,0.6867270000000001,0.846297,CAN,DEU,7224
41,61,1208,1968,46397,1638546,2.1128139999999997,2.181377,CHE,DEU,7224
42,61,1208,1968,0,579536,0.042475,-0.45777299999999993,CHL,DEU,7224
44,61,1208,1968,3023,23783,-0.9004639999999999,-0.815828,CIV,DEU,7224
45,61,1208,1968,0,22867,-0.448082,-0.43909899999999996,CMR,DEU,7224
46,61,1208,1968,0,333475,-1.2018229999999999,-0.6680229999999999,COD,DEU,7224
47,61,1208,1968,0,37179,-1.0615450000000002,-0.736701,COG,DEU,7224
49,61,1208,1968,0,522001,-0.179843,-0.5681729999999999,COL,DEU,7224
52,61,1208,1968,0,50510,0.926132,0.544143,CRI,DEU,7224
53,61,1208,1968,371879,14845,1.6086129999999998,2.804711,CSK,DEU,7224
58,61,1208,1968,0,32477,-0.154697,-0.659162,CYP,DEU,7224
64,61,1208,1968,9455,656018,1.5995489999999999,2.6483209999999997,DNK,DEU,7224
65,61,1208,1968,0,146136,-0.739667,-0.834332,DOM,DEU,7224
66,61,1208,1968,0,351943,-0.6151939999999999,-0.68092,DZA,DEU,7224
67,61,1208,1968,0,115878,-0.5838800000000001,-0.767904,ECU,DEU,7224
68,61,1208,1968,0,27844,0.141193,-0.395386,EGY,DEU,7224
71,61,1208,1968,0,978832,0.781529,1.259275,ESP,DEU,7224
73,61,1208,1968,0,118384,-0.8907879999999999,-0.983032,ETH,DEU,7224
74,61,1208,1968,162848,115462,1.401928,1.205835,FIN,DEU,7224
77,61,1208,1968,4999405,15232474,1.7160810000000002,1.713236,FRA,DEU,7224
80,61,1208,1968,0,6774,-1.370584,-0.627224,GAB,DEU,7224
81,61,1208,1968,1514612,1628315,2.058025,0.677452,GBR,DEU,7224
83,61,1208,1968,0,10777,-0.995481,-0.76246,GHA,DEU,7224
85,61,1208,1968,0,24478,-0.8495879999999999,-0.675034,GIN,DEU,7224
86,61,1208,1968,0,12911,-0.408167,-0.372355,GLP,DEU,7224
88,61,1208,1968,0,2184,-1.143491,-0.873791,GNB,DEU,7224
90,61,1208,1968,2139,3085628,0.120538,-0.135025,GRC,DEU,7224
93,61,1208,1968,0,52312,0.5246930000000001,0.169407,GTM,DEU,7224
96,61,1208,1968,0,14946,-0.34474699999999997,-0.547204,GUY,DEU,7224
99,61,1208,1968,0,93370,-0.115754,-0.5740890000000001,HND,DEU,7224
101,61,1208,1968,0,4854,0.30587600000000004,-0.458413,HTI,DEU,7224
102,61,1208,1968,0,15200,0.9154209999999999,1.253378,HUN,DEU,7224
103,61,1208,1968,0,26301,-1.210591,-0.7402310000000001,IDN,DEU,7224
104,61,1208,1968,0,25159,0.1404,0.23993299999999998,IND,DEU,7224
106,61,1208,1968,0,78645,1.054101,1.252786,IRL,DEU,7224
107,61,1208,1968,0,43609,-0.731453,-0.764668,IRN,DEU,7224
108,61,1208,1968,0,2759,-0.935797,-0.522099,IRQ,DEU,7224
109,61,1208,1968,495,30451,0.282911,-0.326735,ISL,DEU,7224
110,61,1208,1968,0,200956,1.105346,0.8750629999999999,ISR,DEU,7224
111,61,1208,1968,2326746,2501184,1.8991650000000002,1.865793,ITA,DEU,7224
112,61,1208,1968,0,11387,0.206492,-0.587264,JAM,DEU,7224
113,61,1208,1968,0,26406,0.402134,-0.18620599999999998,JOR,DEU,7224
114,61,1208,1968,67296,475286,1.844871,2.2220470000000003,JPN,DEU,7224
116,61,1208,1968,0,163094,-0.301844,-0.318616,KEN,DEU,7224
118,61,1208,1968,0,2533,-0.6683680000000001,-0.9116620000000001,KHM,DEU,7224
121,61,1208,1968,0,17779,0.992735,0.683944,KOR,DEU,7224
124,61,1208,1968,0,19144,0.7129770000000001,1.136677,LBN,DEU,7224
125,61,1208,1968,0,11554,-0.974225,-0.554678,LBR,DEU,7224
126,61,1208,1968,0,33242,-1.864928,-0.47663500000000003,LBY,DEU,7224
134,61,1208,1968,0,25501,-0.219575,-0.657712,MAR,DEU,7224
136,61,1208,1968,0,103637,-0.684883,-0.839874,MDG,DEU,7224
138,61,1208,1968,0,5949,0.306611,0.36893000000000004,MEX,DEU,7224
141,61,1208,1968,0,635,-0.625304,-0.751379,MLI,DEU,7224
142,61,1208,1968,0,2035,1.418505,1.216724,MLT,DEU,7224
147,61,1208,1968,0,256135,-0.859319,-0.818945,MOZ,DEU,7224
148,61,1208,1968,0,2638,-0.584021,-0.6288090000000001,MRT,DEU,7224
150,61,1208,1968,0,11701,0.026755,-0.5054850000000001,MTQ,DEU,7224
152,61,1208,1968,0,4585,-0.6704289999999999,-0.747872,MWI,DEU,7224
153,61,1208,1968,0,20897,-0.530212,-0.618034,MYS,DEU,7224
156,61,1208,1968,0,5547,-1.281862,-0.337455,NCL,DEU,7224
157,61,1208,1968,0,1943,-0.621916,-0.715214,NER,DEU,7224
159,61,1208,1968,0,7439,-1.317379,-0.822881,NGA,DEU,7224
160,61,1208,1968,0,75577,0.141456,-0.299055,NIC,DEU,7224
162,61,1208,1968,91087,3866885,1.4081620000000001,2.841383,NLD,DEU,7224
163,61,1208,1968,2048,411003,1.258037,1.6438409999999999,NOR,DEU,7224
166,61,1208,1968,0,38518,0.184389,-0.451151,NZL,DEU,7224
167,61,1208,1968,0,11863,-1.563004,-0.448748,OMN,DEU,7224
168,61,1208,1968,0,490003,0.17055499999999998,-0.249302,PAK,DEU,7224
169,61,1208,1968,0,56901,1.151761,0.8629450000000001,PAN,DEU,7224
173,61,1208,1968,0,10292,-0.676242,-0.815086,PER,DEU,7224
174,61,1208,1968,0,437675,-0.38509499999999997,-0.708784,PHL,DEU,7224
177,61,1208,1968,0,10804,0.9209379999999999,1.762821,POL,DEU,7224
179,61,1208,1968,0,1099147,1.014702,1.024988,PRT,DEU,7224
180,61,1208,1968,0,19204,-0.605754,-0.77208,PRY,DEU,7224
182,61,1208,1968,0,13724,-0.5570109999999999,-0.47348599999999996,PYF,DEU,7224
184,61,1208,1968,0,14372,-0.704149,-0.416626,REU,DEU,7224
185,61,1208,1968,1972,92157,0.7897609999999999,0.9959479999999999,ROU,DEU,7224
186,61,1208,1968,5010,15395,0.429629,0.513075,RUS,DEU,7224
187,61,1208,1968,0,1552,-1.387285,-0.467879,RWA,DEU,7224
188,61,1208,1968,0,49787,-1.510775,-0.48828699999999997,SAU,DEU,7224
190,61,1208,1968,0,69618,-1.18039,-0.908206,SDN,DEU,7224
191,61,1208,1968,0,10380,-0.380494,-0.698573,SEN,DEU,7224
197,61,1208,1968,0,17191,0.8662620000000001,0.791027,SLV,DEU,7224
199,61,1208,1968,0,6939,-0.228271,-0.550886,SOM,DEU,7224
205,61,1208,1968,0,29044,-0.43228199999999994,-0.560526,SUR,DEU,7224
208,61,1208,1968,15563,958520,1.968017,2.7641270000000002,SWE,DEU,7224
212,61,1208,1968,0,1643,-0.14453,-0.669121,SYR,DEU,7224
214,61,1208,1968,0,2485,-0.837724,-0.47968500000000003,TCD,DEU,7224
215,61,1208,1968,0,6673,-1.185554,-0.808087,TGO,DEU,7224
216,61,1208,1968,0,104534,-0.59446,-0.7126439999999999,THA,DEU,7224
220,61,1208,1968,0,2083,1.094058,0.195271,TLS,DEU,7224
222,61,1208,1968,0,2404,0.388499,-0.182041,TTO,DEU,7224
223,61,1208,1968,0,16001,-0.129079,-0.54896,TUN,DEU,7224
224,61,1208,1968,0,193741,-0.654801,-0.8012319999999999,TUR,DEU,7224
226,61,1208,1968,0,18015,-1.2084840000000001,-0.893344,TZA,DEU,7224
227,61,1208,1968,0,5169,-1.381566,-0.770883,UGA,DEU,7224
230,61,1208,1968,0,8428,0.418634,-0.177045,URY,DEU,7224
231,61,1208,1968,1838385,1629782,1.9577650000000002,1.500362,USA,DEU,7224
236,61,1208,1968,0,385981,-0.7130850000000001,-0.5042939999999999,VEN,DEU,7224
239,61,1208,1968,0,129373,0.414368,-0.21605500000000002,VNM,DEU,7224
240,61,1208,1968,0,1674,-1.165284,-0.661817,VUT,DEU,7224
244,61,1208,1968,0,12841,-0.713819,-0.722625,YMD,DEU,7224
245,61,1208,1968,1265,378770,1.0230700000000001,2.3184560000000003,YUG,DEU,7224
246,61,1208,1968,0,2718253,-0.397811,-0.621199,ZAF,DEU,7224
247,61,1208,1968,0,1578,-0.811549,-0.6721600000000001,ZMB,DEU,7224
248,61,1208,1968,0,20655,1.275376,1.463211,ZWE,DEU,7224
249,61,1208,1968,0,1977,1.152169,1.691066,TWN,DEU,7224
15,64,1208,1968,0,5026,1.94925,1.6721810000000001,AUT,DNK,7224
18,64,1208,1968,551921,11502,1.529065,2.472506,BEL,DNK,7224
41,64,1208,1968,5761,0,2.1128139999999997,2.181377,CHE,DNK,7224
53,64,1208,1968,85376,0,1.6086129999999998,2.804711,CSK,DNK,7224
61,64,1208,1968,656018,9455,2.2253979999999998,-1.8081060000000002,DEU,DNK,7224
67,64,1208,1968,0,3344,-0.5838800000000001,-0.767904,ECU,DNK,7224
74,64,1208,1968,925,14177,1.401928,1.205835,FIN,DNK,7224
77,64,1208,1968,4916,0,1.7160810000000002,1.713236,FRA,DNK,7224
81,64,1208,1968,3954892,10652,2.058025,0.677452,GBR,DNK,7224
109,64,1208,1968,0,684,0.282911,-0.326735,ISL,DNK,7224
111,64,1208,1968,483138,0,1.8991650000000002,1.865793,ITA,DNK,7224
114,64,1208,1968,62158,0,1.844871,2.2220470000000003,JPN,DNK,7224
162,64,1208,1968,1755,16042,1.4081620000000001,2.841383,NLD,DNK,7224
163,64,1208,1968,12206,33639,1.258037,1.6438409999999999,NOR,DNK,7224
168,64,1208,1968,0,2410,0.17055499999999998,-0.249302,PAK,DNK,7224
177,64,1208,1968,66578,0,0.9209379999999999,1.762821,POL,DNK,7224
185,64,1208,1968,53198,0,0.7897609999999999,0.9959479999999999,ROU,DNK,7224
186,64,1208,1968,34962,0,0.429629,0.513075,RUS,DNK,7224
208,64,1208,1968,1073063,312701,1.968017,2.7641270000000002,SWE,DNK,7224
226,64,1208,1968,0,12524,-1.2084840000000001,-0.893344,TZA,DNK,7224
231,64,1208,1968,442863,0,1.9577650000000002,1.500362,USA,DNK,7224
244,64,1208,1968,0,15801,-0.713819,-0.722625,YMD,DNK,7224
1,77,1208,1968,0,2101,-0.712527,-0.837342,AFG,FRA,7224
2,77,1208,1968,0,24833,-1.129591,-0.880391,AGO,FRA,7224
8,77,1208,1968,0,84062,0.148111,0.088328,ARG,FRA,7224
14,77,1208,1968,0,105396,0.215398,0.115257,AUS,FRA,7224
15,77,1208,1968,158081,1615,1.94925,1.6721810000000001,AUT,FRA,7224
18,77,1208,1968,7091711,1428769,1.529065,2.472506,BEL,FRA,7224
19,77,1208,1968,995,22759,-0.820837,-0.669663,BEN,FRA,7224
21,77,1208,1968,0,27711,-0.21085,-0.5524640000000001,BFA,FRA,7224
23,77,1208,1968,12009,0,0.581187,0.53879,BGR,FRA,7224
32,77,1208,1968,0,142957,-0.325932,-0.334875,BRA,FRA,7224
38,77,1208,1968,0,6234,-0.9644010000000001,-0.631393,CAF,FRA,7224
39,77,1208,1968,331938,89987,0.6867270000000001,0.846297,CAN,FRA,7224
41,77,1208,1968,101726,180568,2.1128139999999997,2.181377,CHE,FRA,7224
42,77,1208,1968,0,2591,0.042475,-0.45777299999999993,CHL,FRA,7224
44,77,1208,1968,0,298427,-0.9004639999999999,-0.815828,CIV,FRA,7224
45,77,1208,1968,10289,59393,-0.448082,-0.43909899999999996,CMR,FRA,7224
46,77,1208,1968,0,178167,-1.2018229999999999,-0.6680229999999999,COD,FRA,7224
47,77,1208,1968,18462,45424,-1.0615450000000002,-0.736701,COG,FRA,7224
49,77,1208,1968,0,35774,-0.179843,-0.5681729999999999,COL,FRA,7224
50,77,1208,1968,0,1029,-1.103797,-0.557675,COM,FRA,7224
53,77,1208,1968,2217745,24315,1.6086129999999998,2.804711,CSK,FRA,7224
54,77,1208,1968,0,979683,0.19656600000000002,-0.645117,CUB,FRA,7224
58,77,1208,1968,0,9648,-0.154697,-0.659162,CYP,FRA,7224
61,77,1208,1968,15232474,4999405,2.2253979999999998,-1.8081060000000002,DEU,FRA,7224
64,77,1208,1968,0,4916,1.5995489999999999,2.6483209999999997,DNK,FRA,7224
65,77,1208,1968,0,2349,-0.739667,-0.834332,DOM,FRA,7224
66,77,1208,1968,0,3642976,-0.6151939999999999,-0.68092,DZA,FRA,7224
71,77,1208,1968,0,931130,0.781529,1.259275,ESP,FRA,7224
73,77,1208,1968,0,4877,-0.8907879999999999,-0.983032,ETH,FRA,7224
74,77,1208,1968,0,39656,1.401928,1.205835,FIN,FRA,7224
80,77,1208,1968,0,31540,-1.370584,-0.627224,GAB,FRA,7224
81,77,1208,1968,5890228,148926,2.058025,0.677452,GBR,FRA,7224
83,77,1208,1968,0,10655,-0.995481,-0.76246,GHA,FRA,7224
85,77,1208,1968,0,5785,-0.8495879999999999,-0.675034,GIN,FRA,7224
86,77,1208,1968,0,54720,-0.408167,-0.372355,GLP,FRA,7224
89,77,1208,1968,0,6084,1.0809790000000001,0.078789,GNQ,FRA,7224
90,77,1208,1968,0,514289,0.120538,-0.135025,GRC,FRA,7224
94,77,1208,1968,0,32340,-0.09549500000000001,-0.493262,GUF,FRA,7224
102,77,1208,1968,42770,0,0.9154209999999999,1.253378,HUN,FRA,7224
103,77,1208,1968,0,9981,-1.210591,-0.7402310000000001,IDN,FRA,7224
104,77,1208,1968,0,1139,0.1404,0.23993299999999998,IND,FRA,7224
106,77,1208,1968,0,5720,1.054101,1.252786,IRL,FRA,7224
107,77,1208,1968,0,56179,-0.731453,-0.764668,IRN,FRA,7224
108,77,1208,1968,0,375878,-0.935797,-0.522099,IRQ,FRA,7224
109,77,1208,1968,0,11765,0.282911,-0.326735,ISL,FRA,7224
110,77,1208,1968,0,38090,1.105346,0.8750629999999999,ISR,FRA,7224
111,77,1208,1968,11958776,3416558,1.8991650000000002,1.865793,ITA,FRA,7224
113,77,1208,1968,0,43731,0.402134,-0.18620599999999998,JOR,FRA,7224
114,77,1208,1968,217082,54736,1.844871,2.2220470000000003,JPN,FRA,7224
121,77,1208,1968,0,1136,0.992735,0.683944,KOR,FRA,7224
124,77,1208,1968,0,2099,0.7129770000000001,1.136677,LBN,FRA,7224
126,77,1208,1968,0,177019,-1.864928,-0.47663500000000003,LBY,FRA,7224
128,77,1208,1968,0,26126,-1.048844,-0.673287,LKA,FRA,7224
134,77,1208,1968,0,212105,-0.219575,-0.657712,MAR,FRA,7224
136,77,1208,1968,0,233602,-0.684883,-0.839874,MDG,FRA,7224
138,77,1208,1968,0,32148,0.306611,0.36893000000000004,MEX,FRA,7224
141,77,1208,1968,0,5975,-0.625304,-0.751379,MLI,FRA,7224
147,77,1208,1968,0,86763,-0.859319,-0.818945,MOZ,FRA,7224
148,77,1208,1968,0,6830,-0.584021,-0.6288090000000001,MRT,FRA,7224
150,77,1208,1968,0,66065,0.026755,-0.5054850000000001,MTQ,FRA,7224
156,77,1208,1968,0,217383,-1.281862,-0.337455,NCL,FRA,7224
157,77,1208,1968,0,15444,-0.621916,-0.715214,NER,FRA,7224
160,77,1208,1968,0,465,0.141456,-0.299055,NIC,FRA,7224
162,77,1208,1968,12918,1222893,1.4081620000000001,2.841383,NLD,FRA,7224
163,77,1208,1968,9201,457178,1.258037,1.6438409999999999,NOR,FRA,7224
166,77,1208,1968,0,799,0.184389,-0.451151,NZL,FRA,7224
167,77,1208,1968,0,10657,-1.563004,-0.448748,OMN,FRA,7224
168,77,1208,1968,39701,4067,0.17055499999999998,-0.249302,PAK,FRA,7224
173,77,1208,1968,0,987,-0.676242,-0.815086,PER,FRA,7224
177,77,1208,1968,331502,0,0.9209379999999999,1.762821,POL,FRA,7224
179,77,1208,1968,0,102752,1.014702,1.024988,PRT,FRA,7224
180,77,1208,1968,0,23045,-0.605754,-0.77208,PRY,FRA,7224
182,77,1208,1968,0,5387,-0.5570109999999999,-0.47348599999999996,PYF,FRA,7224
184,77,1208,1968,0,151032,-0.704149,-0.416626,REU,FRA,7224
185,77,1208,1968,125392,6988,0.7897609999999999,0.9959479999999999,ROU,FRA,7224
186,77,1208,1968,754419,2127,0.429629,0.513075,RUS,FRA,7224
188,77,1208,1968,0,1236,-1.510775,-0.48828699999999997,SAU,FRA,7224
191,77,1208,1968,0,56211,-0.380494,-0.698573,SEN,FRA,7224
197,77,1208,1968,0,5299,0.8662620000000001,0.791027,SLV,FRA,7224
200,77,1208,1968,0,2359,0.399803,-0.33834699999999995,SPM,FRA,7224
208,77,1208,1968,1112560,73485,1.968017,2.7641270000000002,SWE,FRA,7224
214,77,1208,1968,0,1844,-0.837724,-0.47968500000000003,TCD,FRA,7224
215,77,1208,1968,0,18142,-1.185554,-0.808087,TGO,FRA,7224
216,77,1208,1968,0,2859,-0.59446,-0.7126439999999999,THA,FRA,7224
223,77,1208,1968,0,10320,-0.129079,-0.54896,TUN,FRA,7224
224,77,1208,1968,0,3873,-0.654801,-0.8012319999999999,TUR,FRA,7224
226,77,1208,1968,0,2435,-1.2084840000000001,-0.893344,TZA,FRA,7224
227,77,1208,1968,0,10974,-1.381566,-0.770883,UGA,FRA,7224
231,77,1208,1968,7073344,218842,1.9577650000000002,1.500362,USA,FRA,7224
236,77,1208,1968,0,2267,-0.7130850000000001,-0.5042939999999999,VEN,FRA,7224
240,77,1208,1968,0,1640,-1.165284,-0.661817,VUT,FRA,7224
245,77,1208,1968,0,3141,1.0230700000000001,2.3184560000000003,YUG,FRA,7224
246,77,1208,1968,0,116481,-0.397811,-0.621199,ZAF,FRA,7224
247,77,1208,1968,0,4971,-0.811549,-0.6721600000000001,ZMB,FRA,7224
250,77,1208,1968,2243,710,0.8133859999999999,0.47075900000000004,ANS,FRA,7224
1,81,1208,1968,0,11196,-0.712527,-0.837342,AFG,GBR,7224
2,81,1208,1968,0,869331,-1.129591,-0.880391,AGO,GBR,7224
6,81,1208,1968,0,11046,0.14161500000000002,-0.24035399999999998,ANT,GBR,7224
8,81,1208,1968,0,220065,0.148111,0.088328,ARG,GBR,7224
14,81,1208,1968,5636,8761700,0.215398,0.115257,AUS,GBR,7224
15,81,1208,1968,14929,2628956,1.94925,1.6721810000000001,AUT,GBR,7224
17,81,1208,1968,0,1555,-0.8680040000000001,-0.673427,BDI,GBR,7224
18,81,1208,1968,56830,1177064,1.529065,2.472506,BEL,GBR,7224
19,81,1208,1968,0,1853,-0.820837,-0.669663,BEN,GBR,7224
24,81,1208,1968,0,5773,-0.059769,-0.445457,BHR,GBR,7224
25,81,1208,1968,0,11052,0.785454,-0.166571,BHS,GBR,7224
30,81,1208,1968,0,1627,0.873251,0.188419,BMU,GBR,7224
31,81,1208,1968,0,64551,-0.8851379999999999,-0.772063,BOL,GBR,7224
32,81,1208,1968,0,692694,-0.325932,-0.334875,BRA,GBR,7224
33,81,1208,1968,0,53653,0.6484409999999999,0.015096,BRB,GBR,7224
34,81,1208,1968,0,1536,-1.0804770000000001,-0.305034,BRN,GBR,7224
38,81,1208,1968,0,3393,-0.9644010000000001,-0.631393,CAF,GBR,7224
39,81,1208,1968,62438,5654292,0.6867270000000001,0.846297,CAN,GBR,7224
41,81,1208,1968,8936,1474906,2.1128139999999997,2.181377,CHE,GBR,7224
42,81,1208,1968,0,748475,0.042475,-0.45777299999999993,CHL,GBR,7224
43,81,1208,1968,0,13791,0.610282,1.61494,CHN,GBR,7224
44,81,1208,1968,0,164253,-0.9004639999999999,-0.815828,CIV,GBR,7224
45,81,1208,1968,0,209770,-0.448082,-0.43909899999999996,CMR,GBR,7224
46,81,1208,1968,0,398902,-1.2018229999999999,-0.6680229999999999,COD,GBR,7224
47,81,1208,1968,0,21611,-1.0615450000000002,-0.736701,COG,GBR,7224
49,81,1208,1968,0,2373485,-0.179843,-0.5681729999999999,COL,GBR,7224
52,81,1208,1968,0,150683,0.926132,0.544143,CRI,GBR,7224
53,81,1208,1968,667034,1201,1.6086129999999998,2.804711,CSK,GBR,7224
54,81,1208,1968,0,23973,0.19656600000000002,-0.645117,CUB,GBR,7224
58,81,1208,1968,4095,822888,-0.154697,-0.659162,CYP,GBR,7224
61,81,1208,1968,1628315,1514612,2.2253979999999998,-1.8081060000000002,DEU,GBR,7224
62,81,1208,1968,0,13033,1.7353180000000001,0.615274,DJI,GBR,7224
64,81,1208,1968,10652,3954892,1.5995489999999999,2.6483209999999997,DNK,GBR,7224
65,81,1208,1968,0,209610,-0.739667,-0.834332,DOM,GBR,7224
66,81,1208,1968,0,710901,-0.6151939999999999,-0.68092,DZA,GBR,7224
67,81,1208,1968,0,323818,-0.5838800000000001,-0.767904,ECU,GBR,7224
68,81,1208,1968,0,10588,0.141193,-0.395386,EGY,GBR,7224
71,81,1208,1968,5277,2209398,0.781529,1.259275,ESP,GBR,7224
73,81,1208,1968,0,239264,-0.8907879999999999,-0.983032,ETH,GBR,7224
74,81,1208,1968,5904,4720592,1.401928,1.205835,FIN,GBR,7224
75,81,1208,1968,0,145896,-0.04004,-0.562962,FJI,GBR,7224
77,81,1208,1968,148926,5890228,1.7160810000000002,1.713236,FRA,GBR,7224
80,81,1208,1968,0,92099,-1.370584,-0.627224,GAB,GBR,7224
83,81,1208,1968,0,214119,-0.995481,-0.76246,GHA,GBR,7224
86,81,1208,1968,0,73556,-0.408167,-0.372355,GLP,GBR,7224
87,81,1208,1968,0,73161,-0.7155189999999999,-0.448666,GMB,GBR,7224
90,81,1208,1968,7723,3117185,0.120538,-0.135025,GRC,GBR,7224
93,81,1208,1968,0,430907,0.5246930000000001,0.169407,GTM,GBR,7224
94,81,1208,1968,0,1153,-0.09549500000000001,-0.493262,GUF,GBR,7224
96,81,1208,1968,0,450833,-0.34474699999999997,-0.547204,GUY,GBR,7224
97,81,1208,1968,0,6563,1.397888,1.218178,HKG,GBR,7224
99,81,1208,1968,0,111975,-0.115754,-0.5740890000000001,HND,GBR,7224
102,81,1208,1968,26928,0,0.9154209999999999,1.253378,HUN,GBR,7224
103,81,1208,1968,0,132726,-1.210591,-0.7402310000000001,IDN,GBR,7224
104,81,1208,1968,0,13693,0.1404,0.23993299999999998,IND,GBR,7224
106,81,1208,1968,98128,5171968,1.054101,1.252786,IRL,GBR,7224
107,81,1208,1968,0,866775,-0.731453,-0.764668,IRN,GBR,7224
108,81,1208,1968,0,597316,-0.935797,-0.522099,IRQ,GBR,7224
109,81,1208,1968,4026,222021,0.282911,-0.326735,ISL,GBR,7224
110,81,1208,1968,0,931764,1.105346,0.8750629999999999,ISR,GBR,7224
111,81,1208,1968,344658,827115,1.8991650000000002,1.865793,ITA,GBR,7224
112,81,1208,1968,0,224882,0.206492,-0.587264,JAM,GBR,7224
113,81,1208,1968,0,234297,0.402134,-0.18620599999999998,JOR,GBR,7224
114,81,1208,1968,189887,2719293,1.844871,2.2220470000000003,JPN,GBR,7224
116,81,1208,1968,0,1391990,-0.301844,-0.318616,KEN,GBR,7224
118,81,1208,1968,0,250139,-0.6683680000000001,-0.9116620000000001,KHM,GBR,7224
121,81,1208,1968,0,53567,0.992735,0.683944,KOR,GBR,7224
122,81,1208,1968,0,326448,-1.2088969999999999,-0.480887,KWT,GBR,7224
123,81,1208,1968,0,24713,-0.43895,-0.631242,LAO,GBR,7224
124,81,1208,1968,0,213502,0.7129770000000001,1.136677,LBN,GBR,7224
125,81,1208,1968,0,9464,-0.974225,-0.554678,LBR,GBR,7224
126,81,1208,1968,0,2506658,-1.864928,-0.47663500000000003,LBY,GBR,7224
128,81,1208,1968,0,1014940,-1.048844,-0.673287,LKA,GBR,7224
134,81,1208,1968,0,748928,-0.219575,-0.657712,MAR,GBR,7224
136,81,1208,1968,0,214048,-0.684883,-0.839874,MDG,GBR,7224
138,81,1208,1968,0,2918719,0.306611,0.36893000000000004,MEX,GBR,7224
142,81,1208,1968,0,24248,1.418505,1.216724,MLT,GBR,7224
143,81,1208,1968,0,12143,-0.96686,-0.782324,MMR,GBR,7224
147,81,1208,1968,0,1410720,-0.859319,-0.818945,MOZ,GBR,7224
148,81,1208,1968,0,7129,-0.584021,-0.6288090000000001,MRT,GBR,7224
150,81,1208,1968,0,22203,0.026755,-0.5054850000000001,MTQ,GBR,7224
151,81,1208,1968,0,53490,-0.6355890000000001,-0.593471,MUS,GBR,7224
152,81,1208,1968,0,186433,-0.6704289999999999,-0.747872,MWI,GBR,7224
153,81,1208,1968,0,941758,-0.530212,-0.618034,MYS,GBR,7224
157,81,1208,1968,0,16487,-0.621916,-0.715214,NER,GBR,7224
159,81,1208,1968,0,193415,-1.317379,-0.822881,NGA,GBR,7224
160,81,1208,1968,0,515526,0.141456,-0.299055,NIC,GBR,7224
162,81,1208,1968,22344,1944713,1.4081620000000001,2.841383,NLD,GBR,7224
163,81,1208,1968,76008,3706896,1.258037,1.6438409999999999,NOR,GBR,7224
166,81,1208,1968,3508,3474471,0.184389,-0.451151,NZL,GBR,7224
167,81,1208,1968,0,69343,-1.563004,-0.448748,OMN,GBR,7224
168,81,1208,1968,3970,831496,0.17055499999999998,-0.249302,PAK,GBR,7224
169,81,1208,1968,0,182791,1.151761,0.8629450000000001,PAN,GBR,7224
173,81,1208,1968,0,179461,-0.676242,-0.815086,PER,GBR,7224
174,81,1208,1968,0,1493541,-0.38509499999999997,-0.708784,PHL,GBR,7224
176,81,1208,1968,0,285559,-0.9894790000000001,-0.735923,PNG,GBR,7224
177,81,1208,1968,57459,1066,0.9209379999999999,1.762821,POL,GBR,7224
179,81,1208,1968,4397,1861737,1.014702,1.024988,PRT,GBR,7224
180,81,1208,1968,0,25902,-0.605754,-0.77208,PRY,GBR,7224
182,81,1208,1968,0,16875,-0.5570109999999999,-0.47348599999999996,PYF,GBR,7224
183,81,1208,1968,0,35890,-1.9631509999999999,-0.438784,QAT,GBR,7224
184,81,1208,1968,0,28439,-0.704149,-0.416626,REU,GBR,7224
186,81,1208,1968,11275,0,0.429629,0.513075,RUS,GBR,7224
188,81,1208,1968,0,402330,-1.510775,-0.48828699999999997,SAU,GBR,7224
190,81,1208,1968,0,545455,-1.18039,-0.908206,SDN,GBR,7224
191,81,1208,1968,0,23027,-0.380494,-0.698573,SEN,GBR,7224
192,81,1208,1968,0,154743,0.34532199999999996,0.624988,SGP,GBR,7224
196,81,1208,1968,0,182660,-1.055491,-0.736395,SLE,GBR,7224
197,81,1208,1968,0,52443,0.8662620000000001,0.791027,SLV,GBR,7224
199,81,1208,1968,0,1288,-0.228271,-0.550886,SOM,GBR,7224
205,81,1208,1968,0,220407,-0.43228199999999994,-0.560526,SUR,GBR,7224
208,81,1208,1968,64144,5452329,1.968017,2.7641270000000002,SWE,GBR,7224
212,81,1208,1968,0,14571,-0.14453,-0.669121,SYR,GBR,7224
214,81,1208,1968,0,1648,-0.837724,-0.47968500000000003,TCD,GBR,7224
215,81,1208,1968,0,997,-1.185554,-0.808087,TGO,GBR,7224
216,81,1208,1968,0,1839202,-0.59446,-0.7126439999999999,THA,GBR,7224
220,81,1208,1968,0,6501,1.094058,0.195271,TLS,GBR,7224
222,81,1208,1968,859,300317,0.388499,-0.182041,TTO,GBR,7224
223,81,1208,1968,0,201734,-0.129079,-0.54896,TUN,GBR,7224
224,81,1208,1968,0,3323738,-0.654801,-0.8012319999999999,TUR,GBR,7224
226,81,1208,1968,0,737772,-1.2084840000000001,-0.893344,TZA,GBR,7224
227,81,1208,1968,0,115159,-1.381566,-0.770883,UGA,GBR,7224
230,81,1208,1968,0,77704,0.418634,-0.177045,URY,GBR,7224
231,81,1208,1968,1476628,6812276,1.9577650000000002,1.500362,USA,GBR,7224
236,81,1208,1968,4922,1873370,-0.7130850000000001,-0.5042939999999999,VEN,GBR,7224
239,81,1208,1968,0,254405,0.414368,-0.21605500000000002,VNM,GBR,7224
240,81,1208,1968,0,75205,-1.165284,-0.661817,VUT,GBR,7224
243,81,1208,1968,0,4046,-0.590004,-0.672928,YEM,GBR,7224
244,81,1208,1968,0,243711,-0.713819,-0.722625,YMD,GBR,7224
245,81,1208,1968,648,99937,1.0230700000000001,2.3184560000000003,YUG,GBR,7224
246,81,1208,1968,0,10132451,-0.397811,-0.621199,ZAF,GBR,7224
247,81,1208,1968,0,588914,-0.811549,-0.6721600000000001,ZMB,GBR,7224
249,81,1208,1968,0,147263,1.152169,1.691066,TWN,GBR,7224
250,81,1208,1968,0,252936,0.8133859999999999,0.47075900000000004,ANS,GBR,7224
15,90,1208,1968,216326,0,1.94925,1.6721810000000001,AUT,GRC,7224
18,90,1208,1968,13435,0,1.529065,2.472506,BEL,GRC,7224
39,90,1208,1968,3863,0,0.6867270000000001,0.846297,CAN,GRC,7224
41,90,1208,1968,3784,0,2.1128139999999997,2.181377,CHE,GRC,7224
53,90,1208,1968,1002976,0,1.6086129999999998,2.804711,CSK,GRC,7224
61,90,1208,1968,3085628,2139,2.2253979999999998,-1.8081060000000002,DEU,GRC,7224
71,90,1208,1968,7093,0,0.781529,1.259275,ESP,GRC,7224
74,90,1208,1968,19284,0,1.401928,1.205835,FIN,GRC,7224
77,90,1208,1968,514289,0,1.7160810000000002,1.713236,FRA,GRC,7224
81,90,1208,1968,3117185,7723,2.058025,0.677452,GBR,GRC,7224
110,90,1208,1968,1701,0,1.105346,0.8750629999999999,ISR,GRC,7224
111,90,1208,1968,1378847,7093,1.8991650000000002,1.865793,ITA,GRC,7224
114,90,1208,1968,125241,776,1.844871,2.2220470000000003,JPN,GRC,7224
121,90,1208,1968,37307,0,0.992735,0.683944,KOR,GRC,7224
162,90,1208,1968,13569,0,1.4081620000000001,2.841383,NLD,GRC,7224
163,90,1208,1968,2569,0,1.258037,1.6438409999999999,NOR,GRC,7224
177,90,1208,1968,74064,0,0.9209379999999999,1.762821,POL,GRC,7224
185,90,1208,1968,106437,0,0.7897609999999999,0.9959479999999999,ROU,GRC,7224
186,90,1208,1968,336642,0,0.429629,0.513075,RUS,GRC,7224
208,90,1208,1968,110071,0,1.968017,2.7641270000000002,SWE,GRC,7224
224,90,1208,1968,0,1714,-0.654801,-0.8012319999999999,TUR,GRC,7224
231,90,1208,1968,563956,0,1.9577650000000002,1.500362,USA,GRC,7224
245,90,1208,1968,26944,0,1.0230700000000001,2.3184560000000003,YUG,GRC,7224
34,97,1208,1968,0,674,-1.0804770000000001,-0.305034,BRN,HKG,7224
81,97,1208,1968,6563,0,2.058025,0.677452,GBR,HKG,7224
114,97,1208,1968,68556,0,1.844871,2.2220470000000003,JPN,HKG,7224
121,97,1208,1968,0,20072,0.992735,0.683944,KOR,HKG,7224
153,97,1208,1968,0,1573,-0.530212,-0.618034,MYS,HKG,7224
174,97,1208,1968,0,62407,-0.38509499999999997,-0.708784,PHL,HKG,7224
192,97,1208,1968,0,18080,0.34532199999999996,0.624988,SGP,HKG,7224
216,97,1208,1968,0,31913,-0.59446,-0.7126439999999999,THA,HKG,7224
231,97,1208,1968,27631,0,1.9577650000000002,1.500362,USA,HKG,7224
14,104,1208,1968,11255,0,0.215398,0.115257,AUS,IND,7224
18,104,1208,1968,2128,0,1.529065,2.472506,BEL,IND,7224
23,104,1208,1968,699,0,0.581187,0.53879,BGR,IND,7224
39,104,1208,1968,609421,0,0.6867270000000001,0.846297,CAN,IND,7224
53,104,1208,1968,931163,0,1.6086129999999998,2.804711,CSK,IND,7224
61,104,1208,1968,25159,0,2.2253979999999998,-1.8081060000000002,DEU,IND,7224
77,104,1208,1968,1139,0,1.7160810000000002,1.713236,FRA,IND,7224
81,104,1208,1968,13693,0,2.058025,0.677452,GBR,IND,7224
102,104,1208,1968,13595,0,0.9154209999999999,1.253378,HUN,IND,7224
111,104,1208,1968,252008,0,1.8991650000000002,1.865793,ITA,IND,7224
114,104,1208,1968,1565768,0,1.844871,2.2220470000000003,JPN,IND,7224
177,104,1208,1968,109921,0,0.9209379999999999,1.762821,POL,IND,7224
185,104,1208,1968,1148,0,0.7897609999999999,0.9959479999999999,ROU,IND,7224
186,104,1208,1968,1429502,0,0.429629,0.513075,RUS,IND,7224
231,104,1208,1968,2431490,0,1.9577650000000002,1.500362,USA,IND,7224
245,104,1208,1968,517457,0,1.0230700000000001,2.3184560000000003,YUG,IND,7224
7,107,1208,1968,9678,0,1.280003,0.9374469999999999,ARE,IRN,7224
41,107,1208,1968,238894,0,2.1128139999999997,2.181377,CHE,IRN,7224
61,107,1208,1968,43609,0,2.2253979999999998,-1.8081060000000002,DEU,IRN,7224
77,107,1208,1968,56179,0,1.7160810000000002,1.713236,FRA,IRN,7224
81,107,1208,1968,866775,0,2.058025,0.677452,GBR,IRN,7224
102,107,1208,1968,34939,0,0.9154209999999999,1.253378,HUN,IRN,7224
111,107,1208,1968,74549,0,1.8991650000000002,1.865793,ITA,IRN,7224
114,107,1208,1968,563216,0,1.844871,2.2220470000000003,JPN,IRN,7224
185,107,1208,1968,2581779,0,0.7897609999999999,0.9959479999999999,ROU,IRN,7224
186,107,1208,1968,21077,0,0.429629,0.513075,RUS,IRN,7224
208,107,1208,1968,449389,0,1.968017,2.7641270000000002,SWE,IRN,7224
231,107,1208,1968,2199764,0,1.9577650000000002,1.500362,USA,IRN,7224
2,111,1208,1968,0,91035,-1.129591,-0.880391,AGO,ITA,7224
8,111,1208,1968,0,432652,0.148111,0.088328,ARG,ITA,7224
14,111,1208,1968,559,2296024,0.215398,0.115257,AUS,ITA,7224
15,111,1208,1968,299790,138410,1.94925,1.6721810000000001,AUT,ITA,7224
18,111,1208,1968,2056144,1000906,1.529065,2.472506,BEL,ITA,7224
19,111,1208,1968,0,262033,-0.820837,-0.669663,BEN,ITA,7224
23,111,1208,1968,0,1320,0.581187,0.53879,BGR,ITA,7224
31,111,1208,1968,0,1779,-0.8851379999999999,-0.772063,BOL,ITA,7224
32,111,1208,1968,0,3573026,-0.325932,-0.334875,BRA,ITA,7224
39,111,1208,1968,12288,237161,0.6867270000000001,0.846297,CAN,ITA,7224
41,111,1208,1968,39946,958560,2.1128139999999997,2.181377,CHE,ITA,7224
42,111,1208,1968,0,278342,0.042475,-0.45777299999999993,CHL,ITA,7224
44,111,1208,1968,0,221963,-0.9004639999999999,-0.815828,CIV,ITA,7224
45,111,1208,1968,21770,13059,-0.448082,-0.43909899999999996,CMR,ITA,7224
46,111,1208,1968,0,1012184,-1.2018229999999999,-0.6680229999999999,COD,ITA,7224
47,111,1208,1968,0,142984,-1.0615450000000002,-0.736701,COG,ITA,7224
49,111,1208,1968,0,281863,-0.179843,-0.5681729999999999,COL,ITA,7224
52,111,1208,1968,0,30172,0.926132,0.544143,CRI,ITA,7224
53,111,1208,1968,112104,20110,1.6086129999999998,2.804711,CSK,ITA,7224
54,111,1208,1968,0,346717,0.19656600000000002,-0.645117,CUB,ITA,7224
58,111,1208,1968,0,84878,-0.154697,-0.659162,CYP,ITA,7224
61,111,1208,1968,2501184,2326746,2.2253979999999998,-1.8081060000000002,DEU,ITA,7224
64,111,1208,1968,0,483138,1.5995489999999999,2.6483209999999997,DNK,ITA,7224
65,111,1208,1968,0,426482,-0.739667,-0.834332,DOM,ITA,7224
66,111,1208,1968,0,1471363,-0.6151939999999999,-0.68092,DZA,ITA,7224
67,111,1208,1968,0,76687,-0.5838800000000001,-0.767904,ECU,ITA,7224
68,111,1208,1968,126019,4902,0.141193,-0.395386,EGY,ITA,7224
71,111,1208,1968,8762,3280194,0.781529,1.259275,ESP,ITA,7224
73,111,1208,1968,0,200586,-0.8907879999999999,-0.983032,ETH,ITA,7224
74,111,1208,1968,2505,152651,1.401928,1.205835,FIN,ITA,7224
75,111,1208,1968,0,7789,-0.04004,-0.562962,FJI,ITA,7224
77,111,1208,1968,3416558,11958776,1.7160810000000002,1.713236,FRA,ITA,7224
80,111,1208,1968,0,2353,-1.370584,-0.627224,GAB,ITA,7224
81,111,1208,1968,827115,344658,2.058025,0.677452,GBR,ITA,7224
83,111,1208,1968,998,0,-0.995481,-0.76246,GHA,ITA,7224
86,111,1208,1968,0,6308,-0.408167,-0.372355,GLP,ITA,7224
90,111,1208,1968,7093,1378847,0.120538,-0.135025,GRC,ITA,7224
93,111,1208,1968,0,47572,0.5246930000000001,0.169407,GTM,ITA,7224
96,111,1208,1968,0,1626,-0.34474699999999997,-0.547204,GUY,ITA,7224
99,111,1208,1968,0,18213,-0.115754,-0.5740890000000001,HND,ITA,7224
102,111,1208,1968,3083,8080,0.9154209999999999,1.253378,HUN,ITA,7224
104,111,1208,1968,0,252008,0.1404,0.23993299999999998,IND,ITA,7224
106,111,1208,1968,0,36789,1.054101,1.252786,IRL,ITA,7224
107,111,1208,1968,0,74549,-0.731453,-0.764668,IRN,ITA,7224
108,111,1208,1968,0,64913,-0.935797,-0.522099,IRQ,ITA,7224
109,111,1208,1968,0,1746,0.282911,-0.326735,ISL,ITA,7224
110,111,1208,1968,0,373693,1.105346,0.8750629999999999,ISR,ITA,7224
113,111,1208,1968,0,31597,0.402134,-0.18620599999999998,JOR,ITA,7224
114,111,1208,1968,189072,365184,1.844871,2.2220470000000003,JPN,ITA,7224
116,111,1208,1968,0,19379,-0.301844,-0.318616,KEN,ITA,7224
122,111,1208,1968,3503,0,-1.2088969999999999,-0.480887,KWT,ITA,7224
124,111,1208,1968,0,55973,0.7129770000000001,1.136677,LBN,ITA,7224
126,111,1208,1968,0,317267,-1.864928,-0.47663500000000003,LBY,ITA,7224
128,111,1208,1968,0,33845,-1.048844,-0.673287,LKA,ITA,7224
134,111,1208,1968,0,302911,-0.219575,-0.657712,MAR,ITA,7224
136,111,1208,1968,0,24718,-0.684883,-0.839874,MDG,ITA,7224
138,111,1208,1968,0,32130,0.306611,0.36893000000000004,MEX,ITA,7224
142,111,1208,1968,0,14492,1.418505,1.216724,MLT,ITA,7224
147,111,1208,1968,0,18548,-0.859319,-0.818945,MOZ,ITA,7224
148,111,1208,1968,0,203,-0.584021,-0.6288090000000001,MRT,ITA,7224
150,111,1208,1968,0,16500,0.026755,-0.5054850000000001,MTQ,ITA,7224
151,111,1208,1968,0,1490,-0.6355890000000001,-0.593471,MUS,ITA,7224
152,111,1208,1968,0,6547,-0.6704289999999999,-0.747872,MWI,ITA,7224
156,111,1208,1968,0,4469,-1.281862,-0.337455,NCL,ITA,7224
157,111,1208,1968,0,2723,-0.621916,-0.715214,NER,ITA,7224
159,111,1208,1968,0,415206,-1.317379,-0.822881,NGA,ITA,7224
160,111,1208,1968,0,20915,0.141456,-0.299055,NIC,ITA,7224
162,111,1208,1968,2545,1167959,1.4081620000000001,2.841383,NLD,ITA,7224
163,111,1208,1968,2060,273058,1.258037,1.6438409999999999,NOR,ITA,7224
166,111,1208,1968,0,257089,0.184389,-0.451151,NZL,ITA,7224
168,111,1208,1968,3576,116777,0.17055499999999998,-0.249302,PAK,ITA,7224
169,111,1208,1968,0,3914,1.151761,0.8629450000000001,PAN,ITA,7224
173,111,1208,1968,0,85092,-0.676242,-0.815086,PER,ITA,7224
174,111,1208,1968,0,24985,-0.38509499999999997,-0.708784,PHL,ITA,7224
177,111,1208,1968,6171,0,0.9209379999999999,1.762821,POL,ITA,7224
179,111,1208,1968,8388,1061055,1.014702,1.024988,PRT,ITA,7224
180,111,1208,1968,0,253395,-0.605754,-0.77208,PRY,ITA,7224
182,111,1208,1968,0,2692,-0.5570109999999999,-0.47348599999999996,PYF,ITA,7224
184,111,1208,1968,0,1585,-0.704149,-0.416626,REU,ITA,7224
185,111,1208,1968,24276,148510,0.7897609999999999,0.9959479999999999,ROU,ITA,7224
186,111,1208,1968,71780,24188,0.429629,0.513075,RUS,ITA,7224
187,111,1208,1968,0,20877,-1.387285,-0.467879,RWA,ITA,7224
188,111,1208,1968,0,100050,-1.510775,-0.48828699999999997,SAU,ITA,7224
191,111,1208,1968,0,9286,-0.380494,-0.698573,SEN,ITA,7224
197,111,1208,1968,0,27139,0.8662620000000001,0.791027,SLV,ITA,7224
199,111,1208,1968,0,45377,-0.228271,-0.550886,SOM,ITA,7224
205,111,1208,1968,0,19224,-0.43228199999999994,-0.560526,SUR,ITA,7224
208,111,1208,1968,0,160789,1.968017,2.7641270000000002,SWE,ITA,7224
212,111,1208,1968,10228,0,-0.14453,-0.669121,SYR,ITA,7224
215,111,1208,1968,0,26640,-1.185554,-0.808087,TGO,ITA,7224
216,111,1208,1968,0,131480,-0.59446,-0.7126439999999999,THA,ITA,7224
223,111,1208,1968,0,80534,-0.129079,-0.54896,TUN,ITA,7224
224,111,1208,1968,0,3189935,-0.654801,-0.8012319999999999,TUR,ITA,7224
226,111,1208,1968,0,19079,-1.2084840000000001,-0.893344,TZA,ITA,7224
230,111,1208,1968,0,11256,0.418634,-0.177045,URY,ITA,7224
231,111,1208,1968,1323306,578814,1.9577650000000002,1.500362,USA,ITA,7224
236,111,1208,1968,3130,820625,-0.7130850000000001,-0.5042939999999999,VEN,ITA,7224
239,111,1208,1968,0,263570,0.414368,-0.21605500000000002,VNM,ITA,7224
243,111,1208,1968,0,18030,-0.590004,-0.672928,YEM,ITA,7224
244,111,1208,1968,0,1007,-0.713819,-0.722625,YMD,ITA,7224
245,111,1208,1968,0,555130,1.0230700000000001,2.3184560000000003,YUG,ITA,7224
246,111,1208,1968,0,3061464,-0.397811,-0.621199,ZAF,ITA,7224
247,111,1208,1968,0,5445,-0.811549,-0.6721600000000001,ZMB,ITA,7224
250,111,1208,1968,0,21483,0.8133859999999999,0.47075900000000004,ANS,ITA,7224
2,114,1208,1968,0,29045,-1.129591,-0.880391,AGO,JPN,7224
8,114,1208,1968,0,2371,0.148111,0.088328,ARG,JPN,7224
14,114,1208,1968,11128,3483846,0.215398,0.115257,AUS,JPN,7224
15,114,1208,1968,0,9689,1.94925,1.6721810000000001,AUT,JPN,7224
18,114,1208,1968,26394,31703,1.529065,2.472506,BEL,JPN,7224
31,114,1208,1968,0,41852,-0.8851379999999999,-0.772063,BOL,JPN,7224
32,114,1208,1968,0,218214,-0.325932,-0.334875,BRA,JPN,7224
34,114,1208,1968,0,4608,-1.0804770000000001,-0.305034,BRN,JPN,7224
39,114,1208,1968,3740,562725,0.6867270000000001,0.846297,CAN,JPN,7224
41,114,1208,1968,10188,5261,2.1128139999999997,2.181377,CHE,JPN,7224
42,114,1208,1968,0,579,0.042475,-0.45777299999999993,CHL,JPN,7224
49,114,1208,1968,0,199699,-0.179843,-0.5681729999999999,COL,JPN,7224
52,114,1208,1968,0,1450,0.926132,0.544143,CRI,JPN,7224
53,114,1208,1968,308042,0,1.6086129999999998,2.804711,CSK,JPN,7224
61,114,1208,1968,475286,67296,2.2253979999999998,-1.8081060000000002,DEU,JPN,7224
64,114,1208,1968,0,62158,1.5995489999999999,2.6483209999999997,DNK,JPN,7224
65,114,1208,1968,0,4691,-0.739667,-0.834332,DOM,JPN,7224
71,114,1208,1968,0,10242,0.781529,1.259275,ESP,JPN,7224
74,114,1208,1968,0,16906,1.401928,1.205835,FIN,JPN,7224
75,114,1208,1968,0,9177,-0.04004,-0.562962,FJI,JPN,7224
77,114,1208,1968,54736,217082,1.7160810000000002,1.713236,FRA,JPN,7224
81,114,1208,1968,2719293,189887,2.058025,0.677452,GBR,JPN,7224
83,114,1208,1968,0,147952,-0.995481,-0.76246,GHA,JPN,7224
90,114,1208,1968,776,125241,0.120538,-0.135025,GRC,JPN,7224
93,114,1208,1968,0,919,0.5246930000000001,0.169407,GTM,JPN,7224
96,114,1208,1968,0,908,-0.34474699999999997,-0.547204,GUY,JPN,7224
97,114,1208,1968,0,68556,1.397888,1.218178,HKG,JPN,7224
99,114,1208,1968,0,691,-0.115754,-0.5740890000000001,HND,JPN,7224
103,114,1208,1968,0,412692,-1.210591,-0.7402310000000001,IDN,JPN,7224
104,114,1208,1968,0,1565768,0.1404,0.23993299999999998,IND,JPN,7224
106,114,1208,1968,0,619,1.054101,1.252786,IRL,JPN,7224
107,114,1208,1968,0,563216,-0.731453,-0.764668,IRN,JPN,7224
108,114,1208,1968,0,3860,-0.935797,-0.522099,IRQ,JPN,7224
111,114,1208,1968,365184,189072,1.8991650000000002,1.865793,ITA,JPN,7224
118,114,1208,1968,0,17806,-0.6683680000000001,-0.9116620000000001,KHM,JPN,7224
121,114,1208,1968,0,606085,0.992735,0.683944,KOR,JPN,7224
122,114,1208,1968,0,14282,-1.2088969999999999,-0.480887,KWT,JPN,7224
123,114,1208,1968,0,107326,-0.43895,-0.631242,LAO,JPN,7224
124,114,1208,1968,0,1665,0.7129770000000001,1.136677,LBN,JPN,7224
126,114,1208,1968,0,75346,-1.864928,-0.47663500000000003,LBY,JPN,7224
128,114,1208,1968,0,259684,-1.048844,-0.673287,LKA,JPN,7224
134,114,1208,1968,0,7881,-0.219575,-0.657712,MAR,JPN,7224
136,114,1208,1968,0,504,-0.684883,-0.839874,MDG,JPN,7224
138,114,1208,1968,0,372925,0.306611,0.36893000000000004,MEX,JPN,7224
142,114,1208,1968,0,708,1.418505,1.216724,MLT,JPN,7224
143,114,1208,1968,0,856,-0.96686,-0.782324,MMR,JPN,7224
147,114,1208,1968,0,1885,-0.859319,-0.818945,MOZ,JPN,7224
152,114,1208,1968,0,21283,-0.6704289999999999,-0.747872,MWI,JPN,7224
153,114,1208,1968,0,1906861,-0.530212,-0.618034,MYS,JPN,7224
156,114,1208,1968,0,527156,-1.281862,-0.337455,NCL,JPN,7224
162,114,1208,1968,0,41768,1.4081620000000001,2.841383,NLD,JPN,7224
163,114,1208,1968,0,75602,1.258037,1.6438409999999999,NOR,JPN,7224
164,114,1208,1968,0,717,0.172179,-0.358408,NPL,JPN,7224
166,114,1208,1968,0,122877,0.184389,-0.451151,NZL,JPN,7224
168,114,1208,1968,0,132901,0.17055499999999998,-0.249302,PAK,JPN,7224
169,114,1208,1968,0,62044,1.151761,0.8629450000000001,PAN,JPN,7224
172,114,1208,1968,0,619,0.984267,0.41289499999999996,PCZ,JPN,7224
173,114,1208,1968,0,7849,-0.676242,-0.815086,PER,JPN,7224
174,114,1208,1968,0,1434488,-0.38509499999999997,-0.708784,PHL,JPN,7224
176,114,1208,1968,0,115642,-0.9894790000000001,-0.735923,PNG,JPN,7224
178,114,1208,1968,0,1014,0.353216,-0.371603,PRK,JPN,7224
179,114,1208,1968,0,73219,1.014702,1.024988,PRT,JPN,7224
183,114,1208,1968,0,34220,-1.9631509999999999,-0.438784,QAT,JPN,7224
186,114,1208,1968,0,33072,0.429629,0.513075,RUS,JPN,7224
188,114,1208,1968,0,265456,-1.510775,-0.48828699999999997,SAU,JPN,7224
192,114,1208,1968,0,697085,0.34532199999999996,0.624988,SGP,JPN,7224
208,114,1208,1968,0,77129,1.968017,2.7641270000000002,SWE,JPN,7224
216,114,1208,1968,0,1588987,-0.59446,-0.7126439999999999,THA,JPN,7224
231,114,1208,1968,4737699,217156,1.9577650000000002,1.500362,USA,JPN,7224
236,114,1208,1968,0,2333,-0.7130850000000001,-0.5042939999999999,VEN,JPN,7224
239,114,1208,1968,0,115277,0.414368,-0.21605500000000002,VNM,JPN,7224
240,114,1208,1968,0,49631,-1.165284,-0.661817,VUT,JPN,7224
244,114,1208,1968,0,540,-0.713819,-0.722625,YMD,JPN,7224
245,114,1208,1968,0,6503,1.0230700000000001,2.3184560000000003,YUG,JPN,7224
246,114,1208,1968,0,1064293,-0.397811,-0.621199,ZAF,JPN,7224
247,114,1208,1968,0,35360,-0.811549,-0.6721600000000001,ZMB,JPN,7224
249,114,1208,1968,0,195422,1.152169,1.691066,TWN,JPN,7224
250,114,1208,1968,0,165372,0.8133859999999999,0.47075900000000004,ANS,JPN,7224
15,124,1208,1968,24067,0,1.94925,1.6721810000000001,AUT,LBN,7224
18,124,1208,1968,110250,0,1.529065,2.472506,BEL,LBN,7224
23,124,1208,1968,1690,0,0.581187,0.53879,BGR,LBN,7224
53,124,1208,1968,17282,0,1.6086129999999998,2.804711,CSK,LBN,7224
61,124,1208,1968,19144,0,2.2253979999999998,-1.8081060000000002,DEU,LBN,7224
71,124,1208,1968,12450,0,0.781529,1.259275,ESP,LBN,7224
77,124,1208,1968,2099,0,1.7160810000000002,1.713236,FRA,LBN,7224
81,124,1208,1968,213502,0,2.058025,0.677452,GBR,LBN,7224
111,124,1208,1968,55973,0,1.8991650000000002,1.865793,ITA,LBN,7224
113,124,1208,1968,0,15314,0.402134,-0.18620599999999998,JOR,LBN,7224
114,124,1208,1968,1665,0,1.844871,2.2220470000000003,JPN,LBN,7224
122,124,1208,1968,0,4372,-1.2088969999999999,-0.480887,KWT,LBN,7224
126,124,1208,1968,0,50201,-1.864928,-0.47663500000000003,LBY,LBN,7224
168,124,1208,1968,0,994,0.17055499999999998,-0.249302,PAK,LBN,7224
185,124,1208,1968,867,0,0.7897609999999999,0.9959479999999999,ROU,LBN,7224
186,124,1208,1968,14954,0,0.429629,0.513075,RUS,LBN,7224
188,124,1208,1968,0,843359,-1.510775,-0.48828699999999997,SAU,LBN,7224
208,124,1208,1968,83909,0,1.968017,2.7641270000000002,SWE,LBN,7224
212,124,1208,1968,0,54134,-0.14453,-0.669121,SYR,LBN,7224
224,124,1208,1968,0,1168,-0.654801,-0.8012319999999999,TUR,LBN,7224
231,124,1208,1968,830845,1746,1.9577650000000002,1.500362,USA,LBN,7224
250,124,1208,1968,0,654,0.8133859999999999,0.47075900000000004,ANS,LBN,7224
15,162,1208,1968,6158,0,1.94925,1.6721810000000001,AUT,NLD,7224
18,162,1208,1968,953218,48634,1.529065,2.472506,BEL,NLD,7224
31,162,1208,1968,0,2392,-0.8851379999999999,-0.772063,BOL,NLD,7224
32,162,1208,1968,0,1088,-0.325932,-0.334875,BRA,NLD,7224
33,162,1208,1968,0,3029,0.6484409999999999,0.015096,BRB,NLD,7224
38,162,1208,1968,0,1778,-0.9644010000000001,-0.631393,CAF,NLD,7224
41,162,1208,1968,14474,0,2.1128139999999997,2.181377,CHE,NLD,7224
44,162,1208,1968,0,192709,-0.9004639999999999,-0.815828,CIV,NLD,7224
45,162,1208,1968,0,2370,-0.448082,-0.43909899999999996,CMR,NLD,7224
49,162,1208,1968,0,2104,-0.179843,-0.5681729999999999,COL,NLD,7224
52,162,1208,1968,0,2059,0.926132,0.544143,CRI,NLD,7224
53,162,1208,1968,335663,0,1.6086129999999998,2.804711,CSK,NLD,7224
61,162,1208,1968,3866885,91087,2.2253979999999998,-1.8081060000000002,DEU,NLD,7224
64,162,1208,1968,16042,1755,1.5995489999999999,2.6483209999999997,DNK,NLD,7224
73,162,1208,1968,0,7103,-0.8907879999999999,-0.983032,ETH,NLD,7224
74,162,1208,1968,11108,0,1.401928,1.205835,FIN,NLD,7224
77,162,1208,1968,1222893,12918,1.7160810000000002,1.713236,FRA,NLD,7224
81,162,1208,1968,1944713,22344,2.058025,0.677452,GBR,NLD,7224
83,162,1208,1968,0,20737,-0.995481,-0.76246,GHA,NLD,7224
90,162,1208,1968,0,13569,0.120538,-0.135025,GRC,NLD,7224
99,162,1208,1968,0,2897,-0.115754,-0.5740890000000001,HND,NLD,7224
103,162,1208,1968,0,1441,-1.210591,-0.7402310000000001,IDN,NLD,7224
106,162,1208,1968,0,23375,1.054101,1.252786,IRL,NLD,7224
110,162,1208,1968,0,532,1.105346,0.8750629999999999,ISR,NLD,7224
111,162,1208,1968,1167959,2545,1.8991650000000002,1.865793,ITA,NLD,7224
114,162,1208,1968,41768,0,1.844871,2.2220470000000003,JPN,NLD,7224
160,162,1208,1968,0,10548,0.141456,-0.299055,NIC,NLD,7224
163,162,1208,1968,0,6686,1.258037,1.6438409999999999,NOR,NLD,7224
174,162,1208,1968,0,114520,-0.38509499999999997,-0.708784,PHL,NLD,7224
177,162,1208,1968,208971,0,0.9209379999999999,1.762821,POL,NLD,7224
179,162,1208,1968,0,5483,1.014702,1.024988,PRT,NLD,7224
185,162,1208,1968,53889,0,0.7897609999999999,0.9959479999999999,ROU,NLD,7224
186,162,1208,1968,154238,0,0.429629,0.513075,RUS,NLD,7224
188,162,1208,1968,0,45288,-1.510775,-0.48828699999999997,SAU,NLD,7224
197,162,1208,1968,0,1002,0.8662620000000001,0.791027,SLV,NLD,7224
205,162,1208,1968,0,3490,-0.43228199999999994,-0.560526,SUR,NLD,7224
208,162,1208,1968,176815,2590,1.968017,2.7641270000000002,SWE,NLD,7224
222,162,1208,1968,0,3449,0.388499,-0.182041,TTO,NLD,7224
224,162,1208,1968,0,276444,-0.654801,-0.8012319999999999,TUR,NLD,7224
231,162,1208,1968,440168,3964,1.9577650000000002,1.500362,USA,NLD,7224
236,162,1208,1968,0,22276,-0.7130850000000001,-0.5042939999999999,VEN,NLD,7224
245,162,1208,1968,75413,0,1.0230700000000001,2.3184560000000003,YUG,NLD,7224
18,163,1208,1968,647315,0,1.529065,2.472506,BEL,NOR,7224
39,163,1208,1968,70480,0,0.6867270000000001,0.846297,CAN,NOR,7224
41,163,1208,1968,35118,0,2.1128139999999997,2.181377,CHE,NOR,7224
53,163,1208,1968,106249,0,1.6086129999999998,2.804711,CSK,NOR,7224
61,163,1208,1968,411003,2048,2.2253979999999998,-1.8081060000000002,DEU,NOR,7224
64,163,1208,1968,33639,12206,1.5995489999999999,2.6483209999999997,DNK,NOR,7224
74,163,1208,1968,21961,6295,1.401928,1.205835,FIN,NOR,7224
77,163,1208,1968,457178,9201,1.7160810000000002,1.713236,FRA,NOR,7224
81,163,1208,1968,3706896,76008,2.058025,0.677452,GBR,NOR,7224
90,163,1208,1968,0,2569,0.120538,-0.135025,GRC,NOR,7224
102,163,1208,1968,4009,0,0.9154209999999999,1.253378,HUN,NOR,7224
111,163,1208,1968,273058,2060,1.8991650000000002,1.865793,ITA,NOR,7224
114,163,1208,1968,75602,0,1.844871,2.2220470000000003,JPN,NOR,7224
162,163,1208,1968,6686,0,1.4081620000000001,2.841383,NLD,NOR,7224
174,163,1208,1968,0,10284,-0.38509499999999997,-0.708784,PHL,NOR,7224
177,163,1208,1968,3756,0,0.9209379999999999,1.762821,POL,NOR,7224
186,163,1208,1968,2929,0,0.429629,0.513075,RUS,NOR,7224
208,163,1208,1968,3691805,102737,1.968017,2.7641270000000002,SWE,NOR,7224
231,163,1208,1968,650858,5160,1.9577650000000002,1.500362,USA,NOR,7224
14,168,1208,1968,2185,0,0.215398,0.115257,AUS,PAK,7224
18,168,1208,1968,13052,3851,1.529065,2.472506,BEL,PAK,7224
23,168,1208,1968,1722,0,0.581187,0.53879,BGR,PAK,7224
39,168,1208,1968,759,0,0.6867270000000001,0.846297,CAN,PAK,7224
41,168,1208,1968,32050,0,2.1128139999999997,2.181377,CHE,PAK,7224
53,168,1208,1968,129168,0,1.6086129999999998,2.804711,CSK,PAK,7224
61,168,1208,1968,490003,0,2.2253979999999998,-1.8081060000000002,DEU,PAK,7224
64,168,1208,1968,2410,0,1.5995489999999999,2.6483209999999997,DNK,PAK,7224
77,168,1208,1968,4067,39701,1.7160810000000002,1.713236,FRA,PAK,7224
81,168,1208,1968,831496,3970,2.058025,0.677452,GBR,PAK,7224
102,168,1208,1968,1468,0,0.9154209999999999,1.253378,HUN,PAK,7224
111,168,1208,1968,116777,3576,1.8991650000000002,1.865793,ITA,PAK,7224
114,168,1208,1968,132901,0,1.844871,2.2220470000000003,JPN,PAK,7224
122,168,1208,1968,0,13777,-1.2088969999999999,-0.480887,KWT,PAK,7224
124,168,1208,1968,994,0,0.7129770000000001,1.136677,LBN,PAK,7224
167,168,1208,1968,0,22013,-1.563004,-0.448748,OMN,PAK,7224
185,168,1208,1968,17018,0,0.7897609999999999,0.9959479999999999,ROU,PAK,7224
186,168,1208,1968,1988220,0,0.429629,0.513075,RUS,PAK,7224
216,168,1208,1968,0,7690,-0.59446,-0.7126439999999999,THA,PAK,7224
231,168,1208,1968,1226134,418372,1.9577650000000002,1.500362,USA,PAK,7224
245,168,1208,1968,80488,0,1.0230700000000001,2.3184560000000003,YUG,PAK,7224
18,177,1208,1968,4273,28866,1.529065,2.472506,BEL,POL,7224
32,177,1208,1968,0,16023,-0.325932,-0.334875,BRA,POL,7224
41,177,1208,1968,0,7941,2.1128139999999997,2.181377,CHE,POL,7224
61,177,1208,1968,10804,0,2.2253979999999998,-1.8081060000000002,DEU,POL,7224
64,177,1208,1968,0,66578,1.5995489999999999,2.6483209999999997,DNK,POL,7224
71,177,1208,1968,0,69870,0.781529,1.259275,ESP,POL,7224
77,177,1208,1968,0,331502,1.7160810000000002,1.713236,FRA,POL,7224
81,177,1208,1968,1066,57459,2.058025,0.677452,GBR,POL,7224
90,177,1208,1968,0,74064,0.120538,-0.135025,GRC,POL,7224
104,177,1208,1968,0,109921,0.1404,0.23993299999999998,IND,POL,7224
106,177,1208,1968,0,1944,1.054101,1.252786,IRL,POL,7224
111,177,1208,1968,0,6171,1.8991650000000002,1.865793,ITA,POL,7224
126,177,1208,1968,0,1327,-1.864928,-0.47663500000000003,LBY,POL,7224
128,177,1208,1968,0,5446,-1.048844,-0.673287,LKA,POL,7224
162,177,1208,1968,0,208971,1.4081620000000001,2.841383,NLD,POL,7224
163,177,1208,1968,0,3756,1.258037,1.6438409999999999,NOR,POL,7224
231,177,1208,1968,122413,1711,1.9577650000000002,1.500362,USA,POL,7224
236,177,1208,1968,0,24231,-0.7130850000000001,-0.5042939999999999,VEN,POL,7224
245,177,1208,1968,0,16610,1.0230700000000001,2.3184560000000003,YUG,POL,7224
15,186,1208,1968,0,1366,1.94925,1.6721810000000001,AUT,RUS,7224
18,186,1208,1968,0,108418,1.529065,2.472506,BEL,RUS,7224
39,186,1208,1968,0,8536,0.6867270000000001,0.846297,CAN,RUS,7224
41,186,1208,1968,0,31280,2.1128139999999997,2.181377,CHE,RUS,7224
49,186,1208,1968,0,8941,-0.179843,-0.5681729999999999,COL,RUS,7224
61,186,1208,1968,15395,5010,2.2253979999999998,-1.8081060000000002,DEU,RUS,7224
64,186,1208,1968,0,34962,1.5995489999999999,2.6483209999999997,DNK,RUS,7224
66,186,1208,1968,0,217039,-0.6151939999999999,-0.68092,DZA,RUS,7224
74,186,1208,1968,0,150706,1.401928,1.205835,FIN,RUS,7224
77,186,1208,1968,2127,754419,1.7160810000000002,1.713236,FRA,RUS,7224
81,186,1208,1968,0,11275,2.058025,0.677452,GBR,RUS,7224
90,186,1208,1968,0,336642,0.120538,-0.135025,GRC,RUS,7224
104,186,1208,1968,0,1429502,0.1404,0.23993299999999998,IND,RUS,7224
107,186,1208,1968,0,21077,-0.731453,-0.764668,IRN,RUS,7224
109,186,1208,1968,0,3084,0.282911,-0.326735,ISL,RUS,7224
111,186,1208,1968,24188,71780,1.8991650000000002,1.865793,ITA,RUS,7224
113,186,1208,1968,0,22070,0.402134,-0.18620599999999998,JOR,RUS,7224
114,186,1208,1968,33072,0,1.844871,2.2220470000000003,JPN,RUS,7224
124,186,1208,1968,0,14954,0.7129770000000001,1.136677,LBN,RUS,7224
128,186,1208,1968,0,13755,-1.048844,-0.673287,LKA,RUS,7224
134,186,1208,1968,0,668020,-0.219575,-0.657712,MAR,RUS,7224
143,186,1208,1968,0,59829,-0.96686,-0.782324,MMR,RUS,7224
153,186,1208,1968,0,1284,-0.530212,-0.618034,MYS,RUS,7224
159,186,1208,1968,0,4074,-1.317379,-0.822881,NGA,RUS,7224
162,186,1208,1968,0,154238,1.4081620000000001,2.841383,NLD,RUS,7224
163,186,1208,1968,0,2929,1.258037,1.6438409999999999,NOR,RUS,7224
168,186,1208,1968,0,1988220,0.17055499999999998,-0.249302,PAK,RUS,7224
190,186,1208,1968,0,1685,-1.18039,-0.908206,SDN,RUS,7224
208,186,1208,1968,0,8007,1.968017,2.7641270000000002,SWE,RUS,7224
216,186,1208,1968,0,34250,-0.59446,-0.7126439999999999,THA,RUS,7224
223,186,1208,1968,0,1846,-0.129079,-0.54896,TUN,RUS,7224
231,186,1208,1968,158515,0,1.9577650000000002,1.500362,USA,RUS,7224
245,186,1208,1968,0,1240682,1.0230700000000001,2.3184560000000003,YUG,RUS,7224
34,192,1208,1968,0,7668,-1.0804770000000001,-0.305034,BRN,SGP,7224
39,192,1208,1968,2093,0,0.6867270000000001,0.846297,CAN,SGP,7224
81,192,1208,1968,154743,0,2.058025,0.677452,GBR,SGP,7224
97,192,1208,1968,18080,0,1.397888,1.218178,HKG,SGP,7224
114,192,1208,1968,697085,0,1.844871,2.2220470000000003,JPN,SGP,7224
153,192,1208,1968,141427,186539,-0.530212,-0.618034,MYS,SGP,7224
174,192,1208,1968,0,24960,-0.38509499999999997,-0.708784,PHL,SGP,7224
216,192,1208,1968,12499,1027,-0.59446,-0.7126439999999999,THA,SGP,7224
231,192,1208,1968,1376722,0,1.9577650000000002,1.500362,USA,SGP,7224
15,208,1208,1968,2347,105764,1.94925,1.6721810000000001,AUT,SWE,7224
18,208,1208,1968,3119,58938,1.529065,2.472506,BEL,SWE,7224
32,208,1208,1968,0,37400,-0.325932,-0.334875,BRA,SWE,7224
39,208,1208,1968,27284,1277717,0.6867270000000001,0.846297,CAN,SWE,7224
41,208,1208,1968,18993,0,2.1128139999999997,2.181377,CHE,SWE,7224
49,208,1208,1968,0,95624,-0.179843,-0.5681729999999999,COL,SWE,7224
53,208,1208,1968,60271,0,1.6086129999999998,2.804711,CSK,SWE,7224
61,208,1208,1968,958520,15563,2.2253979999999998,-1.8081060000000002,DEU,SWE,7224
64,208,1208,1968,312701,1073063,1.5995489999999999,2.6483209999999997,DNK,SWE,7224
66,208,1208,1968,2749,0,-0.6151939999999999,-0.68092,DZA,SWE,7224
67,208,1208,1968,0,28701,-0.5838800000000001,-0.767904,ECU,SWE,7224
71,208,1208,1968,0,74553,0.781529,1.259275,ESP,SWE,7224
74,208,1208,1968,210264,447999,1.401928,1.205835,FIN,SWE,7224
77,208,1208,1968,73485,1112560,1.7160810000000002,1.713236,FRA,SWE,7224
80,208,1208,1968,9032,0,-1.370584,-0.627224,GAB,SWE,7224
81,208,1208,1968,5452329,64144,2.058025,0.677452,GBR,SWE,7224
90,208,1208,1968,0,110071,0.120538,-0.135025,GRC,SWE,7224
102,208,1208,1968,13855,0,0.9154209999999999,1.253378,HUN,SWE,7224
107,208,1208,1968,0,449389,-0.731453,-0.764668,IRN,SWE,7224
111,208,1208,1968,160789,0,1.8991650000000002,1.865793,ITA,SWE,7224
113,208,1208,1968,0,56097,0.402134,-0.18620599999999998,JOR,SWE,7224
114,208,1208,1968,77129,0,1.844871,2.2220470000000003,JPN,SWE,7224
124,208,1208,1968,0,83909,0.7129770000000001,1.136677,LBN,SWE,7224
126,208,1208,1968,0,85461,-1.864928,-0.47663500000000003,LBY,SWE,7224
162,208,1208,1968,2590,176815,1.4081620000000001,2.841383,NLD,SWE,7224
163,208,1208,1968,102737,3691805,1.258037,1.6438409999999999,NOR,SWE,7224
173,208,1208,1968,0,32853,-0.676242,-0.815086,PER,SWE,7224
174,208,1208,1968,0,30691,-0.38509499999999997,-0.708784,PHL,SWE,7224
186,208,1208,1968,8007,0,0.429629,0.513075,RUS,SWE,7224
188,208,1208,1968,0,1815,-1.510775,-0.48828699999999997,SAU,SWE,7224
216,208,1208,1968,0,46096,-0.59446,-0.7126439999999999,THA,SWE,7224
224,208,1208,1968,0,37754,-0.654801,-0.8012319999999999,TUR,SWE,7224
231,208,1208,1968,645633,7105,1.9577650000000002,1.500362,USA,SWE,7224
245,208,1208,1968,0,36217,1.0230700000000001,2.3184560000000003,YUG,SWE,7224
1,231,1208,1968,0,6233,-0.712527,-0.837342,AFG,USA,7224
2,231,1208,1968,0,1911105,-1.129591,-0.880391,AGO,USA,7224
6,231,1208,1968,0,141440,0.14161500000000002,-0.24035399999999998,ANT,USA,7224
8,231,1208,1968,0,4393088,0.148111,0.088328,ARG,USA,7224
14,231,1208,1968,6633,10169906,0.215398,0.115257,AUS,USA,7224
15,231,1208,1968,0,178727,1.94925,1.6721810000000001,AUT,USA,7224
18,231,1208,1968,37336,1214811,1.529065,2.472506,BEL,USA,7224
19,231,1208,1968,0,13390,-0.820837,-0.669663,BEN,USA,7224
21,231,1208,1968,0,34286,-0.21085,-0.5524640000000001,BFA,USA,7224
23,231,1208,1968,0,51174,0.581187,0.53879,BGR,USA,7224
25,231,1208,1968,0,743707,0.785454,-0.166571,BHS,USA,7224
30,231,1208,1968,0,15174,0.873251,0.188419,BMU,USA,7224
31,231,1208,1968,0,482900,-0.8851379999999999,-0.772063,BOL,USA,7224
32,231,1208,1968,0,15070050,-0.325932,-0.334875,BRA,USA,7224
33,231,1208,1968,0,8147,0.6484409999999999,0.015096,BRB,USA,7224
34,231,1208,1968,0,3386,-1.0804770000000001,-0.305034,BRN,USA,7224
38,231,1208,1968,0,510,-0.9644010000000001,-0.631393,CAF,USA,7224
39,231,1208,1968,12401755,59007728,0.6867270000000001,0.846297,CAN,USA,7224
41,231,1208,1968,6586,758533,2.1128139999999997,2.181377,CHE,USA,7224
42,231,1208,1968,0,1613740,0.042475,-0.45777299999999993,CHL,USA,7224
44,231,1208,1968,0,1204113,-0.9004639999999999,-0.815828,CIV,USA,7224
45,231,1208,1968,0,298606,-0.448082,-0.43909899999999996,CMR,USA,7224
46,231,1208,1968,0,632926,-1.2018229999999999,-0.6680229999999999,COD,USA,7224
47,231,1208,1968,0,193507,-1.0615450000000002,-0.736701,COG,USA,7224
49,231,1208,1968,0,3815580,-0.179843,-0.5681729999999999,COL,USA,7224
52,231,1208,1968,0,737972,0.926132,0.544143,CRI,USA,7224
53,231,1208,1968,0,6674,1.6086129999999998,2.804711,CSK,USA,7224
58,231,1208,1968,0,45208,-0.154697,-0.659162,CYP,USA,7224
61,231,1208,1968,1629782,1838385,2.2253979999999998,-1.8081060000000002,DEU,USA,7224
64,231,1208,1968,0,442863,1.5995489999999999,2.6483209999999997,DNK,USA,7224
65,231,1208,1968,0,1439408,-0.739667,-0.834332,DOM,USA,7224
66,231,1208,1968,0,933599,-0.6151939999999999,-0.68092,DZA,USA,7224
67,231,1208,1968,0,841525,-0.5838800000000001,-0.767904,ECU,USA,7224
68,231,1208,1968,0,67719,0.141193,-0.395386,EGY,USA,7224
71,231,1208,1968,0,1966939,0.781529,1.259275,ESP,USA,7224
73,231,1208,1968,0,293993,-0.8907879999999999,-0.983032,ETH,USA,7224
74,231,1208,1968,0,207201,1.401928,1.205835,FIN,USA,7224
75,231,1208,1968,0,64944,-0.04004,-0.562962,FJI,USA,7224
77,231,1208,1968,218842,7073344,1.7160810000000002,1.713236,FRA,USA,7224
80,231,1208,1968,0,347033,-1.370584,-0.627224,GAB,USA,7224
81,231,1208,1968,6812276,1476628,2.058025,0.677452,GBR,USA,7224
83,231,1208,1968,0,165395,-0.995481,-0.76246,GHA,USA,7224
86,231,1208,1968,0,159044,-0.408167,-0.372355,GLP,USA,7224
88,231,1208,1968,0,50425,-1.143491,-0.873791,GNB,USA,7224
90,231,1208,1968,0,563956,0.120538,-0.135025,GRC,USA,7224
93,231,1208,1968,0,693715,0.5246930000000001,0.169407,GTM,USA,7224
94,231,1208,1968,0,6102,-0.09549500000000001,-0.493262,GUF,USA,7224
96,231,1208,1968,0,41470,-0.34474699999999997,-0.547204,GUY,USA,7224
97,231,1208,1968,0,27631,1.397888,1.218178,HKG,USA,7224
99,231,1208,1968,0,905498,-0.115754,-0.5740890000000001,HND,USA,7224
101,231,1208,1968,0,10611,0.30587600000000004,-0.458413,HTI,USA,7224
103,231,1208,1968,0,245222,-1.210591,-0.7402310000000001,IDN,USA,7224
104,231,1208,1968,0,2431490,0.1404,0.23993299999999998,IND,USA,7224
106,231,1208,1968,31342,52377,1.054101,1.252786,IRL,USA,7224
107,231,1208,1968,0,2199764,-0.731453,-0.764668,IRN,USA,7224
108,231,1208,1968,0,113247,-0.935797,-0.522099,IRQ,USA,7224
109,231,1208,1968,0,63173,0.282911,-0.326735,ISL,USA,7224
110,231,1208,1968,4028,2516492,1.105346,0.8750629999999999,ISR,USA,7224
111,231,1208,1968,578814,1323306,1.8991650000000002,1.865793,ITA,USA,7224
112,231,1208,1968,0,353970,0.206492,-0.587264,JAM,USA,7224
113,231,1208,1968,0,49195,0.402134,-0.18620599999999998,JOR,USA,7224
114,231,1208,1968,217156,4737699,1.844871,2.2220470000000003,JPN,USA,7224
116,231,1208,1968,0,315764,-0.301844,-0.318616,KEN,USA,7224
118,231,1208,1968,0,59461,-0.6683680000000001,-0.9116620000000001,KHM,USA,7224
121,231,1208,1968,0,5954320,0.992735,0.683944,KOR,USA,7224
122,231,1208,1968,0,110494,-1.2088969999999999,-0.480887,KWT,USA,7224
123,231,1208,1968,0,103252,-0.43895,-0.631242,LAO,USA,7224
124,231,1208,1968,1746,830845,0.7129770000000001,1.136677,LBN,USA,7224
125,231,1208,1968,0,779751,-0.974225,-0.554678,LBR,USA,7224
126,231,1208,1968,0,994453,-1.864928,-0.47663500000000003,LBY,USA,7224
128,231,1208,1968,0,257825,-1.048844,-0.673287,LKA,USA,7224
134,231,1208,1968,0,603916,-0.219575,-0.657712,MAR,USA,7224
136,231,1208,1968,0,189879,-0.684883,-0.839874,MDG,USA,7224
138,231,1208,1968,78798,10555861,0.306611,0.36893000000000004,MEX,USA,7224
142,231,1208,1968,0,698,1.418505,1.216724,MLT,USA,7224
143,231,1208,1968,0,379699,-0.96686,-0.782324,MMR,USA,7224
147,231,1208,1968,0,681157,-0.859319,-0.818945,MOZ,USA,7224
148,231,1208,1968,0,9695,-0.584021,-0.6288090000000001,MRT,USA,7224
150,231,1208,1968,0,27016,0.026755,-0.5054850000000001,MTQ,USA,7224
151,231,1208,1968,0,23768,-0.6355890000000001,-0.593471,MUS,USA,7224
152,231,1208,1968,0,108561,-0.6704289999999999,-0.747872,MWI,USA,7224
153,231,1208,1968,0,933719,-0.530212,-0.618034,MYS,USA,7224
156,231,1208,1968,0,588326,-1.281862,-0.337455,NCL,USA,7224
157,231,1208,1968,0,165169,-0.621916,-0.715214,NER,USA,7224
159,231,1208,1968,0,278416,-1.317379,-0.822881,NGA,USA,7224
160,231,1208,1968,0,608325,0.141456,-0.299055,NIC,USA,7224
162,231,1208,1968,3964,440168,1.4081620000000001,2.841383,NLD,USA,7224
163,231,1208,1968,5160,650858,1.258037,1.6438409999999999,NOR,USA,7224
166,231,1208,1968,0,967508,0.184389,-0.451151,NZL,USA,7224
168,231,1208,1968,418372,1226134,0.17055499999999998,-0.249302,PAK,USA,7224
169,231,1208,1968,0,153134,1.151761,0.8629450000000001,PAN,USA,7224
173,231,1208,1968,0,680839,-0.676242,-0.815086,PER,USA,7224
174,231,1208,1968,0,4007205,-0.38509499999999997,-0.708784,PHL,USA,7224
177,231,1208,1968,1711,122413,0.9209379999999999,1.762821,POL,USA,7224
179,231,1208,1968,0,342306,1.014702,1.024988,PRT,USA,7224
180,231,1208,1968,0,293628,-0.605754,-0.77208,PRY,USA,7224
183,231,1208,1968,0,604001,-1.9631509999999999,-0.438784,QAT,USA,7224
184,231,1208,1968,0,46136,-0.704149,-0.416626,REU,USA,7224
186,231,1208,1968,0,158515,0.429629,0.513075,RUS,USA,7224
188,231,1208,1968,0,829072,-1.510775,-0.48828699999999997,SAU,USA,7224
190,231,1208,1968,0,338750,-1.18039,-0.908206,SDN,USA,7224
191,231,1208,1968,0,367725,-0.380494,-0.698573,SEN,USA,7224
192,231,1208,1968,0,1376722,0.34532199999999996,0.624988,SGP,USA,7224
196,231,1208,1968,0,59802,-1.055491,-0.736395,SLE,USA,7224
197,231,1208,1968,1734,62608,0.8662620000000001,0.791027,SLV,USA,7224
205,231,1208,1968,0,340911,-0.43228199999999994,-0.560526,SUR,USA,7224
208,231,1208,1968,7105,645633,1.968017,2.7641270000000002,SWE,USA,7224
212,231,1208,1968,0,51101,-0.14453,-0.669121,SYR,USA,7224
214,231,1208,1968,0,4431,-0.837724,-0.47968500000000003,TCD,USA,7224
215,231,1208,1968,0,29780,-1.185554,-0.808087,TGO,USA,7224
216,231,1208,1968,0,3983338,-0.59446,-0.7126439999999999,THA,USA,7224
222,231,1208,1968,3662,28313,0.388499,-0.182041,TTO,USA,7224
223,231,1208,1968,0,331460,-0.129079,-0.54896,TUN,USA,7224
224,231,1208,1968,0,2403386,-0.654801,-0.8012319999999999,TUR,USA,7224
226,231,1208,1968,0,409330,-1.2084840000000001,-0.893344,TZA,USA,7224
227,231,1208,1968,0,166783,-1.381566,-0.770883,UGA,USA,7224
230,231,1208,1968,0,125852,0.418634,-0.177045,URY,USA,7224
236,231,1208,1968,17222,5347414,-0.7130850000000001,-0.5042939999999999,VEN,USA,7224
239,231,1208,1968,0,67535,0.414368,-0.21605500000000002,VNM,USA,7224
240,231,1208,1968,0,2200,-1.165284,-0.661817,VUT,USA,7224
245,231,1208,1968,96966,1503562,1.0230700000000001,2.3184560000000003,YUG,USA,7224
246,231,1208,1968,0,6409552,-0.397811,-0.621199,ZAF,USA,7224
247,231,1208,1968,0,767745,-0.811549,-0.6721600000000001,ZMB,USA,7224
249,231,1208,1968,1611,479219,1.152169,1.691066,TWN,USA,7224
250,231,1208,1968,0,272487,0.8133859999999999,0.47075900000000004,ANS,USA,7224
44,249,1208,1968,0,4176,-0.9004639999999999,-0.815828,CIV,TWN,7224
61,249,1208,1968,1977,0,2.2253979999999998,-1.8081060000000002,DEU,TWN,7224
81,249,1208,1968,147263,0,2.058025,0.677452,GBR,TWN,7224
114,249,1208,1968,195422,0,1.844871,2.2220470000000003,JPN,TWN,7224
188,249,1208,1968,0,1311,-1.510775,-0.48828699999999997,SAU,TWN,7224
231,249,1208,1968,479219,1611,1.9577650000000002,1.500362,USA,TWN,7224
18,250,1208,1968,3856,0,1.529065,2.472506,BEL,ANS,7224
33,250,1208,1968,2552,0,0.6484409999999999,0.015096,BRB,ANS,7224
39,250,1208,1968,505,0,0.6867270000000001,0.846297,CAN,ANS,7224
41,250,1208,1968,607,0,2.1128139999999997,2.181377,CHE,ANS,7224
71,250,1208,1968,517,0,0.781529,1.259275,ESP,ANS,7224
77,250,1208,1968,710,2243,1.7160810000000002,1.713236,FRA,ANS,7224
81,250,1208,1968,252936,0,2.058025,0.677452,GBR,ANS,7224
99,250,1208,1968,0,6562,-0.115754,-0.5740890000000001,HND,ANS,7224
111,250,1208,1968,21483,0,1.8991650000000002,1.865793,ITA,ANS,7224
114,250,1208,1968,165372,0,1.844871,2.2220470000000003,JPN,ANS,7224
121,250,1208,1968,0,8210,0.992735,0.683944,KOR,ANS,7224
124,250,1208,1968,654,0,0.7129770000000001,1.136677,LBN,ANS,7224
126,250,1208,1968,0,45595,-1.864928,-0.47663500000000003,LBY,ANS,7224
138,250,1208,1968,0,29795,0.306611,0.36893000000000004,MEX,ANS,7224
169,250,1208,1968,0,4013,1.151761,0.8629450000000001,PAN,ANS,7224
174,250,1208,1968,0,36443,-0.38509499999999997,-0.708784,PHL,ANS,7224
222,250,1208,1968,14825,0,0.388499,-0.182041,TTO,ANS,7224
231,250,1208,1968,272487,0,1.9577650000000002,1.500362,USA,ANS,7224
81,6,1208,1968,11046,0,2.058025,0.677452,GBR,ANT,7224
231,6,1208,1968,141440,0,1.9577650000000002,1.500362,USA,ANT,7224
236,6,1208,1968,3239,0,-0.7130850000000001,-0.5042939999999999,VEN,ANT,7224
8,32,1208,1968,0,36086,0.148111,0.088328,ARG,BRA,7224
18,32,1208,1968,34859,0,1.529065,2.472506,BEL,BRA,7224
61,32,1208,1968,84976,0,2.2253979999999998,-1.8081060000000002,DEU,BRA,7224
77,32,1208,1968,142957,0,1.7160810000000002,1.713236,FRA,BRA,7224
81,32,1208,1968,692694,0,2.058025,0.677452,GBR,BRA,7224
111,32,1208,1968,3573026,0,1.8991650000000002,1.865793,ITA,BRA,7224
114,32,1208,1968,218214,0,1.844871,2.2220470000000003,JPN,BRA,7224
162,32,1208,1968,1088,0,1.4081620000000001,2.841383,NLD,BRA,7224
177,32,1208,1968,16023,0,0.9209379999999999,1.762821,POL,BRA,7224
180,32,1208,1968,0,22109,-0.605754,-0.77208,PRY,BRA,7224
208,32,1208,1968,37400,0,1.968017,2.7641270000000002,SWE,BRA,7224
231,32,1208,1968,15070050,0,1.9577650000000002,1.500362,USA,BRA,7224
236,32,1208,1968,0,11824,-0.7130850000000001,-0.5042939999999999,VEN,BRA,7224
245,32,1208,1968,178851,0,1.0230700000000001,2.3184560000000003,YUG,BRA,7224
19,44,1208,1968,0,1804,-0.820837,-0.669663,BEN,CIV,7224
21,44,1208,1968,892,2267,-0.21085,-0.5524640000000001,BFA,CIV,7224
39,44,1208,1968,109800,0,0.6867270000000001,0.846297,CAN,CIV,7224
45,44,1208,1968,441,418,-0.448082,-0.43909899999999996,CMR,CIV,7224
47,44,1208,1968,5138,928,-1.0615450000000002,-0.736701,COG,CIV,7224
61,44,1208,1968,23783,3023,2.2253979999999998,-1.8081060000000002,DEU,CIV,7224
77,44,1208,1968,298427,0,1.7160810000000002,1.713236,FRA,CIV,7224
80,44,1208,1968,0,1696,-1.370584,-0.627224,GAB,CIV,7224
81,44,1208,1968,164253,0,2.058025,0.677452,GBR,CIV,7224
111,44,1208,1968,221963,0,1.8991650000000002,1.865793,ITA,CIV,7224
125,44,1208,1968,0,19593,-0.974225,-0.554678,LBR,CIV,7224
141,44,1208,1968,0,2457,-0.625304,-0.751379,MLI,CIV,7224
162,44,1208,1968,192709,0,1.4081620000000001,2.841383,NLD,CIV,7224
191,44,1208,1968,39204,0,-0.380494,-0.698573,SEN,CIV,7224
215,44,1208,1968,1591,24588,-1.185554,-0.808087,TGO,CIV,7224
231,44,1208,1968,1204113,0,1.9577650000000002,1.500362,USA,CIV,7224
249,44,1208,1968,4176,0,1.152169,1.691066,TWN,CIV,7224
8,71,1208,1968,0,778,0.148111,0.088328,ARG,ESP,7224
15,71,1208,1968,191606,0,1.94925,1.6721810000000001,AUT,ESP,7224
18,71,1208,1968,15846,0,1.529065,2.472506,BEL,ESP,7224
31,71,1208,1968,0,1290,-0.8851379999999999,-0.772063,BOL,ESP,7224
41,71,1208,1968,21711,0,2.1128139999999997,2.181377,CHE,ESP,7224
49,71,1208,1968,0,8145,-0.179843,-0.5681729999999999,COL,ESP,7224
53,71,1208,1968,269968,0,1.6086129999999998,2.804711,CSK,ESP,7224
61,71,1208,1968,978832,0,2.2253979999999998,-1.8081060000000002,DEU,ESP,7224
74,71,1208,1968,4225,0,1.401928,1.205835,FIN,ESP,7224
77,71,1208,1968,931130,0,1.7160810000000002,1.713236,FRA,ESP,7224
81,71,1208,1968,2209398,5277,2.058025,0.677452,GBR,ESP,7224
90,71,1208,1968,0,7093,0.120538,-0.135025,GRC,ESP,7224
102,71,1208,1968,990,0,0.9154209999999999,1.253378,HUN,ESP,7224
111,71,1208,1968,3280194,8762,1.8991650000000002,1.865793,ITA,ESP,7224
114,71,1208,1968,10242,0,1.844871,2.2220470000000003,JPN,ESP,7224
124,71,1208,1968,0,12450,0.7129770000000001,1.136677,LBN,ESP,7224
174,71,1208,1968,0,1223,-0.38509499999999997,-0.708784,PHL,ESP,7224
177,71,1208,1968,69870,0,0.9209379999999999,1.762821,POL,ESP,7224
179,71,1208,1968,0,2228,1.014702,1.024988,PRT,ESP,7224
185,71,1208,1968,83741,0,0.7897609999999999,0.9959479999999999,ROU,ESP,7224
188,71,1208,1968,0,3625,-1.510775,-0.48828699999999997,SAU,ESP,7224
208,71,1208,1968,74553,0,1.968017,2.7641270000000002,SWE,ESP,7224
230,71,1208,1968,0,46413,0.418634,-0.177045,URY,ESP,7224
231,71,1208,1968,1966939,0,1.9577650000000002,1.500362,USA,ESP,7224
236,71,1208,1968,497,4944,-0.7130850000000001,-0.5042939999999999,VEN,ESP,7224
239,71,1208,1968,0,47559,0.414368,-0.21605500000000002,VNM,ESP,7224
250,71,1208,1968,0,517,0.8133859999999999,0.47075900000000004,ANS,ESP,7224
15,74,1208,1968,1694,17808,1.94925,1.6721810000000001,AUT,FIN,7224
18,74,1208,1968,343788,0,1.529065,2.472506,BEL,FIN,7224
39,74,1208,1968,18786,0,0.6867270000000001,0.846297,CAN,FIN,7224
41,74,1208,1968,4831,0,2.1128139999999997,2.181377,CHE,FIN,7224
53,74,1208,1968,71087,0,1.6086129999999998,2.804711,CSK,FIN,7224
61,74,1208,1968,115462,162848,2.2253979999999998,-1.8081060000000002,DEU,FIN,7224
64,74,1208,1968,14177,925,1.5995489999999999,2.6483209999999997,DNK,FIN,7224
71,74,1208,1968,0,4225,0.781529,1.259275,ESP,FIN,7224
77,74,1208,1968,39656,0,1.7160810000000002,1.713236,FRA,FIN,7224
81,74,1208,1968,4720592,5904,2.058025,0.677452,GBR,FIN,7224
90,74,1208,1968,0,19284,0.120538,-0.135025,GRC,FIN,7224
108,74,1208,1968,0,128010,-0.935797,-0.522099,IRQ,FIN,7224
111,74,1208,1968,152651,2505,1.8991650000000002,1.865793,ITA,FIN,7224
114,74,1208,1968,16906,0,1.844871,2.2220470000000003,JPN,FIN,7224
162,74,1208,1968,0,11108,1.4081620000000001,2.841383,NLD,FIN,7224
163,74,1208,1968,6295,21961,1.258037,1.6438409999999999,NOR,FIN,7224
179,74,1208,1968,0,44844,1.014702,1.024988,PRT,FIN,7224
186,74,1208,1968,150706,0,0.429629,0.513075,RUS,FIN,7224
208,74,1208,1968,447999,210264,1.968017,2.7641270000000002,SWE,FIN,7224
231,74,1208,1968,207201,0,1.9577650000000002,1.500362,USA,FIN,7224
239,74,1208,1968,0,2934,0.414368,-0.21605500000000002,VNM,FIN,7224
245,74,1208,1968,0,2041,1.0230700000000001,2.3184560000000003,YUG,FIN,7224
39,80,1208,1968,175938,0,0.6867270000000001,0.846297,CAN,GAB,7224
44,80,1208,1968,1696,0,-0.9004639999999999,-0.815828,CIV,GAB,7224
61,80,1208,1968,6774,0,2.2253979999999998,-1.8081060000000002,DEU,GAB,7224
77,80,1208,1968,31540,0,1.7160810000000002,1.713236,FRA,GAB,7224
81,80,1208,1968,92099,0,2.058025,0.677452,GBR,GAB,7224
111,80,1208,1968,2353,0,1.8991650000000002,1.865793,ITA,GAB,7224
208,80,1208,1968,0,9032,1.968017,2.7641270000000002,SWE,GAB,7224
231,80,1208,1968,347033,0,1.9577650000000002,1.500362,USA,GAB,7224
2,179,1208,1968,0,41310,-1.129591,-0.880391,AGO,PRT,7224
18,179,1208,1968,596727,0,1.529065,2.472506,BEL,PRT,7224
41,179,1208,1968,2319,0,2.1128139999999997,2.181377,CHE,PRT,7224
53,179,1208,1968,5198,0,1.6086129999999998,2.804711,CSK,PRT,7224
61,179,1208,1968,1099147,0,2.2253979999999998,-1.8081060000000002,DEU,PRT,7224
71,179,1208,1968,2228,0,0.781529,1.259275,ESP,PRT,7224
74,179,1208,1968,44844,0,1.401928,1.205835,FIN,PRT,7224
77,179,1208,1968,102752,0,1.7160810000000002,1.713236,FRA,PRT,7224
81,179,1208,1968,1861737,4397,2.058025,0.677452,GBR,PRT,7224
88,179,1208,1968,0,28375,-1.143491,-0.873791,GNB,PRT,7224
111,179,1208,1968,1061055,8388,1.8991650000000002,1.865793,ITA,PRT,7224
114,179,1208,1968,73219,0,1.844871,2.2220470000000003,JPN,PRT,7224
162,179,1208,1968,5483,0,1.4081620000000001,2.841383,NLD,PRT,7224
185,179,1208,1968,2111,0,0.7897609999999999,0.9959479999999999,ROU,PRT,7224
231,179,1208,1968,342306,0,1.9577650000000002,1.500362,USA,PRT,7224
14,216,1208,1968,91581,8078,0.215398,0.115257,AUS,THA,7224
15,216,1208,1968,325020,0,1.94925,1.6721810000000001,AUT,THA,7224
18,216,1208,1968,2353,0,1.529065,2.472506,BEL,THA,7224
39,216,1208,1968,21068,0,0.6867270000000001,0.846297,CAN,THA,7224
45,216,1208,1968,9122,0,-0.448082,-0.43909899999999996,CMR,THA,7224
61,216,1208,1968,104534,0,2.2253979999999998,-1.8081060000000002,DEU,THA,7224
77,216,1208,1968,2859,0,1.7160810000000002,1.713236,FRA,THA,7224
81,216,1208,1968,1839202,0,2.058025,0.677452,GBR,THA,7224
97,216,1208,1968,31913,0,1.397888,1.218178,HKG,THA,7224
111,216,1208,1968,131480,0,1.8991650000000002,1.865793,ITA,THA,7224
114,216,1208,1968,1588987,0,1.844871,2.2220470000000003,JPN,THA,7224
123,216,1208,1968,0,21869,-0.43895,-0.631242,LAO,THA,7224
153,216,1208,1968,4035,8055,-0.530212,-0.618034,MYS,THA,7224
168,216,1208,1968,7690,0,0.17055499999999998,-0.249302,PAK,THA,7224
186,216,1208,1968,34250,0,0.429629,0.513075,RUS,THA,7224
192,216,1208,1968,1027,12499,0.34532199999999996,0.624988,SGP,THA,7224
208,216,1208,1968,46096,0,1.968017,2.7641270000000002,SWE,THA,7224
231,216,1208,1968,3983338,0,1.9577650000000002,1.500362,USA,THA,7224
245,216,1208,1968,41933,0,1.0230700000000001,2.3184560000000003,YUG,THA,7224
246,216,1208,1968,8952,0,-0.397811,-0.621199,ZAF,THA,7224
18,222,1208,1968,551,0,1.529065,2.472506,BEL,TTO,7224
61,222,1208,1968,2404,0,2.2253979999999998,-1.8081060000000002,DEU,TTO,7224
81,222,1208,1968,300317,859,2.058025,0.677452,GBR,TTO,7224
162,222,1208,1968,3449,0,1.4081620000000001,2.841383,NLD,TTO,7224
231,222,1208,1968,28313,3662,1.9577650000000002,1.500362,USA,TTO,7224
236,222,1208,1968,0,2557,-0.7130850000000001,-0.5042939999999999,VEN,TTO,7224
250,222,1208,1968,0,14825,0.8133859999999999,0.47075900000000004,ANS,TTO,7224
61,68,1208,1968,27844,0,2.2253979999999998,-1.8081060000000002,DEU,EGY,7224
66,68,1208,1968,62094,0,-0.6151939999999999,-0.68092,DZA,EGY,7224
81,68,1208,1968,10588,0,2.058025,0.677452,GBR,EGY,7224
111,68,1208,1968,4902,126019,1.8991650000000002,1.865793,ITA,EGY,7224
231,68,1208,1968,67719,0,1.9577650000000002,1.500362,USA,EGY,7224
245,68,1208,1968,1040678,0,1.0230700000000001,2.3184560000000003,YUG,EGY,7224
15,102,1208,1968,0,1822,1.94925,1.6721810000000001,AUT,HUN,7224
18,102,1208,1968,0,7613,1.529065,2.472506,BEL,HUN,7224
49,102,1208,1968,0,3072,-0.179843,-0.5681729999999999,COL,HUN,7224
61,102,1208,1968,15200,0,2.2253979999999998,-1.8081060000000002,DEU,HUN,7224
71,102,1208,1968,0,990,0.781529,1.259275,ESP,HUN,7224
77,102,1208,1968,0,42770,1.7160810000000002,1.713236,FRA,HUN,7224
81,102,1208,1968,0,26928,2.058025,0.677452,GBR,HUN,7224
104,102,1208,1968,0,13595,0.1404,0.23993299999999998,IND,HUN,7224
107,102,1208,1968,0,34939,-0.731453,-0.764668,IRN,HUN,7224
111,102,1208,1968,8080,3083,1.8991650000000002,1.865793,ITA,HUN,7224
126,102,1208,1968,0,2820,-1.864928,-0.47663500000000003,LBY,HUN,7224
163,102,1208,1968,0,4009,1.258037,1.6438409999999999,NOR,HUN,7224
168,102,1208,1968,0,1468,0.17055499999999998,-0.249302,PAK,HUN,7224
208,102,1208,1968,0,13855,1.968017,2.7641270000000002,SWE,HUN,7224
245,102,1208,1968,0,123978,1.0230700000000001,2.3184560000000003,YUG,HUN,7224
14,126,1208,1968,22370,0,0.215398,0.115257,AUS,LBY,7224
15,126,1208,1968,8690,0,1.94925,1.6721810000000001,AUT,LBY,7224
18,126,1208,1968,4448,0,1.529065,2.472506,BEL,LBY,7224
23,126,1208,1968,6942,0,0.581187,0.53879,BGR,LBY,7224
45,126,1208,1968,16398,0,-0.448082,-0.43909899999999996,CMR,LBY,7224
53,126,1208,1968,206303,0,1.6086129999999998,2.804711,CSK,LBY,7224
61,126,1208,1968,33242,0,2.2253979999999998,-1.8081060000000002,DEU,LBY,7224
77,126,1208,1968,177019,0,1.7160810000000002,1.713236,FRA,LBY,7224
81,126,1208,1968,2506658,0,2.058025,0.677452,GBR,LBY,7224
102,126,1208,1968,2820,0,0.9154209999999999,1.253378,HUN,LBY,7224
111,126,1208,1968,317267,0,1.8991650000000002,1.865793,ITA,LBY,7224
114,126,1208,1968,75346,0,1.844871,2.2220470000000003,JPN,LBY,7224
124,126,1208,1968,50201,0,0.7129770000000001,1.136677,LBN,LBY,7224
142,126,1208,1968,659,0,1.418505,1.216724,MLT,LBY,7224
177,126,1208,1968,1327,0,0.9209379999999999,1.762821,POL,LBY,7224
185,126,1208,1968,570,0,0.7897609999999999,0.9959479999999999,ROU,LBY,7224
208,126,1208,1968,85461,0,1.968017,2.7641270000000002,SWE,LBY,7224
223,126,1208,1968,33833,0,-0.129079,-0.54896,TUN,LBY,7224
231,126,1208,1968,994453,0,1.9577650000000002,1.500362,USA,LBY,7224
245,126,1208,1968,412748,0,1.0230700000000001,2.3184560000000003,YUG,LBY,7224
250,126,1208,1968,45595,0,0.8133859999999999,0.47075900000000004,ANS,LBY,7224
39,134,1208,1968,1267,0,0.6867270000000001,0.846297,CAN,MAR,7224
61,134,1208,1968,25501,0,2.2253979999999998,-1.8081060000000002,DEU,MAR,7224
77,134,1208,1968,212105,0,1.7160810000000002,1.713236,FRA,MAR,7224
81,134,1208,1968,748928,0,2.058025,0.677452,GBR,MAR,7224
111,134,1208,1968,302911,0,1.8991650000000002,1.865793,ITA,MAR,7224
114,134,1208,1968,7881,0,1.844871,2.2220470000000003,JPN,MAR,7224
186,134,1208,1968,668020,0,0.429629,0.513075,RUS,MAR,7224
231,134,1208,1968,603916,0,1.9577650000000002,1.500362,USA,MAR,7224
14,143,1208,1968,43466,0,0.215398,0.115257,AUS,MMR,7224
53,143,1208,1968,207580,0,1.6086129999999998,2.804711,CSK,MMR,7224
81,143,1208,1968,12143,0,2.058025,0.677452,GBR,MMR,7224
114,143,1208,1968,856,0,1.844871,2.2220470000000003,JPN,MMR,7224
153,143,1208,1968,0,1359,-0.530212,-0.618034,MYS,MMR,7224
186,143,1208,1968,59829,0,0.429629,0.513075,RUS,MMR,7224
231,143,1208,1968,379699,0,1.9577650000000002,1.500362,USA,MMR,7224
15,245,1208,1968,96131,2459,1.94925,1.6721810000000001,AUT,YUG,7224
18,245,1208,1968,0,3917,1.529065,2.472506,BEL,YUG,7224
32,245,1208,1968,0,178851,-0.325932,-0.334875,BRA,YUG,7224
41,245,1208,1968,18052,0,2.1128139999999997,2.181377,CHE,YUG,7224
49,245,1208,1968,0,7441,-0.179843,-0.5681729999999999,COL,YUG,7224
53,245,1208,1968,1388045,0,1.6086129999999998,2.804711,CSK,YUG,7224
58,245,1208,1968,0,37810,-0.154697,-0.659162,CYP,YUG,7224
61,245,1208,1968,378770,1265,2.2253979999999998,-1.8081060000000002,DEU,YUG,7224
66,245,1208,1968,0,7358,-0.6151939999999999,-0.68092,DZA,YUG,7224
68,245,1208,1968,0,1040678,0.141193,-0.395386,EGY,YUG,7224
74,245,1208,1968,2041,0,1.401928,1.205835,FIN,YUG,7224
77,245,1208,1968,3141,0,1.7160810000000002,1.713236,FRA,YUG,7224
81,245,1208,1968,99937,648,2.058025,0.677452,GBR,YUG,7224
90,245,1208,1968,0,26944,0.120538,-0.135025,GRC,YUG,7224
102,245,1208,1968,123978,0,0.9154209999999999,1.253378,HUN,YUG,7224
104,245,1208,1968,0,517457,0.1404,0.23993299999999998,IND,YUG,7224
111,245,1208,1968,555130,0,1.8991650000000002,1.865793,ITA,YUG,7224
114,245,1208,1968,6503,0,1.844871,2.2220470000000003,JPN,YUG,7224
118,245,1208,1968,0,1061,-0.6683680000000001,-0.9116620000000001,KHM,YUG,7224
126,245,1208,1968,0,412748,-1.864928,-0.47663500000000003,LBY,YUG,7224
162,245,1208,1968,0,75413,1.4081620000000001,2.841383,NLD,YUG,7224
168,245,1208,1968,0,80488,0.17055499999999998,-0.249302,PAK,YUG,7224
177,245,1208,1968,16610,0,0.9209379999999999,1.762821,POL,YUG,7224
186,245,1208,1968,1240682,0,0.429629,0.513075,RUS,YUG,7224
190,245,1208,1968,0,28801,-1.18039,-0.908206,SDN,YUG,7224
208,245,1208,1968,36217,0,1.968017,2.7641270000000002,SWE,YUG,7224
212,245,1208,1968,0,2663,-0.14453,-0.669121,SYR,YUG,7224
216,245,1208,1968,0,41933,-0.59446,-0.7126439999999999,THA,YUG,7224
231,245,1208,1968,1503562,96966,1.9577650000000002,1.500362,USA,YUG,7224
236,245,1208,1968,0,100421,-0.7130850000000001,-0.5042939999999999,VEN,YUG,7224
15,2,1208,1968,28728,0,1.94925,1.6721810000000001,AUT,AGO,7224
18,2,1208,1968,15392,0,1.529065,2.472506,BEL,AGO,7224
61,2,1208,1968,620225,0,2.2253979999999998,-1.8081060000000002,DEU,AGO,7224
77,2,1208,1968,24833,0,1.7160810000000002,1.713236,FRA,AGO,7224
81,2,1208,1968,869331,0,2.058025,0.677452,GBR,AGO,7224
111,2,1208,1968,91035,0,1.8991650000000002,1.865793,ITA,AGO,7224
114,2,1208,1968,29045,0,1.844871,2.2220470000000003,JPN,AGO,7224
179,2,1208,1968,41310,0,1.014702,1.024988,PRT,AGO,7224
231,2,1208,1968,1911105,0,1.9577650000000002,1.500362,USA,AGO,7224
32,8,1208,1968,36086,0,-0.325932,-0.334875,BRA,ARG,7224
39,8,1208,1968,55360,0,0.6867270000000001,0.846297,CAN,ARG,7224
61,8,1208,1968,16462,0,2.2253979999999998,-1.8081060000000002,DEU,ARG,7224
71,8,1208,1968,778,0,0.781529,1.259275,ESP,ARG,7224
77,8,1208,1968,84062,0,1.7160810000000002,1.713236,FRA,ARG,7224
81,8,1208,1968,220065,0,2.058025,0.677452,GBR,ARG,7224
111,8,1208,1968,432652,0,1.8991650000000002,1.865793,ITA,ARG,7224
114,8,1208,1968,2371,0,1.844871,2.2220470000000003,JPN,ARG,7224
180,8,1208,1968,0,70221,-0.605754,-0.77208,PRY,ARG,7224
230,8,1208,1968,0,4698,0.418634,-0.177045,URY,ARG,7224
231,8,1208,1968,4393088,0,1.9577650000000002,1.500362,USA,ARG,7224
18,14,1208,1968,81590,24243,1.529065,2.472506,BEL,AUS,7224
39,14,1208,1968,413571,0,0.6867270000000001,0.846297,CAN,AUS,7224
41,14,1208,1968,6713,18537,2.1128139999999997,2.181377,CHE,AUS,7224
53,14,1208,1968,245806,0,1.6086129999999998,2.804711,CSK,AUS,7224
61,14,1208,1968,573944,0,2.2253979999999998,-1.8081060000000002,DEU,AUS,7224
67,14,1208,1968,0,1787,-0.5838800000000001,-0.767904,ECU,AUS,7224
75,14,1208,1968,0,61162,-0.04004,-0.562962,FJI,AUS,7224
77,14,1208,1968,105396,0,1.7160810000000002,1.713236,FRA,AUS,7224
81,14,1208,1968,8761700,5636,2.058025,0.677452,GBR,AUS,7224
103,14,1208,1968,0,1742,-1.210591,-0.7402310000000001,IDN,AUS,7224
104,14,1208,1968,0,11255,0.1404,0.23993299999999998,IND,AUS,7224
111,14,1208,1968,2296024,559,1.8991650000000002,1.865793,ITA,AUS,7224
114,14,1208,1968,3483846,11128,1.844871,2.2220470000000003,JPN,AUS,7224
126,14,1208,1968,0,22370,-1.864928,-0.47663500000000003,LBY,AUS,7224
128,14,1208,1968,0,40063,-1.048844,-0.673287,LKA,AUS,7224
142,14,1208,1968,0,543,1.418505,1.216724,MLT,AUS,7224
143,14,1208,1968,0,43466,-0.96686,-0.782324,MMR,AUS,7224
151,14,1208,1968,0,834,-0.6355890000000001,-0.593471,MUS,AUS,7224
153,14,1208,1968,0,6416,-0.530212,-0.618034,MYS,AUS,7224
156,14,1208,1968,0,59621,-1.281862,-0.337455,NCL,AUS,7224
159,14,1208,1968,0,15338,-1.317379,-0.822881,NGA,AUS,7224
166,14,1208,1968,6932,153608,0.184389,-0.451151,NZL,AUS,7224
168,14,1208,1968,0,2185,0.17055499999999998,-0.249302,PAK,AUS,7224
174,14,1208,1968,0,20728,-0.38509499999999997,-0.708784,PHL,AUS,7224
176,14,1208,1968,0,422972,-0.9894790000000001,-0.735923,PNG,AUS,7224
185,14,1208,1968,38938,0,0.7897609999999999,0.9959479999999999,ROU,AUS,7224
216,14,1208,1968,8078,91581,-0.59446,-0.7126439999999999,THA,AUS,7224
220,14,1208,1968,0,20385,1.094058,0.195271,TLS,AUS,7224
231,14,1208,1968,10169906,6633,1.9577650000000002,1.500362,USA,AUS,7224
236,14,1208,1968,0,37513,-0.7130850000000001,-0.5042939999999999,VEN,AUS,7224
240,14,1208,1968,0,118332,-1.165284,-0.661817,VUT,AUS,7224
246,14,1208,1968,0,11987,-0.397811,-0.621199,ZAF,AUS,7224
44,19,1208,1968,1804,0,-0.9004639999999999,-0.815828,CIV,BEN,7224
61,19,1208,1968,3257,0,2.2253979999999998,-1.8081060000000002,DEU,BEN,7224
77,19,1208,1968,22759,995,1.7160810000000002,1.713236,FRA,BEN,7224
81,19,1208,1968,1853,0,2.058025,0.677452,GBR,BEN,7224
111,19,1208,1968,262033,0,1.8991650000000002,1.865793,ITA,BEN,7224
191,19,1208,1968,18092,0,-0.380494,-0.698573,SEN,BEN,7224
215,19,1208,1968,0,9730,-1.185554,-0.808087,TGO,BEN,7224
231,19,1208,1968,13390,0,1.9577650000000002,1.500362,USA,BEN,7224
39,25,1208,1968,587,0,0.6867270000000001,0.846297,CAN,BHS,7224
81,25,1208,1968,11052,0,2.058025,0.677452,GBR,BHS,7224
231,25,1208,1968,743707,0,1.9577650000000002,1.500362,USA,BHS,7224
81,30,1208,1968,1627,0,2.058025,0.677452,GBR,BMU,7224
231,30,1208,1968,15174,0,1.9577650000000002,1.500362,USA,BMU,7224
18,33,1208,1968,1287,0,1.529065,2.472506,BEL,BRB,7224
61,33,1208,1968,13751,0,2.2253979999999998,-1.8081060000000002,DEU,BRB,7224
81,33,1208,1968,53653,0,2.058025,0.677452,GBR,BRB,7224
162,33,1208,1968,3029,0,1.4081620000000001,2.841383,NLD,BRB,7224
231,33,1208,1968,8147,0,1.9577650000000002,1.500362,USA,BRB,7224
250,33,1208,1968,0,2552,0.8133859999999999,0.47075900000000004,ANS,BRB,7224
15,42,1208,1968,5070,0,1.94925,1.6721810000000001,AUT,CHL,7224
18,42,1208,1968,12827,0,1.529065,2.472506,BEL,CHL,7224
61,42,1208,1968,579536,0,2.2253979999999998,-1.8081060000000002,DEU,CHL,7224
77,42,1208,1968,2591,0,1.7160810000000002,1.713236,FRA,CHL,7224
81,42,1208,1968,748475,0,2.058025,0.677452,GBR,CHL,7224
111,42,1208,1968,278342,0,1.8991650000000002,1.865793,ITA,CHL,7224
114,42,1208,1968,579,0,1.844871,2.2220470000000003,JPN,CHL,7224
231,42,1208,1968,1613740,0,1.9577650000000002,1.500362,USA,CHL,7224
39,45,1208,1968,7667,0,0.6867270000000001,0.846297,CAN,CMR,7224
44,45,1208,1968,418,441,-0.9004639999999999,-0.815828,CIV,CMR,7224
47,45,1208,1968,0,33882,-1.0615450000000002,-0.736701,COG,CMR,7224
61,45,1208,1968,22867,0,2.2253979999999998,-1.8081060000000002,DEU,CMR,7224
77,45,1208,1968,59393,10289,1.7160810000000002,1.713236,FRA,CMR,7224
81,45,1208,1968,209770,0,2.058025,0.677452,GBR,CMR,7224
111,45,1208,1968,13059,21770,1.8991650000000002,1.865793,ITA,CMR,7224
126,45,1208,1968,0,16398,-1.864928,-0.47663500000000003,LBY,CMR,7224
162,45,1208,1968,2370,0,1.4081620000000001,2.841383,NLD,CMR,7224
214,45,1208,1968,0,32768,-0.837724,-0.47968500000000003,TCD,CMR,7224
216,45,1208,1968,0,9122,-0.59446,-0.7126439999999999,THA,CMR,7224
231,45,1208,1968,298606,0,1.9577650000000002,1.500362,USA,CMR,7224
15,46,1208,1968,5417,0,1.94925,1.6721810000000001,AUT,COD,7224
18,46,1208,1968,14793,0,1.529065,2.472506,BEL,COD,7224
61,46,1208,1968,333475,0,2.2253979999999998,-1.8081060000000002,DEU,COD,7224
77,46,1208,1968,178167,0,1.7160810000000002,1.713236,FRA,COD,7224
81,46,1208,1968,398902,0,2.058025,0.677452,GBR,COD,7224
111,46,1208,1968,1012184,0,1.8991650000000002,1.865793,ITA,COD,7224
231,46,1208,1968,632926,0,1.9577650000000002,1.500362,USA,COD,7224
39,47,1208,1968,180060,0,0.6867270000000001,0.846297,CAN,COG,7224
44,47,1208,1968,928,5138,-0.9004639999999999,-0.815828,CIV,COG,7224
45,47,1208,1968,33882,0,-0.448082,-0.43909899999999996,CMR,COG,7224
61,47,1208,1968,37179,0,2.2253979999999998,-1.8081060000000002,DEU,COG,7224
77,47,1208,1968,45424,18462,1.7160810000000002,1.713236,FRA,COG,7224
81,47,1208,1968,21611,0,2.058025,0.677452,GBR,COG,7224
111,47,1208,1968,142984,0,1.8991650000000002,1.865793,ITA,COG,7224
231,47,1208,1968,193507,0,1.9577650000000002,1.500362,USA,COG,7224
39,49,1208,1968,18476,0,0.6867270000000001,0.846297,CAN,COL,7224
41,49,1208,1968,986,0,2.1128139999999997,2.181377,CHE,COL,7224
53,49,1208,1968,2229,0,1.6086129999999998,2.804711,CSK,COL,7224
61,49,1208,1968,522001,0,2.2253979999999998,-1.8081060000000002,DEU,COL,7224
71,49,1208,1968,8145,0,0.781529,1.259275,ESP,COL,7224
77,49,1208,1968,35774,0,1.7160810000000002,1.713236,FRA,COL,7224
81,49,1208,1968,2373485,0,2.058025,0.677452,GBR,COL,7224
102,49,1208,1968,3072,0,0.9154209999999999,1.253378,HUN,COL,7224
111,49,1208,1968,281863,0,1.8991650000000002,1.865793,ITA,COL,7224
114,49,1208,1968,199699,0,1.844871,2.2220470000000003,JPN,COL,7224
162,49,1208,1968,2104,0,1.4081620000000001,2.841383,NLD,COL,7224
186,49,1208,1968,8941,0,0.429629,0.513075,RUS,COL,7224
208,49,1208,1968,95624,0,1.968017,2.7641270000000002,SWE,COL,7224
231,49,1208,1968,3815580,0,1.9577650000000002,1.500362,USA,COL,7224
236,49,1208,1968,0,1722,-0.7130850000000001,-0.5042939999999999,VEN,COL,7224
245,49,1208,1968,7441,0,1.0230700000000001,2.3184560000000003,YUG,COL,7224
39,52,1208,1968,2022,0,0.6867270000000001,0.846297,CAN,CRI,7224
61,52,1208,1968,50510,0,2.2253979999999998,-1.8081060000000002,DEU,CRI,7224
81,52,1208,1968,150683,0,2.058025,0.677452,GBR,CRI,7224
111,52,1208,1968,30172,0,1.8991650000000002,1.865793,ITA,CRI,7224
114,52,1208,1968,1450,0,1.844871,2.2220470000000003,JPN,CRI,7224
160,52,1208,1968,0,1779,0.141456,-0.299055,NIC,CRI,7224
162,52,1208,1968,2059,0,1.4081620000000001,2.841383,NLD,CRI,7224
169,52,1208,1968,0,611,1.151761,0.8629450000000001,PAN,CRI,7224
231,52,1208,1968,737972,0,1.9577650000000002,1.500362,USA,CRI,7224
39,54,1208,1968,26310,0,0.6867270000000001,0.846297,CAN,CUB,7224
77,54,1208,1968,979683,0,1.7160810000000002,1.713236,FRA,CUB,7224
81,54,1208,1968,23973,0,2.058025,0.677452,GBR,CUB,7224
111,54,1208,1968,346717,0,1.8991650000000002,1.865793,ITA,CUB,7224
18,58,1208,1968,5001,0,1.529065,2.472506,BEL,CYP,7224
61,58,1208,1968,32477,0,2.2253979999999998,-1.8081060000000002,DEU,CYP,7224
77,58,1208,1968,9648,0,1.7160810000000002,1.713236,FRA,CYP,7224
81,58,1208,1968,822888,4095,2.058025,0.677452,GBR,CYP,7224
111,58,1208,1968,84878,0,1.8991650000000002,1.865793,ITA,CYP,7224
231,58,1208,1968,45208,0,1.9577650000000002,1.500362,USA,CYP,7224
245,58,1208,1968,37810,0,1.0230700000000001,2.3184560000000003,YUG,CYP,7224
39,65,1208,1968,23256,0,0.6867270000000001,0.846297,CAN,DOM,7224
61,65,1208,1968,146136,0,2.2253979999999998,-1.8081060000000002,DEU,DOM,7224
77,65,1208,1968,2349,0,1.7160810000000002,1.713236,FRA,DOM,7224
81,65,1208,1968,209610,0,2.058025,0.677452,GBR,DOM,7224
111,65,1208,1968,426482,0,1.8991650000000002,1.865793,ITA,DOM,7224
114,65,1208,1968,4691,0,1.844871,2.2220470000000003,JPN,DOM,7224
231,65,1208,1968,1439408,0,1.9577650000000002,1.500362,USA,DOM,7224
18,66,1208,1968,17780,0,1.529065,2.472506,BEL,DZA,7224
41,66,1208,1968,22201,0,2.1128139999999997,2.181377,CHE,DZA,7224
61,66,1208,1968,351943,0,2.2253979999999998,-1.8081060000000002,DEU,DZA,7224
68,66,1208,1968,0,62094,0.141193,-0.395386,EGY,DZA,7224
77,66,1208,1968,3642976,0,1.7160810000000002,1.713236,FRA,DZA,7224
81,66,1208,1968,710901,0,2.058025,0.677452,GBR,DZA,7224
111,66,1208,1968,1471363,0,1.8991650000000002,1.865793,ITA,DZA,7224
185,66,1208,1968,117641,0,0.7897609999999999,0.9959479999999999,ROU,DZA,7224
186,66,1208,1968,217039,0,0.429629,0.513075,RUS,DZA,7224
208,66,1208,1968,0,2749,1.968017,2.7641270000000002,SWE,DZA,7224
223,66,1208,1968,0,852,-0.129079,-0.54896,TUN,DZA,7224
231,66,1208,1968,933599,0,1.9577650000000002,1.500362,USA,DZA,7224
245,66,1208,1968,7358,0,1.0230700000000001,2.3184560000000003,YUG,DZA,7224
14,67,1208,1968,1787,0,0.215398,0.115257,AUS,ECU,7224
15,67,1208,1968,26383,0,1.94925,1.6721810000000001,AUT,ECU,7224
61,67,1208,1968,115878,0,2.2253979999999998,-1.8081060000000002,DEU,ECU,7224
64,67,1208,1968,3344,0,1.5995489999999999,2.6483209999999997,DNK,ECU,7224
81,67,1208,1968,323818,0,2.058025,0.677452,GBR,ECU,7224
111,67,1208,1968,76687,0,1.8991650000000002,1.865793,ITA,ECU,7224
208,67,1208,1968,28701,0,1.968017,2.7641270000000002,SWE,ECU,7224
231,67,1208,1968,841525,0,1.9577650000000002,1.500362,USA,ECU,7224
61,83,1208,1968,10777,0,2.2253979999999998,-1.8081060000000002,DEU,GHA,7224
77,83,1208,1968,10655,0,1.7160810000000002,1.713236,FRA,GHA,7224
81,83,1208,1968,214119,0,2.058025,0.677452,GBR,GHA,7224
111,83,1208,1968,0,998,1.8991650000000002,1.865793,ITA,GHA,7224
114,83,1208,1968,147952,0,1.844871,2.2220470000000003,JPN,GHA,7224
162,83,1208,1968,20737,0,1.4081620000000001,2.841383,NLD,GHA,7224
231,83,1208,1968,165395,0,1.9577650000000002,1.500362,USA,GHA,7224
18,86,1208,1968,11662,0,1.529065,2.472506,BEL,GLP,7224
61,86,1208,1968,12911,0,2.2253979999999998,-1.8081060000000002,DEU,GLP,7224
77,86,1208,1968,54720,0,1.7160810000000002,1.713236,FRA,GLP,7224
81,86,1208,1968,73556,0,2.058025,0.677452,GBR,GLP,7224
94,86,1208,1968,0,564,-0.09549500000000001,-0.493262,GUF,GLP,7224
111,86,1208,1968,6308,0,1.8991650000000002,1.865793,ITA,GLP,7224
150,86,1208,1968,367,0,0.026755,-0.5054850000000001,MTQ,GLP,7224
231,86,1208,1968,159044,0,1.9577650000000002,1.500362,USA,GLP,7224
61,88,1208,1968,2184,0,2.2253979999999998,-1.8081060000000002,DEU,GNB,7224
179,88,1208,1968,28375,0,1.014702,1.024988,PRT,GNB,7224
231,88,1208,1968,50425,0,1.9577650000000002,1.500362,USA,GNB,7224
15,93,1208,1968,82482,0,1.94925,1.6721810000000001,AUT,GTM,7224
18,93,1208,1968,2845,0,1.529065,2.472506,BEL,GTM,7224
61,93,1208,1968,52312,0,2.2253979999999998,-1.8081060000000002,DEU,GTM,7224
81,93,1208,1968,430907,0,2.058025,0.677452,GBR,GTM,7224
111,93,1208,1968,47572,0,1.8991650000000002,1.865793,ITA,GTM,7224
114,93,1208,1968,919,0,1.844871,2.2220470000000003,JPN,GTM,7224
197,93,1208,1968,2138,3137,0.8662620000000001,0.791027,SLV,GTM,7224
231,93,1208,1968,693715,0,1.9577650000000002,1.500362,USA,GTM,7224
15,99,1208,1968,5658,0,1.94925,1.6721810000000001,AUT,HND,7224
18,99,1208,1968,4423,0,1.529065,2.472506,BEL,HND,7224
61,99,1208,1968,93370,0,2.2253979999999998,-1.8081060000000002,DEU,HND,7224
81,99,1208,1968,111975,0,2.058025,0.677452,GBR,HND,7224
111,99,1208,1968,18213,0,1.8991650000000002,1.865793,ITA,HND,7224
114,99,1208,1968,691,0,1.844871,2.2220470000000003,JPN,HND,7224
162,99,1208,1968,2897,0,1.4081620000000001,2.841383,NLD,HND,7224
197,99,1208,1968,19683,11911,0.8662620000000001,0.791027,SLV,HND,7224
231,99,1208,1968,905498,0,1.9577650000000002,1.500362,USA,HND,7224
250,99,1208,1968,6562,0,0.8133859999999999,0.47075900000000004,ANS,HND,7224
39,101,1208,1968,4235,0,0.6867270000000001,0.846297,CAN,HTI,7224
61,101,1208,1968,4854,0,2.2253979999999998,-1.8081060000000002,DEU,HTI,7224
231,101,1208,1968,10611,0,1.9577650000000002,1.500362,USA,HTI,7224
14,103,1208,1968,1742,0,0.215398,0.115257,AUS,IDN,7224
15,103,1208,1968,11003,0,1.94925,1.6721810000000001,AUT,IDN,7224
61,103,1208,1968,26301,0,2.2253979999999998,-1.8081060000000002,DEU,IDN,7224
77,103,1208,1968,9981,0,1.7160810000000002,1.713236,FRA,IDN,7224
81,103,1208,1968,132726,0,2.058025,0.677452,GBR,IDN,7224
114,103,1208,1968,412692,0,1.844871,2.2220470000000003,JPN,IDN,7224
153,103,1208,1968,16759,0,-0.530212,-0.618034,MYS,IDN,7224
162,103,1208,1968,1441,0,1.4081620000000001,2.841383,NLD,IDN,7224
231,103,1208,1968,245222,0,1.9577650000000002,1.500362,USA,IDN,7224
15,106,1208,1968,8717,0,1.94925,1.6721810000000001,AUT,IRL,7224
18,106,1208,1968,157940,0,1.529065,2.472506,BEL,IRL,7224
53,106,1208,1968,118731,0,1.6086129999999998,2.804711,CSK,IRL,7224
61,106,1208,1968,78645,0,2.2253979999999998,-1.8081060000000002,DEU,IRL,7224
77,106,1208,1968,5720,0,1.7160810000000002,1.713236,FRA,IRL,7224
81,106,1208,1968,5171968,98128,2.058025,0.677452,GBR,IRL,7224
111,106,1208,1968,36789,0,1.8991650000000002,1.865793,ITA,IRL,7224
114,106,1208,1968,619,0,1.844871,2.2220470000000003,JPN,IRL,7224
162,106,1208,1968,23375,0,1.4081620000000001,2.841383,NLD,IRL,7224
177,106,1208,1968,1944,0,0.9209379999999999,1.762821,POL,IRL,7224
231,106,1208,1968,52377,31342,1.9577650000000002,1.500362,USA,IRL,7224
18,109,1208,1968,29302,0,1.529065,2.472506,BEL,ISL,7224
39,109,1208,1968,678,0,0.6867270000000001,0.846297,CAN,ISL,7224
61,109,1208,1968,30451,495,2.2253979999999998,-1.8081060000000002,DEU,ISL,7224
64,109,1208,1968,684,0,1.5995489999999999,2.6483209999999997,DNK,ISL,7224
77,109,1208,1968,11765,0,1.7160810000000002,1.713236,FRA,ISL,7224
81,109,1208,1968,222021,4026,2.058025,0.677452,GBR,ISL,7224
111,109,1208,1968,1746,0,1.8991650000000002,1.865793,ITA,ISL,7224
186,109,1208,1968,3084,0,0.429629,0.513075,RUS,ISL,7224
231,109,1208,1968,63173,0,1.9577650000000002,1.500362,USA,ISL,7224
18,112,1208,1968,6104,0,1.529065,2.472506,BEL,JAM,7224
39,112,1208,1968,3754,0,0.6867270000000001,0.846297,CAN,JAM,7224
61,112,1208,1968,11387,0,2.2253979999999998,-1.8081060000000002,DEU,JAM,7224
81,112,1208,1968,224882,0,2.058025,0.677452,GBR,JAM,7224
231,112,1208,1968,353970,0,1.9577650000000002,1.500362,USA,JAM,7224
61,121,1208,1968,17779,0,2.2253979999999998,-1.8081060000000002,DEU,KOR,7224
77,121,1208,1968,1136,0,1.7160810000000002,1.713236,FRA,KOR,7224
81,121,1208,1968,53567,0,2.058025,0.677452,GBR,KOR,7224
90,121,1208,1968,0,37307,0.120538,-0.135025,GRC,KOR,7224
97,121,1208,1968,20072,0,1.397888,1.218178,HKG,KOR,7224
114,121,1208,1968,606085,0,1.844871,2.2220470000000003,JPN,KOR,7224
231,121,1208,1968,5954320,0,1.9577650000000002,1.500362,USA,KOR,7224
250,121,1208,1968,8210,0,0.8133859999999999,0.47075900000000004,ANS,KOR,7224
44,125,1208,1968,19593,0,-0.9004639999999999,-0.815828,CIV,LBR,7224
61,125,1208,1968,11554,0,2.2253979999999998,-1.8081060000000002,DEU,LBR,7224
81,125,1208,1968,9464,0,2.058025,0.677452,GBR,LBR,7224
231,125,1208,1968,779751,0,1.9577650000000002,1.500362,USA,LBR,7224
18,138,1208,1968,43085,0,1.529065,2.472506,BEL,MEX,7224
31,138,1208,1968,0,816,-0.8851379999999999,-0.772063,BOL,MEX,7224
39,138,1208,1968,44504,0,0.6867270000000001,0.846297,CAN,MEX,7224
53,138,1208,1968,155939,0,1.6086129999999998,2.804711,CSK,MEX,7224
61,138,1208,1968,5949,0,2.2253979999999998,-1.8081060000000002,DEU,MEX,7224
77,138,1208,1968,32148,0,1.7160810000000002,1.713236,FRA,MEX,7224
81,138,1208,1968,2918719,0,2.058025,0.677452,GBR,MEX,7224
111,138,1208,1968,32130,0,1.8991650000000002,1.865793,ITA,MEX,7224
114,138,1208,1968,372925,0,1.844871,2.2220470000000003,JPN,MEX,7224
160,138,1208,1968,0,1794,0.141456,-0.299055,NIC,MEX,7224
231,138,1208,1968,10555861,78798,1.9577650000000002,1.500362,USA,MEX,7224
236,138,1208,1968,0,823,-0.7130850000000001,-0.5042939999999999,VEN,MEX,7224
250,138,1208,1968,29795,0,0.8133859999999999,0.47075900000000004,ANS,MEX,7224
44,141,1208,1968,2457,0,-0.9004639999999999,-0.815828,CIV,MLI,7224
61,141,1208,1968,635,0,2.2253979999999998,-1.8081060000000002,DEU,MLI,7224
77,141,1208,1968,5975,0,1.7160810000000002,1.713236,FRA,MLI,7224
191,141,1208,1968,2549,0,-0.380494,-0.698573,SEN,MLI,7224
14,142,1208,1968,543,0,0.215398,0.115257,AUS,MLT,7224
61,142,1208,1968,2035,0,2.2253979999999998,-1.8081060000000002,DEU,MLT,7224
81,142,1208,1968,24248,0,2.058025,0.677452,GBR,MLT,7224
111,142,1208,1968,14492,0,1.8991650000000002,1.865793,ITA,MLT,7224
114,142,1208,1968,708,0,1.844871,2.2220470000000003,JPN,MLT,7224
126,142,1208,1968,0,659,-1.864928,-0.47663500000000003,LBY,MLT,7224
231,142,1208,1968,698,0,1.9577650000000002,1.500362,USA,MLT,7224
61,147,1208,1968,256135,0,2.2253979999999998,-1.8081060000000002,DEU,MOZ,7224
77,147,1208,1968,86763,0,1.7160810000000002,1.713236,FRA,MOZ,7224
81,147,1208,1968,1410720,0,2.058025,0.677452,GBR,MOZ,7224
111,147,1208,1968,18548,0,1.8991650000000002,1.865793,ITA,MOZ,7224
114,147,1208,1968,1885,0,1.844871,2.2220470000000003,JPN,MOZ,7224
231,147,1208,1968,681157,0,1.9577650000000002,1.500362,USA,MOZ,7224
61,150,1208,1968,11701,0,2.2253979999999998,-1.8081060000000002,DEU,MTQ,7224
77,150,1208,1968,66065,0,1.7160810000000002,1.713236,FRA,MTQ,7224
81,150,1208,1968,22203,0,2.058025,0.677452,GBR,MTQ,7224
86,150,1208,1968,0,367,-0.408167,-0.372355,GLP,MTQ,7224
111,150,1208,1968,16500,0,1.8991650000000002,1.865793,ITA,MTQ,7224
231,150,1208,1968,27016,0,1.9577650000000002,1.500362,USA,MTQ,7224
14,153,1208,1968,6416,0,0.215398,0.115257,AUS,MYS,7224
18,153,1208,1968,2596,0,1.529065,2.472506,BEL,MYS,7224
34,153,1208,1968,0,1184,-1.0804770000000001,-0.305034,BRN,MYS,7224
61,153,1208,1968,20897,0,2.2253979999999998,-1.8081060000000002,DEU,MYS,7224
81,153,1208,1968,941758,0,2.058025,0.677452,GBR,MYS,7224
97,153,1208,1968,1573,0,1.397888,1.218178,HKG,MYS,7224
103,153,1208,1968,0,16759,-1.210591,-0.7402310000000001,IDN,MYS,7224
114,153,1208,1968,1906861,0,1.844871,2.2220470000000003,JPN,MYS,7224
143,153,1208,1968,1359,0,-0.96686,-0.782324,MMR,MYS,7224
174,153,1208,1968,0,8171,-0.38509499999999997,-0.708784,PHL,MYS,7224
185,153,1208,1968,19212,0,0.7897609999999999,0.9959479999999999,ROU,MYS,7224
186,153,1208,1968,1284,0,0.429629,0.513075,RUS,MYS,7224
192,153,1208,1968,186539,141427,0.34532199999999996,0.624988,SGP,MYS,7224
216,153,1208,1968,8055,4035,-0.59446,-0.7126439999999999,THA,MYS,7224
231,153,1208,1968,933719,0,1.9577650000000002,1.500362,USA,MYS,7224
14,159,1208,1968,15338,0,0.215398,0.115257,AUS,NGA,7224
39,159,1208,1968,4701,0,0.6867270000000001,0.846297,CAN,NGA,7224
53,159,1208,1968,1670,0,1.6086129999999998,2.804711,CSK,NGA,7224
61,159,1208,1968,7439,0,2.2253979999999998,-1.8081060000000002,DEU,NGA,7224
81,159,1208,1968,193415,0,2.058025,0.677452,GBR,NGA,7224
111,159,1208,1968,415206,0,1.8991650000000002,1.865793,ITA,NGA,7224
186,159,1208,1968,4074,0,0.429629,0.513075,RUS,NGA,7224
231,159,1208,1968,278416,0,1.9577650000000002,1.500362,USA,NGA,7224
52,160,1208,1968,1779,0,0.926132,0.544143,CRI,NIC,7224
61,160,1208,1968,75577,0,2.2253979999999998,-1.8081060000000002,DEU,NIC,7224
77,160,1208,1968,465,0,1.7160810000000002,1.713236,FRA,NIC,7224
81,160,1208,1968,515526,0,2.058025,0.677452,GBR,NIC,7224
111,160,1208,1968,20915,0,1.8991650000000002,1.865793,ITA,NIC,7224
138,160,1208,1968,1794,0,0.306611,0.36893000000000004,MEX,NIC,7224
162,160,1208,1968,10548,0,1.4081620000000001,2.841383,NLD,NIC,7224
169,160,1208,1968,1869,0,1.151761,0.8629450000000001,PAN,NIC,7224
197,160,1208,1968,857,0,0.8662620000000001,0.791027,SLV,NIC,7224
231,160,1208,1968,608325,0,1.9577650000000002,1.500362,USA,NIC,7224
14,166,1208,1968,153608,6932,0.215398,0.115257,AUS,NZL,7224
18,166,1208,1968,3686,0,1.529065,2.472506,BEL,NZL,7224
39,166,1208,1968,46055,0,0.6867270000000001,0.846297,CAN,NZL,7224
53,166,1208,1968,9925,0,1.6086129999999998,2.804711,CSK,NZL,7224
61,166,1208,1968,38518,0,2.2253979999999998,-1.8081060000000002,DEU,NZL,7224
75,166,1208,1968,0,3021,-0.04004,-0.562962,FJI,NZL,7224
77,166,1208,1968,799,0,1.7160810000000002,1.713236,FRA,NZL,7224
81,166,1208,1968,3474471,3508,2.058025,0.677452,GBR,NZL,7224
111,166,1208,1968,257089,0,1.8991650000000002,1.865793,ITA,NZL,7224
114,166,1208,1968,122877,0,1.844871,2.2220470000000003,JPN,NZL,7224
231,166,1208,1968,967508,0,1.9577650000000002,1.500362,USA,NZL,7224
240,166,1208,1968,0,620,-1.165284,-0.661817,VUT,NZL,7224
18,169,1208,1968,4933,0,1.529065,2.472506,BEL,PAN,7224
52,169,1208,1968,611,0,0.926132,0.544143,CRI,PAN,7224
61,169,1208,1968,56901,0,2.2253979999999998,-1.8081060000000002,DEU,PAN,7224
81,169,1208,1968,182791,0,2.058025,0.677452,GBR,PAN,7224
111,169,1208,1968,3914,0,1.8991650000000002,1.865793,ITA,PAN,7224
114,169,1208,1968,62044,0,1.844871,2.2220470000000003,JPN,PAN,7224
160,169,1208,1968,0,1869,0.141456,-0.299055,NIC,PAN,7224
172,169,1208,1968,1583,0,0.984267,0.41289499999999996,PCZ,PAN,7224
231,169,1208,1968,153134,0,1.9577650000000002,1.500362,USA,PAN,7224
250,169,1208,1968,4013,0,0.8133859999999999,0.47075900000000004,ANS,PAN,7224
114,172,1208,1968,619,0,1.844871,2.2220470000000003,JPN,PCZ,7224
169,172,1208,1968,0,1583,1.151761,0.8629450000000001,PAN,PCZ,7224
18,173,1208,1968,1692,0,1.529065,2.472506,BEL,PER,7224
31,173,1208,1968,0,37408,-0.8851379999999999,-0.772063,BOL,PER,7224
39,173,1208,1968,13267,0,0.6867270000000001,0.846297,CAN,PER,7224
61,173,1208,1968,10292,0,2.2253979999999998,-1.8081060000000002,DEU,PER,7224
77,173,1208,1968,987,0,1.7160810000000002,1.713236,FRA,PER,7224
81,173,1208,1968,179461,0,2.058025,0.677452,GBR,PER,7224
111,173,1208,1968,85092,0,1.8991650000000002,1.865793,ITA,PER,7224
114,173,1208,1968,7849,0,1.844871,2.2220470000000003,JPN,PER,7224
208,173,1208,1968,32853,0,1.968017,2.7641270000000002,SWE,PER,7224
231,173,1208,1968,680839,0,1.9577650000000002,1.500362,USA,PER,7224
14,174,1208,1968,20728,0,0.215398,0.115257,AUS,PHL,7224
18,174,1208,1968,1191,0,1.529065,2.472506,BEL,PHL,7224
39,174,1208,1968,20014,0,0.6867270000000001,0.846297,CAN,PHL,7224
41,174,1208,1968,4252,0,2.1128139999999997,2.181377,CHE,PHL,7224
61,174,1208,1968,437675,0,2.2253979999999998,-1.8081060000000002,DEU,PHL,7224
71,174,1208,1968,1223,0,0.781529,1.259275,ESP,PHL,7224
81,174,1208,1968,1493541,0,2.058025,0.677452,GBR,PHL,7224
97,174,1208,1968,62407,0,1.397888,1.218178,HKG,PHL,7224
111,174,1208,1968,24985,0,1.8991650000000002,1.865793,ITA,PHL,7224
114,174,1208,1968,1434488,0,1.844871,2.2220470000000003,JPN,PHL,7224
153,174,1208,1968,8171,0,-0.530212,-0.618034,MYS,PHL,7224
162,174,1208,1968,114520,0,1.4081620000000001,2.841383,NLD,PHL,7224
163,174,1208,1968,10284,0,1.258037,1.6438409999999999,NOR,PHL,7224
192,174,1208,1968,24960,0,0.34532199999999996,0.624988,SGP,PHL,7224
208,174,1208,1968,30691,0,1.968017,2.7641270000000002,SWE,PHL,7224
231,174,1208,1968,4007205,0,1.9577650000000002,1.500362,USA,PHL,7224
239,174,1208,1968,30923,0,0.414368,-0.21605500000000002,VNM,PHL,7224
250,174,1208,1968,36443,0,0.8133859999999999,0.47075900000000004,ANS,PHL,7224
8,180,1208,1968,70221,0,0.148111,0.088328,ARG,PRY,7224
15,180,1208,1968,37596,0,1.94925,1.6721810000000001,AUT,PRY,7224
18,180,1208,1968,5421,0,1.529065,2.472506,BEL,PRY,7224
32,180,1208,1968,22109,0,-0.325932,-0.334875,BRA,PRY,7224
61,180,1208,1968,19204,0,2.2253979999999998,-1.8081060000000002,DEU,PRY,7224
77,180,1208,1968,23045,0,1.7160810000000002,1.713236,FRA,PRY,7224
81,180,1208,1968,25902,0,2.058025,0.677452,GBR,PRY,7224
111,180,1208,1968,253395,0,1.8991650000000002,1.865793,ITA,PRY,7224
231,180,1208,1968,293628,0,1.9577650000000002,1.500362,USA,PRY,7224
19,191,1208,1968,0,18092,-0.820837,-0.669663,BEN,SEN,7224
44,191,1208,1968,0,39204,-0.9004639999999999,-0.815828,CIV,SEN,7224
61,191,1208,1968,10380,0,2.2253979999999998,-1.8081060000000002,DEU,SEN,7224
77,191,1208,1968,56211,0,1.7160810000000002,1.713236,FRA,SEN,7224
81,191,1208,1968,23027,0,2.058025,0.677452,GBR,SEN,7224
111,191,1208,1968,9286,0,1.8991650000000002,1.865793,ITA,SEN,7224
141,191,1208,1968,0,2549,-0.625304,-0.751379,MLI,SEN,7224
148,191,1208,1968,19206,22748,-0.584021,-0.6288090000000001,MRT,SEN,7224
231,191,1208,1968,367725,0,1.9577650000000002,1.500362,USA,SEN,7224
81,196,1208,1968,182660,0,2.058025,0.677452,GBR,SLE,7224
231,196,1208,1968,59802,0,1.9577650000000002,1.500362,USA,SLE,7224
61,197,1208,1968,17191,0,2.2253979999999998,-1.8081060000000002,DEU,SLV,7224
77,197,1208,1968,5299,0,1.7160810000000002,1.713236,FRA,SLV,7224
81,197,1208,1968,52443,0,2.058025,0.677452,GBR,SLV,7224
93,197,1208,1968,3137,2138,0.5246930000000001,0.169407,GTM,SLV,7224
99,197,1208,1968,11911,19683,-0.115754,-0.5740890000000001,HND,SLV,7224
111,197,1208,1968,27139,0,1.8991650000000002,1.865793,ITA,SLV,7224
160,197,1208,1968,0,857,0.141456,-0.299055,NIC,SLV,7224
162,197,1208,1968,1002,0,1.4081620000000001,2.841383,NLD,SLV,7224
231,197,1208,1968,62608,1734,1.9577650000000002,1.500362,USA,SLV,7224
61,205,1208,1968,29044,0,2.2253979999999998,-1.8081060000000002,DEU,SUR,7224
81,205,1208,1968,220407,0,2.058025,0.677452,GBR,SUR,7224
111,205,1208,1968,19224,0,1.8991650000000002,1.865793,ITA,SUR,7224
162,205,1208,1968,3490,0,1.4081620000000001,2.841383,NLD,SUR,7224
231,205,1208,1968,340911,0,1.9577650000000002,1.500362,USA,SUR,7224
21,214,1208,1968,0,31191,-0.21085,-0.5524640000000001,BFA,TCD,7224
45,214,1208,1968,32768,0,-0.448082,-0.43909899999999996,CMR,TCD,7224
61,214,1208,1968,2485,0,2.2253979999999998,-1.8081060000000002,DEU,TCD,7224
77,214,1208,1968,1844,0,1.7160810000000002,1.713236,FRA,TCD,7224
81,214,1208,1968,1648,0,2.058025,0.677452,GBR,TCD,7224
231,214,1208,1968,4431,0,1.9577650000000002,1.500362,USA,TCD,7224
19,215,1208,1968,9730,0,-0.820837,-0.669663,BEN,TGO,7224
44,215,1208,1968,24588,1591,-0.9004639999999999,-0.815828,CIV,TGO,7224
61,215,1208,1968,6673,0,2.2253979999999998,-1.8081060000000002,DEU,TGO,7224
77,215,1208,1968,18142,0,1.7160810000000002,1.713236,FRA,TGO,7224
81,215,1208,1968,997,0,2.058025,0.677452,GBR,TGO,7224
111,215,1208,1968,26640,0,1.8991650000000002,1.865793,ITA,TGO,7224
231,215,1208,1968,29780,0,1.9577650000000002,1.500362,USA,TGO,7224
8,230,1208,1968,4698,0,0.148111,0.088328,ARG,URY,7224
61,230,1208,1968,8428,0,2.2253979999999998,-1.8081060000000002,DEU,URY,7224
71,230,1208,1968,46413,0,0.781529,1.259275,ESP,URY,7224
81,230,1208,1968,77704,0,2.058025,0.677452,GBR,URY,7224
111,230,1208,1968,11256,0,1.8991650000000002,1.865793,ITA,URY,7224
231,230,1208,1968,125852,0,1.9577650000000002,1.500362,USA,URY,7224
6,236,1208,1968,0,3239,0.14161500000000002,-0.24035399999999998,ANT,VEN,7224
14,236,1208,1968,37513,0,0.215398,0.115257,AUS,VEN,7224
15,236,1208,1968,738,0,1.94925,1.6721810000000001,AUT,VEN,7224
18,236,1208,1968,2001,0,1.529065,2.472506,BEL,VEN,7224
32,236,1208,1968,11824,0,-0.325932,-0.334875,BRA,VEN,7224
39,236,1208,1968,9635,0,0.6867270000000001,0.846297,CAN,VEN,7224
49,236,1208,1968,1722,0,-0.179843,-0.5681729999999999,COL,VEN,7224
53,236,1208,1968,17582,0,1.6086129999999998,2.804711,CSK,VEN,7224
61,236,1208,1968,385981,0,2.2253979999999998,-1.8081060000000002,DEU,VEN,7224
71,236,1208,1968,4944,497,0.781529,1.259275,ESP,VEN,7224
77,236,1208,1968,2267,0,1.7160810000000002,1.713236,FRA,VEN,7224
81,236,1208,1968,1873370,4922,2.058025,0.677452,GBR,VEN,7224
111,236,1208,1968,820625,3130,1.8991650000000002,1.865793,ITA,VEN,7224
114,236,1208,1968,2333,0,1.844871,2.2220470000000003,JPN,VEN,7224
138,236,1208,1968,823,0,0.306611,0.36893000000000004,MEX,VEN,7224
162,236,1208,1968,22276,0,1.4081620000000001,2.841383,NLD,VEN,7224
177,236,1208,1968,24231,0,0.9209379999999999,1.762821,POL,VEN,7224
185,236,1208,1968,119470,0,0.7897609999999999,0.9959479999999999,ROU,VEN,7224
222,236,1208,1968,2557,0,0.388499,-0.182041,TTO,VEN,7224
231,236,1208,1968,5347414,17222,1.9577650000000002,1.500362,USA,VEN,7224
245,236,1208,1968,100421,0,1.0230700000000001,2.3184560000000003,YUG,VEN,7224
246,236,1208,1968,58745,0,-0.397811,-0.621199,ZAF,VEN,7224
81,243,1208,1968,4046,0,2.058025,0.677452,GBR,YEM,7224
111,243,1208,1968,18030,0,1.8991650000000002,1.865793,ITA,YEM,7224
14,246,1208,1968,11987,0,0.215398,0.115257,AUS,ZAF,7224
18,246,1208,1968,54289,0,1.529065,2.472506,BEL,ZAF,7224
39,246,1208,1968,588,0,0.6867270000000001,0.846297,CAN,ZAF,7224
61,246,1208,1968,2718253,0,2.2253979999999998,-1.8081060000000002,DEU,ZAF,7224
77,246,1208,1968,116481,0,1.7160810000000002,1.713236,FRA,ZAF,7224
81,246,1208,1968,10132451,0,2.058025,0.677452,GBR,ZAF,7224
111,246,1208,1968,3061464,0,1.8991650000000002,1.865793,ITA,ZAF,7224
114,246,1208,1968,1064293,0,1.844871,2.2220470000000003,JPN,ZAF,7224
152,246,1208,1968,0,10488,-0.6704289999999999,-0.747872,MWI,ZAF,7224
184,246,1208,1968,0,6158,-0.704149,-0.416626,REU,ZAF,7224
216,246,1208,1968,0,8952,-0.59446,-0.7126439999999999,THA,ZAF,7224
231,246,1208,1968,6409552,0,1.9577650000000002,1.500362,USA,ZAF,7224
236,246,1208,1968,0,58745,-0.7130850000000001,-0.5042939999999999,VEN,ZAF,7224
61,247,1208,1968,1578,0,2.2253979999999998,-1.8081060000000002,DEU,ZMB,7224
77,247,1208,1968,4971,0,1.7160810000000002,1.713236,FRA,ZMB,7224
81,247,1208,1968,588914,0,2.058025,0.677452,GBR,ZMB,7224
111,247,1208,1968,5445,0,1.8991650000000002,1.865793,ITA,ZMB,7224
114,247,1208,1968,35360,0,1.844871,2.2220470000000003,JPN,ZMB,7224
152,247,1208,1968,1690,0,-0.6704289999999999,-0.747872,MWI,ZMB,7224
231,247,1208,1968,767745,0,1.9577650000000002,1.500362,USA,ZMB,7224
15,113,1208,1968,4093,0,1.94925,1.6721810000000001,AUT,JOR,7224
18,113,1208,1968,2061,0,1.529065,2.472506,BEL,JOR,7224
53,113,1208,1968,5864,0,1.6086129999999998,2.804711,CSK,JOR,7224
61,113,1208,1968,26406,0,2.2253979999999998,-1.8081060000000002,DEU,JOR,7224
77,113,1208,1968,43731,0,1.7160810000000002,1.713236,FRA,JOR,7224
81,113,1208,1968,234297,0,2.058025,0.677452,GBR,JOR,7224
111,113,1208,1968,31597,0,1.8991650000000002,1.865793,ITA,JOR,7224
124,113,1208,1968,15314,0,0.7129770000000001,1.136677,LBN,JOR,7224
186,113,1208,1968,22070,0,0.429629,0.513075,RUS,JOR,7224
188,113,1208,1968,0,146695,-1.510775,-0.48828699999999997,SAU,JOR,7224
208,113,1208,1968,56097,0,1.968017,2.7641270000000002,SWE,JOR,7224
231,113,1208,1968,49195,0,1.9577650000000002,1.500362,USA,JOR,7224
18,188,1208,1968,274751,0,1.529065,2.472506,BEL,SAU,7224
61,188,1208,1968,49787,0,2.2253979999999998,-1.8081060000000002,DEU,SAU,7224
71,188,1208,1968,3625,0,0.781529,1.259275,ESP,SAU,7224
77,188,1208,1968,1236,0,1.7160810000000002,1.713236,FRA,SAU,7224
81,188,1208,1968,402330,0,2.058025,0.677452,GBR,SAU,7224
111,188,1208,1968,100050,0,1.8991650000000002,1.865793,ITA,SAU,7224
113,188,1208,1968,146695,0,0.402134,-0.18620599999999998,JOR,SAU,7224
114,188,1208,1968,265456,0,1.844871,2.2220470000000003,JPN,SAU,7224
122,188,1208,1968,75753,0,-1.2088969999999999,-0.480887,KWT,SAU,7224
124,188,1208,1968,843359,0,0.7129770000000001,1.136677,LBN,SAU,7224
162,188,1208,1968,45288,0,1.4081620000000001,2.841383,NLD,SAU,7224
208,188,1208,1968,1815,0,1.968017,2.7641270000000002,SWE,SAU,7224
212,188,1208,1968,3010,0,-0.14453,-0.669121,SYR,SAU,7224
231,188,1208,1968,829072,0,1.9577650000000002,1.500362,USA,SAU,7224
249,188,1208,1968,1311,0,1.152169,1.691066,TWN,SAU,7224
61,190,1208,1968,69618,0,2.2253979999999998,-1.8081060000000002,DEU,SDN,7224
81,190,1208,1968,545455,0,2.058025,0.677452,GBR,SDN,7224
185,190,1208,1968,4857,0,0.7897609999999999,0.9959479999999999,ROU,SDN,7224
186,190,1208,1968,1685,0,0.429629,0.513075,RUS,SDN,7224
231,190,1208,1968,338750,0,1.9577650000000002,1.500362,USA,SDN,7224
245,190,1208,1968,28801,0,1.0230700000000001,2.3184560000000003,YUG,SDN,7224
15,23,1208,1968,0,1162,1.94925,1.6721810000000001,AUT,BGR,7224
61,23,1208,1968,5793,1463,2.2253979999999998,-1.8081060000000002,DEU,BGR,7224
77,23,1208,1968,0,12009,1.7160810000000002,1.713236,FRA,BGR,7224
104,23,1208,1968,0,699,0.1404,0.23993299999999998,IND,BGR,7224
111,23,1208,1968,1320,0,1.8991650000000002,1.865793,ITA,BGR,7224
124,23,1208,1968,0,1690,0.7129770000000001,1.136677,LBN,BGR,7224
126,23,1208,1968,0,6942,-1.864928,-0.47663500000000003,LBY,BGR,7224
168,23,1208,1968,0,1722,0.17055499999999998,-0.249302,PAK,BGR,7224
231,23,1208,1968,51174,0,1.9577650000000002,1.500362,USA,BGR,7224
15,31,1208,1968,9798,0,1.94925,1.6721810000000001,AUT,BOL,7224
53,31,1208,1968,29459,0,1.6086129999999998,2.804711,CSK,BOL,7224
61,31,1208,1968,19242,0,2.2253979999999998,-1.8081060000000002,DEU,BOL,7224
71,31,1208,1968,1290,0,0.781529,1.259275,ESP,BOL,7224
81,31,1208,1968,64551,0,2.058025,0.677452,GBR,BOL,7224
111,31,1208,1968,1779,0,1.8991650000000002,1.865793,ITA,BOL,7224
114,31,1208,1968,41852,0,1.844871,2.2220470000000003,JPN,BOL,7224
138,31,1208,1968,816,0,0.306611,0.36893000000000004,MEX,BOL,7224
162,31,1208,1968,2392,0,1.4081620000000001,2.841383,NLD,BOL,7224
173,31,1208,1968,37408,0,-0.676242,-0.815086,PER,BOL,7224
231,31,1208,1968,482900,0,1.9577650000000002,1.500362,USA,BOL,7224
61,96,1208,1968,14946,0,2.2253979999999998,-1.8081060000000002,DEU,GUY,7224
81,96,1208,1968,450833,0,2.058025,0.677452,GBR,GUY,7224
111,96,1208,1968,1626,0,1.8991650000000002,1.865793,ITA,GUY,7224
114,96,1208,1968,908,0,1.844871,2.2220470000000003,JPN,GUY,7224
231,96,1208,1968,41470,0,1.9577650000000002,1.500362,USA,GUY,7224
61,108,1208,1968,2759,0,2.2253979999999998,-1.8081060000000002,DEU,IRQ,7224
74,108,1208,1968,128010,0,1.401928,1.205835,FIN,IRQ,7224
77,108,1208,1968,375878,0,1.7160810000000002,1.713236,FRA,IRQ,7224
81,108,1208,1968,597316,0,2.058025,0.677452,GBR,IRQ,7224
111,108,1208,1968,64913,0,1.8991650000000002,1.865793,ITA,IRQ,7224
114,108,1208,1968,3860,0,1.844871,2.2220470000000003,JPN,IRQ,7224
231,108,1208,1968,113247,0,1.9577650000000002,1.500362,USA,IRQ,7224
15,110,1208,1968,5623,0,1.94925,1.6721810000000001,AUT,ISR,7224
18,110,1208,1968,159458,0,1.529065,2.472506,BEL,ISR,7224
39,110,1208,1968,2538,0,0.6867270000000001,0.846297,CAN,ISR,7224
41,110,1208,1968,59274,0,2.1128139999999997,2.181377,CHE,ISR,7224
61,110,1208,1968,200956,0,2.2253979999999998,-1.8081060000000002,DEU,ISR,7224
77,110,1208,1968,38090,0,1.7160810000000002,1.713236,FRA,ISR,7224
81,110,1208,1968,931764,0,2.058025,0.677452,GBR,ISR,7224
90,110,1208,1968,0,1701,0.120538,-0.135025,GRC,ISR,7224
111,110,1208,1968,373693,0,1.8991650000000002,1.865793,ITA,ISR,7224
162,110,1208,1968,532,0,1.4081620000000001,2.841383,NLD,ISR,7224
185,110,1208,1968,138801,0,0.7897609999999999,0.9959479999999999,ROU,ISR,7224
231,110,1208,1968,2516492,4028,1.9577650000000002,1.500362,USA,ISR,7224
18,116,1208,1968,14382,0,1.529065,2.472506,BEL,KEN,7224
61,116,1208,1968,163094,0,2.2253979999999998,-1.8081060000000002,DEU,KEN,7224
81,116,1208,1968,1391990,0,2.058025,0.677452,GBR,KEN,7224
111,116,1208,1968,19379,0,1.8991650000000002,1.865793,ITA,KEN,7224
231,116,1208,1968,315764,0,1.9577650000000002,1.500362,USA,KEN,7224
81,122,1208,1968,326448,0,2.058025,0.677452,GBR,KWT,7224
111,122,1208,1968,0,3503,1.8991650000000002,1.865793,ITA,KWT,7224
114,122,1208,1968,14282,0,1.844871,2.2220470000000003,JPN,KWT,7224
124,122,1208,1968,4372,0,0.7129770000000001,1.136677,LBN,KWT,7224
168,122,1208,1968,13777,0,0.17055499999999998,-0.249302,PAK,KWT,7224
188,122,1208,1968,0,75753,-1.510775,-0.48828699999999997,SAU,KWT,7224
231,122,1208,1968,110494,0,1.9577650000000002,1.500362,USA,KWT,7224
14,128,1208,1968,40063,0,0.215398,0.115257,AUS,LKA,7224
18,128,1208,1968,1706,0,1.529065,2.472506,BEL,LKA,7224
39,128,1208,1968,610,0,0.6867270000000001,0.846297,CAN,LKA,7224
43,128,1208,1968,590,0,0.610282,1.61494,CHN,LKA,7224
77,128,1208,1968,26126,0,1.7160810000000002,1.713236,FRA,LKA,7224
81,128,1208,1968,1014940,0,2.058025,0.677452,GBR,LKA,7224
111,128,1208,1968,33845,0,1.8991650000000002,1.865793,ITA,LKA,7224
114,128,1208,1968,259684,0,1.844871,2.2220470000000003,JPN,LKA,7224
177,128,1208,1968,5446,0,0.9209379999999999,1.762821,POL,LKA,7224
186,128,1208,1968,13755,0,0.429629,0.513075,RUS,LKA,7224
231,128,1208,1968,257825,0,1.9577650000000002,1.500362,USA,LKA,7224
61,167,1208,1968,11863,0,2.2253979999999998,-1.8081060000000002,DEU,OMN,7224
77,167,1208,1968,10657,0,1.7160810000000002,1.713236,FRA,OMN,7224
81,167,1208,1968,69343,0,2.058025,0.677452,GBR,OMN,7224
168,167,1208,1968,22013,0,0.17055499999999998,-0.249302,PAK,OMN,7224
14,176,1208,1968,422972,0,0.215398,0.115257,AUS,PNG,7224
81,176,1208,1968,285559,0,2.058025,0.677452,GBR,PNG,7224
114,176,1208,1968,115642,0,1.844871,2.2220470000000003,JPN,PNG,7224
81,183,1208,1968,35890,0,2.058025,0.677452,GBR,QAT,7224
114,183,1208,1968,34220,0,1.844871,2.2220470000000003,JPN,QAT,7224
231,183,1208,1968,604001,0,1.9577650000000002,1.500362,USA,QAT,7224
14,185,1208,1968,0,38938,0.215398,0.115257,AUS,ROU,7224
18,185,1208,1968,0,4209,1.529065,2.472506,BEL,ROU,7224
41,185,1208,1968,4131,0,2.1128139999999997,2.181377,CHE,ROU,7224
61,185,1208,1968,92157,1972,2.2253979999999998,-1.8081060000000002,DEU,ROU,7224
64,185,1208,1968,0,53198,1.5995489999999999,2.6483209999999997,DNK,ROU,7224
66,185,1208,1968,0,117641,-0.6151939999999999,-0.68092,DZA,ROU,7224
71,185,1208,1968,0,83741,0.781529,1.259275,ESP,ROU,7224
77,185,1208,1968,6988,125392,1.7160810000000002,1.713236,FRA,ROU,7224
90,185,1208,1968,0,106437,0.120538,-0.135025,GRC,ROU,7224
104,185,1208,1968,0,1148,0.1404,0.23993299999999998,IND,ROU,7224
107,185,1208,1968,0,2581779,-0.731453,-0.764668,IRN,ROU,7224
110,185,1208,1968,0,138801,1.105346,0.8750629999999999,ISR,ROU,7224
111,185,1208,1968,148510,24276,1.8991650000000002,1.865793,ITA,ROU,7224
124,185,1208,1968,0,867,0.7129770000000001,1.136677,LBN,ROU,7224
126,185,1208,1968,0,570,-1.864928,-0.47663500000000003,LBY,ROU,7224
153,185,1208,1968,0,19212,-0.530212,-0.618034,MYS,ROU,7224
162,185,1208,1968,0,53889,1.4081620000000001,2.841383,NLD,ROU,7224
168,185,1208,1968,0,17018,0.17055499999999998,-0.249302,PAK,ROU,7224
179,185,1208,1968,0,2111,1.014702,1.024988,PRT,ROU,7224
190,185,1208,1968,0,4857,-1.18039,-0.908206,SDN,ROU,7224
236,185,1208,1968,0,119470,-0.7130850000000001,-0.5042939999999999,VEN,ROU,7224
61,212,1208,1968,1643,0,2.2253979999999998,-1.8081060000000002,DEU,SYR,7224
81,212,1208,1968,14571,0,2.058025,0.677452,GBR,SYR,7224
111,212,1208,1968,0,10228,1.8991650000000002,1.865793,ITA,SYR,7224
124,212,1208,1968,54134,0,0.7129770000000001,1.136677,LBN,SYR,7224
188,212,1208,1968,0,3010,-1.510775,-0.48828699999999997,SAU,SYR,7224
231,212,1208,1968,51101,0,1.9577650000000002,1.500362,USA,SYR,7224
245,212,1208,1968,2663,0,1.0230700000000001,2.3184560000000003,YUG,SYR,7224
15,224,1208,1968,95229,0,1.94925,1.6721810000000001,AUT,TUR,7224
18,224,1208,1968,23870,0,1.529065,2.472506,BEL,TUR,7224
61,224,1208,1968,193741,0,2.2253979999999998,-1.8081060000000002,DEU,TUR,7224
77,224,1208,1968,3873,0,1.7160810000000002,1.713236,FRA,TUR,7224
81,224,1208,1968,3323738,0,2.058025,0.677452,GBR,TUR,7224
90,224,1208,1968,1714,0,0.120538,-0.135025,GRC,TUR,7224
111,224,1208,1968,3189935,0,1.8991650000000002,1.865793,ITA,TUR,7224
124,224,1208,1968,1168,0,0.7129770000000001,1.136677,LBN,TUR,7224
162,224,1208,1968,276444,0,1.4081620000000001,2.841383,NLD,TUR,7224
208,224,1208,1968,37754,0,1.968017,2.7641270000000002,SWE,TUR,7224
231,224,1208,1968,2403386,0,1.9577650000000002,1.500362,USA,TUR,7224
61,239,1208,1968,129373,0,2.2253979999999998,-1.8081060000000002,DEU,VNM,7224
71,239,1208,1968,47559,0,0.781529,1.259275,ESP,VNM,7224
74,239,1208,1968,2934,0,1.401928,1.205835,FIN,VNM,7224
81,239,1208,1968,254405,0,2.058025,0.677452,GBR,VNM,7224
111,239,1208,1968,263570,0,1.8991650000000002,1.865793,ITA,VNM,7224
114,239,1208,1968,115277,0,1.844871,2.2220470000000003,JPN,VNM,7224
174,239,1208,1968,0,30923,-0.38509499999999997,-0.708784,PHL,VNM,7224
231,239,1208,1968,67535,0,1.9577650000000002,1.500362,USA,VNM,7224
81,24,1208,1968,5773,0,2.058025,0.677452,GBR,BHR,7224
81,34,1208,1968,1536,0,2.058025,0.677452,GBR,BRN,7224
97,34,1208,1968,674,0,1.397888,1.218178,HKG,BRN,7224
114,34,1208,1968,4608,0,1.844871,2.2220470000000003,JPN,BRN,7224
153,34,1208,1968,1184,0,-0.530212,-0.618034,MYS,BRN,7224
192,34,1208,1968,7668,0,0.34532199999999996,0.624988,SGP,BRN,7224
231,34,1208,1968,3386,0,1.9577650000000002,1.500362,USA,BRN,7224
61,73,1208,1968,118384,0,2.2253979999999998,-1.8081060000000002,DEU,ETH,7224
77,73,1208,1968,4877,0,1.7160810000000002,1.713236,FRA,ETH,7224
81,73,1208,1968,239264,0,2.058025,0.677452,GBR,ETH,7224
111,73,1208,1968,200586,0,1.8991650000000002,1.865793,ITA,ETH,7224
162,73,1208,1968,7103,0,1.4081620000000001,2.841383,NLD,ETH,7224
231,73,1208,1968,293993,0,1.9577650000000002,1.500362,USA,ETH,7224
14,75,1208,1968,61162,0,0.215398,0.115257,AUS,FJI,7224
81,75,1208,1968,145896,0,2.058025,0.677452,GBR,FJI,7224
111,75,1208,1968,7789,0,1.8991650000000002,1.865793,ITA,FJI,7224
114,75,1208,1968,9177,0,1.844871,2.2220470000000003,JPN,FJI,7224
166,75,1208,1968,3021,0,0.184389,-0.451151,NZL,FJI,7224
231,75,1208,1968,64944,0,1.9577650000000002,1.500362,USA,FJI,7224
81,123,1208,1968,24713,0,2.058025,0.677452,GBR,LAO,7224
114,123,1208,1968,107326,0,1.844871,2.2220470000000003,JPN,LAO,7224
216,123,1208,1968,21869,0,-0.59446,-0.7126439999999999,THA,LAO,7224
231,123,1208,1968,103252,0,1.9577650000000002,1.500362,USA,LAO,7224
18,136,1208,1968,2372,0,1.529065,2.472506,BEL,MDG,7224
39,136,1208,1968,3620,0,0.6867270000000001,0.846297,CAN,MDG,7224
50,136,1208,1968,0,1606,-1.103797,-0.557675,COM,MDG,7224
61,136,1208,1968,103637,0,2.2253979999999998,-1.8081060000000002,DEU,MDG,7224
77,136,1208,1968,233602,0,1.7160810000000002,1.713236,FRA,MDG,7224
81,136,1208,1968,214048,0,2.058025,0.677452,GBR,MDG,7224
111,136,1208,1968,24718,0,1.8991650000000002,1.865793,ITA,MDG,7224
114,136,1208,1968,504,0,1.844871,2.2220470000000003,JPN,MDG,7224
231,136,1208,1968,189879,0,1.9577650000000002,1.500362,USA,MDG,7224
14,151,1208,1968,834,0,0.215398,0.115257,AUS,MUS,7224
81,151,1208,1968,53490,0,2.058025,0.677452,GBR,MUS,7224
111,151,1208,1968,1490,0,1.8991650000000002,1.865793,ITA,MUS,7224
231,151,1208,1968,23768,0,1.9577650000000002,1.500362,USA,MUS,7224
61,152,1208,1968,4585,0,2.2253979999999998,-1.8081060000000002,DEU,MWI,7224
81,152,1208,1968,186433,0,2.058025,0.677452,GBR,MWI,7224
111,152,1208,1968,6547,0,1.8991650000000002,1.865793,ITA,MWI,7224
114,152,1208,1968,21283,0,1.844871,2.2220470000000003,JPN,MWI,7224
231,152,1208,1968,108561,0,1.9577650000000002,1.500362,USA,MWI,7224
246,152,1208,1968,10488,0,-0.397811,-0.621199,ZAF,MWI,7224
247,152,1208,1968,0,1690,-0.811549,-0.6721600000000001,ZMB,MWI,7224
14,156,1208,1968,59621,0,0.215398,0.115257,AUS,NCL,7224
18,156,1208,1968,41137,0,1.529065,2.472506,BEL,NCL,7224
61,156,1208,1968,5547,0,2.2253979999999998,-1.8081060000000002,DEU,NCL,7224
77,156,1208,1968,217383,0,1.7160810000000002,1.713236,FRA,NCL,7224
111,156,1208,1968,4469,0,1.8991650000000002,1.865793,ITA,NCL,7224
114,156,1208,1968,527156,0,1.844871,2.2220470000000003,JPN,NCL,7224
231,156,1208,1968,588326,0,1.9577650000000002,1.500362,USA,NCL,7224
114,178,1208,1968,1014,0,1.844871,2.2220470000000003,JPN,PRK,7224
18,182,1208,1968,5089,0,1.529065,2.472506,BEL,PYF,7224
61,182,1208,1968,13724,0,2.2253979999999998,-1.8081060000000002,DEU,PYF,7224
77,182,1208,1968,5387,0,1.7160810000000002,1.713236,FRA,PYF,7224
81,182,1208,1968,16875,0,2.058025,0.677452,GBR,PYF,7224
111,182,1208,1968,2692,0,1.8991650000000002,1.865793,ITA,PYF,7224
61,184,1208,1968,14372,0,2.2253979999999998,-1.8081060000000002,DEU,REU,7224
77,184,1208,1968,151032,0,1.7160810000000002,1.713236,FRA,REU,7224
81,184,1208,1968,28439,0,2.058025,0.677452,GBR,REU,7224
111,184,1208,1968,1585,0,1.8991650000000002,1.865793,ITA,REU,7224
231,184,1208,1968,46136,0,1.9577650000000002,1.500362,USA,REU,7224
246,184,1208,1968,6158,0,-0.397811,-0.621199,ZAF,REU,7224
14,220,1208,1968,20385,0,0.215398,0.115257,AUS,TLS,7224
61,220,1208,1968,2083,0,2.2253979999999998,-1.8081060000000002,DEU,TLS,7224
81,220,1208,1968,6501,0,2.058025,0.677452,GBR,TLS,7224
18,226,1208,1968,7188,0,1.529065,2.472506,BEL,TZA,7224
61,226,1208,1968,18015,0,2.2253979999999998,-1.8081060000000002,DEU,TZA,7224
64,226,1208,1968,12524,0,1.5995489999999999,2.6483209999999997,DNK,TZA,7224
77,226,1208,1968,2435,0,1.7160810000000002,1.713236,FRA,TZA,7224
81,226,1208,1968,737772,0,2.058025,0.677452,GBR,TZA,7224
111,226,1208,1968,19079,0,1.8991650000000002,1.865793,ITA,TZA,7224
231,226,1208,1968,409330,0,1.9577650000000002,1.500362,USA,TZA,7224
61,227,1208,1968,5169,0,2.2253979999999998,-1.8081060000000002,DEU,UGA,7224
77,227,1208,1968,10974,0,1.7160810000000002,1.713236,FRA,UGA,7224
81,227,1208,1968,115159,0,2.058025,0.677452,GBR,UGA,7224
231,227,1208,1968,166783,0,1.9577650000000002,1.500362,USA,UGA,7224
14,240,1208,1968,118332,0,0.215398,0.115257,AUS,VUT,7224
18,240,1208,1968,1524,0,1.529065,2.472506,BEL,VUT,7224
61,240,1208,1968,1674,0,2.2253979999999998,-1.8081060000000002,DEU,VUT,7224
77,240,1208,1968,1640,0,1.7160810000000002,1.713236,FRA,VUT,7224
81,240,1208,1968,75205,0,2.058025,0.677452,GBR,VUT,7224
114,240,1208,1968,49631,0,1.844871,2.2220470000000003,JPN,VUT,7224
166,240,1208,1968,620,0,0.184389,-0.451151,NZL,VUT,7224
231,240,1208,1968,2200,0,1.9577650000000002,1.500362,USA,VUT,7224
61,244,1208,1968,12841,0,2.2253979999999998,-1.8081060000000002,DEU,YMD,7224
64,244,1208,1968,15801,0,1.5995489999999999,2.6483209999999997,DNK,YMD,7224
81,244,1208,1968,243711,0,2.058025,0.677452,GBR,YMD,7224
111,244,1208,1968,1007,0,1.8991650000000002,1.865793,ITA,YMD,7224
114,244,1208,1968,540,0,1.844871,2.2220470000000003,JPN,YMD,7224
61,248,1208,1968,20655,0,2.2253979999999998,-1.8081060000000002,DEU,ZWE,7224
61,1,1208,1968,13766,0,2.2253979999999998,-1.8081060000000002,DEU,AFG,7224
77,1,1208,1968,2101,0,1.7160810000000002,1.713236,FRA,AFG,7224
81,1,1208,1968,11196,0,2.058025,0.677452,GBR,AFG,7224
231,1,1208,1968,6233,0,1.9577650000000002,1.500362,USA,AFG,7224
18,85,1208,1968,2822,0,1.529065,2.472506,BEL,GIN,7224
61,85,1208,1968,24478,0,2.2253979999999998,-1.8081060000000002,DEU,GIN,7224
77,85,1208,1968,5785,0,1.7160810000000002,1.713236,FRA,GIN,7224
148,85,1208,1968,12299,0,-0.584021,-0.6288090000000001,MRT,GIN,7224
18,223,1208,1968,803,0,1.529065,2.472506,BEL,TUN,7224
39,223,1208,1968,1115,0,0.6867270000000001,0.846297,CAN,TUN,7224
61,223,1208,1968,16001,0,2.2253979999999998,-1.8081060000000002,DEU,TUN,7224
66,223,1208,1968,852,0,-0.6151939999999999,-0.68092,DZA,TUN,7224
77,223,1208,1968,10320,0,1.7160810000000002,1.713236,FRA,TUN,7224
81,223,1208,1968,201734,0,2.058025,0.677452,GBR,TUN,7224
111,223,1208,1968,80534,0,1.8991650000000002,1.865793,ITA,TUN,7224
126,223,1208,1968,0,33833,-1.864928,-0.47663500000000003,LBY,TUN,7224
186,223,1208,1968,1846,0,0.429629,0.513075,RUS,TUN,7224
231,223,1208,1968,331460,0,1.9577650000000002,1.500362,USA,TUN,7224
81,17,1208,1968,1555,0,2.058025,0.677452,GBR,BDI,7224
44,21,1208,1968,2267,892,-0.9004639999999999,-0.815828,CIV,BFA,7224
61,21,1208,1968,11198,0,2.2253979999999998,-1.8081060000000002,DEU,BFA,7224
77,21,1208,1968,27711,0,1.7160810000000002,1.713236,FRA,BFA,7224
214,21,1208,1968,31191,0,-0.837724,-0.47968500000000003,TCD,BFA,7224
231,21,1208,1968,34286,0,1.9577650000000002,1.500362,USA,BFA,7224
18,38,1208,1968,6438,0,1.529065,2.472506,BEL,CAF,7224
61,38,1208,1968,1377,0,2.2253979999999998,-1.8081060000000002,DEU,CAF,7224
77,38,1208,1968,6234,0,1.7160810000000002,1.713236,FRA,CAF,7224
81,38,1208,1968,3393,0,2.058025,0.677452,GBR,CAF,7224
162,38,1208,1968,1778,0,1.4081620000000001,2.841383,NLD,CAF,7224
231,38,1208,1968,510,0,1.9577650000000002,1.500362,USA,CAF,7224
81,62,1208,1968,13033,0,2.058025,0.677452,GBR,DJI,7224
81,87,1208,1968,73161,0,2.058025,0.677452,GBR,GMB,7224
77,89,1208,1968,6084,0,1.7160810000000002,1.713236,FRA,GNQ,7224
77,94,1208,1968,32340,0,1.7160810000000002,1.713236,FRA,GUF,7224
81,94,1208,1968,1153,0,2.058025,0.677452,GBR,GUF,7224
86,94,1208,1968,564,0,-0.408167,-0.372355,GLP,GUF,7224
231,94,1208,1968,6102,0,1.9577650000000002,1.500362,USA,GUF,7224
43,118,1208,1968,3989,0,0.610282,1.61494,CHN,KHM,7224
61,118,1208,1968,2533,0,2.2253979999999998,-1.8081060000000002,DEU,KHM,7224
81,118,1208,1968,250139,0,2.058025,0.677452,GBR,KHM,7224
114,118,1208,1968,17806,0,1.844871,2.2220470000000003,JPN,KHM,7224
231,118,1208,1968,59461,0,1.9577650000000002,1.500362,USA,KHM,7224
245,118,1208,1968,1061,0,1.0230700000000001,2.3184560000000003,YUG,KHM,7224
61,148,1208,1968,2638,0,2.2253979999999998,-1.8081060000000002,DEU,MRT,7224
77,148,1208,1968,6830,0,1.7160810000000002,1.713236,FRA,MRT,7224
81,148,1208,1968,7129,0,2.058025,0.677452,GBR,MRT,7224
85,148,1208,1968,0,12299,-0.8495879999999999,-0.675034,GIN,MRT,7224
111,148,1208,1968,203,0,1.8991650000000002,1.865793,ITA,MRT,7224
191,148,1208,1968,22748,19206,-0.380494,-0.698573,SEN,MRT,7224
231,148,1208,1968,9695,0,1.9577650000000002,1.500362,USA,MRT,7224
61,157,1208,1968,1943,0,2.2253979999999998,-1.8081060000000002,DEU,NER,7224
77,157,1208,1968,15444,0,1.7160810000000002,1.713236,FRA,NER,7224
81,157,1208,1968,16487,0,2.058025,0.677452,GBR,NER,7224
111,157,1208,1968,2723,0,1.8991650000000002,1.865793,ITA,NER,7224
231,157,1208,1968,165169,0,1.9577650000000002,1.500362,USA,NER,7224
114,164,1208,1968,717,0,1.844871,2.2220470000000003,JPN,NPL,7224
61,187,1208,1968,1552,0,2.2253979999999998,-1.8081060000000002,DEU,RWA,7224
111,187,1208,1968,20877,0,1.8991650000000002,1.865793,ITA,RWA,7224
61,199,1208,1968,6939,0,2.2253979999999998,-1.8081060000000002,DEU,SOM,7224
81,199,1208,1968,1288,0,2.058025,0.677452,GBR,SOM,7224
111,199,1208,1968,45377,0,1.8991650000000002,1.865793,ITA,SOM,7224
39,200,1208,1968,5136,15377,0.6867270000000001,0.846297,CAN,SPM,7224
77,200,1208,1968,2359,0,1.7160810000000002,1.713236,FRA,SPM,7224
77,50,1208,1968,1029,0,1.7160810000000002,1.713236,FRA,COM,7224
136,50,1208,1968,1606,0,-0.684883,-0.839874,MDG,COM,7224
107,7,1208,1968,0,9678,-0.731453,-0.764668,IRN,ARE,7224
2,15,1218,1968,0,773,-1.129591,-0.880391,AGO,AUT,7251
8,15,1218,1968,0,1767,0.148111,0.088328,ARG,AUT,7251
14,15,1218,1968,0,2503,0.215398,0.115257,AUS,AUT,7251
18,15,1218,1968,15156,5549,1.529065,2.472506,BEL,AUT,7251
23,15,1218,1968,0,1733,0.581187,0.53879,BGR,AUT,7251
32,15,1218,1968,426,2660,-0.325932,-0.334875,BRA,AUT,7251
39,15,1218,1968,525,11234,0.6867270000000001,0.846297,CAN,AUT,7251
41,15,1218,1968,202505,22365,2.1128139999999997,2.181377,CHE,AUT,7251
42,15,1218,1968,0,1313,0.042475,-0.45777299999999993,CHL,AUT,7251
49,15,1218,1968,0,515,-0.179843,-0.5681729999999999,COL,AUT,7251
53,15,1218,1968,1407,113417,1.6086129999999998,2.804711,CSK,AUT,7251
54,15,1218,1968,0,3060,0.19656600000000002,-0.645117,CUB,AUT,7251
61,15,1218,1968,1242441,291939,2.2253979999999998,-1.8081060000000002,DEU,AUT,7251
64,15,1218,1968,746,1432,1.5995489999999999,2.6483209999999997,DNK,AUT,7251
66,15,1218,1968,0,453,-0.6151939999999999,-0.68092,DZA,AUT,7251
68,15,1218,1968,0,739,0.141193,-0.395386,EGY,AUT,7251
71,15,1218,1968,0,5734,0.781529,1.259275,ESP,AUT,7251
74,15,1218,1968,25934,79918,1.401928,1.205835,FIN,AUT,7251
77,15,1218,1968,35716,21328,1.7160810000000002,1.713236,FRA,AUT,7251
81,15,1218,1968,255782,110165,2.058025,0.677452,GBR,AUT,7251
90,15,1218,1968,0,30558,0.120538,-0.135025,GRC,AUT,7251
102,15,1218,1968,0,18042,0.9154209999999999,1.253378,HUN,AUT,7251
104,15,1218,1968,0,5198,0.1404,0.23993299999999998,IND,AUT,7251
106,15,1218,1968,0,655,1.054101,1.252786,IRL,AUT,7251
107,15,1218,1968,0,7382,-0.731453,-0.764668,IRN,AUT,7251
108,15,1218,1968,0,1529,-0.935797,-0.522099,IRQ,AUT,7251
110,15,1218,1968,634,7935,1.105346,0.8750629999999999,ISR,AUT,7251
111,15,1218,1968,33755,33747,1.8991650000000002,1.865793,ITA,AUT,7251
114,15,1218,1968,0,38784,1.844871,2.2220470000000003,JPN,AUT,7251
121,15,1218,1968,0,12829,0.992735,0.683944,KOR,AUT,7251
128,15,1218,1968,0,509,-1.048844,-0.673287,LKA,AUT,7251
134,15,1218,1968,0,840,-0.219575,-0.657712,MAR,AUT,7251
138,15,1218,1968,0,18026,0.306611,0.36893000000000004,MEX,AUT,7251
162,15,1218,1968,16895,9005,1.4081620000000001,2.841383,NLD,AUT,7251
163,15,1218,1968,12422,18623,1.258037,1.6438409999999999,NOR,AUT,7251
166,15,1218,1968,0,355,0.184389,-0.451151,NZL,AUT,7251
168,15,1218,1968,0,11467,0.17055499999999998,-0.249302,PAK,AUT,7251
174,15,1218,1968,0,6022,-0.38509499999999997,-0.708784,PHL,AUT,7251
177,15,1218,1968,9985,73558,0.9209379999999999,1.762821,POL,AUT,7251
179,15,1218,1968,0,2912,1.014702,1.024988,PRT,AUT,7251
185,15,1218,1968,0,35533,0.7897609999999999,0.9959479999999999,ROU,AUT,7251
186,15,1218,1968,0,128666,0.429629,0.513075,RUS,AUT,7251
192,15,1218,1968,0,941,0.34532199999999996,0.624988,SGP,AUT,7251
208,15,1218,1968,151187,57666,1.968017,2.7641270000000002,SWE,AUT,7251
216,15,1218,1968,0,7340,-0.59446,-0.7126439999999999,THA,AUT,7251
224,15,1218,1968,0,61432,-0.654801,-0.8012319999999999,TUR,AUT,7251
231,15,1218,1968,29848,17278,1.9577650000000002,1.500362,USA,AUT,7251
236,15,1218,1968,0,20966,-0.7130850000000001,-0.5042939999999999,VEN,AUT,7251
239,15,1218,1968,0,160,0.414368,-0.21605500000000002,VNM,AUT,7251
245,15,1218,1968,1764,127088,1.0230700000000001,2.3184560000000003,YUG,AUT,7251
246,15,1218,1968,0,5639,-0.397811,-0.621199,ZAF,AUT,7251
249,15,1218,1968,0,4285,1.152169,1.691066,TWN,AUT,7251
250,15,1218,1968,0,438,0.8133859999999999,0.47075900000000004,ANS,AUT,7251
2,18,1218,1968,0,507,-1.129591,-0.880391,AGO,BEL,7251
8,18,1218,1968,0,2881,0.148111,0.088328,ARG,BEL,7251
14,18,1218,1968,0,530,0.215398,0.115257,AUS,BEL,7251
15,18,1218,1968,5549,15156,1.94925,1.6721810000000001,AUT,BEL,7251
23,18,1218,1968,0,68210,0.581187,0.53879,BGR,BEL,7251
39,18,1218,1968,30118,0,0.6867270000000001,0.846297,CAN,BEL,7251
41,18,1218,1968,149240,1692,2.1128139999999997,2.181377,CHE,BEL,7251
42,18,1218,1968,0,11133,0.042475,-0.45777299999999993,CHL,BEL,7251
46,18,1218,1968,0,11215,-1.2018229999999999,-0.6680229999999999,COD,BEL,7251
53,18,1218,1968,610,3661,1.6086129999999998,2.804711,CSK,BEL,7251
61,18,1218,1968,1700633,231298,2.2253979999999998,-1.8081060000000002,DEU,BEL,7251
64,18,1218,1968,64465,4839,1.5995489999999999,2.6483209999999997,DNK,BEL,7251
71,18,1218,1968,0,34111,0.781529,1.259275,ESP,BEL,7251
74,18,1218,1968,1114,10055,1.401928,1.205835,FIN,BEL,7251
77,18,1218,1968,241326,378461,1.7160810000000002,1.713236,FRA,BEL,7251
81,18,1218,1968,465302,55718,2.058025,0.677452,GBR,BEL,7251
86,18,1218,1968,0,437,-0.408167,-0.372355,GLP,BEL,7251
90,18,1218,1968,0,1574,0.120538,-0.135025,GRC,BEL,7251
104,18,1218,1968,0,1964,0.1404,0.23993299999999998,IND,BEL,7251
106,18,1218,1968,0,673,1.054101,1.252786,IRL,BEL,7251
107,18,1218,1968,0,538,-0.731453,-0.764668,IRN,BEL,7251
109,18,1218,1968,0,605,0.282911,-0.326735,ISL,BEL,7251
110,18,1218,1968,0,2664,1.105346,0.8750629999999999,ISR,BEL,7251
111,18,1218,1968,1030452,137086,1.8991650000000002,1.865793,ITA,BEL,7251
114,18,1218,1968,2180,0,1.844871,2.2220470000000003,JPN,BEL,7251
124,18,1218,1968,0,29459,0.7129770000000001,1.136677,LBN,BEL,7251
134,18,1218,1968,0,9931,-0.219575,-0.657712,MAR,BEL,7251
138,18,1218,1968,0,3150,0.306611,0.36893000000000004,MEX,BEL,7251
150,18,1218,1968,0,756,0.026755,-0.5054850000000001,MTQ,BEL,7251
159,18,1218,1968,0,1175,-1.317379,-0.822881,NGA,BEL,7251
162,18,1218,1968,187945,188274,1.4081620000000001,2.841383,NLD,BEL,7251
163,18,1218,1968,2496,431,1.258037,1.6438409999999999,NOR,BEL,7251
166,18,1218,1968,0,6022,0.184389,-0.451151,NZL,BEL,7251
169,18,1218,1968,0,5492,1.151761,0.8629450000000001,PAN,BEL,7251
177,18,1218,1968,0,60804,0.9209379999999999,1.762821,POL,BEL,7251
179,18,1218,1968,0,794,1.014702,1.024988,PRT,BEL,7251
185,18,1218,1968,0,400,0.7897609999999999,0.9959479999999999,ROU,BEL,7251
208,18,1218,1968,56739,1448,1.968017,2.7641270000000002,SWE,BEL,7251
231,18,1218,1968,261211,35670,1.9577650000000002,1.500362,USA,BEL,7251
245,18,1218,1968,0,491,1.0230700000000001,2.3184560000000003,YUG,BEL,7251
246,18,1218,1968,0,1254,-0.397811,-0.621199,ZAF,BEL,7251
250,18,1218,1968,0,433,0.8133859999999999,0.47075900000000004,ANS,BEL,7251
8,39,1218,1968,0,11581,0.148111,0.088328,ARG,CAN,7251
14,39,1218,1968,44605,231240,0.215398,0.115257,AUS,CAN,7251
15,39,1218,1968,11234,525,1.94925,1.6721810000000001,AUT,CAN,7251
18,39,1218,1968,0,30118,1.529065,2.472506,BEL,CAN,7251
32,39,1218,1968,96499,19727,-0.325932,-0.334875,BRA,CAN,7251
33,39,1218,1968,0,2133,0.6484409999999999,0.015096,BRB,CAN,7251
41,39,1218,1968,131073,1953,2.1128139999999997,2.181377,CHE,CAN,7251
42,39,1218,1968,0,53798,0.042475,-0.45777299999999993,CHL,CAN,7251
49,39,1218,1968,0,2758,-0.179843,-0.5681729999999999,COL,CAN,7251
53,39,1218,1968,5065,2704,1.6086129999999998,2.804711,CSK,CAN,7251
61,39,1218,1968,651854,4801,2.2253979999999998,-1.8081060000000002,DEU,CAN,7251
64,39,1218,1968,2982,0,1.5995489999999999,2.6483209999999997,DNK,CAN,7251
71,39,1218,1968,1236,0,0.781529,1.259275,ESP,CAN,7251
74,39,1218,1968,20692,28252,1.401928,1.205835,FIN,CAN,7251
77,39,1218,1968,47654,8350,1.7160810000000002,1.713236,FRA,CAN,7251
81,39,1218,1968,403688,54112,2.058025,0.677452,GBR,CAN,7251
86,39,1218,1968,0,5481,-0.408167,-0.372355,GLP,CAN,7251
90,39,1218,1968,0,1482,0.120538,-0.135025,GRC,CAN,7251
96,39,1218,1968,0,461,-0.34474699999999997,-0.547204,GUY,CAN,7251
101,39,1218,1968,0,1118,0.30587600000000004,-0.458413,HTI,CAN,7251
104,39,1218,1968,0,387,0.1404,0.23993299999999998,IND,CAN,7251
106,39,1218,1968,0,1097,1.054101,1.252786,IRL,CAN,7251
110,39,1218,1968,0,563,1.105346,0.8750629999999999,ISR,CAN,7251
111,39,1218,1968,28989,21916,1.8991650000000002,1.865793,ITA,CAN,7251
112,39,1218,1968,0,742,0.206492,-0.587264,JAM,CAN,7251
114,39,1218,1968,214858,9959,1.844871,2.2220470000000003,JPN,CAN,7251
134,39,1218,1968,0,5496,-0.219575,-0.657712,MAR,CAN,7251
138,39,1218,1968,0,173884,0.306611,0.36893000000000004,MEX,CAN,7251
150,39,1218,1968,0,6393,0.026755,-0.5054850000000001,MTQ,CAN,7251
153,39,1218,1968,0,1129,-0.530212,-0.618034,MYS,CAN,7251
162,39,1218,1968,29876,2403,1.4081620000000001,2.841383,NLD,CAN,7251
163,39,1218,1968,35732,22718,1.258037,1.6438409999999999,NOR,CAN,7251
166,39,1218,1968,0,145274,0.184389,-0.451151,NZL,CAN,7251
168,39,1218,1968,0,8200,0.17055499999999998,-0.249302,PAK,CAN,7251
169,39,1218,1968,0,3252,1.151761,0.8629450000000001,PAN,CAN,7251
173,39,1218,1968,0,44733,-0.676242,-0.815086,PER,CAN,7251
174,39,1218,1968,0,1242,-0.38509499999999997,-0.708784,PHL,CAN,7251
186,39,1218,1968,0,587,0.429629,0.513075,RUS,CAN,7251
197,39,1218,1968,0,2755,0.8662620000000001,0.791027,SLV,CAN,7251
200,39,1218,1968,0,511,0.399803,-0.33834699999999995,SPM,CAN,7251
208,39,1218,1968,372534,5859,1.968017,2.7641270000000002,SWE,CAN,7251
216,39,1218,1968,0,3080,-0.59446,-0.7126439999999999,THA,CAN,7251
222,39,1218,1968,0,584,0.388499,-0.182041,TTO,CAN,7251
231,39,1218,1968,6611118,2028554,1.9577650000000002,1.500362,USA,CAN,7251
236,39,1218,1968,0,32544,-0.7130850000000001,-0.5042939999999999,VEN,CAN,7251
246,39,1218,1968,0,36871,-0.397811,-0.621199,ZAF,CAN,7251
249,39,1218,1968,0,3398,1.152169,1.691066,TWN,CAN,7251
2,41,1218,1968,0,1203,-1.129591,-0.880391,AGO,CHE,7251
8,41,1218,1968,0,33593,0.148111,0.088328,ARG,CHE,7251
14,41,1218,1968,2938,164737,0.215398,0.115257,AUS,CHE,7251
15,41,1218,1968,22365,202505,1.94925,1.6721810000000001,AUT,CHE,7251
18,41,1218,1968,1692,149240,1.529065,2.472506,BEL,CHE,7251
23,41,1218,1968,0,104277,0.581187,0.53879,BGR,CHE,7251
32,41,1218,1968,0,20931,-0.325932,-0.334875,BRA,CHE,7251
39,41,1218,1968,1953,131073,0.6867270000000001,0.846297,CAN,CHE,7251
42,41,1218,1968,0,7886,0.042475,-0.45777299999999993,CHL,CHE,7251
49,41,1218,1968,0,42820,-0.179843,-0.5681729999999999,COL,CHE,7251
53,41,1218,1968,0,64089,1.6086129999999998,2.804711,CSK,CHE,7251
61,41,1218,1968,2402214,1091988,2.2253979999999998,-1.8081060000000002,DEU,CHE,7251
64,41,1218,1968,6974,159671,1.5995489999999999,2.6483209999999997,DNK,CHE,7251
65,41,1218,1968,0,16826,-0.739667,-0.834332,DOM,CHE,7251
66,41,1218,1968,0,89289,-0.6151939999999999,-0.68092,DZA,CHE,7251
67,41,1218,1968,0,332,-0.5838800000000001,-0.767904,ECU,CHE,7251
68,41,1218,1968,0,606,0.141193,-0.395386,EGY,CHE,7251
71,41,1218,1968,828,170251,0.781529,1.259275,ESP,CHE,7251
74,41,1218,1968,582,99670,1.401928,1.205835,FIN,CHE,7251
77,41,1218,1968,133146,597577,1.7160810000000002,1.713236,FRA,CHE,7251
81,41,1218,1968,169951,805322,2.058025,0.677452,GBR,CHE,7251
90,41,1218,1968,0,38344,0.120538,-0.135025,GRC,CHE,7251
93,41,1218,1968,0,855,0.5246930000000001,0.169407,GTM,CHE,7251
97,41,1218,1968,0,2213,1.397888,1.218178,HKG,CHE,7251
102,41,1218,1968,0,4226,0.9154209999999999,1.253378,HUN,CHE,7251
104,41,1218,1968,0,681,0.1404,0.23993299999999998,IND,CHE,7251
106,41,1218,1968,0,39271,1.054101,1.252786,IRL,CHE,7251
107,41,1218,1968,0,30001,-0.731453,-0.764668,IRN,CHE,7251
108,41,1218,1968,0,487,-0.935797,-0.522099,IRQ,CHE,7251
109,41,1218,1968,0,1044,0.282911,-0.326735,ISL,CHE,7251
110,41,1218,1968,932,31269,1.105346,0.8750629999999999,ISR,CHE,7251
111,41,1218,1968,358237,235416,1.8991650000000002,1.865793,ITA,CHE,7251
112,41,1218,1968,0,1208,0.206492,-0.587264,JAM,CHE,7251
114,41,1218,1968,0,321142,1.844871,2.2220470000000003,JPN,CHE,7251
116,41,1218,1968,0,1244,-0.301844,-0.318616,KEN,CHE,7251
124,41,1218,1968,0,1034,0.7129770000000001,1.136677,LBN,CHE,7251
134,41,1218,1968,0,1224,-0.219575,-0.657712,MAR,CHE,7251
138,41,1218,1968,0,123757,0.306611,0.36893000000000004,MEX,CHE,7251
153,41,1218,1968,0,1153,-0.530212,-0.618034,MYS,CHE,7251
159,41,1218,1968,0,12036,-1.317379,-0.822881,NGA,CHE,7251
162,41,1218,1968,75335,175550,1.4081620000000001,2.841383,NLD,CHE,7251
163,41,1218,1968,3430,69082,1.258037,1.6438409999999999,NOR,CHE,7251
166,41,1218,1968,0,1135,0.184389,-0.451151,NZL,CHE,7251
168,41,1218,1968,0,35522,0.17055499999999998,-0.249302,PAK,CHE,7251
169,41,1218,1968,0,651,1.151761,0.8629450000000001,PAN,CHE,7251
173,41,1218,1968,0,20238,-0.676242,-0.815086,PER,CHE,7251
174,41,1218,1968,0,182274,-0.38509499999999997,-0.708784,PHL,CHE,7251
179,41,1218,1968,0,2406,1.014702,1.024988,PRT,CHE,7251
186,41,1218,1968,0,128081,0.429629,0.513075,RUS,CHE,7251
188,41,1218,1968,0,528,-1.510775,-0.48828699999999997,SAU,CHE,7251
190,41,1218,1968,0,7371,-1.18039,-0.908206,SDN,CHE,7251
191,41,1218,1968,0,2866,-0.380494,-0.698573,SEN,CHE,7251
192,41,1218,1968,0,1293,0.34532199999999996,0.624988,SGP,CHE,7251
197,41,1218,1968,0,1701,0.8662620000000001,0.791027,SLV,CHE,7251
208,41,1218,1968,89599,76349,1.968017,2.7641270000000002,SWE,CHE,7251
216,41,1218,1968,0,529,-0.59446,-0.7126439999999999,THA,CHE,7251
223,41,1218,1968,0,3241,-0.129079,-0.54896,TUN,CHE,7251
224,41,1218,1968,0,1811,-0.654801,-0.8012319999999999,TUR,CHE,7251
231,41,1218,1968,135506,2022471,1.9577650000000002,1.500362,USA,CHE,7251
236,41,1218,1968,0,45435,-0.7130850000000001,-0.5042939999999999,VEN,CHE,7251
245,41,1218,1968,0,8645,1.0230700000000001,2.3184560000000003,YUG,CHE,7251
246,41,1218,1968,0,156353,-0.397811,-0.621199,ZAF,CHE,7251
248,41,1218,1968,0,33928,1.275376,1.463211,ZWE,CHE,7251
61,43,1218,1968,718,0,2.2253979999999998,-1.8081060000000002,DEU,CHN,7251
74,43,1218,1968,5911,0,1.401928,1.205835,FIN,CHN,7251
77,43,1218,1968,50709,0,1.7160810000000002,1.713236,FRA,CHN,7251
81,43,1218,1968,915,440,2.058025,0.677452,GBR,CHN,7251
97,43,1218,1968,0,19446,1.397888,1.218178,HKG,CHN,7251
114,43,1218,1968,20889,0,1.844871,2.2220470000000003,JPN,CHN,7251
134,43,1218,1968,0,680,-0.219575,-0.657712,MAR,CHN,7251
143,43,1218,1968,0,459,-0.96686,-0.782324,MMR,CHN,7251
153,43,1218,1968,0,13761,-0.530212,-0.618034,MYS,CHN,7251
192,43,1218,1968,0,8473,0.34532199999999996,0.624988,SGP,CHN,7251
208,43,1218,1968,26770,0,1.968017,2.7641270000000002,SWE,CHN,7251
14,53,1218,1968,0,7005,0.215398,0.115257,AUS,CSK,7251
15,53,1218,1968,113417,1407,1.94925,1.6721810000000001,AUT,CSK,7251
18,53,1218,1968,3661,610,1.529065,2.472506,BEL,CSK,7251
31,53,1218,1968,0,2049,-0.8851379999999999,-0.772063,BOL,CSK,7251
32,53,1218,1968,0,2235,-0.325932,-0.334875,BRA,CSK,7251
39,53,1218,1968,2704,5065,0.6867270000000001,0.846297,CAN,CSK,7251
41,53,1218,1968,64089,0,2.1128139999999997,2.181377,CHE,CSK,7251
61,53,1218,1968,342140,3276,2.2253979999999998,-1.8081060000000002,DEU,CSK,7251
64,53,1218,1968,0,1811,1.5995489999999999,2.6483209999999997,DNK,CSK,7251
71,53,1218,1968,0,2394,0.781529,1.259275,ESP,CSK,7251
74,53,1218,1968,17285,672,1.401928,1.205835,FIN,CSK,7251
77,53,1218,1968,22694,7848,1.7160810000000002,1.713236,FRA,CSK,7251
81,53,1218,1968,139509,22531,2.058025,0.677452,GBR,CSK,7251
90,53,1218,1968,0,11257,0.120538,-0.135025,GRC,CSK,7251
97,53,1218,1968,0,442,1.397888,1.218178,HKG,CSK,7251
104,53,1218,1968,0,14116,0.1404,0.23993299999999998,IND,CSK,7251
107,53,1218,1968,0,6976,-0.731453,-0.764668,IRN,CSK,7251
111,53,1218,1968,175379,1033,1.8991650000000002,1.865793,ITA,CSK,7251
114,53,1218,1968,0,493,1.844871,2.2220470000000003,JPN,CSK,7251
124,53,1218,1968,0,6877,0.7129770000000001,1.136677,LBN,CSK,7251
134,53,1218,1968,0,421,-0.219575,-0.657712,MAR,CSK,7251
138,53,1218,1968,0,6330,0.306611,0.36893000000000004,MEX,CSK,7251
143,53,1218,1968,0,59601,-0.96686,-0.782324,MMR,CSK,7251
159,53,1218,1968,0,276,-1.317379,-0.822881,NGA,CSK,7251
162,53,1218,1968,6159,22951,1.4081620000000001,2.841383,NLD,CSK,7251
163,53,1218,1968,3491,0,1.258037,1.6438409999999999,NOR,CSK,7251
166,53,1218,1968,0,1084,0.184389,-0.451151,NZL,CSK,7251
173,53,1218,1968,0,5466,-0.676242,-0.815086,PER,CSK,7251
179,53,1218,1968,0,2016,1.014702,1.024988,PRT,CSK,7251
190,53,1218,1968,0,1731,-1.18039,-0.908206,SDN,CSK,7251
208,53,1218,1968,34220,0,1.968017,2.7641270000000002,SWE,CSK,7251
216,53,1218,1968,0,10632,-0.59446,-0.7126439999999999,THA,CSK,7251
224,53,1218,1968,0,1302,-0.654801,-0.8012319999999999,TUR,CSK,7251
231,53,1218,1968,0,758,1.9577650000000002,1.500362,USA,CSK,7251
245,53,1218,1968,0,16313,1.0230700000000001,2.3184560000000003,YUG,CSK,7251
1,61,1218,1968,0,2937,-0.712527,-0.837342,AFG,DEU,7251
2,61,1218,1968,0,15822,-1.129591,-0.880391,AGO,DEU,7251
6,61,1218,1968,0,351,0.14161500000000002,-0.24035399999999998,ANT,DEU,7251
8,61,1218,1968,0,365816,0.148111,0.088328,ARG,DEU,7251
14,61,1218,1968,0,775224,0.215398,0.115257,AUS,DEU,7251
15,61,1218,1968,291939,1242441,1.94925,1.6721810000000001,AUT,DEU,7251
17,61,1218,1968,0,694,-0.8680040000000001,-0.673427,BDI,DEU,7251
18,61,1218,1968,231298,1700633,1.529065,2.472506,BEL,DEU,7251
23,61,1218,1968,0,221198,0.581187,0.53879,BGR,DEU,7251
24,61,1218,1968,0,1132,-0.059769,-0.445457,BHR,DEU,7251
30,61,1218,1968,0,1008,0.873251,0.188419,BMU,DEU,7251
31,61,1218,1968,0,24981,-0.8851379999999999,-0.772063,BOL,DEU,7251
32,61,1218,1968,0,1303328,-0.325932,-0.334875,BRA,DEU,7251
33,61,1218,1968,0,6322,0.6484409999999999,0.015096,BRB,DEU,7251
39,61,1218,1968,4801,651854,0.6867270000000001,0.846297,CAN,DEU,7251
41,61,1218,1968,1091988,2402214,2.1128139999999997,2.181377,CHE,DEU,7251
42,61,1218,1968,1143,339292,0.042475,-0.45777299999999993,CHL,DEU,7251
43,61,1218,1968,0,718,0.610282,1.61494,CHN,DEU,7251
44,61,1218,1968,0,3036,-0.9004639999999999,-0.815828,CIV,DEU,7251
46,61,1218,1968,0,23871,-1.2018229999999999,-0.6680229999999999,COD,DEU,7251
47,61,1218,1968,0,326,-1.0615450000000002,-0.736701,COG,DEU,7251
49,61,1218,1968,0,110858,-0.179843,-0.5681729999999999,COL,DEU,7251
52,61,1218,1968,0,57678,0.926132,0.544143,CRI,DEU,7251
53,61,1218,1968,3276,342140,1.6086129999999998,2.804711,CSK,DEU,7251
54,61,1218,1968,0,3056,0.19656600000000002,-0.645117,CUB,DEU,7251
58,61,1218,1968,0,6286,-0.154697,-0.659162,CYP,DEU,7251
64,61,1218,1968,47706,821986,1.5995489999999999,2.6483209999999997,DNK,DEU,7251
65,61,1218,1968,0,31864,-0.739667,-0.834332,DOM,DEU,7251
66,61,1218,1968,0,89251,-0.6151939999999999,-0.68092,DZA,DEU,7251
67,61,1218,1968,0,82282,-0.5838800000000001,-0.767904,ECU,DEU,7251
68,61,1218,1968,0,34520,0.141193,-0.395386,EGY,DEU,7251
71,61,1218,1968,35141,1822347,0.781529,1.259275,ESP,DEU,7251
73,61,1218,1968,0,106174,-0.8907879999999999,-0.983032,ETH,DEU,7251
74,61,1218,1968,1184950,883627,1.401928,1.205835,FIN,DEU,7251
77,61,1218,1968,439989,5469956,1.7160810000000002,1.713236,FRA,DEU,7251
81,61,1218,1968,806751,3057874,2.058025,0.677452,GBR,DEU,7251
83,61,1218,1968,0,42080,-0.995481,-0.76246,GHA,DEU,7251
90,61,1218,1968,946,1567170,0.120538,-0.135025,GRC,DEU,7251
93,61,1218,1968,0,18121,0.5246930000000001,0.169407,GTM,DEU,7251
96,61,1218,1968,0,29548,-0.34474699999999997,-0.547204,GUY,DEU,7251
97,61,1218,1968,1496,50502,1.397888,1.218178,HKG,DEU,7251
99,61,1218,1968,0,6128,-0.115754,-0.5740890000000001,HND,DEU,7251
101,61,1218,1968,0,719,0.30587600000000004,-0.458413,HTI,DEU,7251
102,61,1218,1968,0,54646,0.9154209999999999,1.253378,HUN,DEU,7251
103,61,1218,1968,0,27002,-1.210591,-0.7402310000000001,IDN,DEU,7251
104,61,1218,1968,519,394502,0.1404,0.23993299999999998,IND,DEU,7251
106,61,1218,1968,0,93965,1.054101,1.252786,IRL,DEU,7251
107,61,1218,1968,0,202471,-0.731453,-0.764668,IRN,DEU,7251
108,61,1218,1968,0,525347,-0.935797,-0.522099,IRQ,DEU,7251
109,61,1218,1968,0,1310,0.282911,-0.326735,ISL,DEU,7251
110,61,1218,1968,1568,169556,1.105346,0.8750629999999999,ISR,DEU,7251
111,61,1218,1968,850577,4976432,1.8991650000000002,1.865793,ITA,DEU,7251
112,61,1218,1968,0,38301,0.206492,-0.587264,JAM,DEU,7251
113,61,1218,1968,0,2031,0.402134,-0.18620599999999998,JOR,DEU,7251
114,61,1218,1968,50631,1410408,1.844871,2.2220470000000003,JPN,DEU,7251
116,61,1218,1968,0,98104,-0.301844,-0.318616,KEN,DEU,7251
118,61,1218,1968,0,563,-0.6683680000000001,-0.9116620000000001,KHM,DEU,7251
121,61,1218,1968,1209,1035520,0.992735,0.683944,KOR,DEU,7251
122,61,1218,1968,0,27776,-1.2088969999999999,-0.480887,KWT,DEU,7251
124,61,1218,1968,0,45187,0.7129770000000001,1.136677,LBN,DEU,7251
126,61,1218,1968,0,33407,-1.864928,-0.47663500000000003,LBY,DEU,7251
128,61,1218,1968,327,27488,-1.048844,-0.673287,LKA,DEU,7251
134,61,1218,1968,0,147105,-0.219575,-0.657712,MAR,DEU,7251
136,61,1218,1968,638,6708,-0.684883,-0.839874,MDG,DEU,7251
138,61,1218,1968,0,857713,0.306611,0.36893000000000004,MEX,DEU,7251
141,61,1218,1968,0,535,-0.625304,-0.751379,MLI,DEU,7251
142,61,1218,1968,0,3052,1.418505,1.216724,MLT,DEU,7251
143,61,1218,1968,0,10811,-0.96686,-0.782324,MMR,DEU,7251
145,61,1218,1968,0,466,-0.5432680000000001,-0.52315,MNG,DEU,7251
147,61,1218,1968,0,30154,-0.859319,-0.818945,MOZ,DEU,7251
148,61,1218,1968,0,2051,-0.584021,-0.6288090000000001,MRT,DEU,7251
150,61,1218,1968,0,424,0.026755,-0.5054850000000001,MTQ,DEU,7251
153,61,1218,1968,0,45531,-0.530212,-0.618034,MYS,DEU,7251
159,61,1218,1968,0,28102,-1.317379,-0.822881,NGA,DEU,7251
160,61,1218,1968,0,28608,0.141456,-0.299055,NIC,DEU,7251
162,61,1218,1968,1029494,2778778,1.4081620000000001,2.841383,NLD,DEU,7251
163,61,1218,1968,101433,640384,1.258037,1.6438409999999999,NOR,DEU,7251
166,61,1218,1968,0,128756,0.184389,-0.451151,NZL,DEU,7251
167,61,1218,1968,0,1375,-1.563004,-0.448748,OMN,DEU,7251
168,61,1218,1968,0,1218699,0.17055499999999998,-0.249302,PAK,DEU,7251
169,61,1218,1968,0,19325,1.151761,0.8629450000000001,PAN,DEU,7251
173,61,1218,1968,0,192117,-0.676242,-0.815086,PER,DEU,7251
174,61,1218,1968,891,97594,-0.38509499999999997,-0.708784,PHL,DEU,7251
177,61,1218,1968,0,443334,0.9209379999999999,1.762821,POL,DEU,7251
179,61,1218,1968,0,1238193,1.014702,1.024988,PRT,DEU,7251
180,61,1218,1968,0,8086,-0.605754,-0.77208,PRY,DEU,7251
184,61,1218,1968,0,2313,-0.704149,-0.416626,REU,DEU,7251
185,61,1218,1968,986,27267,0.7897609999999999,0.9959479999999999,ROU,DEU,7251
186,61,1218,1968,0,1070186,0.429629,0.513075,RUS,DEU,7251
188,61,1218,1968,0,17052,-1.510775,-0.48828699999999997,SAU,DEU,7251
190,61,1218,1968,0,16480,-1.18039,-0.908206,SDN,DEU,7251
191,61,1218,1968,0,12398,-0.380494,-0.698573,SEN,DEU,7251
192,61,1218,1968,0,41844,0.34532199999999996,0.624988,SGP,DEU,7251
196,61,1218,1968,0,2403,-1.055491,-0.736395,SLE,DEU,7251
197,61,1218,1968,0,12155,0.8662620000000001,0.791027,SLV,DEU,7251
205,61,1218,1968,0,2766,-0.43228199999999994,-0.560526,SUR,DEU,7251
208,61,1218,1968,463946,2500362,1.968017,2.7641270000000002,SWE,DEU,7251
212,61,1218,1968,0,365,-0.14453,-0.669121,SYR,DEU,7251
216,61,1218,1968,0,121259,-0.59446,-0.7126439999999999,THA,DEU,7251
222,61,1218,1968,0,34302,0.388499,-0.182041,TTO,DEU,7251
223,61,1218,1968,0,12864,-0.129079,-0.54896,TUN,DEU,7251
224,61,1218,1968,0,2177484,-0.654801,-0.8012319999999999,TUR,DEU,7251
226,61,1218,1968,0,4592,-1.2084840000000001,-0.893344,TZA,DEU,7251
227,61,1218,1968,0,15507,-1.381566,-0.770883,UGA,DEU,7251
230,61,1218,1968,0,16106,0.418634,-0.177045,URY,DEU,7251
231,61,1218,1968,625648,3995068,1.9577650000000002,1.500362,USA,DEU,7251
236,61,1218,1968,4951,260875,-0.7130850000000001,-0.5042939999999999,VEN,DEU,7251
239,61,1218,1968,0,46426,0.414368,-0.21605500000000002,VNM,DEU,7251
240,61,1218,1968,0,1488,-1.165284,-0.661817,VUT,DEU,7251
244,61,1218,1968,0,4637,-0.713819,-0.722625,YMD,DEU,7251
245,61,1218,1968,11800,796866,1.0230700000000001,2.3184560000000003,YUG,DEU,7251
246,61,1218,1968,4609,623150,-0.397811,-0.621199,ZAF,DEU,7251
247,61,1218,1968,0,23494,-0.811549,-0.6721600000000001,ZMB,DEU,7251
248,61,1218,1968,0,10508,1.275376,1.463211,ZWE,DEU,7251
249,61,1218,1968,0,21745,1.152169,1.691066,TWN,DEU,7251
14,64,1218,1968,0,3661,0.215398,0.115257,AUS,DNK,7251
15,64,1218,1968,1432,746,1.94925,1.6721810000000001,AUT,DNK,7251
18,64,1218,1968,4839,64465,1.529065,2.472506,BEL,DNK,7251
31,64,1218,1968,0,571,-0.8851379999999999,-0.772063,BOL,DNK,7251
39,64,1218,1968,0,2982,0.6867270000000001,0.846297,CAN,DNK,7251
41,64,1218,1968,159671,6974,2.1128139999999997,2.181377,CHE,DNK,7251
42,64,1218,1968,0,453,0.042475,-0.45777299999999993,CHL,DNK,7251
53,64,1218,1968,1811,0,1.6086129999999998,2.804711,CSK,DNK,7251
61,64,1218,1968,821986,47706,2.2253979999999998,-1.8081060000000002,DEU,DNK,7251
71,64,1218,1968,0,2495,0.781529,1.259275,ESP,DNK,7251
74,64,1218,1968,51539,1601,1.401928,1.205835,FIN,DNK,7251
77,64,1218,1968,1943,41963,1.7160810000000002,1.713236,FRA,DNK,7251
81,64,1218,1968,128217,41685,2.058025,0.677452,GBR,DNK,7251
104,64,1218,1968,0,1671,0.1404,0.23993299999999998,IND,DNK,7251
106,64,1218,1968,0,373,1.054101,1.252786,IRL,DNK,7251
107,64,1218,1968,0,1366,-0.731453,-0.764668,IRN,DNK,7251
110,64,1218,1968,701,14171,1.105346,0.8750629999999999,ISR,DNK,7251
111,64,1218,1968,5685,1905,1.8991650000000002,1.865793,ITA,DNK,7251
114,64,1218,1968,4815,2842,1.844871,2.2220470000000003,JPN,DNK,7251
116,64,1218,1968,0,1317,-0.301844,-0.318616,KEN,DNK,7251
124,64,1218,1968,0,3982,0.7129770000000001,1.136677,LBN,DNK,7251
128,64,1218,1968,0,861,-1.048844,-0.673287,LKA,DNK,7251
134,64,1218,1968,0,397,-0.219575,-0.657712,MAR,DNK,7251
138,64,1218,1968,0,643,0.306611,0.36893000000000004,MEX,DNK,7251
160,64,1218,1968,0,276,0.141456,-0.299055,NIC,DNK,7251
162,64,1218,1968,21948,2360,1.4081620000000001,2.841383,NLD,DNK,7251
163,64,1218,1968,55723,8654,1.258037,1.6438409999999999,NOR,DNK,7251
166,64,1218,1968,0,1475,0.184389,-0.451151,NZL,DNK,7251
186,64,1218,1968,0,357693,0.429629,0.513075,RUS,DNK,7251
192,64,1218,1968,0,2281,0.34532199999999996,0.624988,SGP,DNK,7251
208,64,1218,1968,454772,64608,1.968017,2.7641270000000002,SWE,DNK,7251
216,64,1218,1968,0,3439,-0.59446,-0.7126439999999999,THA,DNK,7251
231,64,1218,1968,118102,13539,1.9577650000000002,1.500362,USA,DNK,7251
236,64,1218,1968,0,16196,-0.7130850000000001,-0.5042939999999999,VEN,DNK,7251
246,64,1218,1968,0,1193,-0.397811,-0.621199,ZAF,DNK,7251
250,64,1218,1968,0,965,0.8133859999999999,0.47075900000000004,ANS,DNK,7251
8,77,1218,1968,0,5577,0.148111,0.088328,ARG,FRA,7251
14,77,1218,1968,0,8186,0.215398,0.115257,AUS,FRA,7251
15,77,1218,1968,21328,35716,1.94925,1.6721810000000001,AUT,FRA,7251
18,77,1218,1968,378461,241326,1.529065,2.472506,BEL,FRA,7251
21,77,1218,1968,0,414,-0.21085,-0.5524640000000001,BFA,FRA,7251
23,77,1218,1968,0,5334,0.581187,0.53879,BGR,FRA,7251
32,77,1218,1968,0,42465,-0.325932,-0.334875,BRA,FRA,7251
39,77,1218,1968,8350,47654,0.6867270000000001,0.846297,CAN,FRA,7251
41,77,1218,1968,597577,133146,2.1128139999999997,2.181377,CHE,FRA,7251
42,77,1218,1968,0,1129,0.042475,-0.45777299999999993,CHL,FRA,7251
43,77,1218,1968,0,50709,0.610282,1.61494,CHN,FRA,7251
44,77,1218,1968,0,22133,-0.9004639999999999,-0.815828,CIV,FRA,7251
45,77,1218,1968,0,71555,-0.448082,-0.43909899999999996,CMR,FRA,7251
46,77,1218,1968,0,1284,-1.2018229999999999,-0.6680229999999999,COD,FRA,7251
47,77,1218,1968,0,1548,-1.0615450000000002,-0.736701,COG,FRA,7251
53,77,1218,1968,7848,22694,1.6086129999999998,2.804711,CSK,FRA,7251
61,77,1218,1968,5469956,439989,2.2253979999999998,-1.8081060000000002,DEU,FRA,7251
64,77,1218,1968,41963,1943,1.5995489999999999,2.6483209999999997,DNK,FRA,7251
66,77,1218,1968,1131,240185,-0.6151939999999999,-0.68092,DZA,FRA,7251
67,77,1218,1968,0,3855,-0.5838800000000001,-0.767904,ECU,FRA,7251
68,77,1218,1968,0,6096,0.141193,-0.395386,EGY,FRA,7251
71,77,1218,1968,18898,115103,0.781529,1.259275,ESP,FRA,7251
73,77,1218,1968,0,56489,-0.8907879999999999,-0.983032,ETH,FRA,7251
74,77,1218,1968,20474,53480,1.401928,1.205835,FIN,FRA,7251
80,77,1218,1968,0,467,-1.370584,-0.627224,GAB,FRA,7251
81,77,1218,1968,494482,162499,2.058025,0.677452,GBR,FRA,7251
86,77,1218,1968,0,2759,-0.408167,-0.372355,GLP,FRA,7251
90,77,1218,1968,0,4705,0.120538,-0.135025,GRC,FRA,7251
102,77,1218,1968,0,1148,0.9154209999999999,1.253378,HUN,FRA,7251
104,77,1218,1968,0,66916,0.1404,0.23993299999999998,IND,FRA,7251
106,77,1218,1968,0,17961,1.054101,1.252786,IRL,FRA,7251
107,77,1218,1968,0,13138,-0.731453,-0.764668,IRN,FRA,7251
108,77,1218,1968,0,5540,-0.935797,-0.522099,IRQ,FRA,7251
110,77,1218,1968,0,5185,1.105346,0.8750629999999999,ISR,FRA,7251
111,77,1218,1968,1038089,765949,1.8991650000000002,1.865793,ITA,FRA,7251
114,77,1218,1968,2368,8598,1.844871,2.2220470000000003,JPN,FRA,7251
122,77,1218,1968,0,4326,-1.2088969999999999,-0.480887,KWT,FRA,7251
124,77,1218,1968,2842,37254,0.7129770000000001,1.136677,LBN,FRA,7251
134,77,1218,1968,411,208696,-0.219575,-0.657712,MAR,FRA,7251
136,77,1218,1968,0,22266,-0.684883,-0.839874,MDG,FRA,7251
138,77,1218,1968,0,16188,0.306611,0.36893000000000004,MEX,FRA,7251
143,77,1218,1968,0,1035,-0.96686,-0.782324,MMR,FRA,7251
147,77,1218,1968,0,6021,-0.859319,-0.818945,MOZ,FRA,7251
150,77,1218,1968,0,2882,0.026755,-0.5054850000000001,MTQ,FRA,7251
157,77,1218,1968,0,776,-0.621916,-0.715214,NER,FRA,7251
159,77,1218,1968,0,2230,-1.317379,-0.822881,NGA,FRA,7251
162,77,1218,1968,339189,52980,1.4081620000000001,2.841383,NLD,FRA,7251
163,77,1218,1968,2769,60643,1.258037,1.6438409999999999,NOR,FRA,7251
166,77,1218,1968,0,8515,0.184389,-0.451151,NZL,FRA,7251
168,77,1218,1968,0,412,0.17055499999999998,-0.249302,PAK,FRA,7251
173,77,1218,1968,0,1251,-0.676242,-0.815086,PER,FRA,7251
177,77,1218,1968,0,136257,0.9209379999999999,1.762821,POL,FRA,7251
179,77,1218,1968,0,43827,1.014702,1.024988,PRT,FRA,7251
182,77,1218,1968,0,4404,-0.5570109999999999,-0.47348599999999996,PYF,FRA,7251
184,77,1218,1968,0,1010,-0.704149,-0.416626,REU,FRA,7251
185,77,1218,1968,0,8643,0.7897609999999999,0.9959479999999999,ROU,FRA,7251
186,77,1218,1968,0,1029376,0.429629,0.513075,RUS,FRA,7251
191,77,1218,1968,0,19578,-0.380494,-0.698573,SEN,FRA,7251
208,77,1218,1968,820991,120993,1.968017,2.7641270000000002,SWE,FRA,7251
214,77,1218,1968,0,323,-0.837724,-0.47968500000000003,TCD,FRA,7251
216,77,1218,1968,0,2456,-0.59446,-0.7126439999999999,THA,FRA,7251
223,77,1218,1968,0,1888,-0.129079,-0.54896,TUN,FRA,7251
224,77,1218,1968,0,5374,-0.654801,-0.8012319999999999,TUR,FRA,7251
230,77,1218,1968,0,31971,0.418634,-0.177045,URY,FRA,7251
231,77,1218,1968,577020,351202,1.9577650000000002,1.500362,USA,FRA,7251
236,77,1218,1968,0,2664,-0.7130850000000001,-0.5042939999999999,VEN,FRA,7251
240,77,1218,1968,0,888,-1.165284,-0.661817,VUT,FRA,7251
245,77,1218,1968,0,13527,1.0230700000000001,2.3184560000000003,YUG,FRA,7251
246,77,1218,1968,0,58679,-0.397811,-0.621199,ZAF,FRA,7251
250,77,1218,1968,0,744,0.8133859999999999,0.47075900000000004,ANS,FRA,7251
2,81,1218,1968,363,123587,-1.129591,-0.880391,AGO,GBR,7251
8,81,1218,1968,0,70570,0.148111,0.088328,ARG,GBR,7251
14,81,1218,1968,20788,1731258,0.215398,0.115257,AUS,GBR,7251
15,81,1218,1968,110165,255782,1.94925,1.6721810000000001,AUT,GBR,7251
18,81,1218,1968,55718,465302,1.529065,2.472506,BEL,GBR,7251
23,81,1218,1968,0,761,0.581187,0.53879,BGR,GBR,7251
32,81,1218,1968,0,284524,-0.325932,-0.334875,BRA,GBR,7251
39,81,1218,1968,54112,403688,0.6867270000000001,0.846297,CAN,GBR,7251
41,81,1218,1968,805322,169951,2.1128139999999997,2.181377,CHE,GBR,7251
42,81,1218,1968,0,18694,0.042475,-0.45777299999999993,CHL,GBR,7251
43,81,1218,1968,440,915,0.610282,1.61494,CHN,GBR,7251
44,81,1218,1968,0,2075,-0.9004639999999999,-0.815828,CIV,GBR,7251
45,81,1218,1968,0,546,-0.448082,-0.43909899999999996,CMR,GBR,7251
46,81,1218,1968,0,830,-1.2018229999999999,-0.6680229999999999,COD,GBR,7251
49,81,1218,1968,0,22092,-0.179843,-0.5681729999999999,COL,GBR,7251
52,81,1218,1968,0,4668,0.926132,0.544143,CRI,GBR,7251
53,81,1218,1968,22531,139509,1.6086129999999998,2.804711,CSK,GBR,7251
54,81,1218,1968,0,719,0.19656600000000002,-0.645117,CUB,GBR,7251
58,81,1218,1968,0,1439,-0.154697,-0.659162,CYP,GBR,7251
61,81,1218,1968,3057874,806751,2.2253979999999998,-1.8081060000000002,DEU,GBR,7251
64,81,1218,1968,41685,128217,1.5995489999999999,2.6483209999999997,DNK,GBR,7251
66,81,1218,1968,0,1017,-0.6151939999999999,-0.68092,DZA,GBR,7251
67,81,1218,1968,0,597,-0.5838800000000001,-0.767904,ECU,GBR,7251
68,81,1218,1968,287,2265,0.141193,-0.395386,EGY,GBR,7251
71,81,1218,1968,6979,176945,0.781529,1.259275,ESP,GBR,7251
73,81,1218,1968,0,27837,-0.8907879999999999,-0.983032,ETH,GBR,7251
74,81,1218,1968,76243,1186302,1.401928,1.205835,FIN,GBR,7251
75,81,1218,1968,0,632,-0.04004,-0.562962,FJI,GBR,7251
77,81,1218,1968,162499,494482,1.7160810000000002,1.713236,FRA,GBR,7251
83,81,1218,1968,0,4282,-0.995481,-0.76246,GHA,GBR,7251
90,81,1218,1968,0,66564,0.120538,-0.135025,GRC,GBR,7251
93,81,1218,1968,0,1697,0.5246930000000001,0.169407,GTM,GBR,7251
97,81,1218,1968,0,1312,1.397888,1.218178,HKG,GBR,7251
102,81,1218,1968,0,17138,0.9154209999999999,1.253378,HUN,GBR,7251
103,81,1218,1968,0,1673,-1.210591,-0.7402310000000001,IDN,GBR,7251
104,81,1218,1968,582,264294,0.1404,0.23993299999999998,IND,GBR,7251
106,81,1218,1968,31015,300202,1.054101,1.252786,IRL,GBR,7251
107,81,1218,1968,0,75686,-0.731453,-0.764668,IRN,GBR,7251
109,81,1218,1968,0,1223,0.282911,-0.326735,ISL,GBR,7251
110,81,1218,1968,1139,96130,1.105346,0.8750629999999999,ISR,GBR,7251
111,81,1218,1968,114966,1428124,1.8991650000000002,1.865793,ITA,GBR,7251
112,81,1218,1968,0,41573,0.206492,-0.587264,JAM,GBR,7251
113,81,1218,1968,0,2208,0.402134,-0.18620599999999998,JOR,GBR,7251
114,81,1218,1968,2516,56946,1.844871,2.2220470000000003,JPN,GBR,7251
116,81,1218,1968,0,9103,-0.301844,-0.318616,KEN,GBR,7251
118,81,1218,1968,0,1457,-0.6683680000000001,-0.9116620000000001,KHM,GBR,7251
121,81,1218,1968,0,1273,0.992735,0.683944,KOR,GBR,7251
122,81,1218,1968,0,3430,-1.2088969999999999,-0.480887,KWT,GBR,7251
124,81,1218,1968,0,4350,0.7129770000000001,1.136677,LBN,GBR,7251
126,81,1218,1968,0,2822,-1.864928,-0.47663500000000003,LBY,GBR,7251
128,81,1218,1968,0,8280,-1.048844,-0.673287,LKA,GBR,7251
134,81,1218,1968,0,4177,-0.219575,-0.657712,MAR,GBR,7251
138,81,1218,1968,0,91600,0.306611,0.36893000000000004,MEX,GBR,7251
142,81,1218,1968,0,2744,1.418505,1.216724,MLT,GBR,7251
143,81,1218,1968,0,42912,-0.96686,-0.782324,MMR,GBR,7251
147,81,1218,1968,0,3078,-0.859319,-0.818945,MOZ,GBR,7251
152,81,1218,1968,0,602,-0.6704289999999999,-0.747872,MWI,GBR,7251
153,81,1218,1968,0,6337,-0.530212,-0.618034,MYS,GBR,7251
159,81,1218,1968,0,5037,-1.317379,-0.822881,NGA,GBR,7251
162,81,1218,1968,433097,265837,1.4081620000000001,2.841383,NLD,GBR,7251
163,81,1218,1968,33428,241091,1.258037,1.6438409999999999,NOR,GBR,7251
166,81,1218,1968,1700,978435,0.184389,-0.451151,NZL,GBR,7251
167,81,1218,1968,0,622,-1.563004,-0.448748,OMN,GBR,7251
168,81,1218,1968,0,119806,0.17055499999999998,-0.249302,PAK,GBR,7251
173,81,1218,1968,0,2889,-0.676242,-0.815086,PER,GBR,7251
174,81,1218,1968,0,16585,-0.38509499999999997,-0.708784,PHL,GBR,7251
177,81,1218,1968,0,811239,0.9209379999999999,1.762821,POL,GBR,7251
179,81,1218,1968,3418,88355,1.014702,1.024988,PRT,GBR,7251
185,81,1218,1968,0,6549,0.7897609999999999,0.9959479999999999,ROU,GBR,7251
186,81,1218,1968,0,282606,0.429629,0.513075,RUS,GBR,7251
188,81,1218,1968,0,627,-1.510775,-0.48828699999999997,SAU,GBR,7251
190,81,1218,1968,0,8266,-1.18039,-0.908206,SDN,GBR,7251
192,81,1218,1968,0,21936,0.34532199999999996,0.624988,SGP,GBR,7251
196,81,1218,1968,0,913,-1.055491,-0.736395,SLE,GBR,7251
197,81,1218,1968,0,1439,0.8662620000000001,0.791027,SLV,GBR,7251
208,81,1218,1968,533166,1680748,1.968017,2.7641270000000002,SWE,GBR,7251
216,81,1218,1968,0,149724,-0.59446,-0.7126439999999999,THA,GBR,7251
222,81,1218,1968,0,12978,0.388499,-0.182041,TTO,GBR,7251
223,81,1218,1968,0,530,-0.129079,-0.54896,TUN,GBR,7251
224,81,1218,1968,0,5347,-0.654801,-0.8012319999999999,TUR,GBR,7251
226,81,1218,1968,0,1819,-1.2084840000000001,-0.893344,TZA,GBR,7251
227,81,1218,1968,0,14710,-1.381566,-0.770883,UGA,GBR,7251
230,81,1218,1968,0,1086,0.418634,-0.177045,URY,GBR,7251
231,81,1218,1968,1142348,906770,1.9577650000000002,1.500362,USA,GBR,7251
236,81,1218,1968,0,15906,-0.7130850000000001,-0.5042939999999999,VEN,GBR,7251
245,81,1218,1968,434,44442,1.0230700000000001,2.3184560000000003,YUG,GBR,7251
246,81,1218,1968,97200,735461,-0.397811,-0.621199,ZAF,GBR,7251
247,81,1218,1968,0,28301,-0.811549,-0.6721600000000001,ZMB,GBR,7251
249,81,1218,1968,0,3837,1.152169,1.691066,TWN,GBR,7251
250,81,1218,1968,561,2608,0.8133859999999999,0.47075900000000004,ANS,GBR,7251
15,90,1218,1968,30558,0,1.94925,1.6721810000000001,AUT,GRC,7251
18,90,1218,1968,1574,0,1.529065,2.472506,BEL,GRC,7251
39,90,1218,1968,1482,0,0.6867270000000001,0.846297,CAN,GRC,7251
41,90,1218,1968,38344,0,2.1128139999999997,2.181377,CHE,GRC,7251
53,90,1218,1968,11257,0,1.6086129999999998,2.804711,CSK,GRC,7251
61,90,1218,1968,1567170,946,2.2253979999999998,-1.8081060000000002,DEU,GRC,7251
77,90,1218,1968,4705,0,1.7160810000000002,1.713236,FRA,GRC,7251
81,90,1218,1968,66564,0,2.058025,0.677452,GBR,GRC,7251
104,90,1218,1968,534,0,0.1404,0.23993299999999998,IND,GRC,7251
111,90,1218,1968,95655,26369,1.8991650000000002,1.865793,ITA,GRC,7251
162,90,1218,1968,2089,1641,1.4081620000000001,2.841383,NLD,GRC,7251
163,90,1218,1968,398,0,1.258037,1.6438409999999999,NOR,GRC,7251
208,90,1218,1968,6960,0,1.968017,2.7641270000000002,SWE,GRC,7251
231,90,1218,1968,80759,0,1.9577650000000002,1.500362,USA,GRC,7251
14,97,1218,1968,1590,0,0.215398,0.115257,AUS,HKG,7251
41,97,1218,1968,2213,0,2.1128139999999997,2.181377,CHE,HKG,7251
43,97,1218,1968,19446,0,0.610282,1.61494,CHN,HKG,7251
53,97,1218,1968,442,0,1.6086129999999998,2.804711,CSK,HKG,7251
61,97,1218,1968,50502,1496,2.2253979999999998,-1.8081060000000002,DEU,HKG,7251
73,97,1218,1968,0,1620,-0.8907879999999999,-0.983032,ETH,HKG,7251
81,97,1218,1968,1312,0,2.058025,0.677452,GBR,HKG,7251
103,97,1218,1968,0,9032,-1.210591,-0.7402310000000001,IDN,HKG,7251
114,97,1218,1968,30603,434,1.844871,2.2220470000000003,JPN,HKG,7251
118,97,1218,1968,0,935,-0.6683680000000001,-0.9116620000000001,KHM,HKG,7251
153,97,1218,1968,0,2649,-0.530212,-0.618034,MYS,HKG,7251
159,97,1218,1968,0,1498,-1.317379,-0.822881,NGA,HKG,7251
162,97,1218,1968,22505,0,1.4081620000000001,2.841383,NLD,HKG,7251
174,97,1218,1968,0,9753,-0.38509499999999997,-0.708784,PHL,HKG,7251
192,97,1218,1968,0,5733,0.34532199999999996,0.624988,SGP,HKG,7251
216,97,1218,1968,0,3668,-0.59446,-0.7126439999999999,THA,HKG,7251
231,97,1218,1968,8031,0,1.9577650000000002,1.500362,USA,HKG,7251
239,97,1218,1968,0,3268,0.414368,-0.21605500000000002,VNM,HKG,7251
249,97,1218,1968,3370,1484,1.152169,1.691066,TWN,HKG,7251
15,104,1218,1968,5198,0,1.94925,1.6721810000000001,AUT,IND,7251
18,104,1218,1968,1964,0,1.529065,2.472506,BEL,IND,7251
39,104,1218,1968,387,0,0.6867270000000001,0.846297,CAN,IND,7251
41,104,1218,1968,681,0,2.1128139999999997,2.181377,CHE,IND,7251
53,104,1218,1968,14116,0,1.6086129999999998,2.804711,CSK,IND,7251
61,104,1218,1968,394502,519,2.2253979999999998,-1.8081060000000002,DEU,IND,7251
64,104,1218,1968,1671,0,1.5995489999999999,2.6483209999999997,DNK,IND,7251
68,104,1218,1968,0,2131,0.141193,-0.395386,EGY,IND,7251
74,104,1218,1968,1734,0,1.401928,1.205835,FIN,IND,7251
77,104,1218,1968,66916,0,1.7160810000000002,1.713236,FRA,IND,7251
81,104,1218,1968,264294,582,2.058025,0.677452,GBR,IND,7251
90,104,1218,1968,0,534,0.120538,-0.135025,GRC,IND,7251
111,104,1218,1968,125534,0,1.8991650000000002,1.865793,ITA,IND,7251
114,104,1218,1968,13300,0,1.844871,2.2220470000000003,JPN,IND,7251
121,104,1218,1968,0,453,0.992735,0.683944,KOR,IND,7251
128,104,1218,1968,0,981,-1.048844,-0.673287,LKA,IND,7251
162,104,1218,1968,1783,0,1.4081620000000001,2.841383,NLD,IND,7251
163,104,1218,1968,1984,0,1.258037,1.6438409999999999,NOR,IND,7251
177,104,1218,1968,41398,0,0.9209379999999999,1.762821,POL,IND,7251
186,104,1218,1968,8564,0,0.429629,0.513075,RUS,IND,7251
208,104,1218,1968,240439,0,1.968017,2.7641270000000002,SWE,IND,7251
216,104,1218,1968,0,2385,-0.59446,-0.7126439999999999,THA,IND,7251
231,104,1218,1968,334267,3519,1.9577650000000002,1.500362,USA,IND,7251
245,104,1218,1968,0,779,1.0230700000000001,2.3184560000000003,YUG,IND,7251
250,104,1218,1968,0,441,0.8133859999999999,0.47075900000000004,ANS,IND,7251
15,107,1218,1968,7382,0,1.94925,1.6721810000000001,AUT,IRN,7251
18,107,1218,1968,538,0,1.529065,2.472506,BEL,IRN,7251
41,107,1218,1968,30001,0,2.1128139999999997,2.181377,CHE,IRN,7251
53,107,1218,1968,6976,0,1.6086129999999998,2.804711,CSK,IRN,7251
61,107,1218,1968,202471,0,2.2253979999999998,-1.8081060000000002,DEU,IRN,7251
64,107,1218,1968,1366,0,1.5995489999999999,2.6483209999999997,DNK,IRN,7251
74,107,1218,1968,9397,0,1.401928,1.205835,FIN,IRN,7251
77,107,1218,1968,13138,0,1.7160810000000002,1.713236,FRA,IRN,7251
81,107,1218,1968,75686,0,2.058025,0.677452,GBR,IRN,7251
111,107,1218,1968,74013,0,1.8991650000000002,1.865793,ITA,IRN,7251
114,107,1218,1968,4037,0,1.844871,2.2220470000000003,JPN,IRN,7251
162,107,1218,1968,5797,0,1.4081620000000001,2.841383,NLD,IRN,7251
167,107,1218,1968,0,608,-1.563004,-0.448748,OMN,IRN,7251
177,107,1218,1968,403,0,0.9209379999999999,1.762821,POL,IRN,7251
185,107,1218,1968,2626,0,0.7897609999999999,0.9959479999999999,ROU,IRN,7251
186,107,1218,1968,3077,0,0.429629,0.513075,RUS,IRN,7251
208,107,1218,1968,81020,0,1.968017,2.7641270000000002,SWE,IRN,7251
231,107,1218,1968,26962,0,1.9577650000000002,1.500362,USA,IRN,7251
2,111,1218,1968,0,3623,-1.129591,-0.880391,AGO,ITA,7251
4,111,1218,1968,410,0,0.193555,-0.448741,ALB,ITA,7251
8,111,1218,1968,0,40676,0.148111,0.088328,ARG,ITA,7251
14,111,1218,1968,4615,32619,0.215398,0.115257,AUS,ITA,7251
15,111,1218,1968,33747,33755,1.94925,1.6721810000000001,AUT,ITA,7251
18,111,1218,1968,137086,1030452,1.529065,2.472506,BEL,ITA,7251
19,111,1218,1968,0,51342,-0.820837,-0.669663,BEN,ITA,7251
31,111,1218,1968,0,4216,-0.8851379999999999,-0.772063,BOL,ITA,7251
32,111,1218,1968,0,102822,-0.325932,-0.334875,BRA,ITA,7251
39,111,1218,1968,21916,28989,0.6867270000000001,0.846297,CAN,ITA,7251
41,111,1218,1968,235416,358237,2.1128139999999997,2.181377,CHE,ITA,7251
42,111,1218,1968,0,49601,0.042475,-0.45777299999999993,CHL,ITA,7251
46,111,1218,1968,0,36759,-1.2018229999999999,-0.6680229999999999,COD,ITA,7251
49,111,1218,1968,0,6605,-0.179843,-0.5681729999999999,COL,ITA,7251
53,111,1218,1968,1033,175379,1.6086129999999998,2.804711,CSK,ITA,7251
61,111,1218,1968,4976432,850577,2.2253979999999998,-1.8081060000000002,DEU,ITA,7251
64,111,1218,1968,1905,5685,1.5995489999999999,2.6483209999999997,DNK,ITA,7251
65,111,1218,1968,0,449,-0.739667,-0.834332,DOM,ITA,7251
66,111,1218,1968,0,6285,-0.6151939999999999,-0.68092,DZA,ITA,7251
67,111,1218,1968,0,2262,-0.5838800000000001,-0.767904,ECU,ITA,7251
68,111,1218,1968,1081,8004,0.141193,-0.395386,EGY,ITA,7251
71,111,1218,1968,20526,722803,0.781529,1.259275,ESP,ITA,7251
73,111,1218,1968,0,4744,-0.8907879999999999,-0.983032,ETH,ITA,7251
74,111,1218,1968,622686,104805,1.401928,1.205835,FIN,ITA,7251
77,111,1218,1968,765949,1038089,1.7160810000000002,1.713236,FRA,ITA,7251
81,111,1218,1968,1428124,114966,2.058025,0.677452,GBR,ITA,7251
90,111,1218,1968,26369,95655,0.120538,-0.135025,GRC,ITA,7251
102,111,1218,1968,0,2302,0.9154209999999999,1.253378,HUN,ITA,7251
103,111,1218,1968,0,1626,-1.210591,-0.7402310000000001,IDN,ITA,7251
104,111,1218,1968,0,125534,0.1404,0.23993299999999998,IND,ITA,7251
106,111,1218,1968,0,11508,1.054101,1.252786,IRL,ITA,7251
107,111,1218,1968,0,74013,-0.731453,-0.764668,IRN,ITA,7251
110,111,1218,1968,449,19013,1.105346,0.8750629999999999,ISR,ITA,7251
112,111,1218,1968,0,801,0.206492,-0.587264,JAM,ITA,7251
114,111,1218,1968,2200,42934,1.844871,2.2220470000000003,JPN,ITA,7251
116,111,1218,1968,0,958,-0.301844,-0.318616,KEN,ITA,7251
118,111,1218,1968,0,3179,-0.6683680000000001,-0.9116620000000001,KHM,ITA,7251
122,111,1218,1968,0,483,-1.2088969999999999,-0.480887,KWT,ITA,7251
124,111,1218,1968,0,17139,0.7129770000000001,1.136677,LBN,ITA,7251
125,111,1218,1968,0,900,-0.974225,-0.554678,LBR,ITA,7251
126,111,1218,1968,0,7297,-1.864928,-0.47663500000000003,LBY,ITA,7251
134,111,1218,1968,0,7561,-0.219575,-0.657712,MAR,ITA,7251
136,111,1218,1968,0,3322,-0.684883,-0.839874,MDG,ITA,7251
138,111,1218,1968,0,956798,0.306611,0.36893000000000004,MEX,ITA,7251
142,111,1218,1968,0,533,1.418505,1.216724,MLT,ITA,7251
147,111,1218,1968,0,5277,-0.859319,-0.818945,MOZ,ITA,7251
148,111,1218,1968,0,174,-0.584021,-0.6288090000000001,MRT,ITA,7251
153,111,1218,1968,0,4209,-0.530212,-0.618034,MYS,ITA,7251
159,111,1218,1968,0,11727,-1.317379,-0.822881,NGA,ITA,7251
162,111,1218,1968,202875,104888,1.4081620000000001,2.841383,NLD,ITA,7251
163,111,1218,1968,64816,15534,1.258037,1.6438409999999999,NOR,ITA,7251
166,111,1218,1968,0,17213,0.184389,-0.451151,NZL,ITA,7251
168,111,1218,1968,0,86856,0.17055499999999998,-0.249302,PAK,ITA,7251
169,111,1218,1968,0,559,1.151761,0.8629450000000001,PAN,ITA,7251
173,111,1218,1968,0,25373,-0.676242,-0.815086,PER,ITA,7251
174,111,1218,1968,0,5130,-0.38509499999999997,-0.708784,PHL,ITA,7251
177,111,1218,1968,0,24370,0.9209379999999999,1.762821,POL,ITA,7251
179,111,1218,1968,0,15097,1.014702,1.024988,PRT,ITA,7251
185,111,1218,1968,0,5433,0.7897609999999999,0.9959479999999999,ROU,ITA,7251
186,111,1218,1968,0,26869,0.429629,0.513075,RUS,ITA,7251
188,111,1218,1968,0,6438,-1.510775,-0.48828699999999997,SAU,ITA,7251
190,111,1218,1968,0,355,-1.18039,-0.908206,SDN,ITA,7251
192,111,1218,1968,0,17329,0.34532199999999996,0.624988,SGP,ITA,7251
197,111,1218,1968,0,1833,0.8662620000000001,0.791027,SLV,ITA,7251
208,111,1218,1968,383106,38706,1.968017,2.7641270000000002,SWE,ITA,7251
212,111,1218,1968,0,636,-0.14453,-0.669121,SYR,ITA,7251
216,111,1218,1968,0,6423,-0.59446,-0.7126439999999999,THA,ITA,7251
223,111,1218,1968,0,2869,-0.129079,-0.54896,TUN,ITA,7251
224,111,1218,1968,0,22477,-0.654801,-0.8012319999999999,TUR,ITA,7251
226,111,1218,1968,0,1336,-1.2084840000000001,-0.893344,TZA,ITA,7251
230,111,1218,1968,0,9998,0.418634,-0.177045,URY,ITA,7251
231,111,1218,1968,333609,292384,1.9577650000000002,1.500362,USA,ITA,7251
236,111,1218,1968,0,27525,-0.7130850000000001,-0.5042939999999999,VEN,ITA,7251
239,111,1218,1968,0,46882,0.414368,-0.21605500000000002,VNM,ITA,7251
245,111,1218,1968,2185,157127,1.0230700000000001,2.3184560000000003,YUG,ITA,7251
246,111,1218,1968,0,40208,-0.397811,-0.621199,ZAF,ITA,7251
247,111,1218,1968,0,1241,-0.811549,-0.6721600000000001,ZMB,ITA,7251
249,111,1218,1968,0,423,1.152169,1.691066,TWN,ITA,7251
250,111,1218,1968,0,881,0.8133859999999999,0.47075900000000004,ANS,ITA,7251
8,114,1218,1968,0,9677,0.148111,0.088328,ARG,JPN,7251
14,114,1218,1968,803,612542,0.215398,0.115257,AUS,JPN,7251
15,114,1218,1968,38784,0,1.94925,1.6721810000000001,AUT,JPN,7251
18,114,1218,1968,0,2180,1.529065,2.472506,BEL,JPN,7251
31,114,1218,1968,0,7901,-0.8851379999999999,-0.772063,BOL,JPN,7251
32,114,1218,1968,0,14007,-0.325932,-0.334875,BRA,JPN,7251
39,114,1218,1968,9959,214858,0.6867270000000001,0.846297,CAN,JPN,7251
41,114,1218,1968,321142,0,2.1128139999999997,2.181377,CHE,JPN,7251
42,114,1218,1968,0,2609,0.042475,-0.45777299999999993,CHL,JPN,7251
43,114,1218,1968,0,20889,0.610282,1.61494,CHN,JPN,7251
53,114,1218,1968,493,0,1.6086129999999998,2.804711,CSK,JPN,7251
61,114,1218,1968,1410408,50631,2.2253979999999998,-1.8081060000000002,DEU,JPN,7251
64,114,1218,1968,2842,4815,1.5995489999999999,2.6483209999999997,DNK,JPN,7251
67,114,1218,1968,0,444,-0.5838800000000001,-0.767904,ECU,JPN,7251
68,114,1218,1968,0,2766,0.141193,-0.395386,EGY,JPN,7251
71,114,1218,1968,0,34568,0.781529,1.259275,ESP,JPN,7251
74,114,1218,1968,15076,180172,1.401928,1.205835,FIN,JPN,7251
77,114,1218,1968,8598,2368,1.7160810000000002,1.713236,FRA,JPN,7251
81,114,1218,1968,56946,2516,2.058025,0.677452,GBR,JPN,7251
83,114,1218,1968,0,1301,-0.995481,-0.76246,GHA,JPN,7251
93,114,1218,1968,0,1217,0.5246930000000001,0.169407,GTM,JPN,7251
97,114,1218,1968,434,30603,1.397888,1.218178,HKG,JPN,7251
103,114,1218,1968,0,1391,-1.210591,-0.7402310000000001,IDN,JPN,7251
104,114,1218,1968,0,13300,0.1404,0.23993299999999998,IND,JPN,7251
107,114,1218,1968,0,4037,-0.731453,-0.764668,IRN,JPN,7251
108,114,1218,1968,0,5986,-0.935797,-0.522099,IRQ,JPN,7251
110,114,1218,1968,0,350,1.105346,0.8750629999999999,ISR,JPN,7251
111,114,1218,1968,42934,2200,1.8991650000000002,1.865793,ITA,JPN,7251
118,114,1218,1968,0,1056,-0.6683680000000001,-0.9116620000000001,KHM,JPN,7251
121,114,1218,1968,844,577623,0.992735,0.683944,KOR,JPN,7251
128,114,1218,1968,0,1430,-1.048844,-0.673287,LKA,JPN,7251
138,114,1218,1968,0,8268,0.306611,0.36893000000000004,MEX,JPN,7251
143,114,1218,1968,0,10755,-0.96686,-0.782324,MMR,JPN,7251
153,114,1218,1968,0,1720,-0.530212,-0.618034,MYS,JPN,7251
159,114,1218,1968,0,2477,-1.317379,-0.822881,NGA,JPN,7251
162,114,1218,1968,1118,8478,1.4081620000000001,2.841383,NLD,JPN,7251
163,114,1218,1968,77799,0,1.258037,1.6438409999999999,NOR,JPN,7251
166,114,1218,1968,0,816,0.184389,-0.451151,NZL,JPN,7251
168,114,1218,1968,0,78983,0.17055499999999998,-0.249302,PAK,JPN,7251
173,114,1218,1968,0,657,-0.676242,-0.815086,PER,JPN,7251
174,114,1218,1968,1426,641157,-0.38509499999999997,-0.708784,PHL,JPN,7251
176,114,1218,1968,0,4204,-0.9894790000000001,-0.735923,PNG,JPN,7251
178,114,1218,1968,0,2445,0.353216,-0.371603,PRK,JPN,7251
186,114,1218,1968,0,122942,0.429629,0.513075,RUS,JPN,7251
188,114,1218,1968,0,358,-1.510775,-0.48828699999999997,SAU,JPN,7251
190,114,1218,1968,0,3682,-1.18039,-0.908206,SDN,JPN,7251
192,114,1218,1968,0,51903,0.34532199999999996,0.624988,SGP,JPN,7251
196,114,1218,1968,0,2043,-1.055491,-0.736395,SLE,JPN,7251
197,114,1218,1968,0,1556,0.8662620000000001,0.791027,SLV,JPN,7251
208,114,1218,1968,926207,1784,1.968017,2.7641270000000002,SWE,JPN,7251
216,114,1218,1968,619,94314,-0.59446,-0.7126439999999999,THA,JPN,7251
226,114,1218,1968,0,2869,-1.2084840000000001,-0.893344,TZA,JPN,7251
231,114,1218,1968,858888,811497,1.9577650000000002,1.500362,USA,JPN,7251
236,114,1218,1968,0,1145,-0.7130850000000001,-0.5042939999999999,VEN,JPN,7251
239,114,1218,1968,0,30287,0.414368,-0.21605500000000002,VNM,JPN,7251
245,114,1218,1968,0,13733,1.0230700000000001,2.3184560000000003,YUG,JPN,7251
246,114,1218,1968,0,367,-0.397811,-0.621199,ZAF,JPN,7251
249,114,1218,1968,446,431897,1.152169,1.691066,TWN,JPN,7251
250,114,1218,1968,988,78664,0.8133859999999999,0.47075900000000004,ANS,JPN,7251
18,124,1218,1968,29459,0,1.529065,2.472506,BEL,LBN,7251
41,124,1218,1968,1034,0,2.1128139999999997,2.181377,CHE,LBN,7251
53,124,1218,1968,6877,0,1.6086129999999998,2.804711,CSK,LBN,7251
61,124,1218,1968,45187,0,2.2253979999999998,-1.8081060000000002,DEU,LBN,7251
64,124,1218,1968,3982,0,1.5995489999999999,2.6483209999999997,DNK,LBN,7251
77,124,1218,1968,37254,2842,1.7160810000000002,1.713236,FRA,LBN,7251
81,124,1218,1968,4350,0,2.058025,0.677452,GBR,LBN,7251
111,124,1218,1968,17139,0,1.8991650000000002,1.865793,ITA,LBN,7251
113,124,1218,1968,0,1087,0.402134,-0.18620599999999998,JOR,LBN,7251
126,124,1218,1968,0,3338,-1.864928,-0.47663500000000003,LBY,LBN,7251
162,124,1218,1968,2681,0,1.4081620000000001,2.841383,NLD,LBN,7251
163,124,1218,1968,541,0,1.258037,1.6438409999999999,NOR,LBN,7251
188,124,1218,1968,0,7014,-1.510775,-0.48828699999999997,SAU,LBN,7251
190,124,1218,1968,0,534,-1.18039,-0.908206,SDN,LBN,7251
208,124,1218,1968,1496,0,1.968017,2.7641270000000002,SWE,LBN,7251
231,124,1218,1968,3089,0,1.9577650000000002,1.500362,USA,LBN,7251
250,124,1218,1968,0,444,0.8133859999999999,0.47075900000000004,ANS,LBN,7251
6,162,1218,1968,3950,0,0.14161500000000002,-0.24035399999999998,ANT,NLD,7251
8,162,1218,1968,0,1877,0.148111,0.088328,ARG,NLD,7251
14,162,1218,1968,0,115804,0.215398,0.115257,AUS,NLD,7251
15,162,1218,1968,9005,16895,1.94925,1.6721810000000001,AUT,NLD,7251
18,162,1218,1968,188274,187945,1.529065,2.472506,BEL,NLD,7251
32,162,1218,1968,0,2999,-0.325932,-0.334875,BRA,NLD,7251
39,162,1218,1968,2403,29876,0.6867270000000001,0.846297,CAN,NLD,7251
41,162,1218,1968,175550,75335,2.1128139999999997,2.181377,CHE,NLD,7251
42,162,1218,1968,0,420,0.042475,-0.45777299999999993,CHL,NLD,7251
49,162,1218,1968,0,1524,-0.179843,-0.5681729999999999,COL,NLD,7251
52,162,1218,1968,0,95576,0.926132,0.544143,CRI,NLD,7251
53,162,1218,1968,22951,6159,1.6086129999999998,2.804711,CSK,NLD,7251
61,162,1218,1968,2778778,1029494,2.2253979999999998,-1.8081060000000002,DEU,NLD,7251
64,162,1218,1968,2360,21948,1.5995489999999999,2.6483209999999997,DNK,NLD,7251
66,162,1218,1968,0,1509,-0.6151939999999999,-0.68092,DZA,NLD,7251
71,162,1218,1968,2877,22362,0.781529,1.259275,ESP,NLD,7251
74,162,1218,1968,18736,21660,1.401928,1.205835,FIN,NLD,7251
77,162,1218,1968,52980,339189,1.7160810000000002,1.713236,FRA,NLD,7251
81,162,1218,1968,265837,433097,2.058025,0.677452,GBR,NLD,7251
90,162,1218,1968,1641,2089,0.120538,-0.135025,GRC,NLD,7251
93,162,1218,1968,0,30100,0.5246930000000001,0.169407,GTM,NLD,7251
97,162,1218,1968,0,22505,1.397888,1.218178,HKG,NLD,7251
99,162,1218,1968,0,665,-0.115754,-0.5740890000000001,HND,NLD,7251
102,162,1218,1968,0,537,0.9154209999999999,1.253378,HUN,NLD,7251
103,162,1218,1968,0,915,-1.210591,-0.7402310000000001,IDN,NLD,7251
104,162,1218,1968,0,1783,0.1404,0.23993299999999998,IND,NLD,7251
106,162,1218,1968,0,148285,1.054101,1.252786,IRL,NLD,7251
107,162,1218,1968,0,5797,-0.731453,-0.764668,IRN,NLD,7251
110,162,1218,1968,0,12250,1.105346,0.8750629999999999,ISR,NLD,7251
111,162,1218,1968,104888,202875,1.8991650000000002,1.865793,ITA,NLD,7251
112,162,1218,1968,0,2258,0.206492,-0.587264,JAM,NLD,7251
114,162,1218,1968,8478,1118,1.844871,2.2220470000000003,JPN,NLD,7251
124,162,1218,1968,0,2681,0.7129770000000001,1.136677,LBN,NLD,7251
138,162,1218,1968,0,9771,0.306611,0.36893000000000004,MEX,NLD,7251
159,162,1218,1968,0,4248,-1.317379,-0.822881,NGA,NLD,7251
160,162,1218,1968,0,1054,0.141456,-0.299055,NIC,NLD,7251
163,162,1218,1968,1755,41916,1.258037,1.6438409999999999,NOR,NLD,7251
166,162,1218,1968,0,778,0.184389,-0.451151,NZL,NLD,7251
168,162,1218,1968,0,5799,0.17055499999999998,-0.249302,PAK,NLD,7251
169,162,1218,1968,0,15131,1.151761,0.8629450000000001,PAN,NLD,7251
173,162,1218,1968,0,4273,-0.676242,-0.815086,PER,NLD,7251
174,162,1218,1968,0,6367,-0.38509499999999997,-0.708784,PHL,NLD,7251
179,162,1218,1968,0,5341,1.014702,1.024988,PRT,NLD,7251
188,162,1218,1968,0,12567,-1.510775,-0.48828699999999997,SAU,NLD,7251
190,162,1218,1968,0,680,-1.18039,-0.908206,SDN,NLD,7251
192,162,1218,1968,0,1376,0.34532199999999996,0.624988,SGP,NLD,7251
205,162,1218,1968,0,3444,-0.43228199999999994,-0.560526,SUR,NLD,7251
208,162,1218,1968,98657,33050,1.968017,2.7641270000000002,SWE,NLD,7251
216,162,1218,1968,0,2694,-0.59446,-0.7126439999999999,THA,NLD,7251
223,162,1218,1968,0,3613,-0.129079,-0.54896,TUN,NLD,7251
231,162,1218,1968,460134,381575,1.9577650000000002,1.500362,USA,NLD,7251
236,162,1218,1968,5834,12455,-0.7130850000000001,-0.5042939999999999,VEN,NLD,7251
245,162,1218,1968,0,1545,1.0230700000000001,2.3184560000000003,YUG,NLD,7251
246,162,1218,1968,0,25806,-0.397811,-0.621199,ZAF,NLD,7251
247,162,1218,1968,0,3799,-0.811549,-0.6721600000000001,ZMB,NLD,7251
250,162,1218,1968,0,1414,0.8133859999999999,0.47075900000000004,ANS,NLD,7251
2,163,1218,1968,0,456,-1.129591,-0.880391,AGO,NOR,7251
14,163,1218,1968,0,9545,0.215398,0.115257,AUS,NOR,7251
15,163,1218,1968,18623,12422,1.94925,1.6721810000000001,AUT,NOR,7251
18,163,1218,1968,431,2496,1.529065,2.472506,BEL,NOR,7251
39,163,1218,1968,22718,35732,0.6867270000000001,0.846297,CAN,NOR,7251
41,163,1218,1968,69082,3430,2.1128139999999997,2.181377,CHE,NOR,7251
53,163,1218,1968,0,3491,1.6086129999999998,2.804711,CSK,NOR,7251
61,163,1218,1968,640384,101433,2.2253979999999998,-1.8081060000000002,DEU,NOR,7251
64,163,1218,1968,8654,55723,1.5995489999999999,2.6483209999999997,DNK,NOR,7251
68,163,1218,1968,0,133,0.141193,-0.395386,EGY,NOR,7251
71,163,1218,1968,2555,0,0.781529,1.259275,ESP,NOR,7251
74,163,1218,1968,910435,40719,1.401928,1.205835,FIN,NOR,7251
77,163,1218,1968,60643,2769,1.7160810000000002,1.713236,FRA,NOR,7251
81,163,1218,1968,241091,33428,2.058025,0.677452,GBR,NOR,7251
83,163,1218,1968,0,239,-0.995481,-0.76246,GHA,NOR,7251
90,163,1218,1968,0,398,0.120538,-0.135025,GRC,NOR,7251
104,163,1218,1968,0,1984,0.1404,0.23993299999999998,IND,NOR,7251
106,163,1218,1968,0,1742,1.054101,1.252786,IRL,NOR,7251
110,163,1218,1968,0,1018,1.105346,0.8750629999999999,ISR,NOR,7251
111,163,1218,1968,15534,64816,1.8991650000000002,1.865793,ITA,NOR,7251
114,163,1218,1968,0,77799,1.844871,2.2220470000000003,JPN,NOR,7251
116,163,1218,1968,0,2820,-0.301844,-0.318616,KEN,NOR,7251
124,163,1218,1968,0,541,0.7129770000000001,1.136677,LBN,NOR,7251
134,163,1218,1968,0,4781,-0.219575,-0.657712,MAR,NOR,7251
138,163,1218,1968,0,798,0.306611,0.36893000000000004,MEX,NOR,7251
159,163,1218,1968,0,6603,-1.317379,-0.822881,NGA,NOR,7251
162,163,1218,1968,41916,1755,1.4081620000000001,2.841383,NLD,NOR,7251
166,163,1218,1968,0,792,0.184389,-0.451151,NZL,NOR,7251
168,163,1218,1968,0,669,0.17055499999999998,-0.249302,PAK,NOR,7251
177,163,1218,1968,2228,459,0.9209379999999999,1.762821,POL,NOR,7251
179,163,1218,1968,0,4389,1.014702,1.024988,PRT,NOR,7251
186,163,1218,1968,0,1882,0.429629,0.513075,RUS,NOR,7251
208,163,1218,1968,592639,385327,1.968017,2.7641270000000002,SWE,NOR,7251
224,163,1218,1968,0,913,-0.654801,-0.8012319999999999,TUR,NOR,7251
231,163,1218,1968,189713,252554,1.9577650000000002,1.500362,USA,NOR,7251
245,163,1218,1968,0,2288,1.0230700000000001,2.3184560000000003,YUG,NOR,7251
246,163,1218,1968,0,2977,-0.397811,-0.621199,ZAF,NOR,7251
250,163,1218,1968,0,870,0.8133859999999999,0.47075900000000004,ANS,NOR,7251
14,168,1218,1968,376,0,0.215398,0.115257,AUS,PAK,7251
15,168,1218,1968,11467,0,1.94925,1.6721810000000001,AUT,PAK,7251
39,168,1218,1968,8200,0,0.6867270000000001,0.846297,CAN,PAK,7251
41,168,1218,1968,35522,0,2.1128139999999997,2.181377,CHE,PAK,7251
61,168,1218,1968,1218699,0,2.2253979999999998,-1.8081060000000002,DEU,PAK,7251
74,168,1218,1968,4484,0,1.401928,1.205835,FIN,PAK,7251
77,168,1218,1968,412,0,1.7160810000000002,1.713236,FRA,PAK,7251
81,168,1218,1968,119806,0,2.058025,0.677452,GBR,PAK,7251
111,168,1218,1968,86856,0,1.8991650000000002,1.865793,ITA,PAK,7251
114,168,1218,1968,78983,0,1.844871,2.2220470000000003,JPN,PAK,7251
162,168,1218,1968,5799,0,1.4081620000000001,2.841383,NLD,PAK,7251
163,168,1218,1968,669,0,1.258037,1.6438409999999999,NOR,PAK,7251
177,168,1218,1968,4031,0,0.9209379999999999,1.762821,POL,PAK,7251
208,168,1218,1968,27562,0,1.968017,2.7641270000000002,SWE,PAK,7251
231,168,1218,1968,38814,0,1.9577650000000002,1.500362,USA,PAK,7251
245,168,1218,1968,529,0,1.0230700000000001,2.3184560000000003,YUG,PAK,7251
15,177,1218,1968,73558,9985,1.94925,1.6721810000000001,AUT,POL,7251
18,177,1218,1968,60804,0,1.529065,2.472506,BEL,POL,7251
61,177,1218,1968,443334,0,2.2253979999999998,-1.8081060000000002,DEU,POL,7251
68,177,1218,1968,0,16846,0.141193,-0.395386,EGY,POL,7251
74,177,1218,1968,91197,0,1.401928,1.205835,FIN,POL,7251
77,177,1218,1968,136257,0,1.7160810000000002,1.713236,FRA,POL,7251
81,177,1218,1968,811239,0,2.058025,0.677452,GBR,POL,7251
104,177,1218,1968,0,41398,0.1404,0.23993299999999998,IND,POL,7251
107,177,1218,1968,0,403,-0.731453,-0.764668,IRN,POL,7251
111,177,1218,1968,24370,0,1.8991650000000002,1.865793,ITA,POL,7251
163,177,1218,1968,459,2228,1.258037,1.6438409999999999,NOR,POL,7251
168,177,1218,1968,0,4031,0.17055499999999998,-0.249302,PAK,POL,7251
208,177,1218,1968,90518,0,1.968017,2.7641270000000002,SWE,POL,7251
231,177,1218,1968,40956,0,1.9577650000000002,1.500362,USA,POL,7251
15,186,1218,1968,128666,0,1.94925,1.6721810000000001,AUT,RUS,7251
39,186,1218,1968,587,0,0.6867270000000001,0.846297,CAN,RUS,7251
41,186,1218,1968,128081,0,2.1128139999999997,2.181377,CHE,RUS,7251
47,186,1218,1968,0,1278,-1.0615450000000002,-0.736701,COG,RUS,7251
61,186,1218,1968,1070186,0,2.2253979999999998,-1.8081060000000002,DEU,RUS,7251
64,186,1218,1968,357693,0,1.5995489999999999,2.6483209999999997,DNK,RUS,7251
74,186,1218,1968,3601113,830,1.401928,1.205835,FIN,RUS,7251
77,186,1218,1968,1029376,0,1.7160810000000002,1.713236,FRA,RUS,7251
81,186,1218,1968,282606,0,2.058025,0.677452,GBR,RUS,7251
104,186,1218,1968,0,8564,0.1404,0.23993299999999998,IND,RUS,7251
107,186,1218,1968,0,3077,-0.731453,-0.764668,IRN,RUS,7251
111,186,1218,1968,26869,0,1.8991650000000002,1.865793,ITA,RUS,7251
114,186,1218,1968,122942,0,1.844871,2.2220470000000003,JPN,RUS,7251
163,186,1218,1968,1882,0,1.258037,1.6438409999999999,NOR,RUS,7251
208,186,1218,1968,1600456,0,1.968017,2.7641270000000002,SWE,RUS,7251
231,186,1218,1968,4002,0,1.9577650000000002,1.500362,USA,RUS,7251
245,186,1218,1968,5447,0,1.0230700000000001,2.3184560000000003,YUG,RUS,7251
14,192,1218,1968,2008,0,0.215398,0.115257,AUS,SGP,7251
15,192,1218,1968,941,0,1.94925,1.6721810000000001,AUT,SGP,7251
41,192,1218,1968,1293,0,2.1128139999999997,2.181377,CHE,SGP,7251
43,192,1218,1968,8473,0,0.610282,1.61494,CHN,SGP,7251
61,192,1218,1968,41844,0,2.2253979999999998,-1.8081060000000002,DEU,SGP,7251
64,192,1218,1968,2281,0,1.5995489999999999,2.6483209999999997,DNK,SGP,7251
81,192,1218,1968,21936,0,2.058025,0.677452,GBR,SGP,7251
97,192,1218,1968,5733,0,1.397888,1.218178,HKG,SGP,7251
111,192,1218,1968,17329,0,1.8991650000000002,1.865793,ITA,SGP,7251
114,192,1218,1968,51903,0,1.844871,2.2220470000000003,JPN,SGP,7251
153,192,1218,1968,2823,6740,-0.530212,-0.618034,MYS,SGP,7251
162,192,1218,1968,1376,0,1.4081620000000001,2.841383,NLD,SGP,7251
208,192,1218,1968,543,0,1.968017,2.7641270000000002,SWE,SGP,7251
231,192,1218,1968,346190,0,1.9577650000000002,1.500362,USA,SGP,7251
249,192,1218,1968,5301,0,1.152169,1.691066,TWN,SGP,7251
2,208,1218,1968,0,55154,-1.129591,-0.880391,AGO,SWE,7251
8,208,1218,1968,0,17780,0.148111,0.088328,ARG,SWE,7251
14,208,1218,1968,0,132443,0.215398,0.115257,AUS,SWE,7251
15,208,1218,1968,57666,151187,1.94925,1.6721810000000001,AUT,SWE,7251
18,208,1218,1968,1448,56739,1.529065,2.472506,BEL,SWE,7251
23,208,1218,1968,0,4551,0.581187,0.53879,BGR,SWE,7251
31,208,1218,1968,0,376,-0.8851379999999999,-0.772063,BOL,SWE,7251
32,208,1218,1968,0,71666,-0.325932,-0.334875,BRA,SWE,7251
39,208,1218,1968,5859,372534,0.6867270000000001,0.846297,CAN,SWE,7251
41,208,1218,1968,76349,89599,2.1128139999999997,2.181377,CHE,SWE,7251
42,208,1218,1968,0,13223,0.042475,-0.45777299999999993,CHL,SWE,7251
43,208,1218,1968,0,26770,0.610282,1.61494,CHN,SWE,7251
44,208,1218,1968,0,2798,-0.9004639999999999,-0.815828,CIV,SWE,7251
47,208,1218,1968,0,624,-1.0615450000000002,-0.736701,COG,SWE,7251
49,208,1218,1968,0,41957,-0.179843,-0.5681729999999999,COL,SWE,7251
53,208,1218,1968,0,34220,1.6086129999999998,2.804711,CSK,SWE,7251
54,208,1218,1968,0,974,0.19656600000000002,-0.645117,CUB,SWE,7251
61,208,1218,1968,2500362,463946,2.2253979999999998,-1.8081060000000002,DEU,SWE,7251
64,208,1218,1968,64608,454772,1.5995489999999999,2.6483209999999997,DNK,SWE,7251
65,208,1218,1968,0,1499,-0.739667,-0.834332,DOM,SWE,7251
67,208,1218,1968,0,929,-0.5838800000000001,-0.767904,ECU,SWE,7251
68,208,1218,1968,0,2773,0.141193,-0.395386,EGY,SWE,7251
71,208,1218,1968,1654,109274,0.781529,1.259275,ESP,SWE,7251
73,208,1218,1968,0,1953,-0.8907879999999999,-0.983032,ETH,SWE,7251
74,208,1218,1968,2131912,743862,1.401928,1.205835,FIN,SWE,7251
77,208,1218,1968,120993,820991,1.7160810000000002,1.713236,FRA,SWE,7251
81,208,1218,1968,1680748,533166,2.058025,0.677452,GBR,SWE,7251
90,208,1218,1968,0,6960,0.120538,-0.135025,GRC,SWE,7251
93,208,1218,1968,0,10090,0.5246930000000001,0.169407,GTM,SWE,7251
102,208,1218,1968,0,25765,0.9154209999999999,1.253378,HUN,SWE,7251
104,208,1218,1968,0,240439,0.1404,0.23993299999999998,IND,SWE,7251
106,208,1218,1968,0,19307,1.054101,1.252786,IRL,SWE,7251
107,208,1218,1968,0,81020,-0.731453,-0.764668,IRN,SWE,7251
108,208,1218,1968,0,20819,-0.935797,-0.522099,IRQ,SWE,7251
109,208,1218,1968,0,637,0.282911,-0.326735,ISL,SWE,7251
110,208,1218,1968,0,6965,1.105346,0.8750629999999999,ISR,SWE,7251
111,208,1218,1968,38706,383106,1.8991650000000002,1.865793,ITA,SWE,7251
114,208,1218,1968,1784,926207,1.844871,2.2220470000000003,JPN,SWE,7251
116,208,1218,1968,0,15308,-0.301844,-0.318616,KEN,SWE,7251
121,208,1218,1968,0,7941,0.992735,0.683944,KOR,SWE,7251
124,208,1218,1968,0,1496,0.7129770000000001,1.136677,LBN,SWE,7251
128,208,1218,1968,0,7403,-1.048844,-0.673287,LKA,SWE,7251
134,208,1218,1968,0,3304,-0.219575,-0.657712,MAR,SWE,7251
136,208,1218,1968,0,632,-0.684883,-0.839874,MDG,SWE,7251
138,208,1218,1968,0,78931,0.306611,0.36893000000000004,MEX,SWE,7251
143,208,1218,1968,0,16865,-0.96686,-0.782324,MMR,SWE,7251
147,208,1218,1968,0,12702,-0.859319,-0.818945,MOZ,SWE,7251
153,208,1218,1968,0,26094,-0.530212,-0.618034,MYS,SWE,7251
159,208,1218,1968,0,1622,-1.317379,-0.822881,NGA,SWE,7251
162,208,1218,1968,33050,98657,1.4081620000000001,2.841383,NLD,SWE,7251
163,208,1218,1968,385327,592639,1.258037,1.6438409999999999,NOR,SWE,7251
166,208,1218,1968,0,80665,0.184389,-0.451151,NZL,SWE,7251
168,208,1218,1968,0,27562,0.17055499999999998,-0.249302,PAK,SWE,7251
173,208,1218,1968,0,1088,-0.676242,-0.815086,PER,SWE,7251
174,208,1218,1968,0,43157,-0.38509499999999997,-0.708784,PHL,SWE,7251
177,208,1218,1968,0,90518,0.9209379999999999,1.762821,POL,SWE,7251
179,208,1218,1968,479,55868,1.014702,1.024988,PRT,SWE,7251
185,208,1218,1968,0,1048217,0.7897609999999999,0.9959479999999999,ROU,SWE,7251
186,208,1218,1968,0,1600456,0.429629,0.513075,RUS,SWE,7251
192,208,1218,1968,0,543,0.34532199999999996,0.624988,SGP,SWE,7251
216,208,1218,1968,0,669245,-0.59446,-0.7126439999999999,THA,SWE,7251
223,208,1218,1968,0,7296,-0.129079,-0.54896,TUN,SWE,7251
224,208,1218,1968,0,72879,-0.654801,-0.8012319999999999,TUR,SWE,7251
231,208,1218,1968,376384,475653,1.9577650000000002,1.500362,USA,SWE,7251
236,208,1218,1968,694,6955,-0.7130850000000001,-0.5042939999999999,VEN,SWE,7251
245,208,1218,1968,0,44824,1.0230700000000001,2.3184560000000003,YUG,SWE,7251
246,208,1218,1968,0,154573,-0.397811,-0.621199,ZAF,SWE,7251
247,208,1218,1968,0,387,-0.811549,-0.6721600000000001,ZMB,SWE,7251
249,208,1218,1968,0,1543,1.152169,1.691066,TWN,SWE,7251
250,208,1218,1968,0,700,0.8133859999999999,0.47075900000000004,ANS,SWE,7251
2,231,1218,1968,0,7372,-1.129591,-0.880391,AGO,USA,7251
6,231,1218,1968,0,2368,0.14161500000000002,-0.24035399999999998,ANT,USA,7251
8,231,1218,1968,0,251940,0.148111,0.088328,ARG,USA,7251
14,231,1218,1968,2326,411976,0.215398,0.115257,AUS,USA,7251
15,231,1218,1968,17278,29848,1.94925,1.6721810000000001,AUT,USA,7251
18,231,1218,1968,35670,261211,1.529065,2.472506,BEL,USA,7251
25,231,1218,1968,0,2273,0.785454,-0.166571,BHS,USA,7251
31,231,1218,1968,0,2797,-0.8851379999999999,-0.772063,BOL,USA,7251
32,231,1218,1968,0,122591,-0.325932,-0.334875,BRA,USA,7251
33,231,1218,1968,0,12206,0.6484409999999999,0.015096,BRB,USA,7251
39,231,1218,1968,2028554,6611118,0.6867270000000001,0.846297,CAN,USA,7251
41,231,1218,1968,2022471,135506,2.1128139999999997,2.181377,CHE,USA,7251
42,231,1218,1968,0,262878,0.042475,-0.45777299999999993,CHL,USA,7251
46,231,1218,1968,0,1612,-1.2018229999999999,-0.6680229999999999,COD,USA,7251
49,231,1218,1968,0,261645,-0.179843,-0.5681729999999999,COL,USA,7251
52,231,1218,1968,0,99016,0.926132,0.544143,CRI,USA,7251
53,231,1218,1968,758,0,1.6086129999999998,2.804711,CSK,USA,7251
58,231,1218,1968,0,1307,-0.154697,-0.659162,CYP,USA,7251
61,231,1218,1968,3995068,625648,2.2253979999999998,-1.8081060000000002,DEU,USA,7251
64,231,1218,1968,13539,118102,1.5995489999999999,2.6483209999999997,DNK,USA,7251
65,231,1218,1968,0,23900,-0.739667,-0.834332,DOM,USA,7251
66,231,1218,1968,0,771,-0.6151939999999999,-0.68092,DZA,USA,7251
67,231,1218,1968,0,116485,-0.5838800000000001,-0.767904,ECU,USA,7251
68,231,1218,1968,0,5379,0.141193,-0.395386,EGY,USA,7251
71,231,1218,1968,1948,103801,0.781529,1.259275,ESP,USA,7251
73,231,1218,1968,0,897424,-0.8907879999999999,-0.983032,ETH,USA,7251
74,231,1218,1968,200962,247126,1.401928,1.205835,FIN,USA,7251
77,231,1218,1968,351202,577020,1.7160810000000002,1.713236,FRA,USA,7251
80,231,1218,1968,0,478,-1.370584,-0.627224,GAB,USA,7251
81,231,1218,1968,906770,1142348,2.058025,0.677452,GBR,USA,7251
83,231,1218,1968,0,3876,-0.995481,-0.76246,GHA,USA,7251
86,231,1218,1968,0,24168,-0.408167,-0.372355,GLP,USA,7251
90,231,1218,1968,0,80759,0.120538,-0.135025,GRC,USA,7251
93,231,1218,1968,0,90931,0.5246930000000001,0.169407,GTM,USA,7251
96,231,1218,1968,0,1313,-0.34474699999999997,-0.547204,GUY,USA,7251
97,231,1218,1968,0,8031,1.397888,1.218178,HKG,USA,7251
99,231,1218,1968,0,68397,-0.115754,-0.5740890000000001,HND,USA,7251
101,231,1218,1968,0,2099,0.30587600000000004,-0.458413,HTI,USA,7251
102,231,1218,1968,0,1409,0.9154209999999999,1.253378,HUN,USA,7251
103,231,1218,1968,0,1615,-1.210591,-0.7402310000000001,IDN,USA,7251
104,231,1218,1968,3519,334267,0.1404,0.23993299999999998,IND,USA,7251
106,231,1218,1968,0,21808,1.054101,1.252786,IRL,USA,7251
107,231,1218,1968,0,26962,-0.731453,-0.764668,IRN,USA,7251
108,231,1218,1968,0,31572,-0.935797,-0.522099,IRQ,USA,7251
109,231,1218,1968,0,1052,0.282911,-0.326735,ISL,USA,7251
110,231,1218,1968,0,23531,1.105346,0.8750629999999999,ISR,USA,7251
111,231,1218,1968,292384,333609,1.8991650000000002,1.865793,ITA,USA,7251
112,231,1218,1968,0,78391,0.206492,-0.587264,JAM,USA,7251
113,231,1218,1968,0,2624,0.402134,-0.18620599999999998,JOR,USA,7251
114,231,1218,1968,811497,858888,1.844871,2.2220470000000003,JPN,USA,7251
116,231,1218,1968,0,2968,-0.301844,-0.318616,KEN,USA,7251
121,231,1218,1968,7763,11070,0.992735,0.683944,KOR,USA,7251
123,231,1218,1968,0,819,-0.43895,-0.631242,LAO,USA,7251
124,231,1218,1968,0,3089,0.7129770000000001,1.136677,LBN,USA,7251
126,231,1218,1968,0,2841,-1.864928,-0.47663500000000003,LBY,USA,7251
128,231,1218,1968,0,3010,-1.048844,-0.673287,LKA,USA,7251
134,231,1218,1968,0,8519,-0.219575,-0.657712,MAR,USA,7251
138,231,1218,1968,4978,2475296,0.306611,0.36893000000000004,MEX,USA,7251
143,231,1218,1968,0,16799,-0.96686,-0.782324,MMR,USA,7251
150,231,1218,1968,0,12172,0.026755,-0.5054850000000001,MTQ,USA,7251
153,231,1218,1968,0,33250,-0.530212,-0.618034,MYS,USA,7251
156,231,1218,1968,0,4067,-1.281862,-0.337455,NCL,USA,7251
159,231,1218,1968,0,866,-1.317379,-0.822881,NGA,USA,7251
160,231,1218,1968,0,22186,0.141456,-0.299055,NIC,USA,7251
162,231,1218,1968,381575,460134,1.4081620000000001,2.841383,NLD,USA,7251
163,231,1218,1968,252554,189713,1.258037,1.6438409999999999,NOR,USA,7251
166,231,1218,1968,0,91718,0.184389,-0.451151,NZL,USA,7251
168,231,1218,1968,0,38814,0.17055499999999998,-0.249302,PAK,USA,7251
169,231,1218,1968,0,205775,1.151761,0.8629450000000001,PAN,USA,7251
173,231,1218,1968,0,163057,-0.676242,-0.815086,PER,USA,7251
174,231,1218,1968,0,189122,-0.38509499999999997,-0.708784,PHL,USA,7251
177,231,1218,1968,0,40956,0.9209379999999999,1.762821,POL,USA,7251
179,231,1218,1968,2868,24281,1.014702,1.024988,PRT,USA,7251
180,231,1218,1968,0,1184,-0.605754,-0.77208,PRY,USA,7251
183,231,1218,1968,0,12279,-1.9631509999999999,-0.438784,QAT,USA,7251
185,231,1218,1968,0,2738,0.7897609999999999,0.9959479999999999,ROU,USA,7251
186,231,1218,1968,0,4002,0.429629,0.513075,RUS,USA,7251
188,231,1218,1968,0,1751,-1.510775,-0.48828699999999997,SAU,USA,7251
191,231,1218,1968,0,6601,-0.380494,-0.698573,SEN,USA,7251
192,231,1218,1968,0,346190,0.34532199999999996,0.624988,SGP,USA,7251
197,231,1218,1968,0,20204,0.8662620000000001,0.791027,SLV,USA,7251
205,231,1218,1968,0,1556,-0.43228199999999994,-0.560526,SUR,USA,7251
208,231,1218,1968,475653,376384,1.968017,2.7641270000000002,SWE,USA,7251
212,231,1218,1968,0,2415,-0.14453,-0.669121,SYR,USA,7251
216,231,1218,1968,0,4178399,-0.59446,-0.7126439999999999,THA,USA,7251
222,231,1218,1968,0,17013,0.388499,-0.182041,TTO,USA,7251
223,231,1218,1968,0,2501,-0.129079,-0.54896,TUN,USA,7251
224,231,1218,1968,0,61639,-0.654801,-0.8012319999999999,TUR,USA,7251
230,231,1218,1968,0,6244,0.418634,-0.177045,URY,USA,7251
236,231,1218,1968,14368,524120,-0.7130850000000001,-0.5042939999999999,VEN,USA,7251
239,231,1218,1968,0,41184,0.414368,-0.21605500000000002,VNM,USA,7251
245,231,1218,1968,0,5856,1.0230700000000001,2.3184560000000003,YUG,USA,7251
246,231,1218,1968,0,395583,-0.397811,-0.621199,ZAF,USA,7251
247,231,1218,1968,0,742,-0.811549,-0.6721600000000001,ZMB,USA,7251
249,231,1218,1968,0,18443,1.152169,1.691066,TWN,USA,7251
250,231,1218,1968,0,3699,0.8133859999999999,0.47075900000000004,ANS,USA,7251
14,249,1218,1968,778,764,0.215398,0.115257,AUS,TWN,7251
15,249,1218,1968,4285,0,1.94925,1.6721810000000001,AUT,TWN,7251
39,249,1218,1968,3398,0,0.6867270000000001,0.846297,CAN,TWN,7251
61,249,1218,1968,21745,0,2.2253979999999998,-1.8081060000000002,DEU,TWN,7251
71,249,1218,1968,2321,0,0.781529,1.259275,ESP,TWN,7251
81,249,1218,1968,3837,0,2.058025,0.677452,GBR,TWN,7251
97,249,1218,1968,1484,3370,1.397888,1.218178,HKG,TWN,7251
111,249,1218,1968,423,0,1.8991650000000002,1.865793,ITA,TWN,7251
114,249,1218,1968,431897,446,1.844871,2.2220470000000003,JPN,TWN,7251
123,249,1218,1968,0,283,-0.43895,-0.631242,LAO,TWN,7251
153,249,1218,1968,0,4586,-0.530212,-0.618034,MYS,TWN,7251
174,249,1218,1968,0,12619,-0.38509499999999997,-0.708784,PHL,TWN,7251
192,249,1218,1968,0,5301,0.34532199999999996,0.624988,SGP,TWN,7251
208,249,1218,1968,1543,0,1.968017,2.7641270000000002,SWE,TWN,7251
216,249,1218,1968,0,63664,-0.59446,-0.7126439999999999,THA,TWN,7251
231,249,1218,1968,18443,0,1.9577650000000002,1.500362,USA,TWN,7251
239,249,1218,1968,0,14232,0.414368,-0.21605500000000002,VNM,TWN,7251
8,250,1218,1968,0,363,0.148111,0.088328,ARG,ANS,7251
14,250,1218,1968,0,397,0.215398,0.115257,AUS,ANS,7251
15,250,1218,1968,438,0,1.94925,1.6721810000000001,AUT,ANS,7251
18,250,1218,1968,433,0,1.529065,2.472506,BEL,ANS,7251
64,250,1218,1968,965,0,1.5995489999999999,2.6483209999999997,DNK,ANS,7251
66,250,1218,1968,0,577,-0.6151939999999999,-0.68092,DZA,ANS,7251
71,250,1218,1968,435,571,0.781529,1.259275,ESP,ANS,7251
74,250,1218,1968,821,0,1.401928,1.205835,FIN,ANS,7251
77,250,1218,1968,744,0,1.7160810000000002,1.713236,FRA,ANS,7251
81,250,1218,1968,2608,561,2.058025,0.677452,GBR,ANS,7251
83,250,1218,1968,0,442,-0.995481,-0.76246,GHA,ANS,7251
104,250,1218,1968,441,0,0.1404,0.23993299999999998,IND,ANS,7251
110,250,1218,1968,0,605,1.105346,0.8750629999999999,ISR,ANS,7251
111,250,1218,1968,881,0,1.8991650000000002,1.865793,ITA,ANS,7251
114,250,1218,1968,78664,988,1.844871,2.2220470000000003,JPN,ANS,7251
124,250,1218,1968,444,0,0.7129770000000001,1.136677,LBN,ANS,7251
134,250,1218,1968,0,1096,-0.219575,-0.657712,MAR,ANS,7251
162,250,1218,1968,1414,0,1.4081620000000001,2.841383,NLD,ANS,7251
163,250,1218,1968,870,0,1.258037,1.6438409999999999,NOR,ANS,7251
166,250,1218,1968,0,512,0.184389,-0.451151,NZL,ANS,7251
169,250,1218,1968,0,1951,1.151761,0.8629450000000001,PAN,ANS,7251
188,250,1218,1968,0,608,-1.510775,-0.48828699999999997,SAU,ANS,7251
208,250,1218,1968,700,0,1.968017,2.7641270000000002,SWE,ANS,7251
231,250,1218,1968,3699,0,1.9577650000000002,1.500362,USA,ANS,7251
61,6,1218,1968,351,0,2.2253979999999998,-1.8081060000000002,DEU,ANT,7251
162,6,1218,1968,0,3950,1.4081620000000001,2.841383,NLD,ANT,7251
205,6,1218,1968,0,1633,-0.43228199999999994,-0.560526,SUR,ANT,7251
231,6,1218,1968,2368,0,1.9577650000000002,1.500362,USA,ANT,7251
8,32,1218,1968,0,19865,0.148111,0.088328,ARG,BRA,7251
15,32,1218,1968,2660,426,1.94925,1.6721810000000001,AUT,BRA,7251
39,32,1218,1968,19727,96499,0.6867270000000001,0.846297,CAN,BRA,7251
41,32,1218,1968,20931,0,2.1128139999999997,2.181377,CHE,BRA,7251
42,32,1218,1968,0,1494,0.042475,-0.45777299999999993,CHL,BRA,7251
53,32,1218,1968,2235,0,1.6086129999999998,2.804711,CSK,BRA,7251
61,32,1218,1968,1303328,0,2.2253979999999998,-1.8081060000000002,DEU,BRA,7251
74,32,1218,1968,10847,0,1.401928,1.205835,FIN,BRA,7251
77,32,1218,1968,42465,0,1.7160810000000002,1.713236,FRA,BRA,7251
81,32,1218,1968,284524,0,2.058025,0.677452,GBR,BRA,7251
111,32,1218,1968,102822,0,1.8991650000000002,1.865793,ITA,BRA,7251
114,32,1218,1968,14007,0,1.844871,2.2220470000000003,JPN,BRA,7251
138,32,1218,1968,0,4331,0.306611,0.36893000000000004,MEX,BRA,7251
162,32,1218,1968,2999,0,1.4081620000000001,2.841383,NLD,BRA,7251
173,32,1218,1968,0,26145,-0.676242,-0.815086,PER,BRA,7251
179,32,1218,1968,25892,0,1.014702,1.024988,PRT,BRA,7251
208,32,1218,1968,71666,0,1.968017,2.7641270000000002,SWE,BRA,7251
230,32,1218,1968,0,1286,0.418634,-0.177045,URY,BRA,7251
231,32,1218,1968,122591,0,1.9577650000000002,1.500362,USA,BRA,7251
236,32,1218,1968,0,597,-0.7130850000000001,-0.5042939999999999,VEN,BRA,7251
239,32,1218,1968,0,4899,0.414368,-0.21605500000000002,VNM,BRA,7251
61,44,1218,1968,3036,0,2.2253979999999998,-1.8081060000000002,DEU,CIV,7251
77,44,1218,1968,22133,0,1.7160810000000002,1.713236,FRA,CIV,7251
81,44,1218,1968,2075,0,2.058025,0.677452,GBR,CIV,7251
134,44,1218,1968,484,0,-0.219575,-0.657712,MAR,CIV,7251
208,44,1218,1968,2798,0,1.968017,2.7641270000000002,SWE,CIV,7251
8,71,1218,1968,0,1143,0.148111,0.088328,ARG,ESP,7251
14,71,1218,1968,0,2891,0.215398,0.115257,AUS,ESP,7251
15,71,1218,1968,5734,0,1.94925,1.6721810000000001,AUT,ESP,7251
18,71,1218,1968,34111,0,1.529065,2.472506,BEL,ESP,7251
39,71,1218,1968,0,1236,0.6867270000000001,0.846297,CAN,ESP,7251
41,71,1218,1968,170251,828,2.1128139999999997,2.181377,CHE,ESP,7251
42,71,1218,1968,0,24166,0.042475,-0.45777299999999993,CHL,ESP,7251
49,71,1218,1968,0,37168,-0.179843,-0.5681729999999999,COL,ESP,7251
53,71,1218,1968,2394,0,1.6086129999999998,2.804711,CSK,ESP,7251
61,71,1218,1968,1822347,35141,2.2253979999999998,-1.8081060000000002,DEU,ESP,7251
64,71,1218,1968,2495,0,1.5995489999999999,2.6483209999999997,DNK,ESP,7251
66,71,1218,1968,0,318,-0.6151939999999999,-0.68092,DZA,ESP,7251
67,71,1218,1968,0,2360,-0.5838800000000001,-0.767904,ECU,ESP,7251
74,71,1218,1968,79300,0,1.401928,1.205835,FIN,ESP,7251
77,71,1218,1968,115103,18898,1.7160810000000002,1.713236,FRA,ESP,7251
81,71,1218,1968,176945,6979,2.058025,0.677452,GBR,ESP,7251
93,71,1218,1968,0,430,0.5246930000000001,0.169407,GTM,ESP,7251
111,71,1218,1968,722803,20526,1.8991650000000002,1.865793,ITA,ESP,7251
114,71,1218,1968,34568,0,1.844871,2.2220470000000003,JPN,ESP,7251
134,71,1218,1968,769,13118,-0.219575,-0.657712,MAR,ESP,7251
138,71,1218,1968,0,103160,0.306611,0.36893000000000004,MEX,ESP,7251
148,71,1218,1968,0,290,-0.584021,-0.6288090000000001,MRT,ESP,7251
162,71,1218,1968,22362,2877,1.4081620000000001,2.841383,NLD,ESP,7251
163,71,1218,1968,0,2555,1.258037,1.6438409999999999,NOR,ESP,7251
173,71,1218,1968,0,22926,-0.676242,-0.815086,PER,ESP,7251
179,71,1218,1968,940,96204,1.014702,1.024988,PRT,ESP,7251
197,71,1218,1968,0,282,0.8662620000000001,0.791027,SLV,ESP,7251
208,71,1218,1968,109274,1654,1.968017,2.7641270000000002,SWE,ESP,7251
231,71,1218,1968,103801,1948,1.9577650000000002,1.500362,USA,ESP,7251
236,71,1218,1968,0,2895,-0.7130850000000001,-0.5042939999999999,VEN,ESP,7251
249,71,1218,1968,0,2321,1.152169,1.691066,TWN,ESP,7251
250,71,1218,1968,571,435,0.8133859999999999,0.47075900000000004,ANS,ESP,7251
14,74,1218,1968,0,4848,0.215398,0.115257,AUS,FIN,7251
15,74,1218,1968,79918,25934,1.94925,1.6721810000000001,AUT,FIN,7251
18,74,1218,1968,10055,1114,1.529065,2.472506,BEL,FIN,7251
23,74,1218,1968,0,533,0.581187,0.53879,BGR,FIN,7251
32,74,1218,1968,0,10847,-0.325932,-0.334875,BRA,FIN,7251
39,74,1218,1968,28252,20692,0.6867270000000001,0.846297,CAN,FIN,7251
41,74,1218,1968,99670,582,2.1128139999999997,2.181377,CHE,FIN,7251
42,74,1218,1968,0,2692,0.042475,-0.45777299999999993,CHL,FIN,7251
43,74,1218,1968,0,5911,0.610282,1.61494,CHN,FIN,7251
49,74,1218,1968,0,7451,-0.179843,-0.5681729999999999,COL,FIN,7251
53,74,1218,1968,672,17285,1.6086129999999998,2.804711,CSK,FIN,7251
61,74,1218,1968,883627,1184950,2.2253979999999998,-1.8081060000000002,DEU,FIN,7251
64,74,1218,1968,1601,51539,1.5995489999999999,2.6483209999999997,DNK,FIN,7251
67,74,1218,1968,0,1572,-0.5838800000000001,-0.767904,ECU,FIN,7251
71,74,1218,1968,0,79300,0.781529,1.259275,ESP,FIN,7251
77,74,1218,1968,53480,20474,1.7160810000000002,1.713236,FRA,FIN,7251
81,74,1218,1968,1186302,76243,2.058025,0.677452,GBR,FIN,7251
102,74,1218,1968,0,336571,0.9154209999999999,1.253378,HUN,FIN,7251
104,74,1218,1968,0,1734,0.1404,0.23993299999999998,IND,FIN,7251
107,74,1218,1968,0,9397,-0.731453,-0.764668,IRN,FIN,7251
110,74,1218,1968,0,605,1.105346,0.8750629999999999,ISR,FIN,7251
111,74,1218,1968,104805,622686,1.8991650000000002,1.865793,ITA,FIN,7251
114,74,1218,1968,180172,15076,1.844871,2.2220470000000003,JPN,FIN,7251
138,74,1218,1968,0,4365,0.306611,0.36893000000000004,MEX,FIN,7251
162,74,1218,1968,21660,18736,1.4081620000000001,2.841383,NLD,FIN,7251
163,74,1218,1968,40719,910435,1.258037,1.6438409999999999,NOR,FIN,7251
166,74,1218,1968,0,1351,0.184389,-0.451151,NZL,FIN,7251
168,74,1218,1968,0,4484,0.17055499999999998,-0.249302,PAK,FIN,7251
174,74,1218,1968,0,1107,-0.38509499999999997,-0.708784,PHL,FIN,7251
177,74,1218,1968,0,91197,0.9209379999999999,1.762821,POL,FIN,7251
179,74,1218,1968,0,833,1.014702,1.024988,PRT,FIN,7251
186,74,1218,1968,830,3601113,0.429629,0.513075,RUS,FIN,7251
208,74,1218,1968,743862,2131912,1.968017,2.7641270000000002,SWE,FIN,7251
216,74,1218,1968,0,2095,-0.59446,-0.7126439999999999,THA,FIN,7251
224,74,1218,1968,0,12463,-0.654801,-0.8012319999999999,TUR,FIN,7251
231,74,1218,1968,247126,200962,1.9577650000000002,1.500362,USA,FIN,7251
236,74,1218,1968,0,314,-0.7130850000000001,-0.5042939999999999,VEN,FIN,7251
239,74,1218,1968,0,114882,0.414368,-0.21605500000000002,VNM,FIN,7251
245,74,1218,1968,0,16177,1.0230700000000001,2.3184560000000003,YUG,FIN,7251
246,74,1218,1968,0,2705,-0.397811,-0.621199,ZAF,FIN,7251
250,74,1218,1968,0,821,0.8133859999999999,0.47075900000000004,ANS,FIN,7251
77,80,1218,1968,467,0,1.7160810000000002,1.713236,FRA,GAB,7251
231,80,1218,1968,478,0,1.9577650000000002,1.500362,USA,GAB,7251
2,179,1218,1968,0,15886,-1.129591,-0.880391,AGO,PRT,7251
15,179,1218,1968,2912,0,1.94925,1.6721810000000001,AUT,PRT,7251
18,179,1218,1968,794,0,1.529065,2.472506,BEL,PRT,7251
32,179,1218,1968,0,25892,-0.325932,-0.334875,BRA,PRT,7251
41,179,1218,1968,2406,0,2.1128139999999997,2.181377,CHE,PRT,7251
53,179,1218,1968,2016,0,1.6086129999999998,2.804711,CSK,PRT,7251
61,179,1218,1968,1238193,0,2.2253979999999998,-1.8081060000000002,DEU,PRT,7251
71,179,1218,1968,96204,940,0.781529,1.259275,ESP,PRT,7251
74,179,1218,1968,833,0,1.401928,1.205835,FIN,PRT,7251
77,179,1218,1968,43827,0,1.7160810000000002,1.713236,FRA,PRT,7251
81,179,1218,1968,88355,3418,2.058025,0.677452,GBR,PRT,7251
111,179,1218,1968,15097,0,1.8991650000000002,1.865793,ITA,PRT,7251
147,179,1218,1968,0,6027,-0.859319,-0.818945,MOZ,PRT,7251
162,179,1218,1968,5341,0,1.4081620000000001,2.841383,NLD,PRT,7251
163,179,1218,1968,4389,0,1.258037,1.6438409999999999,NOR,PRT,7251
208,179,1218,1968,55868,479,1.968017,2.7641270000000002,SWE,PRT,7251
231,179,1218,1968,24281,2868,1.9577650000000002,1.500362,USA,PRT,7251
15,216,1218,1968,7340,0,1.94925,1.6721810000000001,AUT,THA,7251
39,216,1218,1968,3080,0,0.6867270000000001,0.846297,CAN,THA,7251
41,216,1218,1968,529,0,2.1128139999999997,2.181377,CHE,THA,7251
53,216,1218,1968,10632,0,1.6086129999999998,2.804711,CSK,THA,7251
61,216,1218,1968,121259,0,2.2253979999999998,-1.8081060000000002,DEU,THA,7251
64,216,1218,1968,3439,0,1.5995489999999999,2.6483209999999997,DNK,THA,7251
74,216,1218,1968,2095,0,1.401928,1.205835,FIN,THA,7251
77,216,1218,1968,2456,0,1.7160810000000002,1.713236,FRA,THA,7251
81,216,1218,1968,149724,0,2.058025,0.677452,GBR,THA,7251
97,216,1218,1968,3668,0,1.397888,1.218178,HKG,THA,7251
104,216,1218,1968,2385,0,0.1404,0.23993299999999998,IND,THA,7251
111,216,1218,1968,6423,0,1.8991650000000002,1.865793,ITA,THA,7251
114,216,1218,1968,94314,619,1.844871,2.2220470000000003,JPN,THA,7251
153,216,1218,1968,0,1857,-0.530212,-0.618034,MYS,THA,7251
162,216,1218,1968,2694,0,1.4081620000000001,2.841383,NLD,THA,7251
174,216,1218,1968,0,3996,-0.38509499999999997,-0.708784,PHL,THA,7251
208,216,1218,1968,669245,0,1.968017,2.7641270000000002,SWE,THA,7251
231,216,1218,1968,4178399,0,1.9577650000000002,1.500362,USA,THA,7251
239,216,1218,1968,0,764,0.414368,-0.21605500000000002,VNM,THA,7251
249,216,1218,1968,63664,0,1.152169,1.691066,TWN,THA,7251
39,222,1218,1968,584,0,0.6867270000000001,0.846297,CAN,TTO,7251
61,222,1218,1968,34302,0,2.2253979999999998,-1.8081060000000002,DEU,TTO,7251
81,222,1218,1968,12978,0,2.058025,0.677452,GBR,TTO,7251
231,222,1218,1968,17013,0,1.9577650000000002,1.500362,USA,TTO,7251
15,68,1218,1968,739,0,1.94925,1.6721810000000001,AUT,EGY,7251
41,68,1218,1968,606,0,2.1128139999999997,2.181377,CHE,EGY,7251
61,68,1218,1968,34520,0,2.2253979999999998,-1.8081060000000002,DEU,EGY,7251
77,68,1218,1968,6096,0,1.7160810000000002,1.713236,FRA,EGY,7251
81,68,1218,1968,2265,287,2.058025,0.677452,GBR,EGY,7251
104,68,1218,1968,2131,0,0.1404,0.23993299999999998,IND,EGY,7251
111,68,1218,1968,8004,1081,1.8991650000000002,1.865793,ITA,EGY,7251
114,68,1218,1968,2766,0,1.844871,2.2220470000000003,JPN,EGY,7251
163,68,1218,1968,133,0,1.258037,1.6438409999999999,NOR,EGY,7251
177,68,1218,1968,16846,0,0.9209379999999999,1.762821,POL,EGY,7251
208,68,1218,1968,2773,0,1.968017,2.7641270000000002,SWE,EGY,7251
231,68,1218,1968,5379,0,1.9577650000000002,1.500362,USA,EGY,7251
15,102,1218,1968,18042,0,1.94925,1.6721810000000001,AUT,HUN,7251
41,102,1218,1968,4226,0,2.1128139999999997,2.181377,CHE,HUN,7251
61,102,1218,1968,54646,0,2.2253979999999998,-1.8081060000000002,DEU,HUN,7251
74,102,1218,1968,336571,0,1.401928,1.205835,FIN,HUN,7251
77,102,1218,1968,1148,0,1.7160810000000002,1.713236,FRA,HUN,7251
81,102,1218,1968,17138,0,2.058025,0.677452,GBR,HUN,7251
111,102,1218,1968,2302,0,1.8991650000000002,1.865793,ITA,HUN,7251
162,102,1218,1968,537,0,1.4081620000000001,2.841383,NLD,HUN,7251
208,102,1218,1968,25765,0,1.968017,2.7641270000000002,SWE,HUN,7251
231,102,1218,1968,1409,0,1.9577650000000002,1.500362,USA,HUN,7251
245,102,1218,1968,0,1189,1.0230700000000001,2.3184560000000003,YUG,HUN,7251
61,126,1218,1968,33407,0,2.2253979999999998,-1.8081060000000002,DEU,LBY,7251
81,126,1218,1968,2822,0,2.058025,0.677452,GBR,LBY,7251
111,126,1218,1968,7297,0,1.8991650000000002,1.865793,ITA,LBY,7251
124,126,1218,1968,3338,0,0.7129770000000001,1.136677,LBN,LBY,7251
231,126,1218,1968,2841,0,1.9577650000000002,1.500362,USA,LBY,7251
15,134,1218,1968,840,0,1.94925,1.6721810000000001,AUT,MAR,7251
18,134,1218,1968,9931,0,1.529065,2.472506,BEL,MAR,7251
39,134,1218,1968,5496,0,0.6867270000000001,0.846297,CAN,MAR,7251
41,134,1218,1968,1224,0,2.1128139999999997,2.181377,CHE,MAR,7251
43,134,1218,1968,680,0,0.610282,1.61494,CHN,MAR,7251
44,134,1218,1968,0,484,-0.9004639999999999,-0.815828,CIV,MAR,7251
53,134,1218,1968,421,0,1.6086129999999998,2.804711,CSK,MAR,7251
61,134,1218,1968,147105,0,2.2253979999999998,-1.8081060000000002,DEU,MAR,7251
64,134,1218,1968,397,0,1.5995489999999999,2.6483209999999997,DNK,MAR,7251
71,134,1218,1968,13118,769,0.781529,1.259275,ESP,MAR,7251
77,134,1218,1968,208696,411,1.7160810000000002,1.713236,FRA,MAR,7251
81,134,1218,1968,4177,0,2.058025,0.677452,GBR,MAR,7251
111,134,1218,1968,7561,0,1.8991650000000002,1.865793,ITA,MAR,7251
163,134,1218,1968,4781,0,1.258037,1.6438409999999999,NOR,MAR,7251
208,134,1218,1968,3304,0,1.968017,2.7641270000000002,SWE,MAR,7251
231,134,1218,1968,8519,0,1.9577650000000002,1.500362,USA,MAR,7251
250,134,1218,1968,1096,0,0.8133859999999999,0.47075900000000004,ANS,MAR,7251
14,143,1218,1968,32590,0,0.215398,0.115257,AUS,MMR,7251
43,143,1218,1968,459,0,0.610282,1.61494,CHN,MMR,7251
53,143,1218,1968,59601,0,1.6086129999999998,2.804711,CSK,MMR,7251
61,143,1218,1968,10811,0,2.2253979999999998,-1.8081060000000002,DEU,MMR,7251
77,143,1218,1968,1035,0,1.7160810000000002,1.713236,FRA,MMR,7251
81,143,1218,1968,42912,0,2.058025,0.677452,GBR,MMR,7251
114,143,1218,1968,10755,0,1.844871,2.2220470000000003,JPN,MMR,7251
153,143,1218,1968,1877,0,-0.530212,-0.618034,MYS,MMR,7251
208,143,1218,1968,16865,0,1.968017,2.7641270000000002,SWE,MMR,7251
231,143,1218,1968,16799,0,1.9577650000000002,1.500362,USA,MMR,7251
15,245,1218,1968,127088,1764,1.94925,1.6721810000000001,AUT,YUG,7251
18,245,1218,1968,491,0,1.529065,2.472506,BEL,YUG,7251
41,245,1218,1968,8645,0,2.1128139999999997,2.181377,CHE,YUG,7251
53,245,1218,1968,16313,0,1.6086129999999998,2.804711,CSK,YUG,7251
61,245,1218,1968,796866,11800,2.2253979999999998,-1.8081060000000002,DEU,YUG,7251
74,245,1218,1968,16177,0,1.401928,1.205835,FIN,YUG,7251
77,245,1218,1968,13527,0,1.7160810000000002,1.713236,FRA,YUG,7251
81,245,1218,1968,44442,434,2.058025,0.677452,GBR,YUG,7251
102,245,1218,1968,1189,0,0.9154209999999999,1.253378,HUN,YUG,7251
104,245,1218,1968,779,0,0.1404,0.23993299999999998,IND,YUG,7251
111,245,1218,1968,157127,2185,1.8991650000000002,1.865793,ITA,YUG,7251
114,245,1218,1968,13733,0,1.844871,2.2220470000000003,JPN,YUG,7251
162,245,1218,1968,1545,0,1.4081620000000001,2.841383,NLD,YUG,7251
163,245,1218,1968,2288,0,1.258037,1.6438409999999999,NOR,YUG,7251
168,245,1218,1968,0,529,0.17055499999999998,-0.249302,PAK,YUG,7251
186,245,1218,1968,0,5447,0.429629,0.513075,RUS,YUG,7251
208,245,1218,1968,44824,0,1.968017,2.7641270000000002,SWE,YUG,7251
231,245,1218,1968,5856,0,1.9577650000000002,1.500362,USA,YUG,7251
15,2,1218,1968,773,0,1.94925,1.6721810000000001,AUT,AGO,7251
18,2,1218,1968,507,0,1.529065,2.472506,BEL,AGO,7251
41,2,1218,1968,1203,0,2.1128139999999997,2.181377,CHE,AGO,7251
61,2,1218,1968,15822,0,2.2253979999999998,-1.8081060000000002,DEU,AGO,7251
81,2,1218,1968,123587,363,2.058025,0.677452,GBR,AGO,7251
111,2,1218,1968,3623,0,1.8991650000000002,1.865793,ITA,AGO,7251
163,2,1218,1968,456,0,1.258037,1.6438409999999999,NOR,AGO,7251
179,2,1218,1968,15886,0,1.014702,1.024988,PRT,AGO,7251
208,2,1218,1968,55154,0,1.968017,2.7641270000000002,SWE,AGO,7251
231,2,1218,1968,7372,0,1.9577650000000002,1.500362,USA,AGO,7251
15,8,1218,1968,1767,0,1.94925,1.6721810000000001,AUT,ARG,7251
18,8,1218,1968,2881,0,1.529065,2.472506,BEL,ARG,7251
32,8,1218,1968,19865,0,-0.325932,-0.334875,BRA,ARG,7251
39,8,1218,1968,11581,0,0.6867270000000001,0.846297,CAN,ARG,7251
41,8,1218,1968,33593,0,2.1128139999999997,2.181377,CHE,ARG,7251
42,8,1218,1968,0,388,0.042475,-0.45777299999999993,CHL,ARG,7251
61,8,1218,1968,365816,0,2.2253979999999998,-1.8081060000000002,DEU,ARG,7251
71,8,1218,1968,1143,0,0.781529,1.259275,ESP,ARG,7251
77,8,1218,1968,5577,0,1.7160810000000002,1.713236,FRA,ARG,7251
81,8,1218,1968,70570,0,2.058025,0.677452,GBR,ARG,7251
111,8,1218,1968,40676,0,1.8991650000000002,1.865793,ITA,ARG,7251
114,8,1218,1968,9677,0,1.844871,2.2220470000000003,JPN,ARG,7251
162,8,1218,1968,1877,0,1.4081620000000001,2.841383,NLD,ARG,7251
180,8,1218,1968,0,683,-0.605754,-0.77208,PRY,ARG,7251
208,8,1218,1968,17780,0,1.968017,2.7641270000000002,SWE,ARG,7251
230,8,1218,1968,0,2204,0.418634,-0.177045,URY,ARG,7251
231,8,1218,1968,251940,0,1.9577650000000002,1.500362,USA,ARG,7251
250,8,1218,1968,363,0,0.8133859999999999,0.47075900000000004,ANS,ARG,7251
15,14,1218,1968,2503,0,1.94925,1.6721810000000001,AUT,AUS,7251
18,14,1218,1968,530,0,1.529065,2.472506,BEL,AUS,7251
39,14,1218,1968,231240,44605,0.6867270000000001,0.846297,CAN,AUS,7251
41,14,1218,1968,164737,2938,2.1128139999999997,2.181377,CHE,AUS,7251
53,14,1218,1968,7005,0,1.6086129999999998,2.804711,CSK,AUS,7251
61,14,1218,1968,775224,0,2.2253979999999998,-1.8081060000000002,DEU,AUS,7251
64,14,1218,1968,3661,0,1.5995489999999999,2.6483209999999997,DNK,AUS,7251
71,14,1218,1968,2891,0,0.781529,1.259275,ESP,AUS,7251
74,14,1218,1968,4848,0,1.401928,1.205835,FIN,AUS,7251
75,14,1218,1968,0,835,-0.04004,-0.562962,FJI,AUS,7251
77,14,1218,1968,8186,0,1.7160810000000002,1.713236,FRA,AUS,7251
81,14,1218,1968,1731258,20788,2.058025,0.677452,GBR,AUS,7251
97,14,1218,1968,0,1590,1.397888,1.218178,HKG,AUS,7251
110,14,1218,1968,2962,0,1.105346,0.8750629999999999,ISR,AUS,7251
111,14,1218,1968,32619,4615,1.8991650000000002,1.865793,ITA,AUS,7251
114,14,1218,1968,612542,803,1.844871,2.2220470000000003,JPN,AUS,7251
143,14,1218,1968,0,32590,-0.96686,-0.782324,MMR,AUS,7251
156,14,1218,1968,0,468,-1.281862,-0.337455,NCL,AUS,7251
162,14,1218,1968,115804,0,1.4081620000000001,2.841383,NLD,AUS,7251
163,14,1218,1968,9545,0,1.258037,1.6438409999999999,NOR,AUS,7251
166,14,1218,1968,1134,54957,0.184389,-0.451151,NZL,AUS,7251
168,14,1218,1968,0,376,0.17055499999999998,-0.249302,PAK,AUS,7251
174,14,1218,1968,0,968,-0.38509499999999997,-0.708784,PHL,AUS,7251
176,14,1218,1968,0,5215,-0.9894790000000001,-0.735923,PNG,AUS,7251
192,14,1218,1968,0,2008,0.34532199999999996,0.624988,SGP,AUS,7251
208,14,1218,1968,132443,0,1.968017,2.7641270000000002,SWE,AUS,7251
231,14,1218,1968,411976,2326,1.9577650000000002,1.500362,USA,AUS,7251
246,14,1218,1968,0,2177,-0.397811,-0.621199,ZAF,AUS,7251
249,14,1218,1968,764,778,1.152169,1.691066,TWN,AUS,7251
250,14,1218,1968,397,0,0.8133859999999999,0.47075900000000004,ANS,AUS,7251
111,19,1218,1968,51342,0,1.8991650000000002,1.865793,ITA,BEN,7251
231,25,1218,1968,2273,0,1.9577650000000002,1.500362,USA,BHS,7251
61,30,1218,1968,1008,0,2.2253979999999998,-1.8081060000000002,DEU,BMU,7251
39,33,1218,1968,2133,0,0.6867270000000001,0.846297,CAN,BRB,7251
61,33,1218,1968,6322,0,2.2253979999999998,-1.8081060000000002,DEU,BRB,7251
231,33,1218,1968,12206,0,1.9577650000000002,1.500362,USA,BRB,7251
8,42,1218,1968,388,0,0.148111,0.088328,ARG,CHL,7251
15,42,1218,1968,1313,0,1.94925,1.6721810000000001,AUT,CHL,7251
18,42,1218,1968,11133,0,1.529065,2.472506,BEL,CHL,7251
32,42,1218,1968,1494,0,-0.325932,-0.334875,BRA,CHL,7251
39,42,1218,1968,53798,0,0.6867270000000001,0.846297,CAN,CHL,7251
41,42,1218,1968,7886,0,2.1128139999999997,2.181377,CHE,CHL,7251
61,42,1218,1968,339292,1143,2.2253979999999998,-1.8081060000000002,DEU,CHL,7251
64,42,1218,1968,453,0,1.5995489999999999,2.6483209999999997,DNK,CHL,7251
71,42,1218,1968,24166,0,0.781529,1.259275,ESP,CHL,7251
74,42,1218,1968,2692,0,1.401928,1.205835,FIN,CHL,7251
77,42,1218,1968,1129,0,1.7160810000000002,1.713236,FRA,CHL,7251
81,42,1218,1968,18694,0,2.058025,0.677452,GBR,CHL,7251
111,42,1218,1968,49601,0,1.8991650000000002,1.865793,ITA,CHL,7251
114,42,1218,1968,2609,0,1.844871,2.2220470000000003,JPN,CHL,7251
162,42,1218,1968,420,0,1.4081620000000001,2.841383,NLD,CHL,7251
208,42,1218,1968,13223,0,1.968017,2.7641270000000002,SWE,CHL,7251
231,42,1218,1968,262878,0,1.9577650000000002,1.500362,USA,CHL,7251
77,45,1218,1968,71555,0,1.7160810000000002,1.713236,FRA,CMR,7251
81,45,1218,1968,546,0,2.058025,0.677452,GBR,CMR,7251
18,46,1218,1968,11215,0,1.529065,2.472506,BEL,COD,7251
61,46,1218,1968,23871,0,2.2253979999999998,-1.8081060000000002,DEU,COD,7251
77,46,1218,1968,1284,0,1.7160810000000002,1.713236,FRA,COD,7251
81,46,1218,1968,830,0,2.058025,0.677452,GBR,COD,7251
111,46,1218,1968,36759,0,1.8991650000000002,1.865793,ITA,COD,7251
231,46,1218,1968,1612,0,1.9577650000000002,1.500362,USA,COD,7251
61,47,1218,1968,326,0,2.2253979999999998,-1.8081060000000002,DEU,COG,7251
77,47,1218,1968,1548,0,1.7160810000000002,1.713236,FRA,COG,7251
186,47,1218,1968,1278,0,0.429629,0.513075,RUS,COG,7251
208,47,1218,1968,624,0,1.968017,2.7641270000000002,SWE,COG,7251
15,49,1218,1968,515,0,1.94925,1.6721810000000001,AUT,COL,7251
39,49,1218,1968,2758,0,0.6867270000000001,0.846297,CAN,COL,7251
41,49,1218,1968,42820,0,2.1128139999999997,2.181377,CHE,COL,7251
61,49,1218,1968,110858,0,2.2253979999999998,-1.8081060000000002,DEU,COL,7251
71,49,1218,1968,37168,0,0.781529,1.259275,ESP,COL,7251
74,49,1218,1968,7451,0,1.401928,1.205835,FIN,COL,7251
81,49,1218,1968,22092,0,2.058025,0.677452,GBR,COL,7251
111,49,1218,1968,6605,0,1.8991650000000002,1.865793,ITA,COL,7251
138,49,1218,1968,1272,0,0.306611,0.36893000000000004,MEX,COL,7251
162,49,1218,1968,1524,0,1.4081620000000001,2.841383,NLD,COL,7251
208,49,1218,1968,41957,0,1.968017,2.7641270000000002,SWE,COL,7251
231,49,1218,1968,261645,0,1.9577650000000002,1.500362,USA,COL,7251
236,49,1218,1968,2234,0,-0.7130850000000001,-0.5042939999999999,VEN,COL,7251
61,52,1218,1968,57678,0,2.2253979999999998,-1.8081060000000002,DEU,CRI,7251
81,52,1218,1968,4668,0,2.058025,0.677452,GBR,CRI,7251
162,52,1218,1968,95576,0,1.4081620000000001,2.841383,NLD,CRI,7251
231,52,1218,1968,99016,0,1.9577650000000002,1.500362,USA,CRI,7251
15,54,1218,1968,3060,0,1.94925,1.6721810000000001,AUT,CUB,7251
61,54,1218,1968,3056,0,2.2253979999999998,-1.8081060000000002,DEU,CUB,7251
81,54,1218,1968,719,0,2.058025,0.677452,GBR,CUB,7251
208,54,1218,1968,974,0,1.968017,2.7641270000000002,SWE,CUB,7251
61,58,1218,1968,6286,0,2.2253979999999998,-1.8081060000000002,DEU,CYP,7251
81,58,1218,1968,1439,0,2.058025,0.677452,GBR,CYP,7251
110,58,1218,1968,3119,0,1.105346,0.8750629999999999,ISR,CYP,7251
231,58,1218,1968,1307,0,1.9577650000000002,1.500362,USA,CYP,7251
41,65,1218,1968,16826,0,2.1128139999999997,2.181377,CHE,DOM,7251
61,65,1218,1968,31864,0,2.2253979999999998,-1.8081060000000002,DEU,DOM,7251
111,65,1218,1968,449,0,1.8991650000000002,1.865793,ITA,DOM,7251
208,65,1218,1968,1499,0,1.968017,2.7641270000000002,SWE,DOM,7251
231,65,1218,1968,23900,0,1.9577650000000002,1.500362,USA,DOM,7251
236,65,1218,1968,6537,0,-0.7130850000000001,-0.5042939999999999,VEN,DOM,7251
15,66,1218,1968,453,0,1.94925,1.6721810000000001,AUT,DZA,7251
41,66,1218,1968,89289,0,2.1128139999999997,2.181377,CHE,DZA,7251
61,66,1218,1968,89251,0,2.2253979999999998,-1.8081060000000002,DEU,DZA,7251
71,66,1218,1968,318,0,0.781529,1.259275,ESP,DZA,7251
77,66,1218,1968,240185,1131,1.7160810000000002,1.713236,FRA,DZA,7251
81,66,1218,1968,1017,0,2.058025,0.677452,GBR,DZA,7251
111,66,1218,1968,6285,0,1.8991650000000002,1.865793,ITA,DZA,7251
162,66,1218,1968,1509,0,1.4081620000000001,2.841383,NLD,DZA,7251
231,66,1218,1968,771,0,1.9577650000000002,1.500362,USA,DZA,7251
250,66,1218,1968,577,0,0.8133859999999999,0.47075900000000004,ANS,DZA,7251
41,67,1218,1968,332,0,2.1128139999999997,2.181377,CHE,ECU,7251
61,67,1218,1968,82282,0,2.2253979999999998,-1.8081060000000002,DEU,ECU,7251
71,67,1218,1968,2360,0,0.781529,1.259275,ESP,ECU,7251
74,67,1218,1968,1572,0,1.401928,1.205835,FIN,ECU,7251
77,67,1218,1968,3855,0,1.7160810000000002,1.713236,FRA,ECU,7251
81,67,1218,1968,597,0,2.058025,0.677452,GBR,ECU,7251
111,67,1218,1968,2262,0,1.8991650000000002,1.865793,ITA,ECU,7251
114,67,1218,1968,444,0,1.844871,2.2220470000000003,JPN,ECU,7251
208,67,1218,1968,929,0,1.968017,2.7641270000000002,SWE,ECU,7251
231,67,1218,1968,116485,0,1.9577650000000002,1.500362,USA,ECU,7251
61,83,1218,1968,42080,0,2.2253979999999998,-1.8081060000000002,DEU,GHA,7251
81,83,1218,1968,4282,0,2.058025,0.677452,GBR,GHA,7251
114,83,1218,1968,1301,0,1.844871,2.2220470000000003,JPN,GHA,7251
163,83,1218,1968,239,0,1.258037,1.6438409999999999,NOR,GHA,7251
231,83,1218,1968,3876,0,1.9577650000000002,1.500362,USA,GHA,7251
250,83,1218,1968,442,0,0.8133859999999999,0.47075900000000004,ANS,GHA,7251
18,86,1218,1968,437,0,1.529065,2.472506,BEL,GLP,7251
39,86,1218,1968,5481,0,0.6867270000000001,0.846297,CAN,GLP,7251
77,86,1218,1968,2759,0,1.7160810000000002,1.713236,FRA,GLP,7251
231,86,1218,1968,24168,0,1.9577650000000002,1.500362,USA,GLP,7251
41,93,1218,1968,855,0,2.1128139999999997,2.181377,CHE,GTM,7251
61,93,1218,1968,18121,0,2.2253979999999998,-1.8081060000000002,DEU,GTM,7251
71,93,1218,1968,430,0,0.781529,1.259275,ESP,GTM,7251
81,93,1218,1968,1697,0,2.058025,0.677452,GBR,GTM,7251
114,93,1218,1968,1217,0,1.844871,2.2220470000000003,JPN,GTM,7251
162,93,1218,1968,30100,0,1.4081620000000001,2.841383,NLD,GTM,7251
197,93,1218,1968,0,331,0.8662620000000001,0.791027,SLV,GTM,7251
208,93,1218,1968,10090,0,1.968017,2.7641270000000002,SWE,GTM,7251
231,93,1218,1968,90931,0,1.9577650000000002,1.500362,USA,GTM,7251
61,99,1218,1968,6128,0,2.2253979999999998,-1.8081060000000002,DEU,HND,7251
162,99,1218,1968,665,0,1.4081620000000001,2.841383,NLD,HND,7251
231,99,1218,1968,68397,0,1.9577650000000002,1.500362,USA,HND,7251
39,101,1218,1968,1118,0,0.6867270000000001,0.846297,CAN,HTI,7251
61,101,1218,1968,719,0,2.2253979999999998,-1.8081060000000002,DEU,HTI,7251
231,101,1218,1968,2099,0,1.9577650000000002,1.500362,USA,HTI,7251
61,103,1218,1968,27002,0,2.2253979999999998,-1.8081060000000002,DEU,IDN,7251
81,103,1218,1968,1673,0,2.058025,0.677452,GBR,IDN,7251
97,103,1218,1968,9032,0,1.397888,1.218178,HKG,IDN,7251
111,103,1218,1968,1626,0,1.8991650000000002,1.865793,ITA,IDN,7251
114,103,1218,1968,1391,0,1.844871,2.2220470000000003,JPN,IDN,7251
162,103,1218,1968,915,0,1.4081620000000001,2.841383,NLD,IDN,7251
231,103,1218,1968,1615,0,1.9577650000000002,1.500362,USA,IDN,7251
15,106,1218,1968,655,0,1.94925,1.6721810000000001,AUT,IRL,7251
18,106,1218,1968,673,0,1.529065,2.472506,BEL,IRL,7251
39,106,1218,1968,1097,0,0.6867270000000001,0.846297,CAN,IRL,7251
41,106,1218,1968,39271,0,2.1128139999999997,2.181377,CHE,IRL,7251
61,106,1218,1968,93965,0,2.2253979999999998,-1.8081060000000002,DEU,IRL,7251
64,106,1218,1968,373,0,1.5995489999999999,2.6483209999999997,DNK,IRL,7251
77,106,1218,1968,17961,0,1.7160810000000002,1.713236,FRA,IRL,7251
81,106,1218,1968,300202,31015,2.058025,0.677452,GBR,IRL,7251
111,106,1218,1968,11508,0,1.8991650000000002,1.865793,ITA,IRL,7251
162,106,1218,1968,148285,0,1.4081620000000001,2.841383,NLD,IRL,7251
163,106,1218,1968,1742,0,1.258037,1.6438409999999999,NOR,IRL,7251
208,106,1218,1968,19307,0,1.968017,2.7641270000000002,SWE,IRL,7251
231,106,1218,1968,21808,0,1.9577650000000002,1.500362,USA,IRL,7251
18,109,1218,1968,605,0,1.529065,2.472506,BEL,ISL,7251
41,109,1218,1968,1044,0,2.1128139999999997,2.181377,CHE,ISL,7251
61,109,1218,1968,1310,0,2.2253979999999998,-1.8081060000000002,DEU,ISL,7251
81,109,1218,1968,1223,0,2.058025,0.677452,GBR,ISL,7251
208,109,1218,1968,637,0,1.968017,2.7641270000000002,SWE,ISL,7251
231,109,1218,1968,1052,0,1.9577650000000002,1.500362,USA,ISL,7251
39,112,1218,1968,742,0,0.6867270000000001,0.846297,CAN,JAM,7251
41,112,1218,1968,1208,0,2.1128139999999997,2.181377,CHE,JAM,7251
61,112,1218,1968,38301,0,2.2253979999999998,-1.8081060000000002,DEU,JAM,7251
81,112,1218,1968,41573,0,2.058025,0.677452,GBR,JAM,7251
111,112,1218,1968,801,0,1.8991650000000002,1.865793,ITA,JAM,7251
162,112,1218,1968,2258,0,1.4081620000000001,2.841383,NLD,JAM,7251
231,112,1218,1968,78391,0,1.9577650000000002,1.500362,USA,JAM,7251
15,121,1218,1968,12829,0,1.94925,1.6721810000000001,AUT,KOR,7251
61,121,1218,1968,1035520,1209,2.2253979999999998,-1.8081060000000002,DEU,KOR,7251
81,121,1218,1968,1273,0,2.058025,0.677452,GBR,KOR,7251
104,121,1218,1968,453,0,0.1404,0.23993299999999998,IND,KOR,7251
114,121,1218,1968,577623,844,1.844871,2.2220470000000003,JPN,KOR,7251
208,121,1218,1968,7941,0,1.968017,2.7641270000000002,SWE,KOR,7251
231,121,1218,1968,11070,7763,1.9577650000000002,1.500362,USA,KOR,7251
111,125,1218,1968,900,0,1.8991650000000002,1.865793,ITA,LBR,7251
15,138,1218,1968,18026,0,1.94925,1.6721810000000001,AUT,MEX,7251
18,138,1218,1968,3150,0,1.529065,2.472506,BEL,MEX,7251
32,138,1218,1968,4331,0,-0.325932,-0.334875,BRA,MEX,7251
39,138,1218,1968,173884,0,0.6867270000000001,0.846297,CAN,MEX,7251
41,138,1218,1968,123757,0,2.1128139999999997,2.181377,CHE,MEX,7251
49,138,1218,1968,0,1272,-0.179843,-0.5681729999999999,COL,MEX,7251
53,138,1218,1968,6330,0,1.6086129999999998,2.804711,CSK,MEX,7251
61,138,1218,1968,857713,0,2.2253979999999998,-1.8081060000000002,DEU,MEX,7251
64,138,1218,1968,643,0,1.5995489999999999,2.6483209999999997,DNK,MEX,7251
71,138,1218,1968,103160,0,0.781529,1.259275,ESP,MEX,7251
74,138,1218,1968,4365,0,1.401928,1.205835,FIN,MEX,7251
77,138,1218,1968,16188,0,1.7160810000000002,1.713236,FRA,MEX,7251
81,138,1218,1968,91600,0,2.058025,0.677452,GBR,MEX,7251
111,138,1218,1968,956798,0,1.8991650000000002,1.865793,ITA,MEX,7251
114,138,1218,1968,8268,0,1.844871,2.2220470000000003,JPN,MEX,7251
162,138,1218,1968,9771,0,1.4081620000000001,2.841383,NLD,MEX,7251
163,138,1218,1968,798,0,1.258037,1.6438409999999999,NOR,MEX,7251
169,138,1218,1968,0,632,1.151761,0.8629450000000001,PAN,MEX,7251
173,138,1218,1968,0,6431,-0.676242,-0.815086,PER,MEX,7251
208,138,1218,1968,78931,0,1.968017,2.7641270000000002,SWE,MEX,7251
231,138,1218,1968,2475296,4978,1.9577650000000002,1.500362,USA,MEX,7251
236,138,1218,1968,0,954,-0.7130850000000001,-0.5042939999999999,VEN,MEX,7251
61,141,1218,1968,535,0,2.2253979999999998,-1.8081060000000002,DEU,MLI,7251
61,142,1218,1968,3052,0,2.2253979999999998,-1.8081060000000002,DEU,MLT,7251
81,142,1218,1968,2744,0,2.058025,0.677452,GBR,MLT,7251
111,142,1218,1968,533,0,1.8991650000000002,1.865793,ITA,MLT,7251
61,147,1218,1968,30154,0,2.2253979999999998,-1.8081060000000002,DEU,MOZ,7251
77,147,1218,1968,6021,0,1.7160810000000002,1.713236,FRA,MOZ,7251
81,147,1218,1968,3078,0,2.058025,0.677452,GBR,MOZ,7251
111,147,1218,1968,5277,0,1.8991650000000002,1.865793,ITA,MOZ,7251
179,147,1218,1968,6027,0,1.014702,1.024988,PRT,MOZ,7251
208,147,1218,1968,12702,0,1.968017,2.7641270000000002,SWE,MOZ,7251
18,150,1218,1968,756,0,1.529065,2.472506,BEL,MTQ,7251
39,150,1218,1968,6393,0,0.6867270000000001,0.846297,CAN,MTQ,7251
61,150,1218,1968,424,0,2.2253979999999998,-1.8081060000000002,DEU,MTQ,7251
77,150,1218,1968,2882,0,1.7160810000000002,1.713236,FRA,MTQ,7251
231,150,1218,1968,12172,0,1.9577650000000002,1.500362,USA,MTQ,7251
39,153,1218,1968,1129,0,0.6867270000000001,0.846297,CAN,MYS,7251
41,153,1218,1968,1153,0,2.1128139999999997,2.181377,CHE,MYS,7251
43,153,1218,1968,13761,0,0.610282,1.61494,CHN,MYS,7251
61,153,1218,1968,45531,0,2.2253979999999998,-1.8081060000000002,DEU,MYS,7251
81,153,1218,1968,6337,0,2.058025,0.677452,GBR,MYS,7251
97,153,1218,1968,2649,0,1.397888,1.218178,HKG,MYS,7251
111,153,1218,1968,4209,0,1.8991650000000002,1.865793,ITA,MYS,7251
114,153,1218,1968,1720,0,1.844871,2.2220470000000003,JPN,MYS,7251
143,153,1218,1968,0,1877,-0.96686,-0.782324,MMR,MYS,7251
192,153,1218,1968,6740,2823,0.34532199999999996,0.624988,SGP,MYS,7251
208,153,1218,1968,26094,0,1.968017,2.7641270000000002,SWE,MYS,7251
216,153,1218,1968,1857,0,-0.59446,-0.7126439999999999,THA,MYS,7251
231,153,1218,1968,33250,0,1.9577650000000002,1.500362,USA,MYS,7251
249,153,1218,1968,4586,0,1.152169,1.691066,TWN,MYS,7251
18,159,1218,1968,1175,0,1.529065,2.472506,BEL,NGA,7251
41,159,1218,1968,12036,0,2.1128139999999997,2.181377,CHE,NGA,7251
53,159,1218,1968,276,0,1.6086129999999998,2.804711,CSK,NGA,7251
61,159,1218,1968,28102,0,2.2253979999999998,-1.8081060000000002,DEU,NGA,7251
77,159,1218,1968,2230,0,1.7160810000000002,1.713236,FRA,NGA,7251
81,159,1218,1968,5037,0,2.058025,0.677452,GBR,NGA,7251
97,159,1218,1968,1498,0,1.397888,1.218178,HKG,NGA,7251
111,159,1218,1968,11727,0,1.8991650000000002,1.865793,ITA,NGA,7251
114,159,1218,1968,2477,0,1.844871,2.2220470000000003,JPN,NGA,7251
162,159,1218,1968,4248,0,1.4081620000000001,2.841383,NLD,NGA,7251
163,159,1218,1968,6603,0,1.258037,1.6438409999999999,NOR,NGA,7251
208,159,1218,1968,1622,0,1.968017,2.7641270000000002,SWE,NGA,7251
231,159,1218,1968,866,0,1.9577650000000002,1.500362,USA,NGA,7251
61,160,1218,1968,28608,0,2.2253979999999998,-1.8081060000000002,DEU,NIC,7251
64,160,1218,1968,276,0,1.5995489999999999,2.6483209999999997,DNK,NIC,7251
162,160,1218,1968,1054,0,1.4081620000000001,2.841383,NLD,NIC,7251
231,160,1218,1968,22186,0,1.9577650000000002,1.500362,USA,NIC,7251
14,166,1218,1968,54957,1134,0.215398,0.115257,AUS,NZL,7251
15,166,1218,1968,355,0,1.94925,1.6721810000000001,AUT,NZL,7251
18,166,1218,1968,6022,0,1.529065,2.472506,BEL,NZL,7251
39,166,1218,1968,145274,0,0.6867270000000001,0.846297,CAN,NZL,7251
41,166,1218,1968,1135,0,2.1128139999999997,2.181377,CHE,NZL,7251
53,166,1218,1968,1084,0,1.6086129999999998,2.804711,CSK,NZL,7251
61,166,1218,1968,128756,0,2.2253979999999998,-1.8081060000000002,DEU,NZL,7251
64,166,1218,1968,1475,0,1.5995489999999999,2.6483209999999997,DNK,NZL,7251
74,166,1218,1968,1351,0,1.401928,1.205835,FIN,NZL,7251
77,166,1218,1968,8515,0,1.7160810000000002,1.713236,FRA,NZL,7251
81,166,1218,1968,978435,1700,2.058025,0.677452,GBR,NZL,7251
111,166,1218,1968,17213,0,1.8991650000000002,1.865793,ITA,NZL,7251
114,166,1218,1968,816,0,1.844871,2.2220470000000003,JPN,NZL,7251
162,166,1218,1968,778,0,1.4081620000000001,2.841383,NLD,NZL,7251
163,166,1218,1968,792,0,1.258037,1.6438409999999999,NOR,NZL,7251
208,166,1218,1968,80665,0,1.968017,2.7641270000000002,SWE,NZL,7251
231,166,1218,1968,91718,0,1.9577650000000002,1.500362,USA,NZL,7251
250,166,1218,1968,512,0,0.8133859999999999,0.47075900000000004,ANS,NZL,7251
18,169,1218,1968,5492,0,1.529065,2.472506,BEL,PAN,7251
39,169,1218,1968,3252,0,0.6867270000000001,0.846297,CAN,PAN,7251
41,169,1218,1968,651,0,2.1128139999999997,2.181377,CHE,PAN,7251
61,169,1218,1968,19325,0,2.2253979999999998,-1.8081060000000002,DEU,PAN,7251
111,169,1218,1968,559,0,1.8991650000000002,1.865793,ITA,PAN,7251
138,169,1218,1968,632,0,0.306611,0.36893000000000004,MEX,PAN,7251
162,169,1218,1968,15131,0,1.4081620000000001,2.841383,NLD,PAN,7251
231,169,1218,1968,205775,0,1.9577650000000002,1.500362,USA,PAN,7251
250,169,1218,1968,1951,0,0.8133859999999999,0.47075900000000004,ANS,PAN,7251
32,173,1218,1968,26145,0,-0.325932,-0.334875,BRA,PER,7251
39,173,1218,1968,44733,0,0.6867270000000001,0.846297,CAN,PER,7251
41,173,1218,1968,20238,0,2.1128139999999997,2.181377,CHE,PER,7251
53,173,1218,1968,5466,0,1.6086129999999998,2.804711,CSK,PER,7251
61,173,1218,1968,192117,0,2.2253979999999998,-1.8081060000000002,DEU,PER,7251
71,173,1218,1968,22926,0,0.781529,1.259275,ESP,PER,7251
77,173,1218,1968,1251,0,1.7160810000000002,1.713236,FRA,PER,7251
81,173,1218,1968,2889,0,2.058025,0.677452,GBR,PER,7251
111,173,1218,1968,25373,0,1.8991650000000002,1.865793,ITA,PER,7251
114,173,1218,1968,657,0,1.844871,2.2220470000000003,JPN,PER,7251
138,173,1218,1968,6431,0,0.306611,0.36893000000000004,MEX,PER,7251
162,173,1218,1968,4273,0,1.4081620000000001,2.841383,NLD,PER,7251
208,173,1218,1968,1088,0,1.968017,2.7641270000000002,SWE,PER,7251
231,173,1218,1968,163057,0,1.9577650000000002,1.500362,USA,PER,7251
14,174,1218,1968,968,0,0.215398,0.115257,AUS,PHL,7251
15,174,1218,1968,6022,0,1.94925,1.6721810000000001,AUT,PHL,7251
39,174,1218,1968,1242,0,0.6867270000000001,0.846297,CAN,PHL,7251
41,174,1218,1968,182274,0,2.1128139999999997,2.181377,CHE,PHL,7251
61,174,1218,1968,97594,891,2.2253979999999998,-1.8081060000000002,DEU,PHL,7251
74,174,1218,1968,1107,0,1.401928,1.205835,FIN,PHL,7251
81,174,1218,1968,16585,0,2.058025,0.677452,GBR,PHL,7251
97,174,1218,1968,9753,0,1.397888,1.218178,HKG,PHL,7251
111,174,1218,1968,5130,0,1.8991650000000002,1.865793,ITA,PHL,7251
114,174,1218,1968,641157,1426,1.844871,2.2220470000000003,JPN,PHL,7251
162,174,1218,1968,6367,0,1.4081620000000001,2.841383,NLD,PHL,7251
208,174,1218,1968,43157,0,1.968017,2.7641270000000002,SWE,PHL,7251
216,174,1218,1968,3996,0,-0.59446,-0.7126439999999999,THA,PHL,7251
231,174,1218,1968,189122,0,1.9577650000000002,1.500362,USA,PHL,7251
249,174,1218,1968,12619,0,1.152169,1.691066,TWN,PHL,7251
8,180,1218,1968,683,0,0.148111,0.088328,ARG,PRY,7251
61,180,1218,1968,8086,0,2.2253979999999998,-1.8081060000000002,DEU,PRY,7251
231,180,1218,1968,1184,0,1.9577650000000002,1.500362,USA,PRY,7251
41,191,1218,1968,2866,0,2.1128139999999997,2.181377,CHE,SEN,7251
61,191,1218,1968,12398,0,2.2253979999999998,-1.8081060000000002,DEU,SEN,7251
77,191,1218,1968,19578,0,1.7160810000000002,1.713236,FRA,SEN,7251
231,191,1218,1968,6601,0,1.9577650000000002,1.500362,USA,SEN,7251
61,196,1218,1968,2403,0,2.2253979999999998,-1.8081060000000002,DEU,SLE,7251
81,196,1218,1968,913,0,2.058025,0.677452,GBR,SLE,7251
114,196,1218,1968,2043,0,1.844871,2.2220470000000003,JPN,SLE,7251
39,197,1218,1968,2755,0,0.6867270000000001,0.846297,CAN,SLV,7251
41,197,1218,1968,1701,0,2.1128139999999997,2.181377,CHE,SLV,7251
61,197,1218,1968,12155,0,2.2253979999999998,-1.8081060000000002,DEU,SLV,7251
71,197,1218,1968,282,0,0.781529,1.259275,ESP,SLV,7251
81,197,1218,1968,1439,0,2.058025,0.677452,GBR,SLV,7251
93,197,1218,1968,331,0,0.5246930000000001,0.169407,GTM,SLV,7251
111,197,1218,1968,1833,0,1.8991650000000002,1.865793,ITA,SLV,7251
114,197,1218,1968,1556,0,1.844871,2.2220470000000003,JPN,SLV,7251
231,197,1218,1968,20204,0,1.9577650000000002,1.500362,USA,SLV,7251
6,205,1218,1968,1633,0,0.14161500000000002,-0.24035399999999998,ANT,SUR,7251
61,205,1218,1968,2766,0,2.2253979999999998,-1.8081060000000002,DEU,SUR,7251
162,205,1218,1968,3444,0,1.4081620000000001,2.841383,NLD,SUR,7251
231,205,1218,1968,1556,0,1.9577650000000002,1.500362,USA,SUR,7251
77,214,1218,1968,323,0,1.7160810000000002,1.713236,FRA,TCD,7251
8,230,1218,1968,2204,0,0.148111,0.088328,ARG,URY,7251
32,230,1218,1968,1286,0,-0.325932,-0.334875,BRA,URY,7251
61,230,1218,1968,16106,0,2.2253979999999998,-1.8081060000000002,DEU,URY,7251
77,230,1218,1968,31971,0,1.7160810000000002,1.713236,FRA,URY,7251
81,230,1218,1968,1086,0,2.058025,0.677452,GBR,URY,7251
111,230,1218,1968,9998,0,1.8991650000000002,1.865793,ITA,URY,7251
231,230,1218,1968,6244,0,1.9577650000000002,1.500362,USA,URY,7251
15,236,1218,1968,20966,0,1.94925,1.6721810000000001,AUT,VEN,7251
32,236,1218,1968,597,0,-0.325932,-0.334875,BRA,VEN,7251
39,236,1218,1968,32544,0,0.6867270000000001,0.846297,CAN,VEN,7251
41,236,1218,1968,45435,0,2.1128139999999997,2.181377,CHE,VEN,7251
49,236,1218,1968,0,2234,-0.179843,-0.5681729999999999,COL,VEN,7251
61,236,1218,1968,260875,4951,2.2253979999999998,-1.8081060000000002,DEU,VEN,7251
64,236,1218,1968,16196,0,1.5995489999999999,2.6483209999999997,DNK,VEN,7251
65,236,1218,1968,0,6537,-0.739667,-0.834332,DOM,VEN,7251
71,236,1218,1968,2895,0,0.781529,1.259275,ESP,VEN,7251
74,236,1218,1968,314,0,1.401928,1.205835,FIN,VEN,7251
77,236,1218,1968,2664,0,1.7160810000000002,1.713236,FRA,VEN,7251
81,236,1218,1968,15906,0,2.058025,0.677452,GBR,VEN,7251
111,236,1218,1968,27525,0,1.8991650000000002,1.865793,ITA,VEN,7251
114,236,1218,1968,1145,0,1.844871,2.2220470000000003,JPN,VEN,7251
138,236,1218,1968,954,0,0.306611,0.36893000000000004,MEX,VEN,7251
162,236,1218,1968,12455,5834,1.4081620000000001,2.841383,NLD,VEN,7251
208,236,1218,1968,6955,694,1.968017,2.7641270000000002,SWE,VEN,7251
231,236,1218,1968,524120,14368,1.9577650000000002,1.500362,USA,VEN,7251
14,246,1218,1968,2177,0,0.215398,0.115257,AUS,ZAF,7251
15,246,1218,1968,5639,0,1.94925,1.6721810000000001,AUT,ZAF,7251
18,246,1218,1968,1254,0,1.529065,2.472506,BEL,ZAF,7251
39,246,1218,1968,36871,0,0.6867270000000001,0.846297,CAN,ZAF,7251
41,246,1218,1968,156353,0,2.1128139999999997,2.181377,CHE,ZAF,7251
61,246,1218,1968,623150,4609,2.2253979999999998,-1.8081060000000002,DEU,ZAF,7251
64,246,1218,1968,1193,0,1.5995489999999999,2.6483209999999997,DNK,ZAF,7251
74,246,1218,1968,2705,0,1.401928,1.205835,FIN,ZAF,7251
77,246,1218,1968,58679,0,1.7160810000000002,1.713236,FRA,ZAF,7251
81,246,1218,1968,735461,97200,2.058025,0.677452,GBR,ZAF,7251
111,246,1218,1968,40208,0,1.8991650000000002,1.865793,ITA,ZAF,7251
114,246,1218,1968,367,0,1.844871,2.2220470000000003,JPN,ZAF,7251
162,246,1218,1968,25806,0,1.4081620000000001,2.841383,NLD,ZAF,7251
163,246,1218,1968,2977,0,1.258037,1.6438409999999999,NOR,ZAF,7251
208,246,1218,1968,154573,0,1.968017,2.7641270000000002,SWE,ZAF,7251
231,246,1218,1968,395583,0,1.9577650000000002,1.500362,USA,ZAF,7251
61,247,1218,1968,23494,0,2.2253979999999998,-1.8081060000000002,DEU,ZMB,7251
81,247,1218,1968,28301,0,2.058025,0.677452,GBR,ZMB,7251
111,247,1218,1968,1241,0,1.8991650000000002,1.865793,ITA,ZMB,7251
162,247,1218,1968,3799,0,1.4081620000000001,2.841383,NLD,ZMB,7251
208,247,1218,1968,387,0,1.968017,2.7641270000000002,SWE,ZMB,7251
231,247,1218,1968,742,0,1.9577650000000002,1.500362,USA,ZMB,7251
61,113,1218,1968,2031,0,2.2253979999999998,-1.8081060000000002,DEU,JOR,7251
81,113,1218,1968,2208,0,2.058025,0.677452,GBR,JOR,7251
124,113,1218,1968,1087,0,0.7129770000000001,1.136677,LBN,JOR,7251
231,113,1218,1968,2624,0,1.9577650000000002,1.500362,USA,JOR,7251
41,188,1218,1968,528,0,2.1128139999999997,2.181377,CHE,SAU,7251
61,188,1218,1968,17052,0,2.2253979999999998,-1.8081060000000002,DEU,SAU,7251
81,188,1218,1968,627,0,2.058025,0.677452,GBR,SAU,7251
111,188,1218,1968,6438,0,1.8991650000000002,1.865793,ITA,SAU,7251
114,188,1218,1968,358,0,1.844871,2.2220470000000003,JPN,SAU,7251
124,188,1218,1968,7014,0,0.7129770000000001,1.136677,LBN,SAU,7251
162,188,1218,1968,12567,0,1.4081620000000001,2.841383,NLD,SAU,7251
231,188,1218,1968,1751,0,1.9577650000000002,1.500362,USA,SAU,7251
250,188,1218,1968,608,0,0.8133859999999999,0.47075900000000004,ANS,SAU,7251
41,190,1218,1968,7371,0,2.1128139999999997,2.181377,CHE,SDN,7251
53,190,1218,1968,1731,0,1.6086129999999998,2.804711,CSK,SDN,7251
61,190,1218,1968,16480,0,2.2253979999999998,-1.8081060000000002,DEU,SDN,7251
81,190,1218,1968,8266,0,2.058025,0.677452,GBR,SDN,7251
111,190,1218,1968,355,0,1.8991650000000002,1.865793,ITA,SDN,7251
114,190,1218,1968,3682,0,1.844871,2.2220470000000003,JPN,SDN,7251
124,190,1218,1968,534,0,0.7129770000000001,1.136677,LBN,SDN,7251
162,190,1218,1968,680,0,1.4081620000000001,2.841383,NLD,SDN,7251
15,23,1218,1968,1733,0,1.94925,1.6721810000000001,AUT,BGR,7251
18,23,1218,1968,68210,0,1.529065,2.472506,BEL,BGR,7251
41,23,1218,1968,104277,0,2.1128139999999997,2.181377,CHE,BGR,7251
61,23,1218,1968,221198,0,2.2253979999999998,-1.8081060000000002,DEU,BGR,7251
74,23,1218,1968,533,0,1.401928,1.205835,FIN,BGR,7251
77,23,1218,1968,5334,0,1.7160810000000002,1.713236,FRA,BGR,7251
81,23,1218,1968,761,0,2.058025,0.677452,GBR,BGR,7251
208,23,1218,1968,4551,0,1.968017,2.7641270000000002,SWE,BGR,7251
53,31,1218,1968,2049,0,1.6086129999999998,2.804711,CSK,BOL,7251
61,31,1218,1968,24981,0,2.2253979999999998,-1.8081060000000002,DEU,BOL,7251
64,31,1218,1968,571,0,1.5995489999999999,2.6483209999999997,DNK,BOL,7251
111,31,1218,1968,4216,0,1.8991650000000002,1.865793,ITA,BOL,7251
114,31,1218,1968,7901,0,1.844871,2.2220470000000003,JPN,BOL,7251
208,31,1218,1968,376,0,1.968017,2.7641270000000002,SWE,BOL,7251
231,31,1218,1968,2797,0,1.9577650000000002,1.500362,USA,BOL,7251
39,96,1218,1968,461,0,0.6867270000000001,0.846297,CAN,GUY,7251
61,96,1218,1968,29548,0,2.2253979999999998,-1.8081060000000002,DEU,GUY,7251
231,96,1218,1968,1313,0,1.9577650000000002,1.500362,USA,GUY,7251
15,108,1218,1968,1529,0,1.94925,1.6721810000000001,AUT,IRQ,7251
41,108,1218,1968,487,0,2.1128139999999997,2.181377,CHE,IRQ,7251
61,108,1218,1968,525347,0,2.2253979999999998,-1.8081060000000002,DEU,IRQ,7251
77,108,1218,1968,5540,0,1.7160810000000002,1.713236,FRA,IRQ,7251
114,108,1218,1968,5986,0,1.844871,2.2220470000000003,JPN,IRQ,7251
208,108,1218,1968,20819,0,1.968017,2.7641270000000002,SWE,IRQ,7251
231,108,1218,1968,31572,0,1.9577650000000002,1.500362,USA,IRQ,7251
14,110,1218,1968,0,2962,0.215398,0.115257,AUS,ISR,7251
15,110,1218,1968,7935,634,1.94925,1.6721810000000001,AUT,ISR,7251
18,110,1218,1968,2664,0,1.529065,2.472506,BEL,ISR,7251
39,110,1218,1968,563,0,0.6867270000000001,0.846297,CAN,ISR,7251
41,110,1218,1968,31269,932,2.1128139999999997,2.181377,CHE,ISR,7251
58,110,1218,1968,0,3119,-0.154697,-0.659162,CYP,ISR,7251
61,110,1218,1968,169556,1568,2.2253979999999998,-1.8081060000000002,DEU,ISR,7251
64,110,1218,1968,14171,701,1.5995489999999999,2.6483209999999997,DNK,ISR,7251
74,110,1218,1968,605,0,1.401928,1.205835,FIN,ISR,7251
77,110,1218,1968,5185,0,1.7160810000000002,1.713236,FRA,ISR,7251
81,110,1218,1968,96130,1139,2.058025,0.677452,GBR,ISR,7251
111,110,1218,1968,19013,449,1.8991650000000002,1.865793,ITA,ISR,7251
114,110,1218,1968,350,0,1.844871,2.2220470000000003,JPN,ISR,7251
162,110,1218,1968,12250,0,1.4081620000000001,2.841383,NLD,ISR,7251
163,110,1218,1968,1018,0,1.258037,1.6438409999999999,NOR,ISR,7251
208,110,1218,1968,6965,0,1.968017,2.7641270000000002,SWE,ISR,7251
231,110,1218,1968,23531,0,1.9577650000000002,1.500362,USA,ISR,7251
250,110,1218,1968,605,0,0.8133859999999999,0.47075900000000004,ANS,ISR,7251
41,116,1218,1968,1244,0,2.1128139999999997,2.181377,CHE,KEN,7251
61,116,1218,1968,98104,0,2.2253979999999998,-1.8081060000000002,DEU,KEN,7251
64,116,1218,1968,1317,0,1.5995489999999999,2.6483209999999997,DNK,KEN,7251
81,116,1218,1968,9103,0,2.058025,0.677452,GBR,KEN,7251
111,116,1218,1968,958,0,1.8991650000000002,1.865793,ITA,KEN,7251
163,116,1218,1968,2820,0,1.258037,1.6438409999999999,NOR,KEN,7251
208,116,1218,1968,15308,0,1.968017,2.7641270000000002,SWE,KEN,7251
231,116,1218,1968,2968,0,1.9577650000000002,1.500362,USA,KEN,7251
61,122,1218,1968,27776,0,2.2253979999999998,-1.8081060000000002,DEU,KWT,7251
77,122,1218,1968,4326,0,1.7160810000000002,1.713236,FRA,KWT,7251
81,122,1218,1968,3430,0,2.058025,0.677452,GBR,KWT,7251
111,122,1218,1968,483,0,1.8991650000000002,1.865793,ITA,KWT,7251
15,128,1218,1968,509,0,1.94925,1.6721810000000001,AUT,LKA,7251
61,128,1218,1968,27488,327,2.2253979999999998,-1.8081060000000002,DEU,LKA,7251
64,128,1218,1968,861,0,1.5995489999999999,2.6483209999999997,DNK,LKA,7251
81,128,1218,1968,8280,0,2.058025,0.677452,GBR,LKA,7251
104,128,1218,1968,981,0,0.1404,0.23993299999999998,IND,LKA,7251
114,128,1218,1968,1430,0,1.844871,2.2220470000000003,JPN,LKA,7251
208,128,1218,1968,7403,0,1.968017,2.7641270000000002,SWE,LKA,7251
231,128,1218,1968,3010,0,1.9577650000000002,1.500362,USA,LKA,7251
61,167,1218,1968,1375,0,2.2253979999999998,-1.8081060000000002,DEU,OMN,7251
81,167,1218,1968,622,0,2.058025,0.677452,GBR,OMN,7251
107,167,1218,1968,608,0,-0.731453,-0.764668,IRN,OMN,7251
14,176,1218,1968,5215,0,0.215398,0.115257,AUS,PNG,7251
114,176,1218,1968,4204,0,1.844871,2.2220470000000003,JPN,PNG,7251
231,183,1218,1968,12279,0,1.9577650000000002,1.500362,USA,QAT,7251
15,185,1218,1968,35533,0,1.94925,1.6721810000000001,AUT,ROU,7251
18,185,1218,1968,400,0,1.529065,2.472506,BEL,ROU,7251
61,185,1218,1968,27267,986,2.2253979999999998,-1.8081060000000002,DEU,ROU,7251
77,185,1218,1968,8643,0,1.7160810000000002,1.713236,FRA,ROU,7251
81,185,1218,1968,6549,0,2.058025,0.677452,GBR,ROU,7251
107,185,1218,1968,0,2626,-0.731453,-0.764668,IRN,ROU,7251
111,185,1218,1968,5433,0,1.8991650000000002,1.865793,ITA,ROU,7251
208,185,1218,1968,1048217,0,1.968017,2.7641270000000002,SWE,ROU,7251
231,185,1218,1968,2738,0,1.9577650000000002,1.500362,USA,ROU,7251
61,212,1218,1968,365,0,2.2253979999999998,-1.8081060000000002,DEU,SYR,7251
111,212,1218,1968,636,0,1.8991650000000002,1.865793,ITA,SYR,7251
231,212,1218,1968,2415,0,1.9577650000000002,1.500362,USA,SYR,7251
239,212,1218,1968,0,1923,0.414368,-0.21605500000000002,VNM,SYR,7251
15,224,1218,1968,61432,0,1.94925,1.6721810000000001,AUT,TUR,7251
41,224,1218,1968,1811,0,2.1128139999999997,2.181377,CHE,TUR,7251
53,224,1218,1968,1302,0,1.6086129999999998,2.804711,CSK,TUR,7251
61,224,1218,1968,2177484,0,2.2253979999999998,-1.8081060000000002,DEU,TUR,7251
74,224,1218,1968,12463,0,1.401928,1.205835,FIN,TUR,7251
77,224,1218,1968,5374,0,1.7160810000000002,1.713236,FRA,TUR,7251
81,224,1218,1968,5347,0,2.058025,0.677452,GBR,TUR,7251
111,224,1218,1968,22477,0,1.8991650000000002,1.865793,ITA,TUR,7251
163,224,1218,1968,913,0,1.258037,1.6438409999999999,NOR,TUR,7251
208,224,1218,1968,72879,0,1.968017,2.7641270000000002,SWE,TUR,7251
231,224,1218,1968,61639,0,1.9577650000000002,1.500362,USA,TUR,7251
15,239,1218,1968,160,0,1.94925,1.6721810000000001,AUT,VNM,7251
32,239,1218,1968,4899,0,-0.325932,-0.334875,BRA,VNM,7251
61,239,1218,1968,46426,0,2.2253979999999998,-1.8081060000000002,DEU,VNM,7251
74,239,1218,1968,114882,0,1.401928,1.205835,FIN,VNM,7251
97,239,1218,1968,3268,0,1.397888,1.218178,HKG,VNM,7251
111,239,1218,1968,46882,0,1.8991650000000002,1.865793,ITA,VNM,7251
114,239,1218,1968,30287,0,1.844871,2.2220470000000003,JPN,VNM,7251
212,239,1218,1968,1923,0,-0.14453,-0.669121,SYR,VNM,7251
216,239,1218,1968,764,0,-0.59446,-0.7126439999999999,THA,VNM,7251
231,239,1218,1968,41184,0,1.9577650000000002,1.500362,USA,VNM,7251
249,239,1218,1968,14232,0,1.152169,1.691066,TWN,VNM,7251
61,24,1218,1968,1132,0,2.2253979999999998,-1.8081060000000002,DEU,BHR,7251
61,73,1218,1968,106174,0,2.2253979999999998,-1.8081060000000002,DEU,ETH,7251
77,73,1218,1968,56489,0,1.7160810000000002,1.713236,FRA,ETH,7251
81,73,1218,1968,27837,0,2.058025,0.677452,GBR,ETH,7251
97,73,1218,1968,1620,0,1.397888,1.218178,HKG,ETH,7251
111,73,1218,1968,4744,0,1.8991650000000002,1.865793,ITA,ETH,7251
208,73,1218,1968,1953,0,1.968017,2.7641270000000002,SWE,ETH,7251
231,73,1218,1968,897424,0,1.9577650000000002,1.500362,USA,ETH,7251
14,75,1218,1968,835,0,0.215398,0.115257,AUS,FJI,7251
81,75,1218,1968,632,0,2.058025,0.677452,GBR,FJI,7251
231,123,1218,1968,819,0,1.9577650000000002,1.500362,USA,LAO,7251
249,123,1218,1968,283,0,1.152169,1.691066,TWN,LAO,7251
61,136,1218,1968,6708,638,2.2253979999999998,-1.8081060000000002,DEU,MDG,7251
77,136,1218,1968,22266,0,1.7160810000000002,1.713236,FRA,MDG,7251
111,136,1218,1968,3322,0,1.8991650000000002,1.865793,ITA,MDG,7251
208,136,1218,1968,632,0,1.968017,2.7641270000000002,SWE,MDG,7251
61,145,1218,1968,466,0,2.2253979999999998,-1.8081060000000002,DEU,MNG,7251
81,152,1218,1968,602,0,2.058025,0.677452,GBR,MWI,7251
14,156,1218,1968,468,0,0.215398,0.115257,AUS,NCL,7251
231,156,1218,1968,4067,0,1.9577650000000002,1.500362,USA,NCL,7251
114,178,1218,1968,2445,0,1.844871,2.2220470000000003,JPN,PRK,7251
77,182,1218,1968,4404,0,1.7160810000000002,1.713236,FRA,PYF,7251
61,184,1218,1968,2313,0,2.2253979999999998,-1.8081060000000002,DEU,REU,7251
77,184,1218,1968,1010,0,1.7160810000000002,1.713236,FRA,REU,7251
61,226,1218,1968,4592,0,2.2253979999999998,-1.8081060000000002,DEU,TZA,7251
81,226,1218,1968,1819,0,2.058025,0.677452,GBR,TZA,7251
111,226,1218,1968,1336,0,1.8991650000000002,1.865793,ITA,TZA,7251
114,226,1218,1968,2869,0,1.844871,2.2220470000000003,JPN,TZA,7251
61,227,1218,1968,15507,0,2.2253979999999998,-1.8081060000000002,DEU,UGA,7251
81,227,1218,1968,14710,0,2.058025,0.677452,GBR,UGA,7251
61,240,1218,1968,1488,0,2.2253979999999998,-1.8081060000000002,DEU,VUT,7251
77,240,1218,1968,888,0,1.7160810000000002,1.713236,FRA,VUT,7251
61,244,1218,1968,4637,0,2.2253979999999998,-1.8081060000000002,DEU,YMD,7251
41,248,1218,1968,33928,0,2.1128139999999997,2.181377,CHE,ZWE,7251
61,248,1218,1968,10508,0,2.2253979999999998,-1.8081060000000002,DEU,ZWE,7251
61,1,1218,1968,2937,0,2.2253979999999998,-1.8081060000000002,DEU,AFG,7251
111,4,1218,1968,0,410,1.8991650000000002,1.865793,ITA,ALB,7251
41,223,1218,1968,3241,0,2.1128139999999997,2.181377,CHE,TUN,7251
61,223,1218,1968,12864,0,2.2253979999999998,-1.8081060000000002,DEU,TUN,7251
77,223,1218,1968,1888,0,1.7160810000000002,1.713236,FRA,TUN,7251
81,223,1218,1968,530,0,2.058025,0.677452,GBR,TUN,7251
111,223,1218,1968,2869,0,1.8991650000000002,1.865793,ITA,TUN,7251
162,223,1218,1968,3613,0,1.4081620000000001,2.841383,NLD,TUN,7251
208,223,1218,1968,7296,0,1.968017,2.7641270000000002,SWE,TUN,7251
231,223,1218,1968,2501,0,1.9577650000000002,1.500362,USA,TUN,7251
61,17,1218,1968,694,0,2.2253979999999998,-1.8081060000000002,DEU,BDI,7251
77,21,1218,1968,414,0,1.7160810000000002,1.713236,FRA,BFA,7251
61,118,1218,1968,563,0,2.2253979999999998,-1.8081060000000002,DEU,KHM,7251
81,118,1218,1968,1457,0,2.058025,0.677452,GBR,KHM,7251
97,118,1218,1968,935,0,1.397888,1.218178,HKG,KHM,7251
111,118,1218,1968,3179,0,1.8991650000000002,1.865793,ITA,KHM,7251
114,118,1218,1968,1056,0,1.844871,2.2220470000000003,JPN,KHM,7251
61,148,1218,1968,2051,0,2.2253979999999998,-1.8081060000000002,DEU,MRT,7251
71,148,1218,1968,290,0,0.781529,1.259275,ESP,MRT,7251
111,148,1218,1968,174,0,1.8991650000000002,1.865793,ITA,MRT,7251
77,157,1218,1968,776,0,1.7160810000000002,1.713236,FRA,NER,7251
39,200,1218,1968,511,0,0.6867270000000001,0.846297,CAN,SPM,7251
2,15,1219,1968,0,773,-1.129591,-0.880391,AGO,AUT,7252
8,15,1219,1968,0,1767,0.148111,0.088328,ARG,AUT,7252
14,15,1219,1968,0,2503,0.215398,0.115257,AUS,AUT,7252
18,15,1219,1968,15156,5549,1.529065,2.472506,BEL,AUT,7252
23,15,1219,1968,0,1733,0.581187,0.53879,BGR,AUT,7252
32,15,1219,1968,426,2660,-0.325932,-0.334875,BRA,AUT,7252
39,15,1219,1968,525,11234,0.6867270000000001,0.846297,CAN,AUT,7252
41,15,1219,1968,202505,22365,2.1128139999999997,2.181377,CHE,AUT,7252
42,15,1219,1968,0,1313,0.042475,-0.45777299999999993,CHL,AUT,7252
49,15,1219,1968,0,515,-0.179843,-0.5681729999999999,COL,AUT,7252
53,15,1219,1968,1407,113417,1.6086129999999998,2.804711,CSK,AUT,7252
54,15,1219,1968,0,3060,0.19656600000000002,-0.645117,CUB,AUT,7252
61,15,1219,1968,1242441,291939,2.2253979999999998,-1.8081060000000002,DEU,AUT,7252
64,15,1219,1968,746,1432,1.5995489999999999,2.6483209999999997,DNK,AUT,7252
66,15,1219,1968,0,453,-0.6151939999999999,-0.68092,DZA,AUT,7252
68,15,1219,1968,0,739,0.141193,-0.395386,EGY,AUT,7252
71,15,1219,1968,0,5734,0.781529,1.259275,ESP,AUT,7252
74,15,1219,1968,25934,79918,1.401928,1.205835,FIN,AUT,7252
77,15,1219,1968,35716,21328,1.7160810000000002,1.713236,FRA,AUT,7252
81,15,1219,1968,255782,110165,2.058025,0.677452,GBR,AUT,7252
90,15,1219,1968,0,30558,0.120538,-0.135025,GRC,AUT,7252
102,15,1219,1968,0,18042,0.9154209999999999,1.253378,HUN,AUT,7252
104,15,1219,1968,0,5198,0.1404,0.23993299999999998,IND,AUT,7252
106,15,1219,1968,0,655,1.054101,1.252786,IRL,AUT,7252
107,15,1219,1968,0,7382,-0.731453,-0.764668,IRN,AUT,7252
108,15,1219,1968,0,1529,-0.935797,-0.522099,IRQ,AUT,7252
110,15,1219,1968,634,7935,1.105346,0.8750629999999999,ISR,AUT,7252
111,15,1219,1968,33755,33747,1.8991650000000002,1.865793,ITA,AUT,7252
114,15,1219,1968,0,38784,1.844871,2.2220470000000003,JPN,AUT,7252
121,15,1219,1968,0,12829,0.992735,0.683944,KOR,AUT,7252
128,15,1219,1968,0,509,-1.048844,-0.673287,LKA,AUT,7252
134,15,1219,1968,0,840,-0.219575,-0.657712,MAR,AUT,7252
138,15,1219,1968,0,18026,0.306611,0.36893000000000004,MEX,AUT,7252
162,15,1219,1968,16895,9005,1.4081620000000001,2.841383,NLD,AUT,7252
163,15,1219,1968,12422,18623,1.258037,1.6438409999999999,NOR,AUT,7252
166,15,1219,1968,0,355,0.184389,-0.451151,NZL,AUT,7252
168,15,1219,1968,0,11467,0.17055499999999998,-0.249302,PAK,AUT,7252
174,15,1219,1968,0,6022,-0.38509499999999997,-0.708784,PHL,AUT,7252
177,15,1219,1968,9985,73558,0.9209379999999999,1.762821,POL,AUT,7252
179,15,1219,1968,0,2912,1.014702,1.024988,PRT,AUT,7252
185,15,1219,1968,0,35533,0.7897609999999999,0.9959479999999999,ROU,AUT,7252
186,15,1219,1968,0,128666,0.429629,0.513075,RUS,AUT,7252
192,15,1219,1968,0,941,0.34532199999999996,0.624988,SGP,AUT,7252
208,15,1219,1968,151187,57666,1.968017,2.7641270000000002,SWE,AUT,7252
216,15,1219,1968,0,7340,-0.59446,-0.7126439999999999,THA,AUT,7252
224,15,1219,1968,0,61432,-0.654801,-0.8012319999999999,TUR,AUT,7252
231,15,1219,1968,29848,17278,1.9577650000000002,1.500362,USA,AUT,7252
236,15,1219,1968,0,20966,-0.7130850000000001,-0.5042939999999999,VEN,AUT,7252
239,15,1219,1968,0,160,0.414368,-0.21605500000000002,VNM,AUT,7252
245,15,1219,1968,1764,127088,1.0230700000000001,2.3184560000000003,YUG,AUT,7252
246,15,1219,1968,0,5639,-0.397811,-0.621199,ZAF,AUT,7252
249,15,1219,1968,0,4285,1.152169,1.691066,TWN,AUT,7252
250,15,1219,1968,0,438,0.8133859999999999,0.47075900000000004,ANS,AUT,7252
2,18,1219,1968,0,507,-1.129591,-0.880391,AGO,BEL,7252
8,18,1219,1968,0,2881,0.148111,0.088328,ARG,BEL,7252
14,18,1219,1968,0,530,0.215398,0.115257,AUS,BEL,7252
15,18,1219,1968,5549,15156,1.94925,1.6721810000000001,AUT,BEL,7252
23,18,1219,1968,0,68210,0.581187,0.53879,BGR,BEL,7252
39,18,1219,1968,30118,0,0.6867270000000001,0.846297,CAN,BEL,7252
41,18,1219,1968,149240,1692,2.1128139999999997,2.181377,CHE,BEL,7252
42,18,1219,1968,0,11133,0.042475,-0.45777299999999993,CHL,BEL,7252
46,18,1219,1968,0,11215,-1.2018229999999999,-0.6680229999999999,COD,BEL,7252
53,18,1219,1968,610,3661,1.6086129999999998,2.804711,CSK,BEL,7252
61,18,1219,1968,1700633,231298,2.2253979999999998,-1.8081060000000002,DEU,BEL,7252
64,18,1219,1968,64465,4839,1.5995489999999999,2.6483209999999997,DNK,BEL,7252
71,18,1219,1968,0,34111,0.781529,1.259275,ESP,BEL,7252
74,18,1219,1968,1114,10055,1.401928,1.205835,FIN,BEL,7252
77,18,1219,1968,241326,378461,1.7160810000000002,1.713236,FRA,BEL,7252
81,18,1219,1968,465302,55718,2.058025,0.677452,GBR,BEL,7252
86,18,1219,1968,0,437,-0.408167,-0.372355,GLP,BEL,7252
90,18,1219,1968,0,1574,0.120538,-0.135025,GRC,BEL,7252
104,18,1219,1968,0,1964,0.1404,0.23993299999999998,IND,BEL,7252
106,18,1219,1968,0,673,1.054101,1.252786,IRL,BEL,7252
107,18,1219,1968,0,538,-0.731453,-0.764668,IRN,BEL,7252
109,18,1219,1968,0,605,0.282911,-0.326735,ISL,BEL,7252
110,18,1219,1968,0,2664,1.105346,0.8750629999999999,ISR,BEL,7252
111,18,1219,1968,1030452,137086,1.8991650000000002,1.865793,ITA,BEL,7252
114,18,1219,1968,2180,0,1.844871,2.2220470000000003,JPN,BEL,7252
124,18,1219,1968,0,29459,0.7129770000000001,1.136677,LBN,BEL,7252
134,18,1219,1968,0,9931,-0.219575,-0.657712,MAR,BEL,7252
138,18,1219,1968,0,3150,0.306611,0.36893000000000004,MEX,BEL,7252
150,18,1219,1968,0,756,0.026755,-0.5054850000000001,MTQ,BEL,7252
159,18,1219,1968,0,1175,-1.317379,-0.822881,NGA,BEL,7252
162,18,1219,1968,187945,188274,1.4081620000000001,2.841383,NLD,BEL,7252
163,18,1219,1968,2496,431,1.258037,1.6438409999999999,NOR,BEL,7252
166,18,1219,1968,0,6022,0.184389,-0.451151,NZL,BEL,7252
169,18,1219,1968,0,5492,1.151761,0.8629450000000001,PAN,BEL,7252
177,18,1219,1968,0,60804,0.9209379999999999,1.762821,POL,BEL,7252
179,18,1219,1968,0,794,1.014702,1.024988,PRT,BEL,7252
185,18,1219,1968,0,400,0.7897609999999999,0.9959479999999999,ROU,BEL,7252
208,18,1219,1968,56739,1448,1.968017,2.7641270000000002,SWE,BEL,7252
231,18,1219,1968,261211,35670,1.9577650000000002,1.500362,USA,BEL,7252
245,18,1219,1968,0,491,1.0230700000000001,2.3184560000000003,YUG,BEL,7252
246,18,1219,1968,0,1254,-0.397811,-0.621199,ZAF,BEL,7252
250,18,1219,1968,0,433,0.8133859999999999,0.47075900000000004,ANS,BEL,7252
8,39,1219,1968,0,11581,0.148111,0.088328,ARG,CAN,7252
14,39,1219,1968,44605,231240,0.215398,0.115257,AUS,CAN,7252
15,39,1219,1968,11234,525,1.94925,1.6721810000000001,AUT,CAN,7252
18,39,1219,1968,0,30118,1.529065,2.472506,BEL,CAN,7252
32,39,1219,1968,96499,19727,-0.325932,-0.334875,BRA,CAN,7252
33,39,1219,1968,0,2133,0.6484409999999999,0.015096,BRB,CAN,7252
41,39,1219,1968,131073,1953,2.1128139999999997,2.181377,CHE,CAN,7252
42,39,1219,1968,0,53798,0.042475,-0.45777299999999993,CHL,CAN,7252
49,39,1219,1968,0,2758,-0.179843,-0.5681729999999999,COL,CAN,7252
53,39,1219,1968,5065,2704,1.6086129999999998,2.804711,CSK,CAN,7252
61,39,1219,1968,651854,4801,2.2253979999999998,-1.8081060000000002,DEU,CAN,7252
64,39,1219,1968,2982,0,1.5995489999999999,2.6483209999999997,DNK,CAN,7252
71,39,1219,1968,1236,0,0.781529,1.259275,ESP,CAN,7252
74,39,1219,1968,20692,28252,1.401928,1.205835,FIN,CAN,7252
77,39,1219,1968,47654,8350,1.7160810000000002,1.713236,FRA,CAN,7252
81,39,1219,1968,403688,54112,2.058025,0.677452,GBR,CAN,7252
86,39,1219,1968,0,5481,-0.408167,-0.372355,GLP,CAN,7252
90,39,1219,1968,0,1482,0.120538,-0.135025,GRC,CAN,7252
96,39,1219,1968,0,461,-0.34474699999999997,-0.547204,GUY,CAN,7252
101,39,1219,1968,0,1118,0.30587600000000004,-0.458413,HTI,CAN,7252
104,39,1219,1968,0,387,0.1404,0.23993299999999998,IND,CAN,7252
106,39,1219,1968,0,1097,1.054101,1.252786,IRL,CAN,7252
110,39,1219,1968,0,563,1.105346,0.8750629999999999,ISR,CAN,7252
111,39,1219,1968,28989,21916,1.8991650000000002,1.865793,ITA,CAN,7252
112,39,1219,1968,0,742,0.206492,-0.587264,JAM,CAN,7252
114,39,1219,1968,214858,9959,1.844871,2.2220470000000003,JPN,CAN,7252
134,39,1219,1968,0,5496,-0.219575,-0.657712,MAR,CAN,7252
138,39,1219,1968,0,173884,0.306611,0.36893000000000004,MEX,CAN,7252
150,39,1219,1968,0,6393,0.026755,-0.5054850000000001,MTQ,CAN,7252
153,39,1219,1968,0,1129,-0.530212,-0.618034,MYS,CAN,7252
162,39,1219,1968,29876,2403,1.4081620000000001,2.841383,NLD,CAN,7252
163,39,1219,1968,35732,22718,1.258037,1.6438409999999999,NOR,CAN,7252
166,39,1219,1968,0,145274,0.184389,-0.451151,NZL,CAN,7252
168,39,1219,1968,0,8200,0.17055499999999998,-0.249302,PAK,CAN,7252
169,39,1219,1968,0,3252,1.151761,0.8629450000000001,PAN,CAN,7252
173,39,1219,1968,0,44733,-0.676242,-0.815086,PER,CAN,7252
174,39,1219,1968,0,1242,-0.38509499999999997,-0.708784,PHL,CAN,7252
186,39,1219,1968,0,587,0.429629,0.513075,RUS,CAN,7252
197,39,1219,1968,0,2755,0.8662620000000001,0.791027,SLV,CAN,7252
200,39,1219,1968,0,511,0.399803,-0.33834699999999995,SPM,CAN,7252
208,39,1219,1968,372534,5859,1.968017,2.7641270000000002,SWE,CAN,7252
216,39,1219,1968,0,3080,-0.59446,-0.7126439999999999,THA,CAN,7252
222,39,1219,1968,0,584,0.388499,-0.182041,TTO,CAN,7252
231,39,1219,1968,6611118,2028554,1.9577650000000002,1.500362,USA,CAN,7252
236,39,1219,1968,0,32544,-0.7130850000000001,-0.5042939999999999,VEN,CAN,7252
246,39,1219,1968,0,36871,-0.397811,-0.621199,ZAF,CAN,7252
249,39,1219,1968,0,3398,1.152169,1.691066,TWN,CAN,7252
2,41,1219,1968,0,1203,-1.129591,-0.880391,AGO,CHE,7252
8,41,1219,1968,0,33593,0.148111,0.088328,ARG,CHE,7252
14,41,1219,1968,2938,164737,0.215398,0.115257,AUS,CHE,7252
15,41,1219,1968,22365,202505,1.94925,1.6721810000000001,AUT,CHE,7252
18,41,1219,1968,1692,149240,1.529065,2.472506,BEL,CHE,7252
23,41,1219,1968,0,104277,0.581187,0.53879,BGR,CHE,7252
32,41,1219,1968,0,20931,-0.325932,-0.334875,BRA,CHE,7252
39,41,1219,1968,1953,131073,0.6867270000000001,0.846297,CAN,CHE,7252
42,41,1219,1968,0,7886,0.042475,-0.45777299999999993,CHL,CHE,7252
49,41,1219,1968,0,42820,-0.179843,-0.5681729999999999,COL,CHE,7252
53,41,1219,1968,0,64089,1.6086129999999998,2.804711,CSK,CHE,7252
61,41,1219,1968,2402214,1091988,2.2253979999999998,-1.8081060000000002,DEU,CHE,7252
64,41,1219,1968,6974,159671,1.5995489999999999,2.6483209999999997,DNK,CHE,7252
65,41,1219,1968,0,16826,-0.739667,-0.834332,DOM,CHE,7252
66,41,1219,1968,0,89289,-0.6151939999999999,-0.68092,DZA,CHE,7252
67,41,1219,1968,0,332,-0.5838800000000001,-0.767904,ECU,CHE,7252
68,41,1219,1968,0,606,0.141193,-0.395386,EGY,CHE,7252
71,41,1219,1968,828,170251,0.781529,1.259275,ESP,CHE,7252
74,41,1219,1968,582,99670,1.401928,1.205835,FIN,CHE,7252
77,41,1219,1968,133146,597577,1.7160810000000002,1.713236,FRA,CHE,7252
81,41,1219,1968,169951,805322,2.058025,0.677452,GBR,CHE,7252
90,41,1219,1968,0,38344,0.120538,-0.135025,GRC,CHE,7252
93,41,1219,1968,0,855,0.5246930000000001,0.169407,GTM,CHE,7252
97,41,1219,1968,0,2213,1.397888,1.218178,HKG,CHE,7252
102,41,1219,1968,0,4226,0.9154209999999999,1.253378,HUN,CHE,7252
104,41,1219,1968,0,681,0.1404,0.23993299999999998,IND,CHE,7252
106,41,1219,1968,0,39271,1.054101,1.252786,IRL,CHE,7252
107,41,1219,1968,0,30001,-0.731453,-0.764668,IRN,CHE,7252
108,41,1219,1968,0,487,-0.935797,-0.522099,IRQ,CHE,7252
109,41,1219,1968,0,1044,0.282911,-0.326735,ISL,CHE,7252
110,41,1219,1968,932,31269,1.105346,0.8750629999999999,ISR,CHE,7252
111,41,1219,1968,358237,235416,1.8991650000000002,1.865793,ITA,CHE,7252
112,41,1219,1968,0,1208,0.206492,-0.587264,JAM,CHE,7252
114,41,1219,1968,0,321142,1.844871,2.2220470000000003,JPN,CHE,7252
116,41,1219,1968,0,1244,-0.301844,-0.318616,KEN,CHE,7252
124,41,1219,1968,0,1034,0.7129770000000001,1.136677,LBN,CHE,7252
134,41,1219,1968,0,1224,-0.219575,-0.657712,MAR,CHE,7252
138,41,1219,1968,0,123757,0.306611,0.36893000000000004,MEX,CHE,7252
153,41,1219,1968,0,1153,-0.530212,-0.618034,MYS,CHE,7252
159,41,1219,1968,0,12036,-1.317379,-0.822881,NGA,CHE,7252
162,41,1219,1968,75335,175550,1.4081620000000001,2.841383,NLD,CHE,7252
163,41,1219,1968,3430,69082,1.258037,1.6438409999999999,NOR,CHE,7252
166,41,1219,1968,0,1135,0.184389,-0.451151,NZL,CHE,7252
168,41,1219,1968,0,35522,0.17055499999999998,-0.249302,PAK,CHE,7252
169,41,1219,1968,0,651,1.151761,0.8629450000000001,PAN,CHE,7252
173,41,1219,1968,0,20238,-0.676242,-0.815086,PER,CHE,7252
174,41,1219,1968,0,182274,-0.38509499999999997,-0.708784,PHL,CHE,7252
179,41,1219,1968,0,2406,1.014702,1.024988,PRT,CHE,7252
186,41,1219,1968,0,128081,0.429629,0.513075,RUS,CHE,7252
188,41,1219,1968,0,528,-1.510775,-0.48828699999999997,SAU,CHE,7252
190,41,1219,1968,0,7371,-1.18039,-0.908206,SDN,CHE,7252
191,41,1219,1968,0,2866,-0.380494,-0.698573,SEN,CHE,7252
192,41,1219,1968,0,1293,0.34532199999999996,0.624988,SGP,CHE,7252
197,41,1219,1968,0,1701,0.8662620000000001,0.791027,SLV,CHE,7252
208,41,1219,1968,89599,76349,1.968017,2.7641270000000002,SWE,CHE,7252
216,41,1219,1968,0,529,-0.59446,-0.7126439999999999,THA,CHE,7252
223,41,1219,1968,0,3241,-0.129079,-0.54896,TUN,CHE,7252
224,41,1219,1968,0,1811,-0.654801,-0.8012319999999999,TUR,CHE,7252
231,41,1219,1968,135506,2022471,1.9577650000000002,1.500362,USA,CHE,7252
236,41,1219,1968,0,45435,-0.7130850000000001,-0.5042939999999999,VEN,CHE,7252
245,41,1219,1968,0,8645,1.0230700000000001,2.3184560000000003,YUG,CHE,7252
246,41,1219,1968,0,156353,-0.397811,-0.621199,ZAF,CHE,7252
248,41,1219,1968,0,33928,1.275376,1.463211,ZWE,CHE,7252
61,43,1219,1968,718,0,2.2253979999999998,-1.8081060000000002,DEU,CHN,7252
74,43,1219,1968,5911,0,1.401928,1.205835,FIN,CHN,7252
77,43,1219,1968,50709,0,1.7160810000000002,1.713236,FRA,CHN,7252
81,43,1219,1968,915,440,2.058025,0.677452,GBR,CHN,7252
97,43,1219,1968,0,19446,1.397888,1.218178,HKG,CHN,7252
114,43,1219,1968,20889,0,1.844871,2.2220470000000003,JPN,CHN,7252
134,43,1219,1968,0,680,-0.219575,-0.657712,MAR,CHN,7252
143,43,1219,1968,0,459,-0.96686,-0.782324,MMR,CHN,7252
153,43,1219,1968,0,13761,-0.530212,-0.618034,MYS,CHN,7252
192,43,1219,1968,0,8473,0.34532199999999996,0.624988,SGP,CHN,7252
208,43,1219,1968,26770,0,1.968017,2.7641270000000002,SWE,CHN,7252
14,53,1219,1968,0,7005,0.215398,0.115257,AUS,CSK,7252
15,53,1219,1968,113417,1407,1.94925,1.6721810000000001,AUT,CSK,7252
18,53,1219,1968,3661,610,1.529065,2.472506,BEL,CSK,7252
31,53,1219,1968,0,2049,-0.8851379999999999,-0.772063,BOL,CSK,7252
32,53,1219,1968,0,2235,-0.325932,-0.334875,BRA,CSK,7252
39,53,1219,1968,2704,5065,0.6867270000000001,0.846297,CAN,CSK,7252
41,53,1219,1968,64089,0,2.1128139999999997,2.181377,CHE,CSK,7252
61,53,1219,1968,342140,3276,2.2253979999999998,-1.8081060000000002,DEU,CSK,7252
64,53,1219,1968,0,1811,1.5995489999999999,2.6483209999999997,DNK,CSK,7252
71,53,1219,1968,0,2394,0.781529,1.259275,ESP,CSK,7252
74,53,1219,1968,17285,672,1.401928,1.205835,FIN,CSK,7252
77,53,1219,1968,22694,7848,1.7160810000000002,1.713236,FRA,CSK,7252
81,53,1219,1968,139509,22531,2.058025,0.677452,GBR,CSK,7252
90,53,1219,1968,0,11257,0.120538,-0.135025,GRC,CSK,7252
97,53,1219,1968,0,442,1.397888,1.218178,HKG,CSK,7252
104,53,1219,1968,0,14116,0.1404,0.23993299999999998,IND,CSK,7252
107,53,1219,1968,0,6976,-0.731453,-0.764668,IRN,CSK,7252
111,53,1219,1968,175379,1033,1.8991650000000002,1.865793,ITA,CSK,7252
114,53,1219,1968,0,493,1.844871,2.2220470000000003,JPN,CSK,7252
124,53,1219,1968,0,6877,0.7129770000000001,1.136677,LBN,CSK,7252
134,53,1219,1968,0,421,-0.219575,-0.657712,MAR,CSK,7252
138,53,1219,1968,0,6330,0.306611,0.36893000000000004,MEX,CSK,7252
143,53,1219,1968,0,59601,-0.96686,-0.782324,MMR,CSK,7252
159,53,1219,1968,0,276,-1.317379,-0.822881,NGA,CSK,7252
162,53,1219,1968,6159,22951,1.4081620000000001,2.841383,NLD,CSK,7252
163,53,1219,1968,3491,0,1.258037,1.6438409999999999,NOR,CSK,7252
166,53,1219,1968,0,1084,0.184389,-0.451151,NZL,CSK,7252
173,53,1219,1968,0,5466,-0.676242,-0.815086,PER,CSK,7252
179,53,1219,1968,0,2016,1.014702,1.024988,PRT,CSK,7252
190,53,1219,1968,0,1731,-1.18039,-0.908206,SDN,CSK,7252
208,53,1219,1968,34220,0,1.968017,2.7641270000000002,SWE,CSK,7252
216,53,1219,1968,0,10632,-0.59446,-0.7126439999999999,THA,CSK,7252
224,53,1219,1968,0,1302,-0.654801,-0.8012319999999999,TUR,CSK,7252
231,53,1219,1968,0,758,1.9577650000000002,1.500362,USA,CSK,7252
245,53,1219,1968,0,16313,1.0230700000000001,2.3184560000000003,YUG,CSK,7252
1,61,1219,1968,0,2937,-0.712527,-0.837342,AFG,DEU,7252
2,61,1219,1968,0,15822,-1.129591,-0.880391,AGO,DEU,7252
6,61,1219,1968,0,351,0.14161500000000002,-0.24035399999999998,ANT,DEU,7252
8,61,1219,1968,0,365816,0.148111,0.088328,ARG,DEU,7252
14,61,1219,1968,0,775224,0.215398,0.115257,AUS,DEU,7252
15,61,1219,1968,291939,1242441,1.94925,1.6721810000000001,AUT,DEU,7252
17,61,1219,1968,0,694,-0.8680040000000001,-0.673427,BDI,DEU,7252
18,61,1219,1968,231298,1700633,1.529065,2.472506,BEL,DEU,7252
23,61,1219,1968,0,221198,0.581187,0.53879,BGR,DEU,7252
24,61,1219,1968,0,1132,-0.059769,-0.445457,BHR,DEU,7252
30,61,1219,1968,0,1008,0.873251,0.188419,BMU,DEU,7252
31,61,1219,1968,0,24981,-0.8851379999999999,-0.772063,BOL,DEU,7252
32,61,1219,1968,0,1303328,-0.325932,-0.334875,BRA,DEU,7252
33,61,1219,1968,0,6322,0.6484409999999999,0.015096,BRB,DEU,7252
39,61,1219,1968,4801,651854,0.6867270000000001,0.846297,CAN,DEU,7252
41,61,1219,1968,1091988,2402214,2.1128139999999997,2.181377,CHE,DEU,7252
42,61,1219,1968,1143,339292,0.042475,-0.45777299999999993,CHL,DEU,7252
43,61,1219,1968,0,718,0.610282,1.61494,CHN,DEU,7252
44,61,1219,1968,0,3036,-0.9004639999999999,-0.815828,CIV,DEU,7252
46,61,1219,1968,0,23871,-1.2018229999999999,-0.6680229999999999,COD,DEU,7252
47,61,1219,1968,0,326,-1.0615450000000002,-0.736701,COG,DEU,7252
49,61,1219,1968,0,110858,-0.179843,-0.5681729999999999,COL,DEU,7252
52,61,1219,1968,0,57678,0.926132,0.544143,CRI,DEU,7252
53,61,1219,1968,3276,342140,1.6086129999999998,2.804711,CSK,DEU,7252
54,61,1219,1968,0,3056,0.19656600000000002,-0.645117,CUB,DEU,7252
58,61,1219,1968,0,6286,-0.154697,-0.659162,CYP,DEU,7252
64,61,1219,1968,47706,821986,1.5995489999999999,2.6483209999999997,DNK,DEU,7252
65,61,1219,1968,0,31864,-0.739667,-0.834332,DOM,DEU,7252
66,61,1219,1968,0,89251,-0.6151939999999999,-0.68092,DZA,DEU,7252
67,61,1219,1968,0,82282,-0.5838800000000001,-0.767904,ECU,DEU,7252
68,61,1219,1968,0,34520,0.141193,-0.395386,EGY,DEU,7252
71,61,1219,1968,35141,1822347,0.781529,1.259275,ESP,DEU,7252
73,61,1219,1968,0,106174,-0.8907879999999999,-0.983032,ETH,DEU,7252
74,61,1219,1968,1184950,883627,1.401928,1.205835,FIN,DEU,7252
77,61,1219,1968,439989,5469956,1.7160810000000002,1.713236,FRA,DEU,7252
81,61,1219,1968,806751,3057874,2.058025,0.677452,GBR,DEU,7252
83,61,1219,1968,0,42080,-0.995481,-0.76246,GHA,DEU,7252
90,61,1219,1968,946,1567170,0.120538,-0.135025,GRC,DEU,7252
93,61,1219,1968,0,18121,0.5246930000000001,0.169407,GTM,DEU,7252
96,61,1219,1968,0,29548,-0.34474699999999997,-0.547204,GUY,DEU,7252
97,61,1219,1968,1496,50502,1.397888,1.218178,HKG,DEU,7252
99,61,1219,1968,0,6128,-0.115754,-0.5740890000000001,HND,DEU,7252
101,61,1219,1968,0,719,0.30587600000000004,-0.458413,HTI,DEU,7252
102,61,1219,1968,0,54646,0.9154209999999999,1.253378,HUN,DEU,7252
103,61,1219,1968,0,27002,-1.210591,-0.7402310000000001,IDN,DEU,7252
104,61,1219,1968,519,394502,0.1404,0.23993299999999998,IND,DEU,7252
106,61,1219,1968,0,93965,1.054101,1.252786,IRL,DEU,7252
107,61,1219,1968,0,202471,-0.731453,-0.764668,IRN,DEU,7252
108,61,1219,1968,0,525347,-0.935797,-0.522099,IRQ,DEU,7252
109,61,1219,1968,0,1310,0.282911,-0.326735,ISL,DEU,7252
110,61,1219,1968,1568,169556,1.105346,0.8750629999999999,ISR,DEU,7252
111,61,1219,1968,850577,4976432,1.8991650000000002,1.865793,ITA,DEU,7252
112,61,1219,1968,0,38301,0.206492,-0.587264,JAM,DEU,7252
113,61,1219,1968,0,2031,0.402134,-0.18620599999999998,JOR,DEU,7252
114,61,1219,1968,50631,1410408,1.844871,2.2220470000000003,JPN,DEU,7252
116,61,1219,1968,0,98104,-0.301844,-0.318616,KEN,DEU,7252
118,61,1219,1968,0,563,-0.6683680000000001,-0.9116620000000001,KHM,DEU,7252
121,61,1219,1968,1209,1035520,0.992735,0.683944,KOR,DEU,7252
122,61,1219,1968,0,27776,-1.2088969999999999,-0.480887,KWT,DEU,7252
124,61,1219,1968,0,45187,0.7129770000000001,1.136677,LBN,DEU,7252
126,61,1219,1968,0,33407,-1.864928,-0.47663500000000003,LBY,DEU,7252
128,61,1219,1968,327,27488,-1.048844,-0.673287,LKA,DEU,7252
134,61,1219,1968,0,147105,-0.219575,-0.657712,MAR,DEU,7252
136,61,1219,1968,638,6708,-0.684883,-0.839874,MDG,DEU,7252
138,61,1219,1968,0,857713,0.306611,0.36893000000000004,MEX,DEU,7252
141,61,1219,1968,0,535,-0.625304,-0.751379,MLI,DEU,7252
142,61,1219,1968,0,3052,1.418505,1.216724,MLT,DEU,7252
143,61,1219,1968,0,10811,-0.96686,-0.782324,MMR,DEU,7252
145,61,1219,1968,0,466,-0.5432680000000001,-0.52315,MNG,DEU,7252
147,61,1219,1968,0,30154,-0.859319,-0.818945,MOZ,DEU,7252
148,61,1219,1968,0,2051,-0.584021,-0.6288090000000001,MRT,DEU,7252
150,61,1219,1968,0,424,0.026755,-0.5054850000000001,MTQ,DEU,7252
153,61,1219,1968,0,45531,-0.530212,-0.618034,MYS,DEU,7252
159,61,1219,1968,0,28102,-1.317379,-0.822881,NGA,DEU,7252
160,61,1219,1968,0,28608,0.141456,-0.299055,NIC,DEU,7252
162,61,1219,1968,1029494,2778778,1.4081620000000001,2.841383,NLD,DEU,7252
163,61,1219,1968,101433,640384,1.258037,1.6438409999999999,NOR,DEU,7252
166,61,1219,1968,0,128756,0.184389,-0.451151,NZL,DEU,7252
167,61,1219,1968,0,1375,-1.563004,-0.448748,OMN,DEU,7252
168,61,1219,1968,0,1218699,0.17055499999999998,-0.249302,PAK,DEU,7252
169,61,1219,1968,0,19325,1.151761,0.8629450000000001,PAN,DEU,7252
173,61,1219,1968,0,192117,-0.676242,-0.815086,PER,DEU,7252
174,61,1219,1968,891,97594,-0.38509499999999997,-0.708784,PHL,DEU,7252
177,61,1219,1968,0,443334,0.9209379999999999,1.762821,POL,DEU,7252
179,61,1219,1968,0,1238193,1.014702,1.024988,PRT,DEU,7252
180,61,1219,1968,0,8086,-0.605754,-0.77208,PRY,DEU,7252
184,61,1219,1968,0,2313,-0.704149,-0.416626,REU,DEU,7252
185,61,1219,1968,986,27267,0.7897609999999999,0.9959479999999999,ROU,DEU,7252
186,61,1219,1968,0,1070186,0.429629,0.513075,RUS,DEU,7252
188,61,1219,1968,0,17052,-1.510775,-0.48828699999999997,SAU,DEU,7252
190,61,1219,1968,0,16480,-1.18039,-0.908206,SDN,DEU,7252
191,61,1219,1968,0,12398,-0.380494,-0.698573,SEN,DEU,7252
192,61,1219,1968,0,41844,0.34532199999999996,0.624988,SGP,DEU,7252
196,61,1219,1968,0,2403,-1.055491,-0.736395,SLE,DEU,7252
197,61,1219,1968,0,12155,0.8662620000000001,0.791027,SLV,DEU,7252
205,61,1219,1968,0,2766,-0.43228199999999994,-0.560526,SUR,DEU,7252
208,61,1219,1968,463946,2500362,1.968017,2.7641270000000002,SWE,DEU,7252
212,61,1219,1968,0,365,-0.14453,-0.669121,SYR,DEU,7252
216,61,1219,1968,0,121259,-0.59446,-0.7126439999999999,THA,DEU,7252
222,61,1219,1968,0,34302,0.388499,-0.182041,TTO,DEU,7252
223,61,1219,1968,0,12864,-0.129079,-0.54896,TUN,DEU,7252
224,61,1219,1968,0,2177484,-0.654801,-0.8012319999999999,TUR,DEU,7252
226,61,1219,1968,0,4592,-1.2084840000000001,-0.893344,TZA,DEU,7252
227,61,1219,1968,0,15507,-1.381566,-0.770883,UGA,DEU,7252
230,61,1219,1968,0,16106,0.418634,-0.177045,URY,DEU,7252
231,61,1219,1968,625648,3995068,1.9577650000000002,1.500362,USA,DEU,7252
236,61,1219,1968,4951,260875,-0.7130850000000001,-0.5042939999999999,VEN,DEU,7252
239,61,1219,1968,0,46426,0.414368,-0.21605500000000002,VNM,DEU,7252
240,61,1219,1968,0,1488,-1.165284,-0.661817,VUT,DEU,7252
244,61,1219,1968,0,4637,-0.713819,-0.722625,YMD,DEU,7252
245,61,1219,1968,11800,796866,1.0230700000000001,2.3184560000000003,YUG,DEU,7252
246,61,1219,1968,4609,623150,-0.397811,-0.621199,ZAF,DEU,7252
247,61,1219,1968,0,23494,-0.811549,-0.6721600000000001,ZMB,DEU,7252
248,61,1219,1968,0,10508,1.275376,1.463211,ZWE,DEU,7252
249,61,1219,1968,0,21745,1.152169,1.691066,TWN,DEU,7252
14,64,1219,1968,0,3661,0.215398,0.115257,AUS,DNK,7252
15,64,1219,1968,1432,746,1.94925,1.6721810000000001,AUT,DNK,7252
18,64,1219,1968,4839,64465,1.529065,2.472506,BEL,DNK,7252
31,64,1219,1968,0,571,-0.8851379999999999,-0.772063,BOL,DNK,7252
39,64,1219,1968,0,2982,0.6867270000000001,0.846297,CAN,DNK,7252
41,64,1219,1968,159671,6974,2.1128139999999997,2.181377,CHE,DNK,7252
42,64,1219,1968,0,453,0.042475,-0.45777299999999993,CHL,DNK,7252
53,64,1219,1968,1811,0,1.6086129999999998,2.804711,CSK,DNK,7252
61,64,1219,1968,821986,47706,2.2253979999999998,-1.8081060000000002,DEU,DNK,7252
71,64,1219,1968,0,2495,0.781529,1.259275,ESP,DNK,7252
74,64,1219,1968,51539,1601,1.401928,1.205835,FIN,DNK,7252
77,64,1219,1968,1943,41963,1.7160810000000002,1.713236,FRA,DNK,7252
81,64,1219,1968,128217,41685,2.058025,0.677452,GBR,DNK,7252
104,64,1219,1968,0,1671,0.1404,0.23993299999999998,IND,DNK,7252
106,64,1219,1968,0,373,1.054101,1.252786,IRL,DNK,7252
107,64,1219,1968,0,1366,-0.731453,-0.764668,IRN,DNK,7252
110,64,1219,1968,701,14171,1.105346,0.8750629999999999,ISR,DNK,7252
111,64,1219,1968,5685,1905,1.8991650000000002,1.865793,ITA,DNK,7252
114,64,1219,1968,4815,2842,1.844871,2.2220470000000003,JPN,DNK,7252
116,64,1219,1968,0,1317,-0.301844,-0.318616,KEN,DNK,7252
124,64,1219,1968,0,3982,0.7129770000000001,1.136677,LBN,DNK,7252
128,64,1219,1968,0,861,-1.048844,-0.673287,LKA,DNK,7252
134,64,1219,1968,0,397,-0.219575,-0.657712,MAR,DNK,7252
138,64,1219,1968,0,643,0.306611,0.36893000000000004,MEX,DNK,7252
160,64,1219,1968,0,276,0.141456,-0.299055,NIC,DNK,7252
162,64,1219,1968,21948,2360,1.4081620000000001,2.841383,NLD,DNK,7252
163,64,1219,1968,55723,8654,1.258037,1.6438409999999999,NOR,DNK,7252
166,64,1219,1968,0,1475,0.184389,-0.451151,NZL,DNK,7252
186,64,1219,1968,0,357693,0.429629,0.513075,RUS,DNK,7252
192,64,1219,1968,0,2281,0.34532199999999996,0.624988,SGP,DNK,7252
208,64,1219,1968,454772,64608,1.968017,2.7641270000000002,SWE,DNK,7252
216,64,1219,1968,0,3439,-0.59446,-0.7126439999999999,THA,DNK,7252
231,64,1219,1968,118102,13539,1.9577650000000002,1.500362,USA,DNK,7252
236,64,1219,1968,0,16196,-0.7130850000000001,-0.5042939999999999,VEN,DNK,7252
246,64,1219,1968,0,1193,-0.397811,-0.621199,ZAF,DNK,7252
250,64,1219,1968,0,965,0.8133859999999999,0.47075900000000004,ANS,DNK,7252
8,77,1219,1968,0,5577,0.148111,0.088328,ARG,FRA,7252
14,77,1219,1968,0,8186,0.215398,0.115257,AUS,FRA,7252
15,77,1219,1968,21328,35716,1.94925,1.6721810000000001,AUT,FRA,7252
18,77,1219,1968,378461,241326,1.529065,2.472506,BEL,FRA,7252
21,77,1219,1968,0,414,-0.21085,-0.5524640000000001,BFA,FRA,7252
23,77,1219,1968,0,5334,0.581187,0.53879,BGR,FRA,7252
32,77,1219,1968,0,42465,-0.325932,-0.334875,BRA,FRA,7252
39,77,1219,1968,8350,47654,0.6867270000000001,0.846297,CAN,FRA,7252
41,77,1219,1968,597577,133146,2.1128139999999997,2.181377,CHE,FRA,7252
42,77,1219,1968,0,1129,0.042475,-0.45777299999999993,CHL,FRA,7252
43,77,1219,1968,0,50709,0.610282,1.61494,CHN,FRA,7252
44,77,1219,1968,0,22133,-0.9004639999999999,-0.815828,CIV,FRA,7252
45,77,1219,1968,0,71555,-0.448082,-0.43909899999999996,CMR,FRA,7252
46,77,1219,1968,0,1284,-1.2018229999999999,-0.6680229999999999,COD,FRA,7252
47,77,1219,1968,0,1548,-1.0615450000000002,-0.736701,COG,FRA,7252
53,77,1219,1968,7848,22694,1.6086129999999998,2.804711,CSK,FRA,7252
61,77,1219,1968,5469956,439989,2.2253979999999998,-1.8081060000000002,DEU,FRA,7252
64,77,1219,1968,41963,1943,1.5995489999999999,2.6483209999999997,DNK,FRA,7252
66,77,1219,1968,1131,240185,-0.6151939999999999,-0.68092,DZA,FRA,7252
67,77,1219,1968,0,3855,-0.5838800000000001,-0.767904,ECU,FRA,7252
68,77,1219,1968,0,6096,0.141193,-0.395386,EGY,FRA,7252
71,77,1219,1968,18898,115103,0.781529,1.259275,ESP,FRA,7252
73,77,1219,1968,0,56489,-0.8907879999999999,-0.983032,ETH,FRA,7252
74,77,1219,1968,20474,53480,1.401928,1.205835,FIN,FRA,7252
80,77,1219,1968,0,467,-1.370584,-0.627224,GAB,FRA,7252
81,77,1219,1968,494482,162499,2.058025,0.677452,GBR,FRA,7252
86,77,1219,1968,0,2759,-0.408167,-0.372355,GLP,FRA,7252
90,77,1219,1968,0,4705,0.120538,-0.135025,GRC,FRA,7252
102,77,1219,1968,0,1148,0.9154209999999999,1.253378,HUN,FRA,7252
104,77,1219,1968,0,66916,0.1404,0.23993299999999998,IND,FRA,7252
106,77,1219,1968,0,17961,1.054101,1.252786,IRL,FRA,7252
107,77,1219,1968,0,13138,-0.731453,-0.764668,IRN,FRA,7252
108,77,1219,1968,0,5540,-0.935797,-0.522099,IRQ,FRA,7252
110,77,1219,1968,0,5185,1.105346,0.8750629999999999,ISR,FRA,7252
111,77,1219,1968,1038089,765949,1.8991650000000002,1.865793,ITA,FRA,7252
114,77,1219,1968,2368,8598,1.844871,2.2220470000000003,JPN,FRA,7252
122,77,1219,1968,0,4326,-1.2088969999999999,-0.480887,KWT,FRA,7252
124,77,1219,1968,2842,37254,0.7129770000000001,1.136677,LBN,FRA,7252
134,77,1219,1968,411,208696,-0.219575,-0.657712,MAR,FRA,7252
136,77,1219,1968,0,22266,-0.684883,-0.839874,MDG,FRA,7252
138,77,1219,1968,0,16188,0.306611,0.36893000000000004,MEX,FRA,7252
143,77,1219,1968,0,1035,-0.96686,-0.782324,MMR,FRA,7252
147,77,1219,1968,0,6021,-0.859319,-0.818945,MOZ,FRA,7252
150,77,1219,1968,0,2882,0.026755,-0.5054850000000001,MTQ,FRA,7252
157,77,1219,1968,0,776,-0.621916,-0.715214,NER,FRA,7252
159,77,1219,1968,0,2230,-1.317379,-0.822881,NGA,FRA,7252
162,77,1219,1968,339189,52980,1.4081620000000001,2.841383,NLD,FRA,7252
163,77,1219,1968,2769,60643,1.258037,1.6438409999999999,NOR,FRA,7252
166,77,1219,1968,0,8515,0.184389,-0.451151,NZL,FRA,7252
168,77,1219,1968,0,412,0.17055499999999998,-0.249302,PAK,FRA,7252
173,77,1219,1968,0,1251,-0.676242,-0.815086,PER,FRA,7252
177,77,1219,1968,0,136257,0.9209379999999999,1.762821,POL,FRA,7252
179,77,1219,1968,0,43827,1.014702,1.024988,PRT,FRA,7252
182,77,1219,1968,0,4404,-0.5570109999999999,-0.47348599999999996,PYF,FRA,7252
184,77,1219,1968,0,1010,-0.704149,-0.416626,REU,FRA,7252
185,77,1219,1968,0,8643,0.7897609999999999,0.9959479999999999,ROU,FRA,7252
186,77,1219,1968,0,1029376,0.429629,0.513075,RUS,FRA,7252
191,77,1219,1968,0,19578,-0.380494,-0.698573,SEN,FRA,7252
208,77,1219,1968,820991,120993,1.968017,2.7641270000000002,SWE,FRA,7252
214,77,1219,1968,0,323,-0.837724,-0.47968500000000003,TCD,FRA,7252
216,77,1219,1968,0,2456,-0.59446,-0.7126439999999999,THA,FRA,7252
223,77,1219,1968,0,1888,-0.129079,-0.54896,TUN,FRA,7252
224,77,1219,1968,0,5374,-0.654801,-0.8012319999999999,TUR,FRA,7252
230,77,1219,1968,0,31971,0.418634,-0.177045,URY,FRA,7252
231,77,1219,1968,577020,351202,1.9577650000000002,1.500362,USA,FRA,7252
236,77,1219,1968,0,2664,-0.7130850000000001,-0.5042939999999999,VEN,FRA,7252
240,77,1219,1968,0,888,-1.165284,-0.661817,VUT,FRA,7252
245,77,1219,1968,0,13527,1.0230700000000001,2.3184560000000003,YUG,FRA,7252
246,77,1219,1968,0,58679,-0.397811,-0.621199,ZAF,FRA,7252
250,77,1219,1968,0,744,0.8133859999999999,0.47075900000000004,ANS,FRA,7252
2,81,1219,1968,363,123587,-1.129591,-0.880391,AGO,GBR,7252
8,81,1219,1968,0,70570,0.148111,0.088328,ARG,GBR,7252
14,81,1219,1968,20788,1731258,0.215398,0.115257,AUS,GBR,7252
15,81,1219,1968,110165,255782,1.94925,1.6721810000000001,AUT,GBR,7252
18,81,1219,1968,55718,465302,1.529065,2.472506,BEL,GBR,7252
23,81,1219,1968,0,761,0.581187,0.53879,BGR,GBR,7252
32,81,1219,1968,0,284524,-0.325932,-0.334875,BRA,GBR,7252
39,81,1219,1968,54112,403688,0.6867270000000001,0.846297,CAN,GBR,7252
41,81,1219,1968,805322,169951,2.1128139999999997,2.181377,CHE,GBR,7252
42,81,1219,1968,0,18694,0.042475,-0.45777299999999993,CHL,GBR,7252
43,81,1219,1968,440,915,0.610282,1.61494,CHN,GBR,7252
44,81,1219,1968,0,2075,-0.9004639999999999,-0.815828,CIV,GBR,7252
45,81,1219,1968,0,546,-0.448082,-0.43909899999999996,CMR,GBR,7252
46,81,1219,1968,0,830,-1.2018229999999999,-0.6680229999999999,COD,GBR,7252
49,81,1219,1968,0,22092,-0.179843,-0.5681729999999999,COL,GBR,7252
52,81,1219,1968,0,4668,0.926132,0.544143,CRI,GBR,7252
53,81,1219,1968,22531,139509,1.6086129999999998,2.804711,CSK,GBR,7252
54,81,1219,1968,0,719,0.19656600000000002,-0.645117,CUB,GBR,7252
58,81,1219,1968,0,1439,-0.154697,-0.659162,CYP,GBR,7252
61,81,1219,1968,3057874,806751,2.2253979999999998,-1.8081060000000002,DEU,GBR,7252
64,81,1219,1968,41685,128217,1.5995489999999999,2.6483209999999997,DNK,GBR,7252
66,81,1219,1968,0,1017,-0.6151939999999999,-0.68092,DZA,GBR,7252
67,81,1219,1968,0,597,-0.5838800000000001,-0.767904,ECU,GBR,7252
68,81,1219,1968,287,2265,0.141193,-0.395386,EGY,GBR,7252
71,81,1219,1968,6979,176945,0.781529,1.259275,ESP,GBR,7252
73,81,1219,1968,0,27837,-0.8907879999999999,-0.983032,ETH,GBR,7252
74,81,1219,1968,76243,1186302,1.401928,1.205835,FIN,GBR,7252
75,81,1219,1968,0,632,-0.04004,-0.562962,FJI,GBR,7252
77,81,1219,1968,162499,494482,1.7160810000000002,1.713236,FRA,GBR,7252
83,81,1219,1968,0,4282,-0.995481,-0.76246,GHA,GBR,7252
90,81,1219,1968,0,66564,0.120538,-0.135025,GRC,GBR,7252
93,81,1219,1968,0,1697,0.5246930000000001,0.169407,GTM,GBR,7252
97,81,1219,1968,0,1312,1.397888,1.218178,HKG,GBR,7252
102,81,1219,1968,0,17138,0.9154209999999999,1.253378,HUN,GBR,7252
103,81,1219,1968,0,1673,-1.210591,-0.7402310000000001,IDN,GBR,7252
104,81,1219,1968,582,264294,0.1404,0.23993299999999998,IND,GBR,7252
106,81,1219,1968,31015,300202,1.054101,1.252786,IRL,GBR,7252
107,81,1219,1968,0,75686,-0.731453,-0.764668,IRN,GBR,7252
109,81,1219,1968,0,1223,0.282911,-0.326735,ISL,GBR,7252
110,81,1219,1968,1139,96130,1.105346,0.8750629999999999,ISR,GBR,7252
111,81,1219,1968,114966,1428124,1.8991650000000002,1.865793,ITA,GBR,7252
112,81,1219,1968,0,41573,0.206492,-0.587264,JAM,GBR,7252
113,81,1219,1968,0,2208,0.402134,-0.18620599999999998,JOR,GBR,7252
114,81,1219,1968,2516,56946,1.844871,2.2220470000000003,JPN,GBR,7252
116,81,1219,1968,0,9103,-0.301844,-0.318616,KEN,GBR,7252
118,81,1219,1968,0,1457,-0.6683680000000001,-0.9116620000000001,KHM,GBR,7252
121,81,1219,1968,0,1273,0.992735,0.683944,KOR,GBR,7252
122,81,1219,1968,0,3430,-1.2088969999999999,-0.480887,KWT,GBR,7252
124,81,1219,1968,0,4350,0.7129770000000001,1.136677,LBN,GBR,7252
126,81,1219,1968,0,2822,-1.864928,-0.47663500000000003,LBY,GBR,7252
128,81,1219,1968,0,8280,-1.048844,-0.673287,LKA,GBR,7252
134,81,1219,1968,0,4177,-0.219575,-0.657712,MAR,GBR,7252
138,81,1219,1968,0,91600,0.306611,0.36893000000000004,MEX,GBR,7252
142,81,1219,1968,0,2744,1.418505,1.216724,MLT,GBR,7252
143,81,1219,1968,0,42912,-0.96686,-0.782324,MMR,GBR,7252
147,81,1219,1968,0,3078,-0.859319,-0.818945,MOZ,GBR,7252
152,81,1219,1968,0,602,-0.6704289999999999,-0.747872,MWI,GBR,7252
153,81,1219,1968,0,6337,-0.530212,-0.618034,MYS,GBR,7252
159,81,1219,1968,0,5037,-1.317379,-0.822881,NGA,GBR,7252
162,81,1219,1968,433097,265837,1.4081620000000001,2.841383,NLD,GBR,7252
163,81,1219,1968,33428,241091,1.258037,1.6438409999999999,NOR,GBR,7252
166,81,1219,1968,1700,978435,0.184389,-0.451151,NZL,GBR,7252
167,81,1219,1968,0,622,-1.563004,-0.448748,OMN,GBR,7252
168,81,1219,1968,0,119806,0.17055499999999998,-0.249302,PAK,GBR,7252
173,81,1219,1968,0,2889,-0.676242,-0.815086,PER,GBR,7252
174,81,1219,1968,0,16585,-0.38509499999999997,-0.708784,PHL,GBR,7252
177,81,1219,1968,0,811239,0.9209379999999999,1.762821,POL,GBR,7252
179,81,1219,1968,3418,88355,1.014702,1.024988,PRT,GBR,7252
185,81,1219,1968,0,6549,0.7897609999999999,0.9959479999999999,ROU,GBR,7252
186,81,1219,1968,0,282606,0.429629,0.513075,RUS,GBR,7252
188,81,1219,1968,0,627,-1.510775,-0.48828699999999997,SAU,GBR,7252
190,81,1219,1968,0,8266,-1.18039,-0.908206,SDN,GBR,7252
192,81,1219,1968,0,21936,0.34532199999999996,0.624988,SGP,GBR,7252
196,81,1219,1968,0,913,-1.055491,-0.736395,SLE,GBR,7252
197,81,1219,1968,0,1439,0.8662620000000001,0.791027,SLV,GBR,7252
208,81,1219,1968,533166,1680748,1.968017,2.7641270000000002,SWE,GBR,7252
216,81,1219,1968,0,149724,-0.59446,-0.7126439999999999,THA,GBR,7252
222,81,1219,1968,0,12978,0.388499,-0.182041,TTO,GBR,7252
223,81,1219,1968,0,530,-0.129079,-0.54896,TUN,GBR,7252
224,81,1219,1968,0,5347,-0.654801,-0.8012319999999999,TUR,GBR,7252
226,81,1219,1968,0,1819,-1.2084840000000001,-0.893344,TZA,GBR,7252
227,81,1219,1968,0,14710,-1.381566,-0.770883,UGA,GBR,7252
230,81,1219,1968,0,1086,0.418634,-0.177045,URY,GBR,7252
231,81,1219,1968,1142348,906770,1.9577650000000002,1.500362,USA,GBR,7252
236,81,1219,1968,0,15906,-0.7130850000000001,-0.5042939999999999,VEN,GBR,7252
245,81,1219,1968,434,44442,1.0230700000000001,2.3184560000000003,YUG,GBR,7252
246,81,1219,1968,97200,735461,-0.397811,-0.621199,ZAF,GBR,7252
247,81,1219,1968,0,28301,-0.811549,-0.6721600000000001,ZMB,GBR,7252
249,81,1219,1968,0,3837,1.152169,1.691066,TWN,GBR,7252
250,81,1219,1968,561,2608,0.8133859999999999,0.47075900000000004,ANS,GBR,7252
15,90,1219,1968,30558,0,1.94925,1.6721810000000001,AUT,GRC,7252
18,90,1219,1968,1574,0,1.529065,2.472506,BEL,GRC,7252
39,90,1219,1968,1482,0,0.6867270000000001,0.846297,CAN,GRC,7252
41,90,1219,1968,38344,0,2.1128139999999997,2.181377,CHE,GRC,7252
53,90,1219,1968,11257,0,1.6086129999999998,2.804711,CSK,GRC,7252
61,90,1219,1968,1567170,946,2.2253979999999998,-1.8081060000000002,DEU,GRC,7252
77,90,1219,1968,4705,0,1.7160810000000002,1.713236,FRA,GRC,7252
81,90,1219,1968,66564,0,2.058025,0.677452,GBR,GRC,7252
104,90,1219,1968,534,0,0.1404,0.23993299999999998,IND,GRC,7252
111,90,1219,1968,95655,26369,1.8991650000000002,1.865793,ITA,GRC,7252
162,90,1219,1968,2089,1641,1.4081620000000001,2.841383,NLD,GRC,7252
163,90,1219,1968,398,0,1.258037,1.6438409999999999,NOR,GRC,7252
208,90,1219,1968,6960,0,1.968017,2.7641270000000002,SWE,GRC,7252
231,90,1219,1968,80759,0,1.9577650000000002,1.500362,USA,GRC,7252
14,97,1219,1968,1590,0,0.215398,0.115257,AUS,HKG,7252
41,97,1219,1968,2213,0,2.1128139999999997,2.181377,CHE,HKG,7252
43,97,1219,1968,19446,0,0.610282,1.61494,CHN,HKG,7252
53,97,1219,1968,442,0,1.6086129999999998,2.804711,CSK,HKG,7252
61,97,1219,1968,50502,1496,2.2253979999999998,-1.8081060000000002,DEU,HKG,7252
73,97,1219,1968,0,1620,-0.8907879999999999,-0.983032,ETH,HKG,7252
81,97,1219,1968,1312,0,2.058025,0.677452,GBR,HKG,7252
103,97,1219,1968,0,9032,-1.210591,-0.7402310000000001,IDN,HKG,7252
114,97,1219,1968,30603,434,1.844871,2.2220470000000003,JPN,HKG,7252
118,97,1219,1968,0,935,-0.6683680000000001,-0.9116620000000001,KHM,HKG,7252
153,97,1219,1968,0,2649,-0.530212,-0.618034,MYS,HKG,7252
159,97,1219,1968,0,1498,-1.317379,-0.822881,NGA,HKG,7252
162,97,1219,1968,22505,0,1.4081620000000001,2.841383,NLD,HKG,7252
174,97,1219,1968,0,9753,-0.38509499999999997,-0.708784,PHL,HKG,7252
192,97,1219,1968,0,5733,0.34532199999999996,0.624988,SGP,HKG,7252
216,97,1219,1968,0,3668,-0.59446,-0.7126439999999999,THA,HKG,7252
231,97,1219,1968,8031,0,1.9577650000000002,1.500362,USA,HKG,7252
239,97,1219,1968,0,3268,0.414368,-0.21605500000000002,VNM,HKG,7252
249,97,1219,1968,3370,1484,1.152169,1.691066,TWN,HKG,7252
15,104,1219,1968,5198,0,1.94925,1.6721810000000001,AUT,IND,7252
18,104,1219,1968,1964,0,1.529065,2.472506,BEL,IND,7252
39,104,1219,1968,387,0,0.6867270000000001,0.846297,CAN,IND,7252
41,104,1219,1968,681,0,2.1128139999999997,2.181377,CHE,IND,7252
53,104,1219,1968,14116,0,1.6086129999999998,2.804711,CSK,IND,7252
61,104,1219,1968,394502,519,2.2253979999999998,-1.8081060000000002,DEU,IND,7252
64,104,1219,1968,1671,0,1.5995489999999999,2.6483209999999997,DNK,IND,7252
68,104,1219,1968,0,2131,0.141193,-0.395386,EGY,IND,7252
74,104,1219,1968,1734,0,1.401928,1.205835,FIN,IND,7252
77,104,1219,1968,66916,0,1.7160810000000002,1.713236,FRA,IND,7252
81,104,1219,1968,264294,582,2.058025,0.677452,GBR,IND,7252
90,104,1219,1968,0,534,0.120538,-0.135025,GRC,IND,7252
111,104,1219,1968,125534,0,1.8991650000000002,1.865793,ITA,IND,7252
114,104,1219,1968,13300,0,1.844871,2.2220470000000003,JPN,IND,7252
121,104,1219,1968,0,453,0.992735,0.683944,KOR,IND,7252
128,104,1219,1968,0,981,-1.048844,-0.673287,LKA,IND,7252
162,104,1219,1968,1783,0,1.4081620000000001,2.841383,NLD,IND,7252
163,104,1219,1968,1984,0,1.258037,1.6438409999999999,NOR,IND,7252
177,104,1219,1968,41398,0,0.9209379999999999,1.762821,POL,IND,7252
186,104,1219,1968,8564,0,0.429629,0.513075,RUS,IND,7252
208,104,1219,1968,240439,0,1.968017,2.7641270000000002,SWE,IND,7252
216,104,1219,1968,0,2385,-0.59446,-0.7126439999999999,THA,IND,7252
231,104,1219,1968,334267,3519,1.9577650000000002,1.500362,USA,IND,7252
245,104,1219,1968,0,779,1.0230700000000001,2.3184560000000003,YUG,IND,7252
250,104,1219,1968,0,441,0.8133859999999999,0.47075900000000004,ANS,IND,7252
15,107,1219,1968,7382,0,1.94925,1.6721810000000001,AUT,IRN,7252
18,107,1219,1968,538,0,1.529065,2.472506,BEL,IRN,7252
41,107,1219,1968,30001,0,2.1128139999999997,2.181377,CHE,IRN,7252
53,107,1219,1968,6976,0,1.6086129999999998,2.804711,CSK,IRN,7252
61,107,1219,1968,202471,0,2.2253979999999998,-1.8081060000000002,DEU,IRN,7252
64,107,1219,1968,1366,0,1.5995489999999999,2.6483209999999997,DNK,IRN,7252
74,107,1219,1968,9397,0,1.401928,1.205835,FIN,IRN,7252
77,107,1219,1968,13138,0,1.7160810000000002,1.713236,FRA,IRN,7252
81,107,1219,1968,75686,0,2.058025,0.677452,GBR,IRN,7252
111,107,1219,1968,74013,0,1.8991650000000002,1.865793,ITA,IRN,7252
114,107,1219,1968,4037,0,1.844871,2.2220470000000003,JPN,IRN,7252
162,107,1219,1968,5797,0,1.4081620000000001,2.841383,NLD,IRN,7252
167,107,1219,1968,0,608,-1.563004,-0.448748,OMN,IRN,7252
177,107,1219,1968,403,0,0.9209379999999999,1.762821,POL,IRN,7252
185,107,1219,1968,2626,0,0.7897609999999999,0.9959479999999999,ROU,IRN,7252
186,107,1219,1968,3077,0,0.429629,0.513075,RUS,IRN,7252
208,107,1219,1968,81020,0,1.968017,2.7641270000000002,SWE,IRN,7252
231,107,1219,1968,26962,0,1.9577650000000002,1.500362,USA,IRN,7252
2,111,1219,1968,0,3623,-1.129591,-0.880391,AGO,ITA,7252
4,111,1219,1968,410,0,0.193555,-0.448741,ALB,ITA,7252
8,111,1219,1968,0,40676,0.148111,0.088328,ARG,ITA,7252
14,111,1219,1968,4615,32619,0.215398,0.115257,AUS,ITA,7252
15,111,1219,1968,33747,33755,1.94925,1.6721810000000001,AUT,ITA,7252
18,111,1219,1968,137086,1030452,1.529065,2.472506,BEL,ITA,7252
19,111,1219,1968,0,51342,-0.820837,-0.669663,BEN,ITA,7252
31,111,1219,1968,0,4216,-0.8851379999999999,-0.772063,BOL,ITA,7252
32,111,1219,1968,0,102822,-0.325932,-0.334875,BRA,ITA,7252
39,111,1219,1968,21916,28989,0.6867270000000001,0.846297,CAN,ITA,7252
41,111,1219,1968,235416,358237,2.1128139999999997,2.181377,CHE,ITA,7252
42,111,1219,1968,0,49601,0.042475,-0.45777299999999993,CHL,ITA,7252
46,111,1219,1968,0,36759,-1.2018229999999999,-0.6680229999999999,COD,ITA,7252
49,111,1219,1968,0,6605,-0.179843,-0.5681729999999999,COL,ITA,7252
53,111,1219,1968,1033,175379,1.6086129999999998,2.804711,CSK,ITA,7252
61,111,1219,1968,4976432,850577,2.2253979999999998,-1.8081060000000002,DEU,ITA,7252
64,111,1219,1968,1905,5685,1.5995489999999999,2.6483209999999997,DNK,ITA,7252
65,111,1219,1968,0,449,-0.739667,-0.834332,DOM,ITA,7252
66,111,1219,1968,0,6285,-0.6151939999999999,-0.68092,DZA,ITA,7252
67,111,1219,1968,0,2262,-0.5838800000000001,-0.767904,ECU,ITA,7252
68,111,1219,1968,1081,8004,0.141193,-0.395386,EGY,ITA,7252
71,111,1219,1968,20526,722803,0.781529,1.259275,ESP,ITA,7252
73,111,1219,1968,0,4744,-0.8907879999999999,-0.983032,ETH,ITA,7252
74,111,1219,1968,622686,104805,1.401928,1.205835,FIN,ITA,7252
77,111,1219,1968,765949,1038089,1.7160810000000002,1.713236,FRA,ITA,7252
81,111,1219,1968,1428124,114966,2.058025,0.677452,GBR,ITA,7252
90,111,1219,1968,26369,95655,0.120538,-0.135025,GRC,ITA,7252
102,111,1219,1968,0,2302,0.9154209999999999,1.253378,HUN,ITA,7252
103,111,1219,1968,0,1626,-1.210591,-0.7402310000000001,IDN,ITA,7252
104,111,1219,1968,0,125534,0.1404,0.23993299999999998,IND,ITA,7252
106,111,1219,1968,0,11508,1.054101,1.252786,IRL,ITA,7252
107,111,1219,1968,0,74013,-0.731453,-0.764668,IRN,ITA,7252
110,111,1219,1968,449,19013,1.105346,0.8750629999999999,ISR,ITA,7252
112,111,1219,1968,0,801,0.206492,-0.587264,JAM,ITA,7252
114,111,1219,1968,2200,42934,1.844871,2.2220470000000003,JPN,ITA,7252
116,111,1219,1968,0,958,-0.301844,-0.318616,KEN,ITA,7252
118,111,1219,1968,0,3179,-0.6683680000000001,-0.9116620000000001,KHM,ITA,7252
122,111,1219,1968,0,483,-1.2088969999999999,-0.480887,KWT,ITA,7252
124,111,1219,1968,0,17139,0.7129770000000001,1.136677,LBN,ITA,7252
125,111,1219,1968,0,900,-0.974225,-0.554678,LBR,ITA,7252
126,111,1219,1968,0,7297,-1.864928,-0.47663500000000003,LBY,ITA,7252
134,111,1219,1968,0,7561,-0.219575,-0.657712,MAR,ITA,7252
136,111,1219,1968,0,3322,-0.684883,-0.839874,MDG,ITA,7252
138,111,1219,1968,0,956798,0.306611,0.36893000000000004,MEX,ITA,7252
142,111,1219,1968,0,533,1.418505,1.216724,MLT,ITA,7252
147,111,1219,1968,0,5277,-0.859319,-0.818945,MOZ,ITA,7252
148,111,1219,1968,0,174,-0.584021,-0.6288090000000001,MRT,ITA,7252
153,111,1219,1968,0,4209,-0.530212,-0.618034,MYS,ITA,7252
159,111,1219,1968,0,11727,-1.317379,-0.822881,NGA,ITA,7252
162,111,1219,1968,202875,104888,1.4081620000000001,2.841383,NLD,ITA,7252
163,111,1219,1968,64816,15534,1.258037,1.6438409999999999,NOR,ITA,7252
166,111,1219,1968,0,17213,0.184389,-0.451151,NZL,ITA,7252
168,111,1219,1968,0,86856,0.17055499999999998,-0.249302,PAK,ITA,7252
169,111,1219,1968,0,559,1.151761,0.8629450000000001,PAN,ITA,7252
173,111,1219,1968,0,25373,-0.676242,-0.815086,PER,ITA,7252
174,111,1219,1968,0,5130,-0.38509499999999997,-0.708784,PHL,ITA,7252
177,111,1219,1968,0,24370,0.9209379999999999,1.762821,POL,ITA,7252
179,111,1219,1968,0,15097,1.014702,1.024988,PRT,ITA,7252
185,111,1219,1968,0,5433,0.7897609999999999,0.9959479999999999,ROU,ITA,7252
186,111,1219,1968,0,26869,0.429629,0.513075,RUS,ITA,7252
188,111,1219,1968,0,6438,-1.510775,-0.48828699999999997,SAU,ITA,7252
190,111,1219,1968,0,355,-1.18039,-0.908206,SDN,ITA,7252
192,111,1219,1968,0,17329,0.34532199999999996,0.624988,SGP,ITA,7252
197,111,1219,1968,0,1833,0.8662620000000001,0.791027,SLV,ITA,7252
208,111,1219,1968,383106,38706,1.968017,2.7641270000000002,SWE,ITA,7252
212,111,1219,1968,0,636,-0.14453,-0.669121,SYR,ITA,7252
216,111,1219,1968,0,6423,-0.59446,-0.7126439999999999,THA,ITA,7252
223,111,1219,1968,0,2869,-0.129079,-0.54896,TUN,ITA,7252
224,111,1219,1968,0,22477,-0.654801,-0.8012319999999999,TUR,ITA,7252
226,111,1219,1968,0,1336,-1.2084840000000001,-0.893344,TZA,ITA,7252
230,111,1219,1968,0,9998,0.418634,-0.177045,URY,ITA,7252
231,111,1219,1968,333609,292384,1.9577650000000002,1.500362,USA,ITA,7252
236,111,1219,1968,0,27525,-0.7130850000000001,-0.5042939999999999,VEN,ITA,7252
239,111,1219,1968,0,46882,0.414368,-0.21605500000000002,VNM,ITA,7252
245,111,1219,1968,2185,157127,1.0230700000000001,2.3184560000000003,YUG,ITA,7252
246,111,1219,1968,0,40208,-0.397811,-0.621199,ZAF,ITA,7252
247,111,1219,1968,0,1241,-0.811549,-0.6721600000000001,ZMB,ITA,7252
249,111,1219,1968,0,423,1.152169,1.691066,TWN,ITA,7252
250,111,1219,1968,0,881,0.8133859999999999,0.47075900000000004,ANS,ITA,7252
8,114,1219,1968,0,9677,0.148111,0.088328,ARG,JPN,7252
14,114,1219,1968,803,612542,0.215398,0.115257,AUS,JPN,7252
15,114,1219,1968,38784,0,1.94925,1.6721810000000001,AUT,JPN,7252
18,114,1219,1968,0,2180,1.529065,2.472506,BEL,JPN,7252
31,114,1219,1968,0,7901,-0.8851379999999999,-0.772063,BOL,JPN,7252
32,114,1219,1968,0,14007,-0.325932,-0.334875,BRA,JPN,7252
39,114,1219,1968,9959,214858,0.6867270000000001,0.846297,CAN,JPN,7252
41,114,1219,1968,321142,0,2.1128139999999997,2.181377,CHE,JPN,7252
42,114,1219,1968,0,2609,0.042475,-0.45777299999999993,CHL,JPN,7252
43,114,1219,1968,0,20889,0.610282,1.61494,CHN,JPN,7252
53,114,1219,1968,493,0,1.6086129999999998,2.804711,CSK,JPN,7252
61,114,1219,1968,1410408,50631,2.2253979999999998,-1.8081060000000002,DEU,JPN,7252
64,114,1219,1968,2842,4815,1.5995489999999999,2.6483209999999997,DNK,JPN,7252
67,114,1219,1968,0,444,-0.5838800000000001,-0.767904,ECU,JPN,7252
68,114,1219,1968,0,2766,0.141193,-0.395386,EGY,JPN,7252
71,114,1219,1968,0,34568,0.781529,1.259275,ESP,JPN,7252
74,114,1219,1968,15076,180172,1.401928,1.205835,FIN,JPN,7252
77,114,1219,1968,8598,2368,1.7160810000000002,1.713236,FRA,JPN,7252
81,114,1219,1968,56946,2516,2.058025,0.677452,GBR,JPN,7252
83,114,1219,1968,0,1301,-0.995481,-0.76246,GHA,JPN,7252
93,114,1219,1968,0,1217,0.5246930000000001,0.169407,GTM,JPN,7252
97,114,1219,1968,434,30603,1.397888,1.218178,HKG,JPN,7252
103,114,1219,1968,0,1391,-1.210591,-0.7402310000000001,IDN,JPN,7252
104,114,1219,1968,0,13300,0.1404,0.23993299999999998,IND,JPN,7252
107,114,1219,1968,0,4037,-0.731453,-0.764668,IRN,JPN,7252
108,114,1219,1968,0,5986,-0.935797,-0.522099,IRQ,JPN,7252
110,114,1219,1968,0,350,1.105346,0.8750629999999999,ISR,JPN,7252
111,114,1219,1968,42934,2200,1.8991650000000002,1.865793,ITA,JPN,7252
118,114,1219,1968,0,1056,-0.6683680000000001,-0.9116620000000001,KHM,JPN,7252
121,114,1219,1968,844,577623,0.992735,0.683944,KOR,JPN,7252
128,114,1219,1968,0,1430,-1.048844,-0.673287,LKA,JPN,7252
138,114,1219,1968,0,8268,0.306611,0.36893000000000004,MEX,JPN,7252
143,114,1219,1968,0,10755,-0.96686,-0.782324,MMR,JPN,7252
153,114,1219,1968,0,1720,-0.530212,-0.618034,MYS,JPN,7252
159,114,1219,1968,0,2477,-1.317379,-0.822881,NGA,JPN,7252
162,114,1219,1968,1118,8478,1.4081620000000001,2.841383,NLD,JPN,7252
163,114,1219,1968,77799,0,1.258037,1.6438409999999999,NOR,JPN,7252
166,114,1219,1968,0,816,0.184389,-0.451151,NZL,JPN,7252
168,114,1219,1968,0,78983,0.17055499999999998,-0.249302,PAK,JPN,7252
173,114,1219,1968,0,657,-0.676242,-0.815086,PER,JPN,7252
174,114,1219,1968,1426,641157,-0.38509499999999997,-0.708784,PHL,JPN,7252
176,114,1219,1968,0,4204,-0.9894790000000001,-0.735923,PNG,JPN,7252
178,114,1219,1968,0,2445,0.353216,-0.371603,PRK,JPN,7252
186,114,1219,1968,0,122942,0.429629,0.513075,RUS,JPN,7252
188,114,1219,1968,0,358,-1.510775,-0.48828699999999997,SAU,JPN,7252
190,114,1219,1968,0,3682,-1.18039,-0.908206,SDN,JPN,7252
192,114,1219,1968,0,51903,0.34532199999999996,0.624988,SGP,JPN,7252
196,114,1219,1968,0,2043,-1.055491,-0.736395,SLE,JPN,7252
197,114,1219,1968,0,1556,0.8662620000000001,0.791027,SLV,JPN,7252
208,114,1219,1968,926207,1784,1.968017,2.7641270000000002,SWE,JPN,7252
216,114,1219,1968,619,94314,-0.59446,-0.7126439999999999,THA,JPN,7252
226,114,1219,1968,0,2869,-1.2084840000000001,-0.893344,TZA,JPN,7252
231,114,1219,1968,858888,811497,1.9577650000000002,1.500362,USA,JPN,7252
236,114,1219,1968,0,1145,-0.7130850000000001,-0.5042939999999999,VEN,JPN,7252
239,114,1219,1968,0,30287,0.414368,-0.21605500000000002,VNM,JPN,7252
245,114,1219,1968,0,13733,1.0230700000000001,2.3184560000000003,YUG,JPN,7252
246,114,1219,1968,0,367,-0.397811,-0.621199,ZAF,JPN,7252
249,114,1219,1968,446,431897,1.152169,1.691066,TWN,JPN,7252
250,114,1219,1968,988,78664,0.8133859999999999,0.47075900000000004,ANS,JPN,7252
18,124,1219,1968,29459,0,1.529065,2.472506,BEL,LBN,7252
41,124,1219,1968,1034,0,2.1128139999999997,2.181377,CHE,LBN,7252
53,124,1219,1968,6877,0,1.6086129999999998,2.804711,CSK,LBN,7252
61,124,1219,1968,45187,0,2.2253979999999998,-1.8081060000000002,DEU,LBN,7252
64,124,1219,1968,3982,0,1.5995489999999999,2.6483209999999997,DNK,LBN,7252
77,124,1219,1968,37254,2842,1.7160810000000002,1.713236,FRA,LBN,7252
81,124,1219,1968,4350,0,2.058025,0.677452,GBR,LBN,7252
111,124,1219,1968,17139,0,1.8991650000000002,1.865793,ITA,LBN,7252
113,124,1219,1968,0,1087,0.402134,-0.18620599999999998,JOR,LBN,7252
126,124,1219,1968,0,3338,-1.864928,-0.47663500000000003,LBY,LBN,7252
162,124,1219,1968,2681,0,1.4081620000000001,2.841383,NLD,LBN,7252
163,124,1219,1968,541,0,1.258037,1.6438409999999999,NOR,LBN,7252
188,124,1219,1968,0,7014,-1.510775,-0.48828699999999997,SAU,LBN,7252
190,124,1219,1968,0,534,-1.18039,-0.908206,SDN,LBN,7252
208,124,1219,1968,1496,0,1.968017,2.7641270000000002,SWE,LBN,7252
231,124,1219,1968,3089,0,1.9577650000000002,1.500362,USA,LBN,7252
250,124,1219,1968,0,444,0.8133859999999999,0.47075900000000004,ANS,LBN,7252
6,162,1219,1968,3950,0,0.14161500000000002,-0.24035399999999998,ANT,NLD,7252
8,162,1219,1968,0,1877,0.148111,0.088328,ARG,NLD,7252
14,162,1219,1968,0,115804,0.215398,0.115257,AUS,NLD,7252
15,162,1219,1968,9005,16895,1.94925,1.6721810000000001,AUT,NLD,7252
18,162,1219,1968,188274,187945,1.529065,2.472506,BEL,NLD,7252
32,162,1219,1968,0,2999,-0.325932,-0.334875,BRA,NLD,7252
39,162,1219,1968,2403,29876,0.6867270000000001,0.846297,CAN,NLD,7252
41,162,1219,1968,175550,75335,2.1128139999999997,2.181377,CHE,NLD,7252
42,162,1219,1968,0,420,0.042475,-0.45777299999999993,CHL,NLD,7252
49,162,1219,1968,0,1524,-0.179843,-0.5681729999999999,COL,NLD,7252
52,162,1219,1968,0,95576,0.926132,0.544143,CRI,NLD,7252
53,162,1219,1968,22951,6159,1.6086129999999998,2.804711,CSK,NLD,7252
61,162,1219,1968,2778778,1029494,2.2253979999999998,-1.8081060000000002,DEU,NLD,7252
64,162,1219,1968,2360,21948,1.5995489999999999,2.6483209999999997,DNK,NLD,7252
66,162,1219,1968,0,1509,-0.6151939999999999,-0.68092,DZA,NLD,7252
71,162,1219,1968,2877,22362,0.781529,1.259275,ESP,NLD,7252
74,162,1219,1968,18736,21660,1.401928,1.205835,FIN,NLD,7252
77,162,1219,1968,52980,339189,1.7160810000000002,1.713236,FRA,NLD,7252
81,162,1219,1968,265837,433097,2.058025,0.677452,GBR,NLD,7252
90,162,1219,1968,1641,2089,0.120538,-0.135025,GRC,NLD,7252
93,162,1219,1968,0,30100,0.5246930000000001,0.169407,GTM,NLD,7252
97,162,1219,1968,0,22505,1.397888,1.218178,HKG,NLD,7252
99,162,1219,1968,0,665,-0.115754,-0.5740890000000001,HND,NLD,7252
102,162,1219,1968,0,537,0.9154209999999999,1.253378,HUN,NLD,7252
103,162,1219,1968,0,915,-1.210591,-0.7402310000000001,IDN,NLD,7252
104,162,1219,1968,0,1783,0.1404,0.23993299999999998,IND,NLD,7252
106,162,1219,1968,0,148285,1.054101,1.252786,IRL,NLD,7252
107,162,1219,1968,0,5797,-0.731453,-0.764668,IRN,NLD,7252
110,162,1219,1968,0,12250,1.105346,0.8750629999999999,ISR,NLD,7252
111,162,1219,1968,104888,202875,1.8991650000000002,1.865793,ITA,NLD,7252
112,162,1219,1968,0,2258,0.206492,-0.587264,JAM,NLD,7252
114,162,1219,1968,8478,1118,1.844871,2.2220470000000003,JPN,NLD,7252
124,162,1219,1968,0,2681,0.7129770000000001,1.136677,LBN,NLD,7252
138,162,1219,1968,0,9771,0.306611,0.36893000000000004,MEX,NLD,7252
159,162,1219,1968,0,4248,-1.317379,-0.822881,NGA,NLD,7252
160,162,1219,1968,0,1054,0.141456,-0.299055,NIC,NLD,7252
163,162,1219,1968,1755,41916,1.258037,1.6438409999999999,NOR,NLD,7252
166,162,1219,1968,0,778,0.184389,-0.451151,NZL,NLD,7252
168,162,1219,1968,0,5799,0.17055499999999998,-0.249302,PAK,NLD,7252
169,162,1219,1968,0,15131,1.151761,0.8629450000000001,PAN,NLD,7252
173,162,1219,1968,0,4273,-0.676242,-0.815086,PER,NLD,7252
174,162,1219,1968,0,6367,-0.38509499999999997,-0.708784,PHL,NLD,7252
179,162,1219,1968,0,5341,1.014702,1.024988,PRT,NLD,7252
188,162,1219,1968,0,12567,-1.510775,-0.48828699999999997,SAU,NLD,7252
190,162,1219,1968,0,680,-1.18039,-0.908206,SDN,NLD,7252
192,162,1219,1968,0,1376,0.34532199999999996,0.624988,SGP,NLD,7252
205,162,1219,1968,0,3444,-0.43228199999999994,-0.560526,SUR,NLD,7252
208,162,1219,1968,98657,33050,1.968017,2.7641270000000002,SWE,NLD,7252
216,162,1219,1968,0,2694,-0.59446,-0.7126439999999999,THA,NLD,7252
223,162,1219,1968,0,3613,-0.129079,-0.54896,TUN,NLD,7252
231,162,1219,1968,460134,381575,1.9577650000000002,1.500362,USA,NLD,7252
236,162,1219,1968,5834,12455,-0.7130850000000001,-0.5042939999999999,VEN,NLD,7252
245,162,1219,1968,0,1545,1.0230700000000001,2.3184560000000003,YUG,NLD,7252
246,162,1219,1968,0,25806,-0.397811,-0.621199,ZAF,NLD,7252
247,162,1219,1968,0,3799,-0.811549,-0.6721600000000001,ZMB,NLD,7252
250,162,1219,1968,0,1414,0.8133859999999999,0.47075900000000004,ANS,NLD,7252
2,163,1219,1968,0,456,-1.129591,-0.880391,AGO,NOR,7252
14,163,1219,1968,0,9545,0.215398,0.115257,AUS,NOR,7252
15,163,1219,1968,18623,12422,1.94925,1.6721810000000001,AUT,NOR,7252
18,163,1219,1968,431,2496,1.529065,2.472506,BEL,NOR,7252
39,163,1219,1968,22718,35732,0.6867270000000001,0.846297,CAN,NOR,7252
41,163,1219,1968,69082,3430,2.1128139999999997,2.181377,CHE,NOR,7252
53,163,1219,1968,0,3491,1.6086129999999998,2.804711,CSK,NOR,7252
61,163,1219,1968,640384,101433,2.2253979999999998,-1.8081060000000002,DEU,NOR,7252
64,163,1219,1968,8654,55723,1.5995489999999999,2.6483209999999997,DNK,NOR,7252
68,163,1219,1968,0,133,0.141193,-0.395386,EGY,NOR,7252
71,163,1219,1968,2555,0,0.781529,1.259275,ESP,NOR,7252
74,163,1219,1968,910435,40719,1.401928,1.205835,FIN,NOR,7252
77,163,1219,1968,60643,2769,1.7160810000000002,1.713236,FRA,NOR,7252
81,163,1219,1968,241091,33428,2.058025,0.677452,GBR,NOR,7252
83,163,1219,1968,0,239,-0.995481,-0.76246,GHA,NOR,7252
90,163,1219,1968,0,398,0.120538,-0.135025,GRC,NOR,7252
104,163,1219,1968,0,1984,0.1404,0.23993299999999998,IND,NOR,7252
106,163,1219,1968,0,1742,1.054101,1.252786,IRL,NOR,7252
110,163,1219,1968,0,1018,1.105346,0.8750629999999999,ISR,NOR,7252
111,163,1219,1968,15534,64816,1.8991650000000002,1.865793,ITA,NOR,7252
114,163,1219,1968,0,77799,1.844871,2.2220470000000003,JPN,NOR,7252
116,163,1219,1968,0,2820,-0.301844,-0.318616,KEN,NOR,7252
124,163,1219,1968,0,541,0.7129770000000001,1.136677,LBN,NOR,7252
134,163,1219,1968,0,4781,-0.219575,-0.657712,MAR,NOR,7252
138,163,1219,1968,0,798,0.306611,0.36893000000000004,MEX,NOR,7252
159,163,1219,1968,0,6603,-1.317379,-0.822881,NGA,NOR,7252
162,163,1219,1968,41916,1755,1.4081620000000001,2.841383,NLD,NOR,7252
166,163,1219,1968,0,792,0.184389,-0.451151,NZL,NOR,7252
168,163,1219,1968,0,669,0.17055499999999998,-0.249302,PAK,NOR,7252
177,163,1219,1968,2228,459,0.9209379999999999,1.762821,POL,NOR,7252
179,163,1219,1968,0,4389,1.014702,1.024988,PRT,NOR,7252
186,163,1219,1968,0,1882,0.429629,0.513075,RUS,NOR,7252
208,163,1219,1968,592639,385327,1.968017,2.7641270000000002,SWE,NOR,7252
224,163,1219,1968,0,913,-0.654801,-0.8012319999999999,TUR,NOR,7252
231,163,1219,1968,189713,252554,1.9577650000000002,1.500362,USA,NOR,7252
245,163,1219,1968,0,2288,1.0230700000000001,2.3184560000000003,YUG,NOR,7252
246,163,1219,1968,0,2977,-0.397811,-0.621199,ZAF,NOR,7252
250,163,1219,1968,0,870,0.8133859999999999,0.47075900000000004,ANS,NOR,7252
14,168,1219,1968,376,0,0.215398,0.115257,AUS,PAK,7252
15,168,1219,1968,11467,0,1.94925,1.6721810000000001,AUT,PAK,7252
39,168,1219,1968,8200,0,0.6867270000000001,0.846297,CAN,PAK,7252
41,168,1219,1968,35522,0,2.1128139999999997,2.181377,CHE,PAK,7252
61,168,1219,1968,1218699,0,2.2253979999999998,-1.8081060000000002,DEU,PAK,7252
74,168,1219,1968,4484,0,1.401928,1.205835,FIN,PAK,7252
77,168,1219,1968,412,0,1.7160810000000002,1.713236,FRA,PAK,7252
81,168,1219,1968,119806,0,2.058025,0.677452,GBR,PAK,7252
111,168,1219,1968,86856,0,1.8991650000000002,1.865793,ITA,PAK,7252
114,168,1219,1968,78983,0,1.844871,2.2220470000000003,JPN,PAK,7252
162,168,1219,1968,5799,0,1.4081620000000001,2.841383,NLD,PAK,7252
163,168,1219,1968,669,0,1.258037,1.6438409999999999,NOR,PAK,7252
177,168,1219,1968,4031,0,0.9209379999999999,1.762821,POL,PAK,7252
208,168,1219,1968,27562,0,1.968017,2.7641270000000002,SWE,PAK,7252
231,168,1219,1968,38814,0,1.9577650000000002,1.500362,USA,PAK,7252
245,168,1219,1968,529,0,1.0230700000000001,2.3184560000000003,YUG,PAK,7252
15,177,1219,1968,73558,9985,1.94925,1.6721810000000001,AUT,POL,7252
18,177,1219,1968,60804,0,1.529065,2.472506,BEL,POL,7252
61,177,1219,1968,443334,0,2.2253979999999998,-1.8081060000000002,DEU,POL,7252
68,177,1219,1968,0,16846,0.141193,-0.395386,EGY,POL,7252
74,177,1219,1968,91197,0,1.401928,1.205835,FIN,POL,7252
77,177,1219,1968,136257,0,1.7160810000000002,1.713236,FRA,POL,7252
81,177,1219,1968,811239,0,2.058025,0.677452,GBR,POL,7252
104,177,1219,1968,0,41398,0.1404,0.23993299999999998,IND,POL,7252
107,177,1219,1968,0,403,-0.731453,-0.764668,IRN,POL,7252
111,177,1219,1968,24370,0,1.8991650000000002,1.865793,ITA,POL,7252
163,177,1219,1968,459,2228,1.258037,1.6438409999999999,NOR,POL,7252
168,177,1219,1968,0,4031,0.17055499999999998,-0.249302,PAK,POL,7252
208,177,1219,1968,90518,0,1.968017,2.7641270000000002,SWE,POL,7252
231,177,1219,1968,40956,0,1.9577650000000002,1.500362,USA,POL,7252
15,186,1219,1968,128666,0,1.94925,1.6721810000000001,AUT,RUS,7252
39,186,1219,1968,587,0,0.6867270000000001,0.846297,CAN,RUS,7252
41,186,1219,1968,128081,0,2.1128139999999997,2.181377,CHE,RUS,7252
47,186,1219,1968,0,1278,-1.0615450000000002,-0.736701,COG,RUS,7252
61,186,1219,1968,1070186,0,2.2253979999999998,-1.8081060000000002,DEU,RUS,7252
64,186,1219,1968,357693,0,1.5995489999999999,2.6483209999999997,DNK,RUS,7252
74,186,1219,1968,3601113,830,1.401928,1.205835,FIN,RUS,7252
77,186,1219,1968,1029376,0,1.7160810000000002,1.713236,FRA,RUS,7252
81,186,1219,1968,282606,0,2.058025,0.677452,GBR,RUS,7252
104,186,1219,1968,0,8564,0.1404,0.23993299999999998,IND,RUS,7252
107,186,1219,1968,0,3077,-0.731453,-0.764668,IRN,RUS,7252
111,186,1219,1968,26869,0,1.8991650000000002,1.865793,ITA,RUS,7252
114,186,1219,1968,122942,0,1.844871,2.2220470000000003,JPN,RUS,7252
163,186,1219,1968,1882,0,1.258037,1.6438409999999999,NOR,RUS,7252
208,186,1219,1968,1600456,0,1.968017,2.7641270000000002,SWE,RUS,7252
231,186,1219,1968,4002,0,1.9577650000000002,1.500362,USA,RUS,7252
245,186,1219,1968,5447,0,1.0230700000000001,2.3184560000000003,YUG,RUS,7252
14,192,1219,1968,2008,0,0.215398,0.115257,AUS,SGP,7252
15,192,1219,1968,941,0,1.94925,1.6721810000000001,AUT,SGP,7252
41,192,1219,1968,1293,0,2.1128139999999997,2.181377,CHE,SGP,7252
43,192,1219,1968,8473,0,0.610282,1.61494,CHN,SGP,7252
61,192,1219,1968,41844,0,2.2253979999999998,-1.8081060000000002,DEU,SGP,7252
64,192,1219,1968,2281,0,1.5995489999999999,2.6483209999999997,DNK,SGP,7252
81,192,1219,1968,21936,0,2.058025,0.677452,GBR,SGP,7252
97,192,1219,1968,5733,0,1.397888,1.218178,HKG,SGP,7252
111,192,1219,1968,17329,0,1.8991650000000002,1.865793,ITA,SGP,7252
114,192,1219,1968,51903,0,1.844871,2.2220470000000003,JPN,SGP,7252
153,192,1219,1968,2823,6740,-0.530212,-0.618034,MYS,SGP,7252
162,192,1219,1968,1376,0,1.4081620000000001,2.841383,NLD,SGP,7252
208,192,1219,1968,543,0,1.968017,2.7641270000000002,SWE,SGP,7252
231,192,1219,1968,346190,0,1.9577650000000002,1.500362,USA,SGP,7252
249,192,1219,1968,5301,0,1.152169,1.691066,TWN,SGP,7252
2,208,1219,1968,0,55154,-1.129591,-0.880391,AGO,SWE,7252
8,208,1219,1968,0,17780,0.148111,0.088328,ARG,SWE,7252
14,208,1219,1968,0,132443,0.215398,0.115257,AUS,SWE,7252
15,208,1219,1968,57666,151187,1.94925,1.6721810000000001,AUT,SWE,7252
18,208,1219,1968,1448,56739,1.529065,2.472506,BEL,SWE,7252
23,208,1219,1968,0,4551,0.581187,0.53879,BGR,SWE,7252
31,208,1219,1968,0,376,-0.8851379999999999,-0.772063,BOL,SWE,7252
32,208,1219,1968,0,71666,-0.325932,-0.334875,BRA,SWE,7252
39,208,1219,1968,5859,372534,0.6867270000000001,0.846297,CAN,SWE,7252
41,208,1219,1968,76349,89599,2.1128139999999997,2.181377,CHE,SWE,7252
42,208,1219,1968,0,13223,0.042475,-0.45777299999999993,CHL,SWE,7252
43,208,1219,1968,0,26770,0.610282,1.61494,CHN,SWE,7252
44,208,1219,1968,0,2798,-0.9004639999999999,-0.815828,CIV,SWE,7252
47,208,1219,1968,0,624,-1.0615450000000002,-0.736701,COG,SWE,7252
49,208,1219,1968,0,41957,-0.179843,-0.5681729999999999,COL,SWE,7252
53,208,1219,1968,0,34220,1.6086129999999998,2.804711,CSK,SWE,7252
54,208,1219,1968,0,974,0.19656600000000002,-0.645117,CUB,SWE,7252
61,208,1219,1968,2500362,463946,2.2253979999999998,-1.8081060000000002,DEU,SWE,7252
64,208,1219,1968,64608,454772,1.5995489999999999,2.6483209999999997,DNK,SWE,7252
65,208,1219,1968,0,1499,-0.739667,-0.834332,DOM,SWE,7252
67,208,1219,1968,0,929,-0.5838800000000001,-0.767904,ECU,SWE,7252
68,208,1219,1968,0,2773,0.141193,-0.395386,EGY,SWE,7252
71,208,1219,1968,1654,109274,0.781529,1.259275,ESP,SWE,7252
73,208,1219,1968,0,1953,-0.8907879999999999,-0.983032,ETH,SWE,7252
74,208,1219,1968,2131912,743862,1.401928,1.205835,FIN,SWE,7252
77,208,1219,1968,120993,820991,1.7160810000000002,1.713236,FRA,SWE,7252
81,208,1219,1968,1680748,533166,2.058025,0.677452,GBR,SWE,7252
90,208,1219,1968,0,6960,0.120538,-0.135025,GRC,SWE,7252
93,208,1219,1968,0,10090,0.5246930000000001,0.169407,GTM,SWE,7252
102,208,1219,1968,0,25765,0.9154209999999999,1.253378,HUN,SWE,7252
104,208,1219,1968,0,240439,0.1404,0.23993299999999998,IND,SWE,7252
106,208,1219,1968,0,19307,1.054101,1.252786,IRL,SWE,7252
107,208,1219,1968,0,81020,-0.731453,-0.764668,IRN,SWE,7252
108,208,1219,1968,0,20819,-0.935797,-0.522099,IRQ,SWE,7252
109,208,1219,1968,0,637,0.282911,-0.326735,ISL,SWE,7252
110,208,1219,1968,0,6965,1.105346,0.8750629999999999,ISR,SWE,7252
111,208,1219,1968,38706,383106,1.8991650000000002,1.865793,ITA,SWE,7252
114,208,1219,1968,1784,926207,1.844871,2.2220470000000003,JPN,SWE,7252
116,208,1219,1968,0,15308,-0.301844,-0.318616,KEN,SWE,7252
121,208,1219,1968,0,7941,0.992735,0.683944,KOR,SWE,7252
124,208,1219,1968,0,1496,0.7129770000000001,1.136677,LBN,SWE,7252
128,208,1219,1968,0,7403,-1.048844,-0.673287,LKA,SWE,7252
134,208,1219,1968,0,3304,-0.219575,-0.657712,MAR,SWE,7252
136,208,1219,1968,0,632,-0.684883,-0.839874,MDG,SWE,7252
138,208,1219,1968,0,78931,0.306611,0.36893000000000004,MEX,SWE,7252
143,208,1219,1968,0,16865,-0.96686,-0.782324,MMR,SWE,7252
147,208,1219,1968,0,12702,-0.859319,-0.818945,MOZ,SWE,7252
153,208,1219,1968,0,26094,-0.530212,-0.618034,MYS,SWE,7252
159,208,1219,1968,0,1622,-1.317379,-0.822881,NGA,SWE,7252
162,208,1219,1968,33050,98657,1.4081620000000001,2.841383,NLD,SWE,7252
163,208,1219,1968,385327,592639,1.258037,1.6438409999999999,NOR,SWE,7252
166,208,1219,1968,0,80665,0.184389,-0.451151,NZL,SWE,7252
168,208,1219,1968,0,27562,0.17055499999999998,-0.249302,PAK,SWE,7252
173,208,1219,1968,0,1088,-0.676242,-0.815086,PER,SWE,7252
174,208,1219,1968,0,43157,-0.38509499999999997,-0.708784,PHL,SWE,7252
177,208,1219,1968,0,90518,0.9209379999999999,1.762821,POL,SWE,7252
179,208,1219,1968,479,55868,1.014702,1.024988,PRT,SWE,7252
185,208,1219,1968,0,1048217,0.7897609999999999,0.9959479999999999,ROU,SWE,7252
186,208,1219,1968,0,1600456,0.429629,0.513075,RUS,SWE,7252
192,208,1219,1968,0,543,0.34532199999999996,0.624988,SGP,SWE,7252
216,208,1219,1968,0,669245,-0.59446,-0.7126439999999999,THA,SWE,7252
223,208,1219,1968,0,7296,-0.129079,-0.54896,TUN,SWE,7252
224,208,1219,1968,0,72879,-0.654801,-0.8012319999999999,TUR,SWE,7252
231,208,1219,1968,376384,475653,1.9577650000000002,1.500362,USA,SWE,7252
236,208,1219,1968,694,6955,-0.7130850000000001,-0.5042939999999999,VEN,SWE,7252
245,208,1219,1968,0,44824,1.0230700000000001,2.3184560000000003,YUG,SWE,7252
246,208,1219,1968,0,154573,-0.397811,-0.621199,ZAF,SWE,7252
247,208,1219,1968,0,387,-0.811549,-0.6721600000000001,ZMB,SWE,7252
249,208,1219,1968,0,1543,1.152169,1.691066,TWN,SWE,7252
250,208,1219,1968,0,700,0.8133859999999999,0.47075900000000004,ANS,SWE,7252
2,231,1219,1968,0,7372,-1.129591,-0.880391,AGO,USA,7252
6,231,1219,1968,0,2368,0.14161500000000002,-0.24035399999999998,ANT,USA,7252
8,231,1219,1968,0,251940,0.148111,0.088328,ARG,USA,7252
14,231,1219,1968,2326,411976,0.215398,0.115257,AUS,USA,7252
15,231,1219,1968,17278,29848,1.94925,1.6721810000000001,AUT,USA,7252
18,231,1219,1968,35670,261211,1.529065,2.472506,BEL,USA,7252
25,231,1219,1968,0,2273,0.785454,-0.166571,BHS,USA,7252
31,231,1219,1968,0,2797,-0.8851379999999999,-0.772063,BOL,USA,7252
32,231,1219,1968,0,122591,-0.325932,-0.334875,BRA,USA,7252
33,231,1219,1968,0,12206,0.6484409999999999,0.015096,BRB,USA,7252
39,231,1219,1968,2028554,6611118,0.6867270000000001,0.846297,CAN,USA,7252
41,231,1219,1968,2022471,135506,2.1128139999999997,2.181377,CHE,USA,7252
42,231,1219,1968,0,262878,0.042475,-0.45777299999999993,CHL,USA,7252
46,231,1219,1968,0,1612,-1.2018229999999999,-0.6680229999999999,COD,USA,7252
49,231,1219,1968,0,261645,-0.179843,-0.5681729999999999,COL,USA,7252
52,231,1219,1968,0,99016,0.926132,0.544143,CRI,USA,7252
53,231,1219,1968,758,0,1.6086129999999998,2.804711,CSK,USA,7252
58,231,1219,1968,0,1307,-0.154697,-0.659162,CYP,USA,7252
61,231,1219,1968,3995068,625648,2.2253979999999998,-1.8081060000000002,DEU,USA,7252
64,231,1219,1968,13539,118102,1.5995489999999999,2.6483209999999997,DNK,USA,7252
65,231,1219,1968,0,23900,-0.739667,-0.834332,DOM,USA,7252
66,231,1219,1968,0,771,-0.6151939999999999,-0.68092,DZA,USA,7252
67,231,1219,1968,0,116485,-0.5838800000000001,-0.767904,ECU,USA,7252
68,231,1219,1968,0,5379,0.141193,-0.395386,EGY,USA,7252
71,231,1219,1968,1948,103801,0.781529,1.259275,ESP,USA,7252
73,231,1219,1968,0,897424,-0.8907879999999999,-0.983032,ETH,USA,7252
74,231,1219,1968,200962,247126,1.401928,1.205835,FIN,USA,7252
77,231,1219,1968,351202,577020,1.7160810000000002,1.713236,FRA,USA,7252
80,231,1219,1968,0,478,-1.370584,-0.627224,GAB,USA,7252
81,231,1219,1968,906770,1142348,2.058025,0.677452,GBR,USA,7252
83,231,1219,1968,0,3876,-0.995481,-0.76246,GHA,USA,7252
86,231,1219,1968,0,24168,-0.408167,-0.372355,GLP,USA,7252
90,231,1219,1968,0,80759,0.120538,-0.135025,GRC,USA,7252
93,231,1219,1968,0,90931,0.5246930000000001,0.169407,GTM,USA,7252
96,231,1219,1968,0,1313,-0.34474699999999997,-0.547204,GUY,USA,7252
97,231,1219,1968,0,8031,1.397888,1.218178,HKG,USA,7252
99,231,1219,1968,0,68397,-0.115754,-0.5740890000000001,HND,USA,7252
101,231,1219,1968,0,2099,0.30587600000000004,-0.458413,HTI,USA,7252
102,231,1219,1968,0,1409,0.9154209999999999,1.253378,HUN,USA,7252
103,231,1219,1968,0,1615,-1.210591,-0.7402310000000001,IDN,USA,7252
104,231,1219,1968,3519,334267,0.1404,0.23993299999999998,IND,USA,7252
106,231,1219,1968,0,21808,1.054101,1.252786,IRL,USA,7252
107,231,1219,1968,0,26962,-0.731453,-0.764668,IRN,USA,7252
108,231,1219,1968,0,31572,-0.935797,-0.522099,IRQ,USA,7252
109,231,1219,1968,0,1052,0.282911,-0.326735,ISL,USA,7252
110,231,1219,1968,0,23531,1.105346,0.8750629999999999,ISR,USA,7252
111,231,1219,1968,292384,333609,1.8991650000000002,1.865793,ITA,USA,7252
112,231,1219,1968,0,78391,0.206492,-0.587264,JAM,USA,7252
113,231,1219,1968,0,2624,0.402134,-0.18620599999999998,JOR,USA,7252
114,231,1219,1968,811497,858888,1.844871,2.2220470000000003,JPN,USA,7252
116,231,1219,1968,0,2968,-0.301844,-0.318616,KEN,USA,7252
121,231,1219,1968,7763,11070,0.992735,0.683944,KOR,USA,7252
123,231,1219,1968,0,819,-0.43895,-0.631242,LAO,USA,7252
124,231,1219,1968,0,3089,0.7129770000000001,1.136677,LBN,USA,7252
126,231,1219,1968,0,2841,-1.864928,-0.47663500000000003,LBY,USA,7252
128,231,1219,1968,0,3010,-1.048844,-0.673287,LKA,USA,7252
134,231,1219,1968,0,8519,-0.219575,-0.657712,MAR,USA,7252
138,231,1219,1968,4978,2475296,0.306611,0.36893000000000004,MEX,USA,7252
143,231,1219,1968,0,16799,-0.96686,-0.782324,MMR,USA,7252
150,231,1219,1968,0,12172,0.026755,-0.5054850000000001,MTQ,USA,7252
153,231,1219,1968,0,33250,-0.530212,-0.618034,MYS,USA,7252
156,231,1219,1968,0,4067,-1.281862,-0.337455,NCL,USA,7252
159,231,1219,1968,0,866,-1.317379,-0.822881,NGA,USA,7252
160,231,1219,1968,0,22186,0.141456,-0.299055,NIC,USA,7252
162,231,1219,1968,381575,460134,1.4081620000000001,2.841383,NLD,USA,7252
163,231,1219,1968,252554,189713,1.258037,1.6438409999999999,NOR,USA,7252
166,231,1219,1968,0,91718,0.184389,-0.451151,NZL,USA,7252
168,231,1219,1968,0,38814,0.17055499999999998,-0.249302,PAK,USA,7252
169,231,1219,1968,0,205775,1.151761,0.8629450000000001,PAN,USA,7252
173,231,1219,1968,0,163057,-0.676242,-0.815086,PER,USA,7252
174,231,1219,1968,0,189122,-0.38509499999999997,-0.708784,PHL,USA,7252
177,231,1219,1968,0,40956,0.9209379999999999,1.762821,POL,USA,7252
179,231,1219,1968,2868,24281,1.014702,1.024988,PRT,USA,7252
180,231,1219,1968,0,1184,-0.605754,-0.77208,PRY,USA,7252
183,231,1219,1968,0,12279,-1.9631509999999999,-0.438784,QAT,USA,7252
185,231,1219,1968,0,2738,0.7897609999999999,0.9959479999999999,ROU,USA,7252
186,231,1219,1968,0,4002,0.429629,0.513075,RUS,USA,7252
188,231,1219,1968,0,1751,-1.510775,-0.48828699999999997,SAU,USA,7252
191,231,1219,1968,0,6601,-0.380494,-0.698573,SEN,USA,7252
192,231,1219,1968,0,346190,0.34532199999999996,0.624988,SGP,USA,7252
197,231,1219,1968,0,20204,0.8662620000000001,0.791027,SLV,USA,7252
205,231,1219,1968,0,1556,-0.43228199999999994,-0.560526,SUR,USA,7252
208,231,1219,1968,475653,376384,1.968017,2.7641270000000002,SWE,USA,7252
212,231,1219,1968,0,2415,-0.14453,-0.669121,SYR,USA,7252
216,231,1219,1968,0,4178399,-0.59446,-0.7126439999999999,THA,USA,7252
222,231,1219,1968,0,17013,0.388499,-0.182041,TTO,USA,7252
223,231,1219,1968,0,2501,-0.129079,-0.54896,TUN,USA,7252
224,231,1219,1968,0,61639,-0.654801,-0.8012319999999999,TUR,USA,7252
230,231,1219,1968,0,6244,0.418634,-0.177045,URY,USA,7252
236,231,1219,1968,14368,524120,-0.7130850000000001,-0.5042939999999999,VEN,USA,7252
239,231,1219,1968,0,41184,0.414368,-0.21605500000000002,VNM,USA,7252
245,231,1219,1968,0,5856,1.0230700000000001,2.3184560000000003,YUG,USA,7252
246,231,1219,1968,0,395583,-0.397811,-0.621199,ZAF,USA,7252
247,231,1219,1968,0,742,-0.811549,-0.6721600000000001,ZMB,USA,7252
249,231,1219,1968,0,18443,1.152169,1.691066,TWN,USA,7252
250,231,1219,1968,0,3699,0.8133859999999999,0.47075900000000004,ANS,USA,7252
14,249,1219,1968,778,764,0.215398,0.115257,AUS,TWN,7252
15,249,1219,1968,4285,0,1.94925,1.6721810000000001,AUT,TWN,7252
39,249,1219,1968,3398,0,0.6867270000000001,0.846297,CAN,TWN,7252
61,249,1219,1968,21745,0,2.2253979999999998,-1.8081060000000002,DEU,TWN,7252
71,249,1219,1968,2321,0,0.781529,1.259275,ESP,TWN,7252
81,249,1219,1968,3837,0,2.058025,0.677452,GBR,TWN,7252
97,249,1219,1968,1484,3370,1.397888,1.218178,HKG,TWN,7252
111,249,1219,1968,423,0,1.8991650000000002,1.865793,ITA,TWN,7252
114,249,1219,1968,431897,446,1.844871,2.2220470000000003,JPN,TWN,7252
123,249,1219,1968,0,283,-0.43895,-0.631242,LAO,TWN,7252
153,249,1219,1968,0,4586,-0.530212,-0.618034,MYS,TWN,7252
174,249,1219,1968,0,12619,-0.38509499999999997,-0.708784,PHL,TWN,7252
192,249,1219,1968,0,5301,0.34532199999999996,0.624988,SGP,TWN,7252
208,249,1219,1968,1543,0,1.968017,2.7641270000000002,SWE,TWN,7252
216,249,1219,1968,0,63664,-0.59446,-0.7126439999999999,THA,TWN,7252
231,249,1219,1968,18443,0,1.9577650000000002,1.500362,USA,TWN,7252
239,249,1219,1968,0,14232,0.414368,-0.21605500000000002,VNM,TWN,7252
8,250,1219,1968,0,363,0.148111,0.088328,ARG,ANS,7252
14,250,1219,1968,0,397,0.215398,0.115257,AUS,ANS,7252
15,250,1219,1968,438,0,1.94925,1.6721810000000001,AUT,ANS,7252
18,250,1219,1968,433,0,1.529065,2.472506,BEL,ANS,7252
64,250,1219,1968,965,0,1.5995489999999999,2.6483209999999997,DNK,ANS,7252
66,250,1219,1968,0,577,-0.6151939999999999,-0.68092,DZA,ANS,7252
71,250,1219,1968,435,571,0.781529,1.259275,ESP,ANS,7252
74,250,1219,1968,821,0,1.401928,1.205835,FIN,ANS,7252
77,250,1219,1968,744,0,1.7160810000000002,1.713236,FRA,ANS,7252
81,250,1219,1968,2608,561,2.058025,0.677452,GBR,ANS,7252
83,250,1219,1968,0,442,-0.995481,-0.76246,GHA,ANS,7252
104,250,1219,1968,441,0,0.1404,0.23993299999999998,IND,ANS,7252
110,250,1219,1968,0,605,1.105346,0.8750629999999999,ISR,ANS,7252
111,250,1219,1968,881,0,1.8991650000000002,1.865793,ITA,ANS,7252
114,250,1219,1968,78664,988,1.844871,2.2220470000000003,JPN,ANS,7252
124,250,1219,1968,444,0,0.7129770000000001,1.136677,LBN,ANS,7252
134,250,1219,1968,0,1096,-0.219575,-0.657712,MAR,ANS,7252
162,250,1219,1968,1414,0,1.4081620000000001,2.841383,NLD,ANS,7252
163,250,1219,1968,870,0,1.258037,1.6438409999999999,NOR,ANS,7252
166,250,1219,1968,0,512,0.184389,-0.451151,NZL,ANS,7252
169,250,1219,1968,0,1951,1.151761,0.8629450000000001,PAN,ANS,7252
188,250,1219,1968,0,608,-1.510775,-0.48828699999999997,SAU,ANS,7252
208,250,1219,1968,700,0,1.968017,2.7641270000000002,SWE,ANS,7252
231,250,1219,1968,3699,0,1.9577650000000002,1.500362,USA,ANS,7252
61,6,1219,1968,351,0,2.2253979999999998,-1.8081060000000002,DEU,ANT,7252
162,6,1219,1968,0,3950,1.4081620000000001,2.841383,NLD,ANT,7252
205,6,1219,1968,0,1633,-0.43228199999999994,-0.560526,SUR,ANT,7252
231,6,1219,1968,2368,0,1.9577650000000002,1.500362,USA,ANT,7252
8,32,1219,1968,0,19865,0.148111,0.088328,ARG,BRA,7252
15,32,1219,1968,2660,426,1.94925,1.6721810000000001,AUT,BRA,7252
39,32,1219,1968,19727,96499,0.6867270000000001,0.846297,CAN,BRA,7252
41,32,1219,1968,20931,0,2.1128139999999997,2.181377,CHE,BRA,7252
42,32,1219,1968,0,1494,0.042475,-0.45777299999999993,CHL,BRA,7252
53,32,1219,1968,2235,0,1.6086129999999998,2.804711,CSK,BRA,7252
61,32,1219,1968,1303328,0,2.2253979999999998,-1.8081060000000002,DEU,BRA,7252
74,32,1219,1968,10847,0,1.401928,1.205835,FIN,BRA,7252
77,32,1219,1968,42465,0,1.7160810000000002,1.713236,FRA,BRA,7252
81,32,1219,1968,284524,0,2.058025,0.677452,GBR,BRA,7252
111,32,1219,1968,102822,0,1.8991650000000002,1.865793,ITA,BRA,7252
114,32,1219,1968,14007,0,1.844871,2.2220470000000003,JPN,BRA,7252
138,32,1219,1968,0,4331,0.306611,0.36893000000000004,MEX,BRA,7252
162,32,1219,1968,2999,0,1.4081620000000001,2.841383,NLD,BRA,7252
173,32,1219,1968,0,26145,-0.676242,-0.815086,PER,BRA,7252
179,32,1219,1968,25892,0,1.014702,1.024988,PRT,BRA,7252
208,32,1219,1968,71666,0,1.968017,2.7641270000000002,SWE,BRA,7252
230,32,1219,1968,0,1286,0.418634,-0.177045,URY,BRA,7252
231,32,1219,1968,122591,0,1.9577650000000002,1.500362,USA,BRA,7252
236,32,1219,1968,0,597,-0.7130850000000001,-0.5042939999999999,VEN,BRA,7252
239,32,1219,1968,0,4899,0.414368,-0.21605500000000002,VNM,BRA,7252
61,44,1219,1968,3036,0,2.2253979999999998,-1.8081060000000002,DEU,CIV,7252
77,44,1219,1968,22133,0,1.7160810000000002,1.713236,FRA,CIV,7252
81,44,1219,1968,2075,0,2.058025,0.677452,GBR,CIV,7252
134,44,1219,1968,484,0,-0.219575,-0.657712,MAR,CIV,7252
208,44,1219,1968,2798,0,1.968017,2.7641270000000002,SWE,CIV,7252
8,71,1219,1968,0,1143,0.148111,0.088328,ARG,ESP,7252
14,71,1219,1968,0,2891,0.215398,0.115257,AUS,ESP,7252
15,71,1219,1968,5734,0,1.94925,1.6721810000000001,AUT,ESP,7252
18,71,1219,1968,34111,0,1.529065,2.472506,BEL,ESP,7252
39,71,1219,1968,0,1236,0.6867270000000001,0.846297,CAN,ESP,7252
41,71,1219,1968,170251,828,2.1128139999999997,2.181377,CHE,ESP,7252
42,71,1219,1968,0,24166,0.042475,-0.45777299999999993,CHL,ESP,7252
49,71,1219,1968,0,37168,-0.179843,-0.5681729999999999,COL,ESP,7252
53,71,1219,1968,2394,0,1.6086129999999998,2.804711,CSK,ESP,7252
61,71,1219,1968,1822347,35141,2.2253979999999998,-1.8081060000000002,DEU,ESP,7252
64,71,1219,1968,2495,0,1.5995489999999999,2.6483209999999997,DNK,ESP,7252
66,71,1219,1968,0,318,-0.6151939999999999,-0.68092,DZA,ESP,7252
67,71,1219,1968,0,2360,-0.5838800000000001,-0.767904,ECU,ESP,7252
74,71,1219,1968,79300,0,1.401928,1.205835,FIN,ESP,7252
77,71,1219,1968,115103,18898,1.7160810000000002,1.713236,FRA,ESP,7252
81,71,1219,1968,176945,6979,2.058025,0.677452,GBR,ESP,7252
93,71,1219,1968,0,430,0.5246930000000001,0.169407,GTM,ESP,7252
111,71,1219,1968,722803,20526,1.8991650000000002,1.865793,ITA,ESP,7252
114,71,1219,1968,34568,0,1.844871,2.2220470000000003,JPN,ESP,7252
134,71,1219,1968,769,13118,-0.219575,-0.657712,MAR,ESP,7252
138,71,1219,1968,0,103160,0.306611,0.36893000000000004,MEX,ESP,7252
148,71,1219,1968,0,290,-0.584021,-0.6288090000000001,MRT,ESP,7252
162,71,1219,1968,22362,2877,1.4081620000000001,2.841383,NLD,ESP,7252
163,71,1219,1968,0,2555,1.258037,1.6438409999999999,NOR,ESP,7252
173,71,1219,1968,0,22926,-0.676242,-0.815086,PER,ESP,7252
179,71,1219,1968,940,96204,1.014702,1.024988,PRT,ESP,7252
197,71,1219,1968,0,282,0.8662620000000001,0.791027,SLV,ESP,7252
208,71,1219,1968,109274,1654,1.968017,2.7641270000000002,SWE,ESP,7252
231,71,1219,1968,103801,1948,1.9577650000000002,1.500362,USA,ESP,7252
236,71,1219,1968,0,2895,-0.7130850000000001,-0.5042939999999999,VEN,ESP,7252
249,71,1219,1968,0,2321,1.152169,1.691066,TWN,ESP,7252
250,71,1219,1968,571,435,0.8133859999999999,0.47075900000000004,ANS,ESP,7252
14,74,1219,1968,0,4848,0.215398,0.115257,AUS,FIN,7252
15,74,1219,1968,79918,25934,1.94925,1.6721810000000001,AUT,FIN,7252
18,74,1219,1968,10055,1114,1.529065,2.472506,BEL,FIN,7252
23,74,1219,1968,0,533,0.581187,0.53879,BGR,FIN,7252
32,74,1219,1968,0,10847,-0.325932,-0.334875,BRA,FIN,7252
39,74,1219,1968,28252,20692,0.6867270000000001,0.846297,CAN,FIN,7252
41,74,1219,1968,99670,582,2.1128139999999997,2.181377,CHE,FIN,7252
42,74,1219,1968,0,2692,0.042475,-0.45777299999999993,CHL,FIN,7252
43,74,1219,1968,0,5911,0.610282,1.61494,CHN,FIN,7252
49,74,1219,1968,0,7451,-0.179843,-0.5681729999999999,COL,FIN,7252
53,74,1219,1968,672,17285,1.6086129999999998,2.804711,CSK,FIN,7252
61,74,1219,1968,883627,1184950,2.2253979999999998,-1.8081060000000002,DEU,FIN,7252
64,74,1219,1968,1601,51539,1.5995489999999999,2.6483209999999997,DNK,FIN,7252
67,74,1219,1968,0,1572,-0.5838800000000001,-0.767904,ECU,FIN,7252
71,74,1219,1968,0,79300,0.781529,1.259275,ESP,FIN,7252
77,74,1219,1968,53480,20474,1.7160810000000002,1.713236,FRA,FIN,7252
81,74,1219,1968,1186302,76243,2.058025,0.677452,GBR,FIN,7252
102,74,1219,1968,0,336571,0.9154209999999999,1.253378,HUN,FIN,7252
104,74,1219,1968,0,1734,0.1404,0.23993299999999998,IND,FIN,7252
107,74,1219,1968,0,9397,-0.731453,-0.764668,IRN,FIN,7252
110,74,1219,1968,0,605,1.105346,0.8750629999999999,ISR,FIN,7252
111,74,1219,1968,104805,622686,1.8991650000000002,1.865793,ITA,FIN,7252
114,74,1219,1968,180172,15076,1.844871,2.2220470000000003,JPN,FIN,7252
138,74,1219,1968,0,4365,0.306611,0.36893000000000004,MEX,FIN,7252
162,74,1219,1968,21660,18736,1.4081620000000001,2.841383,NLD,FIN,7252
163,74,1219,1968,40719,910435,1.258037,1.6438409999999999,NOR,FIN,7252
166,74,1219,1968,0,1351,0.184389,-0.451151,NZL,FIN,7252
168,74,1219,1968,0,4484,0.17055499999999998,-0.249302,PAK,FIN,7252
174,74,1219,1968,0,1107,-0.38509499999999997,-0.708784,PHL,FIN,7252
177,74,1219,1968,0,91197,0.9209379999999999,1.762821,POL,FIN,7252
179,74,1219,1968,0,833,1.014702,1.024988,PRT,FIN,7252
186,74,1219,1968,830,3601113,0.429629,0.513075,RUS,FIN,7252
208,74,1219,1968,743862,2131912,1.968017,2.7641270000000002,SWE,FIN,7252
216,74,1219,1968,0,2095,-0.59446,-0.7126439999999999,THA,FIN,7252
224,74,1219,1968,0,12463,-0.654801,-0.8012319999999999,TUR,FIN,7252
231,74,1219,1968,247126,200962,1.9577650000000002,1.500362,USA,FIN,7252
236,74,1219,1968,0,314,-0.7130850000000001,-0.5042939999999999,VEN,FIN,7252
239,74,1219,1968,0,114882,0.414368,-0.21605500000000002,VNM,FIN,7252
245,74,1219,1968,0,16177,1.0230700000000001,2.3184560000000003,YUG,FIN,7252
246,74,1219,1968,0,2705,-0.397811,-0.621199,ZAF,FIN,7252
250,74,1219,1968,0,821,0.8133859999999999,0.47075900000000004,ANS,FIN,7252
77,80,1219,1968,467,0,1.7160810000000002,1.713236,FRA,GAB,7252
231,80,1219,1968,478,0,1.9577650000000002,1.500362,USA,GAB,7252
2,179,1219,1968,0,15886,-1.129591,-0.880391,AGO,PRT,7252
15,179,1219,1968,2912,0,1.94925,1.6721810000000001,AUT,PRT,7252
18,179,1219,1968,794,0,1.529065,2.472506,BEL,PRT,7252
32,179,1219,1968,0,25892,-0.325932,-0.334875,BRA,PRT,7252
41,179,1219,1968,2406,0,2.1128139999999997,2.181377,CHE,PRT,7252
53,179,1219,1968,2016,0,1.6086129999999998,2.804711,CSK,PRT,7252
61,179,1219,1968,1238193,0,2.2253979999999998,-1.8081060000000002,DEU,PRT,7252
71,179,1219,1968,96204,940,0.781529,1.259275,ESP,PRT,7252
74,179,1219,1968,833,0,1.401928,1.205835,FIN,PRT,7252
77,179,1219,1968,43827,0,1.7160810000000002,1.713236,FRA,PRT,7252
81,179,1219,1968,88355,3418,2.058025,0.677452,GBR,PRT,7252
111,179,1219,1968,15097,0,1.8991650000000002,1.865793,ITA,PRT,7252
147,179,1219,1968,0,6027,-0.859319,-0.818945,MOZ,PRT,7252
162,179,1219,1968,5341,0,1.4081620000000001,2.841383,NLD,PRT,7252
163,179,1219,1968,4389,0,1.258037,1.6438409999999999,NOR,PRT,7252
208,179,1219,1968,55868,479,1.968017,2.7641270000000002,SWE,PRT,7252
231,179,1219,1968,24281,2868,1.9577650000000002,1.500362,USA,PRT,7252
15,216,1219,1968,7340,0,1.94925,1.6721810000000001,AUT,THA,7252
39,216,1219,1968,3080,0,0.6867270000000001,0.846297,CAN,THA,7252
41,216,1219,1968,529,0,2.1128139999999997,2.181377,CHE,THA,7252
53,216,1219,1968,10632,0,1.6086129999999998,2.804711,CSK,THA,7252
61,216,1219,1968,121259,0,2.2253979999999998,-1.8081060000000002,DEU,THA,7252
64,216,1219,1968,3439,0,1.5995489999999999,2.6483209999999997,DNK,THA,7252
74,216,1219,1968,2095,0,1.401928,1.205835,FIN,THA,7252
77,216,1219,1968,2456,0,1.7160810000000002,1.713236,FRA,THA,7252
81,216,1219,1968,149724,0,2.058025,0.677452,GBR,THA,7252
97,216,1219,1968,3668,0,1.397888,1.218178,HKG,THA,7252
104,216,1219,1968,2385,0,0.1404,0.23993299999999998,IND,THA,7252
111,216,1219,1968,6423,0,1.8991650000000002,1.865793,ITA,THA,7252
114,216,1219,1968,94314,619,1.844871,2.2220470000000003,JPN,THA,7252
153,216,1219,1968,0,1857,-0.530212,-0.618034,MYS,THA,7252
162,216,1219,1968,2694,0,1.4081620000000001,2.841383,NLD,THA,7252
174,216,1219,1968,0,3996,-0.38509499999999997,-0.708784,PHL,THA,7252
208,216,1219,1968,669245,0,1.968017,2.7641270000000002,SWE,THA,7252
231,216,1219,1968,4178399,0,1.9577650000000002,1.500362,USA,THA,7252
239,216,1219,1968,0,764,0.414368,-0.21605500000000002,VNM,THA,7252
249,216,1219,1968,63664,0,1.152169,1.691066,TWN,THA,7252
39,222,1219,1968,584,0,0.6867270000000001,0.846297,CAN,TTO,7252
61,222,1219,1968,34302,0,2.2253979999999998,-1.8081060000000002,DEU,TTO,7252
81,222,1219,1968,12978,0,2.058025,0.677452,GBR,TTO,7252
231,222,1219,1968,17013,0,1.9577650000000002,1.500362,USA,TTO,7252
15,68,1219,1968,739,0,1.94925,1.6721810000000001,AUT,EGY,7252
41,68,1219,1968,606,0,2.1128139999999997,2.181377,CHE,EGY,7252
61,68,1219,1968,34520,0,2.2253979999999998,-1.8081060000000002,DEU,EGY,7252
77,68,1219,1968,6096,0,1.7160810000000002,1.713236,FRA,EGY,7252
81,68,1219,1968,2265,287,2.058025,0.677452,GBR,EGY,7252
104,68,1219,1968,2131,0,0.1404,0.23993299999999998,IND,EGY,7252
111,68,1219,1968,8004,1081,1.8991650000000002,1.865793,ITA,EGY,7252
114,68,1219,1968,2766,0,1.844871,2.2220470000000003,JPN,EGY,7252
163,68,1219,1968,133,0,1.258037,1.6438409999999999,NOR,EGY,7252
177,68,1219,1968,16846,0,0.9209379999999999,1.762821,POL,EGY,7252
208,68,1219,1968,2773,0,1.968017,2.7641270000000002,SWE,EGY,7252
231,68,1219,1968,5379,0,1.9577650000000002,1.500362,USA,EGY,7252
15,102,1219,1968,18042,0,1.94925,1.6721810000000001,AUT,HUN,7252
41,102,1219,1968,4226,0,2.1128139999999997,2.181377,CHE,HUN,7252
61,102,1219,1968,54646,0,2.2253979999999998,-1.8081060000000002,DEU,HUN,7252
74,102,1219,1968,336571,0,1.401928,1.205835,FIN,HUN,7252
77,102,1219,1968,1148,0,1.7160810000000002,1.713236,FRA,HUN,7252
81,102,1219,1968,17138,0,2.058025,0.677452,GBR,HUN,7252
111,102,1219,1968,2302,0,1.8991650000000002,1.865793,ITA,HUN,7252
162,102,1219,1968,537,0,1.4081620000000001,2.841383,NLD,HUN,7252
208,102,1219,1968,25765,0,1.968017,2.7641270000000002,SWE,HUN,7252
231,102,1219,1968,1409,0,1.9577650000000002,1.500362,USA,HUN,7252
245,102,1219,1968,0,1189,1.0230700000000001,2.3184560000000003,YUG,HUN,7252
61,126,1219,1968,33407,0,2.2253979999999998,-1.8081060000000002,DEU,LBY,7252
81,126,1219,1968,2822,0,2.058025,0.677452,GBR,LBY,7252
111,126,1219,1968,7297,0,1.8991650000000002,1.865793,ITA,LBY,7252
124,126,1219,1968,3338,0,0.7129770000000001,1.136677,LBN,LBY,7252
231,126,1219,1968,2841,0,1.9577650000000002,1.500362,USA,LBY,7252
15,134,1219,1968,840,0,1.94925,1.6721810000000001,AUT,MAR,7252
18,134,1219,1968,9931,0,1.529065,2.472506,BEL,MAR,7252
39,134,1219,1968,5496,0,0.6867270000000001,0.846297,CAN,MAR,7252
41,134,1219,1968,1224,0,2.1128139999999997,2.181377,CHE,MAR,7252
43,134,1219,1968,680,0,0.610282,1.61494,CHN,MAR,7252
44,134,1219,1968,0,484,-0.9004639999999999,-0.815828,CIV,MAR,7252
53,134,1219,1968,421,0,1.6086129999999998,2.804711,CSK,MAR,7252
61,134,1219,1968,147105,0,2.2253979999999998,-1.8081060000000002,DEU,MAR,7252
64,134,1219,1968,397,0,1.5995489999999999,2.6483209999999997,DNK,MAR,7252
71,134,1219,1968,13118,769,0.781529,1.259275,ESP,MAR,7252
77,134,1219,1968,208696,411,1.7160810000000002,1.713236,FRA,MAR,7252
81,134,1219,1968,4177,0,2.058025,0.677452,GBR,MAR,7252
111,134,1219,1968,7561,0,1.8991650000000002,1.865793,ITA,MAR,7252
163,134,1219,1968,4781,0,1.258037,1.6438409999999999,NOR,MAR,7252
208,134,1219,1968,3304,0,1.968017,2.7641270000000002,SWE,MAR,7252
231,134,1219,1968,8519,0,1.9577650000000002,1.500362,USA,MAR,7252
250,134,1219,1968,1096,0,0.8133859999999999,0.47075900000000004,ANS,MAR,7252
14,143,1219,1968,32590,0,0.215398,0.115257,AUS,MMR,7252
43,143,1219,1968,459,0,0.610282,1.61494,CHN,MMR,7252
53,143,1219,1968,59601,0,1.6086129999999998,2.804711,CSK,MMR,7252
61,143,1219,1968,10811,0,2.2253979999999998,-1.8081060000000002,DEU,MMR,7252
77,143,1219,1968,1035,0,1.7160810000000002,1.713236,FRA,MMR,7252
81,143,1219,1968,42912,0,2.058025,0.677452,GBR,MMR,7252
114,143,1219,1968,10755,0,1.844871,2.2220470000000003,JPN,MMR,7252
153,143,1219,1968,1877,0,-0.530212,-0.618034,MYS,MMR,7252
208,143,1219,1968,16865,0,1.968017,2.7641270000000002,SWE,MMR,7252
231,143,1219,1968,16799,0,1.9577650000000002,1.500362,USA,MMR,7252
15,245,1219,1968,127088,1764,1.94925,1.6721810000000001,AUT,YUG,7252
18,245,1219,1968,491,0,1.529065,2.472506,BEL,YUG,7252
41,245,1219,1968,8645,0,2.1128139999999997,2.181377,CHE,YUG,7252
53,245,1219,1968,16313,0,1.6086129999999998,2.804711,CSK,YUG,7252
61,245,1219,1968,796866,11800,2.2253979999999998,-1.8081060000000002,DEU,YUG,7252
74,245,1219,1968,16177,0,1.401928,1.205835,FIN,YUG,7252
77,245,1219,1968,13527,0,1.7160810000000002,1.713236,FRA,YUG,7252
81,245,1219,1968,44442,434,2.058025,0.677452,GBR,YUG,7252
102,245,1219,1968,1189,0,0.9154209999999999,1.253378,HUN,YUG,7252
104,245,1219,1968,779,0,0.1404,0.23993299999999998,IND,YUG,7252
111,245,1219,1968,157127,2185,1.8991650000000002,1.865793,ITA,YUG,7252
114,245,1219,1968,13733,0,1.844871,2.2220470000000003,JPN,YUG,7252
162,245,1219,1968,1545,0,1.4081620000000001,2.841383,NLD,YUG,7252
163,245,1219,1968,2288,0,1.258037,1.6438409999999999,NOR,YUG,7252
168,245,1219,1968,0,529,0.17055499999999998,-0.249302,PAK,YUG,7252
186,245,1219,1968,0,5447,0.429629,0.513075,RUS,YUG,7252
208,245,1219,1968,44824,0,1.968017,2.7641270000000002,SWE,YUG,7252
231,245,1219,1968,5856,0,1.9577650000000002,1.500362,USA,YUG,7252
15,2,1219,1968,773,0,1.94925,1.6721810000000001,AUT,AGO,7252
18,2,1219,1968,507,0,1.529065,2.472506,BEL,AGO,7252
41,2,1219,1968,1203,0,2.1128139999999997,2.181377,CHE,AGO,7252
61,2,1219,1968,15822,0,2.2253979999999998,-1.8081060000000002,DEU,AGO,7252
81,2,1219,1968,123587,363,2.058025,0.677452,GBR,AGO,7252
111,2,1219,1968,3623,0,1.8991650000000002,1.865793,ITA,AGO,7252
163,2,1219,1968,456,0,1.258037,1.6438409999999999,NOR,AGO,7252
179,2,1219,1968,15886,0,1.014702,1.024988,PRT,AGO,7252
208,2,1219,1968,55154,0,1.968017,2.7641270000000002,SWE,AGO,7252
231,2,1219,1968,7372,0,1.9577650000000002,1.500362,USA,AGO,7252
15,8,1219,1968,1767,0,1.94925,1.6721810000000001,AUT,ARG,7252
18,8,1219,1968,2881,0,1.529065,2.472506,BEL,ARG,7252
32,8,1219,1968,19865,0,-0.325932,-0.334875,BRA,ARG,7252
39,8,1219,1968,11581,0,0.6867270000000001,0.846297,CAN,ARG,7252
41,8,1219,1968,33593,0,2.1128139999999997,2.181377,CHE,ARG,7252
42,8,1219,1968,0,388,0.042475,-0.45777299999999993,CHL,ARG,7252
61,8,1219,1968,365816,0,2.2253979999999998,-1.8081060000000002,DEU,ARG,7252
71,8,1219,1968,1143,0,0.781529,1.259275,ESP,ARG,7252
77,8,1219,1968,5577,0,1.7160810000000002,1.713236,FRA,ARG,7252
81,8,1219,1968,70570,0,2.058025,0.677452,GBR,ARG,7252
111,8,1219,1968,40676,0,1.8991650000000002,1.865793,ITA,ARG,7252
114,8,1219,1968,9677,0,1.844871,2.2220470000000003,JPN,ARG,7252
162,8,1219,1968,1877,0,1.4081620000000001,2.841383,NLD,ARG,7252
180,8,1219,1968,0,683,-0.605754,-0.77208,PRY,ARG,7252
208,8,1219,1968,17780,0,1.968017,2.7641270000000002,SWE,ARG,7252
230,8,1219,1968,0,2204,0.418634,-0.177045,URY,ARG,7252
231,8,1219,1968,251940,0,1.9577650000000002,1.500362,USA,ARG,7252
250,8,1219,1968,363,0,0.8133859999999999,0.47075900000000004,ANS,ARG,7252
15,14,1219,1968,2503,0,1.94925,1.6721810000000001,AUT,AUS,7252
18,14,1219,1968,530,0,1.529065,2.472506,BEL,AUS,7252
39,14,1219,1968,231240,44605,0.6867270000000001,0.846297,CAN,AUS,7252
41,14,1219,1968,164737,2938,2.1128139999999997,2.181377,CHE,AUS,7252
53,14,1219,1968,7005,0,1.6086129999999998,2.804711,CSK,AUS,7252
61,14,1219,1968,775224,0,2.2253979999999998,-1.8081060000000002,DEU,AUS,7252
64,14,1219,1968,3661,0,1.5995489999999999,2.6483209999999997,DNK,AUS,7252
71,14,1219,1968,2891,0,0.781529,1.259275,ESP,AUS,7252
74,14,1219,1968,4848,0,1.401928,1.205835,FIN,AUS,7252
75,14,1219,1968,0,835,-0.04004,-0.562962,FJI,AUS,7252
77,14,1219,1968,8186,0,1.7160810000000002,1.713236,FRA,AUS,7252
81,14,1219,1968,1731258,20788,2.058025,0.677452,GBR,AUS,7252
97,14,1219,1968,0,1590,1.397888,1.218178,HKG,AUS,7252
110,14,1219,1968,2962,0,1.105346,0.8750629999999999,ISR,AUS,7252
111,14,1219,1968,32619,4615,1.8991650000000002,1.865793,ITA,AUS,7252
114,14,1219,1968,612542,803,1.844871,2.2220470000000003,JPN,AUS,7252
143,14,1219,1968,0,32590,-0.96686,-0.782324,MMR,AUS,7252
156,14,1219,1968,0,468,-1.281862,-0.337455,NCL,AUS,7252
162,14,1219,1968,115804,0,1.4081620000000001,2.841383,NLD,AUS,7252
163,14,1219,1968,9545,0,1.258037,1.6438409999999999,NOR,AUS,7252
166,14,1219,1968,1134,54957,0.184389,-0.451151,NZL,AUS,7252
168,14,1219,1968,0,376,0.17055499999999998,-0.249302,PAK,AUS,7252
174,14,1219,1968,0,968,-0.38509499999999997,-0.708784,PHL,AUS,7252
176,14,1219,1968,0,5215,-0.9894790000000001,-0.735923,PNG,AUS,7252
192,14,1219,1968,0,2008,0.34532199999999996,0.624988,SGP,AUS,7252
208,14,1219,1968,132443,0,1.968017,2.7641270000000002,SWE,AUS,7252
231,14,1219,1968,411976,2326,1.9577650000000002,1.500362,USA,AUS,7252
246,14,1219,1968,0,2177,-0.397811,-0.621199,ZAF,AUS,7252
249,14,1219,1968,764,778,1.152169,1.691066,TWN,AUS,7252
250,14,1219,1968,397,0,0.8133859999999999,0.47075900000000004,ANS,AUS,7252
111,19,1219,1968,51342,0,1.8991650000000002,1.865793,ITA,BEN,7252
231,25,1219,1968,2273,0,1.9577650000000002,1.500362,USA,BHS,7252
61,30,1219,1968,1008,0,2.2253979999999998,-1.8081060000000002,DEU,BMU,7252
39,33,1219,1968,2133,0,0.6867270000000001,0.846297,CAN,BRB,7252
61,33,1219,1968,6322,0,2.2253979999999998,-1.8081060000000002,DEU,BRB,7252
231,33,1219,1968,12206,0,1.9577650000000002,1.500362,USA,BRB,7252
8,42,1219,1968,388,0,0.148111,0.088328,ARG,CHL,7252
15,42,1219,1968,1313,0,1.94925,1.6721810000000001,AUT,CHL,7252
18,42,1219,1968,11133,0,1.529065,2.472506,BEL,CHL,7252
32,42,1219,1968,1494,0,-0.325932,-0.334875,BRA,CHL,7252
39,42,1219,1968,53798,0,0.6867270000000001,0.846297,CAN,CHL,7252
41,42,1219,1968,7886,0,2.1128139999999997,2.181377,CHE,CHL,7252
61,42,1219,1968,339292,1143,2.2253979999999998,-1.8081060000000002,DEU,CHL,7252
64,42,1219,1968,453,0,1.5995489999999999,2.6483209999999997,DNK,CHL,7252
71,42,1219,1968,24166,0,0.781529,1.259275,ESP,CHL,7252
74,42,1219,1968,2692,0,1.401928,1.205835,FIN,CHL,7252
77,42,1219,1968,1129,0,1.7160810000000002,1.713236,FRA,CHL,7252
81,42,1219,1968,18694,0,2.058025,0.677452,GBR,CHL,7252
111,42,1219,1968,49601,0,1.8991650000000002,1.865793,ITA,CHL,7252
114,42,1219,1968,2609,0,1.844871,2.2220470000000003,JPN,CHL,7252
162,42,1219,1968,420,0,1.4081620000000001,2.841383,NLD,CHL,7252
208,42,1219,1968,13223,0,1.968017,2.7641270000000002,SWE,CHL,7252
231,42,1219,1968,262878,0,1.9577650000000002,1.500362,USA,CHL,7252
77,45,1219,1968,71555,0,1.7160810000000002,1.713236,FRA,CMR,7252
81,45,1219,1968,546,0,2.058025,0.677452,GBR,CMR,7252
18,46,1219,1968,11215,0,1.529065,2.472506,BEL,COD,7252
61,46,1219,1968,23871,0,2.2253979999999998,-1.8081060000000002,DEU,COD,7252
77,46,1219,1968,1284,0,1.7160810000000002,1.713236,FRA,COD,7252
81,46,1219,1968,830,0,2.058025,0.677452,GBR,COD,7252
111,46,1219,1968,36759,0,1.8991650000000002,1.865793,ITA,COD,7252
231,46,1219,1968,1612,0,1.9577650000000002,1.500362,USA,COD,7252
61,47,1219,1968,326,0,2.2253979999999998,-1.8081060000000002,DEU,COG,7252
77,47,1219,1968,1548,0,1.7160810000000002,1.713236,FRA,COG,7252
186,47,1219,1968,1278,0,0.429629,0.513075,RUS,COG,7252
208,47,1219,1968,624,0,1.968017,2.7641270000000002,SWE,COG,7252
15,49,1219,1968,515,0,1.94925,1.6721810000000001,AUT,COL,7252
39,49,1219,1968,2758,0,0.6867270000000001,0.846297,CAN,COL,7252
41,49,1219,1968,42820,0,2.1128139999999997,2.181377,CHE,COL,7252
61,49,1219,1968,110858,0,2.2253979999999998,-1.8081060000000002,DEU,COL,7252
71,49,1219,1968,37168,0,0.781529,1.259275,ESP,COL,7252
74,49,1219,1968,7451,0,1.401928,1.205835,FIN,COL,7252
81,49,1219,1968,22092,0,2.058025,0.677452,GBR,COL,7252
111,49,1219,1968,6605,0,1.8991650000000002,1.865793,ITA,COL,7252
138,49,1219,1968,1272,0,0.306611,0.36893000000000004,MEX,COL,7252
162,49,1219,1968,1524,0,1.4081620000000001,2.841383,NLD,COL,7252
208,49,1219,1968,41957,0,1.968017,2.7641270000000002,SWE,COL,7252
231,49,1219,1968,261645,0,1.9577650000000002,1.500362,USA,COL,7252
236,49,1219,1968,2234,0,-0.7130850000000001,-0.5042939999999999,VEN,COL,7252
61,52,1219,1968,57678,0,2.2253979999999998,-1.8081060000000002,DEU,CRI,7252
81,52,1219,1968,4668,0,2.058025,0.677452,GBR,CRI,7252
162,52,1219,1968,95576,0,1.4081620000000001,2.841383,NLD,CRI,7252
231,52,1219,1968,99016,0,1.9577650000000002,1.500362,USA,CRI,7252
15,54,1219,1968,3060,0,1.94925,1.6721810000000001,AUT,CUB,7252
61,54,1219,1968,3056,0,2.2253979999999998,-1.8081060000000002,DEU,CUB,7252
81,54,1219,1968,719,0,2.058025,0.677452,GBR,CUB,7252
208,54,1219,1968,974,0,1.968017,2.7641270000000002,SWE,CUB,7252
61,58,1219,1968,6286,0,2.2253979999999998,-1.8081060000000002,DEU,CYP,7252
81,58,1219,1968,1439,0,2.058025,0.677452,GBR,CYP,7252
110,58,1219,1968,3119,0,1.105346,0.8750629999999999,ISR,CYP,7252
231,58,1219,1968,1307,0,1.9577650000000002,1.500362,USA,CYP,7252
41,65,1219,1968,16826,0,2.1128139999999997,2.181377,CHE,DOM,7252
61,65,1219,1968,31864,0,2.2253979999999998,-1.8081060000000002,DEU,DOM,7252
111,65,1219,1968,449,0,1.8991650000000002,1.865793,ITA,DOM,7252
208,65,1219,1968,1499,0,1.968017,2.7641270000000002,SWE,DOM,7252
231,65,1219,1968,23900,0,1.9577650000000002,1.500362,USA,DOM,7252
236,65,1219,1968,6537,0,-0.7130850000000001,-0.5042939999999999,VEN,DOM,7252
15,66,1219,1968,453,0,1.94925,1.6721810000000001,AUT,DZA,7252
41,66,1219,1968,89289,0,2.1128139999999997,2.181377,CHE,DZA,7252
61,66,1219,1968,89251,0,2.2253979999999998,-1.8081060000000002,DEU,DZA,7252
71,66,1219,1968,318,0,0.781529,1.259275,ESP,DZA,7252
77,66,1219,1968,240185,1131,1.7160810000000002,1.713236,FRA,DZA,7252
81,66,1219,1968,1017,0,2.058025,0.677452,GBR,DZA,7252
111,66,1219,1968,6285,0,1.8991650000000002,1.865793,ITA,DZA,7252
162,66,1219,1968,1509,0,1.4081620000000001,2.841383,NLD,DZA,7252
231,66,1219,1968,771,0,1.9577650000000002,1.500362,USA,DZA,7252
250,66,1219,1968,577,0,0.8133859999999999,0.47075900000000004,ANS,DZA,7252
41,67,1219,1968,332,0,2.1128139999999997,2.181377,CHE,ECU,7252
61,67,1219,1968,82282,0,2.2253979999999998,-1.8081060000000002,DEU,ECU,7252
71,67,1219,1968,2360,0,0.781529,1.259275,ESP,ECU,7252
74,67,1219,1968,1572,0,1.401928,1.205835,FIN,ECU,7252
77,67,1219,1968,3855,0,1.7160810000000002,1.713236,FRA,ECU,7252
81,67,1219,1968,597,0,2.058025,0.677452,GBR,ECU,7252
111,67,1219,1968,2262,0,1.8991650000000002,1.865793,ITA,ECU,7252
114,67,1219,1968,444,0,1.844871,2.2220470000000003,JPN,ECU,7252
208,67,1219,1968,929,0,1.968017,2.7641270000000002,SWE,ECU,7252
231,67,1219,1968,116485,0,1.9577650000000002,1.500362,USA,ECU,7252
61,83,1219,1968,42080,0,2.2253979999999998,-1.8081060000000002,DEU,GHA,7252
81,83,1219,1968,4282,0,2.058025,0.677452,GBR,GHA,7252
114,83,1219,1968,1301,0,1.844871,2.2220470000000003,JPN,GHA,7252
163,83,1219,1968,239,0,1.258037,1.6438409999999999,NOR,GHA,7252
231,83,1219,1968,3876,0,1.9577650000000002,1.500362,USA,GHA,7252
250,83,1219,1968,442,0,0.8133859999999999,0.47075900000000004,ANS,GHA,7252
18,86,1219,1968,437,0,1.529065,2.472506,BEL,GLP,7252
39,86,1219,1968,5481,0,0.6867270000000001,0.846297,CAN,GLP,7252
77,86,1219,1968,2759,0,1.7160810000000002,1.713236,FRA,GLP,7252
231,86,1219,1968,24168,0,1.9577650000000002,1.500362,USA,GLP,7252
41,93,1219,1968,855,0,2.1128139999999997,2.181377,CHE,GTM,7252
61,93,1219,1968,18121,0,2.2253979999999998,-1.8081060000000002,DEU,GTM,7252
71,93,1219,1968,430,0,0.781529,1.259275,ESP,GTM,7252
81,93,1219,1968,1697,0,2.058025,0.677452,GBR,GTM,7252
114,93,1219,1968,1217,0,1.844871,2.2220470000000003,JPN,GTM,7252
162,93,1219,1968,30100,0,1.4081620000000001,2.841383,NLD,GTM,7252
197,93,1219,1968,0,331,0.8662620000000001,0.791027,SLV,GTM,7252
208,93,1219,1968,10090,0,1.968017,2.7641270000000002,SWE,GTM,7252
231,93,1219,1968,90931,0,1.9577650000000002,1.500362,USA,GTM,7252
61,99,1219,1968,6128,0,2.2253979999999998,-1.8081060000000002,DEU,HND,7252
162,99,1219,1968,665,0,1.4081620000000001,2.841383,NLD,HND,7252
231,99,1219,1968,68397,0,1.9577650000000002,1.500362,USA,HND,7252
39,101,1219,1968,1118,0,0.6867270000000001,0.846297,CAN,HTI,7252
61,101,1219,1968,719,0,2.2253979999999998,-1.8081060000000002,DEU,HTI,7252
231,101,1219,1968,2099,0,1.9577650000000002,1.500362,USA,HTI,7252
61,103,1219,1968,27002,0,2.2253979999999998,-1.8081060000000002,DEU,IDN,7252
81,103,1219,1968,1673,0,2.058025,0.677452,GBR,IDN,7252
97,103,1219,1968,9032,0,1.397888,1.218178,HKG,IDN,7252
111,103,1219,1968,1626,0,1.8991650000000002,1.865793,ITA,IDN,7252
114,103,1219,1968,1391,0,1.844871,2.2220470000000003,JPN,IDN,7252
162,103,1219,1968,915,0,1.4081620000000001,2.841383,NLD,IDN,7252
231,103,1219,1968,1615,0,1.9577650000000002,1.500362,USA,IDN,7252
15,106,1219,1968,655,0,1.94925,1.6721810000000001,AUT,IRL,7252
18,106,1219,1968,673,0,1.529065,2.472506,BEL,IRL,7252
39,106,1219,1968,1097,0,0.6867270000000001,0.846297,CAN,IRL,7252
41,106,1219,1968,39271,0,2.1128139999999997,2.181377,CHE,IRL,7252
61,106,1219,1968,93965,0,2.2253979999999998,-1.8081060000000002,DEU,IRL,7252
64,106,1219,1968,373,0,1.5995489999999999,2.6483209999999997,DNK,IRL,7252
77,106,1219,1968,17961,0,1.7160810000000002,1.713236,FRA,IRL,7252
81,106,1219,1968,300202,31015,2.058025,0.677452,GBR,IRL,7252
111,106,1219,1968,11508,0,1.8991650000000002,1.865793,ITA,IRL,7252
162,106,1219,1968,148285,0,1.4081620000000001,2.841383,NLD,IRL,7252
163,106,1219,1968,1742,0,1.258037,1.6438409999999999,NOR,IRL,7252
208,106,1219,1968,19307,0,1.968017,2.7641270000000002,SWE,IRL,7252
231,106,1219,1968,21808,0,1.9577650000000002,1.500362,USA,IRL,7252
18,109,1219,1968,605,0,1.529065,2.472506,BEL,ISL,7252
41,109,1219,1968,1044,0,2.1128139999999997,2.181377,CHE,ISL,7252
61,109,1219,1968,1310,0,2.2253979999999998,-1.8081060000000002,DEU,ISL,7252
81,109,1219,1968,1223,0,2.058025,0.677452,GBR,ISL,7252
208,109,1219,1968,637,0,1.968017,2.7641270000000002,SWE,ISL,7252
231,109,1219,1968,1052,0,1.9577650000000002,1.500362,USA,ISL,7252
39,112,1219,1968,742,0,0.6867270000000001,0.846297,CAN,JAM,7252
41,112,1219,1968,1208,0,2.1128139999999997,2.181377,CHE,JAM,7252
61,112,1219,1968,38301,0,2.2253979999999998,-1.8081060000000002,DEU,JAM,7252
81,112,1219,1968,41573,0,2.058025,0.677452,GBR,JAM,7252
111,112,1219,1968,801,0,1.8991650000000002,1.865793,ITA,JAM,7252
162,112,1219,1968,2258,0,1.4081620000000001,2.841383,NLD,JAM,7252
231,112,1219,1968,78391,0,1.9577650000000002,1.500362,USA,JAM,7252
15,121,1219,1968,12829,0,1.94925,1.6721810000000001,AUT,KOR,7252
61,121,1219,1968,1035520,1209,2.2253979999999998,-1.8081060000000002,DEU,KOR,7252
81,121,1219,1968,1273,0,2.058025,0.677452,GBR,KOR,7252
104,121,1219,1968,453,0,0.1404,0.23993299999999998,IND,KOR,7252
114,121,1219,1968,577623,844,1.844871,2.2220470000000003,JPN,KOR,7252
208,121,1219,1968,7941,0,1.968017,2.7641270000000002,SWE,KOR,7252
231,121,1219,1968,11070,7763,1.9577650000000002,1.500362,USA,KOR,7252
111,125,1219,1968,900,0,1.8991650000000002,1.865793,ITA,LBR,7252
15,138,1219,1968,18026,0,1.94925,1.6721810000000001,AUT,MEX,7252
18,138,1219,1968,3150,0,1.529065,2.472506,BEL,MEX,7252
32,138,1219,1968,4331,0,-0.325932,-0.334875,BRA,MEX,7252
39,138,1219,1968,173884,0,0.6867270000000001,0.846297,CAN,MEX,7252
41,138,1219,1968,123757,0,2.1128139999999997,2.181377,CHE,MEX,7252
49,138,1219,1968,0,1272,-0.179843,-0.5681729999999999,COL,MEX,7252
53,138,1219,1968,6330,0,1.6086129999999998,2.804711,CSK,MEX,7252
61,138,1219,1968,857713,0,2.2253979999999998,-1.8081060000000002,DEU,MEX,7252
64,138,1219,1968,643,0,1.5995489999999999,2.6483209999999997,DNK,MEX,7252
71,138,1219,1968,103160,0,0.781529,1.259275,ESP,MEX,7252
74,138,1219,1968,4365,0,1.401928,1.205835,FIN,MEX,7252
77,138,1219,1968,16188,0,1.7160810000000002,1.713236,FRA,MEX,7252
81,138,1219,1968,91600,0,2.058025,0.677452,GBR,MEX,7252
111,138,1219,1968,956798,0,1.8991650000000002,1.865793,ITA,MEX,7252
114,138,1219,1968,8268,0,1.844871,2.2220470000000003,JPN,MEX,7252
162,138,1219,1968,9771,0,1.4081620000000001,2.841383,NLD,MEX,7252
163,138,1219,1968,798,0,1.258037,1.6438409999999999,NOR,MEX,7252
169,138,1219,1968,0,632,1.151761,0.8629450000000001,PAN,MEX,7252
173,138,1219,1968,0,6431,-0.676242,-0.815086,PER,MEX,7252
208,138,1219,1968,78931,0,1.968017,2.7641270000000002,SWE,MEX,7252
231,138,1219,1968,2475296,4978,1.9577650000000002,1.500362,USA,MEX,7252
236,138,1219,1968,0,954,-0.7130850000000001,-0.5042939999999999,VEN,MEX,7252
61,141,1219,1968,535,0,2.2253979999999998,-1.8081060000000002,DEU,MLI,7252
61,142,1219,1968,3052,0,2.2253979999999998,-1.8081060000000002,DEU,MLT,7252
81,142,1219,1968,2744,0,2.058025,0.677452,GBR,MLT,7252
111,142,1219,1968,533,0,1.8991650000000002,1.865793,ITA,MLT,7252
61,147,1219,1968,30154,0,2.2253979999999998,-1.8081060000000002,DEU,MOZ,7252
77,147,1219,1968,6021,0,1.7160810000000002,1.713236,FRA,MOZ,7252
81,147,1219,1968,3078,0,2.058025,0.677452,GBR,MOZ,7252
111,147,1219,1968,5277,0,1.8991650000000002,1.865793,ITA,MOZ,7252
179,147,1219,1968,6027,0,1.014702,1.024988,PRT,MOZ,7252
208,147,1219,1968,12702,0,1.968017,2.7641270000000002,SWE,MOZ,7252
18,150,1219,1968,756,0,1.529065,2.472506,BEL,MTQ,7252
39,150,1219,1968,6393,0,0.6867270000000001,0.846297,CAN,MTQ,7252
61,150,1219,1968,424,0,2.2253979999999998,-1.8081060000000002,DEU,MTQ,7252
77,150,1219,1968,2882,0,1.7160810000000002,1.713236,FRA,MTQ,7252
231,150,1219,1968,12172,0,1.9577650000000002,1.500362,USA,MTQ,7252
39,153,1219,1968,1129,0,0.6867270000000001,0.846297,CAN,MYS,7252
41,153,1219,1968,1153,0,2.1128139999999997,2.181377,CHE,MYS,7252
43,153,1219,1968,13761,0,0.610282,1.61494,CHN,MYS,7252
61,153,1219,1968,45531,0,2.2253979999999998,-1.8081060000000002,DEU,MYS,7252
81,153,1219,1968,6337,0,2.058025,0.677452,GBR,MYS,7252
97,153,1219,1968,2649,0,1.397888,1.218178,HKG,MYS,7252
111,153,1219,1968,4209,0,1.8991650000000002,1.865793,ITA,MYS,7252
114,153,1219,1968,1720,0,1.844871,2.2220470000000003,JPN,MYS,7252
143,153,1219,1968,0,1877,-0.96686,-0.782324,MMR,MYS,7252
192,153,1219,1968,6740,2823,0.34532199999999996,0.624988,SGP,MYS,7252
208,153,1219,1968,26094,0,1.968017,2.7641270000000002,SWE,MYS,7252
216,153,1219,1968,1857,0,-0.59446,-0.7126439999999999,THA,MYS,7252
231,153,1219,1968,33250,0,1.9577650000000002,1.500362,USA,MYS,7252
249,153,1219,1968,4586,0,1.152169,1.691066,TWN,MYS,7252
18,159,1219,1968,1175,0,1.529065,2.472506,BEL,NGA,7252
41,159,1219,1968,12036,0,2.1128139999999997,2.181377,CHE,NGA,7252
53,159,1219,1968,276,0,1.6086129999999998,2.804711,CSK,NGA,7252
61,159,1219,1968,28102,0,2.2253979999999998,-1.8081060000000002,DEU,NGA,7252
77,159,1219,1968,2230,0,1.7160810000000002,1.713236,FRA,NGA,7252
81,159,1219,1968,5037,0,2.058025,0.677452,GBR,NGA,7252
97,159,1219,1968,1498,0,1.397888,1.218178,HKG,NGA,7252
111,159,1219,1968,11727,0,1.8991650000000002,1.865793,ITA,NGA,7252
114,159,1219,1968,2477,0,1.844871,2.2220470000000003,JPN,NGA,7252
162,159,1219,1968,4248,0,1.4081620000000001,2.841383,NLD,NGA,7252
163,159,1219,1968,6603,0,1.258037,1.6438409999999999,NOR,NGA,7252
208,159,1219,1968,1622,0,1.968017,2.7641270000000002,SWE,NGA,7252
231,159,1219,1968,866,0,1.9577650000000002,1.500362,USA,NGA,7252
61,160,1219,1968,28608,0,2.2253979999999998,-1.8081060000000002,DEU,NIC,7252
64,160,1219,1968,276,0,1.5995489999999999,2.6483209999999997,DNK,NIC,7252
162,160,1219,1968,1054,0,1.4081620000000001,2.841383,NLD,NIC,7252
231,160,1219,1968,22186,0,1.9577650000000002,1.500362,USA,NIC,7252
14,166,1219,1968,54957,1134,0.215398,0.115257,AUS,NZL,7252
15,166,1219,1968,355,0,1.94925,1.6721810000000001,AUT,NZL,7252
18,166,1219,1968,6022,0,1.529065,2.472506,BEL,NZL,7252
39,166,1219,1968,145274,0,0.6867270000000001,0.846297,CAN,NZL,7252
41,166,1219,1968,1135,0,2.1128139999999997,2.181377,CHE,NZL,7252
53,166,1219,1968,1084,0,1.6086129999999998,2.804711,CSK,NZL,7252
61,166,1219,1968,128756,0,2.2253979999999998,-1.8081060000000002,DEU,NZL,7252
64,166,1219,1968,1475,0,1.5995489999999999,2.6483209999999997,DNK,NZL,7252
74,166,1219,1968,1351,0,1.401928,1.205835,FIN,NZL,7252
77,166,1219,1968,8515,0,1.7160810000000002,1.713236,FRA,NZL,7252
81,166,1219,1968,978435,1700,2.058025,0.677452,GBR,NZL,7252
111,166,1219,1968,17213,0,1.8991650000000002,1.865793,ITA,NZL,7252
114,166,1219,1968,816,0,1.844871,2.2220470000000003,JPN,NZL,7252
162,166,1219,1968,778,0,1.4081620000000001,2.841383,NLD,NZL,7252
163,166,1219,1968,792,0,1.258037,1.6438409999999999,NOR,NZL,7252
208,166,1219,1968,80665,0,1.968017,2.7641270000000002,SWE,NZL,7252
231,166,1219,1968,91718,0,1.9577650000000002,1.500362,USA,NZL,7252
250,166,1219,1968,512,0,0.8133859999999999,0.47075900000000004,ANS,NZL,7252
18,169,1219,1968,5492,0,1.529065,2.472506,BEL,PAN,7252
39,169,1219,1968,3252,0,0.6867270000000001,0.846297,CAN,PAN,7252
41,169,1219,1968,651,0,2.1128139999999997,2.181377,CHE,PAN,7252
61,169,1219,1968,19325,0,2.2253979999999998,-1.8081060000000002,DEU,PAN,7252
111,169,1219,1968,559,0,1.8991650000000002,1.865793,ITA,PAN,7252
138,169,1219,1968,632,0,0.306611,0.36893000000000004,MEX,PAN,7252
162,169,1219,1968,15131,0,1.4081620000000001,2.841383,NLD,PAN,7252
231,169,1219,1968,205775,0,1.9577650000000002,1.500362,USA,PAN,7252
250,169,1219,1968,1951,0,0.8133859999999999,0.47075900000000004,ANS,PAN,7252
32,173,1219,1968,26145,0,-0.325932,-0.334875,BRA,PER,7252
39,173,1219,1968,44733,0,0.6867270000000001,0.846297,CAN,PER,7252
41,173,1219,1968,20238,0,2.1128139999999997,2.181377,CHE,PER,7252
53,173,1219,1968,5466,0,1.6086129999999998,2.804711,CSK,PER,7252
61,173,1219,1968,192117,0,2.2253979999999998,-1.8081060000000002,DEU,PER,7252
71,173,1219,1968,22926,0,0.781529,1.259275,ESP,PER,7252
77,173,1219,1968,1251,0,1.7160810000000002,1.713236,FRA,PER,7252
81,173,1219,1968,2889,0,2.058025,0.677452,GBR,PER,7252
111,173,1219,1968,25373,0,1.8991650000000002,1.865793,ITA,PER,7252
114,173,1219,1968,657,0,1.844871,2.2220470000000003,JPN,PER,7252
138,173,1219,1968,6431,0,0.306611,0.36893000000000004,MEX,PER,7252
162,173,1219,1968,4273,0,1.4081620000000001,2.841383,NLD,PER,7252
208,173,1219,1968,1088,0,1.968017,2.7641270000000002,SWE,PER,7252
231,173,1219,1968,163057,0,1.9577650000000002,1.500362,USA,PER,7252
14,174,1219,1968,968,0,0.215398,0.115257,AUS,PHL,7252
15,174,1219,1968,6022,0,1.94925,1.6721810000000001,AUT,PHL,7252
39,174,1219,1968,1242,0,0.6867270000000001,0.846297,CAN,PHL,7252
41,174,1219,1968,182274,0,2.1128139999999997,2.181377,CHE,PHL,7252
61,174,1219,1968,97594,891,2.2253979999999998,-1.8081060000000002,DEU,PHL,7252
74,174,1219,1968,1107,0,1.401928,1.205835,FIN,PHL,7252
81,174,1219,1968,16585,0,2.058025,0.677452,GBR,PHL,7252
97,174,1219,1968,9753,0,1.397888,1.218178,HKG,PHL,7252
111,174,1219,1968,5130,0,1.8991650000000002,1.865793,ITA,PHL,7252
114,174,1219,1968,641157,1426,1.844871,2.2220470000000003,JPN,PHL,7252
162,174,1219,1968,6367,0,1.4081620000000001,2.841383,NLD,PHL,7252
208,174,1219,1968,43157,0,1.968017,2.7641270000000002,SWE,PHL,7252
216,174,1219,1968,3996,0,-0.59446,-0.7126439999999999,THA,PHL,7252
231,174,1219,1968,189122,0,1.9577650000000002,1.500362,USA,PHL,7252
249,174,1219,1968,12619,0,1.152169,1.691066,TWN,PHL,7252
8,180,1219,1968,683,0,0.148111,0.088328,ARG,PRY,7252
61,180,1219,1968,8086,0,2.2253979999999998,-1.8081060000000002,DEU,PRY,7252
231,180,1219,1968,1184,0,1.9577650000000002,1.500362,USA,PRY,7252
41,191,1219,1968,2866,0,2.1128139999999997,2.181377,CHE,SEN,7252
61,191,1219,1968,12398,0,2.2253979999999998,-1.8081060000000002,DEU,SEN,7252
77,191,1219,1968,19578,0,1.7160810000000002,1.713236,FRA,SEN,7252
231,191,1219,1968,6601,0,1.9577650000000002,1.500362,USA,SEN,7252
61,196,1219,1968,2403,0,2.2253979999999998,-1.8081060000000002,DEU,SLE,7252
81,196,1219,1968,913,0,2.058025,0.677452,GBR,SLE,7252
114,196,1219,1968,2043,0,1.844871,2.2220470000000003,JPN,SLE,7252
39,197,1219,1968,2755,0,0.6867270000000001,0.846297,CAN,SLV,7252
41,197,1219,1968,1701,0,2.1128139999999997,2.181377,CHE,SLV,7252
61,197,1219,1968,12155,0,2.2253979999999998,-1.8081060000000002,DEU,SLV,7252
71,197,1219,1968,282,0,0.781529,1.259275,ESP,SLV,7252
81,197,1219,1968,1439,0,2.058025,0.677452,GBR,SLV,7252
93,197,1219,1968,331,0,0.5246930000000001,0.169407,GTM,SLV,7252
111,197,1219,1968,1833,0,1.8991650000000002,1.865793,ITA,SLV,7252
114,197,1219,1968,1556,0,1.844871,2.2220470000000003,JPN,SLV,7252
231,197,1219,1968,20204,0,1.9577650000000002,1.500362,USA,SLV,7252
6,205,1219,1968,1633,0,0.14161500000000002,-0.24035399999999998,ANT,SUR,7252
61,205,1219,1968,2766,0,2.2253979999999998,-1.8081060000000002,DEU,SUR,7252
162,205,1219,1968,3444,0,1.4081620000000001,2.841383,NLD,SUR,7252
231,205,1219,1968,1556,0,1.9577650000000002,1.500362,USA,SUR,7252
77,214,1219,1968,323,0,1.7160810000000002,1.713236,FRA,TCD,7252
8,230,1219,1968,2204,0,0.148111,0.088328,ARG,URY,7252
32,230,1219,1968,1286,0,-0.325932,-0.334875,BRA,URY,7252
61,230,1219,1968,16106,0,2.2253979999999998,-1.8081060000000002,DEU,URY,7252
77,230,1219,1968,31971,0,1.7160810000000002,1.713236,FRA,URY,7252
81,230,1219,1968,1086,0,2.058025,0.677452,GBR,URY,7252
111,230,1219,1968,9998,0,1.8991650000000002,1.865793,ITA,URY,7252
231,230,1219,1968,6244,0,1.9577650000000002,1.500362,USA,URY,7252
15,236,1219,1968,20966,0,1.94925,1.6721810000000001,AUT,VEN,7252
32,236,1219,1968,597,0,-0.325932,-0.334875,BRA,VEN,7252
39,236,1219,1968,32544,0,0.6867270000000001,0.846297,CAN,VEN,7252
41,236,1219,1968,45435,0,2.1128139999999997,2.181377,CHE,VEN,7252
49,236,1219,1968,0,2234,-0.179843,-0.5681729999999999,COL,VEN,7252
61,236,1219,1968,260875,4951,2.2253979999999998,-1.8081060000000002,DEU,VEN,7252
64,236,1219,1968,16196,0,1.5995489999999999,2.6483209999999997,DNK,VEN,7252
65,236,1219,1968,0,6537,-0.739667,-0.834332,DOM,VEN,7252
71,236,1219,1968,2895,0,0.781529,1.259275,ESP,VEN,7252
74,236,1219,1968,314,0,1.401928,1.205835,FIN,VEN,7252
77,236,1219,1968,2664,0,1.7160810000000002,1.713236,FRA,VEN,7252
81,236,1219,1968,15906,0,2.058025,0.677452,GBR,VEN,7252
111,236,1219,1968,27525,0,1.8991650000000002,1.865793,ITA,VEN,7252
114,236,1219,1968,1145,0,1.844871,2.2220470000000003,JPN,VEN,7252
138,236,1219,1968,954,0,0.306611,0.36893000000000004,MEX,VEN,7252
162,236,1219,1968,12455,5834,1.4081620000000001,2.841383,NLD,VEN,7252
208,236,1219,1968,6955,694,1.968017,2.7641270000000002,SWE,VEN,7252
231,236,1219,1968,524120,14368,1.9577650000000002,1.500362,USA,VEN,7252
14,246,1219,1968,2177,0,0.215398,0.115257,AUS,ZAF,7252
15,246,1219,1968,5639,0,1.94925,1.6721810000000001,AUT,ZAF,7252
18,246,1219,1968,1254,0,1.529065,2.472506,BEL,ZAF,7252
39,246,1219,1968,36871,0,0.6867270000000001,0.846297,CAN,ZAF,7252
41,246,1219,1968,156353,0,2.1128139999999997,2.181377,CHE,ZAF,7252
61,246,1219,1968,623150,4609,2.2253979999999998,-1.8081060000000002,DEU,ZAF,7252
64,246,1219,1968,1193,0,1.5995489999999999,2.6483209999999997,DNK,ZAF,7252
74,246,1219,1968,2705,0,1.401928,1.205835,FIN,ZAF,7252
77,246,1219,1968,58679,0,1.7160810000000002,1.713236,FRA,ZAF,7252
81,246,1219,1968,735461,97200,2.058025,0.677452,GBR,ZAF,7252
111,246,1219,1968,40208,0,1.8991650000000002,1.865793,ITA,ZAF,7252
114,246,1219,1968,367,0,1.844871,2.2220470000000003,JPN,ZAF,7252
162,246,1219,1968,25806,0,1.4081620000000001,2.841383,NLD,ZAF,7252
163,246,1219,1968,2977,0,1.258037,1.6438409999999999,NOR,ZAF,7252
208,246,1219,1968,154573,0,1.968017,2.7641270000000002,SWE,ZAF,7252
231,246,1219,1968,395583,0,1.9577650000000002,1.500362,USA,ZAF,7252
61,247,1219,1968,23494,0,2.2253979999999998,-1.8081060000000002,DEU,ZMB,7252
81,247,1219,1968,28301,0,2.058025,0.677452,GBR,ZMB,7252
111,247,1219,1968,1241,0,1.8991650000000002,1.865793,ITA,ZMB,7252
162,247,1219,1968,3799,0,1.4081620000000001,2.841383,NLD,ZMB,7252
208,247,1219,1968,387,0,1.968017,2.7641270000000002,SWE,ZMB,7252
231,247,1219,1968,742,0,1.9577650000000002,1.500362,USA,ZMB,7252
61,113,1219,1968,2031,0,2.2253979999999998,-1.8081060000000002,DEU,JOR,7252
81,113,1219,1968,2208,0,2.058025,0.677452,GBR,JOR,7252
124,113,1219,1968,1087,0,0.7129770000000001,1.136677,LBN,JOR,7252
231,113,1219,1968,2624,0,1.9577650000000002,1.500362,USA,JOR,7252
41,188,1219,1968,528,0,2.1128139999999997,2.181377,CHE,SAU,7252
61,188,1219,1968,17052,0,2.2253979999999998,-1.8081060000000002,DEU,SAU,7252
81,188,1219,1968,627,0,2.058025,0.677452,GBR,SAU,7252
111,188,1219,1968,6438,0,1.8991650000000002,1.865793,ITA,SAU,7252
114,188,1219,1968,358,0,1.844871,2.2220470000000003,JPN,SAU,7252
124,188,1219,1968,7014,0,0.7129770000000001,1.136677,LBN,SAU,7252
162,188,1219,1968,12567,0,1.4081620000000001,2.841383,NLD,SAU,7252
231,188,1219,1968,1751,0,1.9577650000000002,1.500362,USA,SAU,7252
250,188,1219,1968,608,0,0.8133859999999999,0.47075900000000004,ANS,SAU,7252
41,190,1219,1968,7371,0,2.1128139999999997,2.181377,CHE,SDN,7252
53,190,1219,1968,1731,0,1.6086129999999998,2.804711,CSK,SDN,7252
61,190,1219,1968,16480,0,2.2253979999999998,-1.8081060000000002,DEU,SDN,7252
81,190,1219,1968,8266,0,2.058025,0.677452,GBR,SDN,7252
111,190,1219,1968,355,0,1.8991650000000002,1.865793,ITA,SDN,7252
114,190,1219,1968,3682,0,1.844871,2.2220470000000003,JPN,SDN,7252
124,190,1219,1968,534,0,0.7129770000000001,1.136677,LBN,SDN,7252
162,190,1219,1968,680,0,1.4081620000000001,2.841383,NLD,SDN,7252
15,23,1219,1968,1733,0,1.94925,1.6721810000000001,AUT,BGR,7252
18,23,1219,1968,68210,0,1.529065,2.472506,BEL,BGR,7252
41,23,1219,1968,104277,0,2.1128139999999997,2.181377,CHE,BGR,7252
61,23,1219,1968,221198,0,2.2253979999999998,-1.8081060000000002,DEU,BGR,7252
74,23,1219,1968,533,0,1.401928,1.205835,FIN,BGR,7252
77,23,1219,1968,5334,0,1.7160810000000002,1.713236,FRA,BGR,7252
81,23,1219,1968,761,0,2.058025,0.677452,GBR,BGR,7252
208,23,1219,1968,4551,0,1.968017,2.7641270000000002,SWE,BGR,7252
53,31,1219,1968,2049,0,1.6086129999999998,2.804711,CSK,BOL,7252
61,31,1219,1968,24981,0,2.2253979999999998,-1.8081060000000002,DEU,BOL,7252
64,31,1219,1968,571,0,1.5995489999999999,2.6483209999999997,DNK,BOL,7252
111,31,1219,1968,4216,0,1.8991650000000002,1.865793,ITA,BOL,7252
114,31,1219,1968,7901,0,1.844871,2.2220470000000003,JPN,BOL,7252
208,31,1219,1968,376,0,1.968017,2.7641270000000002,SWE,BOL,7252
231,31,1219,1968,2797,0,1.9577650000000002,1.500362,USA,BOL,7252
39,96,1219,1968,461,0,0.6867270000000001,0.846297,CAN,GUY,7252
61,96,1219,1968,29548,0,2.2253979999999998,-1.8081060000000002,DEU,GUY,7252
231,96,1219,1968,1313,0,1.9577650000000002,1.500362,USA,GUY,7252
15,108,1219,1968,1529,0,1.94925,1.6721810000000001,AUT,IRQ,7252
41,108,1219,1968,487,0,2.1128139999999997,2.181377,CHE,IRQ,7252
61,108,1219,1968,525347,0,2.2253979999999998,-1.8081060000000002,DEU,IRQ,7252
77,108,1219,1968,5540,0,1.7160810000000002,1.713236,FRA,IRQ,7252
114,108,1219,1968,5986,0,1.844871,2.2220470000000003,JPN,IRQ,7252
208,108,1219,1968,20819,0,1.968017,2.7641270000000002,SWE,IRQ,7252
231,108,1219,1968,31572,0,1.9577650000000002,1.500362,USA,IRQ,7252
14,110,1219,1968,0,2962,0.215398,0.115257,AUS,ISR,7252
15,110,1219,1968,7935,634,1.94925,1.6721810000000001,AUT,ISR,7252
18,110,1219,1968,2664,0,1.529065,2.472506,BEL,ISR,7252
39,110,1219,1968,563,0,0.6867270000000001,0.846297,CAN,ISR,7252
41,110,1219,1968,31269,932,2.1128139999999997,2.181377,CHE,ISR,7252
58,110,1219,1968,0,3119,-0.154697,-0.659162,CYP,ISR,7252
61,110,1219,1968,169556,1568,2.2253979999999998,-1.8081060000000002,DEU,ISR,7252
64,110,1219,1968,14171,701,1.5995489999999999,2.6483209999999997,DNK,ISR,7252
74,110,1219,1968,605,0,1.401928,1.205835,FIN,ISR,7252
77,110,1219,1968,5185,0,1.7160810000000002,1.713236,FRA,ISR,7252
81,110,1219,1968,96130,1139,2.058025,0.677452,GBR,ISR,7252
111,110,1219,1968,19013,449,1.8991650000000002,1.865793,ITA,ISR,7252
114,110,1219,1968,350,0,1.844871,2.2220470000000003,JPN,ISR,7252
162,110,1219,1968,12250,0,1.4081620000000001,2.841383,NLD,ISR,7252
163,110,1219,1968,1018,0,1.258037,1.6438409999999999,NOR,ISR,7252
208,110,1219,1968,6965,0,1.968017,2.7641270000000002,SWE,ISR,7252
231,110,1219,1968,23531,0,1.9577650000000002,1.500362,USA,ISR,7252
250,110,1219,1968,605,0,0.8133859999999999,0.47075900000000004,ANS,ISR,7252
41,116,1219,1968,1244,0,2.1128139999999997,2.181377,CHE,KEN,7252
61,116,1219,1968,98104,0,2.2253979999999998,-1.8081060000000002,DEU,KEN,7252
64,116,1219,1968,1317,0,1.5995489999999999,2.6483209999999997,DNK,KEN,7252
81,116,1219,1968,9103,0,2.058025,0.677452,GBR,KEN,7252
111,116,1219,1968,958,0,1.8991650000000002,1.865793,ITA,KEN,7252
163,116,1219,1968,2820,0,1.258037,1.6438409999999999,NOR,KEN,7252
208,116,1219,1968,15308,0,1.968017,2.7641270000000002,SWE,KEN,7252
231,116,1219,1968,2968,0,1.9577650000000002,1.500362,USA,KEN,7252
61,122,1219,1968,27776,0,2.2253979999999998,-1.8081060000000002,DEU,KWT,7252
77,122,1219,1968,4326,0,1.7160810000000002,1.713236,FRA,KWT,7252
81,122,1219,1968,3430,0,2.058025,0.677452,GBR,KWT,7252
111,122,1219,1968,483,0,1.8991650000000002,1.865793,ITA,KWT,7252
15,128,1219,1968,509,0,1.94925,1.6721810000000001,AUT,LKA,7252
61,128,1219,1968,27488,327,2.2253979999999998,-1.8081060000000002,DEU,LKA,7252
64,128,1219,1968,861,0,1.5995489999999999,2.6483209999999997,DNK,LKA,7252
81,128,1219,1968,8280,0,2.058025,0.677452,GBR,LKA,7252
104,128,1219,1968,981,0,0.1404,0.23993299999999998,IND,LKA,7252
114,128,1219,1968,1430,0,1.844871,2.2220470000000003,JPN,LKA,7252
208,128,1219,1968,7403,0,1.968017,2.7641270000000002,SWE,LKA,7252
231,128,1219,1968,3010,0,1.9577650000000002,1.500362,USA,LKA,7252
61,167,1219,1968,1375,0,2.2253979999999998,-1.8081060000000002,DEU,OMN,7252
81,167,1219,1968,622,0,2.058025,0.677452,GBR,OMN,7252
107,167,1219,1968,608,0,-0.731453,-0.764668,IRN,OMN,7252
14,176,1219,1968,5215,0,0.215398,0.115257,AUS,PNG,7252
114,176,1219,1968,4204,0,1.844871,2.2220470000000003,JPN,PNG,7252
231,183,1219,1968,12279,0,1.9577650000000002,1.500362,USA,QAT,7252
15,185,1219,1968,35533,0,1.94925,1.6721810000000001,AUT,ROU,7252
18,185,1219,1968,400,0,1.529065,2.472506,BEL,ROU,7252
61,185,1219,1968,27267,986,2.2253979999999998,-1.8081060000000002,DEU,ROU,7252
77,185,1219,1968,8643,0,1.7160810000000002,1.713236,FRA,ROU,7252
81,185,1219,1968,6549,0,2.058025,0.677452,GBR,ROU,7252
107,185,1219,1968,0,2626,-0.731453,-0.764668,IRN,ROU,7252
111,185,1219,1968,5433,0,1.8991650000000002,1.865793,ITA,ROU,7252
208,185,1219,1968,1048217,0,1.968017,2.7641270000000002,SWE,ROU,7252
231,185,1219,1968,2738,0,1.9577650000000002,1.500362,USA,ROU,7252
61,212,1219,1968,365,0,2.2253979999999998,-1.8081060000000002,DEU,SYR,7252
111,212,1219,1968,636,0,1.8991650000000002,1.865793,ITA,SYR,7252
231,212,1219,1968,2415,0,1.9577650000000002,1.500362,USA,SYR,7252
239,212,1219,1968,0,1923,0.414368,-0.21605500000000002,VNM,SYR,7252
15,224,1219,1968,61432,0,1.94925,1.6721810000000001,AUT,TUR,7252
41,224,1219,1968,1811,0,2.1128139999999997,2.181377,CHE,TUR,7252
53,224,1219,1968,1302,0,1.6086129999999998,2.804711,CSK,TUR,7252
61,224,1219,1968,2177484,0,2.2253979999999998,-1.8081060000000002,DEU,TUR,7252
74,224,1219,1968,12463,0,1.401928,1.205835,FIN,TUR,7252
77,224,1219,1968,5374,0,1.7160810000000002,1.713236,FRA,TUR,7252
81,224,1219,1968,5347,0,2.058025,0.677452,GBR,TUR,7252
111,224,1219,1968,22477,0,1.8991650000000002,1.865793,ITA,TUR,7252
163,224,1219,1968,913,0,1.258037,1.6438409999999999,NOR,TUR,7252
208,224,1219,1968,72879,0,1.968017,2.7641270000000002,SWE,TUR,7252
231,224,1219,1968,61639,0,1.9577650000000002,1.500362,USA,TUR,7252
15,239,1219,1968,160,0,1.94925,1.6721810000000001,AUT,VNM,7252
32,239,1219,1968,4899,0,-0.325932,-0.334875,BRA,VNM,7252
61,239,1219,1968,46426,0,2.2253979999999998,-1.8081060000000002,DEU,VNM,7252
74,239,1219,1968,114882,0,1.401928,1.205835,FIN,VNM,7252
97,239,1219,1968,3268,0,1.397888,1.218178,HKG,VNM,7252
111,239,1219,1968,46882,0,1.8991650000000002,1.865793,ITA,VNM,7252
114,239,1219,1968,30287,0,1.844871,2.2220470000000003,JPN,VNM,7252
212,239,1219,1968,1923,0,-0.14453,-0.669121,SYR,VNM,7252
216,239,1219,1968,764,0,-0.59446,-0.7126439999999999,THA,VNM,7252
231,239,1219,1968,41184,0,1.9577650000000002,1.500362,USA,VNM,7252
249,239,1219,1968,14232,0,1.152169,1.691066,TWN,VNM,7252
61,24,1219,1968,1132,0,2.2253979999999998,-1.8081060000000002,DEU,BHR,7252
61,73,1219,1968,106174,0,2.2253979999999998,-1.8081060000000002,DEU,ETH,7252
77,73,1219,1968,56489,0,1.7160810000000002,1.713236,FRA,ETH,7252
81,73,1219,1968,27837,0,2.058025,0.677452,GBR,ETH,7252
97,73,1219,1968,1620,0,1.397888,1.218178,HKG,ETH,7252
111,73,1219,1968,4744,0,1.8991650000000002,1.865793,ITA,ETH,7252
208,73,1219,1968,1953,0,1.968017,2.7641270000000002,SWE,ETH,7252
231,73,1219,1968,897424,0,1.9577650000000002,1.500362,USA,ETH,7252
14,75,1219,1968,835,0,0.215398,0.115257,AUS,FJI,7252
81,75,1219,1968,632,0,2.058025,0.677452,GBR,FJI,7252
231,123,1219,1968,819,0,1.9577650000000002,1.500362,USA,LAO,7252
249,123,1219,1968,283,0,1.152169,1.691066,TWN,LAO,7252
61,136,1219,1968,6708,638,2.2253979999999998,-1.8081060000000002,DEU,MDG,7252
77,136,1219,1968,22266,0,1.7160810000000002,1.713236,FRA,MDG,7252
111,136,1219,1968,3322,0,1.8991650000000002,1.865793,ITA,MDG,7252
208,136,1219,1968,632,0,1.968017,2.7641270000000002,SWE,MDG,7252
61,145,1219,1968,466,0,2.2253979999999998,-1.8081060000000002,DEU,MNG,7252
81,152,1219,1968,602,0,2.058025,0.677452,GBR,MWI,7252
14,156,1219,1968,468,0,0.215398,0.115257,AUS,NCL,7252
231,156,1219,1968,4067,0,1.9577650000000002,1.500362,USA,NCL,7252
114,178,1219,1968,2445,0,1.844871,2.2220470000000003,JPN,PRK,7252
77,182,1219,1968,4404,0,1.7160810000000002,1.713236,FRA,PYF,7252
61,184,1219,1968,2313,0,2.2253979999999998,-1.8081060000000002,DEU,REU,7252
77,184,1219,1968,1010,0,1.7160810000000002,1.713236,FRA,REU,7252
61,226,1219,1968,4592,0,2.2253979999999998,-1.8081060000000002,DEU,TZA,7252
81,226,1219,1968,1819,0,2.058025,0.677452,GBR,TZA,7252
111,226,1219,1968,1336,0,1.8991650000000002,1.865793,ITA,TZA,7252
114,226,1219,1968,2869,0,1.844871,2.2220470000000003,JPN,TZA,7252
61,227,1219,1968,15507,0,2.2253979999999998,-1.8081060000000002,DEU,UGA,7252
81,227,1219,1968,14710,0,2.058025,0.677452,GBR,UGA,7252
61,240,1219,1968,1488,0,2.2253979999999998,-1.8081060000000002,DEU,VUT,7252
77,240,1219,1968,888,0,1.7160810000000002,1.713236,FRA,VUT,7252
61,244,1219,1968,4637,0,2.2253979999999998,-1.8081060000000002,DEU,YMD,7252
41,248,1219,1968,33928,0,2.1128139999999997,2.181377,CHE,ZWE,7252
61,248,1219,1968,10508,0,2.2253979999999998,-1.8081060000000002,DEU,ZWE,7252
61,1,1219,1968,2937,0,2.2253979999999998,-1.8081060000000002,DEU,AFG,7252
111,4,1219,1968,0,410,1.8991650000000002,1.865793,ITA,ALB,7252
41,223,1219,1968,3241,0,2.1128139999999997,2.181377,CHE,TUN,7252
61,223,1219,1968,12864,0,2.2253979999999998,-1.8081060000000002,DEU,TUN,7252
77,223,1219,1968,1888,0,1.7160810000000002,1.713236,FRA,TUN,7252
81,223,1219,1968,530,0,2.058025,0.677452,GBR,TUN,7252
111,223,1219,1968,2869,0,1.8991650000000002,1.865793,ITA,TUN,7252
162,223,1219,1968,3613,0,1.4081620000000001,2.841383,NLD,TUN,7252
208,223,1219,1968,7296,0,1.968017,2.7641270000000002,SWE,TUN,7252
231,223,1219,1968,2501,0,1.9577650000000002,1.500362,USA,TUN,7252
61,17,1219,1968,694,0,2.2253979999999998,-1.8081060000000002,DEU,BDI,7252
77,21,1219,1968,414,0,1.7160810000000002,1.713236,FRA,BFA,7252
61,118,1219,1968,563,0,2.2253979999999998,-1.8081060000000002,DEU,KHM,7252
81,118,1219,1968,1457,0,2.058025,0.677452,GBR,KHM,7252
97,118,1219,1968,935,0,1.397888,1.218178,HKG,KHM,7252
111,118,1219,1968,3179,0,1.8991650000000002,1.865793,ITA,KHM,7252
114,118,1219,1968,1056,0,1.844871,2.2220470000000003,JPN,KHM,7252
61,148,1219,1968,2051,0,2.2253979999999998,-1.8081060000000002,DEU,MRT,7252
71,148,1219,1968,290,0,0.781529,1.259275,ESP,MRT,7252
111,148,1219,1968,174,0,1.8991650000000002,1.865793,ITA,MRT,7252
77,157,1219,1968,776,0,1.7160810000000002,1.713236,FRA,NER,7252
39,200,1219,1968,511,0,0.6867270000000001,0.846297,CAN,SPM,7252
2,15,1220,1968,0,773,-1.129591,-0.880391,AGO,AUT,7259
8,15,1220,1968,0,1767,0.148111,0.088328,ARG,AUT,7259
14,15,1220,1968,0,2503,0.215398,0.115257,AUS,AUT,7259
18,15,1220,1968,15156,5549,1.529065,2.472506,BEL,AUT,7259
23,15,1220,1968,0,1733,0.581187,0.53879,BGR,AUT,7259
32,15,1220,1968,426,2660,-0.325932,-0.334875,BRA,AUT,7259
39,15,1220,1968,525,11234,0.6867270000000001,0.846297,CAN,AUT,7259
41,15,1220,1968,202505,22365,2.1128139999999997,2.181377,CHE,AUT,7259
42,15,1220,1968,0,1313,0.042475,-0.45777299999999993,CHL,AUT,7259
49,15,1220,1968,0,515,-0.179843,-0.5681729999999999,COL,AUT,7259
53,15,1220,1968,1407,113417,1.6086129999999998,2.804711,CSK,AUT,7259
54,15,1220,1968,0,3060,0.19656600000000002,-0.645117,CUB,AUT,7259
61,15,1220,1968,1242441,291939,2.2253979999999998,-1.8081060000000002,DEU,AUT,7259
64,15,1220,1968,746,1432,1.5995489999999999,2.6483209999999997,DNK,AUT,7259
66,15,1220,1968,0,453,-0.6151939999999999,-0.68092,DZA,AUT,7259
68,15,1220,1968,0,739,0.141193,-0.395386,EGY,AUT,7259
71,15,1220,1968,0,5734,0.781529,1.259275,ESP,AUT,7259
74,15,1220,1968,25934,79918,1.401928,1.205835,FIN,AUT,7259
77,15,1220,1968,35716,21328,1.7160810000000002,1.713236,FRA,AUT,7259
81,15,1220,1968,255782,110165,2.058025,0.677452,GBR,AUT,7259
90,15,1220,1968,0,30558,0.120538,-0.135025,GRC,AUT,7259
102,15,1220,1968,0,18042,0.9154209999999999,1.253378,HUN,AUT,7259
104,15,1220,1968,0,5198,0.1404,0.23993299999999998,IND,AUT,7259
106,15,1220,1968,0,655,1.054101,1.252786,IRL,AUT,7259
107,15,1220,1968,0,7382,-0.731453,-0.764668,IRN,AUT,7259
108,15,1220,1968,0,1529,-0.935797,-0.522099,IRQ,AUT,7259
110,15,1220,1968,634,7935,1.105346,0.8750629999999999,ISR,AUT,7259
111,15,1220,1968,33755,33747,1.8991650000000002,1.865793,ITA,AUT,7259
114,15,1220,1968,0,38784,1.844871,2.2220470000000003,JPN,AUT,7259
121,15,1220,1968,0,12829,0.992735,0.683944,KOR,AUT,7259
128,15,1220,1968,0,509,-1.048844,-0.673287,LKA,AUT,7259
134,15,1220,1968,0,840,-0.219575,-0.657712,MAR,AUT,7259
138,15,1220,1968,0,18026,0.306611,0.36893000000000004,MEX,AUT,7259
162,15,1220,1968,16895,9005,1.4081620000000001,2.841383,NLD,AUT,7259
163,15,1220,1968,12422,18623,1.258037,1.6438409999999999,NOR,AUT,7259
166,15,1220,1968,0,355,0.184389,-0.451151,NZL,AUT,7259
168,15,1220,1968,0,11467,0.17055499999999998,-0.249302,PAK,AUT,7259
174,15,1220,1968,0,6022,-0.38509499999999997,-0.708784,PHL,AUT,7259
177,15,1220,1968,9985,73558,0.9209379999999999,1.762821,POL,AUT,7259
179,15,1220,1968,0,2912,1.014702,1.024988,PRT,AUT,7259
185,15,1220,1968,0,35533,0.7897609999999999,0.9959479999999999,ROU,AUT,7259
186,15,1220,1968,0,128666,0.429629,0.513075,RUS,AUT,7259
192,15,1220,1968,0,941,0.34532199999999996,0.624988,SGP,AUT,7259
208,15,1220,1968,151187,57666,1.968017,2.7641270000000002,SWE,AUT,7259
216,15,1220,1968,0,7340,-0.59446,-0.7126439999999999,THA,AUT,7259
224,15,1220,1968,0,61432,-0.654801,-0.8012319999999999,TUR,AUT,7259
231,15,1220,1968,29848,17278,1.9577650000000002,1.500362,USA,AUT,7259
236,15,1220,1968,0,20966,-0.7130850000000001,-0.5042939999999999,VEN,AUT,7259
239,15,1220,1968,0,160,0.414368,-0.21605500000000002,VNM,AUT,7259
245,15,1220,1968,1764,127088,1.0230700000000001,2.3184560000000003,YUG,AUT,7259
246,15,1220,1968,0,5639,-0.397811,-0.621199,ZAF,AUT,7259
249,15,1220,1968,0,4285,1.152169,1.691066,TWN,AUT,7259
250,15,1220,1968,0,438,0.8133859999999999,0.47075900000000004,ANS,AUT,7259
2,18,1220,1968,0,507,-1.129591,-0.880391,AGO,BEL,7259
8,18,1220,1968,0,2881,0.148111,0.088328,ARG,BEL,7259
14,18,1220,1968,0,530,0.215398,0.115257,AUS,BEL,7259
15,18,1220,1968,5549,15156,1.94925,1.6721810000000001,AUT,BEL,7259
23,18,1220,1968,0,68210,0.581187,0.53879,BGR,BEL,7259
39,18,1220,1968,30118,0,0.6867270000000001,0.846297,CAN,BEL,7259
41,18,1220,1968,149240,1692,2.1128139999999997,2.181377,CHE,BEL,7259
42,18,1220,1968,0,11133,0.042475,-0.45777299999999993,CHL,BEL,7259
46,18,1220,1968,0,11215,-1.2018229999999999,-0.6680229999999999,COD,BEL,7259
53,18,1220,1968,610,3661,1.6086129999999998,2.804711,CSK,BEL,7259
61,18,1220,1968,1700633,231298,2.2253979999999998,-1.8081060000000002,DEU,BEL,7259
64,18,1220,1968,64465,4839,1.5995489999999999,2.6483209999999997,DNK,BEL,7259
71,18,1220,1968,0,34111,0.781529,1.259275,ESP,BEL,7259
74,18,1220,1968,1114,10055,1.401928,1.205835,FIN,BEL,7259
77,18,1220,1968,241326,378461,1.7160810000000002,1.713236,FRA,BEL,7259
81,18,1220,1968,465302,55718,2.058025,0.677452,GBR,BEL,7259
86,18,1220,1968,0,437,-0.408167,-0.372355,GLP,BEL,7259
90,18,1220,1968,0,1574,0.120538,-0.135025,GRC,BEL,7259
104,18,1220,1968,0,1964,0.1404,0.23993299999999998,IND,BEL,7259
106,18,1220,1968,0,673,1.054101,1.252786,IRL,BEL,7259
107,18,1220,1968,0,538,-0.731453,-0.764668,IRN,BEL,7259
109,18,1220,1968,0,605,0.282911,-0.326735,ISL,BEL,7259
110,18,1220,1968,0,2664,1.105346,0.8750629999999999,ISR,BEL,7259
111,18,1220,1968,1030452,137086,1.8991650000000002,1.865793,ITA,BEL,7259
114,18,1220,1968,2180,0,1.844871,2.2220470000000003,JPN,BEL,7259
124,18,1220,1968,0,29459,0.7129770000000001,1.136677,LBN,BEL,7259
134,18,1220,1968,0,9931,-0.219575,-0.657712,MAR,BEL,7259
138,18,1220,1968,0,3150,0.306611,0.36893000000000004,MEX,BEL,7259
150,18,1220,1968,0,756,0.026755,-0.5054850000000001,MTQ,BEL,7259
159,18,1220,1968,0,1175,-1.317379,-0.822881,NGA,BEL,7259
162,18,1220,1968,187945,188274,1.4081620000000001,2.841383,NLD,BEL,7259
163,18,1220,1968,2496,431,1.258037,1.6438409999999999,NOR,BEL,7259
166,18,1220,1968,0,6022,0.184389,-0.451151,NZL,BEL,7259
169,18,1220,1968,0,5492,1.151761,0.8629450000000001,PAN,BEL,7259
177,18,1220,1968,0,60804,0.9209379999999999,1.762821,POL,BEL,7259
179,18,1220,1968,0,794,1.014702,1.024988,PRT,BEL,7259
185,18,1220,1968,0,400,0.7897609999999999,0.9959479999999999,ROU,BEL,7259
208,18,1220,1968,56739,1448,1.968017,2.7641270000000002,SWE,BEL,7259
231,18,1220,1968,261211,35670,1.9577650000000002,1.500362,USA,BEL,7259
245,18,1220,1968,0,491,1.0230700000000001,2.3184560000000003,YUG,BEL,7259
246,18,1220,1968,0,1254,-0.397811,-0.621199,ZAF,BEL,7259
250,18,1220,1968,0,433,0.8133859999999999,0.47075900000000004,ANS,BEL,7259
8,39,1220,1968,0,11581,0.148111,0.088328,ARG,CAN,7259
14,39,1220,1968,44605,231240,0.215398,0.115257,AUS,CAN,7259
15,39,1220,1968,11234,525,1.94925,1.6721810000000001,AUT,CAN,7259
18,39,1220,1968,0,30118,1.529065,2.472506,BEL,CAN,7259
32,39,1220,1968,96499,19727,-0.325932,-0.334875,BRA,CAN,7259
33,39,1220,1968,0,2133,0.6484409999999999,0.015096,BRB,CAN,7259
41,39,1220,1968,131073,1953,2.1128139999999997,2.181377,CHE,CAN,7259
42,39,1220,1968,0,53798,0.042475,-0.45777299999999993,CHL,CAN,7259
49,39,1220,1968,0,2758,-0.179843,-0.5681729999999999,COL,CAN,7259
53,39,1220,1968,5065,2704,1.6086129999999998,2.804711,CSK,CAN,7259
61,39,1220,1968,651854,4801,2.2253979999999998,-1.8081060000000002,DEU,CAN,7259
64,39,1220,1968,2982,0,1.5995489999999999,2.6483209999999997,DNK,CAN,7259
71,39,1220,1968,1236,0,0.781529,1.259275,ESP,CAN,7259
74,39,1220,1968,20692,28252,1.401928,1.205835,FIN,CAN,7259
77,39,1220,1968,47654,8350,1.7160810000000002,1.713236,FRA,CAN,7259
81,39,1220,1968,403688,54112,2.058025,0.677452,GBR,CAN,7259
86,39,1220,1968,0,5481,-0.408167,-0.372355,GLP,CAN,7259
90,39,1220,1968,0,1482,0.120538,-0.135025,GRC,CAN,7259
96,39,1220,1968,0,461,-0.34474699999999997,-0.547204,GUY,CAN,7259
101,39,1220,1968,0,1118,0.30587600000000004,-0.458413,HTI,CAN,7259
104,39,1220,1968,0,387,0.1404,0.23993299999999998,IND,CAN,7259
106,39,1220,1968,0,1097,1.054101,1.252786,IRL,CAN,7259
110,39,1220,1968,0,563,1.105346,0.8750629999999999,ISR,CAN,7259
111,39,1220,1968,28989,21916,1.8991650000000002,1.865793,ITA,CAN,7259
112,39,1220,1968,0,742,0.206492,-0.587264,JAM,CAN,7259
114,39,1220,1968,214858,9959,1.844871,2.2220470000000003,JPN,CAN,7259
134,39,1220,1968,0,5496,-0.219575,-0.657712,MAR,CAN,7259
138,39,1220,1968,0,173884,0.306611,0.36893000000000004,MEX,CAN,7259
150,39,1220,1968,0,6393,0.026755,-0.5054850000000001,MTQ,CAN,7259
153,39,1220,1968,0,1129,-0.530212,-0.618034,MYS,CAN,7259
162,39,1220,1968,29876,2403,1.4081620000000001,2.841383,NLD,CAN,7259
163,39,1220,1968,35732,22718,1.258037,1.6438409999999999,NOR,CAN,7259
166,39,1220,1968,0,145274,0.184389,-0.451151,NZL,CAN,7259
168,39,1220,1968,0,8200,0.17055499999999998,-0.249302,PAK,CAN,7259
169,39,1220,1968,0,3252,1.151761,0.8629450000000001,PAN,CAN,7259
173,39,1220,1968,0,44733,-0.676242,-0.815086,PER,CAN,7259
174,39,1220,1968,0,1242,-0.38509499999999997,-0.708784,PHL,CAN,7259
186,39,1220,1968,0,587,0.429629,0.513075,RUS,CAN,7259
197,39,1220,1968,0,2755,0.8662620000000001,0.791027,SLV,CAN,7259
200,39,1220,1968,0,511,0.399803,-0.33834699999999995,SPM,CAN,7259
208,39,1220,1968,372534,5859,1.968017,2.7641270000000002,SWE,CAN,7259
216,39,1220,1968,0,3080,-0.59446,-0.7126439999999999,THA,CAN,7259
222,39,1220,1968,0,584,0.388499,-0.182041,TTO,CAN,7259
231,39,1220,1968,6611118,2028554,1.9577650000000002,1.500362,USA,CAN,7259
236,39,1220,1968,0,32544,-0.7130850000000001,-0.5042939999999999,VEN,CAN,7259
246,39,1220,1968,0,36871,-0.397811,-0.621199,ZAF,CAN,7259
249,39,1220,1968,0,3398,1.152169,1.691066,TWN,CAN,7259
2,41,1220,1968,0,1203,-1.129591,-0.880391,AGO,CHE,7259
8,41,1220,1968,0,33593,0.148111,0.088328,ARG,CHE,7259
14,41,1220,1968,2938,164737,0.215398,0.115257,AUS,CHE,7259
15,41,1220,1968,22365,202505,1.94925,1.6721810000000001,AUT,CHE,7259
18,41,1220,1968,1692,149240,1.529065,2.472506,BEL,CHE,7259
23,41,1220,1968,0,104277,0.581187,0.53879,BGR,CHE,7259
32,41,1220,1968,0,20931,-0.325932,-0.334875,BRA,CHE,7259
39,41,1220,1968,1953,131073,0.6867270000000001,0.846297,CAN,CHE,7259
42,41,1220,1968,0,7886,0.042475,-0.45777299999999993,CHL,CHE,7259
49,41,1220,1968,0,42820,-0.179843,-0.5681729999999999,COL,CHE,7259
53,41,1220,1968,0,64089,1.6086129999999998,2.804711,CSK,CHE,7259
61,41,1220,1968,2402214,1091988,2.2253979999999998,-1.8081060000000002,DEU,CHE,7259
64,41,1220,1968,6974,159671,1.5995489999999999,2.6483209999999997,DNK,CHE,7259
65,41,1220,1968,0,16826,-0.739667,-0.834332,DOM,CHE,7259
66,41,1220,1968,0,89289,-0.6151939999999999,-0.68092,DZA,CHE,7259
67,41,1220,1968,0,332,-0.5838800000000001,-0.767904,ECU,CHE,7259
68,41,1220,1968,0,606,0.141193,-0.395386,EGY,CHE,7259
71,41,1220,1968,828,170251,0.781529,1.259275,ESP,CHE,7259
74,41,1220,1968,582,99670,1.401928,1.205835,FIN,CHE,7259
77,41,1220,1968,133146,597577,1.7160810000000002,1.713236,FRA,CHE,7259
81,41,1220,1968,169951,805322,2.058025,0.677452,GBR,CHE,7259
90,41,1220,1968,0,38344,0.120538,-0.135025,GRC,CHE,7259
93,41,1220,1968,0,855,0.5246930000000001,0.169407,GTM,CHE,7259
97,41,1220,1968,0,2213,1.397888,1.218178,HKG,CHE,7259
102,41,1220,1968,0,4226,0.9154209999999999,1.253378,HUN,CHE,7259
104,41,1220,1968,0,681,0.1404,0.23993299999999998,IND,CHE,7259
106,41,1220,1968,0,39271,1.054101,1.252786,IRL,CHE,7259
107,41,1220,1968,0,30001,-0.731453,-0.764668,IRN,CHE,7259
108,41,1220,1968,0,487,-0.935797,-0.522099,IRQ,CHE,7259
109,41,1220,1968,0,1044,0.282911,-0.326735,ISL,CHE,7259
110,41,1220,1968,932,31269,1.105346,0.8750629999999999,ISR,CHE,7259
111,41,1220,1968,358237,235416,1.8991650000000002,1.865793,ITA,CHE,7259
112,41,1220,1968,0,1208,0.206492,-0.587264,JAM,CHE,7259
114,41,1220,1968,0,321142,1.844871,2.2220470000000003,JPN,CHE,7259
116,41,1220,1968,0,1244,-0.301844,-0.318616,KEN,CHE,7259
124,41,1220,1968,0,1034,0.7129770000000001,1.136677,LBN,CHE,7259
134,41,1220,1968,0,1224,-0.219575,-0.657712,MAR,CHE,7259
138,41,1220,1968,0,123757,0.306611,0.36893000000000004,MEX,CHE,7259
153,41,1220,1968,0,1153,-0.530212,-0.618034,MYS,CHE,7259
159,41,1220,1968,0,12036,-1.317379,-0.822881,NGA,CHE,7259
162,41,1220,1968,75335,175550,1.4081620000000001,2.841383,NLD,CHE,7259
163,41,1220,1968,3430,69082,1.258037,1.6438409999999999,NOR,CHE,7259
166,41,1220,1968,0,1135,0.184389,-0.451151,NZL,CHE,7259
168,41,1220,1968,0,35522,0.17055499999999998,-0.249302,PAK,CHE,7259
169,41,1220,1968,0,651,1.151761,0.8629450000000001,PAN,CHE,7259
173,41,1220,1968,0,20238,-0.676242,-0.815086,PER,CHE,7259
174,41,1220,1968,0,182274,-0.38509499999999997,-0.708784,PHL,CHE,7259
179,41,1220,1968,0,2406,1.014702,1.024988,PRT,CHE,7259
186,41,1220,1968,0,128081,0.429629,0.513075,RUS,CHE,7259
188,41,1220,1968,0,528,-1.510775,-0.48828699999999997,SAU,CHE,7259
190,41,1220,1968,0,7371,-1.18039,-0.908206,SDN,CHE,7259
191,41,1220,1968,0,2866,-0.380494,-0.698573,SEN,CHE,7259
192,41,1220,1968,0,1293,0.34532199999999996,0.624988,SGP,CHE,7259
197,41,1220,1968,0,1701,0.8662620000000001,0.791027,SLV,CHE,7259
208,41,1220,1968,89599,76349,1.968017,2.7641270000000002,SWE,CHE,7259
216,41,1220,1968,0,529,-0.59446,-0.7126439999999999,THA,CHE,7259
223,41,1220,1968,0,3241,-0.129079,-0.54896,TUN,CHE,7259
224,41,1220,1968,0,1811,-0.654801,-0.8012319999999999,TUR,CHE,7259
231,41,1220,1968,135506,2022471,1.9577650000000002,1.500362,USA,CHE,7259
236,41,1220,1968,0,45435,-0.7130850000000001,-0.5042939999999999,VEN,CHE,7259
245,41,1220,1968,0,8645,1.0230700000000001,2.3184560000000003,YUG,CHE,7259
246,41,1220,1968,0,156353,-0.397811,-0.621199,ZAF,CHE,7259
248,41,1220,1968,0,33928,1.275376,1.463211,ZWE,CHE,7259
61,43,1220,1968,718,0,2.2253979999999998,-1.8081060000000002,DEU,CHN,7259
74,43,1220,1968,5911,0,1.401928,1.205835,FIN,CHN,7259
77,43,1220,1968,50709,0,1.7160810000000002,1.713236,FRA,CHN,7259
81,43,1220,1968,915,440,2.058025,0.677452,GBR,CHN,7259
97,43,1220,1968,0,19446,1.397888,1.218178,HKG,CHN,7259
114,43,1220,1968,20889,0,1.844871,2.2220470000000003,JPN,CHN,7259
134,43,1220,1968,0,680,-0.219575,-0.657712,MAR,CHN,7259
143,43,1220,1968,0,459,-0.96686,-0.782324,MMR,CHN,7259
153,43,1220,1968,0,13761,-0.530212,-0.618034,MYS,CHN,7259
192,43,1220,1968,0,8473,0.34532199999999996,0.624988,SGP,CHN,7259
208,43,1220,1968,26770,0,1.968017,2.7641270000000002,SWE,CHN,7259
14,53,1220,1968,0,7005,0.215398,0.115257,AUS,CSK,7259
15,53,1220,1968,113417,1407,1.94925,1.6721810000000001,AUT,CSK,7259
18,53,1220,1968,3661,610,1.529065,2.472506,BEL,CSK,7259
31,53,1220,1968,0,2049,-0.8851379999999999,-0.772063,BOL,CSK,7259
32,53,1220,1968,0,2235,-0.325932,-0.334875,BRA,CSK,7259
39,53,1220,1968,2704,5065,0.6867270000000001,0.846297,CAN,CSK,7259
41,53,1220,1968,64089,0,2.1128139999999997,2.181377,CHE,CSK,7259
61,53,1220,1968,342140,3276,2.2253979999999998,-1.8081060000000002,DEU,CSK,7259
64,53,1220,1968,0,1811,1.5995489999999999,2.6483209999999997,DNK,CSK,7259
71,53,1220,1968,0,2394,0.781529,1.259275,ESP,CSK,7259
74,53,1220,1968,17285,672,1.401928,1.205835,FIN,CSK,7259
77,53,1220,1968,22694,7848,1.7160810000000002,1.713236,FRA,CSK,7259
81,53,1220,1968,139509,22531,2.058025,0.677452,GBR,CSK,7259
90,53,1220,1968,0,11257,0.120538,-0.135025,GRC,CSK,7259
97,53,1220,1968,0,442,1.397888,1.218178,HKG,CSK,7259
104,53,1220,1968,0,14116,0.1404,0.23993299999999998,IND,CSK,7259
107,53,1220,1968,0,6976,-0.731453,-0.764668,IRN,CSK,7259
111,53,1220,1968,175379,1033,1.8991650000000002,1.865793,ITA,CSK,7259
114,53,1220,1968,0,493,1.844871,2.2220470000000003,JPN,CSK,7259
124,53,1220,1968,0,6877,0.7129770000000001,1.136677,LBN,CSK,7259
134,53,1220,1968,0,421,-0.219575,-0.657712,MAR,CSK,7259
138,53,1220,1968,0,6330,0.306611,0.36893000000000004,MEX,CSK,7259
143,53,1220,1968,0,59601,-0.96686,-0.782324,MMR,CSK,7259
159,53,1220,1968,0,276,-1.317379,-0.822881,NGA,CSK,7259
162,53,1220,1968,6159,22951,1.4081620000000001,2.841383,NLD,CSK,7259
163,53,1220,1968,3491,0,1.258037,1.6438409999999999,NOR,CSK,7259
166,53,1220,1968,0,1084,0.184389,-0.451151,NZL,CSK,7259
173,53,1220,1968,0,5466,-0.676242,-0.815086,PER,CSK,7259
179,53,1220,1968,0,2016,1.014702,1.024988,PRT,CSK,7259
190,53,1220,1968,0,1731,-1.18039,-0.908206,SDN,CSK,7259
208,53,1220,1968,34220,0,1.968017,2.7641270000000002,SWE,CSK,7259
216,53,1220,1968,0,10632,-0.59446,-0.7126439999999999,THA,CSK,7259
224,53,1220,1968,0,1302,-0.654801,-0.8012319999999999,TUR,CSK,7259
231,53,1220,1968,0,758,1.9577650000000002,1.500362,USA,CSK,7259
245,53,1220,1968,0,16313,1.0230700000000001,2.3184560000000003,YUG,CSK,7259
1,61,1220,1968,0,2937,-0.712527,-0.837342,AFG,DEU,7259
2,61,1220,1968,0,15822,-1.129591,-0.880391,AGO,DEU,7259
6,61,1220,1968,0,351,0.14161500000000002,-0.24035399999999998,ANT,DEU,7259
8,61,1220,1968,0,365816,0.148111,0.088328,ARG,DEU,7259
14,61,1220,1968,0,775224,0.215398,0.115257,AUS,DEU,7259
15,61,1220,1968,291939,1242441,1.94925,1.6721810000000001,AUT,DEU,7259
17,61,1220,1968,0,694,-0.8680040000000001,-0.673427,BDI,DEU,7259
18,61,1220,1968,231298,1700633,1.529065,2.472506,BEL,DEU,7259
23,61,1220,1968,0,221198,0.581187,0.53879,BGR,DEU,7259
24,61,1220,1968,0,1132,-0.059769,-0.445457,BHR,DEU,7259
30,61,1220,1968,0,1008,0.873251,0.188419,BMU,DEU,7259
31,61,1220,1968,0,24981,-0.8851379999999999,-0.772063,BOL,DEU,7259
32,61,1220,1968,0,1303328,-0.325932,-0.334875,BRA,DEU,7259
33,61,1220,1968,0,6322,0.6484409999999999,0.015096,BRB,DEU,7259
39,61,1220,1968,4801,651854,0.6867270000000001,0.846297,CAN,DEU,7259
41,61,1220,1968,1091988,2402214,2.1128139999999997,2.181377,CHE,DEU,7259
42,61,1220,1968,1143,339292,0.042475,-0.45777299999999993,CHL,DEU,7259
43,61,1220,1968,0,718,0.610282,1.61494,CHN,DEU,7259
44,61,1220,1968,0,3036,-0.9004639999999999,-0.815828,CIV,DEU,7259
46,61,1220,1968,0,23871,-1.2018229999999999,-0.6680229999999999,COD,DEU,7259
47,61,1220,1968,0,326,-1.0615450000000002,-0.736701,COG,DEU,7259
49,61,1220,1968,0,110858,-0.179843,-0.5681729999999999,COL,DEU,7259
52,61,1220,1968,0,57678,0.926132,0.544143,CRI,DEU,7259
53,61,1220,1968,3276,342140,1.6086129999999998,2.804711,CSK,DEU,7259
54,61,1220,1968,0,3056,0.19656600000000002,-0.645117,CUB,DEU,7259
58,61,1220,1968,0,6286,-0.154697,-0.659162,CYP,DEU,7259
64,61,1220,1968,47706,821986,1.5995489999999999,2.6483209999999997,DNK,DEU,7259
65,61,1220,1968,0,31864,-0.739667,-0.834332,DOM,DEU,7259
66,61,1220,1968,0,89251,-0.6151939999999999,-0.68092,DZA,DEU,7259
67,61,1220,1968,0,82282,-0.5838800000000001,-0.767904,ECU,DEU,7259
68,61,1220,1968,0,34520,0.141193,-0.395386,EGY,DEU,7259
71,61,1220,1968,35141,1822347,0.781529,1.259275,ESP,DEU,7259
73,61,1220,1968,0,106174,-0.8907879999999999,-0.983032,ETH,DEU,7259
74,61,1220,1968,1184950,883627,1.401928,1.205835,FIN,DEU,7259
77,61,1220,1968,439989,5469956,1.7160810000000002,1.713236,FRA,DEU,7259
81,61,1220,1968,806751,3057874,2.058025,0.677452,GBR,DEU,7259
83,61,1220,1968,0,42080,-0.995481,-0.76246,GHA,DEU,7259
90,61,1220,1968,946,1567170,0.120538,-0.135025,GRC,DEU,7259
93,61,1220,1968,0,18121,0.5246930000000001,0.169407,GTM,DEU,7259
96,61,1220,1968,0,29548,-0.34474699999999997,-0.547204,GUY,DEU,7259
97,61,1220,1968,1496,50502,1.397888,1.218178,HKG,DEU,7259
99,61,1220,1968,0,6128,-0.115754,-0.5740890000000001,HND,DEU,7259
101,61,1220,1968,0,719,0.30587600000000004,-0.458413,HTI,DEU,7259
102,61,1220,1968,0,54646,0.9154209999999999,1.253378,HUN,DEU,7259
103,61,1220,1968,0,27002,-1.210591,-0.7402310000000001,IDN,DEU,7259
104,61,1220,1968,519,394502,0.1404,0.23993299999999998,IND,DEU,7259
106,61,1220,1968,0,93965,1.054101,1.252786,IRL,DEU,7259
107,61,1220,1968,0,202471,-0.731453,-0.764668,IRN,DEU,7259
108,61,1220,1968,0,525347,-0.935797,-0.522099,IRQ,DEU,7259
109,61,1220,1968,0,1310,0.282911,-0.326735,ISL,DEU,7259
110,61,1220,1968,1568,169556,1.105346,0.8750629999999999,ISR,DEU,7259
111,61,1220,1968,850577,4976432,1.8991650000000002,1.865793,ITA,DEU,7259
112,61,1220,1968,0,38301,0.206492,-0.587264,JAM,DEU,7259
113,61,1220,1968,0,2031,0.402134,-0.18620599999999998,JOR,DEU,7259
114,61,1220,1968,50631,1410408,1.844871,2.2220470000000003,JPN,DEU,7259
116,61,1220,1968,0,98104,-0.301844,-0.318616,KEN,DEU,7259
118,61,1220,1968,0,563,-0.6683680000000001,-0.9116620000000001,KHM,DEU,7259
121,61,1220,1968,1209,1035520,0.992735,0.683944,KOR,DEU,7259
122,61,1220,1968,0,27776,-1.2088969999999999,-0.480887,KWT,DEU,7259
124,61,1220,1968,0,45187,0.7129770000000001,1.136677,LBN,DEU,7259
126,61,1220,1968,0,33407,-1.864928,-0.47663500000000003,LBY,DEU,7259
128,61,1220,1968,327,27488,-1.048844,-0.673287,LKA,DEU,7259
134,61,1220,1968,0,147105,-0.219575,-0.657712,MAR,DEU,7259
136,61,1220,1968,638,6708,-0.684883,-0.839874,MDG,DEU,7259
138,61,1220,1968,0,857713,0.306611,0.36893000000000004,MEX,DEU,7259
141,61,1220,1968,0,535,-0.625304,-0.751379,MLI,DEU,7259
142,61,1220,1968,0,3052,1.418505,1.216724,MLT,DEU,7259
143,61,1220,1968,0,10811,-0.96686,-0.782324,MMR,DEU,7259
145,61,1220,1968,0,466,-0.5432680000000001,-0.52315,MNG,DEU,7259
147,61,1220,1968,0,30154,-0.859319,-0.818945,MOZ,DEU,7259
148,61,1220,1968,0,2051,-0.584021,-0.6288090000000001,MRT,DEU,7259
150,61,1220,1968,0,424,0.026755,-0.5054850000000001,MTQ,DEU,7259
153,61,1220,1968,0,45531,-0.530212,-0.618034,MYS,DEU,7259
159,61,1220,1968,0,28102,-1.317379,-0.822881,NGA,DEU,7259
160,61,1220,1968,0,28608,0.141456,-0.299055,NIC,DEU,7259
162,61,1220,1968,1029494,2778778,1.4081620000000001,2.841383,NLD,DEU,7259
163,61,1220,1968,101433,640384,1.258037,1.6438409999999999,NOR,DEU,7259
166,61,1220,1968,0,128756,0.184389,-0.451151,NZL,DEU,7259
167,61,1220,1968,0,1375,-1.563004,-0.448748,OMN,DEU,7259
168,61,1220,1968,0,1218699,0.17055499999999998,-0.249302,PAK,DEU,7259
169,61,1220,1968,0,19325,1.151761,0.8629450000000001,PAN,DEU,7259
173,61,1220,1968,0,192117,-0.676242,-0.815086,PER,DEU,7259
174,61,1220,1968,891,97594,-0.38509499999999997,-0.708784,PHL,DEU,7259
177,61,1220,1968,0,443334,0.9209379999999999,1.762821,POL,DEU,7259
179,61,1220,1968,0,1238193,1.014702,1.024988,PRT,DEU,7259
180,61,1220,1968,0,8086,-0.605754,-0.77208,PRY,DEU,7259
184,61,1220,1968,0,2313,-0.704149,-0.416626,REU,DEU,7259
185,61,1220,1968,986,27267,0.7897609999999999,0.9959479999999999,ROU,DEU,7259
186,61,1220,1968,0,1070186,0.429629,0.513075,RUS,DEU,7259
188,61,1220,1968,0,17052,-1.510775,-0.48828699999999997,SAU,DEU,7259
190,61,1220,1968,0,16480,-1.18039,-0.908206,SDN,DEU,7259
191,61,1220,1968,0,12398,-0.380494,-0.698573,SEN,DEU,7259
192,61,1220,1968,0,41844,0.34532199999999996,0.624988,SGP,DEU,7259
196,61,1220,1968,0,2403,-1.055491,-0.736395,SLE,DEU,7259
197,61,1220,1968,0,12155,0.8662620000000001,0.791027,SLV,DEU,7259
205,61,1220,1968,0,2766,-0.43228199999999994,-0.560526,SUR,DEU,7259
208,61,1220,1968,463946,2500362,1.968017,2.7641270000000002,SWE,DEU,7259
212,61,1220,1968,0,365,-0.14453,-0.669121,SYR,DEU,7259
216,61,1220,1968,0,121259,-0.59446,-0.7126439999999999,THA,DEU,7259
222,61,1220,1968,0,34302,0.388499,-0.182041,TTO,DEU,7259
223,61,1220,1968,0,12864,-0.129079,-0.54896,TUN,DEU,7259
224,61,1220,1968,0,2177484,-0.654801,-0.8012319999999999,TUR,DEU,7259
226,61,1220,1968,0,4592,-1.2084840000000001,-0.893344,TZA,DEU,7259
227,61,1220,1968,0,15507,-1.381566,-0.770883,UGA,DEU,7259
230,61,1220,1968,0,16106,0.418634,-0.177045,URY,DEU,7259
231,61,1220,1968,625648,3995068,1.9577650000000002,1.500362,USA,DEU,7259
236,61,1220,1968,4951,260875,-0.7130850000000001,-0.5042939999999999,VEN,DEU,7259
239,61,1220,1968,0,46426,0.414368,-0.21605500000000002,VNM,DEU,7259
240,61,1220,1968,0,1488,-1.165284,-0.661817,VUT,DEU,7259
244,61,1220,1968,0,4637,-0.713819,-0.722625,YMD,DEU,7259
245,61,1220,1968,11800,796866,1.0230700000000001,2.3184560000000003,YUG,DEU,7259
246,61,1220,1968,4609,623150,-0.397811,-0.621199,ZAF,DEU,7259
247,61,1220,1968,0,23494,-0.811549,-0.6721600000000001,ZMB,DEU,7259
248,61,1220,1968,0,10508,1.275376,1.463211,ZWE,DEU,7259
249,61,1220,1968,0,21745,1.152169,1.691066,TWN,DEU,7259
14,64,1220,1968,0,3661,0.215398,0.115257,AUS,DNK,7259
15,64,1220,1968,1432,746,1.94925,1.6721810000000001,AUT,DNK,7259
18,64,1220,1968,4839,64465,1.529065,2.472506,BEL,DNK,7259
31,64,1220,1968,0,571,-0.8851379999999999,-0.772063,BOL,DNK,7259
39,64,1220,1968,0,2982,0.6867270000000001,0.846297,CAN,DNK,7259
41,64,1220,1968,159671,6974,2.1128139999999997,2.181377,CHE,DNK,7259
42,64,1220,1968,0,453,0.042475,-0.45777299999999993,CHL,DNK,7259
53,64,1220,1968,1811,0,1.6086129999999998,2.804711,CSK,DNK,7259
61,64,1220,1968,821986,47706,2.2253979999999998,-1.8081060000000002,DEU,DNK,7259
71,64,1220,1968,0,2495,0.781529,1.259275,ESP,DNK,7259
74,64,1220,1968,51539,1601,1.401928,1.205835,FIN,DNK,7259
77,64,1220,1968,1943,41963,1.7160810000000002,1.713236,FRA,DNK,7259
81,64,1220,1968,128217,41685,2.058025,0.677452,GBR,DNK,7259
104,64,1220,1968,0,1671,0.1404,0.23993299999999998,IND,DNK,7259
106,64,1220,1968,0,373,1.054101,1.252786,IRL,DNK,7259
107,64,1220,1968,0,1366,-0.731453,-0.764668,IRN,DNK,7259
110,64,1220,1968,701,14171,1.105346,0.8750629999999999,ISR,DNK,7259
111,64,1220,1968,5685,1905,1.8991650000000002,1.865793,ITA,DNK,7259
114,64,1220,1968,4815,2842,1.844871,2.2220470000000003,JPN,DNK,7259
116,64,1220,1968,0,1317,-0.301844,-0.318616,KEN,DNK,7259
124,64,1220,1968,0,3982,0.7129770000000001,1.136677,LBN,DNK,7259
128,64,1220,1968,0,861,-1.048844,-0.673287,LKA,DNK,7259
134,64,1220,1968,0,397,-0.219575,-0.657712,MAR,DNK,7259
138,64,1220,1968,0,643,0.306611,0.36893000000000004,MEX,DNK,7259
160,64,1220,1968,0,276,0.141456,-0.299055,NIC,DNK,7259
162,64,1220,1968,21948,2360,1.4081620000000001,2.841383,NLD,DNK,7259
163,64,1220,1968,55723,8654,1.258037,1.6438409999999999,NOR,DNK,7259
166,64,1220,1968,0,1475,0.184389,-0.451151,NZL,DNK,7259
186,64,1220,1968,0,357693,0.429629,0.513075,RUS,DNK,7259
192,64,1220,1968,0,2281,0.34532199999999996,0.624988,SGP,DNK,7259
208,64,1220,1968,454772,64608,1.968017,2.7641270000000002,SWE,DNK,7259
216,64,1220,1968,0,3439,-0.59446,-0.7126439999999999,THA,DNK,7259
231,64,1220,1968,118102,13539,1.9577650000000002,1.500362,USA,DNK,7259
236,64,1220,1968,0,16196,-0.7130850000000001,-0.5042939999999999,VEN,DNK,7259
246,64,1220,1968,0,1193,-0.397811,-0.621199,ZAF,DNK,7259
250,64,1220,1968,0,965,0.8133859999999999,0.47075900000000004,ANS,DNK,7259
8,77,1220,1968,0,5577,0.148111,0.088328,ARG,FRA,7259
14,77,1220,1968,0,8186,0.215398,0.115257,AUS,FRA,7259
15,77,1220,1968,21328,35716,1.94925,1.6721810000000001,AUT,FRA,7259
18,77,1220,1968,378461,241326,1.529065,2.472506,BEL,FRA,7259
21,77,1220,1968,0,414,-0.21085,-0.5524640000000001,BFA,FRA,7259
23,77,1220,1968,0,5334,0.581187,0.53879,BGR,FRA,7259
32,77,1220,1968,0,42465,-0.325932,-0.334875,BRA,FRA,7259
39,77,1220,1968,8350,47654,0.6867270000000001,0.846297,CAN,FRA,7259
41,77,1220,1968,597577,133146,2.1128139999999997,2.181377,CHE,FRA,7259
42,77,1220,1968,0,1129,0.042475,-0.45777299999999993,CHL,FRA,7259
43,77,1220,1968,0,50709,0.610282,1.61494,CHN,FRA,7259
44,77,1220,1968,0,22133,-0.9004639999999999,-0.815828,CIV,FRA,7259
45,77,1220,1968,0,71555,-0.448082,-0.43909899999999996,CMR,FRA,7259
46,77,1220,1968,0,1284,-1.2018229999999999,-0.6680229999999999,COD,FRA,7259
47,77,1220,1968,0,1548,-1.0615450000000002,-0.736701,COG,FRA,7259
53,77,1220,1968,7848,22694,1.6086129999999998,2.804711,CSK,FRA,7259
61,77,1220,1968,5469956,439989,2.2253979999999998,-1.8081060000000002,DEU,FRA,7259
64,77,1220,1968,41963,1943,1.5995489999999999,2.6483209999999997,DNK,FRA,7259
66,77,1220,1968,1131,240185,-0.6151939999999999,-0.68092,DZA,FRA,7259
67,77,1220,1968,0,3855,-0.5838800000000001,-0.767904,ECU,FRA,7259
68,77,1220,1968,0,6096,0.141193,-0.395386,EGY,FRA,7259
71,77,1220,1968,18898,115103,0.781529,1.259275,ESP,FRA,7259
73,77,1220,1968,0,56489,-0.8907879999999999,-0.983032,ETH,FRA,7259
74,77,1220,1968,20474,53480,1.401928,1.205835,FIN,FRA,7259
80,77,1220,1968,0,467,-1.370584,-0.627224,GAB,FRA,7259
81,77,1220,1968,494482,162499,2.058025,0.677452,GBR,FRA,7259
86,77,1220,1968,0,2759,-0.408167,-0.372355,GLP,FRA,7259
90,77,1220,1968,0,4705,0.120538,-0.135025,GRC,FRA,7259
102,77,1220,1968,0,1148,0.9154209999999999,1.253378,HUN,FRA,7259
104,77,1220,1968,0,66916,0.1404,0.23993299999999998,IND,FRA,7259
106,77,1220,1968,0,17961,1.054101,1.252786,IRL,FRA,7259
107,77,1220,1968,0,13138,-0.731453,-0.764668,IRN,FRA,7259
108,77,1220,1968,0,5540,-0.935797,-0.522099,IRQ,FRA,7259
110,77,1220,1968,0,5185,1.105346,0.8750629999999999,ISR,FRA,7259
111,77,1220,1968,1038089,765949,1.8991650000000002,1.865793,ITA,FRA,7259
114,77,1220,1968,2368,8598,1.844871,2.2220470000000003,JPN,FRA,7259
122,77,1220,1968,0,4326,-1.2088969999999999,-0.480887,KWT,FRA,7259
124,77,1220,1968,2842,37254,0.7129770000000001,1.136677,LBN,FRA,7259
134,77,1220,1968,411,208696,-0.219575,-0.657712,MAR,FRA,7259
136,77,1220,1968,0,22266,-0.684883,-0.839874,MDG,FRA,7259
138,77,1220,1968,0,16188,0.306611,0.36893000000000004,MEX,FRA,7259
143,77,1220,1968,0,1035,-0.96686,-0.782324,MMR,FRA,7259
147,77,1220,1968,0,6021,-0.859319,-0.818945,MOZ,FRA,7259
150,77,1220,1968,0,2882,0.026755,-0.5054850000000001,MTQ,FRA,7259
157,77,1220,1968,0,776,-0.621916,-0.715214,NER,FRA,7259
159,77,1220,1968,0,2230,-1.317379,-0.822881,NGA,FRA,7259
162,77,1220,1968,339189,52980,1.4081620000000001,2.841383,NLD,FRA,7259
163,77,1220,1968,2769,60643,1.258037,1.6438409999999999,NOR,FRA,7259
166,77,1220,1968,0,8515,0.184389,-0.451151,NZL,FRA,7259
168,77,1220,1968,0,412,0.17055499999999998,-0.249302,PAK,FRA,7259
173,77,1220,1968,0,1251,-0.676242,-0.815086,PER,FRA,7259
177,77,1220,1968,0,136257,0.9209379999999999,1.762821,POL,FRA,7259
179,77,1220,1968,0,43827,1.014702,1.024988,PRT,FRA,7259
182,77,1220,1968,0,4404,-0.5570109999999999,-0.47348599999999996,PYF,FRA,7259
184,77,1220,1968,0,1010,-0.704149,-0.416626,REU,FRA,7259
185,77,1220,1968,0,8643,0.7897609999999999,0.9959479999999999,ROU,FRA,7259
186,77,1220,1968,0,1029376,0.429629,0.513075,RUS,FRA,7259
191,77,1220,1968,0,19578,-0.380494,-0.698573,SEN,FRA,7259
208,77,1220,1968,820991,120993,1.968017,2.7641270000000002,SWE,FRA,7259
214,77,1220,1968,0,323,-0.837724,-0.47968500000000003,TCD,FRA,7259
216,77,1220,1968,0,2456,-0.59446,-0.7126439999999999,THA,FRA,7259
223,77,1220,1968,0,1888,-0.129079,-0.54896,TUN,FRA,7259
224,77,1220,1968,0,5374,-0.654801,-0.8012319999999999,TUR,FRA,7259
230,77,1220,1968,0,31971,0.418634,-0.177045,URY,FRA,7259
231,77,1220,1968,577020,351202,1.9577650000000002,1.500362,USA,FRA,7259
236,77,1220,1968,0,2664,-0.7130850000000001,-0.5042939999999999,VEN,FRA,7259
240,77,1220,1968,0,888,-1.165284,-0.661817,VUT,FRA,7259
245,77,1220,1968,0,13527,1.0230700000000001,2.3184560000000003,YUG,FRA,7259
246,77,1220,1968,0,58679,-0.397811,-0.621199,ZAF,FRA,7259
250,77,1220,1968,0,744,0.8133859999999999,0.47075900000000004,ANS,FRA,7259
2,81,1220,1968,363,123587,-1.129591,-0.880391,AGO,GBR,7259
8,81,1220,1968,0,70570,0.148111,0.088328,ARG,GBR,7259
14,81,1220,1968,20788,1731258,0.215398,0.115257,AUS,GBR,7259
15,81,1220,1968,110165,255782,1.94925,1.6721810000000001,AUT,GBR,7259
18,81,1220,1968,55718,465302,1.529065,2.472506,BEL,GBR,7259
23,81,1220,1968,0,761,0.581187,0.53879,BGR,GBR,7259
32,81,1220,1968,0,284524,-0.325932,-0.334875,BRA,GBR,7259
39,81,1220,1968,54112,403688,0.6867270000000001,0.846297,CAN,GBR,7259
41,81,1220,1968,805322,169951,2.1128139999999997,2.181377,CHE,GBR,7259
42,81,1220,1968,0,18694,0.042475,-0.45777299999999993,CHL,GBR,7259
43,81,1220,1968,440,915,0.610282,1.61494,CHN,GBR,7259
44,81,1220,1968,0,2075,-0.9004639999999999,-0.815828,CIV,GBR,7259
45,81,1220,1968,0,546,-0.448082,-0.43909899999999996,CMR,GBR,7259
46,81,1220,1968,0,830,-1.2018229999999999,-0.6680229999999999,COD,GBR,7259
49,81,1220,1968,0,22092,-0.179843,-0.5681729999999999,COL,GBR,7259
52,81,1220,1968,0,4668,0.926132,0.544143,CRI,GBR,7259
53,81,1220,1968,22531,139509,1.6086129999999998,2.804711,CSK,GBR,7259
54,81,1220,1968,0,719,0.19656600000000002,-0.645117,CUB,GBR,7259
58,81,1220,1968,0,1439,-0.154697,-0.659162,CYP,GBR,7259
61,81,1220,1968,3057874,806751,2.2253979999999998,-1.8081060000000002,DEU,GBR,7259
64,81,1220,1968,41685,128217,1.5995489999999999,2.6483209999999997,DNK,GBR,7259
66,81,1220,1968,0,1017,-0.6151939999999999,-0.68092,DZA,GBR,7259
67,81,1220,1968,0,597,-0.5838800000000001,-0.767904,ECU,GBR,7259
68,81,1220,1968,287,2265,0.141193,-0.395386,EGY,GBR,7259
71,81,1220,1968,6979,176945,0.781529,1.259275,ESP,GBR,7259
73,81,1220,1968,0,27837,-0.8907879999999999,-0.983032,ETH,GBR,7259
74,81,1220,1968,76243,1186302,1.401928,1.205835,FIN,GBR,7259
75,81,1220,1968,0,632,-0.04004,-0.562962,FJI,GBR,7259
77,81,1220,1968,162499,494482,1.7160810000000002,1.713236,FRA,GBR,7259
83,81,1220,1968,0,4282,-0.995481,-0.76246,GHA,GBR,7259
90,81,1220,1968,0,66564,0.120538,-0.135025,GRC,GBR,7259
93,81,1220,1968,0,1697,0.5246930000000001,0.169407,GTM,GBR,7259
97,81,1220,1968,0,1312,1.397888,1.218178,HKG,GBR,7259
102,81,1220,1968,0,17138,0.9154209999999999,1.253378,HUN,GBR,7259
103,81,1220,1968,0,1673,-1.210591,-0.7402310000000001,IDN,GBR,7259
104,81,1220,1968,582,264294,0.1404,0.23993299999999998,IND,GBR,7259
106,81,1220,1968,31015,300202,1.054101,1.252786,IRL,GBR,7259
107,81,1220,1968,0,75686,-0.731453,-0.764668,IRN,GBR,7259
109,81,1220,1968,0,1223,0.282911,-0.326735,ISL,GBR,7259
110,81,1220,1968,1139,96130,1.105346,0.8750629999999999,ISR,GBR,7259
111,81,1220,1968,114966,1428124,1.8991650000000002,1.865793,ITA,GBR,7259
112,81,1220,1968,0,41573,0.206492,-0.587264,JAM,GBR,7259
113,81,1220,1968,0,2208,0.402134,-0.18620599999999998,JOR,GBR,7259
114,81,1220,1968,2516,56946,1.844871,2.2220470000000003,JPN,GBR,7259
116,81,1220,1968,0,9103,-0.301844,-0.318616,KEN,GBR,7259
118,81,1220,1968,0,1457,-0.6683680000000001,-0.9116620000000001,KHM,GBR,7259
121,81,1220,1968,0,1273,0.992735,0.683944,KOR,GBR,7259
122,81,1220,1968,0,3430,-1.2088969999999999,-0.480887,KWT,GBR,7259
124,81,1220,1968,0,4350,0.7129770000000001,1.136677,LBN,GBR,7259
126,81,1220,1968,0,2822,-1.864928,-0.47663500000000003,LBY,GBR,7259
128,81,1220,1968,0,8280,-1.048844,-0.673287,LKA,GBR,7259
134,81,1220,1968,0,4177,-0.219575,-0.657712,MAR,GBR,7259
138,81,1220,1968,0,91600,0.306611,0.36893000000000004,MEX,GBR,7259
142,81,1220,1968,0,2744,1.418505,1.216724,MLT,GBR,7259
143,81,1220,1968,0,42912,-0.96686,-0.782324,MMR,GBR,7259
147,81,1220,1968,0,3078,-0.859319,-0.818945,MOZ,GBR,7259
152,81,1220,1968,0,602,-0.6704289999999999,-0.747872,MWI,GBR,7259
153,81,1220,1968,0,6337,-0.530212,-0.618034,MYS,GBR,7259
159,81,1220,1968,0,5037,-1.317379,-0.822881,NGA,GBR,7259
162,81,1220,1968,433097,265837,1.4081620000000001,2.841383,NLD,GBR,7259
163,81,1220,1968,33428,241091,1.258037,1.6438409999999999,NOR,GBR,7259
166,81,1220,1968,1700,978435,0.184389,-0.451151,NZL,GBR,7259
167,81,1220,1968,0,622,-1.563004,-0.448748,OMN,GBR,7259
168,81,1220,1968,0,119806,0.17055499999999998,-0.249302,PAK,GBR,7259
173,81,1220,1968,0,2889,-0.676242,-0.815086,PER,GBR,7259
174,81,1220,1968,0,16585,-0.38509499999999997,-0.708784,PHL,GBR,7259
177,81,1220,1968,0,811239,0.9209379999999999,1.762821,POL,GBR,7259
179,81,1220,1968,3418,88355,1.014702,1.024988,PRT,GBR,7259
185,81,1220,1968,0,6549,0.7897609999999999,0.9959479999999999,ROU,GBR,7259
186,81,1220,1968,0,282606,0.429629,0.513075,RUS,GBR,7259
188,81,1220,1968,0,627,-1.510775,-0.48828699999999997,SAU,GBR,7259
190,81,1220,1968,0,8266,-1.18039,-0.908206,SDN,GBR,7259
192,81,1220,1968,0,21936,0.34532199999999996,0.624988,SGP,GBR,7259
196,81,1220,1968,0,913,-1.055491,-0.736395,SLE,GBR,7259
197,81,1220,1968,0,1439,0.8662620000000001,0.791027,SLV,GBR,7259
208,81,1220,1968,533166,1680748,1.968017,2.7641270000000002,SWE,GBR,7259
216,81,1220,1968,0,149724,-0.59446,-0.7126439999999999,THA,GBR,7259
222,81,1220,1968,0,12978,0.388499,-0.182041,TTO,GBR,7259
223,81,1220,1968,0,530,-0.129079,-0.54896,TUN,GBR,7259
224,81,1220,1968,0,5347,-0.654801,-0.8012319999999999,TUR,GBR,7259
226,81,1220,1968,0,1819,-1.2084840000000001,-0.893344,TZA,GBR,7259
227,81,1220,1968,0,14710,-1.381566,-0.770883,UGA,GBR,7259
230,81,1220,1968,0,1086,0.418634,-0.177045,URY,GBR,7259
231,81,1220,1968,1142348,906770,1.9577650000000002,1.500362,USA,GBR,7259
236,81,1220,1968,0,15906,-0.7130850000000001,-0.5042939999999999,VEN,GBR,7259
245,81,1220,1968,434,44442,1.0230700000000001,2.3184560000000003,YUG,GBR,7259
246,81,1220,1968,97200,735461,-0.397811,-0.621199,ZAF,GBR,7259
247,81,1220,1968,0,28301,-0.811549,-0.6721600000000001,ZMB,GBR,7259
249,81,1220,1968,0,3837,1.152169,1.691066,TWN,GBR,7259
250,81,1220,1968,561,2608,0.8133859999999999,0.47075900000000004,ANS,GBR,7259
15,90,1220,1968,30558,0,1.94925,1.6721810000000001,AUT,GRC,7259
18,90,1220,1968,1574,0,1.529065,2.472506,BEL,GRC,7259
39,90,1220,1968,1482,0,0.6867270000000001,0.846297,CAN,GRC,7259
41,90,1220,1968,38344,0,2.1128139999999997,2.181377,CHE,GRC,7259
53,90,1220,1968,11257,0,1.6086129999999998,2.804711,CSK,GRC,7259
61,90,1220,1968,1567170,946,2.2253979999999998,-1.8081060000000002,DEU,GRC,7259
77,90,1220,1968,4705,0,1.7160810000000002,1.713236,FRA,GRC,7259
81,90,1220,1968,66564,0,2.058025,0.677452,GBR,GRC,7259
104,90,1220,1968,534,0,0.1404,0.23993299999999998,IND,GRC,7259
111,90,1220,1968,95655,26369,1.8991650000000002,1.865793,ITA,GRC,7259
162,90,1220,1968,2089,1641,1.4081620000000001,2.841383,NLD,GRC,7259
163,90,1220,1968,398,0,1.258037,1.6438409999999999,NOR,GRC,7259
208,90,1220,1968,6960,0,1.968017,2.7641270000000002,SWE,GRC,7259
231,90,1220,1968,80759,0,1.9577650000000002,1.500362,USA,GRC,7259
14,97,1220,1968,1590,0,0.215398,0.115257,AUS,HKG,7259
41,97,1220,1968,2213,0,2.1128139999999997,2.181377,CHE,HKG,7259
43,97,1220,1968,19446,0,0.610282,1.61494,CHN,HKG,7259
53,97,1220,1968,442,0,1.6086129999999998,2.804711,CSK,HKG,7259
61,97,1220,1968,50502,1496,2.2253979999999998,-1.8081060000000002,DEU,HKG,7259
73,97,1220,1968,0,1620,-0.8907879999999999,-0.983032,ETH,HKG,7259
81,97,1220,1968,1312,0,2.058025,0.677452,GBR,HKG,7259
103,97,1220,1968,0,9032,-1.210591,-0.7402310000000001,IDN,HKG,7259
114,97,1220,1968,30603,434,1.844871,2.2220470000000003,JPN,HKG,7259
118,97,1220,1968,0,935,-0.6683680000000001,-0.9116620000000001,KHM,HKG,7259
153,97,1220,1968,0,2649,-0.530212,-0.618034,MYS,HKG,7259
159,97,1220,1968,0,1498,-1.317379,-0.822881,NGA,HKG,7259
162,97,1220,1968,22505,0,1.4081620000000001,2.841383,NLD,HKG,7259
174,97,1220,1968,0,9753,-0.38509499999999997,-0.708784,PHL,HKG,7259
192,97,1220,1968,0,5733,0.34532199999999996,0.624988,SGP,HKG,7259
216,97,1220,1968,0,3668,-0.59446,-0.7126439999999999,THA,HKG,7259
231,97,1220,1968,8031,0,1.9577650000000002,1.500362,USA,HKG,7259
239,97,1220,1968,0,3268,0.414368,-0.21605500000000002,VNM,HKG,7259
249,97,1220,1968,3370,1484,1.152169,1.691066,TWN,HKG,7259
15,104,1220,1968,5198,0,1.94925,1.6721810000000001,AUT,IND,7259
18,104,1220,1968,1964,0,1.529065,2.472506,BEL,IND,7259
39,104,1220,1968,387,0,0.6867270000000001,0.846297,CAN,IND,7259
41,104,1220,1968,681,0,2.1128139999999997,2.181377,CHE,IND,7259
53,104,1220,1968,14116,0,1.6086129999999998,2.804711,CSK,IND,7259
61,104,1220,1968,394502,519,2.2253979999999998,-1.8081060000000002,DEU,IND,7259
64,104,1220,1968,1671,0,1.5995489999999999,2.6483209999999997,DNK,IND,7259
68,104,1220,1968,0,2131,0.141193,-0.395386,EGY,IND,7259
74,104,1220,1968,1734,0,1.401928,1.205835,FIN,IND,7259
77,104,1220,1968,66916,0,1.7160810000000002,1.713236,FRA,IND,7259
81,104,1220,1968,264294,582,2.058025,0.677452,GBR,IND,7259
90,104,1220,1968,0,534,0.120538,-0.135025,GRC,IND,7259
111,104,1220,1968,125534,0,1.8991650000000002,1.865793,ITA,IND,7259
114,104,1220,1968,13300,0,1.844871,2.2220470000000003,JPN,IND,7259
121,104,1220,1968,0,453,0.992735,0.683944,KOR,IND,7259
128,104,1220,1968,0,981,-1.048844,-0.673287,LKA,IND,7259
162,104,1220,1968,1783,0,1.4081620000000001,2.841383,NLD,IND,7259
163,104,1220,1968,1984,0,1.258037,1.6438409999999999,NOR,IND,7259
177,104,1220,1968,41398,0,0.9209379999999999,1.762821,POL,IND,7259
186,104,1220,1968,8564,0,0.429629,0.513075,RUS,IND,7259
208,104,1220,1968,240439,0,1.968017,2.7641270000000002,SWE,IND,7259
216,104,1220,1968,0,2385,-0.59446,-0.7126439999999999,THA,IND,7259
231,104,1220,1968,334267,3519,1.9577650000000002,1.500362,USA,IND,7259
245,104,1220,1968,0,779,1.0230700000000001,2.3184560000000003,YUG,IND,7259
250,104,1220,1968,0,441,0.8133859999999999,0.47075900000000004,ANS,IND,7259
15,107,1220,1968,7382,0,1.94925,1.6721810000000001,AUT,IRN,7259
18,107,1220,1968,538,0,1.529065,2.472506,BEL,IRN,7259
41,107,1220,1968,30001,0,2.1128139999999997,2.181377,CHE,IRN,7259
53,107,1220,1968,6976,0,1.6086129999999998,2.804711,CSK,IRN,7259
61,107,1220,1968,202471,0,2.2253979999999998,-1.8081060000000002,DEU,IRN,7259
64,107,1220,1968,1366,0,1.5995489999999999,2.6483209999999997,DNK,IRN,7259
74,107,1220,1968,9397,0,1.401928,1.205835,FIN,IRN,7259
77,107,1220,1968,13138,0,1.7160810000000002,1.713236,FRA,IRN,7259
81,107,1220,1968,75686,0,2.058025,0.677452,GBR,IRN,7259
111,107,1220,1968,74013,0,1.8991650000000002,1.865793,ITA,IRN,7259
114,107,1220,1968,4037,0,1.844871,2.2220470000000003,JPN,IRN,7259
162,107,1220,1968,5797,0,1.4081620000000001,2.841383,NLD,IRN,7259
167,107,1220,1968,0,608,-1.563004,-0.448748,OMN,IRN,7259
177,107,1220,1968,403,0,0.9209379999999999,1.762821,POL,IRN,7259
185,107,1220,1968,2626,0,0.7897609999999999,0.9959479999999999,ROU,IRN,7259
186,107,1220,1968,3077,0,0.429629,0.513075,RUS,IRN,7259
208,107,1220,1968,81020,0,1.968017,2.7641270000000002,SWE,IRN,7259
231,107,1220,1968,26962,0,1.9577650000000002,1.500362,USA,IRN,7259
2,111,1220,1968,0,3623,-1.129591,-0.880391,AGO,ITA,7259
4,111,1220,1968,410,0,0.193555,-0.448741,ALB,ITA,7259
8,111,1220,1968,0,40676,0.148111,0.088328,ARG,ITA,7259
14,111,1220,1968,4615,32619,0.215398,0.115257,AUS,ITA,7259
15,111,1220,1968,33747,33755,1.94925,1.6721810000000001,AUT,ITA,7259
18,111,1220,1968,137086,1030452,1.529065,2.472506,BEL,ITA,7259
19,111,1220,1968,0,51342,-0.820837,-0.669663,BEN,ITA,7259
31,111,1220,1968,0,4216,-0.8851379999999999,-0.772063,BOL,ITA,7259
32,111,1220,1968,0,102822,-0.325932,-0.334875,BRA,ITA,7259
39,111,1220,1968,21916,28989,0.6867270000000001,0.846297,CAN,ITA,7259
41,111,1220,1968,235416,358237,2.1128139999999997,2.181377,CHE,ITA,7259
42,111,1220,1968,0,49601,0.042475,-0.45777299999999993,CHL,ITA,7259
46,111,1220,1968,0,36759,-1.2018229999999999,-0.6680229999999999,COD,ITA,7259
49,111,1220,1968,0,6605,-0.179843,-0.5681729999999999,COL,ITA,7259
53,111,1220,1968,1033,175379,1.6086129999999998,2.804711,CSK,ITA,7259
61,111,1220,1968,4976432,850577,2.2253979999999998,-1.8081060000000002,DEU,ITA,7259
64,111,1220,1968,1905,5685,1.5995489999999999,2.6483209999999997,DNK,ITA,7259
65,111,1220,1968,0,449,-0.739667,-0.834332,DOM,ITA,7259
66,111,1220,1968,0,6285,-0.6151939999999999,-0.68092,DZA,ITA,7259
67,111,1220,1968,0,2262,-0.5838800000000001,-0.767904,ECU,ITA,7259
68,111,1220,1968,1081,8004,0.141193,-0.395386,EGY,ITA,7259
71,111,1220,1968,20526,722803,0.781529,1.259275,ESP,ITA,7259
73,111,1220,1968,0,4744,-0.8907879999999999,-0.983032,ETH,ITA,7259
74,111,1220,1968,622686,104805,1.401928,1.205835,FIN,ITA,7259
77,111,1220,1968,765949,1038089,1.7160810000000002,1.713236,FRA,ITA,7259
81,111,1220,1968,1428124,114966,2.058025,0.677452,GBR,ITA,7259
90,111,1220,1968,26369,95655,0.120538,-0.135025,GRC,ITA,7259
102,111,1220,1968,0,2302,0.9154209999999999,1.253378,HUN,ITA,7259
103,111,1220,1968,0,1626,-1.210591,-0.7402310000000001,IDN,ITA,7259
104,111,1220,1968,0,125534,0.1404,0.23993299999999998,IND,ITA,7259
106,111,1220,1968,0,11508,1.054101,1.252786,IRL,ITA,7259
107,111,1220,1968,0,74013,-0.731453,-0.764668,IRN,ITA,7259
110,111,1220,1968,449,19013,1.105346,0.8750629999999999,ISR,ITA,7259
112,111,1220,1968,0,801,0.206492,-0.587264,JAM,ITA,7259
114,111,1220,1968,2200,42934,1.844871,2.2220470000000003,JPN,ITA,7259
116,111,1220,1968,0,958,-0.301844,-0.318616,KEN,ITA,7259
118,111,1220,1968,0,3179,-0.6683680000000001,-0.9116620000000001,KHM,ITA,7259
122,111,1220,1968,0,483,-1.2088969999999999,-0.480887,KWT,ITA,7259
124,111,1220,1968,0,17139,0.7129770000000001,1.136677,LBN,ITA,7259
125,111,1220,1968,0,900,-0.974225,-0.554678,LBR,ITA,7259
126,111,1220,1968,0,7297,-1.864928,-0.47663500000000003,LBY,ITA,7259
134,111,1220,1968,0,7561,-0.219575,-0.657712,MAR,ITA,7259
136,111,1220,1968,0,3322,-0.684883,-0.839874,MDG,ITA,7259
138,111,1220,1968,0,956798,0.306611,0.36893000000000004,MEX,ITA,7259
142,111,1220,1968,0,533,1.418505,1.216724,MLT,ITA,7259
147,111,1220,1968,0,5277,-0.859319,-0.818945,MOZ,ITA,7259
148,111,1220,1968,0,174,-0.584021,-0.6288090000000001,MRT,ITA,7259
153,111,1220,1968,0,4209,-0.530212,-0.618034,MYS,ITA,7259
159,111,1220,1968,0,11727,-1.317379,-0.822881,NGA,ITA,7259
162,111,1220,1968,202875,104888,1.4081620000000001,2.841383,NLD,ITA,7259
163,111,1220,1968,64816,15534,1.258037,1.6438409999999999,NOR,ITA,7259
166,111,1220,1968,0,17213,0.184389,-0.451151,NZL,ITA,7259
168,111,1220,1968,0,86856,0.17055499999999998,-0.249302,PAK,ITA,7259
169,111,1220,1968,0,559,1.151761,0.8629450000000001,PAN,ITA,7259
173,111,1220,1968,0,25373,-0.676242,-0.815086,PER,ITA,7259
174,111,1220,1968,0,5130,-0.38509499999999997,-0.708784,PHL,ITA,7259
177,111,1220,1968,0,24370,0.9209379999999999,1.762821,POL,ITA,7259
179,111,1220,1968,0,15097,1.014702,1.024988,PRT,ITA,7259
185,111,1220,1968,0,5433,0.7897609999999999,0.9959479999999999,ROU,ITA,7259
186,111,1220,1968,0,26869,0.429629,0.513075,RUS,ITA,7259
188,111,1220,1968,0,6438,-1.510775,-0.48828699999999997,SAU,ITA,7259
190,111,1220,1968,0,355,-1.18039,-0.908206,SDN,ITA,7259
192,111,1220,1968,0,17329,0.34532199999999996,0.624988,SGP,ITA,7259
197,111,1220,1968,0,1833,0.8662620000000001,0.791027,SLV,ITA,7259
208,111,1220,1968,383106,38706,1.968017,2.7641270000000002,SWE,ITA,7259
212,111,1220,1968,0,636,-0.14453,-0.669121,SYR,ITA,7259
216,111,1220,1968,0,6423,-0.59446,-0.7126439999999999,THA,ITA,7259
223,111,1220,1968,0,2869,-0.129079,-0.54896,TUN,ITA,7259
224,111,1220,1968,0,22477,-0.654801,-0.8012319999999999,TUR,ITA,7259
226,111,1220,1968,0,1336,-1.2084840000000001,-0.893344,TZA,ITA,7259
230,111,1220,1968,0,9998,0.418634,-0.177045,URY,ITA,7259
231,111,1220,1968,333609,292384,1.9577650000000002,1.500362,USA,ITA,7259
236,111,1220,1968,0,27525,-0.7130850000000001,-0.5042939999999999,VEN,ITA,7259
239,111,1220,1968,0,46882,0.414368,-0.21605500000000002,VNM,ITA,7259
245,111,1220,1968,2185,157127,1.0230700000000001,2.3184560000000003,YUG,ITA,7259
246,111,1220,1968,0,40208,-0.397811,-0.621199,ZAF,ITA,7259
247,111,1220,1968,0,1241,-0.811549,-0.6721600000000001,ZMB,ITA,7259
249,111,1220,1968,0,423,1.152169,1.691066,TWN,ITA,7259
250,111,1220,1968,0,881,0.8133859999999999,0.47075900000000004,ANS,ITA,7259
8,114,1220,1968,0,9677,0.148111,0.088328,ARG,JPN,7259
14,114,1220,1968,803,612542,0.215398,0.115257,AUS,JPN,7259
15,114,1220,1968,38784,0,1.94925,1.6721810000000001,AUT,JPN,7259
18,114,1220,1968,0,2180,1.529065,2.472506,BEL,JPN,7259
31,114,1220,1968,0,7901,-0.8851379999999999,-0.772063,BOL,JPN,7259
32,114,1220,1968,0,14007,-0.325932,-0.334875,BRA,JPN,7259
39,114,1220,1968,9959,214858,0.6867270000000001,0.846297,CAN,JPN,7259
41,114,1220,1968,321142,0,2.1128139999999997,2.181377,CHE,JPN,7259
42,114,1220,1968,0,2609,0.042475,-0.45777299999999993,CHL,JPN,7259
43,114,1220,1968,0,20889,0.610282,1.61494,CHN,JPN,7259
53,114,1220,1968,493,0,1.6086129999999998,2.804711,CSK,JPN,7259
61,114,1220,1968,1410408,50631,2.2253979999999998,-1.8081060000000002,DEU,JPN,7259
64,114,1220,1968,2842,4815,1.5995489999999999,2.6483209999999997,DNK,JPN,7259
67,114,1220,1968,0,444,-0.5838800000000001,-0.767904,ECU,JPN,7259
68,114,1220,1968,0,2766,0.141193,-0.395386,EGY,JPN,7259
71,114,1220,1968,0,34568,0.781529,1.259275,ESP,JPN,7259
74,114,1220,1968,15076,180172,1.401928,1.205835,FIN,JPN,7259
77,114,1220,1968,8598,2368,1.7160810000000002,1.713236,FRA,JPN,7259
81,114,1220,1968,56946,2516,2.058025,0.677452,GBR,JPN,7259
83,114,1220,1968,0,1301,-0.995481,-0.76246,GHA,JPN,7259
93,114,1220,1968,0,1217,0.5246930000000001,0.169407,GTM,JPN,7259
97,114,1220,1968,434,30603,1.397888,1.218178,HKG,JPN,7259
103,114,1220,1968,0,1391,-1.210591,-0.7402310000000001,IDN,JPN,7259
104,114,1220,1968,0,13300,0.1404,0.23993299999999998,IND,JPN,7259
107,114,1220,1968,0,4037,-0.731453,-0.764668,IRN,JPN,7259
108,114,1220,1968,0,5986,-0.935797,-0.522099,IRQ,JPN,7259
110,114,1220,1968,0,350,1.105346,0.8750629999999999,ISR,JPN,7259
111,114,1220,1968,42934,2200,1.8991650000000002,1.865793,ITA,JPN,7259
118,114,1220,1968,0,1056,-0.6683680000000001,-0.9116620000000001,KHM,JPN,7259
121,114,1220,1968,844,577623,0.992735,0.683944,KOR,JPN,7259
128,114,1220,1968,0,1430,-1.048844,-0.673287,LKA,JPN,7259
138,114,1220,1968,0,8268,0.306611,0.36893000000000004,MEX,JPN,7259
143,114,1220,1968,0,10755,-0.96686,-0.782324,MMR,JPN,7259
153,114,1220,1968,0,1720,-0.530212,-0.618034,MYS,JPN,7259
159,114,1220,1968,0,2477,-1.317379,-0.822881,NGA,JPN,7259
162,114,1220,1968,1118,8478,1.4081620000000001,2.841383,NLD,JPN,7259
163,114,1220,1968,77799,0,1.258037,1.6438409999999999,NOR,JPN,7259
166,114,1220,1968,0,816,0.184389,-0.451151,NZL,JPN,7259
168,114,1220,1968,0,78983,0.17055499999999998,-0.249302,PAK,JPN,7259
173,114,1220,1968,0,657,-0.676242,-0.815086,PER,JPN,7259
174,114,1220,1968,1426,641157,-0.38509499999999997,-0.708784,PHL,JPN,7259
176,114,1220,1968,0,4204,-0.9894790000000001,-0.735923,PNG,JPN,7259
178,114,1220,1968,0,2445,0.353216,-0.371603,PRK,JPN,7259
186,114,1220,1968,0,122942,0.429629,0.513075,RUS,JPN,7259
188,114,1220,1968,0,358,-1.510775,-0.48828699999999997,SAU,JPN,7259
190,114,1220,1968,0,3682,-1.18039,-0.908206,SDN,JPN,7259
192,114,1220,1968,0,51903,0.34532199999999996,0.624988,SGP,JPN,7259
196,114,1220,1968,0,2043,-1.055491,-0.736395,SLE,JPN,7259
197,114,1220,1968,0,1556,0.8662620000000001,0.791027,SLV,JPN,7259
208,114,1220,1968,926207,1784,1.968017,2.7641270000000002,SWE,JPN,7259
216,114,1220,1968,619,94314,-0.59446,-0.7126439999999999,THA,JPN,7259
226,114,1220,1968,0,2869,-1.2084840000000001,-0.893344,TZA,JPN,7259
231,114,1220,1968,858888,811497,1.9577650000000002,1.500362,USA,JPN,7259
236,114,1220,1968,0,1145,-0.7130850000000001,-0.5042939999999999,VEN,JPN,7259
239,114,1220,1968,0,30287,0.414368,-0.21605500000000002,VNM,JPN,7259
245,114,1220,1968,0,13733,1.0230700000000001,2.3184560000000003,YUG,JPN,7259
246,114,1220,1968,0,367,-0.397811,-0.621199,ZAF,JPN,7259
249,114,1220,1968,446,431897,1.152169,1.691066,TWN,JPN,7259
250,114,1220,1968,988,78664,0.8133859999999999,0.47075900000000004,ANS,JPN,7259
18,124,1220,1968,29459,0,1.529065,2.472506,BEL,LBN,7259
41,124,1220,1968,1034,0,2.1128139999999997,2.181377,CHE,LBN,7259
53,124,1220,1968,6877,0,1.6086129999999998,2.804711,CSK,LBN,7259
61,124,1220,1968,45187,0,2.2253979999999998,-1.8081060000000002,DEU,LBN,7259
64,124,1220,1968,3982,0,1.5995489999999999,2.6483209999999997,DNK,LBN,7259
77,124,1220,1968,37254,2842,1.7160810000000002,1.713236,FRA,LBN,7259
81,124,1220,1968,4350,0,2.058025,0.677452,GBR,LBN,7259
111,124,1220,1968,17139,0,1.8991650000000002,1.865793,ITA,LBN,7259
113,124,1220,1968,0,1087,0.402134,-0.18620599999999998,JOR,LBN,7259
126,124,1220,1968,0,3338,-1.864928,-0.47663500000000003,LBY,LBN,7259
162,124,1220,1968,2681,0,1.4081620000000001,2.841383,NLD,LBN,7259
163,124,1220,1968,541,0,1.258037,1.6438409999999999,NOR,LBN,7259
188,124,1220,1968,0,7014,-1.510775,-0.48828699999999997,SAU,LBN,7259
190,124,1220,1968,0,534,-1.18039,-0.908206,SDN,LBN,7259
208,124,1220,1968,1496,0,1.968017,2.7641270000000002,SWE,LBN,7259
231,124,1220,1968,3089,0,1.9577650000000002,1.500362,USA,LBN,7259
250,124,1220,1968,0,444,0.8133859999999999,0.47075900000000004,ANS,LBN,7259
6,162,1220,1968,3950,0,0.14161500000000002,-0.24035399999999998,ANT,NLD,7259
8,162,1220,1968,0,1877,0.148111,0.088328,ARG,NLD,7259
14,162,1220,1968,0,115804,0.215398,0.115257,AUS,NLD,7259
15,162,1220,1968,9005,16895,1.94925,1.6721810000000001,AUT,NLD,7259
18,162,1220,1968,188274,187945,1.529065,2.472506,BEL,NLD,7259
32,162,1220,1968,0,2999,-0.325932,-0.334875,BRA,NLD,7259
39,162,1220,1968,2403,29876,0.6867270000000001,0.846297,CAN,NLD,7259
41,162,1220,1968,175550,75335,2.1128139999999997,2.181377,CHE,NLD,7259
42,162,1220,1968,0,420,0.042475,-0.45777299999999993,CHL,NLD,7259
49,162,1220,1968,0,1524,-0.179843,-0.5681729999999999,COL,NLD,7259
52,162,1220,1968,0,95576,0.926132,0.544143,CRI,NLD,7259
53,162,1220,1968,22951,6159,1.6086129999999998,2.804711,CSK,NLD,7259
61,162,1220,1968,2778778,1029494,2.2253979999999998,-1.8081060000000002,DEU,NLD,7259
64,162,1220,1968,2360,21948,1.5995489999999999,2.6483209999999997,DNK,NLD,7259
66,162,1220,1968,0,1509,-0.6151939999999999,-0.68092,DZA,NLD,7259
71,162,1220,1968,2877,22362,0.781529,1.259275,ESP,NLD,7259
74,162,1220,1968,18736,21660,1.401928,1.205835,FIN,NLD,7259
77,162,1220,1968,52980,339189,1.7160810000000002,1.713236,FRA,NLD,7259
81,162,1220,1968,265837,433097,2.058025,0.677452,GBR,NLD,7259
90,162,1220,1968,1641,2089,0.120538,-0.135025,GRC,NLD,7259
93,162,1220,1968,0,30100,0.5246930000000001,0.169407,GTM,NLD,7259
97,162,1220,1968,0,22505,1.397888,1.218178,HKG,NLD,7259
99,162,1220,1968,0,665,-0.115754,-0.5740890000000001,HND,NLD,7259
102,162,1220,1968,0,537,0.9154209999999999,1.253378,HUN,NLD,7259
103,162,1220,1968,0,915,-1.210591,-0.7402310000000001,IDN,NLD,7259
104,162,1220,1968,0,1783,0.1404,0.23993299999999998,IND,NLD,7259
106,162,1220,1968,0,148285,1.054101,1.252786,IRL,NLD,7259
107,162,1220,1968,0,5797,-0.731453,-0.764668,IRN,NLD,7259
110,162,1220,1968,0,12250,1.105346,0.8750629999999999,ISR,NLD,7259
111,162,1220,1968,104888,202875,1.8991650000000002,1.865793,ITA,NLD,7259
112,162,1220,1968,0,2258,0.206492,-0.587264,JAM,NLD,7259
114,162,1220,1968,8478,1118,1.844871,2.2220470000000003,JPN,NLD,7259
124,162,1220,1968,0,2681,0.7129770000000001,1.136677,LBN,NLD,7259
138,162,1220,1968,0,9771,0.306611,0.36893000000000004,MEX,NLD,7259
159,162,1220,1968,0,4248,-1.317379,-0.822881,NGA,NLD,7259
160,162,1220,1968,0,1054,0.141456,-0.299055,NIC,NLD,7259
163,162,1220,1968,1755,41916,1.258037,1.6438409999999999,NOR,NLD,7259
166,162,1220,1968,0,778,0.184389,-0.451151,NZL,NLD,7259
168,162,1220,1968,0,5799,0.17055499999999998,-0.249302,PAK,NLD,7259
169,162,1220,1968,0,15131,1.151761,0.8629450000000001,PAN,NLD,7259
173,162,1220,1968,0,4273,-0.676242,-0.815086,PER,NLD,7259
174,162,1220,1968,0,6367,-0.38509499999999997,-0.708784,PHL,NLD,7259
179,162,1220,1968,0,5341,1.014702,1.024988,PRT,NLD,7259
188,162,1220,1968,0,12567,-1.510775,-0.48828699999999997,SAU,NLD,7259
190,162,1220,1968,0,680,-1.18039,-0.908206,SDN,NLD,7259
192,162,1220,1968,0,1376,0.34532199999999996,0.624988,SGP,NLD,7259
205,162,1220,1968,0,3444,-0.43228199999999994,-0.560526,SUR,NLD,7259
208,162,1220,1968,98657,33050,1.968017,2.7641270000000002,SWE,NLD,7259
216,162,1220,1968,0,2694,-0.59446,-0.7126439999999999,THA,NLD,7259
223,162,1220,1968,0,3613,-0.129079,-0.54896,TUN,NLD,7259
231,162,1220,1968,460134,381575,1.9577650000000002,1.500362,USA,NLD,7259
236,162,1220,1968,5834,12455,-0.7130850000000001,-0.5042939999999999,VEN,NLD,7259
245,162,1220,1968,0,1545,1.0230700000000001,2.3184560000000003,YUG,NLD,7259
246,162,1220,1968,0,25806,-0.397811,-0.621199,ZAF,NLD,7259
247,162,1220,1968,0,3799,-0.811549,-0.6721600000000001,ZMB,NLD,7259
250,162,1220,1968,0,1414,0.8133859999999999,0.47075900000000004,ANS,NLD,7259
2,163,1220,1968,0,456,-1.129591,-0.880391,AGO,NOR,7259
14,163,1220,1968,0,9545,0.215398,0.115257,AUS,NOR,7259
15,163,1220,1968,18623,12422,1.94925,1.6721810000000001,AUT,NOR,7259
18,163,1220,1968,431,2496,1.529065,2.472506,BEL,NOR,7259
39,163,1220,1968,22718,35732,0.6867270000000001,0.846297,CAN,NOR,7259
41,163,1220,1968,69082,3430,2.1128139999999997,2.181377,CHE,NOR,7259
53,163,1220,1968,0,3491,1.6086129999999998,2.804711,CSK,NOR,7259
61,163,1220,1968,640384,101433,2.2253979999999998,-1.8081060000000002,DEU,NOR,7259
64,163,1220,1968,8654,55723,1.5995489999999999,2.6483209999999997,DNK,NOR,7259
68,163,1220,1968,0,133,0.141193,-0.395386,EGY,NOR,7259
71,163,1220,1968,2555,0,0.781529,1.259275,ESP,NOR,7259
74,163,1220,1968,910435,40719,1.401928,1.205835,FIN,NOR,7259
77,163,1220,1968,60643,2769,1.7160810000000002,1.713236,FRA,NOR,7259
81,163,1220,1968,241091,33428,2.058025,0.677452,GBR,NOR,7259
83,163,1220,1968,0,239,-0.995481,-0.76246,GHA,NOR,7259
90,163,1220,1968,0,398,0.120538,-0.135025,GRC,NOR,7259
104,163,1220,1968,0,1984,0.1404,0.23993299999999998,IND,NOR,7259
106,163,1220,1968,0,1742,1.054101,1.252786,IRL,NOR,7259
110,163,1220,1968,0,1018,1.105346,0.8750629999999999,ISR,NOR,7259
111,163,1220,1968,15534,64816,1.8991650000000002,1.865793,ITA,NOR,7259
114,163,1220,1968,0,77799,1.844871,2.2220470000000003,JPN,NOR,7259
116,163,1220,1968,0,2820,-0.301844,-0.318616,KEN,NOR,7259
124,163,1220,1968,0,541,0.7129770000000001,1.136677,LBN,NOR,7259
134,163,1220,1968,0,4781,-0.219575,-0.657712,MAR,NOR,7259
138,163,1220,1968,0,798,0.306611,0.36893000000000004,MEX,NOR,7259
159,163,1220,1968,0,6603,-1.317379,-0.822881,NGA,NOR,7259
162,163,1220,1968,41916,1755,1.4081620000000001,2.841383,NLD,NOR,7259
166,163,1220,1968,0,792,0.184389,-0.451151,NZL,NOR,7259
168,163,1220,1968,0,669,0.17055499999999998,-0.249302,PAK,NOR,7259
177,163,1220,1968,2228,459,0.9209379999999999,1.762821,POL,NOR,7259
179,163,1220,1968,0,4389,1.014702,1.024988,PRT,NOR,7259
186,163,1220,1968,0,1882,0.429629,0.513075,RUS,NOR,7259
208,163,1220,1968,592639,385327,1.968017,2.7641270000000002,SWE,NOR,7259
224,163,1220,1968,0,913,-0.654801,-0.8012319999999999,TUR,NOR,7259
231,163,1220,1968,189713,252554,1.9577650000000002,1.500362,USA,NOR,7259
245,163,1220,1968,0,2288,1.0230700000000001,2.3184560000000003,YUG,NOR,7259
246,163,1220,1968,0,2977,-0.397811,-0.621199,ZAF,NOR,7259
250,163,1220,1968,0,870,0.8133859999999999,0.47075900000000004,ANS,NOR,7259
14,168,1220,1968,376,0,0.215398,0.115257,AUS,PAK,7259
15,168,1220,1968,11467,0,1.94925,1.6721810000000001,AUT,PAK,7259
39,168,1220,1968,8200,0,0.6867270000000001,0.846297,CAN,PAK,7259
41,168,1220,1968,35522,0,2.1128139999999997,2.181377,CHE,PAK,7259
61,168,1220,1968,1218699,0,2.2253979999999998,-1.8081060000000002,DEU,PAK,7259
74,168,1220,1968,4484,0,1.401928,1.205835,FIN,PAK,7259
77,168,1220,1968,412,0,1.7160810000000002,1.713236,FRA,PAK,7259
81,168,1220,1968,119806,0,2.058025,0.677452,GBR,PAK,7259
111,168,1220,1968,86856,0,1.8991650000000002,1.865793,ITA,PAK,7259
114,168,1220,1968,78983,0,1.844871,2.2220470000000003,JPN,PAK,7259
162,168,1220,1968,5799,0,1.4081620000000001,2.841383,NLD,PAK,7259
163,168,1220,1968,669,0,1.258037,1.6438409999999999,NOR,PAK,7259
177,168,1220,1968,4031,0,0.9209379999999999,1.762821,POL,PAK,7259
208,168,1220,1968,27562,0,1.968017,2.7641270000000002,SWE,PAK,7259
231,168,1220,1968,38814,0,1.9577650000000002,1.500362,USA,PAK,7259
245,168,1220,1968,529,0,1.0230700000000001,2.3184560000000003,YUG,PAK,7259
15,177,1220,1968,73558,9985,1.94925,1.6721810000000001,AUT,POL,7259
18,177,1220,1968,60804,0,1.529065,2.472506,BEL,POL,7259
61,177,1220,1968,443334,0,2.2253979999999998,-1.8081060000000002,DEU,POL,7259
68,177,1220,1968,0,16846,0.141193,-0.395386,EGY,POL,7259
74,177,1220,1968,91197,0,1.401928,1.205835,FIN,POL,7259
77,177,1220,1968,136257,0,1.7160810000000002,1.713236,FRA,POL,7259
81,177,1220,1968,811239,0,2.058025,0.677452,GBR,POL,7259
104,177,1220,1968,0,41398,0.1404,0.23993299999999998,IND,POL,7259
107,177,1220,1968,0,403,-0.731453,-0.764668,IRN,POL,7259
111,177,1220,1968,24370,0,1.8991650000000002,1.865793,ITA,POL,7259
163,177,1220,1968,459,2228,1.258037,1.6438409999999999,NOR,POL,7259
168,177,1220,1968,0,4031,0.17055499999999998,-0.249302,PAK,POL,7259
208,177,1220,1968,90518,0,1.968017,2.7641270000000002,SWE,POL,7259
231,177,1220,1968,40956,0,1.9577650000000002,1.500362,USA,POL,7259
15,186,1220,1968,128666,0,1.94925,1.6721810000000001,AUT,RUS,7259
39,186,1220,1968,587,0,0.6867270000000001,0.846297,CAN,RUS,7259
41,186,1220,1968,128081,0,2.1128139999999997,2.181377,CHE,RUS,7259
47,186,1220,1968,0,1278,-1.0615450000000002,-0.736701,COG,RUS,7259
61,186,1220,1968,1070186,0,2.2253979999999998,-1.8081060000000002,DEU,RUS,7259
64,186,1220,1968,357693,0,1.5995489999999999,2.6483209999999997,DNK,RUS,7259
74,186,1220,1968,3601113,830,1.401928,1.205835,FIN,RUS,7259
77,186,1220,1968,1029376,0,1.7160810000000002,1.713236,FRA,RUS,7259
81,186,1220,1968,282606,0,2.058025,0.677452,GBR,RUS,7259
104,186,1220,1968,0,8564,0.1404,0.23993299999999998,IND,RUS,7259
107,186,1220,1968,0,3077,-0.731453,-0.764668,IRN,RUS,7259
111,186,1220,1968,26869,0,1.8991650000000002,1.865793,ITA,RUS,7259
114,186,1220,1968,122942,0,1.844871,2.2220470000000003,JPN,RUS,7259
163,186,1220,1968,1882,0,1.258037,1.6438409999999999,NOR,RUS,7259
208,186,1220,1968,1600456,0,1.968017,2.7641270000000002,SWE,RUS,7259
231,186,1220,1968,4002,0,1.9577650000000002,1.500362,USA,RUS,7259
245,186,1220,1968,5447,0,1.0230700000000001,2.3184560000000003,YUG,RUS,7259
14,192,1220,1968,2008,0,0.215398,0.115257,AUS,SGP,7259
15,192,1220,1968,941,0,1.94925,1.6721810000000001,AUT,SGP,7259
41,192,1220,1968,1293,0,2.1128139999999997,2.181377,CHE,SGP,7259
43,192,1220,1968,8473,0,0.610282,1.61494,CHN,SGP,7259
61,192,1220,1968,41844,0,2.2253979999999998,-1.8081060000000002,DEU,SGP,7259
64,192,1220,1968,2281,0,1.5995489999999999,2.6483209999999997,DNK,SGP,7259
81,192,1220,1968,21936,0,2.058025,0.677452,GBR,SGP,7259
97,192,1220,1968,5733,0,1.397888,1.218178,HKG,SGP,7259
111,192,1220,1968,17329,0,1.8991650000000002,1.865793,ITA,SGP,7259
114,192,1220,1968,51903,0,1.844871,2.2220470000000003,JPN,SGP,7259
153,192,1220,1968,2823,6740,-0.530212,-0.618034,MYS,SGP,7259
162,192,1220,1968,1376,0,1.4081620000000001,2.841383,NLD,SGP,7259
208,192,1220,1968,543,0,1.968017,2.7641270000000002,SWE,SGP,7259
231,192,1220,1968,346190,0,1.9577650000000002,1.500362,USA,SGP,7259
249,192,1220,1968,5301,0,1.152169,1.691066,TWN,SGP,7259
2,208,1220,1968,0,55154,-1.129591,-0.880391,AGO,SWE,7259
8,208,1220,1968,0,17780,0.148111,0.088328,ARG,SWE,7259
14,208,1220,1968,0,132443,0.215398,0.115257,AUS,SWE,7259
15,208,1220,1968,57666,151187,1.94925,1.6721810000000001,AUT,SWE,7259
18,208,1220,1968,1448,56739,1.529065,2.472506,BEL,SWE,7259
23,208,1220,1968,0,4551,0.581187,0.53879,BGR,SWE,7259
31,208,1220,1968,0,376,-0.8851379999999999,-0.772063,BOL,SWE,7259
32,208,1220,1968,0,71666,-0.325932,-0.334875,BRA,SWE,7259
39,208,1220,1968,5859,372534,0.6867270000000001,0.846297,CAN,SWE,7259
41,208,1220,1968,76349,89599,2.1128139999999997,2.181377,CHE,SWE,7259
42,208,1220,1968,0,13223,0.042475,-0.45777299999999993,CHL,SWE,7259
43,208,1220,1968,0,26770,0.610282,1.61494,CHN,SWE,7259
44,208,1220,1968,0,2798,-0.9004639999999999,-0.815828,CIV,SWE,7259
47,208,1220,1968,0,624,-1.0615450000000002,-0.736701,COG,SWE,7259
49,208,1220,1968,0,41957,-0.179843,-0.5681729999999999,COL,SWE,7259
53,208,1220,1968,0,34220,1.6086129999999998,2.804711,CSK,SWE,7259
54,208,1220,1968,0,974,0.19656600000000002,-0.645117,CUB,SWE,7259
61,208,1220,1968,2500362,463946,2.2253979999999998,-1.8081060000000002,DEU,SWE,7259
64,208,1220,1968,64608,454772,1.5995489999999999,2.6483209999999997,DNK,SWE,7259
65,208,1220,1968,0,1499,-0.739667,-0.834332,DOM,SWE,7259
67,208,1220,1968,0,929,-0.5838800000000001,-0.767904,ECU,SWE,7259
68,208,1220,1968,0,2773,0.141193,-0.395386,EGY,SWE,7259
71,208,1220,1968,1654,109274,0.781529,1.259275,ESP,SWE,7259
73,208,1220,1968,0,1953,-0.8907879999999999,-0.983032,ETH,SWE,7259
74,208,1220,1968,2131912,743862,1.401928,1.205835,FIN,SWE,7259
77,208,1220,1968,120993,820991,1.7160810000000002,1.713236,FRA,SWE,7259
81,208,1220,1968,1680748,533166,2.058025,0.677452,GBR,SWE,7259
90,208,1220,1968,0,6960,0.120538,-0.135025,GRC,SWE,7259
93,208,1220,1968,0,10090,0.5246930000000001,0.169407,GTM,SWE,7259
102,208,1220,1968,0,25765,0.9154209999999999,1.253378,HUN,SWE,7259
104,208,1220,1968,0,240439,0.1404,0.23993299999999998,IND,SWE,7259
106,208,1220,1968,0,19307,1.054101,1.252786,IRL,SWE,7259
107,208,1220,1968,0,81020,-0.731453,-0.764668,IRN,SWE,7259
108,208,1220,1968,0,20819,-0.935797,-0.522099,IRQ,SWE,7259
109,208,1220,1968,0,637,0.282911,-0.326735,ISL,SWE,7259
110,208,1220,1968,0,6965,1.105346,0.8750629999999999,ISR,SWE,7259
111,208,1220,1968,38706,383106,1.8991650000000002,1.865793,ITA,SWE,7259
114,208,1220,1968,1784,926207,1.844871,2.2220470000000003,JPN,SWE,7259
116,208,1220,1968,0,15308,-0.301844,-0.318616,KEN,SWE,7259
121,208,1220,1968,0,7941,0.992735,0.683944,KOR,SWE,7259
124,208,1220,1968,0,1496,0.7129770000000001,1.136677,LBN,SWE,7259
128,208,1220,1968,0,7403,-1.048844,-0.673287,LKA,SWE,7259
134,208,1220,1968,0,3304,-0.219575,-0.657712,MAR,SWE,7259
136,208,1220,1968,0,632,-0.684883,-0.839874,MDG,SWE,7259
138,208,1220,1968,0,78931,0.306611,0.36893000000000004,MEX,SWE,7259
143,208,1220,1968,0,16865,-0.96686,-0.782324,MMR,SWE,7259
147,208,1220,1968,0,12702,-0.859319,-0.818945,MOZ,SWE,7259
153,208,1220,1968,0,26094,-0.530212,-0.618034,MYS,SWE,7259
159,208,1220,1968,0,1622,-1.317379,-0.822881,NGA,SWE,7259
162,208,1220,1968,33050,98657,1.4081620000000001,2.841383,NLD,SWE,7259
163,208,1220,1968,385327,592639,1.258037,1.6438409999999999,NOR,SWE,7259
166,208,1220,1968,0,80665,0.184389,-0.451151,NZL,SWE,7259
168,208,1220,1968,0,27562,0.17055499999999998,-0.249302,PAK,SWE,7259
173,208,1220,1968,0,1088,-0.676242,-0.815086,PER,SWE,7259
174,208,1220,1968,0,43157,-0.38509499999999997,-0.708784,PHL,SWE,7259
177,208,1220,1968,0,90518,0.9209379999999999,1.762821,POL,SWE,7259
179,208,1220,1968,479,55868,1.014702,1.024988,PRT,SWE,7259
185,208,1220,1968,0,1048217,0.7897609999999999,0.9959479999999999,ROU,SWE,7259
186,208,1220,1968,0,1600456,0.429629,0.513075,RUS,SWE,7259
192,208,1220,1968,0,543,0.34532199999999996,0.624988,SGP,SWE,7259
216,208,1220,1968,0,669245,-0.59446,-0.7126439999999999,THA,SWE,7259
223,208,1220,1968,0,7296,-0.129079,-0.54896,TUN,SWE,7259
224,208,1220,1968,0,72879,-0.654801,-0.8012319999999999,TUR,SWE,7259
231,208,1220,1968,376384,475653,1.9577650000000002,1.500362,USA,SWE,7259
236,208,1220,1968,694,6955,-0.7130850000000001,-0.5042939999999999,VEN,SWE,7259
245,208,1220,1968,0,44824,1.0230700000000001,2.3184560000000003,YUG,SWE,7259
246,208,1220,1968,0,154573,-0.397811,-0.621199,ZAF,SWE,7259
247,208,1220,1968,0,387,-0.811549,-0.6721600000000001,ZMB,SWE,7259
249,208,1220,1968,0,1543,1.152169,1.691066,TWN,SWE,7259
250,208,1220,1968,0,700,0.8133859999999999,0.47075900000000004,ANS,SWE,7259
2,231,1220,1968,0,7372,-1.129591,-0.880391,AGO,USA,7259
6,231,1220,1968,0,2368,0.14161500000000002,-0.24035399999999998,ANT,USA,7259
8,231,1220,1968,0,251940,0.148111,0.088328,ARG,USA,7259
14,231,1220,1968,2326,411976,0.215398,0.115257,AUS,USA,7259
15,231,1220,1968,17278,29848,1.94925,1.6721810000000001,AUT,USA,7259
18,231,1220,1968,35670,261211,1.529065,2.472506,BEL,USA,7259
25,231,1220,1968,0,2273,0.785454,-0.166571,BHS,USA,7259
31,231,1220,1968,0,2797,-0.8851379999999999,-0.772063,BOL,USA,7259
32,231,1220,1968,0,122591,-0.325932,-0.334875,BRA,USA,7259
33,231,1220,1968,0,12206,0.6484409999999999,0.015096,BRB,USA,7259
39,231,1220,1968,2028554,6611118,0.6867270000000001,0.846297,CAN,USA,7259
41,231,1220,1968,2022471,135506,2.1128139999999997,2.181377,CHE,USA,7259
42,231,1220,1968,0,262878,0.042475,-0.45777299999999993,CHL,USA,7259
46,231,1220,1968,0,1612,-1.2018229999999999,-0.6680229999999999,COD,USA,7259
49,231,1220,1968,0,261645,-0.179843,-0.5681729999999999,COL,USA,7259
52,231,1220,1968,0,99016,0.926132,0.544143,CRI,USA,7259
53,231,1220,1968,758,0,1.6086129999999998,2.804711,CSK,USA,7259
58,231,1220,1968,0,1307,-0.154697,-0.659162,CYP,USA,7259
61,231,1220,1968,3995068,625648,2.2253979999999998,-1.8081060000000002,DEU,USA,7259
64,231,1220,1968,13539,118102,1.5995489999999999,2.6483209999999997,DNK,USA,7259
65,231,1220,1968,0,23900,-0.739667,-0.834332,DOM,USA,7259
66,231,1220,1968,0,771,-0.6151939999999999,-0.68092,DZA,USA,7259
67,231,1220,1968,0,116485,-0.5838800000000001,-0.767904,ECU,USA,7259
68,231,1220,1968,0,5379,0.141193,-0.395386,EGY,USA,7259
71,231,1220,1968,1948,103801,0.781529,1.259275,ESP,USA,7259
73,231,1220,1968,0,897424,-0.8907879999999999,-0.983032,ETH,USA,7259
74,231,1220,1968,200962,247126,1.401928,1.205835,FIN,USA,7259
77,231,1220,1968,351202,577020,1.7160810000000002,1.713236,FRA,USA,7259
80,231,1220,1968,0,478,-1.370584,-0.627224,GAB,USA,7259
81,231,1220,1968,906770,1142348,2.058025,0.677452,GBR,USA,7259
83,231,1220,1968,0,3876,-0.995481,-0.76246,GHA,USA,7259
86,231,1220,1968,0,24168,-0.408167,-0.372355,GLP,USA,7259
90,231,1220,1968,0,80759,0.120538,-0.135025,GRC,USA,7259
93,231,1220,1968,0,90931,0.5246930000000001,0.169407,GTM,USA,7259
96,231,1220,1968,0,1313,-0.34474699999999997,-0.547204,GUY,USA,7259
97,231,1220,1968,0,8031,1.397888,1.218178,HKG,USA,7259
99,231,1220,1968,0,68397,-0.115754,-0.5740890000000001,HND,USA,7259
101,231,1220,1968,0,2099,0.30587600000000004,-0.458413,HTI,USA,7259
102,231,1220,1968,0,1409,0.9154209999999999,1.253378,HUN,USA,7259
103,231,1220,1968,0,1615,-1.210591,-0.7402310000000001,IDN,USA,7259
104,231,1220,1968,3519,334267,0.1404,0.23993299999999998,IND,USA,7259
106,231,1220,1968,0,21808,1.054101,1.252786,IRL,USA,7259
107,231,1220,1968,0,26962,-0.731453,-0.764668,IRN,USA,7259
108,231,1220,1968,0,31572,-0.935797,-0.522099,IRQ,USA,7259
109,231,1220,1968,0,1052,0.282911,-0.326735,ISL,USA,7259
110,231,1220,1968,0,23531,1.105346,0.8750629999999999,ISR,USA,7259
111,231,1220,1968,292384,333609,1.8991650000000002,1.865793,ITA,USA,7259
112,231,1220,1968,0,78391,0.206492,-0.587264,JAM,USA,7259
113,231,1220,1968,0,2624,0.402134,-0.18620599999999998,JOR,USA,7259
114,231,1220,1968,811497,858888,1.844871,2.2220470000000003,JPN,USA,7259
116,231,1220,1968,0,2968,-0.301844,-0.318616,KEN,USA,7259
121,231,1220,1968,7763,11070,0.992735,0.683944,KOR,USA,7259
123,231,1220,1968,0,819,-0.43895,-0.631242,LAO,USA,7259
124,231,1220,1968,0,3089,0.7129770000000001,1.136677,LBN,USA,7259
126,231,1220,1968,0,2841,-1.864928,-0.47663500000000003,LBY,USA,7259
128,231,1220,1968,0,3010,-1.048844,-0.673287,LKA,USA,7259
134,231,1220,1968,0,8519,-0.219575,-0.657712,MAR,USA,7259
138,231,1220,1968,4978,2475296,0.306611,0.36893000000000004,MEX,USA,7259
143,231,1220,1968,0,16799,-0.96686,-0.782324,MMR,USA,7259
150,231,1220,1968,0,12172,0.026755,-0.5054850000000001,MTQ,USA,7259
153,231,1220,1968,0,33250,-0.530212,-0.618034,MYS,USA,7259
156,231,1220,1968,0,4067,-1.281862,-0.337455,NCL,USA,7259
159,231,1220,1968,0,866,-1.317379,-0.822881,NGA,USA,7259
160,231,1220,1968,0,22186,0.141456,-0.299055,NIC,USA,7259
162,231,1220,1968,381575,460134,1.4081620000000001,2.841383,NLD,USA,7259
163,231,1220,1968,252554,189713,1.258037,1.6438409999999999,NOR,USA,7259
166,231,1220,1968,0,91718,0.184389,-0.451151,NZL,USA,7259
168,231,1220,1968,0,38814,0.17055499999999998,-0.249302,PAK,USA,7259
169,231,1220,1968,0,205775,1.151761,0.8629450000000001,PAN,USA,7259
173,231,1220,1968,0,163057,-0.676242,-0.815086,PER,USA,7259
174,231,1220,1968,0,189122,-0.38509499999999997,-0.708784,PHL,USA,7259
177,231,1220,1968,0,40956,0.9209379999999999,1.762821,POL,USA,7259
179,231,1220,1968,2868,24281,1.014702,1.024988,PRT,USA,7259
180,231,1220,1968,0,1184,-0.605754,-0.77208,PRY,USA,7259
183,231,1220,1968,0,12279,-1.9631509999999999,-0.438784,QAT,USA,7259
185,231,1220,1968,0,2738,0.7897609999999999,0.9959479999999999,ROU,USA,7259
186,231,1220,1968,0,4002,0.429629,0.513075,RUS,USA,7259
188,231,1220,1968,0,1751,-1.510775,-0.48828699999999997,SAU,USA,7259
191,231,1220,1968,0,6601,-0.380494,-0.698573,SEN,USA,7259
192,231,1220,1968,0,346190,0.34532199999999996,0.624988,SGP,USA,7259
197,231,1220,1968,0,20204,0.8662620000000001,0.791027,SLV,USA,7259
205,231,1220,1968,0,1556,-0.43228199999999994,-0.560526,SUR,USA,7259
208,231,1220,1968,475653,376384,1.968017,2.7641270000000002,SWE,USA,7259
212,231,1220,1968,0,2415,-0.14453,-0.669121,SYR,USA,7259
216,231,1220,1968,0,4178399,-0.59446,-0.7126439999999999,THA,USA,7259
222,231,1220,1968,0,17013,0.388499,-0.182041,TTO,USA,7259
223,231,1220,1968,0,2501,-0.129079,-0.54896,TUN,USA,7259
224,231,1220,1968,0,61639,-0.654801,-0.8012319999999999,TUR,USA,7259
230,231,1220,1968,0,6244,0.418634,-0.177045,URY,USA,7259
236,231,1220,1968,14368,524120,-0.7130850000000001,-0.5042939999999999,VEN,USA,7259
239,231,1220,1968,0,41184,0.414368,-0.21605500000000002,VNM,USA,7259
245,231,1220,1968,0,5856,1.0230700000000001,2.3184560000000003,YUG,USA,7259
246,231,1220,1968,0,395583,-0.397811,-0.621199,ZAF,USA,7259
247,231,1220,1968,0,742,-0.811549,-0.6721600000000001,ZMB,USA,7259
249,231,1220,1968,0,18443,1.152169,1.691066,TWN,USA,7259
250,231,1220,1968,0,3699,0.8133859999999999,0.47075900000000004,ANS,USA,7259
14,249,1220,1968,778,764,0.215398,0.115257,AUS,TWN,7259
15,249,1220,1968,4285,0,1.94925,1.6721810000000001,AUT,TWN,7259
39,249,1220,1968,3398,0,0.6867270000000001,0.846297,CAN,TWN,7259
61,249,1220,1968,21745,0,2.2253979999999998,-1.8081060000000002,DEU,TWN,7259
71,249,1220,1968,2321,0,0.781529,1.259275,ESP,TWN,7259
81,249,1220,1968,3837,0,2.058025,0.677452,GBR,TWN,7259
97,249,1220,1968,1484,3370,1.397888,1.218178,HKG,TWN,7259
111,249,1220,1968,423,0,1.8991650000000002,1.865793,ITA,TWN,7259
114,249,1220,1968,431897,446,1.844871,2.2220470000000003,JPN,TWN,7259
123,249,1220,1968,0,283,-0.43895,-0.631242,LAO,TWN,7259
153,249,1220,1968,0,4586,-0.530212,-0.618034,MYS,TWN,7259
174,249,1220,1968,0,12619,-0.38509499999999997,-0.708784,PHL,TWN,7259
192,249,1220,1968,0,5301,0.34532199999999996,0.624988,SGP,TWN,7259
208,249,1220,1968,1543,0,1.968017,2.7641270000000002,SWE,TWN,7259
216,249,1220,1968,0,63664,-0.59446,-0.7126439999999999,THA,TWN,7259
231,249,1220,1968,18443,0,1.9577650000000002,1.500362,USA,TWN,7259
239,249,1220,1968,0,14232,0.414368,-0.21605500000000002,VNM,TWN,7259
8,250,1220,1968,0,363,0.148111,0.088328,ARG,ANS,7259
14,250,1220,1968,0,397,0.215398,0.115257,AUS,ANS,7259
15,250,1220,1968,438,0,1.94925,1.6721810000000001,AUT,ANS,7259
18,250,1220,1968,433,0,1.529065,2.472506,BEL,ANS,7259
64,250,1220,1968,965,0,1.5995489999999999,2.6483209999999997,DNK,ANS,7259
66,250,1220,1968,0,577,-0.6151939999999999,-0.68092,DZA,ANS,7259
71,250,1220,1968,435,571,0.781529,1.259275,ESP,ANS,7259
74,250,1220,1968,821,0,1.401928,1.205835,FIN,ANS,7259
77,250,1220,1968,744,0,1.7160810000000002,1.713236,FRA,ANS,7259
81,250,1220,1968,2608,561,2.058025,0.677452,GBR,ANS,7259
83,250,1220,1968,0,442,-0.995481,-0.76246,GHA,ANS,7259
104,250,1220,1968,441,0,0.1404,0.23993299999999998,IND,ANS,7259
110,250,1220,1968,0,605,1.105346,0.8750629999999999,ISR,ANS,7259
111,250,1220,1968,881,0,1.8991650000000002,1.865793,ITA,ANS,7259
114,250,1220,1968,78664,988,1.844871,2.2220470000000003,JPN,ANS,7259
124,250,1220,1968,444,0,0.7129770000000001,1.136677,LBN,ANS,7259
134,250,1220,1968,0,1096,-0.219575,-0.657712,MAR,ANS,7259
162,250,1220,1968,1414,0,1.4081620000000001,2.841383,NLD,ANS,7259
163,250,1220,1968,870,0,1.258037,1.6438409999999999,NOR,ANS,7259
166,250,1220,1968,0,512,0.184389,-0.451151,NZL,ANS,7259
169,250,1220,1968,0,1951,1.151761,0.8629450000000001,PAN,ANS,7259
188,250,1220,1968,0,608,-1.510775,-0.48828699999999997,SAU,ANS,7259
208,250,1220,1968,700,0,1.968017,2.7641270000000002,SWE,ANS,7259
231,250,1220,1968,3699,0,1.9577650000000002,1.500362,USA,ANS,7259
61,6,1220,1968,351,0,2.2253979999999998,-1.8081060000000002,DEU,ANT,7259
162,6,1220,1968,0,3950,1.4081620000000001,2.841383,NLD,ANT,7259
205,6,1220,1968,0,1633,-0.43228199999999994,-0.560526,SUR,ANT,7259
231,6,1220,1968,2368,0,1.9577650000000002,1.500362,USA,ANT,7259
8,32,1220,1968,0,19865,0.148111,0.088328,ARG,BRA,7259
15,32,1220,1968,2660,426,1.94925,1.6721810000000001,AUT,BRA,7259
39,32,1220,1968,19727,96499,0.6867270000000001,0.846297,CAN,BRA,7259
41,32,1220,1968,20931,0,2.1128139999999997,2.181377,CHE,BRA,7259
42,32,1220,1968,0,1494,0.042475,-0.45777299999999993,CHL,BRA,7259
53,32,1220,1968,2235,0,1.6086129999999998,2.804711,CSK,BRA,7259
61,32,1220,1968,1303328,0,2.2253979999999998,-1.8081060000000002,DEU,BRA,7259
74,32,1220,1968,10847,0,1.401928,1.205835,FIN,BRA,7259
77,32,1220,1968,42465,0,1.7160810000000002,1.713236,FRA,BRA,7259
81,32,1220,1968,284524,0,2.058025,0.677452,GBR,BRA,7259
111,32,1220,1968,102822,0,1.8991650000000002,1.865793,ITA,BRA,7259
114,32,1220,1968,14007,0,1.844871,2.2220470000000003,JPN,BRA,7259
138,32,1220,1968,0,4331,0.306611,0.36893000000000004,MEX,BRA,7259
162,32,1220,1968,2999,0,1.4081620000000001,2.841383,NLD,BRA,7259
173,32,1220,1968,0,26145,-0.676242,-0.815086,PER,BRA,7259
179,32,1220,1968,25892,0,1.014702,1.024988,PRT,BRA,7259
208,32,1220,1968,71666,0,1.968017,2.7641270000000002,SWE,BRA,7259
230,32,1220,1968,0,1286,0.418634,-0.177045,URY,BRA,7259
231,32,1220,1968,122591,0,1.9577650000000002,1.500362,USA,BRA,7259
236,32,1220,1968,0,597,-0.7130850000000001,-0.5042939999999999,VEN,BRA,7259
239,32,1220,1968,0,4899,0.414368,-0.21605500000000002,VNM,BRA,7259
61,44,1220,1968,3036,0,2.2253979999999998,-1.8081060000000002,DEU,CIV,7259
77,44,1220,1968,22133,0,1.7160810000000002,1.713236,FRA,CIV,7259
81,44,1220,1968,2075,0,2.058025,0.677452,GBR,CIV,7259
134,44,1220,1968,484,0,-0.219575,-0.657712,MAR,CIV,7259
208,44,1220,1968,2798,0,1.968017,2.7641270000000002,SWE,CIV,7259
8,71,1220,1968,0,1143,0.148111,0.088328,ARG,ESP,7259
14,71,1220,1968,0,2891,0.215398,0.115257,AUS,ESP,7259
15,71,1220,1968,5734,0,1.94925,1.6721810000000001,AUT,ESP,7259
18,71,1220,1968,34111,0,1.529065,2.472506,BEL,ESP,7259
39,71,1220,1968,0,1236,0.6867270000000001,0.846297,CAN,ESP,7259
41,71,1220,1968,170251,828,2.1128139999999997,2.181377,CHE,ESP,7259
42,71,1220,1968,0,24166,0.042475,-0.45777299999999993,CHL,ESP,7259
49,71,1220,1968,0,37168,-0.179843,-0.5681729999999999,COL,ESP,7259
53,71,1220,1968,2394,0,1.6086129999999998,2.804711,CSK,ESP,7259
61,71,1220,1968,1822347,35141,2.2253979999999998,-1.8081060000000002,DEU,ESP,7259
64,71,1220,1968,2495,0,1.5995489999999999,2.6483209999999997,DNK,ESP,7259
66,71,1220,1968,0,318,-0.6151939999999999,-0.68092,DZA,ESP,7259
67,71,1220,1968,0,2360,-0.5838800000000001,-0.767904,ECU,ESP,7259
74,71,1220,1968,79300,0,1.401928,1.205835,FIN,ESP,7259
77,71,1220,1968,115103,18898,1.7160810000000002,1.713236,FRA,ESP,7259
81,71,1220,1968,176945,6979,2.058025,0.677452,GBR,ESP,7259
93,71,1220,1968,0,430,0.5246930000000001,0.169407,GTM,ESP,7259
111,71,1220,1968,722803,20526,1.8991650000000002,1.865793,ITA,ESP,7259
114,71,1220,1968,34568,0,1.844871,2.2220470000000003,JPN,ESP,7259
134,71,1220,1968,769,13118,-0.219575,-0.657712,MAR,ESP,7259
138,71,1220,1968,0,103160,0.306611,0.36893000000000004,MEX,ESP,7259
148,71,1220,1968,0,290,-0.584021,-0.6288090000000001,MRT,ESP,7259
162,71,1220,1968,22362,2877,1.4081620000000001,2.841383,NLD,ESP,7259
163,71,1220,1968,0,2555,1.258037,1.6438409999999999,NOR,ESP,7259
173,71,1220,1968,0,22926,-0.676242,-0.815086,PER,ESP,7259
179,71,1220,1968,940,96204,1.014702,1.024988,PRT,ESP,7259
197,71,1220,1968,0,282,0.8662620000000001,0.791027,SLV,ESP,7259
208,71,1220,1968,109274,1654,1.968017,2.7641270000000002,SWE,ESP,7259
231,71,1220,1968,103801,1948,1.9577650000000002,1.500362,USA,ESP,7259
236,71,1220,1968,0,2895,-0.7130850000000001,-0.5042939999999999,VEN,ESP,7259
249,71,1220,1968,0,2321,1.152169,1.691066,TWN,ESP,7259
250,71,1220,1968,571,435,0.8133859999999999,0.47075900000000004,ANS,ESP,7259
14,74,1220,1968,0,4848,0.215398,0.115257,AUS,FIN,7259
15,74,1220,1968,79918,25934,1.94925,1.6721810000000001,AUT,FIN,7259
18,74,1220,1968,10055,1114,1.529065,2.472506,BEL,FIN,7259
23,74,1220,1968,0,533,0.581187,0.53879,BGR,FIN,7259
32,74,1220,1968,0,10847,-0.325932,-0.334875,BRA,FIN,7259
39,74,1220,1968,28252,20692,0.6867270000000001,0.846297,CAN,FIN,7259
41,74,1220,1968,99670,582,2.1128139999999997,2.181377,CHE,FIN,7259
42,74,1220,1968,0,2692,0.042475,-0.45777299999999993,CHL,FIN,7259
43,74,1220,1968,0,5911,0.610282,1.61494,CHN,FIN,7259
49,74,1220,1968,0,7451,-0.179843,-0.5681729999999999,COL,FIN,7259
53,74,1220,1968,672,17285,1.6086129999999998,2.804711,CSK,FIN,7259
61,74,1220,1968,883627,1184950,2.2253979999999998,-1.8081060000000002,DEU,FIN,7259
64,74,1220,1968,1601,51539,1.5995489999999999,2.6483209999999997,DNK,FIN,7259
67,74,1220,1968,0,1572,-0.5838800000000001,-0.767904,ECU,FIN,7259
71,74,1220,1968,0,79300,0.781529,1.259275,ESP,FIN,7259
77,74,1220,1968,53480,20474,1.7160810000000002,1.713236,FRA,FIN,7259
81,74,1220,1968,1186302,76243,2.058025,0.677452,GBR,FIN,7259
102,74,1220,1968,0,336571,0.9154209999999999,1.253378,HUN,FIN,7259
104,74,1220,1968,0,1734,0.1404,0.23993299999999998,IND,FIN,7259
107,74,1220,1968,0,9397,-0.731453,-0.764668,IRN,FIN,7259
110,74,1220,1968,0,605,1.105346,0.8750629999999999,ISR,FIN,7259
111,74,1220,1968,104805,622686,1.8991650000000002,1.865793,ITA,FIN,7259
114,74,1220,1968,180172,15076,1.844871,2.2220470000000003,JPN,FIN,7259
138,74,1220,1968,0,4365,0.306611,0.36893000000000004,MEX,FIN,7259
162,74,1220,1968,21660,18736,1.4081620000000001,2.841383,NLD,FIN,7259
163,74,1220,1968,40719,910435,1.258037,1.6438409999999999,NOR,FIN,7259
166,74,1220,1968,0,1351,0.184389,-0.451151,NZL,FIN,7259
168,74,1220,1968,0,4484,0.17055499999999998,-0.249302,PAK,FIN,7259
174,74,1220,1968,0,1107,-0.38509499999999997,-0.708784,PHL,FIN,7259
177,74,1220,1968,0,91197,0.9209379999999999,1.762821,POL,FIN,7259
179,74,1220,1968,0,833,1.014702,1.024988,PRT,FIN,7259
186,74,1220,1968,830,3601113,0.429629,0.513075,RUS,FIN,7259
208,74,1220,1968,743862,2131912,1.968017,2.7641270000000002,SWE,FIN,7259
216,74,1220,1968,0,2095,-0.59446,-0.7126439999999999,THA,FIN,7259
224,74,1220,1968,0,12463,-0.654801,-0.8012319999999999,TUR,FIN,7259
231,74,1220,1968,247126,200962,1.9577650000000002,1.500362,USA,FIN,7259
236,74,1220,1968,0,314,-0.7130850000000001,-0.5042939999999999,VEN,FIN,7259
239,74,1220,1968,0,114882,0.414368,-0.21605500000000002,VNM,FIN,7259
245,74,1220,1968,0,16177,1.0230700000000001,2.3184560000000003,YUG,FIN,7259
246,74,1220,1968,0,2705,-0.397811,-0.621199,ZAF,FIN,7259
250,74,1220,1968,0,821,0.8133859999999999,0.47075900000000004,ANS,FIN,7259
77,80,1220,1968,467,0,1.7160810000000002,1.713236,FRA,GAB,7259
231,80,1220,1968,478,0,1.9577650000000002,1.500362,USA,GAB,7259
2,179,1220,1968,0,15886,-1.129591,-0.880391,AGO,PRT,7259
15,179,1220,1968,2912,0,1.94925,1.6721810000000001,AUT,PRT,7259
18,179,1220,1968,794,0,1.529065,2.472506,BEL,PRT,7259
32,179,1220,1968,0,25892,-0.325932,-0.334875,BRA,PRT,7259
41,179,1220,1968,2406,0,2.1128139999999997,2.181377,CHE,PRT,7259
53,179,1220,1968,2016,0,1.6086129999999998,2.804711,CSK,PRT,7259
61,179,1220,1968,1238193,0,2.2253979999999998,-1.8081060000000002,DEU,PRT,7259
71,179,1220,1968,96204,940,0.781529,1.259275,ESP,PRT,7259
74,179,1220,1968,833,0,1.401928,1.205835,FIN,PRT,7259
77,179,1220,1968,43827,0,1.7160810000000002,1.713236,FRA,PRT,7259
81,179,1220,1968,88355,3418,2.058025,0.677452,GBR,PRT,7259
111,179,1220,1968,15097,0,1.8991650000000002,1.865793,ITA,PRT,7259
147,179,1220,1968,0,6027,-0.859319,-0.818945,MOZ,PRT,7259
162,179,1220,1968,5341,0,1.4081620000000001,2.841383,NLD,PRT,7259
163,179,1220,1968,4389,0,1.258037,1.6438409999999999,NOR,PRT,7259
208,179,1220,1968,55868,479,1.968017,2.7641270000000002,SWE,PRT,7259
231,179,1220,1968,24281,2868,1.9577650000000002,1.500362,USA,PRT,7259
15,216,1220,1968,7340,0,1.94925,1.6721810000000001,AUT,THA,7259
39,216,1220,1968,3080,0,0.6867270000000001,0.846297,CAN,THA,7259
41,216,1220,1968,529,0,2.1128139999999997,2.181377,CHE,THA,7259
53,216,1220,1968,10632,0,1.6086129999999998,2.804711,CSK,THA,7259
61,216,1220,1968,121259,0,2.2253979999999998,-1.8081060000000002,DEU,THA,7259
64,216,1220,1968,3439,0,1.5995489999999999,2.6483209999999997,DNK,THA,7259
74,216,1220,1968,2095,0,1.401928,1.205835,FIN,THA,7259
77,216,1220,1968,2456,0,1.7160810000000002,1.713236,FRA,THA,7259
81,216,1220,1968,149724,0,2.058025,0.677452,GBR,THA,7259
97,216,1220,1968,3668,0,1.397888,1.218178,HKG,THA,7259
104,216,1220,1968,2385,0,0.1404,0.23993299999999998,IND,THA,7259
111,216,1220,1968,6423,0,1.8991650000000002,1.865793,ITA,THA,7259
114,216,1220,1968,94314,619,1.844871,2.2220470000000003,JPN,THA,7259
153,216,1220,1968,0,1857,-0.530212,-0.618034,MYS,THA,7259
162,216,1220,1968,2694,0,1.4081620000000001,2.841383,NLD,THA,7259
174,216,1220,1968,0,3996,-0.38509499999999997,-0.708784,PHL,THA,7259
208,216,1220,1968,669245,0,1.968017,2.7641270000000002,SWE,THA,7259
231,216,1220,1968,4178399,0,1.9577650000000002,1.500362,USA,THA,7259
239,216,1220,1968,0,764,0.414368,-0.21605500000000002,VNM,THA,7259
249,216,1220,1968,63664,0,1.152169,1.691066,TWN,THA,7259
39,222,1220,1968,584,0,0.6867270000000001,0.846297,CAN,TTO,7259
61,222,1220,1968,34302,0,2.2253979999999998,-1.8081060000000002,DEU,TTO,7259
81,222,1220,1968,12978,0,2.058025,0.677452,GBR,TTO,7259
231,222,1220,1968,17013,0,1.9577650000000002,1.500362,USA,TTO,7259
15,68,1220,1968,739,0,1.94925,1.6721810000000001,AUT,EGY,7259
41,68,1220,1968,606,0,2.1128139999999997,2.181377,CHE,EGY,7259
61,68,1220,1968,34520,0,2.2253979999999998,-1.8081060000000002,DEU,EGY,7259
77,68,1220,1968,6096,0,1.7160810000000002,1.713236,FRA,EGY,7259
81,68,1220,1968,2265,287,2.058025,0.677452,GBR,EGY,7259
104,68,1220,1968,2131,0,0.1404,0.23993299999999998,IND,EGY,7259
111,68,1220,1968,8004,1081,1.8991650000000002,1.865793,ITA,EGY,7259
114,68,1220,1968,2766,0,1.844871,2.2220470000000003,JPN,EGY,7259
163,68,1220,1968,133,0,1.258037,1.6438409999999999,NOR,EGY,7259
177,68,1220,1968,16846,0,0.9209379999999999,1.762821,POL,EGY,7259
208,68,1220,1968,2773,0,1.968017,2.7641270000000002,SWE,EGY,7259
231,68,1220,1968,5379,0,1.9577650000000002,1.500362,USA,EGY,7259
15,102,1220,1968,18042,0,1.94925,1.6721810000000001,AUT,HUN,7259
41,102,1220,1968,4226,0,2.1128139999999997,2.181377,CHE,HUN,7259
61,102,1220,1968,54646,0,2.2253979999999998,-1.8081060000000002,DEU,HUN,7259
74,102,1220,1968,336571,0,1.401928,1.205835,FIN,HUN,7259
77,102,1220,1968,1148,0,1.7160810000000002,1.713236,FRA,HUN,7259
81,102,1220,1968,17138,0,2.058025,0.677452,GBR,HUN,7259
111,102,1220,1968,2302,0,1.8991650000000002,1.865793,ITA,HUN,7259
162,102,1220,1968,537,0,1.4081620000000001,2.841383,NLD,HUN,7259
208,102,1220,1968,25765,0,1.968017,2.7641270000000002,SWE,HUN,7259
231,102,1220,1968,1409,0,1.9577650000000002,1.500362,USA,HUN,7259
245,102,1220,1968,0,1189,1.0230700000000001,2.3184560000000003,YUG,HUN,7259
61,126,1220,1968,33407,0,2.2253979999999998,-1.8081060000000002,DEU,LBY,7259
81,126,1220,1968,2822,0,2.058025,0.677452,GBR,LBY,7259
111,126,1220,1968,7297,0,1.8991650000000002,1.865793,ITA,LBY,7259
124,126,1220,1968,3338,0,0.7129770000000001,1.136677,LBN,LBY,7259
231,126,1220,1968,2841,0,1.9577650000000002,1.500362,USA,LBY,7259
15,134,1220,1968,840,0,1.94925,1.6721810000000001,AUT,MAR,7259
18,134,1220,1968,9931,0,1.529065,2.472506,BEL,MAR,7259
39,134,1220,1968,5496,0,0.6867270000000001,0.846297,CAN,MAR,7259
41,134,1220,1968,1224,0,2.1128139999999997,2.181377,CHE,MAR,7259
43,134,1220,1968,680,0,0.610282,1.61494,CHN,MAR,7259
44,134,1220,1968,0,484,-0.9004639999999999,-0.815828,CIV,MAR,7259
53,134,1220,1968,421,0,1.6086129999999998,2.804711,CSK,MAR,7259
61,134,1220,1968,147105,0,2.2253979999999998,-1.8081060000000002,DEU,MAR,7259
64,134,1220,1968,397,0,1.5995489999999999,2.6483209999999997,DNK,MAR,7259
71,134,1220,1968,13118,769,0.781529,1.259275,ESP,MAR,7259
77,134,1220,1968,208696,411,1.7160810000000002,1.713236,FRA,MAR,7259
81,134,1220,1968,4177,0,2.058025,0.677452,GBR,MAR,7259
111,134,1220,1968,7561,0,1.8991650000000002,1.865793,ITA,MAR,7259
163,134,1220,1968,4781,0,1.258037,1.6438409999999999,NOR,MAR,7259
208,134,1220,1968,3304,0,1.968017,2.7641270000000002,SWE,MAR,7259
231,134,1220,1968,8519,0,1.9577650000000002,1.500362,USA,MAR,7259
250,134,1220,1968,1096,0,0.8133859999999999,0.47075900000000004,ANS,MAR,7259
14,143,1220,1968,32590,0,0.215398,0.115257,AUS,MMR,7259
43,143,1220,1968,459,0,0.610282,1.61494,CHN,MMR,7259
53,143,1220,1968,59601,0,1.6086129999999998,2.804711,CSK,MMR,7259
61,143,1220,1968,10811,0,2.2253979999999998,-1.8081060000000002,DEU,MMR,7259
77,143,1220,1968,1035,0,1.7160810000000002,1.713236,FRA,MMR,7259
81,143,1220,1968,42912,0,2.058025,0.677452,GBR,MMR,7259
114,143,1220,1968,10755,0,1.844871,2.2220470000000003,JPN,MMR,7259
153,143,1220,1968,1877,0,-0.530212,-0.618034,MYS,MMR,7259
208,143,1220,1968,16865,0,1.968017,2.7641270000000002,SWE,MMR,7259
231,143,1220,1968,16799,0,1.9577650000000002,1.500362,USA,MMR,7259
15,245,1220,1968,127088,1764,1.94925,1.6721810000000001,AUT,YUG,7259
18,245,1220,1968,491,0,1.529065,2.472506,BEL,YUG,7259
41,245,1220,1968,8645,0,2.1128139999999997,2.181377,CHE,YUG,7259
53,245,1220,1968,16313,0,1.6086129999999998,2.804711,CSK,YUG,7259
61,245,1220,1968,796866,11800,2.2253979999999998,-1.8081060000000002,DEU,YUG,7259
74,245,1220,1968,16177,0,1.401928,1.205835,FIN,YUG,7259
77,245,1220,1968,13527,0,1.7160810000000002,1.713236,FRA,YUG,7259
81,245,1220,1968,44442,434,2.058025,0.677452,GBR,YUG,7259
102,245,1220,1968,1189,0,0.9154209999999999,1.253378,HUN,YUG,7259
104,245,1220,1968,779,0,0.1404,0.23993299999999998,IND,YUG,7259
111,245,1220,1968,157127,2185,1.8991650000000002,1.865793,ITA,YUG,7259
114,245,1220,1968,13733,0,1.844871,2.2220470000000003,JPN,YUG,7259
162,245,1220,1968,1545,0,1.4081620000000001,2.841383,NLD,YUG,7259
163,245,1220,1968,2288,0,1.258037,1.6438409999999999,NOR,YUG,7259
168,245,1220,1968,0,529,0.17055499999999998,-0.249302,PAK,YUG,7259
186,245,1220,1968,0,5447,0.429629,0.513075,RUS,YUG,7259
208,245,1220,1968,44824,0,1.968017,2.7641270000000002,SWE,YUG,7259
231,245,1220,1968,5856,0,1.9577650000000002,1.500362,USA,YUG,7259
15,2,1220,1968,773,0,1.94925,1.6721810000000001,AUT,AGO,7259
18,2,1220,1968,507,0,1.529065,2.472506,BEL,AGO,7259
41,2,1220,1968,1203,0,2.1128139999999997,2.181377,CHE,AGO,7259
61,2,1220,1968,15822,0,2.2253979999999998,-1.8081060000000002,DEU,AGO,7259
81,2,1220,1968,123587,363,2.058025,0.677452,GBR,AGO,7259
111,2,1220,1968,3623,0,1.8991650000000002,1.865793,ITA,AGO,7259
163,2,1220,1968,456,0,1.258037,1.6438409999999999,NOR,AGO,7259
179,2,1220,1968,15886,0,1.014702,1.024988,PRT,AGO,7259
208,2,1220,1968,55154,0,1.968017,2.7641270000000002,SWE,AGO,7259
231,2,1220,1968,7372,0,1.9577650000000002,1.500362,USA,AGO,7259
15,8,1220,1968,1767,0,1.94925,1.6721810000000001,AUT,ARG,7259
18,8,1220,1968,2881,0,1.529065,2.472506,BEL,ARG,7259
32,8,1220,1968,19865,0,-0.325932,-0.334875,BRA,ARG,7259
39,8,1220,1968,11581,0,0.6867270000000001,0.846297,CAN,ARG,7259
41,8,1220,1968,33593,0,2.1128139999999997,2.181377,CHE,ARG,7259
42,8,1220,1968,0,388,0.042475,-0.45777299999999993,CHL,ARG,7259
61,8,1220,1968,365816,0,2.2253979999999998,-1.8081060000000002,DEU,ARG,7259
71,8,1220,1968,1143,0,0.781529,1.259275,ESP,ARG,7259
77,8,1220,1968,5577,0,1.7160810000000002,1.713236,FRA,ARG,7259
81,8,1220,1968,70570,0,2.058025,0.677452,GBR,ARG,7259
111,8,1220,1968,40676,0,1.8991650000000002,1.865793,ITA,ARG,7259
114,8,1220,1968,9677,0,1.844871,2.2220470000000003,JPN,ARG,7259
162,8,1220,1968,1877,0,1.4081620000000001,2.841383,NLD,ARG,7259
180,8,1220,1968,0,683,-0.605754,-0.77208,PRY,ARG,7259
208,8,1220,1968,17780,0,1.968017,2.7641270000000002,SWE,ARG,7259
230,8,1220,1968,0,2204,0.418634,-0.177045,URY,ARG,7259
231,8,1220,1968,251940,0,1.9577650000000002,1.500362,USA,ARG,7259
250,8,1220,1968,363,0,0.8133859999999999,0.47075900000000004,ANS,ARG,7259
15,14,1220,1968,2503,0,1.94925,1.6721810000000001,AUT,AUS,7259
18,14,1220,1968,530,0,1.529065,2.472506,BEL,AUS,7259
39,14,1220,1968,231240,44605,0.6867270000000001,0.846297,CAN,AUS,7259
41,14,1220,1968,164737,2938,2.1128139999999997,2.181377,CHE,AUS,7259
53,14,1220,1968,7005,0,1.6086129999999998,2.804711,CSK,AUS,7259
61,14,1220,1968,775224,0,2.2253979999999998,-1.8081060000000002,DEU,AUS,7259
64,14,1220,1968,3661,0,1.5995489999999999,2.6483209999999997,DNK,AUS,7259
71,14,1220,1968,2891,0,0.781529,1.259275,ESP,AUS,7259
74,14,1220,1968,4848,0,1.401928,1.205835,FIN,AUS,7259
75,14,1220,1968,0,835,-0.04004,-0.562962,FJI,AUS,7259
77,14,1220,1968,8186,0,1.7160810000000002,1.713236,FRA,AUS,7259
81,14,1220,1968,1731258,20788,2.058025,0.677452,GBR,AUS,7259
97,14,1220,1968,0,1590,1.397888,1.218178,HKG,AUS,7259
110,14,1220,1968,2962,0,1.105346,0.8750629999999999,ISR,AUS,7259
111,14,1220,1968,32619,4615,1.8991650000000002,1.865793,ITA,AUS,7259
114,14,1220,1968,612542,803,1.844871,2.2220470000000003,JPN,AUS,7259
143,14,1220,1968,0,32590,-0.96686,-0.782324,MMR,AUS,7259
156,14,1220,1968,0,468,-1.281862,-0.337455,NCL,AUS,7259
162,14,1220,1968,115804,0,1.4081620000000001,2.841383,NLD,AUS,7259
163,14,1220,1968,9545,0,1.258037,1.6438409999999999,NOR,AUS,7259
166,14,1220,1968,1134,54957,0.184389,-0.451151,NZL,AUS,7259
168,14,1220,1968,0,376,0.17055499999999998,-0.249302,PAK,AUS,7259
174,14,1220,1968,0,968,-0.38509499999999997,-0.708784,PHL,AUS,7259
176,14,1220,1968,0,5215,-0.9894790000000001,-0.735923,PNG,AUS,7259
192,14,1220,1968,0,2008,0.34532199999999996,0.624988,SGP,AUS,7259
208,14,1220,1968,132443,0,1.968017,2.7641270000000002,SWE,AUS,7259
231,14,1220,1968,411976,2326,1.9577650000000002,1.500362,USA,AUS,7259
246,14,1220,1968,0,2177,-0.397811,-0.621199,ZAF,AUS,7259
249,14,1220,1968,764,778,1.152169,1.691066,TWN,AUS,7259
250,14,1220,1968,397,0,0.8133859999999999,0.47075900000000004,ANS,AUS,7259
111,19,1220,1968,51342,0,1.8991650000000002,1.865793,ITA,BEN,7259
231,25,1220,1968,2273,0,1.9577650000000002,1.500362,USA,BHS,7259
61,30,1220,1968,1008,0,2.2253979999999998,-1.8081060000000002,DEU,BMU,7259
39,33,1220,1968,2133,0,0.6867270000000001,0.846297,CAN,BRB,7259
61,33,1220,1968,6322,0,2.2253979999999998,-1.8081060000000002,DEU,BRB,7259
231,33,1220,1968,12206,0,1.9577650000000002,1.500362,USA,BRB,7259
8,42,1220,1968,388,0,0.148111,0.088328,ARG,CHL,7259
15,42,1220,1968,1313,0,1.94925,1.6721810000000001,AUT,CHL,7259
18,42,1220,1968,11133,0,1.529065,2.472506,BEL,CHL,7259
32,42,1220,1968,1494,0,-0.325932,-0.334875,BRA,CHL,7259
39,42,1220,1968,53798,0,0.6867270000000001,0.846297,CAN,CHL,7259
41,42,1220,1968,7886,0,2.1128139999999997,2.181377,CHE,CHL,7259
61,42,1220,1968,339292,1143,2.2253979999999998,-1.8081060000000002,DEU,CHL,7259
64,42,1220,1968,453,0,1.5995489999999999,2.6483209999999997,DNK,CHL,7259
71,42,1220,1968,24166,0,0.781529,1.259275,ESP,CHL,7259
74,42,1220,1968,2692,0,1.401928,1.205835,FIN,CHL,7259
77,42,1220,1968,1129,0,1.7160810000000002,1.713236,FRA,CHL,7259
81,42,1220,1968,18694,0,2.058025,0.677452,GBR,CHL,7259
111,42,1220,1968,49601,0,1.8991650000000002,1.865793,ITA,CHL,7259
114,42,1220,1968,2609,0,1.844871,2.2220470000000003,JPN,CHL,7259
162,42,1220,1968,420,0,1.4081620000000001,2.841383,NLD,CHL,7259
208,42,1220,1968,13223,0,1.968017,2.7641270000000002,SWE,CHL,7259
231,42,1220,1968,262878,0,1.9577650000000002,1.500362,USA,CHL,7259
77,45,1220,1968,71555,0,1.7160810000000002,1.713236,FRA,CMR,7259
81,45,1220,1968,546,0,2.058025,0.677452,GBR,CMR,7259
18,46,1220,1968,11215,0,1.529065,2.472506,BEL,COD,7259
61,46,1220,1968,23871,0,2.2253979999999998,-1.8081060000000002,DEU,COD,7259
77,46,1220,1968,1284,0,1.7160810000000002,1.713236,FRA,COD,7259
81,46,1220,1968,830,0,2.058025,0.677452,GBR,COD,7259
111,46,1220,1968,36759,0,1.8991650000000002,1.865793,ITA,COD,7259
231,46,1220,1968,1612,0,1.9577650000000002,1.500362,USA,COD,7259
61,47,1220,1968,326,0,2.2253979999999998,-1.8081060000000002,DEU,COG,7259
77,47,1220,1968,1548,0,1.7160810000000002,1.713236,FRA,COG,7259
186,47,1220,1968,1278,0,0.429629,0.513075,RUS,COG,7259
208,47,1220,1968,624,0,1.968017,2.7641270000000002,SWE,COG,7259
15,49,1220,1968,515,0,1.94925,1.6721810000000001,AUT,COL,7259
39,49,1220,1968,2758,0,0.6867270000000001,0.846297,CAN,COL,7259
41,49,1220,1968,42820,0,2.1128139999999997,2.181377,CHE,COL,7259
61,49,1220,1968,110858,0,2.2253979999999998,-1.8081060000000002,DEU,COL,7259
71,49,1220,1968,37168,0,0.781529,1.259275,ESP,COL,7259
74,49,1220,1968,7451,0,1.401928,1.205835,FIN,COL,7259
81,49,1220,1968,22092,0,2.058025,0.677452,GBR,COL,7259
111,49,1220,1968,6605,0,1.8991650000000002,1.865793,ITA,COL,7259
138,49,1220,1968,1272,0,0.306611,0.36893000000000004,MEX,COL,7259
162,49,1220,1968,1524,0,1.4081620000000001,2.841383,NLD,COL,7259
208,49,1220,1968,41957,0,1.968017,2.7641270000000002,SWE,COL,7259
231,49,1220,1968,261645,0,1.9577650000000002,1.500362,USA,COL,7259
236,49,1220,1968,2234,0,-0.7130850000000001,-0.5042939999999999,VEN,COL,7259
61,52,1220,1968,57678,0,2.2253979999999998,-1.8081060000000002,DEU,CRI,7259
81,52,1220,1968,4668,0,2.058025,0.677452,GBR,CRI,7259
162,52,1220,1968,95576,0,1.4081620000000001,2.841383,NLD,CRI,7259
231,52,1220,1968,99016,0,1.9577650000000002,1.500362,USA,CRI,7259
15,54,1220,1968,3060,0,1.94925,1.6721810000000001,AUT,CUB,7259
61,54,1220,1968,3056,0,2.2253979999999998,-1.8081060000000002,DEU,CUB,7259
81,54,1220,1968,719,0,2.058025,0.677452,GBR,CUB,7259
208,54,1220,1968,974,0,1.968017,2.7641270000000002,SWE,CUB,7259
61,58,1220,1968,6286,0,2.2253979999999998,-1.8081060000000002,DEU,CYP,7259
81,58,1220,1968,1439,0,2.058025,0.677452,GBR,CYP,7259
110,58,1220,1968,3119,0,1.105346,0.8750629999999999,ISR,CYP,7259
231,58,1220,1968,1307,0,1.9577650000000002,1.500362,USA,CYP,7259
41,65,1220,1968,16826,0,2.1128139999999997,2.181377,CHE,DOM,7259
61,65,1220,1968,31864,0,2.2253979999999998,-1.8081060000000002,DEU,DOM,7259
111,65,1220,1968,449,0,1.8991650000000002,1.865793,ITA,DOM,7259
208,65,1220,1968,1499,0,1.968017,2.7641270000000002,SWE,DOM,7259
231,65,1220,1968,23900,0,1.9577650000000002,1.500362,USA,DOM,7259
236,65,1220,1968,6537,0,-0.7130850000000001,-0.5042939999999999,VEN,DOM,7259
15,66,1220,1968,453,0,1.94925,1.6721810000000001,AUT,DZA,7259
41,66,1220,1968,89289,0,2.1128139999999997,2.181377,CHE,DZA,7259
61,66,1220,1968,89251,0,2.2253979999999998,-1.8081060000000002,DEU,DZA,7259
71,66,1220,1968,318,0,0.781529,1.259275,ESP,DZA,7259
77,66,1220,1968,240185,1131,1.7160810000000002,1.713236,FRA,DZA,7259
81,66,1220,1968,1017,0,2.058025,0.677452,GBR,DZA,7259
111,66,1220,1968,6285,0,1.8991650000000002,1.865793,ITA,DZA,7259
162,66,1220,1968,1509,0,1.4081620000000001,2.841383,NLD,DZA,7259
231,66,1220,1968,771,0,1.9577650000000002,1.500362,USA,DZA,7259
250,66,1220,1968,577,0,0.8133859999999999,0.47075900000000004,ANS,DZA,7259
41,67,1220,1968,332,0,2.1128139999999997,2.181377,CHE,ECU,7259
61,67,1220,1968,82282,0,2.2253979999999998,-1.8081060000000002,DEU,ECU,7259
71,67,1220,1968,2360,0,0.781529,1.259275,ESP,ECU,7259
74,67,1220,1968,1572,0,1.401928,1.205835,FIN,ECU,7259
77,67,1220,1968,3855,0,1.7160810000000002,1.713236,FRA,ECU,7259
81,67,1220,1968,597,0,2.058025,0.677452,GBR,ECU,7259
111,67,1220,1968,2262,0,1.8991650000000002,1.865793,ITA,ECU,7259
114,67,1220,1968,444,0,1.844871,2.2220470000000003,JPN,ECU,7259
208,67,1220,1968,929,0,1.968017,2.7641270000000002,SWE,ECU,7259
231,67,1220,1968,116485,0,1.9577650000000002,1.500362,USA,ECU,7259
61,83,1220,1968,42080,0,2.2253979999999998,-1.8081060000000002,DEU,GHA,7259
81,83,1220,1968,4282,0,2.058025,0.677452,GBR,GHA,7259
114,83,1220,1968,1301,0,1.844871,2.2220470000000003,JPN,GHA,7259
163,83,1220,1968,239,0,1.258037,1.6438409999999999,NOR,GHA,7259
231,83,1220,1968,3876,0,1.9577650000000002,1.500362,USA,GHA,7259
250,83,1220,1968,442,0,0.8133859999999999,0.47075900000000004,ANS,GHA,7259
18,86,1220,1968,437,0,1.529065,2.472506,BEL,GLP,7259
39,86,1220,1968,5481,0,0.6867270000000001,0.846297,CAN,GLP,7259
77,86,1220,1968,2759,0,1.7160810000000002,1.713236,FRA,GLP,7259
231,86,1220,1968,24168,0,1.9577650000000002,1.500362,USA,GLP,7259
41,93,1220,1968,855,0,2.1128139999999997,2.181377,CHE,GTM,7259
61,93,1220,1968,18121,0,2.2253979999999998,-1.8081060000000002,DEU,GTM,7259
71,93,1220,1968,430,0,0.781529,1.259275,ESP,GTM,7259
81,93,1220,1968,1697,0,2.058025,0.677452,GBR,GTM,7259
114,93,1220,1968,1217,0,1.844871,2.2220470000000003,JPN,GTM,7259
162,93,1220,1968,30100,0,1.4081620000000001,2.841383,NLD,GTM,7259
197,93,1220,1968,0,331,0.8662620000000001,0.791027,SLV,GTM,7259
208,93,1220,1968,10090,0,1.968017,2.7641270000000002,SWE,GTM,7259
231,93,1220,1968,90931,0,1.9577650000000002,1.500362,USA,GTM,7259
61,99,1220,1968,6128,0,2.2253979999999998,-1.8081060000000002,DEU,HND,7259
162,99,1220,1968,665,0,1.4081620000000001,2.841383,NLD,HND,7259
231,99,1220,1968,68397,0,1.9577650000000002,1.500362,USA,HND,7259
39,101,1220,1968,1118,0,0.6867270000000001,0.846297,CAN,HTI,7259
61,101,1220,1968,719,0,2.2253979999999998,-1.8081060000000002,DEU,HTI,7259
231,101,1220,1968,2099,0,1.9577650000000002,1.500362,USA,HTI,7259
61,103,1220,1968,27002,0,2.2253979999999998,-1.8081060000000002,DEU,IDN,7259
81,103,1220,1968,1673,0,2.058025,0.677452,GBR,IDN,7259
97,103,1220,1968,9032,0,1.397888,1.218178,HKG,IDN,7259
111,103,1220,1968,1626,0,1.8991650000000002,1.865793,ITA,IDN,7259
114,103,1220,1968,1391,0,1.844871,2.2220470000000003,JPN,IDN,7259
162,103,1220,1968,915,0,1.4081620000000001,2.841383,NLD,IDN,7259
231,103,1220,1968,1615,0,1.9577650000000002,1.500362,USA,IDN,7259
15,106,1220,1968,655,0,1.94925,1.6721810000000001,AUT,IRL,7259
18,106,1220,1968,673,0,1.529065,2.472506,BEL,IRL,7259
39,106,1220,1968,1097,0,0.6867270000000001,0.846297,CAN,IRL,7259
41,106,1220,1968,39271,0,2.1128139999999997,2.181377,CHE,IRL,7259
61,106,1220,1968,93965,0,2.2253979999999998,-1.8081060000000002,DEU,IRL,7259
64,106,1220,1968,373,0,1.5995489999999999,2.6483209999999997,DNK,IRL,7259
77,106,1220,1968,17961,0,1.7160810000000002,1.713236,FRA,IRL,7259
81,106,1220,1968,300202,31015,2.058025,0.677452,GBR,IRL,7259
111,106,1220,1968,11508,0,1.8991650000000002,1.865793,ITA,IRL,7259
162,106,1220,1968,148285,0,1.4081620000000001,2.841383,NLD,IRL,7259
163,106,1220,1968,1742,0,1.258037,1.6438409999999999,NOR,IRL,7259
208,106,1220,1968,19307,0,1.968017,2.7641270000000002,SWE,IRL,7259
231,106,1220,1968,21808,0,1.9577650000000002,1.500362,USA,IRL,7259
18,109,1220,1968,605,0,1.529065,2.472506,BEL,ISL,7259
41,109,1220,1968,1044,0,2.1128139999999997,2.181377,CHE,ISL,7259
61,109,1220,1968,1310,0,2.2253979999999998,-1.8081060000000002,DEU,ISL,7259
81,109,1220,1968,1223,0,2.058025,0.677452,GBR,ISL,7259
208,109,1220,1968,637,0,1.968017,2.7641270000000002,SWE,ISL,7259
231,109,1220,1968,1052,0,1.9577650000000002,1.500362,USA,ISL,7259
39,112,1220,1968,742,0,0.6867270000000001,0.846297,CAN,JAM,7259
41,112,1220,1968,1208,0,2.1128139999999997,2.181377,CHE,JAM,7259
61,112,1220,1968,38301,0,2.2253979999999998,-1.8081060000000002,DEU,JAM,7259
81,112,1220,1968,41573,0,2.058025,0.677452,GBR,JAM,7259
111,112,1220,1968,801,0,1.8991650000000002,1.865793,ITA,JAM,7259
162,112,1220,1968,2258,0,1.4081620000000001,2.841383,NLD,JAM,7259
231,112,1220,1968,78391,0,1.9577650000000002,1.500362,USA,JAM,7259
15,121,1220,1968,12829,0,1.94925,1.6721810000000001,AUT,KOR,7259
61,121,1220,1968,1035520,1209,2.2253979999999998,-1.8081060000000002,DEU,KOR,7259
81,121,1220,1968,1273,0,2.058025,0.677452,GBR,KOR,7259
104,121,1220,1968,453,0,0.1404,0.23993299999999998,IND,KOR,7259
114,121,1220,1968,577623,844,1.844871,2.2220470000000003,JPN,KOR,7259
208,121,1220,1968,7941,0,1.968017,2.7641270000000002,SWE,KOR,7259
231,121,1220,1968,11070,7763,1.9577650000000002,1.500362,USA,KOR,7259
111,125,1220,1968,900,0,1.8991650000000002,1.865793,ITA,LBR,7259
15,138,1220,1968,18026,0,1.94925,1.6721810000000001,AUT,MEX,7259
18,138,1220,1968,3150,0,1.529065,2.472506,BEL,MEX,7259
32,138,1220,1968,4331,0,-0.325932,-0.334875,BRA,MEX,7259
39,138,1220,1968,173884,0,0.6867270000000001,0.846297,CAN,MEX,7259
41,138,1220,1968,123757,0,2.1128139999999997,2.181377,CHE,MEX,7259
49,138,1220,1968,0,1272,-0.179843,-0.5681729999999999,COL,MEX,7259
53,138,1220,1968,6330,0,1.6086129999999998,2.804711,CSK,MEX,7259
61,138,1220,1968,857713,0,2.2253979999999998,-1.8081060000000002,DEU,MEX,7259
64,138,1220,1968,643,0,1.5995489999999999,2.6483209999999997,DNK,MEX,7259
71,138,1220,1968,103160,0,0.781529,1.259275,ESP,MEX,7259
74,138,1220,1968,4365,0,1.401928,1.205835,FIN,MEX,7259
77,138,1220,1968,16188,0,1.7160810000000002,1.713236,FRA,MEX,7259
81,138,1220,1968,91600,0,2.058025,0.677452,GBR,MEX,7259
111,138,1220,1968,956798,0,1.8991650000000002,1.865793,ITA,MEX,7259
114,138,1220,1968,8268,0,1.844871,2.2220470000000003,JPN,MEX,7259
162,138,1220,1968,9771,0,1.4081620000000001,2.841383,NLD,MEX,7259
163,138,1220,1968,798,0,1.258037,1.6438409999999999,NOR,MEX,7259
169,138,1220,1968,0,632,1.151761,0.8629450000000001,PAN,MEX,7259
173,138,1220,1968,0,6431,-0.676242,-0.815086,PER,MEX,7259
208,138,1220,1968,78931,0,1.968017,2.7641270000000002,SWE,MEX,7259
231,138,1220,1968,2475296,4978,1.9577650000000002,1.500362,USA,MEX,7259
236,138,1220,1968,0,954,-0.7130850000000001,-0.5042939999999999,VEN,MEX,7259
61,141,1220,1968,535,0,2.2253979999999998,-1.8081060000000002,DEU,MLI,7259
61,142,1220,1968,3052,0,2.2253979999999998,-1.8081060000000002,DEU,MLT,7259
81,142,1220,1968,2744,0,2.058025,0.677452,GBR,MLT,7259
111,142,1220,1968,533,0,1.8991650000000002,1.865793,ITA,MLT,7259
61,147,1220,1968,30154,0,2.2253979999999998,-1.8081060000000002,DEU,MOZ,7259
77,147,1220,1968,6021,0,1.7160810000000002,1.713236,FRA,MOZ,7259
81,147,1220,1968,3078,0,2.058025,0.677452,GBR,MOZ,7259
111,147,1220,1968,5277,0,1.8991650000000002,1.865793,ITA,MOZ,7259
179,147,1220,1968,6027,0,1.014702,1.024988,PRT,MOZ,7259
208,147,1220,1968,12702,0,1.968017,2.7641270000000002,SWE,MOZ,7259
18,150,1220,1968,756,0,1.529065,2.472506,BEL,MTQ,7259
39,150,1220,1968,6393,0,0.6867270000000001,0.846297,CAN,MTQ,7259
61,150,1220,1968,424,0,2.2253979999999998,-1.8081060000000002,DEU,MTQ,7259
77,150,1220,1968,2882,0,1.7160810000000002,1.713236,FRA,MTQ,7259
231,150,1220,1968,12172,0,1.9577650000000002,1.500362,USA,MTQ,7259
39,153,1220,1968,1129,0,0.6867270000000001,0.846297,CAN,MYS,7259
41,153,1220,1968,1153,0,2.1128139999999997,2.181377,CHE,MYS,7259
43,153,1220,1968,13761,0,0.610282,1.61494,CHN,MYS,7259
61,153,1220,1968,45531,0,2.2253979999999998,-1.8081060000000002,DEU,MYS,7259
81,153,1220,1968,6337,0,2.058025,0.677452,GBR,MYS,7259
97,153,1220,1968,2649,0,1.397888,1.218178,HKG,MYS,7259
111,153,1220,1968,4209,0,1.8991650000000002,1.865793,ITA,MYS,7259
114,153,1220,1968,1720,0,1.844871,2.2220470000000003,JPN,MYS,7259
143,153,1220,1968,0,1877,-0.96686,-0.782324,MMR,MYS,7259
192,153,1220,1968,6740,2823,0.34532199999999996,0.624988,SGP,MYS,7259
208,153,1220,1968,26094,0,1.968017,2.7641270000000002,SWE,MYS,7259
216,153,1220,1968,1857,0,-0.59446,-0.7126439999999999,THA,MYS,7259
231,153,1220,1968,33250,0,1.9577650000000002,1.500362,USA,MYS,7259
249,153,1220,1968,4586,0,1.152169,1.691066,TWN,MYS,7259
18,159,1220,1968,1175,0,1.529065,2.472506,BEL,NGA,7259
41,159,1220,1968,12036,0,2.1128139999999997,2.181377,CHE,NGA,7259
53,159,1220,1968,276,0,1.6086129999999998,2.804711,CSK,NGA,7259
61,159,1220,1968,28102,0,2.2253979999999998,-1.8081060000000002,DEU,NGA,7259
77,159,1220,1968,2230,0,1.7160810000000002,1.713236,FRA,NGA,7259
81,159,1220,1968,5037,0,2.058025,0.677452,GBR,NGA,7259
97,159,1220,1968,1498,0,1.397888,1.218178,HKG,NGA,7259
111,159,1220,1968,11727,0,1.8991650000000002,1.865793,ITA,NGA,7259
114,159,1220,1968,2477,0,1.844871,2.2220470000000003,JPN,NGA,7259
162,159,1220,1968,4248,0,1.4081620000000001,2.841383,NLD,NGA,7259
163,159,1220,1968,6603,0,1.258037,1.6438409999999999,NOR,NGA,7259
208,159,1220,1968,1622,0,1.968017,2.7641270000000002,SWE,NGA,7259
231,159,1220,1968,866,0,1.9577650000000002,1.500362,USA,NGA,7259
61,160,1220,1968,28608,0,2.2253979999999998,-1.8081060000000002,DEU,NIC,7259
64,160,1220,1968,276,0,1.5995489999999999,2.6483209999999997,DNK,NIC,7259
162,160,1220,1968,1054,0,1.4081620000000001,2.841383,NLD,NIC,7259
231,160,1220,1968,22186,0,1.9577650000000002,1.500362,USA,NIC,7259
14,166,1220,1968,54957,1134,0.215398,0.115257,AUS,NZL,7259
15,166,1220,1968,355,0,1.94925,1.6721810000000001,AUT,NZL,7259
18,166,1220,1968,6022,0,1.529065,2.472506,BEL,NZL,7259
39,166,1220,1968,145274,0,0.6867270000000001,0.846297,CAN,NZL,7259
41,166,1220,1968,1135,0,2.1128139999999997,2.181377,CHE,NZL,7259
53,166,1220,1968,1084,0,1.6086129999999998,2.804711,CSK,NZL,7259
61,166,1220,1968,128756,0,2.2253979999999998,-1.8081060000000002,DEU,NZL,7259
64,166,1220,1968,1475,0,1.5995489999999999,2.6483209999999997,DNK,NZL,7259
74,166,1220,1968,1351,0,1.401928,1.205835,FIN,NZL,7259
77,166,1220,1968,8515,0,1.7160810000000002,1.713236,FRA,NZL,7259
81,166,1220,1968,978435,1700,2.058025,0.677452,GBR,NZL,7259
111,166,1220,1968,17213,0,1.8991650000000002,1.865793,ITA,NZL,7259
114,166,1220,1968,816,0,1.844871,2.2220470000000003,JPN,NZL,7259
162,166,1220,1968,778,0,1.4081620000000001,2.841383,NLD,NZL,7259
163,166,1220,1968,792,0,1.258037,1.6438409999999999,NOR,NZL,7259
208,166,1220,1968,80665,0,1.968017,2.7641270000000002,SWE,NZL,7259
231,166,1220,1968,91718,0,1.9577650000000002,1.500362,USA,NZL,7259
250,166,1220,1968,512,0,0.8133859999999999,0.47075900000000004,ANS,NZL,7259
18,169,1220,1968,5492,0,1.529065,2.472506,BEL,PAN,7259
39,169,1220,1968,3252,0,0.6867270000000001,0.846297,CAN,PAN,7259
41,169,1220,1968,651,0,2.1128139999999997,2.181377,CHE,PAN,7259
61,169,1220,1968,19325,0,2.2253979999999998,-1.8081060000000002,DEU,PAN,7259
111,169,1220,1968,559,0,1.8991650000000002,1.865793,ITA,PAN,7259
138,169,1220,1968,632,0,0.306611,0.36893000000000004,MEX,PAN,7259
162,169,1220,1968,15131,0,1.4081620000000001,2.841383,NLD,PAN,7259
231,169,1220,1968,205775,0,1.9577650000000002,1.500362,USA,PAN,7259
250,169,1220,1968,1951,0,0.8133859999999999,0.47075900000000004,ANS,PAN,7259
32,173,1220,1968,26145,0,-0.325932,-0.334875,BRA,PER,7259
39,173,1220,1968,44733,0,0.6867270000000001,0.846297,CAN,PER,7259
41,173,1220,1968,20238,0,2.1128139999999997,2.181377,CHE,PER,7259
53,173,1220,1968,5466,0,1.6086129999999998,2.804711,CSK,PER,7259
61,173,1220,1968,192117,0,2.2253979999999998,-1.8081060000000002,DEU,PER,7259
71,173,1220,1968,22926,0,0.781529,1.259275,ESP,PER,7259
77,173,1220,1968,1251,0,1.7160810000000002,1.713236,FRA,PER,7259
81,173,1220,1968,2889,0,2.058025,0.677452,GBR,PER,7259
111,173,1220,1968,25373,0,1.8991650000000002,1.865793,ITA,PER,7259
114,173,1220,1968,657,0,1.844871,2.2220470000000003,JPN,PER,7259
138,173,1220,1968,6431,0,0.306611,0.36893000000000004,MEX,PER,7259
162,173,1220,1968,4273,0,1.4081620000000001,2.841383,NLD,PER,7259
208,173,1220,1968,1088,0,1.968017,2.7641270000000002,SWE,PER,7259
231,173,1220,1968,163057,0,1.9577650000000002,1.500362,USA,PER,7259
14,174,1220,1968,968,0,0.215398,0.115257,AUS,PHL,7259
15,174,1220,1968,6022,0,1.94925,1.6721810000000001,AUT,PHL,7259
39,174,1220,1968,1242,0,0.6867270000000001,0.846297,CAN,PHL,7259
41,174,1220,1968,182274,0,2.1128139999999997,2.181377,CHE,PHL,7259
61,174,1220,1968,97594,891,2.2253979999999998,-1.8081060000000002,DEU,PHL,7259
74,174,1220,1968,1107,0,1.401928,1.205835,FIN,PHL,7259
81,174,1220,1968,16585,0,2.058025,0.677452,GBR,PHL,7259
97,174,1220,1968,9753,0,1.397888,1.218178,HKG,PHL,7259
111,174,1220,1968,5130,0,1.8991650000000002,1.865793,ITA,PHL,7259
114,174,1220,1968,641157,1426,1.844871,2.2220470000000003,JPN,PHL,7259
162,174,1220,1968,6367,0,1.4081620000000001,2.841383,NLD,PHL,7259
208,174,1220,1968,43157,0,1.968017,2.7641270000000002,SWE,PHL,7259
216,174,1220,1968,3996,0,-0.59446,-0.7126439999999999,THA,PHL,7259
231,174,1220,1968,189122,0,1.9577650000000002,1.500362,USA,PHL,7259
249,174,1220,1968,12619,0,1.152169,1.691066,TWN,PHL,7259
8,180,1220,1968,683,0,0.148111,0.088328,ARG,PRY,7259
61,180,1220,1968,8086,0,2.2253979999999998,-1.8081060000000002,DEU,PRY,7259
231,180,1220,1968,1184,0,1.9577650000000002,1.500362,USA,PRY,7259
41,191,1220,1968,2866,0,2.1128139999999997,2.181377,CHE,SEN,7259
61,191,1220,1968,12398,0,2.2253979999999998,-1.8081060000000002,DEU,SEN,7259
77,191,1220,1968,19578,0,1.7160810000000002,1.713236,FRA,SEN,7259
231,191,1220,1968,6601,0,1.9577650000000002,1.500362,USA,SEN,7259
61,196,1220,1968,2403,0,2.2253979999999998,-1.8081060000000002,DEU,SLE,7259
81,196,1220,1968,913,0,2.058025,0.677452,GBR,SLE,7259
114,196,1220,1968,2043,0,1.844871,2.2220470000000003,JPN,SLE,7259
39,197,1220,1968,2755,0,0.6867270000000001,0.846297,CAN,SLV,7259
41,197,1220,1968,1701,0,2.1128139999999997,2.181377,CHE,SLV,7259
61,197,1220,1968,12155,0,2.2253979999999998,-1.8081060000000002,DEU,SLV,7259
71,197,1220,1968,282,0,0.781529,1.259275,ESP,SLV,7259
81,197,1220,1968,1439,0,2.058025,0.677452,GBR,SLV,7259
93,197,1220,1968,331,0,0.5246930000000001,0.169407,GTM,SLV,7259
111,197,1220,1968,1833,0,1.8991650000000002,1.865793,ITA,SLV,7259
114,197,1220,1968,1556,0,1.844871,2.2220470000000003,JPN,SLV,7259
231,197,1220,1968,20204,0,1.9577650000000002,1.500362,USA,SLV,7259
6,205,1220,1968,1633,0,0.14161500000000002,-0.24035399999999998,ANT,SUR,7259
61,205,1220,1968,2766,0,2.2253979999999998,-1.8081060000000002,DEU,SUR,7259
162,205,1220,1968,3444,0,1.4081620000000001,2.841383,NLD,SUR,7259
231,205,1220,1968,1556,0,1.9577650000000002,1.500362,USA,SUR,7259
77,214,1220,1968,323,0,1.7160810000000002,1.713236,FRA,TCD,7259
8,230,1220,1968,2204,0,0.148111,0.088328,ARG,URY,7259
32,230,1220,1968,1286,0,-0.325932,-0.334875,BRA,URY,7259
61,230,1220,1968,16106,0,2.2253979999999998,-1.8081060000000002,DEU,URY,7259
77,230,1220,1968,31971,0,1.7160810000000002,1.713236,FRA,URY,7259
81,230,1220,1968,1086,0,2.058025,0.677452,GBR,URY,7259
111,230,1220,1968,9998,0,1.8991650000000002,1.865793,ITA,URY,7259
231,230,1220,1968,6244,0,1.9577650000000002,1.500362,USA,URY,7259
15,236,1220,1968,20966,0,1.94925,1.6721810000000001,AUT,VEN,7259
32,236,1220,1968,597,0,-0.325932,-0.334875,BRA,VEN,7259
39,236,1220,1968,32544,0,0.6867270000000001,0.846297,CAN,VEN,7259
41,236,1220,1968,45435,0,2.1128139999999997,2.181377,CHE,VEN,7259
49,236,1220,1968,0,2234,-0.179843,-0.5681729999999999,COL,VEN,7259
61,236,1220,1968,260875,4951,2.2253979999999998,-1.8081060000000002,DEU,VEN,7259
64,236,1220,1968,16196,0,1.5995489999999999,2.6483209999999997,DNK,VEN,7259
65,236,1220,1968,0,6537,-0.739667,-0.834332,DOM,VEN,7259
71,236,1220,1968,2895,0,0.781529,1.259275,ESP,VEN,7259
74,236,1220,1968,314,0,1.401928,1.205835,FIN,VEN,7259
77,236,1220,1968,2664,0,1.7160810000000002,1.713236,FRA,VEN,7259
81,236,1220,1968,15906,0,2.058025,0.677452,GBR,VEN,7259
111,236,1220,1968,27525,0,1.8991650000000002,1.865793,ITA,VEN,7259
114,236,1220,1968,1145,0,1.844871,2.2220470000000003,JPN,VEN,7259
138,236,1220,1968,954,0,0.306611,0.36893000000000004,MEX,VEN,7259
162,236,1220,1968,12455,5834,1.4081620000000001,2.841383,NLD,VEN,7259
208,236,1220,1968,6955,694,1.968017,2.7641270000000002,SWE,VEN,7259
231,236,1220,1968,524120,14368,1.9577650000000002,1.500362,USA,VEN,7259
14,246,1220,1968,2177,0,0.215398,0.115257,AUS,ZAF,7259
15,246,1220,1968,5639,0,1.94925,1.6721810000000001,AUT,ZAF,7259
18,246,1220,1968,1254,0,1.529065,2.472506,BEL,ZAF,7259
39,246,1220,1968,36871,0,0.6867270000000001,0.846297,CAN,ZAF,7259
41,246,1220,1968,156353,0,2.1128139999999997,2.181377,CHE,ZAF,7259
61,246,1220,1968,623150,4609,2.2253979999999998,-1.8081060000000002,DEU,ZAF,7259
64,246,1220,1968,1193,0,1.5995489999999999,2.6483209999999997,DNK,ZAF,7259
74,246,1220,1968,2705,0,1.401928,1.205835,FIN,ZAF,7259
77,246,1220,1968,58679,0,1.7160810000000002,1.713236,FRA,ZAF,7259
81,246,1220,1968,735461,97200,2.058025,0.677452,GBR,ZAF,7259
111,246,1220,1968,40208,0,1.8991650000000002,1.865793,ITA,ZAF,7259
114,246,1220,1968,367,0,1.844871,2.2220470000000003,JPN,ZAF,7259
162,246,1220,1968,25806,0,1.4081620000000001,2.841383,NLD,ZAF,7259
163,246,1220,1968,2977,0,1.258037,1.6438409999999999,NOR,ZAF,7259
208,246,1220,1968,154573,0,1.968017,2.7641270000000002,SWE,ZAF,7259
231,246,1220,1968,395583,0,1.9577650000000002,1.500362,USA,ZAF,7259
61,247,1220,1968,23494,0,2.2253979999999998,-1.8081060000000002,DEU,ZMB,7259
81,247,1220,1968,28301,0,2.058025,0.677452,GBR,ZMB,7259
111,247,1220,1968,1241,0,1.8991650000000002,1.865793,ITA,ZMB,7259
162,247,1220,1968,3799,0,1.4081620000000001,2.841383,NLD,ZMB,7259
208,247,1220,1968,387,0,1.968017,2.7641270000000002,SWE,ZMB,7259
231,247,1220,1968,742,0,1.9577650000000002,1.500362,USA,ZMB,7259
61,113,1220,1968,2031,0,2.2253979999999998,-1.8081060000000002,DEU,JOR,7259
81,113,1220,1968,2208,0,2.058025,0.677452,GBR,JOR,7259
124,113,1220,1968,1087,0,0.7129770000000001,1.136677,LBN,JOR,7259
231,113,1220,1968,2624,0,1.9577650000000002,1.500362,USA,JOR,7259
41,188,1220,1968,528,0,2.1128139999999997,2.181377,CHE,SAU,7259
61,188,1220,1968,17052,0,2.2253979999999998,-1.8081060000000002,DEU,SAU,7259
81,188,1220,1968,627,0,2.058025,0.677452,GBR,SAU,7259
111,188,1220,1968,6438,0,1.8991650000000002,1.865793,ITA,SAU,7259
114,188,1220,1968,358,0,1.844871,2.2220470000000003,JPN,SAU,7259
124,188,1220,1968,7014,0,0.7129770000000001,1.136677,LBN,SAU,7259
162,188,1220,1968,12567,0,1.4081620000000001,2.841383,NLD,SAU,7259
231,188,1220,1968,1751,0,1.9577650000000002,1.500362,USA,SAU,7259
250,188,1220,1968,608,0,0.8133859999999999,0.47075900000000004,ANS,SAU,7259
41,190,1220,1968,7371,0,2.1128139999999997,2.181377,CHE,SDN,7259
53,190,1220,1968,1731,0,1.6086129999999998,2.804711,CSK,SDN,7259
61,190,1220,1968,16480,0,2.2253979999999998,-1.8081060000000002,DEU,SDN,7259
81,190,1220,1968,8266,0,2.058025,0.677452,GBR,SDN,7259
111,190,1220,1968,355,0,1.8991650000000002,1.865793,ITA,SDN,7259
114,190,1220,1968,3682,0,1.844871,2.2220470000000003,JPN,SDN,7259
124,190,1220,1968,534,0,0.7129770000000001,1.136677,LBN,SDN,7259
162,190,1220,1968,680,0,1.4081620000000001,2.841383,NLD,SDN,7259
15,23,1220,1968,1733,0,1.94925,1.6721810000000001,AUT,BGR,7259
18,23,1220,1968,68210,0,1.529065,2.472506,BEL,BGR,7259
41,23,1220,1968,104277,0,2.1128139999999997,2.181377,CHE,BGR,7259
61,23,1220,1968,221198,0,2.2253979999999998,-1.8081060000000002,DEU,BGR,7259
74,23,1220,1968,533,0,1.401928,1.205835,FIN,BGR,7259
77,23,1220,1968,5334,0,1.7160810000000002,1.713236,FRA,BGR,7259
81,23,1220,1968,761,0,2.058025,0.677452,GBR,BGR,7259
208,23,1220,1968,4551,0,1.968017,2.7641270000000002,SWE,BGR,7259
53,31,1220,1968,2049,0,1.6086129999999998,2.804711,CSK,BOL,7259
61,31,1220,1968,24981,0,2.2253979999999998,-1.8081060000000002,DEU,BOL,7259
64,31,1220,1968,571,0,1.5995489999999999,2.6483209999999997,DNK,BOL,7259
111,31,1220,1968,4216,0,1.8991650000000002,1.865793,ITA,BOL,7259
114,31,1220,1968,7901,0,1.844871,2.2220470000000003,JPN,BOL,7259
208,31,1220,1968,376,0,1.968017,2.7641270000000002,SWE,BOL,7259
231,31,1220,1968,2797,0,1.9577650000000002,1.500362,USA,BOL,7259
39,96,1220,1968,461,0,0.6867270000000001,0.846297,CAN,GUY,7259
61,96,1220,1968,29548,0,2.2253979999999998,-1.8081060000000002,DEU,GUY,7259
231,96,1220,1968,1313,0,1.9577650000000002,1.500362,USA,GUY,7259
15,108,1220,1968,1529,0,1.94925,1.6721810000000001,AUT,IRQ,7259
41,108,1220,1968,487,0,2.1128139999999997,2.181377,CHE,IRQ,7259
61,108,1220,1968,525347,0,2.2253979999999998,-1.8081060000000002,DEU,IRQ,7259
77,108,1220,1968,5540,0,1.7160810000000002,1.713236,FRA,IRQ,7259
114,108,1220,1968,5986,0,1.844871,2.2220470000000003,JPN,IRQ,7259
208,108,1220,1968,20819,0,1.968017,2.7641270000000002,SWE,IRQ,7259
231,108,1220,1968,31572,0,1.9577650000000002,1.500362,USA,IRQ,7259
14,110,1220,1968,0,2962,0.215398,0.115257,AUS,ISR,7259
15,110,1220,1968,7935,634,1.94925,1.6721810000000001,AUT,ISR,7259
18,110,1220,1968,2664,0,1.529065,2.472506,BEL,ISR,7259
39,110,1220,1968,563,0,0.6867270000000001,0.846297,CAN,ISR,7259
41,110,1220,1968,31269,932,2.1128139999999997,2.181377,CHE,ISR,7259
58,110,1220,1968,0,3119,-0.154697,-0.659162,CYP,ISR,7259
61,110,1220,1968,169556,1568,2.2253979999999998,-1.8081060000000002,DEU,ISR,7259
64,110,1220,1968,14171,701,1.5995489999999999,2.6483209999999997,DNK,ISR,7259
74,110,1220,1968,605,0,1.401928,1.205835,FIN,ISR,7259
77,110,1220,1968,5185,0,1.7160810000000002,1.713236,FRA,ISR,7259
81,110,1220,1968,96130,1139,2.058025,0.677452,GBR,ISR,7259
111,110,1220,1968,19013,449,1.8991650000000002,1.865793,ITA,ISR,7259
114,110,1220,1968,350,0,1.844871,2.2220470000000003,JPN,ISR,7259
162,110,1220,1968,12250,0,1.4081620000000001,2.841383,NLD,ISR,7259
163,110,1220,1968,1018,0,1.258037,1.6438409999999999,NOR,ISR,7259
208,110,1220,1968,6965,0,1.968017,2.7641270000000002,SWE,ISR,7259
231,110,1220,1968,23531,0,1.9577650000000002,1.500362,USA,ISR,7259
250,110,1220,1968,605,0,0.8133859999999999,0.47075900000000004,ANS,ISR,7259
41,116,1220,1968,1244,0,2.1128139999999997,2.181377,CHE,KEN,7259
61,116,1220,1968,98104,0,2.2253979999999998,-1.8081060000000002,DEU,KEN,7259
64,116,1220,1968,1317,0,1.5995489999999999,2.6483209999999997,DNK,KEN,7259
81,116,1220,1968,9103,0,2.058025,0.677452,GBR,KEN,7259
111,116,1220,1968,958,0,1.8991650000000002,1.865793,ITA,KEN,7259
163,116,1220,1968,2820,0,1.258037,1.6438409999999999,NOR,KEN,7259
208,116,1220,1968,15308,0,1.968017,2.7641270000000002,SWE,KEN,7259
231,116,1220,1968,2968,0,1.9577650000000002,1.500362,USA,KEN,7259
61,122,1220,1968,27776,0,2.2253979999999998,-1.8081060000000002,DEU,KWT,7259
77,122,1220,1968,4326,0,1.7160810000000002,1.713236,FRA,KWT,7259
81,122,1220,1968,3430,0,2.058025,0.677452,GBR,KWT,7259
111,122,1220,1968,483,0,1.8991650000000002,1.865793,ITA,KWT,7259
15,128,1220,1968,509,0,1.94925,1.6721810000000001,AUT,LKA,7259
61,128,1220,1968,27488,327,2.2253979999999998,-1.8081060000000002,DEU,LKA,7259
64,128,1220,1968,861,0,1.5995489999999999,2.6483209999999997,DNK,LKA,7259
81,128,1220,1968,8280,0,2.058025,0.677452,GBR,LKA,7259
104,128,1220,1968,981,0,0.1404,0.23993299999999998,IND,LKA,7259
114,128,1220,1968,1430,0,1.844871,2.2220470000000003,JPN,LKA,7259
208,128,1220,1968,7403,0,1.968017,2.7641270000000002,SWE,LKA,7259
231,128,1220,1968,3010,0,1.9577650000000002,1.500362,USA,LKA,7259
61,167,1220,1968,1375,0,2.2253979999999998,-1.8081060000000002,DEU,OMN,7259
81,167,1220,1968,622,0,2.058025,0.677452,GBR,OMN,7259
107,167,1220,1968,608,0,-0.731453,-0.764668,IRN,OMN,7259
14,176,1220,1968,5215,0,0.215398,0.115257,AUS,PNG,7259
114,176,1220,1968,4204,0,1.844871,2.2220470000000003,JPN,PNG,7259
231,183,1220,1968,12279,0,1.9577650000000002,1.500362,USA,QAT,7259
15,185,1220,1968,35533,0,1.94925,1.6721810000000001,AUT,ROU,7259
18,185,1220,1968,400,0,1.529065,2.472506,BEL,ROU,7259
61,185,1220,1968,27267,986,2.2253979999999998,-1.8081060000000002,DEU,ROU,7259
77,185,1220,1968,8643,0,1.7160810000000002,1.713236,FRA,ROU,7259
81,185,1220,1968,6549,0,2.058025,0.677452,GBR,ROU,7259
107,185,1220,1968,0,2626,-0.731453,-0.764668,IRN,ROU,7259
111,185,1220,1968,5433,0,1.8991650000000002,1.865793,ITA,ROU,7259
208,185,1220,1968,1048217,0,1.968017,2.7641270000000002,SWE,ROU,7259
231,185,1220,1968,2738,0,1.9577650000000002,1.500362,USA,ROU,7259
61,212,1220,1968,365,0,2.2253979999999998,-1.8081060000000002,DEU,SYR,7259
111,212,1220,1968,636,0,1.8991650000000002,1.865793,ITA,SYR,7259
231,212,1220,1968,2415,0,1.9577650000000002,1.500362,USA,SYR,7259
239,212,1220,1968,0,1923,0.414368,-0.21605500000000002,VNM,SYR,7259
15,224,1220,1968,61432,0,1.94925,1.6721810000000001,AUT,TUR,7259
41,224,1220,1968,1811,0,2.1128139999999997,2.181377,CHE,TUR,7259
53,224,1220,1968,1302,0,1.6086129999999998,2.804711,CSK,TUR,7259
61,224,1220,1968,2177484,0,2.2253979999999998,-1.8081060000000002,DEU,TUR,7259
74,224,1220,1968,12463,0,1.401928,1.205835,FIN,TUR,7259
77,224,1220,1968,5374,0,1.7160810000000002,1.713236,FRA,TUR,7259
81,224,1220,1968,5347,0,2.058025,0.677452,GBR,TUR,7259
111,224,1220,1968,22477,0,1.8991650000000002,1.865793,ITA,TUR,7259
163,224,1220,1968,913,0,1.258037,1.6438409999999999,NOR,TUR,7259
208,224,1220,1968,72879,0,1.968017,2.7641270000000002,SWE,TUR,7259
231,224,1220,1968,61639,0,1.9577650000000002,1.500362,USA,TUR,7259
15,239,1220,1968,160,0,1.94925,1.6721810000000001,AUT,VNM,7259
32,239,1220,1968,4899,0,-0.325932,-0.334875,BRA,VNM,7259
61,239,1220,1968,46426,0,2.2253979999999998,-1.8081060000000002,DEU,VNM,7259
74,239,1220,1968,114882,0,1.401928,1.205835,FIN,VNM,7259
97,239,1220,1968,3268,0,1.397888,1.218178,HKG,VNM,7259
111,239,1220,1968,46882,0,1.8991650000000002,1.865793,ITA,VNM,7259
114,239,1220,1968,30287,0,1.844871,2.2220470000000003,JPN,VNM,7259
212,239,1220,1968,1923,0,-0.14453,-0.669121,SYR,VNM,7259
216,239,1220,1968,764,0,-0.59446,-0.7126439999999999,THA,VNM,7259
231,239,1220,1968,41184,0,1.9577650000000002,1.500362,USA,VNM,7259
249,239,1220,1968,14232,0,1.152169,1.691066,TWN,VNM,7259
61,24,1220,1968,1132,0,2.2253979999999998,-1.8081060000000002,DEU,BHR,7259
61,73,1220,1968,106174,0,2.2253979999999998,-1.8081060000000002,DEU,ETH,7259
77,73,1220,1968,56489,0,1.7160810000000002,1.713236,FRA,ETH,7259
81,73,1220,1968,27837,0,2.058025,0.677452,GBR,ETH,7259
97,73,1220,1968,1620,0,1.397888,1.218178,HKG,ETH,7259
111,73,1220,1968,4744,0,1.8991650000000002,1.865793,ITA,ETH,7259
208,73,1220,1968,1953,0,1.968017,2.7641270000000002,SWE,ETH,7259
231,73,1220,1968,897424,0,1.9577650000000002,1.500362,USA,ETH,7259
14,75,1220,1968,835,0,0.215398,0.115257,AUS,FJI,7259
81,75,1220,1968,632,0,2.058025,0.677452,GBR,FJI,7259
231,123,1220,1968,819,0,1.9577650000000002,1.500362,USA,LAO,7259
249,123,1220,1968,283,0,1.152169,1.691066,TWN,LAO,7259
61,136,1220,1968,6708,638,2.2253979999999998,-1.8081060000000002,DEU,MDG,7259
77,136,1220,1968,22266,0,1.7160810000000002,1.713236,FRA,MDG,7259
111,136,1220,1968,3322,0,1.8991650000000002,1.865793,ITA,MDG,7259
208,136,1220,1968,632,0,1.968017,2.7641270000000002,SWE,MDG,7259
61,145,1220,1968,466,0,2.2253979999999998,-1.8081060000000002,DEU,MNG,7259
81,152,1220,1968,602,0,2.058025,0.677452,GBR,MWI,7259
14,156,1220,1968,468,0,0.215398,0.115257,AUS,NCL,7259
231,156,1220,1968,4067,0,1.9577650000000002,1.500362,USA,NCL,7259
114,178,1220,1968,2445,0,1.844871,2.2220470000000003,JPN,PRK,7259
77,182,1220,1968,4404,0,1.7160810000000002,1.713236,FRA,PYF,7259
61,184,1220,1968,2313,0,2.2253979999999998,-1.8081060000000002,DEU,REU,7259
77,184,1220,1968,1010,0,1.7160810000000002,1.713236,FRA,REU,7259
61,226,1220,1968,4592,0,2.2253979999999998,-1.8081060000000002,DEU,TZA,7259
81,226,1220,1968,1819,0,2.058025,0.677452,GBR,TZA,7259
111,226,1220,1968,1336,0,1.8991650000000002,1.865793,ITA,TZA,7259
114,226,1220,1968,2869,0,1.844871,2.2220470000000003,JPN,TZA,7259
61,227,1220,1968,15507,0,2.2253979999999998,-1.8081060000000002,DEU,UGA,7259
81,227,1220,1968,14710,0,2.058025,0.677452,GBR,UGA,7259
61,240,1220,1968,1488,0,2.2253979999999998,-1.8081060000000002,DEU,VUT,7259
77,240,1220,1968,888,0,1.7160810000000002,1.713236,FRA,VUT,7259
61,244,1220,1968,4637,0,2.2253979999999998,-1.8081060000000002,DEU,YMD,7259
41,248,1220,1968,33928,0,2.1128139999999997,2.181377,CHE,ZWE,7259
61,248,1220,1968,10508,0,2.2253979999999998,-1.8081060000000002,DEU,ZWE,7259
61,1,1220,1968,2937,0,2.2253979999999998,-1.8081060000000002,DEU,AFG,7259
111,4,1220,1968,0,410,1.8991650000000002,1.865793,ITA,ALB,7259
41,223,1220,1968,3241,0,2.1128139999999997,2.181377,CHE,TUN,7259
61,223,1220,1968,12864,0,2.2253979999999998,-1.8081060000000002,DEU,TUN,7259
77,223,1220,1968,1888,0,1.7160810000000002,1.713236,FRA,TUN,7259
81,223,1220,1968,530,0,2.058025,0.677452,GBR,TUN,7259
111,223,1220,1968,2869,0,1.8991650000000002,1.865793,ITA,TUN,7259
162,223,1220,1968,3613,0,1.4081620000000001,2.841383,NLD,TUN,7259
208,223,1220,1968,7296,0,1.968017,2.7641270000000002,SWE,TUN,7259
231,223,1220,1968,2501,0,1.9577650000000002,1.500362,USA,TUN,7259
61,17,1220,1968,694,0,2.2253979999999998,-1.8081060000000002,DEU,BDI,7259
77,21,1220,1968,414,0,1.7160810000000002,1.713236,FRA,BFA,7259
61,118,1220,1968,563,0,2.2253979999999998,-1.8081060000000002,DEU,KHM,7259
81,118,1220,1968,1457,0,2.058025,0.677452,GBR,KHM,7259
97,118,1220,1968,935,0,1.397888,1.218178,HKG,KHM,7259
111,118,1220,1968,3179,0,1.8991650000000002,1.865793,ITA,KHM,7259
114,118,1220,1968,1056,0,1.844871,2.2220470000000003,JPN,KHM,7259
61,148,1220,1968,2051,0,2.2253979999999998,-1.8081060000000002,DEU,MRT,7259
71,148,1220,1968,290,0,0.781529,1.259275,ESP,MRT,7259
111,148,1220,1968,174,0,1.8991650000000002,1.865793,ITA,MRT,7259
77,157,1220,1968,776,0,1.7160810000000002,1.713236,FRA,NER,7259
39,200,1220,1968,511,0,0.6867270000000001,0.846297,CAN,SPM,7259
2,15,1228,1968,0,1479,-1.129591,-0.880391,AGO,AUT,7281
4,15,1228,1968,0,6040,0.193555,-0.448741,ALB,AUT,7281
8,15,1228,1968,0,2897,0.148111,0.088328,ARG,AUT,7281
14,15,1228,1968,0,14221,0.215398,0.115257,AUS,AUT,7281
18,15,1228,1968,59566,27358,1.529065,2.472506,BEL,AUT,7281
23,15,1228,1968,0,6181,0.581187,0.53879,BGR,AUT,7281
31,15,1228,1968,0,333,-0.8851379999999999,-0.772063,BOL,AUT,7281
32,15,1228,1968,0,11118,-0.325932,-0.334875,BRA,AUT,7281
34,15,1228,1968,0,4276,-1.0804770000000001,-0.305034,BRN,AUT,7281
39,15,1228,1968,685,14500,0.6867270000000001,0.846297,CAN,AUT,7281
41,15,1228,1968,212495,289595,2.1128139999999997,2.181377,CHE,AUT,7281
42,15,1228,1968,0,4630,0.042475,-0.45777299999999993,CHL,AUT,7281
44,15,1228,1968,0,318,-0.9004639999999999,-0.815828,CIV,AUT,7281
49,15,1228,1968,0,789,-0.179843,-0.5681729999999999,COL,AUT,7281
53,15,1228,1968,16034,72528,1.6086129999999998,2.804711,CSK,AUT,7281
58,15,1228,1968,0,4148,-0.154697,-0.659162,CYP,AUT,7281
61,15,1228,1968,2575649,569686,2.2253979999999998,-1.8081060000000002,DEU,AUT,7281
64,15,1228,1968,2603,43402,1.5995489999999999,2.6483209999999997,DNK,AUT,7281
67,15,1228,1968,0,3669,-0.5838800000000001,-0.767904,ECU,AUT,7281
71,15,1228,1968,2173,23654,0.781529,1.259275,ESP,AUT,7281
74,15,1228,1968,9231,21102,1.401928,1.205835,FIN,AUT,7281
77,15,1228,1968,23205,104265,1.7160810000000002,1.713236,FRA,AUT,7281
81,15,1228,1968,76949,104261,2.058025,0.677452,GBR,AUT,7281
83,15,1228,1968,0,257,-0.995481,-0.76246,GHA,AUT,7281
90,15,1228,1968,0,24620,0.120538,-0.135025,GRC,AUT,7281
93,15,1228,1968,0,2241,0.5246930000000001,0.169407,GTM,AUT,7281
97,15,1228,1968,0,3861,1.397888,1.218178,HKG,AUT,7281
102,15,1228,1968,1957,29998,0.9154209999999999,1.253378,HUN,AUT,7281
104,15,1228,1968,690,2426,0.1404,0.23993299999999998,IND,AUT,7281
106,15,1228,1968,0,3841,1.054101,1.252786,IRL,AUT,7281
107,15,1228,1968,0,27100,-0.731453,-0.764668,IRN,AUT,7281
108,15,1228,1968,0,1696,-0.935797,-0.522099,IRQ,AUT,7281
109,15,1228,1968,0,2247,0.282911,-0.326735,ISL,AUT,7281
110,15,1228,1968,0,8868,1.105346,0.8750629999999999,ISR,AUT,7281
111,15,1228,1968,169778,131566,1.8991650000000002,1.865793,ITA,AUT,7281
114,15,1228,1968,2067,21119,1.844871,2.2220470000000003,JPN,AUT,7281
116,15,1228,1968,0,736,-0.301844,-0.318616,KEN,AUT,7281
124,15,1228,1968,0,5340,0.7129770000000001,1.136677,LBN,AUT,7281
128,15,1228,1968,0,1512,-1.048844,-0.673287,LKA,AUT,7281
134,15,1228,1968,0,2549,-0.219575,-0.657712,MAR,AUT,7281
138,15,1228,1968,0,4108,0.306611,0.36893000000000004,MEX,AUT,7281
142,15,1228,1968,0,1005,1.418505,1.216724,MLT,AUT,7281
147,15,1228,1968,0,13424,-0.859319,-0.818945,MOZ,AUT,7281
153,15,1228,1968,0,4162,-0.530212,-0.618034,MYS,AUT,7281
159,15,1228,1968,0,2574,-1.317379,-0.822881,NGA,AUT,7281
162,15,1228,1968,21720,47919,1.4081620000000001,2.841383,NLD,AUT,7281
163,15,1228,1968,12236,39886,1.258037,1.6438409999999999,NOR,AUT,7281
166,15,1228,1968,0,457,0.184389,-0.451151,NZL,AUT,7281
167,15,1228,1968,0,1336,-1.563004,-0.448748,OMN,AUT,7281
168,15,1228,1968,0,364,0.17055499999999998,-0.249302,PAK,AUT,7281
173,15,1228,1968,0,1226,-0.676242,-0.815086,PER,AUT,7281
174,15,1228,1968,0,1460,-0.38509499999999997,-0.708784,PHL,AUT,7281
177,15,1228,1968,3195,52970,0.9209379999999999,1.762821,POL,AUT,7281
179,15,1228,1968,480,23884,1.014702,1.024988,PRT,AUT,7281
185,15,1228,1968,0,7513,0.7897609999999999,0.9959479999999999,ROU,AUT,7281
186,15,1228,1968,2193,436544,0.429629,0.513075,RUS,AUT,7281
188,15,1228,1968,0,1468,-1.510775,-0.48828699999999997,SAU,AUT,7281
192,15,1228,1968,0,2119,0.34532199999999996,0.624988,SGP,AUT,7281
208,15,1228,1968,228635,77378,1.968017,2.7641270000000002,SWE,AUT,7281
212,15,1228,1968,0,1840,-0.14453,-0.669121,SYR,AUT,7281
216,15,1228,1968,0,21150,-0.59446,-0.7126439999999999,THA,AUT,7281
223,15,1228,1968,0,458,-0.129079,-0.54896,TUN,AUT,7281
224,15,1228,1968,0,13485,-0.654801,-0.8012319999999999,TUR,AUT,7281
227,15,1228,1968,0,1559,-1.381566,-0.770883,UGA,AUT,7281
231,15,1228,1968,47373,118753,1.9577650000000002,1.500362,USA,AUT,7281
236,15,1228,1968,0,3815,-0.7130850000000001,-0.5042939999999999,VEN,AUT,7281
245,15,1228,1968,4869,130582,1.0230700000000001,2.3184560000000003,YUG,AUT,7281
246,15,1228,1968,0,41902,-0.397811,-0.621199,ZAF,AUT,7281
247,15,1228,1968,0,318,-0.811549,-0.6721600000000001,ZMB,AUT,7281
248,15,1228,1968,0,532,1.275376,1.463211,ZWE,AUT,7281
250,15,1228,1968,774,1919,0.8133859999999999,0.47075900000000004,ANS,AUT,7281
2,18,1228,1968,0,10690,-1.129591,-0.880391,AGO,BEL,7281
6,18,1228,1968,0,1799,0.14161500000000002,-0.24035399999999998,ANT,BEL,7281
8,18,1228,1968,0,18853,0.148111,0.088328,ARG,BEL,7281
14,18,1228,1968,0,74562,0.215398,0.115257,AUS,BEL,7281
15,18,1228,1968,27358,59566,1.94925,1.6721810000000001,AUT,BEL,7281
17,18,1228,1968,0,402897,-0.8680040000000001,-0.673427,BDI,BEL,7281
23,18,1228,1968,0,5609,0.581187,0.53879,BGR,BEL,7281
31,18,1228,1968,0,924,-0.8851379999999999,-0.772063,BOL,BEL,7281
32,18,1228,1968,0,12593,-0.325932,-0.334875,BRA,BEL,7281
38,18,1228,1968,0,8948,-0.9644010000000001,-0.631393,CAF,BEL,7281
39,18,1228,1968,119526,150331,0.6867270000000001,0.846297,CAN,BEL,7281
41,18,1228,1968,113554,63578,2.1128139999999997,2.181377,CHE,BEL,7281
42,18,1228,1968,0,41797,0.042475,-0.45777299999999993,CHL,BEL,7281
44,18,1228,1968,0,10595,-0.9004639999999999,-0.815828,CIV,BEL,7281
45,18,1228,1968,0,4411,-0.448082,-0.43909899999999996,CMR,BEL,7281
46,18,1228,1968,0,65054,-1.2018229999999999,-0.6680229999999999,COD,BEL,7281
47,18,1228,1968,0,8040,-1.0615450000000002,-0.736701,COG,BEL,7281
49,18,1228,1968,0,11753,-0.179843,-0.5681729999999999,COL,BEL,7281
52,18,1228,1968,0,724,0.926132,0.544143,CRI,BEL,7281
53,18,1228,1968,6218,307422,1.6086129999999998,2.804711,CSK,BEL,7281
54,18,1228,1968,0,611,0.19656600000000002,-0.645117,CUB,BEL,7281
58,18,1228,1968,0,803,-0.154697,-0.659162,CYP,BEL,7281
61,18,1228,1968,2742952,508771,2.2253979999999998,-1.8081060000000002,DEU,BEL,7281
64,18,1228,1968,13814,40066,1.5995489999999999,2.6483209999999997,DNK,BEL,7281
66,18,1228,1968,0,1714,-0.6151939999999999,-0.68092,DZA,BEL,7281
67,18,1228,1968,0,1472,-0.5838800000000001,-0.767904,ECU,BEL,7281
71,18,1228,1968,2143,129833,0.781529,1.259275,ESP,BEL,7281
74,18,1228,1968,10647,48226,1.401928,1.205835,FIN,BEL,7281
77,18,1228,1968,485165,1236594,1.7160810000000002,1.713236,FRA,BEL,7281
80,18,1228,1968,0,2306,-1.370584,-0.627224,GAB,BEL,7281
81,18,1228,1968,324086,328742,2.058025,0.677452,GBR,BEL,7281
83,18,1228,1968,0,13279,-0.995481,-0.76246,GHA,BEL,7281
90,18,1228,1968,0,10010,0.120538,-0.135025,GRC,BEL,7281
93,18,1228,1968,0,1191,0.5246930000000001,0.169407,GTM,BEL,7281
94,18,1228,1968,0,722,-0.09549500000000001,-0.493262,GUF,BEL,7281
97,18,1228,1968,0,591,1.397888,1.218178,HKG,BEL,7281
99,18,1228,1968,0,1959,-0.115754,-0.5740890000000001,HND,BEL,7281
102,18,1228,1968,1412,2155,0.9154209999999999,1.253378,HUN,BEL,7281
104,18,1228,1968,1517,2470,0.1404,0.23993299999999998,IND,BEL,7281
106,18,1228,1968,0,17952,1.054101,1.252786,IRL,BEL,7281
107,18,1228,1968,0,2350,-0.731453,-0.764668,IRN,BEL,7281
108,18,1228,1968,0,720,-0.935797,-0.522099,IRQ,BEL,7281
109,18,1228,1968,0,654,0.282911,-0.326735,ISL,BEL,7281
110,18,1228,1968,283,12375,1.105346,0.8750629999999999,ISR,BEL,7281
111,18,1228,1968,537252,283472,1.8991650000000002,1.865793,ITA,BEL,7281
112,18,1228,1968,0,431,0.206492,-0.587264,JAM,BEL,7281
114,18,1228,1968,9123,11357,1.844871,2.2220470000000003,JPN,BEL,7281
116,18,1228,1968,0,1323,-0.301844,-0.318616,KEN,BEL,7281
122,18,1228,1968,0,1862,-1.2088969999999999,-0.480887,KWT,BEL,7281
124,18,1228,1968,0,15731,0.7129770000000001,1.136677,LBN,BEL,7281
125,18,1228,1968,0,376,-0.974225,-0.554678,LBR,BEL,7281
128,18,1228,1968,0,536,-1.048844,-0.673287,LKA,BEL,7281
134,18,1228,1968,0,1384,-0.219575,-0.657712,MAR,BEL,7281
136,18,1228,1968,0,3640,-0.684883,-0.839874,MDG,BEL,7281
138,18,1228,1968,0,44811,0.306611,0.36893000000000004,MEX,BEL,7281
148,18,1228,1968,0,384,-0.584021,-0.6288090000000001,MRT,BEL,7281
153,18,1228,1968,0,6616,-0.530212,-0.618034,MYS,BEL,7281
156,18,1228,1968,0,1239,-1.281862,-0.337455,NCL,BEL,7281
159,18,1228,1968,0,1412,-1.317379,-0.822881,NGA,BEL,7281
160,18,1228,1968,0,4573,0.141456,-0.299055,NIC,BEL,7281
162,18,1228,1968,216913,249985,1.4081620000000001,2.841383,NLD,BEL,7281
163,18,1228,1968,2812,47543,1.258037,1.6438409999999999,NOR,BEL,7281
166,18,1228,1968,0,3143,0.184389,-0.451151,NZL,BEL,7281
167,18,1228,1968,0,1407,-1.563004,-0.448748,OMN,BEL,7281
168,18,1228,1968,0,1393,0.17055499999999998,-0.249302,PAK,BEL,7281
173,18,1228,1968,0,11238,-0.676242,-0.815086,PER,BEL,7281
174,18,1228,1968,0,95882,-0.38509499999999997,-0.708784,PHL,BEL,7281
177,18,1228,1968,2305,13498,0.9209379999999999,1.762821,POL,BEL,7281
179,18,1228,1968,394,52576,1.014702,1.024988,PRT,BEL,7281
183,18,1228,1968,0,1370,-1.9631509999999999,-0.438784,QAT,BEL,7281
185,18,1228,1968,0,4626,0.7897609999999999,0.9959479999999999,ROU,BEL,7281
186,18,1228,1968,488,97318,0.429629,0.513075,RUS,BEL,7281
187,18,1228,1968,0,2712,-1.387285,-0.467879,RWA,BEL,7281
188,18,1228,1968,0,4377,-1.510775,-0.48828699999999997,SAU,BEL,7281
190,18,1228,1968,0,3296,-1.18039,-0.908206,SDN,BEL,7281
192,18,1228,1968,0,425,0.34532199999999996,0.624988,SGP,BEL,7281
197,18,1228,1968,0,363,0.8662620000000001,0.791027,SLV,BEL,7281
208,18,1228,1968,131904,106092,1.968017,2.7641270000000002,SWE,BEL,7281
212,18,1228,1968,0,300,-0.14453,-0.669121,SYR,BEL,7281
216,18,1228,1968,0,596,-0.59446,-0.7126439999999999,THA,BEL,7281
222,18,1228,1968,0,701,0.388499,-0.182041,TTO,BEL,7281
223,18,1228,1968,0,5185,-0.129079,-0.54896,TUN,BEL,7281
224,18,1228,1968,0,115970,-0.654801,-0.8012319999999999,TUR,BEL,7281
226,18,1228,1968,0,321,-1.2084840000000001,-0.893344,TZA,BEL,7281
227,18,1228,1968,0,419,-1.381566,-0.770883,UGA,BEL,7281
230,18,1228,1968,0,475,0.418634,-0.177045,URY,BEL,7281
231,18,1228,1968,1622735,343556,1.9577650000000002,1.500362,USA,BEL,7281
236,18,1228,1968,0,19124,-0.7130850000000001,-0.5042939999999999,VEN,BEL,7281
244,18,1228,1968,0,1584,-0.713819,-0.722625,YMD,BEL,7281
245,18,1228,1968,0,15416,1.0230700000000001,2.3184560000000003,YUG,BEL,7281
246,18,1228,1968,3236,65144,-0.397811,-0.621199,ZAF,BEL,7281
247,18,1228,1968,0,386,-0.811549,-0.6721600000000001,ZMB,BEL,7281
248,18,1228,1968,0,2109,1.275376,1.463211,ZWE,BEL,7281
250,18,1228,1968,792,1552,0.8133859999999999,0.47075900000000004,ANS,BEL,7281
8,39,1228,1968,0,4475,0.148111,0.088328,ARG,CAN,7281
14,39,1228,1968,19394,168244,0.215398,0.115257,AUS,CAN,7281
15,39,1228,1968,14500,685,1.94925,1.6721810000000001,AUT,CAN,7281
18,39,1228,1968,150331,119526,1.529065,2.472506,BEL,CAN,7281
23,39,1228,1968,726,0,0.581187,0.53879,BGR,CAN,7281
25,39,1228,1968,0,993,0.785454,-0.166571,BHS,CAN,7281
31,39,1228,1968,0,2375,-0.8851379999999999,-0.772063,BOL,CAN,7281
32,39,1228,1968,0,6524,-0.325932,-0.334875,BRA,CAN,7281
33,39,1228,1968,659,1749,0.6484409999999999,0.015096,BRB,CAN,7281
41,39,1228,1968,75454,8750,2.1128139999999997,2.181377,CHE,CAN,7281
42,39,1228,1968,0,50405,0.042475,-0.45777299999999993,CHL,CAN,7281
49,39,1228,1968,0,1602,-0.179843,-0.5681729999999999,COL,CAN,7281
52,39,1228,1968,0,671,0.926132,0.544143,CRI,CAN,7281
54,39,1228,1968,0,9486,0.19656600000000002,-0.645117,CUB,CAN,7281
61,39,1228,1968,935093,54682,2.2253979999999998,-1.8081060000000002,DEU,CAN,7281
64,39,1228,1968,16904,2529,1.5995489999999999,2.6483209999999997,DNK,CAN,7281
65,39,1228,1968,0,329,-0.739667,-0.834332,DOM,CAN,7281
71,39,1228,1968,3589,8155,0.781529,1.259275,ESP,CAN,7281
74,39,1228,1968,35852,82802,1.401928,1.205835,FIN,CAN,7281
75,39,1228,1968,0,4794,-0.04004,-0.562962,FJI,CAN,7281
77,39,1228,1968,33101,180545,1.7160810000000002,1.713236,FRA,CAN,7281
80,39,1228,1968,0,336,-1.370584,-0.627224,GAB,CAN,7281
81,39,1228,1968,735120,299504,2.058025,0.677452,GBR,CAN,7281
83,39,1228,1968,0,1465,-0.995481,-0.76246,GHA,CAN,7281
86,39,1228,1968,0,1680,-0.408167,-0.372355,GLP,CAN,7281
90,39,1228,1968,0,7915,0.120538,-0.135025,GRC,CAN,7281
93,39,1228,1968,0,959,0.5246930000000001,0.169407,GTM,CAN,7281
96,39,1228,1968,0,4149,-0.34474699999999997,-0.547204,GUY,CAN,7281
97,39,1228,1968,0,2341,1.397888,1.218178,HKG,CAN,7281
104,39,1228,1968,8044,2480,0.1404,0.23993299999999998,IND,CAN,7281
106,39,1228,1968,0,2377,1.054101,1.252786,IRL,CAN,7281
110,39,1228,1968,0,2217,1.105346,0.8750629999999999,ISR,CAN,7281
111,39,1228,1968,208311,36086,1.8991650000000002,1.865793,ITA,CAN,7281
112,39,1228,1968,0,5122,0.206492,-0.587264,JAM,CAN,7281
114,39,1228,1968,213053,60679,1.844871,2.2220470000000003,JPN,CAN,7281
121,39,1228,1968,0,245,0.992735,0.683944,KOR,CAN,7281
124,39,1228,1968,797,0,0.7129770000000001,1.136677,LBN,CAN,7281
126,39,1228,1968,0,506,-1.864928,-0.47663500000000003,LBY,CAN,7281
128,39,1228,1968,0,233,-1.048844,-0.673287,LKA,CAN,7281
138,39,1228,1968,0,11858,0.306611,0.36893000000000004,MEX,CAN,7281
143,39,1228,1968,0,641,-0.96686,-0.782324,MMR,CAN,7281
150,39,1228,1968,0,812,0.026755,-0.5054850000000001,MTQ,CAN,7281
153,39,1228,1968,0,5854,-0.530212,-0.618034,MYS,CAN,7281
159,39,1228,1968,0,1135,-1.317379,-0.822881,NGA,CAN,7281
162,39,1228,1968,26587,111804,1.4081620000000001,2.841383,NLD,CAN,7281
163,39,1228,1968,3363,6714,1.258037,1.6438409999999999,NOR,CAN,7281
166,39,1228,1968,0,195612,0.184389,-0.451151,NZL,CAN,7281
168,39,1228,1968,0,2332,0.17055499999999998,-0.249302,PAK,CAN,7281
169,39,1228,1968,0,2062,1.151761,0.8629450000000001,PAN,CAN,7281
173,39,1228,1968,0,9152,-0.676242,-0.815086,PER,CAN,7281
174,39,1228,1968,0,11842,-0.38509499999999997,-0.708784,PHL,CAN,7281
179,39,1228,1968,0,6223,1.014702,1.024988,PRT,CAN,7281
180,39,1228,1968,0,1172,-0.605754,-0.77208,PRY,CAN,7281
185,39,1228,1968,0,435,0.7897609999999999,0.9959479999999999,ROU,CAN,7281
186,39,1228,1968,10692,0,0.429629,0.513075,RUS,CAN,7281
188,39,1228,1968,0,8428,-1.510775,-0.48828699999999997,SAU,CAN,7281
192,39,1228,1968,0,4353,0.34532199999999996,0.624988,SGP,CAN,7281
205,39,1228,1968,0,1530,-0.43228199999999994,-0.560526,SUR,CAN,7281
208,39,1228,1968,613699,32118,1.968017,2.7641270000000002,SWE,CAN,7281
216,39,1228,1968,0,16623,-0.59446,-0.7126439999999999,THA,CAN,7281
222,39,1228,1968,0,11940,0.388499,-0.182041,TTO,CAN,7281
224,39,1228,1968,0,569,-0.654801,-0.8012319999999999,TUR,CAN,7281
231,39,1228,1968,11168935,3148190,1.9577650000000002,1.500362,USA,CAN,7281
236,39,1228,1968,0,12983,-0.7130850000000001,-0.5042939999999999,VEN,CAN,7281
245,39,1228,1968,494,1251,1.0230700000000001,2.3184560000000003,YUG,CAN,7281
246,39,1228,1968,0,13696,-0.397811,-0.621199,ZAF,CAN,7281
249,39,1228,1968,0,476,1.152169,1.691066,TWN,CAN,7281
250,39,1228,1968,0,64319,0.8133859999999999,0.47075900000000004,ANS,CAN,7281
2,41,1228,1968,0,361,-1.129591,-0.880391,AGO,CHE,7281
8,41,1228,1968,0,12277,0.148111,0.088328,ARG,CHE,7281
14,41,1228,1968,1872,35827,0.215398,0.115257,AUS,CHE,7281
15,41,1228,1968,289595,212495,1.94925,1.6721810000000001,AUT,CHE,7281
18,41,1228,1968,63578,113554,1.529065,2.472506,BEL,CHE,7281
23,41,1228,1968,0,24386,0.581187,0.53879,BGR,CHE,7281
31,41,1228,1968,0,1595,-0.8851379999999999,-0.772063,BOL,CHE,7281
32,41,1228,1968,0,22645,-0.325932,-0.334875,BRA,CHE,7281
39,41,1228,1968,8750,75454,0.6867270000000001,0.846297,CAN,CHE,7281
42,41,1228,1968,0,10145,0.042475,-0.45777299999999993,CHL,CHE,7281
43,41,1228,1968,0,107149,0.610282,1.61494,CHN,CHE,7281
44,41,1228,1968,0,563,-0.9004639999999999,-0.815828,CIV,CHE,7281
46,41,1228,1968,0,4590,-1.2018229999999999,-0.6680229999999999,COD,CHE,7281
47,41,1228,1968,0,313,-1.0615450000000002,-0.736701,COG,CHE,7281
49,41,1228,1968,0,2008,-0.179843,-0.5681729999999999,COL,CHE,7281
52,41,1228,1968,0,275,0.926132,0.544143,CRI,CHE,7281
53,41,1228,1968,3814,112823,1.6086129999999998,2.804711,CSK,CHE,7281
58,41,1228,1968,0,2285,-0.154697,-0.659162,CYP,CHE,7281
61,41,1228,1968,3255679,1579660,2.2253979999999998,-1.8081060000000002,DEU,CHE,7281
64,41,1228,1968,10772,81624,1.5995489999999999,2.6483209999999997,DNK,CHE,7281
65,41,1228,1968,0,343,-0.739667,-0.834332,DOM,CHE,7281
66,41,1228,1968,0,1183,-0.6151939999999999,-0.68092,DZA,CHE,7281
67,41,1228,1968,0,12857,-0.5838800000000001,-0.767904,ECU,CHE,7281
68,41,1228,1968,0,1603,0.141193,-0.395386,EGY,CHE,7281
71,41,1228,1968,1634,85892,0.781529,1.259275,ESP,CHE,7281
73,41,1228,1968,0,257,-0.8907879999999999,-0.983032,ETH,CHE,7281
74,41,1228,1968,23787,46863,1.401928,1.205835,FIN,CHE,7281
77,41,1228,1968,207440,834204,1.7160810000000002,1.713236,FRA,CHE,7281
80,41,1228,1968,0,2004,-1.370584,-0.627224,GAB,CHE,7281
81,41,1228,1968,253119,620881,2.058025,0.677452,GBR,CHE,7281
83,41,1228,1968,0,5738,-0.995481,-0.76246,GHA,CHE,7281
90,41,1228,1968,0,11018,0.120538,-0.135025,GRC,CHE,7281
93,41,1228,1968,0,713,0.5246930000000001,0.169407,GTM,CHE,7281
97,41,1228,1968,0,4665,1.397888,1.218178,HKG,CHE,7281
102,41,1228,1968,2373,70362,0.9154209999999999,1.253378,HUN,CHE,7281
103,41,1228,1968,0,1162,-1.210591,-0.7402310000000001,IDN,CHE,7281
104,41,1228,1968,0,51343,0.1404,0.23993299999999998,IND,CHE,7281
106,41,1228,1968,0,4026,1.054101,1.252786,IRL,CHE,7281
107,41,1228,1968,0,2279,-0.731453,-0.764668,IRN,CHE,7281
109,41,1228,1968,0,1113,0.282911,-0.326735,ISL,CHE,7281
110,41,1228,1968,893,55956,1.105346,0.8750629999999999,ISR,CHE,7281
111,41,1228,1968,533735,324278,1.8991650000000002,1.865793,ITA,CHE,7281
114,41,1228,1968,14679,333696,1.844871,2.2220470000000003,JPN,CHE,7281
121,41,1228,1968,0,43816,0.992735,0.683944,KOR,CHE,7281
124,41,1228,1968,0,1312,0.7129770000000001,1.136677,LBN,CHE,7281
126,41,1228,1968,0,466,-1.864928,-0.47663500000000003,LBY,CHE,7281
128,41,1228,1968,0,3290,-1.048844,-0.673287,LKA,CHE,7281
134,41,1228,1968,0,613,-0.219575,-0.657712,MAR,CHE,7281
136,41,1228,1968,0,269,-0.684883,-0.839874,MDG,CHE,7281
138,41,1228,1968,0,31119,0.306611,0.36893000000000004,MEX,CHE,7281
147,41,1228,1968,0,598,-0.859319,-0.818945,MOZ,CHE,7281
151,41,1228,1968,0,960,-0.6355890000000001,-0.593471,MUS,CHE,7281
153,41,1228,1968,0,15344,-0.530212,-0.618034,MYS,CHE,7281
159,41,1228,1968,0,2193,-1.317379,-0.822881,NGA,CHE,7281
160,41,1228,1968,0,4649,0.141456,-0.299055,NIC,CHE,7281
162,41,1228,1968,65926,135061,1.4081620000000001,2.841383,NLD,CHE,7281
163,41,1228,1968,14547,39592,1.258037,1.6438409999999999,NOR,CHE,7281
166,41,1228,1968,0,4243,0.184389,-0.451151,NZL,CHE,7281
168,41,1228,1968,0,9011,0.17055499999999998,-0.249302,PAK,CHE,7281
173,41,1228,1968,0,2086,-0.676242,-0.815086,PER,CHE,7281
174,41,1228,1968,0,82468,-0.38509499999999997,-0.708784,PHL,CHE,7281
177,41,1228,1968,6150,48810,0.9209379999999999,1.762821,POL,CHE,7281
179,41,1228,1968,1680,17459,1.014702,1.024988,PRT,CHE,7281
184,41,1228,1968,0,464,-0.704149,-0.416626,REU,CHE,7281
185,41,1228,1968,2059,56816,0.7897609999999999,0.9959479999999999,ROU,CHE,7281
186,41,1228,1968,1655,190515,0.429629,0.513075,RUS,CHE,7281
188,41,1228,1968,0,290,-1.510775,-0.48828699999999997,SAU,CHE,7281
192,41,1228,1968,0,9844,0.34532199999999996,0.624988,SGP,CHE,7281
196,41,1228,1968,0,674,-1.055491,-0.736395,SLE,CHE,7281
197,41,1228,1968,0,763,0.8662620000000001,0.791027,SLV,CHE,7281
208,41,1228,1968,299922,211308,1.968017,2.7641270000000002,SWE,CHE,7281
212,41,1228,1968,0,1324,-0.14453,-0.669121,SYR,CHE,7281
216,41,1228,1968,0,5130,-0.59446,-0.7126439999999999,THA,CHE,7281
223,41,1228,1968,0,799,-0.129079,-0.54896,TUN,CHE,7281
224,41,1228,1968,0,11871,-0.654801,-0.8012319999999999,TUR,CHE,7281
230,41,1228,1968,0,14769,0.418634,-0.177045,URY,CHE,7281
231,41,1228,1968,309021,1120154,1.9577650000000002,1.500362,USA,CHE,7281
236,41,1228,1968,0,5334,-0.7130850000000001,-0.5042939999999999,VEN,CHE,7281
239,41,1228,1968,0,355,0.414368,-0.21605500000000002,VNM,CHE,7281
245,41,1228,1968,25771,51750,1.0230700000000001,2.3184560000000003,YUG,CHE,7281
246,41,1228,1968,0,43733,-0.397811,-0.621199,ZAF,CHE,7281
247,41,1228,1968,0,337,-0.811549,-0.6721600000000001,ZMB,CHE,7281
248,41,1228,1968,0,3545,1.275376,1.463211,ZWE,CHE,7281
249,41,1228,1968,0,4598,1.152169,1.691066,TWN,CHE,7281
250,41,1228,1968,0,2956,0.8133859999999999,0.47075900000000004,ANS,CHE,7281
14,43,1228,1968,0,738,0.215398,0.115257,AUS,CHN,7281
41,43,1228,1968,107149,0,2.1128139999999997,2.181377,CHE,CHN,7281
61,43,1228,1968,149450,0,2.2253979999999998,-1.8081060000000002,DEU,CHN,7281
77,43,1228,1968,10432,0,1.7160810000000002,1.713236,FRA,CHN,7281
81,43,1228,1968,19852,0,2.058025,0.677452,GBR,CHN,7281
107,43,1228,1968,0,539,-0.731453,-0.764668,IRN,CHN,7281
111,43,1228,1968,52388,0,1.8991650000000002,1.865793,ITA,CHN,7281
114,43,1228,1968,271927,345,1.844871,2.2220470000000003,JPN,CHN,7281
118,43,1228,1968,0,1508,-0.6683680000000001,-0.9116620000000001,KHM,CHN,7281
153,43,1228,1968,0,5624,-0.530212,-0.618034,MYS,CHN,7281
162,43,1228,1968,2438,0,1.4081620000000001,2.841383,NLD,CHN,7281
168,43,1228,1968,0,2075,0.17055499999999998,-0.249302,PAK,CHN,7281
192,43,1228,1968,0,2785,0.34532199999999996,0.624988,SGP,CHN,7281
208,43,1228,1968,265691,0,1.968017,2.7641270000000002,SWE,CHN,7281
8,53,1228,1968,0,1603,0.148111,0.088328,ARG,CSK,7281
14,53,1228,1968,0,5021,0.215398,0.115257,AUS,CSK,7281
15,53,1228,1968,72528,16034,1.94925,1.6721810000000001,AUT,CSK,7281
18,53,1228,1968,307422,6218,1.529065,2.472506,BEL,CSK,7281
31,53,1228,1968,0,10439,-0.8851379999999999,-0.772063,BOL,CSK,7281
32,53,1228,1968,0,346,-0.325932,-0.334875,BRA,CSK,7281
41,53,1228,1968,112823,3814,2.1128139999999997,2.181377,CHE,CSK,7281
42,53,1228,1968,0,2280,0.042475,-0.45777299999999993,CHL,CSK,7281
49,53,1228,1968,0,362,-0.179843,-0.5681729999999999,COL,CSK,7281
61,53,1228,1968,807456,49966,2.2253979999999998,-1.8081060000000002,DEU,CSK,7281
64,53,1228,1968,18282,9301,1.5995489999999999,2.6483209999999997,DNK,CSK,7281
66,53,1228,1968,0,3007,-0.6151939999999999,-0.68092,DZA,CSK,7281
68,53,1228,1968,0,7331,0.141193,-0.395386,EGY,CSK,7281
71,53,1228,1968,0,7884,0.781529,1.259275,ESP,CSK,7281
74,53,1228,1968,64276,4527,1.401928,1.205835,FIN,CSK,7281
77,53,1228,1968,162054,13041,1.7160810000000002,1.713236,FRA,CSK,7281
81,53,1228,1968,18016,17780,2.058025,0.677452,GBR,CSK,7281
90,53,1228,1968,0,3694,0.120538,-0.135025,GRC,CSK,7281
104,53,1228,1968,76127,134607,0.1404,0.23993299999999998,IND,CSK,7281
106,53,1228,1968,0,3123,1.054101,1.252786,IRL,CSK,7281
107,53,1228,1968,0,210781,-0.731453,-0.764668,IRN,CSK,7281
111,53,1228,1968,145986,28010,1.8991650000000002,1.865793,ITA,CSK,7281
114,53,1228,1968,0,18384,1.844871,2.2220470000000003,JPN,CSK,7281
124,53,1228,1968,0,1948,0.7129770000000001,1.136677,LBN,CSK,7281
126,53,1228,1968,0,566,-1.864928,-0.47663500000000003,LBY,CSK,7281
134,53,1228,1968,0,979,-0.219575,-0.657712,MAR,CSK,7281
138,53,1228,1968,0,2295,0.306611,0.36893000000000004,MEX,CSK,7281
143,53,1228,1968,0,85671,-0.96686,-0.782324,MMR,CSK,7281
159,53,1228,1968,0,402,-1.317379,-0.822881,NGA,CSK,7281
162,53,1228,1968,10124,6987,1.4081620000000001,2.841383,NLD,CSK,7281
163,53,1228,1968,3017,8830,1.258037,1.6438409999999999,NOR,CSK,7281
166,53,1228,1968,0,452,0.184389,-0.451151,NZL,CSK,7281
168,53,1228,1968,0,3867,0.17055499999999998,-0.249302,PAK,CSK,7281
173,53,1228,1968,0,679,-0.676242,-0.815086,PER,CSK,7281
179,53,1228,1968,0,1144,1.014702,1.024988,PRT,CSK,7281
208,53,1228,1968,245158,17149,1.968017,2.7641270000000002,SWE,CSK,7281
224,53,1228,1968,0,22173,-0.654801,-0.8012319999999999,TUR,CSK,7281
231,53,1228,1968,1424,70944,1.9577650000000002,1.500362,USA,CSK,7281
236,53,1228,1968,0,610,-0.7130850000000001,-0.5042939999999999,VEN,CSK,7281
245,53,1228,1968,56439,102176,1.0230700000000001,2.3184560000000003,YUG,CSK,7281
1,61,1228,1968,0,3854,-0.712527,-0.837342,AFG,DEU,7281
2,61,1228,1968,0,30589,-1.129591,-0.880391,AGO,DEU,7281
4,61,1228,1968,0,1616,0.193555,-0.448741,ALB,DEU,7281
6,61,1228,1968,0,2734,0.14161500000000002,-0.24035399999999998,ANT,DEU,7281
8,61,1228,1968,0,225526,0.148111,0.088328,ARG,DEU,7281
14,61,1228,1968,6115,740784,0.215398,0.115257,AUS,DEU,7281
15,61,1228,1968,569686,2575649,1.94925,1.6721810000000001,AUT,DEU,7281
18,61,1228,1968,508771,2742952,1.529065,2.472506,BEL,DEU,7281
19,61,1228,1968,0,2094,-0.820837,-0.669663,BEN,DEU,7281
21,61,1228,1968,0,1723,-0.21085,-0.5524640000000001,BFA,DEU,7281
23,61,1228,1968,1463,184595,0.581187,0.53879,BGR,DEU,7281
24,61,1228,1968,0,1132,-0.059769,-0.445457,BHR,DEU,7281
31,61,1228,1968,0,34687,-0.8851379999999999,-0.772063,BOL,DEU,7281
32,61,1228,1968,1117,977224,-0.325932,-0.334875,BRA,DEU,7281
33,61,1228,1968,0,2134,0.6484409999999999,0.015096,BRB,DEU,7281
34,61,1228,1968,0,620,-1.0804770000000001,-0.305034,BRN,DEU,7281
38,61,1228,1968,0,8035,-0.9644010000000001,-0.631393,CAF,DEU,7281
39,61,1228,1968,54682,935093,0.6867270000000001,0.846297,CAN,DEU,7281
41,61,1228,1968,1579660,3255679,2.1128139999999997,2.181377,CHE,DEU,7281
42,61,1228,1968,0,125127,0.042475,-0.45777299999999993,CHL,DEU,7281
43,61,1228,1968,0,149450,0.610282,1.61494,CHN,DEU,7281
44,61,1228,1968,0,90830,-0.9004639999999999,-0.815828,CIV,DEU,7281
45,61,1228,1968,0,30324,-0.448082,-0.43909899999999996,CMR,DEU,7281
46,61,1228,1968,0,38745,-1.2018229999999999,-0.6680229999999999,COD,DEU,7281
47,61,1228,1968,283,45006,-1.0615450000000002,-0.736701,COG,DEU,7281
49,61,1228,1968,0,48433,-0.179843,-0.5681729999999999,COL,DEU,7281
52,61,1228,1968,0,20754,0.926132,0.544143,CRI,DEU,7281
53,61,1228,1968,49966,807456,1.6086129999999998,2.804711,CSK,DEU,7281
58,61,1228,1968,0,10738,-0.154697,-0.659162,CYP,DEU,7281
64,61,1228,1968,86404,989263,1.5995489999999999,2.6483209999999997,DNK,DEU,7281
65,61,1228,1968,0,4395,-0.739667,-0.834332,DOM,DEU,7281
66,61,1228,1968,0,34044,-0.6151939999999999,-0.68092,DZA,DEU,7281
67,61,1228,1968,0,33955,-0.5838800000000001,-0.767904,ECU,DEU,7281
68,61,1228,1968,0,161203,0.141193,-0.395386,EGY,DEU,7281
71,61,1228,1968,45620,1274813,0.781529,1.259275,ESP,DEU,7281
73,61,1228,1968,0,10617,-0.8907879999999999,-0.983032,ETH,DEU,7281
74,61,1228,1968,53907,593127,1.401928,1.205835,FIN,DEU,7281
75,61,1228,1968,0,859,-0.04004,-0.562962,FJI,DEU,7281
77,61,1228,1968,778372,7761900,1.7160810000000002,1.713236,FRA,DEU,7281
80,61,1228,1968,0,33869,-1.370584,-0.627224,GAB,DEU,7281
81,61,1228,1968,766901,3016724,2.058025,0.677452,GBR,DEU,7281
83,61,1228,1968,0,74410,-0.995481,-0.76246,GHA,DEU,7281
85,61,1228,1968,0,2661,-0.8495879999999999,-0.675034,GIN,DEU,7281
86,61,1228,1968,1116,956,-0.408167,-0.372355,GLP,DEU,7281
87,61,1228,1968,0,261,-0.7155189999999999,-0.448666,GMB,DEU,7281
88,61,1228,1968,0,546,-1.143491,-0.873791,GNB,DEU,7281
89,61,1228,1968,0,6087,1.0809790000000001,0.078789,GNQ,DEU,7281
90,61,1228,1968,745,418689,0.120538,-0.135025,GRC,DEU,7281
93,61,1228,1968,0,21540,0.5246930000000001,0.169407,GTM,DEU,7281
94,61,1228,1968,0,4806,-0.09549500000000001,-0.493262,GUF,DEU,7281
96,61,1228,1968,0,5154,-0.34474699999999997,-0.547204,GUY,DEU,7281
97,61,1228,1968,0,35023,1.397888,1.218178,HKG,DEU,7281
99,61,1228,1968,0,7982,-0.115754,-0.5740890000000001,HND,DEU,7281
102,61,1228,1968,18149,334120,0.9154209999999999,1.253378,HUN,DEU,7281
103,61,1228,1968,0,49183,-1.210591,-0.7402310000000001,IDN,DEU,7281
104,61,1228,1968,1280,539601,0.1404,0.23993299999999998,IND,DEU,7281
106,61,1228,1968,7179,203505,1.054101,1.252786,IRL,DEU,7281
107,61,1228,1968,0,230246,-0.731453,-0.764668,IRN,DEU,7281
108,61,1228,1968,0,7174,-0.935797,-0.522099,IRQ,DEU,7281
109,61,1228,1968,248,11296,0.282911,-0.326735,ISL,DEU,7281
110,61,1228,1968,462,231570,1.105346,0.8750629999999999,ISR,DEU,7281
111,61,1228,1968,975812,4421677,1.8991650000000002,1.865793,ITA,DEU,7281
112,61,1228,1968,0,13198,0.206492,-0.587264,JAM,DEU,7281
113,61,1228,1968,0,2539,0.402134,-0.18620599999999998,JOR,DEU,7281
114,61,1228,1968,59745,1616865,1.844871,2.2220470000000003,JPN,DEU,7281
116,61,1228,1968,0,17797,-0.301844,-0.318616,KEN,DEU,7281
118,61,1228,1968,0,1689,-0.6683680000000001,-0.9116620000000001,KHM,DEU,7281
121,61,1228,1968,0,201695,0.992735,0.683944,KOR,DEU,7281
122,61,1228,1968,0,25976,-1.2088969999999999,-0.480887,KWT,DEU,7281
124,61,1228,1968,0,35701,0.7129770000000001,1.136677,LBN,DEU,7281
125,61,1228,1968,0,13654,-0.974225,-0.554678,LBR,DEU,7281
126,61,1228,1968,0,18605,-1.864928,-0.47663500000000003,LBY,DEU,7281
128,61,1228,1968,0,36512,-1.048844,-0.673287,LKA,DEU,7281
134,61,1228,1968,0,58027,-0.219575,-0.657712,MAR,DEU,7281
136,61,1228,1968,0,36977,-0.684883,-0.839874,MDG,DEU,7281
138,61,1228,1968,869,334757,0.306611,0.36893000000000004,MEX,DEU,7281
141,61,1228,1968,0,201,-0.625304,-0.751379,MLI,DEU,7281
142,61,1228,1968,0,2543,1.418505,1.216724,MLT,DEU,7281
143,61,1228,1968,0,24325,-0.96686,-0.782324,MMR,DEU,7281
147,61,1228,1968,0,33923,-0.859319,-0.818945,MOZ,DEU,7281
150,61,1228,1968,0,496,0.026755,-0.5054850000000001,MTQ,DEU,7281
151,61,1228,1968,0,264,-0.6355890000000001,-0.593471,MUS,DEU,7281
152,61,1228,1968,0,3247,-0.6704289999999999,-0.747872,MWI,DEU,7281
153,61,1228,1968,0,274968,-0.530212,-0.618034,MYS,DEU,7281
156,61,1228,1968,0,2219,-1.281862,-0.337455,NCL,DEU,7281
157,61,1228,1968,0,874,-0.621916,-0.715214,NER,DEU,7281
159,61,1228,1968,0,95713,-1.317379,-0.822881,NGA,DEU,7281
160,61,1228,1968,0,7045,0.141456,-0.299055,NIC,DEU,7281
162,61,1228,1968,497454,2309117,1.4081620000000001,2.841383,NLD,DEU,7281
163,61,1228,1968,46583,638990,1.258037,1.6438409999999999,NOR,DEU,7281
164,61,1228,1968,0,1021,0.172179,-0.358408,NPL,DEU,7281
166,61,1228,1968,0,172790,0.184389,-0.451151,NZL,DEU,7281
167,61,1228,1968,0,12637,-1.563004,-0.448748,OMN,DEU,7281
168,61,1228,1968,938,136567,0.17055499999999998,-0.249302,PAK,DEU,7281
169,61,1228,1968,0,16372,1.151761,0.8629450000000001,PAN,DEU,7281
173,61,1228,1968,0,92899,-0.676242,-0.815086,PER,DEU,7281
174,61,1228,1968,0,208595,-0.38509499999999997,-0.708784,PHL,DEU,7281
177,61,1228,1968,7944,291174,0.9209379999999999,1.762821,POL,DEU,7281
178,61,1228,1968,0,11912,0.353216,-0.371603,PRK,DEU,7281
179,61,1228,1968,718,288929,1.014702,1.024988,PRT,DEU,7281
180,61,1228,1968,0,34871,-0.605754,-0.77208,PRY,DEU,7281
182,61,1228,1968,0,2796,-0.5570109999999999,-0.47348599999999996,PYF,DEU,7281
183,61,1228,1968,0,1061,-1.9631509999999999,-0.438784,QAT,DEU,7281
184,61,1228,1968,0,1735,-0.704149,-0.416626,REU,DEU,7281
185,61,1228,1968,1972,1381315,0.7897609999999999,0.9959479999999999,ROU,DEU,7281
186,61,1228,1968,9770,756191,0.429629,0.513075,RUS,DEU,7281
187,61,1228,1968,0,517,-1.387285,-0.467879,RWA,DEU,7281
188,61,1228,1968,0,64632,-1.510775,-0.48828699999999997,SAU,DEU,7281
190,61,1228,1968,0,46664,-1.18039,-0.908206,SDN,DEU,7281
191,61,1228,1968,0,2379,-0.380494,-0.698573,SEN,DEU,7281
192,61,1228,1968,0,95692,0.34532199999999996,0.624988,SGP,DEU,7281
196,61,1228,1968,0,1802,-1.055491,-0.736395,SLE,DEU,7281
197,61,1228,1968,0,14326,0.8662620000000001,0.791027,SLV,DEU,7281
199,61,1228,1968,0,2669,-0.228271,-0.550886,SOM,DEU,7281
205,61,1228,1968,0,12966,-0.43228199999999994,-0.560526,SUR,DEU,7281
208,61,1228,1968,800923,2036524,1.968017,2.7641270000000002,SWE,DEU,7281
212,61,1228,1968,0,15883,-0.14453,-0.669121,SYR,DEU,7281
214,61,1228,1968,0,2289,-0.837724,-0.47968500000000003,TCD,DEU,7281
215,61,1228,1968,0,2145,-1.185554,-0.808087,TGO,DEU,7281
216,61,1228,1968,0,402456,-0.59446,-0.7126439999999999,THA,DEU,7281
220,61,1228,1968,0,260,1.094058,0.195271,TLS,DEU,7281
222,61,1228,1968,0,3366,0.388499,-0.182041,TTO,DEU,7281
223,61,1228,1968,0,14119,-0.129079,-0.54896,TUN,DEU,7281
224,61,1228,1968,0,384324,-0.654801,-0.8012319999999999,TUR,DEU,7281
226,61,1228,1968,0,99084,-1.2084840000000001,-0.893344,TZA,DEU,7281
227,61,1228,1968,0,5686,-1.381566,-0.770883,UGA,DEU,7281
230,61,1228,1968,0,4776,0.418634,-0.177045,URY,DEU,7281
231,61,1228,1968,1870155,4630203,1.9577650000000002,1.500362,USA,DEU,7281
236,61,1228,1968,455,219913,-0.7130850000000001,-0.5042939999999999,VEN,DEU,7281
239,61,1228,1968,0,6560,0.414368,-0.21605500000000002,VNM,DEU,7281
240,61,1228,1968,0,837,-1.165284,-0.661817,VUT,DEU,7281
245,61,1228,1968,44305,1154938,1.0230700000000001,2.3184560000000003,YUG,DEU,7281
246,61,1228,1968,922,786575,-0.397811,-0.621199,ZAF,DEU,7281
247,61,1228,1968,0,19199,-0.811549,-0.6721600000000001,ZMB,DEU,7281
248,61,1228,1968,0,20655,1.275376,1.463211,ZWE,DEU,7281
249,61,1228,1968,0,54609,1.152169,1.691066,TWN,DEU,7281
2,64,1228,1968,0,328,-1.129591,-0.880391,AGO,DNK,7281
14,64,1228,1968,659,3421,0.215398,0.115257,AUS,DNK,7281
15,64,1228,1968,43402,2603,1.94925,1.6721810000000001,AUT,DNK,7281
18,64,1228,1968,40066,13814,1.529065,2.472506,BEL,DNK,7281
23,64,1228,1968,0,1847,0.581187,0.53879,BGR,DNK,7281
32,64,1228,1968,252,2855,-0.325932,-0.334875,BRA,DNK,7281
33,64,1228,1968,0,380,0.6484409999999999,0.015096,BRB,DNK,7281
39,64,1228,1968,2529,16904,0.6867270000000001,0.846297,CAN,DNK,7281
41,64,1228,1968,81624,10772,2.1128139999999997,2.181377,CHE,DNK,7281
42,64,1228,1968,0,3693,0.042475,-0.45777299999999993,CHL,DNK,7281
44,64,1228,1968,0,243,-0.9004639999999999,-0.815828,CIV,DNK,7281
49,64,1228,1968,0,942,-0.179843,-0.5681729999999999,COL,DNK,7281
52,64,1228,1968,0,440,0.926132,0.544143,CRI,DNK,7281
53,64,1228,1968,9301,18282,1.6086129999999998,2.804711,CSK,DNK,7281
61,64,1228,1968,989263,86404,2.2253979999999998,-1.8081060000000002,DEU,DNK,7281
67,64,1228,1968,0,498,-0.5838800000000001,-0.767904,ECU,DNK,7281
68,64,1228,1968,0,10987,0.141193,-0.395386,EGY,DNK,7281
71,64,1228,1968,0,18305,0.781529,1.259275,ESP,DNK,7281
74,64,1228,1968,9451,28990,1.401928,1.205835,FIN,DNK,7281
77,64,1228,1968,40741,29646,1.7160810000000002,1.713236,FRA,DNK,7281
81,64,1228,1968,266122,82555,2.058025,0.677452,GBR,DNK,7281
83,64,1228,1968,0,494,-0.995481,-0.76246,GHA,DNK,7281
90,64,1228,1968,0,328,0.120538,-0.135025,GRC,DNK,7281
93,64,1228,1968,0,413,0.5246930000000001,0.169407,GTM,DNK,7281
97,64,1228,1968,0,254,1.397888,1.218178,HKG,DNK,7281
99,64,1228,1968,0,266,-0.115754,-0.5740890000000001,HND,DNK,7281
102,64,1228,1968,0,616,0.9154209999999999,1.253378,HUN,DNK,7281
104,64,1228,1968,285,890,0.1404,0.23993299999999998,IND,DNK,7281
106,64,1228,1968,0,2258,1.054101,1.252786,IRL,DNK,7281
107,64,1228,1968,0,1036,-0.731453,-0.764668,IRN,DNK,7281
108,64,1228,1968,0,1802,-0.935797,-0.522099,IRQ,DNK,7281
109,64,1228,1968,0,1494,0.282911,-0.326735,ISL,DNK,7281
110,64,1228,1968,0,12535,1.105346,0.8750629999999999,ISR,DNK,7281
111,64,1228,1968,120740,10638,1.8991650000000002,1.865793,ITA,DNK,7281
114,64,1228,1968,28303,797,1.844871,2.2220470000000003,JPN,DNK,7281
116,64,1228,1968,0,426,-0.301844,-0.318616,KEN,DNK,7281
122,64,1228,1968,0,458,-1.2088969999999999,-0.480887,KWT,DNK,7281
124,64,1228,1968,0,313,0.7129770000000001,1.136677,LBN,DNK,7281
125,64,1228,1968,0,340,-0.974225,-0.554678,LBR,DNK,7281
126,64,1228,1968,0,381,-1.864928,-0.47663500000000003,LBY,DNK,7281
138,64,1228,1968,0,1554,0.306611,0.36893000000000004,MEX,DNK,7281
143,64,1228,1968,0,2246,-0.96686,-0.782324,MMR,DNK,7281
153,64,1228,1968,0,1810,-0.530212,-0.618034,MYS,DNK,7281
159,64,1228,1968,0,1433,-1.317379,-0.822881,NGA,DNK,7281
162,64,1228,1968,35977,10155,1.4081620000000001,2.841383,NLD,DNK,7281
163,64,1228,1968,19132,41894,1.258037,1.6438409999999999,NOR,DNK,7281
166,64,1228,1968,0,4319,0.184389,-0.451151,NZL,DNK,7281
168,64,1228,1968,0,300,0.17055499999999998,-0.249302,PAK,DNK,7281
173,64,1228,1968,0,1662,-0.676242,-0.815086,PER,DNK,7281
174,64,1228,1968,0,778,-0.38509499999999997,-0.708784,PHL,DNK,7281
177,64,1228,1968,2856,6793,0.9209379999999999,1.762821,POL,DNK,7281
179,64,1228,1968,0,4774,1.014702,1.024988,PRT,DNK,7281
186,64,1228,1968,0,6514,0.429629,0.513075,RUS,DNK,7281
188,64,1228,1968,0,613,-1.510775,-0.48828699999999997,SAU,DNK,7281
192,64,1228,1968,0,1023,0.34532199999999996,0.624988,SGP,DNK,7281
208,64,1228,1968,373450,114430,1.968017,2.7641270000000002,SWE,DNK,7281
212,64,1228,1968,0,285,-0.14453,-0.669121,SYR,DNK,7281
216,64,1228,1968,0,1319,-0.59446,-0.7126439999999999,THA,DNK,7281
223,64,1228,1968,0,598,-0.129079,-0.54896,TUN,DNK,7281
224,64,1228,1968,0,2777,-0.654801,-0.8012319999999999,TUR,DNK,7281
226,64,1228,1968,0,443,-1.2084840000000001,-0.893344,TZA,DNK,7281
230,64,1228,1968,0,351,0.418634,-0.177045,URY,DNK,7281
231,64,1228,1968,147794,48906,1.9577650000000002,1.500362,USA,DNK,7281
236,64,1228,1968,0,2687,-0.7130850000000001,-0.5042939999999999,VEN,DNK,7281
245,64,1228,1968,1869,548,1.0230700000000001,2.3184560000000003,YUG,DNK,7281
246,64,1228,1968,0,8540,-0.397811,-0.621199,ZAF,DNK,7281
247,64,1228,1968,0,1572,-0.811549,-0.6721600000000001,ZMB,DNK,7281
250,64,1228,1968,0,2667,0.8133859999999999,0.47075900000000004,ANS,DNK,7281
2,77,1228,1968,0,861,-1.129591,-0.880391,AGO,FRA,7281
8,77,1228,1968,0,36231,0.148111,0.088328,ARG,FRA,7281
14,77,1228,1968,9071,23872,0.215398,0.115257,AUS,FRA,7281
15,77,1228,1968,104265,23205,1.94925,1.6721810000000001,AUT,FRA,7281
18,77,1228,1968,1236594,485165,1.529065,2.472506,BEL,FRA,7281
19,77,1228,1968,0,3343,-0.820837,-0.669663,BEN,FRA,7281
21,77,1228,1968,0,2709,-0.21085,-0.5524640000000001,BFA,FRA,7281
23,77,1228,1968,0,37527,0.581187,0.53879,BGR,FRA,7281
24,77,1228,1968,0,713,-0.059769,-0.445457,BHR,FRA,7281
30,77,1228,1968,370,0,0.873251,0.188419,BMU,FRA,7281
31,77,1228,1968,0,4198,-0.8851379999999999,-0.772063,BOL,FRA,7281
32,77,1228,1968,0,13542,-0.325932,-0.334875,BRA,FRA,7281
33,77,1228,1968,0,953,0.6484409999999999,0.015096,BRB,FRA,7281
34,77,1228,1968,0,6162,-1.0804770000000001,-0.305034,BRN,FRA,7281
38,77,1228,1968,0,9747,-0.9644010000000001,-0.631393,CAF,FRA,7281
39,77,1228,1968,180545,33101,0.6867270000000001,0.846297,CAN,FRA,7281
41,77,1228,1968,834204,207440,2.1128139999999997,2.181377,CHE,FRA,7281
42,77,1228,1968,0,75594,0.042475,-0.45777299999999993,CHL,FRA,7281
43,77,1228,1968,0,10432,0.610282,1.61494,CHN,FRA,7281
44,77,1228,1968,977,65845,-0.9004639999999999,-0.815828,CIV,FRA,7281
45,77,1228,1968,1208,49438,-0.448082,-0.43909899999999996,CMR,FRA,7281
46,77,1228,1968,0,16164,-1.2018229999999999,-0.6680229999999999,COD,FRA,7281
47,77,1228,1968,542,20389,-1.0615450000000002,-0.736701,COG,FRA,7281
49,77,1228,1968,0,1409,-0.179843,-0.5681729999999999,COL,FRA,7281
50,77,1228,1968,0,2367,-1.103797,-0.557675,COM,FRA,7281
53,77,1228,1968,13041,162054,1.6086129999999998,2.804711,CSK,FRA,7281
54,77,1228,1968,0,11496,0.19656600000000002,-0.645117,CUB,FRA,7281
58,77,1228,1968,0,3605,-0.154697,-0.659162,CYP,FRA,7281
61,77,1228,1968,7761900,778372,2.2253979999999998,-1.8081060000000002,DEU,FRA,7281
62,77,1228,1968,0,765,1.7353180000000001,0.615274,DJI,FRA,7281
64,77,1228,1968,29646,40741,1.5995489999999999,2.6483209999999997,DNK,FRA,7281
66,77,1228,1968,2592,223645,-0.6151939999999999,-0.68092,DZA,FRA,7281
67,77,1228,1968,0,1568,-0.5838800000000001,-0.767904,ECU,FRA,7281
68,77,1228,1968,0,1033,0.141193,-0.395386,EGY,FRA,7281
71,77,1228,1968,23234,290371,0.781529,1.259275,ESP,FRA,7281
73,77,1228,1968,0,355,-0.8907879999999999,-0.983032,ETH,FRA,7281
74,77,1228,1968,43191,11402,1.401928,1.205835,FIN,FRA,7281
80,77,1228,1968,0,29435,-1.370584,-0.627224,GAB,FRA,7281
81,77,1228,1968,704187,276276,2.058025,0.677452,GBR,FRA,7281
83,77,1228,1968,0,568,-0.995481,-0.76246,GHA,FRA,7281
85,77,1228,1968,0,4871,-0.8495879999999999,-0.675034,GIN,FRA,7281
86,77,1228,1968,0,17769,-0.408167,-0.372355,GLP,FRA,7281
88,77,1228,1968,0,2462,-1.143491,-0.873791,GNB,FRA,7281
89,77,1228,1968,0,1495,1.0809790000000001,0.078789,GNQ,FRA,7281
90,77,1228,1968,0,30930,0.120538,-0.135025,GRC,FRA,7281
93,77,1228,1968,0,1196,0.5246930000000001,0.169407,GTM,FRA,7281
94,77,1228,1968,0,34108,-0.09549500000000001,-0.493262,GUF,FRA,7281
97,77,1228,1968,0,351,1.397888,1.218178,HKG,FRA,7281
99,77,1228,1968,0,1073,-0.115754,-0.5740890000000001,HND,FRA,7281
102,77,1228,1968,478,9674,0.9154209999999999,1.253378,HUN,FRA,7281
103,77,1228,1968,0,3662,-1.210591,-0.7402310000000001,IDN,FRA,7281
104,77,1228,1968,683,135298,0.1404,0.23993299999999998,IND,FRA,7281
106,77,1228,1968,0,19469,1.054101,1.252786,IRL,FRA,7281
107,77,1228,1968,0,10805,-0.731453,-0.764668,IRN,FRA,7281
108,77,1228,1968,0,912,-0.935797,-0.522099,IRQ,FRA,7281
109,77,1228,1968,0,235,0.282911,-0.326735,ISL,FRA,7281
110,77,1228,1968,1114,70442,1.105346,0.8750629999999999,ISR,FRA,7281
111,77,1228,1968,1570768,461177,1.8991650000000002,1.865793,ITA,FRA,7281
113,77,1228,1968,0,6788,0.402134,-0.18620599999999998,JOR,FRA,7281
114,77,1228,1968,90354,84636,1.844871,2.2220470000000003,JPN,FRA,7281
118,77,1228,1968,0,5559,-0.6683680000000001,-0.9116620000000001,KHM,FRA,7281
122,77,1228,1968,0,1673,-1.2088969999999999,-0.480887,KWT,FRA,7281
123,77,1228,1968,0,1833,-0.43895,-0.631242,LAO,FRA,7281
124,77,1228,1968,0,10696,0.7129770000000001,1.136677,LBN,FRA,7281
125,77,1228,1968,0,6086,-0.974225,-0.554678,LBR,FRA,7281
126,77,1228,1968,516,1451,-1.864928,-0.47663500000000003,LBY,FRA,7281
128,77,1228,1968,0,2762,-1.048844,-0.673287,LKA,FRA,7281
134,77,1228,1968,0,178072,-0.219575,-0.657712,MAR,FRA,7281
136,77,1228,1968,0,48989,-0.684883,-0.839874,MDG,FRA,7281
138,77,1228,1968,480,69649,0.306611,0.36893000000000004,MEX,FRA,7281
141,77,1228,1968,0,4529,-0.625304,-0.751379,MLI,FRA,7281
142,77,1228,1968,0,347,1.418505,1.216724,MLT,FRA,7281
143,77,1228,1968,0,252,-0.96686,-0.782324,MMR,FRA,7281
147,77,1228,1968,0,1015,-0.859319,-0.818945,MOZ,FRA,7281
148,77,1228,1968,0,29530,-0.584021,-0.6288090000000001,MRT,FRA,7281
150,77,1228,1968,0,21518,0.026755,-0.5054850000000001,MTQ,FRA,7281
151,77,1228,1968,0,820,-0.6355890000000001,-0.593471,MUS,FRA,7281
153,77,1228,1968,0,5763,-0.530212,-0.618034,MYS,FRA,7281
156,77,1228,1968,0,23589,-1.281862,-0.337455,NCL,FRA,7281
157,77,1228,1968,0,5575,-0.621916,-0.715214,NER,FRA,7281
159,77,1228,1968,0,8146,-1.317379,-0.822881,NGA,FRA,7281
162,77,1228,1968,231991,124019,1.4081620000000001,2.841383,NLD,FRA,7281
163,77,1228,1968,9489,18989,1.258037,1.6438409999999999,NOR,FRA,7281
166,77,1228,1968,0,912,0.184389,-0.451151,NZL,FRA,7281
167,77,1228,1968,0,3248,-1.563004,-0.448748,OMN,FRA,7281
168,77,1228,1968,0,53128,0.17055499999999998,-0.249302,PAK,FRA,7281
169,77,1228,1968,0,262,1.151761,0.8629450000000001,PAN,FRA,7281
173,77,1228,1968,0,22511,-0.676242,-0.815086,PER,FRA,7281
174,77,1228,1968,0,312,-0.38509499999999997,-0.708784,PHL,FRA,7281
177,77,1228,1968,5528,31195,0.9209379999999999,1.762821,POL,FRA,7281
179,77,1228,1968,5453,31008,1.014702,1.024988,PRT,FRA,7281
182,77,1228,1968,0,10469,-0.5570109999999999,-0.47348599999999996,PYF,FRA,7281
184,77,1228,1968,0,44068,-0.704149,-0.416626,REU,FRA,7281
185,77,1228,1968,906,98047,0.7897609999999999,0.9959479999999999,ROU,FRA,7281
186,77,1228,1968,375,123456,0.429629,0.513075,RUS,FRA,7281
188,77,1228,1968,0,13190,-1.510775,-0.48828699999999997,SAU,FRA,7281
190,77,1228,1968,0,670,-1.18039,-0.908206,SDN,FRA,7281
191,77,1228,1968,0,17660,-0.380494,-0.698573,SEN,FRA,7281
192,77,1228,1968,0,2019,0.34532199999999996,0.624988,SGP,FRA,7281
196,77,1228,1968,0,1066,-1.055491,-0.736395,SLE,FRA,7281
197,77,1228,1968,0,513,0.8662620000000001,0.791027,SLV,FRA,7281
199,77,1228,1968,0,778,-0.228271,-0.550886,SOM,FRA,7281
200,77,1228,1968,0,2307,0.399803,-0.33834699999999995,SPM,FRA,7281
208,77,1228,1968,704836,54281,1.968017,2.7641270000000002,SWE,FRA,7281
212,77,1228,1968,0,3952,-0.14453,-0.669121,SYR,FRA,7281
214,77,1228,1968,0,5338,-0.837724,-0.47968500000000003,TCD,FRA,7281
215,77,1228,1968,0,6130,-1.185554,-0.808087,TGO,FRA,7281
216,77,1228,1968,0,4650,-0.59446,-0.7126439999999999,THA,FRA,7281
222,77,1228,1968,0,467,0.388499,-0.182041,TTO,FRA,7281
223,77,1228,1968,0,73693,-0.129079,-0.54896,TUN,FRA,7281
224,77,1228,1968,0,19610,-0.654801,-0.8012319999999999,TUR,FRA,7281
231,77,1228,1968,1936548,304761,1.9577650000000002,1.500362,USA,FRA,7281
236,77,1228,1968,0,20072,-0.7130850000000001,-0.5042939999999999,VEN,FRA,7281
239,77,1228,1968,0,3173,0.414368,-0.21605500000000002,VNM,FRA,7281
240,77,1228,1968,0,2204,-1.165284,-0.661817,VUT,FRA,7281
245,77,1228,1968,1326,27062,1.0230700000000001,2.3184560000000003,YUG,FRA,7281
246,77,1228,1968,0,42236,-0.397811,-0.621199,ZAF,FRA,7281
247,77,1228,1968,0,1065,-0.811549,-0.6721600000000001,ZMB,FRA,7281
248,77,1228,1968,0,711,1.275376,1.463211,ZWE,FRA,7281
249,77,1228,1968,0,1828,1.152169,1.691066,TWN,FRA,7281
250,77,1228,1968,536,7559,0.8133859999999999,0.47075900000000004,ANS,FRA,7281
1,81,1228,1968,0,420,-0.712527,-0.837342,AFG,GBR,7281
2,81,1228,1968,0,11045,-1.129591,-0.880391,AGO,GBR,7281
6,81,1228,1968,0,4280,0.14161500000000002,-0.24035399999999998,ANT,GBR,7281
8,81,1228,1968,0,36341,0.148111,0.088328,ARG,GBR,7281
14,81,1228,1968,26095,1310859,0.215398,0.115257,AUS,GBR,7281
15,81,1228,1968,104261,76949,1.94925,1.6721810000000001,AUT,GBR,7281
18,81,1228,1968,328742,324086,1.529065,2.472506,BEL,GBR,7281
23,81,1228,1968,8103,4555,0.581187,0.53879,BGR,GBR,7281
24,81,1228,1968,350,16198,-0.059769,-0.445457,BHR,GBR,7281
25,81,1228,1968,0,5384,0.785454,-0.166571,BHS,GBR,7281
30,81,1228,1968,0,1400,0.873251,0.188419,BMU,GBR,7281
31,81,1228,1968,0,3889,-0.8851379999999999,-0.772063,BOL,GBR,7281
32,81,1228,1968,0,45897,-0.325932,-0.334875,BRA,GBR,7281
33,81,1228,1968,0,7671,0.6484409999999999,0.015096,BRB,GBR,7281
34,81,1228,1968,0,383,-1.0804770000000001,-0.305034,BRN,GBR,7281
39,81,1228,1968,299504,735120,0.6867270000000001,0.846297,CAN,GBR,7281
41,81,1228,1968,620881,253119,2.1128139999999997,2.181377,CHE,GBR,7281
42,81,1228,1968,0,36595,0.042475,-0.45777299999999993,CHL,GBR,7281
43,81,1228,1968,0,19852,0.610282,1.61494,CHN,GBR,7281
44,81,1228,1968,0,1519,-0.9004639999999999,-0.815828,CIV,GBR,7281
45,81,1228,1968,0,1984,-0.448082,-0.43909899999999996,CMR,GBR,7281
46,81,1228,1968,0,6665,-1.2018229999999999,-0.6680229999999999,COD,GBR,7281
47,81,1228,1968,0,1416,-1.0615450000000002,-0.736701,COG,GBR,7281
49,81,1228,1968,175,29654,-0.179843,-0.5681729999999999,COL,GBR,7281
52,81,1228,1968,0,2119,0.926132,0.544143,CRI,GBR,7281
53,81,1228,1968,17780,18016,1.6086129999999998,2.804711,CSK,GBR,7281
54,81,1228,1968,444,4471,0.19656600000000002,-0.645117,CUB,GBR,7281
58,81,1228,1968,0,15411,-0.154697,-0.659162,CYP,GBR,7281
61,81,1228,1968,3016724,766901,2.2253979999999998,-1.8081060000000002,DEU,GBR,7281
62,81,1228,1968,0,270,1.7353180000000001,0.615274,DJI,GBR,7281
64,81,1228,1968,82555,266122,1.5995489999999999,2.6483209999999997,DNK,GBR,7281
66,81,1228,1968,0,3598,-0.6151939999999999,-0.68092,DZA,GBR,7281
67,81,1228,1968,0,2601,-0.5838800000000001,-0.767904,ECU,GBR,7281
68,81,1228,1968,0,9929,0.141193,-0.395386,EGY,GBR,7281
71,81,1228,1968,41373,222215,0.781529,1.259275,ESP,GBR,7281
73,81,1228,1968,0,709,-0.8907879999999999,-0.983032,ETH,GBR,7281
74,81,1228,1968,17640,77184,1.401928,1.205835,FIN,GBR,7281
75,81,1228,1968,0,5977,-0.04004,-0.562962,FJI,GBR,7281
77,81,1228,1968,276276,704187,1.7160810000000002,1.713236,FRA,GBR,7281
83,81,1228,1968,0,68311,-0.995481,-0.76246,GHA,GBR,7281
86,81,1228,1968,0,352,-0.408167,-0.372355,GLP,GBR,7281
87,81,1228,1968,0,3869,-0.7155189999999999,-0.448666,GMB,GBR,7281
88,81,1228,1968,0,358,-1.143491,-0.873791,GNB,GBR,7281
90,81,1228,1968,326,33228,0.120538,-0.135025,GRC,GBR,7281
93,81,1228,1968,0,336,0.5246930000000001,0.169407,GTM,GBR,7281
96,81,1228,1968,0,19631,-0.34474699999999997,-0.547204,GUY,GBR,7281
97,81,1228,1968,339,30655,1.397888,1.218178,HKG,GBR,7281
99,81,1228,1968,0,457,-0.115754,-0.5740890000000001,HND,GBR,7281
102,81,1228,1968,2729,24536,0.9154209999999999,1.253378,HUN,GBR,7281
103,81,1228,1968,0,8355,-1.210591,-0.7402310000000001,IDN,GBR,7281
104,81,1228,1968,8562,307233,0.1404,0.23993299999999998,IND,GBR,7281
106,81,1228,1968,61060,294524,1.054101,1.252786,IRL,GBR,7281
107,81,1228,1968,0,99987,-0.731453,-0.764668,IRN,GBR,7281
108,81,1228,1968,0,27005,-0.935797,-0.522099,IRQ,GBR,7281
109,81,1228,1968,0,2123,0.282911,-0.326735,ISL,GBR,7281
110,81,1228,1968,6531,84115,1.105346,0.8750629999999999,ISR,GBR,7281
111,81,1228,1968,340468,440316,1.8991650000000002,1.865793,ITA,GBR,7281
112,81,1228,1968,536,26134,0.206492,-0.587264,JAM,GBR,7281
113,81,1228,1968,0,12600,0.402134,-0.18620599999999998,JOR,GBR,7281
114,81,1228,1968,62795,103007,1.844871,2.2220470000000003,JPN,GBR,7281
116,81,1228,1968,1239,114804,-0.301844,-0.318616,KEN,GBR,7281
121,81,1228,1968,0,3337,0.992735,0.683944,KOR,GBR,7281
122,81,1228,1968,0,13851,-1.2088969999999999,-0.480887,KWT,GBR,7281
123,81,1228,1968,0,248,-0.43895,-0.631242,LAO,GBR,7281
124,81,1228,1968,589,15086,0.7129770000000001,1.136677,LBN,GBR,7281
125,81,1228,1968,0,5741,-0.974225,-0.554678,LBR,GBR,7281
126,81,1228,1968,0,24701,-1.864928,-0.47663500000000003,LBY,GBR,7281
128,81,1228,1968,0,35967,-1.048844,-0.673287,LKA,GBR,7281
134,81,1228,1968,1152,10993,-0.219575,-0.657712,MAR,GBR,7281
136,81,1228,1968,0,471,-0.684883,-0.839874,MDG,GBR,7281
138,81,1228,1968,422,70285,0.306611,0.36893000000000004,MEX,GBR,7281
142,81,1228,1968,652,31019,1.418505,1.216724,MLT,GBR,7281
143,81,1228,1968,0,24714,-0.96686,-0.782324,MMR,GBR,7281
147,81,1228,1968,0,14329,-0.859319,-0.818945,MOZ,GBR,7281
148,81,1228,1968,0,262,-0.584021,-0.6288090000000001,MRT,GBR,7281
150,81,1228,1968,0,288,0.026755,-0.5054850000000001,MTQ,GBR,7281
151,81,1228,1968,0,7723,-0.6355890000000001,-0.593471,MUS,GBR,7281
152,81,1228,1968,0,10559,-0.6704289999999999,-0.747872,MWI,GBR,7281
153,81,1228,1968,717,122440,-0.530212,-0.618034,MYS,GBR,7281
159,81,1228,1968,2729,41598,-1.317379,-0.822881,NGA,GBR,7281
160,81,1228,1968,0,1558,0.141456,-0.299055,NIC,GBR,7281
162,81,1228,1968,301973,454952,1.4081620000000001,2.841383,NLD,GBR,7281
163,81,1228,1968,40419,173320,1.258037,1.6438409999999999,NOR,GBR,7281
166,81,1228,1968,2056,214251,0.184389,-0.451151,NZL,GBR,7281
167,81,1228,1968,0,13958,-1.563004,-0.448748,OMN,GBR,7281
168,81,1228,1968,434,65413,0.17055499999999998,-0.249302,PAK,GBR,7281
169,81,1228,1968,0,3502,1.151761,0.8629450000000001,PAN,GBR,7281
173,81,1228,1968,237,21767,-0.676242,-0.815086,PER,GBR,7281
174,81,1228,1968,382,64740,-0.38509499999999997,-0.708784,PHL,GBR,7281
176,81,1228,1968,0,8036,-0.9894790000000001,-0.735923,PNG,GBR,7281
177,81,1228,1968,3809,108695,0.9209379999999999,1.762821,POL,GBR,7281
179,81,1228,1968,1120,84900,1.014702,1.024988,PRT,GBR,7281
180,81,1228,1968,0,3424,-0.605754,-0.77208,PRY,GBR,7281
183,81,1228,1968,0,14920,-1.9631509999999999,-0.438784,QAT,GBR,7281
185,81,1228,1968,3941,147635,0.7897609999999999,0.9959479999999999,ROU,GBR,7281
186,81,1228,1968,1194,38452,0.429629,0.513075,RUS,GBR,7281
188,81,1228,1968,0,24108,-1.510775,-0.48828699999999997,SAU,GBR,7281
190,81,1228,1968,0,23543,-1.18039,-0.908206,SDN,GBR,7281
191,81,1228,1968,0,430,-0.380494,-0.698573,SEN,GBR,7281
192,81,1228,1968,602,90485,0.34532199999999996,0.624988,SGP,GBR,7281
196,81,1228,1968,745,5612,-1.055491,-0.736395,SLE,GBR,7281
197,81,1228,1968,0,1268,0.8662620000000001,0.791027,SLV,GBR,7281
205,81,1228,1968,0,2431,-0.43228199999999994,-0.560526,SUR,GBR,7281
208,81,1228,1968,757039,485203,1.968017,2.7641270000000002,SWE,GBR,7281
212,81,1228,1968,0,1941,-0.14453,-0.669121,SYR,GBR,7281
216,81,1228,1968,0,44012,-0.59446,-0.7126439999999999,THA,GBR,7281
222,81,1228,1968,236,19442,0.388499,-0.182041,TTO,GBR,7281
223,81,1228,1968,626,597,-0.129079,-0.54896,TUN,GBR,7281
224,81,1228,1968,0,52658,-0.654801,-0.8012319999999999,TUR,GBR,7281
226,81,1228,1968,0,14868,-1.2084840000000001,-0.893344,TZA,GBR,7281
227,81,1228,1968,0,14463,-1.381566,-0.770883,UGA,GBR,7281
230,81,1228,1968,0,3853,0.418634,-0.177045,URY,GBR,7281
231,81,1228,1968,3286470,1401454,1.9577650000000002,1.500362,USA,GBR,7281
236,81,1228,1968,0,37488,-0.7130850000000001,-0.5042939999999999,VEN,GBR,7281
239,81,1228,1968,0,3310,0.414368,-0.21605500000000002,VNM,GBR,7281
240,81,1228,1968,0,3251,-1.165284,-0.661817,VUT,GBR,7281
242,81,1228,1968,0,385,-0.303018,-0.551315,WSM,GBR,7281
244,81,1228,1968,0,2812,-0.713819,-0.722625,YMD,GBR,7281
245,81,1228,1968,1802,18145,1.0230700000000001,2.3184560000000003,YUG,GBR,7281
246,81,1228,1968,24919,1140605,-0.397811,-0.621199,ZAF,GBR,7281
247,81,1228,1968,0,51297,-0.811549,-0.6721600000000001,ZMB,GBR,7281
249,81,1228,1968,0,11780,1.152169,1.691066,TWN,GBR,7281
250,81,1228,1968,2147,10616,0.8133859999999999,0.47075900000000004,ANS,GBR,7281
15,90,1228,1968,24620,0,1.94925,1.6721810000000001,AUT,GRC,7281
18,90,1228,1968,10010,0,1.529065,2.472506,BEL,GRC,7281
39,90,1228,1968,7915,0,0.6867270000000001,0.846297,CAN,GRC,7281
41,90,1228,1968,11018,0,2.1128139999999997,2.181377,CHE,GRC,7281
53,90,1228,1968,3694,0,1.6086129999999998,2.804711,CSK,GRC,7281
58,90,1228,1968,0,498,-0.154697,-0.659162,CYP,GRC,7281
61,90,1228,1968,418689,745,2.2253979999999998,-1.8081060000000002,DEU,GRC,7281
64,90,1228,1968,328,0,1.5995489999999999,2.6483209999999997,DNK,GRC,7281
71,90,1228,1968,2262,0,0.781529,1.259275,ESP,GRC,7281
74,90,1228,1968,1484,0,1.401928,1.205835,FIN,GRC,7281
77,90,1228,1968,30930,0,1.7160810000000002,1.713236,FRA,GRC,7281
81,90,1228,1968,33228,326,2.058025,0.677452,GBR,GRC,7281
104,90,1228,1968,1108,0,0.1404,0.23993299999999998,IND,GRC,7281
111,90,1228,1968,441174,339,1.8991650000000002,1.865793,ITA,GRC,7281
114,90,1228,1968,5753,0,1.844871,2.2220470000000003,JPN,GRC,7281
162,90,1228,1968,7004,0,1.4081620000000001,2.841383,NLD,GRC,7281
169,90,1228,1968,0,419,1.151761,0.8629450000000001,PAN,GRC,7281
177,90,1228,1968,6787,0,0.9209379999999999,1.762821,POL,GRC,7281
186,90,1228,1968,2153,0,0.429629,0.513075,RUS,GRC,7281
208,90,1228,1968,69765,0,1.968017,2.7641270000000002,SWE,GRC,7281
224,90,1228,1968,0,320,-0.654801,-0.8012319999999999,TUR,GRC,7281
231,90,1228,1968,32742,0,1.9577650000000002,1.500362,USA,GRC,7281
245,90,1228,1968,1234,0,1.0230700000000001,2.3184560000000003,YUG,GRC,7281
250,90,1228,1968,548,0,0.8133859999999999,0.47075900000000004,ANS,GRC,7281
14,97,1228,1968,1859,0,0.215398,0.115257,AUS,HKG,7281
15,97,1228,1968,3861,0,1.94925,1.6721810000000001,AUT,HKG,7281
18,97,1228,1968,591,0,1.529065,2.472506,BEL,HKG,7281
21,97,1228,1968,0,586,-0.21085,-0.5524640000000001,BFA,HKG,7281
34,97,1228,1968,0,1019,-1.0804770000000001,-0.305034,BRN,HKG,7281
39,97,1228,1968,2341,0,0.6867270000000001,0.846297,CAN,HKG,7281
41,97,1228,1968,4665,0,2.1128139999999997,2.181377,CHE,HKG,7281
45,97,1228,1968,0,500,-0.448082,-0.43909899999999996,CMR,HKG,7281
61,97,1228,1968,35023,0,2.2253979999999998,-1.8081060000000002,DEU,HKG,7281
64,97,1228,1968,254,0,1.5995489999999999,2.6483209999999997,DNK,HKG,7281
77,97,1228,1968,351,0,1.7160810000000002,1.713236,FRA,HKG,7281
81,97,1228,1968,30655,339,2.058025,0.677452,GBR,HKG,7281
83,97,1228,1968,0,12307,-0.995481,-0.76246,GHA,HKG,7281
103,97,1228,1968,0,1721,-1.210591,-0.7402310000000001,IDN,HKG,7281
111,97,1228,1968,1143,0,1.8991650000000002,1.865793,ITA,HKG,7281
114,97,1228,1968,45949,1003,1.844871,2.2220470000000003,JPN,HKG,7281
118,97,1228,1968,0,258,-0.6683680000000001,-0.9116620000000001,KHM,HKG,7281
121,97,1228,1968,0,31771,0.992735,0.683944,KOR,HKG,7281
128,97,1228,1968,0,452,-1.048844,-0.673287,LKA,HKG,7281
153,97,1228,1968,1340,3993,-0.530212,-0.618034,MYS,HKG,7281
159,97,1228,1968,0,461,-1.317379,-0.822881,NGA,HKG,7281
160,97,1228,1968,0,557,0.141456,-0.299055,NIC,HKG,7281
163,97,1228,1968,344,981,1.258037,1.6438409999999999,NOR,HKG,7281
166,97,1228,1968,1103,0,0.184389,-0.451151,NZL,HKG,7281
174,97,1228,1968,0,6061,-0.38509499999999997,-0.708784,PHL,HKG,7281
192,97,1228,1968,0,1314,0.34532199999999996,0.624988,SGP,HKG,7281
208,97,1228,1968,6215,0,1.968017,2.7641270000000002,SWE,HKG,7281
216,97,1228,1968,0,1783,-0.59446,-0.7126439999999999,THA,HKG,7281
220,97,1228,1968,0,661,1.094058,0.195271,TLS,HKG,7281
231,97,1228,1968,36302,0,1.9577650000000002,1.500362,USA,HKG,7281
239,97,1228,1968,0,774,0.414368,-0.21605500000000002,VNM,HKG,7281
246,97,1228,1968,2009,0,-0.397811,-0.621199,ZAF,HKG,7281
249,97,1228,1968,0,3866,1.152169,1.691066,TWN,HKG,7281
250,97,1228,1968,0,510,0.8133859999999999,0.47075900000000004,ANS,HKG,7281
1,104,1228,1968,0,266,-0.712527,-0.837342,AFG,IND,7281
14,104,1228,1968,476,5589,0.215398,0.115257,AUS,IND,7281
15,104,1228,1968,2426,690,1.94925,1.6721810000000001,AUT,IND,7281
18,104,1228,1968,2470,1517,1.529065,2.472506,BEL,IND,7281
23,104,1228,1968,0,3666,0.581187,0.53879,BGR,IND,7281
39,104,1228,1968,2480,8044,0.6867270000000001,0.846297,CAN,IND,7281
41,104,1228,1968,51343,0,2.1128139999999997,2.181377,CHE,IND,7281
53,104,1228,1968,134607,76127,1.6086129999999998,2.804711,CSK,IND,7281
61,104,1228,1968,539601,1280,2.2253979999999998,-1.8081060000000002,DEU,IND,7281
64,104,1228,1968,890,285,1.5995489999999999,2.6483209999999997,DNK,IND,7281
68,104,1228,1968,0,2032,0.141193,-0.395386,EGY,IND,7281
77,104,1228,1968,135298,683,1.7160810000000002,1.713236,FRA,IND,7281
81,104,1228,1968,307233,8562,2.058025,0.677452,GBR,IND,7281
90,104,1228,1968,0,1108,0.120538,-0.135025,GRC,IND,7281
102,104,1228,1968,7443,0,0.9154209999999999,1.253378,HUN,IND,7281
107,104,1228,1968,0,9082,-0.731453,-0.764668,IRN,IND,7281
108,104,1228,1968,0,4635,-0.935797,-0.522099,IRQ,IND,7281
111,104,1228,1968,17733,0,1.8991650000000002,1.865793,ITA,IND,7281
112,104,1228,1968,0,517,0.206492,-0.587264,JAM,IND,7281
114,104,1228,1968,66367,11414,1.844871,2.2220470000000003,JPN,IND,7281
116,104,1228,1968,0,358,-0.301844,-0.318616,KEN,IND,7281
122,104,1228,1968,0,1741,-1.2088969999999999,-0.480887,KWT,IND,7281
124,104,1228,1968,0,1057,0.7129770000000001,1.136677,LBN,IND,7281
128,104,1228,1968,1097,3851,-1.048844,-0.673287,LKA,IND,7281
143,104,1228,1968,0,233,-0.96686,-0.782324,MMR,IND,7281
153,104,1228,1968,1518,1728,-0.530212,-0.618034,MYS,IND,7281
159,104,1228,1968,0,238,-1.317379,-0.822881,NGA,IND,7281
162,104,1228,1968,7121,944,1.4081620000000001,2.841383,NLD,IND,7281
164,104,1228,1968,0,6604,0.172179,-0.358408,NPL,IND,7281
174,104,1228,1968,0,2783,-0.38509499999999997,-0.708784,PHL,IND,7281
177,104,1228,1968,56765,29723,0.9209379999999999,1.762821,POL,IND,7281
183,104,1228,1968,0,386,-1.9631509999999999,-0.438784,QAT,IND,7281
185,104,1228,1968,1823,0,0.7897609999999999,0.9959479999999999,ROU,IND,7281
186,104,1228,1968,488280,21444,0.429629,0.513075,RUS,IND,7281
188,104,1228,1968,0,876,-1.510775,-0.48828699999999997,SAU,IND,7281
190,104,1228,1968,0,1420,-1.18039,-0.908206,SDN,IND,7281
192,104,1228,1968,0,3419,0.34532199999999996,0.624988,SGP,IND,7281
208,104,1228,1968,93196,0,1.968017,2.7641270000000002,SWE,IND,7281
212,104,1228,1968,0,2420,-0.14453,-0.669121,SYR,IND,7281
216,104,1228,1968,0,3016,-0.59446,-0.7126439999999999,THA,IND,7281
224,104,1228,1968,0,254,-0.654801,-0.8012319999999999,TUR,IND,7281
231,104,1228,1968,473187,1887,1.9577650000000002,1.500362,USA,IND,7281
239,104,1228,1968,0,9183,0.414368,-0.21605500000000002,VNM,IND,7281
245,104,1228,1968,1911,1655,1.0230700000000001,2.3184560000000003,YUG,IND,7281
14,107,1228,1968,136,0,0.215398,0.115257,AUS,IRN,7281
15,107,1228,1968,27100,0,1.94925,1.6721810000000001,AUT,IRN,7281
18,107,1228,1968,2350,0,1.529065,2.472506,BEL,IRN,7281
23,107,1228,1968,638,0,0.581187,0.53879,BGR,IRN,7281
41,107,1228,1968,2279,0,2.1128139999999997,2.181377,CHE,IRN,7281
43,107,1228,1968,539,0,0.610282,1.61494,CHN,IRN,7281
53,107,1228,1968,210781,0,1.6086129999999998,2.804711,CSK,IRN,7281
61,107,1228,1968,230246,0,2.2253979999999998,-1.8081060000000002,DEU,IRN,7281
64,107,1228,1968,1036,0,1.5995489999999999,2.6483209999999997,DNK,IRN,7281
74,107,1228,1968,1204,0,1.401928,1.205835,FIN,IRN,7281
77,107,1228,1968,10805,0,1.7160810000000002,1.713236,FRA,IRN,7281
81,107,1228,1968,99987,0,2.058025,0.677452,GBR,IRN,7281
102,107,1228,1968,4565,0,0.9154209999999999,1.253378,HUN,IRN,7281
104,107,1228,1968,9082,0,0.1404,0.23993299999999998,IND,IRN,7281
110,107,1228,1968,353,0,1.105346,0.8750629999999999,ISR,IRN,7281
111,107,1228,1968,98942,0,1.8991650000000002,1.865793,ITA,IRN,7281
114,107,1228,1968,9516,0,1.844871,2.2220470000000003,JPN,IRN,7281
162,107,1228,1968,8543,0,1.4081620000000001,2.841383,NLD,IRN,7281
177,107,1228,1968,3583,0,0.9209379999999999,1.762821,POL,IRN,7281
185,107,1228,1968,3418,0,0.7897609999999999,0.9959479999999999,ROU,IRN,7281
186,107,1228,1968,20349,0,0.429629,0.513075,RUS,IRN,7281
208,107,1228,1968,94478,0,1.968017,2.7641270000000002,SWE,IRN,7281
231,107,1228,1968,116098,0,1.9577650000000002,1.500362,USA,IRN,7281
245,107,1228,1968,20707,0,1.0230700000000001,2.3184560000000003,YUG,IRN,7281
249,107,1228,1968,260,0,1.152169,1.691066,TWN,IRN,7281
2,111,1228,1968,0,58070,-1.129591,-0.880391,AGO,ITA,7281
4,111,1228,1968,0,2927,0.193555,-0.448741,ALB,ITA,7281
6,111,1228,1968,0,2279,0.14161500000000002,-0.24035399999999998,ANT,ITA,7281
8,111,1228,1968,0,148667,0.148111,0.088328,ARG,ITA,7281
14,111,1228,1968,2088,184996,0.215398,0.115257,AUS,ITA,7281
15,111,1228,1968,131566,169778,1.94925,1.6721810000000001,AUT,ITA,7281
18,111,1228,1968,283472,537252,1.529065,2.472506,BEL,ITA,7281
23,111,1228,1968,0,125421,0.581187,0.53879,BGR,ITA,7281
24,111,1228,1968,0,5827,-0.059769,-0.445457,BHR,ITA,7281
30,111,1228,1968,0,867,0.873251,0.188419,BMU,ITA,7281
31,111,1228,1968,0,1862,-0.8851379999999999,-0.772063,BOL,ITA,7281
32,111,1228,1968,0,86776,-0.325932,-0.334875,BRA,ITA,7281
38,111,1228,1968,0,142,-0.9644010000000001,-0.631393,CAF,ITA,7281
39,111,1228,1968,36086,208311,0.6867270000000001,0.846297,CAN,ITA,7281
41,111,1228,1968,324278,533735,2.1128139999999997,2.181377,CHE,ITA,7281
42,111,1228,1968,0,16036,0.042475,-0.45777299999999993,CHL,ITA,7281
43,111,1228,1968,0,52388,0.610282,1.61494,CHN,ITA,7281
44,111,1228,1968,0,26634,-0.9004639999999999,-0.815828,CIV,ITA,7281
45,111,1228,1968,0,6371,-0.448082,-0.43909899999999996,CMR,ITA,7281
46,111,1228,1968,0,4702,-1.2018229999999999,-0.6680229999999999,COD,ITA,7281
47,111,1228,1968,0,14410,-1.0615450000000002,-0.736701,COG,ITA,7281
49,111,1228,1968,0,11039,-0.179843,-0.5681729999999999,COL,ITA,7281
52,111,1228,1968,0,2201,0.926132,0.544143,CRI,ITA,7281
53,111,1228,1968,28010,145986,1.6086129999999998,2.804711,CSK,ITA,7281
54,111,1228,1968,0,8929,0.19656600000000002,-0.645117,CUB,ITA,7281
58,111,1228,1968,0,34017,-0.154697,-0.659162,CYP,ITA,7281
61,111,1228,1968,4421677,975812,2.2253979999999998,-1.8081060000000002,DEU,ITA,7281
62,111,1228,1968,0,5887,1.7353180000000001,0.615274,DJI,ITA,7281
64,111,1228,1968,10638,120740,1.5995489999999999,2.6483209999999997,DNK,ITA,7281
65,111,1228,1968,0,4691,-0.739667,-0.834332,DOM,ITA,7281
66,111,1228,1968,0,44557,-0.6151939999999999,-0.68092,DZA,ITA,7281
67,111,1228,1968,0,25154,-0.5838800000000001,-0.767904,ECU,ITA,7281
68,111,1228,1968,0,5809,0.141193,-0.395386,EGY,ITA,7281
71,111,1228,1968,29013,1028631,0.781529,1.259275,ESP,ITA,7281
73,111,1228,1968,0,55082,-0.8907879999999999,-0.983032,ETH,ITA,7281
74,111,1228,1968,30422,28457,1.401928,1.205835,FIN,ITA,7281
75,111,1228,1968,0,293,-0.04004,-0.562962,FJI,ITA,7281
77,111,1228,1968,461177,1570768,1.7160810000000002,1.713236,FRA,ITA,7281
80,111,1228,1968,0,1431,-1.370584,-0.627224,GAB,ITA,7281
81,111,1228,1968,440316,340468,2.058025,0.677452,GBR,ITA,7281
83,111,1228,1968,0,7963,-0.995481,-0.76246,GHA,ITA,7281
90,111,1228,1968,339,441174,0.120538,-0.135025,GRC,ITA,7281
93,111,1228,1968,0,4147,0.5246930000000001,0.169407,GTM,ITA,7281
94,111,1228,1968,0,2664,-0.09549500000000001,-0.493262,GUF,ITA,7281
97,111,1228,1968,0,1143,1.397888,1.218178,HKG,ITA,7281
99,111,1228,1968,0,4220,-0.115754,-0.5740890000000001,HND,ITA,7281
101,111,1228,1968,0,1179,0.30587600000000004,-0.458413,HTI,ITA,7281
102,111,1228,1968,2898,34478,0.9154209999999999,1.253378,HUN,ITA,7281
103,111,1228,1968,0,1198,-1.210591,-0.7402310000000001,IDN,ITA,7281
104,111,1228,1968,0,17733,0.1404,0.23993299999999998,IND,ITA,7281
106,111,1228,1968,0,34998,1.054101,1.252786,IRL,ITA,7281
107,111,1228,1968,0,98942,-0.731453,-0.764668,IRN,ITA,7281
108,111,1228,1968,0,47084,-0.935797,-0.522099,IRQ,ITA,7281
109,111,1228,1968,0,2346,0.282911,-0.326735,ISL,ITA,7281
110,111,1228,1968,245,78610,1.105346,0.8750629999999999,ISR,ITA,7281
112,111,1228,1968,0,10723,0.206492,-0.587264,JAM,ITA,7281
113,111,1228,1968,0,11201,0.402134,-0.18620599999999998,JOR,ITA,7281
114,111,1228,1968,44497,347406,1.844871,2.2220470000000003,JPN,ITA,7281
116,111,1228,1968,0,22135,-0.301844,-0.318616,KEN,ITA,7281
118,111,1228,1968,0,416,-0.6683680000000001,-0.9116620000000001,KHM,ITA,7281
122,111,1228,1968,0,16709,-1.2088969999999999,-0.480887,KWT,ITA,7281
124,111,1228,1968,0,76929,0.7129770000000001,1.136677,LBN,ITA,7281
125,111,1228,1968,0,1050,-0.974225,-0.554678,LBR,ITA,7281
126,111,1228,1968,547,151817,-1.864928,-0.47663500000000003,LBY,ITA,7281
128,111,1228,1968,0,6250,-1.048844,-0.673287,LKA,ITA,7281
134,111,1228,1968,0,16350,-0.219575,-0.657712,MAR,ITA,7281
136,111,1228,1968,0,13171,-0.684883,-0.839874,MDG,ITA,7281
138,111,1228,1968,484,320513,0.306611,0.36893000000000004,MEX,ITA,7281
142,111,1228,1968,0,37161,1.418505,1.216724,MLT,ITA,7281
147,111,1228,1968,0,46480,-0.859319,-0.818945,MOZ,ITA,7281
151,111,1228,1968,0,6833,-0.6355890000000001,-0.593471,MUS,ITA,7281
152,111,1228,1968,0,327,-0.6704289999999999,-0.747872,MWI,ITA,7281
153,111,1228,1968,696,35522,-0.530212,-0.618034,MYS,ITA,7281
157,111,1228,1968,0,298,-0.621916,-0.715214,NER,ITA,7281
159,111,1228,1968,0,59820,-1.317379,-0.822881,NGA,ITA,7281
160,111,1228,1968,0,3646,0.141456,-0.299055,NIC,ITA,7281
162,111,1228,1968,107313,257947,1.4081620000000001,2.841383,NLD,ITA,7281
163,111,1228,1968,13996,74740,1.258037,1.6438409999999999,NOR,ITA,7281
166,111,1228,1968,0,10507,0.184389,-0.451151,NZL,ITA,7281
167,111,1228,1968,0,8317,-1.563004,-0.448748,OMN,ITA,7281
168,111,1228,1968,0,30411,0.17055499999999998,-0.249302,PAK,ITA,7281
169,111,1228,1968,894,13389,1.151761,0.8629450000000001,PAN,ITA,7281
172,111,1228,1968,0,978,0.984267,0.41289499999999996,PCZ,ITA,7281
173,111,1228,1968,0,46023,-0.676242,-0.815086,PER,ITA,7281
174,111,1228,1968,0,11279,-0.38509499999999997,-0.708784,PHL,ITA,7281
177,111,1228,1968,7389,164253,0.9209379999999999,1.762821,POL,ITA,7281
179,111,1228,1968,1740,163769,1.014702,1.024988,PRT,ITA,7281
180,111,1228,1968,0,356,-0.605754,-0.77208,PRY,ITA,7281
183,111,1228,1968,0,2174,-1.9631509999999999,-0.438784,QAT,ITA,7281
184,111,1228,1968,0,3503,-0.704149,-0.416626,REU,ITA,7281
185,111,1228,1968,610,299593,0.7897609999999999,0.9959479999999999,ROU,ITA,7281
186,111,1228,1968,3191,361935,0.429629,0.513075,RUS,ITA,7281
188,111,1228,1968,0,36153,-1.510775,-0.48828699999999997,SAU,ITA,7281
190,111,1228,1968,0,10324,-1.18039,-0.908206,SDN,ITA,7281
191,111,1228,1968,0,1041,-0.380494,-0.698573,SEN,ITA,7281
192,111,1228,1968,0,19616,0.34532199999999996,0.624988,SGP,ITA,7281
196,111,1228,1968,0,1649,-1.055491,-0.736395,SLE,ITA,7281
197,111,1228,1968,0,4381,0.8662620000000001,0.791027,SLV,ITA,7281
199,111,1228,1968,0,3168,-0.228271,-0.550886,SOM,ITA,7281
205,111,1228,1968,0,1904,-0.43228199999999994,-0.560526,SUR,ITA,7281
208,111,1228,1968,577830,174940,1.968017,2.7641270000000002,SWE,ITA,7281
212,111,1228,1968,0,18709,-0.14453,-0.669121,SYR,ITA,7281
214,111,1228,1968,0,214,-0.837724,-0.47968500000000003,TCD,ITA,7281
215,111,1228,1968,0,100122,-1.185554,-0.808087,TGO,ITA,7281
216,111,1228,1968,0,20439,-0.59446,-0.7126439999999999,THA,ITA,7281
222,111,1228,1968,0,2157,0.388499,-0.182041,TTO,ITA,7281
223,111,1228,1968,0,30237,-0.129079,-0.54896,TUN,ITA,7281
224,111,1228,1968,0,59089,-0.654801,-0.8012319999999999,TUR,ITA,7281
226,111,1228,1968,0,7182,-1.2084840000000001,-0.893344,TZA,ITA,7281
227,111,1228,1968,0,6465,-1.381566,-0.770883,UGA,ITA,7281
230,111,1228,1968,0,899,0.418634,-0.177045,URY,ITA,7281
231,111,1228,1968,996534,1327789,1.9577650000000002,1.500362,USA,ITA,7281
236,111,1228,1968,0,303682,-0.7130850000000001,-0.5042939999999999,VEN,ITA,7281
240,111,1228,1968,0,257,-1.165284,-0.661817,VUT,ITA,7281
243,111,1228,1968,0,414,-0.590004,-0.672928,YEM,ITA,7281
244,111,1228,1968,0,512,-0.713819,-0.722625,YMD,ITA,7281
245,111,1228,1968,14673,544556,1.0230700000000001,2.3184560000000003,YUG,ITA,7281
246,111,1228,1968,309,240033,-0.397811,-0.621199,ZAF,ITA,7281
247,111,1228,1968,0,5313,-0.811549,-0.6721600000000001,ZMB,ITA,7281
248,111,1228,1968,0,409,1.275376,1.463211,ZWE,ITA,7281
249,111,1228,1968,0,2754,1.152169,1.691066,TWN,ITA,7281
250,111,1228,1968,760,4951,0.8133859999999999,0.47075900000000004,ANS,ITA,7281
6,114,1228,1968,0,346,0.14161500000000002,-0.24035399999999998,ANT,JPN,7281
8,114,1228,1968,0,7313,0.148111,0.088328,ARG,JPN,7281
14,114,1228,1968,6937,216686,0.215398,0.115257,AUS,JPN,7281
15,114,1228,1968,21119,2067,1.94925,1.6721810000000001,AUT,JPN,7281
18,114,1228,1968,11357,9123,1.529065,2.472506,BEL,JPN,7281
23,114,1228,1968,0,522,0.581187,0.53879,BGR,JPN,7281
24,114,1228,1968,0,308,-0.059769,-0.445457,BHR,JPN,7281
31,114,1228,1968,0,4084,-0.8851379999999999,-0.772063,BOL,JPN,7281
32,114,1228,1968,0,15450,-0.325932,-0.334875,BRA,JPN,7281
34,114,1228,1968,0,1041,-1.0804770000000001,-0.305034,BRN,JPN,7281
39,114,1228,1968,60679,213053,0.6867270000000001,0.846297,CAN,JPN,7281
41,114,1228,1968,333696,14679,2.1128139999999997,2.181377,CHE,JPN,7281
42,114,1228,1968,0,3058,0.042475,-0.45777299999999993,CHL,JPN,7281
43,114,1228,1968,345,271927,0.610282,1.61494,CHN,JPN,7281
46,114,1228,1968,0,420,-1.2018229999999999,-0.6680229999999999,COD,JPN,7281
49,114,1228,1968,0,549,-0.179843,-0.5681729999999999,COL,JPN,7281
52,114,1228,1968,0,883,0.926132,0.544143,CRI,JPN,7281
53,114,1228,1968,18384,0,1.6086129999999998,2.804711,CSK,JPN,7281
54,114,1228,1968,0,281,0.19656600000000002,-0.645117,CUB,JPN,7281
58,114,1228,1968,0,322,-0.154697,-0.659162,CYP,JPN,7281
61,114,1228,1968,1616865,59745,2.2253979999999998,-1.8081060000000002,DEU,JPN,7281
64,114,1228,1968,797,28303,1.5995489999999999,2.6483209999999997,DNK,JPN,7281
65,114,1228,1968,0,3485,-0.739667,-0.834332,DOM,JPN,7281
66,114,1228,1968,0,408,-0.6151939999999999,-0.68092,DZA,JPN,7281
67,114,1228,1968,0,817,-0.5838800000000001,-0.767904,ECU,JPN,7281
68,114,1228,1968,0,530,0.141193,-0.395386,EGY,JPN,7281
71,114,1228,1968,0,1493,0.781529,1.259275,ESP,JPN,7281
74,114,1228,1968,3807,15024,1.401928,1.205835,FIN,JPN,7281
75,114,1228,1968,0,433,-0.04004,-0.562962,FJI,JPN,7281
77,114,1228,1968,84636,90354,1.7160810000000002,1.713236,FRA,JPN,7281
81,114,1228,1968,103007,62795,2.058025,0.677452,GBR,JPN,7281
83,114,1228,1968,0,913,-0.995481,-0.76246,GHA,JPN,7281
90,114,1228,1968,0,5753,0.120538,-0.135025,GRC,JPN,7281
93,114,1228,1968,0,8385,0.5246930000000001,0.169407,GTM,JPN,7281
97,114,1228,1968,1003,45949,1.397888,1.218178,HKG,JPN,7281
99,114,1228,1968,0,2256,-0.115754,-0.5740890000000001,HND,JPN,7281
102,114,1228,1968,364,0,0.9154209999999999,1.253378,HUN,JPN,7281
103,114,1228,1968,0,23998,-1.210591,-0.7402310000000001,IDN,JPN,7281
104,114,1228,1968,11414,66367,0.1404,0.23993299999999998,IND,JPN,7281
106,114,1228,1968,0,11429,1.054101,1.252786,IRL,JPN,7281
107,114,1228,1968,0,9516,-0.731453,-0.764668,IRN,JPN,7281
110,114,1228,1968,0,21882,1.105346,0.8750629999999999,ISR,JPN,7281
111,114,1228,1968,347406,44497,1.8991650000000002,1.865793,ITA,JPN,7281
113,114,1228,1968,0,723,0.402134,-0.18620599999999998,JOR,JPN,7281
116,114,1228,1968,0,1972,-0.301844,-0.318616,KEN,JPN,7281
118,114,1228,1968,0,2011,-0.6683680000000001,-0.9116620000000001,KHM,JPN,7281
121,114,1228,1968,0,1193740,0.992735,0.683944,KOR,JPN,7281
122,114,1228,1968,0,534,-1.2088969999999999,-0.480887,KWT,JPN,7281
123,114,1228,1968,0,3271,-0.43895,-0.631242,LAO,JPN,7281
126,114,1228,1968,0,233,-1.864928,-0.47663500000000003,LBY,JPN,7281
128,114,1228,1968,0,2613,-1.048844,-0.673287,LKA,JPN,7281
134,114,1228,1968,0,278,-0.219575,-0.657712,MAR,JPN,7281
138,114,1228,1968,0,30658,0.306611,0.36893000000000004,MEX,JPN,7281
142,114,1228,1968,0,609,1.418505,1.216724,MLT,JPN,7281
143,114,1228,1968,0,40909,-0.96686,-0.782324,MMR,JPN,7281
147,114,1228,1968,0,5024,-0.859319,-0.818945,MOZ,JPN,7281
151,114,1228,1968,0,334,-0.6355890000000001,-0.593471,MUS,JPN,7281
153,114,1228,1968,0,181637,-0.530212,-0.618034,MYS,JPN,7281
156,114,1228,1968,0,980,-1.281862,-0.337455,NCL,JPN,7281
159,114,1228,1968,0,3859,-1.317379,-0.822881,NGA,JPN,7281
160,114,1228,1968,0,551,0.141456,-0.299055,NIC,JPN,7281
162,114,1228,1968,9850,174875,1.4081620000000001,2.841383,NLD,JPN,7281
163,114,1228,1968,1988,16377,1.258037,1.6438409999999999,NOR,JPN,7281
166,114,1228,1968,0,31831,0.184389,-0.451151,NZL,JPN,7281
168,114,1228,1968,0,16967,0.17055499999999998,-0.249302,PAK,JPN,7281
169,114,1228,1968,0,396,1.151761,0.8629450000000001,PAN,JPN,7281
173,114,1228,1968,0,40036,-0.676242,-0.815086,PER,JPN,7281
174,114,1228,1968,0,229564,-0.38509499999999997,-0.708784,PHL,JPN,7281
176,114,1228,1968,0,1079,-0.9894790000000001,-0.735923,PNG,JPN,7281
177,114,1228,1968,639,0,0.9209379999999999,1.762821,POL,JPN,7281
178,114,1228,1968,0,24237,0.353216,-0.371603,PRK,JPN,7281
179,114,1228,1968,0,6632,1.014702,1.024988,PRT,JPN,7281
186,114,1228,1968,0,309634,0.429629,0.513075,RUS,JPN,7281
188,114,1228,1968,0,637,-1.510775,-0.48828699999999997,SAU,JPN,7281
192,114,1228,1968,363,168974,0.34532199999999996,0.624988,SGP,JPN,7281
197,114,1228,1968,0,251,0.8662620000000001,0.791027,SLV,JPN,7281
208,114,1228,1968,227577,48241,1.968017,2.7641270000000002,SWE,JPN,7281
216,114,1228,1968,0,141682,-0.59446,-0.7126439999999999,THA,JPN,7281
222,114,1228,1968,0,1128,0.388499,-0.182041,TTO,JPN,7281
224,114,1228,1968,0,2045,-0.654801,-0.8012319999999999,TUR,JPN,7281
227,114,1228,1968,0,2083,-1.381566,-0.770883,UGA,JPN,7281
231,114,1228,1968,2883682,1088060,1.9577650000000002,1.500362,USA,JPN,7281
236,114,1228,1968,0,3843,-0.7130850000000001,-0.5042939999999999,VEN,JPN,7281
239,114,1228,1968,0,35130,0.414368,-0.21605500000000002,VNM,JPN,7281
243,114,1228,1968,0,312,-0.590004,-0.672928,YEM,JPN,7281
244,114,1228,1968,0,357,-0.713819,-0.722625,YMD,JPN,7281
246,114,1228,1968,0,54730,-0.397811,-0.621199,ZAF,JPN,7281
247,114,1228,1968,0,12502,-0.811549,-0.6721600000000001,ZMB,JPN,7281
249,114,1228,1968,6084,467451,1.152169,1.691066,TWN,JPN,7281
250,114,1228,1968,0,230915,0.8133859999999999,0.47075900000000004,ANS,JPN,7281
15,124,1228,1968,5340,0,1.94925,1.6721810000000001,AUT,LBN,7281
18,124,1228,1968,15731,0,1.529065,2.472506,BEL,LBN,7281
39,124,1228,1968,0,797,0.6867270000000001,0.846297,CAN,LBN,7281
41,124,1228,1968,1312,0,2.1128139999999997,2.181377,CHE,LBN,7281
53,124,1228,1968,1948,0,1.6086129999999998,2.804711,CSK,LBN,7281
61,124,1228,1968,35701,0,2.2253979999999998,-1.8081060000000002,DEU,LBN,7281
64,124,1228,1968,313,0,1.5995489999999999,2.6483209999999997,DNK,LBN,7281
68,124,1228,1968,0,912,0.141193,-0.395386,EGY,LBN,7281
74,124,1228,1968,234,0,1.401928,1.205835,FIN,LBN,7281
77,124,1228,1968,10696,0,1.7160810000000002,1.713236,FRA,LBN,7281
81,124,1228,1968,15086,589,2.058025,0.677452,GBR,LBN,7281
83,124,1228,1968,0,1454,-0.995481,-0.76246,GHA,LBN,7281
102,124,1228,1968,295,0,0.9154209999999999,1.253378,HUN,LBN,7281
104,124,1228,1968,1057,0,0.1404,0.23993299999999998,IND,LBN,7281
108,124,1228,1968,0,3906,-0.935797,-0.522099,IRQ,LBN,7281
111,124,1228,1968,76929,0,1.8991650000000002,1.865793,ITA,LBN,7281
113,124,1228,1968,0,1403,0.402134,-0.18620599999999998,JOR,LBN,7281
122,124,1228,1968,933,6903,-1.2088969999999999,-0.480887,KWT,LBN,7281
125,124,1228,1968,0,1405,-0.974225,-0.554678,LBR,LBN,7281
126,124,1228,1968,0,3520,-1.864928,-0.47663500000000003,LBY,LBN,7281
128,124,1228,1968,0,360,-1.048844,-0.673287,LKA,LBN,7281
159,124,1228,1968,0,642,-1.317379,-0.822881,NGA,LBN,7281
162,124,1228,1968,869,0,1.4081620000000001,2.841383,NLD,LBN,7281
163,124,1228,1968,5866,0,1.258037,1.6438409999999999,NOR,LBN,7281
177,124,1228,1968,937,0,0.9209379999999999,1.762821,POL,LBN,7281
183,124,1228,1968,0,827,-1.9631509999999999,-0.438784,QAT,LBN,7281
185,124,1228,1968,1344,0,0.7897609999999999,0.9959479999999999,ROU,LBN,7281
186,124,1228,1968,1302,0,0.429629,0.513075,RUS,LBN,7281
188,124,1228,1968,0,32732,-1.510775,-0.48828699999999997,SAU,LBN,7281
208,124,1228,1968,16664,0,1.968017,2.7641270000000002,SWE,LBN,7281
212,124,1228,1968,0,4204,-0.14453,-0.669121,SYR,LBN,7281
231,124,1228,1968,30816,0,1.9577650000000002,1.500362,USA,LBN,7281
250,124,1228,1968,298,2859,0.8133859999999999,0.47075900000000004,ANS,LBN,7281
2,162,1228,1968,0,678,-1.129591,-0.880391,AGO,NLD,7281
6,162,1228,1968,0,7643,0.14161500000000002,-0.24035399999999998,ANT,NLD,7281
8,162,1228,1968,2914,5582,0.148111,0.088328,ARG,NLD,7281
14,162,1228,1968,277,12955,0.215398,0.115257,AUS,NLD,7281
15,162,1228,1968,47919,21720,1.94925,1.6721810000000001,AUT,NLD,7281
18,162,1228,1968,249985,216913,1.529065,2.472506,BEL,NLD,7281
23,162,1228,1968,0,3068,0.581187,0.53879,BGR,NLD,7281
31,162,1228,1968,0,817,-0.8851379999999999,-0.772063,BOL,NLD,7281
32,162,1228,1968,0,11474,-0.325932,-0.334875,BRA,NLD,7281
34,162,1228,1968,0,2234,-1.0804770000000001,-0.305034,BRN,NLD,7281
39,162,1228,1968,111804,26587,0.6867270000000001,0.846297,CAN,NLD,7281
41,162,1228,1968,135061,65926,2.1128139999999997,2.181377,CHE,NLD,7281
42,162,1228,1968,0,1362,0.042475,-0.45777299999999993,CHL,NLD,7281
43,162,1228,1968,0,2438,0.610282,1.61494,CHN,NLD,7281
44,162,1228,1968,0,338,-0.9004639999999999,-0.815828,CIV,NLD,7281
45,162,1228,1968,0,1030,-0.448082,-0.43909899999999996,CMR,NLD,7281
49,162,1228,1968,0,948,-0.179843,-0.5681729999999999,COL,NLD,7281
53,162,1228,1968,6987,10124,1.6086129999999998,2.804711,CSK,NLD,7281
61,162,1228,1968,2309117,497454,2.2253979999999998,-1.8081060000000002,DEU,NLD,7281
62,162,1228,1968,0,519,1.7353180000000001,0.615274,DJI,NLD,7281
64,162,1228,1968,10155,35977,1.5995489999999999,2.6483209999999997,DNK,NLD,7281
65,162,1228,1968,0,643,-0.739667,-0.834332,DOM,NLD,7281
68,162,1228,1968,0,1218,0.141193,-0.395386,EGY,NLD,7281
71,162,1228,1968,5349,42257,0.781529,1.259275,ESP,NLD,7281
73,162,1228,1968,0,1755,-0.8907879999999999,-0.983032,ETH,NLD,7281
74,162,1228,1968,23451,25182,1.401928,1.205835,FIN,NLD,7281
77,162,1228,1968,124019,231991,1.7160810000000002,1.713236,FRA,NLD,7281
81,162,1228,1968,454952,301973,2.058025,0.677452,GBR,NLD,7281
83,162,1228,1968,0,852,-0.995481,-0.76246,GHA,NLD,7281
90,162,1228,1968,0,7004,0.120538,-0.135025,GRC,NLD,7281
99,162,1228,1968,0,3813,-0.115754,-0.5740890000000001,HND,NLD,7281
102,162,1228,1968,3003,0,0.9154209999999999,1.253378,HUN,NLD,7281
103,162,1228,1968,0,3080,-1.210591,-0.7402310000000001,IDN,NLD,7281
104,162,1228,1968,944,7121,0.1404,0.23993299999999998,IND,NLD,7281
106,162,1228,1968,0,6684,1.054101,1.252786,IRL,NLD,7281
107,162,1228,1968,0,8543,-0.731453,-0.764668,IRN,NLD,7281
110,162,1228,1968,251,3976,1.105346,0.8750629999999999,ISR,NLD,7281
111,162,1228,1968,257947,107313,1.8991650000000002,1.865793,ITA,NLD,7281
112,162,1228,1968,0,1387,0.206492,-0.587264,JAM,NLD,7281
113,162,1228,1968,0,767,0.402134,-0.18620599999999998,JOR,NLD,7281
114,162,1228,1968,174875,9850,1.844871,2.2220470000000003,JPN,NLD,7281
116,162,1228,1968,0,14585,-0.301844,-0.318616,KEN,NLD,7281
121,162,1228,1968,0,453,0.992735,0.683944,KOR,NLD,7281
122,162,1228,1968,0,968,-1.2088969999999999,-0.480887,KWT,NLD,7281
124,162,1228,1968,0,869,0.7129770000000001,1.136677,LBN,NLD,7281
126,162,1228,1968,0,584,-1.864928,-0.47663500000000003,LBY,NLD,7281
128,162,1228,1968,0,377,-1.048844,-0.673287,LKA,NLD,7281
134,162,1228,1968,0,630,-0.219575,-0.657712,MAR,NLD,7281
138,162,1228,1968,0,5388,0.306611,0.36893000000000004,MEX,NLD,7281
142,162,1228,1968,0,1119,1.418505,1.216724,MLT,NLD,7281
143,162,1228,1968,0,2056,-0.96686,-0.782324,MMR,NLD,7281
147,162,1228,1968,0,1991,-0.859319,-0.818945,MOZ,NLD,7281
153,162,1228,1968,0,8198,-0.530212,-0.618034,MYS,NLD,7281
159,162,1228,1968,0,4402,-1.317379,-0.822881,NGA,NLD,7281
160,162,1228,1968,0,272,0.141456,-0.299055,NIC,NLD,7281
163,162,1228,1968,23494,29772,1.258037,1.6438409999999999,NOR,NLD,7281
166,162,1228,1968,0,613,0.184389,-0.451151,NZL,NLD,7281
167,162,1228,1968,0,3743,-1.563004,-0.448748,OMN,NLD,7281
168,162,1228,1968,0,1044,0.17055499999999998,-0.249302,PAK,NLD,7281
173,162,1228,1968,0,831,-0.676242,-0.815086,PER,NLD,7281
174,162,1228,1968,0,900,-0.38509499999999997,-0.708784,PHL,NLD,7281
177,162,1228,1968,3596,7569,0.9209379999999999,1.762821,POL,NLD,7281
179,162,1228,1968,1556,17772,1.014702,1.024988,PRT,NLD,7281
180,162,1228,1968,0,533,-0.605754,-0.77208,PRY,NLD,7281
185,162,1228,1968,1340,2419,0.7897609999999999,0.9959479999999999,ROU,NLD,7281
186,162,1228,1968,452,0,0.429629,0.513075,RUS,NLD,7281
188,162,1228,1968,0,2670,-1.510775,-0.48828699999999997,SAU,NLD,7281
190,162,1228,1968,0,1920,-1.18039,-0.908206,SDN,NLD,7281
192,162,1228,1968,0,4513,0.34532199999999996,0.624988,SGP,NLD,7281
205,162,1228,1968,1651,4854,-0.43228199999999994,-0.560526,SUR,NLD,7281
208,162,1228,1968,276390,74218,1.968017,2.7641270000000002,SWE,NLD,7281
212,162,1228,1968,0,2941,-0.14453,-0.669121,SYR,NLD,7281
216,162,1228,1968,0,2108,-0.59446,-0.7126439999999999,THA,NLD,7281
222,162,1228,1968,0,2601,0.388499,-0.182041,TTO,NLD,7281
224,162,1228,1968,0,4051,-0.654801,-0.8012319999999999,TUR,NLD,7281
226,162,1228,1968,0,625,-1.2084840000000001,-0.893344,TZA,NLD,7281
231,162,1228,1968,1232351,80365,1.9577650000000002,1.500362,USA,NLD,7281
236,162,1228,1968,0,4983,-0.7130850000000001,-0.5042939999999999,VEN,NLD,7281
239,162,1228,1968,0,265,0.414368,-0.21605500000000002,VNM,NLD,7281
245,162,1228,1968,2163,9862,1.0230700000000001,2.3184560000000003,YUG,NLD,7281
246,162,1228,1968,0,57984,-0.397811,-0.621199,ZAF,NLD,7281
247,162,1228,1968,0,945,-0.811549,-0.6721600000000001,ZMB,NLD,7281
249,162,1228,1968,0,1268,1.152169,1.691066,TWN,NLD,7281
250,162,1228,1968,675,2824,0.8133859999999999,0.47075900000000004,ANS,NLD,7281
8,163,1228,1968,0,976,0.148111,0.088328,ARG,NOR,7281
14,163,1228,1968,275,2582,0.215398,0.115257,AUS,NOR,7281
15,163,1228,1968,39886,12236,1.94925,1.6721810000000001,AUT,NOR,7281
18,163,1228,1968,47543,2812,1.529065,2.472506,BEL,NOR,7281
23,163,1228,1968,0,572,0.581187,0.53879,BGR,NOR,7281
32,163,1228,1968,0,5855,-0.325932,-0.334875,BRA,NOR,7281
39,163,1228,1968,6714,3363,0.6867270000000001,0.846297,CAN,NOR,7281
41,163,1228,1968,39592,14547,2.1128139999999997,2.181377,CHE,NOR,7281
42,163,1228,1968,0,403,0.042475,-0.45777299999999993,CHL,NOR,7281
49,163,1228,1968,0,553,-0.179843,-0.5681729999999999,COL,NOR,7281
53,163,1228,1968,8830,3017,1.6086129999999998,2.804711,CSK,NOR,7281
61,163,1228,1968,638990,46583,2.2253979999999998,-1.8081060000000002,DEU,NOR,7281
64,163,1228,1968,41894,19132,1.5995489999999999,2.6483209999999997,DNK,NOR,7281
71,163,1228,1968,2063,1240,0.781529,1.259275,ESP,NOR,7281
74,163,1228,1968,98862,25343,1.401928,1.205835,FIN,NOR,7281
77,163,1228,1968,18989,9489,1.7160810000000002,1.713236,FRA,NOR,7281
81,163,1228,1968,173320,40419,2.058025,0.677452,GBR,NOR,7281
83,163,1228,1968,0,22343,-0.995481,-0.76246,GHA,NOR,7281
97,163,1228,1968,981,344,1.397888,1.218178,HKG,NOR,7281
106,163,1228,1968,0,3383,1.054101,1.252786,IRL,NOR,7281
109,163,1228,1968,0,2532,0.282911,-0.326735,ISL,NOR,7281
111,163,1228,1968,74740,13996,1.8991650000000002,1.865793,ITA,NOR,7281
114,163,1228,1968,16377,1988,1.844871,2.2220470000000003,JPN,NOR,7281
124,163,1228,1968,0,5866,0.7129770000000001,1.136677,LBN,NOR,7281
138,163,1228,1968,0,968,0.306611,0.36893000000000004,MEX,NOR,7281
156,163,1228,1968,0,372,-1.281862,-0.337455,NCL,NOR,7281
162,163,1228,1968,29772,23494,1.4081620000000001,2.841383,NLD,NOR,7281
166,163,1228,1968,0,686,0.184389,-0.451151,NZL,NOR,7281
177,163,1228,1968,0,569,0.9209379999999999,1.762821,POL,NOR,7281
179,163,1228,1968,424,6172,1.014702,1.024988,PRT,NOR,7281
185,163,1228,1968,0,631,0.7897609999999999,0.9959479999999999,ROU,NOR,7281
186,163,1228,1968,1936,0,0.429629,0.513075,RUS,NOR,7281
208,163,1228,1968,824426,91101,1.968017,2.7641270000000002,SWE,NOR,7281
224,163,1228,1968,0,861,-0.654801,-0.8012319999999999,TUR,NOR,7281
231,163,1228,1968,162030,25172,1.9577650000000002,1.500362,USA,NOR,7281
245,163,1228,1968,0,3236,1.0230700000000001,2.3184560000000003,YUG,NOR,7281
246,163,1228,1968,0,5828,-0.397811,-0.621199,ZAF,NOR,7281
247,163,1228,1968,0,451,-0.811549,-0.6721600000000001,ZMB,NOR,7281
250,163,1228,1968,432,1321,0.8133859999999999,0.47075900000000004,ANS,NOR,7281
1,168,1228,1968,0,1222,-0.712527,-0.837342,AFG,PAK,7281
14,168,1228,1968,709,0,0.215398,0.115257,AUS,PAK,7281
15,168,1228,1968,364,0,1.94925,1.6721810000000001,AUT,PAK,7281
18,168,1228,1968,1393,0,1.529065,2.472506,BEL,PAK,7281
23,168,1228,1968,540,0,0.581187,0.53879,BGR,PAK,7281
39,168,1228,1968,2332,0,0.6867270000000001,0.846297,CAN,PAK,7281
41,168,1228,1968,9011,0,2.1128139999999997,2.181377,CHE,PAK,7281
43,168,1228,1968,2075,0,0.610282,1.61494,CHN,PAK,7281
53,168,1228,1968,3867,0,1.6086129999999998,2.804711,CSK,PAK,7281
61,168,1228,1968,136567,938,2.2253979999999998,-1.8081060000000002,DEU,PAK,7281
64,168,1228,1968,300,0,1.5995489999999999,2.6483209999999997,DNK,PAK,7281
71,168,1228,1968,2614,0,0.781529,1.259275,ESP,PAK,7281
77,168,1228,1968,53128,0,1.7160810000000002,1.713236,FRA,PAK,7281
81,168,1228,1968,65413,434,2.058025,0.677452,GBR,PAK,7281
102,168,1228,1968,860,0,0.9154209999999999,1.253378,HUN,PAK,7281
111,168,1228,1968,30411,0,1.8991650000000002,1.865793,ITA,PAK,7281
114,168,1228,1968,16967,0,1.844871,2.2220470000000003,JPN,PAK,7281
153,168,1228,1968,397,0,-0.530212,-0.618034,MYS,PAK,7281
162,168,1228,1968,1044,0,1.4081620000000001,2.841383,NLD,PAK,7281
177,168,1228,1968,73967,0,0.9209379999999999,1.762821,POL,PAK,7281
185,168,1228,1968,1225,0,0.7897609999999999,0.9959479999999999,ROU,PAK,7281
186,168,1228,1968,1999,0,0.429629,0.513075,RUS,PAK,7281
188,168,1228,1968,0,1202,-1.510775,-0.48828699999999997,SAU,PAK,7281
208,168,1228,1968,10940,0,1.968017,2.7641270000000002,SWE,PAK,7281
231,168,1228,1968,85742,268,1.9577650000000002,1.500362,USA,PAK,7281
245,168,1228,1968,2854,0,1.0230700000000001,2.3184560000000003,YUG,PAK,7281
8,177,1228,1968,0,323,0.148111,0.088328,ARG,POL,7281
14,177,1228,1968,3434,1466,0.215398,0.115257,AUS,POL,7281
15,177,1228,1968,52970,3195,1.94925,1.6721810000000001,AUT,POL,7281
18,177,1228,1968,13498,2305,1.529065,2.472506,BEL,POL,7281
41,177,1228,1968,48810,6150,2.1128139999999997,2.181377,CHE,POL,7281
42,177,1228,1968,0,931,0.042475,-0.45777299999999993,CHL,POL,7281
49,177,1228,1968,0,1812,-0.179843,-0.5681729999999999,COL,POL,7281
61,177,1228,1968,291174,7944,2.2253979999999998,-1.8081060000000002,DEU,POL,7281
64,177,1228,1968,6793,2856,1.5995489999999999,2.6483209999999997,DNK,POL,7281
68,177,1228,1968,0,49353,0.141193,-0.395386,EGY,POL,7281
74,177,1228,1968,49908,2362,1.401928,1.205835,FIN,POL,7281
77,177,1228,1968,31195,5528,1.7160810000000002,1.713236,FRA,POL,7281
81,177,1228,1968,108695,3809,2.058025,0.677452,GBR,POL,7281
83,177,1228,1968,0,423,-0.995481,-0.76246,GHA,POL,7281
90,177,1228,1968,0,6787,0.120538,-0.135025,GRC,POL,7281
104,177,1228,1968,29723,56765,0.1404,0.23993299999999998,IND,POL,7281
106,177,1228,1968,0,1790,1.054101,1.252786,IRL,POL,7281
107,177,1228,1968,0,3583,-0.731453,-0.764668,IRN,POL,7281
111,177,1228,1968,164253,7389,1.8991650000000002,1.865793,ITA,POL,7281
114,177,1228,1968,0,639,1.844871,2.2220470000000003,JPN,POL,7281
124,177,1228,1968,0,937,0.7129770000000001,1.136677,LBN,POL,7281
126,177,1228,1968,0,1054,-1.864928,-0.47663500000000003,LBY,POL,7281
128,177,1228,1968,0,1547,-1.048844,-0.673287,LKA,POL,7281
134,177,1228,1968,0,1726,-0.219575,-0.657712,MAR,POL,7281
138,177,1228,1968,0,2657,0.306611,0.36893000000000004,MEX,POL,7281
162,177,1228,1968,7569,3596,1.4081620000000001,2.841383,NLD,POL,7281
163,177,1228,1968,569,0,1.258037,1.6438409999999999,NOR,POL,7281
168,177,1228,1968,0,73967,0.17055499999999998,-0.249302,PAK,POL,7281
179,177,1228,1968,0,254,1.014702,1.024988,PRT,POL,7281
208,177,1228,1968,141864,9958,1.968017,2.7641270000000002,SWE,POL,7281
216,177,1228,1968,0,1065,-0.59446,-0.7126439999999999,THA,POL,7281
223,177,1228,1968,0,1979,-0.129079,-0.54896,TUN,POL,7281
224,177,1228,1968,0,926,-0.654801,-0.8012319999999999,TUR,POL,7281
231,177,1228,1968,5092,35170,1.9577650000000002,1.500362,USA,POL,7281
245,177,1228,1968,13766,32150,1.0230700000000001,2.3184560000000003,YUG,POL,7281
1,186,1228,1968,0,2289,-0.712527,-0.837342,AFG,RUS,7281
14,186,1228,1968,8532,623,0.215398,0.115257,AUS,RUS,7281
15,186,1228,1968,436544,2193,1.94925,1.6721810000000001,AUT,RUS,7281
18,186,1228,1968,97318,488,1.529065,2.472506,BEL,RUS,7281
39,186,1228,1968,0,10692,0.6867270000000001,0.846297,CAN,RUS,7281
41,186,1228,1968,190515,1655,2.1128139999999997,2.181377,CHE,RUS,7281
61,186,1228,1968,756191,9770,2.2253979999999998,-1.8081060000000002,DEU,RUS,7281
64,186,1228,1968,6514,0,1.5995489999999999,2.6483209999999997,DNK,RUS,7281
66,186,1228,1968,0,1804,-0.6151939999999999,-0.68092,DZA,RUS,7281
68,186,1228,1968,0,21300,0.141193,-0.395386,EGY,RUS,7281
74,186,1228,1968,580312,8430,1.401928,1.205835,FIN,RUS,7281
77,186,1228,1968,123456,375,1.7160810000000002,1.713236,FRA,RUS,7281
81,186,1228,1968,38452,1194,2.058025,0.677452,GBR,RUS,7281
90,186,1228,1968,0,2153,0.120538,-0.135025,GRC,RUS,7281
104,186,1228,1968,21444,488280,0.1404,0.23993299999999998,IND,RUS,7281
107,186,1228,1968,0,20349,-0.731453,-0.764668,IRN,RUS,7281
111,186,1228,1968,361935,3191,1.8991650000000002,1.865793,ITA,RUS,7281
114,186,1228,1968,309634,0,1.844871,2.2220470000000003,JPN,RUS,7281
124,186,1228,1968,0,1302,0.7129770000000001,1.136677,LBN,RUS,7281
128,186,1228,1968,0,1593,-1.048844,-0.673287,LKA,RUS,7281
134,186,1228,1968,0,382,-0.219575,-0.657712,MAR,RUS,7281
138,186,1228,1968,0,832,0.306611,0.36893000000000004,MEX,RUS,7281
162,186,1228,1968,0,452,1.4081620000000001,2.841383,NLD,RUS,7281
163,186,1228,1968,0,1936,1.258037,1.6438409999999999,NOR,RUS,7281
166,186,1228,1968,0,496,0.184389,-0.451151,NZL,RUS,7281
168,186,1228,1968,0,1999,0.17055499999999998,-0.249302,PAK,RUS,7281
208,186,1228,1968,623238,2517,1.968017,2.7641270000000002,SWE,RUS,7281
216,186,1228,1968,0,546,-0.59446,-0.7126439999999999,THA,RUS,7281
223,186,1228,1968,0,767,-0.129079,-0.54896,TUN,RUS,7281
224,186,1228,1968,0,9379,-0.654801,-0.8012319999999999,TUR,RUS,7281
231,186,1228,1968,78664,433,1.9577650000000002,1.500362,USA,RUS,7281
245,186,1228,1968,0,26560,1.0230700000000001,2.3184560000000003,YUG,RUS,7281
14,192,1228,1968,20023,0,0.215398,0.115257,AUS,SGP,7281
15,192,1228,1968,2119,0,1.94925,1.6721810000000001,AUT,SGP,7281
18,192,1228,1968,425,0,1.529065,2.472506,BEL,SGP,7281
34,192,1228,1968,7034,13721,-1.0804770000000001,-0.305034,BRN,SGP,7281
39,192,1228,1968,4353,0,0.6867270000000001,0.846297,CAN,SGP,7281
41,192,1228,1968,9844,0,2.1128139999999997,2.181377,CHE,SGP,7281
43,192,1228,1968,2785,0,0.610282,1.61494,CHN,SGP,7281
61,192,1228,1968,95692,0,2.2253979999999998,-1.8081060000000002,DEU,SGP,7281
64,192,1228,1968,1023,0,1.5995489999999999,2.6483209999999997,DNK,SGP,7281
74,192,1228,1968,302,0,1.401928,1.205835,FIN,SGP,7281
77,192,1228,1968,2019,0,1.7160810000000002,1.713236,FRA,SGP,7281
81,192,1228,1968,90485,602,2.058025,0.677452,GBR,SGP,7281
97,192,1228,1968,1314,0,1.397888,1.218178,HKG,SGP,7281
104,192,1228,1968,3419,0,0.1404,0.23993299999999998,IND,SGP,7281
111,192,1228,1968,19616,0,1.8991650000000002,1.865793,ITA,SGP,7281
114,192,1228,1968,168974,363,1.844871,2.2220470000000003,JPN,SGP,7281
153,192,1228,1968,45728,161205,-0.530212,-0.618034,MYS,SGP,7281
162,192,1228,1968,4513,0,1.4081620000000001,2.841383,NLD,SGP,7281
179,192,1228,1968,10057,0,1.014702,1.024988,PRT,SGP,7281
208,192,1228,1968,26114,0,1.968017,2.7641270000000002,SWE,SGP,7281
216,192,1228,1968,0,1574,-0.59446,-0.7126439999999999,THA,SGP,7281
220,192,1228,1968,0,786,1.094058,0.195271,TLS,SGP,7281
231,192,1228,1968,148738,0,1.9577650000000002,1.500362,USA,SGP,7281
239,192,1228,1968,0,1334,0.414368,-0.21605500000000002,VNM,SGP,7281
240,192,1228,1968,0,575,-1.165284,-0.661817,VUT,SGP,7281
249,192,1228,1968,2583,0,1.152169,1.691066,TWN,SGP,7281
250,192,1228,1968,269,0,0.8133859999999999,0.47075900000000004,ANS,SGP,7281
2,208,1228,1968,0,9836,-1.129591,-0.880391,AGO,SWE,7281
4,208,1228,1968,0,3825,0.193555,-0.448741,ALB,SWE,7281
6,208,1228,1968,0,1063,0.14161500000000002,-0.24035399999999998,ANT,SWE,7281
8,208,1228,1968,0,52729,0.148111,0.088328,ARG,SWE,7281
14,208,1228,1968,8747,382558,0.215398,0.115257,AUS,SWE,7281
15,208,1228,1968,77378,228635,1.94925,1.6721810000000001,AUT,SWE,7281
18,208,1228,1968,106092,131904,1.529065,2.472506,BEL,SWE,7281
21,208,1228,1968,0,566,-0.21085,-0.5524640000000001,BFA,SWE,7281
23,208,1228,1968,0,21042,0.581187,0.53879,BGR,SWE,7281
31,208,1228,1968,0,25161,-0.8851379999999999,-0.772063,BOL,SWE,7281
32,208,1228,1968,3022,190988,-0.325932,-0.334875,BRA,SWE,7281
33,208,1228,1968,0,498,0.6484409999999999,0.015096,BRB,SWE,7281
39,208,1228,1968,32118,613699,0.6867270000000001,0.846297,CAN,SWE,7281
41,208,1228,1968,211308,299922,2.1128139999999997,2.181377,CHE,SWE,7281
42,208,1228,1968,0,139984,0.042475,-0.45777299999999993,CHL,SWE,7281
43,208,1228,1968,0,265691,0.610282,1.61494,CHN,SWE,7281
44,208,1228,1968,0,6617,-0.9004639999999999,-0.815828,CIV,SWE,7281
45,208,1228,1968,0,2661,-0.448082,-0.43909899999999996,CMR,SWE,7281
46,208,1228,1968,0,45300,-1.2018229999999999,-0.6680229999999999,COD,SWE,7281
49,208,1228,1968,0,18520,-0.179843,-0.5681729999999999,COL,SWE,7281
52,208,1228,1968,0,7446,0.926132,0.544143,CRI,SWE,7281
53,208,1228,1968,17149,245158,1.6086129999999998,2.804711,CSK,SWE,7281
58,208,1228,1968,0,6960,-0.154697,-0.659162,CYP,SWE,7281
61,208,1228,1968,2036524,800923,2.2253979999999998,-1.8081060000000002,DEU,SWE,7281
64,208,1228,1968,114430,373450,1.5995489999999999,2.6483209999999997,DNK,SWE,7281
66,208,1228,1968,0,22932,-0.6151939999999999,-0.68092,DZA,SWE,7281
67,208,1228,1968,0,7683,-0.5838800000000001,-0.767904,ECU,SWE,7281
68,208,1228,1968,0,5214,0.141193,-0.395386,EGY,SWE,7281
71,208,1228,1968,1158,318816,0.781529,1.259275,ESP,SWE,7281
73,208,1228,1968,0,6876,-0.8907879999999999,-0.983032,ETH,SWE,7281
74,208,1228,1968,335788,911165,1.401928,1.205835,FIN,SWE,7281
77,208,1228,1968,54281,704836,1.7160810000000002,1.713236,FRA,SWE,7281
81,208,1228,1968,485203,757039,2.058025,0.677452,GBR,SWE,7281
83,208,1228,1968,0,3655,-0.995481,-0.76246,GHA,SWE,7281
