2679999,125,43,8935,2007,0.0,760666.0,-0.866643,-1.124112,LBR,CHN,842951
2680000,126,43,8935,2007,0.0,9004130.0,-0.8669959999999999,-1.167363,LBY,CHN,842951
2680001,127,43,8935,2007,0.0,34051.0,0.7445430000000001,-0.187834,LCA,CHN,842951
2680002,128,43,8935,2007,0.0,460560.0,-0.568577,0.364717,LKA,CHN,842951
2680003,130,43,8935,2007,0.0,2026164.0,0.604169,1.279982,LTU,CHN,842951
2680004,132,43,8935,2007,0.0,804518.0,0.61459,0.985358,LVA,CHN,842951
2680005,133,43,8935,2007,0.0,167002.0,0.168528,-0.150411,MAC,CHN,842951
2680006,134,43,8935,2007,0.0,3535450.0,-0.5846560000000001,0.10927100000000001,MAR,CHN,842951
2680007,135,43,8935,2007,0.0,32584.0,0.147801,0.13758299999999998,MDA,CHN,842951
2680008,136,43,8935,2007,0.0,28132.0,-0.939838,-0.221205,MDG,CHN,842951
2680009,138,43,8935,2007,0.0,1005650.0,1.044746,0.605246,MEX,CHN,842951
2680010,140,43,8935,2007,0.0,67119.0,-0.125912,-0.009395,MKD,CHN,842951
2680011,141,43,8935,2007,0.0,4422.0,-0.672822,-0.687913,MLI,CHN,842951
2680012,142,43,8935,2007,0.0,5810.0,1.184569,-0.046376,MLT,CHN,842951
2680013,143,43,8935,2007,0.0,6812802.0,-1.29366,-1.074733,MMR,CHN,842951
2680014,144,43,8935,2007,0.0,33957.0,0.250006,-0.154908,MNE,CHN,842951
2680015,145,43,8935,2007,0.0,6891562.0,-1.0688790000000001,-1.1115709999999999,MNG,CHN,842951
2680016,147,43,8935,2007,0.0,877398.0,-1.4703110000000001,-1.1915719999999999,MOZ,CHN,842951
2680017,148,43,8935,2007,0.0,34264.0,-2.027741,-1.311094,MRT,CHN,842951
2680018,151,43,8935,2007,0.0,57462.0,-0.342957,-0.129114,MUS,CHN,842951
2680019,153,43,8935,2007,216907.0,2965752.0,0.740788,0.302155,MYS,CHN,842951
2680020,155,43,8935,2007,35747.0,1119148.0,-0.588953,-0.751722,NAM,CHN,842951
2680021,156,43,8935,2007,0.0,99073.0,-0.075892,-0.8211430000000001,NCL,CHN,842951
2680022,157,43,8935,2007,0.0,19450.0,-0.287155,-0.577325,NER,CHN,842951
2680023,159,43,8935,2007,0.0,4806360.0,-1.746879,-1.20823,NGA,CHN,842951
2680024,160,43,8935,2007,0.0,36752.0,-0.924162,-0.857508,NIC,CHN,842951
2680025,162,43,8935,2007,0.0,5785279.0,1.089169,1.589641,NLD,CHN,842951
2680026,163,43,8935,2007,0.0,1051685.0,0.9829100000000001,0.100995,NOR,CHN,842951
2680027,164,43,8935,2007,0.0,266641.0,-0.274255,0.513961,NPL,CHN,842951
2680028,166,43,8935,2007,0.0,763351.0,0.495938,0.845825,NZL,CHN,842951
2680029,167,43,8935,2007,0.0,268363.0,-0.5185310000000001,-1.071832,OMN,CHN,842951
2680030,168,43,8935,2007,0.0,2288128.0,-0.5594359999999999,0.47369300000000003,PAK,CHN,842951
2680031,169,43,8935,2007,0.0,205554.0,0.36233899999999997,0.807669,PAN,CHN,842951
2680032,173,43,8935,2007,0.0,3429193.0,-0.49716099999999996,0.02556,PER,CHN,842951
2680033,174,43,8935,2007,0.0,2346549.0,0.032117,-0.16600499999999999,PHL,CHN,842951
2680034,176,43,8935,2007,0.0,501183.0,-1.947486,-1.284269,PNG,CHN,842951
2680035,177,43,8935,2007,0.0,16780590.0,1.0412139999999999,1.309641,POL,CHN,842951
2680036,178,43,8935,2007,0.0,3991630.0,0.799712,0.8789370000000001,PRK,CHN,842951
2680037,179,43,8935,2007,0.0,82026.0,0.621302,1.971656,PRT,CHN,842951
2680038,180,43,8935,2007,0.0,86942.0,-0.500617,-0.814385,PRY,CHN,842951
2680039,182,43,8935,2007,0.0,16405.0,-0.72809,-0.9329620000000001,PYF,CHN,842951
2680040,183,43,8935,2007,0.0,1968020.0,0.20181500000000002,-0.9898110000000001,QAT,CHN,842951
2680041,185,43,8935,2007,0.0,789542.0,0.69445,1.223747,ROU,CHN,842951
2680042,186,43,8935,2007,0.0,116755200.0,0.5576399999999999,-0.05382000000000001,RUS,CHN,842951
2680043,187,43,8935,2007,0.0,193439.0,-0.383017,-0.49216899999999997,RWA,CHN,842951
2680044,188,43,8935,2007,0.0,18798140.0,0.367463,-0.8603709999999999,SAU,CHN,842951
2680045,190,43,8935,2007,0.0,2033142.0,-1.978359,-1.316172,SDN,CHN,842951
2680046,191,43,8935,2007,0.0,607839.0,-0.20343599999999998,0.27211199999999997,SEN,CHN,842951
2680047,192,43,8935,2007,0.0,2385490.0,1.608299,0.545791,SGP,CHN,842951
2680048,195,43,8935,2007,0.0,424846.0,-1.144843,-0.956784,SLB,CHN,842951
2680049,196,43,8935,2007,0.0,19813.0,-0.021377,-0.31765,SLE,CHN,842951
2680050,201,43,8935,2007,0.0,1108698.0,0.579288,1.464123,SRB,CHN,842951
2680051,205,43,8935,2007,0.0,21697.0,-0.8506440000000001,-0.8898959999999999,SUR,CHN,842951
2680052,206,43,8935,2007,0.0,156096.0,1.358301,0.79655,SVK,CHN,842951
2680053,207,43,8935,2007,0.0,568775.0,1.605767,0.692926,SVN,CHN,842951
2680054,208,43,8935,2007,10557090.0,1200594.0,1.927244,0.498241,SWE,CHN,842951
2680055,212,43,8935,2007,0.0,1889556.0,-0.46851899999999996,0.553396,SYR,CHN,842951
2680056,214,43,8935,2007,0.0,652964.0,-2.544742,-0.928218,TCD,CHN,842951
2680057,215,43,8935,2007,0.0,172334.0,-0.78689,-0.806879,TGO,CHN,842951
2680058,216,43,8935,2007,0.0,2861270.0,0.711328,1.411114,THA,CHN,842951
2680059,217,43,8935,2007,0.0,2165032.0,-1.0092379999999999,-1.185964,TJK,CHN,842951
2680060,219,43,8935,2007,0.0,529485.0,-1.16715,-1.213064,TKM,CHN,842951
2680061,222,43,8935,2007,0.0,647999.0,-0.371347,-1.0536709999999998,TTO,CHN,842951
2680062,223,43,8935,2007,0.0,1025457.0,0.062824,0.74003,TUN,CHN,842951
2680063,224,43,8935,2007,0.0,2365661.0,0.41396700000000003,2.0339869999999998,TUR,CHN,842951
2680064,226,43,8935,2007,0.0,1378498.0,-0.8493959999999999,0.47116099999999994,TZA,CHN,842951
2680065,227,43,8935,2007,0.0,313430.0,-0.900559,-0.42071400000000003,UGA,CHN,842951
2680066,228,43,8935,2007,0.0,16451428.0,0.7441760000000001,0.8681260000000001,UKR,CHN,842951
2680067,230,43,8935,2007,0.0,796069.0,0.184883,0.207788,URY,CHN,842951
2680068,231,43,8935,2007,8467372.0,3721989.0,1.612165,0.0922,USA,CHN,842951
2680069,232,43,8935,2007,0.0,1013663.0,-0.540449,-0.799454,UZB,CHN,842951
2680070,236,43,8935,2007,0.0,4497446.0,-0.231215,-0.9839200000000001,VEN,CHN,842951
2680071,239,43,8935,2007,0.0,7124896.0,-0.335613,1.048849,VNM,CHN,842951
2680072,240,43,8935,2007,0.0,156070.0,-1.187885,-0.993107,VUT,CHN,842951
2680073,243,43,8935,2007,0.0,569338.0,-1.2624600000000001,-1.2131290000000001,YEM,CHN,842951
2680074,246,43,8935,2007,0.0,16277966.0,0.349792,1.246052,ZAF,CHN,842951
2680075,247,43,8935,2007,0.0,370565.0,-0.522838,-0.796874,ZMB,CHN,842951
2680076,248,43,8935,2007,0.0,491483.0,-0.5271399999999999,-0.47033800000000003,ZWE,CHN,842951
2680077,249,43,8935,2007,35525.0,0.0,1.651607,0.974649,TWN,CHN,842951
2680078,250,43,8935,2007,0.0,500152.0,0.671936,-0.284418,ANS,CHN,842951
2680079,4,49,8935,2007,56511.0,0.0,-0.20616700000000002,-0.016993,ALB,COL,842951
2680080,15,49,8935,2007,127515.0,0.0,1.730088,-0.045543,AUT,COL,842951
2680081,18,49,8935,2007,1096386.0,0.0,1.2880479999999999,1.145724,BEL,COL,842951
2680082,32,49,8935,2007,6671140.0,0.0,0.582859,1.137225,BRA,COL,842951
2680083,39,49,8935,2007,555004.0,0.0,0.77681,1.20517,CAN,COL,842951
2680084,42,49,8935,2007,195930.0,0.0,-0.306846,-0.57431,CHL,COL,842951
2680085,43,49,8935,2007,629503.0,0.0,0.801547,2.321052,CHN,COL,842951
2680086,52,49,8935,2007,0.0,151429.0,0.001895,-0.30248600000000003,CRI,COL,842951
2680087,61,49,8935,2007,37476.0,0.0,2.114566,-2.934732,DEU,COL,842951
2680088,67,49,8935,2007,45279.0,0.0,-0.820491,-0.8557879999999999,ECU,COL,842951
2680089,71,49,8935,2007,173285.0,0.0,0.914681,2.027797,ESP,COL,842951
2680090,77,49,8935,2007,122835.0,0.0,1.4565350000000001,0.262845,FRA,COL,842951
2680091,81,49,8935,2007,827186.0,0.0,1.718661,0.35525300000000004,GBR,COL,842951
2680092,93,49,8935,2007,74654.0,0.0,-0.261899,0.643437,GTM,COL,842951
2680093,106,49,8935,2007,33442.0,0.0,1.353146,0.122832,IRL,COL,842951
2680094,111,49,8935,2007,976755.0,0.0,1.3003559999999998,0.705448,ITA,COL,842951
2680095,114,49,8935,2007,1271050.0,0.0,2.313259,0.186703,JPN,COL,842951
2680096,121,49,8935,2007,484136.0,0.0,1.497359,0.726637,KOR,COL,842951
2680097,138,49,8935,2007,202514.0,0.0,1.044746,0.605246,MEX,COL,842951
2680098,169,49,8935,2007,0.0,7242.0,0.36233899999999997,0.807669,PAN,COL,842951
2680099,173,49,8935,2007,98308.0,0.0,-0.49716099999999996,0.02556,PER,COL,842951
2680100,177,49,8935,2007,696473.0,0.0,1.0412139999999999,1.309641,POL,COL,842951
2680101,192,49,8935,2007,201477.0,0.0,1.608299,0.545791,SGP,COL,842951
2680102,208,49,8935,2007,168610.0,0.0,1.927244,0.498241,SWE,COL,842951
2680103,222,49,8935,2007,25998.0,0.0,-0.371347,-1.0536709999999998,TTO,COL,842951
2680104,228,49,8935,2007,18733.0,0.0,0.7441760000000001,0.8681260000000001,UKR,COL,842951
2680105,231,49,8935,2007,29301152.0,0.0,1.612165,0.0922,USA,COL,842951
2680106,236,49,8935,2007,8935.0,0.0,-0.231215,-0.9839200000000001,VEN,COL,842951
2680107,23,52,8935,2007,0.0,856.0,0.43321899999999997,1.5696700000000001,BGR,CRI,842951
2680108,32,52,8935,2007,375398.0,0.0,0.582859,1.137225,BRA,CRI,842951
2680109,39,52,8935,2007,31325.0,0.0,0.77681,1.20517,CAN,CRI,842951
2680110,43,52,8935,2007,3204.0,0.0,0.801547,2.321052,CHN,CRI,842951
2680111,49,52,8935,2007,151429.0,0.0,0.118341,0.557699,COL,CRI,842951
2680112,65,52,8935,2007,0.0,65886.0,-0.228756,0.004222,DOM,CRI,842951
2680113,71,52,8935,2007,2195.0,0.0,0.914681,2.027797,ESP,CRI,842951
2680114,81,52,8935,2007,164916.0,0.0,1.718661,0.35525300000000004,GBR,CRI,842951
2680115,93,52,8935,2007,71229.0,0.0,-0.261899,0.643437,GTM,CRI,842951
2680116,99,52,8935,2007,31469.0,0.0,-0.6366,-0.327447,HND,CRI,842951
2680117,111,52,8935,2007,110436.0,0.0,1.3003559999999998,0.705448,ITA,CRI,842951
2680118,114,52,8935,2007,410428.0,0.0,2.313259,0.186703,JPN,CRI,842951
2680119,121,52,8935,2007,230009.0,0.0,1.497359,0.726637,KOR,CRI,842951
2680120,160,52,8935,2007,2534.0,4770.0,-0.924162,-0.857508,NIC,CRI,842951
2680121,162,52,8935,2007,159755.0,0.0,1.089169,1.589641,NLD,CRI,842951
2680122,169,52,8935,2007,0.0,359634.0,0.36233899999999997,0.807669,PAN,CRI,842951
2680123,192,52,8935,2007,4705.0,0.0,1.608299,0.545791,SGP,CRI,842951
2680124,231,52,8935,2007,7755143.0,0.0,1.612165,0.0922,USA,CRI,842951
2680125,39,54,8935,2007,1240250.0,0.0,0.77681,1.20517,CAN,CUB,842951
2680126,43,54,8935,2007,3587938.0,0.0,0.801547,2.321052,CHN,CUB,842951
2680127,61,54,8935,2007,38579.0,0.0,2.114566,-2.934732,DEU,CUB,842951
2680128,65,54,8935,2007,60017.0,0.0,-0.228756,0.004222,DOM,CUB,842951
2680129,71,54,8935,2007,105113.0,0.0,0.914681,2.027797,ESP,CUB,842951
2680130,111,54,8935,2007,346809.0,0.0,1.3003559999999998,0.705448,ITA,CUB,842951
2680131,121,54,8935,2007,129449.0,0.0,1.497359,0.726637,KOR,CUB,842951
2680132,138,54,8935,2007,14010.0,0.0,1.044746,0.605246,MEX,CUB,842951
2680133,162,54,8935,2007,1543055.0,0.0,1.089169,1.589641,NLD,CUB,842951
2680134,169,54,8935,2007,236742.0,0.0,0.36233899999999997,0.807669,PAN,CUB,842951
2680135,2,59,8935,2007,0.0,110544.0,-1.6925709999999998,-1.1987290000000002,AGO,CZE,842951
2680136,7,59,8935,2007,0.0,4069181.0,-0.107504,-0.44744300000000004,ARE,CZE,842951
2680137,15,59,8935,2007,11243427.0,234519.0,1.730088,-0.045543,AUT,CZE,842951
2680138,16,59,8935,2007,0.0,2814.0,-0.897342,-1.174224,AZE,CZE,842951
2680139,18,59,8935,2007,8192118.0,19923932.0,1.2880479999999999,1.145724,BEL,CZE,842951
2680140,23,59,8935,2007,0.0,466335.0,0.43321899999999997,1.5696700000000001,BGR,CZE,842951
2680141,24,59,8935,2007,0.0,193535.0,0.500846,-0.845449,BHR,CZE,842951
2680142,28,59,8935,2007,0.0,35088.0,1.0435889999999999,0.415603,BLR,CZE,842951
2680143,32,59,8935,2007,30849.0,0.0,0.582859,1.137225,BRA,CZE,842951
2680144,39,59,8935,2007,86440.0,22062.0,0.77681,1.20517,CAN,CZE,842951
2680145,41,59,8935,2007,982.0,247447.0,2.0198080000000003,0.42277200000000004,CHE,CZE,842951
2680146,43,59,8935,2007,66299.0,0.0,0.801547,2.321052,CHN,CZE,842951
2680147,61,59,8935,2007,12833310.0,448342.0,2.114566,-2.934732,DEU,CZE,842951
2680148,64,59,8935,2007,20389.0,157238.0,1.204019,1.122666,DNK,CZE,842951
2680149,66,59,8935,2007,0.0,57950.0,-0.9822690000000001,-1.170282,DZA,CZE,842951
2680150,71,59,8935,2007,29767.0,1628879.0,0.914681,2.027797,ESP,CZE,842951
2680151,72,59,8935,2007,0.0,232637.0,0.746434,1.306397,EST,CZE,842951
2680152,74,59,8935,2007,0.0,34031.0,1.865502,0.7737729999999999,FIN,CZE,842951
2680153,77,59,8935,2007,698752.0,1573627.0,1.4565350000000001,0.262845,FRA,CZE,842951
2680154,81,59,8935,2007,5269265.0,172810.0,1.718661,0.35525300000000004,GBR,CZE,842951
2680155,82,59,8935,2007,0.0,6874.0,0.016077,-0.386962,GEO,CZE,842951
2680156,90,59,8935,2007,0.0,230761.0,0.348709,1.674567,GRC,CZE,842951
2680157,100,59,8935,2007,129220.0,23350.0,0.7799699999999999,1.1047850000000001,HRV,CZE,842951
2680158,102,59,8935,2007,628785.0,352959.0,1.4887709999999998,0.78372,HUN,CZE,842951
2680159,106,59,8935,2007,0.0,114511.0,1.353146,0.122832,IRL,CZE,842951
2680160,110,59,8935,2007,0.0,667174.0,1.092244,0.753984,ISR,CZE,842951
2680161,111,59,8935,2007,12497336.0,6354124.0,1.3003559999999998,0.705448,ITA,CZE,842951
2680162,114,59,8935,2007,80937.0,261145.0,2.313259,0.186703,JPN,CZE,842951
2680163,115,59,8935,2007,0.0,56459.0,-0.171218,-0.630279,KAZ,CZE,842951
2680164,116,59,8935,2007,5673.0,67007.0,-0.44365299999999996,0.858692,KEN,CZE,842951
2680165,121,59,8935,2007,484024.0,0.0,1.497359,0.726637,KOR,CZE,842951
2680166,124,59,8935,2007,0.0,140798.0,0.47468,1.775191,LBN,CZE,842951
2680167,138,59,8935,2007,0.0,9836.0,1.044746,0.605246,MEX,CZE,842951
2680168,151,59,8935,2007,0.0,79642.0,-0.342957,-0.129114,MUS,CZE,842951
2680169,156,59,8935,2007,0.0,6280.0,-0.075892,-0.8211430000000001,NCL,CZE,842951
2680170,162,59,8935,2007,242810.0,168097.0,1.089169,1.589641,NLD,CZE,842951
2680171,163,59,8935,2007,0.0,158185.0,0.9829100000000001,0.100995,NOR,CZE,842951
2680172,177,59,8935,2007,35607.0,807183.0,1.0412139999999999,1.309641,POL,CZE,842951
2680173,178,59,8935,2007,10549.0,0.0,0.799712,0.8789370000000001,PRK,CZE,842951
2680174,183,59,8935,2007,0.0,286911.0,0.20181500000000002,-0.9898110000000001,QAT,CZE,842951
2680175,185,59,8935,2007,42636.0,148162.0,0.69445,1.223747,ROU,CZE,842951
2680176,186,59,8935,2007,0.0,1937420.0,0.5576399999999999,-0.05382000000000001,RUS,CZE,842951
2680177,188,59,8935,2007,0.0,3954835.0,0.367463,-0.8603709999999999,SAU,CZE,842951
2680178,201,59,8935,2007,0.0,82207.0,0.579288,1.464123,SRB,CZE,842951
2680179,206,59,8935,2007,12418406.0,3851791.0,1.358301,0.79655,SVK,CZE,842951
2680180,207,59,8935,2007,129550.0,40615.0,1.605767,0.692926,SVN,CZE,842951
2680181,208,59,8935,2007,1363042.0,0.0,1.927244,0.498241,SWE,CZE,842951
2680182,223,59,8935,2007,0.0,65856.0,0.062824,0.74003,TUN,CZE,842951
2680183,224,59,8935,2007,329372.0,0.0,0.41396700000000003,2.0339869999999998,TUR,CZE,842951
2680184,228,59,8935,2007,0.0,92823.0,0.7441760000000001,0.8681260000000001,UKR,CZE,842951
2680185,231,59,8935,2007,1292960.0,3585758.0,1.612165,0.0922,USA,CZE,842951
2680186,246,59,8935,2007,0.0,760957.0,0.349792,1.246052,ZAF,CZE,842951
2680187,1,61,8935,2007,0.0,184413.0,-0.745981,-0.682003,AFG,DEU,842951
2680188,2,61,8935,2007,0.0,4681402.0,-1.6925709999999998,-1.1987290000000002,AGO,DEU,842951
2680189,4,61,8935,2007,0.0,770515.0,-0.20616700000000002,-0.016993,ALB,DEU,842951
2680190,7,61,8935,2007,0.0,9427376.0,-0.107504,-0.44744300000000004,ARE,DEU,842951
2680191,8,61,8935,2007,0.0,187734.0,0.178214,0.5093850000000001,ARG,DEU,842951
2680192,9,61,8935,2007,0.0,423847.0,0.7169,-0.019251,ARM,DEU,842951
2680193,13,61,8935,2007,0.0,26741.0,0.5574899999999999,-0.125609,ATG,DEU,842951
2680194,14,61,8935,2007,0.0,41453300.0,0.137686,0.451592,AUS,DEU,842951
2680195,15,61,8935,2007,134212664.0,74917032.0,1.730088,-0.045543,AUT,DEU,842951
2680196,16,61,8935,2007,0.0,208892.0,-0.897342,-1.174224,AZE,DEU,842951
2680197,18,61,8935,2007,162123264.0,37506324.0,1.2880479999999999,1.145724,BEL,DEU,842951
2680198,19,61,8935,2007,0.0,99979.0,-1.055882,-0.880178,BEN,DEU,842951
2680199,21,61,8935,2007,0.0,24658.0,-0.960893,-0.94458,BFA,DEU,842951
2680200,23,61,8935,2007,134152.0,10112349.0,0.43321899999999997,1.5696700000000001,BGR,DEU,842951
2680201,26,61,8935,2007,6561.0,870347.0,0.46303199999999994,0.596178,BIH,DEU,842951
2680202,28,61,8935,2007,0.0,1673073.0,1.0435889999999999,0.415603,BLR,DEU,842951
2680203,31,61,8935,2007,0.0,29716.0,-1.021595,-0.955375,BOL,DEU,842951
2680204,32,61,8935,2007,167731.0,0.0,0.582859,1.137225,BRA,DEU,842951
2680205,39,61,8935,2007,448619.0,659995.0,0.77681,1.20517,CAN,DEU,842951
2680206,41,61,8935,2007,4059859.0,26266696.0,2.0198080000000003,0.42277200000000004,CHE,DEU,842951
2680207,42,61,8935,2007,112548.0,49072.0,-0.306846,-0.57431,CHL,DEU,842951
2680208,43,61,8935,2007,6635580.0,26761.0,0.801547,2.321052,CHN,DEU,842951
2680209,44,61,8935,2007,0.0,91604.0,-0.9989110000000001,-0.867232,CIV,DEU,842951
2680210,45,61,8935,2007,0.0,274796.0,-0.821623,-0.965601,CMR,DEU,842951
2680211,46,61,8935,2007,0.0,23253.0,-1.507664,-1.111844,COD,DEU,842951
2680212,47,61,8935,2007,0.0,432636.0,-1.88462,-1.22688,COG,DEU,842951
2680213,49,61,8935,2007,0.0,37476.0,0.118341,0.557699,COL,DEU,842951
2680214,51,61,8935,2007,0.0,92337.0,0.289375,-0.295194,CPV,DEU,842951
2680215,54,61,8935,2007,0.0,38579.0,-0.308053,-0.8740610000000001,CUB,DEU,842951
2680216,58,61,8935,2007,0.0,684988.0,0.887351,0.426331,CYP,DEU,842951
2680217,59,61,8935,2007,448342.0,12833310.0,1.620377,0.379404,CZE,DEU,842951
2680218,64,61,8935,2007,2318671.0,78931600.0,1.204019,1.122666,DNK,DEU,842951
2680219,65,61,8935,2007,0.0,22071.0,-0.228756,0.004222,DOM,DEU,842951
2680220,66,61,8935,2007,0.0,5471252.0,-0.9822690000000001,-1.170282,DZA,DEU,842951
2680221,68,61,8935,2007,0.0,5359788.0,-0.144054,0.663592,EGY,DEU,842951
2680222,71,61,8935,2007,1706743.0,51521940.0,0.914681,2.027797,ESP,DEU,842951
2680223,72,61,8935,2007,227218.0,2908262.0,0.746434,1.306397,EST,DEU,842951
2680224,73,61,8935,2007,0.0,576577.0,-1.115917,-0.821652,ETH,DEU,842951
2680225,74,61,8935,2007,146616.0,22504590.0,1.865502,0.7737729999999999,FIN,DEU,842951
2680226,77,61,8935,2007,21977974.0,122067296.0,1.4565350000000001,0.262845,FRA,DEU,842951
2680227,78,61,8935,2007,0.0,39608.0,-0.308363,-0.7707510000000001,FRO,DEU,842951
2680228,80,61,8935,2007,0.0,735668.0,-1.328633,-1.165045,GAB,DEU,842951
2680229,81,61,8935,2007,101990712.0,62719944.0,1.718661,0.35525300000000004,GBR,DEU,842951
2680230,82,61,8935,2007,0.0,1746174.0,0.016077,-0.386962,GEO,DEU,842951
2680231,83,61,8935,2007,0.0,650532.0,-0.906867,-0.565891,GHA,DEU,842951
2680232,85,61,8935,2007,0.0,209513.0,-1.694335,-1.230744,GIN,DEU,842951
2680233,87,61,8935,2007,0.0,4392.0,-0.8336680000000001,-0.8261860000000001,GMB,DEU,842951
2680234,89,61,8935,2007,0.0,465704.0,-1.406911,-0.8466950000000001,GNQ,DEU,842951
2680235,90,61,8935,2007,360683.0,12704245.0,0.348709,1.674567,GRC,DEU,842951
2680236,92,61,8935,2007,0.0,120731.0,-1.102012,-0.978591,GRL,DEU,842951
2680237,93,61,8935,2007,0.0,7298.0,-0.261899,0.643437,GTM,DEU,842951
2680238,100,61,8935,2007,227423.0,4227976.0,0.7799699999999999,1.1047850000000001,HRV,DEU,842951
2680239,102,61,8935,2007,496772.0,4724712.0,1.4887709999999998,0.78372,HUN,DEU,842951
2680240,103,61,8935,2007,0.0,1150479.0,-0.192415,1.497962,IDN,DEU,842951
2680241,104,61,8935,2007,0.0,49611.0,0.279475,2.7514939999999997,IND,DEU,842951
2680242,105,61,8935,2007,0.0,65217.0,1.424007,0.050412,IOT,DEU,842951
2680243,106,61,8935,2007,730400.0,6621156.0,1.353146,0.122832,IRL,DEU,842951
2680244,107,61,8935,2007,0.0,151848.0,-0.797659,-1.048892,IRN,DEU,842951
2680245,108,61,8935,2007,0.0,474173.0,-1.961053,-0.8849969999999999,IRQ,DEU,842951
2680246,109,61,8935,2007,26036.0,2342723.0,0.172786,-0.380266,ISL,DEU,842951
2680247,110,61,8935,2007,720018.0,651940.0,1.092244,0.753984,ISR,DEU,842951
2680248,111,61,8935,2007,35844168.0,44964920.0,1.3003559999999998,0.705448,ITA,DEU,842951
2680249,113,61,8935,2007,0.0,1240649.0,0.228433,0.5984550000000001,JOR,DEU,842951
2680250,114,61,8935,2007,4958863.0,25828.0,2.313259,0.186703,JPN,DEU,842951
2680251,115,61,8935,2007,0.0,3041356.0,-0.171218,-0.630279,KAZ,DEU,842951
2680252,116,61,8935,2007,0.0,331926.0,-0.44365299999999996,0.858692,KEN,DEU,842951
2680253,117,61,8935,2007,0.0,7774.0,-0.190437,-0.23665999999999998,KGZ,DEU,842951
2680254,121,61,8935,2007,1380433.0,635318.0,1.497359,0.726637,KOR,DEU,842951
2680255,122,61,8935,2007,0.0,34582.0,-0.8265030000000001,-1.166243,KWT,DEU,842951
2680256,124,61,8935,2007,0.0,532574.0,0.47468,1.775191,LBN,DEU,842951
2680257,125,61,8935,2007,0.0,70183.0,-0.866643,-1.124112,LBR,DEU,842951
2680258,126,61,8935,2007,0.0,2853094.0,-0.8669959999999999,-1.167363,LBY,DEU,842951
2680259,130,61,8935,2007,0.0,4063458.0,0.604169,1.279982,LTU,DEU,842951
2680260,131,61,8935,2007,146517.0,4110242.0,1.390259,0.996566,LUX,DEU,842951
2680261,132,61,8935,2007,28289.0,5403754.0,0.61459,0.985358,LVA,DEU,842951
2680262,134,61,8935,2007,0.0,3206476.0,-0.5846560000000001,0.10927100000000001,MAR,DEU,842951
2680263,135,61,8935,2007,0.0,840847.0,0.147801,0.13758299999999998,MDA,DEU,842951
2680264,138,61,8935,2007,1978.0,168261.0,1.044746,0.605246,MEX,DEU,842951
2680265,140,61,8935,2007,0.0,885868.0,-0.125912,-0.009395,MKD,DEU,842951
2680266,141,61,8935,2007,0.0,22335.0,-0.672822,-0.687913,MLI,DEU,842951
2680267,144,61,8935,2007,0.0,200129.0,0.250006,-0.154908,MNE,DEU,842951
2680268,147,61,8935,2007,0.0,40418.0,-1.4703110000000001,-1.1915719999999999,MOZ,DEU,842951
2680269,148,61,8935,2007,0.0,28901.0,-2.027741,-1.311094,MRT,DEU,842951
2680270,151,61,8935,2007,0.0,79328.0,-0.342957,-0.129114,MUS,DEU,842951
2680271,153,61,8935,2007,21396.0,0.0,0.740788,0.302155,MYS,DEU,842951
2680272,154,61,8935,2007,0.0,107274.0,0.9008879999999999,-0.209565,MYT,DEU,842951
2680273,159,61,8935,2007,0.0,5169856.0,-1.746879,-1.20823,NGA,DEU,842951
2680274,160,61,8935,2007,0.0,235445.0,-0.924162,-0.857508,NIC,DEU,842951
2680275,162,61,8935,2007,35421580.0,69661920.0,1.089169,1.589641,NLD,DEU,842951
2680276,163,61,8935,2007,532865.0,27794118.0,0.9829100000000001,0.100995,NOR,DEU,842951
2680277,166,61,8935,2007,22506.0,612792.0,0.495938,0.845825,NZL,DEU,842951
2680278,167,61,8935,2007,0.0,1101480.0,-0.5185310000000001,-1.071832,OMN,DEU,842951
2680279,168,61,8935,2007,0.0,836554.0,-0.5594359999999999,0.47369300000000003,PAK,DEU,842951
2680280,173,61,8935,2007,0.0,2331507.0,-0.49716099999999996,0.02556,PER,DEU,842951
2680281,174,61,8935,2007,0.0,20923.0,0.032117,-0.16600499999999999,PHL,DEU,842951
2680282,177,61,8935,2007,4302884.0,66011088.0,1.0412139999999999,1.309641,POL,DEU,842951
2680283,179,61,8935,2007,758788.0,7442514.0,0.621302,1.971656,PRT,DEU,842951
2680284,180,61,8935,2007,0.0,67013.0,-0.500617,-0.814385,PRY,DEU,842951
2680285,183,61,8935,2007,0.0,339306.0,0.20181500000000002,-0.9898110000000001,QAT,DEU,842951
2680286,185,61,8935,2007,990038.0,31285508.0,0.69445,1.223747,ROU,DEU,842951
2680287,186,61,8935,2007,0.0,25431240.0,0.5576399999999999,-0.05382000000000001,RUS,DEU,842951
2680288,187,61,8935,2007,0.0,107895.0,-0.383017,-0.49216899999999997,RWA,DEU,842951
2680289,188,61,8935,2007,0.0,1579964.0,0.367463,-0.8603709999999999,SAU,DEU,842951
2680290,190,61,8935,2007,0.0,43180.0,-1.978359,-1.316172,SDN,DEU,842951
2680291,191,61,8935,2007,0.0,26365.0,-0.20343599999999998,0.27211199999999997,SEN,DEU,842951
2680292,192,61,8935,2007,0.0,182835.0,1.608299,0.545791,SGP,DEU,842951
2680293,196,61,8935,2007,0.0,229847.0,-0.021377,-0.31765,SLE,DEU,842951
2680294,197,61,8935,2007,0.0,2070.0,-0.110573,0.184426,SLV,DEU,842951
2680295,201,61,8935,2007,0.0,7001451.0,0.579288,1.464123,SRB,DEU,842951
2680296,205,61,8935,2007,0.0,27439.0,-0.8506440000000001,-0.8898959999999999,SUR,DEU,842951
2680297,206,61,8935,2007,238401.0,3161895.0,1.358301,0.79655,SVK,DEU,842951
2680298,207,61,8935,2007,422156.0,2606801.0,1.605767,0.692926,SVN,DEU,842951
2680299,208,61,8935,2007,160248544.0,54928780.0,1.927244,0.498241,SWE,DEU,842951
2680300,212,61,8935,2007,0.0,218833.0,-0.46851899999999996,0.553396,SYR,DEU,842951
2680301,215,61,8935,2007,0.0,652365.0,-0.78689,-0.806879,TGO,DEU,842951
2680302,216,61,8935,2007,0.0,92069.0,0.711328,1.411114,THA,DEU,842951
2680303,223,61,8935,2007,0.0,1469720.0,0.062824,0.74003,TUN,DEU,842951
2680304,224,61,8935,2007,970472.0,4050437.0,0.41396700000000003,2.0339869999999998,TUR,DEU,842951
2680305,226,61,8935,2007,0.0,88738.0,-0.8493959999999999,0.47116099999999994,TZA,DEU,842951
2680306,227,61,8935,2007,0.0,11647.0,-0.900559,-0.42071400000000003,UGA,DEU,842951
2680307,228,61,8935,2007,0.0,11326454.0,0.7441760000000001,0.8681260000000001,UKR,DEU,842951
2680308,230,61,8935,2007,0.0,53964.0,0.184883,0.207788,URY,DEU,842951
2680309,231,61,8935,2007,44631436.0,37367100.0,1.612165,0.0922,USA,DEU,842951
2680310,232,61,8935,2007,0.0,176542.0,-0.540449,-0.799454,UZB,DEU,842951
2680311,236,61,8935,2007,0.0,313717.0,-0.231215,-0.9839200000000001,VEN,DEU,842951
2680312,239,61,8935,2007,0.0,14299.0,-0.335613,1.048849,VNM,DEU,842951
2680313,243,61,8935,2007,0.0,144243.0,-1.2624600000000001,-1.2131290000000001,YEM,DEU,842951
2680314,246,61,8935,2007,0.0,13035149.0,0.349792,1.246052,ZAF,DEU,842951
2680315,247,61,8935,2007,0.0,832148.0,-0.522838,-0.796874,ZMB,DEU,842951
2680316,248,61,8935,2007,0.0,394390.0,-0.5271399999999999,-0.47033800000000003,ZWE,DEU,842951
2680317,249,61,8935,2007,0.0,51025.0,1.651607,0.974649,TWN,DEU,842951
2680318,2,64,8935,2007,0.0,24305.0,-1.6925709999999998,-1.1987290000000002,AGO,DNK,842951
2680319,14,64,8935,2007,0.0,1995.0,0.137686,0.451592,AUS,DNK,842951
2680320,15,64,8935,2007,6411284.0,0.0,1.730088,-0.045543,AUT,DNK,842951
2680321,18,64,8935,2007,17383598.0,0.0,1.2880479999999999,1.145724,BEL,DNK,842951
2680322,23,64,8935,2007,0.0,210386.0,0.43321899999999997,1.5696700000000001,BGR,DNK,842951
2680323,31,64,8935,2007,0.0,98386.0,-1.021595,-0.955375,BOL,DNK,842951
2680324,32,64,8935,2007,403649.0,35350.0,0.582859,1.137225,BRA,DNK,842951
2680325,39,64,8935,2007,88121.0,329094.0,0.77681,1.20517,CAN,DNK,842951
2680326,41,64,8935,2007,40947.0,0.0,2.0198080000000003,0.42277200000000004,CHE,DNK,842951
2680327,42,64,8935,2007,0.0,412813.0,-0.306846,-0.57431,CHL,DNK,842951
2680328,43,64,8935,2007,2373652.0,11723.0,0.801547,2.321052,CHN,DNK,842951
2680329,59,64,8935,2007,157238.0,20389.0,1.620377,0.379404,CZE,DNK,842951
2680330,61,64,8935,2007,78931600.0,2318671.0,2.114566,-2.934732,DEU,DNK,842951
2680331,66,64,8935,2007,0.0,11567.0,-0.9822690000000001,-1.170282,DZA,DNK,842951
2680332,68,64,8935,2007,0.0,26710.0,-0.144054,0.663592,EGY,DNK,842951
2680333,71,64,8935,2007,41979.0,0.0,0.914681,2.027797,ESP,DNK,842951
2680334,72,64,8935,2007,0.0,43169.0,0.746434,1.306397,EST,DNK,842951
2680335,74,64,8935,2007,1367434.0,362545.0,1.865502,0.7737729999999999,FIN,DNK,842951
2680336,77,64,8935,2007,1490630.0,713098.0,1.4565350000000001,0.262845,FRA,DNK,842951
2680337,78,64,8935,2007,18154.0,2104694.0,-0.308363,-0.7707510000000001,FRO,DNK,842951
2680338,81,64,8935,2007,7773872.0,538077.0,1.718661,0.35525300000000004,GBR,DNK,842951
2680339,83,64,8935,2007,0.0,89759.0,-0.906867,-0.565891,GHA,DNK,842951
2680340,87,64,8935,2007,0.0,4836.0,-0.8336680000000001,-0.8261860000000001,GMB,DNK,842951
2680341,90,64,8935,2007,0.0,456814.0,0.348709,1.674567,GRC,DNK,842951
2680342,92,64,8935,2007,40375.0,2489681.0,-1.102012,-0.978591,GRL,DNK,842951
2680343,106,64,8935,2007,4144700.0,39164.0,1.353146,0.122832,IRL,DNK,842951
2680344,108,64,8935,2007,0.0,105925.0,-1.961053,-0.8849969999999999,IRQ,DNK,842951
2680345,109,64,8935,2007,133123.0,1954496.0,0.172786,-0.380266,ISL,DNK,842951
2680346,110,64,8935,2007,189062.0,0.0,1.092244,0.753984,ISR,DNK,842951
2680347,111,64,8935,2007,12918307.0,0.0,1.3003559999999998,0.705448,ITA,DNK,842951
2680348,112,64,8935,2007,0.0,141148.0,-0.466305,-0.971972,JAM,DNK,842951
2680349,114,64,8935,2007,1480687.0,214664.0,2.313259,0.186703,JPN,DNK,842951
2680350,121,64,8935,2007,0.0,183499.0,1.497359,0.726637,KOR,DNK,842951
2680351,124,64,8935,2007,0.0,21444.0,0.47468,1.775191,LBN,DNK,842951
2680352,130,64,8935,2007,58020.0,228554.0,0.604169,1.279982,LTU,DNK,842951
2680353,132,64,8935,2007,0.0,294694.0,0.61459,0.985358,LVA,DNK,842951
2680354,134,64,8935,2007,0.0,7431.0,-0.5846560000000001,0.10927100000000001,MAR,DNK,842951
2680355,159,64,8935,2007,0.0,21661.0,-1.746879,-1.20823,NGA,DNK,842951
2680356,162,64,8935,2007,5379406.0,1711696.0,1.089169,1.589641,NLD,DNK,842951
2680357,163,64,8935,2007,1036732.0,11904537.0,0.9829100000000001,0.100995,NOR,DNK,842951
2680358,166,64,8935,2007,0.0,7451.0,0.495938,0.845825,NZL,DNK,842951
2680359,173,64,8935,2007,0.0,22233.0,-0.49716099999999996,0.02556,PER,DNK,842951
2680360,177,64,8935,2007,8847.0,2512808.0,1.0412139999999999,1.309641,POL,DNK,842951
2680361,179,64,8935,2007,98294.0,0.0,0.621302,1.971656,PRT,DNK,842951
2680362,185,64,8935,2007,0.0,95556.0,0.69445,1.223747,ROU,DNK,842951
2680363,186,64,8935,2007,0.0,159587.0,0.5576399999999999,-0.05382000000000001,RUS,DNK,842951
2680364,192,64,8935,2007,0.0,17724.0,1.608299,0.545791,SGP,DNK,842951
2680365,201,64,8935,2007,0.0,6421.0,0.579288,1.464123,SRB,DNK,842951
2680366,206,64,8935,2007,87354.0,0.0,1.358301,0.79655,SVK,DNK,842951
2680367,207,64,8935,2007,0.0,127623.0,1.605767,0.692926,SVN,DNK,842951
2680368,208,64,8935,2007,3582656.0,18431104.0,1.927244,0.498241,SWE,DNK,842951
2680369,212,64,8935,2007,0.0,73260.0,-0.46851899999999996,0.553396,SYR,DNK,842951
2680370,224,64,8935,2007,122345.0,0.0,0.41396700000000003,2.0339869999999998,TUR,DNK,842951
2680371,227,64,8935,2007,0.0,1136.0,-0.900559,-0.42071400000000003,UGA,DNK,842951
2680372,228,64,8935,2007,0.0,69711.0,0.7441760000000001,0.8681260000000001,UKR,DNK,842951
2680373,231,64,8935,2007,5144216.0,43301.0,1.612165,0.0922,USA,DNK,842951
2680374,246,64,8935,2007,0.0,5324.0,0.349792,1.246052,ZAF,DNK,842951
2680375,15,65,8935,2007,228984.0,0.0,1.730088,-0.045543,AUT,DOM,842951
2680376,18,65,8935,2007,77325.0,0.0,1.2880479999999999,1.145724,BEL,DOM,842951
2680377,32,65,8935,2007,553592.0,0.0,0.582859,1.137225,BRA,DOM,842951
2680378,39,65,8935,2007,16111.0,0.0,0.77681,1.20517,CAN,DOM,842951
2680379,41,65,8935,2007,315338.0,0.0,2.0198080000000003,0.42277200000000004,CHE,DOM,842951
2680380,42,65,8935,2007,0.0,537096.0,-0.306846,-0.57431,CHL,DOM,842951
2680381,43,65,8935,2007,34630.0,0.0,0.801547,2.321052,CHN,DOM,842951
2680382,52,65,8935,2007,65886.0,0.0,0.001895,-0.30248600000000003,CRI,DOM,842951
2680383,54,65,8935,2007,0.0,60017.0,-0.308053,-0.8740610000000001,CUB,DOM,842951
2680384,61,65,8935,2007,22071.0,0.0,2.114566,-2.934732,DEU,DOM,842951
2680385,71,65,8935,2007,18958.0,0.0,0.914681,2.027797,ESP,DOM,842951
2680386,81,65,8935,2007,472031.0,0.0,1.718661,0.35525300000000004,GBR,DOM,842951
2680387,99,65,8935,2007,0.0,699.0,-0.6366,-0.327447,HND,DOM,842951
2680388,101,65,8935,2007,0.0,184266.0,-1.070524,-1.046209,HTI,DOM,842951
2680389,111,65,8935,2007,4620.0,0.0,1.3003559999999998,0.705448,ITA,DOM,842951
2680390,112,65,8935,2007,11461.0,0.0,-0.466305,-0.971972,JAM,DOM,842951
2680391,114,65,8935,2007,6658.0,0.0,2.313259,0.186703,JPN,DOM,842951
2680392,121,65,8935,2007,143907.0,0.0,1.497359,0.726637,KOR,DOM,842951
2680393,138,65,8935,2007,0.0,39614.0,1.044746,0.605246,MEX,DOM,842951
2680394,169,65,8935,2007,0.0,25129.0,0.36233899999999997,0.807669,PAN,DOM,842951
2680395,208,65,8935,2007,357399.0,0.0,1.927244,0.498241,SWE,DOM,842951
2680396,231,65,8935,2007,7926354.0,51824.0,1.612165,0.0922,USA,DOM,842951
2680397,236,65,8935,2007,0.0,312546.0,-0.231215,-0.9839200000000001,VEN,DOM,842951
2680398,250,65,8935,2007,0.0,3376.0,0.671936,-0.284418,ANS,DOM,842951
2680399,2,67,8935,2007,0.0,64784.0,-1.6925709999999998,-1.1987290000000002,AGO,ECU,842951
2680400,32,67,8935,2007,2313624.0,0.0,0.582859,1.137225,BRA,ECU,842951
2680401,39,67,8935,2007,19788.0,0.0,0.77681,1.20517,CAN,ECU,842951
2680402,41,67,8935,2007,9623.0,0.0,2.0198080000000003,0.42277200000000004,CHE,ECU,842951
2680403,42,67,8935,2007,18916.0,0.0,-0.306846,-0.57431,CHL,ECU,842951
2680404,43,67,8935,2007,372753.0,0.0,0.801547,2.321052,CHN,ECU,842951
2680405,49,67,8935,2007,0.0,45279.0,0.118341,0.557699,COL,ECU,842951
2680406,71,67,8935,2007,18024.0,0.0,0.914681,2.027797,ESP,ECU,842951
2680407,81,67,8935,2007,573229.0,0.0,1.718661,0.35525300000000004,GBR,ECU,842951
2680408,114,67,8935,2007,340100.0,0.0,2.313259,0.186703,JPN,ECU,842951
2680409,121,67,8935,2007,1649104.0,0.0,1.497359,0.726637,KOR,ECU,842951
2680410,138,67,8935,2007,185172.0,0.0,1.044746,0.605246,MEX,ECU,842951
2680411,169,67,8935,2007,289077.0,0.0,0.36233899999999997,0.807669,PAN,ECU,842951
2680412,173,67,8935,2007,72897.0,1874.0,-0.49716099999999996,0.02556,PER,ECU,842951
2680413,231,67,8935,2007,7696034.0,29305.0,1.612165,0.0922,USA,ECU,842951
2680414,1,71,8935,2007,0.0,53479.0,-0.745981,-0.682003,AFG,ESP,842951
2680415,2,71,8935,2007,0.0,1024607.0,-1.6925709999999998,-1.1987290000000002,AGO,ESP,842951
2680416,5,71,8935,2007,15357.0,171306.0,1.178982,0.778379,AND,ESP,842951
2680417,7,71,8935,2007,0.0,54563.0,-0.107504,-0.44744300000000004,ARE,ESP,842951
2680418,9,71,8935,2007,0.0,158575.0,0.7169,-0.019251,ARM,ESP,842951
2680419,14,71,8935,2007,0.0,38836.0,0.137686,0.451592,AUS,ESP,842951
2680420,15,71,8935,2007,27377036.0,46942.0,1.730088,-0.045543,AUT,ESP,842951
2680421,18,71,8935,2007,73548752.0,985527.0,1.2880479999999999,1.145724,BEL,ESP,842951
2680422,23,71,8935,2007,0.0,99799.0,0.43321899999999997,1.5696700000000001,BGR,ESP,842951
2680423,24,71,8935,2007,0.0,11825.0,0.500846,-0.845449,BHR,ESP,842951
2680424,31,71,8935,2007,0.0,34158.0,-1.021595,-0.955375,BOL,ESP,842951
2680425,32,71,8935,2007,187944.0,45008.0,0.582859,1.137225,BRA,ESP,842951
2680426,39,71,8935,2007,208313.0,0.0,0.77681,1.20517,CAN,ESP,842951
2680427,41,71,8935,2007,1523.0,19944.0,2.0198080000000003,0.42277200000000004,CHE,ESP,842951
2680428,42,71,8935,2007,14584.0,201912.0,-0.306846,-0.57431,CHL,ESP,842951
2680429,43,71,8935,2007,1171406.0,0.0,0.801547,2.321052,CHN,ESP,842951
2680430,45,71,8935,2007,0.0,5840.0,-0.821623,-0.965601,CMR,ESP,842951
2680431,49,71,8935,2007,0.0,173285.0,0.118341,0.557699,COL,ESP,842951
2680432,51,71,8935,2007,0.0,408821.0,0.289375,-0.295194,CPV,ESP,842951
2680433,52,71,8935,2007,0.0,2195.0,0.001895,-0.30248600000000003,CRI,ESP,842951
2680434,54,71,8935,2007,0.0,105113.0,-0.308053,-0.8740610000000001,CUB,ESP,842951
2680435,58,71,8935,2007,0.0,35189.0,0.887351,0.426331,CYP,ESP,842951
2680436,59,71,8935,2007,1628879.0,29767.0,1.620377,0.379404,CZE,ESP,842951
2680437,61,71,8935,2007,51521940.0,1706743.0,2.114566,-2.934732,DEU,ESP,842951
2680438,64,71,8935,2007,0.0,41979.0,1.204019,1.122666,DNK,ESP,842951
2680439,65,71,8935,2007,0.0,18958.0,-0.228756,0.004222,DOM,ESP,842951
2680440,66,71,8935,2007,0.0,1064116.0,-0.9822690000000001,-1.170282,DZA,ESP,842951
2680441,67,71,8935,2007,0.0,18024.0,-0.820491,-0.8557879999999999,ECU,ESP,842951
2680442,68,71,8935,2007,0.0,3708360.0,-0.144054,0.663592,EGY,ESP,842951
2680443,72,71,8935,2007,186273.0,103015.0,0.746434,1.306397,EST,ESP,842951
2680444,73,71,8935,2007,0.0,15233.0,-1.115917,-0.821652,ETH,ESP,842951
2680445,74,71,8935,2007,624456.0,0.0,1.865502,0.7737729999999999,FIN,ESP,842951
2680446,77,71,8935,2007,8344190.0,583237.0,1.4565350000000001,0.262845,FRA,ESP,842951
2680447,80,71,8935,2007,0.0,485565.0,-1.328633,-1.165045,GAB,ESP,842951
2680448,81,71,8935,2007,25947602.0,1014227.0,1.718661,0.35525300000000004,GBR,ESP,842951
2680449,83,71,8935,2007,0.0,146484.0,-0.906867,-0.565891,GHA,ESP,842951
2680450,84,71,8935,2007,0.0,100134.0,0.794616,-0.287001,GIB,ESP,842951
2680451,85,71,8935,2007,0.0,17938.0,-1.694335,-1.230744,GIN,ESP,842951
2680452,89,71,8935,2007,0.0,928400.0,-1.406911,-0.8466950000000001,GNQ,ESP,842951
2680453,90,71,8935,2007,0.0,231597.0,0.348709,1.674567,GRC,ESP,842951
2680454,97,71,8935,2007,4701.0,0.0,0.639034,2.1086009999999997,HKG,ESP,842951
2680455,103,71,8935,2007,0.0,30302.0,-0.192415,1.497962,IDN,ESP,842951
2680456,106,71,8935,2007,964165.0,0.0,1.353146,0.122832,IRL,ESP,842951
2680457,111,71,8935,2007,57937932.0,548666.0,1.3003559999999998,0.705448,ITA,ESP,842951
2680458,113,71,8935,2007,0.0,57950.0,0.228433,0.5984550000000001,JOR,ESP,842951
2680459,114,71,8935,2007,16954364.0,0.0,2.313259,0.186703,JPN,ESP,842951
2680460,115,71,8935,2007,0.0,150765.0,-0.171218,-0.630279,KAZ,ESP,842951
2680461,121,71,8935,2007,26096364.0,0.0,1.497359,0.726637,KOR,ESP,842951
2680462,122,71,8935,2007,0.0,8699.0,-0.8265030000000001,-1.166243,KWT,ESP,842951
2680463,124,71,8935,2007,37591.0,65110.0,0.47468,1.775191,LBN,ESP,842951
2680464,125,71,8935,2007,0.0,8919.0,-0.866643,-1.124112,LBR,ESP,842951
2680465,126,71,8935,2007,0.0,417721.0,-0.8669959999999999,-1.167363,LBY,ESP,842951
2680466,130,71,8935,2007,0.0,28358.0,0.604169,1.279982,LTU,ESP,842951
2680467,132,71,8935,2007,0.0,144152.0,0.61459,0.985358,LVA,ESP,842951
2680468,134,71,8935,2007,22730.0,7717960.0,-0.5846560000000001,0.10927100000000001,MAR,ESP,842951
2680469,138,71,8935,2007,0.0,653317.0,1.044746,0.605246,MEX,ESP,842951
2680470,140,71,8935,2007,0.0,82056.0,-0.125912,-0.009395,MKD,ESP,842951
2680471,141,71,8935,2007,0.0,206304.0,-0.672822,-0.687913,MLI,ESP,842951
2680472,148,71,8935,2007,0.0,130659.0,-2.027741,-1.311094,MRT,ESP,842951
2680473,153,71,8935,2007,39937.0,0.0,0.740788,0.302155,MYS,ESP,842951
2680474,159,71,8935,2007,0.0,434271.0,-1.746879,-1.20823,NGA,ESP,842951
2680475,162,71,8935,2007,5683096.0,1303342.0,1.089169,1.589641,NLD,ESP,842951
2680476,163,71,8935,2007,0.0,177906.0,0.9829100000000001,0.100995,NOR,ESP,842951
2680477,168,71,8935,2007,0.0,98636.0,-0.5594359999999999,0.47369300000000003,PAK,ESP,842951
2680478,173,71,8935,2007,0.0,31224.0,-0.49716099999999996,0.02556,PER,ESP,842951
2680479,174,71,8935,2007,2985.0,0.0,0.032117,-0.16600499999999999,PHL,ESP,842951
2680480,177,71,8935,2007,18138524.0,189262.0,1.0412139999999999,1.309641,POL,ESP,842951
2680481,179,71,8935,2007,1770830.0,9431970.0,0.621302,1.971656,PRT,ESP,842951
2680482,185,71,8935,2007,0.0,622896.0,0.69445,1.223747,ROU,ESP,842951
2680483,186,71,8935,2007,0.0,15647.0,0.5576399999999999,-0.05382000000000001,RUS,ESP,842951
2680484,188,71,8935,2007,0.0,468714.0,0.367463,-0.8603709999999999,SAU,ESP,842951
2680485,191,71,8935,2007,0.0,573978.0,-0.20343599999999998,0.27211199999999997,SEN,ESP,842951
2680486,192,71,8935,2007,28674.0,0.0,1.608299,0.545791,SGP,ESP,842951
2680487,201,71,8935,2007,0.0,11071.0,0.579288,1.464123,SRB,ESP,842951
2680488,206,71,8935,2007,56425.0,26369.0,1.358301,0.79655,SVK,ESP,842951
2680489,208,71,8935,2007,58464384.0,132947.0,1.927244,0.498241,SWE,ESP,842951
2680490,212,71,8935,2007,0.0,184117.0,-0.46851899999999996,0.553396,SYR,ESP,842951
2680491,223,71,8935,2007,0.0,63305.0,0.062824,0.74003,TUN,ESP,842951
2680492,224,71,8935,2007,6151557.0,344875.0,0.41396700000000003,2.0339869999999998,TUR,ESP,842951
2680493,228,71,8935,2007,0.0,21678.0,0.7441760000000001,0.8681260000000001,UKR,ESP,842951
2680494,230,71,8935,2007,0.0,35883.0,0.184883,0.207788,URY,ESP,842951
2680495,231,71,8935,2007,58032204.0,126759.0,1.612165,0.0922,USA,ESP,842951
2680496,236,71,8935,2007,0.0,602946.0,-0.231215,-0.9839200000000001,VEN,ESP,842951
2680497,243,71,8935,2007,0.0,43688.0,-1.2624600000000001,-1.2131290000000001,YEM,ESP,842951
2680498,246,71,8935,2007,163820.0,981469.0,0.349792,1.246052,ZAF,ESP,842951
2680499,248,71,8935,2007,0.0,269317.0,-0.5271399999999999,-0.47033800000000003,ZWE,ESP,842951
2680500,7,74,8935,2007,0.0,30068.0,-0.107504,-0.44744300000000004,ARE,FIN,842951
2680501,8,74,8935,2007,0.0,2323420.0,0.178214,0.5093850000000001,ARG,FIN,842951
2680502,14,74,8935,2007,0.0,17438304.0,0.137686,0.451592,AUS,FIN,842951
2680503,15,74,8935,2007,1124141.0,618487.0,1.730088,-0.045543,AUT,FIN,842951
2680504,18,74,8935,2007,19990968.0,1524951.0,1.2880479999999999,1.145724,BEL,FIN,842951
2680505,23,74,8935,2007,0.0,1600876.0,0.43321899999999997,1.5696700000000001,BGR,FIN,842951
2680506,31,74,8935,2007,0.0,27674.0,-1.021595,-0.955375,BOL,FIN,842951
2680507,32,74,8935,2007,182558.0,1575216.0,0.582859,1.137225,BRA,FIN,842951
2680508,39,74,8935,2007,234401.0,11067641.0,0.77681,1.20517,CAN,FIN,842951
2680509,41,74,8935,2007,0.0,5969.0,2.0198080000000003,0.42277200000000004,CHE,FIN,842951
2680510,42,74,8935,2007,0.0,7057890.0,-0.306846,-0.57431,CHL,FIN,842951
2680511,43,74,8935,2007,1064152.0,4604491.0,0.801547,2.321052,CHN,FIN,842951
2680512,46,74,8935,2007,0.0,700420.0,-1.507664,-1.111844,COD,FIN,842951
2680513,59,74,8935,2007,34031.0,0.0,1.620377,0.379404,CZE,FIN,842951
2680514,61,74,8935,2007,22504590.0,146616.0,2.114566,-2.934732,DEU,FIN,842951
2680515,64,74,8935,2007,362545.0,1367434.0,1.204019,1.122666,DNK,FIN,842951
2680516,68,74,8935,2007,0.0,126557.0,-0.144054,0.663592,EGY,FIN,842951
2680517,71,74,8935,2007,0.0,624456.0,0.914681,2.027797,ESP,FIN,842951
2680518,72,74,8935,2007,399365.0,1595851.0,0.746434,1.306397,EST,FIN,842951
2680519,73,74,8935,2007,0.0,293529.0,-1.115917,-0.821652,ETH,FIN,842951
2680520,77,74,8935,2007,2952004.0,1983336.0,1.4565350000000001,0.262845,FRA,FIN,842951
2680521,81,74,8935,2007,9738755.0,0.0,1.718661,0.35525300000000004,GBR,FIN,842951
2680522,90,74,8935,2007,0.0,692207.0,0.348709,1.674567,GRC,FIN,842951
2680523,100,74,8935,2007,0.0,10502.0,0.7799699999999999,1.1047850000000001,HRV,FIN,842951
2680524,103,74,8935,2007,0.0,293222.0,-0.192415,1.497962,IDN,FIN,842951
2680525,106,74,8935,2007,201102.0,3354248.0,1.353146,0.122832,IRL,FIN,842951
2680526,108,74,8935,2007,0.0,13713.0,-1.961053,-0.8849969999999999,IRQ,FIN,842951
2680527,109,74,8935,2007,0.0,6421.0,0.172786,-0.380266,ISL,FIN,842951
2680528,111,74,8935,2007,1594798.0,0.0,1.3003559999999998,0.705448,ITA,FIN,842951
2680529,114,74,8935,2007,3559424.0,0.0,2.313259,0.186703,JPN,FIN,842951
2680530,115,74,8935,2007,0.0,8714293.0,-0.171218,-0.630279,KAZ,FIN,842951
2680531,117,74,8935,2007,0.0,338612.0,-0.190437,-0.23665999999999998,KGZ,FIN,842951
2680532,121,74,8935,2007,1540077.0,0.0,1.497359,0.726637,KOR,FIN,842951
2680533,130,74,8935,2007,0.0,8741.0,0.604169,1.279982,LTU,FIN,842951
2680534,131,74,8935,2007,0.0,37684.0,1.390259,0.996566,LUX,FIN,842951
2680535,132,74,8935,2007,0.0,404051.0,0.61459,0.985358,LVA,FIN,842951
2680536,134,74,8935,2007,0.0,273605.0,-0.5846560000000001,0.10927100000000001,MAR,FIN,842951
2680537,138,74,8935,2007,0.0,8350587.0,1.044746,0.605246,MEX,FIN,842951
2680538,145,74,8935,2007,0.0,744884.0,-1.0688790000000001,-1.1115709999999999,MNG,FIN,842951
2680539,162,74,8935,2007,5848407.0,1215627.0,1.089169,1.589641,NLD,FIN,842951
2680540,163,74,8935,2007,388511.0,3190186.0,0.9829100000000001,0.100995,NOR,FIN,842951
2680541,166,74,8935,2007,0.0,872645.0,0.495938,0.845825,NZL,FIN,842951
2680542,168,74,8935,2007,0.0,20919.0,-0.5594359999999999,0.47369300000000003,PAK,FIN,842951
2680543,173,74,8935,2007,0.0,1509200.0,-0.49716099999999996,0.02556,PER,FIN,842951
2680544,174,74,8935,2007,0.0,705190.0,0.032117,-0.16600499999999999,PHL,FIN,842951
2680545,177,74,8935,2007,65622.0,13258395.0,1.0412139999999999,1.309641,POL,FIN,842951
2680546,178,74,8935,2007,50740.0,0.0,0.799712,0.8789370000000001,PRK,FIN,842951
2680547,179,74,8935,2007,0.0,2450528.0,0.621302,1.971656,PRT,FIN,842951
2680548,185,74,8935,2007,0.0,6263.0,0.69445,1.223747,ROU,FIN,842951
2680549,186,74,8935,2007,144335.0,25577690.0,0.5576399999999999,-0.05382000000000001,RUS,FIN,842951
2680550,192,74,8935,2007,78764.0,257388.0,1.608299,0.545791,SGP,FIN,842951
2680551,201,74,8935,2007,0.0,96584.0,0.579288,1.464123,SRB,FIN,842951
2680552,206,74,8935,2007,0.0,3610.0,1.358301,0.79655,SVK,FIN,842951
2680553,208,74,8935,2007,16616508.0,9033004.0,1.927244,0.498241,SWE,FIN,842951
2680554,224,74,8935,2007,0.0,13434.0,0.41396700000000003,2.0339869999999998,TUR,FIN,842951
2680555,226,74,8935,2007,0.0,1444708.0,-0.8493959999999999,0.47116099999999994,TZA,FIN,842951
2680556,228,74,8935,2007,0.0,2372810.0,0.7441760000000001,0.8681260000000001,UKR,FIN,842951
2680557,231,74,8935,2007,6131891.0,4910322.0,1.612165,0.0922,USA,FIN,842951
2680558,246,74,8935,2007,0.0,9628929.0,0.349792,1.246052,ZAF,FIN,842951
2680559,247,74,8935,2007,0.0,3594340.0,-0.522838,-0.796874,ZMB,FIN,842951
2680560,248,74,8935,2007,0.0,1765684.0,-0.5271399999999999,-0.47033800000000003,ZWE,FIN,842951
2680561,2,77,8935,2007,0.0,57259.0,-1.6925709999999998,-1.1987290000000002,AGO,FRA,842951
2680562,4,77,8935,2007,0.0,386400.0,-0.20616700000000002,-0.016993,ALB,FRA,842951
2680563,5,77,8935,2007,35724.0,82688.0,1.178982,0.778379,AND,FRA,842951
2680564,6,77,8935,2007,0.0,732503.0,0.305773,-0.504676,ANT,FRA,842951
2680565,7,77,8935,2007,0.0,210452.0,-0.107504,-0.44744300000000004,ARE,FRA,842951
2680566,9,77,8935,2007,0.0,890528.0,0.7169,-0.019251,ARM,FRA,842951
2680567,14,77,8935,2007,0.0,1232411.0,0.137686,0.451592,AUS,FRA,842951
2680568,15,77,8935,2007,46045404.0,1640877.0,1.730088,-0.045543,AUT,FRA,842951
2680569,16,77,8935,2007,0.0,57948.0,-0.897342,-1.174224,AZE,FRA,842951
2680570,18,77,8935,2007,113349488.0,9946972.0,1.2880479999999999,1.145724,BEL,FRA,842951
2680571,19,77,8935,2007,0.0,625035.0,-1.055882,-0.880178,BEN,FRA,842951
2680572,21,77,8935,2007,0.0,496493.0,-0.960893,-0.94458,BFA,FRA,842951
2680573,23,77,8935,2007,0.0,935950.0,0.43321899999999997,1.5696700000000001,BGR,FRA,842951
2680574,26,77,8935,2007,0.0,95036.0,0.46303199999999994,0.596178,BIH,FRA,842951
2680575,28,77,8935,2007,0.0,13211.0,1.0435889999999999,0.415603,BLR,FRA,842951
2680576,31,77,8935,2007,0.0,301205.0,-1.021595,-0.955375,BOL,FRA,842951
2680577,32,77,8935,2007,281788.0,0.0,0.582859,1.137225,BRA,FRA,842951
2680578,37,77,8935,2007,0.0,122817.0,-0.8557239999999999,-1.1712989999999999,BWA,FRA,842951
2680579,39,77,8935,2007,238791.0,5860464.0,0.77681,1.20517,CAN,FRA,842951
2680580,41,77,8935,2007,1359405.0,3617302.0,2.0198080000000003,0.42277200000000004,CHE,FRA,842951
2680581,42,77,8935,2007,207536.0,0.0,-0.306846,-0.57431,CHL,FRA,842951
2680582,43,77,8935,2007,396001.0,549259.0,0.801547,2.321052,CHN,FRA,842951
2680583,44,77,8935,2007,0.0,944096.0,-0.9989110000000001,-0.867232,CIV,FRA,842951
2680584,45,77,8935,2007,36866.0,1733800.0,-0.821623,-0.965601,CMR,FRA,842951
2680585,46,77,8935,2007,0.0,13722.0,-1.507664,-1.111844,COD,FRA,842951
2680586,47,77,8935,2007,0.0,1529126.0,-1.88462,-1.22688,COG,FRA,842951
2680587,49,77,8935,2007,0.0,122835.0,0.118341,0.557699,COL,FRA,842951
2680588,59,77,8935,2007,1573627.0,698752.0,1.620377,0.379404,CZE,FRA,842951
2680589,61,77,8935,2007,122067296.0,21977974.0,2.114566,-2.934732,DEU,FRA,842951
2680590,64,77,8935,2007,713098.0,1490630.0,1.204019,1.122666,DNK,FRA,842951
2680591,66,77,8935,2007,0.0,74462672.0,-0.9822690000000001,-1.170282,DZA,FRA,842951
2680592,68,77,8935,2007,0.0,1794492.0,-0.144054,0.663592,EGY,FRA,842951
2680593,71,77,8935,2007,583237.0,8344190.0,0.914681,2.027797,ESP,FRA,842951
2680594,72,77,8935,2007,0.0,243523.0,0.746434,1.306397,EST,FRA,842951
2680595,73,77,8935,2007,0.0,246578.0,-1.115917,-0.821652,ETH,FRA,842951
2680596,74,77,8935,2007,1983336.0,2952004.0,1.865502,0.7737729999999999,FIN,FRA,842951
2680597,80,77,8935,2007,1052779.0,3713088.0,-1.328633,-1.165045,GAB,FRA,842951
2680598,81,77,8935,2007,36376616.0,11000906.0,1.718661,0.35525300000000004,GBR,FRA,842951
2680599,82,77,8935,2007,432352.0,7331.0,0.016077,-0.386962,GEO,FRA,842951
2680600,83,77,8935,2007,7902.0,44435.0,-0.906867,-0.565891,GHA,FRA,842951
2680601,85,77,8935,2007,0.0,149884.0,-1.694335,-1.230744,GIN,FRA,842951
2680602,87,77,8935,2007,0.0,1073.0,-0.8336680000000001,-0.8261860000000001,GMB,FRA,842951
2680603,89,77,8935,2007,0.0,440476.0,-1.406911,-0.8466950000000001,GNQ,FRA,842951
2680604,90,77,8935,2007,0.0,2309585.0,0.348709,1.674567,GRC,FRA,842951
2680605,99,77,8935,2007,0.0,457565.0,-0.6366,-0.327447,HND,FRA,842951
2680606,100,77,8935,2007,0.0,122348.0,0.7799699999999999,1.1047850000000001,HRV,FRA,842951
2680607,102,77,8935,2007,699148.0,344634.0,1.4887709999999998,0.78372,HUN,FRA,842951
2680608,103,77,8935,2007,16991.0,0.0,-0.192415,1.497962,IDN,FRA,842951
2680609,104,77,8935,2007,1393116.0,1226086.0,0.279475,2.7514939999999997,IND,FRA,842951
2680610,106,77,8935,2007,1411838.0,418086.0,1.353146,0.122832,IRL,FRA,842951
2680611,107,77,8935,2007,0.0,48027.0,-0.797659,-1.048892,IRN,FRA,842951
2680612,109,77,8935,2007,0.0,65456.0,0.172786,-0.380266,ISL,FRA,842951
2680613,110,77,8935,2007,463447.0,551418.0,1.092244,0.753984,ISR,FRA,842951
2680614,111,77,8935,2007,34142436.0,19520562.0,1.3003559999999998,0.705448,ITA,FRA,842951
2680615,112,77,8935,2007,0.0,60342.0,-0.466305,-0.971972,JAM,FRA,842951
2680616,114,77,8935,2007,2551984.0,644719.0,2.313259,0.186703,JPN,FRA,842951
2680617,115,77,8935,2007,0.0,133082.0,-0.171218,-0.630279,KAZ,FRA,842951
2680618,116,77,8935,2007,102440.0,257329.0,-0.44365299999999996,0.858692,KEN,FRA,842951
2680619,117,77,8935,2007,0.0,81287.0,-0.190437,-0.23665999999999998,KGZ,FRA,842951
2680620,121,77,8935,2007,8325404.0,257527.0,1.497359,0.726637,KOR,FRA,842951
2680621,122,77,8935,2007,0.0,236526.0,-0.8265030000000001,-1.166243,KWT,FRA,842951
2680622,124,77,8935,2007,0.0,1236205.0,0.47468,1.775191,LBN,FRA,842951
2680623,126,77,8935,2007,0.0,328905.0,-0.8669959999999999,-1.167363,LBY,FRA,842951
2680624,130,77,8935,2007,0.0,36117.0,0.604169,1.279982,LTU,FRA,842951
2680625,131,77,8935,2007,285235.0,677466.0,1.390259,0.996566,LUX,FRA,842951
2680626,132,77,8935,2007,0.0,713776.0,0.61459,0.985358,LVA,FRA,842951
2680627,133,77,8935,2007,0.0,4999.0,0.168528,-0.150411,MAC,FRA,842951
2680628,134,77,8935,2007,5298.0,13839695.0,-0.5846560000000001,0.10927100000000001,MAR,FRA,842951
2680629,136,77,8935,2007,0.0,179967.0,-0.939838,-0.221205,MDG,FRA,842951
2680630,138,77,8935,2007,0.0,398195.0,1.044746,0.605246,MEX,FRA,842951
2680631,140,77,8935,2007,0.0,220844.0,-0.125912,-0.009395,MKD,FRA,842951
2680632,141,77,8935,2007,196632.0,274848.0,-0.672822,-0.687913,MLI,FRA,842951
2680633,144,77,8935,2007,0.0,4658.0,0.250006,-0.154908,MNE,FRA,842951
2680634,148,77,8935,2007,0.0,423378.0,-2.027741,-1.311094,MRT,FRA,842951
2680635,151,77,8935,2007,0.0,45037.0,-0.342957,-0.129114,MUS,FRA,842951
2680636,153,77,8935,2007,0.0,15289.0,0.740788,0.302155,MYS,FRA,842951
2680637,154,77,8935,2007,0.0,959454.0,0.9008879999999999,-0.209565,MYT,FRA,842951
2680638,156,77,8935,2007,0.0,2907433.0,-0.075892,-0.8211430000000001,NCL,FRA,842951
2680639,157,77,8935,2007,530651.0,1997744.0,-0.287155,-0.577325,NER,FRA,842951
2680640,159,77,8935,2007,0.0,1011021.0,-1.746879,-1.20823,NGA,FRA,842951
2680641,160,77,8935,2007,0.0,7997.0,-0.924162,-0.857508,NIC,FRA,842951
2680642,162,77,8935,2007,9408564.0,5794506.0,1.089169,1.589641,NLD,FRA,842951
2680643,163,77,8935,2007,0.0,218308.0,0.9829100000000001,0.100995,NOR,FRA,842951
2680644,166,77,8935,2007,0.0,107921.0,0.495938,0.845825,NZL,FRA,842951
2680645,167,77,8935,2007,0.0,130717.0,-0.5185310000000001,-1.071832,OMN,FRA,842951
2680646,168,77,8935,2007,0.0,6345.0,-0.5594359999999999,0.47369300000000003,PAK,FRA,842951
2680647,169,77,8935,2007,0.0,432096.0,0.36233899999999997,0.807669,PAN,FRA,842951
2680648,173,77,8935,2007,0.0,110005.0,-0.49716099999999996,0.02556,PER,FRA,842951
2680649,174,77,8935,2007,84131.0,1007954.0,0.032117,-0.16600499999999999,PHL,FRA,842951
2680650,177,77,8935,2007,14559546.0,6147372.0,1.0412139999999999,1.309641,POL,FRA,842951
2680651,179,77,8935,2007,370332.0,3587321.0,0.621302,1.971656,PRT,FRA,842951
2680652,182,77,8935,2007,0.0,177772.0,-0.72809,-0.9329620000000001,PYF,FRA,842951
2680653,183,77,8935,2007,0.0,227385.0,0.20181500000000002,-0.9898110000000001,QAT,FRA,842951
2680654,185,77,8935,2007,0.0,1263122.0,0.69445,1.223747,ROU,FRA,842951
2680655,186,77,8935,2007,0.0,2130433.0,0.5576399999999999,-0.05382000000000001,RUS,FRA,842951
2680656,188,77,8935,2007,0.0,318876.0,0.367463,-0.8603709999999999,SAU,FRA,842951
2680657,191,77,8935,2007,0.0,888818.0,-0.20343599999999998,0.27211199999999997,SEN,FRA,842951
2680658,194,77,8935,2007,0.0,72727.0,1.208618,-0.183449,SHN,FRA,842951
2680659,200,77,8935,2007,0.0,4117.0,-0.995914,-0.91112,SPM,FRA,842951
2680660,201,77,8935,2007,0.0,231455.0,0.579288,1.464123,SRB,FRA,842951
2680661,205,77,8935,2007,1098.0,172609.0,-0.8506440000000001,-0.8898959999999999,SUR,FRA,842951
2680662,206,77,8935,2007,0.0,345123.0,1.358301,0.79655,SVK,FRA,842951
2680663,207,77,8935,2007,0.0,347675.0,1.605767,0.692926,SVN,FRA,842951
2680664,208,77,8935,2007,50936504.0,1314178.0,1.927244,0.498241,SWE,FRA,842951
2680665,212,77,8935,2007,0.0,340423.0,-0.46851899999999996,0.553396,SYR,FRA,842951
2680666,214,77,8935,2007,0.0,241507.0,-2.544742,-0.928218,TCD,FRA,842951
2680667,215,77,8935,2007,0.0,66868.0,-0.78689,-0.806879,TGO,FRA,842951
2680668,216,77,8935,2007,0.0,98245.0,0.711328,1.411114,THA,FRA,842951
2680669,219,77,8935,2007,0.0,104287.0,-1.16715,-1.213064,TKM,FRA,842951
2680670,223,77,8935,2007,150417.0,3167052.0,0.062824,0.74003,TUN,FRA,842951
2680671,224,77,8935,2007,1541901.0,2904618.0,0.41396700000000003,2.0339869999999998,TUR,FRA,842951
2680672,228,77,8935,2007,0.0,41295.0,0.7441760000000001,0.8681260000000001,UKR,FRA,842951
2680673,230,77,8935,2007,0.0,152236.0,0.184883,0.207788,URY,FRA,842951
2680674,231,77,8935,2007,32386084.0,62799616.0,1.612165,0.0922,USA,FRA,842951
2680675,236,77,8935,2007,0.0,34494.0,-0.231215,-0.9839200000000001,VEN,FRA,842951
2680676,239,77,8935,2007,3117.0,0.0,-0.335613,1.048849,VNM,FRA,842951
2680677,240,77,8935,2007,36286.0,0.0,-1.187885,-0.993107,VUT,FRA,842951
2680678,243,77,8935,2007,0.0,167139.0,-1.2624600000000001,-1.2131290000000001,YEM,FRA,842951
2680679,246,77,8935,2007,111401.0,1669027.0,0.349792,1.246052,ZAF,FRA,842951
2680680,247,77,8935,2007,34722.0,23545.0,-0.522838,-0.796874,ZMB,FRA,842951
2680681,248,77,8935,2007,0.0,525544.0,-0.5271399999999999,-0.47033800000000003,ZWE,FRA,842951
2680682,249,77,8935,2007,0.0,11095.0,1.651607,0.974649,TWN,FRA,842951
2680683,250,77,8935,2007,267573.0,0.0,0.671936,-0.284418,ANS,FRA,842951
2680684,1,81,8935,2007,0.0,113012.0,-0.745981,-0.682003,AFG,GBR,842951
2680685,2,81,8935,2007,0.0,4315727.0,-1.6925709999999998,-1.1987290000000002,AGO,GBR,842951
2680686,4,81,8935,2007,0.0,23732.0,-0.20616700000000002,-0.016993,ALB,GBR,842951
2680687,7,81,8935,2007,88894.0,13455010.0,-0.107504,-0.44744300000000004,ARE,GBR,842951
2680688,8,81,8935,2007,0.0,691127.0,0.178214,0.5093850000000001,ARG,GBR,842951
2680689,9,81,8935,2007,0.0,48421.0,0.7169,-0.019251,ARM,GBR,842951
2680690,13,81,8935,2007,0.0,69722.0,0.5574899999999999,-0.125609,ATG,GBR,842951
2680691,14,81,8935,2007,2006517.0,15755095.0,0.137686,0.451592,AUS,GBR,842951
2680692,15,81,8935,2007,11243222.0,13172537.0,1.730088,-0.045543,AUT,GBR,842951
2680693,16,81,8935,2007,0.0,3078104.0,-0.897342,-1.174224,AZE,GBR,842951
2680694,18,81,8935,2007,78282352.0,9633808.0,1.2880479999999999,1.145724,BEL,GBR,842951
2680695,19,81,8935,2007,0.0,356232.0,-1.055882,-0.880178,BEN,GBR,842951
2680696,21,81,8935,2007,0.0,86910.0,-0.960893,-0.94458,BFA,GBR,842951
2680697,22,81,8935,2007,0.0,144572.0,-0.9436469999999999,-0.7200310000000001,BGD,GBR,842951
2680698,23,81,8935,2007,0.0,342498.0,0.43321899999999997,1.5696700000000001,BGR,GBR,842951
2680699,24,81,8935,2007,0.0,568819.0,0.500846,-0.845449,BHR,GBR,842951
2680700,26,81,8935,2007,0.0,1468836.0,0.46303199999999994,0.596178,BIH,GBR,842951
2680701,28,81,8935,2007,0.0,309445.0,1.0435889999999999,0.415603,BLR,GBR,842951
2680702,31,81,8935,2007,0.0,81533.0,-1.021595,-0.955375,BOL,GBR,842951
2680703,32,81,8935,2007,1369282.0,584018.0,0.582859,1.137225,BRA,GBR,842951
2680704,33,81,8935,2007,0.0,327862.0,1.006332,0.680391,BRB,GBR,842951
2680705,39,81,8935,2007,147544.0,732702.0,0.77681,1.20517,CAN,GBR,842951
2680706,41,81,8935,2007,0.0,2648406.0,2.0198080000000003,0.42277200000000004,CHE,GBR,842951
2680707,42,81,8935,2007,0.0,2475835.0,-0.306846,-0.57431,CHL,GBR,842951
2680708,43,81,8935,2007,2853983.0,462258.0,0.801547,2.321052,CHN,GBR,842951
2680709,44,81,8935,2007,0.0,21913.0,-0.9989110000000001,-0.867232,CIV,GBR,842951
2680710,45,81,8935,2007,0.0,257558.0,-0.821623,-0.965601,CMR,GBR,842951
2680711,47,81,8935,2007,0.0,100627.0,-1.88462,-1.22688,COG,GBR,842951
2680712,49,81,8935,2007,0.0,827186.0,0.118341,0.557699,COL,GBR,842951
2680713,52,81,8935,2007,0.0,164916.0,0.001895,-0.30248600000000003,CRI,GBR,842951
2680714,58,81,8935,2007,0.0,1575356.0,0.887351,0.426331,CYP,GBR,842951
2680715,59,81,8935,2007,172810.0,5269265.0,1.620377,0.379404,CZE,GBR,842951
2680716,61,81,8935,2007,62719944.0,101990712.0,2.114566,-2.934732,DEU,GBR,842951
2680717,62,81,8935,2007,0.0,50068.0,-1.111848,-0.983348,DJI,GBR,842951
2680718,64,81,8935,2007,538077.0,7773872.0,1.204019,1.122666,DNK,GBR,842951
2680719,65,81,8935,2007,0.0,472031.0,-0.228756,0.004222,DOM,GBR,842951
2680720,66,81,8935,2007,0.0,712416.0,-0.9822690000000001,-1.170282,DZA,GBR,842951
2680721,67,81,8935,2007,0.0,573229.0,-0.820491,-0.8557879999999999,ECU,GBR,842951
2680722,68,81,8935,2007,0.0,4316342.0,-0.144054,0.663592,EGY,GBR,842951
2680723,71,81,8935,2007,1014227.0,25947602.0,0.914681,2.027797,ESP,GBR,842951
2680724,72,81,8935,2007,0.0,1922293.0,0.746434,1.306397,EST,GBR,842951
2680725,73,81,8935,2007,0.0,649400.0,-1.115917,-0.821652,ETH,GBR,842951
2680726,74,81,8935,2007,0.0,9738755.0,1.865502,0.7737729999999999,FIN,GBR,842951
2680727,77,81,8935,2007,11000906.0,36376616.0,1.4565350000000001,0.262845,FRA,GBR,842951
2680728,78,81,8935,2007,0.0,34467.0,-0.308363,-0.7707510000000001,FRO,GBR,842951
2680729,80,81,8935,2007,0.0,244732.0,-1.328633,-1.165045,GAB,GBR,842951
2680730,82,81,8935,2007,0.0,71343.0,0.016077,-0.386962,GEO,GBR,842951
2680731,83,81,8935,2007,0.0,696894.0,-0.906867,-0.565891,GHA,GBR,842951
2680732,84,81,8935,2007,0.0,68292.0,0.794616,-0.287001,GIB,GBR,842951
2680733,85,81,8935,2007,0.0,469693.0,-1.694335,-1.230744,GIN,GBR,842951
2680734,90,81,8935,2007,0.0,3319716.0,0.348709,1.674567,GRC,GBR,842951
2680735,91,81,8935,2007,0.0,75705.0,0.043229000000000004,-0.664795,GRD,GBR,842951
2680736,93,81,8935,2007,0.0,234130.0,-0.261899,0.643437,GTM,GBR,842951
2680737,96,81,8935,2007,0.0,164475.0,-0.889957,-0.873185,GUY,GBR,842951
2680738,97,81,8935,2007,100751.0,168964.0,0.639034,2.1086009999999997,HKG,GBR,842951
2680739,99,81,8935,2007,0.0,116058.0,-0.6366,-0.327447,HND,GBR,842951
2680740,100,81,8935,2007,90128.0,14961929.0,0.7799699999999999,1.1047850000000001,HRV,GBR,842951
2680741,102,81,8935,2007,355462.0,2151130.0,1.4887709999999998,0.78372,HUN,GBR,842951
2680742,103,81,8935,2007,0.0,797364.0,-0.192415,1.497962,IDN,GBR,842951
2680743,104,81,8935,2007,0.0,1632143.0,0.279475,2.7514939999999997,IND,GBR,842951
2680744,106,81,8935,2007,6353450.0,32641806.0,1.353146,0.122832,IRL,GBR,842951
2680745,107,81,8935,2007,0.0,263245.0,-0.797659,-1.048892,IRN,GBR,842951
2680746,108,81,8935,2007,0.0,124294.0,-1.961053,-0.8849969999999999,IRQ,GBR,842951
2680747,109,81,8935,2007,0.0,445300.0,0.172786,-0.380266,ISL,GBR,842951
2680748,110,81,8935,2007,540460.0,833922.0,1.092244,0.753984,ISR,GBR,842951
2680749,111,81,8935,2007,10662607.0,32088748.0,1.3003559999999998,0.705448,ITA,GBR,842951
2680750,112,81,8935,2007,0.0,177649.0,-0.466305,-0.971972,JAM,GBR,842951
2680751,113,81,8935,2007,0.0,2896493.0,0.228433,0.5984550000000001,JOR,GBR,842951
2680752,114,81,8935,2007,16772834.0,14293324.0,2.313259,0.186703,JPN,GBR,842951
2680753,115,81,8935,2007,0.0,2479275.0,-0.171218,-0.630279,KAZ,GBR,842951
2680754,116,81,8935,2007,0.0,410050.0,-0.44365299999999996,0.858692,KEN,GBR,842951
2680755,117,81,8935,2007,0.0,239054.0,-0.190437,-0.23665999999999998,KGZ,GBR,842951
2680756,118,81,8935,2007,0.0,22568.0,-1.1822489999999999,-1.129066,KHM,GBR,842951
2680757,120,81,8935,2007,0.0,68870.0,1.21646,-0.190821,KNA,GBR,842951
2680758,121,81,8935,2007,20112344.0,169489.0,1.497359,0.726637,KOR,GBR,842951
2680759,122,81,8935,2007,0.0,417386.0,-0.8265030000000001,-1.166243,KWT,GBR,842951
2680760,124,81,8935,2007,0.0,616350.0,0.47468,1.775191,LBN,GBR,842951
2680761,125,81,8935,2007,0.0,1986220.0,-0.866643,-1.124112,LBR,GBR,842951
2680762,126,81,8935,2007,0.0,828774.0,-0.8669959999999999,-1.167363,LBY,GBR,842951
2680763,127,81,8935,2007,0.0,285224.0,0.7445430000000001,-0.187834,LCA,GBR,842951
2680764,128,81,8935,2007,0.0,825842.0,-0.568577,0.364717,LKA,GBR,842951
2680765,130,81,8935,2007,0.0,1854990.0,0.604169,1.279982,LTU,GBR,842951
2680766,132,81,8935,2007,0.0,2741814.0,0.61459,0.985358,LVA,GBR,842951
2680767,133,81,8935,2007,0.0,4047.0,0.168528,-0.150411,MAC,GBR,842951
2680768,134,81,8935,2007,0.0,885909.0,-0.5846560000000001,0.10927100000000001,MAR,GBR,842951
2680769,135,81,8935,2007,0.0,43069.0,0.147801,0.13758299999999998,MDA,GBR,842951
2680770,138,81,8935,2007,0.0,9568062.0,1.044746,0.605246,MEX,GBR,842951
2680771,140,81,8935,2007,0.0,479106.0,-0.125912,-0.009395,MKD,GBR,842951
2680772,141,81,8935,2007,0.0,344805.0,-0.672822,-0.687913,MLI,GBR,842951
2680773,142,81,8935,2007,0.0,486075.0,1.184569,-0.046376,MLT,GBR,842951
2680774,144,81,8935,2007,0.0,525974.0,0.250006,-0.154908,MNE,GBR,842951
2680775,145,81,8935,2007,0.0,219356.0,-1.0688790000000001,-1.1115709999999999,MNG,GBR,842951
2680776,147,81,8935,2007,0.0,37675.0,-1.4703110000000001,-1.1915719999999999,MOZ,GBR,842951
2680777,148,81,8935,2007,0.0,18717.0,-2.027741,-1.311094,MRT,GBR,842951
2680778,149,81,8935,2007,0.0,79893.0,0.952257,-0.31153800000000004,MSR,GBR,842951
2680779,151,81,8935,2007,0.0,1987.0,-0.342957,-0.129114,MUS,GBR,842951
2680780,152,81,8935,2007,0.0,5865.0,-1.348692,-1.134002,MWI,GBR,842951
2680781,153,81,8935,2007,2034326.0,652209.0,0.740788,0.302155,MYS,GBR,842951
2680782,154,81,8935,2007,0.0,263158.0,0.9008879999999999,-0.209565,MYT,GBR,842951
2680783,155,81,8935,2007,0.0,164715.0,-0.588953,-0.751722,NAM,GBR,842951
2680784,156,81,8935,2007,0.0,104944.0,-0.075892,-0.8211430000000001,NCL,GBR,842951
2680785,159,81,8935,2007,0.0,2737975.0,-1.746879,-1.20823,NGA,GBR,842951
2680786,162,81,8935,2007,5889414.0,20251278.0,1.089169,1.589641,NLD,GBR,842951
2680787,163,81,8935,2007,62184.0,8547682.0,0.9829100000000001,0.100995,NOR,GBR,842951
2680788,166,81,8935,2007,93104.0,1261019.0,0.495938,0.845825,NZL,GBR,842951
2680789,167,81,8935,2007,0.0,1139470.0,-0.5185310000000001,-1.071832,OMN,GBR,842951
2680790,168,81,8935,2007,0.0,1505378.0,-0.5594359999999999,0.47369300000000003,PAK,GBR,842951
2680791,169,81,8935,2007,0.0,262515.0,0.36233899999999997,0.807669,PAN,GBR,842951
2680792,173,81,8935,2007,0.0,486210.0,-0.49716099999999996,0.02556,PER,GBR,842951
2680793,174,81,8935,2007,0.0,75495.0,0.032117,-0.16600499999999999,PHL,GBR,842951
2680794,176,81,8935,2007,0.0,245241.0,-1.947486,-1.284269,PNG,GBR,842951
2680795,177,81,8935,2007,5855960.0,42502388.0,1.0412139999999999,1.309641,POL,GBR,842951
2680796,179,81,8935,2007,355296.0,1002409.0,0.621302,1.971656,PRT,GBR,842951
2680797,182,81,8935,2007,0.0,625578.0,-0.72809,-0.9329620000000001,PYF,GBR,842951
2680798,183,81,8935,2007,0.0,2941429.0,0.20181500000000002,-0.9898110000000001,QAT,GBR,842951
2680799,185,81,8935,2007,0.0,1422359.0,0.69445,1.223747,ROU,GBR,842951
2680800,186,81,8935,2007,0.0,108501544.0,0.5576399999999999,-0.05382000000000001,RUS,GBR,842951
2680801,188,81,8935,2007,0.0,5295921.0,0.367463,-0.8603709999999999,SAU,GBR,842951
2680802,190,81,8935,2007,0.0,100345.0,-1.978359,-1.316172,SDN,GBR,842951
2680803,191,81,8935,2007,0.0,495074.0,-0.20343599999999998,0.27211199999999997,SEN,GBR,842951
2680804,192,81,8935,2007,4036180.0,648331.0,1.608299,0.545791,SGP,GBR,842951
2680805,194,81,8935,2007,0.0,40755.0,1.208618,-0.183449,SHN,GBR,842951
2680806,196,81,8935,2007,0.0,1248685.0,-0.021377,-0.31765,SLE,GBR,842951
2680807,201,81,8935,2007,0.0,7957350.0,0.579288,1.464123,SRB,GBR,842951
2680808,205,81,8935,2007,0.0,68613.0,-0.8506440000000001,-0.8898959999999999,SUR,GBR,842951
2680809,206,81,8935,2007,0.0,13970910.0,1.358301,0.79655,SVK,GBR,842951
2680810,207,81,8935,2007,0.0,498838.0,1.605767,0.692926,SVN,GBR,842951
2680811,208,81,8935,2007,62059532.0,19124394.0,1.927244,0.498241,SWE,GBR,842951
2680812,211,81,8935,2007,0.0,29056.0,-0.644497,-0.8748520000000001,SYC,GBR,842951
2680813,212,81,8935,2007,0.0,42935.0,-0.46851899999999996,0.553396,SYR,GBR,842951
2680814,216,81,8935,2007,100894.0,1189892.0,0.711328,1.411114,THA,GBR,842951
2680815,222,81,8935,2007,0.0,1886302.0,-0.371347,-1.0536709999999998,TTO,GBR,842951
2680816,223,81,8935,2007,0.0,150290.0,0.062824,0.74003,TUN,GBR,842951
2680817,224,81,8935,2007,403498.0,9396289.0,0.41396700000000003,2.0339869999999998,TUR,GBR,842951
2680818,226,81,8935,2007,0.0,384559.0,-0.8493959999999999,0.47116099999999994,TZA,GBR,842951
2680819,227,81,8935,2007,0.0,12271.0,-0.900559,-0.42071400000000003,UGA,GBR,842951
2680820,228,81,8935,2007,0.0,19219682.0,0.7441760000000001,0.8681260000000001,UKR,GBR,842951
2680821,230,81,8935,2007,0.0,838737.0,0.184883,0.207788,URY,GBR,842951
2680822,231,81,8935,2007,32605662.0,27830748.0,1.612165,0.0922,USA,GBR,842951
2680823,236,81,8935,2007,0.0,1427719.0,-0.231215,-0.9839200000000001,VEN,GBR,842951
2680824,243,81,8935,2007,0.0,72868.0,-1.2624600000000001,-1.2131290000000001,YEM,GBR,842951
2680825,246,81,8935,2007,289202.0,28943116.0,0.349792,1.246052,ZAF,GBR,842951
2680826,247,81,8935,2007,0.0,19747936.0,-0.522838,-0.796874,ZMB,GBR,842951
2680827,248,81,8935,2007,0.0,74568.0,-0.5271399999999999,-0.47033800000000003,ZWE,GBR,842951
2680828,249,81,8935,2007,93247.0,65123.0,1.651607,0.974649,TWN,GBR,842951
2680829,4,90,8935,2007,180863.0,122158.0,-0.20616700000000002,-0.016993,ALB,GRC,842951
2680830,7,90,8935,2007,0.0,35803.0,-0.107504,-0.44744300000000004,ARE,GRC,842951
2680831,15,90,8935,2007,1623095.0,0.0,1.730088,-0.045543,AUT,GRC,842951
2680832,18,90,8935,2007,11097500.0,207455.0,1.2880479999999999,1.145724,BEL,GRC,842951
2680833,23,90,8935,2007,26292.0,1169145.0,0.43321899999999997,1.5696700000000001,BGR,GRC,842951
2680834,39,90,8935,2007,171393.0,0.0,0.77681,1.20517,CAN,GRC,842951
2680835,41,90,8935,2007,658847.0,0.0,2.0198080000000003,0.42277200000000004,CHE,GRC,842951
2680836,43,90,8935,2007,491994.0,0.0,0.801547,2.321052,CHN,GRC,842951
2680837,58,90,8935,2007,0.0,9931.0,0.887351,0.426331,CYP,GRC,842951
2680838,59,90,8935,2007,230761.0,0.0,1.620377,0.379404,CZE,GRC,842951
2680839,61,90,8935,2007,12704245.0,360683.0,2.114566,-2.934732,DEU,GRC,842951
2680840,64,90,8935,2007,456814.0,0.0,1.204019,1.122666,DNK,GRC,842951
2680841,68,90,8935,2007,0.0,12866.0,-0.144054,0.663592,EGY,GRC,842951
2680842,71,90,8935,2007,231597.0,0.0,0.914681,2.027797,ESP,GRC,842951
2680843,74,90,8935,2007,692207.0,0.0,1.865502,0.7737729999999999,FIN,GRC,842951
2680844,77,90,8935,2007,2309585.0,0.0,1.4565350000000001,0.262845,FRA,GRC,842951
2680845,81,90,8935,2007,3319716.0,0.0,1.718661,0.35525300000000004,GBR,GRC,842951
2680846,83,90,8935,2007,0.0,51421.0,-0.906867,-0.565891,GHA,GRC,842951
2680847,106,90,8935,2007,470209.0,0.0,1.353146,0.122832,IRL,GRC,842951
2680848,110,90,8935,2007,787929.0,0.0,1.092244,0.753984,ISR,GRC,842951
2680849,111,90,8935,2007,7896664.0,64798.0,1.3003559999999998,0.705448,ITA,GRC,842951
2680850,113,90,8935,2007,0.0,2075.0,0.228433,0.5984550000000001,JOR,GRC,842951
2680851,114,90,8935,2007,675637.0,0.0,2.313259,0.186703,JPN,GRC,842951
2680852,121,90,8935,2007,106030.0,0.0,1.497359,0.726637,KOR,GRC,842951
2680853,124,90,8935,2007,0.0,10618.0,0.47468,1.775191,LBN,GRC,842951
2680854,126,90,8935,2007,0.0,111948.0,-0.8669959999999999,-1.167363,LBY,GRC,842951
2680855,130,90,8935,2007,0.0,26710.0,0.604169,1.279982,LTU,GRC,842951
2680856,131,90,8935,2007,114779.0,0.0,1.390259,0.996566,LUX,GRC,842951
2680857,135,90,8935,2007,0.0,1970.0,0.147801,0.13758299999999998,MDA,GRC,842951
2680858,140,90,8935,2007,0.0,83845.0,-0.125912,-0.009395,MKD,GRC,842951
2680859,159,90,8935,2007,0.0,64396.0,-1.746879,-1.20823,NGA,GRC,842951
2680860,162,90,8935,2007,6625288.0,0.0,1.089169,1.589641,NLD,GRC,842951
2680861,163,90,8935,2007,11080.0,0.0,0.9829100000000001,0.100995,NOR,GRC,842951
2680862,177,90,8935,2007,31263.0,198347.0,1.0412139999999999,1.309641,POL,GRC,842951
2680863,179,90,8935,2007,89237.0,31225.0,0.621302,1.971656,PRT,GRC,842951
2680864,185,90,8935,2007,56944.0,856098.0,0.69445,1.223747,ROU,GRC,842951
2680865,201,90,8935,2007,0.0,89076.0,0.579288,1.464123,SRB,GRC,842951
2680866,207,90,8935,2007,52330.0,0.0,1.605767,0.692926,SVN,GRC,842951
2680867,208,90,8935,2007,551389.0,93876.0,1.927244,0.498241,SWE,GRC,842951
2680868,224,90,8935,2007,488876.0,0.0,0.41396700000000003,2.0339869999999998,TUR,GRC,842951
2680869,231,90,8935,2007,13694087.0,0.0,1.612165,0.0922,USA,GRC,842951
2680870,246,90,8935,2007,302388.0,0.0,0.349792,1.246052,ZAF,GRC,842951
2680871,33,91,8935,2007,31350.0,0.0,1.006332,0.680391,BRB,GRD,842951
2680872,81,91,8935,2007,75705.0,0.0,1.718661,0.35525300000000004,GBR,GRD,842951
2680873,231,91,8935,2007,122197.0,0.0,1.612165,0.0922,USA,GRD,842951
2680874,29,93,8935,2007,27290.0,16893.0,-0.17825,-0.562535,BLZ,GTM,842951
2680875,32,93,8935,2007,1187290.0,0.0,0.582859,1.137225,BRA,GTM,842951
2680876,39,93,8935,2007,13460.0,0.0,0.77681,1.20517,CAN,GTM,842951
2680877,43,93,8935,2007,8619.0,0.0,0.801547,2.321052,CHN,GTM,842951
2680878,49,93,8935,2007,0.0,74654.0,0.118341,0.557699,COL,GTM,842951
2680879,52,93,8935,2007,0.0,71229.0,0.001895,-0.30248600000000003,CRI,GTM,842951
2680880,61,93,8935,2007,7298.0,0.0,2.114566,-2.934732,DEU,GTM,842951
2680881,81,93,8935,2007,234130.0,0.0,1.718661,0.35525300000000004,GBR,GTM,842951
2680882,99,93,8935,2007,322138.0,637168.0,-0.6366,-0.327447,HND,GTM,842951
2680883,111,93,8935,2007,6005.0,0.0,1.3003559999999998,0.705448,ITA,GTM,842951
2680884,116,93,8935,2007,0.0,286550.0,-0.44365299999999996,0.858692,KEN,GTM,842951
2680885,121,93,8935,2007,1400434.0,0.0,1.497359,0.726637,KOR,GTM,842951
2680886,138,93,8935,2007,150102.0,0.0,1.044746,0.605246,MEX,GTM,842951
2680887,160,93,8935,2007,0.0,36923.0,-0.924162,-0.857508,NIC,GTM,842951
2680888,169,93,8935,2007,2286808.0,0.0,0.36233899999999997,0.807669,PAN,GTM,842951
2680889,197,93,8935,2007,191599.0,176016.0,-0.110573,0.184426,SLV,GTM,842951
2680890,231,93,8935,2007,6518764.0,0.0,1.612165,0.0922,USA,GTM,842951
2680891,2,96,8935,2007,0.0,81644.0,-1.6925709999999998,-1.1987290000000002,AGO,GUY,842951
2680892,39,96,8935,2007,98416.0,0.0,0.77681,1.20517,CAN,GUY,842951
2680893,43,96,8935,2007,1087141.0,0.0,0.801547,2.321052,CHN,GUY,842951
2680894,81,96,8935,2007,164475.0,0.0,1.718661,0.35525300000000004,GBR,GUY,842951
2680895,97,96,8935,2007,42670.0,0.0,0.639034,2.1086009999999997,HKG,GUY,842951
2680896,121,96,8935,2007,25977.0,0.0,1.497359,0.726637,KOR,GUY,842951
2680897,153,96,8935,2007,148505.0,0.0,0.740788,0.302155,MYS,GUY,842951
2680898,162,96,8935,2007,93578.0,0.0,1.089169,1.589641,NLD,GUY,842951
2680899,222,96,8935,2007,5724.0,2544.0,-0.371347,-1.0536709999999998,TTO,GUY,842951
2680900,231,96,8935,2007,615606.0,0.0,1.612165,0.0922,USA,GUY,842951
2680901,7,97,8935,2007,0.0,33054.0,-0.107504,-0.44744300000000004,ARE,HKG,842951
2680902,39,97,8935,2007,11998.0,0.0,0.77681,1.20517,CAN,HKG,842951
2680903,42,97,8935,2007,0.0,990.0,-0.306846,-0.57431,CHL,HKG,842951
2680904,43,97,8935,2007,369100.0,1101449.0,0.801547,2.321052,CHN,HKG,842951
2680905,68,97,8935,2007,0.0,29023.0,-0.144054,0.663592,EGY,HKG,842951
2680906,71,97,8935,2007,0.0,4701.0,0.914681,2.027797,ESP,HKG,842951
2680907,73,97,8935,2007,0.0,191171.0,-1.115917,-0.821652,ETH,HKG,842951
2680908,81,97,8935,2007,168964.0,100751.0,1.718661,0.35525300000000004,GBR,HKG,842951
2680909,96,97,8935,2007,0.0,42670.0,-0.889957,-0.873185,GUY,HKG,842951
2680910,102,97,8935,2007,0.0,18339.0,1.4887709999999998,0.78372,HUN,HKG,842951
2680911,107,97,8935,2007,0.0,5769.0,-0.797659,-1.048892,IRN,HKG,842951
2680912,114,97,8935,2007,1081936.0,0.0,2.313259,0.186703,JPN,HKG,842951
2680913,133,97,8935,2007,25786.0,480387.0,0.168528,-0.150411,MAC,HKG,842951
2680914,142,97,8935,2007,29380.0,0.0,1.184569,-0.046376,MLT,HKG,842951
2680915,145,97,8935,2007,0.0,3652.0,-1.0688790000000001,-1.1115709999999999,MNG,HKG,842951
2680916,151,97,8935,2007,0.0,31178.0,-0.342957,-0.129114,MUS,HKG,842951
2680917,162,97,8935,2007,0.0,5714.0,1.089169,1.589641,NLD,HKG,842951
2680918,168,97,8935,2007,0.0,19456.0,-0.5594359999999999,0.47369300000000003,PAK,HKG,842951
2680919,174,97,8935,2007,81976.0,0.0,0.032117,-0.16600499999999999,PHL,HKG,842951
2680920,192,97,8935,2007,30178.0,15420.0,1.608299,0.545791,SGP,HKG,842951
2680921,195,97,8935,2007,0.0,5990.0,-1.144843,-0.956784,SLB,HKG,842951
2680922,216,97,8935,2007,0.0,18819.0,0.711328,1.411114,THA,HKG,842951
2680923,231,97,8935,2007,497977.0,0.0,1.612165,0.0922,USA,HKG,842951
2680924,247,97,8935,2007,0.0,876.0,-0.522838,-0.796874,ZMB,HKG,842951
2680925,248,97,8935,2007,0.0,2159.0,-0.5271399999999999,-0.47033800000000003,ZWE,HKG,842951
2680926,249,97,8935,2007,9837.0,0.0,1.651607,0.974649,TWN,HKG,842951
2680927,32,99,8935,2007,549298.0,0.0,0.582859,1.137225,BRA,HND,842951
2680928,39,99,8935,2007,10159.0,0.0,0.77681,1.20517,CAN,HND,842951
2680929,41,99,8935,2007,30869.0,0.0,2.0198080000000003,0.42277200000000004,CHE,HND,842951
2680930,52,99,8935,2007,0.0,31469.0,0.001895,-0.30248600000000003,CRI,HND,842951
2680931,65,99,8935,2007,699.0,0.0,-0.228756,0.004222,DOM,HND,842951
2680932,77,99,8935,2007,457565.0,0.0,1.4565350000000001,0.262845,FRA,HND,842951
2680933,81,99,8935,2007,116058.0,0.0,1.718661,0.35525300000000004,GBR,HND,842951
2680934,93,99,8935,2007,637168.0,322138.0,-0.261899,0.643437,GTM,HND,842951
2680935,111,99,8935,2007,117385.0,0.0,1.3003559999999998,0.705448,ITA,HND,842951
2680936,114,99,8935,2007,42088.0,0.0,2.313259,0.186703,JPN,HND,842951
2680937,121,99,8935,2007,11631.0,0.0,1.497359,0.726637,KOR,HND,842951
2680938,138,99,8935,2007,104117.0,0.0,1.044746,0.605246,MEX,HND,842951
2680939,160,99,8935,2007,34096.0,40306.0,-0.924162,-0.857508,NIC,HND,842951
2680940,197,99,8935,2007,260364.0,6081.0,-0.110573,0.184426,SLV,HND,842951
2680941,231,99,8935,2007,4666862.0,48663.0,1.612165,0.0922,USA,HND,842951
2680942,2,102,8935,2007,0.0,81313.0,-1.6925709999999998,-1.1987290000000002,AGO,HUN,842951
2680943,15,102,8935,2007,7130951.0,1880430.0,1.730088,-0.045543,AUT,HUN,842951
2680944,18,102,8935,2007,4179027.0,319490.0,1.2880479999999999,1.145724,BEL,HUN,842951
2680945,23,102,8935,2007,0.0,166012.0,0.43321899999999997,1.5696700000000001,BGR,HUN,842951
2680946,26,102,8935,2007,0.0,122435.0,0.46303199999999994,0.596178,BIH,HUN,842951
2680947,39,102,8935,2007,51448.0,0.0,0.77681,1.20517,CAN,HUN,842951
2680948,41,102,8935,2007,0.0,314459.0,2.0198080000000003,0.42277200000000004,CHE,HUN,842951
2680949,43,102,8935,2007,634229.0,0.0,0.801547,2.321052,CHN,HUN,842951
2680950,59,102,8935,2007,352959.0,628785.0,1.620377,0.379404,CZE,HUN,842951
2680951,61,102,8935,2007,4724712.0,496772.0,2.114566,-2.934732,DEU,HUN,842951
2680952,77,102,8935,2007,344634.0,699148.0,1.4565350000000001,0.262845,FRA,HUN,842951
2680953,81,102,8935,2007,2151130.0,355462.0,1.718661,0.35525300000000004,GBR,HUN,842951
2680954,82,102,8935,2007,0.0,90431.0,0.016077,-0.386962,GEO,HUN,842951
2680955,97,102,8935,2007,18339.0,0.0,0.639034,2.1086009999999997,HKG,HUN,842951
2680956,100,102,8935,2007,34035.0,541786.0,0.7799699999999999,1.1047850000000001,HRV,HUN,842951
2680957,108,102,8935,2007,0.0,2000.0,-1.961053,-0.8849969999999999,IRQ,HUN,842951
2680958,111,102,8935,2007,3581236.0,2024.0,1.3003559999999998,0.705448,ITA,HUN,842951
2680959,114,102,8935,2007,3016.0,0.0,2.313259,0.186703,JPN,HUN,842951
2680960,115,102,8935,2007,0.0,29280.0,-0.171218,-0.630279,KAZ,HUN,842951
2680961,126,102,8935,2007,0.0,36418.0,-0.8669959999999999,-1.167363,LBY,HUN,842951
2680962,135,102,8935,2007,0.0,2735.0,0.147801,0.13758299999999998,MDA,HUN,842951
2680963,162,102,8935,2007,1260666.0,354577.0,1.089169,1.589641,NLD,HUN,842951
2680964,163,102,8935,2007,8465.0,0.0,0.9829100000000001,0.100995,NOR,HUN,842951
2680965,177,102,8935,2007,736726.0,322360.0,1.0412139999999999,1.309641,POL,HUN,842951
2680966,185,102,8935,2007,22881.0,1213226.0,0.69445,1.223747,ROU,HUN,842951
2680967,188,102,8935,2007,0.0,38914.0,0.367463,-0.8603709999999999,SAU,HUN,842951
2680968,201,102,8935,2007,0.0,60468.0,0.579288,1.464123,SRB,HUN,842951
2680969,206,102,8935,2007,1465246.0,689984.0,1.358301,0.79655,SVK,HUN,842951
2680970,208,102,8935,2007,5383164.0,0.0,1.927244,0.498241,SWE,HUN,842951
2680971,224,102,8935,2007,449825.0,0.0,0.41396700000000003,2.0339869999999998,TUR,HUN,842951
2680972,228,102,8935,2007,0.0,777479.0,0.7441760000000001,0.8681260000000001,UKR,HUN,842951
2680973,231,102,8935,2007,1739322.0,0.0,1.612165,0.0922,USA,HUN,842951
2680974,7,103,8935,2007,0.0,246649.0,-0.107504,-0.44744300000000004,ARE,IDN,842951
2680975,14,103,8935,2007,7246118.0,315404.0,0.137686,0.451592,AUS,IDN,842951
2680976,32,103,8935,2007,483724.0,0.0,0.582859,1.137225,BRA,IDN,842951
2680977,43,103,8935,2007,5950718.0,0.0,0.801547,2.321052,CHN,IDN,842951
2680978,61,103,8935,2007,1150479.0,0.0,2.114566,-2.934732,DEU,IDN,842951
2680979,71,103,8935,2007,30302.0,0.0,0.914681,2.027797,ESP,IDN,842951
2680980,74,103,8935,2007,293222.0,0.0,1.865502,0.7737729999999999,FIN,IDN,842951
2680981,77,103,8935,2007,0.0,16991.0,1.4565350000000001,0.262845,FRA,IDN,842951
2680982,81,103,8935,2007,797364.0,0.0,1.718661,0.35525300000000004,GBR,IDN,842951
2680983,111,103,8935,2007,45886.0,0.0,1.3003559999999998,0.705448,ITA,IDN,842951
2680984,114,103,8935,2007,27296362.0,77391.0,2.313259,0.186703,JPN,IDN,842951
2680985,121,103,8935,2007,157772.0,0.0,1.497359,0.726637,KOR,IDN,842951
2680986,138,103,8935,2007,0.0,87217.0,1.044746,0.605246,MEX,IDN,842951
2680987,153,103,8935,2007,111943.0,16998.0,0.740788,0.302155,MYS,IDN,842951
2680988,159,103,8935,2007,0.0,120052.0,-1.746879,-1.20823,NGA,IDN,842951
2680989,166,103,8935,2007,18091.0,0.0,0.495938,0.845825,NZL,IDN,842951
2680990,168,103,8935,2007,44937.0,0.0,-0.5594359999999999,0.47369300000000003,PAK,IDN,842951
2680991,188,103,8935,2007,0.0,65891.0,0.367463,-0.8603709999999999,SAU,IDN,842951
2680992,192,103,8935,2007,8415006.0,571111.0,1.608299,0.545791,SGP,IDN,842951
2680993,208,103,8935,2007,1622672.0,0.0,1.927244,0.498241,SWE,IDN,842951
2680994,216,103,8935,2007,33418.0,12681.0,0.711328,1.411114,THA,IDN,842951
2680995,231,103,8935,2007,3845338.0,197303.0,1.612165,0.0922,USA,IDN,842951
2680996,243,103,8935,2007,0.0,18288.0,-1.2624600000000001,-1.2131290000000001,YEM,IDN,842951
2680997,246,103,8935,2007,0.0,1190867.0,0.349792,1.246052,ZAF,IDN,842951
2680998,249,103,8935,2007,5100.0,0.0,1.651607,0.974649,TWN,IDN,842951
2680999,2,104,8935,2007,0.0,136420.0,-1.6925709999999998,-1.1987290000000002,AGO,IND,842951
2681000,7,104,8935,2007,11733.0,55395.0,-0.107504,-0.44744300000000004,ARE,IND,842951
2681001,15,104,8935,2007,1554607.0,0.0,1.730088,-0.045543,AUT,IND,842951
2681002,21,104,8935,2007,0.0,32022.0,-0.960893,-0.94458,BFA,IND,842951
2681003,22,104,8935,2007,0.0,42154.0,-0.9436469999999999,-0.7200310000000001,BGD,IND,842951
2681004,24,104,8935,2007,0.0,250862.0,0.500846,-0.845449,BHR,IND,842951
2681005,28,104,8935,2007,51019.0,0.0,1.0435889999999999,0.415603,BLR,IND,842951
2681006,32,104,8935,2007,257532.0,0.0,0.582859,1.137225,BRA,IND,842951
2681007,35,104,8935,2007,25995.0,55344.0,-0.147438,-0.68999,BTN,IND,842951
2681008,39,104,8935,2007,337871.0,14507.0,0.77681,1.20517,CAN,IND,842951
2681009,43,104,8935,2007,15446338.0,0.0,0.801547,2.321052,CHN,IND,842951
2681010,44,104,8935,2007,0.0,60397.0,-0.9989110000000001,-0.867232,CIV,IND,842951
2681011,61,104,8935,2007,49611.0,0.0,2.114566,-2.934732,DEU,IND,842951
2681012,62,104,8935,2007,0.0,81079.0,-1.111848,-0.983348,DJI,IND,842951
2681013,73,104,8935,2007,0.0,26874.0,-1.115917,-0.821652,ETH,IND,842951
2681014,77,104,8935,2007,1226086.0,1393116.0,1.4565350000000001,0.262845,FRA,IND,842951
2681015,81,104,8935,2007,1632143.0,0.0,1.718661,0.35525300000000004,GBR,IND,842951
2681016,111,104,8935,2007,113905.0,9346.0,1.3003559999999998,0.705448,ITA,IND,842951
2681017,114,104,8935,2007,5820464.0,0.0,2.313259,0.186703,JPN,IND,842951
2681018,116,104,8935,2007,0.0,95635.0,-0.44365299999999996,0.858692,KEN,IND,842951
2681019,121,104,8935,2007,711211.0,50252.0,1.497359,0.726637,KOR,IND,842951
2681020,126,104,8935,2007,0.0,147838.0,-0.8669959999999999,-1.167363,LBY,IND,842951
2681021,128,104,8935,2007,0.0,385776.0,-0.568577,0.364717,LKA,IND,842951
2681022,137,104,8935,2007,0.0,76699.0,-0.7558050000000001,-0.931211,MDV,IND,842951
2681023,143,104,8935,2007,0.0,72990.0,-1.29366,-1.074733,MMR,IND,842951
2681024,147,104,8935,2007,0.0,135609.0,-1.4703110000000001,-1.1915719999999999,MOZ,IND,842951
2681025,159,104,8935,2007,0.0,53699.0,-1.746879,-1.20823,NGA,IND,842951
2681026,162,104,8935,2007,0.0,85541.0,1.089169,1.589641,NLD,IND,842951
2681027,164,104,8935,2007,0.0,5114.0,-0.274255,0.513961,NPL,IND,842951
2681028,186,104,8935,2007,0.0,131376.0,0.5576399999999999,-0.05382000000000001,RUS,IND,842951
2681029,192,104,8935,2007,28498.0,123797.0,1.608299,0.545791,SGP,IND,842951
2681030,208,104,8935,2007,127950.0,0.0,1.927244,0.498241,SWE,IND,842951
2681031,211,104,8935,2007,0.0,45870.0,-0.644497,-0.8748520000000001,SYC,IND,842951
2681032,226,104,8935,2007,0.0,136062.0,-0.8493959999999999,0.47116099999999994,TZA,IND,842951
2681033,231,104,8935,2007,2650801.0,0.0,1.612165,0.0922,USA,IND,842951
2681034,236,104,8935,2007,0.0,241390.0,-0.231215,-0.9839200000000001,VEN,IND,842951
2681035,246,104,8935,2007,0.0,62854.0,0.349792,1.246052,ZAF,IND,842951
2681036,247,104,8935,2007,0.0,47098.0,-0.522838,-0.796874,ZMB,IND,842951
2681037,7,106,8935,2007,0.0,217212.0,-0.107504,-0.44744300000000004,ARE,IRL,842951
2681038,15,106,8935,2007,99890.0,560611.0,1.730088,-0.045543,AUT,IRL,842951
2681039,18,106,8935,2007,8989633.0,546111.0,1.2880479999999999,1.145724,BEL,IRL,842951
2681040,32,106,8935,2007,619748.0,0.0,0.582859,1.137225,BRA,IRL,842951
2681041,39,106,8935,2007,363442.0,2830.0,0.77681,1.20517,CAN,IRL,842951
2681042,41,106,8935,2007,0.0,13681.0,2.0198080000000003,0.42277200000000004,CHE,IRL,842951
2681043,43,106,8935,2007,413222.0,0.0,0.801547,2.321052,CHN,IRL,842951
2681044,49,106,8935,2007,0.0,33442.0,0.118341,0.557699,COL,IRL,842951
2681045,59,106,8935,2007,114511.0,0.0,1.620377,0.379404,CZE,IRL,842951
2681046,61,106,8935,2007,6621156.0,730400.0,2.114566,-2.934732,DEU,IRL,842951
2681047,64,106,8935,2007,39164.0,4144700.0,1.204019,1.122666,DNK,IRL,842951
2681048,68,106,8935,2007,0.0,44137.0,-0.144054,0.663592,EGY,IRL,842951
2681049,71,106,8935,2007,0.0,964165.0,0.914681,2.027797,ESP,IRL,842951
2681050,74,106,8935,2007,3354248.0,201102.0,1.865502,0.7737729999999999,FIN,IRL,842951
2681051,77,106,8935,2007,418086.0,1411838.0,1.4565350000000001,0.262845,FRA,IRL,842951
2681052,81,106,8935,2007,32641806.0,6353450.0,1.718661,0.35525300000000004,GBR,IRL,842951
2681053,83,106,8935,2007,0.0,49574.0,-0.906867,-0.565891,GHA,IRL,842951
2681054,90,106,8935,2007,0.0,470209.0,0.348709,1.674567,GRC,IRL,842951
2681055,108,106,8935,2007,0.0,1370.0,-1.961053,-0.8849969999999999,IRQ,IRL,842951
2681056,110,106,8935,2007,475084.0,0.0,1.092244,0.753984,ISR,IRL,842951
2681057,111,106,8935,2007,787791.0,4767904.0,1.3003559999999998,0.705448,ITA,IRL,842951
2681058,113,106,8935,2007,0.0,20382.0,0.228433,0.5984550000000001,JOR,IRL,842951
2681059,114,106,8935,2007,1751769.0,0.0,2.313259,0.186703,JPN,IRL,842951
2681060,115,106,8935,2007,0.0,120551.0,-0.171218,-0.630279,KAZ,IRL,842951
2681061,116,106,8935,2007,0.0,19498.0,-0.44365299999999996,0.858692,KEN,IRL,842951
2681062,121,106,8935,2007,153132.0,0.0,1.497359,0.726637,KOR,IRL,842951
2681063,122,106,8935,2007,0.0,60769.0,-0.8265030000000001,-1.166243,KWT,IRL,842951
2681064,126,106,8935,2007,0.0,15155.0,-0.8669959999999999,-1.167363,LBY,IRL,842951
2681065,130,106,8935,2007,0.0,1287032.0,0.604169,1.279982,LTU,IRL,842951
2681066,131,106,8935,2007,0.0,2373.0,1.390259,0.996566,LUX,IRL,842951
2681067,134,106,8935,2007,0.0,12907.0,-0.5846560000000001,0.10927100000000001,MAR,IRL,842951
2681068,159,106,8935,2007,0.0,488810.0,-1.746879,-1.20823,NGA,IRL,842951
2681069,162,106,8935,2007,2673662.0,3287518.0,1.089169,1.589641,NLD,IRL,842951
2681070,168,106,8935,2007,0.0,15141.0,-0.5594359999999999,0.47369300000000003,PAK,IRL,842951
2681071,177,106,8935,2007,67720.0,863301.0,1.0412139999999999,1.309641,POL,IRL,842951
2681072,179,106,8935,2007,36336.0,1153186.0,0.621302,1.971656,PRT,IRL,842951
2681073,191,106,8935,2007,0.0,75819.0,-0.20343599999999998,0.27211199999999997,SEN,IRL,842951
2681074,206,106,8935,2007,0.0,108187.0,1.358301,0.79655,SVK,IRL,842951
2681075,207,106,8935,2007,0.0,9261.0,1.605767,0.692926,SVN,IRL,842951
2681076,208,106,8935,2007,14912474.0,500767.0,1.927244,0.498241,SWE,IRL,842951
2681077,212,106,8935,2007,0.0,41342.0,-0.46851899999999996,0.553396,SYR,IRL,842951
2681078,223,106,8935,2007,40179.0,0.0,0.062824,0.74003,TUN,IRL,842951
2681079,224,106,8935,2007,0.0,708415.0,0.41396700000000003,2.0339869999999998,TUR,IRL,842951
2681080,231,106,8935,2007,693252.0,0.0,1.612165,0.0922,USA,IRL,842951
2681081,246,106,8935,2007,0.0,111332.0,0.349792,1.246052,ZAF,IRL,842951
2681082,2,110,8935,2007,0.0,129625.0,-1.6925709999999998,-1.1987290000000002,AGO,ISR,842951
2681083,15,110,8935,2007,168044.0,0.0,1.730088,-0.045543,AUT,ISR,842951
2681084,18,110,8935,2007,15350915.0,825308.0,1.2880479999999999,1.145724,BEL,ISR,842951
2681085,32,110,8935,2007,1719919.0,0.0,0.582859,1.137225,BRA,ISR,842951
2681086,39,110,8935,2007,133740.0,0.0,0.77681,1.20517,CAN,ISR,842951
2681087,41,110,8935,2007,8979601.0,0.0,2.0198080000000003,0.42277200000000004,CHE,ISR,842951
2681088,43,110,8935,2007,690032.0,0.0,0.801547,2.321052,CHN,ISR,842951
2681089,58,110,8935,2007,16827.0,0.0,0.887351,0.426331,CYP,ISR,842951
2681090,59,110,8935,2007,667174.0,0.0,1.620377,0.379404,CZE,ISR,842951
2681091,61,110,8935,2007,651940.0,720018.0,2.114566,-2.934732,DEU,ISR,842951
2681092,64,110,8935,2007,0.0,189062.0,1.204019,1.122666,DNK,ISR,842951
2681093,68,110,8935,2007,0.0,421372.0,-0.144054,0.663592,EGY,ISR,842951
2681094,77,110,8935,2007,551418.0,463447.0,1.4565350000000001,0.262845,FRA,ISR,842951
2681095,81,110,8935,2007,833922.0,540460.0,1.718661,0.35525300000000004,GBR,ISR,842951
2681096,83,110,8935,2007,0.0,13222.0,-0.906867,-0.565891,GHA,ISR,842951
2681097,90,110,8935,2007,0.0,787929.0,0.348709,1.674567,GRC,ISR,842951
2681098,106,110,8935,2007,0.0,475084.0,1.353146,0.122832,IRL,ISR,842951
2681099,111,110,8935,2007,126263.0,62709.0,1.3003559999999998,0.705448,ITA,ISR,842951
2681100,113,110,8935,2007,0.0,1964374.0,0.228433,0.5984550000000001,JOR,ISR,842951
2681101,121,110,8935,2007,1694524.0,0.0,1.497359,0.726637,KOR,ISR,842951
2681102,127,110,8935,2007,0.0,6216.0,0.7445430000000001,-0.187834,LCA,ISR,842951
2681103,159,110,8935,2007,0.0,550733.0,-1.746879,-1.20823,NGA,ISR,842951
2681104,162,110,8935,2007,276762.0,0.0,1.089169,1.589641,NLD,ISR,842951
2681105,179,110,8935,2007,56632.0,0.0,0.621302,1.971656,PRT,ISR,842951
2681106,185,110,8935,2007,0.0,18777.0,0.69445,1.223747,ROU,ISR,842951
2681107,208,110,8935,2007,9265187.0,230214.0,1.927244,0.498241,SWE,ISR,842951
2681108,224,110,8935,2007,33459.0,0.0,0.41396700000000003,2.0339869999999998,TUR,ISR,842951
2681109,231,110,8935,2007,10751692.0,0.0,1.612165,0.0922,USA,ISR,842951
2681110,2,111,8935,2007,0.0,595214.0,-1.6925709999999998,-1.1987290000000002,AGO,ITA,842951
2681111,4,111,8935,2007,7704.0,2762319.0,-0.20616700000000002,-0.016993,ALB,ITA,842951
2681112,7,111,8935,2007,194564.0,680445.0,-0.107504,-0.44744300000000004,ARE,ITA,842951
2681113,8,111,8935,2007,0.0,440432.0,0.178214,0.5093850000000001,ARG,ITA,842951
2681114,9,111,8935,2007,0.0,71434.0,0.7169,-0.019251,ARM,ITA,842951
2681115,13,111,8935,2007,0.0,119319.0,0.5574899999999999,-0.125609,ATG,ITA,842951
2681116,14,111,8935,2007,0.0,5425672.0,0.137686,0.451592,AUS,ITA,842951
2681117,15,111,8935,2007,11440421.0,4985150.0,1.730088,-0.045543,AUT,ITA,842951
2681118,16,111,8935,2007,0.0,278728.0,-0.897342,-1.174224,AZE,ITA,842951
2681119,17,111,8935,2007,0.0,133793.0,-0.33884899999999996,-0.661017,BDI,ITA,842951
2681120,18,111,8935,2007,100974400.0,5967804.0,1.2880479999999999,1.145724,BEL,ITA,842951
2681121,19,111,8935,2007,0.0,20577.0,-1.055882,-0.880178,BEN,ITA,842951
2681122,21,111,8935,2007,0.0,44232.0,-0.960893,-0.94458,BFA,ITA,842951
2681123,23,111,8935,2007,0.0,17649562.0,0.43321899999999997,1.5696700000000001,BGR,ITA,842951
2681124,24,111,8935,2007,0.0,1657710.0,0.500846,-0.845449,BHR,ITA,842951
2681125,26,111,8935,2007,88599.0,2352200.0,0.46303199999999994,0.596178,BIH,ITA,842951
2681126,28,111,8935,2007,0.0,113498.0,1.0435889999999999,0.415603,BLR,ITA,842951
2681127,31,111,8935,2007,0.0,17859.0,-1.021595,-0.955375,BOL,ITA,842951
2681128,32,111,8935,2007,662614.0,168103.0,0.582859,1.137225,BRA,ITA,842951
2681129,39,111,8935,2007,715410.0,866451.0,0.77681,1.20517,CAN,ITA,842951
2681130,41,111,8935,2007,260819.0,3775928.0,2.0198080000000003,0.42277200000000004,CHE,ITA,842951
2681131,42,111,8935,2007,0.0,247436.0,-0.306846,-0.57431,CHL,ITA,842951
2681132,43,111,8935,2007,2134508.0,453461.0,0.801547,2.321052,CHN,ITA,842951
2681133,44,111,8935,2007,0.0,117447.0,-0.9989110000000001,-0.867232,CIV,ITA,842951
2681134,45,111,8935,2007,0.0,182440.0,-0.821623,-0.965601,CMR,ITA,842951
2681135,47,111,8935,2007,0.0,176981.0,-1.88462,-1.22688,COG,ITA,842951
2681136,49,111,8935,2007,0.0,976755.0,0.118341,0.557699,COL,ITA,842951
2681137,51,111,8935,2007,0.0,167313.0,0.289375,-0.295194,CPV,ITA,842951
2681138,52,111,8935,2007,0.0,110436.0,0.001895,-0.30248600000000003,CRI,ITA,842951
2681139,54,111,8935,2007,0.0,346809.0,-0.308053,-0.8740610000000001,CUB,ITA,842951
2681140,57,111,8935,2007,0.0,442959.0,0.532926,-0.54101,CYM,ITA,842951
2681141,58,111,8935,2007,0.0,1587468.0,0.887351,0.426331,CYP,ITA,842951
2681142,59,111,8935,2007,6354124.0,12497336.0,1.620377,0.379404,CZE,ITA,842951
2681143,61,111,8935,2007,44964920.0,35844168.0,2.114566,-2.934732,DEU,ITA,842951
2681144,62,111,8935,2007,0.0,717899.0,-1.111848,-0.983348,DJI,ITA,842951
2681145,64,111,8935,2007,0.0,12918307.0,1.204019,1.122666,DNK,ITA,842951
2681146,65,111,8935,2007,0.0,4620.0,-0.228756,0.004222,DOM,ITA,842951
2681147,66,111,8935,2007,0.0,3217710.0,-0.9822690000000001,-1.170282,DZA,ITA,842951
2681148,68,111,8935,2007,0.0,3058183.0,-0.144054,0.663592,EGY,ITA,842951
2681149,69,111,8935,2007,0.0,259792.0,-0.905408,-0.908877,ERI,ITA,842951
2681150,71,111,8935,2007,548666.0,57937932.0,0.914681,2.027797,ESP,ITA,842951
2681151,72,111,8935,2007,0.0,6222936.0,0.746434,1.306397,EST,ITA,842951
2681152,73,111,8935,2007,0.0,202964.0,-1.115917,-0.821652,ETH,ITA,842951
2681153,74,111,8935,2007,0.0,1594798.0,1.865502,0.7737729999999999,FIN,ITA,842951
2681154,77,111,8935,2007,19520562.0,34142436.0,1.4565350000000001,0.262845,FRA,ITA,842951
2681155,80,111,8935,2007,0.0,691407.0,-1.328633,-1.165045,GAB,ITA,842951
2681156,81,111,8935,2007,32088748.0,10662607.0,1.718661,0.35525300000000004,GBR,ITA,842951
2681157,82,111,8935,2007,0.0,42831.0,0.016077,-0.386962,GEO,ITA,842951
2681158,83,111,8935,2007,0.0,575562.0,-0.906867,-0.565891,GHA,ITA,842951
2681159,87,111,8935,2007,0.0,69160.0,-0.8336680000000001,-0.8261860000000001,GMB,ITA,842951
2681160,89,111,8935,2007,0.0,206463.0,-1.406911,-0.8466950000000001,GNQ,ITA,842951
2681161,90,111,8935,2007,64798.0,7896664.0,0.348709,1.674567,GRC,ITA,842951
2681162,93,111,8935,2007,0.0,6005.0,-0.261899,0.643437,GTM,ITA,842951
2681163,99,111,8935,2007,0.0,117385.0,-0.6366,-0.327447,HND,ITA,842951
2681164,100,111,8935,2007,106264.0,6417806.0,0.7799699999999999,1.1047850000000001,HRV,ITA,842951
2681165,102,111,8935,2007,2024.0,3581236.0,1.4887709999999998,0.78372,HUN,ITA,842951
2681166,103,111,8935,2007,0.0,45886.0,-0.192415,1.497962,IDN,ITA,842951
2681167,104,111,8935,2007,9346.0,113905.0,0.279475,2.7514939999999997,IND,ITA,842951
2681168,106,111,8935,2007,4767904.0,787791.0,1.353146,0.122832,IRL,ITA,842951
2681169,107,111,8935,2007,0.0,837891.0,-0.797659,-1.048892,IRN,ITA,842951
2681170,108,111,8935,2007,0.0,98740.0,-1.961053,-0.8849969999999999,IRQ,ITA,842951
2681171,109,111,8935,2007,24395.0,1867368.0,0.172786,-0.380266,ISL,ITA,842951
2681172,110,111,8935,2007,62709.0,126263.0,1.092244,0.753984,ISR,ITA,842951
2681173,113,111,8935,2007,0.0,229459.0,0.228433,0.5984550000000001,JOR,ITA,842951
2681174,114,111,8935,2007,2535424.0,161258.0,2.313259,0.186703,JPN,ITA,842951
2681175,115,111,8935,2007,0.0,190327.0,-0.171218,-0.630279,KAZ,ITA,842951
2681176,116,111,8935,2007,0.0,205854.0,-0.44365299999999996,0.858692,KEN,ITA,842951
2681177,121,111,8935,2007,6341850.0,142876.0,1.497359,0.726637,KOR,ITA,842951
2681178,122,111,8935,2007,0.0,65209.0,-0.8265030000000001,-1.166243,KWT,ITA,842951
2681179,123,111,8935,2007,0.0,105888.0,-1.045213,-1.01482,LAO,ITA,842951
2681180,124,111,8935,2007,0.0,3836569.0,0.47468,1.775191,LBN,ITA,842951
2681181,125,111,8935,2007,0.0,472718.0,-0.866643,-1.124112,LBR,ITA,842951
2681182,126,111,8935,2007,167478.0,3217182.0,-0.8669959999999999,-1.167363,LBY,ITA,842951
2681183,130,111,8935,2007,2570.0,7104102.0,0.604169,1.279982,LTU,ITA,842951
2681184,131,111,8935,2007,0.0,485874.0,1.390259,0.996566,LUX,ITA,842951
2681185,132,111,8935,2007,0.0,7971944.0,0.61459,0.985358,LVA,ITA,842951
2681186,134,111,8935,2007,0.0,3379545.0,-0.5846560000000001,0.10927100000000001,MAR,ITA,842951
2681187,135,111,8935,2007,0.0,130377.0,0.147801,0.13758299999999998,MDA,ITA,842951
2681188,136,111,8935,2007,0.0,5591.0,-0.939838,-0.221205,MDG,ITA,842951
2681189,138,111,8935,2007,34422.0,831272.0,1.044746,0.605246,MEX,ITA,842951
2681190,140,111,8935,2007,0.0,265731.0,-0.125912,-0.009395,MKD,ITA,842951
2681191,142,111,8935,2007,15997.0,1381255.0,1.184569,-0.046376,MLT,ITA,842951
2681192,144,111,8935,2007,0.0,67461.0,0.250006,-0.154908,MNE,ITA,842951
2681193,147,111,8935,2007,0.0,494772.0,-1.4703110000000001,-1.1915719999999999,MOZ,ITA,842951
2681194,155,111,8935,2007,0.0,468969.0,-0.588953,-0.751722,NAM,ITA,842951
2681195,159,111,8935,2007,0.0,591227.0,-1.746879,-1.20823,NGA,ITA,842951
2681196,162,111,8935,2007,20095734.0,7083626.0,1.089169,1.589641,NLD,ITA,842951
2681197,163,111,8935,2007,42162.0,1668490.0,0.9829100000000001,0.100995,NOR,ITA,842951
2681198,166,111,8935,2007,0.0,81670.0,0.495938,0.845825,NZL,ITA,842951
2681199,167,111,8935,2007,0.0,580890.0,-0.5185310000000001,-1.071832,OMN,ITA,842951
2681200,168,111,8935,2007,0.0,77179.0,-0.5594359999999999,0.47369300000000003,PAK,ITA,842951
2681201,169,111,8935,2007,0.0,1005613.0,0.36233899999999997,0.807669,PAN,ITA,842951
2681202,173,111,8935,2007,0.0,90143.0,-0.49716099999999996,0.02556,PER,ITA,842951
2681203,174,111,8935,2007,0.0,176877.0,0.032117,-0.16600499999999999,PHL,ITA,842951
2681204,176,111,8935,2007,0.0,173544.0,-1.947486,-1.284269,PNG,ITA,842951
2681205,177,111,8935,2007,0.0,31818968.0,1.0412139999999999,1.309641,POL,ITA,842951
2681206,179,111,8935,2007,0.0,13246251.0,0.621302,1.971656,PRT,ITA,842951
2681207,180,111,8935,2007,0.0,20795.0,-0.500617,-0.814385,PRY,ITA,842951
2681208,181,111,8935,2007,0.0,22664.0,0.16788499999999998,0.689805,PSE,ITA,842951
2681209,182,111,8935,2007,0.0,657381.0,-0.72809,-0.9329620000000001,PYF,ITA,842951
2681210,183,111,8935,2007,0.0,355779.0,0.20181500000000002,-0.9898110000000001,QAT,ITA,842951
2681211,185,111,8935,2007,199991.0,38378600.0,0.69445,1.223747,ROU,ITA,842951
2681212,186,111,8935,2007,0.0,23668634.0,0.5576399999999999,-0.05382000000000001,RUS,ITA,842951
2681213,188,111,8935,2007,326288.0,1494901.0,0.367463,-0.8603709999999999,SAU,ITA,842951
2681214,190,111,8935,2007,0.0,129268.0,-1.978359,-1.316172,SDN,ITA,842951
2681215,191,111,8935,2007,0.0,198323.0,-0.20343599999999998,0.27211199999999997,SEN,ITA,842951
2681216,199,111,8935,2007,0.0,5348.0,0.19860799999999998,-0.45140399999999997,SOM,ITA,842951
2681217,201,111,8935,2007,104453.0,4231806.0,0.579288,1.464123,SRB,ITA,842951
2681218,206,111,8935,2007,172327.0,7909390.0,1.358301,0.79655,SVK,ITA,842951
2681219,207,111,8935,2007,154827.0,2391931.0,1.605767,0.692926,SVN,ITA,842951
2681220,208,111,8935,2007,40998124.0,3090304.0,1.927244,0.498241,SWE,ITA,842951
2681221,212,111,8935,2007,0.0,854822.0,-0.46851899999999996,0.553396,SYR,ITA,842951
2681222,215,111,8935,2007,13603.0,0.0,-0.78689,-0.806879,TGO,ITA,842951
2681223,216,111,8935,2007,0.0,123981.0,0.711328,1.411114,THA,ITA,842951
2681224,222,111,8935,2007,0.0,1036943.0,-0.371347,-1.0536709999999998,TTO,ITA,842951
2681225,223,111,8935,2007,0.0,1628298.0,0.062824,0.74003,TUN,ITA,842951
2681226,224,111,8935,2007,0.0,10280713.0,0.41396700000000003,2.0339869999999998,TUR,ITA,842951
2681227,226,111,8935,2007,0.0,513715.0,-0.8493959999999999,0.47116099999999994,TZA,ITA,842951
2681228,228,111,8935,2007,0.0,2020370.0,0.7441760000000001,0.8681260000000001,UKR,ITA,842951
2681229,230,111,8935,2007,0.0,43362.0,0.184883,0.207788,URY,ITA,842951
2681230,231,111,8935,2007,68657960.0,11555418.0,1.612165,0.0922,USA,ITA,842951
2681231,236,111,8935,2007,0.0,958234.0,-0.231215,-0.9839200000000001,VEN,ITA,842951
2681232,239,111,8935,2007,0.0,44223.0,-0.335613,1.048849,VNM,ITA,842951
2681233,243,111,8935,2007,0.0,65471.0,-1.2624600000000001,-1.2131290000000001,YEM,ITA,842951
2681234,246,111,8935,2007,0.0,14227214.0,0.349792,1.246052,ZAF,ITA,842951
2681235,247,111,8935,2007,0.0,31418.0,-0.522838,-0.796874,ZMB,ITA,842951
2681236,249,111,8935,2007,0.0,42362.0,1.651607,0.974649,TWN,ITA,842951
2681237,250,111,8935,2007,0.0,1576.0,0.671936,-0.284418,ANS,ITA,842951
2681238,39,112,8935,2007,32755.0,0.0,0.77681,1.20517,CAN,JAM,842951
2681239,43,112,8935,2007,135337.0,0.0,0.801547,2.321052,CHN,JAM,842951
2681240,64,112,8935,2007,141148.0,0.0,1.204019,1.122666,DNK,JAM,842951
2681241,65,112,8935,2007,0.0,11461.0,-0.228756,0.004222,DOM,JAM,842951
2681242,77,112,8935,2007,60342.0,0.0,1.4565350000000001,0.262845,FRA,JAM,842951
2681243,81,112,8935,2007,177649.0,0.0,1.718661,0.35525300000000004,GBR,JAM,842951
2681244,114,112,8935,2007,461739.0,0.0,2.313259,0.186703,JPN,JAM,842951
2681245,121,112,8935,2007,237066.0,0.0,1.497359,0.726637,KOR,JAM,842951
2681246,162,112,8935,2007,126061.0,0.0,1.089169,1.589641,NLD,JAM,842951
2681247,231,112,8935,2007,3127058.0,0.0,1.612165,0.0922,USA,JAM,842951
2681248,1,114,8935,2007,0.0,109177.0,-0.745981,-0.682003,AFG,JPN,842951
2681249,2,114,8935,2007,0.0,3943970.0,-1.6925709999999998,-1.1987290000000002,AGO,JPN,842951
2681250,4,114,8935,2007,0.0,642.0,-0.20616700000000002,-0.016993,ALB,JPN,842951
2681251,7,114,8935,2007,0.0,78333760.0,-0.107504,-0.44744300000000004,ARE,JPN,842951
2681252,8,114,8935,2007,0.0,9292284.0,0.178214,0.5093850000000001,ARG,JPN,842951
2681253,9,114,8935,2007,0.0,5721.0,0.7169,-0.019251,ARM,JPN,842951
2681254,13,114,8935,2007,0.0,37923.0,0.5574899999999999,-0.125609,ATG,JPN,842951
2681255,14,114,8935,2007,0.0,96226416.0,0.137686,0.451592,AUS,JPN,842951
2681256,15,114,8935,2007,0.0,552398.0,1.730088,-0.045543,AUT,JPN,842951
2681257,16,114,8935,2007,0.0,94511.0,-0.897342,-1.174224,AZE,JPN,842951
2681258,18,114,8935,2007,0.0,17258734.0,1.2880479999999999,1.145724,BEL,JPN,842951
2681259,19,114,8935,2007,0.0,2061.0,-1.055882,-0.880178,BEN,JPN,842951
2681260,21,114,8935,2007,0.0,330453.0,-0.960893,-0.94458,BFA,JPN,842951
2681261,22,114,8935,2007,45961.0,459798.0,-0.9436469999999999,-0.7200310000000001,BGD,JPN,842951
2681262,23,114,8935,2007,0.0,47416.0,0.43321899999999997,1.5696700000000001,BGR,JPN,842951
2681263,24,114,8935,2007,0.0,2059505.0,0.500846,-0.845449,BHR,JPN,842951
2681264,26,114,8935,2007,0.0,176134.0,0.46303199999999994,0.596178,BIH,JPN,842951
2681265,28,114,8935,2007,0.0,10084.0,1.0435889999999999,0.415603,BLR,JPN,842951
2681266,29,114,8935,2007,0.0,14990.0,-0.17825,-0.562535,BLZ,JPN,842951
2681267,31,114,8935,2007,0.0,1333412.0,-1.021595,-0.955375,BOL,JPN,842951
2681268,32,114,8935,2007,0.0,98070.0,0.582859,1.137225,BRA,JPN,842951
2681269,34,114,8935,2007,0.0,10425.0,-1.118219,-0.924797,BRN,JPN,842951
2681270,35,114,8935,2007,0.0,210972.0,-0.147438,-0.68999,BTN,JPN,842951
2681271,39,114,8935,2007,55021.0,19266644.0,0.77681,1.20517,CAN,JPN,842951
2681272,41,114,8935,2007,0.0,161216.0,2.0198080000000003,0.42277200000000004,CHE,JPN,842951
2681273,42,114,8935,2007,0.0,8901600.0,-0.306846,-0.57431,CHL,JPN,842951
2681274,43,114,8935,2007,692848.0,9486718.0,0.801547,2.321052,CHN,JPN,842951
2681275,45,114,8935,2007,0.0,132250.0,-0.821623,-0.965601,CMR,JPN,842951
2681276,46,114,8935,2007,0.0,78291.0,-1.507664,-1.111844,COD,JPN,842951
2681277,47,114,8935,2007,0.0,484896.0,-1.88462,-1.22688,COG,JPN,842951
2681278,49,114,8935,2007,0.0,1271050.0,0.118341,0.557699,COL,JPN,842951
2681279,51,114,8935,2007,0.0,25274.0,0.289375,-0.295194,CPV,JPN,842951
2681280,52,114,8935,2007,0.0,410428.0,0.001895,-0.30248600000000003,CRI,JPN,842951
2681281,58,114,8935,2007,0.0,66622.0,0.887351,0.426331,CYP,JPN,842951
2681282,59,114,8935,2007,261145.0,80937.0,1.620377,0.379404,CZE,JPN,842951
2681283,61,114,8935,2007,25828.0,4958863.0,2.114566,-2.934732,DEU,JPN,842951
2681284,62,114,8935,2007,0.0,594074.0,-1.111848,-0.983348,DJI,JPN,842951
2681285,64,114,8935,2007,214664.0,1480687.0,1.204019,1.122666,DNK,JPN,842951
2681286,65,114,8935,2007,0.0,6658.0,-0.228756,0.004222,DOM,JPN,842951
2681287,66,114,8935,2007,0.0,15236968.0,-0.9822690000000001,-1.170282,DZA,JPN,842951
2681288,67,114,8935,2007,0.0,340100.0,-0.820491,-0.8557879999999999,ECU,JPN,842951
2681289,68,114,8935,2007,0.0,34095896.0,-0.144054,0.663592,EGY,JPN,842951
2681290,69,114,8935,2007,0.0,34894.0,-0.905408,-0.908877,ERI,JPN,842951
2681291,71,114,8935,2007,0.0,16954364.0,0.914681,2.027797,ESP,JPN,842951
2681292,72,114,8935,2007,0.0,107522.0,0.746434,1.306397,EST,JPN,842951
2681293,73,114,8935,2007,0.0,273708.0,-1.115917,-0.821652,ETH,JPN,842951
2681294,74,114,8935,2007,0.0,3559424.0,1.865502,0.7737729999999999,FIN,JPN,842951
2681295,75,114,8935,2007,0.0,12020.0,-0.506992,0.033250999999999996,FJI,JPN,842951
2681296,77,114,8935,2007,644719.0,2551984.0,1.4565350000000001,0.262845,FRA,JPN,842951
2681297,79,114,8935,2007,0.0,12525.0,-0.528725,-0.883342,FSM,JPN,842951
2681298,80,114,8935,2007,0.0,3075662.0,-1.328633,-1.165045,GAB,JPN,842951
2681299,81,114,8935,2007,14293324.0,16772834.0,1.718661,0.35525300000000004,GBR,JPN,842951
2681300,83,114,8935,2007,0.0,640086.0,-0.906867,-0.565891,GHA,JPN,842951
2681301,85,114,8935,2007,0.0,2930.0,-1.694335,-1.230744,GIN,JPN,842951
2681302,89,114,8935,2007,0.0,144684.0,-1.406911,-0.8466950000000001,GNQ,JPN,842951
2681303,90,114,8935,2007,0.0,675637.0,0.348709,1.674567,GRC,JPN,842951
2681304,97,114,8935,2007,0.0,1081936.0,0.639034,2.1086009999999997,HKG,JPN,842951
2681305,99,114,8935,2007,0.0,42088.0,-0.6366,-0.327447,HND,JPN,842951
2681306,100,114,8935,2007,0.0,4134.0,0.7799699999999999,1.1047850000000001,HRV,JPN,842951
2681307,102,114,8935,2007,0.0,3016.0,1.4887709999999998,0.78372,HUN,JPN,842951
2681308,103,114,8935,2007,77391.0,27296362.0,-0.192415,1.497962,IDN,JPN,842951
2681309,104,114,8935,2007,0.0,5820464.0,0.279475,2.7514939999999997,IND,JPN,842951
2681310,106,114,8935,2007,0.0,1751769.0,1.353146,0.122832,IRL,JPN,842951
2681311,107,114,8935,2007,0.0,34986072.0,-0.797659,-1.048892,IRN,JPN,842951
2681312,108,114,8935,2007,0.0,1747692.0,-1.961053,-0.8849969999999999,IRQ,JPN,842951
2681313,109,114,8935,2007,0.0,273594.0,0.172786,-0.380266,ISL,JPN,842951
2681314,111,114,8935,2007,161258.0,2535424.0,1.3003559999999998,0.705448,ITA,JPN,842951
2681315,112,114,8935,2007,0.0,461739.0,-0.466305,-0.971972,JAM,JPN,842951
2681316,113,114,8935,2007,0.0,1918185.0,0.228433,0.5984550000000001,JOR,JPN,842951
2681317,115,114,8935,2007,0.0,335862.0,-0.171218,-0.630279,KAZ,JPN,842951
2681318,116,114,8935,2007,0.0,1616928.0,-0.44365299999999996,0.858692,KEN,JPN,842951
2681319,117,114,8935,2007,0.0,164434.0,-0.190437,-0.23665999999999998,KGZ,JPN,842951
2681320,118,114,8935,2007,0.0,515141.0,-1.1822489999999999,-1.129066,KHM,JPN,842951
2681321,119,114,8935,2007,0.0,24807.0,0.106985,-0.654763,KIR,JPN,842951
2681322,121,114,8935,2007,65752.0,13679724.0,1.497359,0.726637,KOR,JPN,842951
2681323,122,114,8935,2007,0.0,2227608.0,-0.8265030000000001,-1.166243,KWT,JPN,842951
2681324,123,114,8935,2007,0.0,17022.0,-1.045213,-1.01482,LAO,JPN,842951
2681325,124,114,8935,2007,0.0,64238.0,0.47468,1.775191,LBN,JPN,842951
2681326,126,114,8935,2007,0.0,18851.0,-0.8669959999999999,-1.167363,LBY,JPN,842951
2681327,128,114,8935,2007,0.0,2613276.0,-0.568577,0.364717,LKA,JPN,842951
2681328,130,114,8935,2007,0.0,23626.0,0.604169,1.279982,LTU,JPN,842951
2681329,132,114,8935,2007,0.0,317751.0,0.61459,0.985358,LVA,JPN,842951
2681330,133,114,8935,2007,0.0,314212.0,0.168528,-0.150411,MAC,JPN,842951
2681331,134,114,8935,2007,0.0,1069396.0,-0.5846560000000001,0.10927100000000001,MAR,JPN,842951
2681332,135,114,8935,2007,0.0,357.0,0.147801,0.13758299999999998,MDA,JPN,842951
2681333,136,114,8935,2007,0.0,593499.0,-0.939838,-0.221205,MDG,JPN,842951
2681334,137,114,8935,2007,0.0,2803.0,-0.7558050000000001,-0.931211,MDV,JPN,842951
2681335,138,114,8935,2007,0.0,20147450.0,1.044746,0.605246,MEX,JPN,842951
2681336,140,114,8935,2007,0.0,27407.0,-0.125912,-0.009395,MKD,JPN,842951
2681337,142,114,8935,2007,0.0,282359.0,1.184569,-0.046376,MLT,JPN,842951
2681338,143,114,8935,2007,0.0,1079762.0,-1.29366,-1.074733,MMR,JPN,842951
2681339,144,114,8935,2007,0.0,10380.0,0.250006,-0.154908,MNE,JPN,842951
2681340,145,114,8935,2007,0.0,764915.0,-1.0688790000000001,-1.1115709999999999,MNG,JPN,842951
2681341,148,114,8935,2007,0.0,508129.0,-2.027741,-1.311094,MRT,JPN,842951
2681342,151,114,8935,2007,0.0,101924.0,-0.342957,-0.129114,MUS,JPN,842951
2681343,152,114,8935,2007,0.0,24027.0,-1.348692,-1.134002,MWI,JPN,842951
2681344,153,114,8935,2007,0.0,19402174.0,0.740788,0.302155,MYS,JPN,842951
2681345,154,114,8935,2007,0.0,68926.0,0.9008879999999999,-0.209565,MYT,JPN,842951
2681346,156,114,8935,2007,0.0,1082252.0,-0.075892,-0.8211430000000001,NCL,JPN,842951
2681347,159,114,8935,2007,0.0,475991.0,-1.746879,-1.20823,NGA,JPN,842951
2681348,160,114,8935,2007,0.0,67300.0,-0.924162,-0.857508,NIC,JPN,842951
2681349,162,114,8935,2007,0.0,50344856.0,1.089169,1.589641,NLD,JPN,842951
2681350,163,114,8935,2007,0.0,139892.0,0.9829100000000001,0.100995,NOR,JPN,842951
2681351,164,114,8935,2007,0.0,447491.0,-0.274255,0.513961,NPL,JPN,842951
2681352,166,114,8935,2007,0.0,12227792.0,0.495938,0.845825,NZL,JPN,842951
2681353,167,114,8935,2007,0.0,33453082.0,-0.5185310000000001,-1.071832,OMN,JPN,842951
2681354,168,114,8935,2007,0.0,8882913.0,-0.5594359999999999,0.47369300000000003,PAK,JPN,842951
2681355,169,114,8935,2007,0.0,971832.0,0.36233899999999997,0.807669,PAN,JPN,842951
2681356,173,114,8935,2007,0.0,2143067.0,-0.49716099999999996,0.02556,PER,JPN,842951
2681357,174,114,8935,2007,186903.0,15640261.0,0.032117,-0.16600499999999999,PHL,JPN,842951
2681358,175,114,8935,2007,0.0,8441.0,-0.514012,-0.878468,PLW,JPN,842951
2681359,176,114,8935,2007,0.0,904949.0,-1.947486,-1.284269,PNG,JPN,842951
2681360,177,114,8935,2007,0.0,275799.0,1.0412139999999999,1.309641,POL,JPN,842951
2681361,179,114,8935,2007,0.0,1111088.0,0.621302,1.971656,PRT,JPN,842951
2681362,180,114,8935,2007,0.0,59236.0,-0.500617,-0.814385,PRY,JPN,842951
2681363,182,114,8935,2007,0.0,9644.0,-0.72809,-0.9329620000000001,PYF,JPN,842951
2681364,183,114,8935,2007,0.0,7621700.0,0.20181500000000002,-0.9898110000000001,QAT,JPN,842951
2681365,185,114,8935,2007,0.0,2956294.0,0.69445,1.223747,ROU,JPN,842951
2681366,186,114,8935,2007,84291.0,45966372.0,0.5576399999999999,-0.05382000000000001,RUS,JPN,842951
2681367,187,114,8935,2007,0.0,264382.0,-0.383017,-0.49216899999999997,RWA,JPN,842951
2681368,188,114,8935,2007,0.0,60255848.0,0.367463,-0.8603709999999999,SAU,JPN,842951
2681369,190,114,8935,2007,0.0,1117382.0,-1.978359,-1.316172,SDN,JPN,842951
2681370,191,114,8935,2007,0.0,356432.0,-0.20343599999999998,0.27211199999999997,SEN,JPN,842951
2681371,192,114,8935,2007,0.0,33970348.0,1.608299,0.545791,SGP,JPN,842951
2681372,195,114,8935,2007,0.0,218950.0,-1.144843,-0.956784,SLB,JPN,842951
2681373,201,114,8935,2007,0.0,80963.0,0.579288,1.464123,SRB,JPN,842951
2681374,206,114,8935,2007,0.0,4153328.0,1.358301,0.79655,SVK,JPN,842951
2681375,207,114,8935,2007,0.0,156284.0,1.605767,0.692926,SVN,JPN,842951
2681376,208,114,8935,2007,0.0,2039046.0,1.927244,0.498241,SWE,JPN,842951
2681377,209,114,8935,2007,0.0,1447.0,0.9562299999999999,0.053538,SWZ,JPN,842951
2681378,212,114,8935,2007,0.0,2912290.0,-0.46851899999999996,0.553396,SYR,JPN,842951
2681379,216,114,8935,2007,4408.0,17090040.0,0.711328,1.411114,THA,JPN,842951
2681380,219,114,8935,2007,0.0,1056842.0,-1.16715,-1.213064,TKM,JPN,842951
2681381,222,114,8935,2007,0.0,197165.0,-0.371347,-1.0536709999999998,TTO,JPN,842951
2681382,223,114,8935,2007,0.0,1859840.0,0.062824,0.74003,TUN,JPN,842951
2681383,224,114,8935,2007,0.0,76566848.0,0.41396700000000003,2.0339869999999998,TUR,JPN,842951
2681384,226,114,8935,2007,0.0,545528.0,-0.8493959999999999,0.47116099999999994,TZA,JPN,842951
2681385,227,114,8935,2007,0.0,45262.0,-0.900559,-0.42071400000000003,UGA,JPN,842951
2681386,228,114,8935,2007,0.0,612166.0,0.7441760000000001,0.8681260000000001,UKR,JPN,842951
2681387,230,114,8935,2007,0.0,16095.0,0.184883,0.207788,URY,JPN,842951
2681388,231,114,8935,2007,5589472.0,358823392.0,1.612165,0.0922,USA,JPN,842951
2681389,236,114,8935,2007,0.0,30225.0,-0.231215,-0.9839200000000001,VEN,JPN,842951
2681390,239,114,8935,2007,5992.0,16465419.0,-0.335613,1.048849,VNM,JPN,842951
2681391,240,114,8935,2007,0.0,16644.0,-1.187885,-0.993107,VUT,JPN,842951
2681392,243,114,8935,2007,0.0,845050.0,-1.2624600000000001,-1.2131290000000001,YEM,JPN,842951
2681393,246,114,8935,2007,2359.0,43253580.0,0.349792,1.246052,ZAF,JPN,842951
2681394,247,114,8935,2007,0.0,26893.0,-0.522838,-0.796874,ZMB,JPN,842951
2681395,248,114,8935,2007,0.0,85012.0,-0.5271399999999999,-0.47033800000000003,ZWE,JPN,842951
2681396,249,114,8935,2007,0.0,10188702.0,1.651607,0.974649,TWN,JPN,842951
2681397,2,121,8935,2007,0.0,2838777.0,-1.6925709999999998,-1.1987290000000002,AGO,KOR,842951
2681398,4,121,8935,2007,0.0,12038.0,-0.20616700000000002,-0.016993,ALB,KOR,842951
2681399,6,121,8935,2007,0.0,133968.0,0.305773,-0.504676,ANT,KOR,842951
2681400,7,121,8935,2007,62998.0,9202041.0,-0.107504,-0.44744300000000004,ARE,KOR,842951
2681401,8,121,8935,2007,0.0,1063546.0,0.178214,0.5093850000000001,ARG,KOR,842951
2681402,9,121,8935,2007,0.0,92798.0,0.7169,-0.019251,ARM,KOR,842951
2681403,14,121,8935,2007,73140.0,16709682.0,0.137686,0.451592,AUS,KOR,842951
2681404,15,121,8935,2007,0.0,369386.0,1.730088,-0.045543,AUT,KOR,842951
2681405,16,121,8935,2007,0.0,126803.0,-0.897342,-1.174224,AZE,KOR,842951
2681406,18,121,8935,2007,0.0,43566476.0,1.2880479999999999,1.145724,BEL,KOR,842951
2681407,22,121,8935,2007,0.0,21447.0,-0.9436469999999999,-0.7200310000000001,BGD,KOR,842951
2681408,23,121,8935,2007,0.0,10743337.0,0.43321899999999997,1.5696700000000001,BGR,KOR,842951
2681409,24,121,8935,2007,0.0,4489923.0,0.500846,-0.845449,BHR,KOR,842951
2681410,25,121,8935,2007,0.0,203319.0,0.502698,-0.538612,BHS,KOR,842951
2681411,26,121,8935,2007,0.0,333642.0,0.46303199999999994,0.596178,BIH,KOR,842951
2681412,28,121,8935,2007,0.0,11678.0,1.0435889999999999,0.415603,BLR,KOR,842951
2681413,31,121,8935,2007,0.0,3930.0,-1.021595,-0.955375,BOL,KOR,842951
2681414,32,121,8935,2007,0.0,2120498.0,0.582859,1.137225,BRA,KOR,842951
2681415,33,121,8935,2007,0.0,46002.0,1.006332,0.680391,BRB,KOR,842951
2681416,39,121,8935,2007,275528.0,3360746.0,0.77681,1.20517,CAN,KOR,842951
2681417,41,121,8935,2007,0.0,210264.0,2.0198080000000003,0.42277200000000004,CHE,KOR,842951
2681418,42,121,8935,2007,0.0,3852635.0,-0.306846,-0.57431,CHL,KOR,842951
2681419,43,121,8935,2007,315123.0,444824.0,0.801547,2.321052,CHN,KOR,842951
2681420,44,121,8935,2007,0.0,19169.0,-0.9989110000000001,-0.867232,CIV,KOR,842951
2681421,49,121,8935,2007,0.0,484136.0,0.118341,0.557699,COL,KOR,842951
2681422,52,121,8935,2007,0.0,230009.0,0.001895,-0.30248600000000003,CRI,KOR,842951
2681423,54,121,8935,2007,0.0,129449.0,-0.308053,-0.8740610000000001,CUB,KOR,842951
2681424,58,121,8935,2007,0.0,57468.0,0.887351,0.426331,CYP,KOR,842951
2681425,59,121,8935,2007,0.0,484024.0,1.620377,0.379404,CZE,KOR,842951
2681426,61,121,8935,2007,635318.0,1380433.0,2.114566,-2.934732,DEU,KOR,842951
2681427,62,121,8935,2007,0.0,234819.0,-1.111848,-0.983348,DJI,KOR,842951
2681428,64,121,8935,2007,183499.0,0.0,1.204019,1.122666,DNK,KOR,842951
2681429,65,121,8935,2007,0.0,143907.0,-0.228756,0.004222,DOM,KOR,842951
2681430,66,121,8935,2007,0.0,7344815.0,-0.9822690000000001,-1.170282,DZA,KOR,842951
2681431,67,121,8935,2007,0.0,1649104.0,-0.820491,-0.8557879999999999,ECU,KOR,842951
2681432,68,121,8935,2007,0.0,4467859.0,-0.144054,0.663592,EGY,KOR,842951
2681433,71,121,8935,2007,0.0,26096364.0,0.914681,2.027797,ESP,KOR,842951
2681434,72,121,8935,2007,0.0,178391.0,0.746434,1.306397,EST,KOR,842951
2681435,73,121,8935,2007,0.0,1025132.0,-1.115917,-0.821652,ETH,KOR,842951
2681436,74,121,8935,2007,0.0,1540077.0,1.865502,0.7737729999999999,FIN,KOR,842951
2681437,77,121,8935,2007,257527.0,8325404.0,1.4565350000000001,0.262845,FRA,KOR,842951
2681438,81,121,8935,2007,169489.0,20112344.0,1.718661,0.35525300000000004,GBR,KOR,842951
2681439,83,121,8935,2007,0.0,14368.0,-0.906867,-0.565891,GHA,KOR,842951
2681440,90,121,8935,2007,0.0,106030.0,0.348709,1.674567,GRC,KOR,842951
2681441,93,121,8935,2007,0.0,1400434.0,-0.261899,0.643437,GTM,KOR,842951
2681442,95,121,8935,2007,0.0,400795.0,0.571674,-0.282353,GUM,KOR,842951
2681443,96,121,8935,2007,0.0,25977.0,-0.889957,-0.873185,GUY,KOR,842951
2681444,99,121,8935,2007,0.0,11631.0,-0.6366,-0.327447,HND,KOR,842951
2681445,100,121,8935,2007,0.0,1486470.0,0.7799699999999999,1.1047850000000001,HRV,KOR,842951
2681446,103,121,8935,2007,0.0,157772.0,-0.192415,1.497962,IDN,KOR,842951
2681447,104,121,8935,2007,50252.0,711211.0,0.279475,2.7514939999999997,IND,KOR,842951
2681448,106,121,8935,2007,0.0,153132.0,1.353146,0.122832,IRL,KOR,842951
2681449,107,121,8935,2007,0.0,4796339.0,-0.797659,-1.048892,IRN,KOR,842951
2681450,108,121,8935,2007,0.0,245391.0,-1.961053,-0.8849969999999999,IRQ,KOR,842951
2681451,109,121,8935,2007,0.0,283966.0,0.172786,-0.380266,ISL,KOR,842951
2681452,110,121,8935,2007,0.0,1694524.0,1.092244,0.753984,ISR,KOR,842951
2681453,111,121,8935,2007,142876.0,6341850.0,1.3003559999999998,0.705448,ITA,KOR,842951
2681454,112,121,8935,2007,0.0,237066.0,-0.466305,-0.971972,JAM,KOR,842951
2681455,113,121,8935,2007,0.0,237978.0,0.228433,0.5984550000000001,JOR,KOR,842951
2681456,114,121,8935,2007,13679724.0,65752.0,2.313259,0.186703,JPN,KOR,842951
2681457,115,121,8935,2007,0.0,1676907.0,-0.171218,-0.630279,KAZ,KOR,842951
2681458,116,121,8935,2007,0.0,369939.0,-0.44365299999999996,0.858692,KEN,KOR,842951
2681459,117,121,8935,2007,0.0,232087.0,-0.190437,-0.23665999999999998,KGZ,KOR,842951
2681460,118,121,8935,2007,0.0,11428.0,-1.1822489999999999,-1.129066,KHM,KOR,842951
2681461,122,121,8935,2007,0.0,133978.0,-0.8265030000000001,-1.166243,KWT,KOR,842951
2681462,124,121,8935,2007,0.0,22085.0,0.47468,1.775191,LBN,KOR,842951
2681463,126,121,8935,2007,0.0,3797820.0,-0.8669959999999999,-1.167363,LBY,KOR,842951
2681464,128,121,8935,2007,0.0,26693.0,-0.568577,0.364717,LKA,KOR,842951
2681465,132,121,8935,2007,0.0,95958.0,0.61459,0.985358,LVA,KOR,842951
2681466,133,121,8935,2007,0.0,48648.0,0.168528,-0.150411,MAC,KOR,842951
2681467,134,121,8935,2007,0.0,567033.0,-0.5846560000000001,0.10927100000000001,MAR,KOR,842951
2681468,136,121,8935,2007,0.0,192346.0,-0.939838,-0.221205,MDG,KOR,842951
2681469,138,121,8935,2007,0.0,739102.0,1.044746,0.605246,MEX,KOR,842951
2681470,140,121,8935,2007,0.0,34264.0,-0.125912,-0.009395,MKD,KOR,842951
2681471,144,121,8935,2007,0.0,372665.0,0.250006,-0.154908,MNE,KOR,842951
2681472,145,121,8935,2007,0.0,134606.0,-1.0688790000000001,-1.1115709999999999,MNG,KOR,842951
2681473,154,121,8935,2007,0.0,4181.0,0.9008879999999999,-0.209565,MYT,KOR,842951
2681474,156,121,8935,2007,0.0,3077253.0,-0.075892,-0.8211430000000001,NCL,KOR,842951
2681475,159,121,8935,2007,0.0,1771.0,-1.746879,-1.20823,NGA,KOR,842951
2681476,160,121,8935,2007,0.0,32262.0,-0.924162,-0.857508,NIC,KOR,842951
2681477,162,121,8935,2007,0.0,34486488.0,1.089169,1.589641,NLD,KOR,842951
2681478,166,121,8935,2007,0.0,4853126.0,0.495938,0.845825,NZL,KOR,842951
2681479,167,121,8935,2007,0.0,788137.0,-0.5185310000000001,-1.071832,OMN,KOR,842951
2681480,168,121,8935,2007,0.0,469952.0,-0.5594359999999999,0.47369300000000003,PAK,KOR,842951
2681481,169,121,8935,2007,0.0,1016491.0,0.36233899999999997,0.807669,PAN,KOR,842951
2681482,173,121,8935,2007,0.0,923689.0,-0.49716099999999996,0.02556,PER,KOR,842951
2681483,174,121,8935,2007,0.0,896131.0,0.032117,-0.16600499999999999,PHL,KOR,842951
2681484,176,121,8935,2007,0.0,384663.0,-1.947486,-1.284269,PNG,KOR,842951
2681485,177,121,8935,2007,0.0,134735.0,1.0412139999999999,1.309641,POL,KOR,842951
2681486,179,121,8935,2007,0.0,727518.0,0.621302,1.971656,PRT,KOR,842951
2681487,180,121,8935,2007,0.0,125117.0,-0.500617,-0.814385,PRY,KOR,842951
2681488,182,121,8935,2007,0.0,6830.0,-0.72809,-0.9329620000000001,PYF,KOR,842951
2681489,183,121,8935,2007,0.0,2213156.0,0.20181500000000002,-0.9898110000000001,QAT,KOR,842951
2681490,185,121,8935,2007,0.0,39232.0,0.69445,1.223747,ROU,KOR,842951
2681491,186,121,8935,2007,0.0,18781110.0,0.5576399999999999,-0.05382000000000001,RUS,KOR,842951
2681492,188,121,8935,2007,0.0,14026771.0,0.367463,-0.8603709999999999,SAU,KOR,842951
2681493,190,121,8935,2007,0.0,556634.0,-1.978359,-1.316172,SDN,KOR,842951
2681494,191,121,8935,2007,0.0,148086.0,-0.20343599999999998,0.27211199999999997,SEN,KOR,842951
2681495,192,121,8935,2007,13539.0,65936.0,1.608299,0.545791,SGP,KOR,842951
2681496,201,121,8935,2007,0.0,680922.0,0.579288,1.464123,SRB,KOR,842951
2681497,205,121,8935,2007,0.0,260690.0,-0.8506440000000001,-0.8898959999999999,SUR,KOR,842951
2681498,206,121,8935,2007,0.0,28398.0,1.358301,0.79655,SVK,KOR,842951
2681499,207,121,8935,2007,0.0,1382688.0,1.605767,0.692926,SVN,KOR,842951
2681500,208,121,8935,2007,6855159.0,673191.0,1.927244,0.498241,SWE,KOR,842951
2681501,211,121,8935,2007,0.0,101597.0,-0.644497,-0.8748520000000001,SYC,KOR,842951
2681502,212,121,8935,2007,0.0,2478296.0,-0.46851899999999996,0.553396,SYR,KOR,842951
2681503,216,121,8935,2007,0.0,184811.0,0.711328,1.411114,THA,KOR,842951
2681504,217,121,8935,2007,0.0,203459.0,-1.0092379999999999,-1.185964,TJK,KOR,842951
2681505,222,121,8935,2007,0.0,159263.0,-0.371347,-1.0536709999999998,TTO,KOR,842951
2681506,223,121,8935,2007,0.0,1837518.0,0.062824,0.74003,TUN,KOR,842951
2681507,224,121,8935,2007,0.0,15495461.0,0.41396700000000003,2.0339869999999998,TUR,KOR,842951
2681508,226,121,8935,2007,0.0,26595.0,-0.8493959999999999,0.47116099999999994,TZA,KOR,842951
2681509,228,121,8935,2007,0.0,454678.0,0.7441760000000001,0.8681260000000001,UKR,KOR,842951
2681510,230,121,8935,2007,0.0,174278.0,0.184883,0.207788,URY,KOR,842951
2681511,231,121,8935,2007,11897596.0,53754728.0,1.612165,0.0922,USA,KOR,842951
2681512,232,121,8935,2007,0.0,3000.0,-0.540449,-0.799454,UZB,KOR,842951
2681513,236,121,8935,2007,0.0,8167014.0,-0.231215,-0.9839200000000001,VEN,KOR,842951
2681514,239,121,8935,2007,18840.0,662242.0,-0.335613,1.048849,VNM,KOR,842951
2681515,243,121,8935,2007,0.0,177699.0,-1.2624600000000001,-1.2131290000000001,YEM,KOR,842951
2681516,246,121,8935,2007,0.0,7094838.0,0.349792,1.246052,ZAF,KOR,842951
2681517,249,121,8935,2007,0.0,531483.0,1.651607,0.974649,TWN,KOR,842951
2681518,250,121,8935,2007,15466.0,0.0,0.671936,-0.284418,ANS,KOR,842951
2681519,14,138,8935,2007,437369.0,0.0,0.137686,0.451592,AUS,MEX,842951
2681520,18,138,8935,2007,1351887.0,0.0,1.2880479999999999,1.145724,BEL,MEX,842951
2681521,31,138,8935,2007,0.0,4667.0,-1.021595,-0.955375,BOL,MEX,842951
2681522,32,138,8935,2007,1641114.0,0.0,0.582859,1.137225,BRA,MEX,842951
2681523,39,138,8935,2007,784777.0,145307.0,0.77681,1.20517,CAN,MEX,842951
2681524,41,138,8935,2007,38644.0,0.0,2.0198080000000003,0.42277200000000004,CHE,MEX,842951
2681525,42,138,8935,2007,2581955.0,45627.0,-0.306846,-0.57431,CHL,MEX,842951
2681526,43,138,8935,2007,1005650.0,0.0,0.801547,2.321052,CHN,MEX,842951
2681527,49,138,8935,2007,0.0,202514.0,0.118341,0.557699,COL,MEX,842951
2681528,54,138,8935,2007,0.0,14010.0,-0.308053,-0.8740610000000001,CUB,MEX,842951
2681529,59,138,8935,2007,9836.0,0.0,1.620377,0.379404,CZE,MEX,842951
2681530,61,138,8935,2007,168261.0,1978.0,2.114566,-2.934732,DEU,MEX,842951
2681531,65,138,8935,2007,39614.0,0.0,-0.228756,0.004222,DOM,MEX,842951
2681532,67,138,8935,2007,0.0,185172.0,-0.820491,-0.8557879999999999,ECU,MEX,842951
2681533,68,138,8935,2007,0.0,28807.0,-0.144054,0.663592,EGY,MEX,842951
2681534,71,138,8935,2007,653317.0,0.0,0.914681,2.027797,ESP,MEX,842951
2681535,74,138,8935,2007,8350587.0,0.0,1.865502,0.7737729999999999,FIN,MEX,842951
2681536,77,138,8935,2007,398195.0,0.0,1.4565350000000001,0.262845,FRA,MEX,842951
2681537,81,138,8935,2007,9568062.0,0.0,1.718661,0.35525300000000004,GBR,MEX,842951
2681538,93,138,8935,2007,0.0,150102.0,-0.261899,0.643437,GTM,MEX,842951
2681539,99,138,8935,2007,0.0,104117.0,-0.6366,-0.327447,HND,MEX,842951
2681540,103,138,8935,2007,87217.0,0.0,-0.192415,1.497962,IDN,MEX,842951
2681541,111,138,8935,2007,831272.0,34422.0,1.3003559999999998,0.705448,ITA,MEX,842951
2681542,114,138,8935,2007,20147450.0,0.0,2.313259,0.186703,JPN,MEX,842951
2681543,121,138,8935,2007,739102.0,0.0,1.497359,0.726637,KOR,MEX,842951
2681544,153,138,8935,2007,6993.0,0.0,0.740788,0.302155,MYS,MEX,842951
2681545,160,138,8935,2007,100404.0,0.0,-0.924162,-0.857508,NIC,MEX,842951
2681546,162,138,8935,2007,130761.0,0.0,1.089169,1.589641,NLD,MEX,842951
2681547,169,138,8935,2007,0.0,739850.0,0.36233899999999997,0.807669,PAN,MEX,842951
2681548,173,138,8935,2007,73661.0,68627.0,-0.49716099999999996,0.02556,PER,MEX,842951
2681549,177,138,8935,2007,160908.0,0.0,1.0412139999999999,1.309641,POL,MEX,842951
2681550,180,138,8935,2007,0.0,1794.0,-0.500617,-0.814385,PRY,MEX,842951
2681551,192,138,8935,2007,14444.0,0.0,1.608299,0.545791,SGP,MEX,842951
2681552,208,138,8935,2007,11126470.0,0.0,1.927244,0.498241,SWE,MEX,842951
2681553,231,138,8935,2007,114750216.0,139407.0,1.612165,0.0922,USA,MEX,842951
2681554,236,138,8935,2007,0.0,204424.0,-0.231215,-0.9839200000000001,VEN,MEX,842951
2681555,7,145,8935,2007,29225.0,0.0,-0.107504,-0.44744300000000004,ARE,MNG,842951
2681556,15,145,8935,2007,566548.0,0.0,1.730088,-0.045543,AUT,MNG,842951
2681557,39,145,8935,2007,90722.0,0.0,0.77681,1.20517,CAN,MNG,842951
2681558,41,145,8935,2007,188816.0,0.0,2.0198080000000003,0.42277200000000004,CHE,MNG,842951
2681559,43,145,8935,2007,6891562.0,0.0,0.801547,2.321052,CHN,MNG,842951
2681560,72,145,8935,2007,259913.0,0.0,0.746434,1.306397,EST,MNG,842951
2681561,74,145,8935,2007,744884.0,0.0,1.865502,0.7737729999999999,FIN,MNG,842951
2681562,81,145,8935,2007,219356.0,0.0,1.718661,0.35525300000000004,GBR,MNG,842951
2681563,97,145,8935,2007,3652.0,0.0,0.639034,2.1086009999999997,HKG,MNG,842951
2681564,114,145,8935,2007,764915.0,0.0,2.313259,0.186703,JPN,MNG,842951
2681565,121,145,8935,2007,134606.0,0.0,1.497359,0.726637,KOR,MNG,842951
2681566,162,145,8935,2007,28054.0,0.0,1.089169,1.589641,NLD,MNG,842951
2681567,186,145,8935,2007,59691.0,4425.0,0.5576399999999999,-0.05382000000000001,RUS,MNG,842951
2681568,216,145,8935,2007,40182.0,0.0,0.711328,1.411114,THA,MNG,842951
2681569,231,145,8935,2007,383251.0,0.0,1.612165,0.0922,USA,MNG,842951
2681570,7,153,8935,2007,0.0,496631.0,-0.107504,-0.44744300000000004,ARE,MYS,842951
2681571,14,153,8935,2007,14680.0,455402.0,0.137686,0.451592,AUS,MYS,842951
2681572,34,153,8935,2007,14743.0,21060.0,-1.118219,-0.924797,BRN,MYS,842951
2681573,39,153,8935,2007,56526.0,8361.0,0.77681,1.20517,CAN,MYS,842951
2681574,43,153,8935,2007,2965752.0,216907.0,0.801547,2.321052,CHN,MYS,842951
2681575,61,153,8935,2007,0.0,21396.0,2.114566,-2.934732,DEU,MYS,842951
2681576,68,153,8935,2007,0.0,7861.0,-0.144054,0.663592,EGY,MYS,842951
2681577,71,153,8935,2007,0.0,39937.0,0.914681,2.027797,ESP,MYS,842951
2681578,77,153,8935,2007,15289.0,0.0,1.4565350000000001,0.262845,FRA,MYS,842951
2681579,80,153,8935,2007,0.0,39385.0,-1.328633,-1.165045,GAB,MYS,842951
2681580,81,153,8935,2007,652209.0,2034326.0,1.718661,0.35525300000000004,GBR,MYS,842951
2681581,96,153,8935,2007,0.0,148505.0,-0.889957,-0.873185,GUY,MYS,842951
2681582,103,153,8935,2007,16998.0,111943.0,-0.192415,1.497962,IDN,MYS,842951
2681583,114,153,8935,2007,19402174.0,0.0,2.313259,0.186703,JPN,MYS,842951
2681584,123,153,8935,2007,0.0,27665.0,-1.045213,-1.01482,LAO,MYS,842951
2681585,126,153,8935,2007,0.0,36588.0,-0.8669959999999999,-1.167363,LBY,MYS,842951
2681586,137,153,8935,2007,0.0,5429.0,-0.7558050000000001,-0.931211,MDV,MYS,842951
2681587,138,153,8935,2007,0.0,6993.0,1.044746,0.605246,MEX,MYS,842951
2681588,163,153,8935,2007,34677.0,0.0,0.9829100000000001,0.100995,NOR,MYS,842951
2681589,168,153,8935,2007,0.0,40395.0,-0.5594359999999999,0.47369300000000003,PAK,MYS,842951
2681590,174,153,8935,2007,28419.0,2294.0,0.032117,-0.16600499999999999,PHL,MYS,842951
2681591,176,153,8935,2007,0.0,129306.0,-1.947486,-1.284269,PNG,MYS,842951
2681592,183,153,8935,2007,0.0,9729.0,0.20181500000000002,-0.9898110000000001,QAT,MYS,842951
2681593,188,153,8935,2007,0.0,17757.0,0.367463,-0.8603709999999999,SAU,MYS,842951
2681594,192,153,8935,2007,567787.0,491559.0,1.608299,0.545791,SGP,MYS,842951
2681595,195,153,8935,2007,0.0,80126.0,-1.144843,-0.956784,SLB,MYS,842951
2681596,208,153,8935,2007,354592.0,0.0,1.927244,0.498241,SWE,MYS,842951
2681597,216,153,8935,2007,15517.0,127054.0,0.711328,1.411114,THA,MYS,842951
2681598,226,153,8935,2007,0.0,23586.0,-0.8493959999999999,0.47116099999999994,TZA,MYS,842951
2681599,231,153,8935,2007,2055825.0,547513.0,1.612165,0.0922,USA,MYS,842951
2681600,239,153,8935,2007,0.0,11427.0,-0.335613,1.048849,VNM,MYS,842951
2681601,240,153,8935,2007,0.0,37738.0,-1.187885,-0.993107,VUT,MYS,842951
2681602,249,153,8935,2007,9135.0,0.0,1.651607,0.974649,TWN,MYS,842951
2681603,1,162,8935,2007,0.0,17847.0,-0.745981,-0.682003,AFG,NLD,842951
2681604,2,162,8935,2007,0.0,830806.0,-1.6925709999999998,-1.1987290000000002,AGO,NLD,842951
2681605,4,162,8935,2007,14433.0,94968.0,-0.20616700000000002,-0.016993,ALB,NLD,842951
2681606,6,162,8935,2007,0.0,580083.0,0.305773,-0.504676,ANT,NLD,842951
2681607,7,162,8935,2007,334657.0,1955692.0,-0.107504,-0.44744300000000004,ARE,NLD,842951
2681608,8,162,8935,2007,53705.0,19189.0,0.178214,0.5093850000000001,ARG,NLD,842951
2681609,9,162,8935,2007,0.0,20782.0,0.7169,-0.019251,ARM,NLD,842951
2681610,14,162,8935,2007,41635.0,20131440.0,0.137686,0.451592,AUS,NLD,842951
2681611,15,162,8935,2007,10900545.0,3219010.0,1.730088,-0.045543,AUT,NLD,842951
2681612,16,162,8935,2007,0.0,20588.0,-0.897342,-1.174224,AZE,NLD,842951
2681613,18,162,8935,2007,39377360.0,16191527.0,1.2880479999999999,1.145724,BEL,NLD,842951
2681614,19,162,8935,2007,40280.0,18818.0,-1.055882,-0.880178,BEN,NLD,842951
2681615,21,162,8935,2007,0.0,7520.0,-0.960893,-0.94458,BFA,NLD,842951
2681616,23,162,8935,2007,0.0,1468133.0,0.43321899999999997,1.5696700000000001,BGR,NLD,842951
2681617,24,162,8935,2007,23683.0,198008.0,0.500846,-0.845449,BHR,NLD,842951
2681618,26,162,8935,2007,0.0,54177.0,0.46303199999999994,0.596178,BIH,NLD,842951
2681619,28,162,8935,2007,0.0,15626.0,1.0435889999999999,0.415603,BLR,NLD,842951
2681620,31,162,8935,2007,0.0,533377.0,-1.021595,-0.955375,BOL,NLD,842951
2681621,32,162,8935,2007,16759284.0,0.0,0.582859,1.137225,BRA,NLD,842951
2681622,39,162,8935,2007,128512.0,81760.0,0.77681,1.20517,CAN,NLD,842951
2681623,41,162,8935,2007,221896.0,2086977.0,2.0198080000000003,0.42277200000000004,CHE,NLD,842951
2681624,42,162,8935,2007,0.0,34143.0,-0.306846,-0.57431,CHL,NLD,842951
2681625,43,162,8935,2007,5785279.0,0.0,0.801547,2.321052,CHN,NLD,842951
2681626,44,162,8935,2007,0.0,283985.0,-0.9989110000000001,-0.867232,CIV,NLD,842951
2681627,45,162,8935,2007,177681.0,1102930.0,-0.821623,-0.965601,CMR,NLD,842951
2681628,46,162,8935,2007,0.0,848406.0,-1.507664,-1.111844,COD,NLD,842951
2681629,47,162,8935,2007,0.0,215638.0,-1.88462,-1.22688,COG,NLD,842951
2681630,51,162,8935,2007,0.0,41003.0,0.289375,-0.295194,CPV,NLD,842951
2681631,52,162,8935,2007,0.0,159755.0,0.001895,-0.30248600000000003,CRI,NLD,842951
2681632,54,162,8935,2007,0.0,1543055.0,-0.308053,-0.8740610000000001,CUB,NLD,842951
2681633,58,162,8935,2007,0.0,907117.0,0.887351,0.426331,CYP,NLD,842951
2681634,59,162,8935,2007,168097.0,242810.0,1.620377,0.379404,CZE,NLD,842951
2681635,61,162,8935,2007,69661920.0,35421580.0,2.114566,-2.934732,DEU,NLD,842951
2681636,62,162,8935,2007,0.0,89234.0,-1.111848,-0.983348,DJI,NLD,842951
2681637,64,162,8935,2007,1711696.0,5379406.0,1.204019,1.122666,DNK,NLD,842951
2681638,66,162,8935,2007,0.0,1342961.0,-0.9822690000000001,-1.170282,DZA,NLD,842951
2681639,68,162,8935,2007,61423.0,5601125.0,-0.144054,0.663592,EGY,NLD,842951
2681640,71,162,8935,2007,1303342.0,5683096.0,0.914681,2.027797,ESP,NLD,842951
2681641,72,162,8935,2007,341174.0,1049582.0,0.746434,1.306397,EST,NLD,842951
2681642,73,162,8935,2007,0.0,85828.0,-1.115917,-0.821652,ETH,NLD,842951
2681643,74,162,8935,2007,1215627.0,5848407.0,1.865502,0.7737729999999999,FIN,NLD,842951
2681644,77,162,8935,2007,5794506.0,9408564.0,1.4565350000000001,0.262845,FRA,NLD,842951
2681645,80,162,8935,2007,0.0,287915.0,-1.328633,-1.165045,GAB,NLD,842951
2681646,81,162,8935,2007,20251278.0,5889414.0,1.718661,0.35525300000000004,GBR,NLD,842951
2681647,82,162,8935,2007,297732.0,659991.0,0.016077,-0.386962,GEO,NLD,842951
2681648,83,162,8935,2007,26616.0,1254267.0,-0.906867,-0.565891,GHA,NLD,842951
2681649,85,162,8935,2007,0.0,685997.0,-1.694335,-1.230744,GIN,NLD,842951
2681650,87,162,8935,2007,0.0,457196.0,-0.8336680000000001,-0.8261860000000001,GMB,NLD,842951
2681651,89,162,8935,2007,0.0,424203.0,-1.406911,-0.8466950000000001,GNQ,NLD,842951
2681652,90,162,8935,2007,0.0,6625288.0,0.348709,1.674567,GRC,NLD,842951
2681653,92,162,8935,2007,0.0,152488.0,-1.102012,-0.978591,GRL,NLD,842951
2681654,96,162,8935,2007,0.0,93578.0,-0.889957,-0.873185,GUY,NLD,842951
2681655,97,162,8935,2007,5714.0,0.0,0.639034,2.1086009999999997,HKG,NLD,842951
2681656,100,162,8935,2007,38215.0,211398.0,0.7799699999999999,1.1047850000000001,HRV,NLD,842951
2681657,102,162,8935,2007,354577.0,1260666.0,1.4887709999999998,0.78372,HUN,NLD,842951
2681658,104,162,8935,2007,85541.0,0.0,0.279475,2.7514939999999997,IND,NLD,842951
2681659,106,162,8935,2007,3287518.0,2673662.0,1.353146,0.122832,IRL,NLD,842951
2681660,108,162,8935,2007,0.0,273192.0,-1.961053,-0.8849969999999999,IRQ,NLD,842951
2681661,109,162,8935,2007,822742.0,1433107.0,0.172786,-0.380266,ISL,NLD,842951
2681662,110,162,8935,2007,0.0,276762.0,1.092244,0.753984,ISR,NLD,842951
2681663,111,162,8935,2007,7083626.0,20095734.0,1.3003559999999998,0.705448,ITA,NLD,842951
2681664,112,162,8935,2007,0.0,126061.0,-0.466305,-0.971972,JAM,NLD,842951
2681665,113,162,8935,2007,0.0,857070.0,0.228433,0.5984550000000001,JOR,NLD,842951
2681666,114,162,8935,2007,50344856.0,0.0,2.313259,0.186703,JPN,NLD,842951
2681667,115,162,8935,2007,0.0,94319.0,-0.171218,-0.630279,KAZ,NLD,842951
2681668,116,162,8935,2007,0.0,324634.0,-0.44365299999999996,0.858692,KEN,NLD,842951
2681669,121,162,8935,2007,34486488.0,0.0,1.497359,0.726637,KOR,NLD,842951
2681670,122,162,8935,2007,0.0,1042494.0,-0.8265030000000001,-1.166243,KWT,NLD,842951
2681671,124,162,8935,2007,0.0,308197.0,0.47468,1.775191,LBN,NLD,842951
2681672,126,162,8935,2007,0.0,1273414.0,-0.8669959999999999,-1.167363,LBY,NLD,842951
2681673,128,162,8935,2007,0.0,24032.0,-0.568577,0.364717,LKA,NLD,842951
2681674,130,162,8935,2007,0.0,264164.0,0.604169,1.279982,LTU,NLD,842951
2681675,131,162,8935,2007,326694.0,0.0,1.390259,0.996566,LUX,NLD,842951
2681676,132,162,8935,2007,89844.0,371094.0,0.61459,0.985358,LVA,NLD,842951
2681677,134,162,8935,2007,0.0,3014769.0,-0.5846560000000001,0.10927100000000001,MAR,NLD,842951
2681678,135,162,8935,2007,0.0,35129.0,0.147801,0.13758299999999998,MDA,NLD,842951
2681679,138,162,8935,2007,0.0,130761.0,1.044746,0.605246,MEX,NLD,842951
2681680,140,162,8935,2007,0.0,112942.0,-0.125912,-0.009395,MKD,NLD,842951
2681681,142,162,8935,2007,906837.0,970450.0,1.184569,-0.046376,MLT,NLD,842951
2681682,144,162,8935,2007,0.0,23683.0,0.250006,-0.154908,MNE,NLD,842951
2681683,145,162,8935,2007,0.0,28054.0,-1.0688790000000001,-1.1115709999999999,MNG,NLD,842951
2681684,157,162,8935,2007,0.0,25742.0,-0.287155,-0.577325,NER,NLD,842951
2681685,159,162,8935,2007,0.0,5123839.0,-1.746879,-1.20823,NGA,NLD,842951
2681686,163,162,8935,2007,3615688.0,13176300.0,0.9829100000000001,0.100995,NOR,NLD,842951
2681687,166,162,8935,2007,0.0,82370.0,0.495938,0.845825,NZL,NLD,842951
2681688,167,162,8935,2007,0.0,70130.0,-0.5185310000000001,-1.071832,OMN,NLD,842951
2681689,168,162,8935,2007,0.0,62164.0,-0.5594359999999999,0.47369300000000003,PAK,NLD,842951
2681690,173,162,8935,2007,0.0,1947856.0,-0.49716099999999996,0.02556,PER,NLD,842951
2681691,177,162,8935,2007,162166.0,8370468.0,1.0412139999999999,1.309641,POL,NLD,842951
2681692,179,162,8935,2007,1438611.0,1196904.0,0.621302,1.971656,PRT,NLD,842951
2681693,180,162,8935,2007,0.0,6195.0,-0.500617,-0.814385,PRY,NLD,842951
2681694,183,162,8935,2007,0.0,221416.0,0.20181500000000002,-0.9898110000000001,QAT,NLD,842951
2681695,185,162,8935,2007,148634.0,4714468.0,0.69445,1.223747,ROU,NLD,842951
2681696,186,162,8935,2007,0.0,6093926.0,0.5576399999999999,-0.05382000000000001,RUS,NLD,842951
2681697,187,162,8935,2007,0.0,106145.0,-0.383017,-0.49216899999999997,RWA,NLD,842951
2681698,188,162,8935,2007,0.0,902815.0,0.367463,-0.8603709999999999,SAU,NLD,842951
2681699,190,162,8935,2007,0.0,71181.0,-1.978359,-1.316172,SDN,NLD,842951
2681700,191,162,8935,2007,0.0,323230.0,-0.20343599999999998,0.27211199999999997,SEN,NLD,842951
2681701,192,162,8935,2007,2535.0,0.0,1.608299,0.545791,SGP,NLD,842951
2681702,196,162,8935,2007,0.0,219652.0,-0.021377,-0.31765,SLE,NLD,842951
2681703,201,162,8935,2007,0.0,714387.0,0.579288,1.464123,SRB,NLD,842951
2681704,205,162,8935,2007,0.0,530538.0,-0.8506440000000001,-0.8898959999999999,SUR,NLD,842951
2681705,206,162,8935,2007,264684.0,332698.0,1.358301,0.79655,SVK,NLD,842951
2681706,207,162,8935,2007,0.0,120427.0,1.605767,0.692926,SVN,NLD,842951
2681707,208,162,8935,2007,663729.0,11931034.0,1.927244,0.498241,SWE,NLD,842951
2681708,212,162,8935,2007,0.0,171113.0,-0.46851899999999996,0.553396,SYR,NLD,842951
2681709,215,162,8935,2007,0.0,8085.0,-0.78689,-0.806879,TGO,NLD,842951
2681710,223,162,8935,2007,186745.0,69170.0,0.062824,0.74003,TUN,NLD,842951
2681711,224,162,8935,2007,3514832.0,209238.0,0.41396700000000003,2.0339869999999998,TUR,NLD,842951
2681712,226,162,8935,2007,0.0,1845268.0,-0.8493959999999999,0.47116099999999994,TZA,NLD,842951
2681713,227,162,8935,2007,0.0,95238.0,-0.900559,-0.42071400000000003,UGA,NLD,842951
2681714,228,162,8935,2007,0.0,2128153.0,0.7441760000000001,0.8681260000000001,UKR,NLD,842951
2681715,230,162,8935,2007,0.0,172885.0,0.184883,0.207788,URY,NLD,842951
2681716,231,162,8935,2007,3269766.0,906695.0,1.612165,0.0922,USA,NLD,842951
2681717,243,162,8935,2007,0.0,152324.0,-1.2624600000000001,-1.2131290000000001,YEM,NLD,842951
2681718,246,162,8935,2007,131917.0,835999.0,0.349792,1.246052,ZAF,NLD,842951
2681719,247,162,8935,2007,0.0,552874.0,-0.522838,-0.796874,ZMB,NLD,842951
2681720,249,162,8935,2007,9365.0,35476.0,1.651607,0.974649,TWN,NLD,842951
2681721,7,163,8935,2007,0.0,68863.0,-0.107504,-0.44744300000000004,ARE,NOR,842951
2681722,15,163,8935,2007,1244890.0,0.0,1.730088,-0.045543,AUT,NOR,842951
2681723,18,163,8935,2007,11371266.0,271751.0,1.2880479999999999,1.145724,BEL,NOR,842951
2681724,23,163,8935,2007,0.0,23759.0,0.43321899999999997,1.5696700000000001,BGR,NOR,842951
2681725,28,163,8935,2007,0.0,1146.0,1.0435889999999999,0.415603,BLR,NOR,842951
2681726,31,163,8935,2007,0.0,311507.0,-1.021595,-0.955375,BOL,NOR,842951
2681727,32,163,8935,2007,1640147.0,0.0,0.582859,1.137225,BRA,NOR,842951
2681728,39,163,8935,2007,262614.0,0.0,0.77681,1.20517,CAN,NOR,842951
2681729,41,163,8935,2007,580801.0,46436.0,2.0198080000000003,0.42277200000000004,CHE,NOR,842951
2681730,42,163,8935,2007,0.0,1460.0,-0.306846,-0.57431,CHL,NOR,842951
2681731,43,163,8935,2007,1051685.0,0.0,0.801547,2.321052,CHN,NOR,842951
2681732,59,163,8935,2007,158185.0,0.0,1.620377,0.379404,CZE,NOR,842951
2681733,61,163,8935,2007,27794118.0,532865.0,2.114566,-2.934732,DEU,NOR,842951
2681734,64,163,8935,2007,11904537.0,1036732.0,1.204019,1.122666,DNK,NOR,842951
2681735,68,163,8935,2007,0.0,502531.0,-0.144054,0.663592,EGY,NOR,842951
2681736,71,163,8935,2007,177906.0,0.0,0.914681,2.027797,ESP,NOR,842951
2681737,72,163,8935,2007,0.0,101235.0,0.746434,1.306397,EST,NOR,842951
2681738,74,163,8935,2007,3190186.0,388511.0,1.865502,0.7737729999999999,FIN,NOR,842951
2681739,77,163,8935,2007,218308.0,0.0,1.4565350000000001,0.262845,FRA,NOR,842951
2681740,80,163,8935,2007,0.0,33747.0,-1.328633,-1.165045,GAB,NOR,842951
2681741,81,163,8935,2007,8547682.0,62184.0,1.718661,0.35525300000000004,GBR,NOR,842951
2681742,90,163,8935,2007,0.0,11080.0,0.348709,1.674567,GRC,NOR,842951
2681743,92,163,8935,2007,0.0,637878.0,-1.102012,-0.978591,GRL,NOR,842951
2681744,102,163,8935,2007,0.0,8465.0,1.4887709999999998,0.78372,HUN,NOR,842951
2681745,111,163,8935,2007,1668490.0,42162.0,1.3003559999999998,0.705448,ITA,NOR,842951
2681746,114,163,8935,2007,139892.0,0.0,2.313259,0.186703,JPN,NOR,842951
2681747,124,163,8935,2007,0.0,36755.0,0.47468,1.775191,LBN,NOR,842951
2681748,130,163,8935,2007,0.0,11310.0,0.604169,1.279982,LTU,NOR,842951
2681749,132,163,8935,2007,0.0,11212.0,0.61459,0.985358,LVA,NOR,842951
2681750,134,163,8935,2007,0.0,32388.0,-0.5846560000000001,0.10927100000000001,MAR,NOR,842951
2681751,153,163,8935,2007,0.0,34677.0,0.740788,0.302155,MYS,NOR,842951
2681752,159,163,8935,2007,0.0,37322.0,-1.746879,-1.20823,NGA,NOR,842951
2681753,162,163,8935,2007,13176300.0,3615688.0,1.089169,1.589641,NLD,NOR,842951
2681754,168,163,8935,2007,0.0,7097.0,-0.5594359999999999,0.47369300000000003,PAK,NOR,842951
2681755,173,163,8935,2007,0.0,47004.0,-0.49716099999999996,0.02556,PER,NOR,842951
2681756,177,163,8935,2007,89433.0,10191.0,1.0412139999999999,1.309641,POL,NOR,842951
2681757,183,163,8935,2007,0.0,41456.0,0.20181500000000002,-0.9898110000000001,QAT,NOR,842951
2681758,186,163,8935,2007,158065.0,349753.0,0.5576399999999999,-0.05382000000000001,RUS,NOR,842951
2681759,190,163,8935,2007,0.0,1395.0,-1.978359,-1.316172,SDN,NOR,842951
2681760,201,163,8935,2007,0.0,7284.0,0.579288,1.464123,SRB,NOR,842951
2681761,208,163,8935,2007,62304020.0,6085878.0,1.927244,0.498241,SWE,NOR,842951
2681762,228,163,8935,2007,0.0,30482.0,0.7441760000000001,0.8681260000000001,UKR,NOR,842951
2681763,231,163,8935,2007,5454374.0,0.0,1.612165,0.0922,USA,NOR,842951
2681764,246,163,8935,2007,0.0,144944.0,0.349792,1.246052,ZAF,NOR,842951
2681765,7,166,8935,2007,0.0,494816.0,-0.107504,-0.44744300000000004,ARE,NZL,842951
2681766,10,166,8935,2007,0.0,21674.0,0.8147989999999999,-0.217887,ASM,NZL,842951
2681767,14,166,8935,2007,2374495.0,712162.0,0.137686,0.451592,AUS,NZL,842951
2681768,15,166,8935,2007,881783.0,0.0,1.730088,-0.045543,AUT,NZL,842951
2681769,41,166,8935,2007,38693.0,0.0,2.0198080000000003,0.42277200000000004,CHE,NZL,842951
2681770,43,166,8935,2007,763351.0,0.0,0.801547,2.321052,CHN,NZL,842951
2681771,48,166,8935,2007,0.0,311478.0,0.0857,-0.604571,COK,NZL,842951
2681772,61,166,8935,2007,612792.0,22506.0,2.114566,-2.934732,DEU,NZL,842951
2681773,64,166,8935,2007,7451.0,0.0,1.204019,1.122666,DNK,NZL,842951
2681774,74,166,8935,2007,872645.0,0.0,1.865502,0.7737729999999999,FIN,NZL,842951
2681775,75,166,8935,2007,0.0,54278.0,-0.506992,0.033250999999999996,FJI,NZL,842951
2681776,77,166,8935,2007,107921.0,0.0,1.4565350000000001,0.262845,FRA,NZL,842951
2681777,81,166,8935,2007,1261019.0,93104.0,1.718661,0.35525300000000004,GBR,NZL,842951
2681778,103,166,8935,2007,0.0,18091.0,-0.192415,1.497962,IDN,NZL,842951
2681779,111,166,8935,2007,81670.0,0.0,1.3003559999999998,0.705448,ITA,NZL,842951
2681780,114,166,8935,2007,12227792.0,0.0,2.313259,0.186703,JPN,NZL,842951
2681781,121,166,8935,2007,4853126.0,0.0,1.497359,0.726637,KOR,NZL,842951
2681782,128,166,8935,2007,0.0,10593.0,-0.568577,0.364717,LKA,NZL,842951
2681783,156,166,8935,2007,0.0,253154.0,-0.075892,-0.8211430000000001,NCL,NZL,842951
2681784,158,166,8935,2007,0.0,19922.0,0.775683,-0.48603599999999997,NFK,NZL,842951
2681785,161,166,8935,2007,0.0,61006.0,0.8204540000000001,-0.403953,NIU,NZL,842951
2681786,162,166,8935,2007,82370.0,0.0,1.089169,1.589641,NLD,NZL,842951
2681787,168,166,8935,2007,0.0,22428.0,-0.5594359999999999,0.47369300000000003,PAK,NZL,842951
2681788,192,166,8935,2007,0.0,363513.0,1.608299,0.545791,SGP,NZL,842951
2681789,208,166,8935,2007,4757436.0,0.0,1.927244,0.498241,SWE,NZL,842951
2681790,221,166,8935,2007,0.0,45043.0,-0.482545,-0.816512,TON,NZL,842951
2681791,231,166,8935,2007,2877739.0,108932.0,1.612165,0.0922,USA,NZL,842951
2681792,240,166,8935,2007,0.0,220285.0,-1.187885,-0.993107,VUT,NZL,842951
2681793,242,166,8935,2007,0.0,159730.0,-0.21260500000000002,-0.671421,WSM,NZL,842951
2681794,249,166,8935,2007,54447.0,0.0,1.651607,0.974649,TWN,NZL,842951
2681795,32,169,8935,2007,1947964.0,0.0,0.582859,1.137225,BRA,PAN,842951
2681796,42,169,8935,2007,320325.0,0.0,-0.306846,-0.57431,CHL,PAN,842951
2681797,43,169,8935,2007,205554.0,0.0,0.801547,2.321052,CHN,PAN,842951
2681798,49,169,8935,2007,7242.0,0.0,0.118341,0.557699,COL,PAN,842951
2681799,52,169,8935,2007,359634.0,0.0,0.001895,-0.30248600000000003,CRI,PAN,842951
2681800,54,169,8935,2007,0.0,236742.0,-0.308053,-0.8740610000000001,CUB,PAN,842951
2681801,65,169,8935,2007,25129.0,0.0,-0.228756,0.004222,DOM,PAN,842951
2681802,67,169,8935,2007,0.0,289077.0,-0.820491,-0.8557879999999999,ECU,PAN,842951
2681803,77,169,8935,2007,432096.0,0.0,1.4565350000000001,0.262845,FRA,PAN,842951
2681804,81,169,8935,2007,262515.0,0.0,1.718661,0.35525300000000004,GBR,PAN,842951
2681805,93,169,8935,2007,0.0,2286808.0,-0.261899,0.643437,GTM,PAN,842951
2681806,111,169,8935,2007,1005613.0,0.0,1.3003559999999998,0.705448,ITA,PAN,842951
2681807,114,169,8935,2007,971832.0,0.0,2.313259,0.186703,JPN,PAN,842951
2681808,121,169,8935,2007,1016491.0,0.0,1.497359,0.726637,KOR,PAN,842951
2681809,138,169,8935,2007,739850.0,0.0,1.044746,0.605246,MEX,PAN,842951
2681810,160,169,8935,2007,14851.0,0.0,-0.924162,-0.857508,NIC,PAN,842951
2681811,177,169,8935,2007,148819.0,0.0,1.0412139999999999,1.309641,POL,PAN,842951
2681812,197,169,8935,2007,0.0,6083.0,-0.110573,0.184426,SLV,PAN,842951
2681813,208,169,8935,2007,154567.0,0.0,1.927244,0.498241,SWE,PAN,842951
2681814,231,169,8935,2007,4079727.0,41639.0,1.612165,0.0922,USA,PAN,842951
2681815,236,169,8935,2007,24656.0,855922.0,-0.231215,-0.9839200000000001,VEN,PAN,842951
2681816,7,173,8935,2007,0.0,17053.0,-0.107504,-0.44744300000000004,ARE,PER,842951
2681817,14,173,8935,2007,7918514.0,0.0,0.137686,0.451592,AUS,PER,842951
2681818,15,173,8935,2007,240386.0,0.0,1.730088,-0.045543,AUT,PER,842951
2681819,18,173,8935,2007,1183591.0,0.0,1.2880479999999999,1.145724,BEL,PER,842951
2681820,31,173,8935,2007,2298.0,357915.0,-1.021595,-0.955375,BOL,PER,842951
2681821,32,173,8935,2007,12921602.0,0.0,0.582859,1.137225,BRA,PER,842951
2681822,39,173,8935,2007,4341048.0,0.0,0.77681,1.20517,CAN,PER,842951
2681823,42,173,8935,2007,3805459.0,0.0,-0.306846,-0.57431,CHL,PER,842951
2681824,43,173,8935,2007,3429193.0,0.0,0.801547,2.321052,CHN,PER,842951
2681825,49,173,8935,2007,0.0,98308.0,0.118341,0.557699,COL,PER,842951
2681826,61,173,8935,2007,2331507.0,0.0,2.114566,-2.934732,DEU,PER,842951
2681827,64,173,8935,2007,22233.0,0.0,1.204019,1.122666,DNK,PER,842951
2681828,67,173,8935,2007,1874.0,72897.0,-0.820491,-0.8557879999999999,ECU,PER,842951
2681829,71,173,8935,2007,31224.0,0.0,0.914681,2.027797,ESP,PER,842951
2681830,74,173,8935,2007,1509200.0,0.0,1.865502,0.7737729999999999,FIN,PER,842951
2681831,77,173,8935,2007,110005.0,0.0,1.4565350000000001,0.262845,FRA,PER,842951
2681832,81,173,8935,2007,486210.0,0.0,1.718661,0.35525300000000004,GBR,PER,842951
2681833,111,173,8935,2007,90143.0,0.0,1.3003559999999998,0.705448,ITA,PER,842951
2681834,114,173,8935,2007,2143067.0,0.0,2.313259,0.186703,JPN,PER,842951
2681835,121,173,8935,2007,923689.0,0.0,1.497359,0.726637,KOR,PER,842951
2681836,138,173,8935,2007,68627.0,73661.0,1.044746,0.605246,MEX,PER,842951
2681837,162,173,8935,2007,1947856.0,0.0,1.089169,1.589641,NLD,PER,842951
2681838,163,173,8935,2007,47004.0,0.0,0.9829100000000001,0.100995,NOR,PER,842951
2681839,179,173,8935,2007,40928.0,0.0,0.621302,1.971656,PRT,PER,842951
2681840,208,173,8935,2007,10416885.0,0.0,1.927244,0.498241,SWE,PER,842951
2681841,231,173,8935,2007,38746580.0,344913.0,1.612165,0.0922,USA,PER,842951
2681842,7,174,8935,2007,0.0,507698.0,-0.107504,-0.44744300000000004,ARE,PHL,842951
2681843,18,174,8935,2007,207817.0,0.0,1.2880479999999999,1.145724,BEL,PHL,842951
2681844,39,174,8935,2007,375344.0,0.0,0.77681,1.20517,CAN,PHL,842951
2681845,42,174,8935,2007,216520.0,0.0,-0.306846,-0.57431,CHL,PHL,842951
2681846,43,174,8935,2007,2346549.0,0.0,0.801547,2.321052,CHN,PHL,842951
2681847,61,174,8935,2007,20923.0,0.0,2.114566,-2.934732,DEU,PHL,842951
2681848,71,174,8935,2007,0.0,2985.0,0.914681,2.027797,ESP,PHL,842951
2681849,74,174,8935,2007,705190.0,0.0,1.865502,0.7737729999999999,FIN,PHL,842951
2681850,77,174,8935,2007,1007954.0,84131.0,1.4565350000000001,0.262845,FRA,PHL,842951
2681851,81,174,8935,2007,75495.0,0.0,1.718661,0.35525300000000004,GBR,PHL,842951
2681852,97,174,8935,2007,0.0,81976.0,0.639034,2.1086009999999997,HKG,PHL,842951
2681853,111,174,8935,2007,176877.0,0.0,1.3003559999999998,0.705448,ITA,PHL,842951
2681854,114,174,8935,2007,15640261.0,186903.0,2.313259,0.186703,JPN,PHL,842951
2681855,121,174,8935,2007,896131.0,0.0,1.497359,0.726637,KOR,PHL,842951
2681856,153,174,8935,2007,2294.0,28419.0,0.740788,0.302155,MYS,PHL,842951
2681857,168,174,8935,2007,0.0,47417.0,-0.5594359999999999,0.47369300000000003,PAK,PHL,842951
2681858,179,174,8935,2007,0.0,31534.0,0.621302,1.971656,PRT,PHL,842951
2681859,188,174,8935,2007,0.0,20780.0,0.367463,-0.8603709999999999,SAU,PHL,842951
2681860,192,174,8935,2007,266704.0,16065.0,1.608299,0.545791,SGP,PHL,842951
2681861,208,174,8935,2007,981570.0,0.0,1.927244,0.498241,SWE,PHL,842951
2681862,216,174,8935,2007,9926.0,0.0,0.711328,1.411114,THA,PHL,842951
2681863,231,174,8935,2007,1068212.0,0.0,1.612165,0.0922,USA,PHL,842951
2681864,249,174,8935,2007,41736.0,0.0,1.651607,0.974649,TWN,PHL,842951
2681865,2,177,8935,2007,0.0,64315.0,-1.6925709999999998,-1.1987290000000002,AGO,POL,842951
2681866,7,177,8935,2007,8264.0,133961.0,-0.107504,-0.44744300000000004,ARE,POL,842951
2681867,8,177,8935,2007,0.0,273811.0,0.178214,0.5093850000000001,ARG,POL,842951
2681868,14,177,8935,2007,370.0,0.0,0.137686,0.451592,AUS,POL,842951
2681869,15,177,8935,2007,11909758.0,358564.0,1.730088,-0.045543,AUT,POL,842951
2681870,16,177,8935,2007,0.0,156606.0,-0.897342,-1.174224,AZE,POL,842951
2681871,18,177,8935,2007,31455944.0,164193.0,1.2880479999999999,1.145724,BEL,POL,842951
2681872,23,177,8935,2007,0.0,1291094.0,0.43321899999999997,1.5696700000000001,BGR,POL,842951
2681873,26,177,8935,2007,0.0,210724.0,0.46303199999999994,0.596178,BIH,POL,842951
2681874,28,177,8935,2007,43338.0,322250.0,1.0435889999999999,0.415603,BLR,POL,842951
2681875,32,177,8935,2007,538529.0,0.0,0.582859,1.137225,BRA,POL,842951
2681876,39,177,8935,2007,12023.0,2462027.0,0.77681,1.20517,CAN,POL,842951
2681877,41,177,8935,2007,138913.0,0.0,2.0198080000000003,0.42277200000000004,CHE,POL,842951
2681878,43,177,8935,2007,16780590.0,0.0,0.801547,2.321052,CHN,POL,842951
2681879,45,177,8935,2007,0.0,13108.0,-0.821623,-0.965601,CMR,POL,842951
2681880,49,177,8935,2007,0.0,696473.0,0.118341,0.557699,COL,POL,842951
2681881,58,177,8935,2007,252982.0,0.0,0.887351,0.426331,CYP,POL,842951
2681882,59,177,8935,2007,807183.0,35607.0,1.620377,0.379404,CZE,POL,842951
2681883,61,177,8935,2007,66011088.0,4302884.0,2.114566,-2.934732,DEU,POL,842951
2681884,64,177,8935,2007,2512808.0,8847.0,1.204019,1.122666,DNK,POL,842951
2681885,66,177,8935,2007,0.0,25776.0,-0.9822690000000001,-1.170282,DZA,POL,842951
2681886,68,177,8935,2007,0.0,72592.0,-0.144054,0.663592,EGY,POL,842951
2681887,71,177,8935,2007,189262.0,18138524.0,0.914681,2.027797,ESP,POL,842951
2681888,72,177,8935,2007,46595.0,2342258.0,0.746434,1.306397,EST,POL,842951
2681889,73,177,8935,2007,0.0,142497.0,-1.115917,-0.821652,ETH,POL,842951
2681890,74,177,8935,2007,13258395.0,65622.0,1.865502,0.7737729999999999,FIN,POL,842951
2681891,77,177,8935,2007,6147372.0,14559546.0,1.4565350000000001,0.262845,FRA,POL,842951
2681892,81,177,8935,2007,42502388.0,5855960.0,1.718661,0.35525300000000004,GBR,POL,842951
2681893,90,177,8935,2007,198347.0,31263.0,0.348709,1.674567,GRC,POL,842951
2681894,100,177,8935,2007,0.0,11697.0,0.7799699999999999,1.1047850000000001,HRV,POL,842951
2681895,102,177,8935,2007,322360.0,736726.0,1.4887709999999998,0.78372,HUN,POL,842951
2681896,106,177,8935,2007,863301.0,67720.0,1.353146,0.122832,IRL,POL,842951
2681897,107,177,8935,2007,0.0,594093.0,-0.797659,-1.048892,IRN,POL,842951
2681898,109,177,8935,2007,3862.0,0.0,0.172786,-0.380266,ISL,POL,842951
2681899,111,177,8935,2007,31818968.0,0.0,1.3003559999999998,0.705448,ITA,POL,842951
2681900,114,177,8935,2007,275799.0,0.0,2.313259,0.186703,JPN,POL,842951
2681901,115,177,8935,2007,0.0,5001299.0,-0.171218,-0.630279,KAZ,POL,842951
2681902,117,177,8935,2007,0.0,474549.0,-0.190437,-0.23665999999999998,KGZ,POL,842951
2681903,121,177,8935,2007,134735.0,0.0,1.497359,0.726637,KOR,POL,842951
2681904,126,177,8935,2007,0.0,10693.0,-0.8669959999999999,-1.167363,LBY,POL,842951
2681905,130,177,8935,2007,95701.0,359405.0,0.604169,1.279982,LTU,POL,842951
2681906,131,177,8935,2007,17543.0,0.0,1.390259,0.996566,LUX,POL,842951
2681907,132,177,8935,2007,35311.0,291285.0,0.61459,0.985358,LVA,POL,842951
2681908,134,177,8935,2007,0.0,514930.0,-0.5846560000000001,0.10927100000000001,MAR,POL,842951
2681909,135,177,8935,2007,0.0,49278.0,0.147801,0.13758299999999998,MDA,POL,842951
2681910,138,177,8935,2007,0.0,160908.0,1.044746,0.605246,MEX,POL,842951
2681911,141,177,8935,2007,0.0,59126.0,-0.672822,-0.687913,MLI,POL,842951
2681912,154,177,8935,2007,0.0,38435.0,0.9008879999999999,-0.209565,MYT,POL,842951
2681913,157,177,8935,2007,0.0,72612.0,-0.287155,-0.577325,NER,POL,842951
2681914,162,177,8935,2007,8370468.0,162166.0,1.089169,1.589641,NLD,POL,842951
2681915,163,177,8935,2007,10191.0,89433.0,0.9829100000000001,0.100995,NOR,POL,842951
2681916,167,177,8935,2007,0.0,22623.0,-0.5185310000000001,-1.071832,OMN,POL,842951
2681917,169,177,8935,2007,0.0,148819.0,0.36233899999999997,0.807669,PAN,POL,842951
2681918,178,177,8935,2007,99058.0,0.0,0.799712,0.8789370000000001,PRK,POL,842951
2681919,179,177,8935,2007,110340.0,0.0,0.621302,1.971656,PRT,POL,842951
2681920,185,177,8935,2007,52902.0,1714953.0,0.69445,1.223747,ROU,POL,842951
2681921,186,177,8935,2007,0.0,21201636.0,0.5576399999999999,-0.05382000000000001,RUS,POL,842951
2681922,188,177,8935,2007,0.0,292817.0,0.367463,-0.8603709999999999,SAU,POL,842951
2681923,201,177,8935,2007,0.0,206932.0,0.579288,1.464123,SRB,POL,842951
2681924,206,177,8935,2007,680195.0,0.0,1.358301,0.79655,SVK,POL,842951
2681925,207,177,8935,2007,0.0,36193.0,1.605767,0.692926,SVN,POL,842951
2681926,208,177,8935,2007,2150265.0,95238.0,1.927244,0.498241,SWE,POL,842951
2681927,223,177,8935,2007,0.0,804948.0,0.062824,0.74003,TUN,POL,842951
2681928,228,177,8935,2007,0.0,8291150.0,0.7441760000000001,0.8681260000000001,UKR,POL,842951
2681929,231,177,8935,2007,977661.0,346112.0,1.612165,0.0922,USA,POL,842951
2681930,232,177,8935,2007,0.0,1613749.0,-0.540449,-0.799454,UZB,POL,842951
2681931,236,177,8935,2007,0.0,233196.0,-0.231215,-0.9839200000000001,VEN,POL,842951
2681932,250,177,8935,2007,191331.0,0.0,0.671936,-0.284418,ANS,POL,842951
2681933,31,180,8935,2007,0.0,12065.0,-1.021595,-0.955375,BOL,PRY,842951
2681934,32,180,8935,2007,2157204.0,0.0,0.582859,1.137225,BRA,PRY,842951
2681935,39,180,8935,2007,12989.0,0.0,0.77681,1.20517,CAN,PRY,842951
2681936,41,180,8935,2007,2793.0,0.0,2.0198080000000003,0.42277200000000004,CHE,PRY,842951
2681937,42,180,8935,2007,49725.0,0.0,-0.306846,-0.57431,CHL,PRY,842951
2681938,43,180,8935,2007,86942.0,0.0,0.801547,2.321052,CHN,PRY,842951
2681939,61,180,8935,2007,67013.0,0.0,2.114566,-2.934732,DEU,PRY,842951
2681940,111,180,8935,2007,20795.0,0.0,1.3003559999999998,0.705448,ITA,PRY,842951
2681941,114,180,8935,2007,59236.0,0.0,2.313259,0.186703,JPN,PRY,842951
2681942,121,180,8935,2007,125117.0,0.0,1.497359,0.726637,KOR,PRY,842951
2681943,138,180,8935,2007,1794.0,0.0,1.044746,0.605246,MEX,PRY,842951
2681944,162,180,8935,2007,6195.0,0.0,1.089169,1.589641,NLD,PRY,842951
2681945,179,180,8935,2007,13503.0,0.0,0.621302,1.971656,PRT,PRY,842951
2681946,208,180,8935,2007,5658.0,0.0,1.927244,0.498241,SWE,PRY,842951
2681947,231,180,8935,2007,758058.0,0.0,1.612165,0.0922,USA,PRY,842951
2681948,250,180,8935,2007,33749.0,0.0,0.671936,-0.284418,ANS,PRY,842951
2681949,7,183,8935,2007,4538292.0,614423.0,-0.107504,-0.44744300000000004,ARE,QAT,842951
2681950,15,183,8935,2007,305445.0,0.0,1.730088,-0.045543,AUT,QAT,842951
2681951,18,183,8935,2007,4260933.0,0.0,1.2880479999999999,1.145724,BEL,QAT,842951
2681952,24,183,8935,2007,277163.0,60651.0,0.500846,-0.845449,BHR,QAT,842951
2681953,32,183,8935,2007,619609.0,0.0,0.582859,1.137225,BRA,QAT,842951
2681954,43,183,8935,2007,1968020.0,0.0,0.801547,2.321052,CHN,QAT,842951
2681955,59,183,8935,2007,286911.0,0.0,1.620377,0.379404,CZE,QAT,842951
2681956,61,183,8935,2007,339306.0,0.0,2.114566,-2.934732,DEU,QAT,842951
2681957,68,183,8935,2007,6237.0,0.0,-0.144054,0.663592,EGY,QAT,842951
2681958,77,183,8935,2007,227385.0,0.0,1.4565350000000001,0.262845,FRA,QAT,842951
2681959,81,183,8935,2007,2941429.0,0.0,1.718661,0.35525300000000004,GBR,QAT,842951
2681960,111,183,8935,2007,355779.0,0.0,1.3003559999999998,0.705448,ITA,QAT,842951
2681961,114,183,8935,2007,7621700.0,0.0,2.313259,0.186703,JPN,QAT,842951
2681962,121,183,8935,2007,2213156.0,0.0,1.497359,0.726637,KOR,QAT,842951
2681963,122,183,8935,2007,416743.0,66757.0,-0.8265030000000001,-1.166243,KWT,QAT,842951
2681964,128,183,8935,2007,0.0,133355.0,-0.568577,0.364717,LKA,QAT,842951
2681965,153,183,8935,2007,9729.0,0.0,0.740788,0.302155,MYS,QAT,842951
2681966,162,183,8935,2007,221416.0,0.0,1.089169,1.589641,NLD,QAT,842951
2681967,163,183,8935,2007,41456.0,0.0,0.9829100000000001,0.100995,NOR,QAT,842951
2681968,167,183,8935,2007,0.0,443755.0,-0.5185310000000001,-1.071832,OMN,QAT,842951
2681969,168,183,8935,2007,13632.0,0.0,-0.5594359999999999,0.47369300000000003,PAK,QAT,842951
2681970,188,183,8935,2007,755696.0,51605.0,0.367463,-0.8603709999999999,SAU,QAT,842951
2681971,208,183,8935,2007,1189283.0,0.0,1.927244,0.498241,SWE,QAT,842951
2681972,216,183,8935,2007,362555.0,0.0,0.711328,1.411114,THA,QAT,842951
2681973,231,183,8935,2007,7556328.0,0.0,1.612165,0.0922,USA,QAT,842951
2681974,4,185,8935,2007,6654.0,0.0,-0.20616700000000002,-0.016993,ALB,ROU,842951
2681975,15,185,8935,2007,17782808.0,94797.0,1.730088,-0.045543,AUT,ROU,842951
2681976,18,185,8935,2007,12466873.0,91956.0,1.2880479999999999,1.145724,BEL,ROU,842951
2681977,23,185,8935,2007,1105898.0,25071.0,0.43321899999999997,1.5696700000000001,BGR,ROU,842951
2681978,28,185,8935,2007,60048.0,0.0,1.0435889999999999,0.415603,BLR,ROU,842951
2681979,41,185,8935,2007,191942.0,0.0,2.0198080000000003,0.42277200000000004,CHE,ROU,842951
2681980,43,185,8935,2007,789542.0,0.0,0.801547,2.321052,CHN,ROU,842951
2681981,58,185,8935,2007,86997.0,0.0,0.887351,0.426331,CYP,ROU,842951
2681982,59,185,8935,2007,148162.0,42636.0,1.620377,0.379404,CZE,ROU,842951
2681983,61,185,8935,2007,31285508.0,990038.0,2.114566,-2.934732,DEU,ROU,842951
2681984,64,185,8935,2007,95556.0,0.0,1.204019,1.122666,DNK,ROU,842951
2681985,68,185,8935,2007,0.0,2285.0,-0.144054,0.663592,EGY,ROU,842951
2681986,71,185,8935,2007,622896.0,0.0,0.914681,2.027797,ESP,ROU,842951
2681987,74,185,8935,2007,6263.0,0.0,1.865502,0.7737729999999999,FIN,ROU,842951
2681988,77,185,8935,2007,1263122.0,0.0,1.4565350000000001,0.262845,FRA,ROU,842951
2681989,81,185,8935,2007,1422359.0,0.0,1.718661,0.35525300000000004,GBR,ROU,842951
2681990,82,185,8935,2007,0.0,39742.0,0.016077,-0.386962,GEO,ROU,842951
2681991,90,185,8935,2007,856098.0,56944.0,0.348709,1.674567,GRC,ROU,842951
2681992,100,185,8935,2007,29230.0,0.0,0.7799699999999999,1.1047850000000001,HRV,ROU,842951
2681993,102,185,8935,2007,1213226.0,22881.0,1.4887709999999998,0.78372,HUN,ROU,842951
2681994,110,185,8935,2007,18777.0,0.0,1.092244,0.753984,ISR,ROU,842951
2681995,111,185,8935,2007,38378600.0,199991.0,1.3003559999999998,0.705448,ITA,ROU,842951
2681996,114,185,8935,2007,2956294.0,0.0,2.313259,0.186703,JPN,ROU,842951
2681997,121,185,8935,2007,39232.0,0.0,1.497359,0.726637,KOR,ROU,842951
2681998,132,185,8935,2007,97223.0,0.0,0.61459,0.985358,LVA,ROU,842951
2681999,135,185,8935,2007,0.0,449439.0,0.147801,0.13758299999999998,MDA,ROU,842951
2682000,162,185,8935,2007,4714468.0,148634.0,1.089169,1.589641,NLD,ROU,842951
2682001,177,185,8935,2007,1714953.0,52902.0,1.0412139999999999,1.309641,POL,ROU,842951
2682002,179,185,8935,2007,98485.0,0.0,0.621302,1.971656,PRT,ROU,842951
2682003,198,185,8935,2007,104022.0,0.0,1.078776,0.36204899999999995,SMR,ROU,842951
2682004,201,185,8935,2007,0.0,32515.0,0.579288,1.464123,SRB,ROU,842951
2682005,206,185,8935,2007,305759.0,0.0,1.358301,0.79655,SVK,ROU,842951
2682006,207,185,8935,2007,13354.0,0.0,1.605767,0.692926,SVN,ROU,842951
2682007,208,185,8935,2007,1257973.0,0.0,1.927244,0.498241,SWE,ROU,842951
2682008,224,185,8935,2007,1148902.0,0.0,0.41396700000000003,2.0339869999999998,TUR,ROU,842951
2682009,228,185,8935,2007,26421.0,0.0,0.7441760000000001,0.8681260000000001,UKR,ROU,842951
2682010,231,185,8935,2007,1333438.0,0.0,1.612165,0.0922,USA,ROU,842951
2682011,7,188,8935,2007,3096021.0,107338.0,-0.107504,-0.44744300000000004,ARE,SAU,842951
2682012,15,188,8935,2007,1604817.0,0.0,1.730088,-0.045543,AUT,SAU,842951
2682013,18,188,8935,2007,21718658.0,0.0,1.2880479999999999,1.145724,BEL,SAU,842951
2682014,24,188,8935,2007,275869.0,57651.0,0.500846,-0.845449,BHR,SAU,842951
2682015,32,188,8935,2007,12359254.0,0.0,0.582859,1.137225,BRA,SAU,842951
2682016,39,188,8935,2007,1344881.0,0.0,0.77681,1.20517,CAN,SAU,842951
2682017,41,188,8935,2007,67368.0,0.0,2.0198080000000003,0.42277200000000004,CHE,SAU,842951
2682018,42,188,8935,2007,40475.0,0.0,-0.306846,-0.57431,CHL,SAU,842951
2682019,43,188,8935,2007,18798140.0,0.0,0.801547,2.321052,CHN,SAU,842951
2682020,59,188,8935,2007,3954835.0,0.0,1.620377,0.379404,CZE,SAU,842951
2682021,61,188,8935,2007,1579964.0,0.0,2.114566,-2.934732,DEU,SAU,842951
2682022,68,188,8935,2007,181743.0,26999.0,-0.144054,0.663592,EGY,SAU,842951
2682023,71,188,8935,2007,468714.0,0.0,0.914681,2.027797,ESP,SAU,842951
2682024,77,188,8935,2007,318876.0,0.0,1.4565350000000001,0.262845,FRA,SAU,842951
2682025,81,188,8935,2007,5295921.0,0.0,1.718661,0.35525300000000004,GBR,SAU,842951
2682026,102,188,8935,2007,38914.0,0.0,1.4887709999999998,0.78372,HUN,SAU,842951
2682027,103,188,8935,2007,65891.0,0.0,-0.192415,1.497962,IDN,SAU,842951
2682028,111,188,8935,2007,1494901.0,326288.0,1.3003559999999998,0.705448,ITA,SAU,842951
2682029,113,188,8935,2007,0.0,44740.0,0.228433,0.5984550000000001,JOR,SAU,842951
2682030,114,188,8935,2007,60255848.0,0.0,2.313259,0.186703,JPN,SAU,842951
2682031,121,188,8935,2007,14026771.0,0.0,1.497359,0.726637,KOR,SAU,842951
2682032,122,188,8935,2007,65438.0,23249.0,-0.8265030000000001,-1.166243,KWT,SAU,842951
2682033,124,188,8935,2007,21782.0,0.0,0.47468,1.775191,LBN,SAU,842951
2682034,126,188,8935,2007,0.0,350335.0,-0.8669959999999999,-1.167363,LBY,SAU,842951
2682035,153,188,8935,2007,17757.0,0.0,0.740788,0.302155,MYS,SAU,842951
2682036,162,188,8935,2007,902815.0,0.0,1.089169,1.589641,NLD,SAU,842951
2682037,167,188,8935,2007,0.0,66389.0,-0.5185310000000001,-1.071832,OMN,SAU,842951
2682038,174,188,8935,2007,20780.0,0.0,0.032117,-0.16600499999999999,PHL,SAU,842951
2682039,177,188,8935,2007,292817.0,0.0,1.0412139999999999,1.309641,POL,SAU,842951
2682040,179,188,8935,2007,38000.0,0.0,0.621302,1.971656,PRT,SAU,842951
2682041,183,188,8935,2007,51605.0,755696.0,0.20181500000000002,-0.9898110000000001,QAT,SAU,842951
2682042,190,188,8935,2007,0.0,147383.0,-1.978359,-1.316172,SDN,SAU,842951
2682043,192,188,8935,2007,150373.0,0.0,1.608299,0.545791,SGP,SAU,842951
2682044,197,188,8935,2007,17536.0,0.0,-0.110573,0.184426,SLV,SAU,842951
2682045,199,188,8935,2007,0.0,72573.0,0.19860799999999998,-0.45140399999999997,SOM,SAU,842951
2682046,208,188,8935,2007,4620341.0,0.0,1.927244,0.498241,SWE,SAU,842951
2682047,224,188,8935,2007,179090.0,0.0,0.41396700000000003,2.0339869999999998,TUR,SAU,842951
2682048,231,188,8935,2007,54908896.0,0.0,1.612165,0.0922,USA,SAU,842951
2682049,237,188,8935,2007,51873.0,0.0,0.994233,0.072526,VGB,SAU,842951
2682050,239,188,8935,2007,21043.0,0.0,-0.335613,1.048849,VNM,SAU,842951
2682051,243,188,8935,2007,0.0,96480.0,-1.2624600000000001,-1.2131290000000001,YEM,SAU,842951
2682052,246,188,8935,2007,74504.0,0.0,0.349792,1.246052,ZAF,SAU,842951
2682053,250,188,8935,2007,329992.0,0.0,0.671936,-0.284418,ANS,SAU,842951
2682054,7,190,8935,2007,76828.0,0.0,-0.107504,-0.44744300000000004,ARE,SDN,842951
2682055,18,190,8935,2007,3815370.0,0.0,1.2880479999999999,1.145724,BEL,SDN,842951
2682056,39,190,8935,2007,140501.0,0.0,0.77681,1.20517,CAN,SDN,842951
2682057,43,190,8935,2007,2033142.0,0.0,0.801547,2.321052,CHN,SDN,842951
2682058,45,190,8935,2007,0.0,269171.0,-0.821623,-0.965601,CMR,SDN,842951
2682059,61,190,8935,2007,43180.0,0.0,2.114566,-2.934732,DEU,SDN,842951
2682060,81,190,8935,2007,100345.0,0.0,1.718661,0.35525300000000004,GBR,SDN,842951
2682061,111,190,8935,2007,129268.0,0.0,1.3003559999999998,0.705448,ITA,SDN,842951
2682062,114,190,8935,2007,1117382.0,0.0,2.313259,0.186703,JPN,SDN,842951
2682063,116,190,8935,2007,46457.0,0.0,-0.44365299999999996,0.858692,KEN,SDN,842951
2682064,121,190,8935,2007,556634.0,0.0,1.497359,0.726637,KOR,SDN,842951
2682065,124,190,8935,2007,26477.0,0.0,0.47468,1.775191,LBN,SDN,842951
2682066,162,190,8935,2007,71181.0,0.0,1.089169,1.589641,NLD,SDN,842951
2682067,163,190,8935,2007,1395.0,0.0,0.9829100000000001,0.100995,NOR,SDN,842951
2682068,188,190,8935,2007,147383.0,0.0,0.367463,-0.8603709999999999,SAU,SDN,842951
2682069,191,190,8935,2007,0.0,99087.0,-0.20343599999999998,0.27211199999999997,SEN,SDN,842951
2682070,208,190,8935,2007,475002.0,0.0,1.927244,0.498241,SWE,SDN,842951
2682071,228,190,8935,2007,71612.0,0.0,0.7441760000000001,0.8681260000000001,UKR,SDN,842951
2682072,29,197,8935,2007,0.0,20428.0,-0.17825,-0.562535,BLZ,SLV,842951
2682073,32,197,8935,2007,307628.0,0.0,0.582859,1.137225,BRA,SLV,842951
2682074,61,197,8935,2007,2070.0,0.0,2.114566,-2.934732,DEU,SLV,842951
2682075,93,197,8935,2007,176016.0,191599.0,-0.261899,0.643437,GTM,SLV,842951
2682076,99,197,8935,2007,6081.0,260364.0,-0.6366,-0.327447,HND,SLV,842951
2682077,160,197,8935,2007,1460.0,111062.0,-0.924162,-0.857508,NIC,SLV,842951
2682078,169,197,8935,2007,6083.0,0.0,0.36233899999999997,0.807669,PAN,SLV,842951
2682079,188,197,8935,2007,0.0,17536.0,0.367463,-0.8603709999999999,SAU,SLV,842951
2682080,208,197,8935,2007,84956.0,0.0,1.927244,0.498241,SWE,SLV,842951
2682081,230,197,8935,2007,72074.0,0.0,0.184883,0.207788,URY,SLV,842951
2682082,231,197,8935,2007,1045630.0,0.0,1.612165,0.0922,USA,SLV,842951
2682083,18,205,8935,2007,22393.0,0.0,1.2880479999999999,1.145724,BEL,SUR,842951
2682084,43,205,8935,2007,21697.0,0.0,0.801547,2.321052,CHN,SUR,842951
2682085,61,205,8935,2007,27439.0,0.0,2.114566,-2.934732,DEU,SUR,842951
2682086,77,205,8935,2007,172609.0,1098.0,1.4565350000000001,0.262845,FRA,SUR,842951
2682087,81,205,8935,2007,68613.0,0.0,1.718661,0.35525300000000004,GBR,SUR,842951
2682088,121,205,8935,2007,260690.0,0.0,1.497359,0.726637,KOR,SUR,842951
2682089,127,205,8935,2007,94113.0,0.0,0.7445430000000001,-0.187834,LCA,SUR,842951
2682090,162,205,8935,2007,530538.0,0.0,1.089169,1.589641,NLD,SUR,842951
2682091,178,205,8935,2007,93974.0,0.0,0.799712,0.8789370000000001,PRK,SUR,842951
2682092,231,205,8935,2007,218238.0,0.0,1.612165,0.0922,USA,SUR,842951
2682093,4,207,8935,2007,0.0,61627.0,-0.20616700000000002,-0.016993,ALB,SVN,842951
2682094,15,207,8935,2007,5122680.0,363548.0,1.730088,-0.045543,AUT,SVN,842951
2682095,16,207,8935,2007,0.0,2495.0,-0.897342,-1.174224,AZE,SVN,842951
2682096,18,207,8935,2007,8919183.0,0.0,1.2880479999999999,1.145724,BEL,SVN,842951
2682097,26,207,8935,2007,0.0,644173.0,0.46303199999999994,0.596178,BIH,SVN,842951
2682098,41,207,8935,2007,53497.0,36012.0,2.0198080000000003,0.42277200000000004,CHE,SVN,842951
2682099,43,207,8935,2007,568775.0,0.0,0.801547,2.321052,CHN,SVN,842951
2682100,59,207,8935,2007,40615.0,129550.0,1.620377,0.379404,CZE,SVN,842951
2682101,61,207,8935,2007,2606801.0,422156.0,2.114566,-2.934732,DEU,SVN,842951
2682102,64,207,8935,2007,127623.0,0.0,1.204019,1.122666,DNK,SVN,842951
2682103,77,207,8935,2007,347675.0,0.0,1.4565350000000001,0.262845,FRA,SVN,842951
2682104,81,207,8935,2007,498838.0,0.0,1.718661,0.35525300000000004,GBR,SVN,842951
2682105,90,207,8935,2007,0.0,52330.0,0.348709,1.674567,GRC,SVN,842951
2682106,100,207,8935,2007,154304.0,4285553.0,0.7799699999999999,1.1047850000000001,HRV,SVN,842951
2682107,106,207,8935,2007,9261.0,0.0,1.353146,0.122832,IRL,SVN,842951
2682108,111,207,8935,2007,2391931.0,154827.0,1.3003559999999998,0.705448,ITA,SVN,842951
2682109,114,207,8935,2007,156284.0,0.0,2.313259,0.186703,JPN,SVN,842951
2682110,115,207,8935,2007,0.0,242699.0,-0.171218,-0.630279,KAZ,SVN,842951
2682111,121,207,8935,2007,1382688.0,0.0,1.497359,0.726637,KOR,SVN,842951
2682112,140,207,8935,2007,0.0,494992.0,-0.125912,-0.009395,MKD,SVN,842951
2682113,144,207,8935,2007,0.0,371420.0,0.250006,-0.154908,MNE,SVN,842951
2682114,162,207,8935,2007,120427.0,0.0,1.089169,1.589641,NLD,SVN,842951
2682115,177,207,8935,2007,36193.0,0.0,1.0412139999999999,1.309641,POL,SVN,842951
2682116,185,207,8935,2007,0.0,13354.0,0.69445,1.223747,ROU,SVN,842951
2682117,201,207,8935,2007,0.0,2158073.0,0.579288,1.464123,SRB,SVN,842951
2682118,206,207,8935,2007,0.0,322522.0,1.358301,0.79655,SVK,SVN,842951
2682119,208,207,8935,2007,1466936.0,0.0,1.927244,0.498241,SWE,SVN,842951
2682120,224,207,8935,2007,117022.0,0.0,0.41396700000000003,2.0339869999999998,TUR,SVN,842951
2682121,228,207,8935,2007,0.0,2551.0,0.7441760000000001,0.8681260000000001,UKR,SVN,842951
2682122,231,207,8935,2007,176804.0,0.0,1.612165,0.0922,USA,SVN,842951
2682123,239,207,8935,2007,72961.0,0.0,-0.335613,1.048849,VNM,SVN,842951
2682124,250,207,8935,2007,476982.0,0.0,0.671936,-0.284418,ANS,SVN,842951
2682125,2,208,8935,2007,0.0,3732443.0,-1.6925709999999998,-1.1987290000000002,AGO,SWE,842951
2682126,7,208,8935,2007,0.0,20636618.0,-0.107504,-0.44744300000000004,ARE,SWE,842951
2682127,8,208,8935,2007,0.0,174500.0,0.178214,0.5093850000000001,ARG,SWE,842951
2682128,14,208,8935,2007,0.0,48969868.0,0.137686,0.451592,AUS,SWE,842951
2682129,15,208,8935,2007,3736824.0,40174796.0,1.730088,-0.045543,AUT,SWE,842951
2682130,16,208,8935,2007,0.0,1062058.0,-0.897342,-1.174224,AZE,SWE,842951
2682131,18,208,8935,2007,16208109.0,574907.0,1.2880479999999999,1.145724,BEL,SWE,842951
2682132,23,208,8935,2007,0.0,141669.0,0.43321899999999997,1.5696700000000001,BGR,SWE,842951
2682133,24,208,8935,2007,0.0,93584.0,0.500846,-0.845449,BHR,SWE,842951
2682134,26,208,8935,2007,0.0,785712.0,0.46303199999999994,0.596178,BIH,SWE,842951
2682135,28,208,8935,2007,0.0,7269.0,1.0435889999999999,0.415603,BLR,SWE,842951
2682136,31,208,8935,2007,0.0,709541.0,-1.021595,-0.955375,BOL,SWE,842951
2682137,32,208,8935,2007,1312852.0,5523314.0,0.582859,1.137225,BRA,SWE,842951
2682138,39,208,8935,2007,262513.0,36940420.0,0.77681,1.20517,CAN,SWE,842951
2682139,41,208,8935,2007,51225.0,8962028.0,2.0198080000000003,0.42277200000000004,CHE,SWE,842951
2682140,42,208,8935,2007,0.0,11736773.0,-0.306846,-0.57431,CHL,SWE,842951
2682141,43,208,8935,2007,1200594.0,10557090.0,0.801547,2.321052,CHN,SWE,842951
2682142,49,208,8935,2007,0.0,168610.0,0.118341,0.557699,COL,SWE,842951
2682143,51,208,8935,2007,0.0,9310.0,0.289375,-0.295194,CPV,SWE,842951
2682144,59,208,8935,2007,0.0,1363042.0,1.620377,0.379404,CZE,SWE,842951
2682145,61,208,8935,2007,54928780.0,160248544.0,2.114566,-2.934732,DEU,SWE,842951
2682146,64,208,8935,2007,18431104.0,3582656.0,1.204019,1.122666,DNK,SWE,842951
2682147,65,208,8935,2007,0.0,357399.0,-0.228756,0.004222,DOM,SWE,842951
2682148,66,208,8935,2007,0.0,833463.0,-0.9822690000000001,-1.170282,DZA,SWE,842951
2682149,68,208,8935,2007,0.0,292305.0,-0.144054,0.663592,EGY,SWE,842951
2682150,71,208,8935,2007,132947.0,58464384.0,0.914681,2.027797,ESP,SWE,842951
2682151,72,208,8935,2007,314969.0,338960.0,0.746434,1.306397,EST,SWE,842951
2682152,73,208,8935,2007,0.0,1226325.0,-1.115917,-0.821652,ETH,SWE,842951
2682153,74,208,8935,2007,9033004.0,16616508.0,1.865502,0.7737729999999999,FIN,SWE,842951
2682154,77,208,8935,2007,1314178.0,50936504.0,1.4565350000000001,0.262845,FRA,SWE,842951
2682155,78,208,8935,2007,0.0,647243.0,-0.308363,-0.7707510000000001,FRO,SWE,842951
2682156,81,208,8935,2007,19124394.0,62059532.0,1.718661,0.35525300000000004,GBR,SWE,842951
2682157,83,208,8935,2007,0.0,674507.0,-0.906867,-0.565891,GHA,SWE,842951
2682158,90,208,8935,2007,93876.0,551389.0,0.348709,1.674567,GRC,SWE,842951
2682159,100,208,8935,2007,0.0,959794.0,0.7799699999999999,1.1047850000000001,HRV,SWE,842951
2682160,102,208,8935,2007,0.0,5383164.0,1.4887709999999998,0.78372,HUN,SWE,842951
2682161,103,208,8935,2007,0.0,1622672.0,-0.192415,1.497962,IDN,SWE,842951
2682162,104,208,8935,2007,0.0,127950.0,0.279475,2.7514939999999997,IND,SWE,842951
2682163,106,208,8935,2007,500767.0,14912474.0,1.353146,0.122832,IRL,SWE,842951
2682164,109,208,8935,2007,0.0,2607749.0,0.172786,-0.380266,ISL,SWE,842951
2682165,110,208,8935,2007,230214.0,9265187.0,1.092244,0.753984,ISR,SWE,842951
2682166,111,208,8935,2007,3090304.0,40998124.0,1.3003559999999998,0.705448,ITA,SWE,842951
2682167,114,208,8935,2007,2039046.0,0.0,2.313259,0.186703,JPN,SWE,842951
2682168,115,208,8935,2007,0.0,4339884.0,-0.171218,-0.630279,KAZ,SWE,842951
2682169,121,208,8935,2007,673191.0,6855159.0,1.497359,0.726637,KOR,SWE,842951
2682170,122,208,8935,2007,0.0,1360900.0,-0.8265030000000001,-1.166243,KWT,SWE,842951
2682171,124,208,8935,2007,0.0,319871.0,0.47468,1.775191,LBN,SWE,842951
2682172,130,208,8935,2007,0.0,3172049.0,0.604169,1.279982,LTU,SWE,842951
2682173,132,208,8935,2007,100178.0,5611370.0,0.61459,0.985358,LVA,SWE,842951
2682174,134,208,8935,2007,0.0,3858595.0,-0.5846560000000001,0.10927100000000001,MAR,SWE,842951
2682175,135,208,8935,2007,0.0,22527.0,0.147801,0.13758299999999998,MDA,SWE,842951
2682176,138,208,8935,2007,0.0,11126470.0,1.044746,0.605246,MEX,SWE,842951
2682177,140,208,8935,2007,0.0,602942.0,-0.125912,-0.009395,MKD,SWE,842951
2682178,144,208,8935,2007,0.0,1110078.0,0.250006,-0.154908,MNE,SWE,842951
2682179,153,208,8935,2007,0.0,354592.0,0.740788,0.302155,MYS,SWE,842951
2682180,156,208,8935,2007,0.0,704065.0,-0.075892,-0.8211430000000001,NCL,SWE,842951
2682181,157,208,8935,2007,20674.0,13802.0,-0.287155,-0.577325,NER,SWE,842951
2682182,159,208,8935,2007,0.0,1288874.0,-1.746879,-1.20823,NGA,SWE,842951
2682183,162,208,8935,2007,11931034.0,663729.0,1.089169,1.589641,NLD,SWE,842951
2682184,163,208,8935,2007,6085878.0,62304020.0,0.9829100000000001,0.100995,NOR,SWE,842951
2682185,166,208,8935,2007,0.0,4757436.0,0.495938,0.845825,NZL,SWE,842951
2682186,167,208,8935,2007,0.0,7975328.0,-0.5185310000000001,-1.071832,OMN,SWE,842951
2682187,168,208,8935,2007,0.0,109472.0,-0.5594359999999999,0.47369300000000003,PAK,SWE,842951
2682188,169,208,8935,2007,0.0,154567.0,0.36233899999999997,0.807669,PAN,SWE,842951
2682189,173,208,8935,2007,0.0,10416885.0,-0.49716099999999996,0.02556,PER,SWE,842951
2682190,174,208,8935,2007,0.0,981570.0,0.032117,-0.16600499999999999,PHL,SWE,842951
2682191,177,208,8935,2007,95238.0,2150265.0,1.0412139999999999,1.309641,POL,SWE,842951
2682192,179,208,8935,2007,55587.0,8875368.0,0.621302,1.971656,PRT,SWE,842951
2682193,180,208,8935,2007,0.0,5658.0,-0.500617,-0.814385,PRY,SWE,842951
2682194,183,208,8935,2007,0.0,1189283.0,0.20181500000000002,-0.9898110000000001,QAT,SWE,842951
2682195,185,208,8935,2007,0.0,1257973.0,0.69445,1.223747,ROU,SWE,842951
2682196,186,208,8935,2007,0.0,38703132.0,0.5576399999999999,-0.05382000000000001,RUS,SWE,842951
2682197,188,208,8935,2007,0.0,4620341.0,0.367463,-0.8603709999999999,SAU,SWE,842951
2682198,190,208,8935,2007,0.0,475002.0,-1.978359,-1.316172,SDN,SWE,842951
2682199,191,208,8935,2007,0.0,17606.0,-0.20343599999999998,0.27211199999999997,SEN,SWE,842951
2682200,192,208,8935,2007,0.0,965018.0,1.608299,0.545791,SGP,SWE,842951
2682201,197,208,8935,2007,0.0,84956.0,-0.110573,0.184426,SLV,SWE,842951
2682202,201,208,8935,2007,0.0,1033728.0,0.579288,1.464123,SRB,SWE,842951
2682203,206,208,8935,2007,0.0,11282475.0,1.358301,0.79655,SVK,SWE,842951
2682204,207,208,8935,2007,0.0,1466936.0,1.605767,0.692926,SVN,SWE,842951
2682205,223,208,8935,2007,0.0,2063538.0,0.062824,0.74003,TUN,SWE,842951
2682206,224,208,8935,2007,118524.0,45113344.0,0.41396700000000003,2.0339869999999998,TUR,SWE,842951
2682207,228,208,8935,2007,0.0,10025694.0,0.7441760000000001,0.8681260000000001,UKR,SWE,842951
2682208,231,208,8935,2007,7432943.0,147815808.0,1.612165,0.0922,USA,SWE,842951
2682209,243,208,8935,2007,0.0,89126.0,-1.2624600000000001,-1.2131290000000001,YEM,SWE,842951
2682210,246,208,8935,2007,0.0,23832410.0,0.349792,1.246052,ZAF,SWE,842951
2682211,247,208,8935,2007,0.0,9217746.0,-0.522838,-0.796874,ZMB,SWE,842951
2682212,7,216,8935,2007,65890.0,34665.0,-0.107504,-0.44744300000000004,ARE,THA,842951
2682213,14,216,8935,2007,0.0,135980.0,0.137686,0.451592,AUS,THA,842951
2682214,15,216,8935,2007,188355.0,0.0,1.730088,-0.045543,AUT,THA,842951
2682215,35,216,8935,2007,0.0,35833.0,-0.147438,-0.68999,BTN,THA,842951
2682216,43,216,8935,2007,2861270.0,0.0,0.801547,2.321052,CHN,THA,842951
2682217,61,216,8935,2007,92069.0,0.0,2.114566,-2.934732,DEU,THA,842951
2682218,68,216,8935,2007,0.0,5759.0,-0.144054,0.663592,EGY,THA,842951
2682219,77,216,8935,2007,98245.0,0.0,1.4565350000000001,0.262845,FRA,THA,842951
2682220,81,216,8935,2007,1189892.0,100894.0,1.718661,0.35525300000000004,GBR,THA,842951
2682221,97,216,8935,2007,18819.0,0.0,0.639034,2.1086009999999997,HKG,THA,842951
2682222,103,216,8935,2007,12681.0,33418.0,-0.192415,1.497962,IDN,THA,842951
2682223,111,216,8935,2007,123981.0,0.0,1.3003559999999998,0.705448,ITA,THA,842951
2682224,114,216,8935,2007,17090040.0,4408.0,2.313259,0.186703,JPN,THA,842951
2682225,118,216,8935,2007,0.0,173727.0,-1.1822489999999999,-1.129066,KHM,THA,842951
2682226,121,216,8935,2007,184811.0,0.0,1.497359,0.726637,KOR,THA,842951
2682227,123,216,8935,2007,0.0,2126490.0,-1.045213,-1.01482,LAO,THA,842951
2682228,128,216,8935,2007,0.0,39127.0,-0.568577,0.364717,LKA,THA,842951
2682229,143,216,8935,2007,2568.0,0.0,-1.29366,-1.074733,MMR,THA,842951
2682230,145,216,8935,2007,0.0,40182.0,-1.0688790000000001,-1.1115709999999999,MNG,THA,842951
2682231,147,216,8935,2007,0.0,7735.0,-1.4703110000000001,-1.1915719999999999,MOZ,THA,842951
2682232,153,216,8935,2007,127054.0,15517.0,0.740788,0.302155,MYS,THA,842951
2682233,167,216,8935,2007,0.0,132325.0,-0.5185310000000001,-1.071832,OMN,THA,842951
2682234,168,216,8935,2007,0.0,75125.0,-0.5594359999999999,0.47369300000000003,PAK,THA,842951
2682235,174,216,8935,2007,0.0,9926.0,0.032117,-0.16600499999999999,PHL,THA,842951
2682236,175,216,8935,2007,0.0,3167.0,-0.514012,-0.878468,PLW,THA,842951
2682237,176,216,8935,2007,0.0,27428.0,-1.947486,-1.284269,PNG,THA,842951
2682238,179,216,8935,2007,0.0,301122.0,0.621302,1.971656,PRT,THA,842951
2682239,182,216,8935,2007,0.0,64113.0,-0.72809,-0.9329620000000001,PYF,THA,842951
2682240,183,216,8935,2007,0.0,362555.0,0.20181500000000002,-0.9898110000000001,QAT,THA,842951
2682241,192,216,8935,2007,457891.0,64998.0,1.608299,0.545791,SGP,THA,842951
2682242,231,216,8935,2007,913822.0,184632.0,1.612165,0.0922,USA,THA,842951
2682243,239,216,8935,2007,0.0,24035.0,-0.335613,1.048849,VNM,THA,842951
2682244,249,216,8935,2007,219920.0,0.0,1.651607,0.974649,TWN,THA,842951
2682245,7,222,8935,2007,36212.0,0.0,-0.107504,-0.44744300000000004,ARE,TTO,842951
2682246,32,222,8935,2007,482835.0,0.0,0.582859,1.137225,BRA,TTO,842951
2682247,33,222,8935,2007,66886.0,0.0,1.006332,0.680391,BRB,TTO,842951
2682248,39,222,8935,2007,107822.0,0.0,0.77681,1.20517,CAN,TTO,842951
2682249,43,222,8935,2007,647999.0,0.0,0.801547,2.321052,CHN,TTO,842951
2682250,46,222,8935,2007,49747.0,0.0,-1.507664,-1.111844,COD,TTO,842951
2682251,49,222,8935,2007,0.0,25998.0,0.118341,0.557699,COL,TTO,842951
2682252,63,222,8935,2007,0.0,1212.0,0.522624,0.077377,DMA,TTO,842951
2682253,81,222,8935,2007,1886302.0,0.0,1.718661,0.35525300000000004,GBR,TTO,842951
2682254,96,222,8935,2007,2544.0,5724.0,-0.889957,-0.873185,GUY,TTO,842951
2682255,111,222,8935,2007,1036943.0,0.0,1.3003559999999998,0.705448,ITA,TTO,842951
2682256,114,222,8935,2007,197165.0,0.0,2.313259,0.186703,JPN,TTO,842951
2682257,121,222,8935,2007,159263.0,0.0,1.497359,0.726637,KOR,TTO,842951
2682258,192,222,8935,2007,85588.0,0.0,1.608299,0.545791,SGP,TTO,842951
2682259,223,222,8935,2007,18935.0,0.0,0.062824,0.74003,TUN,TTO,842951
2682260,227,222,8935,2007,33371.0,0.0,-0.900559,-0.42071400000000003,UGA,TTO,842951
2682261,228,222,8935,2007,34657.0,0.0,0.7441760000000001,0.8681260000000001,UKR,TTO,842951
2682262,230,222,8935,2007,47144.0,0.0,0.184883,0.207788,URY,TTO,842951
2682263,231,222,8935,2007,3514637.0,0.0,1.612165,0.0922,USA,TTO,842951
2682264,234,222,8935,2007,0.0,24717.0,-0.112166,-0.692679,VCT,TTO,842951
2682265,249,222,8935,2007,50858.0,0.0,1.651607,0.974649,TWN,TTO,842951
2682266,4,224,8935,2007,0.0,138045.0,-0.20616700000000002,-0.016993,ALB,TUR,842951
2682267,7,224,8935,2007,0.0,383431.0,-0.107504,-0.44744300000000004,ARE,TUR,842951
2682268,15,224,8935,2007,860013.0,0.0,1.730088,-0.045543,AUT,TUR,842951
2682269,16,224,8935,2007,0.0,2602510.0,-0.897342,-1.174224,AZE,TUR,842951
2682270,18,224,8935,2007,43620072.0,744343.0,1.2880479999999999,1.145724,BEL,TUR,842951
2682271,23,224,8935,2007,0.0,997639.0,0.43321899999999997,1.5696700000000001,BGR,TUR,842951
2682272,28,224,8935,2007,0.0,110256.0,1.0435889999999999,0.415603,BLR,TUR,842951
2682273,32,224,8935,2007,2442048.0,0.0,0.582859,1.137225,BRA,TUR,842951
2682274,41,224,8935,2007,17868.0,0.0,2.0198080000000003,0.42277200000000004,CHE,TUR,842951
2682275,43,224,8935,2007,2365661.0,0.0,0.801547,2.321052,CHN,TUR,842951
2682276,58,224,8935,2007,0.0,368046.0,0.887351,0.426331,CYP,TUR,842951
2682277,59,224,8935,2007,0.0,329372.0,1.620377,0.379404,CZE,TUR,842951
2682278,61,224,8935,2007,4050437.0,970472.0,2.114566,-2.934732,DEU,TUR,842951
2682279,64,224,8935,2007,0.0,122345.0,1.204019,1.122666,DNK,TUR,842951
2682280,66,224,8935,2007,0.0,815319.0,-0.9822690000000001,-1.170282,DZA,TUR,842951
2682281,68,224,8935,2007,0.0,50851.0,-0.144054,0.663592,EGY,TUR,842951
2682282,71,224,8935,2007,344875.0,6151557.0,0.914681,2.027797,ESP,TUR,842951
2682283,74,224,8935,2007,13434.0,0.0,1.865502,0.7737729999999999,FIN,TUR,842951
2682284,77,224,8935,2007,2904618.0,1541901.0,1.4565350000000001,0.262845,FRA,TUR,842951
2682285,81,224,8935,2007,9396289.0,403498.0,1.718661,0.35525300000000004,GBR,TUR,842951
2682286,82,224,8935,2007,238393.0,723878.0,0.016077,-0.386962,GEO,TUR,842951
2682287,90,224,8935,2007,0.0,488876.0,0.348709,1.674567,GRC,TUR,842951
2682288,100,224,8935,2007,0.0,268059.0,0.7799699999999999,1.1047850000000001,HRV,TUR,842951
2682289,102,224,8935,2007,0.0,449825.0,1.4887709999999998,0.78372,HUN,TUR,842951
2682290,106,224,8935,2007,708415.0,0.0,1.353146,0.122832,IRL,TUR,842951
2682291,107,224,8935,2007,0.0,154266.0,-0.797659,-1.048892,IRN,TUR,842951
2682292,108,224,8935,2007,0.0,308112.0,-1.961053,-0.8849969999999999,IRQ,TUR,842951
2682293,110,224,8935,2007,0.0,33459.0,1.092244,0.753984,ISR,TUR,842951
2682294,111,224,8935,2007,10280713.0,0.0,1.3003559999999998,0.705448,ITA,TUR,842951
2682295,113,224,8935,2007,0.0,262213.0,0.228433,0.5984550000000001,JOR,TUR,842951
2682296,114,224,8935,2007,76566848.0,0.0,2.313259,0.186703,JPN,TUR,842951
2682297,115,224,8935,2007,0.0,2490654.0,-0.171218,-0.630279,KAZ,TUR,842951
2682298,117,224,8935,2007,0.0,182542.0,-0.190437,-0.23665999999999998,KGZ,TUR,842951
2682299,121,224,8935,2007,15495461.0,0.0,1.497359,0.726637,KOR,TUR,842951
2682300,122,224,8935,2007,567481.0,0.0,-0.8265030000000001,-1.166243,KWT,TUR,842951
2682301,126,224,8935,2007,0.0,704441.0,-0.8669959999999999,-1.167363,LBY,TUR,842951
2682302,130,224,8935,2007,0.0,76837.0,0.604169,1.279982,LTU,TUR,842951
2682303,134,224,8935,2007,12008.0,802704.0,-0.5846560000000001,0.10927100000000001,MAR,TUR,842951
2682304,135,224,8935,2007,0.0,10228.0,0.147801,0.13758299999999998,MDA,TUR,842951
2682305,159,224,8935,2007,0.0,334851.0,-1.746879,-1.20823,NGA,TUR,842951
2682306,162,224,8935,2007,209238.0,3514832.0,1.089169,1.589641,NLD,TUR,842951
2682307,168,224,8935,2007,0.0,3441.0,-0.5594359999999999,0.47369300000000003,PAK,TUR,842951
2682308,179,224,8935,2007,0.0,45152.0,0.621302,1.971656,PRT,TUR,842951
2682309,185,224,8935,2007,0.0,1148902.0,0.69445,1.223747,ROU,TUR,842951
2682310,186,224,8935,2007,0.0,513764.0,0.5576399999999999,-0.05382000000000001,RUS,TUR,842951
2682311,188,224,8935,2007,0.0,179090.0,0.367463,-0.8603709999999999,SAU,TUR,842951
2682312,201,224,8935,2007,0.0,707371.0,0.579288,1.464123,SRB,TUR,842951
2682313,206,224,8935,2007,66123.0,1357764.0,1.358301,0.79655,SVK,TUR,842951
2682314,207,224,8935,2007,0.0,117022.0,1.605767,0.692926,SVN,TUR,842951
2682315,208,224,8935,2007,45113344.0,118524.0,1.927244,0.498241,SWE,TUR,842951
2682316,217,224,8935,2007,0.0,65061.0,-1.0092379999999999,-1.185964,TJK,TUR,842951
2682317,219,224,8935,2007,0.0,23510.0,-1.16715,-1.213064,TKM,TUR,842951
2682318,223,224,8935,2007,0.0,2289579.0,0.062824,0.74003,TUN,TUR,842951
2682319,228,224,8935,2007,0.0,348027.0,0.7441760000000001,0.8681260000000001,UKR,TUR,842951
2682320,231,224,8935,2007,11522695.0,0.0,1.612165,0.0922,USA,TUR,842951
2682321,246,224,8935,2007,0.0,332674.0,0.349792,1.246052,ZAF,TUR,842951
2682322,250,224,8935,2007,115748.0,549984.0,0.671936,-0.284418,ANS,TUR,842951
2682323,7,226,8935,2007,188825.0,0.0,-0.107504,-0.44744300000000004,ARE,TZA,842951
2682324,15,226,8935,2007,91281.0,0.0,1.730088,-0.045543,AUT,TZA,842951
2682325,18,226,8935,2007,105463.0,0.0,1.2880479999999999,1.145724,BEL,TZA,842951
2682326,39,226,8935,2007,195774.0,0.0,0.77681,1.20517,CAN,TZA,842951
2682327,41,226,8935,2007,238726.0,0.0,2.0198080000000003,0.42277200000000004,CHE,TZA,842951
2682328,43,226,8935,2007,1378498.0,0.0,0.801547,2.321052,CHN,TZA,842951
2682329,44,226,8935,2007,257152.0,0.0,-0.9989110000000001,-0.867232,CIV,TZA,842951
2682330,61,226,8935,2007,88738.0,0.0,2.114566,-2.934732,DEU,TZA,842951
2682331,74,226,8935,2007,1444708.0,0.0,1.865502,0.7737729999999999,FIN,TZA,842951
2682332,81,226,8935,2007,384559.0,0.0,1.718661,0.35525300000000004,GBR,TZA,842951
2682333,104,226,8935,2007,136062.0,0.0,0.279475,2.7514939999999997,IND,TZA,842951
2682334,111,226,8935,2007,513715.0,0.0,1.3003559999999998,0.705448,ITA,TZA,842951
2682335,114,226,8935,2007,545528.0,0.0,2.313259,0.186703,JPN,TZA,842951
2682336,116,226,8935,2007,106418.0,49810.0,-0.44365299999999996,0.858692,KEN,TZA,842951
2682337,121,226,8935,2007,26595.0,0.0,1.497359,0.726637,KOR,TZA,842951
2682338,147,226,8935,2007,0.0,29046.0,-1.4703110000000001,-1.1915719999999999,MOZ,TZA,842951
2682339,152,226,8935,2007,0.0,27991.0,-1.348692,-1.134002,MWI,TZA,842951
2682340,153,226,8935,2007,23586.0,0.0,0.740788,0.302155,MYS,TZA,842951
2682341,162,226,8935,2007,1845268.0,0.0,1.089169,1.589641,NLD,TZA,842951
2682342,187,226,8935,2007,0.0,5793.0,-0.383017,-0.49216899999999997,RWA,TZA,842951
2682343,231,226,8935,2007,63000.0,0.0,1.612165,0.0922,USA,TZA,842951
2682344,246,226,8935,2007,850908.0,7802.0,0.349792,1.246052,ZAF,TZA,842951
2682345,247,226,8935,2007,0.0,17732.0,-0.522838,-0.796874,ZMB,TZA,842951
2682346,249,226,8935,2007,5838.0,0.0,1.651607,0.974649,TWN,TZA,842951
2682347,8,230,8935,2007,106503.0,80557.0,0.178214,0.5093850000000001,ARG,URY,842951
2682348,15,230,8935,2007,273124.0,0.0,1.730088,-0.045543,AUT,URY,842951
2682349,18,230,8935,2007,125558.0,0.0,1.2880479999999999,1.145724,BEL,URY,842951
2682350,32,230,8935,2007,1275509.0,0.0,0.582859,1.137225,BRA,URY,842951
2682351,43,230,8935,2007,796069.0,0.0,0.801547,2.321052,CHN,URY,842951
2682352,61,230,8935,2007,53964.0,0.0,2.114566,-2.934732,DEU,URY,842951
2682353,71,230,8935,2007,35883.0,0.0,0.914681,2.027797,ESP,URY,842951
2682354,77,230,8935,2007,152236.0,0.0,1.4565350000000001,0.262845,FRA,URY,842951
2682355,81,230,8935,2007,838737.0,0.0,1.718661,0.35525300000000004,GBR,URY,842951
2682356,111,230,8935,2007,43362.0,0.0,1.3003559999999998,0.705448,ITA,URY,842951
2682357,114,230,8935,2007,16095.0,0.0,2.313259,0.186703,JPN,URY,842951
2682358,121,230,8935,2007,174278.0,0.0,1.497359,0.726637,KOR,URY,842951
2682359,162,230,8935,2007,172885.0,0.0,1.089169,1.589641,NLD,URY,842951
2682360,197,230,8935,2007,0.0,72074.0,-0.110573,0.184426,SLV,URY,842951
2682361,222,230,8935,2007,0.0,47144.0,-0.371347,-1.0536709999999998,TTO,URY,842951
2682362,231,230,8935,2007,492925.0,0.0,1.612165,0.0922,USA,URY,842951
2682363,1,231,8935,2007,0.0,66000.0,-0.745981,-0.682003,AFG,USA,842951
2682364,2,231,8935,2007,0.0,1662028.0,-1.6925709999999998,-1.1987290000000002,AGO,USA,842951
2682365,3,231,8935,2007,0.0,73570.0,1.204732,-0.009463,AIA,USA,842951
2682366,6,231,8935,2007,0.0,5378312.0,0.305773,-0.504676,ANT,USA,842951
2682367,7,231,8935,2007,18120.0,58938896.0,-0.107504,-0.44744300000000004,ARE,USA,842951
2682368,8,231,8935,2007,116592.0,30393468.0,0.178214,0.5093850000000001,ARG,USA,842951
2682369,9,231,8935,2007,0.0,74175.0,0.7169,-0.019251,ARM,USA,842951
2682370,13,231,8935,2007,0.0,148646.0,0.5574899999999999,-0.125609,ATG,USA,842951
2682371,14,231,8935,2007,9746885.0,152820160.0,0.137686,0.451592,AUS,USA,842951
2682372,15,231,8935,2007,43932764.0,1084653.0,1.730088,-0.045543,AUT,USA,842951
2682373,16,231,8935,2007,0.0,139827.0,-0.897342,-1.174224,AZE,USA,842951
2682374,18,231,8935,2007,2040575.0,67157600.0,1.2880479999999999,1.145724,BEL,USA,842951
2682375,19,231,8935,2007,0.0,3082012.0,-1.055882,-0.880178,BEN,USA,842951
2682376,21,231,8935,2007,0.0,21816.0,-0.960893,-0.94458,BFA,USA,842951
2682377,22,231,8935,2007,0.0,41947.0,-0.9436469999999999,-0.7200310000000001,BGD,USA,842951
2682378,23,231,8935,2007,32876.0,2174600.0,0.43321899999999997,1.5696700000000001,BGR,USA,842951
2682379,24,231,8935,2007,0.0,2071116.0,0.500846,-0.845449,BHR,USA,842951
2682380,25,231,8935,2007,179095.0,3087169.0,0.502698,-0.538612,BHS,USA,842951
2682381,26,231,8935,2007,0.0,44396.0,0.46303199999999994,0.596178,BIH,USA,842951
2682382,28,231,8935,2007,0.0,60428.0,1.0435889999999999,0.415603,BLR,USA,842951
2682383,29,231,8935,2007,0.0,637709.0,-0.17825,-0.562535,BLZ,USA,842951
2682384,30,231,8935,2007,0.0,126189.0,0.598129,-0.635616,BMU,USA,842951
2682385,31,231,8935,2007,0.0,1604148.0,-1.021595,-0.955375,BOL,USA,842951
2682386,32,231,8935,2007,39792064.0,42789544.0,0.582859,1.137225,BRA,USA,842951
2682387,33,231,8935,2007,80651.0,1256551.0,1.006332,0.680391,BRB,USA,842951
2682388,38,231,8935,2007,0.0,423738.0,-0.252459,-0.783634,CAF,USA,842951
2682389,39,231,8935,2007,196400576.0,735686976.0,0.77681,1.20517,CAN,USA,842951
2682390,41,231,8935,2007,397957.0,71680.0,2.0198080000000003,0.42277200000000004,CHE,USA,842951
2682391,42,231,8935,2007,335406.0,50044080.0,-0.306846,-0.57431,CHL,USA,842951
2682392,43,231,8935,2007,3721989.0,8467372.0,0.801547,2.321052,CHN,USA,842951
2682393,44,231,8935,2007,0.0,534562.0,-0.9989110000000001,-0.867232,CIV,USA,842951
2682394,45,231,8935,2007,0.0,206704.0,-0.821623,-0.965601,CMR,USA,842951
2682395,46,231,8935,2007,0.0,279091.0,-1.507664,-1.111844,COD,USA,842951
2682396,47,231,8935,2007,0.0,36507.0,-1.88462,-1.22688,COG,USA,842951
2682397,49,231,8935,2007,0.0,29301152.0,0.118341,0.557699,COL,USA,842951
2682398,52,231,8935,2007,0.0,7755143.0,0.001895,-0.30248600000000003,CRI,USA,842951
2682399,57,231,8935,2007,0.0,529405.0,0.532926,-0.54101,CYM,USA,842951
2682400,58,231,8935,2007,0.0,336431.0,0.887351,0.426331,CYP,USA,842951
2682401,59,231,8935,2007,3585758.0,1292960.0,1.620377,0.379404,CZE,USA,842951
2682402,61,231,8935,2007,37367100.0,44631436.0,2.114566,-2.934732,DEU,USA,842951
2682403,62,231,8935,2007,0.0,2465293.0,-1.111848,-0.983348,DJI,USA,842951
2682404,63,231,8935,2007,0.0,121260.0,0.522624,0.077377,DMA,USA,842951
2682405,64,231,8935,2007,43301.0,5144216.0,1.204019,1.122666,DNK,USA,842951
2682406,65,231,8935,2007,51824.0,7926354.0,-0.228756,0.004222,DOM,USA,842951
2682407,66,231,8935,2007,0.0,4224689.0,-0.9822690000000001,-1.170282,DZA,USA,842951
2682408,67,231,8935,2007,29305.0,7696034.0,-0.820491,-0.8557879999999999,ECU,USA,842951
2682409,68,231,8935,2007,0.0,6706732.0,-0.144054,0.663592,EGY,USA,842951
2682410,71,231,8935,2007,126759.0,58032204.0,0.914681,2.027797,ESP,USA,842951
2682411,72,231,8935,2007,194253.0,2879146.0,0.746434,1.306397,EST,USA,842951
2682412,73,231,8935,2007,0.0,2288310.0,-1.115917,-0.821652,ETH,USA,842951
2682413,74,231,8935,2007,4910322.0,6131891.0,1.865502,0.7737729999999999,FIN,USA,842951
2682414,77,231,8935,2007,62799616.0,32386084.0,1.4565350000000001,0.262845,FRA,USA,842951
2682415,79,231,8935,2007,0.0,13799.0,-0.528725,-0.883342,FSM,USA,842951
2682416,80,231,8935,2007,0.0,95177.0,-1.328633,-1.165045,GAB,USA,842951
2682417,81,231,8935,2007,27830748.0,32605662.0,1.718661,0.35525300000000004,GBR,USA,842951
2682418,82,231,8935,2007,0.0,118434.0,0.016077,-0.386962,GEO,USA,842951
2682419,83,231,8935,2007,14661.0,3881461.0,-0.906867,-0.565891,GHA,USA,842951
2682420,85,231,8935,2007,0.0,794736.0,-1.694335,-1.230744,GIN,USA,842951
2682421,89,231,8935,2007,0.0,1078500.0,-1.406911,-0.8466950000000001,GNQ,USA,842951
2682422,90,231,8935,2007,0.0,13694087.0,0.348709,1.674567,GRC,USA,842951
2682423,91,231,8935,2007,0.0,122197.0,0.043229000000000004,-0.664795,GRD,USA,842951
2682424,93,231,8935,2007,0.0,6518764.0,-0.261899,0.643437,GTM,USA,842951
2682425,96,231,8935,2007,0.0,615606.0,-0.889957,-0.873185,GUY,USA,842951
2682426,97,231,8935,2007,0.0,497977.0,0.639034,2.1086009999999997,HKG,USA,842951
2682427,99,231,8935,2007,48663.0,4666862.0,-0.6366,-0.327447,HND,USA,842951
2682428,100,231,8935,2007,0.0,164927.0,0.7799699999999999,1.1047850000000001,HRV,USA,842951
2682429,101,231,8935,2007,0.0,1258265.0,-1.070524,-1.046209,HTI,USA,842951
2682430,102,231,8935,2007,0.0,1739322.0,1.4887709999999998,0.78372,HUN,USA,842951
2682431,103,231,8935,2007,197303.0,3845338.0,-0.192415,1.497962,IDN,USA,842951
2682432,104,231,8935,2007,0.0,2650801.0,0.279475,2.7514939999999997,IND,USA,842951
2682433,106,231,8935,2007,0.0,693252.0,1.353146,0.122832,IRL,USA,842951
2682434,108,231,8935,2007,0.0,1193659.0,-1.961053,-0.8849969999999999,IRQ,USA,842951
2682435,109,231,8935,2007,0.0,516527.0,0.172786,-0.380266,ISL,USA,842951
2682436,110,231,8935,2007,0.0,10751692.0,1.092244,0.753984,ISR,USA,842951
2682437,111,231,8935,2007,11555418.0,68657960.0,1.3003559999999998,0.705448,ITA,USA,842951
2682438,112,231,8935,2007,0.0,3127058.0,-0.466305,-0.971972,JAM,USA,842951
2682439,113,231,8935,2007,0.0,2467045.0,0.228433,0.5984550000000001,JOR,USA,842951
2682440,114,231,8935,2007,358823392.0,5589472.0,2.313259,0.186703,JPN,USA,842951
2682441,115,231,8935,2007,0.0,603738.0,-0.171218,-0.630279,KAZ,USA,842951
2682442,116,231,8935,2007,0.0,972151.0,-0.44365299999999996,0.858692,KEN,USA,842951
2682443,120,231,8935,2007,0.0,78791.0,1.21646,-0.190821,KNA,USA,842951
2682444,121,231,8935,2007,53754728.0,11897596.0,1.497359,0.726637,KOR,USA,842951
2682445,122,231,8935,2007,0.0,4032079.0,-0.8265030000000001,-1.166243,KWT,USA,842951
2682446,124,231,8935,2007,0.0,1700983.0,0.47468,1.775191,LBN,USA,842951
2682447,125,231,8935,2007,0.0,289000.0,-0.866643,-1.124112,LBR,USA,842951
2682448,126,231,8935,2007,0.0,5329590.0,-0.8669959999999999,-1.167363,LBY,USA,842951
2682449,127,231,8935,2007,0.0,265279.0,0.7445430000000001,-0.187834,LCA,USA,842951
2682450,128,231,8935,2007,0.0,221544.0,-0.568577,0.364717,LKA,USA,842951
2682451,130,231,8935,2007,0.0,9033633.0,0.604169,1.279982,LTU,USA,842951
2682452,131,231,8935,2007,0.0,45923.0,1.390259,0.996566,LUX,USA,842951
2682453,132,231,8935,2007,0.0,4346726.0,0.61459,0.985358,LVA,USA,842951
2682454,133,231,8935,2007,0.0,37218.0,0.168528,-0.150411,MAC,USA,842951
2682455,134,231,8935,2007,0.0,2912297.0,-0.5846560000000001,0.10927100000000001,MAR,USA,842951
2682456,135,231,8935,2007,0.0,139282.0,0.147801,0.13758299999999998,MDA,USA,842951
2682457,136,231,8935,2007,0.0,46449.0,-0.939838,-0.221205,MDG,USA,842951
2682458,138,231,8935,2007,139407.0,114750216.0,1.044746,0.605246,MEX,USA,842951
2682459,140,231,8935,2007,0.0,23929.0,-0.125912,-0.009395,MKD,USA,842951
2682460,141,231,8935,2007,170317.0,571333.0,-0.672822,-0.687913,MLI,USA,842951
2682461,142,231,8935,2007,0.0,23932.0,1.184569,-0.046376,MLT,USA,842951
2682462,144,231,8935,2007,0.0,14593.0,0.250006,-0.154908,MNE,USA,842951
2682463,145,231,8935,2007,0.0,383251.0,-1.0688790000000001,-1.1115709999999999,MNG,USA,842951
2682464,147,231,8935,2007,0.0,297377.0,-1.4703110000000001,-1.1915719999999999,MOZ,USA,842951
2682465,149,231,8935,2007,0.0,40812.0,0.952257,-0.31153800000000004,MSR,USA,842951
2682466,153,231,8935,2007,547513.0,2055825.0,0.740788,0.302155,MYS,USA,842951
2682467,154,231,8935,2007,0.0,26618.0,0.9008879999999999,-0.209565,MYT,USA,842951
2682468,155,231,8935,2007,0.0,25460.0,-0.588953,-0.751722,NAM,USA,842951
2682469,156,231,8935,2007,0.0,155601.0,-0.075892,-0.8211430000000001,NCL,USA,842951
2682470,157,231,8935,2007,0.0,13074.0,-0.287155,-0.577325,NER,USA,842951
2682471,159,231,8935,2007,0.0,6195486.0,-1.746879,-1.20823,NGA,USA,842951
2682472,160,231,8935,2007,0.0,427545.0,-0.924162,-0.857508,NIC,USA,842951
2682473,162,231,8935,2007,906695.0,3269766.0,1.089169,1.589641,NLD,USA,842951
2682474,163,231,8935,2007,0.0,5454374.0,0.9829100000000001,0.100995,NOR,USA,842951
2682475,166,231,8935,2007,108932.0,2877739.0,0.495938,0.845825,NZL,USA,842951
2682476,167,231,8935,2007,0.0,4514996.0,-0.5185310000000001,-1.071832,OMN,USA,842951
2682477,168,231,8935,2007,0.0,1854129.0,-0.5594359999999999,0.47369300000000003,PAK,USA,842951
2682478,169,231,8935,2007,41639.0,4079727.0,0.36233899999999997,0.807669,PAN,USA,842951
2682479,173,231,8935,2007,344913.0,38746580.0,-0.49716099999999996,0.02556,PER,USA,842951
2682480,174,231,8935,2007,0.0,1068212.0,0.032117,-0.16600499999999999,PHL,USA,842951
2682481,175,231,8935,2007,0.0,14789.0,-0.514012,-0.878468,PLW,USA,842951
2682482,177,231,8935,2007,346112.0,977661.0,1.0412139999999999,1.309641,POL,USA,842951
2682483,179,231,8935,2007,0.0,1677989.0,0.621302,1.971656,PRT,USA,842951
2682484,180,231,8935,2007,0.0,758058.0,-0.500617,-0.814385,PRY,USA,842951
2682485,182,231,8935,2007,0.0,124200.0,-0.72809,-0.9329620000000001,PYF,USA,842951
2682486,183,231,8935,2007,0.0,7556328.0,0.20181500000000002,-0.9898110000000001,QAT,USA,842951
2682487,185,231,8935,2007,0.0,1333438.0,0.69445,1.223747,ROU,USA,842951
2682488,186,231,8935,2007,784888.0,18889412.0,0.5576399999999999,-0.05382000000000001,RUS,USA,842951
2682489,188,231,8935,2007,0.0,54908896.0,0.367463,-0.8603709999999999,SAU,USA,842951
2682490,191,231,8935,2007,0.0,776818.0,-0.20343599999999998,0.27211199999999997,SEN,USA,842951
2682491,192,231,8935,2007,171390.0,2601885.0,1.608299,0.545791,SGP,USA,842951
2682492,194,231,8935,2007,0.0,36500.0,1.208618,-0.183449,SHN,USA,842951
2682493,196,231,8935,2007,0.0,2789428.0,-0.021377,-0.31765,SLE,USA,842951
2682494,197,231,8935,2007,0.0,1045630.0,-0.110573,0.184426,SLV,USA,842951
2682495,200,231,8935,2007,0.0,9000.0,-0.995914,-0.91112,SPM,USA,842951
2682496,201,231,8935,2007,0.0,62329.0,0.579288,1.464123,SRB,USA,842951
2682497,205,231,8935,2007,0.0,218238.0,-0.8506440000000001,-0.8898959999999999,SUR,USA,842951
2682498,206,231,8935,2007,0.0,199837.0,1.358301,0.79655,SVK,USA,842951
2682499,207,231,8935,2007,0.0,176804.0,1.605767,0.692926,SVN,USA,842951
2682500,208,231,8935,2007,147815808.0,7432943.0,1.927244,0.498241,SWE,USA,842951
2682501,212,231,8935,2007,0.0,178085.0,-0.46851899999999996,0.553396,SYR,USA,842951
2682502,213,231,8935,2007,0.0,1043774.0,0.847607,-0.055827999999999996,TCA,USA,842951
2682503,215,231,8935,2007,0.0,768130.0,-0.78689,-0.806879,TGO,USA,842951
2682504,216,231,8935,2007,184632.0,913822.0,0.711328,1.411114,THA,USA,842951
2682505,222,231,8935,2007,0.0,3514637.0,-0.371347,-1.0536709999999998,TTO,USA,842951
2682506,223,231,8935,2007,0.0,2328891.0,0.062824,0.74003,TUN,USA,842951
2682507,224,231,8935,2007,0.0,11522695.0,0.41396700000000003,2.0339869999999998,TUR,USA,842951
2682508,226,231,8935,2007,0.0,63000.0,-0.8493959999999999,0.47116099999999994,TZA,USA,842951
2682509,227,231,8935,2007,0.0,17346.0,-0.900559,-0.42071400000000003,UGA,USA,842951
2682510,228,231,8935,2007,0.0,6245241.0,0.7441760000000001,0.8681260000000001,UKR,USA,842951
2682511,230,231,8935,2007,0.0,492925.0,0.184883,0.207788,URY,USA,842951
2682512,233,231,8935,2007,0.0,14948731.0,0.762119,-0.20439100000000002,VAT,USA,842951
2682513,234,231,8935,2007,0.0,173283.0,-0.112166,-0.692679,VCT,USA,842951
2682514,236,231,8935,2007,0.0,69788496.0,-0.231215,-0.9839200000000001,VEN,USA,842951
2682515,239,231,8935,2007,256230.0,1787042.0,-0.335613,1.048849,VNM,USA,842951
2682516,242,231,8935,2007,0.0,10553.0,-0.21260500000000002,-0.671421,WSM,USA,842951
2682517,243,231,8935,2007,244018.0,360438.0,-1.2624600000000001,-1.2131290000000001,YEM,USA,842951
2682518,246,231,8935,2007,741214.0,53277672.0,0.349792,1.246052,ZAF,USA,842951
2682519,247,231,8935,2007,0.0,162755.0,-0.522838,-0.796874,ZMB,USA,842951
2682520,248,231,8935,2007,0.0,437356.0,-0.5271399999999999,-0.47033800000000003,ZWE,USA,842951
2682521,249,231,8935,2007,4755.0,5754533.0,1.651607,0.974649,TWN,USA,842951
2682522,6,236,8935,2007,6499484.0,0.0,0.305773,-0.504676,ANT,VEN,842951
2682523,8,236,8935,2007,311905.0,0.0,0.178214,0.5093850000000001,ARG,VEN,842951
2682524,18,236,8935,2007,318759.0,0.0,1.2880479999999999,1.145724,BEL,VEN,842951
2682525,32,236,8935,2007,11233839.0,0.0,0.582859,1.137225,BRA,VEN,842951
2682526,33,236,8935,2007,151091.0,0.0,1.006332,0.680391,BRB,VEN,842951
2682527,39,236,8935,2007,13194.0,0.0,0.77681,1.20517,CAN,VEN,842951
2682528,41,236,8935,2007,768125.0,0.0,2.0198080000000003,0.42277200000000004,CHE,VEN,842951
2682529,43,236,8935,2007,4497446.0,0.0,0.801547,2.321052,CHN,VEN,842951
2682530,49,236,8935,2007,0.0,8935.0,0.118341,0.557699,COL,VEN,842951
2682531,61,236,8935,2007,313717.0,0.0,2.114566,-2.934732,DEU,VEN,842951
2682532,65,236,8935,2007,312546.0,0.0,-0.228756,0.004222,DOM,VEN,842951
2682533,71,236,8935,2007,602946.0,0.0,0.914681,2.027797,ESP,VEN,842951
2682534,77,236,8935,2007,34494.0,0.0,1.4565350000000001,0.262845,FRA,VEN,842951
2682535,81,236,8935,2007,1427719.0,0.0,1.718661,0.35525300000000004,GBR,VEN,842951
2682536,104,236,8935,2007,241390.0,0.0,0.279475,2.7514939999999997,IND,VEN,842951
2682537,111,236,8935,2007,958234.0,0.0,1.3003559999999998,0.705448,ITA,VEN,842951
2682538,114,236,8935,2007,30225.0,0.0,2.313259,0.186703,JPN,VEN,842951
2682539,121,236,8935,2007,8167014.0,0.0,1.497359,0.726637,KOR,VEN,842951
2682540,138,236,8935,2007,204424.0,0.0,1.044746,0.605246,MEX,VEN,842951
2682541,169,236,8935,2007,855922.0,24656.0,0.36233899999999997,0.807669,PAN,VEN,842951
2682542,177,236,8935,2007,233196.0,0.0,1.0412139999999999,1.309641,POL,VEN,842951
2682543,178,236,8935,2007,98689.0,0.0,0.799712,0.8789370000000001,PRK,VEN,842951
2682544,179,236,8935,2007,101772.0,0.0,0.621302,1.971656,PRT,VEN,842951
2682545,218,236,8935,2007,632910.0,0.0,0.47656499999999996,0.073652,TKL,VEN,842951
2682546,231,236,8935,2007,69788496.0,0.0,1.612165,0.0922,USA,VEN,842951
2682547,237,236,8935,2007,312165.0,0.0,0.994233,0.072526,VGB,VEN,842951
2682548,7,243,8935,2007,173152.0,0.0,-0.107504,-0.44744300000000004,ARE,YEM,842951
2682549,9,243,8935,2007,729980.0,0.0,0.7169,-0.019251,ARM,YEM,842951
2682550,18,243,8935,2007,35765.0,52375.0,1.2880479999999999,1.145724,BEL,YEM,842951
2682551,39,243,8935,2007,7654.0,0.0,0.77681,1.20517,CAN,YEM,842951
2682552,43,243,8935,2007,569338.0,0.0,0.801547,2.321052,CHN,YEM,842951
2682553,61,243,8935,2007,144243.0,0.0,2.114566,-2.934732,DEU,YEM,842951
2682554,71,243,8935,2007,43688.0,0.0,0.914681,2.027797,ESP,YEM,842951
2682555,77,243,8935,2007,167139.0,0.0,1.4565350000000001,0.262845,FRA,YEM,842951
2682556,81,243,8935,2007,72868.0,0.0,1.718661,0.35525300000000004,GBR,YEM,842951
2682557,103,243,8935,2007,18288.0,0.0,-0.192415,1.497962,IDN,YEM,842951
2682558,111,243,8935,2007,65471.0,0.0,1.3003559999999998,0.705448,ITA,YEM,842951
2682559,114,243,8935,2007,845050.0,0.0,2.313259,0.186703,JPN,YEM,842951
2682560,121,243,8935,2007,177699.0,0.0,1.497359,0.726637,KOR,YEM,842951
2682561,162,243,8935,2007,152324.0,0.0,1.089169,1.589641,NLD,YEM,842951
2682562,167,243,8935,2007,0.0,205719.0,-0.5185310000000001,-1.071832,OMN,YEM,842951
2682563,188,243,8935,2007,96480.0,0.0,0.367463,-0.8603709999999999,SAU,YEM,842951
2682564,208,243,8935,2007,89126.0,0.0,1.927244,0.498241,SWE,YEM,842951
2682565,231,243,8935,2007,360438.0,244018.0,1.612165,0.0922,USA,YEM,842951
2682566,7,249,8935,2007,0.0,154785.0,-0.107504,-0.44744300000000004,ARE,TWN,842951
2682567,39,249,8935,2007,0.0,4143.0,0.77681,1.20517,CAN,TWN,842951
2682568,43,249,8935,2007,0.0,35525.0,0.801547,2.321052,CHN,TWN,842951
2682569,61,249,8935,2007,51025.0,0.0,2.114566,-2.934732,DEU,TWN,842951
2682570,68,249,8935,2007,0.0,12694.0,-0.144054,0.663592,EGY,TWN,842951
2682571,77,249,8935,2007,11095.0,0.0,1.4565350000000001,0.262845,FRA,TWN,842951
2682572,81,249,8935,2007,65123.0,93247.0,1.718661,0.35525300000000004,GBR,TWN,842951
2682573,97,249,8935,2007,0.0,9837.0,0.639034,2.1086009999999997,HKG,TWN,842951
2682574,103,249,8935,2007,0.0,5100.0,-0.192415,1.497962,IDN,TWN,842951
2682575,111,249,8935,2007,42362.0,0.0,1.3003559999999998,0.705448,ITA,TWN,842951
2682576,114,249,8935,2007,10188702.0,0.0,2.313259,0.186703,JPN,TWN,842951
2682577,118,249,8935,2007,0.0,31340.0,-1.1822489999999999,-1.129066,KHM,TWN,842951
2682578,121,249,8935,2007,531483.0,0.0,1.497359,0.726637,KOR,TWN,842951
2682579,147,249,8935,2007,0.0,12413.0,-1.4703110000000001,-1.1915719999999999,MOZ,TWN,842951
2682580,153,249,8935,2007,0.0,9135.0,0.740788,0.302155,MYS,TWN,842951
2682581,162,249,8935,2007,35476.0,9365.0,1.089169,1.589641,NLD,TWN,842951
2682582,166,249,8935,2007,0.0,54447.0,0.495938,0.845825,NZL,TWN,842951
2682583,174,249,8935,2007,0.0,41736.0,0.032117,-0.16600499999999999,PHL,TWN,842951
2682584,192,249,8935,2007,107296.0,36309.0,1.608299,0.545791,SGP,TWN,842951
2682585,216,249,8935,2007,0.0,219920.0,0.711328,1.411114,THA,TWN,842951
2682586,222,249,8935,2007,0.0,50858.0,-0.371347,-1.0536709999999998,TTO,TWN,842951
2682587,226,249,8935,2007,0.0,5838.0,-0.8493959999999999,0.47116099999999994,TZA,TWN,842951
2682588,231,249,8935,2007,5754533.0,4755.0,1.612165,0.0922,USA,TWN,842951
2682589,239,249,8935,2007,3965.0,98441.0,-0.335613,1.048849,VNM,TWN,842951
2682590,246,249,8935,2007,0.0,227109.0,0.349792,1.246052,ZAF,TWN,842951
2682591,7,2,8935,2007,102380.0,0.0,-0.107504,-0.44744300000000004,ARE,AGO,842951
2682592,18,2,8935,2007,8301773.0,0.0,1.2880479999999999,1.145724,BEL,AGO,842951
2682593,32,2,8935,2007,5041649.0,0.0,0.582859,1.137225,BRA,AGO,842951
2682594,39,2,8935,2007,33631.0,0.0,0.77681,1.20517,CAN,AGO,842951
2682595,41,2,8935,2007,2674.0,0.0,2.0198080000000003,0.42277200000000004,CHE,AGO,842951
2682596,43,2,8935,2007,7109376.0,0.0,0.801547,2.321052,CHN,AGO,842951
2682597,45,2,8935,2007,46036.0,0.0,-0.821623,-0.965601,CMR,AGO,842951
2682598,46,2,8935,2007,491643.0,0.0,-1.507664,-1.111844,COD,AGO,842951
2682599,47,2,8935,2007,18386.0,0.0,-1.88462,-1.22688,COG,AGO,842951
2682600,59,2,8935,2007,110544.0,0.0,1.620377,0.379404,CZE,AGO,842951
2682601,61,2,8935,2007,4681402.0,0.0,2.114566,-2.934732,DEU,AGO,842951
2682602,64,2,8935,2007,24305.0,0.0,1.204019,1.122666,DNK,AGO,842951
2682603,67,2,8935,2007,64784.0,0.0,-0.820491,-0.8557879999999999,ECU,AGO,842951
2682604,71,2,8935,2007,1024607.0,0.0,0.914681,2.027797,ESP,AGO,842951
2682605,77,2,8935,2007,57259.0,0.0,1.4565350000000001,0.262845,FRA,AGO,842951
2682606,81,2,8935,2007,4315727.0,0.0,1.718661,0.35525300000000004,GBR,AGO,842951
2682607,83,2,8935,2007,10632.0,0.0,-0.906867,-0.565891,GHA,AGO,842951
2682608,96,2,8935,2007,81644.0,0.0,-0.889957,-0.873185,GUY,AGO,842951
2682609,102,2,8935,2007,81313.0,0.0,1.4887709999999998,0.78372,HUN,AGO,842951
2682610,104,2,8935,2007,136420.0,0.0,0.279475,2.7514939999999997,IND,AGO,842951
2682611,110,2,8935,2007,129625.0,0.0,1.092244,0.753984,ISR,AGO,842951
2682612,111,2,8935,2007,595214.0,0.0,1.3003559999999998,0.705448,ITA,AGO,842951
2682613,114,2,8935,2007,3943970.0,0.0,2.313259,0.186703,JPN,AGO,842951
2682614,117,2,8935,2007,14095.0,0.0,-0.190437,-0.23665999999999998,KGZ,AGO,842951
2682615,121,2,8935,2007,2838777.0,0.0,1.497359,0.726637,KOR,AGO,842951
2682616,124,2,8935,2007,4015.0,0.0,0.47468,1.775191,LBN,AGO,842951
2682617,134,2,8935,2007,131593.0,0.0,-0.5846560000000001,0.10927100000000001,MAR,AGO,842951
2682618,155,2,8935,2007,100738.0,0.0,-0.588953,-0.751722,NAM,AGO,842951
2682619,162,2,8935,2007,830806.0,0.0,1.089169,1.589641,NLD,AGO,842951
2682620,177,2,8935,2007,64315.0,0.0,1.0412139999999999,1.309641,POL,AGO,842951
2682621,179,2,8935,2007,17561040.0,0.0,0.621302,1.971656,PRT,AGO,842951
2682622,208,2,8935,2007,3732443.0,0.0,1.927244,0.498241,SWE,AGO,842951
2682623,231,2,8935,2007,1662028.0,0.0,1.612165,0.0922,USA,AGO,842951
2682624,246,2,8935,2007,3502406.0,0.0,0.349792,1.246052,ZAF,AGO,842951
2682625,250,2,8935,2007,39214.0,0.0,0.671936,-0.284418,ANS,AGO,842951
2682626,15,4,8935,2007,41450.0,2828.0,1.730088,-0.045543,AUT,ALB,842951
2682627,18,4,8935,2007,1531620.0,0.0,1.2880479999999999,1.145724,BEL,ALB,842951
2682628,23,4,8935,2007,182500.0,0.0,0.43321899999999997,1.5696700000000001,BGR,ALB,842951
2682629,26,4,8935,2007,82612.0,0.0,0.46303199999999994,0.596178,BIH,ALB,842951
2682630,41,4,8935,2007,18970.0,0.0,2.0198080000000003,0.42277200000000004,CHE,ALB,842951
2682631,43,4,8935,2007,37059.0,0.0,0.801547,2.321052,CHN,ALB,842951
2682632,49,4,8935,2007,0.0,56511.0,0.118341,0.557699,COL,ALB,842951
2682633,61,4,8935,2007,770515.0,0.0,2.114566,-2.934732,DEU,ALB,842951
2682634,77,4,8935,2007,386400.0,0.0,1.4565350000000001,0.262845,FRA,ALB,842951
2682635,81,4,8935,2007,23732.0,0.0,1.718661,0.35525300000000004,GBR,ALB,842951
2682636,90,4,8935,2007,122158.0,180863.0,0.348709,1.674567,GRC,ALB,842951
2682637,111,4,8935,2007,2762319.0,7704.0,1.3003559999999998,0.705448,ITA,ALB,842951
2682638,114,4,8935,2007,642.0,0.0,2.313259,0.186703,JPN,ALB,842951
2682639,121,4,8935,2007,12038.0,0.0,1.497359,0.726637,KOR,ALB,842951
2682640,140,4,8935,2007,12624.0,48484.0,-0.125912,-0.009395,MKD,ALB,842951
2682641,162,4,8935,2007,94968.0,14433.0,1.089169,1.589641,NLD,ALB,842951
2682642,185,4,8935,2007,0.0,6654.0,0.69445,1.223747,ROU,ALB,842951
2682643,186,4,8935,2007,109553.0,0.0,0.5576399999999999,-0.05382000000000001,RUS,ALB,842951
2682644,207,4,8935,2007,61627.0,0.0,1.605767,0.692926,SVN,ALB,842951
2682645,224,4,8935,2007,138045.0,0.0,0.41396700000000003,2.0339869999999998,TUR,ALB,842951
2682646,7,14,8935,2007,756434.0,158419.0,-0.107504,-0.44744300000000004,ARE,AUS,842951
2682647,15,14,8935,2007,2859291.0,0.0,1.730088,-0.045543,AUT,AUS,842951
2682648,18,14,8935,2007,1602385.0,0.0,1.2880479999999999,1.145724,BEL,AUS,842951
2682649,23,14,8935,2007,0.0,1109.0,0.43321899999999997,1.5696700000000001,BGR,AUS,842951
2682650,32,14,8935,2007,3227708.0,279050.0,0.582859,1.137225,BRA,AUS,842951
2682651,37,14,8935,2007,0.0,146637.0,-0.8557239999999999,-1.1712989999999999,BWA,AUS,842951
2682652,39,14,8935,2007,1485715.0,19992554.0,0.77681,1.20517,CAN,AUS,842951
2682653,41,14,8935,2007,431515.0,0.0,2.0198080000000003,0.42277200000000004,CHE,AUS,842951
2682654,42,14,8935,2007,0.0,2745798.0,-0.306846,-0.57431,CHL,AUS,842951
2682655,43,14,8935,2007,19396858.0,5096692.0,0.801547,2.321052,CHN,AUS,842951
2682656,56,14,8935,2007,71859.0,0.0,1.550877,-0.177793,CXR,AUS,842951
2682657,61,14,8935,2007,41453300.0,0.0,2.114566,-2.934732,DEU,AUS,842951
2682658,64,14,8935,2007,1995.0,0.0,1.204019,1.122666,DNK,AUS,842951
2682659,71,14,8935,2007,38836.0,0.0,0.914681,2.027797,ESP,AUS,842951
2682660,74,14,8935,2007,17438304.0,0.0,1.865502,0.7737729999999999,FIN,AUS,842951
2682661,75,14,8935,2007,0.0,163414.0,-0.506992,0.033250999999999996,FJI,AUS,842951
2682662,77,14,8935,2007,1232411.0,0.0,1.4565350000000001,0.262845,FRA,AUS,842951
2682663,81,14,8935,2007,15755095.0,2006517.0,1.718661,0.35525300000000004,GBR,AUS,842951
2682664,103,14,8935,2007,315404.0,7246118.0,-0.192415,1.497962,IDN,AUS,842951
2682665,111,14,8935,2007,5425672.0,0.0,1.3003559999999998,0.705448,ITA,AUS,842951
2682666,114,14,8935,2007,96226416.0,0.0,2.313259,0.186703,JPN,AUS,842951
2682667,115,14,8935,2007,0.0,453093.0,-0.171218,-0.630279,KAZ,AUS,842951
2682668,116,14,8935,2007,0.0,219096.0,-0.44365299999999996,0.858692,KEN,AUS,842951
2682669,121,14,8935,2007,16709682.0,73140.0,1.497359,0.726637,KOR,AUS,842951
2682670,138,14,8935,2007,0.0,437369.0,1.044746,0.605246,MEX,AUS,842951
2682671,141,14,8935,2007,0.0,70865.0,-0.672822,-0.687913,MLI,AUS,842951
2682672,147,14,8935,2007,0.0,56957.0,-1.4703110000000001,-1.1915719999999999,MOZ,AUS,842951
2682673,153,14,8935,2007,455402.0,14680.0,0.740788,0.302155,MYS,AUS,842951
2682674,156,14,8935,2007,0.0,574592.0,-0.075892,-0.8211430000000001,NCL,AUS,842951
2682675,157,14,8935,2007,682638.0,0.0,-0.287155,-0.577325,NER,AUS,842951
2682676,162,14,8935,2007,20131440.0,41635.0,1.089169,1.589641,NLD,AUS,842951
2682677,166,14,8935,2007,712162.0,2374495.0,0.495938,0.845825,NZL,AUS,842951
2682678,168,14,8935,2007,2027.0,17664.0,-0.5594359999999999,0.47369300000000003,PAK,AUS,842951
2682679,173,14,8935,2007,0.0,7918514.0,-0.49716099999999996,0.02556,PER,AUS,842951
2682680,177,14,8935,2007,0.0,370.0,1.0412139999999999,1.309641,POL,AUS,842951
2682681,186,14,8935,2007,0.0,3321096.0,0.5576399999999999,-0.05382000000000001,RUS,AUS,842951
2682682,191,14,8935,2007,0.0,35919.0,-0.20343599999999998,0.27211199999999997,SEN,AUS,842951
2682683,192,14,8935,2007,2852203.0,250778.0,1.608299,0.545791,SGP,AUS,842951
2682684,208,14,8935,2007,48969868.0,0.0,1.927244,0.498241,SWE,AUS,842951
2682685,216,14,8935,2007,135980.0,0.0,0.711328,1.411114,THA,AUS,842951
2682686,231,14,8935,2007,152820160.0,9746885.0,1.612165,0.0922,USA,AUS,842951
2682687,239,14,8935,2007,166878.0,0.0,-0.335613,1.048849,VNM,AUS,842951
2682688,240,14,8935,2007,0.0,120561.0,-1.187885,-0.993107,VUT,AUS,842951
2682689,246,14,8935,2007,260822.0,15290182.0,0.349792,1.246052,ZAF,AUS,842951
2682690,247,14,8935,2007,0.0,29035.0,-0.522838,-0.796874,ZMB,AUS,842951
2682691,3,16,8935,2007,124093.0,0.0,1.204732,-0.009463,AIA,AZE,842951
2682692,15,16,8935,2007,152152.0,0.0,1.730088,-0.045543,AUT,AZE,842951
2682693,18,16,8935,2007,139938.0,0.0,1.2880479999999999,1.145724,BEL,AZE,842951
2682694,28,16,8935,2007,1849701.0,0.0,1.0435889999999999,0.415603,BLR,AZE,842951
2682695,41,16,8935,2007,48637.0,0.0,2.0198080000000003,0.42277200000000004,CHE,AZE,842951
2682696,43,16,8935,2007,1831121.0,0.0,0.801547,2.321052,CHN,AZE,842951
2682697,59,16,8935,2007,2814.0,0.0,1.620377,0.379404,CZE,AZE,842951
2682698,61,16,8935,2007,208892.0,0.0,2.114566,-2.934732,DEU,AZE,842951
2682699,77,16,8935,2007,57948.0,0.0,1.4565350000000001,0.262845,FRA,AZE,842951
2682700,81,16,8935,2007,3078104.0,0.0,1.718661,0.35525300000000004,GBR,AZE,842951
2682701,82,16,8935,2007,2281.0,0.0,0.016077,-0.386962,GEO,AZE,842951
2682702,111,16,8935,2007,278728.0,0.0,1.3003559999999998,0.705448,ITA,AZE,842951
2682703,114,16,8935,2007,94511.0,0.0,2.313259,0.186703,JPN,AZE,842951
2682704,115,16,8935,2007,103782.0,0.0,-0.171218,-0.630279,KAZ,AZE,842951
2682705,121,16,8935,2007,126803.0,0.0,1.497359,0.726637,KOR,AZE,842951
2682706,162,16,8935,2007,20588.0,0.0,1.089169,1.589641,NLD,AZE,842951
2682707,177,16,8935,2007,156606.0,0.0,1.0412139999999999,1.309641,POL,AZE,842951
2682708,186,16,8935,2007,566929.0,0.0,0.5576399999999999,-0.05382000000000001,RUS,AZE,842951
2682709,207,16,8935,2007,2495.0,0.0,1.605767,0.692926,SVN,AZE,842951
2682710,208,16,8935,2007,1062058.0,0.0,1.927244,0.498241,SWE,AZE,842951
2682711,224,16,8935,2007,2602510.0,0.0,0.41396700000000003,2.0339869999999998,TUR,AZE,842951
2682712,228,16,8935,2007,5781.0,0.0,0.7441760000000001,0.8681260000000001,UKR,AZE,842951
2682713,231,16,8935,2007,139827.0,0.0,1.612165,0.0922,USA,AZE,842951
2682714,43,22,8935,2007,331102.0,0.0,0.801547,2.321052,CHN,BGD,842951
2682715,81,22,8935,2007,144572.0,0.0,1.718661,0.35525300000000004,GBR,BGD,842951
2682716,104,22,8935,2007,42154.0,0.0,0.279475,2.7514939999999997,IND,BGD,842951
2682717,114,22,8935,2007,459798.0,45961.0,2.313259,0.186703,JPN,BGD,842951
2682718,121,22,8935,2007,21447.0,0.0,1.497359,0.726637,KOR,BGD,842951
2682719,192,22,8935,2007,294769.0,0.0,1.608299,0.545791,SGP,BGD,842951
2682720,231,22,8935,2007,41947.0,0.0,1.612165,0.0922,USA,BGD,842951
2682721,4,23,8935,2007,0.0,182500.0,-0.20616700000000002,-0.016993,ALB,BGR,842951
2682722,14,23,8935,2007,1109.0,0.0,0.137686,0.451592,AUS,BGR,842951
2682723,15,23,8935,2007,4473835.0,0.0,1.730088,-0.045543,AUT,BGR,842951
2682724,18,23,8935,2007,8677098.0,115812.0,1.2880479999999999,1.145724,BEL,BGR,842951
2682725,26,23,8935,2007,29423.0,0.0,0.46303199999999994,0.596178,BIH,BGR,842951
2682726,32,23,8935,2007,1017.0,0.0,0.582859,1.137225,BRA,BGR,842951
2682727,39,23,8935,2007,10593.0,0.0,0.77681,1.20517,CAN,BGR,842951
2682728,41,23,8935,2007,244122.0,0.0,2.0198080000000003,0.42277200000000004,CHE,BGR,842951
2682729,43,23,8935,2007,2266294.0,0.0,0.801547,2.321052,CHN,BGR,842951
2682730,52,23,8935,2007,856.0,0.0,0.001895,-0.30248600000000003,CRI,BGR,842951
2682731,59,23,8935,2007,466335.0,0.0,1.620377,0.379404,CZE,BGR,842951
2682732,61,23,8935,2007,10112349.0,134152.0,2.114566,-2.934732,DEU,BGR,842951
2682733,64,23,8935,2007,210386.0,0.0,1.204019,1.122666,DNK,BGR,842951
2682734,68,23,8935,2007,0.0,10012.0,-0.144054,0.663592,EGY,BGR,842951
2682735,71,23,8935,2007,99799.0,0.0,0.914681,2.027797,ESP,BGR,842951
2682736,74,23,8935,2007,1600876.0,0.0,1.865502,0.7737729999999999,FIN,BGR,842951
2682737,77,23,8935,2007,935950.0,0.0,1.4565350000000001,0.262845,FRA,BGR,842951
2682738,81,23,8935,2007,342498.0,0.0,1.718661,0.35525300000000004,GBR,BGR,842951
2682739,82,23,8935,2007,0.0,32521.0,0.016077,-0.386962,GEO,BGR,842951
2682740,90,23,8935,2007,1169145.0,26292.0,0.348709,1.674567,GRC,BGR,842951
2682741,102,23,8935,2007,166012.0,0.0,1.4887709999999998,0.78372,HUN,BGR,842951
2682742,111,23,8935,2007,17649562.0,0.0,1.3003559999999998,0.705448,ITA,BGR,842951
2682743,114,23,8935,2007,47416.0,0.0,2.313259,0.186703,JPN,BGR,842951
2682744,121,23,8935,2007,10743337.0,0.0,1.497359,0.726637,KOR,BGR,842951
2682745,140,23,8935,2007,0.0,192576.0,-0.125912,-0.009395,MKD,BGR,842951
2682746,162,23,8935,2007,1468133.0,0.0,1.089169,1.589641,NLD,BGR,842951
2682747,163,23,8935,2007,23759.0,0.0,0.9829100000000001,0.100995,NOR,BGR,842951
2682748,177,23,8935,2007,1291094.0,0.0,1.0412139999999999,1.309641,POL,BGR,842951
2682749,185,23,8935,2007,25071.0,1105898.0,0.69445,1.223747,ROU,BGR,842951
2682750,186,23,8935,2007,2642.0,0.0,0.5576399999999999,-0.05382000000000001,RUS,BGR,842951
2682751,201,23,8935,2007,49401.0,523164.0,0.579288,1.464123,SRB,BGR,842951
2682752,206,23,8935,2007,24922.0,0.0,1.358301,0.79655,SVK,BGR,842951
2682753,208,23,8935,2007,141669.0,0.0,1.927244,0.498241,SWE,BGR,842951
2682754,224,23,8935,2007,997639.0,0.0,0.41396700000000003,2.0339869999999998,TUR,BGR,842951
2682755,231,23,8935,2007,2174600.0,32876.0,1.612165,0.0922,USA,BGR,842951
2682756,239,23,8935,2007,0.0,21796.0,-0.335613,1.048849,VNM,BGR,842951
2682757,7,24,8935,2007,354822.0,589546.0,-0.107504,-0.44744300000000004,ARE,BHR,842951
2682758,15,24,8935,2007,1393236.0,0.0,1.730088,-0.045543,AUT,BHR,842951
2682759,18,24,8935,2007,653288.0,0.0,1.2880479999999999,1.145724,BEL,BHR,842951
2682760,32,24,8935,2007,278190.0,0.0,0.582859,1.137225,BRA,BHR,842951
2682761,43,24,8935,2007,337983.0,0.0,0.801547,2.321052,CHN,BHR,842951
2682762,59,24,8935,2007,193535.0,0.0,1.620377,0.379404,CZE,BHR,842951
2682763,71,24,8935,2007,11825.0,0.0,0.914681,2.027797,ESP,BHR,842951
2682764,81,24,8935,2007,568819.0,0.0,1.718661,0.35525300000000004,GBR,BHR,842951
2682765,104,24,8935,2007,250862.0,0.0,0.279475,2.7514939999999997,IND,BHR,842951
2682766,107,24,8935,2007,0.0,6649.0,-0.797659,-1.048892,IRN,BHR,842951
2682767,111,24,8935,2007,1657710.0,0.0,1.3003559999999998,0.705448,ITA,BHR,842951
2682768,114,24,8935,2007,2059505.0,0.0,2.313259,0.186703,JPN,BHR,842951
2682769,121,24,8935,2007,4489923.0,0.0,1.497359,0.726637,KOR,BHR,842951
2682770,122,24,8935,2007,0.0,235030.0,-0.8265030000000001,-1.166243,KWT,BHR,842951
2682771,162,24,8935,2007,198008.0,23683.0,1.089169,1.589641,NLD,BHR,842951
2682772,167,24,8935,2007,36241.0,211957.0,-0.5185310000000001,-1.071832,OMN,BHR,842951
2682773,183,24,8935,2007,60651.0,277163.0,0.20181500000000002,-0.9898110000000001,QAT,BHR,842951
2682774,188,24,8935,2007,57651.0,275869.0,0.367463,-0.8603709999999999,SAU,BHR,842951
2682775,192,24,8935,2007,47048.0,0.0,1.608299,0.545791,SGP,BHR,842951
2682776,208,24,8935,2007,93584.0,0.0,1.927244,0.498241,SWE,BHR,842951
2682777,231,24,8935,2007,2071116.0,0.0,1.612165,0.0922,USA,BHR,842951
2682778,4,26,8935,2007,0.0,82612.0,-0.20616700000000002,-0.016993,ALB,BIH,842951
2682779,15,26,8935,2007,996162.0,79180.0,1.730088,-0.045543,AUT,BIH,842951
2682780,18,26,8935,2007,161954.0,0.0,1.2880479999999999,1.145724,BEL,BIH,842951
2682781,23,26,8935,2007,0.0,29423.0,0.43321899999999997,1.5696700000000001,BGR,BIH,842951
2682782,41,26,8935,2007,99778.0,0.0,2.0198080000000003,0.42277200000000004,CHE,BIH,842951
2682783,43,26,8935,2007,64393.0,0.0,0.801547,2.321052,CHN,BIH,842951
2682784,61,26,8935,2007,870347.0,6561.0,2.114566,-2.934732,DEU,BIH,842951
2682785,73,26,8935,2007,0.0,44588.0,-1.115917,-0.821652,ETH,BIH,842951
2682786,77,26,8935,2007,95036.0,0.0,1.4565350000000001,0.262845,FRA,BIH,842951
2682787,81,26,8935,2007,1468836.0,0.0,1.718661,0.35525300000000004,GBR,BIH,842951
2682788,100,26,8935,2007,632941.0,214985.0,0.7799699999999999,1.1047850000000001,HRV,BIH,842951
2682789,102,26,8935,2007,122435.0,0.0,1.4887709999999998,0.78372,HUN,BIH,842951
2682790,111,26,8935,2007,2352200.0,88599.0,1.3003559999999998,0.705448,ITA,BIH,842951
2682791,114,26,8935,2007,176134.0,0.0,2.313259,0.186703,JPN,BIH,842951
2682792,121,26,8935,2007,333642.0,0.0,1.497359,0.726637,KOR,BIH,842951
2682793,144,26,8935,2007,7500.0,109778.0,0.250006,-0.154908,MNE,BIH,842951
2682794,162,26,8935,2007,54177.0,0.0,1.089169,1.589641,NLD,BIH,842951
2682795,177,26,8935,2007,210724.0,0.0,1.0412139999999999,1.309641,POL,BIH,842951
2682796,186,26,8935,2007,33360.0,18298.0,0.5576399999999999,-0.05382000000000001,RUS,BIH,842951
2682797,201,26,8935,2007,125954.0,250882.0,0.579288,1.464123,SRB,BIH,842951
2682798,207,26,8935,2007,644173.0,0.0,1.605767,0.692926,SVN,BIH,842951
2682799,208,26,8935,2007,785712.0,0.0,1.927244,0.498241,SWE,BIH,842951
2682800,231,26,8935,2007,44396.0,0.0,1.612165,0.0922,USA,BIH,842951
2682801,9,28,8935,2007,0.0,15300.0,0.7169,-0.019251,ARM,BLR,842951
2682802,15,28,8935,2007,87967.0,429836.0,1.730088,-0.045543,AUT,BLR,842951
2682803,16,28,8935,2007,0.0,1849701.0,-0.897342,-1.174224,AZE,BLR,842951
2682804,18,28,8935,2007,167056.0,0.0,1.2880479999999999,1.145724,BEL,BLR,842951
2682805,19,28,8935,2007,0.0,206467.0,-1.055882,-0.880178,BEN,BLR,842951
2682806,41,28,8935,2007,101378.0,0.0,2.0198080000000003,0.42277200000000004,CHE,BLR,842951
2682807,43,28,8935,2007,579643.0,0.0,0.801547,2.321052,CHN,BLR,842951
2682808,59,28,8935,2007,35088.0,0.0,1.620377,0.379404,CZE,BLR,842951
2682809,61,28,8935,2007,1673073.0,0.0,2.114566,-2.934732,DEU,BLR,842951
2682810,77,28,8935,2007,13211.0,0.0,1.4565350000000001,0.262845,FRA,BLR,842951
2682811,81,28,8935,2007,309445.0,0.0,1.718661,0.35525300000000004,GBR,BLR,842951
2682812,104,28,8935,2007,0.0,51019.0,0.279475,2.7514939999999997,IND,BLR,842951
2682813,111,28,8935,2007,113498.0,0.0,1.3003559999999998,0.705448,ITA,BLR,842951
2682814,114,28,8935,2007,10084.0,0.0,2.313259,0.186703,JPN,BLR,842951
2682815,115,28,8935,2007,0.0,1663171.0,-0.171218,-0.630279,KAZ,BLR,842951
2682816,117,28,8935,2007,0.0,120595.0,-0.190437,-0.23665999999999998,KGZ,BLR,842951
2682817,121,28,8935,2007,11678.0,0.0,1.497359,0.726637,KOR,BLR,842951
2682818,130,28,8935,2007,46737.0,15461.0,0.604169,1.279982,LTU,BLR,842951
2682819,132,28,8935,2007,29146.0,44919.0,0.61459,0.985358,LVA,BLR,842951
2682820,135,28,8935,2007,0.0,139326.0,0.147801,0.13758299999999998,MDA,BLR,842951
2682821,162,28,8935,2007,15626.0,0.0,1.089169,1.589641,NLD,BLR,842951
2682822,163,28,8935,2007,1146.0,0.0,0.9829100000000001,0.100995,NOR,BLR,842951
2682823,164,28,8935,2007,0.0,101138.0,-0.274255,0.513961,NPL,BLR,842951
2682824,177,28,8935,2007,322250.0,43338.0,1.0412139999999999,1.309641,POL,BLR,842951
2682825,185,28,8935,2007,0.0,60048.0,0.69445,1.223747,ROU,BLR,842951
2682826,186,28,8935,2007,163623.0,45898280.0,0.5576399999999999,-0.05382000000000001,RUS,BLR,842951
2682827,208,28,8935,2007,7269.0,0.0,1.927244,0.498241,SWE,BLR,842951
2682828,217,28,8935,2007,0.0,571692.0,-1.0092379999999999,-1.185964,TJK,BLR,842951
2682829,219,28,8935,2007,0.0,1657400.0,-1.16715,-1.213064,TKM,BLR,842951
2682830,224,28,8935,2007,110256.0,0.0,0.41396700000000003,2.0339869999999998,TUR,BLR,842951
2682831,228,28,8935,2007,0.0,3265074.0,0.7441760000000001,0.8681260000000001,UKR,BLR,842951
2682832,231,28,8935,2007,60428.0,0.0,1.612165,0.0922,USA,BLR,842951
2682833,232,28,8935,2007,0.0,80221.0,-0.540449,-0.799454,UZB,BLR,842951
2682834,15,58,8935,2007,263657.0,0.0,1.730088,-0.045543,AUT,CYP,842951
2682835,18,58,8935,2007,4136247.0,0.0,1.2880479999999999,1.145724,BEL,CYP,842951
2682836,41,58,8935,2007,18174.0,0.0,2.0198080000000003,0.42277200000000004,CHE,CYP,842951
2682837,43,58,8935,2007,994734.0,0.0,0.801547,2.321052,CHN,CYP,842951
2682838,61,58,8935,2007,684988.0,0.0,2.114566,-2.934732,DEU,CYP,842951
2682839,71,58,8935,2007,35189.0,0.0,0.914681,2.027797,ESP,CYP,842951
2682840,81,58,8935,2007,1575356.0,0.0,1.718661,0.35525300000000004,GBR,CYP,842951
2682841,90,58,8935,2007,9931.0,0.0,0.348709,1.674567,GRC,CYP,842951
2682842,110,58,8935,2007,0.0,16827.0,1.092244,0.753984,ISR,CYP,842951
2682843,111,58,8935,2007,1587468.0,0.0,1.3003559999999998,0.705448,ITA,CYP,842951
2682844,113,58,8935,2007,0.0,11436.0,0.228433,0.5984550000000001,JOR,CYP,842951
2682845,114,58,8935,2007,66622.0,0.0,2.313259,0.186703,JPN,CYP,842951
2682846,121,58,8935,2007,57468.0,0.0,1.497359,0.726637,KOR,CYP,842951
2682847,124,58,8935,2007,48167.0,145822.0,0.47468,1.775191,LBN,CYP,842951
2682848,162,58,8935,2007,907117.0,0.0,1.089169,1.589641,NLD,CYP,842951
2682849,177,58,8935,2007,0.0,252982.0,1.0412139999999999,1.309641,POL,CYP,842951
2682850,185,58,8935,2007,0.0,86997.0,0.69445,1.223747,ROU,CYP,842951
2682851,224,58,8935,2007,368046.0,0.0,0.41396700000000003,2.0339869999999998,TUR,CYP,842951
2682852,231,58,8935,2007,336431.0,0.0,1.612165,0.0922,USA,CYP,842951
2682853,7,68,8935,2007,23507.0,1618.0,-0.107504,-0.44744300000000004,ARE,EGY,842951
2682854,15,68,8935,2007,350033.0,0.0,1.730088,-0.045543,AUT,EGY,842951
2682855,18,68,8935,2007,7934762.0,0.0,1.2880479999999999,1.145724,BEL,EGY,842951
2682856,23,68,8935,2007,10012.0,0.0,0.43321899999999997,1.5696700000000001,BGR,EGY,842951
2682857,32,68,8935,2007,240289.0,0.0,0.582859,1.137225,BRA,EGY,842951
2682858,39,68,8935,2007,452291.0,0.0,0.77681,1.20517,CAN,EGY,842951
2682859,41,68,8935,2007,823439.0,0.0,2.0198080000000003,0.42277200000000004,CHE,EGY,842951
2682860,42,68,8935,2007,41273.0,0.0,-0.306846,-0.57431,CHL,EGY,842951
2682861,43,68,8935,2007,403324.0,0.0,0.801547,2.321052,CHN,EGY,842951
2682862,61,68,8935,2007,5359788.0,0.0,2.114566,-2.934732,DEU,EGY,842951
2682863,64,68,8935,2007,26710.0,0.0,1.204019,1.122666,DNK,EGY,842951
2682864,71,68,8935,2007,3708360.0,0.0,0.914681,2.027797,ESP,EGY,842951
2682865,73,68,8935,2007,0.0,100879.0,-1.115917,-0.821652,ETH,EGY,842951
2682866,74,68,8935,2007,126557.0,0.0,1.865502,0.7737729999999999,FIN,EGY,842951
2682867,77,68,8935,2007,1794492.0,0.0,1.4565350000000001,0.262845,FRA,EGY,842951
2682868,81,68,8935,2007,4316342.0,0.0,1.718661,0.35525300000000004,GBR,EGY,842951
2682869,90,68,8935,2007,12866.0,0.0,0.348709,1.674567,GRC,EGY,842951
2682870,97,68,8935,2007,29023.0,0.0,0.639034,2.1086009999999997,HKG,EGY,842951
2682871,100,68,8935,2007,21366.0,0.0,0.7799699999999999,1.1047850000000001,HRV,EGY,842951
2682872,106,68,8935,2007,44137.0,0.0,1.353146,0.122832,IRL,EGY,842951
2682873,108,68,8935,2007,0.0,34621.0,-1.961053,-0.8849969999999999,IRQ,EGY,842951
2682874,110,68,8935,2007,421372.0,0.0,1.092244,0.753984,ISR,EGY,842951
2682875,111,68,8935,2007,3058183.0,0.0,1.3003559999999998,0.705448,ITA,EGY,842951
2682876,113,68,8935,2007,17947.0,14061.0,0.228433,0.5984550000000001,JOR,EGY,842951
2682877,114,68,8935,2007,34095896.0,0.0,2.313259,0.186703,JPN,EGY,842951
2682878,121,68,8935,2007,4467859.0,0.0,1.497359,0.726637,KOR,EGY,842951
2682879,122,68,8935,2007,62069.0,849.0,-0.8265030000000001,-1.166243,KWT,EGY,842951
2682880,124,68,8935,2007,27727.0,0.0,0.47468,1.775191,LBN,EGY,842951
2682881,126,68,8935,2007,0.0,72224.0,-0.8669959999999999,-1.167363,LBY,EGY,842951
2682882,138,68,8935,2007,28807.0,0.0,1.044746,0.605246,MEX,EGY,842951
2682883,153,68,8935,2007,7861.0,0.0,0.740788,0.302155,MYS,EGY,842951
2682884,159,68,8935,2007,0.0,1362730.0,-1.746879,-1.20823,NGA,EGY,842951
2682885,162,68,8935,2007,5601125.0,61423.0,1.089169,1.589641,NLD,EGY,842951
2682886,163,68,8935,2007,502531.0,0.0,0.9829100000000001,0.100995,NOR,EGY,842951
2682887,177,68,8935,2007,72592.0,0.0,1.0412139999999999,1.309641,POL,EGY,842951
2682888,179,68,8935,2007,891594.0,0.0,0.621302,1.971656,PRT,EGY,842951
2682889,183,68,8935,2007,0.0,6237.0,0.20181500000000002,-0.9898110000000001,QAT,EGY,842951
2682890,185,68,8935,2007,2285.0,0.0,0.69445,1.223747,ROU,EGY,842951
2682891,188,68,8935,2007,26999.0,181743.0,0.367463,-0.8603709999999999,SAU,EGY,842951
2682892,208,68,8935,2007,292305.0,0.0,1.927244,0.498241,SWE,EGY,842951
2682893,212,68,8935,2007,0.0,3996.0,-0.46851899999999996,0.553396,SYR,EGY,842951
2682894,216,68,8935,2007,5759.0,0.0,0.711328,1.411114,THA,EGY,842951
2682895,224,68,8935,2007,50851.0,0.0,0.41396700000000003,2.0339869999999998,TUR,EGY,842951
2682896,231,68,8935,2007,6706732.0,0.0,1.612165,0.0922,USA,EGY,842951
2682897,239,68,8935,2007,38081.0,0.0,-0.335613,1.048849,VNM,EGY,842951
2682898,249,68,8935,2007,12694.0,0.0,1.651607,0.974649,TWN,EGY,842951
2682899,250,68,8935,2007,3889203.0,0.0,0.671936,-0.284418,ANS,EGY,842951
2682900,15,72,8935,2007,1016177.0,0.0,1.730088,-0.045543,AUT,EST,842951
2682901,18,72,8935,2007,4053630.0,0.0,1.2880479999999999,1.145724,BEL,EST,842951
2682902,32,72,8935,2007,189802.0,0.0,0.582859,1.137225,BRA,EST,842951
2682903,39,72,8935,2007,104655.0,0.0,0.77681,1.20517,CAN,EST,842951
2682904,41,72,8935,2007,527088.0,0.0,2.0198080000000003,0.42277200000000004,CHE,EST,842951
2682905,43,72,8935,2007,48312.0,0.0,0.801547,2.321052,CHN,EST,842951
2682906,59,72,8935,2007,232637.0,0.0,1.620377,0.379404,CZE,EST,842951
2682907,61,72,8935,2007,2908262.0,227218.0,2.114566,-2.934732,DEU,EST,842951
2682908,64,72,8935,2007,43169.0,0.0,1.204019,1.122666,DNK,EST,842951
2682909,71,72,8935,2007,103015.0,186273.0,0.914681,2.027797,ESP,EST,842951
2682910,74,72,8935,2007,1595851.0,399365.0,1.865502,0.7737729999999999,FIN,EST,842951
2682911,77,72,8935,2007,243523.0,0.0,1.4565350000000001,0.262845,FRA,EST,842951
2682912,81,72,8935,2007,1922293.0,0.0,1.718661,0.35525300000000004,GBR,EST,842951
2682913,111,72,8935,2007,6222936.0,0.0,1.3003559999999998,0.705448,ITA,EST,842951
2682914,114,72,8935,2007,107522.0,0.0,2.313259,0.186703,JPN,EST,842951
2682915,121,72,8935,2007,178391.0,0.0,1.497359,0.726637,KOR,EST,842951
2682916,130,72,8935,2007,132070.0,1349656.0,0.604169,1.279982,LTU,EST,842951
2682917,132,72,8935,2007,196903.0,562765.0,0.61459,0.985358,LVA,EST,842951
2682918,145,72,8935,2007,0.0,259913.0,-1.0688790000000001,-1.1115709999999999,MNG,EST,842951
2682919,162,72,8935,2007,1049582.0,341174.0,1.089169,1.589641,NLD,EST,842951
2682920,163,72,8935,2007,101235.0,0.0,0.9829100000000001,0.100995,NOR,EST,842951
2682921,177,72,8935,2007,2342258.0,46595.0,1.0412139999999999,1.309641,POL,EST,842951
2682922,186,72,8935,2007,13875.0,411372.0,0.5576399999999999,-0.05382000000000001,RUS,EST,842951
2682923,206,72,8935,2007,85915.0,0.0,1.358301,0.79655,SVK,EST,842951
2682924,208,72,8935,2007,338960.0,314969.0,1.927244,0.498241,SWE,EST,842951
2682925,228,72,8935,2007,0.0,27103.0,0.7441760000000001,0.8681260000000001,UKR,EST,842951
2682926,231,72,8935,2007,2879146.0,194253.0,1.612165,0.0922,USA,EST,842951
2682927,250,72,8935,2007,8634102.0,0.0,0.671936,-0.284418,ANS,EST,842951
2682928,7,82,8935,2007,31369.0,0.0,-0.107504,-0.44744300000000004,ARE,GEO,842951
2682929,9,82,8935,2007,13633.0,93591.0,0.7169,-0.019251,ARM,GEO,842951
2682930,16,82,8935,2007,0.0,2281.0,-0.897342,-1.174224,AZE,GEO,842951
2682931,18,82,8935,2007,484294.0,0.0,1.2880479999999999,1.145724,BEL,GEO,842951
2682932,23,82,8935,2007,32521.0,0.0,0.43321899999999997,1.5696700000000001,BGR,GEO,842951
2682933,43,82,8935,2007,426017.0,0.0,0.801547,2.321052,CHN,GEO,842951
2682934,59,82,8935,2007,6874.0,0.0,1.620377,0.379404,CZE,GEO,842951
2682935,61,82,8935,2007,1746174.0,0.0,2.114566,-2.934732,DEU,GEO,842951
2682936,77,82,8935,2007,7331.0,432352.0,1.4565350000000001,0.262845,FRA,GEO,842951
2682937,81,82,8935,2007,71343.0,0.0,1.718661,0.35525300000000004,GBR,GEO,842951
2682938,102,82,8935,2007,90431.0,0.0,1.4887709999999998,0.78372,HUN,GEO,842951
2682939,111,82,8935,2007,42831.0,0.0,1.3003559999999998,0.705448,ITA,GEO,842951
2682940,115,82,8935,2007,49398.0,0.0,-0.171218,-0.630279,KAZ,GEO,842951
2682941,162,82,8935,2007,659991.0,297732.0,1.089169,1.589641,NLD,GEO,842951
2682942,185,82,8935,2007,39742.0,0.0,0.69445,1.223747,ROU,GEO,842951
2682943,186,82,8935,2007,930286.0,0.0,0.5576399999999999,-0.05382000000000001,RUS,GEO,842951
2682944,224,82,8935,2007,723878.0,238393.0,0.41396700000000003,2.0339869999999998,TUR,GEO,842951
2682945,228,82,8935,2007,61750.0,0.0,0.7441760000000001,0.8681260000000001,UKR,GEO,842951
2682946,231,82,8935,2007,118434.0,0.0,1.612165,0.0922,USA,GEO,842951
2682947,18,85,8935,2007,99689.0,0.0,1.2880479999999999,1.145724,BEL,GIN,842951
2682948,39,85,8935,2007,16785.0,0.0,0.77681,1.20517,CAN,GIN,842951
2682949,41,85,8935,2007,861.0,0.0,2.0198080000000003,0.42277200000000004,CHE,GIN,842951
2682950,43,85,8935,2007,128312.0,18635.0,0.801547,2.321052,CHN,GIN,842951
2682951,61,85,8935,2007,209513.0,0.0,2.114566,-2.934732,DEU,GIN,842951
2682952,71,85,8935,2007,17938.0,0.0,0.914681,2.027797,ESP,GIN,842951
2682953,77,85,8935,2007,149884.0,0.0,1.4565350000000001,0.262845,FRA,GIN,842951
2682954,81,85,8935,2007,469693.0,0.0,1.718661,0.35525300000000004,GBR,GIN,842951
2682955,114,85,8935,2007,2930.0,0.0,2.313259,0.186703,JPN,GIN,842951
2682956,124,85,8935,2007,12714.0,0.0,0.47468,1.775191,LBN,GIN,842951
2682957,162,85,8935,2007,685997.0,0.0,1.089169,1.589641,NLD,GIN,842951
2682958,179,85,8935,2007,5558.0,0.0,0.621302,1.971656,PRT,GIN,842951
2682959,231,85,8935,2007,794736.0,0.0,1.612165,0.0922,USA,GIN,842951
2682960,15,100,8935,2007,6072908.0,309959.0,1.730088,-0.045543,AUT,HRV,842951
2682961,18,100,8935,2007,3951627.0,0.0,1.2880479999999999,1.145724,BEL,HRV,842951
2682962,26,100,8935,2007,214985.0,632941.0,0.46303199999999994,0.596178,BIH,HRV,842951
2682963,39,100,8935,2007,49923.0,0.0,0.77681,1.20517,CAN,HRV,842951
2682964,41,100,8935,2007,254590.0,0.0,2.0198080000000003,0.42277200000000004,CHE,HRV,842951
2682965,43,100,8935,2007,74196.0,0.0,0.801547,2.321052,CHN,HRV,842951
2682966,59,100,8935,2007,23350.0,129220.0,1.620377,0.379404,CZE,HRV,842951
2682967,61,100,8935,2007,4227976.0,227423.0,2.114566,-2.934732,DEU,HRV,842951
2682968,68,100,8935,2007,0.0,21366.0,-0.144054,0.663592,EGY,HRV,842951
2682969,74,100,8935,2007,10502.0,0.0,1.865502,0.7737729999999999,FIN,HRV,842951
2682970,77,100,8935,2007,122348.0,0.0,1.4565350000000001,0.262845,FRA,HRV,842951
2682971,81,100,8935,2007,14961929.0,90128.0,1.718661,0.35525300000000004,GBR,HRV,842951
2682972,102,100,8935,2007,541786.0,34035.0,1.4887709999999998,0.78372,HUN,HRV,842951
2682973,111,100,8935,2007,6417806.0,106264.0,1.3003559999999998,0.705448,ITA,HRV,842951
2682974,114,100,8935,2007,4134.0,0.0,2.313259,0.186703,JPN,HRV,842951
2682975,121,100,8935,2007,1486470.0,0.0,1.497359,0.726637,KOR,HRV,842951
2682976,126,100,8935,2007,0.0,33413.0,-0.8669959999999999,-1.167363,LBY,HRV,842951
2682977,144,100,8935,2007,0.0,138697.0,0.250006,-0.154908,MNE,HRV,842951
2682978,162,100,8935,2007,211398.0,38215.0,1.089169,1.589641,NLD,HRV,842951
2682979,177,100,8935,2007,11697.0,0.0,1.0412139999999999,1.309641,POL,HRV,842951
2682980,185,100,8935,2007,0.0,29230.0,0.69445,1.223747,ROU,HRV,842951
2682981,201,100,8935,2007,0.0,242849.0,0.579288,1.464123,SRB,HRV,842951
2682982,206,100,8935,2007,419879.0,20267.0,1.358301,0.79655,SVK,HRV,842951
2682983,207,100,8935,2007,4285553.0,154304.0,1.605767,0.692926,SVN,HRV,842951
2682984,208,100,8935,2007,959794.0,0.0,1.927244,0.498241,SWE,HRV,842951
2682985,224,100,8935,2007,268059.0,0.0,0.41396700000000003,2.0339869999999998,TUR,HRV,842951
2682986,231,100,8935,2007,164927.0,0.0,1.612165,0.0922,USA,HRV,842951
2682987,7,113,8935,2007,293167.0,0.0,-0.107504,-0.44744300000000004,ARE,JOR,842951
2682988,15,113,8935,2007,37297.0,0.0,1.730088,-0.045543,AUT,JOR,842951
2682989,18,113,8935,2007,2324262.0,0.0,1.2880479999999999,1.145724,BEL,JOR,842951
2682990,39,113,8935,2007,162676.0,0.0,0.77681,1.20517,CAN,JOR,842951
2682991,43,113,8935,2007,108300.0,0.0,0.801547,2.321052,CHN,JOR,842951
2682992,58,113,8935,2007,11436.0,0.0,0.887351,0.426331,CYP,JOR,842951
2682993,61,113,8935,2007,1240649.0,0.0,2.114566,-2.934732,DEU,JOR,842951
2682994,68,113,8935,2007,14061.0,17947.0,-0.144054,0.663592,EGY,JOR,842951
2682995,71,113,8935,2007,57950.0,0.0,0.914681,2.027797,ESP,JOR,842951
2682996,81,113,8935,2007,2896493.0,0.0,1.718661,0.35525300000000004,GBR,JOR,842951
2682997,90,113,8935,2007,2075.0,0.0,0.348709,1.674567,GRC,JOR,842951
2682998,106,113,8935,2007,20382.0,0.0,1.353146,0.122832,IRL,JOR,842951
2682999,110,113,8935,2007,1964374.0,0.0,1.092244,0.753984,ISR,JOR,842951
2683000,111,113,8935,2007,229459.0,0.0,1.3003559999999998,0.705448,ITA,JOR,842951
2683001,114,113,8935,2007,1918185.0,0.0,2.313259,0.186703,JPN,JOR,842951
2683002,121,113,8935,2007,237978.0,0.0,1.497359,0.726637,KOR,JOR,842951
2683003,124,113,8935,2007,12755.0,0.0,0.47468,1.775191,LBN,JOR,842951
2683004,134,113,8935,2007,11032.0,0.0,-0.5846560000000001,0.10927100000000001,MAR,JOR,842951
2683005,159,113,8935,2007,0.0,257095.0,-1.746879,-1.20823,NGA,JOR,842951
2683006,162,113,8935,2007,857070.0,0.0,1.089169,1.589641,NLD,JOR,842951
2683007,179,113,8935,2007,75523.0,0.0,0.621302,1.971656,PRT,JOR,842951
2683008,181,113,8935,2007,0.0,104459.0,0.16788499999999998,0.689805,PSE,JOR,842951
2683009,188,113,8935,2007,44740.0,0.0,0.367463,-0.8603709999999999,SAU,JOR,842951
2683010,224,113,8935,2007,262213.0,0.0,0.41396700000000003,2.0339869999999998,TUR,JOR,842951
2683011,231,113,8935,2007,2467045.0,0.0,1.612165,0.0922,USA,JOR,842951
2683012,250,113,8935,2007,0.0,248309.0,0.671936,-0.284418,ANS,JOR,842951
2683013,7,115,8935,2007,130192.0,0.0,-0.107504,-0.44744300000000004,ARE,KAZ,842951
2683014,14,115,8935,2007,453093.0,0.0,0.137686,0.451592,AUS,KAZ,842951
2683015,15,115,8935,2007,56342.0,0.0,1.730088,-0.045543,AUT,KAZ,842951
2683016,16,115,8935,2007,0.0,103782.0,-0.897342,-1.174224,AZE,KAZ,842951
2683017,18,115,8935,2007,3234740.0,0.0,1.2880479999999999,1.145724,BEL,KAZ,842951
2683018,28,115,8935,2007,1663171.0,0.0,1.0435889999999999,0.415603,BLR,KAZ,842951
2683019,39,115,8935,2007,233305.0,0.0,0.77681,1.20517,CAN,KAZ,842951
2683020,41,115,8935,2007,24826.0,0.0,2.0198080000000003,0.42277200000000004,CHE,KAZ,842951
2683021,43,115,8935,2007,62163548.0,4235.0,0.801547,2.321052,CHN,KAZ,842951
2683022,59,115,8935,2007,56459.0,0.0,1.620377,0.379404,CZE,KAZ,842951
2683023,61,115,8935,2007,3041356.0,0.0,2.114566,-2.934732,DEU,KAZ,842951
2683024,71,115,8935,2007,150765.0,0.0,0.914681,2.027797,ESP,KAZ,842951
2683025,74,115,8935,2007,8714293.0,0.0,1.865502,0.7737729999999999,FIN,KAZ,842951
2683026,77,115,8935,2007,133082.0,0.0,1.4565350000000001,0.262845,FRA,KAZ,842951
2683027,81,115,8935,2007,2479275.0,0.0,1.718661,0.35525300000000004,GBR,KAZ,842951
2683028,82,115,8935,2007,0.0,49398.0,0.016077,-0.386962,GEO,KAZ,842951
2683029,102,115,8935,2007,29280.0,0.0,1.4887709999999998,0.78372,HUN,KAZ,842951
2683030,106,115,8935,2007,120551.0,0.0,1.353146,0.122832,IRL,KAZ,842951
2683031,111,115,8935,2007,190327.0,0.0,1.3003559999999998,0.705448,ITA,KAZ,842951
2683032,114,115,8935,2007,335862.0,0.0,2.313259,0.186703,JPN,KAZ,842951
2683033,117,115,8935,2007,0.0,273891.0,-0.190437,-0.23665999999999998,KGZ,KAZ,842951
2683034,121,115,8935,2007,1676907.0,0.0,1.497359,0.726637,KOR,KAZ,842951
2683035,130,115,8935,2007,47418.0,0.0,0.604169,1.279982,LTU,KAZ,842951
2683036,162,115,8935,2007,94319.0,0.0,1.089169,1.589641,NLD,KAZ,842951
2683037,177,115,8935,2007,5001299.0,0.0,1.0412139999999999,1.309641,POL,KAZ,842951
2683038,178,115,8935,2007,89509.0,0.0,0.799712,0.8789370000000001,PRK,KAZ,842951
2683039,186,115,8935,2007,9008713.0,89244.0,0.5576399999999999,-0.05382000000000001,RUS,KAZ,842951
2683040,206,115,8935,2007,171561.0,0.0,1.358301,0.79655,SVK,KAZ,842951
2683041,207,115,8935,2007,242699.0,0.0,1.605767,0.692926,SVN,KAZ,842951
2683042,208,115,8935,2007,4339884.0,0.0,1.927244,0.498241,SWE,KAZ,842951
2683043,224,115,8935,2007,2490654.0,0.0,0.41396700000000003,2.0339869999999998,TUR,KAZ,842951
2683044,228,115,8935,2007,139027.0,0.0,0.7441760000000001,0.8681260000000001,UKR,KAZ,842951
2683045,231,115,8935,2007,603738.0,0.0,1.612165,0.0922,USA,KAZ,842951
2683046,232,115,8935,2007,0.0,21113.0,-0.540449,-0.799454,UZB,KAZ,842951
2683047,7,116,8935,2007,114524.0,0.0,-0.107504,-0.44744300000000004,ARE,KEN,842951
2683048,14,116,8935,2007,219096.0,0.0,0.137686,0.451592,AUS,KEN,842951
2683049,15,116,8935,2007,1501712.0,0.0,1.730088,-0.045543,AUT,KEN,842951
2683050,18,116,8935,2007,305913.0,0.0,1.2880479999999999,1.145724,BEL,KEN,842951
2683051,32,116,8935,2007,75269.0,0.0,0.582859,1.137225,BRA,KEN,842951
2683052,39,116,8935,2007,287622.0,0.0,0.77681,1.20517,CAN,KEN,842951
2683053,43,116,8935,2007,1076716.0,0.0,0.801547,2.321052,CHN,KEN,842951
2683054,59,116,8935,2007,67007.0,5673.0,1.620377,0.379404,CZE,KEN,842951
2683055,61,116,8935,2007,331926.0,0.0,2.114566,-2.934732,DEU,KEN,842951
2683056,77,116,8935,2007,257329.0,102440.0,1.4565350000000001,0.262845,FRA,KEN,842951
2683057,81,116,8935,2007,410050.0,0.0,1.718661,0.35525300000000004,GBR,KEN,842951
2683058,93,116,8935,2007,286550.0,0.0,-0.261899,0.643437,GTM,KEN,842951
2683059,104,116,8935,2007,95635.0,0.0,0.279475,2.7514939999999997,IND,KEN,842951
2683060,106,116,8935,2007,19498.0,0.0,1.353146,0.122832,IRL,KEN,842951
2683061,111,116,8935,2007,205854.0,0.0,1.3003559999999998,0.705448,ITA,KEN,842951
2683062,114,116,8935,2007,1616928.0,0.0,2.313259,0.186703,JPN,KEN,842951
2683063,121,116,8935,2007,369939.0,0.0,1.497359,0.726637,KOR,KEN,842951
2683064,162,116,8935,2007,324634.0,0.0,1.089169,1.589641,NLD,KEN,842951
2683065,179,116,8935,2007,10092.0,0.0,0.621302,1.971656,PRT,KEN,842951
2683066,190,116,8935,2007,0.0,46457.0,-1.978359,-1.316172,SDN,KEN,842951
2683067,211,116,8935,2007,0.0,50334.0,-0.644497,-0.8748520000000001,SYC,KEN,842951
2683068,226,116,8935,2007,49810.0,106418.0,-0.8493959999999999,0.47116099999999994,TZA,KEN,842951
2683069,227,116,8935,2007,126353.0,0.0,-0.900559,-0.42071400000000003,UGA,KEN,842951
2683070,231,116,8935,2007,972151.0,0.0,1.612165,0.0922,USA,KEN,842951
2683071,246,116,8935,2007,93092.0,0.0,0.349792,1.246052,ZAF,KEN,842951
2683072,2,117,8935,2007,0.0,14095.0,-1.6925709999999998,-1.1987290000000002,AGO,KGZ,842951
2683073,18,117,8935,2007,225324.0,0.0,1.2880479999999999,1.145724,BEL,KGZ,842951
2683074,28,117,8935,2007,120595.0,0.0,1.0435889999999999,0.415603,BLR,KGZ,842951
2683075,41,117,8935,2007,5997.0,0.0,2.0198080000000003,0.42277200000000004,CHE,KGZ,842951
2683076,43,117,8935,2007,2175962.0,346371.0,0.801547,2.321052,CHN,KGZ,842951
2683077,61,117,8935,2007,7774.0,0.0,2.114566,-2.934732,DEU,KGZ,842951
2683078,74,117,8935,2007,338612.0,0.0,1.865502,0.7737729999999999,FIN,KGZ,842951
2683079,77,117,8935,2007,81287.0,0.0,1.4565350000000001,0.262845,FRA,KGZ,842951
2683080,81,117,8935,2007,239054.0,0.0,1.718661,0.35525300000000004,GBR,KGZ,842951
2683081,114,117,8935,2007,164434.0,0.0,2.313259,0.186703,JPN,KGZ,842951
2683082,115,117,8935,2007,273891.0,0.0,-0.171218,-0.630279,KAZ,KGZ,842951
2683083,121,117,8935,2007,232087.0,0.0,1.497359,0.726637,KOR,KGZ,842951
2683084,177,117,8935,2007,474549.0,0.0,1.0412139999999999,1.309641,POL,KGZ,842951
2683085,186,117,8935,2007,67311.0,0.0,0.5576399999999999,-0.05382000000000001,RUS,KGZ,842951
2683086,224,117,8935,2007,182542.0,0.0,0.41396700000000003,2.0339869999999998,TUR,KGZ,842951
2683087,1,122,8935,2007,0.0,38514.0,-0.745981,-0.682003,AFG,KWT,842951
2683088,7,122,8935,2007,1001988.0,2161953.0,-0.107504,-0.44744300000000004,ARE,KWT,842951
2683089,18,122,8935,2007,1930667.0,0.0,1.2880479999999999,1.145724,BEL,KWT,842951
2683090,24,122,8935,2007,235030.0,0.0,0.500846,-0.845449,BHR,KWT,842951
2683091,32,122,8935,2007,2262550.0,0.0,0.582859,1.137225,BRA,KWT,842951
2683092,43,122,8935,2007,1392421.0,0.0,0.801547,2.321052,CHN,KWT,842951
2683093,61,122,8935,2007,34582.0,0.0,2.114566,-2.934732,DEU,KWT,842951
2683094,68,122,8935,2007,849.0,62069.0,-0.144054,0.663592,EGY,KWT,842951
2683095,71,122,8935,2007,8699.0,0.0,0.914681,2.027797,ESP,KWT,842951
2683096,77,122,8935,2007,236526.0,0.0,1.4565350000000001,0.262845,FRA,KWT,842951
2683097,81,122,8935,2007,417386.0,0.0,1.718661,0.35525300000000004,GBR,KWT,842951
2683098,106,122,8935,2007,60769.0,0.0,1.353146,0.122832,IRL,KWT,842951
2683099,107,122,8935,2007,0.0,7060.0,-0.797659,-1.048892,IRN,KWT,842951
2683100,108,122,8935,2007,0.0,373745.0,-1.961053,-0.8849969999999999,IRQ,KWT,842951
2683101,111,122,8935,2007,65209.0,0.0,1.3003559999999998,0.705448,ITA,KWT,842951
2683102,114,122,8935,2007,2227608.0,0.0,2.313259,0.186703,JPN,KWT,842951
2683103,121,122,8935,2007,133978.0,0.0,1.497359,0.726637,KOR,KWT,842951
2683104,124,122,8935,2007,19052.0,0.0,0.47468,1.775191,LBN,KWT,842951
2683105,159,122,8935,2007,0.0,78955.0,-1.746879,-1.20823,NGA,KWT,842951
2683106,162,122,8935,2007,1042494.0,0.0,1.089169,1.589641,NLD,KWT,842951
2683107,167,122,8935,2007,0.0,60170.0,-0.5185310000000001,-1.071832,OMN,KWT,842951
2683108,183,122,8935,2007,66757.0,416743.0,0.20181500000000002,-0.9898110000000001,QAT,KWT,842951
2683109,188,122,8935,2007,23249.0,65438.0,0.367463,-0.8603709999999999,SAU,KWT,842951
2683110,208,122,8935,2007,1360900.0,0.0,1.927244,0.498241,SWE,KWT,842951
2683111,224,122,8935,2007,0.0,567481.0,0.41396700000000003,2.0339869999999998,TUR,KWT,842951
2683112,231,122,8935,2007,4032079.0,0.0,1.612165,0.0922,USA,KWT,842951
2683113,2,124,8935,2007,0.0,4015.0,-1.6925709999999998,-1.1987290000000002,AGO,LBN,842951
2683114,7,124,8935,2007,25574.0,8918.0,-0.107504,-0.44744300000000004,ARE,LBN,842951
2683115,18,124,8935,2007,429640.0,56633.0,1.2880479999999999,1.145724,BEL,LBN,842951
2683116,19,124,8935,2007,0.0,13289.0,-1.055882,-0.880178,BEN,LBN,842951
2683117,39,124,8935,2007,233488.0,0.0,0.77681,1.20517,CAN,LBN,842951
2683118,41,124,8935,2007,147757.0,0.0,2.0198080000000003,0.42277200000000004,CHE,LBN,842951
2683119,43,124,8935,2007,329877.0,0.0,0.801547,2.321052,CHN,LBN,842951
2683120,44,124,8935,2007,0.0,52433.0,-0.9989110000000001,-0.867232,CIV,LBN,842951
2683121,45,124,8935,2007,0.0,18355.0,-0.821623,-0.965601,CMR,LBN,842951
2683122,46,124,8935,2007,0.0,82259.0,-1.507664,-1.111844,COD,LBN,842951
2683123,47,124,8935,2007,0.0,35058.0,-1.88462,-1.22688,COG,LBN,842951
2683124,58,124,8935,2007,145822.0,48167.0,0.887351,0.426331,CYP,LBN,842951
2683125,59,124,8935,2007,140798.0,0.0,1.620377,0.379404,CZE,LBN,842951
2683126,61,124,8935,2007,532574.0,0.0,2.114566,-2.934732,DEU,LBN,842951
2683127,64,124,8935,2007,21444.0,0.0,1.204019,1.122666,DNK,LBN,842951
2683128,66,124,8935,2007,0.0,6857.0,-0.9822690000000001,-1.170282,DZA,LBN,842951
2683129,68,124,8935,2007,0.0,27727.0,-0.144054,0.663592,EGY,LBN,842951
2683130,71,124,8935,2007,65110.0,37591.0,0.914681,2.027797,ESP,LBN,842951
2683131,77,124,8935,2007,1236205.0,0.0,1.4565350000000001,0.262845,FRA,LBN,842951
2683132,80,124,8935,2007,0.0,65725.0,-1.328633,-1.165045,GAB,LBN,842951
2683133,81,124,8935,2007,616350.0,0.0,1.718661,0.35525300000000004,GBR,LBN,842951
2683134,83,124,8935,2007,0.0,18945.0,-0.906867,-0.565891,GHA,LBN,842951
2683135,85,124,8935,2007,0.0,12714.0,-1.694335,-1.230744,GIN,LBN,842951
2683136,90,124,8935,2007,10618.0,0.0,0.348709,1.674567,GRC,LBN,842951
2683137,108,124,8935,2007,0.0,43016.0,-1.961053,-0.8849969999999999,IRQ,LBN,842951
2683138,111,124,8935,2007,3836569.0,0.0,1.3003559999999998,0.705448,ITA,LBN,842951
2683139,113,124,8935,2007,0.0,12755.0,0.228433,0.5984550000000001,JOR,LBN,842951
2683140,114,124,8935,2007,64238.0,0.0,2.313259,0.186703,JPN,LBN,842951
2683141,121,124,8935,2007,22085.0,0.0,1.497359,0.726637,KOR,LBN,842951
2683142,122,124,8935,2007,0.0,19052.0,-0.8265030000000001,-1.166243,KWT,LBN,842951
2683143,134,124,8935,2007,75652.0,0.0,-0.5846560000000001,0.10927100000000001,MAR,LBN,842951
2683144,159,124,8935,2007,0.0,43821.0,-1.746879,-1.20823,NGA,LBN,842951
2683145,162,124,8935,2007,308197.0,0.0,1.089169,1.589641,NLD,LBN,842951
2683146,163,124,8935,2007,36755.0,0.0,0.9829100000000001,0.100995,NOR,LBN,842951
2683147,167,124,8935,2007,0.0,8193.0,-0.5185310000000001,-1.071832,OMN,LBN,842951
2683148,178,124,8935,2007,28703.0,0.0,0.799712,0.8789370000000001,PRK,LBN,842951
2683149,186,124,8935,2007,0.0,1711.0,0.5576399999999999,-0.05382000000000001,RUS,LBN,842951
2683150,188,124,8935,2007,0.0,21782.0,0.367463,-0.8603709999999999,SAU,LBN,842951
2683151,190,124,8935,2007,0.0,26477.0,-1.978359,-1.316172,SDN,LBN,842951
2683152,208,124,8935,2007,319871.0,0.0,1.927244,0.498241,SWE,LBN,842951
2683153,212,124,8935,2007,3374.0,0.0,-0.46851899999999996,0.553396,SYR,LBN,842951
2683154,231,124,8935,2007,1700983.0,0.0,1.612165,0.0922,USA,LBN,842951
2683155,15,130,8935,2007,1378002.0,0.0,1.730088,-0.045543,AUT,LTU,842951
2683156,18,130,8935,2007,6994589.0,0.0,1.2880479999999999,1.145724,BEL,LTU,842951
2683157,28,130,8935,2007,15461.0,46737.0,1.0435889999999999,0.415603,BLR,LTU,842951
2683158,32,130,8935,2007,132220.0,0.0,0.582859,1.137225,BRA,LTU,842951
2683159,43,130,8935,2007,2026164.0,0.0,0.801547,2.321052,CHN,LTU,842951
2683160,61,130,8935,2007,4063458.0,0.0,2.114566,-2.934732,DEU,LTU,842951
2683161,64,130,8935,2007,228554.0,58020.0,1.204019,1.122666,DNK,LTU,842951
2683162,71,130,8935,2007,28358.0,0.0,0.914681,2.027797,ESP,LTU,842951
2683163,72,130,8935,2007,1349656.0,132070.0,0.746434,1.306397,EST,LTU,842951
2683164,74,130,8935,2007,8741.0,0.0,1.865502,0.7737729999999999,FIN,LTU,842951
2683165,77,130,8935,2007,36117.0,0.0,1.4565350000000001,0.262845,FRA,LTU,842951
2683166,81,130,8935,2007,1854990.0,0.0,1.718661,0.35525300000000004,GBR,LTU,842951
2683167,90,130,8935,2007,26710.0,0.0,0.348709,1.674567,GRC,LTU,842951
2683168,106,130,8935,2007,1287032.0,0.0,1.353146,0.122832,IRL,LTU,842951
2683169,111,130,8935,2007,7104102.0,2570.0,1.3003559999999998,0.705448,ITA,LTU,842951
2683170,114,130,8935,2007,23626.0,0.0,2.313259,0.186703,JPN,LTU,842951
2683171,115,130,8935,2007,0.0,47418.0,-0.171218,-0.630279,KAZ,LTU,842951
2683172,132,130,8935,2007,680223.0,1557386.0,0.61459,0.985358,LVA,LTU,842951
2683173,135,130,8935,2007,0.0,16667.0,0.147801,0.13758299999999998,MDA,LTU,842951
2683174,162,130,8935,2007,264164.0,0.0,1.089169,1.589641,NLD,LTU,842951
2683175,163,130,8935,2007,11310.0,0.0,0.9829100000000001,0.100995,NOR,LTU,842951
2683176,177,130,8935,2007,359405.0,95701.0,1.0412139999999999,1.309641,POL,LTU,842951
2683177,186,130,8935,2007,2249.0,440009.0,0.5576399999999999,-0.05382000000000001,RUS,LTU,842951
2683178,206,130,8935,2007,554888.0,0.0,1.358301,0.79655,SVK,LTU,842951
2683179,208,130,8935,2007,3172049.0,0.0,1.927244,0.498241,SWE,LTU,842951
2683180,224,130,8935,2007,76837.0,0.0,0.41396700000000003,2.0339869999999998,TUR,LTU,842951
2683181,228,130,8935,2007,0.0,694303.0,0.7441760000000001,0.8681260000000001,UKR,LTU,842951
2683182,231,130,8935,2007,9033633.0,0.0,1.612165,0.0922,USA,LTU,842951
2683183,15,131,8935,2007,1355880.0,0.0,1.730088,-0.045543,AUT,LUX,842951
2683184,18,131,8935,2007,4702620.0,845664.0,1.2880479999999999,1.145724,BEL,LUX,842951
2683185,41,131,8935,2007,212020.0,52676.0,2.0198080000000003,0.42277200000000004,CHE,LUX,842951
2683186,61,131,8935,2007,4110242.0,146517.0,2.114566,-2.934732,DEU,LUX,842951
2683187,74,131,8935,2007,37684.0,0.0,1.865502,0.7737729999999999,FIN,LUX,842951
2683188,77,131,8935,2007,677466.0,285235.0,1.4565350000000001,0.262845,FRA,LUX,842951
2683189,90,131,8935,2007,0.0,114779.0,0.348709,1.674567,GRC,LUX,842951
2683190,106,131,8935,2007,2373.0,0.0,1.353146,0.122832,IRL,LUX,842951
2683191,111,131,8935,2007,485874.0,0.0,1.3003559999999998,0.705448,ITA,LUX,842951
2683192,134,131,8935,2007,0.0,44053.0,-0.5846560000000001,0.10927100000000001,MAR,LUX,842951
2683193,162,131,8935,2007,0.0,326694.0,1.089169,1.589641,NLD,LUX,842951
2683194,177,131,8935,2007,0.0,17543.0,1.0412139999999999,1.309641,POL,LUX,842951
2683195,231,131,8935,2007,45923.0,0.0,1.612165,0.0922,USA,LUX,842951
2683196,15,132,8935,2007,3169466.0,0.0,1.730088,-0.045543,AUT,LVA,842951
2683197,18,132,8935,2007,11347365.0,49763.0,1.2880479999999999,1.145724,BEL,LVA,842951
2683198,28,132,8935,2007,44919.0,29146.0,1.0435889999999999,0.415603,BLR,LVA,842951
2683199,32,132,8935,2007,117360.0,0.0,0.582859,1.137225,BRA,LVA,842951
2683200,41,132,8935,2007,549416.0,0.0,2.0198080000000003,0.42277200000000004,CHE,LVA,842951
2683201,43,132,8935,2007,804518.0,0.0,0.801547,2.321052,CHN,LVA,842951
2683202,61,132,8935,2007,5403754.0,28289.0,2.114566,-2.934732,DEU,LVA,842951
2683203,64,132,8935,2007,294694.0,0.0,1.204019,1.122666,DNK,LVA,842951
2683204,71,132,8935,2007,144152.0,0.0,0.914681,2.027797,ESP,LVA,842951
2683205,72,132,8935,2007,562765.0,196903.0,0.746434,1.306397,EST,LVA,842951
2683206,74,132,8935,2007,404051.0,0.0,1.865502,0.7737729999999999,FIN,LVA,842951
2683207,77,132,8935,2007,713776.0,0.0,1.4565350000000001,0.262845,FRA,LVA,842951
2683208,81,132,8935,2007,2741814.0,0.0,1.718661,0.35525300000000004,GBR,LVA,842951
2683209,111,132,8935,2007,7971944.0,0.0,1.3003559999999998,0.705448,ITA,LVA,842951
2683210,114,132,8935,2007,317751.0,0.0,2.313259,0.186703,JPN,LVA,842951
2683211,121,132,8935,2007,95958.0,0.0,1.497359,0.726637,KOR,LVA,842951
2683212,130,132,8935,2007,1557386.0,680223.0,0.604169,1.279982,LTU,LVA,842951
2683213,162,132,8935,2007,371094.0,89844.0,1.089169,1.589641,NLD,LVA,842951
2683214,163,132,8935,2007,11212.0,0.0,0.9829100000000001,0.100995,NOR,LVA,842951
2683215,177,132,8935,2007,291285.0,35311.0,1.0412139999999999,1.309641,POL,LVA,842951
2683216,185,132,8935,2007,0.0,97223.0,0.69445,1.223747,ROU,LVA,842951
2683217,186,132,8935,2007,0.0,84375.0,0.5576399999999999,-0.05382000000000001,RUS,LVA,842951
2683218,206,132,8935,2007,504853.0,0.0,1.358301,0.79655,SVK,LVA,842951
2683219,208,132,8935,2007,5611370.0,100178.0,1.927244,0.498241,SWE,LVA,842951
2683220,231,132,8935,2007,4346726.0,0.0,1.612165,0.0922,USA,LVA,842951
2683221,4,140,8935,2007,48484.0,12624.0,-0.20616700000000002,-0.016993,ALB,MKD,842951
2683222,15,140,8935,2007,64412.0,0.0,1.730088,-0.045543,AUT,MKD,842951
2683223,18,140,8935,2007,19875.0,0.0,1.2880479999999999,1.145724,BEL,MKD,842951
2683224,23,140,8935,2007,192576.0,0.0,0.43321899999999997,1.5696700000000001,BGR,MKD,842951
2683225,41,140,8935,2007,40705.0,0.0,2.0198080000000003,0.42277200000000004,CHE,MKD,842951
2683226,43,140,8935,2007,67119.0,0.0,0.801547,2.321052,CHN,MKD,842951
2683227,61,140,8935,2007,885868.0,0.0,2.114566,-2.934732,DEU,MKD,842951
2683228,71,140,8935,2007,82056.0,0.0,0.914681,2.027797,ESP,MKD,842951
2683229,77,140,8935,2007,220844.0,0.0,1.4565350000000001,0.262845,FRA,MKD,842951
2683230,81,140,8935,2007,479106.0,0.0,1.718661,0.35525300000000004,GBR,MKD,842951
2683231,90,140,8935,2007,83845.0,0.0,0.348709,1.674567,GRC,MKD,842951
2683232,111,140,8935,2007,265731.0,0.0,1.3003559999999998,0.705448,ITA,MKD,842951
2683233,114,140,8935,2007,27407.0,0.0,2.313259,0.186703,JPN,MKD,842951
2683234,121,140,8935,2007,34264.0,0.0,1.497359,0.726637,KOR,MKD,842951
2683235,162,140,8935,2007,112942.0,0.0,1.089169,1.589641,NLD,MKD,842951
2683236,201,140,8935,2007,42863.0,19059.0,0.579288,1.464123,SRB,MKD,842951
2683237,207,140,8935,2007,494992.0,0.0,1.605767,0.692926,SVN,MKD,842951
2683238,208,140,8935,2007,602942.0,0.0,1.927244,0.498241,SWE,MKD,842951
2683239,231,140,8935,2007,23929.0,0.0,1.612165,0.0922,USA,MKD,842951
2683240,15,144,8935,2007,3650.0,0.0,1.730088,-0.045543,AUT,MNE,842951
2683241,18,144,8935,2007,476020.0,0.0,1.2880479999999999,1.145724,BEL,MNE,842951
2683242,26,144,8935,2007,109778.0,7500.0,0.46303199999999994,0.596178,BIH,MNE,842951
2683243,41,144,8935,2007,1421.0,0.0,2.0198080000000003,0.42277200000000004,CHE,MNE,842951
2683244,43,144,8935,2007,33957.0,0.0,0.801547,2.321052,CHN,MNE,842951
2683245,61,144,8935,2007,200129.0,0.0,2.114566,-2.934732,DEU,MNE,842951
2683246,77,144,8935,2007,4658.0,0.0,1.4565350000000001,0.262845,FRA,MNE,842951
2683247,81,144,8935,2007,525974.0,0.0,1.718661,0.35525300000000004,GBR,MNE,842951
2683248,100,144,8935,2007,138697.0,0.0,0.7799699999999999,1.1047850000000001,HRV,MNE,842951
2683249,111,144,8935,2007,67461.0,0.0,1.3003559999999998,0.705448,ITA,MNE,842951
2683250,114,144,8935,2007,10380.0,0.0,2.313259,0.186703,JPN,MNE,842951
2683251,121,144,8935,2007,372665.0,0.0,1.497359,0.726637,KOR,MNE,842951
2683252,162,144,8935,2007,23683.0,0.0,1.089169,1.589641,NLD,MNE,842951
2683253,178,144,8935,2007,130721.0,0.0,0.799712,0.8789370000000001,PRK,MNE,842951
2683254,201,144,8935,2007,228971.0,22168.0,0.579288,1.464123,SRB,MNE,842951
2683255,207,144,8935,2007,371420.0,0.0,1.605767,0.692926,SVN,MNE,842951
2683256,208,144,8935,2007,1110078.0,0.0,1.927244,0.498241,SWE,MNE,842951
2683257,231,144,8935,2007,14593.0,0.0,1.612165,0.0922,USA,MNE,842951
2683258,14,147,8935,2007,56957.0,0.0,0.137686,0.451592,AUS,MOZ,842951
2683259,43,147,8935,2007,877398.0,0.0,0.801547,2.321052,CHN,MOZ,842951
2683260,61,147,8935,2007,40418.0,0.0,2.114566,-2.934732,DEU,MOZ,842951
2683261,81,147,8935,2007,37675.0,0.0,1.718661,0.35525300000000004,GBR,MOZ,842951
2683262,104,147,8935,2007,135609.0,0.0,0.279475,2.7514939999999997,IND,MOZ,842951
2683263,111,147,8935,2007,494772.0,0.0,1.3003559999999998,0.705448,ITA,MOZ,842951
2683264,152,147,8935,2007,2379.0,96099.0,-1.348692,-1.134002,MWI,MOZ,842951
2683265,179,147,8935,2007,17700.0,0.0,0.621302,1.971656,PRT,MOZ,842951
2683266,192,147,8935,2007,63273.0,0.0,1.608299,0.545791,SGP,MOZ,842951
2683267,216,147,8935,2007,7735.0,0.0,0.711328,1.411114,THA,MOZ,842951
2683268,226,147,8935,2007,29046.0,0.0,-0.8493959999999999,0.47116099999999994,TZA,MOZ,842951
2683269,231,147,8935,2007,297377.0,0.0,1.612165,0.0922,USA,MOZ,842951
2683270,246,147,8935,2007,3698734.0,187469.0,0.349792,1.246052,ZAF,MOZ,842951
2683271,249,147,8935,2007,12413.0,0.0,1.651607,0.974649,TWN,MOZ,842951
2683272,6,159,8935,2007,68924.0,0.0,0.305773,-0.504676,ANT,NGA,842951
2683273,7,159,8935,2007,353502.0,0.0,-0.107504,-0.44744300000000004,ARE,NGA,842951
2683274,15,159,8935,2007,5885.0,0.0,1.730088,-0.045543,AUT,NGA,842951
2683275,18,159,8935,2007,4581266.0,0.0,1.2880479999999999,1.145724,BEL,NGA,842951
2683276,32,159,8935,2007,507770.0,0.0,0.582859,1.137225,BRA,NGA,842951
2683277,39,159,8935,2007,207178.0,0.0,0.77681,1.20517,CAN,NGA,842951
2683278,41,159,8935,2007,7132.0,0.0,2.0198080000000003,0.42277200000000004,CHE,NGA,842951
2683279,43,159,8935,2007,4806360.0,0.0,0.801547,2.321052,CHN,NGA,842951
2683280,61,159,8935,2007,5169856.0,0.0,2.114566,-2.934732,DEU,NGA,842951
2683281,64,159,8935,2007,21661.0,0.0,1.204019,1.122666,DNK,NGA,842951
2683282,68,159,8935,2007,1362730.0,0.0,-0.144054,0.663592,EGY,NGA,842951
2683283,71,159,8935,2007,434271.0,0.0,0.914681,2.027797,ESP,NGA,842951
2683284,77,159,8935,2007,1011021.0,0.0,1.4565350000000001,0.262845,FRA,NGA,842951
2683285,81,159,8935,2007,2737975.0,0.0,1.718661,0.35525300000000004,GBR,NGA,842951
2683286,89,159,8935,2007,1914928.0,0.0,-1.406911,-0.8466950000000001,GNQ,NGA,842951
2683287,90,159,8935,2007,64396.0,0.0,0.348709,1.674567,GRC,NGA,842951
2683288,103,159,8935,2007,120052.0,0.0,-0.192415,1.497962,IDN,NGA,842951
2683289,104,159,8935,2007,53699.0,0.0,0.279475,2.7514939999999997,IND,NGA,842951
2683290,106,159,8935,2007,488810.0,0.0,1.353146,0.122832,IRL,NGA,842951
2683291,110,159,8935,2007,550733.0,0.0,1.092244,0.753984,ISR,NGA,842951
2683292,111,159,8935,2007,591227.0,0.0,1.3003559999999998,0.705448,ITA,NGA,842951
2683293,113,159,8935,2007,257095.0,0.0,0.228433,0.5984550000000001,JOR,NGA,842951
2683294,114,159,8935,2007,475991.0,0.0,2.313259,0.186703,JPN,NGA,842951
2683295,121,159,8935,2007,1771.0,0.0,1.497359,0.726637,KOR,NGA,842951
2683296,122,159,8935,2007,78955.0,0.0,-0.8265030000000001,-1.166243,KWT,NGA,842951
2683297,124,159,8935,2007,43821.0,0.0,0.47468,1.775191,LBN,NGA,842951
2683298,134,159,8935,2007,72992.0,0.0,-0.5846560000000001,0.10927100000000001,MAR,NGA,842951
2683299,162,159,8935,2007,5123839.0,0.0,1.089169,1.589641,NLD,NGA,842951
2683300,163,159,8935,2007,37322.0,0.0,0.9829100000000001,0.100995,NOR,NGA,842951
2683301,179,159,8935,2007,323862.0,0.0,0.621302,1.971656,PRT,NGA,842951
2683302,192,159,8935,2007,422500.0,0.0,1.608299,0.545791,SGP,NGA,842951
2683303,208,159,8935,2007,1288874.0,0.0,1.927244,0.498241,SWE,NGA,842951
2683304,224,159,8935,2007,334851.0,0.0,0.41396700000000003,2.0339869999999998,TUR,NGA,842951
2683305,231,159,8935,2007,6195486.0,0.0,1.612165,0.0922,USA,NGA,842951
2683306,7,168,8935,2007,352232.0,93096.0,-0.107504,-0.44744300000000004,ARE,PAK,842951
2683307,14,168,8935,2007,17664.0,2027.0,0.137686,0.451592,AUS,PAK,842951
2683308,15,168,8935,2007,38979.0,0.0,1.730088,-0.045543,AUT,PAK,842951
2683309,18,168,8935,2007,981149.0,0.0,1.2880479999999999,1.145724,BEL,PAK,842951
2683310,29,168,8935,2007,23733.0,0.0,-0.17825,-0.562535,BLZ,PAK,842951
2683311,39,168,8935,2007,158719.0,0.0,0.77681,1.20517,CAN,PAK,842951
2683312,43,168,8935,2007,2288128.0,0.0,0.801547,2.321052,CHN,PAK,842951
2683313,61,168,8935,2007,836554.0,0.0,2.114566,-2.934732,DEU,PAK,842951
2683314,66,168,8935,2007,0.0,6471.0,-0.9822690000000001,-1.170282,DZA,PAK,842951
2683315,71,168,8935,2007,98636.0,0.0,0.914681,2.027797,ESP,PAK,842951
2683316,74,168,8935,2007,20919.0,0.0,1.865502,0.7737729999999999,FIN,PAK,842951
2683317,77,168,8935,2007,6345.0,0.0,1.4565350000000001,0.262845,FRA,PAK,842951
2683318,81,168,8935,2007,1505378.0,0.0,1.718661,0.35525300000000004,GBR,PAK,842951
2683319,97,168,8935,2007,19456.0,0.0,0.639034,2.1086009999999997,HKG,PAK,842951
2683320,103,168,8935,2007,0.0,44937.0,-0.192415,1.497962,IDN,PAK,842951
2683321,106,168,8935,2007,15141.0,0.0,1.353146,0.122832,IRL,PAK,842951
2683322,111,168,8935,2007,77179.0,0.0,1.3003559999999998,0.705448,ITA,PAK,842951
2683323,114,168,8935,2007,8882913.0,0.0,2.313259,0.186703,JPN,PAK,842951
2683324,121,168,8935,2007,469952.0,0.0,1.497359,0.726637,KOR,PAK,842951
2683325,153,168,8935,2007,40395.0,0.0,0.740788,0.302155,MYS,PAK,842951
2683326,162,168,8935,2007,62164.0,0.0,1.089169,1.589641,NLD,PAK,842951
2683327,163,168,8935,2007,7097.0,0.0,0.9829100000000001,0.100995,NOR,PAK,842951
2683328,166,168,8935,2007,22428.0,0.0,0.495938,0.845825,NZL,PAK,842951
2683329,174,168,8935,2007,47417.0,0.0,0.032117,-0.16600499999999999,PHL,PAK,842951
2683330,179,168,8935,2007,50689.0,0.0,0.621302,1.971656,PRT,PAK,842951
2683331,183,168,8935,2007,0.0,13632.0,0.20181500000000002,-0.9898110000000001,QAT,PAK,842951
2683332,192,168,8935,2007,25748.0,77198.0,1.608299,0.545791,SGP,PAK,842951
2683333,208,168,8935,2007,109472.0,0.0,1.927244,0.498241,SWE,PAK,842951
2683334,216,168,8935,2007,75125.0,0.0,0.711328,1.411114,THA,PAK,842951
2683335,224,168,8935,2007,3441.0,0.0,0.41396700000000003,2.0339869999999998,TUR,PAK,842951
2683336,231,168,8935,2007,1854129.0,0.0,1.612165,0.0922,USA,PAK,842951
2683337,239,168,8935,2007,89154.0,0.0,-0.335613,1.048849,VNM,PAK,842951
2683338,246,168,8935,2007,0.0,21901.0,0.349792,1.246052,ZAF,PAK,842951
2683339,250,168,8935,2007,16439.0,0.0,0.671936,-0.284418,ANS,PAK,842951
2683340,1,186,8935,2007,0.0,178148.0,-0.745981,-0.682003,AFG,RUS,842951
2683341,4,186,8935,2007,0.0,109553.0,-0.20616700000000002,-0.016993,ALB,RUS,842951
2683342,7,186,8935,2007,13210.0,305526.0,-0.107504,-0.44744300000000004,ARE,RUS,842951
2683343,9,186,8935,2007,0.0,46018.0,0.7169,-0.019251,ARM,RUS,842951
2683344,14,186,8935,2007,3321096.0,0.0,0.137686,0.451592,AUS,RUS,842951
2683345,15,186,8935,2007,10964763.0,0.0,1.730088,-0.045543,AUT,RUS,842951
2683346,16,186,8935,2007,0.0,566929.0,-0.897342,-1.174224,AZE,RUS,842951
2683347,18,186,8935,2007,15876768.0,106532.0,1.2880479999999999,1.145724,BEL,RUS,842951
2683348,23,186,8935,2007,0.0,2642.0,0.43321899999999997,1.5696700000000001,BGR,RUS,842951
2683349,26,186,8935,2007,18298.0,33360.0,0.46303199999999994,0.596178,BIH,RUS,842951
2683350,28,186,8935,2007,45898280.0,163623.0,1.0435889999999999,0.415603,BLR,RUS,842951
2683351,32,186,8935,2007,521015.0,0.0,0.582859,1.137225,BRA,RUS,842951
2683352,39,186,8935,2007,555344.0,0.0,0.77681,1.20517,CAN,RUS,842951
2683353,41,186,8935,2007,35224.0,4208.0,2.0198080000000003,0.42277200000000004,CHE,RUS,842951
2683354,43,186,8935,2007,116755200.0,0.0,0.801547,2.321052,CHN,RUS,842951
2683355,59,186,8935,2007,1937420.0,0.0,1.620377,0.379404,CZE,RUS,842951
2683356,61,186,8935,2007,25431240.0,0.0,2.114566,-2.934732,DEU,RUS,842951
2683357,64,186,8935,2007,159587.0,0.0,1.204019,1.122666,DNK,RUS,842951
2683358,71,186,8935,2007,15647.0,0.0,0.914681,2.027797,ESP,RUS,842951
2683359,72,186,8935,2007,411372.0,13875.0,0.746434,1.306397,EST,RUS,842951
2683360,74,186,8935,2007,25577690.0,144335.0,1.865502,0.7737729999999999,FIN,RUS,842951
2683361,77,186,8935,2007,2130433.0,0.0,1.4565350000000001,0.262845,FRA,RUS,842951
2683362,81,186,8935,2007,108501544.0,0.0,1.718661,0.35525300000000004,GBR,RUS,842951
2683363,82,186,8935,2007,0.0,930286.0,0.016077,-0.386962,GEO,RUS,842951
2683364,104,186,8935,2007,131376.0,0.0,0.279475,2.7514939999999997,IND,RUS,842951
2683365,108,186,8935,2007,0.0,5882432.0,-1.961053,-0.8849969999999999,IRQ,RUS,842951
2683366,111,186,8935,2007,23668634.0,0.0,1.3003559999999998,0.705448,ITA,RUS,842951
2683367,114,186,8935,2007,45966372.0,84291.0,2.313259,0.186703,JPN,RUS,842951
2683368,115,186,8935,2007,89244.0,9008713.0,-0.171218,-0.630279,KAZ,RUS,842951
2683369,117,186,8935,2007,0.0,67311.0,-0.190437,-0.23665999999999998,KGZ,RUS,842951
2683370,121,186,8935,2007,18781110.0,0.0,1.497359,0.726637,KOR,RUS,842951
2683371,124,186,8935,2007,1711.0,0.0,0.47468,1.775191,LBN,RUS,842951
2683372,130,186,8935,2007,440009.0,2249.0,0.604169,1.279982,LTU,RUS,842951
2683373,132,186,8935,2007,84375.0,0.0,0.61459,0.985358,LVA,RUS,842951
2683374,135,186,8935,2007,0.0,4916.0,0.147801,0.13758299999999998,MDA,RUS,842951
2683375,145,186,8935,2007,4425.0,59691.0,-1.0688790000000001,-1.1115709999999999,MNG,RUS,842951
2683376,162,186,8935,2007,6093926.0,0.0,1.089169,1.589641,NLD,RUS,842951
2683377,163,186,8935,2007,349753.0,158065.0,0.9829100000000001,0.100995,NOR,RUS,842951
2683378,177,186,8935,2007,21201636.0,0.0,1.0412139999999999,1.309641,POL,RUS,842951
2683379,178,186,8935,2007,38361.0,0.0,0.799712,0.8789370000000001,PRK,RUS,842951
2683380,192,186,8935,2007,556992.0,0.0,1.608299,0.545791,SGP,RUS,842951
2683381,201,186,8935,2007,0.0,23253.0,0.579288,1.464123,SRB,RUS,842951
2683382,206,186,8935,2007,4802538.0,15490.0,1.358301,0.79655,SVK,RUS,842951
2683383,208,186,8935,2007,38703132.0,0.0,1.927244,0.498241,SWE,RUS,842951
2683384,224,186,8935,2007,513764.0,0.0,0.41396700000000003,2.0339869999999998,TUR,RUS,842951
2683385,228,186,8935,2007,2002953.0,3245577.0,0.7441760000000001,0.8681260000000001,UKR,RUS,842951
2683386,231,186,8935,2007,18889412.0,784888.0,1.612165,0.0922,USA,RUS,842951
2683387,232,186,8935,2007,0.0,323014.0,-0.540449,-0.799454,UZB,RUS,842951
2683388,248,186,8935,2007,0.0,582887.0,-0.5271399999999999,-0.47033800000000003,ZWE,RUS,842951
2683389,250,186,8935,2007,0.0,22440.0,0.671936,-0.284418,ANS,RUS,842951
2683390,7,192,8935,2007,97957.0,1140548.0,-0.107504,-0.44744300000000004,ARE,SGP,842951
2683391,14,192,8935,2007,250778.0,2852203.0,0.137686,0.451592,AUS,SGP,842951
2683392,22,192,8935,2007,0.0,294769.0,-0.9436469999999999,-0.7200310000000001,BGD,SGP,842951
2683393,24,192,8935,2007,0.0,47048.0,0.500846,-0.845449,BHR,SGP,842951
2683394,35,192,8935,2007,0.0,211496.0,-0.147438,-0.68999,BTN,SGP,842951
2683395,39,192,8935,2007,64919.0,0.0,0.77681,1.20517,CAN,SGP,842951
2683396,43,192,8935,2007,2385490.0,0.0,0.801547,2.321052,CHN,SGP,842951
2683397,49,192,8935,2007,0.0,201477.0,0.118341,0.557699,COL,SGP,842951
2683398,52,192,8935,2007,0.0,4705.0,0.001895,-0.30248600000000003,CRI,SGP,842951
2683399,61,192,8935,2007,182835.0,0.0,2.114566,-2.934732,DEU,SGP,842951
2683400,64,192,8935,2007,17724.0,0.0,1.204019,1.122666,DNK,SGP,842951
2683401,71,192,8935,2007,0.0,28674.0,0.914681,2.027797,ESP,SGP,842951
2683402,74,192,8935,2007,257388.0,78764.0,1.865502,0.7737729999999999,FIN,SGP,842951
2683403,75,192,8935,2007,0.0,3582.0,-0.506992,0.033250999999999996,FJI,SGP,842951
2683404,81,192,8935,2007,648331.0,4036180.0,1.718661,0.35525300000000004,GBR,SGP,842951
2683405,97,192,8935,2007,15420.0,30178.0,0.639034,2.1086009999999997,HKG,SGP,842951
2683406,103,192,8935,2007,571111.0,8415006.0,-0.192415,1.497962,IDN,SGP,842951
2683407,104,192,8935,2007,123797.0,28498.0,0.279475,2.7514939999999997,IND,SGP,842951
2683408,107,192,8935,2007,53698.0,0.0,-0.797659,-1.048892,IRN,SGP,842951
2683409,114,192,8935,2007,33970348.0,0.0,2.313259,0.186703,JPN,SGP,842951
2683410,118,192,8935,2007,0.0,15628.0,-1.1822489999999999,-1.129066,KHM,SGP,842951
2683411,121,192,8935,2007,65936.0,13539.0,1.497359,0.726637,KOR,SGP,842951
2683412,128,192,8935,2007,33909.0,801611.0,-0.568577,0.364717,LKA,SGP,842951
2683413,137,192,8935,2007,0.0,182517.0,-0.7558050000000001,-0.931211,MDV,SGP,842951
2683414,138,192,8935,2007,0.0,14444.0,1.044746,0.605246,MEX,SGP,842951
2683415,147,192,8935,2007,0.0,63273.0,-1.4703110000000001,-1.1915719999999999,MOZ,SGP,842951
2683416,153,192,8935,2007,491559.0,567787.0,0.740788,0.302155,MYS,SGP,842951
2683417,159,192,8935,2007,0.0,422500.0,-1.746879,-1.20823,NGA,SGP,842951
2683418,162,192,8935,2007,0.0,2535.0,1.089169,1.589641,NLD,SGP,842951
2683419,166,192,8935,2007,363513.0,0.0,0.495938,0.845825,NZL,SGP,842951
2683420,168,192,8935,2007,77198.0,25748.0,-0.5594359999999999,0.47369300000000003,PAK,SGP,842951
2683421,174,192,8935,2007,16065.0,266704.0,0.032117,-0.16600499999999999,PHL,SGP,842951
2683422,176,192,8935,2007,0.0,294061.0,-1.947486,-1.284269,PNG,SGP,842951
2683423,186,192,8935,2007,0.0,556992.0,0.5576399999999999,-0.05382000000000001,RUS,SGP,842951
2683424,188,192,8935,2007,0.0,150373.0,0.367463,-0.8603709999999999,SAU,SGP,842951
2683425,208,192,8935,2007,965018.0,0.0,1.927244,0.498241,SWE,SGP,842951
2683426,211,192,8935,2007,0.0,9567.0,-0.644497,-0.8748520000000001,SYC,SGP,842951
2683427,216,192,8935,2007,64998.0,457891.0,0.711328,1.411114,THA,SGP,842951
2683428,222,192,8935,2007,0.0,85588.0,-0.371347,-1.0536709999999998,TTO,SGP,842951
2683429,231,192,8935,2007,2601885.0,171390.0,1.612165,0.0922,USA,SGP,842951
2683430,239,192,8935,2007,19502.0,748106.0,-0.335613,1.048849,VNM,SGP,842951
2683431,246,192,8935,2007,0.0,77219.0,0.349792,1.246052,ZAF,SGP,842951
2683432,249,192,8935,2007,36309.0,107296.0,1.651607,0.974649,TWN,SGP,842951
2683433,250,192,8935,2007,0.0,170975.0,0.671936,-0.284418,ANS,SGP,842951
2683434,15,201,8935,2007,4810300.0,0.0,1.730088,-0.045543,AUT,SRB,842951
2683435,18,201,8935,2007,87296.0,0.0,1.2880479999999999,1.145724,BEL,SRB,842951
2683436,23,201,8935,2007,523164.0,49401.0,0.43321899999999997,1.5696700000000001,BGR,SRB,842951
2683437,26,201,8935,2007,250882.0,125954.0,0.46303199999999994,0.596178,BIH,SRB,842951
2683438,39,201,8935,2007,13049.0,0.0,0.77681,1.20517,CAN,SRB,842951
2683439,41,201,8935,2007,1069363.0,0.0,2.0198080000000003,0.42277200000000004,CHE,SRB,842951
2683440,43,201,8935,2007,1108698.0,0.0,0.801547,2.321052,CHN,SRB,842951
2683441,59,201,8935,2007,82207.0,0.0,1.620377,0.379404,CZE,SRB,842951
2683442,61,201,8935,2007,7001451.0,0.0,2.114566,-2.934732,DEU,SRB,842951
2683443,64,201,8935,2007,6421.0,0.0,1.204019,1.122666,DNK,SRB,842951
2683444,71,201,8935,2007,11071.0,0.0,0.914681,2.027797,ESP,SRB,842951
2683445,74,201,8935,2007,96584.0,0.0,1.865502,0.7737729999999999,FIN,SRB,842951
2683446,77,201,8935,2007,231455.0,0.0,1.4565350000000001,0.262845,FRA,SRB,842951
2683447,81,201,8935,2007,7957350.0,0.0,1.718661,0.35525300000000004,GBR,SRB,842951
2683448,90,201,8935,2007,89076.0,0.0,0.348709,1.674567,GRC,SRB,842951
2683449,100,201,8935,2007,242849.0,0.0,0.7799699999999999,1.1047850000000001,HRV,SRB,842951
2683450,102,201,8935,2007,60468.0,0.0,1.4887709999999998,0.78372,HUN,SRB,842951
2683451,111,201,8935,2007,4231806.0,104453.0,1.3003559999999998,0.705448,ITA,SRB,842951
2683452,114,201,8935,2007,80963.0,0.0,2.313259,0.186703,JPN,SRB,842951
2683453,121,201,8935,2007,680922.0,0.0,1.497359,0.726637,KOR,SRB,842951
2683454,134,201,8935,2007,150177.0,0.0,-0.5846560000000001,0.10927100000000001,MAR,SRB,842951
2683455,140,201,8935,2007,19059.0,42863.0,-0.125912,-0.009395,MKD,SRB,842951
2683456,144,201,8935,2007,22168.0,228971.0,0.250006,-0.154908,MNE,SRB,842951
2683457,162,201,8935,2007,714387.0,0.0,1.089169,1.589641,NLD,SRB,842951
2683458,163,201,8935,2007,7284.0,0.0,0.9829100000000001,0.100995,NOR,SRB,842951
2683459,177,201,8935,2007,206932.0,0.0,1.0412139999999999,1.309641,POL,SRB,842951
2683460,185,201,8935,2007,32515.0,0.0,0.69445,1.223747,ROU,SRB,842951
2683461,186,201,8935,2007,23253.0,0.0,0.5576399999999999,-0.05382000000000001,RUS,SRB,842951
2683462,206,201,8935,2007,21634.0,0.0,1.358301,0.79655,SVK,SRB,842951
2683463,207,201,8935,2007,2158073.0,0.0,1.605767,0.692926,SVN,SRB,842951
2683464,208,201,8935,2007,1033728.0,0.0,1.927244,0.498241,SWE,SRB,842951
2683465,224,201,8935,2007,707371.0,0.0,0.41396700000000003,2.0339869999999998,TUR,SRB,842951
2683466,231,201,8935,2007,62329.0,0.0,1.612165,0.0922,USA,SRB,842951
2683467,9,206,8935,2007,0.0,45299.0,0.7169,-0.019251,ARM,SVK,842951
2683468,15,206,8935,2007,2375062.0,581885.0,1.730088,-0.045543,AUT,SVK,842951
2683469,18,206,8935,2007,6000064.0,0.0,1.2880479999999999,1.145724,BEL,SVK,842951
2683470,23,206,8935,2007,0.0,24922.0,0.43321899999999997,1.5696700000000001,BGR,SVK,842951
2683471,32,206,8935,2007,92428.0,0.0,0.582859,1.137225,BRA,SVK,842951
2683472,39,206,8935,2007,83255.0,0.0,0.77681,1.20517,CAN,SVK,842951
2683473,41,206,8935,2007,52220.0,0.0,2.0198080000000003,0.42277200000000004,CHE,SVK,842951
2683474,43,206,8935,2007,156096.0,0.0,0.801547,2.321052,CHN,SVK,842951
2683475,59,206,8935,2007,3851791.0,12418406.0,1.620377,0.379404,CZE,SVK,842951
2683476,61,206,8935,2007,3161895.0,238401.0,2.114566,-2.934732,DEU,SVK,842951
2683477,64,206,8935,2007,0.0,87354.0,1.204019,1.122666,DNK,SVK,842951
2683478,71,206,8935,2007,26369.0,56425.0,0.914681,2.027797,ESP,SVK,842951
2683479,72,206,8935,2007,0.0,85915.0,0.746434,1.306397,EST,SVK,842951
2683480,74,206,8935,2007,3610.0,0.0,1.865502,0.7737729999999999,FIN,SVK,842951
2683481,77,206,8935,2007,345123.0,0.0,1.4565350000000001,0.262845,FRA,SVK,842951
2683482,81,206,8935,2007,13970910.0,0.0,1.718661,0.35525300000000004,GBR,SVK,842951
2683483,100,206,8935,2007,20267.0,419879.0,0.7799699999999999,1.1047850000000001,HRV,SVK,842951
2683484,102,206,8935,2007,689984.0,1465246.0,1.4887709999999998,0.78372,HUN,SVK,842951
2683485,106,206,8935,2007,108187.0,0.0,1.353146,0.122832,IRL,SVK,842951
2683486,111,206,8935,2007,7909390.0,172327.0,1.3003559999999998,0.705448,ITA,SVK,842951
2683487,114,206,8935,2007,4153328.0,0.0,2.313259,0.186703,JPN,SVK,842951
2683488,115,206,8935,2007,0.0,171561.0,-0.171218,-0.630279,KAZ,SVK,842951
2683489,121,206,8935,2007,28398.0,0.0,1.497359,0.726637,KOR,SVK,842951
2683490,130,206,8935,2007,0.0,554888.0,0.604169,1.279982,LTU,SVK,842951
2683491,132,206,8935,2007,0.0,504853.0,0.61459,0.985358,LVA,SVK,842951
2683492,162,206,8935,2007,332698.0,264684.0,1.089169,1.589641,NLD,SVK,842951
2683493,177,206,8935,2007,0.0,680195.0,1.0412139999999999,1.309641,POL,SVK,842951
2683494,185,206,8935,2007,0.0,305759.0,0.69445,1.223747,ROU,SVK,842951
2683495,186,206,8935,2007,15490.0,4802538.0,0.5576399999999999,-0.05382000000000001,RUS,SVK,842951
2683496,201,206,8935,2007,0.0,21634.0,0.579288,1.464123,SRB,SVK,842951
2683497,207,206,8935,2007,322522.0,0.0,1.605767,0.692926,SVN,SVK,842951
2683498,208,206,8935,2007,11282475.0,0.0,1.927244,0.498241,SWE,SVK,842951
2683499,224,206,8935,2007,1357764.0,66123.0,0.41396700000000003,2.0339869999999998,TUR,SVK,842951
2683500,228,206,8935,2007,0.0,861062.0,0.7441760000000001,0.8681260000000001,UKR,SVK,842951
2683501,231,206,8935,2007,199837.0,0.0,1.612165,0.0922,USA,SVK,842951
2683502,250,206,8935,2007,6468879.0,0.0,0.671936,-0.284418,ANS,SVK,842951
2683503,15,212,8935,2007,649425.0,0.0,1.730088,-0.045543,AUT,SYR,842951
2683504,18,212,8935,2007,58164.0,0.0,1.2880479999999999,1.145724,BEL,SYR,842951
2683505,41,212,8935,2007,27685.0,0.0,2.0198080000000003,0.42277200000000004,CHE,SYR,842951
2683506,43,212,8935,2007,1889556.0,0.0,0.801547,2.321052,CHN,SYR,842951
2683507,61,212,8935,2007,218833.0,0.0,2.114566,-2.934732,DEU,SYR,842951
2683508,64,212,8935,2007,73260.0,0.0,1.204019,1.122666,DNK,SYR,842951
2683509,68,212,8935,2007,3996.0,0.0,-0.144054,0.663592,EGY,SYR,842951
2683510,71,212,8935,2007,184117.0,0.0,0.914681,2.027797,ESP,SYR,842951
2683511,77,212,8935,2007,340423.0,0.0,1.4565350000000001,0.262845,FRA,SYR,842951
2683512,81,212,8935,2007,42935.0,0.0,1.718661,0.35525300000000004,GBR,SYR,842951
2683513,106,212,8935,2007,41342.0,0.0,1.353146,0.122832,IRL,SYR,842951
2683514,111,212,8935,2007,854822.0,0.0,1.3003559999999998,0.705448,ITA,SYR,842951
2683515,114,212,8935,2007,2912290.0,0.0,2.313259,0.186703,JPN,SYR,842951
2683516,121,212,8935,2007,2478296.0,0.0,1.497359,0.726637,KOR,SYR,842951
2683517,124,212,8935,2007,0.0,3374.0,0.47468,1.775191,LBN,SYR,842951
2683518,162,212,8935,2007,171113.0,0.0,1.089169,1.589641,NLD,SYR,842951
2683519,179,212,8935,2007,27621.0,0.0,0.621302,1.971656,PRT,SYR,842951
2683520,231,212,8935,2007,178085.0,0.0,1.612165,0.0922,USA,SYR,842951
2683521,250,212,8935,2007,91076.0,0.0,0.671936,-0.284418,ANS,SYR,842951
2683522,15,223,8935,2007,114836.0,0.0,1.730088,-0.045543,AUT,TUN,842951
2683523,18,223,8935,2007,3690536.0,242975.0,1.2880479999999999,1.145724,BEL,TUN,842951
2683524,39,223,8935,2007,2229.0,0.0,0.77681,1.20517,CAN,TUN,842951
2683525,41,223,8935,2007,10178.0,0.0,2.0198080000000003,0.42277200000000004,CHE,TUN,842951
2683526,43,223,8935,2007,1025457.0,0.0,0.801547,2.321052,CHN,TUN,842951
2683527,59,223,8935,2007,65856.0,0.0,1.620377,0.379404,CZE,TUN,842951
2683528,61,223,8935,2007,1469720.0,0.0,2.114566,-2.934732,DEU,TUN,842951
2683529,66,223,8935,2007,0.0,2646554.0,-0.9822690000000001,-1.170282,DZA,TUN,842951
2683530,71,223,8935,2007,63305.0,0.0,0.914681,2.027797,ESP,TUN,842951
2683531,73,223,8935,2007,0.0,256227.0,-1.115917,-0.821652,ETH,TUN,842951
2683532,77,223,8935,2007,3167052.0,150417.0,1.4565350000000001,0.262845,FRA,TUN,842951
2683533,81,223,8935,2007,150290.0,0.0,1.718661,0.35525300000000004,GBR,TUN,842951
2683534,106,223,8935,2007,0.0,40179.0,1.353146,0.122832,IRL,TUN,842951
2683535,111,223,8935,2007,1628298.0,0.0,1.3003559999999998,0.705448,ITA,TUN,842951
2683536,114,223,8935,2007,1859840.0,0.0,2.313259,0.186703,JPN,TUN,842951
2683537,121,223,8935,2007,1837518.0,0.0,1.497359,0.726637,KOR,TUN,842951
2683538,126,223,8935,2007,0.0,1778304.0,-0.8669959999999999,-1.167363,LBY,TUN,842951
2683539,162,223,8935,2007,69170.0,186745.0,1.089169,1.589641,NLD,TUN,842951
2683540,177,223,8935,2007,804948.0,0.0,1.0412139999999999,1.309641,POL,TUN,842951
2683541,208,223,8935,2007,2063538.0,0.0,1.927244,0.498241,SWE,TUN,842951
2683542,222,223,8935,2007,0.0,18935.0,-0.371347,-1.0536709999999998,TTO,TUN,842951
2683543,224,223,8935,2007,2289579.0,0.0,0.41396700000000003,2.0339869999999998,TUR,TUN,842951
2683544,231,223,8935,2007,2328891.0,0.0,1.612165,0.0922,USA,TUN,842951
2683545,246,223,8935,2007,10355.0,0.0,0.349792,1.246052,ZAF,TUN,842951
2683546,15,228,8935,2007,1034553.0,14651.0,1.730088,-0.045543,AUT,UKR,842951
2683547,16,228,8935,2007,0.0,5781.0,-0.897342,-1.174224,AZE,UKR,842951
2683548,18,228,8935,2007,2821846.0,0.0,1.2880479999999999,1.145724,BEL,UKR,842951
2683549,28,228,8935,2007,3265074.0,0.0,1.0435889999999999,0.415603,BLR,UKR,842951
2683550,41,228,8935,2007,12203.0,0.0,2.0198080000000003,0.42277200000000004,CHE,UKR,842951
2683551,43,228,8935,2007,16451428.0,0.0,0.801547,2.321052,CHN,UKR,842951
2683552,49,228,8935,2007,0.0,18733.0,0.118341,0.557699,COL,UKR,842951
2683553,59,228,8935,2007,92823.0,0.0,1.620377,0.379404,CZE,UKR,842951
2683554,61,228,8935,2007,11326454.0,0.0,2.114566,-2.934732,DEU,UKR,842951
2683555,64,228,8935,2007,69711.0,0.0,1.204019,1.122666,DNK,UKR,842951
2683556,71,228,8935,2007,21678.0,0.0,0.914681,2.027797,ESP,UKR,842951
2683557,72,228,8935,2007,27103.0,0.0,0.746434,1.306397,EST,UKR,842951
2683558,74,228,8935,2007,2372810.0,0.0,1.865502,0.7737729999999999,FIN,UKR,842951
2683559,77,228,8935,2007,41295.0,0.0,1.4565350000000001,0.262845,FRA,UKR,842951
2683560,81,228,8935,2007,19219682.0,0.0,1.718661,0.35525300000000004,GBR,UKR,842951
2683561,82,228,8935,2007,0.0,61750.0,0.016077,-0.386962,GEO,UKR,842951
2683562,102,228,8935,2007,777479.0,0.0,1.4887709999999998,0.78372,HUN,UKR,842951
2683563,107,228,8935,2007,0.0,13194.0,-0.797659,-1.048892,IRN,UKR,842951
2683564,111,228,8935,2007,2020370.0,0.0,1.3003559999999998,0.705448,ITA,UKR,842951
2683565,114,228,8935,2007,612166.0,0.0,2.313259,0.186703,JPN,UKR,842951
2683566,115,228,8935,2007,0.0,139027.0,-0.171218,-0.630279,KAZ,UKR,842951
2683567,121,228,8935,2007,454678.0,0.0,1.497359,0.726637,KOR,UKR,842951
2683568,130,228,8935,2007,694303.0,0.0,0.604169,1.279982,LTU,UKR,842951
2683569,135,228,8935,2007,0.0,72230.0,0.147801,0.13758299999999998,MDA,UKR,842951
2683570,160,228,8935,2007,0.0,25751.0,-0.924162,-0.857508,NIC,UKR,842951
2683571,162,228,8935,2007,2128153.0,0.0,1.089169,1.589641,NLD,UKR,842951
2683572,163,228,8935,2007,30482.0,0.0,0.9829100000000001,0.100995,NOR,UKR,842951
2683573,177,228,8935,2007,8291150.0,0.0,1.0412139999999999,1.309641,POL,UKR,842951
2683574,178,228,8935,2007,255559.0,0.0,0.799712,0.8789370000000001,PRK,UKR,842951
2683575,185,228,8935,2007,0.0,26421.0,0.69445,1.223747,ROU,UKR,842951
2683576,186,228,8935,2007,3245577.0,2002953.0,0.5576399999999999,-0.05382000000000001,RUS,UKR,842951
2683577,190,228,8935,2007,0.0,71612.0,-1.978359,-1.316172,SDN,UKR,842951
2683578,206,228,8935,2007,861062.0,0.0,1.358301,0.79655,SVK,UKR,842951
2683579,207,228,8935,2007,2551.0,0.0,1.605767,0.692926,SVN,UKR,842951
2683580,208,228,8935,2007,10025694.0,0.0,1.927244,0.498241,SWE,UKR,842951
2683581,222,228,8935,2007,0.0,34657.0,-0.371347,-1.0536709999999998,TTO,UKR,842951
2683582,224,228,8935,2007,348027.0,0.0,0.41396700000000003,2.0339869999999998,TUR,UKR,842951
2683583,231,228,8935,2007,6245241.0,0.0,1.612165,0.0922,USA,UKR,842951
2683584,232,228,8935,2007,0.0,176293.0,-0.540449,-0.799454,UZB,UKR,842951
2683585,239,228,8935,2007,0.0,53919.0,-0.335613,1.048849,VNM,UKR,842951
2683586,2,246,8935,2007,0.0,3502406.0,-1.6925709999999998,-1.1987290000000002,AGO,ZAF,842951
2683587,7,246,8935,2007,11884.0,146805.0,-0.107504,-0.44744300000000004,ARE,ZAF,842951
2683588,14,246,8935,2007,15290182.0,260822.0,0.137686,0.451592,AUS,ZAF,842951
2683589,15,246,8935,2007,12679425.0,0.0,1.730088,-0.045543,AUT,ZAF,842951
2683590,17,246,8935,2007,0.0,40025.0,-0.33884899999999996,-0.661017,BDI,ZAF,842951
2683591,18,246,8935,2007,30729252.0,200514.0,1.2880479999999999,1.145724,BEL,ZAF,842951
2683592,21,246,8935,2007,0.0,153792.0,-0.960893,-0.94458,BFA,ZAF,842951
2683593,32,246,8935,2007,3772259.0,0.0,0.582859,1.137225,BRA,ZAF,842951
2683594,37,246,8935,2007,474029.0,15964094.0,-0.8557239999999999,-1.1712989999999999,BWA,ZAF,842951
2683595,39,246,8935,2007,9039487.0,22954.0,0.77681,1.20517,CAN,ZAF,842951
2683596,41,246,8935,2007,83496.0,0.0,2.0198080000000003,0.42277200000000004,CHE,ZAF,842951
2683597,42,246,8935,2007,46586.0,1826035.0,-0.306846,-0.57431,CHL,ZAF,842951
2683598,43,246,8935,2007,16277966.0,0.0,0.801547,2.321052,CHN,ZAF,842951
2683599,44,246,8935,2007,0.0,600367.0,-0.9989110000000001,-0.867232,CIV,ZAF,842951
2683600,45,246,8935,2007,0.0,26346.0,-0.821623,-0.965601,CMR,ZAF,842951
2683601,46,246,8935,2007,0.0,5640257.0,-1.507664,-1.111844,COD,ZAF,842951
2683602,47,246,8935,2007,0.0,112486.0,-1.88462,-1.22688,COG,ZAF,842951
2683603,59,246,8935,2007,760957.0,0.0,1.620377,0.379404,CZE,ZAF,842951
2683604,61,246,8935,2007,13035149.0,0.0,2.114566,-2.934732,DEU,ZAF,842951
2683605,64,246,8935,2007,5324.0,0.0,1.204019,1.122666,DNK,ZAF,842951
2683606,71,246,8935,2007,981469.0,163820.0,0.914681,2.027797,ESP,ZAF,842951
2683607,74,246,8935,2007,9628929.0,0.0,1.865502,0.7737729999999999,FIN,ZAF,842951
2683608,77,246,8935,2007,1669027.0,111401.0,1.4565350000000001,0.262845,FRA,ZAF,842951
2683609,81,246,8935,2007,28943116.0,289202.0,1.718661,0.35525300000000004,GBR,ZAF,842951
2683610,83,246,8935,2007,2767.0,487385.0,-0.906867,-0.565891,GHA,ZAF,842951
2683611,87,246,8935,2007,0.0,43625.0,-0.8336680000000001,-0.8261860000000001,GMB,ZAF,842951
2683612,88,246,8935,2007,0.0,236576.0,-1.416947,-1.011782,GNB,ZAF,842951
2683613,90,246,8935,2007,0.0,302388.0,0.348709,1.674567,GRC,ZAF,842951
2683614,103,246,8935,2007,1190867.0,0.0,-0.192415,1.497962,IDN,ZAF,842951
2683615,104,246,8935,2007,62854.0,0.0,0.279475,2.7514939999999997,IND,ZAF,842951
2683616,106,246,8935,2007,111332.0,0.0,1.353146,0.122832,IRL,ZAF,842951
2683617,111,246,8935,2007,14227214.0,0.0,1.3003559999999998,0.705448,ITA,ZAF,842951
2683618,114,246,8935,2007,43253580.0,2359.0,2.313259,0.186703,JPN,ZAF,842951
2683619,116,246,8935,2007,0.0,93092.0,-0.44365299999999996,0.858692,KEN,ZAF,842951
2683620,121,246,8935,2007,7094838.0,0.0,1.497359,0.726637,KOR,ZAF,842951
2683621,136,246,8935,2007,0.0,5533258.0,-0.939838,-0.221205,MDG,ZAF,842951
2683622,147,246,8935,2007,187469.0,3698734.0,-1.4703110000000001,-1.1915719999999999,MOZ,ZAF,842951
2683623,151,246,8935,2007,0.0,54337.0,-0.342957,-0.129114,MUS,ZAF,842951
2683624,152,246,8935,2007,0.0,379656.0,-1.348692,-1.134002,MWI,ZAF,842951
2683625,155,246,8935,2007,21588.0,6234286.0,-0.588953,-0.751722,NAM,ZAF,842951
2683626,162,246,8935,2007,835999.0,131917.0,1.089169,1.589641,NLD,ZAF,842951
2683627,163,246,8935,2007,144944.0,0.0,0.9829100000000001,0.100995,NOR,ZAF,842951
2683628,168,246,8935,2007,21901.0,0.0,-0.5594359999999999,0.47369300000000003,PAK,ZAF,842951
2683629,188,246,8935,2007,0.0,74504.0,0.367463,-0.8603709999999999,SAU,ZAF,842951
2683630,191,246,8935,2007,45932.0,0.0,-0.20343599999999998,0.27211199999999997,SEN,ZAF,842951
2683631,192,246,8935,2007,77219.0,0.0,1.608299,0.545791,SGP,ZAF,842951
2683632,196,246,8935,2007,0.0,190046.0,-0.021377,-0.31765,SLE,ZAF,842951
2683633,208,246,8935,2007,23832410.0,0.0,1.927244,0.498241,SWE,ZAF,842951
2683634,209,246,8935,2007,7169.0,716083.0,0.9562299999999999,0.053538,SWZ,ZAF,842951
2683635,223,246,8935,2007,0.0,10355.0,0.062824,0.74003,TUN,ZAF,842951
2683636,224,246,8935,2007,332674.0,0.0,0.41396700000000003,2.0339869999999998,TUR,ZAF,842951
2683637,226,246,8935,2007,7802.0,850908.0,-0.8493959999999999,0.47116099999999994,TZA,ZAF,842951
2683638,231,246,8935,2007,53277672.0,741214.0,1.612165,0.0922,USA,ZAF,842951
2683639,247,246,8935,2007,157382.0,8583206.0,-0.522838,-0.796874,ZMB,ZAF,842951
2683640,248,246,8935,2007,37277.0,2787732.0,-0.5271399999999999,-0.47033800000000003,ZWE,ZAF,842951
2683641,249,246,8935,2007,227109.0,0.0,1.651607,0.974649,TWN,ZAF,842951
2683642,250,246,8935,2007,954263.0,0.0,0.671936,-0.284418,ANS,ZAF,842951
2683643,39,248,8935,2007,809853.0,0.0,0.77681,1.20517,CAN,ZWE,842951
2683644,43,248,8935,2007,491483.0,0.0,0.801547,2.321052,CHN,ZWE,842951
2683645,61,248,8935,2007,394390.0,0.0,2.114566,-2.934732,DEU,ZWE,842951
2683646,71,248,8935,2007,269317.0,0.0,0.914681,2.027797,ESP,ZWE,842951
2683647,74,248,8935,2007,1765684.0,0.0,1.865502,0.7737729999999999,FIN,ZWE,842951
2683648,77,248,8935,2007,525544.0,0.0,1.4565350000000001,0.262845,FRA,ZWE,842951
2683649,81,248,8935,2007,74568.0,0.0,1.718661,0.35525300000000004,GBR,ZWE,842951
2683650,97,248,8935,2007,2159.0,0.0,0.639034,2.1086009999999997,HKG,ZWE,842951
2683651,114,248,8935,2007,85012.0,0.0,2.313259,0.186703,JPN,ZWE,842951
2683652,152,248,8935,2007,16503081.0,0.0,-1.348692,-1.134002,MWI,ZWE,842951
2683653,186,248,8935,2007,582887.0,0.0,0.5576399999999999,-0.05382000000000001,RUS,ZWE,842951
2683654,231,248,8935,2007,437356.0,0.0,1.612165,0.0922,USA,ZWE,842951
2683655,246,248,8935,2007,2787732.0,37277.0,0.349792,1.246052,ZAF,ZWE,842951
2683656,247,248,8935,2007,1265977.0,68185.0,-0.522838,-0.796874,ZMB,ZWE,842951
2683657,7,1,8935,2007,952006.0,0.0,-0.107504,-0.44744300000000004,ARE,AFG,842951
2683658,18,1,8935,2007,234013.0,0.0,1.2880479999999999,1.145724,BEL,AFG,842951
2683659,41,1,8935,2007,5884.0,0.0,2.0198080000000003,0.42277200000000004,CHE,AFG,842951
2683660,43,1,8935,2007,346467.0,0.0,0.801547,2.321052,CHN,AFG,842951
2683661,61,1,8935,2007,184413.0,0.0,2.114566,-2.934732,DEU,AFG,842951
2683662,71,1,8935,2007,53479.0,0.0,0.914681,2.027797,ESP,AFG,842951
2683663,81,1,8935,2007,113012.0,0.0,1.718661,0.35525300000000004,GBR,AFG,842951
2683664,114,1,8935,2007,109177.0,0.0,2.313259,0.186703,JPN,AFG,842951
2683665,122,1,8935,2007,38514.0,0.0,-0.8265030000000001,-1.166243,KWT,AFG,842951
2683666,162,1,8935,2007,17847.0,0.0,1.089169,1.589641,NLD,AFG,842951
2683667,186,1,8935,2007,178148.0,0.0,0.5576399999999999,-0.05382000000000001,RUS,AFG,842951
2683668,231,1,8935,2007,66000.0,0.0,1.612165,0.0922,USA,AFG,842951
2683669,47,5,8935,2007,9406.0,0.0,-1.88462,-1.22688,COG,AND,842951
2683670,71,5,8935,2007,171306.0,15357.0,0.914681,2.027797,ESP,AND,842951
2683671,77,5,8935,2007,82688.0,35724.0,1.4565350000000001,0.262845,FRA,AND,842951
2683672,7,9,8935,2007,66673.0,0.0,-0.107504,-0.44744300000000004,ARE,ARM,842951
2683673,18,9,8935,2007,412202.0,0.0,1.2880479999999999,1.145724,BEL,ARM,842951
2683674,28,9,8935,2007,15300.0,0.0,1.0435889999999999,0.415603,BLR,ARM,842951
2683675,43,9,8935,2007,267561.0,0.0,0.801547,2.321052,CHN,ARM,842951
2683676,61,9,8935,2007,423847.0,0.0,2.114566,-2.934732,DEU,ARM,842951
2683677,71,9,8935,2007,158575.0,0.0,0.914681,2.027797,ESP,ARM,842951
2683678,77,9,8935,2007,890528.0,0.0,1.4565350000000001,0.262845,FRA,ARM,842951
2683679,81,9,8935,2007,48421.0,0.0,1.718661,0.35525300000000004,GBR,ARM,842951
2683680,82,9,8935,2007,93591.0,13633.0,0.016077,-0.386962,GEO,ARM,842951
2683681,107,9,8935,2007,70042.0,0.0,-0.797659,-1.048892,IRN,ARM,842951
2683682,111,9,8935,2007,71434.0,0.0,1.3003559999999998,0.705448,ITA,ARM,842951
2683683,114,9,8935,2007,5721.0,0.0,2.313259,0.186703,JPN,ARM,842951
2683684,121,9,8935,2007,92798.0,0.0,1.497359,0.726637,KOR,ARM,842951
2683685,162,9,8935,2007,20782.0,0.0,1.089169,1.589641,NLD,ARM,842951
2683686,186,9,8935,2007,46018.0,0.0,0.5576399999999999,-0.05382000000000001,RUS,ARM,842951
2683687,206,9,8935,2007,45299.0,0.0,1.358301,0.79655,SVK,ARM,842951
2683688,231,9,8935,2007,74175.0,0.0,1.612165,0.0922,USA,ARM,842951
2683689,243,9,8935,2007,0.0,729980.0,-1.2624600000000001,-1.2131290000000001,YEM,ARM,842951
2683690,166,10,8935,2007,21674.0,0.0,0.495938,0.845825,NZL,ASM,842951
2683691,7,13,8935,2007,0.0,172352.0,-0.107504,-0.44744300000000004,ARE,ATG,842951
2683692,39,13,8935,2007,22747.0,0.0,0.77681,1.20517,CAN,ATG,842951
2683693,61,13,8935,2007,26741.0,0.0,2.114566,-2.934732,DEU,ATG,842951
2683694,81,13,8935,2007,69722.0,0.0,1.718661,0.35525300000000004,GBR,ATG,842951
2683695,111,13,8935,2007,119319.0,0.0,1.3003559999999998,0.705448,ITA,ATG,842951
2683696,114,13,8935,2007,37923.0,0.0,2.313259,0.186703,JPN,ATG,842951
2683697,120,13,8935,2007,0.0,87543.0,1.21646,-0.190821,KNA,ATG,842951
2683698,231,13,8935,2007,148646.0,0.0,1.612165,0.0922,USA,ATG,842951
2683699,39,29,8935,2007,8236.0,0.0,0.77681,1.20517,CAN,BLZ,842951
2683700,43,29,8935,2007,34748.0,0.0,0.801547,2.321052,CHN,BLZ,842951
2683701,93,29,8935,2007,16893.0,27290.0,-0.261899,0.643437,GTM,BLZ,842951
2683702,114,29,8935,2007,14990.0,0.0,2.313259,0.186703,JPN,BLZ,842951
2683703,168,29,8935,2007,0.0,23733.0,-0.5594359999999999,0.47369300000000003,PAK,BLZ,842951
2683704,197,29,8935,2007,20428.0,0.0,-0.110573,0.184426,SLV,BLZ,842951
2683705,231,29,8935,2007,637709.0,0.0,1.612165,0.0922,USA,BLZ,842951
2683706,18,31,8935,2007,72605.0,0.0,1.2880479999999999,1.145724,BEL,BOL,842951
2683707,32,31,8935,2007,4770030.0,0.0,0.582859,1.137225,BRA,BOL,842951
2683708,39,31,8935,2007,96433.0,0.0,0.77681,1.20517,CAN,BOL,842951
2683709,42,31,8935,2007,5348374.0,6696.0,-0.306846,-0.57431,CHL,BOL,842951
2683710,43,31,8935,2007,403657.0,0.0,0.801547,2.321052,CHN,BOL,842951
2683711,61,31,8935,2007,29716.0,0.0,2.114566,-2.934732,DEU,BOL,842951
2683712,64,31,8935,2007,98386.0,0.0,1.204019,1.122666,DNK,BOL,842951
2683713,71,31,8935,2007,34158.0,0.0,0.914681,2.027797,ESP,BOL,842951
2683714,74,31,8935,2007,27674.0,0.0,1.865502,0.7737729999999999,FIN,BOL,842951
2683715,77,31,8935,2007,301205.0,0.0,1.4565350000000001,0.262845,FRA,BOL,842951
2683716,81,31,8935,2007,81533.0,0.0,1.718661,0.35525300000000004,GBR,BOL,842951
2683717,111,31,8935,2007,17859.0,0.0,1.3003559999999998,0.705448,ITA,BOL,842951
2683718,114,31,8935,2007,1333412.0,0.0,2.313259,0.186703,JPN,BOL,842951
2683719,121,31,8935,2007,3930.0,0.0,1.497359,0.726637,KOR,BOL,842951
2683720,138,31,8935,2007,4667.0,0.0,1.044746,0.605246,MEX,BOL,842951
2683721,162,31,8935,2007,533377.0,0.0,1.089169,1.589641,NLD,BOL,842951
2683722,163,31,8935,2007,311507.0,0.0,0.9829100000000001,0.100995,NOR,BOL,842951
2683723,173,31,8935,2007,357915.0,2298.0,-0.49716099999999996,0.02556,PER,BOL,842951
2683724,179,31,8935,2007,636539.0,0.0,0.621302,1.971656,PRT,BOL,842951
2683725,180,31,8935,2007,12065.0,0.0,-0.500617,-0.814385,PRY,BOL,842951
2683726,208,31,8935,2007,709541.0,0.0,1.927244,0.498241,SWE,BOL,842951
2683727,231,31,8935,2007,1604148.0,0.0,1.612165,0.0922,USA,BOL,842951
2683728,114,34,8935,2007,10425.0,0.0,2.313259,0.186703,JPN,BRN,842951
2683729,153,34,8935,2007,21060.0,14743.0,0.740788,0.302155,MYS,BRN,842951
2683730,104,35,8935,2007,55344.0,25995.0,0.279475,2.7514939999999997,IND,BTN,842951
2683731,114,35,8935,2007,210972.0,0.0,2.313259,0.186703,JPN,BTN,842951
2683732,192,35,8935,2007,211496.0,0.0,1.608299,0.545791,SGP,BTN,842951
2683733,216,35,8935,2007,35833.0,0.0,0.711328,1.411114,THA,BTN,842951
2683734,14,37,8935,2007,146637.0,0.0,0.137686,0.451592,AUS,BWA,842951
2683735,43,37,8935,2007,65414.0,0.0,0.801547,2.321052,CHN,BWA,842951
2683736,45,37,8935,2007,0.0,129628.0,-0.821623,-0.965601,CMR,BWA,842951
2683737,77,37,8935,2007,122817.0,0.0,1.4565350000000001,0.262845,FRA,BWA,842951
2683738,89,37,8935,2007,151584.0,0.0,-1.406911,-0.8466950000000001,GNQ,BWA,842951
2683739,155,37,8935,2007,4254.0,0.0,-0.588953,-0.751722,NAM,BWA,842951
2683740,246,37,8935,2007,15964094.0,474029.0,0.349792,1.246052,ZAF,BWA,842951
2683741,15,44,8935,2007,127798.0,0.0,1.730088,-0.045543,AUT,CIV,842951
2683742,18,44,8935,2007,2322909.0,0.0,1.2880479999999999,1.145724,BEL,CIV,842951
2683743,32,44,8935,2007,9952.0,0.0,0.582859,1.137225,BRA,CIV,842951
2683744,43,44,8935,2007,29460.0,0.0,0.801547,2.321052,CHN,CIV,842951
2683745,47,44,8935,2007,0.0,43243.0,-1.88462,-1.22688,COG,CIV,842951
2683746,61,44,8935,2007,91604.0,0.0,2.114566,-2.934732,DEU,CIV,842951
2683747,77,44,8935,2007,944096.0,0.0,1.4565350000000001,0.262845,FRA,CIV,842951
2683748,81,44,8935,2007,21913.0,0.0,1.718661,0.35525300000000004,GBR,CIV,842951
2683749,83,44,8935,2007,85042.0,0.0,-0.906867,-0.565891,GHA,CIV,842951
2683750,104,44,8935,2007,60397.0,0.0,0.279475,2.7514939999999997,IND,CIV,842951
2683751,111,44,8935,2007,117447.0,0.0,1.3003559999999998,0.705448,ITA,CIV,842951
2683752,121,44,8935,2007,19169.0,0.0,1.497359,0.726637,KOR,CIV,842951
2683753,124,44,8935,2007,52433.0,0.0,0.47468,1.775191,LBN,CIV,842951
2683754,141,44,8935,2007,1745.0,0.0,-0.672822,-0.687913,MLI,CIV,842951
2683755,162,44,8935,2007,283985.0,0.0,1.089169,1.589641,NLD,CIV,842951
2683756,215,44,8935,2007,4866.0,9339.0,-0.78689,-0.806879,TGO,CIV,842951
2683757,226,44,8935,2007,0.0,257152.0,-0.8493959999999999,0.47116099999999994,TZA,CIV,842951
2683758,227,44,8935,2007,0.0,41351.0,-0.900559,-0.42071400000000003,UGA,CIV,842951
2683759,231,44,8935,2007,534562.0,0.0,1.612165,0.0922,USA,CIV,842951
2683760,246,44,8935,2007,600367.0,0.0,0.349792,1.246052,ZAF,CIV,842951
2683761,250,44,8935,2007,159075.0,0.0,0.671936,-0.284418,ANS,CIV,842951
2683762,2,45,8935,2007,0.0,46036.0,-1.6925709999999998,-1.1987290000000002,AGO,CMR,842951
2683763,7,45,8935,2007,147021.0,0.0,-0.107504,-0.44744300000000004,ARE,CMR,842951
2683764,18,45,8935,2007,2289062.0,0.0,1.2880479999999999,1.145724,BEL,CMR,842951
2683765,32,45,8935,2007,391955.0,0.0,0.582859,1.137225,BRA,CMR,842951
2683766,37,45,8935,2007,129628.0,0.0,-0.8557239999999999,-1.1712989999999999,BWA,CMR,842951
2683767,39,45,8935,2007,92033.0,0.0,0.77681,1.20517,CAN,CMR,842951
2683768,43,45,8935,2007,39223.0,0.0,0.801547,2.321052,CHN,CMR,842951
2683769,47,45,8935,2007,0.0,62735.0,-1.88462,-1.22688,COG,CMR,842951
2683770,61,45,8935,2007,274796.0,0.0,2.114566,-2.934732,DEU,CMR,842951
2683771,71,45,8935,2007,5840.0,0.0,0.914681,2.027797,ESP,CMR,842951
2683772,77,45,8935,2007,1733800.0,36866.0,1.4565350000000001,0.262845,FRA,CMR,842951
2683773,81,45,8935,2007,257558.0,0.0,1.718661,0.35525300000000004,GBR,CMR,842951
2683774,83,45,8935,2007,0.0,7316.0,-0.906867,-0.565891,GHA,CMR,842951
2683775,89,45,8935,2007,9025.0,81186.0,-1.406911,-0.8466950000000001,GNQ,CMR,842951
2683776,111,45,8935,2007,182440.0,0.0,1.3003559999999998,0.705448,ITA,CMR,842951
2683777,114,45,8935,2007,132250.0,0.0,2.313259,0.186703,JPN,CMR,842951
2683778,124,45,8935,2007,18355.0,0.0,0.47468,1.775191,LBN,CMR,842951
2683779,162,45,8935,2007,1102930.0,177681.0,1.089169,1.589641,NLD,CMR,842951
2683780,177,45,8935,2007,13108.0,0.0,1.0412139999999999,1.309641,POL,CMR,842951
2683781,190,45,8935,2007,269171.0,0.0,-1.978359,-1.316172,SDN,CMR,842951
2683782,191,45,8935,2007,65851.0,0.0,-0.20343599999999998,0.27211199999999997,SEN,CMR,842951
2683783,214,45,8935,2007,0.0,20571.0,-2.544742,-0.928218,TCD,CMR,842951
2683784,231,45,8935,2007,206704.0,0.0,1.612165,0.0922,USA,CMR,842951
2683785,246,45,8935,2007,26346.0,0.0,0.349792,1.246052,ZAF,CMR,842951
2683786,2,46,8935,2007,0.0,491643.0,-1.6925709999999998,-1.1987290000000002,AGO,COD,842951
2683787,18,46,8935,2007,1739636.0,0.0,1.2880479999999999,1.145724,BEL,COD,842951
2683788,43,46,8935,2007,328746.0,0.0,0.801547,2.321052,CHN,COD,842951
2683789,47,46,8935,2007,0.0,380434.0,-1.88462,-1.22688,COG,COD,842951
2683790,61,46,8935,2007,23253.0,0.0,2.114566,-2.934732,DEU,COD,842951
2683791,74,46,8935,2007,700420.0,0.0,1.865502,0.7737729999999999,FIN,COD,842951
2683792,77,46,8935,2007,13722.0,0.0,1.4565350000000001,0.262845,FRA,COD,842951
2683793,114,46,8935,2007,78291.0,0.0,2.313259,0.186703,JPN,COD,842951
2683794,124,46,8935,2007,82259.0,0.0,0.47468,1.775191,LBN,COD,842951
2683795,162,46,8935,2007,848406.0,0.0,1.089169,1.589641,NLD,COD,842951
2683796,179,46,8935,2007,284542.0,0.0,0.621302,1.971656,PRT,COD,842951
2683797,222,46,8935,2007,0.0,49747.0,-0.371347,-1.0536709999999998,TTO,COD,842951
2683798,231,46,8935,2007,279091.0,0.0,1.612165,0.0922,USA,COD,842951
2683799,246,46,8935,2007,5640257.0,0.0,0.349792,1.246052,ZAF,COD,842951
2683800,247,46,8935,2007,2514788.0,7247.0,-0.522838,-0.796874,ZMB,COD,842951
2683801,2,47,8935,2007,0.0,18386.0,-1.6925709999999998,-1.1987290000000002,AGO,COG,842951
2683802,5,47,8935,2007,0.0,9406.0,1.178982,0.778379,AND,COG,842951
2683803,7,47,8935,2007,97482.0,0.0,-0.107504,-0.44744300000000004,ARE,COG,842951
2683804,18,47,8935,2007,1046982.0,120655.0,1.2880479999999999,1.145724,BEL,COG,842951
2683805,39,47,8935,2007,115082.0,0.0,0.77681,1.20517,CAN,COG,842951
2683806,43,47,8935,2007,1393536.0,0.0,0.801547,2.321052,CHN,COG,842951
2683807,44,47,8935,2007,43243.0,0.0,-0.9989110000000001,-0.867232,CIV,COG,842951
2683808,45,47,8935,2007,62735.0,0.0,-0.821623,-0.965601,CMR,COG,842951
2683809,46,47,8935,2007,380434.0,0.0,-1.507664,-1.111844,COD,COG,842951
2683810,61,47,8935,2007,432636.0,0.0,2.114566,-2.934732,DEU,COG,842951
2683811,77,47,8935,2007,1529126.0,0.0,1.4565350000000001,0.262845,FRA,COG,842951
2683812,80,47,8935,2007,60397.0,3846.0,-1.328633,-1.165045,GAB,COG,842951
2683813,81,47,8935,2007,100627.0,0.0,1.718661,0.35525300000000004,GBR,COG,842951
2683814,111,47,8935,2007,176981.0,0.0,1.3003559999999998,0.705448,ITA,COG,842951
2683815,114,47,8935,2007,484896.0,0.0,2.313259,0.186703,JPN,COG,842951
2683816,124,47,8935,2007,35058.0,0.0,0.47468,1.775191,LBN,COG,842951
2683817,134,47,8935,2007,99978.0,0.0,-0.5846560000000001,0.10927100000000001,MAR,COG,842951
2683818,162,47,8935,2007,215638.0,0.0,1.089169,1.589641,NLD,COG,842951
2683819,179,47,8935,2007,147360.0,0.0,0.621302,1.971656,PRT,COG,842951
2683820,191,47,8935,2007,114802.0,0.0,-0.20343599999999998,0.27211199999999997,SEN,COG,842951
2683821,231,47,8935,2007,36507.0,0.0,1.612165,0.0922,USA,COG,842951
2683822,246,47,8935,2007,112486.0,0.0,0.349792,1.246052,ZAF,COG,842951
2683823,61,51,8935,2007,92337.0,0.0,2.114566,-2.934732,DEU,CPV,842951
2683824,71,51,8935,2007,408821.0,0.0,0.914681,2.027797,ESP,CPV,842951
2683825,111,51,8935,2007,167313.0,0.0,1.3003559999999998,0.705448,ITA,CPV,842951
2683826,114,51,8935,2007,25274.0,0.0,2.313259,0.186703,JPN,CPV,842951
2683827,162,51,8935,2007,41003.0,0.0,1.089169,1.589641,NLD,CPV,842951
2683828,179,51,8935,2007,1301351.0,177688.0,0.621302,1.971656,PRT,CPV,842951
2683829,208,51,8935,2007,9310.0,0.0,1.927244,0.498241,SWE,CPV,842951
2683830,111,57,8935,2007,442959.0,0.0,1.3003559999999998,0.705448,ITA,CYM,842951
2683831,231,57,8935,2007,529405.0,0.0,1.612165,0.0922,USA,CYM,842951
2683832,7,66,8935,2007,77662.0,0.0,-0.107504,-0.44744300000000004,ARE,DZA,842951
2683833,15,66,8935,2007,1845016.0,0.0,1.730088,-0.045543,AUT,DZA,842951
2683834,18,66,8935,2007,7569423.0,0.0,1.2880479999999999,1.145724,BEL,DZA,842951
2683835,32,66,8935,2007,100944.0,0.0,0.582859,1.137225,BRA,DZA,842951
2683836,39,66,8935,2007,526758.0,0.0,0.77681,1.20517,CAN,DZA,842951
2683837,41,66,8935,2007,612564.0,0.0,2.0198080000000003,0.42277200000000004,CHE,DZA,842951
2683838,43,66,8935,2007,25065308.0,75356.0,0.801547,2.321052,CHN,DZA,842951
2683839,59,66,8935,2007,57950.0,0.0,1.620377,0.379404,CZE,DZA,842951
2683840,61,66,8935,2007,5471252.0,0.0,2.114566,-2.934732,DEU,DZA,842951
2683841,64,66,8935,2007,11567.0,0.0,1.204019,1.122666,DNK,DZA,842951
2683842,71,66,8935,2007,1064116.0,0.0,0.914681,2.027797,ESP,DZA,842951
2683843,77,66,8935,2007,74462672.0,0.0,1.4565350000000001,0.262845,FRA,DZA,842951
2683844,81,66,8935,2007,712416.0,0.0,1.718661,0.35525300000000004,GBR,DZA,842951
2683845,111,66,8935,2007,3217710.0,0.0,1.3003559999999998,0.705448,ITA,DZA,842951
2683846,114,66,8935,2007,15236968.0,0.0,2.313259,0.186703,JPN,DZA,842951
2683847,121,66,8935,2007,7344815.0,0.0,1.497359,0.726637,KOR,DZA,842951
2683848,124,66,8935,2007,6857.0,0.0,0.47468,1.775191,LBN,DZA,842951
2683849,162,66,8935,2007,1342961.0,0.0,1.089169,1.589641,NLD,DZA,842951
2683850,168,66,8935,2007,6471.0,0.0,-0.5594359999999999,0.47369300000000003,PAK,DZA,842951
2683851,177,66,8935,2007,25776.0,0.0,1.0412139999999999,1.309641,POL,DZA,842951
2683852,179,66,8935,2007,61640.0,0.0,0.621302,1.971656,PRT,DZA,842951
2683853,208,66,8935,2007,833463.0,0.0,1.927244,0.498241,SWE,DZA,842951
2683854,223,66,8935,2007,2646554.0,0.0,0.062824,0.74003,TUN,DZA,842951
2683855,224,66,8935,2007,815319.0,0.0,0.41396700000000003,2.0339869999999998,TUR,DZA,842951
2683856,231,66,8935,2007,4224689.0,0.0,1.612165,0.0922,USA,DZA,842951
2683857,250,66,8935,2007,122063.0,0.0,0.671936,-0.284418,ANS,DZA,842951
2683858,7,73,8935,2007,116390.0,0.0,-0.107504,-0.44744300000000004,ARE,ETH,842951
2683859,15,73,8935,2007,23535.0,0.0,1.730088,-0.045543,AUT,ETH,842951
2683860,18,73,8935,2007,5317969.0,0.0,1.2880479999999999,1.145724,BEL,ETH,842951
2683861,26,73,8935,2007,44588.0,0.0,0.46303199999999994,0.596178,BIH,ETH,842951
2683862,32,73,8935,2007,9964536.0,0.0,0.582859,1.137225,BRA,ETH,842951
2683863,39,73,8935,2007,14095.0,0.0,0.77681,1.20517,CAN,ETH,842951
2683864,41,73,8935,2007,120411.0,0.0,2.0198080000000003,0.42277200000000004,CHE,ETH,842951
2683865,43,73,8935,2007,9223455.0,0.0,0.801547,2.321052,CHN,ETH,842951
2683866,61,73,8935,2007,576577.0,0.0,2.114566,-2.934732,DEU,ETH,842951
2683867,62,73,8935,2007,0.0,54613.0,-1.111848,-0.983348,DJI,ETH,842951
2683868,68,73,8935,2007,100879.0,0.0,-0.144054,0.663592,EGY,ETH,842951
2683869,71,73,8935,2007,15233.0,0.0,0.914681,2.027797,ESP,ETH,842951
2683870,74,73,8935,2007,293529.0,0.0,1.865502,0.7737729999999999,FIN,ETH,842951
2683871,77,73,8935,2007,246578.0,0.0,1.4565350000000001,0.262845,FRA,ETH,842951
2683872,81,73,8935,2007,649400.0,0.0,1.718661,0.35525300000000004,GBR,ETH,842951
2683873,97,73,8935,2007,191171.0,0.0,0.639034,2.1086009999999997,HKG,ETH,842951
2683874,104,73,8935,2007,26874.0,0.0,0.279475,2.7514939999999997,IND,ETH,842951
2683875,111,73,8935,2007,202964.0,0.0,1.3003559999999998,0.705448,ITA,ETH,842951
2683876,114,73,8935,2007,273708.0,0.0,2.313259,0.186703,JPN,ETH,842951
2683877,121,73,8935,2007,1025132.0,0.0,1.497359,0.726637,KOR,ETH,842951
2683878,162,73,8935,2007,85828.0,0.0,1.089169,1.589641,NLD,ETH,842951
2683879,177,73,8935,2007,142497.0,0.0,1.0412139999999999,1.309641,POL,ETH,842951
2683880,208,73,8935,2007,1226325.0,0.0,1.927244,0.498241,SWE,ETH,842951
2683881,223,73,8935,2007,256227.0,0.0,0.062824,0.74003,TUN,ETH,842951
2683882,231,73,8935,2007,2288310.0,0.0,1.612165,0.0922,USA,ETH,842951
2683883,7,80,8935,2007,51134.0,0.0,-0.107504,-0.44744300000000004,ARE,GAB,842951
2683884,18,80,8935,2007,3753102.0,4671.0,1.2880479999999999,1.145724,BEL,GAB,842951
2683885,39,80,8935,2007,106549.0,0.0,0.77681,1.20517,CAN,GAB,842951
2683886,43,80,8935,2007,2913283.0,0.0,0.801547,2.321052,CHN,GAB,842951
2683887,47,80,8935,2007,3846.0,60397.0,-1.88462,-1.22688,COG,GAB,842951
2683888,61,80,8935,2007,735668.0,0.0,2.114566,-2.934732,DEU,GAB,842951
2683889,71,80,8935,2007,485565.0,0.0,0.914681,2.027797,ESP,GAB,842951
2683890,77,80,8935,2007,3713088.0,1052779.0,1.4565350000000001,0.262845,FRA,GAB,842951
2683891,81,80,8935,2007,244732.0,0.0,1.718661,0.35525300000000004,GBR,GAB,842951
2683892,89,80,8935,2007,0.0,135313.0,-1.406911,-0.8466950000000001,GNQ,GAB,842951
2683893,111,80,8935,2007,691407.0,0.0,1.3003559999999998,0.705448,ITA,GAB,842951
2683894,114,80,8935,2007,3075662.0,0.0,2.313259,0.186703,JPN,GAB,842951
2683895,124,80,8935,2007,65725.0,0.0,0.47468,1.775191,LBN,GAB,842951
2683896,153,80,8935,2007,39385.0,0.0,0.740788,0.302155,MYS,GAB,842951
2683897,162,80,8935,2007,287915.0,0.0,1.089169,1.589641,NLD,GAB,842951
2683898,163,80,8935,2007,33747.0,0.0,0.9829100000000001,0.100995,NOR,GAB,842951
2683899,231,80,8935,2007,95177.0,0.0,1.612165,0.0922,USA,GAB,842951
2683900,2,83,8935,2007,0.0,10632.0,-1.6925709999999998,-1.1987290000000002,AGO,GHA,842951
2683901,7,83,8935,2007,70817.0,0.0,-0.107504,-0.44744300000000004,ARE,GHA,842951
2683902,18,83,8935,2007,1191092.0,0.0,1.2880479999999999,1.145724,BEL,GHA,842951
2683903,19,83,8935,2007,5330.0,4574.0,-1.055882,-0.880178,BEN,GHA,842951
2683904,21,83,8935,2007,0.0,93938.0,-0.960893,-0.94458,BFA,GHA,842951
2683905,32,83,8935,2007,182857.0,0.0,0.582859,1.137225,BRA,GHA,842951
2683906,39,83,8935,2007,6069.0,0.0,0.77681,1.20517,CAN,GHA,842951
2683907,43,83,8935,2007,1239641.0,0.0,0.801547,2.321052,CHN,GHA,842951
2683908,44,83,8935,2007,0.0,85042.0,-0.9989110000000001,-0.867232,CIV,GHA,842951
2683909,45,83,8935,2007,7316.0,0.0,-0.821623,-0.965601,CMR,GHA,842951
2683910,61,83,8935,2007,650532.0,0.0,2.114566,-2.934732,DEU,GHA,842951
2683911,64,83,8935,2007,89759.0,0.0,1.204019,1.122666,DNK,GHA,842951
2683912,71,83,8935,2007,146484.0,0.0,0.914681,2.027797,ESP,GHA,842951
2683913,77,83,8935,2007,44435.0,7902.0,1.4565350000000001,0.262845,FRA,GHA,842951
2683914,81,83,8935,2007,696894.0,0.0,1.718661,0.35525300000000004,GBR,GHA,842951
2683915,90,83,8935,2007,51421.0,0.0,0.348709,1.674567,GRC,GHA,842951
2683916,106,83,8935,2007,49574.0,0.0,1.353146,0.122832,IRL,GHA,842951
2683917,110,83,8935,2007,13222.0,0.0,1.092244,0.753984,ISR,GHA,842951
2683918,111,83,8935,2007,575562.0,0.0,1.3003559999999998,0.705448,ITA,GHA,842951
2683919,114,83,8935,2007,640086.0,0.0,2.313259,0.186703,JPN,GHA,842951
2683920,121,83,8935,2007,14368.0,0.0,1.497359,0.726637,KOR,GHA,842951
2683921,124,83,8935,2007,18945.0,0.0,0.47468,1.775191,LBN,GHA,842951
2683922,162,83,8935,2007,1254267.0,26616.0,1.089169,1.589641,NLD,GHA,842951
2683923,179,83,8935,2007,30963.0,0.0,0.621302,1.971656,PRT,GHA,842951
2683924,208,83,8935,2007,674507.0,0.0,1.927244,0.498241,SWE,GHA,842951
2683925,227,83,8935,2007,0.0,14726.0,-0.900559,-0.42071400000000003,UGA,GHA,842951
2683926,231,83,8935,2007,3881461.0,14661.0,1.612165,0.0922,USA,GHA,842951
2683927,246,83,8935,2007,487385.0,2767.0,0.349792,1.246052,ZAF,GHA,842951
2683928,71,84,8935,2007,100134.0,0.0,0.914681,2.027797,ESP,GIB,842951
2683929,81,84,8935,2007,68292.0,0.0,1.718661,0.35525300000000004,GBR,GIB,842951
2683930,18,89,8935,2007,105472.0,0.0,1.2880479999999999,1.145724,BEL,GNQ,842951
2683931,37,89,8935,2007,0.0,151584.0,-0.8557239999999999,-1.1712989999999999,BWA,GNQ,842951
2683932,43,89,8935,2007,818309.0,0.0,0.801547,2.321052,CHN,GNQ,842951
2683933,45,89,8935,2007,81186.0,9025.0,-0.821623,-0.965601,CMR,GNQ,842951
2683934,61,89,8935,2007,465704.0,0.0,2.114566,-2.934732,DEU,GNQ,842951
2683935,71,89,8935,2007,928400.0,0.0,0.914681,2.027797,ESP,GNQ,842951
2683936,77,89,8935,2007,440476.0,0.0,1.4565350000000001,0.262845,FRA,GNQ,842951
2683937,80,89,8935,2007,135313.0,0.0,-1.328633,-1.165045,GAB,GNQ,842951
2683938,111,89,8935,2007,206463.0,0.0,1.3003559999999998,0.705448,ITA,GNQ,842951
2683939,114,89,8935,2007,144684.0,0.0,2.313259,0.186703,JPN,GNQ,842951
2683940,134,89,8935,2007,212398.0,0.0,-0.5846560000000001,0.10927100000000001,MAR,GNQ,842951
2683941,159,89,8935,2007,0.0,1914928.0,-1.746879,-1.20823,NGA,GNQ,842951
2683942,162,89,8935,2007,424203.0,0.0,1.089169,1.589641,NLD,GNQ,842951
2683943,231,89,8935,2007,1078500.0,0.0,1.612165,0.0922,USA,GNQ,842951
2683944,7,108,8935,2007,8177642.0,0.0,-0.107504,-0.44744300000000004,ARE,IRQ,842951
2683945,15,108,8935,2007,9878.0,0.0,1.730088,-0.045543,AUT,IRQ,842951
2683946,18,108,8935,2007,21253.0,100715.0,1.2880479999999999,1.145724,BEL,IRQ,842951
2683947,41,108,8935,2007,3342.0,0.0,2.0198080000000003,0.42277200000000004,CHE,IRQ,842951
2683948,43,108,8935,2007,706492.0,0.0,0.801547,2.321052,CHN,IRQ,842951
2683949,61,108,8935,2007,474173.0,0.0,2.114566,-2.934732,DEU,IRQ,842951
2683950,64,108,8935,2007,105925.0,0.0,1.204019,1.122666,DNK,IRQ,842951
2683951,68,108,8935,2007,34621.0,0.0,-0.144054,0.663592,EGY,IRQ,842951
2683952,74,108,8935,2007,13713.0,0.0,1.865502,0.7737729999999999,FIN,IRQ,842951
2683953,81,108,8935,2007,124294.0,0.0,1.718661,0.35525300000000004,GBR,IRQ,842951
2683954,102,108,8935,2007,2000.0,0.0,1.4887709999999998,0.78372,HUN,IRQ,842951
2683955,106,108,8935,2007,1370.0,0.0,1.353146,0.122832,IRL,IRQ,842951
2683956,111,108,8935,2007,98740.0,0.0,1.3003559999999998,0.705448,ITA,IRQ,842951
2683957,114,108,8935,2007,1747692.0,0.0,2.313259,0.186703,JPN,IRQ,842951
2683958,121,108,8935,2007,245391.0,0.0,1.497359,0.726637,KOR,IRQ,842951
2683959,122,108,8935,2007,373745.0,0.0,-0.8265030000000001,-1.166243,KWT,IRQ,842951
2683960,124,108,8935,2007,43016.0,0.0,0.47468,1.775191,LBN,IRQ,842951
2683961,162,108,8935,2007,273192.0,0.0,1.089169,1.589641,NLD,IRQ,842951
2683962,186,108,8935,2007,5882432.0,0.0,0.5576399999999999,-0.05382000000000001,RUS,IRQ,842951
2683963,224,108,8935,2007,308112.0,0.0,0.41396700000000003,2.0339869999999998,TUR,IRQ,842951
2683964,231,108,8935,2007,1193659.0,0.0,1.612165,0.0922,USA,IRQ,842951
2683965,15,109,8935,2007,741380.0,0.0,1.730088,-0.045543,AUT,ISL,842951
2683966,18,109,8935,2007,1913087.0,262190.0,1.2880479999999999,1.145724,BEL,ISL,842951
2683967,43,109,8935,2007,50634.0,0.0,0.801547,2.321052,CHN,ISL,842951
2683968,61,109,8935,2007,2342723.0,26036.0,2.114566,-2.934732,DEU,ISL,842951
2683969,64,109,8935,2007,1954496.0,133123.0,1.204019,1.122666,DNK,ISL,842951
2683970,74,109,8935,2007,6421.0,0.0,1.865502,0.7737729999999999,FIN,ISL,842951
2683971,77,109,8935,2007,65456.0,0.0,1.4565350000000001,0.262845,FRA,ISL,842951
2683972,78,109,8935,2007,0.0,51201.0,-0.308363,-0.7707510000000001,FRO,ISL,842951
2683973,81,109,8935,2007,445300.0,0.0,1.718661,0.35525300000000004,GBR,ISL,842951
2683974,111,109,8935,2007,1867368.0,24395.0,1.3003559999999998,0.705448,ITA,ISL,842951
2683975,114,109,8935,2007,273594.0,0.0,2.313259,0.186703,JPN,ISL,842951
2683976,121,109,8935,2007,283966.0,0.0,1.497359,0.726637,KOR,ISL,842951
2683977,162,109,8935,2007,1433107.0,822742.0,1.089169,1.589641,NLD,ISL,842951
2683978,177,109,8935,2007,0.0,3862.0,1.0412139999999999,1.309641,POL,ISL,842951
2683979,208,109,8935,2007,2607749.0,0.0,1.927244,0.498241,SWE,ISL,842951
2683980,231,109,8935,2007,516527.0,0.0,1.612165,0.0922,USA,ISL,842951
2683981,239,109,8935,2007,0.0,169395.0,-0.335613,1.048849,VNM,ISL,842951
2683982,43,123,8935,2007,926914.0,0.0,0.801547,2.321052,CHN,LAO,842951
2683983,111,123,8935,2007,105888.0,0.0,1.3003559999999998,0.705448,ITA,LAO,842951
2683984,114,123,8935,2007,17022.0,0.0,2.313259,0.186703,JPN,LAO,842951
2683985,153,123,8935,2007,27665.0,0.0,0.740788,0.302155,MYS,LAO,842951
2683986,216,123,8935,2007,2126490.0,0.0,0.711328,1.411114,THA,LAO,842951
2683987,239,123,8935,2007,0.0,26002.0,-0.335613,1.048849,VNM,LAO,842951
2683988,39,125,8935,2007,112966.0,0.0,0.77681,1.20517,CAN,LBR,842951
2683989,43,125,8935,2007,760666.0,0.0,0.801547,2.321052,CHN,LBR,842951
2683990,61,125,8935,2007,70183.0,0.0,2.114566,-2.934732,DEU,LBR,842951
2683991,71,125,8935,2007,8919.0,0.0,0.914681,2.027797,ESP,LBR,842951
2683992,81,125,8935,2007,1986220.0,0.0,1.718661,0.35525300000000004,GBR,LBR,842951
2683993,111,125,8935,2007,472718.0,0.0,1.3003559999999998,0.705448,ITA,LBR,842951
2683994,231,125,8935,2007,289000.0,0.0,1.612165,0.0922,USA,LBR,842951
2683995,7,126,8935,2007,184553.0,0.0,-0.107504,-0.44744300000000004,ARE,LBY,842951
2683996,15,126,8935,2007,97760.0,0.0,1.730088,-0.045543,AUT,LBY,842951
2683997,18,126,8935,2007,1072422.0,0.0,1.2880479999999999,1.145724,BEL,LBY,842951
2683998,39,126,8935,2007,232573.0,0.0,0.77681,1.20517,CAN,LBY,842951
2683999,41,126,8935,2007,11172.0,0.0,2.0198080000000003,0.42277200000000004,CHE,LBY,842951
2684000,43,126,8935,2007,9004130.0,0.0,0.801547,2.321052,CHN,LBY,842951
2684001,61,126,8935,2007,2853094.0,0.0,2.114566,-2.934732,DEU,LBY,842951
2684002,68,126,8935,2007,72224.0,0.0,-0.144054,0.663592,EGY,LBY,842951
2684003,71,126,8935,2007,417721.0,0.0,0.914681,2.027797,ESP,LBY,842951
2684004,77,126,8935,2007,328905.0,0.0,1.4565350000000001,0.262845,FRA,LBY,842951
2684005,81,126,8935,2007,828774.0,0.0,1.718661,0.35525300000000004,GBR,LBY,842951
2684006,90,126,8935,2007,111948.0,0.0,0.348709,1.674567,GRC,LBY,842951
2684007,100,126,8935,2007,33413.0,0.0,0.7799699999999999,1.1047850000000001,HRV,LBY,842951
2684008,102,126,8935,2007,36418.0,0.0,1.4887709999999998,0.78372,HUN,LBY,842951
2684009,104,126,8935,2007,147838.0,0.0,0.279475,2.7514939999999997,IND,LBY,842951
2684010,106,126,8935,2007,15155.0,0.0,1.353146,0.122832,IRL,LBY,842951
2684011,111,126,8935,2007,3217182.0,167478.0,1.3003559999999998,0.705448,ITA,LBY,842951
2684012,114,126,8935,2007,18851.0,0.0,2.313259,0.186703,JPN,LBY,842951
2684013,121,126,8935,2007,3797820.0,0.0,1.497359,0.726637,KOR,LBY,842951
2684014,142,126,8935,2007,199012.0,0.0,1.184569,-0.046376,MLT,LBY,842951
2684015,153,126,8935,2007,36588.0,0.0,0.740788,0.302155,MYS,LBY,842951
2684016,162,126,8935,2007,1273414.0,0.0,1.089169,1.589641,NLD,LBY,842951
2684017,177,126,8935,2007,10693.0,0.0,1.0412139999999999,1.309641,POL,LBY,842951
2684018,179,126,8935,2007,92177.0,0.0,0.621302,1.971656,PRT,LBY,842951
2684019,188,126,8935,2007,350335.0,0.0,0.367463,-0.8603709999999999,SAU,LBY,842951
2684020,223,126,8935,2007,1778304.0,0.0,0.062824,0.74003,TUN,LBY,842951
2684021,224,126,8935,2007,704441.0,0.0,0.41396700000000003,2.0339869999999998,TUR,LBY,842951
2684022,231,126,8935,2007,5329590.0,0.0,1.612165,0.0922,USA,LBY,842951
2684023,250,126,8935,2007,1042816.0,0.0,0.671936,-0.284418,ANS,LBY,842951
2684024,39,128,8935,2007,14418.0,0.0,0.77681,1.20517,CAN,LKA,842951
2684025,43,128,8935,2007,460560.0,0.0,0.801547,2.321052,CHN,LKA,842951
2684026,81,128,8935,2007,825842.0,0.0,1.718661,0.35525300000000004,GBR,LKA,842951
2684027,104,128,8935,2007,385776.0,0.0,0.279475,2.7514939999999997,IND,LKA,842951
2684028,114,128,8935,2007,2613276.0,0.0,2.313259,0.186703,JPN,LKA,842951
2684029,121,128,8935,2007,26693.0,0.0,1.497359,0.726637,KOR,LKA,842951
2684030,137,128,8935,2007,0.0,37331.0,-0.7558050000000001,-0.931211,MDV,LKA,842951
2684031,162,128,8935,2007,24032.0,0.0,1.089169,1.589641,NLD,LKA,842951
2684032,166,128,8935,2007,10593.0,0.0,0.495938,0.845825,NZL,LKA,842951
2684033,183,128,8935,2007,133355.0,0.0,0.20181500000000002,-0.9898110000000001,QAT,LKA,842951
2684034,192,128,8935,2007,801611.0,33909.0,1.608299,0.545791,SGP,LKA,842951
2684035,216,128,8935,2007,39127.0,0.0,0.711328,1.411114,THA,LKA,842951
2684036,231,128,8935,2007,221544.0,0.0,1.612165,0.0922,USA,LKA,842951
2684037,2,134,8935,2007,0.0,131593.0,-1.6925709999999998,-1.1987290000000002,AGO,MAR,842951
2684038,7,134,8935,2007,0.0,32936.0,-0.107504,-0.44744300000000004,ARE,MAR,842951
2684039,15,134,8935,2007,975908.0,0.0,1.730088,-0.045543,AUT,MAR,842951
2684040,18,134,8935,2007,7725820.0,0.0,1.2880479999999999,1.145724,BEL,MAR,842951
2684041,39,134,8935,2007,83910.0,0.0,0.77681,1.20517,CAN,MAR,842951
2684042,41,134,8935,2007,3092.0,90553.0,2.0198080000000003,0.42277200000000004,CHE,MAR,842951
2684043,43,134,8935,2007,3535450.0,0.0,0.801547,2.321052,CHN,MAR,842951
2684044,47,134,8935,2007,0.0,99978.0,-1.88462,-1.22688,COG,MAR,842951
2684045,61,134,8935,2007,3206476.0,0.0,2.114566,-2.934732,DEU,MAR,842951
2684046,64,134,8935,2007,7431.0,0.0,1.204019,1.122666,DNK,MAR,842951
2684047,71,134,8935,2007,7717960.0,22730.0,0.914681,2.027797,ESP,MAR,842951
2684048,74,134,8935,2007,273605.0,0.0,1.865502,0.7737729999999999,FIN,MAR,842951
2684049,77,134,8935,2007,13839695.0,5298.0,1.4565350000000001,0.262845,FRA,MAR,842951
2684050,81,134,8935,2007,885909.0,0.0,1.718661,0.35525300000000004,GBR,MAR,842951
2684051,89,134,8935,2007,0.0,212398.0,-1.406911,-0.8466950000000001,GNQ,MAR,842951
2684052,106,134,8935,2007,12907.0,0.0,1.353146,0.122832,IRL,MAR,842951
2684053,111,134,8935,2007,3379545.0,0.0,1.3003559999999998,0.705448,ITA,MAR,842951
2684054,113,134,8935,2007,0.0,11032.0,0.228433,0.5984550000000001,JOR,MAR,842951
2684055,114,134,8935,2007,1069396.0,0.0,2.313259,0.186703,JPN,MAR,842951
2684056,121,134,8935,2007,567033.0,0.0,1.497359,0.726637,KOR,MAR,842951
2684057,124,134,8935,2007,0.0,75652.0,0.47468,1.775191,LBN,MAR,842951
2684058,131,134,8935,2007,44053.0,0.0,1.390259,0.996566,LUX,MAR,842951
2684059,148,134,8935,2007,0.0,281332.0,-2.027741,-1.311094,MRT,MAR,842951
2684060,159,134,8935,2007,0.0,72992.0,-1.746879,-1.20823,NGA,MAR,842951
2684061,162,134,8935,2007,3014769.0,0.0,1.089169,1.589641,NLD,MAR,842951
2684062,163,134,8935,2007,32388.0,0.0,0.9829100000000001,0.100995,NOR,MAR,842951
2684063,177,134,8935,2007,514930.0,0.0,1.0412139999999999,1.309641,POL,MAR,842951
2684064,179,134,8935,2007,469126.0,0.0,0.621302,1.971656,PRT,MAR,842951
2684065,191,134,8935,2007,0.0,308730.0,-0.20343599999999998,0.27211199999999997,SEN,MAR,842951
2684066,201,134,8935,2007,0.0,150177.0,0.579288,1.464123,SRB,MAR,842951
2684067,208,134,8935,2007,3858595.0,0.0,1.927244,0.498241,SWE,MAR,842951
2684068,224,134,8935,2007,802704.0,12008.0,0.41396700000000003,2.0339869999999998,TUR,MAR,842951
2684069,231,134,8935,2007,2912297.0,0.0,1.612165,0.0922,USA,MAR,842951
2684070,15,135,8935,2007,138376.0,0.0,1.730088,-0.045543,AUT,MDA,842951
2684071,18,135,8935,2007,370762.0,0.0,1.2880479999999999,1.145724,BEL,MDA,842951
2684072,28,135,8935,2007,139326.0,0.0,1.0435889999999999,0.415603,BLR,MDA,842951
2684073,41,135,8935,2007,3007.0,0.0,2.0198080000000003,0.42277200000000004,CHE,MDA,842951
2684074,43,135,8935,2007,32584.0,0.0,0.801547,2.321052,CHN,MDA,842951
2684075,61,135,8935,2007,840847.0,0.0,2.114566,-2.934732,DEU,MDA,842951
2684076,81,135,8935,2007,43069.0,0.0,1.718661,0.35525300000000004,GBR,MDA,842951
2684077,90,135,8935,2007,1970.0,0.0,0.348709,1.674567,GRC,MDA,842951
2684078,102,135,8935,2007,2735.0,0.0,1.4887709999999998,0.78372,HUN,MDA,842951
2684079,111,135,8935,2007,130377.0,0.0,1.3003559999999998,0.705448,ITA,MDA,842951
2684080,114,135,8935,2007,357.0,0.0,2.313259,0.186703,JPN,MDA,842951
2684081,130,135,8935,2007,16667.0,0.0,0.604169,1.279982,LTU,MDA,842951
2684082,162,135,8935,2007,35129.0,0.0,1.089169,1.589641,NLD,MDA,842951
2684083,177,135,8935,2007,49278.0,0.0,1.0412139999999999,1.309641,POL,MDA,842951
2684084,185,135,8935,2007,449439.0,0.0,0.69445,1.223747,ROU,MDA,842951
2684085,186,135,8935,2007,4916.0,0.0,0.5576399999999999,-0.05382000000000001,RUS,MDA,842951
2684086,208,135,8935,2007,22527.0,0.0,1.927244,0.498241,SWE,MDA,842951
2684087,224,135,8935,2007,10228.0,0.0,0.41396700000000003,2.0339869999999998,TUR,MDA,842951
2684088,228,135,8935,2007,72230.0,0.0,0.7441760000000001,0.8681260000000001,UKR,MDA,842951
2684089,231,135,8935,2007,139282.0,0.0,1.612165,0.0922,USA,MDA,842951
2684090,18,142,8935,2007,220196.0,0.0,1.2880479999999999,1.145724,BEL,MLT,842951
2684091,43,142,8935,2007,5810.0,0.0,0.801547,2.321052,CHN,MLT,842951
2684092,81,142,8935,2007,486075.0,0.0,1.718661,0.35525300000000004,GBR,MLT,842951
2684093,97,142,8935,2007,0.0,29380.0,0.639034,2.1086009999999997,HKG,MLT,842951
2684094,111,142,8935,2007,1381255.0,15997.0,1.3003559999999998,0.705448,ITA,MLT,842951
2684095,114,142,8935,2007,282359.0,0.0,2.313259,0.186703,JPN,MLT,842951
2684096,126,142,8935,2007,0.0,199012.0,-0.8669959999999999,-1.167363,LBY,MLT,842951
2684097,162,142,8935,2007,970450.0,906837.0,1.089169,1.589641,NLD,MLT,842951
2684098,231,142,8935,2007,23932.0,0.0,1.612165,0.0922,USA,MLT,842951
2684099,18,148,8935,2007,1599020.0,0.0,1.2880479999999999,1.145724,BEL,MRT,842951
2684100,43,148,8935,2007,34264.0,0.0,0.801547,2.321052,CHN,MRT,842951
2684101,61,148,8935,2007,28901.0,0.0,2.114566,-2.934732,DEU,MRT,842951
2684102,71,148,8935,2007,130659.0,0.0,0.914681,2.027797,ESP,MRT,842951
2684103,77,148,8935,2007,423378.0,0.0,1.4565350000000001,0.262845,FRA,MRT,842951
2684104,81,148,8935,2007,18717.0,0.0,1.718661,0.35525300000000004,GBR,MRT,842951
2684105,114,148,8935,2007,508129.0,0.0,2.313259,0.186703,JPN,MRT,842951
2684106,134,148,8935,2007,281332.0,0.0,-0.5846560000000001,0.10927100000000001,MAR,MRT,842951
2684107,179,148,8935,2007,32294.0,0.0,0.621302,1.971656,PRT,MRT,842951
2684108,191,148,8935,2007,258157.0,27163.0,-0.20343599999999998,0.27211199999999997,SEN,MRT,842951
2684109,18,151,8935,2007,512608.0,34503.0,1.2880479999999999,1.145724,BEL,MUS,842951
2684110,43,151,8935,2007,57462.0,0.0,0.801547,2.321052,CHN,MUS,842951
2684111,59,151,8935,2007,79642.0,0.0,1.620377,0.379404,CZE,MUS,842951
2684112,61,151,8935,2007,79328.0,0.0,2.114566,-2.934732,DEU,MUS,842951
2684113,77,151,8935,2007,45037.0,0.0,1.4565350000000001,0.262845,FRA,MUS,842951
2684114,81,151,8935,2007,1987.0,0.0,1.718661,0.35525300000000004,GBR,MUS,842951
2684115,97,151,8935,2007,31178.0,0.0,0.639034,2.1086009999999997,HKG,MUS,842951
2684116,114,151,8935,2007,101924.0,0.0,2.313259,0.186703,JPN,MUS,842951
2684117,246,151,8935,2007,54337.0,0.0,0.349792,1.246052,ZAF,MUS,842951
2684118,7,152,8935,2007,64188.0,0.0,-0.107504,-0.44744300000000004,ARE,MWI,842951
2684119,18,152,8935,2007,520088.0,0.0,1.2880479999999999,1.145724,BEL,MWI,842951
2684120,81,152,8935,2007,5865.0,0.0,1.718661,0.35525300000000004,GBR,MWI,842951
2684121,114,152,8935,2007,24027.0,0.0,2.313259,0.186703,JPN,MWI,842951
2684122,147,152,8935,2007,96099.0,2379.0,-1.4703110000000001,-1.1915719999999999,MOZ,MWI,842951
2684123,226,152,8935,2007,27991.0,0.0,-0.8493959999999999,0.47116099999999994,TZA,MWI,842951
2684124,246,152,8935,2007,379656.0,0.0,0.349792,1.246052,ZAF,MWI,842951
2684125,247,152,8935,2007,0.0,15310.0,-0.522838,-0.796874,ZMB,MWI,842951
2684126,248,152,8935,2007,0.0,16503081.0,-0.5271399999999999,-0.47033800000000003,ZWE,MWI,842951
2684127,2,155,8935,2007,0.0,100738.0,-1.6925709999999998,-1.1987290000000002,AGO,NAM,842951
2684128,18,155,8935,2007,235460.0,0.0,1.2880479999999999,1.145724,BEL,NAM,842951
2684129,37,155,8935,2007,0.0,4254.0,-0.8557239999999999,-1.1712989999999999,BWA,NAM,842951
2684130,43,155,8935,2007,1119148.0,35747.0,0.801547,2.321052,CHN,NAM,842951
2684131,81,155,8935,2007,164715.0,0.0,1.718661,0.35525300000000004,GBR,NAM,842951
2684132,111,155,8935,2007,468969.0,0.0,1.3003559999999998,0.705448,ITA,NAM,842951
2684133,231,155,8935,2007,25460.0,0.0,1.612165,0.0922,USA,NAM,842951
2684134,246,155,8935,2007,6234286.0,21588.0,0.349792,1.246052,ZAF,NAM,842951
2684135,247,155,8935,2007,0.0,334591.0,-0.522838,-0.796874,ZMB,NAM,842951
2684136,7,167,8935,2007,17349418.0,0.0,-0.107504,-0.44744300000000004,ARE,OMN,842951
2684137,18,167,8935,2007,2825662.0,0.0,1.2880479999999999,1.145724,BEL,OMN,842951
2684138,24,167,8935,2007,211957.0,36241.0,0.500846,-0.845449,BHR,OMN,842951
2684139,32,167,8935,2007,2331657.0,0.0,0.582859,1.137225,BRA,OMN,842951
2684140,41,167,8935,2007,135349.0,0.0,2.0198080000000003,0.42277200000000004,CHE,OMN,842951
2684141,43,167,8935,2007,268363.0,0.0,0.801547,2.321052,CHN,OMN,842951
2684142,61,167,8935,2007,1101480.0,0.0,2.114566,-2.934732,DEU,OMN,842951
2684143,77,167,8935,2007,130717.0,0.0,1.4565350000000001,0.262845,FRA,OMN,842951
2684144,81,167,8935,2007,1139470.0,0.0,1.718661,0.35525300000000004,GBR,OMN,842951
2684145,111,167,8935,2007,580890.0,0.0,1.3003559999999998,0.705448,ITA,OMN,842951
2684146,114,167,8935,2007,33453082.0,0.0,2.313259,0.186703,JPN,OMN,842951
2684147,121,167,8935,2007,788137.0,0.0,1.497359,0.726637,KOR,OMN,842951
2684148,122,167,8935,2007,60170.0,0.0,-0.8265030000000001,-1.166243,KWT,OMN,842951
2684149,124,167,8935,2007,8193.0,0.0,0.47468,1.775191,LBN,OMN,842951
2684150,162,167,8935,2007,70130.0,0.0,1.089169,1.589641,NLD,OMN,842951
2684151,177,167,8935,2007,22623.0,0.0,1.0412139999999999,1.309641,POL,OMN,842951
2684152,183,167,8935,2007,443755.0,0.0,0.20181500000000002,-0.9898110000000001,QAT,OMN,842951
2684153,188,167,8935,2007,66389.0,0.0,0.367463,-0.8603709999999999,SAU,OMN,842951
2684154,208,167,8935,2007,7975328.0,0.0,1.927244,0.498241,SWE,OMN,842951
2684155,216,167,8935,2007,132325.0,0.0,0.711328,1.411114,THA,OMN,842951
2684156,231,167,8935,2007,4514996.0,0.0,1.612165,0.0922,USA,OMN,842951
2684157,243,167,8935,2007,205719.0,0.0,-1.2624600000000001,-1.2131290000000001,YEM,OMN,842951
2684158,43,178,8935,2007,3991630.0,0.0,0.801547,2.321052,CHN,PRK,842951
2684159,59,178,8935,2007,0.0,10549.0,1.620377,0.379404,CZE,PRK,842951
2684160,74,178,8935,2007,0.0,50740.0,1.865502,0.7737729999999999,FIN,PRK,842951
2684161,115,178,8935,2007,0.0,89509.0,-0.171218,-0.630279,KAZ,PRK,842951
2684162,124,178,8935,2007,0.0,28703.0,0.47468,1.775191,LBN,PRK,842951
2684163,144,178,8935,2007,0.0,130721.0,0.250006,-0.154908,MNE,PRK,842951
2684164,177,178,8935,2007,0.0,99058.0,1.0412139999999999,1.309641,POL,PRK,842951
2684165,186,178,8935,2007,0.0,38361.0,0.5576399999999999,-0.05382000000000001,RUS,PRK,842951
2684166,205,178,8935,2007,0.0,93974.0,-0.8506440000000001,-0.8898959999999999,SUR,PRK,842951
2684167,228,178,8935,2007,0.0,255559.0,0.7441760000000001,0.8681260000000001,UKR,PRK,842951
2684168,236,178,8935,2007,0.0,98689.0,-0.231215,-0.9839200000000001,VEN,PRK,842951
2684169,2,179,8935,2007,0.0,17561040.0,-1.6925709999999998,-1.1987290000000002,AGO,PRT,842951
2684170,7,179,8935,2007,0.0,22805.0,-0.107504,-0.44744300000000004,ARE,PRT,842951
2684171,15,179,8935,2007,198948.0,0.0,1.730088,-0.045543,AUT,PRT,842951
2684172,18,179,8935,2007,5391526.0,130189.0,1.2880479999999999,1.145724,BEL,PRT,842951
2684173,31,179,8935,2007,0.0,636539.0,-1.021595,-0.955375,BOL,PRT,842951
2684174,39,179,8935,2007,133144.0,0.0,0.77681,1.20517,CAN,PRT,842951
2684175,41,179,8935,2007,141006.0,0.0,2.0198080000000003,0.42277200000000004,CHE,PRT,842951
2684176,42,179,8935,2007,0.0,18322.0,-0.306846,-0.57431,CHL,PRT,842951
2684177,43,179,8935,2007,82026.0,0.0,0.801547,2.321052,CHN,PRT,842951
2684178,46,179,8935,2007,0.0,284542.0,-1.507664,-1.111844,COD,PRT,842951
2684179,47,179,8935,2007,0.0,147360.0,-1.88462,-1.22688,COG,PRT,842951
2684180,51,179,8935,2007,177688.0,1301351.0,0.289375,-0.295194,CPV,PRT,842951
2684181,61,179,8935,2007,7442514.0,758788.0,2.114566,-2.934732,DEU,PRT,842951
2684182,64,179,8935,2007,0.0,98294.0,1.204019,1.122666,DNK,PRT,842951
2684183,66,179,8935,2007,0.0,61640.0,-0.9822690000000001,-1.170282,DZA,PRT,842951
2684184,68,179,8935,2007,0.0,891594.0,-0.144054,0.663592,EGY,PRT,842951
2684185,71,179,8935,2007,9431970.0,1770830.0,0.914681,2.027797,ESP,PRT,842951
2684186,74,179,8935,2007,2450528.0,0.0,1.865502,0.7737729999999999,FIN,PRT,842951
2684187,77,179,8935,2007,3587321.0,370332.0,1.4565350000000001,0.262845,FRA,PRT,842951
2684188,81,179,8935,2007,1002409.0,355296.0,1.718661,0.35525300000000004,GBR,PRT,842951
2684189,83,179,8935,2007,0.0,30963.0,-0.906867,-0.565891,GHA,PRT,842951
2684190,85,179,8935,2007,0.0,5558.0,-1.694335,-1.230744,GIN,PRT,842951
2684191,88,179,8935,2007,0.0,144394.0,-1.416947,-1.011782,GNB,PRT,842951
2684192,90,179,8935,2007,31225.0,89237.0,0.348709,1.674567,GRC,PRT,842951
2684193,106,179,8935,2007,1153186.0,36336.0,1.353146,0.122832,IRL,PRT,842951
2684194,110,179,8935,2007,0.0,56632.0,1.092244,0.753984,ISR,PRT,842951
2684195,111,179,8935,2007,13246251.0,0.0,1.3003559999999998,0.705448,ITA,PRT,842951
2684196,113,179,8935,2007,0.0,75523.0,0.228433,0.5984550000000001,JOR,PRT,842951
2684197,114,179,8935,2007,1111088.0,0.0,2.313259,0.186703,JPN,PRT,842951
2684198,116,179,8935,2007,0.0,10092.0,-0.44365299999999996,0.858692,KEN,PRT,842951
2684199,121,179,8935,2007,727518.0,0.0,1.497359,0.726637,KOR,PRT,842951
2684200,126,179,8935,2007,0.0,92177.0,-0.8669959999999999,-1.167363,LBY,PRT,842951
2684201,134,179,8935,2007,0.0,469126.0,-0.5846560000000001,0.10927100000000001,MAR,PRT,842951
2684202,147,179,8935,2007,0.0,17700.0,-1.4703110000000001,-1.1915719999999999,MOZ,PRT,842951
2684203,148,179,8935,2007,0.0,32294.0,-2.027741,-1.311094,MRT,PRT,842951
2684204,159,179,8935,2007,0.0,323862.0,-1.746879,-1.20823,NGA,PRT,842951
2684205,162,179,8935,2007,1196904.0,1438611.0,1.089169,1.589641,NLD,PRT,842951
2684206,168,179,8935,2007,0.0,50689.0,-0.5594359999999999,0.47369300000000003,PAK,PRT,842951
2684207,173,179,8935,2007,0.0,40928.0,-0.49716099999999996,0.02556,PER,PRT,842951
2684208,174,179,8935,2007,31534.0,0.0,0.032117,-0.16600499999999999,PHL,PRT,842951
2684209,177,179,8935,2007,0.0,110340.0,1.0412139999999999,1.309641,POL,PRT,842951
2684210,180,179,8935,2007,0.0,13503.0,-0.500617,-0.814385,PRY,PRT,842951
2684211,185,179,8935,2007,0.0,98485.0,0.69445,1.223747,ROU,PRT,842951
2684212,188,179,8935,2007,0.0,38000.0,0.367463,-0.8603709999999999,SAU,PRT,842951
2684213,191,179,8935,2007,0.0,353632.0,-0.20343599999999998,0.27211199999999997,SEN,PRT,842951
2684214,203,179,8935,2007,7624.0,0.0,0.739933,-0.19098199999999999,STP,PRT,842951
2684215,208,179,8935,2007,8875368.0,55587.0,1.927244,0.498241,SWE,PRT,842951
2684216,212,179,8935,2007,0.0,27621.0,-0.46851899999999996,0.553396,SYR,PRT,842951
2684217,216,179,8935,2007,301122.0,0.0,0.711328,1.411114,THA,PRT,842951
2684218,224,179,8935,2007,45152.0,0.0,0.41396700000000003,2.0339869999999998,TUR,PRT,842951
2684219,231,179,8935,2007,1677989.0,0.0,1.612165,0.0922,USA,PRT,842951
2684220,236,179,8935,2007,0.0,101772.0,-0.231215,-0.9839200000000001,VEN,PRT,842951
2684221,18,181,8935,2007,27651.0,0.0,1.2880479999999999,1.145724,BEL,PSE,842951
2684222,111,181,8935,2007,22664.0,0.0,1.3003559999999998,0.705448,ITA,PSE,842951
2684223,113,181,8935,2007,104459.0,0.0,0.228433,0.5984550000000001,JOR,PSE,842951
2684224,14,191,8935,2007,35919.0,0.0,0.137686,0.451592,AUS,SEN,842951
2684225,18,191,8935,2007,870026.0,58940.0,1.2880479999999999,1.145724,BEL,SEN,842951
2684226,19,191,8935,2007,0.0,273875.0,-1.055882,-0.880178,BEN,SEN,842951
2684227,32,191,8935,2007,145202.0,0.0,0.582859,1.137225,BRA,SEN,842951
2684228,39,191,8935,2007,55639.0,0.0,0.77681,1.20517,CAN,SEN,842951
2684229,43,191,8935,2007,607839.0,0.0,0.801547,2.321052,CHN,SEN,842951
2684230,45,191,8935,2007,0.0,65851.0,-0.821623,-0.965601,CMR,SEN,842951
2684231,47,191,8935,2007,0.0,114802.0,-1.88462,-1.22688,COG,SEN,842951
2684232,61,191,8935,2007,26365.0,0.0,2.114566,-2.934732,DEU,SEN,842951
2684233,71,191,8935,2007,573978.0,0.0,0.914681,2.027797,ESP,SEN,842951
2684234,77,191,8935,2007,888818.0,0.0,1.4565350000000001,0.262845,FRA,SEN,842951
2684235,81,191,8935,2007,495074.0,0.0,1.718661,0.35525300000000004,GBR,SEN,842951
2684236,87,191,8935,2007,3923.0,0.0,-0.8336680000000001,-0.8261860000000001,GMB,SEN,842951
2684237,88,191,8935,2007,0.0,33470.0,-1.416947,-1.011782,GNB,SEN,842951
2684238,106,191,8935,2007,75819.0,0.0,1.353146,0.122832,IRL,SEN,842951
2684239,111,191,8935,2007,198323.0,0.0,1.3003559999999998,0.705448,ITA,SEN,842951
2684240,114,191,8935,2007,356432.0,0.0,2.313259,0.186703,JPN,SEN,842951
2684241,121,191,8935,2007,148086.0,0.0,1.497359,0.726637,KOR,SEN,842951
2684242,134,191,8935,2007,308730.0,0.0,-0.5846560000000001,0.10927100000000001,MAR,SEN,842951
2684243,141,191,8935,2007,0.0,132196.0,-0.672822,-0.687913,MLI,SEN,842951
2684244,148,191,8935,2007,27163.0,258157.0,-2.027741,-1.311094,MRT,SEN,842951
2684245,162,191,8935,2007,323230.0,0.0,1.089169,1.589641,NLD,SEN,842951
2684246,179,191,8935,2007,353632.0,0.0,0.621302,1.971656,PRT,SEN,842951
2684247,190,191,8935,2007,99087.0,0.0,-1.978359,-1.316172,SDN,SEN,842951
2684248,208,191,8935,2007,17606.0,0.0,1.927244,0.498241,SWE,SEN,842951
2684249,231,191,8935,2007,776818.0,0.0,1.612165,0.0922,USA,SEN,842951
2684250,246,191,8935,2007,0.0,45932.0,0.349792,1.246052,ZAF,SEN,842951
2684251,77,194,8935,2007,72727.0,0.0,1.4565350000000001,0.262845,FRA,SHN,842951
2684252,81,194,8935,2007,40755.0,0.0,1.718661,0.35525300000000004,GBR,SHN,842951
2684253,231,194,8935,2007,36500.0,0.0,1.612165,0.0922,USA,SHN,842951
2684254,179,203,8935,2007,0.0,7624.0,0.621302,1.971656,PRT,STP,842951
2684255,114,209,8935,2007,1447.0,0.0,2.313259,0.186703,JPN,SWZ,842951
2684256,246,209,8935,2007,716083.0,7169.0,0.349792,1.246052,ZAF,SWZ,842951
2684257,7,211,8935,2007,191054.0,0.0,-0.107504,-0.44744300000000004,ARE,SYC,842951
2684258,81,211,8935,2007,29056.0,0.0,1.718661,0.35525300000000004,GBR,SYC,842951
2684259,104,211,8935,2007,45870.0,0.0,0.279475,2.7514939999999997,IND,SYC,842951
2684260,116,211,8935,2007,50334.0,0.0,-0.44365299999999996,0.858692,KEN,SYC,842951
2684261,121,211,8935,2007,101597.0,0.0,1.497359,0.726637,KOR,SYC,842951
2684262,192,211,8935,2007,9567.0,0.0,1.608299,0.545791,SGP,SYC,842951
2684263,18,215,8935,2007,5792.0,0.0,1.2880479999999999,1.145724,BEL,TGO,842951
2684264,41,215,8935,2007,483624.0,0.0,2.0198080000000003,0.42277200000000004,CHE,TGO,842951
2684265,43,215,8935,2007,172334.0,0.0,0.801547,2.321052,CHN,TGO,842951
2684266,44,215,8935,2007,9339.0,4866.0,-0.9989110000000001,-0.867232,CIV,TGO,842951
2684267,61,215,8935,2007,652365.0,0.0,2.114566,-2.934732,DEU,TGO,842951
2684268,77,215,8935,2007,66868.0,0.0,1.4565350000000001,0.262845,FRA,TGO,842951
2684269,111,215,8935,2007,0.0,13603.0,1.3003559999999998,0.705448,ITA,TGO,842951
2684270,141,215,8935,2007,0.0,26248.0,-0.672822,-0.687913,MLI,TGO,842951
2684271,162,215,8935,2007,8085.0,0.0,1.089169,1.589641,NLD,TGO,842951
2684272,231,215,8935,2007,768130.0,0.0,1.612165,0.0922,USA,TGO,842951
2684273,18,219,8935,2007,251683.0,0.0,1.2880479999999999,1.145724,BEL,TKM,842951
2684274,28,219,8935,2007,1657400.0,0.0,1.0435889999999999,0.415603,BLR,TKM,842951
2684275,43,219,8935,2007,529485.0,0.0,0.801547,2.321052,CHN,TKM,842951
2684276,77,219,8935,2007,104287.0,0.0,1.4565350000000001,0.262845,FRA,TKM,842951
2684277,114,219,8935,2007,1056842.0,0.0,2.313259,0.186703,JPN,TKM,842951
2684278,224,219,8935,2007,23510.0,0.0,0.41396700000000003,2.0339869999999998,TUR,TKM,842951
2684279,7,227,8935,2007,57718.0,0.0,-0.107504,-0.44744300000000004,ARE,UGA,842951
2684280,15,227,8935,2007,219850.0,0.0,1.730088,-0.045543,AUT,UGA,842951
2684281,18,227,8935,2007,40788.0,0.0,1.2880479999999999,1.145724,BEL,UGA,842951
2684282,39,227,8935,2007,15426.0,0.0,0.77681,1.20517,CAN,UGA,842951
2684283,43,227,8935,2007,313430.0,0.0,0.801547,2.321052,CHN,UGA,842951
2684284,44,227,8935,2007,41351.0,0.0,-0.9989110000000001,-0.867232,CIV,UGA,842951
2684285,61,227,8935,2007,11647.0,0.0,2.114566,-2.934732,DEU,UGA,842951
2684286,64,227,8935,2007,1136.0,0.0,1.204019,1.122666,DNK,UGA,842951
2684287,81,227,8935,2007,12271.0,0.0,1.718661,0.35525300000000004,GBR,UGA,842951
2684288,83,227,8935,2007,14726.0,0.0,-0.906867,-0.565891,GHA,UGA,842951
2684289,114,227,8935,2007,45262.0,0.0,2.313259,0.186703,JPN,UGA,842951
2684290,116,227,8935,2007,0.0,126353.0,-0.44365299999999996,0.858692,KEN,UGA,842951
2684291,162,227,8935,2007,95238.0,0.0,1.089169,1.589641,NLD,UGA,842951
2684292,222,227,8935,2007,0.0,33371.0,-0.371347,-1.0536709999999998,TTO,UGA,842951
2684293,231,227,8935,2007,17346.0,0.0,1.612165,0.0922,USA,UGA,842951
2684294,33,234,8935,2007,3417.0,0.0,1.006332,0.680391,BRB,VCT,842951
2684295,39,234,8935,2007,6021.0,0.0,0.77681,1.20517,CAN,VCT,842951
2684296,222,234,8935,2007,24717.0,0.0,-0.371347,-1.0536709999999998,TTO,VCT,842951
2684297,231,234,8935,2007,173283.0,0.0,1.612165,0.0922,USA,VCT,842951
2684298,7,239,8935,2007,0.0,71101.0,-0.107504,-0.44744300000000004,ARE,VNM,842951
2684299,14,239,8935,2007,0.0,166878.0,0.137686,0.451592,AUS,VNM,842951
2684300,23,239,8935,2007,21796.0,0.0,0.43321899999999997,1.5696700000000001,BGR,VNM,842951
2684301,32,239,8935,2007,102898.0,0.0,0.582859,1.137225,BRA,VNM,842951
2684302,39,239,8935,2007,0.0,42244.0,0.77681,1.20517,CAN,VNM,842951
2684303,43,239,8935,2007,7124896.0,0.0,0.801547,2.321052,CHN,VNM,842951
2684304,61,239,8935,2007,14299.0,0.0,2.114566,-2.934732,DEU,VNM,842951
2684305,68,239,8935,2007,0.0,38081.0,-0.144054,0.663592,EGY,VNM,842951
2684306,77,239,8935,2007,0.0,3117.0,1.4565350000000001,0.262845,FRA,VNM,842951
2684307,109,239,8935,2007,169395.0,0.0,0.172786,-0.380266,ISL,VNM,842951
2684308,111,239,8935,2007,44223.0,0.0,1.3003559999999998,0.705448,ITA,VNM,842951
2684309,114,239,8935,2007,16465419.0,5992.0,2.313259,0.186703,JPN,VNM,842951
2684310,118,239,8935,2007,0.0,204157.0,-1.1822489999999999,-1.129066,KHM,VNM,842951
2684311,121,239,8935,2007,662242.0,18840.0,1.497359,0.726637,KOR,VNM,842951
2684312,123,239,8935,2007,26002.0,0.0,-1.045213,-1.01482,LAO,VNM,842951
2684313,153,239,8935,2007,11427.0,0.0,0.740788,0.302155,MYS,VNM,842951
2684314,168,239,8935,2007,0.0,89154.0,-0.5594359999999999,0.47369300000000003,PAK,VNM,842951
2684315,188,239,8935,2007,0.0,21043.0,0.367463,-0.8603709999999999,SAU,VNM,842951
2684316,192,239,8935,2007,748106.0,19502.0,1.608299,0.545791,SGP,VNM,842951
2684317,207,239,8935,2007,0.0,72961.0,1.605767,0.692926,SVN,VNM,842951
2684318,216,239,8935,2007,24035.0,0.0,0.711328,1.411114,THA,VNM,842951
2684319,228,239,8935,2007,53919.0,0.0,0.7441760000000001,0.8681260000000001,UKR,VNM,842951
2684320,231,239,8935,2007,1787042.0,256230.0,1.612165,0.0922,USA,VNM,842951
2684321,249,239,8935,2007,98441.0,3965.0,1.651607,0.974649,TWN,VNM,842951
2684322,7,247,8935,2007,28565.0,0.0,-0.107504,-0.44744300000000004,ARE,ZMB,842951
2684323,14,247,8935,2007,29035.0,0.0,0.137686,0.451592,AUS,ZMB,842951
2684324,15,247,8935,2007,231152.0,0.0,1.730088,-0.045543,AUT,ZMB,842951
2684325,18,247,8935,2007,2486971.0,0.0,1.2880479999999999,1.145724,BEL,ZMB,842951
2684326,39,247,8935,2007,1275887.0,0.0,0.77681,1.20517,CAN,ZMB,842951
2684327,41,247,8935,2007,87265.0,0.0,2.0198080000000003,0.42277200000000004,CHE,ZMB,842951
2684328,43,247,8935,2007,370565.0,0.0,0.801547,2.321052,CHN,ZMB,842951
2684329,46,247,8935,2007,7247.0,2514788.0,-1.507664,-1.111844,COD,ZMB,842951
2684330,61,247,8935,2007,832148.0,0.0,2.114566,-2.934732,DEU,ZMB,842951
2684331,74,247,8935,2007,3594340.0,0.0,1.865502,0.7737729999999999,FIN,ZMB,842951
2684332,77,247,8935,2007,23545.0,34722.0,1.4565350000000001,0.262845,FRA,ZMB,842951
2684333,81,247,8935,2007,19747936.0,0.0,1.718661,0.35525300000000004,GBR,ZMB,842951
2684334,97,247,8935,2007,876.0,0.0,0.639034,2.1086009999999997,HKG,ZMB,842951
2684335,104,247,8935,2007,47098.0,0.0,0.279475,2.7514939999999997,IND,ZMB,842951
2684336,111,247,8935,2007,31418.0,0.0,1.3003559999999998,0.705448,ITA,ZMB,842951
2684337,114,247,8935,2007,26893.0,0.0,2.313259,0.186703,JPN,ZMB,842951
2684338,152,247,8935,2007,15310.0,0.0,-1.348692,-1.134002,MWI,ZMB,842951
2684339,155,247,8935,2007,334591.0,0.0,-0.588953,-0.751722,NAM,ZMB,842951
2684340,162,247,8935,2007,552874.0,0.0,1.089169,1.589641,NLD,ZMB,842951
2684341,208,247,8935,2007,9217746.0,0.0,1.927244,0.498241,SWE,ZMB,842951
2684342,226,247,8935,2007,17732.0,0.0,-0.8493959999999999,0.47116099999999994,TZA,ZMB,842951
2684343,231,247,8935,2007,162755.0,0.0,1.612165,0.0922,USA,ZMB,842951
2684344,246,247,8935,2007,8583206.0,157382.0,0.349792,1.246052,ZAF,ZMB,842951
2684345,248,247,8935,2007,68185.0,1265977.0,-0.5271399999999999,-0.47033800000000003,ZWE,ZMB,842951
2684346,2,250,8935,2007,0.0,39214.0,-1.6925709999999998,-1.1987290000000002,AGO,ANS,842951
2684347,6,250,8935,2007,0.0,356416.0,0.305773,-0.504676,ANT,ANS,842951
2684348,7,250,8935,2007,1174342.0,0.0,-0.107504,-0.44744300000000004,ARE,ANS,842951
2684349,42,250,8935,2007,165719.0,0.0,-0.306846,-0.57431,CHL,ANS,842951
2684350,43,250,8935,2007,500152.0,0.0,0.801547,2.321052,CHN,ANS,842951
2684351,44,250,8935,2007,0.0,159075.0,-0.9989110000000001,-0.867232,CIV,ANS,842951
2684352,65,250,8935,2007,3376.0,0.0,-0.228756,0.004222,DOM,ANS,842951
2684353,66,250,8935,2007,0.0,122063.0,-0.9822690000000001,-1.170282,DZA,ANS,842951
2684354,68,250,8935,2007,0.0,3889203.0,-0.144054,0.663592,EGY,ANS,842951
2684355,72,250,8935,2007,0.0,8634102.0,0.746434,1.306397,EST,ANS,842951
2684356,77,250,8935,2007,0.0,267573.0,1.4565350000000001,0.262845,FRA,ANS,842951
2684357,111,250,8935,2007,1576.0,0.0,1.3003559999999998,0.705448,ITA,ANS,842951
2684358,113,250,8935,2007,248309.0,0.0,0.228433,0.5984550000000001,JOR,ANS,842951
2684359,121,250,8935,2007,0.0,15466.0,1.497359,0.726637,KOR,ANS,842951
2684360,126,250,8935,2007,0.0,1042816.0,-0.8669959999999999,-1.167363,LBY,ANS,842951
2684361,136,250,8935,2007,0.0,745645.0,-0.939838,-0.221205,MDG,ANS,842951
2684362,157,250,8935,2007,577727.0,0.0,-0.287155,-0.577325,NER,ANS,842951
2684363,168,250,8935,2007,0.0,16439.0,-0.5594359999999999,0.47369300000000003,PAK,ANS,842951
2684364,177,250,8935,2007,0.0,191331.0,1.0412139999999999,1.309641,POL,ANS,842951
2684365,180,250,8935,2007,0.0,33749.0,-0.500617,-0.814385,PRY,ANS,842951
2684366,186,250,8935,2007,22440.0,0.0,0.5576399999999999,-0.05382000000000001,RUS,ANS,842951
2684367,188,250,8935,2007,0.0,329992.0,0.367463,-0.8603709999999999,SAU,ANS,842951
2684368,192,250,8935,2007,170975.0,0.0,1.608299,0.545791,SGP,ANS,842951
2684369,206,250,8935,2007,0.0,6468879.0,1.358301,0.79655,SVK,ANS,842951
2684370,207,250,8935,2007,0.0,476982.0,1.605767,0.692926,SVN,ANS,842951
2684371,212,250,8935,2007,0.0,91076.0,-0.46851899999999996,0.553396,SYR,ANS,842951
2684372,224,250,8935,2007,549984.0,115748.0,0.41396700000000003,2.0339869999999998,TUR,ANS,842951
2684373,246,250,8935,2007,0.0,954263.0,0.349792,1.246052,ZAF,ANS,842951
2684374,222,63,8935,2007,1212.0,0.0,-0.371347,-1.0536709999999998,TTO,DMA,842951
2684375,231,63,8935,2007,121260.0,0.0,1.612165,0.0922,USA,DMA,842951
2684376,13,120,8935,2007,87543.0,0.0,0.5574899999999999,-0.125609,ATG,KNA,842951
2684377,81,120,8935,2007,68870.0,0.0,1.718661,0.35525300000000004,GBR,KNA,842951
2684378,149,120,8935,2007,16154.0,0.0,0.952257,-0.31153800000000004,MSR,KNA,842951
2684379,231,120,8935,2007,78791.0,0.0,1.612165,0.0922,USA,KNA,842951
2684380,33,127,8935,2007,297363.0,0.0,1.006332,0.680391,BRB,LCA,842951
2684381,43,127,8935,2007,34051.0,0.0,0.801547,2.321052,CHN,LCA,842951
2684382,81,127,8935,2007,285224.0,0.0,1.718661,0.35525300000000004,GBR,LCA,842951
2684383,110,127,8935,2007,6216.0,0.0,1.092244,0.753984,ISR,LCA,842951
2684384,205,127,8935,2007,0.0,94113.0,-0.8506440000000001,-0.8898959999999999,SUR,LCA,842951
2684385,231,127,8935,2007,265279.0,0.0,1.612165,0.0922,USA,LCA,842951
2684386,81,149,8935,2007,79893.0,0.0,1.718661,0.35525300000000004,GBR,MSR,842951
2684387,120,149,8935,2007,0.0,16154.0,1.21646,-0.190821,KNA,MSR,842951
2684388,231,149,8935,2007,40812.0,0.0,1.612165,0.0922,USA,MSR,842951
2684389,188,237,8935,2007,0.0,51873.0,0.367463,-0.8603709999999999,SAU,VGB,842951
2684390,236,237,8935,2007,0.0,312165.0,-0.231215,-0.9839200000000001,VEN,VGB,842951
2684391,7,17,8935,2007,56046.0,0.0,-0.107504,-0.44744300000000004,ARE,BDI,842951
2684392,18,17,8935,2007,25712.0,0.0,1.2880479999999999,1.145724,BEL,BDI,842951
2684393,43,17,8935,2007,27222.0,0.0,0.801547,2.321052,CHN,BDI,842951
2684394,111,17,8935,2007,133793.0,0.0,1.3003559999999998,0.705448,ITA,BDI,842951
2684395,136,17,8935,2007,224229.0,0.0,-0.939838,-0.221205,MDG,BDI,842951
2684396,187,17,8935,2007,59901.0,23062.0,-0.383017,-0.49216899999999997,RWA,BDI,842951
2684397,246,17,8935,2007,40025.0,0.0,0.349792,1.246052,ZAF,BDI,842951
2684398,7,107,8935,2007,5203818.0,0.0,-0.107504,-0.44744300000000004,ARE,IRN,842951
2684399,9,107,8935,2007,0.0,70042.0,0.7169,-0.019251,ARM,IRN,842951
2684400,15,107,8935,2007,395899.0,0.0,1.730088,-0.045543,AUT,IRN,842951
2684401,18,107,8935,2007,480045.0,0.0,1.2880479999999999,1.145724,BEL,IRN,842951
2684402,24,107,8935,2007,6649.0,0.0,0.500846,-0.845449,BHR,IRN,842951
2684403,39,107,8935,2007,425176.0,0.0,0.77681,1.20517,CAN,IRN,842951
2684404,41,107,8935,2007,0.0,182910.0,2.0198080000000003,0.42277200000000004,CHE,IRN,842951
2684405,43,107,8935,2007,56185572.0,0.0,0.801547,2.321052,CHN,IRN,842951
2684406,61,107,8935,2007,151848.0,0.0,2.114566,-2.934732,DEU,IRN,842951
2684407,77,107,8935,2007,48027.0,0.0,1.4565350000000001,0.262845,FRA,IRN,842951
2684408,81,107,8935,2007,263245.0,0.0,1.718661,0.35525300000000004,GBR,IRN,842951
2684409,97,107,8935,2007,5769.0,0.0,0.639034,2.1086009999999997,HKG,IRN,842951
2684410,111,107,8935,2007,837891.0,0.0,1.3003559999999998,0.705448,ITA,IRN,842951
2684411,114,107,8935,2007,34986072.0,0.0,2.313259,0.186703,JPN,IRN,842951
2684412,121,107,8935,2007,4796339.0,0.0,1.497359,0.726637,KOR,IRN,842951
2684413,122,107,8935,2007,7060.0,0.0,-0.8265030000000001,-1.166243,KWT,IRN,842951
2684414,177,107,8935,2007,594093.0,0.0,1.0412139999999999,1.309641,POL,IRN,842951
2684415,192,107,8935,2007,0.0,53698.0,1.608299,0.545791,SGP,IRN,842951
2684416,224,107,8935,2007,154266.0,0.0,0.41396700000000003,2.0339869999999998,TUR,IRN,842951
2684417,228,107,8935,2007,13194.0,0.0,0.7441760000000001,0.8681260000000001,UKR,IRN,842951
2684418,43,118,8935,2007,574266.0,0.0,0.801547,2.321052,CHN,KHM,842951
2684419,81,118,8935,2007,22568.0,0.0,1.718661,0.35525300000000004,GBR,KHM,842951
2684420,114,118,8935,2007,515141.0,0.0,2.313259,0.186703,JPN,KHM,842951
2684421,121,118,8935,2007,11428.0,0.0,1.497359,0.726637,KOR,KHM,842951
2684422,192,118,8935,2007,15628.0,0.0,1.608299,0.545791,SGP,KHM,842951
2684423,216,118,8935,2007,173727.0,0.0,0.711328,1.411114,THA,KHM,842951
2684424,239,118,8935,2007,204157.0,0.0,-0.335613,1.048849,VNM,KHM,842951
2684425,249,118,8935,2007,31340.0,0.0,1.651607,0.974649,TWN,KHM,842951
2684426,185,198,8935,2007,0.0,104022.0,0.69445,1.223747,ROU,SMR,842951
2684427,14,141,8935,2007,70865.0,0.0,0.137686,0.451592,AUS,MLI,842951
2684428,18,141,8935,2007,315471.0,31155.0,1.2880479999999999,1.145724,BEL,MLI,842951
2684429,19,141,8935,2007,0.0,2036.0,-1.055882,-0.880178,BEN,MLI,842951
2684430,39,141,8935,2007,46226.0,0.0,0.77681,1.20517,CAN,MLI,842951
2684431,43,141,8935,2007,4422.0,0.0,0.801547,2.321052,CHN,MLI,842951
2684432,44,141,8935,2007,0.0,1745.0,-0.9989110000000001,-0.867232,CIV,MLI,842951
2684433,61,141,8935,2007,22335.0,0.0,2.114566,-2.934732,DEU,MLI,842951
2684434,71,141,8935,2007,206304.0,0.0,0.914681,2.027797,ESP,MLI,842951
2684435,77,141,8935,2007,274848.0,196632.0,1.4565350000000001,0.262845,FRA,MLI,842951
2684436,81,141,8935,2007,344805.0,0.0,1.718661,0.35525300000000004,GBR,MLI,842951
2684437,177,141,8935,2007,59126.0,0.0,1.0412139999999999,1.309641,POL,MLI,842951
2684438,191,141,8935,2007,132196.0,0.0,-0.20343599999999998,0.27211199999999997,SEN,MLI,842951
2684439,215,141,8935,2007,26248.0,0.0,-0.78689,-0.806879,TGO,MLI,842951
2684440,231,141,8935,2007,571333.0,170317.0,1.612165,0.0922,USA,MLI,842951
2684441,6,0,8935,2007,0.0,61840.0,0.305773,-0.504676,ANT,ABW,842951
2684442,32,0,8935,2007,1749783.0,0.0,0.582859,1.137225,BRA,ABW,842951
2684443,39,0,8935,2007,10299.0,0.0,0.77681,1.20517,CAN,ABW,842951
2684444,16,3,8935,2007,0.0,124093.0,-0.897342,-1.174224,AZE,AIA,842951
2684445,231,3,8935,2007,73570.0,0.0,1.612165,0.0922,USA,AIA,842951
2684446,39,30,8935,2007,53543.0,0.0,0.77681,1.20517,CAN,BMU,842951
2684447,231,30,8935,2007,126189.0,0.0,1.612165,0.0922,USA,BMU,842951
2684448,32,101,8935,2007,77487.0,0.0,0.582859,1.137225,BRA,HTI,842951
2684449,39,101,8935,2007,124167.0,0.0,0.77681,1.20517,CAN,HTI,842951
2684450,43,101,8935,2007,21005.0,0.0,0.801547,2.321052,CHN,HTI,842951
2684451,65,101,8935,2007,184266.0,0.0,-0.228756,0.004222,DOM,HTI,842951
2684452,231,101,8935,2007,1258265.0,0.0,1.612165,0.0922,USA,HTI,842951
2684453,15,136,8935,2007,21002.0,0.0,1.730088,-0.045543,AUT,MDG,842951
2684454,17,136,8935,2007,0.0,224229.0,-0.33884899999999996,-0.661017,BDI,MDG,842951
2684455,18,136,8935,2007,1034516.0,0.0,1.2880479999999999,1.145724,BEL,MDG,842951
2684456,43,136,8935,2007,28132.0,0.0,0.801547,2.321052,CHN,MDG,842951
2684457,77,136,8935,2007,179967.0,0.0,1.4565350000000001,0.262845,FRA,MDG,842951
2684458,111,136,8935,2007,5591.0,0.0,1.3003559999999998,0.705448,ITA,MDG,842951
2684459,114,136,8935,2007,593499.0,0.0,2.313259,0.186703,JPN,MDG,842951
2684460,121,136,8935,2007,192346.0,0.0,1.497359,0.726637,KOR,MDG,842951
2684461,231,136,8935,2007,46449.0,0.0,1.612165,0.0922,USA,MDG,842951
2684462,246,136,8935,2007,5533258.0,0.0,0.349792,1.246052,ZAF,MDG,842951
2684463,250,136,8935,2007,745645.0,0.0,0.671936,-0.284418,ANS,MDG,842951
2684464,166,158,8935,2007,19922.0,0.0,0.495938,0.845825,NZL,NFK,842951
2684465,39,160,8935,2007,64647.0,0.0,0.77681,1.20517,CAN,NIC,842951
2684466,43,160,8935,2007,36752.0,0.0,0.801547,2.321052,CHN,NIC,842951
2684467,52,160,8935,2007,4770.0,2534.0,0.001895,-0.30248600000000003,CRI,NIC,842951
2684468,61,160,8935,2007,235445.0,0.0,2.114566,-2.934732,DEU,NIC,842951
2684469,77,160,8935,2007,7997.0,0.0,1.4565350000000001,0.262845,FRA,NIC,842951
2684470,93,160,8935,2007,36923.0,0.0,-0.261899,0.643437,GTM,NIC,842951
2684471,99,160,8935,2007,40306.0,34096.0,-0.6366,-0.327447,HND,NIC,842951
2684472,114,160,8935,2007,67300.0,0.0,2.313259,0.186703,JPN,NIC,842951
2684473,121,160,8935,2007,32262.0,0.0,1.497359,0.726637,KOR,NIC,842951
2684474,138,160,8935,2007,0.0,100404.0,1.044746,0.605246,MEX,NIC,842951
2684475,169,160,8935,2007,0.0,14851.0,0.36233899999999997,0.807669,PAN,NIC,842951
2684476,197,160,8935,2007,111062.0,1460.0,-0.110573,0.184426,SLV,NIC,842951
2684477,228,160,8935,2007,25751.0,0.0,0.7441760000000001,0.8681260000000001,UKR,NIC,842951
2684478,231,160,8935,2007,427545.0,0.0,1.612165,0.0922,USA,NIC,842951
2684479,18,182,8935,2007,51917.0,0.0,1.2880479999999999,1.145724,BEL,PYF,842951
2684480,43,182,8935,2007,16405.0,0.0,0.801547,2.321052,CHN,PYF,842951
2684481,77,182,8935,2007,177772.0,0.0,1.4565350000000001,0.262845,FRA,PYF,842951
2684482,81,182,8935,2007,625578.0,0.0,1.718661,0.35525300000000004,GBR,PYF,842951
2684483,111,182,8935,2007,657381.0,0.0,1.3003559999999998,0.705448,ITA,PYF,842951
2684484,114,182,8935,2007,9644.0,0.0,2.313259,0.186703,JPN,PYF,842951
2684485,121,182,8935,2007,6830.0,0.0,1.497359,0.726637,KOR,PYF,842951
2684486,216,182,8935,2007,64113.0,0.0,0.711328,1.411114,THA,PYF,842951
2684487,231,182,8935,2007,124200.0,0.0,1.612165,0.0922,USA,PYF,842951
2684488,231,233,8935,2007,14948731.0,0.0,1.612165,0.0922,USA,VAT,842951
2684489,18,19,8935,2007,594687.0,10539.0,1.2880479999999999,1.145724,BEL,BEN,842951
2684490,21,19,8935,2007,1766.0,0.0,-0.960893,-0.94458,BFA,BEN,842951
2684491,28,19,8935,2007,206467.0,0.0,1.0435889999999999,0.415603,BLR,BEN,842951
2684492,39,19,8935,2007,28934.0,0.0,0.77681,1.20517,CAN,BEN,842951
2684493,43,19,8935,2007,98004.0,0.0,0.801547,2.321052,CHN,BEN,842951
2684494,61,19,8935,2007,99979.0,0.0,2.114566,-2.934732,DEU,BEN,842951
2684495,77,19,8935,2007,625035.0,0.0,1.4565350000000001,0.262845,FRA,BEN,842951
2684496,81,19,8935,2007,356232.0,0.0,1.718661,0.35525300000000004,GBR,BEN,842951
2684497,83,19,8935,2007,4574.0,5330.0,-0.906867,-0.565891,GHA,BEN,842951
2684498,111,19,8935,2007,20577.0,0.0,1.3003559999999998,0.705448,ITA,BEN,842951
2684499,114,19,8935,2007,2061.0,0.0,2.313259,0.186703,JPN,BEN,842951
2684500,124,19,8935,2007,13289.0,0.0,0.47468,1.775191,LBN,BEN,842951
2684501,141,19,8935,2007,2036.0,0.0,-0.672822,-0.687913,MLI,BEN,842951
2684502,162,19,8935,2007,18818.0,40280.0,1.089169,1.589641,NLD,BEN,842951
2684503,191,19,8935,2007,273875.0,0.0,-0.20343599999999998,0.27211199999999997,SEN,BEN,842951
2684504,231,19,8935,2007,3082012.0,0.0,1.612165,0.0922,USA,BEN,842951
2684505,7,21,8935,2007,7132.0,0.0,-0.107504,-0.44744300000000004,ARE,BFA,842951
2684506,18,21,8935,2007,142531.0,0.0,1.2880479999999999,1.145724,BEL,BFA,842951
2684507,19,21,8935,2007,0.0,1766.0,-1.055882,-0.880178,BEN,BFA,842951
2684508,39,21,8935,2007,7712.0,0.0,0.77681,1.20517,CAN,BFA,842951
2684509,43,21,8935,2007,60367.0,0.0,0.801547,2.321052,CHN,BFA,842951
2684510,61,21,8935,2007,24658.0,0.0,2.114566,-2.934732,DEU,BFA,842951
2684511,77,21,8935,2007,496493.0,0.0,1.4565350000000001,0.262845,FRA,BFA,842951
2684512,81,21,8935,2007,86910.0,0.0,1.718661,0.35525300000000004,GBR,BFA,842951
2684513,83,21,8935,2007,93938.0,0.0,-0.906867,-0.565891,GHA,BFA,842951
2684514,104,21,8935,2007,32022.0,0.0,0.279475,2.7514939999999997,IND,BFA,842951
2684515,111,21,8935,2007,44232.0,0.0,1.3003559999999998,0.705448,ITA,BFA,842951
2684516,114,21,8935,2007,330453.0,0.0,2.313259,0.186703,JPN,BFA,842951
2684517,162,21,8935,2007,7520.0,0.0,1.089169,1.589641,NLD,BFA,842951
2684518,231,21,8935,2007,21816.0,0.0,1.612165,0.0922,USA,BFA,842951
2684519,246,21,8935,2007,153792.0,0.0,0.349792,1.246052,ZAF,BFA,842951
2684520,231,38,8935,2007,423738.0,0.0,1.612165,0.0922,USA,CAF,842951
2684521,7,62,8935,2007,351026.0,0.0,-0.107504,-0.44744300000000004,ARE,DJI,842951
2684522,41,62,8935,2007,25402.0,0.0,2.0198080000000003,0.42277200000000004,CHE,DJI,842951
2684523,43,62,8935,2007,1524684.0,0.0,0.801547,2.321052,CHN,DJI,842951
2684524,73,62,8935,2007,54613.0,0.0,-1.115917,-0.821652,ETH,DJI,842951
2684525,81,62,8935,2007,50068.0,0.0,1.718661,0.35525300000000004,GBR,DJI,842951
2684526,104,62,8935,2007,81079.0,0.0,0.279475,2.7514939999999997,IND,DJI,842951
2684527,111,62,8935,2007,717899.0,0.0,1.3003559999999998,0.705448,ITA,DJI,842951
2684528,114,62,8935,2007,594074.0,0.0,2.313259,0.186703,JPN,DJI,842951
2684529,121,62,8935,2007,234819.0,0.0,1.497359,0.726637,KOR,DJI,842951
2684530,162,62,8935,2007,89234.0,0.0,1.089169,1.589641,NLD,DJI,842951
2684531,231,62,8935,2007,2465293.0,0.0,1.612165,0.0922,USA,DJI,842951
2684532,111,69,8935,2007,259792.0,0.0,1.3003559999999998,0.705448,ITA,ERI,842951
2684533,114,69,8935,2007,34894.0,0.0,2.313259,0.186703,JPN,ERI,842951
2684534,14,75,8935,2007,163414.0,0.0,0.137686,0.451592,AUS,FJI,842951
2684535,39,75,8935,2007,551.0,0.0,0.77681,1.20517,CAN,FJI,842951
2684536,114,75,8935,2007,12020.0,0.0,2.313259,0.186703,JPN,FJI,842951
2684537,166,75,8935,2007,54278.0,0.0,0.495938,0.845825,NZL,FJI,842951
2684538,192,75,8935,2007,3582.0,0.0,1.608299,0.545791,SGP,FJI,842951
2684539,41,87,8935,2007,5429.0,0.0,2.0198080000000003,0.42277200000000004,CHE,GMB,842951
2684540,43,87,8935,2007,32154.0,0.0,0.801547,2.321052,CHN,GMB,842951
2684541,61,87,8935,2007,4392.0,0.0,2.114566,-2.934732,DEU,GMB,842951
2684542,64,87,8935,2007,4836.0,0.0,1.204019,1.122666,DNK,GMB,842951
2684543,77,87,8935,2007,1073.0,0.0,1.4565350000000001,0.262845,FRA,GMB,842951
2684544,111,87,8935,2007,69160.0,0.0,1.3003559999999998,0.705448,ITA,GMB,842951
2684545,162,87,8935,2007,457196.0,0.0,1.089169,1.589641,NLD,GMB,842951
2684546,191,87,8935,2007,0.0,3923.0,-0.20343599999999998,0.27211199999999997,SEN,GMB,842951
2684547,246,87,8935,2007,43625.0,0.0,0.349792,1.246052,ZAF,GMB,842951
2684548,43,133,8935,2007,167002.0,0.0,0.801547,2.321052,CHN,MAC,842951
2684549,77,133,8935,2007,4999.0,0.0,1.4565350000000001,0.262845,FRA,MAC,842951
2684550,81,133,8935,2007,4047.0,0.0,1.718661,0.35525300000000004,GBR,MAC,842951
2684551,97,133,8935,2007,480387.0,25786.0,0.639034,2.1086009999999997,HKG,MAC,842951
2684552,114,133,8935,2007,314212.0,0.0,2.313259,0.186703,JPN,MAC,842951
2684553,121,133,8935,2007,48648.0,0.0,1.497359,0.726637,KOR,MAC,842951
2684554,231,133,8935,2007,37218.0,0.0,1.612165,0.0922,USA,MAC,842951
2684555,104,137,8935,2007,76699.0,0.0,0.279475,2.7514939999999997,IND,MDV,842951
2684556,114,137,8935,2007,2803.0,0.0,2.313259,0.186703,JPN,MDV,842951
2684557,128,137,8935,2007,37331.0,0.0,-0.568577,0.364717,LKA,MDV,842951
2684558,153,137,8935,2007,5429.0,0.0,0.740788,0.302155,MYS,MDV,842951
2684559,192,137,8935,2007,182517.0,0.0,1.608299,0.545791,SGP,MDV,842951
2684560,43,143,8935,2007,6812802.0,0.0,0.801547,2.321052,CHN,MMR,842951
2684561,104,143,8935,2007,72990.0,0.0,0.279475,2.7514939999999997,IND,MMR,842951
2684562,114,143,8935,2007,1079762.0,0.0,2.313259,0.186703,JPN,MMR,842951
2684563,216,143,8935,2007,0.0,2568.0,0.711328,1.411114,THA,MMR,842951
2684564,15,154,8935,2007,96266.0,0.0,1.730088,-0.045543,AUT,MYT,842951
2684565,18,154,8935,2007,162845.0,0.0,1.2880479999999999,1.145724,BEL,MYT,842951
2684566,61,154,8935,2007,107274.0,0.0,2.114566,-2.934732,DEU,MYT,842951
2684567,77,154,8935,2007,959454.0,0.0,1.4565350000000001,0.262845,FRA,MYT,842951
2684568,81,154,8935,2007,263158.0,0.0,1.718661,0.35525300000000004,GBR,MYT,842951
2684569,114,154,8935,2007,68926.0,0.0,2.313259,0.186703,JPN,MYT,842951
2684570,121,154,8935,2007,4181.0,0.0,1.497359,0.726637,KOR,MYT,842951
2684571,177,154,8935,2007,38435.0,0.0,1.0412139999999999,1.309641,POL,MYT,842951
2684572,231,154,8935,2007,26618.0,0.0,1.612165,0.0922,USA,MYT,842951
2684573,14,156,8935,2007,574592.0,0.0,0.137686,0.451592,AUS,NCL,842951
2684574,18,156,8935,2007,200534.0,0.0,1.2880479999999999,1.145724,BEL,NCL,842951
2684575,43,156,8935,2007,99073.0,0.0,0.801547,2.321052,CHN,NCL,842951
2684576,59,156,8935,2007,6280.0,0.0,1.620377,0.379404,CZE,NCL,842951
2684577,77,156,8935,2007,2907433.0,0.0,1.4565350000000001,0.262845,FRA,NCL,842951
2684578,81,156,8935,2007,104944.0,0.0,1.718661,0.35525300000000004,GBR,NCL,842951
2684579,114,156,8935,2007,1082252.0,0.0,2.313259,0.186703,JPN,NCL,842951
2684580,121,156,8935,2007,3077253.0,0.0,1.497359,0.726637,KOR,NCL,842951
2684581,166,156,8935,2007,253154.0,0.0,0.495938,0.845825,NZL,NCL,842951
2684582,208,156,8935,2007,704065.0,0.0,1.927244,0.498241,SWE,NCL,842951
2684583,231,156,8935,2007,155601.0,0.0,1.612165,0.0922,USA,NCL,842951
2684584,14,157,8935,2007,0.0,682638.0,0.137686,0.451592,AUS,NER,842951
2684585,18,157,8935,2007,1199421.0,0.0,1.2880479999999999,1.145724,BEL,NER,842951
2684586,43,157,8935,2007,19450.0,0.0,0.801547,2.321052,CHN,NER,842951
2684587,77,157,8935,2007,1997744.0,530651.0,1.4565350000000001,0.262845,FRA,NER,842951
2684588,162,157,8935,2007,25742.0,0.0,1.089169,1.589641,NLD,NER,842951
2684589,177,157,8935,2007,72612.0,0.0,1.0412139999999999,1.309641,POL,NER,842951
2684590,208,157,8935,2007,13802.0,20674.0,1.927244,0.498241,SWE,NER,842951
2684591,231,157,8935,2007,13074.0,0.0,1.612165,0.0922,USA,NER,842951
2684592,250,157,8935,2007,0.0,577727.0,0.671936,-0.284418,ANS,NER,842951
2684593,28,164,8935,2007,101138.0,0.0,1.0435889999999999,0.415603,BLR,NPL,842951
2684594,43,164,8935,2007,266641.0,0.0,0.801547,2.321052,CHN,NPL,842951
2684595,104,164,8935,2007,5114.0,0.0,0.279475,2.7514939999999997,IND,NPL,842951
2684596,114,164,8935,2007,447491.0,0.0,2.313259,0.186703,JPN,NPL,842951
2684597,43,176,8935,2007,501183.0,0.0,0.801547,2.321052,CHN,PNG,842951
2684598,81,176,8935,2007,245241.0,0.0,1.718661,0.35525300000000004,GBR,PNG,842951
2684599,111,176,8935,2007,173544.0,0.0,1.3003559999999998,0.705448,ITA,PNG,842951
2684600,114,176,8935,2007,904949.0,0.0,2.313259,0.186703,JPN,PNG,842951
2684601,121,176,8935,2007,384663.0,0.0,1.497359,0.726637,KOR,PNG,842951
2684602,153,176,8935,2007,129306.0,0.0,0.740788,0.302155,MYS,PNG,842951
2684603,192,176,8935,2007,294061.0,0.0,1.608299,0.545791,SGP,PNG,842951
2684604,216,176,8935,2007,27428.0,0.0,0.711328,1.411114,THA,PNG,842951
2684605,7,187,8935,2007,58420.0,0.0,-0.107504,-0.44744300000000004,ARE,RWA,842951
2684606,17,187,8935,2007,23062.0,59901.0,-0.33884899999999996,-0.661017,BDI,RWA,842951
2684607,43,187,8935,2007,193439.0,0.0,0.801547,2.321052,CHN,RWA,842951
2684608,61,187,8935,2007,107895.0,0.0,2.114566,-2.934732,DEU,RWA,842951
2684609,114,187,8935,2007,264382.0,0.0,2.313259,0.186703,JPN,RWA,842951
2684610,162,187,8935,2007,106145.0,0.0,1.089169,1.589641,NLD,RWA,842951
2684611,226,187,8935,2007,5793.0,0.0,-0.8493959999999999,0.47116099999999994,TZA,RWA,842951
2684612,43,195,8935,2007,424846.0,0.0,0.801547,2.321052,CHN,SLB,842951
2684613,97,195,8935,2007,5990.0,0.0,0.639034,2.1086009999999997,HKG,SLB,842951
2684614,114,195,8935,2007,218950.0,0.0,2.313259,0.186703,JPN,SLB,842951
2684615,153,195,8935,2007,80126.0,0.0,0.740788,0.302155,MYS,SLB,842951
2684616,43,196,8935,2007,19813.0,0.0,0.801547,2.321052,CHN,SLE,842951
2684617,61,196,8935,2007,229847.0,0.0,2.114566,-2.934732,DEU,SLE,842951
2684618,81,196,8935,2007,1248685.0,0.0,1.718661,0.35525300000000004,GBR,SLE,842951
2684619,162,196,8935,2007,219652.0,0.0,1.089169,1.589641,NLD,SLE,842951
2684620,231,196,8935,2007,2789428.0,0.0,1.612165,0.0922,USA,SLE,842951
2684621,246,196,8935,2007,190046.0,0.0,0.349792,1.246052,ZAF,SLE,842951
2684622,7,199,8935,2007,8481.0,0.0,-0.107504,-0.44744300000000004,ARE,SOM,842951
2684623,111,199,8935,2007,5348.0,0.0,1.3003559999999998,0.705448,ITA,SOM,842951
2684624,188,199,8935,2007,72573.0,0.0,0.367463,-0.8603709999999999,SAU,SOM,842951
2684625,43,214,8935,2007,652964.0,0.0,0.801547,2.321052,CHN,TCD,842951
2684626,45,214,8935,2007,20571.0,0.0,-0.821623,-0.965601,CMR,TCD,842951
2684627,77,214,8935,2007,241507.0,0.0,1.4565350000000001,0.262845,FRA,TCD,842951
2684628,28,217,8935,2007,571692.0,0.0,1.0435889999999999,0.415603,BLR,TJK,842951
2684629,43,217,8935,2007,2165032.0,0.0,0.801547,2.321052,CHN,TJK,842951
2684630,121,217,8935,2007,203459.0,0.0,1.497359,0.726637,KOR,TJK,842951
2684631,224,217,8935,2007,65061.0,0.0,0.41396700000000003,2.0339869999999998,TUR,TJK,842951
2684632,166,221,8935,2007,45043.0,0.0,0.495938,0.845825,NZL,TON,842951
2684633,15,232,8935,2007,294098.0,0.0,1.730088,-0.045543,AUT,UZB,842951
2684634,28,232,8935,2007,80221.0,0.0,1.0435889999999999,0.415603,BLR,UZB,842951
2684635,43,232,8935,2007,1013663.0,0.0,0.801547,2.321052,CHN,UZB,842951
2684636,61,232,8935,2007,176542.0,0.0,2.114566,-2.934732,DEU,UZB,842951
2684637,115,232,8935,2007,21113.0,0.0,-0.171218,-0.630279,KAZ,UZB,842951
2684638,121,232,8935,2007,3000.0,0.0,1.497359,0.726637,KOR,UZB,842951
2684639,177,232,8935,2007,1613749.0,0.0,1.0412139999999999,1.309641,POL,UZB,842951
2684640,186,232,8935,2007,323014.0,0.0,0.5576399999999999,-0.05382000000000001,RUS,UZB,842951
2684641,228,232,8935,2007,176293.0,0.0,0.7441760000000001,0.8681260000000001,UKR,UZB,842951
2684642,14,240,8935,2007,120561.0,0.0,0.137686,0.451592,AUS,VUT,842951
2684643,43,240,8935,2007,156070.0,0.0,0.801547,2.321052,CHN,VUT,842951
2684644,77,240,8935,2007,0.0,36286.0,1.4565350000000001,0.262845,FRA,VUT,842951
2684645,114,240,8935,2007,16644.0,0.0,2.313259,0.186703,JPN,VUT,842951
2684646,153,240,8935,2007,37738.0,0.0,0.740788,0.302155,MYS,VUT,842951
2684647,166,240,8935,2007,220285.0,0.0,0.495938,0.845825,NZL,VUT,842951
2684648,18,78,8935,2007,38264.0,0.0,1.2880479999999999,1.145724,BEL,FRO,842951
2684649,61,78,8935,2007,39608.0,0.0,2.114566,-2.934732,DEU,FRO,842951
2684650,64,78,8935,2007,2104694.0,18154.0,1.204019,1.122666,DNK,FRO,842951
2684651,81,78,8935,2007,34467.0,0.0,1.718661,0.35525300000000004,GBR,FRO,842951
2684652,109,78,8935,2007,51201.0,0.0,0.172786,-0.380266,ISL,FRO,842951
2684653,208,78,8935,2007,647243.0,0.0,1.927244,0.498241,SWE,FRO,842951
2684654,166,48,8935,2007,311478.0,0.0,0.495938,0.845825,NZL,COK,842951
2684655,166,242,8935,2007,159730.0,0.0,0.495938,0.845825,NZL,WSM,842951
2684656,231,242,8935,2007,10553.0,0.0,1.612165,0.0922,USA,WSM,842951
2684657,14,56,8935,2007,0.0,71859.0,0.137686,0.451592,AUS,CXR,842951
2684658,114,79,8935,2007,12525.0,0.0,2.313259,0.186703,JPN,FSM,842951
2684659,231,79,8935,2007,13799.0,0.0,1.612165,0.0922,USA,FSM,842951
2684660,43,88,8935,2007,129233.0,0.0,0.801547,2.321052,CHN,GNB,842951
2684661,179,88,8935,2007,144394.0,0.0,0.621302,1.971656,PRT,GNB,842951
2684662,191,88,8935,2007,33470.0,0.0,-0.20343599999999998,0.27211199999999997,SEN,GNB,842951
2684663,246,88,8935,2007,236576.0,0.0,0.349792,1.246052,ZAF,GNB,842951
2684664,121,95,8935,2007,400795.0,0.0,1.497359,0.726637,KOR,GUM,842951
2684665,61,105,8935,2007,65217.0,0.0,2.114566,-2.934732,DEU,IOT,842951
2684666,114,119,8935,2007,24807.0,0.0,2.313259,0.186703,JPN,KIR,842951
2684667,166,161,8935,2007,61006.0,0.0,0.495938,0.845825,NZL,NIU,842951
2684668,114,175,8935,2007,8441.0,0.0,2.313259,0.186703,JPN,PLW,842951
2684669,216,175,8935,2007,3167.0,0.0,0.711328,1.411114,THA,PLW,842951
2684670,231,175,8935,2007,14789.0,0.0,1.612165,0.0922,USA,PLW,842951
2684671,61,92,8935,2007,120731.0,0.0,2.114566,-2.934732,DEU,GRL,842951
2684672,64,92,8935,2007,2489681.0,40375.0,1.204019,1.122666,DNK,GRL,842951
2684673,162,92,8935,2007,152488.0,0.0,1.089169,1.589641,NLD,GRL,842951
2684674,163,92,8935,2007,637878.0,0.0,0.9829100000000001,0.100995,NOR,GRL,842951
2684675,231,213,8935,2007,1043774.0,0.0,1.612165,0.0922,USA,TCA,842951
2684676,236,218,8935,2007,0.0,632910.0,-0.231215,-0.9839200000000001,VEN,TKL,842951
2684677,39,200,8935,2007,94077.0,0.0,0.77681,1.20517,CAN,SPM,842951
2684678,77,200,8935,2007,4117.0,0.0,1.4565350000000001,0.262845,FRA,SPM,842951
2684679,231,200,8935,2007,9000.0,0.0,1.612165,0.0922,USA,SPM,842951
2684680,0,6,8937,2007,5220.0,0.0,-0.100145,-0.7896920000000001,ABW,ANT,842959
2684681,3,6,8937,2007,0.0,16034.0,1.204732,-0.009463,AIA,ANT,842959
2684682,43,6,8937,2007,38582.0,0.0,0.801547,2.321052,CHN,ANT,842959
2684683,61,6,8937,2007,1371132.0,0.0,2.114566,-2.934732,DEU,ANT,842959
2684684,77,6,8937,2007,22559.0,0.0,1.4565350000000001,0.262845,FRA,ANT,842959
2684685,81,6,8937,2007,8594.0,0.0,1.718661,0.35525300000000004,GBR,ANT,842959
2684686,159,6,8937,2007,0.0,91898.0,-1.746879,-1.20823,NGA,ANT,842959
2684687,162,6,8937,2007,51618.0,0.0,1.089169,1.589641,NLD,ANT,842959
2684688,169,6,8937,2007,242585.0,0.0,0.36233899999999997,0.807669,PAN,ANT,842959
2684689,231,6,8937,2007,3380589.0,0.0,1.612165,0.0922,USA,ANT,842959
2684690,236,6,8937,2007,0.0,1222680.0,-0.231215,-0.9839200000000001,VEN,ANT,842959
2684691,250,6,8937,2007,44605.0,0.0,0.671936,-0.284418,ANS,ANT,842959
2684692,1,7,8937,2007,0.0,14297.0,-0.745981,-0.682003,AFG,ARE,842959
2684693,9,7,8937,2007,0.0,71852.0,0.7169,-0.019251,ARM,ARE,842959
2684694,14,7,8937,2007,0.0,36972.0,0.137686,0.451592,AUS,ARE,842959
2684695,15,7,8937,2007,167814.0,0.0,1.730088,-0.045543,AUT,ARE,842959
2684696,16,7,8937,2007,0.0,39019.0,-0.897342,-1.174224,AZE,ARE,842959
2684697,17,7,8937,2007,0.0,3498.0,-0.33884899999999996,-0.661017,BDI,ARE,842959
2684698,18,7,8937,2007,3293276.0,206547.0,1.2880479999999999,1.145724,BEL,ARE,842959
2684699,24,7,8937,2007,25668.0,501117.0,0.500846,-0.845449,BHR,ARE,842959
2684700,32,7,8937,2007,137490.0,0.0,0.582859,1.137225,BRA,ARE,842959
2684701,39,7,8937,2007,1005183.0,0.0,0.77681,1.20517,CAN,ARE,842959
2684702,43,7,8937,2007,1211590.0,0.0,0.801547,2.321052,CHN,ARE,842959
2684703,47,7,8937,2007,0.0,8759.0,-1.88462,-1.22688,COG,ARE,842959
2684704,58,7,8937,2007,61064.0,0.0,0.887351,0.426331,CYP,ARE,842959
2684705,61,7,8937,2007,369529.0,0.0,2.114566,-2.934732,DEU,ARE,842959
2684706,62,7,8937,2007,0.0,1589917.0,-1.111848,-0.983348,DJI,ARE,842959
2684707,66,7,8937,2007,0.0,57552.0,-0.9822690000000001,-1.170282,DZA,ARE,842959
2684708,68,7,8937,2007,0.0,46989.0,-0.144054,0.663592,EGY,ARE,842959
2684709,71,7,8937,2007,116289.0,0.0,0.914681,2.027797,ESP,ARE,842959
2684710,73,7,8937,2007,18002.0,26938.0,-1.115917,-0.821652,ETH,ARE,842959
2684711,77,7,8937,2007,129784.0,88812.0,1.4565350000000001,0.262845,FRA,ARE,842959
2684712,80,7,8937,2007,0.0,14819.0,-1.328633,-1.165045,GAB,ARE,842959
2684713,81,7,8937,2007,32746304.0,2698.0,1.718661,0.35525300000000004,GBR,ARE,842959
2684714,83,7,8937,2007,0.0,18885.0,-0.906867,-0.565891,GHA,ARE,842959
2684715,90,7,8937,2007,88768.0,0.0,0.348709,1.674567,GRC,ARE,842959
2684716,97,7,8937,2007,69753.0,0.0,0.639034,2.1086009999999997,HKG,ARE,842959
2684717,103,7,8937,2007,239500.0,0.0,-0.192415,1.497962,IDN,ARE,842959
2684718,104,7,8937,2007,529700.0,71061.0,0.279475,2.7514939999999997,IND,ARE,842959
2684719,106,7,8937,2007,692341.0,365604.0,1.353146,0.122832,IRL,ARE,842959
2684720,107,7,8937,2007,0.0,38258032.0,-0.797659,-1.048892,IRN,ARE,842959
2684721,108,7,8937,2007,0.0,8955130.0,-1.961053,-0.8849969999999999,IRQ,ARE,842959
2684722,111,7,8937,2007,6538952.0,2158.0,1.3003559999999998,0.705448,ITA,ARE,842959
2684723,114,7,8937,2007,5620037.0,0.0,2.313259,0.186703,JPN,ARE,842959
2684724,115,7,8937,2007,85451.0,15865.0,-0.171218,-0.630279,KAZ,ARE,842959
2684725,116,7,8937,2007,0.0,112846.0,-0.44365299999999996,0.858692,KEN,ARE,842959
2684726,121,7,8937,2007,20670706.0,0.0,1.497359,0.726637,KOR,ARE,842959
2684727,122,7,8937,2007,233521.0,434875.0,-0.8265030000000001,-1.166243,KWT,ARE,842959
2684728,124,7,8937,2007,72379.0,0.0,0.47468,1.775191,LBN,ARE,842959
2684729,126,7,8937,2007,0.0,194827.0,-0.8669959999999999,-1.167363,LBY,ARE,842959
2684730,148,7,8937,2007,0.0,40448.0,-2.027741,-1.311094,MRT,ARE,842959
2684731,153,7,8937,2007,3420593.0,0.0,0.740788,0.302155,MYS,ARE,842959
2684732,159,7,8937,2007,0.0,1228139.0,-1.746879,-1.20823,NGA,ARE,842959
2684733,162,7,8937,2007,559490.0,29832.0,1.089169,1.589641,NLD,ARE,842959
2684734,163,7,8937,2007,25102.0,0.0,0.9829100000000001,0.100995,NOR,ARE,842959
2684735,166,7,8937,2007,448934.0,0.0,0.495938,0.845825,NZL,ARE,842959
2684736,167,7,8937,2007,0.0,4496218.0,-0.5185310000000001,-1.071832,OMN,ARE,842959
2684737,168,7,8937,2007,3472.0,1236995.0,-0.5594359999999999,0.47369300000000003,PAK,ARE,842959
2684738,174,7,8937,2007,92876.0,0.0,0.032117,-0.16600499999999999,PHL,ARE,842959
2684739,177,7,8937,2007,1158209.0,0.0,1.0412139999999999,1.309641,POL,ARE,842959
2684740,179,7,8937,2007,101671.0,0.0,0.621302,1.971656,PRT,ARE,842959
2684741,183,7,8937,2007,6606677.0,2942583.0,0.20181500000000002,-0.9898110000000001,QAT,ARE,842959
2684742,186,7,8937,2007,0.0,8563.0,0.5576399999999999,-0.05382000000000001,RUS,ARE,842959
2684743,187,7,8937,2007,0.0,3671.0,-0.383017,-0.49216899999999997,RWA,ARE,842959
2684744,188,7,8937,2007,74369.0,1280121.0,0.367463,-0.8603709999999999,SAU,ARE,842959
2684745,190,7,8937,2007,0.0,99716.0,-1.978359,-1.316172,SDN,ARE,842959
2684746,191,7,8937,2007,0.0,183382.0,-0.20343599999999998,0.27211199999999997,SEN,ARE,842959
2684747,192,7,8937,2007,4397277.0,414370.0,1.608299,0.545791,SGP,ARE,842959
2684748,199,7,8937,2007,0.0,54170.0,0.19860799999999998,-0.45140399999999997,SOM,ARE,842959
2684749,208,7,8937,2007,1790309.0,0.0,1.927244,0.498241,SWE,ARE,842959
2684750,211,7,8937,2007,0.0,98971.0,-0.644497,-0.8748520000000001,SYC,ARE,842959
2684751,212,7,8937,2007,0.0,128652.0,-0.46851899999999996,0.553396,SYR,ARE,842959
2684752,216,7,8937,2007,1951713.0,0.0,0.711328,1.411114,THA,ARE,842959
2684753,219,7,8937,2007,0.0,118465.0,-1.16715,-1.213064,TKM,ARE,842959
2684754,224,7,8937,2007,461566.0,0.0,0.41396700000000003,2.0339869999999998,TUR,ARE,842959
2684755,226,7,8937,2007,0.0,645710.0,-0.8493959999999999,0.47116099999999994,TZA,ARE,842959
2684756,227,7,8937,2007,0.0,47521.0,-0.900559,-0.42071400000000003,UGA,ARE,842959
2684757,231,7,8937,2007,3548975.0,240659.0,1.612165,0.0922,USA,ARE,842959
2684758,232,7,8937,2007,0.0,51006.0,-0.540449,-0.799454,UZB,ARE,842959
2684759,239,7,8937,2007,770079.0,0.0,-0.335613,1.048849,VNM,ARE,842959
2684760,243,7,8937,2007,0.0,1023752.0,-1.2624600000000001,-1.2131290000000001,YEM,ARE,842959
2684761,246,7,8937,2007,25350.0,125409.0,0.349792,1.246052,ZAF,ARE,842959
2684762,249,7,8937,2007,838372.0,0.0,1.651607,0.974649,TWN,ARE,842959
2684763,250,7,8937,2007,0.0,1692987.0,0.671936,-0.284418,ANS,ARE,842959
2684764,32,8,8937,2007,23329878.0,0.0,0.582859,1.137225,BRA,ARG,842959
2684765,42,8,8937,2007,260187.0,0.0,-0.306846,-0.57431,CHL,ARG,842959
2684766,43,8,8937,2007,388419.0,0.0,0.801547,2.321052,CHN,ARG,842959
2684767,77,8,8937,2007,382549.0,0.0,1.4565350000000001,0.262845,FRA,ARG,842959
2684768,81,8,8937,2007,1218887.0,0.0,1.718661,0.35525300000000004,GBR,ARG,842959
2684769,111,8,8937,2007,180623.0,0.0,1.3003559999999998,0.705448,ITA,ARG,842959
2684770,114,8,8937,2007,78151.0,0.0,2.313259,0.186703,JPN,ARG,842959
2684771,177,8,8937,2007,542585.0,0.0,1.0412139999999999,1.309641,POL,ARG,842959
2684772,231,8,8937,2007,19262372.0,149904.0,1.612165,0.0922,USA,ARG,842959
2684773,236,8,8937,2007,0.0,6143.0,-0.231215,-0.9839200000000001,VEN,ARG,842959
2684774,4,15,8937,2007,0.0,41620.0,-0.20616700000000002,-0.016993,ALB,AUT,842959
2684775,7,15,8937,2007,0.0,167814.0,-0.107504,-0.44744300000000004,ARE,AUT,842959
2684776,18,15,8937,2007,1444608.0,1255558.0,1.2880479999999999,1.145724,BEL,AUT,842959
2684777,23,15,8937,2007,467762.0,12497421.0,0.43321899999999997,1.5696700000000001,BGR,AUT,842959
2684778,26,15,8937,2007,77890.0,729926.0,0.46303199999999994,0.596178,BIH,AUT,842959
2684779,28,15,8937,2007,109966.0,0.0,1.0435889999999999,0.415603,BLR,AUT,842959
2684780,39,15,8937,2007,0.0,332050.0,0.77681,1.20517,CAN,AUT,842959
2684781,41,15,8937,2007,463600.0,4403179.0,2.0198080000000003,0.42277200000000004,CHE,AUT,842959
2684782,43,15,8937,2007,4234.0,0.0,0.801547,2.321052,CHN,AUT,842959
2684783,59,15,8937,2007,147101.0,32380518.0,1.620377,0.379404,CZE,AUT,842959
2684784,61,15,8937,2007,7525344.0,30562446.0,2.114566,-2.934732,DEU,AUT,842959
2684785,64,15,8937,2007,275400.0,4248273.0,1.204019,1.122666,DNK,AUT,842959
2684786,68,15,8937,2007,0.0,128658.0,-0.144054,0.663592,EGY,AUT,842959
2684787,71,15,8937,2007,30183.0,2368879.0,0.914681,2.027797,ESP,AUT,842959
2684788,72,15,8937,2007,0.0,252957.0,0.746434,1.306397,EST,AUT,842959
2684789,74,15,8937,2007,1833835.0,370468.0,1.865502,0.7737729999999999,FIN,AUT,842959
2684790,77,15,8937,2007,71862.0,11204090.0,1.4565350000000001,0.262845,FRA,AUT,842959
2684791,81,15,8937,2007,123099736.0,2674244.0,1.718661,0.35525300000000004,GBR,AUT,842959
2684792,82,15,8937,2007,0.0,63872.0,0.016077,-0.386962,GEO,AUT,842959
2684793,90,15,8937,2007,0.0,332556.0,0.348709,1.674567,GRC,AUT,842959
2684794,100,15,8937,2007,152768.0,2398946.0,0.7799699999999999,1.1047850000000001,HRV,AUT,842959
2684795,102,15,8937,2007,589211.0,13952749.0,1.4887709999999998,0.78372,HUN,AUT,842959
2684796,104,15,8937,2007,0.0,540734.0,0.279475,2.7514939999999997,IND,AUT,842959
2684797,106,15,8937,2007,123007.0,163032.0,1.353146,0.122832,IRL,AUT,842959
2684798,107,15,8937,2007,0.0,70492.0,-0.797659,-1.048892,IRN,AUT,842959
2684799,109,15,8937,2007,0.0,40428.0,0.172786,-0.380266,ISL,AUT,842959
2684800,111,15,8937,2007,1601678.0,7518248.0,1.3003559999999998,0.705448,ITA,AUT,842959
2684801,114,15,8937,2007,200672.0,0.0,2.313259,0.186703,JPN,AUT,842959
2684802,115,15,8937,2007,0.0,87365.0,-0.171218,-0.630279,KAZ,AUT,842959
2684803,131,15,8937,2007,0.0,122131.0,1.390259,0.996566,LUX,AUT,842959
2684804,132,15,8937,2007,0.0,51422.0,0.61459,0.985358,LVA,AUT,842959
2684805,135,15,8937,2007,0.0,78221.0,0.147801,0.13758299999999998,MDA,AUT,842959
2684806,140,15,8937,2007,0.0,123917.0,-0.125912,-0.009395,MKD,AUT,842959
2684807,144,15,8937,2007,0.0,25410.0,0.250006,-0.154908,MNE,AUT,842959
2684808,162,15,8937,2007,951236.0,3068965.0,1.089169,1.589641,NLD,AUT,842959
2684809,163,15,8937,2007,0.0,469500.0,0.9829100000000001,0.100995,NOR,AUT,842959
2684810,168,15,8937,2007,0.0,36242.0,-0.5594359999999999,0.47369300000000003,PAK,AUT,842959
2684811,173,15,8937,2007,0.0,50994.0,-0.49716099999999996,0.02556,PER,AUT,842959
2684812,177,15,8937,2007,3468888.0,1344786.0,1.0412139999999999,1.309641,POL,AUT,842959
2684813,179,15,8937,2007,0.0,48621.0,0.621302,1.971656,PRT,AUT,842959
2684814,183,15,8937,2007,0.0,330283.0,0.20181500000000002,-0.9898110000000001,QAT,AUT,842959
2684815,185,15,8937,2007,125646.0,29606016.0,0.69445,1.223747,ROU,AUT,842959
2684816,186,15,8937,2007,0.0,233975.0,0.5576399999999999,-0.05382000000000001,RUS,AUT,842959
2684817,188,15,8937,2007,0.0,56174.0,0.367463,-0.8603709999999999,SAU,AUT,842959
2684818,201,15,8937,2007,0.0,2754104.0,0.579288,1.464123,SRB,AUT,842959
2684819,206,15,8937,2007,0.0,17200046.0,1.358301,0.79655,SVK,AUT,842959
2684820,207,15,8937,2007,78607.0,9623976.0,1.605767,0.692926,SVN,AUT,842959
2684821,208,15,8937,2007,68628.0,1087787.0,1.927244,0.498241,SWE,AUT,842959
2684822,216,15,8937,2007,0.0,3211.0,0.711328,1.411114,THA,AUT,842959
2684823,227,15,8937,2007,0.0,248363.0,-0.900559,-0.42071400000000003,UGA,AUT,842959
2684824,228,15,8937,2007,0.0,81893.0,0.7441760000000001,0.8681260000000001,UKR,AUT,842959
2684825,231,15,8937,2007,27822.0,1599431.0,1.612165,0.0922,USA,AUT,842959
2684826,1,18,8937,2007,0.0,11039.0,-0.745981,-0.682003,AFG,BEL,842959
2684827,2,18,8937,2007,0.0,411086.0,-1.6925709999999998,-1.1987290000000002,AGO,BEL,842959
2684828,7,18,8937,2007,206547.0,3293276.0,-0.107504,-0.44744300000000004,ARE,BEL,842959
2684829,14,18,8937,2007,0.0,397534.0,0.137686,0.451592,AUS,BEL,842959
2684830,15,18,8937,2007,1255558.0,1444608.0,1.730088,-0.045543,AUT,BEL,842959
2684831,19,18,8937,2007,7378.0,59141.0,-1.055882,-0.880178,BEN,BEL,842959
2684832,21,18,8937,2007,0.0,90942.0,-0.960893,-0.94458,BFA,BEL,842959
2684833,23,18,8937,2007,0.0,848360.0,0.43321899999999997,1.5696700000000001,BGR,BEL,842959
2684834,24,18,8937,2007,0.0,339493.0,0.500846,-0.845449,BHR,BEL,842959
2684835,26,18,8937,2007,0.0,65220.0,0.46303199999999994,0.596178,BIH,BEL,842959
2684836,31,18,8937,2007,0.0,24988.0,-1.021595,-0.955375,BOL,BEL,842959
2684837,39,18,8937,2007,0.0,177332.0,0.77681,1.20517,CAN,BEL,842959
2684838,41,18,8937,2007,260666.0,131157.0,2.0198080000000003,0.42277200000000004,CHE,BEL,842959
2684839,42,18,8937,2007,0.0,6437.0,-0.306846,-0.57431,CHL,BEL,842959
2684840,43,18,8937,2007,81863.0,3134.0,0.801547,2.321052,CHN,BEL,842959
2684841,44,18,8937,2007,0.0,133651.0,-0.9989110000000001,-0.867232,CIV,BEL,842959
2684842,45,18,8937,2007,16577.0,451512.0,-0.821623,-0.965601,CMR,BEL,842959
2684843,46,18,8937,2007,0.0,217108.0,-1.507664,-1.111844,COD,BEL,842959
2684844,47,18,8937,2007,0.0,378839.0,-1.88462,-1.22688,COG,BEL,842959
2684845,49,18,8937,2007,0.0,100918.0,0.118341,0.557699,COL,BEL,842959
2684846,51,18,8937,2007,0.0,16102.0,0.289375,-0.295194,CPV,BEL,842959
2684847,52,18,8937,2007,0.0,27063.0,0.001895,-0.30248600000000003,CRI,BEL,842959
2684848,58,18,8937,2007,0.0,16814.0,0.887351,0.426331,CYP,BEL,842959
2684849,59,18,8937,2007,679118.0,1856379.0,1.620377,0.379404,CZE,BEL,842959
2684850,61,18,8937,2007,273131.0,2936152.0,2.114566,-2.934732,DEU,BEL,842959
2684851,64,18,8937,2007,52615.0,319924.0,1.204019,1.122666,DNK,BEL,842959
2684852,66,18,8937,2007,0.0,353227.0,-0.9822690000000001,-1.170282,DZA,BEL,842959
2684853,68,18,8937,2007,0.0,953066.0,-0.144054,0.663592,EGY,BEL,842959
2684854,71,18,8937,2007,47171.0,2292098.0,0.914681,2.027797,ESP,BEL,842959
2684855,72,18,8937,2007,57618.0,379057.0,0.746434,1.306397,EST,BEL,842959
2684856,73,18,8937,2007,0.0,414384.0,-1.115917,-0.821652,ETH,BEL,842959
2684857,74,18,8937,2007,2459594.0,476575.0,1.865502,0.7737729999999999,FIN,BEL,842959
2684858,77,18,8937,2007,1373378.0,7242046.0,1.4565350000000001,0.262845,FRA,BEL,842959
2684859,78,18,8937,2007,0.0,59870.0,-0.308363,-0.7707510000000001,FRO,BEL,842959
2684860,80,18,8937,2007,3924.0,941582.0,-1.328633,-1.165045,GAB,BEL,842959
2684861,81,18,8937,2007,18533410.0,3566050.0,1.718661,0.35525300000000004,GBR,BEL,842959
2684862,82,18,8937,2007,0.0,31090.0,0.016077,-0.386962,GEO,BEL,842959
2684863,83,18,8937,2007,0.0,743474.0,-0.906867,-0.565891,GHA,BEL,842959
2684864,85,18,8937,2007,0.0,83880.0,-1.694335,-1.230744,GIN,BEL,842959
2684865,87,18,8937,2007,0.0,28650.0,-0.8336680000000001,-0.8261860000000001,GMB,BEL,842959
2684866,89,18,8937,2007,0.0,746123.0,-1.406911,-0.8466950000000001,GNQ,BEL,842959
2684867,90,18,8937,2007,0.0,259447.0,0.348709,1.674567,GRC,BEL,842959
2684868,96,18,8937,2007,0.0,314566.0,-0.889957,-0.873185,GUY,BEL,842959
2684869,100,18,8937,2007,0.0,18508.0,0.7799699999999999,1.1047850000000001,HRV,BEL,842959
2684870,102,18,8937,2007,0.0,426336.0,1.4887709999999998,0.78372,HUN,BEL,842959
2684871,104,18,8937,2007,0.0,367309.0,0.279475,2.7514939999999997,IND,BEL,842959
2684872,106,18,8937,2007,36497.0,1623924.0,1.353146,0.122832,IRL,BEL,842959
2684873,108,18,8937,2007,0.0,16523.0,-1.961053,-0.8849969999999999,IRQ,BEL,842959
2684874,109,18,8937,2007,0.0,136867.0,0.172786,-0.380266,ISL,BEL,842959
2684875,110,18,8937,2007,231758.0,0.0,1.092244,0.753984,ISR,BEL,842959
2684876,111,18,8937,2007,2150146.0,6249838.0,1.3003559999999998,0.705448,ITA,BEL,842959
2684877,112,18,8937,2007,0.0,23978.0,-0.466305,-0.971972,JAM,BEL,842959
2684878,113,18,8937,2007,0.0,353712.0,0.228433,0.5984550000000001,JOR,BEL,842959
2684879,114,18,8937,2007,3688572.0,2011.0,2.313259,0.186703,JPN,BEL,842959
2684880,116,18,8937,2007,0.0,287270.0,-0.44365299999999996,0.858692,KEN,BEL,842959
2684881,121,18,8937,2007,1718659.0,0.0,1.497359,0.726637,KOR,BEL,842959
2684882,122,18,8937,2007,0.0,1917174.0,-0.8265030000000001,-1.166243,KWT,BEL,842959
2684883,124,18,8937,2007,0.0,114725.0,0.47468,1.775191,LBN,BEL,842959
2684884,126,18,8937,2007,0.0,536982.0,-0.8669959999999999,-1.167363,LBY,BEL,842959
2684885,130,18,8937,2007,0.0,1168224.0,0.604169,1.279982,LTU,BEL,842959
2684886,131,18,8937,2007,69553.0,453334.0,1.390259,0.996566,LUX,BEL,842959
2684887,132,18,8937,2007,0.0,1247536.0,0.61459,0.985358,LVA,BEL,842959
2684888,134,18,8937,2007,0.0,943408.0,-0.5846560000000001,0.10927100000000001,MAR,BEL,842959
2684889,135,18,8937,2007,0.0,32362.0,0.147801,0.13758299999999998,MDA,BEL,842959
2684890,136,18,8937,2007,0.0,1552596.0,-0.939838,-0.221205,MDG,BEL,842959
2684891,138,18,8937,2007,0.0,204493.0,1.044746,0.605246,MEX,BEL,842959
2684892,141,18,8937,2007,0.0,1159072.0,-0.672822,-0.687913,MLI,BEL,842959
2684893,145,18,8937,2007,0.0,484636.0,-1.0688790000000001,-1.1115709999999999,MNG,BEL,842959
2684894,148,18,8937,2007,0.0,137972.0,-2.027741,-1.311094,MRT,BEL,842959
2684895,151,18,8937,2007,0.0,461115.0,-0.342957,-0.129114,MUS,BEL,842959
2684896,154,18,8937,2007,0.0,134409.0,0.9008879999999999,-0.209565,MYT,BEL,842959
2684897,156,18,8937,2007,0.0,2268.0,-0.075892,-0.8211430000000001,NCL,BEL,842959
2684898,157,18,8937,2007,0.0,418063.0,-0.287155,-0.577325,NER,BEL,842959
2684899,159,18,8937,2007,5619.0,1995618.0,-1.746879,-1.20823,NGA,BEL,842959
2684900,162,18,8937,2007,3749084.0,3329467.0,1.089169,1.589641,NLD,BEL,842959
2684901,163,18,8937,2007,131332.0,239624.0,0.9829100000000001,0.100995,NOR,BEL,842959
2684902,167,18,8937,2007,0.0,130353.0,-0.5185310000000001,-1.071832,OMN,BEL,842959
2684903,168,18,8937,2007,0.0,38866.0,-0.5594359999999999,0.47369300000000003,PAK,BEL,842959
2684904,173,18,8937,2007,0.0,239066.0,-0.49716099999999996,0.02556,PER,BEL,842959
2684905,174,18,8937,2007,0.0,394534.0,0.032117,-0.16600499999999999,PHL,BEL,842959
2684906,177,18,8937,2007,151768.0,414444.0,1.0412139999999999,1.309641,POL,BEL,842959
2684907,179,18,8937,2007,89671.0,4349142.0,0.621302,1.971656,PRT,BEL,842959
2684908,181,18,8937,2007,0.0,78581.0,0.16788499999999998,0.689805,PSE,BEL,842959
2684909,183,18,8937,2007,0.0,2253059.0,0.20181500000000002,-0.9898110000000001,QAT,BEL,842959
2684910,185,18,8937,2007,0.0,651935.0,0.69445,1.223747,ROU,BEL,842959
2684911,186,18,8937,2007,0.0,372951.0,0.5576399999999999,-0.05382000000000001,RUS,BEL,842959
2684912,188,18,8937,2007,0.0,4036428.0,0.367463,-0.8603709999999999,SAU,BEL,842959
2684913,190,18,8937,2007,0.0,49138.0,-1.978359,-1.316172,SDN,BEL,842959
2684914,191,18,8937,2007,0.0,344113.0,-0.20343599999999998,0.27211199999999997,SEN,BEL,842959
2684915,192,18,8937,2007,1807370.0,394952.0,1.608299,0.545791,SGP,BEL,842959
2684916,196,18,8937,2007,0.0,112632.0,-0.021377,-0.31765,SLE,BEL,842959
2684917,201,18,8937,2007,0.0,4935.0,0.579288,1.464123,SRB,BEL,842959
2684918,206,18,8937,2007,0.0,141991.0,1.358301,0.79655,SVK,BEL,842959
2684919,207,18,8937,2007,0.0,265079.0,1.605767,0.692926,SVN,BEL,842959
2684920,208,18,8937,2007,0.0,1177294.0,1.927244,0.498241,SWE,BEL,842959
2684921,212,18,8937,2007,0.0,507579.0,-0.46851899999999996,0.553396,SYR,BEL,842959
2684922,215,18,8937,2007,0.0,77788.0,-0.78689,-0.806879,TGO,BEL,842959
2684923,220,18,8937,2007,0.0,150805.0,0.003334,-0.667956,TLS,BEL,842959
2684924,223,18,8937,2007,0.0,170652.0,0.062824,0.74003,TUN,BEL,842959
2684925,224,18,8937,2007,0.0,205361.0,0.41396700000000003,2.0339869999999998,TUR,BEL,842959
2684926,226,18,8937,2007,0.0,97079.0,-0.8493959999999999,0.47116099999999994,TZA,BEL,842959
2684927,227,18,8937,2007,0.0,495587.0,-0.900559,-0.42071400000000003,UGA,BEL,842959
2684928,228,18,8937,2007,0.0,54501.0,0.7441760000000001,0.8681260000000001,UKR,BEL,842959
2684929,230,18,8937,2007,0.0,40355.0,0.184883,0.207788,URY,BEL,842959
2684930,231,18,8937,2007,2135670.0,259784.0,1.612165,0.0922,USA,BEL,842959
2684931,246,18,8937,2007,504120.0,0.0,0.349792,1.246052,ZAF,BEL,842959
2684932,249,18,8937,2007,0.0,164413.0,1.651607,0.974649,TWN,BEL,842959
2684933,32,25,8937,2007,24670.0,0.0,0.582859,1.137225,BRA,BHS,842959
2684934,111,25,8937,2007,204614.0,0.0,1.3003559999999998,0.705448,ITA,BHS,842959
2684935,231,25,8937,2007,1527036.0,801115.0,1.612165,0.0922,USA,BHS,842959
2684936,2,32,8937,2007,0.0,2142407.0,-1.6925709999999998,-1.1987290000000002,AGO,BRA,842959
2684937,7,32,8937,2007,0.0,137490.0,-0.107504,-0.44744300000000004,ARE,BRA,842959
2684938,8,32,8937,2007,0.0,23329878.0,0.178214,0.5093850000000001,ARG,BRA,842959
2684939,25,32,8937,2007,0.0,24670.0,0.502698,-0.538612,BHS,BRA,842959
2684940,29,32,8937,2007,0.0,152051.0,-0.17825,-0.562535,BLZ,BRA,842959
2684941,31,32,8937,2007,0.0,2658113.0,-1.021595,-0.955375,BOL,BRA,842959
2684942,39,32,8937,2007,9295.0,117652.0,0.77681,1.20517,CAN,BRA,842959
2684943,42,32,8937,2007,15650.0,7322338.0,-0.306846,-0.57431,CHL,BRA,842959
2684944,49,32,8937,2007,0.0,3053506.0,0.118341,0.557699,COL,BRA,842959
2684945,52,32,8937,2007,0.0,1083894.0,0.001895,-0.30248600000000003,CRI,BRA,842959
2684946,65,32,8937,2007,0.0,165903.0,-0.228756,0.004222,DOM,BRA,842959
2684947,67,32,8937,2007,0.0,415958.0,-0.820491,-0.8557879999999999,ECU,BRA,842959
2684948,73,32,8937,2007,0.0,1873479.0,-1.115917,-0.821652,ETH,BRA,842959
2684949,81,32,8937,2007,3753162.0,0.0,1.718661,0.35525300000000004,GBR,BRA,842959
2684950,83,32,8937,2007,0.0,68837.0,-0.906867,-0.565891,GHA,BRA,842959
2684951,89,32,8937,2007,0.0,309985.0,-1.406911,-0.8466950000000001,GNQ,BRA,842959
2684952,93,32,8937,2007,0.0,288985.0,-0.261899,0.643437,GTM,BRA,842959
2684953,99,32,8937,2007,0.0,219032.0,-0.6366,-0.327447,HND,BRA,842959
2684954,103,32,8937,2007,0.0,295982.0,-0.192415,1.497962,IDN,BRA,842959
2684955,104,32,8937,2007,0.0,7073271.0,0.279475,2.7514939999999997,IND,BRA,842959
2684956,108,32,8937,2007,0.0,53787.0,-1.961053,-0.8849969999999999,IRQ,BRA,842959
2684957,111,32,8937,2007,158439.0,0.0,1.3003559999999998,0.705448,ITA,BRA,842959
2684958,122,32,8937,2007,0.0,323891.0,-0.8265030000000001,-1.166243,KWT,BRA,842959
2684959,138,32,8937,2007,0.0,2188010.0,1.044746,0.605246,MEX,BRA,842959
2684960,141,32,8937,2007,0.0,62744.0,-0.672822,-0.687913,MLI,BRA,842959
2684961,147,32,8937,2007,0.0,16979.0,-1.4703110000000001,-1.1915719999999999,MOZ,BRA,842959
2684962,159,32,8937,2007,0.0,644798.0,-1.746879,-1.20823,NGA,BRA,842959
2684963,160,32,8937,2007,0.0,162164.0,-0.924162,-0.857508,NIC,BRA,842959
2684964,162,32,8937,2007,609217.0,0.0,1.089169,1.589641,NLD,BRA,842959
2684965,169,32,8937,2007,0.0,496103.0,0.36233899999999997,0.807669,PAN,BRA,842959
2684966,173,32,8937,2007,0.0,4181166.0,-0.49716099999999996,0.02556,PER,BRA,842959
2684967,174,32,8937,2007,0.0,581508.0,0.032117,-0.16600499999999999,PHL,BRA,842959
2684968,180,32,8937,2007,0.0,1472417.0,-0.500617,-0.814385,PRY,BRA,842959
2684969,183,32,8937,2007,0.0,5332271.0,0.20181500000000002,-0.9898110000000001,QAT,BRA,842959
2684970,186,32,8937,2007,0.0,58064.0,0.5576399999999999,-0.05382000000000001,RUS,BRA,842959
2684971,188,32,8937,2007,0.0,2780529.0,0.367463,-0.8603709999999999,SAU,BRA,842959
2684972,191,32,8937,2007,0.0,131831.0,-0.20343599999999998,0.27211199999999997,SEN,BRA,842959
2684973,192,32,8937,2007,0.0,600186.0,1.608299,0.545791,SGP,BRA,842959
2684974,197,32,8937,2007,0.0,236516.0,-0.110573,0.184426,SLV,BRA,842959
2684975,230,32,8937,2007,0.0,3065675.0,0.184883,0.207788,URY,BRA,842959
2684976,231,32,8937,2007,1377416.0,8467182.0,1.612165,0.0922,USA,BRA,842959
2684977,236,32,8937,2007,0.0,1269322.0,-0.231215,-0.9839200000000001,VEN,BRA,842959
2684978,243,32,8937,2007,16464.0,0.0,-1.2624600000000001,-1.2131290000000001,YEM,BRA,842959
2684979,246,32,8937,2007,0.0,148921.0,0.349792,1.246052,ZAF,BRA,842959
2684980,81,33,8937,2007,429787.0,78818.0,1.718661,0.35525300000000004,GBR,BRB,842959
2684981,91,33,8937,2007,0.0,30036.0,0.043229000000000004,-0.664795,GRD,BRB,842959
2684982,114,33,8937,2007,230392.0,0.0,2.313259,0.186703,JPN,BRB,842959
2684983,231,33,8937,2007,2530920.0,0.0,1.612165,0.0922,USA,BRB,842959
2684984,2,39,8937,2007,0.0,1140530.0,-1.6925709999999998,-1.1987290000000002,AGO,CAN,842959
2684985,7,39,8937,2007,0.0,1005183.0,-0.107504,-0.44744300000000004,ARE,CAN,842959
2684986,14,39,8937,2007,26169.0,6684.0,0.137686,0.451592,AUS,CAN,842959
2684987,15,39,8937,2007,332050.0,0.0,1.730088,-0.045543,AUT,CAN,842959
2684988,18,39,8937,2007,177332.0,0.0,1.2880479999999999,1.145724,BEL,CAN,842959
2684989,23,39,8937,2007,0.0,4440.0,0.43321899999999997,1.5696700000000001,BGR,CAN,842959
2684990,29,39,8937,2007,0.0,1228.0,-0.17825,-0.562535,BLZ,CAN,842959
2684991,31,39,8937,2007,0.0,27837.0,-1.021595,-0.955375,BOL,CAN,842959
2684992,32,39,8937,2007,117652.0,9295.0,0.582859,1.137225,BRA,CAN,842959
2684993,42,39,8937,2007,0.0,45274.0,-0.306846,-0.57431,CHL,CAN,842959
2684994,43,39,8937,2007,299585.0,22971.0,0.801547,2.321052,CHN,CAN,842959
2684995,45,39,8937,2007,0.0,88818.0,-0.821623,-0.965601,CMR,CAN,842959
2684996,49,39,8937,2007,0.0,250302.0,0.118341,0.557699,COL,CAN,842959
2684997,52,39,8937,2007,0.0,5477.0,0.001895,-0.30248600000000003,CRI,CAN,842959
2684998,59,39,8937,2007,16172.0,0.0,1.620377,0.379404,CZE,CAN,842959
2684999,61,39,8937,2007,1395236.0,45260.0,2.114566,-2.934732,DEU,CAN,842959
2685000,64,39,8937,2007,1028754.0,0.0,1.204019,1.122666,DNK,CAN,842959
2685001,66,39,8937,2007,0.0,20543.0,-0.9822690000000001,-1.170282,DZA,CAN,842959
2685002,67,39,8937,2007,0.0,42855.0,-0.820491,-0.8557879999999999,ECU,CAN,842959
2685003,68,39,8937,2007,0.0,569356.0,-0.144054,0.663592,EGY,CAN,842959
2685004,73,39,8937,2007,0.0,31314.0,-1.115917,-0.821652,ETH,CAN,842959
2685005,74,39,8937,2007,0.0,170589.0,1.865502,0.7737729999999999,FIN,CAN,842959
2685006,75,39,8937,2007,0.0,5925.0,-0.506992,0.033250999999999996,FJI,CAN,842959
2685007,77,39,8937,2007,37470.0,121703.0,1.4565350000000001,0.262845,FRA,CAN,842959
2685008,81,39,8937,2007,244266.0,188070.0,1.718661,0.35525300000000004,GBR,CAN,842959
2685009,83,39,8937,2007,0.0,12234.0,-0.906867,-0.565891,GHA,CAN,842959
2685010,85,39,8937,2007,0.0,17719.0,-1.694335,-1.230744,GIN,CAN,842959
2685011,91,39,8937,2007,0.0,19822.0,0.043229000000000004,-0.664795,GRD,CAN,842959
2685012,93,39,8937,2007,0.0,48466.0,-0.261899,0.643437,GTM,CAN,842959
2685013,96,39,8937,2007,0.0,14873.0,-0.889957,-0.873185,GUY,CAN,842959
2685014,99,39,8937,2007,0.0,5807.0,-0.6366,-0.327447,HND,CAN,842959
2685015,103,39,8937,2007,0.0,224003.0,-0.192415,1.497962,IDN,CAN,842959
2685016,104,39,8937,2007,55403.0,19496.0,0.279475,2.7514939999999997,IND,CAN,842959
2685017,106,39,8937,2007,167321.0,7661.0,1.353146,0.122832,IRL,CAN,842959
2685018,107,39,8937,2007,0.0,35751.0,-0.797659,-1.048892,IRN,CAN,842959
2685019,111,39,8937,2007,3899218.0,4342754.0,1.3003559999999998,0.705448,ITA,CAN,842959
2685020,112,39,8937,2007,0.0,151647.0,-0.466305,-0.971972,JAM,CAN,842959
2685021,113,39,8937,2007,0.0,20434.0,0.228433,0.5984550000000001,JOR,CAN,842959
2685022,114,39,8937,2007,1588591.0,0.0,2.313259,0.186703,JPN,CAN,842959
2685023,121,39,8937,2007,2952160.0,0.0,1.497359,0.726637,KOR,CAN,842959
2685024,128,39,8937,2007,0.0,34950.0,-0.568577,0.364717,LKA,CAN,842959
2685025,134,39,8937,2007,0.0,125001.0,-0.5846560000000001,0.10927100000000001,MAR,CAN,842959
2685026,136,39,8937,2007,0.0,13703.0,-0.939838,-0.221205,MDG,CAN,842959
2685027,138,39,8937,2007,49892.0,25715.0,1.044746,0.605246,MEX,CAN,842959
2685028,147,39,8937,2007,0.0,150067.0,-1.4703110000000001,-1.1915719999999999,MOZ,CAN,842959
2685029,153,39,8937,2007,15015.0,15115.0,0.740788,0.302155,MYS,CAN,842959
2685030,159,39,8937,2007,0.0,39675.0,-1.746879,-1.20823,NGA,CAN,842959
2685031,162,39,8937,2007,0.0,27849.0,1.089169,1.589641,NLD,CAN,842959
2685032,163,39,8937,2007,1800134.0,0.0,0.9829100000000001,0.100995,NOR,CAN,842959
2685033,168,39,8937,2007,0.0,131189.0,-0.5594359999999999,0.47369300000000003,PAK,CAN,842959
2685034,173,39,8937,2007,0.0,84557.0,-0.49716099999999996,0.02556,PER,CAN,842959
2685035,174,39,8937,2007,0.0,102635.0,0.032117,-0.16600499999999999,PHL,CAN,842959
2685036,177,39,8937,2007,2587069.0,43556.0,1.0412139999999999,1.309641,POL,CAN,842959
2685037,179,39,8937,2007,0.0,102697.0,0.621302,1.971656,PRT,CAN,842959
2685038,183,39,8937,2007,0.0,24871.0,0.20181500000000002,-0.9898110000000001,QAT,CAN,842959
2685039,188,39,8937,2007,0.0,79480.0,0.367463,-0.8603709999999999,SAU,CAN,842959
2685040,191,39,8937,2007,0.0,22919.0,-0.20343599999999998,0.27211199999999997,SEN,CAN,842959
2685041,192,39,8937,2007,317214.0,0.0,1.608299,0.545791,SGP,CAN,842959
2685042,201,39,8937,2007,0.0,18095.0,0.579288,1.464123,SRB,CAN,842959
2685043,208,39,8937,2007,959996.0,0.0,1.927244,0.498241,SWE,CAN,842959
2685044,213,39,8937,2007,0.0,26031.0,0.847607,-0.055827999999999996,TCA,CAN,842959
2685045,215,39,8937,2007,0.0,18433.0,-0.78689,-0.806879,TGO,CAN,842959
2685046,216,39,8937,2007,1329243.0,0.0,0.711328,1.411114,THA,CAN,842959
2685047,222,39,8937,2007,0.0,51993.0,-0.371347,-1.0536709999999998,TTO,CAN,842959
2685048,227,39,8937,2007,0.0,13240.0,-0.900559,-0.42071400000000003,UGA,CAN,842959
2685049,231,39,8937,2007,170457584.0,2904665.0,1.612165,0.0922,USA,CAN,842959
2685050,236,39,8937,2007,0.0,77014.0,-0.231215,-0.9839200000000001,VEN,CAN,842959
2685051,239,39,8937,2007,145261.0,4865.0,-0.335613,1.048849,VNM,CAN,842959
2685052,246,39,8937,2007,0.0,248477.0,0.349792,1.246052,ZAF,CAN,842959
2685053,249,39,8937,2007,58810.0,0.0,1.651607,0.974649,TWN,CAN,842959
2685054,4,41,8937,2007,0.0,9441.0,-0.20616700000000002,-0.016993,ALB,CHE,842959
2685055,15,41,8937,2007,4403179.0,463600.0,1.730088,-0.045543,AUT,CHE,842959
2685056,18,41,8937,2007,131157.0,260666.0,1.2880479999999999,1.145724,BEL,CHE,842959
2685057,23,41,8937,2007,0.0,107985.0,0.43321899999999997,1.5696700000000001,BGR,CHE,842959
2685058,26,41,8937,2007,0.0,23728.0,0.46303199999999994,0.596178,BIH,CHE,842959
2685059,28,41,8937,2007,0.0,342656.0,1.0435889999999999,0.415603,BLR,CHE,842959
2685060,31,41,8937,2007,0.0,2832.0,-1.021595,-0.955375,BOL,CHE,842959
2685061,43,41,8937,2007,30340.0,0.0,0.801547,2.321052,CHN,CHE,842959
2685062,52,41,8937,2007,0.0,8861.0,0.001895,-0.30248600000000003,CRI,CHE,842959
2685063,59,41,8937,2007,0.0,6187.0,1.620377,0.379404,CZE,CHE,842959
2685064,61,41,8937,2007,2406609.0,1825044.0,2.114566,-2.934732,DEU,CHE,842959
2685065,64,41,8937,2007,0.0,93376.0,1.204019,1.122666,DNK,CHE,842959
2685066,65,41,8937,2007,0.0,40445.0,-0.228756,0.004222,DOM,CHE,842959
2685067,66,41,8937,2007,0.0,58448.0,-0.9822690000000001,-1.170282,DZA,CHE,842959
2685068,71,41,8937,2007,89865.0,7324.0,0.914681,2.027797,ESP,CHE,842959
2685069,72,41,8937,2007,0.0,206009.0,0.746434,1.306397,EST,CHE,842959
2685070,74,41,8937,2007,1088078.0,0.0,1.865502,0.7737729999999999,FIN,CHE,842959
2685071,77,41,8937,2007,2056575.0,259913.0,1.4565350000000001,0.262845,FRA,CHE,842959
2685072,81,41,8937,2007,206523.0,0.0,1.718661,0.35525300000000004,GBR,CHE,842959
2685073,83,41,8937,2007,0.0,35822.0,-0.906867,-0.565891,GHA,CHE,842959
2685074,90,41,8937,2007,0.0,56240.0,0.348709,1.674567,GRC,CHE,842959
2685075,96,41,8937,2007,0.0,103260.0,-0.889957,-0.873185,GUY,CHE,842959
2685076,102,41,8937,2007,0.0,7400.0,1.4887709999999998,0.78372,HUN,CHE,842959
2685077,110,41,8937,2007,0.0,931001.0,1.092244,0.753984,ISR,CHE,842959
2685078,111,41,8937,2007,1155646.0,368586.0,1.3003559999999998,0.705448,ITA,CHE,842959
2685079,114,41,8937,2007,584436.0,0.0,2.313259,0.186703,JPN,CHE,842959
2685080,116,41,8937,2007,0.0,274135.0,-0.44365299999999996,0.858692,KEN,CHE,842959
2685081,122,41,8937,2007,0.0,18591.0,-0.8265030000000001,-1.166243,KWT,CHE,842959
2685082,126,41,8937,2007,0.0,24439.0,-0.8669959999999999,-1.167363,LBY,CHE,842959
2685083,132,41,8937,2007,0.0,64051.0,0.61459,0.985358,LVA,CHE,842959
2685084,134,41,8937,2007,0.0,6656.0,-0.5846560000000001,0.10927100000000001,MAR,CHE,842959
2685085,135,41,8937,2007,0.0,10818.0,0.147801,0.13758299999999998,MDA,CHE,842959
2685086,136,41,8937,2007,0.0,1217.0,-0.939838,-0.221205,MDG,CHE,842959
2685087,138,41,8937,2007,0.0,115547.0,1.044746,0.605246,MEX,CHE,842959
2685088,140,41,8937,2007,0.0,4321.0,-0.125912,-0.009395,MKD,CHE,842959
2685089,144,41,8937,2007,0.0,4028.0,0.250006,-0.154908,MNE,CHE,842959
2685090,153,41,8937,2007,0.0,15242.0,0.740788,0.302155,MYS,CHE,842959
2685091,162,41,8937,2007,102468.0,208895.0,1.089169,1.589641,NLD,CHE,842959
2685092,163,41,8937,2007,0.0,913501.0,0.9829100000000001,0.100995,NOR,CHE,842959
2685093,177,41,8937,2007,0.0,1094.0,1.0412139999999999,1.309641,POL,CHE,842959
2685094,179,41,8937,2007,0.0,3824.0,0.621302,1.971656,PRT,CHE,842959
2685095,180,41,8937,2007,0.0,6983.0,-0.500617,-0.814385,PRY,CHE,842959
2685096,183,41,8937,2007,0.0,48092.0,0.20181500000000002,-0.9898110000000001,QAT,CHE,842959
2685097,185,41,8937,2007,0.0,35949.0,0.69445,1.223747,ROU,CHE,842959
2685098,190,41,8937,2007,0.0,227781.0,-1.978359,-1.316172,SDN,CHE,842959
2685099,191,41,8937,2007,0.0,9547.0,-0.20343599999999998,0.27211199999999997,SEN,CHE,842959
2685100,201,41,8937,2007,0.0,125324.0,0.579288,1.464123,SRB,CHE,842959
2685101,206,41,8937,2007,0.0,23168.0,1.358301,0.79655,SVK,CHE,842959
2685102,207,41,8937,2007,0.0,6514.0,1.605767,0.692926,SVN,CHE,842959
2685103,208,41,8937,2007,0.0,216261.0,1.927244,0.498241,SWE,CHE,842959
2685104,212,41,8937,2007,0.0,44895.0,-0.46851899999999996,0.553396,SYR,CHE,842959
2685105,227,41,8937,2007,0.0,159396.0,-0.900559,-0.42071400000000003,UGA,CHE,842959
2685106,228,41,8937,2007,0.0,10037.0,0.7441760000000001,0.8681260000000001,UKR,CHE,842959
2685107,231,41,8937,2007,21811.0,0.0,1.612165,0.0922,USA,CHE,842959
2685108,236,41,8937,2007,0.0,180800.0,-0.231215,-0.9839200000000001,VEN,CHE,842959
2685109,248,41,8937,2007,0.0,26525.0,-0.5271399999999999,-0.47033800000000003,ZWE,CHE,842959
2685110,8,42,8937,2007,0.0,260187.0,0.178214,0.5093850000000001,ARG,CHL,842959
2685111,14,42,8937,2007,296087.0,0.0,0.137686,0.451592,AUS,CHL,842959
2685112,18,42,8937,2007,6437.0,0.0,1.2880479999999999,1.145724,BEL,CHL,842959
2685113,31,42,8937,2007,0.0,804328.0,-1.021595,-0.955375,BOL,CHL,842959
2685114,32,42,8937,2007,7322338.0,15650.0,0.582859,1.137225,BRA,CHL,842959
2685115,39,42,8937,2007,45274.0,0.0,0.77681,1.20517,CAN,CHL,842959
2685116,43,42,8937,2007,609584.0,0.0,0.801547,2.321052,CHN,CHL,842959
2685117,49,42,8937,2007,0.0,53408.0,0.118341,0.557699,COL,CHL,842959
2685118,61,42,8937,2007,656474.0,0.0,2.114566,-2.934732,DEU,CHL,842959
2685119,71,42,8937,2007,9565.0,0.0,0.914681,2.027797,ESP,CHL,842959
2685120,77,42,8937,2007,19825.0,0.0,1.4565350000000001,0.262845,FRA,CHL,842959
2685121,81,42,8937,2007,1739106.0,0.0,1.718661,0.35525300000000004,GBR,CHL,842959
2685122,104,42,8937,2007,540593.0,0.0,0.279475,2.7514939999999997,IND,CHL,842959
2685123,111,42,8937,2007,5873972.0,0.0,1.3003559999999998,0.705448,ITA,CHL,842959
2685124,114,42,8937,2007,9378397.0,0.0,2.313259,0.186703,JPN,CHL,842959
2685125,138,42,8937,2007,15253.0,0.0,1.044746,0.605246,MEX,CHL,842959
2685126,162,42,8937,2007,91980.0,0.0,1.089169,1.589641,NLD,CHL,842959
2685127,163,42,8937,2007,84486.0,0.0,0.9829100000000001,0.100995,NOR,CHL,842959
2685128,169,42,8937,2007,161795.0,0.0,0.36233899999999997,0.807669,PAN,CHL,842959
2685129,173,42,8937,2007,0.0,1264862.0,-0.49716099999999996,0.02556,PER,CHL,842959
2685130,177,42,8937,2007,1230288.0,0.0,1.0412139999999999,1.309641,POL,CHL,842959
2685131,179,42,8937,2007,82914.0,0.0,0.621302,1.971656,PRT,CHL,842959
2685132,192,42,8937,2007,772581.0,0.0,1.608299,0.545791,SGP,CHL,842959
2685133,230,42,8937,2007,0.0,59637.0,0.184883,0.207788,URY,CHL,842959
2685134,231,42,8937,2007,33785960.0,0.0,1.612165,0.0922,USA,CHL,842959
2685135,246,42,8937,2007,2531.0,0.0,0.349792,1.246052,ZAF,CHL,842959
2685136,250,42,8937,2007,30490.0,1183.0,0.671936,-0.284418,ANS,CHL,842959
2685137,2,43,8937,2007,0.0,2596271.0,-1.6925709999999998,-1.1987290000000002,AGO,CHN,842959
2685138,4,43,8937,2007,0.0,1934.0,-0.20616700000000002,-0.016993,ALB,CHN,842959
2685139,6,43,8937,2007,0.0,38582.0,0.305773,-0.504676,ANT,CHN,842959
2685140,7,43,8937,2007,0.0,1211590.0,-0.107504,-0.44744300000000004,ARE,CHN,842959
2685141,8,43,8937,2007,0.0,388419.0,0.178214,0.5093850000000001,ARG,CHN,842959
2685142,9,43,8937,2007,0.0,4805.0,0.7169,-0.019251,ARM,CHN,842959
2685143,14,43,8937,2007,17110204.0,188857.0,0.137686,0.451592,AUS,CHN,842959
2685144,15,43,8937,2007,0.0,4234.0,1.730088,-0.045543,AUT,CHN,842959
2685145,17,43,8937,2007,0.0,22680.0,-0.33884899999999996,-0.661017,BDI,CHN,842959
2685146,18,43,8937,2007,3134.0,81863.0,1.2880479999999999,1.145724,BEL,CHN,842959
2685147,21,43,8937,2007,0.0,68859.0,-0.960893,-0.94458,BFA,CHN,842959
2685148,22,43,8937,2007,0.0,5243.0,-0.9436469999999999,-0.7200310000000001,BGD,CHN,842959
2685149,23,43,8937,2007,0.0,26797.0,0.43321899999999997,1.5696700000000001,BGR,CHN,842959
2685150,24,43,8937,2007,0.0,448936.0,0.500846,-0.845449,BHR,CHN,842959
2685151,28,43,8937,2007,0.0,16318.0,1.0435889999999999,0.415603,BLR,CHN,842959
2685152,31,43,8937,2007,0.0,314772.0,-1.021595,-0.955375,BOL,CHN,842959
2685153,34,43,8937,2007,0.0,12298.0,-1.118219,-0.924797,BRN,CHN,842959
2685154,39,43,8937,2007,22971.0,299585.0,0.77681,1.20517,CAN,CHN,842959
2685155,41,43,8937,2007,0.0,30340.0,2.0198080000000003,0.42277200000000004,CHE,CHN,842959
2685156,42,43,8937,2007,0.0,609584.0,-0.306846,-0.57431,CHL,CHN,842959
2685157,44,43,8937,2007,0.0,71449.0,-0.9989110000000001,-0.867232,CIV,CHN,842959
2685158,45,43,8937,2007,0.0,95395.0,-0.821623,-0.965601,CMR,CHN,842959
2685159,47,43,8937,2007,0.0,348132.0,-1.88462,-1.22688,COG,CHN,842959
2685160,49,43,8937,2007,0.0,3891.0,0.118341,0.557699,COL,CHN,842959
2685161,52,43,8937,2007,0.0,70801.0,0.001895,-0.30248600000000003,CRI,CHN,842959
2685162,54,43,8937,2007,0.0,110995.0,-0.308053,-0.8740610000000001,CUB,CHN,842959
2685163,58,43,8937,2007,0.0,147315.0,0.887351,0.426331,CYP,CHN,842959
2685164,59,43,8937,2007,0.0,20782.0,1.620377,0.379404,CZE,CHN,842959
2685165,61,43,8937,2007,1987592.0,1475211.0,2.114566,-2.934732,DEU,CHN,842959
2685166,62,43,8937,2007,0.0,211666.0,-1.111848,-0.983348,DJI,CHN,842959
2685167,64,43,8937,2007,32216.0,268719.0,1.204019,1.122666,DNK,CHN,842959
2685168,66,43,8937,2007,0.0,1471848.0,-0.9822690000000001,-1.170282,DZA,CHN,842959
2685169,67,43,8937,2007,0.0,157704.0,-0.820491,-0.8557879999999999,ECU,CHN,842959
2685170,68,43,8937,2007,0.0,34385.0,-0.144054,0.663592,EGY,CHN,842959
2685171,69,43,8937,2007,0.0,392256.0,-0.905408,-0.908877,ERI,CHN,842959
2685172,71,43,8937,2007,0.0,46309.0,0.914681,2.027797,ESP,CHN,842959
2685173,72,43,8937,2007,0.0,4797.0,0.746434,1.306397,EST,CHN,842959
2685174,73,43,8937,2007,0.0,175707.0,-1.115917,-0.821652,ETH,CHN,842959
2685175,74,43,8937,2007,0.0,121243.0,1.865502,0.7737729999999999,FIN,CHN,842959
2685176,77,43,8937,2007,0.0,223621.0,1.4565350000000001,0.262845,FRA,CHN,842959
2685177,78,43,8937,2007,0.0,233.0,-0.308363,-0.7707510000000001,FRO,CHN,842959
2685178,80,43,8937,2007,0.0,39659.0,-1.328633,-1.165045,GAB,CHN,842959
2685179,81,43,8937,2007,1611903.0,912801.0,1.718661,0.35525300000000004,GBR,CHN,842959
2685180,82,43,8937,2007,0.0,30314.0,0.016077,-0.386962,GEO,CHN,842959
2685181,83,43,8937,2007,0.0,430618.0,-0.906867,-0.565891,GHA,CHN,842959
2685182,85,43,8937,2007,303086.0,14899.0,-1.694335,-1.230744,GIN,CHN,842959
2685183,89,43,8937,2007,0.0,491205.0,-1.406911,-0.8466950000000001,GNQ,CHN,842959
2685184,91,43,8937,2007,0.0,44621.0,0.043229000000000004,-0.664795,GRD,CHN,842959
2685185,93,43,8937,2007,0.0,1717.0,-0.261899,0.643437,GTM,CHN,842959
2685186,96,43,8937,2007,77590.0,4242.0,-0.889957,-0.873185,GUY,CHN,842959
2685187,97,43,8937,2007,63803.0,40416.0,0.639034,2.1086009999999997,HKG,CHN,842959
2685188,99,43,8937,2007,0.0,23244.0,-0.6366,-0.327447,HND,CHN,842959
2685189,100,43,8937,2007,0.0,60713.0,0.7799699999999999,1.1047850000000001,HRV,CHN,842959
2685190,102,43,8937,2007,0.0,50734.0,1.4887709999999998,0.78372,HUN,CHN,842959
2685191,103,43,8937,2007,0.0,435486.0,-0.192415,1.497962,IDN,CHN,842959
2685192,104,43,8937,2007,46942.0,6239566.0,0.279475,2.7514939999999997,IND,CHN,842959
2685193,106,43,8937,2007,0.0,468619.0,1.353146,0.122832,IRL,CHN,842959
2685194,107,43,8937,2007,0.0,1449346.0,-0.797659,-1.048892,IRN,CHN,842959
2685195,108,43,8937,2007,0.0,343510.0,-1.961053,-0.8849969999999999,IRQ,CHN,842959
2685196,109,43,8937,2007,0.0,13563.0,0.172786,-0.380266,ISL,CHN,842959
2685197,111,43,8937,2007,936772.0,255000.0,1.3003559999999998,0.705448,ITA,CHN,842959
2685198,112,43,8937,2007,0.0,4841.0,-0.466305,-0.971972,JAM,CHN,842959
2685199,113,43,8937,2007,0.0,74649.0,0.228433,0.5984550000000001,JOR,CHN,842959
2685200,114,43,8937,2007,1019951.0,679816.0,2.313259,0.186703,JPN,CHN,842959
2685201,115,43,8937,2007,0.0,5058079.0,-0.171218,-0.630279,KAZ,CHN,842959
2685202,116,43,8937,2007,0.0,102497.0,-0.44365299999999996,0.858692,KEN,CHN,842959
2685203,117,43,8937,2007,0.0,204268.0,-0.190437,-0.23665999999999998,KGZ,CHN,842959
2685204,118,43,8937,2007,0.0,115462.0,-1.1822489999999999,-1.129066,KHM,CHN,842959
2685205,121,43,8937,2007,43589.0,20722.0,1.497359,0.726637,KOR,CHN,842959
2685206,122,43,8937,2007,0.0,19922.0,-0.8265030000000001,-1.166243,KWT,CHN,842959
2685207,124,43,8937,2007,0.0,3738.0,0.47468,1.775191,LBN,CHN,842959
2685208,125,43,8937,2007,0.0,123084.0,-0.866643,-1.124112,LBR,CHN,842959
2685209,126,43,8937,2007,0.0,32648.0,-0.8669959999999999,-1.167363,LBY,CHN,842959
2685210,127,43,8937,2007,0.0,53466.0,0.7445430000000001,-0.187834,LCA,CHN,842959
2685211,128,43,8937,2007,0.0,264916.0,-0.568577,0.364717,LKA,CHN,842959
2685212,130,43,8937,2007,0.0,87728.0,0.604169,1.279982,LTU,CHN,842959
2685213,132,43,8937,2007,0.0,50200.0,0.61459,0.985358,LVA,CHN,842959
2685214,133,43,8937,2007,68272.0,2256.0,0.168528,-0.150411,MAC,CHN,842959
2685215,134,43,8937,2007,0.0,171604.0,-0.5846560000000001,0.10927100000000001,MAR,CHN,842959
2685216,135,43,8937,2007,0.0,5675.0,0.147801,0.13758299999999998,MDA,CHN,842959
2685217,136,43,8937,2007,0.0,35620.0,-0.939838,-0.221205,MDG,CHN,842959
2685218,138,43,8937,2007,0.0,163904.0,1.044746,0.605246,MEX,CHN,842959
2685219,141,43,8937,2007,0.0,291927.0,-0.672822,-0.687913,MLI,CHN,842959
2685220,143,43,8937,2007,0.0,338159.0,-1.29366,-1.074733,MMR,CHN,842959
2685221,145,43,8937,2007,0.0,399917.0,-1.0688790000000001,-1.1115709999999999,MNG,CHN,842959
2685222,147,43,8937,2007,0.0,269698.0,-1.4703110000000001,-1.1915719999999999,MOZ,CHN,842959
2685223,151,43,8937,2007,0.0,465061.0,-0.342957,-0.129114,MUS,CHN,842959
2685224,153,43,8937,2007,0.0,41202.0,0.740788,0.302155,MYS,CHN,842959
2685225,155,43,8937,2007,0.0,26724.0,-0.588953,-0.751722,NAM,CHN,842959
2685226,156,43,8937,2007,0.0,3952.0,-0.075892,-0.8211430000000001,NCL,CHN,842959
2685227,159,43,8937,2007,0.0,249177.0,-1.746879,-1.20823,NGA,CHN,842959
2685228,160,43,8937,2007,0.0,54274.0,-0.924162,-0.857508,NIC,CHN,842959
2685229,162,43,8937,2007,0.0,346321.0,1.089169,1.589641,NLD,CHN,842959
2685230,163,43,8937,2007,0.0,139164.0,0.9829100000000001,0.100995,NOR,CHN,842959
2685231,166,43,8937,2007,123148.0,43988.0,0.495938,0.845825,NZL,CHN,842959
2685232,168,43,8937,2007,0.0,313662.0,-0.5594359999999999,0.47369300000000003,PAK,CHN,842959
2685233,169,43,8937,2007,0.0,422818.0,0.36233899999999997,0.807669,PAN,CHN,842959
2685234,173,43,8937,2007,0.0,494958.0,-0.49716099999999996,0.02556,PER,CHN,842959
2685235,174,43,8937,2007,0.0,493307.0,0.032117,-0.16600499999999999,PHL,CHN,842959
2685236,176,43,8937,2007,0.0,365796.0,-1.947486,-1.284269,PNG,CHN,842959
2685237,177,43,8937,2007,295557.0,30477.0,1.0412139999999999,1.309641,POL,CHN,842959
2685238,178,43,8937,2007,0.0,83288.0,0.799712,0.8789370000000001,PRK,CHN,842959
2685239,179,43,8937,2007,0.0,3860.0,0.621302,1.971656,PRT,CHN,842959
2685240,183,43,8937,2007,0.0,77796.0,0.20181500000000002,-0.9898110000000001,QAT,CHN,842959
2685241,185,43,8937,2007,0.0,195683.0,0.69445,1.223747,ROU,CHN,842959
2685242,186,43,8937,2007,0.0,2920565.0,0.5576399999999999,-0.05382000000000001,RUS,CHN,842959
2685243,187,43,8937,2007,0.0,214615.0,-0.383017,-0.49216899999999997,RWA,CHN,842959
2685244,188,43,8937,2007,0.0,633690.0,0.367463,-0.8603709999999999,SAU,CHN,842959
2685245,190,43,8937,2007,0.0,78872.0,-1.978359,-1.316172,SDN,CHN,842959
2685246,191,43,8937,2007,0.0,170170.0,-0.20343599999999998,0.27211199999999997,SEN,CHN,842959
2685247,192,43,8937,2007,332936.0,275806.0,1.608299,0.545791,SGP,CHN,842959
2685248,205,43,8937,2007,0.0,6746.0,-0.8506440000000001,-0.8898959999999999,SUR,CHN,842959
2685249,208,43,8937,2007,170981.0,236094.0,1.927244,0.498241,SWE,CHN,842959
2685250,212,43,8937,2007,0.0,88007.0,-0.46851899999999996,0.553396,SYR,CHN,842959
2685251,214,43,8937,2007,0.0,171077.0,-2.544742,-0.928218,TCD,CHN,842959
2685252,215,43,8937,2007,0.0,16522.0,-0.78689,-0.806879,TGO,CHN,842959
2685253,216,43,8937,2007,90535.0,661363.0,0.711328,1.411114,THA,CHN,842959
2685254,217,43,8937,2007,0.0,93884.0,-1.0092379999999999,-1.185964,TJK,CHN,842959
2685255,220,43,8937,2007,0.0,3907.0,0.003334,-0.667956,TLS,CHN,842959
2685256,222,43,8937,2007,0.0,1377.0,-0.371347,-1.0536709999999998,TTO,CHN,842959
2685257,224,43,8937,2007,0.0,182038.0,0.41396700000000003,2.0339869999999998,TUR,CHN,842959
2685258,226,43,8937,2007,0.0,179611.0,-0.8493959999999999,0.47116099999999994,TZA,CHN,842959
2685259,227,43,8937,2007,0.0,6025.0,-0.900559,-0.42071400000000003,UGA,CHN,842959
2685260,228,43,8937,2007,0.0,159389.0,0.7441760000000001,0.8681260000000001,UKR,CHN,842959
2685261,230,43,8937,2007,0.0,57418.0,0.184883,0.207788,URY,CHN,842959
2685262,231,43,8937,2007,5057300.0,1740157.0,1.612165,0.0922,USA,CHN,842959
2685263,232,43,8937,2007,0.0,404204.0,-0.540449,-0.799454,UZB,CHN,842959
2685264,234,43,8937,2007,0.0,10804.0,-0.112166,-0.692679,VCT,CHN,842959
2685265,236,43,8937,2007,0.0,110822.0,-0.231215,-0.9839200000000001,VEN,CHN,842959
2685266,239,43,8937,2007,0.0,414214.0,-0.335613,1.048849,VNM,CHN,842959
2685267,240,43,8937,2007,0.0,21131.0,-1.187885,-0.993107,VUT,CHN,842959
2685268,243,43,8937,2007,0.0,27712.0,-1.2624600000000001,-1.2131290000000001,YEM,CHN,842959
2685269,246,43,8937,2007,0.0,668962.0,0.349792,1.246052,ZAF,CHN,842959
2685270,247,43,8937,2007,0.0,8789.0,-0.522838,-0.796874,ZMB,CHN,842959
2685271,248,43,8937,2007,0.0,250141.0,-0.5271399999999999,-0.47033800000000003,ZWE,CHN,842959
2685272,249,43,8937,2007,111064.0,183596.0,1.651607,0.974649,TWN,CHN,842959
2685273,0,49,8937,2007,375662.0,0.0,-0.100145,-0.7896920000000001,ABW,COL,842959
2685274,18,49,8937,2007,100918.0,0.0,1.2880479999999999,1.145724,BEL,COL,842959
2685275,32,49,8937,2007,3053506.0,0.0,0.582859,1.137225,BRA,COL,842959
2685276,39,49,8937,2007,250302.0,0.0,0.77681,1.20517,CAN,COL,842959
2685277,42,49,8937,2007,53408.0,0.0,-0.306846,-0.57431,CHL,COL,842959
2685278,43,49,8937,2007,3891.0,0.0,0.801547,2.321052,CHN,COL,842959
2685279,61,49,8937,2007,15873.0,0.0,2.114566,-2.934732,DEU,COL,842959
2685280,67,49,8937,2007,10642.0,53081.0,-0.820491,-0.8557879999999999,ECU,COL,842959
2685281,71,49,8937,2007,21017.0,0.0,0.914681,2.027797,ESP,COL,842959
2685282,77,49,8937,2007,43816.0,0.0,1.4565350000000001,0.262845,FRA,COL,842959
2685283,81,49,8937,2007,726179.0,0.0,1.718661,0.35525300000000004,GBR,COL,842959
2685284,111,49,8937,2007,1151424.0,0.0,1.3003559999999998,0.705448,ITA,COL,842959
2685285,114,49,8937,2007,1584855.0,0.0,2.313259,0.186703,JPN,COL,842959
2685286,121,49,8937,2007,542217.0,0.0,1.497359,0.726637,KOR,COL,842959
2685287,138,49,8937,2007,15777.0,0.0,1.044746,0.605246,MEX,COL,842959
2685288,162,49,8937,2007,56638.0,0.0,1.089169,1.589641,NLD,COL,842959
2685289,177,49,8937,2007,840750.0,0.0,1.0412139999999999,1.309641,POL,COL,842959
2685290,180,49,8937,2007,0.0,2585.0,-0.500617,-0.814385,PRY,COL,842959
2685291,192,49,8937,2007,558484.0,0.0,1.608299,0.545791,SGP,COL,842959
2685292,231,49,8937,2007,30398332.0,0.0,1.612165,0.0922,USA,COL,842959
2685293,236,49,8937,2007,21001.0,44889.0,-0.231215,-0.9839200000000001,VEN,COL,842959
2685294,249,49,8937,2007,2159.0,0.0,1.651607,0.974649,TWN,COL,842959
2685295,18,52,8937,2007,27063.0,0.0,1.2880479999999999,1.145724,BEL,CRI,842959
2685296,23,52,8937,2007,1114.0,0.0,0.43321899999999997,1.5696700000000001,BGR,CRI,842959
2685297,32,52,8937,2007,1083894.0,0.0,0.582859,1.137225,BRA,CRI,842959
2685298,39,52,8937,2007,5477.0,0.0,0.77681,1.20517,CAN,CRI,842959
2685299,41,52,8937,2007,8861.0,0.0,2.0198080000000003,0.42277200000000004,CHE,CRI,842959
2685300,43,52,8937,2007,70801.0,0.0,0.801547,2.321052,CHN,CRI,842959
2685301,65,52,8937,2007,0.0,200264.0,-0.228756,0.004222,DOM,CRI,842959
2685302,71,52,8937,2007,150708.0,0.0,0.914681,2.027797,ESP,CRI,842959
2685303,81,52,8937,2007,1531682.0,0.0,1.718661,0.35525300000000004,GBR,CRI,842959
2685304,93,52,8937,2007,214708.0,12539.0,-0.261899,0.643437,GTM,CRI,842959
2685305,99,52,8937,2007,36574.0,0.0,-0.6366,-0.327447,HND,CRI,842959
2685306,111,52,8937,2007,2578378.0,0.0,1.3003559999999998,0.705448,ITA,CRI,842959
2685307,114,52,8937,2007,249386.0,0.0,2.313259,0.186703,JPN,CRI,842959
2685308,121,52,8937,2007,51926.0,0.0,1.497359,0.726637,KOR,CRI,842959
2685309,138,52,8937,2007,68806.0,0.0,1.044746,0.605246,MEX,CRI,842959
2685310,160,52,8937,2007,0.0,66787.0,-0.924162,-0.857508,NIC,CRI,842959
2685311,162,52,8937,2007,25220.0,0.0,1.089169,1.589641,NLD,CRI,842959
2685312,169,52,8937,2007,1840.0,72473.0,0.36233899999999997,0.807669,PAN,CRI,842959
2685313,177,52,8937,2007,701389.0,0.0,1.0412139999999999,1.309641,POL,CRI,842959
2685314,197,52,8937,2007,42545.0,0.0,-0.110573,0.184426,SLV,CRI,842959
2685315,231,52,8937,2007,16664897.0,0.0,1.612165,0.0922,USA,CRI,842959
2685316,43,54,8937,2007,110995.0,0.0,0.801547,2.321052,CHN,CUB,842959
2685317,71,54,8937,2007,553073.0,0.0,0.914681,2.027797,ESP,CUB,842959
2685318,111,54,8937,2007,895985.0,0.0,1.3003559999999998,0.705448,ITA,CUB,842959
2685319,224,54,8937,2007,539614.0,0.0,0.41396700000000003,2.0339869999999998,TUR,CUB,842959
2685320,15,59,8937,2007,32380518.0,147101.0,1.730088,-0.045543,AUT,CZE,842959
2685321,16,59,8937,2007,0.0,5675.0,-0.897342,-1.174224,AZE,CZE,842959
2685322,18,59,8937,2007,1856379.0,679118.0,1.2880479999999999,1.145724,BEL,CZE,842959
2685323,23,59,8937,2007,0.0,37766.0,0.43321899999999997,1.5696700000000001,BGR,CZE,842959
2685324,28,59,8937,2007,103268.0,0.0,1.0435889999999999,0.415603,BLR,CZE,842959
2685325,39,59,8937,2007,0.0,16172.0,0.77681,1.20517,CAN,CZE,842959
2685326,41,59,8937,2007,6187.0,0.0,2.0198080000000003,0.42277200000000004,CHE,CZE,842959
2685327,43,59,8937,2007,20782.0,0.0,0.801547,2.321052,CHN,CZE,842959
2685328,61,59,8937,2007,720708.0,168196.0,2.114566,-2.934732,DEU,CZE,842959
2685329,71,59,8937,2007,0.0,657901.0,0.914681,2.027797,ESP,CZE,842959
2685330,77,59,8937,2007,367693.0,89594.0,1.4565350000000001,0.262845,FRA,CZE,842959
2685331,81,59,8937,2007,23526514.0,0.0,1.718661,0.35525300000000004,GBR,CZE,842959
2685332,100,59,8937,2007,483368.0,122776.0,0.7799699999999999,1.1047850000000001,HRV,CZE,842959
2685333,102,59,8937,2007,673480.0,33958.0,1.4887709999999998,0.78372,HUN,CZE,842959
2685334,111,59,8937,2007,11641273.0,50857.0,1.3003559999999998,0.705448,ITA,CZE,842959
2685335,114,59,8937,2007,261307.0,0.0,2.313259,0.186703,JPN,CZE,842959
2685336,115,59,8937,2007,0.0,22719.0,-0.171218,-0.630279,KAZ,CZE,842959
2685337,121,59,8937,2007,1542205.0,0.0,1.497359,0.726637,KOR,CZE,842959
2685338,124,59,8937,2007,0.0,11717.0,0.47468,1.775191,LBN,CZE,842959
2685339,132,59,8937,2007,0.0,27097.0,0.61459,0.985358,LVA,CZE,842959
2685340,135,59,8937,2007,0.0,3135.0,0.147801,0.13758299999999998,MDA,CZE,842959
2685341,138,59,8937,2007,0.0,12726.0,1.044746,0.605246,MEX,CZE,842959
2685342,151,59,8937,2007,0.0,50348.0,-0.342957,-0.129114,MUS,CZE,842959
2685343,162,59,8937,2007,495434.0,14818.0,1.089169,1.589641,NLD,CZE,842959
2685344,163,59,8937,2007,0.0,77013.0,0.9829100000000001,0.100995,NOR,CZE,842959
2685345,177,59,8937,2007,5648480.0,166971.0,1.0412139999999999,1.309641,POL,CZE,842959
2685346,179,59,8937,2007,0.0,256535.0,0.621302,1.971656,PRT,CZE,842959
2685347,185,59,8937,2007,0.0,4549.0,0.69445,1.223747,ROU,CZE,842959
2685348,186,59,8937,2007,11330.0,9197.0,0.5576399999999999,-0.05382000000000001,RUS,CZE,842959
2685349,201,59,8937,2007,0.0,2012.0,0.579288,1.464123,SRB,CZE,842959
2685350,206,59,8937,2007,446415.0,1990693.0,1.358301,0.79655,SVK,CZE,842959
2685351,207,59,8937,2007,205840.0,0.0,1.605767,0.692926,SVN,CZE,842959
2685352,228,59,8937,2007,0.0,57846.0,0.7441760000000001,0.8681260000000001,UKR,CZE,842959
2685353,231,59,8937,2007,19410.0,2994623.0,1.612165,0.0922,USA,CZE,842959
2685354,246,59,8937,2007,0.0,10359.0,0.349792,1.246052,ZAF,CZE,842959
2685355,1,61,8937,2007,0.0,28686.0,-0.745981,-0.682003,AFG,DEU,842959
2685356,2,61,8937,2007,0.0,629086.0,-1.6925709999999998,-1.1987290000000002,AGO,DEU,842959
2685357,4,61,8937,2007,0.0,55304.0,-0.20616700000000002,-0.016993,ALB,DEU,842959
2685358,5,61,8937,2007,0.0,496347.0,1.178982,0.778379,AND,DEU,842959
2685359,6,61,8937,2007,0.0,1371132.0,0.305773,-0.504676,ANT,DEU,842959
2685360,7,61,8937,2007,0.0,369529.0,-0.107504,-0.44744300000000004,ARE,DEU,842959
2685361,13,61,8937,2007,0.0,12751.0,0.5574899999999999,-0.125609,ATG,DEU,842959
2685362,14,61,8937,2007,0.0,506309.0,0.137686,0.451592,AUS,DEU,842959
2685363,15,61,8937,2007,30562446.0,7525344.0,1.730088,-0.045543,AUT,DEU,842959
2685364,16,61,8937,2007,0.0,21548.0,-0.897342,-1.174224,AZE,DEU,842959
2685365,18,61,8937,2007,2936152.0,273131.0,1.2880479999999999,1.145724,BEL,DEU,842959
2685366,21,61,8937,2007,0.0,19733.0,-0.960893,-0.94458,BFA,DEU,842959
2685367,23,61,8937,2007,0.0,1588310.0,0.43321899999999997,1.5696700000000001,BGR,DEU,842959
2685368,26,61,8937,2007,0.0,339345.0,0.46303199999999994,0.596178,BIH,DEU,842959
2685369,28,61,8937,2007,0.0,14406.0,1.0435889999999999,0.415603,BLR,DEU,842959
2685370,31,61,8937,2007,0.0,61510.0,-1.021595,-0.955375,BOL,DEU,842959
2685371,39,61,8937,2007,45260.0,1395236.0,0.77681,1.20517,CAN,DEU,842959
2685372,41,61,8937,2007,1825044.0,2406609.0,2.0198080000000003,0.42277200000000004,CHE,DEU,842959
2685373,42,61,8937,2007,0.0,656474.0,-0.306846,-0.57431,CHL,DEU,842959
2685374,43,61,8937,2007,1475211.0,1987592.0,0.801547,2.321052,CHN,DEU,842959
2685375,44,61,8937,2007,0.0,291697.0,-0.9989110000000001,-0.867232,CIV,DEU,842959
2685376,45,61,8937,2007,0.0,204049.0,-0.821623,-0.965601,CMR,DEU,842959
2685377,47,61,8937,2007,0.0,3666.0,-1.88462,-1.22688,COG,DEU,842959
2685378,49,61,8937,2007,0.0,15873.0,0.118341,0.557699,COL,DEU,842959
2685379,51,61,8937,2007,18850.0,45297.0,0.289375,-0.295194,CPV,DEU,842959
2685380,58,61,8937,2007,0.0,368032.0,0.887351,0.426331,CYP,DEU,842959
2685381,59,61,8937,2007,168196.0,720708.0,1.620377,0.379404,CZE,DEU,842959
2685382,64,61,8937,2007,191825.0,1824632.0,1.204019,1.122666,DNK,DEU,842959
2685383,65,61,8937,2007,0.0,15280.0,-0.228756,0.004222,DOM,DEU,842959
2685384,66,61,8937,2007,0.0,570199.0,-0.9822690000000001,-1.170282,DZA,DEU,842959
2685385,68,61,8937,2007,0.0,516592.0,-0.144054,0.663592,EGY,DEU,842959
2685386,71,61,8937,2007,344699.0,1661280.0,0.914681,2.027797,ESP,DEU,842959
2685387,72,61,8937,2007,255746.0,153692.0,0.746434,1.306397,EST,DEU,842959
2685388,73,61,8937,2007,0.0,1987999.0,-1.115917,-0.821652,ETH,DEU,842959
2685389,74,61,8937,2007,3871816.0,727039.0,1.865502,0.7737729999999999,FIN,DEU,842959
2685390,77,61,8937,2007,4956767.0,2350910.0,1.4565350000000001,0.262845,FRA,DEU,842959
2685391,78,61,8937,2007,0.0,175864.0,-0.308363,-0.7707510000000001,FRO,DEU,842959
2685392,81,61,8937,2007,72455792.0,738805.0,1.718661,0.35525300000000004,GBR,DEU,842959
2685393,82,61,8937,2007,0.0,205802.0,0.016077,-0.386962,GEO,DEU,842959
2685394,83,61,8937,2007,0.0,27657.0,-0.906867,-0.565891,GHA,DEU,842959
2685395,85,61,8937,2007,36289.0,720896.0,-1.694335,-1.230744,GIN,DEU,842959
2685396,87,61,8937,2007,0.0,1859.0,-0.8336680000000001,-0.8261860000000001,GMB,DEU,842959
2685397,90,61,8937,2007,0.0,1843329.0,0.348709,1.674567,GRC,DEU,842959
2685398,93,61,8937,2007,0.0,1256677.0,-0.261899,0.643437,GTM,DEU,842959
2685399,96,61,8937,2007,0.0,41745.0,-0.889957,-0.873185,GUY,DEU,842959
2685400,97,61,8937,2007,0.0,4666244.0,0.639034,2.1086009999999997,HKG,DEU,842959
2685401,100,61,8937,2007,30833.0,1915166.0,0.7799699999999999,1.1047850000000001,HRV,DEU,842959
2685402,102,61,8937,2007,314020.0,172156.0,1.4887709999999998,0.78372,HUN,DEU,842959
2685403,103,61,8937,2007,0.0,142147.0,-0.192415,1.497962,IDN,DEU,842959
2685404,104,61,8937,2007,37154.0,2281820.0,0.279475,2.7514939999999997,IND,DEU,842959
2685405,106,61,8937,2007,452699.0,894004.0,1.353146,0.122832,IRL,DEU,842959
2685406,107,61,8937,2007,0.0,19107.0,-0.797659,-1.048892,IRN,DEU,842959
2685407,108,61,8937,2007,0.0,342290.0,-1.961053,-0.8849969999999999,IRQ,DEU,842959
2685408,109,61,8937,2007,0.0,1989046.0,0.172786,-0.380266,ISL,DEU,842959
2685409,110,61,8937,2007,444986.0,352708.0,1.092244,0.753984,ISR,DEU,842959
2685410,111,61,8937,2007,3883003.0,1759143.0,1.3003559999999998,0.705448,ITA,DEU,842959
2685411,112,61,8937,2007,0.0,18639.0,-0.466305,-0.971972,JAM,DEU,842959
2685412,113,61,8937,2007,0.0,63883.0,0.228433,0.5984550000000001,JOR,DEU,842959
2685413,114,61,8937,2007,3123544.0,0.0,2.313259,0.186703,JPN,DEU,842959
2685414,115,61,8937,2007,0.0,1731433.0,-0.171218,-0.630279,KAZ,DEU,842959
2685415,116,61,8937,2007,0.0,32209.0,-0.44365299999999996,0.858692,KEN,DEU,842959
2685416,117,61,8937,2007,0.0,3886.0,-0.190437,-0.23665999999999998,KGZ,DEU,842959
2685417,121,61,8937,2007,4333.0,520271.0,1.497359,0.726637,KOR,DEU,842959
2685418,122,61,8937,2007,0.0,16418.0,-0.8265030000000001,-1.166243,KWT,DEU,842959
2685419,124,61,8937,2007,0.0,50297.0,0.47468,1.775191,LBN,DEU,842959
2685420,126,61,8937,2007,169341.0,76945.0,-0.8669959999999999,-1.167363,LBY,DEU,842959
2685421,130,61,8937,2007,8583.0,91769.0,0.604169,1.279982,LTU,DEU,842959
2685422,131,61,8937,2007,33710.0,57101.0,1.390259,0.996566,LUX,DEU,842959
2685423,132,61,8937,2007,0.0,228141.0,0.61459,0.985358,LVA,DEU,842959
2685424,134,61,8937,2007,0.0,172588.0,-0.5846560000000001,0.10927100000000001,MAR,DEU,842959
2685425,135,61,8937,2007,0.0,55469.0,0.147801,0.13758299999999998,MDA,DEU,842959
2685426,136,61,8937,2007,0.0,14377.0,-0.939838,-0.221205,MDG,DEU,842959
2685427,138,61,8937,2007,0.0,123634.0,1.044746,0.605246,MEX,DEU,842959
2685428,140,61,8937,2007,0.0,1211992.0,-0.125912,-0.009395,MKD,DEU,842959
2685429,141,61,8937,2007,0.0,1609.0,-0.672822,-0.687913,MLI,DEU,842959
2685430,144,61,8937,2007,0.0,446442.0,0.250006,-0.154908,MNE,DEU,842959
2685431,147,61,8937,2007,0.0,12737.0,-1.4703110000000001,-1.1915719999999999,MOZ,DEU,842959
2685432,151,61,8937,2007,0.0,91057.0,-0.342957,-0.129114,MUS,DEU,842959
2685433,153,61,8937,2007,0.0,30908.0,0.740788,0.302155,MYS,DEU,842959
2685434,157,61,8937,2007,0.0,2218695.0,-0.287155,-0.577325,NER,DEU,842959
2685435,159,61,8937,2007,0.0,111882.0,-1.746879,-1.20823,NGA,DEU,842959
2685436,162,61,8937,2007,7119875.0,4338744.0,1.089169,1.589641,NLD,DEU,842959
2685437,163,61,8937,2007,976967.0,4977172.0,0.9829100000000001,0.100995,NOR,DEU,842959
2685438,166,61,8937,2007,0.0,339581.0,0.495938,0.845825,NZL,DEU,842959
2685439,167,61,8937,2007,0.0,1106634.0,-0.5185310000000001,-1.071832,OMN,DEU,842959
2685440,168,61,8937,2007,0.0,568333.0,-0.5594359999999999,0.47369300000000003,PAK,DEU,842959
2685441,173,61,8937,2007,0.0,22915.0,-0.49716099999999996,0.02556,PER,DEU,842959
2685442,174,61,8937,2007,0.0,138027.0,0.032117,-0.16600499999999999,PHL,DEU,842959
2685443,177,61,8937,2007,47695.0,4591130.0,1.0412139999999999,1.309641,POL,DEU,842959
2685444,179,61,8937,2007,366568.0,74378.0,0.621302,1.971656,PRT,DEU,842959
2685445,183,61,8937,2007,0.0,2159356.0,0.20181500000000002,-0.9898110000000001,QAT,DEU,842959
2685446,185,61,8937,2007,0.0,1217948.0,0.69445,1.223747,ROU,DEU,842959
2685447,186,61,8937,2007,0.0,27525258.0,0.5576399999999999,-0.05382000000000001,RUS,DEU,842959
2685448,188,61,8937,2007,0.0,29826.0,0.367463,-0.8603709999999999,SAU,DEU,842959
2685449,190,61,8937,2007,0.0,55685.0,-1.978359,-1.316172,SDN,DEU,842959
2685450,191,61,8937,2007,0.0,81521.0,-0.20343599999999998,0.27211199999999997,SEN,DEU,842959
2685451,192,61,8937,2007,0.0,2141116.0,1.608299,0.545791,SGP,DEU,842959
2685452,201,61,8937,2007,3777.0,689495.0,0.579288,1.464123,SRB,DEU,842959
2685453,205,61,8937,2007,0.0,6623.0,-0.8506440000000001,-0.8898959999999999,SUR,DEU,842959
2685454,206,61,8937,2007,0.0,59219.0,1.358301,0.79655,SVK,DEU,842959
2685455,207,61,8937,2007,0.0,568798.0,1.605767,0.692926,SVN,DEU,842959
2685456,208,61,8937,2007,350633.0,2488301.0,1.927244,0.498241,SWE,DEU,842959
2685457,215,61,8937,2007,0.0,7592.0,-0.78689,-0.806879,TGO,DEU,842959
2685458,216,61,8937,2007,0.0,406499.0,0.711328,1.411114,THA,DEU,842959
2685459,222,61,8937,2007,0.0,161200.0,-0.371347,-1.0536709999999998,TTO,DEU,842959
2685460,223,61,8937,2007,0.0,11053576.0,0.062824,0.74003,TUN,DEU,842959
2685461,224,61,8937,2007,138299.0,72547.0,0.41396700000000003,2.0339869999999998,TUR,DEU,842959
2685462,227,61,8937,2007,0.0,16955.0,-0.900559,-0.42071400000000003,UGA,DEU,842959
2685463,228,61,8937,2007,0.0,7238132.0,0.7441760000000001,0.8681260000000001,UKR,DEU,842959
2685464,231,61,8937,2007,2262914.0,1782164.0,1.612165,0.0922,USA,DEU,842959
2685465,232,61,8937,2007,0.0,14123.0,-0.540449,-0.799454,UZB,DEU,842959
2685466,236,61,8937,2007,0.0,4311.0,-0.231215,-0.9839200000000001,VEN,DEU,842959
2685467,239,61,8937,2007,0.0,20928.0,-0.335613,1.048849,VNM,DEU,842959
2685468,246,61,8937,2007,0.0,416577.0,0.349792,1.246052,ZAF,DEU,842959
2685469,249,61,8937,2007,0.0,38601.0,1.651607,0.974649,TWN,DEU,842959
2685470,14,64,8937,2007,1882.0,0.0,0.137686,0.451592,AUS,DNK,842959
2685471,15,64,8937,2007,4248273.0,275400.0,1.730088,-0.045543,AUT,DNK,842959
2685472,18,64,8937,2007,319924.0,52615.0,1.2880479999999999,1.145724,BEL,DNK,842959
2685473,23,64,8937,2007,0.0,134812.0,0.43321899999999997,1.5696700000000001,BGR,DNK,842959
2685474,31,64,8937,2007,0.0,47794.0,-1.021595,-0.955375,BOL,DNK,842959
2685475,39,64,8937,2007,0.0,1028754.0,0.77681,1.20517,CAN,DNK,842959
2685476,41,64,8937,2007,93376.0,0.0,2.0198080000000003,0.42277200000000004,CHE,DNK,842959
2685477,43,64,8937,2007,268719.0,32216.0,0.801547,2.321052,CHN,DNK,842959
2685478,61,64,8937,2007,1824632.0,191825.0,2.114566,-2.934732,DEU,DNK,842959
2685479,68,64,8937,2007,0.0,187005.0,-0.144054,0.663592,EGY,DNK,842959
2685480,71,64,8937,2007,0.0,112941.0,0.914681,2.027797,ESP,DNK,842959
2685481,72,64,8937,2007,0.0,258514.0,0.746434,1.306397,EST,DNK,842959
2685482,74,64,8937,2007,5219732.0,0.0,1.865502,0.7737729999999999,FIN,DNK,842959
2685483,77,64,8937,2007,200793.0,0.0,1.4565350000000001,0.262845,FRA,DNK,842959
2685484,78,64,8937,2007,653653.0,315634.0,-0.308363,-0.7707510000000001,FRO,DNK,842959
2685485,81,64,8937,2007,33539116.0,1116862.0,1.718661,0.35525300000000004,GBR,DNK,842959
2685486,83,64,8937,2007,0.0,34021.0,-0.906867,-0.565891,GHA,DNK,842959
2685487,90,64,8937,2007,0.0,330490.0,0.348709,1.674567,GRC,DNK,842959
2685488,92,64,8937,2007,0.0,292768.0,-1.102012,-0.978591,GRL,DNK,842959
2685489,102,64,8937,2007,0.0,75533.0,1.4887709999999998,0.78372,HUN,DNK,842959
2685490,108,64,8937,2007,0.0,111379.0,-1.961053,-0.8849969999999999,IRQ,DNK,842959
2685491,109,64,8937,2007,273284.0,77040.0,0.172786,-0.380266,ISL,DNK,842959
2685492,111,64,8937,2007,14420240.0,0.0,1.3003559999999998,0.705448,ITA,DNK,842959
2685493,112,64,8937,2007,0.0,80161.0,-0.466305,-0.971972,JAM,DNK,842959
2685494,114,64,8937,2007,2461398.0,0.0,2.313259,0.186703,JPN,DNK,842959
2685495,130,64,8937,2007,0.0,15049.0,0.604169,1.279982,LTU,DNK,842959
2685496,132,64,8937,2007,71917.0,34947.0,0.61459,0.985358,LVA,DNK,842959
2685497,159,64,8937,2007,0.0,4383.0,-1.746879,-1.20823,NGA,DNK,842959
2685498,162,64,8937,2007,7601228.0,274484.0,1.089169,1.589641,NLD,DNK,842959
2685499,163,64,8937,2007,415270.0,2623184.0,0.9829100000000001,0.100995,NOR,DNK,842959
2685500,168,64,8937,2007,0.0,3373.0,-0.5594359999999999,0.47369300000000003,PAK,DNK,842959
2685501,173,64,8937,2007,0.0,39501.0,-0.49716099999999996,0.02556,PER,DNK,842959
2685502,177,64,8937,2007,55090.0,1533666.0,1.0412139999999999,1.309641,POL,DNK,842959
2685503,185,64,8937,2007,0.0,10526.0,0.69445,1.223747,ROU,DNK,842959
2685504,186,64,8937,2007,0.0,81955.0,0.5576399999999999,-0.05382000000000001,RUS,DNK,842959
2685505,207,64,8937,2007,0.0,101091.0,1.605767,0.692926,SVN,DNK,842959
2685506,208,64,8937,2007,160625.0,3450514.0,1.927244,0.498241,SWE,DNK,842959
2685507,224,64,8937,2007,250777.0,31936.0,0.41396700000000003,2.0339869999999998,TUR,DNK,842959
2685508,228,64,8937,2007,0.0,21260.0,0.7441760000000001,0.8681260000000001,UKR,DNK,842959
2685509,231,64,8937,2007,286575.0,81913.0,1.612165,0.0922,USA,DNK,842959
2685510,239,64,8937,2007,0.0,4161.0,-0.335613,1.048849,VNM,DNK,842959
2685511,32,65,8937,2007,165903.0,0.0,0.582859,1.137225,BRA,DOM,842959
2685512,41,65,8937,2007,40445.0,0.0,2.0198080000000003,0.42277200000000004,CHE,DOM,842959
2685513,52,65,8937,2007,200264.0,0.0,0.001895,-0.30248600000000003,CRI,DOM,842959
2685514,61,65,8937,2007,15280.0,0.0,2.114566,-2.934732,DEU,DOM,842959
2685515,71,65,8937,2007,344445.0,0.0,0.914681,2.027797,ESP,DOM,842959
2685516,74,65,8937,2007,23472.0,0.0,1.865502,0.7737729999999999,FIN,DOM,842959
2685517,77,65,8937,2007,136808.0,0.0,1.4565350000000001,0.262845,FRA,DOM,842959
2685518,81,65,8937,2007,104612.0,0.0,1.718661,0.35525300000000004,GBR,DOM,842959
2685519,111,65,8937,2007,105844.0,0.0,1.3003559999999998,0.705448,ITA,DOM,842959
2685520,112,65,8937,2007,0.0,45383.0,-0.466305,-0.971972,JAM,DOM,842959
2685521,114,65,8937,2007,9513.0,0.0,2.313259,0.186703,JPN,DOM,842959
2685522,121,65,8937,2007,1935408.0,0.0,1.497359,0.726637,KOR,DOM,842959
2685523,138,65,8937,2007,5144.0,159428.0,1.044746,0.605246,MEX,DOM,842959
2685524,177,65,8937,2007,97253.0,0.0,1.0412139999999999,1.309641,POL,DOM,842959
2685525,208,65,8937,2007,286317.0,0.0,1.927244,0.498241,SWE,DOM,842959
2685526,231,65,8937,2007,5458426.0,0.0,1.612165,0.0922,USA,DOM,842959
2685527,14,67,8937,2007,78331.0,0.0,0.137686,0.451592,AUS,ECU,842959
2685528,32,67,8937,2007,415958.0,0.0,0.582859,1.137225,BRA,ECU,842959
2685529,39,67,8937,2007,42855.0,0.0,0.77681,1.20517,CAN,ECU,842959
2685530,43,67,8937,2007,157704.0,0.0,0.801547,2.321052,CHN,ECU,842959
2685531,49,67,8937,2007,53081.0,10642.0,0.118341,0.557699,COL,ECU,842959
2685532,71,67,8937,2007,16034.0,0.0,0.914681,2.027797,ESP,ECU,842959
2685533,81,67,8937,2007,305828.0,0.0,1.718661,0.35525300000000004,GBR,ECU,842959
2685534,104,67,8937,2007,14544.0,506161.0,0.279475,2.7514939999999997,IND,ECU,842959
2685535,111,67,8937,2007,1552996.0,0.0,1.3003559999999998,0.705448,ITA,ECU,842959
2685536,114,67,8937,2007,211542.0,0.0,2.313259,0.186703,JPN,ECU,842959
2685537,138,67,8937,2007,32829.0,0.0,1.044746,0.605246,MEX,ECU,842959
2685538,147,67,8937,2007,0.0,154234.0,-1.4703110000000001,-1.1915719999999999,MOZ,ECU,842959
2685539,173,67,8937,2007,24042.0,6119.0,-0.49716099999999996,0.02556,PER,ECU,842959
2685540,177,67,8937,2007,104510.0,0.0,1.0412139999999999,1.309641,POL,ECU,842959
2685541,231,67,8937,2007,9783980.0,528272.0,1.612165,0.0922,USA,ECU,842959
2685542,2,71,8937,2007,0.0,279472.0,-1.6925709999999998,-1.1987290000000002,AGO,ESP,842959
2685543,5,71,8937,2007,931874.0,2061264.0,1.178982,0.778379,AND,ESP,842959
2685544,7,71,8937,2007,0.0,116289.0,-0.107504,-0.44744300000000004,ARE,ESP,842959
2685545,15,71,8937,2007,2368879.0,30183.0,1.730088,-0.045543,AUT,ESP,842959
2685546,18,71,8937,2007,2292098.0,47171.0,1.2880479999999999,1.145724,BEL,ESP,842959
2685547,23,71,8937,2007,0.0,68101.0,0.43321899999999997,1.5696700000000001,BGR,ESP,842959
2685548,31,71,8937,2007,0.0,5043.0,-1.021595,-0.955375,BOL,ESP,842959
2685549,41,71,8937,2007,7324.0,89865.0,2.0198080000000003,0.42277200000000004,CHE,ESP,842959
2685550,42,71,8937,2007,0.0,9565.0,-0.306846,-0.57431,CHL,ESP,842959
2685551,43,71,8937,2007,46309.0,0.0,0.801547,2.321052,CHN,ESP,842959
2685552,44,71,8937,2007,0.0,3253.0,-0.9989110000000001,-0.867232,CIV,ESP,842959
2685553,46,71,8937,2007,0.0,57379.0,-1.507664,-1.111844,COD,ESP,842959
2685554,49,71,8937,2007,0.0,21017.0,0.118341,0.557699,COL,ESP,842959
2685555,51,71,8937,2007,0.0,106233.0,0.289375,-0.295194,CPV,ESP,842959
2685556,52,71,8937,2007,0.0,150708.0,0.001895,-0.30248600000000003,CRI,ESP,842959
2685557,54,71,8937,2007,0.0,553073.0,-0.308053,-0.8740610000000001,CUB,ESP,842959
2685558,58,71,8937,2007,0.0,28771.0,0.887351,0.426331,CYP,ESP,842959
2685559,59,71,8937,2007,657901.0,0.0,1.620377,0.379404,CZE,ESP,842959
2685560,61,71,8937,2007,1661280.0,344699.0,2.114566,-2.934732,DEU,ESP,842959
2685561,64,71,8937,2007,112941.0,0.0,1.204019,1.122666,DNK,ESP,842959
2685562,65,71,8937,2007,0.0,344445.0,-0.228756,0.004222,DOM,ESP,842959
2685563,66,71,8937,2007,0.0,649758.0,-0.9822690000000001,-1.170282,DZA,ESP,842959
2685564,67,71,8937,2007,0.0,16034.0,-0.820491,-0.8557879999999999,ECU,ESP,842959
2685565,68,71,8937,2007,0.0,465854.0,-0.144054,0.663592,EGY,ESP,842959
2685566,72,71,8937,2007,0.0,4636.0,0.746434,1.306397,EST,ESP,842959
2685567,74,71,8937,2007,564770.0,0.0,1.865502,0.7737729999999999,FIN,ESP,842959
2685568,77,71,8937,2007,3096522.0,1768064.0,1.4565350000000001,0.262845,FRA,ESP,842959
2685569,81,71,8937,2007,164171504.0,68190.0,1.718661,0.35525300000000004,GBR,ESP,842959
2685570,82,71,8937,2007,0.0,25733.0,0.016077,-0.386962,GEO,ESP,842959
2685571,84,71,8937,2007,0.0,92727.0,0.794616,-0.287001,GIB,ESP,842959
2685572,89,71,8937,2007,0.0,1039361.0,-1.406911,-0.8466950000000001,GNQ,ESP,842959
2685573,90,71,8937,2007,0.0,146425.0,0.348709,1.674567,GRC,ESP,842959
2685574,97,71,8937,2007,1990.0,0.0,0.639034,2.1086009999999997,HKG,ESP,842959
2685575,100,71,8937,2007,0.0,37860.0,0.7799699999999999,1.1047850000000001,HRV,ESP,842959
2685576,106,71,8937,2007,1197514.0,0.0,1.353146,0.122832,IRL,ESP,842959
2685577,107,71,8937,2007,0.0,289362.0,-0.797659,-1.048892,IRN,ESP,842959
2685578,109,71,8937,2007,0.0,69687.0,0.172786,-0.380266,ISL,ESP,842959
2685579,110,71,8937,2007,0.0,21854.0,1.092244,0.753984,ISR,ESP,842959
2685580,111,71,8937,2007,21203016.0,206623.0,1.3003559999999998,0.705448,ITA,ESP,842959
2685581,113,71,8937,2007,0.0,233325.0,0.228433,0.5984550000000001,JOR,ESP,842959
2685582,114,71,8937,2007,3228798.0,0.0,2.313259,0.186703,JPN,ESP,842959
2685583,115,71,8937,2007,0.0,4912.0,-0.171218,-0.630279,KAZ,ESP,842959
2685584,121,71,8937,2007,4055153.0,0.0,1.497359,0.726637,KOR,ESP,842959
2685585,122,71,8937,2007,0.0,3396.0,-0.8265030000000001,-1.166243,KWT,ESP,842959
2685586,124,71,8937,2007,0.0,189734.0,0.47468,1.775191,LBN,ESP,842959
2685587,126,71,8937,2007,0.0,152152.0,-0.8669959999999999,-1.167363,LBY,ESP,842959
2685588,130,71,8937,2007,0.0,86698.0,0.604169,1.279982,LTU,ESP,842959
2685589,134,71,8937,2007,0.0,4794202.0,-0.5846560000000001,0.10927100000000001,MAR,ESP,842959
2685590,138,71,8937,2007,13451.0,13161.0,1.044746,0.605246,MEX,ESP,842959
2685591,141,71,8937,2007,0.0,370970.0,-0.672822,-0.687913,MLI,ESP,842959
2685592,144,71,8937,2007,0.0,37104.0,0.250006,-0.154908,MNE,ESP,842959
2685593,148,71,8937,2007,0.0,158264.0,-2.027741,-1.311094,MRT,ESP,842959
2685594,159,71,8937,2007,0.0,20335.0,-1.746879,-1.20823,NGA,ESP,842959
2685595,162,71,8937,2007,236181.0,99847.0,1.089169,1.589641,NLD,ESP,842959
2685596,163,71,8937,2007,178980.0,0.0,0.9829100000000001,0.100995,NOR,ESP,842959
2685597,167,71,8937,2007,0.0,293643.0,-0.5185310000000001,-1.071832,OMN,ESP,842959
2685598,168,71,8937,2007,0.0,6779.0,-0.5594359999999999,0.47369300000000003,PAK,ESP,842959
2685599,169,71,8937,2007,0.0,31480.0,0.36233899999999997,0.807669,PAN,ESP,842959
2685600,173,71,8937,2007,0.0,235955.0,-0.49716099999999996,0.02556,PER,ESP,842959
2685601,177,71,8937,2007,7272962.0,241058.0,1.0412139999999999,1.309641,POL,ESP,842959
2685602,179,71,8937,2007,957319.0,7424992.0,0.621302,1.971656,PRT,ESP,842959
2685603,180,71,8937,2007,0.0,4859.0,-0.500617,-0.814385,PRY,ESP,842959
2685604,185,71,8937,2007,0.0,83989.0,0.69445,1.223747,ROU,ESP,842959
2685605,186,71,8937,2007,0.0,52794.0,0.5576399999999999,-0.05382000000000001,RUS,ESP,842959
2685606,188,71,8937,2007,0.0,785553.0,0.367463,-0.8603709999999999,SAU,ESP,842959
2685607,191,71,8937,2007,0.0,37180.0,-0.20343599999999998,0.27211199999999997,SEN,ESP,842959
2685608,192,71,8937,2007,8093.0,48441.0,1.608299,0.545791,SGP,ESP,842959
2685609,208,71,8937,2007,7766.0,49518.0,1.927244,0.498241,SWE,ESP,842959
2685610,212,71,8937,2007,0.0,28937.0,-0.46851899999999996,0.553396,SYR,ESP,842959
2685611,216,71,8937,2007,0.0,201851.0,0.711328,1.411114,THA,ESP,842959
2685612,222,71,8937,2007,0.0,1506.0,-0.371347,-1.0536709999999998,TTO,ESP,842959
2685613,224,71,8937,2007,2608137.0,0.0,0.41396700000000003,2.0339869999999998,TUR,ESP,842959
2685614,228,71,8937,2007,0.0,42208.0,0.7441760000000001,0.8681260000000001,UKR,ESP,842959
2685615,231,71,8937,2007,7559960.0,305922.0,1.612165,0.0922,USA,ESP,842959
2685616,236,71,8937,2007,0.0,1307918.0,-0.231215,-0.9839200000000001,VEN,ESP,842959
2685617,239,71,8937,2007,0.0,12029.0,-0.335613,1.048849,VNM,ESP,842959
2685618,246,71,8937,2007,0.0,121151.0,0.349792,1.246052,ZAF,ESP,842959
2685619,248,71,8937,2007,0.0,246769.0,-0.5271399999999999,-0.47033800000000003,ZWE,ESP,842959
2685620,14,74,8937,2007,0.0,1203920.0,0.137686,0.451592,AUS,FIN,842959
2685621,15,74,8937,2007,370468.0,1833835.0,1.730088,-0.045543,AUT,FIN,842959
2685622,18,74,8937,2007,476575.0,2459594.0,1.2880479999999999,1.145724,BEL,FIN,842959
2685623,39,74,8937,2007,170589.0,0.0,0.77681,1.20517,CAN,FIN,842959
2685624,41,74,8937,2007,0.0,1088078.0,2.0198080000000003,0.42277200000000004,CHE,FIN,842959
2685625,43,74,8937,2007,121243.0,0.0,0.801547,2.321052,CHN,FIN,842959
2685626,61,74,8937,2007,727039.0,3871816.0,2.114566,-2.934732,DEU,FIN,842959
2685627,64,74,8937,2007,0.0,5219732.0,1.204019,1.122666,DNK,FIN,842959
2685628,65,74,8937,2007,0.0,23472.0,-0.228756,0.004222,DOM,FIN,842959
2685629,71,74,8937,2007,0.0,564770.0,0.914681,2.027797,ESP,FIN,842959
2685630,72,74,8937,2007,568943.0,2369404.0,0.746434,1.306397,EST,FIN,842959
2685631,73,74,8937,2007,0.0,407698.0,-1.115917,-0.821652,ETH,FIN,842959
2685632,77,74,8937,2007,313265.0,1151931.0,1.4565350000000001,0.262845,FRA,FIN,842959
2685633,81,74,8937,2007,12769689.0,2462451.0,1.718661,0.35525300000000004,GBR,FIN,842959
2685634,100,74,8937,2007,0.0,32938.0,0.7799699999999999,1.1047850000000001,HRV,FIN,842959
2685635,102,74,8937,2007,0.0,466178.0,1.4887709999999998,0.78372,HUN,FIN,842959
2685636,106,74,8937,2007,0.0,137540.0,1.353146,0.122832,IRL,FIN,842959
2685637,109,74,8937,2007,0.0,363303.0,0.172786,-0.380266,ISL,FIN,842959
2685638,111,74,8937,2007,1578323.0,1217418.0,1.3003559999999998,0.705448,ITA,FIN,842959
2685639,114,74,8937,2007,111029.0,0.0,2.313259,0.186703,JPN,FIN,842959
2685640,115,74,8937,2007,0.0,107242.0,-0.171218,-0.630279,KAZ,FIN,842959
2685641,130,74,8937,2007,0.0,191198.0,0.604169,1.279982,LTU,FIN,842959
2685642,131,74,8937,2007,0.0,56270.0,1.390259,0.996566,LUX,FIN,842959
2685643,132,74,8937,2007,160981.0,308778.0,0.61459,0.985358,LVA,FIN,842959
2685644,162,74,8937,2007,1367538.0,1011040.0,1.089169,1.589641,NLD,FIN,842959
2685645,163,74,8937,2007,39044.0,3776705.0,0.9829100000000001,0.100995,NOR,FIN,842959
2685646,166,74,8937,2007,0.0,355370.0,0.495938,0.845825,NZL,FIN,842959
2685647,168,74,8937,2007,0.0,13481.0,-0.5594359999999999,0.47369300000000003,PAK,FIN,842959
2685648,173,74,8937,2007,0.0,1862.0,-0.49716099999999996,0.02556,PER,FIN,842959
2685649,177,74,8937,2007,0.0,1995151.0,1.0412139999999999,1.309641,POL,FIN,842959
2685650,179,74,8937,2007,0.0,114681.0,0.621302,1.971656,PRT,FIN,842959
2685651,183,74,8937,2007,0.0,2835.0,0.20181500000000002,-0.9898110000000001,QAT,FIN,842959
2685652,185,74,8937,2007,0.0,30402.0,0.69445,1.223747,ROU,FIN,842959
2685653,186,74,8937,2007,96812.0,2090732.0,0.5576399999999999,-0.05382000000000001,RUS,FIN,842959
2685654,201,74,8937,2007,0.0,38862.0,0.579288,1.464123,SRB,FIN,842959
2685655,206,74,8937,2007,0.0,329421.0,1.358301,0.79655,SVK,FIN,842959
2685656,208,74,8937,2007,1531514.0,16884002.0,1.927244,0.498241,SWE,FIN,842959
2685657,228,74,8937,2007,0.0,41139.0,0.7441760000000001,0.8681260000000001,UKR,FIN,842959
2685658,231,74,8937,2007,98375.0,0.0,1.612165,0.0922,USA,FIN,842959
2685659,246,74,8937,2007,0.0,68286.0,0.349792,1.246052,ZAF,FIN,842959
2685660,247,74,8937,2007,0.0,628347.0,-0.522838,-0.796874,ZMB,FIN,842959
2685661,248,74,8937,2007,0.0,1441228.0,-0.5271399999999999,-0.47033800000000003,ZWE,FIN,842959
2685662,2,77,8937,2007,0.0,768672.0,-1.6925709999999998,-1.1987290000000002,AGO,FRA,842959
2685663,4,77,8937,2007,0.0,2708.0,-0.20616700000000002,-0.016993,ALB,FRA,842959
2685664,5,77,8937,2007,0.0,364642.0,1.178982,0.778379,AND,FRA,842959
2685665,6,77,8937,2007,0.0,22559.0,0.305773,-0.504676,ANT,FRA,842959
2685666,7,77,8937,2007,88812.0,129784.0,-0.107504,-0.44744300000000004,ARE,FRA,842959
2685667,8,77,8937,2007,0.0,382549.0,0.178214,0.5093850000000001,ARG,FRA,842959
2685668,15,77,8937,2007,11204090.0,71862.0,1.730088,-0.045543,AUT,FRA,842959
2685669,16,77,8937,2007,0.0,156014.0,-0.897342,-1.174224,AZE,FRA,842959
2685670,18,77,8937,2007,7242046.0,1373378.0,1.2880479999999999,1.145724,BEL,FRA,842959
2685671,19,77,8937,2007,0.0,54403.0,-1.055882,-0.880178,BEN,FRA,842959
2685672,21,77,8937,2007,0.0,112804.0,-0.960893,-0.94458,BFA,FRA,842959
2685673,23,77,8937,2007,0.0,8377.0,0.43321899999999997,1.5696700000000001,BGR,FRA,842959
2685674,26,77,8937,2007,0.0,13577.0,0.46303199999999994,0.596178,BIH,FRA,842959
2685675,28,77,8937,2007,0.0,434063.0,1.0435889999999999,0.415603,BLR,FRA,842959
2685676,31,77,8937,2007,0.0,450902.0,-1.021595,-0.955375,BOL,FRA,842959
2685677,38,77,8937,2007,0.0,180004.0,-0.252459,-0.783634,CAF,FRA,842959
2685678,39,77,8937,2007,121703.0,37470.0,0.77681,1.20517,CAN,FRA,842959
2685679,41,77,8937,2007,259913.0,2056575.0,2.0198080000000003,0.42277200000000004,CHE,FRA,842959
2685680,42,77,8937,2007,0.0,19825.0,-0.306846,-0.57431,CHL,FRA,842959
2685681,43,77,8937,2007,223621.0,0.0,0.801547,2.321052,CHN,FRA,842959
2685682,44,77,8937,2007,0.0,739787.0,-0.9989110000000001,-0.867232,CIV,FRA,842959
2685683,45,77,8937,2007,0.0,219447.0,-0.821623,-0.965601,CMR,FRA,842959
2685684,47,77,8937,2007,0.0,917239.0,-1.88462,-1.22688,COG,FRA,842959
2685685,49,77,8937,2007,0.0,43816.0,0.118341,0.557699,COL,FRA,842959
2685686,51,77,8937,2007,0.0,19153.0,0.289375,-0.295194,CPV,FRA,842959
2685687,58,77,8937,2007,0.0,28677.0,0.887351,0.426331,CYP,FRA,842959
2685688,59,77,8937,2007,89594.0,367693.0,1.620377,0.379404,CZE,FRA,842959
2685689,61,77,8937,2007,2350910.0,4956767.0,2.114566,-2.934732,DEU,FRA,842959
2685690,62,77,8937,2007,0.0,153686.0,-1.111848,-0.983348,DJI,FRA,842959
2685691,64,77,8937,2007,0.0,200793.0,1.204019,1.122666,DNK,FRA,842959
2685692,65,77,8937,2007,0.0,136808.0,-0.228756,0.004222,DOM,FRA,842959
2685693,66,77,8937,2007,0.0,3381391.0,-0.9822690000000001,-1.170282,DZA,FRA,842959
2685694,68,77,8937,2007,0.0,96696.0,-0.144054,0.663592,EGY,FRA,842959
2685695,71,77,8937,2007,1768064.0,3096522.0,0.914681,2.027797,ESP,FRA,842959
2685696,72,77,8937,2007,0.0,2231986.0,0.746434,1.306397,EST,FRA,842959
2685697,73,77,8937,2007,0.0,350559.0,-1.115917,-0.821652,ETH,FRA,842959
2685698,74,77,8937,2007,1151931.0,313265.0,1.865502,0.7737729999999999,FIN,FRA,842959
2685699,78,77,8937,2007,0.0,3811.0,-0.308363,-0.7707510000000001,FRO,FRA,842959
2685700,80,77,8937,2007,0.0,191193.0,-1.328633,-1.165045,GAB,FRA,842959
2685701,81,77,8937,2007,235402864.0,3162488.0,1.718661,0.35525300000000004,GBR,FRA,842959
2685702,83,77,8937,2007,0.0,2850.0,-0.906867,-0.565891,GHA,FRA,842959
2685703,85,77,8937,2007,0.0,67625.0,-1.694335,-1.230744,GIN,FRA,842959
2685704,89,77,8937,2007,0.0,5489.0,-1.406911,-0.8466950000000001,GNQ,FRA,842959
2685705,90,77,8937,2007,0.0,76048.0,0.348709,1.674567,GRC,FRA,842959
2685706,100,77,8937,2007,0.0,17162.0,0.7799699999999999,1.1047850000000001,HRV,FRA,842959
2685707,102,77,8937,2007,0.0,179919.0,1.4887709999999998,0.78372,HUN,FRA,842959
2685708,103,77,8937,2007,0.0,27606.0,-0.192415,1.497962,IDN,FRA,842959
2685709,104,77,8937,2007,0.0,1849993.0,0.279475,2.7514939999999997,IND,FRA,842959
2685710,106,77,8937,2007,1887364.0,61057.0,1.353146,0.122832,IRL,FRA,842959
2685711,107,77,8937,2007,0.0,94682.0,-0.797659,-1.048892,IRN,FRA,842959
2685712,109,77,8937,2007,0.0,360637.0,0.172786,-0.380266,ISL,FRA,842959
2685713,111,77,8937,2007,60419996.0,3016372.0,1.3003559999999998,0.705448,ITA,FRA,842959
2685714,114,77,8937,2007,859951.0,54548.0,2.313259,0.186703,JPN,FRA,842959
2685715,115,77,8937,2007,0.0,69100.0,-0.171218,-0.630279,KAZ,FRA,842959
2685716,116,77,8937,2007,0.0,2050790.0,-0.44365299999999996,0.858692,KEN,FRA,842959
2685717,121,77,8937,2007,1295306.0,0.0,1.497359,0.726637,KOR,FRA,842959
2685718,122,77,8937,2007,0.0,794707.0,-0.8265030000000001,-1.166243,KWT,FRA,842959
2685719,124,77,8937,2007,0.0,29255.0,0.47468,1.775191,LBN,FRA,842959
2685720,127,77,8937,2007,0.0,47906.0,0.7445430000000001,-0.187834,LCA,FRA,842959
2685721,130,77,8937,2007,0.0,27441.0,0.604169,1.279982,LTU,FRA,842959
2685722,131,77,8937,2007,311042.0,906431.0,1.390259,0.996566,LUX,FRA,842959
2685723,133,77,8937,2007,0.0,5713.0,0.168528,-0.150411,MAC,FRA,842959
2685724,134,77,8937,2007,456770.0,1218440.0,-0.5846560000000001,0.10927100000000001,MAR,FRA,842959
2685725,136,77,8937,2007,0.0,20354.0,-0.939838,-0.221205,MDG,FRA,842959
2685726,138,77,8937,2007,159724.0,289809.0,1.044746,0.605246,MEX,FRA,842959
2685727,140,77,8937,2007,0.0,409951.0,-0.125912,-0.009395,MKD,FRA,842959
2685728,141,77,8937,2007,36972.0,313269.0,-0.672822,-0.687913,MLI,FRA,842959
2685729,148,77,8937,2007,0.0,34361.0,-2.027741,-1.311094,MRT,FRA,842959
2685730,151,77,8937,2007,2989.0,366723.0,-0.342957,-0.129114,MUS,FRA,842959
2685731,153,77,8937,2007,0.0,61156.0,0.740788,0.302155,MYS,FRA,842959
2685732,154,77,8937,2007,9041.0,405515.0,0.9008879999999999,-0.209565,MYT,FRA,842959
2685733,156,77,8937,2007,0.0,2163012.0,-0.075892,-0.8211430000000001,NCL,FRA,842959
2685734,157,77,8937,2007,2218832.0,39118.0,-0.287155,-0.577325,NER,FRA,842959
2685735,159,77,8937,2007,0.0,920418.0,-1.746879,-1.20823,NGA,FRA,842959
2685736,160,77,8937,2007,0.0,156555.0,-0.924162,-0.857508,NIC,FRA,842959
2685737,162,77,8937,2007,1798924.0,643312.0,1.089169,1.589641,NLD,FRA,842959
2685738,163,77,8937,2007,0.0,804127.0,0.9829100000000001,0.100995,NOR,FRA,842959
2685739,166,77,8937,2007,0.0,149326.0,0.495938,0.845825,NZL,FRA,842959
2685740,168,77,8937,2007,0.0,43231.0,-0.5594359999999999,0.47369300000000003,PAK,FRA,842959
2685741,173,77,8937,2007,0.0,29380.0,-0.49716099999999996,0.02556,PER,FRA,842959
2685742,174,77,8937,2007,70080.0,4149.0,0.032117,-0.16600499999999999,PHL,FRA,842959
2685743,177,77,8937,2007,9389891.0,1850977.0,1.0412139999999999,1.309641,POL,FRA,842959
2685744,179,77,8937,2007,1081373.0,290890.0,0.621302,1.971656,PRT,FRA,842959
2685745,181,77,8937,2007,0.0,63639.0,0.16788499999999998,0.689805,PSE,FRA,842959
2685746,182,77,8937,2007,0.0,630284.0,-0.72809,-0.9329620000000001,PYF,FRA,842959
2685747,183,77,8937,2007,0.0,6338.0,0.20181500000000002,-0.9898110000000001,QAT,FRA,842959
2685748,185,77,8937,2007,60533.0,157138.0,0.69445,1.223747,ROU,FRA,842959
2685749,186,77,8937,2007,0.0,1212972.0,0.5576399999999999,-0.05382000000000001,RUS,FRA,842959
2685750,188,77,8937,2007,0.0,66866.0,0.367463,-0.8603709999999999,SAU,FRA,842959
2685751,190,77,8937,2007,0.0,99657.0,-1.978359,-1.316172,SDN,FRA,842959
2685752,191,77,8937,2007,0.0,172747.0,-0.20343599999999998,0.27211199999999997,SEN,FRA,842959
2685753,192,77,8937,2007,0.0,28025.0,1.608299,0.545791,SGP,FRA,842959
2685754,201,77,8937,2007,0.0,5009.0,0.579288,1.464123,SRB,FRA,842959
2685755,206,77,8937,2007,0.0,37857.0,1.358301,0.79655,SVK,FRA,842959
2685756,207,77,8937,2007,0.0,98763.0,1.605767,0.692926,SVN,FRA,842959
2685757,208,77,8937,2007,9181.0,293380.0,1.927244,0.498241,SWE,FRA,842959
2685758,214,77,8937,2007,0.0,156431.0,-2.544742,-0.928218,TCD,FRA,842959
2685759,215,77,8937,2007,0.0,1261.0,-0.78689,-0.806879,TGO,FRA,842959
2685760,216,77,8937,2007,0.0,107948.0,0.711328,1.411114,THA,FRA,842959
2685761,223,77,8937,2007,201096.0,337605.0,0.062824,0.74003,TUN,FRA,842959
2685762,224,77,8937,2007,113653.0,182541.0,0.41396700000000003,2.0339869999999998,TUR,FRA,842959
2685763,226,77,8937,2007,0.0,34091.0,-0.8493959999999999,0.47116099999999994,TZA,FRA,842959
2685764,228,77,8937,2007,0.0,34457.0,0.7441760000000001,0.8681260000000001,UKR,FRA,842959
2685765,230,77,8937,2007,0.0,32527.0,0.184883,0.207788,URY,FRA,842959
2685766,231,77,8937,2007,834631.0,1795749.0,1.612165,0.0922,USA,FRA,842959
2685767,234,77,8937,2007,0.0,8774.0,-0.112166,-0.692679,VCT,FRA,842959
2685768,236,77,8937,2007,0.0,72053.0,-0.231215,-0.9839200000000001,VEN,FRA,842959
2685769,243,77,8937,2007,0.0,302369.0,-1.2624600000000001,-1.2131290000000001,YEM,FRA,842959
2685770,246,77,8937,2007,1684.0,591589.0,0.349792,1.246052,ZAF,FRA,842959
2685771,1,81,8937,2007,0.0,7610.0,-0.745981,-0.682003,AFG,GBR,842959
2685772,2,81,8937,2007,0.0,3215706.0,-1.6925709999999998,-1.1987290000000002,AGO,GBR,842959
2685773,4,81,8937,2007,0.0,141579.0,-0.20616700000000002,-0.016993,ALB,GBR,842959
2685774,5,81,8937,2007,0.0,111723.0,1.178982,0.778379,AND,GBR,842959
2685775,6,81,8937,2007,0.0,8594.0,0.305773,-0.504676,ANT,GBR,842959
2685776,7,81,8937,2007,2698.0,32746304.0,-0.107504,-0.44744300000000004,ARE,GBR,842959
2685777,8,81,8937,2007,0.0,1218887.0,0.178214,0.5093850000000001,ARG,GBR,842959
2685778,9,81,8937,2007,0.0,391030.0,0.7169,-0.019251,ARM,GBR,842959
2685779,13,81,8937,2007,0.0,17078.0,0.5574899999999999,-0.125609,ATG,GBR,842959
2685780,14,81,8937,2007,774722.0,26916430.0,0.137686,0.451592,AUS,GBR,842959
2685781,15,81,8937,2007,2674244.0,123099736.0,1.730088,-0.045543,AUT,GBR,842959
2685782,16,81,8937,2007,0.0,312991.0,-0.897342,-1.174224,AZE,GBR,842959
2685783,18,81,8937,2007,3566050.0,18533410.0,1.2880479999999999,1.145724,BEL,GBR,842959
2685784,21,81,8937,2007,0.0,29669.0,-0.960893,-0.94458,BFA,GBR,842959
2685785,23,81,8937,2007,0.0,18516412.0,0.43321899999999997,1.5696700000000001,BGR,GBR,842959
2685786,24,81,8937,2007,0.0,7837233.0,0.500846,-0.845449,BHR,GBR,842959
2685787,26,81,8937,2007,0.0,973648.0,0.46303199999999994,0.596178,BIH,GBR,842959
2685788,28,81,8937,2007,0.0,270575.0,1.0435889999999999,0.415603,BLR,GBR,842959
2685789,31,81,8937,2007,0.0,37546.0,-1.021595,-0.955375,BOL,GBR,842959
2685790,32,81,8937,2007,0.0,3753162.0,0.582859,1.137225,BRA,GBR,842959
2685791,33,81,8937,2007,78818.0,429787.0,1.006332,0.680391,BRB,GBR,842959
2685792,39,81,8937,2007,188070.0,244266.0,0.77681,1.20517,CAN,GBR,842959
2685793,41,81,8937,2007,0.0,206523.0,2.0198080000000003,0.42277200000000004,CHE,GBR,842959
2685794,42,81,8937,2007,0.0,1739106.0,-0.306846,-0.57431,CHL,GBR,842959
2685795,43,81,8937,2007,912801.0,1611903.0,0.801547,2.321052,CHN,GBR,842959
2685796,44,81,8937,2007,0.0,158009.0,-0.9989110000000001,-0.867232,CIV,GBR,842959
2685797,45,81,8937,2007,0.0,456614.0,-0.821623,-0.965601,CMR,GBR,842959
2685798,46,81,8937,2007,0.0,64956.0,-1.507664,-1.111844,COD,GBR,842959
2685799,47,81,8937,2007,0.0,176284.0,-1.88462,-1.22688,COG,GBR,842959
2685800,49,81,8937,2007,0.0,726179.0,0.118341,0.557699,COL,GBR,842959
2685801,50,81,8937,2007,0.0,179132.0,-0.956375,-0.964842,COM,GBR,842959
2685802,51,81,8937,2007,0.0,8063.0,0.289375,-0.295194,CPV,GBR,842959
2685803,52,81,8937,2007,0.0,1531682.0,0.001895,-0.30248600000000003,CRI,GBR,842959
2685804,57,81,8937,2007,0.0,14019.0,0.532926,-0.54101,CYM,GBR,842959
2685805,58,81,8937,2007,0.0,7769750.0,0.887351,0.426331,CYP,GBR,842959
2685806,59,81,8937,2007,0.0,23526514.0,1.620377,0.379404,CZE,GBR,842959
2685807,61,81,8937,2007,738805.0,72455792.0,2.114566,-2.934732,DEU,GBR,842959
2685808,62,81,8937,2007,0.0,99134.0,-1.111848,-0.983348,DJI,GBR,842959
2685809,63,81,8937,2007,0.0,24606.0,0.522624,0.077377,DMA,GBR,842959
2685810,64,81,8937,2007,1116862.0,33539116.0,1.204019,1.122666,DNK,GBR,842959
2685811,65,81,8937,2007,0.0,104612.0,-0.228756,0.004222,DOM,GBR,842959
2685812,66,81,8937,2007,0.0,3306895.0,-0.9822690000000001,-1.170282,DZA,GBR,842959
2685813,67,81,8937,2007,0.0,305828.0,-0.820491,-0.8557879999999999,ECU,GBR,842959
2685814,68,81,8937,2007,0.0,1903004.0,-0.144054,0.663592,EGY,GBR,842959
2685815,71,81,8937,2007,68190.0,164171504.0,0.914681,2.027797,ESP,GBR,842959
2685816,72,81,8937,2007,696950.0,31163534.0,0.746434,1.306397,EST,GBR,842959
2685817,73,81,8937,2007,0.0,536504.0,-1.115917,-0.821652,ETH,GBR,842959
2685818,74,81,8937,2007,2462451.0,12769689.0,1.865502,0.7737729999999999,FIN,GBR,842959
2685819,77,81,8937,2007,3162488.0,235402864.0,1.4565350000000001,0.262845,FRA,GBR,842959
2685820,78,81,8937,2007,0.0,121693.0,-0.308363,-0.7707510000000001,FRO,GBR,842959
2685821,80,81,8937,2007,0.0,163385.0,-1.328633,-1.165045,GAB,GBR,842959
2685822,83,81,8937,2007,0.0,1205971.0,-0.906867,-0.565891,GHA,GBR,842959
2685823,84,81,8937,2007,0.0,124700.0,0.794616,-0.287001,GIB,GBR,842959
2685824,85,81,8937,2007,0.0,84382.0,-1.694335,-1.230744,GIN,GBR,842959
2685825,89,81,8937,2007,0.0,242631.0,-1.406911,-0.8466950000000001,GNQ,GBR,842959
2685826,90,81,8937,2007,0.0,25320554.0,0.348709,1.674567,GRC,GBR,842959
2685827,91,81,8937,2007,0.0,35839.0,0.043229000000000004,-0.664795,GRD,GBR,842959
2685828,96,81,8937,2007,3003.0,45219.0,-0.889957,-0.873185,GUY,GBR,842959
2685829,99,81,8937,2007,0.0,220059.0,-0.6366,-0.327447,HND,GBR,842959
2685830,100,81,8937,2007,0.0,2541603.0,0.7799699999999999,1.1047850000000001,HRV,GBR,842959
2685831,102,81,8937,2007,0.0,8398672.0,1.4887709999999998,0.78372,HUN,GBR,842959
2685832,103,81,8937,2007,0.0,3157175.0,-0.192415,1.497962,IDN,GBR,842959
2685833,104,81,8937,2007,32533.0,3044727.0,0.279475,2.7514939999999997,IND,GBR,842959
2685834,106,81,8937,2007,6568345.0,56002868.0,1.353146,0.122832,IRL,GBR,842959
2685835,107,81,8937,2007,0.0,898664.0,-0.797659,-1.048892,IRN,GBR,842959
2685836,108,81,8937,2007,0.0,488809.0,-1.961053,-0.8849969999999999,IRQ,GBR,842959
2685837,109,81,8937,2007,0.0,9421742.0,0.172786,-0.380266,ISL,GBR,842959
2685838,110,81,8937,2007,400335.0,25419446.0,1.092244,0.753984,ISR,GBR,842959
2685839,111,81,8937,2007,14450338.0,116556216.0,1.3003559999999998,0.705448,ITA,GBR,842959
2685840,112,81,8937,2007,0.0,418302.0,-0.466305,-0.971972,JAM,GBR,842959
2685841,113,81,8937,2007,0.0,269587.0,0.228433,0.5984550000000001,JOR,GBR,842959
2685842,114,81,8937,2007,135484352.0,0.0,2.313259,0.186703,JPN,GBR,842959
2685843,115,81,8937,2007,0.0,358341.0,-0.171218,-0.630279,KAZ,GBR,842959
2685844,116,81,8937,2007,0.0,416475.0,-0.44365299999999996,0.858692,KEN,GBR,842959
2685845,118,81,8937,2007,0.0,18748.0,-1.1822489999999999,-1.129066,KHM,GBR,842959
2685846,121,81,8937,2007,583516.0,2264.0,1.497359,0.726637,KOR,GBR,842959
2685847,122,81,8937,2007,0.0,2558367.0,-0.8265030000000001,-1.166243,KWT,GBR,842959
2685848,124,81,8937,2007,0.0,1716550.0,0.47468,1.775191,LBN,GBR,842959
2685849,126,81,8937,2007,0.0,1165722.0,-0.8669959999999999,-1.167363,LBY,GBR,842959
2685850,127,81,8937,2007,0.0,383184.0,0.7445430000000001,-0.187834,LCA,GBR,842959
2685851,128,81,8937,2007,0.0,3002384.0,-0.568577,0.364717,LKA,GBR,842959
2685852,130,81,8937,2007,0.0,15811143.0,0.604169,1.279982,LTU,GBR,842959
2685853,131,81,8937,2007,0.0,901792.0,1.390259,0.996566,LUX,GBR,842959
2685854,132,81,8937,2007,0.0,22926820.0,0.61459,0.985358,LVA,GBR,842959
2685855,133,81,8937,2007,0.0,2530.0,0.168528,-0.150411,MAC,GBR,842959
2685856,134,81,8937,2007,0.0,2290980.0,-0.5846560000000001,0.10927100000000001,MAR,GBR,842959
2685857,135,81,8937,2007,0.0,22348.0,0.147801,0.13758299999999998,MDA,GBR,842959
2685858,136,81,8937,2007,0.0,38542.0,-0.939838,-0.221205,MDG,GBR,842959
2685859,138,81,8937,2007,0.0,725714.0,1.044746,0.605246,MEX,GBR,842959
2685860,140,81,8937,2007,0.0,91847.0,-0.125912,-0.009395,MKD,GBR,842959
2685861,141,81,8937,2007,0.0,20953.0,-0.672822,-0.687913,MLI,GBR,842959
2685862,142,81,8937,2007,0.0,158315.0,1.184569,-0.046376,MLT,GBR,842959
2685863,144,81,8937,2007,0.0,673126.0,0.250006,-0.154908,MNE,GBR,842959
2685864,147,81,8937,2007,0.0,98665.0,-1.4703110000000001,-1.1915719999999999,MOZ,GBR,842959
2685865,151,81,8937,2007,44351.0,1117241.0,-0.342957,-0.129114,MUS,GBR,842959
2685866,152,81,8937,2007,0.0,69786.0,-1.348692,-1.134002,MWI,GBR,842959
2685867,153,81,8937,2007,186927.0,1494767.0,0.740788,0.302155,MYS,GBR,842959
2685868,154,81,8937,2007,0.0,101809.0,0.9008879999999999,-0.209565,MYT,GBR,842959
2685869,155,81,8937,2007,0.0,334508.0,-0.588953,-0.751722,NAM,GBR,842959
2685870,156,81,8937,2007,0.0,1615939.0,-0.075892,-0.8211430000000001,NCL,GBR,842959
2685871,159,81,8937,2007,0.0,3131014.0,-1.746879,-1.20823,NGA,GBR,842959
2685872,160,81,8937,2007,0.0,17498.0,-0.924162,-0.857508,NIC,GBR,842959
2685873,162,81,8937,2007,240101.0,23294194.0,1.089169,1.589641,NLD,GBR,842959
2685874,163,81,8937,2007,431480.0,40217304.0,0.9829100000000001,0.100995,NOR,GBR,842959
2685875,166,81,8937,2007,27161.0,59431.0,0.495938,0.845825,NZL,GBR,842959
2685876,167,81,8937,2007,0.0,24740892.0,-0.5185310000000001,-1.071832,OMN,GBR,842959
2685877,168,81,8937,2007,0.0,50689.0,-0.5594359999999999,0.47369300000000003,PAK,GBR,842959
2685878,169,81,8937,2007,0.0,108902.0,0.36233899999999997,0.807669,PAN,GBR,842959
2685879,173,81,8937,2007,25245.0,625987.0,-0.49716099999999996,0.02556,PER,GBR,842959
2685880,174,81,8937,2007,0.0,742134.0,0.032117,-0.16600499999999999,PHL,GBR,842959
2685881,176,81,8937,2007,0.0,748668.0,-1.947486,-1.284269,PNG,GBR,842959
2685882,177,81,8937,2007,4515871.0,127797136.0,1.0412139999999999,1.309641,POL,GBR,842959
2685883,179,81,8937,2007,26418.0,49542612.0,0.621302,1.971656,PRT,GBR,842959
2685884,181,81,8937,2007,0.0,38498.0,0.16788499999999998,0.689805,PSE,GBR,842959
2685885,182,81,8937,2007,0.0,1237687.0,-0.72809,-0.9329620000000001,PYF,GBR,842959
2685886,183,81,8937,2007,0.0,7895647.0,0.20181500000000002,-0.9898110000000001,QAT,GBR,842959
2685887,185,81,8937,2007,0.0,30411912.0,0.69445,1.223747,ROU,GBR,842959
2685888,186,81,8937,2007,0.0,29642528.0,0.5576399999999999,-0.05382000000000001,RUS,GBR,842959
2685889,188,81,8937,2007,0.0,27570298.0,0.367463,-0.8603709999999999,SAU,GBR,842959
2685890,190,81,8937,2007,0.0,1599094.0,-1.978359,-1.316172,SDN,GBR,842959
2685891,192,81,8937,2007,1804766.0,852097.0,1.608299,0.545791,SGP,GBR,842959
2685892,196,81,8937,2007,0.0,86116.0,-0.021377,-0.31765,SLE,GBR,842959
2685893,201,81,8937,2007,0.0,1695642.0,0.579288,1.464123,SRB,GBR,842959
2685894,205,81,8937,2007,0.0,57595.0,-0.8506440000000001,-0.8898959999999999,SUR,GBR,842959
2685895,206,81,8937,2007,0.0,30909572.0,1.358301,0.79655,SVK,GBR,842959
2685896,207,81,8937,2007,0.0,10127377.0,1.605767,0.692926,SVN,GBR,842959
2685897,208,81,8937,2007,0.0,13795826.0,1.927244,0.498241,SWE,GBR,842959
2685898,211,81,8937,2007,0.0,12531.0,-0.644497,-0.8748520000000001,SYC,GBR,842959
2685899,212,81,8937,2007,0.0,245445.0,-0.46851899999999996,0.553396,SYR,GBR,842959
2685900,215,81,8937,2007,2881.0,0.0,-0.78689,-0.806879,TGO,GBR,842959
2685901,216,81,8937,2007,3548916.0,3546091.0,0.711328,1.411114,THA,GBR,842959
2685902,219,81,8937,2007,0.0,143211.0,-1.16715,-1.213064,TKM,GBR,842959
2685903,222,81,8937,2007,70814.0,3605980.0,-0.371347,-1.0536709999999998,TTO,GBR,842959
2685904,223,81,8937,2007,0.0,4956472.0,0.062824,0.74003,TUN,GBR,842959
2685905,224,81,8937,2007,281502.0,124884608.0,0.41396700000000003,2.0339869999999998,TUR,GBR,842959
2685906,226,81,8937,2007,0.0,1655460.0,-0.8493959999999999,0.47116099999999994,TZA,GBR,842959
2685907,227,81,8937,2007,0.0,120343.0,-0.900559,-0.42071400000000003,UGA,GBR,842959
2685908,228,81,8937,2007,0.0,3291563.0,0.7441760000000001,0.8681260000000001,UKR,GBR,842959
2685909,230,81,8937,2007,0.0,177668.0,0.184883,0.207788,URY,GBR,842959
2685910,231,81,8937,2007,4592547.0,30587532.0,1.612165,0.0922,USA,GBR,842959
2685911,234,81,8937,2007,0.0,14954.0,-0.112166,-0.692679,VCT,GBR,842959
2685912,236,81,8937,2007,0.0,1366674.0,-0.231215,-0.9839200000000001,VEN,GBR,842959
2685913,239,81,8937,2007,0.0,58970.0,-0.335613,1.048849,VNM,GBR,842959
2685914,240,81,8937,2007,0.0,90806.0,-1.187885,-0.993107,VUT,GBR,842959
2685915,243,81,8937,2007,0.0,205326.0,-1.2624600000000001,-1.2131290000000001,YEM,GBR,842959
2685916,246,81,8937,2007,59823.0,37185284.0,0.349792,1.246052,ZAF,GBR,842959
2685917,247,81,8937,2007,0.0,179225.0,-0.522838,-0.796874,ZMB,GBR,842959
2685918,248,81,8937,2007,0.0,5639.0,-0.5271399999999999,-0.47033800000000003,ZWE,GBR,842959
2685919,249,81,8937,2007,0.0,3168.0,1.651607,0.974649,TWN,GBR,842959
2685920,4,90,8937,2007,0.0,66860.0,-0.20616700000000002,-0.016993,ALB,GRC,842959
2685921,7,90,8937,2007,0.0,88768.0,-0.107504,-0.44744300000000004,ARE,GRC,842959
2685922,15,90,8937,2007,332556.0,0.0,1.730088,-0.045543,AUT,GRC,842959
2685923,18,90,8937,2007,259447.0,0.0,1.2880479999999999,1.145724,BEL,GRC,842959
2685924,23,90,8937,2007,436482.0,54070.0,0.43321899999999997,1.5696700000000001,BGR,GRC,842959
2685925,41,90,8937,2007,56240.0,0.0,2.0198080000000003,0.42277200000000004,CHE,GRC,842959
2685926,45,90,8937,2007,0.0,8246.0,-0.821623,-0.965601,CMR,GRC,842959
2685927,58,90,8937,2007,11186.0,23914.0,0.887351,0.426331,CYP,GRC,842959
2685928,61,90,8937,2007,1843329.0,0.0,2.114566,-2.934732,DEU,GRC,842959
2685929,64,90,8937,2007,330490.0,0.0,1.204019,1.122666,DNK,GRC,842959
2685930,71,90,8937,2007,146425.0,0.0,0.914681,2.027797,ESP,GRC,842959
2685931,77,90,8937,2007,76048.0,0.0,1.4565350000000001,0.262845,FRA,GRC,842959
2685932,81,90,8937,2007,25320554.0,0.0,1.718661,0.35525300000000004,GBR,GRC,842959
2685933,110,90,8937,2007,109446.0,0.0,1.092244,0.753984,ISR,GRC,842959
2685934,111,90,8937,2007,6482622.0,0.0,1.3003559999999998,0.705448,ITA,GRC,842959
2685935,114,90,8937,2007,219752.0,0.0,2.313259,0.186703,JPN,GRC,842959
2685936,140,90,8937,2007,15002.0,6514.0,-0.125912,-0.009395,MKD,GRC,842959
2685937,162,90,8937,2007,194103.0,16833.0,1.089169,1.589641,NLD,GRC,842959
2685938,177,90,8937,2007,331290.0,0.0,1.0412139999999999,1.309641,POL,GRC,842959
2685939,179,90,8937,2007,48982.0,640188.0,0.621302,1.971656,PRT,GRC,842959
2685940,185,90,8937,2007,0.0,280703.0,0.69445,1.223747,ROU,GRC,842959
2685941,208,90,8937,2007,559956.0,232411.0,1.927244,0.498241,SWE,GRC,842959
2685942,224,90,8937,2007,287445.0,0.0,0.41396700000000003,2.0339869999999998,TUR,GRC,842959
2685943,231,90,8937,2007,358503.0,0.0,1.612165,0.0922,USA,GRC,842959
2685944,246,90,8937,2007,316504.0,0.0,0.349792,1.246052,ZAF,GRC,842959
2685945,33,91,8937,2007,30036.0,0.0,1.006332,0.680391,BRB,GRD,842959
2685946,39,91,8937,2007,19822.0,0.0,0.77681,1.20517,CAN,GRD,842959
2685947,43,91,8937,2007,44621.0,0.0,0.801547,2.321052,CHN,GRD,842959
2685948,81,91,8937,2007,35839.0,0.0,1.718661,0.35525300000000004,GBR,GRD,842959
2685949,222,91,8937,2007,115671.0,2922.0,-0.371347,-1.0536709999999998,TTO,GRD,842959
2685950,231,91,8937,2007,382440.0,0.0,1.612165,0.0922,USA,GRD,842959
2685951,29,93,8937,2007,159751.0,0.0,-0.17825,-0.562535,BLZ,GTM,842959
2685952,32,93,8937,2007,288985.0,0.0,0.582859,1.137225,BRA,GTM,842959
2685953,39,93,8937,2007,48466.0,0.0,0.77681,1.20517,CAN,GTM,842959
2685954,43,93,8937,2007,1717.0,0.0,0.801547,2.321052,CHN,GTM,842959
2685955,52,93,8937,2007,12539.0,214708.0,0.001895,-0.30248600000000003,CRI,GTM,842959
2685956,61,93,8937,2007,1256677.0,0.0,2.114566,-2.934732,DEU,GTM,842959
2685957,99,93,8937,2007,365542.0,500825.0,-0.6366,-0.327447,HND,GTM,842959
2685958,111,93,8937,2007,606641.0,0.0,1.3003559999999998,0.705448,ITA,GTM,842959
2685959,116,93,8937,2007,0.0,227335.0,-0.44365299999999996,0.858692,KEN,GTM,842959
2685960,138,93,8937,2007,415728.0,0.0,1.044746,0.605246,MEX,GTM,842959
2685961,160,93,8937,2007,67910.0,0.0,-0.924162,-0.857508,NIC,GTM,842959
2685962,169,93,8937,2007,1660734.0,0.0,0.36233899999999997,0.807669,PAN,GTM,842959
2685963,192,93,8937,2007,13114.0,0.0,1.608299,0.545791,SGP,GTM,842959
2685964,197,93,8937,2007,545325.0,234176.0,-0.110573,0.184426,SLV,GTM,842959
2685965,208,93,8937,2007,45679.0,0.0,1.927244,0.498241,SWE,GTM,842959
2685966,209,93,8937,2007,85989.0,0.0,0.9562299999999999,0.053538,SWZ,GTM,842959
2685967,231,93,8937,2007,8285168.0,0.0,1.612165,0.0922,USA,GTM,842959
2685968,18,96,8937,2007,314566.0,0.0,1.2880479999999999,1.145724,BEL,GUY,842959
2685969,39,96,8937,2007,14873.0,0.0,0.77681,1.20517,CAN,GUY,842959
2685970,41,96,8937,2007,103260.0,0.0,2.0198080000000003,0.42277200000000004,CHE,GUY,842959
2685971,43,96,8937,2007,4242.0,77590.0,0.801547,2.321052,CHN,GUY,842959
2685972,61,96,8937,2007,41745.0,0.0,2.114566,-2.934732,DEU,GUY,842959
2685973,81,96,8937,2007,45219.0,3003.0,1.718661,0.35525300000000004,GBR,GUY,842959
2685974,83,96,8937,2007,0.0,18878.0,-0.906867,-0.565891,GHA,GUY,842959
2685975,97,96,8937,2007,233857.0,0.0,0.639034,2.1086009999999997,HKG,GUY,842959
2685976,103,96,8937,2007,149239.0,0.0,-0.192415,1.497962,IDN,GUY,842959
2685977,114,96,8937,2007,96886.0,0.0,2.313259,0.186703,JPN,GUY,842959
2685978,121,96,8937,2007,1213682.0,0.0,1.497359,0.726637,KOR,GUY,842959
2685979,222,96,8937,2007,1813.0,530772.0,-0.371347,-1.0536709999999998,TTO,GUY,842959
2685980,231,96,8937,2007,62588.0,0.0,1.612165,0.0922,USA,GUY,842959
2685981,234,96,8937,2007,0.0,19245.0,-0.112166,-0.692679,VCT,GUY,842959
2685982,239,96,8937,2007,6341.0,0.0,-0.335613,1.048849,VNM,GUY,842959
2685983,246,96,8937,2007,8276.0,0.0,0.349792,1.246052,ZAF,GUY,842959
2685984,7,97,8937,2007,0.0,69753.0,-0.107504,-0.44744300000000004,ARE,HKG,842959
2685985,14,97,8937,2007,269892.0,0.0,0.137686,0.451592,AUS,HKG,842959
2685986,43,97,8937,2007,40416.0,63803.0,0.801547,2.321052,CHN,HKG,842959
2685987,61,97,8937,2007,4666244.0,0.0,2.114566,-2.934732,DEU,HKG,842959
2685988,71,97,8937,2007,0.0,1990.0,0.914681,2.027797,ESP,HKG,842959
2685989,96,97,8937,2007,0.0,233857.0,-0.889957,-0.873185,GUY,HKG,842959
2685990,103,97,8937,2007,0.0,20495.0,-0.192415,1.497962,IDN,HKG,842959
2685991,104,97,8937,2007,0.0,27526.0,0.279475,2.7514939999999997,IND,HKG,842959
2685992,114,97,8937,2007,131358.0,0.0,2.313259,0.186703,JPN,HKG,842959
2685993,128,97,8937,2007,0.0,78388.0,-0.568577,0.364717,LKA,HKG,842959
2685994,133,97,8937,2007,1017349.0,402243.0,0.168528,-0.150411,MAC,HKG,842959
2685995,153,97,8937,2007,0.0,6129.0,0.740788,0.302155,MYS,HKG,842959
2685996,162,97,8937,2007,0.0,5438.0,1.089169,1.589641,NLD,HKG,842959
2685997,168,97,8937,2007,0.0,56062.0,-0.5594359999999999,0.47369300000000003,PAK,HKG,842959
2685998,169,97,8937,2007,0.0,9342.0,0.36233899999999997,0.807669,PAN,HKG,842959
2685999,174,97,8937,2007,0.0,282812.0,0.032117,-0.16600499999999999,PHL,HKG,842959
2686000,192,97,8937,2007,326406.0,61746.0,1.608299,0.545791,SGP,HKG,842959
2686001,215,97,8937,2007,0.0,6206.0,-0.78689,-0.806879,TGO,HKG,842959
2686002,216,97,8937,2007,34513.0,0.0,0.711328,1.411114,THA,HKG,842959
2686003,226,97,8937,2007,0.0,5615.0,-0.8493959999999999,0.47116099999999994,TZA,HKG,842959
2686004,227,97,8937,2007,0.0,7275.0,-0.900559,-0.42071400000000003,UGA,HKG,842959
2686005,231,97,8937,2007,402176.0,0.0,1.612165,0.0922,USA,HKG,842959
2686006,239,97,8937,2007,0.0,90987.0,-0.335613,1.048849,VNM,HKG,842959
2686007,247,97,8937,2007,0.0,33817.0,-0.522838,-0.796874,ZMB,HKG,842959
2686008,249,97,8937,2007,62481.0,0.0,1.651607,0.974649,TWN,HKG,842959
2686009,32,99,8937,2007,219032.0,0.0,0.582859,1.137225,BRA,HND,842959
2686010,39,99,8937,2007,5807.0,0.0,0.77681,1.20517,CAN,HND,842959
2686011,43,99,8937,2007,23244.0,0.0,0.801547,2.321052,CHN,HND,842959
2686012,52,99,8937,2007,0.0,36574.0,0.001895,-0.30248600000000003,CRI,HND,842959
2686013,81,99,8937,2007,220059.0,0.0,1.718661,0.35525300000000004,GBR,HND,842959
2686014,93,99,8937,2007,500825.0,365542.0,-0.261899,0.643437,GTM,HND,842959
2686015,111,99,8937,2007,148978.0,0.0,1.3003559999999998,0.705448,ITA,HND,842959
2686016,114,99,8937,2007,125217.0,0.0,2.313259,0.186703,JPN,HND,842959
2686017,121,99,8937,2007,670543.0,0.0,1.497359,0.726637,KOR,HND,842959
2686018,138,99,8937,2007,188870.0,65221.0,1.044746,0.605246,MEX,HND,842959
2686019,160,99,8937,2007,18312.0,210793.0,-0.924162,-0.857508,NIC,HND,842959
2686020,177,99,8937,2007,601638.0,0.0,1.0412139999999999,1.309641,POL,HND,842959
2686021,197,99,8937,2007,71338.0,0.0,-0.110573,0.184426,SLV,HND,842959
2686022,208,99,8937,2007,288630.0,0.0,1.927244,0.498241,SWE,HND,842959
2686023,231,99,8937,2007,4442248.0,69207.0,1.612165,0.0922,USA,HND,842959
2686024,1,102,8937,2007,0.0,121585.0,-0.745981,-0.682003,AFG,HUN,842959
2686025,15,102,8937,2007,13952749.0,589211.0,1.730088,-0.045543,AUT,HUN,842959
2686026,18,102,8937,2007,426336.0,0.0,1.2880479999999999,1.145724,BEL,HUN,842959
2686027,23,102,8937,2007,0.0,425686.0,0.43321899999999997,1.5696700000000001,BGR,HUN,842959
2686028,41,102,8937,2007,7400.0,0.0,2.0198080000000003,0.42277200000000004,CHE,HUN,842959
2686029,43,102,8937,2007,50734.0,0.0,0.801547,2.321052,CHN,HUN,842959
2686030,59,102,8937,2007,33958.0,673480.0,1.620377,0.379404,CZE,HUN,842959
2686031,61,102,8937,2007,172156.0,314020.0,2.114566,-2.934732,DEU,HUN,842959
2686032,64,102,8937,2007,75533.0,0.0,1.204019,1.122666,DNK,HUN,842959
2686033,68,102,8937,2007,0.0,25257.0,-0.144054,0.663592,EGY,HUN,842959
2686034,74,102,8937,2007,466178.0,0.0,1.865502,0.7737729999999999,FIN,HUN,842959
2686035,77,102,8937,2007,179919.0,0.0,1.4565350000000001,0.262845,FRA,HUN,842959
2686036,81,102,8937,2007,8398672.0,0.0,1.718661,0.35525300000000004,GBR,HUN,842959
2686037,82,102,8937,2007,0.0,135629.0,0.016077,-0.386962,GEO,HUN,842959
2686038,100,102,8937,2007,35091.0,41304.0,0.7799699999999999,1.1047850000000001,HRV,HUN,842959
2686039,106,102,8937,2007,91817.0,0.0,1.353146,0.122832,IRL,HUN,842959
2686040,111,102,8937,2007,1278107.0,128935.0,1.3003559999999998,0.705448,ITA,HUN,842959
2686041,114,102,8937,2007,34329.0,0.0,2.313259,0.186703,JPN,HUN,842959
2686042,115,102,8937,2007,0.0,25216.0,-0.171218,-0.630279,KAZ,HUN,842959
2686043,117,102,8937,2007,0.0,1867.0,-0.190437,-0.23665999999999998,KGZ,HUN,842959
2686044,124,102,8937,2007,0.0,4340.0,0.47468,1.775191,LBN,HUN,842959
2686045,135,102,8937,2007,0.0,25835.0,0.147801,0.13758299999999998,MDA,HUN,842959
2686046,162,102,8937,2007,58153.0,0.0,1.089169,1.589641,NLD,HUN,842959
2686047,177,102,8937,2007,2514842.0,470183.0,1.0412139999999999,1.309641,POL,HUN,842959
2686048,183,102,8937,2007,0.0,11520.0,0.20181500000000002,-0.9898110000000001,QAT,HUN,842959
2686049,185,102,8937,2007,94210.0,1035917.0,0.69445,1.223747,ROU,HUN,842959
2686050,186,102,8937,2007,0.0,35807.0,0.5576399999999999,-0.05382000000000001,RUS,HUN,842959
2686051,188,102,8937,2007,0.0,6325.0,0.367463,-0.8603709999999999,SAU,HUN,842959
2686052,201,102,8937,2007,0.0,50864.0,0.579288,1.464123,SRB,HUN,842959
2686053,206,102,8937,2007,251851.0,819603.0,1.358301,0.79655,SVK,HUN,842959
2686054,207,102,8937,2007,58811.0,402745.0,1.605767,0.692926,SVN,HUN,842959
2686055,224,102,8937,2007,360604.0,0.0,0.41396700000000003,2.0339869999999998,TUR,HUN,842959
2686056,228,102,8937,2007,0.0,1466216.0,0.7441760000000001,0.8681260000000001,UKR,HUN,842959
2686057,231,102,8937,2007,67832.0,0.0,1.612165,0.0922,USA,HUN,842959
2686058,7,103,8937,2007,0.0,239500.0,-0.107504,-0.44744300000000004,ARE,IDN,842959
2686059,14,103,8937,2007,1955.0,68877.0,0.137686,0.451592,AUS,IDN,842959
2686060,31,103,8937,2007,0.0,39578.0,-1.021595,-0.955375,BOL,IDN,842959
2686061,32,103,8937,2007,295982.0,0.0,0.582859,1.137225,BRA,IDN,842959
2686062,34,103,8937,2007,26610.0,0.0,-1.118219,-0.924797,BRN,IDN,842959
2686063,39,103,8937,2007,224003.0,0.0,0.77681,1.20517,CAN,IDN,842959
2686064,43,103,8937,2007,435486.0,0.0,0.801547,2.321052,CHN,IDN,842959
2686065,61,103,8937,2007,142147.0,0.0,2.114566,-2.934732,DEU,IDN,842959
2686066,77,103,8937,2007,27606.0,0.0,1.4565350000000001,0.262845,FRA,IDN,842959
2686067,80,103,8937,2007,0.0,25991.0,-1.328633,-1.165045,GAB,IDN,842959
2686068,81,103,8937,2007,3157175.0,0.0,1.718661,0.35525300000000004,GBR,IDN,842959
2686069,96,103,8937,2007,0.0,149239.0,-0.889957,-0.873185,GUY,IDN,842959
2686070,97,103,8937,2007,20495.0,0.0,0.639034,2.1086009999999997,HKG,IDN,842959
2686071,104,103,8937,2007,896222.0,2602040.0,0.279475,2.7514939999999997,IND,IDN,842959
2686072,111,103,8937,2007,1875205.0,0.0,1.3003559999999998,0.705448,ITA,IDN,842959
2686073,112,103,8937,2007,0.0,25098.0,-0.466305,-0.971972,JAM,IDN,842959
2686074,114,103,8937,2007,6635966.0,45320.0,2.313259,0.186703,JPN,IDN,842959
2686075,121,103,8937,2007,66798.0,0.0,1.497359,0.726637,KOR,IDN,842959
2686076,122,103,8937,2007,0.0,93848.0,-0.8265030000000001,-1.166243,KWT,IDN,842959
2686077,138,103,8937,2007,263165.0,0.0,1.044746,0.605246,MEX,IDN,842959
2686078,153,103,8937,2007,246349.0,58559.0,0.740788,0.302155,MYS,IDN,842959
2686079,174,103,8937,2007,0.0,21318.0,0.032117,-0.16600499999999999,PHL,IDN,842959
2686080,176,103,8937,2007,0.0,10507.0,-1.947486,-1.284269,PNG,IDN,842959
2686081,183,103,8937,2007,0.0,118706.0,0.20181500000000002,-0.9898110000000001,QAT,IDN,842959
2686082,188,103,8937,2007,0.0,558016.0,0.367463,-0.8603709999999999,SAU,IDN,842959
2686083,192,103,8937,2007,12271134.0,2681854.0,1.608299,0.545791,SGP,IDN,842959
2686084,195,103,8937,2007,0.0,180212.0,-1.144843,-0.956784,SLB,IDN,842959
2686085,216,103,8937,2007,80120376.0,12514.0,0.711328,1.411114,THA,IDN,842959
2686086,222,103,8937,2007,0.0,27233.0,-0.371347,-1.0536709999999998,TTO,IDN,842959
2686087,231,103,8937,2007,2314980.0,18068.0,1.612165,0.0922,USA,IDN,842959
2686088,239,103,8937,2007,0.0,17425.0,-0.335613,1.048849,VNM,IDN,842959
2686089,249,103,8937,2007,390341.0,0.0,1.651607,0.974649,TWN,IDN,842959
2686090,7,104,8937,2007,71061.0,529700.0,-0.107504,-0.44744300000000004,ARE,IND,842959
2686091,14,104,8937,2007,0.0,9134.0,0.137686,0.451592,AUS,IND,842959
2686092,15,104,8937,2007,540734.0,0.0,1.730088,-0.045543,AUT,IND,842959
2686093,18,104,8937,2007,367309.0,0.0,1.2880479999999999,1.145724,BEL,IND,842959
2686094,21,104,8937,2007,0.0,243282.0,-0.960893,-0.94458,BFA,IND,842959
2686095,22,104,8937,2007,141298.0,0.0,-0.9436469999999999,-0.7200310000000001,BGD,IND,842959
2686096,24,104,8937,2007,0.0,314098.0,0.500846,-0.845449,BHR,IND,842959
2686097,28,104,8937,2007,65742.0,0.0,1.0435889999999999,0.415603,BLR,IND,842959
2686098,32,104,8937,2007,7073271.0,0.0,0.582859,1.137225,BRA,IND,842959
2686099,35,104,8937,2007,0.0,215095.0,-0.147438,-0.68999,BTN,IND,842959
2686100,39,104,8937,2007,19496.0,55403.0,0.77681,1.20517,CAN,IND,842959
2686101,42,104,8937,2007,0.0,540593.0,-0.306846,-0.57431,CHL,IND,842959
2686102,43,104,8937,2007,6239566.0,46942.0,0.801547,2.321052,CHN,IND,842959
2686103,61,104,8937,2007,2281820.0,37154.0,2.114566,-2.934732,DEU,IND,842959
2686104,67,104,8937,2007,506161.0,14544.0,-0.820491,-0.8557879999999999,ECU,IND,842959
2686105,73,104,8937,2007,0.0,89764.0,-1.115917,-0.821652,ETH,IND,842959
2686106,77,104,8937,2007,1849993.0,0.0,1.4565350000000001,0.262845,FRA,IND,842959
2686107,81,104,8937,2007,3044727.0,32533.0,1.718661,0.35525300000000004,GBR,IND,842959
2686108,83,104,8937,2007,0.0,45240.0,-0.906867,-0.565891,GHA,IND,842959
2686109,97,104,8937,2007,27526.0,0.0,0.639034,2.1086009999999997,HKG,IND,842959
2686110,103,104,8937,2007,2602040.0,896222.0,-0.192415,1.497962,IDN,IND,842959
2686111,106,104,8937,2007,22089.0,9609.0,1.353146,0.122832,IRL,IND,842959
2686112,111,104,8937,2007,1516744.0,0.0,1.3003559999999998,0.705448,ITA,IND,842959
2686113,114,104,8937,2007,73336440.0,0.0,2.313259,0.186703,JPN,IND,842959
2686114,116,104,8937,2007,0.0,141437.0,-0.44365299999999996,0.858692,KEN,IND,842959
2686115,121,104,8937,2007,70364392.0,54684.0,1.497359,0.726637,KOR,IND,842959
2686116,126,104,8937,2007,75586.0,197842.0,-0.8669959999999999,-1.167363,LBY,IND,842959
2686117,128,104,8937,2007,0.0,827502.0,-0.568577,0.364717,LKA,IND,842959
2686118,143,104,8937,2007,0.0,35312.0,-1.29366,-1.074733,MMR,IND,842959
2686119,147,104,8937,2007,0.0,116930.0,-1.4703110000000001,-1.1915719999999999,MOZ,IND,842959
2686120,153,104,8937,2007,284497.0,87014.0,0.740788,0.302155,MYS,IND,842959
2686121,159,104,8937,2007,0.0,22751.0,-1.746879,-1.20823,NGA,IND,842959
2686122,162,104,8937,2007,187889.0,571482.0,1.089169,1.589641,NLD,IND,842959
2686123,164,104,8937,2007,0.0,221570.0,-0.274255,0.513961,NPL,IND,842959
2686124,166,104,8937,2007,177906.0,0.0,0.495938,0.845825,NZL,IND,842959
2686125,167,104,8937,2007,0.0,62220.0,-0.5185310000000001,-1.071832,OMN,IND,842959
2686126,177,104,8937,2007,54124.0,0.0,1.0412139999999999,1.309641,POL,IND,842959
2686127,178,104,8937,2007,444807.0,0.0,0.799712,0.8789370000000001,PRK,IND,842959
2686128,183,104,8937,2007,0.0,1399487.0,0.20181500000000002,-0.9898110000000001,QAT,IND,842959
2686129,185,104,8937,2007,0.0,26161.0,0.69445,1.223747,ROU,IND,842959
2686130,186,104,8937,2007,120004.0,64861.0,0.5576399999999999,-0.05382000000000001,RUS,IND,842959
2686131,188,104,8937,2007,0.0,18589.0,0.367463,-0.8603709999999999,SAU,IND,842959
2686132,190,104,8937,2007,0.0,2585861.0,-1.978359,-1.316172,SDN,IND,842959
2686133,191,104,8937,2007,0.0,259932.0,-0.20343599999999998,0.27211199999999997,SEN,IND,842959
2686134,192,104,8937,2007,1776753.0,46881.0,1.608299,0.545791,SGP,IND,842959
2686135,208,104,8937,2007,5711878.0,0.0,1.927244,0.498241,SWE,IND,842959
2686136,211,104,8937,2007,0.0,36182.0,-0.644497,-0.8748520000000001,SYC,IND,842959
2686137,215,104,8937,2007,0.0,278563.0,-0.78689,-0.806879,TGO,IND,842959
2686138,216,104,8937,2007,56470.0,2470918.0,0.711328,1.411114,THA,IND,842959
2686139,224,104,8937,2007,10804.0,0.0,0.41396700000000003,2.0339869999999998,TUR,IND,842959
2686140,226,104,8937,2007,0.0,139337.0,-0.8493959999999999,0.47116099999999994,TZA,IND,842959
2686141,227,104,8937,2007,0.0,86963.0,-0.900559,-0.42071400000000003,UGA,IND,842959
2686142,231,104,8937,2007,743972.0,243695.0,1.612165,0.0922,USA,IND,842959
2686143,239,104,8937,2007,126671.0,0.0,-0.335613,1.048849,VNM,IND,842959
2686144,243,104,8937,2007,0.0,1188274.0,-1.2624600000000001,-1.2131290000000001,YEM,IND,842959
2686145,246,104,8937,2007,42564.0,0.0,0.349792,1.246052,ZAF,IND,842959
2686146,247,104,8937,2007,0.0,84900.0,-0.522838,-0.796874,ZMB,IND,842959
2686147,248,104,8937,2007,0.0,471927.0,-0.5271399999999999,-0.47033800000000003,ZWE,IND,842959
2686148,250,104,8937,2007,158279.0,0.0,0.671936,-0.284418,ANS,IND,842959
2686149,2,106,8937,2007,0.0,48778.0,-1.6925709999999998,-1.1987290000000002,AGO,IRL,842959
2686150,7,106,8937,2007,365604.0,692341.0,-0.107504,-0.44744300000000004,ARE,IRL,842959
2686151,15,106,8937,2007,163032.0,123007.0,1.730088,-0.045543,AUT,IRL,842959
2686152,18,106,8937,2007,1623924.0,36497.0,1.2880479999999999,1.145724,BEL,IRL,842959
2686153,23,106,8937,2007,0.0,11877.0,0.43321899999999997,1.5696700000000001,BGR,IRL,842959
2686154,39,106,8937,2007,7661.0,167321.0,0.77681,1.20517,CAN,IRL,842959
2686155,43,106,8937,2007,468619.0,0.0,0.801547,2.321052,CHN,IRL,842959
2686156,61,106,8937,2007,894004.0,452699.0,2.114566,-2.934732,DEU,IRL,842959
2686157,71,106,8937,2007,0.0,1197514.0,0.914681,2.027797,ESP,IRL,842959
2686158,74,106,8937,2007,137540.0,0.0,1.865502,0.7737729999999999,FIN,IRL,842959
2686159,77,106,8937,2007,61057.0,1887364.0,1.4565350000000001,0.262845,FRA,IRL,842959
2686160,81,106,8937,2007,56002868.0,6568345.0,1.718661,0.35525300000000004,GBR,IRL,842959
2686161,102,106,8937,2007,0.0,91817.0,1.4887709999999998,0.78372,HUN,IRL,842959
2686162,104,106,8937,2007,9609.0,22089.0,0.279475,2.7514939999999997,IND,IRL,842959
2686163,111,106,8937,2007,3350273.0,1358407.0,1.3003559999999998,0.705448,ITA,IRL,842959
2686164,113,106,8937,2007,4072.0,821401.0,0.228433,0.5984550000000001,JOR,IRL,842959
2686165,114,106,8937,2007,14023277.0,293580.0,2.313259,0.186703,JPN,IRL,842959
2686166,116,106,8937,2007,0.0,56557.0,-0.44365299999999996,0.858692,KEN,IRL,842959
2686167,121,106,8937,2007,4529034.0,0.0,1.497359,0.726637,KOR,IRL,842959
2686168,130,106,8937,2007,0.0,36671.0,0.604169,1.279982,LTU,IRL,842959
2686169,134,106,8937,2007,0.0,5378.0,-0.5846560000000001,0.10927100000000001,MAR,IRL,842959
2686170,142,106,8937,2007,0.0,18389.0,1.184569,-0.046376,MLT,IRL,842959
2686171,153,106,8937,2007,236045.0,0.0,0.740788,0.302155,MYS,IRL,842959
2686172,159,106,8937,2007,0.0,37478.0,-1.746879,-1.20823,NGA,IRL,842959
2686173,162,106,8937,2007,99712.0,688555.0,1.089169,1.589641,NLD,IRL,842959
2686174,163,106,8937,2007,0.0,17955.0,0.9829100000000001,0.100995,NOR,IRL,842959
2686175,166,106,8937,2007,0.0,16982.0,0.495938,0.845825,NZL,IRL,842959
2686176,168,106,8937,2007,0.0,55325.0,-0.5594359999999999,0.47369300000000003,PAK,IRL,842959
2686177,177,106,8937,2007,582997.0,128095.0,1.0412139999999999,1.309641,POL,IRL,842959
2686178,179,106,8937,2007,161177.0,152820.0,0.621302,1.971656,PRT,IRL,842959
2686179,183,106,8937,2007,0.0,126050.0,0.20181500000000002,-0.9898110000000001,QAT,IRL,842959
2686180,185,106,8937,2007,0.0,26216.0,0.69445,1.223747,ROU,IRL,842959
2686181,188,106,8937,2007,0.0,102631.0,0.367463,-0.8603709999999999,SAU,IRL,842959
2686182,192,106,8937,2007,323300.0,27575.0,1.608299,0.545791,SGP,IRL,842959
2686183,208,106,8937,2007,71990.0,31449.0,1.927244,0.498241,SWE,IRL,842959
2686184,211,106,8937,2007,0.0,30670.0,-0.644497,-0.8748520000000001,SYC,IRL,842959
2686185,224,106,8937,2007,638137.0,0.0,0.41396700000000003,2.0339869999999998,TUR,IRL,842959
2686186,231,106,8937,2007,261537.0,117109.0,1.612165,0.0922,USA,IRL,842959
2686187,249,106,8937,2007,104483.0,0.0,1.651607,0.974649,TWN,IRL,842959
2686188,250,106,8937,2007,0.0,45213.0,0.671936,-0.284418,ANS,IRL,842959
2686189,18,110,8937,2007,0.0,231758.0,1.2880479999999999,1.145724,BEL,ISR,842959
2686190,41,110,8937,2007,931001.0,0.0,2.0198080000000003,0.42277200000000004,CHE,ISR,842959
2686191,61,110,8937,2007,352708.0,444986.0,2.114566,-2.934732,DEU,ISR,842959
2686192,62,110,8937,2007,0.0,111000.0,-1.111848,-0.983348,DJI,ISR,842959
2686193,68,110,8937,2007,0.0,99265.0,-0.144054,0.663592,EGY,ISR,842959
2686194,71,110,8937,2007,21854.0,0.0,0.914681,2.027797,ESP,ISR,842959
2686195,81,110,8937,2007,25419446.0,400335.0,1.718661,0.35525300000000004,GBR,ISR,842959
2686196,83,110,8937,2007,0.0,17095.0,-0.906867,-0.565891,GHA,ISR,842959
2686197,90,110,8937,2007,0.0,109446.0,0.348709,1.674567,GRC,ISR,842959
2686198,111,110,8937,2007,1405466.0,0.0,1.3003559999999998,0.705448,ITA,ISR,842959
2686199,113,110,8937,2007,0.0,1535146.0,0.228433,0.5984550000000001,JOR,ISR,842959
2686200,116,110,8937,2007,0.0,240913.0,-0.44365299999999996,0.858692,KEN,ISR,842959
2686201,159,110,8937,2007,0.0,1768410.0,-1.746879,-1.20823,NGA,ISR,842959
2686202,177,110,8937,2007,321997.0,0.0,1.0412139999999999,1.309641,POL,ISR,842959
2686203,185,110,8937,2007,0.0,98337.0,0.69445,1.223747,ROU,ISR,842959
2686204,186,110,8937,2007,0.0,299553.0,0.5576399999999999,-0.05382000000000001,RUS,ISR,842959
2686205,224,110,8937,2007,485479.0,0.0,0.41396700000000003,2.0339869999999998,TUR,ISR,842959
2686206,231,110,8937,2007,806968.0,0.0,1.612165,0.0922,USA,ISR,842959
2686207,250,110,8937,2007,0.0,96000.0,0.671936,-0.284418,ANS,ISR,842959
2686208,1,111,8937,2007,0.0,36344.0,-0.745981,-0.682003,AFG,ITA,842959
2686209,2,111,8937,2007,0.0,649287.0,-1.6925709999999998,-1.1987290000000002,AGO,ITA,842959
2686210,4,111,8937,2007,0.0,1670131.0,-0.20616700000000002,-0.016993,ALB,ITA,842959
2686211,7,111,8937,2007,2158.0,6538952.0,-0.107504,-0.44744300000000004,ARE,ITA,842959
2686212,8,111,8937,2007,0.0,180623.0,0.178214,0.5093850000000001,ARG,ITA,842959
2686213,9,111,8937,2007,0.0,502610.0,0.7169,-0.019251,ARM,ITA,842959
2686214,14,111,8937,2007,0.0,8556174.0,0.137686,0.451592,AUS,ITA,842959
2686215,15,111,8937,2007,7518248.0,1601678.0,1.730088,-0.045543,AUT,ITA,842959
2686216,16,111,8937,2007,0.0,472656.0,-0.897342,-1.174224,AZE,ITA,842959
2686217,18,111,8937,2007,6249838.0,2150146.0,1.2880479999999999,1.145724,BEL,ITA,842959
2686218,19,111,8937,2007,0.0,9722.0,-1.055882,-0.880178,BEN,ITA,842959
2686219,21,111,8937,2007,0.0,23036.0,-0.960893,-0.94458,BFA,ITA,842959
2686220,23,111,8937,2007,0.0,8833870.0,0.43321899999999997,1.5696700000000001,BGR,ITA,842959
2686221,24,111,8937,2007,0.0,1304915.0,0.500846,-0.845449,BHR,ITA,842959
2686222,25,111,8937,2007,0.0,204614.0,0.502698,-0.538612,BHS,ITA,842959
2686223,26,111,8937,2007,0.0,910926.0,0.46303199999999994,0.596178,BIH,ITA,842959
2686224,28,111,8937,2007,0.0,446392.0,1.0435889999999999,0.415603,BLR,ITA,842959
2686225,31,111,8937,2007,0.0,56066.0,-1.021595,-0.955375,BOL,ITA,842959
2686226,32,111,8937,2007,0.0,158439.0,0.582859,1.137225,BRA,ITA,842959
2686227,39,111,8937,2007,4342754.0,3899218.0,0.77681,1.20517,CAN,ITA,842959
2686228,41,111,8937,2007,368586.0,1155646.0,2.0198080000000003,0.42277200000000004,CHE,ITA,842959
2686229,42,111,8937,2007,0.0,5873972.0,-0.306846,-0.57431,CHL,ITA,842959
2686230,43,111,8937,2007,255000.0,936772.0,0.801547,2.321052,CHN,ITA,842959
2686231,44,111,8937,2007,0.0,67533.0,-0.9989110000000001,-0.867232,CIV,ITA,842959
2686232,45,111,8937,2007,0.0,229924.0,-0.821623,-0.965601,CMR,ITA,842959
2686233,46,111,8937,2007,0.0,365484.0,-1.507664,-1.111844,COD,ITA,842959
2686234,47,111,8937,2007,0.0,311317.0,-1.88462,-1.22688,COG,ITA,842959
2686235,49,111,8937,2007,0.0,1151424.0,0.118341,0.557699,COL,ITA,842959
2686236,51,111,8937,2007,0.0,73957.0,0.289375,-0.295194,CPV,ITA,842959
2686237,52,111,8937,2007,0.0,2578378.0,0.001895,-0.30248600000000003,CRI,ITA,842959
2686238,54,111,8937,2007,0.0,895985.0,-0.308053,-0.8740610000000001,CUB,ITA,842959
2686239,58,111,8937,2007,221874.0,1556649.0,0.887351,0.426331,CYP,ITA,842959
2686240,59,111,8937,2007,50857.0,11641273.0,1.620377,0.379404,CZE,ITA,842959
2686241,61,111,8937,2007,1759143.0,3883003.0,2.114566,-2.934732,DEU,ITA,842959
2686242,62,111,8937,2007,0.0,4114.0,-1.111848,-0.983348,DJI,ITA,842959
2686243,64,111,8937,2007,0.0,14420240.0,1.204019,1.122666,DNK,ITA,842959
2686244,65,111,8937,2007,0.0,105844.0,-0.228756,0.004222,DOM,ITA,842959
2686245,66,111,8937,2007,0.0,8953968.0,-0.9822690000000001,-1.170282,DZA,ITA,842959
2686246,67,111,8937,2007,0.0,1552996.0,-0.820491,-0.8557879999999999,ECU,ITA,842959
2686247,68,111,8937,2007,118174.0,1067616.0,-0.144054,0.663592,EGY,ITA,842959
2686248,69,111,8937,2007,0.0,14036.0,-0.905408,-0.908877,ERI,ITA,842959
2686249,71,111,8937,2007,206623.0,21203016.0,0.914681,2.027797,ESP,ITA,842959
2686250,72,111,8937,2007,0.0,6291907.0,0.746434,1.306397,EST,ITA,842959
2686251,73,111,8937,2007,0.0,128589.0,-1.115917,-0.821652,ETH,ITA,842959
2686252,74,111,8937,2007,1217418.0,1578323.0,1.865502,0.7737729999999999,FIN,ITA,842959
2686253,77,111,8937,2007,3016372.0,60419996.0,1.4565350000000001,0.262845,FRA,ITA,842959
2686254,78,111,8937,2007,0.0,37998.0,-0.308363,-0.7707510000000001,FRO,ITA,842959
2686255,80,111,8937,2007,0.0,622711.0,-1.328633,-1.165045,GAB,ITA,842959
2686256,81,111,8937,2007,116556216.0,14450338.0,1.718661,0.35525300000000004,GBR,ITA,842959
2686257,83,111,8937,2007,0.0,163956.0,-0.906867,-0.565891,GHA,ITA,842959
2686258,87,111,8937,2007,0.0,31783.0,-0.8336680000000001,-0.8261860000000001,GMB,ITA,842959
2686259,89,111,8937,2007,0.0,800343.0,-1.406911,-0.8466950000000001,GNQ,ITA,842959
2686260,90,111,8937,2007,0.0,6482622.0,0.348709,1.674567,GRC,ITA,842959
2686261,93,111,8937,2007,0.0,606641.0,-0.261899,0.643437,GTM,ITA,842959
2686262,95,111,8937,2007,0.0,278469.0,0.571674,-0.282353,GUM,ITA,842959
2686263,99,111,8937,2007,0.0,148978.0,-0.6366,-0.327447,HND,ITA,842959
2686264,100,111,8937,2007,172971.0,2181987.0,0.7799699999999999,1.1047850000000001,HRV,ITA,842959
2686265,102,111,8937,2007,128935.0,1278107.0,1.4887709999999998,0.78372,HUN,ITA,842959
2686266,103,111,8937,2007,0.0,1875205.0,-0.192415,1.497962,IDN,ITA,842959
2686267,104,111,8937,2007,0.0,1516744.0,0.279475,2.7514939999999997,IND,ITA,842959
2686268,106,111,8937,2007,1358407.0,3350273.0,1.353146,0.122832,IRL,ITA,842959
2686269,107,111,8937,2007,0.0,7994276.0,-0.797659,-1.048892,IRN,ITA,842959
2686270,108,111,8937,2007,0.0,6857.0,-1.961053,-0.8849969999999999,IRQ,ITA,842959
2686271,109,111,8937,2007,0.0,1203298.0,0.172786,-0.380266,ISL,ITA,842959
2686272,110,111,8937,2007,0.0,1405466.0,1.092244,0.753984,ISR,ITA,842959
2686273,112,111,8937,2007,0.0,13988.0,-0.466305,-0.971972,JAM,ITA,842959
2686274,113,111,8937,2007,0.0,107249.0,0.228433,0.5984550000000001,JOR,ITA,842959
2686275,114,111,8937,2007,35149024.0,116636.0,2.313259,0.186703,JPN,ITA,842959
2686276,115,111,8937,2007,0.0,250554.0,-0.171218,-0.630279,KAZ,ITA,842959
2686277,116,111,8937,2007,0.0,25047.0,-0.44365299999999996,0.858692,KEN,ITA,842959
2686278,121,111,8937,2007,5489426.0,0.0,1.497359,0.726637,KOR,ITA,842959
2686279,122,111,8937,2007,0.0,1074058.0,-0.8265030000000001,-1.166243,KWT,ITA,842959
2686280,124,111,8937,2007,0.0,1137043.0,0.47468,1.775191,LBN,ITA,842959
2686281,126,111,8937,2007,0.0,7191781.0,-0.8669959999999999,-1.167363,LBY,ITA,842959
2686282,128,111,8937,2007,0.0,45910.0,-0.568577,0.364717,LKA,ITA,842959
2686283,130,111,8937,2007,0.0,11548567.0,0.604169,1.279982,LTU,ITA,842959
2686284,131,111,8937,2007,0.0,309963.0,1.390259,0.996566,LUX,ITA,842959
2686285,132,111,8937,2007,0.0,10980022.0,0.61459,0.985358,LVA,ITA,842959
2686286,133,111,8937,2007,0.0,4810.0,0.168528,-0.150411,MAC,ITA,842959
2686287,134,111,8937,2007,0.0,4057254.0,-0.5846560000000001,0.10927100000000001,MAR,ITA,842959
2686288,135,111,8937,2007,0.0,244330.0,0.147801,0.13758299999999998,MDA,ITA,842959
2686289,136,111,8937,2007,8449.0,199316.0,-0.939838,-0.221205,MDG,ITA,842959
2686290,138,111,8937,2007,0.0,5739132.0,1.044746,0.605246,MEX,ITA,842959
2686291,140,111,8937,2007,42543.0,480337.0,-0.125912,-0.009395,MKD,ITA,842959
2686292,141,111,8937,2007,0.0,19242.0,-0.672822,-0.687913,MLI,ITA,842959
2686293,142,111,8937,2007,17566.0,1475503.0,1.184569,-0.046376,MLT,ITA,842959
2686294,144,111,8937,2007,0.0,27035.0,0.250006,-0.154908,MNE,ITA,842959
2686295,147,111,8937,2007,0.0,640949.0,-1.4703110000000001,-1.1915719999999999,MOZ,ITA,842959
2686296,151,111,8937,2007,0.0,110146.0,-0.342957,-0.129114,MUS,ITA,842959
2686297,153,111,8937,2007,48137.0,0.0,0.740788,0.302155,MYS,ITA,842959
2686298,154,111,8937,2007,0.0,2894.0,0.9008879999999999,-0.209565,MYT,ITA,842959
2686299,155,111,8937,2007,0.0,311639.0,-0.588953,-0.751722,NAM,ITA,842959
2686300,156,111,8937,2007,0.0,797241.0,-0.075892,-0.8211430000000001,NCL,ITA,842959
2686301,157,111,8937,2007,0.0,35734.0,-0.287155,-0.577325,NER,ITA,842959
2686302,159,111,8937,2007,0.0,1448749.0,-1.746879,-1.20823,NGA,ITA,842959
2686303,160,111,8937,2007,0.0,63352.0,-0.924162,-0.857508,NIC,ITA,842959
2686304,162,111,8937,2007,3308853.0,842974.0,1.089169,1.589641,NLD,ITA,842959
2686305,163,111,8937,2007,27985.0,857824.0,0.9829100000000001,0.100995,NOR,ITA,842959
2686306,167,111,8937,2007,0.0,4080534.0,-0.5185310000000001,-1.071832,OMN,ITA,842959
2686307,168,111,8937,2007,47742.0,41298.0,-0.5594359999999999,0.47369300000000003,PAK,ITA,842959
2686308,169,111,8937,2007,0.0,1702789.0,0.36233899999999997,0.807669,PAN,ITA,842959
2686309,173,111,8937,2007,0.0,2006741.0,-0.49716099999999996,0.02556,PER,ITA,842959
2686310,174,111,8937,2007,0.0,43298.0,0.032117,-0.16600499999999999,PHL,ITA,842959
2686311,177,111,8937,2007,2547070.0,42745136.0,1.0412139999999999,1.309641,POL,ITA,842959
2686312,179,111,8937,2007,38184.0,5679980.0,0.621302,1.971656,PRT,ITA,842959
2686313,181,111,8937,2007,0.0,7791.0,0.16788499999999998,0.689805,PSE,ITA,842959
2686314,182,111,8937,2007,0.0,230785.0,-0.72809,-0.9329620000000001,PYF,ITA,842959
2686315,183,111,8937,2007,0.0,7851829.0,0.20181500000000002,-0.9898110000000001,QAT,ITA,842959
2686316,185,111,8937,2007,107006.0,21539500.0,0.69445,1.223747,ROU,ITA,842959
2686317,186,111,8937,2007,0.0,49567420.0,0.5576399999999999,-0.05382000000000001,RUS,ITA,842959
2686318,188,111,8937,2007,0.0,6456966.0,0.367463,-0.8603709999999999,SAU,ITA,842959
2686319,190,111,8937,2007,0.0,42812.0,-1.978359,-1.316172,SDN,ITA,842959
2686320,191,111,8937,2007,0.0,399259.0,-0.20343599999999998,0.27211199999999997,SEN,ITA,842959
2686321,192,111,8937,2007,32631.0,149888.0,1.608299,0.545791,SGP,ITA,842959
2686322,197,111,8937,2007,0.0,205370.0,-0.110573,0.184426,SLV,ITA,842959
2686323,201,111,8937,2007,27082.0,1798635.0,0.579288,1.464123,SRB,ITA,842959
2686324,206,111,8937,2007,0.0,5597189.0,1.358301,0.79655,SVK,ITA,842959
2686325,207,111,8937,2007,0.0,4069750.0,1.605767,0.692926,SVN,ITA,842959
2686326,208,111,8937,2007,1135.0,1079202.0,1.927244,0.498241,SWE,ITA,842959
2686327,212,111,8937,2007,0.0,379185.0,-0.46851899999999996,0.553396,SYR,ITA,842959
2686328,215,111,8937,2007,0.0,8773.0,-0.78689,-0.806879,TGO,ITA,842959
2686329,216,111,8937,2007,0.0,1045215.0,0.711328,1.411114,THA,ITA,842959
2686330,217,111,8937,2007,0.0,79821.0,-1.0092379999999999,-1.185964,TJK,ITA,842959
2686331,222,111,8937,2007,0.0,1140508.0,-0.371347,-1.0536709999999998,TTO,ITA,842959
2686332,223,111,8937,2007,239213.0,3695064.0,0.062824,0.74003,TUN,ITA,842959
2686333,224,111,8937,2007,0.0,29533132.0,0.41396700000000003,2.0339869999999998,TUR,ITA,842959
2686334,226,111,8937,2007,0.0,233382.0,-0.8493959999999999,0.47116099999999994,TZA,ITA,842959
2686335,227,111,8937,2007,0.0,355722.0,-0.900559,-0.42071400000000003,UGA,ITA,842959
2686336,228,111,8937,2007,0.0,1039404.0,0.7441760000000001,0.8681260000000001,UKR,ITA,842959
2686337,230,111,8937,2007,0.0,43103.0,0.184883,0.207788,URY,ITA,842959
2686338,231,111,8937,2007,12016094.0,51143428.0,1.612165,0.0922,USA,ITA,842959
2686339,232,111,8937,2007,0.0,62800.0,-0.540449,-0.799454,UZB,ITA,842959
2686340,236,111,8937,2007,0.0,6164652.0,-0.231215,-0.9839200000000001,VEN,ITA,842959
2686341,239,111,8937,2007,0.0,6356.0,-0.335613,1.048849,VNM,ITA,842959
2686342,246,111,8937,2007,0.0,27653338.0,0.349792,1.246052,ZAF,ITA,842959
2686343,247,111,8937,2007,0.0,933110.0,-0.522838,-0.796874,ZMB,ITA,842959
2686344,248,111,8937,2007,0.0,8846.0,-0.5271399999999999,-0.47033800000000003,ZWE,ITA,842959
2686345,249,111,8937,2007,0.0,79087.0,1.651607,0.974649,TWN,ITA,842959
2686346,18,112,8937,2007,23978.0,0.0,1.2880479999999999,1.145724,BEL,JAM,842959
2686347,39,112,8937,2007,151647.0,0.0,0.77681,1.20517,CAN,JAM,842959
2686348,43,112,8937,2007,4841.0,0.0,0.801547,2.321052,CHN,JAM,842959
2686349,61,112,8937,2007,18639.0,0.0,2.114566,-2.934732,DEU,JAM,842959
2686350,64,112,8937,2007,80161.0,0.0,1.204019,1.122666,DNK,JAM,842959
2686351,65,112,8937,2007,45383.0,0.0,-0.228756,0.004222,DOM,JAM,842959
2686352,81,112,8937,2007,418302.0,0.0,1.718661,0.35525300000000004,GBR,JAM,842959
2686353,101,112,8937,2007,10024.0,0.0,-1.070524,-1.046209,HTI,JAM,842959
2686354,103,112,8937,2007,25098.0,0.0,-0.192415,1.497962,IDN,JAM,842959
2686355,111,112,8937,2007,13988.0,0.0,1.3003559999999998,0.705448,ITA,JAM,842959
2686356,114,112,8937,2007,67173.0,0.0,2.313259,0.186703,JPN,JAM,842959
2686357,121,112,8937,2007,373574.0,0.0,1.497359,0.726637,KOR,JAM,842959
2686358,138,112,8937,2007,15460.0,0.0,1.044746,0.605246,MEX,JAM,842959
2686359,224,112,8937,2007,11807.0,0.0,0.41396700000000003,2.0339869999999998,TUR,JAM,842959
2686360,231,112,8937,2007,5584592.0,611453.0,1.612165,0.0922,USA,JAM,842959
2686361,249,112,8937,2007,1265.0,0.0,1.651607,0.974649,TWN,JAM,842959
2686362,2,114,8937,2007,0.0,2766496.0,-1.6925709999999998,-1.1987290000000002,AGO,JPN,842959
2686363,4,114,8937,2007,0.0,3073.0,-0.20616700000000002,-0.016993,ALB,JPN,842959
2686364,7,114,8937,2007,0.0,5620037.0,-0.107504,-0.44744300000000004,ARE,JPN,842959
2686365,8,114,8937,2007,0.0,78151.0,0.178214,0.5093850000000001,ARG,JPN,842959
2686366,13,114,8937,2007,0.0,5806.0,0.5574899999999999,-0.125609,ATG,JPN,842959
2686367,14,114,8937,2007,0.0,2395303.0,0.137686,0.451592,AUS,JPN,842959
2686368,15,114,8937,2007,0.0,200672.0,1.730088,-0.045543,AUT,JPN,842959
2686369,16,114,8937,2007,0.0,109536.0,-0.897342,-1.174224,AZE,JPN,842959
2686370,18,114,8937,2007,2011.0,3688572.0,1.2880479999999999,1.145724,BEL,JPN,842959
2686371,21,114,8937,2007,0.0,3190.0,-0.960893,-0.94458,BFA,JPN,842959
2686372,22,114,8937,2007,0.0,2666472.0,-0.9436469999999999,-0.7200310000000001,BGD,JPN,842959
2686373,23,114,8937,2007,0.0,6834.0,0.43321899999999997,1.5696700000000001,BGR,JPN,842959
2686374,24,114,8937,2007,0.0,3279199.0,0.500846,-0.845449,BHR,JPN,842959
2686375,26,114,8937,2007,0.0,18671.0,0.46303199999999994,0.596178,BIH,JPN,842959
2686376,31,114,8937,2007,0.0,1998211.0,-1.021595,-0.955375,BOL,JPN,842959
2686377,33,114,8937,2007,0.0,230392.0,1.006332,0.680391,BRB,JPN,842959
2686378,34,114,8937,2007,0.0,69817.0,-1.118219,-0.924797,BRN,JPN,842959
2686379,35,114,8937,2007,0.0,101947.0,-0.147438,-0.68999,BTN,JPN,842959
2686380,39,114,8937,2007,0.0,1588591.0,0.77681,1.20517,CAN,JPN,842959
2686381,41,114,8937,2007,0.0,584436.0,2.0198080000000003,0.42277200000000004,CHE,JPN,842959
2686382,42,114,8937,2007,0.0,9378397.0,-0.306846,-0.57431,CHL,JPN,842959
2686383,43,114,8937,2007,679816.0,1019951.0,0.801547,2.321052,CHN,JPN,842959
2686384,44,114,8937,2007,0.0,116260.0,-0.9989110000000001,-0.867232,CIV,JPN,842959
2686385,45,114,8937,2007,0.0,89892.0,-0.821623,-0.965601,CMR,JPN,842959
2686386,49,114,8937,2007,0.0,1584855.0,0.118341,0.557699,COL,JPN,842959
2686387,51,114,8937,2007,0.0,7928.0,0.289375,-0.295194,CPV,JPN,842959
2686388,52,114,8937,2007,0.0,249386.0,0.001895,-0.30248600000000003,CRI,JPN,842959
2686389,58,114,8937,2007,0.0,76517.0,0.887351,0.426331,CYP,JPN,842959
2686390,59,114,8937,2007,0.0,261307.0,1.620377,0.379404,CZE,JPN,842959
2686391,61,114,8937,2007,0.0,3123544.0,2.114566,-2.934732,DEU,JPN,842959
2686392,64,114,8937,2007,0.0,2461398.0,1.204019,1.122666,DNK,JPN,842959
2686393,65,114,8937,2007,0.0,9513.0,-0.228756,0.004222,DOM,JPN,842959
2686394,66,114,8937,2007,0.0,741744.0,-0.9822690000000001,-1.170282,DZA,JPN,842959
2686395,67,114,8937,2007,0.0,211542.0,-0.820491,-0.8557879999999999,ECU,JPN,842959
2686396,68,114,8937,2007,0.0,499376.0,-0.144054,0.663592,EGY,JPN,842959
2686397,71,114,8937,2007,0.0,3228798.0,0.914681,2.027797,ESP,JPN,842959
2686398,72,114,8937,2007,0.0,69427.0,0.746434,1.306397,EST,JPN,842959
2686399,73,114,8937,2007,0.0,5404286.0,-1.115917,-0.821652,ETH,JPN,842959
2686400,74,114,8937,2007,0.0,111029.0,1.865502,0.7737729999999999,FIN,JPN,842959
2686401,75,114,8937,2007,0.0,230785.0,-0.506992,0.033250999999999996,FJI,JPN,842959
2686402,77,114,8937,2007,54548.0,859951.0,1.4565350000000001,0.262845,FRA,JPN,842959
2686403,81,114,8937,2007,0.0,135484352.0,1.718661,0.35525300000000004,GBR,JPN,842959
2686404,83,114,8937,2007,0.0,875995.0,-0.906867,-0.565891,GHA,JPN,842959
2686405,85,114,8937,2007,0.0,4670132.0,-1.694335,-1.230744,GIN,JPN,842959
2686406,90,114,8937,2007,0.0,219752.0,0.348709,1.674567,GRC,JPN,842959
2686407,96,114,8937,2007,0.0,96886.0,-0.889957,-0.873185,GUY,JPN,842959
2686408,97,114,8937,2007,0.0,131358.0,0.639034,2.1086009999999997,HKG,JPN,842959
2686409,99,114,8937,2007,0.0,125217.0,-0.6366,-0.327447,HND,JPN,842959
2686410,100,114,8937,2007,0.0,14886.0,0.7799699999999999,1.1047850000000001,HRV,JPN,842959
2686411,102,114,8937,2007,0.0,34329.0,1.4887709999999998,0.78372,HUN,JPN,842959
2686412,103,114,8937,2007,45320.0,6635966.0,-0.192415,1.497962,IDN,JPN,842959
2686413,104,114,8937,2007,0.0,73336440.0,0.279475,2.7514939999999997,IND,JPN,842959
2686414,106,114,8937,2007,293580.0,14023277.0,1.353146,0.122832,IRL,JPN,842959
2686415,109,114,8937,2007,0.0,723713.0,0.172786,-0.380266,ISL,JPN,842959
2686416,111,114,8937,2007,116636.0,35149024.0,1.3003559999999998,0.705448,ITA,JPN,842959
2686417,112,114,8937,2007,0.0,67173.0,-0.466305,-0.971972,JAM,JPN,842959
2686418,113,114,8937,2007,0.0,474135.0,0.228433,0.5984550000000001,JOR,JPN,842959
2686419,115,114,8937,2007,0.0,760850.0,-0.171218,-0.630279,KAZ,JPN,842959
2686420,116,114,8937,2007,0.0,4405746.0,-0.44365299999999996,0.858692,KEN,JPN,842959
2686421,118,114,8937,2007,458536.0,60499.0,-1.1822489999999999,-1.129066,KHM,JPN,842959
2686422,119,114,8937,2007,0.0,46389.0,0.106985,-0.654763,KIR,JPN,842959
2686423,121,114,8937,2007,0.0,25662.0,1.497359,0.726637,KOR,JPN,842959
2686424,122,114,8937,2007,0.0,241337.0,-0.8265030000000001,-1.166243,KWT,JPN,842959
2686425,124,114,8937,2007,0.0,31866.0,0.47468,1.775191,LBN,JPN,842959
2686426,127,114,8937,2007,0.0,7829.0,0.7445430000000001,-0.187834,LCA,JPN,842959
2686427,128,114,8937,2007,0.0,920642.0,-0.568577,0.364717,LKA,JPN,842959
2686428,130,114,8937,2007,0.0,626696.0,0.604169,1.279982,LTU,JPN,842959
2686429,132,114,8937,2007,0.0,487189.0,0.61459,0.985358,LVA,JPN,842959
2686430,133,114,8937,2007,0.0,1566978.0,0.168528,-0.150411,MAC,JPN,842959
2686431,134,114,8937,2007,0.0,796659.0,-0.5846560000000001,0.10927100000000001,MAR,JPN,842959
2686432,135,114,8937,2007,0.0,4107.0,0.147801,0.13758299999999998,MDA,JPN,842959
2686433,136,114,8937,2007,0.0,213966.0,-0.939838,-0.221205,MDG,JPN,842959
2686434,137,114,8937,2007,0.0,3841.0,-0.7558050000000001,-0.931211,MDV,JPN,842959
2686435,138,114,8937,2007,0.0,482932.0,1.044746,0.605246,MEX,JPN,842959
2686436,140,114,8937,2007,0.0,139770.0,-0.125912,-0.009395,MKD,JPN,842959
2686437,141,114,8937,2007,0.0,53210.0,-0.672822,-0.687913,MLI,JPN,842959
2686438,142,114,8937,2007,0.0,6449.0,1.184569,-0.046376,MLT,JPN,842959
2686439,143,114,8937,2007,0.0,41729.0,-1.29366,-1.074733,MMR,JPN,842959
2686440,144,114,8937,2007,0.0,13055.0,0.250006,-0.154908,MNE,JPN,842959
2686441,145,114,8937,2007,0.0,9278.0,-1.0688790000000001,-1.1115709999999999,MNG,JPN,842959
2686442,147,114,8937,2007,0.0,195585.0,-1.4703110000000001,-1.1915719999999999,MOZ,JPN,842959
2686443,148,114,8937,2007,0.0,1012743.0,-2.027741,-1.311094,MRT,JPN,842959
2686444,151,114,8937,2007,0.0,162595.0,-0.342957,-0.129114,MUS,JPN,842959
2686445,153,114,8937,2007,0.0,605562.0,0.740788,0.302155,MYS,JPN,842959
2686446,156,114,8937,2007,0.0,77878.0,-0.075892,-0.8211430000000001,NCL,JPN,842959
2686447,159,114,8937,2007,0.0,423310.0,-1.746879,-1.20823,NGA,JPN,842959
2686448,160,114,8937,2007,0.0,661728.0,-0.924162,-0.857508,NIC,JPN,842959
2686449,162,114,8937,2007,0.0,46258.0,1.089169,1.589641,NLD,JPN,842959
2686450,163,114,8937,2007,0.0,3071070.0,0.9829100000000001,0.100995,NOR,JPN,842959
2686451,166,114,8937,2007,0.0,2428546.0,0.495938,0.845825,NZL,JPN,842959
2686452,167,114,8937,2007,0.0,644523.0,-0.5185310000000001,-1.071832,OMN,JPN,842959
2686453,168,114,8937,2007,0.0,2375088.0,-0.5594359999999999,0.47369300000000003,PAK,JPN,842959
2686454,173,114,8937,2007,0.0,194863.0,-0.49716099999999996,0.02556,PER,JPN,842959
2686455,174,114,8937,2007,0.0,861825.0,0.032117,-0.16600499999999999,PHL,JPN,842959
2686456,177,114,8937,2007,0.0,823152.0,1.0412139999999999,1.309641,POL,JPN,842959
2686457,179,114,8937,2007,0.0,153028.0,0.621302,1.971656,PRT,JPN,842959
2686458,180,114,8937,2007,0.0,4915.0,-0.500617,-0.814385,PRY,JPN,842959
2686459,182,114,8937,2007,0.0,18121.0,-0.72809,-0.9329620000000001,PYF,JPN,842959
2686460,183,114,8937,2007,0.0,11446709.0,0.20181500000000002,-0.9898110000000001,QAT,JPN,842959
2686461,186,114,8937,2007,0.0,6496956.0,0.5576399999999999,-0.05382000000000001,RUS,JPN,842959
2686462,188,114,8937,2007,0.0,1540516.0,0.367463,-0.8603709999999999,SAU,JPN,842959
2686463,190,114,8937,2007,0.0,14267.0,-1.978359,-1.316172,SDN,JPN,842959
2686464,191,114,8937,2007,0.0,18205.0,-0.20343599999999998,0.27211199999999997,SEN,JPN,842959
2686465,192,114,8937,2007,761922.0,5627690.0,1.608299,0.545791,SGP,JPN,842959
2686466,197,114,8937,2007,0.0,26856.0,-0.110573,0.184426,SLV,JPN,842959
2686467,201,114,8937,2007,0.0,66496.0,0.579288,1.464123,SRB,JPN,842959
2686468,205,114,8937,2007,0.0,12311.0,-0.8506440000000001,-0.8898959999999999,SUR,JPN,842959
2686469,206,114,8937,2007,0.0,131023.0,1.358301,0.79655,SVK,JPN,842959
2686470,207,114,8937,2007,0.0,948629.0,1.605767,0.692926,SVN,JPN,842959
2686471,208,114,8937,2007,0.0,7653630.0,1.927244,0.498241,SWE,JPN,842959
2686472,211,114,8937,2007,0.0,60945.0,-0.644497,-0.8748520000000001,SYC,JPN,842959
2686473,212,114,8937,2007,0.0,3677.0,-0.46851899999999996,0.553396,SYR,JPN,842959
2686474,216,114,8937,2007,857869.0,966065.0,0.711328,1.411114,THA,JPN,842959
2686475,222,114,8937,2007,0.0,690361.0,-0.371347,-1.0536709999999998,TTO,JPN,842959
2686476,223,114,8937,2007,0.0,90502.0,0.062824,0.74003,TUN,JPN,842959
2686477,224,114,8937,2007,0.0,84599.0,0.41396700000000003,2.0339869999999998,TUR,JPN,842959
2686478,226,114,8937,2007,0.0,724598.0,-0.8493959999999999,0.47116099999999994,TZA,JPN,842959
2686479,227,114,8937,2007,0.0,424555.0,-0.900559,-0.42071400000000003,UGA,JPN,842959
2686480,228,114,8937,2007,0.0,45683.0,0.7441760000000001,0.8681260000000001,UKR,JPN,842959
2686481,230,114,8937,2007,0.0,8239.0,0.184883,0.207788,URY,JPN,842959
2686482,231,114,8937,2007,93937.0,64146816.0,1.612165,0.0922,USA,JPN,842959
2686483,234,114,8937,2007,0.0,741105.0,-0.112166,-0.692679,VCT,JPN,842959
2686484,236,114,8937,2007,0.0,1799411.0,-0.231215,-0.9839200000000001,VEN,JPN,842959
2686485,239,114,8937,2007,24154.0,4787620.0,-0.335613,1.048849,VNM,JPN,842959
2686486,240,114,8937,2007,0.0,33255.0,-1.187885,-0.993107,VUT,JPN,842959
2686487,243,114,8937,2007,242489.0,404307.0,-1.2624600000000001,-1.2131290000000001,YEM,JPN,842959
2686488,246,114,8937,2007,0.0,414849.0,0.349792,1.246052,ZAF,JPN,842959
2686489,247,114,8937,2007,0.0,6406.0,-0.522838,-0.796874,ZMB,JPN,842959
2686490,249,114,8937,2007,208011.0,3741682.0,1.651607,0.974649,TWN,JPN,842959
2686491,250,114,8937,2007,0.0,42180.0,0.671936,-0.284418,ANS,JPN,842959
2686492,2,121,8937,2007,0.0,185164.0,-1.6925709999999998,-1.1987290000000002,AGO,KOR,842959
2686493,3,121,8937,2007,0.0,6200.0,1.204732,-0.009463,AIA,KOR,842959
2686494,7,121,8937,2007,0.0,20670706.0,-0.107504,-0.44744300000000004,ARE,KOR,842959
2686495,9,121,8937,2007,0.0,64524.0,0.7169,-0.019251,ARM,KOR,842959
2686496,16,121,8937,2007,0.0,33437.0,-0.897342,-1.174224,AZE,KOR,842959
2686497,18,121,8937,2007,0.0,1718659.0,1.2880479999999999,1.145724,BEL,KOR,842959
2686498,22,121,8937,2007,0.0,30241.0,-0.9436469999999999,-0.7200310000000001,BGD,KOR,842959
2686499,23,121,8937,2007,0.0,1610686.0,0.43321899999999997,1.5696700000000001,BGR,KOR,842959
2686500,24,121,8937,2007,0.0,4188522.0,0.500846,-0.845449,BHR,KOR,842959
2686501,31,121,8937,2007,0.0,83289.0,-1.021595,-0.955375,BOL,KOR,842959
2686502,37,121,8937,2007,0.0,74428.0,-0.8557239999999999,-1.1712989999999999,BWA,KOR,842959
2686503,39,121,8937,2007,0.0,2952160.0,0.77681,1.20517,CAN,KOR,842959
2686504,43,121,8937,2007,20722.0,43589.0,0.801547,2.321052,CHN,KOR,842959
2686505,45,121,8937,2007,0.0,170377.0,-0.821623,-0.965601,CMR,KOR,842959
2686506,49,121,8937,2007,0.0,542217.0,0.118341,0.557699,COL,KOR,842959
2686507,52,121,8937,2007,0.0,51926.0,0.001895,-0.30248600000000003,CRI,KOR,842959
2686508,58,121,8937,2007,0.0,122624.0,0.887351,0.426331,CYP,KOR,842959
2686509,59,121,8937,2007,0.0,1542205.0,1.620377,0.379404,CZE,KOR,842959
2686510,61,121,8937,2007,520271.0,4333.0,2.114566,-2.934732,DEU,KOR,842959
2686511,65,121,8937,2007,0.0,1935408.0,-0.228756,0.004222,DOM,KOR,842959
2686512,66,121,8937,2007,0.0,4875.0,-0.9822690000000001,-1.170282,DZA,KOR,842959
2686513,68,121,8937,2007,0.0,122953.0,-0.144054,0.663592,EGY,KOR,842959
2686514,71,121,8937,2007,0.0,4055153.0,0.914681,2.027797,ESP,KOR,842959
2686515,72,121,8937,2007,0.0,768179.0,0.746434,1.306397,EST,KOR,842959
2686516,73,121,8937,2007,0.0,5467460.0,-1.115917,-0.821652,ETH,KOR,842959
2686517,75,121,8937,2007,0.0,9644.0,-0.506992,0.033250999999999996,FJI,KOR,842959
2686518,77,121,8937,2007,0.0,1295306.0,1.4565350000000001,0.262845,FRA,KOR,842959
2686519,81,121,8937,2007,2264.0,583516.0,1.718661,0.35525300000000004,GBR,KOR,842959
2686520,83,121,8937,2007,0.0,1616338.0,-0.906867,-0.565891,GHA,KOR,842959
2686521,95,121,8937,2007,0.0,15114.0,0.571674,-0.282353,GUM,KOR,842959
2686522,96,121,8937,2007,0.0,1213682.0,-0.889957,-0.873185,GUY,KOR,842959
2686523,99,121,8937,2007,0.0,670543.0,-0.6366,-0.327447,HND,KOR,842959
2686524,100,121,8937,2007,0.0,60316.0,0.7799699999999999,1.1047850000000001,HRV,KOR,842959
2686525,103,121,8937,2007,0.0,66798.0,-0.192415,1.497962,IDN,KOR,842959
2686526,104,121,8937,2007,54684.0,70364392.0,0.279475,2.7514939999999997,IND,KOR,842959
2686527,106,121,8937,2007,0.0,4529034.0,1.353146,0.122832,IRL,KOR,842959
2686528,109,121,8937,2007,0.0,170101.0,0.172786,-0.380266,ISL,KOR,842959
2686529,111,121,8937,2007,0.0,5489426.0,1.3003559999999998,0.705448,ITA,KOR,842959
2686530,112,121,8937,2007,0.0,373574.0,-0.466305,-0.971972,JAM,KOR,842959
2686531,114,121,8937,2007,25662.0,0.0,2.313259,0.186703,JPN,KOR,842959
2686532,115,121,8937,2007,0.0,1192436.0,-0.171218,-0.630279,KAZ,KOR,842959
2686533,116,121,8937,2007,0.0,795705.0,-0.44365299999999996,0.858692,KEN,KOR,842959
2686534,117,121,8937,2007,0.0,129847.0,-0.190437,-0.23665999999999998,KGZ,KOR,842959
2686535,118,121,8937,2007,0.0,261973.0,-1.1822489999999999,-1.129066,KHM,KOR,842959
2686536,122,121,8937,2007,0.0,41896.0,-0.8265030000000001,-1.166243,KWT,KOR,842959
2686537,126,121,8937,2007,0.0,7865.0,-0.8669959999999999,-1.167363,LBY,KOR,842959
2686538,136,121,8937,2007,0.0,531116.0,-0.939838,-0.221205,MDG,KOR,842959
2686539,137,121,8937,2007,0.0,9124.0,-0.7558050000000001,-0.931211,MDV,KOR,842959
2686540,138,121,8937,2007,0.0,111100.0,1.044746,0.605246,MEX,KOR,842959
2686541,140,121,8937,2007,0.0,97547.0,-0.125912,-0.009395,MKD,KOR,842959
2686542,144,121,8937,2007,0.0,1657744.0,0.250006,-0.154908,MNE,KOR,842959
2686543,145,121,8937,2007,0.0,78287.0,-1.0688790000000001,-1.1115709999999999,MNG,KOR,842959
2686544,147,121,8937,2007,0.0,108443.0,-1.4703110000000001,-1.1915719999999999,MOZ,KOR,842959
2686545,151,121,8937,2007,0.0,1053238.0,-0.342957,-0.129114,MUS,KOR,842959
2686546,156,121,8937,2007,0.0,1084943.0,-0.075892,-0.8211430000000001,NCL,KOR,842959
2686547,162,121,8937,2007,0.0,56385.0,1.089169,1.589641,NLD,KOR,842959
2686548,163,121,8937,2007,0.0,153402.0,0.9829100000000001,0.100995,NOR,KOR,842959
2686549,166,121,8937,2007,0.0,19970292.0,0.495938,0.845825,NZL,KOR,842959
2686550,167,121,8937,2007,0.0,85820.0,-0.5185310000000001,-1.071832,OMN,KOR,842959
2686551,168,121,8937,2007,0.0,493549.0,-0.5594359999999999,0.47369300000000003,PAK,KOR,842959
2686552,169,121,8937,2007,0.0,43985.0,0.36233899999999997,0.807669,PAN,KOR,842959
2686553,173,121,8937,2007,0.0,2678642.0,-0.49716099999999996,0.02556,PER,KOR,842959
2686554,174,121,8937,2007,0.0,33220.0,0.032117,-0.16600499999999999,PHL,KOR,842959
2686555,175,121,8937,2007,0.0,16019.0,-0.514012,-0.878468,PLW,KOR,842959
2686556,177,121,8937,2007,0.0,2344978.0,1.0412139999999999,1.309641,POL,KOR,842959
2686557,183,121,8937,2007,0.0,1023631.0,0.20181500000000002,-0.9898110000000001,QAT,KOR,842959
2686558,186,121,8937,2007,0.0,2601.0,0.5576399999999999,-0.05382000000000001,RUS,KOR,842959
2686559,188,121,8937,2007,0.0,75015.0,0.367463,-0.8603709999999999,SAU,KOR,842959
2686560,190,121,8937,2007,0.0,309083.0,-1.978359,-1.316172,SDN,KOR,842959
2686561,191,121,8937,2007,0.0,226898.0,-0.20343599999999998,0.27211199999999997,SEN,KOR,842959
2686562,192,121,8937,2007,326235.0,4094345.0,1.608299,0.545791,SGP,KOR,842959
2686563,201,121,8937,2007,0.0,52918.0,0.579288,1.464123,SRB,KOR,842959
2686564,205,121,8937,2007,0.0,110660.0,-0.8506440000000001,-0.8898959999999999,SUR,KOR,842959
2686565,206,121,8937,2007,0.0,114152.0,1.358301,0.79655,SVK,KOR,842959
2686566,208,121,8937,2007,0.0,4589900.0,1.927244,0.498241,SWE,KOR,842959
2686567,216,121,8937,2007,0.0,139335.0,0.711328,1.411114,THA,KOR,842959
2686568,223,121,8937,2007,0.0,1042280.0,0.062824,0.74003,TUN,KOR,842959
2686569,231,121,8937,2007,0.0,1916051.0,1.612165,0.0922,USA,KOR,842959
2686570,236,121,8937,2007,0.0,1322383.0,-0.231215,-0.9839200000000001,VEN,KOR,842959
2686571,239,121,8937,2007,0.0,350319.0,-0.335613,1.048849,VNM,KOR,842959
2686572,243,121,8937,2007,0.0,616051.0,-1.2624600000000001,-1.2131290000000001,YEM,KOR,842959
2686573,246,121,8937,2007,0.0,273660.0,0.349792,1.246052,ZAF,KOR,842959
2686574,249,121,8937,2007,0.0,132363.0,1.651607,0.974649,TWN,KOR,842959
2686575,250,121,8937,2007,63329.0,0.0,0.671936,-0.284418,ANS,KOR,842959
2686576,14,138,8937,2007,1346876.0,0.0,0.137686,0.451592,AUS,MEX,842959
2686577,18,138,8937,2007,204493.0,0.0,1.2880479999999999,1.145724,BEL,MEX,842959
2686578,29,138,8937,2007,0.0,4896.0,-0.17825,-0.562535,BLZ,MEX,842959
2686579,32,138,8937,2007,2188010.0,0.0,0.582859,1.137225,BRA,MEX,842959
2686580,39,138,8937,2007,25715.0,49892.0,0.77681,1.20517,CAN,MEX,842959
2686581,41,138,8937,2007,115547.0,0.0,2.0198080000000003,0.42277200000000004,CHE,MEX,842959
2686582,42,138,8937,2007,0.0,15253.0,-0.306846,-0.57431,CHL,MEX,842959
2686583,43,138,8937,2007,163904.0,0.0,0.801547,2.321052,CHN,MEX,842959
2686584,49,138,8937,2007,0.0,15777.0,0.118341,0.557699,COL,MEX,842959
2686585,52,138,8937,2007,0.0,68806.0,0.001895,-0.30248600000000003,CRI,MEX,842959
2686586,59,138,8937,2007,12726.0,0.0,1.620377,0.379404,CZE,MEX,842959
2686587,61,138,8937,2007,123634.0,0.0,2.114566,-2.934732,DEU,MEX,842959
2686588,65,138,8937,2007,159428.0,5144.0,-0.228756,0.004222,DOM,MEX,842959
2686589,67,138,8937,2007,0.0,32829.0,-0.820491,-0.8557879999999999,ECU,MEX,842959
2686590,71,138,8937,2007,13161.0,13451.0,0.914681,2.027797,ESP,MEX,842959
2686591,77,138,8937,2007,289809.0,159724.0,1.4565350000000001,0.262845,FRA,MEX,842959
2686592,81,138,8937,2007,725714.0,0.0,1.718661,0.35525300000000004,GBR,MEX,842959
2686593,93,138,8937,2007,0.0,415728.0,-0.261899,0.643437,GTM,MEX,842959
2686594,99,138,8937,2007,65221.0,188870.0,-0.6366,-0.327447,HND,MEX,842959
2686595,103,138,8937,2007,0.0,263165.0,-0.192415,1.497962,IDN,MEX,842959
2686596,111,138,8937,2007,5739132.0,0.0,1.3003559999999998,0.705448,ITA,MEX,842959
2686597,112,138,8937,2007,0.0,15460.0,-0.466305,-0.971972,JAM,MEX,842959
2686598,114,138,8937,2007,482932.0,0.0,2.313259,0.186703,JPN,MEX,842959
2686599,121,138,8937,2007,111100.0,0.0,1.497359,0.726637,KOR,MEX,842959
2686600,153,138,8937,2007,11786.0,0.0,0.740788,0.302155,MYS,MEX,842959
2686601,160,138,8937,2007,11866.0,2533.0,-0.924162,-0.857508,NIC,MEX,842959
2686602,169,138,8937,2007,0.0,354614.0,0.36233899999999997,0.807669,PAN,MEX,842959
2686603,173,138,8937,2007,0.0,103159.0,-0.49716099999999996,0.02556,PER,MEX,842959
2686604,177,138,8937,2007,768575.0,0.0,1.0412139999999999,1.309641,POL,MEX,842959
2686605,183,138,8937,2007,0.0,9570.0,0.20181500000000002,-0.9898110000000001,QAT,MEX,842959
2686606,192,138,8937,2007,818584.0,0.0,1.608299,0.545791,SGP,MEX,842959
2686607,208,138,8937,2007,90765.0,0.0,1.927244,0.498241,SWE,MEX,842959
2686608,228,138,8937,2007,15551.0,0.0,0.7441760000000001,0.8681260000000001,UKR,MEX,842959
2686609,231,138,8937,2007,159305968.0,1198224.0,1.612165,0.0922,USA,MEX,842959
2686610,236,138,8937,2007,0.0,10720.0,-0.231215,-0.9839200000000001,VEN,MEX,842959
2686611,250,138,8937,2007,36098.0,0.0,0.671936,-0.284418,ANS,MEX,842959
2686612,18,145,8937,2007,484636.0,0.0,1.2880479999999999,1.145724,BEL,MNG,842959
2686613,43,145,8937,2007,399917.0,0.0,0.801547,2.321052,CHN,MNG,842959
2686614,114,145,8937,2007,9278.0,0.0,2.313259,0.186703,JPN,MNG,842959
2686615,121,145,8937,2007,78287.0,0.0,1.497359,0.726637,KOR,MNG,842959
2686616,186,145,8937,2007,0.0,2373.0,0.5576399999999999,-0.05382000000000001,RUS,MNG,842959
2686617,231,145,8937,2007,81585.0,0.0,1.612165,0.0922,USA,MNG,842959
2686618,2,153,8937,2007,0.0,22353.0,-1.6925709999999998,-1.1987290000000002,AGO,MYS,842959
2686619,7,153,8937,2007,0.0,3420593.0,-0.107504,-0.44744300000000004,ARE,MYS,842959
2686620,14,153,8937,2007,13353.0,161693.0,0.137686,0.451592,AUS,MYS,842959
2686621,34,153,8937,2007,1552.0,79634.0,-1.118219,-0.924797,BRN,MYS,842959
2686622,39,153,8937,2007,15115.0,15015.0,0.77681,1.20517,CAN,MYS,842959
2686623,41,153,8937,2007,15242.0,0.0,2.0198080000000003,0.42277200000000004,CHE,MYS,842959
2686624,43,153,8937,2007,41202.0,0.0,0.801547,2.321052,CHN,MYS,842959
2686625,47,153,8937,2007,0.0,235112.0,-1.88462,-1.22688,COG,MYS,842959
2686626,61,153,8937,2007,30908.0,0.0,2.114566,-2.934732,DEU,MYS,842959
2686627,66,153,8937,2007,0.0,38614.0,-0.9822690000000001,-1.170282,DZA,MYS,842959
2686628,68,153,8937,2007,0.0,37913.0,-0.144054,0.663592,EGY,MYS,842959
2686629,77,153,8937,2007,61156.0,0.0,1.4565350000000001,0.262845,FRA,MYS,842959
2686630,80,153,8937,2007,0.0,42634.0,-1.328633,-1.165045,GAB,MYS,842959
2686631,81,153,8937,2007,1494767.0,186927.0,1.718661,0.35525300000000004,GBR,MYS,842959
2686632,83,153,8937,2007,0.0,2536.0,-0.906867,-0.565891,GHA,MYS,842959
2686633,97,153,8937,2007,6129.0,0.0,0.639034,2.1086009999999997,HKG,MYS,842959
2686634,103,153,8937,2007,58559.0,246349.0,-0.192415,1.497962,IDN,MYS,842959
2686635,104,153,8937,2007,87014.0,284497.0,0.279475,2.7514939999999997,IND,MYS,842959
2686636,106,153,8937,2007,0.0,236045.0,1.353146,0.122832,IRL,MYS,842959
2686637,107,153,8937,2007,0.0,8318.0,-0.797659,-1.048892,IRN,MYS,842959
2686638,111,153,8937,2007,0.0,48137.0,1.3003559999999998,0.705448,ITA,MYS,842959
2686639,114,153,8937,2007,605562.0,0.0,2.313259,0.186703,JPN,MYS,842959
2686640,116,153,8937,2007,0.0,7513.0,-0.44365299999999996,0.858692,KEN,MYS,842959
2686641,118,153,8937,2007,0.0,8924.0,-1.1822489999999999,-1.129066,KHM,MYS,842959
2686642,136,153,8937,2007,0.0,64506.0,-0.939838,-0.221205,MDG,MYS,842959
2686643,137,153,8937,2007,0.0,116856.0,-0.7558050000000001,-0.931211,MDV,MYS,842959
2686644,138,153,8937,2007,0.0,11786.0,1.044746,0.605246,MEX,MYS,842959
2686645,159,153,8937,2007,0.0,3765.0,-1.746879,-1.20823,NGA,MYS,842959
2686646,162,153,8937,2007,74886.0,0.0,1.089169,1.589641,NLD,MYS,842959
2686647,168,153,8937,2007,0.0,87480.0,-0.5594359999999999,0.47369300000000003,PAK,MYS,842959
2686648,174,153,8937,2007,23930.0,0.0,0.032117,-0.16600499999999999,PHL,MYS,842959
2686649,176,153,8937,2007,0.0,217771.0,-1.947486,-1.284269,PNG,MYS,842959
2686650,183,153,8937,2007,0.0,327445.0,0.20181500000000002,-0.9898110000000001,QAT,MYS,842959
2686651,188,153,8937,2007,0.0,229300.0,0.367463,-0.8603709999999999,SAU,MYS,842959
2686652,192,153,8937,2007,1835647.0,982230.0,1.608299,0.545791,SGP,MYS,842959
2686653,195,153,8937,2007,0.0,262230.0,-1.144843,-0.956784,SLB,MYS,842959
2686654,205,153,8937,2007,0.0,44900.0,-0.8506440000000001,-0.8898959999999999,SUR,MYS,842959
2686655,208,153,8937,2007,246452.0,0.0,1.927244,0.498241,SWE,MYS,842959
2686656,211,153,8937,2007,0.0,72508.0,-0.644497,-0.8748520000000001,SYC,MYS,842959
2686657,216,153,8937,2007,18524828.0,124504.0,0.711328,1.411114,THA,MYS,842959
2686658,231,153,8937,2007,17618640.0,71720.0,1.612165,0.0922,USA,MYS,842959
2686659,239,153,8937,2007,127134.0,0.0,-0.335613,1.048849,VNM,MYS,842959
2686660,240,153,8937,2007,0.0,119094.0,-1.187885,-0.993107,VUT,MYS,842959
2686661,249,153,8937,2007,350278.0,1407.0,1.651607,0.974649,TWN,MYS,842959
2686662,2,162,8937,2007,0.0,447354.0,-1.6925709999999998,-1.1987290000000002,AGO,NLD,842959
2686663,4,162,8937,2007,0.0,54358.0,-0.20616700000000002,-0.016993,ALB,NLD,842959
2686664,6,162,8937,2007,0.0,51618.0,0.305773,-0.504676,ANT,NLD,842959
2686665,7,162,8937,2007,29832.0,559490.0,-0.107504,-0.44744300000000004,ARE,NLD,842959
2686666,14,162,8937,2007,26059.0,410348.0,0.137686,0.451592,AUS,NLD,842959
2686667,15,162,8937,2007,3068965.0,951236.0,1.730088,-0.045543,AUT,NLD,842959
2686668,16,162,8937,2007,0.0,19608.0,-0.897342,-1.174224,AZE,NLD,842959
2686669,18,162,8937,2007,3329467.0,3749084.0,1.2880479999999999,1.145724,BEL,NLD,842959
2686670,21,162,8937,2007,0.0,7520.0,-0.960893,-0.94458,BFA,NLD,842959
2686671,23,162,8937,2007,0.0,643528.0,0.43321899999999997,1.5696700000000001,BGR,NLD,842959
2686672,26,162,8937,2007,0.0,39819.0,0.46303199999999994,0.596178,BIH,NLD,842959
2686673,28,162,8937,2007,0.0,610617.0,1.0435889999999999,0.415603,BLR,NLD,842959
2686674,31,162,8937,2007,0.0,53121.0,-1.021595,-0.955375,BOL,NLD,842959
2686675,32,162,8937,2007,0.0,609217.0,0.582859,1.137225,BRA,NLD,842959
2686676,38,162,8937,2007,0.0,83287.0,-0.252459,-0.783634,CAF,NLD,842959
2686677,39,162,8937,2007,27849.0,0.0,0.77681,1.20517,CAN,NLD,842959
2686678,41,162,8937,2007,208895.0,102468.0,2.0198080000000003,0.42277200000000004,CHE,NLD,842959
2686679,42,162,8937,2007,0.0,91980.0,-0.306846,-0.57431,CHL,NLD,842959
2686680,43,162,8937,2007,346321.0,0.0,0.801547,2.321052,CHN,NLD,842959
2686681,44,162,8937,2007,0.0,488110.0,-0.9989110000000001,-0.867232,CIV,NLD,842959
2686682,45,162,8937,2007,0.0,32368.0,-0.821623,-0.965601,CMR,NLD,842959
2686683,49,162,8937,2007,0.0,56638.0,0.118341,0.557699,COL,NLD,842959
2686684,51,162,8937,2007,0.0,68010.0,0.289375,-0.295194,CPV,NLD,842959
2686685,52,162,8937,2007,0.0,25220.0,0.001895,-0.30248600000000003,CRI,NLD,842959
2686686,58,162,8937,2007,0.0,485748.0,0.887351,0.426331,CYP,NLD,842959
2686687,59,162,8937,2007,14818.0,495434.0,1.620377,0.379404,CZE,NLD,842959
2686688,61,162,8937,2007,4338744.0,7119875.0,2.114566,-2.934732,DEU,NLD,842959
2686689,64,162,8937,2007,274484.0,7601228.0,1.204019,1.122666,DNK,NLD,842959
2686690,66,162,8937,2007,0.0,22513.0,-0.9822690000000001,-1.170282,DZA,NLD,842959
2686691,68,162,8937,2007,0.0,167606.0,-0.144054,0.663592,EGY,NLD,842959
2686692,71,162,8937,2007,99847.0,236181.0,0.914681,2.027797,ESP,NLD,842959
2686693,72,162,8937,2007,903585.0,21612.0,0.746434,1.306397,EST,NLD,842959
2686694,73,162,8937,2007,0.0,125860.0,-1.115917,-0.821652,ETH,NLD,842959
2686695,74,162,8937,2007,1011040.0,1367538.0,1.865502,0.7737729999999999,FIN,NLD,842959
2686696,77,162,8937,2007,643312.0,1798924.0,1.4565350000000001,0.262845,FRA,NLD,842959
2686697,78,162,8937,2007,0.0,131715.0,-0.308363,-0.7707510000000001,FRO,NLD,842959
2686698,81,162,8937,2007,23294194.0,240101.0,1.718661,0.35525300000000004,GBR,NLD,842959
2686699,83,162,8937,2007,0.0,394119.0,-0.906867,-0.565891,GHA,NLD,842959
2686700,85,162,8937,2007,0.0,376389.0,-1.694335,-1.230744,GIN,NLD,842959
2686701,87,162,8937,2007,0.0,861773.0,-0.8336680000000001,-0.8261860000000001,GMB,NLD,842959
2686702,90,162,8937,2007,16833.0,194103.0,0.348709,1.674567,GRC,NLD,842959
2686703,97,162,8937,2007,5438.0,0.0,0.639034,2.1086009999999997,HKG,NLD,842959
2686704,100,162,8937,2007,3501.0,544265.0,0.7799699999999999,1.1047850000000001,HRV,NLD,842959
2686705,102,162,8937,2007,0.0,58153.0,1.4887709999999998,0.78372,HUN,NLD,842959
2686706,104,162,8937,2007,571482.0,187889.0,0.279475,2.7514939999999997,IND,NLD,842959
2686707,106,162,8937,2007,688555.0,99712.0,1.353146,0.122832,IRL,NLD,842959
2686708,108,162,8937,2007,0.0,112572.0,-1.961053,-0.8849969999999999,IRQ,NLD,842959
2686709,109,162,8937,2007,157093.0,14499.0,0.172786,-0.380266,ISL,NLD,842959
2686710,111,162,8937,2007,842974.0,3308853.0,1.3003559999999998,0.705448,ITA,NLD,842959
2686711,113,162,8937,2007,0.0,50268.0,0.228433,0.5984550000000001,JOR,NLD,842959
2686712,114,162,8937,2007,46258.0,0.0,2.313259,0.186703,JPN,NLD,842959
2686713,115,162,8937,2007,0.0,323530.0,-0.171218,-0.630279,KAZ,NLD,842959
2686714,116,162,8937,2007,0.0,128391.0,-0.44365299999999996,0.858692,KEN,NLD,842959
2686715,121,162,8937,2007,56385.0,0.0,1.497359,0.726637,KOR,NLD,842959
2686716,122,162,8937,2007,0.0,85880.0,-0.8265030000000001,-1.166243,KWT,NLD,842959
2686717,124,162,8937,2007,0.0,35659.0,0.47468,1.775191,LBN,NLD,842959
2686718,126,162,8937,2007,0.0,35666.0,-0.8669959999999999,-1.167363,LBY,NLD,842959
2686719,128,162,8937,2007,0.0,24464.0,-0.568577,0.364717,LKA,NLD,842959
2686720,130,162,8937,2007,0.0,689372.0,0.604169,1.279982,LTU,NLD,842959
2686721,131,162,8937,2007,0.0,348623.0,1.390259,0.996566,LUX,NLD,842959
2686722,132,162,8937,2007,0.0,29228.0,0.61459,0.985358,LVA,NLD,842959
2686723,134,162,8937,2007,0.0,1024278.0,-0.5846560000000001,0.10927100000000001,MAR,NLD,842959
2686724,135,162,8937,2007,0.0,4994.0,0.147801,0.13758299999999998,MDA,NLD,842959
2686725,140,162,8937,2007,0.0,47174.0,-0.125912,-0.009395,MKD,NLD,842959
2686726,141,162,8937,2007,0.0,69887.0,-0.672822,-0.687913,MLI,NLD,842959
2686727,142,162,8937,2007,0.0,120949.0,1.184569,-0.046376,MLT,NLD,842959
2686728,144,162,8937,2007,0.0,69194.0,0.250006,-0.154908,MNE,NLD,842959
2686729,153,162,8937,2007,0.0,74886.0,0.740788,0.302155,MYS,NLD,842959
2686730,159,162,8937,2007,0.0,1320015.0,-1.746879,-1.20823,NGA,NLD,842959
2686731,163,162,8937,2007,643816.0,2314613.0,0.9829100000000001,0.100995,NOR,NLD,842959
2686732,168,162,8937,2007,0.0,1242823.0,-0.5594359999999999,0.47369300000000003,PAK,NLD,842959
2686733,173,162,8937,2007,0.0,233575.0,-0.49716099999999996,0.02556,PER,NLD,842959
2686734,177,162,8937,2007,197446.0,1023440.0,1.0412139999999999,1.309641,POL,NLD,842959
2686735,179,162,8937,2007,848832.0,168821.0,0.621302,1.971656,PRT,NLD,842959
2686736,183,162,8937,2007,0.0,355168.0,0.20181500000000002,-0.9898110000000001,QAT,NLD,842959
2686737,185,162,8937,2007,42716.0,955936.0,0.69445,1.223747,ROU,NLD,842959
2686738,186,162,8937,2007,0.0,2034752.0,0.5576399999999999,-0.05382000000000001,RUS,NLD,842959
2686739,187,162,8937,2007,0.0,66972.0,-0.383017,-0.49216899999999997,RWA,NLD,842959
2686740,191,162,8937,2007,0.0,32944.0,-0.20343599999999998,0.27211199999999997,SEN,NLD,842959
2686741,192,162,8937,2007,140398.0,17276.0,1.608299,0.545791,SGP,NLD,842959
2686742,196,162,8937,2007,0.0,1373.0,-0.021377,-0.31765,SLE,NLD,842959
2686743,201,162,8937,2007,0.0,267702.0,0.579288,1.464123,SRB,NLD,842959
2686744,205,162,8937,2007,25698.0,1609466.0,-0.8506440000000001,-0.8898959999999999,SUR,NLD,842959
2686745,206,162,8937,2007,0.0,124223.0,1.358301,0.79655,SVK,NLD,842959
2686746,207,162,8937,2007,0.0,55469.0,1.605767,0.692926,SVN,NLD,842959
2686747,208,162,8937,2007,185659.0,2146909.0,1.927244,0.498241,SWE,NLD,842959
2686748,216,162,8937,2007,0.0,3631.0,0.711328,1.411114,THA,NLD,842959
2686749,224,162,8937,2007,263839.0,30975.0,0.41396700000000003,2.0339869999999998,TUR,NLD,842959
2686750,226,162,8937,2007,0.0,508488.0,-0.8493959999999999,0.47116099999999994,TZA,NLD,842959
2686751,227,162,8937,2007,0.0,90232.0,-0.900559,-0.42071400000000003,UGA,NLD,842959
2686752,228,162,8937,2007,0.0,1118251.0,0.7441760000000001,0.8681260000000001,UKR,NLD,842959
2686753,230,162,8937,2007,0.0,54657.0,0.184883,0.207788,URY,NLD,842959
2686754,231,162,8937,2007,5020790.0,1903460.0,1.612165,0.0922,USA,NLD,842959
2686755,236,162,8937,2007,0.0,11033932.0,-0.231215,-0.9839200000000001,VEN,NLD,842959
2686756,239,162,8937,2007,51021.0,31020.0,-0.335613,1.048849,VNM,NLD,842959
2686757,246,162,8937,2007,816801.0,12510.0,0.349792,1.246052,ZAF,NLD,842959
2686758,1,163,8937,2007,0.0,51585.0,-0.745981,-0.682003,AFG,NOR,842959
2686759,7,163,8937,2007,0.0,25102.0,-0.107504,-0.44744300000000004,ARE,NOR,842959
2686760,15,163,8937,2007,469500.0,0.0,1.730088,-0.045543,AUT,NOR,842959
2686761,18,163,8937,2007,239624.0,131332.0,1.2880479999999999,1.145724,BEL,NOR,842959
2686762,23,163,8937,2007,0.0,675132.0,0.43321899999999997,1.5696700000000001,BGR,NOR,842959
2686763,31,163,8937,2007,0.0,355625.0,-1.021595,-0.955375,BOL,NOR,842959
2686764,39,163,8937,2007,0.0,1800134.0,0.77681,1.20517,CAN,NOR,842959
2686765,41,163,8937,2007,913501.0,0.0,2.0198080000000003,0.42277200000000004,CHE,NOR,842959
2686766,42,163,8937,2007,0.0,84486.0,-0.306846,-0.57431,CHL,NOR,842959
2686767,43,163,8937,2007,139164.0,0.0,0.801547,2.321052,CHN,NOR,842959
2686768,59,163,8937,2007,77013.0,0.0,1.620377,0.379404,CZE,NOR,842959
2686769,61,163,8937,2007,4977172.0,976967.0,2.114566,-2.934732,DEU,NOR,842959
2686770,64,163,8937,2007,2623184.0,415270.0,1.204019,1.122666,DNK,NOR,842959
2686771,71,163,8937,2007,0.0,178980.0,0.914681,2.027797,ESP,NOR,842959
2686772,72,163,8937,2007,0.0,189362.0,0.746434,1.306397,EST,NOR,842959
2686773,74,163,8937,2007,3776705.0,39044.0,1.865502,0.7737729999999999,FIN,NOR,842959
2686774,77,163,8937,2007,804127.0,0.0,1.4565350000000001,0.262845,FRA,NOR,842959
2686775,78,163,8937,2007,7641.0,0.0,-0.308363,-0.7707510000000001,FRO,NOR,842959
2686776,81,163,8937,2007,40217304.0,431480.0,1.718661,0.35525300000000004,GBR,NOR,842959
2686777,106,163,8937,2007,17955.0,0.0,1.353146,0.122832,IRL,NOR,842959
2686778,109,163,8937,2007,0.0,156441.0,0.172786,-0.380266,ISL,NOR,842959
2686779,111,163,8937,2007,857824.0,27985.0,1.3003559999999998,0.705448,ITA,NOR,842959
2686780,114,163,8937,2007,3071070.0,0.0,2.313259,0.186703,JPN,NOR,842959
2686781,121,163,8937,2007,153402.0,0.0,1.497359,0.726637,KOR,NOR,842959
2686782,124,163,8937,2007,0.0,67226.0,0.47468,1.775191,LBN,NOR,842959
2686783,130,163,8937,2007,0.0,102873.0,0.604169,1.279982,LTU,NOR,842959
2686784,162,163,8937,2007,2314613.0,643816.0,1.089169,1.589641,NLD,NOR,842959
2686785,168,163,8937,2007,0.0,8044.0,-0.5594359999999999,0.47369300000000003,PAK,NOR,842959
2686786,173,163,8937,2007,0.0,137686.0,-0.49716099999999996,0.02556,PER,NOR,842959
2686787,177,163,8937,2007,19065.0,96245.0,1.0412139999999999,1.309641,POL,NOR,842959
2686788,186,163,8937,2007,0.0,323284.0,0.5576399999999999,-0.05382000000000001,RUS,NOR,842959
2686789,192,163,8937,2007,106947.0,0.0,1.608299,0.545791,SGP,NOR,842959
2686790,208,163,8937,2007,3379203.0,2607353.0,1.927244,0.498241,SWE,NOR,842959
2686791,224,163,8937,2007,63604.0,0.0,0.41396700000000003,2.0339869999999998,TUR,NOR,842959
2686792,227,163,8937,2007,0.0,16946.0,-0.900559,-0.42071400000000003,UGA,NOR,842959
2686793,228,163,8937,2007,0.0,47565.0,0.7441760000000001,0.8681260000000001,UKR,NOR,842959
2686794,230,163,8937,2007,0.0,5855.0,0.184883,0.207788,URY,NOR,842959
2686795,231,163,8937,2007,1171472.0,0.0,1.612165,0.0922,USA,NOR,842959
2686796,249,163,8937,2007,8586.0,0.0,1.651607,0.974649,TWN,NOR,842959
2686797,7,166,8937,2007,0.0,448934.0,-0.107504,-0.44744300000000004,ARE,NZL,842959
2686798,10,166,8937,2007,0.0,147948.0,0.8147989999999999,-0.217887,ASM,NZL,842959
2686799,14,166,8937,2007,1174811.0,400683.0,0.137686,0.451592,AUS,NZL,842959
2686800,43,166,8937,2007,43988.0,123148.0,0.801547,2.321052,CHN,NZL,842959
2686801,48,166,8937,2007,0.0,28818.0,0.0857,-0.604571,COK,NZL,842959
2686802,61,166,8937,2007,339581.0,0.0,2.114566,-2.934732,DEU,NZL,842959
2686803,74,166,8937,2007,355370.0,0.0,1.865502,0.7737729999999999,FIN,NZL,842959
2686804,75,166,8937,2007,2310574.0,112294.0,-0.506992,0.033250999999999996,FJI,NZL,842959
2686805,77,166,8937,2007,149326.0,0.0,1.4565350000000001,0.262845,FRA,NZL,842959
2686806,81,166,8937,2007,59431.0,27161.0,1.718661,0.35525300000000004,GBR,NZL,842959
2686807,83,166,8937,2007,0.0,7065.0,-0.906867,-0.565891,GHA,NZL,842959
2686808,104,166,8937,2007,0.0,177906.0,0.279475,2.7514939999999997,IND,NZL,842959
2686809,106,166,8937,2007,16982.0,0.0,1.353146,0.122832,IRL,NZL,842959
2686810,114,166,8937,2007,2428546.0,0.0,2.313259,0.186703,JPN,NZL,842959
2686811,115,166,8937,2007,0.0,5871.0,-0.171218,-0.630279,KAZ,NZL,842959
2686812,121,166,8937,2007,19970292.0,0.0,1.497359,0.726637,KOR,NZL,842959
2686813,128,166,8937,2007,0.0,2741.0,-0.568577,0.364717,LKA,NZL,842959
2686814,156,166,8937,2007,0.0,84081.0,-0.075892,-0.8211430000000001,NCL,NZL,842959
2686815,168,166,8937,2007,0.0,52329.0,-0.5594359999999999,0.47369300000000003,PAK,NZL,842959
2686816,176,166,8937,2007,0.0,62688.0,-1.947486,-1.284269,PNG,NZL,842959
2686817,182,166,8937,2007,0.0,159238.0,-0.72809,-0.9329620000000001,PYF,NZL,842959
2686818,192,166,8937,2007,58990.0,17459.0,1.608299,0.545791,SGP,NZL,842959
2686819,216,166,8937,2007,0.0,1764.0,0.711328,1.411114,THA,NZL,842959
2686820,231,166,8937,2007,421878.0,29417.0,1.612165,0.0922,USA,NZL,842959
2686821,239,166,8937,2007,16418.0,5513.0,-0.335613,1.048849,VNM,NZL,842959
2686822,240,166,8937,2007,0.0,899687.0,-1.187885,-0.993107,VUT,NZL,842959
2686823,241,166,8937,2007,0.0,43757.0,2.106802,-0.38307800000000003,WLF,NZL,842959
2686824,242,166,8937,2007,0.0,329612.0,-0.21260500000000002,-0.671421,WSM,NZL,842959
2686825,249,166,8937,2007,33699.0,0.0,1.651607,0.974649,TWN,NZL,842959
2686826,250,166,8937,2007,134376.0,0.0,0.671936,-0.284418,ANS,NZL,842959
2686827,6,169,8937,2007,0.0,242585.0,0.305773,-0.504676,ANT,PAN,842959
2686828,32,169,8937,2007,496103.0,0.0,0.582859,1.137225,BRA,PAN,842959
2686829,42,169,8937,2007,0.0,161795.0,-0.306846,-0.57431,CHL,PAN,842959
2686830,43,169,8937,2007,422818.0,0.0,0.801547,2.321052,CHN,PAN,842959
2686831,52,169,8937,2007,72473.0,1840.0,0.001895,-0.30248600000000003,CRI,PAN,842959
2686832,71,169,8937,2007,31480.0,0.0,0.914681,2.027797,ESP,PAN,842959
2686833,81,169,8937,2007,108902.0,0.0,1.718661,0.35525300000000004,GBR,PAN,842959
2686834,93,169,8937,2007,0.0,1660734.0,-0.261899,0.643437,GTM,PAN,842959
2686835,97,169,8937,2007,9342.0,0.0,0.639034,2.1086009999999997,HKG,PAN,842959
2686836,111,169,8937,2007,1702789.0,0.0,1.3003559999999998,0.705448,ITA,PAN,842959
2686837,121,169,8937,2007,43985.0,0.0,1.497359,0.726637,KOR,PAN,842959
2686838,138,169,8937,2007,354614.0,0.0,1.044746,0.605246,MEX,PAN,842959
2686839,160,169,8937,2007,0.0,50183.0,-0.924162,-0.857508,NIC,PAN,842959
2686840,177,169,8937,2007,565612.0,0.0,1.0412139999999999,1.309641,POL,PAN,842959
2686841,192,169,8937,2007,18032732.0,0.0,1.608299,0.545791,SGP,PAN,842959
2686842,208,169,8937,2007,417379.0,0.0,1.927244,0.498241,SWE,PAN,842959
2686843,231,169,8937,2007,9716603.0,0.0,1.612165,0.0922,USA,PAN,842959
2686844,236,169,8937,2007,48810.0,11527.0,-0.231215,-0.9839200000000001,VEN,PAN,842959
2686845,249,169,8937,2007,915.0,0.0,1.651607,0.974649,TWN,PAN,842959
2686846,14,173,8937,2007,1961.0,0.0,0.137686,0.451592,AUS,PER,842959
2686847,15,173,8937,2007,50994.0,0.0,1.730088,-0.045543,AUT,PER,842959
2686848,18,173,8937,2007,239066.0,0.0,1.2880479999999999,1.145724,BEL,PER,842959
2686849,31,173,8937,2007,0.0,33441.0,-1.021595,-0.955375,BOL,PER,842959
2686850,32,173,8937,2007,4181166.0,0.0,0.582859,1.137225,BRA,PER,842959
2686851,39,173,8937,2007,84557.0,0.0,0.77681,1.20517,CAN,PER,842959
2686852,42,173,8937,2007,1264862.0,0.0,-0.306846,-0.57431,CHL,PER,842959
2686853,43,173,8937,2007,494958.0,0.0,0.801547,2.321052,CHN,PER,842959
2686854,61,173,8937,2007,22915.0,0.0,2.114566,-2.934732,DEU,PER,842959
2686855,64,173,8937,2007,39501.0,0.0,1.204019,1.122666,DNK,PER,842959
2686856,67,173,8937,2007,6119.0,24042.0,-0.820491,-0.8557879999999999,ECU,PER,842959
2686857,71,173,8937,2007,235955.0,0.0,0.914681,2.027797,ESP,PER,842959
2686858,74,173,8937,2007,1862.0,0.0,1.865502,0.7737729999999999,FIN,PER,842959
2686859,77,173,8937,2007,29380.0,0.0,1.4565350000000001,0.262845,FRA,PER,842959
2686860,81,173,8937,2007,625987.0,25245.0,1.718661,0.35525300000000004,GBR,PER,842959
2686861,111,173,8937,2007,2006741.0,0.0,1.3003559999999998,0.705448,ITA,PER,842959
2686862,114,173,8937,2007,194863.0,0.0,2.313259,0.186703,JPN,PER,842959
2686863,121,173,8937,2007,2678642.0,0.0,1.497359,0.726637,KOR,PER,842959
2686864,138,173,8937,2007,103159.0,0.0,1.044746,0.605246,MEX,PER,842959
2686865,162,173,8937,2007,233575.0,0.0,1.089169,1.589641,NLD,PER,842959
2686866,163,173,8937,2007,137686.0,0.0,0.9829100000000001,0.100995,NOR,PER,842959
2686867,179,173,8937,2007,7758.0,0.0,0.621302,1.971656,PRT,PER,842959
2686868,192,173,8937,2007,395604.0,0.0,1.608299,0.545791,SGP,PER,842959
2686869,201,173,8937,2007,34168.0,0.0,0.579288,1.464123,SRB,PER,842959
2686870,208,173,8937,2007,70244.0,0.0,1.927244,0.498241,SWE,PER,842959
2686871,231,173,8937,2007,10909571.0,0.0,1.612165,0.0922,USA,PER,842959
2686872,246,173,8937,2007,90808.0,0.0,0.349792,1.246052,ZAF,PER,842959
2686873,249,173,8937,2007,516020.0,0.0,1.651607,0.974649,TWN,PER,842959
2686874,7,174,8937,2007,0.0,92876.0,-0.107504,-0.44744300000000004,ARE,PHL,842959
2686875,14,174,8937,2007,9438.0,0.0,0.137686,0.451592,AUS,PHL,842959
2686876,18,174,8937,2007,394534.0,0.0,1.2880479999999999,1.145724,BEL,PHL,842959
2686877,32,174,8937,2007,581508.0,0.0,0.582859,1.137225,BRA,PHL,842959
2686878,39,174,8937,2007,102635.0,0.0,0.77681,1.20517,CAN,PHL,842959
2686879,43,174,8937,2007,493307.0,0.0,0.801547,2.321052,CHN,PHL,842959
2686880,61,174,8937,2007,138027.0,0.0,2.114566,-2.934732,DEU,PHL,842959
2686881,77,174,8937,2007,4149.0,70080.0,1.4565350000000001,0.262845,FRA,PHL,842959
2686882,79,174,8937,2007,0.0,1992.0,-0.528725,-0.883342,FSM,PHL,842959
2686883,81,174,8937,2007,742134.0,0.0,1.718661,0.35525300000000004,GBR,PHL,842959
2686884,95,174,8937,2007,0.0,10313.0,0.571674,-0.282353,GUM,PHL,842959
2686885,97,174,8937,2007,282812.0,0.0,0.639034,2.1086009999999997,HKG,PHL,842959
2686886,103,174,8937,2007,21318.0,0.0,-0.192415,1.497962,IDN,PHL,842959
2686887,111,174,8937,2007,43298.0,0.0,1.3003559999999998,0.705448,ITA,PHL,842959
2686888,113,174,8937,2007,0.0,89416.0,0.228433,0.5984550000000001,JOR,PHL,842959
2686889,114,174,8937,2007,861825.0,0.0,2.313259,0.186703,JPN,PHL,842959
2686890,121,174,8937,2007,33220.0,0.0,1.497359,0.726637,KOR,PHL,842959
2686891,137,174,8937,2007,0.0,10864.0,-0.7558050000000001,-0.931211,MDV,PHL,842959
2686892,153,174,8937,2007,0.0,23930.0,0.740788,0.302155,MYS,PHL,842959
2686893,168,174,8937,2007,0.0,22276.0,-0.5594359999999999,0.47369300000000003,PAK,PHL,842959
2686894,177,174,8937,2007,88711.0,0.0,1.0412139999999999,1.309641,POL,PHL,842959
2686895,183,174,8937,2007,0.0,718.0,0.20181500000000002,-0.9898110000000001,QAT,PHL,842959
2686896,192,174,8937,2007,1598754.0,0.0,1.608299,0.545791,SGP,PHL,842959
2686897,208,174,8937,2007,345130.0,0.0,1.927244,0.498241,SWE,PHL,842959
2686898,216,174,8937,2007,12254571.0,0.0,0.711328,1.411114,THA,PHL,842959
2686899,231,174,8937,2007,908028.0,0.0,1.612165,0.0922,USA,PHL,842959
2686900,239,174,8937,2007,2819.0,73031.0,-0.335613,1.048849,VNM,PHL,842959
2686901,249,174,8937,2007,253381.0,0.0,1.651607,0.974649,TWN,PHL,842959
2686902,2,177,8937,2007,0.0,926976.0,-1.6925709999999998,-1.1987290000000002,AGO,POL,842959
2686903,7,177,8937,2007,0.0,1158209.0,-0.107504,-0.44744300000000004,ARE,POL,842959
2686904,8,177,8937,2007,0.0,542585.0,0.178214,0.5093850000000001,ARG,POL,842959
2686905,14,177,8937,2007,178496.0,1329616.0,0.137686,0.451592,AUS,POL,842959
2686906,15,177,8937,2007,1344786.0,3468888.0,1.730088,-0.045543,AUT,POL,842959
2686907,16,177,8937,2007,0.0,174847.0,-0.897342,-1.174224,AZE,POL,842959
2686908,18,177,8937,2007,414444.0,151768.0,1.2880479999999999,1.145724,BEL,POL,842959
2686909,23,177,8937,2007,0.0,235588.0,0.43321899999999997,1.5696700000000001,BGR,POL,842959
2686910,24,177,8937,2007,0.0,331046.0,0.500846,-0.845449,BHR,POL,842959
2686911,28,177,8937,2007,205162.0,0.0,1.0435889999999999,0.415603,BLR,POL,842959
2686912,39,177,8937,2007,43556.0,2587069.0,0.77681,1.20517,CAN,POL,842959
2686913,41,177,8937,2007,1094.0,0.0,2.0198080000000003,0.42277200000000004,CHE,POL,842959
2686914,42,177,8937,2007,0.0,1230288.0,-0.306846,-0.57431,CHL,POL,842959
2686915,43,177,8937,2007,30477.0,295557.0,0.801547,2.321052,CHN,POL,842959
2686916,45,177,8937,2007,0.0,81412.0,-0.821623,-0.965601,CMR,POL,842959
2686917,49,177,8937,2007,0.0,840750.0,0.118341,0.557699,COL,POL,842959
2686918,52,177,8937,2007,0.0,701389.0,0.001895,-0.30248600000000003,CRI,POL,842959
2686919,59,177,8937,2007,166971.0,5648480.0,1.620377,0.379404,CZE,POL,842959
2686920,61,177,8937,2007,4591130.0,47695.0,2.114566,-2.934732,DEU,POL,842959
2686921,64,177,8937,2007,1533666.0,55090.0,1.204019,1.122666,DNK,POL,842959
2686922,65,177,8937,2007,0.0,97253.0,-0.228756,0.004222,DOM,POL,842959
2686923,67,177,8937,2007,0.0,104510.0,-0.820491,-0.8557879999999999,ECU,POL,842959
2686924,68,177,8937,2007,0.0,47657.0,-0.144054,0.663592,EGY,POL,842959
2686925,71,177,8937,2007,241058.0,7272962.0,0.914681,2.027797,ESP,POL,842959
2686926,72,177,8937,2007,1442869.0,1394397.0,0.746434,1.306397,EST,POL,842959
2686927,73,177,8937,2007,0.0,198342.0,-1.115917,-0.821652,ETH,POL,842959
2686928,74,177,8937,2007,1995151.0,0.0,1.865502,0.7737729999999999,FIN,POL,842959
2686929,77,177,8937,2007,1850977.0,9389891.0,1.4565350000000001,0.262845,FRA,POL,842959
2686930,81,177,8937,2007,127797136.0,4515871.0,1.718661,0.35525300000000004,GBR,POL,842959
2686931,82,177,8937,2007,0.0,4748.0,0.016077,-0.386962,GEO,POL,842959
2686932,83,177,8937,2007,0.0,319045.0,-0.906867,-0.565891,GHA,POL,842959
2686933,90,177,8937,2007,0.0,331290.0,0.348709,1.674567,GRC,POL,842959
2686934,99,177,8937,2007,0.0,601638.0,-0.6366,-0.327447,HND,POL,842959
2686935,100,177,8937,2007,180784.0,972973.0,0.7799699999999999,1.1047850000000001,HRV,POL,842959
2686936,102,177,8937,2007,470183.0,2514842.0,1.4887709999999998,0.78372,HUN,POL,842959
2686937,104,177,8937,2007,0.0,54124.0,0.279475,2.7514939999999997,IND,POL,842959
2686938,106,177,8937,2007,128095.0,582997.0,1.353146,0.122832,IRL,POL,842959
2686939,107,177,8937,2007,0.0,2275807.0,-0.797659,-1.048892,IRN,POL,842959
2686940,109,177,8937,2007,0.0,328984.0,0.172786,-0.380266,ISL,POL,842959
2686941,110,177,8937,2007,0.0,321997.0,1.092244,0.753984,ISR,POL,842959
2686942,111,177,8937,2007,42745136.0,2547070.0,1.3003559999999998,0.705448,ITA,POL,842959
2686943,113,177,8937,2007,0.0,60256.0,0.228433,0.5984550000000001,JOR,POL,842959
2686944,114,177,8937,2007,823152.0,0.0,2.313259,0.186703,JPN,POL,842959
2686945,115,177,8937,2007,0.0,140306.0,-0.171218,-0.630279,KAZ,POL,842959
2686946,116,177,8937,2007,0.0,161417.0,-0.44365299999999996,0.858692,KEN,POL,842959
2686947,121,177,8937,2007,2344978.0,0.0,1.497359,0.726637,KOR,POL,842959
2686948,130,177,8937,2007,1702612.0,822508.0,0.604169,1.279982,LTU,POL,842959
2686949,131,177,8937,2007,37200.0,0.0,1.390259,0.996566,LUX,POL,842959
2686950,132,177,8937,2007,36057.0,1046204.0,0.61459,0.985358,LVA,POL,842959
2686951,134,177,8937,2007,0.0,544092.0,-0.5846560000000001,0.10927100000000001,MAR,POL,842959
2686952,135,177,8937,2007,0.0,22804.0,0.147801,0.13758299999999998,MDA,POL,842959
2686953,138,177,8937,2007,0.0,768575.0,1.044746,0.605246,MEX,POL,842959
2686954,144,177,8937,2007,0.0,119210.0,0.250006,-0.154908,MNE,POL,842959
2686955,162,177,8937,2007,1023440.0,197446.0,1.089169,1.589641,NLD,POL,842959
2686956,163,177,8937,2007,96245.0,19065.0,0.9829100000000001,0.100995,NOR,POL,842959
2686957,167,177,8937,2007,0.0,553829.0,-0.5185310000000001,-1.071832,OMN,POL,842959
2686958,168,177,8937,2007,0.0,93724.0,-0.5594359999999999,0.47369300000000003,PAK,POL,842959
2686959,169,177,8937,2007,0.0,565612.0,0.36233899999999997,0.807669,PAN,POL,842959
2686960,174,177,8937,2007,0.0,88711.0,0.032117,-0.16600499999999999,PHL,POL,842959
2686961,179,177,8937,2007,41143.0,4674277.0,0.621302,1.971656,PRT,POL,842959
2686962,183,177,8937,2007,0.0,75472.0,0.20181500000000002,-0.9898110000000001,QAT,POL,842959
2686963,185,177,8937,2007,0.0,1997298.0,0.69445,1.223747,ROU,POL,842959
2686964,186,177,8937,2007,2047.0,14315481.0,0.5576399999999999,-0.05382000000000001,RUS,POL,842959
2686965,188,177,8937,2007,0.0,1363794.0,0.367463,-0.8603709999999999,SAU,POL,842959
2686966,197,177,8937,2007,0.0,422404.0,-0.110573,0.184426,SLV,POL,842959
2686967,201,177,8937,2007,0.0,384696.0,0.579288,1.464123,SRB,POL,842959
2686968,206,177,8937,2007,139323.0,0.0,1.358301,0.79655,SVK,POL,842959
2686969,207,177,8937,2007,274770.0,0.0,1.605767,0.692926,SVN,POL,842959
2686970,208,177,8937,2007,87602.0,281814.0,1.927244,0.498241,SWE,POL,842959
2686971,212,177,8937,2007,0.0,39114.0,-0.46851899999999996,0.553396,SYR,POL,842959
2686972,223,177,8937,2007,0.0,656925.0,0.062824,0.74003,TUN,POL,842959
2686973,224,177,8937,2007,1743094.0,15124282.0,0.41396700000000003,2.0339869999999998,TUR,POL,842959
2686974,228,177,8937,2007,27590.0,2670030.0,0.7441760000000001,0.8681260000000001,UKR,POL,842959
2686975,231,177,8937,2007,688953.0,14638009.0,1.612165,0.0922,USA,POL,842959
2686976,236,177,8937,2007,0.0,1645849.0,-0.231215,-0.9839200000000001,VEN,POL,842959
2686977,246,177,8937,2007,0.0,14011148.0,0.349792,1.246052,ZAF,POL,842959
2686978,250,177,8937,2007,159193.0,0.0,0.671936,-0.284418,ANS,POL,842959
2686979,32,180,8937,2007,1472417.0,0.0,0.582859,1.137225,BRA,PRY,842959
2686980,41,180,8937,2007,6983.0,0.0,2.0198080000000003,0.42277200000000004,CHE,PRY,842959
2686981,49,180,8937,2007,2585.0,0.0,0.118341,0.557699,COL,PRY,842959
2686982,71,180,8937,2007,4859.0,0.0,0.914681,2.027797,ESP,PRY,842959
2686983,114,180,8937,2007,4915.0,0.0,2.313259,0.186703,JPN,PRY,842959
2686984,208,180,8937,2007,2338.0,0.0,1.927244,0.498241,SWE,PRY,842959
2686985,0,183,8937,2007,332201.0,0.0,-0.100145,-0.7896920000000001,ABW,QAT,842959
2686986,7,183,8937,2007,2942583.0,6606677.0,-0.107504,-0.44744300000000004,ARE,QAT,842959
2686987,14,183,8937,2007,133878.0,0.0,0.137686,0.451592,AUS,QAT,842959
2686988,15,183,8937,2007,330283.0,0.0,1.730088,-0.045543,AUT,QAT,842959
2686989,18,183,8937,2007,2253059.0,0.0,1.2880479999999999,1.145724,BEL,QAT,842959
2686990,24,183,8937,2007,189589.0,422687.0,0.500846,-0.845449,BHR,QAT,842959
2686991,32,183,8937,2007,5332271.0,0.0,0.582859,1.137225,BRA,QAT,842959
2686992,39,183,8937,2007,24871.0,0.0,0.77681,1.20517,CAN,QAT,842959
2686993,41,183,8937,2007,48092.0,0.0,2.0198080000000003,0.42277200000000004,CHE,QAT,842959
2686994,43,183,8937,2007,77796.0,0.0,0.801547,2.321052,CHN,QAT,842959
2686995,61,183,8937,2007,2159356.0,0.0,2.114566,-2.934732,DEU,QAT,842959
2686996,74,183,8937,2007,2835.0,0.0,1.865502,0.7737729999999999,FIN,QAT,842959
2686997,77,183,8937,2007,6338.0,0.0,1.4565350000000001,0.262845,FRA,QAT,842959
2686998,81,183,8937,2007,7895647.0,0.0,1.718661,0.35525300000000004,GBR,QAT,842959
2686999,102,183,8937,2007,11520.0,0.0,1.4887709999999998,0.78372,HUN,QAT,842959
2687000,103,183,8937,2007,118706.0,0.0,-0.192415,1.497962,IDN,QAT,842959
2687001,104,183,8937,2007,1399487.0,0.0,0.279475,2.7514939999999997,IND,QAT,842959
2687002,106,183,8937,2007,126050.0,0.0,1.353146,0.122832,IRL,QAT,842959
2687003,108,183,8937,2007,0.0,34705.0,-1.961053,-0.8849969999999999,IRQ,QAT,842959
2687004,111,183,8937,2007,7851829.0,0.0,1.3003559999999998,0.705448,ITA,QAT,842959
2687005,113,183,8937,2007,0.0,8569.0,0.228433,0.5984550000000001,JOR,QAT,842959
2687006,114,183,8937,2007,11446709.0,0.0,2.313259,0.186703,JPN,QAT,842959
2687007,121,183,8937,2007,1023631.0,0.0,1.497359,0.726637,KOR,QAT,842959
2687008,122,183,8937,2007,274009.0,72356.0,-0.8265030000000001,-1.166243,KWT,QAT,842959
2687009,124,183,8937,2007,51000.0,0.0,0.47468,1.775191,LBN,QAT,842959
2687010,138,183,8937,2007,9570.0,0.0,1.044746,0.605246,MEX,QAT,842959
2687011,153,183,8937,2007,327445.0,0.0,0.740788,0.302155,MYS,QAT,842959
2687012,162,183,8937,2007,355168.0,0.0,1.089169,1.589641,NLD,QAT,842959
2687013,167,183,8937,2007,0.0,531700.0,-0.5185310000000001,-1.071832,OMN,QAT,842959
2687014,168,183,8937,2007,158397.0,0.0,-0.5594359999999999,0.47369300000000003,PAK,QAT,842959
2687015,174,183,8937,2007,718.0,0.0,0.032117,-0.16600499999999999,PHL,QAT,842959
2687016,177,183,8937,2007,75472.0,0.0,1.0412139999999999,1.309641,POL,QAT,842959
2687017,188,183,8937,2007,156281.0,556671.0,0.367463,-0.8603709999999999,SAU,QAT,842959
2687018,192,183,8937,2007,212185.0,0.0,1.608299,0.545791,SGP,QAT,842959
2687019,208,183,8937,2007,96265.0,0.0,1.927244,0.498241,SWE,QAT,842959
2687020,209,183,8937,2007,10203.0,0.0,0.9562299999999999,0.053538,SWZ,QAT,842959
2687021,216,183,8937,2007,0.0,76819.0,0.711328,1.411114,THA,QAT,842959
2687022,224,183,8937,2007,12089.0,0.0,0.41396700000000003,2.0339869999999998,TUR,QAT,842959
2687023,231,183,8937,2007,5951722.0,0.0,1.612165,0.0922,USA,QAT,842959
2687024,15,185,8937,2007,29606016.0,125646.0,1.730088,-0.045543,AUT,ROU,842959
2687025,18,185,8937,2007,651935.0,0.0,1.2880479999999999,1.145724,BEL,ROU,842959
2687026,23,185,8937,2007,5409850.0,59550.0,0.43321899999999997,1.5696700000000001,BGR,ROU,842959
2687027,28,185,8937,2007,550594.0,0.0,1.0435889999999999,0.415603,BLR,ROU,842959
2687028,41,185,8937,2007,35949.0,0.0,2.0198080000000003,0.42277200000000004,CHE,ROU,842959
2687029,43,185,8937,2007,195683.0,0.0,0.801547,2.321052,CHN,ROU,842959
2687030,59,185,8937,2007,4549.0,0.0,1.620377,0.379404,CZE,ROU,842959
2687031,61,185,8937,2007,1217948.0,0.0,2.114566,-2.934732,DEU,ROU,842959
2687032,64,185,8937,2007,10526.0,0.0,1.204019,1.122666,DNK,ROU,842959
2687033,71,185,8937,2007,83989.0,0.0,0.914681,2.027797,ESP,ROU,842959
2687034,74,185,8937,2007,30402.0,0.0,1.865502,0.7737729999999999,FIN,ROU,842959
2687035,77,185,8937,2007,157138.0,60533.0,1.4565350000000001,0.262845,FRA,ROU,842959
2687036,81,185,8937,2007,30411912.0,0.0,1.718661,0.35525300000000004,GBR,ROU,842959
2687037,90,185,8937,2007,280703.0,0.0,0.348709,1.674567,GRC,ROU,842959
2687038,100,185,8937,2007,228575.0,0.0,0.7799699999999999,1.1047850000000001,HRV,ROU,842959
2687039,102,185,8937,2007,1035917.0,94210.0,1.4887709999999998,0.78372,HUN,ROU,842959
2687040,104,185,8937,2007,26161.0,0.0,0.279475,2.7514939999999997,IND,ROU,842959
2687041,106,185,8937,2007,26216.0,0.0,1.353146,0.122832,IRL,ROU,842959
2687042,110,185,8937,2007,98337.0,0.0,1.092244,0.753984,ISR,ROU,842959
2687043,111,185,8937,2007,21539500.0,107006.0,1.3003559999999998,0.705448,ITA,ROU,842959
2687044,135,185,8937,2007,0.0,208212.0,0.147801,0.13758299999999998,MDA,ROU,842959
2687045,162,185,8937,2007,955936.0,42716.0,1.089169,1.589641,NLD,ROU,842959
2687046,177,185,8937,2007,1997298.0,0.0,1.0412139999999999,1.309641,POL,ROU,842959
2687047,179,185,8937,2007,80624.0,0.0,0.621302,1.971656,PRT,ROU,842959
2687048,186,185,8937,2007,53472.0,382458.0,0.5576399999999999,-0.05382000000000001,RUS,ROU,842959
2687049,198,185,8937,2007,31636.0,0.0,1.078776,0.36204899999999995,SMR,ROU,842959
2687050,201,185,8937,2007,0.0,87905.0,0.579288,1.464123,SRB,ROU,842959
2687051,206,185,8937,2007,37659.0,0.0,1.358301,0.79655,SVK,ROU,842959
2687052,207,185,8937,2007,45955.0,0.0,1.605767,0.692926,SVN,ROU,842959
2687053,208,185,8937,2007,88796.0,0.0,1.927244,0.498241,SWE,ROU,842959
2687054,224,185,8937,2007,2131131.0,0.0,0.41396700000000003,2.0339869999999998,TUR,ROU,842959
2687055,228,185,8937,2007,0.0,6114.0,0.7441760000000001,0.8681260000000001,UKR,ROU,842959
2687056,231,185,8937,2007,262014.0,0.0,1.612165,0.0922,USA,ROU,842959
2687057,7,188,8937,2007,1280121.0,74369.0,-0.107504,-0.44744300000000004,ARE,SAU,842959
2687058,15,188,8937,2007,56174.0,0.0,1.730088,-0.045543,AUT,SAU,842959
2687059,17,188,8937,2007,0.0,367008.0,-0.33884899999999996,-0.661017,BDI,SAU,842959
2687060,18,188,8937,2007,4036428.0,0.0,1.2880479999999999,1.145724,BEL,SAU,842959
2687061,24,188,8937,2007,2201.0,169721.0,0.500846,-0.845449,BHR,SAU,842959
2687062,32,188,8937,2007,2780529.0,0.0,0.582859,1.137225,BRA,SAU,842959
2687063,39,188,8937,2007,79480.0,0.0,0.77681,1.20517,CAN,SAU,842959
2687064,43,188,8937,2007,633690.0,0.0,0.801547,2.321052,CHN,SAU,842959
2687065,61,188,8937,2007,29826.0,0.0,2.114566,-2.934732,DEU,SAU,842959
2687066,68,188,8937,2007,45939.0,0.0,-0.144054,0.663592,EGY,SAU,842959
2687067,71,188,8937,2007,785553.0,0.0,0.914681,2.027797,ESP,SAU,842959
2687068,77,188,8937,2007,66866.0,0.0,1.4565350000000001,0.262845,FRA,SAU,842959
2687069,81,188,8937,2007,27570298.0,0.0,1.718661,0.35525300000000004,GBR,SAU,842959
2687070,102,188,8937,2007,6325.0,0.0,1.4887709999999998,0.78372,HUN,SAU,842959
2687071,103,188,8937,2007,558016.0,0.0,-0.192415,1.497962,IDN,SAU,842959
2687072,104,188,8937,2007,18589.0,0.0,0.279475,2.7514939999999997,IND,SAU,842959
2687073,106,188,8937,2007,102631.0,0.0,1.353146,0.122832,IRL,SAU,842959
2687074,111,188,8937,2007,6456966.0,0.0,1.3003559999999998,0.705448,ITA,SAU,842959
2687075,113,188,8937,2007,0.0,67558.0,0.228433,0.5984550000000001,JOR,SAU,842959
2687076,114,188,8937,2007,1540516.0,0.0,2.313259,0.186703,JPN,SAU,842959
2687077,121,188,8937,2007,75015.0,0.0,1.497359,0.726637,KOR,SAU,842959
2687078,122,188,8937,2007,94330.0,133397.0,-0.8265030000000001,-1.166243,KWT,SAU,842959
2687079,124,188,8937,2007,145093.0,0.0,0.47468,1.775191,LBN,SAU,842959
2687080,153,188,8937,2007,229300.0,0.0,0.740788,0.302155,MYS,SAU,842959
2687081,159,188,8937,2007,0.0,318357.0,-1.746879,-1.20823,NGA,SAU,842959
2687082,168,188,8937,2007,7267.0,0.0,-0.5594359999999999,0.47369300000000003,PAK,SAU,842959
2687083,177,188,8937,2007,1363794.0,0.0,1.0412139999999999,1.309641,POL,SAU,842959
2687084,179,188,8937,2007,15859.0,0.0,0.621302,1.971656,PRT,SAU,842959
2687085,183,188,8937,2007,556671.0,156281.0,0.20181500000000002,-0.9898110000000001,QAT,SAU,842959
2687086,190,188,8937,2007,0.0,1099447.0,-1.978359,-1.316172,SDN,SAU,842959
2687087,192,188,8937,2007,293552.0,0.0,1.608299,0.545791,SGP,SAU,842959
2687088,212,188,8937,2007,0.0,224065.0,-0.46851899999999996,0.553396,SYR,SAU,842959
2687089,216,188,8937,2007,6525.0,0.0,0.711328,1.411114,THA,SAU,842959
2687090,224,188,8937,2007,271772.0,95885.0,0.41396700000000003,2.0339869999999998,TUR,SAU,842959
2687091,231,188,8937,2007,2155865.0,195840.0,1.612165,0.0922,USA,SAU,842959
2687092,243,188,8937,2007,0.0,195824.0,-1.2624600000000001,-1.2131290000000001,YEM,SAU,842959
2687093,246,188,8937,2007,249337.0,0.0,0.349792,1.246052,ZAF,SAU,842959
2687094,249,188,8937,2007,100893.0,0.0,1.651607,0.974649,TWN,SAU,842959
2687095,7,190,8937,2007,99716.0,0.0,-0.107504,-0.44744300000000004,ARE,SDN,842959
2687096,18,190,8937,2007,49138.0,0.0,1.2880479999999999,1.145724,BEL,SDN,842959
2687097,41,190,8937,2007,227781.0,0.0,2.0198080000000003,0.42277200000000004,CHE,SDN,842959
2687098,43,190,8937,2007,78872.0,0.0,0.801547,2.321052,CHN,SDN,842959
2687099,61,190,8937,2007,55685.0,0.0,2.114566,-2.934732,DEU,SDN,842959
2687100,77,190,8937,2007,99657.0,0.0,1.4565350000000001,0.262845,FRA,SDN,842959
2687101,81,190,8937,2007,1599094.0,0.0,1.718661,0.35525300000000004,GBR,SDN,842959
2687102,104,190,8937,2007,2585861.0,0.0,0.279475,2.7514939999999997,IND,SDN,842959
2687103,111,190,8937,2007,42812.0,0.0,1.3003559999999998,0.705448,ITA,SDN,842959
2687104,114,190,8937,2007,14267.0,0.0,2.313259,0.186703,JPN,SDN,842959
2687105,116,190,8937,2007,155068.0,0.0,-0.44365299999999996,0.858692,KEN,SDN,842959
2687106,121,190,8937,2007,309083.0,0.0,1.497359,0.726637,KOR,SDN,842959
2687107,188,190,8937,2007,1099447.0,0.0,0.367463,-0.8603709999999999,SAU,SDN,842959
2687108,192,190,8937,2007,26853.0,0.0,1.608299,0.545791,SGP,SDN,842959
2687109,208,190,8937,2007,1030461.0,0.0,1.927244,0.498241,SWE,SDN,842959
2687110,227,190,8937,2007,3411.0,12260.0,-0.900559,-0.42071400000000003,UGA,SDN,842959
2687111,32,197,8937,2007,236516.0,0.0,0.582859,1.137225,BRA,SLV,842959
2687112,52,197,8937,2007,0.0,42545.0,0.001895,-0.30248600000000003,CRI,SLV,842959
2687113,93,197,8937,2007,234176.0,545325.0,-0.261899,0.643437,GTM,SLV,842959
2687114,99,197,8937,2007,0.0,71338.0,-0.6366,-0.327447,HND,SLV,842959
2687115,111,197,8937,2007,205370.0,0.0,1.3003559999999998,0.705448,ITA,SLV,842959
2687116,114,197,8937,2007,26856.0,0.0,2.313259,0.186703,JPN,SLV,842959
2687117,160,197,8937,2007,2433.0,3749.0,-0.924162,-0.857508,NIC,SLV,842959
2687118,177,197,8937,2007,422404.0,0.0,1.0412139999999999,1.309641,POL,SLV,842959
2687119,208,197,8937,2007,431748.0,0.0,1.927244,0.498241,SWE,SLV,842959
2687120,231,197,8937,2007,1336371.0,0.0,1.612165,0.0922,USA,SLV,842959
2687121,236,197,8937,2007,0.0,83837.0,-0.231215,-0.9839200000000001,VEN,SLV,842959
2687122,249,197,8937,2007,16932.0,0.0,1.651607,0.974649,TWN,SLV,842959
2687123,43,205,8937,2007,6746.0,0.0,0.801547,2.321052,CHN,SUR,842959
2687124,61,205,8937,2007,6623.0,0.0,2.114566,-2.934732,DEU,SUR,842959
2687125,81,205,8937,2007,57595.0,0.0,1.718661,0.35525300000000004,GBR,SUR,842959
2687126,114,205,8937,2007,12311.0,0.0,2.313259,0.186703,JPN,SUR,842959
2687127,121,205,8937,2007,110660.0,0.0,1.497359,0.726637,KOR,SUR,842959
2687128,127,205,8937,2007,207050.0,0.0,0.7445430000000001,-0.187834,LCA,SUR,842959
2687129,153,205,8937,2007,44900.0,0.0,0.740788,0.302155,MYS,SUR,842959
2687130,162,205,8937,2007,1609466.0,25698.0,1.089169,1.589641,NLD,SUR,842959
2687131,222,205,8937,2007,0.0,5220.0,-0.371347,-1.0536709999999998,TTO,SUR,842959
2687132,231,205,8937,2007,918977.0,0.0,1.612165,0.0922,USA,SUR,842959
2687133,249,205,8937,2007,15632.0,0.0,1.651607,0.974649,TWN,SUR,842959
2687134,4,207,8937,2007,0.0,115653.0,-0.20616700000000002,-0.016993,ALB,SVN,842959
2687135,14,207,8937,2007,27714.0,0.0,0.137686,0.451592,AUS,SVN,842959
2687136,15,207,8937,2007,9623976.0,78607.0,1.730088,-0.045543,AUT,SVN,842959
2687137,18,207,8937,2007,265079.0,0.0,1.2880479999999999,1.145724,BEL,SVN,842959
2687138,23,207,8937,2007,0.0,316788.0,0.43321899999999997,1.5696700000000001,BGR,SVN,842959
2687139,26,207,8937,2007,0.0,570992.0,0.46303199999999994,0.596178,BIH,SVN,842959
2687140,41,207,8937,2007,6514.0,0.0,2.0198080000000003,0.42277200000000004,CHE,SVN,842959
2687141,59,207,8937,2007,0.0,205840.0,1.620377,0.379404,CZE,SVN,842959
2687142,61,207,8937,2007,568798.0,0.0,2.114566,-2.934732,DEU,SVN,842959
2687143,64,207,8937,2007,101091.0,0.0,1.204019,1.122666,DNK,SVN,842959
2687144,77,207,8937,2007,98763.0,0.0,1.4565350000000001,0.262845,FRA,SVN,842959
2687145,81,207,8937,2007,10127377.0,0.0,1.718661,0.35525300000000004,GBR,SVN,842959
2687146,100,207,8937,2007,247817.0,1676716.0,0.7799699999999999,1.1047850000000001,HRV,SVN,842959
2687147,102,207,8937,2007,402745.0,58811.0,1.4887709999999998,0.78372,HUN,SVN,842959
2687148,111,207,8937,2007,4069750.0,0.0,1.3003559999999998,0.705448,ITA,SVN,842959
2687149,114,207,8937,2007,948629.0,0.0,2.313259,0.186703,JPN,SVN,842959
2687150,140,207,8937,2007,0.0,81513.0,-0.125912,-0.009395,MKD,SVN,842959
2687151,144,207,8937,2007,228789.0,1243783.0,0.250006,-0.154908,MNE,SVN,842959
2687152,162,207,8937,2007,55469.0,0.0,1.089169,1.589641,NLD,SVN,842959
2687153,177,207,8937,2007,0.0,274770.0,1.0412139999999999,1.309641,POL,SVN,842959
2687154,185,207,8937,2007,0.0,45955.0,0.69445,1.223747,ROU,SVN,842959
2687155,186,207,8937,2007,19645.0,0.0,0.5576399999999999,-0.05382000000000001,RUS,SVN,842959
2687156,201,207,8937,2007,112314.0,1125337.0,0.579288,1.464123,SRB,SVN,842959
2687157,206,207,8937,2007,0.0,212003.0,1.358301,0.79655,SVK,SVN,842959
2687158,208,207,8937,2007,30166.0,0.0,1.927244,0.498241,SWE,SVN,842959
2687159,224,207,8937,2007,194228.0,0.0,0.41396700000000003,2.0339869999999998,TUR,SVN,842959
2687160,250,207,8937,2007,570046.0,0.0,0.671936,-0.284418,ANS,SVN,842959
2687161,5,208,8937,2007,0.0,51070.0,1.178982,0.778379,AND,SWE,842959
2687162,7,208,8937,2007,0.0,1790309.0,-0.107504,-0.44744300000000004,ARE,SWE,842959
2687163,15,208,8937,2007,1087787.0,68628.0,1.730088,-0.045543,AUT,SWE,842959
2687164,16,208,8937,2007,0.0,174116.0,-0.897342,-1.174224,AZE,SWE,842959
2687165,18,208,8937,2007,1177294.0,0.0,1.2880479999999999,1.145724,BEL,SWE,842959
2687166,23,208,8937,2007,0.0,64844.0,0.43321899999999997,1.5696700000000001,BGR,SWE,842959
2687167,31,208,8937,2007,0.0,43975.0,-1.021595,-0.955375,BOL,SWE,842959
2687168,39,208,8937,2007,0.0,959996.0,0.77681,1.20517,CAN,SWE,842959
2687169,41,208,8937,2007,216261.0,0.0,2.0198080000000003,0.42277200000000004,CHE,SWE,842959
2687170,43,208,8937,2007,236094.0,170981.0,0.801547,2.321052,CHN,SWE,842959
2687171,51,208,8937,2007,0.0,17618.0,0.289375,-0.295194,CPV,SWE,842959
2687172,61,208,8937,2007,2488301.0,350633.0,2.114566,-2.934732,DEU,SWE,842959
2687173,64,208,8937,2007,3450514.0,160625.0,1.204019,1.122666,DNK,SWE,842959
2687174,65,208,8937,2007,0.0,286317.0,-0.228756,0.004222,DOM,SWE,842959
2687175,66,208,8937,2007,0.0,34680.0,-0.9822690000000001,-1.170282,DZA,SWE,842959
2687176,68,208,8937,2007,0.0,67826.0,-0.144054,0.663592,EGY,SWE,842959
2687177,71,208,8937,2007,49518.0,7766.0,0.914681,2.027797,ESP,SWE,842959
2687178,72,208,8937,2007,0.0,653138.0,0.746434,1.306397,EST,SWE,842959
2687179,73,208,8937,2007,0.0,2247534.0,-1.115917,-0.821652,ETH,SWE,842959
2687180,74,208,8937,2007,16884002.0,1531514.0,1.865502,0.7737729999999999,FIN,SWE,842959
2687181,77,208,8937,2007,293380.0,9181.0,1.4565350000000001,0.262845,FRA,SWE,842959
2687182,81,208,8937,2007,13795826.0,0.0,1.718661,0.35525300000000004,GBR,SWE,842959
2687183,83,208,8937,2007,0.0,305587.0,-0.906867,-0.565891,GHA,SWE,842959
2687184,90,208,8937,2007,232411.0,559956.0,0.348709,1.674567,GRC,SWE,842959
2687185,93,208,8937,2007,0.0,45679.0,-0.261899,0.643437,GTM,SWE,842959
2687186,99,208,8937,2007,0.0,288630.0,-0.6366,-0.327447,HND,SWE,842959
2687187,100,208,8937,2007,0.0,59976.0,0.7799699999999999,1.1047850000000001,HRV,SWE,842959
2687188,104,208,8937,2007,0.0,5711878.0,0.279475,2.7514939999999997,IND,SWE,842959
2687189,106,208,8937,2007,31449.0,71990.0,1.353146,0.122832,IRL,SWE,842959
2687190,109,208,8937,2007,0.0,108526.0,0.172786,-0.380266,ISL,SWE,842959
2687191,111,208,8937,2007,1079202.0,1135.0,1.3003559999999998,0.705448,ITA,SWE,842959
2687192,114,208,8937,2007,7653630.0,0.0,2.313259,0.186703,JPN,SWE,842959
2687193,115,208,8937,2007,0.0,14414.0,-0.171218,-0.630279,KAZ,SWE,842959
2687194,116,208,8937,2007,0.0,40635.0,-0.44365299999999996,0.858692,KEN,SWE,842959
2687195,121,208,8937,2007,4589900.0,0.0,1.497359,0.726637,KOR,SWE,842959
2687196,122,208,8937,2007,0.0,320444.0,-0.8265030000000001,-1.166243,KWT,SWE,842959
2687197,124,208,8937,2007,0.0,15456.0,0.47468,1.775191,LBN,SWE,842959
2687198,130,208,8937,2007,0.0,102157.0,0.604169,1.279982,LTU,SWE,842959
2687199,131,208,8937,2007,43517.0,0.0,1.390259,0.996566,LUX,SWE,842959
2687200,132,208,8937,2007,205653.0,3601937.0,0.61459,0.985358,LVA,SWE,842959
2687201,134,208,8937,2007,0.0,167887.0,-0.5846560000000001,0.10927100000000001,MAR,SWE,842959
2687202,138,208,8937,2007,0.0,90765.0,1.044746,0.605246,MEX,SWE,842959
2687203,144,208,8937,2007,0.0,102164.0,0.250006,-0.154908,MNE,SWE,842959
2687204,151,208,8937,2007,0.0,232957.0,-0.342957,-0.129114,MUS,SWE,842959
2687205,153,208,8937,2007,0.0,246452.0,0.740788,0.302155,MYS,SWE,842959
2687206,157,208,8937,2007,0.0,47867.0,-0.287155,-0.577325,NER,SWE,842959
2687207,159,208,8937,2007,0.0,40561.0,-1.746879,-1.20823,NGA,SWE,842959
2687208,162,208,8937,2007,2146909.0,185659.0,1.089169,1.589641,NLD,SWE,842959
2687209,163,208,8937,2007,2607353.0,3379203.0,0.9829100000000001,0.100995,NOR,SWE,842959
2687210,168,208,8937,2007,0.0,230308.0,-0.5594359999999999,0.47369300000000003,PAK,SWE,842959
2687211,169,208,8937,2007,0.0,417379.0,0.36233899999999997,0.807669,PAN,SWE,842959
2687212,173,208,8937,2007,0.0,70244.0,-0.49716099999999996,0.02556,PER,SWE,842959
2687213,174,208,8937,2007,0.0,345130.0,0.032117,-0.16600499999999999,PHL,SWE,842959
2687214,177,208,8937,2007,281814.0,87602.0,1.0412139999999999,1.309641,POL,SWE,842959
2687215,179,208,8937,2007,0.0,148650.0,0.621302,1.971656,PRT,SWE,842959
2687216,180,208,8937,2007,0.0,2338.0,-0.500617,-0.814385,PRY,SWE,842959
2687217,183,208,8937,2007,0.0,96265.0,0.20181500000000002,-0.9898110000000001,QAT,SWE,842959
2687218,185,208,8937,2007,0.0,88796.0,0.69445,1.223747,ROU,SWE,842959
2687219,186,208,8937,2007,0.0,464465.0,0.5576399999999999,-0.05382000000000001,RUS,SWE,842959
2687220,190,208,8937,2007,0.0,1030461.0,-1.978359,-1.316172,SDN,SWE,842959
2687221,191,208,8937,2007,0.0,26593.0,-0.20343599999999998,0.27211199999999997,SEN,SWE,842959
2687222,192,208,8937,2007,0.0,1175368.0,1.608299,0.545791,SGP,SWE,842959
2687223,197,208,8937,2007,0.0,431748.0,-0.110573,0.184426,SLV,SWE,842959
2687224,201,208,8937,2007,0.0,13115.0,0.579288,1.464123,SRB,SWE,842959
2687225,207,208,8937,2007,0.0,30166.0,1.605767,0.692926,SVN,SWE,842959
2687226,216,208,8937,2007,0.0,81585.0,0.711328,1.411114,THA,SWE,842959
2687227,224,208,8937,2007,0.0,15699.0,0.41396700000000003,2.0339869999999998,TUR,SWE,842959
2687228,227,208,8937,2007,0.0,199425.0,-0.900559,-0.42071400000000003,UGA,SWE,842959
2687229,228,208,8937,2007,0.0,224336.0,0.7441760000000001,0.8681260000000001,UKR,SWE,842959
2687230,231,208,8937,2007,1213021.0,507554.0,1.612165,0.0922,USA,SWE,842959
2687231,247,208,8937,2007,25272.0,378908.0,-0.522838,-0.796874,ZMB,SWE,842959
2687232,249,208,8937,2007,0.0,36810.0,1.651607,0.974649,TWN,SWE,842959
2687233,7,216,8937,2007,0.0,1951713.0,-0.107504,-0.44744300000000004,ARE,THA,842959
2687234,14,216,8937,2007,3119.0,274736.0,0.137686,0.451592,AUS,THA,842959
2687235,15,216,8937,2007,3211.0,0.0,1.730088,-0.045543,AUT,THA,842959
2687236,24,216,8937,2007,0.0,130168.0,0.500846,-0.845449,BHR,THA,842959
2687237,34,216,8937,2007,41414.0,0.0,-1.118219,-0.924797,BRN,THA,842959
2687238,35,216,8937,2007,0.0,517035.0,-0.147438,-0.68999,BTN,THA,842959
2687239,39,216,8937,2007,0.0,1329243.0,0.77681,1.20517,CAN,THA,842959
2687240,43,216,8937,2007,661363.0,90535.0,0.801547,2.321052,CHN,THA,842959
2687241,61,216,8937,2007,406499.0,0.0,2.114566,-2.934732,DEU,THA,842959
2687242,68,216,8937,2007,0.0,27266.0,-0.144054,0.663592,EGY,THA,842959
2687243,71,216,8937,2007,201851.0,0.0,0.914681,2.027797,ESP,THA,842959
2687244,75,216,8937,2007,0.0,6068.0,-0.506992,0.033250999999999996,FJI,THA,842959
2687245,77,216,8937,2007,107948.0,0.0,1.4565350000000001,0.262845,FRA,THA,842959
2687246,81,216,8937,2007,3546091.0,3548916.0,1.718661,0.35525300000000004,GBR,THA,842959
2687247,97,216,8937,2007,0.0,34513.0,0.639034,2.1086009999999997,HKG,THA,842959
2687248,103,216,8937,2007,12514.0,80120376.0,-0.192415,1.497962,IDN,THA,842959
2687249,104,216,8937,2007,2470918.0,56470.0,0.279475,2.7514939999999997,IND,THA,842959
2687250,111,216,8937,2007,1045215.0,0.0,1.3003559999999998,0.705448,ITA,THA,842959
2687251,114,216,8937,2007,966065.0,857869.0,2.313259,0.186703,JPN,THA,842959
2687252,116,216,8937,2007,0.0,29197.0,-0.44365299999999996,0.858692,KEN,THA,842959
2687253,118,216,8937,2007,0.0,381084.0,-1.1822489999999999,-1.129066,KHM,THA,842959
2687254,120,216,8937,2007,0.0,66661.0,1.21646,-0.190821,KNA,THA,842959
2687255,121,216,8937,2007,139335.0,0.0,1.497359,0.726637,KOR,THA,842959
2687256,122,216,8937,2007,0.0,8872.0,-0.8265030000000001,-1.166243,KWT,THA,842959
2687257,123,216,8937,2007,10534.0,7134508.0,-1.045213,-1.01482,LAO,THA,842959
2687258,128,216,8937,2007,0.0,303367.0,-0.568577,0.364717,LKA,THA,842959
2687259,137,216,8937,2007,0.0,11796.0,-0.7558050000000001,-0.931211,MDV,THA,842959
2687260,143,216,8937,2007,0.0,1951833.0,-1.29366,-1.074733,MMR,THA,842959
2687261,151,216,8937,2007,0.0,131622.0,-0.342957,-0.129114,MUS,THA,842959
2687262,153,216,8937,2007,124504.0,18524828.0,0.740788,0.302155,MYS,THA,842959
2687263,162,216,8937,2007,3631.0,0.0,1.089169,1.589641,NLD,THA,842959
2687264,164,216,8937,2007,0.0,5429509.0,-0.274255,0.513961,NPL,THA,842959
2687265,166,216,8937,2007,1764.0,0.0,0.495938,0.845825,NZL,THA,842959
2687266,168,216,8937,2007,0.0,95707.0,-0.5594359999999999,0.47369300000000003,PAK,THA,842959
2687267,174,216,8937,2007,0.0,12254571.0,0.032117,-0.16600499999999999,PHL,THA,842959
2687268,176,216,8937,2007,0.0,2977041.0,-1.947486,-1.284269,PNG,THA,842959
2687269,183,216,8937,2007,76819.0,0.0,0.20181500000000002,-0.9898110000000001,QAT,THA,842959
2687270,188,216,8937,2007,0.0,6525.0,0.367463,-0.8603709999999999,SAU,THA,842959
2687271,192,216,8937,2007,750405.0,11693410.0,1.608299,0.545791,SGP,THA,842959
2687272,208,216,8937,2007,81585.0,0.0,1.927244,0.498241,SWE,THA,842959
2687273,231,216,8937,2007,2787204.0,11779079.0,1.612165,0.0922,USA,THA,842959
2687274,239,216,8937,2007,12603.0,2147183.0,-0.335613,1.048849,VNM,THA,842959
2687275,246,216,8937,2007,17466.0,7569592.0,0.349792,1.246052,ZAF,THA,842959
2687276,249,216,8937,2007,163421.0,2741342.0,1.651607,0.974649,TWN,THA,842959
2687277,39,222,8937,2007,51993.0,0.0,0.77681,1.20517,CAN,TTO,842959
2687278,43,222,8937,2007,1377.0,0.0,0.801547,2.321052,CHN,TTO,842959
2687279,61,222,8937,2007,161200.0,0.0,2.114566,-2.934732,DEU,TTO,842959
2687280,71,222,8937,2007,1506.0,0.0,0.914681,2.027797,ESP,TTO,842959
2687281,81,222,8937,2007,3605980.0,70814.0,1.718661,0.35525300000000004,GBR,TTO,842959
2687282,91,222,8937,2007,2922.0,115671.0,0.043229000000000004,-0.664795,GRD,TTO,842959
2687283,96,222,8937,2007,530772.0,1813.0,-0.889957,-0.873185,GUY,TTO,842959
2687284,103,222,8937,2007,27233.0,0.0,-0.192415,1.497962,IDN,TTO,842959
2687285,111,222,8937,2007,1140508.0,0.0,1.3003559999999998,0.705448,ITA,TTO,842959
2687286,114,222,8937,2007,690361.0,0.0,2.313259,0.186703,JPN,TTO,842959
2687287,120,222,8937,2007,0.0,10872.0,1.21646,-0.190821,KNA,TTO,842959
2687288,179,222,8937,2007,17894.0,0.0,0.621302,1.971656,PRT,TTO,842959
2687289,192,222,8937,2007,120093.0,0.0,1.608299,0.545791,SGP,TTO,842959
2687290,205,222,8937,2007,5220.0,0.0,-0.8506440000000001,-0.8898959999999999,SUR,TTO,842959
2687291,231,222,8937,2007,4472192.0,0.0,1.612165,0.0922,USA,TTO,842959
2687292,246,222,8937,2007,706588.0,0.0,0.349792,1.246052,ZAF,TTO,842959
2687293,4,224,8937,2007,0.0,8612.0,-0.20616700000000002,-0.016993,ALB,TUR,842959
2687294,7,224,8937,2007,0.0,461566.0,-0.107504,-0.44744300000000004,ARE,TUR,842959
2687295,9,224,8937,2007,0.0,62759.0,0.7169,-0.019251,ARM,TUR,842959
2687296,14,224,8937,2007,0.0,382805.0,0.137686,0.451592,AUS,TUR,842959
2687297,16,224,8937,2007,0.0,2614095.0,-0.897342,-1.174224,AZE,TUR,842959
2687298,18,224,8937,2007,205361.0,0.0,1.2880479999999999,1.145724,BEL,TUR,842959
2687299,23,224,8937,2007,0.0,756840.0,0.43321899999999997,1.5696700000000001,BGR,TUR,842959
2687300,26,224,8937,2007,0.0,102368.0,0.46303199999999994,0.596178,BIH,TUR,842959
2687301,28,224,8937,2007,0.0,122804.0,1.0435889999999999,0.415603,BLR,TUR,842959
2687302,43,224,8937,2007,182038.0,0.0,0.801547,2.321052,CHN,TUR,842959
2687303,54,224,8937,2007,0.0,539614.0,-0.308053,-0.8740610000000001,CUB,TUR,842959
2687304,58,224,8937,2007,0.0,76327.0,0.887351,0.426331,CYP,TUR,842959
2687305,61,224,8937,2007,72547.0,138299.0,2.114566,-2.934732,DEU,TUR,842959
2687306,62,224,8937,2007,0.0,59296.0,-1.111848,-0.983348,DJI,TUR,842959
2687307,64,224,8937,2007,31936.0,250777.0,1.204019,1.122666,DNK,TUR,842959
2687308,66,224,8937,2007,0.0,1257890.0,-0.9822690000000001,-1.170282,DZA,TUR,842959
2687309,68,224,8937,2007,0.0,43377.0,-0.144054,0.663592,EGY,TUR,842959
2687310,71,224,8937,2007,0.0,2608137.0,0.914681,2.027797,ESP,TUR,842959
2687311,72,224,8937,2007,0.0,575782.0,0.746434,1.306397,EST,TUR,842959
2687312,73,224,8937,2007,0.0,61144.0,-1.115917,-0.821652,ETH,TUR,842959
2687313,77,224,8937,2007,182541.0,113653.0,1.4565350000000001,0.262845,FRA,TUR,842959
2687314,81,224,8937,2007,124884608.0,281502.0,1.718661,0.35525300000000004,GBR,TUR,842959
2687315,82,224,8937,2007,0.0,220902.0,0.016077,-0.386962,GEO,TUR,842959
2687316,90,224,8937,2007,0.0,287445.0,0.348709,1.674567,GRC,TUR,842959
2687317,102,224,8937,2007,0.0,360604.0,1.4887709999999998,0.78372,HUN,TUR,842959
2687318,104,224,8937,2007,0.0,10804.0,0.279475,2.7514939999999997,IND,TUR,842959
2687319,106,224,8937,2007,0.0,638137.0,1.353146,0.122832,IRL,TUR,842959
2687320,107,224,8937,2007,0.0,598329.0,-0.797659,-1.048892,IRN,TUR,842959
2687321,108,224,8937,2007,0.0,746402.0,-1.961053,-0.8849969999999999,IRQ,TUR,842959
2687322,110,224,8937,2007,0.0,485479.0,1.092244,0.753984,ISR,TUR,842959
2687323,111,224,8937,2007,29533132.0,0.0,1.3003559999999998,0.705448,ITA,TUR,842959
2687324,112,224,8937,2007,0.0,11807.0,-0.466305,-0.971972,JAM,TUR,842959
2687325,113,224,8937,2007,0.0,31100.0,0.228433,0.5984550000000001,JOR,TUR,842959
2687326,114,224,8937,2007,84599.0,0.0,2.313259,0.186703,JPN,TUR,842959
2687327,115,224,8937,2007,0.0,1690860.0,-0.171218,-0.630279,KAZ,TUR,842959
2687328,117,224,8937,2007,0.0,30708.0,-0.190437,-0.23665999999999998,KGZ,TUR,842959
2687329,126,224,8937,2007,0.0,88949.0,-0.8669959999999999,-1.167363,LBY,TUR,842959
2687330,132,224,8937,2007,0.0,928945.0,0.61459,0.985358,LVA,TUR,842959
2687331,134,224,8937,2007,0.0,1176670.0,-0.5846560000000001,0.10927100000000001,MAR,TUR,842959
2687332,135,224,8937,2007,0.0,119657.0,0.147801,0.13758299999999998,MDA,TUR,842959
2687333,142,224,8937,2007,76228.0,0.0,1.184569,-0.046376,MLT,TUR,842959
2687334,159,224,8937,2007,0.0,61961.0,-1.746879,-1.20823,NGA,TUR,842959
2687335,162,224,8937,2007,30975.0,263839.0,1.089169,1.589641,NLD,TUR,842959
2687336,163,224,8937,2007,0.0,63604.0,0.9829100000000001,0.100995,NOR,TUR,842959
2687337,168,224,8937,2007,22886.0,10666.0,-0.5594359999999999,0.47369300000000003,PAK,TUR,842959
2687338,177,224,8937,2007,15124282.0,1743094.0,1.0412139999999999,1.309641,POL,TUR,842959
2687339,179,224,8937,2007,0.0,208412.0,0.621302,1.971656,PRT,TUR,842959
2687340,183,224,8937,2007,0.0,12089.0,0.20181500000000002,-0.9898110000000001,QAT,TUR,842959
2687341,185,224,8937,2007,0.0,2131131.0,0.69445,1.223747,ROU,TUR,842959
2687342,186,224,8937,2007,0.0,1117635.0,0.5576399999999999,-0.05382000000000001,RUS,TUR,842959
2687343,188,224,8937,2007,95885.0,271772.0,0.367463,-0.8603709999999999,SAU,TUR,842959
2687344,191,224,8937,2007,0.0,39830.0,-0.20343599999999998,0.27211199999999997,SEN,TUR,842959
2687345,201,224,8937,2007,0.0,105736.0,0.579288,1.464123,SRB,TUR,842959
2687346,207,224,8937,2007,0.0,194228.0,1.605767,0.692926,SVN,TUR,842959
2687347,208,224,8937,2007,15699.0,0.0,1.927244,0.498241,SWE,TUR,842959
2687348,212,224,8937,2007,0.0,184184.0,-0.46851899999999996,0.553396,SYR,TUR,842959
2687349,219,224,8937,2007,0.0,3451.0,-1.16715,-1.213064,TKM,TUR,842959
2687350,223,224,8937,2007,0.0,652745.0,0.062824,0.74003,TUN,TUR,842959
2687351,226,224,8937,2007,0.0,86676.0,-0.8493959999999999,0.47116099999999994,TZA,TUR,842959
2687352,228,224,8937,2007,0.0,246293.0,0.7441760000000001,0.8681260000000001,UKR,TUR,842959
2687353,231,224,8937,2007,619352.0,0.0,1.612165,0.0922,USA,TUR,842959
2687354,246,224,8937,2007,0.0,3147573.0,0.349792,1.246052,ZAF,TUR,842959
2687355,250,224,8937,2007,69109016.0,602717.0,0.671936,-0.284418,ANS,TUR,842959
2687356,7,226,8937,2007,645710.0,0.0,-0.107504,-0.44744300000000004,ARE,TZA,842959
2687357,18,226,8937,2007,97079.0,0.0,1.2880479999999999,1.145724,BEL,TZA,842959
2687358,43,226,8937,2007,179611.0,0.0,0.801547,2.321052,CHN,TZA,842959
2687359,77,226,8937,2007,34091.0,0.0,1.4565350000000001,0.262845,FRA,TZA,842959
2687360,81,226,8937,2007,1655460.0,0.0,1.718661,0.35525300000000004,GBR,TZA,842959
2687361,97,226,8937,2007,5615.0,0.0,0.639034,2.1086009999999997,HKG,TZA,842959
2687362,104,226,8937,2007,139337.0,0.0,0.279475,2.7514939999999997,IND,TZA,842959
2687363,111,226,8937,2007,233382.0,0.0,1.3003559999999998,0.705448,ITA,TZA,842959
2687364,114,226,8937,2007,724598.0,0.0,2.313259,0.186703,JPN,TZA,842959
2687365,116,226,8937,2007,238542.0,64484.0,-0.44365299999999996,0.858692,KEN,TZA,842959
2687366,159,226,8937,2007,0.0,38515.0,-1.746879,-1.20823,NGA,TZA,842959
2687367,162,226,8937,2007,508488.0,0.0,1.089169,1.589641,NLD,TZA,842959
2687368,224,226,8937,2007,86676.0,0.0,0.41396700000000003,2.0339869999999998,TUR,TZA,842959
2687369,231,226,8937,2007,315250.0,0.0,1.612165,0.0922,USA,TZA,842959
2687370,246,226,8937,2007,225780.0,80137.0,0.349792,1.246052,ZAF,TZA,842959
2687371,247,226,8937,2007,0.0,88133.0,-0.522838,-0.796874,ZMB,TZA,842959
2687372,18,230,8937,2007,40355.0,0.0,1.2880479999999999,1.145724,BEL,URY,842959
2687373,32,230,8937,2007,3065675.0,0.0,0.582859,1.137225,BRA,URY,842959
2687374,42,230,8937,2007,59637.0,0.0,-0.306846,-0.57431,CHL,URY,842959
2687375,43,230,8937,2007,57418.0,0.0,0.801547,2.321052,CHN,URY,842959
2687376,77,230,8937,2007,32527.0,0.0,1.4565350000000001,0.262845,FRA,URY,842959
2687377,81,230,8937,2007,177668.0,0.0,1.718661,0.35525300000000004,GBR,URY,842959
2687378,111,230,8937,2007,43103.0,0.0,1.3003559999999998,0.705448,ITA,URY,842959
2687379,114,230,8937,2007,8239.0,0.0,2.313259,0.186703,JPN,URY,842959
2687380,162,230,8937,2007,54657.0,0.0,1.089169,1.589641,NLD,URY,842959
2687381,163,230,8937,2007,5855.0,0.0,0.9829100000000001,0.100995,NOR,URY,842959
2687382,231,230,8937,2007,1505123.0,0.0,1.612165,0.0922,USA,URY,842959
2687383,0,231,8937,2007,0.0,20000.0,-0.100145,-0.7896920000000001,ABW,USA,842959
2687384,2,231,8937,2007,0.0,839458.0,-1.6925709999999998,-1.1987290000000002,AGO,USA,842959
2687385,3,231,8937,2007,0.0,1204315.0,1.204732,-0.009463,AIA,USA,842959
2687386,4,231,8937,2007,0.0,139276.0,-0.20616700000000002,-0.016993,ALB,USA,842959
2687387,6,231,8937,2007,0.0,3380589.0,0.305773,-0.504676,ANT,USA,842959
2687388,7,231,8937,2007,240659.0,3548975.0,-0.107504,-0.44744300000000004,ARE,USA,842959
2687389,8,231,8937,2007,149904.0,19262372.0,0.178214,0.5093850000000001,ARG,USA,842959
2687390,9,231,8937,2007,0.0,5211.0,0.7169,-0.019251,ARM,USA,842959
2687391,13,231,8937,2007,0.0,1144072.0,0.5574899999999999,-0.125609,ATG,USA,842959
2687392,14,231,8937,2007,585838.0,12728243.0,0.137686,0.451592,AUS,USA,842959
2687393,15,231,8937,2007,1599431.0,27822.0,1.730088,-0.045543,AUT,USA,842959
2687394,16,231,8937,2007,0.0,47662.0,-0.897342,-1.174224,AZE,USA,842959
2687395,17,231,8937,2007,0.0,88935.0,-0.33884899999999996,-0.661017,BDI,USA,842959
2687396,18,231,8937,2007,259784.0,2135670.0,1.2880479999999999,1.145724,BEL,USA,842959
2687397,21,231,8937,2007,0.0,15088.0,-0.960893,-0.94458,BFA,USA,842959
2687398,22,231,8937,2007,0.0,52598.0,-0.9436469999999999,-0.7200310000000001,BGD,USA,842959
2687399,23,231,8937,2007,0.0,25936.0,0.43321899999999997,1.5696700000000001,BGR,USA,842959
2687400,24,231,8937,2007,0.0,141311.0,0.500846,-0.845449,BHR,USA,842959
2687401,25,231,8937,2007,801115.0,1527036.0,0.502698,-0.538612,BHS,USA,842959
2687402,26,231,8937,2007,0.0,45228.0,0.46303199999999994,0.596178,BIH,USA,842959
2687403,28,231,8937,2007,0.0,14361.0,1.0435889999999999,0.415603,BLR,USA,842959
2687404,29,231,8937,2007,0.0,713905.0,-0.17825,-0.562535,BLZ,USA,842959
2687405,30,231,8937,2007,0.0,807010.0,0.598129,-0.635616,BMU,USA,842959
2687406,31,231,8937,2007,0.0,372601.0,-1.021595,-0.955375,BOL,USA,842959
2687407,32,231,8937,2007,8467182.0,1377416.0,0.582859,1.137225,BRA,USA,842959
2687408,33,231,8937,2007,0.0,2530920.0,1.006332,0.680391,BRB,USA,842959
2687409,39,231,8937,2007,2904665.0,170457584.0,0.77681,1.20517,CAN,USA,842959
2687410,41,231,8937,2007,0.0,21811.0,2.0198080000000003,0.42277200000000004,CHE,USA,842959
2687411,42,231,8937,2007,0.0,33785960.0,-0.306846,-0.57431,CHL,USA,842959
2687412,43,231,8937,2007,1740157.0,5057300.0,0.801547,2.321052,CHN,USA,842959
2687413,44,231,8937,2007,0.0,62819.0,-0.9989110000000001,-0.867232,CIV,USA,842959
2687414,45,231,8937,2007,0.0,31936.0,-0.821623,-0.965601,CMR,USA,842959
2687415,49,231,8937,2007,0.0,30398332.0,0.118341,0.557699,COL,USA,842959
2687416,51,231,8937,2007,0.0,52907.0,0.289375,-0.295194,CPV,USA,842959
2687417,52,231,8937,2007,0.0,16664897.0,0.001895,-0.30248600000000003,CRI,USA,842959
2687418,57,231,8937,2007,0.0,1876447.0,0.532926,-0.54101,CYM,USA,842959
2687419,58,231,8937,2007,0.0,1006731.0,0.887351,0.426331,CYP,USA,842959
2687420,59,231,8937,2007,2994623.0,19410.0,1.620377,0.379404,CZE,USA,842959
2687421,61,231,8937,2007,1782164.0,2262914.0,2.114566,-2.934732,DEU,USA,842959
2687422,62,231,8937,2007,0.0,584143.0,-1.111848,-0.983348,DJI,USA,842959
2687423,63,231,8937,2007,2237.0,252576.0,0.522624,0.077377,DMA,USA,842959
2687424,64,231,8937,2007,81913.0,286575.0,1.204019,1.122666,DNK,USA,842959
2687425,65,231,8937,2007,0.0,5458426.0,-0.228756,0.004222,DOM,USA,842959
2687426,66,231,8937,2007,0.0,648387.0,-0.9822690000000001,-1.170282,DZA,USA,842959
2687427,67,231,8937,2007,528272.0,9783980.0,-0.820491,-0.8557879999999999,ECU,USA,842959
2687428,68,231,8937,2007,0.0,5015010.0,-0.144054,0.663592,EGY,USA,842959
2687429,69,231,8937,2007,0.0,36500.0,-0.905408,-0.908877,ERI,USA,842959
2687430,71,231,8937,2007,305922.0,7559960.0,0.914681,2.027797,ESP,USA,842959
2687431,72,231,8937,2007,0.0,12504.0,0.746434,1.306397,EST,USA,842959
2687432,73,231,8937,2007,0.0,15956.0,-1.115917,-0.821652,ETH,USA,842959
2687433,74,231,8937,2007,0.0,98375.0,1.865502,0.7737729999999999,FIN,USA,842959
2687434,77,231,8937,2007,1795749.0,834631.0,1.4565350000000001,0.262845,FRA,USA,842959
2687435,80,231,8937,2007,0.0,93241.0,-1.328633,-1.165045,GAB,USA,842959
2687436,81,231,8937,2007,30587532.0,4592547.0,1.718661,0.35525300000000004,GBR,USA,842959
2687437,82,231,8937,2007,0.0,173144.0,0.016077,-0.386962,GEO,USA,842959
2687438,83,231,8937,2007,239505.0,408760.0,-0.906867,-0.565891,GHA,USA,842959
2687439,85,231,8937,2007,0.0,143869.0,-1.694335,-1.230744,GIN,USA,842959
2687440,89,231,8937,2007,0.0,295000.0,-1.406911,-0.8466950000000001,GNQ,USA,842959
2687441,90,231,8937,2007,0.0,358503.0,0.348709,1.674567,GRC,USA,842959
2687442,91,231,8937,2007,0.0,382440.0,0.043229000000000004,-0.664795,GRD,USA,842959
2687443,93,231,8937,2007,0.0,8285168.0,-0.261899,0.643437,GTM,USA,842959
2687444,96,231,8937,2007,0.0,62588.0,-0.889957,-0.873185,GUY,USA,842959
2687445,97,231,8937,2007,0.0,402176.0,0.639034,2.1086009999999997,HKG,USA,842959
2687446,99,231,8937,2007,69207.0,4442248.0,-0.6366,-0.327447,HND,USA,842959
2687447,100,231,8937,2007,0.0,22574.0,0.7799699999999999,1.1047850000000001,HRV,USA,842959
2687448,101,231,8937,2007,0.0,312131.0,-1.070524,-1.046209,HTI,USA,842959
2687449,102,231,8937,2007,0.0,67832.0,1.4887709999999998,0.78372,HUN,USA,842959
2687450,103,231,8937,2007,18068.0,2314980.0,-0.192415,1.497962,IDN,USA,842959
2687451,104,231,8937,2007,243695.0,743972.0,0.279475,2.7514939999999997,IND,USA,842959
2687452,106,231,8937,2007,117109.0,261537.0,1.353146,0.122832,IRL,USA,842959
2687453,108,231,8937,2007,0.0,78000.0,-1.961053,-0.8849969999999999,IRQ,USA,842959
2687454,109,231,8937,2007,0.0,331958.0,0.172786,-0.380266,ISL,USA,842959
2687455,110,231,8937,2007,0.0,806968.0,1.092244,0.753984,ISR,USA,842959
2687456,111,231,8937,2007,51143428.0,12016094.0,1.3003559999999998,0.705448,ITA,USA,842959
2687457,112,231,8937,2007,611453.0,5584592.0,-0.466305,-0.971972,JAM,USA,842959
2687458,113,231,8937,2007,0.0,245589.0,0.228433,0.5984550000000001,JOR,USA,842959
2687459,114,231,8937,2007,64146816.0,93937.0,2.313259,0.186703,JPN,USA,842959
2687460,115,231,8937,2007,0.0,8204.0,-0.171218,-0.630279,KAZ,USA,842959
2687461,116,231,8937,2007,0.0,121094.0,-0.44365299999999996,0.858692,KEN,USA,842959
2687462,118,231,8937,2007,0.0,88002.0,-1.1822489999999999,-1.129066,KHM,USA,842959
2687463,120,231,8937,2007,1566747.0,784799.0,1.21646,-0.190821,KNA,USA,842959
2687464,121,231,8937,2007,1916051.0,0.0,1.497359,0.726637,KOR,USA,842959
2687465,122,231,8937,2007,0.0,463620.0,-0.8265030000000001,-1.166243,KWT,USA,842959
2687466,124,231,8937,2007,0.0,168438.0,0.47468,1.775191,LBN,USA,842959
2687467,125,231,8937,2007,0.0,59500.0,-0.866643,-1.124112,LBR,USA,842959
2687468,126,231,8937,2007,0.0,338534.0,-0.8669959999999999,-1.167363,LBY,USA,842959
2687469,127,231,8937,2007,32857.0,468110.0,0.7445430000000001,-0.187834,LCA,USA,842959
2687470,128,231,8937,2007,0.0,464576.0,-0.568577,0.364717,LKA,USA,842959
2687471,130,231,8937,2007,0.0,558916.0,0.604169,1.279982,LTU,USA,842959
2687472,131,231,8937,2007,25032.0,0.0,1.390259,0.996566,LUX,USA,842959
2687473,132,231,8937,2007,0.0,10788.0,0.61459,0.985358,LVA,USA,842959
2687474,133,231,8937,2007,0.0,54133.0,0.168528,-0.150411,MAC,USA,842959
2687475,134,231,8937,2007,0.0,28274.0,-0.5846560000000001,0.10927100000000001,MAR,USA,842959
2687476,135,231,8937,2007,0.0,34847.0,0.147801,0.13758299999999998,MDA,USA,842959
2687477,136,231,8937,2007,0.0,15029.0,-0.939838,-0.221205,MDG,USA,842959
2687478,138,231,8937,2007,1198224.0,159305968.0,1.044746,0.605246,MEX,USA,842959
2687479,140,231,8937,2007,0.0,380221.0,-0.125912,-0.009395,MKD,USA,842959
2687480,141,231,8937,2007,0.0,652452.0,-0.672822,-0.687913,MLI,USA,842959
2687481,142,231,8937,2007,0.0,46024.0,1.184569,-0.046376,MLT,USA,842959
2687482,144,231,8937,2007,0.0,30954.0,0.250006,-0.154908,MNE,USA,842959
2687483,145,231,8937,2007,0.0,81585.0,-1.0688790000000001,-1.1115709999999999,MNG,USA,842959
2687484,149,231,8937,2007,0.0,167692.0,0.952257,-0.31153800000000004,MSR,USA,842959
2687485,151,231,8937,2007,0.0,336308.0,-0.342957,-0.129114,MUS,USA,842959
2687486,152,231,8937,2007,0.0,17475.0,-1.348692,-1.134002,MWI,USA,842959
2687487,153,231,8937,2007,71720.0,17618640.0,0.740788,0.302155,MYS,USA,842959
2687488,155,231,8937,2007,0.0,126839.0,-0.588953,-0.751722,NAM,USA,842959
2687489,156,231,8937,2007,0.0,394411.0,-0.075892,-0.8211430000000001,NCL,USA,842959
2687490,157,231,8937,2007,0.0,868534.0,-0.287155,-0.577325,NER,USA,842959
2687491,159,231,8937,2007,0.0,1784846.0,-1.746879,-1.20823,NGA,USA,842959
2687492,160,231,8937,2007,4996.0,513053.0,-0.924162,-0.857508,NIC,USA,842959
2687493,162,231,8937,2007,1903460.0,5020790.0,1.089169,1.589641,NLD,USA,842959
2687494,163,231,8937,2007,0.0,1171472.0,0.9829100000000001,0.100995,NOR,USA,842959
2687495,166,231,8937,2007,29417.0,421878.0,0.495938,0.845825,NZL,USA,842959
2687496,167,231,8937,2007,0.0,2383562.0,-0.5185310000000001,-1.071832,OMN,USA,842959
2687497,168,231,8937,2007,0.0,153958.0,-0.5594359999999999,0.47369300000000003,PAK,USA,842959
2687498,169,231,8937,2007,0.0,9716603.0,0.36233899999999997,0.807669,PAN,USA,842959
2687499,173,231,8937,2007,0.0,10909571.0,-0.49716099999999996,0.02556,PER,USA,842959
2687500,174,231,8937,2007,0.0,908028.0,0.032117,-0.16600499999999999,PHL,USA,842959
2687501,176,231,8937,2007,0.0,318558.0,-1.947486,-1.284269,PNG,USA,842959
2687502,177,231,8937,2007,14638009.0,688953.0,1.0412139999999999,1.309641,POL,USA,842959
2687503,179,231,8937,2007,34702.0,339474.0,0.621302,1.971656,PRT,USA,842959
2687504,182,231,8937,2007,0.0,13514.0,-0.72809,-0.9329620000000001,PYF,USA,842959
2687505,183,231,8937,2007,0.0,5951722.0,0.20181500000000002,-0.9898110000000001,QAT,USA,842959
2687506,185,231,8937,2007,0.0,262014.0,0.69445,1.223747,ROU,USA,842959
2687507,186,231,8937,2007,0.0,1356383.0,0.5576399999999999,-0.05382000000000001,RUS,USA,842959
2687508,188,231,8937,2007,195840.0,2155865.0,0.367463,-0.8603709999999999,SAU,USA,842959
2687509,191,231,8937,2007,0.0,1246237.0,-0.20343599999999998,0.27211199999999997,SEN,USA,842959
2687510,192,231,8937,2007,183018.0,266583.0,1.608299,0.545791,SGP,USA,842959
2687511,196,231,8937,2007,0.0,655554.0,-0.021377,-0.31765,SLE,USA,842959
2687512,197,231,8937,2007,0.0,1336371.0,-0.110573,0.184426,SLV,USA,842959
2687513,201,231,8937,2007,0.0,7311.0,0.579288,1.464123,SRB,USA,842959
2687514,205,231,8937,2007,0.0,918977.0,-0.8506440000000001,-0.8898959999999999,SUR,USA,842959
2687515,206,231,8937,2007,0.0,31375.0,1.358301,0.79655,SVK,USA,842959
2687516,208,231,8937,2007,507554.0,1213021.0,1.927244,0.498241,SWE,USA,842959
2687517,211,231,8937,2007,20264.0,0.0,-0.644497,-0.8748520000000001,SYC,USA,842959
2687518,213,231,8937,2007,0.0,675407.0,0.847607,-0.055827999999999996,TCA,USA,842959
2687519,215,231,8937,2007,0.0,144667.0,-0.78689,-0.806879,TGO,USA,842959
2687520,216,231,8937,2007,11779079.0,2787204.0,0.711328,1.411114,THA,USA,842959
2687521,221,231,8937,2007,0.0,12329.0,-0.482545,-0.816512,TON,USA,842959
2687522,222,231,8937,2007,0.0,4472192.0,-0.371347,-1.0536709999999998,TTO,USA,842959
2687523,223,231,8937,2007,0.0,561922.0,0.062824,0.74003,TUN,USA,842959
2687524,224,231,8937,2007,0.0,619352.0,0.41396700000000003,2.0339869999999998,TUR,USA,842959
2687525,226,231,8937,2007,0.0,315250.0,-0.8493959999999999,0.47116099999999994,TZA,USA,842959
2687526,228,231,8937,2007,0.0,168852.0,0.7441760000000001,0.8681260000000001,UKR,USA,842959
2687527,230,231,8937,2007,0.0,1505123.0,0.184883,0.207788,URY,USA,842959
2687528,234,231,8937,2007,6502.0,239161.0,-0.112166,-0.692679,VCT,USA,842959
2687529,236,231,8937,2007,0.0,71491512.0,-0.231215,-0.9839200000000001,VEN,USA,842959
2687530,237,231,8937,2007,0.0,2062600.0,0.994233,0.072526,VGB,USA,842959
2687531,239,231,8937,2007,30705.0,1296452.0,-0.335613,1.048849,VNM,USA,842959
2687532,243,231,8937,2007,0.0,259902.0,-1.2624600000000001,-1.2131290000000001,YEM,USA,842959
2687533,246,231,8937,2007,134630.0,8025404.0,0.349792,1.246052,ZAF,USA,842959
2687534,248,231,8937,2007,0.0,26469.0,-0.5271399999999999,-0.47033800000000003,ZWE,USA,842959
2687535,249,231,8937,2007,178306.0,498478.0,1.651607,0.974649,TWN,USA,842959
2687536,6,236,8937,2007,1222680.0,0.0,0.305773,-0.504676,ANT,VEN,842959
2687537,8,236,8937,2007,6143.0,0.0,0.178214,0.5093850000000001,ARG,VEN,842959
2687538,32,236,8937,2007,1269322.0,0.0,0.582859,1.137225,BRA,VEN,842959
2687539,39,236,8937,2007,77014.0,0.0,0.77681,1.20517,CAN,VEN,842959
2687540,41,236,8937,2007,180800.0,0.0,2.0198080000000003,0.42277200000000004,CHE,VEN,842959
2687541,43,236,8937,2007,110822.0,0.0,0.801547,2.321052,CHN,VEN,842959
2687542,49,236,8937,2007,44889.0,21001.0,0.118341,0.557699,COL,VEN,842959
2687543,61,236,8937,2007,4311.0,0.0,2.114566,-2.934732,DEU,VEN,842959
2687544,71,236,8937,2007,1307918.0,0.0,0.914681,2.027797,ESP,VEN,842959
2687545,77,236,8937,2007,72053.0,0.0,1.4565350000000001,0.262845,FRA,VEN,842959
2687546,81,236,8937,2007,1366674.0,0.0,1.718661,0.35525300000000004,GBR,VEN,842959
2687547,111,236,8937,2007,6164652.0,0.0,1.3003559999999998,0.705448,ITA,VEN,842959
2687548,114,236,8937,2007,1799411.0,0.0,2.313259,0.186703,JPN,VEN,842959
2687549,121,236,8937,2007,1322383.0,0.0,1.497359,0.726637,KOR,VEN,842959
2687550,138,236,8937,2007,10720.0,0.0,1.044746,0.605246,MEX,VEN,842959
2687551,160,236,8937,2007,20016.0,0.0,-0.924162,-0.857508,NIC,VEN,842959
2687552,162,236,8937,2007,11033932.0,0.0,1.089169,1.589641,NLD,VEN,842959
2687553,169,236,8937,2007,11527.0,48810.0,0.36233899999999997,0.807669,PAN,VEN,842959
2687554,177,236,8937,2007,1645849.0,0.0,1.0412139999999999,1.309641,POL,VEN,842959
2687555,178,236,8937,2007,2482.0,0.0,0.799712,0.8789370000000001,PRK,VEN,842959
2687556,179,236,8937,2007,9746.0,0.0,0.621302,1.971656,PRT,VEN,842959
2687557,192,236,8937,2007,781504.0,0.0,1.608299,0.545791,SGP,VEN,842959
2687558,197,236,8937,2007,83837.0,0.0,-0.110573,0.184426,SLV,VEN,842959
2687559,231,236,8937,2007,71491512.0,0.0,1.612165,0.0922,USA,VEN,842959
2687560,7,243,8937,2007,1023752.0,0.0,-0.107504,-0.44744300000000004,ARE,YEM,842959
2687561,32,243,8937,2007,0.0,16464.0,0.582859,1.137225,BRA,YEM,842959
2687562,43,243,8937,2007,27712.0,0.0,0.801547,2.321052,CHN,YEM,842959
2687563,77,243,8937,2007,302369.0,0.0,1.4565350000000001,0.262845,FRA,YEM,842959
2687564,81,243,8937,2007,205326.0,0.0,1.718661,0.35525300000000004,GBR,YEM,842959
2687565,104,243,8937,2007,1188274.0,0.0,0.279475,2.7514939999999997,IND,YEM,842959
2687566,114,243,8937,2007,404307.0,242489.0,2.313259,0.186703,JPN,YEM,842959
2687567,121,243,8937,2007,616051.0,0.0,1.497359,0.726637,KOR,YEM,842959
2687568,178,243,8937,2007,54943.0,0.0,0.799712,0.8789370000000001,PRK,YEM,842959
2687569,188,243,8937,2007,195824.0,0.0,0.367463,-0.8603709999999999,SAU,YEM,842959
2687570,231,243,8937,2007,259902.0,0.0,1.612165,0.0922,USA,YEM,842959
2687571,7,249,8937,2007,0.0,838372.0,-0.107504,-0.44744300000000004,ARE,TWN,842959
2687572,14,249,8937,2007,241175.0,149358.0,0.137686,0.451592,AUS,TWN,842959
2687573,18,249,8937,2007,164413.0,0.0,1.2880479999999999,1.145724,BEL,TWN,842959
2687574,21,249,8937,2007,0.0,3875.0,-0.960893,-0.94458,BFA,TWN,842959
2687575,29,249,8937,2007,0.0,9581.0,-0.17825,-0.562535,BLZ,TWN,842959
2687576,39,249,8937,2007,0.0,58810.0,0.77681,1.20517,CAN,TWN,842959
2687577,43,249,8937,2007,183596.0,111064.0,0.801547,2.321052,CHN,TWN,842959
2687578,44,249,8937,2007,0.0,1669.0,-0.9989110000000001,-0.867232,CIV,TWN,842959
2687579,47,249,8937,2007,0.0,3189.0,-1.88462,-1.22688,COG,TWN,842959
2687580,49,249,8937,2007,0.0,2159.0,0.118341,0.557699,COL,TWN,842959
2687581,61,249,8937,2007,38601.0,0.0,2.114566,-2.934732,DEU,TWN,842959
2687582,68,249,8937,2007,0.0,34389.0,-0.144054,0.663592,EGY,TWN,842959
2687583,81,249,8937,2007,3168.0,0.0,1.718661,0.35525300000000004,GBR,TWN,842959
2687584,97,249,8937,2007,0.0,62481.0,0.639034,2.1086009999999997,HKG,TWN,842959
2687585,103,249,8937,2007,0.0,390341.0,-0.192415,1.497962,IDN,TWN,842959
2687586,106,249,8937,2007,0.0,104483.0,1.353146,0.122832,IRL,TWN,842959
2687587,111,249,8937,2007,79087.0,0.0,1.3003559999999998,0.705448,ITA,TWN,842959
2687588,112,249,8937,2007,0.0,1265.0,-0.466305,-0.971972,JAM,TWN,842959
2687589,113,249,8937,2007,0.0,38260.0,0.228433,0.5984550000000001,JOR,TWN,842959
2687590,114,249,8937,2007,3741682.0,208011.0,2.313259,0.186703,JPN,TWN,842959
2687591,118,249,8937,2007,0.0,1385090.0,-1.1822489999999999,-1.129066,KHM,TWN,842959
2687592,121,249,8937,2007,132363.0,0.0,1.497359,0.726637,KOR,TWN,842959
2687593,132,249,8937,2007,0.0,1593.0,0.61459,0.985358,LVA,TWN,842959
2687594,133,249,8937,2007,0.0,8081.0,0.168528,-0.150411,MAC,TWN,842959
2687595,143,249,8937,2007,0.0,27579.0,-1.29366,-1.074733,MMR,TWN,842959
2687596,147,249,8937,2007,0.0,27324.0,-1.4703110000000001,-1.1915719999999999,MOZ,TWN,842959
2687597,152,249,8937,2007,0.0,85654.0,-1.348692,-1.134002,MWI,TWN,842959
2687598,153,249,8937,2007,1407.0,350278.0,0.740788,0.302155,MYS,TWN,842959
2687599,163,249,8937,2007,0.0,8586.0,0.9829100000000001,0.100995,NOR,TWN,842959
2687600,166,249,8937,2007,0.0,33699.0,0.495938,0.845825,NZL,TWN,842959
2687601,168,249,8937,2007,0.0,24816.0,-0.5594359999999999,0.47369300000000003,PAK,TWN,842959
2687602,169,249,8937,2007,0.0,915.0,0.36233899999999997,0.807669,PAN,TWN,842959
2687603,173,249,8937,2007,0.0,516020.0,-0.49716099999999996,0.02556,PER,TWN,842959
2687604,174,249,8937,2007,0.0,253381.0,0.032117,-0.16600499999999999,PHL,TWN,842959
2687605,188,249,8937,2007,0.0,100893.0,0.367463,-0.8603709999999999,SAU,TWN,842959
2687606,192,249,8937,2007,534996.0,194116.0,1.608299,0.545791,SGP,TWN,842959
2687607,197,249,8937,2007,0.0,16932.0,-0.110573,0.184426,SLV,TWN,842959
2687608,205,249,8937,2007,0.0,15632.0,-0.8506440000000001,-0.8898959999999999,SUR,TWN,842959
2687609,208,249,8937,2007,36810.0,0.0,1.927244,0.498241,SWE,TWN,842959
2687610,216,249,8937,2007,2741342.0,163421.0,0.711328,1.411114,THA,TWN,842959
2687611,231,249,8937,2007,498478.0,178306.0,1.612165,0.0922,USA,TWN,842959
2687612,239,249,8937,2007,5578.0,1237732.0,-0.335613,1.048849,VNM,TWN,842959
2687613,18,2,8937,2007,411086.0,0.0,1.2880479999999999,1.145724,BEL,AGO,842959
2687614,32,2,8937,2007,2142407.0,0.0,0.582859,1.137225,BRA,AGO,842959
2687615,39,2,8937,2007,1140530.0,0.0,0.77681,1.20517,CAN,AGO,842959
2687616,43,2,8937,2007,2596271.0,0.0,0.801547,2.321052,CHN,AGO,842959
2687617,45,2,8937,2007,84556.0,0.0,-0.821623,-0.965601,CMR,AGO,842959
2687618,61,2,8937,2007,629086.0,0.0,2.114566,-2.934732,DEU,AGO,842959
2687619,71,2,8937,2007,279472.0,0.0,0.914681,2.027797,ESP,AGO,842959
2687620,77,2,8937,2007,768672.0,0.0,1.4565350000000001,0.262845,FRA,AGO,842959
2687621,81,2,8937,2007,3215706.0,0.0,1.718661,0.35525300000000004,GBR,AGO,842959
2687622,106,2,8937,2007,48778.0,0.0,1.353146,0.122832,IRL,AGO,842959
2687623,111,2,8937,2007,649287.0,0.0,1.3003559999999998,0.705448,ITA,AGO,842959
2687624,114,2,8937,2007,2766496.0,0.0,2.313259,0.186703,JPN,AGO,842959
2687625,121,2,8937,2007,185164.0,0.0,1.497359,0.726637,KOR,AGO,842959
2687626,142,2,8937,2007,1447312.0,0.0,1.184569,-0.046376,MLT,AGO,842959
2687627,153,2,8937,2007,22353.0,0.0,0.740788,0.302155,MYS,AGO,842959
2687628,155,2,8937,2007,361905.0,0.0,-0.588953,-0.751722,NAM,AGO,842959
2687629,162,2,8937,2007,447354.0,0.0,1.089169,1.589641,NLD,AGO,842959
2687630,177,2,8937,2007,926976.0,0.0,1.0412139999999999,1.309641,POL,AGO,842959
2687631,179,2,8937,2007,14015604.0,0.0,0.621302,1.971656,PRT,AGO,842959
2687632,229,2,8937,2007,812553.0,0.0,0.997828,-0.098724,UMI,AGO,842959
2687633,231,2,8937,2007,839458.0,0.0,1.612165,0.0922,USA,AGO,842959
2687634,246,2,8937,2007,1686646.0,0.0,0.349792,1.246052,ZAF,AGO,842959
2687635,250,2,8937,2007,42556.0,0.0,0.671936,-0.284418,ANS,AGO,842959
2687636,15,4,8937,2007,41620.0,0.0,1.730088,-0.045543,AUT,ALB,842959
2687637,41,4,8937,2007,9441.0,0.0,2.0198080000000003,0.42277200000000004,CHE,ALB,842959
2687638,43,4,8937,2007,1934.0,0.0,0.801547,2.321052,CHN,ALB,842959
2687639,61,4,8937,2007,55304.0,0.0,2.114566,-2.934732,DEU,ALB,842959
2687640,77,4,8937,2007,2708.0,0.0,1.4565350000000001,0.262845,FRA,ALB,842959
2687641,81,4,8937,2007,141579.0,0.0,1.718661,0.35525300000000004,GBR,ALB,842959
2687642,90,4,8937,2007,66860.0,0.0,0.348709,1.674567,GRC,ALB,842959
2687643,111,4,8937,2007,1670131.0,0.0,1.3003559999999998,0.705448,ITA,ALB,842959
2687644,114,4,8937,2007,3073.0,0.0,2.313259,0.186703,JPN,ALB,842959
2687645,140,4,8937,2007,74358.0,0.0,-0.125912,-0.009395,MKD,ALB,842959
2687646,162,4,8937,2007,54358.0,0.0,1.089169,1.589641,NLD,ALB,842959
2687647,207,4,8937,2007,115653.0,0.0,1.605767,0.692926,SVN,ALB,842959
2687648,224,4,8937,2007,8612.0,0.0,0.41396700000000003,2.0339869999999998,TUR,ALB,842959
2687649,231,4,8937,2007,139276.0,0.0,1.612165,0.0922,USA,ALB,842959
2687650,7,14,8937,2007,36972.0,0.0,-0.107504,-0.44744300000000004,ARE,AUS,842959
2687651,18,14,8937,2007,397534.0,0.0,1.2880479999999999,1.145724,BEL,AUS,842959
2687652,22,14,8937,2007,0.0,13290.0,-0.9436469999999999,-0.7200310000000001,BGD,AUS,842959
2687653,39,14,8937,2007,6684.0,26169.0,0.77681,1.20517,CAN,AUS,842959
2687654,42,14,8937,2007,0.0,296087.0,-0.306846,-0.57431,CHL,AUS,842959
2687655,43,14,8937,2007,188857.0,17110204.0,0.801547,2.321052,CHN,AUS,842959
2687656,61,14,8937,2007,506309.0,0.0,2.114566,-2.934732,DEU,AUS,842959
2687657,64,14,8937,2007,0.0,1882.0,1.204019,1.122666,DNK,AUS,842959
2687658,67,14,8937,2007,0.0,78331.0,-0.820491,-0.8557879999999999,ECU,AUS,842959
2687659,74,14,8937,2007,1203920.0,0.0,1.865502,0.7737729999999999,FIN,AUS,842959
2687660,75,14,8937,2007,0.0,19742.0,-0.506992,0.033250999999999996,FJI,AUS,842959
2687661,81,14,8937,2007,26916430.0,774722.0,1.718661,0.35525300000000004,GBR,AUS,842959
2687662,83,14,8937,2007,1115521.0,95832.0,-0.906867,-0.565891,GHA,AUS,842959
2687663,85,14,8937,2007,0.0,1008647.0,-1.694335,-1.230744,GIN,AUS,842959
2687664,95,14,8937,2007,0.0,30211.0,0.571674,-0.282353,GUM,AUS,842959
2687665,97,14,8937,2007,0.0,269892.0,0.639034,2.1086009999999997,HKG,AUS,842959
2687666,103,14,8937,2007,68877.0,1955.0,-0.192415,1.497962,IDN,AUS,842959
2687667,104,14,8937,2007,9134.0,0.0,0.279475,2.7514939999999997,IND,AUS,842959
2687668,111,14,8937,2007,8556174.0,0.0,1.3003559999999998,0.705448,ITA,AUS,842959
2687669,114,14,8937,2007,2395303.0,0.0,2.313259,0.186703,JPN,AUS,842959
2687670,122,14,8937,2007,0.0,4489558.0,-0.8265030000000001,-1.166243,KWT,AUS,842959
2687671,138,14,8937,2007,0.0,1346876.0,1.044746,0.605246,MEX,AUS,842959
2687672,141,14,8937,2007,0.0,265795.0,-0.672822,-0.687913,MLI,AUS,842959
2687673,153,14,8937,2007,161693.0,13353.0,0.740788,0.302155,MYS,AUS,842959
2687674,156,14,8937,2007,0.0,3038184.0,-0.075892,-0.8211430000000001,NCL,AUS,842959
2687675,162,14,8937,2007,410348.0,26059.0,1.089169,1.589641,NLD,AUS,842959
2687676,165,14,8937,2007,0.0,305157.0,0.919574,-0.327637,NRU,AUS,842959
2687677,166,14,8937,2007,400683.0,1174811.0,0.495938,0.845825,NZL,AUS,842959
2687678,168,14,8937,2007,0.0,7430.0,-0.5594359999999999,0.47369300000000003,PAK,AUS,842959
2687679,173,14,8937,2007,0.0,1961.0,-0.49716099999999996,0.02556,PER,AUS,842959
2687680,174,14,8937,2007,0.0,9438.0,0.032117,-0.16600499999999999,PHL,AUS,842959
2687681,176,14,8937,2007,0.0,976492.0,-1.947486,-1.284269,PNG,AUS,842959
2687682,177,14,8937,2007,1329616.0,178496.0,1.0412139999999999,1.309641,POL,AUS,842959
2687683,183,14,8937,2007,0.0,133878.0,0.20181500000000002,-0.9898110000000001,QAT,AUS,842959
2687684,192,14,8937,2007,535250.0,1945206.0,1.608299,0.545791,SGP,AUS,842959
2687685,195,14,8937,2007,0.0,108847.0,-1.144843,-0.956784,SLB,AUS,842959
2687686,207,14,8937,2007,0.0,27714.0,1.605767,0.692926,SVN,AUS,842959
2687687,216,14,8937,2007,274736.0,3119.0,0.711328,1.411114,THA,AUS,842959
2687688,220,14,8937,2007,0.0,80475.0,0.003334,-0.667956,TLS,AUS,842959
2687689,224,14,8937,2007,382805.0,0.0,0.41396700000000003,2.0339869999999998,TUR,AUS,842959
2687690,231,14,8937,2007,12728243.0,585838.0,1.612165,0.0922,USA,AUS,842959
2687691,239,14,8937,2007,59567.0,0.0,-0.335613,1.048849,VNM,AUS,842959
2687692,240,14,8937,2007,0.0,116115.0,-1.187885,-0.993107,VUT,AUS,842959
2687693,246,14,8937,2007,2621544.0,1221431.0,0.349792,1.246052,ZAF,AUS,842959
2687694,249,14,8937,2007,149358.0,241175.0,1.651607,0.974649,TWN,AUS,842959
2687695,3,16,8937,2007,16257.0,0.0,1.204732,-0.009463,AIA,AZE,842959
2687696,7,16,8937,2007,39019.0,0.0,-0.107504,-0.44744300000000004,ARE,AZE,842959
2687697,28,16,8937,2007,1606281.0,0.0,1.0435889999999999,0.415603,BLR,AZE,842959
2687698,59,16,8937,2007,5675.0,0.0,1.620377,0.379404,CZE,AZE,842959
2687699,61,16,8937,2007,21548.0,0.0,2.114566,-2.934732,DEU,AZE,842959
2687700,77,16,8937,2007,156014.0,0.0,1.4565350000000001,0.262845,FRA,AZE,842959
2687701,81,16,8937,2007,312991.0,0.0,1.718661,0.35525300000000004,GBR,AZE,842959
2687702,82,16,8937,2007,4652.0,0.0,0.016077,-0.386962,GEO,AZE,842959
2687703,111,16,8937,2007,472656.0,0.0,1.3003559999999998,0.705448,ITA,AZE,842959
2687704,114,16,8937,2007,109536.0,0.0,2.313259,0.186703,JPN,AZE,842959
2687705,121,16,8937,2007,33437.0,0.0,1.497359,0.726637,KOR,AZE,842959
2687706,162,16,8937,2007,19608.0,0.0,1.089169,1.589641,NLD,AZE,842959
2687707,177,16,8937,2007,174847.0,0.0,1.0412139999999999,1.309641,POL,AZE,842959
2687708,186,16,8937,2007,248748.0,0.0,0.5576399999999999,-0.05382000000000001,RUS,AZE,842959
2687709,208,16,8937,2007,174116.0,0.0,1.927244,0.498241,SWE,AZE,842959
2687710,224,16,8937,2007,2614095.0,0.0,0.41396700000000003,2.0339869999999998,TUR,AZE,842959
2687711,228,16,8937,2007,2550818.0,0.0,0.7441760000000001,0.8681260000000001,UKR,AZE,842959
2687712,231,16,8937,2007,47662.0,0.0,1.612165,0.0922,USA,AZE,842959
2687713,14,22,8937,2007,13290.0,0.0,0.137686,0.451592,AUS,BGD,842959
2687714,43,22,8937,2007,5243.0,0.0,0.801547,2.321052,CHN,BGD,842959
2687715,104,22,8937,2007,0.0,141298.0,0.279475,2.7514939999999997,IND,BGD,842959
2687716,114,22,8937,2007,2666472.0,0.0,2.313259,0.186703,JPN,BGD,842959
2687717,121,22,8937,2007,30241.0,0.0,1.497359,0.726637,KOR,BGD,842959
2687718,128,22,8937,2007,0.0,69165.0,-0.568577,0.364717,LKA,BGD,842959
2687719,192,22,8937,2007,295833.0,0.0,1.608299,0.545791,SGP,BGD,842959
2687720,231,22,8937,2007,52598.0,0.0,1.612165,0.0922,USA,BGD,842959
2687721,15,23,8937,2007,12497421.0,467762.0,1.730088,-0.045543,AUT,BGR,842959
2687722,18,23,8937,2007,848360.0,0.0,1.2880479999999999,1.145724,BEL,BGR,842959
2687723,28,23,8937,2007,126355.0,0.0,1.0435889999999999,0.415603,BLR,BGR,842959
2687724,39,23,8937,2007,4440.0,0.0,0.77681,1.20517,CAN,BGR,842959
2687725,41,23,8937,2007,107985.0,0.0,2.0198080000000003,0.42277200000000004,CHE,BGR,842959
2687726,43,23,8937,2007,26797.0,0.0,0.801547,2.321052,CHN,BGR,842959
2687727,52,23,8937,2007,0.0,1114.0,0.001895,-0.30248600000000003,CRI,BGR,842959
2687728,59,23,8937,2007,37766.0,0.0,1.620377,0.379404,CZE,BGR,842959
2687729,61,23,8937,2007,1588310.0,0.0,2.114566,-2.934732,DEU,BGR,842959
2687730,64,23,8937,2007,134812.0,0.0,1.204019,1.122666,DNK,BGR,842959
2687731,71,23,8937,2007,68101.0,0.0,0.914681,2.027797,ESP,BGR,842959
2687732,72,23,8937,2007,53159.0,0.0,0.746434,1.306397,EST,BGR,842959
2687733,77,23,8937,2007,8377.0,0.0,1.4565350000000001,0.262845,FRA,BGR,842959
2687734,81,23,8937,2007,18516412.0,0.0,1.718661,0.35525300000000004,GBR,BGR,842959
2687735,90,23,8937,2007,54070.0,436482.0,0.348709,1.674567,GRC,BGR,842959
2687736,102,23,8937,2007,425686.0,0.0,1.4887709999999998,0.78372,HUN,BGR,842959
2687737,106,23,8937,2007,11877.0,0.0,1.353146,0.122832,IRL,BGR,842959
2687738,111,23,8937,2007,8833870.0,0.0,1.3003559999999998,0.705448,ITA,BGR,842959
2687739,114,23,8937,2007,6834.0,0.0,2.313259,0.186703,JPN,BGR,842959
2687740,121,23,8937,2007,1610686.0,0.0,1.497359,0.726637,KOR,BGR,842959
2687741,162,23,8937,2007,643528.0,0.0,1.089169,1.589641,NLD,BGR,842959
2687742,163,23,8937,2007,675132.0,0.0,0.9829100000000001,0.100995,NOR,BGR,842959
2687743,177,23,8937,2007,235588.0,0.0,1.0412139999999999,1.309641,POL,BGR,842959
2687744,179,23,8937,2007,53883.0,0.0,0.621302,1.971656,PRT,BGR,842959
2687745,185,23,8937,2007,59550.0,5409850.0,0.69445,1.223747,ROU,BGR,842959
2687746,201,23,8937,2007,48733.0,0.0,0.579288,1.464123,SRB,BGR,842959
2687747,206,23,8937,2007,65594.0,0.0,1.358301,0.79655,SVK,BGR,842959
2687748,207,23,8937,2007,316788.0,0.0,1.605767,0.692926,SVN,BGR,842959
2687749,208,23,8937,2007,64844.0,0.0,1.927244,0.498241,SWE,BGR,842959
2687750,224,23,8937,2007,756840.0,0.0,0.41396700000000003,2.0339869999999998,TUR,BGR,842959
2687751,231,23,8937,2007,25936.0,0.0,1.612165,0.0922,USA,BGR,842959
2687752,7,24,8937,2007,501117.0,25668.0,-0.107504,-0.44744300000000004,ARE,BHR,842959
2687753,18,24,8937,2007,339493.0,0.0,1.2880479999999999,1.145724,BEL,BHR,842959
2687754,43,24,8937,2007,448936.0,0.0,0.801547,2.321052,CHN,BHR,842959
2687755,81,24,8937,2007,7837233.0,0.0,1.718661,0.35525300000000004,GBR,BHR,842959
2687756,104,24,8937,2007,314098.0,0.0,0.279475,2.7514939999999997,IND,BHR,842959
2687757,111,24,8937,2007,1304915.0,0.0,1.3003559999999998,0.705448,ITA,BHR,842959
2687758,114,24,8937,2007,3279199.0,0.0,2.313259,0.186703,JPN,BHR,842959
2687759,121,24,8937,2007,4188522.0,0.0,1.497359,0.726637,KOR,BHR,842959
2687760,177,24,8937,2007,331046.0,0.0,1.0412139999999999,1.309641,POL,BHR,842959
2687761,183,24,8937,2007,422687.0,189589.0,0.20181500000000002,-0.9898110000000001,QAT,BHR,842959
2687762,188,24,8937,2007,169721.0,2201.0,0.367463,-0.8603709999999999,SAU,BHR,842959
2687763,192,24,8937,2007,189486.0,0.0,1.608299,0.545791,SGP,BHR,842959
2687764,216,24,8937,2007,130168.0,0.0,0.711328,1.411114,THA,BHR,842959
2687765,231,24,8937,2007,141311.0,0.0,1.612165,0.0922,USA,BHR,842959
2687766,15,26,8937,2007,729926.0,77890.0,1.730088,-0.045543,AUT,BIH,842959
2687767,18,26,8937,2007,65220.0,0.0,1.2880479999999999,1.145724,BEL,BIH,842959
2687768,41,26,8937,2007,23728.0,0.0,2.0198080000000003,0.42277200000000004,CHE,BIH,842959
2687769,61,26,8937,2007,339345.0,0.0,2.114566,-2.934732,DEU,BIH,842959
2687770,77,26,8937,2007,13577.0,0.0,1.4565350000000001,0.262845,FRA,BIH,842959
2687771,81,26,8937,2007,973648.0,0.0,1.718661,0.35525300000000004,GBR,BIH,842959
2687772,100,26,8937,2007,849965.0,89042.0,0.7799699999999999,1.1047850000000001,HRV,BIH,842959
2687773,111,26,8937,2007,910926.0,0.0,1.3003559999999998,0.705448,ITA,BIH,842959
2687774,114,26,8937,2007,18671.0,0.0,2.313259,0.186703,JPN,BIH,842959
2687775,144,26,8937,2007,0.0,74757.0,0.250006,-0.154908,MNE,BIH,842959
2687776,162,26,8937,2007,39819.0,0.0,1.089169,1.589641,NLD,BIH,842959
2687777,201,26,8937,2007,7386.0,223431.0,0.579288,1.464123,SRB,BIH,842959
2687778,207,26,8937,2007,570992.0,0.0,1.605767,0.692926,SVN,BIH,842959
2687779,224,26,8937,2007,102368.0,0.0,0.41396700000000003,2.0339869999999998,TUR,BIH,842959
2687780,231,26,8937,2007,45228.0,0.0,1.612165,0.0922,USA,BIH,842959
2687781,9,28,8937,2007,0.0,159269.0,0.7169,-0.019251,ARM,BLR,842959
2687782,15,28,8937,2007,0.0,109966.0,1.730088,-0.045543,AUT,BLR,842959
2687783,16,28,8937,2007,0.0,1606281.0,-0.897342,-1.174224,AZE,BLR,842959
2687784,23,28,8937,2007,0.0,126355.0,0.43321899999999997,1.5696700000000001,BGR,BLR,842959
2687785,41,28,8937,2007,342656.0,0.0,2.0198080000000003,0.42277200000000004,CHE,BLR,842959
2687786,43,28,8937,2007,16318.0,0.0,0.801547,2.321052,CHN,BLR,842959
2687787,59,28,8937,2007,0.0,103268.0,1.620377,0.379404,CZE,BLR,842959
2687788,61,28,8937,2007,14406.0,0.0,2.114566,-2.934732,DEU,BLR,842959
2687789,77,28,8937,2007,434063.0,0.0,1.4565350000000001,0.262845,FRA,BLR,842959
2687790,81,28,8937,2007,270575.0,0.0,1.718661,0.35525300000000004,GBR,BLR,842959
2687791,82,28,8937,2007,0.0,329163.0,0.016077,-0.386962,GEO,BLR,842959
2687792,104,28,8937,2007,0.0,65742.0,0.279475,2.7514939999999997,IND,BLR,842959
2687793,111,28,8937,2007,446392.0,0.0,1.3003559999999998,0.705448,ITA,BLR,842959
2687794,115,28,8937,2007,0.0,2865006.0,-0.171218,-0.630279,KAZ,BLR,842959
2687795,130,28,8937,2007,2742.0,79449.0,0.604169,1.279982,LTU,BLR,842959
2687796,132,28,8937,2007,0.0,343044.0,0.61459,0.985358,LVA,BLR,842959
2687797,135,28,8937,2007,0.0,163526.0,0.147801,0.13758299999999998,MDA,BLR,842959
2687798,162,28,8937,2007,610617.0,0.0,1.089169,1.589641,NLD,BLR,842959
2687799,177,28,8937,2007,0.0,205162.0,1.0412139999999999,1.309641,POL,BLR,842959
2687800,185,28,8937,2007,0.0,550594.0,0.69445,1.223747,ROU,BLR,842959
2687801,186,28,8937,2007,5101596.0,17145470.0,0.5576399999999999,-0.05382000000000001,RUS,BLR,842959
2687802,217,28,8937,2007,0.0,135893.0,-1.0092379999999999,-1.185964,TJK,BLR,842959
2687803,219,28,8937,2007,0.0,28307.0,-1.16715,-1.213064,TKM,BLR,842959
2687804,224,28,8937,2007,122804.0,0.0,0.41396700000000003,2.0339869999999998,TUR,BLR,842959
2687805,228,28,8937,2007,293212.0,1291339.0,0.7441760000000001,0.8681260000000001,UKR,BLR,842959
2687806,231,28,8937,2007,14361.0,0.0,1.612165,0.0922,USA,BLR,842959
2687807,232,28,8937,2007,0.0,720888.0,-0.540449,-0.799454,UZB,BLR,842959
2687808,7,58,8937,2007,0.0,61064.0,-0.107504,-0.44744300000000004,ARE,CYP,842959
2687809,18,58,8937,2007,16814.0,0.0,1.2880479999999999,1.145724,BEL,CYP,842959
2687810,43,58,8937,2007,147315.0,0.0,0.801547,2.321052,CHN,CYP,842959
2687811,61,58,8937,2007,368032.0,0.0,2.114566,-2.934732,DEU,CYP,842959
2687812,71,58,8937,2007,28771.0,0.0,0.914681,2.027797,ESP,CYP,842959
2687813,77,58,8937,2007,28677.0,0.0,1.4565350000000001,0.262845,FRA,CYP,842959
2687814,81,58,8937,2007,7769750.0,0.0,1.718661,0.35525300000000004,GBR,CYP,842959
2687815,90,58,8937,2007,23914.0,11186.0,0.348709,1.674567,GRC,CYP,842959
2687816,111,58,8937,2007,1556649.0,221874.0,1.3003559999999998,0.705448,ITA,CYP,842959
2687817,114,58,8937,2007,76517.0,0.0,2.313259,0.186703,JPN,CYP,842959
2687818,121,58,8937,2007,122624.0,0.0,1.497359,0.726637,KOR,CYP,842959
2687819,162,58,8937,2007,485748.0,0.0,1.089169,1.589641,NLD,CYP,842959
2687820,212,58,8937,2007,7193.0,0.0,-0.46851899999999996,0.553396,SYR,CYP,842959
2687821,224,58,8937,2007,76327.0,0.0,0.41396700000000003,2.0339869999999998,TUR,CYP,842959
2687822,231,58,8937,2007,1006731.0,0.0,1.612165,0.0922,USA,CYP,842959
2687823,7,68,8937,2007,46989.0,0.0,-0.107504,-0.44744300000000004,ARE,EGY,842959
2687824,15,68,8937,2007,128658.0,0.0,1.730088,-0.045543,AUT,EGY,842959
2687825,18,68,8937,2007,953066.0,0.0,1.2880479999999999,1.145724,BEL,EGY,842959
2687826,39,68,8937,2007,569356.0,0.0,0.77681,1.20517,CAN,EGY,842959
2687827,43,68,8937,2007,34385.0,0.0,0.801547,2.321052,CHN,EGY,842959
2687828,61,68,8937,2007,516592.0,0.0,2.114566,-2.934732,DEU,EGY,842959
2687829,64,68,8937,2007,187005.0,0.0,1.204019,1.122666,DNK,EGY,842959
2687830,71,68,8937,2007,465854.0,0.0,0.914681,2.027797,ESP,EGY,842959
2687831,73,68,8937,2007,0.0,1051.0,-1.115917,-0.821652,ETH,EGY,842959
2687832,77,68,8937,2007,96696.0,0.0,1.4565350000000001,0.262845,FRA,EGY,842959
2687833,81,68,8937,2007,1903004.0,0.0,1.718661,0.35525300000000004,GBR,EGY,842959
2687834,102,68,8937,2007,25257.0,0.0,1.4887709999999998,0.78372,HUN,EGY,842959
2687835,108,68,8937,2007,0.0,18198.0,-1.961053,-0.8849969999999999,IRQ,EGY,842959
2687836,110,68,8937,2007,99265.0,0.0,1.092244,0.753984,ISR,EGY,842959
2687837,111,68,8937,2007,1067616.0,118174.0,1.3003559999999998,0.705448,ITA,EGY,842959
2687838,113,68,8937,2007,8956.0,7087.0,0.228433,0.5984550000000001,JOR,EGY,842959
2687839,114,68,8937,2007,499376.0,0.0,2.313259,0.186703,JPN,EGY,842959
2687840,121,68,8937,2007,122953.0,0.0,1.497359,0.726637,KOR,EGY,842959
2687841,122,68,8937,2007,18201.0,6819.0,-0.8265030000000001,-1.166243,KWT,EGY,842959
2687842,134,68,8937,2007,11257.0,0.0,-0.5846560000000001,0.10927100000000001,MAR,EGY,842959
2687843,151,68,8937,2007,84413.0,0.0,-0.342957,-0.129114,MUS,EGY,842959
2687844,153,68,8937,2007,37913.0,0.0,0.740788,0.302155,MYS,EGY,842959
2687845,159,68,8937,2007,0.0,1275153.0,-1.746879,-1.20823,NGA,EGY,842959
2687846,162,68,8937,2007,167606.0,0.0,1.089169,1.589641,NLD,EGY,842959
2687847,177,68,8937,2007,47657.0,0.0,1.0412139999999999,1.309641,POL,EGY,842959
2687848,179,68,8937,2007,222491.0,0.0,0.621302,1.971656,PRT,EGY,842959
2687849,188,68,8937,2007,0.0,45939.0,0.367463,-0.8603709999999999,SAU,EGY,842959
2687850,192,68,8937,2007,146265.0,0.0,1.608299,0.545791,SGP,EGY,842959
2687851,208,68,8937,2007,67826.0,0.0,1.927244,0.498241,SWE,EGY,842959
2687852,216,68,8937,2007,27266.0,0.0,0.711328,1.411114,THA,EGY,842959
2687853,224,68,8937,2007,43377.0,0.0,0.41396700000000003,2.0339869999999998,TUR,EGY,842959
2687854,227,68,8937,2007,0.0,278212.0,-0.900559,-0.42071400000000003,UGA,EGY,842959
2687855,231,68,8937,2007,5015010.0,0.0,1.612165,0.0922,USA,EGY,842959
2687856,239,68,8937,2007,11379.0,0.0,-0.335613,1.048849,VNM,EGY,842959
2687857,246,68,8937,2007,182464.0,0.0,0.349792,1.246052,ZAF,EGY,842959
2687858,249,68,8937,2007,34389.0,0.0,1.651607,0.974649,TWN,EGY,842959
2687859,15,72,8937,2007,252957.0,0.0,1.730088,-0.045543,AUT,EST,842959
2687860,18,72,8937,2007,379057.0,57618.0,1.2880479999999999,1.145724,BEL,EST,842959
2687861,23,72,8937,2007,0.0,53159.0,0.43321899999999997,1.5696700000000001,BGR,EST,842959
2687862,41,72,8937,2007,206009.0,0.0,2.0198080000000003,0.42277200000000004,CHE,EST,842959
2687863,43,72,8937,2007,4797.0,0.0,0.801547,2.321052,CHN,EST,842959
2687864,61,72,8937,2007,153692.0,255746.0,2.114566,-2.934732,DEU,EST,842959
2687865,64,72,8937,2007,258514.0,0.0,1.204019,1.122666,DNK,EST,842959
2687866,71,72,8937,2007,4636.0,0.0,0.914681,2.027797,ESP,EST,842959
2687867,74,72,8937,2007,2369404.0,568943.0,1.865502,0.7737729999999999,FIN,EST,842959
2687868,77,72,8937,2007,2231986.0,0.0,1.4565350000000001,0.262845,FRA,EST,842959
2687869,81,72,8937,2007,31163534.0,696950.0,1.718661,0.35525300000000004,GBR,EST,842959
2687870,111,72,8937,2007,6291907.0,0.0,1.3003559999999998,0.705448,ITA,EST,842959
2687871,114,72,8937,2007,69427.0,0.0,2.313259,0.186703,JPN,EST,842959
2687872,115,72,8937,2007,0.0,35041.0,-0.171218,-0.630279,KAZ,EST,842959
2687873,121,72,8937,2007,768179.0,0.0,1.497359,0.726637,KOR,EST,842959
2687874,130,72,8937,2007,214058.0,677401.0,0.604169,1.279982,LTU,EST,842959
2687875,132,72,8937,2007,187530.0,1161595.0,0.61459,0.985358,LVA,EST,842959
2687876,162,72,8937,2007,21612.0,903585.0,1.089169,1.589641,NLD,EST,842959
2687877,163,72,8937,2007,189362.0,0.0,0.9829100000000001,0.100995,NOR,EST,842959
2687878,177,72,8937,2007,1394397.0,1442869.0,1.0412139999999999,1.309641,POL,EST,842959
2687879,186,72,8937,2007,0.0,866998.0,0.5576399999999999,-0.05382000000000001,RUS,EST,842959
2687880,208,72,8937,2007,653138.0,0.0,1.927244,0.498241,SWE,EST,842959
2687881,224,72,8937,2007,575782.0,0.0,0.41396700000000003,2.0339869999999998,TUR,EST,842959
2687882,231,72,8937,2007,12504.0,0.0,1.612165,0.0922,USA,EST,842959
2687883,250,72,8937,2007,2292151.0,0.0,0.671936,-0.284418,ANS,EST,842959
2687884,9,82,8937,2007,0.0,118630.0,0.7169,-0.019251,ARM,GEO,842959
2687885,15,82,8937,2007,63872.0,0.0,1.730088,-0.045543,AUT,GEO,842959
2687886,16,82,8937,2007,0.0,4652.0,-0.897342,-1.174224,AZE,GEO,842959
2687887,18,82,8937,2007,31090.0,0.0,1.2880479999999999,1.145724,BEL,GEO,842959
2687888,28,82,8937,2007,329163.0,0.0,1.0435889999999999,0.415603,BLR,GEO,842959
2687889,43,82,8937,2007,30314.0,0.0,0.801547,2.321052,CHN,GEO,842959
2687890,61,82,8937,2007,205802.0,0.0,2.114566,-2.934732,DEU,GEO,842959
2687891,71,82,8937,2007,25733.0,0.0,0.914681,2.027797,ESP,GEO,842959
2687892,73,82,8937,2007,0.0,20161.0,-1.115917,-0.821652,ETH,GEO,842959
2687893,102,82,8937,2007,135629.0,0.0,1.4887709999999998,0.78372,HUN,GEO,842959
2687894,142,82,8937,2007,130383.0,0.0,1.184569,-0.046376,MLT,GEO,842959
2687895,177,82,8937,2007,4748.0,0.0,1.0412139999999999,1.309641,POL,GEO,842959
2687896,179,82,8937,2007,6489.0,0.0,0.621302,1.971656,PRT,GEO,842959
2687897,186,82,8937,2007,195558.0,0.0,0.5576399999999999,-0.05382000000000001,RUS,GEO,842959
2687898,224,82,8937,2007,220902.0,0.0,0.41396700000000003,2.0339869999999998,TUR,GEO,842959
2687899,228,82,8937,2007,60266.0,0.0,0.7441760000000001,0.8681260000000001,UKR,GEO,842959
2687900,231,82,8937,2007,173144.0,0.0,1.612165,0.0922,USA,GEO,842959
2687901,14,85,8937,2007,1008647.0,0.0,0.137686,0.451592,AUS,GIN,842959
2687902,18,85,8937,2007,83880.0,0.0,1.2880479999999999,1.145724,BEL,GIN,842959
2687903,39,85,8937,2007,17719.0,0.0,0.77681,1.20517,CAN,GIN,842959
2687904,43,85,8937,2007,14899.0,303086.0,0.801547,2.321052,CHN,GIN,842959
2687905,61,85,8937,2007,720896.0,36289.0,2.114566,-2.934732,DEU,GIN,842959
2687906,77,85,8937,2007,67625.0,0.0,1.4565350000000001,0.262845,FRA,GIN,842959
2687907,81,85,8937,2007,84382.0,0.0,1.718661,0.35525300000000004,GBR,GIN,842959
2687908,114,85,8937,2007,4670132.0,0.0,2.313259,0.186703,JPN,GIN,842959
2687909,124,85,8937,2007,61594.0,0.0,0.47468,1.775191,LBN,GIN,842959
2687910,141,85,8937,2007,0.0,93091.0,-0.672822,-0.687913,MLI,GIN,842959
2687911,162,85,8937,2007,376389.0,0.0,1.089169,1.589641,NLD,GIN,842959
2687912,179,85,8937,2007,85223.0,0.0,0.621302,1.971656,PRT,GIN,842959
2687913,191,85,8937,2007,0.0,19436.0,-0.20343599999999998,0.27211199999999997,SEN,GIN,842959
2687914,231,85,8937,2007,143869.0,0.0,1.612165,0.0922,USA,GIN,842959
2687915,15,100,8937,2007,2398946.0,152768.0,1.730088,-0.045543,AUT,HRV,842959
2687916,18,100,8937,2007,18508.0,0.0,1.2880479999999999,1.145724,BEL,HRV,842959
2687917,26,100,8937,2007,89042.0,849965.0,0.46303199999999994,0.596178,BIH,HRV,842959
2687918,43,100,8937,2007,60713.0,0.0,0.801547,2.321052,CHN,HRV,842959
2687919,59,100,8937,2007,122776.0,483368.0,1.620377,0.379404,CZE,HRV,842959
2687920,61,100,8937,2007,1915166.0,30833.0,2.114566,-2.934732,DEU,HRV,842959
2687921,66,100,8937,2007,0.0,62348.0,-0.9822690000000001,-1.170282,DZA,HRV,842959
2687922,71,100,8937,2007,37860.0,0.0,0.914681,2.027797,ESP,HRV,842959
2687923,74,100,8937,2007,32938.0,0.0,1.865502,0.7737729999999999,FIN,HRV,842959
2687924,77,100,8937,2007,17162.0,0.0,1.4565350000000001,0.262845,FRA,HRV,842959
2687925,81,100,8937,2007,2541603.0,0.0,1.718661,0.35525300000000004,GBR,HRV,842959
2687926,102,100,8937,2007,41304.0,35091.0,1.4887709999999998,0.78372,HUN,HRV,842959
2687927,111,100,8937,2007,2181987.0,172971.0,1.3003559999999998,0.705448,ITA,HRV,842959
2687928,114,100,8937,2007,14886.0,0.0,2.313259,0.186703,JPN,HRV,842959
2687929,121,100,8937,2007,60316.0,0.0,1.497359,0.726637,KOR,HRV,842959
2687930,140,100,8937,2007,0.0,57084.0,-0.125912,-0.009395,MKD,HRV,842959
2687931,144,100,8937,2007,0.0,230423.0,0.250006,-0.154908,MNE,HRV,842959
2687932,162,100,8937,2007,544265.0,3501.0,1.089169,1.589641,NLD,HRV,842959
2687933,177,100,8937,2007,972973.0,180784.0,1.0412139999999999,1.309641,POL,HRV,842959
2687934,185,100,8937,2007,0.0,228575.0,0.69445,1.223747,ROU,HRV,842959
2687935,186,100,8937,2007,0.0,97117.0,0.5576399999999999,-0.05382000000000001,RUS,HRV,842959
2687936,201,100,8937,2007,0.0,633321.0,0.579288,1.464123,SRB,HRV,842959
2687937,206,100,8937,2007,0.0,100152.0,1.358301,0.79655,SVK,HRV,842959
2687938,207,100,8937,2007,1676716.0,247817.0,1.605767,0.692926,SVN,HRV,842959
2687939,208,100,8937,2007,59976.0,0.0,1.927244,0.498241,SWE,HRV,842959
2687940,231,100,8937,2007,22574.0,0.0,1.612165,0.0922,USA,HRV,842959
2687941,18,113,8937,2007,353712.0,0.0,1.2880479999999999,1.145724,BEL,JOR,842959
2687942,39,113,8937,2007,20434.0,0.0,0.77681,1.20517,CAN,JOR,842959
2687943,43,113,8937,2007,74649.0,0.0,0.801547,2.321052,CHN,JOR,842959
2687944,61,113,8937,2007,63883.0,0.0,2.114566,-2.934732,DEU,JOR,842959
2687945,68,113,8937,2007,7087.0,8956.0,-0.144054,0.663592,EGY,JOR,842959
2687946,71,113,8937,2007,233325.0,0.0,0.914681,2.027797,ESP,JOR,842959
2687947,81,113,8937,2007,269587.0,0.0,1.718661,0.35525300000000004,GBR,JOR,842959
2687948,106,113,8937,2007,821401.0,4072.0,1.353146,0.122832,IRL,JOR,842959
2687949,110,113,8937,2007,1535146.0,0.0,1.092244,0.753984,ISR,JOR,842959
2687950,111,113,8937,2007,107249.0,0.0,1.3003559999999998,0.705448,ITA,JOR,842959
2687951,114,113,8937,2007,474135.0,0.0,2.313259,0.186703,JPN,JOR,842959
2687952,124,113,8937,2007,59523.0,0.0,0.47468,1.775191,LBN,JOR,842959
2687953,162,113,8937,2007,50268.0,0.0,1.089169,1.589641,NLD,JOR,842959
2687954,174,113,8937,2007,89416.0,0.0,0.032117,-0.16600499999999999,PHL,JOR,842959
2687955,177,113,8937,2007,60256.0,0.0,1.0412139999999999,1.309641,POL,JOR,842959
2687956,183,113,8937,2007,8569.0,0.0,0.20181500000000002,-0.9898110000000001,QAT,JOR,842959
2687957,188,113,8937,2007,67558.0,0.0,0.367463,-0.8603709999999999,SAU,JOR,842959
2687958,223,113,8937,2007,41514.0,0.0,0.062824,0.74003,TUN,JOR,842959
2687959,224,113,8937,2007,31100.0,0.0,0.41396700000000003,2.0339869999999998,TUR,JOR,842959
2687960,231,113,8937,2007,245589.0,0.0,1.612165,0.0922,USA,JOR,842959
2687961,249,113,8937,2007,38260.0,0.0,1.651607,0.974649,TWN,JOR,842959
2687962,250,113,8937,2007,0.0,7053.0,0.671936,-0.284418,ANS,JOR,842959
2687963,7,115,8937,2007,15865.0,85451.0,-0.107504,-0.44744300000000004,ARE,KAZ,842959
2687964,15,115,8937,2007,87365.0,0.0,1.730088,-0.045543,AUT,KAZ,842959
2687965,28,115,8937,2007,2865006.0,0.0,1.0435889999999999,0.415603,BLR,KAZ,842959
2687966,43,115,8937,2007,5058079.0,0.0,0.801547,2.321052,CHN,KAZ,842959
2687967,59,115,8937,2007,22719.0,0.0,1.620377,0.379404,CZE,KAZ,842959
2687968,61,115,8937,2007,1731433.0,0.0,2.114566,-2.934732,DEU,KAZ,842959
2687969,71,115,8937,2007,4912.0,0.0,0.914681,2.027797,ESP,KAZ,842959
2687970,72,115,8937,2007,35041.0,0.0,0.746434,1.306397,EST,KAZ,842959
2687971,74,115,8937,2007,107242.0,0.0,1.865502,0.7737729999999999,FIN,KAZ,842959
2687972,77,115,8937,2007,69100.0,0.0,1.4565350000000001,0.262845,FRA,KAZ,842959
2687973,81,115,8937,2007,358341.0,0.0,1.718661,0.35525300000000004,GBR,KAZ,842959
2687974,102,115,8937,2007,25216.0,0.0,1.4887709999999998,0.78372,HUN,KAZ,842959
2687975,111,115,8937,2007,250554.0,0.0,1.3003559999999998,0.705448,ITA,KAZ,842959
2687976,114,115,8937,2007,760850.0,0.0,2.313259,0.186703,JPN,KAZ,842959
2687977,117,115,8937,2007,2378.0,88525.0,-0.190437,-0.23665999999999998,KGZ,KAZ,842959
2687978,121,115,8937,2007,1192436.0,0.0,1.497359,0.726637,KOR,KAZ,842959
2687979,130,115,8937,2007,92436.0,0.0,0.604169,1.279982,LTU,KAZ,842959
2687980,132,115,8937,2007,5813.0,0.0,0.61459,0.985358,LVA,KAZ,842959
2687981,162,115,8937,2007,323530.0,0.0,1.089169,1.589641,NLD,KAZ,842959
2687982,166,115,8937,2007,5871.0,0.0,0.495938,0.845825,NZL,KAZ,842959
2687983,177,115,8937,2007,140306.0,0.0,1.0412139999999999,1.309641,POL,KAZ,842959
2687984,186,115,8937,2007,8148550.0,23106.0,0.5576399999999999,-0.05382000000000001,RUS,KAZ,842959
2687985,208,115,8937,2007,14414.0,0.0,1.927244,0.498241,SWE,KAZ,842959
2687986,217,115,8937,2007,0.0,62007.0,-1.0092379999999999,-1.185964,TJK,KAZ,842959
2687987,224,115,8937,2007,1690860.0,0.0,0.41396700000000003,2.0339869999999998,TUR,KAZ,842959
2687988,228,115,8937,2007,2972150.0,0.0,0.7441760000000001,0.8681260000000001,UKR,KAZ,842959
2687989,231,115,8937,2007,8204.0,0.0,1.612165,0.0922,USA,KAZ,842959
2687990,246,115,8937,2007,2173.0,0.0,0.349792,1.246052,ZAF,KAZ,842959
2687991,7,116,8937,2007,112846.0,0.0,-0.107504,-0.44744300000000004,ARE,KEN,842959
2687992,18,116,8937,2007,287270.0,0.0,1.2880479999999999,1.145724,BEL,KEN,842959
2687993,41,116,8937,2007,274135.0,0.0,2.0198080000000003,0.42277200000000004,CHE,KEN,842959
2687994,43,116,8937,2007,102497.0,0.0,0.801547,2.321052,CHN,KEN,842959
2687995,61,116,8937,2007,32209.0,0.0,2.114566,-2.934732,DEU,KEN,842959
2687996,77,116,8937,2007,2050790.0,0.0,1.4565350000000001,0.262845,FRA,KEN,842959
2687997,81,116,8937,2007,416475.0,0.0,1.718661,0.35525300000000004,GBR,KEN,842959
2687998,93,116,8937,2007,227335.0,0.0,-0.261899,0.643437,GTM,KEN,842959
2687999,104,116,8937,2007,141437.0,0.0,0.279475,2.7514939999999997,IND,KEN,842959
2688000,106,116,8937,2007,56557.0,0.0,1.353146,0.122832,IRL,KEN,842959
2688001,110,116,8937,2007,240913.0,0.0,1.092244,0.753984,ISR,KEN,842959
2688002,111,116,8937,2007,25047.0,0.0,1.3003559999999998,0.705448,ITA,KEN,842959
2688003,114,116,8937,2007,4405746.0,0.0,2.313259,0.186703,JPN,KEN,842959
2688004,121,116,8937,2007,795705.0,0.0,1.497359,0.726637,KOR,KEN,842959
2688005,153,116,8937,2007,7513.0,0.0,0.740788,0.302155,MYS,KEN,842959
2688006,162,116,8937,2007,128391.0,0.0,1.089169,1.589641,NLD,KEN,842959
2688007,177,116,8937,2007,161417.0,0.0,1.0412139999999999,1.309641,POL,KEN,842959
2688008,179,116,8937,2007,8270.0,0.0,0.621302,1.971656,PRT,KEN,842959
2688009,190,116,8937,2007,0.0,155068.0,-1.978359,-1.316172,SDN,KEN,842959
2688010,192,116,8937,2007,138072.0,0.0,1.608299,0.545791,SGP,KEN,842959
2688011,208,116,8937,2007,40635.0,0.0,1.927244,0.498241,SWE,KEN,842959
2688012,211,116,8937,2007,0.0,14381.0,-0.644497,-0.8748520000000001,SYC,KEN,842959
2688013,216,116,8937,2007,29197.0,0.0,0.711328,1.411114,THA,KEN,842959
2688014,226,116,8937,2007,64484.0,238542.0,-0.8493959999999999,0.47116099999999994,TZA,KEN,842959
2688015,227,116,8937,2007,428715.0,283767.0,-0.900559,-0.42071400000000003,UGA,KEN,842959
2688016,231,116,8937,2007,121094.0,0.0,1.612165,0.0922,USA,KEN,842959
2688017,246,116,8937,2007,448374.0,0.0,0.349792,1.246052,ZAF,KEN,842959
2688018,247,116,8937,2007,38730.0,0.0,-0.522838,-0.796874,ZMB,KEN,842959
2688019,43,117,8937,2007,204268.0,0.0,0.801547,2.321052,CHN,KGZ,842959
2688020,61,117,8937,2007,3886.0,0.0,2.114566,-2.934732,DEU,KGZ,842959
2688021,102,117,8937,2007,1867.0,0.0,1.4887709999999998,0.78372,HUN,KGZ,842959
2688022,115,117,8937,2007,88525.0,2378.0,-0.171218,-0.630279,KAZ,KGZ,842959
2688023,121,117,8937,2007,129847.0,0.0,1.497359,0.726637,KOR,KGZ,842959
2688024,130,117,8937,2007,3169.0,0.0,0.604169,1.279982,LTU,KGZ,842959
2688025,186,117,8937,2007,355813.0,24036.0,0.5576399999999999,-0.05382000000000001,RUS,KGZ,842959
2688026,217,117,8937,2007,0.0,3982.0,-1.0092379999999999,-1.185964,TJK,KGZ,842959
2688027,224,117,8937,2007,30708.0,0.0,0.41396700000000003,2.0339869999999998,TUR,KGZ,842959
2688028,228,117,8937,2007,26898.0,0.0,0.7441760000000001,0.8681260000000001,UKR,KGZ,842959
2688029,7,122,8937,2007,434875.0,233521.0,-0.107504,-0.44744300000000004,ARE,KWT,842959
2688030,14,122,8937,2007,4489558.0,0.0,0.137686,0.451592,AUS,KWT,842959
2688031,18,122,8937,2007,1917174.0,0.0,1.2880479999999999,1.145724,BEL,KWT,842959
2688032,32,122,8937,2007,323891.0,0.0,0.582859,1.137225,BRA,KWT,842959
2688033,41,122,8937,2007,18591.0,0.0,2.0198080000000003,0.42277200000000004,CHE,KWT,842959
2688034,43,122,8937,2007,19922.0,0.0,0.801547,2.321052,CHN,KWT,842959
2688035,61,122,8937,2007,16418.0,0.0,2.114566,-2.934732,DEU,KWT,842959
2688036,68,122,8937,2007,6819.0,18201.0,-0.144054,0.663592,EGY,KWT,842959
2688037,71,122,8937,2007,3396.0,0.0,0.914681,2.027797,ESP,KWT,842959
2688038,77,122,8937,2007,794707.0,0.0,1.4565350000000001,0.262845,FRA,KWT,842959
2688039,81,122,8937,2007,2558367.0,0.0,1.718661,0.35525300000000004,GBR,KWT,842959
2688040,103,122,8937,2007,93848.0,0.0,-0.192415,1.497962,IDN,KWT,842959
2688041,111,122,8937,2007,1074058.0,0.0,1.3003559999999998,0.705448,ITA,KWT,842959
2688042,114,122,8937,2007,241337.0,0.0,2.313259,0.186703,JPN,KWT,842959
2688043,121,122,8937,2007,41896.0,0.0,1.497359,0.726637,KOR,KWT,842959
2688044,124,122,8937,2007,121114.0,0.0,0.47468,1.775191,LBN,KWT,842959
2688045,162,122,8937,2007,85880.0,0.0,1.089169,1.589641,NLD,KWT,842959
2688046,183,122,8937,2007,72356.0,274009.0,0.20181500000000002,-0.9898110000000001,QAT,KWT,842959
2688047,188,122,8937,2007,133397.0,94330.0,0.367463,-0.8603709999999999,SAU,KWT,842959
2688048,192,122,8937,2007,5378160.0,0.0,1.608299,0.545791,SGP,KWT,842959
2688049,208,122,8937,2007,320444.0,0.0,1.927244,0.498241,SWE,KWT,842959
2688050,216,122,8937,2007,8872.0,0.0,0.711328,1.411114,THA,KWT,842959
2688051,231,122,8937,2007,463620.0,0.0,1.612165,0.0922,USA,KWT,842959
2688052,7,124,8937,2007,0.0,72379.0,-0.107504,-0.44744300000000004,ARE,LBN,842959
2688053,18,124,8937,2007,114725.0,0.0,1.2880479999999999,1.145724,BEL,LBN,842959
2688054,19,124,8937,2007,0.0,2620.0,-1.055882,-0.880178,BEN,LBN,842959
2688055,43,124,8937,2007,3738.0,0.0,0.801547,2.321052,CHN,LBN,842959
2688056,45,124,8937,2007,0.0,6046.0,-0.821623,-0.965601,CMR,LBN,842959
2688057,47,124,8937,2007,0.0,57832.0,-1.88462,-1.22688,COG,LBN,842959
2688058,59,124,8937,2007,11717.0,0.0,1.620377,0.379404,CZE,LBN,842959
2688059,61,124,8937,2007,50297.0,0.0,2.114566,-2.934732,DEU,LBN,842959
2688060,66,124,8937,2007,0.0,35211.0,-0.9822690000000001,-1.170282,DZA,LBN,842959
2688061,71,124,8937,2007,189734.0,0.0,0.914681,2.027797,ESP,LBN,842959
2688062,77,124,8937,2007,29255.0,0.0,1.4565350000000001,0.262845,FRA,LBN,842959
2688063,80,124,8937,2007,0.0,17875.0,-1.328633,-1.165045,GAB,LBN,842959
2688064,81,124,8937,2007,1716550.0,0.0,1.718661,0.35525300000000004,GBR,LBN,842959
2688065,83,124,8937,2007,0.0,106974.0,-0.906867,-0.565891,GHA,LBN,842959
2688066,85,124,8937,2007,0.0,61594.0,-1.694335,-1.230744,GIN,LBN,842959
2688067,102,124,8937,2007,4340.0,0.0,1.4887709999999998,0.78372,HUN,LBN,842959
2688068,108,124,8937,2007,0.0,69164.0,-1.961053,-0.8849969999999999,IRQ,LBN,842959
2688069,111,124,8937,2007,1137043.0,0.0,1.3003559999999998,0.705448,ITA,LBN,842959
2688070,113,124,8937,2007,0.0,59523.0,0.228433,0.5984550000000001,JOR,LBN,842959
2688071,114,124,8937,2007,31866.0,0.0,2.313259,0.186703,JPN,LBN,842959
2688072,122,124,8937,2007,0.0,121114.0,-0.8265030000000001,-1.166243,KWT,LBN,842959
2688073,134,124,8937,2007,81256.0,0.0,-0.5846560000000001,0.10927100000000001,MAR,LBN,842959
2688074,159,124,8937,2007,0.0,76653.0,-1.746879,-1.20823,NGA,LBN,842959
2688075,162,124,8937,2007,35659.0,0.0,1.089169,1.589641,NLD,LBN,842959
2688076,163,124,8937,2007,67226.0,0.0,0.9829100000000001,0.100995,NOR,LBN,842959
2688077,167,124,8937,2007,0.0,97931.0,-0.5185310000000001,-1.071832,OMN,LBN,842959
2688078,178,124,8937,2007,26070.0,0.0,0.799712,0.8789370000000001,PRK,LBN,842959
2688079,183,124,8937,2007,0.0,51000.0,0.20181500000000002,-0.9898110000000001,QAT,LBN,842959
2688080,188,124,8937,2007,0.0,145093.0,0.367463,-0.8603709999999999,SAU,LBN,842959
2688081,191,124,8937,2007,0.0,54526.0,-0.20343599999999998,0.27211199999999997,SEN,LBN,842959
2688082,208,124,8937,2007,15456.0,0.0,1.927244,0.498241,SWE,LBN,842959
2688083,212,124,8937,2007,0.0,29321.0,-0.46851899999999996,0.553396,SYR,LBN,842959
2688084,231,124,8937,2007,168438.0,0.0,1.612165,0.0922,USA,LBN,842959
2688085,247,124,8937,2007,0.0,1029.0,-0.522838,-0.796874,ZMB,LBN,842959
2688086,18,130,8937,2007,1168224.0,0.0,1.2880479999999999,1.145724,BEL,LTU,842959
2688087,28,130,8937,2007,79449.0,2742.0,1.0435889999999999,0.415603,BLR,LTU,842959
2688088,43,130,8937,2007,87728.0,0.0,0.801547,2.321052,CHN,LTU,842959
2688089,61,130,8937,2007,91769.0,8583.0,2.114566,-2.934732,DEU,LTU,842959
2688090,64,130,8937,2007,15049.0,0.0,1.204019,1.122666,DNK,LTU,842959
2688091,71,130,8937,2007,86698.0,0.0,0.914681,2.027797,ESP,LTU,842959
2688092,72,130,8937,2007,677401.0,214058.0,0.746434,1.306397,EST,LTU,842959
2688093,74,130,8937,2007,191198.0,0.0,1.865502,0.7737729999999999,FIN,LTU,842959
2688094,77,130,8937,2007,27441.0,0.0,1.4565350000000001,0.262845,FRA,LTU,842959
2688095,81,130,8937,2007,15811143.0,0.0,1.718661,0.35525300000000004,GBR,LTU,842959
2688096,106,130,8937,2007,36671.0,0.0,1.353146,0.122832,IRL,LTU,842959
2688097,111,130,8937,2007,11548567.0,0.0,1.3003559999999998,0.705448,ITA,LTU,842959
2688098,114,130,8937,2007,626696.0,0.0,2.313259,0.186703,JPN,LTU,842959
2688099,115,130,8937,2007,0.0,92436.0,-0.171218,-0.630279,KAZ,LTU,842959
2688100,117,130,8937,2007,0.0,3169.0,-0.190437,-0.23665999999999998,KGZ,LTU,842959
2688101,132,130,8937,2007,433884.0,315128.0,0.61459,0.985358,LVA,LTU,842959
2688102,162,130,8937,2007,689372.0,0.0,1.089169,1.589641,NLD,LTU,842959
2688103,163,130,8937,2007,102873.0,0.0,0.9829100000000001,0.100995,NOR,LTU,842959
2688104,177,130,8937,2007,822508.0,1702612.0,1.0412139999999999,1.309641,POL,LTU,842959
2688105,186,130,8937,2007,478583.0,179411.0,0.5576399999999999,-0.05382000000000001,RUS,LTU,842959
2688106,208,130,8937,2007,102157.0,0.0,1.927244,0.498241,SWE,LTU,842959
2688107,228,130,8937,2007,21215.0,208695.0,0.7441760000000001,0.8681260000000001,UKR,LTU,842959
2688108,231,130,8937,2007,558916.0,0.0,1.612165,0.0922,USA,LTU,842959
2688109,15,131,8937,2007,122131.0,0.0,1.730088,-0.045543,AUT,LUX,842959
2688110,18,131,8937,2007,453334.0,69553.0,1.2880479999999999,1.145724,BEL,LUX,842959
2688111,61,131,8937,2007,57101.0,33710.0,2.114566,-2.934732,DEU,LUX,842959
2688112,74,131,8937,2007,56270.0,0.0,1.865502,0.7737729999999999,FIN,LUX,842959
2688113,77,131,8937,2007,906431.0,311042.0,1.4565350000000001,0.262845,FRA,LUX,842959
2688114,81,131,8937,2007,901792.0,0.0,1.718661,0.35525300000000004,GBR,LUX,842959
2688115,111,131,8937,2007,309963.0,0.0,1.3003559999999998,0.705448,ITA,LUX,842959
2688116,162,131,8937,2007,348623.0,0.0,1.089169,1.589641,NLD,LUX,842959
2688117,177,131,8937,2007,0.0,37200.0,1.0412139999999999,1.309641,POL,LUX,842959
2688118,179,131,8937,2007,0.0,71247.0,0.621302,1.971656,PRT,LUX,842959
2688119,208,131,8937,2007,0.0,43517.0,1.927244,0.498241,SWE,LUX,842959
2688120,231,131,8937,2007,0.0,25032.0,1.612165,0.0922,USA,LUX,842959
2688121,15,132,8937,2007,51422.0,0.0,1.730088,-0.045543,AUT,LVA,842959
2688122,18,132,8937,2007,1247536.0,0.0,1.2880479999999999,1.145724,BEL,LVA,842959
2688123,28,132,8937,2007,343044.0,0.0,1.0435889999999999,0.415603,BLR,LVA,842959
2688124,41,132,8937,2007,64051.0,0.0,2.0198080000000003,0.42277200000000004,CHE,LVA,842959
2688125,43,132,8937,2007,50200.0,0.0,0.801547,2.321052,CHN,LVA,842959
2688126,59,132,8937,2007,27097.0,0.0,1.620377,0.379404,CZE,LVA,842959
2688127,61,132,8937,2007,228141.0,0.0,2.114566,-2.934732,DEU,LVA,842959
2688128,64,132,8937,2007,34947.0,71917.0,1.204019,1.122666,DNK,LVA,842959
2688129,72,132,8937,2007,1161595.0,187530.0,0.746434,1.306397,EST,LVA,842959
2688130,74,132,8937,2007,308778.0,160981.0,1.865502,0.7737729999999999,FIN,LVA,842959
2688131,81,132,8937,2007,22926820.0,0.0,1.718661,0.35525300000000004,GBR,LVA,842959
2688132,111,132,8937,2007,10980022.0,0.0,1.3003559999999998,0.705448,ITA,LVA,842959
2688133,114,132,8937,2007,487189.0,0.0,2.313259,0.186703,JPN,LVA,842959
2688134,115,132,8937,2007,0.0,5813.0,-0.171218,-0.630279,KAZ,LVA,842959
2688135,130,132,8937,2007,315128.0,433884.0,0.604169,1.279982,LTU,LVA,842959
2688136,162,132,8937,2007,29228.0,0.0,1.089169,1.589641,NLD,LVA,842959
2688137,177,132,8937,2007,1046204.0,36057.0,1.0412139999999999,1.309641,POL,LVA,842959
2688138,179,132,8937,2007,226238.0,0.0,0.621302,1.971656,PRT,LVA,842959
2688139,186,132,8937,2007,0.0,3424.0,0.5576399999999999,-0.05382000000000001,RUS,LVA,842959
2688140,208,132,8937,2007,3601937.0,205653.0,1.927244,0.498241,SWE,LVA,842959
2688141,224,132,8937,2007,928945.0,0.0,0.41396700000000003,2.0339869999999998,TUR,LVA,842959
2688142,228,132,8937,2007,34441.0,0.0,0.7441760000000001,0.8681260000000001,UKR,LVA,842959
2688143,231,132,8937,2007,10788.0,0.0,1.612165,0.0922,USA,LVA,842959
2688144,249,132,8937,2007,1593.0,0.0,1.651607,0.974649,TWN,LVA,842959
2688145,4,140,8937,2007,0.0,74358.0,-0.20616700000000002,-0.016993,ALB,MKD,842959
2688146,15,140,8937,2007,123917.0,0.0,1.730088,-0.045543,AUT,MKD,842959
2688147,41,140,8937,2007,4321.0,0.0,2.0198080000000003,0.42277200000000004,CHE,MKD,842959
2688148,61,140,8937,2007,1211992.0,0.0,2.114566,-2.934732,DEU,MKD,842959
2688149,77,140,8937,2007,409951.0,0.0,1.4565350000000001,0.262845,FRA,MKD,842959
2688150,81,140,8937,2007,91847.0,0.0,1.718661,0.35525300000000004,GBR,MKD,842959
2688151,90,140,8937,2007,6514.0,15002.0,0.348709,1.674567,GRC,MKD,842959
2688152,100,140,8937,2007,57084.0,0.0,0.7799699999999999,1.1047850000000001,HRV,MKD,842959
2688153,111,140,8937,2007,480337.0,42543.0,1.3003559999999998,0.705448,ITA,MKD,842959
2688154,114,140,8937,2007,139770.0,0.0,2.313259,0.186703,JPN,MKD,842959
2688155,121,140,8937,2007,97547.0,0.0,1.497359,0.726637,KOR,MKD,842959
2688156,162,140,8937,2007,47174.0,0.0,1.089169,1.589641,NLD,MKD,842959
2688157,201,140,8937,2007,0.0,21192.0,0.579288,1.464123,SRB,MKD,842959
2688158,207,140,8937,2007,81513.0,0.0,1.605767,0.692926,SVN,MKD,842959
2688159,231,140,8937,2007,380221.0,0.0,1.612165,0.0922,USA,MKD,842959
2688160,15,144,8937,2007,25410.0,0.0,1.730088,-0.045543,AUT,MNE,842959
2688161,26,144,8937,2007,74757.0,0.0,0.46303199999999994,0.596178,BIH,MNE,842959
2688162,41,144,8937,2007,4028.0,0.0,2.0198080000000003,0.42277200000000004,CHE,MNE,842959
2688163,61,144,8937,2007,446442.0,0.0,2.114566,-2.934732,DEU,MNE,842959
2688164,71,144,8937,2007,37104.0,0.0,0.914681,2.027797,ESP,MNE,842959
2688165,81,144,8937,2007,673126.0,0.0,1.718661,0.35525300000000004,GBR,MNE,842959
2688166,100,144,8937,2007,230423.0,0.0,0.7799699999999999,1.1047850000000001,HRV,MNE,842959
2688167,111,144,8937,2007,27035.0,0.0,1.3003559999999998,0.705448,ITA,MNE,842959
2688168,114,144,8937,2007,13055.0,0.0,2.313259,0.186703,JPN,MNE,842959
2688169,121,144,8937,2007,1657744.0,0.0,1.497359,0.726637,KOR,MNE,842959
2688170,162,144,8937,2007,69194.0,0.0,1.089169,1.589641,NLD,MNE,842959
2688171,177,144,8937,2007,119210.0,0.0,1.0412139999999999,1.309641,POL,MNE,842959
2688172,201,144,8937,2007,340489.0,9280.0,0.579288,1.464123,SRB,MNE,842959
2688173,207,144,8937,2007,1243783.0,228789.0,1.605767,0.692926,SVN,MNE,842959
2688174,208,144,8937,2007,102164.0,0.0,1.927244,0.498241,SWE,MNE,842959
2688175,231,144,8937,2007,30954.0,0.0,1.612165,0.0922,USA,MNE,842959
2688176,32,147,8937,2007,16979.0,0.0,0.582859,1.137225,BRA,MOZ,842959
2688177,37,147,8937,2007,34188.0,0.0,-0.8557239999999999,-1.1712989999999999,BWA,MOZ,842959
2688178,39,147,8937,2007,150067.0,0.0,0.77681,1.20517,CAN,MOZ,842959
2688179,43,147,8937,2007,269698.0,0.0,0.801547,2.321052,CHN,MOZ,842959
2688180,61,147,8937,2007,12737.0,0.0,2.114566,-2.934732,DEU,MOZ,842959
2688181,67,147,8937,2007,154234.0,0.0,-0.820491,-0.8557879999999999,ECU,MOZ,842959
2688182,81,147,8937,2007,98665.0,0.0,1.718661,0.35525300000000004,GBR,MOZ,842959
2688183,104,147,8937,2007,116930.0,0.0,0.279475,2.7514939999999997,IND,MOZ,842959
2688184,111,147,8937,2007,640949.0,0.0,1.3003559999999998,0.705448,ITA,MOZ,842959
2688185,114,147,8937,2007,195585.0,0.0,2.313259,0.186703,JPN,MOZ,842959
2688186,121,147,8937,2007,108443.0,0.0,1.497359,0.726637,KOR,MOZ,842959
2688187,152,147,8937,2007,0.0,130491.0,-1.348692,-1.134002,MWI,MOZ,842959
2688188,179,147,8937,2007,111174.0,1338.0,0.621302,1.971656,PRT,MOZ,842959
2688189,209,147,8937,2007,159563.0,55840.0,0.9562299999999999,0.053538,SWZ,MOZ,842959
2688190,246,147,8937,2007,3944775.0,170125.0,0.349792,1.246052,ZAF,MOZ,842959
2688191,248,147,8937,2007,0.0,36926.0,-0.5271399999999999,-0.47033800000000003,ZWE,MOZ,842959
2688192,249,147,8937,2007,27324.0,0.0,1.651607,0.974649,TWN,MOZ,842959
2688193,250,147,8937,2007,162872.0,70325.0,0.671936,-0.284418,ANS,MOZ,842959
2688194,6,159,8937,2007,91898.0,0.0,0.305773,-0.504676,ANT,NGA,842959
2688195,7,159,8937,2007,1228139.0,0.0,-0.107504,-0.44744300000000004,ARE,NGA,842959
2688196,18,159,8937,2007,1995618.0,5619.0,1.2880479999999999,1.145724,BEL,NGA,842959
2688197,32,159,8937,2007,644798.0,0.0,0.582859,1.137225,BRA,NGA,842959
2688198,39,159,8937,2007,39675.0,0.0,0.77681,1.20517,CAN,NGA,842959
2688199,43,159,8937,2007,249177.0,0.0,0.801547,2.321052,CHN,NGA,842959
2688200,61,159,8937,2007,111882.0,0.0,2.114566,-2.934732,DEU,NGA,842959
2688201,64,159,8937,2007,4383.0,0.0,1.204019,1.122666,DNK,NGA,842959
2688202,68,159,8937,2007,1275153.0,0.0,-0.144054,0.663592,EGY,NGA,842959
2688203,69,159,8937,2007,33798.0,0.0,-0.905408,-0.908877,ERI,NGA,842959
2688204,71,159,8937,2007,20335.0,0.0,0.914681,2.027797,ESP,NGA,842959
2688205,77,159,8937,2007,920418.0,0.0,1.4565350000000001,0.262845,FRA,NGA,842959
2688206,81,159,8937,2007,3131014.0,0.0,1.718661,0.35525300000000004,GBR,NGA,842959
2688207,83,159,8937,2007,0.0,10745.0,-0.906867,-0.565891,GHA,NGA,842959
2688208,89,159,8937,2007,179558.0,0.0,-1.406911,-0.8466950000000001,GNQ,NGA,842959
2688209,104,159,8937,2007,22751.0,0.0,0.279475,2.7514939999999997,IND,NGA,842959
2688210,106,159,8937,2007,37478.0,0.0,1.353146,0.122832,IRL,NGA,842959
2688211,110,159,8937,2007,1768410.0,0.0,1.092244,0.753984,ISR,NGA,842959
2688212,111,159,8937,2007,1448749.0,0.0,1.3003559999999998,0.705448,ITA,NGA,842959
2688213,114,159,8937,2007,423310.0,0.0,2.313259,0.186703,JPN,NGA,842959
2688214,124,159,8937,2007,76653.0,0.0,0.47468,1.775191,LBN,NGA,842959
2688215,153,159,8937,2007,3765.0,0.0,0.740788,0.302155,MYS,NGA,842959
2688216,162,159,8937,2007,1320015.0,0.0,1.089169,1.589641,NLD,NGA,842959
2688217,167,159,8937,2007,357202.0,0.0,-0.5185310000000001,-1.071832,OMN,NGA,842959
2688218,179,159,8937,2007,920751.0,0.0,0.621302,1.971656,PRT,NGA,842959
2688219,188,159,8937,2007,318357.0,0.0,0.367463,-0.8603709999999999,SAU,NGA,842959
2688220,192,159,8937,2007,464680.0,0.0,1.608299,0.545791,SGP,NGA,842959
2688221,208,159,8937,2007,40561.0,0.0,1.927244,0.498241,SWE,NGA,842959
2688222,223,159,8937,2007,141960.0,0.0,0.062824,0.74003,TUN,NGA,842959
2688223,224,159,8937,2007,61961.0,0.0,0.41396700000000003,2.0339869999999998,TUR,NGA,842959
2688224,226,159,8937,2007,38515.0,0.0,-0.8493959999999999,0.47116099999999994,TZA,NGA,842959
2688225,231,159,8937,2007,1784846.0,0.0,1.612165,0.0922,USA,NGA,842959
2688226,1,168,8937,2007,0.0,55646.0,-0.745981,-0.682003,AFG,PAK,842959
2688227,7,168,8937,2007,1236995.0,3472.0,-0.107504,-0.44744300000000004,ARE,PAK,842959
2688228,14,168,8937,2007,7430.0,0.0,0.137686,0.451592,AUS,PAK,842959
2688229,15,168,8937,2007,36242.0,0.0,1.730088,-0.045543,AUT,PAK,842959
2688230,18,168,8937,2007,38866.0,0.0,1.2880479999999999,1.145724,BEL,PAK,842959
2688231,34,168,8937,2007,30281.0,0.0,-1.118219,-0.924797,BRN,PAK,842959
2688232,39,168,8937,2007,131189.0,0.0,0.77681,1.20517,CAN,PAK,842959
2688233,43,168,8937,2007,313662.0,0.0,0.801547,2.321052,CHN,PAK,842959
2688234,61,168,8937,2007,568333.0,0.0,2.114566,-2.934732,DEU,PAK,842959
2688235,64,168,8937,2007,3373.0,0.0,1.204019,1.122666,DNK,PAK,842959
2688236,66,168,8937,2007,0.0,6089.0,-0.9822690000000001,-1.170282,DZA,PAK,842959
2688237,71,168,8937,2007,6779.0,0.0,0.914681,2.027797,ESP,PAK,842959
2688238,74,168,8937,2007,13481.0,0.0,1.865502,0.7737729999999999,FIN,PAK,842959
2688239,77,168,8937,2007,43231.0,0.0,1.4565350000000001,0.262845,FRA,PAK,842959
2688240,81,168,8937,2007,50689.0,0.0,1.718661,0.35525300000000004,GBR,PAK,842959
2688241,97,168,8937,2007,56062.0,0.0,0.639034,2.1086009999999997,HKG,PAK,842959
2688242,106,168,8937,2007,55325.0,0.0,1.353146,0.122832,IRL,PAK,842959
2688243,111,168,8937,2007,41298.0,47742.0,1.3003559999999998,0.705448,ITA,PAK,842959
2688244,114,168,8937,2007,2375088.0,0.0,2.313259,0.186703,JPN,PAK,842959
2688245,121,168,8937,2007,493549.0,0.0,1.497359,0.726637,KOR,PAK,842959
2688246,153,168,8937,2007,87480.0,0.0,0.740788,0.302155,MYS,PAK,842959
2688247,162,168,8937,2007,1242823.0,0.0,1.089169,1.589641,NLD,PAK,842959
2688248,163,168,8937,2007,8044.0,0.0,0.9829100000000001,0.100995,NOR,PAK,842959
2688249,166,168,8937,2007,52329.0,0.0,0.495938,0.845825,NZL,PAK,842959
2688250,174,168,8937,2007,22276.0,0.0,0.032117,-0.16600499999999999,PHL,PAK,842959
2688251,177,168,8937,2007,93724.0,0.0,1.0412139999999999,1.309641,POL,PAK,842959
2688252,183,168,8937,2007,0.0,158397.0,0.20181500000000002,-0.9898110000000001,QAT,PAK,842959
2688253,188,168,8937,2007,0.0,7267.0,0.367463,-0.8603709999999999,SAU,PAK,842959
2688254,192,168,8937,2007,477713.0,0.0,1.608299,0.545791,SGP,PAK,842959
2688255,208,168,8937,2007,230308.0,0.0,1.927244,0.498241,SWE,PAK,842959
2688256,216,168,8937,2007,95707.0,0.0,0.711328,1.411114,THA,PAK,842959
2688257,224,168,8937,2007,10666.0,22886.0,0.41396700000000003,2.0339869999999998,TUR,PAK,842959
2688258,231,168,8937,2007,153958.0,0.0,1.612165,0.0922,USA,PAK,842959
2688259,239,168,8937,2007,736479.0,0.0,-0.335613,1.048849,VNM,PAK,842959
2688260,246,168,8937,2007,5058.0,0.0,0.349792,1.246052,ZAF,PAK,842959
2688261,249,168,8937,2007,24816.0,0.0,1.651607,0.974649,TWN,PAK,842959
2688262,250,168,8937,2007,523849.0,0.0,0.671936,-0.284418,ANS,PAK,842959
2688263,1,186,8937,2007,0.0,170073.0,-0.745981,-0.682003,AFG,RUS,842959
2688264,7,186,8937,2007,8563.0,0.0,-0.107504,-0.44744300000000004,ARE,RUS,842959
2688265,9,186,8937,2007,0.0,214884.0,0.7169,-0.019251,ARM,RUS,842959
2688266,15,186,8937,2007,233975.0,0.0,1.730088,-0.045543,AUT,RUS,842959
2688267,16,186,8937,2007,0.0,248748.0,-0.897342,-1.174224,AZE,RUS,842959
2688268,18,186,8937,2007,372951.0,0.0,1.2880479999999999,1.145724,BEL,RUS,842959
2688269,28,186,8937,2007,17145470.0,5101596.0,1.0435889999999999,0.415603,BLR,RUS,842959
2688270,32,186,8937,2007,58064.0,0.0,0.582859,1.137225,BRA,RUS,842959
2688271,43,186,8937,2007,2920565.0,0.0,0.801547,2.321052,CHN,RUS,842959
2688272,59,186,8937,2007,9197.0,11330.0,1.620377,0.379404,CZE,RUS,842959
2688273,61,186,8937,2007,27525258.0,0.0,2.114566,-2.934732,DEU,RUS,842959
2688274,64,186,8937,2007,81955.0,0.0,1.204019,1.122666,DNK,RUS,842959
2688275,71,186,8937,2007,52794.0,0.0,0.914681,2.027797,ESP,RUS,842959
2688276,72,186,8937,2007,866998.0,0.0,0.746434,1.306397,EST,RUS,842959
2688277,74,186,8937,2007,2090732.0,96812.0,1.865502,0.7737729999999999,FIN,RUS,842959
2688278,77,186,8937,2007,1212972.0,0.0,1.4565350000000001,0.262845,FRA,RUS,842959
2688279,81,186,8937,2007,29642528.0,0.0,1.718661,0.35525300000000004,GBR,RUS,842959
2688280,82,186,8937,2007,0.0,195558.0,0.016077,-0.386962,GEO,RUS,842959
2688281,100,186,8937,2007,97117.0,0.0,0.7799699999999999,1.1047850000000001,HRV,RUS,842959
2688282,102,186,8937,2007,35807.0,0.0,1.4887709999999998,0.78372,HUN,RUS,842959
2688283,104,186,8937,2007,64861.0,120004.0,0.279475,2.7514939999999997,IND,RUS,842959
2688284,110,186,8937,2007,299553.0,0.0,1.092244,0.753984,ISR,RUS,842959
2688285,111,186,8937,2007,49567420.0,0.0,1.3003559999999998,0.705448,ITA,RUS,842959
2688286,114,186,8937,2007,6496956.0,0.0,2.313259,0.186703,JPN,RUS,842959
2688287,115,186,8937,2007,23106.0,8148550.0,-0.171218,-0.630279,KAZ,RUS,842959
2688288,117,186,8937,2007,24036.0,355813.0,-0.190437,-0.23665999999999998,KGZ,RUS,842959
2688289,121,186,8937,2007,2601.0,0.0,1.497359,0.726637,KOR,RUS,842959
2688290,130,186,8937,2007,179411.0,478583.0,0.604169,1.279982,LTU,RUS,842959
2688291,132,186,8937,2007,3424.0,0.0,0.61459,0.985358,LVA,RUS,842959
2688292,135,186,8937,2007,259900.0,2123.0,0.147801,0.13758299999999998,MDA,RUS,842959
2688293,145,186,8937,2007,2373.0,0.0,-1.0688790000000001,-1.1115709999999999,MNG,RUS,842959
2688294,162,186,8937,2007,2034752.0,0.0,1.089169,1.589641,NLD,RUS,842959
2688295,163,186,8937,2007,323284.0,0.0,0.9829100000000001,0.100995,NOR,RUS,842959
2688296,177,186,8937,2007,14315481.0,2047.0,1.0412139999999999,1.309641,POL,RUS,842959
2688297,185,186,8937,2007,382458.0,53472.0,0.69445,1.223747,ROU,RUS,842959
2688298,192,186,8937,2007,125914.0,0.0,1.608299,0.545791,SGP,RUS,842959
2688299,201,186,8937,2007,0.0,37916.0,0.579288,1.464123,SRB,RUS,842959
2688300,207,186,8937,2007,0.0,19645.0,1.605767,0.692926,SVN,RUS,842959
2688301,208,186,8937,2007,464465.0,0.0,1.927244,0.498241,SWE,RUS,842959
2688302,217,186,8937,2007,0.0,3163.0,-1.0092379999999999,-1.185964,TJK,RUS,842959
2688303,219,186,8937,2007,0.0,363797.0,-1.16715,-1.213064,TKM,RUS,842959
2688304,224,186,8937,2007,1117635.0,0.0,0.41396700000000003,2.0339869999999998,TUR,RUS,842959
2688305,228,186,8937,2007,1756479.0,81148.0,0.7441760000000001,0.8681260000000001,UKR,RUS,842959
2688306,231,186,8937,2007,1356383.0,0.0,1.612165,0.0922,USA,RUS,842959
2688307,232,186,8937,2007,0.0,488401.0,-0.540449,-0.799454,UZB,RUS,842959
2688308,250,186,8937,2007,18795.0,10303.0,0.671936,-0.284418,ANS,RUS,842959
2688309,7,192,8937,2007,414370.0,4397277.0,-0.107504,-0.44744300000000004,ARE,SGP,842959
2688310,14,192,8937,2007,1945206.0,535250.0,0.137686,0.451592,AUS,SGP,842959
2688311,18,192,8937,2007,394952.0,1807370.0,1.2880479999999999,1.145724,BEL,SGP,842959
2688312,22,192,8937,2007,0.0,295833.0,-0.9436469999999999,-0.7200310000000001,BGD,SGP,842959
2688313,24,192,8937,2007,0.0,189486.0,0.500846,-0.845449,BHR,SGP,842959
2688314,32,192,8937,2007,600186.0,0.0,0.582859,1.137225,BRA,SGP,842959
2688315,34,192,8937,2007,41994.0,656067.0,-1.118219,-0.924797,BRN,SGP,842959
2688316,35,192,8937,2007,0.0,15556.0,-0.147438,-0.68999,BTN,SGP,842959
2688317,39,192,8937,2007,0.0,317214.0,0.77681,1.20517,CAN,SGP,842959
2688318,42,192,8937,2007,0.0,772581.0,-0.306846,-0.57431,CHL,SGP,842959
2688319,43,192,8937,2007,275806.0,332936.0,0.801547,2.321052,CHN,SGP,842959
2688320,49,192,8937,2007,0.0,558484.0,0.118341,0.557699,COL,SGP,842959
2688321,61,192,8937,2007,2141116.0,0.0,2.114566,-2.934732,DEU,SGP,842959
2688322,66,192,8937,2007,0.0,60014.0,-0.9822690000000001,-1.170282,DZA,SGP,842959
2688323,68,192,8937,2007,0.0,146265.0,-0.144054,0.663592,EGY,SGP,842959
2688324,71,192,8937,2007,48441.0,8093.0,0.914681,2.027797,ESP,SGP,842959
2688325,75,192,8937,2007,0.0,40267.0,-0.506992,0.033250999999999996,FJI,SGP,842959
2688326,77,192,8937,2007,28025.0,0.0,1.4565350000000001,0.262845,FRA,SGP,842959
2688327,80,192,8937,2007,0.0,29899.0,-1.328633,-1.165045,GAB,SGP,842959
2688328,81,192,8937,2007,852097.0,1804766.0,1.718661,0.35525300000000004,GBR,SGP,842959
2688329,83,192,8937,2007,0.0,49619.0,-0.906867,-0.565891,GHA,SGP,842959
2688330,93,192,8937,2007,0.0,13114.0,-0.261899,0.643437,GTM,SGP,842959
2688331,97,192,8937,2007,61746.0,326406.0,0.639034,2.1086009999999997,HKG,SGP,842959
2688332,103,192,8937,2007,2681854.0,12271134.0,-0.192415,1.497962,IDN,SGP,842959
2688333,104,192,8937,2007,46881.0,1776753.0,0.279475,2.7514939999999997,IND,SGP,842959
2688334,106,192,8937,2007,27575.0,323300.0,1.353146,0.122832,IRL,SGP,842959
2688335,108,192,8937,2007,0.0,33537.0,-1.961053,-0.8849969999999999,IRQ,SGP,842959
2688336,111,192,8937,2007,149888.0,32631.0,1.3003559999999998,0.705448,ITA,SGP,842959
2688337,114,192,8937,2007,5627690.0,761922.0,2.313259,0.186703,JPN,SGP,842959
2688338,116,192,8937,2007,0.0,138072.0,-0.44365299999999996,0.858692,KEN,SGP,842959
2688339,118,192,8937,2007,6201.0,340725.0,-1.1822489999999999,-1.129066,KHM,SGP,842959
2688340,121,192,8937,2007,4094345.0,326235.0,1.497359,0.726637,KOR,SGP,842959
2688341,122,192,8937,2007,0.0,5378160.0,-0.8265030000000001,-1.166243,KWT,SGP,842959
2688342,126,192,8937,2007,0.0,46258.0,-0.8669959999999999,-1.167363,LBY,SGP,842959
2688343,128,192,8937,2007,44370.0,150092.0,-0.568577,0.364717,LKA,SGP,842959
2688344,136,192,8937,2007,0.0,24145.0,-0.939838,-0.221205,MDG,SGP,842959
2688345,137,192,8937,2007,0.0,1253670.0,-0.7558050000000001,-0.931211,MDV,SGP,842959
2688346,138,192,8937,2007,0.0,818584.0,1.044746,0.605246,MEX,SGP,842959
2688347,143,192,8937,2007,0.0,1319419.0,-1.29366,-1.074733,MMR,SGP,842959
2688348,151,192,8937,2007,0.0,48548.0,-0.342957,-0.129114,MUS,SGP,842959
2688349,153,192,8937,2007,982230.0,1835647.0,0.740788,0.302155,MYS,SGP,842959
2688350,159,192,8937,2007,0.0,464680.0,-1.746879,-1.20823,NGA,SGP,842959
2688351,162,192,8937,2007,17276.0,140398.0,1.089169,1.589641,NLD,SGP,842959
2688352,163,192,8937,2007,0.0,106947.0,0.9829100000000001,0.100995,NOR,SGP,842959
2688353,166,192,8937,2007,17459.0,58990.0,0.495938,0.845825,NZL,SGP,842959
2688354,168,192,8937,2007,0.0,477713.0,-0.5594359999999999,0.47369300000000003,PAK,SGP,842959
2688355,169,192,8937,2007,0.0,18032732.0,0.36233899999999997,0.807669,PAN,SGP,842959
2688356,173,192,8937,2007,0.0,395604.0,-0.49716099999999996,0.02556,PER,SGP,842959
2688357,174,192,8937,2007,0.0,1598754.0,0.032117,-0.16600499999999999,PHL,SGP,842959
2688358,176,192,8937,2007,0.0,2871203.0,-1.947486,-1.284269,PNG,SGP,842959
2688359,183,192,8937,2007,0.0,212185.0,0.20181500000000002,-0.9898110000000001,QAT,SGP,842959
2688360,186,192,8937,2007,0.0,125914.0,0.5576399999999999,-0.05382000000000001,RUS,SGP,842959
2688361,188,192,8937,2007,0.0,293552.0,0.367463,-0.8603709999999999,SAU,SGP,842959
2688362,190,192,8937,2007,0.0,26853.0,-1.978359,-1.316172,SDN,SGP,842959
2688363,195,192,8937,2007,0.0,824583.0,-1.144843,-0.956784,SLB,SGP,842959
2688364,208,192,8937,2007,1175368.0,0.0,1.927244,0.498241,SWE,SGP,842959
2688365,211,192,8937,2007,0.0,177208.0,-0.644497,-0.8748520000000001,SYC,SGP,842959
2688366,212,192,8937,2007,0.0,74834.0,-0.46851899999999996,0.553396,SYR,SGP,842959
2688367,216,192,8937,2007,11693410.0,750405.0,0.711328,1.411114,THA,SGP,842959
2688368,222,192,8937,2007,0.0,120093.0,-0.371347,-1.0536709999999998,TTO,SGP,842959
2688369,231,192,8937,2007,266583.0,183018.0,1.612165,0.0922,USA,SGP,842959
2688370,234,192,8937,2007,0.0,1670.0,-0.112166,-0.692679,VCT,SGP,842959
2688371,236,192,8937,2007,0.0,781504.0,-0.231215,-0.9839200000000001,VEN,SGP,842959
2688372,239,192,8937,2007,37947.0,794481.0,-0.335613,1.048849,VNM,SGP,842959
2688373,246,192,8937,2007,0.0,1164916.0,0.349792,1.246052,ZAF,SGP,842959
2688374,247,192,8937,2007,0.0,81068.0,-0.522838,-0.796874,ZMB,SGP,842959
2688375,249,192,8937,2007,194116.0,534996.0,1.651607,0.974649,TWN,SGP,842959
2688376,250,192,8937,2007,0.0,1109421.0,0.671936,-0.284418,ANS,SGP,842959
2688377,15,201,8937,2007,2754104.0,0.0,1.730088,-0.045543,AUT,SRB,842959
2688378,18,201,8937,2007,4935.0,0.0,1.2880479999999999,1.145724,BEL,SRB,842959
2688379,23,201,8937,2007,0.0,48733.0,0.43321899999999997,1.5696700000000001,BGR,SRB,842959
2688380,26,201,8937,2007,223431.0,7386.0,0.46303199999999994,0.596178,BIH,SRB,842959
2688381,39,201,8937,2007,18095.0,0.0,0.77681,1.20517,CAN,SRB,842959
2688382,41,201,8937,2007,125324.0,0.0,2.0198080000000003,0.42277200000000004,CHE,SRB,842959
2688383,59,201,8937,2007,2012.0,0.0,1.620377,0.379404,CZE,SRB,842959
2688384,61,201,8937,2007,689495.0,3777.0,2.114566,-2.934732,DEU,SRB,842959
2688385,74,201,8937,2007,38862.0,0.0,1.865502,0.7737729999999999,FIN,SRB,842959
2688386,77,201,8937,2007,5009.0,0.0,1.4565350000000001,0.262845,FRA,SRB,842959
2688387,81,201,8937,2007,1695642.0,0.0,1.718661,0.35525300000000004,GBR,SRB,842959
2688388,100,201,8937,2007,633321.0,0.0,0.7799699999999999,1.1047850000000001,HRV,SRB,842959
2688389,102,201,8937,2007,50864.0,0.0,1.4887709999999998,0.78372,HUN,SRB,842959
2688390,111,201,8937,2007,1798635.0,27082.0,1.3003559999999998,0.705448,ITA,SRB,842959
2688391,114,201,8937,2007,66496.0,0.0,2.313259,0.186703,JPN,SRB,842959
2688392,121,201,8937,2007,52918.0,0.0,1.497359,0.726637,KOR,SRB,842959
2688393,134,201,8937,2007,75331.0,0.0,-0.5846560000000001,0.10927100000000001,MAR,SRB,842959
2688394,140,201,8937,2007,21192.0,0.0,-0.125912,-0.009395,MKD,SRB,842959
2688395,144,201,8937,2007,9280.0,340489.0,0.250006,-0.154908,MNE,SRB,842959
2688396,162,201,8937,2007,267702.0,0.0,1.089169,1.589641,NLD,SRB,842959
2688397,173,201,8937,2007,0.0,34168.0,-0.49716099999999996,0.02556,PER,SRB,842959
2688398,177,201,8937,2007,384696.0,0.0,1.0412139999999999,1.309641,POL,SRB,842959
2688399,185,201,8937,2007,87905.0,0.0,0.69445,1.223747,ROU,SRB,842959
2688400,186,201,8937,2007,37916.0,0.0,0.5576399999999999,-0.05382000000000001,RUS,SRB,842959
2688401,207,201,8937,2007,1125337.0,112314.0,1.605767,0.692926,SVN,SRB,842959
2688402,208,201,8937,2007,13115.0,0.0,1.927244,0.498241,SWE,SRB,842959
2688403,224,201,8937,2007,105736.0,0.0,0.41396700000000003,2.0339869999999998,TUR,SRB,842959
2688404,231,201,8937,2007,7311.0,0.0,1.612165,0.0922,USA,SRB,842959
2688405,15,206,8937,2007,17200046.0,0.0,1.730088,-0.045543,AUT,SVK,842959
2688406,18,206,8937,2007,141991.0,0.0,1.2880479999999999,1.145724,BEL,SVK,842959
2688407,23,206,8937,2007,0.0,65594.0,0.43321899999999997,1.5696700000000001,BGR,SVK,842959
2688408,41,206,8937,2007,23168.0,0.0,2.0198080000000003,0.42277200000000004,CHE,SVK,842959
2688409,59,206,8937,2007,1990693.0,446415.0,1.620377,0.379404,CZE,SVK,842959
2688410,61,206,8937,2007,59219.0,0.0,2.114566,-2.934732,DEU,SVK,842959
2688411,74,206,8937,2007,329421.0,0.0,1.865502,0.7737729999999999,FIN,SVK,842959
2688412,77,206,8937,2007,37857.0,0.0,1.4565350000000001,0.262845,FRA,SVK,842959
2688413,81,206,8937,2007,30909572.0,0.0,1.718661,0.35525300000000004,GBR,SVK,842959
2688414,100,206,8937,2007,100152.0,0.0,0.7799699999999999,1.1047850000000001,HRV,SVK,842959
2688415,102,206,8937,2007,819603.0,251851.0,1.4887709999999998,0.78372,HUN,SVK,842959
2688416,111,206,8937,2007,5597189.0,0.0,1.3003559999999998,0.705448,ITA,SVK,842959
2688417,114,206,8937,2007,131023.0,0.0,2.313259,0.186703,JPN,SVK,842959
2688418,121,206,8937,2007,114152.0,0.0,1.497359,0.726637,KOR,SVK,842959
2688419,162,206,8937,2007,124223.0,0.0,1.089169,1.589641,NLD,SVK,842959
2688420,177,206,8937,2007,0.0,139323.0,1.0412139999999999,1.309641,POL,SVK,842959
2688421,185,206,8937,2007,0.0,37659.0,0.69445,1.223747,ROU,SVK,842959
2688422,207,206,8937,2007,212003.0,0.0,1.605767,0.692926,SVN,SVK,842959
2688423,228,206,8937,2007,0.0,3426.0,0.7441760000000001,0.8681260000000001,UKR,SVK,842959
2688424,231,206,8937,2007,31375.0,0.0,1.612165,0.0922,USA,SVK,842959
2688425,250,206,8937,2007,1359138.0,0.0,0.671936,-0.284418,ANS,SVK,842959
2688426,7,212,8937,2007,128652.0,0.0,-0.107504,-0.44744300000000004,ARE,SYR,842959
2688427,18,212,8937,2007,507579.0,0.0,1.2880479999999999,1.145724,BEL,SYR,842959
2688428,41,212,8937,2007,44895.0,0.0,2.0198080000000003,0.42277200000000004,CHE,SYR,842959
2688429,43,212,8937,2007,88007.0,0.0,0.801547,2.321052,CHN,SYR,842959
2688430,58,212,8937,2007,0.0,7193.0,0.887351,0.426331,CYP,SYR,842959
2688431,71,212,8937,2007,28937.0,0.0,0.914681,2.027797,ESP,SYR,842959
2688432,81,212,8937,2007,245445.0,0.0,1.718661,0.35525300000000004,GBR,SYR,842959
2688433,111,212,8937,2007,379185.0,0.0,1.3003559999999998,0.705448,ITA,SYR,842959
2688434,114,212,8937,2007,3677.0,0.0,2.313259,0.186703,JPN,SYR,842959
2688435,124,212,8937,2007,29321.0,0.0,0.47468,1.775191,LBN,SYR,842959
2688436,177,212,8937,2007,39114.0,0.0,1.0412139999999999,1.309641,POL,SYR,842959
2688437,188,212,8937,2007,224065.0,0.0,0.367463,-0.8603709999999999,SAU,SYR,842959
2688438,192,212,8937,2007,74834.0,0.0,1.608299,0.545791,SGP,SYR,842959
2688439,224,212,8937,2007,184184.0,0.0,0.41396700000000003,2.0339869999999998,TUR,SYR,842959
2688440,18,223,8937,2007,170652.0,0.0,1.2880479999999999,1.145724,BEL,TUN,842959
2688441,61,223,8937,2007,11053576.0,0.0,2.114566,-2.934732,DEU,TUN,842959
2688442,66,223,8937,2007,0.0,76649.0,-0.9822690000000001,-1.170282,DZA,TUN,842959
2688443,77,223,8937,2007,337605.0,201096.0,1.4565350000000001,0.262845,FRA,TUN,842959
2688444,81,223,8937,2007,4956472.0,0.0,1.718661,0.35525300000000004,GBR,TUN,842959
2688445,111,223,8937,2007,3695064.0,239213.0,1.3003559999999998,0.705448,ITA,TUN,842959
2688446,113,223,8937,2007,0.0,41514.0,0.228433,0.5984550000000001,JOR,TUN,842959
2688447,114,223,8937,2007,90502.0,0.0,2.313259,0.186703,JPN,TUN,842959
2688448,121,223,8937,2007,1042280.0,0.0,1.497359,0.726637,KOR,TUN,842959
2688449,126,223,8937,2007,0.0,2202104.0,-0.8669959999999999,-1.167363,LBY,TUN,842959
2688450,159,223,8937,2007,0.0,141960.0,-1.746879,-1.20823,NGA,TUN,842959
2688451,177,223,8937,2007,656925.0,0.0,1.0412139999999999,1.309641,POL,TUN,842959
2688452,214,223,8937,2007,0.0,212342.0,-2.544742,-0.928218,TCD,TUN,842959
2688453,224,223,8937,2007,652745.0,0.0,0.41396700000000003,2.0339869999999998,TUR,TUN,842959
2688454,231,223,8937,2007,561922.0,0.0,1.612165,0.0922,USA,TUN,842959
2688455,250,223,8937,2007,0.0,3908.0,0.671936,-0.284418,ANS,TUN,842959
2688456,15,228,8937,2007,81893.0,0.0,1.730088,-0.045543,AUT,UKR,842959
2688457,16,228,8937,2007,0.0,2550818.0,-0.897342,-1.174224,AZE,UKR,842959
2688458,18,228,8937,2007,54501.0,0.0,1.2880479999999999,1.145724,BEL,UKR,842959
2688459,28,228,8937,2007,1291339.0,293212.0,1.0435889999999999,0.415603,BLR,UKR,842959
2688460,41,228,8937,2007,10037.0,0.0,2.0198080000000003,0.42277200000000004,CHE,UKR,842959
2688461,43,228,8937,2007,159389.0,0.0,0.801547,2.321052,CHN,UKR,842959
2688462,59,228,8937,2007,57846.0,0.0,1.620377,0.379404,CZE,UKR,842959
2688463,61,228,8937,2007,7238132.0,0.0,2.114566,-2.934732,DEU,UKR,842959
2688464,64,228,8937,2007,21260.0,0.0,1.204019,1.122666,DNK,UKR,842959
2688465,71,228,8937,2007,42208.0,0.0,0.914681,2.027797,ESP,UKR,842959
2688466,74,228,8937,2007,41139.0,0.0,1.865502,0.7737729999999999,FIN,UKR,842959
2688467,77,228,8937,2007,34457.0,0.0,1.4565350000000001,0.262845,FRA,UKR,842959
2688468,81,228,8937,2007,3291563.0,0.0,1.718661,0.35525300000000004,GBR,UKR,842959
2688469,82,228,8937,2007,0.0,60266.0,0.016077,-0.386962,GEO,UKR,842959
2688470,102,228,8937,2007,1466216.0,0.0,1.4887709999999998,0.78372,HUN,UKR,842959
2688471,111,228,8937,2007,1039404.0,0.0,1.3003559999999998,0.705448,ITA,UKR,842959
2688472,114,228,8937,2007,45683.0,0.0,2.313259,0.186703,JPN,UKR,842959
2688473,115,228,8937,2007,0.0,2972150.0,-0.171218,-0.630279,KAZ,UKR,842959
2688474,117,228,8937,2007,0.0,26898.0,-0.190437,-0.23665999999999998,KGZ,UKR,842959
2688475,130,228,8937,2007,208695.0,21215.0,0.604169,1.279982,LTU,UKR,842959
2688476,132,228,8937,2007,0.0,34441.0,0.61459,0.985358,LVA,UKR,842959
2688477,135,228,8937,2007,0.0,551659.0,0.147801,0.13758299999999998,MDA,UKR,842959
2688478,138,228,8937,2007,0.0,15551.0,1.044746,0.605246,MEX,UKR,842959
2688479,162,228,8937,2007,1118251.0,0.0,1.089169,1.589641,NLD,UKR,842959
2688480,163,228,8937,2007,47565.0,0.0,0.9829100000000001,0.100995,NOR,UKR,842959
2688481,177,228,8937,2007,2670030.0,27590.0,1.0412139999999999,1.309641,POL,UKR,842959
2688482,185,228,8937,2007,6114.0,0.0,0.69445,1.223747,ROU,UKR,842959
2688483,186,228,8937,2007,81148.0,1756479.0,0.5576399999999999,-0.05382000000000001,RUS,UKR,842959
2688484,206,228,8937,2007,3426.0,0.0,1.358301,0.79655,SVK,UKR,842959
2688485,208,228,8937,2007,224336.0,0.0,1.927244,0.498241,SWE,UKR,842959
2688486,224,228,8937,2007,246293.0,0.0,0.41396700000000003,2.0339869999999998,TUR,UKR,842959
2688487,231,228,8937,2007,168852.0,0.0,1.612165,0.0922,USA,UKR,842959
2688488,239,228,8937,2007,0.0,58641.0,-0.335613,1.048849,VNM,UKR,842959
2688489,2,246,8937,2007,0.0,1686646.0,-1.6925709999999998,-1.1987290000000002,AGO,ZAF,842959
2688490,7,246,8937,2007,125409.0,25350.0,-0.107504,-0.44744300000000004,ARE,ZAF,842959
2688491,14,246,8937,2007,1221431.0,2621544.0,0.137686,0.451592,AUS,ZAF,842959
2688492,18,246,8937,2007,0.0,504120.0,1.2880479999999999,1.145724,BEL,ZAF,842959
2688493,21,246,8937,2007,0.0,112437.0,-0.960893,-0.94458,BFA,ZAF,842959
2688494,32,246,8937,2007,148921.0,0.0,0.582859,1.137225,BRA,ZAF,842959
2688495,37,246,8937,2007,228561.0,13604310.0,-0.8557239999999999,-1.1712989999999999,BWA,ZAF,842959
2688496,39,246,8937,2007,248477.0,0.0,0.77681,1.20517,CAN,ZAF,842959
2688497,42,246,8937,2007,0.0,2531.0,-0.306846,-0.57431,CHL,ZAF,842959
2688498,43,246,8937,2007,668962.0,0.0,0.801547,2.321052,CHN,ZAF,842959
2688499,44,246,8937,2007,0.0,562698.0,-0.9989110000000001,-0.867232,CIV,ZAF,842959
2688500,46,246,8937,2007,0.0,6701626.0,-1.507664,-1.111844,COD,ZAF,842959
2688501,47,246,8937,2007,0.0,168830.0,-1.88462,-1.22688,COG,ZAF,842959
2688502,59,246,8937,2007,10359.0,0.0,1.620377,0.379404,CZE,ZAF,842959
2688503,61,246,8937,2007,416577.0,0.0,2.114566,-2.934732,DEU,ZAF,842959
2688504,62,246,8937,2007,0.0,152088.0,-1.111848,-0.983348,DJI,ZAF,842959
2688505,68,246,8937,2007,0.0,182464.0,-0.144054,0.663592,EGY,ZAF,842959
2688506,71,246,8937,2007,121151.0,0.0,0.914681,2.027797,ESP,ZAF,842959
2688507,73,246,8937,2007,0.0,68399.0,-1.115917,-0.821652,ETH,ZAF,842959
2688508,74,246,8937,2007,68286.0,0.0,1.865502,0.7737729999999999,FIN,ZAF,842959
2688509,77,246,8937,2007,591589.0,1684.0,1.4565350000000001,0.262845,FRA,ZAF,842959
2688510,81,246,8937,2007,37185284.0,59823.0,1.718661,0.35525300000000004,GBR,ZAF,842959
2688511,83,246,8937,2007,22212.0,549795.0,-0.906867,-0.565891,GHA,ZAF,842959
2688512,88,246,8937,2007,0.0,154564.0,-1.416947,-1.011782,GNB,ZAF,842959
2688513,90,246,8937,2007,0.0,316504.0,0.348709,1.674567,GRC,ZAF,842959
2688514,96,246,8937,2007,0.0,8276.0,-0.889957,-0.873185,GUY,ZAF,842959
2688515,104,246,8937,2007,0.0,42564.0,0.279475,2.7514939999999997,IND,ZAF,842959
2688516,111,246,8937,2007,27653338.0,0.0,1.3003559999999998,0.705448,ITA,ZAF,842959
2688517,114,246,8937,2007,414849.0,0.0,2.313259,0.186703,JPN,ZAF,842959
2688518,115,246,8937,2007,0.0,2173.0,-0.171218,-0.630279,KAZ,ZAF,842959
2688519,116,246,8937,2007,0.0,448374.0,-0.44365299999999996,0.858692,KEN,ZAF,842959
2688520,121,246,8937,2007,273660.0,0.0,1.497359,0.726637,KOR,ZAF,842959
2688521,125,246,8937,2007,0.0,53466.0,-0.866643,-1.124112,LBR,ZAF,842959
2688522,136,246,8937,2007,0.0,49953.0,-0.939838,-0.221205,MDG,ZAF,842959
2688523,147,246,8937,2007,170125.0,3944775.0,-1.4703110000000001,-1.1915719999999999,MOZ,ZAF,842959
2688524,151,246,8937,2007,0.0,118049.0,-0.342957,-0.129114,MUS,ZAF,842959
2688525,152,246,8937,2007,0.0,2177689.0,-1.348692,-1.134002,MWI,ZAF,842959
2688526,155,246,8937,2007,61067.0,8898217.0,-0.588953,-0.751722,NAM,ZAF,842959
2688527,162,246,8937,2007,12510.0,816801.0,1.089169,1.589641,NLD,ZAF,842959
2688528,168,246,8937,2007,0.0,5058.0,-0.5594359999999999,0.47369300000000003,PAK,ZAF,842959
2688529,173,246,8937,2007,0.0,90808.0,-0.49716099999999996,0.02556,PER,ZAF,842959
2688530,177,246,8937,2007,14011148.0,0.0,1.0412139999999999,1.309641,POL,ZAF,842959
2688531,188,246,8937,2007,0.0,249337.0,0.367463,-0.8603709999999999,SAU,ZAF,842959
2688532,192,246,8937,2007,1164916.0,0.0,1.608299,0.545791,SGP,ZAF,842959
2688533,209,246,8937,2007,2661.0,531296.0,0.9562299999999999,0.053538,SWZ,ZAF,842959
2688534,211,246,8937,2007,0.0,31559.0,-0.644497,-0.8748520000000001,SYC,ZAF,842959
2688535,216,246,8937,2007,7569592.0,17466.0,0.711328,1.411114,THA,ZAF,842959
2688536,222,246,8937,2007,0.0,706588.0,-0.371347,-1.0536709999999998,TTO,ZAF,842959
2688537,224,246,8937,2007,3147573.0,0.0,0.41396700000000003,2.0339869999999998,TUR,ZAF,842959
2688538,226,246,8937,2007,80137.0,225780.0,-0.8493959999999999,0.47116099999999994,TZA,ZAF,842959
2688539,227,246,8937,2007,0.0,3068.0,-0.900559,-0.42071400000000003,UGA,ZAF,842959
2688540,231,246,8937,2007,8025404.0,134630.0,1.612165,0.0922,USA,ZAF,842959
2688541,239,246,8937,2007,33317.0,0.0,-0.335613,1.048849,VNM,ZAF,842959
2688542,247,246,8937,2007,225843.0,8903656.0,-0.522838,-0.796874,ZMB,ZAF,842959
2688543,248,246,8937,2007,1500664.0,6776885.0,-0.5271399999999999,-0.47033800000000003,ZWE,ZAF,842959
2688544,250,246,8937,2007,555114.0,0.0,0.671936,-0.284418,ANS,ZAF,842959
2688545,41,248,8937,2007,26525.0,0.0,2.0198080000000003,0.42277200000000004,CHE,ZWE,842959
2688546,43,248,8937,2007,250141.0,0.0,0.801547,2.321052,CHN,ZWE,842959
2688547,71,248,8937,2007,246769.0,0.0,0.914681,2.027797,ESP,ZWE,842959
2688548,74,248,8937,2007,1441228.0,0.0,1.865502,0.7737729999999999,FIN,ZWE,842959
2688549,81,248,8937,2007,5639.0,0.0,1.718661,0.35525300000000004,GBR,ZWE,842959
2688550,104,248,8937,2007,471927.0,0.0,0.279475,2.7514939999999997,IND,ZWE,842959
2688551,111,248,8937,2007,8846.0,0.0,1.3003559999999998,0.705448,ITA,ZWE,842959
2688552,147,248,8937,2007,36926.0,0.0,-1.4703110000000001,-1.1915719999999999,MOZ,ZWE,842959
2688553,231,248,8937,2007,26469.0,0.0,1.612165,0.0922,USA,ZWE,842959
2688554,246,248,8937,2007,6776885.0,1500664.0,0.349792,1.246052,ZAF,ZWE,842959
2688555,7,1,8937,2007,14297.0,0.0,-0.107504,-0.44744300000000004,ARE,AFG,842959
2688556,18,1,8937,2007,11039.0,0.0,1.2880479999999999,1.145724,BEL,AFG,842959
2688557,61,1,8937,2007,28686.0,0.0,2.114566,-2.934732,DEU,AFG,842959
2688558,81,1,8937,2007,7610.0,0.0,1.718661,0.35525300000000004,GBR,AFG,842959
2688559,102,1,8937,2007,121585.0,0.0,1.4887709999999998,0.78372,HUN,AFG,842959
2688560,111,1,8937,2007,36344.0,0.0,1.3003559999999998,0.705448,ITA,AFG,842959
2688561,163,1,8937,2007,51585.0,0.0,0.9829100000000001,0.100995,NOR,AFG,842959
2688562,168,1,8937,2007,55646.0,0.0,-0.5594359999999999,0.47369300000000003,PAK,AFG,842959
2688563,186,1,8937,2007,170073.0,0.0,0.5576399999999999,-0.05382000000000001,RUS,AFG,842959
2688564,61,5,8937,2007,496347.0,0.0,2.114566,-2.934732,DEU,AND,842959
2688565,71,5,8937,2007,2061264.0,931874.0,0.914681,2.027797,ESP,AND,842959
2688566,77,5,8937,2007,364642.0,0.0,1.4565350000000001,0.262845,FRA,AND,842959
2688567,81,5,8937,2007,111723.0,0.0,1.718661,0.35525300000000004,GBR,AND,842959
2688568,208,5,8937,2007,51070.0,0.0,1.927244,0.498241,SWE,AND,842959
2688569,7,9,8937,2007,71852.0,0.0,-0.107504,-0.44744300000000004,ARE,ARM,842959
2688570,28,9,8937,2007,159269.0,0.0,1.0435889999999999,0.415603,BLR,ARM,842959
2688571,43,9,8937,2007,4805.0,0.0,0.801547,2.321052,CHN,ARM,842959
2688572,81,9,8937,2007,391030.0,0.0,1.718661,0.35525300000000004,GBR,ARM,842959
2688573,82,9,8937,2007,118630.0,0.0,0.016077,-0.386962,GEO,ARM,842959
2688574,111,9,8937,2007,502610.0,0.0,1.3003559999999998,0.705448,ITA,ARM,842959
2688575,121,9,8937,2007,64524.0,0.0,1.497359,0.726637,KOR,ARM,842959
2688576,186,9,8937,2007,214884.0,0.0,0.5576399999999999,-0.05382000000000001,RUS,ARM,842959
2688577,224,9,8937,2007,62759.0,0.0,0.41396700000000003,2.0339869999999998,TUR,ARM,842959
2688578,231,9,8937,2007,5211.0,0.0,1.612165,0.0922,USA,ARM,842959
2688579,166,10,8937,2007,147948.0,0.0,0.495938,0.845825,NZL,ASM,842959
2688580,61,13,8937,2007,12751.0,0.0,2.114566,-2.934732,DEU,ATG,842959
2688581,81,13,8937,2007,17078.0,0.0,1.718661,0.35525300000000004,GBR,ATG,842959
2688582,114,13,8937,2007,5806.0,0.0,2.313259,0.186703,JPN,ATG,842959
2688583,120,13,8937,2007,0.0,205826.0,1.21646,-0.190821,KNA,ATG,842959
2688584,231,13,8937,2007,1144072.0,0.0,1.612165,0.0922,USA,ATG,842959
2688585,32,29,8937,2007,152051.0,0.0,0.582859,1.137225,BRA,BLZ,842959
2688586,39,29,8937,2007,1228.0,0.0,0.77681,1.20517,CAN,BLZ,842959
2688587,93,29,8937,2007,0.0,159751.0,-0.261899,0.643437,GTM,BLZ,842959
2688588,138,29,8937,2007,4896.0,0.0,1.044746,0.605246,MEX,BLZ,842959
2688589,231,29,8937,2007,713905.0,0.0,1.612165,0.0922,USA,BLZ,842959
2688590,249,29,8937,2007,9581.0,0.0,1.651607,0.974649,TWN,BLZ,842959
2688591,18,31,8937,2007,24988.0,0.0,1.2880479999999999,1.145724,BEL,BOL,842959
2688592,32,31,8937,2007,2658113.0,0.0,0.582859,1.137225,BRA,BOL,842959
2688593,39,31,8937,2007,27837.0,0.0,0.77681,1.20517,CAN,BOL,842959
2688594,41,31,8937,2007,2832.0,0.0,2.0198080000000003,0.42277200000000004,CHE,BOL,842959
2688595,42,31,8937,2007,804328.0,0.0,-0.306846,-0.57431,CHL,BOL,842959
2688596,43,31,8937,2007,314772.0,0.0,0.801547,2.321052,CHN,BOL,842959
2688597,61,31,8937,2007,61510.0,0.0,2.114566,-2.934732,DEU,BOL,842959
2688598,64,31,8937,2007,47794.0,0.0,1.204019,1.122666,DNK,BOL,842959
2688599,71,31,8937,2007,5043.0,0.0,0.914681,2.027797,ESP,BOL,842959
2688600,77,31,8937,2007,450902.0,0.0,1.4565350000000001,0.262845,FRA,BOL,842959
2688601,81,31,8937,2007,37546.0,0.0,1.718661,0.35525300000000004,GBR,BOL,842959
2688602,103,31,8937,2007,39578.0,0.0,-0.192415,1.497962,IDN,BOL,842959
2688603,111,31,8937,2007,56066.0,0.0,1.3003559999999998,0.705448,ITA,BOL,842959
2688604,114,31,8937,2007,1998211.0,0.0,2.313259,0.186703,JPN,BOL,842959
2688605,121,31,8937,2007,83289.0,0.0,1.497359,0.726637,KOR,BOL,842959
2688606,162,31,8937,2007,53121.0,0.0,1.089169,1.589641,NLD,BOL,842959
2688607,163,31,8937,2007,355625.0,0.0,0.9829100000000001,0.100995,NOR,BOL,842959
2688608,173,31,8937,2007,33441.0,0.0,-0.49716099999999996,0.02556,PER,BOL,842959
2688609,179,31,8937,2007,173355.0,0.0,0.621302,1.971656,PRT,BOL,842959
2688610,208,31,8937,2007,43975.0,0.0,1.927244,0.498241,SWE,BOL,842959
2688611,231,31,8937,2007,372601.0,0.0,1.612165,0.0922,USA,BOL,842959
2688612,250,31,8937,2007,87481.0,0.0,0.671936,-0.284418,ANS,BOL,842959
2688613,43,34,8937,2007,12298.0,0.0,0.801547,2.321052,CHN,BRN,842959
2688614,103,34,8937,2007,0.0,26610.0,-0.192415,1.497962,IDN,BRN,842959
2688615,114,34,8937,2007,69817.0,0.0,2.313259,0.186703,JPN,BRN,842959
2688616,153,34,8937,2007,79634.0,1552.0,0.740788,0.302155,MYS,BRN,842959
2688617,168,34,8937,2007,0.0,30281.0,-0.5594359999999999,0.47369300000000003,PAK,BRN,842959
2688618,192,34,8937,2007,656067.0,41994.0,1.608299,0.545791,SGP,BRN,842959
2688619,216,34,8937,2007,0.0,41414.0,0.711328,1.411114,THA,BRN,842959
2688620,239,34,8937,2007,3462.0,0.0,-0.335613,1.048849,VNM,BRN,842959
2688621,104,35,8937,2007,215095.0,0.0,0.279475,2.7514939999999997,IND,BTN,842959
2688622,114,35,8937,2007,101947.0,0.0,2.313259,0.186703,JPN,BTN,842959
2688623,192,35,8937,2007,15556.0,0.0,1.608299,0.545791,SGP,BTN,842959
2688624,216,35,8937,2007,517035.0,0.0,0.711328,1.411114,THA,BTN,842959
2688625,45,37,8937,2007,0.0,130225.0,-0.821623,-0.965601,CMR,BWA,842959
2688626,121,37,8937,2007,74428.0,0.0,1.497359,0.726637,KOR,BWA,842959
2688627,147,37,8937,2007,0.0,34188.0,-1.4703110000000001,-1.1915719999999999,MOZ,BWA,842959
2688628,155,37,8937,2007,713804.0,253037.0,-0.588953,-0.751722,NAM,BWA,842959
2688629,246,37,8937,2007,13604310.0,228561.0,0.349792,1.246052,ZAF,BWA,842959
2688630,18,44,8937,2007,133651.0,0.0,1.2880479999999999,1.145724,BEL,CIV,842959
2688631,43,44,8937,2007,71449.0,0.0,0.801547,2.321052,CHN,CIV,842959
2688632,61,44,8937,2007,291697.0,0.0,2.114566,-2.934732,DEU,CIV,842959
2688633,71,44,8937,2007,3253.0,0.0,0.914681,2.027797,ESP,CIV,842959
2688634,77,44,8937,2007,739787.0,0.0,1.4565350000000001,0.262845,FRA,CIV,842959
2688635,81,44,8937,2007,158009.0,0.0,1.718661,0.35525300000000004,GBR,CIV,842959
2688636,111,44,8937,2007,67533.0,0.0,1.3003559999999998,0.705448,ITA,CIV,842959
2688637,114,44,8937,2007,116260.0,0.0,2.313259,0.186703,JPN,CIV,842959
2688638,141,44,8937,2007,4071.0,0.0,-0.672822,-0.687913,MLI,CIV,842959
2688639,162,44,8937,2007,488110.0,0.0,1.089169,1.589641,NLD,CIV,842959
2688640,231,44,8937,2007,62819.0,0.0,1.612165,0.0922,USA,CIV,842959
2688641,246,44,8937,2007,562698.0,0.0,0.349792,1.246052,ZAF,CIV,842959
2688642,249,44,8937,2007,1669.0,0.0,1.651607,0.974649,TWN,CIV,842959
2688643,250,44,8937,2007,729451.0,0.0,0.671936,-0.284418,ANS,CIV,842959
2688644,2,45,8937,2007,0.0,84556.0,-1.6925709999999998,-1.1987290000000002,AGO,CMR,842959
2688645,18,45,8937,2007,451512.0,16577.0,1.2880479999999999,1.145724,BEL,CMR,842959
2688646,37,45,8937,2007,130225.0,0.0,-0.8557239999999999,-1.1712989999999999,BWA,CMR,842959
2688647,39,45,8937,2007,88818.0,0.0,0.77681,1.20517,CAN,CMR,842959
2688648,43,45,8937,2007,95395.0,0.0,0.801547,2.321052,CHN,CMR,842959
2688649,47,45,8937,2007,0.0,29438.0,-1.88462,-1.22688,COG,CMR,842959
2688650,61,45,8937,2007,204049.0,0.0,2.114566,-2.934732,DEU,CMR,842959
2688651,77,45,8937,2007,219447.0,0.0,1.4565350000000001,0.262845,FRA,CMR,842959
2688652,81,45,8937,2007,456614.0,0.0,1.718661,0.35525300000000004,GBR,CMR,842959
2688653,89,45,8937,2007,0.0,8392.0,-1.406911,-0.8466950000000001,GNQ,CMR,842959
2688654,90,45,8937,2007,8246.0,0.0,0.348709,1.674567,GRC,CMR,842959
2688655,111,45,8937,2007,229924.0,0.0,1.3003559999999998,0.705448,ITA,CMR,842959
2688656,114,45,8937,2007,89892.0,0.0,2.313259,0.186703,JPN,CMR,842959
2688657,121,45,8937,2007,170377.0,0.0,1.497359,0.726637,KOR,CMR,842959
2688658,124,45,8937,2007,6046.0,0.0,0.47468,1.775191,LBN,CMR,842959
2688659,162,45,8937,2007,32368.0,0.0,1.089169,1.589641,NLD,CMR,842959
2688660,177,45,8937,2007,81412.0,0.0,1.0412139999999999,1.309641,POL,CMR,842959
2688661,231,45,8937,2007,31936.0,0.0,1.612165,0.0922,USA,CMR,842959
2688662,17,46,8937,2007,115431.0,0.0,-0.33884899999999996,-0.661017,BDI,COD,842959
2688663,18,46,8937,2007,217108.0,0.0,1.2880479999999999,1.145724,BEL,COD,842959
2688664,47,46,8937,2007,0.0,519363.0,-1.88462,-1.22688,COG,COD,842959
2688665,71,46,8937,2007,57379.0,0.0,0.914681,2.027797,ESP,COD,842959
2688666,81,46,8937,2007,64956.0,0.0,1.718661,0.35525300000000004,GBR,COD,842959
2688667,111,46,8937,2007,365484.0,0.0,1.3003559999999998,0.705448,ITA,COD,842959
2688668,246,46,8937,2007,6701626.0,0.0,0.349792,1.246052,ZAF,COD,842959
2688669,247,46,8937,2007,251348.0,0.0,-0.522838,-0.796874,ZMB,COD,842959
2688670,7,47,8937,2007,8759.0,0.0,-0.107504,-0.44744300000000004,ARE,COG,842959
2688671,18,47,8937,2007,378839.0,0.0,1.2880479999999999,1.145724,BEL,COG,842959
2688672,43,47,8937,2007,348132.0,0.0,0.801547,2.321052,CHN,COG,842959
2688673,45,47,8937,2007,29438.0,0.0,-0.821623,-0.965601,CMR,COG,842959
2688674,46,47,8937,2007,519363.0,0.0,-1.507664,-1.111844,COD,COG,842959
2688675,61,47,8937,2007,3666.0,0.0,2.114566,-2.934732,DEU,COG,842959
2688676,77,47,8937,2007,917239.0,0.0,1.4565350000000001,0.262845,FRA,COG,842959
2688677,81,47,8937,2007,176284.0,0.0,1.718661,0.35525300000000004,GBR,COG,842959
2688678,111,47,8937,2007,311317.0,0.0,1.3003559999999998,0.705448,ITA,COG,842959
2688679,124,47,8937,2007,57832.0,0.0,0.47468,1.775191,LBN,COG,842959
2688680,134,47,8937,2007,171932.0,0.0,-0.5846560000000001,0.10927100000000001,MAR,COG,842959
2688681,153,47,8937,2007,235112.0,0.0,0.740788,0.302155,MYS,COG,842959
2688682,179,47,8937,2007,298199.0,123807.0,0.621302,1.971656,PRT,COG,842959
2688683,246,47,8937,2007,168830.0,0.0,0.349792,1.246052,ZAF,COG,842959
2688684,249,47,8937,2007,3189.0,0.0,1.651607,0.974649,TWN,COG,842959
2688685,18,51,8937,2007,16102.0,0.0,1.2880479999999999,1.145724,BEL,CPV,842959
2688686,61,51,8937,2007,45297.0,18850.0,2.114566,-2.934732,DEU,CPV,842959
2688687,71,51,8937,2007,106233.0,0.0,0.914681,2.027797,ESP,CPV,842959
2688688,77,51,8937,2007,19153.0,0.0,1.4565350000000001,0.262845,FRA,CPV,842959
2688689,81,51,8937,2007,8063.0,0.0,1.718661,0.35525300000000004,GBR,CPV,842959
2688690,111,51,8937,2007,73957.0,0.0,1.3003559999999998,0.705448,ITA,CPV,842959
2688691,114,51,8937,2007,7928.0,0.0,2.313259,0.186703,JPN,CPV,842959
2688692,162,51,8937,2007,68010.0,0.0,1.089169,1.589641,NLD,CPV,842959
2688693,179,51,8937,2007,2293875.0,0.0,0.621302,1.971656,PRT,CPV,842959
2688694,208,51,8937,2007,17618.0,0.0,1.927244,0.498241,SWE,CPV,842959
2688695,231,51,8937,2007,52907.0,0.0,1.612165,0.0922,USA,CPV,842959
2688696,81,57,8937,2007,14019.0,0.0,1.718661,0.35525300000000004,GBR,CYM,842959
2688697,231,57,8937,2007,1876447.0,0.0,1.612165,0.0922,USA,CYM,842959
2688698,7,66,8937,2007,57552.0,0.0,-0.107504,-0.44744300000000004,ARE,DZA,842959
2688699,18,66,8937,2007,353227.0,0.0,1.2880479999999999,1.145724,BEL,DZA,842959
2688700,39,66,8937,2007,20543.0,0.0,0.77681,1.20517,CAN,DZA,842959
2688701,41,66,8937,2007,58448.0,0.0,2.0198080000000003,0.42277200000000004,CHE,DZA,842959
2688702,43,66,8937,2007,1471848.0,0.0,0.801547,2.321052,CHN,DZA,842959
2688703,61,66,8937,2007,570199.0,0.0,2.114566,-2.934732,DEU,DZA,842959
2688704,71,66,8937,2007,649758.0,0.0,0.914681,2.027797,ESP,DZA,842959
2688705,77,66,8937,2007,3381391.0,0.0,1.4565350000000001,0.262845,FRA,DZA,842959
2688706,81,66,8937,2007,3306895.0,0.0,1.718661,0.35525300000000004,GBR,DZA,842959
2688707,100,66,8937,2007,62348.0,0.0,0.7799699999999999,1.1047850000000001,HRV,DZA,842959
2688708,111,66,8937,2007,8953968.0,0.0,1.3003559999999998,0.705448,ITA,DZA,842959
2688709,114,66,8937,2007,741744.0,0.0,2.313259,0.186703,JPN,DZA,842959
2688710,121,66,8937,2007,4875.0,0.0,1.497359,0.726637,KOR,DZA,842959
2688711,124,66,8937,2007,35211.0,0.0,0.47468,1.775191,LBN,DZA,842959
2688712,153,66,8937,2007,38614.0,0.0,0.740788,0.302155,MYS,DZA,842959
2688713,162,66,8937,2007,22513.0,0.0,1.089169,1.589641,NLD,DZA,842959
2688714,168,66,8937,2007,6089.0,0.0,-0.5594359999999999,0.47369300000000003,PAK,DZA,842959
2688715,179,66,8937,2007,170701.0,0.0,0.621302,1.971656,PRT,DZA,842959
2688716,192,66,8937,2007,60014.0,0.0,1.608299,0.545791,SGP,DZA,842959
2688717,208,66,8937,2007,34680.0,0.0,1.927244,0.498241,SWE,DZA,842959
2688718,223,66,8937,2007,76649.0,0.0,0.062824,0.74003,TUN,DZA,842959
2688719,224,66,8937,2007,1257890.0,0.0,0.41396700000000003,2.0339869999999998,TUR,DZA,842959
2688720,231,66,8937,2007,648387.0,0.0,1.612165,0.0922,USA,DZA,842959
2688721,250,66,8937,2007,5831.0,0.0,0.671936,-0.284418,ANS,DZA,842959
2688722,7,73,8937,2007,26938.0,18002.0,-0.107504,-0.44744300000000004,ARE,ETH,842959
2688723,18,73,8937,2007,414384.0,0.0,1.2880479999999999,1.145724,BEL,ETH,842959
2688724,32,73,8937,2007,1873479.0,0.0,0.582859,1.137225,BRA,ETH,842959
2688725,39,73,8937,2007,31314.0,0.0,0.77681,1.20517,CAN,ETH,842959
2688726,43,73,8937,2007,175707.0,0.0,0.801547,2.321052,CHN,ETH,842959
2688727,61,73,8937,2007,1987999.0,0.0,2.114566,-2.934732,DEU,ETH,842959
2688728,62,73,8937,2007,0.0,15265.0,-1.111848,-0.983348,DJI,ETH,842959
2688729,68,73,8937,2007,1051.0,0.0,-0.144054,0.663592,EGY,ETH,842959
2688730,74,73,8937,2007,407698.0,0.0,1.865502,0.7737729999999999,FIN,ETH,842959
2688731,77,73,8937,2007,350559.0,0.0,1.4565350000000001,0.262845,FRA,ETH,842959
2688732,81,73,8937,2007,536504.0,0.0,1.718661,0.35525300000000004,GBR,ETH,842959
2688733,82,73,8937,2007,20161.0,0.0,0.016077,-0.386962,GEO,ETH,842959
2688734,104,73,8937,2007,89764.0,0.0,0.279475,2.7514939999999997,IND,ETH,842959
2688735,111,73,8937,2007,128589.0,0.0,1.3003559999999998,0.705448,ITA,ETH,842959
2688736,114,73,8937,2007,5404286.0,0.0,2.313259,0.186703,JPN,ETH,842959
2688737,121,73,8937,2007,5467460.0,0.0,1.497359,0.726637,KOR,ETH,842959
2688738,162,73,8937,2007,125860.0,0.0,1.089169,1.589641,NLD,ETH,842959
2688739,177,73,8937,2007,198342.0,0.0,1.0412139999999999,1.309641,POL,ETH,842959
2688740,208,73,8937,2007,2247534.0,0.0,1.927244,0.498241,SWE,ETH,842959
2688741,224,73,8937,2007,61144.0,0.0,0.41396700000000003,2.0339869999999998,TUR,ETH,842959
2688742,231,73,8937,2007,15956.0,0.0,1.612165,0.0922,USA,ETH,842959
2688743,246,73,8937,2007,68399.0,0.0,0.349792,1.246052,ZAF,ETH,842959
2688744,7,80,8937,2007,14819.0,0.0,-0.107504,-0.44744300000000004,ARE,GAB,842959
2688745,18,80,8937,2007,941582.0,3924.0,1.2880479999999999,1.145724,BEL,GAB,842959
2688746,43,80,8937,2007,39659.0,0.0,0.801547,2.321052,CHN,GAB,842959
2688747,77,80,8937,2007,191193.0,0.0,1.4565350000000001,0.262845,FRA,GAB,842959
2688748,81,80,8937,2007,163385.0,0.0,1.718661,0.35525300000000004,GBR,GAB,842959
2688749,103,80,8937,2007,25991.0,0.0,-0.192415,1.497962,IDN,GAB,842959
2688750,111,80,8937,2007,622711.0,0.0,1.3003559999999998,0.705448,ITA,GAB,842959
2688751,124,80,8937,2007,17875.0,0.0,0.47468,1.775191,LBN,GAB,842959
2688752,153,80,8937,2007,42634.0,0.0,0.740788,0.302155,MYS,GAB,842959
2688753,192,80,8937,2007,29899.0,0.0,1.608299,0.545791,SGP,GAB,842959
2688754,231,80,8937,2007,93241.0,0.0,1.612165,0.0922,USA,GAB,842959
2688755,7,83,8937,2007,18885.0,0.0,-0.107504,-0.44744300000000004,ARE,GHA,842959
2688756,14,83,8937,2007,95832.0,1115521.0,0.137686,0.451592,AUS,GHA,842959
2688757,18,83,8937,2007,743474.0,0.0,1.2880479999999999,1.145724,BEL,GHA,842959
2688758,21,83,8937,2007,1732.0,185825.0,-0.960893,-0.94458,BFA,GHA,842959
2688759,32,83,8937,2007,68837.0,0.0,0.582859,1.137225,BRA,GHA,842959
2688760,39,83,8937,2007,12234.0,0.0,0.77681,1.20517,CAN,GHA,842959
2688761,41,83,8937,2007,35822.0,0.0,2.0198080000000003,0.42277200000000004,CHE,GHA,842959
2688762,43,83,8937,2007,430618.0,0.0,0.801547,2.321052,CHN,GHA,842959
2688763,61,83,8937,2007,27657.0,0.0,2.114566,-2.934732,DEU,GHA,842959
2688764,64,83,8937,2007,34021.0,0.0,1.204019,1.122666,DNK,GHA,842959
2688765,77,83,8937,2007,2850.0,0.0,1.4565350000000001,0.262845,FRA,GHA,842959
2688766,81,83,8937,2007,1205971.0,0.0,1.718661,0.35525300000000004,GBR,GHA,842959
2688767,96,83,8937,2007,18878.0,0.0,-0.889957,-0.873185,GUY,GHA,842959
2688768,104,83,8937,2007,45240.0,0.0,0.279475,2.7514939999999997,IND,GHA,842959
2688769,110,83,8937,2007,17095.0,0.0,1.092244,0.753984,ISR,GHA,842959
2688770,111,83,8937,2007,163956.0,0.0,1.3003559999999998,0.705448,ITA,GHA,842959
2688771,114,83,8937,2007,875995.0,0.0,2.313259,0.186703,JPN,GHA,842959
2688772,121,83,8937,2007,1616338.0,0.0,1.497359,0.726637,KOR,GHA,842959
2688773,124,83,8937,2007,106974.0,0.0,0.47468,1.775191,LBN,GHA,842959
2688774,141,83,8937,2007,185812.0,35425.0,-0.672822,-0.687913,MLI,GHA,842959
2688775,153,83,8937,2007,2536.0,0.0,0.740788,0.302155,MYS,GHA,842959
2688776,159,83,8937,2007,10745.0,0.0,-1.746879,-1.20823,NGA,GHA,842959
2688777,162,83,8937,2007,394119.0,0.0,1.089169,1.589641,NLD,GHA,842959
2688778,166,83,8937,2007,7065.0,0.0,0.495938,0.845825,NZL,GHA,842959
2688779,177,83,8937,2007,319045.0,0.0,1.0412139999999999,1.309641,POL,GHA,842959
2688780,179,83,8937,2007,247858.0,0.0,0.621302,1.971656,PRT,GHA,842959
2688781,192,83,8937,2007,49619.0,0.0,1.608299,0.545791,SGP,GHA,842959
2688782,208,83,8937,2007,305587.0,0.0,1.927244,0.498241,SWE,GHA,842959
2688783,215,83,8937,2007,105264.0,0.0,-0.78689,-0.806879,TGO,GHA,842959
2688784,231,83,8937,2007,408760.0,239505.0,1.612165,0.0922,USA,GHA,842959
2688785,246,83,8937,2007,549795.0,22212.0,0.349792,1.246052,ZAF,GHA,842959
2688786,71,84,8937,2007,92727.0,0.0,0.914681,2.027797,ESP,GIB,842959
2688787,81,84,8937,2007,124700.0,0.0,1.718661,0.35525300000000004,GBR,GIB,842959
2688788,18,89,8937,2007,746123.0,0.0,1.2880479999999999,1.145724,BEL,GNQ,842959
2688789,32,89,8937,2007,309985.0,0.0,0.582859,1.137225,BRA,GNQ,842959
2688790,43,89,8937,2007,491205.0,0.0,0.801547,2.321052,CHN,GNQ,842959
2688791,45,89,8937,2007,8392.0,0.0,-0.821623,-0.965601,CMR,GNQ,842959
2688792,71,89,8937,2007,1039361.0,0.0,0.914681,2.027797,ESP,GNQ,842959
2688793,77,89,8937,2007,5489.0,0.0,1.4565350000000001,0.262845,FRA,GNQ,842959
2688794,81,89,8937,2007,242631.0,0.0,1.718661,0.35525300000000004,GBR,GNQ,842959
2688795,111,89,8937,2007,800343.0,0.0,1.3003559999999998,0.705448,ITA,GNQ,842959
2688796,159,89,8937,2007,0.0,179558.0,-1.746879,-1.20823,NGA,GNQ,842959
2688797,231,89,8937,2007,295000.0,0.0,1.612165,0.0922,USA,GNQ,842959
2688798,7,108,8937,2007,8955130.0,0.0,-0.107504,-0.44744300000000004,ARE,IRQ,842959
2688799,18,108,8937,2007,16523.0,0.0,1.2880479999999999,1.145724,BEL,IRQ,842959
2688800,32,108,8937,2007,53787.0,0.0,0.582859,1.137225,BRA,IRQ,842959
2688801,43,108,8937,2007,343510.0,0.0,0.801547,2.321052,CHN,IRQ,842959
2688802,61,108,8937,2007,342290.0,0.0,2.114566,-2.934732,DEU,IRQ,842959
2688803,64,108,8937,2007,111379.0,0.0,1.204019,1.122666,DNK,IRQ,842959
2688804,68,108,8937,2007,18198.0,0.0,-0.144054,0.663592,EGY,IRQ,842959
2688805,81,108,8937,2007,488809.0,0.0,1.718661,0.35525300000000004,GBR,IRQ,842959
2688806,111,108,8937,2007,6857.0,0.0,1.3003559999999998,0.705448,ITA,IRQ,842959
2688807,124,108,8937,2007,69164.0,0.0,0.47468,1.775191,LBN,IRQ,842959
2688808,162,108,8937,2007,112572.0,0.0,1.089169,1.589641,NLD,IRQ,842959
2688809,183,108,8937,2007,34705.0,0.0,0.20181500000000002,-0.9898110000000001,QAT,IRQ,842959
2688810,192,108,8937,2007,33537.0,0.0,1.608299,0.545791,SGP,IRQ,842959
2688811,224,108,8937,2007,746402.0,0.0,0.41396700000000003,2.0339869999999998,TUR,IRQ,842959
2688812,231,108,8937,2007,78000.0,0.0,1.612165,0.0922,USA,IRQ,842959
2688813,15,109,8937,2007,40428.0,0.0,1.730088,-0.045543,AUT,ISL,842959
2688814,18,109,8937,2007,136867.0,0.0,1.2880479999999999,1.145724,BEL,ISL,842959
2688815,43,109,8937,2007,13563.0,0.0,0.801547,2.321052,CHN,ISL,842959
2688816,61,109,8937,2007,1989046.0,0.0,2.114566,-2.934732,DEU,ISL,842959
2688817,64,109,8937,2007,77040.0,273284.0,1.204019,1.122666,DNK,ISL,842959
2688818,71,109,8937,2007,69687.0,0.0,0.914681,2.027797,ESP,ISL,842959
2688819,74,109,8937,2007,363303.0,0.0,1.865502,0.7737729999999999,FIN,ISL,842959
2688820,77,109,8937,2007,360637.0,0.0,1.4565350000000001,0.262845,FRA,ISL,842959
2688821,78,109,8937,2007,0.0,30630.0,-0.308363,-0.7707510000000001,FRO,ISL,842959
2688822,81,109,8937,2007,9421742.0,0.0,1.718661,0.35525300000000004,GBR,ISL,842959
2688823,111,109,8937,2007,1203298.0,0.0,1.3003559999999998,0.705448,ITA,ISL,842959
2688824,114,109,8937,2007,723713.0,0.0,2.313259,0.186703,JPN,ISL,842959
2688825,121,109,8937,2007,170101.0,0.0,1.497359,0.726637,KOR,ISL,842959
2688826,162,109,8937,2007,14499.0,157093.0,1.089169,1.589641,NLD,ISL,842959
2688827,163,109,8937,2007,156441.0,0.0,0.9829100000000001,0.100995,NOR,ISL,842959
2688828,177,109,8937,2007,328984.0,0.0,1.0412139999999999,1.309641,POL,ISL,842959
2688829,208,109,8937,2007,108526.0,0.0,1.927244,0.498241,SWE,ISL,842959
2688830,231,109,8937,2007,331958.0,0.0,1.612165,0.0922,USA,ISL,842959
2688831,239,109,8937,2007,0.0,63994.0,-0.335613,1.048849,VNM,ISL,842959
2688832,175,123,8937,2007,0.0,38980.0,-0.514012,-0.878468,PLW,LAO,842959
2688833,216,123,8937,2007,7134508.0,10534.0,0.711328,1.411114,THA,LAO,842959
2688834,239,123,8937,2007,157532.0,6000.0,-0.335613,1.048849,VNM,LAO,842959
2688835,43,125,8937,2007,123084.0,0.0,0.801547,2.321052,CHN,LBR,842959
2688836,231,125,8937,2007,59500.0,0.0,1.612165,0.0922,USA,LBR,842959
2688837,246,125,8937,2007,53466.0,0.0,0.349792,1.246052,ZAF,LBR,842959
2688838,7,126,8937,2007,194827.0,0.0,-0.107504,-0.44744300000000004,ARE,LBY,842959
2688839,18,126,8937,2007,536982.0,0.0,1.2880479999999999,1.145724,BEL,LBY,842959
2688840,41,126,8937,2007,24439.0,0.0,2.0198080000000003,0.42277200000000004,CHE,LBY,842959
2688841,43,126,8937,2007,32648.0,0.0,0.801547,2.321052,CHN,LBY,842959
2688842,61,126,8937,2007,76945.0,169341.0,2.114566,-2.934732,DEU,LBY,842959
2688843,71,126,8937,2007,152152.0,0.0,0.914681,2.027797,ESP,LBY,842959
2688844,81,126,8937,2007,1165722.0,0.0,1.718661,0.35525300000000004,GBR,LBY,842959
2688845,104,126,8937,2007,197842.0,75586.0,0.279475,2.7514939999999997,IND,LBY,842959
2688846,111,126,8937,2007,7191781.0,0.0,1.3003559999999998,0.705448,ITA,LBY,842959
2688847,121,126,8937,2007,7865.0,0.0,1.497359,0.726637,KOR,LBY,842959
2688848,142,126,8937,2007,618956.0,0.0,1.184569,-0.046376,MLT,LBY,842959
2688849,162,126,8937,2007,35666.0,0.0,1.089169,1.589641,NLD,LBY,842959
2688850,179,126,8937,2007,45513.0,0.0,0.621302,1.971656,PRT,LBY,842959
2688851,192,126,8937,2007,46258.0,0.0,1.608299,0.545791,SGP,LBY,842959
2688852,223,126,8937,2007,2202104.0,0.0,0.062824,0.74003,TUN,LBY,842959
2688853,224,126,8937,2007,88949.0,0.0,0.41396700000000003,2.0339869999999998,TUR,LBY,842959
2688854,231,126,8937,2007,338534.0,0.0,1.612165,0.0922,USA,LBY,842959
2688855,250,126,8937,2007,1299381.0,0.0,0.671936,-0.284418,ANS,LBY,842959
2688856,22,128,8937,2007,69165.0,0.0,-0.9436469999999999,-0.7200310000000001,BGD,LKA,842959
2688857,39,128,8937,2007,34950.0,0.0,0.77681,1.20517,CAN,LKA,842959
2688858,43,128,8937,2007,264916.0,0.0,0.801547,2.321052,CHN,LKA,842959
2688859,81,128,8937,2007,3002384.0,0.0,1.718661,0.35525300000000004,GBR,LKA,842959
2688860,97,128,8937,2007,78388.0,0.0,0.639034,2.1086009999999997,HKG,LKA,842959
2688861,104,128,8937,2007,827502.0,0.0,0.279475,2.7514939999999997,IND,LKA,842959
2688862,111,128,8937,2007,45910.0,0.0,1.3003559999999998,0.705448,ITA,LKA,842959
2688863,114,128,8937,2007,920642.0,0.0,2.313259,0.186703,JPN,LKA,842959
2688864,137,128,8937,2007,0.0,5320.0,-0.7558050000000001,-0.931211,MDV,LKA,842959
2688865,162,128,8937,2007,24464.0,0.0,1.089169,1.589641,NLD,LKA,842959
2688866,166,128,8937,2007,2741.0,0.0,0.495938,0.845825,NZL,LKA,842959
2688867,192,128,8937,2007,150092.0,44370.0,1.608299,0.545791,SGP,LKA,842959
2688868,211,128,8937,2007,0.0,120852.0,-0.644497,-0.8748520000000001,SYC,LKA,842959
2688869,216,128,8937,2007,303367.0,0.0,0.711328,1.411114,THA,LKA,842959
2688870,231,128,8937,2007,464576.0,0.0,1.612165,0.0922,USA,LKA,842959
2688871,18,134,8937,2007,943408.0,0.0,1.2880479999999999,1.145724,BEL,MAR,842959
2688872,39,134,8937,2007,125001.0,0.0,0.77681,1.20517,CAN,MAR,842959
2688873,41,134,8937,2007,6656.0,0.0,2.0198080000000003,0.42277200000000004,CHE,MAR,842959
2688874,43,134,8937,2007,171604.0,0.0,0.801547,2.321052,CHN,MAR,842959
2688875,47,134,8937,2007,0.0,171932.0,-1.88462,-1.22688,COG,MAR,842959
2688876,61,134,8937,2007,172588.0,0.0,2.114566,-2.934732,DEU,MAR,842959
2688877,68,134,8937,2007,0.0,11257.0,-0.144054,0.663592,EGY,MAR,842959
2688878,71,134,8937,2007,4794202.0,0.0,0.914681,2.027797,ESP,MAR,842959
2688879,77,134,8937,2007,1218440.0,456770.0,1.4565350000000001,0.262845,FRA,MAR,842959
2688880,81,134,8937,2007,2290980.0,0.0,1.718661,0.35525300000000004,GBR,MAR,842959
2688881,106,134,8937,2007,5378.0,0.0,1.353146,0.122832,IRL,MAR,842959
2688882,111,134,8937,2007,4057254.0,0.0,1.3003559999999998,0.705448,ITA,MAR,842959
2688883,114,134,8937,2007,796659.0,0.0,2.313259,0.186703,JPN,MAR,842959
2688884,124,134,8937,2007,0.0,81256.0,0.47468,1.775191,LBN,MAR,842959
2688885,148,134,8937,2007,0.0,125222.0,-2.027741,-1.311094,MRT,MAR,842959
2688886,157,134,8937,2007,0.0,161159.0,-0.287155,-0.577325,NER,MAR,842959
2688887,162,134,8937,2007,1024278.0,0.0,1.089169,1.589641,NLD,MAR,842959
2688888,177,134,8937,2007,544092.0,0.0,1.0412139999999999,1.309641,POL,MAR,842959
2688889,179,134,8937,2007,1525191.0,0.0,0.621302,1.971656,PRT,MAR,842959
2688890,191,134,8937,2007,0.0,403895.0,-0.20343599999999998,0.27211199999999997,SEN,MAR,842959
2688891,201,134,8937,2007,0.0,75331.0,0.579288,1.464123,SRB,MAR,842959
2688892,208,134,8937,2007,167887.0,0.0,1.927244,0.498241,SWE,MAR,842959
2688893,215,134,8937,2007,13376.0,0.0,-0.78689,-0.806879,TGO,MAR,842959
2688894,224,134,8937,2007,1176670.0,0.0,0.41396700000000003,2.0339869999999998,TUR,MAR,842959
2688895,231,134,8937,2007,28274.0,0.0,1.612165,0.0922,USA,MAR,842959
2688896,15,135,8937,2007,78221.0,0.0,1.730088,-0.045543,AUT,MDA,842959
2688897,18,135,8937,2007,32362.0,0.0,1.2880479999999999,1.145724,BEL,MDA,842959
2688898,28,135,8937,2007,163526.0,0.0,1.0435889999999999,0.415603,BLR,MDA,842959
2688899,41,135,8937,2007,10818.0,0.0,2.0198080000000003,0.42277200000000004,CHE,MDA,842959
2688900,43,135,8937,2007,5675.0,0.0,0.801547,2.321052,CHN,MDA,842959
2688901,59,135,8937,2007,3135.0,0.0,1.620377,0.379404,CZE,MDA,842959
2688902,61,135,8937,2007,55469.0,0.0,2.114566,-2.934732,DEU,MDA,842959
2688903,81,135,8937,2007,22348.0,0.0,1.718661,0.35525300000000004,GBR,MDA,842959
2688904,102,135,8937,2007,25835.0,0.0,1.4887709999999998,0.78372,HUN,MDA,842959
2688905,111,135,8937,2007,244330.0,0.0,1.3003559999999998,0.705448,ITA,MDA,842959
2688906,114,135,8937,2007,4107.0,0.0,2.313259,0.186703,JPN,MDA,842959
2688907,162,135,8937,2007,4994.0,0.0,1.089169,1.589641,NLD,MDA,842959
2688908,177,135,8937,2007,22804.0,0.0,1.0412139999999999,1.309641,POL,MDA,842959
2688909,185,135,8937,2007,208212.0,0.0,0.69445,1.223747,ROU,MDA,842959
2688910,186,135,8937,2007,2123.0,259900.0,0.5576399999999999,-0.05382000000000001,RUS,MDA,842959
2688911,224,135,8937,2007,119657.0,0.0,0.41396700000000003,2.0339869999999998,TUR,MDA,842959
2688912,228,135,8937,2007,551659.0,0.0,0.7441760000000001,0.8681260000000001,UKR,MDA,842959
2688913,231,135,8937,2007,34847.0,0.0,1.612165,0.0922,USA,MDA,842959
2688914,2,142,8937,2007,0.0,1447312.0,-1.6925709999999998,-1.1987290000000002,AGO,MLT,842959
2688915,81,142,8937,2007,158315.0,0.0,1.718661,0.35525300000000004,GBR,MLT,842959
2688916,82,142,8937,2007,0.0,130383.0,0.016077,-0.386962,GEO,MLT,842959
2688917,106,142,8937,2007,18389.0,0.0,1.353146,0.122832,IRL,MLT,842959
2688918,111,142,8937,2007,1475503.0,17566.0,1.3003559999999998,0.705448,ITA,MLT,842959
2688919,114,142,8937,2007,6449.0,0.0,2.313259,0.186703,JPN,MLT,842959
2688920,126,142,8937,2007,0.0,618956.0,-0.8669959999999999,-1.167363,LBY,MLT,842959
2688921,162,142,8937,2007,120949.0,0.0,1.089169,1.589641,NLD,MLT,842959
2688922,224,142,8937,2007,0.0,76228.0,0.41396700000000003,2.0339869999999998,TUR,MLT,842959
2688923,231,142,8937,2007,46024.0,0.0,1.612165,0.0922,USA,MLT,842959
2688924,7,148,8937,2007,40448.0,0.0,-0.107504,-0.44744300000000004,ARE,MRT,842959
2688925,18,148,8937,2007,137972.0,0.0,1.2880479999999999,1.145724,BEL,MRT,842959
2688926,71,148,8937,2007,158264.0,0.0,0.914681,2.027797,ESP,MRT,842959
2688927,77,148,8937,2007,34361.0,0.0,1.4565350000000001,0.262845,FRA,MRT,842959
2688928,114,148,8937,2007,1012743.0,0.0,2.313259,0.186703,JPN,MRT,842959
2688929,134,148,8937,2007,125222.0,0.0,-0.5846560000000001,0.10927100000000001,MAR,MRT,842959
2688930,179,148,8937,2007,5338.0,0.0,0.621302,1.971656,PRT,MRT,842959
2688931,191,148,8937,2007,15398.0,0.0,-0.20343599999999998,0.27211199999999997,SEN,MRT,842959
2688932,250,148,8937,2007,563949.0,0.0,0.671936,-0.284418,ANS,MRT,842959
2688933,18,151,8937,2007,461115.0,0.0,1.2880479999999999,1.145724,BEL,MUS,842959
2688934,43,151,8937,2007,465061.0,0.0,0.801547,2.321052,CHN,MUS,842959
2688935,59,151,8937,2007,50348.0,0.0,1.620377,0.379404,CZE,MUS,842959
2688936,61,151,8937,2007,91057.0,0.0,2.114566,-2.934732,DEU,MUS,842959
2688937,68,151,8937,2007,0.0,84413.0,-0.144054,0.663592,EGY,MUS,842959
2688938,77,151,8937,2007,366723.0,2989.0,1.4565350000000001,0.262845,FRA,MUS,842959
2688939,81,151,8937,2007,1117241.0,44351.0,1.718661,0.35525300000000004,GBR,MUS,842959
2688940,111,151,8937,2007,110146.0,0.0,1.3003559999999998,0.705448,ITA,MUS,842959
2688941,114,151,8937,2007,162595.0,0.0,2.313259,0.186703,JPN,MUS,842959
2688942,121,151,8937,2007,1053238.0,0.0,1.497359,0.726637,KOR,MUS,842959
2688943,136,151,8937,2007,0.0,36378.0,-0.939838,-0.221205,MDG,MUS,842959
2688944,192,151,8937,2007,48548.0,0.0,1.608299,0.545791,SGP,MUS,842959
2688945,208,151,8937,2007,232957.0,0.0,1.927244,0.498241,SWE,MUS,842959
2688946,211,151,8937,2007,0.0,128154.0,-0.644497,-0.8748520000000001,SYC,MUS,842959
2688947,216,151,8937,2007,131622.0,0.0,0.711328,1.411114,THA,MUS,842959
2688948,231,151,8937,2007,336308.0,0.0,1.612165,0.0922,USA,MUS,842959
2688949,246,151,8937,2007,118049.0,0.0,0.349792,1.246052,ZAF,MUS,842959
2688950,81,152,8937,2007,69786.0,0.0,1.718661,0.35525300000000004,GBR,MWI,842959
2688951,147,152,8937,2007,130491.0,0.0,-1.4703110000000001,-1.1915719999999999,MOZ,MWI,842959
2688952,231,152,8937,2007,17475.0,0.0,1.612165,0.0922,USA,MWI,842959
2688953,246,152,8937,2007,2177689.0,0.0,0.349792,1.246052,ZAF,MWI,842959
2688954,249,152,8937,2007,85654.0,0.0,1.651607,0.974649,TWN,MWI,842959
2688955,2,155,8937,2007,0.0,361905.0,-1.6925709999999998,-1.1987290000000002,AGO,NAM,842959
2688956,37,155,8937,2007,253037.0,713804.0,-0.8557239999999999,-1.1712989999999999,BWA,NAM,842959
2688957,43,155,8937,2007,26724.0,0.0,0.801547,2.321052,CHN,NAM,842959
2688958,81,155,8937,2007,334508.0,0.0,1.718661,0.35525300000000004,GBR,NAM,842959
2688959,111,155,8937,2007,311639.0,0.0,1.3003559999999998,0.705448,ITA,NAM,842959
2688960,231,155,8937,2007,126839.0,0.0,1.612165,0.0922,USA,NAM,842959
2688961,246,155,8937,2007,8898217.0,61067.0,0.349792,1.246052,ZAF,NAM,842959
2688962,14,165,8937,2007,305157.0,0.0,0.137686,0.451592,AUS,NRU,842959
2688963,7,167,8937,2007,4496218.0,0.0,-0.107504,-0.44744300000000004,ARE,OMN,842959
2688964,18,167,8937,2007,130353.0,0.0,1.2880479999999999,1.145724,BEL,OMN,842959
2688965,61,167,8937,2007,1106634.0,0.0,2.114566,-2.934732,DEU,OMN,842959
2688966,71,167,8937,2007,293643.0,0.0,0.914681,2.027797,ESP,OMN,842959
2688967,81,167,8937,2007,24740892.0,0.0,1.718661,0.35525300000000004,GBR,OMN,842959
2688968,104,167,8937,2007,62220.0,0.0,0.279475,2.7514939999999997,IND,OMN,842959
2688969,111,167,8937,2007,4080534.0,0.0,1.3003559999999998,0.705448,ITA,OMN,842959
2688970,114,167,8937,2007,644523.0,0.0,2.313259,0.186703,JPN,OMN,842959
2688971,121,167,8937,2007,85820.0,0.0,1.497359,0.726637,KOR,OMN,842959
2688972,124,167,8937,2007,97931.0,0.0,0.47468,1.775191,LBN,OMN,842959
2688973,159,167,8937,2007,0.0,357202.0,-1.746879,-1.20823,NGA,OMN,842959
2688974,177,167,8937,2007,553829.0,0.0,1.0412139999999999,1.309641,POL,OMN,842959
2688975,183,167,8937,2007,531700.0,0.0,0.20181500000000002,-0.9898110000000001,QAT,OMN,842959
2688976,231,167,8937,2007,2383562.0,0.0,1.612165,0.0922,USA,OMN,842959
2688977,43,178,8937,2007,83288.0,0.0,0.801547,2.321052,CHN,PRK,842959
2688978,104,178,8937,2007,0.0,444807.0,0.279475,2.7514939999999997,IND,PRK,842959
2688979,124,178,8937,2007,0.0,26070.0,0.47468,1.775191,LBN,PRK,842959
2688980,236,178,8937,2007,0.0,2482.0,-0.231215,-0.9839200000000001,VEN,PRK,842959
2688981,243,178,8937,2007,0.0,54943.0,-1.2624600000000001,-1.2131290000000001,YEM,PRK,842959
2688982,2,179,8937,2007,0.0,14015604.0,-1.6925709999999998,-1.1987290000000002,AGO,PRT,842959
2688983,7,179,8937,2007,0.0,101671.0,-0.107504,-0.44744300000000004,ARE,PRT,842959
2688984,15,179,8937,2007,48621.0,0.0,1.730088,-0.045543,AUT,PRT,842959
2688985,18,179,8937,2007,4349142.0,89671.0,1.2880479999999999,1.145724,BEL,PRT,842959
2688986,23,179,8937,2007,0.0,53883.0,0.43321899999999997,1.5696700000000001,BGR,PRT,842959
2688987,31,179,8937,2007,0.0,173355.0,-1.021595,-0.955375,BOL,PRT,842959
2688988,39,179,8937,2007,102697.0,0.0,0.77681,1.20517,CAN,PRT,842959
2688989,41,179,8937,2007,3824.0,0.0,2.0198080000000003,0.42277200000000004,CHE,PRT,842959
2688990,42,179,8937,2007,0.0,82914.0,-0.306846,-0.57431,CHL,PRT,842959
2688991,43,179,8937,2007,3860.0,0.0,0.801547,2.321052,CHN,PRT,842959
2688992,47,179,8937,2007,123807.0,298199.0,-1.88462,-1.22688,COG,PRT,842959
2688993,51,179,8937,2007,0.0,2293875.0,0.289375,-0.295194,CPV,PRT,842959
2688994,59,179,8937,2007,256535.0,0.0,1.620377,0.379404,CZE,PRT,842959
2688995,61,179,8937,2007,74378.0,366568.0,2.114566,-2.934732,DEU,PRT,842959
2688996,66,179,8937,2007,0.0,170701.0,-0.9822690000000001,-1.170282,DZA,PRT,842959
2688997,68,179,8937,2007,0.0,222491.0,-0.144054,0.663592,EGY,PRT,842959
2688998,71,179,8937,2007,7424992.0,957319.0,0.914681,2.027797,ESP,PRT,842959
2688999,74,179,8937,2007,114681.0,0.0,1.865502,0.7737729999999999,FIN,PRT,842959
2689000,77,179,8937,2007,290890.0,1081373.0,1.4565350000000001,0.262845,FRA,PRT,842959
2689001,81,179,8937,2007,49542612.0,26418.0,1.718661,0.35525300000000004,GBR,PRT,842959
2689002,82,179,8937,2007,0.0,6489.0,0.016077,-0.386962,GEO,PRT,842959
2689003,83,179,8937,2007,0.0,247858.0,-0.906867,-0.565891,GHA,PRT,842959
2689004,85,179,8937,2007,0.0,85223.0,-1.694335,-1.230744,GIN,PRT,842959
2689005,88,179,8937,2007,0.0,147602.0,-1.416947,-1.011782,GNB,PRT,842959
2689006,90,179,8937,2007,640188.0,48982.0,0.348709,1.674567,GRC,PRT,842959
2689007,106,179,8937,2007,152820.0,161177.0,1.353146,0.122832,IRL,PRT,842959
2689008,111,179,8937,2007,5679980.0,38184.0,1.3003559999999998,0.705448,ITA,PRT,842959
2689009,114,179,8937,2007,153028.0,0.0,2.313259,0.186703,JPN,PRT,842959
2689010,116,179,8937,2007,0.0,8270.0,-0.44365299999999996,0.858692,KEN,PRT,842959
2689011,126,179,8937,2007,0.0,45513.0,-0.8669959999999999,-1.167363,LBY,PRT,842959
2689012,131,179,8937,2007,71247.0,0.0,1.390259,0.996566,LUX,PRT,842959
2689013,132,179,8937,2007,0.0,226238.0,0.61459,0.985358,LVA,PRT,842959
2689014,134,179,8937,2007,0.0,1525191.0,-0.5846560000000001,0.10927100000000001,MAR,PRT,842959
2689015,147,179,8937,2007,1338.0,111174.0,-1.4703110000000001,-1.1915719999999999,MOZ,PRT,842959
2689016,148,179,8937,2007,0.0,5338.0,-2.027741,-1.311094,MRT,PRT,842959
2689017,159,179,8937,2007,0.0,920751.0,-1.746879,-1.20823,NGA,PRT,842959
2689018,162,179,8937,2007,168821.0,848832.0,1.089169,1.589641,NLD,PRT,842959
2689019,173,179,8937,2007,0.0,7758.0,-0.49716099999999996,0.02556,PER,PRT,842959
2689020,177,179,8937,2007,4674277.0,41143.0,1.0412139999999999,1.309641,POL,PRT,842959
2689021,185,179,8937,2007,0.0,80624.0,0.69445,1.223747,ROU,PRT,842959
2689022,188,179,8937,2007,0.0,15859.0,0.367463,-0.8603709999999999,SAU,PRT,842959
2689023,191,179,8937,2007,0.0,186742.0,-0.20343599999999998,0.27211199999999997,SEN,PRT,842959
2689024,203,179,8937,2007,0.0,59499.0,0.739933,-0.19098199999999999,STP,PRT,842959
2689025,208,179,8937,2007,148650.0,0.0,1.927244,0.498241,SWE,PRT,842959
2689026,222,179,8937,2007,0.0,17894.0,-0.371347,-1.0536709999999998,TTO,PRT,842959
2689027,224,179,8937,2007,208412.0,0.0,0.41396700000000003,2.0339869999999998,TUR,PRT,842959
2689028,231,179,8937,2007,339474.0,34702.0,1.612165,0.0922,USA,PRT,842959
2689029,236,179,8937,2007,0.0,9746.0,-0.231215,-0.9839200000000001,VEN,PRT,842959
2689030,18,181,8937,2007,78581.0,0.0,1.2880479999999999,1.145724,BEL,PSE,842959
2689031,77,181,8937,2007,63639.0,0.0,1.4565350000000001,0.262845,FRA,PSE,842959
2689032,81,181,8937,2007,38498.0,0.0,1.718661,0.35525300000000004,GBR,PSE,842959
2689033,111,181,8937,2007,7791.0,0.0,1.3003559999999998,0.705448,ITA,PSE,842959
2689034,7,191,8937,2007,183382.0,0.0,-0.107504,-0.44744300000000004,ARE,SEN,842959
2689035,18,191,8937,2007,344113.0,0.0,1.2880479999999999,1.145724,BEL,SEN,842959
2689036,19,191,8937,2007,0.0,33749.0,-1.055882,-0.880178,BEN,SEN,842959
2689037,32,191,8937,2007,131831.0,0.0,0.582859,1.137225,BRA,SEN,842959
2689038,39,191,8937,2007,22919.0,0.0,0.77681,1.20517,CAN,SEN,842959
2689039,41,191,8937,2007,9547.0,0.0,2.0198080000000003,0.42277200000000004,CHE,SEN,842959
2689040,43,191,8937,2007,170170.0,0.0,0.801547,2.321052,CHN,SEN,842959
2689041,61,191,8937,2007,81521.0,0.0,2.114566,-2.934732,DEU,SEN,842959
2689042,71,191,8937,2007,37180.0,0.0,0.914681,2.027797,ESP,SEN,842959
2689043,77,191,8937,2007,172747.0,0.0,1.4565350000000001,0.262845,FRA,SEN,842959
2689044,85,191,8937,2007,19436.0,0.0,-1.694335,-1.230744,GIN,SEN,842959
2689045,87,191,8937,2007,4472.0,7205.0,-0.8336680000000001,-0.8261860000000001,GMB,SEN,842959
2689046,104,191,8937,2007,259932.0,0.0,0.279475,2.7514939999999997,IND,SEN,842959
2689047,111,191,8937,2007,399259.0,0.0,1.3003559999999998,0.705448,ITA,SEN,842959
2689048,114,191,8937,2007,18205.0,0.0,2.313259,0.186703,JPN,SEN,842959
2689049,121,191,8937,2007,226898.0,0.0,1.497359,0.726637,KOR,SEN,842959
2689050,124,191,8937,2007,54526.0,0.0,0.47468,1.775191,LBN,SEN,842959
2689051,134,191,8937,2007,403895.0,0.0,-0.5846560000000001,0.10927100000000001,MAR,SEN,842959
2689052,141,191,8937,2007,0.0,2427211.0,-0.672822,-0.687913,MLI,SEN,842959
2689053,148,191,8937,2007,0.0,15398.0,-2.027741,-1.311094,MRT,SEN,842959
2689054,162,191,8937,2007,32944.0,0.0,1.089169,1.589641,NLD,SEN,842959
2689055,179,191,8937,2007,186742.0,0.0,0.621302,1.971656,PRT,SEN,842959
2689056,208,191,8937,2007,26593.0,0.0,1.927244,0.498241,SWE,SEN,842959
2689057,224,191,8937,2007,39830.0,0.0,0.41396700000000003,2.0339869999999998,TUR,SEN,842959
2689058,231,191,8937,2007,1246237.0,0.0,1.612165,0.0922,USA,SEN,842959
2689059,179,203,8937,2007,59499.0,0.0,0.621302,1.971656,PRT,STP,842959
2689060,93,209,8937,2007,0.0,85989.0,-0.261899,0.643437,GTM,SWZ,842959
2689061,147,209,8937,2007,55840.0,159563.0,-1.4703110000000001,-1.1915719999999999,MOZ,SWZ,842959
2689062,183,209,8937,2007,0.0,10203.0,0.20181500000000002,-0.9898110000000001,QAT,SWZ,842959
2689063,246,209,8937,2007,531296.0,2661.0,0.349792,1.246052,ZAF,SWZ,842959
2689064,7,211,8937,2007,98971.0,0.0,-0.107504,-0.44744300000000004,ARE,SYC,842959
2689065,81,211,8937,2007,12531.0,0.0,1.718661,0.35525300000000004,GBR,SYC,842959
2689066,104,211,8937,2007,36182.0,0.0,0.279475,2.7514939999999997,IND,SYC,842959
2689067,106,211,8937,2007,30670.0,0.0,1.353146,0.122832,IRL,SYC,842959
2689068,114,211,8937,2007,60945.0,0.0,2.313259,0.186703,JPN,SYC,842959
2689069,116,211,8937,2007,14381.0,0.0,-0.44365299999999996,0.858692,KEN,SYC,842959
2689070,128,211,8937,2007,120852.0,0.0,-0.568577,0.364717,LKA,SYC,842959
2689071,151,211,8937,2007,128154.0,0.0,-0.342957,-0.129114,MUS,SYC,842959
2689072,153,211,8937,2007,72508.0,0.0,0.740788,0.302155,MYS,SYC,842959
2689073,192,211,8937,2007,177208.0,0.0,1.608299,0.545791,SGP,SYC,842959
2689074,231,211,8937,2007,0.0,20264.0,1.612165,0.0922,USA,SYC,842959
2689075,246,211,8937,2007,31559.0,0.0,0.349792,1.246052,ZAF,SYC,842959
2689076,18,215,8937,2007,77788.0,0.0,1.2880479999999999,1.145724,BEL,TGO,842959
2689077,21,215,8937,2007,0.0,4000.0,-0.960893,-0.94458,BFA,TGO,842959
2689078,39,215,8937,2007,18433.0,0.0,0.77681,1.20517,CAN,TGO,842959
2689079,43,215,8937,2007,16522.0,0.0,0.801547,2.321052,CHN,TGO,842959
2689080,61,215,8937,2007,7592.0,0.0,2.114566,-2.934732,DEU,TGO,842959
2689081,77,215,8937,2007,1261.0,0.0,1.4565350000000001,0.262845,FRA,TGO,842959
2689082,81,215,8937,2007,0.0,2881.0,1.718661,0.35525300000000004,GBR,TGO,842959
2689083,83,215,8937,2007,0.0,105264.0,-0.906867,-0.565891,GHA,TGO,842959
2689084,97,215,8937,2007,6206.0,0.0,0.639034,2.1086009999999997,HKG,TGO,842959
2689085,104,215,8937,2007,278563.0,0.0,0.279475,2.7514939999999997,IND,TGO,842959
2689086,111,215,8937,2007,8773.0,0.0,1.3003559999999998,0.705448,ITA,TGO,842959
2689087,134,215,8937,2007,0.0,13376.0,-0.5846560000000001,0.10927100000000001,MAR,TGO,842959
2689088,231,215,8937,2007,144667.0,0.0,1.612165,0.0922,USA,TGO,842959
2689089,7,219,8937,2007,118465.0,0.0,-0.107504,-0.44744300000000004,ARE,TKM,842959
2689090,28,219,8937,2007,28307.0,0.0,1.0435889999999999,0.415603,BLR,TKM,842959
2689091,81,219,8937,2007,143211.0,0.0,1.718661,0.35525300000000004,GBR,TKM,842959
2689092,186,219,8937,2007,363797.0,0.0,0.5576399999999999,-0.05382000000000001,RUS,TKM,842959
2689093,224,219,8937,2007,3451.0,0.0,0.41396700000000003,2.0339869999999998,TUR,TKM,842959
2689094,7,227,8937,2007,47521.0,0.0,-0.107504,-0.44744300000000004,ARE,UGA,842959
2689095,15,227,8937,2007,248363.0,0.0,1.730088,-0.045543,AUT,UGA,842959
2689096,18,227,8937,2007,495587.0,0.0,1.2880479999999999,1.145724,BEL,UGA,842959
2689097,39,227,8937,2007,13240.0,0.0,0.77681,1.20517,CAN,UGA,842959
2689098,41,227,8937,2007,159396.0,0.0,2.0198080000000003,0.42277200000000004,CHE,UGA,842959
2689099,43,227,8937,2007,6025.0,0.0,0.801547,2.321052,CHN,UGA,842959
2689100,61,227,8937,2007,16955.0,0.0,2.114566,-2.934732,DEU,UGA,842959
2689101,68,227,8937,2007,278212.0,0.0,-0.144054,0.663592,EGY,UGA,842959
2689102,81,227,8937,2007,120343.0,0.0,1.718661,0.35525300000000004,GBR,UGA,842959
2689103,97,227,8937,2007,7275.0,0.0,0.639034,2.1086009999999997,HKG,UGA,842959
2689104,104,227,8937,2007,86963.0,0.0,0.279475,2.7514939999999997,IND,UGA,842959
2689105,111,227,8937,2007,355722.0,0.0,1.3003559999999998,0.705448,ITA,UGA,842959
2689106,114,227,8937,2007,424555.0,0.0,2.313259,0.186703,JPN,UGA,842959
2689107,116,227,8937,2007,283767.0,428715.0,-0.44365299999999996,0.858692,KEN,UGA,842959
2689108,162,227,8937,2007,90232.0,0.0,1.089169,1.589641,NLD,UGA,842959
2689109,163,227,8937,2007,16946.0,0.0,0.9829100000000001,0.100995,NOR,UGA,842959
2689110,187,227,8937,2007,40787.0,3287.0,-0.383017,-0.49216899999999997,RWA,UGA,842959
2689111,190,227,8937,2007,12260.0,3411.0,-1.978359,-1.316172,SDN,UGA,842959
2689112,208,227,8937,2007,199425.0,0.0,1.927244,0.498241,SWE,UGA,842959
2689113,246,227,8937,2007,3068.0,0.0,0.349792,1.246052,ZAF,UGA,842959
2689114,2,229,8937,2007,0.0,812553.0,-1.6925709999999998,-1.1987290000000002,AGO,UMI,842959
2689115,43,234,8937,2007,10804.0,0.0,0.801547,2.321052,CHN,VCT,842959
2689116,77,234,8937,2007,8774.0,0.0,1.4565350000000001,0.262845,FRA,VCT,842959
2689117,81,234,8937,2007,14954.0,0.0,1.718661,0.35525300000000004,GBR,VCT,842959
2689118,96,234,8937,2007,19245.0,0.0,-0.889957,-0.873185,GUY,VCT,842959
2689119,101,234,8937,2007,0.0,45049.0,-1.070524,-1.046209,HTI,VCT,842959
2689120,114,234,8937,2007,741105.0,0.0,2.313259,0.186703,JPN,VCT,842959
2689121,127,234,8937,2007,43841.0,0.0,0.7445430000000001,-0.187834,LCA,VCT,842959
2689122,192,234,8937,2007,1670.0,0.0,1.608299,0.545791,SGP,VCT,842959
2689123,231,234,8937,2007,239161.0,6502.0,1.612165,0.0922,USA,VCT,842959
2689124,7,239,8937,2007,0.0,770079.0,-0.107504,-0.44744300000000004,ARE,VNM,842959
2689125,14,239,8937,2007,0.0,59567.0,0.137686,0.451592,AUS,VNM,842959
2689126,34,239,8937,2007,0.0,3462.0,-1.118219,-0.924797,BRN,VNM,842959
2689127,39,239,8937,2007,4865.0,145261.0,0.77681,1.20517,CAN,VNM,842959
2689128,43,239,8937,2007,414214.0,0.0,0.801547,2.321052,CHN,VNM,842959
2689129,61,239,8937,2007,20928.0,0.0,2.114566,-2.934732,DEU,VNM,842959
2689130,64,239,8937,2007,4161.0,0.0,1.204019,1.122666,DNK,VNM,842959
2689131,68,239,8937,2007,0.0,11379.0,-0.144054,0.663592,EGY,VNM,842959
2689132,71,239,8937,2007,12029.0,0.0,0.914681,2.027797,ESP,VNM,842959
2689133,75,239,8937,2007,0.0,42194.0,-0.506992,0.033250999999999996,FJI,VNM,842959
2689134,81,239,8937,2007,58970.0,0.0,1.718661,0.35525300000000004,GBR,VNM,842959
2689135,96,239,8937,2007,0.0,6341.0,-0.889957,-0.873185,GUY,VNM,842959
2689136,97,239,8937,2007,90987.0,0.0,0.639034,2.1086009999999997,HKG,VNM,842959
2689137,103,239,8937,2007,17425.0,0.0,-0.192415,1.497962,IDN,VNM,842959
2689138,104,239,8937,2007,0.0,126671.0,0.279475,2.7514939999999997,IND,VNM,842959
2689139,109,239,8937,2007,63994.0,0.0,0.172786,-0.380266,ISL,VNM,842959
2689140,111,239,8937,2007,6356.0,0.0,1.3003559999999998,0.705448,ITA,VNM,842959
2689141,114,239,8937,2007,4787620.0,24154.0,2.313259,0.186703,JPN,VNM,842959
2689142,118,239,8937,2007,3594.0,818880.0,-1.1822489999999999,-1.129066,KHM,VNM,842959
2689143,121,239,8937,2007,350319.0,0.0,1.497359,0.726637,KOR,VNM,842959
2689144,123,239,8937,2007,6000.0,157532.0,-1.045213,-1.01482,LAO,VNM,842959
2689145,153,239,8937,2007,0.0,127134.0,0.740788,0.302155,MYS,VNM,842959
2689146,162,239,8937,2007,31020.0,51021.0,1.089169,1.589641,NLD,VNM,842959
2689147,166,239,8937,2007,5513.0,16418.0,0.495938,0.845825,NZL,VNM,842959
2689148,168,239,8937,2007,0.0,736479.0,-0.5594359999999999,0.47369300000000003,PAK,VNM,842959
2689149,174,239,8937,2007,73031.0,2819.0,0.032117,-0.16600499999999999,PHL,VNM,842959
2689150,192,239,8937,2007,794481.0,37947.0,1.608299,0.545791,SGP,VNM,842959
2689151,216,239,8937,2007,2147183.0,12603.0,0.711328,1.411114,THA,VNM,842959
2689152,228,239,8937,2007,58641.0,0.0,0.7441760000000001,0.8681260000000001,UKR,VNM,842959
2689153,231,239,8937,2007,1296452.0,30705.0,1.612165,0.0922,USA,VNM,842959
2689154,246,239,8937,2007,0.0,33317.0,0.349792,1.246052,ZAF,VNM,842959
2689155,249,239,8937,2007,1237732.0,5578.0,1.651607,0.974649,TWN,VNM,842959
2689156,43,247,8937,2007,8789.0,0.0,0.801547,2.321052,CHN,ZMB,842959
2689157,46,247,8937,2007,0.0,251348.0,-1.507664,-1.111844,COD,ZMB,842959
2689158,74,247,8937,2007,628347.0,0.0,1.865502,0.7737729999999999,FIN,ZMB,842959
2689159,81,247,8937,2007,179225.0,0.0,1.718661,0.35525300000000004,GBR,ZMB,842959
2689160,97,247,8937,2007,33817.0,0.0,0.639034,2.1086009999999997,HKG,ZMB,842959
2689161,104,247,8937,2007,84900.0,0.0,0.279475,2.7514939999999997,IND,ZMB,842959
2689162,111,247,8937,2007,933110.0,0.0,1.3003559999999998,0.705448,ITA,ZMB,842959
2689163,114,247,8937,2007,6406.0,0.0,2.313259,0.186703,JPN,ZMB,842959
2689164,116,247,8937,2007,0.0,38730.0,-0.44365299999999996,0.858692,KEN,ZMB,842959
2689165,124,247,8937,2007,1029.0,0.0,0.47468,1.775191,LBN,ZMB,842959
2689166,192,247,8937,2007,81068.0,0.0,1.608299,0.545791,SGP,ZMB,842959
2689167,208,247,8937,2007,378908.0,25272.0,1.927244,0.498241,SWE,ZMB,842959
2689168,226,247,8937,2007,88133.0,0.0,-0.8493959999999999,0.47116099999999994,TZA,ZMB,842959
2689169,246,247,8937,2007,8903656.0,225843.0,0.349792,1.246052,ZAF,ZMB,842959
2689170,2,250,8937,2007,0.0,42556.0,-1.6925709999999998,-1.1987290000000002,AGO,ANS,842959
2689171,6,250,8937,2007,0.0,44605.0,0.305773,-0.504676,ANT,ANS,842959
2689172,7,250,8937,2007,1692987.0,0.0,-0.107504,-0.44744300000000004,ARE,ANS,842959
2689173,31,250,8937,2007,0.0,87481.0,-1.021595,-0.955375,BOL,ANS,842959
2689174,42,250,8937,2007,1183.0,30490.0,-0.306846,-0.57431,CHL,ANS,842959
2689175,44,250,8937,2007,0.0,729451.0,-0.9989110000000001,-0.867232,CIV,ANS,842959
2689176,66,250,8937,2007,0.0,5831.0,-0.9822690000000001,-1.170282,DZA,ANS,842959
2689177,72,250,8937,2007,0.0,2292151.0,0.746434,1.306397,EST,ANS,842959
2689178,104,250,8937,2007,0.0,158279.0,0.279475,2.7514939999999997,IND,ANS,842959
2689179,106,250,8937,2007,45213.0,0.0,1.353146,0.122832,IRL,ANS,842959
2689180,110,250,8937,2007,96000.0,0.0,1.092244,0.753984,ISR,ANS,842959
2689181,113,250,8937,2007,7053.0,0.0,0.228433,0.5984550000000001,JOR,ANS,842959
2689182,114,250,8937,2007,42180.0,0.0,2.313259,0.186703,JPN,ANS,842959
2689183,121,250,8937,2007,0.0,63329.0,1.497359,0.726637,KOR,ANS,842959
2689184,126,250,8937,2007,0.0,1299381.0,-0.8669959999999999,-1.167363,LBY,ANS,842959
2689185,138,250,8937,2007,0.0,36098.0,1.044746,0.605246,MEX,ANS,842959
2689186,147,250,8937,2007,70325.0,162872.0,-1.4703110000000001,-1.1915719999999999,MOZ,ANS,842959
2689187,148,250,8937,2007,0.0,563949.0,-2.027741,-1.311094,MRT,ANS,842959
2689188,157,250,8937,2007,2288063.0,0.0,-0.287155,-0.577325,NER,ANS,842959
2689189,166,250,8937,2007,0.0,134376.0,0.495938,0.845825,NZL,ANS,842959
2689190,168,250,8937,2007,0.0,523849.0,-0.5594359999999999,0.47369300000000003,PAK,ANS,842959
2689191,177,250,8937,2007,0.0,159193.0,1.0412139999999999,1.309641,POL,ANS,842959
2689192,186,250,8937,2007,10303.0,18795.0,0.5576399999999999,-0.05382000000000001,RUS,ANS,842959
2689193,192,250,8937,2007,1109421.0,0.0,1.608299,0.545791,SGP,ANS,842959
2689194,206,250,8937,2007,0.0,1359138.0,1.358301,0.79655,SVK,ANS,842959
2689195,207,250,8937,2007,0.0,570046.0,1.605767,0.692926,SVN,ANS,842959
2689196,223,250,8937,2007,3908.0,0.0,0.062824,0.74003,TUN,ANS,842959
2689197,224,250,8937,2007,602717.0,69109016.0,0.41396700000000003,2.0339869999999998,TUR,ANS,842959
2689198,246,250,8937,2007,0.0,555114.0,0.349792,1.246052,ZAF,ANS,842959
2689199,81,63,8937,2007,24606.0,0.0,1.718661,0.35525300000000004,GBR,DMA,842959
2689200,231,63,8937,2007,252576.0,2237.0,1.612165,0.0922,USA,DMA,842959
2689201,13,120,8937,2007,205826.0,0.0,0.5574899999999999,-0.125609,ATG,KNA,842959
2689202,127,120,8937,2007,0.0,94437.0,0.7445430000000001,-0.187834,LCA,KNA,842959
2689203,216,120,8937,2007,66661.0,0.0,0.711328,1.411114,THA,KNA,842959
2689204,222,120,8937,2007,10872.0,0.0,-0.371347,-1.0536709999999998,TTO,KNA,842959
2689205,231,120,8937,2007,784799.0,1566747.0,1.612165,0.0922,USA,KNA,842959
2689206,43,127,8937,2007,53466.0,0.0,0.801547,2.321052,CHN,LCA,842959
2689207,77,127,8937,2007,47906.0,0.0,1.4565350000000001,0.262845,FRA,LCA,842959
2689208,81,127,8937,2007,383184.0,0.0,1.718661,0.35525300000000004,GBR,LCA,842959
2689209,114,127,8937,2007,7829.0,0.0,2.313259,0.186703,JPN,LCA,842959
2689210,120,127,8937,2007,94437.0,0.0,1.21646,-0.190821,KNA,LCA,842959
2689211,205,127,8937,2007,0.0,207050.0,-0.8506440000000001,-0.8898959999999999,SUR,LCA,842959
2689212,231,127,8937,2007,468110.0,32857.0,1.612165,0.0922,USA,LCA,842959
2689213,234,127,8937,2007,0.0,43841.0,-0.112166,-0.692679,VCT,LCA,842959
2689214,231,149,8937,2007,167692.0,0.0,1.612165,0.0922,USA,MSR,842959
2689215,231,237,8937,2007,2062600.0,0.0,1.612165,0.0922,USA,VGB,842959
2689216,7,17,8937,2007,3498.0,0.0,-0.107504,-0.44744300000000004,ARE,BDI,842959
2689217,43,17,8937,2007,22680.0,0.0,0.801547,2.321052,CHN,BDI,842959
2689218,46,17,8937,2007,0.0,115431.0,-1.507664,-1.111844,COD,BDI,842959
2689219,187,17,8937,2007,36267.0,13618.0,-0.383017,-0.49216899999999997,RWA,BDI,842959
2689220,188,17,8937,2007,367008.0,0.0,0.367463,-0.8603709999999999,SAU,BDI,842959
2689221,231,17,8937,2007,88935.0,0.0,1.612165,0.0922,USA,BDI,842959
2689222,7,107,8937,2007,38258032.0,0.0,-0.107504,-0.44744300000000004,ARE,IRN,842959
2689223,15,107,8937,2007,70492.0,0.0,1.730088,-0.045543,AUT,IRN,842959
2689224,39,107,8937,2007,35751.0,0.0,0.77681,1.20517,CAN,IRN,842959
2689225,43,107,8937,2007,1449346.0,0.0,0.801547,2.321052,CHN,IRN,842959
2689226,61,107,8937,2007,19107.0,0.0,2.114566,-2.934732,DEU,IRN,842959
2689227,71,107,8937,2007,289362.0,0.0,0.914681,2.027797,ESP,IRN,842959
2689228,77,107,8937,2007,94682.0,0.0,1.4565350000000001,0.262845,FRA,IRN,842959
2689229,81,107,8937,2007,898664.0,0.0,1.718661,0.35525300000000004,GBR,IRN,842959
2689230,111,107,8937,2007,7994276.0,0.0,1.3003559999999998,0.705448,ITA,IRN,842959
2689231,153,107,8937,2007,8318.0,0.0,0.740788,0.302155,MYS,IRN,842959
2689232,177,107,8937,2007,2275807.0,0.0,1.0412139999999999,1.309641,POL,IRN,842959
2689233,224,107,8937,2007,598329.0,0.0,0.41396700000000003,2.0339869999999998,TUR,IRN,842959
2689234,43,118,8937,2007,115462.0,0.0,0.801547,2.321052,CHN,KHM,842959
2689235,81,118,8937,2007,18748.0,0.0,1.718661,0.35525300000000004,GBR,KHM,842959
2689236,114,118,8937,2007,60499.0,458536.0,2.313259,0.186703,JPN,KHM,842959
2689237,121,118,8937,2007,261973.0,0.0,1.497359,0.726637,KOR,KHM,842959
2689238,153,118,8937,2007,8924.0,0.0,0.740788,0.302155,MYS,KHM,842959
2689239,192,118,8937,2007,340725.0,6201.0,1.608299,0.545791,SGP,KHM,842959
2689240,216,118,8937,2007,381084.0,0.0,0.711328,1.411114,THA,KHM,842959
2689241,231,118,8937,2007,88002.0,0.0,1.612165,0.0922,USA,KHM,842959
2689242,239,118,8937,2007,818880.0,3594.0,-0.335613,1.048849,VNM,KHM,842959
2689243,249,118,8937,2007,1385090.0,0.0,1.651607,0.974649,TWN,KHM,842959
2689244,185,198,8937,2007,0.0,31636.0,0.69445,1.223747,ROU,SMR,842959
2689245,14,141,8937,2007,265795.0,0.0,0.137686,0.451592,AUS,MLI,842959
2689246,18,141,8937,2007,1159072.0,0.0,1.2880479999999999,1.145724,BEL,MLI,842959
2689247,21,141,8937,2007,250198.0,0.0,-0.960893,-0.94458,BFA,MLI,842959
2689248,32,141,8937,2007,62744.0,0.0,0.582859,1.137225,BRA,MLI,842959
2689249,43,141,8937,2007,291927.0,0.0,0.801547,2.321052,CHN,MLI,842959
2689250,44,141,8937,2007,0.0,4071.0,-0.9989110000000001,-0.867232,CIV,MLI,842959
2689251,61,141,8937,2007,1609.0,0.0,2.114566,-2.934732,DEU,MLI,842959
2689252,71,141,8937,2007,370970.0,0.0,0.914681,2.027797,ESP,MLI,842959
2689253,77,141,8937,2007,313269.0,36972.0,1.4565350000000001,0.262845,FRA,MLI,842959
2689254,81,141,8937,2007,20953.0,0.0,1.718661,0.35525300000000004,GBR,MLI,842959
2689255,83,141,8937,2007,35425.0,185812.0,-0.906867,-0.565891,GHA,MLI,842959
2689256,85,141,8937,2007,93091.0,0.0,-1.694335,-1.230744,GIN,MLI,842959
2689257,111,141,8937,2007,19242.0,0.0,1.3003559999999998,0.705448,ITA,MLI,842959
2689258,114,141,8937,2007,53210.0,0.0,2.313259,0.186703,JPN,MLI,842959
2689259,162,141,8937,2007,69887.0,0.0,1.089169,1.589641,NLD,MLI,842959
2689260,191,141,8937,2007,2427211.0,0.0,-0.20343599999999998,0.27211199999999997,SEN,MLI,842959
2689261,231,141,8937,2007,652452.0,0.0,1.612165,0.0922,USA,MLI,842959
2689262,6,0,8937,2007,0.0,5220.0,0.305773,-0.504676,ANT,ABW,842959
2689263,49,0,8937,2007,0.0,375662.0,0.118341,0.557699,COL,ABW,842959
2689264,183,0,8937,2007,0.0,332201.0,0.20181500000000002,-0.9898110000000001,QAT,ABW,842959
2689265,231,0,8937,2007,20000.0,0.0,1.612165,0.0922,USA,ABW,842959
2689266,6,3,8937,2007,16034.0,0.0,0.305773,-0.504676,ANT,AIA,842959
2689267,16,3,8937,2007,0.0,16257.0,-0.897342,-1.174224,AZE,AIA,842959
2689268,121,3,8937,2007,6200.0,0.0,1.497359,0.726637,KOR,AIA,842959
2689269,231,3,8937,2007,1204315.0,0.0,1.612165,0.0922,USA,AIA,842959
2689270,231,30,8937,2007,807010.0,0.0,1.612165,0.0922,USA,BMU,842959
2689271,112,101,8937,2007,0.0,10024.0,-0.466305,-0.971972,JAM,HTI,842959
2689272,231,101,8937,2007,312131.0,0.0,1.612165,0.0922,USA,HTI,842959
2689273,234,101,8937,2007,45049.0,0.0,-0.112166,-0.692679,VCT,HTI,842959
2689274,18,136,8937,2007,1552596.0,0.0,1.2880479999999999,1.145724,BEL,MDG,842959
2689275,39,136,8937,2007,13703.0,0.0,0.77681,1.20517,CAN,MDG,842959
2689276,41,136,8937,2007,1217.0,0.0,2.0198080000000003,0.42277200000000004,CHE,MDG,842959
2689277,43,136,8937,2007,35620.0,0.0,0.801547,2.321052,CHN,MDG,842959
2689278,61,136,8937,2007,14377.0,0.0,2.114566,-2.934732,DEU,MDG,842959
2689279,77,136,8937,2007,20354.0,0.0,1.4565350000000001,0.262845,FRA,MDG,842959
2689280,81,136,8937,2007,38542.0,0.0,1.718661,0.35525300000000004,GBR,MDG,842959
2689281,111,136,8937,2007,199316.0,8449.0,1.3003559999999998,0.705448,ITA,MDG,842959
2689282,114,136,8937,2007,213966.0,0.0,2.313259,0.186703,JPN,MDG,842959
2689283,121,136,8937,2007,531116.0,0.0,1.497359,0.726637,KOR,MDG,842959
2689284,151,136,8937,2007,36378.0,0.0,-0.342957,-0.129114,MUS,MDG,842959
2689285,153,136,8937,2007,64506.0,0.0,0.740788,0.302155,MYS,MDG,842959
2689286,192,136,8937,2007,24145.0,0.0,1.608299,0.545791,SGP,MDG,842959
2689287,231,136,8937,2007,15029.0,0.0,1.612165,0.0922,USA,MDG,842959
2689288,246,136,8937,2007,49953.0,0.0,0.349792,1.246052,ZAF,MDG,842959
2689289,32,160,8937,2007,162164.0,0.0,0.582859,1.137225,BRA,NIC,842959
2689290,43,160,8937,2007,54274.0,0.0,0.801547,2.321052,CHN,NIC,842959
2689291,52,160,8937,2007,66787.0,0.0,0.001895,-0.30248600000000003,CRI,NIC,842959
2689292,77,160,8937,2007,156555.0,0.0,1.4565350000000001,0.262845,FRA,NIC,842959
2689293,81,160,8937,2007,17498.0,0.0,1.718661,0.35525300000000004,GBR,NIC,842959
2689294,93,160,8937,2007,0.0,67910.0,-0.261899,0.643437,GTM,NIC,842959
2689295,99,160,8937,2007,210793.0,18312.0,-0.6366,-0.327447,HND,NIC,842959
2689296,111,160,8937,2007,63352.0,0.0,1.3003559999999998,0.705448,ITA,NIC,842959
2689297,114,160,8937,2007,661728.0,0.0,2.313259,0.186703,JPN,NIC,842959
2689298,138,160,8937,2007,2533.0,11866.0,1.044746,0.605246,MEX,NIC,842959
2689299,169,160,8937,2007,50183.0,0.0,0.36233899999999997,0.807669,PAN,NIC,842959
2689300,197,160,8937,2007,3749.0,2433.0,-0.110573,0.184426,SLV,NIC,842959
2689301,231,160,8937,2007,513053.0,4996.0,1.612165,0.0922,USA,NIC,842959
2689302,236,160,8937,2007,0.0,20016.0,-0.231215,-0.9839200000000001,VEN,NIC,842959
2689303,77,182,8937,2007,630284.0,0.0,1.4565350000000001,0.262845,FRA,PYF,842959
2689304,81,182,8937,2007,1237687.0,0.0,1.718661,0.35525300000000004,GBR,PYF,842959
2689305,111,182,8937,2007,230785.0,0.0,1.3003559999999998,0.705448,ITA,PYF,842959
2689306,114,182,8937,2007,18121.0,0.0,2.313259,0.186703,JPN,PYF,842959
2689307,166,182,8937,2007,159238.0,0.0,0.495938,0.845825,NZL,PYF,842959
2689308,231,182,8937,2007,13514.0,0.0,1.612165,0.0922,USA,PYF,842959
2689309,18,19,8937,2007,59141.0,7378.0,1.2880479999999999,1.145724,BEL,BEN,842959
2689310,21,19,8937,2007,0.0,25166.0,-0.960893,-0.94458,BFA,BEN,842959
2689311,77,19,8937,2007,54403.0,0.0,1.4565350000000001,0.262845,FRA,BEN,842959
2689312,111,19,8937,2007,9722.0,0.0,1.3003559999999998,0.705448,ITA,BEN,842959
2689313,124,19,8937,2007,2620.0,0.0,0.47468,1.775191,LBN,BEN,842959
2689314,157,19,8937,2007,85818.0,0.0,-0.287155,-0.577325,NER,BEN,842959
2689315,191,19,8937,2007,33749.0,0.0,-0.20343599999999998,0.27211199999999997,SEN,BEN,842959
2689316,18,21,8937,2007,90942.0,0.0,1.2880479999999999,1.145724,BEL,BFA,842959
2689317,19,21,8937,2007,25166.0,0.0,-1.055882,-0.880178,BEN,BFA,842959
2689318,43,21,8937,2007,68859.0,0.0,0.801547,2.321052,CHN,BFA,842959
2689319,61,21,8937,2007,19733.0,0.0,2.114566,-2.934732,DEU,BFA,842959
2689320,77,21,8937,2007,112804.0,0.0,1.4565350000000001,0.262845,FRA,BFA,842959
2689321,81,21,8937,2007,29669.0,0.0,1.718661,0.35525300000000004,GBR,BFA,842959
2689322,83,21,8937,2007,185825.0,1732.0,-0.906867,-0.565891,GHA,BFA,842959
2689323,104,21,8937,2007,243282.0,0.0,0.279475,2.7514939999999997,IND,BFA,842959
2689324,111,21,8937,2007,23036.0,0.0,1.3003559999999998,0.705448,ITA,BFA,842959
2689325,114,21,8937,2007,3190.0,0.0,2.313259,0.186703,JPN,BFA,842959
2689326,141,21,8937,2007,0.0,250198.0,-0.672822,-0.687913,MLI,BFA,842959
2689327,157,21,8937,2007,0.0,1578.0,-0.287155,-0.577325,NER,BFA,842959
2689328,162,21,8937,2007,7520.0,0.0,1.089169,1.589641,NLD,BFA,842959
2689329,215,21,8937,2007,4000.0,0.0,-0.78689,-0.806879,TGO,BFA,842959
2689330,231,21,8937,2007,15088.0,0.0,1.612165,0.0922,USA,BFA,842959
2689331,246,21,8937,2007,112437.0,0.0,0.349792,1.246052,ZAF,BFA,842959
2689332,249,21,8937,2007,3875.0,0.0,1.651607,0.974649,TWN,BFA,842959
2689333,77,38,8937,2007,180004.0,0.0,1.4565350000000001,0.262845,FRA,CAF,842959
2689334,162,38,8937,2007,83287.0,0.0,1.089169,1.589641,NLD,CAF,842959
2689335,81,50,8937,2007,179132.0,0.0,1.718661,0.35525300000000004,GBR,COM,842959
2689336,7,62,8937,2007,1589917.0,0.0,-0.107504,-0.44744300000000004,ARE,DJI,842959
2689337,43,62,8937,2007,211666.0,0.0,0.801547,2.321052,CHN,DJI,842959
2689338,73,62,8937,2007,15265.0,0.0,-1.115917,-0.821652,ETH,DJI,842959
2689339,77,62,8937,2007,153686.0,0.0,1.4565350000000001,0.262845,FRA,DJI,842959
2689340,81,62,8937,2007,99134.0,0.0,1.718661,0.35525300000000004,GBR,DJI,842959
2689341,110,62,8937,2007,111000.0,0.0,1.092244,0.753984,ISR,DJI,842959
2689342,111,62,8937,2007,4114.0,0.0,1.3003559999999998,0.705448,ITA,DJI,842959
2689343,224,62,8937,2007,59296.0,0.0,0.41396700000000003,2.0339869999999998,TUR,DJI,842959
2689344,231,62,8937,2007,584143.0,0.0,1.612165,0.0922,USA,DJI,842959
2689345,246,62,8937,2007,152088.0,0.0,0.349792,1.246052,ZAF,DJI,842959
2689346,43,69,8937,2007,392256.0,0.0,0.801547,2.321052,CHN,ERI,842959
2689347,111,69,8937,2007,14036.0,0.0,1.3003559999999998,0.705448,ITA,ERI,842959
2689348,159,69,8937,2007,0.0,33798.0,-1.746879,-1.20823,NGA,ERI,842959
2689349,231,69,8937,2007,36500.0,0.0,1.612165,0.0922,USA,ERI,842959
2689350,14,75,8937,2007,19742.0,0.0,0.137686,0.451592,AUS,FJI,842959
2689351,39,75,8937,2007,5925.0,0.0,0.77681,1.20517,CAN,FJI,842959
2689352,114,75,8937,2007,230785.0,0.0,2.313259,0.186703,JPN,FJI,842959
2689353,121,75,8937,2007,9644.0,0.0,1.497359,0.726637,KOR,FJI,842959
2689354,166,75,8937,2007,112294.0,2310574.0,0.495938,0.845825,NZL,FJI,842959
2689355,192,75,8937,2007,40267.0,0.0,1.608299,0.545791,SGP,FJI,842959
2689356,216,75,8937,2007,6068.0,0.0,0.711328,1.411114,THA,FJI,842959
2689357,221,75,8937,2007,0.0,11654.0,-0.482545,-0.816512,TON,FJI,842959
2689358,239,75,8937,2007,42194.0,0.0,-0.335613,1.048849,VNM,FJI,842959
2689359,18,87,8937,2007,28650.0,0.0,1.2880479999999999,1.145724,BEL,GMB,842959
2689360,61,87,8937,2007,1859.0,0.0,2.114566,-2.934732,DEU,GMB,842959
2689361,111,87,8937,2007,31783.0,0.0,1.3003559999999998,0.705448,ITA,GMB,842959
2689362,162,87,8937,2007,861773.0,0.0,1.089169,1.589641,NLD,GMB,842959
2689363,191,87,8937,2007,7205.0,4472.0,-0.20343599999999998,0.27211199999999997,SEN,GMB,842959
2689364,43,133,8937,2007,2256.0,68272.0,0.801547,2.321052,CHN,MAC,842959
2689365,77,133,8937,2007,5713.0,0.0,1.4565350000000001,0.262845,FRA,MAC,842959
2689366,81,133,8937,2007,2530.0,0.0,1.718661,0.35525300000000004,GBR,MAC,842959
2689367,97,133,8937,2007,402243.0,1017349.0,0.639034,2.1086009999999997,HKG,MAC,842959
2689368,111,133,8937,2007,4810.0,0.0,1.3003559999999998,0.705448,ITA,MAC,842959
2689369,114,133,8937,2007,1566978.0,0.0,2.313259,0.186703,JPN,MAC,842959
2689370,231,133,8937,2007,54133.0,0.0,1.612165,0.0922,USA,MAC,842959
2689371,249,133,8937,2007,8081.0,0.0,1.651607,0.974649,TWN,MAC,842959
2689372,114,137,8937,2007,3841.0,0.0,2.313259,0.186703,JPN,MDV,842959
2689373,121,137,8937,2007,9124.0,0.0,1.497359,0.726637,KOR,MDV,842959
2689374,128,137,8937,2007,5320.0,0.0,-0.568577,0.364717,LKA,MDV,842959
2689375,153,137,8937,2007,116856.0,0.0,0.740788,0.302155,MYS,MDV,842959
2689376,174,137,8937,2007,10864.0,0.0,0.032117,-0.16600499999999999,PHL,MDV,842959
2689377,192,137,8937,2007,1253670.0,0.0,1.608299,0.545791,SGP,MDV,842959
2689378,216,137,8937,2007,11796.0,0.0,0.711328,1.411114,THA,MDV,842959
2689379,43,143,8937,2007,338159.0,0.0,0.801547,2.321052,CHN,MMR,842959
2689380,104,143,8937,2007,35312.0,0.0,0.279475,2.7514939999999997,IND,MMR,842959
2689381,114,143,8937,2007,41729.0,0.0,2.313259,0.186703,JPN,MMR,842959
2689382,192,143,8937,2007,1319419.0,0.0,1.608299,0.545791,SGP,MMR,842959
2689383,216,143,8937,2007,1951833.0,0.0,0.711328,1.411114,THA,MMR,842959
2689384,249,143,8937,2007,27579.0,0.0,1.651607,0.974649,TWN,MMR,842959
2689385,18,154,8937,2007,134409.0,0.0,1.2880479999999999,1.145724,BEL,MYT,842959
2689386,77,154,8937,2007,405515.0,9041.0,1.4565350000000001,0.262845,FRA,MYT,842959
2689387,81,154,8937,2007,101809.0,0.0,1.718661,0.35525300000000004,GBR,MYT,842959
2689388,111,154,8937,2007,2894.0,0.0,1.3003559999999998,0.705448,ITA,MYT,842959
2689389,14,156,8937,2007,3038184.0,0.0,0.137686,0.451592,AUS,NCL,842959
2689390,18,156,8937,2007,2268.0,0.0,1.2880479999999999,1.145724,BEL,NCL,842959
2689391,43,156,8937,2007,3952.0,0.0,0.801547,2.321052,CHN,NCL,842959
2689392,77,156,8937,2007,2163012.0,0.0,1.4565350000000001,0.262845,FRA,NCL,842959
2689393,81,156,8937,2007,1615939.0,0.0,1.718661,0.35525300000000004,GBR,NCL,842959
2689394,111,156,8937,2007,797241.0,0.0,1.3003559999999998,0.705448,ITA,NCL,842959
2689395,114,156,8937,2007,77878.0,0.0,2.313259,0.186703,JPN,NCL,842959
2689396,121,156,8937,2007,1084943.0,0.0,1.497359,0.726637,KOR,NCL,842959
2689397,166,156,8937,2007,84081.0,0.0,0.495938,0.845825,NZL,NCL,842959
2689398,231,156,8937,2007,394411.0,0.0,1.612165,0.0922,USA,NCL,842959
2689399,18,157,8937,2007,418063.0,0.0,1.2880479999999999,1.145724,BEL,NER,842959
2689400,19,157,8937,2007,0.0,85818.0,-1.055882,-0.880178,BEN,NER,842959
2689401,21,157,8937,2007,1578.0,0.0,-0.960893,-0.94458,BFA,NER,842959
2689402,61,157,8937,2007,2218695.0,0.0,2.114566,-2.934732,DEU,NER,842959
2689403,77,157,8937,2007,39118.0,2218832.0,1.4565350000000001,0.262845,FRA,NER,842959
2689404,111,157,8937,2007,35734.0,0.0,1.3003559999999998,0.705448,ITA,NER,842959
2689405,134,157,8937,2007,161159.0,0.0,-0.5846560000000001,0.10927100000000001,MAR,NER,842959
2689406,208,157,8937,2007,47867.0,0.0,1.927244,0.498241,SWE,NER,842959
2689407,231,157,8937,2007,868534.0,0.0,1.612165,0.0922,USA,NER,842959
2689408,250,157,8937,2007,0.0,2288063.0,0.671936,-0.284418,ANS,NER,842959
2689409,104,164,8937,2007,221570.0,0.0,0.279475,2.7514939999999997,IND,NPL,842959
2689410,216,164,8937,2007,5429509.0,0.0,0.711328,1.411114,THA,NPL,842959
2689411,14,176,8937,2007,976492.0,0.0,0.137686,0.451592,AUS,PNG,842959
2689412,43,176,8937,2007,365796.0,0.0,0.801547,2.321052,CHN,PNG,842959
2689413,81,176,8937,2007,748668.0,0.0,1.718661,0.35525300000000004,GBR,PNG,842959
2689414,103,176,8937,2007,10507.0,0.0,-0.192415,1.497962,IDN,PNG,842959
2689415,153,176,8937,2007,217771.0,0.0,0.740788,0.302155,MYS,PNG,842959
2689416,166,176,8937,2007,62688.0,0.0,0.495938,0.845825,NZL,PNG,842959
2689417,192,176,8937,2007,2871203.0,0.0,1.608299,0.545791,SGP,PNG,842959
2689418,216,176,8937,2007,2977041.0,0.0,0.711328,1.411114,THA,PNG,842959
2689419,231,176,8937,2007,318558.0,0.0,1.612165,0.0922,USA,PNG,842959
2689420,7,187,8937,2007,3671.0,0.0,-0.107504,-0.44744300000000004,ARE,RWA,842959
2689421,17,187,8937,2007,13618.0,36267.0,-0.33884899999999996,-0.661017,BDI,RWA,842959
2689422,43,187,8937,2007,214615.0,0.0,0.801547,2.321052,CHN,RWA,842959
2689423,162,187,8937,2007,66972.0,0.0,1.089169,1.589641,NLD,RWA,842959
2689424,227,187,8937,2007,3287.0,40787.0,-0.900559,-0.42071400000000003,UGA,RWA,842959
2689425,14,195,8937,2007,108847.0,0.0,0.137686,0.451592,AUS,SLB,842959
2689426,103,195,8937,2007,180212.0,0.0,-0.192415,1.497962,IDN,SLB,842959
2689427,153,195,8937,2007,262230.0,0.0,0.740788,0.302155,MYS,SLB,842959
2689428,192,195,8937,2007,824583.0,0.0,1.608299,0.545791,SGP,SLB,842959
2689429,18,196,8937,2007,112632.0,0.0,1.2880479999999999,1.145724,BEL,SLE,842959
2689430,81,196,8937,2007,86116.0,0.0,1.718661,0.35525300000000004,GBR,SLE,842959
2689431,162,196,8937,2007,1373.0,0.0,1.089169,1.589641,NLD,SLE,842959
2689432,231,196,8937,2007,655554.0,0.0,1.612165,0.0922,USA,SLE,842959
2689433,7,199,8937,2007,54170.0,0.0,-0.107504,-0.44744300000000004,ARE,SOM,842959
2689434,43,214,8937,2007,171077.0,0.0,0.801547,2.321052,CHN,TCD,842959
2689435,77,214,8937,2007,156431.0,0.0,1.4565350000000001,0.262845,FRA,TCD,842959
2689436,223,214,8937,2007,212342.0,0.0,0.062824,0.74003,TUN,TCD,842959
2689437,28,217,8937,2007,135893.0,0.0,1.0435889999999999,0.415603,BLR,TJK,842959
2689438,43,217,8937,2007,93884.0,0.0,0.801547,2.321052,CHN,TJK,842959
2689439,111,217,8937,2007,79821.0,0.0,1.3003559999999998,0.705448,ITA,TJK,842959
2689440,115,217,8937,2007,62007.0,0.0,-0.171218,-0.630279,KAZ,TJK,842959
2689441,117,217,8937,2007,3982.0,0.0,-0.190437,-0.23665999999999998,KGZ,TJK,842959
2689442,186,217,8937,2007,3163.0,0.0,0.5576399999999999,-0.05382000000000001,RUS,TJK,842959
2689443,75,221,8937,2007,11654.0,0.0,-0.506992,0.033250999999999996,FJI,TON,842959
2689444,231,221,8937,2007,12329.0,0.0,1.612165,0.0922,USA,TON,842959
2689445,7,232,8937,2007,51006.0,0.0,-0.107504,-0.44744300000000004,ARE,UZB,842959
2689446,28,232,8937,2007,720888.0,0.0,1.0435889999999999,0.415603,BLR,UZB,842959
2689447,43,232,8937,2007,404204.0,0.0,0.801547,2.321052,CHN,UZB,842959
2689448,61,232,8937,2007,14123.0,0.0,2.114566,-2.934732,DEU,UZB,842959
2689449,111,232,8937,2007,62800.0,0.0,1.3003559999999998,0.705448,ITA,UZB,842959
2689450,186,232,8937,2007,488401.0,0.0,0.5576399999999999,-0.05382000000000001,RUS,UZB,842959
2689451,14,240,8937,2007,116115.0,0.0,0.137686,0.451592,AUS,VUT,842959
2689452,43,240,8937,2007,21131.0,0.0,0.801547,2.321052,CHN,VUT,842959
2689453,81,240,8937,2007,90806.0,0.0,1.718661,0.35525300000000004,GBR,VUT,842959
2689454,114,240,8937,2007,33255.0,0.0,2.313259,0.186703,JPN,VUT,842959
2689455,153,240,8937,2007,119094.0,0.0,0.740788,0.302155,MYS,VUT,842959
2689456,166,240,8937,2007,899687.0,0.0,0.495938,0.845825,NZL,VUT,842959
2689457,18,78,8937,2007,59870.0,0.0,1.2880479999999999,1.145724,BEL,FRO,842959
2689458,43,78,8937,2007,233.0,0.0,0.801547,2.321052,CHN,FRO,842959
2689459,61,78,8937,2007,175864.0,0.0,2.114566,-2.934732,DEU,FRO,842959
2689460,64,78,8937,2007,315634.0,653653.0,1.204019,1.122666,DNK,FRO,842959
2689461,77,78,8937,2007,3811.0,0.0,1.4565350000000001,0.262845,FRA,FRO,842959
2689462,81,78,8937,2007,121693.0,0.0,1.718661,0.35525300000000004,GBR,FRO,842959
2689463,109,78,8937,2007,30630.0,0.0,0.172786,-0.380266,ISL,FRO,842959
2689464,111,78,8937,2007,37998.0,0.0,1.3003559999999998,0.705448,ITA,FRO,842959
2689465,162,78,8937,2007,131715.0,0.0,1.089169,1.589641,NLD,FRO,842959
2689466,163,78,8937,2007,0.0,7641.0,0.9829100000000001,0.100995,NOR,FRO,842959
2689467,166,48,8937,2007,28818.0,0.0,0.495938,0.845825,NZL,COK,842959
2689468,166,242,8937,2007,329612.0,0.0,0.495938,0.845825,NZL,WSM,842959
2689469,174,79,8937,2007,1992.0,0.0,0.032117,-0.16600499999999999,PHL,FSM,842959
2689470,179,88,8937,2007,147602.0,0.0,0.621302,1.971656,PRT,GNB,842959
2689471,246,88,8937,2007,154564.0,0.0,0.349792,1.246052,ZAF,GNB,842959
2689472,14,95,8937,2007,30211.0,0.0,0.137686,0.451592,AUS,GUM,842959
2689473,111,95,8937,2007,278469.0,0.0,1.3003559999999998,0.705448,ITA,GUM,842959
2689474,121,95,8937,2007,15114.0,0.0,1.497359,0.726637,KOR,GUM,842959
2689475,174,95,8937,2007,10313.0,0.0,0.032117,-0.16600499999999999,PHL,GUM,842959
2689476,114,119,8937,2007,46389.0,0.0,2.313259,0.186703,JPN,KIR,842959
2689477,121,175,8937,2007,16019.0,0.0,1.497359,0.726637,KOR,PLW,842959
2689478,123,175,8937,2007,38980.0,0.0,-1.045213,-1.01482,LAO,PLW,842959
2689479,14,220,8937,2007,80475.0,0.0,0.137686,0.451592,AUS,TLS,842959
2689480,18,220,8937,2007,150805.0,0.0,1.2880479999999999,1.145724,BEL,TLS,842959
2689481,43,220,8937,2007,3907.0,0.0,0.801547,2.321052,CHN,TLS,842959
2689482,166,241,8937,2007,43757.0,0.0,0.495938,0.845825,NZL,WLF,842959
2689483,64,92,8937,2007,292768.0,0.0,1.204019,1.122666,DNK,GRL,842959
2689484,39,213,8937,2007,26031.0,0.0,0.77681,1.20517,CAN,TCA,842959
2689485,231,213,8937,2007,675407.0,0.0,1.612165,0.0922,USA,TCA,842959
2689486,0,6,8947,2007,59398.0,0.0,-0.100145,-0.7896920000000001,ABW,ANT,843069
2689487,162,6,8947,2007,38099.0,0.0,1.089169,1.589641,NLD,ANT,843069
2689488,231,6,8947,2007,19093.0,0.0,1.612165,0.0922,USA,ANT,843069
2689489,14,7,8947,2007,0.0,39526.0,0.137686,0.451592,AUS,ARE,843069
2689490,15,7,8947,2007,52503.0,0.0,1.730088,-0.045543,AUT,ARE,843069
2689491,18,7,8947,2007,1973988.0,0.0,1.2880479999999999,1.145724,BEL,ARE,843069
2689492,21,7,8947,2007,0.0,602.0,-0.960893,-0.94458,BFA,ARE,843069
2689493,24,7,8947,2007,0.0,68360.0,0.500846,-0.845449,BHR,ARE,843069
2689494,32,7,8947,2007,105222.0,0.0,0.582859,1.137225,BRA,ARE,843069
2689495,39,7,8947,2007,3573.0,0.0,0.77681,1.20517,CAN,ARE,843069
2689496,43,7,8947,2007,3182612.0,0.0,0.801547,2.321052,CHN,ARE,843069
2689497,50,7,8947,2007,0.0,2802.0,-0.956375,-0.964842,COM,ARE,843069
2689498,58,7,8947,2007,147632.0,0.0,0.887351,0.426331,CYP,ARE,843069
2689499,61,7,8947,2007,455911.0,0.0,2.114566,-2.934732,DEU,ARE,843069
2689500,62,7,8947,2007,0.0,160991.0,-1.111848,-0.983348,DJI,ARE,843069
2689501,66,7,8947,2007,0.0,90886.0,-0.9822690000000001,-1.170282,DZA,ARE,843069
2689502,71,7,8947,2007,44733.0,0.0,0.914681,2.027797,ESP,ARE,843069
2689503,74,7,8947,2007,11291.0,0.0,1.865502,0.7737729999999999,FIN,ARE,843069
2689504,77,7,8947,2007,445845.0,0.0,1.4565350000000001,0.262845,FRA,ARE,843069
2689505,81,7,8947,2007,681196.0,193433.0,1.718661,0.35525300000000004,GBR,ARE,843069
2689506,82,7,8947,2007,9426.0,0.0,0.016077,-0.386962,GEO,ARE,843069
2689507,103,7,8947,2007,162624.0,0.0,-0.192415,1.497962,IDN,ARE,843069
2689508,104,7,8947,2007,839105.0,12697.0,0.279475,2.7514939999999997,IND,ARE,843069
2689509,107,7,8947,2007,0.0,1339104.0,-0.797659,-1.048892,IRN,ARE,843069
2689510,108,7,8947,2007,0.0,47652.0,-1.961053,-0.8849969999999999,IRQ,ARE,843069
2689511,111,7,8947,2007,2449882.0,0.0,1.3003559999999998,0.705448,ITA,ARE,843069
2689512,113,7,8947,2007,2251.0,1735.0,0.228433,0.5984550000000001,JOR,ARE,843069
2689513,114,7,8947,2007,631860.0,0.0,2.313259,0.186703,JPN,ARE,843069
2689514,116,7,8947,2007,0.0,214676.0,-0.44365299999999996,0.858692,KEN,ARE,843069
2689515,121,7,8947,2007,398034.0,0.0,1.497359,0.726637,KOR,ARE,843069
2689516,122,7,8947,2007,694205.0,30537.0,-0.8265030000000001,-1.166243,KWT,ARE,843069
2689517,124,7,8947,2007,29933.0,0.0,0.47468,1.775191,LBN,ARE,843069
2689518,147,7,8947,2007,0.0,966.0,-1.4703110000000001,-1.1915719999999999,MOZ,ARE,843069
2689519,153,7,8947,2007,1213.0,0.0,0.740788,0.302155,MYS,ARE,843069
2689520,159,7,8947,2007,0.0,107875.0,-1.746879,-1.20823,NGA,ARE,843069
2689521,162,7,8947,2007,636307.0,0.0,1.089169,1.589641,NLD,ARE,843069
2689522,167,7,8947,2007,0.0,807206.0,-0.5185310000000001,-1.071832,OMN,ARE,843069
2689523,168,7,8947,2007,571007.0,69132.0,-0.5594359999999999,0.47369300000000003,PAK,ARE,843069
2689524,179,7,8947,2007,24168.0,0.0,0.621302,1.971656,PRT,ARE,843069
2689525,183,7,8947,2007,188566.0,280845.0,0.20181500000000002,-0.9898110000000001,QAT,ARE,843069
2689526,187,7,8947,2007,0.0,2187.0,-0.383017,-0.49216899999999997,RWA,ARE,843069
2689527,188,7,8947,2007,294059.0,132184.0,0.367463,-0.8603709999999999,SAU,ARE,843069
2689528,190,7,8947,2007,0.0,16591.0,-1.978359,-1.316172,SDN,ARE,843069
2689529,192,7,8947,2007,178844.0,0.0,1.608299,0.545791,SGP,ARE,843069
2689530,208,7,8947,2007,9572.0,0.0,1.927244,0.498241,SWE,ARE,843069
2689531,211,7,8947,2007,0.0,3165.0,-0.644497,-0.8748520000000001,SYC,ARE,843069
2689532,224,7,8947,2007,60233.0,0.0,0.41396700000000003,2.0339869999999998,TUR,ARE,843069
2689533,226,7,8947,2007,0.0,21636.0,-0.8493959999999999,0.47116099999999994,TZA,ARE,843069
2689534,227,7,8947,2007,0.0,16261.0,-0.900559,-0.42071400000000003,UGA,ARE,843069
2689535,231,7,8947,2007,107815.0,0.0,1.612165,0.0922,USA,ARE,843069
2689536,243,7,8947,2007,0.0,52555.0,-1.2624600000000001,-1.2131290000000001,YEM,ARE,843069
2689537,249,7,8947,2007,2229.0,0.0,1.651607,0.974649,TWN,ARE,843069
2689538,250,7,8947,2007,0.0,11062.0,0.671936,-0.284418,ANS,ARE,843069
2689539,15,8,8947,2007,28266.0,0.0,1.730088,-0.045543,AUT,ARG,843069
2689540,18,8,8947,2007,133706.0,0.0,1.2880479999999999,1.145724,BEL,ARG,843069
2689541,31,8,8947,2007,0.0,4124.0,-1.021595,-0.955375,BOL,ARG,843069
2689542,32,8,8947,2007,517856.0,0.0,0.582859,1.137225,BRA,ARG,843069
2689543,39,8,8947,2007,51435.0,0.0,0.77681,1.20517,CAN,ARG,843069
2689544,41,8,8947,2007,35086.0,0.0,2.0198080000000003,0.42277200000000004,CHE,ARG,843069
2689545,42,8,8947,2007,31722.0,51126.0,-0.306846,-0.57431,CHL,ARG,843069
2689546,43,8,8947,2007,575481.0,0.0,0.801547,2.321052,CHN,ARG,843069
2689547,49,8,8947,2007,0.0,5543280.0,0.118341,0.557699,COL,ARG,843069
2689548,61,8,8947,2007,114778.0,0.0,2.114566,-2.934732,DEU,ARG,843069
2689549,71,8,8947,2007,50235.0,0.0,0.914681,2.027797,ESP,ARG,843069
2689550,74,8,8947,2007,65473.0,0.0,1.865502,0.7737729999999999,FIN,ARG,843069
2689551,77,8,8947,2007,91005.0,34525.0,1.4565350000000001,0.262845,FRA,ARG,843069
2689552,81,8,8947,2007,415569.0,0.0,1.718661,0.35525300000000004,GBR,ARG,843069
2689553,111,8,8947,2007,30632.0,1070.0,1.3003559999999998,0.705448,ITA,ARG,843069
2689554,114,8,8947,2007,1831128.0,0.0,2.313259,0.186703,JPN,ARG,843069
2689555,121,8,8947,2007,315255.0,0.0,1.497359,0.726637,KOR,ARG,843069
2689556,138,8,8947,2007,0.0,13169.0,1.044746,0.605246,MEX,ARG,843069
2689557,162,8,8947,2007,3508.0,0.0,1.089169,1.589641,NLD,ARG,843069
2689558,166,8,8947,2007,6876.0,0.0,0.495938,0.845825,NZL,ARG,843069
2689559,173,8,8947,2007,2235.0,117973.0,-0.49716099999999996,0.02556,PER,ARG,843069
2689560,180,8,8947,2007,0.0,259263.0,-0.500617,-0.814385,PRY,ARG,843069
2689561,208,8,8947,2007,100613.0,0.0,1.927244,0.498241,SWE,ARG,843069
2689562,230,8,8947,2007,28965.0,198890.0,0.184883,0.207788,URY,ARG,843069
2689563,231,8,8947,2007,117887.0,0.0,1.612165,0.0922,USA,ARG,843069
2689564,236,8,8947,2007,0.0,70029.0,-0.231215,-0.9839200000000001,VEN,ARG,843069
2689565,250,8,8947,2007,59513.0,0.0,0.671936,-0.284418,ANS,ARG,843069
2689566,7,15,8947,2007,0.0,52503.0,-0.107504,-0.44744300000000004,ARE,AUT,843069
2689567,8,15,8947,2007,0.0,28266.0,0.178214,0.5093850000000001,ARG,AUT,843069
2689568,18,15,8947,2007,1742386.0,300711.0,1.2880479999999999,1.145724,BEL,AUT,843069
2689569,23,15,8947,2007,0.0,5149.0,0.43321899999999997,1.5696700000000001,BGR,AUT,843069
2689570,26,15,8947,2007,0.0,34795.0,0.46303199999999994,0.596178,BIH,AUT,843069
2689571,32,15,8947,2007,0.0,233669.0,0.582859,1.137225,BRA,AUT,843069
2689572,39,15,8947,2007,0.0,123009.0,0.77681,1.20517,CAN,AUT,843069
2689573,41,15,8947,2007,116147.0,557060.0,2.0198080000000003,0.42277200000000004,CHE,AUT,843069
2689574,43,15,8947,2007,16762.0,0.0,0.801547,2.321052,CHN,AUT,843069
2689575,49,15,8947,2007,0.0,14757.0,0.118341,0.557699,COL,AUT,843069
2689576,59,15,8947,2007,8121.0,2291.0,1.620377,0.379404,CZE,AUT,843069
2689577,61,15,8947,2007,1642054.0,498091.0,2.114566,-2.934732,DEU,AUT,843069
2689578,64,15,8947,2007,16045.0,83652.0,1.204019,1.122666,DNK,AUT,843069
2689579,66,15,8947,2007,0.0,22017.0,-0.9822690000000001,-1.170282,DZA,AUT,843069
2689580,71,15,8947,2007,0.0,707528.0,0.914681,2.027797,ESP,AUT,843069
2689581,72,15,8947,2007,0.0,428894.0,0.746434,1.306397,EST,AUT,843069
2689582,74,15,8947,2007,53746.0,0.0,1.865502,0.7737729999999999,FIN,AUT,843069
2689583,77,15,8947,2007,352009.0,17004.0,1.4565350000000001,0.262845,FRA,AUT,843069
2689584,81,15,8947,2007,12201.0,0.0,1.718661,0.35525300000000004,GBR,AUT,843069
2689585,90,15,8947,2007,0.0,114411.0,0.348709,1.674567,GRC,AUT,843069
2689586,100,15,8947,2007,0.0,294185.0,0.7799699999999999,1.1047850000000001,HRV,AUT,843069
2689587,102,15,8947,2007,85873.0,74696.0,1.4887709999999998,0.78372,HUN,AUT,843069
2689588,104,15,8947,2007,0.0,72154.0,0.279475,2.7514939999999997,IND,AUT,843069
2689589,110,15,8947,2007,0.0,2874.0,1.092244,0.753984,ISR,AUT,843069
2689590,111,15,8947,2007,239227.0,17753.0,1.3003559999999998,0.705448,ITA,AUT,843069
2689591,116,15,8947,2007,0.0,4906.0,-0.44365299999999996,0.858692,KEN,AUT,843069
2689592,121,15,8947,2007,21400.0,0.0,1.497359,0.726637,KOR,AUT,843069
2689593,132,15,8947,2007,0.0,1907871.0,0.61459,0.985358,LVA,AUT,843069
2689594,141,15,8947,2007,0.0,20442.0,-0.672822,-0.687913,MLI,AUT,843069
2689595,144,15,8947,2007,0.0,3177.0,0.250006,-0.154908,MNE,AUT,843069
2689596,162,15,8947,2007,2755666.0,58065.0,1.089169,1.589641,NLD,AUT,843069
2689597,163,15,8947,2007,0.0,155669.0,0.9829100000000001,0.100995,NOR,AUT,843069
2689598,177,15,8947,2007,0.0,3372.0,1.0412139999999999,1.309641,POL,AUT,843069
2689599,185,15,8947,2007,0.0,132316.0,0.69445,1.223747,ROU,AUT,843069
2689600,186,15,8947,2007,238905.0,72900.0,0.5576399999999999,-0.05382000000000001,RUS,AUT,843069
2689601,201,15,8947,2007,0.0,10796.0,0.579288,1.464123,SRB,AUT,843069
2689602,207,15,8947,2007,20084.0,940354.0,1.605767,0.692926,SVN,AUT,843069
2689603,208,15,8947,2007,1334024.0,201765.0,1.927244,0.498241,SWE,AUT,843069
2689604,216,15,8947,2007,0.0,10817.0,0.711328,1.411114,THA,AUT,843069
2689605,224,15,8947,2007,577319.0,0.0,0.41396700000000003,2.0339869999999998,TUR,AUT,843069
2689606,228,15,8947,2007,5260.0,74350.0,0.7441760000000001,0.8681260000000001,UKR,AUT,843069
2689607,231,15,8947,2007,3410.0,0.0,1.612165,0.0922,USA,AUT,843069
2689608,246,15,8947,2007,0.0,4868.0,0.349792,1.246052,ZAF,AUT,843069
2689609,2,18,8947,2007,0.0,166652.0,-1.6925709999999998,-1.1987290000000002,AGO,BEL,843069
2689610,7,18,8947,2007,0.0,1973988.0,-0.107504,-0.44744300000000004,ARE,BEL,843069
2689611,8,18,8947,2007,0.0,133706.0,0.178214,0.5093850000000001,ARG,BEL,843069
2689612,9,18,8947,2007,0.0,102434.0,0.7169,-0.019251,ARM,BEL,843069
2689613,14,18,8947,2007,0.0,2505421.0,0.137686,0.451592,AUS,BEL,843069
2689614,15,18,8947,2007,300711.0,1742386.0,1.730088,-0.045543,AUT,BEL,843069
2689615,17,18,8947,2007,0.0,22473.0,-0.33884899999999996,-0.661017,BDI,BEL,843069
2689616,19,18,8947,2007,6323.0,0.0,-1.055882,-0.880178,BEN,BEL,843069
2689617,23,18,8947,2007,0.0,1823606.0,0.43321899999999997,1.5696700000000001,BGR,BEL,843069
2689618,24,18,8947,2007,0.0,146567.0,0.500846,-0.845449,BHR,BEL,843069
2689619,26,18,8947,2007,0.0,35390.0,0.46303199999999994,0.596178,BIH,BEL,843069
2689620,28,18,8947,2007,0.0,88913.0,1.0435889999999999,0.415603,BLR,BEL,843069
2689621,31,18,8947,2007,0.0,24149.0,-1.021595,-0.955375,BOL,BEL,843069
2689622,32,18,8947,2007,0.0,1794280.0,0.582859,1.137225,BRA,BEL,843069
2689623,39,18,8947,2007,0.0,1310320.0,0.77681,1.20517,CAN,BEL,843069
2689624,41,18,8947,2007,165682.0,2103859.0,2.0198080000000003,0.42277200000000004,CHE,BEL,843069
2689625,42,18,8947,2007,0.0,728527.0,-0.306846,-0.57431,CHL,BEL,843069
2689626,43,18,8947,2007,140097.0,1081133.0,0.801547,2.321052,CHN,BEL,843069
2689627,45,18,8947,2007,0.0,1956.0,-0.821623,-0.965601,CMR,BEL,843069
2689628,46,18,8947,2007,0.0,163759.0,-1.507664,-1.111844,COD,BEL,843069
2689629,47,18,8947,2007,0.0,77361.0,-1.88462,-1.22688,COG,BEL,843069
2689630,49,18,8947,2007,8730.0,94731.0,0.118341,0.557699,COL,BEL,843069
2689631,50,18,8947,2007,0.0,3533.0,-0.956375,-0.964842,COM,BEL,843069
2689632,52,18,8947,2007,0.0,176074.0,0.001895,-0.30248600000000003,CRI,BEL,843069
2689633,54,18,8947,2007,0.0,30238.0,-0.308053,-0.8740610000000001,CUB,BEL,843069
2689634,59,18,8947,2007,41441.0,4165325.0,1.620377,0.379404,CZE,BEL,843069
2689635,61,18,8947,2007,124982544.0,9114776.0,2.114566,-2.934732,DEU,BEL,843069
2689636,64,18,8947,2007,61953.0,274672.0,1.204019,1.122666,DNK,BEL,843069
2689637,66,18,8947,2007,0.0,2270344.0,-0.9822690000000001,-1.170282,DZA,BEL,843069
2689638,68,18,8947,2007,0.0,272170.0,-0.144054,0.663592,EGY,BEL,843069
2689639,71,18,8947,2007,65437.0,15265625.0,0.914681,2.027797,ESP,BEL,843069
2689640,72,18,8947,2007,0.0,347607.0,0.746434,1.306397,EST,BEL,843069
2689641,74,18,8947,2007,16248717.0,948147.0,1.865502,0.7737729999999999,FIN,BEL,843069
2689642,77,18,8947,2007,6239172.0,5318790.0,1.4565350000000001,0.262845,FRA,BEL,843069
2689643,80,18,8947,2007,0.0,56992.0,-1.328633,-1.165045,GAB,BEL,843069
2689644,81,18,8947,2007,36857.0,16333228.0,1.718661,0.35525300000000004,GBR,BEL,843069
2689645,82,18,8947,2007,0.0,257984.0,0.016077,-0.386962,GEO,BEL,843069
2689646,83,18,8947,2007,0.0,121299.0,-0.906867,-0.565891,GHA,BEL,843069
2689647,85,18,8947,2007,0.0,976.0,-1.694335,-1.230744,GIN,BEL,843069
2689648,89,18,8947,2007,0.0,91780.0,-1.406911,-0.8466950000000001,GNQ,BEL,843069
2689649,90,18,8947,2007,3289.0,4575836.0,0.348709,1.674567,GRC,BEL,843069
2689650,100,18,8947,2007,0.0,662304.0,0.7799699999999999,1.1047850000000001,HRV,BEL,843069
2689651,102,18,8947,2007,0.0,58068.0,1.4887709999999998,0.78372,HUN,BEL,843069
2689652,103,18,8947,2007,24275.0,185397.0,-0.192415,1.497962,IDN,BEL,843069
2689653,104,18,8947,2007,0.0,5455068.0,0.279475,2.7514939999999997,IND,BEL,843069
2689654,106,18,8947,2007,16121.0,2196863.0,1.353146,0.122832,IRL,BEL,843069
2689655,107,18,8947,2007,0.0,226603.0,-0.797659,-1.048892,IRN,BEL,843069
2689656,111,18,8947,2007,5237543.0,11444792.0,1.3003559999999998,0.705448,ITA,BEL,843069
2689657,113,18,8947,2007,0.0,11229.0,0.228433,0.5984550000000001,JOR,BEL,843069
2689658,114,18,8947,2007,5566.0,178160.0,2.313259,0.186703,JPN,BEL,843069
2689659,115,18,8947,2007,0.0,121494.0,-0.171218,-0.630279,KAZ,BEL,843069
2689660,116,18,8947,2007,0.0,73017.0,-0.44365299999999996,0.858692,KEN,BEL,843069
2689661,117,18,8947,2007,0.0,26209.0,-0.190437,-0.23665999999999998,KGZ,BEL,843069
2689662,121,18,8947,2007,18803.0,0.0,1.497359,0.726637,KOR,BEL,843069
2689663,122,18,8947,2007,0.0,81941.0,-0.8265030000000001,-1.166243,KWT,BEL,843069
2689664,124,18,8947,2007,0.0,70254.0,0.47468,1.775191,LBN,BEL,843069
2689665,126,18,8947,2007,0.0,39798.0,-0.8669959999999999,-1.167363,LBY,BEL,843069
2689666,130,18,8947,2007,0.0,24462.0,0.604169,1.279982,LTU,BEL,843069
2689667,131,18,8947,2007,12674.0,571350.0,1.390259,0.996566,LUX,BEL,843069
2689668,132,18,8947,2007,0.0,51440.0,0.61459,0.985358,LVA,BEL,843069
2689669,134,18,8947,2007,0.0,807480.0,-0.5846560000000001,0.10927100000000001,MAR,BEL,843069
2689670,136,18,8947,2007,0.0,15708.0,-0.939838,-0.221205,MDG,BEL,843069
2689671,138,18,8947,2007,0.0,2015680.0,1.044746,0.605246,MEX,BEL,843069
2689672,140,18,8947,2007,0.0,1121.0,-0.125912,-0.009395,MKD,BEL,843069
2689673,141,18,8947,2007,0.0,36038.0,-0.672822,-0.687913,MLI,BEL,843069
2689674,145,18,8947,2007,0.0,80940.0,-1.0688790000000001,-1.1115709999999999,MNG,BEL,843069
2689675,148,18,8947,2007,0.0,87992.0,-2.027741,-1.311094,MRT,BEL,843069
2689676,151,18,8947,2007,0.0,476654.0,-0.342957,-0.129114,MUS,BEL,843069
2689677,153,18,8947,2007,0.0,11661.0,0.740788,0.302155,MYS,BEL,843069
2689678,157,18,8947,2007,0.0,3343.0,-0.287155,-0.577325,NER,BEL,843069
2689679,159,18,8947,2007,0.0,74611.0,-1.746879,-1.20823,NGA,BEL,843069
2689680,162,18,8947,2007,1599391.0,798020.0,1.089169,1.589641,NLD,BEL,843069
2689681,163,18,8947,2007,0.0,2410955.0,0.9829100000000001,0.100995,NOR,BEL,843069
2689682,166,18,8947,2007,0.0,48171.0,0.495938,0.845825,NZL,BEL,843069
2689683,167,18,8947,2007,0.0,2170492.0,-0.5185310000000001,-1.071832,OMN,BEL,843069
2689684,168,18,8947,2007,0.0,15327.0,-0.5594359999999999,0.47369300000000003,PAK,BEL,843069
2689685,173,18,8947,2007,0.0,408094.0,-0.49716099999999996,0.02556,PER,BEL,843069
2689686,174,18,8947,2007,0.0,78701.0,0.032117,-0.16600499999999999,PHL,BEL,843069
2689687,177,18,8947,2007,20876.0,2045135.0,1.0412139999999999,1.309641,POL,BEL,843069
2689688,179,18,8947,2007,61894.0,1662731.0,0.621302,1.971656,PRT,BEL,843069
2689689,183,18,8947,2007,0.0,2064112.0,0.20181500000000002,-0.9898110000000001,QAT,BEL,843069
2689690,185,18,8947,2007,0.0,234595.0,0.69445,1.223747,ROU,BEL,843069
2689691,186,18,8947,2007,0.0,4988896.0,0.5576399999999999,-0.05382000000000001,RUS,BEL,843069
2689692,187,18,8947,2007,0.0,53362.0,-0.383017,-0.49216899999999997,RWA,BEL,843069
2689693,188,18,8947,2007,29828.0,608308.0,0.367463,-0.8603709999999999,SAU,BEL,843069
2689694,191,18,8947,2007,0.0,7309.0,-0.20343599999999998,0.27211199999999997,SEN,BEL,843069
2689695,192,18,8947,2007,146285.0,107188.0,1.608299,0.545791,SGP,BEL,843069
2689696,201,18,8947,2007,39164.0,156377.0,0.579288,1.464123,SRB,BEL,843069
2689697,206,18,8947,2007,0.0,46748.0,1.358301,0.79655,SVK,BEL,843069
2689698,207,18,8947,2007,0.0,654107.0,1.605767,0.692926,SVN,BEL,843069
2689699,208,18,8947,2007,43956484.0,4280865.0,1.927244,0.498241,SWE,BEL,843069
2689700,212,18,8947,2007,0.0,22653.0,-0.46851899999999996,0.553396,SYR,BEL,843069
2689701,216,18,8947,2007,0.0,71726.0,0.711328,1.411114,THA,BEL,843069
2689702,222,18,8947,2007,0.0,147874.0,-0.371347,-1.0536709999999998,TTO,BEL,843069
2689703,223,18,8947,2007,0.0,26678.0,0.062824,0.74003,TUN,BEL,843069
2689704,224,18,8947,2007,2835.0,2954421.0,0.41396700000000003,2.0339869999999998,TUR,BEL,843069
2689705,226,18,8947,2007,0.0,32914.0,-0.8493959999999999,0.47116099999999994,TZA,BEL,843069
2689706,227,18,8947,2007,0.0,14713.0,-0.900559,-0.42071400000000003,UGA,BEL,843069
2689707,228,18,8947,2007,0.0,505205.0,0.7441760000000001,0.8681260000000001,UKR,BEL,843069
2689708,231,18,8947,2007,546387.0,4028566.0,1.612165,0.0922,USA,BEL,843069
2689709,232,18,8947,2007,0.0,22056.0,-0.540449,-0.799454,UZB,BEL,843069
2689710,236,18,8947,2007,0.0,254918.0,-0.231215,-0.9839200000000001,VEN,BEL,843069
2689711,243,18,8947,2007,0.0,148762.0,-1.2624600000000001,-1.2131290000000001,YEM,BEL,843069
2689712,246,18,8947,2007,109396.0,931102.0,0.349792,1.246052,ZAF,BEL,843069
2689713,249,18,8947,2007,0.0,43562.0,1.651607,0.974649,TWN,BEL,843069
2689714,111,25,8947,2007,102718.0,0.0,1.3003559999999998,0.705448,ITA,BHS,843069
2689715,231,25,8947,2007,227930.0,107114.0,1.612165,0.0922,USA,BHS,843069
2689716,0,32,8947,2007,0.0,11460.0,-0.100145,-0.7896920000000001,ABW,BRA,843069
2689717,2,32,8947,2007,0.0,124710.0,-1.6925709999999998,-1.1987290000000002,AGO,BRA,843069
2689718,7,32,8947,2007,0.0,105222.0,-0.107504,-0.44744300000000004,ARE,BRA,843069
2689719,8,32,8947,2007,0.0,517856.0,0.178214,0.5093850000000001,ARG,BRA,843069
2689720,14,32,8947,2007,133407.0,43569.0,0.137686,0.451592,AUS,BRA,843069
2689721,15,32,8947,2007,233669.0,0.0,1.730088,-0.045543,AUT,BRA,843069
2689722,18,32,8947,2007,1794280.0,0.0,1.2880479999999999,1.145724,BEL,BRA,843069
2689723,31,32,8947,2007,4443.0,940815.0,-1.021595,-0.955375,BOL,BRA,843069
2689724,39,32,8947,2007,163823.0,43527.0,0.77681,1.20517,CAN,BRA,843069
2689725,42,32,8947,2007,0.0,789296.0,-0.306846,-0.57431,CHL,BRA,843069
2689726,43,32,8947,2007,272900.0,1453.0,0.801547,2.321052,CHN,BRA,843069
2689727,44,32,8947,2007,0.0,6685.0,-0.9989110000000001,-0.867232,CIV,BRA,843069
2689728,49,32,8947,2007,0.0,193976.0,0.118341,0.557699,COL,BRA,843069
2689729,52,32,8947,2007,0.0,96142.0,0.001895,-0.30248600000000003,CRI,BRA,843069
2689730,54,32,8947,2007,0.0,5588.0,-0.308053,-0.8740610000000001,CUB,BRA,843069
2689731,61,32,8947,2007,346384.0,0.0,2.114566,-2.934732,DEU,BRA,843069
2689732,66,32,8947,2007,0.0,17894.0,-0.9822690000000001,-1.170282,DZA,BRA,843069
2689733,67,32,8947,2007,0.0,51304.0,-0.820491,-0.8557879999999999,ECU,BRA,843069
2689734,68,32,8947,2007,0.0,41913.0,-0.144054,0.663592,EGY,BRA,843069
2689735,71,32,8947,2007,0.0,3910.0,0.914681,2.027797,ESP,BRA,843069
2689736,74,32,8947,2007,1043449.0,67148.0,1.865502,0.7737729999999999,FIN,BRA,843069
2689737,77,32,8947,2007,1240614.0,25073.0,1.4565350000000001,0.262845,FRA,BRA,843069
2689738,81,32,8947,2007,387643.0,0.0,1.718661,0.35525300000000004,GBR,BRA,843069
2689739,93,32,8947,2007,0.0,174124.0,-0.261899,0.643437,GTM,BRA,843069
2689740,96,32,8947,2007,0.0,8399.0,-0.889957,-0.873185,GUY,BRA,843069
2689741,99,32,8947,2007,0.0,15225.0,-0.6366,-0.327447,HND,BRA,843069
2689742,103,32,8947,2007,5513.0,122649.0,-0.192415,1.497962,IDN,BRA,843069
2689743,111,32,8947,2007,20373.0,24959.0,1.3003559999999998,0.705448,ITA,BRA,843069
2689744,114,32,8947,2007,0.0,65485.0,2.313259,0.186703,JPN,BRA,843069
2689745,116,32,8947,2007,0.0,20912.0,-0.44365299999999996,0.858692,KEN,BRA,843069
2689746,126,32,8947,2007,0.0,81944.0,-0.8669959999999999,-1.167363,LBY,BRA,843069
2689747,138,32,8947,2007,0.0,68601.0,1.044746,0.605246,MEX,BRA,843069
2689748,147,32,8947,2007,0.0,23349.0,-1.4703110000000001,-1.1915719999999999,MOZ,BRA,843069
2689749,153,32,8947,2007,0.0,65890.0,0.740788,0.302155,MYS,BRA,843069
2689750,156,32,8947,2007,0.0,1819.0,-0.075892,-0.8211430000000001,NCL,BRA,843069
2689751,159,32,8947,2007,0.0,31739.0,-1.746879,-1.20823,NGA,BRA,843069
2689752,160,32,8947,2007,0.0,26716.0,-0.924162,-0.857508,NIC,BRA,843069
2689753,162,32,8947,2007,3317.0,10870.0,1.089169,1.589641,NLD,BRA,843069
2689754,163,32,8947,2007,0.0,34599.0,0.9829100000000001,0.100995,NOR,BRA,843069
2689755,169,32,8947,2007,0.0,39545.0,0.36233899999999997,0.807669,PAN,BRA,843069
2689756,173,32,8947,2007,0.0,141549.0,-0.49716099999999996,0.02556,PER,BRA,843069
2689757,177,32,8947,2007,0.0,6564.0,1.0412139999999999,1.309641,POL,BRA,843069
2689758,179,32,8947,2007,9816.0,0.0,0.621302,1.971656,PRT,BRA,843069
2689759,180,32,8947,2007,0.0,1178825.0,-0.500617,-0.814385,PRY,BRA,843069
2689760,183,32,8947,2007,0.0,13397.0,0.20181500000000002,-0.9898110000000001,QAT,BRA,843069
2689761,190,32,8947,2007,0.0,11450.0,-1.978359,-1.316172,SDN,BRA,843069
2689762,191,32,8947,2007,0.0,7200.0,-0.20343599999999998,0.27211199999999997,SEN,BRA,843069
2689763,192,32,8947,2007,0.0,23710.0,1.608299,0.545791,SGP,BRA,843069
2689764,197,32,8947,2007,0.0,5266.0,-0.110573,0.184426,SLV,BRA,843069
2689765,207,32,8947,2007,0.0,12534.0,1.605767,0.692926,SVN,BRA,843069
2689766,208,32,8947,2007,19642.0,0.0,1.927244,0.498241,SWE,BRA,843069
2689767,216,32,8947,2007,0.0,2495.0,0.711328,1.411114,THA,BRA,843069
2689768,222,32,8947,2007,0.0,21257.0,-0.371347,-1.0536709999999998,TTO,BRA,843069
2689769,223,32,8947,2007,0.0,44794.0,0.062824,0.74003,TUN,BRA,843069
2689770,224,32,8947,2007,0.0,5879.0,0.41396700000000003,2.0339869999999998,TUR,BRA,843069
2689771,230,32,8947,2007,0.0,818714.0,0.184883,0.207788,URY,BRA,843069
2689772,231,32,8947,2007,181835.0,10850448.0,1.612165,0.0922,USA,BRA,843069
2689773,236,32,8947,2007,0.0,840028.0,-0.231215,-0.9839200000000001,VEN,BRA,843069
2689774,246,32,8947,2007,0.0,68866.0,0.349792,1.246052,ZAF,BRA,843069
2689775,247,32,8947,2007,0.0,17951.0,-0.522838,-0.796874,ZMB,BRA,843069
2689776,39,33,8947,2007,7792.0,0.0,0.77681,1.20517,CAN,BRB,843069
2689777,43,33,8947,2007,162100.0,0.0,0.801547,2.321052,CHN,BRB,843069
2689778,77,33,8947,2007,31633.0,0.0,1.4565350000000001,0.262845,FRA,BRB,843069
2689779,106,33,8947,2007,1069.0,0.0,1.353146,0.122832,IRL,BRB,843069
2689780,222,33,8947,2007,0.0,103334.0,-0.371347,-1.0536709999999998,TTO,BRB,843069
2689781,231,33,8947,2007,125117.0,39634.0,1.612165,0.0922,USA,BRB,843069
2689782,7,39,8947,2007,0.0,3573.0,-0.107504,-0.44744300000000004,ARE,CAN,843069
2689783,8,39,8947,2007,0.0,51435.0,0.178214,0.5093850000000001,ARG,CAN,843069
2689784,14,39,8947,2007,11169.0,509099.0,0.137686,0.451592,AUS,CAN,843069
2689785,15,39,8947,2007,123009.0,0.0,1.730088,-0.045543,AUT,CAN,843069
2689786,18,39,8947,2007,1310320.0,0.0,1.2880479999999999,1.145724,BEL,CAN,843069
2689787,21,39,8947,2007,0.0,15508.0,-0.960893,-0.94458,BFA,CAN,843069
2689788,29,39,8947,2007,0.0,1886.0,-0.17825,-0.562535,BLZ,CAN,843069
2689789,30,39,8947,2007,0.0,41821.0,0.598129,-0.635616,BMU,CAN,843069
2689790,32,39,8947,2007,43527.0,163823.0,0.582859,1.137225,BRA,CAN,843069
2689791,33,39,8947,2007,0.0,7792.0,1.006332,0.680391,BRB,CAN,843069
2689792,41,39,8947,2007,31535.0,0.0,2.0198080000000003,0.42277200000000004,CHE,CAN,843069
2689793,42,39,8947,2007,64579.0,16486.0,-0.306846,-0.57431,CHL,CAN,843069
2689794,43,39,8947,2007,627354.0,0.0,0.801547,2.321052,CHN,CAN,843069
2689795,49,39,8947,2007,0.0,68992.0,0.118341,0.557699,COL,CAN,843069
2689796,54,39,8947,2007,0.0,11010.0,-0.308053,-0.8740610000000001,CUB,CAN,843069
2689797,57,39,8947,2007,0.0,106628.0,0.532926,-0.54101,CYM,CAN,843069
2689798,61,39,8947,2007,88792.0,0.0,2.114566,-2.934732,DEU,CAN,843069
2689799,64,39,8947,2007,9625.0,15185.0,1.204019,1.122666,DNK,CAN,843069
2689800,71,39,8947,2007,0.0,62290.0,0.914681,2.027797,ESP,CAN,843069
2689801,74,39,8947,2007,693969.0,3549.0,1.865502,0.7737729999999999,FIN,CAN,843069
2689802,77,39,8947,2007,3641292.0,60968.0,1.4565350000000001,0.262845,FRA,CAN,843069
2689803,81,39,8947,2007,50631.0,733683.0,1.718661,0.35525300000000004,GBR,CAN,843069
2689804,83,39,8947,2007,0.0,21008.0,-0.906867,-0.565891,GHA,CAN,843069
2689805,85,39,8947,2007,282174.0,21417.0,-1.694335,-1.230744,GIN,CAN,843069
2689806,91,39,8947,2007,0.0,881.0,0.043229000000000004,-0.664795,GRD,CAN,843069
2689807,97,39,8947,2007,0.0,18473.0,0.639034,2.1086009999999997,HKG,CAN,843069
2689808,104,39,8947,2007,0.0,29974.0,0.279475,2.7514939999999997,IND,CAN,843069
2689809,106,39,8947,2007,88726.0,58572.0,1.353146,0.122832,IRL,CAN,843069
2689810,109,39,8947,2007,0.0,49477.0,0.172786,-0.380266,ISL,CAN,843069
2689811,110,39,8947,2007,34368.0,85094.0,1.092244,0.753984,ISR,CAN,843069
2689812,111,39,8947,2007,144609.0,3989.0,1.3003559999999998,0.705448,ITA,CAN,843069
2689813,112,39,8947,2007,0.0,20033.0,-0.466305,-0.971972,JAM,CAN,843069
2689814,114,39,8947,2007,510626.0,14669.0,2.313259,0.186703,JPN,CAN,843069
2689815,115,39,8947,2007,0.0,5400.0,-0.171218,-0.630279,KAZ,CAN,843069
2689816,121,39,8947,2007,52473.0,0.0,1.497359,0.726637,KOR,CAN,843069
2689817,124,39,8947,2007,0.0,9663.0,0.47468,1.775191,LBN,CAN,843069
2689818,125,39,8947,2007,0.0,41843.0,-0.866643,-1.124112,LBR,CAN,843069
2689819,130,39,8947,2007,0.0,354736.0,0.604169,1.279982,LTU,CAN,843069
2689820,138,39,8947,2007,76450.0,654782.0,1.044746,0.605246,MEX,CAN,843069
2689821,141,39,8947,2007,0.0,92705.0,-0.672822,-0.687913,MLI,CAN,843069
2689822,145,39,8947,2007,0.0,3906.0,-1.0688790000000001,-1.1115709999999999,MNG,CAN,843069
2689823,160,39,8947,2007,0.0,10211.0,-0.924162,-0.857508,NIC,CAN,843069
2689824,162,39,8947,2007,178500.0,71062.0,1.089169,1.589641,NLD,CAN,843069
2689825,163,39,8947,2007,0.0,7448.0,0.9829100000000001,0.100995,NOR,CAN,843069
2689826,166,39,8947,2007,10836.0,33565.0,0.495938,0.845825,NZL,CAN,843069
2689827,167,39,8947,2007,0.0,22676.0,-0.5185310000000001,-1.071832,OMN,CAN,843069
2689828,168,39,8947,2007,0.0,125736.0,-0.5594359999999999,0.47369300000000003,PAK,CAN,843069
2689829,169,39,8947,2007,0.0,330697.0,0.36233899999999997,0.807669,PAN,CAN,843069
2689830,173,39,8947,2007,0.0,12628.0,-0.49716099999999996,0.02556,PER,CAN,843069
2689831,174,39,8947,2007,0.0,339454.0,0.032117,-0.16600499999999999,PHL,CAN,843069
2689832,177,39,8947,2007,0.0,2251.0,1.0412139999999999,1.309641,POL,CAN,843069
2689833,180,39,8947,2007,0.0,67385.0,-0.500617,-0.814385,PRY,CAN,843069
2689834,182,39,8947,2007,0.0,54592.0,-0.72809,-0.9329620000000001,PYF,CAN,843069
2689835,183,39,8947,2007,0.0,13888.0,0.20181500000000002,-0.9898110000000001,QAT,CAN,843069
2689836,186,39,8947,2007,0.0,122925.0,0.5576399999999999,-0.05382000000000001,RUS,CAN,843069
2689837,188,39,8947,2007,0.0,174935.0,0.367463,-0.8603709999999999,SAU,CAN,843069
2689838,192,39,8947,2007,0.0,39746.0,1.608299,0.545791,SGP,CAN,843069
2689839,197,39,8947,2007,0.0,2093.0,-0.110573,0.184426,SLV,CAN,843069
2689840,201,39,8947,2007,0.0,16060.0,0.579288,1.464123,SRB,CAN,843069
2689841,208,39,8947,2007,42607.0,5823.0,1.927244,0.498241,SWE,CAN,843069
2689842,223,39,8947,2007,18716.0,0.0,0.062824,0.74003,TUN,CAN,843069
2689843,224,39,8947,2007,94218.0,0.0,0.41396700000000003,2.0339869999999998,TUR,CAN,843069
2689844,229,39,8947,2007,0.0,14827.0,0.997828,-0.098724,UMI,CAN,843069
2689845,231,39,8947,2007,28505098.0,11250792.0,1.612165,0.0922,USA,CAN,843069
2689846,239,39,8947,2007,2723.0,0.0,-0.335613,1.048849,VNM,CAN,843069
2689847,246,39,8947,2007,28878.0,15475.0,0.349792,1.246052,ZAF,CAN,843069
2689848,249,39,8947,2007,3296.0,0.0,1.651607,0.974649,TWN,CAN,843069
2689849,8,41,8947,2007,0.0,35086.0,0.178214,0.5093850000000001,ARG,CHE,843069
2689850,15,41,8947,2007,557060.0,116147.0,1.730088,-0.045543,AUT,CHE,843069
2689851,18,41,8947,2007,2103859.0,165682.0,1.2880479999999999,1.145724,BEL,CHE,843069
2689852,23,41,8947,2007,0.0,2325.0,0.43321899999999997,1.5696700000000001,BGR,CHE,843069
2689853,26,41,8947,2007,0.0,2112.0,0.46303199999999994,0.596178,BIH,CHE,843069
2689854,28,41,8947,2007,0.0,5642.0,1.0435889999999999,0.415603,BLR,CHE,843069
2689855,39,41,8947,2007,0.0,31535.0,0.77681,1.20517,CAN,CHE,843069
2689856,42,41,8947,2007,0.0,14198.0,-0.306846,-0.57431,CHL,CHE,843069
2689857,59,41,8947,2007,240010.0,0.0,1.620377,0.379404,CZE,CHE,843069
2689858,61,41,8947,2007,2856728.0,346445.0,2.114566,-2.934732,DEU,CHE,843069
2689859,64,41,8947,2007,272159.0,0.0,1.204019,1.122666,DNK,CHE,843069
2689860,71,41,8947,2007,0.0,219579.0,0.914681,2.027797,ESP,CHE,843069
2689861,72,41,8947,2007,9945.0,0.0,0.746434,1.306397,EST,CHE,843069
2689862,74,41,8947,2007,16268.0,0.0,1.865502,0.7737729999999999,FIN,CHE,843069
2689863,77,41,8947,2007,624948.0,66274.0,1.4565350000000001,0.262845,FRA,CHE,843069
2689864,81,41,8947,2007,341237.0,311641.0,1.718661,0.35525300000000004,GBR,CHE,843069
2689865,100,41,8947,2007,0.0,4424.0,0.7799699999999999,1.1047850000000001,HRV,CHE,843069
2689866,110,41,8947,2007,0.0,3300.0,1.092244,0.753984,ISR,CHE,843069
2689867,111,41,8947,2007,1590151.0,27609.0,1.3003559999999998,0.705448,ITA,CHE,843069
2689868,114,41,8947,2007,138640.0,0.0,2.313259,0.186703,JPN,CHE,843069
2689869,124,41,8947,2007,0.0,7968.0,0.47468,1.775191,LBN,CHE,843069
2689870,140,41,8947,2007,0.0,1857.0,-0.125912,-0.009395,MKD,CHE,843069
2689871,162,41,8947,2007,478450.0,0.0,1.089169,1.589641,NLD,CHE,843069
2689872,163,41,8947,2007,0.0,12352.0,0.9829100000000001,0.100995,NOR,CHE,843069
2689873,177,41,8947,2007,4834.0,15680.0,1.0412139999999999,1.309641,POL,CHE,843069
2689874,179,41,8947,2007,0.0,1068.0,0.621302,1.971656,PRT,CHE,843069
2689875,185,41,8947,2007,0.0,5341.0,0.69445,1.223747,ROU,CHE,843069
2689876,192,41,8947,2007,0.0,45814.0,1.608299,0.545791,SGP,CHE,843069
2689877,201,41,8947,2007,0.0,6044.0,0.579288,1.464123,SRB,CHE,843069
2689878,206,41,8947,2007,9284.0,0.0,1.358301,0.79655,SVK,CHE,843069
2689879,207,41,8947,2007,30121.0,149989.0,1.605767,0.692926,SVN,CHE,843069
2689880,208,41,8947,2007,2118.0,36934.0,1.927244,0.498241,SWE,CHE,843069
2689881,216,41,8947,2007,0.0,735.0,0.711328,1.411114,THA,CHE,843069
2689882,231,41,8947,2007,18483.0,52836.0,1.612165,0.0922,USA,CHE,843069
2689883,247,41,8947,2007,0.0,1136.0,-0.522838,-0.796874,ZMB,CHE,843069
2689884,8,42,8947,2007,51126.0,31722.0,0.178214,0.5093850000000001,ARG,CHL,843069
2689885,14,42,8947,2007,1755092.0,0.0,0.137686,0.451592,AUS,CHL,843069
2689886,18,42,8947,2007,728527.0,0.0,1.2880479999999999,1.145724,BEL,CHL,843069
2689887,31,42,8947,2007,0.0,16089.0,-1.021595,-0.955375,BOL,CHL,843069
2689888,32,42,8947,2007,789296.0,0.0,0.582859,1.137225,BRA,CHL,843069
2689889,39,42,8947,2007,16486.0,64579.0,0.77681,1.20517,CAN,CHL,843069
2689890,41,42,8947,2007,14198.0,0.0,2.0198080000000003,0.42277200000000004,CHE,CHL,843069
2689891,43,42,8947,2007,103346.0,0.0,0.801547,2.321052,CHN,CHL,843069
2689892,47,42,8947,2007,0.0,742353.0,-1.88462,-1.22688,COG,CHL,843069
2689893,61,42,8947,2007,71030.0,0.0,2.114566,-2.934732,DEU,CHL,843069
2689894,71,42,8947,2007,290160.0,0.0,0.914681,2.027797,ESP,CHL,843069
2689895,74,42,8947,2007,180101.0,0.0,1.865502,0.7737729999999999,FIN,CHL,843069
2689896,77,42,8947,2007,398536.0,0.0,1.4565350000000001,0.262845,FRA,CHL,843069
2689897,111,42,8947,2007,88663.0,0.0,1.3003559999999998,0.705448,ITA,CHL,843069
2689898,121,42,8947,2007,1672.0,0.0,1.497359,0.726637,KOR,CHL,843069
2689899,162,42,8947,2007,1265.0,0.0,1.089169,1.589641,NLD,CHL,843069
2689900,173,42,8947,2007,0.0,16046.0,-0.49716099999999996,0.02556,PER,CHL,843069
2689901,192,42,8947,2007,55772.0,0.0,1.608299,0.545791,SGP,CHL,843069
2689902,208,42,8947,2007,28552.0,0.0,1.927244,0.498241,SWE,CHL,843069
2689903,231,42,8947,2007,2964150.0,7501.0,1.612165,0.0922,USA,CHL,843069
2689904,246,42,8947,2007,209140.0,0.0,0.349792,1.246052,ZAF,CHL,843069
2689905,247,42,8947,2007,0.0,151944.0,-0.522838,-0.796874,ZMB,CHL,843069
2689906,2,43,8947,2007,0.0,143935.0,-1.6925709999999998,-1.1987290000000002,AGO,CHN,843069
2689907,7,43,8947,2007,0.0,3182612.0,-0.107504,-0.44744300000000004,ARE,CHN,843069
2689908,8,43,8947,2007,0.0,575481.0,0.178214,0.5093850000000001,ARG,CHN,843069
2689909,9,43,8947,2007,0.0,94920.0,0.7169,-0.019251,ARM,CHN,843069
2689910,14,43,8947,2007,2676909.0,845807.0,0.137686,0.451592,AUS,CHN,843069
2689911,15,43,8947,2007,0.0,16762.0,1.730088,-0.045543,AUT,CHN,843069
2689912,17,43,8947,2007,0.0,20206.0,-0.33884899999999996,-0.661017,BDI,CHN,843069
2689913,18,43,8947,2007,1081133.0,140097.0,1.2880479999999999,1.145724,BEL,CHN,843069
2689914,22,43,8947,2007,10836.0,71811.0,-0.9436469999999999,-0.7200310000000001,BGD,CHN,843069
2689915,23,43,8947,2007,0.0,4802.0,0.43321899999999997,1.5696700000000001,BGR,CHN,843069
2689916,24,43,8947,2007,0.0,8029.0,0.500846,-0.845449,BHR,CHN,843069
2689917,26,43,8947,2007,0.0,1673.0,0.46303199999999994,0.596178,BIH,CHN,843069
2689918,29,43,8947,2007,0.0,17702.0,-0.17825,-0.562535,BLZ,CHN,843069
2689919,31,43,8947,2007,0.0,2919.0,-1.021595,-0.955375,BOL,CHN,843069
2689920,32,43,8947,2007,1453.0,272900.0,0.582859,1.137225,BRA,CHN,843069
2689921,33,43,8947,2007,0.0,162100.0,1.006332,0.680391,BRB,CHN,843069
2689922,37,43,8947,2007,0.0,2567.0,-0.8557239999999999,-1.1712989999999999,BWA,CHN,843069
2689923,39,43,8947,2007,0.0,627354.0,0.77681,1.20517,CAN,CHN,843069
2689924,42,43,8947,2007,0.0,103346.0,-0.306846,-0.57431,CHL,CHN,843069
2689925,45,43,8947,2007,0.0,3428.0,-0.821623,-0.965601,CMR,CHN,843069
2689926,47,43,8947,2007,0.0,101852.0,-1.88462,-1.22688,COG,CHN,843069
2689927,49,43,8947,2007,0.0,2879279.0,0.118341,0.557699,COL,CHN,843069
2689928,52,43,8947,2007,0.0,33998.0,0.001895,-0.30248600000000003,CRI,CHN,843069
2689929,54,43,8947,2007,0.0,62061.0,-0.308053,-0.8740610000000001,CUB,CHN,843069
2689930,58,43,8947,2007,0.0,4958.0,0.887351,0.426331,CYP,CHN,843069
2689931,59,43,8947,2007,0.0,8228.0,1.620377,0.379404,CZE,CHN,843069
2689932,61,43,8947,2007,196527.0,2268027.0,2.114566,-2.934732,DEU,CHN,843069
2689933,64,43,8947,2007,2713.0,13761.0,1.204019,1.122666,DNK,CHN,843069
2689934,66,43,8947,2007,0.0,1726321.0,-0.9822690000000001,-1.170282,DZA,CHN,843069
2689935,67,43,8947,2007,0.0,36666.0,-0.820491,-0.8557879999999999,ECU,CHN,843069
2689936,68,43,8947,2007,0.0,290660.0,-0.144054,0.663592,EGY,CHN,843069
2689937,69,43,8947,2007,0.0,10728.0,-0.905408,-0.908877,ERI,CHN,843069
2689938,71,43,8947,2007,6744.0,142109.0,0.914681,2.027797,ESP,CHN,843069
2689939,72,43,8947,2007,0.0,1213.0,0.746434,1.306397,EST,CHN,843069
2689940,73,43,8947,2007,0.0,371740.0,-1.115917,-0.821652,ETH,CHN,843069
2689941,74,43,8947,2007,1035817.0,273350.0,1.865502,0.7737729999999999,FIN,CHN,843069
2689942,77,43,8947,2007,2630720.0,48960.0,1.4565350000000001,0.262845,FRA,CHN,843069
2689943,80,43,8947,2007,0.0,36982.0,-1.328633,-1.165045,GAB,CHN,843069
2689944,81,43,8947,2007,448031.0,1885899.0,1.718661,0.35525300000000004,GBR,CHN,843069
2689945,83,43,8947,2007,0.0,2935.0,-0.906867,-0.565891,GHA,CHN,843069
2689946,85,43,8947,2007,0.0,4676.0,-1.694335,-1.230744,GIN,CHN,843069
2689947,89,43,8947,2007,0.0,139678.0,-1.406911,-0.8466950000000001,GNQ,CHN,843069
2689948,90,43,8947,2007,0.0,65506.0,0.348709,1.674567,GRC,CHN,843069
2689949,93,43,8947,2007,0.0,99381.0,-0.261899,0.643437,GTM,CHN,843069
2689950,96,43,8947,2007,0.0,1151.0,-0.889957,-0.873185,GUY,CHN,843069
2689951,97,43,8947,2007,0.0,397531.0,0.639034,2.1086009999999997,HKG,CHN,843069
2689952,100,43,8947,2007,0.0,9040.0,0.7799699999999999,1.1047850000000001,HRV,CHN,843069
2689953,102,43,8947,2007,0.0,5650.0,1.4887709999999998,0.78372,HUN,CHN,843069
2689954,103,43,8947,2007,275723.0,650480.0,-0.192415,1.497962,IDN,CHN,843069
2689955,104,43,8947,2007,0.0,7524360.0,0.279475,2.7514939999999997,IND,CHN,843069
2689956,106,43,8947,2007,0.0,9569.0,1.353146,0.122832,IRL,CHN,843069
2689957,107,43,8947,2007,0.0,181935.0,-0.797659,-1.048892,IRN,CHN,843069
2689958,109,43,8947,2007,0.0,2729.0,0.172786,-0.380266,ISL,CHN,843069
2689959,110,43,8947,2007,0.0,131578.0,1.092244,0.753984,ISR,CHN,843069
2689960,111,43,8947,2007,7616764.0,212488.0,1.3003559999999998,0.705448,ITA,CHN,843069
2689961,113,43,8947,2007,0.0,3565.0,0.228433,0.5984550000000001,JOR,CHN,843069
2689962,114,43,8947,2007,2932710.0,565508.0,2.313259,0.186703,JPN,CHN,843069
2689963,115,43,8947,2007,0.0,698398.0,-0.171218,-0.630279,KAZ,CHN,843069
2689964,116,43,8947,2007,0.0,39072.0,-0.44365299999999996,0.858692,KEN,CHN,843069
2689965,117,43,8947,2007,0.0,2935.0,-0.190437,-0.23665999999999998,KGZ,CHN,843069
2689966,118,43,8947,2007,0.0,223917.0,-1.1822489999999999,-1.129066,KHM,CHN,843069
2689967,121,43,8947,2007,41465.0,1096330.0,1.497359,0.726637,KOR,CHN,843069
2689968,122,43,8947,2007,0.0,5632.0,-0.8265030000000001,-1.166243,KWT,CHN,843069
2689969,123,43,8947,2007,0.0,193792.0,-1.045213,-1.01482,LAO,CHN,843069
2689970,124,43,8947,2007,0.0,32710.0,0.47468,1.775191,LBN,CHN,843069
2689971,125,43,8947,2007,0.0,72778.0,-0.866643,-1.124112,LBR,CHN,843069
2689972,126,43,8947,2007,0.0,185296.0,-0.8669959999999999,-1.167363,LBY,CHN,843069
2689973,128,43,8947,2007,0.0,88848.0,-0.568577,0.364717,LKA,CHN,843069
2689974,130,43,8947,2007,0.0,19844.0,0.604169,1.279982,LTU,CHN,843069
2689975,132,43,8947,2007,0.0,188742.0,0.61459,0.985358,LVA,CHN,843069
2689976,133,43,8947,2007,3034.0,1185739.0,0.168528,-0.150411,MAC,CHN,843069
2689977,134,43,8947,2007,0.0,264710.0,-0.5846560000000001,0.10927100000000001,MAR,CHN,843069
2689978,136,43,8947,2007,0.0,11087.0,-0.939838,-0.221205,MDG,CHN,843069
2689979,138,43,8947,2007,0.0,34740.0,1.044746,0.605246,MEX,CHN,843069
2689980,140,43,8947,2007,0.0,6575.0,-0.125912,-0.009395,MKD,CHN,843069
2689981,141,43,8947,2007,0.0,6069.0,-0.672822,-0.687913,MLI,CHN,843069
2689982,143,43,8947,2007,0.0,36526.0,-1.29366,-1.074733,MMR,CHN,843069
2689983,145,43,8947,2007,0.0,83967.0,-1.0688790000000001,-1.1115709999999999,MNG,CHN,843069
2689984,147,43,8947,2007,0.0,2049.0,-1.4703110000000001,-1.1915719999999999,MOZ,CHN,843069
2689985,148,43,8947,2007,0.0,6493.0,-2.027741,-1.311094,MRT,CHN,843069
2689986,151,43,8947,2007,0.0,152200.0,-0.342957,-0.129114,MUS,CHN,843069
2689987,153,43,8947,2007,0.0,666543.0,0.740788,0.302155,MYS,CHN,843069
2689988,155,43,8947,2007,0.0,8992.0,-0.588953,-0.751722,NAM,CHN,843069
2689989,156,43,8947,2007,0.0,569.0,-0.075892,-0.8211430000000001,NCL,CHN,843069
2689990,157,43,8947,2007,0.0,104360.0,-0.287155,-0.577325,NER,CHN,843069
2689991,159,43,8947,2007,0.0,2413109.0,-1.746879,-1.20823,NGA,CHN,843069
2689992,162,43,8947,2007,5334488.0,225576.0,1.089169,1.589641,NLD,CHN,843069
2689993,163,43,8947,2007,22817.0,110059.0,0.9829100000000001,0.100995,NOR,CHN,843069
2689994,166,43,8947,2007,0.0,58577.0,0.495938,0.845825,NZL,CHN,843069
2689995,168,43,8947,2007,0.0,349702.0,-0.5594359999999999,0.47369300000000003,PAK,CHN,843069
2689996,169,43,8947,2007,0.0,29957.0,0.36233899999999997,0.807669,PAN,CHN,843069
2689997,173,43,8947,2007,0.0,677422.0,-0.49716099999999996,0.02556,PER,CHN,843069
2689998,174,43,8947,2007,0.0,415038.0,0.032117,-0.16600499999999999,PHL,CHN,843069
