168,75,1175,1992,1403,0,-0.480152,-0.361705,PAK,FJI,6978
177,75,1175,1992,4984,0,0.581166,2.070795,POL,FJI,6978
192,75,1175,1992,71125,0,0.95691,0.892702,SGP,FJI,6978
249,75,1175,1992,5429,0,1.3694790000000001,1.6227559999999999,TWN,FJI,6978
250,75,1175,1992,1346,0,0.989994,0.977453,ANS,FJI,6978
61,78,1175,1992,1218,0,2.2968349999999997,-2.581569,DEU,FRO,6978
64,78,1175,1992,10507,0,1.696464,1.365743,DNK,FRO,6978
81,78,1175,1992,977,0,1.8901810000000001,0.9274030000000001,GBR,FRO,6978
97,78,1175,1992,4690,0,0.754112,1.911201,HKG,FRO,6978
163,78,1175,1992,3301,0,0.877965,0.444983,NOR,FRO,6978
208,78,1175,1992,4365,0,2.2265900000000003,0.999178,SWE,FRO,6978
249,78,1175,1992,2114,0,1.3694790000000001,1.6227559999999999,TWN,FRO,6978
250,78,1175,1992,3087,0,0.989994,0.977453,ANS,FRO,6978
14,79,1175,1992,6126,0,0.083812,0.637224,AUS,FSM,6978
61,92,1175,1992,783,0,2.2968349999999997,-2.581569,DEU,GRL,6978
64,92,1175,1992,51047,0,1.696464,1.365743,DNK,GRL,6978
208,92,1175,1992,500,0,2.2265900000000003,0.999178,SWE,GRL,6978
250,92,1175,1992,1332,0,0.989994,0.977453,ANS,GRL,6978
14,101,1175,1992,0,4663,0.083812,0.637224,AUS,HTI,6978
15,101,1175,1992,0,50599,1.975207,0.669388,AUT,HTI,6978
41,101,1175,1992,0,56107,2.24952,1.014945,CHE,HTI,6978
61,101,1175,1992,17005,250975,2.2968349999999997,-2.581569,DEU,HTI,6978
71,101,1175,1992,0,29731,1.301511,1.730441,ESP,HTI,6978
74,101,1175,1992,0,5411,1.929661,1.3477,FIN,HTI,6978
77,101,1175,1992,0,197352,1.682766,1.2713430000000001,FRA,HTI,6978
81,101,1175,1992,0,45360,1.8901810000000001,0.9274030000000001,GBR,HTI,6978
86,101,1175,1992,0,1844,0.68221,-0.319682,GLP,HTI,6978
111,101,1175,1992,0,141225,1.7819,0.981246,ITA,HTI,6978
114,101,1175,1992,0,15764,2.451698,0.875639,JPN,HTI,6978
162,101,1175,1992,0,5700,1.4315069999999999,1.7107450000000002,NLD,HTI,6978
208,101,1175,1992,0,13268,2.2265900000000003,0.999178,SWE,HTI,6978
231,101,1175,1992,0,541613,1.660693,1.289752,USA,HTI,6978
231,119,1175,1992,10960,0,1.660693,1.289752,USA,KIR,6978
71,123,1175,1992,0,4761,1.301511,1.730441,ESP,LAO,6978
61,132,1175,1992,29304,0,2.2968349999999997,-2.581569,DEU,LVA,6978
64,132,1175,1992,7455,0,1.696464,1.365743,DNK,LVA,6978
81,132,1175,1992,2749,0,1.8901810000000001,0.9274030000000001,GBR,LVA,6978
162,132,1175,1992,4268,0,1.4315069999999999,1.7107450000000002,NLD,LVA,6978
208,132,1175,1992,1374,0,2.2265900000000003,0.999178,SWE,LVA,6978
61,137,1175,1992,24018,0,2.2968349999999997,-2.581569,DEU,MDV,6978
71,137,1175,1992,0,17671,1.301511,1.730441,ESP,MDV,6978
128,137,1175,1992,2046,0,-0.45780600000000005,-0.221948,LKA,MDV,6978
192,137,1175,1992,1221,0,0.95691,0.892702,SGP,MDV,6978
231,139,1175,1992,3449,0,1.660693,1.289752,USA,MHL,6978
114,146,1175,1992,4604,0,2.451698,0.875639,JPN,MNP,6978
77,148,1175,1992,1942,0,1.682766,1.2713430000000001,FRA,MRT,6978
14,156,1175,1992,6442,0,0.083812,0.637224,AUS,NCL,6978
18,156,1175,1992,2751,0,1.449085,1.622957,BEL,NCL,6978
77,156,1175,1992,163884,0,1.682766,1.2713430000000001,FRA,NCL,6978
81,156,1175,1992,16844,0,1.8901810000000001,0.9274030000000001,GBR,NCL,6978
97,156,1175,1992,38247,0,0.754112,1.911201,HKG,NCL,6978
111,156,1175,1992,23233,0,1.7819,0.981246,ITA,NCL,6978
162,156,1175,1992,1665,0,1.4315069999999999,1.7107450000000002,NLD,NCL,6978
166,156,1175,1992,7158,0,0.41866000000000003,0.580581,NZL,NCL,6978
192,156,1175,1992,6704,0,0.95691,0.892702,SGP,NCL,6978
249,156,1175,1992,9000,0,1.3694790000000001,1.6227559999999999,TWN,NCL,6978
249,165,1175,1992,0,6425,1.3694790000000001,1.6227559999999999,TWN,NRU,6978
14,176,1175,1992,44852,0,0.083812,0.637224,AUS,PNG,6978
97,176,1175,1992,12147,0,0.754112,1.911201,HKG,PNG,6978
192,176,1175,1992,18495,0,0.95691,0.892702,SGP,PNG,6978
231,176,1175,1992,0,2318,1.660693,1.289752,USA,PNG,6978
58,178,1175,1992,0,33885,0.471516,0.668776,CYP,PRK,6978
71,178,1175,1992,0,2295,1.301511,1.730441,ESP,PRK,6978
77,178,1175,1992,0,1461,1.682766,1.2713430000000001,FRA,PRK,6978
97,178,1175,1992,26230,0,0.754112,1.911201,HKG,PRK,6978
103,178,1175,1992,0,4026,-0.5250670000000001,0.717568,IDN,PRK,6978
111,178,1175,1992,5496,0,1.7819,0.981246,ITA,PRK,6978
138,178,1175,1992,0,1692,0.9039370000000001,0.965842,MEX,PRK,6978
189,178,1175,1992,0,25612,0.9474950000000001,2.442268,SCG,PRK,6978
61,182,1175,1992,13000,0,2.2968349999999997,-2.581569,DEU,PYF,6978
77,182,1175,1992,105261,0,1.682766,1.2713430000000001,FRA,PYF,6978
192,182,1175,1992,2574,0,0.95691,0.892702,SGP,PYF,6978
231,182,1175,1992,2895,0,1.660693,1.289752,USA,PYF,6978
249,182,1175,1992,13000,0,1.3694790000000001,1.6227559999999999,TWN,PYF,6978
14,195,1175,1992,1639,0,0.083812,0.637224,AUS,SLB,6978
77,215,1175,1992,14825,0,1.682766,1.2713430000000001,FRA,TGO,6978
111,215,1175,1992,18749,0,1.7819,0.981246,ITA,TGO,6978
61,227,1175,1992,2004,0,2.2968349999999997,-2.581569,DEU,UGA,6978
111,227,1175,1992,2810,0,1.7819,0.981246,ITA,UGA,6978
23,228,1175,1992,0,38371,0.503161,1.871616,BGR,UKR,6978
61,228,1175,1992,11371,0,2.2968349999999997,-2.581569,DEU,UKR,6978
114,228,1175,1992,0,10068,2.451698,0.875639,JPN,UKR,6978
249,228,1175,1992,82000,0,1.3694790000000001,1.6227559999999999,TWN,UKR,6978
14,240,1175,1992,26965,0,0.083812,0.637224,AUS,VUT,6978
43,240,1175,1992,64925,0,0.269411,1.920075,CHN,VUT,6978
166,240,1175,1992,2122,0,0.41866000000000003,0.580581,NZL,VUT,6978
166,242,1175,1992,7493,0,0.41866000000000003,0.580581,NZL,WSM,6978
224,16,1175,1992,1750,0,0.160966,1.154796,TUR,AZE,6978
77,17,1175,1992,5105,0,1.682766,1.2713430000000001,FRA,BDI,6978
111,17,1175,1992,3318,0,1.7819,0.981246,ITA,BDI,6978
39,21,1175,1992,1919,0,0.74703,1.096791,CAN,BFA,6978
41,21,1175,1992,0,9261,2.24952,1.014945,CHE,BFA,6978
61,21,1175,1992,0,6266,2.2968349999999997,-2.581569,DEU,BFA,6978
77,21,1175,1992,8728,26089,1.682766,1.2713430000000001,FRA,BFA,6978
81,21,1175,1992,4103,0,1.8901810000000001,0.9274030000000001,GBR,BFA,6978
97,21,1175,1992,3359,0,0.754112,1.911201,HKG,BFA,6978
231,21,1175,1992,0,3569,1.660693,1.289752,USA,BFA,6978
61,28,1175,1992,2064,0,2.2968349999999997,-2.581569,DEU,BLR,6978
77,28,1175,1992,3401,0,1.682766,1.2713430000000001,FRA,BLR,6978
111,28,1175,1992,4878,0,1.7819,0.981246,ITA,BLR,6978
81,63,1175,1992,90644,0,1.8901810000000001,0.9274030000000001,GBR,DMA,6978
249,63,1175,1992,7000,0,1.3694790000000001,1.6227559999999999,TWN,DMA,6978
15,84,1175,1992,10389,0,1.975207,0.669388,AUT,GIB,6978
61,84,1175,1992,0,18713,2.2968349999999997,-2.581569,DEU,GIB,6978
71,84,1175,1992,3685,0,1.301511,1.730441,ESP,GIB,6978
81,84,1175,1992,86750,0,1.8901810000000001,0.9274030000000001,GBR,GIB,6978
111,84,1175,1992,2652,0,1.7819,0.981246,ITA,GIB,6978
134,84,1175,1992,2040,0,-0.339711,-0.265987,MAR,GIB,6978
249,87,1175,1992,11000,0,1.3694790000000001,1.6227559999999999,TWN,GMB,6978
32,94,1175,1992,8130,0,0.685144,1.5676709999999998,BRA,GUF,6978
43,94,1175,1992,657,0,0.269411,1.920075,CHN,GUF,6978
77,94,1175,1992,108754,0,1.682766,1.2713430000000001,FRA,GUF,6978
81,94,1175,1992,22482,0,1.8901810000000001,0.9274030000000001,GBR,GUF,6978
86,94,1175,1992,1950,0,0.68221,-0.319682,GLP,GUF,6978
111,94,1175,1992,18803,0,1.7819,0.981246,ITA,GUF,6978
249,94,1175,1992,204,0,1.3694790000000001,1.6227559999999999,TWN,GUF,6978
250,94,1175,1992,2497,0,0.989994,0.977453,ANS,GUF,6978
43,115,1175,1992,2550,3290,0.269411,1.920075,CHN,KAZ,6978
61,115,1175,1992,9076,0,2.2968349999999997,-2.581569,DEU,KAZ,6978
114,115,1175,1992,2795,0,2.451698,0.875639,JPN,KAZ,6978
130,115,1175,1992,5240,0,0.7271810000000001,0.482357,LTU,KAZ,6978
61,141,1175,1992,1005,0,2.2968349999999997,-2.581569,DEU,MLI,6978
77,141,1175,1992,8963,0,1.682766,1.2713430000000001,FRA,MLI,6978
111,141,1175,1992,1910,0,1.7819,0.981246,ITA,MLI,6978
231,141,1175,1992,0,2535,1.660693,1.289752,USA,MLI,6978
43,145,1175,1992,2133,0,0.269411,1.920075,CHN,MNG,6978
77,187,1175,1992,1890,0,1.682766,1.2713430000000001,FRA,RWA,6978
111,187,1175,1992,2952,0,1.7819,0.981246,ITA,RWA,6978
77,214,1175,1992,3975,0,1.682766,1.2713430000000001,FRA,TCD,6978
130,217,1175,1992,0,70242,0.7271810000000001,0.482357,LTU,TJK,6978
61,219,1175,1992,0,45104,2.2968349999999997,-2.581569,DEU,TKM,6978
61,0,1175,1992,1000,0,2.2968349999999997,-2.581569,DEU,ABW,6978
81,0,1175,1992,39374,0,1.8901810000000001,0.9274030000000001,GBR,ABW,6978
97,0,1175,1992,21198,0,0.754112,1.911201,HKG,ABW,6978
121,0,1175,1992,11073,0,0.778066,1.3011139999999999,KOR,ABW,6978
162,0,1175,1992,1521,0,1.4315069999999999,1.7107450000000002,NLD,ABW,6978
231,0,1175,1992,74522,0,1.660693,1.289752,USA,ABW,6978
43,5,1175,1992,116264,0,0.269411,1.920075,CHN,AND,6978
61,5,1175,1992,3000,0,2.2968349999999997,-2.581569,DEU,AND,6978
64,5,1175,1992,1344,0,1.696464,1.365743,DNK,AND,6978
71,5,1175,1992,770337,0,1.301511,1.730441,ESP,AND,6978
77,5,1175,1992,98903,0,1.682766,1.2713430000000001,FRA,AND,6978
111,5,1175,1992,37746,0,1.7819,0.981246,ITA,AND,6978
179,5,1175,1992,20862,0,0.47505,0.8402860000000001,PRT,AND,6978
231,5,1175,1992,3000,0,1.660693,1.289752,USA,AND,6978
77,38,1175,1992,2456,0,1.682766,1.2713430000000001,FRA,CAF,6978
77,50,1175,1992,1134,0,1.682766,1.2713430000000001,FRA,COM,6978
136,50,1175,1992,1085,0,-0.977873,-0.743187,MDG,COM,6978
61,91,1175,1992,1000,0,2.2968349999999997,-2.581569,DEU,GRD,6978
81,91,1175,1992,34764,0,1.8901810000000001,0.9274030000000001,GBR,GRD,6978
231,91,1175,1992,5222,0,1.660693,1.289752,USA,GRD,6978
77,200,1175,1992,54838,0,1.682766,1.2713430000000001,FRA,SPM,6978
81,237,1175,1992,11295,0,1.8901810000000001,0.9274030000000001,GBR,VGB,6978
231,237,1175,1992,0,1252,1.660693,1.289752,USA,VGB,6978
249,237,1175,1992,1000,0,1.3694790000000001,1.6227559999999999,TWN,VGB,6978
130,117,1175,1992,0,11876,0.7271810000000001,0.482357,LTU,KGZ,6978
81,3,1175,1992,2455,0,1.8901810000000001,0.9274030000000001,GBR,AIA,6978
236,3,1175,1992,3781,0,-0.106385,-0.65975,VEN,AIA,6978
249,3,1175,1992,3000,0,1.3694790000000001,1.6227559999999999,TWN,AIA,6978
81,120,1175,1992,134492,0,1.8901810000000001,0.9274030000000001,GBR,KNA,6978
97,120,1175,1992,17967,0,0.754112,1.911201,HKG,KNA,6978
208,120,1175,1992,0,12288,2.2265900000000003,0.999178,SWE,KNA,6978
81,161,1175,1992,2587,0,1.8901810000000001,0.9274030000000001,GBR,NIU,6978
7,18,1179,1992,0,169573,-0.495518,-0.963358,ARE,BEL,6994
8,18,1179,1992,0,113412,0.043179,0.553408,ARG,BEL,6994
14,18,1179,1992,1382,9741,0.083812,0.637224,AUS,BEL,6994
15,18,1179,1992,31305,36465,1.975207,0.669388,AUT,BEL,6994
17,18,1179,1992,0,2989,-1.222854,-0.927959,BDI,BEL,6994
23,18,1179,1992,0,3759,0.503161,1.871616,BGR,BEL,6994
24,18,1179,1992,0,87876,0.047396,-0.554517,BHR,BEL,6994
31,18,1179,1992,0,1101,-0.609826,-0.693473,BOL,BEL,6994
32,18,1179,1992,201884,23382,0.685144,1.5676709999999998,BRA,BEL,6994
39,18,1179,1992,101718,28655,0.74703,1.096791,CAN,BEL,6994
41,18,1179,1992,871568,52688,2.24952,1.014945,CHE,BEL,6994
42,18,1179,1992,0,16959,-0.188106,-0.360151,CHL,BEL,6994
43,18,1179,1992,49258,1180,0.269411,1.920075,CHN,BEL,6994
44,18,1179,1992,0,3866,-1.689731,-1.070179,CIV,BEL,6994
45,18,1179,1992,0,2626,-2.0470759999999997,-1.184491,CMR,BEL,6994
46,18,1179,1992,0,75095,-1.55348,-1.100071,COD,BEL,6994
53,18,1179,1992,26706,11794,1.116966,2.225331,CSK,BEL,6994
58,18,1179,1992,0,6445,0.471516,0.668776,CYP,BEL,6994
61,18,1179,1992,24975594,3515868,2.2968349999999997,-2.581569,DEU,BEL,6994
64,18,1179,1992,61872,229044,1.696464,1.365743,DNK,BEL,6994
66,18,1179,1992,0,14464,-0.24189699999999997,-0.9399219999999999,DZA,BEL,6994
67,18,1179,1992,0,11515,-0.815778,-0.9415459999999999,ECU,BEL,6994
68,18,1179,1992,0,8320,-0.102143,-0.17513499999999999,EGY,BEL,6994
71,18,1179,1992,601827,203650,1.301511,1.730441,ESP,BEL,6994
73,18,1179,1992,0,22948,-1.036482,-1.078446,ETH,BEL,6994
74,18,1179,1992,383675,29946,1.929661,1.3477,FIN,BEL,6994
77,18,1179,1992,3922944,5213772,1.682766,1.2713430000000001,FRA,BEL,6994
81,18,1179,1992,1131561,617688,1.8901810000000001,0.9274030000000001,GBR,BEL,6994
86,18,1179,1992,0,7711,0.68221,-0.319682,GLP,BEL,6994
90,18,1179,1992,0,11749,0.139504,0.743678,GRC,BEL,6994
94,18,1179,1992,0,919,0.9797959999999999,0.125384,GUF,BEL,6994
97,18,1179,1992,0,5759,0.754112,1.911201,HKG,BEL,6994
100,18,1179,1992,0,815,0.877872,1.726188,HRV,BEL,6994
101,18,1179,1992,0,24443,-0.005733,-0.191027,HTI,BEL,6994
102,18,1179,1992,1211,335327,0.9144620000000001,2.157041,HUN,BEL,6994
104,18,1179,1992,0,8318,0.101094,1.6851180000000001,IND,BEL,6994
106,18,1179,1992,348800,383673,1.454172,1.397052,IRL,BEL,6994
107,18,1179,1992,0,28057,-1.195108,-1.135155,IRN,BEL,6994
109,18,1179,1992,0,8597,-0.076691,-0.630567,ISL,BEL,6994
110,18,1179,1992,0,9396,1.354362,1.3260530000000001,ISR,BEL,6994
111,18,1179,1992,2936740,2061003,1.7819,0.981246,ITA,BEL,6994
114,18,1179,1992,1230653,147724,2.451698,0.875639,JPN,BEL,6994
116,18,1179,1992,0,6284,-0.31818,-0.096856,KEN,BEL,6994
121,18,1179,1992,0,47128,0.778066,1.3011139999999999,KOR,BEL,6994
124,18,1179,1992,0,3752,0.186135,0.800906,LBN,BEL,6994
128,18,1179,1992,0,1956,-0.45780600000000005,-0.221948,LKA,BEL,6994
134,18,1179,1992,0,46628,-0.339711,-0.265987,MAR,BEL,6994
136,18,1179,1992,0,9566,-0.977873,-0.743187,MDG,BEL,6994
138,18,1179,1992,19852,48220,0.9039370000000001,0.965842,MEX,BEL,6994
153,18,1179,1992,6282,1504,0.14268499999999998,0.370079,MYS,BEL,6994
156,18,1179,1992,0,8376,-1.284672,-0.9233870000000001,NCL,BEL,6994
162,18,1179,1992,5532311,4011917,1.4315069999999999,1.7107450000000002,NLD,BEL,6994
163,18,1179,1992,1461,255900,0.877965,0.444983,NOR,BEL,6994
166,18,1179,1992,0,2562,0.41866000000000003,0.580581,NZL,BEL,6994
167,18,1179,1992,0,18881,-0.906702,-1.0716709999999998,OMN,BEL,6994
173,18,1179,1992,0,4516,-0.286545,-0.264638,PER,BEL,6994
174,18,1179,1992,0,1509,-0.139761,0.772109,PHL,BEL,6994
177,18,1179,1992,0,19372,0.581166,2.070795,POL,BEL,6994
178,18,1179,1992,0,2030,0.201042,0.477547,PRK,BEL,6994
179,18,1179,1992,4581753,119958,0.47505,0.8402860000000001,PRT,BEL,6994
182,18,1179,1992,0,7563,0.217401,-0.5575180000000001,PYF,BEL,6994
183,18,1179,1992,0,6403,-0.491413,-1.004476,QAT,BEL,6994
186,18,1179,1992,0,1153,0.071799,0.14036099999999999,RUS,BEL,6994
187,18,1179,1992,0,8908,-0.890012,-0.888402,RWA,BEL,6994
188,18,1179,1992,0,624118,0.416315,-0.7342489999999999,SAU,BEL,6994
189,18,1179,1992,1079,945,0.9474950000000001,2.442268,SCG,BEL,6994
191,18,1179,1992,0,6061,-0.43371800000000005,-0.679547,SEN,BEL,6994
192,18,1179,1992,2216,155052,0.95691,0.892702,SGP,BEL,6994
197,18,1179,1992,0,1244,0.396523,0.47548900000000005,SLV,BEL,6994
205,18,1179,1992,0,2875,-0.9841209999999999,-0.9359129999999999,SUR,BEL,6994
207,18,1179,1992,0,637,1.3270629999999999,1.605534,SVN,BEL,6994
208,18,1179,1992,1866456,711313,2.2265900000000003,0.999178,SWE,BEL,6994
216,18,1179,1992,0,9370,0.109518,1.486578,THA,BEL,6994
222,18,1179,1992,0,2976,0.43506000000000006,-0.43233599999999994,TTO,BEL,6994
223,18,1179,1992,1353,8937,0.14482,-0.13608,TUN,BEL,6994
224,18,1179,1992,1200,43863,0.160966,1.154796,TUR,BEL,6994
226,18,1179,1992,0,3100,-1.139271,-0.8235379999999999,TZA,BEL,6994
231,18,1179,1992,129849,249891,1.660693,1.289752,USA,BEL,6994
236,18,1179,1992,0,7864,-0.106385,-0.65975,VEN,BEL,6994
243,18,1179,1992,0,5944,-0.7116020000000001,-0.9852489999999999,YEM,BEL,6994
246,18,1179,1992,5971,20431,0.236335,1.415622,ZAF,BEL,6994
248,18,1179,1992,0,9765,-0.11168099999999999,0.143612,ZWE,BEL,6994
249,18,1179,1992,2935,3660,1.3694790000000001,1.6227559999999999,TWN,BEL,6994
250,18,1179,1992,0,5955,0.989994,0.977453,ANS,BEL,6994
32,33,1179,1992,13927,0,0.685144,1.5676709999999998,BRA,BRB,6994
39,33,1179,1992,1462,0,0.74703,1.096791,CAN,BRB,6994
61,33,1179,1992,2885,0,2.2968349999999997,-2.581569,DEU,BRB,6994
81,33,1179,1992,46877,0,1.8901810000000001,0.9274030000000001,GBR,BRB,6994
111,33,1179,1992,2848,0,1.7819,0.981246,ITA,BRB,6994
114,33,1179,1992,11004,0,2.451698,0.875639,JPN,BRB,6994
231,33,1179,1992,169131,336919,1.660693,1.289752,USA,BRB,6994
249,33,1179,1992,5444,0,1.3694790000000001,1.6227559999999999,TWN,BRB,6994
250,33,1179,1992,1693,0,0.989994,0.977453,ANS,BRB,6994
7,43,1179,1992,0,3111,-0.495518,-0.963358,ARE,CHN,6994
8,43,1179,1992,0,1952,0.043179,0.553408,ARG,CHN,6994
14,43,1179,1992,0,665356,0.083812,0.637224,AUS,CHN,6994
15,43,1179,1992,170955,0,1.975207,0.669388,AUT,CHN,6994
18,43,1179,1992,1180,49258,1.449085,1.622957,BEL,CHN,6994
32,43,1179,1992,45720,0,0.685144,1.5676709999999998,BRA,CHN,6994
34,43,1179,1992,0,1010,-1.142722,-0.818717,BRN,CHN,6994
39,43,1179,1992,4908,87382,0.74703,1.096791,CAN,CHN,6994
41,43,1179,1992,1949,0,2.24952,1.014945,CHE,CHN,6994
42,43,1179,1992,0,6600,-0.188106,-0.360151,CHL,CHN,6994
54,43,1179,1992,0,72372,-0.719011,-1.077984,CUB,CHN,6994
61,43,1179,1992,394566,261150,2.2968349999999997,-2.581569,DEU,CHN,6994
64,43,1179,1992,1390,0,1.696464,1.365743,DNK,CHN,6994
66,43,1179,1992,3946,6662,-0.24189699999999997,-0.9399219999999999,DZA,CHN,6994
68,43,1179,1992,0,4217,-0.102143,-0.17513499999999999,EGY,CHN,6994
71,43,1179,1992,7021,2382,1.301511,1.730441,ESP,CHN,6994
74,43,1179,1992,55798,0,1.929661,1.3477,FIN,CHN,6994
75,43,1179,1992,0,7895,-0.573887,-0.6382680000000001,FJI,CHN,6994
77,43,1179,1992,1911,180459,1.682766,1.2713430000000001,FRA,CHN,6994
81,43,1179,1992,21404,61477,1.8901810000000001,0.9274030000000001,GBR,CHN,6994
83,43,1179,1992,0,4802,-0.936314,-0.935839,GHA,CHN,6994
87,43,1179,1992,0,2439,-1.4704190000000001,-0.940117,GMB,CHN,6994
90,43,1179,1992,0,22506,0.139504,0.743678,GRC,CHN,6994
97,43,1179,1992,12849329,3740598,0.754112,1.911201,HKG,CHN,6994
99,43,1179,1992,0,1514,-0.5100640000000001,-0.38205900000000004,HND,CHN,6994
103,43,1179,1992,1892,84985,-0.5250670000000001,0.717568,IDN,CHN,6994
104,43,1179,1992,0,11498,0.101094,1.6851180000000001,IND,CHN,6994
107,43,1179,1992,0,1417,-1.195108,-1.135155,IRN,CHN,6994
111,43,1179,1992,113865,103384,1.7819,0.981246,ITA,CHN,6994
112,43,1179,1992,0,5501,-0.200329,-0.595741,JAM,CHN,6994
113,43,1179,1992,0,75826,0.716964,0.5323760000000001,JOR,CHN,6994
114,43,1179,1992,12872973,391272,2.451698,0.875639,JPN,CHN,6994
121,43,1179,1992,77042,42699,0.778066,1.3011139999999999,KOR,CHN,6994
124,43,1179,1992,0,1040,0.186135,0.800906,LBN,CHN,6994
128,43,1179,1992,0,8473,-0.45780600000000005,-0.221948,LKA,CHN,6994
133,43,1179,1992,47927,21787,0.249034,-0.026864,MAC,CHN,6994
134,43,1179,1992,0,3588,-0.339711,-0.265987,MAR,CHN,6994
138,43,1179,1992,0,25756,0.9039370000000001,0.965842,MEX,CHN,6994
145,43,1179,1992,0,4857,-0.151342,-0.680094,MNG,CHN,6994
153,43,1179,1992,5199,535263,0.14268499999999998,0.370079,MYS,CHN,6994
162,43,1179,1992,1004,67141,1.4315069999999999,1.7107450000000002,NLD,CHN,6994
163,43,1179,1992,1568,0,0.877965,0.444983,NOR,CHN,6994
167,43,1179,1992,0,19072,-0.906702,-1.0716709999999998,OMN,CHN,6994
168,43,1179,1992,0,2060,-0.480152,-0.361705,PAK,CHN,6994
173,43,1179,1992,0,13299,-0.286545,-0.264638,PER,CHN,6994
177,43,1179,1992,27559,0,0.581166,2.070795,POL,CHN,6994
186,43,1179,1992,59882,65798,0.071799,0.14036099999999999,RUS,CHN,6994
188,43,1179,1992,0,44825,0.416315,-0.7342489999999999,SAU,CHN,6994
192,43,1179,1992,38111,543722,0.95691,0.892702,SGP,CHN,6994
208,43,1179,1992,32965,0,2.2265900000000003,0.999178,SWE,CHN,6994
212,43,1179,1992,0,27604,-0.566724,-0.602446,SYR,CHN,6994
216,43,1179,1992,1360,74343,0.109518,1.486578,THA,CHN,6994
222,43,1179,1992,0,14977,0.43506000000000006,-0.43233599999999994,TTO,CHN,6994
231,43,1179,1992,55321,4719909,1.660693,1.289752,USA,CHN,6994
239,43,1179,1992,0,1139,-0.989259,-0.43416099999999996,VNM,CHN,6994
243,43,1179,1992,0,1477,-0.7116020000000001,-0.9852489999999999,YEM,CHN,6994
246,43,1179,1992,0,1692,0.236335,1.415622,ZAF,CHN,6994
248,43,1179,1992,0,963,-0.11168099999999999,0.143612,ZWE,CHN,6994
249,43,1179,1992,238703,159322,1.3694790000000001,1.6227559999999999,TWN,CHN,6994
250,43,1179,1992,24076,1421,0.989994,0.977453,ANS,CHN,6994
8,49,1179,1992,22699,1476,0.043179,0.553408,ARG,COL,6994
14,49,1179,1992,1701,0,0.083812,0.637224,AUS,COL,6994
15,49,1179,1992,1869,0,1.975207,0.669388,AUT,COL,6994
32,49,1179,1992,55642,0,0.685144,1.5676709999999998,BRA,COL,6994
39,49,1179,1992,11652,0,0.74703,1.096791,CAN,COL,6994
41,49,1179,1992,1179,0,2.24952,1.014945,CHE,COL,6994
52,49,1179,1992,0,14371,0.11654,0.191873,CRI,COL,6994
53,49,1179,1992,2986,0,1.116966,2.225331,CSK,COL,6994
61,49,1179,1992,44739,0,2.2968349999999997,-2.581569,DEU,COL,6994
64,49,1179,1992,1096,0,1.696464,1.365743,DNK,COL,6994
67,49,1179,1992,0,204250,-0.815778,-0.9415459999999999,ECU,COL,6994
71,49,1179,1992,88959,0,1.301511,1.730441,ESP,COL,6994
77,49,1179,1992,1056,0,1.682766,1.2713430000000001,FRA,COL,6994
81,49,1179,1992,7397,0,1.8901810000000001,0.9274030000000001,GBR,COL,6994
97,49,1179,1992,1218,0,0.754112,1.911201,HKG,COL,6994
111,49,1179,1992,9654,0,1.7819,0.981246,ITA,COL,6994
114,49,1179,1992,174302,0,2.451698,0.875639,JPN,COL,6994
121,49,1179,1992,6657,0,0.778066,1.3011139999999999,KOR,COL,6994
138,49,1179,1992,6540,0,0.9039370000000001,0.965842,MEX,COL,6994
162,49,1179,1992,10002,0,1.4315069999999999,1.7107450000000002,NLD,COL,6994
163,49,1179,1992,2213,0,0.877965,0.444983,NOR,COL,6994
169,49,1179,1992,0,31597,0.289315,0.37247199999999997,PAN,COL,6994
173,49,1179,1992,0,1259,-0.286545,-0.264638,PER,COL,6994
186,49,1179,1992,1204,0,0.071799,0.14036099999999999,RUS,COL,6994
197,49,1179,1992,0,32724,0.396523,0.47548900000000005,SLV,COL,6994
208,49,1179,1992,960,0,2.2265900000000003,0.999178,SWE,COL,6994
231,49,1179,1992,16344,16081,1.660693,1.289752,USA,COL,6994
236,49,1179,1992,131203,54967,-0.106385,-0.65975,VEN,COL,6994
249,49,1179,1992,13801,0,1.3694790000000001,1.6227559999999999,TWN,COL,6994
250,49,1179,1992,7040,0,0.989994,0.977453,ANS,COL,6994
15,52,1179,1992,7911,0,1.975207,0.669388,AUT,CRI,6994
32,52,1179,1992,32034,0,0.685144,1.5676709999999998,BRA,CRI,6994
41,52,1179,1992,4450,0,2.24952,1.014945,CHE,CRI,6994
49,52,1179,1992,14371,0,0.022895,0.22971799999999998,COL,CRI,6994
61,52,1179,1992,15555,0,2.2968349999999997,-2.581569,DEU,CRI,6994
64,52,1179,1992,2335,0,1.696464,1.365743,DNK,CRI,6994
71,52,1179,1992,15034,0,1.301511,1.730441,ESP,CRI,6994
81,52,1179,1992,18485,0,1.8901810000000001,0.9274030000000001,GBR,CRI,6994
97,52,1179,1992,17351,0,0.754112,1.911201,HKG,CRI,6994
111,52,1179,1992,53138,0,1.7819,0.981246,ITA,CRI,6994
114,52,1179,1992,116262,0,2.451698,0.875639,JPN,CRI,6994
121,52,1179,1992,21980,0,0.778066,1.3011139999999999,KOR,CRI,6994
138,52,1179,1992,4258,0,0.9039370000000001,0.965842,MEX,CRI,6994
160,52,1179,1992,0,48586,-0.214083,-0.111615,NIC,CRI,6994
169,52,1179,1992,1727,26362,0.289315,0.37247199999999997,PAN,CRI,6994
173,52,1179,1992,963,0,-0.286545,-0.264638,PER,CRI,6994
197,52,1179,1992,0,22295,0.396523,0.47548900000000005,SLV,CRI,6994
208,52,1179,1992,14848,0,2.2265900000000003,0.999178,SWE,CRI,6994
231,52,1179,1992,41706,14927,1.660693,1.289752,USA,CRI,6994
249,52,1179,1992,8187,0,1.3694790000000001,1.6227559999999999,TWN,CRI,6994
2,61,1179,1992,0,32029,-1.90642,-1.061544,AGO,DEU,6994
7,61,1179,1992,0,290014,-0.495518,-0.963358,ARE,DEU,6994
8,61,1179,1992,0,749405,0.043179,0.553408,ARG,DEU,6994
14,61,1179,1992,658554,2393735,0.083812,0.637224,AUS,DEU,6994
15,61,1179,1992,7279650,28237932,1.975207,0.669388,AUT,DEU,6994
17,61,1179,1992,0,2003,-1.222854,-0.927959,BDI,DEU,6994
18,61,1179,1992,3515868,24975594,1.449085,1.622957,BEL,DEU,6994
19,61,1179,1992,0,1899,-1.206267,-0.855159,BEN,DEU,6994
21,61,1179,1992,0,12051,-1.176898,-1.092949,BFA,DEU,6994
22,61,1179,1992,0,183413,-0.608254,-0.921751,BGD,DEU,6994
23,61,1179,1992,6669,128282,0.503161,1.871616,BGR,DEU,6994
28,61,1179,1992,0,2064,0.6011380000000001,0.450072,BLR,DEU,6994
29,61,1179,1992,0,1241,-0.06729700000000001,-0.386682,BLZ,DEU,6994
31,61,1179,1992,0,9202,-0.609826,-0.693473,BOL,DEU,6994
32,61,1179,1992,163579,2233734,0.685144,1.5676709999999998,BRA,DEU,6994
33,61,1179,1992,0,2885,0.9121950000000001,0.413592,BRB,DEU,6994
34,61,1179,1992,0,4428,-1.142722,-0.818717,BRN,DEU,6994
39,61,1179,1992,22374,910478,0.74703,1.096791,CAN,DEU,6994
41,61,1179,1992,9527647,14240025,2.24952,1.014945,CHE,DEU,6994
42,61,1179,1992,0,79583,-0.188106,-0.360151,CHL,DEU,6994
43,61,1179,1992,261150,394566,0.269411,1.920075,CHN,DEU,6994
44,61,1179,1992,0,7012,-1.689731,-1.070179,CIV,DEU,6994
45,61,1179,1992,0,18004,-2.0470759999999997,-1.184491,CMR,DEU,6994
46,61,1179,1992,0,8269,-1.55348,-1.100071,COD,DEU,6994
47,61,1179,1992,0,9001,-2.019876,-1.1048360000000002,COG,DEU,6994
49,61,1179,1992,0,44739,0.022895,0.22971799999999998,COL,DEU,6994
52,61,1179,1992,0,15555,0.11654,0.191873,CRI,DEU,6994
53,61,1179,1992,2778117,4393016,1.116966,2.225331,CSK,DEU,6994
54,61,1179,1992,0,1001,-0.719011,-1.077984,CUB,DEU,6994
58,61,1179,1992,0,13976,0.471516,0.668776,CYP,DEU,6994
62,61,1179,1992,0,999,0.708593,1.196323,DJI,DEU,6994
64,61,1179,1992,672652,5073950,1.696464,1.365743,DNK,DEU,6994
65,61,1179,1992,0,4074,-0.338979,-0.5049279999999999,DOM,DEU,6994
66,61,1179,1992,0,62182,-0.24189699999999997,-0.9399219999999999,DZA,DEU,6994
67,61,1179,1992,0,75362,-0.815778,-0.9415459999999999,ECU,DEU,6994
68,61,1179,1992,0,211710,-0.102143,-0.17513499999999999,EGY,DEU,6994
71,61,1179,1992,8733954,14761519,1.301511,1.730441,ESP,DEU,6994
72,61,1179,1992,0,1008,0.22019699999999998,0.0198,EST,DEU,6994
73,61,1179,1992,0,49701,-1.036482,-1.078446,ETH,DEU,6994
74,61,1179,1992,378619,2240978,1.929661,1.3477,FIN,DEU,6994
77,61,1179,1992,23686910,59299028,1.682766,1.2713430000000001,FRA,DEU,6994
78,61,1179,1992,0,2719,-0.51381,-0.8512059999999999,FRO,DEU,6994
80,61,1179,1992,0,4002,-1.683572,-1.0855620000000001,GAB,DEU,6994
81,61,1179,1992,9731648,32827574,1.8901810000000001,0.9274030000000001,GBR,DEU,6994
83,61,1179,1992,0,121556,-0.936314,-0.935839,GHA,DEU,6994
86,61,1179,1992,0,10978,0.68221,-0.319682,GLP,DEU,6994
87,61,1179,1992,0,20009,-1.4704190000000001,-0.940117,GMB,DEU,6994
90,61,1179,1992,4439,1388698,0.139504,0.743678,GRC,DEU,6994
93,61,1179,1992,0,4893,-0.031145999999999997,0.48874300000000004,GTM,DEU,6994
94,61,1179,1992,0,5195,0.9797959999999999,0.125384,GUF,DEU,6994
96,61,1179,1992,0,1000,-0.6447689999999999,-0.808177,GUY,DEU,6994
97,61,1179,1992,55881,314469,0.754112,1.911201,HKG,DEU,6994
99,61,1179,1992,0,6451,-0.5100640000000001,-0.38205900000000004,HND,DEU,6994
100,61,1179,1992,1326877,59885,0.877872,1.726188,HRV,DEU,6994
102,61,1179,1992,867992,1610332,0.9144620000000001,2.157041,HUN,DEU,6994
103,61,1179,1992,14305,97788,-0.5250670000000001,0.717568,IDN,DEU,6994
104,61,1179,1992,106685,671198,0.101094,1.6851180000000001,IND,DEU,6994
106,61,1179,1992,56187,1028377,1.454172,1.397052,IRL,DEU,6994
107,61,1179,1992,0,1829836,-1.195108,-1.135155,IRN,DEU,6994
108,61,1179,1992,0,5329,-1.162989,-0.8323229999999999,IRQ,DEU,6994
109,61,1179,1992,0,93749,-0.076691,-0.630567,ISL,DEU,6994
110,61,1179,1992,5033,530698,1.354362,1.3260530000000001,ISR,DEU,6994
111,61,1179,1992,18337626,14497002,1.7819,0.981246,ITA,DEU,6994
112,61,1179,1992,0,5509,-0.200329,-0.595741,JAM,DEU,6994
113,61,1179,1992,0,26570,0.716964,0.5323760000000001,JOR,DEU,6994
114,61,1179,1992,2704808,1168482,2.451698,0.875639,JPN,DEU,6994
115,61,1179,1992,0,10085,-0.084852,-0.5466260000000001,KAZ,DEU,6994
116,61,1179,1992,0,11760,-0.31818,-0.096856,KEN,DEU,6994
121,61,1179,1992,27158,468710,0.778066,1.3011139999999999,KOR,DEU,6994
122,61,1179,1992,0,38855,-1.2360950000000002,-1.061771,KWT,DEU,6994
124,61,1179,1992,0,228092,0.186135,0.800906,LBN,DEU,6994
125,61,1179,1992,0,17000,-0.790557,-0.9978870000000001,LBR,DEU,6994
126,61,1179,1992,0,46956,-0.333309,-0.981883,LBY,DEU,6994
127,61,1179,1992,0,6433,0.199639,-0.28238,LCA,DEU,6994
128,61,1179,1992,0,14682,-0.45780600000000005,-0.221948,LKA,DEU,6994
134,61,1179,1992,0,27811,-0.339711,-0.265987,MAR,DEU,6994
136,61,1179,1992,0,928,-0.977873,-0.743187,MDG,DEU,6994
138,61,1179,1992,11737,9209386,0.9039370000000001,0.965842,MEX,DEU,6994
139,61,1179,1992,0,1000,-0.27689,-0.7125100000000001,MHL,DEU,6994
142,61,1179,1992,0,348860,0.828211,0.29226599999999997,MLT,DEU,6994
148,61,1179,1992,0,5018,-1.270091,-1.116622,MRT,DEU,6994
150,61,1179,1992,0,32330,0.70167,-0.075327,MTQ,DEU,6994
151,61,1179,1992,0,13679,-0.249558,-0.643201,MUS,DEU,6994
153,61,1179,1992,230904,1142083,0.14268499999999998,0.370079,MYS,DEU,6994
156,61,1179,1992,0,1000,-1.284672,-0.9233870000000001,NCL,DEU,6994
159,61,1179,1992,24940,67866,-2.275923,-1.178983,NGA,DEU,6994
160,61,1179,1992,0,1727,-0.214083,-0.111615,NIC,DEU,6994
162,61,1179,1992,4947608,34813060,1.4315069999999999,1.7107450000000002,NLD,DEU,6994
163,61,1179,1992,40780,1644473,0.877965,0.444983,NOR,DEU,6994
164,61,1179,1992,0,68943,-0.604018,-0.677756,NPL,DEU,6994
166,61,1179,1992,77335,47885,0.41866000000000003,0.580581,NZL,DEU,6994
167,61,1179,1992,0,14940,-0.906702,-1.0716709999999998,OMN,DEU,6994
168,61,1179,1992,0,141989,-0.480152,-0.361705,PAK,DEU,6994
169,61,1179,1992,0,983,0.289315,0.37247199999999997,PAN,DEU,6994
173,61,1179,1992,0,6761,-0.286545,-0.264638,PER,DEU,6994
174,61,1179,1992,1678,30904,-0.139761,0.772109,PHL,DEU,6994
177,61,1179,1992,91467,2948776,0.581166,2.070795,POL,DEU,6994
178,61,1179,1992,0,1016,0.201042,0.477547,PRK,DEU,6994
179,61,1179,1992,6849072,1769978,0.47505,0.8402860000000001,PRT,DEU,6994
180,61,1179,1992,0,1891,-0.906433,-0.787177,PRY,DEU,6994
182,61,1179,1992,0,1000,0.217401,-0.5575180000000001,PYF,DEU,6994
183,61,1179,1992,0,8383,-0.491413,-1.004476,QAT,DEU,6994
184,61,1179,1992,0,13272,0.251216,-0.448812,REU,DEU,6994
185,61,1179,1992,303646,53384,0.838817,1.358629,ROU,DEU,6994
186,61,1179,1992,39605,256472,0.071799,0.14036099999999999,RUS,DEU,6994
187,61,1179,1992,0,3003,-0.890012,-0.888402,RWA,DEU,6994
188,61,1179,1992,0,442975,0.416315,-0.7342489999999999,SAU,DEU,6994
189,61,1179,1992,1138912,1418695,0.9474950000000001,2.442268,SCG,DEU,6994
190,61,1179,1992,0,59044,-0.930193,-1.02726,SDN,DEU,6994
191,61,1179,1992,0,1881,-0.43371800000000005,-0.679547,SEN,DEU,6994
192,61,1179,1992,333658,2071003,0.95691,0.892702,SGP,DEU,6994
195,61,1179,1992,0,1000,-1.491786,-0.9599799999999999,SLB,DEU,6994
197,61,1179,1992,0,8343,0.396523,0.47548900000000005,SLV,DEU,6994
205,61,1179,1992,0,1906,-0.9841209999999999,-0.9359129999999999,SUR,DEU,6994
207,61,1179,1992,237872,733936,1.3270629999999999,1.605534,SVN,DEU,6994
208,61,1179,1992,3410180,11591583,2.2265900000000003,0.999178,SWE,DEU,6994
212,61,1179,1992,0,32976,-0.566724,-0.602446,SYR,DEU,6994
216,61,1179,1992,125497,163453,0.109518,1.486578,THA,DEU,6994
222,61,1179,1992,0,18312,0.43506000000000006,-0.43233599999999994,TTO,DEU,6994
223,61,1179,1992,0,403799,0.14482,-0.13608,TUN,DEU,6994
224,61,1179,1992,783124,3517585,0.160966,1.154796,TUR,DEU,6994
226,61,1179,1992,0,53407,-1.139271,-0.8235379999999999,TZA,DEU,6994
227,61,1179,1992,0,1002,-1.264399,-1.0359450000000001,UGA,DEU,6994
228,61,1179,1992,0,22743,0.375148,0.23747,UKR,DEU,6994
230,61,1179,1992,0,3945,0.242758,0.711781,URY,DEU,6994
231,61,1179,1992,1682755,14858376,1.660693,1.289752,USA,DEU,6994
236,61,1179,1992,0,250237,-0.106385,-0.65975,VEN,DEU,6994
239,61,1179,1992,0,6005,-0.989259,-0.43416099999999996,VNM,DEU,6994
246,61,1179,1992,1105466,1855512,0.236335,1.415622,ZAF,DEU,6994
247,61,1179,1992,0,17382,-0.9865219999999999,-1.076062,ZMB,DEU,6994
248,61,1179,1992,0,1986,-0.11168099999999999,0.143612,ZWE,DEU,6994
249,61,1179,1992,73067,535582,1.3694790000000001,1.6227559999999999,TWN,DEU,6994
8,64,1179,1992,0,1858,0.043179,0.553408,ARG,DNK,6994
14,64,1179,1992,0,69227,0.083812,0.637224,AUS,DNK,6994
15,64,1179,1992,80114,8711,1.975207,0.669388,AUT,DNK,6994
18,64,1179,1992,229044,61872,1.449085,1.622957,BEL,DNK,6994
32,64,1179,1992,36145,2923,0.685144,1.5676709999999998,BRA,DNK,6994
39,64,1179,1992,0,4535,0.74703,1.096791,CAN,DNK,6994
41,64,1179,1992,367083,246615,2.24952,1.014945,CHE,DNK,6994
42,64,1179,1992,0,23163,-0.188106,-0.360151,CHL,DNK,6994
43,64,1179,1992,0,1390,0.269411,1.920075,CHN,DNK,6994
49,64,1179,1992,0,1096,0.022895,0.22971799999999998,COL,DNK,6994
52,64,1179,1992,0,2335,0.11654,0.191873,CRI,DNK,6994
53,64,1179,1992,0,4336,1.116966,2.225331,CSK,DNK,6994
58,64,1179,1992,0,2717,0.471516,0.668776,CYP,DNK,6994
61,64,1179,1992,5073950,672652,2.2968349999999997,-2.581569,DEU,DNK,6994
66,64,1179,1992,0,2235,-0.24189699999999997,-0.9399219999999999,DZA,DNK,6994
68,64,1179,1992,0,40019,-0.102143,-0.17513499999999999,EGY,DNK,6994
71,64,1179,1992,50427,179063,1.301511,1.730441,ESP,DNK,6994
74,64,1179,1992,173761,104276,1.929661,1.3477,FIN,DNK,6994
77,64,1179,1992,32652,272639,1.682766,1.2713430000000001,FRA,DNK,6994
78,64,1179,1992,0,4174,-0.51381,-0.8512059999999999,FRO,DNK,6994
81,64,1179,1992,1182014,592255,1.8901810000000001,0.9274030000000001,GBR,DNK,6994
90,64,1179,1992,0,1606,0.139504,0.743678,GRC,DNK,6994
92,64,1179,1992,0,1837,-0.692587,-0.859656,GRL,DNK,6994
93,64,1179,1992,0,1531,-0.031145999999999997,0.48874300000000004,GTM,DNK,6994
97,64,1179,1992,13342,0,0.754112,1.911201,HKG,DNK,6994
100,64,1179,1992,54389,13812,0.877872,1.726188,HRV,DNK,6994
102,64,1179,1992,6573,0,0.9144620000000001,2.157041,HUN,DNK,6994
103,64,1179,1992,0,2418,-0.5250670000000001,0.717568,IDN,DNK,6994
104,64,1179,1992,7555,4601,0.101094,1.6851180000000001,IND,DNK,6994
106,64,1179,1992,0,43773,1.454172,1.397052,IRL,DNK,6994
109,64,1179,1992,0,21515,-0.076691,-0.630567,ISL,DNK,6994
110,64,1179,1992,0,12829,1.354362,1.3260530000000001,ISR,DNK,6994
111,64,1179,1992,404447,20168,1.7819,0.981246,ITA,DNK,6994
113,64,1179,1992,0,5029,0.716964,0.5323760000000001,JOR,DNK,6994
114,64,1179,1992,137348,98047,2.451698,0.875639,JPN,DNK,6994
116,64,1179,1992,0,7523,-0.31818,-0.096856,KEN,DNK,6994
121,64,1179,1992,2636,173359,0.778066,1.3011139999999999,KOR,DNK,6994
128,64,1179,1992,0,3283,-0.45780600000000005,-0.221948,LKA,DNK,6994
134,64,1179,1992,0,6268,-0.339711,-0.265987,MAR,DNK,6994
138,64,1179,1992,0,10770,0.9039370000000001,0.965842,MEX,DNK,6994
142,64,1179,1992,19588,1229,0.828211,0.29226599999999997,MLT,DNK,6994
151,64,1179,1992,0,4150,-0.249558,-0.643201,MUS,DNK,6994
153,64,1179,1992,0,62154,0.14268499999999998,0.370079,MYS,DNK,6994
160,64,1179,1992,0,1157,-0.214083,-0.111615,NIC,DNK,6994
162,64,1179,1992,610838,61970,1.4315069999999999,1.7107450000000002,NLD,DNK,6994
163,64,1179,1992,25680,751935,0.877965,0.444983,NOR,DNK,6994
166,64,1179,1992,2016,3041,0.41866000000000003,0.580581,NZL,DNK,6994
173,64,1179,1992,0,4150,-0.286545,-0.264638,PER,DNK,6994
177,64,1179,1992,9146,37009,0.581166,2.070795,POL,DNK,6994
179,64,1179,1992,276526,3383,0.47505,0.8402860000000001,PRT,DNK,6994
188,64,1179,1992,0,2218,0.416315,-0.7342489999999999,SAU,DNK,6994
189,64,1179,1992,5881,11369,0.9474950000000001,2.442268,SCG,DNK,6994
192,64,1179,1992,0,1138,0.95691,0.892702,SGP,DNK,6994
207,64,1179,1992,0,6483,1.3270629999999999,1.605534,SVN,DNK,6994
208,64,1179,1992,2358410,1840733,2.2265900000000003,0.999178,SWE,DNK,6994
216,64,1179,1992,0,45194,0.109518,1.486578,THA,DNK,6994
223,64,1179,1992,0,9815,0.14482,-0.13608,TUN,DNK,6994
224,64,1179,1992,0,70611,0.160966,1.154796,TUR,DNK,6994
228,64,1179,1992,4733,0,0.375148,0.23747,UKR,DNK,6994
230,64,1179,1992,0,3060,0.242758,0.711781,URY,DNK,6994
231,64,1179,1992,45585,160663,1.660693,1.289752,USA,DNK,6994
236,64,1179,1992,0,6697,-0.106385,-0.65975,VEN,DNK,6994
246,64,1179,1992,0,3797,0.236335,1.415622,ZAF,DNK,6994
248,64,1179,1992,0,10575,-0.11168099999999999,0.143612,ZWE,DNK,6994
249,64,1179,1992,65928,15356,1.3694790000000001,1.6227559999999999,TWN,DNK,6994
0,65,1179,1992,0,13000,-0.260923,-0.700814,ABW,DOM,6994
6,65,1179,1992,0,32000,0.258484,-0.47236000000000006,ANT,DOM,6994
13,65,1179,1992,0,1000,0.561238,-0.164287,ATG,DOM,6994
32,65,1179,1992,34482,0,0.685144,1.5676709999999998,BRA,DOM,6994
61,65,1179,1992,4074,0,2.2968349999999997,-2.581569,DEU,DOM,6994
71,65,1179,1992,5123,0,1.301511,1.730441,ESP,DOM,6994
112,65,1179,1992,0,12997,-0.200329,-0.595741,JAM,DOM,6994
114,65,1179,1992,258250,0,2.451698,0.875639,JPN,DOM,6994
127,65,1179,1992,0,11206,0.199639,-0.28238,LCA,DOM,6994
134,65,1179,1992,0,1338,-0.339711,-0.265987,MAR,DOM,6994
222,65,1179,1992,0,17133,0.43506000000000006,-0.43233599999999994,TTO,DOM,6994
231,65,1179,1992,2696,174811,1.660693,1.289752,USA,DOM,6994
246,65,1179,1992,142932,0,0.236335,1.415622,ZAF,DOM,6994
249,65,1179,1992,23000,0,1.3694790000000001,1.6227559999999999,TWN,DOM,6994
2,71,1179,1992,0,3312,-1.90642,-1.061544,AGO,ESP,6994
5,71,1179,1992,0,1296,1.4058959999999998,0.830189,AND,ESP,6994
7,71,1179,1992,0,1133,-0.495518,-0.963358,ARE,ESP,6994
8,71,1179,1992,1723,581380,0.043179,0.553408,ARG,ESP,6994
14,71,1179,1992,0,8992,0.083812,0.637224,AUS,ESP,6994
15,71,1179,1992,163944,5178,1.975207,0.669388,AUT,ESP,6994
18,71,1179,1992,203650,601827,1.449085,1.622957,BEL,ESP,6994
32,71,1179,1992,60367,12641,0.685144,1.5676709999999998,BRA,ESP,6994
39,71,1179,1992,43270,27869,0.74703,1.096791,CAN,ESP,6994
41,71,1179,1992,361870,33380,2.24952,1.014945,CHE,ESP,6994
42,71,1179,1992,0,293473,-0.188106,-0.360151,CHL,ESP,6994
43,71,1179,1992,2382,7021,0.269411,1.920075,CHN,ESP,6994
45,71,1179,1992,0,29980,-2.0470759999999997,-1.184491,CMR,ESP,6994
49,71,1179,1992,0,88959,0.022895,0.22971799999999998,COL,ESP,6994
52,71,1179,1992,0,15034,0.11654,0.191873,CRI,ESP,6994
54,71,1179,1992,0,23225,-0.719011,-1.077984,CUB,ESP,6994
58,71,1179,1992,0,3430,0.471516,0.668776,CYP,ESP,6994
61,71,1179,1992,14761519,8733954,2.2968349999999997,-2.581569,DEU,ESP,6994
64,71,1179,1992,179063,50427,1.696464,1.365743,DNK,ESP,6994
65,71,1179,1992,0,5123,-0.338979,-0.5049279999999999,DOM,ESP,6994
66,71,1179,1992,0,5708,-0.24189699999999997,-0.9399219999999999,DZA,ESP,6994
67,71,1179,1992,0,1513,-0.815778,-0.9415459999999999,ECU,ESP,6994
68,71,1179,1992,0,1053,-0.102143,-0.17513499999999999,EGY,ESP,6994
74,71,1179,1992,2899,5761,1.929661,1.3477,FIN,ESP,6994
77,71,1179,1992,3822587,12846060,1.682766,1.2713430000000001,FRA,ESP,6994
81,71,1179,1992,1843420,692271,1.8901810000000001,0.9274030000000001,GBR,ESP,6994
83,71,1179,1992,0,1147,-0.936314,-0.935839,GHA,ESP,6994
89,71,1179,1992,0,9573,-2.3828419999999997,-0.898589,GNQ,ESP,6994
90,71,1179,1992,0,7053,0.139504,0.743678,GRC,ESP,6994
97,71,1179,1992,1015,0,0.754112,1.911201,HKG,ESP,6994
102,71,1179,1992,0,3587,0.9144620000000001,2.157041,HUN,ESP,6994
104,71,1179,1992,43469,3351,0.101094,1.6851180000000001,IND,ESP,6994
106,71,1179,1992,7652,12531,1.454172,1.397052,IRL,ESP,6994
109,71,1179,1992,0,1391,-0.076691,-0.630567,ISL,ESP,6994
110,71,1179,1992,0,1815,1.354362,1.3260530000000001,ISR,ESP,6994
111,71,1179,1992,3597308,2429940,1.7819,0.981246,ITA,ESP,6994
113,71,1179,1992,0,896,0.716964,0.5323760000000001,JOR,ESP,6994
114,71,1179,1992,1192927,28396,2.451698,0.875639,JPN,ESP,6994
121,71,1179,1992,41705,30573,0.778066,1.3011139999999999,KOR,ESP,6994
128,71,1179,1992,0,924,-0.45780600000000005,-0.221948,LKA,ESP,6994
134,71,1179,1992,0,8884,-0.339711,-0.265987,MAR,ESP,6994
136,71,1179,1992,0,670,-0.977873,-0.743187,MDG,ESP,6994
138,71,1179,1992,0,95361,0.9039370000000001,0.965842,MEX,ESP,6994
142,71,1179,1992,0,1356,0.828211,0.29226599999999997,MLT,ESP,6994
148,71,1179,1992,0,3633,-1.270091,-1.116622,MRT,ESP,6994
150,71,1179,1992,0,34826,0.70167,-0.075327,MTQ,ESP,6994
151,71,1179,1992,0,2125,-0.249558,-0.643201,MUS,ESP,6994
153,71,1179,1992,0,2064,0.14268499999999998,0.370079,MYS,ESP,6994
160,71,1179,1992,0,1573,-0.214083,-0.111615,NIC,ESP,6994
162,71,1179,1992,201049,606635,1.4315069999999999,1.7107450000000002,NLD,ESP,6994
163,71,1179,1992,6230,8980,0.877965,0.444983,NOR,ESP,6994
166,71,1179,1992,0,1932,0.41866000000000003,0.580581,NZL,ESP,6994
168,71,1179,1992,0,2080,-0.480152,-0.361705,PAK,ESP,6994
173,71,1179,1992,0,9622,-0.286545,-0.264638,PER,ESP,6994
179,71,1179,1992,236147,990285,0.47505,0.8402860000000001,PRT,ESP,6994
184,71,1179,1992,0,1820,0.251216,-0.448812,REU,ESP,6994
185,71,1179,1992,0,1023,0.838817,1.358629,ROU,ESP,6994
188,71,1179,1992,0,175754,0.416315,-0.7342489999999999,SAU,ESP,6994
192,71,1179,1992,16804,4177,0.95691,0.892702,SGP,ESP,6994
207,71,1179,1992,0,7600,1.3270629999999999,1.605534,SVN,ESP,6994
208,71,1179,1992,125509,426140,2.2265900000000003,0.999178,SWE,ESP,6994
212,71,1179,1992,0,118181,-0.566724,-0.602446,SYR,ESP,6994
216,71,1179,1992,0,6301,0.109518,1.486578,THA,ESP,6994
223,71,1179,1992,732439,210553,0.14482,-0.13608,TUN,ESP,6994
224,71,1179,1992,0,16591,0.160966,1.154796,TUR,ESP,6994
230,71,1179,1992,0,2535,0.242758,0.711781,URY,ESP,6994
231,71,1179,1992,190545,38783,1.660693,1.289752,USA,ESP,6994
236,71,1179,1992,0,13951,-0.106385,-0.65975,VEN,ESP,6994
246,71,1179,1992,0,2878,0.236335,1.415622,ZAF,ESP,6994
249,71,1179,1992,8986,2310,1.3694790000000001,1.6227559999999999,TWN,ESP,6994
250,71,1179,1992,0,8304,0.989994,0.977453,ANS,ESP,6994
8,74,1179,1992,0,2998,0.043179,0.553408,ARG,FIN,6994
14,74,1179,1992,0,16210,0.083812,0.637224,AUS,FIN,6994
15,74,1179,1992,42809,16150,1.975207,0.669388,AUT,FIN,6994
18,74,1179,1992,29946,383675,1.449085,1.622957,BEL,FIN,6994
31,74,1179,1992,0,1198,-0.609826,-0.693473,BOL,FIN,6994
32,74,1179,1992,47318,2314,0.685144,1.5676709999999998,BRA,FIN,6994
39,74,1179,1992,1974,2252,0.74703,1.096791,CAN,FIN,6994
41,74,1179,1992,391686,449343,2.24952,1.014945,CHE,FIN,6994
42,74,1179,1992,0,1315,-0.188106,-0.360151,CHL,FIN,6994
43,74,1179,1992,0,55798,0.269411,1.920075,CHN,FIN,6994
53,74,1179,1992,3745,0,1.116966,2.225331,CSK,FIN,6994
61,74,1179,1992,2240978,378619,2.2968349999999997,-2.581569,DEU,FIN,6994
64,74,1179,1992,104276,173761,1.696464,1.365743,DNK,FIN,6994
71,74,1179,1992,5761,2899,1.301511,1.730441,ESP,FIN,6994
77,74,1179,1992,182791,16606,1.682766,1.2713430000000001,FRA,FIN,6994
81,74,1179,1992,110755,49541,1.8901810000000001,0.9274030000000001,GBR,FIN,6994
90,74,1179,1992,0,1025,0.139504,0.743678,GRC,FIN,6994
97,74,1179,1992,5687,210858,0.754112,1.911201,HKG,FIN,6994
102,74,1179,1992,73474,9508,0.9144620000000001,2.157041,HUN,FIN,6994
103,74,1179,1992,0,9645,-0.5250670000000001,0.717568,IDN,FIN,6994
104,74,1179,1992,18241,24917,0.101094,1.6851180000000001,IND,FIN,6994
106,74,1179,1992,28133,13367,1.454172,1.397052,IRL,FIN,6994
107,74,1179,1992,0,2498,-1.195108,-1.135155,IRN,FIN,6994
109,74,1179,1992,0,10873,-0.076691,-0.630567,ISL,FIN,6994
110,74,1179,1992,0,14375,1.354362,1.3260530000000001,ISR,FIN,6994
111,74,1179,1992,75209,42718,1.7819,0.981246,ITA,FIN,6994
114,74,1179,1992,20343,8819,2.451698,0.875639,JPN,FIN,6994
121,74,1179,1992,12496,27889,0.778066,1.3011139999999999,KOR,FIN,6994
128,74,1179,1992,0,2991,-0.45780600000000005,-0.221948,LKA,FIN,6994
134,74,1179,1992,0,1207,-0.339711,-0.265987,MAR,FIN,6994
138,74,1179,1992,0,877,0.9039370000000001,0.965842,MEX,FIN,6994
153,74,1179,1992,1180,2372,0.14268499999999998,0.370079,MYS,FIN,6994
162,74,1179,1992,566757,23718,1.4315069999999999,1.7107450000000002,NLD,FIN,6994
163,74,1179,1992,8386,284305,0.877965,0.444983,NOR,FIN,6994
166,74,1179,1992,4293,5089,0.41866000000000003,0.580581,NZL,FIN,6994
177,74,1179,1992,0,8730,0.581166,2.070795,POL,FIN,6994
179,74,1179,1992,13912,215406,0.47505,0.8402860000000001,PRT,FIN,6994
186,74,1179,1992,56135,69946,0.071799,0.14036099999999999,RUS,FIN,6994
188,74,1179,1992,0,14014,0.416315,-0.7342489999999999,SAU,FIN,6994
192,74,1179,1992,0,2275,0.95691,0.892702,SGP,FIN,6994
208,74,1179,1992,3111765,6958218,2.2265900000000003,0.999178,SWE,FIN,6994
216,74,1179,1992,0,6149,0.109518,1.486578,THA,FIN,6994
224,74,1179,1992,0,1874,0.160966,1.154796,TUR,FIN,6994
231,74,1179,1992,6963,50443,1.660693,1.289752,USA,FIN,6994
236,74,1179,1992,0,1348,-0.106385,-0.65975,VEN,FIN,6994
246,74,1179,1992,0,5419,0.236335,1.415622,ZAF,FIN,6994
247,74,1179,1992,0,1179,-0.9865219999999999,-1.076062,ZMB,FIN,6994
248,74,1179,1992,0,1098,-0.11168099999999999,0.143612,ZWE,FIN,6994
249,74,1179,1992,2535,943,1.3694790000000001,1.6227559999999999,TWN,FIN,6994
250,74,1179,1992,1710,2494,0.989994,0.977453,ANS,FIN,6994
2,77,1179,1992,0,6811,-1.90642,-1.061544,AGO,FRA,6994
7,77,1179,1992,0,533001,-0.495518,-0.963358,ARE,FRA,6994
8,77,1179,1992,0,26432,0.043179,0.553408,ARG,FRA,6994
14,77,1179,1992,1574,54793,0.083812,0.637224,AUS,FRA,6994
15,77,1179,1992,399492,92678,1.975207,0.669388,AUT,FRA,6994
17,77,1179,1992,0,3782,-1.222854,-0.927959,BDI,FRA,6994
18,77,1179,1992,5213772,3922944,1.449085,1.622957,BEL,FRA,6994
19,77,1179,1992,13144,11035,-1.206267,-0.855159,BEN,FRA,6994
21,77,1179,1992,0,88430,-1.176898,-1.092949,BFA,FRA,6994
23,77,1179,1992,0,15016,0.503161,1.871616,BGR,FRA,6994
31,77,1179,1992,0,2490,-0.609826,-0.693473,BOL,FRA,6994
32,77,1179,1992,106110,43015,0.685144,1.5676709999999998,BRA,FRA,6994
38,77,1179,1992,0,1889,-1.324814,-0.968041,CAF,FRA,6994
39,77,1179,1992,29004,44557,0.74703,1.096791,CAN,FRA,6994
41,77,1179,1992,4230744,235125,2.24952,1.014945,CHE,FRA,6994
42,77,1179,1992,2150,16847,-0.188106,-0.360151,CHL,FRA,6994
43,77,1179,1992,180459,1911,0.269411,1.920075,CHN,FRA,6994
44,77,1179,1992,0,312707,-1.689731,-1.070179,CIV,FRA,6994
45,77,1179,1992,0,180248,-2.0470759999999997,-1.184491,CMR,FRA,6994
46,77,1179,1992,0,49445,-1.55348,-1.100071,COD,FRA,6994
47,77,1179,1992,0,53805,-2.019876,-1.1048360000000002,COG,FRA,6994
49,77,1179,1992,0,1056,0.022895,0.22971799999999998,COL,FRA,6994
53,77,1179,1992,5166,75411,1.116966,2.225331,CSK,FRA,6994
58,77,1179,1992,0,3357,0.471516,0.668776,CYP,FRA,6994
61,77,1179,1992,59299028,23686910,2.2968349999999997,-2.581569,DEU,FRA,6994
62,77,1179,1992,0,6369,0.708593,1.196323,DJI,FRA,6994
64,77,1179,1992,272639,32652,1.696464,1.365743,DNK,FRA,6994
66,77,1179,1992,0,464942,-0.24189699999999997,-0.9399219999999999,DZA,FRA,6994
67,77,1179,1992,0,10925,-0.815778,-0.9415459999999999,ECU,FRA,6994
68,77,1179,1992,0,47620,-0.102143,-0.17513499999999999,EGY,FRA,6994
71,77,1179,1992,12846060,3822587,1.301511,1.730441,ESP,FRA,6994
73,77,1179,1992,0,24658,-1.036482,-1.078446,ETH,FRA,6994
74,77,1179,1992,16606,182791,1.929661,1.3477,FIN,FRA,6994
80,77,1179,1992,0,70262,-1.683572,-1.0855620000000001,GAB,FRA,6994
81,77,1179,1992,2787744,2493464,1.8901810000000001,0.9274030000000001,GBR,FRA,6994
83,77,1179,1992,0,4809,-0.936314,-0.935839,GHA,FRA,6994
84,77,1179,1992,37047,0,1.356823,0.656416,GIB,FRA,6994
85,77,1179,1992,0,59182,-1.11535,-1.0306,GIN,FRA,6994
86,77,1179,1992,0,54592,0.68221,-0.319682,GLP,FRA,6994
90,77,1179,1992,1095,51725,0.139504,0.743678,GRC,FRA,6994
94,77,1179,1992,71979,60586,0.9797959999999999,0.125384,GUF,FRA,6994
96,77,1179,1992,0,4443,-0.6447689999999999,-0.808177,GUY,FRA,6994
97,77,1179,1992,2236,27109,0.754112,1.911201,HKG,FRA,6994
100,77,1179,1992,7599,2135,0.877872,1.726188,HRV,FRA,6994
101,77,1179,1992,0,6047,-0.005733,-0.191027,HTI,FRA,6994
102,77,1179,1992,0,19338,0.9144620000000001,2.157041,HUN,FRA,6994
103,77,1179,1992,0,175950,-0.5250670000000001,0.717568,IDN,FRA,6994
104,77,1179,1992,549599,74269,0.101094,1.6851180000000001,IND,FRA,6994
106,77,1179,1992,2431,185136,1.454172,1.397052,IRL,FRA,6994
107,77,1179,1992,0,3283,-1.195108,-1.135155,IRN,FRA,6994
109,77,1179,1992,0,5948,-0.076691,-0.630567,ISL,FRA,6994
110,77,1179,1992,14932,102615,1.354362,1.3260530000000001,ISR,FRA,6994
111,77,1179,1992,15337804,4202860,1.7819,0.981246,ITA,FRA,6994
112,77,1179,1992,0,1332,-0.200329,-0.595741,JAM,FRA,6994
113,77,1179,1992,0,21431,0.716964,0.5323760000000001,JOR,FRA,6994
114,77,1179,1992,2014346,223489,2.451698,0.875639,JPN,FRA,6994
116,77,1179,1992,0,2821,-0.31818,-0.096856,KEN,FRA,6994
121,77,1179,1992,4954,80528,0.778066,1.3011139999999999,KOR,FRA,6994
122,77,1179,1992,0,12042,-1.2360950000000002,-1.061771,KWT,FRA,6994
123,77,1179,1992,0,21969,-1.03711,-1.114235,LAO,FRA,6994
124,77,1179,1992,0,118247,0.186135,0.800906,LBN,FRA,6994
126,77,1179,1992,0,26285,-0.333309,-0.981883,LBY,FRA,6994
128,77,1179,1992,0,2397,-0.45780600000000005,-0.221948,LKA,FRA,6994
134,77,1179,1992,1111,190132,-0.339711,-0.265987,MAR,FRA,6994
136,77,1179,1992,0,43916,-0.977873,-0.743187,MDG,FRA,6994
138,77,1179,1992,0,18477,0.9039370000000001,0.965842,MEX,FRA,6994
141,77,1179,1992,0,76095,-0.9495790000000001,-1.028165,MLI,FRA,6994
142,77,1179,1992,0,3822,0.828211,0.29226599999999997,MLT,FRA,6994
143,77,1179,1992,0,2550,-1.030267,-0.770368,MMR,FRA,6994
147,77,1179,1992,0,44430,-0.119653,-0.28381100000000004,MOZ,FRA,6994
148,77,1179,1992,0,11851,-1.270091,-1.116622,MRT,FRA,6994
150,77,1179,1992,0,30538,0.70167,-0.075327,MTQ,FRA,6994
151,77,1179,1992,0,8994,-0.249558,-0.643201,MUS,FRA,6994
153,77,1179,1992,0,44691,0.14268499999999998,0.370079,MYS,FRA,6994
156,77,1179,1992,0,107680,-1.284672,-0.9233870000000001,NCL,FRA,6994
159,77,1179,1992,0,84341,-2.275923,-1.178983,NGA,FRA,6994
162,77,1179,1992,1299764,1326570,1.4315069999999999,1.7107450000000002,NLD,FRA,6994
163,77,1179,1992,2241,22186,0.877965,0.444983,NOR,FRA,6994
166,77,1179,1992,2296,6633,0.41866000000000003,0.580581,NZL,FRA,6994
167,77,1179,1992,0,10086,-0.906702,-1.0716709999999998,OMN,FRA,6994
168,77,1179,1992,0,43906,-0.480152,-0.361705,PAK,FRA,6994
173,77,1179,1992,0,27843,-0.286545,-0.264638,PER,FRA,6994
174,77,1179,1992,0,7899,-0.139761,0.772109,PHL,FRA,6994
177,77,1179,1992,25506,182979,0.581166,2.070795,POL,FRA,6994
179,77,1179,1992,1184769,206342,0.47505,0.8402860000000001,PRT,FRA,6994
180,77,1179,1992,0,6777,-0.906433,-0.787177,PRY,FRA,6994
182,77,1179,1992,0,5679,0.217401,-0.5575180000000001,PYF,FRA,6994
183,77,1179,1992,0,80024,-0.491413,-1.004476,QAT,FRA,6994
184,77,1179,1992,0,206764,0.251216,-0.448812,REU,FRA,6994
185,77,1179,1992,0,26680,0.838817,1.358629,ROU,FRA,6994
186,77,1179,1992,0,1323,0.071799,0.14036099999999999,RUS,FRA,6994
187,77,1179,1992,0,2646,-0.890012,-0.888402,RWA,FRA,6994
188,77,1179,1992,0,1652204,0.416315,-0.7342489999999999,SAU,FRA,6994
189,77,1179,1992,0,26922,0.9474950000000001,2.442268,SCG,FRA,6994
191,77,1179,1992,0,247243,-0.43371800000000005,-0.679547,SEN,FRA,6994
192,77,1179,1992,364502,348515,0.95691,0.892702,SGP,FRA,6994
200,77,1179,1992,0,3782,-0.49168900000000004,-0.812567,SPM,FRA,6994
207,77,1179,1992,0,11815,1.3270629999999999,1.605534,SVN,FRA,6994
208,77,1179,1992,741989,901343,2.2265900000000003,0.999178,SWE,FRA,6994
212,77,1179,1992,0,298668,-0.566724,-0.602446,SYR,FRA,6994
214,77,1179,1992,0,46564,-1.2855530000000002,-0.869568,TCD,FRA,6994
215,77,1179,1992,0,13928,-1.199292,-1.082889,TGO,FRA,6994
216,77,1179,1992,23349,80923,0.109518,1.486578,THA,FRA,6994
223,77,1179,1992,88310,398631,0.14482,-0.13608,TUN,FRA,6994
224,77,1179,1992,20978,238695,0.160966,1.154796,TUR,FRA,6994
230,77,1179,1992,0,1336,0.242758,0.711781,URY,FRA,6994
231,77,1179,1992,407402,630570,1.660693,1.289752,USA,FRA,6994
236,77,1179,1992,0,13797,-0.106385,-0.65975,VEN,FRA,6994
239,77,1179,1992,0,21744,-0.989259,-0.43416099999999996,VNM,FRA,6994
243,77,1179,1992,0,9491,-0.7116020000000001,-0.9852489999999999,YEM,FRA,6994
246,77,1179,1992,120408,92752,0.236335,1.415622,ZAF,FRA,6994
247,77,1179,1992,0,54250,-0.9865219999999999,-1.076062,ZMB,FRA,6994
248,77,1179,1992,0,2574,-0.11168099999999999,0.143612,ZWE,FRA,6994
249,77,1179,1992,100135,35202,1.3694790000000001,1.6227559999999999,TWN,FRA,6994
250,77,1179,1992,419363,0,0.989994,0.977453,ANS,FRA,6994
7,81,1179,1992,0,45365,-0.495518,-0.963358,ARE,GBR,6994
8,81,1179,1992,10749,21396,0.043179,0.553408,ARG,GBR,6994
13,81,1179,1992,0,3882,0.561238,-0.164287,ATG,GBR,6994
14,81,1179,1992,46553,284178,0.083812,0.637224,AUS,GBR,6994
15,81,1179,1992,126681,20292,1.975207,0.669388,AUT,GBR,6994
18,81,1179,1992,617688,1131561,1.449085,1.622957,BEL,GBR,6994
22,81,1179,1992,0,4487,-0.608254,-0.921751,BGD,GBR,6994
23,81,1179,1992,3432,0,0.503161,1.871616,BGR,GBR,6994
29,81,1179,1992,0,6044,-0.06729700000000001,-0.386682,BLZ,GBR,6994
30,81,1179,1992,0,1668,0.302027,-0.450866,BMU,GBR,6994
32,81,1179,1992,26516,63537,0.685144,1.5676709999999998,BRA,GBR,6994
33,81,1179,1992,0,46877,0.9121950000000001,0.413592,BRB,GBR,6994
34,81,1179,1992,0,17623,-1.142722,-0.818717,BRN,GBR,6994
39,81,1179,1992,100289,146325,0.74703,1.096791,CAN,GBR,6994
40,81,1179,1992,0,1221,1.2318440000000002,0.13000799999999998,CCK,GBR,6994
41,81,1179,1992,3710854,277651,2.24952,1.014945,CHE,GBR,6994
42,81,1179,1992,0,16139,-0.188106,-0.360151,CHL,GBR,6994
43,81,1179,1992,61477,21404,0.269411,1.920075,CHN,GBR,6994
49,81,1179,1992,0,7397,0.022895,0.22971799999999998,COL,GBR,6994
52,81,1179,1992,0,18485,0.11654,0.191873,CRI,GBR,6994
58,81,1179,1992,0,43643,0.471516,0.668776,CYP,GBR,6994
61,81,1179,1992,32827574,9731648,2.2968349999999997,-2.581569,DEU,GBR,6994
63,81,1179,1992,0,1650,0.9006850000000001,-0.055001999999999995,DMA,GBR,6994
64,81,1179,1992,592255,1182014,1.696464,1.365743,DNK,GBR,6994
66,81,1179,1992,0,20522,-0.24189699999999997,-0.9399219999999999,DZA,GBR,6994
68,81,1179,1992,0,39031,-0.102143,-0.17513499999999999,EGY,GBR,6994
71,81,1179,1992,692271,1843420,1.301511,1.730441,ESP,GBR,6994
74,81,1179,1992,49541,110755,1.929661,1.3477,FIN,GBR,6994
75,81,1179,1992,0,31830,-0.573887,-0.6382680000000001,FJI,GBR,6994
77,81,1179,1992,2493464,2787744,1.682766,1.2713430000000001,FRA,GBR,6994
83,81,1179,1992,0,6626,-0.936314,-0.935839,GHA,GBR,6994
84,81,1179,1992,0,1817,1.356823,0.656416,GIB,GBR,6994
85,81,1179,1992,0,1861,-1.11535,-1.0306,GIN,GBR,6994
90,81,1179,1992,14745,113908,0.139504,0.743678,GRC,GBR,6994
93,81,1179,1992,0,2821,-0.031145999999999997,0.48874300000000004,GTM,GBR,6994
96,81,1179,1992,0,37984,-0.6447689999999999,-0.808177,GUY,GBR,6994
97,81,1179,1992,87190,119475,0.754112,1.911201,HKG,GBR,6994
100,81,1179,1992,0,8052,0.877872,1.726188,HRV,GBR,6994
101,81,1179,1992,0,14429,-0.005733,-0.191027,HTI,GBR,6994
102,81,1179,1992,10904,2086,0.9144620000000001,2.157041,HUN,GBR,6994
103,81,1179,1992,1744,21236,-0.5250670000000001,0.717568,IDN,GBR,6994
104,81,1179,1992,572919,794226,0.101094,1.6851180000000001,IND,GBR,6994
106,81,1179,1992,263057,1944532,1.454172,1.397052,IRL,GBR,6994
107,81,1179,1992,0,5872276,-1.195108,-1.135155,IRN,GBR,6994
109,81,1179,1992,0,1253,-0.076691,-0.630567,ISL,GBR,6994
110,81,1179,1992,0,66311,1.354362,1.3260530000000001,ISR,GBR,6994
111,81,1179,1992,3312688,4597204,1.7819,0.981246,ITA,GBR,6994
112,81,1179,1992,0,138636,-0.200329,-0.595741,JAM,GBR,6994
113,81,1179,1992,0,18142,0.716964,0.5323760000000001,JOR,GBR,6994
114,81,1179,1992,6260062,96529,2.451698,0.875639,JPN,GBR,6994
116,81,1179,1992,0,51325,-0.31818,-0.096856,KEN,GBR,6994
121,81,1179,1992,52861,237671,0.778066,1.3011139999999999,KOR,GBR,6994
122,81,1179,1992,0,39575,-1.2360950000000002,-1.061771,KWT,GBR,6994
126,81,1179,1992,0,10290,-0.333309,-0.981883,LBY,GBR,6994
127,81,1179,1992,0,2991,0.199639,-0.28238,LCA,GBR,6994
128,81,1179,1992,0,12850,-0.45780600000000005,-0.221948,LKA,GBR,6994
134,81,1179,1992,0,6485,-0.339711,-0.265987,MAR,GBR,6994
136,81,1179,1992,0,7597,-0.977873,-0.743187,MDG,GBR,6994
138,81,1179,1992,3355,25951,0.9039370000000001,0.965842,MEX,GBR,6994
141,81,1179,1992,2034,2592,-0.9495790000000001,-1.028165,MLI,GBR,6994
142,81,1179,1992,1119,18464,0.828211,0.29226599999999997,MLT,GBR,6994
147,81,1179,1992,0,1190,-0.119653,-0.28381100000000004,MOZ,GBR,6994
151,81,1179,1992,0,9018,-0.249558,-0.643201,MUS,GBR,6994
153,81,1179,1992,0,85197,0.14268499999999998,0.370079,MYS,GBR,6994
159,81,1179,1992,0,52720,-2.275923,-1.178983,NGA,GBR,6994
162,81,1179,1992,2868151,1882127,1.4315069999999999,1.7107450000000002,NLD,GBR,6994
163,81,1179,1992,14534,660745,0.877965,0.444983,NOR,GBR,6994
166,81,1179,1992,96425,10625,0.41866000000000003,0.580581,NZL,GBR,6994
167,81,1179,1992,0,3949,-0.906702,-1.0716709999999998,OMN,GBR,6994
168,81,1179,1992,0,46921,-0.480152,-0.361705,PAK,GBR,6994
173,81,1179,1992,0,23325,-0.286545,-0.264638,PER,GBR,6994
174,81,1179,1992,35141,14345,-0.139761,0.772109,PHL,GBR,6994
177,81,1179,1992,0,8899,0.581166,2.070795,POL,GBR,6994
178,81,1179,1992,0,2273,0.201042,0.477547,PRK,GBR,6994
179,81,1179,1992,179532,75706,0.47505,0.8402860000000001,PRT,GBR,6994
180,81,1179,1992,0,3200,-0.906433,-0.787177,PRY,GBR,6994
183,81,1179,1992,0,7906,-0.491413,-1.004476,QAT,GBR,6994
185,81,1179,1992,0,1039,0.838817,1.358629,ROU,GBR,6994
186,81,1179,1992,0,13179,0.071799,0.14036099999999999,RUS,GBR,6994
188,81,1179,1992,4419,449743,0.416315,-0.7342489999999999,SAU,GBR,6994
189,81,1179,1992,0,6734,0.9474950000000001,2.442268,SCG,GBR,6994
191,81,1179,1992,0,1643,-0.43371800000000005,-0.679547,SEN,GBR,6994
192,81,1179,1992,273574,410402,0.95691,0.892702,SGP,GBR,6994
197,81,1179,1992,0,1334,0.396523,0.47548900000000005,SLV,GBR,6994
207,81,1179,1992,0,12391,1.3270629999999999,1.605534,SVN,GBR,6994
208,81,1179,1992,2372150,6971018,2.2265900000000003,0.999178,SWE,GBR,6994
212,81,1179,1992,0,2258,-0.566724,-0.602446,SYR,GBR,6994
216,81,1179,1992,1590,7745,0.109518,1.486578,THA,GBR,6994
222,81,1179,1992,0,7725,0.43506000000000006,-0.43233599999999994,TTO,GBR,6994
223,81,1179,1992,0,51261,0.14482,-0.13608,TUN,GBR,6994
224,81,1179,1992,7606,90579,0.160966,1.154796,TUR,GBR,6994
226,81,1179,1992,0,4324,-1.139271,-0.8235379999999999,TZA,GBR,6994
230,81,1179,1992,0,10394,0.242758,0.711781,URY,GBR,6994
231,81,1179,1992,1228954,3354382,1.660693,1.289752,USA,GBR,6994
236,81,1179,1992,0,27596,-0.106385,-0.65975,VEN,GBR,6994
243,81,1179,1992,1149,0,-0.7116020000000001,-0.9852489999999999,YEM,GBR,6994
246,81,1179,1992,2010534,506513,0.236335,1.415622,ZAF,GBR,6994
248,81,1179,1992,0,8640,-0.11168099999999999,0.143612,ZWE,GBR,6994
249,81,1179,1992,129121,325781,1.3694790000000001,1.6227559999999999,TWN,GBR,6994
8,93,1179,1992,3297,0,0.043179,0.553408,ARG,GTM,6994
32,93,1179,1992,60350,0,0.685144,1.5676709999999998,BRA,GTM,6994
41,93,1179,1992,2644,0,2.24952,1.014945,CHE,GTM,6994
42,93,1179,1992,1902,0,-0.188106,-0.360151,CHL,GTM,6994
61,93,1179,1992,4893,0,2.2968349999999997,-2.581569,DEU,GTM,6994
64,93,1179,1992,1531,0,1.696464,1.365743,DNK,GTM,6994
81,93,1179,1992,2821,0,1.8901810000000001,0.9274030000000001,GBR,GTM,6994
97,93,1179,1992,1942,0,0.754112,1.911201,HKG,GTM,6994
111,93,1179,1992,1998,0,1.7819,0.981246,ITA,GTM,6994
114,93,1179,1992,12606,0,2.451698,0.875639,JPN,GTM,6994
121,93,1179,1992,5553,0,0.778066,1.3011139999999999,KOR,GTM,6994
138,93,1179,1992,3918,937,0.9039370000000001,0.965842,MEX,GTM,6994
197,93,1179,1992,0,208150,0.396523,0.47548900000000005,SLV,GTM,6994
208,93,1179,1992,1592,0,2.2265900000000003,0.999178,SWE,GTM,6994
231,93,1179,1992,268642,0,1.660693,1.289752,USA,GTM,6994
236,93,1179,1992,2760,0,-0.106385,-0.65975,VEN,GTM,6994
249,93,1179,1992,6265,0,1.3694790000000001,1.6227559999999999,TWN,GTM,6994
250,93,1179,1992,2382,0,0.989994,0.977453,ANS,GTM,6994
8,97,1179,1992,0,2555,0.043179,0.553408,ARG,HKG,6994
14,97,1179,1992,39073,15498,0.083812,0.637224,AUS,HKG,6994
15,97,1179,1992,23333,0,1.975207,0.669388,AUT,HKG,6994
18,97,1179,1992,5759,0,1.449085,1.622957,BEL,HKG,6994
32,97,1179,1992,2447,17593,0.685144,1.5676709999999998,BRA,HKG,6994
34,97,1179,1992,0,2654,-1.142722,-0.818717,BRN,HKG,6994
39,97,1179,1992,1776,17446,0.74703,1.096791,CAN,HKG,6994
41,97,1179,1992,34071,1422,2.24952,1.014945,CHE,HKG,6994
43,97,1179,1992,3740598,12849329,0.269411,1.920075,CHN,HKG,6994
49,97,1179,1992,0,1218,0.022895,0.22971799999999998,COL,HKG,6994
52,97,1179,1992,0,17351,0.11654,0.191873,CRI,HKG,6994
61,97,1179,1992,314469,55881,2.2968349999999997,-2.581569,DEU,HKG,6994
64,97,1179,1992,0,13342,1.696464,1.365743,DNK,HKG,6994
66,97,1179,1992,0,5580,-0.24189699999999997,-0.9399219999999999,DZA,HKG,6994
67,97,1179,1992,0,1197,-0.815778,-0.9415459999999999,ECU,HKG,6994
68,97,1179,1992,0,14399,-0.102143,-0.17513499999999999,EGY,HKG,6994
71,97,1179,1992,0,1015,1.301511,1.730441,ESP,HKG,6994
74,97,1179,1992,210858,5687,1.929661,1.3477,FIN,HKG,6994
77,97,1179,1992,27109,2236,1.682766,1.2713430000000001,FRA,HKG,6994
81,97,1179,1992,119475,87190,1.8901810000000001,0.9274030000000001,GBR,HKG,6994
93,97,1179,1992,0,1942,-0.031145999999999997,0.48874300000000004,GTM,HKG,6994
103,97,1179,1992,3013,184086,-0.5250670000000001,0.717568,IDN,HKG,6994
104,97,1179,1992,24458,87282,0.101094,1.6851180000000001,IND,HKG,6994
106,97,1179,1992,1143,10558,1.454172,1.397052,IRL,HKG,6994
110,97,1179,1992,0,1532,1.354362,1.3260530000000001,ISR,HKG,6994
111,97,1179,1992,173246,1395,1.7819,0.981246,ITA,HKG,6994
114,97,1179,1992,14371727,54952,2.451698,0.875639,JPN,HKG,6994
121,97,1179,1992,79083,8160,0.778066,1.3011139999999999,KOR,HKG,6994
128,97,1179,1992,0,5378,-0.45780600000000005,-0.221948,LKA,HKG,6994
133,97,1179,1992,21999,232619,0.249034,-0.026864,MAC,HKG,6994
138,97,1179,1992,0,39549,0.9039370000000001,0.965842,MEX,HKG,6994
143,97,1179,1992,0,4897,-1.030267,-0.770368,MMR,HKG,6994
151,97,1179,1992,0,8841,-0.249558,-0.643201,MUS,HKG,6994
153,97,1179,1992,109129,726839,0.14268499999999998,0.370079,MYS,HKG,6994
159,97,1179,1992,0,185802,-2.275923,-1.178983,NGA,HKG,6994
162,97,1179,1992,18108,7475,1.4315069999999999,1.7107450000000002,NLD,HKG,6994
163,97,1179,1992,1030,0,0.877965,0.444983,NOR,HKG,6994
164,97,1179,1992,0,15104,-0.604018,-0.677756,NPL,HKG,6994
166,97,1179,1992,0,7440,0.41866000000000003,0.580581,NZL,HKG,6994
168,97,1179,1992,0,15987,-0.480152,-0.361705,PAK,HKG,6994
169,97,1179,1992,0,2385,0.289315,0.37247199999999997,PAN,HKG,6994
174,97,1179,1992,47745,213026,-0.139761,0.772109,PHL,HKG,6994
179,97,1179,1992,0,5721,0.47505,0.8402860000000001,PRT,HKG,6994
188,97,1179,1992,0,23000,0.416315,-0.7342489999999999,SAU,HKG,6994
192,97,1179,1992,713540,239393,0.95691,0.892702,SGP,HKG,6994
208,97,1179,1992,63306,0,2.2265900000000003,0.999178,SWE,HKG,6994
216,97,1179,1992,94815,1275118,0.109518,1.486578,THA,HKG,6994
222,97,1179,1992,0,7164,0.43506000000000006,-0.43233599999999994,TTO,HKG,6994
223,97,1179,1992,0,5071,0.14482,-0.13608,TUN,HKG,6994
224,97,1179,1992,0,9644,0.160966,1.154796,TUR,HKG,6994
231,97,1179,1992,2238459,121956,1.660693,1.289752,USA,HKG,6994
246,97,1179,1992,0,25183,0.236335,1.415622,ZAF,HKG,6994
249,97,1179,1992,2456837,112309,1.3694790000000001,1.6227559999999999,TWN,HKG,6994
15,99,1179,1992,2394,0,1.975207,0.669388,AUT,HND,6994
32,99,1179,1992,11240,0,0.685144,1.5676709999999998,BRA,HND,6994
43,99,1179,1992,1514,0,0.269411,1.920075,CHN,HND,6994
61,99,1179,1992,6451,0,2.2968349999999997,-2.581569,DEU,HND,6994
104,99,1179,1992,8723,0,0.101094,1.6851180000000001,IND,HND,6994
111,99,1179,1992,2006,0,1.7819,0.981246,ITA,HND,6994
114,99,1179,1992,39101,0,2.451698,0.875639,JPN,HND,6994
138,99,1179,1992,1628,0,0.9039370000000001,0.965842,MEX,HND,6994
231,99,1179,1992,7203,0,1.660693,1.289752,USA,HND,6994
250,99,1179,1992,1339,0,0.989994,0.977453,ANS,HND,6994
7,106,1179,1992,0,4540,-0.495518,-0.963358,ARE,IRL,6994
14,106,1179,1992,0,1460,0.083812,0.637224,AUS,IRL,6994
15,106,1179,1992,5696,0,1.975207,0.669388,AUT,IRL,6994
18,106,1179,1992,383673,348800,1.449085,1.622957,BEL,IRL,6994
32,106,1179,1992,5366,0,0.685144,1.5676709999999998,BRA,IRL,6994
39,106,1179,1992,1951,1331,0.74703,1.096791,CAN,IRL,6994
41,106,1179,1992,7344,12511,2.24952,1.014945,CHE,IRL,6994
61,106,1179,1992,1028377,56187,2.2968349999999997,-2.581569,DEU,IRL,6994
64,106,1179,1992,43773,0,1.696464,1.365743,DNK,IRL,6994
71,106,1179,1992,12531,7652,1.301511,1.730441,ESP,IRL,6994
74,106,1179,1992,13367,28133,1.929661,1.3477,FIN,IRL,6994
77,106,1179,1992,185136,2431,1.682766,1.2713430000000001,FRA,IRL,6994
81,106,1179,1992,1944532,263057,1.8901810000000001,0.9274030000000001,GBR,IRL,6994
97,106,1179,1992,10558,1143,0.754112,1.911201,HKG,IRL,6994
102,106,1179,1992,0,827,0.9144620000000001,2.157041,HUN,IRL,6994
110,106,1179,1992,11783,0,1.354362,1.3260530000000001,ISR,IRL,6994
111,106,1179,1992,41711,18115,1.7819,0.981246,ITA,IRL,6994
114,106,1179,1992,323795,0,2.451698,0.875639,JPN,IRL,6994
121,106,1179,1992,15568,0,0.778066,1.3011139999999999,KOR,IRL,6994
162,106,1179,1992,115732,2908,1.4315069999999999,1.7107450000000002,NLD,IRL,6994
163,106,1179,1992,1227,8428,0.877965,0.444983,NOR,IRL,6994
166,106,1179,1992,0,11572,0.41866000000000003,0.580581,NZL,IRL,6994
179,106,1179,1992,0,5942,0.47505,0.8402860000000001,PRT,IRL,6994
192,106,1179,1992,2955,0,0.95691,0.892702,SGP,IRL,6994
208,106,1179,1992,209207,53818,2.2265900000000003,0.999178,SWE,IRL,6994
216,106,1179,1992,1051,0,0.109518,1.486578,THA,IRL,6994
231,106,1179,1992,132433,56158,1.660693,1.289752,USA,IRL,6994
246,106,1179,1992,18235,1143,0.236335,1.415622,ZAF,IRL,6994
249,106,1179,1992,12717,0,1.3694790000000001,1.6227559999999999,TWN,IRL,6994
4,111,1179,1992,0,114456,-0.24194200000000002,-0.395524,ALB,ITA,6994
7,111,1179,1992,0,136420,-0.495518,-0.963358,ARE,ITA,6994
8,111,1179,1992,0,320522,0.043179,0.553408,ARG,ITA,6994
14,111,1179,1992,2098,408454,0.083812,0.637224,AUS,ITA,6994
15,111,1179,1992,485301,1483458,1.975207,0.669388,AUT,ITA,6994
18,111,1179,1992,2061003,2936740,1.449085,1.622957,BEL,ITA,6994
23,111,1179,1992,3258,74149,0.503161,1.871616,BGR,ITA,6994
26,111,1179,1992,0,11384,0.76031,1.212207,BIH,ITA,6994
32,111,1179,1992,13453,95664,0.685144,1.5676709999999998,BRA,ITA,6994
33,111,1179,1992,0,2848,0.9121950000000001,0.413592,BRB,ITA,6994
39,111,1179,1992,48053,587853,0.74703,1.096791,CAN,ITA,6994
41,111,1179,1992,6858777,1473877,2.24952,1.014945,CHE,ITA,6994
42,111,1179,1992,0,2872,-0.188106,-0.360151,CHL,ITA,6994
43,111,1179,1992,103384,113865,0.269411,1.920075,CHN,ITA,6994
44,111,1179,1992,0,13793,-1.689731,-1.070179,CIV,ITA,6994
45,111,1179,1992,0,30480,-2.0470759999999997,-1.184491,CMR,ITA,6994
46,111,1179,1992,0,19480,-1.55348,-1.100071,COD,ITA,6994
49,111,1179,1992,0,9654,0.022895,0.22971799999999998,COL,ITA,6994
52,111,1179,1992,0,53138,0.11654,0.191873,CRI,ITA,6994
53,111,1179,1992,3904,39002,1.116966,2.225331,CSK,ITA,6994
54,111,1179,1992,0,61838,-0.719011,-1.077984,CUB,ITA,6994
58,111,1179,1992,0,45760,0.471516,0.668776,CYP,ITA,6994
61,111,1179,1992,14497002,18337626,2.2968349999999997,-2.581569,DEU,ITA,6994
64,111,1179,1992,20168,404447,1.696464,1.365743,DNK,ITA,6994
66,111,1179,1992,0,325064,-0.24189699999999997,-0.9399219999999999,DZA,ITA,6994
67,111,1179,1992,0,7622,-0.815778,-0.9415459999999999,ECU,ITA,6994
68,111,1179,1992,0,81339,-0.102143,-0.17513499999999999,EGY,ITA,6994
71,111,1179,1992,2429940,3597308,1.301511,1.730441,ESP,ITA,6994
73,111,1179,1992,0,267343,-1.036482,-1.078446,ETH,ITA,6994
74,111,1179,1992,42718,75209,1.929661,1.3477,FIN,ITA,6994
75,111,1179,1992,0,7350,-0.573887,-0.6382680000000001,FJI,ITA,6994
77,111,1179,1992,4202860,15337804,1.682766,1.2713430000000001,FRA,ITA,6994
78,111,1179,1992,0,6014,-0.51381,-0.8512059999999999,FRO,ITA,6994
81,111,1179,1992,4597204,3312688,1.8901810000000001,0.9274030000000001,GBR,ITA,6994
83,111,1179,1992,0,1008,-0.936314,-0.935839,GHA,ITA,6994
86,111,1179,1992,0,2330,0.68221,-0.319682,GLP,ITA,6994
90,111,1179,1992,0,430092,0.139504,0.743678,GRC,ITA,6994
93,111,1179,1992,0,1998,-0.031145999999999997,0.48874300000000004,GTM,ITA,6994
96,111,1179,1992,0,2544,-0.6447689999999999,-0.808177,GUY,ITA,6994
97,111,1179,1992,1395,173246,0.754112,1.911201,HKG,ITA,6994
99,111,1179,1992,0,2006,-0.5100640000000001,-0.38205900000000004,HND,ITA,6994
100,111,1179,1992,0,68844,0.877872,1.726188,HRV,ITA,6994
102,111,1179,1992,54856,203742,0.9144620000000001,2.157041,HUN,ITA,6994
103,111,1179,1992,0,77416,-0.5250670000000001,0.717568,IDN,ITA,6994
104,111,1179,1992,34380,37138,0.101094,1.6851180000000001,IND,ITA,6994
106,111,1179,1992,18115,41711,1.454172,1.397052,IRL,ITA,6994
107,111,1179,1992,0,501804,-1.195108,-1.135155,IRN,ITA,6994
109,111,1179,1992,0,14459,-0.076691,-0.630567,ISL,ITA,6994
110,111,1179,1992,0,1123192,1.354362,1.3260530000000001,ISR,ITA,6994
112,111,1179,1992,0,2652,-0.200329,-0.595741,JAM,ITA,6994
113,111,1179,1992,0,23255,0.716964,0.5323760000000001,JOR,ITA,6994
114,111,1179,1992,692751,28797,2.451698,0.875639,JPN,ITA,6994
116,111,1179,1992,0,15978,-0.31818,-0.096856,KEN,ITA,6994
118,111,1179,1992,0,5878,-1.036685,-1.149364,KHM,ITA,6994
121,111,1179,1992,1015,90010,0.778066,1.3011139999999999,KOR,ITA,6994
122,111,1179,1992,0,60273,-1.2360950000000002,-1.061771,KWT,ITA,6994
124,111,1179,1992,0,79882,0.186135,0.800906,LBN,ITA,6994
126,111,1179,1992,0,599064,-0.333309,-0.981883,LBY,ITA,6994
128,111,1179,1992,0,6214,-0.45780600000000005,-0.221948,LKA,ITA,6994
134,111,1179,1992,0,155519,-0.339711,-0.265987,MAR,ITA,6994
136,111,1179,1992,0,1742,-0.977873,-0.743187,MDG,ITA,6994
137,111,1179,1992,0,5630,-0.501228,-0.8746290000000001,MDV,ITA,6994
138,111,1179,1992,0,96090,0.9039370000000001,0.965842,MEX,ITA,6994
141,111,1179,1992,0,3026,-0.9495790000000001,-1.028165,MLI,ITA,6994
142,111,1179,1992,0,76776,0.828211,0.29226599999999997,MLT,ITA,6994
147,111,1179,1992,0,2194,-0.119653,-0.28381100000000004,MOZ,ITA,6994
150,111,1179,1992,0,12517,0.70167,-0.075327,MTQ,ITA,6994
151,111,1179,1992,0,5418,-0.249558,-0.643201,MUS,ITA,6994
153,111,1179,1992,0,109026,0.14268499999999998,0.370079,MYS,ITA,6994
157,111,1179,1992,0,42615,0.056698,-0.6624770000000001,NER,ITA,6994
159,111,1179,1992,0,8325,-2.275923,-1.178983,NGA,ITA,6994
160,111,1179,1992,0,1273,-0.214083,-0.111615,NIC,ITA,6994
162,111,1179,1992,447504,1199146,1.4315069999999999,1.7107450000000002,NLD,ITA,6994
163,111,1179,1992,1079,32634,0.877965,0.444983,NOR,ITA,6994
166,111,1179,1992,0,8960,0.41866000000000003,0.580581,NZL,ITA,6994
167,111,1179,1992,0,29726,-0.906702,-1.0716709999999998,OMN,ITA,6994
168,111,1179,1992,0,45333,-0.480152,-0.361705,PAK,ITA,6994
169,111,1179,1992,0,32523,0.289315,0.37247199999999997,PAN,ITA,6994
173,111,1179,1992,0,24750,-0.286545,-0.264638,PER,ITA,6994
174,111,1179,1992,0,1607,-0.139761,0.772109,PHL,ITA,6994
177,111,1179,1992,134932,661864,0.581166,2.070795,POL,ITA,6994
179,111,1179,1992,1069113,882614,0.47505,0.8402860000000001,PRT,ITA,6994
180,111,1179,1992,0,6526,-0.906433,-0.787177,PRY,ITA,6994
183,111,1179,1992,0,5842,-0.491413,-1.004476,QAT,ITA,6994
185,111,1179,1992,0,6221,0.838817,1.358629,ROU,ITA,6994
186,111,1179,1992,0,175713,0.071799,0.14036099999999999,RUS,ITA,6994
187,111,1179,1992,0,5324,-0.890012,-0.888402,RWA,ITA,6994
188,111,1179,1992,0,277385,0.416315,-0.7342489999999999,SAU,ITA,6994
189,111,1179,1992,488433,291375,0.9474950000000001,2.442268,SCG,ITA,6994
190,111,1179,1992,0,104514,-0.930193,-1.02726,SDN,ITA,6994
191,111,1179,1992,0,9474,-0.43371800000000005,-0.679547,SEN,ITA,6994
192,111,1179,1992,32890,365306,0.95691,0.892702,SGP,ITA,6994
207,111,1179,1992,21448,172928,1.3270629999999999,1.605534,SVN,ITA,6994
208,111,1179,1992,415762,187458,2.2265900000000003,0.999178,SWE,ITA,6994
211,111,1179,1992,0,1222,0.05767100000000001,-0.6613020000000001,SYC,ITA,6994
212,111,1179,1992,0,53300,-0.566724,-0.602446,SYR,ITA,6994
214,111,1179,1992,0,14522,-1.2855530000000002,-0.869568,TCD,ITA,6994
216,111,1179,1992,7523,40379,0.109518,1.486578,THA,ITA,6994
222,111,1179,1992,0,1489,0.43506000000000006,-0.43233599999999994,TTO,ITA,6994
223,111,1179,1992,4245097,246420,0.14482,-0.13608,TUN,ITA,6994
224,111,1179,1992,1599044,889560,0.160966,1.154796,TUR,ITA,6994
226,111,1179,1992,0,1340,-1.139271,-0.8235379999999999,TZA,ITA,6994
227,111,1179,1992,0,2675,-1.264399,-1.0359450000000001,UGA,ITA,6994
228,111,1179,1992,0,65556,0.375148,0.23747,UKR,ITA,6994
230,111,1179,1992,0,3036,0.242758,0.711781,URY,ITA,6994
231,111,1179,1992,277597,979945,1.660693,1.289752,USA,ITA,6994
236,111,1179,1992,0,38007,-0.106385,-0.65975,VEN,ITA,6994
243,111,1179,1992,0,1105,-0.7116020000000001,-0.9852489999999999,YEM,ITA,6994
246,111,1179,1992,9550,200056,0.236335,1.415622,ZAF,ITA,6994
247,111,1179,1992,0,25370,-0.9865219999999999,-1.076062,ZMB,ITA,6994
248,111,1179,1992,0,33504,-0.11168099999999999,0.143612,ZWE,ITA,6994
249,111,1179,1992,261846,168442,1.3694790000000001,1.6227559999999999,TWN,ITA,6994
250,111,1179,1992,0,1631,0.989994,0.977453,ANS,ITA,6994
8,121,1179,1992,0,43531,0.043179,0.553408,ARG,KOR,6994
14,121,1179,1992,40408,7572,0.083812,0.637224,AUS,KOR,6994
15,121,1179,1992,2207,985,1.975207,0.669388,AUT,KOR,6994
18,121,1179,1992,47128,0,1.449085,1.622957,BEL,KOR,6994
22,121,1179,1992,0,1542,-0.608254,-0.921751,BGD,KOR,6994
32,121,1179,1992,23136,20562,0.685144,1.5676709999999998,BRA,KOR,6994
39,121,1179,1992,3879,27856,0.74703,1.096791,CAN,KOR,6994
41,121,1179,1992,23661,0,2.24952,1.014945,CHE,KOR,6994
42,121,1179,1992,0,11333,-0.188106,-0.360151,CHL,KOR,6994
43,121,1179,1992,42699,77042,0.269411,1.920075,CHN,KOR,6994
45,121,1179,1992,0,4888,-2.0470759999999997,-1.184491,CMR,KOR,6994
49,121,1179,1992,0,6657,0.022895,0.22971799999999998,COL,KOR,6994
52,121,1179,1992,0,21980,0.11654,0.191873,CRI,KOR,6994
61,121,1179,1992,468710,27158,2.2968349999999997,-2.581569,DEU,KOR,6994
64,121,1179,1992,173359,2636,1.696464,1.365743,DNK,KOR,6994
66,121,1179,1992,0,42974,-0.24189699999999997,-0.9399219999999999,DZA,KOR,6994
67,121,1179,1992,0,1522,-0.815778,-0.9415459999999999,ECU,KOR,6994
68,121,1179,1992,0,3540,-0.102143,-0.17513499999999999,EGY,KOR,6994
71,121,1179,1992,30573,41705,1.301511,1.730441,ESP,KOR,6994
74,121,1179,1992,27889,12496,1.929661,1.3477,FIN,KOR,6994
75,121,1179,1992,0,1570,-0.573887,-0.6382680000000001,FJI,KOR,6994
77,121,1179,1992,80528,4954,1.682766,1.2713430000000001,FRA,KOR,6994
81,121,1179,1992,237671,52861,1.8901810000000001,0.9274030000000001,GBR,KOR,6994
83,121,1179,1992,0,1327,-0.936314,-0.935839,GHA,KOR,6994
93,121,1179,1992,0,5553,-0.031145999999999997,0.48874300000000004,GTM,KOR,6994
97,121,1179,1992,8160,79083,0.754112,1.911201,HKG,KOR,6994
103,121,1179,1992,3585656,46446,-0.5250670000000001,0.717568,IDN,KOR,6994
104,121,1179,1992,167196,1565,0.101094,1.6851180000000001,IND,KOR,6994
106,121,1179,1992,0,15568,1.454172,1.397052,IRL,KOR,6994
110,121,1179,1992,0,3378,1.354362,1.3260530000000001,ISR,KOR,6994
111,121,1179,1992,90010,1015,1.7819,0.981246,ITA,KOR,6994
113,121,1179,1992,0,199717,0.716964,0.5323760000000001,JOR,KOR,6994
114,121,1179,1992,9922241,408835,2.451698,0.875639,JPN,KOR,6994
122,121,1179,1992,0,19740,-1.2360950000000002,-1.061771,KWT,KOR,6994
126,121,1179,1992,0,62504,-0.333309,-0.981883,LBY,KOR,6994
128,121,1179,1992,0,2486,-0.45780600000000005,-0.221948,LKA,KOR,6994
138,121,1179,1992,10747,4235,0.9039370000000001,0.965842,MEX,KOR,6994
153,121,1179,1992,11759,413905,0.14268499999999998,0.370079,MYS,KOR,6994
162,121,1179,1992,5018,2214,1.4315069999999999,1.7107450000000002,NLD,KOR,6994
163,121,1179,1992,0,1074,0.877965,0.444983,NOR,KOR,6994
167,121,1179,1992,0,6620,-0.906702,-1.0716709999999998,OMN,KOR,6994
168,121,1179,1992,0,1627,-0.480152,-0.361705,PAK,KOR,6994
173,121,1179,1992,0,6015,-0.286545,-0.264638,PER,KOR,6994
174,121,1179,1992,1407,21528,-0.139761,0.772109,PHL,KOR,6994
179,121,1179,1992,4273,3977,0.47505,0.8402860000000001,PRT,KOR,6994
183,121,1179,1992,0,11418,-0.491413,-1.004476,QAT,KOR,6994
188,121,1179,1992,0,682133,0.416315,-0.7342489999999999,SAU,KOR,6994
190,121,1179,1992,0,17895,-0.930193,-1.02726,SDN,KOR,6994
192,121,1179,1992,14920,45128,0.95691,0.892702,SGP,KOR,6994
197,121,1179,1992,0,6850,0.396523,0.47548900000000005,SLV,KOR,6994
208,121,1179,1992,214852,0,2.2265900000000003,0.999178,SWE,KOR,6994
216,121,1179,1992,832041,163896,0.109518,1.486578,THA,KOR,6994
222,121,1179,1992,0,24069,0.43506000000000006,-0.43233599999999994,TTO,KOR,6994
224,121,1179,1992,0,12163,0.160966,1.154796,TUR,KOR,6994
231,121,1179,1992,461320,564828,1.660693,1.289752,USA,KOR,6994
236,121,1179,1992,0,1502,-0.106385,-0.65975,VEN,KOR,6994
243,121,1179,1992,0,459937,-0.7116020000000001,-0.9852489999999999,YEM,KOR,6994
246,121,1179,1992,0,76212,0.236335,1.415622,ZAF,KOR,6994
249,121,1179,1992,285575,128784,1.3694790000000001,1.6227559999999999,TWN,KOR,6994
250,121,1179,1992,12045,53494,0.989994,0.977453,ANS,KOR,6994
7,153,1179,1992,0,5625,-0.495518,-0.963358,ARE,MYS,6994
14,153,1179,1992,81226,487815,0.083812,0.637224,AUS,MYS,6994
15,153,1179,1992,173289,16698,1.975207,0.669388,AUT,MYS,6994
18,153,1179,1992,1504,6282,1.449085,1.622957,BEL,MYS,6994
32,153,1179,1992,2117,26577,0.685144,1.5676709999999998,BRA,MYS,6994
34,153,1179,1992,0,30716,-1.142722,-0.818717,BRN,MYS,6994
39,153,1179,1992,8707,0,0.74703,1.096791,CAN,MYS,6994
41,153,1179,1992,7488,0,2.24952,1.014945,CHE,MYS,6994
43,153,1179,1992,535263,5199,0.269411,1.920075,CHN,MYS,6994
44,153,1179,1992,0,1834,-1.689731,-1.070179,CIV,MYS,6994
45,153,1179,1992,0,1684,-2.0470759999999997,-1.184491,CMR,MYS,6994
61,153,1179,1992,1142083,230904,2.2968349999999997,-2.581569,DEU,MYS,6994
64,153,1179,1992,62154,0,1.696464,1.365743,DNK,MYS,6994
71,153,1179,1992,2064,0,1.301511,1.730441,ESP,MYS,6994
74,153,1179,1992,2372,1180,1.929661,1.3477,FIN,MYS,6994
75,153,1179,1992,0,1721,-0.573887,-0.6382680000000001,FJI,MYS,6994
77,153,1179,1992,44691,0,1.682766,1.2713430000000001,FRA,MYS,6994
81,153,1179,1992,85197,0,1.8901810000000001,0.9274030000000001,GBR,MYS,6994
96,153,1179,1992,0,2828,-0.6447689999999999,-0.808177,GUY,MYS,6994
97,153,1179,1992,726839,109129,0.754112,1.911201,HKG,MYS,6994
102,153,1179,1992,2691,0,0.9144620000000001,2.157041,HUN,MYS,6994
103,153,1179,1992,339805,44384,-0.5250670000000001,0.717568,IDN,MYS,6994
104,153,1179,1992,23271,15876,0.101094,1.6851180000000001,IND,MYS,6994
111,153,1179,1992,109026,0,1.7819,0.981246,ITA,MYS,6994
114,153,1179,1992,11752956,639547,2.451698,0.875639,JPN,MYS,6994
116,153,1179,1992,0,1427,-0.31818,-0.096856,KEN,MYS,6994
121,153,1179,1992,413905,11759,0.778066,1.3011139999999999,KOR,MYS,6994
138,153,1179,1992,1051,0,0.9039370000000001,0.965842,MEX,MYS,6994
143,153,1179,1992,0,1433,-1.030267,-0.770368,MMR,MYS,6994
151,153,1179,1992,0,9257,-0.249558,-0.643201,MUS,MYS,6994
162,153,1179,1992,8672,1160,1.4315069999999999,1.7107450000000002,NLD,MYS,6994
163,153,1179,1992,63056,0,0.877965,0.444983,NOR,MYS,6994
166,153,1179,1992,3247,851,0.41866000000000003,0.580581,NZL,MYS,6994
174,153,1179,1992,947019,113465,-0.139761,0.772109,PHL,MYS,6994
176,153,1179,1992,0,7283,-1.602221,-1.058247,PNG,MYS,6994
188,153,1179,1992,0,20317,0.416315,-0.7342489999999999,SAU,MYS,6994
192,153,1179,1992,5914116,2383776,0.95691,0.892702,SGP,MYS,6994
208,153,1179,1992,157706,1579,2.2265900000000003,0.999178,SWE,MYS,6994
216,153,1179,1992,679428,82312,0.109518,1.486578,THA,MYS,6994
231,153,1179,1992,282141,7256,1.660693,1.289752,USA,MYS,6994
243,153,1179,1992,0,59561,-0.7116020000000001,-0.9852489999999999,YEM,MYS,6994
249,153,1179,1992,754604,156425,1.3694790000000001,1.6227559999999999,TWN,MYS,6994
250,153,1179,1992,0,1544,0.989994,0.977453,ANS,MYS,6994
0,162,1179,1992,0,4673,-0.260923,-0.700814,ABW,NLD,6994
5,162,1179,1992,0,1551,1.4058959999999998,0.830189,AND,NLD,6994
6,162,1179,1992,0,12556,0.258484,-0.47236000000000006,ANT,NLD,6994
7,162,1179,1992,0,56438,-0.495518,-0.963358,ARE,NLD,6994
8,162,1179,1992,0,7227,0.043179,0.553408,ARG,NLD,6994
14,162,1179,1992,0,45685,0.083812,0.637224,AUS,NLD,6994
15,162,1179,1992,5000927,244094,1.975207,0.669388,AUT,NLD,6994
18,162,1179,1992,4011917,5532311,1.449085,1.622957,BEL,NLD,6994
23,162,1179,1992,0,16055,0.503161,1.871616,BGR,NLD,6994
32,162,1179,1992,0,5858,0.685144,1.5676709999999998,BRA,NLD,6994
39,162,1179,1992,33705,8615,0.74703,1.096791,CAN,NLD,6994
41,162,1179,1992,1028743,278709,2.24952,1.014945,CHE,NLD,6994
42,162,1179,1992,0,5045,-0.188106,-0.360151,CHL,NLD,6994
43,162,1179,1992,67141,1004,0.269411,1.920075,CHN,NLD,6994
49,162,1179,1992,0,10002,0.022895,0.22971799999999998,COL,NLD,6994
53,162,1179,1992,88956,11679,1.116966,2.225331,CSK,NLD,6994
58,162,1179,1992,0,9248,0.471516,0.668776,CYP,NLD,6994
61,162,1179,1992,34813060,4947608,2.2968349999999997,-2.581569,DEU,NLD,6994
64,162,1179,1992,61970,610838,1.696464,1.365743,DNK,NLD,6994
66,162,1179,1992,0,1083,-0.24189699999999997,-0.9399219999999999,DZA,NLD,6994
67,162,1179,1992,2828,26736,-0.815778,-0.9415459999999999,ECU,NLD,6994
68,162,1179,1992,0,7110,-0.102143,-0.17513499999999999,EGY,NLD,6994
71,162,1179,1992,606635,201049,1.301511,1.730441,ESP,NLD,6994
73,162,1179,1992,0,4553,-1.036482,-1.078446,ETH,NLD,6994
74,162,1179,1992,23718,566757,1.929661,1.3477,FIN,NLD,6994
77,162,1179,1992,1326570,1299764,1.682766,1.2713430000000001,FRA,NLD,6994
80,162,1179,1992,0,2890,-1.683572,-1.0855620000000001,GAB,NLD,6994
81,162,1179,1992,1882127,2868151,1.8901810000000001,0.9274030000000001,GBR,NLD,6994
83,162,1179,1992,0,2496,-0.936314,-0.935839,GHA,NLD,6994
90,162,1179,1992,0,157318,0.139504,0.743678,GRC,NLD,6994
96,162,1179,1992,0,7823,-0.6447689999999999,-0.808177,GUY,NLD,6994
97,162,1179,1992,7475,18108,0.754112,1.911201,HKG,NLD,6994
100,162,1179,1992,77298,0,0.877872,1.726188,HRV,NLD,6994
102,162,1179,1992,1875,15470,0.9144620000000001,2.157041,HUN,NLD,6994
103,162,1179,1992,0,7908,-0.5250670000000001,0.717568,IDN,NLD,6994
104,162,1179,1992,184898,3075,0.101094,1.6851180000000001,IND,NLD,6994
106,162,1179,1992,2908,115732,1.454172,1.397052,IRL,NLD,6994
107,162,1179,1992,0,73092,-1.195108,-1.135155,IRN,NLD,6994
109,162,1179,1992,0,84735,-0.076691,-0.630567,ISL,NLD,6994
110,162,1179,1992,0,12933,1.354362,1.3260530000000001,ISR,NLD,6994
111,162,1179,1992,1199146,447504,1.7819,0.981246,ITA,NLD,6994
112,162,1179,1992,0,16316,-0.200329,-0.595741,JAM,NLD,6994
114,162,1179,1992,910112,71864,2.451698,0.875639,JPN,NLD,6994
116,162,1179,1992,0,4460,-0.31818,-0.096856,KEN,NLD,6994
121,162,1179,1992,2214,5018,0.778066,1.3011139999999999,KOR,NLD,6994
126,162,1179,1992,0,2741,-0.333309,-0.981883,LBY,NLD,6994
134,162,1179,1992,0,101786,-0.339711,-0.265987,MAR,NLD,6994
138,162,1179,1992,0,13376,0.9039370000000001,0.965842,MEX,NLD,6994
142,162,1179,1992,0,14145,0.828211,0.29226599999999997,MLT,NLD,6994
151,162,1179,1992,0,1618,-0.249558,-0.643201,MUS,NLD,6994
153,162,1179,1992,1160,8672,0.14268499999999998,0.370079,MYS,NLD,6994
159,162,1179,1992,0,10234,-2.275923,-1.178983,NGA,NLD,6994
163,162,1179,1992,72728,610620,0.877965,0.444983,NOR,NLD,6994
166,162,1179,1992,6403,3834,0.41866000000000003,0.580581,NZL,NLD,6994
167,162,1179,1992,0,5334,-0.906702,-1.0716709999999998,OMN,NLD,6994
173,162,1179,1992,0,2786,-0.286545,-0.264638,PER,NLD,6994
174,162,1179,1992,0,5714,-0.139761,0.772109,PHL,NLD,6994
177,162,1179,1992,0,63039,0.581166,2.070795,POL,NLD,6994
179,162,1179,1992,698522,62540,0.47505,0.8402860000000001,PRT,NLD,6994
180,162,1179,1992,0,2053,-0.906433,-0.787177,PRY,NLD,6994
185,162,1179,1992,0,5875,0.838817,1.358629,ROU,NLD,6994
186,162,1179,1992,0,2258,0.071799,0.14036099999999999,RUS,NLD,6994
188,162,1179,1992,0,52155,0.416315,-0.7342489999999999,SAU,NLD,6994
189,162,1179,1992,39850,20331,0.9474950000000001,2.442268,SCG,NLD,6994
192,162,1179,1992,152090,43889,0.95691,0.892702,SGP,NLD,6994
197,162,1179,1992,0,2569,0.396523,0.47548900000000005,SLV,NLD,6994
205,162,1179,1992,0,1582,-0.9841209999999999,-0.9359129999999999,SUR,NLD,6994
207,162,1179,1992,3122,2442,1.3270629999999999,1.605534,SVN,NLD,6994
208,162,1179,1992,1175307,983739,2.2265900000000003,0.999178,SWE,NLD,6994
216,162,1179,1992,1574,10267,0.109518,1.486578,THA,NLD,6994
222,162,1179,1992,0,5115,0.43506000000000006,-0.43233599999999994,TTO,NLD,6994
223,162,1179,1992,0,7233,0.14482,-0.13608,TUN,NLD,6994
224,162,1179,1992,61129,23575,0.160966,1.154796,TUR,NLD,6994
230,162,1179,1992,0,1291,0.242758,0.711781,URY,NLD,6994
231,162,1179,1992,439952,506498,1.660693,1.289752,USA,NLD,6994
236,162,1179,1992,0,3821,-0.106385,-0.65975,VEN,NLD,6994
243,162,1179,1992,0,4041,-0.7116020000000001,-0.9852489999999999,YEM,NLD,6994
246,162,1179,1992,514097,52141,0.236335,1.415622,ZAF,NLD,6994
248,162,1179,1992,0,5688,-0.11168099999999999,0.143612,ZWE,NLD,6994
249,162,1179,1992,26164,18540,1.3694790000000001,1.6227559999999999,TWN,NLD,6994
250,162,1179,1992,0,2260,0.989994,0.977453,ANS,NLD,6994
8,163,1179,1992,0,915,0.043179,0.553408,ARG,NOR,6994
14,163,1179,1992,0,7711,0.083812,0.637224,AUS,NOR,6994
15,163,1179,1992,40256,22024,1.975207,0.669388,AUT,NOR,6994
18,163,1179,1992,255900,1461,1.449085,1.622957,BEL,NOR,6994
32,163,1179,1992,17380,16163,0.685144,1.5676709999999998,BRA,NOR,6994
39,163,1179,1992,12266,7284,0.74703,1.096791,CAN,NOR,6994
41,163,1179,1992,14012,0,2.24952,1.014945,CHE,NOR,6994
42,163,1179,1992,0,8913,-0.188106,-0.360151,CHL,NOR,6994
43,163,1179,1992,0,1568,0.269411,1.920075,CHN,NOR,6994
49,163,1179,1992,0,2213,0.022895,0.22971799999999998,COL,NOR,6994
61,163,1179,1992,1644473,40780,2.2968349999999997,-2.581569,DEU,NOR,6994
64,163,1179,1992,751935,25680,1.696464,1.365743,DNK,NOR,6994
66,163,1179,1992,0,1166,-0.24189699999999997,-0.9399219999999999,DZA,NOR,6994
71,163,1179,1992,8980,6230,1.301511,1.730441,ESP,NOR,6994
74,163,1179,1992,284305,8386,1.929661,1.3477,FIN,NOR,6994
77,163,1179,1992,22186,2241,1.682766,1.2713430000000001,FRA,NOR,6994
81,163,1179,1992,660745,14534,1.8901810000000001,0.9274030000000001,GBR,NOR,6994
92,163,1179,1992,0,1695,-0.692587,-0.859656,GRL,NOR,6994
97,163,1179,1992,0,1030,0.754112,1.911201,HKG,NOR,6994
102,163,1179,1992,5979,0,0.9144620000000001,2.157041,HUN,NOR,6994
106,163,1179,1992,8428,1227,1.454172,1.397052,IRL,NOR,6994
109,163,1179,1992,0,5725,-0.076691,-0.630567,ISL,NOR,6994
111,163,1179,1992,32634,1079,1.7819,0.981246,ITA,NOR,6994
114,163,1179,1992,29453,11461,2.451698,0.875639,JPN,NOR,6994
121,163,1179,1992,1074,0,0.778066,1.3011139999999999,KOR,NOR,6994
138,163,1179,1992,0,2811,0.9039370000000001,0.965842,MEX,NOR,6994
153,163,1179,1992,0,63056,0.14268499999999998,0.370079,MYS,NOR,6994
162,163,1179,1992,610620,72728,1.4315069999999999,1.7107450000000002,NLD,NOR,6994
166,163,1179,1992,0,9168,0.41866000000000003,0.580581,NZL,NOR,6994
179,163,1179,1992,1392,4742,0.47505,0.8402860000000001,PRT,NOR,6994
186,163,1179,1992,1251,22620,0.071799,0.14036099999999999,RUS,NOR,6994
189,163,1179,1992,1479,0,0.9474950000000001,2.442268,SCG,NOR,6994
192,163,1179,1992,981,74459,0.95691,0.892702,SGP,NOR,6994
208,163,1179,1992,4093613,38141,2.2265900000000003,0.999178,SWE,NOR,6994
223,163,1179,1992,0,4836,0.14482,-0.13608,TUN,NOR,6994
224,163,1179,1992,0,14636,0.160966,1.154796,TUR,NOR,6994
231,163,1179,1992,10015,23472,1.660693,1.289752,USA,NOR,6994
246,163,1179,1992,0,3623,0.236335,1.415622,ZAF,NOR,6994
249,163,1179,1992,6911,1354,1.3694790000000001,1.6227559999999999,TWN,NOR,6994
8,169,1179,1992,1109,2850,0.043179,0.553408,ARG,PAN,6994
14,169,1179,1992,64356,0,0.083812,0.637224,AUS,PAN,6994
15,169,1179,1992,826,0,1.975207,0.669388,AUT,PAN,6994
32,169,1179,1992,2678,3708,0.685144,1.5676709999999998,BRA,PAN,6994
49,169,1179,1992,31597,0,0.022895,0.22971799999999998,COL,PAN,6994
52,169,1179,1992,26362,1727,0.11654,0.191873,CRI,PAN,6994
61,169,1179,1992,983,0,2.2968349999999997,-2.581569,DEU,PAN,6994
67,169,1179,1992,0,3895,-0.815778,-0.9415459999999999,ECU,PAN,6994
97,169,1179,1992,2385,0,0.754112,1.911201,HKG,PAN,6994
111,169,1179,1992,32523,0,1.7819,0.981246,ITA,PAN,6994
112,169,1179,1992,0,1304,-0.200329,-0.595741,JAM,PAN,6994
114,169,1179,1992,147997,0,2.451698,0.875639,JPN,PAN,6994
138,169,1179,1992,18271,20133,0.9039370000000001,0.965842,MEX,PAN,6994
160,169,1179,1992,0,2559,-0.214083,-0.111615,NIC,PAN,6994
208,169,1179,1992,913,0,2.2265900000000003,0.999178,SWE,PAN,6994
231,169,1179,1992,99012,0,1.660693,1.289752,USA,PAN,6994
236,169,1179,1992,1014,4610,-0.106385,-0.65975,VEN,PAN,6994
250,169,1179,1992,3892,0,0.989994,0.977453,ANS,PAN,6994
14,174,1179,1992,34250,0,0.083812,0.637224,AUS,PHL,6994
18,174,1179,1992,1509,0,1.449085,1.622957,BEL,PHL,6994
32,174,1179,1992,1227,0,0.685144,1.5676709999999998,BRA,PHL,6994
39,174,1179,1992,86005,0,0.74703,1.096791,CAN,PHL,6994
41,174,1179,1992,3416,0,2.24952,1.014945,CHE,PHL,6994
61,174,1179,1992,30904,1678,2.2968349999999997,-2.581569,DEU,PHL,6994
77,174,1179,1992,7899,0,1.682766,1.2713430000000001,FRA,PHL,6994
81,174,1179,1992,14345,35141,1.8901810000000001,0.9274030000000001,GBR,PHL,6994
97,174,1179,1992,213026,47745,0.754112,1.911201,HKG,PHL,6994
103,174,1179,1992,20108,0,-0.5250670000000001,0.717568,IDN,PHL,6994
104,174,1179,1992,29068,0,0.101094,1.6851180000000001,IND,PHL,6994
111,174,1179,1992,1607,0,1.7819,0.981246,ITA,PHL,6994
114,174,1179,1992,4677556,0,2.451698,0.875639,JPN,PHL,6994
121,174,1179,1992,21528,1407,0.778066,1.3011139999999999,KOR,PHL,6994
153,174,1179,1992,113465,947019,0.14268499999999998,0.370079,MYS,PHL,6994
162,174,1179,1992,5714,0,1.4315069999999999,1.7107450000000002,NLD,PHL,6994
188,174,1179,1992,0,1718,0.416315,-0.7342489999999999,SAU,PHL,6994
192,174,1179,1992,441243,0,0.95691,0.892702,SGP,PHL,6994
208,174,1179,1992,5026,0,2.2265900000000003,0.999178,SWE,PHL,6994
216,174,1179,1992,17278,2272,0.109518,1.486578,THA,PHL,6994
231,174,1179,1992,3827,91466,1.660693,1.289752,USA,PHL,6994
249,174,1179,1992,120768,0,1.3694790000000001,1.6227559999999999,TWN,PHL,6994
2,179,1179,1992,0,16337,-1.90642,-1.061544,AGO,PRT,6994
14,179,1179,1992,0,1593,0.083812,0.637224,AUS,PRT,6994
15,179,1179,1992,4599,7719,1.975207,0.669388,AUT,PRT,6994
18,179,1179,1992,119958,4581753,1.449085,1.622957,BEL,PRT,6994
41,179,1179,1992,51716,15472,2.24952,1.014945,CHE,PRT,6994
51,179,1179,1992,0,2216,0.314087,-0.48178699999999997,CPV,PRT,6994
53,179,1179,1992,5034,0,1.116966,2.225331,CSK,PRT,6994
61,179,1179,1992,1769978,6849072,2.2968349999999997,-2.581569,DEU,PRT,6994
64,179,1179,1992,3383,276526,1.696464,1.365743,DNK,PRT,6994
71,179,1179,1992,990285,236147,1.301511,1.730441,ESP,PRT,6994
74,179,1179,1992,215406,13912,1.929661,1.3477,FIN,PRT,6994
77,179,1179,1992,206342,1184769,1.682766,1.2713430000000001,FRA,PRT,6994
81,179,1179,1992,75706,179532,1.8901810000000001,0.9274030000000001,GBR,PRT,6994
97,179,1179,1992,5721,0,0.754112,1.911201,HKG,PRT,6994
106,179,1179,1992,5942,0,1.454172,1.397052,IRL,PRT,6994
109,179,1179,1992,0,922,-0.076691,-0.630567,ISL,PRT,6994
110,179,1179,1992,0,15198,1.354362,1.3260530000000001,ISR,PRT,6994
111,179,1179,1992,882614,1069113,1.7819,0.981246,ITA,PRT,6994
114,179,1179,1992,924023,0,2.451698,0.875639,JPN,PRT,6994
121,179,1179,1992,3977,4273,0.778066,1.3011139999999999,KOR,PRT,6994
134,179,1179,1992,0,11132,-0.339711,-0.265987,MAR,PRT,6994
138,179,1179,1992,0,933,0.9039370000000001,0.965842,MEX,PRT,6994
162,179,1179,1992,62540,698522,1.4315069999999999,1.7107450000000002,NLD,PRT,6994
163,179,1179,1992,4742,1392,0.877965,0.444983,NOR,PRT,6994
192,179,1179,1992,1031,0,0.95691,0.892702,SGP,PRT,6994
203,179,1179,1992,0,2286,1.218035,-0.270569,STP,PRT,6994
208,179,1179,1992,96561,579736,2.2265900000000003,0.999178,SWE,PRT,6994
212,179,1179,1992,0,54121,-0.566724,-0.602446,SYR,PRT,6994
223,179,1179,1992,0,1369,0.14482,-0.13608,TUN,PRT,6994
224,179,1179,1992,0,6425,0.160966,1.154796,TUR,PRT,6994
231,179,1179,1992,76963,149455,1.660693,1.289752,USA,PRT,6994
249,179,1179,1992,7666,0,1.3694790000000001,1.6227559999999999,TWN,PRT,6994
250,179,1179,1992,23417,2222,0.989994,0.977453,ANS,PRT,6994
18,222,1179,1992,2976,0,1.449085,1.622957,BEL,TTO,6994
39,222,1179,1992,5638,0,0.74703,1.096791,CAN,TTO,6994
43,222,1179,1992,14977,0,0.269411,1.920075,CHN,TTO,6994
61,222,1179,1992,18312,0,2.2968349999999997,-2.581569,DEU,TTO,6994
65,222,1179,1992,17133,0,-0.338979,-0.5049279999999999,DOM,TTO,6994
81,222,1179,1992,7725,0,1.8901810000000001,0.9274030000000001,GBR,TTO,6994
97,222,1179,1992,7164,0,0.754112,1.911201,HKG,TTO,6994
111,222,1179,1992,1489,0,1.7819,0.981246,ITA,TTO,6994
112,222,1179,1992,0,4302,-0.200329,-0.595741,JAM,TTO,6994
114,222,1179,1992,91193,0,2.451698,0.875639,JPN,TTO,6994
121,222,1179,1992,24069,0,0.778066,1.3011139999999999,KOR,TTO,6994
138,222,1179,1992,963,0,0.9039370000000001,0.965842,MEX,TTO,6994
162,222,1179,1992,5115,0,1.4315069999999999,1.7107450000000002,NLD,TTO,6994
192,222,1179,1992,2385,0,0.95691,0.892702,SGP,TTO,6994
208,222,1179,1992,2600,0,2.2265900000000003,0.999178,SWE,TTO,6994
231,222,1179,1992,374653,0,1.660693,1.289752,USA,TTO,6994
236,222,1179,1992,7851,0,-0.106385,-0.65975,VEN,TTO,6994
249,222,1179,1992,3170,0,1.3694790000000001,1.6227559999999999,TWN,TTO,6994
250,222,1179,1992,3155,1295,0.989994,0.977453,ANS,TTO,6994
6,231,1179,1992,0,6685,0.258484,-0.47236000000000006,ANT,USA,6994
7,231,1179,1992,0,9110,-0.495518,-0.963358,ARE,USA,6994
8,231,1179,1992,27168,22931,0.043179,0.553408,ARG,USA,6994
14,231,1179,1992,39108,605508,0.083812,0.637224,AUS,USA,6994
15,231,1179,1992,424720,3628,1.975207,0.669388,AUT,USA,6994
18,231,1179,1992,249891,129849,1.449085,1.622957,BEL,USA,6994
25,231,1179,1992,0,7324,0.181088,-0.591638,BHS,USA,6994
29,231,1179,1992,0,54976,-0.06729700000000001,-0.386682,BLZ,USA,6994
31,231,1179,1992,0,17607,-0.609826,-0.693473,BOL,USA,6994
32,231,1179,1992,2769577,378727,0.685144,1.5676709999999998,BRA,USA,6994
33,231,1179,1992,336919,169131,0.9121950000000001,0.413592,BRB,USA,6994
34,231,1179,1992,0,55927,-1.142722,-0.818717,BRN,USA,6994
39,231,1179,1992,212572832,91356096,0.74703,1.096791,CAN,USA,6994
41,231,1179,1992,1419444,866497,2.24952,1.014945,CHE,USA,6994
42,231,1179,1992,14223,20180,-0.188106,-0.360151,CHL,USA,6994
43,231,1179,1992,4719909,55321,0.269411,1.920075,CHN,USA,6994
49,231,1179,1992,16081,16344,0.022895,0.22971799999999998,COL,USA,6994
52,231,1179,1992,14927,41706,0.11654,0.191873,CRI,USA,6994
58,231,1179,1992,0,16202,0.471516,0.668776,CYP,USA,6994
61,231,1179,1992,14858376,1682755,2.2968349999999997,-2.581569,DEU,USA,6994
64,231,1179,1992,160663,45585,1.696464,1.365743,DNK,USA,6994
65,231,1179,1992,174811,2696,-0.338979,-0.5049279999999999,DOM,USA,6994
66,231,1179,1992,0,481366,-0.24189699999999997,-0.9399219999999999,DZA,USA,6994
67,231,1179,1992,0,39271,-0.815778,-0.9415459999999999,ECU,USA,6994
68,231,1179,1992,0,11384,-0.102143,-0.17513499999999999,EGY,USA,6994
71,231,1179,1992,38783,190545,1.301511,1.730441,ESP,USA,6994
73,231,1179,1992,0,2941,-1.036482,-1.078446,ETH,USA,6994
74,231,1179,1992,50443,6963,1.929661,1.3477,FIN,USA,6994
75,231,1179,1992,7831,11697,-0.573887,-0.6382680000000001,FJI,USA,6994
77,231,1179,1992,630570,407402,1.682766,1.2713430000000001,FRA,USA,6994
81,231,1179,1992,3354382,1228954,1.8901810000000001,0.9274030000000001,GBR,USA,6994
85,231,1179,1992,0,7389,-1.11535,-1.0306,GIN,USA,6994
90,231,1179,1992,67997,9391,0.139504,0.743678,GRC,USA,6994
93,231,1179,1992,0,268642,-0.031145999999999997,0.48874300000000004,GTM,USA,6994
96,231,1179,1992,0,252288,-0.6447689999999999,-0.808177,GUY,USA,6994
97,231,1179,1992,121956,2238459,0.754112,1.911201,HKG,USA,6994
99,231,1179,1992,0,7203,-0.5100640000000001,-0.38205900000000004,HND,USA,6994
100,231,1179,1992,0,6614,0.877872,1.726188,HRV,USA,6994
102,231,1179,1992,115054,39350,0.9144620000000001,2.157041,HUN,USA,6994
103,231,1179,1992,0,184617,-0.5250670000000001,0.717568,IDN,USA,6994
104,231,1179,1992,6850543,29158,0.101094,1.6851180000000001,IND,USA,6994
106,231,1179,1992,56158,132433,1.454172,1.397052,IRL,USA,6994
107,231,1179,1992,0,19516,-1.195108,-1.135155,IRN,USA,6994
109,231,1179,1992,0,58511,-0.076691,-0.630567,ISL,USA,6994
110,231,1179,1992,624311,282235,1.354362,1.3260530000000001,ISR,USA,6994
111,231,1179,1992,979945,277597,1.7819,0.981246,ITA,USA,6994
112,231,1179,1992,1573,16224,-0.200329,-0.595741,JAM,USA,6994
113,231,1179,1992,0,19858,0.716964,0.5323760000000001,JOR,USA,6994
114,231,1179,1992,52841372,1159731,2.451698,0.875639,JPN,USA,6994
116,231,1179,1992,0,60978,-0.31818,-0.096856,KEN,USA,6994
120,231,1179,1992,0,7748,0.542355,-0.37078,KNA,USA,6994
121,231,1179,1992,564828,461320,0.778066,1.3011139999999999,KOR,USA,6994
122,231,1179,1992,0,4124,-1.2360950000000002,-1.061771,KWT,USA,6994
127,231,1179,1992,0,28457,0.199639,-0.28238,LCA,USA,6994
128,231,1179,1992,0,7195,-0.45780600000000005,-0.221948,LKA,USA,6994
133,231,1179,1992,0,2770,0.249034,-0.026864,MAC,USA,6994
134,231,1179,1992,2756,23236,-0.339711,-0.265987,MAR,USA,6994
136,231,1179,1992,0,3076,-0.977873,-0.743187,MDG,USA,6994
138,231,1179,1992,54061452,34506292,0.9039370000000001,0.965842,MEX,USA,6994
142,231,1179,1992,0,3677,0.828211,0.29226599999999997,MLT,USA,6994
143,231,1179,1992,0,191,-1.030267,-0.770368,MMR,USA,6994
147,231,1179,1992,0,3072,-0.119653,-0.28381100000000004,MOZ,USA,6994
150,231,1179,1992,0,1073,0.70167,-0.075327,MTQ,USA,6994
151,231,1179,1992,1805,3725,-0.249558,-0.643201,MUS,USA,6994
153,231,1179,1992,7256,282141,0.14268499999999998,0.370079,MYS,USA,6994
160,231,1179,1992,0,41159,-0.214083,-0.111615,NIC,USA,6994
162,231,1179,1992,506498,439952,1.4315069999999999,1.7107450000000002,NLD,USA,6994
163,231,1179,1992,23472,10015,0.877965,0.444983,NOR,USA,6994
164,231,1179,1992,8680,0,-0.604018,-0.677756,NPL,USA,6994
166,231,1179,1992,140426,90934,0.41866000000000003,0.580581,NZL,USA,6994
167,231,1179,1992,0,2587,-0.906702,-1.0716709999999998,OMN,USA,6994
168,231,1179,1992,0,4273,-0.480152,-0.361705,PAK,USA,6994
169,231,1179,1992,0,99012,0.289315,0.37247199999999997,PAN,USA,6994
173,231,1179,1992,0,8606,-0.286545,-0.264638,PER,USA,6994
174,231,1179,1992,91466,3827,-0.139761,0.772109,PHL,USA,6994
177,231,1179,1992,0,166737,0.581166,2.070795,POL,USA,6994
179,231,1179,1992,149455,76963,0.47505,0.8402860000000001,PRT,USA,6994
180,231,1179,1992,0,8977,-0.906433,-0.787177,PRY,USA,6994
183,231,1179,1992,1574,5622,-0.491413,-1.004476,QAT,USA,6994
185,231,1179,1992,0,24135,0.838817,1.358629,ROU,USA,6994
186,231,1179,1992,2700,0,0.071799,0.14036099999999999,RUS,USA,6994
188,231,1179,1992,29647,152252,0.416315,-0.7342489999999999,SAU,USA,6994
189,231,1179,1992,10492,9227,0.9474950000000001,2.442268,SCG,USA,6994
191,231,1179,1992,0,13112,-0.43371800000000005,-0.679547,SEN,USA,6994
192,231,1179,1992,1548649,543548,0.95691,0.892702,SGP,USA,6994
197,231,1179,1992,0,5644,0.396523,0.47548900000000005,SLV,USA,6994
205,231,1179,1992,0,25260,-0.9841209999999999,-0.9359129999999999,SUR,USA,6994
207,231,1179,1992,6231,15362,1.3270629999999999,1.605534,SVN,USA,6994
208,231,1179,1992,1156062,252813,2.2265900000000003,0.999178,SWE,USA,6994
212,231,1179,1992,0,10588,-0.566724,-0.602446,SYR,USA,6994
216,231,1179,1992,300569,277159,0.109518,1.486578,THA,USA,6994
222,231,1179,1992,0,374653,0.43506000000000006,-0.43233599999999994,TTO,USA,6994
223,231,1179,1992,0,7414,0.14482,-0.13608,TUN,USA,6994
224,231,1179,1992,25102,178905,0.160966,1.154796,TUR,USA,6994
230,231,1179,1992,0,5322,0.242758,0.711781,URY,USA,6994
236,231,1179,1992,845737,389058,-0.106385,-0.65975,VEN,USA,6994
246,231,1179,1992,612104,98207,0.236335,1.415622,ZAF,USA,6994
248,231,1179,1992,0,81001,-0.11168099999999999,0.143612,ZWE,USA,6994
249,231,1179,1992,1971941,127790,1.3694790000000001,1.6227559999999999,TWN,USA,6994
7,14,1179,1992,0,1136,-0.495518,-0.963358,ARE,AUS,6994
15,14,1179,1992,42182,969,1.975207,0.669388,AUT,AUS,6994
18,14,1179,1992,9741,1382,1.449085,1.622957,BEL,AUS,6994
32,14,1179,1992,161750,0,0.685144,1.5676709999999998,BRA,AUS,6994
39,14,1179,1992,256656,908,0.74703,1.096791,CAN,AUS,6994
41,14,1179,1992,35648,3711,2.24952,1.014945,CHE,AUS,6994
42,14,1179,1992,0,8686,-0.188106,-0.360151,CHL,AUS,6994
43,14,1179,1992,665356,0,0.269411,1.920075,CHN,AUS,6994
49,14,1179,1992,0,1701,0.022895,0.22971799999999998,COL,AUS,6994
53,14,1179,1992,1041,0,1.116966,2.225331,CSK,AUS,6994
61,14,1179,1992,2393735,658554,2.2968349999999997,-2.581569,DEU,AUS,6994
64,14,1179,1992,69227,0,1.696464,1.365743,DNK,AUS,6994
71,14,1179,1992,8992,0,1.301511,1.730441,ESP,AUS,6994
74,14,1179,1992,16210,0,1.929661,1.3477,FIN,AUS,6994
75,14,1179,1992,0,13389,-0.573887,-0.6382680000000001,FJI,AUS,6994
77,14,1179,1992,54793,1574,1.682766,1.2713430000000001,FRA,AUS,6994
81,14,1179,1992,284178,46553,1.8901810000000001,0.9274030000000001,GBR,AUS,6994
97,14,1179,1992,15498,39073,0.754112,1.911201,HKG,AUS,6994
102,14,1179,1992,854,0,0.9144620000000001,2.157041,HUN,AUS,6994
103,14,1179,1992,108455,49312,-0.5250670000000001,0.717568,IDN,AUS,6994
104,14,1179,1992,917124,22971,0.101094,1.6851180000000001,IND,AUS,6994
106,14,1179,1992,1460,0,1.454172,1.397052,IRL,AUS,6994
110,14,1179,1992,4818,0,1.354362,1.3260530000000001,ISR,AUS,6994
111,14,1179,1992,408454,2098,1.7819,0.981246,ITA,AUS,6994
112,14,1179,1992,0,1879,-0.200329,-0.595741,JAM,AUS,6994
114,14,1179,1992,809325,53086,2.451698,0.875639,JPN,AUS,6994
116,14,1179,1992,0,2117,-0.31818,-0.096856,KEN,AUS,6994
119,14,1179,1992,0,9708,-0.047671,-0.740088,KIR,AUS,6994
121,14,1179,1992,7572,40408,0.778066,1.3011139999999999,KOR,AUS,6994
138,14,1179,1992,31356,0,0.9039370000000001,0.965842,MEX,AUS,6994
151,14,1179,1992,0,1240,-0.249558,-0.643201,MUS,AUS,6994
153,14,1179,1992,487815,81226,0.14268499999999998,0.370079,MYS,AUS,6994
162,14,1179,1992,45685,0,1.4315069999999999,1.7107450000000002,NLD,AUS,6994
163,14,1179,1992,7711,0,0.877965,0.444983,NOR,AUS,6994
166,14,1179,1992,2120094,290857,0.41866000000000003,0.580581,NZL,AUS,6994
169,14,1179,1992,0,64356,0.289315,0.37247199999999997,PAN,AUS,6994
174,14,1179,1992,0,34250,-0.139761,0.772109,PHL,AUS,6994
176,14,1179,1992,0,138302,-1.602221,-1.058247,PNG,AUS,6994
177,14,1179,1992,2006,0,0.581166,2.070795,POL,AUS,6994
179,14,1179,1992,1593,0,0.47505,0.8402860000000001,PRT,AUS,6994
186,14,1179,1992,1516,0,0.071799,0.14036099999999999,RUS,AUS,6994
188,14,1179,1992,0,18853,0.416315,-0.7342489999999999,SAU,AUS,6994
189,14,1179,1992,0,899,0.9474950000000001,2.442268,SCG,AUS,6994
190,14,1179,1992,0,40480,-0.930193,-1.02726,SDN,AUS,6994
192,14,1179,1992,55894,217632,0.95691,0.892702,SGP,AUS,6994
195,14,1179,1992,0,4101,-1.491786,-0.9599799999999999,SLB,AUS,6994
208,14,1179,1992,332814,25378,2.2265900000000003,0.999178,SWE,AUS,6994
216,14,1179,1992,9638,194128,0.109518,1.486578,THA,AUS,6994
231,14,1179,1992,605508,39108,1.660693,1.289752,USA,AUS,6994
246,14,1179,1992,45277,2893,0.236335,1.415622,ZAF,AUS,6994
248,14,1179,1992,0,9731,-0.11168099999999999,0.143612,ZWE,AUS,6994
249,14,1179,1992,232500,24917,1.3694790000000001,1.6227559999999999,TWN,AUS,6994
250,14,1179,1992,10166,3017,0.989994,0.977453,ANS,AUS,6994
8,15,1179,1992,8056,3159,0.043179,0.553408,ARG,AUT,6994
14,15,1179,1992,969,42182,0.083812,0.637224,AUS,AUT,6994
18,15,1179,1992,36465,31305,1.449085,1.622957,BEL,AUT,6994
23,15,1179,1992,0,101255,0.503161,1.871616,BGR,AUT,6994
24,15,1179,1992,0,3746,0.047396,-0.554517,BHR,AUT,6994
25,15,1179,1992,0,1002,0.181088,-0.591638,BHS,AUT,6994
28,15,1179,1992,0,1188,0.6011380000000001,0.450072,BLR,AUT,6994
30,15,1179,1992,0,25709,0.302027,-0.450866,BMU,AUT,6994
32,15,1179,1992,0,7349,0.685144,1.5676709999999998,BRA,AUT,6994
34,15,1179,1992,0,1163,-1.142722,-0.818717,BRN,AUT,6994
39,15,1179,1992,15699,85594,0.74703,1.096791,CAN,AUT,6994
41,15,1179,1992,3719818,632297,2.24952,1.014945,CHE,AUT,6994
42,15,1179,1992,0,5470,-0.188106,-0.360151,CHL,AUT,6994
43,15,1179,1992,0,170955,0.269411,1.920075,CHN,AUT,6994
46,15,1179,1992,0,3409,-1.55348,-1.100071,COD,AUT,6994
49,15,1179,1992,0,1869,0.022895,0.22971799999999998,COL,AUT,6994
52,15,1179,1992,0,7911,0.11654,0.191873,CRI,AUT,6994
53,15,1179,1992,159499,1105819,1.116966,2.225331,CSK,AUT,6994
58,15,1179,1992,0,11185,0.471516,0.668776,CYP,AUT,6994
61,15,1179,1992,28237932,7279650,2.2968349999999997,-2.581569,DEU,AUT,6994
64,15,1179,1992,8711,80114,1.696464,1.365743,DNK,AUT,6994
66,15,1179,1992,0,1154,-0.24189699999999997,-0.9399219999999999,DZA,AUT,6994
68,15,1179,1992,0,12407,-0.102143,-0.17513499999999999,EGY,AUT,6994
71,15,1179,1992,5178,163944,1.301511,1.730441,ESP,AUT,6994
73,15,1179,1992,0,7497,-1.036482,-1.078446,ETH,AUT,6994
74,15,1179,1992,16150,42809,1.929661,1.3477,FIN,AUT,6994
77,15,1179,1992,92678,399492,1.682766,1.2713430000000001,FRA,AUT,6994
81,15,1179,1992,20292,126681,1.8901810000000001,0.9274030000000001,GBR,AUT,6994
84,15,1179,1992,0,2187,1.356823,0.656416,GIB,AUT,6994
90,15,1179,1992,7014,108434,0.139504,0.743678,GRC,AUT,6994
97,15,1179,1992,0,23333,0.754112,1.911201,HKG,AUT,6994
99,15,1179,1992,0,2394,-0.5100640000000001,-0.38205900000000004,HND,AUT,6994
100,15,1179,1992,64308,30601,0.877872,1.726188,HRV,AUT,6994
102,15,1179,1992,167907,1245960,0.9144620000000001,2.157041,HUN,AUT,6994
103,15,1179,1992,0,2271,-0.5250670000000001,0.717568,IDN,AUT,6994
104,15,1179,1992,0,220824,0.101094,1.6851180000000001,IND,AUT,6994
106,15,1179,1992,0,5696,1.454172,1.397052,IRL,AUT,6994
107,15,1179,1992,0,21038,-1.195108,-1.135155,IRN,AUT,6994
109,15,1179,1992,1234,9585,-0.076691,-0.630567,ISL,AUT,6994
110,15,1179,1992,0,19128,1.354362,1.3260530000000001,ISR,AUT,6994
111,15,1179,1992,1483458,485301,1.7819,0.981246,ITA,AUT,6994
112,15,1179,1992,0,3199,-0.200329,-0.595741,JAM,AUT,6994
113,15,1179,1992,0,5330,0.716964,0.5323760000000001,JOR,AUT,6994
114,15,1179,1992,83502,100066,2.451698,0.875639,JPN,AUT,6994
116,15,1179,1992,0,11930,-0.31818,-0.096856,KEN,AUT,6994
121,15,1179,1992,985,2207,0.778066,1.3011139999999999,KOR,AUT,6994
122,15,1179,1992,0,25780,-1.2360950000000002,-1.061771,KWT,AUT,6994
124,15,1179,1992,0,116746,0.186135,0.800906,LBN,AUT,6994
126,15,1179,1992,0,1823,-0.333309,-0.981883,LBY,AUT,6994
128,15,1179,1992,0,2285,-0.45780600000000005,-0.221948,LKA,AUT,6994
134,15,1179,1992,0,4589,-0.339711,-0.265987,MAR,AUT,6994
136,15,1179,1992,0,931,-0.977873,-0.743187,MDG,AUT,6994
138,15,1179,1992,29208,7916,0.9039370000000001,0.965842,MEX,AUT,6994
142,15,1179,1992,0,1470,0.828211,0.29226599999999997,MLT,AUT,6994
153,15,1179,1992,16698,173289,0.14268499999999998,0.370079,MYS,AUT,6994
159,15,1179,1992,0,29373,-2.275923,-1.178983,NGA,AUT,6994
160,15,1179,1992,0,1124,-0.214083,-0.111615,NIC,AUT,6994
162,15,1179,1992,244094,5000927,1.4315069999999999,1.7107450000000002,NLD,AUT,6994
163,15,1179,1992,22024,40256,0.877965,0.444983,NOR,AUT,6994
166,15,1179,1992,1387,67695,0.41866000000000003,0.580581,NZL,AUT,6994
167,15,1179,1992,0,11440,-0.906702,-1.0716709999999998,OMN,AUT,6994
168,15,1179,1992,0,25398,-0.480152,-0.361705,PAK,AUT,6994
169,15,1179,1992,0,826,0.289315,0.37247199999999997,PAN,AUT,6994
173,15,1179,1992,0,1636,-0.286545,-0.264638,PER,AUT,6994
177,15,1179,1992,29198,54222,0.581166,2.070795,POL,AUT,6994
179,15,1179,1992,7719,4599,0.47505,0.8402860000000001,PRT,AUT,6994
185,15,1179,1992,0,4231,0.838817,1.358629,ROU,AUT,6994
186,15,1179,1992,0,56709,0.071799,0.14036099999999999,RUS,AUT,6994
187,15,1179,1992,0,2656,-0.890012,-0.888402,RWA,AUT,6994
188,15,1179,1992,0,67479,0.416315,-0.7342489999999999,SAU,AUT,6994
189,15,1179,1992,79027,24620,0.9474950000000001,2.442268,SCG,AUT,6994
190,15,1179,1992,0,4101,-0.930193,-1.02726,SDN,AUT,6994
192,15,1179,1992,12372,87174,0.95691,0.892702,SGP,AUT,6994
207,15,1179,1992,156942,174760,1.3270629999999999,1.605534,SVN,AUT,6994
208,15,1179,1992,156463,4418816,2.2265900000000003,0.999178,SWE,AUT,6994
212,15,1179,1992,0,214292,-0.566724,-0.602446,SYR,AUT,6994
216,15,1179,1992,20589,84257,0.109518,1.486578,THA,AUT,6994
223,15,1179,1992,0,12865,0.14482,-0.13608,TUN,AUT,6994
224,15,1179,1992,989,8855,0.160966,1.154796,TUR,AUT,6994
226,15,1179,1992,0,5017,-1.139271,-0.8235379999999999,TZA,AUT,6994
227,15,1179,1992,0,2748,-1.264399,-1.0359450000000001,UGA,AUT,6994
231,15,1179,1992,3628,424720,1.660693,1.289752,USA,AUT,6994
236,15,1179,1992,0,3238,-0.106385,-0.65975,VEN,AUT,6994
246,15,1179,1992,6905,153214,0.236335,1.415622,ZAF,AUT,6994
248,15,1179,1992,0,1716,-0.11168099999999999,0.143612,ZWE,AUT,6994
249,15,1179,1992,11310,1003,1.3694790000000001,1.6227559999999999,TWN,AUT,6994
250,15,1179,1992,0,1473,0.989994,0.977453,ANS,AUT,6994
39,22,1179,1992,6595,0,0.74703,1.096791,CAN,BGD,6994
41,22,1179,1992,1161,0,2.24952,1.014945,CHE,BGD,6994
61,22,1179,1992,183413,0,2.2968349999999997,-2.581569,DEU,BGD,6994
81,22,1179,1992,4487,0,1.8901810000000001,0.9274030000000001,GBR,BGD,6994
104,22,1179,1992,4710,0,0.101094,1.6851180000000001,IND,BGD,6994
114,22,1179,1992,199668,0,2.451698,0.875639,JPN,BGD,6994
121,22,1179,1992,1542,0,0.778066,1.3011139999999999,KOR,BGD,6994
186,22,1179,1992,3561,0,0.071799,0.14036099999999999,RUS,BGD,6994
192,22,1179,1992,203849,0,0.95691,0.892702,SGP,BGD,6994
216,22,1179,1992,24302,0,0.109518,1.486578,THA,BGD,6994
15,23,1179,1992,101255,0,1.975207,0.669388,AUT,BGR,6994
18,23,1179,1992,3759,0,1.449085,1.622957,BEL,BGR,6994
41,23,1179,1992,3847,0,2.24952,1.014945,CHE,BGR,6994
53,23,1179,1992,5707,0,1.116966,2.225331,CSK,BGR,6994
58,23,1179,1992,0,4970,0.471516,0.668776,CYP,BGR,6994
61,23,1179,1992,128282,6669,2.2968349999999997,-2.581569,DEU,BGR,6994
77,23,1179,1992,15016,0,1.682766,1.2713430000000001,FRA,BGR,6994
81,23,1179,1992,0,3432,1.8901810000000001,0.9274030000000001,GBR,BGR,6994
102,23,1179,1992,0,3990,0.9144620000000001,2.157041,HUN,BGR,6994
111,23,1179,1992,74149,3258,1.7819,0.981246,ITA,BGR,6994
114,23,1179,1992,17542,0,2.451698,0.875639,JPN,BGR,6994
162,23,1179,1992,16055,0,1.4315069999999999,1.7107450000000002,NLD,BGR,6994
189,23,1179,1992,800,17314,0.9474950000000001,2.442268,SCG,BGR,6994
208,23,1179,1992,45146,0,2.2265900000000003,0.999178,SWE,BGR,6994
224,23,1179,1992,1239,0,0.160966,1.154796,TUR,BGR,6994
228,23,1179,1992,35072,0,0.375148,0.23747,UKR,BGR,6994
236,23,1179,1992,0,1124,-0.106385,-0.65975,VEN,BGR,6994
6,39,1179,1992,0,6153,0.258484,-0.47236000000000006,ANT,CAN,6994
7,39,1179,1992,0,4751,-0.495518,-0.963358,ARE,CAN,6994
8,39,1179,1992,9229,2074,0.043179,0.553408,ARG,CAN,6994
13,39,1179,1992,0,3440,0.561238,-0.164287,ATG,CAN,6994
14,39,1179,1992,908,256656,0.083812,0.637224,AUS,CAN,6994
15,39,1179,1992,85594,15699,1.975207,0.669388,AUT,CAN,6994
18,39,1179,1992,28655,101718,1.449085,1.622957,BEL,CAN,6994
21,39,1179,1992,0,2777,-1.176898,-1.092949,BFA,CAN,6994
22,39,1179,1992,0,6595,-0.608254,-0.921751,BGD,CAN,6994
29,39,1179,1992,0,2555,-0.06729700000000001,-0.386682,BLZ,CAN,6994
32,39,1179,1992,57141,340310,0.685144,1.5676709999999998,BRA,CAN,6994
33,39,1179,1992,0,1462,0.9121950000000001,0.413592,BRB,CAN,6994
41,39,1179,1992,23946,5161,2.24952,1.014945,CHE,CAN,6994
42,39,1179,1992,0,9456,-0.188106,-0.360151,CHL,CAN,6994
43,39,1179,1992,87382,4908,0.269411,1.920075,CHN,CAN,6994
49,39,1179,1992,0,11652,0.022895,0.22971799999999998,COL,CAN,6994
61,39,1179,1992,910478,22374,2.2968349999999997,-2.581569,DEU,CAN,6994
64,39,1179,1992,4535,0,1.696464,1.365743,DNK,CAN,6994
66,39,1179,1992,0,120110,-0.24189699999999997,-0.9399219999999999,DZA,CAN,6994
71,39,1179,1992,27869,43270,1.301511,1.730441,ESP,CAN,6994
74,39,1179,1992,2252,1974,1.929661,1.3477,FIN,CAN,6994
77,39,1179,1992,44557,29004,1.682766,1.2713430000000001,FRA,CAN,6994
81,39,1179,1992,146325,100289,1.8901810000000001,0.9274030000000001,GBR,CAN,6994
97,39,1179,1992,17446,1776,0.754112,1.911201,HKG,CAN,6994
103,39,1179,1992,0,2874,-0.5250670000000001,0.717568,IDN,CAN,6994
104,39,1179,1992,0,13037,0.101094,1.6851180000000001,IND,CAN,6994
106,39,1179,1992,1331,1951,1.454172,1.397052,IRL,CAN,6994
107,39,1179,1992,0,3163,-1.195108,-1.135155,IRN,CAN,6994
109,39,1179,1992,0,978,-0.076691,-0.630567,ISL,CAN,6994
110,39,1179,1992,0,1886,1.354362,1.3260530000000001,ISR,CAN,6994
111,39,1179,1992,587853,48053,1.7819,0.981246,ITA,CAN,6994
112,39,1179,1992,0,11897,-0.200329,-0.595741,JAM,CAN,6994
114,39,1179,1992,1099256,29044,2.451698,0.875639,JPN,CAN,6994
116,39,1179,1992,0,1369,-0.31818,-0.096856,KEN,CAN,6994
121,39,1179,1992,27856,3879,0.778066,1.3011139999999999,KOR,CAN,6994
122,39,1179,1992,0,3750,-1.2360950000000002,-1.061771,KWT,CAN,6994
128,39,1179,1992,0,4195,-0.45780600000000005,-0.221948,LKA,CAN,6994
138,39,1179,1992,10857928,23613,0.9039370000000001,0.965842,MEX,CAN,6994
153,39,1179,1992,0,8707,0.14268499999999998,0.370079,MYS,CAN,6994
162,39,1179,1992,8615,33705,1.4315069999999999,1.7107450000000002,NLD,CAN,6994
163,39,1179,1992,7284,12266,0.877965,0.444983,NOR,CAN,6994
166,39,1179,1992,0,11546,0.41866000000000003,0.580581,NZL,CAN,6994
168,39,1179,1992,0,26390,-0.480152,-0.361705,PAK,CAN,6994
173,39,1179,1992,0,19788,-0.286545,-0.264638,PER,CAN,6994
174,39,1179,1992,0,86005,-0.139761,0.772109,PHL,CAN,6994
177,39,1179,1992,0,3017,0.581166,2.070795,POL,CAN,6994
186,39,1179,1992,0,15361,0.071799,0.14036099999999999,RUS,CAN,6994
188,39,1179,1992,0,52593,0.416315,-0.7342489999999999,SAU,CAN,6994
189,39,1179,1992,0,868,0.9474950000000001,2.442268,SCG,CAN,6994
192,39,1179,1992,0,11526,0.95691,0.892702,SGP,CAN,6994
200,39,1179,1992,0,6883,-0.49168900000000004,-0.812567,SPM,CAN,6994
208,39,1179,1992,264253,10743,2.2265900000000003,0.999178,SWE,CAN,6994
212,39,1179,1992,0,3904,-0.566724,-0.602446,SYR,CAN,6994
216,39,1179,1992,91236,4311,0.109518,1.486578,THA,CAN,6994
222,39,1179,1992,0,5638,0.43506000000000006,-0.43233599999999994,TTO,CAN,6994
223,39,1179,1992,0,737,0.14482,-0.13608,TUN,CAN,6994
224,39,1179,1992,0,14225,0.160966,1.154796,TUR,CAN,6994
226,39,1179,1992,0,1542,-1.139271,-0.8235379999999999,TZA,CAN,6994
227,39,1179,1992,13659,0,-1.264399,-1.0359450000000001,UGA,CAN,6994
231,39,1179,1992,91356096,212572832,1.660693,1.289752,USA,CAN,6994
236,39,1179,1992,0,398276,-0.106385,-0.65975,VEN,CAN,6994
246,39,1179,1992,3151,5957,0.236335,1.415622,ZAF,CAN,6994
248,39,1179,1992,0,32042,-0.11168099999999999,0.143612,ZWE,CAN,6994
249,39,1179,1992,153472,2187,1.3694790000000001,1.6227559999999999,TWN,CAN,6994
250,39,1179,1992,142337,4568,0.989994,0.977453,ANS,CAN,6994
6,41,1179,1992,0,27312,0.258484,-0.47236000000000006,ANT,CHE,6994
7,41,1179,1992,0,27819,-0.495518,-0.963358,ARE,CHE,6994
8,41,1179,1992,0,14289,0.043179,0.553408,ARG,CHE,6994
14,41,1179,1992,3711,35648,0.083812,0.637224,AUS,CHE,6994
15,41,1179,1992,632297,3719818,1.975207,0.669388,AUT,CHE,6994
18,41,1179,1992,52688,871568,1.449085,1.622957,BEL,CHE,6994
22,41,1179,1992,0,1161,-0.608254,-0.921751,BGD,CHE,6994
23,41,1179,1992,0,3847,0.503161,1.871616,BGR,CHE,6994
32,41,1179,1992,0,25148,0.685144,1.5676709999999998,BRA,CHE,6994
39,41,1179,1992,5161,23946,0.74703,1.096791,CAN,CHE,6994
42,41,1179,1992,0,8055,-0.188106,-0.360151,CHL,CHE,6994
43,41,1179,1992,0,1949,0.269411,1.920075,CHN,CHE,6994
49,41,1179,1992,0,1179,0.022895,0.22971799999999998,COL,CHE,6994
52,41,1179,1992,0,4450,0.11654,0.191873,CRI,CHE,6994
53,41,1179,1992,0,45910,1.116966,2.225331,CSK,CHE,6994
58,41,1179,1992,0,1062,0.471516,0.668776,CYP,CHE,6994
61,41,1179,1992,14240025,9527647,2.2968349999999997,-2.581569,DEU,CHE,6994
64,41,1179,1992,246615,367083,1.696464,1.365743,DNK,CHE,6994
66,41,1179,1992,0,31769,-0.24189699999999997,-0.9399219999999999,DZA,CHE,6994
68,41,1179,1992,0,4341,-0.102143,-0.17513499999999999,EGY,CHE,6994
71,41,1179,1992,33380,361870,1.301511,1.730441,ESP,CHE,6994
74,41,1179,1992,449343,391686,1.929661,1.3477,FIN,CHE,6994
77,41,1179,1992,235125,4230744,1.682766,1.2713430000000001,FRA,CHE,6994
81,41,1179,1992,277651,3710854,1.8901810000000001,0.9274030000000001,GBR,CHE,6994
83,41,1179,1992,0,17230,-0.936314,-0.935839,GHA,CHE,6994
90,41,1179,1992,0,15692,0.139504,0.743678,GRC,CHE,6994
93,41,1179,1992,0,2644,-0.031145999999999997,0.48874300000000004,GTM,CHE,6994
97,41,1179,1992,1422,34071,0.754112,1.911201,HKG,CHE,6994
100,41,1179,1992,0,2635,0.877872,1.726188,HRV,CHE,6994
102,41,1179,1992,0,55731,0.9144620000000001,2.157041,HUN,CHE,6994
103,41,1179,1992,0,4162,-0.5250670000000001,0.717568,IDN,CHE,6994
104,41,1179,1992,0,190967,0.101094,1.6851180000000001,IND,CHE,6994
106,41,1179,1992,12511,7344,1.454172,1.397052,IRL,CHE,6994
107,41,1179,1992,0,14886,-1.195108,-1.135155,IRN,CHE,6994
109,41,1179,1992,0,1505,-0.076691,-0.630567,ISL,CHE,6994
110,41,1179,1992,13469,27380,1.354362,1.3260530000000001,ISR,CHE,6994
111,41,1179,1992,1473877,6858777,1.7819,0.981246,ITA,CHE,6994
114,41,1179,1992,257369,226506,2.451698,0.875639,JPN,CHE,6994
116,41,1179,1992,0,5801,-0.31818,-0.096856,KEN,CHE,6994
121,41,1179,1992,0,23661,0.778066,1.3011139999999999,KOR,CHE,6994
122,41,1179,1992,0,1217,-1.2360950000000002,-1.061771,KWT,CHE,6994
125,41,1179,1992,0,2931,-0.790557,-0.9978870000000001,LBR,CHE,6994
128,41,1179,1992,0,5900,-0.45780600000000005,-0.221948,LKA,CHE,6994
134,41,1179,1992,0,26366,-0.339711,-0.265987,MAR,CHE,6994
136,41,1179,1992,0,17456,-0.977873,-0.743187,MDG,CHE,6994
138,41,1179,1992,764,6530,0.9039370000000001,0.965842,MEX,CHE,6994
142,41,1179,1992,0,1815,0.828211,0.29226599999999997,MLT,CHE,6994
153,41,1179,1992,0,7488,0.14268499999999998,0.370079,MYS,CHE,6994
162,41,1179,1992,278709,1028743,1.4315069999999999,1.7107450000000002,NLD,CHE,6994
163,41,1179,1992,0,14012,0.877965,0.444983,NOR,CHE,6994
166,41,1179,1992,0,6069,0.41866000000000003,0.580581,NZL,CHE,6994
168,41,1179,1992,0,39654,-0.480152,-0.361705,PAK,CHE,6994
173,41,1179,1992,0,12777,-0.286545,-0.264638,PER,CHE,6994
174,41,1179,1992,0,3416,-0.139761,0.772109,PHL,CHE,6994
177,41,1179,1992,0,208101,0.581166,2.070795,POL,CHE,6994
179,41,1179,1992,15472,51716,0.47505,0.8402860000000001,PRT,CHE,6994
180,41,1179,1992,0,11161,-0.906433,-0.787177,PRY,CHE,6994
185,41,1179,1992,0,1383,0.838817,1.358629,ROU,CHE,6994
186,41,1179,1992,0,9468,0.071799,0.14036099999999999,RUS,CHE,6994
188,41,1179,1992,0,36326,0.416315,-0.7342489999999999,SAU,CHE,6994
189,41,1179,1992,0,48266,0.9474950000000001,2.442268,SCG,CHE,6994
192,41,1179,1992,251272,213553,0.95691,0.892702,SGP,CHE,6994
207,41,1179,1992,1062,1639,1.3270629999999999,1.605534,SVN,CHE,6994
208,41,1179,1992,318342,1119856,2.2265900000000003,0.999178,SWE,CHE,6994
216,41,1179,1992,0,39517,0.109518,1.486578,THA,CHE,6994
223,41,1179,1992,0,26774,0.14482,-0.13608,TUN,CHE,6994
224,41,1179,1992,0,35033,0.160966,1.154796,TUR,CHE,6994
230,41,1179,1992,0,3621,0.242758,0.711781,URY,CHE,6994
231,41,1179,1992,866497,1419444,1.660693,1.289752,USA,CHE,6994
236,41,1179,1992,0,2054,-0.106385,-0.65975,VEN,CHE,6994
246,41,1179,1992,5998,52632,0.236335,1.415622,ZAF,CHE,6994
248,41,1179,1992,0,10896,-0.11168099999999999,0.143612,ZWE,CHE,6994
249,41,1179,1992,1815,58432,1.3694790000000001,1.6227559999999999,TWN,CHE,6994
250,41,1179,1992,2523,2213,0.989994,0.977453,ANS,CHE,6994
8,42,1179,1992,145587,54040,0.043179,0.553408,ARG,CHL,6994
14,42,1179,1992,8686,0,0.083812,0.637224,AUS,CHL,6994
15,42,1179,1992,5470,0,1.975207,0.669388,AUT,CHL,6994
18,42,1179,1992,16959,0,1.449085,1.622957,BEL,CHL,6994
31,42,1179,1992,0,2054,-0.609826,-0.693473,BOL,CHL,6994
32,42,1179,1992,644202,2436,0.685144,1.5676709999999998,BRA,CHL,6994
39,42,1179,1992,9456,0,0.74703,1.096791,CAN,CHL,6994
41,42,1179,1992,8055,0,2.24952,1.014945,CHE,CHL,6994
43,42,1179,1992,6600,0,0.269411,1.920075,CHN,CHL,6994
61,42,1179,1992,79583,0,2.2968349999999997,-2.581569,DEU,CHL,6994
64,42,1179,1992,23163,0,1.696464,1.365743,DNK,CHL,6994
71,42,1179,1992,293473,0,1.301511,1.730441,ESP,CHL,6994
74,42,1179,1992,1315,0,1.929661,1.3477,FIN,CHL,6994
77,42,1179,1992,16847,2150,1.682766,1.2713430000000001,FRA,CHL,6994
81,42,1179,1992,16139,0,1.8901810000000001,0.9274030000000001,GBR,CHL,6994
93,42,1179,1992,0,1902,-0.031145999999999997,0.48874300000000004,GTM,CHL,6994
111,42,1179,1992,2872,0,1.7819,0.981246,ITA,CHL,6994
114,42,1179,1992,62193,0,2.451698,0.875639,JPN,CHL,6994
121,42,1179,1992,11333,0,0.778066,1.3011139999999999,KOR,CHL,6994
138,42,1179,1992,7143,0,0.9039370000000001,0.965842,MEX,CHL,6994
162,42,1179,1992,5045,0,1.4315069999999999,1.7107450000000002,NLD,CHL,6994
163,42,1179,1992,8913,0,0.877965,0.444983,NOR,CHL,6994
173,42,1179,1992,3095,6411,-0.286545,-0.264638,PER,CHL,6994
186,42,1179,1992,29294,0,0.071799,0.14036099999999999,RUS,CHL,6994
197,42,1179,1992,0,60173,0.396523,0.47548900000000005,SLV,CHL,6994
208,42,1179,1992,6734,1623,2.2265900000000003,0.999178,SWE,CHL,6994
231,42,1179,1992,20180,14223,1.660693,1.289752,USA,CHL,6994
246,42,1179,1992,4317,0,0.236335,1.415622,ZAF,CHL,6994
249,42,1179,1992,13278,0,1.3694790000000001,1.6227559999999999,TWN,CHL,6994
250,42,1179,1992,33727,2293,0.989994,0.977453,ANS,CHL,6994
4,68,1179,1992,1179,0,-0.24194200000000002,-0.395524,ALB,EGY,6994
15,68,1179,1992,12407,0,1.975207,0.669388,AUT,EGY,6994
18,68,1179,1992,8320,0,1.449085,1.622957,BEL,EGY,6994
41,68,1179,1992,4341,0,2.24952,1.014945,CHE,EGY,6994
43,68,1179,1992,4217,0,0.269411,1.920075,CHN,EGY,6994
61,68,1179,1992,211710,0,2.2968349999999997,-2.581569,DEU,EGY,6994
64,68,1179,1992,40019,0,1.696464,1.365743,DNK,EGY,6994
66,68,1179,1992,0,882,-0.24189699999999997,-0.9399219999999999,DZA,EGY,6994
71,68,1179,1992,1053,0,1.301511,1.730441,ESP,EGY,6994
77,68,1179,1992,47620,0,1.682766,1.2713430000000001,FRA,EGY,6994
81,68,1179,1992,39031,0,1.8901810000000001,0.9274030000000001,GBR,EGY,6994
97,68,1179,1992,14399,0,0.754112,1.911201,HKG,EGY,6994
103,68,1179,1992,955,0,-0.5250670000000001,0.717568,IDN,EGY,6994
104,68,1179,1992,27913,0,0.101094,1.6851180000000001,IND,EGY,6994
111,68,1179,1992,81339,0,1.7819,0.981246,ITA,EGY,6994
114,68,1179,1992,329162,0,2.451698,0.875639,JPN,EGY,6994
121,68,1179,1992,3540,0,0.778066,1.3011139999999999,KOR,EGY,6994
126,68,1179,1992,6018,0,-0.333309,-0.981883,LBY,EGY,6994
128,68,1179,1992,0,1852,-0.45780600000000005,-0.221948,LKA,EGY,6994
162,68,1179,1992,7110,0,1.4315069999999999,1.7107450000000002,NLD,EGY,6994
185,68,1179,1992,970,0,0.838817,1.358629,ROU,EGY,6994
188,68,1179,1992,981,71406,0.416315,-0.7342489999999999,SAU,EGY,6994
192,68,1179,1992,70858,0,0.95691,0.892702,SGP,EGY,6994
208,68,1179,1992,3983,0,2.2265900000000003,0.999178,SWE,EGY,6994
212,68,1179,1992,0,13723,-0.566724,-0.602446,SYR,EGY,6994
231,68,1179,1992,11384,0,1.660693,1.289752,USA,EGY,6994
249,68,1179,1992,5079,0,1.3694790000000001,1.6227559999999999,TWN,EGY,6994
250,68,1179,1992,2904,0,0.989994,0.977453,ANS,EGY,6994
15,100,1179,1992,30601,64308,1.975207,0.669388,AUT,HRV,6994
18,100,1179,1992,815,0,1.449085,1.622957,BEL,HRV,6994
26,100,1179,1992,68714,183864,0.76031,1.212207,BIH,HRV,6994
41,100,1179,1992,2635,0,2.24952,1.014945,CHE,HRV,6994
53,100,1179,1992,2258,0,1.116966,2.225331,CSK,HRV,6994
61,100,1179,1992,59885,1326877,2.2968349999999997,-2.581569,DEU,HRV,6994
64,100,1179,1992,13812,54389,1.696464,1.365743,DNK,HRV,6994
77,100,1179,1992,2135,7599,1.682766,1.2713430000000001,FRA,HRV,6994
81,100,1179,1992,8052,0,1.8901810000000001,0.9274030000000001,GBR,HRV,6994
102,100,1179,1992,1645,0,0.9144620000000001,2.157041,HUN,HRV,6994
111,100,1179,1992,68844,0,1.7819,0.981246,ITA,HRV,6994
162,100,1179,1992,0,77298,1.4315069999999999,1.7107450000000002,NLD,HRV,6994
189,100,1179,1992,6884,162683,0.9474950000000001,2.442268,SCG,HRV,6994
207,100,1179,1992,270388,807786,1.3270629999999999,1.605534,SVN,HRV,6994
208,100,1179,1992,6692,11790,2.2265900000000003,0.999178,SWE,HRV,6994
231,100,1179,1992,6614,0,1.660693,1.289752,USA,HRV,6994
250,100,1179,1992,1551,11888,0.989994,0.977453,ANS,HRV,6994
14,102,1179,1992,0,854,0.083812,0.637224,AUS,HUN,6994
15,102,1179,1992,1245960,167907,1.975207,0.669388,AUT,HUN,6994
18,102,1179,1992,335327,1211,1.449085,1.622957,BEL,HUN,6994
23,102,1179,1992,3990,0,0.503161,1.871616,BGR,HUN,6994
41,102,1179,1992,55731,0,2.24952,1.014945,CHE,HUN,6994
53,102,1179,1992,327283,20420,1.116966,2.225331,CSK,HUN,6994
54,102,1179,1992,0,1000,-0.719011,-1.077984,CUB,HUN,6994
61,102,1179,1992,1610332,867992,2.2968349999999997,-2.581569,DEU,HUN,6994
64,102,1179,1992,0,6573,1.696464,1.365743,DNK,HUN,6994
66,102,1179,1992,0,5636,-0.24189699999999997,-0.9399219999999999,DZA,HUN,6994
71,102,1179,1992,3587,0,1.301511,1.730441,ESP,HUN,6994
74,102,1179,1992,9508,73474,1.929661,1.3477,FIN,HUN,6994
77,102,1179,1992,19338,0,1.682766,1.2713430000000001,FRA,HUN,6994
81,102,1179,1992,2086,10904,1.8901810000000001,0.9274030000000001,GBR,HUN,6994
90,102,1179,1992,0,1851,0.139504,0.743678,GRC,HUN,6994
100,102,1179,1992,0,1645,0.877872,1.726188,HRV,HUN,6994
106,102,1179,1992,827,0,1.454172,1.397052,IRL,HUN,6994
107,102,1179,1992,0,25002,-1.195108,-1.135155,IRN,HUN,6994
111,102,1179,1992,203742,54856,1.7819,0.981246,ITA,HUN,6994
114,102,1179,1992,11430,0,2.451698,0.875639,JPN,HUN,6994
122,102,1179,1992,0,6742,-1.2360950000000002,-1.061771,KWT,HUN,6994
153,102,1179,1992,0,2691,0.14268499999999998,0.370079,MYS,HUN,6994
162,102,1179,1992,15470,1875,1.4315069999999999,1.7107450000000002,NLD,HUN,6994
163,102,1179,1992,0,5979,0.877965,0.444983,NOR,HUN,6994
177,102,1179,1992,7689,81408,0.581166,2.070795,POL,HUN,6994
185,102,1179,1992,10083,3786,0.838817,1.358629,ROU,HUN,6994
186,102,1179,1992,18365,270359,0.071799,0.14036099999999999,RUS,HUN,6994
189,102,1179,1992,2657,1246,0.9474950000000001,2.442268,SCG,HUN,6994
208,102,1179,1992,3051,15544,2.2265900000000003,0.999178,SWE,HUN,6994
223,102,1179,1992,0,5032,0.14482,-0.13608,TUN,HUN,6994
224,102,1179,1992,0,839,0.160966,1.154796,TUR,HUN,6994
231,102,1179,1992,39350,115054,1.660693,1.289752,USA,HUN,6994
249,102,1179,1992,0,5019,1.3694790000000001,1.6227559999999999,TWN,HUN,6994
14,103,1179,1992,49312,108455,0.083812,0.637224,AUS,IDN,6994
15,103,1179,1992,2271,0,1.975207,0.669388,AUT,IDN,6994
32,103,1179,1992,8390,0,0.685144,1.5676709999999998,BRA,IDN,6994
39,103,1179,1992,2874,0,0.74703,1.096791,CAN,IDN,6994
41,103,1179,1992,4162,0,2.24952,1.014945,CHE,IDN,6994
43,103,1179,1992,84985,1892,0.269411,1.920075,CHN,IDN,6994
61,103,1179,1992,97788,14305,2.2968349999999997,-2.581569,DEU,IDN,6994
64,103,1179,1992,2418,0,1.696464,1.365743,DNK,IDN,6994
68,103,1179,1992,0,955,-0.102143,-0.17513499999999999,EGY,IDN,6994
74,103,1179,1992,9645,0,1.929661,1.3477,FIN,IDN,6994
77,103,1179,1992,175950,0,1.682766,1.2713430000000001,FRA,IDN,6994
81,103,1179,1992,21236,1744,1.8901810000000001,0.9274030000000001,GBR,IDN,6994
97,103,1179,1992,184086,3013,0.754112,1.911201,HKG,IDN,6994
104,103,1179,1992,2630,0,0.101094,1.6851180000000001,IND,IDN,6994
111,103,1179,1992,77416,0,1.7819,0.981246,ITA,IDN,6994
114,103,1179,1992,4377855,2179560,2.451698,0.875639,JPN,IDN,6994
121,103,1179,1992,46446,3585656,0.778066,1.3011139999999999,KOR,IDN,6994
128,103,1179,1992,0,14076,-0.45780600000000005,-0.221948,LKA,IDN,6994
138,103,1179,1992,1141,1851,0.9039370000000001,0.965842,MEX,IDN,6994
153,103,1179,1992,44384,339805,0.14268499999999998,0.370079,MYS,IDN,6994
162,103,1179,1992,7908,0,1.4315069999999999,1.7107450000000002,NLD,IDN,6994
174,103,1179,1992,0,20108,-0.139761,0.772109,PHL,IDN,6994
178,103,1179,1992,1630,0,0.201042,0.477547,PRK,IDN,6994
188,103,1179,1992,0,35370,0.416315,-0.7342489999999999,SAU,IDN,6994
192,103,1179,1992,257865,0,0.95691,0.892702,SGP,IDN,6994
208,103,1179,1992,11235,0,2.2265900000000003,0.999178,SWE,IDN,6994
216,103,1179,1992,12065,41653,0.109518,1.486578,THA,IDN,6994
231,103,1179,1992,184617,0,1.660693,1.289752,USA,IDN,6994
249,103,1179,1992,109178,0,1.3694790000000001,1.6227559999999999,TWN,IDN,6994
250,103,1179,1992,3463,0,0.989994,0.977453,ANS,IDN,6994
7,104,1179,1992,0,237097,-0.495518,-0.963358,ARE,IND,6994
14,104,1179,1992,22971,917124,0.083812,0.637224,AUS,IND,6994
15,104,1179,1992,220824,0,1.975207,0.669388,AUT,IND,6994
18,104,1179,1992,8318,0,1.449085,1.622957,BEL,IND,6994
22,104,1179,1992,0,4710,-0.608254,-0.921751,BGD,IND,6994
24,104,1179,1992,0,4977,0.047396,-0.554517,BHR,IND,6994
32,104,1179,1992,930,0,0.685144,1.5676709999999998,BRA,IND,6994
39,104,1179,1992,13037,0,0.74703,1.096791,CAN,IND,6994
41,104,1179,1992,190967,0,2.24952,1.014945,CHE,IND,6994
43,104,1179,1992,11498,0,0.269411,1.920075,CHN,IND,6994
53,104,1179,1992,2735,0,1.116966,2.225331,CSK,IND,6994
58,104,1179,1992,0,3334,0.471516,0.668776,CYP,IND,6994
61,104,1179,1992,671198,106685,2.2968349999999997,-2.581569,DEU,IND,6994
64,104,1179,1992,4601,7555,1.696464,1.365743,DNK,IND,6994
66,104,1179,1992,0,1460,-0.24189699999999997,-0.9399219999999999,DZA,IND,6994
68,104,1179,1992,0,27913,-0.102143,-0.17513499999999999,EGY,IND,6994
71,104,1179,1992,3351,43469,1.301511,1.730441,ESP,IND,6994
74,104,1179,1992,24917,18241,1.929661,1.3477,FIN,IND,6994
77,104,1179,1992,74269,549599,1.682766,1.2713430000000001,FRA,IND,6994
81,104,1179,1992,794226,572919,1.8901810000000001,0.9274030000000001,GBR,IND,6994
83,104,1179,1992,0,21695,-0.936314,-0.935839,GHA,IND,6994
97,104,1179,1992,87282,24458,0.754112,1.911201,HKG,IND,6994
99,104,1179,1992,0,8723,-0.5100640000000001,-0.38205900000000004,HND,IND,6994
103,104,1179,1992,0,2630,-0.5250670000000001,0.717568,IDN,IND,6994
107,104,1179,1992,0,510356,-1.195108,-1.135155,IRN,IND,6994
111,104,1179,1992,37138,34380,1.7819,0.981246,ITA,IND,6994
113,104,1179,1992,0,50537,0.716964,0.5323760000000001,JOR,IND,6994
114,104,1179,1992,1457100,7853,2.451698,0.875639,JPN,IND,6994
116,104,1179,1992,0,7234,-0.31818,-0.096856,KEN,IND,6994
121,104,1179,1992,1565,167196,0.778066,1.3011139999999999,KOR,IND,6994
122,104,1179,1992,0,7957,-1.2360950000000002,-1.061771,KWT,IND,6994
128,104,1179,1992,0,54561,-0.45780600000000005,-0.221948,LKA,IND,6994
134,104,1179,1992,0,125927,-0.339711,-0.265987,MAR,IND,6994
136,104,1179,1992,0,18169,-0.977873,-0.743187,MDG,IND,6994
138,104,1179,1992,0,7995,0.9039370000000001,0.965842,MEX,IND,6994
151,104,1179,1992,0,58392,-0.249558,-0.643201,MUS,IND,6994
152,104,1179,1992,0,5306,-1.368384,-1.205314,MWI,IND,6994
153,104,1179,1992,15876,23271,0.14268499999999998,0.370079,MYS,IND,6994
159,104,1179,1992,0,307705,-2.275923,-1.178983,NGA,IND,6994
162,104,1179,1992,3075,184898,1.4315069999999999,1.7107450000000002,NLD,IND,6994
164,104,1179,1992,0,310073,-0.604018,-0.677756,NPL,IND,6994
166,104,1179,1992,0,3760,0.41866000000000003,0.580581,NZL,IND,6994
167,104,1179,1992,0,52739,-0.906702,-1.0716709999999998,OMN,IND,6994
174,104,1179,1992,0,29068,-0.139761,0.772109,PHL,IND,6994
177,104,1179,1992,17032,0,0.581166,2.070795,POL,IND,6994
178,104,1179,1992,1048,0,0.201042,0.477547,PRK,IND,6994
188,104,1179,1992,0,872720,0.416315,-0.7342489999999999,SAU,IND,6994
190,104,1179,1992,0,548403,-0.930193,-1.02726,SDN,IND,6994
192,104,1179,1992,105459,54235,0.95691,0.892702,SGP,IND,6994
208,104,1179,1992,53110,0,2.2265900000000003,0.999178,SWE,IND,6994
212,104,1179,1992,0,56047,-0.566724,-0.602446,SYR,IND,6994
216,104,1179,1992,0,18187,0.109518,1.486578,THA,IND,6994
223,104,1179,1992,0,1909,0.14482,-0.13608,TUN,IND,6994
224,104,1179,1992,0,30678,0.160966,1.154796,TUR,IND,6994
226,104,1179,1992,0,24728,-1.139271,-0.8235379999999999,TZA,IND,6994
231,104,1179,1992,29158,6850543,1.660693,1.289752,USA,IND,6994
243,104,1179,1992,0,299947,-0.7116020000000001,-0.9852489999999999,YEM,IND,6994
246,104,1179,1992,2379,0,0.236335,1.415622,ZAF,IND,6994
248,104,1179,1992,0,1087,-0.11168099999999999,0.143612,ZWE,IND,6994
249,104,1179,1992,21105,10581,1.3694790000000001,1.6227559999999999,TWN,IND,6994
250,104,1179,1992,2794,0,0.989994,0.977453,ANS,IND,6994
7,113,1179,1992,20138,0,-0.495518,-0.963358,ARE,JOR,6994
15,113,1179,1992,5330,0,1.975207,0.669388,AUT,JOR,6994
32,113,1179,1992,15513,0,0.685144,1.5676709999999998,BRA,JOR,6994
43,113,1179,1992,75826,0,0.269411,1.920075,CHN,JOR,6994
58,113,1179,1992,10330,0,0.471516,0.668776,CYP,JOR,6994
61,113,1179,1992,26570,0,2.2968349999999997,-2.581569,DEU,JOR,6994
64,113,1179,1992,5029,0,1.696464,1.365743,DNK,JOR,6994
71,113,1179,1992,896,0,1.301511,1.730441,ESP,JOR,6994
77,113,1179,1992,21431,0,1.682766,1.2713430000000001,FRA,JOR,6994
81,113,1179,1992,18142,0,1.8901810000000001,0.9274030000000001,GBR,JOR,6994
104,113,1179,1992,50537,0,0.101094,1.6851180000000001,IND,JOR,6994
111,113,1179,1992,23255,0,1.7819,0.981246,ITA,JOR,6994
114,113,1179,1992,3753,0,2.451698,0.875639,JPN,JOR,6994
121,113,1179,1992,199717,0,0.778066,1.3011139999999999,KOR,JOR,6994
208,113,1179,1992,4210,0,2.2265900000000003,0.999178,SWE,JOR,6994
216,113,1179,1992,2862,0,0.109518,1.486578,THA,JOR,6994
224,113,1179,1992,74825,0,0.160966,1.154796,TUR,JOR,6994
231,113,1179,1992,19858,0,1.660693,1.289752,USA,JOR,6994
249,113,1179,1992,1904,0,1.3694790000000001,1.6227559999999999,TWN,JOR,6994
1,114,1179,1992,0,16859,-0.347989,-0.539361,AFG,JPN,6994
2,114,1179,1992,0,5085,-1.90642,-1.061544,AGO,JPN,6994
6,114,1179,1992,0,9689,0.258484,-0.47236000000000006,ANT,JPN,6994
7,114,1179,1992,1791,577493,-0.495518,-0.963358,ARE,JPN,6994
8,114,1179,1992,0,33264,0.043179,0.553408,ARG,JPN,6994
14,114,1179,1992,53086,809325,0.083812,0.637224,AUS,JPN,6994
15,114,1179,1992,100066,83502,1.975207,0.669388,AUT,JPN,6994
17,114,1179,1992,0,23856,-1.222854,-0.927959,BDI,JPN,6994
18,114,1179,1992,147724,1230653,1.449085,1.622957,BEL,JPN,6994
19,114,1179,1992,0,5799,-1.206267,-0.855159,BEN,JPN,6994
21,114,1179,1992,0,44908,-1.176898,-1.092949,BFA,JPN,6994
22,114,1179,1992,0,199668,-0.608254,-0.921751,BGD,JPN,6994
23,114,1179,1992,0,17542,0.503161,1.871616,BGR,JPN,6994
24,114,1179,1992,0,17619,0.047396,-0.554517,BHR,JPN,6994
25,114,1179,1992,0,27907,0.181088,-0.591638,BHS,JPN,6994
30,114,1179,1992,0,1021,0.302027,-0.450866,BMU,JPN,6994
31,114,1179,1992,0,42349,-0.609826,-0.693473,BOL,JPN,6994
32,114,1179,1992,2851,428448,0.685144,1.5676709999999998,BRA,JPN,6994
33,114,1179,1992,0,11004,0.9121950000000001,0.413592,BRB,JPN,6994
34,114,1179,1992,0,8950,-1.142722,-0.818717,BRN,JPN,6994
35,114,1179,1992,0,13554,0.764526,0.006431999999999999,BTN,JPN,6994
39,114,1179,1992,29044,1099256,0.74703,1.096791,CAN,JPN,6994
41,114,1179,1992,226506,257369,2.24952,1.014945,CHE,JPN,6994
42,114,1179,1992,0,62193,-0.188106,-0.360151,CHL,JPN,6994
43,114,1179,1992,391272,12872973,0.269411,1.920075,CHN,JPN,6994
44,114,1179,1992,0,30236,-1.689731,-1.070179,CIV,JPN,6994
45,114,1179,1992,0,66782,-2.0470759999999997,-1.184491,CMR,JPN,6994
46,114,1179,1992,0,23263,-1.55348,-1.100071,COD,JPN,6994
47,114,1179,1992,0,5788,-2.019876,-1.1048360000000002,COG,JPN,6994
49,114,1179,1992,0,174302,0.022895,0.22971799999999998,COL,JPN,6994
52,114,1179,1992,0,116262,0.11654,0.191873,CRI,JPN,6994
53,114,1179,1992,0,4951,1.116966,2.225331,CSK,JPN,6994
54,114,1179,1992,0,7702,-0.719011,-1.077984,CUB,JPN,6994
58,114,1179,1992,0,11910,0.471516,0.668776,CYP,JPN,6994
61,114,1179,1992,1168482,2704808,2.2968349999999997,-2.581569,DEU,JPN,6994
62,114,1179,1992,0,27157,0.708593,1.196323,DJI,JPN,6994
64,114,1179,1992,98047,137348,1.696464,1.365743,DNK,JPN,6994
65,114,1179,1992,0,258250,-0.338979,-0.5049279999999999,DOM,JPN,6994
66,114,1179,1992,0,190618,-0.24189699999999997,-0.9399219999999999,DZA,JPN,6994
67,114,1179,1992,0,91587,-0.815778,-0.9415459999999999,ECU,JPN,6994
68,114,1179,1992,0,329162,-0.102143,-0.17513499999999999,EGY,JPN,6994
71,114,1179,1992,28396,1192927,1.301511,1.730441,ESP,JPN,6994
73,114,1179,1992,0,25775,-1.036482,-1.078446,ETH,JPN,6994
74,114,1179,1992,8819,20343,1.929661,1.3477,FIN,JPN,6994
75,114,1179,1992,0,31422,-0.573887,-0.6382680000000001,FJI,JPN,6994
77,114,1179,1992,223489,2014346,1.682766,1.2713430000000001,FRA,JPN,6994
78,114,1179,1992,0,1169,-0.51381,-0.8512059999999999,FRO,JPN,6994
79,114,1179,1992,0,8497,-1.216624,-0.9966010000000001,FSM,JPN,6994
80,114,1179,1992,0,34493,-1.683572,-1.0855620000000001,GAB,JPN,6994
81,114,1179,1992,96529,6260062,1.8901810000000001,0.9274030000000001,GBR,JPN,6994
83,114,1179,1992,0,41156,-0.936314,-0.935839,GHA,JPN,6994
84,114,1179,1992,0,32810,1.356823,0.656416,GIB,JPN,6994
85,114,1179,1992,0,28633,-1.11535,-1.0306,GIN,JPN,6994
86,114,1179,1992,0,9273,0.68221,-0.319682,GLP,JPN,6994
87,114,1179,1992,0,2124,-1.4704190000000001,-0.940117,GMB,JPN,6994
88,114,1179,1992,0,2298,-0.22399299999999997,-0.667562,GNB,JPN,6994
90,114,1179,1992,0,116175,0.139504,0.743678,GRC,JPN,6994
91,114,1179,1992,0,3538,0.224073,-0.42973500000000003,GRD,JPN,6994
93,114,1179,1992,0,12606,-0.031145999999999997,0.48874300000000004,GTM,JPN,6994
96,114,1179,1992,0,1843,-0.6447689999999999,-0.808177,GUY,JPN,6994
97,114,1179,1992,54952,14371727,0.754112,1.911201,HKG,JPN,6994
99,114,1179,1992,0,39101,-0.5100640000000001,-0.38205900000000004,HND,JPN,6994
102,114,1179,1992,0,11430,0.9144620000000001,2.157041,HUN,JPN,6994
103,114,1179,1992,2179560,4377855,-0.5250670000000001,0.717568,IDN,JPN,6994
104,114,1179,1992,7853,1457100,0.101094,1.6851180000000001,IND,JPN,6994
106,114,1179,1992,0,323795,1.454172,1.397052,IRL,JPN,6994
107,114,1179,1992,0,917289,-1.195108,-1.135155,IRN,JPN,6994
109,114,1179,1992,0,41134,-0.076691,-0.630567,ISL,JPN,6994
110,114,1179,1992,0,12090,1.354362,1.3260530000000001,ISR,JPN,6994
111,114,1179,1992,28797,692751,1.7819,0.981246,ITA,JPN,6994
112,114,1179,1992,0,22463,-0.200329,-0.595741,JAM,JPN,6994
113,114,1179,1992,0,3753,0.716964,0.5323760000000001,JOR,JPN,6994
116,114,1179,1992,0,20894,-0.31818,-0.096856,KEN,JPN,6994
118,114,1179,1992,0,17826,-1.036685,-1.149364,KHM,JPN,6994
119,114,1179,1992,0,5569,-0.047671,-0.740088,KIR,JPN,6994
121,114,1179,1992,408835,9922241,0.778066,1.3011139999999999,KOR,JPN,6994
122,114,1179,1992,0,137831,-1.2360950000000002,-1.061771,KWT,JPN,6994
125,114,1179,1992,0,47767,-0.790557,-0.9978870000000001,LBR,JPN,6994
126,114,1179,1992,0,136927,-0.333309,-0.981883,LBY,JPN,6994
127,114,1179,1992,0,3991,0.199639,-0.28238,LCA,JPN,6994
128,114,1179,1992,271723,177954,-0.45780600000000005,-0.221948,LKA,JPN,6994
133,114,1179,1992,0,1836,0.249034,-0.026864,MAC,JPN,6994
134,114,1179,1992,0,11827,-0.339711,-0.265987,MAR,JPN,6994
136,114,1179,1992,0,38127,-0.977873,-0.743187,MDG,JPN,6994
138,114,1179,1992,26140,2843893,0.9039370000000001,0.965842,MEX,JPN,6994
139,114,1179,1992,0,3206,-0.27689,-0.7125100000000001,MHL,JPN,6994
142,114,1179,1992,0,13039,0.828211,0.29226599999999997,MLT,JPN,6994
143,114,1179,1992,0,63090,-1.030267,-0.770368,MMR,JPN,6994
146,114,1179,1992,0,3514,0.776187,-0.686247,MNP,JPN,6994
147,114,1179,1992,0,4785,-0.119653,-0.28381100000000004,MOZ,JPN,6994
148,114,1179,1992,0,16180,-1.270091,-1.116622,MRT,JPN,6994
150,114,1179,1992,0,11914,0.70167,-0.075327,MTQ,JPN,6994
151,114,1179,1992,0,13780,-0.249558,-0.643201,MUS,JPN,6994
152,114,1179,1992,0,31389,-1.368384,-1.205314,MWI,JPN,6994
153,114,1179,1992,639547,11752956,0.14268499999999998,0.370079,MYS,JPN,6994
157,114,1179,1992,0,4888,0.056698,-0.6624770000000001,NER,JPN,6994
159,114,1179,1992,0,679134,-2.275923,-1.178983,NGA,JPN,6994
160,114,1179,1992,0,32770,-0.214083,-0.111615,NIC,JPN,6994
162,114,1179,1992,71864,910112,1.4315069999999999,1.7107450000000002,NLD,JPN,6994
163,114,1179,1992,11461,29453,0.877965,0.444983,NOR,JPN,6994
164,114,1179,1992,0,44278,-0.604018,-0.677756,NPL,JPN,6994
166,114,1179,1992,12459,55168,0.41866000000000003,0.580581,NZL,JPN,6994
167,114,1179,1992,0,188272,-0.906702,-1.0716709999999998,OMN,JPN,6994
168,114,1179,1992,0,658686,-0.480152,-0.361705,PAK,JPN,6994
169,114,1179,1992,0,147997,0.289315,0.37247199999999997,PAN,JPN,6994
173,114,1179,1992,0,148845,-0.286545,-0.264638,PER,JPN,6994
174,114,1179,1992,0,4677556,-0.139761,0.772109,PHL,JPN,6994
175,114,1179,1992,0,1642,-0.405928,-0.79965,PLW,JPN,6994
176,114,1179,1992,0,156364,-1.602221,-1.058247,PNG,JPN,6994
177,114,1179,1992,0,4135,0.581166,2.070795,POL,JPN,6994
178,114,1179,1992,0,164734,0.201042,0.477547,PRK,JPN,6994
179,114,1179,1992,0,924023,0.47505,0.8402860000000001,PRT,JPN,6994
180,114,1179,1992,0,27238,-0.906433,-0.787177,PRY,JPN,6994
182,114,1179,1992,0,4043,0.217401,-0.5575180000000001,PYF,JPN,6994
183,114,1179,1992,0,35262,-0.491413,-1.004476,QAT,JPN,6994
186,114,1179,1992,0,307372,0.071799,0.14036099999999999,RUS,JPN,6994
187,114,1179,1992,0,21037,-0.890012,-0.888402,RWA,JPN,6994
188,114,1179,1992,0,1856024,0.416315,-0.7342489999999999,SAU,JPN,6994
189,114,1179,1992,0,2280,0.9474950000000001,2.442268,SCG,JPN,6994
190,114,1179,1992,0,452554,-0.930193,-1.02726,SDN,JPN,6994
191,114,1179,1992,0,9245,-0.43371800000000005,-0.679547,SEN,JPN,6994
192,114,1179,1992,68002,11165254,0.95691,0.892702,SGP,JPN,6994
195,114,1179,1992,0,1761,-1.491786,-0.9599799999999999,SLB,JPN,6994
196,114,1179,1992,0,18873,-0.877425,-0.798561,SLE,JPN,6994
197,114,1179,1992,0,14719,0.396523,0.47548900000000005,SLV,JPN,6994
203,114,1179,1992,0,5614,1.218035,-0.270569,STP,JPN,6994
205,114,1179,1992,0,6889,-0.9841209999999999,-0.9359129999999999,SUR,JPN,6994
207,114,1179,1992,0,619,1.3270629999999999,1.605534,SVN,JPN,6994
208,114,1179,1992,68053,29936,2.2265900000000003,0.999178,SWE,JPN,6994
212,114,1179,1992,0,11159,-0.566724,-0.602446,SYR,JPN,6994
215,114,1179,1992,0,13724,-1.199292,-1.082889,TGO,JPN,6994
216,114,1179,1992,3111158,13492020,0.109518,1.486578,THA,JPN,6994
222,114,1179,1992,0,91193,0.43506000000000006,-0.43233599999999994,TTO,JPN,6994
223,114,1179,1992,0,30381,0.14482,-0.13608,TUN,JPN,6994
224,114,1179,1992,23076,400875,0.160966,1.154796,TUR,JPN,6994
225,114,1179,1992,0,1779,2.621188,-0.698317,TUV,JPN,6994
226,114,1179,1992,0,141119,-1.139271,-0.8235379999999999,TZA,JPN,6994
227,114,1179,1992,0,14301,-1.264399,-1.0359450000000001,UGA,JPN,6994
228,114,1179,1992,0,12737,0.375148,0.23747,UKR,JPN,6994
230,114,1179,1992,0,12607,0.242758,0.711781,URY,JPN,6994
231,114,1179,1992,1159731,52841372,1.660693,1.289752,USA,JPN,6994
236,114,1179,1992,0,123830,-0.106385,-0.65975,VEN,JPN,6994
239,114,1179,1992,0,9146,-0.989259,-0.43416099999999996,VNM,JPN,6994
243,114,1179,1992,0,242616,-0.7116020000000001,-0.9852489999999999,YEM,JPN,6994
246,114,1179,1992,0,1477802,0.236335,1.415622,ZAF,JPN,6994
247,114,1179,1992,0,75573,-0.9865219999999999,-1.076062,ZMB,JPN,6994
248,114,1179,1992,0,5791,-0.11168099999999999,0.143612,ZWE,JPN,6994
249,114,1179,1992,2287136,10099334,1.3694790000000001,1.6227559999999999,TWN,JPN,6994
15,128,1179,1992,2285,0,1.975207,0.669388,AUT,LKA,6994
18,128,1179,1992,1956,0,1.449085,1.622957,BEL,LKA,6994
39,128,1179,1992,4195,0,0.74703,1.096791,CAN,LKA,6994
41,128,1179,1992,5900,0,2.24952,1.014945,CHE,LKA,6994
43,128,1179,1992,8473,0,0.269411,1.920075,CHN,LKA,6994
61,128,1179,1992,14682,0,2.2968349999999997,-2.581569,DEU,LKA,6994
64,128,1179,1992,3283,0,1.696464,1.365743,DNK,LKA,6994
68,128,1179,1992,1852,0,-0.102143,-0.17513499999999999,EGY,LKA,6994
71,128,1179,1992,924,0,1.301511,1.730441,ESP,LKA,6994
74,128,1179,1992,2991,0,1.929661,1.3477,FIN,LKA,6994
77,128,1179,1992,2397,0,1.682766,1.2713430000000001,FRA,LKA,6994
81,128,1179,1992,12850,0,1.8901810000000001,0.9274030000000001,GBR,LKA,6994
97,128,1179,1992,5378,0,0.754112,1.911201,HKG,LKA,6994
103,128,1179,1992,14076,0,-0.5250670000000001,0.717568,IDN,LKA,6994
104,128,1179,1992,54561,0,0.101094,1.6851180000000001,IND,LKA,6994
111,128,1179,1992,6214,0,1.7819,0.981246,ITA,LKA,6994
114,128,1179,1992,177954,271723,2.451698,0.875639,JPN,LKA,6994
121,128,1179,1992,2486,0,0.778066,1.3011139999999999,KOR,LKA,6994
166,128,1179,1992,8162,0,0.41866000000000003,0.580581,NZL,LKA,6994
192,128,1179,1992,30403,0,0.95691,0.892702,SGP,LKA,6994
216,128,1179,1992,2182,0,0.109518,1.486578,THA,LKA,6994
231,128,1179,1992,7195,0,1.660693,1.289752,USA,LKA,6994
249,128,1179,1992,6847,0,1.3694790000000001,1.6227559999999999,TWN,LKA,6994
250,128,1179,1992,4448,0,0.989994,0.977453,ANS,LKA,6994
8,138,1179,1992,23015,0,0.043179,0.553408,ARG,MEX,6994
14,138,1179,1992,0,31356,0.083812,0.637224,AUS,MEX,6994
15,138,1179,1992,7916,29208,1.975207,0.669388,AUT,MEX,6994
18,138,1179,1992,48220,19852,1.449085,1.622957,BEL,MEX,6994
29,138,1179,1992,0,953,-0.06729700000000001,-0.386682,BLZ,MEX,6994
31,138,1179,1992,0,4303,-0.609826,-0.693473,BOL,MEX,6994
32,138,1179,1992,927436,3840,0.685144,1.5676709999999998,BRA,MEX,6994
39,138,1179,1992,23613,10857928,0.74703,1.096791,CAN,MEX,6994
41,138,1179,1992,6530,764,2.24952,1.014945,CHE,MEX,6994
42,138,1179,1992,0,7143,-0.188106,-0.360151,CHL,MEX,6994
43,138,1179,1992,25756,0,0.269411,1.920075,CHN,MEX,6994
49,138,1179,1992,0,6540,0.022895,0.22971799999999998,COL,MEX,6994
52,138,1179,1992,0,4258,0.11654,0.191873,CRI,MEX,6994
53,138,1179,1992,3528,0,1.116966,2.225331,CSK,MEX,6994
54,138,1179,1992,0,22000,-0.719011,-1.077984,CUB,MEX,6994
61,138,1179,1992,9209386,11737,2.2968349999999997,-2.581569,DEU,MEX,6994
64,138,1179,1992,10770,0,1.696464,1.365743,DNK,MEX,6994
71,138,1179,1992,95361,0,1.301511,1.730441,ESP,MEX,6994
74,138,1179,1992,877,0,1.929661,1.3477,FIN,MEX,6994
77,138,1179,1992,18477,0,1.682766,1.2713430000000001,FRA,MEX,6994
81,138,1179,1992,25951,3355,1.8901810000000001,0.9274030000000001,GBR,MEX,6994
93,138,1179,1992,937,3918,-0.031145999999999997,0.48874300000000004,GTM,MEX,6994
97,138,1179,1992,39549,0,0.754112,1.911201,HKG,MEX,6994
99,138,1179,1992,0,1628,-0.5100640000000001,-0.38205900000000004,HND,MEX,6994
103,138,1179,1992,1851,1141,-0.5250670000000001,0.717568,IDN,MEX,6994
104,138,1179,1992,7995,0,0.101094,1.6851180000000001,IND,MEX,6994
110,138,1179,1992,3586,0,1.354362,1.3260530000000001,ISR,MEX,6994
111,138,1179,1992,96090,0,1.7819,0.981246,ITA,MEX,6994
114,138,1179,1992,2843893,26140,2.451698,0.875639,JPN,MEX,6994
121,138,1179,1992,4235,10747,0.778066,1.3011139999999999,KOR,MEX,6994
153,138,1179,1992,0,1051,0.14268499999999998,0.370079,MYS,MEX,6994
160,138,1179,1992,0,5069,-0.214083,-0.111615,NIC,MEX,6994
162,138,1179,1992,13376,0,1.4315069999999999,1.7107450000000002,NLD,MEX,6994
163,138,1179,1992,2811,0,0.877965,0.444983,NOR,MEX,6994
166,138,1179,1992,0,2172,0.41866000000000003,0.580581,NZL,MEX,6994
169,138,1179,1992,20133,18271,0.289315,0.37247199999999997,PAN,MEX,6994
173,138,1179,1992,0,2322,-0.286545,-0.264638,PER,MEX,6994
179,138,1179,1992,933,0,0.47505,0.8402860000000001,PRT,MEX,6994
192,138,1179,1992,4635,49008,0.95691,0.892702,SGP,MEX,6994
197,138,1179,1992,0,28330,0.396523,0.47548900000000005,SLV,MEX,6994
205,138,1179,1992,0,932,-0.9841209999999999,-0.9359129999999999,SUR,MEX,6994
208,138,1179,1992,2196,888,2.2265900000000003,0.999178,SWE,MEX,6994
222,138,1179,1992,0,963,0.43506000000000006,-0.43233599999999994,TTO,MEX,6994
223,138,1179,1992,0,1402,0.14482,-0.13608,TUN,MEX,6994
230,138,1179,1992,0,1078,0.242758,0.711781,URY,MEX,6994
231,138,1179,1992,34506292,54061452,1.660693,1.289752,USA,MEX,6994
236,138,1179,1992,175920,11791,-0.106385,-0.65975,VEN,MEX,6994
14,166,1179,1992,290857,2120094,0.083812,0.637224,AUS,NZL,6994
15,166,1179,1992,67695,1387,1.975207,0.669388,AUT,NZL,6994
18,166,1179,1992,2562,0,1.449085,1.622957,BEL,NZL,6994
39,166,1179,1992,11546,0,0.74703,1.096791,CAN,NZL,6994
41,166,1179,1992,6069,0,2.24952,1.014945,CHE,NZL,6994
61,166,1179,1992,47885,77335,2.2968349999999997,-2.581569,DEU,NZL,6994
64,166,1179,1992,3041,2016,1.696464,1.365743,DNK,NZL,6994
71,166,1179,1992,1932,0,1.301511,1.730441,ESP,NZL,6994
74,166,1179,1992,5089,4293,1.929661,1.3477,FIN,NZL,6994
75,166,1179,1992,0,58374,-0.573887,-0.6382680000000001,FJI,NZL,6994
77,166,1179,1992,6633,2296,1.682766,1.2713430000000001,FRA,NZL,6994
81,166,1179,1992,10625,96425,1.8901810000000001,0.9274030000000001,GBR,NZL,6994
97,166,1179,1992,7440,0,0.754112,1.911201,HKG,NZL,6994
104,166,1179,1992,3760,0,0.101094,1.6851180000000001,IND,NZL,6994
106,166,1179,1992,11572,0,1.454172,1.397052,IRL,NZL,6994
111,166,1179,1992,8960,0,1.7819,0.981246,ITA,NZL,6994
114,166,1179,1992,55168,12459,2.451698,0.875639,JPN,NZL,6994
128,166,1179,1992,0,8162,-0.45780600000000005,-0.221948,LKA,NZL,6994
138,166,1179,1992,2172,0,0.9039370000000001,0.965842,MEX,NZL,6994
153,166,1179,1992,851,3247,0.14268499999999998,0.370079,MYS,NZL,6994
162,166,1179,1992,3834,6403,1.4315069999999999,1.7107450000000002,NLD,NZL,6994
163,166,1179,1992,9168,0,0.877965,0.444983,NOR,NZL,6994
182,166,1179,1992,0,63188,0.217401,-0.5575180000000001,PYF,NZL,6994
192,166,1179,1992,5780,3324,0.95691,0.892702,SGP,NZL,6994
208,166,1179,1992,9207,3901,2.2265900000000003,0.999178,SWE,NZL,6994
231,166,1179,1992,90934,140426,1.660693,1.289752,USA,NZL,6994
242,166,1179,1992,0,1412,-0.130773,-0.751247,WSM,NZL,6994
246,166,1179,1992,20978,0,0.236335,1.415622,ZAF,NZL,6994
249,166,1179,1992,13620,0,1.3694790000000001,1.6227559999999999,TWN,NZL,6994
250,166,1179,1992,3308,1842,0.989994,0.977453,ANS,NZL,6994
15,168,1179,1992,25398,0,1.975207,0.669388,AUT,PAK,6994
39,168,1179,1992,26390,0,0.74703,1.096791,CAN,PAK,6994
41,168,1179,1992,39654,0,2.24952,1.014945,CHE,PAK,6994
43,168,1179,1992,2060,0,0.269411,1.920075,CHN,PAK,6994
61,168,1179,1992,141989,0,2.2968349999999997,-2.581569,DEU,PAK,6994
71,168,1179,1992,2080,0,1.301511,1.730441,ESP,PAK,6994
77,168,1179,1992,43906,0,1.682766,1.2713430000000001,FRA,PAK,6994
81,168,1179,1992,46921,0,1.8901810000000001,0.9274030000000001,GBR,PAK,6994
97,168,1179,1992,15987,0,0.754112,1.911201,HKG,PAK,6994
111,168,1179,1992,45333,0,1.7819,0.981246,ITA,PAK,6994
114,168,1179,1992,658686,0,2.451698,0.875639,JPN,PAK,6994
121,168,1179,1992,1627,0,0.778066,1.3011139999999999,KOR,PAK,6994
192,168,1179,1992,8091,0,0.95691,0.892702,SGP,PAK,6994
216,168,1179,1992,1918,0,0.109518,1.486578,THA,PAK,6994
231,168,1179,1992,4273,0,1.660693,1.289752,USA,PAK,6994
249,168,1179,1992,3540,0,1.3694790000000001,1.6227559999999999,TWN,PAK,6994
14,177,1179,1992,0,2006,0.083812,0.637224,AUS,POL,6994
15,177,1179,1992,54222,29198,1.975207,0.669388,AUT,POL,6994
18,177,1179,1992,19372,0,1.449085,1.622957,BEL,POL,6994
39,177,1179,1992,3017,0,0.74703,1.096791,CAN,POL,6994
41,177,1179,1992,208101,0,2.24952,1.014945,CHE,POL,6994
43,177,1179,1992,0,27559,0.269411,1.920075,CHN,POL,6994
53,177,1179,1992,531283,15135,1.116966,2.225331,CSK,POL,6994
61,177,1179,1992,2948776,91467,2.2968349999999997,-2.581569,DEU,POL,6994
64,177,1179,1992,37009,9146,1.696464,1.365743,DNK,POL,6994
74,177,1179,1992,8730,0,1.929661,1.3477,FIN,POL,6994
77,177,1179,1992,182979,25506,1.682766,1.2713430000000001,FRA,POL,6994
81,177,1179,1992,8899,0,1.8901810000000001,0.9274030000000001,GBR,POL,6994
102,177,1179,1992,81408,7689,0.9144620000000001,2.157041,HUN,POL,6994
104,177,1179,1992,0,17032,0.101094,1.6851180000000001,IND,POL,6994
111,177,1179,1992,661864,134932,1.7819,0.981246,ITA,POL,6994
114,177,1179,1992,4135,0,2.451698,0.875639,JPN,POL,6994
134,177,1179,1992,0,9633,-0.339711,-0.265987,MAR,POL,6994
162,177,1179,1992,63039,0,1.4315069999999999,1.7107450000000002,NLD,POL,6994
183,177,1179,1992,0,548,-0.491413,-1.004476,QAT,POL,6994
186,177,1179,1992,27053,21154,0.071799,0.14036099999999999,RUS,POL,6994
189,177,1179,1992,14266,67864,0.9474950000000001,2.442268,SCG,POL,6994
207,177,1179,1992,1605,65,1.3270629999999999,1.605534,SVN,POL,6994
208,177,1179,1992,107184,3639,2.2265900000000003,0.999178,SWE,POL,6994
224,177,1179,1992,21553,58599,0.160966,1.154796,TUR,POL,6994
228,177,1179,1992,10103,0,0.375148,0.23747,UKR,POL,6994
231,177,1179,1992,166737,0,1.660693,1.289752,USA,POL,6994
249,177,1179,1992,23596,0,1.3694790000000001,1.6227559999999999,TWN,POL,6994
15,185,1179,1992,4231,0,1.975207,0.669388,AUT,ROU,6994
28,185,1179,1992,0,7177,0.6011380000000001,0.450072,BLR,ROU,6994
41,185,1179,1992,1383,0,2.24952,1.014945,CHE,ROU,6994
61,185,1179,1992,53384,303646,2.2968349999999997,-2.581569,DEU,ROU,6994
68,185,1179,1992,0,970,-0.102143,-0.17513499999999999,EGY,ROU,6994
71,185,1179,1992,1023,0,1.301511,1.730441,ESP,ROU,6994
77,185,1179,1992,26680,0,1.682766,1.2713430000000001,FRA,ROU,6994
81,185,1179,1992,1039,0,1.8901810000000001,0.9274030000000001,GBR,ROU,6994
90,185,1179,1992,0,3269,0.139504,0.743678,GRC,ROU,6994
102,185,1179,1992,3786,10083,0.9144620000000001,2.157041,HUN,ROU,6994
110,185,1179,1992,6285,0,1.354362,1.3260530000000001,ISR,ROU,6994
111,185,1179,1992,6221,0,1.7819,0.981246,ITA,ROU,6994
135,185,1179,1992,0,249742,0.637534,0.04142,MDA,ROU,6994
162,185,1179,1992,5875,0,1.4315069999999999,1.7107450000000002,NLD,ROU,6994
188,185,1179,1992,0,7919,0.416315,-0.7342489999999999,SAU,ROU,6994
189,185,1179,1992,0,1731,0.9474950000000001,2.442268,SCG,ROU,6994
224,185,1179,1992,0,4254,0.160966,1.154796,TUR,ROU,6994
231,185,1179,1992,24135,0,1.660693,1.289752,USA,ROU,6994
250,185,1179,1992,2543,0,0.989994,0.977453,ANS,ROU,6994
7,188,1179,1992,206724,6935,-0.495518,-0.963358,ARE,SAU,6994
14,188,1179,1992,18853,0,0.083812,0.637224,AUS,SAU,6994
15,188,1179,1992,67479,0,1.975207,0.669388,AUT,SAU,6994
18,188,1179,1992,624118,0,1.449085,1.622957,BEL,SAU,6994
32,188,1179,1992,3480,0,0.685144,1.5676709999999998,BRA,SAU,6994
39,188,1179,1992,52593,0,0.74703,1.096791,CAN,SAU,6994
41,188,1179,1992,36326,0,2.24952,1.014945,CHE,SAU,6994
43,188,1179,1992,44825,0,0.269411,1.920075,CHN,SAU,6994
58,188,1179,1992,9276,0,0.471516,0.668776,CYP,SAU,6994
61,188,1179,1992,442975,0,2.2968349999999997,-2.581569,DEU,SAU,6994
64,188,1179,1992,2218,0,1.696464,1.365743,DNK,SAU,6994
68,188,1179,1992,71406,981,-0.102143,-0.17513499999999999,EGY,SAU,6994
71,188,1179,1992,175754,0,1.301511,1.730441,ESP,SAU,6994
73,188,1179,1992,0,608,-1.036482,-1.078446,ETH,SAU,6994
74,188,1179,1992,14014,0,1.929661,1.3477,FIN,SAU,6994
77,188,1179,1992,1652204,0,1.682766,1.2713430000000001,FRA,SAU,6994
81,188,1179,1992,449743,4419,1.8901810000000001,0.9274030000000001,GBR,SAU,6994
90,188,1179,1992,7313,0,0.139504,0.743678,GRC,SAU,6994
97,188,1179,1992,23000,0,0.754112,1.911201,HKG,SAU,6994
103,188,1179,1992,35370,0,-0.5250670000000001,0.717568,IDN,SAU,6994
104,188,1179,1992,872720,0,0.101094,1.6851180000000001,IND,SAU,6994
111,188,1179,1992,277385,0,1.7819,0.981246,ITA,SAU,6994
114,188,1179,1992,1856024,0,2.451698,0.875639,JPN,SAU,6994
121,188,1179,1992,682133,0,0.778066,1.3011139999999999,KOR,SAU,6994
122,188,1179,1992,1420,17294,-1.2360950000000002,-1.061771,KWT,SAU,6994
124,188,1179,1992,3899,37890,0.186135,0.800906,LBN,SAU,6994
153,188,1179,1992,20317,0,0.14268499999999998,0.370079,MYS,SAU,6994
162,188,1179,1992,52155,0,1.4315069999999999,1.7107450000000002,NLD,SAU,6994
174,188,1179,1992,1718,0,-0.139761,0.772109,PHL,SAU,6994
178,188,1179,1992,17329,0,0.201042,0.477547,PRK,SAU,6994
183,188,1179,1992,9389,0,-0.491413,-1.004476,QAT,SAU,6994
185,188,1179,1992,7919,0,0.838817,1.358629,ROU,SAU,6994
189,188,1179,1992,1018,0,0.9474950000000001,2.442268,SCG,SAU,6994
192,188,1179,1992,34323,0,0.95691,0.892702,SGP,SAU,6994
208,188,1179,1992,129447,0,2.2265900000000003,0.999178,SWE,SAU,6994
212,188,1179,1992,12263,0,-0.566724,-0.602446,SYR,SAU,6994
216,188,1179,1992,1429,0,0.109518,1.486578,THA,SAU,6994
224,188,1179,1992,316719,0,0.160966,1.154796,TUR,SAU,6994
231,188,1179,1992,152252,29647,1.660693,1.289752,USA,SAU,6994
243,188,1179,1992,0,1185,-0.7116020000000001,-0.9852489999999999,YEM,SAU,6994
249,188,1179,1992,41426,0,1.3694790000000001,1.6227559999999999,TWN,SAU,6994
250,188,1179,1992,2708,0,0.989994,0.977453,ANS,SAU,6994
14,189,1179,1992,899,0,0.083812,0.637224,AUS,SCG,6994
15,189,1179,1992,24620,79027,1.975207,0.669388,AUT,SCG,6994
18,189,1179,1992,945,1079,1.449085,1.622957,BEL,SCG,6994
23,189,1179,1992,17314,800,0.503161,1.871616,BGR,SCG,6994
39,189,1179,1992,868,0,0.74703,1.096791,CAN,SCG,6994
41,189,1179,1992,48266,0,2.24952,1.014945,CHE,SCG,6994
53,189,1179,1992,177266,0,1.116966,2.225331,CSK,SCG,6994
61,189,1179,1992,1418695,1138912,2.2968349999999997,-2.581569,DEU,SCG,6994
64,189,1179,1992,11369,5881,1.696464,1.365743,DNK,SCG,6994
67,189,1179,1992,0,678,-0.815778,-0.9415459999999999,ECU,SCG,6994
77,189,1179,1992,26922,0,1.682766,1.2713430000000001,FRA,SCG,6994
81,189,1179,1992,6734,0,1.8901810000000001,0.9274030000000001,GBR,SCG,6994
100,189,1179,1992,162683,6884,0.877872,1.726188,HRV,SCG,6994
102,189,1179,1992,1246,2657,0.9144620000000001,2.157041,HUN,SCG,6994
111,189,1179,1992,291375,488433,1.7819,0.981246,ITA,SCG,6994
114,189,1179,1992,2280,0,2.451698,0.875639,JPN,SCG,6994
162,189,1179,1992,20331,39850,1.4315069999999999,1.7107450000000002,NLD,SCG,6994
163,189,1179,1992,0,1479,0.877965,0.444983,NOR,SCG,6994
177,189,1179,1992,67864,14266,0.581166,2.070795,POL,SCG,6994
185,189,1179,1992,1731,0,0.838817,1.358629,ROU,SCG,6994
186,189,1179,1992,23528,1000,0.071799,0.14036099999999999,RUS,SCG,6994
188,189,1179,1992,0,1018,0.416315,-0.7342489999999999,SAU,SCG,6994
207,189,1179,1992,277872,454852,1.3270629999999999,1.605534,SVN,SCG,6994
208,189,1179,1992,1661,0,2.2265900000000003,0.999178,SWE,SCG,6994
223,189,1179,1992,0,9133,0.14482,-0.13608,TUN,SCG,6994
231,189,1179,1992,9227,10492,1.660693,1.289752,USA,SCG,6994
7,192,1179,1992,0,8310,-0.495518,-0.963358,ARE,SGP,6994
8,192,1179,1992,0,30570,0.043179,0.553408,ARG,SGP,6994
14,192,1179,1992,217632,55894,0.083812,0.637224,AUS,SGP,6994
15,192,1179,1992,87174,12372,1.975207,0.669388,AUT,SGP,6994
18,192,1179,1992,155052,2216,1.449085,1.622957,BEL,SGP,6994
22,192,1179,1992,0,203849,-0.608254,-0.921751,BGD,SGP,6994
24,192,1179,1992,0,1615,0.047396,-0.554517,BHR,SGP,6994
32,192,1179,1992,6890,28713,0.685144,1.5676709999999998,BRA,SGP,6994
34,192,1179,1992,0,63138,-1.142722,-0.818717,BRN,SGP,6994
39,192,1179,1992,11526,0,0.74703,1.096791,CAN,SGP,6994
41,192,1179,1992,213553,251272,2.24952,1.014945,CHE,SGP,6994
43,192,1179,1992,543722,38111,0.269411,1.920075,CHN,SGP,6994
61,192,1179,1992,2071003,333658,2.2968349999999997,-2.581569,DEU,SGP,6994
64,192,1179,1992,1138,0,1.696464,1.365743,DNK,SGP,6994
66,192,1179,1992,0,11538,-0.24189699999999997,-0.9399219999999999,DZA,SGP,6994
68,192,1179,1992,0,70858,-0.102143,-0.17513499999999999,EGY,SGP,6994
71,192,1179,1992,4177,16804,1.301511,1.730441,ESP,SGP,6994
74,192,1179,1992,2275,0,1.929661,1.3477,FIN,SGP,6994
75,192,1179,1992,0,14852,-0.573887,-0.6382680000000001,FJI,SGP,6994
77,192,1179,1992,348515,364502,1.682766,1.2713430000000001,FRA,SGP,6994
81,192,1179,1992,410402,273574,1.8901810000000001,0.9274030000000001,GBR,SGP,6994
83,192,1179,1992,0,911,-0.936314,-0.935839,GHA,SGP,6994
97,192,1179,1992,239393,713540,0.754112,1.911201,HKG,SGP,6994
103,192,1179,1992,0,257865,-0.5250670000000001,0.717568,IDN,SGP,6994
104,192,1179,1992,54235,105459,0.101094,1.6851180000000001,IND,SGP,6994
106,192,1179,1992,0,2955,1.454172,1.397052,IRL,SGP,6994
107,192,1179,1992,0,3020,-1.195108,-1.135155,IRN,SGP,6994
110,192,1179,1992,2648,18047,1.354362,1.3260530000000001,ISR,SGP,6994
111,192,1179,1992,365306,32890,1.7819,0.981246,ITA,SGP,6994
114,192,1179,1992,11165254,68002,2.451698,0.875639,JPN,SGP,6994
121,192,1179,1992,45128,14920,0.778066,1.3011139999999999,KOR,SGP,6994
122,192,1179,1992,0,6247,-1.2360950000000002,-1.061771,KWT,SGP,6994
128,192,1179,1992,0,30403,-0.45780600000000005,-0.221948,LKA,SGP,6994
136,192,1179,1992,0,7544,-0.977873,-0.743187,MDG,SGP,6994
137,192,1179,1992,0,4490,-0.501228,-0.8746290000000001,MDV,SGP,6994
138,192,1179,1992,49008,4635,0.9039370000000001,0.965842,MEX,SGP,6994
143,192,1179,1992,0,37706,-1.030267,-0.770368,MMR,SGP,6994
151,192,1179,1992,0,1397,-0.249558,-0.643201,MUS,SGP,6994
153,192,1179,1992,2383776,5914116,0.14268499999999998,0.370079,MYS,SGP,6994
156,192,1179,1992,0,1099,-1.284672,-0.9233870000000001,NCL,SGP,6994
159,192,1179,1992,0,8465,-2.275923,-1.178983,NGA,SGP,6994
162,192,1179,1992,43889,152090,1.4315069999999999,1.7107450000000002,NLD,SGP,6994
163,192,1179,1992,74459,981,0.877965,0.444983,NOR,SGP,6994
164,192,1179,1992,0,3218,-0.604018,-0.677756,NPL,SGP,6994
166,192,1179,1992,3324,5780,0.41866000000000003,0.580581,NZL,SGP,6994
167,192,1179,1992,0,1355,-0.906702,-1.0716709999999998,OMN,SGP,6994
168,192,1179,1992,0,8091,-0.480152,-0.361705,PAK,SGP,6994
174,192,1179,1992,0,441243,-0.139761,0.772109,PHL,SGP,6994
176,192,1179,1992,0,30844,-1.602221,-1.058247,PNG,SGP,6994
179,192,1179,1992,0,1031,0.47505,0.8402860000000001,PRT,SGP,6994
186,192,1179,1992,0,1154,0.071799,0.14036099999999999,RUS,SGP,6994
188,192,1179,1992,0,34323,0.416315,-0.7342489999999999,SAU,SGP,6994
195,192,1179,1992,0,2300,-1.491786,-0.9599799999999999,SLB,SGP,6994
208,192,1179,1992,339249,0,2.2265900000000003,0.999178,SWE,SGP,6994
211,192,1179,1992,0,1224,0.05767100000000001,-0.6613020000000001,SYC,SGP,6994
216,192,1179,1992,445351,1980362,0.109518,1.486578,THA,SGP,6994
222,192,1179,1992,0,2385,0.43506000000000006,-0.43233599999999994,TTO,SGP,6994
224,192,1179,1992,0,6214,0.160966,1.154796,TUR,SGP,6994
231,192,1179,1992,543548,1548649,1.660693,1.289752,USA,SGP,6994
239,192,1179,1992,0,56218,-0.989259,-0.43416099999999996,VNM,SGP,6994
246,192,1179,1992,0,11010,0.236335,1.415622,ZAF,SGP,6994
247,192,1179,1992,0,2147,-0.9865219999999999,-1.076062,ZMB,SGP,6994
249,192,1179,1992,507308,120622,1.3694790000000001,1.6227559999999999,TWN,SGP,6994
250,192,1179,1992,2279,16273,0.989994,0.977453,ANS,SGP,6994
15,207,1179,1992,174760,156942,1.975207,0.669388,AUT,SVN,6994
18,207,1179,1992,637,0,1.449085,1.622957,BEL,SVN,6994
26,207,1179,1992,6391,15141,0.76031,1.212207,BIH,SVN,6994
41,207,1179,1992,1639,1062,2.24952,1.014945,CHE,SVN,6994
53,207,1179,1992,1555,0,1.116966,2.225331,CSK,SVN,6994
61,207,1179,1992,733936,237872,2.2968349999999997,-2.581569,DEU,SVN,6994
64,207,1179,1992,6483,0,1.696464,1.365743,DNK,SVN,6994
71,207,1179,1992,7600,0,1.301511,1.730441,ESP,SVN,6994
77,207,1179,1992,11815,0,1.682766,1.2713430000000001,FRA,SVN,6994
81,207,1179,1992,12391,0,1.8901810000000001,0.9274030000000001,GBR,SVN,6994
100,207,1179,1992,807786,270388,0.877872,1.726188,HRV,SVN,6994
107,207,1179,1992,0,1906,-1.195108,-1.135155,IRN,SVN,6994
111,207,1179,1992,172928,21448,1.7819,0.981246,ITA,SVN,6994
112,207,1179,1992,0,2947,-0.200329,-0.595741,JAM,SVN,6994
114,207,1179,1992,619,0,2.451698,0.875639,JPN,SVN,6994
162,207,1179,1992,2442,3122,1.4315069999999999,1.7107450000000002,NLD,SVN,6994
177,207,1179,1992,65,1605,0.581166,2.070795,POL,SVN,6994
189,207,1179,1992,454852,277872,0.9474950000000001,2.442268,SCG,SVN,6994
208,207,1179,1992,1745,0,2.2265900000000003,0.999178,SWE,SVN,6994
231,207,1179,1992,15362,6231,1.660693,1.289752,USA,SVN,6994
250,207,1179,1992,1485,0,0.989994,0.977453,ANS,SVN,6994
2,208,1179,1992,0,33211,-1.90642,-1.061544,AGO,SWE,6994
7,208,1179,1992,0,126038,-0.495518,-0.963358,ARE,SWE,6994
8,208,1179,1992,165910,19609,0.043179,0.553408,ARG,SWE,6994
14,208,1179,1992,25378,332814,0.083812,0.637224,AUS,SWE,6994
15,208,1179,1992,4418816,156463,1.975207,0.669388,AUT,SWE,6994
18,208,1179,1992,711313,1866456,1.449085,1.622957,BEL,SWE,6994
23,208,1179,1992,0,45146,0.503161,1.871616,BGR,SWE,6994
24,208,1179,1992,0,1032,0.047396,-0.554517,BHR,SWE,6994
31,208,1179,1992,0,19694,-0.609826,-0.693473,BOL,SWE,6994
32,208,1179,1992,30635,133823,0.685144,1.5676709999999998,BRA,SWE,6994
39,208,1179,1992,10743,264253,0.74703,1.096791,CAN,SWE,6994
41,208,1179,1992,1119856,318342,2.24952,1.014945,CHE,SWE,6994
42,208,1179,1992,1623,6734,-0.188106,-0.360151,CHL,SWE,6994
43,208,1179,1992,0,32965,0.269411,1.920075,CHN,SWE,6994
49,208,1179,1992,0,960,0.022895,0.22971799999999998,COL,SWE,6994
52,208,1179,1992,0,14848,0.11654,0.191873,CRI,SWE,6994
53,208,1179,1992,31994,93139,1.116966,2.225331,CSK,SWE,6994
58,208,1179,1992,0,6121,0.471516,0.668776,CYP,SWE,6994
61,208,1179,1992,11591583,3410180,2.2968349999999997,-2.581569,DEU,SWE,6994
64,208,1179,1992,1840733,2358410,1.696464,1.365743,DNK,SWE,6994
66,208,1179,1992,0,20858,-0.24189699999999997,-0.9399219999999999,DZA,SWE,6994
67,208,1179,1992,0,3232,-0.815778,-0.9415459999999999,ECU,SWE,6994
68,208,1179,1992,0,3983,-0.102143,-0.17513499999999999,EGY,SWE,6994
71,208,1179,1992,426140,125509,1.301511,1.730441,ESP,SWE,6994
72,208,1179,1992,0,79918,0.22019699999999998,0.0198,EST,SWE,6994
73,208,1179,1992,0,54307,-1.036482,-1.078446,ETH,SWE,6994
74,208,1179,1992,6958218,3111765,1.929661,1.3477,FIN,SWE,6994
75,208,1179,1992,0,1869,-0.573887,-0.6382680000000001,FJI,SWE,6994
77,208,1179,1992,901343,741989,1.682766,1.2713430000000001,FRA,SWE,6994
78,208,1179,1992,0,3275,-0.51381,-0.8512059999999999,FRO,SWE,6994
81,208,1179,1992,6971018,2372150,1.8901810000000001,0.9274030000000001,GBR,SWE,6994
85,208,1179,1992,0,12738,-1.11535,-1.0306,GIN,SWE,6994
86,208,1179,1992,0,8049,0.68221,-0.319682,GLP,SWE,6994
90,208,1179,1992,0,24555,0.139504,0.743678,GRC,SWE,6994
93,208,1179,1992,0,1592,-0.031145999999999997,0.48874300000000004,GTM,SWE,6994
97,208,1179,1992,0,63306,0.754112,1.911201,HKG,SWE,6994
100,208,1179,1992,11790,6692,0.877872,1.726188,HRV,SWE,6994
102,208,1179,1992,15544,3051,0.9144620000000001,2.157041,HUN,SWE,6994
103,208,1179,1992,0,11235,-0.5250670000000001,0.717568,IDN,SWE,6994
104,208,1179,1992,0,53110,0.101094,1.6851180000000001,IND,SWE,6994
106,208,1179,1992,53818,209207,1.454172,1.397052,IRL,SWE,6994
107,208,1179,1992,0,334567,-1.195108,-1.135155,IRN,SWE,6994
109,208,1179,1992,0,123292,-0.076691,-0.630567,ISL,SWE,6994
110,208,1179,1992,0,16837,1.354362,1.3260530000000001,ISR,SWE,6994
111,208,1179,1992,187458,415762,1.7819,0.981246,ITA,SWE,6994
112,208,1179,1992,0,1185,-0.200329,-0.595741,JAM,SWE,6994
113,208,1179,1992,0,4210,0.716964,0.5323760000000001,JOR,SWE,6994
114,208,1179,1992,29936,68053,2.451698,0.875639,JPN,SWE,6994
116,208,1179,1992,0,10241,-0.31818,-0.096856,KEN,SWE,6994
121,208,1179,1992,0,214852,0.778066,1.3011139999999999,KOR,SWE,6994
122,208,1179,1992,0,4135,-1.2360950000000002,-1.061771,KWT,SWE,6994
124,208,1179,1992,0,2235,0.186135,0.800906,LBN,SWE,6994
126,208,1179,1992,0,34887,-0.333309,-0.981883,LBY,SWE,6994
132,208,1179,1992,0,4296,0.184303,0.022494999999999998,LVA,SWE,6994
134,208,1179,1992,0,21791,-0.339711,-0.265987,MAR,SWE,6994
136,208,1179,1992,0,637,-0.977873,-0.743187,MDG,SWE,6994
138,208,1179,1992,888,2196,0.9039370000000001,0.965842,MEX,SWE,6994
142,208,1179,1992,0,4146,0.828211,0.29226599999999997,MLT,SWE,6994
147,208,1179,1992,0,5158,-0.119653,-0.28381100000000004,MOZ,SWE,6994
151,208,1179,1992,0,859,-0.249558,-0.643201,MUS,SWE,6994
153,208,1179,1992,1579,157706,0.14268499999999998,0.370079,MYS,SWE,6994
156,208,1179,1992,0,3286,-1.284672,-0.9233870000000001,NCL,SWE,6994
159,208,1179,1992,0,1546,-2.275923,-1.178983,NGA,SWE,6994
162,208,1179,1992,983739,1175307,1.4315069999999999,1.7107450000000002,NLD,SWE,6994
163,208,1179,1992,38141,4093613,0.877965,0.444983,NOR,SWE,6994
166,208,1179,1992,3901,9207,0.41866000000000003,0.580581,NZL,SWE,6994
167,208,1179,1992,0,11288,-0.906702,-1.0716709999999998,OMN,SWE,6994
169,208,1179,1992,0,913,0.289315,0.37247199999999997,PAN,SWE,6994
173,208,1179,1992,0,67801,-0.286545,-0.264638,PER,SWE,6994
174,208,1179,1992,0,5026,-0.139761,0.772109,PHL,SWE,6994
177,208,1179,1992,3639,107184,0.581166,2.070795,POL,SWE,6994
179,208,1179,1992,579736,96561,0.47505,0.8402860000000001,PRT,SWE,6994
180,208,1179,1992,0,3551,-0.906433,-0.787177,PRY,SWE,6994
186,208,1179,1992,0,127848,0.071799,0.14036099999999999,RUS,SWE,6994
188,208,1179,1992,0,129447,0.416315,-0.7342489999999999,SAU,SWE,6994
189,208,1179,1992,0,1661,0.9474950000000001,2.442268,SCG,SWE,6994
192,208,1179,1992,0,339249,0.95691,0.892702,SGP,SWE,6994
207,208,1179,1992,0,1745,1.3270629999999999,1.605534,SVN,SWE,6994
212,208,1179,1992,0,9271,-0.566724,-0.602446,SYR,SWE,6994
216,208,1179,1992,0,51109,0.109518,1.486578,THA,SWE,6994
222,208,1179,1992,0,2600,0.43506000000000006,-0.43233599999999994,TTO,SWE,6994
223,208,1179,1992,0,16640,0.14482,-0.13608,TUN,SWE,6994
224,208,1179,1992,0,36295,0.160966,1.154796,TUR,SWE,6994
226,208,1179,1992,0,119322,-1.139271,-0.8235379999999999,TZA,SWE,6994
230,208,1179,1992,0,2911,0.242758,0.711781,URY,SWE,6994
231,208,1179,1992,252813,1156062,1.660693,1.289752,USA,SWE,6994
236,208,1179,1992,0,22463,-0.106385,-0.65975,VEN,SWE,6994
239,208,1179,1992,0,3954,-0.989259,-0.43416099999999996,VNM,SWE,6994
243,208,1179,1992,0,4297,-0.7116020000000001,-0.9852489999999999,YEM,SWE,6994
246,208,1179,1992,0,10543,0.236335,1.415622,ZAF,SWE,6994
247,208,1179,1992,0,1203,-0.9865219999999999,-1.076062,ZMB,SWE,6994
248,208,1179,1992,0,19803,-0.11168099999999999,0.143612,ZWE,SWE,6994
249,208,1179,1992,454067,125886,1.3694790000000001,1.6227559999999999,TWN,SWE,6994
250,208,1179,1992,2124,7364,0.989994,0.977453,ANS,SWE,6994
14,216,1179,1992,194128,9638,0.083812,0.637224,AUS,THA,6994
15,216,1179,1992,84257,20589,1.975207,0.669388,AUT,THA,6994
18,216,1179,1992,9370,0,1.449085,1.622957,BEL,THA,6994
22,216,1179,1992,0,24302,-0.608254,-0.921751,BGD,THA,6994
32,216,1179,1992,4348,0,0.685144,1.5676709999999998,BRA,THA,6994
34,216,1179,1992,0,10038,-1.142722,-0.818717,BRN,THA,6994
39,216,1179,1992,4311,91236,0.74703,1.096791,CAN,THA,6994
41,216,1179,1992,39517,0,2.24952,1.014945,CHE,THA,6994
43,216,1179,1992,74343,1360,0.269411,1.920075,CHN,THA,6994
61,216,1179,1992,163453,125497,2.2968349999999997,-2.581569,DEU,THA,6994
63,216,1179,1992,3269,0,0.9006850000000001,-0.055001999999999995,DMA,THA,6994
64,216,1179,1992,45194,0,1.696464,1.365743,DNK,THA,6994
66,216,1179,1992,0,1285,-0.24189699999999997,-0.9399219999999999,DZA,THA,6994
71,216,1179,1992,6301,0,1.301511,1.730441,ESP,THA,6994
74,216,1179,1992,6149,0,1.929661,1.3477,FIN,THA,6994
75,216,1179,1992,0,7433,-0.573887,-0.6382680000000001,FJI,THA,6994
77,216,1179,1992,80923,23349,1.682766,1.2713430000000001,FRA,THA,6994
81,216,1179,1992,7745,1590,1.8901810000000001,0.9274030000000001,GBR,THA,6994
90,216,1179,1992,0,1958,0.139504,0.743678,GRC,THA,6994
97,216,1179,1992,1275118,94815,0.754112,1.911201,HKG,THA,6994
103,216,1179,1992,41653,12065,-0.5250670000000001,0.717568,IDN,THA,6994
104,216,1179,1992,18187,0,0.101094,1.6851180000000001,IND,THA,6994
106,216,1179,1992,0,1051,1.454172,1.397052,IRL,THA,6994
111,216,1179,1992,40379,7523,1.7819,0.981246,ITA,THA,6994
113,216,1179,1992,0,2862,0.716964,0.5323760000000001,JOR,THA,6994
114,216,1179,1992,13492020,3111158,2.451698,0.875639,JPN,THA,6994
121,216,1179,1992,163896,832041,0.778066,1.3011139999999999,KOR,THA,6994
123,216,1179,1992,0,11345,-1.03711,-1.114235,LAO,THA,6994
125,216,1179,1992,0,1562,-0.790557,-0.9978870000000001,LBR,THA,6994
128,216,1179,1992,0,2182,-0.45780600000000005,-0.221948,LKA,THA,6994
143,216,1179,1992,0,997,-1.030267,-0.770368,MMR,THA,6994
153,216,1179,1992,82312,679428,0.14268499999999998,0.370079,MYS,THA,6994
159,216,1179,1992,0,119626,-2.275923,-1.178983,NGA,THA,6994
162,216,1179,1992,10267,1574,1.4315069999999999,1.7107450000000002,NLD,THA,6994
168,216,1179,1992,0,1918,-0.480152,-0.361705,PAK,THA,6994
174,216,1179,1992,2272,17278,-0.139761,0.772109,PHL,THA,6994
188,216,1179,1992,0,1429,0.416315,-0.7342489999999999,SAU,THA,6994
192,216,1179,1992,1980362,445351,0.95691,0.892702,SGP,THA,6994
208,216,1179,1992,51109,0,2.2265900000000003,0.999178,SWE,THA,6994
231,216,1179,1992,277159,300569,1.660693,1.289752,USA,THA,6994
243,216,1179,1992,0,164324,-0.7116020000000001,-0.9852489999999999,YEM,THA,6994
246,216,1179,1992,2137,0,0.236335,1.415622,ZAF,THA,6994
249,216,1179,1992,620132,257538,1.3694790000000001,1.6227559999999999,TWN,THA,6994
250,216,1179,1992,2718,5271,0.989994,0.977453,ANS,THA,6994
7,224,1179,1992,1244,198938,-0.495518,-0.963358,ARE,TUR,6994
15,224,1179,1992,8855,989,1.975207,0.669388,AUT,TUR,6994
18,224,1179,1992,43863,1200,1.449085,1.622957,BEL,TUR,6994
23,224,1179,1992,0,1239,0.503161,1.871616,BGR,TUR,6994
32,224,1179,1992,8295,0,0.685144,1.5676709999999998,BRA,TUR,6994
39,224,1179,1992,14225,0,0.74703,1.096791,CAN,TUR,6994
41,224,1179,1992,35033,0,2.24952,1.014945,CHE,TUR,6994
53,224,1179,1992,1304,0,1.116966,2.225331,CSK,TUR,6994
58,224,1179,1992,0,7373,0.471516,0.668776,CYP,TUR,6994
61,224,1179,1992,3517585,783124,2.2968349999999997,-2.581569,DEU,TUR,6994
64,224,1179,1992,70611,0,1.696464,1.365743,DNK,TUR,6994
71,224,1179,1992,16591,0,1.301511,1.730441,ESP,TUR,6994
74,224,1179,1992,1874,0,1.929661,1.3477,FIN,TUR,6994
77,224,1179,1992,238695,20978,1.682766,1.2713430000000001,FRA,TUR,6994
81,224,1179,1992,90579,7606,1.8901810000000001,0.9274030000000001,GBR,TUR,6994
90,224,1179,1992,0,17326,0.139504,0.743678,GRC,TUR,6994
97,224,1179,1992,9644,0,0.754112,1.911201,HKG,TUR,6994
102,224,1179,1992,839,0,0.9144620000000001,2.157041,HUN,TUR,6994
104,224,1179,1992,30678,0,0.101094,1.6851180000000001,IND,TUR,6994
110,224,1179,1992,0,58408,1.354362,1.3260530000000001,ISR,TUR,6994
111,224,1179,1992,889560,1599044,1.7819,0.981246,ITA,TUR,6994
113,224,1179,1992,0,74825,0.716964,0.5323760000000001,JOR,TUR,6994
114,224,1179,1992,400875,23076,2.451698,0.875639,JPN,TUR,6994
121,224,1179,1992,12163,0,0.778066,1.3011139999999999,KOR,TUR,6994
162,224,1179,1992,23575,61129,1.4315069999999999,1.7107450000000002,NLD,TUR,6994
163,224,1179,1992,14636,0,0.877965,0.444983,NOR,TUR,6994
177,224,1179,1992,58599,21553,0.581166,2.070795,POL,TUR,6994
179,224,1179,1992,6425,0,0.47505,0.8402860000000001,PRT,TUR,6994
185,224,1179,1992,4254,0,0.838817,1.358629,ROU,TUR,6994
186,224,1179,1992,1984,2156,0.071799,0.14036099999999999,RUS,TUR,6994
188,224,1179,1992,0,316719,0.416315,-0.7342489999999999,SAU,TUR,6994
192,224,1179,1992,6214,0,0.95691,0.892702,SGP,TUR,6994
208,224,1179,1992,36295,0,2.2265900000000003,0.999178,SWE,TUR,6994
212,224,1179,1992,0,609140,-0.566724,-0.602446,SYR,TUR,6994
223,224,1179,1992,0,19868,0.14482,-0.13608,TUN,TUR,6994
231,224,1179,1992,178905,25102,1.660693,1.289752,USA,TUR,6994
249,224,1179,1992,13317,0,1.3694790000000001,1.6227559999999999,TWN,TUR,6994
250,224,1179,1992,3978,2166,0.989994,0.977453,ANS,TUR,6994
2,246,1179,1992,0,4238,-1.90642,-1.061544,AGO,ZAF,6994
8,246,1179,1992,1232,0,0.043179,0.553408,ARG,ZAF,6994
14,246,1179,1992,2893,45277,0.083812,0.637224,AUS,ZAF,6994
15,246,1179,1992,153214,6905,1.975207,0.669388,AUT,ZAF,6994
18,246,1179,1992,20431,5971,1.449085,1.622957,BEL,ZAF,6994
32,246,1179,1992,26953,0,0.685144,1.5676709999999998,BRA,ZAF,6994
39,246,1179,1992,5957,3151,0.74703,1.096791,CAN,ZAF,6994
41,246,1179,1992,52632,5998,2.24952,1.014945,CHE,ZAF,6994
42,246,1179,1992,0,4317,-0.188106,-0.360151,CHL,ZAF,6994
43,246,1179,1992,1692,0,0.269411,1.920075,CHN,ZAF,6994
46,246,1179,1992,0,7587,-1.55348,-1.100071,COD,ZAF,6994
61,246,1179,1992,1855512,1105466,2.2968349999999997,-2.581569,DEU,ZAF,6994
64,246,1179,1992,3797,0,1.696464,1.365743,DNK,ZAF,6994
65,246,1179,1992,0,142932,-0.338979,-0.5049279999999999,DOM,ZAF,6994
71,246,1179,1992,2878,0,1.301511,1.730441,ESP,ZAF,6994
74,246,1179,1992,5419,0,1.929661,1.3477,FIN,ZAF,6994
77,246,1179,1992,92752,120408,1.682766,1.2713430000000001,FRA,ZAF,6994
81,246,1179,1992,506513,2010534,1.8901810000000001,0.9274030000000001,GBR,ZAF,6994
97,246,1179,1992,25183,0,0.754112,1.911201,HKG,ZAF,6994
104,246,1179,1992,0,2379,0.101094,1.6851180000000001,IND,ZAF,6994
106,246,1179,1992,1143,18235,1.454172,1.397052,IRL,ZAF,6994
110,246,1179,1992,30620,103466,1.354362,1.3260530000000001,ISR,ZAF,6994
111,246,1179,1992,200056,9550,1.7819,0.981246,ITA,ZAF,6994
114,246,1179,1992,1477802,0,2.451698,0.875639,JPN,ZAF,6994
121,246,1179,1992,76212,0,0.778066,1.3011139999999999,KOR,ZAF,6994
147,246,1179,1992,0,20536,-0.119653,-0.28381100000000004,MOZ,ZAF,6994
151,246,1179,1992,0,155697,-0.249558,-0.643201,MUS,ZAF,6994
152,246,1179,1992,0,151403,-1.368384,-1.205314,MWI,ZAF,6994
162,246,1179,1992,52141,514097,1.4315069999999999,1.7107450000000002,NLD,ZAF,6994
163,246,1179,1992,3623,0,0.877965,0.444983,NOR,ZAF,6994
166,246,1179,1992,0,20978,0.41866000000000003,0.580581,NZL,ZAF,6994
192,246,1179,1992,11010,0,0.95691,0.892702,SGP,ZAF,6994
208,246,1179,1992,10543,0,2.2265900000000003,0.999178,SWE,ZAF,6994
211,246,1179,1992,0,1458,0.05767100000000001,-0.6613020000000001,SYC,ZAF,6994
216,246,1179,1992,0,2137,0.109518,1.486578,THA,ZAF,6994
231,246,1179,1992,98207,612104,1.660693,1.289752,USA,ZAF,6994
247,246,1179,1992,0,85731,-0.9865219999999999,-1.076062,ZMB,ZAF,6994
248,246,1179,1992,93726,172109,-0.11168099999999999,0.143612,ZWE,ZAF,6994
249,246,1179,1992,58921,19867,1.3694790000000001,1.6227559999999999,TWN,ZAF,6994
250,246,1179,1992,9955,1285,0.989994,0.977453,ANS,ZAF,6994
8,249,1179,1992,0,33515,0.043179,0.553408,ARG,TWN,6994
14,249,1179,1992,24917,232500,0.083812,0.637224,AUS,TWN,6994
15,249,1179,1992,1003,11310,1.975207,0.669388,AUT,TWN,6994
18,249,1179,1992,3660,2935,1.449085,1.622957,BEL,TWN,6994
32,249,1179,1992,1464,72022,0.685144,1.5676709999999998,BRA,TWN,6994
33,249,1179,1992,0,5444,0.9121950000000001,0.413592,BRB,TWN,6994
34,249,1179,1992,0,623,-1.142722,-0.818717,BRN,TWN,6994
39,249,1179,1992,2187,153472,0.74703,1.096791,CAN,TWN,6994
41,249,1179,1992,58432,1815,2.24952,1.014945,CHE,TWN,6994
42,249,1179,1992,0,13278,-0.188106,-0.360151,CHL,TWN,6994
43,249,1179,1992,159322,238703,0.269411,1.920075,CHN,TWN,6994
49,249,1179,1992,0,13801,0.022895,0.22971799999999998,COL,TWN,6994
52,249,1179,1992,0,8187,0.11654,0.191873,CRI,TWN,6994
53,249,1179,1992,1763,0,1.116966,2.225331,CSK,TWN,6994
58,249,1179,1992,0,1316,0.471516,0.668776,CYP,TWN,6994
61,249,1179,1992,535582,73067,2.2968349999999997,-2.581569,DEU,TWN,6994
64,249,1179,1992,15356,65928,1.696464,1.365743,DNK,TWN,6994
65,249,1179,1992,0,23000,-0.338979,-0.5049279999999999,DOM,TWN,6994
66,249,1179,1992,0,1574,-0.24189699999999997,-0.9399219999999999,DZA,TWN,6994
67,249,1179,1992,0,3070,-0.815778,-0.9415459999999999,ECU,TWN,6994
68,249,1179,1992,0,5079,-0.102143,-0.17513499999999999,EGY,TWN,6994
71,249,1179,1992,2310,8986,1.301511,1.730441,ESP,TWN,6994
74,249,1179,1992,943,2535,1.929661,1.3477,FIN,TWN,6994
75,249,1179,1992,0,1820,-0.573887,-0.6382680000000001,FJI,TWN,6994
77,249,1179,1992,35202,100135,1.682766,1.2713430000000001,FRA,TWN,6994
81,249,1179,1992,325781,129121,1.8901810000000001,0.9274030000000001,GBR,TWN,6994
93,249,1179,1992,0,6265,-0.031145999999999997,0.48874300000000004,GTM,TWN,6994
97,249,1179,1992,112309,2456837,0.754112,1.911201,HKG,TWN,6994
102,249,1179,1992,5019,0,0.9144620000000001,2.157041,HUN,TWN,6994
103,249,1179,1992,0,109178,-0.5250670000000001,0.717568,IDN,TWN,6994
104,249,1179,1992,10581,21105,0.101094,1.6851180000000001,IND,TWN,6994
106,249,1179,1992,0,12717,1.454172,1.397052,IRL,TWN,6994
110,249,1179,1992,0,8824,1.354362,1.3260530000000001,ISR,TWN,6994
111,249,1179,1992,168442,261846,1.7819,0.981246,ITA,TWN,6994
113,249,1179,1992,0,1904,0.716964,0.5323760000000001,JOR,TWN,6994
114,249,1179,1992,10099334,2287136,2.451698,0.875639,JPN,TWN,6994
121,249,1179,1992,128784,285575,0.778066,1.3011139999999999,KOR,TWN,6994
122,249,1179,1992,0,2876,-1.2360950000000002,-1.061771,KWT,TWN,6994
124,249,1179,1992,0,13000,0.186135,0.800906,LBN,TWN,6994
128,249,1179,1992,0,6847,-0.45780600000000005,-0.221948,LKA,TWN,6994
133,249,1179,1992,0,1794,0.249034,-0.026864,MAC,TWN,6994
134,249,1179,1992,0,3071,-0.339711,-0.265987,MAR,TWN,6994
142,249,1179,1992,0,2798,0.828211,0.29226599999999997,MLT,TWN,6994
151,249,1179,1992,0,7034,-0.249558,-0.643201,MUS,TWN,6994
153,249,1179,1992,156425,754604,0.14268499999999998,0.370079,MYS,TWN,6994
159,249,1179,1992,0,3000,-2.275923,-1.178983,NGA,TWN,6994
162,249,1179,1992,18540,26164,1.4315069999999999,1.7107450000000002,NLD,TWN,6994
163,249,1179,1992,1354,6911,0.877965,0.444983,NOR,TWN,6994
166,249,1179,1992,0,13620,0.41866000000000003,0.580581,NZL,TWN,6994
168,249,1179,1992,0,3540,-0.480152,-0.361705,PAK,TWN,6994
173,249,1179,1992,0,5942,-0.286545,-0.264638,PER,TWN,6994
174,249,1179,1992,0,120768,-0.139761,0.772109,PHL,TWN,6994
176,249,1179,1992,0,2000,-1.602221,-1.058247,PNG,TWN,6994
177,249,1179,1992,0,23596,0.581166,2.070795,POL,TWN,6994
179,249,1179,1992,0,7666,0.47505,0.8402860000000001,PRT,TWN,6994
180,249,1179,1992,0,1045,-0.906433,-0.787177,PRY,TWN,6994
183,249,1179,1992,0,1500,-0.491413,-1.004476,QAT,TWN,6994
188,249,1179,1992,0,41426,0.416315,-0.7342489999999999,SAU,TWN,6994
191,249,1179,1992,0,2027,-0.43371800000000005,-0.679547,SEN,TWN,6994
192,249,1179,1992,120622,507308,0.95691,0.892702,SGP,TWN,6994
205,249,1179,1992,0,6127,-0.9841209999999999,-0.9359129999999999,SUR,TWN,6994
208,249,1179,1992,125886,454067,2.2265900000000003,0.999178,SWE,TWN,6994
212,249,1179,1992,0,3249,-0.566724,-0.602446,SYR,TWN,6994
216,249,1179,1992,257538,620132,0.109518,1.486578,THA,TWN,6994
222,249,1179,1992,0,3170,0.43506000000000006,-0.43233599999999994,TTO,TWN,6994
223,249,1179,1992,0,6143,0.14482,-0.13608,TUN,TWN,6994
224,249,1179,1992,0,13317,0.160966,1.154796,TUR,TWN,6994
231,249,1179,1992,127790,1971941,1.660693,1.289752,USA,TWN,6994
236,249,1179,1992,0,3519,-0.106385,-0.65975,VEN,TWN,6994
246,249,1179,1992,19867,58921,0.236335,1.415622,ZAF,TWN,6994
248,249,1179,1992,0,896,-0.11168099999999999,0.143612,ZWE,TWN,6994
250,249,1179,1992,7934,38000,0.989994,0.977453,ANS,TWN,6994
6,8,1179,1992,0,13249,0.258484,-0.47236000000000006,ANT,ARG,6994
15,8,1179,1992,3159,8056,1.975207,0.669388,AUT,ARG,6994
18,8,1179,1992,113412,0,1.449085,1.622957,BEL,ARG,6994
31,8,1179,1992,0,5442,-0.609826,-0.693473,BOL,ARG,6994
32,8,1179,1992,3059711,1213587,0.685144,1.5676709999999998,BRA,ARG,6994
39,8,1179,1992,2074,9229,0.74703,1.096791,CAN,ARG,6994
41,8,1179,1992,14289,0,2.24952,1.014945,CHE,ARG,6994
42,8,1179,1992,54040,145587,-0.188106,-0.360151,CHL,ARG,6994
43,8,1179,1992,1952,0,0.269411,1.920075,CHN,ARG,6994
49,8,1179,1992,1476,22699,0.022895,0.22971799999999998,COL,ARG,6994
61,8,1179,1992,749405,0,2.2968349999999997,-2.581569,DEU,ARG,6994
64,8,1179,1992,1858,0,1.696464,1.365743,DNK,ARG,6994
67,8,1179,1992,0,1985,-0.815778,-0.9415459999999999,ECU,ARG,6994
71,8,1179,1992,581380,1723,1.301511,1.730441,ESP,ARG,6994
74,8,1179,1992,2998,0,1.929661,1.3477,FIN,ARG,6994
77,8,1179,1992,26432,0,1.682766,1.2713430000000001,FRA,ARG,6994
81,8,1179,1992,21396,10749,1.8901810000000001,0.9274030000000001,GBR,ARG,6994
93,8,1179,1992,0,3297,-0.031145999999999997,0.48874300000000004,GTM,ARG,6994
97,8,1179,1992,2555,0,0.754112,1.911201,HKG,ARG,6994
111,8,1179,1992,320522,0,1.7819,0.981246,ITA,ARG,6994
114,8,1179,1992,33264,0,2.451698,0.875639,JPN,ARG,6994
121,8,1179,1992,43531,0,0.778066,1.3011139999999999,KOR,ARG,6994
138,8,1179,1992,0,23015,0.9039370000000001,0.965842,MEX,ARG,6994
162,8,1179,1992,7227,0,1.4315069999999999,1.7107450000000002,NLD,ARG,6994
163,8,1179,1992,915,0,0.877965,0.444983,NOR,ARG,6994
169,8,1179,1992,2850,1109,0.289315,0.37247199999999997,PAN,ARG,6994
173,8,1179,1992,0,1147,-0.286545,-0.264638,PER,ARG,6994
180,8,1179,1992,0,4619,-0.906433,-0.787177,PRY,ARG,6994
186,8,1179,1992,0,9086,0.071799,0.14036099999999999,RUS,ARG,6994
192,8,1179,1992,30570,0,0.95691,0.892702,SGP,ARG,6994
197,8,1179,1992,0,2090,0.396523,0.47548900000000005,SLV,ARG,6994
208,8,1179,1992,19609,165910,2.2265900000000003,0.999178,SWE,ARG,6994
230,8,1179,1992,1250,14942,0.242758,0.711781,URY,ARG,6994
231,8,1179,1992,22931,27168,1.660693,1.289752,USA,ARG,6994
236,8,1179,1992,0,1232,-0.106385,-0.65975,VEN,ARG,6994
246,8,1179,1992,0,1232,0.236335,1.415622,ZAF,ARG,6994
249,8,1179,1992,33515,0,1.3694790000000001,1.6227559999999999,TWN,ARG,6994
250,8,1179,1992,2671,2708,0.989994,0.977453,ANS,ARG,6994
61,19,1179,1992,1899,0,2.2968349999999997,-2.581569,DEU,BEN,6994
77,19,1179,1992,11035,13144,1.682766,1.2713430000000001,FRA,BEN,6994
114,19,1179,1992,5799,0,2.451698,0.875639,JPN,BEN,6994
191,19,1179,1992,1031,0,-0.43371800000000005,-0.679547,SEN,BEN,6994
2,32,1179,1992,0,24919,-1.90642,-1.061544,AGO,BRA,6994
3,32,1179,1992,0,1277,0.6821659999999999,-0.306197,AIA,BRA,6994
8,32,1179,1992,1213587,3059711,0.043179,0.553408,ARG,BRA,6994
14,32,1179,1992,0,161750,0.083812,0.637224,AUS,BRA,6994
15,32,1179,1992,7349,0,1.975207,0.669388,AUT,BRA,6994
17,32,1179,1992,0,2756,-1.222854,-0.927959,BDI,BRA,6994
18,32,1179,1992,23382,201884,1.449085,1.622957,BEL,BRA,6994
31,32,1179,1992,0,282658,-0.609826,-0.693473,BOL,BRA,6994
33,32,1179,1992,0,13927,0.9121950000000001,0.413592,BRB,BRA,6994
39,32,1179,1992,340310,57141,0.74703,1.096791,CAN,BRA,6994
41,32,1179,1992,25148,0,2.24952,1.014945,CHE,BRA,6994
42,32,1179,1992,2436,644202,-0.188106,-0.360151,CHL,BRA,6994
43,32,1179,1992,0,45720,0.269411,1.920075,CHN,BRA,6994
44,32,1179,1992,0,12128,-1.689731,-1.070179,CIV,BRA,6994
45,32,1179,1992,0,6501,-2.0470759999999997,-1.184491,CMR,BRA,6994
46,32,1179,1992,0,20394,-1.55348,-1.100071,COD,BRA,6994
49,32,1179,1992,0,55642,0.022895,0.22971799999999998,COL,BRA,6994
51,32,1179,1992,0,1962,0.314087,-0.48178699999999997,CPV,BRA,6994
52,32,1179,1992,0,32034,0.11654,0.191873,CRI,BRA,6994
54,32,1179,1992,0,3319,-0.719011,-1.077984,CUB,BRA,6994
61,32,1179,1992,2233734,163579,2.2968349999999997,-2.581569,DEU,BRA,6994
64,32,1179,1992,2923,36145,1.696464,1.365743,DNK,BRA,6994
65,32,1179,1992,0,34482,-0.338979,-0.5049279999999999,DOM,BRA,6994
67,32,1179,1992,0,101103,-0.815778,-0.9415459999999999,ECU,BRA,6994
71,32,1179,1992,12641,60367,1.301511,1.730441,ESP,BRA,6994
74,32,1179,1992,2314,47318,1.929661,1.3477,FIN,BRA,6994
77,32,1179,1992,43015,106110,1.682766,1.2713430000000001,FRA,BRA,6994
81,32,1179,1992,63537,26516,1.8901810000000001,0.9274030000000001,GBR,BRA,6994
85,32,1179,1992,0,1448,-1.11535,-1.0306,GIN,BRA,6994
93,32,1179,1992,0,60350,-0.031145999999999997,0.48874300000000004,GTM,BRA,6994
96,32,1179,1992,0,1257,-0.6447689999999999,-0.808177,GUY,BRA,6994
97,32,1179,1992,17593,2447,0.754112,1.911201,HKG,BRA,6994
99,32,1179,1992,0,11240,-0.5100640000000001,-0.38205900000000004,HND,BRA,6994
103,32,1179,1992,0,8390,-0.5250670000000001,0.717568,IDN,BRA,6994
104,32,1179,1992,0,930,0.101094,1.6851180000000001,IND,BRA,6994
106,32,1179,1992,0,5366,1.454172,1.397052,IRL,BRA,6994
110,32,1179,1992,1893,5373,1.354362,1.3260530000000001,ISR,BRA,6994
111,32,1179,1992,95664,13453,1.7819,0.981246,ITA,BRA,6994
112,32,1179,1992,0,1766,-0.200329,-0.595741,JAM,BRA,6994
113,32,1179,1992,0,15513,0.716964,0.5323760000000001,JOR,BRA,6994
114,32,1179,1992,428448,2851,2.451698,0.875639,JPN,BRA,6994
121,32,1179,1992,20562,23136,0.778066,1.3011139999999999,KOR,BRA,6994
136,32,1179,1992,0,4529,-0.977873,-0.743187,MDG,BRA,6994
138,32,1179,1992,3840,927436,0.9039370000000001,0.965842,MEX,BRA,6994
153,32,1179,1992,26577,2117,0.14268499999999998,0.370079,MYS,BRA,6994
159,32,1179,1992,0,84536,-2.275923,-1.178983,NGA,BRA,6994
160,32,1179,1992,0,860,-0.214083,-0.111615,NIC,BRA,6994
162,32,1179,1992,5858,0,1.4315069999999999,1.7107450000000002,NLD,BRA,6994
163,32,1179,1992,16163,17380,0.877965,0.444983,NOR,BRA,6994
169,32,1179,1992,3708,2678,0.289315,0.37247199999999997,PAN,BRA,6994
173,32,1179,1992,0,138121,-0.286545,-0.264638,PER,BRA,6994
174,32,1179,1992,0,1227,-0.139761,0.772109,PHL,BRA,6994
176,32,1179,1992,0,1367,-1.602221,-1.058247,PNG,BRA,6994
180,32,1179,1992,0,707097,-0.906433,-0.787177,PRY,BRA,6994
188,32,1179,1992,0,3480,0.416315,-0.7342489999999999,SAU,BRA,6994
192,32,1179,1992,28713,6890,0.95691,0.892702,SGP,BRA,6994
197,32,1179,1992,0,47344,0.396523,0.47548900000000005,SLV,BRA,6994
205,32,1179,1992,0,3513,-0.9841209999999999,-0.9359129999999999,SUR,BRA,6994
208,32,1179,1992,133823,30635,2.2265900000000003,0.999178,SWE,BRA,6994
216,32,1179,1992,0,4348,0.109518,1.486578,THA,BRA,6994
223,32,1179,1992,0,3852,0.14482,-0.13608,TUN,BRA,6994
224,32,1179,1992,0,8295,0.160966,1.154796,TUR,BRA,6994
230,32,1179,1992,0,92664,0.242758,0.711781,URY,BRA,6994
231,32,1179,1992,378727,2769577,1.660693,1.289752,USA,BRA,6994
236,32,1179,1992,0,96240,-0.106385,-0.65975,VEN,BRA,6994
246,32,1179,1992,0,26953,0.236335,1.415622,ZAF,BRA,6994
249,32,1179,1992,72022,1464,1.3694790000000001,1.6227559999999999,TWN,BRA,6994
250,32,1179,1992,10330,11208,0.989994,0.977453,ANS,BRA,6994
7,58,1179,1992,0,23693,-0.495518,-0.963358,ARE,CYP,6994
15,58,1179,1992,11185,0,1.975207,0.669388,AUT,CYP,6994
18,58,1179,1992,6445,0,1.449085,1.622957,BEL,CYP,6994
23,58,1179,1992,4970,0,0.503161,1.871616,BGR,CYP,6994
41,58,1179,1992,1062,0,2.24952,1.014945,CHE,CYP,6994
61,58,1179,1992,13976,0,2.2968349999999997,-2.581569,DEU,CYP,6994
64,58,1179,1992,2717,0,1.696464,1.365743,DNK,CYP,6994
71,58,1179,1992,3430,0,1.301511,1.730441,ESP,CYP,6994
77,58,1179,1992,3357,0,1.682766,1.2713430000000001,FRA,CYP,6994
81,58,1179,1992,43643,0,1.8901810000000001,0.9274030000000001,GBR,CYP,6994
90,58,1179,1992,31529,0,0.139504,0.743678,GRC,CYP,6994
104,58,1179,1992,3334,0,0.101094,1.6851180000000001,IND,CYP,6994
111,58,1179,1992,45760,0,1.7819,0.981246,ITA,CYP,6994
113,58,1179,1992,0,10330,0.716964,0.5323760000000001,JOR,CYP,6994
114,58,1179,1992,11910,0,2.451698,0.875639,JPN,CYP,6994
124,58,1179,1992,0,15145,0.186135,0.800906,LBN,CYP,6994
126,58,1179,1992,0,1377,-0.333309,-0.981883,LBY,CYP,6994
162,58,1179,1992,9248,0,1.4315069999999999,1.7107450000000002,NLD,CYP,6994
183,58,1179,1992,0,30631,-0.491413,-1.004476,QAT,CYP,6994
188,58,1179,1992,0,9276,0.416315,-0.7342489999999999,SAU,CYP,6994
208,58,1179,1992,6121,0,2.2265900000000003,0.999178,SWE,CYP,6994
224,58,1179,1992,7373,0,0.160966,1.154796,TUR,CYP,6994
231,58,1179,1992,16202,0,1.660693,1.289752,USA,CYP,6994
249,58,1179,1992,1316,0,1.3694790000000001,1.6227559999999999,TWN,CYP,6994
250,58,1179,1992,2248,0,0.989994,0.977453,ANS,CYP,6994
41,83,1179,1992,17230,0,2.24952,1.014945,CHE,GHA,6994
43,83,1179,1992,4802,0,0.269411,1.920075,CHN,GHA,6994
54,83,1179,1992,4768,0,-0.719011,-1.077984,CUB,GHA,6994
61,83,1179,1992,121556,0,2.2968349999999997,-2.581569,DEU,GHA,6994
71,83,1179,1992,1147,0,1.301511,1.730441,ESP,GHA,6994
77,83,1179,1992,4809,0,1.682766,1.2713430000000001,FRA,GHA,6994
81,83,1179,1992,6626,0,1.8901810000000001,0.9274030000000001,GBR,GHA,6994
104,83,1179,1992,21695,0,0.101094,1.6851180000000001,IND,GHA,6994
111,83,1179,1992,1008,0,1.7819,0.981246,ITA,GHA,6994
114,83,1179,1992,41156,0,2.451698,0.875639,JPN,GHA,6994
121,83,1179,1992,1327,0,0.778066,1.3011139999999999,KOR,GHA,6994
162,83,1179,1992,2496,0,1.4315069999999999,1.7107450000000002,NLD,GHA,6994
192,83,1179,1992,911,0,0.95691,0.892702,SGP,GHA,6994
15,90,1179,1992,108434,7014,1.975207,0.669388,AUT,GRC,6994
18,90,1179,1992,11749,0,1.449085,1.622957,BEL,GRC,6994
41,90,1179,1992,15692,0,2.24952,1.014945,CHE,GRC,6994
43,90,1179,1992,22506,0,0.269411,1.920075,CHN,GRC,6994
58,90,1179,1992,0,31529,0.471516,0.668776,CYP,GRC,6994
61,90,1179,1992,1388698,4439,2.2968349999999997,-2.581569,DEU,GRC,6994
64,90,1179,1992,1606,0,1.696464,1.365743,DNK,GRC,6994
71,90,1179,1992,7053,0,1.301511,1.730441,ESP,GRC,6994
74,90,1179,1992,1025,0,1.929661,1.3477,FIN,GRC,6994
77,90,1179,1992,51725,1095,1.682766,1.2713430000000001,FRA,GRC,6994
81,90,1179,1992,113908,14745,1.8901810000000001,0.9274030000000001,GBR,GRC,6994
102,90,1179,1992,1851,0,0.9144620000000001,2.157041,HUN,GRC,6994
111,90,1179,1992,430092,0,1.7819,0.981246,ITA,GRC,6994
114,90,1179,1992,116175,0,2.451698,0.875639,JPN,GRC,6994
142,90,1179,1992,0,9764,0.828211,0.29226599999999997,MLT,GRC,6994
162,90,1179,1992,157318,0,1.4315069999999999,1.7107450000000002,NLD,GRC,6994
185,90,1179,1992,3269,0,0.838817,1.358629,ROU,GRC,6994
188,90,1179,1992,0,7313,0.416315,-0.7342489999999999,SAU,GRC,6994
208,90,1179,1992,24555,0,2.2265900000000003,0.999178,SWE,GRC,6994
216,90,1179,1992,1958,0,0.109518,1.486578,THA,GRC,6994
224,90,1179,1992,17326,0,0.160966,1.154796,TUR,GRC,6994
231,90,1179,1992,9391,67997,1.660693,1.289752,USA,GRC,6994
14,116,1179,1992,2117,0,0.083812,0.637224,AUS,KEN,6994
15,116,1179,1992,11930,0,1.975207,0.669388,AUT,KEN,6994
17,116,1179,1992,0,27439,-1.222854,-0.927959,BDI,KEN,6994
18,116,1179,1992,6284,0,1.449085,1.622957,BEL,KEN,6994
39,116,1179,1992,1369,0,0.74703,1.096791,CAN,KEN,6994
41,116,1179,1992,5801,0,2.24952,1.014945,CHE,KEN,6994
46,116,1179,1992,0,15418,-1.55348,-1.100071,COD,KEN,6994
61,116,1179,1992,11760,0,2.2968349999999997,-2.581569,DEU,KEN,6994
64,116,1179,1992,7523,0,1.696464,1.365743,DNK,KEN,6994
77,116,1179,1992,2821,0,1.682766,1.2713430000000001,FRA,KEN,6994
81,116,1179,1992,51325,0,1.8901810000000001,0.9274030000000001,GBR,KEN,6994
104,116,1179,1992,7234,0,0.101094,1.6851180000000001,IND,KEN,6994
111,116,1179,1992,15978,0,1.7819,0.981246,ITA,KEN,6994
114,116,1179,1992,20894,0,2.451698,0.875639,JPN,KEN,6994
153,116,1179,1992,1427,0,0.14268499999999998,0.370079,MYS,KEN,6994
162,116,1179,1992,4460,0,1.4315069999999999,1.7107450000000002,NLD,KEN,6994
187,116,1179,1992,0,11198,-0.890012,-0.888402,RWA,KEN,6994
208,116,1179,1992,10241,0,2.2265900000000003,0.999178,SWE,KEN,6994
231,116,1179,1992,60978,0,1.660693,1.289752,USA,KEN,6994
250,116,1179,1992,2468,0,0.989994,0.977453,ANS,KEN,6994
43,133,1179,1992,21787,47927,0.269411,1.920075,CHN,MAC,6994
97,133,1179,1992,232619,21999,0.754112,1.911201,HKG,MAC,6994
114,133,1179,1992,1836,0,2.451698,0.875639,JPN,MAC,6994
231,133,1179,1992,2770,0,1.660693,1.289752,USA,MAC,6994
249,133,1179,1992,1794,0,1.3694790000000001,1.6227559999999999,TWN,MAC,6994
250,133,1179,1992,2412,0,0.989994,0.977453,ANS,MAC,6994
15,134,1179,1992,4589,0,1.975207,0.669388,AUT,MAR,6994
18,134,1179,1992,46628,0,1.449085,1.622957,BEL,MAR,6994
41,134,1179,1992,26366,0,2.24952,1.014945,CHE,MAR,6994
43,134,1179,1992,3588,0,0.269411,1.920075,CHN,MAR,6994
61,134,1179,1992,27811,0,2.2968349999999997,-2.581569,DEU,MAR,6994
64,134,1179,1992,6268,0,1.696464,1.365743,DNK,MAR,6994
65,134,1179,1992,1338,0,-0.338979,-0.5049279999999999,DOM,MAR,6994
71,134,1179,1992,8884,0,1.301511,1.730441,ESP,MAR,6994
74,134,1179,1992,1207,0,1.929661,1.3477,FIN,MAR,6994
77,134,1179,1992,190132,1111,1.682766,1.2713430000000001,FRA,MAR,6994
81,134,1179,1992,6485,0,1.8901810000000001,0.9274030000000001,GBR,MAR,6994
104,134,1179,1992,125927,0,0.101094,1.6851180000000001,IND,MAR,6994
111,134,1179,1992,155519,0,1.7819,0.981246,ITA,MAR,6994
114,134,1179,1992,11827,0,2.451698,0.875639,JPN,MAR,6994
141,134,1179,1992,0,28133,-0.9495790000000001,-1.028165,MLI,MAR,6994
162,134,1179,1992,101786,0,1.4315069999999999,1.7107450000000002,NLD,MAR,6994
177,134,1179,1992,9633,0,0.581166,2.070795,POL,MAR,6994
179,134,1179,1992,11132,0,0.47505,0.8402860000000001,PRT,MAR,6994
186,134,1179,1992,1666,0,0.071799,0.14036099999999999,RUS,MAR,6994
208,134,1179,1992,21791,0,2.2265900000000003,0.999178,SWE,MAR,6994
223,134,1179,1992,325323,1024,0.14482,-0.13608,TUN,MAR,6994
231,134,1179,1992,23236,2756,1.660693,1.289752,USA,MAR,6994
249,134,1179,1992,3071,0,1.3694790000000001,1.6227559999999999,TWN,MAR,6994
250,134,1179,1992,2985,0,0.989994,0.977453,ANS,MAR,6994
7,142,1179,1992,1154,0,-0.495518,-0.963358,ARE,MLT,6994
15,142,1179,1992,1470,0,1.975207,0.669388,AUT,MLT,6994
41,142,1179,1992,1815,0,2.24952,1.014945,CHE,MLT,6994
61,142,1179,1992,348860,0,2.2968349999999997,-2.581569,DEU,MLT,6994
64,142,1179,1992,1229,19588,1.696464,1.365743,DNK,MLT,6994
71,142,1179,1992,1356,0,1.301511,1.730441,ESP,MLT,6994
77,142,1179,1992,3822,0,1.682766,1.2713430000000001,FRA,MLT,6994
81,142,1179,1992,18464,1119,1.8901810000000001,0.9274030000000001,GBR,MLT,6994
90,142,1179,1992,9764,0,0.139504,0.743678,GRC,MLT,6994
111,142,1179,1992,76776,0,1.7819,0.981246,ITA,MLT,6994
114,142,1179,1992,13039,0,2.451698,0.875639,JPN,MLT,6994
162,142,1179,1992,14145,0,1.4315069999999999,1.7107450000000002,NLD,MLT,6994
208,142,1179,1992,4146,0,2.2265900000000003,0.999178,SWE,MLT,6994
231,142,1179,1992,3677,0,1.660693,1.289752,USA,MLT,6994
249,142,1179,1992,2798,0,1.3694790000000001,1.6227559999999999,TWN,MLT,6994
61,150,1179,1992,32330,0,2.2968349999999997,-2.581569,DEU,MTQ,6994
71,150,1179,1992,34826,0,1.301511,1.730441,ESP,MTQ,6994
77,150,1179,1992,30538,0,1.682766,1.2713430000000001,FRA,MTQ,6994
86,150,1179,1992,0,13235,0.68221,-0.319682,GLP,MTQ,6994
111,150,1179,1992,12517,0,1.7819,0.981246,ITA,MTQ,6994
114,150,1179,1992,11914,0,2.451698,0.875639,JPN,MTQ,6994
231,150,1179,1992,1073,0,1.660693,1.289752,USA,MTQ,6994
250,150,1179,1992,2643,0,0.989994,0.977453,ANS,MTQ,6994
18,191,1179,1992,6061,0,1.449085,1.622957,BEL,SEN,6994
19,191,1179,1992,0,1031,-1.206267,-0.855159,BEN,SEN,6994
61,191,1179,1992,1881,0,2.2968349999999997,-2.581569,DEU,SEN,6994
77,191,1179,1992,247243,0,1.682766,1.2713430000000001,FRA,SEN,6994
81,191,1179,1992,1643,0,1.8901810000000001,0.9274030000000001,GBR,SEN,6994
111,191,1179,1992,9474,0,1.7819,0.981246,ITA,SEN,6994
114,191,1179,1992,9245,0,2.451698,0.875639,JPN,SEN,6994
141,191,1179,1992,0,1802,-0.9495790000000001,-1.028165,MLI,SEN,6994
231,191,1179,1992,13112,0,1.660693,1.289752,USA,SEN,6994
249,191,1179,1992,2027,0,1.3694790000000001,1.6227559999999999,TWN,SEN,6994
14,248,1179,1992,9731,0,0.083812,0.637224,AUS,ZWE,6994
15,248,1179,1992,1716,0,1.975207,0.669388,AUT,ZWE,6994
18,248,1179,1992,9765,0,1.449085,1.622957,BEL,ZWE,6994
39,248,1179,1992,32042,0,0.74703,1.096791,CAN,ZWE,6994
41,248,1179,1992,10896,0,2.24952,1.014945,CHE,ZWE,6994
43,248,1179,1992,963,0,0.269411,1.920075,CHN,ZWE,6994
61,248,1179,1992,1986,0,2.2968349999999997,-2.581569,DEU,ZWE,6994
64,248,1179,1992,10575,0,1.696464,1.365743,DNK,ZWE,6994
74,248,1179,1992,1098,0,1.929661,1.3477,FIN,ZWE,6994
77,248,1179,1992,2574,0,1.682766,1.2713430000000001,FRA,ZWE,6994
81,248,1179,1992,8640,0,1.8901810000000001,0.9274030000000001,GBR,ZWE,6994
104,248,1179,1992,1087,0,0.101094,1.6851180000000001,IND,ZWE,6994
111,248,1179,1992,33504,0,1.7819,0.981246,ITA,ZWE,6994
114,248,1179,1992,5791,0,2.451698,0.875639,JPN,ZWE,6994
147,248,1179,1992,0,4945,-0.119653,-0.28381100000000004,MOZ,ZWE,6994
152,248,1179,1992,0,8495,-1.368384,-1.205314,MWI,ZWE,6994
162,248,1179,1992,5688,0,1.4315069999999999,1.7107450000000002,NLD,ZWE,6994
208,248,1179,1992,19803,0,2.2265900000000003,0.999178,SWE,ZWE,6994
231,248,1179,1992,81001,0,1.660693,1.289752,USA,ZWE,6994
246,248,1179,1992,172109,93726,0.236335,1.415622,ZAF,ZWE,6994
247,248,1179,1992,0,4222,-0.9865219999999999,-1.076062,ZMB,ZWE,6994
249,248,1179,1992,896,0,1.3694790000000001,1.6227559999999999,TWN,ZWE,6994
250,248,1179,1992,1275,0,0.989994,0.977453,ANS,ZWE,6994
6,236,1179,1992,2447,2527,0.258484,-0.47236000000000006,ANT,VEN,6994
8,236,1179,1992,1232,0,0.043179,0.553408,ARG,VEN,6994
15,236,1179,1992,3238,0,1.975207,0.669388,AUT,VEN,6994
18,236,1179,1992,7864,0,1.449085,1.622957,BEL,VEN,6994
23,236,1179,1992,1124,0,0.503161,1.871616,BGR,VEN,6994
32,236,1179,1992,96240,0,0.685144,1.5676709999999998,BRA,VEN,6994
39,236,1179,1992,398276,0,0.74703,1.096791,CAN,VEN,6994
41,236,1179,1992,2054,0,2.24952,1.014945,CHE,VEN,6994
49,236,1179,1992,54967,131203,0.022895,0.22971799999999998,COL,VEN,6994
61,236,1179,1992,250237,0,2.2968349999999997,-2.581569,DEU,VEN,6994
64,236,1179,1992,6697,0,1.696464,1.365743,DNK,VEN,6994
71,236,1179,1992,13951,0,1.301511,1.730441,ESP,VEN,6994
74,236,1179,1992,1348,0,1.929661,1.3477,FIN,VEN,6994
77,236,1179,1992,13797,0,1.682766,1.2713430000000001,FRA,VEN,6994
81,236,1179,1992,27596,0,1.8901810000000001,0.9274030000000001,GBR,VEN,6994
93,236,1179,1992,0,2760,-0.031145999999999997,0.48874300000000004,GTM,VEN,6994
96,236,1179,1992,0,7878,-0.6447689999999999,-0.808177,GUY,VEN,6994
111,236,1179,1992,38007,0,1.7819,0.981246,ITA,VEN,6994
112,236,1179,1992,3147,1709,-0.200329,-0.595741,JAM,VEN,6994
114,236,1179,1992,123830,0,2.451698,0.875639,JPN,VEN,6994
121,236,1179,1992,1502,0,0.778066,1.3011139999999999,KOR,VEN,6994
138,236,1179,1992,11791,175920,0.9039370000000001,0.965842,MEX,VEN,6994
162,236,1179,1992,3821,0,1.4315069999999999,1.7107450000000002,NLD,VEN,6994
169,236,1179,1992,4610,1014,0.289315,0.37247199999999997,PAN,VEN,6994
186,236,1179,1992,2651,0,0.071799,0.14036099999999999,RUS,VEN,6994
208,236,1179,1992,22463,0,2.2265900000000003,0.999178,SWE,VEN,6994
222,236,1179,1992,0,7851,0.43506000000000006,-0.43233599999999994,TTO,VEN,6994
231,236,1179,1992,389058,845737,1.660693,1.289752,USA,VEN,6994
249,236,1179,1992,3519,0,1.3694790000000001,1.6227559999999999,TWN,VEN,6994
250,236,1179,1992,1702,0,0.989994,0.977453,ANS,VEN,6994
8,31,1179,1992,5442,0,0.043179,0.553408,ARG,BOL,6994
18,31,1179,1992,1101,0,1.449085,1.622957,BEL,BOL,6994
32,31,1179,1992,282658,0,0.685144,1.5676709999999998,BRA,BOL,6994
42,31,1179,1992,2054,0,-0.188106,-0.360151,CHL,BOL,6994
61,31,1179,1992,9202,0,2.2968349999999997,-2.581569,DEU,BOL,6994
74,31,1179,1992,1198,0,1.929661,1.3477,FIN,BOL,6994
77,31,1179,1992,2490,0,1.682766,1.2713430000000001,FRA,BOL,6994
114,31,1179,1992,42349,0,2.451698,0.875639,JPN,BOL,6994
138,31,1179,1992,4303,0,0.9039370000000001,0.965842,MEX,BOL,6994
173,31,1179,1992,281035,0,-0.286545,-0.264638,PER,BOL,6994
208,31,1179,1992,19694,0,2.2265900000000003,0.999178,SWE,BOL,6994
231,31,1179,1992,17607,0,1.660693,1.289752,USA,BOL,6994
250,31,1179,1992,2603,0,0.989994,0.977453,ANS,BOL,6994
8,67,1179,1992,1985,0,0.043179,0.553408,ARG,ECU,6994
18,67,1179,1992,11515,0,1.449085,1.622957,BEL,ECU,6994
32,67,1179,1992,101103,0,0.685144,1.5676709999999998,BRA,ECU,6994
49,67,1179,1992,204250,0,0.022895,0.22971799999999998,COL,ECU,6994
61,67,1179,1992,75362,0,2.2968349999999997,-2.581569,DEU,ECU,6994
71,67,1179,1992,1513,0,1.301511,1.730441,ESP,ECU,6994
77,67,1179,1992,10925,0,1.682766,1.2713430000000001,FRA,ECU,6994
97,67,1179,1992,1197,0,0.754112,1.911201,HKG,ECU,6994
111,67,1179,1992,7622,0,1.7819,0.981246,ITA,ECU,6994
114,67,1179,1992,91587,0,2.451698,0.875639,JPN,ECU,6994
121,67,1179,1992,1522,0,0.778066,1.3011139999999999,KOR,ECU,6994
162,67,1179,1992,26736,2828,1.4315069999999999,1.7107450000000002,NLD,ECU,6994
169,67,1179,1992,3895,0,0.289315,0.37247199999999997,PAN,ECU,6994
189,67,1179,1992,678,0,0.9474950000000001,2.442268,SCG,ECU,6994
208,67,1179,1992,3232,0,2.2265900000000003,0.999178,SWE,ECU,6994
231,67,1179,1992,39271,0,1.660693,1.289752,USA,ECU,6994
249,67,1179,1992,3070,0,1.3694790000000001,1.6227559999999999,TWN,ECU,6994
250,67,1179,1992,1793,0,0.989994,0.977453,ANS,ECU,6994
7,212,1179,1992,72569,0,-0.495518,-0.963358,ARE,SYR,6994
15,212,1179,1992,214292,0,1.975207,0.669388,AUT,SYR,6994
39,212,1179,1992,3904,0,0.74703,1.096791,CAN,SYR,6994
43,212,1179,1992,27604,0,0.269411,1.920075,CHN,SYR,6994
53,212,1179,1992,240367,0,1.116966,2.225331,CSK,SYR,6994
61,212,1179,1992,32976,0,2.2968349999999997,-2.581569,DEU,SYR,6994
68,212,1179,1992,13723,0,-0.102143,-0.17513499999999999,EGY,SYR,6994
71,212,1179,1992,118181,0,1.301511,1.730441,ESP,SYR,6994
77,212,1179,1992,298668,0,1.682766,1.2713430000000001,FRA,SYR,6994
81,212,1179,1992,2258,0,1.8901810000000001,0.9274030000000001,GBR,SYR,6994
104,212,1179,1992,56047,0,0.101094,1.6851180000000001,IND,SYR,6994
111,212,1179,1992,53300,0,1.7819,0.981246,ITA,SYR,6994
114,212,1179,1992,11159,0,2.451698,0.875639,JPN,SYR,6994
124,212,1179,1992,12327,0,0.186135,0.800906,LBN,SYR,6994
179,212,1179,1992,54121,0,0.47505,0.8402860000000001,PRT,SYR,6994
188,212,1179,1992,0,12263,0.416315,-0.7342489999999999,SAU,SYR,6994
208,212,1179,1992,9271,0,2.2265900000000003,0.999178,SWE,SYR,6994
224,212,1179,1992,609140,0,0.160966,1.154796,TUR,SYR,6994
231,212,1179,1992,10588,0,1.660693,1.289752,USA,SYR,6994
249,212,1179,1992,3249,0,1.3694790000000001,1.6227559999999999,TWN,SYR,6994
15,66,1179,1992,1154,0,1.975207,0.669388,AUT,DZA,6994
18,66,1179,1992,14464,0,1.449085,1.622957,BEL,DZA,6994
39,66,1179,1992,120110,0,0.74703,1.096791,CAN,DZA,6994
41,66,1179,1992,31769,0,2.24952,1.014945,CHE,DZA,6994
43,66,1179,1992,6662,3946,0.269411,1.920075,CHN,DZA,6994
61,66,1179,1992,62182,0,2.2968349999999997,-2.581569,DEU,DZA,6994
64,66,1179,1992,2235,0,1.696464,1.365743,DNK,DZA,6994
68,66,1179,1992,882,0,-0.102143,-0.17513499999999999,EGY,DZA,6994
71,66,1179,1992,5708,0,1.301511,1.730441,ESP,DZA,6994
77,66,1179,1992,464942,0,1.682766,1.2713430000000001,FRA,DZA,6994
81,66,1179,1992,20522,0,1.8901810000000001,0.9274030000000001,GBR,DZA,6994
97,66,1179,1992,5580,0,0.754112,1.911201,HKG,DZA,6994
102,66,1179,1992,5636,0,0.9144620000000001,2.157041,HUN,DZA,6994
104,66,1179,1992,1460,0,0.101094,1.6851180000000001,IND,DZA,6994
111,66,1179,1992,325064,0,1.7819,0.981246,ITA,DZA,6994
114,66,1179,1992,190618,0,2.451698,0.875639,JPN,DZA,6994
121,66,1179,1992,42974,0,0.778066,1.3011139999999999,KOR,DZA,6994
162,66,1179,1992,1083,0,1.4315069999999999,1.7107450000000002,NLD,DZA,6994
163,66,1179,1992,1166,0,0.877965,0.444983,NOR,DZA,6994
186,66,1179,1992,4576,0,0.071799,0.14036099999999999,RUS,DZA,6994
192,66,1179,1992,11538,0,0.95691,0.892702,SGP,DZA,6994
208,66,1179,1992,20858,0,2.2265900000000003,0.999178,SWE,DZA,6994
216,66,1179,1992,1285,0,0.109518,1.486578,THA,DZA,6994
223,66,1179,1992,1131062,0,0.14482,-0.13608,TUN,DZA,6994
231,66,1179,1992,481366,0,1.660693,1.289752,USA,DZA,6994
249,66,1179,1992,1574,0,1.3694790000000001,1.6227559999999999,TWN,DZA,6994
250,66,1179,1992,4313,0,0.989994,0.977453,ANS,DZA,6994
39,29,1179,1992,2555,0,0.74703,1.096791,CAN,BLZ,6994
61,29,1179,1992,1241,0,2.2968349999999997,-2.581569,DEU,BLZ,6994
81,29,1179,1992,6044,0,1.8901810000000001,0.9274030000000001,GBR,BLZ,6994
138,29,1179,1992,953,0,0.9039370000000001,0.965842,MEX,BLZ,6994
231,29,1179,1992,54976,0,1.660693,1.289752,USA,BLZ,6994
250,29,1179,1992,1782,0,0.989994,0.977453,ANS,BLZ,6994
18,86,1179,1992,7711,0,1.449085,1.622957,BEL,GLP,6994
61,86,1179,1992,10978,0,2.2968349999999997,-2.581569,DEU,GLP,6994
77,86,1179,1992,54592,0,1.682766,1.2713430000000001,FRA,GLP,6994
111,86,1179,1992,2330,0,1.7819,0.981246,ITA,GLP,6994
114,86,1179,1992,9273,0,2.451698,0.875639,JPN,GLP,6994
150,86,1179,1992,13235,0,0.70167,-0.075327,MTQ,GLP,6994
208,86,1179,1992,8049,0,2.2265900000000003,0.999178,SWE,GLP,6994
32,96,1179,1992,1257,0,0.685144,1.5676709999999998,BRA,GUY,6994
61,96,1179,1992,1000,0,2.2968349999999997,-2.581569,DEU,GUY,6994
77,96,1179,1992,4443,0,1.682766,1.2713430000000001,FRA,GUY,6994
81,96,1179,1992,37984,0,1.8901810000000001,0.9274030000000001,GBR,GUY,6994
82,96,1179,1992,1796,0,0.392506,-0.43089399999999994,GEO,GUY,6994
111,96,1179,1992,2544,0,1.7819,0.981246,ITA,GUY,6994
114,96,1179,1992,1843,0,2.451698,0.875639,JPN,GUY,6994
153,96,1179,1992,2828,0,0.14268499999999998,0.370079,MYS,GUY,6994
162,96,1179,1992,7823,0,1.4315069999999999,1.7107450000000002,NLD,GUY,6994
231,96,1179,1992,252288,0,1.660693,1.289752,USA,GUY,6994
236,96,1179,1992,7878,0,-0.106385,-0.65975,VEN,GUY,6994
250,96,1179,1992,2072,0,0.989994,0.977453,ANS,GUY,6994
14,112,1179,1992,1879,0,0.083812,0.637224,AUS,JAM,6994
15,112,1179,1992,3199,0,1.975207,0.669388,AUT,JAM,6994
32,112,1179,1992,1766,0,0.685144,1.5676709999999998,BRA,JAM,6994
39,112,1179,1992,11897,0,0.74703,1.096791,CAN,JAM,6994
43,112,1179,1992,5501,0,0.269411,1.920075,CHN,JAM,6994
61,112,1179,1992,5509,0,2.2968349999999997,-2.581569,DEU,JAM,6994
65,112,1179,1992,12997,0,-0.338979,-0.5049279999999999,DOM,JAM,6994
77,112,1179,1992,1332,0,1.682766,1.2713430000000001,FRA,JAM,6994
81,112,1179,1992,138636,0,1.8901810000000001,0.9274030000000001,GBR,JAM,6994
111,112,1179,1992,2652,0,1.7819,0.981246,ITA,JAM,6994
114,112,1179,1992,22463,0,2.451698,0.875639,JPN,JAM,6994
162,112,1179,1992,16316,0,1.4315069999999999,1.7107450000000002,NLD,JAM,6994
169,112,1179,1992,1304,0,0.289315,0.37247199999999997,PAN,JAM,6994
207,112,1179,1992,2947,0,1.3270629999999999,1.605534,SVN,JAM,6994
208,112,1179,1992,1185,0,2.2265900000000003,0.999178,SWE,JAM,6994
222,112,1179,1992,4302,0,0.43506000000000006,-0.43233599999999994,TTO,JAM,6994
231,112,1179,1992,16224,1573,1.660693,1.289752,USA,JAM,6994
236,112,1179,1992,1709,3147,-0.106385,-0.65975,VEN,JAM,6994
250,112,1179,1992,4614,0,0.989994,0.977453,ANS,JAM,6994
61,127,1179,1992,6433,0,2.2968349999999997,-2.581569,DEU,LCA,6994
65,127,1179,1992,11206,0,-0.338979,-0.5049279999999999,DOM,LCA,6994
81,127,1179,1992,2991,0,1.8901810000000001,0.9274030000000001,GBR,LCA,6994
114,127,1179,1992,3991,0,2.451698,0.875639,JPN,LCA,6994
231,127,1179,1992,28457,0,1.660693,1.289752,USA,LCA,6994
15,160,1179,1992,1124,0,1.975207,0.669388,AUT,NIC,6994
32,160,1179,1992,860,0,0.685144,1.5676709999999998,BRA,NIC,6994
52,160,1179,1992,48586,0,0.11654,0.191873,CRI,NIC,6994
61,160,1179,1992,1727,0,2.2968349999999997,-2.581569,DEU,NIC,6994
64,160,1179,1992,1157,0,1.696464,1.365743,DNK,NIC,6994
71,160,1179,1992,1573,0,1.301511,1.730441,ESP,NIC,6994
111,160,1179,1992,1273,0,1.7819,0.981246,ITA,NIC,6994
114,160,1179,1992,32770,0,2.451698,0.875639,JPN,NIC,6994
138,160,1179,1992,5069,0,0.9039370000000001,0.965842,MEX,NIC,6994
169,160,1179,1992,2559,0,0.289315,0.37247199999999997,PAN,NIC,6994
186,160,1179,1992,6448,0,0.071799,0.14036099999999999,RUS,NIC,6994
231,160,1179,1992,41159,0,1.660693,1.289752,USA,NIC,6994
250,160,1179,1992,1215,0,0.989994,0.977453,ANS,NIC,6994
8,173,1179,1992,1147,0,0.043179,0.553408,ARG,PER,6994
15,173,1179,1992,1636,0,1.975207,0.669388,AUT,PER,6994
18,173,1179,1992,4516,0,1.449085,1.622957,BEL,PER,6994
31,173,1179,1992,0,281035,-0.609826,-0.693473,BOL,PER,6994
32,173,1179,1992,138121,0,0.685144,1.5676709999999998,BRA,PER,6994
39,173,1179,1992,19788,0,0.74703,1.096791,CAN,PER,6994
41,173,1179,1992,12777,0,2.24952,1.014945,CHE,PER,6994
42,173,1179,1992,6411,3095,-0.188106,-0.360151,CHL,PER,6994
43,173,1179,1992,13299,0,0.269411,1.920075,CHN,PER,6994
49,173,1179,1992,1259,0,0.022895,0.22971799999999998,COL,PER,6994
52,173,1179,1992,0,963,0.11654,0.191873,CRI,PER,6994
53,173,1179,1992,6527,0,1.116966,2.225331,CSK,PER,6994
61,173,1179,1992,6761,0,2.2968349999999997,-2.581569,DEU,PER,6994
64,173,1179,1992,4150,0,1.696464,1.365743,DNK,PER,6994
71,173,1179,1992,9622,0,1.301511,1.730441,ESP,PER,6994
77,173,1179,1992,27843,0,1.682766,1.2713430000000001,FRA,PER,6994
81,173,1179,1992,23325,0,1.8901810000000001,0.9274030000000001,GBR,PER,6994
111,173,1179,1992,24750,0,1.7819,0.981246,ITA,PER,6994
114,173,1179,1992,148845,0,2.451698,0.875639,JPN,PER,6994
121,173,1179,1992,6015,0,0.778066,1.3011139999999999,KOR,PER,6994
138,173,1179,1992,2322,0,0.9039370000000001,0.965842,MEX,PER,6994
162,173,1179,1992,2786,0,1.4315069999999999,1.7107450000000002,NLD,PER,6994
180,173,1179,1992,181733,0,-0.906433,-0.787177,PRY,PER,6994
208,173,1179,1992,67801,0,2.2265900000000003,0.999178,SWE,PER,6994
231,173,1179,1992,8606,0,1.660693,1.289752,USA,PER,6994
249,173,1179,1992,5942,0,1.3694790000000001,1.6227559999999999,TWN,PER,6994
250,173,1179,1992,7753,1154,0.989994,0.977453,ANS,PER,6994
8,180,1179,1992,4619,0,0.043179,0.553408,ARG,PRY,6994
32,180,1179,1992,707097,0,0.685144,1.5676709999999998,BRA,PRY,6994
41,180,1179,1992,11161,0,2.24952,1.014945,CHE,PRY,6994
61,180,1179,1992,1891,0,2.2968349999999997,-2.581569,DEU,PRY,6994
77,180,1179,1992,6777,0,1.682766,1.2713430000000001,FRA,PRY,6994
81,180,1179,1992,3200,0,1.8901810000000001,0.9274030000000001,GBR,PRY,6994
111,180,1179,1992,6526,0,1.7819,0.981246,ITA,PRY,6994
114,180,1179,1992,27238,0,2.451698,0.875639,JPN,PRY,6994
162,180,1179,1992,2053,0,1.4315069999999999,1.7107450000000002,NLD,PRY,6994
173,180,1179,1992,0,181733,-0.286545,-0.264638,PER,PRY,6994
208,180,1179,1992,3551,0,2.2265900000000003,0.999178,SWE,PRY,6994
231,180,1179,1992,8977,0,1.660693,1.289752,USA,PRY,6994
249,180,1179,1992,1045,0,1.3694790000000001,1.6227559999999999,TWN,PRY,6994
8,197,1179,1992,2090,0,0.043179,0.553408,ARG,SLV,6994
18,197,1179,1992,1244,0,1.449085,1.622957,BEL,SLV,6994
32,197,1179,1992,47344,0,0.685144,1.5676709999999998,BRA,SLV,6994
42,197,1179,1992,60173,0,-0.188106,-0.360151,CHL,SLV,6994
49,197,1179,1992,32724,0,0.022895,0.22971799999999998,COL,SLV,6994
52,197,1179,1992,22295,0,0.11654,0.191873,CRI,SLV,6994
61,197,1179,1992,8343,0,2.2968349999999997,-2.581569,DEU,SLV,6994
81,197,1179,1992,1334,0,1.8901810000000001,0.9274030000000001,GBR,SLV,6994
93,197,1179,1992,208150,0,-0.031145999999999997,0.48874300000000004,GTM,SLV,6994
114,197,1179,1992,14719,0,2.451698,0.875639,JPN,SLV,6994
121,197,1179,1992,6850,0,0.778066,1.3011139999999999,KOR,SLV,6994
138,197,1179,1992,28330,0,0.9039370000000001,0.965842,MEX,SLV,6994
162,197,1179,1992,2569,0,1.4315069999999999,1.7107450000000002,NLD,SLV,6994
231,197,1179,1992,5644,0,1.660693,1.289752,USA,SLV,6994
250,197,1179,1992,142001,0,0.989994,0.977453,ANS,SLV,6994
18,205,1179,1992,2875,0,1.449085,1.622957,BEL,SUR,6994
32,205,1179,1992,3513,0,0.685144,1.5676709999999998,BRA,SUR,6994
61,205,1179,1992,1906,0,2.2968349999999997,-2.581569,DEU,SUR,6994
114,205,1179,1992,6889,0,2.451698,0.875639,JPN,SUR,6994
138,205,1179,1992,932,0,0.9039370000000001,0.965842,MEX,SUR,6994
162,205,1179,1992,1582,0,1.4315069999999999,1.7107450000000002,NLD,SUR,6994
231,205,1179,1992,25260,0,1.660693,1.289752,USA,SUR,6994
249,205,1179,1992,6127,0,1.3694790000000001,1.6227559999999999,TWN,SUR,6994
8,230,1179,1992,14942,1250,0.043179,0.553408,ARG,URY,6994
32,230,1179,1992,92664,0,0.685144,1.5676709999999998,BRA,URY,6994
41,230,1179,1992,3621,0,2.24952,1.014945,CHE,URY,6994
61,230,1179,1992,3945,0,2.2968349999999997,-2.581569,DEU,URY,6994
64,230,1179,1992,3060,0,1.696464,1.365743,DNK,URY,6994
71,230,1179,1992,2535,0,1.301511,1.730441,ESP,URY,6994
77,230,1179,1992,1336,0,1.682766,1.2713430000000001,FRA,URY,6994
81,230,1179,1992,10394,0,1.8901810000000001,0.9274030000000001,GBR,URY,6994
111,230,1179,1992,3036,0,1.7819,0.981246,ITA,URY,6994
114,230,1179,1992,12607,0,2.451698,0.875639,JPN,URY,6994
138,230,1179,1992,1078,0,0.9039370000000001,0.965842,MEX,URY,6994
162,230,1179,1992,1291,0,1.4315069999999999,1.7107450000000002,NLD,URY,6994
208,230,1179,1992,2911,0,2.2265900000000003,0.999178,SWE,URY,6994
231,230,1179,1992,5322,0,1.660693,1.289752,USA,URY,6994
250,230,1179,1992,2085,0,0.989994,0.977453,ANS,URY,6994
15,24,1179,1992,3746,0,1.975207,0.669388,AUT,BHR,6994
18,24,1179,1992,87876,0,1.449085,1.622957,BEL,BHR,6994
104,24,1179,1992,4977,0,0.101094,1.6851180000000001,IND,BHR,6994
114,24,1179,1992,17619,0,2.451698,0.875639,JPN,BHR,6994
122,24,1179,1992,1839,0,-1.2360950000000002,-1.061771,KWT,BHR,6994
183,24,1179,1992,1019,23157,-0.491413,-1.004476,QAT,BHR,6994
192,24,1179,1992,1615,0,0.95691,0.892702,SGP,BHR,6994
208,24,1179,1992,1032,0,2.2265900000000003,0.999178,SWE,BHR,6994
15,34,1179,1992,1163,0,1.975207,0.669388,AUT,BRN,6994
43,34,1179,1992,1010,0,0.269411,1.920075,CHN,BRN,6994
61,34,1179,1992,4428,0,2.2968349999999997,-2.581569,DEU,BRN,6994
81,34,1179,1992,17623,0,1.8901810000000001,0.9274030000000001,GBR,BRN,6994
97,34,1179,1992,2654,0,0.754112,1.911201,HKG,BRN,6994
114,34,1179,1992,8950,0,2.451698,0.875639,JPN,BRN,6994
153,34,1179,1992,30716,0,0.14268499999999998,0.370079,MYS,BRN,6994
192,34,1179,1992,63138,0,0.95691,0.892702,SGP,BRN,6994
216,34,1179,1992,10038,0,0.109518,1.486578,THA,BRN,6994
231,34,1179,1992,55927,0,1.660693,1.289752,USA,BRN,6994
249,34,1179,1992,623,0,1.3694790000000001,1.6227559999999999,TWN,BRN,6994
250,34,1179,1992,1584,0,0.989994,0.977453,ANS,BRN,6994
18,44,1179,1992,3866,0,1.449085,1.622957,BEL,CIV,6994
32,44,1179,1992,12128,0,0.685144,1.5676709999999998,BRA,CIV,6994
61,44,1179,1992,7012,0,2.2968349999999997,-2.581569,DEU,CIV,6994
77,44,1179,1992,312707,0,1.682766,1.2713430000000001,FRA,CIV,6994
111,44,1179,1992,13793,0,1.7819,0.981246,ITA,CIV,6994
114,44,1179,1992,30236,0,2.451698,0.875639,JPN,CIV,6994
153,44,1179,1992,1834,0,0.14268499999999998,0.370079,MYS,CIV,6994
15,46,1179,1992,3409,0,1.975207,0.669388,AUT,COD,6994
18,46,1179,1992,75095,0,1.449085,1.622957,BEL,COD,6994
32,46,1179,1992,20394,0,0.685144,1.5676709999999998,BRA,COD,6994
61,46,1179,1992,8269,0,2.2968349999999997,-2.581569,DEU,COD,6994
77,46,1179,1992,49445,0,1.682766,1.2713430000000001,FRA,COD,6994
111,46,1179,1992,19480,0,1.7819,0.981246,ITA,COD,6994
114,46,1179,1992,23263,0,2.451698,0.875639,JPN,COD,6994
116,46,1179,1992,15418,0,-0.31818,-0.096856,KEN,COD,6994
246,46,1179,1992,7587,0,0.236335,1.415622,ZAF,COD,6994
14,53,1179,1992,0,1041,0.083812,0.637224,AUS,CSK,6994
15,53,1179,1992,1105819,159499,1.975207,0.669388,AUT,CSK,6994
18,53,1179,1992,11794,26706,1.449085,1.622957,BEL,CSK,6994
23,53,1179,1992,0,5707,0.503161,1.871616,BGR,CSK,6994
41,53,1179,1992,45910,0,2.24952,1.014945,CHE,CSK,6994
49,53,1179,1992,0,2986,0.022895,0.22971799999999998,COL,CSK,6994
61,53,1179,1992,4393016,2778117,2.2968349999999997,-2.581569,DEU,CSK,6994
64,53,1179,1992,4336,0,1.696464,1.365743,DNK,CSK,6994
74,53,1179,1992,0,3745,1.929661,1.3477,FIN,CSK,6994
77,53,1179,1992,75411,5166,1.682766,1.2713430000000001,FRA,CSK,6994
100,53,1179,1992,0,2258,0.877872,1.726188,HRV,CSK,6994
102,53,1179,1992,20420,327283,0.9144620000000001,2.157041,HUN,CSK,6994
104,53,1179,1992,0,2735,0.101094,1.6851180000000001,IND,CSK,6994
109,53,1179,1992,0,1593,-0.076691,-0.630567,ISL,CSK,6994
111,53,1179,1992,39002,3904,1.7819,0.981246,ITA,CSK,6994
114,53,1179,1992,4951,0,2.451698,0.875639,JPN,CSK,6994
138,53,1179,1992,0,3528,0.9039370000000001,0.965842,MEX,CSK,6994
162,53,1179,1992,11679,88956,1.4315069999999999,1.7107450000000002,NLD,CSK,6994
173,53,1179,1992,0,6527,-0.286545,-0.264638,PER,CSK,6994
177,53,1179,1992,15135,531283,0.581166,2.070795,POL,CSK,6994
179,53,1179,1992,0,5034,0.47505,0.8402860000000001,PRT,CSK,6994
189,53,1179,1992,0,177266,0.9474950000000001,2.442268,SCG,CSK,6994
207,53,1179,1992,0,1555,1.3270629999999999,1.605534,SVN,CSK,6994
208,53,1179,1992,93139,31994,2.2265900000000003,0.999178,SWE,CSK,6994
212,53,1179,1992,0,240367,-0.566724,-0.602446,SYR,CSK,6994
223,53,1179,1992,0,2841,0.14482,-0.13608,TUN,CSK,6994
224,53,1179,1992,0,1304,0.160966,1.154796,TUR,CSK,6994
249,53,1179,1992,0,1763,1.3694790000000001,1.6227559999999999,TWN,CSK,6994
32,54,1179,1992,3319,0,0.685144,1.5676709999999998,BRA,CUB,6994
43,54,1179,1992,72372,0,0.269411,1.920075,CHN,CUB,6994
61,54,1179,1992,1001,0,2.2968349999999997,-2.581569,DEU,CUB,6994
71,54,1179,1992,23225,0,1.301511,1.730441,ESP,CUB,6994
83,54,1179,1992,0,4768,-0.936314,-0.935839,GHA,CUB,6994
102,54,1179,1992,1000,0,0.9144620000000001,2.157041,HUN,CUB,6994
111,54,1179,1992,61838,0,1.7819,0.981246,ITA,CUB,6994
114,54,1179,1992,7702,0,2.451698,0.875639,JPN,CUB,6994
138,54,1179,1992,22000,0,0.9039370000000001,0.965842,MEX,CUB,6994
61,62,1179,1992,999,0,2.2968349999999997,-2.581569,DEU,DJI,6994
77,62,1179,1992,6369,0,1.682766,1.2713430000000001,FRA,DJI,6994
114,62,1179,1992,27157,0,2.451698,0.875639,JPN,DJI,6994
61,72,1179,1992,1008,0,2.2968349999999997,-2.581569,DEU,EST,6994
208,72,1179,1992,79918,0,2.2265900000000003,0.999178,SWE,EST,6994
15,73,1179,1992,7497,0,1.975207,0.669388,AUT,ETH,6994
18,73,1179,1992,22948,0,1.449085,1.622957,BEL,ETH,6994
61,73,1179,1992,49701,0,2.2968349999999997,-2.581569,DEU,ETH,6994
77,73,1179,1992,24658,0,1.682766,1.2713430000000001,FRA,ETH,6994
111,73,1179,1992,267343,0,1.7819,0.981246,ITA,ETH,6994
114,73,1179,1992,25775,0,2.451698,0.875639,JPN,ETH,6994
162,73,1179,1992,4553,0,1.4315069999999999,1.7107450000000002,NLD,ETH,6994
188,73,1179,1992,608,0,0.416315,-0.7342489999999999,SAU,ETH,6994
208,73,1179,1992,54307,0,2.2265900000000003,0.999178,SWE,ETH,6994
231,73,1179,1992,2941,0,1.660693,1.289752,USA,ETH,6994
15,107,1179,1992,21038,0,1.975207,0.669388,AUT,IRN,6994
18,107,1179,1992,28057,0,1.449085,1.622957,BEL,IRN,6994
39,107,1179,1992,3163,0,0.74703,1.096791,CAN,IRN,6994
41,107,1179,1992,14886,0,2.24952,1.014945,CHE,IRN,6994
43,107,1179,1992,1417,0,0.269411,1.920075,CHN,IRN,6994
61,107,1179,1992,1829836,0,2.2968349999999997,-2.581569,DEU,IRN,6994
74,107,1179,1992,2498,0,1.929661,1.3477,FIN,IRN,6994
77,107,1179,1992,3283,0,1.682766,1.2713430000000001,FRA,IRN,6994
81,107,1179,1992,5872276,0,1.8901810000000001,0.9274030000000001,GBR,IRN,6994
102,107,1179,1992,25002,0,0.9144620000000001,2.157041,HUN,IRN,6994
104,107,1179,1992,510356,0,0.101094,1.6851180000000001,IND,IRN,6994
111,107,1179,1992,501804,0,1.7819,0.981246,ITA,IRN,6994
114,107,1179,1992,917289,0,2.451698,0.875639,JPN,IRN,6994
162,107,1179,1992,73092,0,1.4315069999999999,1.7107450000000002,NLD,IRN,6994
192,107,1179,1992,3020,0,0.95691,0.892702,SGP,IRN,6994
207,107,1179,1992,1906,0,1.3270629999999999,1.605534,SVN,IRN,6994
208,107,1179,1992,334567,0,2.2265900000000003,0.999178,SWE,IRN,6994
231,107,1179,1992,19516,0,1.660693,1.289752,USA,IRN,6994
15,122,1179,1992,25780,0,1.975207,0.669388,AUT,KWT,6994
24,122,1179,1992,0,1839,0.047396,-0.554517,BHR,KWT,6994
39,122,1179,1992,3750,0,0.74703,1.096791,CAN,KWT,6994
41,122,1179,1992,1217,0,2.24952,1.014945,CHE,KWT,6994
61,122,1179,1992,38855,0,2.2968349999999997,-2.581569,DEU,KWT,6994
77,122,1179,1992,12042,0,1.682766,1.2713430000000001,FRA,KWT,6994
81,122,1179,1992,39575,0,1.8901810000000001,0.9274030000000001,GBR,KWT,6994
102,122,1179,1992,6742,0,0.9144620000000001,2.157041,HUN,KWT,6994
104,122,1179,1992,7957,0,0.101094,1.6851180000000001,IND,KWT,6994
111,122,1179,1992,60273,0,1.7819,0.981246,ITA,KWT,6994
114,122,1179,1992,137831,0,2.451698,0.875639,JPN,KWT,6994
121,122,1179,1992,19740,0,0.778066,1.3011139999999999,KOR,KWT,6994
188,122,1179,1992,17294,1420,0.416315,-0.7342489999999999,SAU,KWT,6994
192,122,1179,1992,6247,0,0.95691,0.892702,SGP,KWT,6994
208,122,1179,1992,4135,0,2.2265900000000003,0.999178,SWE,KWT,6994
231,122,1179,1992,4124,0,1.660693,1.289752,USA,KWT,6994
249,122,1179,1992,2876,0,1.3694790000000001,1.6227559999999999,TWN,KWT,6994
250,122,1179,1992,12604,0,0.989994,0.977453,ANS,KWT,6994
15,124,1179,1992,116746,0,1.975207,0.669388,AUT,LBN,6994
18,124,1179,1992,3752,0,1.449085,1.622957,BEL,LBN,6994
43,124,1179,1992,1040,0,0.269411,1.920075,CHN,LBN,6994
58,124,1179,1992,15145,0,0.471516,0.668776,CYP,LBN,6994
61,124,1179,1992,228092,0,2.2968349999999997,-2.581569,DEU,LBN,6994
77,124,1179,1992,118247,0,1.682766,1.2713430000000001,FRA,LBN,6994
111,124,1179,1992,79882,0,1.7819,0.981246,ITA,LBN,6994
188,124,1179,1992,37890,3899,0.416315,-0.7342489999999999,SAU,LBN,6994
208,124,1179,1992,2235,0,2.2265900000000003,0.999178,SWE,LBN,6994
212,124,1179,1992,0,12327,-0.566724,-0.602446,SYR,LBN,6994
249,124,1179,1992,13000,0,1.3694790000000001,1.6227559999999999,TWN,LBN,6994
15,126,1179,1992,1823,0,1.975207,0.669388,AUT,LBY,6994
58,126,1179,1992,1377,0,0.471516,0.668776,CYP,LBY,6994
61,126,1179,1992,46956,0,2.2968349999999997,-2.581569,DEU,LBY,6994
68,126,1179,1992,0,6018,-0.102143,-0.17513499999999999,EGY,LBY,6994
77,126,1179,1992,26285,0,1.682766,1.2713430000000001,FRA,LBY,6994
81,126,1179,1992,10290,0,1.8901810000000001,0.9274030000000001,GBR,LBY,6994
111,126,1179,1992,599064,0,1.7819,0.981246,ITA,LBY,6994
114,126,1179,1992,136927,0,2.451698,0.875639,JPN,LBY,6994
121,126,1179,1992,62504,0,0.778066,1.3011139999999999,KOR,LBY,6994
162,126,1179,1992,2741,0,1.4315069999999999,1.7107450000000002,NLD,LBY,6994
208,126,1179,1992,34887,0,2.2265900000000003,0.999178,SWE,LBY,6994
223,126,1179,1992,56775,0,0.14482,-0.13608,TUN,LBY,6994
15,136,1179,1992,931,0,1.975207,0.669388,AUT,MDG,6994
18,136,1179,1992,9566,0,1.449085,1.622957,BEL,MDG,6994
32,136,1179,1992,4529,0,0.685144,1.5676709999999998,BRA,MDG,6994
41,136,1179,1992,17456,0,2.24952,1.014945,CHE,MDG,6994
61,136,1179,1992,928,0,2.2968349999999997,-2.581569,DEU,MDG,6994
71,136,1179,1992,670,0,1.301511,1.730441,ESP,MDG,6994
77,136,1179,1992,43916,0,1.682766,1.2713430000000001,FRA,MDG,6994
81,136,1179,1992,7597,0,1.8901810000000001,0.9274030000000001,GBR,MDG,6994
104,136,1179,1992,18169,0,0.101094,1.6851180000000001,IND,MDG,6994
111,136,1179,1992,1742,0,1.7819,0.981246,ITA,MDG,6994
114,136,1179,1992,38127,0,2.451698,0.875639,JPN,MDG,6994
184,136,1179,1992,1057,0,0.251216,-0.448812,REU,MDG,6994
192,136,1179,1992,7544,0,0.95691,0.892702,SGP,MDG,6994
208,136,1179,1992,637,0,2.2265900000000003,0.999178,SWE,MDG,6994
231,136,1179,1992,3076,0,1.660693,1.289752,USA,MDG,6994
250,136,1179,1992,3231,0,0.989994,0.977453,ANS,MDG,6994
77,143,1179,1992,2550,0,1.682766,1.2713430000000001,FRA,MMR,6994
97,143,1179,1992,4897,0,0.754112,1.911201,HKG,MMR,6994
114,143,1179,1992,63090,0,2.451698,0.875639,JPN,MMR,6994
153,143,1179,1992,1433,0,0.14268499999999998,0.370079,MYS,MMR,6994
192,143,1179,1992,37706,0,0.95691,0.892702,SGP,MMR,6994
216,143,1179,1992,997,0,0.109518,1.486578,THA,MMR,6994
231,143,1179,1992,191,0,1.660693,1.289752,USA,MMR,6994
14,151,1179,1992,1240,0,0.083812,0.637224,AUS,MUS,6994
61,151,1179,1992,13679,0,2.2968349999999997,-2.581569,DEU,MUS,6994
64,151,1179,1992,4150,0,1.696464,1.365743,DNK,MUS,6994
71,151,1179,1992,2125,0,1.301511,1.730441,ESP,MUS,6994
77,151,1179,1992,8994,0,1.682766,1.2713430000000001,FRA,MUS,6994
81,151,1179,1992,9018,0,1.8901810000000001,0.9274030000000001,GBR,MUS,6994
97,151,1179,1992,8841,0,0.754112,1.911201,HKG,MUS,6994
104,151,1179,1992,58392,0,0.101094,1.6851180000000001,IND,MUS,6994
111,151,1179,1992,5418,0,1.7819,0.981246,ITA,MUS,6994
114,151,1179,1992,13780,0,2.451698,0.875639,JPN,MUS,6994
153,151,1179,1992,9257,0,0.14268499999999998,0.370079,MYS,MUS,6994
162,151,1179,1992,1618,0,1.4315069999999999,1.7107450000000002,NLD,MUS,6994
192,151,1179,1992,1397,0,0.95691,0.892702,SGP,MUS,6994
208,151,1179,1992,859,0,2.2265900000000003,0.999178,SWE,MUS,6994
231,151,1179,1992,3725,1805,1.660693,1.289752,USA,MUS,6994
246,151,1179,1992,155697,0,0.236335,1.415622,ZAF,MUS,6994
249,151,1179,1992,7034,0,1.3694790000000001,1.6227559999999999,TWN,MUS,6994
61,164,1179,1992,68943,0,2.2968349999999997,-2.581569,DEU,NPL,6994
97,164,1179,1992,15104,0,0.754112,1.911201,HKG,NPL,6994
104,164,1179,1992,310073,0,0.101094,1.6851180000000001,IND,NPL,6994
114,164,1179,1992,44278,0,2.451698,0.875639,JPN,NPL,6994
192,164,1179,1992,3218,0,0.95691,0.892702,SGP,NPL,6994
231,164,1179,1992,0,8680,1.660693,1.289752,USA,NPL,6994
15,167,1179,1992,11440,0,1.975207,0.669388,AUT,OMN,6994
18,167,1179,1992,18881,0,1.449085,1.622957,BEL,OMN,6994
43,167,1179,1992,19072,0,0.269411,1.920075,CHN,OMN,6994
61,167,1179,1992,14940,0,2.2968349999999997,-2.581569,DEU,OMN,6994
77,167,1179,1992,10086,0,1.682766,1.2713430000000001,FRA,OMN,6994
81,167,1179,1992,3949,0,1.8901810000000001,0.9274030000000001,GBR,OMN,6994
104,167,1179,1992,52739,0,0.101094,1.6851180000000001,IND,OMN,6994
111,167,1179,1992,29726,0,1.7819,0.981246,ITA,OMN,6994
114,167,1179,1992,188272,0,2.451698,0.875639,JPN,OMN,6994
121,167,1179,1992,6620,0,0.778066,1.3011139999999999,KOR,OMN,6994
162,167,1179,1992,5334,0,1.4315069999999999,1.7107450000000002,NLD,OMN,6994
183,167,1179,1992,1485,0,-0.491413,-1.004476,QAT,OMN,6994
192,167,1179,1992,1355,0,0.95691,0.892702,SGP,OMN,6994
208,167,1179,1992,11288,0,2.2265900000000003,0.999178,SWE,OMN,6994
231,167,1179,1992,2587,0,1.660693,1.289752,USA,OMN,6994
7,183,1179,1992,82794,79,-0.495518,-0.963358,ARE,QAT,6994
18,183,1179,1992,6403,0,1.449085,1.622957,BEL,QAT,6994
24,183,1179,1992,23157,1019,0.047396,-0.554517,BHR,QAT,6994
58,183,1179,1992,30631,0,0.471516,0.668776,CYP,QAT,6994
61,183,1179,1992,8383,0,2.2968349999999997,-2.581569,DEU,QAT,6994
77,183,1179,1992,80024,0,1.682766,1.2713430000000001,FRA,QAT,6994
81,183,1179,1992,7906,0,1.8901810000000001,0.9274030000000001,GBR,QAT,6994
111,183,1179,1992,5842,0,1.7819,0.981246,ITA,QAT,6994
114,183,1179,1992,35262,0,2.451698,0.875639,JPN,QAT,6994
121,183,1179,1992,11418,0,0.778066,1.3011139999999999,KOR,QAT,6994
167,183,1179,1992,0,1485,-0.906702,-1.0716709999999998,OMN,QAT,6994
177,183,1179,1992,548,0,0.581166,2.070795,POL,QAT,6994
188,183,1179,1992,0,9389,0.416315,-0.7342489999999999,SAU,QAT,6994
231,183,1179,1992,5622,1574,1.660693,1.289752,USA,QAT,6994
249,183,1179,1992,1500,0,1.3694790000000001,1.6227559999999999,TWN,QAT,6994
61,184,1179,1992,13272,0,2.2968349999999997,-2.581569,DEU,REU,6994
71,184,1179,1992,1820,0,1.301511,1.730441,ESP,REU,6994
77,184,1179,1992,206764,0,1.682766,1.2713430000000001,FRA,REU,6994
136,184,1179,1992,0,1057,-0.977873,-0.743187,MDG,REU,6994
8,186,1179,1992,9086,0,0.043179,0.553408,ARG,RUS,6994
14,186,1179,1992,0,1516,0.083812,0.637224,AUS,RUS,6994
15,186,1179,1992,56709,0,1.975207,0.669388,AUT,RUS,6994
18,186,1179,1992,1153,0,1.449085,1.622957,BEL,RUS,6994
22,186,1179,1992,0,3561,-0.608254,-0.921751,BGD,RUS,6994
39,186,1179,1992,15361,0,0.74703,1.096791,CAN,RUS,6994
41,186,1179,1992,9468,0,2.24952,1.014945,CHE,RUS,6994
42,186,1179,1992,0,29294,-0.188106,-0.360151,CHL,RUS,6994
43,186,1179,1992,65798,59882,0.269411,1.920075,CHN,RUS,6994
49,186,1179,1992,0,1204,0.022895,0.22971799999999998,COL,RUS,6994
61,186,1179,1992,256472,39605,2.2968349999999997,-2.581569,DEU,RUS,6994
66,186,1179,1992,0,4576,-0.24189699999999997,-0.9399219999999999,DZA,RUS,6994
74,186,1179,1992,69946,56135,1.929661,1.3477,FIN,RUS,6994
77,186,1179,1992,1323,0,1.682766,1.2713430000000001,FRA,RUS,6994
81,186,1179,1992,13179,0,1.8901810000000001,0.9274030000000001,GBR,RUS,6994
102,186,1179,1992,270359,18365,0.9144620000000001,2.157041,HUN,RUS,6994
111,186,1179,1992,175713,0,1.7819,0.981246,ITA,RUS,6994
114,186,1179,1992,307372,0,2.451698,0.875639,JPN,RUS,6994
134,186,1179,1992,0,1666,-0.339711,-0.265987,MAR,RUS,6994
160,186,1179,1992,0,6448,-0.214083,-0.111615,NIC,RUS,6994
162,186,1179,1992,2258,0,1.4315069999999999,1.7107450000000002,NLD,RUS,6994
163,186,1179,1992,22620,1251,0.877965,0.444983,NOR,RUS,6994
177,186,1179,1992,21154,27053,0.581166,2.070795,POL,RUS,6994
189,186,1179,1992,1000,23528,0.9474950000000001,2.442268,SCG,RUS,6994
192,186,1179,1992,1154,0,0.95691,0.892702,SGP,RUS,6994
208,186,1179,1992,127848,0,2.2265900000000003,0.999178,SWE,RUS,6994
223,186,1179,1992,0,2769,0.14482,-0.13608,TUN,RUS,6994
224,186,1179,1992,2156,1984,0.160966,1.154796,TUR,RUS,6994
231,186,1179,1992,0,2700,1.660693,1.289752,USA,RUS,6994
236,186,1179,1992,0,2651,-0.106385,-0.65975,VEN,RUS,6994
14,190,1179,1992,40480,0,0.083812,0.637224,AUS,SDN,6994
15,190,1179,1992,4101,0,1.975207,0.669388,AUT,SDN,6994
61,190,1179,1992,59044,0,2.2968349999999997,-2.581569,DEU,SDN,6994
104,190,1179,1992,548403,0,0.101094,1.6851180000000001,IND,SDN,6994
111,190,1179,1992,104514,0,1.7819,0.981246,ITA,SDN,6994
114,190,1179,1992,452554,0,2.451698,0.875639,JPN,SDN,6994
121,190,1179,1992,17895,0,0.778066,1.3011139999999999,KOR,SDN,6994
111,211,1179,1992,1222,0,1.7819,0.981246,ITA,SYC,6994
192,211,1179,1992,1224,0,0.95691,0.892702,SGP,SYC,6994
246,211,1179,1992,1458,0,0.236335,1.415622,ZAF,SYC,6994
15,223,1179,1992,12865,0,1.975207,0.669388,AUT,TUN,6994
18,223,1179,1992,8937,1353,1.449085,1.622957,BEL,TUN,6994
32,223,1179,1992,3852,0,0.685144,1.5676709999999998,BRA,TUN,6994
39,223,1179,1992,737,0,0.74703,1.096791,CAN,TUN,6994
41,223,1179,1992,26774,0,2.24952,1.014945,CHE,TUN,6994
53,223,1179,1992,2841,0,1.116966,2.225331,CSK,TUN,6994
61,223,1179,1992,403799,0,2.2968349999999997,-2.581569,DEU,TUN,6994
64,223,1179,1992,9815,0,1.696464,1.365743,DNK,TUN,6994
66,223,1179,1992,0,1131062,-0.24189699999999997,-0.9399219999999999,DZA,TUN,6994
71,223,1179,1992,210553,732439,1.301511,1.730441,ESP,TUN,6994
77,223,1179,1992,398631,88310,1.682766,1.2713430000000001,FRA,TUN,6994
81,223,1179,1992,51261,0,1.8901810000000001,0.9274030000000001,GBR,TUN,6994
97,223,1179,1992,5071,0,0.754112,1.911201,HKG,TUN,6994
102,223,1179,1992,5032,0,0.9144620000000001,2.157041,HUN,TUN,6994
104,223,1179,1992,1909,0,0.101094,1.6851180000000001,IND,TUN,6994
111,223,1179,1992,246420,4245097,1.7819,0.981246,ITA,TUN,6994
114,223,1179,1992,30381,0,2.451698,0.875639,JPN,TUN,6994
126,223,1179,1992,0,56775,-0.333309,-0.981883,LBY,TUN,6994
134,223,1179,1992,1024,325323,-0.339711,-0.265987,MAR,TUN,6994
138,223,1179,1992,1402,0,0.9039370000000001,0.965842,MEX,TUN,6994
162,223,1179,1992,7233,0,1.4315069999999999,1.7107450000000002,NLD,TUN,6994
163,223,1179,1992,4836,0,0.877965,0.444983,NOR,TUN,6994
179,223,1179,1992,1369,0,0.47505,0.8402860000000001,PRT,TUN,6994
186,223,1179,1992,2769,0,0.071799,0.14036099999999999,RUS,TUN,6994
189,223,1179,1992,9133,0,0.9474950000000001,2.442268,SCG,TUN,6994
208,223,1179,1992,16640,0,2.2265900000000003,0.999178,SWE,TUN,6994
224,223,1179,1992,19868,0,0.160966,1.154796,TUR,TUN,6994
231,223,1179,1992,7414,0,1.660693,1.289752,USA,TUN,6994
249,223,1179,1992,6143,0,1.3694790000000001,1.6227559999999999,TWN,TUN,6994
250,223,1179,1992,4302,0,0.989994,0.977453,ANS,TUN,6994
15,226,1179,1992,5017,0,1.975207,0.669388,AUT,TZA,6994
18,226,1179,1992,3100,0,1.449085,1.622957,BEL,TZA,6994
39,226,1179,1992,1542,0,0.74703,1.096791,CAN,TZA,6994
61,226,1179,1992,53407,0,2.2968349999999997,-2.581569,DEU,TZA,6994
81,226,1179,1992,4324,0,1.8901810000000001,0.9274030000000001,GBR,TZA,6994
104,226,1179,1992,24728,0,0.101094,1.6851180000000001,IND,TZA,6994
111,226,1179,1992,1340,0,1.7819,0.981246,ITA,TZA,6994
114,226,1179,1992,141119,0,2.451698,0.875639,JPN,TZA,6994
208,226,1179,1992,119322,0,2.2265900000000003,0.999178,SWE,TZA,6994
43,239,1179,1992,1139,0,0.269411,1.920075,CHN,VNM,6994
61,239,1179,1992,6005,0,2.2968349999999997,-2.581569,DEU,VNM,6994
77,239,1179,1992,21744,0,1.682766,1.2713430000000001,FRA,VNM,6994
114,239,1179,1992,9146,0,2.451698,0.875639,JPN,VNM,6994
192,239,1179,1992,56218,0,0.95691,0.892702,SGP,VNM,6994
208,239,1179,1992,3954,0,2.2265900000000003,0.999178,SWE,VNM,6994
18,243,1179,1992,5944,0,1.449085,1.622957,BEL,YEM,6994
43,243,1179,1992,1477,0,0.269411,1.920075,CHN,YEM,6994
77,243,1179,1992,9491,0,1.682766,1.2713430000000001,FRA,YEM,6994
81,243,1179,1992,0,1149,1.8901810000000001,0.9274030000000001,GBR,YEM,6994
104,243,1179,1992,299947,0,0.101094,1.6851180000000001,IND,YEM,6994
111,243,1179,1992,1105,0,1.7819,0.981246,ITA,YEM,6994
114,243,1179,1992,242616,0,2.451698,0.875639,JPN,YEM,6994
121,243,1179,1992,459937,0,0.778066,1.3011139999999999,KOR,YEM,6994
153,243,1179,1992,59561,0,0.14268499999999998,0.370079,MYS,YEM,6994
162,243,1179,1992,4041,0,1.4315069999999999,1.7107450000000002,NLD,YEM,6994
188,243,1179,1992,1185,0,0.416315,-0.7342489999999999,SAU,YEM,6994
208,243,1179,1992,4297,0,2.2265900000000003,0.999178,SWE,YEM,6994
216,243,1179,1992,164324,0,0.109518,1.486578,THA,YEM,6994
61,247,1179,1992,17382,0,2.2968349999999997,-2.581569,DEU,ZMB,6994
74,247,1179,1992,1179,0,1.929661,1.3477,FIN,ZMB,6994
77,247,1179,1992,54250,0,1.682766,1.2713430000000001,FRA,ZMB,6994
111,247,1179,1992,25370,0,1.7819,0.981246,ITA,ZMB,6994
114,247,1179,1992,75573,0,2.451698,0.875639,JPN,ZMB,6994
192,247,1179,1992,2147,0,0.95691,0.892702,SGP,ZMB,6994
208,247,1179,1992,1203,0,2.2265900000000003,0.999178,SWE,ZMB,6994
246,247,1179,1992,85731,0,0.236335,1.415622,ZAF,ZMB,6994
248,247,1179,1992,4222,0,-0.11168099999999999,0.143612,ZWE,ZMB,6994
8,250,1179,1992,2708,2671,0.043179,0.553408,ARG,ANS,6994
14,250,1179,1992,3017,10166,0.083812,0.637224,AUS,ANS,6994
15,250,1179,1992,1473,0,1.975207,0.669388,AUT,ANS,6994
18,250,1179,1992,5955,0,1.449085,1.622957,BEL,ANS,6994
29,250,1179,1992,0,1782,-0.06729700000000001,-0.386682,BLZ,ANS,6994
31,250,1179,1992,0,2603,-0.609826,-0.693473,BOL,ANS,6994
32,250,1179,1992,11208,10330,0.685144,1.5676709999999998,BRA,ANS,6994
33,250,1179,1992,0,1693,0.9121950000000001,0.413592,BRB,ANS,6994
34,250,1179,1992,0,1584,-1.142722,-0.818717,BRN,ANS,6994
39,250,1179,1992,4568,142337,0.74703,1.096791,CAN,ANS,6994
41,250,1179,1992,2213,2523,2.24952,1.014945,CHE,ANS,6994
42,250,1179,1992,2293,33727,-0.188106,-0.360151,CHL,ANS,6994
43,250,1179,1992,1421,24076,0.269411,1.920075,CHN,ANS,6994
49,250,1179,1992,0,7040,0.022895,0.22971799999999998,COL,ANS,6994
58,250,1179,1992,0,2248,0.471516,0.668776,CYP,ANS,6994
66,250,1179,1992,0,4313,-0.24189699999999997,-0.9399219999999999,DZA,ANS,6994
67,250,1179,1992,0,1793,-0.815778,-0.9415459999999999,ECU,ANS,6994
68,250,1179,1992,0,2904,-0.102143,-0.17513499999999999,EGY,ANS,6994
71,250,1179,1992,8304,0,1.301511,1.730441,ESP,ANS,6994
74,250,1179,1992,2494,1710,1.929661,1.3477,FIN,ANS,6994
77,250,1179,1992,0,419363,1.682766,1.2713430000000001,FRA,ANS,6994
93,250,1179,1992,0,2382,-0.031145999999999997,0.48874300000000004,GTM,ANS,6994
96,250,1179,1992,0,2072,-0.6447689999999999,-0.808177,GUY,ANS,6994
99,250,1179,1992,0,1339,-0.5100640000000001,-0.38205900000000004,HND,ANS,6994
100,250,1179,1992,11888,1551,0.877872,1.726188,HRV,ANS,6994
103,250,1179,1992,0,3463,-0.5250670000000001,0.717568,IDN,ANS,6994
104,250,1179,1992,0,2794,0.101094,1.6851180000000001,IND,ANS,6994
109,250,1179,1992,0,2195,-0.076691,-0.630567,ISL,ANS,6994
110,250,1179,1992,0,1607,1.354362,1.3260530000000001,ISR,ANS,6994
111,250,1179,1992,1631,0,1.7819,0.981246,ITA,ANS,6994
112,250,1179,1992,0,4614,-0.200329,-0.595741,JAM,ANS,6994
116,250,1179,1992,0,2468,-0.31818,-0.096856,KEN,ANS,6994
121,250,1179,1992,53494,12045,0.778066,1.3011139999999999,KOR,ANS,6994
122,250,1179,1992,0,12604,-1.2360950000000002,-1.061771,KWT,ANS,6994
128,250,1179,1992,0,4448,-0.45780600000000005,-0.221948,LKA,ANS,6994
133,250,1179,1992,0,2412,0.249034,-0.026864,MAC,ANS,6994
134,250,1179,1992,0,2985,-0.339711,-0.265987,MAR,ANS,6994
136,250,1179,1992,0,3231,-0.977873,-0.743187,MDG,ANS,6994
150,250,1179,1992,0,2643,0.70167,-0.075327,MTQ,ANS,6994
153,250,1179,1992,1544,0,0.14268499999999998,0.370079,MYS,ANS,6994
160,250,1179,1992,0,1215,-0.214083,-0.111615,NIC,ANS,6994
162,250,1179,1992,2260,0,1.4315069999999999,1.7107450000000002,NLD,ANS,6994
166,250,1179,1992,1842,3308,0.41866000000000003,0.580581,NZL,ANS,6994
169,250,1179,1992,0,3892,0.289315,0.37247199999999997,PAN,ANS,6994
173,250,1179,1992,1154,7753,-0.286545,-0.264638,PER,ANS,6994
179,250,1179,1992,2222,23417,0.47505,0.8402860000000001,PRT,ANS,6994
185,250,1179,1992,0,2543,0.838817,1.358629,ROU,ANS,6994
188,250,1179,1992,0,2708,0.416315,-0.7342489999999999,SAU,ANS,6994
192,250,1179,1992,16273,2279,0.95691,0.892702,SGP,ANS,6994
197,250,1179,1992,0,142001,0.396523,0.47548900000000005,SLV,ANS,6994
207,250,1179,1992,0,1485,1.3270629999999999,1.605534,SVN,ANS,6994
208,250,1179,1992,7364,2124,2.2265900000000003,0.999178,SWE,ANS,6994
216,250,1179,1992,5271,2718,0.109518,1.486578,THA,ANS,6994
222,250,1179,1992,1295,3155,0.43506000000000006,-0.43233599999999994,TTO,ANS,6994
223,250,1179,1992,0,4302,0.14482,-0.13608,TUN,ANS,6994
224,250,1179,1992,2166,3978,0.160966,1.154796,TUR,ANS,6994
230,250,1179,1992,0,2085,0.242758,0.711781,URY,ANS,6994
236,250,1179,1992,0,1702,-0.106385,-0.65975,VEN,ANS,6994
246,250,1179,1992,1285,9955,0.236335,1.415622,ZAF,ANS,6994
248,250,1179,1992,0,1275,-0.11168099999999999,0.143612,ZWE,ANS,6994
249,250,1179,1992,38000,7934,1.3694790000000001,1.6227559999999999,TWN,ANS,6994
32,2,1179,1992,24919,0,0.685144,1.5676709999999998,BRA,AGO,6994
61,2,1179,1992,32029,0,2.2968349999999997,-2.581569,DEU,AGO,6994
71,2,1179,1992,3312,0,1.301511,1.730441,ESP,AGO,6994
77,2,1179,1992,6811,0,1.682766,1.2713430000000001,FRA,AGO,6994
114,2,1179,1992,5085,0,2.451698,0.875639,JPN,AGO,6994
179,2,1179,1992,16337,0,0.47505,0.8402860000000001,PRT,AGO,6994
208,2,1179,1992,33211,0,2.2265900000000003,0.999178,SWE,AGO,6994
246,2,1179,1992,4238,0,0.236335,1.415622,ZAF,AGO,6994
68,4,1179,1992,0,1179,-0.102143,-0.17513499999999999,EGY,ALB,6994
111,4,1179,1992,114456,0,1.7819,0.981246,ITA,ALB,6994
8,6,1179,1992,13249,0,0.043179,0.553408,ARG,ANT,6994
39,6,1179,1992,6153,0,0.74703,1.096791,CAN,ANT,6994
41,6,1179,1992,27312,0,2.24952,1.014945,CHE,ANT,6994
65,6,1179,1992,32000,0,-0.338979,-0.5049279999999999,DOM,ANT,6994
114,6,1179,1992,9689,0,2.451698,0.875639,JPN,ANT,6994
162,6,1179,1992,12556,0,1.4315069999999999,1.7107450000000002,NLD,ANT,6994
231,6,1179,1992,6685,0,1.660693,1.289752,USA,ANT,6994
236,6,1179,1992,2527,2447,-0.106385,-0.65975,VEN,ANT,6994
14,7,1179,1992,1136,0,0.083812,0.637224,AUS,ARE,6994
18,7,1179,1992,169573,0,1.449085,1.622957,BEL,ARE,6994
39,7,1179,1992,4751,0,0.74703,1.096791,CAN,ARE,6994
41,7,1179,1992,27819,0,2.24952,1.014945,CHE,ARE,6994
43,7,1179,1992,3111,0,0.269411,1.920075,CHN,ARE,6994
58,7,1179,1992,23693,0,0.471516,0.668776,CYP,ARE,6994
61,7,1179,1992,290014,0,2.2968349999999997,-2.581569,DEU,ARE,6994
71,7,1179,1992,1133,0,1.301511,1.730441,ESP,ARE,6994
77,7,1179,1992,533001,0,1.682766,1.2713430000000001,FRA,ARE,6994
81,7,1179,1992,45365,0,1.8901810000000001,0.9274030000000001,GBR,ARE,6994
104,7,1179,1992,237097,0,0.101094,1.6851180000000001,IND,ARE,6994
106,7,1179,1992,4540,0,1.454172,1.397052,IRL,ARE,6994
111,7,1179,1992,136420,0,1.7819,0.981246,ITA,ARE,6994
113,7,1179,1992,0,20138,0.716964,0.5323760000000001,JOR,ARE,6994
114,7,1179,1992,577493,1791,2.451698,0.875639,JPN,ARE,6994
142,7,1179,1992,0,1154,0.828211,0.29226599999999997,MLT,ARE,6994
153,7,1179,1992,5625,0,0.14268499999999998,0.370079,MYS,ARE,6994
162,7,1179,1992,56438,0,1.4315069999999999,1.7107450000000002,NLD,ARE,6994
183,7,1179,1992,79,82794,-0.491413,-1.004476,QAT,ARE,6994
188,7,1179,1992,6935,206724,0.416315,-0.7342489999999999,SAU,ARE,6994
192,7,1179,1992,8310,0,0.95691,0.892702,SGP,ARE,6994
208,7,1179,1992,126038,0,2.2265900000000003,0.999178,SWE,ARE,6994
212,7,1179,1992,0,72569,-0.566724,-0.602446,SYR,ARE,6994
224,7,1179,1992,198938,1244,0.160966,1.154796,TUR,ARE,6994
231,7,1179,1992,9110,0,1.660693,1.289752,USA,ARE,6994
39,13,1179,1992,3440,0,0.74703,1.096791,CAN,ATG,6994
65,13,1179,1992,1000,0,-0.338979,-0.5049279999999999,DOM,ATG,6994
81,13,1179,1992,3882,0,1.8901810000000001,0.9274030000000001,GBR,ATG,6994
15,25,1179,1992,1002,0,1.975207,0.669388,AUT,BHS,6994
114,25,1179,1992,27907,0,2.451698,0.875639,JPN,BHS,6994
231,25,1179,1992,7324,0,1.660693,1.289752,USA,BHS,6994
15,30,1179,1992,25709,0,1.975207,0.669388,AUT,BMU,6994
81,30,1179,1992,1668,0,1.8901810000000001,0.9274030000000001,GBR,BMU,6994
114,30,1179,1992,1021,0,2.451698,0.875639,JPN,BMU,6994
114,35,1179,1992,13554,0,2.451698,0.875639,JPN,BTN,6994
18,45,1179,1992,2626,0,1.449085,1.622957,BEL,CMR,6994
32,45,1179,1992,6501,0,0.685144,1.5676709999999998,BRA,CMR,6994
61,45,1179,1992,18004,0,2.2968349999999997,-2.581569,DEU,CMR,6994
71,45,1179,1992,29980,0,1.301511,1.730441,ESP,CMR,6994
77,45,1179,1992,180248,0,1.682766,1.2713430000000001,FRA,CMR,6994
111,45,1179,1992,30480,0,1.7819,0.981246,ITA,CMR,6994
114,45,1179,1992,66782,0,2.451698,0.875639,JPN,CMR,6994
121,45,1179,1992,4888,0,0.778066,1.3011139999999999,KOR,CMR,6994
153,45,1179,1992,1684,0,0.14268499999999998,0.370079,MYS,CMR,6994
61,47,1179,1992,9001,0,2.2968349999999997,-2.581569,DEU,COG,6994
77,47,1179,1992,53805,0,1.682766,1.2713430000000001,FRA,COG,6994
114,47,1179,1992,5788,0,2.451698,0.875639,JPN,COG,6994
32,51,1179,1992,1962,0,0.685144,1.5676709999999998,BRA,CPV,6994
179,51,1179,1992,2216,0,0.47505,0.8402860000000001,PRT,CPV,6994
61,80,1179,1992,4002,0,2.2968349999999997,-2.581569,DEU,GAB,6994
77,80,1179,1992,70262,0,1.682766,1.2713430000000001,FRA,GAB,6994
114,80,1179,1992,34493,0,2.451698,0.875639,JPN,GAB,6994
162,80,1179,1992,2890,0,1.4315069999999999,1.7107450000000002,NLD,GAB,6994
32,85,1179,1992,1448,0,0.685144,1.5676709999999998,BRA,GIN,6994
77,85,1179,1992,59182,0,1.682766,1.2713430000000001,FRA,GIN,6994
81,85,1179,1992,1861,0,1.8901810000000001,0.9274030000000001,GBR,GIN,6994
114,85,1179,1992,28633,0,2.451698,0.875639,JPN,GIN,6994
208,85,1179,1992,12738,0,2.2265900000000003,0.999178,SWE,GIN,6994
231,85,1179,1992,7389,0,1.660693,1.289752,USA,GIN,6994
14,110,1179,1992,0,4818,0.083812,0.637224,AUS,ISR,6994
15,110,1179,1992,19128,0,1.975207,0.669388,AUT,ISR,6994
18,110,1179,1992,9396,0,1.449085,1.622957,BEL,ISR,6994
32,110,1179,1992,5373,1893,0.685144,1.5676709999999998,BRA,ISR,6994
39,110,1179,1992,1886,0,0.74703,1.096791,CAN,ISR,6994
41,110,1179,1992,27380,13469,2.24952,1.014945,CHE,ISR,6994
61,110,1179,1992,530698,5033,2.2968349999999997,-2.581569,DEU,ISR,6994
64,110,1179,1992,12829,0,1.696464,1.365743,DNK,ISR,6994
71,110,1179,1992,1815,0,1.301511,1.730441,ESP,ISR,6994
74,110,1179,1992,14375,0,1.929661,1.3477,FIN,ISR,6994
77,110,1179,1992,102615,14932,1.682766,1.2713430000000001,FRA,ISR,6994
81,110,1179,1992,66311,0,1.8901810000000001,0.9274030000000001,GBR,ISR,6994
97,110,1179,1992,1532,0,0.754112,1.911201,HKG,ISR,6994
106,110,1179,1992,0,11783,1.454172,1.397052,IRL,ISR,6994
111,110,1179,1992,1123192,0,1.7819,0.981246,ITA,ISR,6994
114,110,1179,1992,12090,0,2.451698,0.875639,JPN,ISR,6994
121,110,1179,1992,3378,0,0.778066,1.3011139999999999,KOR,ISR,6994
138,110,1179,1992,0,3586,0.9039370000000001,0.965842,MEX,ISR,6994
162,110,1179,1992,12933,0,1.4315069999999999,1.7107450000000002,NLD,ISR,6994
179,110,1179,1992,15198,0,0.47505,0.8402860000000001,PRT,ISR,6994
185,110,1179,1992,0,6285,0.838817,1.358629,ROU,ISR,6994
192,110,1179,1992,18047,2648,0.95691,0.892702,SGP,ISR,6994
208,110,1179,1992,16837,0,2.2265900000000003,0.999178,SWE,ISR,6994
224,110,1179,1992,58408,0,0.160966,1.154796,TUR,ISR,6994
231,110,1179,1992,282235,624311,1.660693,1.289752,USA,ISR,6994
246,110,1179,1992,103466,30620,0.236335,1.415622,ZAF,ISR,6994
249,110,1179,1992,8824,0,1.3694790000000001,1.6227559999999999,TWN,ISR,6994
250,110,1179,1992,1607,0,0.989994,0.977453,ANS,ISR,6994
41,125,1179,1992,2931,0,2.24952,1.014945,CHE,LBR,6994
61,125,1179,1992,17000,0,2.2968349999999997,-2.581569,DEU,LBR,6994
114,125,1179,1992,47767,0,2.451698,0.875639,JPN,LBR,6994
216,125,1179,1992,1562,0,0.109518,1.486578,THA,LBR,6994
77,147,1179,1992,44430,0,1.682766,1.2713430000000001,FRA,MOZ,6994
81,147,1179,1992,1190,0,1.8901810000000001,0.9274030000000001,GBR,MOZ,6994
111,147,1179,1992,2194,0,1.7819,0.981246,ITA,MOZ,6994
114,147,1179,1992,4785,0,2.451698,0.875639,JPN,MOZ,6994
208,147,1179,1992,5158,0,2.2265900000000003,0.999178,SWE,MOZ,6994
231,147,1179,1992,3072,0,1.660693,1.289752,USA,MOZ,6994
246,147,1179,1992,20536,0,0.236335,1.415622,ZAF,MOZ,6994
248,147,1179,1992,4945,0,-0.11168099999999999,0.143612,ZWE,MOZ,6994
104,152,1179,1992,5306,0,0.101094,1.6851180000000001,IND,MWI,6994
114,152,1179,1992,31389,0,2.451698,0.875639,JPN,MWI,6994
246,152,1179,1992,151403,0,0.236335,1.415622,ZAF,MWI,6994
248,152,1179,1992,8495,0,-0.11168099999999999,0.143612,ZWE,MWI,6994
111,157,1179,1992,42615,0,1.7819,0.981246,ITA,NER,6994
114,157,1179,1992,4888,0,2.451698,0.875639,JPN,NER,6994
15,159,1179,1992,29373,0,1.975207,0.669388,AUT,NGA,6994
32,159,1179,1992,84536,0,0.685144,1.5676709999999998,BRA,NGA,6994
61,159,1179,1992,67866,24940,2.2968349999999997,-2.581569,DEU,NGA,6994
77,159,1179,1992,84341,0,1.682766,1.2713430000000001,FRA,NGA,6994
81,159,1179,1992,52720,0,1.8901810000000001,0.9274030000000001,GBR,NGA,6994
97,159,1179,1992,185802,0,0.754112,1.911201,HKG,NGA,6994
104,159,1179,1992,307705,0,0.101094,1.6851180000000001,IND,NGA,6994
111,159,1179,1992,8325,0,1.7819,0.981246,ITA,NGA,6994
114,159,1179,1992,679134,0,2.451698,0.875639,JPN,NGA,6994
162,159,1179,1992,10234,0,1.4315069999999999,1.7107450000000002,NLD,NGA,6994
192,159,1179,1992,8465,0,0.95691,0.892702,SGP,NGA,6994
208,159,1179,1992,1546,0,2.2265900000000003,0.999178,SWE,NGA,6994
216,159,1179,1992,119626,0,0.109518,1.486578,THA,NGA,6994
249,159,1179,1992,3000,0,1.3694790000000001,1.6227559999999999,TWN,NGA,6994
15,109,1179,1992,9585,1234,1.975207,0.669388,AUT,ISL,6994
18,109,1179,1992,8597,0,1.449085,1.622957,BEL,ISL,6994
39,109,1179,1992,978,0,0.74703,1.096791,CAN,ISL,6994
41,109,1179,1992,1505,0,2.24952,1.014945,CHE,ISL,6994
53,109,1179,1992,1593,0,1.116966,2.225331,CSK,ISL,6994
61,109,1179,1992,93749,0,2.2968349999999997,-2.581569,DEU,ISL,6994
64,109,1179,1992,21515,0,1.696464,1.365743,DNK,ISL,6994
71,109,1179,1992,1391,0,1.301511,1.730441,ESP,ISL,6994
74,109,1179,1992,10873,0,1.929661,1.3477,FIN,ISL,6994
77,109,1179,1992,5948,0,1.682766,1.2713430000000001,FRA,ISL,6994
81,109,1179,1992,1253,0,1.8901810000000001,0.9274030000000001,GBR,ISL,6994
111,109,1179,1992,14459,0,1.7819,0.981246,ITA,ISL,6994
114,109,1179,1992,41134,0,2.451698,0.875639,JPN,ISL,6994
162,109,1179,1992,84735,0,1.4315069999999999,1.7107450000000002,NLD,ISL,6994
163,109,1179,1992,5725,0,0.877965,0.444983,NOR,ISL,6994
179,109,1179,1992,922,0,0.47505,0.8402860000000001,PRT,ISL,6994
208,109,1179,1992,123292,0,2.2265900000000003,0.999178,SWE,ISL,6994
231,109,1179,1992,58511,0,1.660693,1.289752,USA,ISL,6994
250,109,1179,1992,2195,0,0.989994,0.977453,ANS,ISL,6994
114,1,1179,1992,16859,0,2.451698,0.875639,JPN,AFG,6994
100,26,1179,1992,183864,68714,0.877872,1.726188,HRV,BIH,6994
111,26,1179,1992,11384,0,1.7819,0.981246,ITA,BIH,6994
207,26,1179,1992,15141,6391,1.3270629999999999,1.605534,SVN,BIH,6994
81,40,1179,1992,1221,0,1.8901810000000001,0.9274030000000001,GBR,CCK,6994
14,75,1179,1992,13389,0,0.083812,0.637224,AUS,FJI,6994
43,75,1179,1992,7895,0,0.269411,1.920075,CHN,FJI,6994
81,75,1179,1992,31830,0,1.8901810000000001,0.9274030000000001,GBR,FJI,6994
111,75,1179,1992,7350,0,1.7819,0.981246,ITA,FJI,6994
114,75,1179,1992,31422,0,2.451698,0.875639,JPN,FJI,6994
121,75,1179,1992,1570,0,0.778066,1.3011139999999999,KOR,FJI,6994
153,75,1179,1992,1721,0,0.14268499999999998,0.370079,MYS,FJI,6994
166,75,1179,1992,58374,0,0.41866000000000003,0.580581,NZL,FJI,6994
192,75,1179,1992,14852,0,0.95691,0.892702,SGP,FJI,6994
208,75,1179,1992,1869,0,2.2265900000000003,0.999178,SWE,FJI,6994
216,75,1179,1992,7433,0,0.109518,1.486578,THA,FJI,6994
231,75,1179,1992,11697,7831,1.660693,1.289752,USA,FJI,6994
249,75,1179,1992,1820,0,1.3694790000000001,1.6227559999999999,TWN,FJI,6994
61,78,1179,1992,2719,0,2.2968349999999997,-2.581569,DEU,FRO,6994
64,78,1179,1992,4174,0,1.696464,1.365743,DNK,FRO,6994
111,78,1179,1992,6014,0,1.7819,0.981246,ITA,FRO,6994
114,78,1179,1992,1169,0,2.451698,0.875639,JPN,FRO,6994
208,78,1179,1992,3275,0,2.2265900000000003,0.999178,SWE,FRO,6994
114,79,1179,1992,8497,0,2.451698,0.875639,JPN,FSM,6994
64,92,1179,1992,1837,0,1.696464,1.365743,DNK,GRL,6994
163,92,1179,1992,1695,0,0.877965,0.444983,NOR,GRL,6994
18,101,1179,1992,24443,0,1.449085,1.622957,BEL,HTI,6994
77,101,1179,1992,6047,0,1.682766,1.2713430000000001,FRA,HTI,6994
81,101,1179,1992,14429,0,1.8901810000000001,0.9274030000000001,GBR,HTI,6994
111,118,1179,1992,5878,0,1.7819,0.981246,ITA,KHM,6994
114,118,1179,1992,17826,0,2.451698,0.875639,JPN,KHM,6994
14,119,1179,1992,9708,0,0.083812,0.637224,AUS,KIR,6994
114,119,1179,1992,5569,0,2.451698,0.875639,JPN,KIR,6994
77,123,1179,1992,21969,0,1.682766,1.2713430000000001,FRA,LAO,6994
216,123,1179,1992,11345,0,0.109518,1.486578,THA,LAO,6994
208,132,1179,1992,4296,0,2.2265900000000003,0.999178,SWE,LVA,6994
111,137,1179,1992,5630,0,1.7819,0.981246,ITA,MDV,6994
192,137,1179,1992,4490,0,0.95691,0.892702,SGP,MDV,6994
61,139,1179,1992,1000,0,2.2968349999999997,-2.581569,DEU,MHL,6994
114,139,1179,1992,3206,0,2.451698,0.875639,JPN,MHL,6994
114,146,1179,1992,3514,0,2.451698,0.875639,JPN,MNP,6994
61,148,1179,1992,5018,0,2.2968349999999997,-2.581569,DEU,MRT,6994
71,148,1179,1992,3633,0,1.301511,1.730441,ESP,MRT,6994
77,148,1179,1992,11851,0,1.682766,1.2713430000000001,FRA,MRT,6994
114,148,1179,1992,16180,0,2.451698,0.875639,JPN,MRT,6994
18,156,1179,1992,8376,0,1.449085,1.622957,BEL,NCL,6994
61,156,1179,1992,1000,0,2.2968349999999997,-2.581569,DEU,NCL,6994
77,156,1179,1992,107680,0,1.682766,1.2713430000000001,FRA,NCL,6994
192,156,1179,1992,1099,0,0.95691,0.892702,SGP,NCL,6994
208,156,1179,1992,3286,0,2.2265900000000003,0.999178,SWE,NCL,6994
114,175,1179,1992,1642,0,2.451698,0.875639,JPN,PLW,6994
14,176,1179,1992,138302,0,0.083812,0.637224,AUS,PNG,6994
32,176,1179,1992,1367,0,0.685144,1.5676709999999998,BRA,PNG,6994
114,176,1179,1992,156364,0,2.451698,0.875639,JPN,PNG,6994
153,176,1179,1992,7283,0,0.14268499999999998,0.370079,MYS,PNG,6994
192,176,1179,1992,30844,0,0.95691,0.892702,SGP,PNG,6994
249,176,1179,1992,2000,0,1.3694790000000001,1.6227559999999999,TWN,PNG,6994
18,178,1179,1992,2030,0,1.449085,1.622957,BEL,PRK,6994
61,178,1179,1992,1016,0,2.2968349999999997,-2.581569,DEU,PRK,6994
81,178,1179,1992,2273,0,1.8901810000000001,0.9274030000000001,GBR,PRK,6994
103,178,1179,1992,0,1630,-0.5250670000000001,0.717568,IDN,PRK,6994
104,178,1179,1992,0,1048,0.101094,1.6851180000000001,IND,PRK,6994
114,178,1179,1992,164734,0,2.451698,0.875639,JPN,PRK,6994
188,178,1179,1992,0,17329,0.416315,-0.7342489999999999,SAU,PRK,6994
18,182,1179,1992,7563,0,1.449085,1.622957,BEL,PYF,6994
61,182,1179,1992,1000,0,2.2968349999999997,-2.581569,DEU,PYF,6994
77,182,1179,1992,5679,0,1.682766,1.2713430000000001,FRA,PYF,6994
114,182,1179,1992,4043,0,2.451698,0.875639,JPN,PYF,6994
166,182,1179,1992,63188,0,0.41866000000000003,0.580581,NZL,PYF,6994
14,195,1179,1992,4101,0,0.083812,0.637224,AUS,SLB,6994
61,195,1179,1992,1000,0,2.2968349999999997,-2.581569,DEU,SLB,6994
114,195,1179,1992,1761,0,2.451698,0.875639,JPN,SLB,6994
192,195,1179,1992,2300,0,0.95691,0.892702,SGP,SLB,6994
114,196,1179,1992,18873,0,2.451698,0.875639,JPN,SLE,6994
77,215,1179,1992,13928,0,1.682766,1.2713430000000001,FRA,TGO,6994
114,215,1179,1992,13724,0,2.451698,0.875639,JPN,TGO,6994
114,225,1179,1992,1779,0,2.451698,0.875639,JPN,TUV,6994
15,227,1179,1992,2748,0,1.975207,0.669388,AUT,UGA,6994
39,227,1179,1992,0,13659,0.74703,1.096791,CAN,UGA,6994
61,227,1179,1992,1002,0,2.2968349999999997,-2.581569,DEU,UGA,6994
111,227,1179,1992,2675,0,1.7819,0.981246,ITA,UGA,6994
114,227,1179,1992,14301,0,2.451698,0.875639,JPN,UGA,6994
23,228,1179,1992,0,35072,0.503161,1.871616,BGR,UKR,6994
61,228,1179,1992,22743,0,2.2968349999999997,-2.581569,DEU,UKR,6994
64,228,1179,1992,0,4733,1.696464,1.365743,DNK,UKR,6994
111,228,1179,1992,65556,0,1.7819,0.981246,ITA,UKR,6994
114,228,1179,1992,12737,0,2.451698,0.875639,JPN,UKR,6994
177,228,1179,1992,0,10103,0.581166,2.070795,POL,UKR,6994
166,242,1179,1992,1412,0,0.41866000000000003,0.580581,NZL,WSM,6994
18,17,1179,1992,2989,0,1.449085,1.622957,BEL,BDI,6994
32,17,1179,1992,2756,0,0.685144,1.5676709999999998,BRA,BDI,6994
61,17,1179,1992,2003,0,2.2968349999999997,-2.581569,DEU,BDI,6994
77,17,1179,1992,3782,0,1.682766,1.2713430000000001,FRA,BDI,6994
114,17,1179,1992,23856,0,2.451698,0.875639,JPN,BDI,6994
116,17,1179,1992,27439,0,-0.31818,-0.096856,KEN,BDI,6994
39,21,1179,1992,2777,0,0.74703,1.096791,CAN,BFA,6994
61,21,1179,1992,12051,0,2.2968349999999997,-2.581569,DEU,BFA,6994
77,21,1179,1992,88430,0,1.682766,1.2713430000000001,FRA,BFA,6994
114,21,1179,1992,44908,0,2.451698,0.875639,JPN,BFA,6994
15,28,1179,1992,1188,0,1.975207,0.669388,AUT,BLR,6994
61,28,1179,1992,2064,0,2.2968349999999997,-2.581569,DEU,BLR,6994
185,28,1179,1992,7177,0,0.838817,1.358629,ROU,BLR,6994
81,63,1179,1992,1650,0,1.8901810000000001,0.9274030000000001,GBR,DMA,6994
216,63,1179,1992,0,3269,0.109518,1.486578,THA,DMA,6994
96,82,1179,1992,0,1796,-0.6447689999999999,-0.808177,GUY,GEO,6994
15,84,1179,1992,2187,0,1.975207,0.669388,AUT,GIB,6994
77,84,1179,1992,0,37047,1.682766,1.2713430000000001,FRA,GIB,6994
81,84,1179,1992,1817,0,1.8901810000000001,0.9274030000000001,GBR,GIB,6994
114,84,1179,1992,32810,0,2.451698,0.875639,JPN,GIB,6994
43,87,1179,1992,2439,0,0.269411,1.920075,CHN,GMB,6994
61,87,1179,1992,20009,0,2.2968349999999997,-2.581569,DEU,GMB,6994
114,87,1179,1992,2124,0,2.451698,0.875639,JPN,GMB,6994
18,94,1179,1992,919,0,1.449085,1.622957,BEL,GUF,6994
61,94,1179,1992,5195,0,2.2968349999999997,-2.581569,DEU,GUF,6994
77,94,1179,1992,60586,71979,1.682766,1.2713430000000001,FRA,GUF,6994
61,115,1179,1992,10085,0,2.2968349999999997,-2.581569,DEU,KAZ,6994
185,135,1179,1992,249742,0,0.838817,1.358629,ROU,MDA,6994
77,141,1179,1992,76095,0,1.682766,1.2713430000000001,FRA,MLI,6994
81,141,1179,1992,2592,2034,1.8901810000000001,0.9274030000000001,GBR,MLI,6994
111,141,1179,1992,3026,0,1.7819,0.981246,ITA,MLI,6994
134,141,1179,1992,28133,0,-0.339711,-0.265987,MAR,MLI,6994
191,141,1179,1992,1802,0,-0.43371800000000005,-0.679547,SEN,MLI,6994
43,145,1179,1992,4857,0,0.269411,1.920075,CHN,MNG,6994
15,187,1179,1992,2656,0,1.975207,0.669388,AUT,RWA,6994
18,187,1179,1992,8908,0,1.449085,1.622957,BEL,RWA,6994
61,187,1179,1992,3003,0,2.2968349999999997,-2.581569,DEU,RWA,6994
77,187,1179,1992,2646,0,1.682766,1.2713430000000001,FRA,RWA,6994
111,187,1179,1992,5324,0,1.7819,0.981246,ITA,RWA,6994
114,187,1179,1992,21037,0,2.451698,0.875639,JPN,RWA,6994
116,187,1179,1992,11198,0,-0.31818,-0.096856,KEN,RWA,6994
114,203,1179,1992,5614,0,2.451698,0.875639,JPN,STP,6994
179,203,1179,1992,2286,0,0.47505,0.8402860000000001,PRT,STP,6994
77,214,1179,1992,46564,0,1.682766,1.2713430000000001,FRA,TCD,6994
111,214,1179,1992,14522,0,1.7819,0.981246,ITA,TCD,6994
65,0,1179,1992,13000,0,-0.338979,-0.5049279999999999,DOM,ABW,6994
162,0,1179,1992,4673,0,1.4315069999999999,1.7107450000000002,NLD,ABW,6994
71,5,1179,1992,1296,0,1.301511,1.730441,ESP,AND,6994
162,5,1179,1992,1551,0,1.4315069999999999,1.7107450000000002,NLD,AND,6994
77,38,1179,1992,1889,0,1.682766,1.2713430000000001,FRA,CAF,6994
114,88,1179,1992,2298,0,2.451698,0.875639,JPN,GNB,6994
71,89,1179,1992,9573,0,1.301511,1.730441,ESP,GNQ,6994
114,91,1179,1992,3538,0,2.451698,0.875639,JPN,GRD,6994
61,108,1179,1992,5329,0,2.2968349999999997,-2.581569,DEU,IRQ,6994
39,200,1179,1992,6883,0,0.74703,1.096791,CAN,SPM,6994
77,200,1179,1992,3782,0,1.682766,1.2713430000000001,FRA,SPM,6994
32,3,1179,1992,1277,0,0.685144,1.5676709999999998,BRA,AIA,6994
231,120,1179,1992,7748,0,1.660693,1.289752,USA,KNA,6994
7,18,1184,1992,0,16526,-0.495518,-0.963358,ARE,BEL,7111
14,18,1184,1992,0,108880,0.083812,0.637224,AUS,BEL,7111
15,18,1184,1992,1081933,0,1.975207,0.669388,AUT,BEL,7111
22,18,1184,1992,0,53443,-0.608254,-0.921751,BGD,BEL,7111
24,18,1184,1992,0,182008,0.047396,-0.554517,BHR,BEL,7111
39,18,1184,1992,2913,0,0.74703,1.096791,CAN,BEL,7111
41,18,1184,1992,299066,59456,2.24952,1.014945,CHE,BEL,7111
42,18,1184,1992,15648,0,-0.188106,-0.360151,CHL,BEL,7111
43,18,1184,1992,0,82182,0.269411,1.920075,CHN,BEL,7111
46,18,1184,1992,0,6922,-1.55348,-1.100071,COD,BEL,7111
47,18,1184,1992,0,29462,-2.019876,-1.1048360000000002,COG,BEL,7111
52,18,1184,1992,0,307254,0.11654,0.191873,CRI,BEL,7111
58,18,1184,1992,0,2030,0.471516,0.668776,CYP,BEL,7111
61,18,1184,1992,1127057,513079,2.2968349999999997,-2.581569,DEU,BEL,7111
64,18,1184,1992,179317,212143,1.696464,1.365743,DNK,BEL,7111
67,18,1184,1992,0,16625,-0.815778,-0.9415459999999999,ECU,BEL,7111
68,18,1184,1992,0,47016,-0.102143,-0.17513499999999999,EGY,BEL,7111
71,18,1184,1992,24106914,758756,1.301511,1.730441,ESP,BEL,7111
74,18,1184,1992,0,72477,1.929661,1.3477,FIN,BEL,7111
77,18,1184,1992,2275228,1811814,1.682766,1.2713430000000001,FRA,BEL,7111
81,18,1184,1992,613120,1541597,1.8901810000000001,0.9274030000000001,GBR,BEL,7111
85,18,1184,1992,0,25837,-1.11535,-1.0306,GIN,BEL,7111
90,18,1184,1992,0,304733,0.139504,0.743678,GRC,BEL,7111
93,18,1184,1992,0,1067,-0.031145999999999997,0.48874300000000004,GTM,BEL,7111
97,18,1184,1992,0,46668,0.754112,1.911201,HKG,BEL,7111
102,18,1184,1992,0,24156,0.9144620000000001,2.157041,HUN,BEL,7111
103,18,1184,1992,0,4102,-0.5250670000000001,0.717568,IDN,BEL,7111
104,18,1184,1992,28150,0,0.101094,1.6851180000000001,IND,BEL,7111
106,18,1184,1992,0,155529,1.454172,1.397052,IRL,BEL,7111
110,18,1184,1992,0,3168,1.354362,1.3260530000000001,ISR,BEL,7111
111,18,1184,1992,154670,210285,1.7819,0.981246,ITA,BEL,7111
114,18,1184,1992,1580,53288,2.451698,0.875639,JPN,BEL,7111
121,18,1184,1992,0,229899,0.778066,1.3011139999999999,KOR,BEL,7111
134,18,1184,1992,0,1713,-0.339711,-0.265987,MAR,BEL,7111
138,18,1184,1992,5163,0,0.9039370000000001,0.965842,MEX,BEL,7111
153,18,1184,1992,0,199588,0.14268499999999998,0.370079,MYS,BEL,7111
162,18,1184,1992,459959,1208340,1.4315069999999999,1.7107450000000002,NLD,BEL,7111
163,18,1184,1992,0,68012,0.877965,0.444983,NOR,BEL,7111
177,18,1184,1992,0,3346,0.581166,2.070795,POL,BEL,7111
179,18,1184,1992,2146,350008,0.47505,0.8402860000000001,PRT,BEL,7111
188,18,1184,1992,0,59799,0.416315,-0.7342489999999999,SAU,BEL,7111
190,18,1184,1992,0,390463,-0.930193,-1.02726,SDN,BEL,7111
191,18,1184,1992,0,71811,-0.43371800000000005,-0.679547,SEN,BEL,7111
192,18,1184,1992,0,455490,0.95691,0.892702,SGP,BEL,7111
208,18,1184,1992,198900,56575,2.2265900000000003,0.999178,SWE,BEL,7111
216,18,1184,1992,0,56446,0.109518,1.486578,THA,BEL,7111
223,18,1184,1992,0,61212,0.14482,-0.13608,TUN,BEL,7111
224,18,1184,1992,0,834103,0.160966,1.154796,TUR,BEL,7111
231,18,1184,1992,47299,1024,1.660693,1.289752,USA,BEL,7111
249,18,1184,1992,0,676154,1.3694790000000001,1.6227559999999999,TWN,BEL,7111
231,33,1184,1992,8524,0,1.660693,1.289752,USA,BRB,7111
14,43,1184,1992,2139638,0,0.083812,0.637224,AUS,CHN,7111
15,43,1184,1992,434829,0,1.975207,0.669388,AUT,CHN,7111
18,43,1184,1992,82182,0,1.449085,1.622957,BEL,CHN,7111
22,43,1184,1992,0,109548,-0.608254,-0.921751,BGD,CHN,7111
39,43,1184,1992,317466,0,0.74703,1.096791,CAN,CHN,7111
41,43,1184,1992,42880,0,2.24952,1.014945,CHE,CHN,7111
53,43,1184,1992,334991,0,1.116966,2.225331,CSK,CHN,7111
61,43,1184,1992,1930518,0,2.2968349999999997,-2.581569,DEU,CHN,7111
64,43,1184,1992,1126359,0,1.696464,1.365743,DNK,CHN,7111
71,43,1184,1992,88425,0,1.301511,1.730441,ESP,CHN,7111
74,43,1184,1992,7463,0,1.929661,1.3477,FIN,CHN,7111
77,43,1184,1992,41802,0,1.682766,1.2713430000000001,FRA,CHN,7111
81,43,1184,1992,82373,6988,1.8901810000000001,0.9274030000000001,GBR,CHN,7111
97,43,1184,1992,10999420,700431,0.754112,1.911201,HKG,CHN,7111
103,43,1184,1992,0,17916252,-0.5250670000000001,0.717568,IDN,CHN,7111
111,43,1184,1992,110709,0,1.7819,0.981246,ITA,CHN,7111
112,43,1184,1992,0,25485,-0.200329,-0.595741,JAM,CHN,7111
114,43,1184,1992,1770859,0,2.451698,0.875639,JPN,CHN,7111
121,43,1184,1992,320053,0,0.778066,1.3011139999999999,KOR,CHN,7111
128,43,1184,1992,0,14647,-0.45780600000000005,-0.221948,LKA,CHN,7111
133,43,1184,1992,28160,18280,0.249034,-0.026864,MAC,CHN,7111
138,43,1184,1992,0,3577,0.9039370000000001,0.965842,MEX,CHN,7111
143,43,1184,1992,0,5141,-1.030267,-0.770368,MMR,CHN,7111
145,43,1184,1992,0,22194,-0.151342,-0.680094,MNG,CHN,7111
151,43,1184,1992,2476,42617,-0.249558,-0.643201,MUS,CHN,7111
153,43,1184,1992,153940,10959,0.14268499999999998,0.370079,MYS,CHN,7111
168,43,1184,1992,0,7876404,-0.480152,-0.361705,PAK,CHN,7111
173,43,1184,1992,0,9135,-0.286545,-0.264638,PER,CHN,7111
174,43,1184,1992,0,7042,-0.139761,0.772109,PHL,CHN,7111
178,43,1184,1992,0,6980,0.201042,0.477547,PRK,CHN,7111
186,43,1184,1992,526709,850678,0.071799,0.14036099999999999,RUS,CHN,7111
192,43,1184,1992,609115,245014,0.95691,0.892702,SGP,CHN,7111
208,43,1184,1992,1170919,17370,2.2265900000000003,0.999178,SWE,CHN,7111
216,43,1184,1992,0,41497,0.109518,1.486578,THA,CHN,7111
231,43,1184,1992,1236544,5392,1.660693,1.289752,USA,CHN,7111
246,43,1184,1992,62659,0,0.236335,1.415622,ZAF,CHN,7111
249,43,1184,1992,1186558,0,1.3694790000000001,1.6227559999999999,TWN,CHN,7111
250,43,1184,1992,232750,0,0.989994,0.977453,ANS,CHN,7111
31,49,1184,1992,0,1884052,-0.609826,-0.693473,BOL,COL,7111
52,49,1184,1992,0,1219459,0.11654,0.191873,CRI,COL,7111
53,49,1184,1992,20309,0,1.116966,2.225331,CSK,COL,7111
61,49,1184,1992,5527,0,2.2968349999999997,-2.581569,DEU,COL,7111
67,49,1184,1992,0,128089,-0.815778,-0.9415459999999999,ECU,COL,7111
93,49,1184,1992,0,1846,-0.031145999999999997,0.48874300000000004,GTM,COL,7111
99,49,1184,1992,0,175600,-0.5100640000000001,-0.38205900000000004,HND,COL,7111
111,49,1184,1992,98884,0,1.7819,0.981246,ITA,COL,7111
114,49,1184,1992,8166,0,2.451698,0.875639,JPN,COL,7111
169,49,1184,1992,0,3470,0.289315,0.37247199999999997,PAN,COL,7111
173,49,1184,1992,18019,882361,-0.286545,-0.264638,PER,COL,7111
231,49,1184,1992,1385216,5205620,1.660693,1.289752,USA,COL,7111
236,49,1184,1992,0,2225,-0.106385,-0.65975,VEN,COL,7111
246,49,1184,1992,309121,0,0.236335,1.415622,ZAF,COL,7111
250,49,1184,1992,2492010,0,0.989994,0.977453,ANS,COL,7111
15,52,1184,1992,40755,0,1.975207,0.669388,AUT,CRI,7111
18,52,1184,1992,307254,0,1.449085,1.622957,BEL,CRI,7111
32,52,1184,1992,12076,0,0.685144,1.5676709999999998,BRA,CRI,7111
49,52,1184,1992,1219459,0,0.022895,0.22971799999999998,COL,CRI,7111
71,52,1184,1992,3776,0,1.301511,1.730441,ESP,CRI,7111
81,52,1184,1992,1319,0,1.8901810000000001,0.9274030000000001,GBR,CRI,7111
93,52,1184,1992,0,11858,-0.031145999999999997,0.48874300000000004,GTM,CRI,7111
99,52,1184,1992,0,4940,-0.5100640000000001,-0.38205900000000004,HND,CRI,7111
121,52,1184,1992,2109,0,0.778066,1.3011139999999999,KOR,CRI,7111
169,52,1184,1992,0,1383,0.289315,0.37247199999999997,PAN,CRI,7111
231,52,1184,1992,434936,0,1.660693,1.289752,USA,CRI,7111
7,61,1184,1992,0,11434,-0.495518,-0.963358,ARE,DEU,7111
14,61,1184,1992,0,3991,0.083812,0.637224,AUS,DEU,7111
15,61,1184,1992,6171008,2729875,1.975207,0.669388,AUT,DEU,7111
18,61,1184,1992,513079,1127057,1.449085,1.622957,BEL,DEU,7111
19,61,1184,1992,0,20693,-1.206267,-0.855159,BEN,DEU,7111
22,61,1184,1992,0,373276,-0.608254,-0.921751,BGD,DEU,7111
23,61,1184,1992,0,175021,0.503161,1.871616,BGR,DEU,7111
24,61,1184,1992,0,173687,0.047396,-0.554517,BHR,DEU,7111
29,61,1184,1992,0,10142,-0.06729700000000001,-0.386682,BLZ,DEU,7111
31,61,1184,1992,0,148906,-0.609826,-0.693473,BOL,DEU,7111
32,61,1184,1992,0,1007,0.685144,1.5676709999999998,BRA,DEU,7111
39,61,1184,1992,84950,0,0.74703,1.096791,CAN,DEU,7111
41,61,1184,1992,2829117,10668659,2.24952,1.014945,CHE,DEU,7111
42,61,1184,1992,0,4974,-0.188106,-0.360151,CHL,DEU,7111
43,61,1184,1992,0,1930518,0.269411,1.920075,CHN,DEU,7111
45,61,1184,1992,0,8002,-2.0470759999999997,-1.184491,CMR,DEU,7111
47,61,1184,1992,0,6000,-2.019876,-1.1048360000000002,COG,DEU,7111
49,61,1184,1992,0,5527,0.022895,0.22971799999999998,COL,DEU,7111
53,61,1184,1992,271226,2999660,1.116966,2.225331,CSK,DEU,7111
58,61,1184,1992,0,3993,0.471516,0.668776,CYP,DEU,7111
64,61,1184,1992,4178182,529582,1.696464,1.365743,DNK,DEU,7111
66,61,1184,1992,0,64186,-0.24189699999999997,-0.9399219999999999,DZA,DEU,7111
68,61,1184,1992,0,439846,-0.102143,-0.17513499999999999,EGY,DEU,7111
71,61,1184,1992,459674,844521,1.301511,1.730441,ESP,DEU,7111
72,61,1184,1992,0,235989,0.22019699999999998,0.0198,EST,DEU,7111
73,61,1184,1992,0,66846,-1.036482,-1.078446,ETH,DEU,7111
74,61,1184,1992,0,482187,1.929661,1.3477,FIN,DEU,7111
77,61,1184,1992,1843284,3264351,1.682766,1.2713430000000001,FRA,DEU,7111
81,61,1184,1992,1154733,678228,1.8901810000000001,0.9274030000000001,GBR,DEU,7111
83,61,1184,1992,0,62149,-0.936314,-0.935839,GHA,DEU,7111
90,61,1184,1992,1586,1634000,0.139504,0.743678,GRC,DEU,7111
93,61,1184,1992,0,13196,-0.031145999999999997,0.48874300000000004,GTM,DEU,7111
97,61,1184,1992,0,3492204,0.754112,1.911201,HKG,DEU,7111
99,61,1184,1992,0,6366,-0.5100640000000001,-0.38205900000000004,HND,DEU,7111
100,61,1184,1992,181508,13973,0.877872,1.726188,HRV,DEU,7111
102,61,1184,1992,1072095,921875,0.9144620000000001,2.157041,HUN,DEU,7111
103,61,1184,1992,0,9826932,-0.5250670000000001,0.717568,IDN,DEU,7111
104,61,1184,1992,14645,27788,0.101094,1.6851180000000001,IND,DEU,7111
106,61,1184,1992,11035,19939,1.454172,1.397052,IRL,DEU,7111
107,61,1184,1992,0,5784642,-1.195108,-1.135155,IRN,DEU,7111
110,61,1184,1992,0,288375,1.354362,1.3260530000000001,ISR,DEU,7111
111,61,1184,1992,710159,1323549,1.7819,0.981246,ITA,DEU,7111
112,61,1184,1992,0,74367,-0.200329,-0.595741,JAM,DEU,7111
113,61,1184,1992,0,228136,0.716964,0.5323760000000001,JOR,DEU,7111
114,61,1184,1992,4649,628565,2.451698,0.875639,JPN,DEU,7111
116,61,1184,1992,0,134259,-0.31818,-0.096856,KEN,DEU,7111
121,61,1184,1992,45582,165906,0.778066,1.3011139999999999,KOR,DEU,7111
126,61,1184,1992,0,61246,-0.333309,-0.981883,LBY,DEU,7111
128,61,1184,1992,0,88083,-0.45780600000000005,-0.221948,LKA,DEU,7111
130,61,1184,1992,0,8850,0.7271810000000001,0.482357,LTU,DEU,7111
132,61,1184,1992,0,868018,0.184303,0.022494999999999998,LVA,DEU,7111
133,61,1184,1992,0,25257,0.249034,-0.026864,MAC,DEU,7111
134,61,1184,1992,0,51749,-0.339711,-0.265987,MAR,DEU,7111
138,61,1184,1992,0,18129,0.9039370000000001,0.965842,MEX,DEU,7111
142,61,1184,1992,0,38762,0.828211,0.29226599999999997,MLT,DEU,7111
151,61,1184,1992,0,5862,-0.249558,-0.643201,MUS,DEU,7111
153,61,1184,1992,0,835033,0.14268499999999998,0.370079,MYS,DEU,7111
159,61,1184,1992,0,1063233,-2.275923,-1.178983,NGA,DEU,7111
162,61,1184,1992,879752,6904976,1.4315069999999999,1.7107450000000002,NLD,DEU,7111
163,61,1184,1992,286160,44063,0.877965,0.444983,NOR,DEU,7111
168,61,1184,1992,0,337613,-0.480152,-0.361705,PAK,DEU,7111
169,61,1184,1992,0,49131,0.289315,0.37247199999999997,PAN,DEU,7111
173,61,1184,1992,0,511804,-0.286545,-0.264638,PER,DEU,7111
174,61,1184,1992,0,869267,-0.139761,0.772109,PHL,DEU,7111
177,61,1184,1992,1271834,5746055,0.581166,2.070795,POL,DEU,7111
179,61,1184,1992,1832,164985,0.47505,0.8402860000000001,PRT,DEU,7111
183,61,1184,1992,0,30416,-0.491413,-1.004476,QAT,DEU,7111
185,61,1184,1992,0,3276152,0.838817,1.358629,ROU,DEU,7111
186,61,1184,1992,5658,1157700,0.071799,0.14036099999999999,RUS,DEU,7111
188,61,1184,1992,0,767912,0.416315,-0.7342489999999999,SAU,DEU,7111
189,61,1184,1992,137022,388370,0.9474950000000001,2.442268,SCG,DEU,7111
192,61,1184,1992,5798,571058,0.95691,0.892702,SGP,DEU,7111
195,61,1184,1992,0,60000,-1.491786,-0.9599799999999999,SLB,DEU,7111
196,61,1184,1992,0,47075,-0.877425,-0.798561,SLE,DEU,7111
197,61,1184,1992,0,15195,0.396523,0.47548900000000005,SLV,DEU,7111
205,61,1184,1992,0,23966,-0.9841209999999999,-0.9359129999999999,SUR,DEU,7111
207,61,1184,1992,37661,163763,1.3270629999999999,1.605534,SVN,DEU,7111
208,61,1184,1992,270170,62257,2.2265900000000003,0.999178,SWE,DEU,7111
212,61,1184,1992,0,501224,-0.566724,-0.602446,SYR,DEU,7111
216,61,1184,1992,2567,3369014,0.109518,1.486578,THA,DEU,7111
223,61,1184,1992,82823,237353,0.14482,-0.13608,TUN,DEU,7111
224,61,1184,1992,9251,953190,0.160966,1.154796,TUR,DEU,7111
226,61,1184,1992,0,136036,-1.139271,-0.8235379999999999,TZA,DEU,7111
228,61,1184,1992,0,13439,0.375148,0.23747,UKR,DEU,7111
230,61,1184,1992,0,1222,0.242758,0.711781,URY,DEU,7111
231,61,1184,1992,55208,648829,1.660693,1.289752,USA,DEU,7111
239,61,1184,1992,0,335253,-0.989259,-0.43416099999999996,VNM,DEU,7111
243,61,1184,1992,0,173852,-0.7116020000000001,-0.9852489999999999,YEM,DEU,7111
246,61,1184,1992,0,11225,0.236335,1.415622,ZAF,DEU,7111
247,61,1184,1992,0,43965,-0.9865219999999999,-1.076062,ZMB,DEU,7111
249,61,1184,1992,34679,485257,1.3694790000000001,1.6227559999999999,TWN,DEU,7111
7,64,1184,1992,0,7307,-0.495518,-0.963358,ARE,DNK,7111
18,64,1184,1992,212143,179317,1.449085,1.622957,BEL,DNK,7111
32,64,1184,1992,0,2946,0.685144,1.5676709999999998,BRA,DNK,7111
41,64,1184,1992,73510,43044,2.24952,1.014945,CHE,DNK,7111
43,64,1184,1992,0,1126359,0.269411,1.920075,CHN,DNK,7111
53,64,1184,1992,0,182012,1.116966,2.225331,CSK,DNK,7111
61,64,1184,1992,529582,4178182,2.2968349999999997,-2.581569,DEU,DNK,7111
66,64,1184,1992,0,185180,-0.24189699999999997,-0.9399219999999999,DZA,DNK,7111
68,64,1184,1992,0,209835,-0.102143,-0.17513499999999999,EGY,DNK,7111
74,64,1184,1992,0,465887,1.929661,1.3477,FIN,DNK,7111
77,64,1184,1992,56603,650659,1.682766,1.2713430000000001,FRA,DNK,7111
78,64,1184,1992,0,26038,-0.51381,-0.8512059999999999,FRO,DNK,7111
81,64,1184,1992,106800,1536070,1.8901810000000001,0.9274030000000001,GBR,DNK,7111
92,64,1184,1992,0,413826,-0.692587,-0.859656,GRL,DNK,7111
99,64,1184,1992,0,2038,-0.5100640000000001,-0.38205900000000004,HND,DNK,7111
102,64,1184,1992,0,171989,0.9144620000000001,2.157041,HUN,DNK,7111
106,64,1184,1992,0,101287,1.454172,1.397052,IRL,DNK,7111
109,64,1184,1992,0,61648,-0.076691,-0.630567,ISL,DNK,7111
110,64,1184,1992,0,529917,1.354362,1.3260530000000001,ISR,DNK,7111
111,64,1184,1992,200074,2209321,1.7819,0.981246,ITA,DNK,7111
114,64,1184,1992,1343678,41177,2.451698,0.875639,JPN,DNK,7111
121,64,1184,1992,0,6215843,0.778066,1.3011139999999999,KOR,DNK,7111
142,64,1184,1992,0,5338,0.828211,0.29226599999999997,MLT,DNK,7111
153,64,1184,1992,0,157385,0.14268499999999998,0.370079,MYS,DNK,7111
162,64,1184,1992,52388,171832,1.4315069999999999,1.7107450000000002,NLD,DNK,7111
163,64,1184,1992,23722,300524,0.877965,0.444983,NOR,DNK,7111
167,64,1184,1992,0,9477,-0.906702,-1.0716709999999998,OMN,DNK,7111
168,64,1184,1992,0,818099,-0.480152,-0.361705,PAK,DNK,7111
177,64,1184,1992,0,1654812,0.581166,2.070795,POL,DNK,7111
179,64,1184,1992,0,7943,0.47505,0.8402860000000001,PRT,DNK,7111
185,64,1184,1992,0,28741,0.838817,1.358629,ROU,DNK,7111
186,64,1184,1992,0,246858,0.071799,0.14036099999999999,RUS,DNK,7111
188,64,1184,1992,0,234059,0.416315,-0.7342489999999999,SAU,DNK,7111
192,64,1184,1992,0,383778,0.95691,0.892702,SGP,DNK,7111
208,64,1184,1992,78941,575144,2.2265900000000003,0.999178,SWE,DNK,7111
212,64,1184,1992,0,116362,-0.566724,-0.602446,SYR,DNK,7111
228,64,1184,1992,0,70018,0.375148,0.23747,UKR,DNK,7111
231,64,1184,1992,4784,33741,1.660693,1.289752,USA,DNK,7111
236,64,1184,1992,0,3285,-0.106385,-0.65975,VEN,DNK,7111
248,64,1184,1992,0,9107,-0.11168099999999999,0.143612,ZWE,DNK,7111
32,65,1184,1992,24473,0,0.685144,1.5676709999999998,BRA,DOM,7111
205,65,1184,1992,0,216283,-0.9841209999999999,-0.9359129999999999,SUR,DOM,7111
231,65,1184,1992,571514,0,1.660693,1.289752,USA,DOM,7111
249,65,1184,1992,10000,0,1.3694790000000001,1.6227559999999999,TWN,DOM,7111
5,71,1184,1992,2635,14235,1.4058959999999998,0.830189,AND,ESP,7111
15,71,1184,1992,3629,0,1.975207,0.669388,AUT,ESP,7111
18,71,1184,1992,758756,24106914,1.449085,1.622957,BEL,ESP,7111
39,71,1184,1992,0,14243,0.74703,1.096791,CAN,ESP,7111
41,71,1184,1992,291397,0,2.24952,1.014945,CHE,ESP,7111
42,71,1184,1992,0,67108,-0.188106,-0.360151,CHL,ESP,7111
43,71,1184,1992,0,88425,0.269411,1.920075,CHN,ESP,7111
52,71,1184,1992,0,3776,0.11654,0.191873,CRI,ESP,7111
54,71,1184,1992,0,989489,-0.719011,-1.077984,CUB,ESP,7111
61,71,1184,1992,844521,459674,2.2968349999999997,-2.581569,DEU,ESP,7111
66,71,1184,1992,0,191937,-0.24189699999999997,-0.9399219999999999,DZA,ESP,7111
67,71,1184,1992,0,32830,-0.815778,-0.9415459999999999,ECU,ESP,7111
77,71,1184,1992,827127,326706,1.682766,1.2713430000000001,FRA,ESP,7111
81,71,1184,1992,1210440,54652,1.8901810000000001,0.9274030000000001,GBR,ESP,7111
90,71,1184,1992,1489,10967,0.139504,0.743678,GRC,ESP,7111
93,71,1184,1992,0,17678,-0.031145999999999997,0.48874300000000004,GTM,ESP,7111
97,71,1184,1992,0,3801,0.754112,1.911201,HKG,ESP,7111
103,71,1184,1992,0,294390,-0.5250670000000001,0.717568,IDN,ESP,7111
111,71,1184,1992,1134985,18848,1.7819,0.981246,ITA,ESP,7111
121,71,1184,1992,0,18389,0.778066,1.3011139999999999,KOR,ESP,7111
134,71,1184,1992,6965,169961,-0.339711,-0.265987,MAR,ESP,7111
138,71,1184,1992,0,15614,0.9039370000000001,0.965842,MEX,ESP,7111
153,71,1184,1992,0,177339,0.14268499999999998,0.370079,MYS,ESP,7111
162,71,1184,1992,82424,0,1.4315069999999999,1.7107450000000002,NLD,ESP,7111
163,71,1184,1992,59701,0,0.877965,0.444983,NOR,ESP,7111
166,71,1184,1992,0,106106,0.41866000000000003,0.580581,NZL,ESP,7111
173,71,1184,1992,0,56640,-0.286545,-0.264638,PER,ESP,7111
179,71,1184,1992,93288,258325,0.47505,0.8402860000000001,PRT,ESP,7111
180,71,1184,1992,0,204341,-0.906433,-0.787177,PRY,ESP,7111
185,71,1184,1992,0,138678,0.838817,1.358629,ROU,ESP,7111
186,71,1184,1992,0,237088,0.071799,0.14036099999999999,RUS,ESP,7111
192,71,1184,1992,0,85312,0.95691,0.892702,SGP,ESP,7111
208,71,1184,1992,42449,0,2.2265900000000003,0.999178,SWE,ESP,7111
223,71,1184,1992,0,105854,0.14482,-0.13608,TUN,ESP,7111
231,71,1184,1992,19564,65403,1.660693,1.289752,USA,ESP,7111
236,71,1184,1992,0,29681,-0.106385,-0.65975,VEN,ESP,7111
14,74,1184,1992,0,1930940,0.083812,0.637224,AUS,FIN,7111
18,74,1184,1992,72477,0,1.449085,1.622957,BEL,FIN,7111
23,74,1184,1992,0,4699,0.503161,1.871616,BGR,FIN,7111
28,74,1184,1992,0,5258662,0.6011380000000001,0.450072,BLR,FIN,7111
41,74,1184,1992,69952,2362936,2.24952,1.014945,CHE,FIN,7111
43,74,1184,1992,0,7463,0.269411,1.920075,CHN,FIN,7111
61,74,1184,1992,482187,0,2.2968349999999997,-2.581569,DEU,FIN,7111
64,74,1184,1992,465887,0,1.696464,1.365743,DNK,FIN,7111
77,74,1184,1992,0,119446,1.682766,1.2713430000000001,FRA,FIN,7111
81,74,1184,1992,287868,27290,1.8901810000000001,0.9274030000000001,GBR,FIN,7111
102,74,1184,1992,38119,0,0.9144620000000001,2.157041,HUN,FIN,7111
103,74,1184,1992,0,2864646,-0.5250670000000001,0.717568,IDN,FIN,7111
111,74,1184,1992,19345,72654,1.7819,0.981246,ITA,FIN,7111
130,74,1184,1992,0,741206,0.7271810000000001,0.482357,LTU,FIN,7111
132,74,1184,1992,0,6128,0.184303,0.022494999999999998,LVA,FIN,7111
138,74,1184,1992,0,43864,0.9039370000000001,0.965842,MEX,FIN,7111
162,74,1184,1992,3710,166852,1.4315069999999999,1.7107450000000002,NLD,FIN,7111
168,74,1184,1992,0,15175,-0.480152,-0.361705,PAK,FIN,7111
177,74,1184,1992,0,5111,0.581166,2.070795,POL,FIN,7111
186,74,1184,1992,0,3627734,0.071799,0.14036099999999999,RUS,FIN,7111
192,74,1184,1992,0,9252,0.95691,0.892702,SGP,FIN,7111
208,74,1184,1992,528969,596223,2.2265900000000003,0.999178,SWE,FIN,7111
216,74,1184,1992,0,18315626,0.109518,1.486578,THA,FIN,7111
223,74,1184,1992,0,13360,0.14482,-0.13608,TUN,FIN,7111
224,74,1184,1992,0,58847,0.160966,1.154796,TUR,FIN,7111
228,74,1184,1992,0,1010824,0.375148,0.23747,UKR,FIN,7111
231,74,1184,1992,10619,4775552,1.660693,1.289752,USA,FIN,7111
236,74,1184,1992,0,1000,-0.106385,-0.65975,VEN,FIN,7111
249,74,1184,1992,0,583784,1.3694790000000001,1.6227559999999999,TWN,FIN,7111
2,77,1184,1992,0,3405,-1.90642,-1.061544,AGO,FRA,7111
5,77,1184,1992,0,74814,1.4058959999999998,0.830189,AND,FRA,7111
15,77,1184,1992,60530,74975,1.975207,0.669388,AUT,FRA,7111
18,77,1184,1992,1811814,2275228,1.449085,1.622957,BEL,FRA,7111
19,77,1184,1992,0,24519,-1.206267,-0.855159,BEN,FRA,7111
21,77,1184,1992,0,4743,-1.176898,-1.092949,BFA,FRA,7111
32,77,1184,1992,0,20539,0.685144,1.5676709999999998,BRA,FRA,7111
34,77,1184,1992,0,4379,-1.142722,-0.818717,BRN,FRA,7111
41,77,1184,1992,1592169,19433604,2.24952,1.014945,CHE,FRA,7111
42,77,1184,1992,0,17705,-0.188106,-0.360151,CHL,FRA,7111
43,77,1184,1992,0,41802,0.269411,1.920075,CHN,FRA,7111
44,77,1184,1992,0,37562,-1.689731,-1.070179,CIV,FRA,7111
45,77,1184,1992,0,551855,-2.0470759999999997,-1.184491,CMR,FRA,7111
50,77,1184,1992,0,54291,-0.5867220000000001,-0.8257620000000001,COM,FRA,7111
53,77,1184,1992,5332,7028,1.116966,2.225331,CSK,FRA,7111
58,77,1184,1992,0,37631,0.471516,0.668776,CYP,FRA,7111
61,77,1184,1992,3264351,1843284,2.2968349999999997,-2.581569,DEU,FRA,7111
64,77,1184,1992,650659,56603,1.696464,1.365743,DNK,FRA,7111
66,77,1184,1992,0,8461,-0.24189699999999997,-0.9399219999999999,DZA,FRA,7111
68,77,1184,1992,0,9383,-0.102143,-0.17513499999999999,EGY,FRA,7111
71,77,1184,1992,326706,827127,1.301511,1.730441,ESP,FRA,7111
74,77,1184,1992,119446,0,1.929661,1.3477,FIN,FRA,7111
81,77,1184,1992,869602,229372,1.8901810000000001,0.9274030000000001,GBR,FRA,7111
86,77,1184,1992,0,143765,0.68221,-0.319682,GLP,FRA,7111
94,77,1184,1992,0,77520,0.9797959999999999,0.125384,GUF,FRA,7111
103,77,1184,1992,0,281057,-0.5250670000000001,0.717568,IDN,FRA,7111
106,77,1184,1992,0,1275,1.454172,1.397052,IRL,FRA,7111
107,77,1184,1992,0,128994,-1.195108,-1.135155,IRN,FRA,7111
110,77,1184,1992,0,20468,1.354362,1.3260530000000001,ISR,FRA,7111
111,77,1184,1992,1726882,1195156,1.7819,0.981246,ITA,FRA,7111
113,77,1184,1992,0,122395,0.716964,0.5323760000000001,JOR,FRA,7111
114,77,1184,1992,19930,0,2.451698,0.875639,JPN,FRA,7111
116,77,1184,1992,0,2616,-0.31818,-0.096856,KEN,FRA,7111
127,77,1184,1992,0,17773,0.199639,-0.28238,LCA,FRA,7111
134,77,1184,1992,0,975839,-0.339711,-0.265987,MAR,FRA,7111
136,77,1184,1992,0,103664,-0.977873,-0.743187,MDG,FRA,7111
138,77,1184,1992,0,580966,0.9039370000000001,0.965842,MEX,FRA,7111
141,77,1184,1992,0,32802,-0.9495790000000001,-1.028165,MLI,FRA,7111
148,77,1184,1992,0,21371,-1.270091,-1.116622,MRT,FRA,7111
150,77,1184,1992,5693,45431,0.70167,-0.075327,MTQ,FRA,7111
151,77,1184,1992,0,1827,-0.249558,-0.643201,MUS,FRA,7111
156,77,1184,1992,0,28386,-1.284672,-0.9233870000000001,NCL,FRA,7111
159,77,1184,1992,0,1341,-2.275923,-1.178983,NGA,FRA,7111
162,77,1184,1992,54394,147900,1.4315069999999999,1.7107450000000002,NLD,FRA,7111
163,77,1184,1992,14616,3072,0.877965,0.444983,NOR,FRA,7111
174,77,1184,1992,0,63844,-0.139761,0.772109,PHL,FRA,7111
177,77,1184,1992,0,310327,0.581166,2.070795,POL,FRA,7111
179,77,1184,1992,0,229181,0.47505,0.8402860000000001,PRT,FRA,7111
184,77,1184,1992,86686,370240,0.251216,-0.448812,REU,FRA,7111
185,77,1184,1992,0,137192,0.838817,1.358629,ROU,FRA,7111
186,77,1184,1992,0,32323,0.071799,0.14036099999999999,RUS,FRA,7111
188,77,1184,1992,0,11454,0.416315,-0.7342489999999999,SAU,FRA,7111
191,77,1184,1992,0,10761,-0.43371800000000005,-0.679547,SEN,FRA,7111
192,77,1184,1992,0,191897,0.95691,0.892702,SGP,FRA,7111
208,77,1184,1992,399337,9236,2.2265900000000003,0.999178,SWE,FRA,7111
212,77,1184,1992,0,1803,-0.566724,-0.602446,SYR,FRA,7111
214,77,1184,1992,0,905167,-1.2855530000000002,-0.869568,TCD,FRA,7111
215,77,1184,1992,0,64248,-1.199292,-1.082889,TGO,FRA,7111
216,77,1184,1992,0,135191,0.109518,1.486578,THA,FRA,7111
223,77,1184,1992,0,514371,0.14482,-0.13608,TUN,FRA,7111
224,77,1184,1992,0,121554,0.160966,1.154796,TUR,FRA,7111
231,77,1184,1992,10001,97805,1.660693,1.289752,USA,FRA,7111
236,77,1184,1992,0,1028,-0.106385,-0.65975,VEN,FRA,7111
246,77,1184,1992,0,21669,0.236335,1.415622,ZAF,FRA,7111
249,77,1184,1992,0,430177,1.3694790000000001,1.6227559999999999,TWN,FRA,7111
250,77,1184,1992,5010,0,0.989994,0.977453,ANS,FRA,7111
7,81,1184,1992,17050,208147,-0.495518,-0.963358,ARE,GBR,7111
14,81,1184,1992,0,111582,0.083812,0.637224,AUS,GBR,7111
15,81,1184,1992,5279,25847,1.975207,0.669388,AUT,GBR,7111
18,81,1184,1992,1541597,613120,1.449085,1.622957,BEL,GBR,7111
21,81,1184,1992,0,73884,-1.176898,-1.092949,BFA,GBR,7111
22,81,1184,1992,0,49339,-0.608254,-0.921751,BGD,GBR,7111
29,81,1184,1992,0,13801,-0.06729700000000001,-0.386682,BLZ,GBR,7111
30,81,1184,1992,0,155553,0.302027,-0.450866,BMU,GBR,7111
32,81,1184,1992,0,5992,0.685144,1.5676709999999998,BRA,GBR,7111
34,81,1184,1992,0,1313,-1.142722,-0.818717,BRN,GBR,7111
39,81,1184,1992,28133,535702,0.74703,1.096791,CAN,GBR,7111
41,81,1184,1992,217982,21787,2.24952,1.014945,CHE,GBR,7111
42,81,1184,1992,0,109119,-0.188106,-0.360151,CHL,GBR,7111
43,81,1184,1992,6988,82373,0.269411,1.920075,CHN,GBR,7111
46,81,1184,1992,0,6156,-1.55348,-1.100071,COD,GBR,7111
52,81,1184,1992,0,1319,0.11654,0.191873,CRI,GBR,7111
58,81,1184,1992,0,273077,0.471516,0.668776,CYP,GBR,7111
61,81,1184,1992,678228,1154733,2.2968349999999997,-2.581569,DEU,GBR,7111
64,81,1184,1992,1536070,106800,1.696464,1.365743,DNK,GBR,7111
66,81,1184,1992,0,114064,-0.24189699999999997,-0.9399219999999999,DZA,GBR,7111
67,81,1184,1992,0,1558,-0.815778,-0.9415459999999999,ECU,GBR,7111
68,81,1184,1992,0,177845,-0.102143,-0.17513499999999999,EGY,GBR,7111
71,81,1184,1992,54652,1210440,1.301511,1.730441,ESP,GBR,7111
74,81,1184,1992,27290,287868,1.929661,1.3477,FIN,GBR,7111
76,81,1184,1992,0,7484,1.4858149999999999,0.324821,FLK,GBR,7111
77,81,1184,1992,229372,869602,1.682766,1.2713430000000001,FRA,GBR,7111
83,81,1184,1992,0,537847,-0.936314,-0.935839,GHA,GBR,7111
84,81,1184,1992,0,3519,1.356823,0.656416,GIB,GBR,7111
87,81,1184,1992,0,14356,-1.4704190000000001,-0.940117,GMB,GBR,7111
90,81,1184,1992,0,706809,0.139504,0.743678,GRC,GBR,7111
97,81,1184,1992,5607,806251,0.754112,1.911201,HKG,GBR,7111
102,81,1184,1992,3518,36507,0.9144620000000001,2.157041,HUN,GBR,7111
103,81,1184,1992,0,308967,-0.5250670000000001,0.717568,IDN,GBR,7111
104,81,1184,1992,49499,829824,0.101094,1.6851180000000001,IND,GBR,7111
106,81,1184,1992,345913,2383631,1.454172,1.397052,IRL,GBR,7111
107,81,1184,1992,0,112494,-1.195108,-1.135155,IRN,GBR,7111
109,81,1184,1992,0,124352,-0.076691,-0.630567,ISL,GBR,7111
110,81,1184,1992,39535,2814,1.354362,1.3260530000000001,ISR,GBR,7111
111,81,1184,1992,929966,767221,1.7819,0.981246,ITA,GBR,7111
113,81,1184,1992,0,138100,0.716964,0.5323760000000001,JOR,GBR,7111
114,81,1184,1992,7703,515269,2.451698,0.875639,JPN,GBR,7111
116,81,1184,1992,0,201308,-0.31818,-0.096856,KEN,GBR,7111
121,81,1184,1992,0,15831,0.778066,1.3011139999999999,KOR,GBR,7111
122,81,1184,1992,0,76430,-1.2360950000000002,-1.061771,KWT,GBR,7111
126,81,1184,1992,0,84996,-0.333309,-0.981883,LBY,GBR,7111
128,81,1184,1992,0,28041,-0.45780600000000005,-0.221948,LKA,GBR,7111
133,81,1184,1992,0,82428,0.249034,-0.026864,MAC,GBR,7111
134,81,1184,1992,0,31024,-0.339711,-0.265987,MAR,GBR,7111
138,81,1184,1992,0,114784,0.9039370000000001,0.965842,MEX,GBR,7111
142,81,1184,1992,0,83619,0.828211,0.29226599999999997,MLT,GBR,7111
151,81,1184,1992,0,34022,-0.249558,-0.643201,MUS,GBR,7111
153,81,1184,1992,0,487244,0.14268499999999998,0.370079,MYS,GBR,7111
159,81,1184,1992,0,1254695,-2.275923,-1.178983,NGA,GBR,7111
160,81,1184,1992,0,27454,-0.214083,-0.111615,NIC,GBR,7111
162,81,1184,1992,929430,680121,1.4315069999999999,1.7107450000000002,NLD,GBR,7111
163,81,1184,1992,11062,7475434,0.877965,0.444983,NOR,GBR,7111
164,81,1184,1992,1712,0,-0.604018,-0.677756,NPL,GBR,7111
166,81,1184,1992,0,18259,0.41866000000000003,0.580581,NZL,GBR,7111
167,81,1184,1992,3917,29766,-0.906702,-1.0716709999999998,OMN,GBR,7111
168,81,1184,1992,0,1357640,-0.480152,-0.361705,PAK,GBR,7111
177,81,1184,1992,77685,296213,0.581166,2.070795,POL,GBR,7111
179,81,1184,1992,12723,59292,0.47505,0.8402860000000001,PRT,GBR,7111
183,81,1184,1992,0,100184,-0.491413,-1.004476,QAT,GBR,7111
184,81,1184,1992,0,17118,0.251216,-0.448812,REU,GBR,7111
185,81,1184,1992,0,39144,0.838817,1.358629,ROU,GBR,7111
186,81,1184,1992,0,175370,0.071799,0.14036099999999999,RUS,GBR,7111
188,81,1184,1992,0,114698,0.416315,-0.7342489999999999,SAU,GBR,7111
190,81,1184,1992,0,195728,-0.930193,-1.02726,SDN,GBR,7111
192,81,1184,1992,17914,972855,0.95691,0.892702,SGP,GBR,7111
197,81,1184,1992,0,20499,0.396523,0.47548900000000005,SLV,GBR,7111
208,81,1184,1992,164942,96761,2.2265900000000003,0.999178,SWE,GBR,7111
216,81,1184,1992,18288,352408,0.109518,1.486578,THA,GBR,7111
223,81,1184,1992,0,2925,0.14482,-0.13608,TUN,GBR,7111
224,81,1184,1992,3530,9531,0.160966,1.154796,TUR,GBR,7111
226,81,1184,1992,0,358717,-1.139271,-0.8235379999999999,TZA,GBR,7111
227,81,1184,1992,0,61839,-1.264399,-1.0359450000000001,UGA,GBR,7111
231,81,1184,1992,1196572,645168,1.660693,1.289752,USA,GBR,7111
236,81,1184,1992,0,4905738,-0.106385,-0.65975,VEN,GBR,7111
239,81,1184,1992,0,80836,-0.989259,-0.43416099999999996,VNM,GBR,7111
243,81,1184,1992,0,85600,-0.7116020000000001,-0.9852489999999999,YEM,GBR,7111
246,81,1184,1992,0,361569,0.236335,1.415622,ZAF,GBR,7111
248,81,1184,1992,0,33825,-0.11168099999999999,0.143612,ZWE,GBR,7111
249,81,1184,1992,0,104219,1.3694790000000001,1.6227559999999999,TWN,GBR,7111
18,93,1184,1992,1067,0,1.449085,1.622957,BEL,GTM,7111
49,93,1184,1992,1846,0,0.022895,0.22971799999999998,COL,GTM,7111
52,93,1184,1992,11858,0,0.11654,0.191873,CRI,GTM,7111
61,93,1184,1992,13196,0,2.2968349999999997,-2.581569,DEU,GTM,7111
71,93,1184,1992,17678,0,1.301511,1.730441,ESP,GTM,7111
99,93,1184,1992,2911,0,-0.5100640000000001,-0.38205900000000004,HND,GTM,7111
111,93,1184,1992,30720,0,1.7819,0.981246,ITA,GTM,7111
121,93,1184,1992,22515,0,0.778066,1.3011139999999999,KOR,GTM,7111
138,93,1184,1992,445481,0,0.9039370000000001,0.965842,MEX,GTM,7111
160,93,1184,1992,0,26013,-0.214083,-0.111615,NIC,GTM,7111
169,93,1184,1992,0,3208,0.289315,0.37247199999999997,PAN,GTM,7111
231,93,1184,1992,2243924,0,1.660693,1.289752,USA,GTM,7111
7,97,1184,1992,0,24761,-0.495518,-0.963358,ARE,HKG,7111
14,97,1184,1992,148677,0,0.083812,0.637224,AUS,HKG,7111
15,97,1184,1992,8224,0,1.975207,0.669388,AUT,HKG,7111
18,97,1184,1992,46668,0,1.449085,1.622957,BEL,HKG,7111
22,97,1184,1992,0,172182,-0.608254,-0.921751,BGD,HKG,7111
24,97,1184,1992,0,6718,0.047396,-0.554517,BHR,HKG,7111
30,97,1184,1992,0,1162,0.302027,-0.450866,BMU,HKG,7111
34,97,1184,1992,12830,0,-1.142722,-0.818717,BRN,HKG,7111
39,97,1184,1992,39129,1795,0.74703,1.096791,CAN,HKG,7111
41,97,1184,1992,5757,0,2.24952,1.014945,CHE,HKG,7111
43,97,1184,1992,700431,10999420,0.269411,1.920075,CHN,HKG,7111
61,97,1184,1992,3492204,0,2.2968349999999997,-2.581569,DEU,HKG,7111
71,97,1184,1992,3801,0,1.301511,1.730441,ESP,HKG,7111
81,97,1184,1992,806251,5607,1.8901810000000001,0.9274030000000001,GBR,HKG,7111
83,97,1184,1992,0,11606,-0.936314,-0.935839,GHA,HKG,7111
103,97,1184,1992,0,105171,-0.5250670000000001,0.717568,IDN,HKG,7111
104,97,1184,1992,2677,43290,0.101094,1.6851180000000001,IND,HKG,7111
110,97,1184,1992,4604,0,1.354362,1.3260530000000001,ISR,HKG,7111
111,97,1184,1992,30131,22266,1.7819,0.981246,ITA,HKG,7111
114,97,1184,1992,3650087,0,2.451698,0.875639,JPN,HKG,7111
116,97,1184,1992,0,8706,-0.31818,-0.096856,KEN,HKG,7111
121,97,1184,1992,10590,0,0.778066,1.3011139999999999,KOR,HKG,7111
123,97,1184,1992,0,1163,-1.03711,-1.114235,LAO,HKG,7111
128,97,1184,1992,0,71667,-0.45780600000000005,-0.221948,LKA,HKG,7111
133,97,1184,1992,0,526386,0.249034,-0.026864,MAC,HKG,7111
134,97,1184,1992,0,19245,-0.339711,-0.265987,MAR,HKG,7111
136,97,1184,1992,0,19471,-0.977873,-0.743187,MDG,HKG,7111
143,97,1184,1992,0,35813,-1.030267,-0.770368,MMR,HKG,7111
145,97,1184,1992,0,66604,-0.151342,-0.680094,MNG,HKG,7111
151,97,1184,1992,0,29029,-0.249558,-0.643201,MUS,HKG,7111
153,97,1184,1992,0,6269,0.14268499999999998,0.370079,MYS,HKG,7111
164,97,1184,1992,0,14360,-0.604018,-0.677756,NPL,HKG,7111
167,97,1184,1992,0,1663,-0.906702,-1.0716709999999998,OMN,HKG,7111
174,97,1184,1992,0,17825,-0.139761,0.772109,PHL,HKG,7111
178,97,1184,1992,0,4651,0.201042,0.477547,PRK,HKG,7111
188,97,1184,1992,0,11396,0.416315,-0.7342489999999999,SAU,HKG,7111
192,97,1184,1992,2954,3448,0.95691,0.892702,SGP,HKG,7111
208,97,1184,1992,728039,0,2.2265900000000003,0.999178,SWE,HKG,7111
216,97,1184,1992,2852,31920,0.109518,1.486578,THA,HKG,7111
231,97,1184,1992,3757752,2317,1.660693,1.289752,USA,HKG,7111
236,97,1184,1992,0,15496,-0.106385,-0.65975,VEN,HKG,7111
239,97,1184,1992,0,46210,-0.989259,-0.43416099999999996,VNM,HKG,7111
242,97,1184,1992,0,8670,-0.130773,-0.751247,WSM,HKG,7111
246,97,1184,1992,0,13200,0.236335,1.415622,ZAF,HKG,7111
248,97,1184,1992,0,3124,-0.11168099999999999,0.143612,ZWE,HKG,7111
249,97,1184,1992,4668132,4259,1.3694790000000001,1.6227559999999999,TWN,HKG,7111
250,97,1184,1992,0,30108,0.989994,0.977453,ANS,HKG,7111
32,99,1184,1992,23908,0,0.685144,1.5676709999999998,BRA,HND,7111
49,99,1184,1992,175600,0,0.022895,0.22971799999999998,COL,HND,7111
52,99,1184,1992,4940,0,0.11654,0.191873,CRI,HND,7111
61,99,1184,1992,6366,0,2.2968349999999997,-2.581569,DEU,HND,7111
64,99,1184,1992,2038,0,1.696464,1.365743,DNK,HND,7111
93,99,1184,1992,0,2911,-0.031145999999999997,0.48874300000000004,GTM,HND,7111
114,99,1184,1992,15722,0,2.451698,0.875639,JPN,HND,7111
121,99,1184,1992,25611,0,0.778066,1.3011139999999999,KOR,HND,7111
138,99,1184,1992,1117,0,0.9039370000000001,0.965842,MEX,HND,7111
153,99,1184,1992,61057,0,0.14268499999999998,0.370079,MYS,HND,7111
162,99,1184,1992,800,0,1.4315069999999999,1.7107450000000002,NLD,HND,7111
169,99,1184,1992,66491,0,0.289315,0.37247199999999997,PAN,HND,7111
197,99,1184,1992,1592,0,0.396523,0.47548900000000005,SLV,HND,7111
231,99,1184,1992,130301,0,1.660693,1.289752,USA,HND,7111
15,106,1184,1992,18560,0,1.975207,0.669388,AUT,IRL,7111
18,106,1184,1992,155529,0,1.449085,1.622957,BEL,IRL,7111
41,106,1184,1992,21980,0,2.24952,1.014945,CHE,IRL,7111
61,106,1184,1992,19939,11035,2.2968349999999997,-2.581569,DEU,IRL,7111
64,106,1184,1992,101287,0,1.696464,1.365743,DNK,IRL,7111
77,106,1184,1992,1275,0,1.682766,1.2713430000000001,FRA,IRL,7111
81,106,1184,1992,2383631,345913,1.8901810000000001,0.9274030000000001,GBR,IRL,7111
111,106,1184,1992,207797,0,1.7819,0.981246,ITA,IRL,7111
162,106,1184,1992,0,17410,1.4315069999999999,1.7107450000000002,NLD,IRL,7111
189,106,1184,1992,188229,0,0.9474950000000001,2.442268,SCG,IRL,7111
208,106,1184,1992,272593,0,2.2265900000000003,0.999178,SWE,IRL,7111
231,106,1184,1992,2797,11989,1.660693,1.289752,USA,IRL,7111
2,111,1184,1992,0,104477,-1.90642,-1.061544,AGO,ITA,7111
4,111,1184,1992,0,15260,-0.24194200000000002,-0.395524,ALB,ITA,7111
8,111,1184,1992,0,40574,0.043179,0.553408,ARG,ITA,7111
14,111,1184,1992,0,78291,0.083812,0.637224,AUS,ITA,7111
15,111,1184,1992,17135,251671,1.975207,0.669388,AUT,ITA,7111
18,111,1184,1992,210285,154670,1.449085,1.622957,BEL,ITA,7111
23,111,1184,1992,0,31784,0.503161,1.871616,BGR,ITA,7111
31,111,1184,1992,0,1240,-0.609826,-0.693473,BOL,ITA,7111
32,111,1184,1992,0,54166,0.685144,1.5676709999999998,BRA,ITA,7111
34,111,1184,1992,0,43952,-1.142722,-0.818717,BRN,ITA,7111
41,111,1184,1992,720138,698074,2.24952,1.014945,CHE,ITA,7111
42,111,1184,1992,0,155413,-0.188106,-0.360151,CHL,ITA,7111
43,111,1184,1992,0,110709,0.269411,1.920075,CHN,ITA,7111
49,111,1184,1992,0,98884,0.022895,0.22971799999999998,COL,ITA,7111
53,111,1184,1992,0,2113,1.116966,2.225331,CSK,ITA,7111
54,111,1184,1992,0,104067,-0.719011,-1.077984,CUB,ITA,7111
58,111,1184,1992,0,59631,0.471516,0.668776,CYP,ITA,7111
61,111,1184,1992,1323549,710159,2.2968349999999997,-2.581569,DEU,ITA,7111
64,111,1184,1992,2209321,200074,1.696464,1.365743,DNK,ITA,7111
66,111,1184,1992,0,920148,-0.24189699999999997,-0.9399219999999999,DZA,ITA,7111
68,111,1184,1992,0,2069708,-0.102143,-0.17513499999999999,EGY,ITA,7111
71,111,1184,1992,18848,1134985,1.301511,1.730441,ESP,ITA,7111
73,111,1184,1992,0,30993,-1.036482,-1.078446,ETH,ITA,7111
74,111,1184,1992,72654,19345,1.929661,1.3477,FIN,ITA,7111
77,111,1184,1992,1195156,1726882,1.682766,1.2713430000000001,FRA,ITA,7111
81,111,1184,1992,767221,929966,1.8901810000000001,0.9274030000000001,GBR,ITA,7111
90,111,1184,1992,52475,954504,0.139504,0.743678,GRC,ITA,7111
93,111,1184,1992,0,30720,-0.031145999999999997,0.48874300000000004,GTM,ITA,7111
97,111,1184,1992,22266,30131,0.754112,1.911201,HKG,ITA,7111
100,111,1184,1992,0,24302,0.877872,1.726188,HRV,ITA,7111
102,111,1184,1992,0,490574,0.9144620000000001,2.157041,HUN,ITA,7111
104,111,1184,1992,0,3149,0.101094,1.6851180000000001,IND,ITA,7111
106,111,1184,1992,0,207797,1.454172,1.397052,IRL,ITA,7111
107,111,1184,1992,0,2572902,-1.195108,-1.135155,IRN,ITA,7111
109,111,1184,1992,0,1568,-0.076691,-0.630567,ISL,ITA,7111
110,111,1184,1992,0,158380,1.354362,1.3260530000000001,ISR,ITA,7111
114,111,1184,1992,37659,95081,2.451698,0.875639,JPN,ITA,7111
116,111,1184,1992,0,15801,-0.31818,-0.096856,KEN,ITA,7111
117,111,1184,1992,0,62922,0.71368,-0.330817,KGZ,ITA,7111
121,111,1184,1992,0,49964,0.778066,1.3011139999999999,KOR,ITA,7111
126,111,1184,1992,0,246966,-0.333309,-0.981883,LBY,ITA,7111
128,111,1184,1992,0,3511,-0.45780600000000005,-0.221948,LKA,ITA,7111
134,111,1184,1992,0,39460,-0.339711,-0.265987,MAR,ITA,7111
135,111,1184,1992,0,15283,0.637534,0.04142,MDA,ITA,7111
136,111,1184,1992,0,42120,-0.977873,-0.743187,MDG,ITA,7111
138,111,1184,1992,0,106857,0.9039370000000001,0.965842,MEX,ITA,7111
142,111,1184,1992,16872,50757,0.828211,0.29226599999999997,MLT,ITA,7111
151,111,1184,1992,0,11854,-0.249558,-0.643201,MUS,ITA,7111
153,111,1184,1992,0,42420,0.14268499999999998,0.370079,MYS,ITA,7111
159,111,1184,1992,0,1235601,-2.275923,-1.178983,NGA,ITA,7111
160,111,1184,1992,0,4114,-0.214083,-0.111615,NIC,ITA,7111
162,111,1184,1992,46424,120739,1.4315069999999999,1.7107450000000002,NLD,ITA,7111
166,111,1184,1992,0,43620,0.41866000000000003,0.580581,NZL,ITA,7111
168,111,1184,1992,0,76119,-0.480152,-0.361705,PAK,ITA,7111
169,111,1184,1992,0,4806,0.289315,0.37247199999999997,PAN,ITA,7111
173,111,1184,1992,0,2259,-0.286545,-0.264638,PER,ITA,7111
177,111,1184,1992,0,169420,0.581166,2.070795,POL,ITA,7111
179,111,1184,1992,0,171536,0.47505,0.8402860000000001,PRT,ITA,7111
183,111,1184,1992,0,296019,-0.491413,-1.004476,QAT,ITA,7111
185,111,1184,1992,0,117309,0.838817,1.358629,ROU,ITA,7111
186,111,1184,1992,0,7715,0.071799,0.14036099999999999,RUS,ITA,7111
188,111,1184,1992,0,6227818,0.416315,-0.7342489999999999,SAU,ITA,7111
189,111,1184,1992,0,51272,0.9474950000000001,2.442268,SCG,ITA,7111
191,111,1184,1992,0,14041,-0.43371800000000005,-0.679547,SEN,ITA,7111
192,111,1184,1992,0,77357,0.95691,0.892702,SGP,ITA,7111
207,111,1184,1992,0,85058,1.3270629999999999,1.605534,SVN,ITA,7111
208,111,1184,1992,1663433,21320,2.2265900000000003,0.999178,SWE,ITA,7111
212,111,1184,1992,0,26120,-0.566724,-0.602446,SYR,ITA,7111
216,111,1184,1992,0,148135,0.109518,1.486578,THA,ITA,7111
223,111,1184,1992,5953,1321255,0.14482,-0.13608,TUN,ITA,7111
224,111,1184,1992,0,147248,0.160966,1.154796,TUR,ITA,7111
230,111,1184,1992,0,8207,0.242758,0.711781,URY,ITA,7111
231,111,1184,1992,123015,166207,1.660693,1.289752,USA,ITA,7111
236,111,1184,1992,0,88875,-0.106385,-0.65975,VEN,ITA,7111
239,111,1184,1992,0,825251,-0.989259,-0.43416099999999996,VNM,ITA,7111
246,111,1184,1992,0,21617,0.236335,1.415622,ZAF,ITA,7111
248,111,1184,1992,0,7371,-0.11168099999999999,0.143612,ZWE,ITA,7111
249,111,1184,1992,0,196345,1.3694790000000001,1.6227559999999999,TWN,ITA,7111
250,111,1184,1992,0,1219,0.989994,0.977453,ANS,ITA,7111
7,121,1184,1992,0,45997,-0.495518,-0.963358,ARE,KOR,7111
8,121,1184,1992,0,1262,0.043179,0.553408,ARG,KOR,7111
18,121,1184,1992,229899,0,1.449085,1.622957,BEL,KOR,7111
22,121,1184,1992,0,169283,-0.608254,-0.921751,BGD,KOR,7111
41,121,1184,1992,9830,0,2.24952,1.014945,CHE,KOR,7111
42,121,1184,1992,0,34698,-0.188106,-0.360151,CHL,KOR,7111
43,121,1184,1992,0,320053,0.269411,1.920075,CHN,KOR,7111
52,121,1184,1992,0,2109,0.11654,0.191873,CRI,KOR,7111
61,121,1184,1992,165906,45582,2.2968349999999997,-2.581569,DEU,KOR,7111
63,121,1184,1992,0,89958,0.9006850000000001,-0.055001999999999995,DMA,KOR,7111
64,121,1184,1992,6215843,0,1.696464,1.365743,DNK,KOR,7111
68,121,1184,1992,0,183117,-0.102143,-0.17513499999999999,EGY,KOR,7111
71,121,1184,1992,18389,0,1.301511,1.730441,ESP,KOR,7111
75,121,1184,1992,0,40480,-0.573887,-0.6382680000000001,FJI,KOR,7111
81,121,1184,1992,15831,0,1.8901810000000001,0.9274030000000001,GBR,KOR,7111
93,121,1184,1992,0,22515,-0.031145999999999997,0.48874300000000004,GTM,KOR,7111
97,121,1184,1992,0,10590,0.754112,1.911201,HKG,KOR,7111
99,121,1184,1992,0,25611,-0.5100640000000001,-0.38205900000000004,HND,KOR,7111
103,121,1184,1992,0,2394561,-0.5250670000000001,0.717568,IDN,KOR,7111
107,121,1184,1992,0,69000,-1.195108,-1.135155,IRN,KOR,7111
111,121,1184,1992,49964,0,1.7819,0.981246,ITA,KOR,7111
114,121,1184,1992,20106746,1930,2.451698,0.875639,JPN,KOR,7111
127,121,1184,1992,0,1528,0.199639,-0.28238,LCA,KOR,7111
128,121,1184,1992,0,13854,-0.45780600000000005,-0.221948,LKA,KOR,7111
138,121,1184,1992,0,54747,0.9039370000000001,0.965842,MEX,KOR,7111
153,121,1184,1992,0,3292466,0.14268499999999998,0.370079,MYS,KOR,7111
162,121,1184,1992,0,2635,1.4315069999999999,1.7107450000000002,NLD,KOR,7111
163,121,1184,1992,14492,0,0.877965,0.444983,NOR,KOR,7111
168,121,1184,1992,0,185528,-0.480152,-0.361705,PAK,KOR,7111
174,121,1184,1992,0,64664,-0.139761,0.772109,PHL,KOR,7111
179,121,1184,1992,0,200642,0.47505,0.8402860000000001,PRT,KOR,7111
180,121,1184,1992,0,24323,-0.906433,-0.787177,PRY,KOR,7111
188,121,1184,1992,0,1502490,0.416315,-0.7342489999999999,SAU,KOR,7111
192,121,1184,1992,1718564,16325,0.95691,0.892702,SGP,KOR,7111
208,121,1184,1992,4871680,0,2.2265900000000003,0.999178,SWE,KOR,7111
216,121,1184,1992,0,189750,0.109518,1.486578,THA,KOR,7111
224,121,1184,1992,0,2549,0.160966,1.154796,TUR,KOR,7111
231,121,1184,1992,890297,0,1.660693,1.289752,USA,KOR,7111
239,121,1184,1992,0,84539,-0.989259,-0.43416099999999996,VNM,KOR,7111
246,121,1184,1992,2092475,0,0.236335,1.415622,ZAF,KOR,7111
249,121,1184,1992,29238,1398229,1.3694790000000001,1.6227559999999999,TWN,KOR,7111
250,121,1184,1992,0,14457,0.989994,0.977453,ANS,KOR,7111
14,153,1184,1992,11176,0,0.083812,0.637224,AUS,MYS,7111
18,153,1184,1992,199588,0,1.449085,1.622957,BEL,MYS,7111
22,153,1184,1992,0,99947,-0.608254,-0.921751,BGD,MYS,7111
34,153,1184,1992,0,1590,-1.142722,-0.818717,BRN,MYS,7111
41,153,1184,1992,43037,0,2.24952,1.014945,CHE,MYS,7111
43,153,1184,1992,10959,153940,0.269411,1.920075,CHN,MYS,7111
61,153,1184,1992,835033,0,2.2968349999999997,-2.581569,DEU,MYS,7111
64,153,1184,1992,157385,0,1.696464,1.365743,DNK,MYS,7111
68,153,1184,1992,0,133999,-0.102143,-0.17513499999999999,EGY,MYS,7111
71,153,1184,1992,177339,0,1.301511,1.730441,ESP,MYS,7111
81,153,1184,1992,487244,0,1.8901810000000001,0.9274030000000001,GBR,MYS,7111
97,153,1184,1992,6269,0,0.754112,1.911201,HKG,MYS,7111
99,153,1184,1992,0,61057,-0.5100640000000001,-0.38205900000000004,HND,MYS,7111
103,153,1184,1992,0,1132692,-0.5250670000000001,0.717568,IDN,MYS,7111
104,153,1184,1992,2358882,0,0.101094,1.6851180000000001,IND,MYS,7111
111,153,1184,1992,42420,0,1.7819,0.981246,ITA,MYS,7111
114,153,1184,1992,4017002,0,2.451698,0.875639,JPN,MYS,7111
118,153,1184,1992,0,155634,-1.036685,-1.149364,KHM,MYS,7111
121,153,1184,1992,3292466,0,0.778066,1.3011139999999999,KOR,MYS,7111
128,153,1184,1992,0,347558,-0.45780600000000005,-0.221948,LKA,MYS,7111
192,153,1184,1992,968849,1325664,0.95691,0.892702,SGP,MYS,7111
208,153,1184,1992,8369,0,2.2265900000000003,0.999178,SWE,MYS,7111
216,153,1184,1992,11863,31721,0.109518,1.486578,THA,MYS,7111
231,153,1184,1992,53950,2854,1.660693,1.289752,USA,MYS,7111
249,153,1184,1992,1049463,0,1.3694790000000001,1.6227559999999999,TWN,MYS,7111
6,162,1184,1992,24680,0,0.258484,-0.47236000000000006,ANT,NLD,7111
14,162,1184,1992,0,24188,0.083812,0.637224,AUS,NLD,7111
15,162,1184,1992,12420,159630,1.975207,0.669388,AUT,NLD,7111
18,162,1184,1992,1208340,459959,1.449085,1.622957,BEL,NLD,7111
39,162,1184,1992,0,1305252,0.74703,1.096791,CAN,NLD,7111
41,162,1184,1992,1333340,3527,2.24952,1.014945,CHE,NLD,7111
53,162,1184,1992,0,98188,1.116966,2.225331,CSK,NLD,7111
61,162,1184,1992,6904976,879752,2.2968349999999997,-2.581569,DEU,NLD,7111
64,162,1184,1992,171832,52388,1.696464,1.365743,DNK,NLD,7111
67,162,1184,1992,0,2287,-0.815778,-0.9415459999999999,ECU,NLD,7111
68,162,1184,1992,0,16924,-0.102143,-0.17513499999999999,EGY,NLD,7111
71,162,1184,1992,0,82424,1.301511,1.730441,ESP,NLD,7111
74,162,1184,1992,166852,3710,1.929661,1.3477,FIN,NLD,7111
77,162,1184,1992,147900,54394,1.682766,1.2713430000000001,FRA,NLD,7111
81,162,1184,1992,680121,929430,1.8901810000000001,0.9274030000000001,GBR,NLD,7111
99,162,1184,1992,0,800,-0.5100640000000001,-0.38205900000000004,HND,NLD,7111
102,162,1184,1992,0,146043,0.9144620000000001,2.157041,HUN,NLD,7111
106,162,1184,1992,17410,0,1.454172,1.397052,IRL,NLD,7111
109,162,1184,1992,0,3071,-0.076691,-0.630567,ISL,NLD,7111
110,162,1184,1992,0,8018,1.354362,1.3260530000000001,ISR,NLD,7111
111,162,1184,1992,120739,46424,1.7819,0.981246,ITA,NLD,7111
114,162,1184,1992,43037,523494,2.451698,0.875639,JPN,NLD,7111
121,162,1184,1992,2635,0,0.778066,1.3011139999999999,KOR,NLD,7111
142,162,1184,1992,0,8692,0.828211,0.29226599999999997,MLT,NLD,7111
159,162,1184,1992,0,22198,-2.275923,-1.178983,NGA,NLD,7111
163,162,1184,1992,0,139523,0.877965,0.444983,NOR,NLD,7111
167,162,1184,1992,0,59599,-0.906702,-1.0716709999999998,OMN,NLD,7111
177,162,1184,1992,0,128229,0.581166,2.070795,POL,NLD,7111
179,162,1184,1992,5915,38024,0.47505,0.8402860000000001,PRT,NLD,7111
185,162,1184,1992,0,2223,0.838817,1.358629,ROU,NLD,7111
190,162,1184,1992,0,3188,-0.930193,-1.02726,SDN,NLD,7111
205,162,1184,1992,0,157546,-0.9841209999999999,-0.9359129999999999,SUR,NLD,7111
208,162,1184,1992,356516,9697,2.2265900000000003,0.999178,SWE,NLD,7111
212,162,1184,1992,0,28887,-0.566724,-0.602446,SYR,NLD,7111
216,162,1184,1992,0,1317975,0.109518,1.486578,THA,NLD,7111
223,162,1184,1992,0,14928,0.14482,-0.13608,TUN,NLD,7111
224,162,1184,1992,0,77286,0.160966,1.154796,TUR,NLD,7111
231,162,1184,1992,135826,20396,1.660693,1.289752,USA,NLD,7111
18,163,1184,1992,68012,0,1.449085,1.622957,BEL,NOR,7111
39,163,1184,1992,0,56458,0.74703,1.096791,CAN,NOR,7111
41,163,1184,1992,146994,0,2.24952,1.014945,CHE,NOR,7111
42,163,1184,1992,0,117938,-0.188106,-0.360151,CHL,NOR,7111
61,163,1184,1992,44063,286160,2.2968349999999997,-2.581569,DEU,NOR,7111
64,163,1184,1992,300524,23722,1.696464,1.365743,DNK,NOR,7111
71,163,1184,1992,0,59701,1.301511,1.730441,ESP,NOR,7111
77,163,1184,1992,3072,14616,1.682766,1.2713430000000001,FRA,NOR,7111
81,163,1184,1992,7475434,11062,1.8901810000000001,0.9274030000000001,GBR,NOR,7111
109,163,1184,1992,0,29927,-0.076691,-0.630567,ISL,NOR,7111
121,163,1184,1992,0,14492,0.778066,1.3011139999999999,KOR,NOR,7111
160,163,1184,1992,0,20950,-0.214083,-0.111615,NIC,NOR,7111
162,163,1184,1992,139523,0,1.4315069999999999,1.7107450000000002,NLD,NOR,7111
177,163,1184,1992,0,42597,0.581166,2.070795,POL,NOR,7111
186,163,1184,1992,0,3636311,0.071799,0.14036099999999999,RUS,NOR,7111
208,163,1184,1992,688310,209014,2.2265900000000003,0.999178,SWE,NOR,7111
216,163,1184,1992,0,24201,0.109518,1.486578,THA,NOR,7111
8,169,1184,1992,20489,0,0.043179,0.553408,ARG,PAN,7111
49,169,1184,1992,3470,0,0.022895,0.22971799999999998,COL,PAN,7111
52,169,1184,1992,1383,0,0.11654,0.191873,CRI,PAN,7111
61,169,1184,1992,49131,0,2.2968349999999997,-2.581569,DEU,PAN,7111
90,169,1184,1992,65478,0,0.139504,0.743678,GRC,PAN,7111
93,169,1184,1992,3208,0,-0.031145999999999997,0.48874300000000004,GTM,PAN,7111
99,169,1184,1992,0,66491,-0.5100640000000001,-0.38205900000000004,HND,PAN,7111
111,169,1184,1992,4806,0,1.7819,0.981246,ITA,PAN,7111
114,169,1184,1992,1776,0,2.451698,0.875639,JPN,PAN,7111
138,169,1184,1992,894,0,0.9039370000000001,0.965842,MEX,PAN,7111
173,169,1184,1992,0,29957,-0.286545,-0.264638,PER,PAN,7111
208,169,1184,1992,2657,0,2.2265900000000003,0.999178,SWE,PAN,7111
231,169,1184,1992,225861,0,1.660693,1.289752,USA,PAN,7111
250,169,1184,1992,5350,0,0.989994,0.977453,ANS,PAN,7111
14,174,1184,1992,91293,0,0.083812,0.637224,AUS,PHL,7111
41,174,1184,1992,3204,0,2.24952,1.014945,CHE,PHL,7111
43,174,1184,1992,7042,0,0.269411,1.920075,CHN,PHL,7111
61,174,1184,1992,869267,0,2.2968349999999997,-2.581569,DEU,PHL,7111
77,174,1184,1992,63844,0,1.682766,1.2713430000000001,FRA,PHL,7111
97,174,1184,1992,17825,0,0.754112,1.911201,HKG,PHL,7111
114,174,1184,1992,2320972,0,2.451698,0.875639,JPN,PHL,7111
121,174,1184,1992,64664,0,0.778066,1.3011139999999999,KOR,PHL,7111
192,174,1184,1992,9982,0,0.95691,0.892702,SGP,PHL,7111
208,174,1184,1992,4840,0,2.2265900000000003,0.999178,SWE,PHL,7111
216,174,1184,1992,62737,0,0.109518,1.486578,THA,PHL,7111
231,174,1184,1992,1670645,12754844,1.660693,1.289752,USA,PHL,7111
249,174,1184,1992,1023832,0,1.3694790000000001,1.6227559999999999,TWN,PHL,7111
2,179,1184,1992,0,175624,-1.90642,-1.061544,AGO,PRT,7111
18,179,1184,1992,350008,2146,1.449085,1.622957,BEL,PRT,7111
41,179,1184,1992,69642,0,2.24952,1.014945,CHE,PRT,7111
61,179,1184,1992,164985,1832,2.2968349999999997,-2.581569,DEU,PRT,7111
64,179,1184,1992,7943,0,1.696464,1.365743,DNK,PRT,7111
71,179,1184,1992,258325,93288,1.301511,1.730441,ESP,PRT,7111
77,179,1184,1992,229181,0,1.682766,1.2713430000000001,FRA,PRT,7111
81,179,1184,1992,59292,12723,1.8901810000000001,0.9274030000000001,GBR,PRT,7111
111,179,1184,1992,171536,0,1.7819,0.981246,ITA,PRT,7111
121,179,1184,1992,200642,0,0.778066,1.3011139999999999,KOR,PRT,7111
134,179,1184,1992,0,70653,-0.339711,-0.265987,MAR,PRT,7111
147,179,1184,1992,0,55332,-0.119653,-0.28381100000000004,MOZ,PRT,7111
162,179,1184,1992,38024,5915,1.4315069999999999,1.7107450000000002,NLD,PRT,7111
208,179,1184,1992,544597,0,2.2265900000000003,0.999178,SWE,PRT,7111
231,179,1184,1992,287112,0,1.660693,1.289752,USA,PRT,7111
39,222,1184,1992,76502,0,0.74703,1.096791,CAN,TTO,7111
231,222,1184,1992,64925,0,1.660693,1.289752,USA,TTO,7111
0,231,1184,1992,0,24551,-0.260923,-0.700814,ABW,USA,7111
6,231,1184,1992,0,73952,0.258484,-0.47236000000000006,ANT,USA,7111
7,231,1184,1992,0,83750,-0.495518,-0.963358,ARE,USA,7111
8,231,1184,1992,0,143827,0.043179,0.553408,ARG,USA,7111
14,231,1184,1992,0,92479,0.083812,0.637224,AUS,USA,7111
18,231,1184,1992,1024,47299,1.449085,1.622957,BEL,USA,7111
22,231,1184,1992,0,97898,-0.608254,-0.921751,BGD,USA,7111
24,231,1184,1992,0,140223,0.047396,-0.554517,BHR,USA,7111
25,231,1184,1992,0,161420,0.181088,-0.591638,BHS,USA,7111
29,231,1184,1992,0,6276,-0.06729700000000001,-0.386682,BLZ,USA,7111
31,231,1184,1992,0,4463,-0.609826,-0.693473,BOL,USA,7111
32,231,1184,1992,0,565288,0.685144,1.5676709999999998,BRA,USA,7111
33,231,1184,1992,0,8524,0.9121950000000001,0.413592,BRB,USA,7111
39,231,1184,1992,12287552,10838474,0.74703,1.096791,CAN,USA,7111
41,231,1184,1992,1975,12586,2.24952,1.014945,CHE,USA,7111
42,231,1184,1992,0,2135398,-0.188106,-0.360151,CHL,USA,7111
43,231,1184,1992,5392,1236544,0.269411,1.920075,CHN,USA,7111
44,231,1184,1992,0,3909,-1.689731,-1.070179,CIV,USA,7111
49,231,1184,1992,5205620,1385216,0.022895,0.22971799999999998,COL,USA,7111
52,231,1184,1992,0,434936,0.11654,0.191873,CRI,USA,7111
58,231,1184,1992,0,4437,0.471516,0.668776,CYP,USA,7111
61,231,1184,1992,648829,55208,2.2968349999999997,-2.581569,DEU,USA,7111
64,231,1184,1992,33741,4784,1.696464,1.365743,DNK,USA,7111
65,231,1184,1992,0,571514,-0.338979,-0.5049279999999999,DOM,USA,7111
67,231,1184,1992,0,928296,-0.815778,-0.9415459999999999,ECU,USA,7111
68,231,1184,1992,0,471998,-0.102143,-0.17513499999999999,EGY,USA,7111
71,231,1184,1992,65403,19564,1.301511,1.730441,ESP,USA,7111
74,231,1184,1992,4775552,10619,1.929661,1.3477,FIN,USA,7111
77,231,1184,1992,97805,10001,1.682766,1.2713430000000001,FRA,USA,7111
81,231,1184,1992,645168,1196572,1.8901810000000001,0.9274030000000001,GBR,USA,7111
83,231,1184,1992,0,1619300,-0.936314,-0.935839,GHA,USA,7111
90,231,1184,1992,0,121149,0.139504,0.743678,GRC,USA,7111
91,231,1184,1992,0,13349,0.224073,-0.42973500000000003,GRD,USA,7111
93,231,1184,1992,0,2243924,-0.031145999999999997,0.48874300000000004,GTM,USA,7111
96,231,1184,1992,0,11073,-0.6447689999999999,-0.808177,GUY,USA,7111
97,231,1184,1992,2317,3757752,0.754112,1.911201,HKG,USA,7111
99,231,1184,1992,0,130301,-0.5100640000000001,-0.38205900000000004,HND,USA,7111
103,231,1184,1992,0,307290,-0.5250670000000001,0.717568,IDN,USA,7111
104,231,1184,1992,168810,0,0.101094,1.6851180000000001,IND,USA,7111
106,231,1184,1992,11989,2797,1.454172,1.397052,IRL,USA,7111
110,231,1184,1992,0,150357,1.354362,1.3260530000000001,ISR,USA,7111
111,231,1184,1992,166207,123015,1.7819,0.981246,ITA,USA,7111
112,231,1184,1992,0,6831,-0.200329,-0.595741,JAM,USA,7111
113,231,1184,1992,0,86276,0.716964,0.5323760000000001,JOR,USA,7111
114,231,1184,1992,15941,129678,2.451698,0.875639,JPN,USA,7111
116,231,1184,1992,0,65383,-0.31818,-0.096856,KEN,USA,7111
120,231,1184,1992,0,4535,0.542355,-0.37078,KNA,USA,7111
121,231,1184,1992,0,890297,0.778066,1.3011139999999999,KOR,USA,7111
122,231,1184,1992,0,397214,-1.2360950000000002,-1.061771,KWT,USA,7111
124,231,1184,1992,0,48949,0.186135,0.800906,LBN,USA,7111
127,231,1184,1992,0,22012,0.199639,-0.28238,LCA,USA,7111
128,231,1184,1992,0,109543,-0.45780600000000005,-0.221948,LKA,USA,7111
133,231,1184,1992,0,25409,0.249034,-0.026864,MAC,USA,7111
138,231,1184,1992,6869,4026685,0.9039370000000001,0.965842,MEX,USA,7111
142,231,1184,1992,0,1119,0.828211,0.29226599999999997,MLT,USA,7111
151,231,1184,1992,0,7186,-0.249558,-0.643201,MUS,USA,7111
153,231,1184,1992,2854,53950,0.14268499999999998,0.370079,MYS,USA,7111
160,231,1184,1992,0,254043,-0.214083,-0.111615,NIC,USA,7111
162,231,1184,1992,20396,135826,1.4315069999999999,1.7107450000000002,NLD,USA,7111
168,231,1184,1992,0,22433,-0.480152,-0.361705,PAK,USA,7111
169,231,1184,1992,0,225861,0.289315,0.37247199999999997,PAN,USA,7111
173,231,1184,1992,0,1254394,-0.286545,-0.264638,PER,USA,7111
174,231,1184,1992,12754844,1670645,-0.139761,0.772109,PHL,USA,7111
177,231,1184,1992,0,35783,0.581166,2.070795,POL,USA,7111
179,231,1184,1992,0,287112,0.47505,0.8402860000000001,PRT,USA,7111
180,231,1184,1992,0,25947,-0.906433,-0.787177,PRY,USA,7111
186,231,1184,1992,0,8544,0.071799,0.14036099999999999,RUS,USA,7111
188,231,1184,1992,0,161322,0.416315,-0.7342489999999999,SAU,USA,7111
192,231,1184,1992,0,628675,0.95691,0.892702,SGP,USA,7111
197,231,1184,1992,0,699048,0.396523,0.47548900000000005,SLV,USA,7111
205,231,1184,1992,2874,428355,-0.9841209999999999,-0.9359129999999999,SUR,USA,7111
208,231,1184,1992,30700,0,2.2265900000000003,0.999178,SWE,USA,7111
212,231,1184,1992,0,46392,-0.566724,-0.602446,SYR,USA,7111
216,231,1184,1992,0,3336495,0.109518,1.486578,THA,USA,7111
222,231,1184,1992,0,64925,0.43506000000000006,-0.43233599999999994,TTO,USA,7111
224,231,1184,1992,0,21361,0.160966,1.154796,TUR,USA,7111
230,231,1184,1992,0,20652,0.242758,0.711781,URY,USA,7111
236,231,1184,1992,0,216321,-0.106385,-0.65975,VEN,USA,7111
246,231,1184,1992,0,970401,0.236335,1.415622,ZAF,USA,7111
249,231,1184,1992,17608,6005698,1.3694790000000001,1.6227559999999999,TWN,USA,7111
18,14,1184,1992,108880,0,1.449085,1.622957,BEL,AUS,7111
41,14,1184,1992,33303,0,2.24952,1.014945,CHE,AUS,7111
42,14,1184,1992,0,49528,-0.188106,-0.360151,CHL,AUS,7111
43,14,1184,1992,0,2139638,0.269411,1.920075,CHN,AUS,7111
61,14,1184,1992,3991,0,2.2968349999999997,-2.581569,DEU,AUS,7111
74,14,1184,1992,1930940,0,1.929661,1.3477,FIN,AUS,7111
81,14,1184,1992,111582,0,1.8901810000000001,0.9274030000000001,GBR,AUS,7111
83,14,1184,1992,0,3567,-0.936314,-0.935839,GHA,AUS,7111
97,14,1184,1992,0,148677,0.754112,1.911201,HKG,AUS,7111
103,14,1184,1992,0,9258,-0.5250670000000001,0.717568,IDN,AUS,7111
110,14,1184,1992,0,5350,1.354362,1.3260530000000001,ISR,AUS,7111
111,14,1184,1992,78291,0,1.7819,0.981246,ITA,AUS,7111
114,14,1184,1992,1728,5527,2.451698,0.875639,JPN,AUS,7111
128,14,1184,1992,0,161912,-0.45780600000000005,-0.221948,LKA,AUS,7111
142,14,1184,1992,0,8383,0.828211,0.29226599999999997,MLT,AUS,7111
153,14,1184,1992,0,11176,0.14268499999999998,0.370079,MYS,AUS,7111
162,14,1184,1992,24188,0,1.4315069999999999,1.7107450000000002,NLD,AUS,7111
166,14,1184,1992,298351,0,0.41866000000000003,0.580581,NZL,AUS,7111
174,14,1184,1992,0,91293,-0.139761,0.772109,PHL,AUS,7111
176,14,1184,1992,0,42515,-1.602221,-1.058247,PNG,AUS,7111
192,14,1184,1992,1178,72370,0.95691,0.892702,SGP,AUS,7111
208,14,1184,1992,28718,0,2.2265900000000003,0.999178,SWE,AUS,7111
216,14,1184,1992,0,29766,0.109518,1.486578,THA,AUS,7111
231,14,1184,1992,92479,0,1.660693,1.289752,USA,AUS,7111
249,14,1184,1992,0,8386,1.3694790000000001,1.6227559999999999,TWN,AUS,7111
7,15,1184,1992,0,2016312,-0.495518,-0.963358,ARE,AUT,7111
18,15,1184,1992,0,1081933,1.449085,1.622957,BEL,AUT,7111
23,15,1184,1992,0,485557,0.503161,1.871616,BGR,AUT,7111
26,15,1184,1992,0,9486,0.76031,1.212207,BIH,AUT,7111
41,15,1184,1992,374644,893307,2.24952,1.014945,CHE,AUT,7111
42,15,1184,1992,0,35825,-0.188106,-0.360151,CHL,AUT,7111
43,15,1184,1992,0,434829,0.269411,1.920075,CHN,AUT,7111
52,15,1184,1992,0,40755,0.11654,0.191873,CRI,AUT,7111
53,15,1184,1992,4538,6228032,1.116966,2.225331,CSK,AUT,7111
58,15,1184,1992,0,1019147,0.471516,0.668776,CYP,AUT,7111
61,15,1184,1992,2729875,6171008,2.2968349999999997,-2.581569,DEU,AUT,7111
71,15,1184,1992,0,3629,1.301511,1.730441,ESP,AUT,7111
77,15,1184,1992,74975,60530,1.682766,1.2713430000000001,FRA,AUT,7111
81,15,1184,1992,25847,5279,1.8901810000000001,0.9274030000000001,GBR,AUT,7111
90,15,1184,1992,0,48697,0.139504,0.743678,GRC,AUT,7111
97,15,1184,1992,0,8224,0.754112,1.911201,HKG,AUT,7111
100,15,1184,1992,0,233854,0.877872,1.726188,HRV,AUT,7111
102,15,1184,1992,40420,496323,0.9144620000000001,2.157041,HUN,AUT,7111
103,15,1184,1992,0,2859845,-0.5250670000000001,0.717568,IDN,AUT,7111
104,15,1184,1992,0,899,0.101094,1.6851180000000001,IND,AUT,7111
106,15,1184,1992,0,18560,1.454172,1.397052,IRL,AUT,7111
107,15,1184,1992,0,6515124,-1.195108,-1.135155,IRN,AUT,7111
111,15,1184,1992,251671,17135,1.7819,0.981246,ITA,AUT,7111
142,15,1184,1992,0,77765,0.828211,0.29226599999999997,MLT,AUT,7111
159,15,1184,1992,0,89674,-2.275923,-1.178983,NGA,AUT,7111
162,15,1184,1992,159630,12420,1.4315069999999999,1.7107450000000002,NLD,AUT,7111
177,15,1184,1992,59836,545563,0.581166,2.070795,POL,AUT,7111
185,15,1184,1992,0,732305,0.838817,1.358629,ROU,AUT,7111
186,15,1184,1992,0,396049,0.071799,0.14036099999999999,RUS,AUT,7111
189,15,1184,1992,0,2531,0.9474950000000001,2.442268,SCG,AUT,7111
190,15,1184,1992,0,13491,-0.930193,-1.02726,SDN,AUT,7111
207,15,1184,1992,118365,115876,1.3270629999999999,1.605534,SVN,AUT,7111
208,15,1184,1992,11722,0,2.2265900000000003,0.999178,SWE,AUT,7111
216,15,1184,1992,0,9574743,0.109518,1.486578,THA,AUT,7111
224,15,1184,1992,0,20305964,0.160966,1.154796,TUR,AUT,7111
228,15,1184,1992,0,7752,0.375148,0.23747,UKR,AUT,7111
18,22,1184,1992,53443,0,1.449085,1.622957,BEL,BGD,7111
43,22,1184,1992,109548,0,0.269411,1.920075,CHN,BGD,7111
61,22,1184,1992,373276,0,2.2968349999999997,-2.581569,DEU,BGD,7111
81,22,1184,1992,49339,0,1.8901810000000001,0.9274030000000001,GBR,BGD,7111
97,22,1184,1992,172182,0,0.754112,1.911201,HKG,BGD,7111
104,22,1184,1992,609055,0,0.101094,1.6851180000000001,IND,BGD,7111
114,22,1184,1992,110535,0,2.451698,0.875639,JPN,BGD,7111
121,22,1184,1992,169283,0,0.778066,1.3011139999999999,KOR,BGD,7111
153,22,1184,1992,99947,0,0.14268499999999998,0.370079,MYS,BGD,7111
177,22,1184,1992,13359,0,0.581166,2.070795,POL,BGD,7111
186,22,1184,1992,1455319,0,0.071799,0.14036099999999999,RUS,BGD,7111
192,22,1184,1992,130745,0,0.95691,0.892702,SGP,BGD,7111
231,22,1184,1992,97898,0,1.660693,1.289752,USA,BGD,7111
249,22,1184,1992,12420,0,1.3694790000000001,1.6227559999999999,TWN,BGD,7111
15,23,1184,1992,485557,0,1.975207,0.669388,AUT,BGR,7111
41,23,1184,1992,1299,0,2.24952,1.014945,CHE,BGR,7111
53,23,1184,1992,17126,0,1.116966,2.225331,CSK,BGR,7111
61,23,1184,1992,175021,0,2.2968349999999997,-2.581569,DEU,BGR,7111
74,23,1184,1992,4699,0,1.929661,1.3477,FIN,BGR,7111
90,23,1184,1992,8572,13488,0.139504,0.743678,GRC,BGR,7111
111,23,1184,1992,31784,0,1.7819,0.981246,ITA,BGR,7111
186,23,1184,1992,38436,0,0.071799,0.14036099999999999,RUS,BGR,7111
189,23,1184,1992,4282,0,0.9474950000000001,2.442268,SCG,BGR,7111
228,23,1184,1992,56562,0,0.375148,0.23747,UKR,BGR,7111
18,39,1184,1992,0,2913,1.449085,1.622957,BEL,CAN,7111
42,39,1184,1992,0,277309,-0.188106,-0.360151,CHL,CAN,7111
43,39,1184,1992,0,317466,0.269411,1.920075,CHN,CAN,7111
61,39,1184,1992,0,84950,2.2968349999999997,-2.581569,DEU,CAN,7111
71,39,1184,1992,14243,0,1.301511,1.730441,ESP,CAN,7111
81,39,1184,1992,535702,28133,1.8901810000000001,0.9274030000000001,GBR,CAN,7111
83,39,1184,1992,0,3344,-0.936314,-0.935839,GHA,CAN,7111
90,39,1184,1992,0,46710,0.139504,0.743678,GRC,CAN,7111
97,39,1184,1992,1795,39129,0.754112,1.911201,HKG,CAN,7111
103,39,1184,1992,0,677360,-0.5250670000000001,0.717568,IDN,CAN,7111
112,39,1184,1992,0,11228,-0.200329,-0.595741,JAM,CAN,7111
114,39,1184,1992,4651,0,2.451698,0.875639,JPN,CAN,7111
122,39,1184,1992,0,4005,-1.2360950000000002,-1.061771,KWT,CAN,7111
134,39,1184,1992,0,18201,-0.339711,-0.265987,MAR,CAN,7111
138,39,1184,1992,321767,45793,0.9039370000000001,0.965842,MEX,CAN,7111
157,39,1184,1992,1208552,0,0.056698,-0.6624770000000001,NER,CAN,7111
162,39,1184,1992,1305252,0,1.4315069999999999,1.7107450000000002,NLD,CAN,7111
163,39,1184,1992,56458,0,0.877965,0.444983,NOR,CAN,7111
173,39,1184,1992,0,2231,-0.286545,-0.264638,PER,CAN,7111
186,39,1184,1992,0,111027,0.071799,0.14036099999999999,RUS,CAN,7111
189,39,1184,1992,0,11915730,0.9474950000000001,2.442268,SCG,CAN,7111
200,39,1184,1992,0,19328,-0.49168900000000004,-0.812567,SPM,CAN,7111
208,39,1184,1992,16059,0,2.2265900000000003,0.999178,SWE,CAN,7111
212,39,1184,1992,0,55188,-0.566724,-0.602446,SYR,CAN,7111
216,39,1184,1992,0,216780,0.109518,1.486578,THA,CAN,7111
222,39,1184,1992,0,76502,0.43506000000000006,-0.43233599999999994,TTO,CAN,7111
230,39,1184,1992,0,1760,0.242758,0.711781,URY,CAN,7111
231,39,1184,1992,10838474,12287552,1.660693,1.289752,USA,CAN,7111
236,39,1184,1992,0,114218,-0.106385,-0.65975,VEN,CAN,7111
246,39,1184,1992,0,1916,0.236335,1.415622,ZAF,CAN,7111
249,39,1184,1992,5080,15671824,1.3694790000000001,1.6227559999999999,TWN,CAN,7111
14,41,1184,1992,0,33303,0.083812,0.637224,AUS,CHE,7111
15,41,1184,1992,893307,374644,1.975207,0.669388,AUT,CHE,7111
18,41,1184,1992,59456,299066,1.449085,1.622957,BEL,CHE,7111
23,41,1184,1992,0,1299,0.503161,1.871616,BGR,CHE,7111
42,41,1184,1992,0,10327,-0.188106,-0.360151,CHL,CHE,7111
43,41,1184,1992,0,42880,0.269411,1.920075,CHN,CHE,7111
53,41,1184,1992,0,8505,1.116966,2.225331,CSK,CHE,7111
61,41,1184,1992,10668659,2829117,2.2968349999999997,-2.581569,DEU,CHE,7111
64,41,1184,1992,43044,73510,1.696464,1.365743,DNK,CHE,7111
68,41,1184,1992,0,84342,-0.102143,-0.17513499999999999,EGY,CHE,7111
71,41,1184,1992,0,291397,1.301511,1.730441,ESP,CHE,7111
74,41,1184,1992,2362936,69952,1.929661,1.3477,FIN,CHE,7111
77,41,1184,1992,19433604,1592169,1.682766,1.2713430000000001,FRA,CHE,7111
81,41,1184,1992,21787,217982,1.8901810000000001,0.9274030000000001,GBR,CHE,7111
90,41,1184,1992,0,55719,0.139504,0.743678,GRC,CHE,7111
97,41,1184,1992,0,5757,0.754112,1.911201,HKG,CHE,7111
100,41,1184,1992,0,3398,0.877872,1.726188,HRV,CHE,7111
102,41,1184,1992,963,34414,0.9144620000000001,2.157041,HUN,CHE,7111
103,41,1184,1992,0,899,-0.5250670000000001,0.717568,IDN,CHE,7111
104,41,1184,1992,0,13203,0.101094,1.6851180000000001,IND,CHE,7111
106,41,1184,1992,0,21980,1.454172,1.397052,IRL,CHE,7111
107,41,1184,1992,0,11292,-1.195108,-1.135155,IRN,CHE,7111
110,41,1184,1992,0,65638,1.354362,1.3260530000000001,ISR,CHE,7111
111,41,1184,1992,698074,720138,1.7819,0.981246,ITA,CHE,7111
114,41,1184,1992,0,742953,2.451698,0.875639,JPN,CHE,7111
121,41,1184,1992,0,9830,0.778066,1.3011139999999999,KOR,CHE,7111
122,41,1184,1992,0,26140,-1.2360950000000002,-1.061771,KWT,CHE,7111
124,41,1184,1992,0,2085,0.186135,0.800906,LBN,CHE,7111
126,41,1184,1992,0,7368,-0.333309,-0.981883,LBY,CHE,7111
134,41,1184,1992,0,22916,-0.339711,-0.265987,MAR,CHE,7111
153,41,1184,1992,0,43037,0.14268499999999998,0.370079,MYS,CHE,7111
162,41,1184,1992,3527,1333340,1.4315069999999999,1.7107450000000002,NLD,CHE,7111
163,41,1184,1992,0,146994,0.877965,0.444983,NOR,CHE,7111
168,41,1184,1992,0,1596,-0.480152,-0.361705,PAK,CHE,7111
174,41,1184,1992,0,3204,-0.139761,0.772109,PHL,CHE,7111
177,41,1184,1992,0,33085,0.581166,2.070795,POL,CHE,7111
179,41,1184,1992,0,69642,0.47505,0.8402860000000001,PRT,CHE,7111
188,41,1184,1992,0,158479,0.416315,-0.7342489999999999,SAU,CHE,7111
189,41,1184,1992,0,13399,0.9474950000000001,2.442268,SCG,CHE,7111
192,41,1184,1992,0,1690,0.95691,0.892702,SGP,CHE,7111
205,41,1184,1992,0,16846,-0.9841209999999999,-0.9359129999999999,SUR,CHE,7111
207,41,1184,1992,0,12429,1.3270629999999999,1.605534,SVN,CHE,7111
208,41,1184,1992,46131,195090,2.2265900000000003,0.999178,SWE,CHE,7111
212,41,1184,1992,0,29929,-0.566724,-0.602446,SYR,CHE,7111
223,41,1184,1992,0,2373,0.14482,-0.13608,TUN,CHE,7111
224,41,1184,1992,0,32815,0.160966,1.154796,TUR,CHE,7111
231,41,1184,1992,12586,1975,1.660693,1.289752,USA,CHE,7111
246,41,1184,1992,0,16629,0.236335,1.415622,ZAF,CHE,7111
248,41,1184,1992,0,1242,-0.11168099999999999,0.143612,ZWE,CHE,7111
249,41,1184,1992,0,55872,1.3694790000000001,1.6227559999999999,TWN,CHE,7111
8,42,1184,1992,41610,6625,0.043179,0.553408,ARG,CHL,7111
14,42,1184,1992,49528,0,0.083812,0.637224,AUS,CHL,7111
15,42,1184,1992,35825,0,1.975207,0.669388,AUT,CHL,7111
18,42,1184,1992,0,15648,1.449085,1.622957,BEL,CHL,7111
32,42,1184,1992,50005,0,0.685144,1.5676709999999998,BRA,CHL,7111
39,42,1184,1992,277309,0,0.74703,1.096791,CAN,CHL,7111
41,42,1184,1992,10327,0,2.24952,1.014945,CHE,CHL,7111
61,42,1184,1992,4974,0,2.2968349999999997,-2.581569,DEU,CHL,7111
71,42,1184,1992,67108,0,1.301511,1.730441,ESP,CHL,7111
77,42,1184,1992,17705,0,1.682766,1.2713430000000001,FRA,CHL,7111
81,42,1184,1992,109119,0,1.8901810000000001,0.9274030000000001,GBR,CHL,7111
111,42,1184,1992,155413,0,1.7819,0.981246,ITA,CHL,7111
114,42,1184,1992,42407,0,2.451698,0.875639,JPN,CHL,7111
121,42,1184,1992,34698,0,0.778066,1.3011139999999999,KOR,CHL,7111
163,42,1184,1992,117938,0,0.877965,0.444983,NOR,CHL,7111
208,42,1184,1992,4435,0,2.2265900000000003,0.999178,SWE,CHL,7111
230,42,1184,1992,159674,0,0.242758,0.711781,URY,CHL,7111
231,42,1184,1992,2135398,0,1.660693,1.289752,USA,CHL,7111
246,42,1184,1992,214686,0,0.236335,1.415622,ZAF,CHL,7111
18,68,1184,1992,47016,0,1.449085,1.622957,BEL,EGY,7111
41,68,1184,1992,84342,0,2.24952,1.014945,CHE,EGY,7111
61,68,1184,1992,439846,0,2.2968349999999997,-2.581569,DEU,EGY,7111
64,68,1184,1992,209835,0,1.696464,1.365743,DNK,EGY,7111
77,68,1184,1992,9383,0,1.682766,1.2713430000000001,FRA,EGY,7111
81,68,1184,1992,177845,0,1.8901810000000001,0.9274030000000001,GBR,EGY,7111
111,68,1184,1992,2069708,0,1.7819,0.981246,ITA,EGY,7111
114,68,1184,1992,156226,0,2.451698,0.875639,JPN,EGY,7111
121,68,1184,1992,183117,0,0.778066,1.3011139999999999,KOR,EGY,7111
153,68,1184,1992,133999,0,0.14268499999999998,0.370079,MYS,EGY,7111
162,68,1184,1992,16924,0,1.4315069999999999,1.7107450000000002,NLD,EGY,7111
188,68,1184,1992,0,3009,0.416315,-0.7342489999999999,SAU,EGY,7111
208,68,1184,1992,2462,0,2.2265900000000003,0.999178,SWE,EGY,7111
224,68,1184,1992,1277,0,0.160966,1.154796,TUR,EGY,7111
231,68,1184,1992,471998,0,1.660693,1.289752,USA,EGY,7111
249,68,1184,1992,23136,0,1.3694790000000001,1.6227559999999999,TWN,EGY,7111
15,100,1184,1992,233854,0,1.975207,0.669388,AUT,HRV,7111
26,100,1184,1992,0,24849,0.76031,1.212207,BIH,HRV,7111
41,100,1184,1992,3398,0,2.24952,1.014945,CHE,HRV,7111
53,100,1184,1992,0,375061,1.116966,2.225331,CSK,HRV,7111
61,100,1184,1992,13973,181508,2.2968349999999997,-2.581569,DEU,HRV,7111
111,100,1184,1992,24302,0,1.7819,0.981246,ITA,HRV,7111
186,100,1184,1992,0,240039,0.071799,0.14036099999999999,RUS,HRV,7111
189,100,1184,1992,0,181510,0.9474950000000001,2.442268,SCG,HRV,7111
207,100,1184,1992,68949,144074,1.3270629999999999,1.605534,SVN,HRV,7111
208,100,1184,1992,682695,0,2.2265900000000003,0.999178,SWE,HRV,7111
15,102,1184,1992,496323,40420,1.975207,0.669388,AUT,HUN,7111
18,102,1184,1992,24156,0,1.449085,1.622957,BEL,HUN,7111
41,102,1184,1992,34414,963,2.24952,1.014945,CHE,HUN,7111
53,102,1184,1992,8918,82755,1.116966,2.225331,CSK,HUN,7111
61,102,1184,1992,921875,1072095,2.2968349999999997,-2.581569,DEU,HUN,7111
64,102,1184,1992,171989,0,1.696464,1.365743,DNK,HUN,7111
67,102,1184,1992,0,129706,-0.815778,-0.9415459999999999,ECU,HUN,7111
74,102,1184,1992,0,38119,1.929661,1.3477,FIN,HUN,7111
81,102,1184,1992,36507,3518,1.8901810000000001,0.9274030000000001,GBR,HUN,7111
90,102,1184,1992,0,102455,0.139504,0.743678,GRC,HUN,7111
110,102,1184,1992,0,33766,1.354362,1.3260530000000001,ISR,HUN,7111
111,102,1184,1992,490574,0,1.7819,0.981246,ITA,HUN,7111
159,102,1184,1992,0,1000,-2.275923,-1.178983,NGA,HUN,7111
162,102,1184,1992,146043,0,1.4315069999999999,1.7107450000000002,NLD,HUN,7111
185,102,1184,1992,0,1003,0.838817,1.358629,ROU,HUN,7111
186,102,1184,1992,0,334444,0.071799,0.14036099999999999,RUS,HUN,7111
208,102,1184,1992,10213,0,2.2265900000000003,0.999178,SWE,HUN,7111
224,102,1184,1992,0,160257,0.160966,1.154796,TUR,HUN,7111
249,102,1184,1992,0,32832,1.3694790000000001,1.6227559999999999,TWN,HUN,7111
14,103,1184,1992,9258,0,0.083812,0.637224,AUS,IDN,7111
15,103,1184,1992,2859845,0,1.975207,0.669388,AUT,IDN,7111
18,103,1184,1992,4102,0,1.449085,1.622957,BEL,IDN,7111
39,103,1184,1992,677360,0,0.74703,1.096791,CAN,IDN,7111
41,103,1184,1992,899,0,2.24952,1.014945,CHE,IDN,7111
43,103,1184,1992,17916252,0,0.269411,1.920075,CHN,IDN,7111
53,103,1184,1992,227290,0,1.116966,2.225331,CSK,IDN,7111
61,103,1184,1992,9826932,0,2.2968349999999997,-2.581569,DEU,IDN,7111
71,103,1184,1992,294390,0,1.301511,1.730441,ESP,IDN,7111
74,103,1184,1992,2864646,0,1.929661,1.3477,FIN,IDN,7111
77,103,1184,1992,281057,0,1.682766,1.2713430000000001,FRA,IDN,7111
81,103,1184,1992,308967,0,1.8901810000000001,0.9274030000000001,GBR,IDN,7111
97,103,1184,1992,105171,0,0.754112,1.911201,HKG,IDN,7111
104,103,1184,1992,140018,0,0.101094,1.6851180000000001,IND,IDN,7111
114,103,1184,1992,15255310,0,2.451698,0.875639,JPN,IDN,7111
121,103,1184,1992,2394561,0,0.778066,1.3011139999999999,KOR,IDN,7111
128,103,1184,1992,0,26960,-0.45780600000000005,-0.221948,LKA,IDN,7111
153,103,1184,1992,1132692,0,0.14268499999999998,0.370079,MYS,IDN,7111
192,103,1184,1992,1093591,544208,0.95691,0.892702,SGP,IDN,7111
216,103,1184,1992,213395,0,0.109518,1.486578,THA,IDN,7111
231,103,1184,1992,307290,0,1.660693,1.289752,USA,IDN,7111
249,103,1184,1992,932900,0,1.3694790000000001,1.6227559999999999,TWN,IDN,7111
250,103,1184,1992,196748,0,0.989994,0.977453,ANS,IDN,7111
7,104,1184,1992,0,99379,-0.495518,-0.963358,ARE,IND,7111
15,104,1184,1992,899,0,1.975207,0.669388,AUT,IND,7111
18,104,1184,1992,0,28150,1.449085,1.622957,BEL,IND,7111
22,104,1184,1992,0,609055,-0.608254,-0.921751,BGD,IND,7111
41,104,1184,1992,13203,0,2.24952,1.014945,CHE,IND,7111
61,104,1184,1992,27788,14645,2.2968349999999997,-2.581569,DEU,IND,7111
81,104,1184,1992,829824,49499,1.8901810000000001,0.9274030000000001,GBR,IND,7111
97,104,1184,1992,43290,2677,0.754112,1.911201,HKG,IND,7111
103,104,1184,1992,0,140018,-0.5250670000000001,0.717568,IDN,IND,7111
111,104,1184,1992,3149,0,1.7819,0.981246,ITA,IND,7111
114,104,1184,1992,77253,0,2.451698,0.875639,JPN,IND,7111
116,104,1184,1992,0,143531,-0.31818,-0.096856,KEN,IND,7111
122,104,1184,1992,0,18631,-1.2360950000000002,-1.061771,KWT,IND,7111
128,104,1184,1992,0,462544,-0.45780600000000005,-0.221948,LKA,IND,7111
137,104,1184,1992,0,2959,-0.501228,-0.8746290000000001,MDV,IND,7111
153,104,1184,1992,0,2358882,0.14268499999999998,0.370079,MYS,IND,7111
159,104,1184,1992,0,445983,-2.275923,-1.178983,NGA,IND,7111
167,104,1184,1992,0,26896,-0.906702,-1.0716709999999998,OMN,IND,7111
186,104,1184,1992,0,918904,0.071799,0.14036099999999999,RUS,IND,7111
188,104,1184,1992,0,58694,0.416315,-0.7342489999999999,SAU,IND,7111
192,104,1184,1992,4323,35521,0.95691,0.892702,SGP,IND,7111
216,104,1184,1992,0,89569,0.109518,1.486578,THA,IND,7111
226,104,1184,1992,0,330690,-1.139271,-0.8235379999999999,TZA,IND,7111
231,104,1184,1992,0,168810,1.660693,1.289752,USA,IND,7111
61,113,1184,1992,228136,0,2.2968349999999997,-2.581569,DEU,JOR,7111
77,113,1184,1992,122395,0,1.682766,1.2713430000000001,FRA,JOR,7111
81,113,1184,1992,138100,0,1.8901810000000001,0.9274030000000001,GBR,JOR,7111
188,113,1184,1992,0,7487,0.416315,-0.7342489999999999,SAU,JOR,7111
208,113,1184,1992,3735,0,2.2265900000000003,0.999178,SWE,JOR,7111
212,113,1184,1992,942,0,-0.566724,-0.602446,SYR,JOR,7111
224,113,1184,1992,48629,0,0.160966,1.154796,TUR,JOR,7111
231,113,1184,1992,86276,0,1.660693,1.289752,USA,JOR,7111
7,114,1184,1992,0,89611,-0.495518,-0.963358,ARE,JPN,7111
8,114,1184,1992,0,4662,0.043179,0.553408,ARG,JPN,7111
14,114,1184,1992,5527,1728,0.083812,0.637224,AUS,JPN,7111
18,114,1184,1992,53288,1580,1.449085,1.622957,BEL,JPN,7111
22,114,1184,1992,0,110535,-0.608254,-0.921751,BGD,JPN,7111
32,114,1184,1992,0,2263064,0.685144,1.5676709999999998,BRA,JPN,7111
39,114,1184,1992,0,4651,0.74703,1.096791,CAN,JPN,7111
41,114,1184,1992,742953,0,2.24952,1.014945,CHE,JPN,7111
42,114,1184,1992,0,42407,-0.188106,-0.360151,CHL,JPN,7111
43,114,1184,1992,0,1770859,0.269411,1.920075,CHN,JPN,7111
49,114,1184,1992,0,8166,0.022895,0.22971799999999998,COL,JPN,7111
53,114,1184,1992,0,583559,1.116966,2.225331,CSK,JPN,7111
54,114,1184,1992,0,215658,-0.719011,-1.077984,CUB,JPN,7111
58,114,1184,1992,0,3463,0.471516,0.668776,CYP,JPN,7111
61,114,1184,1992,628565,4649,2.2968349999999997,-2.581569,DEU,JPN,7111
64,114,1184,1992,41177,1343678,1.696464,1.365743,DNK,JPN,7111
67,114,1184,1992,0,279328,-0.815778,-0.9415459999999999,ECU,JPN,7111
68,114,1184,1992,0,156226,-0.102143,-0.17513499999999999,EGY,JPN,7111
77,114,1184,1992,0,19930,1.682766,1.2713430000000001,FRA,JPN,7111
81,114,1184,1992,515269,7703,1.8901810000000001,0.9274030000000001,GBR,JPN,7111
97,114,1184,1992,0,3650087,0.754112,1.911201,HKG,JPN,7111
99,114,1184,1992,0,15722,-0.5100640000000001,-0.38205900000000004,HND,JPN,7111
103,114,1184,1992,0,15255310,-0.5250670000000001,0.717568,IDN,JPN,7111
104,114,1184,1992,0,77253,0.101094,1.6851180000000001,IND,JPN,7111
107,114,1184,1992,0,1383460,-1.195108,-1.135155,IRN,JPN,7111
110,114,1184,1992,0,13624,1.354362,1.3260530000000001,ISR,JPN,7111
111,114,1184,1992,95081,37659,1.7819,0.981246,ITA,JPN,7111
116,114,1184,1992,0,1397,-0.31818,-0.096856,KEN,JPN,7111
121,114,1184,1992,1930,20106746,0.778066,1.3011139999999999,KOR,JPN,7111
128,114,1184,1992,0,16521,-0.45780600000000005,-0.221948,LKA,JPN,7111
133,114,1184,1992,0,10289,0.249034,-0.026864,MAC,JPN,7111
137,114,1184,1992,0,7494,-0.501228,-0.8746290000000001,MDV,JPN,7111
138,114,1184,1992,0,89711,0.9039370000000001,0.965842,MEX,JPN,7111
143,114,1184,1992,0,1356,-1.030267,-0.770368,MMR,JPN,7111
146,114,1184,1992,0,72538,0.776187,-0.686247,MNP,JPN,7111
151,114,1184,1992,0,1442,-0.249558,-0.643201,MUS,JPN,7111
153,114,1184,1992,0,4017002,0.14268499999999998,0.370079,MYS,JPN,7111
159,114,1184,1992,0,9294741,-2.275923,-1.178983,NGA,JPN,7111
162,114,1184,1992,523494,43037,1.4315069999999999,1.7107450000000002,NLD,JPN,7111
164,114,1184,1992,0,12974,-0.604018,-0.677756,NPL,JPN,7111
167,114,1184,1992,0,18589,-0.906702,-1.0716709999999998,OMN,JPN,7111
168,114,1184,1992,0,1487535,-0.480152,-0.361705,PAK,JPN,7111
169,114,1184,1992,0,1776,0.289315,0.37247199999999997,PAN,JPN,7111
173,114,1184,1992,0,3390,-0.286545,-0.264638,PER,JPN,7111
174,114,1184,1992,0,2320972,-0.139761,0.772109,PHL,JPN,7111
178,114,1184,1992,0,100855,0.201042,0.477547,PRK,JPN,7111
180,114,1184,1992,0,18402,-0.906433,-0.787177,PRY,JPN,7111
186,114,1184,1992,0,112447,0.071799,0.14036099999999999,RUS,JPN,7111
188,114,1184,1992,0,9168995,0.416315,-0.7342489999999999,SAU,JPN,7111
192,114,1184,1992,277376,1894414,0.95691,0.892702,SGP,JPN,7111
195,114,1184,1992,0,48566,-1.491786,-0.9599799999999999,SLB,JPN,7111
197,114,1184,1992,0,11426,0.396523,0.47548900000000005,SLV,JPN,7111
208,114,1184,1992,62159,5171,2.2265900000000003,0.999178,SWE,JPN,7111
212,114,1184,1992,0,44036,-0.566724,-0.602446,SYR,JPN,7111
216,114,1184,1992,1203,17723634,0.109518,1.486578,THA,JPN,7111
224,114,1184,1992,0,30630,0.160966,1.154796,TUR,JPN,7111
226,114,1184,1992,0,38538,-1.139271,-0.8235379999999999,TZA,JPN,7111
231,114,1184,1992,129678,15941,1.660693,1.289752,USA,JPN,7111
239,114,1184,1992,0,324470,-0.989259,-0.43416099999999996,VNM,JPN,7111
246,114,1184,1992,0,15030,0.236335,1.415622,ZAF,JPN,7111
249,114,1184,1992,837158,9417364,1.3694790000000001,1.6227559999999999,TWN,JPN,7111
14,128,1184,1992,161912,0,0.083812,0.637224,AUS,LKA,7111
43,128,1184,1992,14647,0,0.269411,1.920075,CHN,LKA,7111
61,128,1184,1992,88083,0,2.2968349999999997,-2.581569,DEU,LKA,7111
81,128,1184,1992,28041,0,1.8901810000000001,0.9274030000000001,GBR,LKA,7111
97,128,1184,1992,71667,0,0.754112,1.911201,HKG,LKA,7111
103,128,1184,1992,26960,0,-0.5250670000000001,0.717568,IDN,LKA,7111
104,128,1184,1992,462544,0,0.101094,1.6851180000000001,IND,LKA,7111
111,128,1184,1992,3511,0,1.7819,0.981246,ITA,LKA,7111
114,128,1184,1992,16521,0,2.451698,0.875639,JPN,LKA,7111
121,128,1184,1992,13854,0,0.778066,1.3011139999999999,KOR,LKA,7111
153,128,1184,1992,347558,0,0.14268499999999998,0.370079,MYS,LKA,7111
168,128,1184,1992,11795,0,-0.480152,-0.361705,PAK,LKA,7111
192,128,1184,1992,280734,0,0.95691,0.892702,SGP,LKA,7111
208,128,1184,1992,2311,0,2.2265900000000003,0.999178,SWE,LKA,7111
231,128,1184,1992,109543,0,1.660693,1.289752,USA,LKA,7111
249,128,1184,1992,25185,0,1.3694790000000001,1.6227559999999999,TWN,LKA,7111
18,138,1184,1992,0,5163,1.449085,1.622957,BEL,MEX,7111
25,138,1184,1992,3716,0,0.181088,-0.591638,BHS,MEX,7111
29,138,1184,1992,0,18106,-0.06729700000000001,-0.386682,BLZ,MEX,7111
39,138,1184,1992,45793,321767,0.74703,1.096791,CAN,MEX,7111
43,138,1184,1992,3577,0,0.269411,1.920075,CHN,MEX,7111
61,138,1184,1992,18129,0,2.2968349999999997,-2.581569,DEU,MEX,7111
71,138,1184,1992,15614,0,1.301511,1.730441,ESP,MEX,7111
74,138,1184,1992,43864,0,1.929661,1.3477,FIN,MEX,7111
77,138,1184,1992,580966,0,1.682766,1.2713430000000001,FRA,MEX,7111
81,138,1184,1992,114784,0,1.8901810000000001,0.9274030000000001,GBR,MEX,7111
93,138,1184,1992,0,445481,-0.031145999999999997,0.48874300000000004,GTM,MEX,7111
99,138,1184,1992,0,1117,-0.5100640000000001,-0.38205900000000004,HND,MEX,7111
111,138,1184,1992,106857,0,1.7819,0.981246,ITA,MEX,7111
114,138,1184,1992,89711,0,2.451698,0.875639,JPN,MEX,7111
121,138,1184,1992,54747,0,0.778066,1.3011139999999999,KOR,MEX,7111
169,138,1184,1992,0,894,0.289315,0.37247199999999997,PAN,MEX,7111
208,138,1184,1992,65060,0,2.2265900000000003,0.999178,SWE,MEX,7111
231,138,1184,1992,4026685,6869,1.660693,1.289752,USA,MEX,7111
14,166,1184,1992,0,298351,0.083812,0.637224,AUS,NZL,7111
71,166,1184,1992,106106,0,1.301511,1.730441,ESP,NZL,7111
75,166,1184,1992,0,20508,-0.573887,-0.6382680000000001,FJI,NZL,7111
81,166,1184,1992,18259,0,1.8901810000000001,0.9274030000000001,GBR,NZL,7111
111,166,1184,1992,43620,0,1.7819,0.981246,ITA,NZL,7111
192,166,1184,1992,0,5267,0.95691,0.892702,SGP,NZL,7111
250,166,1184,1992,2038,0,0.989994,0.977453,ANS,NZL,7111
7,168,1184,1992,15646,0,-0.495518,-0.963358,ARE,PAK,7111
41,168,1184,1992,1596,0,2.24952,1.014945,CHE,PAK,7111
43,168,1184,1992,7876404,0,0.269411,1.920075,CHN,PAK,7111
61,168,1184,1992,337613,0,2.2968349999999997,-2.581569,DEU,PAK,7111
64,168,1184,1992,818099,0,1.696464,1.365743,DNK,PAK,7111
74,168,1184,1992,15175,0,1.929661,1.3477,FIN,PAK,7111
81,168,1184,1992,1357640,0,1.8901810000000001,0.9274030000000001,GBR,PAK,7111
111,168,1184,1992,76119,0,1.7819,0.981246,ITA,PAK,7111
114,168,1184,1992,1487535,0,2.451698,0.875639,JPN,PAK,7111
121,168,1184,1992,185528,0,0.778066,1.3011139999999999,KOR,PAK,7111
128,168,1184,1992,0,11795,-0.45780600000000005,-0.221948,LKA,PAK,7111
192,168,1184,1992,9328,0,0.95691,0.892702,SGP,PAK,7111
231,168,1184,1992,22433,0,1.660693,1.289752,USA,PAK,7111
15,177,1184,1992,545563,59836,1.975207,0.669388,AUT,POL,7111
18,177,1184,1992,3346,0,1.449085,1.622957,BEL,POL,7111
22,177,1184,1992,0,13359,-0.608254,-0.921751,BGD,POL,7111
41,177,1184,1992,33085,0,2.24952,1.014945,CHE,POL,7111
53,177,1184,1992,1380268,18162,1.116966,2.225331,CSK,POL,7111
61,177,1184,1992,5746055,1271834,2.2968349999999997,-2.581569,DEU,POL,7111
64,177,1184,1992,1654812,0,1.696464,1.365743,DNK,POL,7111
74,177,1184,1992,5111,0,1.929661,1.3477,FIN,POL,7111
77,177,1184,1992,310327,0,1.682766,1.2713430000000001,FRA,POL,7111
81,177,1184,1992,296213,77685,1.8901810000000001,0.9274030000000001,GBR,POL,7111
90,177,1184,1992,0,44743,0.139504,0.743678,GRC,POL,7111
111,177,1184,1992,169420,0,1.7819,0.981246,ITA,POL,7111
162,177,1184,1992,128229,0,1.4315069999999999,1.7107450000000002,NLD,POL,7111
163,177,1184,1992,42597,0,0.877965,0.444983,NOR,POL,7111
186,177,1184,1992,0,44323,0.071799,0.14036099999999999,RUS,POL,7111
189,177,1184,1992,239758,0,0.9474950000000001,2.442268,SCG,POL,7111
208,177,1184,1992,313353,25642,2.2265900000000003,0.999178,SWE,POL,7111
224,177,1184,1992,0,3066578,0.160966,1.154796,TUR,POL,7111
228,177,1184,1992,16165,9105,0.375148,0.23747,UKR,POL,7111
231,177,1184,1992,35783,0,1.660693,1.289752,USA,POL,7111
15,185,1184,1992,732305,0,1.975207,0.669388,AUT,ROU,7111
61,185,1184,1992,3276152,0,2.2968349999999997,-2.581569,DEU,ROU,7111
64,185,1184,1992,28741,0,1.696464,1.365743,DNK,ROU,7111
71,185,1184,1992,138678,0,1.301511,1.730441,ESP,ROU,7111
77,185,1184,1992,137192,0,1.682766,1.2713430000000001,FRA,ROU,7111
81,185,1184,1992,39144,0,1.8901810000000001,0.9274030000000001,GBR,ROU,7111
90,185,1184,1992,67778,0,0.139504,0.743678,GRC,ROU,7111
102,185,1184,1992,1003,0,0.9144620000000001,2.157041,HUN,ROU,7111
111,185,1184,1992,117309,0,1.7819,0.981246,ITA,ROU,7111
162,185,1184,1992,2223,0,1.4315069999999999,1.7107450000000002,NLD,ROU,7111
186,185,1184,1992,2617,7980057,0.071799,0.14036099999999999,RUS,ROU,7111
224,185,1184,1992,3204,0,0.160966,1.154796,TUR,ROU,7111
228,185,1184,1992,0,640170,0.375148,0.23747,UKR,ROU,7111
7,188,1184,1992,0,5714,-0.495518,-0.963358,ARE,SAU,7111
18,188,1184,1992,59799,0,1.449085,1.622957,BEL,SAU,7111
41,188,1184,1992,158479,0,2.24952,1.014945,CHE,SAU,7111
61,188,1184,1992,767912,0,2.2968349999999997,-2.581569,DEU,SAU,7111
64,188,1184,1992,234059,0,1.696464,1.365743,DNK,SAU,7111
68,188,1184,1992,3009,0,-0.102143,-0.17513499999999999,EGY,SAU,7111
77,188,1184,1992,11454,0,1.682766,1.2713430000000001,FRA,SAU,7111
81,188,1184,1992,114698,0,1.8901810000000001,0.9274030000000001,GBR,SAU,7111
97,188,1184,1992,11396,0,0.754112,1.911201,HKG,SAU,7111
104,188,1184,1992,58694,0,0.101094,1.6851180000000001,IND,SAU,7111
111,188,1184,1992,6227818,0,1.7819,0.981246,ITA,SAU,7111
113,188,1184,1992,7487,0,0.716964,0.5323760000000001,JOR,SAU,7111
114,188,1184,1992,9168995,0,2.451698,0.875639,JPN,SAU,7111
121,188,1184,1992,1502490,0,0.778066,1.3011139999999999,KOR,SAU,7111
122,188,1184,1992,0,299313,-1.2360950000000002,-1.061771,KWT,SAU,7111
124,188,1184,1992,82296,5074,0.186135,0.800906,LBN,SAU,7111
183,188,1184,1992,0,21587076,-0.491413,-1.004476,QAT,SAU,7111
192,188,1184,1992,33718,0,0.95691,0.892702,SGP,SAU,7111
208,188,1184,1992,15157,0,2.2265900000000003,0.999178,SWE,SAU,7111
216,188,1184,1992,2834080,0,0.109518,1.486578,THA,SAU,7111
224,188,1184,1992,4752,0,0.160966,1.154796,TUR,SAU,7111
231,188,1184,1992,161322,0,1.660693,1.289752,USA,SAU,7111
243,188,1184,1992,0,8386,-0.7116020000000001,-0.9852489999999999,YEM,SAU,7111
249,188,1184,1992,54884,0,1.3694790000000001,1.6227559999999999,TWN,SAU,7111
15,189,1184,1992,2531,0,1.975207,0.669388,AUT,SCG,7111
23,189,1184,1992,0,4282,0.503161,1.871616,BGR,SCG,7111
39,189,1184,1992,11915730,0,0.74703,1.096791,CAN,SCG,7111
41,189,1184,1992,13399,0,2.24952,1.014945,CHE,SCG,7111
53,189,1184,1992,369986,0,1.116966,2.225331,CSK,SCG,7111
61,189,1184,1992,388370,137022,2.2968349999999997,-2.581569,DEU,SCG,7111
100,189,1184,1992,181510,0,0.877872,1.726188,HRV,SCG,7111
106,189,1184,1992,0,188229,1.454172,1.397052,IRL,SCG,7111
111,189,1184,1992,51272,0,1.7819,0.981246,ITA,SCG,7111
177,189,1184,1992,0,239758,0.581166,2.070795,POL,SCG,7111
207,189,1184,1992,3392,0,1.3270629999999999,1.605534,SVN,SCG,7111
208,189,1184,1992,1348601,0,2.2265900000000003,0.999178,SWE,SCG,7111
216,189,1184,1992,0,58040,0.109518,1.486578,THA,SCG,7111
224,189,1184,1992,3810,0,0.160966,1.154796,TUR,SCG,7111
7,192,1184,1992,0,22290,-0.495518,-0.963358,ARE,SGP,7111
14,192,1184,1992,72370,1178,0.083812,0.637224,AUS,SGP,7111
18,192,1184,1992,455490,0,1.449085,1.622957,BEL,SGP,7111
22,192,1184,1992,0,130745,-0.608254,-0.921751,BGD,SGP,7111
34,192,1184,1992,0,159654,-1.142722,-0.818717,BRN,SGP,7111
41,192,1184,1992,1690,0,2.24952,1.014945,CHE,SGP,7111
43,192,1184,1992,245014,609115,0.269411,1.920075,CHN,SGP,7111
61,192,1184,1992,571058,5798,2.2968349999999997,-2.581569,DEU,SGP,7111
64,192,1184,1992,383778,0,1.696464,1.365743,DNK,SGP,7111
71,192,1184,1992,85312,0,1.301511,1.730441,ESP,SGP,7111
74,192,1184,1992,9252,0,1.929661,1.3477,FIN,SGP,7111
75,192,1184,1992,0,11360,-0.573887,-0.6382680000000001,FJI,SGP,7111
77,192,1184,1992,191897,0,1.682766,1.2713430000000001,FRA,SGP,7111
81,192,1184,1992,972855,17914,1.8901810000000001,0.9274030000000001,GBR,SGP,7111
83,192,1184,1992,0,910520,-0.936314,-0.935839,GHA,SGP,7111
97,192,1184,1992,3448,2954,0.754112,1.911201,HKG,SGP,7111
103,192,1184,1992,544208,1093591,-0.5250670000000001,0.717568,IDN,SGP,7111
104,192,1184,1992,35521,4323,0.101094,1.6851180000000001,IND,SGP,7111
111,192,1184,1992,77357,0,1.7819,0.981246,ITA,SGP,7111
114,192,1184,1992,1894414,277376,2.451698,0.875639,JPN,SGP,7111
116,192,1184,1992,0,71753,-0.31818,-0.096856,KEN,SGP,7111
118,192,1184,1992,0,154780,-1.036685,-1.149364,KHM,SGP,7111
121,192,1184,1992,16325,1718564,0.778066,1.3011139999999999,KOR,SGP,7111
128,192,1184,1992,0,280734,-0.45780600000000005,-0.221948,LKA,SGP,7111
137,192,1184,1992,0,22028,-0.501228,-0.8746290000000001,MDV,SGP,7111
143,192,1184,1992,0,9470,-1.030267,-0.770368,MMR,SGP,7111
151,192,1184,1992,0,6132,-0.249558,-0.643201,MUS,SGP,7111
153,192,1184,1992,1325664,968849,0.14268499999999998,0.370079,MYS,SGP,7111
159,192,1184,1992,0,91203,-2.275923,-1.178983,NGA,SGP,7111
166,192,1184,1992,5267,0,0.41866000000000003,0.580581,NZL,SGP,7111
168,192,1184,1992,0,9328,-0.480152,-0.361705,PAK,SGP,7111
174,192,1184,1992,0,9982,-0.139761,0.772109,PHL,SGP,7111
176,192,1184,1992,0,28529,-1.602221,-1.058247,PNG,SGP,7111
188,192,1184,1992,0,33718,0.416315,-0.7342489999999999,SAU,SGP,7111
195,192,1184,1992,0,38934,-1.491786,-0.9599799999999999,SLB,SGP,7111
208,192,1184,1992,3875,0,2.2265900000000003,0.999178,SWE,SGP,7111
216,192,1184,1992,0,68913,0.109518,1.486578,THA,SGP,7111
231,192,1184,1992,628675,0,1.660693,1.289752,USA,SGP,7111
239,192,1184,1992,0,4956,-0.989259,-0.43416099999999996,VNM,SGP,7111
249,192,1184,1992,101085,464098,1.3694790000000001,1.6227559999999999,TWN,SGP,7111
15,207,1184,1992,115876,118365,1.975207,0.669388,AUT,SVN,7111
41,207,1184,1992,12429,0,2.24952,1.014945,CHE,SVN,7111
61,207,1184,1992,163763,37661,2.2968349999999997,-2.581569,DEU,SVN,7111
100,207,1184,1992,144074,68949,0.877872,1.726188,HRV,SVN,7111
111,207,1184,1992,85058,0,1.7819,0.981246,ITA,SVN,7111
186,207,1184,1992,0,37362,0.071799,0.14036099999999999,RUS,SVN,7111
189,207,1184,1992,0,3392,0.9474950000000001,2.442268,SCG,SVN,7111
208,207,1184,1992,787271,160586,2.2265900000000003,0.999178,SWE,SVN,7111
7,208,1184,1992,0,17194,-0.495518,-0.963358,ARE,SWE,7111
14,208,1184,1992,0,28718,0.083812,0.637224,AUS,SWE,7111
15,208,1184,1992,0,11722,1.975207,0.669388,AUT,SWE,7111
18,208,1184,1992,56575,198900,1.449085,1.622957,BEL,SWE,7111
24,208,1184,1992,0,19603,0.047396,-0.554517,BHR,SWE,7111
30,208,1184,1992,0,4278786,0.302027,-0.450866,BMU,SWE,7111
39,208,1184,1992,0,16059,0.74703,1.096791,CAN,SWE,7111
41,208,1184,1992,195090,46131,2.24952,1.014945,CHE,SWE,7111
42,208,1184,1992,0,4435,-0.188106,-0.360151,CHL,SWE,7111
43,208,1184,1992,17370,1170919,0.269411,1.920075,CHN,SWE,7111
53,208,1184,1992,167101,0,1.116966,2.225331,CSK,SWE,7111
58,208,1184,1992,0,8574,0.471516,0.668776,CYP,SWE,7111
61,208,1184,1992,62257,270170,2.2968349999999997,-2.581569,DEU,SWE,7111
64,208,1184,1992,575144,78941,1.696464,1.365743,DNK,SWE,7111
66,208,1184,1992,0,2194,-0.24189699999999997,-0.9399219999999999,DZA,SWE,7111
68,208,1184,1992,0,2462,-0.102143,-0.17513499999999999,EGY,SWE,7111
71,208,1184,1992,0,42449,1.301511,1.730441,ESP,SWE,7111
72,208,1184,1992,0,171696,0.22019699999999998,0.0198,EST,SWE,7111
74,208,1184,1992,596223,528969,1.929661,1.3477,FIN,SWE,7111
77,208,1184,1992,9236,399337,1.682766,1.2713430000000001,FRA,SWE,7111
81,208,1184,1992,96761,164942,1.8901810000000001,0.9274030000000001,GBR,SWE,7111
90,208,1184,1992,1869,0,0.139504,0.743678,GRC,SWE,7111
97,208,1184,1992,0,728039,0.754112,1.911201,HKG,SWE,7111
100,208,1184,1992,0,682695,0.877872,1.726188,HRV,SWE,7111
102,208,1184,1992,0,10213,0.9144620000000001,2.157041,HUN,SWE,7111
106,208,1184,1992,0,272593,1.454172,1.397052,IRL,SWE,7111
109,208,1184,1992,0,3616,-0.076691,-0.630567,ISL,SWE,7111
110,208,1184,1992,0,3253,1.354362,1.3260530000000001,ISR,SWE,7111
111,208,1184,1992,21320,1663433,1.7819,0.981246,ITA,SWE,7111
113,208,1184,1992,0,3735,0.716964,0.5323760000000001,JOR,SWE,7111
114,208,1184,1992,5171,62159,2.451698,0.875639,JPN,SWE,7111
116,208,1184,1992,0,16319,-0.31818,-0.096856,KEN,SWE,7111
121,208,1184,1992,0,4871680,0.778066,1.3011139999999999,KOR,SWE,7111
122,208,1184,1992,0,71799,-1.2360950000000002,-1.061771,KWT,SWE,7111
124,208,1184,1992,0,1203,0.186135,0.800906,LBN,SWE,7111
128,208,1184,1992,0,2311,-0.45780600000000005,-0.221948,LKA,SWE,7111
130,208,1184,1992,0,5107,0.7271810000000001,0.482357,LTU,SWE,7111
132,208,1184,1992,0,9281,0.184303,0.022494999999999998,LVA,SWE,7111
133,208,1184,1992,0,3074,0.249034,-0.026864,MAC,SWE,7111
134,208,1184,1992,0,11392,-0.339711,-0.265987,MAR,SWE,7111
138,208,1184,1992,0,65060,0.9039370000000001,0.965842,MEX,SWE,7111
153,208,1184,1992,0,8369,0.14268499999999998,0.370079,MYS,SWE,7111
159,208,1184,1992,0,159318,-2.275923,-1.178983,NGA,SWE,7111
162,208,1184,1992,9697,356516,1.4315069999999999,1.7107450000000002,NLD,SWE,7111
163,208,1184,1992,209014,688310,0.877965,0.444983,NOR,SWE,7111
169,208,1184,1992,0,2657,0.289315,0.37247199999999997,PAN,SWE,7111
174,208,1184,1992,0,4840,-0.139761,0.772109,PHL,SWE,7111
177,208,1184,1992,25642,313353,0.581166,2.070795,POL,SWE,7111
179,208,1184,1992,0,544597,0.47505,0.8402860000000001,PRT,SWE,7111
183,208,1184,1992,0,11668,-0.491413,-1.004476,QAT,SWE,7111
186,208,1184,1992,0,251401,0.071799,0.14036099999999999,RUS,SWE,7111
188,208,1184,1992,0,15157,0.416315,-0.7342489999999999,SAU,SWE,7111
189,208,1184,1992,0,1348601,0.9474950000000001,2.442268,SCG,SWE,7111
192,208,1184,1992,0,3875,0.95691,0.892702,SGP,SWE,7111
207,208,1184,1992,160586,787271,1.3270629999999999,1.605534,SVN,SWE,7111
212,208,1184,1992,0,11492,-0.566724,-0.602446,SYR,SWE,7111
216,208,1184,1992,0,34266,0.109518,1.486578,THA,SWE,7111
223,208,1184,1992,0,9439,0.14482,-0.13608,TUN,SWE,7111
224,208,1184,1992,0,2425,0.160966,1.154796,TUR,SWE,7111
231,208,1184,1992,0,30700,1.660693,1.289752,USA,SWE,7111
243,208,1184,1992,0,24237,-0.7116020000000001,-0.9852489999999999,YEM,SWE,7111
248,208,1184,1992,0,4969,-0.11168099999999999,0.143612,ZWE,SWE,7111
249,208,1184,1992,0,7906,1.3694790000000001,1.6227559999999999,TWN,SWE,7111
14,216,1184,1992,29766,0,0.083812,0.637224,AUS,THA,7111
15,216,1184,1992,9574743,0,1.975207,0.669388,AUT,THA,7111
18,216,1184,1992,56446,0,1.449085,1.622957,BEL,THA,7111
39,216,1184,1992,216780,0,0.74703,1.096791,CAN,THA,7111
43,216,1184,1992,41497,0,0.269411,1.920075,CHN,THA,7111
61,216,1184,1992,3369014,2567,2.2968349999999997,-2.581569,DEU,THA,7111
74,216,1184,1992,18315626,0,1.929661,1.3477,FIN,THA,7111
77,216,1184,1992,135191,0,1.682766,1.2713430000000001,FRA,THA,7111
81,216,1184,1992,352408,18288,1.8901810000000001,0.9274030000000001,GBR,THA,7111
97,216,1184,1992,31920,2852,0.754112,1.911201,HKG,THA,7111
103,216,1184,1992,0,213395,-0.5250670000000001,0.717568,IDN,THA,7111
104,216,1184,1992,89569,0,0.101094,1.6851180000000001,IND,THA,7111
111,216,1184,1992,148135,0,1.7819,0.981246,ITA,THA,7111
114,216,1184,1992,17723634,1203,2.451698,0.875639,JPN,THA,7111
121,216,1184,1992,189750,0,0.778066,1.3011139999999999,KOR,THA,7111
123,216,1184,1992,0,314848,-1.03711,-1.114235,LAO,THA,7111
153,216,1184,1992,31721,11863,0.14268499999999998,0.370079,MYS,THA,7111
162,216,1184,1992,1317975,0,1.4315069999999999,1.7107450000000002,NLD,THA,7111
163,216,1184,1992,24201,0,0.877965,0.444983,NOR,THA,7111
174,216,1184,1992,0,62737,-0.139761,0.772109,PHL,THA,7111
188,216,1184,1992,0,2834080,0.416315,-0.7342489999999999,SAU,THA,7111
189,216,1184,1992,58040,0,0.9474950000000001,2.442268,SCG,THA,7111
192,216,1184,1992,68913,0,0.95691,0.892702,SGP,THA,7111
208,216,1184,1992,34266,0,2.2265900000000003,0.999178,SWE,THA,7111
231,216,1184,1992,3336495,0,1.660693,1.289752,USA,THA,7111
239,216,1184,1992,0,174380,-0.989259,-0.43416099999999996,VNM,THA,7111
249,216,1184,1992,1847444,0,1.3694790000000001,1.6227559999999999,TWN,THA,7111
15,224,1184,1992,20305964,0,1.975207,0.669388,AUT,TUR,7111
16,224,1184,1992,0,7370,0.068107,-0.730703,AZE,TUR,7111
18,224,1184,1992,834103,0,1.449085,1.622957,BEL,TUR,7111
41,224,1184,1992,32815,0,2.24952,1.014945,CHE,TUR,7111
58,224,1184,1992,0,53604,0.471516,0.668776,CYP,TUR,7111
61,224,1184,1992,953190,9251,2.2968349999999997,-2.581569,DEU,TUR,7111
68,224,1184,1992,0,1277,-0.102143,-0.17513499999999999,EGY,TUR,7111
74,224,1184,1992,58847,0,1.929661,1.3477,FIN,TUR,7111
77,224,1184,1992,121554,0,1.682766,1.2713430000000001,FRA,TUR,7111
81,224,1184,1992,9531,3530,1.8901810000000001,0.9274030000000001,GBR,TUR,7111
90,224,1184,1992,3922,0,0.139504,0.743678,GRC,TUR,7111
102,224,1184,1992,160257,0,0.9144620000000001,2.157041,HUN,TUR,7111
110,224,1184,1992,0,52659,1.354362,1.3260530000000001,ISR,TUR,7111
111,224,1184,1992,147248,0,1.7819,0.981246,ITA,TUR,7111
113,224,1184,1992,0,48629,0.716964,0.5323760000000001,JOR,TUR,7111
114,224,1184,1992,30630,0,2.451698,0.875639,JPN,TUR,7111
121,224,1184,1992,2549,0,0.778066,1.3011139999999999,KOR,TUR,7111
162,224,1184,1992,77286,0,1.4315069999999999,1.7107450000000002,NLD,TUR,7111
177,224,1184,1992,3066578,0,0.581166,2.070795,POL,TUR,7111
185,224,1184,1992,0,3204,0.838817,1.358629,ROU,TUR,7111
186,224,1184,1992,0,445667,0.071799,0.14036099999999999,RUS,TUR,7111
188,224,1184,1992,0,4752,0.416315,-0.7342489999999999,SAU,TUR,7111
189,224,1184,1992,0,3810,0.9474950000000001,2.442268,SCG,TUR,7111
208,224,1184,1992,2425,0,2.2265900000000003,0.999178,SWE,TUR,7111
212,224,1184,1992,0,99590,-0.566724,-0.602446,SYR,TUR,7111
223,224,1184,1992,0,37448,0.14482,-0.13608,TUN,TUR,7111
231,224,1184,1992,21361,0,1.660693,1.289752,USA,TUR,7111
250,224,1184,1992,0,35708,0.989994,0.977453,ANS,TUR,7111
2,246,1184,1992,0,181920,-1.90642,-1.061544,AGO,ZAF,7111
39,246,1184,1992,1916,0,0.74703,1.096791,CAN,ZAF,7111
41,246,1184,1992,16629,0,2.24952,1.014945,CHE,ZAF,7111
42,246,1184,1992,0,214686,-0.188106,-0.360151,CHL,ZAF,7111
43,246,1184,1992,0,62659,0.269411,1.920075,CHN,ZAF,7111
49,246,1184,1992,0,309121,0.022895,0.22971799999999998,COL,ZAF,7111
61,246,1184,1992,11225,0,2.2968349999999997,-2.581569,DEU,ZAF,7111
77,246,1184,1992,21669,0,1.682766,1.2713430000000001,FRA,ZAF,7111
81,246,1184,1992,361569,0,1.8901810000000001,0.9274030000000001,GBR,ZAF,7111
97,246,1184,1992,13200,0,0.754112,1.911201,HKG,ZAF,7111
111,246,1184,1992,21617,0,1.7819,0.981246,ITA,ZAF,7111
114,246,1184,1992,15030,0,2.451698,0.875639,JPN,ZAF,7111
121,246,1184,1992,0,2092475,0.778066,1.3011139999999999,KOR,ZAF,7111
151,246,1184,1992,0,42937,-0.249558,-0.643201,MUS,ZAF,7111
152,246,1184,1992,0,112210,-1.368384,-1.205314,MWI,ZAF,7111
211,246,1184,1992,0,1237,0.05767100000000001,-0.6613020000000001,SYC,ZAF,7111
231,246,1184,1992,970401,0,1.660693,1.289752,USA,ZAF,7111
247,246,1184,1992,0,228263,-0.9865219999999999,-1.076062,ZMB,ZAF,7111
248,246,1184,1992,2348,211190,-0.11168099999999999,0.143612,ZWE,ZAF,7111
249,246,1184,1992,203104,0,1.3694790000000001,1.6227559999999999,TWN,ZAF,7111
250,246,1184,1992,2296,1413,0.989994,0.977453,ANS,ZAF,7111
7,249,1184,1992,0,2945,-0.495518,-0.963358,ARE,TWN,7111
14,249,1184,1992,8386,0,0.083812,0.637224,AUS,TWN,7111
18,249,1184,1992,676154,0,1.449085,1.622957,BEL,TWN,7111
22,249,1184,1992,0,12420,-0.608254,-0.921751,BGD,TWN,7111
39,249,1184,1992,15671824,5080,0.74703,1.096791,CAN,TWN,7111
41,249,1184,1992,55872,0,2.24952,1.014945,CHE,TWN,7111
43,249,1184,1992,0,1186558,0.269411,1.920075,CHN,TWN,7111
61,249,1184,1992,485257,34679,2.2968349999999997,-2.581569,DEU,TWN,7111
65,249,1184,1992,0,10000,-0.338979,-0.5049279999999999,DOM,TWN,7111
68,249,1184,1992,0,23136,-0.102143,-0.17513499999999999,EGY,TWN,7111
74,249,1184,1992,583784,0,1.929661,1.3477,FIN,TWN,7111
75,249,1184,1992,0,923,-0.573887,-0.6382680000000001,FJI,TWN,7111
77,249,1184,1992,430177,0,1.682766,1.2713430000000001,FRA,TWN,7111
81,249,1184,1992,104219,0,1.8901810000000001,0.9274030000000001,GBR,TWN,7111
83,249,1184,1992,0,36307,-0.936314,-0.935839,GHA,TWN,7111
97,249,1184,1992,4259,4668132,0.754112,1.911201,HKG,TWN,7111
102,249,1184,1992,32832,0,0.9144620000000001,2.157041,HUN,TWN,7111
103,249,1184,1992,0,932900,-0.5250670000000001,0.717568,IDN,TWN,7111
111,249,1184,1992,196345,0,1.7819,0.981246,ITA,TWN,7111
114,249,1184,1992,9417364,837158,2.451698,0.875639,JPN,TWN,7111
121,249,1184,1992,1398229,29238,0.778066,1.3011139999999999,KOR,TWN,7111
123,249,1184,1992,0,3000,-1.03711,-1.114235,LAO,TWN,7111
128,249,1184,1992,0,25185,-0.45780600000000005,-0.221948,LKA,TWN,7111
133,249,1184,1992,0,91273,0.249034,-0.026864,MAC,TWN,7111
136,249,1184,1992,0,21460,-0.977873,-0.743187,MDG,TWN,7111
151,249,1184,1992,0,3176,-0.249558,-0.643201,MUS,TWN,7111
153,249,1184,1992,0,1049463,0.14268499999999998,0.370079,MYS,TWN,7111
159,249,1184,1992,0,79000,-2.275923,-1.178983,NGA,TWN,7111
173,249,1184,1992,0,3682,-0.286545,-0.264638,PER,TWN,7111
174,249,1184,1992,0,1023832,-0.139761,0.772109,PHL,TWN,7111
183,249,1184,1992,0,26628,-0.491413,-1.004476,QAT,TWN,7111
188,249,1184,1992,0,54884,0.416315,-0.7342489999999999,SAU,TWN,7111
192,249,1184,1992,464098,101085,0.95691,0.892702,SGP,TWN,7111
197,249,1184,1992,0,48851,0.396523,0.47548900000000005,SLV,TWN,7111
208,249,1184,1992,7906,0,2.2265900000000003,0.999178,SWE,TWN,7111
216,249,1184,1992,0,1847444,0.109518,1.486578,THA,TWN,7111
231,249,1184,1992,6005698,17608,1.660693,1.289752,USA,TWN,7111
239,249,1184,1992,0,847000,-0.989259,-0.43416099999999996,VNM,TWN,7111
246,249,1184,1992,0,203104,0.236335,1.415622,ZAF,TWN,7111
250,249,1184,1992,0,14000,0.989994,0.977453,ANS,TWN,7111
25,8,1184,1992,0,281585,0.181088,-0.591638,BHS,ARG,7111
31,8,1184,1992,0,1091,-0.609826,-0.693473,BOL,ARG,7111
32,8,1184,1992,40894,0,0.685144,1.5676709999999998,BRA,ARG,7111
42,8,1184,1992,6625,41610,-0.188106,-0.360151,CHL,ARG,7111
111,8,1184,1992,40574,0,1.7819,0.981246,ITA,ARG,7111
114,8,1184,1992,4662,0,2.451698,0.875639,JPN,ARG,7111
121,8,1184,1992,1262,0,0.778066,1.3011139999999999,KOR,ARG,7111
169,8,1184,1992,0,20489,0.289315,0.37247199999999997,PAN,ARG,7111
180,8,1184,1992,0,368939,-0.906433,-0.787177,PRY,ARG,7111
230,8,1184,1992,0,68318,0.242758,0.711781,URY,ARG,7111
231,8,1184,1992,143827,0,1.660693,1.289752,USA,ARG,7111
236,8,1184,1992,0,4007,-0.106385,-0.65975,VEN,ARG,7111
61,19,1184,1992,20693,0,2.2968349999999997,-2.581569,DEU,BEN,7111
77,19,1184,1992,24519,0,1.682766,1.2713430000000001,FRA,BEN,7111
8,32,1184,1992,0,40894,0.043179,0.553408,ARG,BRA,7111
31,32,1184,1992,0,2710,-0.609826,-0.693473,BOL,BRA,7111
42,32,1184,1992,0,50005,-0.188106,-0.360151,CHL,BRA,7111
52,32,1184,1992,0,12076,0.11654,0.191873,CRI,BRA,7111
61,32,1184,1992,1007,0,2.2968349999999997,-2.581569,DEU,BRA,7111
64,32,1184,1992,2946,0,1.696464,1.365743,DNK,BRA,7111
65,32,1184,1992,0,24473,-0.338979,-0.5049279999999999,DOM,BRA,7111
67,32,1184,1992,0,32766,-0.815778,-0.9415459999999999,ECU,BRA,7111
77,32,1184,1992,20539,0,1.682766,1.2713430000000001,FRA,BRA,7111
81,32,1184,1992,5992,0,1.8901810000000001,0.9274030000000001,GBR,BRA,7111
96,32,1184,1992,0,43628,-0.6447689999999999,-0.808177,GUY,BRA,7111
99,32,1184,1992,0,23908,-0.5100640000000001,-0.38205900000000004,HND,BRA,7111
111,32,1184,1992,54166,0,1.7819,0.981246,ITA,BRA,7111
114,32,1184,1992,2263064,0,2.451698,0.875639,JPN,BRA,7111
147,32,1184,1992,0,4219,-0.119653,-0.28381100000000004,MOZ,BRA,7111
180,32,1184,1992,0,37387,-0.906433,-0.787177,PRY,BRA,7111
231,32,1184,1992,565288,0,1.660693,1.289752,USA,BRA,7111
236,32,1184,1992,0,18576,-0.106385,-0.65975,VEN,BRA,7111
15,58,1184,1992,1019147,0,1.975207,0.669388,AUT,CYP,7111
18,58,1184,1992,2030,0,1.449085,1.622957,BEL,CYP,7111
61,58,1184,1992,3993,0,2.2968349999999997,-2.581569,DEU,CYP,7111
77,58,1184,1992,37631,0,1.682766,1.2713430000000001,FRA,CYP,7111
81,58,1184,1992,273077,0,1.8901810000000001,0.9274030000000001,GBR,CYP,7111
90,58,1184,1992,33186,0,0.139504,0.743678,GRC,CYP,7111
110,58,1184,1992,28897,1965,1.354362,1.3260530000000001,ISR,CYP,7111
111,58,1184,1992,59631,0,1.7819,0.981246,ITA,CYP,7111
114,58,1184,1992,3463,0,2.451698,0.875639,JPN,CYP,7111
124,58,1184,1992,79957,0,0.186135,0.800906,LBN,CYP,7111
208,58,1184,1992,8574,0,2.2265900000000003,0.999178,SWE,CYP,7111
224,58,1184,1992,53604,0,0.160966,1.154796,TUR,CYP,7111
231,58,1184,1992,4437,0,1.660693,1.289752,USA,CYP,7111
250,58,1184,1992,32132,0,0.989994,0.977453,ANS,CYP,7111
14,83,1184,1992,3567,0,0.083812,0.637224,AUS,GHA,7111
39,83,1184,1992,3344,0,0.74703,1.096791,CAN,GHA,7111
61,83,1184,1992,62149,0,2.2968349999999997,-2.581569,DEU,GHA,7111
81,83,1184,1992,537847,0,1.8901810000000001,0.9274030000000001,GBR,GHA,7111
97,83,1184,1992,11606,0,0.754112,1.911201,HKG,GHA,7111
192,83,1184,1992,910520,0,0.95691,0.892702,SGP,GHA,7111
231,83,1184,1992,1619300,0,1.660693,1.289752,USA,GHA,7111
249,83,1184,1992,36307,0,1.3694790000000001,1.6227559999999999,TWN,GHA,7111
4,90,1184,1992,0,15524,-0.24194200000000002,-0.395524,ALB,GRC,7111
15,90,1184,1992,48697,0,1.975207,0.669388,AUT,GRC,7111
18,90,1184,1992,304733,0,1.449085,1.622957,BEL,GRC,7111
23,90,1184,1992,13488,8572,0.503161,1.871616,BGR,GRC,7111
39,90,1184,1992,46710,0,0.74703,1.096791,CAN,GRC,7111
41,90,1184,1992,55719,0,2.24952,1.014945,CHE,GRC,7111
58,90,1184,1992,0,33186,0.471516,0.668776,CYP,GRC,7111
61,90,1184,1992,1634000,1586,2.2968349999999997,-2.581569,DEU,GRC,7111
71,90,1184,1992,10967,1489,1.301511,1.730441,ESP,GRC,7111
81,90,1184,1992,706809,0,1.8901810000000001,0.9274030000000001,GBR,GRC,7111
102,90,1184,1992,102455,0,0.9144620000000001,2.157041,HUN,GRC,7111
111,90,1184,1992,954504,52475,1.7819,0.981246,ITA,GRC,7111
130,90,1184,1992,0,1308,0.7271810000000001,0.482357,LTU,GRC,7111
159,90,1184,1992,0,27385,-2.275923,-1.178983,NGA,GRC,7111
169,90,1184,1992,0,65478,0.289315,0.37247199999999997,PAN,GRC,7111
177,90,1184,1992,44743,0,0.581166,2.070795,POL,GRC,7111
185,90,1184,1992,0,67778,0.838817,1.358629,ROU,GRC,7111
186,90,1184,1992,0,2144,0.071799,0.14036099999999999,RUS,GRC,7111
208,90,1184,1992,0,1869,2.2265900000000003,0.999178,SWE,GRC,7111
224,90,1184,1992,0,3922,0.160966,1.154796,TUR,GRC,7111
231,90,1184,1992,121149,0,1.660693,1.289752,USA,GRC,7111
234,90,1184,1992,0,1352,-0.219271,-0.65981,VCT,GRC,7111
61,116,1184,1992,134259,0,2.2968349999999997,-2.581569,DEU,KEN,7111
77,116,1184,1992,2616,0,1.682766,1.2713430000000001,FRA,KEN,7111
81,116,1184,1992,201308,0,1.8901810000000001,0.9274030000000001,GBR,KEN,7111
97,116,1184,1992,8706,0,0.754112,1.911201,HKG,KEN,7111
104,116,1184,1992,143531,0,0.101094,1.6851180000000001,IND,KEN,7111
111,116,1184,1992,15801,0,1.7819,0.981246,ITA,KEN,7111
114,116,1184,1992,1397,0,2.451698,0.875639,JPN,KEN,7111
192,116,1184,1992,71753,0,0.95691,0.892702,SGP,KEN,7111
208,116,1184,1992,16319,0,2.2265900000000003,0.999178,SWE,KEN,7111
231,116,1184,1992,65383,0,1.660693,1.289752,USA,KEN,7111
43,133,1184,1992,18280,28160,0.269411,1.920075,CHN,MAC,7111
61,133,1184,1992,25257,0,2.2968349999999997,-2.581569,DEU,MAC,7111
81,133,1184,1992,82428,0,1.8901810000000001,0.9274030000000001,GBR,MAC,7111
97,133,1184,1992,526386,0,0.754112,1.911201,HKG,MAC,7111
114,133,1184,1992,10289,0,2.451698,0.875639,JPN,MAC,7111
123,133,1184,1992,0,7669,-1.03711,-1.114235,LAO,MAC,7111
208,133,1184,1992,3074,0,2.2265900000000003,0.999178,SWE,MAC,7111
231,133,1184,1992,25409,0,1.660693,1.289752,USA,MAC,7111
249,133,1184,1992,91273,0,1.3694790000000001,1.6227559999999999,TWN,MAC,7111
18,134,1184,1992,1713,0,1.449085,1.622957,BEL,MAR,7111
39,134,1184,1992,18201,0,0.74703,1.096791,CAN,MAR,7111
41,134,1184,1992,22916,0,2.24952,1.014945,CHE,MAR,7111
61,134,1184,1992,51749,0,2.2968349999999997,-2.581569,DEU,MAR,7111
71,134,1184,1992,169961,6965,1.301511,1.730441,ESP,MAR,7111
77,134,1184,1992,975839,0,1.682766,1.2713430000000001,FRA,MAR,7111
81,134,1184,1992,31024,0,1.8901810000000001,0.9274030000000001,GBR,MAR,7111
97,134,1184,1992,19245,0,0.754112,1.911201,HKG,MAR,7111
111,134,1184,1992,39460,0,1.7819,0.981246,ITA,MAR,7111
126,134,1184,1992,0,4684,-0.333309,-0.981883,LBY,MAR,7111
179,134,1184,1992,70653,0,0.47505,0.8402860000000001,PRT,MAR,7111
191,134,1184,1992,0,5652,-0.43371800000000005,-0.679547,SEN,MAR,7111
208,134,1184,1992,11392,0,2.2265900000000003,0.999178,SWE,MAR,7111
14,142,1184,1992,8383,0,0.083812,0.637224,AUS,MLT,7111
15,142,1184,1992,77765,0,1.975207,0.669388,AUT,MLT,7111
61,142,1184,1992,38762,0,2.2968349999999997,-2.581569,DEU,MLT,7111
64,142,1184,1992,5338,0,1.696464,1.365743,DNK,MLT,7111
81,142,1184,1992,83619,0,1.8901810000000001,0.9274030000000001,GBR,MLT,7111
111,142,1184,1992,50757,16872,1.7819,0.981246,ITA,MLT,7111
162,142,1184,1992,8692,0,1.4315069999999999,1.7107450000000002,NLD,MLT,7111
231,142,1184,1992,1119,0,1.660693,1.289752,USA,MLT,7111
77,150,1184,1992,45431,5693,1.682766,1.2713430000000001,FRA,MTQ,7111
18,191,1184,1992,71811,0,1.449085,1.622957,BEL,SEN,7111
77,191,1184,1992,10761,0,1.682766,1.2713430000000001,FRA,SEN,7111
111,191,1184,1992,14041,0,1.7819,0.981246,ITA,SEN,7111
134,191,1184,1992,5652,0,-0.339711,-0.265987,MAR,SEN,7111
41,248,1184,1992,1242,0,2.24952,1.014945,CHE,ZWE,7111
46,248,1184,1992,0,5083,-1.55348,-1.100071,COD,ZWE,7111
64,248,1184,1992,9107,0,1.696464,1.365743,DNK,ZWE,7111
81,248,1184,1992,33825,0,1.8901810000000001,0.9274030000000001,GBR,ZWE,7111
97,248,1184,1992,3124,0,0.754112,1.911201,HKG,ZWE,7111
111,248,1184,1992,7371,0,1.7819,0.981246,ITA,ZWE,7111
147,248,1184,1992,0,5039,-0.119653,-0.28381100000000004,MOZ,ZWE,7111
152,248,1184,1992,0,43696,-1.368384,-1.205314,MWI,ZWE,7111
208,248,1184,1992,4969,0,2.2265900000000003,0.999178,SWE,ZWE,7111
246,248,1184,1992,211190,2348,0.236335,1.415622,ZAF,ZWE,7111
247,248,1184,1992,0,1154929,-0.9865219999999999,-1.076062,ZMB,ZWE,7111
6,236,1184,1992,13031,0,0.258484,-0.47236000000000006,ANT,VEN,7111
8,236,1184,1992,4007,0,0.043179,0.553408,ARG,VEN,7111
32,236,1184,1992,18576,0,0.685144,1.5676709999999998,BRA,VEN,7111
39,236,1184,1992,114218,0,0.74703,1.096791,CAN,VEN,7111
49,236,1184,1992,2225,0,0.022895,0.22971799999999998,COL,VEN,7111
54,236,1184,1992,0,103022,-0.719011,-1.077984,CUB,VEN,7111
64,236,1184,1992,3285,0,1.696464,1.365743,DNK,VEN,7111
71,236,1184,1992,29681,0,1.301511,1.730441,ESP,VEN,7111
74,236,1184,1992,1000,0,1.929661,1.3477,FIN,VEN,7111
77,236,1184,1992,1028,0,1.682766,1.2713430000000001,FRA,VEN,7111
81,236,1184,1992,4905738,0,1.8901810000000001,0.9274030000000001,GBR,VEN,7111
97,236,1184,1992,15496,0,0.754112,1.911201,HKG,VEN,7111
111,236,1184,1992,88875,0,1.7819,0.981246,ITA,VEN,7111
173,236,1184,1992,0,37641,-0.286545,-0.264638,PER,VEN,7111
231,236,1184,1992,216321,0,1.660693,1.289752,USA,VEN,7111
8,31,1184,1992,1091,0,0.043179,0.553408,ARG,BOL,7111
32,31,1184,1992,2710,0,0.685144,1.5676709999999998,BRA,BOL,7111
49,31,1184,1992,1884052,0,0.022895,0.22971799999999998,COL,BOL,7111
61,31,1184,1992,148906,0,2.2968349999999997,-2.581569,DEU,BOL,7111
111,31,1184,1992,1240,0,1.7819,0.981246,ITA,BOL,7111
231,31,1184,1992,4463,0,1.660693,1.289752,USA,BOL,7111
18,67,1184,1992,16625,0,1.449085,1.622957,BEL,ECU,7111
32,67,1184,1992,32766,0,0.685144,1.5676709999999998,BRA,ECU,7111
49,67,1184,1992,128089,0,0.022895,0.22971799999999998,COL,ECU,7111
71,67,1184,1992,32830,0,1.301511,1.730441,ESP,ECU,7111
81,67,1184,1992,1558,0,1.8901810000000001,0.9274030000000001,GBR,ECU,7111
102,67,1184,1992,129706,0,0.9144620000000001,2.157041,HUN,ECU,7111
114,67,1184,1992,279328,0,2.451698,0.875639,JPN,ECU,7111
162,67,1184,1992,2287,0,1.4315069999999999,1.7107450000000002,NLD,ECU,7111
231,67,1184,1992,928296,0,1.660693,1.289752,USA,ECU,7111
39,212,1184,1992,55188,0,0.74703,1.096791,CAN,SYR,7111
41,212,1184,1992,29929,0,2.24952,1.014945,CHE,SYR,7111
61,212,1184,1992,501224,0,2.2968349999999997,-2.581569,DEU,SYR,7111
64,212,1184,1992,116362,0,1.696464,1.365743,DNK,SYR,7111
77,212,1184,1992,1803,0,1.682766,1.2713430000000001,FRA,SYR,7111
111,212,1184,1992,26120,0,1.7819,0.981246,ITA,SYR,7111
113,212,1184,1992,0,942,0.716964,0.5323760000000001,JOR,SYR,7111
114,212,1184,1992,44036,0,2.451698,0.875639,JPN,SYR,7111
124,212,1184,1992,53922,0,0.186135,0.800906,LBN,SYR,7111
162,212,1184,1992,28887,0,1.4315069999999999,1.7107450000000002,NLD,SYR,7111
186,212,1184,1992,9837,0,0.071799,0.14036099999999999,RUS,SYR,7111
208,212,1184,1992,11492,0,2.2265900000000003,0.999178,SWE,SYR,7111
224,212,1184,1992,99590,0,0.160966,1.154796,TUR,SYR,7111
231,212,1184,1992,46392,0,1.660693,1.289752,USA,SYR,7111
61,66,1184,1992,64186,0,2.2968349999999997,-2.581569,DEU,DZA,7111
64,66,1184,1992,185180,0,1.696464,1.365743,DNK,DZA,7111
71,66,1184,1992,191937,0,1.301511,1.730441,ESP,DZA,7111
77,66,1184,1992,8461,0,1.682766,1.2713430000000001,FRA,DZA,7111
81,66,1184,1992,114064,0,1.8901810000000001,0.9274030000000001,GBR,DZA,7111
111,66,1184,1992,920148,0,1.7819,0.981246,ITA,DZA,7111
186,66,1184,1992,1837329,0,0.071799,0.14036099999999999,RUS,DZA,7111
208,66,1184,1992,2194,0,2.2265900000000003,0.999178,SWE,DZA,7111
61,29,1184,1992,10142,0,2.2968349999999997,-2.581569,DEU,BLZ,7111
81,29,1184,1992,13801,0,1.8901810000000001,0.9274030000000001,GBR,BLZ,7111
138,29,1184,1992,18106,0,0.9039370000000001,0.965842,MEX,BLZ,7111
231,29,1184,1992,6276,0,1.660693,1.289752,USA,BLZ,7111
77,86,1184,1992,143765,0,1.682766,1.2713430000000001,FRA,GLP,7111
32,96,1184,1992,43628,0,0.685144,1.5676709999999998,BRA,GUY,7111
231,96,1184,1992,11073,0,1.660693,1.289752,USA,GUY,7111
39,112,1184,1992,11228,0,0.74703,1.096791,CAN,JAM,7111
43,112,1184,1992,25485,0,0.269411,1.920075,CHN,JAM,7111
61,112,1184,1992,74367,0,2.2968349999999997,-2.581569,DEU,JAM,7111
231,112,1184,1992,6831,0,1.660693,1.289752,USA,JAM,7111
250,112,1184,1992,13201,0,0.989994,0.977453,ANS,JAM,7111
77,127,1184,1992,17773,0,1.682766,1.2713430000000001,FRA,LCA,7111
121,127,1184,1992,1528,0,0.778066,1.3011139999999999,KOR,LCA,7111
231,127,1184,1992,22012,0,1.660693,1.289752,USA,LCA,7111
81,160,1184,1992,27454,0,1.8901810000000001,0.9274030000000001,GBR,NIC,7111
93,160,1184,1992,26013,0,-0.031145999999999997,0.48874300000000004,GTM,NIC,7111
111,160,1184,1992,4114,0,1.7819,0.981246,ITA,NIC,7111
163,160,1184,1992,20950,0,0.877965,0.444983,NOR,NIC,7111
231,160,1184,1992,254043,0,1.660693,1.289752,USA,NIC,7111
39,173,1184,1992,2231,0,0.74703,1.096791,CAN,PER,7111
43,173,1184,1992,9135,0,0.269411,1.920075,CHN,PER,7111
49,173,1184,1992,882361,18019,0.022895,0.22971799999999998,COL,PER,7111
61,173,1184,1992,511804,0,2.2968349999999997,-2.581569,DEU,PER,7111
71,173,1184,1992,56640,0,1.301511,1.730441,ESP,PER,7111
111,173,1184,1992,2259,0,1.7819,0.981246,ITA,PER,7111
114,173,1184,1992,3390,0,2.451698,0.875639,JPN,PER,7111
169,173,1184,1992,29957,0,0.289315,0.37247199999999997,PAN,PER,7111
231,173,1184,1992,1254394,0,1.660693,1.289752,USA,PER,7111
236,173,1184,1992,37641,0,-0.106385,-0.65975,VEN,PER,7111
249,173,1184,1992,3682,0,1.3694790000000001,1.6227559999999999,TWN,PER,7111
250,173,1184,1992,1429,0,0.989994,0.977453,ANS,PER,7111
8,180,1184,1992,368939,0,0.043179,0.553408,ARG,PRY,7111
32,180,1184,1992,37387,0,0.685144,1.5676709999999998,BRA,PRY,7111
71,180,1184,1992,204341,0,1.301511,1.730441,ESP,PRY,7111
114,180,1184,1992,18402,0,2.451698,0.875639,JPN,PRY,7111
121,180,1184,1992,24323,0,0.778066,1.3011139999999999,KOR,PRY,7111
230,180,1184,1992,145689,0,0.242758,0.711781,URY,PRY,7111
231,180,1184,1992,25947,0,1.660693,1.289752,USA,PRY,7111
61,197,1184,1992,15195,0,2.2968349999999997,-2.581569,DEU,SLV,7111
81,197,1184,1992,20499,0,1.8901810000000001,0.9274030000000001,GBR,SLV,7111
99,197,1184,1992,0,1592,-0.5100640000000001,-0.38205900000000004,HND,SLV,7111
114,197,1184,1992,11426,0,2.451698,0.875639,JPN,SLV,7111
231,197,1184,1992,699048,0,1.660693,1.289752,USA,SLV,7111
249,197,1184,1992,48851,0,1.3694790000000001,1.6227559999999999,TWN,SLV,7111
250,197,1184,1992,3454,0,0.989994,0.977453,ANS,SLV,7111
41,205,1184,1992,16846,0,2.24952,1.014945,CHE,SUR,7111
61,205,1184,1992,23966,0,2.2968349999999997,-2.581569,DEU,SUR,7111
65,205,1184,1992,216283,0,-0.338979,-0.5049279999999999,DOM,SUR,7111
94,205,1184,1992,2091,0,0.9797959999999999,0.125384,GUF,SUR,7111
162,205,1184,1992,157546,0,1.4315069999999999,1.7107450000000002,NLD,SUR,7111
231,205,1184,1992,428355,2874,1.660693,1.289752,USA,SUR,7111
8,230,1184,1992,68318,0,0.043179,0.553408,ARG,URY,7111
39,230,1184,1992,1760,0,0.74703,1.096791,CAN,URY,7111
42,230,1184,1992,0,159674,-0.188106,-0.360151,CHL,URY,7111
61,230,1184,1992,1222,0,2.2968349999999997,-2.581569,DEU,URY,7111
111,230,1184,1992,8207,0,1.7819,0.981246,ITA,URY,7111
180,230,1184,1992,0,145689,-0.906433,-0.787177,PRY,URY,7111
231,230,1184,1992,20652,0,1.660693,1.289752,USA,URY,7111
250,230,1184,1992,0,108325,0.989994,0.977453,ANS,URY,7111
18,24,1184,1992,182008,0,1.449085,1.622957,BEL,BHR,7111
61,24,1184,1992,173687,0,2.2968349999999997,-2.581569,DEU,BHR,7111
97,24,1184,1992,6718,0,0.754112,1.911201,HKG,BHR,7111
208,24,1184,1992,19603,0,2.2265900000000003,0.999178,SWE,BHR,7111
231,24,1184,1992,140223,0,1.660693,1.289752,USA,BHR,7111
77,34,1184,1992,4379,0,1.682766,1.2713430000000001,FRA,BRN,7111
81,34,1184,1992,1313,0,1.8901810000000001,0.9274030000000001,GBR,BRN,7111
97,34,1184,1992,0,12830,0.754112,1.911201,HKG,BRN,7111
111,34,1184,1992,43952,0,1.7819,0.981246,ITA,BRN,7111
153,34,1184,1992,1590,0,0.14268499999999998,0.370079,MYS,BRN,7111
192,34,1184,1992,159654,0,0.95691,0.892702,SGP,BRN,7111
77,44,1184,1992,37562,0,1.682766,1.2713430000000001,FRA,CIV,7111
231,44,1184,1992,3909,0,1.660693,1.289752,USA,CIV,7111
18,46,1184,1992,6922,0,1.449085,1.622957,BEL,COD,7111
81,46,1184,1992,6156,0,1.8901810000000001,0.9274030000000001,GBR,COD,7111
248,46,1184,1992,5083,0,-0.11168099999999999,0.143612,ZWE,COD,7111
15,53,1184,1992,6228032,4538,1.975207,0.669388,AUT,CSK,7111
23,53,1184,1992,0,17126,0.503161,1.871616,BGR,CSK,7111
41,53,1184,1992,8505,0,2.24952,1.014945,CHE,CSK,7111
43,53,1184,1992,0,334991,0.269411,1.920075,CHN,CSK,7111
49,53,1184,1992,0,20309,0.022895,0.22971799999999998,COL,CSK,7111
61,53,1184,1992,2999660,271226,2.2968349999999997,-2.581569,DEU,CSK,7111
64,53,1184,1992,182012,0,1.696464,1.365743,DNK,CSK,7111
77,53,1184,1992,7028,5332,1.682766,1.2713430000000001,FRA,CSK,7111
100,53,1184,1992,375061,0,0.877872,1.726188,HRV,CSK,7111
102,53,1184,1992,82755,8918,0.9144620000000001,2.157041,HUN,CSK,7111
103,53,1184,1992,0,227290,-0.5250670000000001,0.717568,IDN,CSK,7111
111,53,1184,1992,2113,0,1.7819,0.981246,ITA,CSK,7111
114,53,1184,1992,583559,0,2.451698,0.875639,JPN,CSK,7111
162,53,1184,1992,98188,0,1.4315069999999999,1.7107450000000002,NLD,CSK,7111
177,53,1184,1992,18162,1380268,0.581166,2.070795,POL,CSK,7111
189,53,1184,1992,0,369986,0.9474950000000001,2.442268,SCG,CSK,7111
208,53,1184,1992,0,167101,2.2265900000000003,0.999178,SWE,CSK,7111
71,54,1184,1992,989489,0,1.301511,1.730441,ESP,CUB,7111
111,54,1184,1992,104067,0,1.7819,0.981246,ITA,CUB,7111
114,54,1184,1992,215658,0,2.451698,0.875639,JPN,CUB,7111
236,54,1184,1992,103022,0,-0.106385,-0.65975,VEN,CUB,7111
61,72,1184,1992,235989,0,2.2968349999999997,-2.581569,DEU,EST,7111
208,72,1184,1992,171696,0,2.2265900000000003,0.999178,SWE,EST,7111
61,73,1184,1992,66846,0,2.2968349999999997,-2.581569,DEU,ETH,7111
111,73,1184,1992,30993,0,1.7819,0.981246,ITA,ETH,7111
15,107,1184,1992,6515124,0,1.975207,0.669388,AUT,IRN,7111
41,107,1184,1992,11292,0,2.24952,1.014945,CHE,IRN,7111
61,107,1184,1992,5784642,0,2.2968349999999997,-2.581569,DEU,IRN,7111
77,107,1184,1992,128994,0,1.682766,1.2713430000000001,FRA,IRN,7111
81,107,1184,1992,112494,0,1.8901810000000001,0.9274030000000001,GBR,IRN,7111
111,107,1184,1992,2572902,0,1.7819,0.981246,ITA,IRN,7111
114,107,1184,1992,1383460,0,2.451698,0.875639,JPN,IRN,7111
121,107,1184,1992,69000,0,0.778066,1.3011139999999999,KOR,IRN,7111
39,122,1184,1992,4005,0,0.74703,1.096791,CAN,KWT,7111
41,122,1184,1992,26140,0,2.24952,1.014945,CHE,KWT,7111
81,122,1184,1992,76430,0,1.8901810000000001,0.9274030000000001,GBR,KWT,7111
104,122,1184,1992,18631,0,0.101094,1.6851180000000001,IND,KWT,7111
188,122,1184,1992,299313,0,0.416315,-0.7342489999999999,SAU,KWT,7111
208,122,1184,1992,71799,0,2.2265900000000003,0.999178,SWE,KWT,7111
231,122,1184,1992,397214,0,1.660693,1.289752,USA,KWT,7111
41,124,1184,1992,2085,0,2.24952,1.014945,CHE,LBN,7111
58,124,1184,1992,0,79957,0.471516,0.668776,CYP,LBN,7111
188,124,1184,1992,5074,82296,0.416315,-0.7342489999999999,SAU,LBN,7111
208,124,1184,1992,1203,0,2.2265900000000003,0.999178,SWE,LBN,7111
212,124,1184,1992,0,53922,-0.566724,-0.602446,SYR,LBN,7111
231,124,1184,1992,48949,0,1.660693,1.289752,USA,LBN,7111
41,126,1184,1992,7368,0,2.24952,1.014945,CHE,LBY,7111
61,126,1184,1992,61246,0,2.2968349999999997,-2.581569,DEU,LBY,7111
81,126,1184,1992,84996,0,1.8901810000000001,0.9274030000000001,GBR,LBY,7111
111,126,1184,1992,246966,0,1.7819,0.981246,ITA,LBY,7111
134,126,1184,1992,4684,0,-0.339711,-0.265987,MAR,LBY,7111
223,126,1184,1992,3979,0,0.14482,-0.13608,TUN,LBY,7111
61,130,1184,1992,8850,0,2.2968349999999997,-2.581569,DEU,LTU,7111
74,130,1184,1992,741206,0,1.929661,1.3477,FIN,LTU,7111
90,130,1184,1992,1308,0,0.139504,0.743678,GRC,LTU,7111
186,130,1184,1992,4216,0,0.071799,0.14036099999999999,RUS,LTU,7111
208,130,1184,1992,5107,0,2.2265900000000003,0.999178,SWE,LTU,7111
77,136,1184,1992,103664,0,1.682766,1.2713430000000001,FRA,MDG,7111
97,136,1184,1992,19471,0,0.754112,1.911201,HKG,MDG,7111
111,136,1184,1992,42120,0,1.7819,0.981246,ITA,MDG,7111
249,136,1184,1992,21460,0,1.3694790000000001,1.6227559999999999,TWN,MDG,7111
43,143,1184,1992,5141,0,0.269411,1.920075,CHN,MMR,7111
97,143,1184,1992,35813,0,0.754112,1.911201,HKG,MMR,7111
114,143,1184,1992,1356,0,2.451698,0.875639,JPN,MMR,7111
192,143,1184,1992,9470,0,0.95691,0.892702,SGP,MMR,7111
43,151,1184,1992,42617,2476,0.269411,1.920075,CHN,MUS,7111
61,151,1184,1992,5862,0,2.2968349999999997,-2.581569,DEU,MUS,7111
77,151,1184,1992,1827,0,1.682766,1.2713430000000001,FRA,MUS,7111
81,151,1184,1992,34022,0,1.8901810000000001,0.9274030000000001,GBR,MUS,7111
97,151,1184,1992,29029,0,0.754112,1.911201,HKG,MUS,7111
111,151,1184,1992,11854,0,1.7819,0.981246,ITA,MUS,7111
114,151,1184,1992,1442,0,2.451698,0.875639,JPN,MUS,7111
184,151,1184,1992,183820,0,0.251216,-0.448812,REU,MUS,7111
192,151,1184,1992,6132,0,0.95691,0.892702,SGP,MUS,7111
231,151,1184,1992,7186,0,1.660693,1.289752,USA,MUS,7111
246,151,1184,1992,42937,0,0.236335,1.415622,ZAF,MUS,7111
249,151,1184,1992,3176,0,1.3694790000000001,1.6227559999999999,TWN,MUS,7111
81,164,1184,1992,0,1712,1.8901810000000001,0.9274030000000001,GBR,NPL,7111
97,164,1184,1992,14360,0,0.754112,1.911201,HKG,NPL,7111
114,164,1184,1992,12974,0,2.451698,0.875639,JPN,NPL,7111
7,167,1184,1992,47474,0,-0.495518,-0.963358,ARE,OMN,7111
64,167,1184,1992,9477,0,1.696464,1.365743,DNK,OMN,7111
81,167,1184,1992,29766,3917,1.8901810000000001,0.9274030000000001,GBR,OMN,7111
97,167,1184,1992,1663,0,0.754112,1.911201,HKG,OMN,7111
104,167,1184,1992,26896,0,0.101094,1.6851180000000001,IND,OMN,7111
114,167,1184,1992,18589,0,2.451698,0.875639,JPN,OMN,7111
162,167,1184,1992,59599,0,1.4315069999999999,1.7107450000000002,NLD,OMN,7111
61,183,1184,1992,30416,0,2.2968349999999997,-2.581569,DEU,QAT,7111
81,183,1184,1992,100184,0,1.8901810000000001,0.9274030000000001,GBR,QAT,7111
111,183,1184,1992,296019,0,1.7819,0.981246,ITA,QAT,7111
188,183,1184,1992,21587076,0,0.416315,-0.7342489999999999,SAU,QAT,7111
208,183,1184,1992,11668,0,2.2265900000000003,0.999178,SWE,QAT,7111
249,183,1184,1992,26628,0,1.3694790000000001,1.6227559999999999,TWN,QAT,7111
77,184,1184,1992,370240,86686,1.682766,1.2713430000000001,FRA,REU,7111
81,184,1184,1992,17118,0,1.8901810000000001,0.9274030000000001,GBR,REU,7111
151,184,1184,1992,0,183820,-0.249558,-0.643201,MUS,REU,7111
15,186,1184,1992,396049,0,1.975207,0.669388,AUT,RUS,7111
22,186,1184,1992,0,1455319,-0.608254,-0.921751,BGD,RUS,7111
23,186,1184,1992,0,38436,0.503161,1.871616,BGR,RUS,7111
39,186,1184,1992,111027,0,0.74703,1.096791,CAN,RUS,7111
43,186,1184,1992,850678,526709,0.269411,1.920075,CHN,RUS,7111
61,186,1184,1992,1157700,5658,2.2968349999999997,-2.581569,DEU,RUS,7111
64,186,1184,1992,246858,0,1.696464,1.365743,DNK,RUS,7111
66,186,1184,1992,0,1837329,-0.24189699999999997,-0.9399219999999999,DZA,RUS,7111
71,186,1184,1992,237088,0,1.301511,1.730441,ESP,RUS,7111
74,186,1184,1992,3627734,0,1.929661,1.3477,FIN,RUS,7111
77,186,1184,1992,32323,0,1.682766,1.2713430000000001,FRA,RUS,7111
81,186,1184,1992,175370,0,1.8901810000000001,0.9274030000000001,GBR,RUS,7111
90,186,1184,1992,2144,0,0.139504,0.743678,GRC,RUS,7111
100,186,1184,1992,240039,0,0.877872,1.726188,HRV,RUS,7111
102,186,1184,1992,334444,0,0.9144620000000001,2.157041,HUN,RUS,7111
104,186,1184,1992,918904,0,0.101094,1.6851180000000001,IND,RUS,7111
111,186,1184,1992,7715,0,1.7819,0.981246,ITA,RUS,7111
114,186,1184,1992,112447,0,2.451698,0.875639,JPN,RUS,7111
130,186,1184,1992,0,4216,0.7271810000000001,0.482357,LTU,RUS,7111
163,186,1184,1992,3636311,0,0.877965,0.444983,NOR,RUS,7111
177,186,1184,1992,44323,0,0.581166,2.070795,POL,RUS,7111
185,186,1184,1992,7980057,2617,0.838817,1.358629,ROU,RUS,7111
207,186,1184,1992,37362,0,1.3270629999999999,1.605534,SVN,RUS,7111
208,186,1184,1992,251401,0,2.2265900000000003,0.999178,SWE,RUS,7111
212,186,1184,1992,0,9837,-0.566724,-0.602446,SYR,RUS,7111
224,186,1184,1992,445667,0,0.160966,1.154796,TUR,RUS,7111
231,186,1184,1992,8544,0,1.660693,1.289752,USA,RUS,7111
15,190,1184,1992,13491,0,1.975207,0.669388,AUT,SDN,7111
18,190,1184,1992,390463,0,1.449085,1.622957,BEL,SDN,7111
81,190,1184,1992,195728,0,1.8901810000000001,0.9274030000000001,GBR,SDN,7111
162,190,1184,1992,3188,0,1.4315069999999999,1.7107450000000002,NLD,SDN,7111
246,211,1184,1992,1237,0,0.236335,1.415622,ZAF,SYC,7111
18,223,1184,1992,61212,0,1.449085,1.622957,BEL,TUN,7111
41,223,1184,1992,2373,0,2.24952,1.014945,CHE,TUN,7111
61,223,1184,1992,237353,82823,2.2968349999999997,-2.581569,DEU,TUN,7111
71,223,1184,1992,105854,0,1.301511,1.730441,ESP,TUN,7111
74,223,1184,1992,13360,0,1.929661,1.3477,FIN,TUN,7111
77,223,1184,1992,514371,0,1.682766,1.2713430000000001,FRA,TUN,7111
81,223,1184,1992,2925,0,1.8901810000000001,0.9274030000000001,GBR,TUN,7111
111,223,1184,1992,1321255,5953,1.7819,0.981246,ITA,TUN,7111
126,223,1184,1992,0,3979,-0.333309,-0.981883,LBY,TUN,7111
162,223,1184,1992,14928,0,1.4315069999999999,1.7107450000000002,NLD,TUN,7111
208,223,1184,1992,9439,0,2.2265900000000003,0.999178,SWE,TUN,7111
224,223,1184,1992,37448,0,0.160966,1.154796,TUR,TUN,7111
250,223,1184,1992,13428,8824,0.989994,0.977453,ANS,TUN,7111
61,226,1184,1992,136036,0,2.2968349999999997,-2.581569,DEU,TZA,7111
81,226,1184,1992,358717,0,1.8901810000000001,0.9274030000000001,GBR,TZA,7111
104,226,1184,1992,330690,0,0.101094,1.6851180000000001,IND,TZA,7111
114,226,1184,1992,38538,0,2.451698,0.875639,JPN,TZA,7111
61,239,1184,1992,335253,0,2.2968349999999997,-2.581569,DEU,VNM,7111
81,239,1184,1992,80836,0,1.8901810000000001,0.9274030000000001,GBR,VNM,7111
97,239,1184,1992,46210,0,0.754112,1.911201,HKG,VNM,7111
111,239,1184,1992,825251,0,1.7819,0.981246,ITA,VNM,7111
114,239,1184,1992,324470,0,2.451698,0.875639,JPN,VNM,7111
121,239,1184,1992,84539,0,0.778066,1.3011139999999999,KOR,VNM,7111
192,239,1184,1992,4956,0,0.95691,0.892702,SGP,VNM,7111
216,239,1184,1992,174380,0,0.109518,1.486578,THA,VNM,7111
249,239,1184,1992,847000,0,1.3694790000000001,1.6227559999999999,TWN,VNM,7111
61,243,1184,1992,173852,0,2.2968349999999997,-2.581569,DEU,YEM,7111
81,243,1184,1992,85600,0,1.8901810000000001,0.9274030000000001,GBR,YEM,7111
188,243,1184,1992,8386,0,0.416315,-0.7342489999999999,SAU,YEM,7111
208,243,1184,1992,24237,0,2.2265900000000003,0.999178,SWE,YEM,7111
61,247,1184,1992,43965,0,2.2968349999999997,-2.581569,DEU,ZMB,7111
246,247,1184,1992,228263,0,0.236335,1.415622,ZAF,ZMB,7111
248,247,1184,1992,1154929,0,-0.11168099999999999,0.143612,ZWE,ZMB,7111
43,250,1184,1992,0,232750,0.269411,1.920075,CHN,ANS,7111
49,250,1184,1992,0,2492010,0.022895,0.22971799999999998,COL,ANS,7111
58,250,1184,1992,0,32132,0.471516,0.668776,CYP,ANS,7111
77,250,1184,1992,0,5010,1.682766,1.2713430000000001,FRA,ANS,7111
97,250,1184,1992,30108,0,0.754112,1.911201,HKG,ANS,7111
103,250,1184,1992,0,196748,-0.5250670000000001,0.717568,IDN,ANS,7111
111,250,1184,1992,1219,0,1.7819,0.981246,ITA,ANS,7111
112,250,1184,1992,0,13201,-0.200329,-0.595741,JAM,ANS,7111
121,250,1184,1992,14457,0,0.778066,1.3011139999999999,KOR,ANS,7111
166,250,1184,1992,0,2038,0.41866000000000003,0.580581,NZL,ANS,7111
169,250,1184,1992,0,5350,0.289315,0.37247199999999997,PAN,ANS,7111
173,250,1184,1992,0,1429,-0.286545,-0.264638,PER,ANS,7111
197,250,1184,1992,0,3454,0.396523,0.47548900000000005,SLV,ANS,7111
223,250,1184,1992,8824,13428,0.14482,-0.13608,TUN,ANS,7111
224,250,1184,1992,35708,0,0.160966,1.154796,TUR,ANS,7111
230,250,1184,1992,108325,0,0.242758,0.711781,URY,ANS,7111
246,250,1184,1992,1413,2296,0.236335,1.415622,ZAF,ANS,7111
249,250,1184,1992,14000,0,1.3694790000000001,1.6227559999999999,TWN,ANS,7111
77,2,1184,1992,3405,0,1.682766,1.2713430000000001,FRA,AGO,7111
111,2,1184,1992,104477,0,1.7819,0.981246,ITA,AGO,7111
179,2,1184,1992,175624,0,0.47505,0.8402860000000001,PRT,AGO,7111
246,2,1184,1992,181920,0,0.236335,1.415622,ZAF,AGO,7111
90,4,1184,1992,15524,0,0.139504,0.743678,GRC,ALB,7111
111,4,1184,1992,15260,0,1.7819,0.981246,ITA,ALB,7111
162,6,1184,1992,0,24680,1.4315069999999999,1.7107450000000002,NLD,ANT,7111
231,6,1184,1992,73952,0,1.660693,1.289752,USA,ANT,7111
236,6,1184,1992,0,13031,-0.106385,-0.65975,VEN,ANT,7111
15,7,1184,1992,2016312,0,1.975207,0.669388,AUT,ARE,7111
18,7,1184,1992,16526,0,1.449085,1.622957,BEL,ARE,7111
61,7,1184,1992,11434,0,2.2968349999999997,-2.581569,DEU,ARE,7111
64,7,1184,1992,7307,0,1.696464,1.365743,DNK,ARE,7111
81,7,1184,1992,208147,17050,1.8901810000000001,0.9274030000000001,GBR,ARE,7111
97,7,1184,1992,24761,0,0.754112,1.911201,HKG,ARE,7111
104,7,1184,1992,99379,0,0.101094,1.6851180000000001,IND,ARE,7111
114,7,1184,1992,89611,0,2.451698,0.875639,JPN,ARE,7111
121,7,1184,1992,45997,0,0.778066,1.3011139999999999,KOR,ARE,7111
167,7,1184,1992,0,47474,-0.906702,-1.0716709999999998,OMN,ARE,7111
168,7,1184,1992,0,15646,-0.480152,-0.361705,PAK,ARE,7111
188,7,1184,1992,5714,0,0.416315,-0.7342489999999999,SAU,ARE,7111
192,7,1184,1992,22290,0,0.95691,0.892702,SGP,ARE,7111
208,7,1184,1992,17194,0,2.2265900000000003,0.999178,SWE,ARE,7111
231,7,1184,1992,83750,0,1.660693,1.289752,USA,ARE,7111
249,7,1184,1992,2945,0,1.3694790000000001,1.6227559999999999,TWN,ARE,7111
8,25,1184,1992,281585,0,0.043179,0.553408,ARG,BHS,7111
138,25,1184,1992,0,3716,0.9039370000000001,0.965842,MEX,BHS,7111
231,25,1184,1992,161420,0,1.660693,1.289752,USA,BHS,7111
81,30,1184,1992,155553,0,1.8901810000000001,0.9274030000000001,GBR,BMU,7111
97,30,1184,1992,1162,0,0.754112,1.911201,HKG,BMU,7111
208,30,1184,1992,4278786,0,2.2265900000000003,0.999178,SWE,BMU,7111
61,45,1184,1992,8002,0,2.2968349999999997,-2.581569,DEU,CMR,7111
77,45,1184,1992,551855,0,1.682766,1.2713430000000001,FRA,CMR,7111
18,47,1184,1992,29462,0,1.449085,1.622957,BEL,COG,7111
61,47,1184,1992,6000,0,2.2968349999999997,-2.581569,DEU,COG,7111
18,85,1184,1992,25837,0,1.449085,1.622957,BEL,GIN,7111
14,110,1184,1992,5350,0,0.083812,0.637224,AUS,ISR,7111
18,110,1184,1992,3168,0,1.449085,1.622957,BEL,ISR,7111
41,110,1184,1992,65638,0,2.24952,1.014945,CHE,ISR,7111
58,110,1184,1992,1965,28897,0.471516,0.668776,CYP,ISR,7111
61,110,1184,1992,288375,0,2.2968349999999997,-2.581569,DEU,ISR,7111
64,110,1184,1992,529917,0,1.696464,1.365743,DNK,ISR,7111
77,110,1184,1992,20468,0,1.682766,1.2713430000000001,FRA,ISR,7111
81,110,1184,1992,2814,39535,1.8901810000000001,0.9274030000000001,GBR,ISR,7111
97,110,1184,1992,0,4604,0.754112,1.911201,HKG,ISR,7111
102,110,1184,1992,33766,0,0.9144620000000001,2.157041,HUN,ISR,7111
111,110,1184,1992,158380,0,1.7819,0.981246,ITA,ISR,7111
114,110,1184,1992,13624,0,2.451698,0.875639,JPN,ISR,7111
162,110,1184,1992,8018,0,1.4315069999999999,1.7107450000000002,NLD,ISR,7111
208,110,1184,1992,3253,0,2.2265900000000003,0.999178,SWE,ISR,7111
224,110,1184,1992,52659,0,0.160966,1.154796,TUR,ISR,7111
231,110,1184,1992,150357,0,1.660693,1.289752,USA,ISR,7111
32,147,1184,1992,4219,0,0.685144,1.5676709999999998,BRA,MOZ,7111
179,147,1184,1992,55332,0,0.47505,0.8402860000000001,PRT,MOZ,7111
248,147,1184,1992,5039,0,-0.11168099999999999,0.143612,ZWE,MOZ,7111
246,152,1184,1992,112210,0,0.236335,1.415622,ZAF,MWI,7111
248,152,1184,1992,43696,0,-0.11168099999999999,0.143612,ZWE,MWI,7111
39,157,1184,1992,0,1208552,0.74703,1.096791,CAN,NER,7111
15,159,1184,1992,89674,0,1.975207,0.669388,AUT,NGA,7111
61,159,1184,1992,1063233,0,2.2968349999999997,-2.581569,DEU,NGA,7111
77,159,1184,1992,1341,0,1.682766,1.2713430000000001,FRA,NGA,7111
81,159,1184,1992,1254695,0,1.8901810000000001,0.9274030000000001,GBR,NGA,7111
90,159,1184,1992,27385,0,0.139504,0.743678,GRC,NGA,7111
102,159,1184,1992,1000,0,0.9144620000000001,2.157041,HUN,NGA,7111
104,159,1184,1992,445983,0,0.101094,1.6851180000000001,IND,NGA,7111
111,159,1184,1992,1235601,0,1.7819,0.981246,ITA,NGA,7111
114,159,1184,1992,9294741,0,2.451698,0.875639,JPN,NGA,7111
162,159,1184,1992,22198,0,1.4315069999999999,1.7107450000000002,NLD,NGA,7111
192,159,1184,1992,91203,0,0.95691,0.892702,SGP,NGA,7111
208,159,1184,1992,159318,0,2.2265900000000003,0.999178,SWE,NGA,7111
249,159,1184,1992,79000,0,1.3694790000000001,1.6227559999999999,TWN,NGA,7111
90,234,1184,1992,1352,0,0.139504,0.743678,GRC,VCT,7111
64,109,1184,1992,61648,0,1.696464,1.365743,DNK,ISL,7111
81,109,1184,1992,124352,0,1.8901810000000001,0.9274030000000001,GBR,ISL,7111
111,109,1184,1992,1568,0,1.7819,0.981246,ITA,ISL,7111
162,109,1184,1992,3071,0,1.4315069999999999,1.7107450000000002,NLD,ISL,7111
163,109,1184,1992,29927,0,0.877965,0.444983,NOR,ISL,7111
208,109,1184,1992,3616,0,2.2265900000000003,0.999178,SWE,ISL,7111
15,26,1184,1992,9486,0,1.975207,0.669388,AUT,BIH,7111
100,26,1184,1992,24849,0,0.877872,1.726188,HRV,BIH,7111
121,75,1184,1992,40480,0,0.778066,1.3011139999999999,KOR,FJI,7111
166,75,1184,1992,20508,0,0.41866000000000003,0.580581,NZL,FJI,7111
192,75,1184,1992,11360,0,0.95691,0.892702,SGP,FJI,7111
249,75,1184,1992,923,0,1.3694790000000001,1.6227559999999999,TWN,FJI,7111
81,76,1184,1992,7484,0,1.8901810000000001,0.9274030000000001,GBR,FLK,7111
64,78,1184,1992,26038,0,1.696464,1.365743,DNK,FRO,7111
64,92,1184,1992,413826,0,1.696464,1.365743,DNK,GRL,7111
153,118,1184,1992,155634,0,0.14268499999999998,0.370079,MYS,KHM,7111
192,118,1184,1992,154780,0,0.95691,0.892702,SGP,KHM,7111
97,123,1184,1992,1163,0,0.754112,1.911201,HKG,LAO,7111
133,123,1184,1992,7669,0,0.249034,-0.026864,MAC,LAO,7111
216,123,1184,1992,314848,0,0.109518,1.486578,THA,LAO,7111
249,123,1184,1992,3000,0,1.3694790000000001,1.6227559999999999,TWN,LAO,7111
61,132,1184,1992,868018,0,2.2968349999999997,-2.581569,DEU,LVA,7111
74,132,1184,1992,6128,0,1.929661,1.3477,FIN,LVA,7111
208,132,1184,1992,9281,0,2.2265900000000003,0.999178,SWE,LVA,7111
104,137,1184,1992,2959,0,0.101094,1.6851180000000001,IND,MDV,7111
114,137,1184,1992,7494,0,2.451698,0.875639,JPN,MDV,7111
192,137,1184,1992,22028,0,0.95691,0.892702,SGP,MDV,7111
114,146,1184,1992,72538,0,2.451698,0.875639,JPN,MNP,7111
77,148,1184,1992,21371,0,1.682766,1.2713430000000001,FRA,MRT,7111
77,156,1184,1992,28386,0,1.682766,1.2713430000000001,FRA,NCL,7111
14,176,1184,1992,42515,0,0.083812,0.637224,AUS,PNG,7111
192,176,1184,1992,28529,0,0.95691,0.892702,SGP,PNG,7111
43,178,1184,1992,6980,0,0.269411,1.920075,CHN,PRK,7111
97,178,1184,1992,4651,0,0.754112,1.911201,HKG,PRK,7111
114,178,1184,1992,100855,0,2.451698,0.875639,JPN,PRK,7111
61,195,1184,1992,60000,0,2.2968349999999997,-2.581569,DEU,SLB,7111
114,195,1184,1992,48566,0,2.451698,0.875639,JPN,SLB,7111
192,195,1184,1992,38934,0,0.95691,0.892702,SGP,SLB,7111
61,196,1184,1992,47075,0,2.2968349999999997,-2.581569,DEU,SLE,7111
77,215,1184,1992,64248,0,1.682766,1.2713430000000001,FRA,TGO,7111
81,227,1184,1992,61839,0,1.8901810000000001,0.9274030000000001,GBR,UGA,7111
15,228,1184,1992,7752,0,1.975207,0.669388,AUT,UKR,7111
23,228,1184,1992,0,56562,0.503161,1.871616,BGR,UKR,7111
61,228,1184,1992,13439,0,2.2968349999999997,-2.581569,DEU,UKR,7111
64,228,1184,1992,70018,0,1.696464,1.365743,DNK,UKR,7111
74,228,1184,1992,1010824,0,1.929661,1.3477,FIN,UKR,7111
177,228,1184,1992,9105,16165,0.581166,2.070795,POL,UKR,7111
185,228,1184,1992,640170,0,0.838817,1.358629,ROU,UKR,7111
97,242,1184,1992,8670,0,0.754112,1.911201,HKG,WSM,7111
224,16,1184,1992,7370,0,0.160966,1.154796,TUR,AZE,7111
77,21,1184,1992,4743,0,1.682766,1.2713430000000001,FRA,BFA,7111
81,21,1184,1992,73884,0,1.8901810000000001,0.9274030000000001,GBR,BFA,7111
74,28,1184,1992,5258662,0,1.929661,1.3477,FIN,BLR,7111
121,63,1184,1992,89958,0,0.778066,1.3011139999999999,KOR,DMA,7111
81,84,1184,1992,3519,0,1.8901810000000001,0.9274030000000001,GBR,GIB,7111
81,87,1184,1992,14356,0,1.8901810000000001,0.9274030000000001,GBR,GMB,7111
77,94,1184,1992,77520,0,1.682766,1.2713430000000001,FRA,GUF,7111
205,94,1184,1992,0,2091,-0.9841209999999999,-0.9359129999999999,SUR,GUF,7111
111,135,1184,1992,15283,0,1.7819,0.981246,ITA,MDA,7111
77,141,1184,1992,32802,0,1.682766,1.2713430000000001,FRA,MLI,7111
43,145,1184,1992,22194,0,0.269411,1.920075,CHN,MNG,7111
97,145,1184,1992,66604,0,0.754112,1.911201,HKG,MNG,7111
77,214,1184,1992,905167,0,1.682766,1.2713430000000001,FRA,TCD,7111
231,0,1184,1992,24551,0,1.660693,1.289752,USA,ABW,7111
71,5,1184,1992,14235,2635,1.301511,1.730441,ESP,AND,7111
77,5,1184,1992,74814,0,1.682766,1.2713430000000001,FRA,AND,7111
77,50,1184,1992,54291,0,1.682766,1.2713430000000001,FRA,COM,7111
231,91,1184,1992,13349,0,1.660693,1.289752,USA,GRD,7111
39,200,1184,1992,19328,0,0.74703,1.096791,CAN,SPM,7111
111,117,1184,1992,62922,0,1.7819,0.981246,ITA,KGZ,7111
231,120,1184,1992,4535,0,1.660693,1.289752,USA,KNA,7111
7,18,1187,1992,0,22548,-0.495518,-0.963358,ARE,BEL,7126
15,18,1187,1992,29838,0,1.975207,0.669388,AUT,BEL,7126
61,18,1187,1992,462655,5697295,2.2968349999999997,-2.581569,DEU,BEL,7126
71,18,1187,1992,14673,0,1.301511,1.730441,ESP,BEL,7126
77,18,1187,1992,43274,363780,1.682766,1.2713430000000001,FRA,BEL,7126
81,18,1187,1992,88186,7062,1.8901810000000001,0.9274030000000001,GBR,BEL,7126
103,18,1187,1992,0,2041464,-0.5250670000000001,0.717568,IDN,BEL,7126
110,18,1187,1992,6891,0,1.354362,1.3260530000000001,ISR,BEL,7126
111,18,1187,1992,28739,3394144,1.7819,0.981246,ITA,BEL,7126
121,18,1187,1992,0,29539,0.778066,1.3011139999999999,KOR,BEL,7126
153,18,1187,1992,0,3348,0.14268499999999998,0.370079,MYS,BEL,7126
162,18,1187,1992,0,73194,1.4315069999999999,1.7107450000000002,NLD,BEL,7126
177,18,1187,1992,0,3632281,0.581166,2.070795,POL,BEL,7126
191,18,1187,1992,0,162101,-0.43371800000000005,-0.679547,SEN,BEL,7126
208,18,1187,1992,475434,0,2.2265900000000003,0.999178,SWE,BEL,7126
226,18,1187,1992,0,1471,-1.139271,-0.8235379999999999,TZA,BEL,7126
231,18,1187,1992,137003,3594,1.660693,1.289752,USA,BEL,7126
15,43,1187,1992,4597624,0,1.975207,0.669388,AUT,CHN,7126
22,43,1187,1992,0,5721547,-0.608254,-0.921751,BGD,CHN,7126
41,43,1187,1992,339242,0,2.24952,1.014945,CHE,CHN,7126
61,43,1187,1992,769914,0,2.2968349999999997,-2.581569,DEU,CHN,7126
77,43,1187,1992,3582542,0,1.682766,1.2713430000000001,FRA,CHN,7126
81,43,1187,1992,173926,0,1.8901810000000001,0.9274030000000001,GBR,CHN,7126
103,43,1187,1992,0,5579826,-0.5250670000000001,0.717568,IDN,CHN,7126
111,43,1187,1992,11631,0,1.7819,0.981246,ITA,CHN,7126
114,43,1187,1992,1735830,0,2.451698,0.875639,JPN,CHN,7126
163,43,1187,1992,116987,0,0.877965,0.444983,NOR,CHN,7126
168,43,1187,1992,0,10364217,-0.480152,-0.361705,PAK,CHN,7126
192,43,1187,1992,0,23899,0.95691,0.892702,SGP,CHN,7126
231,43,1187,1992,824902,0,1.660693,1.289752,USA,CHN,7126
248,43,1187,1992,0,1120,-0.11168099999999999,0.143612,ZWE,CHN,7126
81,49,1187,1992,95610,0,1.8901810000000001,0.9274030000000001,GBR,COL,7126
111,49,1187,1992,100557,0,1.7819,0.981246,ITA,COL,7126
114,49,1187,1992,8835356,0,2.451698,0.875639,JPN,COL,7126
231,49,1187,1992,508095,5896,1.660693,1.289752,USA,COL,7126
99,52,1187,1992,0,1872,-0.5100640000000001,-0.38205900000000004,HND,CRI,7126
114,52,1187,1992,18243696,0,2.451698,0.875639,JPN,CRI,7126
138,52,1187,1992,2627,0,0.9039370000000001,0.965842,MEX,CRI,7126
231,52,1187,1992,31474,0,1.660693,1.289752,USA,CRI,7126
7,61,1187,1992,0,183988,-0.495518,-0.963358,ARE,DEU,7126
8,61,1187,1992,0,1770846,0.043179,0.553408,ARG,DEU,7126
14,61,1187,1992,0,1438330,0.083812,0.637224,AUS,DEU,7126
15,61,1187,1992,31102,3673860,1.975207,0.669388,AUT,DEU,7126
18,61,1187,1992,5697295,462655,1.449085,1.622957,BEL,DEU,7126
22,61,1187,1992,0,67282,-0.608254,-0.921751,BGD,DEU,7126
23,61,1187,1992,0,6961,0.503161,1.871616,BGR,DEU,7126
32,61,1187,1992,0,64785,0.685144,1.5676709999999998,BRA,DEU,7126
41,61,1187,1992,86884,318632,2.24952,1.014945,CHE,DEU,7126
43,61,1187,1992,0,769914,0.269411,1.920075,CHN,DEU,7126
53,61,1187,1992,16184,0,1.116966,2.225331,CSK,DEU,7126
58,61,1187,1992,0,37528,0.471516,0.668776,CYP,DEU,7126
64,61,1187,1992,20466,1829388,1.696464,1.365743,DNK,DEU,7126
66,61,1187,1992,0,3969,-0.24189699999999997,-0.9399219999999999,DZA,DEU,7126
68,61,1187,1992,0,2634952,-0.102143,-0.17513499999999999,EGY,DEU,7126
71,61,1187,1992,33822,4300526,1.301511,1.730441,ESP,DEU,7126
74,61,1187,1992,0,17712590,1.929661,1.3477,FIN,DEU,7126
77,61,1187,1992,240874,13245694,1.682766,1.2713430000000001,FRA,DEU,7126
81,61,1187,1992,317976,1610946,1.8901810000000001,0.9274030000000001,GBR,DEU,7126
90,61,1187,1992,0,4282476,0.139504,0.743678,GRC,DEU,7126
93,61,1187,1992,0,2168,-0.031145999999999997,0.48874300000000004,GTM,DEU,7126
100,61,1187,1992,0,365298,0.877872,1.726188,HRV,DEU,7126
102,61,1187,1992,0,49670,0.9144620000000001,2.157041,HUN,DEU,7126
103,61,1187,1992,96693,11005,-0.5250670000000001,0.717568,IDN,DEU,7126
104,61,1187,1992,0,5876900,0.101094,1.6851180000000001,IND,DEU,7126
106,61,1187,1992,0,355750,1.454172,1.397052,IRL,DEU,7126
107,61,1187,1992,0,475269,-1.195108,-1.135155,IRN,DEU,7126
110,61,1187,1992,0,29647178,1.354362,1.3260530000000001,ISR,DEU,7126
111,61,1187,1992,1142774,2534165,1.7819,0.981246,ITA,DEU,7126
113,61,1187,1992,0,35410,0.716964,0.5323760000000001,JOR,DEU,7126
121,61,1187,1992,63286,869767,0.778066,1.3011139999999999,KOR,DEU,7126
122,61,1187,1992,0,35064,-1.2360950000000002,-1.061771,KWT,DEU,7126
128,61,1187,1992,0,2753,-0.45780600000000005,-0.221948,LKA,DEU,7126
134,61,1187,1992,0,112329,-0.339711,-0.265987,MAR,DEU,7126
138,61,1187,1992,0,18127,0.9039370000000001,0.965842,MEX,DEU,7126
151,61,1187,1992,0,202232,-0.249558,-0.643201,MUS,DEU,7126
153,61,1187,1992,0,4801676,0.14268499999999998,0.370079,MYS,DEU,7126
160,61,1187,1992,0,94785,-0.214083,-0.111615,NIC,DEU,7126
162,61,1187,1992,347243,20528616,1.4315069999999999,1.7107450000000002,NLD,DEU,7126
163,61,1187,1992,35234,0,0.877965,0.444983,NOR,DEU,7126
167,61,1187,1992,0,19408686,-0.906702,-1.0716709999999998,OMN,DEU,7126
168,61,1187,1992,8782,6066878,-0.480152,-0.361705,PAK,DEU,7126
174,61,1187,1992,0,715004,-0.139761,0.772109,PHL,DEU,7126
177,61,1187,1992,0,482933,0.581166,2.070795,POL,DEU,7126
179,61,1187,1992,21660,3762202,0.47505,0.8402860000000001,PRT,DEU,7126
185,61,1187,1992,0,56368,0.838817,1.358629,ROU,DEU,7126
186,61,1187,1992,0,418938,0.071799,0.14036099999999999,RUS,DEU,7126
188,61,1187,1992,0,206831,0.416315,-0.7342489999999999,SAU,DEU,7126
189,61,1187,1992,0,327469,0.9474950000000001,2.442268,SCG,DEU,7126
190,61,1187,1992,0,205153,-0.930193,-1.02726,SDN,DEU,7126
192,61,1187,1992,189900,2116798,0.95691,0.892702,SGP,DEU,7126
208,61,1187,1992,0,608216,2.2265900000000003,0.999178,SWE,DEU,7126
212,61,1187,1992,0,2926,-0.566724,-0.602446,SYR,DEU,7126
216,61,1187,1992,0,1504082,0.109518,1.486578,THA,DEU,7126
223,61,1187,1992,0,7359,0.14482,-0.13608,TUN,DEU,7126
224,61,1187,1992,2917,44063,0.160966,1.154796,TUR,DEU,7126
226,61,1187,1992,0,324470,-1.139271,-0.8235379999999999,TZA,DEU,7126
230,61,1187,1992,0,1952,0.242758,0.711781,URY,DEU,7126
231,61,1187,1992,11241036,3312951,1.660693,1.289752,USA,DEU,7126
236,61,1187,1992,0,164468,-0.106385,-0.65975,VEN,DEU,7126
246,61,1187,1992,532363,172477,0.236335,1.415622,ZAF,DEU,7126
249,61,1187,1992,0,4081492,1.3694790000000001,1.6227559999999999,TWN,DEU,7126
41,64,1187,1992,1657,0,2.24952,1.014945,CHE,DNK,7126
53,64,1187,1992,4334766,0,1.116966,2.225331,CSK,DNK,7126
61,64,1187,1992,1829388,20466,2.2968349999999997,-2.581569,DEU,DNK,7126
68,64,1187,1992,0,27604,-0.102143,-0.17513499999999999,EGY,DNK,7126
71,64,1187,1992,5492,0,1.301511,1.730441,ESP,DNK,7126
74,64,1187,1992,0,27561,1.929661,1.3477,FIN,DNK,7126
81,64,1187,1992,1319185,319525,1.8901810000000001,0.9274030000000001,GBR,DNK,7126
103,64,1187,1992,0,10297,-0.5250670000000001,0.717568,IDN,DNK,7126
109,64,1187,1992,0,3642,-0.076691,-0.630567,ISL,DNK,7126
111,64,1187,1992,1399542,50621,1.7819,0.981246,ITA,DNK,7126
114,64,1187,1992,1219267,0,2.451698,0.875639,JPN,DNK,7126
163,64,1187,1992,3653,5471,0.877965,0.444983,NOR,DNK,7126
208,64,1187,1992,0,13063,2.2265900000000003,0.999178,SWE,DNK,7126
231,64,1187,1992,2964552,0,1.660693,1.289752,USA,DNK,7126
231,65,1187,1992,2665796,0,1.660693,1.289752,USA,DOM,7126
18,71,1187,1992,0,14673,1.449085,1.622957,BEL,ESP,7126
61,71,1187,1992,4300526,33822,2.2968349999999997,-2.581569,DEU,ESP,7126
64,71,1187,1992,0,5492,1.696464,1.365743,DNK,ESP,7126
74,71,1187,1992,0,20649,1.929661,1.3477,FIN,ESP,7126
77,71,1187,1992,1517270,0,1.682766,1.2713430000000001,FRA,ESP,7126
81,71,1187,1992,10323,60918,1.8901810000000001,0.9274030000000001,GBR,ESP,7126
111,71,1187,1992,373188,0,1.7819,0.981246,ITA,ESP,7126
134,71,1187,1992,0,64035,-0.339711,-0.265987,MAR,ESP,7126
162,71,1187,1992,223144,0,1.4315069999999999,1.7107450000000002,NLD,ESP,7126
179,71,1187,1992,0,4716,0.47505,0.8402860000000001,PRT,ESP,7126
188,71,1187,1992,0,586667,0.416315,-0.7342489999999999,SAU,ESP,7126
208,71,1187,1992,160031,0,2.2265900000000003,0.999178,SWE,ESP,7126
231,71,1187,1992,578558,0,1.660693,1.289752,USA,ESP,7126
250,71,1187,1992,0,6031,0.989994,0.977453,ANS,ESP,7126
15,74,1187,1992,37875,0,1.975207,0.669388,AUT,FIN,7126
41,74,1187,1992,10013779,0,2.24952,1.014945,CHE,FIN,7126
61,74,1187,1992,17712590,0,2.2968349999999997,-2.581569,DEU,FIN,7126
64,74,1187,1992,27561,0,1.696464,1.365743,DNK,FIN,7126
71,74,1187,1992,20649,0,1.301511,1.730441,ESP,FIN,7126
77,74,1187,1992,102118,0,1.682766,1.2713430000000001,FRA,FIN,7126
81,74,1187,1992,10989,0,1.8901810000000001,0.9274030000000001,GBR,FIN,7126
100,74,1187,1992,402904,0,0.877872,1.726188,HRV,FIN,7126
102,74,1187,1992,2340104,0,0.9144620000000001,2.157041,HUN,FIN,7126
111,74,1187,1992,18083,0,1.7819,0.981246,ITA,FIN,7126
162,74,1187,1992,59993,0,1.4315069999999999,1.7107450000000002,NLD,FIN,7126
177,74,1187,1992,9027389,0,0.581166,2.070795,POL,FIN,7126
189,74,1187,1992,561489,0,0.9474950000000001,2.442268,SCG,FIN,7126
208,74,1187,1992,821887,0,2.2265900000000003,0.999178,SWE,FIN,7126
231,74,1187,1992,132527,0,1.660693,1.289752,USA,FIN,7126
7,77,1187,1992,0,52653,-0.495518,-0.963358,ARE,FRA,7126
15,77,1187,1992,327235,0,1.975207,0.669388,AUT,FRA,7126
17,77,1187,1992,0,1701,-1.222854,-0.927959,BDI,FRA,7126
18,77,1187,1992,363780,43274,1.449085,1.622957,BEL,FRA,7126
19,77,1187,1992,0,8130,-1.206267,-0.855159,BEN,FRA,7126
34,77,1187,1992,0,53144,-1.142722,-0.818717,BRN,FRA,7126
41,77,1187,1992,10521,32088,2.24952,1.014945,CHE,FRA,7126
43,77,1187,1992,0,3582542,0.269411,1.920075,CHN,FRA,7126
58,77,1187,1992,0,40852,0.471516,0.668776,CYP,FRA,7126
61,77,1187,1992,13245694,240874,2.2968349999999997,-2.581569,DEU,FRA,7126
66,77,1187,1992,0,72055,-0.24189699999999997,-0.9399219999999999,DZA,FRA,7126
68,77,1187,1992,0,234771,-0.102143,-0.17513499999999999,EGY,FRA,7126
71,77,1187,1992,0,1517270,1.301511,1.730441,ESP,FRA,7126
74,77,1187,1992,0,102118,1.929661,1.3477,FIN,FRA,7126
80,77,1187,1992,0,232055,-1.683572,-1.0855620000000001,GAB,FRA,7126
81,77,1187,1992,58813,4078519,1.8901810000000001,0.9274030000000001,GBR,FRA,7126
100,77,1187,1992,0,33382,0.877872,1.726188,HRV,FRA,7126
103,77,1187,1992,0,78248,-0.5250670000000001,0.717568,IDN,FRA,7126
104,77,1187,1992,0,4749348,0.101094,1.6851180000000001,IND,FRA,7126
111,77,1187,1992,1329035,1455296,1.7819,0.981246,ITA,FRA,7126
114,77,1187,1992,8997061,117005,2.451698,0.875639,JPN,FRA,7126
134,77,1187,1992,0,6531,-0.339711,-0.265987,MAR,FRA,7126
138,77,1187,1992,0,146074,0.9039370000000001,0.965842,MEX,FRA,7126
151,77,1187,1992,0,1827,-0.249558,-0.643201,MUS,FRA,7126
162,77,1187,1992,458889,1454542,1.4315069999999999,1.7107450000000002,NLD,FRA,7126
163,77,1187,1992,115347,7179,0.877965,0.444983,NOR,FRA,7126
179,77,1187,1992,0,951862,0.47505,0.8402860000000001,PRT,FRA,7126
184,77,1187,1992,0,2268,0.251216,-0.448812,REU,FRA,7126
186,77,1187,1992,0,62567,0.071799,0.14036099999999999,RUS,FRA,7126
188,77,1187,1992,0,408869,0.416315,-0.7342489999999999,SAU,FRA,7126
189,77,1187,1992,0,43243,0.9474950000000001,2.442268,SCG,FRA,7126
191,77,1187,1992,6696,5855,-0.43371800000000005,-0.679547,SEN,FRA,7126
192,77,1187,1992,0,60501,0.95691,0.892702,SGP,FRA,7126
208,77,1187,1992,69804,6580,2.2265900000000003,0.999178,SWE,FRA,7126
214,77,1187,1992,0,1195343,-1.2855530000000002,-0.869568,TCD,FRA,7126
223,77,1187,1992,0,7854,0.14482,-0.13608,TUN,FRA,7126
231,77,1187,1992,482608,962705,1.660693,1.289752,USA,FRA,7126
246,77,1187,1992,0,67812,0.236335,1.415622,ZAF,FRA,7126
250,77,1187,1992,1005237,0,0.989994,0.977453,ANS,FRA,7126
7,81,1187,1992,0,19663,-0.495518,-0.963358,ARE,GBR,7126
8,81,1187,1992,0,1577,0.043179,0.553408,ARG,GBR,7126
13,81,1187,1992,3184,0,0.561238,-0.164287,ATG,GBR,7126
14,81,1187,1992,0,248935,0.083812,0.637224,AUS,GBR,7126
15,81,1187,1992,4552,0,1.975207,0.669388,AUT,GBR,7126
18,81,1187,1992,7062,88186,1.449085,1.622957,BEL,GBR,7126
24,81,1187,1992,0,72133,0.047396,-0.554517,BHR,GBR,7126
39,81,1187,1992,1579187,12801,0.74703,1.096791,CAN,GBR,7126
41,81,1187,1992,48163,24128,2.24952,1.014945,CHE,GBR,7126
43,81,1187,1992,0,173926,0.269411,1.920075,CHN,GBR,7126
49,81,1187,1992,0,95610,0.022895,0.22971799999999998,COL,GBR,7126
54,81,1187,1992,0,60503,-0.719011,-1.077984,CUB,GBR,7126
58,81,1187,1992,0,3905,0.471516,0.668776,CYP,GBR,7126
61,81,1187,1992,1610946,317976,2.2968349999999997,-2.581569,DEU,GBR,7126
64,81,1187,1992,319525,1319185,1.696464,1.365743,DNK,GBR,7126
71,81,1187,1992,60918,10323,1.301511,1.730441,ESP,GBR,7126
74,81,1187,1992,0,10989,1.929661,1.3477,FIN,GBR,7126
77,81,1187,1992,4078519,58813,1.682766,1.2713430000000001,FRA,GBR,7126
84,81,1187,1992,0,3639,1.356823,0.656416,GIB,GBR,7126
86,81,1187,1992,0,126402,0.68221,-0.319682,GLP,GBR,7126
90,81,1187,1992,0,74435,0.139504,0.743678,GRC,GBR,7126
93,81,1187,1992,0,53946,-0.031145999999999997,0.48874300000000004,GTM,GBR,7126
97,81,1187,1992,168707,45274,0.754112,1.911201,HKG,GBR,7126
100,81,1187,1992,0,12562,0.877872,1.726188,HRV,GBR,7126
103,81,1187,1992,0,64445,-0.5250670000000001,0.717568,IDN,GBR,7126
104,81,1187,1992,35951,23943,0.101094,1.6851180000000001,IND,GBR,7126
106,81,1187,1992,71625,91896,1.454172,1.397052,IRL,GBR,7126
107,81,1187,1992,0,4334,-1.195108,-1.135155,IRN,GBR,7126
110,81,1187,1992,0,54852,1.354362,1.3260530000000001,ISR,GBR,7126
111,81,1187,1992,663164,8714,1.7819,0.981246,ITA,GBR,7126
112,81,1187,1992,677275,76592,-0.200329,-0.595741,JAM,GBR,7126
114,81,1187,1992,357739,6375,2.451698,0.875639,JPN,GBR,7126
116,81,1187,1992,0,38404,-0.31818,-0.096856,KEN,GBR,7126
121,81,1187,1992,0,6903,0.778066,1.3011139999999999,KOR,GBR,7126
126,81,1187,1992,1722298,31260,-0.333309,-0.981883,LBY,GBR,7126
142,81,1187,1992,0,12811,0.828211,0.29226599999999997,MLT,GBR,7126
143,81,1187,1992,211812,0,-1.030267,-0.770368,MMR,GBR,7126
153,81,1187,1992,0,190300,0.14268499999999998,0.370079,MYS,GBR,7126
161,81,1187,1992,0,2417,0.8688440000000001,-0.754944,NIU,GBR,7126
162,81,1187,1992,191208,221862,1.4315069999999999,1.7107450000000002,NLD,GBR,7126
163,81,1187,1992,52819,192416,0.877965,0.444983,NOR,GBR,7126
166,81,1187,1992,3530,6579,0.41866000000000003,0.580581,NZL,GBR,7126
168,81,1187,1992,16892,2507092,-0.480152,-0.361705,PAK,GBR,7126
169,81,1187,1992,0,6563,0.289315,0.37247199999999997,PAN,GBR,7126
177,81,1187,1992,0,17805,0.581166,2.070795,POL,GBR,7126
179,81,1187,1992,34854,33335,0.47505,0.8402860000000001,PRT,GBR,7126
188,81,1187,1992,0,8539,0.416315,-0.7342489999999999,SAU,GBR,7126
190,81,1187,1992,0,405408,-0.930193,-1.02726,SDN,GBR,7126
192,81,1187,1992,0,38538,0.95691,0.892702,SGP,GBR,7126
197,81,1187,1992,0,22382,0.396523,0.47548900000000005,SLV,GBR,7126
208,81,1187,1992,0,337536,2.2265900000000003,0.999178,SWE,GBR,7126
212,81,1187,1992,0,1325,-0.566724,-0.602446,SYR,GBR,7126
216,81,1187,1992,0,5927,0.109518,1.486578,THA,GBR,7126
224,81,1187,1992,0,76260,0.160966,1.154796,TUR,GBR,7126
226,81,1187,1992,0,239414,-1.139271,-0.8235379999999999,TZA,GBR,7126
231,81,1187,1992,5715518,60834,1.660693,1.289752,USA,GBR,7126
234,81,1187,1992,0,2567,-0.219271,-0.65981,VCT,GBR,7126
236,81,1187,1992,0,3436,-0.106385,-0.65975,VEN,GBR,7126
246,81,1187,1992,0,5081164,0.236335,1.415622,ZAF,GBR,7126
247,81,1187,1992,0,23475,-0.9865219999999999,-1.076062,ZMB,GBR,7126
248,81,1187,1992,0,6786,-0.11168099999999999,0.143612,ZWE,GBR,7126
249,81,1187,1992,0,8631,1.3694790000000001,1.6227559999999999,TWN,GBR,7126
61,93,1187,1992,2168,0,2.2968349999999997,-2.581569,DEU,GTM,7126
81,93,1187,1992,53946,0,1.8901810000000001,0.9274030000000001,GBR,GTM,7126
99,93,1187,1992,0,7623,-0.5100640000000001,-0.38205900000000004,HND,GTM,7126
138,93,1187,1992,1273,0,0.9039370000000001,0.965842,MEX,GTM,7126
231,93,1187,1992,230359,0,1.660693,1.289752,USA,GTM,7126
81,97,1187,1992,45274,168707,1.8901810000000001,0.9274030000000001,GBR,HKG,7126
162,97,1187,1992,2354,0,1.4315069999999999,1.7107450000000002,NLD,HKG,7126
231,97,1187,1992,111201,0,1.660693,1.289752,USA,HKG,7126
246,97,1187,1992,586658,0,0.236335,1.415622,ZAF,HKG,7126
249,97,1187,1992,106067,0,1.3694790000000001,1.6227559999999999,TWN,HKG,7126
52,99,1187,1992,1872,0,0.11654,0.191873,CRI,HND,7126
93,99,1187,1992,7623,0,-0.031145999999999997,0.48874300000000004,GTM,HND,7126
114,99,1187,1992,3831,0,2.451698,0.875639,JPN,HND,7126
160,99,1187,1992,0,4713,-0.214083,-0.111615,NIC,HND,7126
231,99,1187,1992,16805,0,1.660693,1.289752,USA,HND,7126
61,106,1187,1992,355750,0,2.2968349999999997,-2.581569,DEU,IRL,7126
81,106,1187,1992,91896,71625,1.8901810000000001,0.9274030000000001,GBR,IRL,7126
162,106,1187,1992,0,1164,1.4315069999999999,1.7107450000000002,NLD,IRL,7126
208,106,1187,1992,0,731881,2.2265900000000003,0.999178,SWE,IRL,7126
231,106,1187,1992,78089,0,1.660693,1.289752,USA,IRL,7126
236,106,1187,1992,0,1481,-0.106385,-0.65975,VEN,IRL,7126
8,111,1187,1992,0,20324,0.043179,0.553408,ARG,ITA,7126
14,111,1187,1992,0,1705,0.083812,0.637224,AUS,ITA,7126
15,111,1187,1992,387672,12087,1.975207,0.669388,AUT,ITA,7126
18,111,1187,1992,3394144,28739,1.449085,1.622957,BEL,ITA,7126
39,111,1187,1992,0,309290,0.74703,1.096791,CAN,ITA,7126
41,111,1187,1992,29965,461647,2.24952,1.014945,CHE,ITA,7126
43,111,1187,1992,0,11631,0.269411,1.920075,CHN,ITA,7126
49,111,1187,1992,0,100557,0.022895,0.22971799999999998,COL,ITA,7126
61,111,1187,1992,2534165,1142774,2.2968349999999997,-2.581569,DEU,ITA,7126
64,111,1187,1992,50621,1399542,1.696464,1.365743,DNK,ITA,7126
66,111,1187,1992,0,75404,-0.24189699999999997,-0.9399219999999999,DZA,ITA,7126
68,111,1187,1992,0,503204,-0.102143,-0.17513499999999999,EGY,ITA,7126
71,111,1187,1992,0,373188,1.301511,1.730441,ESP,ITA,7126
74,111,1187,1992,0,18083,1.929661,1.3477,FIN,ITA,7126
77,111,1187,1992,1455296,1329035,1.682766,1.2713430000000001,FRA,ITA,7126
81,111,1187,1992,8714,663164,1.8901810000000001,0.9274030000000001,GBR,ITA,7126
103,111,1187,1992,0,12714,-0.5250670000000001,0.717568,IDN,ITA,7126
104,111,1187,1992,0,4060,0.101094,1.6851180000000001,IND,ITA,7126
107,111,1187,1992,0,232731,-1.195108,-1.135155,IRN,ITA,7126
112,111,1187,1992,0,134843,-0.200329,-0.595741,JAM,ITA,7126
114,111,1187,1992,48013,3048,2.451698,0.875639,JPN,ITA,7126
116,111,1187,1992,0,3431,-0.31818,-0.096856,KEN,ITA,7126
121,111,1187,1992,0,1534152,0.778066,1.3011139999999999,KOR,ITA,7126
122,111,1187,1992,0,269231,-1.2360950000000002,-1.061771,KWT,ITA,7126
126,111,1187,1992,0,3561,-0.333309,-0.981883,LBY,ITA,7126
134,111,1187,1992,0,120099,-0.339711,-0.265987,MAR,ITA,7126
138,111,1187,1992,0,41685,0.9039370000000001,0.965842,MEX,ITA,7126
150,111,1187,1992,0,6007,0.70167,-0.075327,MTQ,ITA,7126
153,111,1187,1992,0,6566,0.14268499999999998,0.370079,MYS,ITA,7126
159,111,1187,1992,0,62926,-2.275923,-1.178983,NGA,ITA,7126
160,111,1187,1992,0,14131,-0.214083,-0.111615,NIC,ITA,7126
162,111,1187,1992,131699,60952,1.4315069999999999,1.7107450000000002,NLD,ITA,7126
163,111,1187,1992,0,2882,0.877965,0.444983,NOR,ITA,7126
168,111,1187,1992,0,6784,-0.480152,-0.361705,PAK,ITA,7126
169,111,1187,1992,185772,0,0.289315,0.37247199999999997,PAN,ITA,7126
174,111,1187,1992,0,5852921,-0.139761,0.772109,PHL,ITA,7126
179,111,1187,1992,0,17785,0.47505,0.8402860000000001,PRT,ITA,7126
188,111,1187,1992,0,107163,0.416315,-0.7342489999999999,SAU,ITA,7126
192,111,1187,1992,0,14432,0.95691,0.892702,SGP,ITA,7126
199,111,1187,1992,0,3170,-0.611123,-0.798546,SOM,ITA,7126
207,111,1187,1992,0,1786,1.3270629999999999,1.605534,SVN,ITA,7126
208,111,1187,1992,7630,0,2.2265900000000003,0.999178,SWE,ITA,7126
212,111,1187,1992,0,2926,-0.566724,-0.602446,SYR,ITA,7126
223,111,1187,1992,0,67583,0.14482,-0.13608,TUN,ITA,7126
224,111,1187,1992,0,3683,0.160966,1.154796,TUR,ITA,7126
231,111,1187,1992,1640628,1574334,1.660693,1.289752,USA,ITA,7126
236,111,1187,1992,0,7333,-0.106385,-0.65975,VEN,ITA,7126
249,111,1187,1992,0,1457383,1.3694790000000001,1.6227559999999999,TWN,ITA,7126
18,121,1187,1992,29539,0,1.449085,1.622957,BEL,KOR,7126
41,121,1187,1992,1124812,0,2.24952,1.014945,CHE,KOR,7126
61,121,1187,1992,869767,63286,2.2968349999999997,-2.581569,DEU,KOR,7126
81,121,1187,1992,6903,0,1.8901810000000001,0.9274030000000001,GBR,KOR,7126
111,121,1187,1992,1534152,0,1.7819,0.981246,ITA,KOR,7126
114,121,1187,1992,44636176,54899,2.451698,0.875639,JPN,KOR,7126
162,121,1187,1992,214868,0,1.4315069999999999,1.7107450000000002,NLD,KOR,7126
192,121,1187,1992,288334,6450,0.95691,0.892702,SGP,KOR,7126
208,121,1187,1992,182809,0,2.2265900000000003,0.999178,SWE,KOR,7126
231,121,1187,1992,16636705,0,1.660693,1.289752,USA,KOR,7126
246,121,1187,1992,393927,0,0.236335,1.415622,ZAF,KOR,7126
250,121,1187,1992,0,1547,0.989994,0.977453,ANS,KOR,7126
18,153,1187,1992,3348,0,1.449085,1.622957,BEL,MYS,7126
61,153,1187,1992,4801676,0,2.2968349999999997,-2.581569,DEU,MYS,7126
81,153,1187,1992,190300,0,1.8901810000000001,0.9274030000000001,GBR,MYS,7126
103,153,1187,1992,0,34921,-0.5250670000000001,0.717568,IDN,MYS,7126
104,153,1187,1992,25824,0,0.101094,1.6851180000000001,IND,MYS,7126
111,153,1187,1992,6566,0,1.7819,0.981246,ITA,MYS,7126
114,153,1187,1992,2762617,44181,2.451698,0.875639,JPN,MYS,7126
192,153,1187,1992,256434,147159,0.95691,0.892702,SGP,MYS,7126
231,153,1187,1992,315822,0,1.660693,1.289752,USA,MYS,7126
6,162,1187,1992,0,1440,0.258484,-0.47236000000000006,ANT,NLD,7126
7,162,1187,1992,0,2443,-0.495518,-0.963358,ARE,NLD,7126
14,162,1187,1992,4361,0,0.083812,0.637224,AUS,NLD,7126
15,162,1187,1992,0,4638,1.975207,0.669388,AUT,NLD,7126
18,162,1187,1992,73194,0,1.449085,1.622957,BEL,NLD,7126
34,162,1187,1992,0,12445,-1.142722,-0.818717,BRN,NLD,7126
61,162,1187,1992,20528616,347243,2.2968349999999997,-2.581569,DEU,NLD,7126
71,162,1187,1992,0,223144,1.301511,1.730441,ESP,NLD,7126
74,162,1187,1992,0,59993,1.929661,1.3477,FIN,NLD,7126
77,162,1187,1992,1454542,458889,1.682766,1.2713430000000001,FRA,NLD,7126
81,162,1187,1992,221862,191208,1.8901810000000001,0.9274030000000001,GBR,NLD,7126
97,162,1187,1992,0,2354,0.754112,1.911201,HKG,NLD,7126
106,162,1187,1992,1164,0,1.454172,1.397052,IRL,NLD,7126
107,162,1187,1992,0,4780514,-1.195108,-1.135155,IRN,NLD,7126
111,162,1187,1992,60952,131699,1.7819,0.981246,ITA,NLD,7126
114,162,1187,1992,2014516,0,2.451698,0.875639,JPN,NLD,7126
121,162,1187,1992,0,214868,0.778066,1.3011139999999999,KOR,NLD,7126
126,162,1187,1992,0,10227,-0.333309,-0.981883,LBY,NLD,7126
163,162,1187,1992,0,145685,0.877965,0.444983,NOR,NLD,7126
179,162,1187,1992,0,23063,0.47505,0.8402860000000001,PRT,NLD,7126
205,162,1187,1992,0,3248,-0.9841209999999999,-0.9359129999999999,SUR,NLD,7126
208,162,1187,1992,0,6668,2.2265900000000003,0.999178,SWE,NLD,7126
216,162,1187,1992,0,194890,0.109518,1.486578,THA,NLD,7126
224,162,1187,1992,4502,0,0.160966,1.154796,TUR,NLD,7126
231,162,1187,1992,1295007,0,1.660693,1.289752,USA,NLD,7126
236,162,1187,1992,0,270844,-0.106385,-0.65975,VEN,NLD,7126
246,162,1187,1992,0,945133,0.236335,1.415622,ZAF,NLD,7126
43,163,1187,1992,0,116987,0.269411,1.920075,CHN,NOR,7126
61,163,1187,1992,0,35234,2.2968349999999997,-2.581569,DEU,NOR,7126
64,163,1187,1992,5471,3653,1.696464,1.365743,DNK,NOR,7126
77,163,1187,1992,7179,115347,1.682766,1.2713430000000001,FRA,NOR,7126
81,163,1187,1992,192416,52819,1.8901810000000001,0.9274030000000001,GBR,NOR,7126
100,163,1187,1992,71536,0,0.877872,1.726188,HRV,NOR,7126
111,163,1187,1992,2882,0,1.7819,0.981246,ITA,NOR,7126
162,163,1187,1992,145685,0,1.4315069999999999,1.7107450000000002,NLD,NOR,7126
188,163,1187,1992,0,90214,0.416315,-0.7342489999999999,SAU,NOR,7126
208,163,1187,1992,429861,0,2.2265900000000003,0.999178,SWE,NOR,7126
231,163,1187,1992,1278646,0,1.660693,1.289752,USA,NOR,7126
81,169,1187,1992,6563,0,1.8901810000000001,0.9274030000000001,GBR,PAN,7126
111,169,1187,1992,0,185772,1.7819,0.981246,ITA,PAN,7126
197,169,1187,1992,0,5015,0.396523,0.47548900000000005,SLV,PAN,7126
231,169,1187,1992,54280,0,1.660693,1.289752,USA,PAN,7126
41,174,1187,1992,48905,0,2.24952,1.014945,CHE,PHL,7126
61,174,1187,1992,715004,0,2.2968349999999997,-2.581569,DEU,PHL,7126
111,174,1187,1992,5852921,0,1.7819,0.981246,ITA,PHL,7126
114,174,1187,1992,2494660,2972402,2.451698,0.875639,JPN,PHL,7126
192,174,1187,1992,755257,32710,0.95691,0.892702,SGP,PHL,7126
231,174,1187,1992,328330,0,1.660693,1.289752,USA,PHL,7126
246,174,1187,1992,84039,0,0.236335,1.415622,ZAF,PHL,7126
2,179,1187,1992,0,7322,-1.90642,-1.061544,AGO,PRT,7126
15,179,1187,1992,1778,0,1.975207,0.669388,AUT,PRT,7126
61,179,1187,1992,3762202,21660,2.2968349999999997,-2.581569,DEU,PRT,7126
71,179,1187,1992,4716,0,1.301511,1.730441,ESP,PRT,7126
77,179,1187,1992,951862,0,1.682766,1.2713430000000001,FRA,PRT,7126
81,179,1187,1992,33335,34854,1.8901810000000001,0.9274030000000001,GBR,PRT,7126
111,179,1187,1992,17785,0,1.7819,0.981246,ITA,PRT,7126
162,179,1187,1992,23063,0,1.4315069999999999,1.7107450000000002,NLD,PRT,7126
114,222,1187,1992,2386,0,2.451698,0.875639,JPN,TTO,7126
231,222,1187,1992,135476,37448,1.660693,1.289752,USA,TTO,7126
6,231,1187,1992,0,4800,0.258484,-0.47236000000000006,ANT,USA,7126
7,231,1187,1992,0,56090,-0.495518,-0.963358,ARE,USA,7126
8,231,1187,1992,0,151891,0.043179,0.553408,ARG,USA,7126
14,231,1187,1992,115634,466748,0.083812,0.637224,AUS,USA,7126
15,231,1187,1992,2015,215997,1.975207,0.669388,AUT,USA,7126
18,231,1187,1992,3594,137003,1.449085,1.622957,BEL,USA,7126
24,231,1187,1992,0,7957,0.047396,-0.554517,BHR,USA,7126
32,231,1187,1992,0,523854,0.685144,1.5676709999999998,BRA,USA,7126
34,231,1187,1992,0,109699,-1.142722,-0.818717,BRN,USA,7126
39,231,1187,1992,8012576,1736246,0.74703,1.096791,CAN,USA,7126
41,231,1187,1992,71122,675870,2.24952,1.014945,CHE,USA,7126
42,231,1187,1992,0,105121,-0.188106,-0.360151,CHL,USA,7126
43,231,1187,1992,0,824902,0.269411,1.920075,CHN,USA,7126
49,231,1187,1992,5896,508095,0.022895,0.22971799999999998,COL,USA,7126
52,231,1187,1992,0,31474,0.11654,0.191873,CRI,USA,7126
58,231,1187,1992,0,16784,0.471516,0.668776,CYP,USA,7126
61,231,1187,1992,3312951,11241036,2.2968349999999997,-2.581569,DEU,USA,7126
64,231,1187,1992,0,2964552,1.696464,1.365743,DNK,USA,7126
65,231,1187,1992,0,2665796,-0.338979,-0.5049279999999999,DOM,USA,7126
67,231,1187,1992,0,345149,-0.815778,-0.9415459999999999,ECU,USA,7126
71,231,1187,1992,0,578558,1.301511,1.730441,ESP,USA,7126
74,231,1187,1992,0,132527,1.929661,1.3477,FIN,USA,7126
77,231,1187,1992,962705,482608,1.682766,1.2713430000000001,FRA,USA,7126
81,231,1187,1992,60834,5715518,1.8901810000000001,0.9274030000000001,GBR,USA,7126
86,231,1187,1992,0,69487,0.68221,-0.319682,GLP,USA,7126
90,231,1187,1992,0,14760,0.139504,0.743678,GRC,USA,7126
93,231,1187,1992,0,230359,-0.031145999999999997,0.48874300000000004,GTM,USA,7126
97,231,1187,1992,0,111201,0.754112,1.911201,HKG,USA,7126
99,231,1187,1992,0,16805,-0.5100640000000001,-0.38205900000000004,HND,USA,7126
103,231,1187,1992,0,501311,-0.5250670000000001,0.717568,IDN,USA,7126
104,231,1187,1992,0,166200,0.101094,1.6851180000000001,IND,USA,7126
106,231,1187,1992,0,78089,1.454172,1.397052,IRL,USA,7126
107,231,1187,1992,0,73992,-1.195108,-1.135155,IRN,USA,7126
110,231,1187,1992,0,457196,1.354362,1.3260530000000001,ISR,USA,7126
111,231,1187,1992,1574334,1640628,1.7819,0.981246,ITA,USA,7126
112,231,1187,1992,0,12402,-0.200329,-0.595741,JAM,USA,7126
114,231,1187,1992,15475083,291587,2.451698,0.875639,JPN,USA,7126
116,231,1187,1992,0,6283,-0.31818,-0.096856,KEN,USA,7126
121,231,1187,1992,0,16636705,0.778066,1.3011139999999999,KOR,USA,7126
122,231,1187,1992,0,200842,-1.2360950000000002,-1.061771,KWT,USA,7126
138,231,1187,1992,20206,1044371,0.9039370000000001,0.965842,MEX,USA,7126
153,231,1187,1992,0,315822,0.14268499999999998,0.370079,MYS,USA,7126
159,231,1187,1992,0,7629,-2.275923,-1.178983,NGA,USA,7126
160,231,1187,1992,0,563058,-0.214083,-0.111615,NIC,USA,7126
162,231,1187,1992,0,1295007,1.4315069999999999,1.7107450000000002,NLD,USA,7126
163,231,1187,1992,0,1278646,0.877965,0.444983,NOR,USA,7126
168,231,1187,1992,0,561524,-0.480152,-0.361705,PAK,USA,7126
169,231,1187,1992,0,54280,0.289315,0.37247199999999997,PAN,USA,7126
173,231,1187,1992,0,43430,-0.286545,-0.264638,PER,USA,7126
174,231,1187,1992,0,328330,-0.139761,0.772109,PHL,USA,7126
177,231,1187,1992,0,214535,0.581166,2.070795,POL,USA,7126
180,231,1187,1992,0,4448,-0.906433,-0.787177,PRY,USA,7126
188,231,1187,1992,1254853,574153,0.416315,-0.7342489999999999,SAU,USA,7126
192,231,1187,1992,497898,1977439,0.95691,0.892702,SGP,USA,7126
197,231,1187,1992,0,74541,0.396523,0.47548900000000005,SLV,USA,7126
208,231,1187,1992,0,407735,2.2265900000000003,0.999178,SWE,USA,7126
216,231,1187,1992,0,717330,0.109518,1.486578,THA,USA,7126
222,231,1187,1992,37448,135476,0.43506000000000006,-0.43233599999999994,TTO,USA,7126
224,231,1187,1992,0,18206,0.160966,1.154796,TUR,USA,7126
230,231,1187,1992,0,28719,0.242758,0.711781,URY,USA,7126
236,231,1187,1992,0,890088,-0.106385,-0.65975,VEN,USA,7126
243,231,1187,1992,0,914737,-0.7116020000000001,-0.9852489999999999,YEM,USA,7126
246,231,1187,1992,2690,653493,0.236335,1.415622,ZAF,USA,7126
249,231,1187,1992,2946,850138,1.3694790000000001,1.6227559999999999,TWN,USA,7126
42,14,1187,1992,0,52357,-0.188106,-0.360151,CHL,AUS,7126
61,14,1187,1992,1438330,0,2.2968349999999997,-2.581569,DEU,AUS,7126
81,14,1187,1992,248935,0,1.8901810000000001,0.9274030000000001,GBR,AUS,7126
103,14,1187,1992,0,162470,-0.5250670000000001,0.717568,IDN,AUS,7126
111,14,1187,1992,1705,0,1.7819,0.981246,ITA,AUS,7126
114,14,1187,1992,10670147,0,2.451698,0.875639,JPN,AUS,7126
128,14,1187,1992,0,4121,-0.45780600000000005,-0.221948,LKA,AUS,7126
162,14,1187,1992,0,4361,1.4315069999999999,1.7107450000000002,NLD,AUS,7126
166,14,1187,1992,34431,42601,0.41866000000000003,0.580581,NZL,AUS,7126
176,14,1187,1992,0,12562,-1.602221,-1.058247,PNG,AUS,7126
192,14,1187,1992,0,9207,0.95691,0.892702,SGP,AUS,7126
195,14,1187,1992,0,5003,-1.491786,-0.9599799999999999,SLB,AUS,7126
221,14,1187,1992,0,17576,-0.787605,-0.880726,TON,AUS,7126
231,14,1187,1992,466748,115634,1.660693,1.289752,USA,AUS,7126
18,15,1187,1992,0,29838,1.449085,1.622957,BEL,AUT,7126
23,15,1187,1992,0,61322,0.503161,1.871616,BGR,AUT,7126
43,15,1187,1992,0,4597624,0.269411,1.920075,CHN,AUT,7126
53,15,1187,1992,0,6851,1.116966,2.225331,CSK,AUT,7126
61,15,1187,1992,3673860,31102,2.2968349999999997,-2.581569,DEU,AUT,7126
74,15,1187,1992,0,37875,1.929661,1.3477,FIN,AUT,7126
77,15,1187,1992,0,327235,1.682766,1.2713430000000001,FRA,AUT,7126
81,15,1187,1992,0,4552,1.8901810000000001,0.9274030000000001,GBR,AUT,7126
104,15,1187,1992,25549,0,0.101094,1.6851180000000001,IND,AUT,7126
111,15,1187,1992,12087,387672,1.7819,0.981246,ITA,AUT,7126
138,15,1187,1992,0,458800,0.9039370000000001,0.965842,MEX,AUT,7126
162,15,1187,1992,4638,0,1.4315069999999999,1.7107450000000002,NLD,AUT,7126
179,15,1187,1992,0,1778,0.47505,0.8402860000000001,PRT,AUT,7126
185,15,1187,1992,0,1176,0.838817,1.358629,ROU,AUT,7126
208,15,1187,1992,0,135947,2.2265900000000003,0.999178,SWE,AUT,7126
216,15,1187,1992,0,3311211,0.109518,1.486578,THA,AUT,7126
231,15,1187,1992,215997,2015,1.660693,1.289752,USA,AUT,7126
41,22,1187,1992,2643,0,2.24952,1.014945,CHE,BGD,7126
43,22,1187,1992,5721547,0,0.269411,1.920075,CHN,BGD,7126
61,22,1187,1992,67282,0,2.2968349999999997,-2.581569,DEU,BGD,7126
104,22,1187,1992,9023,0,0.101094,1.6851180000000001,IND,BGD,7126
15,23,1187,1992,61322,0,1.975207,0.669388,AUT,BGR,7126
53,23,1187,1992,98874,0,1.116966,2.225331,CSK,BGR,7126
61,23,1187,1992,6961,0,2.2968349999999997,-2.581569,DEU,BGR,7126
81,39,1187,1992,12801,1579187,1.8901810000000001,0.9274030000000001,GBR,CAN,7126
111,39,1187,1992,309290,0,1.7819,0.981246,ITA,CAN,7126
114,39,1187,1992,5035040,0,2.451698,0.875639,JPN,CAN,7126
173,39,1187,1992,0,3869,-0.286545,-0.264638,PER,CAN,7126
192,39,1187,1992,0,1853,0.95691,0.892702,SGP,CAN,7126
231,39,1187,1992,1736246,8012576,1.660693,1.289752,USA,CAN,7126
250,39,1187,1992,292835,0,0.989994,0.977453,ANS,CAN,7126
22,41,1187,1992,0,2643,-0.608254,-0.921751,BGD,CHE,7126
43,41,1187,1992,0,339242,0.269411,1.920075,CHN,CHE,7126
61,41,1187,1992,318632,86884,2.2968349999999997,-2.581569,DEU,CHE,7126
64,41,1187,1992,0,1657,1.696464,1.365743,DNK,CHE,7126
74,41,1187,1992,0,10013779,1.929661,1.3477,FIN,CHE,7126
77,41,1187,1992,32088,10521,1.682766,1.2713430000000001,FRA,CHE,7126
81,41,1187,1992,24128,48163,1.8901810000000001,0.9274030000000001,GBR,CHE,7126
103,41,1187,1992,0,937401,-0.5250670000000001,0.717568,IDN,CHE,7126
110,41,1187,1992,0,12193,1.354362,1.3260530000000001,ISR,CHE,7126
111,41,1187,1992,461647,29965,1.7819,0.981246,ITA,CHE,7126
121,41,1187,1992,0,1124812,0.778066,1.3011139999999999,KOR,CHE,7126
173,41,1187,1992,0,9630,-0.286545,-0.264638,PER,CHE,7126
174,41,1187,1992,0,48905,-0.139761,0.772109,PHL,CHE,7126
188,41,1187,1992,0,25414,0.416315,-0.7342489999999999,SAU,CHE,7126
205,41,1187,1992,0,1776,-0.9841209999999999,-0.9359129999999999,SUR,CHE,7126
224,41,1187,1992,0,2019960,0.160966,1.154796,TUR,CHE,7126
231,41,1187,1992,675870,71122,1.660693,1.289752,USA,CHE,7126
236,41,1187,1992,0,179309,-0.106385,-0.65975,VEN,CHE,7126
246,41,1187,1992,0,44004,0.236335,1.415622,ZAF,CHE,7126
248,41,1187,1992,0,1804,-0.11168099999999999,0.143612,ZWE,CHE,7126
14,42,1187,1992,52357,0,0.083812,0.637224,AUS,CHL,7126
114,42,1187,1992,1829,0,2.451698,0.875639,JPN,CHL,7126
231,42,1187,1992,105121,0,1.660693,1.289752,USA,CHL,7126
61,68,1187,1992,2634952,0,2.2968349999999997,-2.581569,DEU,EGY,7126
64,68,1187,1992,27604,0,1.696464,1.365743,DNK,EGY,7126
77,68,1187,1992,234771,0,1.682766,1.2713430000000001,FRA,EGY,7126
111,68,1187,1992,503204,0,1.7819,0.981246,ITA,EGY,7126
114,68,1187,1992,16268,0,2.451698,0.875639,JPN,EGY,7126
250,68,1187,1992,3722,0,0.989994,0.977453,ANS,EGY,7126
61,100,1187,1992,365298,0,2.2968349999999997,-2.581569,DEU,HRV,7126
74,100,1187,1992,0,402904,1.929661,1.3477,FIN,HRV,7126
77,100,1187,1992,33382,0,1.682766,1.2713430000000001,FRA,HRV,7126
81,100,1187,1992,12562,0,1.8901810000000001,0.9274030000000001,GBR,HRV,7126
163,100,1187,1992,0,71536,0.877965,0.444983,NOR,HRV,7126
61,102,1187,1992,49670,0,2.2968349999999997,-2.581569,DEU,HUN,7126
74,102,1187,1992,0,2340104,1.929661,1.3477,FIN,HUN,7126
207,102,1187,1992,0,10117,1.3270629999999999,1.605534,SVN,HUN,7126
14,103,1187,1992,162470,0,0.083812,0.637224,AUS,IDN,7126
18,103,1187,1992,2041464,0,1.449085,1.622957,BEL,IDN,7126
41,103,1187,1992,937401,0,2.24952,1.014945,CHE,IDN,7126
43,103,1187,1992,5579826,0,0.269411,1.920075,CHN,IDN,7126
61,103,1187,1992,11005,96693,2.2968349999999997,-2.581569,DEU,IDN,7126
64,103,1187,1992,10297,0,1.696464,1.365743,DNK,IDN,7126
77,103,1187,1992,78248,0,1.682766,1.2713430000000001,FRA,IDN,7126
81,103,1187,1992,64445,0,1.8901810000000001,0.9274030000000001,GBR,IDN,7126
104,103,1187,1992,29096,0,0.101094,1.6851180000000001,IND,IDN,7126
111,103,1187,1992,12714,0,1.7819,0.981246,ITA,IDN,7126
114,103,1187,1992,51201988,0,2.451698,0.875639,JPN,IDN,7126
153,103,1187,1992,34921,0,0.14268499999999998,0.370079,MYS,IDN,7126
192,103,1187,1992,1980587,0,0.95691,0.892702,SGP,IDN,7126
231,103,1187,1992,501311,0,1.660693,1.289752,USA,IDN,7126
15,104,1187,1992,0,25549,1.975207,0.669388,AUT,IND,7126
22,104,1187,1992,0,9023,-0.608254,-0.921751,BGD,IND,7126
58,104,1187,1992,0,843063,0.471516,0.668776,CYP,IND,7126
61,104,1187,1992,5876900,0,2.2968349999999997,-2.581569,DEU,IND,7126
77,104,1187,1992,4749348,0,1.682766,1.2713430000000001,FRA,IND,7126
81,104,1187,1992,23943,35951,1.8901810000000001,0.9274030000000001,GBR,IND,7126
103,104,1187,1992,0,29096,-0.5250670000000001,0.717568,IDN,IND,7126
111,104,1187,1992,4060,0,1.7819,0.981246,ITA,IND,7126
114,104,1187,1992,17317304,0,2.451698,0.875639,JPN,IND,7126
141,104,1187,1992,0,3302,-0.9495790000000001,-1.028165,MLI,IND,7126
142,104,1187,1992,0,32738,0.828211,0.29226599999999997,MLT,IND,7126
153,104,1187,1992,0,25824,0.14268499999999998,0.370079,MYS,IND,7126
177,104,1187,1992,11245302,0,0.581166,2.070795,POL,IND,7126
188,104,1187,1992,0,45637,0.416315,-0.7342489999999999,SAU,IND,7126
231,104,1187,1992,166200,0,1.660693,1.289752,USA,IND,7126
61,113,1187,1992,35410,0,2.2968349999999997,-2.581569,DEU,JOR,7126
7,114,1187,1992,0,3113174,-0.495518,-0.963358,ARE,JPN,7126
14,114,1187,1992,0,10670147,0.083812,0.637224,AUS,JPN,7126
32,114,1187,1992,0,1315563,0.685144,1.5676709999999998,BRA,JPN,7126
39,114,1187,1992,0,5035040,0.74703,1.096791,CAN,JPN,7126
42,114,1187,1992,0,1829,-0.188106,-0.360151,CHL,JPN,7126
43,114,1187,1992,0,1735830,0.269411,1.920075,CHN,JPN,7126
49,114,1187,1992,0,8835356,0.022895,0.22971799999999998,COL,JPN,7126
52,114,1187,1992,0,18243696,0.11654,0.191873,CRI,JPN,7126
64,114,1187,1992,0,1219267,1.696464,1.365743,DNK,JPN,7126
66,114,1187,1992,0,1226,-0.24189699999999997,-0.9399219999999999,DZA,JPN,7126
68,114,1187,1992,0,16268,-0.102143,-0.17513499999999999,EGY,JPN,7126
77,114,1187,1992,117005,8997061,1.682766,1.2713430000000001,FRA,JPN,7126
81,114,1187,1992,6375,357739,1.8901810000000001,0.9274030000000001,GBR,JPN,7126
99,114,1187,1992,0,3831,-0.5100640000000001,-0.38205900000000004,HND,JPN,7126
103,114,1187,1992,0,51201988,-0.5250670000000001,0.717568,IDN,JPN,7126
104,114,1187,1992,0,17317304,0.101094,1.6851180000000001,IND,JPN,7126
107,114,1187,1992,0,5303302,-1.195108,-1.135155,IRN,JPN,7126
111,114,1187,1992,3048,48013,1.7819,0.981246,ITA,JPN,7126
121,114,1187,1992,54899,44636176,0.778066,1.3011139999999999,KOR,JPN,7126
138,114,1187,1992,0,51877184,0.9039370000000001,0.965842,MEX,JPN,7126
153,114,1187,1992,44181,2762617,0.14268499999999998,0.370079,MYS,JPN,7126
162,114,1187,1992,0,2014516,1.4315069999999999,1.7107450000000002,NLD,JPN,7126
166,114,1187,1992,0,2230,0.41866000000000003,0.580581,NZL,JPN,7126
168,114,1187,1992,0,3894381,-0.480152,-0.361705,PAK,JPN,7126
174,114,1187,1992,2972402,2494660,-0.139761,0.772109,PHL,JPN,7126
188,114,1187,1992,0,15854615,0.416315,-0.7342489999999999,SAU,JPN,7126
192,114,1187,1992,211215,136751,0.95691,0.892702,SGP,JPN,7126
197,114,1187,1992,0,6562,0.396523,0.47548900000000005,SLV,JPN,7126
216,114,1187,1992,0,14244248,0.109518,1.486578,THA,JPN,7126
222,114,1187,1992,0,2386,0.43506000000000006,-0.43233599999999994,TTO,JPN,7126
223,114,1187,1992,0,1732,0.14482,-0.13608,TUN,JPN,7126
231,114,1187,1992,291587,15475083,1.660693,1.289752,USA,JPN,7126
236,114,1187,1992,0,11294204,-0.106385,-0.65975,VEN,JPN,7126
249,114,1187,1992,0,14699299,1.3694790000000001,1.6227559999999999,TWN,JPN,7126
14,128,1187,1992,4121,0,0.083812,0.637224,AUS,LKA,7126
61,128,1187,1992,2753,0,2.2968349999999997,-2.581569,DEU,LKA,7126
15,138,1187,1992,458800,0,1.975207,0.669388,AUT,MEX,7126
52,138,1187,1992,0,2627,0.11654,0.191873,CRI,MEX,7126
61,138,1187,1992,18127,0,2.2968349999999997,-2.581569,DEU,MEX,7126
77,138,1187,1992,146074,0,1.682766,1.2713430000000001,FRA,MEX,7126
93,138,1187,1992,0,1273,-0.031145999999999997,0.48874300000000004,GTM,MEX,7126
111,138,1187,1992,41685,0,1.7819,0.981246,ITA,MEX,7126
114,138,1187,1992,51877184,0,2.451698,0.875639,JPN,MEX,7126
173,138,1187,1992,0,1866,-0.286545,-0.264638,PER,MEX,7126
231,138,1187,1992,1044371,20206,1.660693,1.289752,USA,MEX,7126
236,138,1187,1992,0,3152,-0.106385,-0.65975,VEN,MEX,7126
14,166,1187,1992,42601,34431,0.083812,0.637224,AUS,NZL,7126
81,166,1187,1992,6579,3530,1.8901810000000001,0.9274030000000001,GBR,NZL,7126
114,166,1187,1992,2230,0,2.451698,0.875639,JPN,NZL,7126
156,166,1187,1992,0,1721,-1.284672,-0.9233870000000001,NCL,NZL,7126
7,168,1187,1992,0,3194,-0.495518,-0.963358,ARE,PAK,7126
43,168,1187,1992,10364217,0,0.269411,1.920075,CHN,PAK,7126
61,168,1187,1992,6066878,8782,2.2968349999999997,-2.581569,DEU,PAK,7126
81,168,1187,1992,2507092,16892,1.8901810000000001,0.9274030000000001,GBR,PAK,7126
111,168,1187,1992,6784,0,1.7819,0.981246,ITA,PAK,7126
114,168,1187,1992,3894381,0,2.451698,0.875639,JPN,PAK,7126
192,168,1187,1992,37471,12381,0.95691,0.892702,SGP,PAK,7126
231,168,1187,1992,561524,0,1.660693,1.289752,USA,PAK,7126
7,177,1187,1992,0,12123218,-0.495518,-0.963358,ARE,POL,7126
18,177,1187,1992,3632281,0,1.449085,1.622957,BEL,POL,7126
61,177,1187,1992,482933,0,2.2968349999999997,-2.581569,DEU,POL,7126
74,177,1187,1992,0,9027389,1.929661,1.3477,FIN,POL,7126
81,177,1187,1992,17805,0,1.8901810000000001,0.9274030000000001,GBR,POL,7126
90,177,1187,1992,0,5461190,0.139504,0.743678,GRC,POL,7126
104,177,1187,1992,0,11245302,0.101094,1.6851180000000001,IND,POL,7126
231,177,1187,1992,214535,0,1.660693,1.289752,USA,POL,7126
15,185,1187,1992,1176,0,1.975207,0.669388,AUT,ROU,7126
61,185,1187,1992,56368,0,2.2968349999999997,-2.581569,DEU,ROU,7126
186,185,1187,1992,745222,0,0.071799,0.14036099999999999,RUS,ROU,7126
24,188,1187,1992,4993,0,0.047396,-0.554517,BHR,SAU,7126
41,188,1187,1992,25414,0,2.24952,1.014945,CHE,SAU,7126
61,188,1187,1992,206831,0,2.2968349999999997,-2.581569,DEU,SAU,7126
71,188,1187,1992,586667,0,1.301511,1.730441,ESP,SAU,7126
77,188,1187,1992,408869,0,1.682766,1.2713430000000001,FRA,SAU,7126
81,188,1187,1992,8539,0,1.8901810000000001,0.9274030000000001,GBR,SAU,7126
104,188,1187,1992,45637,0,0.101094,1.6851180000000001,IND,SAU,7126
111,188,1187,1992,107163,0,1.7819,0.981246,ITA,SAU,7126
114,188,1187,1992,15854615,0,2.451698,0.875639,JPN,SAU,7126
163,188,1187,1992,90214,0,0.877965,0.444983,NOR,SAU,7126
231,188,1187,1992,574153,1254853,1.660693,1.289752,USA,SAU,7126
61,189,1187,1992,327469,0,2.2968349999999997,-2.581569,DEU,SCG,7126
74,189,1187,1992,0,561489,1.929661,1.3477,FIN,SCG,7126
77,189,1187,1992,43243,0,1.682766,1.2713430000000001,FRA,SCG,7126
207,189,1187,1992,235658,0,1.3270629999999999,1.605534,SVN,SCG,7126
14,192,1187,1992,9207,0,0.083812,0.637224,AUS,SGP,7126
34,192,1187,1992,0,18667,-1.142722,-0.818717,BRN,SGP,7126
39,192,1187,1992,1853,0,0.74703,1.096791,CAN,SGP,7126
43,192,1187,1992,23899,0,0.269411,1.920075,CHN,SGP,7126
61,192,1187,1992,2116798,189900,2.2968349999999997,-2.581569,DEU,SGP,7126
77,192,1187,1992,60501,0,1.682766,1.2713430000000001,FRA,SGP,7126
81,192,1187,1992,38538,0,1.8901810000000001,0.9274030000000001,GBR,SGP,7126
90,192,1187,1992,0,22327,0.139504,0.743678,GRC,SGP,7126
103,192,1187,1992,0,1980587,-0.5250670000000001,0.717568,IDN,SGP,7126
111,192,1187,1992,14432,0,1.7819,0.981246,ITA,SGP,7126
114,192,1187,1992,136751,211215,2.451698,0.875639,JPN,SGP,7126
121,192,1187,1992,6450,288334,0.778066,1.3011139999999999,KOR,SGP,7126
151,192,1187,1992,0,90234,-0.249558,-0.643201,MUS,SGP,7126
153,192,1187,1992,147159,256434,0.14268499999999998,0.370079,MYS,SGP,7126
168,192,1187,1992,12381,37471,-0.480152,-0.361705,PAK,SGP,7126
174,192,1187,1992,32710,755257,-0.139761,0.772109,PHL,SGP,7126
176,192,1187,1992,37827,27748,-1.602221,-1.058247,PNG,SGP,7126
208,192,1187,1992,0,1210,2.2265900000000003,0.999178,SWE,SGP,7126
216,192,1187,1992,0,192412,0.109518,1.486578,THA,SGP,7126
231,192,1187,1992,1977439,497898,1.660693,1.289752,USA,SGP,7126
249,192,1187,1992,0,145246,1.3694790000000001,1.6227559999999999,TWN,SGP,7126
102,207,1187,1992,10117,0,0.9144620000000001,2.157041,HUN,SVN,7126
111,207,1187,1992,1786,0,1.7819,0.981246,ITA,SVN,7126
189,207,1187,1992,0,235658,0.9474950000000001,2.442268,SCG,SVN,7126
15,208,1187,1992,135947,0,1.975207,0.669388,AUT,SWE,7126
18,208,1187,1992,0,475434,1.449085,1.622957,BEL,SWE,7126
61,208,1187,1992,608216,0,2.2968349999999997,-2.581569,DEU,SWE,7126
64,208,1187,1992,13063,0,1.696464,1.365743,DNK,SWE,7126
71,208,1187,1992,0,160031,1.301511,1.730441,ESP,SWE,7126
74,208,1187,1992,0,821887,1.929661,1.3477,FIN,SWE,7126
77,208,1187,1992,6580,69804,1.682766,1.2713430000000001,FRA,SWE,7126
81,208,1187,1992,337536,0,1.8901810000000001,0.9274030000000001,GBR,SWE,7126
106,208,1187,1992,731881,0,1.454172,1.397052,IRL,SWE,7126
111,208,1187,1992,0,7630,1.7819,0.981246,ITA,SWE,7126
121,208,1187,1992,0,182809,0.778066,1.3011139999999999,KOR,SWE,7126
134,208,1187,1992,0,34675,-0.339711,-0.265987,MAR,SWE,7126
162,208,1187,1992,6668,0,1.4315069999999999,1.7107450000000002,NLD,SWE,7126
163,208,1187,1992,0,429861,0.877965,0.444983,NOR,SWE,7126
173,208,1187,1992,0,97521,-0.286545,-0.264638,PER,SWE,7126
192,208,1187,1992,1210,0,0.95691,0.892702,SGP,SWE,7126
231,208,1187,1992,407735,0,1.660693,1.289752,USA,SWE,7126
15,216,1187,1992,3311211,0,1.975207,0.669388,AUT,THA,7126
53,216,1187,1992,11010,0,1.116966,2.225331,CSK,THA,7126
61,216,1187,1992,1504082,0,2.2968349999999997,-2.581569,DEU,THA,7126
81,216,1187,1992,5927,0,1.8901810000000001,0.9274030000000001,GBR,THA,7126
114,216,1187,1992,14244248,0,2.451698,0.875639,JPN,THA,7126
162,216,1187,1992,194890,0,1.4315069999999999,1.7107450000000002,NLD,THA,7126
192,216,1187,1992,192412,0,0.95691,0.892702,SGP,THA,7126
231,216,1187,1992,717330,0,1.660693,1.289752,USA,THA,7126
41,224,1187,1992,2019960,0,2.24952,1.014945,CHE,TUR,7126
61,224,1187,1992,44063,2917,2.2968349999999997,-2.581569,DEU,TUR,7126
81,224,1187,1992,76260,0,1.8901810000000001,0.9274030000000001,GBR,TUR,7126
111,224,1187,1992,3683,0,1.7819,0.981246,ITA,TUR,7126
162,224,1187,1992,0,4502,1.4315069999999999,1.7107450000000002,NLD,TUR,7126
231,224,1187,1992,18206,0,1.660693,1.289752,USA,TUR,7126
41,246,1187,1992,44004,0,2.24952,1.014945,CHE,ZAF,7126
61,246,1187,1992,172477,532363,2.2968349999999997,-2.581569,DEU,ZAF,7126
77,246,1187,1992,67812,0,1.682766,1.2713430000000001,FRA,ZAF,7126
81,246,1187,1992,5081164,0,1.8901810000000001,0.9274030000000001,GBR,ZAF,7126
97,246,1187,1992,0,586658,0.754112,1.911201,HKG,ZAF,7126
121,246,1187,1992,0,393927,0.778066,1.3011139999999999,KOR,ZAF,7126
147,246,1187,1992,0,1003,-0.119653,-0.28381100000000004,MOZ,ZAF,7126
152,246,1187,1992,0,1989,-1.368384,-1.205314,MWI,ZAF,7126
162,246,1187,1992,945133,0,1.4315069999999999,1.7107450000000002,NLD,ZAF,7126
174,246,1187,1992,0,84039,-0.139761,0.772109,PHL,ZAF,7126
231,246,1187,1992,653493,2690,1.660693,1.289752,USA,ZAF,7126
247,246,1187,1992,0,3068,-0.9865219999999999,-1.076062,ZMB,ZAF,7126
248,246,1187,1992,0,164365,-0.11168099999999999,0.143612,ZWE,ZAF,7126
249,246,1187,1992,2990,0,1.3694790000000001,1.6227559999999999,TWN,ZAF,7126
61,249,1187,1992,4081492,0,2.2968349999999997,-2.581569,DEU,TWN,7126
81,249,1187,1992,8631,0,1.8901810000000001,0.9274030000000001,GBR,TWN,7126
97,249,1187,1992,0,106067,0.754112,1.911201,HKG,TWN,7126
111,249,1187,1992,1457383,0,1.7819,0.981246,ITA,TWN,7126
114,249,1187,1992,14699299,0,2.451698,0.875639,JPN,TWN,7126
192,249,1187,1992,145246,0,0.95691,0.892702,SGP,TWN,7126
231,249,1187,1992,850138,2946,1.660693,1.289752,USA,TWN,7126
246,249,1187,1992,0,2990,0.236335,1.415622,ZAF,TWN,7126
250,249,1187,1992,0,64000,0.989994,0.977453,ANS,TWN,7126
31,8,1187,1992,0,5154,-0.609826,-0.693473,BOL,ARG,7126
61,8,1187,1992,1770846,0,2.2968349999999997,-2.581569,DEU,ARG,7126
81,8,1187,1992,1577,0,1.8901810000000001,0.9274030000000001,GBR,ARG,7126
111,8,1187,1992,20324,0,1.7819,0.981246,ITA,ARG,7126
231,8,1187,1992,151891,0,1.660693,1.289752,USA,ARG,7126
236,8,1187,1992,0,11374,-0.106385,-0.65975,VEN,ARG,7126
77,19,1187,1992,8130,0,1.682766,1.2713430000000001,FRA,BEN,7126
61,32,1187,1992,64785,0,2.2968349999999997,-2.581569,DEU,BRA,7126
86,32,1187,1992,0,73780,0.68221,-0.319682,GLP,BRA,7126
114,32,1187,1992,1315563,0,2.451698,0.875639,JPN,BRA,7126
180,32,1187,1992,0,7218,-0.906433,-0.787177,PRY,BRA,7126
231,32,1187,1992,523854,0,1.660693,1.289752,USA,BRA,7126
236,32,1187,1992,0,17681,-0.106385,-0.65975,VEN,BRA,7126
61,58,1187,1992,37528,0,2.2968349999999997,-2.581569,DEU,CYP,7126
77,58,1187,1992,40852,0,1.682766,1.2713430000000001,FRA,CYP,7126
81,58,1187,1992,3905,0,1.8901810000000001,0.9274030000000001,GBR,CYP,7126
104,58,1187,1992,843063,0,0.101094,1.6851180000000001,IND,CYP,7126
231,58,1187,1992,16784,0,1.660693,1.289752,USA,CYP,7126
61,90,1187,1992,4282476,0,2.2968349999999997,-2.581569,DEU,GRC,7126
81,90,1187,1992,74435,0,1.8901810000000001,0.9274030000000001,GBR,GRC,7126
125,90,1187,1992,0,13297,-0.790557,-0.9978870000000001,LBR,GRC,7126
177,90,1187,1992,5461190,0,0.581166,2.070795,POL,GRC,7126
192,90,1187,1992,22327,0,0.95691,0.892702,SGP,GRC,7126
231,90,1187,1992,14760,0,1.660693,1.289752,USA,GRC,7126
81,116,1187,1992,38404,0,1.8901810000000001,0.9274030000000001,GBR,KEN,7126
111,116,1187,1992,3431,0,1.7819,0.981246,ITA,KEN,7126
231,116,1187,1992,6283,0,1.660693,1.289752,USA,KEN,7126
61,134,1187,1992,112329,0,2.2968349999999997,-2.581569,DEU,MAR,7126
71,134,1187,1992,64035,0,1.301511,1.730441,ESP,MAR,7126
77,134,1187,1992,6531,0,1.682766,1.2713430000000001,FRA,MAR,7126
111,134,1187,1992,120099,0,1.7819,0.981246,ITA,MAR,7126
208,134,1187,1992,34675,0,2.2265900000000003,0.999178,SWE,MAR,7126
81,142,1187,1992,12811,0,1.8901810000000001,0.9274030000000001,GBR,MLT,7126
104,142,1187,1992,32738,0,0.101094,1.6851180000000001,IND,MLT,7126
126,142,1187,1992,0,187382,-0.333309,-0.981883,LBY,MLT,7126
111,150,1187,1992,6007,0,1.7819,0.981246,ITA,MTQ,7126
18,191,1187,1992,162101,0,1.449085,1.622957,BEL,SEN,7126
77,191,1187,1992,5855,6696,1.682766,1.2713430000000001,FRA,SEN,7126
41,248,1187,1992,1804,0,2.24952,1.014945,CHE,ZWE,7126
43,248,1187,1992,1120,0,0.269411,1.920075,CHN,ZWE,7126
81,248,1187,1992,6786,0,1.8901810000000001,0.9274030000000001,GBR,ZWE,7126
246,248,1187,1992,164365,0,0.236335,1.415622,ZAF,ZWE,7126
8,236,1187,1992,11374,0,0.043179,0.553408,ARG,VEN,7126
32,236,1187,1992,17681,0,0.685144,1.5676709999999998,BRA,VEN,7126
41,236,1187,1992,179309,0,2.24952,1.014945,CHE,VEN,7126
61,236,1187,1992,164468,0,2.2968349999999997,-2.581569,DEU,VEN,7126
81,236,1187,1992,3436,0,1.8901810000000001,0.9274030000000001,GBR,VEN,7126
106,236,1187,1992,1481,0,1.454172,1.397052,IRL,VEN,7126
111,236,1187,1992,7333,0,1.7819,0.981246,ITA,VEN,7126
114,236,1187,1992,11294204,0,2.451698,0.875639,JPN,VEN,7126
138,236,1187,1992,3152,0,0.9039370000000001,0.965842,MEX,VEN,7126
162,236,1187,1992,270844,0,1.4315069999999999,1.7107450000000002,NLD,VEN,7126
231,236,1187,1992,890088,0,1.660693,1.289752,USA,VEN,7126
8,31,1187,1992,5154,0,0.043179,0.553408,ARG,BOL,7126
231,67,1187,1992,345149,0,1.660693,1.289752,USA,ECU,7126
61,212,1187,1992,2926,0,2.2968349999999997,-2.581569,DEU,SYR,7126
81,212,1187,1992,1325,0,1.8901810000000001,0.9274030000000001,GBR,SYR,7126
111,212,1187,1992,2926,0,1.7819,0.981246,ITA,SYR,7126
186,212,1187,1992,17902,0,0.071799,0.14036099999999999,RUS,SYR,7126
61,66,1187,1992,3969,0,2.2968349999999997,-2.581569,DEU,DZA,7126
77,66,1187,1992,72055,0,1.682766,1.2713430000000001,FRA,DZA,7126
111,66,1187,1992,75404,0,1.7819,0.981246,ITA,DZA,7126
114,66,1187,1992,1226,0,2.451698,0.875639,JPN,DZA,7126
32,86,1187,1992,73780,0,0.685144,1.5676709999999998,BRA,GLP,7126
81,86,1187,1992,126402,0,1.8901810000000001,0.9274030000000001,GBR,GLP,7126
231,86,1187,1992,69487,0,1.660693,1.289752,USA,GLP,7126
81,112,1187,1992,76592,677275,1.8901810000000001,0.9274030000000001,GBR,JAM,7126
111,112,1187,1992,134843,0,1.7819,0.981246,ITA,JAM,7126
231,112,1187,1992,12402,0,1.660693,1.289752,USA,JAM,7126
61,160,1187,1992,94785,0,2.2968349999999997,-2.581569,DEU,NIC,7126
99,160,1187,1992,4713,0,-0.5100640000000001,-0.38205900000000004,HND,NIC,7126
111,160,1187,1992,14131,0,1.7819,0.981246,ITA,NIC,7126
231,160,1187,1992,563058,0,1.660693,1.289752,USA,NIC,7126
39,173,1187,1992,3869,0,0.74703,1.096791,CAN,PER,7126
41,173,1187,1992,9630,0,2.24952,1.014945,CHE,PER,7126
138,173,1187,1992,1866,0,0.9039370000000001,0.965842,MEX,PER,7126
208,173,1187,1992,97521,0,2.2265900000000003,0.999178,SWE,PER,7126
231,173,1187,1992,43430,0,1.660693,1.289752,USA,PER,7126
32,180,1187,1992,7218,0,0.685144,1.5676709999999998,BRA,PRY,7126
231,180,1187,1992,4448,0,1.660693,1.289752,USA,PRY,7126
81,197,1187,1992,22382,0,1.8901810000000001,0.9274030000000001,GBR,SLV,7126
114,197,1187,1992,6562,0,2.451698,0.875639,JPN,SLV,7126
169,197,1187,1992,5015,0,0.289315,0.37247199999999997,PAN,SLV,7126
231,197,1187,1992,74541,0,1.660693,1.289752,USA,SLV,7126
41,205,1187,1992,1776,0,2.24952,1.014945,CHE,SUR,7126
162,205,1187,1992,3248,0,1.4315069999999999,1.7107450000000002,NLD,SUR,7126
61,230,1187,1992,1952,0,2.2968349999999997,-2.581569,DEU,URY,7126
231,230,1187,1992,28719,0,1.660693,1.289752,USA,URY,7126
81,24,1187,1992,72133,0,1.8901810000000001,0.9274030000000001,GBR,BHR,7126
188,24,1187,1992,0,4993,0.416315,-0.7342489999999999,SAU,BHR,7126
231,24,1187,1992,7957,0,1.660693,1.289752,USA,BHR,7126
77,34,1187,1992,53144,0,1.682766,1.2713430000000001,FRA,BRN,7126
162,34,1187,1992,12445,0,1.4315069999999999,1.7107450000000002,NLD,BRN,7126
192,34,1187,1992,18667,0,0.95691,0.892702,SGP,BRN,7126
231,34,1187,1992,109699,0,1.660693,1.289752,USA,BRN,7126
15,53,1187,1992,6851,0,1.975207,0.669388,AUT,CSK,7126
23,53,1187,1992,0,98874,0.503161,1.871616,BGR,CSK,7126
61,53,1187,1992,0,16184,2.2968349999999997,-2.581569,DEU,CSK,7126
64,53,1187,1992,0,4334766,1.696464,1.365743,DNK,CSK,7126
216,53,1187,1992,0,11010,0.109518,1.486578,THA,CSK,7126
81,54,1187,1992,60503,0,1.8901810000000001,0.9274030000000001,GBR,CUB,7126
61,107,1187,1992,475269,0,2.2968349999999997,-2.581569,DEU,IRN,7126
81,107,1187,1992,4334,0,1.8901810000000001,0.9274030000000001,GBR,IRN,7126
111,107,1187,1992,232731,0,1.7819,0.981246,ITA,IRN,7126
114,107,1187,1992,5303302,0,2.451698,0.875639,JPN,IRN,7126
162,107,1187,1992,4780514,0,1.4315069999999999,1.7107450000000002,NLD,IRN,7126
231,107,1187,1992,73992,0,1.660693,1.289752,USA,IRN,7126
61,122,1187,1992,35064,0,2.2968349999999997,-2.581569,DEU,KWT,7126
111,122,1187,1992,269231,0,1.7819,0.981246,ITA,KWT,7126
231,122,1187,1992,200842,0,1.660693,1.289752,USA,KWT,7126
81,126,1187,1992,31260,1722298,1.8901810000000001,0.9274030000000001,GBR,LBY,7126
111,126,1187,1992,3561,0,1.7819,0.981246,ITA,LBY,7126
142,126,1187,1992,187382,0,0.828211,0.29226599999999997,MLT,LBY,7126
162,126,1187,1992,10227,0,1.4315069999999999,1.7107450000000002,NLD,LBY,7126
81,143,1187,1992,0,211812,1.8901810000000001,0.9274030000000001,GBR,MMR,7126
61,151,1187,1992,202232,0,2.2968349999999997,-2.581569,DEU,MUS,7126
77,151,1187,1992,1827,0,1.682766,1.2713430000000001,FRA,MUS,7126
192,151,1187,1992,90234,0,0.95691,0.892702,SGP,MUS,7126
61,167,1187,1992,19408686,0,2.2968349999999997,-2.581569,DEU,OMN,7126
77,184,1187,1992,2268,0,1.682766,1.2713430000000001,FRA,REU,7126
61,186,1187,1992,418938,0,2.2968349999999997,-2.581569,DEU,RUS,7126
77,186,1187,1992,62567,0,1.682766,1.2713430000000001,FRA,RUS,7126
185,186,1187,1992,0,745222,0.838817,1.358629,ROU,RUS,7126
212,186,1187,1992,0,17902,-0.566724,-0.602446,SYR,RUS,7126
61,190,1187,1992,205153,0,2.2968349999999997,-2.581569,DEU,SDN,7126
81,190,1187,1992,405408,0,1.8901810000000001,0.9274030000000001,GBR,SDN,7126
111,199,1187,1992,3170,0,1.7819,0.981246,ITA,SOM,7126
61,223,1187,1992,7359,0,2.2968349999999997,-2.581569,DEU,TUN,7126
77,223,1187,1992,7854,0,1.682766,1.2713430000000001,FRA,TUN,7126
111,223,1187,1992,67583,0,1.7819,0.981246,ITA,TUN,7126
114,223,1187,1992,1732,0,2.451698,0.875639,JPN,TUN,7126
18,226,1187,1992,1471,0,1.449085,1.622957,BEL,TZA,7126
61,226,1187,1992,324470,0,2.2968349999999997,-2.581569,DEU,TZA,7126
81,226,1187,1992,239414,0,1.8901810000000001,0.9274030000000001,GBR,TZA,7126
231,243,1187,1992,914737,0,1.660693,1.289752,USA,YEM,7126
81,247,1187,1992,23475,0,1.8901810000000001,0.9274030000000001,GBR,ZMB,7126
246,247,1187,1992,3068,0,0.236335,1.415622,ZAF,ZMB,7126
39,250,1187,1992,0,292835,0.74703,1.096791,CAN,ANS,7126
68,250,1187,1992,0,3722,-0.102143,-0.17513499999999999,EGY,ANS,7126
71,250,1187,1992,6031,0,1.301511,1.730441,ESP,ANS,7126
77,250,1187,1992,0,1005237,1.682766,1.2713430000000001,FRA,ANS,7126
121,250,1187,1992,1547,0,0.778066,1.3011139999999999,KOR,ANS,7126
249,250,1187,1992,64000,0,1.3694790000000001,1.6227559999999999,TWN,ANS,7126
179,2,1187,1992,7322,0,0.47505,0.8402860000000001,PRT,AGO,7126
162,6,1187,1992,1440,0,1.4315069999999999,1.7107450000000002,NLD,ANT,7126
231,6,1187,1992,4800,0,1.660693,1.289752,USA,ANT,7126
18,7,1187,1992,22548,0,1.449085,1.622957,BEL,ARE,7126
61,7,1187,1992,183988,0,2.2968349999999997,-2.581569,DEU,ARE,7126
77,7,1187,1992,52653,0,1.682766,1.2713430000000001,FRA,ARE,7126
81,7,1187,1992,19663,0,1.8901810000000001,0.9274030000000001,GBR,ARE,7126
114,7,1187,1992,3113174,0,2.451698,0.875639,JPN,ARE,7126
162,7,1187,1992,2443,0,1.4315069999999999,1.7107450000000002,NLD,ARE,7126
168,7,1187,1992,3194,0,-0.480152,-0.361705,PAK,ARE,7126
177,7,1187,1992,12123218,0,0.581166,2.070795,POL,ARE,7126
231,7,1187,1992,56090,0,1.660693,1.289752,USA,ARE,7126
81,13,1187,1992,0,3184,1.8901810000000001,0.9274030000000001,GBR,ATG,7126
77,80,1187,1992,232055,0,1.682766,1.2713430000000001,FRA,GAB,7126
18,110,1187,1992,0,6891,1.449085,1.622957,BEL,ISR,7126
41,110,1187,1992,12193,0,2.24952,1.014945,CHE,ISR,7126
61,110,1187,1992,29647178,0,2.2968349999999997,-2.581569,DEU,ISR,7126
81,110,1187,1992,54852,0,1.8901810000000001,0.9274030000000001,GBR,ISR,7126
109,110,1187,1992,0,424207,-0.076691,-0.630567,ISL,ISR,7126
231,110,1187,1992,457196,0,1.660693,1.289752,USA,ISR,7126
90,125,1187,1992,13297,0,0.139504,0.743678,GRC,LBR,7126
246,147,1187,1992,1003,0,0.236335,1.415622,ZAF,MOZ,7126
246,152,1187,1992,1989,0,0.236335,1.415622,ZAF,MWI,7126
111,159,1187,1992,62926,0,1.7819,0.981246,ITA,NGA,7126
231,159,1187,1992,7629,0,1.660693,1.289752,USA,NGA,7126
81,234,1187,1992,2567,0,1.8901810000000001,0.9274030000000001,GBR,VCT,7126
64,109,1187,1992,3642,0,1.696464,1.365743,DNK,ISL,7126
110,109,1187,1992,424207,0,1.354362,1.3260530000000001,ISR,ISL,7126
166,156,1187,1992,1721,0,0.41866000000000003,0.580581,NZL,NCL,7126
14,176,1187,1992,12562,0,0.083812,0.637224,AUS,PNG,7126
192,176,1187,1992,27748,37827,0.95691,0.892702,SGP,PNG,7126
14,195,1187,1992,5003,0,0.083812,0.637224,AUS,SLB,7126
14,221,1187,1992,17576,0,0.083812,0.637224,AUS,TON,7126
77,17,1187,1992,1701,0,1.682766,1.2713430000000001,FRA,BDI,7126
81,84,1187,1992,3639,0,1.8901810000000001,0.9274030000000001,GBR,GIB,7126
104,141,1187,1992,3302,0,0.101094,1.6851180000000001,IND,MLI,7126
77,214,1187,1992,1195343,0,1.682766,1.2713430000000001,FRA,TCD,7126
81,161,1187,1992,2417,0,1.8901810000000001,0.9274030000000001,GBR,NIU,7126
7,18,1188,1992,0,6054,-0.495518,-0.963358,ARE,BEL,7129
15,18,1188,1992,2993298,0,1.975207,0.669388,AUT,BEL,7129
17,18,1188,1992,0,16005,-1.222854,-0.927959,BDI,BEL,7129
39,18,1188,1992,14981,3462,0.74703,1.096791,CAN,BEL,7129
41,18,1188,1992,1631511,1580729,2.24952,1.014945,CHE,BEL,7129
46,18,1188,1992,0,17636,-1.55348,-1.100071,COD,BEL,7129
53,18,1188,1992,7630,2744,1.116966,2.225331,CSK,BEL,7129
58,18,1188,1992,0,7094,0.471516,0.668776,CYP,BEL,7129
61,18,1188,1992,7325366,369333,2.2968349999999997,-2.581569,DEU,BEL,7129
64,18,1188,1992,8068,24251,1.696464,1.365743,DNK,BEL,7129
68,18,1188,1992,0,11255,-0.102143,-0.17513499999999999,EGY,BEL,7129
74,18,1188,1992,0,2670,1.929661,1.3477,FIN,BEL,7129
77,18,1188,1992,13160472,3376771,1.682766,1.2713430000000001,FRA,BEL,7129
81,18,1188,1992,18804080,21617726,1.8901810000000001,0.9274030000000001,GBR,BEL,7129
84,18,1188,1992,13465,0,1.356823,0.656416,GIB,BEL,7129
102,18,1188,1992,215108,1924,0.9144620000000001,2.157041,HUN,BEL,7129
103,18,1188,1992,0,456742,-0.5250670000000001,0.717568,IDN,BEL,7129
104,18,1188,1992,0,54246,0.101094,1.6851180000000001,IND,BEL,7129
106,18,1188,1992,1449,0,1.454172,1.397052,IRL,BEL,7129
107,18,1188,1992,0,50534,-1.195108,-1.135155,IRN,BEL,7129
110,18,1188,1992,30092,0,1.354362,1.3260530000000001,ISR,BEL,7129
111,18,1188,1992,570391,12781,1.7819,0.981246,ITA,BEL,7129
114,18,1188,1992,97063,0,2.451698,0.875639,JPN,BEL,7129
138,18,1188,1992,0,62514,0.9039370000000001,0.965842,MEX,BEL,7129
153,18,1188,1992,0,38031,0.14268499999999998,0.370079,MYS,BEL,7129
162,18,1188,1992,2677180,1369900,1.4315069999999999,1.7107450000000002,NLD,BEL,7129
163,18,1188,1992,0,4978,0.877965,0.444983,NOR,BEL,7129
177,18,1188,1992,0,239942,0.581166,2.070795,POL,BEL,7129
188,18,1188,1992,0,4011,0.416315,-0.7342489999999999,SAU,BEL,7129
197,18,1188,1992,0,17704,0.396523,0.47548900000000005,SLV,BEL,7129
208,18,1188,1992,2003670,718202,2.2265900000000003,0.999178,SWE,BEL,7129
212,18,1188,1992,1385,180083,-0.566724,-0.602446,SYR,BEL,7129
231,18,1188,1992,85153,53362,1.660693,1.289752,USA,BEL,7129
250,18,1188,1992,0,12441,0.989994,0.977453,ANS,BEL,7129
61,33,1188,1992,7182,0,2.2968349999999997,-2.581569,DEU,BRB,7129
81,33,1188,1992,127134,0,1.8901810000000001,0.9274030000000001,GBR,BRB,7129
208,33,1188,1992,14876,0,2.2265900000000003,0.999178,SWE,BRB,7129
231,33,1188,1992,2702,0,1.660693,1.289752,USA,BRB,7129
15,43,1188,1992,572560,0,1.975207,0.669388,AUT,CHN,7129
22,43,1188,1992,0,9655,-0.608254,-0.921751,BGD,CHN,7129
34,43,1188,1992,0,523,-1.142722,-0.818717,BRN,CHN,7129
39,43,1188,1992,241702,26066,0.74703,1.096791,CAN,CHN,7129
41,43,1188,1992,17315,0,2.24952,1.014945,CHE,CHN,7129
53,43,1188,1992,13320,0,1.116966,2.225331,CSK,CHN,7129
54,43,1188,1992,0,335158,-0.719011,-1.077984,CUB,CHN,7129
61,43,1188,1992,1537798,75150,2.2968349999999997,-2.581569,DEU,CHN,7129
64,43,1188,1992,5564,0,1.696464,1.365743,DNK,CHN,7129
77,43,1188,1992,4743362,0,1.682766,1.2713430000000001,FRA,CHN,7129
81,43,1188,1992,1859348,0,1.8901810000000001,0.9274030000000001,GBR,CHN,7129
97,43,1188,1992,87666,46418,0.754112,1.911201,HKG,CHN,7129
103,43,1188,1992,0,16323,-0.5250670000000001,0.717568,IDN,CHN,7129
111,43,1188,1992,10283528,0,1.7819,0.981246,ITA,CHN,7129
114,43,1188,1992,3454423,130205,2.451698,0.875639,JPN,CHN,7129
133,43,1188,1992,0,5774,0.249034,-0.026864,MAC,CHN,7129
153,43,1188,1992,0,6521,0.14268499999999998,0.370079,MYS,CHN,7129
162,43,1188,1992,5547,0,1.4315069999999999,1.7107450000000002,NLD,CHN,7129
168,43,1188,1992,0,942133,-0.480152,-0.361705,PAK,CHN,7129
174,43,1188,1992,0,98739,-0.139761,0.772109,PHL,CHN,7129
178,43,1188,1992,0,5718,0.201042,0.477547,PRK,CHN,7129
186,43,1188,1992,13772252,0,0.071799,0.14036099999999999,RUS,CHN,7129
192,43,1188,1992,99136,296032,0.95691,0.892702,SGP,CHN,7129
208,43,1188,1992,17680,0,2.2265900000000003,0.999178,SWE,CHN,7129
216,43,1188,1992,0,3624,0.109518,1.486578,THA,CHN,7129
231,43,1188,1992,1447951,88700,1.660693,1.289752,USA,CHN,7129
32,49,1188,1992,6583,0,0.685144,1.5676709999999998,BRA,COL,7129
39,49,1188,1992,270428,0,0.74703,1.096791,CAN,COL,7129
41,49,1188,1992,159839,0,2.24952,1.014945,CHE,COL,7129
61,49,1188,1992,639652,0,2.2968349999999997,-2.581569,DEU,COL,7129
77,49,1188,1992,62347,0,1.682766,1.2713430000000001,FRA,COL,7129
81,49,1188,1992,25306,9326,1.8901810000000001,0.9274030000000001,GBR,COL,7129
111,49,1188,1992,131180,0,1.7819,0.981246,ITA,COL,7129
114,49,1188,1992,1856684,0,2.451698,0.875639,JPN,COL,7129
162,49,1188,1992,3725,0,1.4315069999999999,1.7107450000000002,NLD,COL,7129
185,49,1188,1992,4230,0,0.838817,1.358629,ROU,COL,7129
231,49,1188,1992,397487,2520,1.660693,1.289752,USA,COL,7129
249,49,1188,1992,22367,0,1.3694790000000001,1.6227559999999999,TWN,COL,7129
81,52,1188,1992,2796,0,1.8901810000000001,0.9274030000000001,GBR,CRI,7129
114,52,1188,1992,903281,0,2.451698,0.875639,JPN,CRI,7129
231,52,1188,1992,68343,0,1.660693,1.289752,USA,CRI,7129
236,52,1188,1992,0,23944,-0.106385,-0.65975,VEN,CRI,7129
6,61,1188,1992,0,124013,0.258484,-0.47236000000000006,ANT,DEU,7129
7,61,1188,1992,0,3516552,-0.495518,-0.963358,ARE,DEU,7129
8,61,1188,1992,0,6929080,0.043179,0.553408,ARG,DEU,7129
13,61,1188,1992,0,3083,0.561238,-0.164287,ATG,DEU,7129
14,61,1188,1992,0,1431644,0.083812,0.637224,AUS,DEU,7129
15,61,1188,1992,17138688,6756212,1.975207,0.669388,AUT,DEU,7129
17,61,1188,1992,0,40052,-1.222854,-0.927959,BDI,DEU,7129
18,61,1188,1992,369333,7325366,1.449085,1.622957,BEL,DEU,7129
22,61,1188,1992,0,32258,-0.608254,-0.921751,BGD,DEU,7129
23,61,1188,1992,0,10939,0.503161,1.871616,BGR,DEU,7129
24,61,1188,1992,0,37809,0.047396,-0.554517,BHR,DEU,7129
26,61,1188,1992,0,33356,0.76031,1.212207,BIH,DEU,7129
32,61,1188,1992,62310,3333147,0.685144,1.5676709999999998,BRA,DEU,7129
33,61,1188,1992,0,7182,0.9121950000000001,0.413592,BRB,DEU,7129
34,61,1188,1992,0,15055,-1.142722,-0.818717,BRN,DEU,7129
39,61,1188,1992,0,314030,0.74703,1.096791,CAN,DEU,7129
41,61,1188,1992,13948984,15372636,2.24952,1.014945,CHE,DEU,7129
42,61,1188,1992,0,343162,-0.188106,-0.360151,CHL,DEU,7129
43,61,1188,1992,75150,1537798,0.269411,1.920075,CHN,DEU,7129
44,61,1188,1992,0,28050,-1.689731,-1.070179,CIV,DEU,7129
45,61,1188,1992,0,2000,-2.0470759999999997,-1.184491,CMR,DEU,7129
46,61,1188,1992,0,10337,-1.55348,-1.100071,COD,DEU,7129
49,61,1188,1992,0,639652,0.022895,0.22971799999999998,COL,DEU,7129
53,61,1188,1992,4497000,3619523,1.116966,2.225331,CSK,DEU,7129
54,61,1188,1992,0,1593900,-0.719011,-1.077984,CUB,DEU,7129
58,61,1188,1992,0,32941,0.471516,0.668776,CYP,DEU,7129
64,61,1188,1992,3901604,6319035,1.696464,1.365743,DNK,DEU,7129
65,61,1188,1992,0,136488,-0.338979,-0.5049279999999999,DOM,DEU,7129
66,61,1188,1992,89297,309878,-0.24189699999999997,-0.9399219999999999,DZA,DEU,7129
67,61,1188,1992,0,36689,-0.815778,-0.9415459999999999,ECU,DEU,7129
68,61,1188,1992,96629,1509662,-0.102143,-0.17513499999999999,EGY,DEU,7129
71,61,1188,1992,1486385,4864120,1.301511,1.730441,ESP,DEU,7129
74,61,1188,1992,116610,4789912,1.929661,1.3477,FIN,DEU,7129
77,61,1188,1992,11492163,11104729,1.682766,1.2713430000000001,FRA,DEU,7129
80,61,1188,1992,0,4002,-1.683572,-1.0855620000000001,GAB,DEU,7129
81,61,1188,1992,14150093,9333290,1.8901810000000001,0.9274030000000001,GBR,DEU,7129
84,61,1188,1992,0,6002,1.356823,0.656416,GIB,DEU,7129
90,61,1188,1992,2984,1147320,0.139504,0.743678,GRC,DEU,7129
97,61,1188,1992,12892,59111,0.754112,1.911201,HKG,DEU,7129
100,61,1188,1992,912814,628792,0.877872,1.726188,HRV,DEU,7129
102,61,1188,1992,1396650,1656960,0.9144620000000001,2.157041,HUN,DEU,7129
103,61,1188,1992,74891,2549048,-0.5250670000000001,0.717568,IDN,DEU,7129
104,61,1188,1992,124245,10680377,0.101094,1.6851180000000001,IND,DEU,7129
106,61,1188,1992,5676,124564,1.454172,1.397052,IRL,DEU,7129
107,61,1188,1992,159263,15803958,-1.195108,-1.135155,IRN,DEU,7129
109,61,1188,1992,0,3947,-0.076691,-0.630567,ISL,DEU,7129
110,61,1188,1992,69626,1967491,1.354362,1.3260530000000001,ISR,DEU,7129
111,61,1188,1992,2784118,9656589,1.7819,0.981246,ITA,DEU,7129
112,61,1188,1992,40884,521487,-0.200329,-0.595741,JAM,DEU,7129
113,61,1188,1992,0,1284531,0.716964,0.5323760000000001,JOR,DEU,7129
114,61,1188,1992,488935,2190758,2.451698,0.875639,JPN,DEU,7129
116,61,1188,1992,0,427247,-0.31818,-0.096856,KEN,DEU,7129
121,61,1188,1992,32699,4849510,0.778066,1.3011139999999999,KOR,DEU,7129
122,61,1188,1992,17336,84344,-1.2360950000000002,-1.061771,KWT,DEU,7129
124,61,1188,1992,0,18007,0.186135,0.800906,LBN,DEU,7129
126,61,1188,1992,373427,3226660,-0.333309,-0.981883,LBY,DEU,7129
128,61,1188,1992,0,2753,-0.45780600000000005,-0.221948,LKA,DEU,7129
134,61,1188,1992,24882,619707,-0.339711,-0.265987,MAR,DEU,7129
138,61,1188,1992,21995,7807674,0.9039370000000001,0.965842,MEX,DEU,7129
142,61,1188,1992,1399,4631,0.828211,0.29226599999999997,MLT,DEU,7129
150,61,1188,1992,0,1488,0.70167,-0.075327,MTQ,DEU,7129
151,61,1188,1992,43229,153383,-0.249558,-0.643201,MUS,DEU,7129
153,61,1188,1992,15913,697162,0.14268499999999998,0.370079,MYS,DEU,7129
159,61,1188,1992,270777,5294618,-2.275923,-1.178983,NGA,DEU,7129
160,61,1188,1992,0,36311,-0.214083,-0.111615,NIC,DEU,7129
162,61,1188,1992,14954145,21550556,1.4315069999999999,1.7107450000000002,NLD,DEU,7129
163,61,1188,1992,407146,1384019,0.877965,0.444983,NOR,DEU,7129
166,61,1188,1992,0,29924,0.41866000000000003,0.580581,NZL,DEU,7129
167,61,1188,1992,0,267933,-0.906702,-1.0716709999999998,OMN,DEU,7129
168,61,1188,1992,132127,1332614,-0.480152,-0.361705,PAK,DEU,7129
169,61,1188,1992,0,39305,0.289315,0.37247199999999997,PAN,DEU,7129
173,61,1188,1992,0,4828,-0.286545,-0.264638,PER,DEU,7129
174,61,1188,1992,0,4801886,-0.139761,0.772109,PHL,DEU,7129
177,61,1188,1992,5159204,4128480,0.581166,2.070795,POL,DEU,7129
179,61,1188,1992,48591,2825844,0.47505,0.8402860000000001,PRT,DEU,7129
183,61,1188,1992,0,29434,-0.491413,-1.004476,QAT,DEU,7129
185,61,1188,1992,104177,437949,0.838817,1.358629,ROU,DEU,7129
186,61,1188,1992,42434,361717,0.071799,0.14036099999999999,RUS,DEU,7129
188,61,1188,1992,49812,2272012,0.416315,-0.7342489999999999,SAU,DEU,7129
189,61,1188,1992,89591,1300890,0.9474950000000001,2.442268,SCG,DEU,7129
190,61,1188,1992,1788,48036,-0.930193,-1.02726,SDN,DEU,7129
192,61,1188,1992,59144,2089843,0.95691,0.892702,SGP,DEU,7129
195,61,1188,1992,0,2000,-1.491786,-0.9599799999999999,SLB,DEU,7129
197,61,1188,1992,0,39444,0.396523,0.47548900000000005,SLV,DEU,7129
207,61,1188,1992,1469491,203705,1.3270629999999999,1.605534,SVN,DEU,7129
208,61,1188,1992,614840,3045950,2.2265900000000003,0.999178,SWE,DEU,7129
212,61,1188,1992,0,894091,-0.566724,-0.602446,SYR,DEU,7129
216,61,1188,1992,0,742954,0.109518,1.486578,THA,DEU,7129
222,61,1188,1992,0,71414,0.43506000000000006,-0.43233599999999994,TTO,DEU,7129
223,61,1188,1992,0,262953,0.14482,-0.13608,TUN,DEU,7129
224,61,1188,1992,3376353,4450550,0.160966,1.154796,TUR,DEU,7129
226,61,1188,1992,0,361754,-1.139271,-0.8235379999999999,TZA,DEU,7129
230,61,1188,1992,0,11834,0.242758,0.711781,URY,DEU,7129
231,61,1188,1992,3031351,29583290,1.660693,1.289752,USA,DEU,7129
236,61,1188,1992,3182456,73672,-0.106385,-0.65975,VEN,DEU,7129
246,61,1188,1992,440398,7161869,0.236335,1.415622,ZAF,DEU,7129
248,61,1188,1992,0,172768,-0.11168099999999999,0.143612,ZWE,DEU,7129
249,61,1188,1992,115033,1676137,1.3694790000000001,1.6227559999999999,TWN,DEU,7129
7,64,1188,1992,0,2048,-0.495518,-0.963358,ARE,DNK,7129
18,64,1188,1992,24251,8068,1.449085,1.622957,BEL,DNK,7129
41,64,1188,1992,2065758,8973,2.24952,1.014945,CHE,DNK,7129
43,64,1188,1992,0,5564,0.269411,1.920075,CHN,DNK,7129
53,64,1188,1992,110104,17406,1.116966,2.225331,CSK,DNK,7129
61,64,1188,1992,6319035,3901604,2.2968349999999997,-2.581569,DEU,DNK,7129
71,64,1188,1992,2713,1460,1.301511,1.730441,ESP,DNK,7129
77,64,1188,1992,3296,15715,1.682766,1.2713430000000001,FRA,DNK,7129
81,64,1188,1992,1714099,153214,1.8901810000000001,0.9274030000000001,GBR,DNK,7129
92,64,1188,1992,0,2439,-0.692587,-0.859656,GRL,DNK,7129
106,64,1188,1992,11070,0,1.454172,1.397052,IRL,DNK,7129
111,64,1188,1992,3283028,177380,1.7819,0.981246,ITA,DNK,7129
114,64,1188,1992,0,31277,2.451698,0.875639,JPN,DNK,7129
121,64,1188,1992,0,1468,0.778066,1.3011139999999999,KOR,DNK,7129
138,64,1188,1992,0,8285,0.9039370000000001,0.965842,MEX,DNK,7129
142,64,1188,1992,0,2272,0.828211,0.29226599999999997,MLT,DNK,7129
162,64,1188,1992,30270,53104,1.4315069999999999,1.7107450000000002,NLD,DNK,7129
163,64,1188,1992,3349,15620,0.877965,0.444983,NOR,DNK,7129
168,64,1188,1992,0,893830,-0.480152,-0.361705,PAK,DNK,7129
179,64,1188,1992,0,1733,0.47505,0.8402860000000001,PRT,DNK,7129
192,64,1188,1992,0,2934,0.95691,0.892702,SGP,DNK,7129
208,64,1188,1992,260628,149386,2.2265900000000003,0.999178,SWE,DNK,7129
224,64,1188,1992,0,30846,0.160966,1.154796,TUR,DNK,7129
231,64,1188,1992,64067,3728,1.660693,1.289752,USA,DNK,7129
246,64,1188,1992,0,29210,0.236335,1.415622,ZAF,DNK,7129
39,65,1188,1992,41713,0,0.74703,1.096791,CAN,DOM,7129
61,65,1188,1992,136488,0,2.2968349999999997,-2.581569,DEU,DOM,7129
111,65,1188,1992,267900,0,1.7819,0.981246,ITA,DOM,7129
114,65,1188,1992,3182,0,2.451698,0.875639,JPN,DOM,7129
231,65,1188,1992,2946498,0,1.660693,1.289752,USA,DOM,7129
236,65,1188,1992,14064,0,-0.106385,-0.65975,VEN,DOM,7129
2,71,1188,1992,0,8294,-1.90642,-1.061544,AGO,ESP,7129
15,71,1188,1992,2623,0,1.975207,0.669388,AUT,ESP,7129
39,71,1188,1992,40261,0,0.74703,1.096791,CAN,ESP,7129
41,71,1188,1992,9520731,0,2.24952,1.014945,CHE,ESP,7129
54,71,1188,1992,0,17480,-0.719011,-1.077984,CUB,ESP,7129
61,71,1188,1992,4864120,1486385,2.2968349999999997,-2.581569,DEU,ESP,7129
64,71,1188,1992,1460,2713,1.696464,1.365743,DNK,ESP,7129
74,71,1188,1992,997,0,1.929661,1.3477,FIN,ESP,7129
77,71,1188,1992,6848062,4748128,1.682766,1.2713430000000001,FRA,ESP,7129
81,71,1188,1992,2332444,61545,1.8901810000000001,0.9274030000000001,GBR,ESP,7129
106,71,1188,1992,7032,0,1.454172,1.397052,IRL,ESP,7129
110,71,1188,1992,1642,0,1.354362,1.3260530000000001,ISR,ESP,7129
111,71,1188,1992,196871,51590,1.7819,0.981246,ITA,ESP,7129
114,71,1188,1992,2951476,0,2.451698,0.875639,JPN,ESP,7129
134,71,1188,1992,0,407164,-0.339711,-0.265987,MAR,ESP,7129
162,71,1188,1992,129567,1288,1.4315069999999999,1.7107450000000002,NLD,ESP,7129
179,71,1188,1992,10785,63753,0.47505,0.8402860000000001,PRT,ESP,7129
208,71,1188,1992,1897093,8973,2.2265900000000003,0.999178,SWE,ESP,7129
231,71,1188,1992,9358244,47281,1.660693,1.289752,USA,ESP,7129
236,71,1188,1992,0,39912,-0.106385,-0.65975,VEN,ESP,7129
250,71,1188,1992,0,28713,0.989994,0.977453,ANS,ESP,7129
18,74,1188,1992,2670,0,1.449085,1.622957,BEL,FIN,7129
41,74,1188,1992,5819644,0,2.24952,1.014945,CHE,FIN,7129
53,74,1188,1992,5916,0,1.116966,2.225331,CSK,FIN,7129
61,74,1188,1992,4789912,116610,2.2968349999999997,-2.581569,DEU,FIN,7129
71,74,1188,1992,0,997,1.301511,1.730441,ESP,FIN,7129
77,74,1188,1992,75245,0,1.682766,1.2713430000000001,FRA,FIN,7129
81,74,1188,1992,2063240,264902,1.8901810000000001,0.9274030000000001,GBR,FIN,7129
102,74,1188,1992,1338102,0,0.9144620000000001,2.157041,HUN,FIN,7129
138,74,1188,1992,0,81587,0.9039370000000001,0.965842,MEX,FIN,7129
162,74,1188,1992,7230,4085,1.4315069999999999,1.7107450000000002,NLD,FIN,7129
177,74,1188,1992,2940738,0,0.581166,2.070795,POL,FIN,7129
179,74,1188,1992,0,38576,0.47505,0.8402860000000001,PRT,FIN,7129
186,74,1188,1992,220101,0,0.071799,0.14036099999999999,RUS,FIN,7129
189,74,1188,1992,0,5033,0.9474950000000001,2.442268,SCG,FIN,7129
208,74,1188,1992,5245857,175196,2.2265900000000003,0.999178,SWE,FIN,7129
216,74,1188,1992,0,17433,0.109518,1.486578,THA,FIN,7129
231,74,1188,1992,48308,14009,1.660693,1.289752,USA,FIN,7129
7,77,1188,1992,0,381883,-0.495518,-0.963358,ARE,FRA,7129
8,77,1188,1992,0,46981,0.043179,0.553408,ARG,FRA,7129
14,77,1188,1992,0,13627,0.083812,0.637224,AUS,FRA,7129
15,77,1188,1992,2981682,8299,1.975207,0.669388,AUT,FRA,7129
18,77,1188,1992,3376771,13160472,1.449085,1.622957,BEL,FRA,7129
21,77,1188,1992,0,69832,-1.176898,-1.092949,BFA,FRA,7129
32,77,1188,1992,0,238314,0.685144,1.5676709999999998,BRA,FRA,7129
34,77,1188,1992,0,228903,-1.142722,-0.818717,BRN,FRA,7129
38,77,1188,1992,0,4346,-1.324814,-0.968041,CAF,FRA,7129
39,77,1188,1992,52004,2917,0.74703,1.096791,CAN,FRA,7129
41,77,1188,1992,1484146,1581476,2.24952,1.014945,CHE,FRA,7129
42,77,1188,1992,1586,0,-0.188106,-0.360151,CHL,FRA,7129
43,77,1188,1992,0,4743362,0.269411,1.920075,CHN,FRA,7129
44,77,1188,1992,0,4011620,-1.689731,-1.070179,CIV,FRA,7129
45,77,1188,1992,12663,140981,-2.0470759999999997,-1.184491,CMR,FRA,7129
46,77,1188,1992,0,11882,-1.55348,-1.100071,COD,FRA,7129
49,77,1188,1992,0,62347,0.022895,0.22971799999999998,COL,FRA,7129
53,77,1188,1992,0,3989,1.116966,2.225331,CSK,FRA,7129
54,77,1188,1992,0,7716,-0.719011,-1.077984,CUB,FRA,7129
58,77,1188,1992,0,13111,0.471516,0.668776,CYP,FRA,7129
61,77,1188,1992,11104729,11492163,2.2968349999999997,-2.581569,DEU,FRA,7129
62,77,1188,1992,0,19451,0.708593,1.196323,DJI,FRA,7129
64,77,1188,1992,15715,3296,1.696464,1.365743,DNK,FRA,7129
66,77,1188,1992,0,802548,-0.24189699999999997,-0.9399219999999999,DZA,FRA,7129
68,77,1188,1992,26414,309479,-0.102143,-0.17513499999999999,EGY,FRA,7129
71,77,1188,1992,4748128,6848062,1.301511,1.730441,ESP,FRA,7129
74,77,1188,1992,0,75245,1.929661,1.3477,FIN,FRA,7129
80,77,1188,1992,0,41017,-1.683572,-1.0855620000000001,GAB,FRA,7129
81,77,1188,1992,4500022,7397916,1.8901810000000001,0.9274030000000001,GBR,FRA,7129
83,77,1188,1992,0,1086,-0.936314,-0.935839,GHA,FRA,7129
85,77,1188,1992,0,1184247,-1.11535,-1.0306,GIN,FRA,7129
86,77,1188,1992,120602,0,0.68221,-0.319682,GLP,FRA,7129
90,77,1188,1992,0,219050,0.139504,0.743678,GRC,FRA,7129
94,77,1188,1992,0,25494,0.9797959999999999,0.125384,GUF,FRA,7129
97,77,1188,1992,1761,225227,0.754112,1.911201,HKG,FRA,7129
100,77,1188,1992,0,23180,0.877872,1.726188,HRV,FRA,7129
101,77,1188,1992,0,58020,-0.005733,-0.191027,HTI,FRA,7129
103,77,1188,1992,0,6048818,-0.5250670000000001,0.717568,IDN,FRA,7129
104,77,1188,1992,0,2072011,0.101094,1.6851180000000001,IND,FRA,7129
106,77,1188,1992,0,115462,1.454172,1.397052,IRL,FRA,7129
107,77,1188,1992,0,1187602,-1.195108,-1.135155,IRN,FRA,7129
110,77,1188,1992,0,129490,1.354362,1.3260530000000001,ISR,FRA,7129
111,77,1188,1992,3545354,1014543,1.7819,0.981246,ITA,FRA,7129
113,77,1188,1992,0,1531,0.716964,0.5323760000000001,JOR,FRA,7129
114,77,1188,1992,108713,39518,2.451698,0.875639,JPN,FRA,7129
116,77,1188,1992,0,6873,-0.31818,-0.096856,KEN,FRA,7129
121,77,1188,1992,0,553479,0.778066,1.3011139999999999,KOR,FRA,7129
122,77,1188,1992,0,362114,-1.2360950000000002,-1.061771,KWT,FRA,7129
124,77,1188,1992,0,6643,0.186135,0.800906,LBN,FRA,7129
126,77,1188,1992,0,47037,-0.333309,-0.981883,LBY,FRA,7129
128,77,1188,1992,0,4514,-0.45780600000000005,-0.221948,LKA,FRA,7129
134,77,1188,1992,0,256666,-0.339711,-0.265987,MAR,FRA,7129
136,77,1188,1992,0,4499,-0.977873,-0.743187,MDG,FRA,7129
138,77,1188,1992,4336,18126806,0.9039370000000001,0.965842,MEX,FRA,7129
142,77,1188,1992,0,112054,0.828211,0.29226599999999997,MLT,FRA,7129
150,77,1188,1992,275493,43169,0.70167,-0.075327,MTQ,FRA,7129
151,77,1188,1992,0,27416,-0.249558,-0.643201,MUS,FRA,7129
153,77,1188,1992,0,19408,0.14268499999999998,0.370079,MYS,FRA,7129
156,77,1188,1992,2029,57530,-1.284672,-0.9233870000000001,NCL,FRA,7129
157,77,1188,1992,0,4553,0.056698,-0.6624770000000001,NER,FRA,7129
159,77,1188,1992,0,308037,-2.275923,-1.178983,NGA,FRA,7129
162,77,1188,1992,495831,1530309,1.4315069999999999,1.7107450000000002,NLD,FRA,7129
163,77,1188,1992,9745,52037,0.877965,0.444983,NOR,FRA,7129
168,77,1188,1992,2717,229627,-0.480152,-0.361705,PAK,FRA,7129
174,77,1188,1992,0,351879,-0.139761,0.772109,PHL,FRA,7129
177,77,1188,1992,15122,34403,0.581166,2.070795,POL,FRA,7129
179,77,1188,1992,3601679,3579742,0.47505,0.8402860000000001,PRT,FRA,7129
182,77,1188,1992,0,27262,0.217401,-0.5575180000000001,PYF,FRA,7129
183,77,1188,1992,0,2822129,-0.491413,-1.004476,QAT,FRA,7129
184,77,1188,1992,0,9050,0.251216,-0.448812,REU,FRA,7129
186,77,1188,1992,0,1277822,0.071799,0.14036099999999999,RUS,FRA,7129
188,77,1188,1992,0,176735,0.416315,-0.7342489999999999,SAU,FRA,7129
189,77,1188,1992,0,568394,0.9474950000000001,2.442268,SCG,FRA,7129
190,77,1188,1992,0,55654,-0.930193,-1.02726,SDN,FRA,7129
191,77,1188,1992,0,616662,-0.43371800000000005,-0.679547,SEN,FRA,7129
192,77,1188,1992,0,19092,0.95691,0.892702,SGP,FRA,7129
208,77,1188,1992,1616452,1600880,2.2265900000000003,0.999178,SWE,FRA,7129
216,77,1188,1992,0,7313568,0.109518,1.486578,THA,FRA,7129
223,77,1188,1992,0,808873,0.14482,-0.13608,TUN,FRA,7129
224,77,1188,1992,0,890653,0.160966,1.154796,TUR,FRA,7129
231,77,1188,1992,2460958,139043,1.660693,1.289752,USA,FRA,7129
236,77,1188,1992,0,30576,-0.106385,-0.65975,VEN,FRA,7129
246,77,1188,1992,0,452380,0.236335,1.415622,ZAF,FRA,7129
248,77,1188,1992,0,72288,-0.11168099999999999,0.143612,ZWE,FRA,7129
249,77,1188,1992,0,394761,1.3694790000000001,1.6227559999999999,TWN,FRA,7129
250,77,1188,1992,2856551,0,0.989994,0.977453,ANS,FRA,7129
2,81,1188,1992,0,1796,-1.90642,-1.061544,AGO,GBR,7129
6,81,1188,1992,0,1868,0.258484,-0.47236000000000006,ANT,GBR,7129
7,81,1188,1992,248359,1414263,-0.495518,-0.963358,ARE,GBR,7129
8,81,1188,1992,0,19989,0.043179,0.553408,ARG,GBR,7129
13,81,1188,1992,0,1790,0.561238,-0.164287,ATG,GBR,7129
14,81,1188,1992,37943,3419860,0.083812,0.637224,AUS,GBR,7129
15,81,1188,1992,774001,153824,1.975207,0.669388,AUT,GBR,7129
18,81,1188,1992,21617726,18804080,1.449085,1.622957,BEL,GBR,7129
22,81,1188,1992,0,42126,-0.608254,-0.921751,BGD,GBR,7129
24,81,1188,1992,0,8054,0.047396,-0.554517,BHR,GBR,7129
29,81,1188,1992,0,9891,-0.06729700000000001,-0.386682,BLZ,GBR,7129
31,81,1188,1992,0,3678,-0.609826,-0.693473,BOL,GBR,7129
32,81,1188,1992,2814,36630,0.685144,1.5676709999999998,BRA,GBR,7129
33,81,1188,1992,0,127134,0.9121950000000001,0.413592,BRB,GBR,7129
34,81,1188,1992,0,9257,-1.142722,-0.818717,BRN,GBR,7129
39,81,1188,1992,486043,10704475,0.74703,1.096791,CAN,GBR,7129
41,81,1188,1992,10258230,908293,2.24952,1.014945,CHE,GBR,7129
42,81,1188,1992,0,39238,-0.188106,-0.360151,CHL,GBR,7129
43,81,1188,1992,0,1859348,0.269411,1.920075,CHN,GBR,7129
44,81,1188,1992,0,1629,-1.689731,-1.070179,CIV,GBR,7129
45,81,1188,1992,0,3109,-2.0470759999999997,-1.184491,CMR,GBR,7129
47,81,1188,1992,0,3684,-2.019876,-1.1048360000000002,COG,GBR,7129
49,81,1188,1992,9326,25306,0.022895,0.22971799999999998,COL,GBR,7129
52,81,1188,1992,0,2796,0.11654,0.191873,CRI,GBR,7129
54,81,1188,1992,0,206225,-0.719011,-1.077984,CUB,GBR,7129
57,81,1188,1992,0,41149,-0.10476600000000001,-0.571682,CYM,GBR,7129
58,81,1188,1992,0,29655,0.471516,0.668776,CYP,GBR,7129
61,81,1188,1992,9333290,14150093,2.2968349999999997,-2.581569,DEU,GBR,7129
64,81,1188,1992,153214,1714099,1.696464,1.365743,DNK,GBR,7129
66,81,1188,1992,0,566022,-0.24189699999999997,-0.9399219999999999,DZA,GBR,7129
68,81,1188,1992,0,102434,-0.102143,-0.17513499999999999,EGY,GBR,7129
71,81,1188,1992,61545,2332444,1.301511,1.730441,ESP,GBR,7129
74,81,1188,1992,264902,2063240,1.929661,1.3477,FIN,GBR,7129
75,81,1188,1992,0,13215,-0.573887,-0.6382680000000001,FJI,GBR,7129
76,81,1188,1992,0,1806,1.4858149999999999,0.324821,FLK,GBR,7129
77,81,1188,1992,7397916,4500022,1.682766,1.2713430000000001,FRA,GBR,7129
83,81,1188,1992,3829,21291,-0.936314,-0.935839,GHA,GBR,7129
84,81,1188,1992,0,19689,1.356823,0.656416,GIB,GBR,7129
90,81,1188,1992,0,204073,0.139504,0.743678,GRC,GBR,7129
91,81,1188,1992,0,1352,0.224073,-0.42973500000000003,GRD,GBR,7129
96,81,1188,1992,0,93453,-0.6447689999999999,-0.808177,GUY,GBR,7129
97,81,1188,1992,450224,5234602,0.754112,1.911201,HKG,GBR,7129
100,81,1188,1992,3121,2572,0.877872,1.726188,HRV,GBR,7129
102,81,1188,1992,125894,29472,0.9144620000000001,2.157041,HUN,GBR,7129
103,81,1188,1992,0,380096,-0.5250670000000001,0.717568,IDN,GBR,7129
104,81,1188,1992,54692,7314788,0.101094,1.6851180000000001,IND,GBR,7129
106,81,1188,1992,694792,759559,1.454172,1.397052,IRL,GBR,7129
107,81,1188,1992,0,7403951,-1.195108,-1.135155,IRN,GBR,7129
110,81,1188,1992,2815343,1453572,1.354362,1.3260530000000001,ISR,GBR,7129
111,81,1188,1992,4360770,1707615,1.7819,0.981246,ITA,GBR,7129
112,81,1188,1992,27940,6574,-0.200329,-0.595741,JAM,GBR,7129
113,81,1188,1992,0,1103,0.716964,0.5323760000000001,JOR,GBR,7129
114,81,1188,1992,1226134,223472,2.451698,0.875639,JPN,GBR,7129
116,81,1188,1992,0,254563,-0.31818,-0.096856,KEN,GBR,7129
121,81,1188,1992,0,5504430,0.778066,1.3011139999999999,KOR,GBR,7129
122,81,1188,1992,0,5611,-1.2360950000000002,-1.061771,KWT,GBR,7129
124,81,1188,1992,16792,28958,0.186135,0.800906,LBN,GBR,7129
126,81,1188,1992,262367,284941,-0.333309,-0.981883,LBY,GBR,7129
127,81,1188,1992,0,16143,0.199639,-0.28238,LCA,GBR,7129
128,81,1188,1992,137249,64410,-0.45780600000000005,-0.221948,LKA,GBR,7129
134,81,1188,1992,563026,23750,-0.339711,-0.265987,MAR,GBR,7129
137,81,1188,1992,0,37928,-0.501228,-0.8746290000000001,MDV,GBR,7129
138,81,1188,1992,9070,2574,0.9039370000000001,0.965842,MEX,GBR,7129
142,81,1188,1992,0,64976,0.828211,0.29226599999999997,MLT,GBR,7129
143,81,1188,1992,0,2367,-1.030267,-0.770368,MMR,GBR,7129
151,81,1188,1992,0,10429,-0.249558,-0.643201,MUS,GBR,7129
153,81,1188,1992,1210,10334748,0.14268499999999998,0.370079,MYS,GBR,7129
159,81,1188,1992,0,194287,-2.275923,-1.178983,NGA,GBR,7129
162,81,1188,1992,3238306,5689312,1.4315069999999999,1.7107450000000002,NLD,GBR,7129
163,81,1188,1992,563977,423800,0.877965,0.444983,NOR,GBR,7129
165,81,1188,1992,0,7900,0.612259,-0.618256,NRU,GBR,7129
166,81,1188,1992,20074,594889,0.41866000000000003,0.580581,NZL,GBR,7129
167,81,1188,1992,0,114384,-0.906702,-1.0716709999999998,OMN,GBR,7129
168,81,1188,1992,0,350942,-0.480152,-0.361705,PAK,GBR,7129
169,81,1188,1992,0,15988,0.289315,0.37247199999999997,PAN,GBR,7129
174,81,1188,1992,0,44848,-0.139761,0.772109,PHL,GBR,7129
175,81,1188,1992,0,14923,-0.405928,-0.79965,PLW,GBR,7129
176,81,1188,1992,0,1220,-1.602221,-1.058247,PNG,GBR,7129
177,81,1188,1992,529771,612550,0.581166,2.070795,POL,GBR,7129
178,81,1188,1992,0,5709,0.201042,0.477547,PRK,GBR,7129
179,81,1188,1992,1384,400939,0.47505,0.8402860000000001,PRT,GBR,7129
180,81,1188,1992,0,81645,-0.906433,-0.787177,PRY,GBR,7129
183,81,1188,1992,1522,0,-0.491413,-1.004476,QAT,GBR,7129
186,81,1188,1992,41041,279447,0.071799,0.14036099999999999,RUS,GBR,7129
188,81,1188,1992,69421,653620,0.416315,-0.7342489999999999,SAU,GBR,7129
189,81,1188,1992,0,5968,0.9474950000000001,2.442268,SCG,GBR,7129
190,81,1188,1992,44560,127740,-0.930193,-1.02726,SDN,GBR,7129
191,81,1188,1992,0,10399,-0.43371800000000005,-0.679547,SEN,GBR,7129
192,81,1188,1992,38906,671732,0.95691,0.892702,SGP,GBR,7129
197,81,1188,1992,0,41313,0.396523,0.47548900000000005,SLV,GBR,7129
203,81,1188,1992,0,4948,1.218035,-0.270569,STP,GBR,7129
208,81,1188,1992,3829917,4291327,2.2265900000000003,0.999178,SWE,GBR,7129
211,81,1188,1992,0,4623,0.05767100000000001,-0.6613020000000001,SYC,GBR,7129
212,81,1188,1992,0,27110,-0.566724,-0.602446,SYR,GBR,7129
216,81,1188,1992,0,161148,0.109518,1.486578,THA,GBR,7129
222,81,1188,1992,0,388367,0.43506000000000006,-0.43233599999999994,TTO,GBR,7129
223,81,1188,1992,915010,92435,0.14482,-0.13608,TUN,GBR,7129
224,81,1188,1992,11802,255140,0.160966,1.154796,TUR,GBR,7129
226,81,1188,1992,0,113446,-1.139271,-0.8235379999999999,TZA,GBR,7129
230,81,1188,1992,0,7067,0.242758,0.711781,URY,GBR,7129
231,81,1188,1992,13749043,3561171,1.660693,1.289752,USA,GBR,7129
236,81,1188,1992,0,572642,-0.106385,-0.65975,VEN,GBR,7129
239,81,1188,1992,0,8532,-0.989259,-0.43416099999999996,VNM,GBR,7129
246,81,1188,1992,64226,2057408,0.236335,1.415622,ZAF,GBR,7129
247,81,1188,1992,0,48926,-0.9865219999999999,-1.076062,ZMB,GBR,7129
248,81,1188,1992,0,13015,-0.11168099999999999,0.143612,ZWE,GBR,7129
249,81,1188,1992,1994,80740,1.3694790000000001,1.6227559999999999,TWN,GBR,7129
39,93,1188,1992,10860,0,0.74703,1.096791,CAN,GTM,7129
231,93,1188,1992,226343,0,1.660693,1.289752,USA,GTM,7129
14,97,1188,1992,8911,141976,0.083812,0.637224,AUS,HKG,7129
15,97,1188,1992,170842,0,1.975207,0.669388,AUT,HKG,7129
39,97,1188,1992,25460,0,0.74703,1.096791,CAN,HKG,7129
41,97,1188,1992,1472539,120698,2.24952,1.014945,CHE,HKG,7129
43,97,1188,1992,46418,87666,0.269411,1.920075,CHN,HKG,7129
61,97,1188,1992,59111,12892,2.2968349999999997,-2.581569,DEU,HKG,7129
77,97,1188,1992,225227,1761,1.682766,1.2713430000000001,FRA,HKG,7129
81,97,1188,1992,5234602,450224,1.8901810000000001,0.9274030000000001,GBR,HKG,7129
103,97,1188,1992,0,4277,-0.5250670000000001,0.717568,IDN,HKG,7129
111,97,1188,1992,71475,0,1.7819,0.981246,ITA,HKG,7129
114,97,1188,1992,616610,66367,2.451698,0.875639,JPN,HKG,7129
133,97,1188,1992,0,180968,0.249034,-0.026864,MAC,HKG,7129
153,97,1188,1992,0,3349,0.14268499999999998,0.370079,MYS,HKG,7129
162,97,1188,1992,26848,0,1.4315069999999999,1.7107450000000002,NLD,HKG,7129
168,97,1188,1992,0,1726,-0.480152,-0.361705,PAK,HKG,7129
192,97,1188,1992,24467,17966,0.95691,0.892702,SGP,HKG,7129
208,97,1188,1992,4474,0,2.2265900000000003,0.999178,SWE,HKG,7129
231,97,1188,1992,1091695,1559,1.660693,1.289752,USA,HKG,7129
249,97,1188,1992,206186,2201,1.3694790000000001,1.6227559999999999,TWN,HKG,7129
114,99,1188,1992,9230,0,2.451698,0.875639,JPN,HND,7129
138,99,1188,1992,0,193339,0.9039370000000001,0.965842,MEX,HND,7129
231,99,1188,1992,54262,0,1.660693,1.289752,USA,HND,7129
18,106,1188,1992,0,1449,1.449085,1.622957,BEL,IRL,7129
41,106,1188,1992,1621426,15234,2.24952,1.014945,CHE,IRL,7129
61,106,1188,1992,124564,5676,2.2968349999999997,-2.581569,DEU,IRL,7129
64,106,1188,1992,0,11070,1.696464,1.365743,DNK,IRL,7129
71,106,1188,1992,0,7032,1.301511,1.730441,ESP,IRL,7129
77,106,1188,1992,115462,0,1.682766,1.2713430000000001,FRA,IRL,7129
81,106,1188,1992,759559,694792,1.8901810000000001,0.9274030000000001,GBR,IRL,7129
111,106,1188,1992,3422,0,1.7819,0.981246,ITA,IRL,7129
162,106,1188,1992,96259,17422,1.4315069999999999,1.7107450000000002,NLD,IRL,7129
163,106,1188,1992,1562,0,0.877965,0.444983,NOR,IRL,7129
188,106,1188,1992,0,9398,0.416315,-0.7342489999999999,SAU,IRL,7129
208,106,1188,1992,27275,0,2.2265900000000003,0.999178,SWE,IRL,7129
231,106,1188,1992,15973,83635,1.660693,1.289752,USA,IRL,7129
7,111,1188,1992,0,2631703,-0.495518,-0.963358,ARE,ITA,7129
14,111,1188,1992,0,14440,0.083812,0.637224,AUS,ITA,7129
15,111,1188,1992,1963315,1023039,1.975207,0.669388,AUT,ITA,7129
18,111,1188,1992,12781,570391,1.449085,1.622957,BEL,ITA,7129
22,111,1188,1992,0,160498,-0.608254,-0.921751,BGD,ITA,7129
24,111,1188,1992,0,29438,0.047396,-0.554517,BHR,ITA,7129
32,111,1188,1992,0,85824,0.685144,1.5676709999999998,BRA,ITA,7129
39,111,1188,1992,0,3683458,0.74703,1.096791,CAN,ITA,7129
41,111,1188,1992,5788912,6599980,2.24952,1.014945,CHE,ITA,7129
43,111,1188,1992,0,10283528,0.269411,1.920075,CHN,ITA,7129
49,111,1188,1992,0,131180,0.022895,0.22971799999999998,COL,ITA,7129
53,111,1188,1992,0,179831,1.116966,2.225331,CSK,ITA,7129
54,111,1188,1992,0,1430,-0.719011,-1.077984,CUB,ITA,7129
58,111,1188,1992,0,5175,0.471516,0.668776,CYP,ITA,7129
61,111,1188,1992,9656589,2784118,2.2968349999999997,-2.581569,DEU,ITA,7129
64,111,1188,1992,177380,3283028,1.696464,1.365743,DNK,ITA,7129
65,111,1188,1992,0,267900,-0.338979,-0.5049279999999999,DOM,ITA,7129
66,111,1188,1992,0,156871,-0.24189699999999997,-0.9399219999999999,DZA,ITA,7129
67,111,1188,1992,0,1839,-0.815778,-0.9415459999999999,ECU,ITA,7129
68,111,1188,1992,0,3114506,-0.102143,-0.17513499999999999,EGY,ITA,7129
71,111,1188,1992,51590,196871,1.301511,1.730441,ESP,ITA,7129
77,111,1188,1992,1014543,3545354,1.682766,1.2713430000000001,FRA,ITA,7129
81,111,1188,1992,1707615,4360770,1.8901810000000001,0.9274030000000001,GBR,ITA,7129
83,111,1188,1992,0,25799,-0.936314,-0.935839,GHA,ITA,7129
90,111,1188,1992,869787,4220,0.139504,0.743678,GRC,ITA,7129
97,111,1188,1992,0,71475,0.754112,1.911201,HKG,ITA,7129
100,111,1188,1992,0,4317,0.877872,1.726188,HRV,ITA,7129
102,111,1188,1992,0,129558,0.9144620000000001,2.157041,HUN,ITA,7129
103,111,1188,1992,0,7289,-0.5250670000000001,0.717568,IDN,ITA,7129
104,111,1188,1992,0,4380702,0.101094,1.6851180000000001,IND,ITA,7129
106,111,1188,1992,0,3422,1.454172,1.397052,IRL,ITA,7129
107,111,1188,1992,0,2372239,-1.195108,-1.135155,IRN,ITA,7129
112,111,1188,1992,0,349968,-0.200329,-0.595741,JAM,ITA,7129
113,111,1188,1992,0,352718,0.716964,0.5323760000000001,JOR,ITA,7129
114,111,1188,1992,43890,13799,2.451698,0.875639,JPN,ITA,7129
121,111,1188,1992,0,2512374,0.778066,1.3011139999999999,KOR,ITA,7129
122,111,1188,1992,0,3170,-1.2360950000000002,-1.061771,KWT,ITA,7129
126,111,1188,1992,13698,662705,-0.333309,-0.981883,LBY,ITA,7129
128,111,1188,1992,0,5449,-0.45780600000000005,-0.221948,LKA,ITA,7129
134,111,1188,1992,0,859508,-0.339711,-0.265987,MAR,ITA,7129
138,111,1188,1992,1295,9507437,0.9039370000000001,0.965842,MEX,ITA,7129
142,111,1188,1992,0,318112,0.828211,0.29226599999999997,MLT,ITA,7129
160,111,1188,1992,0,11123,-0.214083,-0.111615,NIC,ITA,7129
162,111,1188,1992,924924,62803,1.4315069999999999,1.7107450000000002,NLD,ITA,7129
163,111,1188,1992,18438,0,0.877965,0.444983,NOR,ITA,7129
167,111,1188,1992,0,3975,-0.906702,-1.0716709999999998,OMN,ITA,7129
168,111,1188,1992,1186681,88893,-0.480152,-0.361705,PAK,ITA,7129
174,111,1188,1992,0,2674804,-0.139761,0.772109,PHL,ITA,7129
177,111,1188,1992,255201,0,0.581166,2.070795,POL,ITA,7129
179,111,1188,1992,1420,6887,0.47505,0.8402860000000001,PRT,ITA,7129
183,111,1188,1992,0,6878,-0.491413,-1.004476,QAT,ITA,7129
186,111,1188,1992,0,983077,0.071799,0.14036099999999999,RUS,ITA,7129
188,111,1188,1992,0,525948,0.416315,-0.7342489999999999,SAU,ITA,7129
189,111,1188,1992,0,14986,0.9474950000000001,2.442268,SCG,ITA,7129
192,111,1188,1992,19468,34110,0.95691,0.892702,SGP,ITA,7129
208,111,1188,1992,1490719,30410,2.2265900000000003,0.999178,SWE,ITA,7129
212,111,1188,1992,0,123618,-0.566724,-0.602446,SYR,ITA,7129
216,111,1188,1992,0,22785,0.109518,1.486578,THA,ITA,7129
223,111,1188,1992,0,7611,0.14482,-0.13608,TUN,ITA,7129
224,111,1188,1992,4767,353490,0.160966,1.154796,TUR,ITA,7129
230,111,1188,1992,0,185304,0.242758,0.711781,URY,ITA,7129
231,111,1188,1992,9128660,1895268,1.660693,1.289752,USA,ITA,7129
236,111,1188,1992,59039,248455,-0.106385,-0.65975,VEN,ITA,7129
243,111,1188,1992,0,15094,-0.7116020000000001,-0.9852489999999999,YEM,ITA,7129
246,111,1188,1992,0,74938,0.236335,1.415622,ZAF,ITA,7129
248,111,1188,1992,0,886446,-0.11168099999999999,0.143612,ZWE,ITA,7129
249,111,1188,1992,0,21233,1.3694790000000001,1.6227559999999999,TWN,ITA,7129
250,111,1188,1992,8241,23540,0.989994,0.977453,ANS,ITA,7129
15,121,1188,1992,1400,0,1.975207,0.669388,AUT,KOR,7129
22,121,1188,1992,0,8278,-0.608254,-0.921751,BGD,KOR,7129
41,121,1188,1992,7491734,0,2.24952,1.014945,CHE,KOR,7129
61,121,1188,1992,4849510,32699,2.2968349999999997,-2.581569,DEU,KOR,7129
64,121,1188,1992,1468,0,1.696464,1.365743,DNK,KOR,7129
77,121,1188,1992,553479,0,1.682766,1.2713430000000001,FRA,KOR,7129
81,121,1188,1992,5504430,0,1.8901810000000001,0.9274030000000001,GBR,KOR,7129
103,121,1188,1992,0,90976,-0.5250670000000001,0.717568,IDN,KOR,7129
111,121,1188,1992,2512374,0,1.7819,0.981246,ITA,KOR,7129
114,121,1188,1992,2456622,139498,2.451698,0.875639,JPN,KOR,7129
162,121,1188,1992,128762,0,1.4315069999999999,1.7107450000000002,NLD,KOR,7129
166,121,1188,1992,0,2797,0.41866000000000003,0.580581,NZL,KOR,7129
192,121,1188,1992,654178,71843,0.95691,0.892702,SGP,KOR,7129
208,121,1188,1992,430108,0,2.2265900000000003,0.999178,SWE,KOR,7129
231,121,1188,1992,106064840,12259266,1.660693,1.289752,USA,KOR,7129
246,121,1188,1992,206600,2106,0.236335,1.415622,ZAF,KOR,7129
249,121,1188,1992,1870230,0,1.3694790000000001,1.6227559999999999,TWN,KOR,7129
14,153,1188,1992,32402,14376,0.083812,0.637224,AUS,MYS,7129
15,153,1188,1992,15276,0,1.975207,0.669388,AUT,MYS,7129
18,153,1188,1992,38031,0,1.449085,1.622957,BEL,MYS,7129
34,153,1188,1992,0,29817,-1.142722,-0.818717,BRN,MYS,7129
41,153,1188,1992,186504,0,2.24952,1.014945,CHE,MYS,7129
43,153,1188,1992,6521,0,0.269411,1.920075,CHN,MYS,7129
61,153,1188,1992,697162,15913,2.2968349999999997,-2.581569,DEU,MYS,7129
77,153,1188,1992,19408,0,1.682766,1.2713430000000001,FRA,MYS,7129
81,153,1188,1992,10334748,1210,1.8901810000000001,0.9274030000000001,GBR,MYS,7129
97,153,1188,1992,3349,0,0.754112,1.911201,HKG,MYS,7129
103,153,1188,1992,1144,46259,-0.5250670000000001,0.717568,IDN,MYS,7129
104,153,1188,1992,55240,0,0.101094,1.6851180000000001,IND,MYS,7129
114,153,1188,1992,1567012,35334,2.451698,0.875639,JPN,MYS,7129
162,153,1188,1992,4119,0,1.4315069999999999,1.7107450000000002,NLD,MYS,7129
192,153,1188,1992,503462,1279171,0.95691,0.892702,SGP,MYS,7129
216,153,1188,1992,0,4820,0.109518,1.486578,THA,MYS,7129
231,153,1188,1992,122853,119615,1.660693,1.289752,USA,MYS,7129
239,153,1188,1992,0,1094,-0.989259,-0.43416099999999996,VNM,MYS,7129
6,162,1188,1992,0,6381888,0.258484,-0.47236000000000006,ANT,NLD,7129
7,162,1188,1992,1628,15905,-0.495518,-0.963358,ARE,NLD,7129
8,162,1188,1992,0,2255,0.043179,0.553408,ARG,NLD,7129
14,162,1188,1992,0,6851,0.083812,0.637224,AUS,NLD,7129
15,162,1188,1992,33976,8472,1.975207,0.669388,AUT,NLD,7129
18,162,1188,1992,1369900,2677180,1.449085,1.622957,BEL,NLD,7129
22,162,1188,1992,0,102612,-0.608254,-0.921751,BGD,NLD,7129
24,162,1188,1992,0,2005,0.047396,-0.554517,BHR,NLD,7129
32,162,1188,1992,0,18892,0.685144,1.5676709999999998,BRA,NLD,7129
34,162,1188,1992,0,15948,-1.142722,-0.818717,BRN,NLD,7129
41,162,1188,1992,3844869,142441,2.24952,1.014945,CHE,NLD,7129
43,162,1188,1992,0,5547,0.269411,1.920075,CHN,NLD,7129
49,162,1188,1992,0,3725,0.022895,0.22971799999999998,COL,NLD,7129
51,162,1188,1992,0,1773,0.314087,-0.48178699999999997,CPV,NLD,7129
58,162,1188,1992,0,2344,0.471516,0.668776,CYP,NLD,7129
61,162,1188,1992,21550556,14954145,2.2968349999999997,-2.581569,DEU,NLD,7129
64,162,1188,1992,53104,30270,1.696464,1.365743,DNK,NLD,7129
68,162,1188,1992,0,9623,-0.102143,-0.17513499999999999,EGY,NLD,7129
71,162,1188,1992,1288,129567,1.301511,1.730441,ESP,NLD,7129
73,162,1188,1992,0,4434,-1.036482,-1.078446,ETH,NLD,7129
74,162,1188,1992,4085,7230,1.929661,1.3477,FIN,NLD,7129
77,162,1188,1992,1530309,495831,1.682766,1.2713430000000001,FRA,NLD,7129
78,162,1188,1992,0,5586,-0.51381,-0.8512059999999999,FRO,NLD,7129
81,162,1188,1992,5689312,3238306,1.8901810000000001,0.9274030000000001,GBR,NLD,7129
84,162,1188,1992,0,2810,1.356823,0.656416,GIB,NLD,7129
90,162,1188,1992,0,24112,0.139504,0.743678,GRC,NLD,7129
97,162,1188,1992,0,26848,0.754112,1.911201,HKG,NLD,7129
100,162,1188,1992,1370,2529,0.877872,1.726188,HRV,NLD,7129
103,162,1188,1992,0,83626,-0.5250670000000001,0.717568,IDN,NLD,7129
104,162,1188,1992,0,22982,0.101094,1.6851180000000001,IND,NLD,7129
106,162,1188,1992,17422,96259,1.454172,1.397052,IRL,NLD,7129
111,162,1188,1992,62803,924924,1.7819,0.981246,ITA,NLD,7129
114,162,1188,1992,655902,5490,2.451698,0.875639,JPN,NLD,7129
121,162,1188,1992,0,128762,0.778066,1.3011139999999999,KOR,NLD,7129
126,162,1188,1992,2409764,2731238,-0.333309,-0.981883,LBY,NLD,7129
153,162,1188,1992,0,4119,0.14268499999999998,0.370079,MYS,NLD,7129
163,162,1188,1992,158768,14990,0.877965,0.444983,NOR,NLD,7129
166,162,1188,1992,0,7800,0.41866000000000003,0.580581,NZL,NLD,7129
169,162,1188,1992,1372,0,0.289315,0.37247199999999997,PAN,NLD,7129
173,162,1188,1992,0,1046,-0.286545,-0.264638,PER,NLD,7129
174,162,1188,1992,0,13535,-0.139761,0.772109,PHL,NLD,7129
177,162,1188,1992,6404548,156951,0.581166,2.070795,POL,NLD,7129
179,162,1188,1992,8958,1479,0.47505,0.8402860000000001,PRT,NLD,7129
188,162,1188,1992,37884,2443,0.416315,-0.7342489999999999,SAU,NLD,7129
189,162,1188,1992,0,2956,0.9474950000000001,2.442268,SCG,NLD,7129
192,162,1188,1992,115053,91996,0.95691,0.892702,SGP,NLD,7129
208,162,1188,1992,3158437,6338,2.2265900000000003,0.999178,SWE,NLD,7129
222,162,1188,1992,0,55403,0.43506000000000006,-0.43233599999999994,TTO,NLD,7129
223,162,1188,1992,0,991,0.14482,-0.13608,TUN,NLD,7129
224,162,1188,1992,0,39831,0.160966,1.154796,TUR,NLD,7129
226,162,1188,1992,0,39941,-1.139271,-0.8235379999999999,TZA,NLD,7129
231,162,1188,1992,1408013,129125,1.660693,1.289752,USA,NLD,7129
236,162,1188,1992,55651,629901,-0.106385,-0.65975,VEN,NLD,7129
246,162,1188,1992,4615,6782,0.236335,1.415622,ZAF,NLD,7129
18,163,1188,1992,4978,0,1.449085,1.622957,BEL,NOR,7129
32,163,1188,1992,0,12720,0.685144,1.5676709999999998,BRA,NOR,7129
41,163,1188,1992,21649,0,2.24952,1.014945,CHE,NOR,7129
42,163,1188,1992,0,561712,-0.188106,-0.360151,CHL,NOR,7129
46,163,1188,1992,0,12971,-1.55348,-1.100071,COD,NOR,7129
61,163,1188,1992,1384019,407146,2.2968349999999997,-2.581569,DEU,NOR,7129
64,163,1188,1992,15620,3349,1.696464,1.365743,DNK,NOR,7129
77,163,1188,1992,52037,9745,1.682766,1.2713430000000001,FRA,NOR,7129
81,163,1188,1992,423800,563977,1.8901810000000001,0.9274030000000001,GBR,NOR,7129
92,163,1188,1992,0,365630,-0.692587,-0.859656,GRL,NOR,7129
106,163,1188,1992,0,1562,1.454172,1.397052,IRL,NOR,7129
111,163,1188,1992,0,18438,1.7819,0.981246,ITA,NOR,7129
162,163,1188,1992,14990,158768,1.4315069999999999,1.7107450000000002,NLD,NOR,7129
168,163,1188,1992,0,10573,-0.480152,-0.361705,PAK,NOR,7129
179,163,1188,1992,0,172034,0.47505,0.8402860000000001,PRT,NOR,7129
186,163,1188,1992,0,6151,0.071799,0.14036099999999999,RUS,NOR,7129
192,163,1188,1992,0,15120,0.95691,0.892702,SGP,NOR,7129
208,163,1188,1992,212430,15753,2.2265900000000003,0.999178,SWE,NOR,7129
231,163,1188,1992,47904,0,1.660693,1.289752,USA,NOR,7129
61,169,1188,1992,39305,0,2.2968349999999997,-2.581569,DEU,PAN,7129
67,169,1188,1992,0,1427,-0.815778,-0.9415459999999999,ECU,PAN,7129
81,169,1188,1992,15988,0,1.8901810000000001,0.9274030000000001,GBR,PAN,7129
162,169,1188,1992,0,1372,1.4315069999999999,1.7107450000000002,NLD,PAN,7129
231,169,1188,1992,117759,0,1.660693,1.289752,USA,PAN,7129
14,174,1188,1992,93746,0,0.083812,0.637224,AUS,PHL,7129
41,174,1188,1992,3175,0,2.24952,1.014945,CHE,PHL,7129
43,174,1188,1992,98739,0,0.269411,1.920075,CHN,PHL,7129
61,174,1188,1992,4801886,0,2.2968349999999997,-2.581569,DEU,PHL,7129
77,174,1188,1992,351879,0,1.682766,1.2713430000000001,FRA,PHL,7129
81,174,1188,1992,44848,0,1.8901810000000001,0.9274030000000001,GBR,PHL,7129
111,174,1188,1992,2674804,0,1.7819,0.981246,ITA,PHL,7129
114,174,1188,1992,4340502,1341288,2.451698,0.875639,JPN,PHL,7129
162,174,1188,1992,13535,0,1.4315069999999999,1.7107450000000002,NLD,PHL,7129
192,174,1188,1992,15483,4906,0.95691,0.892702,SGP,PHL,7129
231,174,1188,1992,1300332,0,1.660693,1.289752,USA,PHL,7129
249,174,1188,1992,8823,0,1.3694790000000001,1.6227559999999999,TWN,PHL,7129
8,179,1188,1992,0,1092,0.043179,0.553408,ARG,PRT,7129
15,179,1188,1992,930792,0,1.975207,0.669388,AUT,PRT,7129
41,179,1188,1992,5981902,65984,2.24952,1.014945,CHE,PRT,7129
61,179,1188,1992,2825844,48591,2.2968349999999997,-2.581569,DEU,PRT,7129
64,179,1188,1992,1733,0,1.696464,1.365743,DNK,PRT,7129
71,179,1188,1992,63753,10785,1.301511,1.730441,ESP,PRT,7129
74,179,1188,1992,38576,0,1.929661,1.3477,FIN,PRT,7129
77,179,1188,1992,3579742,3601679,1.682766,1.2713430000000001,FRA,PRT,7129
81,179,1188,1992,400939,1384,1.8901810000000001,0.9274030000000001,GBR,PRT,7129
84,179,1188,1992,0,6276,1.356823,0.656416,GIB,PRT,7129
90,179,1188,1992,0,7288,0.139504,0.743678,GRC,PRT,7129
111,179,1188,1992,6887,1420,1.7819,0.981246,ITA,PRT,7129
114,179,1188,1992,46975,0,2.451698,0.875639,JPN,PRT,7129
147,179,1188,1992,0,1464,-0.119653,-0.28381100000000004,MOZ,PRT,7129
162,179,1188,1992,1479,8958,1.4315069999999999,1.7107450000000002,NLD,PRT,7129
163,179,1188,1992,172034,0,0.877965,0.444983,NOR,PRT,7129
208,179,1188,1992,31869,822615,2.2265900000000003,0.999178,SWE,PRT,7129
231,179,1188,1992,2835,2720868,1.660693,1.289752,USA,PRT,7129
61,222,1188,1992,71414,0,2.2968349999999997,-2.581569,DEU,TTO,7129
81,222,1188,1992,388367,0,1.8901810000000001,0.9274030000000001,GBR,TTO,7129
114,222,1188,1992,15766,0,2.451698,0.875639,JPN,TTO,7129
162,222,1188,1992,55403,0,1.4315069999999999,1.7107450000000002,NLD,TTO,7129
231,222,1188,1992,720295,43861,1.660693,1.289752,USA,TTO,7129
249,222,1188,1992,11153,0,1.3694790000000001,1.6227559999999999,TWN,TTO,7129
0,231,1188,1992,0,661023,-0.260923,-0.700814,ABW,USA,7129
3,231,1188,1992,0,3322,0.6821659999999999,-0.306197,AIA,USA,7129
6,231,1188,1992,0,36194,0.258484,-0.47236000000000006,ANT,USA,7129
7,231,1188,1992,0,1083236,-0.495518,-0.963358,ARE,USA,7129
8,231,1188,1992,0,401533,0.043179,0.553408,ARG,USA,7129
14,231,1188,1992,11652,1368297,0.083812,0.637224,AUS,USA,7129
15,231,1188,1992,8928073,366021,1.975207,0.669388,AUT,USA,7129
18,231,1188,1992,53362,85153,1.449085,1.622957,BEL,USA,7129
22,231,1188,1992,0,73604,-0.608254,-0.921751,BGD,USA,7129
24,231,1188,1992,0,266766,0.047396,-0.554517,BHR,USA,7129
25,231,1188,1992,0,145802,0.181088,-0.591638,BHS,USA,7129
29,231,1188,1992,0,8457,-0.06729700000000001,-0.386682,BLZ,USA,7129
30,231,1188,1992,0,3608,0.302027,-0.450866,BMU,USA,7129
31,231,1188,1992,6678,24515,-0.609826,-0.693473,BOL,USA,7129
32,231,1188,1992,3017,511101,0.685144,1.5676709999999998,BRA,USA,7129
33,231,1188,1992,0,2702,0.9121950000000001,0.413592,BRB,USA,7129
34,231,1188,1992,0,7175,-1.142722,-0.818717,BRN,USA,7129
39,231,1188,1992,5167264,10652024,0.74703,1.096791,CAN,USA,7129
41,231,1188,1992,18874598,5289403,2.24952,1.014945,CHE,USA,7129
42,231,1188,1992,0,296452,-0.188106,-0.360151,CHL,USA,7129
43,231,1188,1992,88700,1447951,0.269411,1.920075,CHN,USA,7129
44,231,1188,1992,0,51218,-1.689731,-1.070179,CIV,USA,7129
49,231,1188,1992,2520,397487,0.022895,0.22971799999999998,COL,USA,7129
52,231,1188,1992,0,68343,0.11654,0.191873,CRI,USA,7129
53,231,1188,1992,84040,0,1.116966,2.225331,CSK,USA,7129
57,231,1188,1992,0,21000,-0.10476600000000001,-0.571682,CYM,USA,7129
58,231,1188,1992,0,76169,0.471516,0.668776,CYP,USA,7129
61,231,1188,1992,29583290,3031351,2.2968349999999997,-2.581569,DEU,USA,7129
64,231,1188,1992,3728,64067,1.696464,1.365743,DNK,USA,7129
65,231,1188,1992,0,2946498,-0.338979,-0.5049279999999999,DOM,USA,7129
66,231,1188,1992,0,1721240,-0.24189699999999997,-0.9399219999999999,DZA,USA,7129
67,231,1188,1992,0,539188,-0.815778,-0.9415459999999999,ECU,USA,7129
68,231,1188,1992,0,5420904,-0.102143,-0.17513499999999999,EGY,USA,7129
71,231,1188,1992,47281,9358244,1.301511,1.730441,ESP,USA,7129
74,231,1188,1992,14009,48308,1.929661,1.3477,FIN,USA,7129
75,231,1188,1992,0,3340,-0.573887,-0.6382680000000001,FJI,USA,7129
77,231,1188,1992,139043,2460958,1.682766,1.2713430000000001,FRA,USA,7129
81,231,1188,1992,3561171,13749043,1.8901810000000001,0.9274030000000001,GBR,USA,7129
83,231,1188,1992,0,10032,-0.936314,-0.935839,GHA,USA,7129
86,231,1188,1992,0,34632,0.68221,-0.319682,GLP,USA,7129
90,231,1188,1992,0,544225,0.139504,0.743678,GRC,USA,7129
93,231,1188,1992,0,226343,-0.031145999999999997,0.48874300000000004,GTM,USA,7129
96,231,1188,1992,0,59026,-0.6447689999999999,-0.808177,GUY,USA,7129
97,231,1188,1992,1559,1091695,0.754112,1.911201,HKG,USA,7129
99,231,1188,1992,0,54262,-0.5100640000000001,-0.38205900000000004,HND,USA,7129
100,231,1188,1992,2897,0,0.877872,1.726188,HRV,USA,7129
103,231,1188,1992,0,7519210,-0.5250670000000001,0.717568,IDN,USA,7129
104,231,1188,1992,0,8028666,0.101094,1.6851180000000001,IND,USA,7129
106,231,1188,1992,83635,15973,1.454172,1.397052,IRL,USA,7129
107,231,1188,1992,0,111876,-1.195108,-1.135155,IRN,USA,7129
110,231,1188,1992,110886,5017392,1.354362,1.3260530000000001,ISR,USA,7129
111,231,1188,1992,1895268,9128660,1.7819,0.981246,ITA,USA,7129
112,231,1188,1992,40586,993679,-0.200329,-0.595741,JAM,USA,7129
113,231,1188,1992,0,24503,0.716964,0.5323760000000001,JOR,USA,7129
114,231,1188,1992,24172578,4525638,2.451698,0.875639,JPN,USA,7129
121,231,1188,1992,12259266,106064840,0.778066,1.3011139999999999,KOR,USA,7129
122,231,1188,1992,0,215221,-1.2360950000000002,-1.061771,KWT,USA,7129
124,231,1188,1992,0,9783,0.186135,0.800906,LBN,USA,7129
128,231,1188,1992,0,22721,-0.45780600000000005,-0.221948,LKA,USA,7129
138,231,1188,1992,2263303,8584528,0.9039370000000001,0.965842,MEX,USA,7129
142,231,1188,1992,0,37243,0.828211,0.29226599999999997,MLT,USA,7129
150,231,1188,1992,0,1549,0.70167,-0.075327,MTQ,USA,7129
151,231,1188,1992,0,2144,-0.249558,-0.643201,MUS,USA,7129
153,231,1188,1992,119615,122853,0.14268499999999998,0.370079,MYS,USA,7129
159,231,1188,1992,0,1689855,-2.275923,-1.178983,NGA,USA,7129
162,231,1188,1992,129125,1408013,1.4315069999999999,1.7107450000000002,NLD,USA,7129
163,231,1188,1992,0,47904,0.877965,0.444983,NOR,USA,7129
166,231,1188,1992,40867,20503,0.41866000000000003,0.580581,NZL,USA,7129
168,231,1188,1992,0,388751,-0.480152,-0.361705,PAK,USA,7129
169,231,1188,1992,0,117759,0.289315,0.37247199999999997,PAN,USA,7129
173,231,1188,1992,0,1406729,-0.286545,-0.264638,PER,USA,7129
174,231,1188,1992,0,1300332,-0.139761,0.772109,PHL,USA,7129
177,231,1188,1992,1454746,44179,0.581166,2.070795,POL,USA,7129
179,231,1188,1992,2720868,2835,0.47505,0.8402860000000001,PRT,USA,7129
180,231,1188,1992,0,4466,-0.906433,-0.787177,PRY,USA,7129
183,231,1188,1992,0,15096,-0.491413,-1.004476,QAT,USA,7129
185,231,1188,1992,0,43757,0.838817,1.358629,ROU,USA,7129
186,231,1188,1992,0,1496740,0.071799,0.14036099999999999,RUS,USA,7129
188,231,1188,1992,0,18905258,0.416315,-0.7342489999999999,SAU,USA,7129
189,231,1188,1992,0,461302,0.9474950000000001,2.442268,SCG,USA,7129
191,231,1188,1992,0,2654,-0.43371800000000005,-0.679547,SEN,USA,7129
192,231,1188,1992,775552,565321,0.95691,0.892702,SGP,USA,7129
197,231,1188,1992,0,85445,0.396523,0.47548900000000005,SLV,USA,7129
207,231,1188,1992,0,6521,1.3270629999999999,1.605534,SVN,USA,7129
208,231,1188,1992,1345241,3546914,2.2265900000000003,0.999178,SWE,USA,7129
212,231,1188,1992,0,58077,-0.566724,-0.602446,SYR,USA,7129
216,231,1188,1992,0,1565198,0.109518,1.486578,THA,USA,7129
222,231,1188,1992,43861,720295,0.43506000000000006,-0.43233599999999994,TTO,USA,7129
224,231,1188,1992,0,40892,0.160966,1.154796,TUR,USA,7129
230,231,1188,1992,0,25069,0.242758,0.711781,URY,USA,7129
236,231,1188,1992,1389,4137348,-0.106385,-0.65975,VEN,USA,7129
237,231,1188,1992,0,79451,0.910816,0.007384999999999999,VGB,USA,7129
243,231,1188,1992,0,58589,-0.7116020000000001,-0.9852489999999999,YEM,USA,7129
246,231,1188,1992,2228,1393250,0.236335,1.415622,ZAF,USA,7129
249,231,1188,1992,0,19652792,1.3694790000000001,1.6227559999999999,TWN,USA,7129
15,14,1188,1992,753763,0,1.975207,0.669388,AUT,AUS,7129
34,14,1188,1992,0,3007,-1.142722,-0.818717,BRN,AUS,7129
39,14,1188,1992,19845,0,0.74703,1.096791,CAN,AUS,7129
41,14,1188,1992,113500,0,2.24952,1.014945,CHE,AUS,7129
61,14,1188,1992,1431644,0,2.2968349999999997,-2.581569,DEU,AUS,7129
75,14,1188,1992,6211,4947,-0.573887,-0.6382680000000001,FJI,AUS,7129
77,14,1188,1992,13627,0,1.682766,1.2713430000000001,FRA,AUS,7129
81,14,1188,1992,3419860,37943,1.8901810000000001,0.9274030000000001,GBR,AUS,7129
97,14,1188,1992,141976,8911,0.754112,1.911201,HKG,AUS,7129
103,14,1188,1992,0,4526,-0.5250670000000001,0.717568,IDN,AUS,7129
104,14,1188,1992,3228,0,0.101094,1.6851180000000001,IND,AUS,7129
110,14,1188,1992,7913,0,1.354362,1.3260530000000001,ISR,AUS,7129
111,14,1188,1992,14440,0,1.7819,0.981246,ITA,AUS,7129
114,14,1188,1992,729566,31078,2.451698,0.875639,JPN,AUS,7129
119,14,1188,1992,0,1403,-0.047671,-0.740088,KIR,AUS,7129
151,14,1188,1992,0,16566,-0.249558,-0.643201,MUS,AUS,7129
153,14,1188,1992,14376,32402,0.14268499999999998,0.370079,MYS,AUS,7129
156,14,1188,1992,0,24292,-1.284672,-0.9233870000000001,NCL,AUS,7129
162,14,1188,1992,6851,0,1.4315069999999999,1.7107450000000002,NLD,AUS,7129
166,14,1188,1992,5841,267915,0.41866000000000003,0.580581,NZL,AUS,7129
174,14,1188,1992,0,93746,-0.139761,0.772109,PHL,AUS,7129
176,14,1188,1992,1603,16530,-1.602221,-1.058247,PNG,AUS,7129
192,14,1188,1992,21116,50135,0.95691,0.892702,SGP,AUS,7129
195,14,1188,1992,0,4727,-1.491786,-0.9599799999999999,SLB,AUS,7129
208,14,1188,1992,11841,31054,2.2265900000000003,0.999178,SWE,AUS,7129
216,14,1188,1992,0,878170,0.109518,1.486578,THA,AUS,7129
231,14,1188,1992,1368297,11652,1.660693,1.289752,USA,AUS,7129
240,14,1188,1992,0,2328,-1.226071,-0.93215,VUT,AUS,7129
14,15,1188,1992,0,753763,0.083812,0.637224,AUS,AUT,7129
18,15,1188,1992,0,2993298,1.449085,1.622957,BEL,AUT,7129
32,15,1188,1992,0,1611001,0.685144,1.5676709999999998,BRA,AUT,7129
39,15,1188,1992,0,60042,0.74703,1.096791,CAN,AUT,7129
41,15,1188,1992,2375753,3924835,2.24952,1.014945,CHE,AUT,7129
43,15,1188,1992,0,572560,0.269411,1.920075,CHN,AUT,7129
53,15,1188,1992,597636,27314,1.116966,2.225331,CSK,AUT,7129
58,15,1188,1992,0,173694,0.471516,0.668776,CYP,AUT,7129
61,15,1188,1992,6756212,17138688,2.2968349999999997,-2.581569,DEU,AUT,7129
66,15,1188,1992,0,16687,-0.24189699999999997,-0.9399219999999999,DZA,AUT,7129
71,15,1188,1992,0,2623,1.301511,1.730441,ESP,AUT,7129
77,15,1188,1992,8299,2981682,1.682766,1.2713430000000001,FRA,AUT,7129
81,15,1188,1992,153824,774001,1.8901810000000001,0.9274030000000001,GBR,AUT,7129
83,15,1188,1992,0,133234,-0.936314,-0.935839,GHA,AUT,7129
90,15,1188,1992,0,36143,0.139504,0.743678,GRC,AUT,7129
97,15,1188,1992,0,170842,0.754112,1.911201,HKG,AUT,7129
102,15,1188,1992,9339,8833,0.9144620000000001,2.157041,HUN,AUT,7129
104,15,1188,1992,0,2388464,0.101094,1.6851180000000001,IND,AUT,7129
107,15,1188,1992,0,193404,-1.195108,-1.135155,IRN,AUT,7129
111,15,1188,1992,1023039,1963315,1.7819,0.981246,ITA,AUT,7129
114,15,1188,1992,433336,159007,2.451698,0.875639,JPN,AUT,7129
121,15,1188,1992,0,1400,0.778066,1.3011139999999999,KOR,AUT,7129
138,15,1188,1992,0,82147,0.9039370000000001,0.965842,MEX,AUT,7129
142,15,1188,1992,0,21012,0.828211,0.29226599999999997,MLT,AUT,7129
153,15,1188,1992,0,15276,0.14268499999999998,0.370079,MYS,AUT,7129
162,15,1188,1992,8472,33976,1.4315069999999999,1.7107450000000002,NLD,AUT,7129
166,15,1188,1992,0,81859,0.41866000000000003,0.580581,NZL,AUT,7129
177,15,1188,1992,327841,0,0.581166,2.070795,POL,AUT,7129
179,15,1188,1992,0,930792,0.47505,0.8402860000000001,PRT,AUT,7129
185,15,1188,1992,0,743,0.838817,1.358629,ROU,AUT,7129
188,15,1188,1992,0,18114,0.416315,-0.7342489999999999,SAU,AUT,7129
189,15,1188,1992,739334,0,0.9474950000000001,2.442268,SCG,AUT,7129
192,15,1188,1992,0,4771,0.95691,0.892702,SGP,AUT,7129
207,15,1188,1992,727113,58703,1.3270629999999999,1.605534,SVN,AUT,7129
208,15,1188,1992,1818,6686,2.2265900000000003,0.999178,SWE,AUT,7129
212,15,1188,1992,0,79000,-0.566724,-0.602446,SYR,AUT,7129
231,15,1188,1992,366021,8928073,1.660693,1.289752,USA,AUT,7129
246,15,1188,1992,0,2022,0.236335,1.415622,ZAF,AUT,7129
249,15,1188,1992,36730,0,1.3694790000000001,1.6227559999999999,TWN,AUT,7129
39,22,1188,1992,43637,0,0.74703,1.096791,CAN,BGD,7129
43,22,1188,1992,9655,0,0.269411,1.920075,CHN,BGD,7129
53,22,1188,1992,25978,0,1.116966,2.225331,CSK,BGD,7129
61,22,1188,1992,32258,0,2.2968349999999997,-2.581569,DEU,BGD,7129
81,22,1188,1992,42126,0,1.8901810000000001,0.9274030000000001,GBR,BGD,7129
104,22,1188,1992,2288,0,0.101094,1.6851180000000001,IND,BGD,7129
111,22,1188,1992,160498,0,1.7819,0.981246,ITA,BGD,7129
114,22,1188,1992,867793,0,2.451698,0.875639,JPN,BGD,7129
121,22,1188,1992,8278,0,0.778066,1.3011139999999999,KOR,BGD,7129
162,22,1188,1992,102612,0,1.4315069999999999,1.7107450000000002,NLD,BGD,7129
186,22,1188,1992,1455319,0,0.071799,0.14036099999999999,RUS,BGD,7129
192,22,1188,1992,6774,0,0.95691,0.892702,SGP,BGD,7129
231,22,1188,1992,73604,0,1.660693,1.289752,USA,BGD,7129
41,23,1188,1992,372703,0,2.24952,1.014945,CHE,BGR,7129
53,23,1188,1992,53197,0,1.116966,2.225331,CSK,BGR,7129
61,23,1188,1992,10939,0,2.2968349999999997,-2.581569,DEU,BGR,7129
186,23,1188,1992,396806,0,0.071799,0.14036099999999999,RUS,BGR,7129
6,39,1188,1992,0,22913,0.258484,-0.47236000000000006,ANT,CAN,7129
8,39,1188,1992,0,8668,0.043179,0.553408,ARG,CAN,7129
14,39,1188,1992,0,19845,0.083812,0.637224,AUS,CAN,7129
15,39,1188,1992,60042,0,1.975207,0.669388,AUT,CAN,7129
18,39,1188,1992,3462,14981,1.449085,1.622957,BEL,CAN,7129
22,39,1188,1992,0,43637,-0.608254,-0.921751,BGD,CAN,7129
24,39,1188,1992,0,6620,0.047396,-0.554517,BHR,CAN,7129
32,39,1188,1992,0,7166,0.685144,1.5676709999999998,BRA,CAN,7129
41,39,1188,1992,2422828,77681,2.24952,1.014945,CHE,CAN,7129
42,39,1188,1992,698182,20746,-0.188106,-0.360151,CHL,CAN,7129
43,39,1188,1992,26066,241702,0.269411,1.920075,CHN,CAN,7129
44,39,1188,1992,0,6327,-1.689731,-1.070179,CIV,CAN,7129
49,39,1188,1992,0,270428,0.022895,0.22971799999999998,COL,CAN,7129
61,39,1188,1992,314030,0,2.2968349999999997,-2.581569,DEU,CAN,7129
65,39,1188,1992,0,41713,-0.338979,-0.5049279999999999,DOM,CAN,7129
66,39,1188,1992,0,87415,-0.24189699999999997,-0.9399219999999999,DZA,CAN,7129
71,39,1188,1992,0,40261,1.301511,1.730441,ESP,CAN,7129
77,39,1188,1992,2917,52004,1.682766,1.2713430000000001,FRA,CAN,7129
81,39,1188,1992,10704475,486043,1.8901810000000001,0.9274030000000001,GBR,CAN,7129
83,39,1188,1992,0,45571,-0.936314,-0.935839,GHA,CAN,7129
93,39,1188,1992,0,10860,-0.031145999999999997,0.48874300000000004,GTM,CAN,7129
96,39,1188,1992,0,39026,-0.6447689999999999,-0.808177,GUY,CAN,7129
97,39,1188,1992,0,25460,0.754112,1.911201,HKG,CAN,7129
100,39,1188,1992,0,3593,0.877872,1.726188,HRV,CAN,7129
104,39,1188,1992,0,33349,0.101094,1.6851180000000001,IND,CAN,7129
107,39,1188,1992,0,40173,-1.195108,-1.135155,IRN,CAN,7129
111,39,1188,1992,3683458,0,1.7819,0.981246,ITA,CAN,7129
112,39,1188,1992,0,3180,-0.200329,-0.595741,JAM,CAN,7129
114,39,1188,1992,2944399,398660,2.451698,0.875639,JPN,CAN,7129
116,39,1188,1992,0,153713,-0.31818,-0.096856,KEN,CAN,7129
138,39,1188,1992,0,209261,0.9039370000000001,0.965842,MEX,CAN,7129
142,39,1188,1992,0,62361,0.828211,0.29226599999999997,MLT,CAN,7129
168,39,1188,1992,0,9196,-0.480152,-0.361705,PAK,CAN,7129
173,39,1188,1992,0,3044,-0.286545,-0.264638,PER,CAN,7129
188,39,1188,1992,0,369674,0.416315,-0.7342489999999999,SAU,CAN,7129
192,39,1188,1992,69360,10159,0.95691,0.892702,SGP,CAN,7129
208,39,1188,1992,687362,4107,2.2265900000000003,0.999178,SWE,CAN,7129
231,39,1188,1992,10652024,5167264,1.660693,1.289752,USA,CAN,7129
236,39,1188,1992,0,161403,-0.106385,-0.65975,VEN,CAN,7129
243,39,1188,1992,0,394008,-0.7116020000000001,-0.9852489999999999,YEM,CAN,7129
249,39,1188,1992,17271,100074,1.3694790000000001,1.6227559999999999,TWN,CAN,7129
250,39,1188,1992,75540,0,0.989994,0.977453,ANS,CAN,7129
7,41,1188,1992,0,56495,-0.495518,-0.963358,ARE,CHE,7129
8,41,1188,1992,0,1061224,0.043179,0.553408,ARG,CHE,7129
14,41,1188,1992,0,113500,0.083812,0.637224,AUS,CHE,7129
15,41,1188,1992,3924835,2375753,1.975207,0.669388,AUT,CHE,7129
18,41,1188,1992,1580729,1631511,1.449085,1.622957,BEL,CHE,7129
23,41,1188,1992,0,372703,0.503161,1.871616,BGR,CHE,7129
24,41,1188,1992,0,57024,0.047396,-0.554517,BHR,CHE,7129
32,41,1188,1992,0,72808,0.685144,1.5676709999999998,BRA,CHE,7129
39,41,1188,1992,77681,2422828,0.74703,1.096791,CAN,CHE,7129
42,41,1188,1992,0,26928,-0.188106,-0.360151,CHL,CHE,7129
43,41,1188,1992,0,17315,0.269411,1.920075,CHN,CHE,7129
49,41,1188,1992,0,159839,0.022895,0.22971799999999998,COL,CHE,7129
53,41,1188,1992,19334,0,1.116966,2.225331,CSK,CHE,7129
61,41,1188,1992,15372636,13948984,2.2968349999999997,-2.581569,DEU,CHE,7129
64,41,1188,1992,8973,2065758,1.696464,1.365743,DNK,CHE,7129
66,41,1188,1992,0,72448,-0.24189699999999997,-0.9399219999999999,DZA,CHE,7129
67,41,1188,1992,0,10392,-0.815778,-0.9415459999999999,ECU,CHE,7129
68,41,1188,1992,0,81264,-0.102143,-0.17513499999999999,EGY,CHE,7129
71,41,1188,1992,0,9520731,1.301511,1.730441,ESP,CHE,7129
73,41,1188,1992,0,65591,-1.036482,-1.078446,ETH,CHE,7129
74,41,1188,1992,0,5819644,1.929661,1.3477,FIN,CHE,7129
77,41,1188,1992,1581476,1484146,1.682766,1.2713430000000001,FRA,CHE,7129
81,41,1188,1992,908293,10258230,1.8901810000000001,0.9274030000000001,GBR,CHE,7129
83,41,1188,1992,0,2895,-0.936314,-0.935839,GHA,CHE,7129
90,41,1188,1992,0,11109271,0.139504,0.743678,GRC,CHE,7129
97,41,1188,1992,120698,1472539,0.754112,1.911201,HKG,CHE,7129
100,41,1188,1992,583846,79677,0.877872,1.726188,HRV,CHE,7129
102,41,1188,1992,1355866,84437,0.9144620000000001,2.157041,HUN,CHE,7129
103,41,1188,1992,0,2171668,-0.5250670000000001,0.717568,IDN,CHE,7129
104,41,1188,1992,0,3437,0.101094,1.6851180000000001,IND,CHE,7129
106,41,1188,1992,15234,1621426,1.454172,1.397052,IRL,CHE,7129
107,41,1188,1992,0,9166,-1.195108,-1.135155,IRN,CHE,7129
110,41,1188,1992,0,213000,1.354362,1.3260530000000001,ISR,CHE,7129
111,41,1188,1992,6599980,5788912,1.7819,0.981246,ITA,CHE,7129
112,41,1188,1992,0,169724,-0.200329,-0.595741,JAM,CHE,7129
114,41,1188,1992,0,131673,2.451698,0.875639,JPN,CHE,7129
121,41,1188,1992,0,7491734,0.778066,1.3011139999999999,KOR,CHE,7129
124,41,1188,1992,0,313577,0.186135,0.800906,LBN,CHE,7129
138,41,1188,1992,211307,283907,0.9039370000000001,0.965842,MEX,CHE,7129
142,41,1188,1992,0,3244,0.828211,0.29226599999999997,MLT,CHE,7129
153,41,1188,1992,0,186504,0.14268499999999998,0.370079,MYS,CHE,7129
159,41,1188,1992,0,19923,-2.275923,-1.178983,NGA,CHE,7129
162,41,1188,1992,142441,3844869,1.4315069999999999,1.7107450000000002,NLD,CHE,7129
163,41,1188,1992,0,21649,0.877965,0.444983,NOR,CHE,7129
166,41,1188,1992,0,1391,0.41866000000000003,0.580581,NZL,CHE,7129
173,41,1188,1992,0,204718,-0.286545,-0.264638,PER,CHE,7129
174,41,1188,1992,0,3175,-0.139761,0.772109,PHL,CHE,7129
177,41,1188,1992,1342631,3790366,0.581166,2.070795,POL,CHE,7129
179,41,1188,1992,65984,5981902,0.47505,0.8402860000000001,PRT,CHE,7129
188,41,1188,1992,0,6284856,0.416315,-0.7342489999999999,SAU,CHE,7129
189,41,1188,1992,0,161548,0.9474950000000001,2.442268,SCG,CHE,7129
191,41,1188,1992,0,1195,-0.43371800000000005,-0.679547,SEN,CHE,7129
205,41,1188,1992,0,2207,-0.9841209999999999,-0.9359129999999999,SUR,CHE,7129
207,41,1188,1992,0,95702,1.3270629999999999,1.605534,SVN,CHE,7129
208,41,1188,1992,566719,1423259,2.2265900000000003,0.999178,SWE,CHE,7129
212,41,1188,1992,0,253887,-0.566724,-0.602446,SYR,CHE,7129
216,41,1188,1992,0,198608,0.109518,1.486578,THA,CHE,7129
224,41,1188,1992,0,69622,0.160966,1.154796,TUR,CHE,7129
231,41,1188,1992,5289403,18874598,1.660693,1.289752,USA,CHE,7129
236,41,1188,1992,0,288622,-0.106385,-0.65975,VEN,CHE,7129
246,41,1188,1992,0,4726539,0.236335,1.415622,ZAF,CHE,7129
248,41,1188,1992,0,3275,-0.11168099999999999,0.143612,ZWE,CHE,7129
249,41,1188,1992,0,51039,1.3694790000000001,1.6227559999999999,TWN,CHE,7129
8,42,1188,1992,8978,0,0.043179,0.553408,ARG,CHL,7129
31,42,1188,1992,1363,0,-0.609826,-0.693473,BOL,CHL,7129
32,42,1188,1992,33950,0,0.685144,1.5676709999999998,BRA,CHL,7129
39,42,1188,1992,20746,698182,0.74703,1.096791,CAN,CHL,7129
41,42,1188,1992,26928,0,2.24952,1.014945,CHE,CHL,7129
61,42,1188,1992,343162,0,2.2968349999999997,-2.581569,DEU,CHL,7129
77,42,1188,1992,0,1586,1.682766,1.2713430000000001,FRA,CHL,7129
81,42,1188,1992,39238,0,1.8901810000000001,0.9274030000000001,GBR,CHL,7129
114,42,1188,1992,1077042,0,2.451698,0.875639,JPN,CHL,7129
163,42,1188,1992,561712,0,0.877965,0.444983,NOR,CHL,7129
208,42,1188,1992,7900,0,2.2265900000000003,0.999178,SWE,CHL,7129
231,42,1188,1992,296452,0,1.660693,1.289752,USA,CHL,7129
18,68,1188,1992,11255,0,1.449085,1.622957,BEL,EGY,7129
41,68,1188,1992,81264,0,2.24952,1.014945,CHE,EGY,7129
61,68,1188,1992,1509662,96629,2.2968349999999997,-2.581569,DEU,EGY,7129
77,68,1188,1992,309479,26414,1.682766,1.2713430000000001,FRA,EGY,7129
81,68,1188,1992,102434,0,1.8901810000000001,0.9274030000000001,GBR,EGY,7129
111,68,1188,1992,3114506,0,1.7819,0.981246,ITA,EGY,7129
114,68,1188,1992,111448,0,2.451698,0.875639,JPN,EGY,7129
162,68,1188,1992,9623,0,1.4315069999999999,1.7107450000000002,NLD,EGY,7129
208,68,1188,1992,197972,0,2.2265900000000003,0.999178,SWE,EGY,7129
231,68,1188,1992,5420904,0,1.660693,1.289752,USA,EGY,7129
7,100,1188,1992,0,18298,-0.495518,-0.963358,ARE,HRV,7129
39,100,1188,1992,3593,0,0.74703,1.096791,CAN,HRV,7129
41,100,1188,1992,79677,583846,2.24952,1.014945,CHE,HRV,7129
61,100,1188,1992,628792,912814,2.2968349999999997,-2.581569,DEU,HRV,7129
77,100,1188,1992,23180,0,1.682766,1.2713430000000001,FRA,HRV,7129
81,100,1188,1992,2572,3121,1.8901810000000001,0.9274030000000001,GBR,HRV,7129
90,100,1188,1992,0,52220,0.139504,0.743678,GRC,HRV,7129
111,100,1188,1992,4317,0,1.7819,0.981246,ITA,HRV,7129
162,100,1188,1992,2529,1370,1.4315069999999999,1.7107450000000002,NLD,HRV,7129
186,100,1188,1992,357492,1556867,0.071799,0.14036099999999999,RUS,HRV,7129
189,100,1188,1992,20136,0,0.9474950000000001,2.442268,SCG,HRV,7129
207,100,1188,1992,34963,80867,1.3270629999999999,1.605534,SVN,HRV,7129
231,100,1188,1992,0,2897,1.660693,1.289752,USA,HRV,7129
15,102,1188,1992,8833,9339,1.975207,0.669388,AUT,HUN,7129
18,102,1188,1992,1924,215108,1.449085,1.622957,BEL,HUN,7129
41,102,1188,1992,84437,1355866,2.24952,1.014945,CHE,HUN,7129
61,102,1188,1992,1656960,1396650,2.2968349999999997,-2.581569,DEU,HUN,7129
74,102,1188,1992,0,1338102,1.929661,1.3477,FIN,HUN,7129
81,102,1188,1992,29472,125894,1.8901810000000001,0.9274030000000001,GBR,HUN,7129
103,102,1188,1992,0,2640,-0.5250670000000001,0.717568,IDN,HUN,7129
111,102,1188,1992,129558,0,1.7819,0.981246,ITA,HUN,7129
177,102,1188,1992,6747,1068409,0.581166,2.070795,POL,HUN,7129
189,102,1188,1992,472991,959432,0.9474950000000001,2.442268,SCG,HUN,7129
208,102,1188,1992,45301,642095,2.2265900000000003,0.999178,SWE,HUN,7129
8,103,1188,1992,0,1571,0.043179,0.553408,ARG,IDN,7129
14,103,1188,1992,4526,0,0.083812,0.637224,AUS,IDN,7129
18,103,1188,1992,456742,0,1.449085,1.622957,BEL,IDN,7129
41,103,1188,1992,2171668,0,2.24952,1.014945,CHE,IDN,7129
43,103,1188,1992,16323,0,0.269411,1.920075,CHN,IDN,7129
61,103,1188,1992,2549048,74891,2.2968349999999997,-2.581569,DEU,IDN,7129
77,103,1188,1992,6048818,0,1.682766,1.2713430000000001,FRA,IDN,7129
81,103,1188,1992,380096,0,1.8901810000000001,0.9274030000000001,GBR,IDN,7129
97,103,1188,1992,4277,0,0.754112,1.911201,HKG,IDN,7129
102,103,1188,1992,2640,0,0.9144620000000001,2.157041,HUN,IDN,7129
108,103,1188,1992,5844,0,-1.162989,-0.8323229999999999,IRQ,IDN,7129
111,103,1188,1992,7289,0,1.7819,0.981246,ITA,IDN,7129
114,103,1188,1992,76797824,0,2.451698,0.875639,JPN,IDN,7129
121,103,1188,1992,90976,0,0.778066,1.3011139999999999,KOR,IDN,7129
153,103,1188,1992,46259,1144,0.14268499999999998,0.370079,MYS,IDN,7129
162,103,1188,1992,83626,0,1.4315069999999999,1.7107450000000002,NLD,IDN,7129
166,103,1188,1992,28616,0,0.41866000000000003,0.580581,NZL,IDN,7129
192,103,1188,1992,135767,1451,0.95691,0.892702,SGP,IDN,7129
208,103,1188,1992,16733,0,2.2265900000000003,0.999178,SWE,IDN,7129
231,103,1188,1992,7519210,0,1.660693,1.289752,USA,IDN,7129
249,103,1188,1992,31540,0,1.3694790000000001,1.6227559999999999,TWN,IDN,7129
7,104,1188,1992,0,16151,-0.495518,-0.963358,ARE,IND,7129
14,104,1188,1992,0,3228,0.083812,0.637224,AUS,IND,7129
15,104,1188,1992,2388464,0,1.975207,0.669388,AUT,IND,7129
18,104,1188,1992,54246,0,1.449085,1.622957,BEL,IND,7129
22,104,1188,1992,0,2288,-0.608254,-0.921751,BGD,IND,7129
39,104,1188,1992,33349,0,0.74703,1.096791,CAN,IND,7129
41,104,1188,1992,3437,0,2.24952,1.014945,CHE,IND,7129
53,104,1188,1992,64915,0,1.116966,2.225331,CSK,IND,7129
58,104,1188,1992,0,39991,0.471516,0.668776,CYP,IND,7129
61,104,1188,1992,10680377,124245,2.2968349999999997,-2.581569,DEU,IND,7129
77,104,1188,1992,2072011,0,1.682766,1.2713430000000001,FRA,IND,7129
81,104,1188,1992,7314788,54692,1.8901810000000001,0.9274030000000001,GBR,IND,7129
111,104,1188,1992,4380702,0,1.7819,0.981246,ITA,IND,7129
114,104,1188,1992,38617304,0,2.451698,0.875639,JPN,IND,7129
142,104,1188,1992,0,1475,0.828211,0.29226599999999997,MLT,IND,7129
153,104,1188,1992,0,55240,0.14268499999999998,0.370079,MYS,IND,7129
162,104,1188,1992,22982,0,1.4315069999999999,1.7107450000000002,NLD,IND,7129
177,104,1188,1992,1270761,0,0.581166,2.070795,POL,IND,7129
185,104,1188,1992,132484,0,0.838817,1.358629,ROU,IND,7129
186,104,1188,1992,211201,0,0.071799,0.14036099999999999,RUS,IND,7129
188,104,1188,1992,0,1951,0.416315,-0.7342489999999999,SAU,IND,7129
192,104,1188,1992,47521,23410,0.95691,0.892702,SGP,IND,7129
208,104,1188,1992,18833,0,2.2265900000000003,0.999178,SWE,IND,7129
216,104,1188,1992,1819,0,0.109518,1.486578,THA,IND,7129
224,104,1188,1992,0,30400,0.160966,1.154796,TUR,IND,7129
231,104,1188,1992,8028666,0,1.660693,1.289752,USA,IND,7129
246,104,1188,1992,0,2462,0.236335,1.415622,ZAF,IND,7129
61,113,1188,1992,1284531,0,2.2968349999999997,-2.581569,DEU,JOR,7129
77,113,1188,1992,1531,0,1.682766,1.2713430000000001,FRA,JOR,7129
81,113,1188,1992,1103,0,1.8901810000000001,0.9274030000000001,GBR,JOR,7129
111,113,1188,1992,352718,0,1.7819,0.981246,ITA,JOR,7129
114,113,1188,1992,5336,0,2.451698,0.875639,JPN,JOR,7129
224,113,1188,1992,42499,0,0.160966,1.154796,TUR,JOR,7129
231,113,1188,1992,24503,0,1.660693,1.289752,USA,JOR,7129
7,114,1188,1992,1650,451676,-0.495518,-0.963358,ARE,JPN,7129
8,114,1188,1992,0,76397,0.043179,0.553408,ARG,JPN,7129
14,114,1188,1992,31078,729566,0.083812,0.637224,AUS,JPN,7129
15,114,1188,1992,159007,433336,1.975207,0.669388,AUT,JPN,7129
18,114,1188,1992,0,97063,1.449085,1.622957,BEL,JPN,7129
22,114,1188,1992,0,867793,-0.608254,-0.921751,BGD,JPN,7129
24,114,1188,1992,0,9434,0.047396,-0.554517,BHR,JPN,7129
25,114,1188,1992,0,131178,0.181088,-0.591638,BHS,JPN,7129
31,114,1188,1992,0,9540,-0.609826,-0.693473,BOL,JPN,7129
32,114,1188,1992,0,1558604,0.685144,1.5676709999999998,BRA,JPN,7129
34,114,1188,1992,0,379811,-1.142722,-0.818717,BRN,JPN,7129
39,114,1188,1992,398660,2944399,0.74703,1.096791,CAN,JPN,7129
41,114,1188,1992,131673,0,2.24952,1.014945,CHE,JPN,7129
42,114,1188,1992,0,1077042,-0.188106,-0.360151,CHL,JPN,7129
43,114,1188,1992,130205,3454423,0.269411,1.920075,CHN,JPN,7129
49,114,1188,1992,0,1856684,0.022895,0.22971799999999998,COL,JPN,7129
52,114,1188,1992,0,903281,0.11654,0.191873,CRI,JPN,7129
58,114,1188,1992,0,8998,0.471516,0.668776,CYP,JPN,7129
61,114,1188,1992,2190758,488935,2.2968349999999997,-2.581569,DEU,JPN,7129
64,114,1188,1992,31277,0,1.696464,1.365743,DNK,JPN,7129
65,114,1188,1992,0,3182,-0.338979,-0.5049279999999999,DOM,JPN,7129
66,114,1188,1992,0,54994,-0.24189699999999997,-0.9399219999999999,DZA,JPN,7129
68,114,1188,1992,0,111448,-0.102143,-0.17513499999999999,EGY,JPN,7129
71,114,1188,1992,0,2951476,1.301511,1.730441,ESP,JPN,7129
75,114,1188,1992,0,1693,-0.573887,-0.6382680000000001,FJI,JPN,7129
77,114,1188,1992,39518,108713,1.682766,1.2713430000000001,FRA,JPN,7129
81,114,1188,1992,223472,1226134,1.8901810000000001,0.9274030000000001,GBR,JPN,7129
83,114,1188,1992,0,3449664,-0.936314,-0.935839,GHA,JPN,7129
86,114,1188,1992,0,43791,0.68221,-0.319682,GLP,JPN,7129
90,114,1188,1992,0,4792,0.139504,0.743678,GRC,JPN,7129
96,114,1188,1992,0,192050,-0.6447689999999999,-0.808177,GUY,JPN,7129
97,114,1188,1992,66367,616610,0.754112,1.911201,HKG,JPN,7129
99,114,1188,1992,0,9230,-0.5100640000000001,-0.38205900000000004,HND,JPN,7129
103,114,1188,1992,0,76797824,-0.5250670000000001,0.717568,IDN,JPN,7129
104,114,1188,1992,0,38617304,0.101094,1.6851180000000001,IND,JPN,7129
107,114,1188,1992,0,5663190,-1.195108,-1.135155,IRN,JPN,7129
111,114,1188,1992,13799,43890,1.7819,0.981246,ITA,JPN,7129
112,114,1188,1992,0,1327,-0.200329,-0.595741,JAM,JPN,7129
113,114,1188,1992,0,5336,0.716964,0.5323760000000001,JOR,JPN,7129
121,114,1188,1992,139498,2456622,0.778066,1.3011139999999999,KOR,JPN,7129
122,114,1188,1992,0,2887465,-1.2360950000000002,-1.061771,KWT,JPN,7129
125,114,1188,1992,0,241691,-0.790557,-0.9978870000000001,LBR,JPN,7129
134,114,1188,1992,0,54700,-0.339711,-0.265987,MAR,JPN,7129
138,114,1188,1992,0,22886882,0.9039370000000001,0.965842,MEX,JPN,7129
143,114,1188,1992,0,184550,-1.030267,-0.770368,MMR,JPN,7129
146,114,1188,1992,0,134195,0.776187,-0.686247,MNP,JPN,7129
153,114,1188,1992,35334,1567012,0.14268499999999998,0.370079,MYS,JPN,7129
159,114,1188,1992,0,727849,-2.275923,-1.178983,NGA,JPN,7129
162,114,1188,1992,5490,655902,1.4315069999999999,1.7107450000000002,NLD,JPN,7129
166,114,1188,1992,0,9677,0.41866000000000003,0.580581,NZL,JPN,7129
167,114,1188,1992,0,6484,-0.906702,-1.0716709999999998,OMN,JPN,7129
168,114,1188,1992,0,113049,-0.480152,-0.361705,PAK,JPN,7129
173,114,1188,1992,0,81306,-0.286545,-0.264638,PER,JPN,7129
174,114,1188,1992,1341288,4340502,-0.139761,0.772109,PHL,JPN,7129
177,114,1188,1992,0,32959,0.581166,2.070795,POL,JPN,7129
179,114,1188,1992,0,46975,0.47505,0.8402860000000001,PRT,JPN,7129
186,114,1188,1992,0,537252,0.071799,0.14036099999999999,RUS,JPN,7129
188,114,1188,1992,0,2342191,0.416315,-0.7342489999999999,SAU,JPN,7129
189,114,1188,1992,0,798407,0.9474950000000001,2.442268,SCG,JPN,7129
192,114,1188,1992,1854858,8234520,0.95691,0.892702,SGP,JPN,7129
197,114,1188,1992,0,141639,0.396523,0.47548900000000005,SLV,JPN,7129
207,114,1188,1992,0,351641,1.3270629999999999,1.605534,SVN,JPN,7129
208,114,1188,1992,97643,19958,2.2265900000000003,0.999178,SWE,JPN,7129
216,114,1188,1992,31239,3394056,0.109518,1.486578,THA,JPN,7129
222,114,1188,1992,0,15766,0.43506000000000006,-0.43233599999999994,TTO,JPN,7129
223,114,1188,1992,0,28530,0.14482,-0.13608,TUN,JPN,7129
224,114,1188,1992,0,212905,0.160966,1.154796,TUR,JPN,7129
230,114,1188,1992,0,2827,0.242758,0.711781,URY,JPN,7129
231,114,1188,1992,4525638,24172578,1.660693,1.289752,USA,JPN,7129
236,114,1188,1992,0,13047288,-0.106385,-0.65975,VEN,JPN,7129
239,114,1188,1992,0,97594,-0.989259,-0.43416099999999996,VNM,JPN,7129
246,114,1188,1992,0,18855,0.236335,1.415622,ZAF,JPN,7129
249,114,1188,1992,0,2552934,1.3694790000000001,1.6227559999999999,TWN,JPN,7129
61,128,1188,1992,2753,0,2.2968349999999997,-2.581569,DEU,LKA,7129
77,128,1188,1992,4514,0,1.682766,1.2713430000000001,FRA,LKA,7129
81,128,1188,1992,64410,137249,1.8901810000000001,0.9274030000000001,GBR,LKA,7129
111,128,1188,1992,5449,0,1.7819,0.981246,ITA,LKA,7129
192,128,1188,1992,18367,0,0.95691,0.892702,SGP,LKA,7129
231,128,1188,1992,22721,0,1.660693,1.289752,USA,LKA,7129
15,138,1188,1992,82147,0,1.975207,0.669388,AUT,MEX,7129
18,138,1188,1992,62514,0,1.449085,1.622957,BEL,MEX,7129
30,138,1188,1992,2896069,0,0.302027,-0.450866,BMU,MEX,7129
39,138,1188,1992,209261,0,0.74703,1.096791,CAN,MEX,7129
41,138,1188,1992,283907,211307,2.24952,1.014945,CHE,MEX,7129
61,138,1188,1992,7807674,21995,2.2968349999999997,-2.581569,DEU,MEX,7129
64,138,1188,1992,8285,0,1.696464,1.365743,DNK,MEX,7129
74,138,1188,1992,81587,0,1.929661,1.3477,FIN,MEX,7129
77,138,1188,1992,18126806,4336,1.682766,1.2713430000000001,FRA,MEX,7129
81,138,1188,1992,2574,9070,1.8901810000000001,0.9274030000000001,GBR,MEX,7129
99,138,1188,1992,193339,0,-0.5100640000000001,-0.38205900000000004,HND,MEX,7129
111,138,1188,1992,9507437,1295,1.7819,0.981246,ITA,MEX,7129
114,138,1188,1992,22886882,0,2.451698,0.875639,JPN,MEX,7129
186,138,1188,1992,608273,0,0.071799,0.14036099999999999,RUS,MEX,7129
208,138,1188,1992,84428,0,2.2265900000000003,0.999178,SWE,MEX,7129
231,138,1188,1992,8584528,2263303,1.660693,1.289752,USA,MEX,7129
236,138,1188,1992,0,59631,-0.106385,-0.65975,VEN,MEX,7129
14,166,1188,1992,267915,5841,0.083812,0.637224,AUS,NZL,7129
15,166,1188,1992,81859,0,1.975207,0.669388,AUT,NZL,7129
41,166,1188,1992,1391,0,2.24952,1.014945,CHE,NZL,7129
61,166,1188,1992,29924,0,2.2968349999999997,-2.581569,DEU,NZL,7129
75,166,1188,1992,0,1834,-0.573887,-0.6382680000000001,FJI,NZL,7129
81,166,1188,1992,594889,20074,1.8901810000000001,0.9274030000000001,GBR,NZL,7129
103,166,1188,1992,0,28616,-0.5250670000000001,0.717568,IDN,NZL,7129
114,166,1188,1992,9677,0,2.451698,0.875639,JPN,NZL,7129
121,166,1188,1992,2797,0,0.778066,1.3011139999999999,KOR,NZL,7129
162,166,1188,1992,7800,0,1.4315069999999999,1.7107450000000002,NLD,NZL,7129
231,166,1188,1992,20503,40867,1.660693,1.289752,USA,NZL,7129
8,168,1188,1992,41431,0,0.043179,0.553408,ARG,PAK,7129
24,168,1188,1992,238703,0,0.047396,-0.554517,BHR,PAK,7129
39,168,1188,1992,9196,0,0.74703,1.096791,CAN,PAK,7129
43,168,1188,1992,942133,0,0.269411,1.920075,CHN,PAK,7129
53,168,1188,1992,761198,0,1.116966,2.225331,CSK,PAK,7129
61,168,1188,1992,1332614,132127,2.2968349999999997,-2.581569,DEU,PAK,7129
64,168,1188,1992,893830,0,1.696464,1.365743,DNK,PAK,7129
77,168,1188,1992,229627,2717,1.682766,1.2713430000000001,FRA,PAK,7129
81,168,1188,1992,350942,0,1.8901810000000001,0.9274030000000001,GBR,PAK,7129
97,168,1188,1992,1726,0,0.754112,1.911201,HKG,PAK,7129
111,168,1188,1992,88893,1186681,1.7819,0.981246,ITA,PAK,7129
114,168,1188,1992,113049,0,2.451698,0.875639,JPN,PAK,7129
163,168,1188,1992,10573,0,0.877965,0.444983,NOR,PAK,7129
186,168,1188,1992,55651,0,0.071799,0.14036099999999999,RUS,PAK,7129
188,168,1188,1992,0,24918,0.416315,-0.7342489999999999,SAU,PAK,7129
189,168,1188,1992,174671,0,0.9474950000000001,2.442268,SCG,PAK,7129
192,168,1188,1992,5828,24218,0.95691,0.892702,SGP,PAK,7129
208,168,1188,1992,28182,0,2.2265900000000003,0.999178,SWE,PAK,7129
231,168,1188,1992,388751,0,1.660693,1.289752,USA,PAK,7129
249,168,1188,1992,40318,0,1.3694790000000001,1.6227559999999999,TWN,PAK,7129
15,177,1188,1992,0,327841,1.975207,0.669388,AUT,POL,7129
18,177,1188,1992,239942,0,1.449085,1.622957,BEL,POL,7129
41,177,1188,1992,3790366,1342631,2.24952,1.014945,CHE,POL,7129
53,177,1188,1992,61405,731520,1.116966,2.225331,CSK,POL,7129
61,177,1188,1992,4128480,5159204,2.2968349999999997,-2.581569,DEU,POL,7129
74,177,1188,1992,0,2940738,1.929661,1.3477,FIN,POL,7129
77,177,1188,1992,34403,15122,1.682766,1.2713430000000001,FRA,POL,7129
81,177,1188,1992,612550,529771,1.8901810000000001,0.9274030000000001,GBR,POL,7129
90,177,1188,1992,0,15743,0.139504,0.743678,GRC,POL,7129
102,177,1188,1992,1068409,6747,0.9144620000000001,2.157041,HUN,POL,7129
104,177,1188,1992,0,1270761,0.101094,1.6851180000000001,IND,POL,7129
111,177,1188,1992,0,255201,1.7819,0.981246,ITA,POL,7129
114,177,1188,1992,32959,0,2.451698,0.875639,JPN,POL,7129
162,177,1188,1992,156951,6404548,1.4315069999999999,1.7107450000000002,NLD,POL,7129
186,177,1188,1992,237465,0,0.071799,0.14036099999999999,RUS,POL,7129
189,177,1188,1992,0,36535,0.9474950000000001,2.442268,SCG,POL,7129
208,177,1188,1992,1921947,8796,2.2265900000000003,0.999178,SWE,POL,7129
224,177,1188,1992,0,7370968,0.160966,1.154796,TUR,POL,7129
231,177,1188,1992,44179,1454746,1.660693,1.289752,USA,POL,7129
15,185,1188,1992,743,0,1.975207,0.669388,AUT,ROU,7129
49,185,1188,1992,0,4230,0.022895,0.22971799999999998,COL,ROU,7129
61,185,1188,1992,437949,104177,2.2968349999999997,-2.581569,DEU,ROU,7129
104,185,1188,1992,0,132484,0.101094,1.6851180000000001,IND,ROU,7129
231,185,1188,1992,43757,0,1.660693,1.289752,USA,ROU,7129
15,188,1188,1992,18114,0,1.975207,0.669388,AUT,SAU,7129
18,188,1188,1992,4011,0,1.449085,1.622957,BEL,SAU,7129
39,188,1188,1992,369674,0,0.74703,1.096791,CAN,SAU,7129
41,188,1188,1992,6284856,0,2.24952,1.014945,CHE,SAU,7129
61,188,1188,1992,2272012,49812,2.2968349999999997,-2.581569,DEU,SAU,7129
77,188,1188,1992,176735,0,1.682766,1.2713430000000001,FRA,SAU,7129
81,188,1188,1992,653620,69421,1.8901810000000001,0.9274030000000001,GBR,SAU,7129
90,188,1188,1992,15710,0,0.139504,0.743678,GRC,SAU,7129
104,188,1188,1992,1951,0,0.101094,1.6851180000000001,IND,SAU,7129
106,188,1188,1992,9398,0,1.454172,1.397052,IRL,SAU,7129
111,188,1188,1992,525948,0,1.7819,0.981246,ITA,SAU,7129
114,188,1188,1992,2342191,0,2.451698,0.875639,JPN,SAU,7129
124,188,1188,1992,0,9214,0.186135,0.800906,LBN,SAU,7129
162,188,1188,1992,2443,37884,1.4315069999999999,1.7107450000000002,NLD,SAU,7129
168,188,1188,1992,24918,0,-0.480152,-0.361705,PAK,SAU,7129
231,188,1188,1992,18905258,0,1.660693,1.289752,USA,SAU,7129
249,188,1188,1992,1706,0,1.3694790000000001,1.6227559999999999,TWN,SAU,7129
15,189,1188,1992,0,739334,1.975207,0.669388,AUT,SCG,7129
41,189,1188,1992,161548,0,2.24952,1.014945,CHE,SCG,7129
61,189,1188,1992,1300890,89591,2.2968349999999997,-2.581569,DEU,SCG,7129
74,189,1188,1992,5033,0,1.929661,1.3477,FIN,SCG,7129
77,189,1188,1992,568394,0,1.682766,1.2713430000000001,FRA,SCG,7129
81,189,1188,1992,5968,0,1.8901810000000001,0.9274030000000001,GBR,SCG,7129
100,189,1188,1992,0,20136,0.877872,1.726188,HRV,SCG,7129
102,189,1188,1992,959432,472991,0.9144620000000001,2.157041,HUN,SCG,7129
111,189,1188,1992,14986,0,1.7819,0.981246,ITA,SCG,7129
114,189,1188,1992,798407,0,2.451698,0.875639,JPN,SCG,7129
162,189,1188,1992,2956,0,1.4315069999999999,1.7107450000000002,NLD,SCG,7129
168,189,1188,1992,0,174671,-0.480152,-0.361705,PAK,SCG,7129
177,189,1188,1992,36535,0,0.581166,2.070795,POL,SCG,7129
192,189,1188,1992,0,7538,0.95691,0.892702,SGP,SCG,7129
208,189,1188,1992,994,0,2.2265900000000003,0.999178,SWE,SCG,7129
224,189,1188,1992,0,1397,0.160966,1.154796,TUR,SCG,7129
231,189,1188,1992,461302,0,1.660693,1.289752,USA,SCG,7129
7,192,1188,1992,837311,90362,-0.495518,-0.963358,ARE,SGP,7129
14,192,1188,1992,50135,21116,0.083812,0.637224,AUS,SGP,7129
15,192,1188,1992,4771,0,1.975207,0.669388,AUT,SGP,7129
22,192,1188,1992,0,6774,-0.608254,-0.921751,BGD,SGP,7129
32,192,1188,1992,1495,0,0.685144,1.5676709999999998,BRA,SGP,7129
34,192,1188,1992,3781,168830,-1.142722,-0.818717,BRN,SGP,7129
39,192,1188,1992,10159,69360,0.74703,1.096791,CAN,SGP,7129
43,192,1188,1992,296032,99136,0.269411,1.920075,CHN,SGP,7129
61,192,1188,1992,2089843,59144,2.2968349999999997,-2.581569,DEU,SGP,7129
64,192,1188,1992,2934,0,1.696464,1.365743,DNK,SGP,7129
77,192,1188,1992,19092,0,1.682766,1.2713430000000001,FRA,SGP,7129
81,192,1188,1992,671732,38906,1.8901810000000001,0.9274030000000001,GBR,SGP,7129
97,192,1188,1992,17966,24467,0.754112,1.911201,HKG,SGP,7129
103,192,1188,1992,1451,135767,-0.5250670000000001,0.717568,IDN,SGP,7129
104,192,1188,1992,23410,47521,0.101094,1.6851180000000001,IND,SGP,7129
107,192,1188,1992,0,42393,-1.195108,-1.135155,IRN,SGP,7129
111,192,1188,1992,34110,19468,1.7819,0.981246,ITA,SGP,7129
114,192,1188,1992,8234520,1854858,2.451698,0.875639,JPN,SGP,7129
121,192,1188,1992,71843,654178,0.778066,1.3011139999999999,KOR,SGP,7129
128,192,1188,1992,0,18367,-0.45780600000000005,-0.221948,LKA,SGP,7129
137,192,1188,1992,0,1354,-0.501228,-0.8746290000000001,MDV,SGP,7129
151,192,1188,1992,0,13022,-0.249558,-0.643201,MUS,SGP,7129
153,192,1188,1992,1279171,503462,0.14268499999999998,0.370079,MYS,SGP,7129
162,192,1188,1992,91996,115053,1.4315069999999999,1.7107450000000002,NLD,SGP,7129
163,192,1188,1992,15120,0,0.877965,0.444983,NOR,SGP,7129
168,192,1188,1992,24218,5828,-0.480152,-0.361705,PAK,SGP,7129
174,192,1188,1992,4906,15483,-0.139761,0.772109,PHL,SGP,7129
176,192,1188,1992,0,9765,-1.602221,-1.058247,PNG,SGP,7129
186,192,1188,1992,10473,1965,0.071799,0.14036099999999999,RUS,SGP,7129
189,192,1188,1992,7538,0,0.9474950000000001,2.442268,SCG,SGP,7129
208,192,1188,1992,297887,0,2.2265900000000003,0.999178,SWE,SGP,7129
216,192,1188,1992,1038,62666,0.109518,1.486578,THA,SGP,7129
231,192,1188,1992,565321,775552,1.660693,1.289752,USA,SGP,7129
239,192,1188,1992,0,32844,-0.989259,-0.43416099999999996,VNM,SGP,7129
249,192,1188,1992,18946,9634,1.3694790000000001,1.6227559999999999,TWN,SGP,7129
250,192,1188,1992,0,28877,0.989994,0.977453,ANS,SGP,7129
15,207,1188,1992,58703,727113,1.975207,0.669388,AUT,SVN,7129
41,207,1188,1992,95702,0,2.24952,1.014945,CHE,SVN,7129
61,207,1188,1992,203705,1469491,2.2968349999999997,-2.581569,DEU,SVN,7129
100,207,1188,1992,80867,34963,0.877872,1.726188,HRV,SVN,7129
114,207,1188,1992,351641,0,2.451698,0.875639,JPN,SVN,7129
208,207,1188,1992,907,0,2.2265900000000003,0.999178,SWE,SVN,7129
231,207,1188,1992,6521,0,1.660693,1.289752,USA,SVN,7129
7,208,1188,1992,0,2843908,-0.495518,-0.963358,ARE,SWE,7129
8,208,1188,1992,0,22224,0.043179,0.553408,ARG,SWE,7129
14,208,1188,1992,31054,11841,0.083812,0.637224,AUS,SWE,7129
15,208,1188,1992,6686,1818,1.975207,0.669388,AUT,SWE,7129
18,208,1188,1992,718202,2003670,1.449085,1.622957,BEL,SWE,7129
24,208,1188,1992,0,9629,0.047396,-0.554517,BHR,SWE,7129
32,208,1188,1992,0,1376063,0.685144,1.5676709999999998,BRA,SWE,7129
33,208,1188,1992,0,14876,0.9121950000000001,0.413592,BRB,SWE,7129
39,208,1188,1992,4107,687362,0.74703,1.096791,CAN,SWE,7129
41,208,1188,1992,1423259,566719,2.24952,1.014945,CHE,SWE,7129
42,208,1188,1992,0,7900,-0.188106,-0.360151,CHL,SWE,7129
43,208,1188,1992,0,17680,0.269411,1.920075,CHN,SWE,7129
44,208,1188,1992,0,3438,-1.689731,-1.070179,CIV,SWE,7129
45,208,1188,1992,0,13921,-2.0470759999999997,-1.184491,CMR,SWE,7129
53,208,1188,1992,262024,0,1.116966,2.225331,CSK,SWE,7129
61,208,1188,1992,3045950,614840,2.2968349999999997,-2.581569,DEU,SWE,7129
64,208,1188,1992,149386,260628,1.696464,1.365743,DNK,SWE,7129
68,208,1188,1992,0,197972,-0.102143,-0.17513499999999999,EGY,SWE,7129
71,208,1188,1992,8973,1897093,1.301511,1.730441,ESP,SWE,7129
72,208,1188,1992,0,48810,0.22019699999999998,0.0198,EST,SWE,7129
73,208,1188,1992,0,37892,-1.036482,-1.078446,ETH,SWE,7129
74,208,1188,1992,175196,5245857,1.929661,1.3477,FIN,SWE,7129
77,208,1188,1992,1600880,1616452,1.682766,1.2713430000000001,FRA,SWE,7129
81,208,1188,1992,4291327,3829917,1.8901810000000001,0.9274030000000001,GBR,SWE,7129
90,208,1188,1992,0,67112,0.139504,0.743678,GRC,SWE,7129
96,208,1188,1992,0,8485,-0.6447689999999999,-0.808177,GUY,SWE,7129
97,208,1188,1992,0,4474,0.754112,1.911201,HKG,SWE,7129
102,208,1188,1992,642095,45301,0.9144620000000001,2.157041,HUN,SWE,7129
103,208,1188,1992,0,16733,-0.5250670000000001,0.717568,IDN,SWE,7129
104,208,1188,1992,0,18833,0.101094,1.6851180000000001,IND,SWE,7129
106,208,1188,1992,0,27275,1.454172,1.397052,IRL,SWE,7129
107,208,1188,1992,0,30758,-1.195108,-1.135155,IRN,SWE,7129
110,208,1188,1992,0,16700,1.354362,1.3260530000000001,ISR,SWE,7129
111,208,1188,1992,30410,1490719,1.7819,0.981246,ITA,SWE,7129
114,208,1188,1992,19958,97643,2.451698,0.875639,JPN,SWE,7129
121,208,1188,1992,0,430108,0.778066,1.3011139999999999,KOR,SWE,7129
133,208,1188,1992,0,7993,0.249034,-0.026864,MAC,SWE,7129
134,208,1188,1992,0,87330,-0.339711,-0.265987,MAR,SWE,7129
138,208,1188,1992,0,84428,0.9039370000000001,0.965842,MEX,SWE,7129
159,208,1188,1992,0,10827,-2.275923,-1.178983,NGA,SWE,7129
162,208,1188,1992,6338,3158437,1.4315069999999999,1.7107450000000002,NLD,SWE,7129
163,208,1188,1992,15753,212430,0.877965,0.444983,NOR,SWE,7129
168,208,1188,1992,0,28182,-0.480152,-0.361705,PAK,SWE,7129
177,208,1188,1992,8796,1921947,0.581166,2.070795,POL,SWE,7129
179,208,1188,1992,822615,31869,0.47505,0.8402860000000001,PRT,SWE,7129
189,208,1188,1992,0,994,0.9474950000000001,2.442268,SCG,SWE,7129
192,208,1188,1992,0,297887,0.95691,0.892702,SGP,SWE,7129
207,208,1188,1992,0,907,1.3270629999999999,1.605534,SVN,SWE,7129
216,208,1188,1992,0,17787,0.109518,1.486578,THA,SWE,7129
224,208,1188,1992,0,13743,0.160966,1.154796,TUR,SWE,7129
228,208,1188,1992,0,273565,0.375148,0.23747,UKR,SWE,7129
231,208,1188,1992,3546914,1345241,1.660693,1.289752,USA,SWE,7129
236,208,1188,1992,0,4876,-0.106385,-0.65975,VEN,SWE,7129
239,208,1188,1992,0,45215,-0.989259,-0.43416099999999996,VNM,SWE,7129
14,216,1188,1992,878170,0,0.083812,0.637224,AUS,THA,7129
41,216,1188,1992,198608,0,2.24952,1.014945,CHE,THA,7129
43,216,1188,1992,3624,0,0.269411,1.920075,CHN,THA,7129
53,216,1188,1992,36416,0,1.116966,2.225331,CSK,THA,7129
61,216,1188,1992,742954,0,2.2968349999999997,-2.581569,DEU,THA,7129
74,216,1188,1992,17433,0,1.929661,1.3477,FIN,THA,7129
77,216,1188,1992,7313568,0,1.682766,1.2713430000000001,FRA,THA,7129
81,216,1188,1992,161148,0,1.8901810000000001,0.9274030000000001,GBR,THA,7129
104,216,1188,1992,0,1819,0.101094,1.6851180000000001,IND,THA,7129
111,216,1188,1992,22785,0,1.7819,0.981246,ITA,THA,7129
114,216,1188,1992,3394056,31239,2.451698,0.875639,JPN,THA,7129
153,216,1188,1992,4820,0,0.14268499999999998,0.370079,MYS,THA,7129
192,216,1188,1992,62666,1038,0.95691,0.892702,SGP,THA,7129
208,216,1188,1992,17787,0,2.2265900000000003,0.999178,SWE,THA,7129
231,216,1188,1992,1565198,0,1.660693,1.289752,USA,THA,7129
249,216,1188,1992,31013,0,1.3694790000000001,1.6227559999999999,TWN,THA,7129
41,224,1188,1992,69622,0,2.24952,1.014945,CHE,TUR,7129
53,224,1188,1992,2560,0,1.116966,2.225331,CSK,TUR,7129
61,224,1188,1992,4450550,3376353,2.2968349999999997,-2.581569,DEU,TUR,7129
64,224,1188,1992,30846,0,1.696464,1.365743,DNK,TUR,7129
77,224,1188,1992,890653,0,1.682766,1.2713430000000001,FRA,TUR,7129
81,224,1188,1992,255140,11802,1.8901810000000001,0.9274030000000001,GBR,TUR,7129
104,224,1188,1992,30400,0,0.101094,1.6851180000000001,IND,TUR,7129
111,224,1188,1992,353490,4767,1.7819,0.981246,ITA,TUR,7129
113,224,1188,1992,0,42499,0.716964,0.5323760000000001,JOR,TUR,7129
114,224,1188,1992,212905,0,2.451698,0.875639,JPN,TUR,7129
162,224,1188,1992,39831,0,1.4315069999999999,1.7107450000000002,NLD,TUR,7129
177,224,1188,1992,7370968,0,0.581166,2.070795,POL,TUR,7129
189,224,1188,1992,1397,0,0.9474950000000001,2.442268,SCG,TUR,7129
208,224,1188,1992,13743,0,2.2265900000000003,0.999178,SWE,TUR,7129
231,224,1188,1992,40892,0,1.660693,1.289752,USA,TUR,7129
15,246,1188,1992,2022,0,1.975207,0.669388,AUT,ZAF,7129
41,246,1188,1992,4726539,0,2.24952,1.014945,CHE,ZAF,7129
61,246,1188,1992,7161869,440398,2.2968349999999997,-2.581569,DEU,ZAF,7129
64,246,1188,1992,29210,0,1.696464,1.365743,DNK,ZAF,7129
77,246,1188,1992,452380,0,1.682766,1.2713430000000001,FRA,ZAF,7129
81,246,1188,1992,2057408,64226,1.8901810000000001,0.9274030000000001,GBR,ZAF,7129
104,246,1188,1992,2462,0,0.101094,1.6851180000000001,IND,ZAF,7129
111,246,1188,1992,74938,0,1.7819,0.981246,ITA,ZAF,7129
114,246,1188,1992,18855,0,2.451698,0.875639,JPN,ZAF,7129
121,246,1188,1992,2106,206600,0.778066,1.3011139999999999,KOR,ZAF,7129
147,246,1188,1992,0,2036,-0.119653,-0.28381100000000004,MOZ,ZAF,7129
151,246,1188,1992,6303,0,-0.249558,-0.643201,MUS,ZAF,7129
152,246,1188,1992,0,3780,-1.368384,-1.205314,MWI,ZAF,7129
162,246,1188,1992,6782,4615,1.4315069999999999,1.7107450000000002,NLD,ZAF,7129
231,246,1188,1992,1393250,2228,1.660693,1.289752,USA,ZAF,7129
248,246,1188,1992,0,5812,-0.11168099999999999,0.143612,ZWE,ZAF,7129
250,246,1188,1992,1707,0,0.989994,0.977453,ANS,ZAF,7129
15,249,1188,1992,0,36730,1.975207,0.669388,AUT,TWN,7129
39,249,1188,1992,100074,17271,0.74703,1.096791,CAN,TWN,7129
41,249,1188,1992,51039,0,2.24952,1.014945,CHE,TWN,7129
46,249,1188,1992,0,14000,-1.55348,-1.100071,COD,TWN,7129
49,249,1188,1992,0,22367,0.022895,0.22971799999999998,COL,TWN,7129
61,249,1188,1992,1676137,115033,2.2968349999999997,-2.581569,DEU,TWN,7129
77,249,1188,1992,394761,0,1.682766,1.2713430000000001,FRA,TWN,7129
81,249,1188,1992,80740,1994,1.8901810000000001,0.9274030000000001,GBR,TWN,7129
97,249,1188,1992,2201,206186,0.754112,1.911201,HKG,TWN,7129
103,249,1188,1992,0,31540,-0.5250670000000001,0.717568,IDN,TWN,7129
107,249,1188,1992,0,63000,-1.195108,-1.135155,IRN,TWN,7129
111,249,1188,1992,21233,0,1.7819,0.981246,ITA,TWN,7129
114,249,1188,1992,2552934,0,2.451698,0.875639,JPN,TWN,7129
121,249,1188,1992,0,1870230,0.778066,1.3011139999999999,KOR,TWN,7129
168,249,1188,1992,0,40318,-0.480152,-0.361705,PAK,TWN,7129
174,249,1188,1992,0,8823,-0.139761,0.772109,PHL,TWN,7129
188,249,1188,1992,0,1706,0.416315,-0.7342489999999999,SAU,TWN,7129
192,249,1188,1992,9634,18946,0.95691,0.892702,SGP,TWN,7129
216,249,1188,1992,0,31013,0.109518,1.486578,THA,TWN,7129
222,249,1188,1992,0,11153,0.43506000000000006,-0.43233599999999994,TTO,TWN,7129
231,249,1188,1992,19652792,0,1.660693,1.289752,USA,TWN,7129
32,8,1188,1992,9209,0,0.685144,1.5676709999999998,BRA,ARG,7129
39,8,1188,1992,8668,0,0.74703,1.096791,CAN,ARG,7129
41,8,1188,1992,1061224,0,2.24952,1.014945,CHE,ARG,7129
42,8,1188,1992,0,8978,-0.188106,-0.360151,CHL,ARG,7129
61,8,1188,1992,6929080,0,2.2968349999999997,-2.581569,DEU,ARG,7129
77,8,1188,1992,46981,0,1.682766,1.2713430000000001,FRA,ARG,7129
81,8,1188,1992,19989,0,1.8901810000000001,0.9274030000000001,GBR,ARG,7129
103,8,1188,1992,1571,0,-0.5250670000000001,0.717568,IDN,ARG,7129
114,8,1188,1992,76397,0,2.451698,0.875639,JPN,ARG,7129
162,8,1188,1992,2255,0,1.4315069999999999,1.7107450000000002,NLD,ARG,7129
168,8,1188,1992,0,41431,-0.480152,-0.361705,PAK,ARG,7129
173,8,1188,1992,0,4931,-0.286545,-0.264638,PER,ARG,7129
179,8,1188,1992,1092,0,0.47505,0.8402860000000001,PRT,ARG,7129
180,8,1188,1992,0,4835,-0.906433,-0.787177,PRY,ARG,7129
208,8,1188,1992,22224,0,2.2265900000000003,0.999178,SWE,ARG,7129
231,8,1188,1992,401533,0,1.660693,1.289752,USA,ARG,7129
236,8,1188,1992,0,3940,-0.106385,-0.65975,VEN,ARG,7129
8,32,1188,1992,0,9209,0.043179,0.553408,ARG,BRA,7129
15,32,1188,1992,1611001,0,1.975207,0.669388,AUT,BRA,7129
31,32,1188,1992,44554,20865,-0.609826,-0.693473,BOL,BRA,7129
39,32,1188,1992,7166,0,0.74703,1.096791,CAN,BRA,7129
41,32,1188,1992,72808,0,2.24952,1.014945,CHE,BRA,7129
42,32,1188,1992,0,33950,-0.188106,-0.360151,CHL,BRA,7129
49,32,1188,1992,0,6583,0.022895,0.22971799999999998,COL,BRA,7129
61,32,1188,1992,3333147,62310,2.2968349999999997,-2.581569,DEU,BRA,7129
77,32,1188,1992,238314,0,1.682766,1.2713430000000001,FRA,BRA,7129
81,32,1188,1992,36630,2814,1.8901810000000001,0.9274030000000001,GBR,BRA,7129
111,32,1188,1992,85824,0,1.7819,0.981246,ITA,BRA,7129
114,32,1188,1992,1558604,0,2.451698,0.875639,JPN,BRA,7129
150,32,1188,1992,0,2372,0.70167,-0.075327,MTQ,BRA,7129
162,32,1188,1992,18892,0,1.4315069999999999,1.7107450000000002,NLD,BRA,7129
163,32,1188,1992,12720,0,0.877965,0.444983,NOR,BRA,7129
173,32,1188,1992,0,11282,-0.286545,-0.264638,PER,BRA,7129
180,32,1188,1992,0,3343,-0.906433,-0.787177,PRY,BRA,7129
192,32,1188,1992,0,1495,0.95691,0.892702,SGP,BRA,7129
208,32,1188,1992,1376063,0,2.2265900000000003,0.999178,SWE,BRA,7129
230,32,1188,1992,0,5493,0.242758,0.711781,URY,BRA,7129
231,32,1188,1992,511101,3017,1.660693,1.289752,USA,BRA,7129
236,32,1188,1992,0,92216,-0.106385,-0.65975,VEN,BRA,7129
15,58,1188,1992,173694,0,1.975207,0.669388,AUT,CYP,7129
18,58,1188,1992,7094,0,1.449085,1.622957,BEL,CYP,7129
61,58,1188,1992,32941,0,2.2968349999999997,-2.581569,DEU,CYP,7129
77,58,1188,1992,13111,0,1.682766,1.2713430000000001,FRA,CYP,7129
81,58,1188,1992,29655,0,1.8901810000000001,0.9274030000000001,GBR,CYP,7129
104,58,1188,1992,39991,0,0.101094,1.6851180000000001,IND,CYP,7129
111,58,1188,1992,5175,0,1.7819,0.981246,ITA,CYP,7129
114,58,1188,1992,8998,0,2.451698,0.875639,JPN,CYP,7129
142,58,1188,1992,0,7326,0.828211,0.29226599999999997,MLT,CYP,7129
162,58,1188,1992,2344,0,1.4315069999999999,1.7107450000000002,NLD,CYP,7129
231,58,1188,1992,76169,0,1.660693,1.289752,USA,CYP,7129
15,83,1188,1992,133234,0,1.975207,0.669388,AUT,GHA,7129
39,83,1188,1992,45571,0,0.74703,1.096791,CAN,GHA,7129
41,83,1188,1992,2895,0,2.24952,1.014945,CHE,GHA,7129
77,83,1188,1992,1086,0,1.682766,1.2713430000000001,FRA,GHA,7129
81,83,1188,1992,21291,3829,1.8901810000000001,0.9274030000000001,GBR,GHA,7129
111,83,1188,1992,25799,0,1.7819,0.981246,ITA,GHA,7129
114,83,1188,1992,3449664,0,2.451698,0.875639,JPN,GHA,7129
231,83,1188,1992,10032,0,1.660693,1.289752,USA,GHA,7129
15,90,1188,1992,36143,0,1.975207,0.669388,AUT,GRC,7129
41,90,1188,1992,11109271,0,2.24952,1.014945,CHE,GRC,7129
61,90,1188,1992,1147320,2984,2.2968349999999997,-2.581569,DEU,GRC,7129
77,90,1188,1992,219050,0,1.682766,1.2713430000000001,FRA,GRC,7129
81,90,1188,1992,204073,0,1.8901810000000001,0.9274030000000001,GBR,GRC,7129
100,90,1188,1992,52220,0,0.877872,1.726188,HRV,GRC,7129
111,90,1188,1992,4220,869787,1.7819,0.981246,ITA,GRC,7129
114,90,1188,1992,4792,0,2.451698,0.875639,JPN,GRC,7129
125,90,1188,1992,0,20003,-0.790557,-0.9978870000000001,LBR,GRC,7129
162,90,1188,1992,24112,0,1.4315069999999999,1.7107450000000002,NLD,GRC,7129
177,90,1188,1992,15743,0,0.581166,2.070795,POL,GRC,7129
179,90,1188,1992,7288,0,0.47505,0.8402860000000001,PRT,GRC,7129
188,90,1188,1992,0,15710,0.416315,-0.7342489999999999,SAU,GRC,7129
208,90,1188,1992,67112,0,2.2265900000000003,0.999178,SWE,GRC,7129
231,90,1188,1992,544225,0,1.660693,1.289752,USA,GRC,7129
39,116,1188,1992,153713,0,0.74703,1.096791,CAN,KEN,7129
61,116,1188,1992,427247,0,2.2968349999999997,-2.581569,DEU,KEN,7129
77,116,1188,1992,6873,0,1.682766,1.2713430000000001,FRA,KEN,7129
81,116,1188,1992,254563,0,1.8901810000000001,0.9274030000000001,GBR,KEN,7129
227,116,1188,1992,0,3706,-1.264399,-1.0359450000000001,UGA,KEN,7129
43,133,1188,1992,5774,0,0.269411,1.920075,CHN,MAC,7129
97,133,1188,1992,180968,0,0.754112,1.911201,HKG,MAC,7129
208,133,1188,1992,7993,0,2.2265900000000003,0.999178,SWE,MAC,7129
61,134,1188,1992,619707,24882,2.2968349999999997,-2.581569,DEU,MAR,7129
71,134,1188,1992,407164,0,1.301511,1.730441,ESP,MAR,7129
77,134,1188,1992,256666,0,1.682766,1.2713430000000001,FRA,MAR,7129
81,134,1188,1992,23750,563026,1.8901810000000001,0.9274030000000001,GBR,MAR,7129
111,134,1188,1992,859508,0,1.7819,0.981246,ITA,MAR,7129
114,134,1188,1992,54700,0,2.451698,0.875639,JPN,MAR,7129
186,134,1188,1992,1581,0,0.071799,0.14036099999999999,RUS,MAR,7129
208,134,1188,1992,87330,0,2.2265900000000003,0.999178,SWE,MAR,7129
15,142,1188,1992,21012,0,1.975207,0.669388,AUT,MLT,7129
39,142,1188,1992,62361,0,0.74703,1.096791,CAN,MLT,7129
41,142,1188,1992,3244,0,2.24952,1.014945,CHE,MLT,7129
58,142,1188,1992,7326,0,0.471516,0.668776,CYP,MLT,7129
61,142,1188,1992,4631,1399,2.2968349999999997,-2.581569,DEU,MLT,7129
64,142,1188,1992,2272,0,1.696464,1.365743,DNK,MLT,7129
77,142,1188,1992,112054,0,1.682766,1.2713430000000001,FRA,MLT,7129
81,142,1188,1992,64976,0,1.8901810000000001,0.9274030000000001,GBR,MLT,7129
104,142,1188,1992,1475,0,0.101094,1.6851180000000001,IND,MLT,7129
111,142,1188,1992,318112,0,1.7819,0.981246,ITA,MLT,7129
126,142,1188,1992,0,72558,-0.333309,-0.981883,LBY,MLT,7129
231,142,1188,1992,37243,0,1.660693,1.289752,USA,MLT,7129
32,150,1188,1992,2372,0,0.685144,1.5676709999999998,BRA,MTQ,7129
61,150,1188,1992,1488,0,2.2968349999999997,-2.581569,DEU,MTQ,7129
77,150,1188,1992,43169,275493,1.682766,1.2713430000000001,FRA,MTQ,7129
86,150,1188,1992,0,42410,0.68221,-0.319682,GLP,MTQ,7129
231,150,1188,1992,1549,0,1.660693,1.289752,USA,MTQ,7129
41,191,1188,1992,1195,0,2.24952,1.014945,CHE,SEN,7129
77,191,1188,1992,616662,0,1.682766,1.2713430000000001,FRA,SEN,7129
81,191,1188,1992,10399,0,1.8901810000000001,0.9274030000000001,GBR,SEN,7129
231,191,1188,1992,2654,0,1.660693,1.289752,USA,SEN,7129
41,248,1188,1992,3275,0,2.24952,1.014945,CHE,ZWE,7129
61,248,1188,1992,172768,0,2.2968349999999997,-2.581569,DEU,ZWE,7129
77,248,1188,1992,72288,0,1.682766,1.2713430000000001,FRA,ZWE,7129
81,248,1188,1992,13015,0,1.8901810000000001,0.9274030000000001,GBR,ZWE,7129
111,248,1188,1992,886446,0,1.7819,0.981246,ITA,ZWE,7129
246,248,1188,1992,5812,0,0.236335,1.415622,ZAF,ZWE,7129
8,236,1188,1992,3940,0,0.043179,0.553408,ARG,VEN,7129
32,236,1188,1992,92216,0,0.685144,1.5676709999999998,BRA,VEN,7129
39,236,1188,1992,161403,0,0.74703,1.096791,CAN,VEN,7129
41,236,1188,1992,288622,0,2.24952,1.014945,CHE,VEN,7129
52,236,1188,1992,23944,0,0.11654,0.191873,CRI,VEN,7129
61,236,1188,1992,73672,3182456,2.2968349999999997,-2.581569,DEU,VEN,7129
65,236,1188,1992,0,14064,-0.338979,-0.5049279999999999,DOM,VEN,7129
71,236,1188,1992,39912,0,1.301511,1.730441,ESP,VEN,7129
77,236,1188,1992,30576,0,1.682766,1.2713430000000001,FRA,VEN,7129
81,236,1188,1992,572642,0,1.8901810000000001,0.9274030000000001,GBR,VEN,7129
111,236,1188,1992,248455,59039,1.7819,0.981246,ITA,VEN,7129
114,236,1188,1992,13047288,0,2.451698,0.875639,JPN,VEN,7129
138,236,1188,1992,59631,0,0.9039370000000001,0.965842,MEX,VEN,7129
162,236,1188,1992,629901,55651,1.4315069999999999,1.7107450000000002,NLD,VEN,7129
208,236,1188,1992,4876,0,2.2265900000000003,0.999178,SWE,VEN,7129
231,236,1188,1992,4137348,1389,1.660693,1.289752,USA,VEN,7129
32,31,1188,1992,20865,44554,0.685144,1.5676709999999998,BRA,BOL,7129
42,31,1188,1992,0,1363,-0.188106,-0.360151,CHL,BOL,7129
81,31,1188,1992,3678,0,1.8901810000000001,0.9274030000000001,GBR,BOL,7129
114,31,1188,1992,9540,0,2.451698,0.875639,JPN,BOL,7129
231,31,1188,1992,24515,6678,1.660693,1.289752,USA,BOL,7129
41,67,1188,1992,10392,0,2.24952,1.014945,CHE,ECU,7129
61,67,1188,1992,36689,0,2.2968349999999997,-2.581569,DEU,ECU,7129
111,67,1188,1992,1839,0,1.7819,0.981246,ITA,ECU,7129
169,67,1188,1992,1427,0,0.289315,0.37247199999999997,PAN,ECU,7129
173,67,1188,1992,14154,0,-0.286545,-0.264638,PER,ECU,7129
231,67,1188,1992,539188,0,1.660693,1.289752,USA,ECU,7129
15,212,1188,1992,79000,0,1.975207,0.669388,AUT,SYR,7129
18,212,1188,1992,180083,1385,1.449085,1.622957,BEL,SYR,7129
41,212,1188,1992,253887,0,2.24952,1.014945,CHE,SYR,7129
61,212,1188,1992,894091,0,2.2968349999999997,-2.581569,DEU,SYR,7129
81,212,1188,1992,27110,0,1.8901810000000001,0.9274030000000001,GBR,SYR,7129
111,212,1188,1992,123618,0,1.7819,0.981246,ITA,SYR,7129
231,212,1188,1992,58077,0,1.660693,1.289752,USA,SYR,7129
15,66,1188,1992,16687,0,1.975207,0.669388,AUT,DZA,7129
39,66,1188,1992,87415,0,0.74703,1.096791,CAN,DZA,7129
41,66,1188,1992,72448,0,2.24952,1.014945,CHE,DZA,7129
61,66,1188,1992,309878,89297,2.2968349999999997,-2.581569,DEU,DZA,7129
77,66,1188,1992,802548,0,1.682766,1.2713430000000001,FRA,DZA,7129
81,66,1188,1992,566022,0,1.8901810000000001,0.9274030000000001,GBR,DZA,7129
111,66,1188,1992,156871,0,1.7819,0.981246,ITA,DZA,7129
114,66,1188,1992,54994,0,2.451698,0.875639,JPN,DZA,7129
231,66,1188,1992,1721240,0,1.660693,1.289752,USA,DZA,7129
81,29,1188,1992,9891,0,1.8901810000000001,0.9274030000000001,GBR,BLZ,7129
231,29,1188,1992,8457,0,1.660693,1.289752,USA,BLZ,7129
77,86,1188,1992,0,120602,1.682766,1.2713430000000001,FRA,GLP,7129
114,86,1188,1992,43791,0,2.451698,0.875639,JPN,GLP,7129
150,86,1188,1992,42410,0,0.70167,-0.075327,MTQ,GLP,7129
231,86,1188,1992,34632,0,1.660693,1.289752,USA,GLP,7129
250,86,1188,1992,4425,0,0.989994,0.977453,ANS,GLP,7129
39,96,1188,1992,39026,0,0.74703,1.096791,CAN,GUY,7129
81,96,1188,1992,93453,0,1.8901810000000001,0.9274030000000001,GBR,GUY,7129
82,96,1188,1992,50439,0,0.392506,-0.43089399999999994,GEO,GUY,7129
114,96,1188,1992,192050,0,2.451698,0.875639,JPN,GUY,7129
208,96,1188,1992,8485,0,2.2265900000000003,0.999178,SWE,GUY,7129
231,96,1188,1992,59026,0,1.660693,1.289752,USA,GUY,7129
39,112,1188,1992,3180,0,0.74703,1.096791,CAN,JAM,7129
41,112,1188,1992,169724,0,2.24952,1.014945,CHE,JAM,7129
61,112,1188,1992,521487,40884,2.2968349999999997,-2.581569,DEU,JAM,7129
81,112,1188,1992,6574,27940,1.8901810000000001,0.9274030000000001,GBR,JAM,7129
111,112,1188,1992,349968,0,1.7819,0.981246,ITA,JAM,7129
114,112,1188,1992,1327,0,2.451698,0.875639,JPN,JAM,7129
231,112,1188,1992,993679,40586,1.660693,1.289752,USA,JAM,7129
81,127,1188,1992,16143,0,1.8901810000000001,0.9274030000000001,GBR,LCA,7129
61,160,1188,1992,36311,0,2.2968349999999997,-2.581569,DEU,NIC,7129
111,160,1188,1992,11123,0,1.7819,0.981246,ITA,NIC,7129
8,173,1188,1992,4931,0,0.043179,0.553408,ARG,PER,7129
32,173,1188,1992,11282,0,0.685144,1.5676709999999998,BRA,PER,7129
39,173,1188,1992,3044,0,0.74703,1.096791,CAN,PER,7129
41,173,1188,1992,204718,0,2.24952,1.014945,CHE,PER,7129
61,173,1188,1992,4828,0,2.2968349999999997,-2.581569,DEU,PER,7129
67,173,1188,1992,0,14154,-0.815778,-0.9415459999999999,ECU,PER,7129
114,173,1188,1992,81306,0,2.451698,0.875639,JPN,PER,7129
162,173,1188,1992,1046,0,1.4315069999999999,1.7107450000000002,NLD,PER,7129
231,173,1188,1992,1406729,0,1.660693,1.289752,USA,PER,7129
8,180,1188,1992,4835,0,0.043179,0.553408,ARG,PRY,7129
32,180,1188,1992,3343,0,0.685144,1.5676709999999998,BRA,PRY,7129
81,180,1188,1992,81645,0,1.8901810000000001,0.9274030000000001,GBR,PRY,7129
231,180,1188,1992,4466,0,1.660693,1.289752,USA,PRY,7129
18,197,1188,1992,17704,0,1.449085,1.622957,BEL,SLV,7129
61,197,1188,1992,39444,0,2.2968349999999997,-2.581569,DEU,SLV,7129
81,197,1188,1992,41313,0,1.8901810000000001,0.9274030000000001,GBR,SLV,7129
114,197,1188,1992,141639,0,2.451698,0.875639,JPN,SLV,7129
231,197,1188,1992,85445,0,1.660693,1.289752,USA,SLV,7129
41,205,1188,1992,2207,0,2.24952,1.014945,CHE,SUR,7129
32,230,1188,1992,5493,0,0.685144,1.5676709999999998,BRA,URY,7129
61,230,1188,1992,11834,0,2.2968349999999997,-2.581569,DEU,URY,7129
81,230,1188,1992,7067,0,1.8901810000000001,0.9274030000000001,GBR,URY,7129
111,230,1188,1992,185304,0,1.7819,0.981246,ITA,URY,7129
114,230,1188,1992,2827,0,2.451698,0.875639,JPN,URY,7129
231,230,1188,1992,25069,0,1.660693,1.289752,USA,URY,7129
39,24,1188,1992,6620,0,0.74703,1.096791,CAN,BHR,7129
41,24,1188,1992,57024,0,2.24952,1.014945,CHE,BHR,7129
61,24,1188,1992,37809,0,2.2968349999999997,-2.581569,DEU,BHR,7129
81,24,1188,1992,8054,0,1.8901810000000001,0.9274030000000001,GBR,BHR,7129
111,24,1188,1992,29438,0,1.7819,0.981246,ITA,BHR,7129
114,24,1188,1992,9434,0,2.451698,0.875639,JPN,BHR,7129
162,24,1188,1992,2005,0,1.4315069999999999,1.7107450000000002,NLD,BHR,7129
168,24,1188,1992,0,238703,-0.480152,-0.361705,PAK,BHR,7129
208,24,1188,1992,9629,0,2.2265900000000003,0.999178,SWE,BHR,7129
231,24,1188,1992,266766,0,1.660693,1.289752,USA,BHR,7129
14,34,1188,1992,3007,0,0.083812,0.637224,AUS,BRN,7129
43,34,1188,1992,523,0,0.269411,1.920075,CHN,BRN,7129
61,34,1188,1992,15055,0,2.2968349999999997,-2.581569,DEU,BRN,7129
77,34,1188,1992,228903,0,1.682766,1.2713430000000001,FRA,BRN,7129
81,34,1188,1992,9257,0,1.8901810000000001,0.9274030000000001,GBR,BRN,7129
114,34,1188,1992,379811,0,2.451698,0.875639,JPN,BRN,7129
153,34,1188,1992,29817,0,0.14268499999999998,0.370079,MYS,BRN,7129
162,34,1188,1992,15948,0,1.4315069999999999,1.7107450000000002,NLD,BRN,7129
192,34,1188,1992,168830,3781,0.95691,0.892702,SGP,BRN,7129
231,34,1188,1992,7175,0,1.660693,1.289752,USA,BRN,7129
39,44,1188,1992,6327,0,0.74703,1.096791,CAN,CIV,7129
61,44,1188,1992,28050,0,2.2968349999999997,-2.581569,DEU,CIV,7129
77,44,1188,1992,4011620,0,1.682766,1.2713430000000001,FRA,CIV,7129
81,44,1188,1992,1629,0,1.8901810000000001,0.9274030000000001,GBR,CIV,7129
208,44,1188,1992,3438,0,2.2265900000000003,0.999178,SWE,CIV,7129
231,44,1188,1992,51218,0,1.660693,1.289752,USA,CIV,7129
18,46,1188,1992,17636,0,1.449085,1.622957,BEL,COD,7129
61,46,1188,1992,10337,0,2.2968349999999997,-2.581569,DEU,COD,7129
77,46,1188,1992,11882,0,1.682766,1.2713430000000001,FRA,COD,7129
163,46,1188,1992,12971,0,0.877965,0.444983,NOR,COD,7129
249,46,1188,1992,14000,0,1.3694790000000001,1.6227559999999999,TWN,COD,7129
15,53,1188,1992,27314,597636,1.975207,0.669388,AUT,CSK,7129
18,53,1188,1992,2744,7630,1.449085,1.622957,BEL,CSK,7129
22,53,1188,1992,0,25978,-0.608254,-0.921751,BGD,CSK,7129
23,53,1188,1992,0,53197,0.503161,1.871616,BGR,CSK,7129
41,53,1188,1992,0,19334,2.24952,1.014945,CHE,CSK,7129
43,53,1188,1992,0,13320,0.269411,1.920075,CHN,CSK,7129
61,53,1188,1992,3619523,4497000,2.2968349999999997,-2.581569,DEU,CSK,7129
64,53,1188,1992,17406,110104,1.696464,1.365743,DNK,CSK,7129
74,53,1188,1992,0,5916,1.929661,1.3477,FIN,CSK,7129
77,53,1188,1992,3989,0,1.682766,1.2713430000000001,FRA,CSK,7129
104,53,1188,1992,0,64915,0.101094,1.6851180000000001,IND,CSK,7129
111,53,1188,1992,179831,0,1.7819,0.981246,ITA,CSK,7129
168,53,1188,1992,0,761198,-0.480152,-0.361705,PAK,CSK,7129
177,53,1188,1992,731520,61405,0.581166,2.070795,POL,CSK,7129
208,53,1188,1992,0,262024,2.2265900000000003,0.999178,SWE,CSK,7129
216,53,1188,1992,0,36416,0.109518,1.486578,THA,CSK,7129
224,53,1188,1992,0,2560,0.160966,1.154796,TUR,CSK,7129
231,53,1188,1992,0,84040,1.660693,1.289752,USA,CSK,7129
43,54,1188,1992,335158,0,0.269411,1.920075,CHN,CUB,7129
61,54,1188,1992,1593900,0,2.2968349999999997,-2.581569,DEU,CUB,7129
71,54,1188,1992,17480,0,1.301511,1.730441,ESP,CUB,7129
77,54,1188,1992,7716,0,1.682766,1.2713430000000001,FRA,CUB,7129
81,54,1188,1992,206225,0,1.8901810000000001,0.9274030000000001,GBR,CUB,7129
111,54,1188,1992,1430,0,1.7819,0.981246,ITA,CUB,7129
77,62,1188,1992,19451,0,1.682766,1.2713430000000001,FRA,DJI,7129
208,72,1188,1992,48810,0,2.2265900000000003,0.999178,SWE,EST,7129
41,73,1188,1992,65591,0,2.24952,1.014945,CHE,ETH,7129
162,73,1188,1992,4434,0,1.4315069999999999,1.7107450000000002,NLD,ETH,7129
208,73,1188,1992,37892,0,2.2265900000000003,0.999178,SWE,ETH,7129
15,107,1188,1992,193404,0,1.975207,0.669388,AUT,IRN,7129
18,107,1188,1992,50534,0,1.449085,1.622957,BEL,IRN,7129
39,107,1188,1992,40173,0,0.74703,1.096791,CAN,IRN,7129
41,107,1188,1992,9166,0,2.24952,1.014945,CHE,IRN,7129
61,107,1188,1992,15803958,159263,2.2968349999999997,-2.581569,DEU,IRN,7129
77,107,1188,1992,1187602,0,1.682766,1.2713430000000001,FRA,IRN,7129
81,107,1188,1992,7403951,0,1.8901810000000001,0.9274030000000001,GBR,IRN,7129
111,107,1188,1992,2372239,0,1.7819,0.981246,ITA,IRN,7129
114,107,1188,1992,5663190,0,2.451698,0.875639,JPN,IRN,7129
192,107,1188,1992,42393,0,0.95691,0.892702,SGP,IRN,7129
208,107,1188,1992,30758,0,2.2265900000000003,0.999178,SWE,IRN,7129
231,107,1188,1992,111876,0,1.660693,1.289752,USA,IRN,7129
249,107,1188,1992,63000,0,1.3694790000000001,1.6227559999999999,TWN,IRN,7129
61,122,1188,1992,84344,17336,2.2968349999999997,-2.581569,DEU,KWT,7129
77,122,1188,1992,362114,0,1.682766,1.2713430000000001,FRA,KWT,7129
81,122,1188,1992,5611,0,1.8901810000000001,0.9274030000000001,GBR,KWT,7129
111,122,1188,1992,3170,0,1.7819,0.981246,ITA,KWT,7129
114,122,1188,1992,2887465,0,2.451698,0.875639,JPN,KWT,7129
231,122,1188,1992,215221,0,1.660693,1.289752,USA,KWT,7129
250,122,1188,1992,151592,0,0.989994,0.977453,ANS,KWT,7129
41,124,1188,1992,313577,0,2.24952,1.014945,CHE,LBN,7129
61,124,1188,1992,18007,0,2.2968349999999997,-2.581569,DEU,LBN,7129
77,124,1188,1992,6643,0,1.682766,1.2713430000000001,FRA,LBN,7129
81,124,1188,1992,28958,16792,1.8901810000000001,0.9274030000000001,GBR,LBN,7129
188,124,1188,1992,9214,0,0.416315,-0.7342489999999999,SAU,LBN,7129
231,124,1188,1992,9783,0,1.660693,1.289752,USA,LBN,7129
61,126,1188,1992,3226660,373427,2.2968349999999997,-2.581569,DEU,LBY,7129
77,126,1188,1992,47037,0,1.682766,1.2713430000000001,FRA,LBY,7129
81,126,1188,1992,284941,262367,1.8901810000000001,0.9274030000000001,GBR,LBY,7129
111,126,1188,1992,662705,13698,1.7819,0.981246,ITA,LBY,7129
142,126,1188,1992,72558,0,0.828211,0.29226599999999997,MLT,LBY,7129
162,126,1188,1992,2731238,2409764,1.4315069999999999,1.7107450000000002,NLD,LBY,7129
77,136,1188,1992,4499,0,1.682766,1.2713430000000001,FRA,MDG,7129
81,143,1188,1992,2367,0,1.8901810000000001,0.9274030000000001,GBR,MMR,7129
114,143,1188,1992,184550,0,2.451698,0.875639,JPN,MMR,7129
14,151,1188,1992,16566,0,0.083812,0.637224,AUS,MUS,7129
61,151,1188,1992,153383,43229,2.2968349999999997,-2.581569,DEU,MUS,7129
77,151,1188,1992,27416,0,1.682766,1.2713430000000001,FRA,MUS,7129
81,151,1188,1992,10429,0,1.8901810000000001,0.9274030000000001,GBR,MUS,7129
192,151,1188,1992,13022,0,0.95691,0.892702,SGP,MUS,7129
231,151,1188,1992,2144,0,1.660693,1.289752,USA,MUS,7129
246,151,1188,1992,0,6303,0.236335,1.415622,ZAF,MUS,7129
61,167,1188,1992,267933,0,2.2968349999999997,-2.581569,DEU,OMN,7129
81,167,1188,1992,114384,0,1.8901810000000001,0.9274030000000001,GBR,OMN,7129
111,167,1188,1992,3975,0,1.7819,0.981246,ITA,OMN,7129
114,167,1188,1992,6484,0,2.451698,0.875639,JPN,OMN,7129
61,183,1188,1992,29434,0,2.2968349999999997,-2.581569,DEU,QAT,7129
77,183,1188,1992,2822129,0,1.682766,1.2713430000000001,FRA,QAT,7129
81,183,1188,1992,0,1522,1.8901810000000001,0.9274030000000001,GBR,QAT,7129
111,183,1188,1992,6878,0,1.7819,0.981246,ITA,QAT,7129
231,183,1188,1992,15096,0,1.660693,1.289752,USA,QAT,7129
77,184,1188,1992,9050,0,1.682766,1.2713430000000001,FRA,REU,7129
22,186,1188,1992,0,1455319,-0.608254,-0.921751,BGD,RUS,7129
23,186,1188,1992,0,396806,0.503161,1.871616,BGR,RUS,7129
43,186,1188,1992,0,13772252,0.269411,1.920075,CHN,RUS,7129
61,186,1188,1992,361717,42434,2.2968349999999997,-2.581569,DEU,RUS,7129
74,186,1188,1992,0,220101,1.929661,1.3477,FIN,RUS,7129
77,186,1188,1992,1277822,0,1.682766,1.2713430000000001,FRA,RUS,7129
81,186,1188,1992,279447,41041,1.8901810000000001,0.9274030000000001,GBR,RUS,7129
100,186,1188,1992,1556867,357492,0.877872,1.726188,HRV,RUS,7129
104,186,1188,1992,0,211201,0.101094,1.6851180000000001,IND,RUS,7129
111,186,1188,1992,983077,0,1.7819,0.981246,ITA,RUS,7129
114,186,1188,1992,537252,0,2.451698,0.875639,JPN,RUS,7129
134,186,1188,1992,0,1581,-0.339711,-0.265987,MAR,RUS,7129
138,186,1188,1992,0,608273,0.9039370000000001,0.965842,MEX,RUS,7129
163,186,1188,1992,6151,0,0.877965,0.444983,NOR,RUS,7129
168,186,1188,1992,0,55651,-0.480152,-0.361705,PAK,RUS,7129
177,186,1188,1992,0,237465,0.581166,2.070795,POL,RUS,7129
192,186,1188,1992,1965,10473,0.95691,0.892702,SGP,RUS,7129
231,186,1188,1992,1496740,0,1.660693,1.289752,USA,RUS,7129
61,190,1188,1992,48036,1788,2.2968349999999997,-2.581569,DEU,SDN,7129
77,190,1188,1992,55654,0,1.682766,1.2713430000000001,FRA,SDN,7129
81,190,1188,1992,127740,44560,1.8901810000000001,0.9274030000000001,GBR,SDN,7129
81,211,1188,1992,4623,0,1.8901810000000001,0.9274030000000001,GBR,SYC,7129
61,223,1188,1992,262953,0,2.2968349999999997,-2.581569,DEU,TUN,7129
77,223,1188,1992,808873,0,1.682766,1.2713430000000001,FRA,TUN,7129
81,223,1188,1992,92435,915010,1.8901810000000001,0.9274030000000001,GBR,TUN,7129
111,223,1188,1992,7611,0,1.7819,0.981246,ITA,TUN,7129
114,223,1188,1992,28530,0,2.451698,0.875639,JPN,TUN,7129
162,223,1188,1992,991,0,1.4315069999999999,1.7107450000000002,NLD,TUN,7129
61,226,1188,1992,361754,0,2.2968349999999997,-2.581569,DEU,TZA,7129
81,226,1188,1992,113446,0,1.8901810000000001,0.9274030000000001,GBR,TZA,7129
162,226,1188,1992,39941,0,1.4315069999999999,1.7107450000000002,NLD,TZA,7129
81,239,1188,1992,8532,0,1.8901810000000001,0.9274030000000001,GBR,VNM,7129
114,239,1188,1992,97594,0,2.451698,0.875639,JPN,VNM,7129
153,239,1188,1992,1094,0,0.14268499999999998,0.370079,MYS,VNM,7129
192,239,1188,1992,32844,0,0.95691,0.892702,SGP,VNM,7129
208,239,1188,1992,45215,0,2.2265900000000003,0.999178,SWE,VNM,7129
39,243,1188,1992,394008,0,0.74703,1.096791,CAN,YEM,7129
111,243,1188,1992,15094,0,1.7819,0.981246,ITA,YEM,7129
231,243,1188,1992,58589,0,1.660693,1.289752,USA,YEM,7129
81,247,1188,1992,48926,0,1.8901810000000001,0.9274030000000001,GBR,ZMB,7129
18,250,1188,1992,12441,0,1.449085,1.622957,BEL,ANS,7129
39,250,1188,1992,0,75540,0.74703,1.096791,CAN,ANS,7129
71,250,1188,1992,28713,0,1.301511,1.730441,ESP,ANS,7129
77,250,1188,1992,0,2856551,1.682766,1.2713430000000001,FRA,ANS,7129
86,250,1188,1992,0,4425,0.68221,-0.319682,GLP,ANS,7129
111,250,1188,1992,23540,8241,1.7819,0.981246,ITA,ANS,7129
122,250,1188,1992,0,151592,-1.2360950000000002,-1.061771,KWT,ANS,7129
192,250,1188,1992,28877,0,0.95691,0.892702,SGP,ANS,7129
246,250,1188,1992,0,1707,0.236335,1.415622,ZAF,ANS,7129
71,2,1188,1992,8294,0,1.301511,1.730441,ESP,AGO,7129
81,2,1188,1992,1796,0,1.8901810000000001,0.9274030000000001,GBR,AGO,7129
39,6,1188,1992,22913,0,0.74703,1.096791,CAN,ANT,7129
61,6,1188,1992,124013,0,2.2968349999999997,-2.581569,DEU,ANT,7129
81,6,1188,1992,1868,0,1.8901810000000001,0.9274030000000001,GBR,ANT,7129
162,6,1188,1992,6381888,0,1.4315069999999999,1.7107450000000002,NLD,ANT,7129
231,6,1188,1992,36194,0,1.660693,1.289752,USA,ANT,7129
18,7,1188,1992,6054,0,1.449085,1.622957,BEL,ARE,7129
41,7,1188,1992,56495,0,2.24952,1.014945,CHE,ARE,7129
61,7,1188,1992,3516552,0,2.2968349999999997,-2.581569,DEU,ARE,7129
64,7,1188,1992,2048,0,1.696464,1.365743,DNK,ARE,7129
77,7,1188,1992,381883,0,1.682766,1.2713430000000001,FRA,ARE,7129
81,7,1188,1992,1414263,248359,1.8901810000000001,0.9274030000000001,GBR,ARE,7129
100,7,1188,1992,18298,0,0.877872,1.726188,HRV,ARE,7129
104,7,1188,1992,16151,0,0.101094,1.6851180000000001,IND,ARE,7129
111,7,1188,1992,2631703,0,1.7819,0.981246,ITA,ARE,7129
114,7,1188,1992,451676,1650,2.451698,0.875639,JPN,ARE,7129
162,7,1188,1992,15905,1628,1.4315069999999999,1.7107450000000002,NLD,ARE,7129
192,7,1188,1992,90362,837311,0.95691,0.892702,SGP,ARE,7129
208,7,1188,1992,2843908,0,2.2265900000000003,0.999178,SWE,ARE,7129
231,7,1188,1992,1083236,0,1.660693,1.289752,USA,ARE,7129
61,13,1188,1992,3083,0,2.2968349999999997,-2.581569,DEU,ATG,7129
81,13,1188,1992,1790,0,1.8901810000000001,0.9274030000000001,GBR,ATG,7129
114,25,1188,1992,131178,0,2.451698,0.875639,JPN,BHS,7129
231,25,1188,1992,145802,0,1.660693,1.289752,USA,BHS,7129
138,30,1188,1992,0,2896069,0.9039370000000001,0.965842,MEX,BMU,7129
231,30,1188,1992,3608,0,1.660693,1.289752,USA,BMU,7129
61,45,1188,1992,2000,0,2.2968349999999997,-2.581569,DEU,CMR,7129
77,45,1188,1992,140981,12663,1.682766,1.2713430000000001,FRA,CMR,7129
81,45,1188,1992,3109,0,1.8901810000000001,0.9274030000000001,GBR,CMR,7129
208,45,1188,1992,13921,0,2.2265900000000003,0.999178,SWE,CMR,7129
81,47,1188,1992,3684,0,1.8901810000000001,0.9274030000000001,GBR,COG,7129
162,51,1188,1992,1773,0,1.4315069999999999,1.7107450000000002,NLD,CPV,7129
61,80,1188,1992,4002,0,2.2968349999999997,-2.581569,DEU,GAB,7129
77,80,1188,1992,41017,0,1.682766,1.2713430000000001,FRA,GAB,7129
77,85,1188,1992,1184247,0,1.682766,1.2713430000000001,FRA,GIN,7129
14,110,1188,1992,0,7913,0.083812,0.637224,AUS,ISR,7129
18,110,1188,1992,0,30092,1.449085,1.622957,BEL,ISR,7129
41,110,1188,1992,213000,0,2.24952,1.014945,CHE,ISR,7129
61,110,1188,1992,1967491,69626,2.2968349999999997,-2.581569,DEU,ISR,7129
71,110,1188,1992,0,1642,1.301511,1.730441,ESP,ISR,7129
77,110,1188,1992,129490,0,1.682766,1.2713430000000001,FRA,ISR,7129
81,110,1188,1992,1453572,2815343,1.8901810000000001,0.9274030000000001,GBR,ISR,7129
109,110,1188,1992,0,57010,-0.076691,-0.630567,ISL,ISR,7129
208,110,1188,1992,16700,0,2.2265900000000003,0.999178,SWE,ISR,7129
231,110,1188,1992,5017392,110886,1.660693,1.289752,USA,ISR,7129
90,125,1188,1992,20003,0,0.139504,0.743678,GRC,LBR,7129
114,125,1188,1992,241691,0,2.451698,0.875639,JPN,LBR,7129
179,147,1188,1992,1464,0,0.47505,0.8402860000000001,PRT,MOZ,7129
246,147,1188,1992,2036,0,0.236335,1.415622,ZAF,MOZ,7129
246,152,1188,1992,3780,0,0.236335,1.415622,ZAF,MWI,7129
77,157,1188,1992,4553,0,1.682766,1.2713430000000001,FRA,NER,7129
41,159,1188,1992,19923,0,2.24952,1.014945,CHE,NGA,7129
61,159,1188,1992,5294618,270777,2.2968349999999997,-2.581569,DEU,NGA,7129
77,159,1188,1992,308037,0,1.682766,1.2713430000000001,FRA,NGA,7129
81,159,1188,1992,194287,0,1.8901810000000001,0.9274030000000001,GBR,NGA,7129
114,159,1188,1992,727849,0,2.451698,0.875639,JPN,NGA,7129
208,159,1188,1992,10827,0,2.2265900000000003,0.999178,SWE,NGA,7129
231,159,1188,1992,1689855,0,1.660693,1.289752,USA,NGA,7129
61,109,1188,1992,3947,0,2.2968349999999997,-2.581569,DEU,ISL,7129
110,109,1188,1992,57010,0,1.354362,1.3260530000000001,ISR,ISL,7129
61,26,1188,1992,33356,0,2.2968349999999997,-2.581569,DEU,BIH,7129
81,57,1188,1992,41149,0,1.8901810000000001,0.9274030000000001,GBR,CYM,7129
231,57,1188,1992,21000,0,1.660693,1.289752,USA,CYM,7129
14,75,1188,1992,4947,6211,0.083812,0.637224,AUS,FJI,7129
81,75,1188,1992,13215,0,1.8901810000000001,0.9274030000000001,GBR,FJI,7129
114,75,1188,1992,1693,0,2.451698,0.875639,JPN,FJI,7129
166,75,1188,1992,1834,0,0.41866000000000003,0.580581,NZL,FJI,7129
231,75,1188,1992,3340,0,1.660693,1.289752,USA,FJI,7129
81,76,1188,1992,1806,0,1.8901810000000001,0.9274030000000001,GBR,FLK,7129
162,78,1188,1992,5586,0,1.4315069999999999,1.7107450000000002,NLD,FRO,7129
64,92,1188,1992,2439,0,1.696464,1.365743,DNK,GRL,7129
163,92,1188,1992,365630,0,0.877965,0.444983,NOR,GRL,7129
77,101,1188,1992,58020,0,1.682766,1.2713430000000001,FRA,HTI,7129
14,119,1188,1992,1403,0,0.083812,0.637224,AUS,KIR,7129
81,137,1188,1992,37928,0,1.8901810000000001,0.9274030000000001,GBR,MDV,7129
192,137,1188,1992,1354,0,0.95691,0.892702,SGP,MDV,7129
114,146,1188,1992,134195,0,2.451698,0.875639,JPN,MNP,7129
14,156,1188,1992,24292,0,0.083812,0.637224,AUS,NCL,7129
77,156,1188,1992,57530,2029,1.682766,1.2713430000000001,FRA,NCL,7129
81,165,1188,1992,7900,0,1.8901810000000001,0.9274030000000001,GBR,NRU,7129
81,175,1188,1992,14923,0,1.8901810000000001,0.9274030000000001,GBR,PLW,7129
14,176,1188,1992,16530,1603,0.083812,0.637224,AUS,PNG,7129
81,176,1188,1992,1220,0,1.8901810000000001,0.9274030000000001,GBR,PNG,7129
192,176,1188,1992,9765,0,0.95691,0.892702,SGP,PNG,7129
43,178,1188,1992,5718,0,0.269411,1.920075,CHN,PRK,7129
81,178,1188,1992,5709,0,1.8901810000000001,0.9274030000000001,GBR,PRK,7129
77,182,1188,1992,27262,0,1.682766,1.2713430000000001,FRA,PYF,7129
14,195,1188,1992,4727,0,0.083812,0.637224,AUS,SLB,7129
61,195,1188,1992,2000,0,2.2968349999999997,-2.581569,DEU,SLB,7129
116,227,1188,1992,3706,0,-0.31818,-0.096856,KEN,UGA,7129
208,228,1188,1992,273565,0,2.2265900000000003,0.999178,SWE,UKR,7129
14,240,1188,1992,2328,0,0.083812,0.637224,AUS,VUT,7129
18,17,1188,1992,16005,0,1.449085,1.622957,BEL,BDI,7129
61,17,1188,1992,40052,0,2.2968349999999997,-2.581569,DEU,BDI,7129
77,21,1188,1992,69832,0,1.682766,1.2713430000000001,FRA,BFA,7129
96,82,1188,1992,0,50439,-0.6447689999999999,-0.808177,GUY,GEO,7129
18,84,1188,1992,0,13465,1.449085,1.622957,BEL,GIB,7129
61,84,1188,1992,6002,0,2.2968349999999997,-2.581569,DEU,GIB,7129
81,84,1188,1992,19689,0,1.8901810000000001,0.9274030000000001,GBR,GIB,7129
162,84,1188,1992,2810,0,1.4315069999999999,1.7107450000000002,NLD,GIB,7129
179,84,1188,1992,6276,0,0.47505,0.8402860000000001,PRT,GIB,7129
77,94,1188,1992,25494,0,1.682766,1.2713430000000001,FRA,GUF,7129
81,203,1188,1992,4948,0,1.8901810000000001,0.9274030000000001,GBR,STP,7129
231,0,1188,1992,661023,0,1.660693,1.289752,USA,ABW,7129
77,38,1188,1992,4346,0,1.682766,1.2713430000000001,FRA,CAF,7129
81,91,1188,1992,1352,0,1.8901810000000001,0.9274030000000001,GBR,GRD,7129
103,108,1188,1992,0,5844,-0.5250670000000001,0.717568,IDN,IRQ,7129
231,237,1188,1992,79451,0,1.660693,1.289752,USA,VGB,7129
231,3,1188,1992,3322,0,1.660693,1.289752,USA,AIA,7129
7,18,1191,1992,0,23531,-0.495518,-0.963358,ARE,BEL,7133
8,18,1191,1992,0,9750,0.043179,0.553408,ARG,BEL,7133
14,18,1191,1992,12150,364571,0.083812,0.637224,AUS,BEL,7133
15,18,1191,1992,10510,384913,1.975207,0.669388,AUT,BEL,7133
23,18,1191,1992,0,53001,0.503161,1.871616,BGR,BEL,7133
39,18,1191,1992,73080,2335298,0.74703,1.096791,CAN,BEL,7133
41,18,1191,1992,13757,745787,2.24952,1.014945,CHE,BEL,7133
42,18,1191,1992,3141,12825,-0.188106,-0.360151,CHL,BEL,7133
43,18,1191,1992,351880,0,0.269411,1.920075,CHN,BEL,7133
45,18,1191,1992,0,2251,-2.0470759999999997,-1.184491,CMR,BEL,7133
46,18,1191,1992,0,67098,-1.55348,-1.100071,COD,BEL,7133
49,18,1191,1992,0,96408,0.022895,0.22971799999999998,COL,BEL,7133
51,18,1191,1992,0,3522,0.314087,-0.48178699999999997,CPV,BEL,7133
58,18,1191,1992,0,21607,0.471516,0.668776,CYP,BEL,7133
61,18,1191,1992,368498,842280,2.2968349999999997,-2.581569,DEU,BEL,7133
64,18,1191,1992,1477,47976,1.696464,1.365743,DNK,BEL,7133
68,18,1191,1992,0,55971,-0.102143,-0.17513499999999999,EGY,BEL,7133
71,18,1191,1992,471477,2357467,1.301511,1.730441,ESP,BEL,7133
73,18,1191,1992,0,3620,-1.036482,-1.078446,ETH,BEL,7133
74,18,1191,1992,4827,92380,1.929661,1.3477,FIN,BEL,7133
75,18,1191,1992,0,35252,-0.573887,-0.6382680000000001,FJI,BEL,7133
77,18,1191,1992,930346,2999684,1.682766,1.2713430000000001,FRA,BEL,7133
78,18,1191,1992,0,4602,-0.51381,-0.8512059999999999,FRO,BEL,7133
80,18,1191,1992,0,27271,-1.683572,-1.0855620000000001,GAB,BEL,7133
81,18,1191,1992,1850691,1947924,1.8901810000000001,0.9274030000000001,GBR,BEL,7133
83,18,1191,1992,0,99646,-0.936314,-0.935839,GHA,BEL,7133
84,18,1191,1992,0,8998,1.356823,0.656416,GIB,BEL,7133
86,18,1191,1992,0,21489,0.68221,-0.319682,GLP,BEL,7133
90,18,1191,1992,7949,955942,0.139504,0.743678,GRC,BEL,7133
92,18,1191,1992,0,1589,-0.692587,-0.859656,GRL,BEL,7133
94,18,1191,1992,0,3555,0.9797959999999999,0.125384,GUF,BEL,7133
97,18,1191,1992,1034479,149252,0.754112,1.911201,HKG,BEL,7133
100,18,1191,1992,0,17763,0.877872,1.726188,HRV,BEL,7133
102,18,1191,1992,0,38640,0.9144620000000001,2.157041,HUN,BEL,7133
106,18,1191,1992,45690,212643,1.454172,1.397052,IRL,BEL,7133
107,18,1191,1992,0,287932,-1.195108,-1.135155,IRN,BEL,7133
109,18,1191,1992,0,34473,-0.076691,-0.630567,ISL,BEL,7133
110,18,1191,1992,0,11905,1.354362,1.3260530000000001,ISR,BEL,7133
111,18,1191,1992,8053449,2407985,1.7819,0.981246,ITA,BEL,7133
114,18,1191,1992,18160922,86223,2.451698,0.875639,JPN,BEL,7133
116,18,1191,1992,0,107947,-0.31818,-0.096856,KEN,BEL,7133
121,18,1191,1992,0,108136,0.778066,1.3011139999999999,KOR,BEL,7133
124,18,1191,1992,0,16136,0.186135,0.800906,LBN,BEL,7133
134,18,1191,1992,0,47003,-0.339711,-0.265987,MAR,BEL,7133
136,18,1191,1992,0,33224,-0.977873,-0.743187,MDG,BEL,7133
138,18,1191,1992,0,8774,0.9039370000000001,0.965842,MEX,BEL,7133
142,18,1191,1992,10466,63734,0.828211,0.29226599999999997,MLT,BEL,7133
143,18,1191,1992,0,82854,-1.030267,-0.770368,MMR,BEL,7133
150,18,1191,1992,0,3186,0.70167,-0.075327,MTQ,BEL,7133
151,18,1191,1992,0,236828,-0.249558,-0.643201,MUS,BEL,7133
153,18,1191,1992,0,53970,0.14268499999999998,0.370079,MYS,BEL,7133
159,18,1191,1992,0,44061,-2.275923,-1.178983,NGA,BEL,7133
162,18,1191,1992,2456969,5642108,1.4315069999999999,1.7107450000000002,NLD,BEL,7133
163,18,1191,1992,68428,539258,0.877965,0.444983,NOR,BEL,7133
166,18,1191,1992,0,32842,0.41866000000000003,0.580581,NZL,BEL,7133
168,18,1191,1992,0,4117,-0.480152,-0.361705,PAK,BEL,7133
176,18,1191,1992,2592,0,-1.602221,-1.058247,PNG,BEL,7133
177,18,1191,1992,1459685,0,0.581166,2.070795,POL,BEL,7133
179,18,1191,1992,40450,923154,0.47505,0.8402860000000001,PRT,BEL,7133
182,18,1191,1992,0,41548,0.217401,-0.5575180000000001,PYF,BEL,7133
183,18,1191,1992,0,54491,-0.491413,-1.004476,QAT,BEL,7133
184,18,1191,1992,0,63668,0.251216,-0.448812,REU,BEL,7133
186,18,1191,1992,0,17143,0.071799,0.14036099999999999,RUS,BEL,7133
187,18,1191,1992,0,11713,-0.890012,-0.888402,RWA,BEL,7133
188,18,1191,1992,9092,80030,0.416315,-0.7342489999999999,SAU,BEL,7133
189,18,1191,1992,4781269,8026,0.9474950000000001,2.442268,SCG,BEL,7133
191,18,1191,1992,0,11813,-0.43371800000000005,-0.679547,SEN,BEL,7133
192,18,1191,1992,0,219992,0.95691,0.892702,SGP,BEL,7133
207,18,1191,1992,0,3663,1.3270629999999999,1.605534,SVN,BEL,7133
208,18,1191,1992,176937,278537,2.2265900000000003,0.999178,SWE,BEL,7133
211,18,1191,1992,0,2560,0.05767100000000001,-0.6613020000000001,SYC,BEL,7133
223,18,1191,1992,0,71764,0.14482,-0.13608,TUN,BEL,7133
224,18,1191,1992,0,29204,0.160966,1.154796,TUR,BEL,7133
231,18,1191,1992,42389620,12463477,1.660693,1.289752,USA,BEL,7133
246,18,1191,1992,6937,12189,0.236335,1.415622,ZAF,BEL,7133
248,18,1191,1992,0,150317,-0.11168099999999999,0.143612,ZWE,BEL,7133
249,18,1191,1992,0,8940,1.3694790000000001,1.6227559999999999,TWN,BEL,7133
250,18,1191,1992,0,108204,0.989994,0.977453,ANS,BEL,7133
81,33,1191,1992,1625,0,1.8901810000000001,0.9274030000000001,GBR,BRB,7133
114,33,1191,1992,38540,5702,2.451698,0.875639,JPN,BRB,7133
231,33,1191,1992,70747,0,1.660693,1.289752,USA,BRB,7133
234,33,1191,1992,0,16085,-0.219271,-0.65981,VCT,BRB,7133
7,43,1191,1992,0,20959,-0.495518,-0.963358,ARE,CHN,7133
14,43,1191,1992,0,4564,0.083812,0.637224,AUS,CHN,7133
18,43,1191,1992,0,351880,1.449085,1.622957,BEL,CHN,7133
22,43,1191,1992,0,69961,-0.608254,-0.921751,BGD,CHN,7133
32,43,1191,1992,0,6846414,0.685144,1.5676709999999998,BRA,CHN,7133
34,43,1191,1992,0,8649,-1.142722,-0.818717,BRN,CHN,7133
39,43,1191,1992,184355,0,0.74703,1.096791,CAN,CHN,7133
42,43,1191,1992,0,188834,-0.188106,-0.360151,CHL,CHN,7133
61,43,1191,1992,45266200,2396152,2.2968349999999997,-2.581569,DEU,CHN,7133
64,43,1191,1992,149648,0,1.696464,1.365743,DNK,CHN,7133
67,43,1191,1992,0,43305,-0.815778,-0.9415459999999999,ECU,CHN,7133
74,43,1191,1992,24628528,0,1.929661,1.3477,FIN,CHN,7133
77,43,1191,1992,40068,0,1.682766,1.2713430000000001,FRA,CHN,7133
81,43,1191,1992,7503,50006,1.8901810000000001,0.9274030000000001,GBR,CHN,7133
85,43,1191,1992,0,2616,-1.11535,-1.0306,GIN,CHN,7133
90,43,1191,1992,0,3394,0.139504,0.743678,GRC,CHN,7133
97,43,1191,1992,5918184,971368,0.754112,1.911201,HKG,CHN,7133
103,43,1191,1992,1473,228905,-0.5250670000000001,0.717568,IDN,CHN,7133
111,43,1191,1992,197910,0,1.7819,0.981246,ITA,CHN,7133
112,43,1191,1992,0,19523,-0.200329,-0.595741,JAM,CHN,7133
114,43,1191,1992,10825713,0,2.451698,0.875639,JPN,CHN,7133
121,43,1191,1992,2707,76589,0.778066,1.3011139999999999,KOR,CHN,7133
128,43,1191,1992,0,3136,-0.45780600000000005,-0.221948,LKA,CHN,7133
133,43,1191,1992,39351,99414,0.249034,-0.026864,MAC,CHN,7133
134,43,1191,1992,0,5318,-0.339711,-0.265987,MAR,CHN,7133
136,43,1191,1992,0,794,-0.977873,-0.743187,MDG,CHN,7133
143,43,1191,1992,0,2593,-1.030267,-0.770368,MMR,CHN,7133
153,43,1191,1992,0,469957,0.14268499999999998,0.370079,MYS,CHN,7133
163,43,1191,1992,41088,0,0.877965,0.444983,NOR,CHN,7133
168,43,1191,1992,0,306109,-0.480152,-0.361705,PAK,CHN,7133
173,43,1191,1992,0,9783,-0.286545,-0.264638,PER,CHN,7133
174,43,1191,1992,0,37505,-0.139761,0.772109,PHL,CHN,7133
186,43,1191,1992,182126,0,0.071799,0.14036099999999999,RUS,CHN,7133
191,43,1191,1992,0,1430,-0.43371800000000005,-0.679547,SEN,CHN,7133
192,43,1191,1992,1031522,934168,0.95691,0.892702,SGP,CHN,7133
208,43,1191,1992,55283,0,2.2265900000000003,0.999178,SWE,CHN,7133
216,43,1191,1992,98532,84954,0.109518,1.486578,THA,CHN,7133
231,43,1191,1992,1972977,155256,1.660693,1.289752,USA,CHN,7133
239,43,1191,1992,5135,6643,-0.989259,-0.43416099999999996,VNM,CHN,7133
243,43,1191,1992,0,9302,-0.7116020000000001,-0.9852489999999999,YEM,CHN,7133
249,43,1191,1992,770,0,1.3694790000000001,1.6227559999999999,TWN,CHN,7133
250,43,1191,1992,59134,0,0.989994,0.977453,ANS,CHN,7133
18,49,1191,1992,96408,0,1.449085,1.622957,BEL,COL,7133
32,49,1191,1992,31371,0,0.685144,1.5676709999999998,BRA,COL,7133
53,49,1191,1992,30507,0,1.116966,2.225331,CSK,COL,7133
61,49,1191,1992,13016,0,2.2968349999999997,-2.581569,DEU,COL,7133
67,49,1191,1992,5770,0,-0.815778,-0.9415459999999999,ECU,COL,7133
81,49,1191,1992,8028,0,1.8901810000000001,0.9274030000000001,GBR,COL,7133
111,49,1191,1992,25048,0,1.7819,0.981246,ITA,COL,7133
114,49,1191,1992,3655588,0,2.451698,0.875639,JPN,COL,7133
169,49,1191,1992,15508,0,0.289315,0.37247199999999997,PAN,COL,7133
208,49,1191,1992,365142,0,2.2265900000000003,0.999178,SWE,COL,7133
231,49,1191,1992,2423481,64405,1.660693,1.289752,USA,COL,7133
236,49,1191,1992,35899,0,-0.106385,-0.65975,VEN,COL,7133
250,49,1191,1992,1120,0,0.989994,0.977453,ANS,COL,7133
32,52,1191,1992,22208,0,0.685144,1.5676709999999998,BRA,CRI,7133
81,52,1191,1992,10971,0,1.8901810000000001,0.9274030000000001,GBR,CRI,7133
114,52,1191,1992,231922,0,2.451698,0.875639,JPN,CRI,7133
231,52,1191,1992,1100602,1439,1.660693,1.289752,USA,CRI,7133
2,61,1191,1992,0,73067,-1.90642,-1.061544,AGO,DEU,7133
7,61,1191,1992,0,358620,-0.495518,-0.963358,ARE,DEU,7133
8,61,1191,1992,0,169890,0.043179,0.553408,ARG,DEU,7133
14,61,1191,1992,9755,19783962,0.083812,0.637224,AUS,DEU,7133
15,61,1191,1992,100762,767828,1.975207,0.669388,AUT,DEU,7133
18,61,1191,1992,842280,368498,1.449085,1.622957,BEL,DEU,7133
23,61,1191,1992,0,5967,0.503161,1.871616,BGR,DEU,7133
28,61,1191,1992,0,127977,0.6011380000000001,0.450072,BLR,DEU,7133
32,61,1191,1992,0,95850,0.685144,1.5676709999999998,BRA,DEU,7133
34,61,1191,1992,0,50330,-1.142722,-0.818717,BRN,DEU,7133
39,61,1191,1992,25739,535559,0.74703,1.096791,CAN,DEU,7133
41,61,1191,1992,965204,387568,2.24952,1.014945,CHE,DEU,7133
42,61,1191,1992,0,6515182,-0.188106,-0.360151,CHL,DEU,7133
43,61,1191,1992,2396152,45266200,0.269411,1.920075,CHN,DEU,7133
46,61,1191,1992,0,27909,-1.55348,-1.100071,COD,DEU,7133
49,61,1191,1992,0,13016,0.022895,0.22971799999999998,COL,DEU,7133
53,61,1191,1992,35717,1779510,1.116966,2.225331,CSK,DEU,7133
58,61,1191,1992,1196,9052,0.471516,0.668776,CYP,DEU,7133
64,61,1191,1992,9280056,33332922,1.696464,1.365743,DNK,DEU,7133
66,61,1191,1992,0,8588324,-0.24189699999999997,-0.9399219999999999,DZA,DEU,7133
67,61,1191,1992,0,9402461,-0.815778,-0.9415459999999999,ECU,DEU,7133
68,61,1191,1992,0,288778,-0.102143,-0.17513499999999999,EGY,DEU,7133
71,61,1191,1992,273146,7511186,1.301511,1.730441,ESP,DEU,7133
72,61,1191,1992,0,300533,0.22019699999999998,0.0198,EST,DEU,7133
73,61,1191,1992,0,7502,-1.036482,-1.078446,ETH,DEU,7133
74,61,1191,1992,840031,936389,1.929661,1.3477,FIN,DEU,7133
77,61,1191,1992,4175924,12145098,1.682766,1.2713430000000001,FRA,DEU,7133
78,61,1191,1992,0,13831,-0.51381,-0.8512059999999999,FRO,DEU,7133
81,61,1191,1992,3191626,11136955,1.8901810000000001,0.9274030000000001,GBR,DEU,7133
82,61,1191,1992,0,694341,0.392506,-0.43089399999999994,GEO,DEU,7133
83,61,1191,1992,0,233059,-0.936314,-0.935839,GHA,DEU,7133
86,61,1191,1992,0,104169,0.68221,-0.319682,GLP,DEU,7133
88,61,1191,1992,0,9006,-0.22399299999999997,-0.667562,GNB,DEU,7133
90,61,1191,1992,24496,1771355,0.139504,0.743678,GRC,DEU,7133
97,61,1191,1992,7313,43071,0.754112,1.911201,HKG,DEU,7133
100,61,1191,1992,1178538,62879,0.877872,1.726188,HRV,DEU,7133
102,61,1191,1992,27712,221528,0.9144620000000001,2.157041,HUN,DEU,7133
103,61,1191,1992,0,683393,-0.5250670000000001,0.717568,IDN,DEU,7133
104,61,1191,1992,136375,5352156,0.101094,1.6851180000000001,IND,DEU,7133
106,61,1191,1992,0,13952,1.454172,1.397052,IRL,DEU,7133
107,61,1191,1992,0,5107867,-1.195108,-1.135155,IRN,DEU,7133
109,61,1191,1992,0,139143,-0.076691,-0.630567,ISL,DEU,7133
110,61,1191,1992,0,3186072,1.354362,1.3260530000000001,ISR,DEU,7133
111,61,1191,1992,1727735,36105708,1.7819,0.981246,ITA,DEU,7133
113,61,1191,1992,0,3665,0.716964,0.5323760000000001,JOR,DEU,7133
114,61,1191,1992,12807182,7229438,2.451698,0.875639,JPN,DEU,7133
121,61,1191,1992,3335298,16386399,0.778066,1.3011139999999999,KOR,DEU,7133
126,61,1191,1992,0,93911,-0.333309,-0.981883,LBY,DEU,7133
128,61,1191,1992,0,37363,-0.45780600000000005,-0.221948,LKA,DEU,7133
130,61,1191,1992,0,3933,0.7271810000000001,0.482357,LTU,DEU,7133
132,61,1191,1992,0,9094,0.184303,0.022494999999999998,LVA,DEU,7133
134,61,1191,1992,0,156916,-0.339711,-0.265987,MAR,DEU,7133
136,61,1191,1992,0,13911,-0.977873,-0.743187,MDG,DEU,7133
138,61,1191,1992,0,94663,0.9039370000000001,0.965842,MEX,DEU,7133
142,61,1191,1992,3217,881592,0.828211,0.29226599999999997,MLT,DEU,7133
143,61,1191,1992,0,2222588,-1.030267,-0.770368,MMR,DEU,7133
150,61,1191,1992,0,2552,0.70167,-0.075327,MTQ,DEU,7133
151,61,1191,1992,0,3252,-0.249558,-0.643201,MUS,DEU,7133
153,61,1191,1992,0,2870731,0.14268499999999998,0.370079,MYS,DEU,7133
159,61,1191,1992,5344,88333,-2.275923,-1.178983,NGA,DEU,7133
162,61,1191,1992,4325683,20079634,1.4315069999999999,1.7107450000000002,NLD,DEU,7133
163,61,1191,1992,1782868,31175484,0.877965,0.444983,NOR,DEU,7133
166,61,1191,1992,0,73816,0.41866000000000003,0.580581,NZL,DEU,7133
167,61,1191,1992,0,142433,-0.906702,-1.0716709999999998,OMN,DEU,7133
168,61,1191,1992,9825,0,-0.480152,-0.361705,PAK,DEU,7133
173,61,1191,1992,0,3863,-0.286545,-0.264638,PER,DEU,7133
174,61,1191,1992,0,11967,-0.139761,0.772109,PHL,DEU,7133
177,61,1191,1992,6937353,11749830,0.581166,2.070795,POL,DEU,7133
178,61,1191,1992,23311,0,0.201042,0.477547,PRK,DEU,7133
179,61,1191,1992,9490,1911702,0.47505,0.8402860000000001,PRT,DEU,7133
183,61,1191,1992,0,6361,-0.491413,-1.004476,QAT,DEU,7133
185,61,1191,1992,0,1046917,0.838817,1.358629,ROU,DEU,7133
186,61,1191,1992,9430,10382516,0.071799,0.14036099999999999,RUS,DEU,7133
188,61,1191,1992,0,1176364,0.416315,-0.7342489999999999,SAU,DEU,7133
189,61,1191,1992,1120766,3765877,0.9474950000000001,2.442268,SCG,DEU,7133
190,61,1191,1992,0,82061,-0.930193,-1.02726,SDN,DEU,7133
192,61,1191,1992,13045,23136010,0.95691,0.892702,SGP,DEU,7133
205,61,1191,1992,0,2670,-0.9841209999999999,-0.9359129999999999,SUR,DEU,7133
207,61,1191,1992,2990,11983,1.3270629999999999,1.605534,SVN,DEU,7133
208,61,1191,1992,8206136,10177553,2.2265900000000003,0.999178,SWE,DEU,7133
211,61,1191,1992,0,13292,0.05767100000000001,-0.6613020000000001,SYC,DEU,7133
216,61,1191,1992,0,229222,0.109518,1.486578,THA,DEU,7133
223,61,1191,1992,0,205834,0.14482,-0.13608,TUN,DEU,7133
224,61,1191,1992,69182,13266165,0.160966,1.154796,TUR,DEU,7133
226,61,1191,1992,0,18138,-1.139271,-0.8235379999999999,TZA,DEU,7133
228,61,1191,1992,0,3562322,0.375148,0.23747,UKR,DEU,7133
230,61,1191,1992,0,326432,0.242758,0.711781,URY,DEU,7133
231,61,1191,1992,1931638,13834927,1.660693,1.289752,USA,DEU,7133
236,61,1191,1992,0,9084,-0.106385,-0.65975,VEN,DEU,7133
246,61,1191,1992,0,1040146,0.236335,1.415622,ZAF,DEU,7133
248,61,1191,1992,0,14894,-0.11168099999999999,0.143612,ZWE,DEU,7133
249,61,1191,1992,0,14433283,1.3694790000000001,1.6227559999999999,TWN,DEU,7133
2,64,1191,1992,0,4089,-1.90642,-1.061544,AGO,DNK,7133
14,64,1191,1992,0,86103,0.083812,0.637224,AUS,DNK,7133
15,64,1191,1992,0,5657,1.975207,0.669388,AUT,DNK,7133
18,64,1191,1992,47976,1477,1.449085,1.622957,BEL,DNK,7133
22,64,1191,1992,0,101748,-0.608254,-0.921751,BGD,DNK,7133
23,64,1191,1992,0,7046,0.503161,1.871616,BGR,DNK,7133
29,64,1191,1992,0,48594,-0.06729700000000001,-0.386682,BLZ,DNK,7133
32,64,1191,1992,0,1002487,0.685144,1.5676709999999998,BRA,DNK,7133
39,64,1191,1992,10822,0,0.74703,1.096791,CAN,DNK,7133
41,64,1191,1992,5637,4848,2.24952,1.014945,CHE,DNK,7133
43,64,1191,1992,0,149648,0.269411,1.920075,CHN,DNK,7133
46,64,1191,1992,0,1325,-1.55348,-1.100071,COD,DNK,7133
53,64,1191,1992,0,801347,1.116966,2.225331,CSK,DNK,7133
61,64,1191,1992,33332922,9280056,2.2968349999999997,-2.581569,DEU,DNK,7133
68,64,1191,1992,0,2021472,-0.102143,-0.17513499999999999,EGY,DNK,7133
71,64,1191,1992,245119,272369,1.301511,1.730441,ESP,DNK,7133
73,64,1191,1992,0,2529,-1.036482,-1.078446,ETH,DNK,7133
74,64,1191,1992,87005,59000,1.929661,1.3477,FIN,DNK,7133
77,64,1191,1992,553498,51000,1.682766,1.2713430000000001,FRA,DNK,7133
78,64,1191,1992,0,131683,-0.51381,-0.8512059999999999,FRO,DNK,7133
81,64,1191,1992,2129506,1278720,1.8901810000000001,0.9274030000000001,GBR,DNK,7133
84,64,1191,1992,0,2473,1.356823,0.656416,GIB,DNK,7133
90,64,1191,1992,0,161427,0.139504,0.743678,GRC,DNK,7133
92,64,1191,1992,2807,307960,-0.692587,-0.859656,GRL,DNK,7133
100,64,1191,1992,0,217049,0.877872,1.726188,HRV,DNK,7133
102,64,1191,1992,0,1262355,0.9144620000000001,2.157041,HUN,DNK,7133
103,64,1191,1992,0,5897,-0.5250670000000001,0.717568,IDN,DNK,7133
106,64,1191,1992,0,13282,1.454172,1.397052,IRL,DNK,7133
109,64,1191,1992,0,51088,-0.076691,-0.630567,ISL,DNK,7133
111,64,1191,1992,294713,31507,1.7819,0.981246,ITA,DNK,7133
114,64,1191,1992,46616108,0,2.451698,0.875639,JPN,DNK,7133
121,64,1191,1992,6488714,94983,0.778066,1.3011139999999999,KOR,DNK,7133
125,64,1191,1992,0,2381,-0.790557,-0.9978870000000001,LBR,DNK,7133
134,64,1191,1992,0,4550,-0.339711,-0.265987,MAR,DNK,7133
142,64,1191,1992,238815,3278,0.828211,0.29226599999999997,MLT,DNK,7133
143,64,1191,1992,0,3479,-1.030267,-0.770368,MMR,DNK,7133
151,64,1191,1992,0,4801,-0.249558,-0.643201,MUS,DNK,7133
153,64,1191,1992,6270,151244,0.14268499999999998,0.370079,MYS,DNK,7133
162,64,1191,1992,918682,284442,1.4315069999999999,1.7107450000000002,NLD,DNK,7133
163,64,1191,1992,1277680,1627956,0.877965,0.444983,NOR,DNK,7133
166,64,1191,1992,0,4420,0.41866000000000003,0.580581,NZL,DNK,7133
177,64,1191,1992,0,9676,0.581166,2.070795,POL,DNK,7133
179,64,1191,1992,0,726049,0.47505,0.8402860000000001,PRT,DNK,7133
183,64,1191,1992,0,2638,-0.491413,-1.004476,QAT,DNK,7133
188,64,1191,1992,0,162686,0.416315,-0.7342489999999999,SAU,DNK,7133
192,64,1191,1992,40015,95232,0.95691,0.892702,SGP,DNK,7133
208,64,1191,1992,3243876,660389,2.2265900000000003,0.999178,SWE,DNK,7133
216,64,1191,1992,5117780,0,0.109518,1.486578,THA,DNK,7133
223,64,1191,1992,0,269946,0.14482,-0.13608,TUN,DNK,7133
224,64,1191,1992,0,5040796,0.160966,1.154796,TUR,DNK,7133
226,64,1191,1992,0,720581,-1.139271,-0.8235379999999999,TZA,DNK,7133
231,64,1191,1992,3587347,216148,1.660693,1.289752,USA,DNK,7133
246,64,1191,1992,0,4541,0.236335,1.415622,ZAF,DNK,7133
247,64,1191,1992,0,10787,-0.9865219999999999,-1.076062,ZMB,DNK,7133
249,64,1191,1992,42241,1769525,1.3694790000000001,1.6227559999999999,TWN,DNK,7133
39,65,1191,1992,13371,0,0.74703,1.096791,CAN,DOM,7133
81,65,1191,1992,149001,0,1.8901810000000001,0.9274030000000001,GBR,DOM,7133
114,65,1191,1992,302795,0,2.451698,0.875639,JPN,DOM,7133
121,65,1191,1992,7259,0,0.778066,1.3011139999999999,KOR,DOM,7133
205,65,1191,1992,0,3258,-0.9841209999999999,-0.9359129999999999,SUR,DOM,7133
216,65,1191,1992,47276,0,0.109518,1.486578,THA,DOM,7133
231,65,1191,1992,386643,0,1.660693,1.289752,USA,DOM,7133
246,65,1191,1992,28084,0,0.236335,1.415622,ZAF,DOM,7133
2,71,1191,1992,0,445443,-1.90642,-1.061544,AGO,ESP,7133
7,71,1191,1992,0,69193,-0.495518,-0.963358,ARE,ESP,7133
8,71,1191,1992,0,852476,0.043179,0.553408,ARG,ESP,7133
15,71,1191,1992,13563,15397,1.975207,0.669388,AUT,ESP,7133
18,71,1191,1992,2357467,471477,1.449085,1.622957,BEL,ESP,7133
23,71,1191,1992,1296,0,0.503161,1.871616,BGR,ESP,7133
25,71,1191,1992,1279,0,0.181088,-0.591638,BHS,ESP,7133
41,71,1191,1992,12699,0,2.24952,1.014945,CHE,ESP,7133
42,71,1191,1992,0,14551,-0.188106,-0.360151,CHL,ESP,7133
54,71,1191,1992,0,105733,-0.719011,-1.077984,CUB,ESP,7133
61,71,1191,1992,7511186,273146,2.2968349999999997,-2.581569,DEU,ESP,7133
64,71,1191,1992,272369,245119,1.696464,1.365743,DNK,ESP,7133
66,71,1191,1992,0,66751,-0.24189699999999997,-0.9399219999999999,DZA,ESP,7133
74,71,1191,1992,2237,65143,1.929661,1.3477,FIN,ESP,7133
77,71,1191,1992,1260099,459497,1.682766,1.2713430000000001,FRA,ESP,7133
78,71,1191,1992,0,9401,-0.51381,-0.8512059999999999,FRO,ESP,7133
81,71,1191,1992,4664662,310403,1.8901810000000001,0.9274030000000001,GBR,ESP,7133
83,71,1191,1992,0,917,-0.936314,-0.935839,GHA,ESP,7133
88,71,1191,1992,0,70081,-0.22399299999999997,-0.667562,GNB,ESP,7133
90,71,1191,1992,0,665092,0.139504,0.743678,GRC,ESP,7133
97,71,1191,1992,56663,0,0.754112,1.911201,HKG,ESP,7133
104,71,1191,1992,27034,0,0.101094,1.6851180000000001,IND,ESP,7133
106,71,1191,1992,0,6073,1.454172,1.397052,IRL,ESP,7133
111,71,1191,1992,7726716,1898614,1.7819,0.981246,ITA,ESP,7133
114,71,1191,1992,8300300,0,2.451698,0.875639,JPN,ESP,7133
122,71,1191,1992,122461,0,-1.2360950000000002,-1.061771,KWT,ESP,7133
125,71,1191,1992,0,6457698,-0.790557,-0.9978870000000001,LBR,ESP,7133
133,71,1191,1992,4056,0,0.249034,-0.026864,MAC,ESP,7133
134,71,1191,1992,4881,1127978,-0.339711,-0.265987,MAR,ESP,7133
138,71,1191,1992,25421,1750,0.9039370000000001,0.965842,MEX,ESP,7133
142,71,1191,1992,0,73370,0.828211,0.29226599999999997,MLT,ESP,7133
148,71,1191,1992,0,30039,-1.270091,-1.116622,MRT,ESP,7133
156,71,1191,1992,0,32570,-1.284672,-0.9233870000000001,NCL,ESP,7133
159,71,1191,1992,0,21877,-2.275923,-1.178983,NGA,ESP,7133
162,71,1191,1992,672033,2654655,1.4315069999999999,1.7107450000000002,NLD,ESP,7133
163,71,1191,1992,3194946,45653,0.877965,0.444983,NOR,ESP,7133
166,71,1191,1992,56030,0,0.41866000000000003,0.580581,NZL,ESP,7133
173,71,1191,1992,0,18692,-0.286545,-0.264638,PER,ESP,7133
177,71,1191,1992,23851,0,0.581166,2.070795,POL,ESP,7133
179,71,1191,1992,447478,414090,0.47505,0.8402860000000001,PRT,ESP,7133
186,71,1191,1992,0,1211,0.071799,0.14036099999999999,RUS,ESP,7133
188,71,1191,1992,0,3202,0.416315,-0.7342489999999999,SAU,ESP,7133
192,71,1191,1992,0,109092,0.95691,0.892702,SGP,ESP,7133
207,71,1191,1992,32970,0,1.3270629999999999,1.605534,SVN,ESP,7133
208,71,1191,1992,4200395,1135,2.2265900000000003,0.999178,SWE,ESP,7133
223,71,1191,1992,42763,55295,0.14482,-0.13608,TUN,ESP,7133
231,71,1191,1992,2649050,884925,1.660693,1.289752,USA,ESP,7133
236,71,1191,1992,0,6072,-0.106385,-0.65975,VEN,ESP,7133
250,71,1191,1992,76892,0,0.989994,0.977453,ANS,ESP,7133
15,74,1191,1992,15448,7421,1.975207,0.669388,AUT,FIN,7133
18,74,1191,1992,92380,4827,1.449085,1.622957,BEL,FIN,7133
22,74,1191,1992,0,618,-0.608254,-0.921751,BGD,FIN,7133
28,74,1191,1992,4513,0,0.6011380000000001,0.450072,BLR,FIN,7133
39,74,1191,1992,0,577779,0.74703,1.096791,CAN,FIN,7133
41,74,1191,1992,49691,0,2.24952,1.014945,CHE,FIN,7133
42,74,1191,1992,0,503225,-0.188106,-0.360151,CHL,FIN,7133
43,74,1191,1992,0,24628528,0.269411,1.920075,CHN,FIN,7133
61,74,1191,1992,936389,840031,2.2968349999999997,-2.581569,DEU,FIN,7133
64,74,1191,1992,59000,87005,1.696464,1.365743,DNK,FIN,7133
68,74,1191,1992,0,1552193,-0.102143,-0.17513499999999999,EGY,FIN,7133
71,74,1191,1992,65143,2237,1.301511,1.730441,ESP,FIN,7133
77,74,1191,1992,952523,16866462,1.682766,1.2713430000000001,FRA,FIN,7133
81,74,1191,1992,972973,381130,1.8901810000000001,0.9274030000000001,GBR,FIN,7133
90,74,1191,1992,0,14301556,0.139504,0.743678,GRC,FIN,7133
92,74,1191,1992,0,67,-0.692587,-0.859656,GRL,FIN,7133
97,74,1191,1992,107135,0,0.754112,1.911201,HKG,FIN,7133
100,74,1191,1992,0,324172,0.877872,1.726188,HRV,FIN,7133
106,74,1191,1992,0,6269,1.454172,1.397052,IRL,FIN,7133
109,74,1191,1992,0,28019,-0.076691,-0.630567,ISL,FIN,7133
111,74,1191,1992,151817,9534507,1.7819,0.981246,ITA,FIN,7133
114,74,1191,1992,8078851,1018533,2.451698,0.875639,JPN,FIN,7133
147,74,1191,1992,0,2145,-0.119653,-0.28381100000000004,MOZ,FIN,7133
152,74,1191,1992,0,1741,-1.368384,-1.205314,MWI,FIN,7133
157,74,1191,1992,0,8323,0.056698,-0.6624770000000001,NER,FIN,7133
162,74,1191,1992,107630,1627658,1.4315069999999999,1.7107450000000002,NLD,FIN,7133
163,74,1191,1992,236695,5587372,0.877965,0.444983,NOR,FIN,7133
177,74,1191,1992,0,555643,0.581166,2.070795,POL,FIN,7133
179,74,1191,1992,0,1651045,0.47505,0.8402860000000001,PRT,FIN,7133
186,74,1191,1992,21287,4052203,0.071799,0.14036099999999999,RUS,FIN,7133
189,74,1191,1992,13514,0,0.9474950000000001,2.442268,SCG,FIN,7133
192,74,1191,1992,0,381884,0.95691,0.892702,SGP,FIN,7133
207,74,1191,1992,0,111989,1.3270629999999999,1.605534,SVN,FIN,7133
208,74,1191,1992,2516284,3901410,2.2265900000000003,0.999178,SWE,FIN,7133
216,74,1191,1992,0,2585310,0.109518,1.486578,THA,FIN,7133
226,74,1191,1992,0,3041,-1.139271,-0.8235379999999999,TZA,FIN,7133
227,74,1191,1992,0,1386,-1.264399,-1.0359450000000001,UGA,FIN,7133
231,74,1191,1992,1747536,30811328,1.660693,1.289752,USA,FIN,7133
243,74,1191,1992,0,12031136,-0.7116020000000001,-0.9852489999999999,YEM,FIN,7133
2,77,1191,1992,4306,1673197,-1.90642,-1.061544,AGO,FRA,7133
7,77,1191,1992,0,18627,-0.495518,-0.963358,ARE,FRA,7133
8,77,1191,1992,0,30780,0.043179,0.553408,ARG,FRA,7133
14,77,1191,1992,36975,243965,0.083812,0.637224,AUS,FRA,7133
15,77,1191,1992,11186,17362,1.975207,0.669388,AUT,FRA,7133
17,77,1191,1992,0,59374,-1.222854,-0.927959,BDI,FRA,7133
18,77,1191,1992,2999684,930346,1.449085,1.622957,BEL,FRA,7133
19,77,1191,1992,0,51675,-1.206267,-0.855159,BEN,FRA,7133
23,77,1191,1992,0,22147,0.503161,1.871616,BGR,FRA,7133
32,77,1191,1992,8968,9414,0.685144,1.5676709999999998,BRA,FRA,7133
38,77,1191,1992,0,14361,-1.324814,-0.968041,CAF,FRA,7133
39,77,1191,1992,14199,6424425,0.74703,1.096791,CAN,FRA,7133
41,77,1191,1992,106757,370623,2.24952,1.014945,CHE,FRA,7133
42,77,1191,1992,0,1063,-0.188106,-0.360151,CHL,FRA,7133
43,77,1191,1992,0,40068,0.269411,1.920075,CHN,FRA,7133
44,77,1191,1992,0,314041,-1.689731,-1.070179,CIV,FRA,7133
45,77,1191,1992,0,74894,-2.0470759999999997,-1.184491,CMR,FRA,7133
46,77,1191,1992,0,23188,-1.55348,-1.100071,COD,FRA,7133
47,77,1191,1992,0,125230,-2.019876,-1.1048360000000002,COG,FRA,7133
50,77,1191,1992,0,30455,-0.5867220000000001,-0.8257620000000001,COM,FRA,7133
51,77,1191,1992,0,6050,0.314087,-0.48178699999999997,CPV,FRA,7133
53,77,1191,1992,0,12157,1.116966,2.225331,CSK,FRA,7133
54,77,1191,1992,0,12153,-0.719011,-1.077984,CUB,FRA,7133
61,77,1191,1992,12145098,4175924,2.2968349999999997,-2.581569,DEU,FRA,7133
62,77,1191,1992,0,11705,0.708593,1.196323,DJI,FRA,7133
64,77,1191,1992,51000,553498,1.696464,1.365743,DNK,FRA,7133
66,77,1191,1992,0,40234,-0.24189699999999997,-0.9399219999999999,DZA,FRA,7133
68,77,1191,1992,0,342679,-0.102143,-0.17513499999999999,EGY,FRA,7133
71,77,1191,1992,459497,1260099,1.301511,1.730441,ESP,FRA,7133
74,77,1191,1992,16866462,952523,1.929661,1.3477,FIN,FRA,7133
78,77,1191,1992,0,212,-0.51381,-0.8512059999999999,FRO,FRA,7133
80,77,1191,1992,0,560767,-1.683572,-1.0855620000000001,GAB,FRA,7133
81,77,1191,1992,11018175,3267440,1.8901810000000001,0.9274030000000001,GBR,FRA,7133
83,77,1191,1992,0,30908,-0.936314,-0.935839,GHA,FRA,7133
84,77,1191,1992,0,120182,1.356823,0.656416,GIB,FRA,7133
85,77,1191,1992,0,107658,-1.11535,-1.0306,GIN,FRA,7133
86,77,1191,1992,42617,331531,0.68221,-0.319682,GLP,FRA,7133
88,77,1191,1992,0,63163,-0.22399299999999997,-0.667562,GNB,FRA,7133
89,77,1191,1992,0,3216,-2.3828419999999997,-0.898589,GNQ,FRA,7133
90,77,1191,1992,104416,1621964,0.139504,0.743678,GRC,FRA,7133
94,77,1191,1992,2158,127006,0.9797959999999999,0.125384,GUF,FRA,7133
100,77,1191,1992,1093681,1372,0.877872,1.726188,HRV,FRA,7133
102,77,1191,1992,0,14110,0.9144620000000001,2.157041,HUN,FRA,7133
103,77,1191,1992,3907,221512,-0.5250670000000001,0.717568,IDN,FRA,7133
104,77,1191,1992,0,16814,0.101094,1.6851180000000001,IND,FRA,7133
106,77,1191,1992,0,298193,1.454172,1.397052,IRL,FRA,7133
107,77,1191,1992,0,10620,-1.195108,-1.135155,IRN,FRA,7133
111,77,1191,1992,3876927,9066859,1.7819,0.981246,ITA,FRA,7133
114,77,1191,1992,23862948,974485,2.451698,0.875639,JPN,FRA,7133
121,77,1191,1992,19431,0,0.778066,1.3011139999999999,KOR,FRA,7133
123,77,1191,1992,0,8332,-1.03711,-1.114235,LAO,FRA,7133
124,77,1191,1992,0,9110,0.186135,0.800906,LBN,FRA,7133
126,77,1191,1992,0,47433,-0.333309,-0.981883,LBY,FRA,7133
134,77,1191,1992,0,3133018,-0.339711,-0.265987,MAR,FRA,7133
136,77,1191,1992,2461,118136,-0.977873,-0.743187,MDG,FRA,7133
138,77,1191,1992,265460,0,0.9039370000000001,0.965842,MEX,FRA,7133
141,77,1191,1992,0,30895,-0.9495790000000001,-1.028165,MLI,FRA,7133
142,77,1191,1992,0,118688,0.828211,0.29226599999999997,MLT,FRA,7133
148,77,1191,1992,0,73245,-1.270091,-1.116622,MRT,FRA,7133
150,77,1191,1992,28157,401527,0.70167,-0.075327,MTQ,FRA,7133
151,77,1191,1992,0,12058,-0.249558,-0.643201,MUS,FRA,7133
153,77,1191,1992,0,21310,0.14268499999999998,0.370079,MYS,FRA,7133
156,77,1191,1992,0,7001,-1.284672,-0.9233870000000001,NCL,FRA,7133
157,77,1191,1992,0,10055,0.056698,-0.6624770000000001,NER,FRA,7133
159,77,1191,1992,0,99099,-2.275923,-1.178983,NGA,FRA,7133
162,77,1191,1992,1854408,1408964,1.4315069999999999,1.7107450000000002,NLD,FRA,7133
163,77,1191,1992,135948,2160220,0.877965,0.444983,NOR,FRA,7133
166,77,1191,1992,1286,6172,0.41866000000000003,0.580581,NZL,FRA,7133
169,77,1191,1992,0,12487,0.289315,0.37247199999999997,PAN,FRA,7133
173,77,1191,1992,0,96210,-0.286545,-0.264638,PER,FRA,7133
177,77,1191,1992,0,1874,0.581166,2.070795,POL,FRA,7133
179,77,1191,1992,7265,291993,0.47505,0.8402860000000001,PRT,FRA,7133
182,77,1191,1992,9723,413664,0.217401,-0.5575180000000001,PYF,FRA,7133
184,77,1191,1992,0,74767,0.251216,-0.448812,REU,FRA,7133
186,77,1191,1992,0,101507,0.071799,0.14036099999999999,RUS,FRA,7133
187,77,1191,1992,0,25708,-0.890012,-0.888402,RWA,FRA,7133
188,77,1191,1992,3881,31443,0.416315,-0.7342489999999999,SAU,FRA,7133
191,77,1191,1992,0,398057,-0.43371800000000005,-0.679547,SEN,FRA,7133
192,77,1191,1992,7277,318698,0.95691,0.892702,SGP,FRA,7133
196,77,1191,1992,0,6997,-0.877425,-0.798561,SLE,FRA,7133
200,77,1191,1992,0,6996,-0.49168900000000004,-0.812567,SPM,FRA,7133
203,77,1191,1992,0,1335,1.218035,-0.270569,STP,FRA,7133
207,77,1191,1992,24654,0,1.3270629999999999,1.605534,SVN,FRA,7133
208,77,1191,1992,7757916,2394454,2.2265900000000003,0.999178,SWE,FRA,7133
212,77,1191,1992,0,254885,-0.566724,-0.602446,SYR,FRA,7133
214,77,1191,1992,0,58488,-1.2855530000000002,-0.869568,TCD,FRA,7133
215,77,1191,1992,0,36841,-1.199292,-1.082889,TGO,FRA,7133
216,77,1191,1992,130090,6763,0.109518,1.486578,THA,FRA,7133
223,77,1191,1992,2051,1242461,0.14482,-0.13608,TUN,FRA,7133
224,77,1191,1992,0,155763,0.160966,1.154796,TUR,FRA,7133
230,77,1191,1992,0,7448,0.242758,0.711781,URY,FRA,7133
231,77,1191,1992,2648260,267302,1.660693,1.289752,USA,FRA,7133
237,77,1191,1992,0,1322,0.910816,0.007384999999999999,VGB,FRA,7133
243,77,1191,1992,0,2905,-0.7116020000000001,-0.9852489999999999,YEM,FRA,7133
246,77,1191,1992,0,4132,0.236335,1.415622,ZAF,FRA,7133
249,77,1191,1992,7842,70100,1.3694790000000001,1.6227559999999999,TWN,FRA,7133
250,77,1191,1992,979349,7903,0.989994,0.977453,ANS,FRA,7133
2,81,1191,1992,0,307995,-1.90642,-1.061544,AGO,GBR,7133
7,81,1191,1992,23089,1320469,-0.495518,-0.963358,ARE,GBR,7133
8,81,1191,1992,0,11757,0.043179,0.553408,ARG,GBR,7133
14,81,1191,1992,18773,962704,0.083812,0.637224,AUS,GBR,7133
15,81,1191,1992,227662,494162,1.975207,0.669388,AUT,GBR,7133
18,81,1191,1992,1947924,1850691,1.449085,1.622957,BEL,GBR,7133
22,81,1191,1992,0,14892,-0.608254,-0.921751,BGD,GBR,7133
23,81,1191,1992,0,235911,0.503161,1.871616,BGR,GBR,7133
24,81,1191,1992,0,2144,0.047396,-0.554517,BHR,GBR,7133
30,81,1191,1992,0,196867,0.302027,-0.450866,BMU,GBR,7133
31,81,1191,1992,0,16015,-0.609826,-0.693473,BOL,GBR,7133
32,81,1191,1992,386703,70969,0.685144,1.5676709999999998,BRA,GBR,7133
33,81,1191,1992,0,1625,0.9121950000000001,0.413592,BRB,GBR,7133
34,81,1191,1992,0,114577,-1.142722,-0.818717,BRN,GBR,7133
39,81,1191,1992,38260,685259,0.74703,1.096791,CAN,GBR,7133
41,81,1191,1992,8132,142737,2.24952,1.014945,CHE,GBR,7133
42,81,1191,1992,0,85283,-0.188106,-0.360151,CHL,GBR,7133
43,81,1191,1992,50006,7503,0.269411,1.920075,CHN,GBR,7133
44,81,1191,1992,0,45485,-1.689731,-1.070179,CIV,GBR,7133
46,81,1191,1992,0,12384,-1.55348,-1.100071,COD,GBR,7133
47,81,1191,1992,0,2195,-2.019876,-1.1048360000000002,COG,GBR,7133
49,81,1191,1992,0,8028,0.022895,0.22971799999999998,COL,GBR,7133
52,81,1191,1992,0,10971,0.11654,0.191873,CRI,GBR,7133
53,81,1191,1992,0,620748,1.116966,2.225331,CSK,GBR,7133
58,81,1191,1992,4867,147462,0.471516,0.668776,CYP,GBR,7133
61,81,1191,1992,11136955,3191626,2.2968349999999997,-2.581569,DEU,GBR,7133
64,81,1191,1992,1278720,2129506,1.696464,1.365743,DNK,GBR,7133
65,81,1191,1992,0,149001,-0.338979,-0.5049279999999999,DOM,GBR,7133
68,81,1191,1992,0,520400,-0.102143,-0.17513499999999999,EGY,GBR,7133
71,81,1191,1992,310403,4664662,1.301511,1.730441,ESP,GBR,7133
74,81,1191,1992,381130,972973,1.929661,1.3477,FIN,GBR,7133
75,81,1191,1992,0,4418,-0.573887,-0.6382680000000001,FJI,GBR,7133
76,81,1191,1992,0,22376,1.4858149999999999,0.324821,FLK,GBR,7133
77,81,1191,1992,3267440,11018175,1.682766,1.2713430000000001,FRA,GBR,7133
78,81,1191,1992,0,49281,-0.51381,-0.8512059999999999,FRO,GBR,7133
83,81,1191,1992,0,91388,-0.936314,-0.935839,GHA,GBR,7133
84,81,1191,1992,1331,129023,1.356823,0.656416,GIB,GBR,7133
85,81,1191,1992,0,64875,-1.11535,-1.0306,GIN,GBR,7133
90,81,1191,1992,20597,2333667,0.139504,0.743678,GRC,GBR,7133
92,81,1191,1992,0,2857,-0.692587,-0.859656,GRL,GBR,7133
93,81,1191,1992,0,4530,-0.031145999999999997,0.48874300000000004,GTM,GBR,7133
96,81,1191,1992,0,394041,-0.6447689999999999,-0.808177,GUY,GBR,7133
97,81,1191,1992,7867,589359,0.754112,1.911201,HKG,GBR,7133
103,81,1191,1992,28145,37338,-0.5250670000000001,0.717568,IDN,GBR,7133
104,81,1191,1992,92133,25849,0.101094,1.6851180000000001,IND,GBR,7133
106,81,1191,1992,162445,1058540,1.454172,1.397052,IRL,GBR,7133
107,81,1191,1992,9453,156496,-1.195108,-1.135155,IRN,GBR,7133
109,81,1191,1992,18660,173400,-0.076691,-0.630567,ISL,GBR,7133
110,81,1191,1992,0,75807,1.354362,1.3260530000000001,ISR,GBR,7133
111,81,1191,1992,2930026,3762519,1.7819,0.981246,ITA,GBR,7133
112,81,1191,1992,0,47717,-0.200329,-0.595741,JAM,GBR,7133
113,81,1191,1992,3503,0,0.716964,0.5323760000000001,JOR,GBR,7133
114,81,1191,1992,15644478,294255,2.451698,0.875639,JPN,GBR,7133
116,81,1191,1992,3373,1454126,-0.31818,-0.096856,KEN,GBR,7133
121,81,1191,1992,2788949,770425,0.778066,1.3011139999999999,KOR,GBR,7133
124,81,1191,1992,0,28819,0.186135,0.800906,LBN,GBR,7133
126,81,1191,1992,0,480451,-0.333309,-0.981883,LBY,GBR,7133
127,81,1191,1992,0,75863,0.199639,-0.28238,LCA,GBR,7133
128,81,1191,1992,0,669012,-0.45780600000000005,-0.221948,LKA,GBR,7133
133,81,1191,1992,0,114766,0.249034,-0.026864,MAC,GBR,7133
134,81,1191,1992,0,92686,-0.339711,-0.265987,MAR,GBR,7133
137,81,1191,1992,0,353414,-0.501228,-0.8746290000000001,MDV,GBR,7133
138,81,1191,1992,7477,0,0.9039370000000001,0.965842,MEX,GBR,7133
141,81,1191,1992,0,3395,-0.9495790000000001,-1.028165,MLI,GBR,7133
142,81,1191,1992,17994,274917,0.828211,0.29226599999999997,MLT,GBR,7133
147,81,1191,1992,0,71163,-0.119653,-0.28381100000000004,MOZ,GBR,7133
150,81,1191,1992,0,5074,0.70167,-0.075327,MTQ,GBR,7133
151,81,1191,1992,0,3160,-0.249558,-0.643201,MUS,GBR,7133
152,81,1191,1992,1211,13213,-1.368384,-1.205314,MWI,GBR,7133
153,81,1191,1992,0,330849,0.14268499999999998,0.370079,MYS,GBR,7133
156,81,1191,1992,0,26671,-1.284672,-0.9233870000000001,NCL,GBR,7133
157,81,1191,1992,0,1891,0.056698,-0.6624770000000001,NER,GBR,7133
159,81,1191,1992,0,355632,-2.275923,-1.178983,NGA,GBR,7133
162,81,1191,1992,1981159,2301662,1.4315069999999999,1.7107450000000002,NLD,GBR,7133
163,81,1191,1992,353372,1474217,0.877965,0.444983,NOR,GBR,7133
166,81,1191,1992,27447,85240,0.41866000000000003,0.580581,NZL,GBR,7133
167,81,1191,1992,0,44374,-0.906702,-1.0716709999999998,OMN,GBR,7133
168,81,1191,1992,0,434752,-0.480152,-0.361705,PAK,GBR,7133
169,81,1191,1992,0,25803,0.289315,0.37247199999999997,PAN,GBR,7133
174,81,1191,1992,0,18640,-0.139761,0.772109,PHL,GBR,7133
177,81,1191,1992,0,389814,0.581166,2.070795,POL,GBR,7133
179,81,1191,1992,4334,1038832,0.47505,0.8402860000000001,PRT,GBR,7133
182,81,1191,1992,0,34608,0.217401,-0.5575180000000001,PYF,GBR,7133
183,81,1191,1992,0,108447,-0.491413,-1.004476,QAT,GBR,7133
184,81,1191,1992,0,41013,0.251216,-0.448812,REU,GBR,7133
185,81,1191,1992,0,13746,0.838817,1.358629,ROU,GBR,7133
186,81,1191,1992,14869,0,0.071799,0.14036099999999999,RUS,GBR,7133
188,81,1191,1992,0,2368729,0.416315,-0.7342489999999999,SAU,GBR,7133
189,81,1191,1992,0,9097,0.9474950000000001,2.442268,SCG,GBR,7133
191,81,1191,1992,0,26349,-0.43371800000000005,-0.679547,SEN,GBR,7133
192,81,1191,1992,0,2751116,0.95691,0.892702,SGP,GBR,7133
194,81,1191,1992,0,15801,0.500765,-0.539151,SHN,GBR,7133
196,81,1191,1992,6888,2950,-0.877425,-0.798561,SLE,GBR,7133
208,81,1191,1992,19802844,1021202,2.2265900000000003,0.999178,SWE,GBR,7133
211,81,1191,1992,0,58806,0.05767100000000001,-0.6613020000000001,SYC,GBR,7133
212,81,1191,1992,0,29927,-0.566724,-0.602446,SYR,GBR,7133
216,81,1191,1992,0,197128,0.109518,1.486578,THA,GBR,7133
222,81,1191,1992,959,0,0.43506000000000006,-0.43233599999999994,TTO,GBR,7133
223,81,1191,1992,0,344096,0.14482,-0.13608,TUN,GBR,7133
224,81,1191,1992,145034,1325978,0.160966,1.154796,TUR,GBR,7133
226,81,1191,1992,0,143510,-1.139271,-0.8235379999999999,TZA,GBR,7133
227,81,1191,1992,0,24051,-1.264399,-1.0359450000000001,UGA,GBR,7133
231,81,1191,1992,7469992,17093596,1.660693,1.289752,USA,GBR,7133
236,81,1191,1992,3500,2294,-0.106385,-0.65975,VEN,GBR,7133
246,81,1191,1992,23712,941231,0.236335,1.415622,ZAF,GBR,7133
247,81,1191,1992,0,5077,-0.9865219999999999,-1.076062,ZMB,GBR,7133
248,81,1191,1992,0,477810,-0.11168099999999999,0.143612,ZWE,GBR,7133
249,81,1191,1992,0,657402,1.3694790000000001,1.6227559999999999,TWN,GBR,7133
81,93,1191,1992,4530,0,1.8901810000000001,0.9274030000000001,GBR,GTM,7133
114,93,1191,1992,1148837,0,2.451698,0.875639,JPN,GTM,7133
138,93,1191,1992,0,39343,0.9039370000000001,0.965842,MEX,GTM,7133
231,93,1191,1992,644261,0,1.660693,1.289752,USA,GTM,7133
7,97,1191,1992,0,4484,-0.495518,-0.963358,ARE,HKG,7133
8,97,1191,1992,0,86902,0.043179,0.553408,ARG,HKG,7133
14,97,1191,1992,116501,327889,0.083812,0.637224,AUS,HKG,7133
18,97,1191,1992,149252,1034479,1.449085,1.622957,BEL,HKG,7133
22,97,1191,1992,0,73609,-0.608254,-0.921751,BGD,HKG,7133
34,97,1191,1992,0,121013,-1.142722,-0.818717,BRN,HKG,7133
39,97,1191,1992,49483,386336,0.74703,1.096791,CAN,HKG,7133
43,97,1191,1992,971368,5918184,0.269411,1.920075,CHN,HKG,7133
58,97,1191,1992,0,2513,0.471516,0.668776,CYP,HKG,7133
61,97,1191,1992,43071,7313,2.2968349999999997,-2.581569,DEU,HKG,7133
71,97,1191,1992,0,56663,1.301511,1.730441,ESP,HKG,7133
74,97,1191,1992,0,107135,1.929661,1.3477,FIN,HKG,7133
75,97,1191,1992,0,3959,-0.573887,-0.6382680000000001,FJI,HKG,7133
81,97,1191,1992,589359,7867,1.8901810000000001,0.9274030000000001,GBR,HKG,7133
86,97,1191,1992,0,3460,0.68221,-0.319682,GLP,HKG,7133
89,97,1191,1992,0,1829,-2.3828419999999997,-0.898589,GNQ,HKG,7133
94,97,1191,1992,0,2683,0.9797959999999999,0.125384,GUF,HKG,7133
103,97,1191,1992,24976,142598,-0.5250670000000001,0.717568,IDN,HKG,7133
104,97,1191,1992,0,76920,0.101094,1.6851180000000001,IND,HKG,7133
109,97,1191,1992,0,1347,-0.076691,-0.630567,ISL,HKG,7133
111,97,1191,1992,82012,2889,1.7819,0.981246,ITA,HKG,7133
114,97,1191,1992,7149250,7384,2.451698,0.875639,JPN,HKG,7133
116,97,1191,1992,0,2117,-0.31818,-0.096856,KEN,HKG,7133
121,97,1191,1992,0,421991,0.778066,1.3011139999999999,KOR,HKG,7133
128,97,1191,1992,0,3515,-0.45780600000000005,-0.221948,LKA,HKG,7133
133,97,1191,1992,24499,1776274,0.249034,-0.026864,MAC,HKG,7133
136,97,1191,1992,0,8375,-0.977873,-0.743187,MDG,HKG,7133
143,97,1191,1992,0,64154,-1.030267,-0.770368,MMR,HKG,7133
153,97,1191,1992,422925,709411,0.14268499999999998,0.370079,MYS,HKG,7133
162,97,1191,1992,36691,2924,1.4315069999999999,1.7107450000000002,NLD,HKG,7133
163,97,1191,1992,17788,26716,0.877965,0.444983,NOR,HKG,7133
166,97,1191,1992,1023,49930,0.41866000000000003,0.580581,NZL,HKG,7133
168,97,1191,1992,0,8334,-0.480152,-0.361705,PAK,HKG,7133
174,97,1191,1992,0,53279,-0.139761,0.772109,PHL,HKG,7133
176,97,1191,1992,0,2584,-1.602221,-1.058247,PNG,HKG,7133
191,97,1191,1992,0,30364,-0.43371800000000005,-0.679547,SEN,HKG,7133
192,97,1191,1992,3047406,378736,0.95691,0.892702,SGP,HKG,7133
196,97,1191,1992,0,3619,-0.877425,-0.798561,SLE,HKG,7133
208,97,1191,1992,709216,201242,2.2265900000000003,0.999178,SWE,HKG,7133
216,97,1191,1992,13441,23364,0.109518,1.486578,THA,HKG,7133
223,97,1191,1992,0,1732,0.14482,-0.13608,TUN,HKG,7133
226,97,1191,1992,0,2454,-1.139271,-0.8235379999999999,TZA,HKG,7133
227,97,1191,1992,0,1033,-1.264399,-1.0359450000000001,UGA,HKG,7133
230,97,1191,1992,0,5882,0.242758,0.711781,URY,HKG,7133
231,97,1191,1992,20994284,1119623,1.660693,1.289752,USA,HKG,7133
239,97,1191,1992,0,45181,-0.989259,-0.43416099999999996,VNM,HKG,7133
246,97,1191,1992,0,40250,0.236335,1.415622,ZAF,HKG,7133
249,97,1191,1992,138834,84233,1.3694790000000001,1.6227559999999999,TWN,HKG,7133
250,97,1191,1992,0,406524,0.989994,0.977453,ANS,HKG,7133
29,99,1191,1992,71155,0,-0.06729700000000001,-0.386682,BLZ,HND,7133
32,99,1191,1992,61688,0,0.685144,1.5676709999999998,BRA,HND,7133
90,99,1191,1992,1697,0,0.139504,0.743678,GRC,HND,7133
114,99,1191,1992,234255,0,2.451698,0.875639,JPN,HND,7133
231,99,1191,1992,386622,0,1.660693,1.289752,USA,HND,7133
18,106,1191,1992,212643,45690,1.449085,1.622957,BEL,IRL,7133
41,106,1191,1992,17196,0,2.24952,1.014945,CHE,IRL,7133
61,106,1191,1992,13952,0,2.2968349999999997,-2.581569,DEU,IRL,7133
64,106,1191,1992,13282,0,1.696464,1.365743,DNK,IRL,7133
68,106,1191,1992,0,9560,-0.102143,-0.17513499999999999,EGY,IRL,7133
71,106,1191,1992,6073,0,1.301511,1.730441,ESP,IRL,7133
74,106,1191,1992,6269,0,1.929661,1.3477,FIN,IRL,7133
77,106,1191,1992,298193,0,1.682766,1.2713430000000001,FRA,IRL,7133
81,106,1191,1992,1058540,162445,1.8901810000000001,0.9274030000000001,GBR,IRL,7133
102,106,1191,1992,0,6617,0.9144620000000001,2.157041,HUN,IRL,7133
111,106,1191,1992,8329,4334,1.7819,0.981246,ITA,IRL,7133
114,106,1191,1992,367248,0,2.451698,0.875639,JPN,IRL,7133
121,106,1191,1992,4002442,0,0.778066,1.3011139999999999,KOR,IRL,7133
162,106,1191,1992,40889,26202,1.4315069999999999,1.7107450000000002,NLD,IRL,7133
163,106,1191,1992,3599,0,0.877965,0.444983,NOR,IRL,7133
192,106,1191,1992,0,54747,0.95691,0.892702,SGP,IRL,7133
208,106,1191,1992,2620,0,2.2265900000000003,0.999178,SWE,IRL,7133
231,106,1191,1992,1951618,0,1.660693,1.289752,USA,IRL,7133
2,111,1191,1992,0,9757,-1.90642,-1.061544,AGO,ITA,7133
4,111,1191,1992,0,13008,-0.24194200000000002,-0.395524,ALB,ITA,7133
7,111,1191,1992,0,731062,-0.495518,-0.963358,ARE,ITA,7133
8,111,1191,1992,0,37420,0.043179,0.553408,ARG,ITA,7133
13,111,1191,1992,0,10837,0.561238,-0.164287,ATG,ITA,7133
14,111,1191,1992,18247,1168979,0.083812,0.637224,AUS,ITA,7133
15,111,1191,1992,75063,363280,1.975207,0.669388,AUT,ITA,7133
18,111,1191,1992,2407985,8053449,1.449085,1.622957,BEL,ITA,7133
19,111,1191,1992,0,4304,-1.206267,-0.855159,BEN,ITA,7133
23,111,1191,1992,0,1168,0.503161,1.871616,BGR,ITA,7133
31,111,1191,1992,0,23802,-0.609826,-0.693473,BOL,ITA,7133
32,111,1191,1992,0,1986,0.685144,1.5676709999999998,BRA,ITA,7133
39,111,1191,1992,0,1876,0.74703,1.096791,CAN,ITA,7133
41,111,1191,1992,233886,612208,2.24952,1.014945,CHE,ITA,7133
42,111,1191,1992,0,51407,-0.188106,-0.360151,CHL,ITA,7133
43,111,1191,1992,0,197910,0.269411,1.920075,CHN,ITA,7133
44,111,1191,1992,0,27764,-1.689731,-1.070179,CIV,ITA,7133
46,111,1191,1992,0,6225,-1.55348,-1.100071,COD,ITA,7133
49,111,1191,1992,0,25048,0.022895,0.22971799999999998,COL,ITA,7133
53,111,1191,1992,0,22764,1.116966,2.225331,CSK,ITA,7133
54,111,1191,1992,0,8699,-0.719011,-1.077984,CUB,ITA,7133
58,111,1191,1992,0,109411,0.471516,0.668776,CYP,ITA,7133
61,111,1191,1992,36105708,1727735,2.2968349999999997,-2.581569,DEU,ITA,7133
64,111,1191,1992,31507,294713,1.696464,1.365743,DNK,ITA,7133
66,111,1191,1992,0,684830,-0.24189699999999997,-0.9399219999999999,DZA,ITA,7133
67,111,1191,1992,0,32134,-0.815778,-0.9415459999999999,ECU,ITA,7133
68,111,1191,1992,0,464374,-0.102143,-0.17513499999999999,EGY,ITA,7133
71,111,1191,1992,1898614,7726716,1.301511,1.730441,ESP,ITA,7133
73,111,1191,1992,0,35454,-1.036482,-1.078446,ETH,ITA,7133
74,111,1191,1992,9534507,151817,1.929661,1.3477,FIN,ITA,7133
77,111,1191,1992,9066859,3876927,1.682766,1.2713430000000001,FRA,ITA,7133
81,111,1191,1992,3762519,2930026,1.8901810000000001,0.9274030000000001,GBR,ITA,7133
90,111,1191,1992,55750,1877767,0.139504,0.743678,GRC,ITA,7133
97,111,1191,1992,2889,82012,0.754112,1.911201,HKG,ITA,7133
100,111,1191,1992,3044,134143,0.877872,1.726188,HRV,ITA,7133
102,111,1191,1992,0,7365,0.9144620000000001,2.157041,HUN,ITA,7133
106,111,1191,1992,4334,8329,1.454172,1.397052,IRL,ITA,7133
107,111,1191,1992,0,588613,-1.195108,-1.135155,IRN,ITA,7133
109,111,1191,1992,0,3317,-0.076691,-0.630567,ISL,ITA,7133
110,111,1191,1992,0,73001,1.354362,1.3260530000000001,ISR,ITA,7133
114,111,1191,1992,9870032,107050,2.451698,0.875639,JPN,ITA,7133
116,111,1191,1992,0,15338,-0.31818,-0.096856,KEN,ITA,7133
121,111,1191,1992,3074664,1980875,0.778066,1.3011139999999999,KOR,ITA,7133
122,111,1191,1992,0,176761,-1.2360950000000002,-1.061771,KWT,ITA,7133
124,111,1191,1992,0,91788,0.186135,0.800906,LBN,ITA,7133
126,111,1191,1992,0,33902,-0.333309,-0.981883,LBY,ITA,7133
128,111,1191,1992,0,947,-0.45780600000000005,-0.221948,LKA,ITA,7133
134,111,1191,1992,3771,92223,-0.339711,-0.265987,MAR,ITA,7133
136,111,1191,1992,0,1176,-0.977873,-0.743187,MDG,ITA,7133
138,111,1191,1992,2605,0,0.9039370000000001,0.965842,MEX,ITA,7133
142,111,1191,1992,32333,76244,0.828211,0.29226599999999997,MLT,ITA,7133
143,111,1191,1992,0,3763,-1.030267,-0.770368,MMR,ITA,7133
153,111,1191,1992,0,24926,0.14268499999999998,0.370079,MYS,ITA,7133
159,111,1191,1992,0,14150,-2.275923,-1.178983,NGA,ITA,7133
162,111,1191,1992,14850005,1351223,1.4315069999999999,1.7107450000000002,NLD,ITA,7133
163,111,1191,1992,2722688,239752,0.877965,0.444983,NOR,ITA,7133
166,111,1191,1992,0,117914,0.41866000000000003,0.580581,NZL,ITA,7133
173,111,1191,1992,0,169759,-0.286545,-0.264638,PER,ITA,7133
174,111,1191,1992,0,190917,-0.139761,0.772109,PHL,ITA,7133
177,111,1191,1992,772399,11363,0.581166,2.070795,POL,ITA,7133
179,111,1191,1992,1481,899510,0.47505,0.8402860000000001,PRT,ITA,7133
185,111,1191,1992,0,19124,0.838817,1.358629,ROU,ITA,7133
186,111,1191,1992,0,184333,0.071799,0.14036099999999999,RUS,ITA,7133
188,111,1191,1992,0,5961,0.416315,-0.7342489999999999,SAU,ITA,7133
189,111,1191,1992,90269,466491,0.9474950000000001,2.442268,SCG,ITA,7133
190,111,1191,1992,0,6422,-0.930193,-1.02726,SDN,ITA,7133
191,111,1191,1992,0,1794,-0.43371800000000005,-0.679547,SEN,ITA,7133
192,111,1191,1992,3403,298608,0.95691,0.892702,SGP,ITA,7133
196,111,1191,1992,0,3417,-0.877425,-0.798561,SLE,ITA,7133
199,111,1191,1992,0,2251,-0.611123,-0.798546,SOM,ITA,7133
205,111,1191,1992,0,476051,-0.9841209999999999,-0.9359129999999999,SUR,ITA,7133
207,111,1191,1992,59922,172474,1.3270629999999999,1.605534,SVN,ITA,7133
208,111,1191,1992,22268626,205535,2.2265900000000003,0.999178,SWE,ITA,7133
211,111,1191,1992,0,124008,0.05767100000000001,-0.6613020000000001,SYC,ITA,7133
216,111,1191,1992,0,27614,0.109518,1.486578,THA,ITA,7133
223,111,1191,1992,0,516190,0.14482,-0.13608,TUN,ITA,7133
224,111,1191,1992,4330,953460,0.160966,1.154796,TUR,ITA,7133
226,111,1191,1992,2975,3399,-1.139271,-0.8235379999999999,TZA,ITA,7133
231,111,1191,1992,6895026,14367603,1.660693,1.289752,USA,ITA,7133
234,111,1191,1992,0,4635,-0.219271,-0.65981,VCT,ITA,7133
236,111,1191,1992,0,4782,-0.106385,-0.65975,VEN,ITA,7133
239,111,1191,1992,0,7885,-0.989259,-0.43416099999999996,VNM,ITA,7133
246,111,1191,1992,47512,60932,0.236335,1.415622,ZAF,ITA,7133
248,111,1191,1992,0,2129,-0.11168099999999999,0.143612,ZWE,ITA,7133
249,111,1191,1992,5845,192554,1.3694790000000001,1.6227559999999999,TWN,ITA,7133
250,111,1191,1992,88306,306695,0.989994,0.977453,ANS,ITA,7133
14,121,1191,1992,17794,0,0.083812,0.637224,AUS,KOR,7133
18,121,1191,1992,108136,0,1.449085,1.622957,BEL,KOR,7133
32,121,1191,1992,66415,0,0.685144,1.5676709999999998,BRA,KOR,7133
39,121,1191,1992,0,4297,0.74703,1.096791,CAN,KOR,7133
43,121,1191,1992,76589,2707,0.269411,1.920075,CHN,KOR,7133
61,121,1191,1992,16386399,3335298,2.2968349999999997,-2.581569,DEU,KOR,7133
64,121,1191,1992,94983,6488714,1.696464,1.365743,DNK,KOR,7133
65,121,1191,1992,0,7259,-0.338979,-0.5049279999999999,DOM,KOR,7133
77,121,1191,1992,0,19431,1.682766,1.2713430000000001,FRA,KOR,7133
81,121,1191,1992,770425,2788949,1.8901810000000001,0.9274030000000001,GBR,KOR,7133
90,121,1191,1992,0,3692,0.139504,0.743678,GRC,KOR,7133
97,121,1191,1992,421991,0,0.754112,1.911201,HKG,KOR,7133
104,121,1191,1992,185858,0,0.101094,1.6851180000000001,IND,KOR,7133
106,121,1191,1992,0,4002442,1.454172,1.397052,IRL,KOR,7133
111,121,1191,1992,1980875,3074664,1.7819,0.981246,ITA,KOR,7133
114,121,1191,1992,9008361,299786,2.451698,0.875639,JPN,KOR,7133
162,121,1191,1992,19519,0,1.4315069999999999,1.7107450000000002,NLD,KOR,7133
163,121,1191,1992,187947,0,0.877965,0.444983,NOR,KOR,7133
183,121,1191,1992,0,68690,-0.491413,-1.004476,QAT,KOR,7133
192,121,1191,1992,329819,182530,0.95691,0.892702,SGP,KOR,7133
208,121,1191,1992,5253056,0,2.2265900000000003,0.999178,SWE,KOR,7133
216,121,1191,1992,386723,0,0.109518,1.486578,THA,KOR,7133
231,121,1191,1992,7742506,1126,1.660693,1.289752,USA,KOR,7133
236,121,1191,1992,0,158123,-0.106385,-0.65975,VEN,KOR,7133
250,121,1191,1992,1648,16368,0.989994,0.977453,ANS,KOR,7133
14,153,1191,1992,22602,0,0.083812,0.637224,AUS,MYS,7133
18,153,1191,1992,53970,0,1.449085,1.622957,BEL,MYS,7133
32,153,1191,1992,133656,0,0.685144,1.5676709999999998,BRA,MYS,7133
34,153,1191,1992,0,52710,-1.142722,-0.818717,BRN,MYS,7133
39,153,1191,1992,762497,0,0.74703,1.096791,CAN,MYS,7133
41,153,1191,1992,48044,0,2.24952,1.014945,CHE,MYS,7133
43,153,1191,1992,469957,0,0.269411,1.920075,CHN,MYS,7133
61,153,1191,1992,2870731,0,2.2968349999999997,-2.581569,DEU,MYS,7133
64,153,1191,1992,151244,6270,1.696464,1.365743,DNK,MYS,7133
77,153,1191,1992,21310,0,1.682766,1.2713430000000001,FRA,MYS,7133
81,153,1191,1992,330849,0,1.8901810000000001,0.9274030000000001,GBR,MYS,7133
97,153,1191,1992,709411,422925,0.754112,1.911201,HKG,MYS,7133
103,153,1191,1992,3231,278683,-0.5250670000000001,0.717568,IDN,MYS,7133
104,153,1191,1992,20877,0,0.101094,1.6851180000000001,IND,MYS,7133
111,153,1191,1992,24926,0,1.7819,0.981246,ITA,MYS,7133
114,153,1191,1992,12972277,1185,2.451698,0.875639,JPN,MYS,7133
159,153,1191,1992,0,42315,-2.275923,-1.178983,NGA,MYS,7133
162,153,1191,1992,18195,0,1.4315069999999999,1.7107450000000002,NLD,MYS,7133
163,153,1191,1992,61156,0,0.877965,0.444983,NOR,MYS,7133
166,153,1191,1992,4064,0,0.41866000000000003,0.580581,NZL,MYS,7133
174,153,1191,1992,0,106457,-0.139761,0.772109,PHL,MYS,7133
176,153,1191,1992,0,1574,-1.602221,-1.058247,PNG,MYS,7133
186,153,1191,1992,1544,0,0.071799,0.14036099999999999,RUS,MYS,7133
192,153,1191,1992,4443193,522612,0.95691,0.892702,SGP,MYS,7133
208,153,1191,1992,1151965,0,2.2265900000000003,0.999178,SWE,MYS,7133
216,153,1191,1992,823660,122136,0.109518,1.486578,THA,MYS,7133
231,153,1191,1992,2413601,1141,1.660693,1.289752,USA,MYS,7133
249,153,1191,1992,107763,35545,1.3694790000000001,1.6227559999999999,TWN,MYS,7133
2,162,1191,1992,0,51745,-1.90642,-1.061544,AGO,NLD,7133
7,162,1191,1992,1855,70651,-0.495518,-0.963358,ARE,NLD,7133
8,162,1191,1992,0,43906,0.043179,0.553408,ARG,NLD,7133
14,162,1191,1992,0,43341,0.083812,0.637224,AUS,NLD,7133
15,162,1191,1992,23148,34930,1.975207,0.669388,AUT,NLD,7133
18,162,1191,1992,5642108,2456969,1.449085,1.622957,BEL,NLD,7133
22,162,1191,1992,0,25424,-0.608254,-0.921751,BGD,NLD,7133
23,162,1191,1992,0,5066,0.503161,1.871616,BGR,NLD,7133
32,162,1191,1992,4896,14585,0.685144,1.5676709999999998,BRA,NLD,7133
34,162,1191,1992,2156,0,-1.142722,-0.818717,BRN,NLD,7133
39,162,1191,1992,0,11945,0.74703,1.096791,CAN,NLD,7133
41,162,1191,1992,12171,263108,2.24952,1.014945,CHE,NLD,7133
42,162,1191,1992,0,14657,-0.188106,-0.360151,CHL,NLD,7133
45,162,1191,1992,0,4057,-2.0470759999999997,-1.184491,CMR,NLD,7133
46,162,1191,1992,0,34397,-1.55348,-1.100071,COD,NLD,7133
47,162,1191,1992,0,14403,-2.019876,-1.1048360000000002,COG,NLD,7133
51,162,1191,1992,0,41194,0.314087,-0.48178699999999997,CPV,NLD,7133
53,162,1191,1992,2472,0,1.116966,2.225331,CSK,NLD,7133
54,162,1191,1992,1514,0,-0.719011,-1.077984,CUB,NLD,7133
58,162,1191,1992,0,23652,0.471516,0.668776,CYP,NLD,7133
61,162,1191,1992,20079634,4325683,2.2968349999999997,-2.581569,DEU,NLD,7133
64,162,1191,1992,284442,918682,1.696464,1.365743,DNK,NLD,7133
66,162,1191,1992,0,1341,-0.24189699999999997,-0.9399219999999999,DZA,NLD,7133
68,162,1191,1992,0,38088,-0.102143,-0.17513499999999999,EGY,NLD,7133
71,162,1191,1992,2654655,672033,1.301511,1.730441,ESP,NLD,7133
74,162,1191,1992,1627658,107630,1.929661,1.3477,FIN,NLD,7133
77,162,1191,1992,1408964,1854408,1.682766,1.2713430000000001,FRA,NLD,7133
81,162,1191,1992,2301662,1981159,1.8901810000000001,0.9274030000000001,GBR,NLD,7133
83,162,1191,1992,0,6796,-0.936314,-0.935839,GHA,NLD,7133
85,162,1191,1992,0,2846,-1.11535,-1.0306,GIN,NLD,7133
87,162,1191,1992,0,6218,-1.4704190000000001,-0.940117,GMB,NLD,7133
90,162,1191,1992,3003,378837,0.139504,0.743678,GRC,NLD,7133
96,162,1191,1992,0,23963,-0.6447689999999999,-0.808177,GUY,NLD,7133
97,162,1191,1992,2924,36691,0.754112,1.911201,HKG,NLD,7133
100,162,1191,1992,0,1546,0.877872,1.726188,HRV,NLD,7133
102,162,1191,1992,0,18855,0.9144620000000001,2.157041,HUN,NLD,7133
103,162,1191,1992,1275,385631,-0.5250670000000001,0.717568,IDN,NLD,7133
104,162,1191,1992,107305,789865,0.101094,1.6851180000000001,IND,NLD,7133
106,162,1191,1992,26202,40889,1.454172,1.397052,IRL,NLD,7133
107,162,1191,1992,0,18783,-1.195108,-1.135155,IRN,NLD,7133
109,162,1191,1992,2443,47692,-0.076691,-0.630567,ISL,NLD,7133
110,162,1191,1992,145497,8010,1.354362,1.3260530000000001,ISR,NLD,7133
111,162,1191,1992,1351223,14850005,1.7819,0.981246,ITA,NLD,7133
114,162,1191,1992,17902090,5128,2.451698,0.875639,JPN,NLD,7133
121,162,1191,1992,0,19519,0.778066,1.3011139999999999,KOR,NLD,7133
134,162,1191,1992,0,11946,-0.339711,-0.265987,MAR,NLD,7133
137,162,1191,1992,0,17460,-0.501228,-0.8746290000000001,MDV,NLD,7133
141,162,1191,1992,0,55468,-0.9495790000000001,-1.028165,MLI,NLD,7133
142,162,1191,1992,0,14328,0.828211,0.29226599999999997,MLT,NLD,7133
147,162,1191,1992,0,15178,-0.119653,-0.28381100000000004,MOZ,NLD,7133
153,162,1191,1992,0,18195,0.14268499999999998,0.370079,MYS,NLD,7133
159,162,1191,1992,0,828940,-2.275923,-1.178983,NGA,NLD,7133
163,162,1191,1992,790467,172293,0.877965,0.444983,NOR,NLD,7133
164,162,1191,1992,0,5085,-0.604018,-0.677756,NPL,NLD,7133
166,162,1191,1992,11527,79411,0.41866000000000003,0.580581,NZL,NLD,7133
167,162,1191,1992,0,74345,-0.906702,-1.0716709999999998,OMN,NLD,7133
168,162,1191,1992,0,26122,-0.480152,-0.361705,PAK,NLD,7133
169,162,1191,1992,0,12767,0.289315,0.37247199999999997,PAN,NLD,7133
173,162,1191,1992,0,287437,-0.286545,-0.264638,PER,NLD,7133
174,162,1191,1992,0,2178,-0.139761,0.772109,PHL,NLD,7133
176,162,1191,1992,0,7286,-1.602221,-1.058247,PNG,NLD,7133
177,162,1191,1992,2436884,73586,0.581166,2.070795,POL,NLD,7133
179,162,1191,1992,1313,73862,0.47505,0.8402860000000001,PRT,NLD,7133
183,162,1191,1992,0,4602,-0.491413,-1.004476,QAT,NLD,7133
185,162,1191,1992,0,15642,0.838817,1.358629,ROU,NLD,7133
188,162,1191,1992,0,84895,0.416315,-0.7342489999999999,SAU,NLD,7133
189,162,1191,1992,69190,105333,0.9474950000000001,2.442268,SCG,NLD,7133
191,162,1191,1992,0,28177,-0.43371800000000005,-0.679547,SEN,NLD,7133
192,162,1191,1992,18804,1162436,0.95691,0.892702,SGP,NLD,7133
205,162,1191,1992,0,87999,-0.9841209999999999,-0.9359129999999999,SUR,NLD,7133
207,162,1191,1992,5283,30546,1.3270629999999999,1.605534,SVN,NLD,7133
208,162,1191,1992,7078884,71850,2.2265900000000003,0.999178,SWE,NLD,7133
212,162,1191,1992,0,42168,-0.566724,-0.602446,SYR,NLD,7133
216,162,1191,1992,0,145810,0.109518,1.486578,THA,NLD,7133
224,162,1191,1992,112469,94992,0.160966,1.154796,TUR,NLD,7133
226,162,1191,1992,0,1445,-1.139271,-0.8235379999999999,TZA,NLD,7133
231,162,1191,1992,13370332,105643,1.660693,1.289752,USA,NLD,7133
239,162,1191,1992,0,13407,-0.989259,-0.43416099999999996,VNM,NLD,7133
246,162,1191,1992,51490,321267,0.236335,1.415622,ZAF,NLD,7133
248,162,1191,1992,0,6632,-0.11168099999999999,0.143612,ZWE,NLD,7133
249,162,1191,1992,0,628616,1.3694790000000001,1.6227559999999999,TWN,NLD,7133
250,162,1191,1992,52052,0,0.989994,0.977453,ANS,NLD,7133
7,163,1191,1992,0,15419,-0.495518,-0.963358,ARE,NOR,7133
14,163,1191,1992,0,2279,0.083812,0.637224,AUS,NOR,7133
15,163,1191,1992,1807,17939,1.975207,0.669388,AUT,NOR,7133
18,163,1191,1992,539258,68428,1.449085,1.622957,BEL,NOR,7133
39,163,1191,1992,1297,2238089,0.74703,1.096791,CAN,NOR,7133
41,163,1191,1992,0,22931,2.24952,1.014945,CHE,NOR,7133
42,163,1191,1992,0,297253,-0.188106,-0.360151,CHL,NOR,7133
43,163,1191,1992,0,41088,0.269411,1.920075,CHN,NOR,7133
61,163,1191,1992,31175484,1782868,2.2968349999999997,-2.581569,DEU,NOR,7133
64,163,1191,1992,1627956,1277680,1.696464,1.365743,DNK,NOR,7133
71,163,1191,1992,45653,3194946,1.301511,1.730441,ESP,NOR,7133
74,163,1191,1992,5587372,236695,1.929661,1.3477,FIN,NOR,7133
77,163,1191,1992,2160220,135948,1.682766,1.2713430000000001,FRA,NOR,7133
78,163,1191,1992,0,511251,-0.51381,-0.8512059999999999,FRO,NOR,7133
81,163,1191,1992,1474217,353372,1.8901810000000001,0.9274030000000001,GBR,NOR,7133
90,163,1191,1992,3718,0,0.139504,0.743678,GRC,NOR,7133
92,163,1191,1992,0,15675,-0.692587,-0.859656,GRL,NOR,7133
97,163,1191,1992,26716,17788,0.754112,1.911201,HKG,NOR,7133
103,163,1191,1992,0,793,-0.5250670000000001,0.717568,IDN,NOR,7133
104,163,1191,1992,48743,1001468,0.101094,1.6851180000000001,IND,NOR,7133
106,163,1191,1992,0,3599,1.454172,1.397052,IRL,NOR,7133
109,163,1191,1992,0,101194,-0.076691,-0.630567,ISL,NOR,7133
111,163,1191,1992,239752,2722688,1.7819,0.981246,ITA,NOR,7133
114,163,1191,1992,11731905,204449,2.451698,0.875639,JPN,NOR,7133
118,163,1191,1992,0,366994,-1.036685,-1.149364,KHM,NOR,7133
121,163,1191,1992,0,187947,0.778066,1.3011139999999999,KOR,NOR,7133
136,163,1191,1992,0,4549,-0.977873,-0.743187,MDG,NOR,7133
142,163,1191,1992,0,20470,0.828211,0.29226599999999997,MLT,NOR,7133
151,163,1191,1992,0,24344,-0.249558,-0.643201,MUS,NOR,7133
153,163,1191,1992,0,61156,0.14268499999999998,0.370079,MYS,NOR,7133
159,163,1191,1992,0,514051,-2.275923,-1.178983,NGA,NOR,7133
162,163,1191,1992,172293,790467,1.4315069999999999,1.7107450000000002,NLD,NOR,7133
166,163,1191,1992,0,65733,0.41866000000000003,0.580581,NZL,NOR,7133
177,163,1191,1992,3148506,0,0.581166,2.070795,POL,NOR,7133
179,163,1191,1992,0,20893,0.47505,0.8402860000000001,PRT,NOR,7133
186,163,1191,1992,4973422,40429,0.071799,0.14036099999999999,RUS,NOR,7133
192,163,1191,1992,1520,57625,0.95691,0.892702,SGP,NOR,7133
196,163,1191,1992,0,39534,-0.877425,-0.798561,SLE,NOR,7133
208,163,1191,1992,7778706,645299,2.2265900000000003,0.999178,SWE,NOR,7133
224,163,1191,1992,0,1068149,0.160966,1.154796,TUR,NOR,7133
228,163,1191,1992,0,2515670,0.375148,0.23747,UKR,NOR,7133
231,163,1191,1992,2474965,1470930,1.660693,1.289752,USA,NOR,7133
236,163,1191,1992,0,301630,-0.106385,-0.65975,VEN,NOR,7133
249,163,1191,1992,0,333929,1.3694790000000001,1.6227559999999999,TWN,NOR,7133
8,169,1191,1992,0,2102,0.043179,0.553408,ARG,PAN,7133
49,169,1191,1992,0,15508,0.022895,0.22971799999999998,COL,PAN,7133
77,169,1191,1992,12487,0,1.682766,1.2713430000000001,FRA,PAN,7133
81,169,1191,1992,25803,0,1.8901810000000001,0.9274030000000001,GBR,PAN,7133
114,169,1191,1992,1573352,0,2.451698,0.875639,JPN,PAN,7133
136,169,1191,1992,51215,0,-0.977873,-0.743187,MDG,PAN,7133
162,169,1191,1992,12767,0,1.4315069999999999,1.7107450000000002,NLD,PAN,7133
180,169,1191,1992,0,2362,-0.906433,-0.787177,PRY,PAN,7133
231,169,1191,1992,1454393,0,1.660693,1.289752,USA,PAN,7133
236,169,1191,1992,0,30509,-0.106385,-0.65975,VEN,PAN,7133
14,174,1191,1992,1719,0,0.083812,0.637224,AUS,PHL,7133
32,174,1191,1992,29687,0,0.685144,1.5676709999999998,BRA,PHL,7133
39,174,1191,1992,1171,0,0.74703,1.096791,CAN,PHL,7133
43,174,1191,1992,37505,0,0.269411,1.920075,CHN,PHL,7133
61,174,1191,1992,11967,0,2.2968349999999997,-2.581569,DEU,PHL,7133
81,174,1191,1992,18640,0,1.8901810000000001,0.9274030000000001,GBR,PHL,7133
97,174,1191,1992,53279,0,0.754112,1.911201,HKG,PHL,7133
104,174,1191,1992,41676,0,0.101094,1.6851180000000001,IND,PHL,7133
111,174,1191,1992,190917,0,1.7819,0.981246,ITA,PHL,7133
114,174,1191,1992,392640,0,2.451698,0.875639,JPN,PHL,7133
153,174,1191,1992,106457,0,0.14268499999999998,0.370079,MYS,PHL,7133
162,174,1191,1992,2178,0,1.4315069999999999,1.7107450000000002,NLD,PHL,7133
188,174,1191,1992,0,3328,0.416315,-0.7342489999999999,SAU,PHL,7133
189,174,1191,1992,2770,0,0.9474950000000001,2.442268,SCG,PHL,7133
192,174,1191,1992,487460,0,0.95691,0.892702,SGP,PHL,7133
208,174,1191,1992,20538,0,2.2265900000000003,0.999178,SWE,PHL,7133
216,174,1191,1992,547601,0,0.109518,1.486578,THA,PHL,7133
231,174,1191,1992,1736822,0,1.660693,1.289752,USA,PHL,7133
249,174,1191,1992,4509,0,1.3694790000000001,1.6227559999999999,TWN,PHL,7133
2,179,1191,1992,0,299878,-1.90642,-1.061544,AGO,PRT,7133
18,179,1191,1992,923154,40450,1.449085,1.622957,BEL,PRT,7133
32,179,1191,1992,87947,0,0.685144,1.5676709999999998,BRA,PRT,7133
41,179,1191,1992,1947,0,2.24952,1.014945,CHE,PRT,7133
51,179,1191,1992,0,50146,0.314087,-0.48178699999999997,CPV,PRT,7133
61,179,1191,1992,1911702,9490,2.2968349999999997,-2.581569,DEU,PRT,7133
64,179,1191,1992,726049,0,1.696464,1.365743,DNK,PRT,7133
71,179,1191,1992,414090,447478,1.301511,1.730441,ESP,PRT,7133
74,179,1191,1992,1651045,0,1.929661,1.3477,FIN,PRT,7133
77,179,1191,1992,291993,7265,1.682766,1.2713430000000001,FRA,PRT,7133
81,179,1191,1992,1038832,4334,1.8901810000000001,0.9274030000000001,GBR,PRT,7133
88,179,1191,1992,0,9061,-0.22399299999999997,-0.667562,GNB,PRT,7133
90,179,1191,1992,0,14545,0.139504,0.743678,GRC,PRT,7133
111,179,1191,1992,899510,1481,1.7819,0.981246,ITA,PRT,7133
114,179,1191,1992,5397112,0,2.451698,0.875639,JPN,PRT,7133
147,179,1191,1992,0,1177,-0.119653,-0.28381100000000004,MOZ,PRT,7133
162,179,1191,1992,73862,1313,1.4315069999999999,1.7107450000000002,NLD,PRT,7133
163,179,1191,1992,20893,0,0.877965,0.444983,NOR,PRT,7133
