64,14,947,1992,386328,1532,1.696464,1.365743,DNK,AUS,5514
71,14,947,1992,43370,6538,1.301511,1.730441,ESP,AUS,5514
75,14,947,1992,14837,734625,-0.573887,-0.6382680000000001,FJI,AUS,5514
77,14,947,1992,1612848,19153,1.682766,1.2713430000000001,FRA,AUS,5514
81,14,947,1992,4415418,36608,1.8901810000000001,0.9274030000000001,GBR,AUS,5514
90,14,947,1992,0,3216,0.139504,0.743678,GRC,AUS,5514
97,14,947,1992,2040217,935880,0.754112,1.911201,HKG,AUS,5514
102,14,947,1992,0,4679,0.9144620000000001,2.157041,HUN,AUS,5514
103,14,947,1992,7594,1563618,-0.5250670000000001,0.717568,IDN,AUS,5514
104,14,947,1992,26866,6740,0.101094,1.6851180000000001,IND,AUS,5514
106,14,947,1992,854775,0,1.454172,1.397052,IRL,AUS,5514
110,14,947,1992,4371,0,1.354362,1.3260530000000001,ISR,AUS,5514
111,14,947,1992,537961,0,1.7819,0.981246,ITA,AUS,5514
114,14,947,1992,577752,4752,2.451698,0.875639,JPN,AUS,5514
119,14,947,1992,0,7010,-0.047671,-0.740088,KIR,AUS,5514
121,14,947,1992,0,170783,0.778066,1.3011139999999999,KOR,AUS,5514
128,14,947,1992,0,19646,-0.45780600000000005,-0.221948,LKA,AUS,5514
133,14,947,1992,0,1399,0.249034,-0.026864,MAC,AUS,5514
138,14,947,1992,996,0,0.9039370000000001,0.965842,MEX,AUS,5514
151,14,947,1992,0,59855,-0.249558,-0.643201,MUS,AUS,5514
153,14,947,1992,3943,876118,0.14268499999999998,0.370079,MYS,AUS,5514
156,14,947,1992,0,187390,-1.284672,-0.9233870000000001,NCL,AUS,5514
162,14,947,1992,1974819,45259,1.4315069999999999,1.7107450000000002,NLD,AUS,5514
165,14,947,1992,0,4526,0.612259,-0.618256,NRU,AUS,5514
166,14,947,1992,101470,2608873,0.41866000000000003,0.580581,NZL,AUS,5514
167,14,947,1992,0,5542,-0.906702,-1.0716709999999998,OMN,AUS,5514
168,14,947,1992,0,1732,-0.480152,-0.361705,PAK,AUS,5514
174,14,947,1992,53393,180716,-0.139761,0.772109,PHL,AUS,5514
176,14,947,1992,0,2711648,-1.602221,-1.058247,PNG,AUS,5514
177,14,947,1992,0,17294,0.581166,2.070795,POL,AUS,5514
182,14,947,1992,0,289122,0.217401,-0.5575180000000001,PYF,AUS,5514
188,14,947,1992,0,27533,0.416315,-0.7342489999999999,SAU,AUS,5514
192,14,947,1992,115916,479065,0.95691,0.892702,SGP,AUS,5514
195,14,947,1992,0,80040,-1.491786,-0.9599799999999999,SLB,AUS,5514
207,14,947,1992,26336,0,1.3270629999999999,1.605534,SVN,AUS,5514
208,14,947,1992,36157,1283,2.2265900000000003,0.999178,SWE,AUS,5514
216,14,947,1992,7966,811998,0.109518,1.486578,THA,AUS,5514
221,14,947,1992,0,35078,-0.787605,-0.880726,TON,AUS,5514
222,14,947,1992,0,2185,0.43506000000000006,-0.43233599999999994,TTO,AUS,5514
231,14,947,1992,5023926,33517,1.660693,1.289752,USA,AUS,5514
239,14,947,1992,0,29860,-0.989259,-0.43416099999999996,VNM,AUS,5514
240,14,947,1992,0,15405,-1.226071,-0.93215,VUT,AUS,5514
242,14,947,1992,0,242195,-0.130773,-0.751247,WSM,AUS,5514
246,14,947,1992,2088,46196,0.236335,1.415622,ZAF,AUS,5514
248,14,947,1992,0,2396,-0.11168099999999999,0.143612,ZWE,AUS,5514
249,14,947,1992,2031,84712,1.3694790000000001,1.6227559999999999,TWN,AUS,5514
250,14,947,1992,4566862,24945,0.989994,0.977453,ANS,AUS,5514
14,15,947,1992,0,75197,0.083812,0.637224,AUS,AUT,5514
18,15,947,1992,56886,401104,1.449085,1.622957,BEL,AUT,5514
21,15,947,1992,0,8437,-1.176898,-1.092949,BFA,AUT,5514
23,15,947,1992,0,105085,0.503161,1.871616,BGR,AUT,5514
32,15,947,1992,27807,17440,0.685144,1.5676709999999998,BRA,AUT,5514
39,15,947,1992,0,3331,0.74703,1.096791,CAN,AUT,5514
41,15,947,1992,10414276,359056,2.24952,1.014945,CHE,AUT,5514
43,15,947,1992,1330,4962,0.269411,1.920075,CHN,AUT,5514
49,15,947,1992,0,3184,0.022895,0.22971799999999998,COL,AUT,5514
53,15,947,1992,9563,3170380,1.116966,2.225331,CSK,AUT,5514
58,15,947,1992,0,24352,0.471516,0.668776,CYP,AUT,5514
61,15,947,1992,19350408,3221657,2.2968349999999997,-2.581569,DEU,AUT,5514
64,15,947,1992,2831,9301,1.696464,1.365743,DNK,AUT,5514
68,15,947,1992,0,283737,-0.102143,-0.17513499999999999,EGY,AUT,5514
71,15,947,1992,354715,75224,1.301511,1.730441,ESP,AUT,5514
72,15,947,1992,0,59501,0.22019699999999998,0.0198,EST,AUT,5514
74,15,947,1992,0,79227,1.929661,1.3477,FIN,AUT,5514
77,15,947,1992,4647194,406560,1.682766,1.2713430000000001,FRA,AUT,5514
81,15,947,1992,1724879,300696,1.8901810000000001,0.9274030000000001,GBR,AUT,5514
90,15,947,1992,0,6446,0.139504,0.743678,GRC,AUT,5514
97,15,947,1992,0,5885,0.754112,1.911201,HKG,AUT,5514
100,15,947,1992,0,288919,0.877872,1.726188,HRV,AUT,5514
102,15,947,1992,10273,3116570,0.9144620000000001,2.157041,HUN,AUT,5514
103,15,947,1992,0,2025,-0.5250670000000001,0.717568,IDN,AUT,5514
106,15,947,1992,694638,3597,1.454172,1.397052,IRL,AUT,5514
109,15,947,1992,0,1165,-0.076691,-0.630567,ISL,AUT,5514
110,15,947,1992,24286,41431,1.354362,1.3260530000000001,ISR,AUT,5514
111,15,947,1992,214203,160188,1.7819,0.981246,ITA,AUT,5514
113,15,947,1992,910,1574,0.716964,0.5323760000000001,JOR,AUT,5514
114,15,947,1992,1959,4709,2.451698,0.875639,JPN,AUT,5514
121,15,947,1992,0,57778,0.778066,1.3011139999999999,KOR,AUT,5514
124,15,947,1992,0,10579,0.186135,0.800906,LBN,AUT,5514
126,15,947,1992,0,47492,-0.333309,-0.981883,LBY,AUT,5514
130,15,947,1992,0,11882,0.7271810000000001,0.482357,LTU,AUT,5514
132,15,947,1992,0,38131,0.184303,0.022494999999999998,LVA,AUT,5514
134,15,947,1992,0,2429,-0.339711,-0.265987,MAR,AUT,5514
135,15,947,1992,0,40313,0.637534,0.04142,MDA,AUT,5514
153,15,947,1992,0,19143,0.14268499999999998,0.370079,MYS,AUT,5514
159,15,947,1992,0,6862,-2.275923,-1.178983,NGA,AUT,5514
162,15,947,1992,1463152,26157,1.4315069999999999,1.7107450000000002,NLD,AUT,5514
163,15,947,1992,0,7658,0.877965,0.444983,NOR,AUT,5514
166,15,947,1992,0,16668,0.41866000000000003,0.580581,NZL,AUT,5514
167,15,947,1992,0,117112,-0.906702,-1.0716709999999998,OMN,AUT,5514
177,15,947,1992,157325,1922072,0.581166,2.070795,POL,AUT,5514
179,15,947,1992,0,18136,0.47505,0.8402860000000001,PRT,AUT,5514
185,15,947,1992,0,151211,0.838817,1.358629,ROU,AUT,5514
186,15,947,1992,0,56250,0.071799,0.14036099999999999,RUS,AUT,5514
188,15,947,1992,0,30830,0.416315,-0.7342489999999999,SAU,AUT,5514
189,15,947,1992,22011,503054,0.9474950000000001,2.442268,SCG,AUT,5514
192,15,947,1992,0,21790,0.95691,0.892702,SGP,AUT,5514
207,15,947,1992,12490,1376116,1.3270629999999999,1.605534,SVN,AUT,5514
208,15,947,1992,217438,24125,2.2265900000000003,0.999178,SWE,AUT,5514
212,15,947,1992,0,37200,-0.566724,-0.602446,SYR,AUT,5514
216,15,947,1992,160796,0,0.109518,1.486578,THA,AUT,5514
224,15,947,1992,0,55555,0.160966,1.154796,TUR,AUT,5514
231,15,947,1992,315020,876774,1.660693,1.289752,USA,AUT,5514
239,15,947,1992,0,74962,-0.989259,-0.43416099999999996,VNM,AUT,5514
243,15,947,1992,0,5424,-0.7116020000000001,-0.9852489999999999,YEM,AUT,5514
246,15,947,1992,0,2744,0.236335,1.415622,ZAF,AUT,5514
249,15,947,1992,0,46349,1.3694790000000001,1.6227559999999999,TWN,AUT,5514
41,22,947,1992,146312,0,2.24952,1.014945,CHE,BGD,5514
61,22,947,1992,589866,0,2.2968349999999997,-2.581569,DEU,BGD,5514
64,22,947,1992,2637,0,1.696464,1.365743,DNK,BGD,5514
71,22,947,1992,3273,0,1.301511,1.730441,ESP,BGD,5514
77,22,947,1992,137487,0,1.682766,1.2713430000000001,FRA,BGD,5514
81,22,947,1992,794653,0,1.8901810000000001,0.9274030000000001,GBR,BGD,5514
97,22,947,1992,62038,0,0.754112,1.911201,HKG,BGD,5514
104,22,947,1992,7114,0,0.101094,1.6851180000000001,IND,BGD,5514
106,22,947,1992,94283,0,1.454172,1.397052,IRL,BGD,5514
109,22,947,1992,120950,0,-0.076691,-0.630567,ISL,BGD,5514
114,22,947,1992,2461,0,2.451698,0.875639,JPN,BGD,5514
162,22,947,1992,229373,0,1.4315069999999999,1.7107450000000002,NLD,BGD,5514
188,22,947,1992,3642,0,0.416315,-0.7342489999999999,SAU,BGD,5514
192,22,947,1992,198231,0,0.95691,0.892702,SGP,BGD,5514
208,22,947,1992,20536,0,2.2265900000000003,0.999178,SWE,BGD,5514
231,22,947,1992,11022,0,1.660693,1.289752,USA,BGD,5514
15,23,947,1992,105085,0,1.975207,0.669388,AUT,BGR,5514
18,23,947,1992,932538,0,1.449085,1.622957,BEL,BGR,5514
41,23,947,1992,289022,0,2.24952,1.014945,CHE,BGR,5514
43,23,947,1992,6172,0,0.269411,1.920075,CHN,BGR,5514
61,23,947,1992,544951,0,2.2968349999999997,-2.581569,DEU,BGR,5514
64,23,947,1992,15194,0,1.696464,1.365743,DNK,BGR,5514
77,23,947,1992,239318,0,1.682766,1.2713430000000001,FRA,BGR,5514
81,23,947,1992,254956,0,1.8901810000000001,0.9274030000000001,GBR,BGR,5514
102,23,947,1992,80516,0,0.9144620000000001,2.157041,HUN,BGR,5514
110,23,947,1992,2579,0,1.354362,1.3260530000000001,ISR,BGR,5514
111,23,947,1992,42526,0,1.7819,0.981246,ITA,BGR,5514
162,23,947,1992,828345,0,1.4315069999999999,1.7107450000000002,NLD,BGR,5514
177,23,947,1992,64947,0,0.581166,2.070795,POL,BGR,5514
189,23,947,1992,0,95227,0.9474950000000001,2.442268,SCG,BGR,5514
208,23,947,1992,79325,0,2.2265900000000003,0.999178,SWE,BGR,5514
212,23,947,1992,0,16907,-0.566724,-0.602446,SYR,BGR,5514
224,23,947,1992,951,1141,0.160966,1.154796,TUR,BGR,5514
231,23,947,1992,297624,0,1.660693,1.289752,USA,BGR,5514
8,39,947,1992,0,22074,0.043179,0.553408,ARG,CAN,5514
14,39,947,1992,0,70641,0.083812,0.637224,AUS,CAN,5514
15,39,947,1992,3331,0,1.975207,0.669388,AUT,CAN,5514
18,39,947,1992,92813,8410,1.449085,1.622957,BEL,CAN,5514
32,39,947,1992,1185,0,0.685144,1.5676709999999998,BRA,CAN,5514
33,39,947,1992,1778,7248,0.9121950000000001,0.413592,BRB,CAN,5514
41,39,947,1992,803311,12302,2.24952,1.014945,CHE,CAN,5514
42,39,947,1992,0,2345,-0.188106,-0.360151,CHL,CAN,5514
43,39,947,1992,0,1545,0.269411,1.920075,CHN,CAN,5514
49,39,947,1992,0,4234,0.022895,0.22971799999999998,COL,CAN,5514
58,39,947,1992,0,3764,0.471516,0.668776,CYP,CAN,5514
61,39,947,1992,1110215,258972,2.2968349999999997,-2.581569,DEU,CAN,5514
64,39,947,1992,1203,858713,1.696464,1.365743,DNK,CAN,5514
71,39,947,1992,3343,40044,1.301511,1.730441,ESP,CAN,5514
77,39,947,1992,1388439,196754,1.682766,1.2713430000000001,FRA,CAN,5514
81,39,947,1992,709488,312109,1.8901810000000001,0.9274030000000001,GBR,CAN,5514
97,39,947,1992,7470,153386,0.754112,1.911201,HKG,CAN,5514
103,39,947,1992,0,2783,-0.5250670000000001,0.717568,IDN,CAN,5514
104,39,947,1992,7364,0,0.101094,1.6851180000000001,IND,CAN,5514
106,39,947,1992,233618,6090,1.454172,1.397052,IRL,CAN,5514
110,39,947,1992,3213,1483,1.354362,1.3260530000000001,ISR,CAN,5514
111,39,947,1992,255515,10942,1.7819,0.981246,ITA,CAN,5514
112,39,947,1992,31985,1800,-0.200329,-0.595741,JAM,CAN,5514
114,39,947,1992,15427,1062901,2.451698,0.875639,JPN,CAN,5514
121,39,947,1992,7166,0,0.778066,1.3011139999999999,KOR,CAN,5514
128,39,947,1992,2973,0,-0.45780600000000005,-0.221948,LKA,CAN,5514
138,39,947,1992,46880,0,0.9039370000000001,0.965842,MEX,CAN,5514
153,39,947,1992,0,24217,0.14268499999999998,0.370079,MYS,CAN,5514
162,39,947,1992,937387,108720,1.4315069999999999,1.7107450000000002,NLD,CAN,5514
166,39,947,1992,21352,9050,0.41866000000000003,0.580581,NZL,CAN,5514
174,39,947,1992,0,91308,-0.139761,0.772109,PHL,CAN,5514
179,39,947,1992,0,3696,0.47505,0.8402860000000001,PRT,CAN,5514
188,39,947,1992,0,29880,0.416315,-0.7342489999999999,SAU,CAN,5514
192,39,947,1992,0,5751,0.95691,0.892702,SGP,CAN,5514
197,39,947,1992,0,942,0.396523,0.47548900000000005,SLV,CAN,5514
208,39,947,1992,0,104853,2.2265900000000003,0.999178,SWE,CAN,5514
216,39,947,1992,9216,1010,0.109518,1.486578,THA,CAN,5514
222,39,947,1992,0,62725,0.43506000000000006,-0.43233599999999994,TTO,CAN,5514
231,39,947,1992,65435040,6713372,1.660693,1.289752,USA,CAN,5514
236,39,947,1992,0,4002,-0.106385,-0.65975,VEN,CAN,5514
2,41,947,1992,0,278262,-1.90642,-1.061544,AGO,CHE,5514
6,41,947,1992,0,31609,0.258484,-0.47236000000000006,ANT,CHE,5514
7,41,947,1992,17809,2700972,-0.495518,-0.963358,ARE,CHE,5514
8,41,947,1992,0,3825060,0.043179,0.553408,ARG,CHE,5514
13,41,947,1992,0,5762,0.561238,-0.164287,ATG,CHE,5514
14,41,947,1992,18358,4190480,0.083812,0.637224,AUS,CHE,5514
15,41,947,1992,359056,10414276,1.975207,0.669388,AUT,CHE,5514
18,41,947,1992,308915,6256072,1.449085,1.622957,BEL,CHE,5514
22,41,947,1992,0,146312,-0.608254,-0.921751,BGD,CHE,5514
23,41,947,1992,0,289022,0.503161,1.871616,BGR,CHE,5514
24,41,947,1992,0,380702,0.047396,-0.554517,BHR,CHE,5514
28,41,947,1992,0,6694,0.6011380000000001,0.450072,BLR,CHE,5514
31,41,947,1992,0,307232,-0.609826,-0.693473,BOL,CHE,5514
32,41,947,1992,44500,463987,0.685144,1.5676709999999998,BRA,CHE,5514
33,41,947,1992,0,2520,0.9121950000000001,0.413592,BRB,CHE,5514
39,41,947,1992,12302,803311,0.74703,1.096791,CAN,CHE,5514
42,41,947,1992,0,6700010,-0.188106,-0.360151,CHL,CHE,5514
43,41,947,1992,44221,161813,0.269411,1.920075,CHN,CHE,5514
44,41,947,1992,0,713416,-1.689731,-1.070179,CIV,CHE,5514
45,41,947,1992,0,275118,-2.0470759999999997,-1.184491,CMR,CHE,5514
46,41,947,1992,0,255402,-1.55348,-1.100071,COD,CHE,5514
49,41,947,1992,14703,7027812,0.022895,0.22971799999999998,COL,CHE,5514
52,41,947,1992,0,1478110,0.11654,0.191873,CRI,CHE,5514
53,41,947,1992,0,2372517,1.116966,2.225331,CSK,CHE,5514
58,41,947,1992,11684,627769,0.471516,0.668776,CYP,CHE,5514
61,41,947,1992,18477984,76849928,2.2968349999999997,-2.581569,DEU,CHE,5514
63,41,947,1992,0,446076,0.9006850000000001,-0.055001999999999995,DMA,CHE,5514
64,41,947,1992,232370,3289276,1.696464,1.365743,DNK,CHE,5514
65,41,947,1992,0,1169603,-0.338979,-0.5049279999999999,DOM,CHE,5514
66,41,947,1992,0,67226,-0.24189699999999997,-0.9399219999999999,DZA,CHE,5514
67,41,947,1992,0,1316768,-0.815778,-0.9415459999999999,ECU,CHE,5514
68,41,947,1992,0,699918,-0.102143,-0.17513499999999999,EGY,CHE,5514
71,41,947,1992,373393,16723796,1.301511,1.730441,ESP,CHE,5514
74,41,947,1992,0,2220081,1.929661,1.3477,FIN,CHE,5514
77,41,947,1992,18194350,60289488,1.682766,1.2713430000000001,FRA,CHE,5514
80,41,947,1992,0,47970,-1.683572,-1.0855620000000001,GAB,CHE,5514
81,41,947,1992,2437196,31784918,1.8901810000000001,0.9274030000000001,GBR,CHE,5514
83,41,947,1992,0,151259,-0.936314,-0.935839,GHA,CHE,5514
90,41,947,1992,0,5971158,0.139504,0.743678,GRC,CHE,5514
93,41,947,1992,0,1534891,-0.031145999999999997,0.48874300000000004,GTM,CHE,5514
97,41,947,1992,8447,6489162,0.754112,1.911201,HKG,CHE,5514
99,41,947,1992,2100,133781,-0.5100640000000001,-0.38205900000000004,HND,CHE,5514
100,41,947,1992,0,208927,0.877872,1.726188,HRV,CHE,5514
101,41,947,1992,0,768975,-0.005733,-0.191027,HTI,CHE,5514
102,41,947,1992,0,3500038,0.9144620000000001,2.157041,HUN,CHE,5514
103,41,947,1992,31283,7004022,-0.5250670000000001,0.717568,IDN,CHE,5514
104,41,947,1992,2135,411873,0.101094,1.6851180000000001,IND,CHE,5514
106,41,947,1992,9969300,1626893,1.454172,1.397052,IRL,CHE,5514
107,41,947,1992,0,763052,-1.195108,-1.135155,IRN,CHE,5514
108,41,947,1992,0,19040,-1.162989,-0.8323229999999999,IRQ,CHE,5514
109,41,947,1992,0,193616,-0.076691,-0.630567,ISL,CHE,5514
110,41,947,1992,160979,3202076,1.354362,1.3260530000000001,ISR,CHE,5514
111,41,947,1992,2823665,34045404,1.7819,0.981246,ITA,CHE,5514
112,41,947,1992,0,224228,-0.200329,-0.595741,JAM,CHE,5514
113,41,947,1992,0,480767,0.716964,0.5323760000000001,JOR,CHE,5514
114,41,947,1992,135225,16837732,2.451698,0.875639,JPN,CHE,5514
116,41,947,1992,0,469584,-0.31818,-0.096856,KEN,CHE,5514
121,41,947,1992,0,6700876,0.778066,1.3011139999999999,KOR,CHE,5514
122,41,947,1992,0,324703,-1.2360950000000002,-1.061771,KWT,CHE,5514
124,41,947,1992,0,309646,0.186135,0.800906,LBN,CHE,5514
126,41,947,1992,0,95488,-0.333309,-0.981883,LBY,CHE,5514
127,41,947,1992,0,1295,0.199639,-0.28238,LCA,CHE,5514
128,41,947,1992,0,355650,-0.45780600000000005,-0.221948,LKA,CHE,5514
132,41,947,1992,0,64462,0.184303,0.022494999999999998,LVA,CHE,5514
133,41,947,1992,0,1856,0.249034,-0.026864,MAC,CHE,5514
134,41,947,1992,0,830117,-0.339711,-0.265987,MAR,CHE,5514
135,41,947,1992,0,28701,0.637534,0.04142,MDA,CHE,5514
136,41,947,1992,0,16011,-0.977873,-0.743187,MDG,CHE,5514
138,41,947,1992,12646,7839629,0.9039370000000001,0.965842,MEX,CHE,5514
142,41,947,1992,0,165043,0.828211,0.29226599999999997,MLT,CHE,5514
151,41,947,1992,0,507854,-0.249558,-0.643201,MUS,CHE,5514
152,41,947,1992,0,111879,-1.368384,-1.205314,MWI,CHE,5514
153,41,947,1992,0,2107128,0.14268499999999998,0.370079,MYS,CHE,5514
159,41,947,1992,0,1298224,-2.275923,-1.178983,NGA,CHE,5514
160,41,947,1992,0,36059,-0.214083,-0.111615,NIC,CHE,5514
162,41,947,1992,4982860,11509684,1.4315069999999999,1.7107450000000002,NLD,CHE,5514
163,41,947,1992,1390,1172097,0.877965,0.444983,NOR,CHE,5514
166,41,947,1992,31354,945404,0.41866000000000003,0.580581,NZL,CHE,5514
167,41,947,1992,0,230959,-0.906702,-1.0716709999999998,OMN,CHE,5514
168,41,947,1992,0,1355689,-0.480152,-0.361705,PAK,CHE,5514
169,41,947,1992,2067,1123422,0.289315,0.37247199999999997,PAN,CHE,5514
173,41,947,1992,0,1323867,-0.286545,-0.264638,PER,CHE,5514
174,41,947,1992,0,4076756,-0.139761,0.772109,PHL,CHE,5514
177,41,947,1992,45576,3787673,0.581166,2.070795,POL,CHE,5514
179,41,947,1992,0,5305870,0.47505,0.8402860000000001,PRT,CHE,5514
180,41,947,1992,0,127813,-0.906433,-0.787177,PRY,CHE,5514
183,41,947,1992,0,20910,-0.491413,-1.004476,QAT,CHE,5514
185,41,947,1992,0,140886,0.838817,1.358629,ROU,CHE,5514
186,41,947,1992,44177,106602,0.071799,0.14036099999999999,RUS,CHE,5514
188,41,947,1992,0,3395732,0.416315,-0.7342489999999999,SAU,CHE,5514
189,41,947,1992,0,675220,0.9474950000000001,2.442268,SCG,CHE,5514
190,41,947,1992,0,222981,-0.930193,-1.02726,SDN,CHE,5514
191,41,947,1992,0,139967,-0.43371800000000005,-0.679547,SEN,CHE,5514
192,41,947,1992,25651,7617136,0.95691,0.892702,SGP,CHE,5514
196,41,947,1992,0,4242,-0.877425,-0.798561,SLE,CHE,5514
197,41,947,1992,0,616047,0.396523,0.47548900000000005,SLV,CHE,5514
205,41,947,1992,0,7062,-0.9841209999999999,-0.9359129999999999,SUR,CHE,5514
207,41,947,1992,0,616750,1.3270629999999999,1.605534,SVN,CHE,5514
208,41,947,1992,528656,4224978,2.2265900000000003,0.999178,SWE,CHE,5514
212,41,947,1992,0,586326,-0.566724,-0.602446,SYR,CHE,5514
216,41,947,1992,0,6279666,0.109518,1.486578,THA,CHE,5514
222,41,947,1992,0,204265,0.43506000000000006,-0.43233599999999994,TTO,CHE,5514
223,41,947,1992,0,262970,0.14482,-0.13608,TUN,CHE,5514
224,41,947,1992,0,4833616,0.160966,1.154796,TUR,CHE,5514
226,41,947,1992,0,107742,-1.139271,-0.8235379999999999,TZA,CHE,5514
230,41,947,1992,0,943796,0.242758,0.711781,URY,CHE,5514
231,41,947,1992,4800956,32561862,1.660693,1.289752,USA,CHE,5514
236,41,947,1992,0,5034204,-0.106385,-0.65975,VEN,CHE,5514
239,41,947,1992,0,436027,-0.989259,-0.43416099999999996,VNM,CHE,5514
243,41,947,1992,0,465938,-0.7116020000000001,-0.9852489999999999,YEM,CHE,5514
246,41,947,1992,46320,12593494,0.236335,1.415622,ZAF,CHE,5514
247,41,947,1992,0,117714,-0.9865219999999999,-1.076062,ZMB,CHE,5514
248,41,947,1992,52157,1281297,-0.11168099999999999,0.143612,ZWE,CHE,5514
249,41,947,1992,10430,4777149,1.3694790000000001,1.6227559999999999,TWN,CHE,5514
250,41,947,1992,1124,3524,0.989994,0.977453,ANS,CHE,5514
8,42,947,1992,1032890,36875,0.043179,0.553408,ARG,CHL,5514
18,42,947,1992,1308,0,1.449085,1.622957,BEL,CHL,5514
31,42,947,1992,0,149714,-0.609826,-0.693473,BOL,CHL,5514
32,42,947,1992,157113,4925,0.685144,1.5676709999999998,BRA,CHL,5514
39,42,947,1992,2345,0,0.74703,1.096791,CAN,CHL,5514
41,42,947,1992,6700010,0,2.24952,1.014945,CHE,CHL,5514
49,42,947,1992,91380,0,0.022895,0.22971799999999998,COL,CHL,5514
52,42,947,1992,1221,1149,0.11654,0.191873,CRI,CHL,5514
61,42,947,1992,2229159,9209,2.2968349999999997,-2.581569,DEU,CHL,5514
64,42,947,1992,121855,0,1.696464,1.365743,DNK,CHL,5514
67,42,947,1992,0,6354,-0.815778,-0.9415459999999999,ECU,CHL,5514
71,42,947,1992,377477,0,1.301511,1.730441,ESP,CHL,5514
77,42,947,1992,1402185,9702,1.682766,1.2713430000000001,FRA,CHL,5514
81,42,947,1992,4071299,5763,1.8901810000000001,0.9274030000000001,GBR,CHL,5514
93,42,947,1992,526,8648,-0.031145999999999997,0.48874300000000004,GTM,CHL,5514
106,42,947,1992,2745392,0,1.454172,1.397052,IRL,CHL,5514
110,42,947,1992,20284,0,1.354362,1.3260530000000001,ISR,CHL,5514
111,42,947,1992,54009,0,1.7819,0.981246,ITA,CHL,5514
114,42,947,1992,2310,0,2.451698,0.875639,JPN,CHL,5514
138,42,947,1992,113690,1938,0.9039370000000001,0.965842,MEX,CHL,5514
162,42,947,1992,289731,0,1.4315069999999999,1.7107450000000002,NLD,CHL,5514
173,42,947,1992,57041,33133,-0.286545,-0.264638,PER,CHL,5514
180,42,947,1992,0,41622,-0.906433,-0.787177,PRY,CHL,5514
208,42,947,1992,0,6687,2.2265900000000003,0.999178,SWE,CHL,5514
230,42,947,1992,2137,5411,0.242758,0.711781,URY,CHL,5514
231,42,947,1992,5680373,638139,1.660693,1.289752,USA,CHL,5514
246,42,947,1992,4814,47243,0.236335,1.415622,ZAF,CHL,5514
250,42,947,1992,3858,1269,0.989994,0.977453,ANS,CHL,5514
7,68,947,1992,4095,9990,-0.495518,-0.963358,ARE,EGY,5514
15,68,947,1992,283737,0,1.975207,0.669388,AUT,EGY,5514
18,68,947,1992,353807,0,1.449085,1.622957,BEL,EGY,5514
41,68,947,1992,699918,0,2.24952,1.014945,CHE,EGY,5514
61,68,947,1992,1561048,0,2.2968349999999997,-2.581569,DEU,EGY,5514
64,68,947,1992,14839,0,1.696464,1.365743,DNK,EGY,5514
71,68,947,1992,60920,0,1.301511,1.730441,ESP,EGY,5514
77,68,947,1992,6172540,5532,1.682766,1.2713430000000001,FRA,EGY,5514
81,68,947,1992,1255106,0,1.8901810000000001,0.9274030000000001,GBR,EGY,5514
90,68,947,1992,5239,0,0.139504,0.743678,GRC,EGY,5514
106,68,947,1992,2026930,0,1.454172,1.397052,IRL,EGY,5514
111,68,947,1992,162906,0,1.7819,0.981246,ITA,EGY,5514
113,68,947,1992,0,30781,0.716964,0.5323760000000001,JOR,EGY,5514
114,68,947,1992,11193,0,2.451698,0.875639,JPN,EGY,5514
124,68,947,1992,3823,3767,0.186135,0.800906,LBN,EGY,5514
162,68,947,1992,1371466,1968,1.4315069999999999,1.7107450000000002,NLD,EGY,5514
167,68,947,1992,0,1915,-0.906702,-1.0716709999999998,OMN,EGY,5514
183,68,947,1992,0,471509,-0.491413,-1.004476,QAT,EGY,5514
185,68,947,1992,0,1638009,0.838817,1.358629,ROU,EGY,5514
186,68,947,1992,0,6085,0.071799,0.14036099999999999,RUS,EGY,5514
188,68,947,1992,1930,0,0.416315,-0.7342489999999999,SAU,EGY,5514
189,68,947,1992,0,293219,0.9474950000000001,2.442268,SCG,EGY,5514
190,68,947,1992,0,6475,-0.930193,-1.02726,SDN,EGY,5514
192,68,947,1992,2692,0,0.95691,0.892702,SGP,EGY,5514
208,68,947,1992,2756,0,2.2265900000000003,0.999178,SWE,EGY,5514
212,68,947,1992,0,66025,-0.566724,-0.602446,SYR,EGY,5514
223,68,947,1992,0,2998,0.14482,-0.13608,TUN,EGY,5514
224,68,947,1992,1019,0,0.160966,1.154796,TUR,EGY,5514
231,68,947,1992,521922,5570,1.660693,1.289752,USA,EGY,5514
243,68,947,1992,0,7618,-0.7116020000000001,-0.9852489999999999,YEM,EGY,5514
15,100,947,1992,288919,0,1.975207,0.669388,AUT,HRV,5514
26,100,947,1992,0,62837,0.76031,1.212207,BIH,HRV,5514
41,100,947,1992,208927,0,2.24952,1.014945,CHE,HRV,5514
61,100,947,1992,774513,21642,2.2968349999999997,-2.581569,DEU,HRV,5514
77,100,947,1992,29737,0,1.682766,1.2713430000000001,FRA,HRV,5514
81,100,947,1992,793228,0,1.8901810000000001,0.9274030000000001,GBR,HRV,5514
106,100,947,1992,11919,0,1.454172,1.397052,IRL,HRV,5514
110,100,947,1992,1823,0,1.354362,1.3260530000000001,ISR,HRV,5514
111,100,947,1992,177257,0,1.7819,0.981246,ITA,HRV,5514
162,100,947,1992,131015,0,1.4315069999999999,1.7107450000000002,NLD,HRV,5514
186,100,947,1992,0,560016,0.071799,0.14036099999999999,RUS,HRV,5514
189,100,947,1992,0,46452,0.9474950000000001,2.442268,SCG,HRV,5514
207,100,947,1992,5442250,656209,1.3270629999999999,1.605534,SVN,HRV,5514
250,100,947,1992,0,181592,0.989994,0.977453,ANS,HRV,5514
14,102,947,1992,4679,0,0.083812,0.637224,AUS,HUN,5514
15,102,947,1992,3116570,10273,1.975207,0.669388,AUT,HUN,5514
18,102,947,1992,46863,23675,1.449085,1.622957,BEL,HUN,5514
23,102,947,1992,0,80516,0.503161,1.871616,BGR,HUN,5514
32,102,947,1992,26200,0,0.685144,1.5676709999999998,BRA,HUN,5514
41,102,947,1992,3500038,0,2.24952,1.014945,CHE,HUN,5514
53,102,947,1992,0,5374,1.116966,2.225331,CSK,HUN,5514
61,102,947,1992,2823229,286989,2.2968349999999997,-2.581569,DEU,HUN,5514
64,102,947,1992,43909,0,1.696464,1.365743,DNK,HUN,5514
71,102,947,1992,25798,0,1.301511,1.730441,ESP,HUN,5514
77,102,947,1992,1208691,0,1.682766,1.2713430000000001,FRA,HUN,5514
81,102,947,1992,675796,0,1.8901810000000001,0.9274030000000001,GBR,HUN,5514
90,102,947,1992,18495,0,0.139504,0.743678,GRC,HUN,5514
99,102,947,1992,7032,0,-0.5100640000000001,-0.38205900000000004,HND,HUN,5514
103,102,947,1992,0,31531,-0.5250670000000001,0.717568,IDN,HUN,5514
106,102,947,1992,871668,0,1.454172,1.397052,IRL,HUN,5514
110,102,947,1992,2526,0,1.354362,1.3260530000000001,ISR,HUN,5514
111,102,947,1992,58556,0,1.7819,0.981246,ITA,HUN,5514
114,102,947,1992,3266,0,2.451698,0.875639,JPN,HUN,5514
160,102,947,1992,4268,0,-0.214083,-0.111615,NIC,HUN,5514
162,102,947,1992,3965454,24097,1.4315069999999999,1.7107450000000002,NLD,HUN,5514
177,102,947,1992,0,10082,0.581166,2.070795,POL,HUN,5514
185,102,947,1992,212670,402051,0.838817,1.358629,ROU,HUN,5514
186,102,947,1992,0,53070,0.071799,0.14036099999999999,RUS,HUN,5514
189,102,947,1992,10629,0,0.9474950000000001,2.442268,SCG,HUN,5514
207,102,947,1992,288802,0,1.3270629999999999,1.605534,SVN,HUN,5514
208,102,947,1992,24114,0,2.2265900000000003,0.999178,SWE,HUN,5514
231,102,947,1992,265749,48551,1.660693,1.289752,USA,HUN,5514
14,103,947,1992,1563618,7594,0.083812,0.637224,AUS,IDN,5514
15,103,947,1992,2025,0,1.975207,0.669388,AUT,IDN,5514
18,103,947,1992,4118,0,1.449085,1.622957,BEL,IDN,5514
32,103,947,1992,1844,7573,0.685144,1.5676709999999998,BRA,IDN,5514
39,103,947,1992,2783,0,0.74703,1.096791,CAN,IDN,5514
41,103,947,1992,7004022,31283,2.24952,1.014945,CHE,IDN,5514
43,103,947,1992,399865,11451,0.269411,1.920075,CHN,IDN,5514
61,103,947,1992,13097746,2164,2.2968349999999997,-2.581569,DEU,IDN,5514
64,103,947,1992,80389,0,1.696464,1.365743,DNK,IDN,5514
67,103,947,1992,2530,0,-0.815778,-0.9415459999999999,ECU,IDN,5514
71,103,947,1992,636053,0,1.301511,1.730441,ESP,IDN,5514
74,103,947,1992,26089,0,1.929661,1.3477,FIN,IDN,5514
77,103,947,1992,9989129,47386,1.682766,1.2713430000000001,FRA,IDN,5514
81,103,947,1992,18495312,14946,1.8901810000000001,0.9274030000000001,GBR,IDN,5514
97,103,947,1992,7840642,488679,0.754112,1.911201,HKG,IDN,5514
102,103,947,1992,31531,0,0.9144620000000001,2.157041,HUN,IDN,5514
104,103,947,1992,0,32767,0.101094,1.6851180000000001,IND,IDN,5514
106,103,947,1992,992220,0,1.454172,1.397052,IRL,IDN,5514
111,103,947,1992,41456,8533,1.7819,0.981246,ITA,IDN,5514
113,103,947,1992,0,2165,0.716964,0.5323760000000001,JOR,IDN,5514
114,103,947,1992,6621488,44345,2.451698,0.875639,JPN,IDN,5514
121,103,947,1992,35747,79077,0.778066,1.3011139999999999,KOR,IDN,5514
123,103,947,1992,0,3500,-1.03711,-1.114235,LAO,IDN,5514
138,103,947,1992,1152,0,0.9039370000000001,0.965842,MEX,IDN,5514
153,103,947,1992,209007,450934,0.14268499999999998,0.370079,MYS,IDN,5514
162,103,947,1992,5424110,68804,1.4315069999999999,1.7107450000000002,NLD,IDN,5514
163,103,947,1992,4820,0,0.877965,0.444983,NOR,IDN,5514
166,103,947,1992,4916,0,0.41866000000000003,0.580581,NZL,IDN,5514
168,103,947,1992,0,4988,-0.480152,-0.361705,PAK,IDN,5514
174,103,947,1992,12120,71925,-0.139761,0.772109,PHL,IDN,5514
176,103,947,1992,19102,2967,-1.602221,-1.058247,PNG,IDN,5514
178,103,947,1992,19310,0,0.201042,0.477547,PRK,IDN,5514
179,103,947,1992,461,0,0.47505,0.8402860000000001,PRT,IDN,5514
192,103,947,1992,7377364,247685,0.95691,0.892702,SGP,IDN,5514
208,103,947,1992,1531,0,2.2265900000000003,0.999178,SWE,IDN,5514
216,103,947,1992,4154,168617,0.109518,1.486578,THA,IDN,5514
231,103,947,1992,2510824,2278,1.660693,1.289752,USA,IDN,5514
239,103,947,1992,30585,12791,-0.989259,-0.43416099999999996,VNM,IDN,5514
243,103,947,1992,1819,0,-0.7116020000000001,-0.9852489999999999,YEM,IDN,5514
246,103,947,1992,0,4338,0.236335,1.415622,ZAF,IDN,5514
249,103,947,1992,228981,24841,1.3694790000000001,1.6227559999999999,TWN,IDN,5514
250,103,947,1992,10281,0,0.989994,0.977453,ANS,IDN,5514
7,104,947,1992,168672,2006696,-0.495518,-0.963358,ARE,IND,5514
14,104,947,1992,6740,26866,0.083812,0.637224,AUS,IND,5514
18,104,947,1992,0,513952,1.449085,1.622957,BEL,IND,5514
22,104,947,1992,0,7114,-0.608254,-0.921751,BGD,IND,5514
24,104,947,1992,0,18963,0.047396,-0.554517,BHR,IND,5514
39,104,947,1992,0,7364,0.74703,1.096791,CAN,IND,5514
41,104,947,1992,411873,2135,2.24952,1.014945,CHE,IND,5514
43,104,947,1992,15037,1553,0.269411,1.920075,CHN,IND,5514
49,104,947,1992,0,11169,0.022895,0.22971799999999998,COL,IND,5514
61,104,947,1992,587799,135697,2.2968349999999997,-2.581569,DEU,IND,5514
64,104,947,1992,3472,30572,1.696464,1.365743,DNK,IND,5514
71,104,947,1992,159554,17012,1.301511,1.730441,ESP,IND,5514
73,104,947,1992,0,7613,-1.036482,-1.078446,ETH,IND,5514
77,104,947,1992,882711,131268,1.682766,1.2713430000000001,FRA,IND,5514
81,104,947,1992,978457,111675,1.8901810000000001,0.9274030000000001,GBR,IND,5514
97,104,947,1992,252418,227790,0.754112,1.911201,HKG,IND,5514
103,104,947,1992,32767,0,-0.5250670000000001,0.717568,IDN,IND,5514
106,104,947,1992,4264,0,1.454172,1.397052,IRL,IND,5514
110,104,947,1992,22464,0,1.354362,1.3260530000000001,ISR,IND,5514
111,104,947,1992,186439,237631,1.7819,0.981246,ITA,IND,5514
113,104,947,1992,0,4218,0.716964,0.5323760000000001,JOR,IND,5514
114,104,947,1992,320211,6321,2.451698,0.875639,JPN,IND,5514
116,104,947,1992,0,3174,-0.31818,-0.096856,KEN,IND,5514
121,104,947,1992,35849,4496,0.778066,1.3011139999999999,KOR,IND,5514
128,104,947,1992,0,172918,-0.45780600000000005,-0.221948,LKA,IND,5514
143,104,947,1992,0,80464,-1.030267,-0.770368,MMR,IND,5514
151,104,947,1992,0,3097,-0.249558,-0.643201,MUS,IND,5514
153,104,947,1992,0,16947,0.14268499999999998,0.370079,MYS,IND,5514
159,104,947,1992,0,79825,-2.275923,-1.178983,NGA,IND,5514
162,104,947,1992,670549,288923,1.4315069999999999,1.7107450000000002,NLD,IND,5514
163,104,947,1992,0,17011,0.877965,0.444983,NOR,IND,5514
166,104,947,1992,0,6137,0.41866000000000003,0.580581,NZL,IND,5514
167,104,947,1992,0,141331,-0.906702,-1.0716709999999998,OMN,IND,5514
168,104,947,1992,0,19192,-0.480152,-0.361705,PAK,IND,5514
174,104,947,1992,0,17677,-0.139761,0.772109,PHL,IND,5514
183,104,947,1992,0,2819,-0.491413,-1.004476,QAT,IND,5514
188,104,947,1992,0,634287,0.416315,-0.7342489999999999,SAU,IND,5514
190,104,947,1992,0,118787,-0.930193,-1.02726,SDN,IND,5514
191,104,947,1992,0,110914,-0.43371800000000005,-0.679547,SEN,IND,5514
192,104,947,1992,76819,1092377,0.95691,0.892702,SGP,IND,5514
208,104,947,1992,22445,46503,2.2265900000000003,0.999178,SWE,IND,5514
212,104,947,1992,0,14086,-0.566724,-0.602446,SYR,IND,5514
216,104,947,1992,0,26857,0.109518,1.486578,THA,IND,5514
226,104,947,1992,0,9647,-1.139271,-0.8235379999999999,TZA,IND,5514
231,104,947,1992,246673,64581,1.660693,1.289752,USA,IND,5514
236,104,947,1992,0,2403,-0.106385,-0.65975,VEN,IND,5514
243,104,947,1992,0,4630,-0.7116020000000001,-0.9852489999999999,YEM,IND,5514
246,104,947,1992,0,9343,0.236335,1.415622,ZAF,IND,5514
248,104,947,1992,0,3646,-0.11168099999999999,0.143612,ZWE,IND,5514
249,104,947,1992,5807,31804,1.3694790000000001,1.6227559999999999,TWN,IND,5514
250,104,947,1992,0,2184,0.989994,0.977453,ANS,IND,5514
15,113,947,1992,1574,910,1.975207,0.669388,AUT,JOR,5514
41,113,947,1992,480767,0,2.24952,1.014945,CHE,JOR,5514
61,113,947,1992,331666,0,2.2968349999999997,-2.581569,DEU,JOR,5514
64,113,947,1992,216871,0,1.696464,1.365743,DNK,JOR,5514
68,113,947,1992,30781,0,-0.102143,-0.17513499999999999,EGY,JOR,5514
71,113,947,1992,169779,0,1.301511,1.730441,ESP,JOR,5514
77,113,947,1992,591132,0,1.682766,1.2713430000000001,FRA,JOR,5514
81,113,947,1992,542163,15054,1.8901810000000001,0.9274030000000001,GBR,JOR,5514
103,113,947,1992,2165,0,-0.5250670000000001,0.717568,IDN,JOR,5514
104,113,947,1992,4218,0,0.101094,1.6851180000000001,IND,JOR,5514
106,113,947,1992,252306,0,1.454172,1.397052,IRL,JOR,5514
111,113,947,1992,29920,0,1.7819,0.981246,ITA,JOR,5514
116,113,947,1992,0,4282,-0.31818,-0.096856,KEN,JOR,5514
142,113,947,1992,20798,0,0.828211,0.29226599999999997,MLT,JOR,5514
162,113,947,1992,937803,0,1.4315069999999999,1.7107450000000002,NLD,JOR,5514
208,113,947,1992,4866,0,2.2265900000000003,0.999178,SWE,JOR,5514
224,113,947,1992,81743,0,0.160966,1.154796,TUR,JOR,5514
231,113,947,1992,170665,0,1.660693,1.289752,USA,JOR,5514
250,113,947,1992,0,269354,0.989994,0.977453,ANS,JOR,5514
7,114,947,1992,0,11287,-0.495518,-0.963358,ARE,JPN,5514
8,114,947,1992,0,3652,0.043179,0.553408,ARG,JPN,5514
14,114,947,1992,4752,577752,0.083812,0.637224,AUS,JPN,5514
15,114,947,1992,4709,1959,1.975207,0.669388,AUT,JPN,5514
18,114,947,1992,334637,9135,1.449085,1.622957,BEL,JPN,5514
22,114,947,1992,0,2461,-0.608254,-0.921751,BGD,JPN,5514
24,114,947,1992,0,23669,0.047396,-0.554517,BHR,JPN,5514
32,114,947,1992,20935,38374,0.685144,1.5676709999999998,BRA,JPN,5514
39,114,947,1992,1062901,15427,0.74703,1.096791,CAN,JPN,5514
41,114,947,1992,16837732,135225,2.24952,1.014945,CHE,JPN,5514
42,114,947,1992,0,2310,-0.188106,-0.360151,CHL,JPN,5514
43,114,947,1992,107839,1020846,0.269411,1.920075,CHN,JPN,5514
49,114,947,1992,0,13115,0.022895,0.22971799999999998,COL,JPN,5514
61,114,947,1992,7012298,320898,2.2968349999999997,-2.581569,DEU,JPN,5514
64,114,947,1992,1132625,149684,1.696464,1.365743,DNK,JPN,5514
67,114,947,1992,0,11760,-0.815778,-0.9415459999999999,ECU,JPN,5514
68,114,947,1992,0,11193,-0.102143,-0.17513499999999999,EGY,JPN,5514
71,114,947,1992,5827582,869233,1.301511,1.730441,ESP,JPN,5514
74,114,947,1992,0,27165,1.929661,1.3477,FIN,JPN,5514
77,114,947,1992,11041363,659238,1.682766,1.2713430000000001,FRA,JPN,5514
79,114,947,1992,0,1950,-1.216624,-0.9966010000000001,FSM,JPN,5514
81,114,947,1992,9060621,479801,1.8901810000000001,0.9274030000000001,GBR,JPN,5514
93,114,947,1992,3772,20182,-0.031145999999999997,0.48874300000000004,GTM,JPN,5514
97,114,947,1992,1423681,4313425,0.754112,1.911201,HKG,JPN,5514
99,114,947,1992,0,8854,-0.5100640000000001,-0.38205900000000004,HND,JPN,5514
102,114,947,1992,0,3266,0.9144620000000001,2.157041,HUN,JPN,5514
103,114,947,1992,44345,6621488,-0.5250670000000001,0.717568,IDN,JPN,5514
104,114,947,1992,6321,320211,0.101094,1.6851180000000001,IND,JPN,5514
106,114,947,1992,5205097,117602,1.454172,1.397052,IRL,JPN,5514
107,114,947,1992,53960,831714,-1.195108,-1.135155,IRN,JPN,5514
110,114,947,1992,116736,0,1.354362,1.3260530000000001,ISR,JPN,5514
111,114,947,1992,384047,255704,1.7819,0.981246,ITA,JPN,5514
112,114,947,1992,0,43801,-0.200329,-0.595741,JAM,JPN,5514
116,114,947,1992,0,4662,-0.31818,-0.096856,KEN,JPN,5514
121,114,947,1992,65992,56103784,0.778066,1.3011139999999999,KOR,JPN,5514
123,114,947,1992,0,17649,-1.03711,-1.114235,LAO,JPN,5514
128,114,947,1992,0,203749,-0.45780600000000005,-0.221948,LKA,JPN,5514
133,114,947,1992,0,1477,0.249034,-0.026864,MAC,JPN,5514
134,114,947,1992,6258,2325,-0.339711,-0.265987,MAR,JPN,5514
138,114,947,1992,31189,148508,0.9039370000000001,0.965842,MEX,JPN,5514
143,114,947,1992,0,2004,-1.030267,-0.770368,MMR,JPN,5514
146,114,947,1992,0,36545,0.776187,-0.686247,MNP,JPN,5514
151,114,947,1992,0,2264,-0.249558,-0.643201,MUS,JPN,5514
153,114,947,1992,4587,2009118,0.14268499999999998,0.370079,MYS,JPN,5514
162,114,947,1992,7504316,243151,1.4315069999999999,1.7107450000000002,NLD,JPN,5514
163,114,947,1992,0,10185,0.877965,0.444983,NOR,JPN,5514
164,114,947,1992,0,6267,-0.604018,-0.677756,NPL,JPN,5514
166,114,947,1992,41852,291528,0.41866000000000003,0.580581,NZL,JPN,5514
167,114,947,1992,0,2853,-0.906702,-1.0716709999999998,OMN,JPN,5514
168,114,947,1992,0,34997,-0.480152,-0.361705,PAK,JPN,5514
173,114,947,1992,0,7294,-0.286545,-0.264638,PER,JPN,5514
174,114,947,1992,63526,3313116,-0.139761,0.772109,PHL,JPN,5514
178,114,947,1992,0,5488,0.201042,0.477547,PRK,JPN,5514
179,114,947,1992,160758,0,0.47505,0.8402860000000001,PRT,JPN,5514
180,114,947,1992,0,7622,-0.906433,-0.787177,PRY,JPN,5514
188,114,947,1992,0,106566,0.416315,-0.7342489999999999,SAU,JPN,5514
192,114,947,1992,223659,4146952,0.95691,0.892702,SGP,JPN,5514
207,114,947,1992,0,843,1.3270629999999999,1.605534,SVN,JPN,5514
208,114,947,1992,27467,25084,2.2265900000000003,0.999178,SWE,JPN,5514
216,114,947,1992,6277,8948360,0.109518,1.486578,THA,JPN,5514
223,114,947,1992,0,15710,0.14482,-0.13608,TUN,JPN,5514
224,114,947,1992,30977,4361,0.160966,1.154796,TUR,JPN,5514
228,114,947,1992,12066,0,0.375148,0.23747,UKR,JPN,5514
231,114,947,1992,65155892,5434482,1.660693,1.289752,USA,JPN,5514
236,114,947,1992,0,1463,-0.106385,-0.65975,VEN,JPN,5514
239,114,947,1992,0,568296,-0.989259,-0.43416099999999996,VNM,JPN,5514
243,114,947,1992,0,36946,-0.7116020000000001,-0.9852489999999999,YEM,JPN,5514
246,114,947,1992,0,12826,0.236335,1.415622,ZAF,JPN,5514
249,114,947,1992,349366,18612340,1.3694790000000001,1.6227559999999999,TWN,JPN,5514
14,128,947,1992,19646,0,0.083812,0.637224,AUS,LKA,5514
18,128,947,1992,24926,0,1.449085,1.622957,BEL,LKA,5514
39,128,947,1992,0,2973,0.74703,1.096791,CAN,LKA,5514
41,128,947,1992,355650,0,2.24952,1.014945,CHE,LKA,5514
43,128,947,1992,22649,0,0.269411,1.920075,CHN,LKA,5514
61,128,947,1992,468859,0,2.2968349999999997,-2.581569,DEU,LKA,5514
71,128,947,1992,17204,6055,1.301511,1.730441,ESP,LKA,5514
77,128,947,1992,43192,0,1.682766,1.2713430000000001,FRA,LKA,5514
81,128,947,1992,2350552,5092,1.8901810000000001,0.9274030000000001,GBR,LKA,5514
97,128,947,1992,598435,0,0.754112,1.911201,HKG,LKA,5514
104,128,947,1992,172918,0,0.101094,1.6851180000000001,IND,LKA,5514
106,128,947,1992,98069,0,1.454172,1.397052,IRL,LKA,5514
111,128,947,1992,1730,0,1.7819,0.981246,ITA,LKA,5514
114,128,947,1992,203749,0,2.451698,0.875639,JPN,LKA,5514
121,128,947,1992,4576,0,0.778066,1.3011139999999999,KOR,LKA,5514
153,128,947,1992,5083,0,0.14268499999999998,0.370079,MYS,LKA,5514
162,128,947,1992,702716,0,1.4315069999999999,1.7107450000000002,NLD,LKA,5514
168,128,947,1992,3514,0,-0.480152,-0.361705,PAK,LKA,5514
192,128,947,1992,261288,0,0.95691,0.892702,SGP,LKA,5514
224,128,947,1992,8202,0,0.160966,1.154796,TUR,LKA,5514
231,128,947,1992,64487,0,1.660693,1.289752,USA,LKA,5514
249,128,947,1992,4969,0,1.3694790000000001,1.6227559999999999,TWN,LKA,5514
8,138,947,1992,50077,9993,0.043179,0.553408,ARG,MEX,5514
14,138,947,1992,0,996,0.083812,0.637224,AUS,MEX,5514
32,138,947,1992,10011,18352,0.685144,1.5676709999999998,BRA,MEX,5514
39,138,947,1992,0,46880,0.74703,1.096791,CAN,MEX,5514
41,138,947,1992,7839629,12646,2.24952,1.014945,CHE,MEX,5514
42,138,947,1992,1938,113690,-0.188106,-0.360151,CHL,MEX,5514
49,138,947,1992,11194,238696,0.022895,0.22971799999999998,COL,MEX,5514
52,138,947,1992,0,176384,0.11654,0.191873,CRI,MEX,5514
61,138,947,1992,1057410,78094,2.2968349999999997,-2.581569,DEU,MEX,5514
63,138,947,1992,0,1000,0.9006850000000001,-0.055001999999999995,DMA,MEX,5514
65,138,947,1992,0,4000,-0.338979,-0.5049279999999999,DOM,MEX,5514
67,138,947,1992,0,5781,-0.815778,-0.9415459999999999,ECU,MEX,5514
71,138,947,1992,893527,10168,1.301511,1.730441,ESP,MEX,5514
77,138,947,1992,4004272,209363,1.682766,1.2713430000000001,FRA,MEX,5514
81,138,947,1992,1226954,7413,1.8901810000000001,0.9274030000000001,GBR,MEX,5514
93,138,947,1992,11798,976602,-0.031145999999999997,0.48874300000000004,GTM,MEX,5514
97,138,947,1992,488262,117039,0.754112,1.911201,HKG,MEX,5514
99,138,947,1992,1333,741893,-0.5100640000000001,-0.38205900000000004,HND,MEX,5514
103,138,947,1992,0,1152,-0.5250670000000001,0.717568,IDN,MEX,5514
110,138,947,1992,3772,0,1.354362,1.3260530000000001,ISR,MEX,5514
111,138,947,1992,16053,1850,1.7819,0.981246,ITA,MEX,5514
114,138,947,1992,148508,31189,2.451698,0.875639,JPN,MEX,5514
160,138,947,1992,0,108548,-0.214083,-0.111615,NIC,MEX,5514
162,138,947,1992,453181,20705,1.4315069999999999,1.7107450000000002,NLD,MEX,5514
166,138,947,1992,0,2891,0.41866000000000003,0.580581,NZL,MEX,5514
169,138,947,1992,0,8305,0.289315,0.37247199999999997,PAN,MEX,5514
173,138,947,1992,0,772067,-0.286545,-0.264638,PER,MEX,5514
174,138,947,1992,0,134431,-0.139761,0.772109,PHL,MEX,5514
197,138,947,1992,0,150109,0.396523,0.47548900000000005,SLV,MEX,5514
208,138,947,1992,971,0,2.2265900000000003,0.999178,SWE,MEX,5514
222,138,947,1992,0,3191,0.43506000000000006,-0.43233599999999994,TTO,MEX,5514
231,138,947,1992,13360444,576255,1.660693,1.289752,USA,MEX,5514
236,138,947,1992,0,2189735,-0.106385,-0.65975,VEN,MEX,5514
246,138,947,1992,0,1201,0.236335,1.415622,ZAF,MEX,5514
14,166,947,1992,2608873,101470,0.083812,0.637224,AUS,NZL,5514
15,166,947,1992,16668,0,1.975207,0.669388,AUT,NZL,5514
18,166,947,1992,53702,0,1.449085,1.622957,BEL,NZL,5514
32,166,947,1992,5098,0,0.685144,1.5676709999999998,BRA,NZL,5514
39,166,947,1992,9050,21352,0.74703,1.096791,CAN,NZL,5514
41,166,947,1992,945404,31354,2.24952,1.014945,CHE,NZL,5514
48,166,947,1992,0,8221,0.113505,-0.49361400000000005,COK,NZL,5514
61,166,947,1992,433917,0,2.2968349999999997,-2.581569,DEU,NZL,5514
64,166,947,1992,205781,0,1.696464,1.365743,DNK,NZL,5514
71,166,947,1992,5300,0,1.301511,1.730441,ESP,NZL,5514
75,166,947,1992,2305,99228,-0.573887,-0.6382680000000001,FJI,NZL,5514
77,166,947,1992,233451,0,1.682766,1.2713430000000001,FRA,NZL,5514
81,166,947,1992,1972103,1617,1.8901810000000001,0.9274030000000001,GBR,NZL,5514
93,166,947,1992,0,3048,-0.031145999999999997,0.48874300000000004,GTM,NZL,5514
97,166,947,1992,1252031,31181,0.754112,1.911201,HKG,NZL,5514
103,166,947,1992,0,4916,-0.5250670000000001,0.717568,IDN,NZL,5514
104,166,947,1992,6137,0,0.101094,1.6851180000000001,IND,NZL,5514
106,166,947,1992,708238,0,1.454172,1.397052,IRL,NZL,5514
110,166,947,1992,1780,0,1.354362,1.3260530000000001,ISR,NZL,5514
111,166,947,1992,2473,0,1.7819,0.981246,ITA,NZL,5514
112,166,947,1992,114821,0,-0.200329,-0.595741,JAM,NZL,5514
114,166,947,1992,291528,41852,2.451698,0.875639,JPN,NZL,5514
121,166,947,1992,0,23208,0.778066,1.3011139999999999,KOR,NZL,5514
138,166,947,1992,2891,0,0.9039370000000001,0.965842,MEX,NZL,5514
153,166,947,1992,0,38897,0.14268499999999998,0.370079,MYS,NZL,5514
158,166,947,1992,0,1756,0.612239,-0.753354,NFK,NZL,5514
162,166,947,1992,64153,0,1.4315069999999999,1.7107450000000002,NLD,NZL,5514
174,166,947,1992,0,2394,-0.139761,0.772109,PHL,NZL,5514
176,166,947,1992,0,24982,-1.602221,-1.058247,PNG,NZL,5514
182,166,947,1992,0,1828,0.217401,-0.5575180000000001,PYF,NZL,5514
188,166,947,1992,0,26397,0.416315,-0.7342489999999999,SAU,NZL,5514
189,166,947,1992,3559,0,0.9474950000000001,2.442268,SCG,NZL,5514
192,166,947,1992,209804,37771,0.95691,0.892702,SGP,NZL,5514
195,166,947,1992,0,3535,-1.491786,-0.9599799999999999,SLB,NZL,5514
208,166,947,1992,9557,0,2.2265900000000003,0.999178,SWE,NZL,5514
216,166,947,1992,1836,1056,0.109518,1.486578,THA,NZL,5514
231,166,947,1992,731104,523479,1.660693,1.289752,USA,NZL,5514
242,166,947,1992,0,24230,-0.130773,-0.751247,WSM,NZL,5514
246,166,947,1992,836,1382,0.236335,1.415622,ZAF,NZL,5514
1,168,947,1992,0,33088,-0.347989,-0.539361,AFG,PAK,5514
7,168,947,1992,6685,1742,-0.495518,-0.963358,ARE,PAK,5514
14,168,947,1992,1732,0,0.083812,0.637224,AUS,PAK,5514
18,168,947,1992,5450,0,1.449085,1.622957,BEL,PAK,5514
41,168,947,1992,1355689,0,2.24952,1.014945,CHE,PAK,5514
43,168,947,1992,989210,0,0.269411,1.920075,CHN,PAK,5514
53,168,947,1992,2406,0,1.116966,2.225331,CSK,PAK,5514
61,168,947,1992,1673328,0,2.2968349999999997,-2.581569,DEU,PAK,5514
64,168,947,1992,45133,0,1.696464,1.365743,DNK,PAK,5514
71,168,947,1992,62368,0,1.301511,1.730441,ESP,PAK,5514
77,168,947,1992,1237886,0,1.682766,1.2713430000000001,FRA,PAK,5514
81,168,947,1992,1789181,6048,1.8901810000000001,0.9274030000000001,GBR,PAK,5514
90,168,947,1992,3551,0,0.139504,0.743678,GRC,PAK,5514
97,168,947,1992,410622,0,0.754112,1.911201,HKG,PAK,5514
103,168,947,1992,4988,0,-0.5250670000000001,0.717568,IDN,PAK,5514
104,168,947,1992,19192,0,0.101094,1.6851180000000001,IND,PAK,5514
106,168,947,1992,1363973,0,1.454172,1.397052,IRL,PAK,5514
111,168,947,1992,37143,0,1.7819,0.981246,ITA,PAK,5514
114,168,947,1992,34997,0,2.451698,0.875639,JPN,PAK,5514
121,168,947,1992,1195,0,0.778066,1.3011139999999999,KOR,PAK,5514
128,168,947,1992,0,3514,-0.45780600000000005,-0.221948,LKA,PAK,5514
153,168,947,1992,1520,0,0.14268499999999998,0.370079,MYS,PAK,5514
162,168,947,1992,1549523,0,1.4315069999999999,1.7107450000000002,NLD,PAK,5514
177,168,947,1992,5974,0,0.581166,2.070795,POL,PAK,5514
183,168,947,1992,0,1016,-0.491413,-1.004476,QAT,PAK,5514
188,168,947,1992,0,6785,0.416315,-0.7342489999999999,SAU,PAK,5514
192,168,947,1992,301244,0,0.95691,0.892702,SGP,PAK,5514
231,168,947,1992,383858,0,1.660693,1.289752,USA,PAK,5514
246,168,947,1992,0,970,0.236335,1.415622,ZAF,PAK,5514
14,177,947,1992,17294,0,0.083812,0.637224,AUS,POL,5514
15,177,947,1992,1922072,157325,1.975207,0.669388,AUT,POL,5514
18,177,947,1992,795060,5538,1.449085,1.622957,BEL,POL,5514
23,177,947,1992,0,64947,0.503161,1.871616,BGR,POL,5514
28,177,947,1992,0,22231,0.6011380000000001,0.450072,BLR,POL,5514
41,177,947,1992,3787673,45576,2.24952,1.014945,CHE,POL,5514
58,177,947,1992,1804,0,0.471516,0.668776,CYP,POL,5514
61,177,947,1992,10955045,1957332,2.2968349999999997,-2.581569,DEU,POL,5514
64,177,947,1992,257199,159405,1.696464,1.365743,DNK,POL,5514
72,177,947,1992,0,23512,0.22019699999999998,0.0198,EST,POL,5514
77,177,947,1992,2662056,0,1.682766,1.2713430000000001,FRA,POL,5514
81,177,947,1992,2260280,5934,1.8901810000000001,0.9274030000000001,GBR,POL,5514
90,177,947,1992,37392,0,0.139504,0.743678,GRC,POL,5514
102,177,947,1992,10082,0,0.9144620000000001,2.157041,HUN,POL,5514
106,177,947,1992,27542,0,1.454172,1.397052,IRL,POL,5514
111,177,947,1992,486363,0,1.7819,0.981246,ITA,POL,5514
162,177,947,1992,2623807,47919,1.4315069999999999,1.7107450000000002,NLD,POL,5514
168,177,947,1992,0,5974,-0.480152,-0.361705,PAK,POL,5514
186,177,947,1992,0,56411,0.071799,0.14036099999999999,RUS,POL,5514
207,177,947,1992,245,0,1.3270629999999999,1.605534,SVN,POL,5514
208,177,947,1992,51706,16657,2.2265900000000003,0.999178,SWE,POL,5514
224,177,947,1992,0,34447,0.160966,1.154796,TUR,POL,5514
228,177,947,1992,0,17198,0.375148,0.23747,UKR,POL,5514
231,177,947,1992,495894,20024,1.660693,1.289752,USA,POL,5514
15,185,947,1992,151211,0,1.975207,0.669388,AUT,ROU,5514
18,185,947,1992,238072,0,1.449085,1.622957,BEL,ROU,5514
41,185,947,1992,140886,0,2.24952,1.014945,CHE,ROU,5514
61,185,947,1992,1167515,30457,2.2968349999999997,-2.581569,DEU,ROU,5514
68,185,947,1992,1638009,0,-0.102143,-0.17513499999999999,EGY,ROU,5514
71,185,947,1992,35201,0,1.301511,1.730441,ESP,ROU,5514
77,185,947,1992,195925,0,1.682766,1.2713430000000001,FRA,ROU,5514
81,185,947,1992,67806,0,1.8901810000000001,0.9274030000000001,GBR,ROU,5514
93,185,947,1992,3785,0,-0.031145999999999997,0.48874300000000004,GTM,ROU,5514
102,185,947,1992,402051,212670,0.9144620000000001,2.157041,HUN,ROU,5514
106,185,947,1992,29574,0,1.454172,1.397052,IRL,ROU,5514
110,185,947,1992,17972,0,1.354362,1.3260530000000001,ISR,ROU,5514
111,185,947,1992,113295,81704,1.7819,0.981246,ITA,ROU,5514
135,185,947,1992,0,19558,0.637534,0.04142,MDA,ROU,5514
162,185,947,1992,172418,0,1.4315069999999999,1.7107450000000002,NLD,ROU,5514
224,185,947,1992,3809,0,0.160966,1.154796,TUR,ROU,5514
231,185,947,1992,150903,1928,1.660693,1.289752,USA,ROU,5514
7,188,947,1992,6151,26884,-0.495518,-0.963358,ARE,SAU,5514
14,188,947,1992,27533,0,0.083812,0.637224,AUS,SAU,5514
15,188,947,1992,30830,0,1.975207,0.669388,AUT,SAU,5514
18,188,947,1992,212361,0,1.449085,1.622957,BEL,SAU,5514
22,188,947,1992,0,3642,-0.608254,-0.921751,BGD,SAU,5514
39,188,947,1992,29880,0,0.74703,1.096791,CAN,SAU,5514
41,188,947,1992,3395732,0,2.24952,1.014945,CHE,SAU,5514
43,188,947,1992,19218,0,0.269411,1.920075,CHN,SAU,5514
58,188,947,1992,31034,0,0.471516,0.668776,CYP,SAU,5514
61,188,947,1992,7404398,0,2.2968349999999997,-2.581569,DEU,SAU,5514
64,188,947,1992,105979,0,1.696464,1.365743,DNK,SAU,5514
68,188,947,1992,0,1930,-0.102143,-0.17513499999999999,EGY,SAU,5514
71,188,947,1992,373687,0,1.301511,1.730441,ESP,SAU,5514
77,188,947,1992,1497245,0,1.682766,1.2713430000000001,FRA,SAU,5514
81,188,947,1992,4371662,0,1.8901810000000001,0.9274030000000001,GBR,SAU,5514
90,188,947,1992,12158,0,0.139504,0.743678,GRC,SAU,5514
97,188,947,1992,28412,0,0.754112,1.911201,HKG,SAU,5514
104,188,947,1992,634287,0,0.101094,1.6851180000000001,IND,SAU,5514
106,188,947,1992,4850668,0,1.454172,1.397052,IRL,SAU,5514
111,188,947,1992,20210,0,1.7819,0.981246,ITA,SAU,5514
114,188,947,1992,106566,0,2.451698,0.875639,JPN,SAU,5514
122,188,947,1992,0,9818,-1.2360950000000002,-1.061771,KWT,SAU,5514
124,188,947,1992,1219,0,0.186135,0.800906,LBN,SAU,5514
142,188,947,1992,57437,0,0.828211,0.29226599999999997,MLT,SAU,5514
153,188,947,1992,6364,0,0.14268499999999998,0.370079,MYS,SAU,5514
162,188,947,1992,2061402,0,1.4315069999999999,1.7107450000000002,NLD,SAU,5514
166,188,947,1992,26397,0,0.41866000000000003,0.580581,NZL,SAU,5514
168,188,947,1992,6785,0,-0.480152,-0.361705,PAK,SAU,5514
174,188,947,1992,6241,0,-0.139761,0.772109,PHL,SAU,5514
183,188,947,1992,30135,24504,-0.491413,-1.004476,QAT,SAU,5514
192,188,947,1992,10507,0,0.95691,0.892702,SGP,SAU,5514
208,188,947,1992,182457,0,2.2265900000000003,0.999178,SWE,SAU,5514
224,188,947,1992,16548,0,0.160966,1.154796,TUR,SAU,5514
231,188,947,1992,438529,0,1.660693,1.289752,USA,SAU,5514
249,188,947,1992,12836,0,1.3694790000000001,1.6227559999999999,TWN,SAU,5514
15,189,947,1992,503054,22011,1.975207,0.669388,AUT,SCG,5514
18,189,947,1992,1098,0,1.449085,1.622957,BEL,SCG,5514
23,189,947,1992,95227,0,0.503161,1.871616,BGR,SCG,5514
41,189,947,1992,675220,0,2.24952,1.014945,CHE,SCG,5514
58,189,947,1992,26180,0,0.471516,0.668776,CYP,SCG,5514
61,189,947,1992,4085364,177088,2.2968349999999997,-2.581569,DEU,SCG,5514
64,189,947,1992,15116,0,1.696464,1.365743,DNK,SCG,5514
68,189,947,1992,293219,0,-0.102143,-0.17513499999999999,EGY,SCG,5514
77,189,947,1992,1860976,4847,1.682766,1.2713430000000001,FRA,SCG,5514
81,189,947,1992,1240802,0,1.8901810000000001,0.9274030000000001,GBR,SCG,5514
90,189,947,1992,1262,0,0.139504,0.743678,GRC,SCG,5514
100,189,947,1992,46452,0,0.877872,1.726188,HRV,SCG,5514
102,189,947,1992,0,10629,0.9144620000000001,2.157041,HUN,SCG,5514
106,189,947,1992,761383,0,1.454172,1.397052,IRL,SCG,5514
110,189,947,1992,4297,0,1.354362,1.3260530000000001,ISR,SCG,5514
111,189,947,1992,657354,0,1.7819,0.981246,ITA,SCG,5514
162,189,947,1992,2084519,3041,1.4315069999999999,1.7107450000000002,NLD,SCG,5514
166,189,947,1992,0,3559,0.41866000000000003,0.580581,NZL,SCG,5514
207,189,947,1992,2999484,1533,1.3270629999999999,1.605534,SVN,SCG,5514
208,189,947,1992,65095,0,2.2265900000000003,0.999178,SWE,SCG,5514
231,189,947,1992,9227,0,1.660693,1.289752,USA,SCG,5514
7,192,947,1992,0,4099,-0.495518,-0.963358,ARE,SGP,5514
8,192,947,1992,7393,0,0.043179,0.553408,ARG,SGP,5514
14,192,947,1992,479065,115916,0.083812,0.637224,AUS,SGP,5514
15,192,947,1992,21790,0,1.975207,0.669388,AUT,SGP,5514
18,192,947,1992,26672,3791,1.449085,1.622957,BEL,SGP,5514
22,192,947,1992,0,198231,-0.608254,-0.921751,BGD,SGP,5514
32,192,947,1992,7681,0,0.685144,1.5676709999999998,BRA,SGP,5514
34,192,947,1992,0,34444,-1.142722,-0.818717,BRN,SGP,5514
39,192,947,1992,5751,0,0.74703,1.096791,CAN,SGP,5514
41,192,947,1992,7617136,25651,2.24952,1.014945,CHE,SGP,5514
43,192,947,1992,358196,280752,0.269411,1.920075,CHN,SGP,5514
61,192,947,1992,2302179,121493,2.2968349999999997,-2.581569,DEU,SGP,5514
64,192,947,1992,17381,0,1.696464,1.365743,DNK,SGP,5514
68,192,947,1992,0,2692,-0.102143,-0.17513499999999999,EGY,SGP,5514
71,192,947,1992,357458,0,1.301511,1.730441,ESP,SGP,5514
75,192,947,1992,0,4248,-0.573887,-0.6382680000000001,FJI,SGP,5514
77,192,947,1992,2151087,4710,1.682766,1.2713430000000001,FRA,SGP,5514
81,192,947,1992,3575815,13855,1.8901810000000001,0.9274030000000001,GBR,SGP,5514
90,192,947,1992,7106,0,0.139504,0.743678,GRC,SGP,5514
97,192,947,1992,1157864,5293080,0.754112,1.911201,HKG,SGP,5514
103,192,947,1992,247685,7377364,-0.5250670000000001,0.717568,IDN,SGP,5514
104,192,947,1992,1092377,76819,0.101094,1.6851180000000001,IND,SGP,5514
106,192,947,1992,1628832,0,1.454172,1.397052,IRL,SGP,5514
110,192,947,1992,30811,0,1.354362,1.3260530000000001,ISR,SGP,5514
111,192,947,1992,164307,0,1.7819,0.981246,ITA,SGP,5514
114,192,947,1992,4146952,223659,2.451698,0.875639,JPN,SGP,5514
121,192,947,1992,19141,1499948,0.778066,1.3011139999999999,KOR,SGP,5514
128,192,947,1992,0,261288,-0.45780600000000005,-0.221948,LKA,SGP,5514
133,192,947,1992,0,1569,0.249034,-0.026864,MAC,SGP,5514
137,192,947,1992,0,3299,-0.501228,-0.8746290000000001,MDV,SGP,5514
143,192,947,1992,0,9674,-1.030267,-0.770368,MMR,SGP,5514
153,192,947,1992,419365,4354230,0.14268499999999998,0.370079,MYS,SGP,5514
162,192,947,1992,1683330,7380,1.4315069999999999,1.7107450000000002,NLD,SGP,5514
166,192,947,1992,37771,209804,0.41866000000000003,0.580581,NZL,SGP,5514
168,192,947,1992,0,301244,-0.480152,-0.361705,PAK,SGP,5514
174,192,947,1992,180586,2975162,-0.139761,0.772109,PHL,SGP,5514
178,192,947,1992,0,13157,0.201042,0.477547,PRK,SGP,5514
188,192,947,1992,0,10507,0.416315,-0.7342489999999999,SAU,SGP,5514
208,192,947,1992,270101,0,2.2265900000000003,0.999178,SWE,SGP,5514
216,192,947,1992,86242,5415486,0.109518,1.486578,THA,SGP,5514
231,192,947,1992,3253562,14741,1.660693,1.289752,USA,SGP,5514
239,192,947,1992,0,276435,-0.989259,-0.43416099999999996,VNM,SGP,5514
246,192,947,1992,0,139594,0.236335,1.415622,ZAF,SGP,5514
249,192,947,1992,26831,2387183,1.3694790000000001,1.6227559999999999,TWN,SGP,5514
250,192,947,1992,8971,62828,0.989994,0.977453,ANS,SGP,5514
14,207,947,1992,0,26336,0.083812,0.637224,AUS,SVN,5514
15,207,947,1992,1376116,12490,1.975207,0.669388,AUT,SVN,5514
18,207,947,1992,3463,0,1.449085,1.622957,BEL,SVN,5514
26,207,947,1992,0,146730,0.76031,1.212207,BIH,SVN,5514
41,207,947,1992,616750,0,2.24952,1.014945,CHE,SVN,5514
53,207,947,1992,0,2002755,1.116966,2.225331,CSK,SVN,5514
61,207,947,1992,819812,112697,2.2968349999999997,-2.581569,DEU,SVN,5514
71,207,947,1992,2431,0,1.301511,1.730441,ESP,SVN,5514
77,207,947,1992,386864,0,1.682766,1.2713430000000001,FRA,SVN,5514
81,207,947,1992,213760,0,1.8901810000000001,0.9274030000000001,GBR,SVN,5514
90,207,947,1992,829,0,0.139504,0.743678,GRC,SVN,5514
100,207,947,1992,656209,5442250,0.877872,1.726188,HRV,SVN,5514
102,207,947,1992,0,288802,0.9144620000000001,2.157041,HUN,SVN,5514
106,207,947,1992,9316,0,1.454172,1.397052,IRL,SVN,5514
110,207,947,1992,11863,0,1.354362,1.3260530000000001,ISR,SVN,5514
111,207,947,1992,37348,0,1.7819,0.981246,ITA,SVN,5514
114,207,947,1992,843,0,2.451698,0.875639,JPN,SVN,5514
162,207,947,1992,168140,0,1.4315069999999999,1.7107450000000002,NLD,SVN,5514
177,207,947,1992,0,245,0.581166,2.070795,POL,SVN,5514
186,207,947,1992,0,182559,0.071799,0.14036099999999999,RUS,SVN,5514
189,207,947,1992,1533,2999484,0.9474950000000001,2.442268,SCG,SVN,5514
208,207,947,1992,6225,0,2.2265900000000003,0.999178,SWE,SVN,5514
231,207,947,1992,10936,0,1.660693,1.289752,USA,SVN,5514
7,208,947,1992,0,30495,-0.495518,-0.963358,ARE,SWE,5514
8,208,947,1992,0,1452,0.043179,0.553408,ARG,SWE,5514
14,208,947,1992,1283,36157,0.083812,0.637224,AUS,SWE,5514
15,208,947,1992,24125,217438,1.975207,0.669388,AUT,SWE,5514
18,208,947,1992,70538,9436,1.449085,1.622957,BEL,SWE,5514
22,208,947,1992,0,20536,-0.608254,-0.921751,BGD,SWE,5514
23,208,947,1992,0,79325,0.503161,1.871616,BGR,SWE,5514
24,208,947,1992,0,4643,0.047396,-0.554517,BHR,SWE,5514
32,208,947,1992,0,1447,0.685144,1.5676709999999998,BRA,SWE,5514
39,208,947,1992,104853,0,0.74703,1.096791,CAN,SWE,5514
41,208,947,1992,4224978,528656,2.24952,1.014945,CHE,SWE,5514
42,208,947,1992,6687,0,-0.188106,-0.360151,CHL,SWE,5514
43,208,947,1992,4413,1546,0.269411,1.920075,CHN,SWE,5514
53,208,947,1992,1061,132665,1.116966,2.225331,CSK,SWE,5514
58,208,947,1992,0,4289,0.471516,0.668776,CYP,SWE,5514
61,208,947,1992,3716097,1296758,2.2968349999999997,-2.581569,DEU,SWE,5514
64,208,947,1992,596191,2290505,1.696464,1.365743,DNK,SWE,5514
67,208,947,1992,0,3710,-0.815778,-0.9415459999999999,ECU,SWE,5514
68,208,947,1992,0,2756,-0.102143,-0.17513499999999999,EGY,SWE,5514
71,208,947,1992,84643,103245,1.301511,1.730441,ESP,SWE,5514
74,208,947,1992,15957,669225,1.929661,1.3477,FIN,SWE,5514
77,208,947,1992,3846476,395120,1.682766,1.2713430000000001,FRA,SWE,5514
78,208,947,1992,0,1200,-0.51381,-0.8512059999999999,FRO,SWE,5514
81,208,947,1992,3925380,781039,1.8901810000000001,0.9274030000000001,GBR,SWE,5514
99,208,947,1992,0,1186,-0.5100640000000001,-0.38205900000000004,HND,SWE,5514
102,208,947,1992,0,24114,0.9144620000000001,2.157041,HUN,SWE,5514
103,208,947,1992,0,1531,-0.5250670000000001,0.717568,IDN,SWE,5514
104,208,947,1992,46503,22445,0.101094,1.6851180000000001,IND,SWE,5514
106,208,947,1992,3606800,8588,1.454172,1.397052,IRL,SWE,5514
107,208,947,1992,5908,0,-1.195108,-1.135155,IRN,SWE,5514
109,208,947,1992,0,53755,-0.076691,-0.630567,ISL,SWE,5514
110,208,947,1992,44107,0,1.354362,1.3260530000000001,ISR,SWE,5514
111,208,947,1992,36997,404201,1.7819,0.981246,ITA,SWE,5514
113,208,947,1992,0,4866,0.716964,0.5323760000000001,JOR,SWE,5514
114,208,947,1992,25084,27467,2.451698,0.875639,JPN,SWE,5514
116,208,947,1992,0,29401,-0.31818,-0.096856,KEN,SWE,5514
121,208,947,1992,0,120192,0.778066,1.3011139999999999,KOR,SWE,5514
132,208,947,1992,0,13922,0.184303,0.022494999999999998,LVA,SWE,5514
134,208,947,1992,18708,17480,-0.339711,-0.265987,MAR,SWE,5514
138,208,947,1992,0,971,0.9039370000000001,0.965842,MEX,SWE,5514
153,208,947,1992,0,33562,0.14268499999999998,0.370079,MYS,SWE,5514
160,208,947,1992,0,4225,-0.214083,-0.111615,NIC,SWE,5514
162,208,947,1992,4347968,1186009,1.4315069999999999,1.7107450000000002,NLD,SWE,5514
163,208,947,1992,176760,1246962,0.877965,0.444983,NOR,SWE,5514
166,208,947,1992,0,9557,0.41866000000000003,0.580581,NZL,SWE,5514
167,208,947,1992,0,2791,-0.906702,-1.0716709999999998,OMN,SWE,5514
169,208,947,1992,0,16619,0.289315,0.37247199999999997,PAN,SWE,5514
177,208,947,1992,16657,51706,0.581166,2.070795,POL,SWE,5514
179,208,947,1992,0,142702,0.47505,0.8402860000000001,PRT,SWE,5514
183,208,947,1992,0,9356,-0.491413,-1.004476,QAT,SWE,5514
186,208,947,1992,0,15293,0.071799,0.14036099999999999,RUS,SWE,5514
188,208,947,1992,0,182457,0.416315,-0.7342489999999999,SAU,SWE,5514
189,208,947,1992,0,65095,0.9474950000000001,2.442268,SCG,SWE,5514
192,208,947,1992,0,270101,0.95691,0.892702,SGP,SWE,5514
197,208,947,1992,0,3731,0.396523,0.47548900000000005,SLV,SWE,5514
207,208,947,1992,0,6225,1.3270629999999999,1.605534,SVN,SWE,5514
216,208,947,1992,0,1213,0.109518,1.486578,THA,SWE,5514
223,208,947,1992,0,8743,0.14482,-0.13608,TUN,SWE,5514
231,208,947,1992,1268242,53654,1.660693,1.289752,USA,SWE,5514
236,208,947,1992,0,38320,-0.106385,-0.65975,VEN,SWE,5514
249,208,947,1992,0,80446,1.3694790000000001,1.6227559999999999,TWN,SWE,5514
250,208,947,1992,0,2227,0.989994,0.977453,ANS,SWE,5514
14,216,947,1992,811998,7966,0.083812,0.637224,AUS,THA,5514
15,216,947,1992,0,160796,1.975207,0.669388,AUT,THA,5514
18,216,947,1992,4717,0,1.449085,1.622957,BEL,THA,5514
24,216,947,1992,0,9855,0.047396,-0.554517,BHR,THA,5514
32,216,947,1992,9749,0,0.685144,1.5676709999999998,BRA,THA,5514
39,216,947,1992,1010,9216,0.74703,1.096791,CAN,THA,5514
41,216,947,1992,6279666,0,2.24952,1.014945,CHE,THA,5514
43,216,947,1992,110739,14575,0.269411,1.920075,CHN,THA,5514
61,216,947,1992,2699739,37372,2.2968349999999997,-2.581569,DEU,THA,5514
64,216,947,1992,6670,0,1.696464,1.365743,DNK,THA,5514
71,216,947,1992,1731541,0,1.301511,1.730441,ESP,THA,5514
77,216,947,1992,2596961,9214,1.682766,1.2713430000000001,FRA,THA,5514
81,216,947,1992,6578418,8378,1.8901810000000001,0.9274030000000001,GBR,THA,5514
97,216,947,1992,2642280,17442,0.754112,1.911201,HKG,THA,5514
103,216,947,1992,168617,4154,-0.5250670000000001,0.717568,IDN,THA,5514
104,216,947,1992,26857,0,0.101094,1.6851180000000001,IND,THA,5514
106,216,947,1992,395994,0,1.454172,1.397052,IRL,THA,5514
110,216,947,1992,36939,0,1.354362,1.3260530000000001,ISR,THA,5514
111,216,947,1992,19664,0,1.7819,0.981246,ITA,THA,5514
114,216,947,1992,8948360,6277,2.451698,0.875639,JPN,THA,5514
123,216,947,1992,0,17246,-1.03711,-1.114235,LAO,THA,5514
133,216,947,1992,0,2681,0.249034,-0.026864,MAC,THA,5514
150,216,947,1992,0,285,0.70167,-0.075327,MTQ,THA,5514
153,216,947,1992,8456,13474,0.14268499999999998,0.370079,MYS,THA,5514
162,216,947,1992,722374,0,1.4315069999999999,1.7107450000000002,NLD,THA,5514
163,216,947,1992,0,1839,0.877965,0.444983,NOR,THA,5514
166,216,947,1992,1056,1836,0.41866000000000003,0.580581,NZL,THA,5514
174,216,947,1992,126603,1688,-0.139761,0.772109,PHL,THA,5514
192,216,947,1992,5415486,86242,0.95691,0.892702,SGP,THA,5514
208,216,947,1992,1213,0,2.2265900000000003,0.999178,SWE,THA,5514
231,216,947,1992,3287148,67217,1.660693,1.289752,USA,THA,5514
239,216,947,1992,0,29167,-0.989259,-0.43416099999999996,VNM,THA,5514
249,216,947,1992,13122,4199,1.3694790000000001,1.6227559999999999,TWN,THA,5514
250,216,947,1992,1101,1646,0.989994,0.977453,ANS,THA,5514
7,224,947,1992,0,10638,-0.495518,-0.963358,ARE,TUR,5514
15,224,947,1992,55555,0,1.975207,0.669388,AUT,TUR,5514
18,224,947,1992,872044,0,1.449085,1.622957,BEL,TUR,5514
23,224,947,1992,1141,951,0.503161,1.871616,BGR,TUR,5514
41,224,947,1992,4833616,0,2.24952,1.014945,CHE,TUR,5514
43,224,947,1992,3540,0,0.269411,1.920075,CHN,TUR,5514
58,224,947,1992,0,15223,0.471516,0.668776,CYP,TUR,5514
61,224,947,1992,5923592,444693,2.2968349999999997,-2.581569,DEU,TUR,5514
64,224,947,1992,479927,0,1.696464,1.365743,DNK,TUR,5514
68,224,947,1992,0,1019,-0.102143,-0.17513499999999999,EGY,TUR,5514
71,224,947,1992,163707,0,1.301511,1.730441,ESP,TUR,5514
74,224,947,1992,11091,0,1.929661,1.3477,FIN,TUR,5514
77,224,947,1992,2539129,0,1.682766,1.2713430000000001,FRA,TUR,5514
81,224,947,1992,4554246,11443,1.8901810000000001,0.9274030000000001,GBR,TUR,5514
90,224,947,1992,2833,0,0.139504,0.743678,GRC,TUR,5514
106,224,947,1992,594629,0,1.454172,1.397052,IRL,TUR,5514
110,224,947,1992,61337,0,1.354362,1.3260530000000001,ISR,TUR,5514
111,224,947,1992,257073,0,1.7819,0.981246,ITA,TUR,5514
113,224,947,1992,0,81743,0.716964,0.5323760000000001,JOR,TUR,5514
114,224,947,1992,4361,30977,2.451698,0.875639,JPN,TUR,5514
122,224,947,1992,0,1900,-1.2360950000000002,-1.061771,KWT,TUR,5514
126,224,947,1992,0,3761,-0.333309,-0.981883,LBY,TUR,5514
128,224,947,1992,0,8202,-0.45780600000000005,-0.221948,LKA,TUR,5514
162,224,947,1992,8732998,130251,1.4315069999999999,1.7107450000000002,NLD,TUR,5514
177,224,947,1992,34447,0,0.581166,2.070795,POL,TUR,5514
185,224,947,1992,0,3809,0.838817,1.358629,ROU,TUR,5514
186,224,947,1992,14259,31646,0.071799,0.14036099999999999,RUS,TUR,5514
188,224,947,1992,0,16548,0.416315,-0.7342489999999999,SAU,TUR,5514
223,224,947,1992,0,9027,0.14482,-0.13608,TUN,TUR,5514
231,224,947,1992,5844251,4111,1.660693,1.289752,USA,TUR,5514
2,246,947,1992,0,2332,-1.90642,-1.061544,AGO,ZAF,5514
13,246,947,1992,0,1824,0.561238,-0.164287,ATG,ZAF,5514
14,246,947,1992,46196,2088,0.083812,0.637224,AUS,ZAF,5514
15,246,947,1992,2744,0,1.975207,0.669388,AUT,ZAF,5514
18,246,947,1992,387704,0,1.449085,1.622957,BEL,ZAF,5514
41,246,947,1992,12593494,46320,2.24952,1.014945,CHE,ZAF,5514
42,246,947,1992,47243,4814,-0.188106,-0.360151,CHL,ZAF,5514
46,246,947,1992,0,4858,-1.55348,-1.100071,COD,ZAF,5514
61,246,947,1992,6052273,81877,2.2968349999999997,-2.581569,DEU,ZAF,5514
64,246,947,1992,89188,0,1.696464,1.365743,DNK,ZAF,5514
71,246,947,1992,160514,0,1.301511,1.730441,ESP,ZAF,5514
77,246,947,1992,6023836,6165,1.682766,1.2713430000000001,FRA,ZAF,5514
81,246,947,1992,10372032,138066,1.8901810000000001,0.9274030000000001,GBR,ZAF,5514
97,246,947,1992,655042,0,0.754112,1.911201,HKG,ZAF,5514
103,246,947,1992,4338,0,-0.5250670000000001,0.717568,IDN,ZAF,5514
104,246,947,1992,9343,0,0.101094,1.6851180000000001,IND,ZAF,5514
106,246,947,1992,865861,0,1.454172,1.397052,IRL,ZAF,5514
107,246,947,1992,6751,0,-1.195108,-1.135155,IRN,ZAF,5514
109,246,947,1992,4818,0,-0.076691,-0.630567,ISL,ZAF,5514
110,246,947,1992,53493,7014,1.354362,1.3260530000000001,ISR,ZAF,5514
111,246,947,1992,79394,0,1.7819,0.981246,ITA,ZAF,5514
114,246,947,1992,12826,0,2.451698,0.875639,JPN,ZAF,5514
116,246,947,1992,0,6321,-0.31818,-0.096856,KEN,ZAF,5514
138,246,947,1992,1201,0,0.9039370000000001,0.965842,MEX,ZAF,5514
147,246,947,1992,0,30121,-0.119653,-0.28381100000000004,MOZ,ZAF,5514
151,246,947,1992,0,136099,-0.249558,-0.643201,MUS,ZAF,5514
152,246,947,1992,0,578691,-1.368384,-1.205314,MWI,ZAF,5514
153,246,947,1992,0,4447,0.14268499999999998,0.370079,MYS,ZAF,5514
162,246,947,1992,4265312,128694,1.4315069999999999,1.7107450000000002,NLD,ZAF,5514
166,246,947,1992,1382,836,0.41866000000000003,0.580581,NZL,ZAF,5514
168,246,947,1992,970,0,-0.480152,-0.361705,PAK,ZAF,5514
186,246,947,1992,24254,0,0.071799,0.14036099999999999,RUS,ZAF,5514
192,246,947,1992,139594,0,0.95691,0.892702,SGP,ZAF,5514
211,246,947,1992,0,52142,0.05767100000000001,-0.6613020000000001,SYC,ZAF,5514
231,246,947,1992,3990493,163239,1.660693,1.289752,USA,ZAF,5514
236,246,947,1992,970,3282,-0.106385,-0.65975,VEN,ZAF,5514
247,246,947,1992,0,55652,-0.9865219999999999,-1.076062,ZMB,ZAF,5514
248,246,947,1992,2863,461105,-0.11168099999999999,0.143612,ZWE,ZAF,5514
249,246,947,1992,2030,48603,1.3694790000000001,1.6227559999999999,TWN,ZAF,5514
250,246,947,1992,24784,0,0.989994,0.977453,ANS,ZAF,5514
7,249,947,1992,4292,982,-0.495518,-0.963358,ARE,TWN,5514
14,249,947,1992,84712,2031,0.083812,0.637224,AUS,TWN,5514
15,249,947,1992,46349,0,1.975207,0.669388,AUT,TWN,5514
32,249,947,1992,13978,0,0.685144,1.5676709999999998,BRA,TWN,5514
41,249,947,1992,4777149,10430,2.24952,1.014945,CHE,TWN,5514
43,249,947,1992,13589,79557,0.269411,1.920075,CHN,TWN,5514
61,249,947,1992,3319081,39608,2.2968349999999997,-2.581569,DEU,TWN,5514
64,249,947,1992,20844,0,1.696464,1.365743,DNK,TWN,5514
71,249,947,1992,1568854,0,1.301511,1.730441,ESP,TWN,5514
75,249,947,1992,0,10735,-0.573887,-0.6382680000000001,FJI,TWN,5514
77,249,947,1992,2659522,46270,1.682766,1.2713430000000001,FRA,TWN,5514
81,249,947,1992,2449905,9539,1.8901810000000001,0.9274030000000001,GBR,TWN,5514
93,249,947,1992,5269,0,-0.031145999999999997,0.48874300000000004,GTM,TWN,5514
97,249,947,1992,5787702,456255,0.754112,1.911201,HKG,TWN,5514
99,249,947,1992,0,2311,-0.5100640000000001,-0.38205900000000004,HND,TWN,5514
103,249,947,1992,24841,228981,-0.5250670000000001,0.717568,IDN,TWN,5514
104,249,947,1992,31804,5807,0.101094,1.6851180000000001,IND,TWN,5514
106,249,947,1992,10821,0,1.454172,1.397052,IRL,TWN,5514
110,249,947,1992,4509,0,1.354362,1.3260530000000001,ISR,TWN,5514
111,249,947,1992,350733,1134,1.7819,0.981246,ITA,TWN,5514
114,249,947,1992,18612340,349366,2.451698,0.875639,JPN,TWN,5514
121,249,947,1992,87232,0,0.778066,1.3011139999999999,KOR,TWN,5514
128,249,947,1992,0,4969,-0.45780600000000005,-0.221948,LKA,TWN,5514
133,249,947,1992,0,23696,0.249034,-0.026864,MAC,TWN,5514
153,249,947,1992,19020,11847,0.14268499999999998,0.370079,MYS,TWN,5514
159,249,947,1992,0,125000,-2.275923,-1.178983,NGA,TWN,5514
162,249,947,1992,737273,0,1.4315069999999999,1.7107450000000002,NLD,TWN,5514
164,249,947,1992,0,4548,-0.604018,-0.677756,NPL,TWN,5514
169,249,947,1992,0,2705,0.289315,0.37247199999999997,PAN,TWN,5514
174,249,947,1992,9120,53900,-0.139761,0.772109,PHL,TWN,5514
180,249,947,1992,0,2689,-0.906433,-0.787177,PRY,TWN,5514
188,249,947,1992,0,12836,0.416315,-0.7342489999999999,SAU,TWN,5514
192,249,947,1992,2387183,26831,0.95691,0.892702,SGP,TWN,5514
208,249,947,1992,80446,0,2.2265900000000003,0.999178,SWE,TWN,5514
216,249,947,1992,4199,13122,0.109518,1.486578,THA,TWN,5514
231,249,947,1992,5631763,73441,1.660693,1.289752,USA,TWN,5514
239,249,947,1992,0,7000,-0.989259,-0.43416099999999996,VNM,TWN,5514
246,249,947,1992,48603,2030,0.236335,1.415622,ZAF,TWN,5514
18,8,947,1992,7368,0,1.449085,1.622957,BEL,ARG,5514
31,8,947,1992,0,85508,-0.609826,-0.693473,BOL,ARG,5514
32,8,947,1992,64446,14020,0.685144,1.5676709999999998,BRA,ARG,5514
39,8,947,1992,22074,0,0.74703,1.096791,CAN,ARG,5514
41,8,947,1992,3825060,0,2.24952,1.014945,CHE,ARG,5514
42,8,947,1992,36875,1032890,-0.188106,-0.360151,CHL,ARG,5514
43,8,947,1992,6858,0,0.269411,1.920075,CHN,ARG,5514
49,8,947,1992,92283,963,0.022895,0.22971799999999998,COL,ARG,5514
61,8,947,1992,1287234,0,2.2968349999999997,-2.581569,DEU,ARG,5514
67,8,947,1992,0,80344,-0.815778,-0.9415459999999999,ECU,ARG,5514
71,8,947,1992,81040,29010,1.301511,1.730441,ESP,ARG,5514
77,8,947,1992,1630276,61900,1.682766,1.2713430000000001,FRA,ARG,5514
81,8,947,1992,381568,0,1.8901810000000001,0.9274030000000001,GBR,ARG,5514
90,8,947,1992,75334,0,0.139504,0.743678,GRC,ARG,5514
93,8,947,1992,0,7626,-0.031145999999999997,0.48874300000000004,GTM,ARG,5514
97,8,947,1992,0,130377,0.754112,1.911201,HKG,ARG,5514
106,8,947,1992,487418,0,1.454172,1.397052,IRL,ARG,5514
110,8,947,1992,5289,3907,1.354362,1.3260530000000001,ISR,ARG,5514
111,8,947,1992,7308,0,1.7819,0.981246,ITA,ARG,5514
114,8,947,1992,3652,0,2.451698,0.875639,JPN,ARG,5514
138,8,947,1992,9993,50077,0.9039370000000001,0.965842,MEX,ARG,5514
162,8,947,1992,245949,0,1.4315069999999999,1.7107450000000002,NLD,ARG,5514
173,8,947,1992,4394,83845,-0.286545,-0.264638,PER,ARG,5514
180,8,947,1992,0,164771,-0.906433,-0.787177,PRY,ARG,5514
192,8,947,1992,0,7393,0.95691,0.892702,SGP,ARG,5514
197,8,947,1992,0,1428,0.396523,0.47548900000000005,SLV,ARG,5514
208,8,947,1992,1452,0,2.2265900000000003,0.999178,SWE,ARG,5514
230,8,947,1992,20537,1555023,0.242758,0.711781,URY,ARG,5514
231,8,947,1992,3243057,1039274,1.660693,1.289752,USA,ARG,5514
236,8,947,1992,0,55475,-0.106385,-0.65975,VEN,ARG,5514
61,19,947,1992,12227,0,2.2968349999999997,-2.581569,DEU,BEN,5514
77,19,947,1992,54362,0,1.682766,1.2713430000000001,FRA,BEN,5514
106,19,947,1992,3971,0,1.454172,1.397052,IRL,BEN,5514
162,19,947,1992,10356,0,1.4315069999999999,1.7107450000000002,NLD,BEN,5514
2,32,947,1992,0,3358,-1.90642,-1.061544,AGO,BRA,5514
8,32,947,1992,14020,64446,0.043179,0.553408,ARG,BRA,5514
14,32,947,1992,0,8846,0.083812,0.637224,AUS,BRA,5514
15,32,947,1992,17440,27807,1.975207,0.669388,AUT,BRA,5514
31,32,947,1992,0,19254,-0.609826,-0.693473,BOL,BRA,5514
39,32,947,1992,0,1185,0.74703,1.096791,CAN,BRA,5514
41,32,947,1992,463987,44500,2.24952,1.014945,CHE,BRA,5514
42,32,947,1992,4925,157113,-0.188106,-0.360151,CHL,BRA,5514
43,32,947,1992,39884,67864,0.269411,1.920075,CHN,BRA,5514
49,32,947,1992,0,372125,0.022895,0.22971799999999998,COL,BRA,5514
51,32,947,1992,0,1433,0.314087,-0.48178699999999997,CPV,BRA,5514
61,32,947,1992,214339,564920,2.2968349999999997,-2.581569,DEU,BRA,5514
67,32,947,1992,172610,68250,-0.815778,-0.9415459999999999,ECU,BRA,5514
71,32,947,1992,24402,8521,1.301511,1.730441,ESP,BRA,5514
74,32,947,1992,0,676,1.929661,1.3477,FIN,BRA,5514
77,32,947,1992,747762,26752,1.682766,1.2713430000000001,FRA,BRA,5514
81,32,947,1992,990737,25339,1.8901810000000001,0.9274030000000001,GBR,BRA,5514
93,32,947,1992,0,20173,-0.031145999999999997,0.48874300000000004,GTM,BRA,5514
97,32,947,1992,39050,14782,0.754112,1.911201,HKG,BRA,5514
99,32,947,1992,0,3286,-0.5100640000000001,-0.38205900000000004,HND,BRA,5514
102,32,947,1992,0,26200,0.9144620000000001,2.157041,HUN,BRA,5514
103,32,947,1992,7573,1844,-0.5250670000000001,0.717568,IDN,BRA,5514
106,32,947,1992,13029,0,1.454172,1.397052,IRL,BRA,5514
111,32,947,1992,19324,0,1.7819,0.981246,ITA,BRA,5514
114,32,947,1992,38374,20935,2.451698,0.875639,JPN,BRA,5514
121,32,947,1992,0,73013,0.778066,1.3011139999999999,KOR,BRA,5514
138,32,947,1992,18352,10011,0.9039370000000001,0.965842,MEX,BRA,5514
159,32,947,1992,0,59121,-2.275923,-1.178983,NGA,BRA,5514
162,32,947,1992,348603,91402,1.4315069999999999,1.7107450000000002,NLD,BRA,5514
166,32,947,1992,0,5098,0.41866000000000003,0.580581,NZL,BRA,5514
169,32,947,1992,0,2603,0.289315,0.37247199999999997,PAN,BRA,5514
173,32,947,1992,9712,108273,-0.286545,-0.264638,PER,BRA,5514
180,32,947,1992,0,270191,-0.906433,-0.787177,PRY,BRA,5514
192,32,947,1992,0,7681,0.95691,0.892702,SGP,BRA,5514
197,32,947,1992,0,2839,0.396523,0.47548900000000005,SLV,BRA,5514
208,32,947,1992,1447,0,2.2265900000000003,0.999178,SWE,BRA,5514
216,32,947,1992,0,9749,0.109518,1.486578,THA,BRA,5514
230,32,947,1992,17858,529156,0.242758,0.711781,URY,BRA,5514
231,32,947,1992,3121355,2691685,1.660693,1.289752,USA,BRA,5514
236,32,947,1992,0,61438,-0.106385,-0.65975,VEN,BRA,5514
249,32,947,1992,0,13978,1.3694790000000001,1.6227559999999999,TWN,BRA,5514
15,58,947,1992,24352,0,1.975207,0.669388,AUT,CYP,5514
18,58,947,1992,12071,0,1.449085,1.622957,BEL,CYP,5514
39,58,947,1992,3764,0,0.74703,1.096791,CAN,CYP,5514
41,58,947,1992,627769,11684,2.24952,1.014945,CHE,CYP,5514
61,58,947,1992,1124980,5241,2.2968349999999997,-2.581569,DEU,CYP,5514
64,58,947,1992,1319,0,1.696464,1.365743,DNK,CYP,5514
71,58,947,1992,57877,0,1.301511,1.730441,ESP,CYP,5514
77,58,947,1992,943000,0,1.682766,1.2713430000000001,FRA,CYP,5514
81,58,947,1992,1076678,9577,1.8901810000000001,0.9274030000000001,GBR,CYP,5514
90,58,947,1992,19955,3433,0.139504,0.743678,GRC,CYP,5514
106,58,947,1992,1086971,0,1.454172,1.397052,IRL,CYP,5514
110,58,947,1992,5617,0,1.354362,1.3260530000000001,ISR,CYP,5514
111,58,947,1992,39787,0,1.7819,0.981246,ITA,CYP,5514
124,58,947,1992,1431,0,0.186135,0.800906,LBN,CYP,5514
162,58,947,1992,234743,0,1.4315069999999999,1.7107450000000002,NLD,CYP,5514
167,58,947,1992,0,32152,-0.906702,-1.0716709999999998,OMN,CYP,5514
177,58,947,1992,0,1804,0.581166,2.070795,POL,CYP,5514
179,58,947,1992,8525,0,0.47505,0.8402860000000001,PRT,CYP,5514
186,58,947,1992,19253,6953,0.071799,0.14036099999999999,RUS,CYP,5514
188,58,947,1992,0,31034,0.416315,-0.7342489999999999,SAU,CYP,5514
189,58,947,1992,0,26180,0.9474950000000001,2.442268,SCG,CYP,5514
208,58,947,1992,4289,0,2.2265900000000003,0.999178,SWE,CYP,5514
212,58,947,1992,0,5471,-0.566724,-0.602446,SYR,CYP,5514
224,58,947,1992,15223,0,0.160966,1.154796,TUR,CYP,5514
231,58,947,1992,7122,0,1.660693,1.289752,USA,CYP,5514
243,58,947,1992,0,2288,-0.7116020000000001,-0.9852489999999999,YEM,CYP,5514
18,83,947,1992,1644,0,1.449085,1.622957,BEL,GHA,5514
41,83,947,1992,151259,0,2.24952,1.014945,CHE,GHA,5514
61,83,947,1992,78600,0,2.2968349999999997,-2.581569,DEU,GHA,5514
64,83,947,1992,42795,0,1.696464,1.365743,DNK,GHA,5514
71,83,947,1992,115642,0,1.301511,1.730441,ESP,GHA,5514
77,83,947,1992,5865,0,1.682766,1.2713430000000001,FRA,GHA,5514
81,83,947,1992,1046124,0,1.8901810000000001,0.9274030000000001,GBR,GHA,5514
106,83,947,1992,140278,0,1.454172,1.397052,IRL,GHA,5514
162,83,947,1992,195324,0,1.4315069999999999,1.7107450000000002,NLD,GHA,5514
231,83,947,1992,115936,0,1.660693,1.289752,USA,GHA,5514
8,90,947,1992,0,75334,0.043179,0.553408,ARG,GRC,5514
14,90,947,1992,3216,0,0.083812,0.637224,AUS,GRC,5514
15,90,947,1992,6446,0,1.975207,0.669388,AUT,GRC,5514
18,90,947,1992,1410713,29431,1.449085,1.622957,BEL,GRC,5514
41,90,947,1992,5971158,0,2.24952,1.014945,CHE,GRC,5514
43,90,947,1992,14696,0,0.269411,1.920075,CHN,GRC,5514
46,90,947,1992,0,40863,-1.55348,-1.100071,COD,GRC,5514
58,90,947,1992,3433,19955,0.471516,0.668776,CYP,GRC,5514
61,90,947,1992,4664592,214788,2.2968349999999997,-2.581569,DEU,GRC,5514
64,90,947,1992,430781,0,1.696464,1.365743,DNK,GRC,5514
68,90,947,1992,0,5239,-0.102143,-0.17513499999999999,EGY,GRC,5514
71,90,947,1992,152545,0,1.301511,1.730441,ESP,GRC,5514
74,90,947,1992,4589,0,1.929661,1.3477,FIN,GRC,5514
77,90,947,1992,2631700,39887,1.682766,1.2713430000000001,FRA,GRC,5514
81,90,947,1992,3078020,1757,1.8901810000000001,0.9274030000000001,GBR,GRC,5514
102,90,947,1992,0,18495,0.9144620000000001,2.157041,HUN,GRC,5514
106,90,947,1992,2280581,5374,1.454172,1.397052,IRL,GRC,5514
110,90,947,1992,54076,1891,1.354362,1.3260530000000001,ISR,GRC,5514
111,90,947,1992,673230,4770,1.7819,0.981246,ITA,GRC,5514
142,90,947,1992,0,1110,0.828211,0.29226599999999997,MLT,GRC,5514
159,90,947,1992,0,549236,-2.275923,-1.178983,NGA,GRC,5514
162,90,947,1992,4011993,15690,1.4315069999999999,1.7107450000000002,NLD,GRC,5514
168,90,947,1992,0,3551,-0.480152,-0.361705,PAK,GRC,5514
177,90,947,1992,0,37392,0.581166,2.070795,POL,GRC,5514
188,90,947,1992,0,12158,0.416315,-0.7342489999999999,SAU,GRC,5514
189,90,947,1992,0,1262,0.9474950000000001,2.442268,SCG,GRC,5514
192,90,947,1992,0,7106,0.95691,0.892702,SGP,GRC,5514
207,90,947,1992,0,829,1.3270629999999999,1.605534,SVN,GRC,5514
212,90,947,1992,0,22372,-0.566724,-0.602446,SYR,GRC,5514
224,90,947,1992,0,2833,0.160966,1.154796,TUR,GRC,5514
231,90,947,1992,321223,14591,1.660693,1.289752,USA,GRC,5514
236,90,947,1992,0,36634,-0.106385,-0.65975,VEN,GRC,5514
250,90,947,1992,0,6918,0.989994,0.977453,ANS,GRC,5514
18,116,947,1992,263309,0,1.449085,1.622957,BEL,KEN,5514
41,116,947,1992,469584,0,2.24952,1.014945,CHE,KEN,5514
46,116,947,1992,0,1135,-1.55348,-1.100071,COD,KEN,5514
50,116,947,1992,0,14962,-0.5867220000000001,-0.8257620000000001,COM,KEN,5514
61,116,947,1992,1000497,0,2.2968349999999997,-2.581569,DEU,KEN,5514
62,116,947,1992,0,39444,0.708593,1.196323,DJI,KEN,5514
64,116,947,1992,7240,0,1.696464,1.365743,DNK,KEN,5514
73,116,947,1992,0,165429,-1.036482,-1.078446,ETH,KEN,5514
77,116,947,1992,15174,0,1.682766,1.2713430000000001,FRA,KEN,5514
81,116,947,1992,1243167,45643,1.8901810000000001,0.9274030000000001,GBR,KEN,5514
104,116,947,1992,3174,0,0.101094,1.6851180000000001,IND,KEN,5514
106,116,947,1992,40441,0,1.454172,1.397052,IRL,KEN,5514
110,116,947,1992,103967,0,1.354362,1.3260530000000001,ISR,KEN,5514
111,116,947,1992,3742,0,1.7819,0.981246,ITA,KEN,5514
113,116,947,1992,4282,0,0.716964,0.5323760000000001,JOR,KEN,5514
114,116,947,1992,4662,0,2.451698,0.875639,JPN,KEN,5514
151,116,947,1992,0,5443,-0.249558,-0.643201,MUS,KEN,5514
162,116,947,1992,297432,0,1.4315069999999999,1.7107450000000002,NLD,KEN,5514
187,116,947,1992,0,181475,-0.890012,-0.888402,RWA,KEN,5514
208,116,947,1992,29401,0,2.2265900000000003,0.999178,SWE,KEN,5514
226,116,947,1992,0,518870,-1.139271,-0.8235379999999999,TZA,KEN,5514
227,116,947,1992,0,385593,-1.264399,-1.0359450000000001,UGA,KEN,5514
231,116,947,1992,185056,0,1.660693,1.289752,USA,KEN,5514
246,116,947,1992,6321,0,0.236335,1.415622,ZAF,KEN,5514
248,116,947,1992,20485,0,-0.11168099999999999,0.143612,ZWE,KEN,5514
250,116,947,1992,1203,0,0.989994,0.977453,ANS,KEN,5514
14,133,947,1992,1399,0,0.083812,0.637224,AUS,MAC,5514
41,133,947,1992,1856,0,2.24952,1.014945,CHE,MAC,5514
43,133,947,1992,4822,56022,0.269411,1.920075,CHN,MAC,5514
81,133,947,1992,17743,0,1.8901810000000001,0.9274030000000001,GBR,MAC,5514
97,133,947,1992,978474,5750,0.754112,1.911201,HKG,MAC,5514
114,133,947,1992,1477,0,2.451698,0.875639,JPN,MAC,5514
153,133,947,1992,693,0,0.14268499999999998,0.370079,MYS,MAC,5514
162,133,947,1992,207,0,1.4315069999999999,1.7107450000000002,NLD,MAC,5514
174,133,947,1992,6055,0,-0.139761,0.772109,PHL,MAC,5514
192,133,947,1992,1569,0,0.95691,0.892702,SGP,MAC,5514
216,133,947,1992,2681,0,0.109518,1.486578,THA,MAC,5514
231,133,947,1992,1948,0,1.660693,1.289752,USA,MAC,5514
249,133,947,1992,23696,0,1.3694790000000001,1.6227559999999999,TWN,MAC,5514
15,134,947,1992,2429,0,1.975207,0.669388,AUT,MAR,5514
18,134,947,1992,152288,0,1.449085,1.622957,BEL,MAR,5514
41,134,947,1992,830117,0,2.24952,1.014945,CHE,MAR,5514
53,134,947,1992,4248,0,1.116966,2.225331,CSK,MAR,5514
61,134,947,1992,2349776,0,2.2968349999999997,-2.581569,DEU,MAR,5514
64,134,947,1992,52048,0,1.696464,1.365743,DNK,MAR,5514
66,134,947,1992,0,3541,-0.24189699999999997,-0.9399219999999999,DZA,MAR,5514
71,134,947,1992,886163,0,1.301511,1.730441,ESP,MAR,5514
77,134,947,1992,4563470,2312,1.682766,1.2713430000000001,FRA,MAR,5514
81,134,947,1992,530950,0,1.8901810000000001,0.9274030000000001,GBR,MAR,5514
106,134,947,1992,1788048,0,1.454172,1.397052,IRL,MAR,5514
111,134,947,1992,24476,0,1.7819,0.981246,ITA,MAR,5514
114,134,947,1992,2325,6258,2.451698,0.875639,JPN,MAR,5514
126,134,947,1992,0,1556,-0.333309,-0.981883,LBY,MAR,5514
162,134,947,1992,218989,0,1.4315069999999999,1.7107450000000002,NLD,MAR,5514
208,134,947,1992,17480,18708,2.2265900000000003,0.999178,SWE,MAR,5514
223,134,947,1992,0,851592,0.14482,-0.13608,TUN,MAR,5514
231,134,947,1992,49033,0,1.660693,1.289752,USA,MAR,5514
7,142,947,1992,0,34841,-0.495518,-0.963358,ARE,MLT,5514
18,142,947,1992,1355,0,1.449085,1.622957,BEL,MLT,5514
24,142,947,1992,0,48896,0.047396,-0.554517,BHR,MLT,5514
41,142,947,1992,165043,0,2.24952,1.014945,CHE,MLT,5514
61,142,947,1992,1097268,0,2.2968349999999997,-2.581569,DEU,MLT,5514
64,142,947,1992,2626,0,1.696464,1.365743,DNK,MLT,5514
71,142,947,1992,5652,0,1.301511,1.730441,ESP,MLT,5514
77,142,947,1992,115247,0,1.682766,1.2713430000000001,FRA,MLT,5514
81,142,947,1992,578032,3752,1.8901810000000001,0.9274030000000001,GBR,MLT,5514
90,142,947,1992,1110,0,0.139504,0.743678,GRC,MLT,5514
106,142,947,1992,796102,0,1.454172,1.397052,IRL,MLT,5514
111,142,947,1992,415751,1248,1.7819,0.981246,ITA,MLT,5514
113,142,947,1992,0,20798,0.716964,0.5323760000000001,JOR,MLT,5514
122,142,947,1992,0,35722,-1.2360950000000002,-1.061771,KWT,MLT,5514
124,142,947,1992,0,5484,0.186135,0.800906,LBN,MLT,5514
126,142,947,1992,0,1786,-0.333309,-0.981883,LBY,MLT,5514
162,142,947,1992,122782,0,1.4315069999999999,1.7107450000000002,NLD,MLT,5514
167,142,947,1992,0,4585,-0.906702,-1.0716709999999998,OMN,MLT,5514
183,142,947,1992,0,50094,-0.491413,-1.004476,QAT,MLT,5514
188,142,947,1992,0,57437,0.416315,-0.7342489999999999,SAU,MLT,5514
243,142,947,1992,0,91999,-0.7116020000000001,-0.9852489999999999,YEM,MLT,5514
18,150,947,1992,8336,0,1.449085,1.622957,BEL,MTQ,5514
61,150,947,1992,3403,0,2.2968349999999997,-2.581569,DEU,MTQ,5514
77,150,947,1992,1318825,19367,1.682766,1.2713430000000001,FRA,MTQ,5514
86,150,947,1992,0,6638,0.68221,-0.319682,GLP,MTQ,5514
94,150,947,1992,0,1735,0.9797959999999999,0.125384,GUF,MTQ,5514
106,150,947,1992,35014,0,1.454172,1.397052,IRL,MTQ,5514
162,150,947,1992,174147,0,1.4315069999999999,1.7107450000000002,NLD,MTQ,5514
216,150,947,1992,285,0,0.109518,1.486578,THA,MTQ,5514
222,150,947,1992,119609,0,0.43506000000000006,-0.43233599999999994,TTO,MTQ,5514
231,150,947,1992,2839,0,1.660693,1.289752,USA,MTQ,5514
250,150,947,1992,6023,0,0.989994,0.977453,ANS,MTQ,5514
18,191,947,1992,113499,0,1.449085,1.622957,BEL,SEN,5514
41,191,947,1992,139967,0,2.24952,1.014945,CHE,SEN,5514
44,191,947,1992,1689,0,-1.689731,-1.070179,CIV,SEN,5514
61,191,947,1992,15988,0,2.2968349999999997,-2.581569,DEU,SEN,5514
64,191,947,1992,874,0,1.696464,1.365743,DNK,SEN,5514
77,191,947,1992,1834895,0,1.682766,1.2713430000000001,FRA,SEN,5514
81,191,947,1992,47168,0,1.8901810000000001,0.9274030000000001,GBR,SEN,5514
85,191,947,1992,0,77246,-1.11535,-1.0306,GIN,SEN,5514
87,191,947,1992,0,9464,-1.4704190000000001,-0.940117,GMB,SEN,5514
104,191,947,1992,110914,0,0.101094,1.6851180000000001,IND,SEN,5514
106,191,947,1992,52508,0,1.454172,1.397052,IRL,SEN,5514
111,191,947,1992,22595,0,1.7819,0.981246,ITA,SEN,5514
125,191,947,1992,0,11772,-0.790557,-0.9978870000000001,LBR,SEN,5514
141,191,947,1992,0,47390,-0.9495790000000001,-1.028165,MLI,SEN,5514
148,191,947,1992,0,80328,-1.270091,-1.116622,MRT,SEN,5514
159,191,947,1992,0,21090,-2.275923,-1.178983,NGA,SEN,5514
162,191,947,1992,324786,0,1.4315069999999999,1.7107450000000002,NLD,SEN,5514
215,191,947,1992,0,130269,-1.199292,-1.082889,TGO,SEN,5514
231,191,947,1992,167504,0,1.660693,1.289752,USA,SEN,5514
14,248,947,1992,2396,0,0.083812,0.637224,AUS,ZWE,5514
18,248,947,1992,36251,0,1.449085,1.622957,BEL,ZWE,5514
41,248,947,1992,1281297,52157,2.24952,1.014945,CHE,ZWE,5514
61,248,947,1992,81419,0,2.2968349999999997,-2.581569,DEU,ZWE,5514
64,248,947,1992,261935,0,1.696464,1.365743,DNK,ZWE,5514
77,248,947,1992,35127,0,1.682766,1.2713430000000001,FRA,ZWE,5514
81,248,947,1992,1165460,0,1.8901810000000001,0.9274030000000001,GBR,ZWE,5514
104,248,947,1992,3646,0,0.101094,1.6851180000000001,IND,ZWE,5514
106,248,947,1992,29212,0,1.454172,1.397052,IRL,ZWE,5514
116,248,947,1992,0,20485,-0.31818,-0.096856,KEN,ZWE,5514
152,248,947,1992,0,35031,-1.368384,-1.205314,MWI,ZWE,5514
162,248,947,1992,75833,0,1.4315069999999999,1.7107450000000002,NLD,ZWE,5514
231,248,947,1992,45780,0,1.660693,1.289752,USA,ZWE,5514
246,248,947,1992,461105,2863,0.236335,1.415622,ZAF,ZWE,5514
247,248,947,1992,0,59616,-0.9865219999999999,-1.076062,ZMB,ZWE,5514
6,236,947,1992,50183,2526,0.258484,-0.47236000000000006,ANT,VEN,5514
8,236,947,1992,55475,0,0.043179,0.553408,ARG,VEN,5514
18,236,947,1992,127628,0,1.449085,1.622957,BEL,VEN,5514
32,236,947,1992,61438,0,0.685144,1.5676709999999998,BRA,VEN,5514
39,236,947,1992,4002,0,0.74703,1.096791,CAN,VEN,5514
41,236,947,1992,5034204,0,2.24952,1.014945,CHE,VEN,5514
49,236,947,1992,1709717,272699,0.022895,0.22971799999999998,COL,VEN,5514
61,236,947,1992,2696106,0,2.2968349999999997,-2.581569,DEU,VEN,5514
64,236,947,1992,8208,0,1.696464,1.365743,DNK,VEN,5514
65,236,947,1992,0,8161,-0.338979,-0.5049279999999999,DOM,VEN,5514
67,236,947,1992,264811,1484124,-0.815778,-0.9415459999999999,ECU,VEN,5514
71,236,947,1992,3297225,4744,1.301511,1.730441,ESP,VEN,5514
77,236,947,1992,3646986,0,1.682766,1.2713430000000001,FRA,VEN,5514
81,236,947,1992,1649399,0,1.8901810000000001,0.9274030000000001,GBR,VEN,5514
90,236,947,1992,36634,0,0.139504,0.743678,GRC,VEN,5514
93,236,947,1992,9325,0,-0.031145999999999997,0.48874300000000004,GTM,VEN,5514
94,236,947,1992,0,3873,0.9797959999999999,0.125384,GUF,VEN,5514
104,236,947,1992,2403,0,0.101094,1.6851180000000001,IND,VEN,5514
106,236,947,1992,88554,0,1.454172,1.397052,IRL,VEN,5514
111,236,947,1992,31199,0,1.7819,0.981246,ITA,VEN,5514
114,236,947,1992,1463,0,2.451698,0.875639,JPN,VEN,5514
138,236,947,1992,2189735,0,0.9039370000000001,0.965842,MEX,VEN,5514
162,236,947,1992,348803,0,1.4315069999999999,1.7107450000000002,NLD,VEN,5514
169,236,947,1992,5630,20841,0.289315,0.37247199999999997,PAN,VEN,5514
173,236,947,1992,36815,1003,-0.286545,-0.264638,PER,VEN,5514
179,236,947,1992,10259,0,0.47505,0.8402860000000001,PRT,VEN,5514
208,236,947,1992,38320,0,2.2265900000000003,0.999178,SWE,VEN,5514
222,236,947,1992,0,14418,0.43506000000000006,-0.43233599999999994,TTO,VEN,5514
230,236,947,1992,9237,0,0.242758,0.711781,URY,VEN,5514
231,236,947,1992,13179813,5186,1.660693,1.289752,USA,VEN,5514
246,236,947,1992,3282,970,0.236335,1.415622,ZAF,VEN,5514
8,31,947,1992,85508,0,0.043179,0.553408,ARG,BOL,5514
32,31,947,1992,19254,0,0.685144,1.5676709999999998,BRA,BOL,5514
41,31,947,1992,307232,0,2.24952,1.014945,CHE,BOL,5514
42,31,947,1992,149714,0,-0.188106,-0.360151,CHL,BOL,5514
49,31,947,1992,1311,0,0.022895,0.22971799999999998,COL,BOL,5514
61,31,947,1992,186550,0,2.2968349999999997,-2.581569,DEU,BOL,5514
67,31,947,1992,8425,0,-0.815778,-0.9415459999999999,ECU,BOL,5514
71,31,947,1992,51935,0,1.301511,1.730441,ESP,BOL,5514
77,31,947,1992,2023,0,1.682766,1.2713430000000001,FRA,BOL,5514
81,31,947,1992,25749,0,1.8901810000000001,0.9274030000000001,GBR,BOL,5514
96,31,947,1992,0,14545,-0.6447689999999999,-0.808177,GUY,BOL,5514
111,31,947,1992,1213,0,1.7819,0.981246,ITA,BOL,5514
162,31,947,1992,1153,0,1.4315069999999999,1.7107450000000002,NLD,BOL,5514
173,31,947,1992,23698,0,-0.286545,-0.264638,PER,BOL,5514
231,31,947,1992,494414,0,1.660693,1.289752,USA,BOL,5514
8,67,947,1992,80344,0,0.043179,0.553408,ARG,ECU,5514
18,67,947,1992,36247,11474,1.449085,1.622957,BEL,ECU,5514
31,67,947,1992,0,8425,-0.609826,-0.693473,BOL,ECU,5514
32,67,947,1992,68250,172610,0.685144,1.5676709999999998,BRA,ECU,5514
41,67,947,1992,1316768,0,2.24952,1.014945,CHE,ECU,5514
42,67,947,1992,6354,0,-0.188106,-0.360151,CHL,ECU,5514
49,67,947,1992,343276,173450,0.022895,0.22971799999999998,COL,ECU,5514
61,67,947,1992,676275,0,2.2968349999999997,-2.581569,DEU,ECU,5514
64,67,947,1992,40776,0,1.696464,1.365743,DNK,ECU,5514
71,67,947,1992,108194,0,1.301511,1.730441,ESP,ECU,5514
77,67,947,1992,52809,27066,1.682766,1.2713430000000001,FRA,ECU,5514
81,67,947,1992,1129550,60332,1.8901810000000001,0.9274030000000001,GBR,ECU,5514
103,67,947,1992,0,2530,-0.5250670000000001,0.717568,IDN,ECU,5514
106,67,947,1992,1157303,0,1.454172,1.397052,IRL,ECU,5514
111,67,947,1992,391578,0,1.7819,0.981246,ITA,ECU,5514
114,67,947,1992,11760,0,2.451698,0.875639,JPN,ECU,5514
138,67,947,1992,5781,0,0.9039370000000001,0.965842,MEX,ECU,5514
162,67,947,1992,70206,1353,1.4315069999999999,1.7107450000000002,NLD,ECU,5514
169,67,947,1992,2684,0,0.289315,0.37247199999999997,PAN,ECU,5514
173,67,947,1992,9300,56480,-0.286545,-0.264638,PER,ECU,5514
208,67,947,1992,3710,0,2.2265900000000003,0.999178,SWE,ECU,5514
231,67,947,1992,1974826,0,1.660693,1.289752,USA,ECU,5514
236,67,947,1992,1484124,264811,-0.106385,-0.65975,VEN,ECU,5514
15,212,947,1992,37200,0,1.975207,0.669388,AUT,SYR,5514
18,212,947,1992,166491,0,1.449085,1.622957,BEL,SYR,5514
23,212,947,1992,16907,0,0.503161,1.871616,BGR,SYR,5514
41,212,947,1992,586326,0,2.24952,1.014945,CHE,SYR,5514
58,212,947,1992,5471,0,0.471516,0.668776,CYP,SYR,5514
61,212,947,1992,3269280,0,2.2968349999999997,-2.581569,DEU,SYR,5514
68,212,947,1992,66025,0,-0.102143,-0.17513499999999999,EGY,SYR,5514
71,212,947,1992,447890,0,1.301511,1.730441,ESP,SYR,5514
77,212,947,1992,1703294,0,1.682766,1.2713430000000001,FRA,SYR,5514
81,212,947,1992,415374,0,1.8901810000000001,0.9274030000000001,GBR,SYR,5514
90,212,947,1992,22372,0,0.139504,0.743678,GRC,SYR,5514
104,212,947,1992,14086,0,0.101094,1.6851180000000001,IND,SYR,5514
106,212,947,1992,985409,0,1.454172,1.397052,IRL,SYR,5514
111,212,947,1992,110727,0,1.7819,0.981246,ITA,SYR,5514
162,212,947,1992,264448,0,1.4315069999999999,1.7107450000000002,NLD,SYR,5514
183,212,947,1992,0,6830,-0.491413,-1.004476,QAT,SYR,5514
231,212,947,1992,62813,0,1.660693,1.289752,USA,SYR,5514
250,212,947,1992,10951,0,0.989994,0.977453,ANS,SYR,5514
18,66,947,1992,15418,0,1.449085,1.622957,BEL,DZA,5514
41,66,947,1992,67226,0,2.24952,1.014945,CHE,DZA,5514
61,66,947,1992,917605,0,2.2968349999999997,-2.581569,DEU,DZA,5514
64,66,947,1992,8675,0,1.696464,1.365743,DNK,DZA,5514
71,66,947,1992,1583125,0,1.301511,1.730441,ESP,DZA,5514
77,66,947,1992,2107712,13665,1.682766,1.2713430000000001,FRA,DZA,5514
81,66,947,1992,14267,0,1.8901810000000001,0.9274030000000001,GBR,DZA,5514
111,66,947,1992,7957,0,1.7819,0.981246,ITA,DZA,5514
134,66,947,1992,3541,0,-0.339711,-0.265987,MAR,DZA,5514
162,66,947,1992,30707,0,1.4315069999999999,1.7107450000000002,NLD,DZA,5514
223,66,947,1992,9261,0,0.14482,-0.13608,TUN,DZA,5514
61,29,947,1992,2195,0,2.2968349999999997,-2.581569,DEU,BLZ,5514
81,29,947,1992,15797,0,1.8901810000000001,0.9274030000000001,GBR,BLZ,5514
112,29,947,1992,33606,0,-0.200329,-0.595741,JAM,BLZ,5514
231,29,947,1992,7286,0,1.660693,1.289752,USA,BLZ,5514
33,86,947,1992,10012,0,0.9121950000000001,0.413592,BRB,GLP,5514
77,86,947,1992,470574,0,1.682766,1.2713430000000001,FRA,GLP,5514
94,86,947,1992,0,1413,0.9797959999999999,0.125384,GUF,GLP,5514
150,86,947,1992,6638,0,0.70167,-0.075327,MTQ,GLP,5514
222,86,947,1992,17710,0,0.43506000000000006,-0.43233599999999994,TTO,GLP,5514
231,86,947,1992,17537,0,1.660693,1.289752,USA,GLP,5514
31,96,947,1992,14545,0,-0.609826,-0.693473,BOL,GUY,5514
33,96,947,1992,7522,30966,0.9121950000000001,0.413592,BRB,GUY,5514
81,96,947,1992,24091,0,1.8901810000000001,0.9274030000000001,GBR,GUY,5514
106,96,947,1992,217039,0,1.454172,1.397052,IRL,GUY,5514
127,96,947,1992,0,21370,0.199639,-0.28238,LCA,GUY,5514
162,96,947,1992,1424,0,1.4315069999999999,1.7107450000000002,NLD,GUY,5514
222,96,947,1992,3382,0,0.43506000000000006,-0.43233599999999994,TTO,GUY,5514
231,96,947,1992,90184,0,1.660693,1.289752,USA,GUY,5514
18,112,947,1992,8686,0,1.449085,1.622957,BEL,JAM,5514
25,112,947,1992,0,12119,0.181088,-0.591638,BHS,JAM,5514
29,112,947,1992,0,33606,-0.06729700000000001,-0.386682,BLZ,JAM,5514
33,112,947,1992,0,6119,0.9121950000000001,0.413592,BRB,JAM,5514
39,112,947,1992,1800,31985,0.74703,1.096791,CAN,JAM,5514
41,112,947,1992,224228,0,2.24952,1.014945,CHE,JAM,5514
57,112,947,1992,0,23240,-0.10476600000000001,-0.571682,CYM,JAM,5514
61,112,947,1992,31216,0,2.2968349999999997,-2.581569,DEU,JAM,5514
64,112,947,1992,7191,0,1.696464,1.365743,DNK,JAM,5514
74,112,947,1992,0,813,1.929661,1.3477,FIN,JAM,5514
77,112,947,1992,23058,0,1.682766,1.2713430000000001,FRA,JAM,5514
81,112,947,1992,343584,105461,1.8901810000000001,0.9274030000000001,GBR,JAM,5514
106,112,947,1992,260411,0,1.454172,1.397052,IRL,JAM,5514
111,112,947,1992,7203,0,1.7819,0.981246,ITA,JAM,5514
114,112,947,1992,43801,0,2.451698,0.875639,JPN,JAM,5514
120,112,947,1992,0,57121,0.542355,-0.37078,KNA,JAM,5514
162,112,947,1992,29969,0,1.4315069999999999,1.7107450000000002,NLD,JAM,5514
166,112,947,1992,0,114821,0.41866000000000003,0.580581,NZL,JAM,5514
222,112,947,1992,1178,25569,0.43506000000000006,-0.43233599999999994,TTO,JAM,5514
231,112,947,1992,1094791,11407,1.660693,1.289752,USA,JAM,5514
33,127,947,1992,3286,0,0.9121950000000001,0.413592,BRB,LCA,5514
41,127,947,1992,1295,0,2.24952,1.014945,CHE,LCA,5514
64,127,947,1992,1720,0,1.696464,1.365743,DNK,LCA,5514
71,127,947,1992,855,0,1.301511,1.730441,ESP,LCA,5514
81,127,947,1992,14092,0,1.8901810000000001,0.9274030000000001,GBR,LCA,5514
96,127,947,1992,21370,0,-0.6447689999999999,-0.808177,GUY,LCA,5514
231,127,947,1992,4127,0,1.660693,1.289752,USA,LCA,5514
41,160,947,1992,36059,0,2.24952,1.014945,CHE,NIC,5514
52,160,947,1992,35655,0,0.11654,0.191873,CRI,NIC,5514
61,160,947,1992,20950,0,2.2968349999999997,-2.581569,DEU,NIC,5514
81,160,947,1992,227947,0,1.8901810000000001,0.9274030000000001,GBR,NIC,5514
93,160,947,1992,147829,4551,-0.031145999999999997,0.48874300000000004,GTM,NIC,5514
99,160,947,1992,0,1248,-0.5100640000000001,-0.38205900000000004,HND,NIC,5514
102,160,947,1992,0,4268,0.9144620000000001,2.157041,HUN,NIC,5514
106,160,947,1992,152753,0,1.454172,1.397052,IRL,NIC,5514
111,160,947,1992,3979,0,1.7819,0.981246,ITA,NIC,5514
138,160,947,1992,108548,0,0.9039370000000001,0.965842,MEX,NIC,5514
162,160,947,1992,8090,0,1.4315069999999999,1.7107450000000002,NLD,NIC,5514
169,160,947,1992,2529,1087,0.289315,0.37247199999999997,PAN,NIC,5514
197,160,947,1992,7952,10824,0.396523,0.47548900000000005,SLV,NIC,5514
208,160,947,1992,4225,0,2.2265900000000003,0.999178,SWE,NIC,5514
231,160,947,1992,354816,0,1.660693,1.289752,USA,NIC,5514
8,173,947,1992,83845,4394,0.043179,0.553408,ARG,PER,5514
18,173,947,1992,44415,16293,1.449085,1.622957,BEL,PER,5514
31,173,947,1992,0,23698,-0.609826,-0.693473,BOL,PER,5514
32,173,947,1992,108273,9712,0.685144,1.5676709999999998,BRA,PER,5514
41,173,947,1992,1323867,0,2.24952,1.014945,CHE,PER,5514
42,173,947,1992,33133,57041,-0.188106,-0.360151,CHL,PER,5514
49,173,947,1992,786121,128184,0.022895,0.22971799999999998,COL,PER,5514
61,173,947,1992,653759,7242,2.2968349999999997,-2.581569,DEU,PER,5514
64,173,947,1992,7853,0,1.696464,1.365743,DNK,PER,5514
65,173,947,1992,0,3649,-0.338979,-0.5049279999999999,DOM,PER,5514
67,173,947,1992,56480,9300,-0.815778,-0.9415459999999999,ECU,PER,5514
71,173,947,1992,125910,172302,1.301511,1.730441,ESP,PER,5514
77,173,947,1992,481671,14304,1.682766,1.2713430000000001,FRA,PER,5514
81,173,947,1992,877368,10414,1.8901810000000001,0.9274030000000001,GBR,PER,5514
93,173,947,1992,839,1077,-0.031145999999999997,0.48874300000000004,GTM,PER,5514
111,173,947,1992,11276,0,1.7819,0.981246,ITA,PER,5514
114,173,947,1992,7294,0,2.451698,0.875639,JPN,PER,5514
138,173,947,1992,772067,0,0.9039370000000001,0.965842,MEX,PER,5514
162,173,947,1992,136932,0,1.4315069999999999,1.7107450000000002,NLD,PER,5514
169,173,947,1992,15758,0,0.289315,0.37247199999999997,PAN,PER,5514
174,173,947,1992,11642,0,-0.139761,0.772109,PHL,PER,5514
231,173,947,1992,2293407,4238,1.660693,1.289752,USA,PER,5514
236,173,947,1992,1003,36815,-0.106385,-0.65975,VEN,PER,5514
8,180,947,1992,164771,0,0.043179,0.553408,ARG,PRY,5514
32,180,947,1992,270191,0,0.685144,1.5676709999999998,BRA,PRY,5514
41,180,947,1992,127813,0,2.24952,1.014945,CHE,PRY,5514
42,180,947,1992,41622,0,-0.188106,-0.360151,CHL,PRY,5514
61,180,947,1992,241984,0,2.2968349999999997,-2.581569,DEU,PRY,5514
64,180,947,1992,8428,0,1.696464,1.365743,DNK,PRY,5514
71,180,947,1992,64739,0,1.301511,1.730441,ESP,PRY,5514
77,180,947,1992,81026,0,1.682766,1.2713430000000001,FRA,PRY,5514
81,180,947,1992,16193,0,1.8901810000000001,0.9274030000000001,GBR,PRY,5514
97,180,947,1992,142461,0,0.754112,1.911201,HKG,PRY,5514
114,180,947,1992,7622,0,2.451698,0.875639,JPN,PRY,5514
162,180,947,1992,10362,0,1.4315069999999999,1.7107450000000002,NLD,PRY,5514
230,180,947,1992,1060,3006,0.242758,0.711781,URY,PRY,5514
231,180,947,1992,128397,0,1.660693,1.289752,USA,PRY,5514
249,180,947,1992,2689,0,1.3694790000000001,1.6227559999999999,TWN,PRY,5514
8,197,947,1992,1428,0,0.043179,0.553408,ARG,SLV,5514
18,197,947,1992,47515,0,1.449085,1.622957,BEL,SLV,5514
32,197,947,1992,2839,0,0.685144,1.5676709999999998,BRA,SLV,5514
39,197,947,1992,942,0,0.74703,1.096791,CAN,SLV,5514
41,197,947,1992,616047,0,2.24952,1.014945,CHE,SLV,5514
49,197,947,1992,14863,0,0.022895,0.22971799999999998,COL,SLV,5514
52,197,947,1992,32628,15852,0.11654,0.191873,CRI,SLV,5514
61,197,947,1992,545480,0,2.2968349999999997,-2.581569,DEU,SLV,5514
71,197,947,1992,4044,0,1.301511,1.730441,ESP,SLV,5514
77,197,947,1992,8053,0,1.682766,1.2713430000000001,FRA,SLV,5514
81,197,947,1992,676995,0,1.8901810000000001,0.9274030000000001,GBR,SLV,5514
93,197,947,1992,358519,6563,-0.031145999999999997,0.48874300000000004,GTM,SLV,5514
99,197,947,1992,3638,0,-0.5100640000000001,-0.38205900000000004,HND,SLV,5514
106,197,947,1992,268200,0,1.454172,1.397052,IRL,SLV,5514
111,197,947,1992,2014,0,1.7819,0.981246,ITA,SLV,5514
138,197,947,1992,150109,0,0.9039370000000001,0.965842,MEX,SLV,5514
160,197,947,1992,10824,7952,-0.214083,-0.111615,NIC,SLV,5514
162,197,947,1992,4953,0,1.4315069999999999,1.7107450000000002,NLD,SLV,5514
208,197,947,1992,3731,0,2.2265900000000003,0.999178,SWE,SLV,5514
231,197,947,1992,1552679,0,1.660693,1.289752,USA,SLV,5514
250,197,947,1992,304467,6159,0.989994,0.977453,ANS,SLV,5514
41,205,947,1992,7062,0,2.24952,1.014945,CHE,SUR,5514
64,205,947,1992,9024,0,1.696464,1.365743,DNK,SUR,5514
81,205,947,1992,43730,0,1.8901810000000001,0.9274030000000001,GBR,SUR,5514
162,205,947,1992,140425,0,1.4315069999999999,1.7107450000000002,NLD,SUR,5514
231,205,947,1992,136595,0,1.660693,1.289752,USA,SUR,5514
8,230,947,1992,1555023,20537,0.043179,0.553408,ARG,URY,5514
18,230,947,1992,18963,0,1.449085,1.622957,BEL,URY,5514
32,230,947,1992,529156,17858,0.685144,1.5676709999999998,BRA,URY,5514
41,230,947,1992,943796,0,2.24952,1.014945,CHE,URY,5514
42,230,947,1992,5411,2137,-0.188106,-0.360151,CHL,URY,5514
61,230,947,1992,164696,0,2.2968349999999997,-2.581569,DEU,URY,5514
64,230,947,1992,13248,0,1.696464,1.365743,DNK,URY,5514
71,230,947,1992,76842,0,1.301511,1.730441,ESP,URY,5514
77,230,947,1992,322919,0,1.682766,1.2713430000000001,FRA,URY,5514
81,230,947,1992,361823,0,1.8901810000000001,0.9274030000000001,GBR,URY,5514
106,230,947,1992,797,0,1.454172,1.397052,IRL,URY,5514
111,230,947,1992,5833,0,1.7819,0.981246,ITA,URY,5514
162,230,947,1992,1171,0,1.4315069999999999,1.7107450000000002,NLD,URY,5514
180,230,947,1992,3006,1060,-0.906433,-0.787177,PRY,URY,5514
231,230,947,1992,504622,0,1.660693,1.289752,USA,URY,5514
236,230,947,1992,0,9237,-0.106385,-0.65975,VEN,URY,5514
14,24,947,1992,5317,0,0.083812,0.637224,AUS,BHR,5514
41,24,947,1992,380702,0,2.24952,1.014945,CHE,BHR,5514
61,24,947,1992,34265,0,2.2968349999999997,-2.581569,DEU,BHR,5514
64,24,947,1992,29267,0,1.696464,1.365743,DNK,BHR,5514
71,24,947,1992,92720,0,1.301511,1.730441,ESP,BHR,5514
77,24,947,1992,247907,0,1.682766,1.2713430000000001,FRA,BHR,5514
81,24,947,1992,361146,0,1.8901810000000001,0.9274030000000001,GBR,BHR,5514
104,24,947,1992,18963,0,0.101094,1.6851180000000001,IND,BHR,5514
106,24,947,1992,517565,0,1.454172,1.397052,IRL,BHR,5514
111,24,947,1992,3451,0,1.7819,0.981246,ITA,BHR,5514
114,24,947,1992,23669,0,2.451698,0.875639,JPN,BHR,5514
142,24,947,1992,48896,0,0.828211,0.29226599999999997,MLT,BHR,5514
162,24,947,1992,31264,0,1.4315069999999999,1.7107450000000002,NLD,BHR,5514
208,24,947,1992,4643,0,2.2265900000000003,0.999178,SWE,BHR,5514
216,24,947,1992,9855,0,0.109518,1.486578,THA,BHR,5514
231,24,947,1992,39035,2232,1.660693,1.289752,USA,BHR,5514
14,34,947,1992,7478,0,0.083812,0.637224,AUS,BRN,5514
81,34,947,1992,5330,0,1.8901810000000001,0.9274030000000001,GBR,BRN,5514
106,34,947,1992,65268,0,1.454172,1.397052,IRL,BRN,5514
153,34,947,1992,31334,0,0.14268499999999998,0.370079,MYS,BRN,5514
162,34,947,1992,2645,0,1.4315069999999999,1.7107450000000002,NLD,BRN,5514
192,34,947,1992,34444,0,0.95691,0.892702,SGP,BRN,5514
231,34,947,1992,15560,0,1.660693,1.289752,USA,BRN,5514
18,44,947,1992,268929,0,1.449085,1.622957,BEL,CIV,5514
41,44,947,1992,713416,0,2.24952,1.014945,CHE,CIV,5514
61,44,947,1992,604068,0,2.2968349999999997,-2.581569,DEU,CIV,5514
71,44,947,1992,75698,0,1.301511,1.730441,ESP,CIV,5514
77,44,947,1992,4185134,0,1.682766,1.2713430000000001,FRA,CIV,5514
81,44,947,1992,1755730,0,1.8901810000000001,0.9274030000000001,GBR,CIV,5514
106,44,947,1992,92232,0,1.454172,1.397052,IRL,CIV,5514
111,44,947,1992,1527,0,1.7819,0.981246,ITA,CIV,5514
162,44,947,1992,714050,0,1.4315069999999999,1.7107450000000002,NLD,CIV,5514
191,44,947,1992,0,1689,-0.43371800000000005,-0.679547,SEN,CIV,5514
231,44,947,1992,84800,0,1.660693,1.289752,USA,CIV,5514
18,46,947,1992,156448,0,1.449085,1.622957,BEL,COD,5514
41,46,947,1992,255402,0,2.24952,1.014945,CHE,COD,5514
61,46,947,1992,321474,0,2.2968349999999997,-2.581569,DEU,COD,5514
71,46,947,1992,58727,0,1.301511,1.730441,ESP,COD,5514
77,46,947,1992,362220,0,1.682766,1.2713430000000001,FRA,COD,5514
81,46,947,1992,272619,0,1.8901810000000001,0.9274030000000001,GBR,COD,5514
90,46,947,1992,40863,0,0.139504,0.743678,GRC,COD,5514
116,46,947,1992,1135,0,-0.31818,-0.096856,KEN,COD,5514
162,46,947,1992,25455,0,1.4315069999999999,1.7107450000000002,NLD,COD,5514
231,46,947,1992,3337,0,1.660693,1.289752,USA,COD,5514
246,46,947,1992,4858,0,0.236335,1.415622,ZAF,COD,5514
15,53,947,1992,3170380,9563,1.975207,0.669388,AUT,CSK,5514
18,53,947,1992,78528,1756,1.449085,1.622957,BEL,CSK,5514
41,53,947,1992,2372517,0,2.24952,1.014945,CHE,CSK,5514
61,53,947,1992,3523429,114964,2.2968349999999997,-2.581569,DEU,CSK,5514
77,53,947,1992,1223484,0,1.682766,1.2713430000000001,FRA,CSK,5514
81,53,947,1992,3240066,21207,1.8901810000000001,0.9274030000000001,GBR,CSK,5514
102,53,947,1992,5374,0,0.9144620000000001,2.157041,HUN,CSK,5514
106,53,947,1992,37096,0,1.454172,1.397052,IRL,CSK,5514
111,53,947,1992,168556,0,1.7819,0.981246,ITA,CSK,5514
134,53,947,1992,0,4248,-0.339711,-0.265987,MAR,CSK,5514
162,53,947,1992,1956870,63462,1.4315069999999999,1.7107450000000002,NLD,CSK,5514
168,53,947,1992,0,2406,-0.480152,-0.361705,PAK,CSK,5514
207,53,947,1992,2002755,0,1.3270629999999999,1.605534,SVN,CSK,5514
208,53,947,1992,132665,1061,2.2265900000000003,0.999178,SWE,CSK,5514
231,53,947,1992,68279,0,1.660693,1.289752,USA,CSK,5514
71,54,947,1992,106539,0,1.301511,1.730441,ESP,CUB,5514
77,54,947,1992,115166,0,1.682766,1.2713430000000001,FRA,CUB,5514
81,54,947,1992,40128,0,1.8901810000000001,0.9274030000000001,GBR,CUB,5514
162,54,947,1992,1179,0,1.4315069999999999,1.7107450000000002,NLD,CUB,5514
73,62,947,1992,0,13925,-1.036482,-1.078446,ETH,DJI,5514
77,62,947,1992,99840,0,1.682766,1.2713430000000001,FRA,DJI,5514
81,62,947,1992,15259,0,1.8901810000000001,0.9274030000000001,GBR,DJI,5514
116,62,947,1992,39444,0,-0.31818,-0.096856,KEN,DJI,5514
15,72,947,1992,59501,0,1.975207,0.669388,AUT,EST,5514
77,72,947,1992,0,4244,1.682766,1.2713430000000001,FRA,EST,5514
110,72,947,1992,2883,0,1.354362,1.3260530000000001,ISR,EST,5514
177,72,947,1992,23512,0,0.581166,2.070795,POL,EST,5514
61,73,947,1992,17817,0,2.2968349999999997,-2.581569,DEU,ETH,5514
62,73,947,1992,13925,0,0.708593,1.196323,DJI,ETH,5514
77,73,947,1992,1483,0,1.682766,1.2713430000000001,FRA,ETH,5514
81,73,947,1992,84386,0,1.8901810000000001,0.9274030000000001,GBR,ETH,5514
104,73,947,1992,7613,0,0.101094,1.6851180000000001,IND,ETH,5514
111,73,947,1992,77640,0,1.7819,0.981246,ITA,ETH,5514
116,73,947,1992,165429,0,-0.31818,-0.096856,KEN,ETH,5514
162,73,947,1992,6837,0,1.4315069999999999,1.7107450000000002,NLD,ETH,5514
231,73,947,1992,37213,0,1.660693,1.289752,USA,ETH,5514
18,107,947,1992,229938,0,1.449085,1.622957,BEL,IRN,5514
41,107,947,1992,763052,0,2.24952,1.014945,CHE,IRN,5514
43,107,947,1992,59374,0,0.269411,1.920075,CHN,IRN,5514
61,107,947,1992,4227551,0,2.2968349999999997,-2.581569,DEU,IRN,5514
64,107,947,1992,449351,0,1.696464,1.365743,DNK,IRN,5514
71,107,947,1992,29830,0,1.301511,1.730441,ESP,IRN,5514
77,107,947,1992,459398,0,1.682766,1.2713430000000001,FRA,IRN,5514
81,107,947,1992,1094233,93752,1.8901810000000001,0.9274030000000001,GBR,IRN,5514
114,107,947,1992,831714,53960,2.451698,0.875639,JPN,IRN,5514
162,107,947,1992,2178835,0,1.4315069999999999,1.7107450000000002,NLD,IRN,5514
183,107,947,1992,0,124637,-0.491413,-1.004476,QAT,IRN,5514
208,107,947,1992,0,5908,2.2265900000000003,0.999178,SWE,IRN,5514
231,107,947,1992,32746,0,1.660693,1.289752,USA,IRN,5514
246,107,947,1992,0,6751,0.236335,1.415622,ZAF,IRN,5514
18,122,947,1992,26087,0,1.449085,1.622957,BEL,KWT,5514
41,122,947,1992,324703,0,2.24952,1.014945,CHE,KWT,5514
61,122,947,1992,68233,0,2.2968349999999997,-2.581569,DEU,KWT,5514
64,122,947,1992,52155,0,1.696464,1.365743,DNK,KWT,5514
77,122,947,1992,100634,0,1.682766,1.2713430000000001,FRA,KWT,5514
81,122,947,1992,301247,0,1.8901810000000001,0.9274030000000001,GBR,KWT,5514
106,122,947,1992,1843308,390708,1.454172,1.397052,IRL,KWT,5514
142,122,947,1992,35722,0,0.828211,0.29226599999999997,MLT,KWT,5514
162,122,947,1992,59216,0,1.4315069999999999,1.7107450000000002,NLD,KWT,5514
183,122,947,1992,0,7181,-0.491413,-1.004476,QAT,KWT,5514
188,122,947,1992,9818,0,0.416315,-0.7342489999999999,SAU,KWT,5514
224,122,947,1992,1900,0,0.160966,1.154796,TUR,KWT,5514
231,122,947,1992,14573,0,1.660693,1.289752,USA,KWT,5514
15,124,947,1992,10579,0,1.975207,0.669388,AUT,LBN,5514
18,124,947,1992,30302,0,1.449085,1.622957,BEL,LBN,5514
41,124,947,1992,309646,0,2.24952,1.014945,CHE,LBN,5514
58,124,947,1992,0,1431,0.471516,0.668776,CYP,LBN,5514
61,124,947,1992,781317,0,2.2968349999999997,-2.581569,DEU,LBN,5514
64,124,947,1992,4045,0,1.696464,1.365743,DNK,LBN,5514
68,124,947,1992,3767,3823,-0.102143,-0.17513499999999999,EGY,LBN,5514
71,124,947,1992,40880,0,1.301511,1.730441,ESP,LBN,5514
77,124,947,1992,1365826,0,1.682766,1.2713430000000001,FRA,LBN,5514
81,124,947,1992,205469,25121,1.8901810000000001,0.9274030000000001,GBR,LBN,5514
106,124,947,1992,548461,0,1.454172,1.397052,IRL,LBN,5514
111,124,947,1992,44389,0,1.7819,0.981246,ITA,LBN,5514
142,124,947,1992,5484,0,0.828211,0.29226599999999997,MLT,LBN,5514
162,124,947,1992,346042,0,1.4315069999999999,1.7107450000000002,NLD,LBN,5514
167,124,947,1992,0,2972,-0.906702,-1.0716709999999998,OMN,LBN,5514
183,124,947,1992,0,28641,-0.491413,-1.004476,QAT,LBN,5514
188,124,947,1992,0,1219,0.416315,-0.7342489999999999,SAU,LBN,5514
231,124,947,1992,97314,0,1.660693,1.289752,USA,LBN,5514
15,126,947,1992,47492,0,1.975207,0.669388,AUT,LBY,5514
41,126,947,1992,95488,0,2.24952,1.014945,CHE,LBY,5514
61,126,947,1992,375644,0,2.2968349999999997,-2.581569,DEU,LBY,5514
77,126,947,1992,116410,0,1.682766,1.2713430000000001,FRA,LBY,5514
81,126,947,1992,26587,0,1.8901810000000001,0.9274030000000001,GBR,LBY,5514
106,126,947,1992,643011,0,1.454172,1.397052,IRL,LBY,5514
111,126,947,1992,659776,0,1.7819,0.981246,ITA,LBY,5514
134,126,947,1992,1556,0,-0.339711,-0.265987,MAR,LBY,5514
142,126,947,1992,1786,0,0.828211,0.29226599999999997,MLT,LBY,5514
162,126,947,1992,5122,0,1.4315069999999999,1.7107450000000002,NLD,LBY,5514
223,126,947,1992,50375,0,0.14482,-0.13608,TUN,LBY,5514
224,126,947,1992,3761,0,0.160966,1.154796,TUR,LBY,5514
15,130,947,1992,11882,0,1.975207,0.669388,AUT,LTU,5514
61,130,947,1992,983,11079,2.2968349999999997,-2.581569,DEU,LTU,5514
77,130,947,1992,5032,0,1.682766,1.2713430000000001,FRA,LTU,5514
81,130,947,1992,15913,0,1.8901810000000001,0.9274030000000001,GBR,LTU,5514
231,130,947,1992,3402,0,1.660693,1.289752,USA,LTU,5514
18,136,947,1992,0,12985,1.449085,1.622957,BEL,MDG,5514
41,136,947,1992,16011,0,2.24952,1.014945,CHE,MDG,5514
61,136,947,1992,153945,0,2.2968349999999997,-2.581569,DEU,MDG,5514
64,136,947,1992,2293,0,1.696464,1.365743,DNK,MDG,5514
77,136,947,1992,596872,13271,1.682766,1.2713430000000001,FRA,MDG,5514
106,136,947,1992,152278,0,1.454172,1.397052,IRL,MDG,5514
162,136,947,1992,21535,0,1.4315069999999999,1.7107450000000002,NLD,MDG,5514
184,136,947,1992,0,34186,0.251216,-0.448812,REU,MDG,5514
43,143,947,1992,8625,0,0.269411,1.920075,CHN,MMR,5514
61,143,947,1992,179602,0,2.2968349999999997,-2.581569,DEU,MMR,5514
81,143,947,1992,47409,0,1.8901810000000001,0.9274030000000001,GBR,MMR,5514
104,143,947,1992,80464,0,0.101094,1.6851180000000001,IND,MMR,5514
114,143,947,1992,2004,0,2.451698,0.875639,JPN,MMR,5514
162,143,947,1992,49894,0,1.4315069999999999,1.7107450000000002,NLD,MMR,5514
192,143,947,1992,9674,0,0.95691,0.892702,SGP,MMR,5514
14,151,947,1992,59855,0,0.083812,0.637224,AUS,MUS,5514
18,151,947,1992,11662,0,1.449085,1.622957,BEL,MUS,5514
41,151,947,1992,507854,0,2.24952,1.014945,CHE,MUS,5514
61,151,947,1992,500202,0,2.2968349999999997,-2.581569,DEU,MUS,5514
64,151,947,1992,31540,0,1.696464,1.365743,DNK,MUS,5514
77,151,947,1992,320207,0,1.682766,1.2713430000000001,FRA,MUS,5514
81,151,947,1992,1123389,1391,1.8901810000000001,0.9274030000000001,GBR,MUS,5514
97,151,947,1992,8697,0,0.754112,1.911201,HKG,MUS,5514
104,151,947,1992,3097,0,0.101094,1.6851180000000001,IND,MUS,5514
106,151,947,1992,34671,0,1.454172,1.397052,IRL,MUS,5514
114,151,947,1992,2264,0,2.451698,0.875639,JPN,MUS,5514
116,151,947,1992,5443,0,-0.31818,-0.096856,KEN,MUS,5514
162,151,947,1992,24227,0,1.4315069999999999,1.7107450000000002,NLD,MUS,5514
246,151,947,1992,136099,0,0.236335,1.415622,ZAF,MUS,5514
61,164,947,1992,27256,0,2.2968349999999997,-2.581569,DEU,NPL,5514
81,164,947,1992,19056,0,1.8901810000000001,0.9274030000000001,GBR,NPL,5514
106,164,947,1992,5406,0,1.454172,1.397052,IRL,NPL,5514
114,164,947,1992,6267,0,2.451698,0.875639,JPN,NPL,5514
162,164,947,1992,3314,0,1.4315069999999999,1.7107450000000002,NLD,NPL,5514
249,164,947,1992,4548,0,1.3694790000000001,1.6227559999999999,TWN,NPL,5514
7,167,947,1992,24487,69408,-0.495518,-0.963358,ARE,OMN,5514
14,167,947,1992,5542,0,0.083812,0.637224,AUS,OMN,5514
15,167,947,1992,117112,0,1.975207,0.669388,AUT,OMN,5514
18,167,947,1992,13190,0,1.449085,1.622957,BEL,OMN,5514
41,167,947,1992,230959,0,2.24952,1.014945,CHE,OMN,5514
58,167,947,1992,32152,0,0.471516,0.668776,CYP,OMN,5514
61,167,947,1992,44822,0,2.2968349999999997,-2.581569,DEU,OMN,5514
64,167,947,1992,29852,0,1.696464,1.365743,DNK,OMN,5514
68,167,947,1992,1915,0,-0.102143,-0.17513499999999999,EGY,OMN,5514
71,167,947,1992,37158,0,1.301511,1.730441,ESP,OMN,5514
77,167,947,1992,360589,0,1.682766,1.2713430000000001,FRA,OMN,5514
81,167,947,1992,366585,0,1.8901810000000001,0.9274030000000001,GBR,OMN,5514
104,167,947,1992,141331,0,0.101094,1.6851180000000001,IND,OMN,5514
106,167,947,1992,219816,0,1.454172,1.397052,IRL,OMN,5514
111,167,947,1992,69002,0,1.7819,0.981246,ITA,OMN,5514
114,167,947,1992,2853,0,2.451698,0.875639,JPN,OMN,5514
124,167,947,1992,2972,0,0.186135,0.800906,LBN,OMN,5514
142,167,947,1992,4585,0,0.828211,0.29226599999999997,MLT,OMN,5514
153,167,947,1992,68837,0,0.14268499999999998,0.370079,MYS,OMN,5514
162,167,947,1992,341692,0,1.4315069999999999,1.7107450000000002,NLD,OMN,5514
208,167,947,1992,2791,0,2.2265900000000003,0.999178,SWE,OMN,5514
231,167,947,1992,29944,0,1.660693,1.289752,USA,OMN,5514
239,167,947,1992,19430,0,-0.989259,-0.43416099999999996,VNM,OMN,5514
7,183,947,1992,2881,0,-0.495518,-0.963358,ARE,QAT,5514
41,183,947,1992,20910,0,2.24952,1.014945,CHE,QAT,5514
61,183,947,1992,83398,0,2.2968349999999997,-2.581569,DEU,QAT,5514
64,183,947,1992,1157,0,1.696464,1.365743,DNK,QAT,5514
68,183,947,1992,471509,0,-0.102143,-0.17513499999999999,EGY,QAT,5514
71,183,947,1992,6865,0,1.301511,1.730441,ESP,QAT,5514
77,183,947,1992,6966,1294,1.682766,1.2713430000000001,FRA,QAT,5514
81,183,947,1992,265334,0,1.8901810000000001,0.9274030000000001,GBR,QAT,5514
104,183,947,1992,2819,0,0.101094,1.6851180000000001,IND,QAT,5514
106,183,947,1992,234494,0,1.454172,1.397052,IRL,QAT,5514
107,183,947,1992,124637,0,-1.195108,-1.135155,IRN,QAT,5514
111,183,947,1992,2058,0,1.7819,0.981246,ITA,QAT,5514
122,183,947,1992,7181,0,-1.2360950000000002,-1.061771,KWT,QAT,5514
124,183,947,1992,28641,0,0.186135,0.800906,LBN,QAT,5514
142,183,947,1992,50094,0,0.828211,0.29226599999999997,MLT,QAT,5514
162,183,947,1992,25826,0,1.4315069999999999,1.7107450000000002,NLD,QAT,5514
168,183,947,1992,1016,0,-0.480152,-0.361705,PAK,QAT,5514
188,183,947,1992,24504,30135,0.416315,-0.7342489999999999,SAU,QAT,5514
208,183,947,1992,9356,0,2.2265900000000003,0.999178,SWE,QAT,5514
212,183,947,1992,6830,0,-0.566724,-0.602446,SYR,QAT,5514
231,183,947,1992,293355,0,1.660693,1.289752,USA,QAT,5514
18,184,947,1992,54660,0,1.449085,1.622957,BEL,REU,5514
77,184,947,1992,1449258,2191,1.682766,1.2713430000000001,FRA,REU,5514
81,184,947,1992,10785,1651,1.8901810000000001,0.9274030000000001,GBR,REU,5514
106,184,947,1992,180255,0,1.454172,1.397052,IRL,REU,5514
136,184,947,1992,34186,0,-0.977873,-0.743187,MDG,REU,5514
162,184,947,1992,6892,0,1.4315069999999999,1.7107450000000002,NLD,REU,5514
231,184,947,1992,22108,0,1.660693,1.289752,USA,REU,5514
15,186,947,1992,56250,0,1.975207,0.669388,AUT,RUS,5514
18,186,947,1992,14337,0,1.449085,1.622957,BEL,RUS,5514
41,186,947,1992,106602,44177,2.24952,1.014945,CHE,RUS,5514
43,186,947,1992,20996,0,0.269411,1.920075,CHN,RUS,5514
58,186,947,1992,6953,19253,0.471516,0.668776,CYP,RUS,5514
61,186,947,1992,14903984,263088,2.2968349999999997,-2.581569,DEU,RUS,5514
68,186,947,1992,6085,0,-0.102143,-0.17513499999999999,EGY,RUS,5514
74,186,947,1992,3516,0,1.929661,1.3477,FIN,RUS,5514
77,186,947,1992,3454088,98998,1.682766,1.2713430000000001,FRA,RUS,5514
81,186,947,1992,1668507,0,1.8901810000000001,0.9274030000000001,GBR,RUS,5514
100,186,947,1992,560016,0,0.877872,1.726188,HRV,RUS,5514
102,186,947,1992,53070,0,0.9144620000000001,2.157041,HUN,RUS,5514
106,186,947,1992,16998,0,1.454172,1.397052,IRL,RUS,5514
110,186,947,1992,40562,0,1.354362,1.3260530000000001,ISR,RUS,5514
111,186,947,1992,641161,0,1.7819,0.981246,ITA,RUS,5514
121,186,947,1992,4322,0,0.778066,1.3011139999999999,KOR,RUS,5514
162,186,947,1992,3618618,0,1.4315069999999999,1.7107450000000002,NLD,RUS,5514
163,186,947,1992,20704,0,0.877965,0.444983,NOR,RUS,5514
177,186,947,1992,56411,0,0.581166,2.070795,POL,RUS,5514
207,186,947,1992,182559,0,1.3270629999999999,1.605534,SVN,RUS,5514
208,186,947,1992,15293,0,2.2265900000000003,0.999178,SWE,RUS,5514
224,186,947,1992,31646,14259,0.160966,1.154796,TUR,RUS,5514
231,186,947,1992,583366,0,1.660693,1.289752,USA,RUS,5514
246,186,947,1992,0,24254,0.236335,1.415622,ZAF,RUS,5514
18,190,947,1992,7528,0,1.449085,1.622957,BEL,SDN,5514
41,190,947,1992,222981,0,2.24952,1.014945,CHE,SDN,5514
61,190,947,1992,193144,0,2.2968349999999997,-2.581569,DEU,SDN,5514
68,190,947,1992,6475,0,-0.102143,-0.17513499999999999,EGY,SDN,5514
77,190,947,1992,2477,0,1.682766,1.2713430000000001,FRA,SDN,5514
81,190,947,1992,103788,0,1.8901810000000001,0.9274030000000001,GBR,SDN,5514
104,190,947,1992,118787,0,0.101094,1.6851180000000001,IND,SDN,5514
162,190,947,1992,55727,0,1.4315069999999999,1.7107450000000002,NLD,SDN,5514
61,211,947,1992,62524,0,2.2968349999999997,-2.581569,DEU,SYC,5514
77,211,947,1992,7993,0,1.682766,1.2713430000000001,FRA,SYC,5514
81,211,947,1992,16275,0,1.8901810000000001,0.9274030000000001,GBR,SYC,5514
111,211,947,1992,3367,0,1.7819,0.981246,ITA,SYC,5514
162,211,947,1992,100573,0,1.4315069999999999,1.7107450000000002,NLD,SYC,5514
246,211,947,1992,52142,0,0.236335,1.415622,ZAF,SYC,5514
18,223,947,1992,15325,0,1.449085,1.622957,BEL,TUN,5514
41,223,947,1992,262970,0,2.24952,1.014945,CHE,TUN,5514
61,223,947,1992,1467452,0,2.2968349999999997,-2.581569,DEU,TUN,5514
64,223,947,1992,10390,0,1.696464,1.365743,DNK,TUN,5514
66,223,947,1992,0,9261,-0.24189699999999997,-0.9399219999999999,DZA,TUN,5514
68,223,947,1992,2998,0,-0.102143,-0.17513499999999999,EGY,TUN,5514
71,223,947,1992,776886,0,1.301511,1.730441,ESP,TUN,5514
77,223,947,1992,5385692,18633,1.682766,1.2713430000000001,FRA,TUN,5514
81,223,947,1992,149936,0,1.8901810000000001,0.9274030000000001,GBR,TUN,5514
106,223,947,1992,197497,0,1.454172,1.397052,IRL,TUN,5514
111,223,947,1992,169683,2332,1.7819,0.981246,ITA,TUN,5514
114,223,947,1992,15710,0,2.451698,0.875639,JPN,TUN,5514
126,223,947,1992,0,50375,-0.333309,-0.981883,LBY,TUN,5514
134,223,947,1992,851592,0,-0.339711,-0.265987,MAR,TUN,5514
162,223,947,1992,59711,0,1.4315069999999999,1.7107450000000002,NLD,TUN,5514
163,223,947,1992,3942,0,0.877965,0.444983,NOR,TUN,5514
208,223,947,1992,8743,0,2.2265900000000003,0.999178,SWE,TUN,5514
224,223,947,1992,9027,0,0.160966,1.154796,TUR,TUN,5514
231,223,947,1992,5264,0,1.660693,1.289752,USA,TUN,5514
41,226,947,1992,107742,0,2.24952,1.014945,CHE,TZA,5514
61,226,947,1992,269048,0,2.2968349999999997,-2.581569,DEU,TZA,5514
64,226,947,1992,2917,0,1.696464,1.365743,DNK,TZA,5514
77,226,947,1992,5863,0,1.682766,1.2713430000000001,FRA,TZA,5514
81,226,947,1992,90909,0,1.8901810000000001,0.9274030000000001,GBR,TZA,5514
104,226,947,1992,9647,0,0.101094,1.6851180000000001,IND,TZA,5514
106,226,947,1992,131401,0,1.454172,1.397052,IRL,TZA,5514
116,226,947,1992,518870,0,-0.31818,-0.096856,KEN,TZA,5514
162,226,947,1992,20773,0,1.4315069999999999,1.7107450000000002,NLD,TZA,5514
14,239,947,1992,29860,0,0.083812,0.637224,AUS,VNM,5514
15,239,947,1992,74962,0,1.975207,0.669388,AUT,VNM,5514
41,239,947,1992,436027,0,2.24952,1.014945,CHE,VNM,5514
61,239,947,1992,259196,0,2.2968349999999997,-2.581569,DEU,VNM,5514
71,239,947,1992,224180,0,1.301511,1.730441,ESP,VNM,5514
77,239,947,1992,439997,1775,1.682766,1.2713430000000001,FRA,VNM,5514
81,239,947,1992,2486897,0,1.8901810000000001,0.9274030000000001,GBR,VNM,5514
97,239,947,1992,526166,78806,0.754112,1.911201,HKG,VNM,5514
103,239,947,1992,12791,30585,-0.5250670000000001,0.717568,IDN,VNM,5514
106,239,947,1992,58336,0,1.454172,1.397052,IRL,VNM,5514
114,239,947,1992,568296,0,2.451698,0.875639,JPN,VNM,5514
153,239,947,1992,17742,0,0.14268499999999998,0.370079,MYS,VNM,5514
167,239,947,1992,0,19430,-0.906702,-1.0716709999999998,OMN,VNM,5514
192,239,947,1992,276435,0,0.95691,0.892702,SGP,VNM,5514
216,239,947,1992,29167,0,0.109518,1.486578,THA,VNM,5514
249,239,947,1992,7000,0,1.3694790000000001,1.6227559999999999,TWN,VNM,5514
15,243,947,1992,5424,0,1.975207,0.669388,AUT,YEM,5514
41,243,947,1992,465938,0,2.24952,1.014945,CHE,YEM,5514
58,243,947,1992,2288,0,0.471516,0.668776,CYP,YEM,5514
61,243,947,1992,562999,0,2.2968349999999997,-2.581569,DEU,YEM,5514
64,243,947,1992,82174,0,1.696464,1.365743,DNK,YEM,5514
68,243,947,1992,7618,0,-0.102143,-0.17513499999999999,EGY,YEM,5514
77,243,947,1992,190032,0,1.682766,1.2713430000000001,FRA,YEM,5514
81,243,947,1992,2423309,0,1.8901810000000001,0.9274030000000001,GBR,YEM,5514
103,243,947,1992,0,1819,-0.5250670000000001,0.717568,IDN,YEM,5514
104,243,947,1992,4630,0,0.101094,1.6851180000000001,IND,YEM,5514
106,243,947,1992,3145442,0,1.454172,1.397052,IRL,YEM,5514
111,243,947,1992,3669,0,1.7819,0.981246,ITA,YEM,5514
114,243,947,1992,36946,0,2.451698,0.875639,JPN,YEM,5514
142,243,947,1992,91999,0,0.828211,0.29226599999999997,MLT,YEM,5514
162,243,947,1992,742857,0,1.4315069999999999,1.7107450000000002,NLD,YEM,5514
231,243,947,1992,31578,0,1.660693,1.289752,USA,YEM,5514
18,247,947,1992,188741,0,1.449085,1.622957,BEL,ZMB,5514
41,247,947,1992,117714,0,2.24952,1.014945,CHE,ZMB,5514
61,247,947,1992,13292,0,2.2968349999999997,-2.581569,DEU,ZMB,5514
77,247,947,1992,3780,0,1.682766,1.2713430000000001,FRA,ZMB,5514
81,247,947,1992,412156,0,1.8901810000000001,0.9274030000000001,GBR,ZMB,5514
106,247,947,1992,319194,0,1.454172,1.397052,IRL,ZMB,5514
162,247,947,1992,47975,0,1.4315069999999999,1.7107450000000002,NLD,ZMB,5514
231,247,947,1992,88259,0,1.660693,1.289752,USA,ZMB,5514
246,247,947,1992,55652,0,0.236335,1.415622,ZAF,ZMB,5514
248,247,947,1992,59616,0,-0.11168099999999999,0.143612,ZWE,ZMB,5514
14,250,947,1992,24945,4566862,0.083812,0.637224,AUS,ANS,5514
18,250,947,1992,104742,0,1.449085,1.622957,BEL,ANS,5514
33,250,947,1992,1289,0,0.9121950000000001,0.413592,BRB,ANS,5514
41,250,947,1992,3524,1124,2.24952,1.014945,CHE,ANS,5514
42,250,947,1992,1269,3858,-0.188106,-0.360151,CHL,ANS,5514
43,250,947,1992,0,7160,0.269411,1.920075,CHN,ANS,5514
49,250,947,1992,244745,17362,0.022895,0.22971799999999998,COL,ANS,5514
52,250,947,1992,0,1159,0.11654,0.191873,CRI,ANS,5514
71,250,947,1992,1273,0,1.301511,1.730441,ESP,ANS,5514
77,250,947,1992,0,1334081,1.682766,1.2713430000000001,FRA,ANS,5514
90,250,947,1992,6918,0,0.139504,0.743678,GRC,ANS,5514
99,250,947,1992,40376,0,-0.5100640000000001,-0.38205900000000004,HND,ANS,5514
100,250,947,1992,181592,0,0.877872,1.726188,HRV,ANS,5514
103,250,947,1992,0,10281,-0.5250670000000001,0.717568,IDN,ANS,5514
104,250,947,1992,2184,0,0.101094,1.6851180000000001,IND,ANS,5514
106,250,947,1992,1232,0,1.454172,1.397052,IRL,ANS,5514
111,250,947,1992,10765,1413425,1.7819,0.981246,ITA,ANS,5514
113,250,947,1992,269354,0,0.716964,0.5323760000000001,JOR,ANS,5514
116,250,947,1992,0,1203,-0.31818,-0.096856,KEN,ANS,5514
150,250,947,1992,0,6023,0.70167,-0.075327,MTQ,ANS,5514
169,250,947,1992,0,137172,0.289315,0.37247199999999997,PAN,ANS,5514
192,250,947,1992,62828,8971,0.95691,0.892702,SGP,ANS,5514
197,250,947,1992,6159,304467,0.396523,0.47548900000000005,SLV,ANS,5514
208,250,947,1992,2227,0,2.2265900000000003,0.999178,SWE,ANS,5514
212,250,947,1992,0,10951,-0.566724,-0.602446,SYR,ANS,5514
216,250,947,1992,1646,1101,0.109518,1.486578,THA,ANS,5514
246,250,947,1992,0,24784,0.236335,1.415622,ZAF,ANS,5514
18,2,947,1992,40124,0,1.449085,1.622957,BEL,AGO,5514
32,2,947,1992,3358,0,0.685144,1.5676709999999998,BRA,AGO,5514
41,2,947,1992,278262,0,2.24952,1.014945,CHE,AGO,5514
61,2,947,1992,266245,0,2.2968349999999997,-2.581569,DEU,AGO,5514
71,2,947,1992,25743,0,1.301511,1.730441,ESP,AGO,5514
179,2,947,1992,63535,0,0.47505,0.8402860000000001,PRT,AGO,5514
246,2,947,1992,2332,0,0.236335,1.415622,ZAF,AGO,5514
162,4,947,1992,1080,0,1.4315069999999999,1.7107450000000002,NLD,ALB,5514
18,6,947,1992,5827,0,1.449085,1.622957,BEL,ANT,5514
33,6,947,1992,6247,0,0.9121950000000001,0.413592,BRB,ANT,5514
41,6,947,1992,31609,0,2.24952,1.014945,CHE,ANT,5514
61,6,947,1992,2000,0,2.2968349999999997,-2.581569,DEU,ANT,5514
64,6,947,1992,2543,0,1.696464,1.365743,DNK,ANT,5514
77,6,947,1992,202695,0,1.682766,1.2713430000000001,FRA,ANT,5514
81,6,947,1992,80565,9578,1.8901810000000001,0.9274030000000001,GBR,ANT,5514
106,6,947,1992,6305,0,1.454172,1.397052,IRL,ANT,5514
162,6,947,1992,63716,0,1.4315069999999999,1.7107450000000002,NLD,ANT,5514
231,6,947,1992,211674,0,1.660693,1.289752,USA,ANT,5514
236,6,947,1992,2526,50183,-0.106385,-0.65975,VEN,ANT,5514
14,7,947,1992,60424,0,0.083812,0.637224,AUS,ARE,5514
18,7,947,1992,63497,0,1.449085,1.622957,BEL,ARE,5514
41,7,947,1992,2700972,17809,2.24952,1.014945,CHE,ARE,5514
43,7,947,1992,53687,0,0.269411,1.920075,CHN,ARE,5514
61,7,947,1992,348225,0,2.2968349999999997,-2.581569,DEU,ARE,5514
64,7,947,1992,11464,0,1.696464,1.365743,DNK,ARE,5514
68,7,947,1992,9990,4095,-0.102143,-0.17513499999999999,EGY,ARE,5514
71,7,947,1992,131824,0,1.301511,1.730441,ESP,ARE,5514
77,7,947,1992,2443746,0,1.682766,1.2713430000000001,FRA,ARE,5514
81,7,947,1992,1429695,5800,1.8901810000000001,0.9274030000000001,GBR,ARE,5514
97,7,947,1992,0,11132,0.754112,1.911201,HKG,ARE,5514
104,7,947,1992,2006696,168672,0.101094,1.6851180000000001,IND,ARE,5514
106,7,947,1992,1968371,0,1.454172,1.397052,IRL,ARE,5514
111,7,947,1992,6508,0,1.7819,0.981246,ITA,ARE,5514
114,7,947,1992,11287,0,2.451698,0.875639,JPN,ARE,5514
142,7,947,1992,34841,0,0.828211,0.29226599999999997,MLT,ARE,5514
153,7,947,1992,5852,0,0.14268499999999998,0.370079,MYS,ARE,5514
162,7,947,1992,162392,0,1.4315069999999999,1.7107450000000002,NLD,ARE,5514
167,7,947,1992,69408,24487,-0.906702,-1.0716709999999998,OMN,ARE,5514
168,7,947,1992,1742,6685,-0.480152,-0.361705,PAK,ARE,5514
183,7,947,1992,0,2881,-0.491413,-1.004476,QAT,ARE,5514
188,7,947,1992,26884,6151,0.416315,-0.7342489999999999,SAU,ARE,5514
192,7,947,1992,4099,0,0.95691,0.892702,SGP,ARE,5514
208,7,947,1992,30495,0,2.2265900000000003,0.999178,SWE,ARE,5514
224,7,947,1992,10638,0,0.160966,1.154796,TUR,ARE,5514
231,7,947,1992,212156,0,1.660693,1.289752,USA,ARE,5514
249,7,947,1992,982,4292,1.3694790000000001,1.6227559999999999,TWN,ARE,5514
33,13,947,1992,18919,0,0.9121950000000001,0.413592,BRB,ATG,5514
41,13,947,1992,5762,0,2.24952,1.014945,CHE,ATG,5514
81,13,947,1992,36366,0,1.8901810000000001,0.9274030000000001,GBR,ATG,5514
162,13,947,1992,4664,0,1.4315069999999999,1.7107450000000002,NLD,ATG,5514
231,13,947,1992,92399,0,1.660693,1.289752,USA,ATG,5514
246,13,947,1992,1824,0,0.236335,1.415622,ZAF,ATG,5514
49,25,947,1992,24842,0,0.022895,0.22971799999999998,COL,BHS,5514
61,25,947,1992,0,5201,2.2968349999999997,-2.581569,DEU,BHS,5514
81,25,947,1992,6124,0,1.8901810000000001,0.9274030000000001,GBR,BHS,5514
106,25,947,1992,171084,0,1.454172,1.397052,IRL,BHS,5514
112,25,947,1992,12119,0,-0.200329,-0.595741,JAM,BHS,5514
231,25,947,1992,1424458,0,1.660693,1.289752,USA,BHS,5514
81,30,947,1992,19912,0,1.8901810000000001,0.9274030000000001,GBR,BMU,5514
106,30,947,1992,5114,0,1.454172,1.397052,IRL,BMU,5514
231,30,947,1992,8125,0,1.660693,1.289752,USA,BMU,5514
18,45,947,1992,3752,0,1.449085,1.622957,BEL,CMR,5514
41,45,947,1992,275118,0,2.24952,1.014945,CHE,CMR,5514
61,45,947,1992,30006,0,2.2968349999999997,-2.581569,DEU,CMR,5514
77,45,947,1992,2031580,0,1.682766,1.2713430000000001,FRA,CMR,5514
81,45,947,1992,222350,0,1.8901810000000001,0.9274030000000001,GBR,CMR,5514
106,45,947,1992,378209,0,1.454172,1.397052,IRL,CMR,5514
111,45,947,1992,40019,0,1.7819,0.981246,ITA,CMR,5514
162,45,947,1992,596546,0,1.4315069999999999,1.7107450000000002,NLD,CMR,5514
61,47,947,1992,4000,0,2.2968349999999997,-2.581569,DEU,COG,5514
77,47,947,1992,86960,0,1.682766,1.2713430000000001,FRA,COG,5514
81,47,947,1992,47284,0,1.8901810000000001,0.9274030000000001,GBR,COG,5514
106,47,947,1992,800895,0,1.454172,1.397052,IRL,COG,5514
162,47,947,1992,2443,0,1.4315069999999999,1.7107450000000002,NLD,COG,5514
32,51,947,1992,1433,0,0.685144,1.5676709999999998,BRA,CPV,5514
64,51,947,1992,47254,0,1.696464,1.365743,DNK,CPV,5514
81,51,947,1992,96868,0,1.8901810000000001,0.9274030000000001,GBR,CPV,5514
162,51,947,1992,1275,0,1.4315069999999999,1.7107450000000002,NLD,CPV,5514
41,80,947,1992,47970,0,2.24952,1.014945,CHE,GAB,5514
77,80,947,1992,243448,0,1.682766,1.2713430000000001,FRA,GAB,5514
81,80,947,1992,2118,0,1.8901810000000001,0.9274030000000001,GBR,GAB,5514
106,80,947,1992,720988,0,1.454172,1.397052,IRL,GAB,5514
162,80,947,1992,62154,0,1.4315069999999999,1.7107450000000002,NLD,GAB,5514
18,85,947,1992,100486,0,1.449085,1.622957,BEL,GIN,5514
77,85,947,1992,17910,0,1.682766,1.2713430000000001,FRA,GIN,5514
106,85,947,1992,1601,0,1.454172,1.397052,IRL,GIN,5514
191,85,947,1992,77246,0,-0.43371800000000005,-0.679547,SEN,GIN,5514
8,110,947,1992,3907,5289,0.043179,0.553408,ARG,ISR,5514
14,110,947,1992,0,4371,0.083812,0.637224,AUS,ISR,5514
15,110,947,1992,41431,24286,1.975207,0.669388,AUT,ISR,5514
18,110,947,1992,211776,36040,1.449085,1.622957,BEL,ISR,5514
23,110,947,1992,0,2579,0.503161,1.871616,BGR,ISR,5514
39,110,947,1992,1483,3213,0.74703,1.096791,CAN,ISR,5514
41,110,947,1992,3202076,160979,2.24952,1.014945,CHE,ISR,5514
42,110,947,1992,0,20284,-0.188106,-0.360151,CHL,ISR,5514
58,110,947,1992,0,5617,0.471516,0.668776,CYP,ISR,5514
61,110,947,1992,3948082,105424,2.2968349999999997,-2.581569,DEU,ISR,5514
64,110,947,1992,77167,3742,1.696464,1.365743,DNK,ISR,5514
65,110,947,1992,0,8133,-0.338979,-0.5049279999999999,DOM,ISR,5514
71,110,947,1992,6327,3427,1.301511,1.730441,ESP,ISR,5514
72,110,947,1992,0,2883,0.22019699999999998,0.0198,EST,ISR,5514
74,110,947,1992,0,973,1.929661,1.3477,FIN,ISR,5514
77,110,947,1992,4794668,49027,1.682766,1.2713430000000001,FRA,ISR,5514
81,110,947,1992,1299838,286309,1.8901810000000001,0.9274030000000001,GBR,ISR,5514
90,110,947,1992,1891,54076,0.139504,0.743678,GRC,ISR,5514
93,110,947,1992,0,287872,-0.031145999999999997,0.48874300000000004,GTM,ISR,5514
97,110,947,1992,37691,133674,0.754112,1.911201,HKG,ISR,5514
100,110,947,1992,0,1823,0.877872,1.726188,HRV,ISR,5514
102,110,947,1992,0,2526,0.9144620000000001,2.157041,HUN,ISR,5514
104,110,947,1992,0,22464,0.101094,1.6851180000000001,IND,ISR,5514
106,110,947,1992,1674529,74548,1.454172,1.397052,IRL,ISR,5514
111,110,947,1992,274967,160457,1.7819,0.981246,ITA,ISR,5514
114,110,947,1992,0,116736,2.451698,0.875639,JPN,ISR,5514
115,110,947,1992,0,2054,-0.084852,-0.5466260000000001,KAZ,ISR,5514
116,110,947,1992,0,103967,-0.31818,-0.096856,KEN,ISR,5514
138,110,947,1992,0,3772,0.9039370000000001,0.965842,MEX,ISR,5514
162,110,947,1992,5155676,2630278,1.4315069999999999,1.7107450000000002,NLD,ISR,5514
163,110,947,1992,0,15918,0.877965,0.444983,NOR,ISR,5514
166,110,947,1992,0,1780,0.41866000000000003,0.580581,NZL,ISR,5514
174,110,947,1992,0,5772,-0.139761,0.772109,PHL,ISR,5514
185,110,947,1992,0,17972,0.838817,1.358629,ROU,ISR,5514
186,110,947,1992,0,40562,0.071799,0.14036099999999999,RUS,ISR,5514
189,110,947,1992,0,4297,0.9474950000000001,2.442268,SCG,ISR,5514
192,110,947,1992,0,30811,0.95691,0.892702,SGP,ISR,5514
207,110,947,1992,0,11863,1.3270629999999999,1.605534,SVN,ISR,5514
208,110,947,1992,0,44107,2.2265900000000003,0.999178,SWE,ISR,5514
216,110,947,1992,0,36939,0.109518,1.486578,THA,ISR,5514
224,110,947,1992,0,61337,0.160966,1.154796,TUR,ISR,5514
231,110,947,1992,922488,861831,1.660693,1.289752,USA,ISR,5514
246,110,947,1992,7014,53493,0.236335,1.415622,ZAF,ISR,5514
249,110,947,1992,0,4509,1.3694790000000001,1.6227559999999999,TWN,ISR,5514
18,125,947,1992,7904,0,1.449085,1.622957,BEL,LBR,5514
61,125,947,1992,8000,0,2.2968349999999997,-2.581569,DEU,LBR,5514
191,125,947,1992,11772,0,-0.43371800000000005,-0.679547,SEN,LBR,5514
231,125,947,1992,41199,0,1.660693,1.289752,USA,LBR,5514
61,147,947,1992,9002,0,2.2968349999999997,-2.581569,DEU,MOZ,5514
162,147,947,1992,35456,0,1.4315069999999999,1.7107450000000002,NLD,MOZ,5514
246,147,947,1992,30121,0,0.236335,1.415622,ZAF,MOZ,5514
41,152,947,1992,111879,0,2.24952,1.014945,CHE,MWI,5514
61,152,947,1992,98615,0,2.2968349999999997,-2.581569,DEU,MWI,5514
81,152,947,1992,438680,0,1.8901810000000001,0.9274030000000001,GBR,MWI,5514
162,152,947,1992,3171,0,1.4315069999999999,1.7107450000000002,NLD,MWI,5514
246,152,947,1992,578691,0,0.236335,1.415622,ZAF,MWI,5514
248,152,947,1992,35031,0,-0.11168099999999999,0.143612,ZWE,MWI,5514
77,157,947,1992,53697,0,1.682766,1.2713430000000001,FRA,NER,5514
81,157,947,1992,226655,0,1.8901810000000001,0.9274030000000001,GBR,NER,5514
15,159,947,1992,6862,0,1.975207,0.669388,AUT,NGA,5514
18,159,947,1992,785484,0,1.449085,1.622957,BEL,NGA,5514
32,159,947,1992,59121,0,0.685144,1.5676709999999998,BRA,NGA,5514
41,159,947,1992,1298224,0,2.24952,1.014945,CHE,NGA,5514
61,159,947,1992,4025633,0,2.2968349999999997,-2.581569,DEU,NGA,5514
64,159,947,1992,15295,0,1.696464,1.365743,DNK,NGA,5514
77,159,947,1992,479018,0,1.682766,1.2713430000000001,FRA,NGA,5514
81,159,947,1992,24100886,0,1.8901810000000001,0.9274030000000001,GBR,NGA,5514
90,159,947,1992,549236,0,0.139504,0.743678,GRC,NGA,5514
104,159,947,1992,79825,0,0.101094,1.6851180000000001,IND,NGA,5514
106,159,947,1992,974471,0,1.454172,1.397052,IRL,NGA,5514
111,159,947,1992,91848,0,1.7819,0.981246,ITA,NGA,5514
162,159,947,1992,3605130,0,1.4315069999999999,1.7107450000000002,NLD,NGA,5514
191,159,947,1992,21090,0,-0.43371800000000005,-0.679547,SEN,NGA,5514
231,159,947,1992,522649,0,1.660693,1.289752,USA,NGA,5514
249,159,947,1992,125000,0,1.3694790000000001,1.6227559999999999,TWN,NGA,5514
77,194,947,1992,13604,0,1.682766,1.2713430000000001,FRA,SHN,5514
33,234,947,1992,26803,0,0.9121950000000001,0.413592,BRB,VCT,5514
81,234,947,1992,21591,0,1.8901810000000001,0.9274030000000001,GBR,VCT,5514
231,234,947,1992,3205,0,1.660693,1.289752,USA,VCT,5514
15,109,947,1992,1165,0,1.975207,0.669388,AUT,ISL,5514
18,109,947,1992,49785,0,1.449085,1.622957,BEL,ISL,5514
22,109,947,1992,0,120950,-0.608254,-0.921751,BGD,ISL,5514
41,109,947,1992,193616,0,2.24952,1.014945,CHE,ISL,5514
61,109,947,1992,45394,0,2.2968349999999997,-2.581569,DEU,ISL,5514
64,109,947,1992,117407,0,1.696464,1.365743,DNK,ISL,5514
77,109,947,1992,3839,0,1.682766,1.2713430000000001,FRA,ISL,5514
81,109,947,1992,347829,0,1.8901810000000001,0.9274030000000001,GBR,ISL,5514
106,109,947,1992,353874,0,1.454172,1.397052,IRL,ISL,5514
162,109,947,1992,54673,0,1.4315069999999999,1.7107450000000002,NLD,ISL,5514
163,109,947,1992,14834,0,0.877965,0.444983,NOR,ISL,5514
208,109,947,1992,53755,0,2.2265900000000003,0.999178,SWE,ISL,5514
231,109,947,1992,2958,0,1.660693,1.289752,USA,ISL,5514
246,109,947,1992,0,4818,0.236335,1.415622,ZAF,ISL,5514
106,1,947,1992,61151,0,1.454172,1.397052,IRL,AFG,5514
168,1,947,1992,33088,0,-0.480152,-0.361705,PAK,AFG,5514
61,26,947,1992,100068,0,2.2968349999999997,-2.581569,DEU,BIH,5514
100,26,947,1992,62837,0,0.877872,1.726188,HRV,BIH,5514
162,26,947,1992,68866,0,1.4315069999999999,1.7107450000000002,NLD,BIH,5514
207,26,947,1992,146730,0,1.3270629999999999,1.605534,SVN,BIH,5514
81,40,947,1992,5993,0,1.8901810000000001,0.9274030000000001,GBR,CCK,5514
166,48,947,1992,8221,0,0.41866000000000003,0.580581,NZL,COK,5514
112,57,947,1992,23240,0,-0.200329,-0.595741,JAM,CYM,5514
231,57,947,1992,3753,0,1.660693,1.289752,USA,CYM,5514
14,75,947,1992,734625,14837,0.083812,0.637224,AUS,FJI,5514
61,75,947,1992,22260,0,2.2968349999999997,-2.581569,DEU,FJI,5514
81,75,947,1992,5242,0,1.8901810000000001,0.9274030000000001,GBR,FJI,5514
97,75,947,1992,135383,0,0.754112,1.911201,HKG,FJI,5514
166,75,947,1992,99228,2305,0.41866000000000003,0.580581,NZL,FJI,5514
176,75,947,1992,0,3130,-1.602221,-1.058247,PNG,FJI,5514
192,75,947,1992,4248,0,0.95691,0.892702,SGP,FJI,5514
221,75,947,1992,0,18413,-0.787605,-0.880726,TON,FJI,5514
231,75,947,1992,157201,0,1.660693,1.289752,USA,FJI,5514
249,75,947,1992,10735,0,1.3694790000000001,1.6227559999999999,TWN,FJI,5514
81,76,947,1992,1259,0,1.8901810000000001,0.9274030000000001,GBR,FLK,5514
61,78,947,1992,4263,0,2.2968349999999997,-2.581569,DEU,FRO,5514
64,78,947,1992,89162,0,1.696464,1.365743,DNK,FRO,5514
81,78,947,1992,0,1433,1.8901810000000001,0.9274030000000001,GBR,FRO,5514
208,78,947,1992,1200,0,2.2265900000000003,0.999178,SWE,FRO,5514
114,79,947,1992,1950,0,2.451698,0.875639,JPN,FSM,5514
64,92,947,1992,27050,0,1.696464,1.365743,DNK,GRL,5514
18,101,947,1992,5727,0,1.449085,1.622957,BEL,HTI,5514
41,101,947,1992,768975,0,2.24952,1.014945,CHE,HTI,5514
61,101,947,1992,14004,0,2.2968349999999997,-2.581569,DEU,HTI,5514
64,101,947,1992,11082,0,1.696464,1.365743,DNK,HTI,5514
77,101,947,1992,66146,0,1.682766,1.2713430000000001,FRA,HTI,5514
81,101,947,1992,172767,0,1.8901810000000001,0.9274030000000001,GBR,HTI,5514
162,101,947,1992,22348,0,1.4315069999999999,1.7107450000000002,NLD,HTI,5514
77,118,947,1992,20410,0,1.682766,1.2713430000000001,FRA,KHM,5514
97,118,947,1992,14730,0,0.754112,1.911201,HKG,KHM,5514
14,119,947,1992,7010,0,0.083812,0.637224,AUS,KIR,5514
61,123,947,1992,8000,0,2.2968349999999997,-2.581569,DEU,LAO,5514
103,123,947,1992,3500,0,-0.5250670000000001,0.717568,IDN,LAO,5514
114,123,947,1992,17649,0,2.451698,0.875639,JPN,LAO,5514
216,123,947,1992,17246,0,0.109518,1.486578,THA,LAO,5514
15,132,947,1992,38131,0,1.975207,0.669388,AUT,LVA,5514
41,132,947,1992,64462,0,2.24952,1.014945,CHE,LVA,5514
61,132,947,1992,730591,0,2.2968349999999997,-2.581569,DEU,LVA,5514
77,132,947,1992,35715,0,1.682766,1.2713430000000001,FRA,LVA,5514
162,132,947,1992,22901,13781,1.4315069999999999,1.7107450000000002,NLD,LVA,5514
208,132,947,1992,13922,0,2.2265900000000003,0.999178,SWE,LVA,5514
231,132,947,1992,7856,0,1.660693,1.289752,USA,LVA,5514
106,137,947,1992,4701,0,1.454172,1.397052,IRL,MDV,5514
192,137,947,1992,3299,0,0.95691,0.892702,SGP,MDV,5514
114,146,947,1992,36545,0,2.451698,0.875639,JPN,MNP,5514
61,148,947,1992,22079,0,2.2968349999999997,-2.581569,DEU,MRT,5514
71,148,947,1992,12144,0,1.301511,1.730441,ESP,MRT,5514
77,148,947,1992,7382,0,1.682766,1.2713430000000001,FRA,MRT,5514
81,148,947,1992,1455,0,1.8901810000000001,0.9274030000000001,GBR,MRT,5514
191,148,947,1992,80328,0,-0.43371800000000005,-0.679547,SEN,MRT,5514
14,156,947,1992,187390,0,0.083812,0.637224,AUS,NCL,5514
61,156,947,1992,6002,0,2.2968349999999997,-2.581569,DEU,NCL,5514
77,156,947,1992,349155,0,1.682766,1.2713430000000001,FRA,NCL,5514
106,156,947,1992,5062,0,1.454172,1.397052,IRL,NCL,5514
166,158,947,1992,1756,0,0.41866000000000003,0.580581,NZL,NFK,5514
231,158,947,1992,17279,0,1.660693,1.289752,USA,NFK,5514
14,165,947,1992,4526,0,0.083812,0.637224,AUS,NRU,5514
61,165,947,1992,4000,0,2.2968349999999997,-2.581569,DEU,NRU,5514
81,165,947,1992,4790,0,1.8901810000000001,0.9274030000000001,GBR,NRU,5514
231,165,947,1992,0,3034,1.660693,1.289752,USA,NRU,5514
14,176,947,1992,2711648,0,0.083812,0.637224,AUS,PNG,5514
75,176,947,1992,3130,0,-0.573887,-0.6382680000000001,FJI,PNG,5514
97,176,947,1992,117209,0,0.754112,1.911201,HKG,PNG,5514
103,176,947,1992,2967,19102,-0.5250670000000001,0.717568,IDN,PNG,5514
166,176,947,1992,24982,0,0.41866000000000003,0.580581,NZL,PNG,5514
77,178,947,1992,13723,0,1.682766,1.2713430000000001,FRA,PRK,5514
81,178,947,1992,6285,0,1.8901810000000001,0.9274030000000001,GBR,PRK,5514
97,178,947,1992,60469,0,0.754112,1.911201,HKG,PRK,5514
103,178,947,1992,0,19310,-0.5250670000000001,0.717568,IDN,PRK,5514
106,178,947,1992,65445,0,1.454172,1.397052,IRL,PRK,5514
114,178,947,1992,5488,0,2.451698,0.875639,JPN,PRK,5514
162,178,947,1992,6849,0,1.4315069999999999,1.7107450000000002,NLD,PRK,5514
192,178,947,1992,13157,0,0.95691,0.892702,SGP,PRK,5514
14,182,947,1992,289122,0,0.083812,0.637224,AUS,PYF,5514
61,182,947,1992,6000,0,2.2968349999999997,-2.581569,DEU,PYF,5514
77,182,947,1992,397761,268649,1.682766,1.2713430000000001,FRA,PYF,5514
106,182,947,1992,22848,0,1.454172,1.397052,IRL,PYF,5514
111,182,947,1992,12988,0,1.7819,0.981246,ITA,PYF,5514
166,182,947,1992,1828,0,0.41866000000000003,0.580581,NZL,PYF,5514
231,182,947,1992,42199,0,1.660693,1.289752,USA,PYF,5514
14,195,947,1992,80040,0,0.083812,0.637224,AUS,SLB,5514
166,195,947,1992,3535,0,0.41866000000000003,0.580581,NZL,SLB,5514
41,196,947,1992,4242,0,2.24952,1.014945,CHE,SLE,5514
61,196,947,1992,23537,0,2.2968349999999997,-2.581569,DEU,SLE,5514
71,196,947,1992,80927,0,1.301511,1.730441,ESP,SLE,5514
77,196,947,1992,6997,0,1.682766,1.2713430000000001,FRA,SLE,5514
81,196,947,1992,116246,0,1.8901810000000001,0.9274030000000001,GBR,SLE,5514
106,196,947,1992,71436,0,1.454172,1.397052,IRL,SLE,5514
162,196,947,1992,16875,0,1.4315069999999999,1.7107450000000002,NLD,SLE,5514
18,215,947,1992,1215,0,1.449085,1.622957,BEL,TGO,5514
61,215,947,1992,4001,0,2.2968349999999997,-2.581569,DEU,TGO,5514
64,215,947,1992,14539,0,1.696464,1.365743,DNK,TGO,5514
77,215,947,1992,42681,0,1.682766,1.2713430000000001,FRA,TGO,5514
162,215,947,1992,187530,0,1.4315069999999999,1.7107450000000002,NLD,TGO,5514
191,215,947,1992,130269,0,-0.43371800000000005,-0.679547,SEN,TGO,5514
14,221,947,1992,35078,0,0.083812,0.637224,AUS,TON,5514
75,221,947,1992,18413,0,-0.573887,-0.6382680000000001,FJI,TON,5514
61,227,947,1992,1002,0,2.2968349999999997,-2.581569,DEU,UGA,5514
81,227,947,1992,4902,0,1.8901810000000001,0.9274030000000001,GBR,UGA,5514
106,227,947,1992,65925,0,1.454172,1.397052,IRL,UGA,5514
116,227,947,1992,385593,0,-0.31818,-0.096856,KEN,UGA,5514
61,228,947,1992,105443,0,2.2968349999999997,-2.581569,DEU,UKR,5514
77,228,947,1992,95815,0,1.682766,1.2713430000000001,FRA,UKR,5514
111,228,947,1992,13657,0,1.7819,0.981246,ITA,UKR,5514
114,228,947,1992,0,12066,2.451698,0.875639,JPN,UKR,5514
162,228,947,1992,54157,0,1.4315069999999999,1.7107450000000002,NLD,UKR,5514
177,228,947,1992,17198,0,0.581166,2.070795,POL,UKR,5514
14,240,947,1992,15405,0,0.083812,0.637224,AUS,VUT,5514
14,242,947,1992,242195,0,0.083812,0.637224,AUS,WSM,5514
162,242,947,1992,4448,0,1.4315069999999999,1.7107450000000002,NLD,WSM,5514
166,242,947,1992,24230,0,0.41866000000000003,0.580581,NZL,WSM,5514
18,17,947,1992,3643,0,1.449085,1.622957,BEL,BDI,5514
61,17,947,1992,118154,0,2.2968349999999997,-2.581569,DEU,BDI,5514
77,17,947,1992,5672,0,1.682766,1.2713430000000001,FRA,BDI,5514
81,17,947,1992,40753,0,1.8901810000000001,0.9274030000000001,GBR,BDI,5514
15,21,947,1992,8437,0,1.975207,0.669388,AUT,BFA,5514
61,21,947,1992,51217,0,2.2968349999999997,-2.581569,DEU,BFA,5514
71,21,947,1992,8664,0,1.301511,1.730441,ESP,BFA,5514
77,21,947,1992,167941,0,1.682766,1.2713430000000001,FRA,BFA,5514
41,28,947,1992,6694,0,2.24952,1.014945,CHE,BLR,5514
61,28,947,1992,7224,0,2.2968349999999997,-2.581569,DEU,BLR,5514
177,28,947,1992,22231,0,0.581166,2.070795,POL,BLR,5514
33,63,947,1992,14918,0,0.9121950000000001,0.413592,BRB,DMA,5514
41,63,947,1992,446076,0,2.24952,1.014945,CHE,DMA,5514
71,63,947,1992,1497,0,1.301511,1.730441,ESP,DMA,5514
81,63,947,1992,99044,0,1.8901810000000001,0.9274030000000001,GBR,DMA,5514
138,63,947,1992,1000,0,0.9039370000000001,0.965842,MEX,DMA,5514
231,63,947,1992,202217,0,1.660693,1.289752,USA,DMA,5514
231,82,947,1992,0,7810,1.660693,1.289752,USA,GEO,5514
71,84,947,1992,1489,0,1.301511,1.730441,ESP,GIB,5514
81,84,947,1992,86382,0,1.8901810000000001,0.9274030000000001,GBR,GIB,5514
106,84,947,1992,14858,0,1.454172,1.397052,IRL,GIB,5514
162,84,947,1992,0,16449,1.4315069999999999,1.7107450000000002,NLD,GIB,5514
81,87,947,1992,32160,0,1.8901810000000001,0.9274030000000001,GBR,GMB,5514
106,87,947,1992,44811,0,1.454172,1.397052,IRL,GMB,5514
162,87,947,1992,33440,0,1.4315069999999999,1.7107450000000002,NLD,GMB,5514
191,87,947,1992,9464,0,-0.43371800000000005,-0.679547,SEN,GMB,5514
77,94,947,1992,145633,0,1.682766,1.2713430000000001,FRA,GUF,5514
81,94,947,1992,3917,0,1.8901810000000001,0.9274030000000001,GBR,GUF,5514
86,94,947,1992,1413,0,0.68221,-0.319682,GLP,GUF,5514
106,94,947,1992,30106,0,1.454172,1.397052,IRL,GUF,5514
111,94,947,1992,1942,0,1.7819,0.981246,ITA,GUF,5514
150,94,947,1992,1735,0,0.70167,-0.075327,MTQ,GUF,5514
162,94,947,1992,2735,0,1.4315069999999999,1.7107450000000002,NLD,GUF,5514
222,94,947,1992,4111,0,0.43506000000000006,-0.43233599999999994,TTO,GUF,5514
231,94,947,1992,10031,0,1.660693,1.289752,USA,GUF,5514
236,94,947,1992,3873,0,-0.106385,-0.65975,VEN,GUF,5514
61,115,947,1992,5042,0,2.2968349999999997,-2.581569,DEU,KAZ,5514
74,115,947,1992,2172,0,1.929661,1.3477,FIN,KAZ,5514
110,115,947,1992,2054,0,1.354362,1.3260530000000001,ISR,KAZ,5514
111,115,947,1992,268711,0,1.7819,0.981246,ITA,KAZ,5514
15,135,947,1992,40313,0,1.975207,0.669388,AUT,MDA,5514
41,135,947,1992,28701,0,2.24952,1.014945,CHE,MDA,5514
77,135,947,1992,208982,0,1.682766,1.2713430000000001,FRA,MDA,5514
162,135,947,1992,20501,0,1.4315069999999999,1.7107450000000002,NLD,MDA,5514
185,135,947,1992,19558,0,0.838817,1.358629,ROU,MDA,5514
61,141,947,1992,38179,0,2.2968349999999997,-2.581569,DEU,MLI,5514
77,141,947,1992,389247,0,1.682766,1.2713430000000001,FRA,MLI,5514
81,141,947,1992,94073,0,1.8901810000000001,0.9274030000000001,GBR,MLI,5514
106,141,947,1992,48338,0,1.454172,1.397052,IRL,MLI,5514
162,141,947,1992,59708,0,1.4315069999999999,1.7107450000000002,NLD,MLI,5514
191,141,947,1992,47390,0,-0.43371800000000005,-0.679547,SEN,MLI,5514
18,187,947,1992,5388,0,1.449085,1.622957,BEL,RWA,5514
61,187,947,1992,135122,0,2.2968349999999997,-2.581569,DEU,RWA,5514
77,187,947,1992,6805,0,1.682766,1.2713430000000001,FRA,RWA,5514
81,187,947,1992,5346,0,1.8901810000000001,0.9274030000000001,GBR,RWA,5514
116,187,947,1992,181475,0,-0.31818,-0.096856,KEN,RWA,5514
77,214,947,1992,51106,0,1.682766,1.2713430000000001,FRA,TCD,5514
81,214,947,1992,267358,0,1.8901810000000001,0.9274030000000001,GBR,TCD,5514
111,219,947,1992,12317,0,1.7819,0.981246,ITA,TKM,5514
162,219,947,1992,5408,0,1.4315069999999999,1.7107450000000002,NLD,TKM,5514
61,0,947,1992,45000,0,2.2968349999999997,-2.581569,DEU,ABW,5514
81,0,947,1992,7844,0,1.8901810000000001,0.9274030000000001,GBR,ABW,5514
106,0,947,1992,1812,0,1.454172,1.397052,IRL,ABW,5514
121,0,947,1992,0,10173,0.778066,1.3011139999999999,KOR,ABW,5514
231,0,947,1992,104225,0,1.660693,1.289752,USA,ABW,5514
71,5,947,1992,115885,0,1.301511,1.730441,ESP,AND,5514
77,5,947,1992,1174,0,1.682766,1.2713430000000001,FRA,AND,5514
111,5,947,1992,3722,0,1.7819,0.981246,ITA,AND,5514
162,5,947,1992,12534,0,1.4315069999999999,1.7107450000000002,NLD,AND,5514
231,5,947,1992,157175,0,1.660693,1.289752,USA,AND,5514
18,38,947,1992,10742,0,1.449085,1.622957,BEL,CAF,5514
61,38,947,1992,3001,0,2.2968349999999997,-2.581569,DEU,CAF,5514
77,38,947,1992,27969,0,1.682766,1.2713430000000001,FRA,CAF,5514
77,50,947,1992,6053,0,1.682766,1.2713430000000001,FRA,COM,5514
81,50,947,1992,11569,0,1.8901810000000001,0.9274030000000001,GBR,COM,5514
116,50,947,1992,14962,0,-0.31818,-0.096856,KEN,COM,5514
111,88,947,1992,4956,0,1.7819,0.981246,ITA,GNB,5514
179,88,947,1992,3585,0,0.47505,0.8402860000000001,PRT,GNB,5514
162,89,947,1992,3245,0,1.4315069999999999,1.7107450000000002,NLD,GNQ,5514
33,91,947,1992,2960,0,0.9121950000000001,0.413592,BRB,GRD,5514
231,91,947,1992,3441,0,1.660693,1.289752,USA,GRD,5514
41,108,947,1992,19040,0,2.24952,1.014945,CHE,IRQ,5514
81,108,947,1992,12441,0,1.8901810000000001,0.9274030000000001,GBR,IRQ,5514
106,108,947,1992,3147,0,1.454172,1.397052,IRL,IRQ,5514
231,213,947,1992,8439,0,1.660693,1.289752,USA,TCA,5514
33,237,947,1992,28101,0,0.9121950000000001,0.413592,BRB,VGB,5514
77,3,947,1992,2078,0,1.682766,1.2713430000000001,FRA,AIA,5514
231,3,947,1992,3506,0,1.660693,1.289752,USA,AIA,5514
33,120,947,1992,8591,0,0.9121950000000001,0.413592,BRB,KNA,5514
81,120,947,1992,6401,0,1.8901810000000001,0.9274030000000001,GBR,KNA,5514
112,120,947,1992,57121,0,-0.200329,-0.595741,JAM,KNA,5514
231,120,947,1992,47070,0,1.660693,1.289752,USA,KNA,5514
81,149,947,1992,6835,0,1.8901810000000001,0.9274030000000001,GBR,MSR,5514
2,18,949,1992,0,702894,-1.90642,-1.061544,AGO,BEL,5541
7,18,949,1992,0,37785,-0.495518,-0.963358,ARE,BEL,5541
8,18,949,1992,0,5402,0.043179,0.553408,ARG,BEL,5541
14,18,949,1992,0,3419,0.083812,0.637224,AUS,BEL,5541
15,18,949,1992,13120,11305,1.975207,0.669388,AUT,BEL,5541
19,18,949,1992,0,96799,-1.206267,-0.855159,BEN,BEL,5541
21,18,949,1992,0,1591,-1.176898,-1.092949,BFA,BEL,5541
23,18,949,1992,0,91206,0.503161,1.871616,BGR,BEL,5541
24,18,949,1992,0,8682,0.047396,-0.554517,BHR,BEL,5541
39,18,949,1992,12001,43978,0.74703,1.096791,CAN,BEL,5541
41,18,949,1992,100396,216853,2.24952,1.014945,CHE,BEL,5541
42,18,949,1992,0,35599,-0.188106,-0.360151,CHL,BEL,5541
43,18,949,1992,4485,0,0.269411,1.920075,CHN,BEL,5541
44,18,949,1992,0,80601,-1.689731,-1.070179,CIV,BEL,5541
45,18,949,1992,0,14072,-2.0470759999999997,-1.184491,CMR,BEL,5541
46,18,949,1992,0,19721,-1.55348,-1.100071,COD,BEL,5541
47,18,949,1992,0,182909,-2.019876,-1.1048360000000002,COG,BEL,5541
53,18,949,1992,0,37970,1.116966,2.225331,CSK,BEL,5541
58,18,949,1992,0,7831,0.471516,0.668776,CYP,BEL,5541
61,18,949,1992,11711811,2119374,2.2968349999999997,-2.581569,DEU,BEL,5541
64,18,949,1992,122178,117617,1.696464,1.365743,DNK,BEL,5541
66,18,949,1992,0,4765,-0.24189699999999997,-0.9399219999999999,DZA,BEL,5541
71,18,949,1992,905594,307690,1.301511,1.730441,ESP,BEL,5541
74,18,949,1992,5399,169749,1.929661,1.3477,FIN,BEL,5541
77,18,949,1992,6954671,8187242,1.682766,1.2713430000000001,FRA,BEL,5541
80,18,949,1992,0,5242,-1.683572,-1.0855620000000001,GAB,BEL,5541
81,18,949,1992,6398760,2538565,1.8901810000000001,0.9274030000000001,GBR,BEL,5541
83,18,949,1992,0,4159,-0.936314,-0.935839,GHA,BEL,5541
85,18,949,1992,0,470056,-1.11535,-1.0306,GIN,BEL,5541
86,18,949,1992,0,47402,0.68221,-0.319682,GLP,BEL,5541
87,18,949,1992,0,2178,-1.4704190000000001,-0.940117,GMB,BEL,5541
88,18,949,1992,0,160482,-0.22399299999999997,-0.667562,GNB,BEL,5541
89,18,949,1992,0,78155,-2.3828419999999997,-0.898589,GNQ,BEL,5541
90,18,949,1992,8539,258373,0.139504,0.743678,GRC,BEL,5541
94,18,949,1992,0,1729,0.9797959999999999,0.125384,GUF,BEL,5541
97,18,949,1992,102422,255708,0.754112,1.911201,HKG,BEL,5541
100,18,949,1992,0,16783,0.877872,1.726188,HRV,BEL,5541
102,18,949,1992,314431,26324,0.9144620000000001,2.157041,HUN,BEL,5541
103,18,949,1992,34429,0,-0.5250670000000001,0.717568,IDN,BEL,5541
104,18,949,1992,4579,23068,0.101094,1.6851180000000001,IND,BEL,5541
106,18,949,1992,111251,13806,1.454172,1.397052,IRL,BEL,5541
107,18,949,1992,0,43807,-1.195108,-1.135155,IRN,BEL,5541
109,18,949,1992,0,2113,-0.076691,-0.630567,ISL,BEL,5541
110,18,949,1992,1045540,63216,1.354362,1.3260530000000001,ISR,BEL,5541
111,18,949,1992,2418765,1182304,1.7819,0.981246,ITA,BEL,5541
113,18,949,1992,0,6071,0.716964,0.5323760000000001,JOR,BEL,5541
114,18,949,1992,99840,25139,2.451698,0.875639,JPN,BEL,5541
121,18,949,1992,139427,61988,0.778066,1.3011139999999999,KOR,BEL,5541
122,18,949,1992,0,32646,-1.2360950000000002,-1.061771,KWT,BEL,5541
124,18,949,1992,0,78025,0.186135,0.800906,LBN,BEL,5541
125,18,949,1992,0,178039,-0.790557,-0.9978870000000001,LBR,BEL,5541
126,18,949,1992,0,32311,-0.333309,-0.981883,LBY,BEL,5541
133,18,949,1992,0,1673,0.249034,-0.026864,MAC,BEL,5541
134,18,949,1992,0,4942,-0.339711,-0.265987,MAR,BEL,5541
136,18,949,1992,0,3450,-0.977873,-0.743187,MDG,BEL,5541
138,18,949,1992,0,877,0.9039370000000001,0.965842,MEX,BEL,5541
141,18,949,1992,0,10951,-0.9495790000000001,-1.028165,MLI,BEL,5541
142,18,949,1992,1842,1269,0.828211,0.29226599999999997,MLT,BEL,5541
150,18,949,1992,0,2176,0.70167,-0.075327,MTQ,BEL,5541
151,18,949,1992,0,4715,-0.249558,-0.643201,MUS,BEL,5541
153,18,949,1992,18018,25235,0.14268499999999998,0.370079,MYS,BEL,5541
157,18,949,1992,0,1307,0.056698,-0.6624770000000001,NER,BEL,5541
159,18,949,1992,0,2018,-2.275923,-1.178983,NGA,BEL,5541
162,18,949,1992,10003013,7206452,1.4315069999999999,1.7107450000000002,NLD,BEL,5541
163,18,949,1992,25734,82248,0.877965,0.444983,NOR,BEL,5541
166,18,949,1992,0,4093,0.41866000000000003,0.580581,NZL,BEL,5541
167,18,949,1992,0,3021,-0.906702,-1.0716709999999998,OMN,BEL,5541
174,18,949,1992,0,1288,-0.139761,0.772109,PHL,BEL,5541
177,18,949,1992,358414,143175,0.581166,2.070795,POL,BEL,5541
179,18,949,1992,19402,42941,0.47505,0.8402860000000001,PRT,BEL,5541
183,18,949,1992,0,1236,-0.491413,-1.004476,QAT,BEL,5541
184,18,949,1992,0,1774,0.251216,-0.448812,REU,BEL,5541
185,18,949,1992,1787,13855,0.838817,1.358629,ROU,BEL,5541
186,18,949,1992,0,38743,0.071799,0.14036099999999999,RUS,BEL,5541
187,18,949,1992,0,2585,-0.890012,-0.888402,RWA,BEL,5541
188,18,949,1992,0,33667,0.416315,-0.7342489999999999,SAU,BEL,5541
189,18,949,1992,0,12876,0.9474950000000001,2.442268,SCG,BEL,5541
191,18,949,1992,0,2090,-0.43371800000000005,-0.679547,SEN,BEL,5541
192,18,949,1992,5827,15639,0.95691,0.892702,SGP,BEL,5541
196,18,949,1992,0,258790,-0.877425,-0.798561,SLE,BEL,5541
207,18,949,1992,0,48189,1.3270629999999999,1.605534,SVN,BEL,5541
208,18,949,1992,294898,112426,2.2265900000000003,0.999178,SWE,BEL,5541
215,18,949,1992,0,29771,-1.199292,-1.082889,TGO,BEL,5541
216,18,949,1992,0,12005,0.109518,1.486578,THA,BEL,5541
224,18,949,1992,34401,50392,0.160966,1.154796,TUR,BEL,5541
231,18,949,1992,827640,55922,1.660693,1.289752,USA,BEL,5541
246,18,949,1992,0,8893,0.236335,1.415622,ZAF,BEL,5541
247,18,949,1992,0,65760,-0.9865219999999999,-1.076062,ZMB,BEL,5541
249,18,949,1992,11772,136514,1.3694790000000001,1.6227559999999999,TWN,BEL,5541
250,18,949,1992,0,23635,0.989994,0.977453,ANS,BEL,5541
61,33,949,1992,5387,0,2.2968349999999997,-2.581569,DEU,BRB,5541
63,33,949,1992,845940,0,0.9006850000000001,-0.055001999999999995,DMA,BRB,5541
65,33,949,1992,19213,0,-0.338979,-0.5049279999999999,DOM,BRB,5541
77,33,949,1992,958,958,1.682766,1.2713430000000001,FRA,BRB,5541
81,33,949,1992,51109,0,1.8901810000000001,0.9274030000000001,GBR,BRB,5541
106,33,949,1992,16877,0,1.454172,1.397052,IRL,BRB,5541
112,33,949,1992,140817,0,-0.200329,-0.595741,JAM,BRB,5541
127,33,949,1992,0,1507,0.199639,-0.28238,LCA,BRB,5541
150,33,949,1992,0,6939,0.70167,-0.075327,MTQ,BRB,5541
222,33,949,1992,503177,138547,0.43506000000000006,-0.43233599999999994,TTO,BRB,5541
231,33,949,1992,94442,0,1.660693,1.289752,USA,BRB,5541
236,33,949,1992,4842,0,-0.106385,-0.65975,VEN,BRB,5541
250,33,949,1992,0,1681,0.989994,0.977453,ANS,BRB,5541
0,43,949,1992,0,5662,-0.260923,-0.700814,ABW,CHN,5541
1,43,949,1992,0,25296,-0.347989,-0.539361,AFG,CHN,5541
7,43,949,1992,0,166678,-0.495518,-0.963358,ARE,CHN,5541
8,43,949,1992,0,29667,0.043179,0.553408,ARG,CHN,5541
14,43,949,1992,81886,343305,0.083812,0.637224,AUS,CHN,5541
15,43,949,1992,0,1330,1.975207,0.669388,AUT,CHN,5541
18,43,949,1992,0,4485,1.449085,1.622957,BEL,CHN,5541
22,43,949,1992,0,1540,-0.608254,-0.921751,BGD,CHN,5541
23,43,949,1992,0,4902,0.503161,1.871616,BGR,CHN,5541
24,43,949,1992,0,15647,0.047396,-0.554517,BHR,CHN,5541
29,43,949,1992,0,7064,-0.06729700000000001,-0.386682,BLZ,CHN,5541
32,43,949,1992,0,3539,0.685144,1.5676709999999998,BRA,CHN,5541
34,43,949,1992,0,14677,-1.142722,-0.818717,BRN,CHN,5541
39,43,949,1992,0,367318,0.74703,1.096791,CAN,CHN,5541
41,43,949,1992,1525,83285,2.24952,1.014945,CHE,CHN,5541
44,43,949,1992,0,6024,-1.689731,-1.070179,CIV,CHN,5541
46,43,949,1992,0,117087,-1.55348,-1.100071,COD,CHN,5541
47,43,949,1992,0,24057,-2.019876,-1.1048360000000002,COG,CHN,5541
49,43,949,1992,0,1506,0.022895,0.22971799999999998,COL,CHN,5541
58,43,949,1992,0,2668,0.471516,0.668776,CYP,CHN,5541
61,43,949,1992,3035,142895,2.2968349999999997,-2.581569,DEU,CHN,5541
62,43,949,1992,0,626689,0.708593,1.196323,DJI,CHN,5541
64,43,949,1992,5246,63539,1.696464,1.365743,DNK,CHN,5541
71,43,949,1992,0,142259,1.301511,1.730441,ESP,CHN,5541
72,43,949,1992,0,1198,0.22019699999999998,0.0198,EST,CHN,5541
74,43,949,1992,0,9337,1.929661,1.3477,FIN,CHN,5541
77,43,949,1992,2015952,97309,1.682766,1.2713430000000001,FRA,CHN,5541
81,43,949,1992,113318,155076,1.8901810000000001,0.9274030000000001,GBR,CHN,5541
85,43,949,1992,0,39012,-1.11535,-1.0306,GIN,CHN,5541
90,43,949,1992,0,7233,0.139504,0.743678,GRC,CHN,5541
94,43,949,1992,0,21520,0.9797959999999999,0.125384,GUF,CHN,5541
97,43,949,1992,3613170,13097116,0.754112,1.911201,HKG,CHN,5541
99,43,949,1992,0,1619,-0.5100640000000001,-0.38205900000000004,HND,CHN,5541
103,43,949,1992,56814,375884,-0.5250670000000001,0.717568,IDN,CHN,5541
106,43,949,1992,0,1937,1.454172,1.397052,IRL,CHN,5541
111,43,949,1992,0,267155,1.7819,0.981246,ITA,CHN,5541
113,43,949,1992,0,2124,0.716964,0.5323760000000001,JOR,CHN,5541
114,43,949,1992,95132,68356,2.451698,0.875639,JPN,CHN,5541
115,43,949,1992,0,127548,-0.084852,-0.5466260000000001,KAZ,CHN,5541
117,43,949,1992,0,1388,0.71368,-0.330817,KGZ,CHN,5541
118,43,949,1992,0,20523,-1.036685,-1.149364,KHM,CHN,5541
119,43,949,1992,0,58802,-0.047671,-0.740088,KIR,CHN,5541
121,43,949,1992,7537,193227,0.778066,1.3011139999999999,KOR,CHN,5541
125,43,949,1992,0,42542,-0.790557,-0.9978870000000001,LBR,CHN,5541
133,43,949,1992,16241,92727,0.249034,-0.026864,MAC,CHN,5541
134,43,949,1992,0,5982,-0.339711,-0.265987,MAR,CHN,5541
138,43,949,1992,0,5008,0.9039370000000001,0.965842,MEX,CHN,5541
142,43,949,1992,0,1731,0.828211,0.29226599999999997,MLT,CHN,5541
143,43,949,1992,0,183640,-1.030267,-0.770368,MMR,CHN,5541
145,43,949,1992,0,585987,-0.151342,-0.680094,MNG,CHN,5541
151,43,949,1992,0,10338,-0.249558,-0.643201,MUS,CHN,5541
153,43,949,1992,1163909,1402012,0.14268499999999998,0.370079,MYS,CHN,5541
159,43,949,1992,0,169817,-2.275923,-1.178983,NGA,CHN,5541
162,43,949,1992,6218,63557,1.4315069999999999,1.7107450000000002,NLD,CHN,5541
163,43,949,1992,0,14886,0.877965,0.444983,NOR,CHN,5541
166,43,949,1992,1142,6187,0.41866000000000003,0.580581,NZL,CHN,5541
168,43,949,1992,0,11399,-0.480152,-0.361705,PAK,CHN,5541
169,43,949,1992,0,34563,0.289315,0.37247199999999997,PAN,CHN,5541
173,43,949,1992,0,19856,-0.286545,-0.264638,PER,CHN,5541
174,43,949,1992,0,205704,-0.139761,0.772109,PHL,CHN,5541
176,43,949,1992,0,627524,-1.602221,-1.058247,PNG,CHN,5541
178,43,949,1992,0,4283900,0.201042,0.477547,PRK,CHN,5541
179,43,949,1992,0,59999,0.47505,0.8402860000000001,PRT,CHN,5541
180,43,949,1992,0,4100,-0.906433,-0.787177,PRY,CHN,5541
186,43,949,1992,119615,58737,0.071799,0.14036099999999999,RUS,CHN,5541
188,43,949,1992,1788,204640,0.416315,-0.7342489999999999,SAU,CHN,5541
191,43,949,1992,0,9818,-0.43371800000000005,-0.679547,SEN,CHN,5541
192,43,949,1992,178886,1317793,0.95691,0.892702,SGP,CHN,5541
196,43,949,1992,0,58839,-0.877425,-0.798561,SLE,CHN,5541
199,43,949,1992,0,20789,-0.611123,-0.798546,SOM,CHN,5541
205,43,949,1992,0,10686,-0.9841209999999999,-0.9359129999999999,SUR,CHN,5541
208,43,949,1992,8334,67094,2.2265900000000003,0.999178,SWE,CHN,5541
215,43,949,1992,0,49503,-1.199292,-1.082889,TGO,CHN,5541
216,43,949,1992,8845,4076,0.109518,1.486578,THA,CHN,5541
226,43,949,1992,0,106656,-1.139271,-0.8235379999999999,TZA,CHN,5541
227,43,949,1992,0,4776,-1.264399,-1.0359450000000001,UGA,CHN,5541
228,43,949,1992,0,208573,0.375148,0.23747,UKR,CHN,5541
231,43,949,1992,244504,1763544,1.660693,1.289752,USA,CHN,5541
240,43,949,1992,0,111465,-1.226071,-0.93215,VUT,CHN,5541
242,43,949,1992,0,25849,-0.130773,-0.751247,WSM,CHN,5541
243,43,949,1992,0,17402,-0.7116020000000001,-0.9852489999999999,YEM,CHN,5541
246,43,949,1992,0,1398,0.236335,1.415622,ZAF,CHN,5541
249,43,949,1992,11899,85853,1.3694790000000001,1.6227559999999999,TWN,CHN,5541
250,43,949,1992,8807,4111,0.989994,0.977453,ANS,CHN,5541
31,49,949,1992,0,8899,-0.609826,-0.693473,BOL,COL,5541
32,49,949,1992,0,1790,0.685144,1.5676709999999998,BRA,COL,5541
42,49,949,1992,0,7528,-0.188106,-0.360151,CHL,COL,5541
43,49,949,1992,1506,0,0.269411,1.920075,CHN,COL,5541
61,49,949,1992,19037,0,2.2968349999999997,-2.581569,DEU,COL,5541
65,49,949,1992,0,1145,-0.338979,-0.5049279999999999,DOM,COL,5541
67,49,949,1992,23891,21889,-0.815778,-0.9415459999999999,ECU,COL,5541
81,49,949,1992,23301,0,1.8901810000000001,0.9274030000000001,GBR,COL,5541
110,49,949,1992,35728,0,1.354362,1.3260530000000001,ISR,COL,5541
112,49,949,1992,0,161049,-0.200329,-0.595741,JAM,COL,5541
127,49,949,1992,0,20476,0.199639,-0.28238,LCA,COL,5541
138,49,949,1992,1926,2496,0.9039370000000001,0.965842,MEX,COL,5541
169,49,949,1992,3625,23192,0.289315,0.37247199999999997,PAN,COL,5541
173,49,949,1992,18099,11503,-0.286545,-0.264638,PER,COL,5541
231,49,949,1992,592892,493392,1.660693,1.289752,USA,COL,5541
236,49,949,1992,58264,45541,-0.106385,-0.65975,VEN,COL,5541
250,49,949,1992,1118,2004,0.989994,0.977453,ANS,COL,5541
61,52,949,1992,74858,0,2.2968349999999997,-2.581569,DEU,CRI,5541
77,52,949,1992,1058,0,1.682766,1.2713430000000001,FRA,CRI,5541
81,52,949,1992,33993,0,1.8901810000000001,0.9274030000000001,GBR,CRI,5541
93,52,949,1992,801044,58022,-0.031145999999999997,0.48874300000000004,GTM,CRI,5541
97,52,949,1992,7829,0,0.754112,1.911201,HKG,CRI,5541
99,52,949,1992,10505,113256,-0.5100640000000001,-0.38205900000000004,HND,CRI,5541
110,52,949,1992,5716,0,1.354362,1.3260530000000001,ISR,CRI,5541
111,52,949,1992,1650,0,1.7819,0.981246,ITA,CRI,5541
114,52,949,1992,2442,0,2.451698,0.875639,JPN,CRI,5541
138,52,949,1992,36063,0,0.9039370000000001,0.965842,MEX,CRI,5541
160,52,949,1992,0,441203,-0.214083,-0.111615,NIC,CRI,5541
169,52,949,1992,10489,27478,0.289315,0.37247199999999997,PAN,CRI,5541
197,52,949,1992,3793701,58691,0.396523,0.47548900000000005,SLV,CRI,5541
231,52,949,1992,315195,48807,1.660693,1.289752,USA,CRI,5541
236,52,949,1992,1365,0,-0.106385,-0.65975,VEN,CRI,5541
249,52,949,1992,2779,0,1.3694790000000001,1.6227559999999999,TWN,CRI,5541
0,61,949,1992,0,3000,-0.260923,-0.700814,ABW,DEU,5541
1,61,949,1992,0,45010,-0.347989,-0.539361,AFG,DEU,5541
2,61,949,1992,0,17016,-1.90642,-1.061544,AGO,DEU,5541
4,61,949,1992,0,20223,-0.24194200000000002,-0.395524,ALB,DEU,5541
5,61,949,1992,0,130009,1.4058959999999998,0.830189,AND,DEU,5541
6,61,949,1992,0,28003,0.258484,-0.47236000000000006,ANT,DEU,5541
7,61,949,1992,0,649673,-0.495518,-0.963358,ARE,DEU,5541
8,61,949,1992,0,194908,0.043179,0.553408,ARG,DEU,5541
13,61,949,1992,0,9248,0.561238,-0.164287,ATG,DEU,5541
14,61,949,1992,0,967980,0.083812,0.637224,AUS,DEU,5541
15,61,949,1992,1442750,11759446,1.975207,0.669388,AUT,DEU,5541
18,61,949,1992,2119374,11711811,1.449085,1.622957,BEL,DEU,5541
19,61,949,1992,0,10480,-1.206267,-0.855159,BEN,DEU,5541
23,61,949,1992,0,268498,0.503161,1.871616,BGR,DEU,5541
24,61,949,1992,0,121699,0.047396,-0.554517,BHR,DEU,5541
26,61,949,1992,0,2022,0.76031,1.212207,BIH,DEU,5541
28,61,949,1992,0,52636,0.6011380000000001,0.450072,BLR,DEU,5541
31,61,949,1992,0,11712,-0.609826,-0.693473,BOL,DEU,5541
32,61,949,1992,12966,47843,0.685144,1.5676709999999998,BRA,DEU,5541
33,61,949,1992,0,5387,0.9121950000000001,0.413592,BRB,DEU,5541
34,61,949,1992,0,11850,-1.142722,-0.818717,BRN,DEU,5541
39,61,949,1992,51152,5724122,0.74703,1.096791,CAN,DEU,5541
41,61,949,1992,2827107,8732044,2.24952,1.014945,CHE,DEU,5541
42,61,949,1992,0,256635,-0.188106,-0.360151,CHL,DEU,5541
43,61,949,1992,142895,3035,0.269411,1.920075,CHN,DEU,5541
44,61,949,1992,0,99175,-1.689731,-1.070179,CIV,DEU,5541
45,61,949,1992,0,55012,-2.0470759999999997,-1.184491,CMR,DEU,5541
49,61,949,1992,0,19037,0.022895,0.22971799999999998,COL,DEU,5541
51,61,949,1992,0,1000,0.314087,-0.48178699999999997,CPV,DEU,5541
52,61,949,1992,0,74858,0.11654,0.191873,CRI,DEU,5541
53,61,949,1992,117197,599102,1.116966,2.225331,CSK,DEU,5541
54,61,949,1992,0,148084,-0.719011,-1.077984,CUB,DEU,5541
58,61,949,1992,0,141746,0.471516,0.668776,CYP,DEU,5541
62,61,949,1992,0,7992,0.708593,1.196323,DJI,DEU,5541
64,61,949,1992,675259,2409057,1.696464,1.365743,DNK,DEU,5541
66,61,949,1992,0,11033,-0.24189699999999997,-0.9399219999999999,DZA,DEU,5541
67,61,949,1992,0,11900,-0.815778,-0.9415459999999999,ECU,DEU,5541
68,61,949,1992,0,366882,-0.102143,-0.17513499999999999,EGY,DEU,5541
71,61,949,1992,623685,4147914,1.301511,1.730441,ESP,DEU,5541
72,61,949,1992,0,1008,0.22019699999999998,0.0198,EST,DEU,5541
73,61,949,1992,0,8440,-1.036482,-1.078446,ETH,DEU,5541
74,61,949,1992,25482,795336,1.929661,1.3477,FIN,DEU,5541
77,61,949,1992,11548046,11103582,1.682766,1.2713430000000001,FRA,DEU,5541
78,61,949,1992,0,4962,-0.51381,-0.8512059999999999,FRO,DEU,5541
81,61,949,1992,8708023,13976869,1.8901810000000001,0.9274030000000001,GBR,DEU,5541
82,61,949,1992,0,1015,0.392506,-0.43089399999999994,GEO,DEU,5541
83,61,949,1992,0,11616,-0.936314,-0.935839,GHA,DEU,5541
84,61,949,1992,0,5001,1.356823,0.656416,GIB,DEU,5541
86,61,949,1992,0,22739,0.68221,-0.319682,GLP,DEU,5541
87,61,949,1992,0,1000,-1.4704190000000001,-0.940117,GMB,DEU,5541
90,61,949,1992,2590,3814936,0.139504,0.743678,GRC,DEU,5541
93,61,949,1992,0,51860,-0.031145999999999997,0.48874300000000004,GTM,DEU,5541
94,61,949,1992,0,2918,0.9797959999999999,0.125384,GUF,DEU,5541
97,61,949,1992,835621,321518,0.754112,1.911201,HKG,DEU,5541
99,61,949,1992,0,1843,-0.5100640000000001,-0.38205900000000004,HND,DEU,5541
100,61,949,1992,0,181651,0.877872,1.726188,HRV,DEU,5541
101,61,949,1992,0,19005,-0.005733,-0.191027,HTI,DEU,5541
102,61,949,1992,204092,897032,0.9144620000000001,2.157041,HUN,DEU,5541
103,61,949,1992,61237,195569,-0.5250670000000001,0.717568,IDN,DEU,5541
104,61,949,1992,8177,14963,0.101094,1.6851180000000001,IND,DEU,5541
106,61,949,1992,1806626,122569,1.454172,1.397052,IRL,DEU,5541
107,61,949,1992,0,405047,-1.195108,-1.135155,IRN,DEU,5541
109,61,949,1992,0,47368,-0.076691,-0.630567,ISL,DEU,5541
110,61,949,1992,516588,569747,1.354362,1.3260530000000001,ISR,DEU,5541
111,61,949,1992,8928571,12649659,1.7819,0.981246,ITA,DEU,5541
112,61,949,1992,0,15608,-0.200329,-0.595741,JAM,DEU,5541
113,61,949,1992,0,90716,0.716964,0.5323760000000001,JOR,DEU,5541
114,61,949,1992,169332,1088446,2.451698,0.875639,JPN,DEU,5541
121,61,949,1992,40781,381738,0.778066,1.3011139999999999,KOR,DEU,5541
122,61,949,1992,0,595143,-1.2360950000000002,-1.061771,KWT,DEU,5541
124,61,949,1992,3699,778316,0.186135,0.800906,LBN,DEU,5541
125,61,949,1992,0,1000,-0.790557,-0.9978870000000001,LBR,DEU,5541
126,61,949,1992,0,4083,-0.333309,-0.981883,LBY,DEU,5541
128,61,949,1992,5743,929,-0.45780600000000005,-0.221948,LKA,DEU,5541
130,61,949,1992,0,46218,0.7271810000000001,0.482357,LTU,DEU,5541
132,61,949,1992,0,25262,0.184303,0.022494999999999998,LVA,DEU,5541
133,61,949,1992,0,43484,0.249034,-0.026864,MAC,DEU,5541
134,61,949,1992,0,17878,-0.339711,-0.265987,MAR,DEU,5541
136,61,949,1992,0,1855,-0.977873,-0.743187,MDG,DEU,5541
137,61,949,1992,0,41030,-0.501228,-0.8746290000000001,MDV,DEU,5541
138,61,949,1992,10590,81572,0.9039370000000001,0.965842,MEX,DEU,5541
142,61,949,1992,132368,372713,0.828211,0.29226599999999997,MLT,DEU,5541
148,61,949,1992,0,47169,-1.270091,-1.116622,MRT,DEU,5541
150,61,949,1992,0,10209,0.70167,-0.075327,MTQ,DEU,5541
151,61,949,1992,0,22470,-0.249558,-0.643201,MUS,DEU,5541
153,61,949,1992,18593,617184,0.14268499999999998,0.370079,MYS,DEU,5541
159,61,949,1992,1781,171281,-2.275923,-1.178983,NGA,DEU,5541
160,61,949,1992,0,21955,-0.214083,-0.111615,NIC,DEU,5541
162,61,949,1992,5814212,13299300,1.4315069999999999,1.7107450000000002,NLD,DEU,5541
163,61,949,1992,76975,1825712,0.877965,0.444983,NOR,DEU,5541
164,61,949,1992,0,12827,-0.604018,-0.677756,NPL,DEU,5541
166,61,949,1992,13421,73820,0.41866000000000003,0.580581,NZL,DEU,5541
167,61,949,1992,0,96616,-0.906702,-1.0716709999999998,OMN,DEU,5541
168,61,949,1992,0,2104,-0.480152,-0.361705,PAK,DEU,5541
169,61,949,1992,0,5896,0.289315,0.37247199999999997,PAN,DEU,5541
173,61,949,1992,0,74356,-0.286545,-0.264638,PER,DEU,5541
174,61,949,1992,42790,37880,-0.139761,0.772109,PHL,DEU,5541
177,61,949,1992,429293,4506108,0.581166,2.070795,POL,DEU,5541
178,61,949,1992,0,24389,0.201042,0.477547,PRK,DEU,5541
179,61,949,1992,55594,1216936,0.47505,0.8402860000000001,PRT,DEU,5541
180,61,949,1992,4031,18905,-0.906433,-0.787177,PRY,DEU,5541
182,61,949,1992,0,1000,0.217401,-0.5575180000000001,PYF,DEU,5541
183,61,949,1992,0,19623,-0.491413,-1.004476,QAT,DEU,5541
184,61,949,1992,0,1919,0.251216,-0.448812,REU,DEU,5541
185,61,949,1992,0,129504,0.838817,1.358629,ROU,DEU,5541
186,61,949,1992,0,348434,0.071799,0.14036099999999999,RUS,DEU,5541
187,61,949,1992,0,4004,-0.890012,-0.888402,RWA,DEU,5541
188,61,949,1992,0,1667766,0.416315,-0.7342489999999999,SAU,DEU,5541
189,61,949,1992,1757,1069264,0.9474950000000001,2.442268,SCG,DEU,5541
190,61,949,1992,0,72054,-0.930193,-1.02726,SDN,DEU,5541
192,61,949,1992,13430,514249,0.95691,0.892702,SGP,DEU,5541
196,61,949,1992,0,1023,-0.877425,-0.798561,SLE,DEU,5541
197,61,949,1992,4112,16355,0.396523,0.47548900000000005,SLV,DEU,5541
207,61,949,1992,998,78886,1.3270629999999999,1.605534,SVN,DEU,5541
208,61,949,1992,305706,3253096,2.2265900000000003,0.999178,SWE,DEU,5541
211,61,949,1992,0,29900,0.05767100000000001,-0.6613020000000001,SYC,DEU,5541
212,61,949,1992,0,14133,-0.566724,-0.602446,SYR,DEU,5541
215,61,949,1992,0,46013,-1.199292,-1.082889,TGO,DEU,5541
216,61,949,1992,3264,45678,0.109518,1.486578,THA,DEU,5541
222,61,949,1992,0,18311,0.43506000000000006,-0.43233599999999994,TTO,DEU,5541
223,61,949,1992,0,1970,0.14482,-0.13608,TUN,DEU,5541
224,61,949,1992,73034,496627,0.160966,1.154796,TUR,DEU,5541
226,61,949,1992,0,6046,-1.139271,-0.8235379999999999,TZA,DEU,5541
227,61,949,1992,0,27050,-1.264399,-1.0359450000000001,UGA,DEU,5541
228,61,949,1992,0,54789,0.375148,0.23747,UKR,DEU,5541
230,61,949,1992,0,54241,0.242758,0.711781,URY,DEU,5541
231,61,949,1992,4144442,4037578,1.660693,1.289752,USA,DEU,5541
236,61,949,1992,0,12108,-0.106385,-0.65975,VEN,DEU,5541
246,61,949,1992,6737,257007,0.236335,1.415622,ZAF,DEU,5541
248,61,949,1992,0,3037,-0.11168099999999999,0.143612,ZWE,DEU,5541
249,61,949,1992,16607,518394,1.3694790000000001,1.6227559999999999,TWN,DEU,5541
250,61,949,1992,0,26404,0.989994,0.977453,ANS,DEU,5541
4,64,949,1992,0,3497,-0.24194200000000002,-0.395524,ALB,DNK,5541
6,64,949,1992,0,3757,0.258484,-0.47236000000000006,ANT,DNK,5541
14,64,949,1992,10697,17051,0.083812,0.637224,AUS,DNK,5541
15,64,949,1992,7446,56150,1.975207,0.669388,AUT,DNK,5541
18,64,949,1992,117617,122178,1.449085,1.622957,BEL,DNK,5541
39,64,949,1992,12103,14737,0.74703,1.096791,CAN,DNK,5541
41,64,949,1992,15069,32079,2.24952,1.014945,CHE,DNK,5541
42,64,949,1992,0,1008,-0.188106,-0.360151,CHL,DNK,5541
43,64,949,1992,63539,5246,0.269411,1.920075,CHN,DNK,5541
53,64,949,1992,0,49679,1.116966,2.225331,CSK,DNK,5541
58,64,949,1992,0,3321,0.471516,0.668776,CYP,DNK,5541
61,64,949,1992,2409057,675259,2.2968349999999997,-2.581569,DEU,DNK,5541
68,64,949,1992,0,15862,-0.102143,-0.17513499999999999,EGY,DNK,5541
71,64,949,1992,1293641,23334,1.301511,1.730441,ESP,DNK,5541
74,64,949,1992,238972,540266,1.929661,1.3477,FIN,DNK,5541
77,64,949,1992,811136,25901,1.682766,1.2713430000000001,FRA,DNK,5541
78,64,949,1992,2187,175640,-0.51381,-0.8512059999999999,FRO,DNK,5541
81,64,949,1992,10348882,397528,1.8901810000000001,0.9274030000000001,GBR,DNK,5541
83,64,949,1992,0,3061,-0.936314,-0.935839,GHA,DNK,5541
90,64,949,1992,0,3184,0.139504,0.743678,GRC,DNK,5541
92,64,949,1992,0,433777,-0.692587,-0.859656,GRL,DNK,5541
97,64,949,1992,125655,0,0.754112,1.911201,HKG,DNK,5541
100,64,949,1992,0,5160,0.877872,1.726188,HRV,DNK,5541
102,64,949,1992,0,133802,0.9144620000000001,2.157041,HUN,DNK,5541
103,64,949,1992,3061,0,-0.5250670000000001,0.717568,IDN,DNK,5541
106,64,949,1992,118303,50452,1.454172,1.397052,IRL,DNK,5541
109,64,949,1992,0,164471,-0.076691,-0.630567,ISL,DNK,5541
110,64,949,1992,54613,0,1.354362,1.3260530000000001,ISR,DNK,5541
111,64,949,1992,208629,7707,1.7819,0.981246,ITA,DNK,5541
113,64,949,1992,0,4682,0.716964,0.5323760000000001,JOR,DNK,5541
114,64,949,1992,0,9669,2.451698,0.875639,JPN,DNK,5541
116,64,949,1992,0,7379,-0.31818,-0.096856,KEN,DNK,5541
121,64,949,1992,1134,0,0.778066,1.3011139999999999,KOR,DNK,5541
130,64,949,1992,0,3364,0.7271810000000001,0.482357,LTU,DNK,5541
138,64,949,1992,0,5136,0.9039370000000001,0.965842,MEX,DNK,5541
142,64,949,1992,0,3400,0.828211,0.29226599999999997,MLT,DNK,5541
162,64,949,1992,1742304,223075,1.4315069999999999,1.7107450000000002,NLD,DNK,5541
163,64,949,1992,131685,808232,0.877965,0.444983,NOR,DNK,5541
177,64,949,1992,43443,585034,0.581166,2.070795,POL,DNK,5541
179,64,949,1992,0,39790,0.47505,0.8402860000000001,PRT,DNK,5541
185,64,949,1992,0,2012,0.838817,1.358629,ROU,DNK,5541
186,64,949,1992,0,48344,0.071799,0.14036099999999999,RUS,DNK,5541
188,64,949,1992,0,29601,0.416315,-0.7342489999999999,SAU,DNK,5541
189,64,949,1992,0,10182,0.9474950000000001,2.442268,SCG,DNK,5541
192,64,949,1992,0,9078,0.95691,0.892702,SGP,DNK,5541
207,64,949,1992,0,6482,1.3270629999999999,1.605534,SVN,DNK,5541
208,64,949,1992,3746520,2201773,2.2265900000000003,0.999178,SWE,DNK,5541
215,64,949,1992,0,1325,-1.199292,-1.082889,TGO,DNK,5541
216,64,949,1992,11131,0,0.109518,1.486578,THA,DNK,5541
228,64,949,1992,0,6512,0.375148,0.23747,UKR,DNK,5541
231,64,949,1992,214362,30411,1.660693,1.289752,USA,DNK,5541
246,64,949,1992,22999,0,0.236335,1.415622,ZAF,DNK,5541
248,64,949,1992,0,1089,-0.11168099999999999,0.143612,ZWE,DNK,5541
249,64,949,1992,4564,0,1.3694790000000001,1.6227559999999999,TWN,DNK,5541
33,65,949,1992,0,19213,0.9121950000000001,0.413592,BRB,DOM,5541
49,65,949,1992,1145,0,0.022895,0.22971799999999998,COL,DOM,5541
71,65,949,1992,63351,0,1.301511,1.730441,ESP,DOM,5541
81,65,949,1992,2763,0,1.8901810000000001,0.9274030000000001,GBR,DOM,5541
86,65,949,1992,0,6859,0.68221,-0.319682,GLP,DOM,5541
96,65,949,1992,0,19863,-0.6447689999999999,-0.808177,GUY,DOM,5541
112,65,949,1992,0,76019,-0.200329,-0.595741,JAM,DOM,5541
138,65,949,1992,1000,0,0.9039370000000001,0.965842,MEX,DOM,5541
213,65,949,1992,0,1000,-0.215169,-0.713385,TCA,DOM,5541
231,65,949,1992,435843,155575,1.660693,1.289752,USA,DOM,5541
249,65,949,1992,4000,0,1.3694790000000001,1.6227559999999999,TWN,DOM,5541
2,71,949,1992,0,600364,-1.90642,-1.061544,AGO,ESP,5541
5,71,949,1992,0,466242,1.4058959999999998,0.830189,AND,ESP,5541
6,71,949,1992,0,44075,0.258484,-0.47236000000000006,ANT,ESP,5541
7,71,949,1992,0,41923,-0.495518,-0.963358,ARE,ESP,5541
8,71,949,1992,0,343249,0.043179,0.553408,ARG,ESP,5541
14,71,949,1992,6169,64009,0.083812,0.637224,AUS,ESP,5541
15,71,949,1992,21483,23458,1.975207,0.669388,AUT,ESP,5541
18,71,949,1992,307690,905594,1.449085,1.622957,BEL,ESP,5541
19,71,949,1992,0,165504,-1.206267,-0.855159,BEN,ESP,5541
23,71,949,1992,0,12472,0.503161,1.871616,BGR,ESP,5541
24,71,949,1992,0,11197,0.047396,-0.554517,BHR,ESP,5541
25,71,949,1992,0,58543,0.181088,-0.591638,BHS,ESP,5541
28,71,949,1992,81295,0,0.6011380000000001,0.450072,BLR,ESP,5541
31,71,949,1992,0,8291,-0.609826,-0.693473,BOL,ESP,5541
32,71,949,1992,0,1895,0.685144,1.5676709999999998,BRA,ESP,5541
39,71,949,1992,20111,211684,0.74703,1.096791,CAN,ESP,5541
41,71,949,1992,145852,185661,2.24952,1.014945,CHE,ESP,5541
42,71,949,1992,0,92823,-0.188106,-0.360151,CHL,ESP,5541
43,71,949,1992,142259,0,0.269411,1.920075,CHN,ESP,5541
46,71,949,1992,0,703184,-1.55348,-1.100071,COD,ESP,5541
53,71,949,1992,0,17386,1.116966,2.225331,CSK,ESP,5541
54,71,949,1992,0,497547,-0.719011,-1.077984,CUB,ESP,5541
58,71,949,1992,0,4093,0.471516,0.668776,CYP,ESP,5541
61,71,949,1992,4147914,623685,2.2968349999999997,-2.581569,DEU,ESP,5541
64,71,949,1992,23334,1293641,1.696464,1.365743,DNK,ESP,5541
65,71,949,1992,0,63351,-0.338979,-0.5049279999999999,DOM,ESP,5541
66,71,949,1992,0,90525,-0.24189699999999997,-0.9399219999999999,DZA,ESP,5541
74,71,949,1992,0,14576,1.929661,1.3477,FIN,ESP,5541
77,71,949,1992,3736406,3570498,1.682766,1.2713430000000001,FRA,ESP,5541
80,71,949,1992,0,91727,-1.683572,-1.0855620000000001,GAB,ESP,5541
81,71,949,1992,7294194,316467,1.8901810000000001,0.9274030000000001,GBR,ESP,5541
83,71,949,1992,0,1021,-0.936314,-0.935839,GHA,ESP,5541
84,71,949,1992,0,40981,1.356823,0.656416,GIB,ESP,5541
89,71,949,1992,0,60891,-2.3828419999999997,-0.898589,GNQ,ESP,5541
90,71,949,1992,3761,449994,0.139504,0.743678,GRC,ESP,5541
93,71,949,1992,0,7231,-0.031145999999999997,0.48874300000000004,GTM,ESP,5541
97,71,949,1992,496020,41725,0.754112,1.911201,HKG,ESP,5541
99,71,949,1992,0,14698,-0.5100640000000001,-0.38205900000000004,HND,ESP,5541
102,71,949,1992,0,2938,0.9144620000000001,2.157041,HUN,ESP,5541
103,71,949,1992,95470,0,-0.5250670000000001,0.717568,IDN,ESP,5541
106,71,949,1992,622814,2949,1.454172,1.397052,IRL,ESP,5541
110,71,949,1992,1209636,163752,1.354362,1.3260530000000001,ISR,ESP,5541
111,71,949,1992,4274411,1548824,1.7819,0.981246,ITA,ESP,5541
112,71,949,1992,1014,0,-0.200329,-0.595741,JAM,ESP,5541
113,71,949,1992,0,20677,0.716964,0.5323760000000001,JOR,ESP,5541
114,71,949,1992,63420,51570,2.451698,0.875639,JPN,ESP,5541
121,71,949,1992,3684,0,0.778066,1.3011139999999999,KOR,ESP,5541
122,71,949,1992,0,37585,-1.2360950000000002,-1.061771,KWT,ESP,5541
124,71,949,1992,0,16911,0.186135,0.800906,LBN,ESP,5541
126,71,949,1992,0,54580,-0.333309,-0.981883,LBY,ESP,5541
132,71,949,1992,0,2503,0.184303,0.022494999999999998,LVA,ESP,5541
133,71,949,1992,0,4486,0.249034,-0.026864,MAC,ESP,5541
134,71,949,1992,0,238805,-0.339711,-0.265987,MAR,ESP,5541
138,71,949,1992,20558,167556,0.9039370000000001,0.965842,MEX,ESP,5541
142,71,949,1992,0,18154,0.828211,0.29226599999999997,MLT,ESP,5541
147,71,949,1992,0,2259,-0.119653,-0.28381100000000004,MOZ,ESP,5541
148,71,949,1992,0,212757,-1.270091,-1.116622,MRT,ESP,5541
153,71,949,1992,0,935,0.14268499999999998,0.370079,MYS,ESP,5541
159,71,949,1992,0,596673,-2.275923,-1.178983,NGA,ESP,5541
160,71,949,1992,0,1279,-0.214083,-0.111615,NIC,ESP,5541
162,71,949,1992,830943,3579770,1.4315069999999999,1.7107450000000002,NLD,ESP,5541
163,71,949,1992,43252,19811,0.877965,0.444983,NOR,ESP,5541
166,71,949,1992,0,3446,0.41866000000000003,0.580581,NZL,ESP,5541
167,71,949,1992,0,2603,-0.906702,-1.0716709999999998,OMN,ESP,5541
169,71,949,1992,0,49902,0.289315,0.37247199999999997,PAN,ESP,5541
173,71,949,1992,1153,64331,-0.286545,-0.264638,PER,ESP,5541
174,71,949,1992,0,6345,-0.139761,0.772109,PHL,ESP,5541
177,71,949,1992,0,41670,0.581166,2.070795,POL,ESP,5541
179,71,949,1992,652261,5554409,0.47505,0.8402860000000001,PRT,ESP,5541
180,71,949,1992,0,4332,-0.906433,-0.787177,PRY,ESP,5541
183,71,949,1992,0,51964,-0.491413,-1.004476,QAT,ESP,5541
185,71,949,1992,0,3393,0.838817,1.358629,ROU,ESP,5541
186,71,949,1992,0,64763,0.071799,0.14036099999999999,RUS,ESP,5541
188,71,949,1992,0,328228,0.416315,-0.7342489999999999,SAU,ESP,5541
189,71,949,1992,0,33745,0.9474950000000001,2.442268,SCG,ESP,5541
191,71,949,1992,0,7413,-0.43371800000000005,-0.679547,SEN,ESP,5541
192,71,949,1992,0,9607,0.95691,0.892702,SGP,ESP,5541
197,71,949,1992,0,12233,0.396523,0.47548900000000005,SLV,ESP,5541
207,71,949,1992,0,13662,1.3270629999999999,1.605534,SVN,ESP,5541
208,71,949,1992,4142,169003,2.2265900000000003,0.999178,SWE,ESP,5541
224,71,949,1992,24431,9577,0.160966,1.154796,TUR,ESP,5541
228,71,949,1992,0,12978,0.375148,0.23747,UKR,ESP,5541
230,71,949,1992,0,89431,0.242758,0.711781,URY,ESP,5541
231,71,949,1992,933752,1268843,1.660693,1.289752,USA,ESP,5541
236,71,949,1992,5149,5740,-0.106385,-0.65975,VEN,ESP,5541
246,71,949,1992,0,5286,0.236335,1.415622,ZAF,ESP,5541
249,71,949,1992,4444,492665,1.3694790000000001,1.6227559999999999,TWN,ESP,5541
250,71,949,1992,4064,40936,0.989994,0.977453,ANS,ESP,5541
15,74,949,1992,3844,13575,1.975207,0.669388,AUT,FIN,5541
18,74,949,1992,169749,5399,1.449085,1.622957,BEL,FIN,5541
39,74,949,1992,0,1649,0.74703,1.096791,CAN,FIN,5541
41,74,949,1992,13414,0,2.24952,1.014945,CHE,FIN,5541
42,74,949,1992,0,113362,-0.188106,-0.360151,CHL,FIN,5541
43,74,949,1992,9337,0,0.269411,1.920075,CHN,FIN,5541
61,74,949,1992,795336,25482,2.2968349999999997,-2.581569,DEU,FIN,5541
64,74,949,1992,540266,238972,1.696464,1.365743,DNK,FIN,5541
71,74,949,1992,14576,0,1.301511,1.730441,ESP,FIN,5541
77,74,949,1992,457127,1680,1.682766,1.2713430000000001,FRA,FIN,5541
78,74,949,1992,0,492,-0.51381,-0.8512059999999999,FRO,FIN,5541
81,74,949,1992,1221606,43676,1.8901810000000001,0.9274030000000001,GBR,FIN,5541
97,74,949,1992,57741,0,0.754112,1.911201,HKG,FIN,5541
100,74,949,1992,0,1235,0.877872,1.726188,HRV,FIN,5541
102,74,949,1992,0,6397,0.9144620000000001,2.157041,HUN,FIN,5541
104,74,949,1992,4955,0,0.101094,1.6851180000000001,IND,FIN,5541
106,74,949,1992,14071,0,1.454172,1.397052,IRL,FIN,5541
109,74,949,1992,0,1870,-0.076691,-0.630567,ISL,FIN,5541
110,74,949,1992,1646,0,1.354362,1.3260530000000001,ISR,FIN,5541
111,74,949,1992,13377,0,1.7819,0.981246,ITA,FIN,5541
113,74,949,1992,0,4059,0.716964,0.5323760000000001,JOR,FIN,5541
114,74,949,1992,4459,0,2.451698,0.875639,JPN,FIN,5541
121,74,949,1992,15374,0,0.778066,1.3011139999999999,KOR,FIN,5541
132,74,949,1992,0,4855,0.184303,0.022494999999999998,LVA,FIN,5541
138,74,949,1992,85684,0,0.9039370000000001,0.965842,MEX,FIN,5541
147,74,949,1992,0,137314,-0.119653,-0.28381100000000004,MOZ,FIN,5541
162,74,949,1992,336213,2021,1.4315069999999999,1.7107450000000002,NLD,FIN,5541
163,74,949,1992,64818,21252,0.877965,0.444983,NOR,FIN,5541
177,74,949,1992,0,2899,0.581166,2.070795,POL,FIN,5541
186,74,949,1992,0,98117,0.071799,0.14036099999999999,RUS,FIN,5541
189,74,949,1992,0,72662,0.9474950000000001,2.442268,SCG,FIN,5541
192,74,949,1992,21975,0,0.95691,0.892702,SGP,FIN,5541
208,74,949,1992,2653975,253185,2.2265900000000003,0.999178,SWE,FIN,5541
216,74,949,1992,262362,0,0.109518,1.486578,THA,FIN,5541
224,74,949,1992,29747,0,0.160966,1.154796,TUR,FIN,5541
231,74,949,1992,58071,7294,1.660693,1.289752,USA,FIN,5541
250,74,949,1992,1465,1175,0.989994,0.977453,ANS,FIN,5541
0,77,949,1992,0,6993,-0.260923,-0.700814,ABW,FRA,5541
1,77,949,1992,25730,408721,-0.347989,-0.539361,AFG,FRA,5541
2,77,949,1992,0,268271,-1.90642,-1.061544,AGO,FRA,5541
3,77,949,1992,0,3968,0.6821659999999999,-0.306197,AIA,FRA,5541
5,77,949,1992,0,60320,1.4058959999999998,0.830189,AND,FRA,5541
6,77,949,1992,0,15080,0.258484,-0.47236000000000006,ANT,FRA,5541
7,77,949,1992,0,648953,-0.495518,-0.963358,ARE,FRA,5541
8,77,949,1992,0,164418,0.043179,0.553408,ARG,FRA,5541
14,77,949,1992,24123,476704,0.083812,0.637224,AUS,FRA,5541
15,77,949,1992,15594,1475662,1.975207,0.669388,AUT,FRA,5541
16,77,949,1992,0,9259,0.068107,-0.730703,AZE,FRA,5541
18,77,949,1992,8187242,6954671,1.449085,1.622957,BEL,FRA,5541
19,77,949,1992,0,387345,-1.206267,-0.855159,BEN,FRA,5541
21,77,949,1992,34957,239481,-1.176898,-1.092949,BFA,FRA,5541
23,77,949,1992,0,105487,0.503161,1.871616,BGR,FRA,5541
24,77,949,1992,0,53136,0.047396,-0.554517,BHR,FRA,5541
25,77,949,1992,0,45158,0.181088,-0.591638,BHS,FRA,5541
26,77,949,1992,0,105734,0.76031,1.212207,BIH,FRA,5541
30,77,949,1992,0,2645,0.302027,-0.450866,BMU,FRA,5541
31,77,949,1992,0,934,-0.609826,-0.693473,BOL,FRA,5541
32,77,949,1992,0,2381,0.685144,1.5676709999999998,BRA,FRA,5541
33,77,949,1992,958,958,0.9121950000000001,0.413592,BRB,FRA,5541
34,77,949,1992,0,23622,-1.142722,-0.818717,BRN,FRA,5541
38,77,949,1992,0,96758,-1.324814,-0.968041,CAF,FRA,5541
39,77,949,1992,105819,969605,0.74703,1.096791,CAN,FRA,5541
40,77,949,1992,0,1889,1.2318440000000002,0.13000799999999998,CCK,FRA,5541
41,77,949,1992,1436553,2950864,2.24952,1.014945,CHE,FRA,5541
42,77,949,1992,0,159386,-0.188106,-0.360151,CHL,FRA,5541
43,77,949,1992,97309,2015952,0.269411,1.920075,CHN,FRA,5541
44,77,949,1992,0,622554,-1.689731,-1.070179,CIV,FRA,5541
45,77,949,1992,0,533658,-2.0470759999999997,-1.184491,CMR,FRA,5541
46,77,949,1992,0,1724,-1.55348,-1.100071,COD,FRA,5541
47,77,949,1992,0,595461,-2.019876,-1.1048360000000002,COG,FRA,5541
50,77,949,1992,0,1022830,-0.5867220000000001,-0.8257620000000001,COM,FRA,5541
51,77,949,1992,0,2836,0.314087,-0.48178699999999997,CPV,FRA,5541
52,77,949,1992,0,1058,0.11654,0.191873,CRI,FRA,5541
53,77,949,1992,765453,1564069,1.116966,2.225331,CSK,FRA,5541
54,77,949,1992,0,7137,-0.719011,-1.077984,CUB,FRA,5541
58,77,949,1992,0,518465,0.471516,0.668776,CYP,FRA,5541
61,77,949,1992,11103582,11548046,2.2968349999999997,-2.581569,DEU,FRA,5541
62,77,949,1992,0,286955,0.708593,1.196323,DJI,FRA,5541
64,77,949,1992,25901,811136,1.696464,1.365743,DNK,FRA,5541
66,77,949,1992,0,807657,-0.24189699999999997,-0.9399219999999999,DZA,FRA,5541
67,77,949,1992,0,3458,-0.815778,-0.9415459999999999,ECU,FRA,5541
68,77,949,1992,6068,287420,-0.102143,-0.17513499999999999,EGY,FRA,5541
71,77,949,1992,3570498,3736406,1.301511,1.730441,ESP,FRA,5541
72,77,949,1992,0,17588,0.22019699999999998,0.0198,EST,FRA,5541
73,77,949,1992,0,10011,-1.036482,-1.078446,ETH,FRA,5541
74,77,949,1992,1680,457127,1.929661,1.3477,FIN,FRA,5541
75,77,949,1992,0,3169,-0.573887,-0.6382680000000001,FJI,FRA,5541
80,77,949,1992,0,707180,-1.683572,-1.0855620000000001,GAB,FRA,5541
81,77,949,1992,18568408,28318446,1.8901810000000001,0.9274030000000001,GBR,FRA,5541
83,77,949,1992,0,436853,-0.936314,-0.935839,GHA,FRA,5541
84,77,949,1992,0,36265,1.356823,0.656416,GIB,FRA,5541
85,77,949,1992,0,148346,-1.11535,-1.0306,GIN,FRA,5541
86,77,949,1992,1898,1719882,0.68221,-0.319682,GLP,FRA,5541
87,77,949,1992,0,250580,-1.4704190000000001,-0.940117,GMB,FRA,5541
90,77,949,1992,540394,1241737,0.139504,0.743678,GRC,FRA,5541
92,77,949,1992,0,3847,-0.692587,-0.859656,GRL,FRA,5541
93,77,949,1992,0,23379,-0.031145999999999997,0.48874300000000004,GTM,FRA,5541
94,77,949,1992,0,819986,0.9797959999999999,0.125384,GUF,FRA,5541
97,77,949,1992,69423,4334468,0.754112,1.911201,HKG,FRA,5541
99,77,949,1992,0,1438,-0.5100640000000001,-0.38205900000000004,HND,FRA,5541
100,77,949,1992,0,290822,0.877872,1.726188,HRV,FRA,5541
101,77,949,1992,0,6236,-0.005733,-0.191027,HTI,FRA,5541
102,77,949,1992,10374,1095711,0.9144620000000001,2.157041,HUN,FRA,5541
103,77,949,1992,81430,19599,-0.5250670000000001,0.717568,IDN,FRA,5541
104,77,949,1992,2629,4200,0.101094,1.6851180000000001,IND,FRA,5541
106,77,949,1992,782202,203378,1.454172,1.397052,IRL,FRA,5541
107,77,949,1992,0,569662,-1.195108,-1.135155,IRN,FRA,5541
109,77,949,1992,0,25598,-0.076691,-0.630567,ISL,FRA,5541
110,77,949,1992,181936,513041,1.354362,1.3260530000000001,ISR,FRA,5541
111,77,949,1992,6612856,16873350,1.7819,0.981246,ITA,FRA,5541
112,77,949,1992,0,1251,-0.200329,-0.595741,JAM,FRA,5541
113,77,949,1992,0,19665,0.716964,0.5323760000000001,JOR,FRA,5541
114,77,949,1992,248773,3078282,2.451698,0.875639,JPN,FRA,5541
116,77,949,1992,7926,1681,-0.31818,-0.096856,KEN,FRA,5541
120,77,949,1992,0,3212,0.542355,-0.37078,KNA,FRA,5541
121,77,949,1992,54343,433519,0.778066,1.3011139999999999,KOR,FRA,5541
122,77,949,1992,0,333872,-1.2360950000000002,-1.061771,KWT,FRA,5541
124,77,949,1992,1382,1691528,0.186135,0.800906,LBN,FRA,5541
125,77,949,1992,0,15001,-0.790557,-0.9978870000000001,LBR,FRA,5541
126,77,949,1992,0,2826844,-0.333309,-0.981883,LBY,FRA,5541
127,77,949,1992,0,1740,0.199639,-0.28238,LCA,FRA,5541
128,77,949,1992,1811,0,-0.45780600000000005,-0.221948,LKA,FRA,5541
130,77,949,1992,0,8200,0.7271810000000001,0.482357,LTU,FRA,5541
133,77,949,1992,0,146000,0.249034,-0.026864,MAC,FRA,5541
134,77,949,1992,0,488546,-0.339711,-0.265987,MAR,FRA,5541
136,77,949,1992,0,95423,-0.977873,-0.743187,MDG,FRA,5541
138,77,949,1992,28642,141148,0.9039370000000001,0.965842,MEX,FRA,5541
141,77,949,1992,0,479074,-0.9495790000000001,-1.028165,MLI,FRA,5541
142,77,949,1992,0,136080,0.828211,0.29226599999999997,MLT,FRA,5541
148,77,949,1992,0,89760,-1.270091,-1.116622,MRT,FRA,5541
150,77,949,1992,4214,2216515,0.70167,-0.075327,MTQ,FRA,5541
151,77,949,1992,4527,215394,-0.249558,-0.643201,MUS,FRA,5541
153,77,949,1992,1758,635179,0.14268499999999998,0.370079,MYS,FRA,5541
156,77,949,1992,0,852355,-1.284672,-0.9233870000000001,NCL,FRA,5541
157,77,949,1992,0,22009,0.056698,-0.6624770000000001,NER,FRA,5541
159,77,949,1992,0,3179855,-2.275923,-1.178983,NGA,FRA,5541
162,77,949,1992,23038616,2846930,1.4315069999999999,1.7107450000000002,NLD,FRA,5541
163,77,949,1992,478010,336356,0.877965,0.444983,NOR,FRA,5541
164,77,949,1992,0,115819,-0.604018,-0.677756,NPL,FRA,5541
166,77,949,1992,5929,92086,0.41866000000000003,0.580581,NZL,FRA,5541
167,77,949,1992,0,69437,-0.906702,-1.0716709999999998,OMN,FRA,5541
169,77,949,1992,0,155451,0.289315,0.37247199999999997,PAN,FRA,5541
173,77,949,1992,0,1346,-0.286545,-0.264638,PER,FRA,5541
174,77,949,1992,0,27957,-0.139761,0.772109,PHL,FRA,5541
177,77,949,1992,21564,1214245,0.581166,2.070795,POL,FRA,5541
179,77,949,1992,119035,786359,0.47505,0.8402860000000001,PRT,FRA,5541
180,77,949,1992,0,74293,-0.906433,-0.787177,PRY,FRA,5541
182,77,949,1992,9566,1091811,0.217401,-0.5575180000000001,PYF,FRA,5541
183,77,949,1992,0,67878,-0.491413,-1.004476,QAT,FRA,5541
184,77,949,1992,0,3044843,0.251216,-0.448812,REU,FRA,5541
185,77,949,1992,0,6022,0.838817,1.358629,ROU,FRA,5541
186,77,949,1992,0,785974,0.071799,0.14036099999999999,RUS,FRA,5541
188,77,949,1992,0,5709893,0.416315,-0.7342489999999999,SAU,FRA,5541
189,77,949,1992,0,255254,0.9474950000000001,2.442268,SCG,FRA,5541
190,77,949,1992,0,37927,-0.930193,-1.02726,SDN,FRA,5541
191,77,949,1992,0,339279,-0.43371800000000005,-0.679547,SEN,FRA,5541
192,77,949,1992,0,2006037,0.95691,0.892702,SGP,FRA,5541
196,77,949,1992,0,12292,-0.877425,-0.798561,SLE,FRA,5541
200,77,949,1992,0,8887,-0.49168900000000004,-0.812567,SPM,FRA,5541
207,77,949,1992,0,37952,1.3270629999999999,1.605534,SVN,FRA,5541
208,77,949,1992,2818388,1545906,2.2265900000000003,0.999178,SWE,FRA,5541
211,77,949,1992,0,4251,0.05767100000000001,-0.6613020000000001,SYC,FRA,5541
212,77,949,1992,1108,0,-0.566724,-0.602446,SYR,FRA,5541
214,77,949,1992,0,3218,-1.2855530000000002,-0.869568,TCD,FRA,5541
215,77,949,1992,0,824892,-1.199292,-1.082889,TGO,FRA,5541
216,77,949,1992,2023,145604,0.109518,1.486578,THA,FRA,5541
223,77,949,1992,2320,182601,0.14482,-0.13608,TUN,FRA,5541
224,77,949,1992,501083,98225,0.160966,1.154796,TUR,FRA,5541
230,77,949,1992,0,26876,0.242758,0.711781,URY,FRA,5541
231,77,949,1992,3268321,6015000,1.660693,1.289752,USA,FRA,5541
236,77,949,1992,0,24165,-0.106385,-0.65975,VEN,FRA,5541
239,77,949,1992,0,1701,-0.989259,-0.43416099999999996,VNM,FRA,5541
240,77,949,1992,0,2456,-1.226071,-0.93215,VUT,FRA,5541
241,77,949,1992,0,26453,1.005492,-0.5631550000000001,WLF,FRA,5541
246,77,949,1992,924,194103,0.236335,1.415622,ZAF,FRA,5541
248,77,949,1992,0,1542,-0.11168099999999999,0.143612,ZWE,FRA,5541
249,77,949,1992,4427,1276414,1.3694790000000001,1.6227559999999999,TWN,FRA,5541
250,77,949,1992,656183,75942,0.989994,0.977453,ANS,FRA,5541
0,81,949,1992,0,8819,-0.260923,-0.700814,ABW,GBR,5541
1,81,949,1992,0,1095689,-0.347989,-0.539361,AFG,GBR,5541
2,81,949,1992,0,721560,-1.90642,-1.061544,AGO,GBR,5541
3,81,949,1992,0,6120,0.6821659999999999,-0.306197,AIA,GBR,5541
6,81,949,1992,0,45415,0.258484,-0.47236000000000006,ANT,GBR,5541
7,81,949,1992,85226,7356880,-0.495518,-0.963358,ARE,GBR,5541
8,81,949,1992,0,56228,0.043179,0.553408,ARG,GBR,5541
13,81,949,1992,0,36606,0.561238,-0.164287,ATG,GBR,5541
14,81,949,1992,28492,2233778,0.083812,0.637224,AUS,GBR,5541
15,81,949,1992,76758,1794972,1.975207,0.669388,AUT,GBR,5541
17,81,949,1992,0,6509,-1.222854,-0.927959,BDI,GBR,5541
18,81,949,1992,2538565,6398760,1.449085,1.622957,BEL,GBR,5541
19,81,949,1992,0,22635,-1.206267,-0.855159,BEN,GBR,5541
22,81,949,1992,0,2335,-0.608254,-0.921751,BGD,GBR,5541
23,81,949,1992,0,93542,0.503161,1.871616,BGR,GBR,5541
24,81,949,1992,0,1453353,0.047396,-0.554517,BHR,GBR,5541
25,81,949,1992,0,258593,0.181088,-0.591638,BHS,GBR,5541
29,81,949,1992,0,8531,-0.06729700000000001,-0.386682,BLZ,GBR,5541
30,81,949,1992,0,122649,0.302027,-0.450866,BMU,GBR,5541
31,81,949,1992,0,3593,-0.609826,-0.693473,BOL,GBR,5541
32,81,949,1992,46303,72006,0.685144,1.5676709999999998,BRA,GBR,5541
33,81,949,1992,0,51109,0.9121950000000001,0.413592,BRB,GBR,5541
34,81,949,1992,0,2255,-1.142722,-0.818717,BRN,GBR,5541
39,81,949,1992,138863,6754534,0.74703,1.096791,CAN,GBR,5541
40,81,949,1992,0,59686,1.2318440000000002,0.13000799999999998,CCK,GBR,5541
41,81,949,1992,848560,787670,2.24952,1.014945,CHE,GBR,5541
42,81,949,1992,0,108361,-0.188106,-0.360151,CHL,GBR,5541
43,81,949,1992,155076,113318,0.269411,1.920075,CHN,GBR,5541
44,81,949,1992,0,270829,-1.689731,-1.070179,CIV,GBR,5541
46,81,949,1992,0,172716,-1.55348,-1.100071,COD,GBR,5541
47,81,949,1992,0,170394,-2.019876,-1.1048360000000002,COG,GBR,5541
49,81,949,1992,0,23301,0.022895,0.22971799999999998,COL,GBR,5541
50,81,949,1992,0,544034,-0.5867220000000001,-0.8257620000000001,COM,GBR,5541
51,81,949,1992,0,83917,0.314087,-0.48178699999999997,CPV,GBR,5541
52,81,949,1992,0,33993,0.11654,0.191873,CRI,GBR,5541
53,81,949,1992,0,888036,1.116966,2.225331,CSK,GBR,5541
54,81,949,1992,0,275906,-0.719011,-1.077984,CUB,GBR,5541
57,81,949,1992,0,1689,-0.10476600000000001,-0.571682,CYM,GBR,5541
58,81,949,1992,51667,988566,0.471516,0.668776,CYP,GBR,5541
61,81,949,1992,13976869,8708023,2.2968349999999997,-2.581569,DEU,GBR,5541
63,81,949,1992,1372,3589,0.9006850000000001,-0.055001999999999995,DMA,GBR,5541
64,81,949,1992,397528,10348882,1.696464,1.365743,DNK,GBR,5541
65,81,949,1992,0,2763,-0.338979,-0.5049279999999999,DOM,GBR,5541
66,81,949,1992,0,192367,-0.24189699999999997,-0.9399219999999999,DZA,GBR,5541
67,81,949,1992,0,205355,-0.815778,-0.9415459999999999,ECU,GBR,5541
68,81,949,1992,30147,846617,-0.102143,-0.17513499999999999,EGY,GBR,5541
71,81,949,1992,316467,7294194,1.301511,1.730441,ESP,GBR,5541
73,81,949,1992,0,59718,-1.036482,-1.078446,ETH,GBR,5541
74,81,949,1992,43676,1221606,1.929661,1.3477,FIN,GBR,5541
75,81,949,1992,3713,1108,-0.573887,-0.6382680000000001,FJI,GBR,5541
76,81,949,1992,0,1247,1.4858149999999999,0.324821,FLK,GBR,5541
77,81,949,1992,28318446,18568408,1.682766,1.2713430000000001,FRA,GBR,5541
78,81,949,1992,0,13900,-0.51381,-0.8512059999999999,FRO,GBR,5541
80,81,949,1992,0,33093,-1.683572,-1.0855620000000001,GAB,GBR,5541
83,81,949,1992,0,644222,-0.936314,-0.935839,GHA,GBR,5541
84,81,949,1992,0,217208,1.356823,0.656416,GIB,GBR,5541
85,81,949,1992,0,63837,-1.11535,-1.0306,GIN,GBR,5541
86,81,949,1992,0,101650,0.68221,-0.319682,GLP,GBR,5541
87,81,949,1992,9593,170192,-1.4704190000000001,-0.940117,GMB,GBR,5541
88,81,949,1992,0,2083,-0.22399299999999997,-0.667562,GNB,GBR,5541
90,81,949,1992,15609,1840780,0.139504,0.743678,GRC,GBR,5541
92,81,949,1992,0,2481,-0.692587,-0.859656,GRL,GBR,5541
93,81,949,1992,88878,6242,-0.031145999999999997,0.48874300000000004,GTM,GBR,5541
94,81,949,1992,0,41752,0.9797959999999999,0.125384,GUF,GBR,5541
96,81,949,1992,0,1885,-0.6447689999999999,-0.808177,GUY,GBR,5541
97,81,949,1992,403391,1064686,0.754112,1.911201,HKG,GBR,5541
99,81,949,1992,0,958,-0.5100640000000001,-0.38205900000000004,HND,GBR,5541
100,81,949,1992,0,51284,0.877872,1.726188,HRV,GBR,5541
101,81,949,1992,0,173239,-0.005733,-0.191027,HTI,GBR,5541
102,81,949,1992,0,422868,0.9144620000000001,2.157041,HUN,GBR,5541
103,81,949,1992,79087,43314,-0.5250670000000001,0.717568,IDN,GBR,5541
104,81,949,1992,131617,55715,0.101094,1.6851180000000001,IND,GBR,5541
106,81,949,1992,5389980,20581020,1.454172,1.397052,IRL,GBR,5541
107,81,949,1992,0,278121,-1.195108,-1.135155,IRN,GBR,5541
108,81,949,1992,0,3240,-1.162989,-0.8323229999999999,IRQ,GBR,5541
109,81,949,1992,0,600330,-0.076691,-0.630567,ISL,GBR,5541
110,81,949,1992,802698,1908444,1.354362,1.3260530000000001,ISR,GBR,5541
111,81,949,1992,2423811,5478682,1.7819,0.981246,ITA,GBR,5541
112,81,949,1992,13320,77246,-0.200329,-0.595741,JAM,GBR,5541
113,81,949,1992,0,206179,0.716964,0.5323760000000001,JOR,GBR,5541
114,81,949,1992,227500,2936192,2.451698,0.875639,JPN,GBR,5541
116,81,949,1992,20214,99446,-0.31818,-0.096856,KEN,GBR,5541
120,81,949,1992,0,18587,0.542355,-0.37078,KNA,GBR,5541
121,81,949,1992,76876,223757,0.778066,1.3011139999999999,KOR,GBR,5541
122,81,949,1992,0,3996097,-1.2360950000000002,-1.061771,KWT,GBR,5541
124,81,949,1992,0,760662,0.186135,0.800906,LBN,GBR,5541
125,81,949,1992,0,141080,-0.790557,-0.9978870000000001,LBR,GBR,5541
126,81,949,1992,0,167327,-0.333309,-0.981883,LBY,GBR,5541
127,81,949,1992,0,19011,0.199639,-0.28238,LCA,GBR,5541
128,81,949,1992,3706,14745,-0.45780600000000005,-0.221948,LKA,GBR,5541
132,81,949,1992,0,26149,0.184303,0.022494999999999998,LVA,GBR,5541
133,81,949,1992,0,3070,0.249034,-0.026864,MAC,GBR,5541
134,81,949,1992,0,92072,-0.339711,-0.265987,MAR,GBR,5541
136,81,949,1992,0,1970,-0.977873,-0.743187,MDG,GBR,5541
137,81,949,1992,0,10601,-0.501228,-0.8746290000000001,MDV,GBR,5541
138,81,949,1992,18790,239411,0.9039370000000001,0.965842,MEX,GBR,5541
141,81,949,1992,0,36844,-0.9495790000000001,-1.028165,MLI,GBR,5541
142,81,949,1992,79001,1084709,0.828211,0.29226599999999997,MLT,GBR,5541
143,81,949,1992,0,3432,-1.030267,-0.770368,MMR,GBR,5541
148,81,949,1992,0,110101,-1.270091,-1.116622,MRT,GBR,5541
149,81,949,1992,0,3596,1.579626,-0.115515,MSR,GBR,5541
150,81,949,1992,0,42091,0.70167,-0.075327,MTQ,GBR,5541
151,81,949,1992,0,85597,-0.249558,-0.643201,MUS,GBR,5541
152,81,949,1992,0,26157,-1.368384,-1.205314,MWI,GBR,5541
153,81,949,1992,47424,252905,0.14268499999999998,0.370079,MYS,GBR,5541
156,81,949,1992,0,4895,-1.284672,-0.9233870000000001,NCL,GBR,5541
157,81,949,1992,0,39499,0.056698,-0.6624770000000001,NER,GBR,5541
159,81,949,1992,1312,5738208,-2.275923,-1.178983,NGA,GBR,5541
160,81,949,1992,0,55116,-0.214083,-0.111615,NIC,GBR,5541
162,81,949,1992,6340070,12800223,1.4315069999999999,1.7107450000000002,NLD,GBR,5541
163,81,949,1992,837427,4339839,0.877965,0.444983,NOR,GBR,5541
164,81,949,1992,0,5333,-0.604018,-0.677756,NPL,GBR,5541
166,81,949,1992,5382,590090,0.41866000000000003,0.580581,NZL,GBR,5541
167,81,949,1992,0,2044018,-0.906702,-1.0716709999999998,OMN,GBR,5541
168,81,949,1992,12064,531403,-0.480152,-0.361705,PAK,GBR,5541
169,81,949,1992,0,141914,0.289315,0.37247199999999997,PAN,GBR,5541
173,81,949,1992,0,7793,-0.286545,-0.264638,PER,GBR,5541
174,81,949,1992,4841,48379,-0.139761,0.772109,PHL,GBR,5541
175,81,949,1992,0,9962,-0.405928,-0.79965,PLW,GBR,5541
177,81,949,1992,13797,2471652,0.581166,2.070795,POL,GBR,5541
179,81,949,1992,100542,3432413,0.47505,0.8402860000000001,PRT,GBR,5541
180,81,949,1992,0,12423,-0.906433,-0.787177,PRY,GBR,5541
183,81,949,1992,0,1725759,-0.491413,-1.004476,QAT,GBR,5541
185,81,949,1992,0,70933,0.838817,1.358629,ROU,GBR,5541
186,81,949,1992,0,1050591,0.071799,0.14036099999999999,RUS,GBR,5541
188,81,949,1992,4059,2028995,0.416315,-0.7342489999999999,SAU,GBR,5541
189,81,949,1992,477934,164537,0.9474950000000001,2.442268,SCG,GBR,5541
190,81,949,1992,0,80325,-0.930193,-1.02726,SDN,GBR,5541
191,81,949,1992,0,62880,-0.43371800000000005,-0.679547,SEN,GBR,5541
192,81,949,1992,67981,1496805,0.95691,0.892702,SGP,GBR,5541
194,81,949,1992,0,12752,0.500765,-0.539151,SHN,GBR,5541
196,81,949,1992,0,84396,-0.877425,-0.798561,SLE,GBR,5541
197,81,949,1992,0,25222,0.396523,0.47548900000000005,SLV,GBR,5541
205,81,949,1992,0,65877,-0.9841209999999999,-0.9359129999999999,SUR,GBR,5541
207,81,949,1992,0,131373,1.3270629999999999,1.605534,SVN,GBR,5541
208,81,949,1992,1167852,9529439,2.2265900000000003,0.999178,SWE,GBR,5541
211,81,949,1992,0,15901,0.05767100000000001,-0.6613020000000001,SYC,GBR,5541
212,81,949,1992,1283,10019,-0.566724,-0.602446,SYR,GBR,5541
215,81,949,1992,0,51837,-1.199292,-1.082889,TGO,GBR,5541
216,81,949,1992,76629,182390,0.109518,1.486578,THA,GBR,5541
222,81,949,1992,0,55591,0.43506000000000006,-0.43233599999999994,TTO,GBR,5541
223,81,949,1992,0,37570,0.14482,-0.13608,TUN,GBR,5541
224,81,949,1992,299778,491844,0.160966,1.154796,TUR,GBR,5541
226,81,949,1992,0,85710,-1.139271,-0.8235379999999999,TZA,GBR,5541
227,81,949,1992,0,45658,-1.264399,-1.0359450000000001,UGA,GBR,5541
230,81,949,1992,0,8427,0.242758,0.711781,URY,GBR,5541
231,81,949,1992,6180840,10787494,1.660693,1.289752,USA,GBR,5541
234,81,949,1992,0,5311,-0.219271,-0.65981,VCT,GBR,5541
236,81,949,1992,0,25441,-0.106385,-0.65975,VEN,GBR,5541
237,81,949,1992,0,22017,0.910816,0.007384999999999999,VGB,GBR,5541
243,81,949,1992,0,3383,-0.7116020000000001,-0.9852489999999999,YEM,GBR,5541
246,81,949,1992,657256,937517,0.236335,1.415622,ZAF,GBR,5541
247,81,949,1992,0,2171,-0.9865219999999999,-1.076062,ZMB,GBR,5541
248,81,949,1992,0,2125,-0.11168099999999999,0.143612,ZWE,GBR,5541
249,81,949,1992,15107,908591,1.3694790000000001,1.6227559999999999,TWN,GBR,5541
250,81,949,1992,0,3357,0.989994,0.977453,ANS,GBR,5541
14,93,949,1992,0,93296,0.083812,0.637224,AUS,GTM,5541
29,93,949,1992,0,7327,-0.06729700000000001,-0.386682,BLZ,GTM,5541
39,93,949,1992,0,797102,0.74703,1.096791,CAN,GTM,5541
52,93,949,1992,58022,801044,0.11654,0.191873,CRI,GTM,5541
61,93,949,1992,51860,0,2.2968349999999997,-2.581569,DEU,GTM,5541
71,93,949,1992,7231,0,1.301511,1.730441,ESP,GTM,5541
77,93,949,1992,23379,0,1.682766,1.2713430000000001,FRA,GTM,5541
81,93,949,1992,6242,88878,1.8901810000000001,0.9274030000000001,GBR,GTM,5541
99,93,949,1992,1512641,365798,-0.5100640000000001,-0.38205900000000004,HND,GTM,5541
121,93,949,1992,7165,0,0.778066,1.3011139999999999,KOR,GTM,5541
138,93,949,1992,421938,17243,0.9039370000000001,0.965842,MEX,GTM,5541
160,93,949,1992,0,2449234,-0.214083,-0.111615,NIC,GTM,5541
169,93,949,1992,21853,2896,0.289315,0.37247199999999997,PAN,GTM,5541
197,93,949,1992,789789,3880216,0.396523,0.47548900000000005,SLV,GTM,5541
231,93,949,1992,131959,560491,1.660693,1.289752,USA,GTM,5541
249,93,949,1992,2035,0,1.3694790000000001,1.6227559999999999,TWN,GTM,5541
0,97,949,1992,0,18483,-0.260923,-0.700814,ABW,HKG,5541
1,97,949,1992,0,304071,-0.347989,-0.539361,AFG,HKG,5541
7,97,949,1992,0,146232,-0.495518,-0.963358,ARE,HKG,5541
8,97,949,1992,0,57360,0.043179,0.553408,ARG,HKG,5541
14,97,949,1992,282821,138494,0.083812,0.637224,AUS,HKG,5541
15,97,949,1992,0,54135,1.975207,0.669388,AUT,HKG,5541
18,97,949,1992,255708,102422,1.449085,1.622957,BEL,HKG,5541
19,97,949,1992,0,46894,-1.206267,-0.855159,BEN,HKG,5541
21,97,949,1992,0,31269,-1.176898,-1.092949,BFA,HKG,5541
23,97,949,1992,0,3482,0.503161,1.871616,BGR,HKG,5541
24,97,949,1992,0,42900,0.047396,-0.554517,BHR,HKG,5541
29,97,949,1992,0,4555,-0.06729700000000001,-0.386682,BLZ,HKG,5541
30,97,949,1992,0,40705,0.302027,-0.450866,BMU,HKG,5541
32,97,949,1992,0,1735,0.685144,1.5676709999999998,BRA,HKG,5541
34,97,949,1992,0,1497,-1.142722,-0.818717,BRN,HKG,5541
39,97,949,1992,33105,130961,0.74703,1.096791,CAN,HKG,5541
41,97,949,1992,76073,32555,2.24952,1.014945,CHE,HKG,5541
42,97,949,1992,0,33852,-0.188106,-0.360151,CHL,HKG,5541
43,97,949,1992,13097116,3613170,0.269411,1.920075,CHN,HKG,5541
46,97,949,1992,0,193174,-1.55348,-1.100071,COD,HKG,5541
47,97,949,1992,0,382725,-2.019876,-1.1048360000000002,COG,HKG,5541
52,97,949,1992,0,7829,0.11654,0.191873,CRI,HKG,5541
58,97,949,1992,0,10019,0.471516,0.668776,CYP,HKG,5541
61,97,949,1992,321518,835621,2.2968349999999997,-2.581569,DEU,HKG,5541
64,97,949,1992,0,125655,1.696464,1.365743,DNK,HKG,5541
71,97,949,1992,41725,496020,1.301511,1.730441,ESP,HKG,5541
74,97,949,1992,0,57741,1.929661,1.3477,FIN,HKG,5541
75,97,949,1992,0,3060,-0.573887,-0.6382680000000001,FJI,HKG,5541
77,97,949,1992,4334468,69423,1.682766,1.2713430000000001,FRA,HKG,5541
80,97,949,1992,0,17058,-1.683572,-1.0855620000000001,GAB,HKG,5541
81,97,949,1992,1064686,403391,1.8901810000000001,0.9274030000000001,GBR,HKG,5541
83,97,949,1992,0,71440,-0.936314,-0.935839,GHA,HKG,5541
90,97,949,1992,0,94374,0.139504,0.743678,GRC,HKG,5541
96,97,949,1992,0,33643,-0.6447689999999999,-0.808177,GUY,HKG,5541
99,97,949,1992,0,984,-0.5100640000000001,-0.38205900000000004,HND,HKG,5541
102,97,949,1992,0,34157,0.9144620000000001,2.157041,HUN,HKG,5541
103,97,949,1992,6959734,519750,-0.5250670000000001,0.717568,IDN,HKG,5541
104,97,949,1992,0,1028,0.101094,1.6851180000000001,IND,HKG,5541
106,97,949,1992,1098,41305,1.454172,1.397052,IRL,HKG,5541
109,97,949,1992,0,13345,-0.076691,-0.630567,ISL,HKG,5541
110,97,949,1992,112732,5528,1.354362,1.3260530000000001,ISR,HKG,5541
111,97,949,1992,151047,344725,1.7819,0.981246,ITA,HKG,5541
112,97,949,1992,0,12496,-0.200329,-0.595741,JAM,HKG,5541
113,97,949,1992,0,9544,0.716964,0.5323760000000001,JOR,HKG,5541
114,97,949,1992,2114225,46589,2.451698,0.875639,JPN,HKG,5541
116,97,949,1992,0,29649,-0.31818,-0.096856,KEN,HKG,5541
118,97,949,1992,0,25972,-1.036685,-1.149364,KHM,HKG,5541
119,97,949,1992,0,4842,-0.047671,-0.740088,KIR,HKG,5541
121,97,949,1992,141130,24195,0.778066,1.3011139999999999,KOR,HKG,5541
125,97,949,1992,0,2068,-0.790557,-0.9978870000000001,LBR,HKG,5541
128,97,949,1992,0,6116,-0.45780600000000005,-0.221948,LKA,HKG,5541
133,97,949,1992,82623,15576214,0.249034,-0.026864,MAC,HKG,5541
134,97,949,1992,0,7720,-0.339711,-0.265987,MAR,HKG,5541
136,97,949,1992,0,2074,-0.977873,-0.743187,MDG,HKG,5541
138,97,949,1992,0,51209,0.9039370000000001,0.965842,MEX,HKG,5541
141,97,949,1992,0,6332,-0.9495790000000001,-1.028165,MLI,HKG,5541
142,97,949,1992,148966,20705,0.828211,0.29226599999999997,MLT,HKG,5541
143,97,949,1992,0,822,-1.030267,-0.770368,MMR,HKG,5541
150,97,949,1992,0,2777,0.70167,-0.075327,MTQ,HKG,5541
151,97,949,1992,0,3403,-0.249558,-0.643201,MUS,HKG,5541
153,97,949,1992,12516791,68746,0.14268499999999998,0.370079,MYS,HKG,5541
156,97,949,1992,0,1679,-1.284672,-0.9233870000000001,NCL,HKG,5541
159,97,949,1992,0,296275,-2.275923,-1.178983,NGA,HKG,5541
162,97,949,1992,70711,426417,1.4315069999999999,1.7107450000000002,NLD,HKG,5541
163,97,949,1992,0,89340,0.877965,0.444983,NOR,HKG,5541
164,97,949,1992,0,11431,-0.604018,-0.677756,NPL,HKG,5541
166,97,949,1992,4100122,13178,0.41866000000000003,0.580581,NZL,HKG,5541
167,97,949,1992,0,8024,-0.906702,-1.0716709999999998,OMN,HKG,5541
168,97,949,1992,0,2544,-0.480152,-0.361705,PAK,HKG,5541
169,97,949,1992,0,339593,0.289315,0.37247199999999997,PAN,HKG,5541
174,97,949,1992,159652,647927,-0.139761,0.772109,PHL,HKG,5541
176,97,949,1992,0,436530,-1.602221,-1.058247,PNG,HKG,5541
177,97,949,1992,0,32237,0.581166,2.070795,POL,HKG,5541
178,97,949,1992,0,13179,0.201042,0.477547,PRK,HKG,5541
179,97,949,1992,0,140677,0.47505,0.8402860000000001,PRT,HKG,5541
180,97,949,1992,0,70914,-0.906433,-0.787177,PRY,HKG,5541
188,97,949,1992,0,43082,0.416315,-0.7342489999999999,SAU,HKG,5541
189,97,949,1992,0,12642,0.9474950000000001,2.442268,SCG,HKG,5541
191,97,949,1992,0,8502,-0.43371800000000005,-0.679547,SEN,HKG,5541
192,97,949,1992,4136616,459192,0.95691,0.892702,SGP,HKG,5541
195,97,949,1992,0,14359,-1.491786,-0.9599799999999999,SLB,HKG,5541
205,97,949,1992,0,8211,-0.9841209999999999,-0.9359129999999999,SUR,HKG,5541
207,97,949,1992,0,14431,1.3270629999999999,1.605534,SVN,HKG,5541
208,97,949,1992,0,198772,2.2265900000000003,0.999178,SWE,HKG,5541
216,97,949,1992,489822,30367,0.109518,1.486578,THA,HKG,5541
222,97,949,1992,0,1390,0.43506000000000006,-0.43233599999999994,TTO,HKG,5541
224,97,949,1992,29415,0,0.160966,1.154796,TUR,HKG,5541
226,97,949,1992,0,19640,-1.139271,-0.8235379999999999,TZA,HKG,5541
230,97,949,1992,0,20544,0.242758,0.711781,URY,HKG,5541
231,97,949,1992,3461614,1194470,1.660693,1.289752,USA,HKG,5541
236,97,949,1992,0,19777,-0.106385,-0.65975,VEN,HKG,5541
239,97,949,1992,404164,634645,-0.989259,-0.43416099999999996,VNM,HKG,5541
240,97,949,1992,0,49730,-1.226071,-0.93215,VUT,HKG,5541
243,97,949,1992,0,8786,-0.7116020000000001,-0.9852489999999999,YEM,HKG,5541
246,97,949,1992,119150,89227,0.236335,1.415622,ZAF,HKG,5541
249,97,949,1992,1373996,279371,1.3694790000000001,1.6227559999999999,TWN,HKG,5541
250,97,949,1992,0,202743,0.989994,0.977453,ANS,HKG,5541
32,99,949,1992,8035,0,0.685144,1.5676709999999998,BRA,HND,5541
43,99,949,1992,1619,0,0.269411,1.920075,CHN,HND,5541
52,99,949,1992,113256,10505,0.11654,0.191873,CRI,HND,5541
61,99,949,1992,1843,0,2.2968349999999997,-2.581569,DEU,HND,5541
71,99,949,1992,14698,0,1.301511,1.730441,ESP,HND,5541
77,99,949,1992,1438,0,1.682766,1.2713430000000001,FRA,HND,5541
81,99,949,1992,958,0,1.8901810000000001,0.9274030000000001,GBR,HND,5541
90,99,949,1992,1504,0,0.139504,0.743678,GRC,HND,5541
93,99,949,1992,365798,1512641,-0.031145999999999997,0.48874300000000004,GTM,HND,5541
97,99,949,1992,984,0,0.754112,1.911201,HKG,HND,5541
106,99,949,1992,1420,0,1.454172,1.397052,IRL,HND,5541
138,99,949,1992,69463,0,0.9039370000000001,0.965842,MEX,HND,5541
160,99,949,1992,8958,668645,-0.214083,-0.111615,NIC,HND,5541
167,99,949,1992,0,60511,-0.906702,-1.0716709999999998,OMN,HND,5541
169,99,949,1992,55112,0,0.289315,0.37247199999999997,PAN,HND,5541
197,99,949,1992,70535,3858420,0.396523,0.47548900000000005,SLV,HND,5541
231,99,949,1992,58069,0,1.660693,1.289752,USA,HND,5541
249,99,949,1992,2344,0,1.3694790000000001,1.6227559999999999,TWN,HND,5541
250,99,949,1992,7612,0,0.989994,0.977453,ANS,HND,5541
6,106,949,1992,0,1724,0.258484,-0.47236000000000006,ANT,IRL,5541
7,106,949,1992,0,6738,-0.495518,-0.963358,ARE,IRL,5541
14,106,949,1992,0,10780,0.083812,0.637224,AUS,IRL,5541
15,106,949,1992,0,7838,1.975207,0.669388,AUT,IRL,5541
18,106,949,1992,13806,111251,1.449085,1.622957,BEL,IRL,5541
29,106,949,1992,0,2707,-0.06729700000000001,-0.386682,BLZ,IRL,5541
33,106,949,1992,0,16877,0.9121950000000001,0.413592,BRB,IRL,5541
39,106,949,1992,0,8679,0.74703,1.096791,CAN,IRL,5541
41,106,949,1992,55028,57343,2.24952,1.014945,CHE,IRL,5541
43,106,949,1992,1937,0,0.269411,1.920075,CHN,IRL,5541
44,106,949,1992,0,84920,-1.689731,-1.070179,CIV,IRL,5541
45,106,949,1992,0,134826,-2.0470759999999997,-1.184491,CMR,IRL,5541
46,106,949,1992,0,139749,-1.55348,-1.100071,COD,IRL,5541
58,106,949,1992,0,1594,0.471516,0.668776,CYP,IRL,5541
61,106,949,1992,122569,1806626,2.2968349999999997,-2.581569,DEU,IRL,5541
63,106,949,1992,2031,0,0.9006850000000001,-0.055001999999999995,DMA,IRL,5541
64,106,949,1992,50452,118303,1.696464,1.365743,DNK,IRL,5541
66,106,949,1992,0,7005,-0.24189699999999997,-0.9399219999999999,DZA,IRL,5541
71,106,949,1992,2949,622814,1.301511,1.730441,ESP,IRL,5541
74,106,949,1992,0,14071,1.929661,1.3477,FIN,IRL,5541
77,106,949,1992,203378,782202,1.682766,1.2713430000000001,FRA,IRL,5541
81,106,949,1992,20581020,5389980,1.8901810000000001,0.9274030000000001,GBR,IRL,5541
83,106,949,1992,0,2374,-0.936314,-0.935839,GHA,IRL,5541
90,106,949,1992,0,68386,0.139504,0.743678,GRC,IRL,5541
97,106,949,1992,41305,1098,0.754112,1.911201,HKG,IRL,5541
99,106,949,1992,0,1420,-0.5100640000000001,-0.38205900000000004,HND,IRL,5541
102,106,949,1992,0,1654,0.9144620000000001,2.157041,HUN,IRL,5541
104,106,949,1992,0,15455,0.101094,1.6851180000000001,IND,IRL,5541
109,106,949,1992,0,19005,-0.076691,-0.630567,ISL,IRL,5541
111,106,949,1992,495676,729220,1.7819,0.981246,ITA,IRL,5541
114,106,949,1992,10310,346233,2.451698,0.875639,JPN,IRL,5541
116,106,949,1992,0,2408,-0.31818,-0.096856,KEN,IRL,5541
122,106,949,1992,0,7806,-1.2360950000000002,-1.061771,KWT,IRL,5541
134,106,949,1992,0,4935,-0.339711,-0.265987,MAR,IRL,5541
138,106,949,1992,215093,8230,0.9039370000000001,0.965842,MEX,IRL,5541
153,106,949,1992,11477,0,0.14268499999999998,0.370079,MYS,IRL,5541
159,106,949,1992,0,6101728,-2.275923,-1.178983,NGA,IRL,5541
162,106,949,1992,392211,90746,1.4315069999999999,1.7107450000000002,NLD,IRL,5541
163,106,949,1992,11427,102977,0.877965,0.444983,NOR,IRL,5541
173,106,949,1992,0,1380,-0.286545,-0.264638,PER,IRL,5541
174,106,949,1992,0,2295,-0.139761,0.772109,PHL,IRL,5541
177,106,949,1992,0,52357,0.581166,2.070795,POL,IRL,5541
179,106,949,1992,0,101823,0.47505,0.8402860000000001,PRT,IRL,5541
192,106,949,1992,0,22135,0.95691,0.892702,SGP,IRL,5541
208,106,949,1992,6357,73346,2.2265900000000003,0.999178,SWE,IRL,5541
215,106,949,1992,0,51851,-1.199292,-1.082889,TGO,IRL,5541
216,106,949,1992,0,1558,0.109518,1.486578,THA,IRL,5541
231,106,949,1992,915236,252774,1.660693,1.289752,USA,IRL,5541
249,106,949,1992,0,119152,1.3694790000000001,1.6227559999999999,TWN,IRL,5541
2,111,949,1992,0,218671,-1.90642,-1.061544,AGO,ITA,5541
4,111,949,1992,0,1125976,-0.24194200000000002,-0.395524,ALB,ITA,5541
7,111,949,1992,0,178534,-0.495518,-0.963358,ARE,ITA,5541
8,111,949,1992,0,224503,0.043179,0.553408,ARG,ITA,5541
13,111,949,1992,0,1431,0.561238,-0.164287,ATG,ITA,5541
14,111,949,1992,16047,148595,0.083812,0.637224,AUS,ITA,5541
15,111,949,1992,134494,1378897,1.975207,0.669388,AUT,ITA,5541
17,111,949,1992,0,31369,-1.222854,-0.927959,BDI,ITA,5541
18,111,949,1992,1182304,2418765,1.449085,1.622957,BEL,ITA,5541
19,111,949,1992,0,12105,-1.206267,-0.855159,BEN,ITA,5541
21,111,949,1992,0,23555,-1.176898,-1.092949,BFA,ITA,5541
22,111,949,1992,1810,0,-0.608254,-0.921751,BGD,ITA,5541
23,111,949,1992,0,156984,0.503161,1.871616,BGR,ITA,5541
24,111,949,1992,0,8129,0.047396,-0.554517,BHR,ITA,5541
26,111,949,1992,0,161064,0.76031,1.212207,BIH,ITA,5541
28,111,949,1992,0,5097,0.6011380000000001,0.450072,BLR,ITA,5541
31,111,949,1992,0,951,-0.609826,-0.693473,BOL,ITA,5541
32,111,949,1992,5587,53046,0.685144,1.5676709999999998,BRA,ITA,5541
34,111,949,1992,0,1281,-1.142722,-0.818717,BRN,ITA,5541
38,111,949,1992,0,4669,-1.324814,-0.968041,CAF,ITA,5541
39,111,949,1992,299243,357208,0.74703,1.096791,CAN,ITA,5541
41,111,949,1992,86370,1505246,2.24952,1.014945,CHE,ITA,5541
42,111,949,1992,1118,101209,-0.188106,-0.360151,CHL,ITA,5541
43,111,949,1992,267155,0,0.269411,1.920075,CHN,ITA,5541
45,111,949,1992,0,12897,-2.0470759999999997,-1.184491,CMR,ITA,5541
46,111,949,1992,0,4075,-1.55348,-1.100071,COD,ITA,5541
47,111,949,1992,0,71692,-2.019876,-1.1048360000000002,COG,ITA,5541
52,111,949,1992,0,1650,0.11654,0.191873,CRI,ITA,5541
53,111,949,1992,209517,27391,1.116966,2.225331,CSK,ITA,5541
54,111,949,1992,0,292800,-0.719011,-1.077984,CUB,ITA,5541
58,111,949,1992,0,36196,0.471516,0.668776,CYP,ITA,5541
61,111,949,1992,12649659,8928571,2.2968349999999997,-2.581569,DEU,ITA,5541
62,111,949,1992,0,3650,0.708593,1.196323,DJI,ITA,5541
64,111,949,1992,7707,208629,1.696464,1.365743,DNK,ITA,5541
66,111,949,1992,0,4617,-0.24189699999999997,-0.9399219999999999,DZA,ITA,5541
67,111,949,1992,0,25696,-0.815778,-0.9415459999999999,ECU,ITA,5541
68,111,949,1992,0,10464,-0.102143,-0.17513499999999999,EGY,ITA,5541
71,111,949,1992,1548824,4274411,1.301511,1.730441,ESP,ITA,5541
73,111,949,1992,0,8268,-1.036482,-1.078446,ETH,ITA,5541
74,111,949,1992,0,13377,1.929661,1.3477,FIN,ITA,5541
77,111,949,1992,16873350,6612856,1.682766,1.2713430000000001,FRA,ITA,5541
81,111,949,1992,5478682,2423811,1.8901810000000001,0.9274030000000001,GBR,ITA,5541
83,111,949,1992,0,20777,-0.936314,-0.935839,GHA,ITA,5541
85,111,949,1992,0,122201,-1.11535,-1.0306,GIN,ITA,5541
86,111,949,1992,0,33713,0.68221,-0.319682,GLP,ITA,5541
88,111,949,1992,0,5773,-0.22399299999999997,-0.667562,GNB,ITA,5541
90,111,949,1992,5922,3936275,0.139504,0.743678,GRC,ITA,5541
92,111,949,1992,0,1273,-0.692587,-0.859656,GRL,ITA,5541
97,111,949,1992,344725,151047,0.754112,1.911201,HKG,ITA,5541
100,111,949,1992,0,1009912,0.877872,1.726188,HRV,ITA,5541
102,111,949,1992,207203,224346,0.9144620000000001,2.157041,HUN,ITA,5541
103,111,949,1992,0,1709,-0.5250670000000001,0.717568,IDN,ITA,5541
104,111,949,1992,9060,16538,0.101094,1.6851180000000001,IND,ITA,5541
106,111,949,1992,729220,495676,1.454172,1.397052,IRL,ITA,5541
107,111,949,1992,0,44662,-1.195108,-1.135155,IRN,ITA,5541
109,111,949,1992,0,15031,-0.076691,-0.630567,ISL,ITA,5541
110,111,949,1992,73549,1498463,1.354362,1.3260530000000001,ISR,ITA,5541
113,111,949,1992,0,39465,0.716964,0.5323760000000001,JOR,ITA,5541
114,111,949,1992,314552,59695,2.451698,0.875639,JPN,ITA,5541
116,111,949,1992,0,15736,-0.31818,-0.096856,KEN,ITA,5541
121,111,949,1992,0,107584,0.778066,1.3011139999999999,KOR,ITA,5541
122,111,949,1992,0,113254,-1.2360950000000002,-1.061771,KWT,ITA,5541
124,111,949,1992,0,105038,0.186135,0.800906,LBN,ITA,5541
126,111,949,1992,0,1657947,-0.333309,-0.981883,LBY,ITA,5541
134,111,949,1992,0,4441,-0.339711,-0.265987,MAR,ITA,5541
136,111,949,1992,0,24350,-0.977873,-0.743187,MDG,ITA,5541
138,111,949,1992,4137,4095,0.9039370000000001,0.965842,MEX,ITA,5541
142,111,949,1992,673436,306938,0.828211,0.29226599999999997,MLT,ITA,5541
147,111,949,1992,0,5035,-0.119653,-0.28381100000000004,MOZ,ITA,5541
150,111,949,1992,0,37104,0.70167,-0.075327,MTQ,ITA,5541
153,111,949,1992,32575,14887,0.14268499999999998,0.370079,MYS,ITA,5541
156,111,949,1992,0,9461,-1.284672,-0.9233870000000001,NCL,ITA,5541
159,111,949,1992,0,63580,-2.275923,-1.178983,NGA,ITA,5541
162,111,949,1992,4187905,1478099,1.4315069999999999,1.7107450000000002,NLD,ITA,5541
163,111,949,1992,0,66451,0.877965,0.444983,NOR,ITA,5541
166,111,949,1992,0,3543,0.41866000000000003,0.580581,NZL,ITA,5541
167,111,949,1992,0,6272,-0.906702,-1.0716709999999998,OMN,ITA,5541
173,111,949,1992,2507,16602,-0.286545,-0.264638,PER,ITA,5541
174,111,949,1992,0,1068,-0.139761,0.772109,PHL,ITA,5541
177,111,949,1992,0,246445,0.581166,2.070795,POL,ITA,5541
179,111,949,1992,30109,5050082,0.47505,0.8402860000000001,PRT,ITA,5541
180,111,949,1992,0,6216,-0.906433,-0.787177,PRY,ITA,5541
182,111,949,1992,1054,0,0.217401,-0.5575180000000001,PYF,ITA,5541
183,111,949,1992,0,37539,-0.491413,-1.004476,QAT,ITA,5541
185,111,949,1992,12589,103604,0.838817,1.358629,ROU,ITA,5541
186,111,949,1992,0,50529,0.071799,0.14036099999999999,RUS,ITA,5541
187,111,949,1992,0,2997,-0.890012,-0.888402,RWA,ITA,5541
188,111,949,1992,0,765177,0.416315,-0.7342489999999999,SAU,ITA,5541
189,111,949,1992,0,2727544,0.9474950000000001,2.442268,SCG,ITA,5541
190,111,949,1992,0,5618,-0.930193,-1.02726,SDN,ITA,5541
191,111,949,1992,0,1839,-0.43371800000000005,-0.679547,SEN,ITA,5541
192,111,949,1992,0,49957,0.95691,0.892702,SGP,ITA,5541
196,111,949,1992,0,11192,-0.877425,-0.798561,SLE,ITA,5541
197,111,949,1992,1362,1251,0.396523,0.47548900000000005,SLV,ITA,5541
203,111,949,1992,0,1481,1.218035,-0.270569,STP,ITA,5541
207,111,949,1992,3344,1626715,1.3270629999999999,1.605534,SVN,ITA,5541
208,111,949,1992,93119,424703,2.2265900000000003,0.999178,SWE,ITA,5541
215,111,949,1992,0,99169,-1.199292,-1.082889,TGO,ITA,5541
216,111,949,1992,0,13479,0.109518,1.486578,THA,ITA,5541
223,111,949,1992,1642,16021,0.14482,-0.13608,TUN,ITA,5541
224,111,949,1992,34122,728468,0.160966,1.154796,TUR,ITA,5541
226,111,949,1992,0,21756,-1.139271,-0.8235379999999999,TZA,ITA,5541
227,111,949,1992,0,17961,-1.264399,-1.0359450000000001,UGA,ITA,5541
230,111,949,1992,0,3218,0.242758,0.711781,URY,ITA,5541
231,111,949,1992,8023343,870239,1.660693,1.289752,USA,ITA,5541
236,111,949,1992,0,116236,-0.106385,-0.65975,VEN,ITA,5541
246,111,949,1992,711618,42818,0.236335,1.415622,ZAF,ITA,5541
247,111,949,1992,0,12094,-0.9865219999999999,-1.076062,ZMB,ITA,5541
248,111,949,1992,0,1541,-0.11168099999999999,0.143612,ZWE,ITA,5541
249,111,949,1992,0,205100,1.3694790000000001,1.6227559999999999,TWN,ITA,5541
250,111,949,1992,8996,22323,0.989994,0.977453,ANS,ITA,5541
2,121,949,1992,0,1133303,-1.90642,-1.061544,AGO,KOR,5541
7,121,949,1992,0,108982,-0.495518,-0.963358,ARE,KOR,5541
14,121,949,1992,29151,3692,0.083812,0.637224,AUS,KOR,5541
18,121,949,1992,61988,139427,1.449085,1.622957,BEL,KOR,5541
19,121,949,1992,0,88131,-1.206267,-0.855159,BEN,KOR,5541
24,121,949,1992,0,18204,0.047396,-0.554517,BHR,KOR,5541
32,121,949,1992,0,27995,0.685144,1.5676709999999998,BRA,KOR,5541
39,121,949,1992,178923,59211,0.74703,1.096791,CAN,KOR,5541
41,121,949,1992,47206,0,2.24952,1.014945,CHE,KOR,5541
42,121,949,1992,8199,0,-0.188106,-0.360151,CHL,KOR,5541
43,121,949,1992,193227,7537,0.269411,1.920075,CHN,KOR,5541
44,121,949,1992,0,40598,-1.689731,-1.070179,CIV,KOR,5541
46,121,949,1992,0,24217,-1.55348,-1.100071,COD,KOR,5541
47,121,949,1992,0,535370,-2.019876,-1.1048360000000002,COG,KOR,5541
61,121,949,1992,381738,40781,2.2968349999999997,-2.581569,DEU,KOR,5541
62,121,949,1992,0,2834920,0.708593,1.196323,DJI,KOR,5541
64,121,949,1992,0,1134,1.696464,1.365743,DNK,KOR,5541
71,121,949,1992,0,3684,1.301511,1.730441,ESP,KOR,5541
73,121,949,1992,0,525765,-1.036482,-1.078446,ETH,KOR,5541
74,121,949,1992,0,15374,1.929661,1.3477,FIN,KOR,5541
75,121,949,1992,1299,23694,-0.573887,-0.6382680000000001,FJI,KOR,5541
77,121,949,1992,433519,54343,1.682766,1.2713430000000001,FRA,KOR,5541
80,121,949,1992,0,72308,-1.683572,-1.0855620000000001,GAB,KOR,5541
81,121,949,1992,223757,76876,1.8901810000000001,0.9274030000000001,GBR,KOR,5541
83,121,949,1992,0,123298,-0.936314,-0.935839,GHA,KOR,5541
90,121,949,1992,0,10289,0.139504,0.743678,GRC,KOR,5541
93,121,949,1992,0,7165,-0.031145999999999997,0.48874300000000004,GTM,KOR,5541
97,121,949,1992,24195,141130,0.754112,1.911201,HKG,KOR,5541
102,121,949,1992,0,1859,0.9144620000000001,2.157041,HUN,KOR,5541
103,121,949,1992,1117308,136592,-0.5250670000000001,0.717568,IDN,KOR,5541
107,121,949,1992,0,34684,-1.195108,-1.135155,IRN,KOR,5541
110,121,949,1992,239629,0,1.354362,1.3260530000000001,ISR,KOR,5541
111,121,949,1992,107584,0,1.7819,0.981246,ITA,KOR,5541
113,121,949,1992,0,385060,0.716964,0.5323760000000001,JOR,KOR,5541
114,121,949,1992,1261708,290851,2.451698,0.875639,JPN,KOR,5541
124,121,949,1992,0,73316,0.186135,0.800906,LBN,KOR,5541
125,121,949,1992,0,161122,-0.790557,-0.9978870000000001,LBR,KOR,5541
126,121,949,1992,0,108941,-0.333309,-0.981883,LBY,KOR,5541
128,121,949,1992,0,3630,-0.45780600000000005,-0.221948,LKA,KOR,5541
138,121,949,1992,0,3481,0.9039370000000001,0.965842,MEX,KOR,5541
142,121,949,1992,0,1384,0.828211,0.29226599999999997,MLT,KOR,5541
143,121,949,1992,0,2723,-1.030267,-0.770368,MMR,KOR,5541
153,121,949,1992,511475,43043,0.14268499999999998,0.370079,MYS,KOR,5541
159,121,949,1992,0,3188483,-2.275923,-1.178983,NGA,KOR,5541
162,121,949,1992,6956,81640,1.4315069999999999,1.7107450000000002,NLD,KOR,5541
164,121,949,1992,0,35230,-0.604018,-0.677756,NPL,KOR,5541
168,121,949,1992,0,22684,-0.480152,-0.361705,PAK,KOR,5541
174,121,949,1992,0,39400,-0.139761,0.772109,PHL,KOR,5541
186,121,949,1992,0,22735,0.071799,0.14036099999999999,RUS,KOR,5541
188,121,949,1992,0,47479,0.416315,-0.7342489999999999,SAU,KOR,5541
191,121,949,1992,0,3838,-0.43371800000000005,-0.679547,SEN,KOR,5541
192,121,949,1992,25138,231628,0.95691,0.892702,SGP,KOR,5541
196,121,949,1992,0,18393,-0.877425,-0.798561,SLE,KOR,5541
199,121,949,1992,0,1050965,-0.611123,-0.798546,SOM,KOR,5541
208,121,949,1992,0,15950,2.2265900000000003,0.999178,SWE,KOR,5541
215,121,949,1992,0,362547,-1.199292,-1.082889,TGO,KOR,5541
216,121,949,1992,71507,0,0.109518,1.486578,THA,KOR,5541
224,121,949,1992,0,13303,0.160966,1.154796,TUR,KOR,5541
226,121,949,1992,0,48259,-1.139271,-0.8235379999999999,TZA,KOR,5541
231,121,949,1992,4873584,2270148,1.660693,1.289752,USA,KOR,5541
246,121,949,1992,0,6004,0.236335,1.415622,ZAF,KOR,5541
248,121,949,1992,0,1642,-0.11168099999999999,0.143612,ZWE,KOR,5541
249,121,949,1992,11192,321845,1.3694790000000001,1.6227559999999999,TWN,KOR,5541
250,121,949,1992,0,585007,0.989994,0.977453,ANS,KOR,5541
1,153,949,1992,0,660317,-0.347989,-0.539361,AFG,MYS,5541
7,153,949,1992,0,2398925,-0.495518,-0.963358,ARE,MYS,5541
14,153,949,1992,81354,236145,0.083812,0.637224,AUS,MYS,5541
18,153,949,1992,25235,18018,1.449085,1.622957,BEL,MYS,5541
24,153,949,1992,0,34352,0.047396,-0.554517,BHR,MYS,5541
32,153,949,1992,1943,0,0.685144,1.5676709999999998,BRA,MYS,5541
34,153,949,1992,0,658403,-1.142722,-0.818717,BRN,MYS,5541
39,153,949,1992,23915,92284,0.74703,1.096791,CAN,MYS,5541
41,153,949,1992,16387,228964,2.24952,1.014945,CHE,MYS,5541
43,153,949,1992,1402012,1163909,0.269411,1.920075,CHN,MYS,5541
44,153,949,1992,0,3228,-1.689731,-1.070179,CIV,MYS,5541
46,153,949,1992,0,90230,-1.55348,-1.100071,COD,MYS,5541
47,153,949,1992,0,69924,-2.019876,-1.1048360000000002,COG,MYS,5541
61,153,949,1992,617184,18593,2.2968349999999997,-2.581569,DEU,MYS,5541
63,153,949,1992,0,65270,0.9006850000000001,-0.055001999999999995,DMA,MYS,5541
71,153,949,1992,935,0,1.301511,1.730441,ESP,MYS,5541
75,153,949,1992,0,48022,-0.573887,-0.6382680000000001,FJI,MYS,5541
77,153,949,1992,635179,1758,1.682766,1.2713430000000001,FRA,MYS,5541
81,153,949,1992,252905,47424,1.8901810000000001,0.9274030000000001,GBR,MYS,5541
83,153,949,1992,0,176457,-0.936314,-0.935839,GHA,MYS,5541
90,153,949,1992,0,10385,0.139504,0.743678,GRC,MYS,5541
97,153,949,1992,68746,12516791,0.754112,1.911201,HKG,MYS,5541
103,153,949,1992,2865578,195221,-0.5250670000000001,0.717568,IDN,MYS,5541
104,153,949,1992,91103,134711,0.101094,1.6851180000000001,IND,MYS,5541
106,153,949,1992,0,11477,1.454172,1.397052,IRL,MYS,5541
107,153,949,1992,0,37737,-1.195108,-1.135155,IRN,MYS,5541
111,153,949,1992,14887,32575,1.7819,0.981246,ITA,MYS,5541
113,153,949,1992,0,30097,0.716964,0.5323760000000001,JOR,MYS,5541
114,153,949,1992,464992,5742019,2.451698,0.875639,JPN,MYS,5541
116,153,949,1992,0,81037,-0.31818,-0.096856,KEN,MYS,5541
118,153,949,1992,0,53265,-1.036685,-1.149364,KHM,MYS,5541
121,153,949,1992,43043,511475,0.778066,1.3011139999999999,KOR,MYS,5541
122,153,949,1992,0,233051,-1.2360950000000002,-1.061771,KWT,MYS,5541
125,153,949,1992,0,2839,-0.790557,-0.9978870000000001,LBR,MYS,5541
128,153,949,1992,3688,0,-0.45780600000000005,-0.221948,LKA,MYS,5541
133,153,949,1992,0,832,0.249034,-0.026864,MAC,MYS,5541
134,153,949,1992,0,1467,-0.339711,-0.265987,MAR,MYS,5541
136,153,949,1992,0,217350,-0.977873,-0.743187,MDG,MYS,5541
137,153,949,1992,0,270200,-0.501228,-0.8746290000000001,MDV,MYS,5541
142,153,949,1992,0,49627,0.828211,0.29226599999999997,MLT,MYS,5541
143,153,949,1992,0,206670,-1.030267,-0.770368,MMR,MYS,5541
151,153,949,1992,0,189551,-0.249558,-0.643201,MUS,MYS,5541
152,153,949,1992,0,408587,-1.368384,-1.205314,MWI,MYS,5541
159,153,949,1992,0,378481,-2.275923,-1.178983,NGA,MYS,5541
162,153,949,1992,36906,39918,1.4315069999999999,1.7107450000000002,NLD,MYS,5541
164,153,949,1992,0,118391,-0.604018,-0.677756,NPL,MYS,5541
166,153,949,1992,22218,37622,0.41866000000000003,0.580581,NZL,MYS,5541
167,153,949,1992,0,373018,-0.906702,-1.0716709999999998,OMN,MYS,5541
168,153,949,1992,0,90928,-0.480152,-0.361705,PAK,MYS,5541
174,153,949,1992,8010,896104,-0.139761,0.772109,PHL,MYS,5541
176,153,949,1992,0,661441,-1.602221,-1.058247,PNG,MYS,5541
183,153,949,1992,0,61890,-0.491413,-1.004476,QAT,MYS,5541
188,153,949,1992,0,2140254,0.416315,-0.7342489999999999,SAU,MYS,5541
192,153,949,1992,1569727,9528416,0.95691,0.892702,SGP,MYS,5541
211,153,949,1992,0,44875,0.05767100000000001,-0.6613020000000001,SYC,MYS,5541
216,153,949,1992,1059587,40392,0.109518,1.486578,THA,MYS,5541
223,153,949,1992,0,19969,0.14482,-0.13608,TUN,MYS,5541
226,153,949,1992,0,11756,-1.139271,-0.8235379999999999,TZA,MYS,5541
231,153,949,1992,928597,165083,1.660693,1.289752,USA,MYS,5541
239,153,949,1992,22177,2486532,-0.989259,-0.43416099999999996,VNM,MYS,5541
243,153,949,1992,0,1604638,-0.7116020000000001,-0.9852489999999999,YEM,MYS,5541
246,153,949,1992,0,3979,0.236335,1.415622,ZAF,MYS,5541
247,153,949,1992,0,56651,-0.9865219999999999,-1.076062,ZMB,MYS,5541
249,153,949,1992,33261,2938880,1.3694790000000001,1.6227559999999999,TWN,MYS,5541
250,153,949,1992,1515,1087,0.989994,0.977453,ANS,MYS,5541
0,162,949,1992,0,49265,-0.260923,-0.700814,ABW,NLD,5541
2,162,949,1992,0,93793,-1.90642,-1.061544,AGO,NLD,5541
5,162,949,1992,0,36237,1.4058959999999998,0.830189,AND,NLD,5541
6,162,949,1992,0,155128,0.258484,-0.47236000000000006,ANT,NLD,5541
7,162,949,1992,0,52694,-0.495518,-0.963358,ARE,NLD,5541
8,162,949,1992,0,1082,0.043179,0.553408,ARG,NLD,5541
13,162,949,1992,0,1118,0.561238,-0.164287,ATG,NLD,5541
14,162,949,1992,13537,32883,0.083812,0.637224,AUS,NLD,5541
15,162,949,1992,6001,802801,1.975207,0.669388,AUT,NLD,5541
18,162,949,1992,7206452,10003013,1.449085,1.622957,BEL,NLD,5541
23,162,949,1992,0,11043,0.503161,1.871616,BGR,NLD,5541
24,162,949,1992,0,18885,0.047396,-0.554517,BHR,NLD,5541
25,162,949,1992,0,6636,0.181088,-0.591638,BHS,NLD,5541
28,162,949,1992,0,38498,0.6011380000000001,0.450072,BLR,NLD,5541
34,162,949,1992,0,5586,-1.142722,-0.818717,BRN,NLD,5541
39,162,949,1992,4479,240957,0.74703,1.096791,CAN,NLD,5541
41,162,949,1992,296151,1205427,2.24952,1.014945,CHE,NLD,5541
42,162,949,1992,0,6031,-0.188106,-0.360151,CHL,NLD,5541
43,162,949,1992,63557,6218,0.269411,1.920075,CHN,NLD,5541
44,162,949,1992,0,47182,-1.689731,-1.070179,CIV,NLD,5541
51,162,949,1992,0,6239,0.314087,-0.48178699999999997,CPV,NLD,5541
53,162,949,1992,225925,78236,1.116966,2.225331,CSK,NLD,5541
58,162,949,1992,0,19045,0.471516,0.668776,CYP,NLD,5541
61,162,949,1992,13299300,5814212,2.2968349999999997,-2.581569,DEU,NLD,5541
64,162,949,1992,223075,1742304,1.696464,1.365743,DNK,NLD,5541
66,162,949,1992,0,50309,-0.24189699999999997,-0.9399219999999999,DZA,NLD,5541
68,162,949,1992,0,3154,-0.102143,-0.17513499999999999,EGY,NLD,5541
71,162,949,1992,3579770,830943,1.301511,1.730441,ESP,NLD,5541
72,162,949,1992,0,3179,0.22019699999999998,0.0198,EST,NLD,5541
73,162,949,1992,0,2446641,-1.036482,-1.078446,ETH,NLD,5541
74,162,949,1992,2021,336213,1.929661,1.3477,FIN,NLD,5541
77,162,949,1992,2846930,23038616,1.682766,1.2713430000000001,FRA,NLD,5541
78,162,949,1992,0,8926,-0.51381,-0.8512059999999999,FRO,NLD,5541
80,162,949,1992,0,4537,-1.683572,-1.0855620000000001,GAB,NLD,5541
81,162,949,1992,12800223,6340070,1.8901810000000001,0.9274030000000001,GBR,NLD,5541
83,162,949,1992,0,6615,-0.936314,-0.935839,GHA,NLD,5541
85,162,949,1992,0,42628,-1.11535,-1.0306,GIN,NLD,5541
86,162,949,1992,0,5969,0.68221,-0.319682,GLP,NLD,5541
90,162,949,1992,0,430424,0.139504,0.743678,GRC,NLD,5541
94,162,949,1992,0,16380,0.9797959999999999,0.125384,GUF,NLD,5541
96,162,949,1992,0,1140,-0.6447689999999999,-0.808177,GUY,NLD,5541
97,162,949,1992,426417,70711,0.754112,1.911201,HKG,NLD,5541
100,162,949,1992,0,275265,0.877872,1.726188,HRV,NLD,5541
102,162,949,1992,538963,185737,0.9144620000000001,2.157041,HUN,NLD,5541
103,162,949,1992,525317,0,-0.5250670000000001,0.717568,IDN,NLD,5541
104,162,949,1992,28999,0,0.101094,1.6851180000000001,IND,NLD,5541
106,162,949,1992,90746,392211,1.454172,1.397052,IRL,NLD,5541
108,162,949,1992,66408,0,-1.162989,-0.8323229999999999,IRQ,NLD,5541
109,162,949,1992,0,45007,-0.076691,-0.630567,ISL,NLD,5541
110,162,949,1992,127427,73454,1.354362,1.3260530000000001,ISR,NLD,5541
111,162,949,1992,1478099,4187905,1.7819,0.981246,ITA,NLD,5541
113,162,949,1992,0,10047,0.716964,0.5323760000000001,JOR,NLD,5541
114,162,949,1992,51671,72691,2.451698,0.875639,JPN,NLD,5541
121,162,949,1992,81640,6956,0.778066,1.3011139999999999,KOR,NLD,5541
122,162,949,1992,0,72683,-1.2360950000000002,-1.061771,KWT,NLD,5541
124,162,949,1992,0,38383,0.186135,0.800906,LBN,NLD,5541
126,162,949,1992,0,2134,-0.333309,-0.981883,LBY,NLD,5541
130,162,949,1992,2918,65731,0.7271810000000001,0.482357,LTU,NLD,5541
134,162,949,1992,7788,44776,-0.339711,-0.265987,MAR,NLD,5541
136,162,949,1992,0,13458,-0.977873,-0.743187,MDG,NLD,5541
138,162,949,1992,216511,3515,0.9039370000000001,0.965842,MEX,NLD,5541
142,162,949,1992,0,37304,0.828211,0.29226599999999997,MLT,NLD,5541
147,162,949,1992,0,1480,-0.119653,-0.28381100000000004,MOZ,NLD,5541
150,162,949,1992,0,4776,0.70167,-0.075327,MTQ,NLD,5541
153,162,949,1992,39918,36906,0.14268499999999998,0.370079,MYS,NLD,5541
159,162,949,1992,2146,0,-2.275923,-1.178983,NGA,NLD,5541
163,162,949,1992,13797,735323,0.877965,0.444983,NOR,NLD,5541
166,162,949,1992,0,75106,0.41866000000000003,0.580581,NZL,NLD,5541
167,162,949,1992,0,6472,-0.906702,-1.0716709999999998,OMN,NLD,5541
174,162,949,1992,10480,1015,-0.139761,0.772109,PHL,NLD,5541
177,162,949,1992,120870,545549,0.581166,2.070795,POL,NLD,5541
179,162,949,1992,6765,198126,0.47505,0.8402860000000001,PRT,NLD,5541
185,162,949,1992,7447,42740,0.838817,1.358629,ROU,NLD,5541
186,162,949,1992,0,247808,0.071799,0.14036099999999999,RUS,NLD,5541
188,162,949,1992,0,99701,0.416315,-0.7342489999999999,SAU,NLD,5541
189,162,949,1992,0,524750,0.9474950000000001,2.442268,SCG,NLD,5541
192,162,949,1992,41788,23466,0.95691,0.892702,SGP,NLD,5541
205,162,949,1992,0,87458,-0.9841209999999999,-0.9359129999999999,SUR,NLD,5541
207,162,949,1992,0,20178,1.3270629999999999,1.605534,SVN,NLD,5541
208,162,949,1992,1547742,2025397,2.2265900000000003,0.999178,SWE,NLD,5541
211,162,949,1992,0,3602,0.05767100000000001,-0.6613020000000001,SYC,NLD,5541
212,162,949,1992,0,55896,-0.566724,-0.602446,SYR,NLD,5541
216,162,949,1992,1932,0,0.109518,1.486578,THA,NLD,5541
217,162,949,1992,0,10974,-0.387201,-1.027048,TJK,NLD,5541
223,162,949,1992,0,10643,0.14482,-0.13608,TUN,NLD,5541
224,162,949,1992,38343,13304,0.160966,1.154796,TUR,NLD,5541
228,162,949,1992,0,19799,0.375148,0.23747,UKR,NLD,5541
231,162,949,1992,417076,249959,1.660693,1.289752,USA,NLD,5541
236,162,949,1992,0,2959,-0.106385,-0.65975,VEN,NLD,5541
246,162,949,1992,589334,40825,0.236335,1.415622,ZAF,NLD,5541
249,162,949,1992,12803,334908,1.3694790000000001,1.6227559999999999,TWN,NLD,5541
250,162,949,1992,2078,6160,0.989994,0.977453,ANS,NLD,5541
7,163,949,1992,0,1172,-0.495518,-0.963358,ARE,NOR,5541
8,163,949,1992,0,2312,0.043179,0.553408,ARG,NOR,5541
15,163,949,1992,8647,11682,1.975207,0.669388,AUT,NOR,5541
18,163,949,1992,82248,25734,1.449085,1.622957,BEL,NOR,5541
39,163,949,1992,8843,0,0.74703,1.096791,CAN,NOR,5541
41,163,949,1992,7032,18882,2.24952,1.014945,CHE,NOR,5541
43,163,949,1992,14886,0,0.269411,1.920075,CHN,NOR,5541
61,163,949,1992,1825712,76975,2.2968349999999997,-2.581569,DEU,NOR,5541
64,163,949,1992,808232,131685,1.696464,1.365743,DNK,NOR,5541
71,163,949,1992,19811,43252,1.301511,1.730441,ESP,NOR,5541
74,163,949,1992,21252,64818,1.929661,1.3477,FIN,NOR,5541
77,163,949,1992,336356,478010,1.682766,1.2713430000000001,FRA,NOR,5541
78,163,949,1992,0,1701,-0.51381,-0.8512059999999999,FRO,NOR,5541
81,163,949,1992,4339839,837427,1.8901810000000001,0.9274030000000001,GBR,NOR,5541
97,163,949,1992,89340,0,0.754112,1.911201,HKG,NOR,5541
106,163,949,1992,102977,11427,1.454172,1.397052,IRL,NOR,5541
109,163,949,1992,0,13393,-0.076691,-0.630567,ISL,NOR,5541
110,163,949,1992,68351,0,1.354362,1.3260530000000001,ISR,NOR,5541
111,163,949,1992,66451,0,1.7819,0.981246,ITA,NOR,5541
113,163,949,1992,0,71047,0.716964,0.5323760000000001,JOR,NOR,5541
114,163,949,1992,3634,0,2.451698,0.875639,JPN,NOR,5541
151,163,949,1992,0,2164,-0.249558,-0.643201,MUS,NOR,5541
162,163,949,1992,735323,13797,1.4315069999999999,1.7107450000000002,NLD,NOR,5541
174,163,949,1992,0,922,-0.139761,0.772109,PHL,NOR,5541
177,163,949,1992,0,9148,0.581166,2.070795,POL,NOR,5541
179,163,949,1992,5944,1075,0.47505,0.8402860000000001,PRT,NOR,5541
186,163,949,1992,0,12561,0.071799,0.14036099999999999,RUS,NOR,5541
188,163,949,1992,0,4476,0.416315,-0.7342489999999999,SAU,NOR,5541
189,163,949,1992,0,1458,0.9474950000000001,2.442268,SCG,NOR,5541
192,163,949,1992,0,6221,0.95691,0.892702,SGP,NOR,5541
208,163,949,1992,6095474,542653,2.2265900000000003,0.999178,SWE,NOR,5541
216,163,949,1992,51811,0,0.109518,1.486578,THA,NOR,5541
224,163,949,1992,4585,0,0.160966,1.154796,TUR,NOR,5541
231,163,949,1992,19285,5277,1.660693,1.289752,USA,NOR,5541
246,163,949,1992,0,9318,0.236335,1.415622,ZAF,NOR,5541
249,163,949,1992,6263,0,1.3694790000000001,1.6227559999999999,TWN,NOR,5541
250,163,949,1992,1056,1082,0.989994,0.977453,ANS,NOR,5541
8,169,949,1992,0,5563,0.043179,0.553408,ARG,PAN,5541
23,169,949,1992,0,1745,0.503161,1.871616,BGR,PAN,5541
25,169,949,1992,0,30180,0.181088,-0.591638,BHS,PAN,5541
31,169,949,1992,0,3884,-0.609826,-0.693473,BOL,PAN,5541
41,169,949,1992,0,1866,2.24952,1.014945,CHE,PAN,5541
42,169,949,1992,0,1265,-0.188106,-0.360151,CHL,PAN,5541
43,169,949,1992,34563,0,0.269411,1.920075,CHN,PAN,5541
49,169,949,1992,23192,3625,0.022895,0.22971799999999998,COL,PAN,5541
52,169,949,1992,27478,10489,0.11654,0.191873,CRI,PAN,5541
61,169,949,1992,5896,0,2.2968349999999997,-2.581569,DEU,PAN,5541
71,169,949,1992,49902,0,1.301511,1.730441,ESP,PAN,5541
77,169,949,1992,155451,0,1.682766,1.2713430000000001,FRA,PAN,5541
81,169,949,1992,141914,0,1.8901810000000001,0.9274030000000001,GBR,PAN,5541
90,169,949,1992,26286,0,0.139504,0.743678,GRC,PAN,5541
93,169,949,1992,2896,21853,-0.031145999999999997,0.48874300000000004,GTM,PAN,5541
97,169,949,1992,339593,0,0.754112,1.911201,HKG,PAN,5541
99,169,949,1992,0,55112,-0.5100640000000001,-0.38205900000000004,HND,PAN,5541
103,169,949,1992,40447,0,-0.5250670000000001,0.717568,IDN,PAN,5541
104,169,949,1992,3507,0,0.101094,1.6851180000000001,IND,PAN,5541
112,169,949,1992,0,1174,-0.200329,-0.595741,JAM,PAN,5541
138,169,949,1992,12458,4194,0.9039370000000001,0.965842,MEX,PAN,5541
160,169,949,1992,0,17512,-0.214083,-0.111615,NIC,PAN,5541
173,169,949,1992,0,2717,-0.286545,-0.264638,PER,PAN,5541
192,169,949,1992,2362,0,0.95691,0.892702,SGP,PAN,5541
197,169,949,1992,0,71153,0.396523,0.47548900000000005,SLV,PAN,5541
231,169,949,1992,1196014,6321,1.660693,1.289752,USA,PAN,5541
236,169,949,1992,2172,10964,-0.106385,-0.65975,VEN,PAN,5541
249,169,949,1992,7802,0,1.3694790000000001,1.6227559999999999,TWN,PAN,5541
250,169,949,1992,146393,3824,0.989994,0.977453,ANS,PAN,5541
7,174,949,1992,0,26490,-0.495518,-0.963358,ARE,PHL,5541
14,174,949,1992,12640,5002,0.083812,0.637224,AUS,PHL,5541
18,174,949,1992,1288,0,1.449085,1.622957,BEL,PHL,5541
24,174,949,1992,0,4768,0.047396,-0.554517,BHR,PHL,5541
34,174,949,1992,0,1941,-1.142722,-0.818717,BRN,PHL,5541
39,174,949,1992,79437,4685,0.74703,1.096791,CAN,PHL,5541
43,174,949,1992,205704,0,0.269411,1.920075,CHN,PHL,5541
61,174,949,1992,37880,42790,2.2968349999999997,-2.581569,DEU,PHL,5541
71,174,949,1992,6345,0,1.301511,1.730441,ESP,PHL,5541
77,174,949,1992,27957,0,1.682766,1.2713430000000001,FRA,PHL,5541
81,174,949,1992,48379,4841,1.8901810000000001,0.9274030000000001,GBR,PHL,5541
90,174,949,1992,5057,0,0.139504,0.743678,GRC,PHL,5541
97,174,949,1992,647927,159652,0.754112,1.911201,HKG,PHL,5541
102,174,949,1992,0,9949,0.9144620000000001,2.157041,HUN,PHL,5541
103,174,949,1992,32464,1166,-0.5250670000000001,0.717568,IDN,PHL,5541
106,174,949,1992,2295,0,1.454172,1.397052,IRL,PHL,5541
110,174,949,1992,29361,0,1.354362,1.3260530000000001,ISR,PHL,5541
111,174,949,1992,1068,0,1.7819,0.981246,ITA,PHL,5541
114,174,949,1992,27564,41479,2.451698,0.875639,JPN,PHL,5541
121,174,949,1992,39400,0,0.778066,1.3011139999999999,KOR,PHL,5541
122,174,949,1992,0,1331,-1.2360950000000002,-1.061771,KWT,PHL,5541
153,174,949,1992,896104,8010,0.14268499999999998,0.370079,MYS,PHL,5541
162,174,949,1992,1015,10480,1.4315069999999999,1.7107450000000002,NLD,PHL,5541
163,174,949,1992,922,0,0.877965,0.444983,NOR,PHL,5541
166,174,949,1992,2496,896,0.41866000000000003,0.580581,NZL,PHL,5541
175,174,949,1992,0,10664,-0.405928,-0.79965,PLW,PHL,5541
176,174,949,1992,0,139726,-1.602221,-1.058247,PNG,PHL,5541
183,174,949,1992,0,322,-0.491413,-1.004476,QAT,PHL,5541
186,174,949,1992,0,183046,0.071799,0.14036099999999999,RUS,PHL,5541
188,174,949,1992,0,7060,0.416315,-0.7342489999999999,SAU,PHL,5541
192,174,949,1992,36073,581253,0.95691,0.892702,SGP,PHL,5541
208,174,949,1992,0,1161,2.2265900000000003,0.999178,SWE,PHL,5541
216,174,949,1992,21174,7292,0.109518,1.486578,THA,PHL,5541
231,174,949,1992,3954847,654116,1.660693,1.289752,USA,PHL,5541
249,174,949,1992,7633,4441,1.3694790000000001,1.6227559999999999,TWN,PHL,5541
250,174,949,1992,1544,2508,0.989994,0.977453,ANS,PHL,5541
2,179,949,1992,0,16293226,-1.90642,-1.061544,AGO,PRT,5541
14,179,949,1992,0,3137,0.083812,0.637224,AUS,PRT,5541
18,179,949,1992,42941,19402,1.449085,1.622957,BEL,PRT,5541
32,179,949,1992,45028,0,0.685144,1.5676709999999998,BRA,PRT,5541
38,179,949,1992,0,13577,-1.324814,-0.968041,CAF,PRT,5541
39,179,949,1992,0,26499,0.74703,1.096791,CAN,PRT,5541
41,179,949,1992,10002,35653,2.24952,1.014945,CHE,PRT,5541
43,179,949,1992,59999,0,0.269411,1.920075,CHN,PRT,5541
46,179,949,1992,0,5118,-1.55348,-1.100071,COD,PRT,5541
47,179,949,1992,0,31669,-2.019876,-1.1048360000000002,COG,PRT,5541
51,179,949,1992,0,506300,0.314087,-0.48178699999999997,CPV,PRT,5541
61,179,949,1992,1216936,55594,2.2968349999999997,-2.581569,DEU,PRT,5541
64,179,949,1992,39790,0,1.696464,1.365743,DNK,PRT,5541
68,179,949,1992,0,2564,-0.102143,-0.17513499999999999,EGY,PRT,5541
71,179,949,1992,5554409,652261,1.301511,1.730441,ESP,PRT,5541
77,179,949,1992,786359,119035,1.682766,1.2713430000000001,FRA,PRT,5541
81,179,949,1992,3432413,100542,1.8901810000000001,0.9274030000000001,GBR,PRT,5541
84,179,949,1992,0,5276,1.356823,0.656416,GIB,PRT,5541
85,179,949,1992,0,11157,-1.11535,-1.0306,GIN,PRT,5541
88,179,949,1992,0,1614160,-0.22399299999999997,-0.667562,GNB,PRT,5541
90,179,949,1992,0,4550,0.139504,0.743678,GRC,PRT,5541
97,179,949,1992,140677,0,0.754112,1.911201,HKG,PRT,5541
106,179,949,1992,101823,0,1.454172,1.397052,IRL,PRT,5541
110,179,949,1992,102459,44993,1.354362,1.3260530000000001,ISR,PRT,5541
111,179,949,1992,5050082,30109,1.7819,0.981246,ITA,PRT,5541
126,179,949,1992,0,10662,-0.333309,-0.981883,LBY,PRT,5541
133,179,949,1992,0,1030,0.249034,-0.026864,MAC,PRT,5541
134,179,949,1992,0,119817,-0.339711,-0.265987,MAR,PRT,5541
138,179,949,1992,17324,0,0.9039370000000001,0.965842,MEX,PRT,5541
147,179,949,1992,0,47116,-0.119653,-0.28381100000000004,MOZ,PRT,5541
162,179,949,1992,198126,6765,1.4315069999999999,1.7107450000000002,NLD,PRT,5541
163,179,949,1992,1075,5944,0.877965,0.444983,NOR,PRT,5541
186,179,949,1992,0,52385,0.071799,0.14036099999999999,RUS,PRT,5541
190,179,949,1992,0,33380,-0.930193,-1.02726,SDN,PRT,5541
191,179,949,1992,0,4065,-0.43371800000000005,-0.679547,SEN,PRT,5541
203,179,949,1992,0,377705,1.218035,-0.270569,STP,PRT,5541
208,179,949,1992,1140,86067,2.2265900000000003,0.999178,SWE,PRT,5541
231,179,949,1992,760806,89314,1.660693,1.289752,USA,PRT,5541
250,179,949,1992,1212,48647,0.989994,0.977453,ANS,PRT,5541
3,222,949,1992,0,2216,0.6821659999999999,-0.306197,AIA,TTO,5541
13,222,949,1992,0,60540,0.561238,-0.164287,ATG,TTO,5541
29,222,949,1992,0,51762,-0.06729700000000001,-0.386682,BLZ,TTO,5541
33,222,949,1992,138547,503177,0.9121950000000001,0.413592,BRB,TTO,5541
39,222,949,1992,17646,1025,0.74703,1.096791,CAN,TTO,5541
61,222,949,1992,18311,0,2.2968349999999997,-2.581569,DEU,TTO,5541
63,222,949,1992,1237366,87139,0.9006850000000001,-0.055001999999999995,DMA,TTO,5541
81,222,949,1992,55591,0,1.8901810000000001,0.9274030000000001,GBR,TTO,5541
91,222,949,1992,0,130924,0.224073,-0.42973500000000003,GRD,TTO,5541
96,222,949,1992,0,318260,-0.6447689999999999,-0.808177,GUY,TTO,5541
97,222,949,1992,1390,0,0.754112,1.911201,HKG,TTO,5541
112,222,949,1992,100282,1414248,-0.200329,-0.595741,JAM,TTO,5541
120,222,949,1992,0,39631,0.542355,-0.37078,KNA,TTO,5541
127,222,949,1992,11714,113663,0.199639,-0.28238,LCA,TTO,5541
149,222,949,1992,0,9159,1.579626,-0.115515,MSR,TTO,5541
205,222,949,1992,0,36402,-0.9841209999999999,-0.9359129999999999,SUR,TTO,5541
231,222,949,1992,296184,1485,1.660693,1.289752,USA,TTO,5541
236,222,949,1992,1850,0,-0.106385,-0.65975,VEN,TTO,5541
250,222,949,1992,0,196906,0.989994,0.977453,ANS,TTO,5541
0,231,949,1992,0,304149,-0.260923,-0.700814,ABW,USA,5541
2,231,949,1992,0,7649,-1.90642,-1.061544,AGO,USA,5541
6,231,949,1992,1376,826649,0.258484,-0.47236000000000006,ANT,USA,5541
7,231,949,1992,0,768585,-0.495518,-0.963358,ARE,USA,5541
8,231,949,1992,91806,2172574,0.043179,0.553408,ARG,USA,5541
13,231,949,1992,0,35487,0.561238,-0.164287,ATG,USA,5541
14,231,949,1992,304717,4914430,0.083812,0.637224,AUS,USA,5541
15,231,949,1992,17542,192381,1.975207,0.669388,AUT,USA,5541
18,231,949,1992,55922,827640,1.449085,1.622957,BEL,USA,5541
24,231,949,1992,0,151166,0.047396,-0.554517,BHR,USA,5541
25,231,949,1992,0,604441,0.181088,-0.591638,BHS,USA,5541
29,231,949,1992,0,106364,-0.06729700000000001,-0.386682,BLZ,USA,5541
30,231,949,1992,0,631950,0.302027,-0.450866,BMU,USA,5541
31,231,949,1992,0,5606,-0.609826,-0.693473,BOL,USA,5541
32,231,949,1992,94300,1441693,0.685144,1.5676709999999998,BRA,USA,5541
33,231,949,1992,0,94442,0.9121950000000001,0.413592,BRB,USA,5541
34,231,949,1992,0,43364,-1.142722,-0.818717,BRN,USA,5541
39,231,949,1992,44939332,62214400,0.74703,1.096791,CAN,USA,5541
41,231,949,1992,1308230,35385,2.24952,1.014945,CHE,USA,5541
42,231,949,1992,59993,304892,-0.188106,-0.360151,CHL,USA,5541
43,231,949,1992,1763544,244504,0.269411,1.920075,CHN,USA,5541
49,231,949,1992,493392,592892,0.022895,0.22971799999999998,COL,USA,5541
52,231,949,1992,48807,315195,0.11654,0.191873,CRI,USA,5541
53,231,949,1992,0,5531,1.116966,2.225331,CSK,USA,5541
57,231,949,1992,0,23963,-0.10476600000000001,-0.571682,CYM,USA,5541
58,231,949,1992,0,3033,0.471516,0.668776,CYP,USA,5541
61,231,949,1992,4037578,4144442,2.2968349999999997,-2.581569,DEU,USA,5541
63,231,949,1992,977924,45085,0.9006850000000001,-0.055001999999999995,DMA,USA,5541
64,231,949,1992,30411,214362,1.696464,1.365743,DNK,USA,5541
65,231,949,1992,155575,435843,-0.338979,-0.5049279999999999,DOM,USA,5541
67,231,949,1992,129106,18716,-0.815778,-0.9415459999999999,ECU,USA,5541
68,231,949,1992,208963,59201,-0.102143,-0.17513499999999999,EGY,USA,5541
71,231,949,1992,1268843,933752,1.301511,1.730441,ESP,USA,5541
74,231,949,1992,7294,58071,1.929661,1.3477,FIN,USA,5541
75,231,949,1992,3391,9707,-0.573887,-0.6382680000000001,FJI,USA,5541
77,231,949,1992,6015000,3268321,1.682766,1.2713430000000001,FRA,USA,5541
78,231,949,1992,0,1390,-0.51381,-0.8512059999999999,FRO,USA,5541
79,231,949,1992,0,24065,-1.216624,-0.9966010000000001,FSM,USA,5541
81,231,949,1992,10787494,6180840,1.8901810000000001,0.9274030000000001,GBR,USA,5541
83,231,949,1992,0,38767,-0.936314,-0.935839,GHA,USA,5541
85,231,949,1992,0,30258,-1.11535,-1.0306,GIN,USA,5541
86,231,949,1992,0,7593,0.68221,-0.319682,GLP,USA,5541
90,231,949,1992,427498,174281,0.139504,0.743678,GRC,USA,5541
91,231,949,1992,0,6972,0.224073,-0.42973500000000003,GRD,USA,5541
93,231,949,1992,560491,131959,-0.031145999999999997,0.48874300000000004,GTM,USA,5541
94,231,949,1992,0,36949,0.9797959999999999,0.125384,GUF,USA,5541
96,231,949,1992,0,467221,-0.6447689999999999,-0.808177,GUY,USA,5541
97,231,949,1992,1194470,3461614,0.754112,1.911201,HKG,USA,5541
99,231,949,1992,0,58069,-0.5100640000000001,-0.38205900000000004,HND,USA,5541
100,231,949,1992,0,15730,0.877872,1.726188,HRV,USA,5541
101,231,949,1992,0,48346,-0.005733,-0.191027,HTI,USA,5541
102,231,949,1992,0,160834,0.9144620000000001,2.157041,HUN,USA,5541
103,231,949,1992,11979,609519,-0.5250670000000001,0.717568,IDN,USA,5541
104,231,949,1992,103934,2613,0.101094,1.6851180000000001,IND,USA,5541
106,231,949,1992,252774,915236,1.454172,1.397052,IRL,USA,5541
107,231,949,1992,0,136623,-1.195108,-1.135155,IRN,USA,5541
109,231,949,1992,0,52922,-0.076691,-0.630567,ISL,USA,5541
110,231,949,1992,524874,953012,1.354362,1.3260530000000001,ISR,USA,5541
111,231,949,1992,870239,8023343,1.7819,0.981246,ITA,USA,5541
112,231,949,1992,155152,897404,-0.200329,-0.595741,JAM,USA,5541
113,231,949,1992,2361,39905,0.716964,0.5323760000000001,JOR,USA,5541
114,231,949,1992,1198660,4312596,2.451698,0.875639,JPN,USA,5541
119,231,949,1992,0,1431,-0.047671,-0.740088,KIR,USA,5541
120,231,949,1992,14327,53070,0.542355,-0.37078,KNA,USA,5541
121,231,949,1992,2270148,4873584,0.778066,1.3011139999999999,KOR,USA,5541
122,231,949,1992,0,396065,-1.2360950000000002,-1.061771,KWT,USA,5541
124,231,949,1992,3619,177831,0.186135,0.800906,LBN,USA,5541
125,231,949,1992,0,144844,-0.790557,-0.9978870000000001,LBR,USA,5541
127,231,949,1992,0,58313,0.199639,-0.28238,LCA,USA,5541
132,231,949,1992,0,9724,0.184303,0.022494999999999998,LVA,USA,5541
133,231,949,1992,0,64630,0.249034,-0.026864,MAC,USA,5541
136,231,949,1992,0,21767,-0.977873,-0.743187,MDG,USA,5541
138,231,949,1992,9276559,7591037,0.9039370000000001,0.965842,MEX,USA,5541
139,231,949,1992,0,31888,-0.27689,-0.7125100000000001,MHL,USA,5541
142,231,949,1992,0,31012,0.828211,0.29226599999999997,MLT,USA,5541
149,231,949,1992,0,3312,1.579626,-0.115515,MSR,USA,5541
150,231,949,1992,0,26586,0.70167,-0.075327,MTQ,USA,5541
151,231,949,1992,1683,4505,-0.249558,-0.643201,MUS,USA,5541
153,231,949,1992,165083,928597,0.14268499999999998,0.370079,MYS,USA,5541
159,231,949,1992,56881,80822,-2.275923,-1.178983,NGA,USA,5541
160,231,949,1992,0,11445,-0.214083,-0.111615,NIC,USA,5541
162,231,949,1992,249959,417076,1.4315069999999999,1.7107450000000002,NLD,USA,5541
163,231,949,1992,5277,19285,0.877965,0.444983,NOR,USA,5541
166,231,949,1992,37885,131671,0.41866000000000003,0.580581,NZL,USA,5541
167,231,949,1992,0,126302,-0.906702,-1.0716709999999998,OMN,USA,5541
169,231,949,1992,6321,1196014,0.289315,0.37247199999999997,PAN,USA,5541
173,231,949,1992,1545,18094,-0.286545,-0.264638,PER,USA,5541
174,231,949,1992,654116,3954847,-0.139761,0.772109,PHL,USA,5541
176,231,949,1992,0,53410,-1.602221,-1.058247,PNG,USA,5541
177,231,949,1992,0,299892,0.581166,2.070795,POL,USA,5541
179,231,949,1992,89314,760806,0.47505,0.8402860000000001,PRT,USA,5541
180,231,949,1992,0,196101,-0.906433,-0.787177,PRY,USA,5541
182,231,949,1992,0,4996,0.217401,-0.5575180000000001,PYF,USA,5541
183,231,949,1992,0,24136,-0.491413,-1.004476,QAT,USA,5541
185,231,949,1992,0,19878,0.838817,1.358629,ROU,USA,5541
186,231,949,1992,0,66887,0.071799,0.14036099999999999,RUS,USA,5541
188,231,949,1992,0,6378820,0.416315,-0.7342489999999999,SAU,USA,5541
189,231,949,1992,0,348246,0.9474950000000001,2.442268,SCG,USA,5541
192,231,949,1992,344888,2199380,0.95691,0.892702,SGP,USA,5541
196,231,949,1992,0,3300,-0.877425,-0.798561,SLE,USA,5541
197,231,949,1992,217691,251739,0.396523,0.47548900000000005,SLV,USA,5541
205,231,949,1992,0,31759,-0.9841209999999999,-0.9359129999999999,SUR,USA,5541
208,231,949,1992,82619,240836,2.2265900000000003,0.999178,SWE,USA,5541
211,231,949,1992,0,4866,0.05767100000000001,-0.6613020000000001,SYC,USA,5541
212,231,949,1992,7725,23322,-0.566724,-0.602446,SYR,USA,5541
213,231,949,1992,0,32794,-0.215169,-0.713385,TCA,USA,5541
216,231,949,1992,315184,2910418,0.109518,1.486578,THA,USA,5541
222,231,949,1992,1485,296184,0.43506000000000006,-0.43233599999999994,TTO,USA,5541
224,231,949,1992,1466354,17806,0.160966,1.154796,TUR,USA,5541
226,231,949,1992,0,4248,-1.139271,-0.8235379999999999,TZA,USA,5541
230,231,949,1992,0,138890,0.242758,0.711781,URY,USA,5541
234,231,949,1992,0,64718,-0.219271,-0.65981,VCT,USA,5541
236,231,949,1992,180514,297051,-0.106385,-0.65975,VEN,USA,5541
237,231,949,1992,0,2600,0.910816,0.007384999999999999,VGB,USA,5541
246,231,949,1992,1913,1052970,0.236335,1.415622,ZAF,USA,5541
249,231,949,1992,1569917,5142993,1.3694790000000001,1.6227559999999999,TWN,USA,5541
7,14,949,1992,0,106979,-0.495518,-0.963358,ARE,AUS,5541
15,14,949,1992,10939,0,1.975207,0.669388,AUT,AUS,5541
18,14,949,1992,3419,0,1.449085,1.622957,BEL,AUS,5541
34,14,949,1992,0,2351,-1.142722,-0.818717,BRN,AUS,5541
39,14,949,1992,1050118,12939,0.74703,1.096791,CAN,AUS,5541
40,14,949,1992,0,1324,1.2318440000000002,0.13000799999999998,CCK,AUS,5541
41,14,949,1992,39292,5017,2.24952,1.014945,CHE,AUS,5541
42,14,949,1992,0,13038,-0.188106,-0.360151,CHL,AUS,5541
43,14,949,1992,343305,81886,0.269411,1.920075,CHN,AUS,5541
58,14,949,1992,0,6355,0.471516,0.668776,CYP,AUS,5541
61,14,949,1992,967980,0,2.2968349999999997,-2.581569,DEU,AUS,5541
64,14,949,1992,17051,10697,1.696464,1.365743,DNK,AUS,5541
71,14,949,1992,64009,6169,1.301511,1.730441,ESP,AUS,5541
75,14,949,1992,50344,116639,-0.573887,-0.6382680000000001,FJI,AUS,5541
77,14,949,1992,476704,24123,1.682766,1.2713430000000001,FRA,AUS,5541
79,14,949,1992,0,16838,-1.216624,-0.9966010000000001,FSM,AUS,5541
81,14,949,1992,2233778,28492,1.8901810000000001,0.9274030000000001,GBR,AUS,5541
90,14,949,1992,0,5515,0.139504,0.743678,GRC,AUS,5541
93,14,949,1992,93296,0,-0.031145999999999997,0.48874300000000004,GTM,AUS,5541
97,14,949,1992,138494,282821,0.754112,1.911201,HKG,AUS,5541
103,14,949,1992,120954,24814,-0.5250670000000001,0.717568,IDN,AUS,5541
104,14,949,1992,7944,0,0.101094,1.6851180000000001,IND,AUS,5541
106,14,949,1992,10780,0,1.454172,1.397052,IRL,AUS,5541
110,14,949,1992,1560603,1217,1.354362,1.3260530000000001,ISR,AUS,5541
111,14,949,1992,148595,16047,1.7819,0.981246,ITA,AUS,5541
113,14,949,1992,0,5745,0.716964,0.5323760000000001,JOR,AUS,5541
114,14,949,1992,380501,61141,2.451698,0.875639,JPN,AUS,5541
119,14,949,1992,0,71816,-0.047671,-0.740088,KIR,AUS,5541
121,14,949,1992,3692,29151,0.778066,1.3011139999999999,KOR,AUS,5541
124,14,949,1992,7298,0,0.186135,0.800906,LBN,AUS,5541
128,14,949,1992,993,9627,-0.45780600000000005,-0.221948,LKA,AUS,5541
133,14,949,1992,0,781,0.249034,-0.026864,MAC,AUS,5541
137,14,949,1992,0,2753,-0.501228,-0.8746290000000001,MDV,AUS,5541
138,14,949,1992,0,8340,0.9039370000000001,0.965842,MEX,AUS,5541
139,14,949,1992,0,1097,-0.27689,-0.7125100000000001,MHL,AUS,5541
142,14,949,1992,0,3821,0.828211,0.29226599999999997,MLT,AUS,5541
151,14,949,1992,0,21063,-0.249558,-0.643201,MUS,AUS,5541
153,14,949,1992,236145,81354,0.14268499999999998,0.370079,MYS,AUS,5541
156,14,949,1992,0,28827,-1.284672,-0.9233870000000001,NCL,AUS,5541
158,14,949,1992,0,2288,0.612239,-0.753354,NFK,AUS,5541
162,14,949,1992,32883,13537,1.4315069999999999,1.7107450000000002,NLD,AUS,5541
165,14,949,1992,0,45399,0.612259,-0.618256,NRU,AUS,5541
166,14,949,1992,1799995,3595939,0.41866000000000003,0.580581,NZL,AUS,5541
174,14,949,1992,5002,12640,-0.139761,0.772109,PHL,AUS,5541
176,14,949,1992,0,1055928,-1.602221,-1.058247,PNG,AUS,5541
177,14,949,1992,0,1878,0.581166,2.070795,POL,AUS,5541
179,14,949,1992,3137,0,0.47505,0.8402860000000001,PRT,AUS,5541
182,14,949,1992,0,1309,0.217401,-0.5575180000000001,PYF,AUS,5541
186,14,949,1992,0,1197874,0.071799,0.14036099999999999,RUS,AUS,5541
188,14,949,1992,0,10446,0.416315,-0.7342489999999999,SAU,AUS,5541
192,14,949,1992,61724,29164,0.95691,0.892702,SGP,AUS,5541
195,14,949,1992,0,82767,-1.491786,-0.9599799999999999,SLB,AUS,5541
208,14,949,1992,1832,7954,2.2265900000000003,0.999178,SWE,AUS,5541
216,14,949,1992,118314,1333,0.109518,1.486578,THA,AUS,5541
221,14,949,1992,0,2125,-0.787605,-0.880726,TON,AUS,5541
224,14,949,1992,1335,0,0.160966,1.154796,TUR,AUS,5541
225,14,949,1992,0,21242,2.621188,-0.698317,TUV,AUS,5541
231,14,949,1992,4914430,304717,1.660693,1.289752,USA,AUS,5541
240,14,949,1992,0,48499,-1.226071,-0.93215,VUT,AUS,5541
242,14,949,1992,0,22138,-0.130773,-0.751247,WSM,AUS,5541
246,14,949,1992,8028,5864,0.236335,1.415622,ZAF,AUS,5541
249,14,949,1992,11301,126161,1.3694790000000001,1.6227559999999999,TWN,AUS,5541
250,14,949,1992,1931,14501,0.989994,0.977453,ANS,AUS,5541
7,15,949,1992,0,2608,-0.495518,-0.963358,ARE,AUT,5541
14,15,949,1992,0,10939,0.083812,0.637224,AUS,AUT,5541
18,15,949,1992,11305,13120,1.449085,1.622957,BEL,AUT,5541
22,15,949,1992,4069,0,-0.608254,-0.921751,BGD,AUT,5541
23,15,949,1992,0,41789,0.503161,1.871616,BGR,AUT,5541
39,15,949,1992,3993,11210,0.74703,1.096791,CAN,AUT,5541
41,15,949,1992,229001,125826,2.24952,1.014945,CHE,AUT,5541
43,15,949,1992,1330,0,0.269411,1.920075,CHN,AUT,5541
53,15,949,1992,0,66777,1.116966,2.225331,CSK,AUT,5541
61,15,949,1992,11759446,1442750,2.2968349999999997,-2.581569,DEU,AUT,5541
64,15,949,1992,56150,7446,1.696464,1.365743,DNK,AUT,5541
71,15,949,1992,23458,21483,1.301511,1.730441,ESP,AUT,5541
73,15,949,1992,0,25087,-1.036482,-1.078446,ETH,AUT,5541
74,15,949,1992,13575,3844,1.929661,1.3477,FIN,AUT,5541
77,15,949,1992,1475662,15594,1.682766,1.2713430000000001,FRA,AUT,5541
81,15,949,1992,1794972,76758,1.8901810000000001,0.9274030000000001,GBR,AUT,5541
82,15,949,1992,0,2762,0.392506,-0.43089399999999994,GEO,AUT,5541
90,15,949,1992,5907,7836,0.139504,0.743678,GRC,AUT,5541
97,15,949,1992,54135,0,0.754112,1.911201,HKG,AUT,5541
100,15,949,1992,0,53310,0.877872,1.726188,HRV,AUT,5541
102,15,949,1992,84989,396997,0.9144620000000001,2.157041,HUN,AUT,5541
103,15,949,1992,0,2043,-0.5250670000000001,0.717568,IDN,AUT,5541
104,15,949,1992,7447,0,0.101094,1.6851180000000001,IND,AUT,5541
106,15,949,1992,7838,0,1.454172,1.397052,IRL,AUT,5541
109,15,949,1992,0,1619,-0.076691,-0.630567,ISL,AUT,5541
110,15,949,1992,30559,0,1.354362,1.3260530000000001,ISR,AUT,5541
111,15,949,1992,1378897,134494,1.7819,0.981246,ITA,AUT,5541
113,15,949,1992,0,3747,0.716964,0.5323760000000001,JOR,AUT,5541
114,15,949,1992,15271,9807,2.451698,0.875639,JPN,AUT,5541
122,15,949,1992,0,32068,-1.2360950000000002,-1.061771,KWT,AUT,5541
142,15,949,1992,8068,0,0.828211,0.29226599999999997,MLT,AUT,5541
162,15,949,1992,802801,6001,1.4315069999999999,1.7107450000000002,NLD,AUT,5541
163,15,949,1992,11682,8647,0.877965,0.444983,NOR,AUT,5541
167,15,949,1992,0,1234,-0.906702,-1.0716709999999998,OMN,AUT,5541
168,15,949,1992,0,1700,-0.480152,-0.361705,PAK,AUT,5541
177,15,949,1992,0,280115,0.581166,2.070795,POL,AUT,5541
185,15,949,1992,0,188302,0.838817,1.358629,ROU,AUT,5541
186,15,949,1992,0,17709,0.071799,0.14036099999999999,RUS,AUT,5541
189,15,949,1992,0,72104,0.9474950000000001,2.442268,SCG,AUT,5541
207,15,949,1992,35402,240846,1.3270629999999999,1.605534,SVN,AUT,5541
208,15,949,1992,78481,132537,2.2265900000000003,0.999178,SWE,AUT,5541
224,15,949,1992,215327,2011,0.160966,1.154796,TUR,AUT,5541
228,15,949,1992,0,5167,0.375148,0.23747,UKR,AUT,5541
231,15,949,1992,192381,17542,1.660693,1.289752,USA,AUT,5541
246,15,949,1992,970,3338,0.236335,1.415622,ZAF,AUT,5541
249,15,949,1992,3893,4587,1.3694790000000001,1.6227559999999999,TWN,AUT,5541
15,22,949,1992,0,4069,1.975207,0.669388,AUT,BGD,5541
43,22,949,1992,1540,0,0.269411,1.920075,CHN,BGD,5541
81,22,949,1992,2335,0,1.8901810000000001,0.9274030000000001,GBR,BGD,5541
103,22,949,1992,20072,0,-0.5250670000000001,0.717568,IDN,BGD,5541
111,22,949,1992,0,1810,1.7819,0.981246,ITA,BGD,5541
166,22,949,1992,0,1127,0.41866000000000003,0.580581,NZL,BGD,5541
168,22,949,1992,15968,0,-0.480152,-0.361705,PAK,BGD,5541
192,22,949,1992,29853,823,0.95691,0.892702,SGP,BGD,5541
15,23,949,1992,41789,0,1.975207,0.669388,AUT,BGR,5541
18,23,949,1992,91206,0,1.449085,1.622957,BEL,BGR,5541
31,23,949,1992,0,2016,-0.609826,-0.693473,BOL,BGR,5541
41,23,949,1992,2164,0,2.24952,1.014945,CHE,BGR,5541
43,23,949,1992,4902,0,0.269411,1.920075,CHN,BGR,5541
53,23,949,1992,1914,0,1.116966,2.225331,CSK,BGR,5541
58,23,949,1992,1077,0,0.471516,0.668776,CYP,BGR,5541
61,23,949,1992,268498,0,2.2968349999999997,-2.581569,DEU,BGR,5541
71,23,949,1992,12472,0,1.301511,1.730441,ESP,BGR,5541
77,23,949,1992,105487,0,1.682766,1.2713430000000001,FRA,BGR,5541
81,23,949,1992,93542,0,1.8901810000000001,0.9274030000000001,GBR,BGR,5541
90,23,949,1992,113708,0,0.139504,0.743678,GRC,BGR,5541
97,23,949,1992,3482,0,0.754112,1.911201,HKG,BGR,5541
102,23,949,1992,41646,0,0.9144620000000001,2.157041,HUN,BGR,5541
110,23,949,1992,21188,0,1.354362,1.3260530000000001,ISR,BGR,5541
111,23,949,1992,156984,0,1.7819,0.981246,ITA,BGR,5541
113,23,949,1992,9663,0,0.716964,0.5323760000000001,JOR,BGR,5541
124,23,949,1992,4527,0,0.186135,0.800906,LBN,BGR,5541
132,23,949,1992,24825,0,0.184303,0.022494999999999998,LVA,BGR,5541
142,23,949,1992,28197,0,0.828211,0.29226599999999997,MLT,BGR,5541
162,23,949,1992,11043,0,1.4315069999999999,1.7107450000000002,NLD,BGR,5541
169,23,949,1992,1745,0,0.289315,0.37247199999999997,PAN,BGR,5541
177,23,949,1992,9278,0,0.581166,2.070795,POL,BGR,5541
185,23,949,1992,4801,0,0.838817,1.358629,ROU,BGR,5541
186,23,949,1992,19392,0,0.071799,0.14036099999999999,RUS,BGR,5541
189,23,949,1992,12132,80510,0.9474950000000001,2.442268,SCG,BGR,5541
212,23,949,1992,1206,0,-0.566724,-0.602446,SYR,BGR,5541
224,23,949,1992,59144,0,0.160966,1.154796,TUR,BGR,5541
228,23,949,1992,10674,0,0.375148,0.23747,UKR,BGR,5541
250,23,949,1992,2753,0,0.989994,0.977453,ANS,BGR,5541
14,39,949,1992,12939,1050118,0.083812,0.637224,AUS,CAN,5541
15,39,949,1992,11210,3993,1.975207,0.669388,AUT,CAN,5541
18,39,949,1992,43978,12001,1.449085,1.622957,BEL,CAN,5541
24,39,949,1992,0,11322,0.047396,-0.554517,BHR,CAN,5541
30,39,949,1992,0,1196,0.302027,-0.450866,BMU,CAN,5541
32,39,949,1992,83583,12031,0.685144,1.5676709999999998,BRA,CAN,5541
41,39,949,1992,75364,6400,2.24952,1.014945,CHE,CAN,5541
42,39,949,1992,547287,5586,-0.188106,-0.360151,CHL,CAN,5541
43,39,949,1992,367318,0,0.269411,1.920075,CHN,CAN,5541
53,39,949,1992,0,26744,1.116966,2.225331,CSK,CAN,5541
54,39,949,1992,0,19020,-0.719011,-1.077984,CUB,CAN,5541
61,39,949,1992,5724122,51152,2.2968349999999997,-2.581569,DEU,CAN,5541
64,39,949,1992,14737,12103,1.696464,1.365743,DNK,CAN,5541
71,39,949,1992,211684,20111,1.301511,1.730441,ESP,CAN,5541
74,39,949,1992,1649,0,1.929661,1.3477,FIN,CAN,5541
75,39,949,1992,4540,0,-0.573887,-0.6382680000000001,FJI,CAN,5541
77,39,949,1992,969605,105819,1.682766,1.2713430000000001,FRA,CAN,5541
81,39,949,1992,6754534,138863,1.8901810000000001,0.9274030000000001,GBR,CAN,5541
83,39,949,1992,0,3092,-0.936314,-0.935839,GHA,CAN,5541
90,39,949,1992,432564,31960,0.139504,0.743678,GRC,CAN,5541
93,39,949,1992,797102,0,-0.031145999999999997,0.48874300000000004,GTM,CAN,5541
96,39,949,1992,0,8373,-0.6447689999999999,-0.808177,GUY,CAN,5541
97,39,949,1992,130961,33105,0.754112,1.911201,HKG,CAN,5541
102,39,949,1992,0,62186,0.9144620000000001,2.157041,HUN,CAN,5541
103,39,949,1992,38661,0,-0.5250670000000001,0.717568,IDN,CAN,5541
104,39,949,1992,26557,0,0.101094,1.6851180000000001,IND,CAN,5541
106,39,949,1992,8679,0,1.454172,1.397052,IRL,CAN,5541
109,39,949,1992,0,925,-0.076691,-0.630567,ISL,CAN,5541
110,39,949,1992,57554,2185,1.354362,1.3260530000000001,ISR,CAN,5541
111,39,949,1992,357208,299243,1.7819,0.981246,ITA,CAN,5541
112,39,949,1992,8282,1083,-0.200329,-0.595741,JAM,CAN,5541
113,39,949,1992,0,11317,0.716964,0.5323760000000001,JOR,CAN,5541
114,39,949,1992,46892,16638,2.451698,0.875639,JPN,CAN,5541
121,39,949,1992,59211,178923,0.778066,1.3011139999999999,KOR,CAN,5541
122,39,949,1992,0,1974,-1.2360950000000002,-1.061771,KWT,CAN,5541
124,39,949,1992,2773,2825,0.186135,0.800906,LBN,CAN,5541
128,39,949,1992,14295,0,-0.45780600000000005,-0.221948,LKA,CAN,5541
136,39,949,1992,0,2769,-0.977873,-0.743187,MDG,CAN,5541
138,39,949,1992,961923,23917,0.9039370000000001,0.965842,MEX,CAN,5541
153,39,949,1992,92284,23915,0.14268499999999998,0.370079,MYS,CAN,5541
159,39,949,1992,2409,0,-2.275923,-1.178983,NGA,CAN,5541
160,39,949,1992,0,1104,-0.214083,-0.111615,NIC,CAN,5541
162,39,949,1992,240957,4479,1.4315069999999999,1.7107450000000002,NLD,CAN,5541
163,39,949,1992,0,8843,0.877965,0.444983,NOR,CAN,5541
166,39,949,1992,7274,0,0.41866000000000003,0.580581,NZL,CAN,5541
173,39,949,1992,0,22372,-0.286545,-0.264638,PER,CAN,5541
174,39,949,1992,4685,79437,-0.139761,0.772109,PHL,CAN,5541
177,39,949,1992,0,5801,0.581166,2.070795,POL,CAN,5541
179,39,949,1992,26499,0,0.47505,0.8402860000000001,PRT,CAN,5541
183,39,949,1992,0,2696,-0.491413,-1.004476,QAT,CAN,5541
185,39,949,1992,0,6005,0.838817,1.358629,ROU,CAN,5541
186,39,949,1992,0,1180,0.071799,0.14036099999999999,RUS,CAN,5541
188,39,949,1992,0,20412,0.416315,-0.7342489999999999,SAU,CAN,5541
189,39,949,1992,0,3015,0.9474950000000001,2.442268,SCG,CAN,5541
192,39,949,1992,6611,20214,0.95691,0.892702,SGP,CAN,5541
197,39,949,1992,0,4835,0.396523,0.47548900000000005,SLV,CAN,5541
208,39,949,1992,119189,43971,2.2265900000000003,0.999178,SWE,CAN,5541
216,39,949,1992,2839,3460,0.109518,1.486578,THA,CAN,5541
222,39,949,1992,1025,17646,0.43506000000000006,-0.43233599999999994,TTO,CAN,5541
231,39,949,1992,62214400,44939332,1.660693,1.289752,USA,CAN,5541
246,39,949,1992,0,777716,0.236335,1.415622,ZAF,CAN,5541
249,39,949,1992,13156,94617,1.3694790000000001,1.6227559999999999,TWN,CAN,5541
250,39,949,1992,1260,0,0.989994,0.977453,ANS,CAN,5541
4,41,949,1992,0,4748,-0.24194200000000002,-0.395524,ALB,CHE,5541
7,41,949,1992,0,67557,-0.495518,-0.963358,ARE,CHE,5541
8,41,949,1992,0,6861,0.043179,0.553408,ARG,CHE,5541
14,41,949,1992,5017,39292,0.083812,0.637224,AUS,CHE,5541
15,41,949,1992,125826,229001,1.975207,0.669388,AUT,CHE,5541
18,41,949,1992,216853,100396,1.449085,1.622957,BEL,CHE,5541
23,41,949,1992,0,2164,0.503161,1.871616,BGR,CHE,5541
24,41,949,1992,0,30742,0.047396,-0.554517,BHR,CHE,5541
26,41,949,1992,0,7167,0.76031,1.212207,BIH,CHE,5541
39,41,949,1992,6400,75364,0.74703,1.096791,CAN,CHE,5541
42,41,949,1992,0,2018,-0.188106,-0.360151,CHL,CHE,5541
43,41,949,1992,83285,1525,0.269411,1.920075,CHN,CHE,5541
47,41,949,1992,0,1469,-2.019876,-1.1048360000000002,COG,CHE,5541
53,41,949,1992,0,21987,1.116966,2.225331,CSK,CHE,5541
61,41,949,1992,8732044,2827107,2.2968349999999997,-2.581569,DEU,CHE,5541
62,41,949,1992,0,2936,0.708593,1.196323,DJI,CHE,5541
64,41,949,1992,32079,15069,1.696464,1.365743,DNK,CHE,5541
71,41,949,1992,185661,145852,1.301511,1.730441,ESP,CHE,5541
73,41,949,1992,0,707,-1.036482,-1.078446,ETH,CHE,5541
74,41,949,1992,0,13414,1.929661,1.3477,FIN,CHE,5541
77,41,949,1992,2950864,1436553,1.682766,1.2713430000000001,FRA,CHE,5541
78,41,949,1992,0,69,-0.51381,-0.8512059999999999,FRO,CHE,5541
81,41,949,1992,787670,848560,1.8901810000000001,0.9274030000000001,GBR,CHE,5541
83,41,949,1992,0,8657,-0.936314,-0.935839,GHA,CHE,5541
85,41,949,1992,0,1534,-1.11535,-1.0306,GIN,CHE,5541
86,41,949,1992,0,5184,0.68221,-0.319682,GLP,CHE,5541
90,41,949,1992,0,16291,0.139504,0.743678,GRC,CHE,5541
97,41,949,1992,32555,76073,0.754112,1.911201,HKG,CHE,5541
102,41,949,1992,0,4857,0.9144620000000001,2.157041,HUN,CHE,5541
104,41,949,1992,2807,0,0.101094,1.6851180000000001,IND,CHE,5541
106,41,949,1992,57343,55028,1.454172,1.397052,IRL,CHE,5541
107,41,949,1992,0,28508,-1.195108,-1.135155,IRN,CHE,5541
109,41,949,1992,0,1276,-0.076691,-0.630567,ISL,CHE,5541
110,41,949,1992,4730,363214,1.354362,1.3260530000000001,ISR,CHE,5541
111,41,949,1992,1505246,86370,1.7819,0.981246,ITA,CHE,5541
113,41,949,1992,0,6719,0.716964,0.5323760000000001,JOR,CHE,5541
114,41,949,1992,9860,182621,2.451698,0.875639,JPN,CHE,5541
116,41,949,1992,0,6207,-0.31818,-0.096856,KEN,CHE,5541
121,41,949,1992,0,47206,0.778066,1.3011139999999999,KOR,CHE,5541
122,41,949,1992,0,7296,-1.2360950000000002,-1.061771,KWT,CHE,5541
128,41,949,1992,1974,0,-0.45780600000000005,-0.221948,LKA,CHE,5541
134,41,949,1992,0,89044,-0.339711,-0.265987,MAR,CHE,5541
138,41,949,1992,4813,4144,0.9039370000000001,0.965842,MEX,CHE,5541
150,41,949,1992,0,5063,0.70167,-0.075327,MTQ,CHE,5541
153,41,949,1992,228964,16387,0.14268499999999998,0.370079,MYS,CHE,5541
159,41,949,1992,0,3393,-2.275923,-1.178983,NGA,CHE,5541
162,41,949,1992,1205427,296151,1.4315069999999999,1.7107450000000002,NLD,CHE,5541
163,41,949,1992,18882,7032,0.877965,0.444983,NOR,CHE,5541
166,41,949,1992,0,7152,0.41866000000000003,0.580581,NZL,CHE,5541
167,41,949,1992,0,4096,-0.906702,-1.0716709999999998,OMN,CHE,5541
168,41,949,1992,2787,0,-0.480152,-0.361705,PAK,CHE,5541
169,41,949,1992,1866,0,0.289315,0.37247199999999997,PAN,CHE,5541
173,41,949,1992,0,1915,-0.286545,-0.264638,PER,CHE,5541
177,41,949,1992,6836,79528,0.581166,2.070795,POL,CHE,5541
179,41,949,1992,35653,10002,0.47505,0.8402860000000001,PRT,CHE,5541
183,41,949,1992,0,1370,-0.491413,-1.004476,QAT,CHE,5541
188,41,949,1992,0,86621,0.416315,-0.7342489999999999,SAU,CHE,5541
189,41,949,1992,0,3965,0.9474950000000001,2.442268,SCG,CHE,5541
191,41,949,1992,0,1622,-0.43371800000000005,-0.679547,SEN,CHE,5541
192,41,949,1992,43456,143412,0.95691,0.892702,SGP,CHE,5541
207,41,949,1992,0,11496,1.3270629999999999,1.605534,SVN,CHE,5541
208,41,949,1992,139236,65896,2.2265900000000003,0.999178,SWE,CHE,5541
216,41,949,1992,0,2974,0.109518,1.486578,THA,CHE,5541
223,41,949,1992,16353,0,0.14482,-0.13608,TUN,CHE,5541
224,41,949,1992,19032,2501,0.160966,1.154796,TUR,CHE,5541
226,41,949,1992,0,1661,-1.139271,-0.8235379999999999,TZA,CHE,5541
230,41,949,1992,15072,0,0.242758,0.711781,URY,CHE,5541
231,41,949,1992,35385,1308230,1.660693,1.289752,USA,CHE,5541
246,41,949,1992,164760,8480,0.236335,1.415622,ZAF,CHE,5541
247,41,949,1992,0,2680,-0.9865219999999999,-1.076062,ZMB,CHE,5541
249,41,949,1992,3341,28999,1.3694790000000001,1.6227559999999999,TWN,CHE,5541
250,41,949,1992,1815,1202,0.989994,0.977453,ANS,CHE,5541
8,42,949,1992,917223,2361992,0.043179,0.553408,ARG,CHL,5541
14,42,949,1992,13038,0,0.083812,0.637224,AUS,CHL,5541
18,42,949,1992,35599,0,1.449085,1.622957,BEL,CHL,5541
31,42,949,1992,0,438236,-0.609826,-0.693473,BOL,CHL,5541
32,42,949,1992,49424,8509,0.685144,1.5676709999999998,BRA,CHL,5541
39,42,949,1992,5586,547287,0.74703,1.096791,CAN,CHL,5541
41,42,949,1992,2018,0,2.24952,1.014945,CHE,CHL,5541
49,42,949,1992,7528,0,0.022895,0.22971799999999998,COL,CHL,5541
54,42,949,1992,0,2464,-0.719011,-1.077984,CUB,CHL,5541
61,42,949,1992,256635,0,2.2968349999999997,-2.581569,DEU,CHL,5541
64,42,949,1992,1008,0,1.696464,1.365743,DNK,CHL,5541
67,42,949,1992,8137,0,-0.815778,-0.9415459999999999,ECU,CHL,5541
71,42,949,1992,92823,0,1.301511,1.730441,ESP,CHL,5541
74,42,949,1992,113362,0,1.929661,1.3477,FIN,CHL,5541
77,42,949,1992,159386,0,1.682766,1.2713430000000001,FRA,CHL,5541
81,42,949,1992,108361,0,1.8901810000000001,0.9274030000000001,GBR,CHL,5541
97,42,949,1992,33852,0,0.754112,1.911201,HKG,CHL,5541
103,42,949,1992,9040,0,-0.5250670000000001,0.717568,IDN,CHL,5541
104,42,949,1992,1350,0,0.101094,1.6851180000000001,IND,CHL,5541
110,42,949,1992,33611,0,1.354362,1.3260530000000001,ISR,CHL,5541
111,42,949,1992,101209,1118,1.7819,0.981246,ITA,CHL,5541
114,42,949,1992,2154,0,2.451698,0.875639,JPN,CHL,5541
121,42,949,1992,0,8199,0.778066,1.3011139999999999,KOR,CHL,5541
138,42,949,1992,1004,5072,0.9039370000000001,0.965842,MEX,CHL,5541
162,42,949,1992,6031,0,1.4315069999999999,1.7107450000000002,NLD,CHL,5541
169,42,949,1992,1265,0,0.289315,0.37247199999999997,PAN,CHL,5541
173,42,949,1992,4267,165734,-0.286545,-0.264638,PER,CHL,5541
180,42,949,1992,0,50553,-0.906433,-0.787177,PRY,CHL,5541
208,42,949,1992,0,12692,2.2265900000000003,0.999178,SWE,CHL,5541
230,42,949,1992,141093,45290,0.242758,0.711781,URY,CHL,5541
231,42,949,1992,304892,59993,1.660693,1.289752,USA,CHL,5541
236,42,949,1992,8367,0,-0.106385,-0.65975,VEN,CHL,5541
250,42,949,1992,16196,1713,0.989994,0.977453,ANS,CHL,5541
2,68,949,1992,0,30796,-1.90642,-1.061544,AGO,EGY,5541
61,68,949,1992,366882,0,2.2968349999999997,-2.581569,DEU,EGY,5541
62,68,949,1992,0,8254,0.708593,1.196323,DJI,EGY,5541
64,68,949,1992,15862,0,1.696464,1.365743,DNK,EGY,5541
66,68,949,1992,0,28294,-0.24189699999999997,-0.9399219999999999,DZA,EGY,5541
73,68,949,1992,0,12410,-1.036482,-1.078446,ETH,EGY,5541
77,68,949,1992,287420,6068,1.682766,1.2713430000000001,FRA,EGY,5541
81,68,949,1992,846617,30147,1.8901810000000001,0.9274030000000001,GBR,EGY,5541
103,68,949,1992,96206,0,-0.5250670000000001,0.717568,IDN,EGY,5541
111,68,949,1992,10464,0,1.7819,0.981246,ITA,EGY,5541
113,68,949,1992,0,3643206,0.716964,0.5323760000000001,JOR,EGY,5541
114,68,949,1992,14170,0,2.451698,0.875639,JPN,EGY,5541
122,68,949,1992,0,1810,-1.2360950000000002,-1.061771,KWT,EGY,5541
126,68,949,1992,0,536152,-0.333309,-0.981883,LBY,EGY,5541
142,68,949,1992,139202,0,0.828211,0.29226599999999997,MLT,EGY,5541
152,68,949,1992,0,84876,-1.368384,-1.205314,MWI,EGY,5541
162,68,949,1992,3154,0,1.4315069999999999,1.7107450000000002,NLD,EGY,5541
167,68,949,1992,0,41494,-0.906702,-1.0716709999999998,OMN,EGY,5541
177,68,949,1992,0,30588,0.581166,2.070795,POL,EGY,5541
179,68,949,1992,2564,0,0.47505,0.8402860000000001,PRT,EGY,5541
183,68,949,1992,0,2619,-0.491413,-1.004476,QAT,EGY,5541
186,68,949,1992,0,587280,0.071799,0.14036099999999999,RUS,EGY,5541
188,68,949,1992,0,154957,0.416315,-0.7342489999999999,SAU,EGY,5541
190,68,949,1992,0,31589,-0.930193,-1.02726,SDN,EGY,5541
191,68,949,1992,0,11302,-0.43371800000000005,-0.679547,SEN,EGY,5541
224,68,949,1992,3066538,0,0.160966,1.154796,TUR,EGY,5541
231,68,949,1992,59201,208963,1.660693,1.289752,USA,EGY,5541
246,68,949,1992,0,1339,0.236335,1.415622,ZAF,EGY,5541
250,68,949,1992,44661,0,0.989994,0.977453,ANS,EGY,5541
15,100,949,1992,53310,0,1.975207,0.669388,AUT,HRV,5541
18,100,949,1992,16783,0,1.449085,1.622957,BEL,HRV,5541
26,100,949,1992,40203,301084,0.76031,1.212207,BIH,HRV,5541
53,100,949,1992,21082,3554,1.116966,2.225331,CSK,HRV,5541
61,100,949,1992,181651,0,2.2968349999999997,-2.581569,DEU,HRV,5541
64,100,949,1992,5160,0,1.696464,1.365743,DNK,HRV,5541
74,100,949,1992,1235,0,1.929661,1.3477,FIN,HRV,5541
77,100,949,1992,290822,0,1.682766,1.2713430000000001,FRA,HRV,5541
81,100,949,1992,51284,0,1.8901810000000001,0.9274030000000001,GBR,HRV,5541
102,100,949,1992,14012,8292,0.9144620000000001,2.157041,HUN,HRV,5541
111,100,949,1992,1009912,0,1.7819,0.981246,ITA,HRV,5541
142,100,949,1992,1324,0,0.828211,0.29226599999999997,MLT,HRV,5541
162,100,949,1992,275265,0,1.4315069999999999,1.7107450000000002,NLD,HRV,5541
186,100,949,1992,0,20084,0.071799,0.14036099999999999,RUS,HRV,5541
189,100,949,1992,0,14025,0.9474950000000001,2.442268,SCG,HRV,5541
207,100,949,1992,507236,184993,1.3270629999999999,1.605534,SVN,HRV,5541
208,100,949,1992,844,0,2.2265900000000003,0.999178,SWE,HRV,5541
224,100,949,1992,549,0,0.160966,1.154796,TUR,HRV,5541
231,100,949,1992,15730,0,1.660693,1.289752,USA,HRV,5541
250,100,949,1992,2670,149074,0.989994,0.977453,ANS,HRV,5541
4,102,949,1992,0,14050,-0.24194200000000002,-0.395524,ALB,HUN,5541
15,102,949,1992,396997,84989,1.975207,0.669388,AUT,HUN,5541
18,102,949,1992,26324,314431,1.449085,1.622957,BEL,HUN,5541
23,102,949,1992,0,41646,0.503161,1.871616,BGR,HUN,5541
39,102,949,1992,62186,0,0.74703,1.096791,CAN,HUN,5541
41,102,949,1992,4857,0,2.24952,1.014945,CHE,HUN,5541
53,102,949,1992,0,5374,1.116966,2.225331,CSK,HUN,5541
61,102,949,1992,897032,204092,2.2968349999999997,-2.581569,DEU,HUN,5541
64,102,949,1992,133802,0,1.696464,1.365743,DNK,HUN,5541
71,102,949,1992,2938,0,1.301511,1.730441,ESP,HUN,5541
74,102,949,1992,6397,0,1.929661,1.3477,FIN,HUN,5541
77,102,949,1992,1095711,10374,1.682766,1.2713430000000001,FRA,HUN,5541
81,102,949,1992,422868,0,1.8901810000000001,0.9274030000000001,GBR,HUN,5541
90,102,949,1992,39998,0,0.139504,0.743678,GRC,HUN,5541
97,102,949,1992,34157,0,0.754112,1.911201,HKG,HUN,5541
100,102,949,1992,8292,14012,0.877872,1.726188,HRV,HUN,5541
103,102,949,1992,2482,0,-0.5250670000000001,0.717568,IDN,HUN,5541
106,102,949,1992,1654,0,1.454172,1.397052,IRL,HUN,5541
110,102,949,1992,124007,0,1.354362,1.3260530000000001,ISR,HUN,5541
111,102,949,1992,224346,207203,1.7819,0.981246,ITA,HUN,5541
121,102,949,1992,1859,0,0.778066,1.3011139999999999,KOR,HUN,5541
162,102,949,1992,185737,538963,1.4315069999999999,1.7107450000000002,NLD,HUN,5541
174,102,949,1992,9949,0,-0.139761,0.772109,PHL,HUN,5541
177,102,949,1992,21982,14414,0.581166,2.070795,POL,HUN,5541
185,102,949,1992,0,66183,0.838817,1.358629,ROU,HUN,5541
186,102,949,1992,0,37049,0.071799,0.14036099999999999,RUS,HUN,5541
188,102,949,1992,0,10310,0.416315,-0.7342489999999999,SAU,HUN,5541
189,102,949,1992,0,538187,0.9474950000000001,2.442268,SCG,HUN,5541
207,102,949,1992,146827,5997,1.3270629999999999,1.605534,SVN,HUN,5541
208,102,949,1992,26022,0,2.2265900000000003,0.999178,SWE,HUN,5541
224,102,949,1992,145805,0,0.160966,1.154796,TUR,HUN,5541
231,102,949,1992,160834,0,1.660693,1.289752,USA,HUN,5541
239,102,949,1992,0,9000,-0.989259,-0.43416099999999996,VNM,HUN,5541
250,102,949,1992,0,1001,0.989994,0.977453,ANS,HUN,5541
1,103,949,1992,0,21666,-0.347989,-0.539361,AFG,IDN,5541
2,103,949,1992,0,1038253,-1.90642,-1.061544,AGO,IDN,5541
7,103,949,1992,0,442820,-0.495518,-0.963358,ARE,IDN,5541
14,103,949,1992,24814,120954,0.083812,0.637224,AUS,IDN,5541
15,103,949,1992,2043,0,1.975207,0.669388,AUT,IDN,5541
18,103,949,1992,0,34429,1.449085,1.622957,BEL,IDN,5541
22,103,949,1992,0,20072,-0.608254,-0.921751,BGD,IDN,5541
24,103,949,1992,0,16001,0.047396,-0.554517,BHR,IDN,5541
34,103,949,1992,0,48554,-1.142722,-0.818717,BRN,IDN,5541
39,103,949,1992,0,38661,0.74703,1.096791,CAN,IDN,5541
42,103,949,1992,0,9040,-0.188106,-0.360151,CHL,IDN,5541
43,103,949,1992,375884,56814,0.269411,1.920075,CHN,IDN,5541
44,103,949,1992,0,143273,-1.689731,-1.070179,CIV,IDN,5541
45,103,949,1992,0,62349,-2.0470759999999997,-1.184491,CMR,IDN,5541
47,103,949,1992,0,33449,-2.019876,-1.1048360000000002,COG,IDN,5541
53,103,949,1992,0,1845,1.116966,2.225331,CSK,IDN,5541
61,103,949,1992,195569,61237,2.2968349999999997,-2.581569,DEU,IDN,5541
64,103,949,1992,0,3061,1.696464,1.365743,DNK,IDN,5541
68,103,949,1992,0,96206,-0.102143,-0.17513499999999999,EGY,IDN,5541
71,103,949,1992,0,95470,1.301511,1.730441,ESP,IDN,5541
73,103,949,1992,0,1280419,-1.036482,-1.078446,ETH,IDN,5541
75,103,949,1992,0,269326,-0.573887,-0.6382680000000001,FJI,IDN,5541
77,103,949,1992,19599,81430,1.682766,1.2713430000000001,FRA,IDN,5541
80,103,949,1992,0,38960,-1.683572,-1.0855620000000001,GAB,IDN,5541
81,103,949,1992,43314,79087,1.8901810000000001,0.9274030000000001,GBR,IDN,5541
83,103,949,1992,0,2352597,-0.936314,-0.935839,GHA,IDN,5541
85,103,949,1992,0,50803,-1.11535,-1.0306,GIN,IDN,5541
88,103,949,1992,0,53927,-0.22399299999999997,-0.667562,GNB,IDN,5541
90,103,949,1992,0,54357,0.139504,0.743678,GRC,IDN,5541
97,103,949,1992,519750,6959734,0.754112,1.911201,HKG,IDN,5541
102,103,949,1992,0,2482,0.9144620000000001,2.157041,HUN,IDN,5541
104,103,949,1992,31083,0,0.101094,1.6851180000000001,IND,IDN,5541
107,103,949,1992,0,190731,-1.195108,-1.135155,IRN,IDN,5541
111,103,949,1992,1709,0,1.7819,0.981246,ITA,IDN,5541
112,103,949,1992,0,156949,-0.200329,-0.595741,JAM,IDN,5541
113,103,949,1992,0,7261,0.716964,0.5323760000000001,JOR,IDN,5541
114,103,949,1992,90974,18522,2.451698,0.875639,JPN,IDN,5541
121,103,949,1992,136592,1117308,0.778066,1.3011139999999999,KOR,IDN,5541
122,103,949,1992,0,43434,-1.2360950000000002,-1.061771,KWT,IDN,5541
123,103,949,1992,0,57455,-1.03711,-1.114235,LAO,IDN,5541
125,103,949,1992,0,699851,-0.790557,-0.9978870000000001,LBR,IDN,5541
126,103,949,1992,0,14831,-0.333309,-0.981883,LBY,IDN,5541
133,103,949,1992,0,998543,0.249034,-0.026864,MAC,IDN,5541
136,103,949,1992,0,219958,-0.977873,-0.743187,MDG,IDN,5541
143,103,949,1992,0,523910,-1.030267,-0.770368,MMR,IDN,5541
147,103,949,1992,0,96821,-0.119653,-0.28381100000000004,MOZ,IDN,5541
148,103,949,1992,0,80046,-1.270091,-1.116622,MRT,IDN,5541
150,103,949,1992,0,15631,0.70167,-0.075327,MTQ,IDN,5541
151,103,949,1992,0,31946,-0.249558,-0.643201,MUS,IDN,5541
153,103,949,1992,195221,2865578,0.14268499999999998,0.370079,MYS,IDN,5541
159,103,949,1992,0,1675685,-2.275923,-1.178983,NGA,IDN,5541
162,103,949,1992,0,525317,1.4315069999999999,1.7107450000000002,NLD,IDN,5541
166,103,949,1992,1671,170606,0.41866000000000003,0.580581,NZL,IDN,5541
168,103,949,1992,0,31888,-0.480152,-0.361705,PAK,IDN,5541
169,103,949,1992,0,40447,0.289315,0.37247199999999997,PAN,IDN,5541
174,103,949,1992,1166,32464,-0.139761,0.772109,PHL,IDN,5541
176,103,949,1992,0,716153,-1.602221,-1.058247,PNG,IDN,5541
177,103,949,1992,0,518236,0.581166,2.070795,POL,IDN,5541
178,103,949,1992,0,1920270,0.201042,0.477547,PRK,IDN,5541
183,103,949,1992,0,9024,-0.491413,-1.004476,QAT,IDN,5541
184,103,949,1992,0,10040,0.251216,-0.448812,REU,IDN,5541
185,103,949,1992,0,2085,0.838817,1.358629,ROU,IDN,5541
188,103,949,1992,0,462883,0.416315,-0.7342489999999999,SAU,IDN,5541
189,103,949,1992,0,18748,0.9474950000000001,2.442268,SCG,IDN,5541
191,103,949,1992,0,72514,-0.43371800000000005,-0.679547,SEN,IDN,5541
192,103,949,1992,174569,6067732,0.95691,0.892702,SGP,IDN,5541
196,103,949,1992,0,263772,-0.877425,-0.798561,SLE,IDN,5541
205,103,949,1992,0,39150,-0.9841209999999999,-0.9359129999999999,SUR,IDN,5541
208,103,949,1992,0,57819,2.2265900000000003,0.999178,SWE,IDN,5541
215,103,949,1992,0,44205,-1.199292,-1.082889,TGO,IDN,5541
216,103,949,1992,1900,2884,0.109518,1.486578,THA,IDN,5541
220,103,949,1992,0,24990,1.625858,-0.380614,TLS,IDN,5541
226,103,949,1992,0,947717,-1.139271,-0.8235379999999999,TZA,IDN,5541
227,103,949,1992,0,11270,-1.264399,-1.0359450000000001,UGA,IDN,5541
231,103,949,1992,609519,11979,1.660693,1.289752,USA,IDN,5541
236,103,949,1992,0,19724,-0.106385,-0.65975,VEN,IDN,5541
239,103,949,1992,0,57386,-0.989259,-0.43416099999999996,VNM,IDN,5541
246,103,949,1992,0,60241,0.236335,1.415622,ZAF,IDN,5541
247,103,949,1992,0,89000,-0.9865219999999999,-1.076062,ZMB,IDN,5541
249,103,949,1992,383295,994216,1.3694790000000001,1.6227559999999999,TWN,IDN,5541
250,103,949,1992,1360,2285262,0.989994,0.977453,ANS,IDN,5541
1,104,949,1992,0,14454,-0.347989,-0.539361,AFG,IND,5541
2,104,949,1992,0,2214901,-1.90642,-1.061544,AGO,IND,5541
7,104,949,1992,0,921496,-0.495518,-0.963358,ARE,IND,5541
14,104,949,1992,0,7944,0.083812,0.637224,AUS,IND,5541
15,104,949,1992,0,7447,1.975207,0.669388,AUT,IND,5541
17,104,949,1992,0,26364,-1.222854,-0.927959,BDI,IND,5541
18,104,949,1992,23068,4579,1.449085,1.622957,BEL,IND,5541
24,104,949,1992,0,305945,0.047396,-0.554517,BHR,IND,5541
34,104,949,1992,0,741,-1.142722,-0.818717,BRN,IND,5541
35,104,949,1992,0,2111,0.764526,0.006431999999999999,BTN,IND,5541
39,104,949,1992,0,26557,0.74703,1.096791,CAN,IND,5541
41,104,949,1992,0,2807,2.24952,1.014945,CHE,IND,5541
42,104,949,1992,0,1350,-0.188106,-0.360151,CHL,IND,5541
45,104,949,1992,0,25242,-2.0470759999999997,-1.184491,CMR,IND,5541
53,104,949,1992,0,1080,1.116966,2.225331,CSK,IND,5541
61,104,949,1992,14963,8177,2.2968349999999997,-2.581569,DEU,IND,5541
62,104,949,1992,0,33668,0.708593,1.196323,DJI,IND,5541
73,104,949,1992,0,30969,-1.036482,-1.078446,ETH,IND,5541
74,104,949,1992,0,4955,1.929661,1.3477,FIN,IND,5541
77,104,949,1992,4200,2629,1.682766,1.2713430000000001,FRA,IND,5541
81,104,949,1992,55715,131617,1.8901810000000001,0.9274030000000001,GBR,IND,5541
83,104,949,1992,0,3155,-0.936314,-0.935839,GHA,IND,5541
84,104,949,1992,0,22470,1.356823,0.656416,GIB,IND,5541
87,104,949,1992,0,36242,-1.4704190000000001,-0.940117,GMB,IND,5541
97,104,949,1992,1028,0,0.754112,1.911201,HKG,IND,5541
103,104,949,1992,0,31083,-0.5250670000000001,0.717568,IDN,IND,5541
106,104,949,1992,15455,0,1.454172,1.397052,IRL,IND,5541
111,104,949,1992,16538,9060,1.7819,0.981246,ITA,IND,5541
114,104,949,1992,2686,0,2.451698,0.875639,JPN,IND,5541
116,104,949,1992,0,6915,-0.31818,-0.096856,KEN,IND,5541
122,104,949,1992,0,26243,-1.2360950000000002,-1.061771,KWT,IND,5541
128,104,949,1992,0,5708,-0.45780600000000005,-0.221948,LKA,IND,5541
136,104,949,1992,0,24313,-0.977873,-0.743187,MDG,IND,5541
141,104,949,1992,0,2313,-0.9495790000000001,-1.028165,MLI,IND,5541
143,104,949,1992,0,49987,-1.030267,-0.770368,MMR,IND,5541
147,104,949,1992,0,56226,-0.119653,-0.28381100000000004,MOZ,IND,5541
151,104,949,1992,0,9827,-0.249558,-0.643201,MUS,IND,5541
153,104,949,1992,134711,91103,0.14268499999999998,0.370079,MYS,IND,5541
159,104,949,1992,0,24890,-2.275923,-1.178983,NGA,IND,5541
162,104,949,1992,0,28999,1.4315069999999999,1.7107450000000002,NLD,IND,5541
164,104,949,1992,14030,346953,-0.604018,-0.677756,NPL,IND,5541
166,104,949,1992,0,7903,0.41866000000000003,0.580581,NZL,IND,5541
167,104,949,1992,0,172132,-0.906702,-1.0716709999999998,OMN,IND,5541
169,104,949,1992,0,3507,0.289315,0.37247199999999997,PAN,IND,5541
183,104,949,1992,0,22915,-0.491413,-1.004476,QAT,IND,5541
184,104,949,1992,0,1033,0.251216,-0.448812,REU,IND,5541
186,104,949,1992,0,800723,0.071799,0.14036099999999999,RUS,IND,5541
188,104,949,1992,44554,206018,0.416315,-0.7342489999999999,SAU,IND,5541
191,104,949,1992,0,8061,-0.43371800000000005,-0.679547,SEN,IND,5541
192,104,949,1992,12430,411895,0.95691,0.892702,SGP,IND,5541
196,104,949,1992,0,9662,-0.877425,-0.798561,SLE,IND,5541
208,104,949,1992,3266,10721,2.2265900000000003,0.999178,SWE,IND,5541
216,104,949,1992,4635,92696,0.109518,1.486578,THA,IND,5541
226,104,949,1992,0,69319,-1.139271,-0.8235379999999999,TZA,IND,5541
231,104,949,1992,2613,103934,1.660693,1.289752,USA,IND,5541
236,104,949,1992,0,1201,-0.106385,-0.65975,VEN,IND,5541
247,104,949,1992,0,8731,-0.9865219999999999,-1.076062,ZMB,IND,5541
249,104,949,1992,0,3324,1.3694790000000001,1.6227559999999999,TWN,IND,5541
250,104,949,1992,0,1927,0.989994,0.977453,ANS,IND,5541
2,113,949,1992,0,19309,-1.90642,-1.061544,AGO,JOR,5541
7,113,949,1992,1175729,6137,-0.495518,-0.963358,ARE,JOR,5541
14,113,949,1992,5745,0,0.083812,0.637224,AUS,JOR,5541
15,113,949,1992,3747,0,1.975207,0.669388,AUT,JOR,5541
18,113,949,1992,6071,0,1.449085,1.622957,BEL,JOR,5541
23,113,949,1992,0,9663,0.503161,1.871616,BGR,JOR,5541
39,113,949,1992,11317,0,0.74703,1.096791,CAN,JOR,5541
41,113,949,1992,6719,0,2.24952,1.014945,CHE,JOR,5541
43,113,949,1992,2124,0,0.269411,1.920075,CHN,JOR,5541
61,113,949,1992,90716,0,2.2968349999999997,-2.581569,DEU,JOR,5541
64,113,949,1992,4682,0,1.696464,1.365743,DNK,JOR,5541
68,113,949,1992,3643206,0,-0.102143,-0.17513499999999999,EGY,JOR,5541
71,113,949,1992,20677,0,1.301511,1.730441,ESP,JOR,5541
74,113,949,1992,4059,0,1.929661,1.3477,FIN,JOR,5541
77,113,949,1992,19665,0,1.682766,1.2713430000000001,FRA,JOR,5541
81,113,949,1992,206179,0,1.8901810000000001,0.9274030000000001,GBR,JOR,5541
90,113,949,1992,6304,0,0.139504,0.743678,GRC,JOR,5541
97,113,949,1992,9544,0,0.754112,1.911201,HKG,JOR,5541
103,113,949,1992,7261,0,-0.5250670000000001,0.717568,IDN,JOR,5541
111,113,949,1992,39465,0,1.7819,0.981246,ITA,JOR,5541
114,113,949,1992,14181,0,2.451698,0.875639,JPN,JOR,5541
121,113,949,1992,385060,0,0.778066,1.3011139999999999,KOR,JOR,5541
124,113,949,1992,3303,3172,0.186135,0.800906,LBN,JOR,5541
126,113,949,1992,0,53746,-0.333309,-0.981883,LBY,JOR,5541
134,113,949,1992,73685,0,-0.339711,-0.265987,MAR,JOR,5541
153,113,949,1992,30097,0,0.14268499999999998,0.370079,MYS,JOR,5541
162,113,949,1992,10047,0,1.4315069999999999,1.7107450000000002,NLD,JOR,5541
163,113,949,1992,71047,0,0.877965,0.444983,NOR,JOR,5541
183,113,949,1992,0,2572,-0.491413,-1.004476,QAT,JOR,5541
185,113,949,1992,0,50181,0.838817,1.358629,ROU,JOR,5541
188,113,949,1992,23842,65940,0.416315,-0.7342489999999999,SAU,JOR,5541
190,113,949,1992,0,23600,-0.930193,-1.02726,SDN,JOR,5541
208,113,949,1992,36188,0,2.2265900000000003,0.999178,SWE,JOR,5541
212,113,949,1992,279226,338117,-0.566724,-0.602446,SYR,JOR,5541
223,113,949,1992,13017,0,0.14482,-0.13608,TUN,JOR,5541
224,113,949,1992,4239394,0,0.160966,1.154796,TUR,JOR,5541
231,113,949,1992,39905,2361,1.660693,1.289752,USA,JOR,5541
243,113,949,1992,0,2251,-0.7116020000000001,-0.9852489999999999,YEM,JOR,5541
249,113,949,1992,2540,0,1.3694790000000001,1.6227559999999999,TWN,JOR,5541
250,113,949,1992,17109,50983288,0.989994,0.977453,ANS,JOR,5541
1,114,949,1992,0,20405,-0.347989,-0.539361,AFG,JPN,5541
8,114,949,1992,0,1399,0.043179,0.553408,ARG,JPN,5541
14,114,949,1992,61141,380501,0.083812,0.637224,AUS,JPN,5541
15,114,949,1992,9807,15271,1.975207,0.669388,AUT,JPN,5541
18,114,949,1992,25139,99840,1.449085,1.622957,BEL,JPN,5541
31,114,949,1992,0,2798,-0.609826,-0.693473,BOL,JPN,5541
32,114,949,1992,6932,9818,0.685144,1.5676709999999998,BRA,JPN,5541
34,114,949,1992,0,1574,-1.142722,-0.818717,BRN,JPN,5541
39,114,949,1992,16638,46892,0.74703,1.096791,CAN,JPN,5541
41,114,949,1992,182621,9860,2.24952,1.014945,CHE,JPN,5541
42,114,949,1992,0,2154,-0.188106,-0.360151,CHL,JPN,5541
43,114,949,1992,68356,95132,0.269411,1.920075,CHN,JPN,5541
52,114,949,1992,0,2442,0.11654,0.191873,CRI,JPN,5541
58,114,949,1992,0,1848,0.471516,0.668776,CYP,JPN,5541
61,114,949,1992,1088446,169332,2.2968349999999997,-2.581569,DEU,JPN,5541
64,114,949,1992,9669,0,1.696464,1.365743,DNK,JPN,5541
66,114,949,1992,0,1739,-0.24189699999999997,-0.9399219999999999,DZA,JPN,5541
68,114,949,1992,0,14170,-0.102143,-0.17513499999999999,EGY,JPN,5541
71,114,949,1992,51570,63420,1.301511,1.730441,ESP,JPN,5541
74,114,949,1992,0,4459,1.929661,1.3477,FIN,JPN,5541
77,114,949,1992,3078282,248773,1.682766,1.2713430000000001,FRA,JPN,5541
81,114,949,1992,2936192,227500,1.8901810000000001,0.9274030000000001,GBR,JPN,5541
90,114,949,1992,7406,5177,0.139504,0.743678,GRC,JPN,5541
97,114,949,1992,46589,2114225,0.754112,1.911201,HKG,JPN,5541
103,114,949,1992,18522,90974,-0.5250670000000001,0.717568,IDN,JPN,5541
104,114,949,1992,0,2686,0.101094,1.6851180000000001,IND,JPN,5541
106,114,949,1992,346233,10310,1.454172,1.397052,IRL,JPN,5541
110,114,949,1992,14644,0,1.354362,1.3260530000000001,ISR,JPN,5541
111,114,949,1992,59695,314552,1.7819,0.981246,ITA,JPN,5541
113,114,949,1992,0,14181,0.716964,0.5323760000000001,JOR,JPN,5541
118,114,949,1992,0,23142,-1.036685,-1.149364,KHM,JPN,5541
121,114,949,1992,290851,1261708,0.778066,1.3011139999999999,KOR,JPN,5541
122,114,949,1992,0,5324,-1.2360950000000002,-1.061771,KWT,JPN,5541
128,114,949,1992,0,2100,-0.45780600000000005,-0.221948,LKA,JPN,5541
133,114,949,1992,0,160283,0.249034,-0.026864,MAC,JPN,5541
138,114,949,1992,77956,31319,0.9039370000000001,0.965842,MEX,JPN,5541
143,114,949,1992,0,161421,-1.030267,-0.770368,MMR,JPN,5541
145,114,949,1992,0,18376,-0.151342,-0.680094,MNG,JPN,5541
146,114,949,1992,0,6712,0.776187,-0.686247,MNP,JPN,5541
153,114,949,1992,5742019,464992,0.14268499999999998,0.370079,MYS,JPN,5541
159,114,949,1992,0,2701,-2.275923,-1.178983,NGA,JPN,5541
162,114,949,1992,72691,51671,1.4315069999999999,1.7107450000000002,NLD,JPN,5541
163,114,949,1992,0,3634,0.877965,0.444983,NOR,JPN,5541
166,114,949,1992,165047,20681,0.41866000000000003,0.580581,NZL,JPN,5541
167,114,949,1992,0,153015,-0.906702,-1.0716709999999998,OMN,JPN,5541
168,114,949,1992,0,1578,-0.480152,-0.361705,PAK,JPN,5541
173,114,949,1992,1753,4060,-0.286545,-0.264638,PER,JPN,5541
174,114,949,1992,41479,27564,-0.139761,0.772109,PHL,JPN,5541
177,114,949,1992,0,29024,0.581166,2.070795,POL,JPN,5541
178,114,949,1992,38403,20693,0.201042,0.477547,PRK,JPN,5541
183,114,949,1992,0,24824,-0.491413,-1.004476,QAT,JPN,5541
186,114,949,1992,0,106385,0.071799,0.14036099999999999,RUS,JPN,5541
188,114,949,1992,0,10558,0.416315,-0.7342489999999999,SAU,JPN,5541
192,114,949,1992,54025,753419,0.95691,0.892702,SGP,JPN,5541
195,114,949,1992,0,3933,-1.491786,-0.9599799999999999,SLB,JPN,5541
208,114,949,1992,0,16619,2.2265900000000003,0.999178,SWE,JPN,5541
216,114,949,1992,395105,138199,0.109518,1.486578,THA,JPN,5541
231,114,949,1992,4312596,1198660,1.660693,1.289752,USA,JPN,5541
236,114,949,1992,0,7143,-0.106385,-0.65975,VEN,JPN,5541
246,114,949,1992,0,3390,0.236335,1.415622,ZAF,JPN,5541
247,114,949,1992,0,1769,-0.9865219999999999,-1.076062,ZMB,JPN,5541
249,114,949,1992,299312,6777736,1.3694790000000001,1.6227559999999999,TWN,JPN,5541
7,128,949,1992,0,2574,-0.495518,-0.963358,ARE,LKA,5541
14,128,949,1992,9627,993,0.083812,0.637224,AUS,LKA,5541
24,128,949,1992,0,48253,0.047396,-0.554517,BHR,LKA,5541
39,128,949,1992,0,14295,0.74703,1.096791,CAN,LKA,5541
41,128,949,1992,0,1974,2.24952,1.014945,CHE,LKA,5541
61,128,949,1992,929,5743,2.2968349999999997,-2.581569,DEU,LKA,5541
77,128,949,1992,0,1811,1.682766,1.2713430000000001,FRA,LKA,5541
81,128,949,1992,14745,3706,1.8901810000000001,0.9274030000000001,GBR,LKA,5541
97,128,949,1992,6116,0,0.754112,1.911201,HKG,LKA,5541
104,128,949,1992,5708,0,0.101094,1.6851180000000001,IND,LKA,5541
114,128,949,1992,2100,0,2.451698,0.875639,JPN,LKA,5541
121,128,949,1992,3630,0,0.778066,1.3011139999999999,KOR,LKA,5541
122,128,949,1992,0,67297,-1.2360950000000002,-1.061771,KWT,LKA,5541
137,128,949,1992,0,19560,-0.501228,-0.8746290000000001,MDV,LKA,5541
153,128,949,1992,0,3688,0.14268499999999998,0.370079,MYS,LKA,5541
167,128,949,1992,0,1985,-0.906702,-1.0716709999999998,OMN,LKA,5541
168,128,949,1992,10652,0,-0.480152,-0.361705,PAK,LKA,5541
188,128,949,1992,0,2861,0.416315,-0.7342489999999999,SAU,LKA,5541
192,128,949,1992,7743,0,0.95691,0.892702,SGP,LKA,5541
224,128,949,1992,11855,0,0.160966,1.154796,TUR,LKA,5541
250,128,949,1992,2067,2560,0.989994,0.977453,ANS,LKA,5541
1,138,949,1992,0,44000,-0.347989,-0.539361,AFG,MEX,5541
8,138,949,1992,0,228665,0.043179,0.553408,ARG,MEX,5541
14,138,949,1992,8340,0,0.083812,0.637224,AUS,MEX,5541
18,138,949,1992,877,0,1.449085,1.622957,BEL,MEX,5541
29,138,949,1992,59761,298268,-0.06729700000000001,-0.386682,BLZ,MEX,5541
39,138,949,1992,23917,961923,0.74703,1.096791,CAN,MEX,5541
41,138,949,1992,4144,4813,2.24952,1.014945,CHE,MEX,5541
42,138,949,1992,5072,1004,-0.188106,-0.360151,CHL,MEX,5541
43,138,949,1992,5008,0,0.269411,1.920075,CHN,MEX,5541
49,138,949,1992,2496,1926,0.022895,0.22971799999999998,COL,MEX,5541
52,138,949,1992,0,36063,0.11654,0.191873,CRI,MEX,5541
54,138,949,1992,0,904000,-0.719011,-1.077984,CUB,MEX,5541
61,138,949,1992,81572,10590,2.2968349999999997,-2.581569,DEU,MEX,5541
64,138,949,1992,5136,0,1.696464,1.365743,DNK,MEX,5541
65,138,949,1992,0,1000,-0.338979,-0.5049279999999999,DOM,MEX,5541
71,138,949,1992,167556,20558,1.301511,1.730441,ESP,MEX,5541
74,138,949,1992,0,85684,1.929661,1.3477,FIN,MEX,5541
77,138,949,1992,141148,28642,1.682766,1.2713430000000001,FRA,MEX,5541
81,138,949,1992,239411,18790,1.8901810000000001,0.9274030000000001,GBR,MEX,5541
93,138,949,1992,17243,421938,-0.031145999999999997,0.48874300000000004,GTM,MEX,5541
97,138,949,1992,51209,0,0.754112,1.911201,HKG,MEX,5541
99,138,949,1992,0,69463,-0.5100640000000001,-0.38205900000000004,HND,MEX,5541
101,138,949,1992,0,127000,-0.005733,-0.191027,HTI,MEX,5541
106,138,949,1992,8230,215093,1.454172,1.397052,IRL,MEX,5541
110,138,949,1992,279712,0,1.354362,1.3260530000000001,ISR,MEX,5541
111,138,949,1992,4095,4137,1.7819,0.981246,ITA,MEX,5541
112,138,949,1992,0,1080,-0.200329,-0.595741,JAM,MEX,5541
114,138,949,1992,31319,77956,2.451698,0.875639,JPN,MEX,5541
121,138,949,1992,3481,0,0.778066,1.3011139999999999,KOR,MEX,5541
160,138,949,1992,0,177852,-0.214083,-0.111615,NIC,MEX,5541
162,138,949,1992,3515,216511,1.4315069999999999,1.7107450000000002,NLD,MEX,5541
166,138,949,1992,2446,0,0.41866000000000003,0.580581,NZL,MEX,5541
169,138,949,1992,4194,12458,0.289315,0.37247199999999997,PAN,MEX,5541
173,138,949,1992,0,37165,-0.286545,-0.264638,PER,MEX,5541
177,138,949,1992,0,17739,0.581166,2.070795,POL,MEX,5541
179,138,949,1992,0,17324,0.47505,0.8402860000000001,PRT,MEX,5541
189,138,949,1992,0,71875,0.9474950000000001,2.442268,SCG,MEX,5541
197,138,949,1992,0,164158,0.396523,0.47548900000000005,SLV,MEX,5541
208,138,949,1992,0,144543,2.2265900000000003,0.999178,SWE,MEX,5541
213,138,949,1992,0,79000,-0.215169,-0.713385,TCA,MEX,5541
230,138,949,1992,0,28848,0.242758,0.711781,URY,MEX,5541
231,138,949,1992,7591037,9276559,1.660693,1.289752,USA,MEX,5541
236,138,949,1992,0,22724,-0.106385,-0.65975,VEN,MEX,5541
249,138,949,1992,0,369152,1.3694790000000001,1.6227559999999999,TWN,MEX,5541
14,166,949,1992,3595939,1799995,0.083812,0.637224,AUS,NZL,5541
18,166,949,1992,4093,0,1.449085,1.622957,BEL,NZL,5541
22,166,949,1992,1127,0,-0.608254,-0.921751,BGD,NZL,5541
39,166,949,1992,0,7274,0.74703,1.096791,CAN,NZL,5541
41,166,949,1992,7152,0,2.24952,1.014945,CHE,NZL,5541
43,166,949,1992,6187,1142,0.269411,1.920075,CHN,NZL,5541
48,166,949,1992,8091,149671,0.113505,-0.49361400000000005,COK,NZL,5541
61,166,949,1992,73820,13421,2.2968349999999997,-2.581569,DEU,NZL,5541
71,166,949,1992,3446,0,1.301511,1.730441,ESP,NZL,5541
75,166,949,1992,39087,32792,-0.573887,-0.6382680000000001,FJI,NZL,5541
77,166,949,1992,92086,5929,1.682766,1.2713430000000001,FRA,NZL,5541
81,166,949,1992,590090,5382,1.8901810000000001,0.9274030000000001,GBR,NZL,5541
90,166,949,1992,0,1284,0.139504,0.743678,GRC,NZL,5541
97,166,949,1992,13178,4100122,0.754112,1.911201,HKG,NZL,5541
103,166,949,1992,170606,1671,-0.5250670000000001,0.717568,IDN,NZL,5541
104,166,949,1992,7903,0,0.101094,1.6851180000000001,IND,NZL,5541
107,166,949,1992,0,35001,-1.195108,-1.135155,IRN,NZL,5541
110,166,949,1992,107504,0,1.354362,1.3260530000000001,ISR,NZL,5541
111,166,949,1992,3543,0,1.7819,0.981246,ITA,NZL,5541
114,166,949,1992,20681,165047,2.451698,0.875639,JPN,NZL,5541
119,166,949,1992,0,2805,-0.047671,-0.740088,KIR,NZL,5541
133,166,949,1992,0,35935,0.249034,-0.026864,MAC,NZL,5541
138,166,949,1992,0,2446,0.9039370000000001,0.965842,MEX,NZL,5541
153,166,949,1992,37622,22218,0.14268499999999998,0.370079,MYS,NZL,5541
156,166,949,1992,0,3172,-1.284672,-0.9233870000000001,NCL,NZL,5541
158,166,949,1992,0,6709,0.612239,-0.753354,NFK,NZL,5541
161,166,949,1992,0,51455,0.8688440000000001,-0.754944,NIU,NZL,5541
162,166,949,1992,75106,0,1.4315069999999999,1.7107450000000002,NLD,NZL,5541
174,166,949,1992,896,2496,-0.139761,0.772109,PHL,NZL,5541
176,166,949,1992,0,114821,-1.602221,-1.058247,PNG,NZL,5541
186,166,949,1992,0,571358,0.071799,0.14036099999999999,RUS,NZL,5541
188,166,949,1992,0,1225,0.416315,-0.7342489999999999,SAU,NZL,5541
192,166,949,1992,10942,1727,0.95691,0.892702,SGP,NZL,5541
195,166,949,1992,0,2042,-1.491786,-0.9599799999999999,SLB,NZL,5541
216,166,949,1992,11553,0,0.109518,1.486578,THA,NZL,5541
221,166,949,1992,0,88948,-0.787605,-0.880726,TON,NZL,5541
231,166,949,1992,131671,37885,1.660693,1.289752,USA,NZL,5541
240,166,949,1992,0,5945,-1.226071,-0.93215,VUT,NZL,5541
241,166,949,1992,0,1099,1.005492,-0.5631550000000001,WLF,NZL,5541
242,166,949,1992,7997,75752,-0.130773,-0.751247,WSM,NZL,5541
246,166,949,1992,2291,1752,0.236335,1.415622,ZAF,NZL,5541
249,166,949,1992,84188,187848,1.3694790000000001,1.6227559999999999,TWN,NZL,5541
250,166,949,1992,24162,80457,0.989994,0.977453,ANS,NZL,5541
7,168,949,1992,6843,4069,-0.495518,-0.963358,ARE,PAK,5541
15,168,949,1992,1700,0,1.975207,0.669388,AUT,PAK,5541
22,168,949,1992,0,15968,-0.608254,-0.921751,BGD,PAK,5541
41,168,949,1992,0,2787,2.24952,1.014945,CHE,PAK,5541
43,168,949,1992,11399,0,0.269411,1.920075,CHN,PAK,5541
61,168,949,1992,2104,0,2.2968349999999997,-2.581569,DEU,PAK,5541
81,168,949,1992,531403,12064,1.8901810000000001,0.9274030000000001,GBR,PAK,5541
97,168,949,1992,2544,0,0.754112,1.911201,HKG,PAK,5541
103,168,949,1992,31888,0,-0.5250670000000001,0.717568,IDN,PAK,5541
114,168,949,1992,1578,0,2.451698,0.875639,JPN,PAK,5541
121,168,949,1992,22684,0,0.778066,1.3011139999999999,KOR,PAK,5541
122,168,949,1992,0,778,-1.2360950000000002,-1.061771,KWT,PAK,5541
128,168,949,1992,0,10652,-0.45780600000000005,-0.221948,LKA,PAK,5541
153,168,949,1992,90928,0,0.14268499999999998,0.370079,MYS,PAK,5541
188,168,949,1992,36859,0,0.416315,-0.7342489999999999,SAU,PAK,5541
192,168,949,1992,4710,0,0.95691,0.892702,SGP,PAK,5541
208,168,949,1992,6216,0,2.2265900000000003,0.999178,SWE,PAK,5541
8,177,949,1992,0,2439,0.043179,0.553408,ARG,POL,5541
14,177,949,1992,1878,0,0.083812,0.637224,AUS,POL,5541
15,177,949,1992,280115,0,1.975207,0.669388,AUT,POL,5541
18,177,949,1992,143175,358414,1.449085,1.622957,BEL,POL,5541
23,177,949,1992,0,9278,0.503161,1.871616,BGR,POL,5541
39,177,949,1992,5801,0,0.74703,1.096791,CAN,POL,5541
41,177,949,1992,79528,6836,2.24952,1.014945,CHE,POL,5541
47,177,949,1992,0,10108,-2.019876,-1.1048360000000002,COG,POL,5541
53,177,949,1992,3342546,140250,1.116966,2.225331,CSK,POL,5541
61,177,949,1992,4506108,429293,2.2968349999999997,-2.581569,DEU,POL,5541
64,177,949,1992,585034,43443,1.696464,1.365743,DNK,POL,5541
68,177,949,1992,30588,0,-0.102143,-0.17513499999999999,EGY,POL,5541
71,177,949,1992,41670,0,1.301511,1.730441,ESP,POL,5541
74,177,949,1992,2899,0,1.929661,1.3477,FIN,POL,5541
77,177,949,1992,1214245,21564,1.682766,1.2713430000000001,FRA,POL,5541
81,177,949,1992,2471652,13797,1.8901810000000001,0.9274030000000001,GBR,POL,5541
85,177,949,1992,0,729280,-1.11535,-1.0306,GIN,POL,5541
90,177,949,1992,13889,0,0.139504,0.743678,GRC,POL,5541
97,177,949,1992,32237,0,0.754112,1.911201,HKG,POL,5541
102,177,949,1992,14414,21982,0.9144620000000001,2.157041,HUN,POL,5541
103,177,949,1992,518236,0,-0.5250670000000001,0.717568,IDN,POL,5541
106,177,949,1992,52357,0,1.454172,1.397052,IRL,POL,5541
110,177,949,1992,41666,0,1.354362,1.3260530000000001,ISR,POL,5541
111,177,949,1992,246445,0,1.7819,0.981246,ITA,POL,5541
114,177,949,1992,29024,0,2.451698,0.875639,JPN,POL,5541
130,177,949,1992,9841,0,0.7271810000000001,0.482357,LTU,POL,5541
132,177,949,1992,0,16879,0.184303,0.022494999999999998,LVA,POL,5541
138,177,949,1992,17739,0,0.9039370000000001,0.965842,MEX,POL,5541
162,177,949,1992,545549,120870,1.4315069999999999,1.7107450000000002,NLD,POL,5541
163,177,949,1992,9148,0,0.877965,0.444983,NOR,POL,5541
186,177,949,1992,0,76558,0.071799,0.14036099999999999,RUS,POL,5541
189,177,949,1992,45315,0,0.9474950000000001,2.442268,SCG,POL,5541
192,177,949,1992,113898,0,0.95691,0.892702,SGP,POL,5541
196,177,949,1992,15055,0,-0.877425,-0.798561,SLE,POL,5541
207,177,949,1992,17866,0,1.3270629999999999,1.605534,SVN,POL,5541
208,177,949,1992,71500,277315,2.2265900000000003,0.999178,SWE,POL,5541
215,177,949,1992,0,28181,-1.199292,-1.082889,TGO,POL,5541
224,177,949,1992,3180294,0,0.160966,1.154796,TUR,POL,5541
228,177,949,1992,0,34397,0.375148,0.23747,UKR,POL,5541
231,177,949,1992,299892,0,1.660693,1.289752,USA,POL,5541
4,185,949,1992,0,73155,-0.24194200000000002,-0.395524,ALB,ROU,5541
15,185,949,1992,188302,0,1.975207,0.669388,AUT,ROU,5541
18,185,949,1992,13855,1787,1.449085,1.622957,BEL,ROU,5541
23,185,949,1992,0,4801,0.503161,1.871616,BGR,ROU,5541
39,185,949,1992,6005,0,0.74703,1.096791,CAN,ROU,5541
58,185,949,1992,2616,0,0.471516,0.668776,CYP,ROU,5541
61,185,949,1992,129504,0,2.2968349999999997,-2.581569,DEU,ROU,5541
62,185,949,1992,0,389447,0.708593,1.196323,DJI,ROU,5541
64,185,949,1992,2012,0,1.696464,1.365743,DNK,ROU,5541
71,185,949,1992,3393,0,1.301511,1.730441,ESP,ROU,5541
73,185,949,1992,0,89202,-1.036482,-1.078446,ETH,ROU,5541
77,185,949,1992,6022,0,1.682766,1.2713430000000001,FRA,ROU,5541
81,185,949,1992,70933,0,1.8901810000000001,0.9274030000000001,GBR,ROU,5541
88,185,949,1992,0,133000,-0.22399299999999997,-0.667562,GNB,ROU,5541
90,185,949,1992,19568,0,0.139504,0.743678,GRC,ROU,5541
102,185,949,1992,66183,0,0.9144620000000001,2.157041,HUN,ROU,5541
103,185,949,1992,2085,0,-0.5250670000000001,0.717568,IDN,ROU,5541
107,185,949,1992,8589,0,-1.195108,-1.135155,IRN,ROU,5541
110,185,949,1992,52188,0,1.354362,1.3260530000000001,ISR,ROU,5541
111,185,949,1992,103604,12589,1.7819,0.981246,ITA,ROU,5541
113,185,949,1992,50181,0,0.716964,0.5323760000000001,JOR,ROU,5541
124,185,949,1992,5565,0,0.186135,0.800906,LBN,ROU,5541
135,185,949,1992,0,16451,0.637534,0.04142,MDA,ROU,5541
162,185,949,1992,42740,7447,1.4315069999999999,1.7107450000000002,NLD,ROU,5541
189,185,949,1992,0,1132,0.9474950000000001,2.442268,SCG,ROU,5541
208,185,949,1992,5169,0,2.2265900000000003,0.999178,SWE,ROU,5541
212,185,949,1992,62193,0,-0.566724,-0.602446,SYR,ROU,5541
216,185,949,1992,1607,0,0.109518,1.486578,THA,ROU,5541
224,185,949,1992,1945167,0,0.160966,1.154796,TUR,ROU,5541
231,185,949,1992,19878,0,1.660693,1.289752,USA,ROU,5541
7,188,949,1992,2605872,1297697,-0.495518,-0.963358,ARE,SAU,5541
14,188,949,1992,10446,0,0.083812,0.637224,AUS,SAU,5541
18,188,949,1992,33667,0,1.449085,1.622957,BEL,SAU,5541
24,188,949,1992,0,380053,0.047396,-0.554517,BHR,SAU,5541
39,188,949,1992,20412,0,0.74703,1.096791,CAN,SAU,5541
41,188,949,1992,86621,0,2.24952,1.014945,CHE,SAU,5541
43,188,949,1992,204640,1788,0.269411,1.920075,CHN,SAU,5541
58,188,949,1992,61746,0,0.471516,0.668776,CYP,SAU,5541
61,188,949,1992,1667766,0,2.2968349999999997,-2.581569,DEU,SAU,5541
64,188,949,1992,29601,0,1.696464,1.365743,DNK,SAU,5541
68,188,949,1992,154957,0,-0.102143,-0.17513499999999999,EGY,SAU,5541
71,188,949,1992,328228,0,1.301511,1.730441,ESP,SAU,5541
73,188,949,1992,0,16623,-1.036482,-1.078446,ETH,SAU,5541
77,188,949,1992,5709893,0,1.682766,1.2713430000000001,FRA,SAU,5541
81,188,949,1992,2028995,4059,1.8901810000000001,0.9274030000000001,GBR,SAU,5541
90,188,949,1992,36398,0,0.139504,0.743678,GRC,SAU,5541
97,188,949,1992,43082,0,0.754112,1.911201,HKG,SAU,5541
102,188,949,1992,10310,0,0.9144620000000001,2.157041,HUN,SAU,5541
103,188,949,1992,462883,0,-0.5250670000000001,0.717568,IDN,SAU,5541
104,188,949,1992,206018,44554,0.101094,1.6851180000000001,IND,SAU,5541
107,188,949,1992,14276,0,-1.195108,-1.135155,IRN,SAU,5541
111,188,949,1992,765177,0,1.7819,0.981246,ITA,SAU,5541
113,188,949,1992,65940,23842,0.716964,0.5323760000000001,JOR,SAU,5541
114,188,949,1992,10558,0,2.451698,0.875639,JPN,SAU,5541
121,188,949,1992,47479,0,0.778066,1.3011139999999999,KOR,SAU,5541
122,188,949,1992,1674,3577127,-1.2360950000000002,-1.061771,KWT,SAU,5541
124,188,949,1992,509446,50162,0.186135,0.800906,LBN,SAU,5541
128,188,949,1992,2861,0,-0.45780600000000005,-0.221948,LKA,SAU,5541
142,188,949,1992,147930,0,0.828211,0.29226599999999997,MLT,SAU,5541
153,188,949,1992,2140254,0,0.14268499999999998,0.370079,MYS,SAU,5541
162,188,949,1992,99701,0,1.4315069999999999,1.7107450000000002,NLD,SAU,5541
163,188,949,1992,4476,0,0.877965,0.444983,NOR,SAU,5541
164,188,949,1992,0,20962,-0.604018,-0.677756,NPL,SAU,5541
166,188,949,1992,1225,0,0.41866000000000003,0.580581,NZL,SAU,5541
167,188,949,1992,510661,857362,-0.906702,-1.0716709999999998,OMN,SAU,5541
168,188,949,1992,0,36859,-0.480152,-0.361705,PAK,SAU,5541
174,188,949,1992,7060,0,-0.139761,0.772109,PHL,SAU,5541
183,188,949,1992,2542670,317787,-0.491413,-1.004476,QAT,SAU,5541
192,188,949,1992,350910,3436,0.95691,0.892702,SGP,SAU,5541
208,188,949,1992,13083,0,2.2265900000000003,0.999178,SWE,SAU,5541
212,188,949,1992,212817,0,-0.566724,-0.602446,SYR,SAU,5541
216,188,949,1992,36871,0,0.109518,1.486578,THA,SAU,5541
224,188,949,1992,257432,0,0.160966,1.154796,TUR,SAU,5541
231,188,949,1992,6378820,0,1.660693,1.289752,USA,SAU,5541
243,188,949,1992,0,247566,-0.7116020000000001,-0.9852489999999999,YEM,SAU,5541
249,188,949,1992,8028,0,1.3694790000000001,1.6227559999999999,TWN,SAU,5541
250,188,949,1992,226830,42017,0.989994,0.977453,ANS,SAU,5541
15,189,949,1992,72104,0,1.975207,0.669388,AUT,SCG,5541
18,189,949,1992,12876,0,1.449085,1.622957,BEL,SCG,5541
23,189,949,1992,80510,12132,0.503161,1.871616,BGR,SCG,5541
39,189,949,1992,3015,0,0.74703,1.096791,CAN,SCG,5541
41,189,949,1992,3965,0,2.24952,1.014945,CHE,SCG,5541
53,189,949,1992,11818,1005,1.116966,2.225331,CSK,SCG,5541
58,189,949,1992,3328,0,0.471516,0.668776,CYP,SCG,5541
61,189,949,1992,1069264,1757,2.2968349999999997,-2.581569,DEU,SCG,5541
64,189,949,1992,10182,0,1.696464,1.365743,DNK,SCG,5541
71,189,949,1992,33745,0,1.301511,1.730441,ESP,SCG,5541
74,189,949,1992,72662,0,1.929661,1.3477,FIN,SCG,5541
77,189,949,1992,255254,0,1.682766,1.2713430000000001,FRA,SCG,5541
81,189,949,1992,164537,477934,1.8901810000000001,0.9274030000000001,GBR,SCG,5541
90,189,949,1992,353418,0,0.139504,0.743678,GRC,SCG,5541
97,189,949,1992,12642,0,0.754112,1.911201,HKG,SCG,5541
100,189,949,1992,14025,0,0.877872,1.726188,HRV,SCG,5541
102,189,949,1992,538187,0,0.9144620000000001,2.157041,HUN,SCG,5541
103,189,949,1992,18748,0,-0.5250670000000001,0.717568,IDN,SCG,5541
110,189,949,1992,62054,0,1.354362,1.3260530000000001,ISR,SCG,5541
111,189,949,1992,2727544,0,1.7819,0.981246,ITA,SCG,5541
138,189,949,1992,71875,0,0.9039370000000001,0.965842,MEX,SCG,5541
162,189,949,1992,524750,0,1.4315069999999999,1.7107450000000002,NLD,SCG,5541
163,189,949,1992,1458,0,0.877965,0.444983,NOR,SCG,5541
177,189,949,1992,0,45315,0.581166,2.070795,POL,SCG,5541
185,189,949,1992,1132,0,0.838817,1.358629,ROU,SCG,5541
186,189,949,1992,0,12004,0.071799,0.14036099999999999,RUS,SCG,5541
207,189,949,1992,195114,93074,1.3270629999999999,1.605534,SVN,SCG,5541
208,189,949,1992,3320,0,2.2265900000000003,0.999178,SWE,SCG,5541
212,189,949,1992,4933,0,-0.566724,-0.602446,SYR,SCG,5541
224,189,949,1992,1258399,0,0.160966,1.154796,TUR,SCG,5541
231,189,949,1992,348246,0,1.660693,1.289752,USA,SCG,5541
246,189,949,1992,1161,0,0.236335,1.415622,ZAF,SCG,5541
1,192,949,1992,0,53759,-0.347989,-0.539361,AFG,SGP,5541
6,192,949,1992,0,12162,0.258484,-0.47236000000000006,ANT,SGP,5541
7,192,949,1992,123124,541110,-0.495518,-0.963358,ARE,SGP,5541
8,192,949,1992,0,45943,0.043179,0.553408,ARG,SGP,5541
14,192,949,1992,29164,61724,0.083812,0.637224,AUS,SGP,5541
18,192,949,1992,15639,5827,1.449085,1.622957,BEL,SGP,5541
22,192,949,1992,823,29853,-0.608254,-0.921751,BGD,SGP,5541
24,192,949,1992,0,50621,0.047396,-0.554517,BHR,SGP,5541
34,192,949,1992,4396,664862,-1.142722,-0.818717,BRN,SGP,5541
39,192,949,1992,20214,6611,0.74703,1.096791,CAN,SGP,5541
41,192,949,1992,143412,43456,2.24952,1.014945,CHE,SGP,5541
43,192,949,1992,1317793,178886,0.269411,1.920075,CHN,SGP,5541
50,192,949,1992,0,4741,-0.5867220000000001,-0.8257620000000001,COM,SGP,5541
58,192,949,1992,0,41109,0.471516,0.668776,CYP,SGP,5541
61,192,949,1992,514249,13430,2.2968349999999997,-2.581569,DEU,SGP,5541
62,192,949,1992,0,62849,0.708593,1.196323,DJI,SGP,5541
64,192,949,1992,9078,0,1.696464,1.365743,DNK,SGP,5541
71,192,949,1992,9607,0,1.301511,1.730441,ESP,SGP,5541
73,192,949,1992,0,328981,-1.036482,-1.078446,ETH,SGP,5541
74,192,949,1992,0,21975,1.929661,1.3477,FIN,SGP,5541
75,192,949,1992,0,14024,-0.573887,-0.6382680000000001,FJI,SGP,5541
77,192,949,1992,2006037,0,1.682766,1.2713430000000001,FRA,SGP,5541
81,192,949,1992,1496805,67981,1.8901810000000001,0.9274030000000001,GBR,SGP,5541
83,192,949,1992,0,1049482,-0.936314,-0.935839,GHA,SGP,5541
97,192,949,1992,459192,4136616,0.754112,1.911201,HKG,SGP,5541
103,192,949,1992,6067732,174569,-0.5250670000000001,0.717568,IDN,SGP,5541
104,192,949,1992,411895,12430,0.101094,1.6851180000000001,IND,SGP,5541
106,192,949,1992,22135,0,1.454172,1.397052,IRL,SGP,5541
107,192,949,1992,0,361833,-1.195108,-1.135155,IRN,SGP,5541
110,192,949,1992,15234,3177,1.354362,1.3260530000000001,ISR,SGP,5541
111,192,949,1992,49957,0,1.7819,0.981246,ITA,SGP,5541
114,192,949,1992,753419,54025,2.451698,0.875639,JPN,SGP,5541
116,192,949,1992,21352,19452,-0.31818,-0.096856,KEN,SGP,5541
118,192,949,1992,0,159876,-1.036685,-1.149364,KHM,SGP,5541
119,192,949,1992,0,12591,-0.047671,-0.740088,KIR,SGP,5541
121,192,949,1992,231628,25138,0.778066,1.3011139999999999,KOR,SGP,5541
122,192,949,1992,0,116204,-1.2360950000000002,-1.061771,KWT,SGP,5541
124,192,949,1992,0,32026,0.186135,0.800906,LBN,SGP,5541
125,192,949,1992,0,18272,-0.790557,-0.9978870000000001,LBR,SGP,5541
128,192,949,1992,0,7743,-0.45780600000000005,-0.221948,LKA,SGP,5541
133,192,949,1992,0,77223,0.249034,-0.026864,MAC,SGP,5541
136,192,949,1992,0,158036,-0.977873,-0.743187,MDG,SGP,5541
137,192,949,1992,0,316343,-0.501228,-0.8746290000000001,MDV,SGP,5541
142,192,949,1992,371524,0,0.828211,0.29226599999999997,MLT,SGP,5541
143,192,949,1992,14759,207313,-1.030267,-0.770368,MMR,SGP,5541
147,192,949,1992,0,13939,-0.119653,-0.28381100000000004,MOZ,SGP,5541
151,192,949,1992,0,14018,-0.249558,-0.643201,MUS,SGP,5541
153,192,949,1992,9528416,1569727,0.14268499999999998,0.370079,MYS,SGP,5541
156,192,949,1992,0,2311,-1.284672,-0.9233870000000001,NCL,SGP,5541
159,192,949,1992,0,291394,-2.275923,-1.178983,NGA,SGP,5541
162,192,949,1992,23466,41788,1.4315069999999999,1.7107450000000002,NLD,SGP,5541
163,192,949,1992,6221,0,0.877965,0.444983,NOR,SGP,5541
164,192,949,1992,0,77550,-0.604018,-0.677756,NPL,SGP,5541
166,192,949,1992,1727,10942,0.41866000000000003,0.580581,NZL,SGP,5541
167,192,949,1992,0,46831,-0.906702,-1.0716709999999998,OMN,SGP,5541
168,192,949,1992,0,4710,-0.480152,-0.361705,PAK,SGP,5541
169,192,949,1992,0,2362,0.289315,0.37247199999999997,PAN,SGP,5541
174,192,949,1992,581253,36073,-0.139761,0.772109,PHL,SGP,5541
176,192,949,1992,0,45424,-1.602221,-1.058247,PNG,SGP,5541
177,192,949,1992,0,113898,0.581166,2.070795,POL,SGP,5541
178,192,949,1992,0,2502,0.201042,0.477547,PRK,SGP,5541
183,192,949,1992,0,36889,-0.491413,-1.004476,QAT,SGP,5541
188,192,949,1992,3436,350910,0.416315,-0.7342489999999999,SAU,SGP,5541
190,192,949,1992,0,27951,-0.930193,-1.02726,SDN,SGP,5541
191,192,949,1992,0,23121,-0.43371800000000005,-0.679547,SEN,SGP,5541
195,192,949,1992,0,63341,-1.491786,-0.9599799999999999,SLB,SGP,5541
208,192,949,1992,11614,39997,2.2265900000000003,0.999178,SWE,SGP,5541
211,192,949,1992,0,180919,0.05767100000000001,-0.6613020000000001,SYC,SGP,5541
216,192,949,1992,832840,34178,0.109518,1.486578,THA,SGP,5541
226,192,949,1992,0,171408,-1.139271,-0.8235379999999999,TZA,SGP,5541
231,192,949,1992,2199380,344888,1.660693,1.289752,USA,SGP,5541
239,192,949,1992,48955,41354,-0.989259,-0.43416099999999996,VNM,SGP,5541
243,192,949,1992,0,496474,-0.7116020000000001,-0.9852489999999999,YEM,SGP,5541
246,192,949,1992,0,48083,0.236335,1.415622,ZAF,SGP,5541
249,192,949,1992,86201,495855,1.3694790000000001,1.6227559999999999,TWN,SGP,5541
250,192,949,1992,49868,1638888,0.989994,0.977453,ANS,SGP,5541
15,207,949,1992,240846,35402,1.975207,0.669388,AUT,SVN,5541
18,207,949,1992,48189,0,1.449085,1.622957,BEL,SVN,5541
26,207,949,1992,0,26625,0.76031,1.212207,BIH,SVN,5541
41,207,949,1992,11496,0,2.24952,1.014945,CHE,SVN,5541
53,207,949,1992,9331,682440,1.116966,2.225331,CSK,SVN,5541
61,207,949,1992,78886,998,2.2968349999999997,-2.581569,DEU,SVN,5541
64,207,949,1992,6482,0,1.696464,1.365743,DNK,SVN,5541
71,207,949,1992,13662,0,1.301511,1.730441,ESP,SVN,5541
77,207,949,1992,37952,0,1.682766,1.2713430000000001,FRA,SVN,5541
81,207,949,1992,131373,0,1.8901810000000001,0.9274030000000001,GBR,SVN,5541
97,207,949,1992,14431,0,0.754112,1.911201,HKG,SVN,5541
100,207,949,1992,184993,507236,0.877872,1.726188,HRV,SVN,5541
102,207,949,1992,5997,146827,0.9144620000000001,2.157041,HUN,SVN,5541
111,207,949,1992,1626715,3344,1.7819,0.981246,ITA,SVN,5541
162,207,949,1992,20178,0,1.4315069999999999,1.7107450000000002,NLD,SVN,5541
177,207,949,1992,0,17866,0.581166,2.070795,POL,SVN,5541
186,207,949,1992,0,1223,0.071799,0.14036099999999999,RUS,SVN,5541
189,207,949,1992,93074,195114,0.9474950000000001,2.442268,SCG,SVN,5541
208,207,949,1992,1438,0,2.2265900000000003,0.999178,SWE,SVN,5541
224,207,949,1992,7192,0,0.160966,1.154796,TUR,SVN,5541
250,207,949,1992,1586,0,0.989994,0.977453,ANS,SVN,5541
7,208,949,1992,0,1947,-0.495518,-0.963358,ARE,SWE,5541
14,208,949,1992,7954,1832,0.083812,0.637224,AUS,SWE,5541
15,208,949,1992,132537,78481,1.975207,0.669388,AUT,SWE,5541
18,208,949,1992,112426,294898,1.449085,1.622957,BEL,SWE,5541
19,208,949,1992,0,2588,-1.206267,-0.855159,BEN,SWE,5541
26,208,949,1992,0,11010,0.76031,1.212207,BIH,SWE,5541
39,208,949,1992,43971,119189,0.74703,1.096791,CAN,SWE,5541
41,208,949,1992,65896,139236,2.24952,1.014945,CHE,SWE,5541
42,208,949,1992,12692,0,-0.188106,-0.360151,CHL,SWE,5541
43,208,949,1992,67094,8334,0.269411,1.920075,CHN,SWE,5541
53,208,949,1992,0,10310,1.116966,2.225331,CSK,SWE,5541
58,208,949,1992,0,1281,0.471516,0.668776,CYP,SWE,5541
61,208,949,1992,3253096,305706,2.2968349999999997,-2.581569,DEU,SWE,5541
64,208,949,1992,2201773,3746520,1.696464,1.365743,DNK,SWE,5541
71,208,949,1992,169003,4142,1.301511,1.730441,ESP,SWE,5541
72,208,949,1992,0,10827,0.22019699999999998,0.0198,EST,SWE,5541
73,208,949,1992,0,821,-1.036482,-1.078446,ETH,SWE,5541
74,208,949,1992,253185,2653975,1.929661,1.3477,FIN,SWE,5541
77,208,949,1992,1545906,2818388,1.682766,1.2713430000000001,FRA,SWE,5541
78,208,949,1992,0,3932,-0.51381,-0.8512059999999999,FRO,SWE,5541
81,208,949,1992,9529439,1167852,1.8901810000000001,0.9274030000000001,GBR,SWE,5541
85,208,949,1992,0,2409,-1.11535,-1.0306,GIN,SWE,5541
86,208,949,1992,0,1275,0.68221,-0.319682,GLP,SWE,5541
90,208,949,1992,0,6119,0.139504,0.743678,GRC,SWE,5541
97,208,949,1992,198772,0,0.754112,1.911201,HKG,SWE,5541
100,208,949,1992,0,844,0.877872,1.726188,HRV,SWE,5541
102,208,949,1992,0,26022,0.9144620000000001,2.157041,HUN,SWE,5541
103,208,949,1992,57819,0,-0.5250670000000001,0.717568,IDN,SWE,5541
104,208,949,1992,10721,3266,0.101094,1.6851180000000001,IND,SWE,5541
106,208,949,1992,73346,6357,1.454172,1.397052,IRL,SWE,5541
109,208,949,1992,0,29261,-0.076691,-0.630567,ISL,SWE,5541
110,208,949,1992,57051,11187,1.354362,1.3260530000000001,ISR,SWE,5541
111,208,949,1992,424703,93119,1.7819,0.981246,ITA,SWE,5541
113,208,949,1992,0,36188,0.716964,0.5323760000000001,JOR,SWE,5541
114,208,949,1992,16619,0,2.451698,0.875639,JPN,SWE,5541
115,208,949,1992,0,2922,-0.084852,-0.5466260000000001,KAZ,SWE,5541
121,208,949,1992,15950,0,0.778066,1.3011139999999999,KOR,SWE,5541
124,208,949,1992,1896,0,0.186135,0.800906,LBN,SWE,5541
132,208,949,1992,0,2922,0.184303,0.022494999999999998,LVA,SWE,5541
133,208,949,1992,0,1086,0.249034,-0.026864,MAC,SWE,5541
137,208,949,1992,0,3304,-0.501228,-0.8746290000000001,MDV,SWE,5541
138,208,949,1992,144543,0,0.9039370000000001,0.965842,MEX,SWE,5541
162,208,949,1992,2025397,1547742,1.4315069999999999,1.7107450000000002,NLD,SWE,5541
163,208,949,1992,542653,6095474,0.877965,0.444983,NOR,SWE,5541
168,208,949,1992,0,6216,-0.480152,-0.361705,PAK,SWE,5541
174,208,949,1992,1161,0,-0.139761,0.772109,PHL,SWE,5541
177,208,949,1992,277315,71500,0.581166,2.070795,POL,SWE,5541
179,208,949,1992,86067,1140,0.47505,0.8402860000000001,PRT,SWE,5541
185,208,949,1992,0,5169,0.838817,1.358629,ROU,SWE,5541
186,208,949,1992,0,38148,0.071799,0.14036099999999999,RUS,SWE,5541
188,208,949,1992,0,13083,0.416315,-0.7342489999999999,SAU,SWE,5541
189,208,949,1992,0,3320,0.9474950000000001,2.442268,SCG,SWE,5541
190,208,949,1992,0,1547,-0.930193,-1.02726,SDN,SWE,5541
192,208,949,1992,39997,11614,0.95691,0.892702,SGP,SWE,5541
207,208,949,1992,0,1438,1.3270629999999999,1.605534,SVN,SWE,5541
212,208,949,1992,1362,0,-0.566724,-0.602446,SYR,SWE,5541
216,208,949,1992,52051,1754,0.109518,1.486578,THA,SWE,5541
224,208,949,1992,4488,0,0.160966,1.154796,TUR,SWE,5541
226,208,949,1992,0,1375,-1.139271,-0.8235379999999999,TZA,SWE,5541
231,208,949,1992,240836,82619,1.660693,1.289752,USA,SWE,5541
248,208,949,1992,0,1159,-0.11168099999999999,0.143612,ZWE,SWE,5541
249,208,949,1992,4361,8209,1.3694790000000001,1.6227559999999999,TWN,SWE,5541
250,208,949,1992,2730,2740,0.989994,0.977453,ANS,SWE,5541
2,216,949,1992,0,32811,-1.90642,-1.061544,AGO,THA,5541
7,216,949,1992,0,3306,-0.495518,-0.963358,ARE,THA,5541
14,216,949,1992,1333,118314,0.083812,0.637224,AUS,THA,5541
18,216,949,1992,12005,0,1.449085,1.622957,BEL,THA,5541
34,216,949,1992,0,20508,-1.142722,-0.818717,BRN,THA,5541
39,216,949,1992,3460,2839,0.74703,1.096791,CAN,THA,5541
41,216,949,1992,2974,0,2.24952,1.014945,CHE,THA,5541
43,216,949,1992,4076,8845,0.269411,1.920075,CHN,THA,5541
61,216,949,1992,45678,3264,2.2968349999999997,-2.581569,DEU,THA,5541
62,216,949,1992,0,19561,0.708593,1.196323,DJI,THA,5541
64,216,949,1992,0,11131,1.696464,1.365743,DNK,THA,5541
73,216,949,1992,0,209755,-1.036482,-1.078446,ETH,THA,5541
74,216,949,1992,0,262362,1.929661,1.3477,FIN,THA,5541
77,216,949,1992,145604,2023,1.682766,1.2713430000000001,FRA,THA,5541
81,216,949,1992,182390,76629,1.8901810000000001,0.9274030000000001,GBR,THA,5541
97,216,949,1992,30367,489822,0.754112,1.911201,HKG,THA,5541
103,216,949,1992,2884,1900,-0.5250670000000001,0.717568,IDN,THA,5541
104,216,949,1992,92696,4635,0.101094,1.6851180000000001,IND,THA,5541
106,216,949,1992,1558,0,1.454172,1.397052,IRL,THA,5541
110,216,949,1992,3362,0,1.354362,1.3260530000000001,ISR,THA,5541
111,216,949,1992,13479,0,1.7819,0.981246,ITA,THA,5541
114,216,949,1992,138199,395105,2.451698,0.875639,JPN,THA,5541
118,216,949,1992,0,174741,-1.036685,-1.149364,KHM,THA,5541
121,216,949,1992,0,71507,0.778066,1.3011139999999999,KOR,THA,5541
123,216,949,1992,0,298421,-1.03711,-1.114235,LAO,THA,5541
133,216,949,1992,0,34071,0.249034,-0.026864,MAC,THA,5541
137,216,949,1992,0,8140,-0.501228,-0.8746290000000001,MDV,THA,5541
143,216,949,1992,0,197047,-1.030267,-0.770368,MMR,THA,5541
151,216,949,1992,0,3072,-0.249558,-0.643201,MUS,THA,5541
153,216,949,1992,40392,1059587,0.14268499999999998,0.370079,MYS,THA,5541
159,216,949,1992,0,630344,-2.275923,-1.178983,NGA,THA,5541
162,216,949,1992,0,1932,1.4315069999999999,1.7107450000000002,NLD,THA,5541
163,216,949,1992,0,51811,0.877965,0.444983,NOR,THA,5541
164,216,949,1992,0,3109,-0.604018,-0.677756,NPL,THA,5541
166,216,949,1992,0,11553,0.41866000000000003,0.580581,NZL,THA,5541
174,216,949,1992,7292,21174,-0.139761,0.772109,PHL,THA,5541
176,216,949,1992,0,3911,-1.602221,-1.058247,PNG,THA,5541
185,216,949,1992,0,1607,0.838817,1.358629,ROU,THA,5541
188,216,949,1992,0,36871,0.416315,-0.7342489999999999,SAU,THA,5541
192,216,949,1992,34178,832840,0.95691,0.892702,SGP,THA,5541
208,216,949,1992,1754,52051,2.2265900000000003,0.999178,SWE,THA,5541
230,216,949,1992,0,13189,0.242758,0.711781,URY,THA,5541
231,216,949,1992,2910418,315184,1.660693,1.289752,USA,THA,5541
239,216,949,1992,0,8102,-0.989259,-0.43416099999999996,VNM,THA,5541
249,216,949,1992,56268,166950,1.3694790000000001,1.6227559999999999,TWN,THA,5541
250,216,949,1992,1617,8075,0.989994,0.977453,ANS,THA,5541
1,224,949,1992,0,190379,-0.347989,-0.539361,AFG,TUR,5541
2,224,949,1992,0,52249,-1.90642,-1.061544,AGO,TUR,5541
4,224,949,1992,0,1395551,-0.24194200000000002,-0.395524,ALB,TUR,5541
7,224,949,1992,0,319002,-0.495518,-0.963358,ARE,TUR,5541
14,224,949,1992,0,1335,0.083812,0.637224,AUS,TUR,5541
15,224,949,1992,2011,215327,1.975207,0.669388,AUT,TUR,5541
16,224,949,1992,0,16765,0.068107,-0.730703,AZE,TUR,5541
18,224,949,1992,50392,34401,1.449085,1.622957,BEL,TUR,5541
23,224,949,1992,0,59144,0.503161,1.871616,BGR,TUR,5541
24,224,949,1992,0,27031,0.047396,-0.554517,BHR,TUR,5541
28,224,949,1992,0,2791,0.6011380000000001,0.450072,BLR,TUR,5541
41,224,949,1992,2501,19032,2.24952,1.014945,CHE,TUR,5541
44,224,949,1992,0,23301,-1.689731,-1.070179,CIV,TUR,5541
46,224,949,1992,0,23399,-1.55348,-1.100071,COD,TUR,5541
47,224,949,1992,0,11342,-2.019876,-1.1048360000000002,COG,TUR,5541
53,224,949,1992,0,913390,1.116966,2.225331,CSK,TUR,5541
58,224,949,1992,0,257272,0.471516,0.668776,CYP,TUR,5541
61,224,949,1992,496627,73034,2.2968349999999997,-2.581569,DEU,TUR,5541
62,224,949,1992,0,161652,0.708593,1.196323,DJI,TUR,5541
68,224,949,1992,0,3066538,-0.102143,-0.17513499999999999,EGY,TUR,5541
71,224,949,1992,9577,24431,1.301511,1.730441,ESP,TUR,5541
74,224,949,1992,0,29747,1.929661,1.3477,FIN,TUR,5541
77,224,949,1992,98225,501083,1.682766,1.2713430000000001,FRA,TUR,5541
80,224,949,1992,0,14010,-1.683572,-1.0855620000000001,GAB,TUR,5541
81,224,949,1992,491844,299778,1.8901810000000001,0.9274030000000001,GBR,TUR,5541
82,224,949,1992,0,22560,0.392506,-0.43089399999999994,GEO,TUR,5541
90,224,949,1992,0,441162,0.139504,0.743678,GRC,TUR,5541
97,224,949,1992,0,29415,0.754112,1.911201,HKG,TUR,5541
100,224,949,1992,0,549,0.877872,1.726188,HRV,TUR,5541
102,224,949,1992,0,145805,0.9144620000000001,2.157041,HUN,TUR,5541
107,224,949,1992,0,1832277,-1.195108,-1.135155,IRN,TUR,5541
108,224,949,1992,0,16739386,-1.162989,-0.8323229999999999,IRQ,TUR,5541
110,224,949,1992,221285,15901,1.354362,1.3260530000000001,ISR,TUR,5541
111,224,949,1992,728468,34122,1.7819,0.981246,ITA,TUR,5541
113,224,949,1992,0,4239394,0.716964,0.5323760000000001,JOR,TUR,5541
115,224,949,1992,0,452578,-0.084852,-0.5466260000000001,KAZ,TUR,5541
121,224,949,1992,13303,0,0.778066,1.3011139999999999,KOR,TUR,5541
122,224,949,1992,0,65028,-1.2360950000000002,-1.061771,KWT,TUR,5541
124,224,949,1992,0,651346,0.186135,0.800906,LBN,TUR,5541
125,224,949,1992,0,122132,-0.790557,-0.9978870000000001,LBR,TUR,5541
126,224,949,1992,0,921180,-0.333309,-0.981883,LBY,TUR,5541
128,224,949,1992,0,11855,-0.45780600000000005,-0.221948,LKA,TUR,5541
136,224,949,1992,0,1867,-0.977873,-0.743187,MDG,TUR,5541
142,224,949,1992,0,177245,0.828211,0.29226599999999997,MLT,TUR,5541
159,224,949,1992,0,367590,-2.275923,-1.178983,NGA,TUR,5541
162,224,949,1992,13304,38343,1.4315069999999999,1.7107450000000002,NLD,TUR,5541
163,224,949,1992,0,4585,0.877965,0.444983,NOR,TUR,5541
177,224,949,1992,0,3180294,0.581166,2.070795,POL,TUR,5541
183,224,949,1992,0,86598,-0.491413,-1.004476,QAT,TUR,5541
185,224,949,1992,0,1945167,0.838817,1.358629,ROU,TUR,5541
186,224,949,1992,0,7048954,0.071799,0.14036099999999999,RUS,TUR,5541
188,224,949,1992,0,257432,0.416315,-0.7342489999999999,SAU,TUR,5541
189,224,949,1992,0,1258399,0.9474950000000001,2.442268,SCG,TUR,5541
191,224,949,1992,0,15555,-0.43371800000000005,-0.679547,SEN,TUR,5541
207,224,949,1992,0,7192,1.3270629999999999,1.605534,SVN,TUR,5541
208,224,949,1992,0,4488,2.2265900000000003,0.999178,SWE,TUR,5541
212,224,949,1992,57879,11131,-0.566724,-0.602446,SYR,TUR,5541
226,224,949,1992,0,57313,-1.139271,-0.8235379999999999,TZA,TUR,5541
231,224,949,1992,17806,1466354,1.660693,1.289752,USA,TUR,5541
232,224,949,1992,0,3500,-0.312817,-0.955664,UZB,TUR,5541
246,224,949,1992,7083,157310,0.236335,1.415622,ZAF,TUR,5541
249,224,949,1992,0,69835,1.3694790000000001,1.6227559999999999,TWN,TUR,5541
250,224,949,1992,0,14925,0.989994,0.977453,ANS,TUR,5541
2,246,949,1992,0,1358631,-1.90642,-1.061544,AGO,ZAF,5541
6,246,949,1992,0,26573,0.258484,-0.47236000000000006,ANT,ZAF,5541
13,246,949,1992,0,8382,0.561238,-0.164287,ATG,ZAF,5541
14,246,949,1992,5864,8028,0.083812,0.637224,AUS,ZAF,5541
15,246,949,1992,3338,970,1.975207,0.669388,AUT,ZAF,5541
18,246,949,1992,8893,0,1.449085,1.622957,BEL,ZAF,5541
39,246,949,1992,777716,0,0.74703,1.096791,CAN,ZAF,5541
41,246,949,1992,8480,164760,2.24952,1.014945,CHE,ZAF,5541
43,246,949,1992,1398,0,0.269411,1.920075,CHN,ZAF,5541
46,246,949,1992,0,1206462,-1.55348,-1.100071,COD,ZAF,5541
47,246,949,1992,0,42191,-2.019876,-1.1048360000000002,COG,ZAF,5541
50,246,949,1992,0,78625,-0.5867220000000001,-0.8257620000000001,COM,ZAF,5541
61,246,949,1992,257007,6737,2.2968349999999997,-2.581569,DEU,ZAF,5541
64,246,949,1992,0,22999,1.696464,1.365743,DNK,ZAF,5541
68,246,949,1992,1339,0,-0.102143,-0.17513499999999999,EGY,ZAF,5541
71,246,949,1992,5286,0,1.301511,1.730441,ESP,ZAF,5541
77,246,949,1992,194103,924,1.682766,1.2713430000000001,FRA,ZAF,5541
80,246,949,1992,0,2816,-1.683572,-1.0855620000000001,GAB,ZAF,5541
81,246,949,1992,937517,657256,1.8901810000000001,0.9274030000000001,GBR,ZAF,5541
90,246,949,1992,0,3260,0.139504,0.743678,GRC,ZAF,5541
97,246,949,1992,89227,119150,0.754112,1.911201,HKG,ZAF,5541
103,246,949,1992,60241,0,-0.5250670000000001,0.717568,IDN,ZAF,5541
110,246,949,1992,87415,0,1.354362,1.3260530000000001,ISR,ZAF,5541
111,246,949,1992,42818,711618,1.7819,0.981246,ITA,ZAF,5541
114,246,949,1992,3390,0,2.451698,0.875639,JPN,ZAF,5541
121,246,949,1992,6004,0,0.778066,1.3011139999999999,KOR,ZAF,5541
136,246,949,1992,0,2526,-0.977873,-0.743187,MDG,ZAF,5541
147,246,949,1992,0,5771445,-0.119653,-0.28381100000000004,MOZ,ZAF,5541
151,246,949,1992,0,276095,-0.249558,-0.643201,MUS,ZAF,5541
152,246,949,1992,0,62641,-1.368384,-1.205314,MWI,ZAF,5541
153,246,949,1992,3979,0,0.14268499999999998,0.370079,MYS,ZAF,5541
159,246,949,1992,0,19630,-2.275923,-1.178983,NGA,ZAF,5541
162,246,949,1992,40825,589334,1.4315069999999999,1.7107450000000002,NLD,ZAF,5541
163,246,949,1992,9318,0,0.877965,0.444983,NOR,ZAF,5541
166,246,949,1992,1752,2291,0.41866000000000003,0.580581,NZL,ZAF,5541
184,246,949,1992,0,2570,0.251216,-0.448812,REU,ZAF,5541
189,246,949,1992,0,1161,0.9474950000000001,2.442268,SCG,ZAF,5541
192,246,949,1992,48083,0,0.95691,0.892702,SGP,ZAF,5541
194,246,949,1992,0,42591,0.500765,-0.539151,SHN,ZAF,5541
203,246,949,1992,0,28800,1.218035,-0.270569,STP,ZAF,5541
211,246,949,1992,0,376775,0.05767100000000001,-0.6613020000000001,SYC,ZAF,5541
224,246,949,1992,157310,7083,0.160966,1.154796,TUR,ZAF,5541
231,246,949,1992,1052970,1913,1.660693,1.289752,USA,ZAF,5541
247,246,949,1992,0,1896914,-0.9865219999999999,-1.076062,ZMB,ZAF,5541
248,246,949,1992,2306,49540,-0.11168099999999999,0.143612,ZWE,ZAF,5541
249,246,949,1992,2945,470680,1.3694790000000001,1.6227559999999999,TWN,ZAF,5541
250,246,949,1992,34779,4205,0.989994,0.977453,ANS,ZAF,5541
7,249,949,1992,0,56930,-0.495518,-0.963358,ARE,TWN,5541
14,249,949,1992,126161,11301,0.083812,0.637224,AUS,TWN,5541
15,249,949,1992,4587,3893,1.975207,0.669388,AUT,TWN,5541
18,249,949,1992,136514,11772,1.449085,1.622957,BEL,TWN,5541
24,249,949,1992,0,3000,0.047396,-0.554517,BHR,TWN,5541
39,249,949,1992,94617,13156,0.74703,1.096791,CAN,TWN,5541
41,249,949,1992,28999,3341,2.24952,1.014945,CHE,TWN,5541
43,249,949,1992,85853,11899,0.269411,1.920075,CHN,TWN,5541
52,249,949,1992,0,2779,0.11654,0.191873,CRI,TWN,5541
61,249,949,1992,518394,16607,2.2968349999999997,-2.581569,DEU,TWN,5541
64,249,949,1992,0,4564,1.696464,1.365743,DNK,TWN,5541
65,249,949,1992,0,4000,-0.338979,-0.5049279999999999,DOM,TWN,5541
71,249,949,1992,492665,4444,1.301511,1.730441,ESP,TWN,5541
77,249,949,1992,1276414,4427,1.682766,1.2713430000000001,FRA,TWN,5541
81,249,949,1992,908591,15107,1.8901810000000001,0.9274030000000001,GBR,TWN,5541
90,249,949,1992,0,1979,0.139504,0.743678,GRC,TWN,5541
93,249,949,1992,0,2035,-0.031145999999999997,0.48874300000000004,GTM,TWN,5541
97,249,949,1992,279371,1373996,0.754112,1.911201,HKG,TWN,5541
99,249,949,1992,0,2344,-0.5100640000000001,-0.38205900000000004,HND,TWN,5541
103,249,949,1992,994216,383295,-0.5250670000000001,0.717568,IDN,TWN,5541
104,249,949,1992,3324,0,0.101094,1.6851180000000001,IND,TWN,5541
106,249,949,1992,119152,0,1.454172,1.397052,IRL,TWN,5541
109,249,949,1992,0,1819,-0.076691,-0.630567,ISL,TWN,5541
110,249,949,1992,261367,0,1.354362,1.3260530000000001,ISR,TWN,5541
111,249,949,1992,205100,0,1.7819,0.981246,ITA,TWN,5541
113,249,949,1992,0,2540,0.716964,0.5323760000000001,JOR,TWN,5541
114,249,949,1992,6777736,299312,2.451698,0.875639,JPN,TWN,5541
116,249,949,1992,0,3751,-0.31818,-0.096856,KEN,TWN,5541
119,249,949,1992,0,7409,-0.047671,-0.740088,KIR,TWN,5541
121,249,949,1992,321845,11192,0.778066,1.3011139999999999,KOR,TWN,5541
124,249,949,1992,0,15000,0.186135,0.800906,LBN,TWN,5541
133,249,949,1992,17877,216774,0.249034,-0.026864,MAC,TWN,5541
134,249,949,1992,0,6641,-0.339711,-0.265987,MAR,TWN,5541
138,249,949,1992,369152,0,0.9039370000000001,0.965842,MEX,TWN,5541
142,249,949,1992,24469,0,0.828211,0.29226599999999997,MLT,TWN,5541
147,249,949,1992,0,18000,-0.119653,-0.28381100000000004,MOZ,TWN,5541
151,249,949,1992,0,160173,-0.249558,-0.643201,MUS,TWN,5541
153,249,949,1992,2938880,33261,0.14268499999999998,0.370079,MYS,TWN,5541
157,249,949,1992,0,4000,0.056698,-0.6624770000000001,NER,TWN,5541
159,249,949,1992,0,15000,-2.275923,-1.178983,NGA,TWN,5541
160,249,949,1992,0,583,-0.214083,-0.111615,NIC,TWN,5541
162,249,949,1992,334908,12803,1.4315069999999999,1.7107450000000002,NLD,TWN,5541
163,249,949,1992,0,6263,0.877965,0.444983,NOR,TWN,5541
166,249,949,1992,187848,84188,0.41866000000000003,0.580581,NZL,TWN,5541
167,249,949,1992,0,2000,-0.906702,-1.0716709999999998,OMN,TWN,5541
169,249,949,1992,0,7802,0.289315,0.37247199999999997,PAN,TWN,5541
173,249,949,1992,0,17306,-0.286545,-0.264638,PER,TWN,5541
174,249,949,1992,4441,7633,-0.139761,0.772109,PHL,TWN,5541
183,249,949,1992,0,217464,-0.491413,-1.004476,QAT,TWN,5541
188,249,949,1992,0,8028,0.416315,-0.7342489999999999,SAU,TWN,5541
192,249,949,1992,495855,86201,0.95691,0.892702,SGP,TWN,5541
208,249,949,1992,8209,4361,2.2265900000000003,0.999178,SWE,TWN,5541
216,249,949,1992,166950,56268,0.109518,1.486578,THA,TWN,5541
224,249,949,1992,69835,0,0.160966,1.154796,TUR,TWN,5541
231,249,949,1992,5142993,1569917,1.660693,1.289752,USA,TWN,5541
239,249,949,1992,0,17000,-0.989259,-0.43416099999999996,VNM,TWN,5541
246,249,949,1992,470680,2945,0.236335,1.415622,ZAF,TWN,5541
250,249,949,1992,0,20000,0.989994,0.977453,ANS,TWN,5541
2,8,949,1992,0,1506928,-1.90642,-1.061544,AGO,ARG,5541
18,8,949,1992,5402,0,1.449085,1.622957,BEL,ARG,5541
31,8,949,1992,0,4800728,-0.609826,-0.693473,BOL,ARG,5541
32,8,949,1992,904650,188516,0.685144,1.5676709999999998,BRA,ARG,5541
41,8,949,1992,6861,0,2.24952,1.014945,CHE,ARG,5541
42,8,949,1992,2361992,917223,-0.188106,-0.360151,CHL,ARG,5541
43,8,949,1992,29667,0,0.269411,1.920075,CHN,ARG,5541
54,8,949,1992,0,36463,-0.719011,-1.077984,CUB,ARG,5541
61,8,949,1992,194908,0,2.2968349999999997,-2.581569,DEU,ARG,5541
71,8,949,1992,343249,0,1.301511,1.730441,ESP,ARG,5541
77,8,949,1992,164418,0,1.682766,1.2713430000000001,FRA,ARG,5541
81,8,949,1992,56228,0,1.8901810000000001,0.9274030000000001,GBR,ARG,5541
97,8,949,1992,57360,0,0.754112,1.911201,HKG,ARG,5541
110,8,949,1992,320164,0,1.354362,1.3260530000000001,ISR,ARG,5541
111,8,949,1992,224503,0,1.7819,0.981246,ITA,ARG,5541
114,8,949,1992,1399,0,2.451698,0.875639,JPN,ARG,5541
138,8,949,1992,228665,0,0.9039370000000001,0.965842,MEX,ARG,5541
162,8,949,1992,1082,0,1.4315069999999999,1.7107450000000002,NLD,ARG,5541
163,8,949,1992,2312,0,0.877965,0.444983,NOR,ARG,5541
169,8,949,1992,5563,0,0.289315,0.37247199999999997,PAN,ARG,5541
173,8,949,1992,1635,0,-0.286545,-0.264638,PER,ARG,5541
177,8,949,1992,2439,0,0.581166,2.070795,POL,ARG,5541
180,8,949,1992,77306,1127889,-0.906433,-0.787177,PRY,ARG,5541
192,8,949,1992,45943,0,0.95691,0.892702,SGP,ARG,5541
230,8,949,1992,914282,204561,0.242758,0.711781,URY,ARG,5541
231,8,949,1992,2172574,91806,1.660693,1.289752,USA,ARG,5541
236,8,949,1992,0,15181,-0.106385,-0.65975,VEN,ARG,5541
250,8,949,1992,0,1191,0.989994,0.977453,ANS,ARG,5541
18,19,949,1992,96799,0,1.449085,1.622957,BEL,BEN,5541
44,19,949,1992,56210,0,-1.689731,-1.070179,CIV,BEN,5541
47,19,949,1992,0,66253,-2.019876,-1.1048360000000002,COG,BEN,5541
53,19,949,1992,1893,0,1.116966,2.225331,CSK,BEN,5541
61,19,949,1992,10480,0,2.2968349999999997,-2.581569,DEU,BEN,5541
71,19,949,1992,165504,0,1.301511,1.730441,ESP,BEN,5541
77,19,949,1992,387345,0,1.682766,1.2713430000000001,FRA,BEN,5541
81,19,949,1992,22635,0,1.8901810000000001,0.9274030000000001,GBR,BEN,5541
97,19,949,1992,46894,0,0.754112,1.911201,HKG,BEN,5541
111,19,949,1992,12105,0,1.7819,0.981246,ITA,BEN,5541
121,19,949,1992,88131,0,0.778066,1.3011139999999999,KOR,BEN,5541
159,19,949,1992,126504,0,-2.275923,-1.178983,NGA,BEN,5541
208,19,949,1992,2588,0,2.2265900000000003,0.999178,SWE,BEN,5541
2,32,949,1992,0,316067,-1.90642,-1.061544,AGO,BRA,5541
8,32,949,1992,188516,904650,0.043179,0.553408,ARG,BRA,5541
31,32,949,1992,25064,1455571,-0.609826,-0.693473,BOL,BRA,5541
39,32,949,1992,12031,83583,0.74703,1.096791,CAN,BRA,5541
42,32,949,1992,8509,49424,-0.188106,-0.360151,CHL,BRA,5541
43,32,949,1992,3539,0,0.269411,1.920075,CHN,BRA,5541
45,32,949,1992,0,1125,-2.0470759999999997,-1.184491,CMR,BRA,5541
46,32,949,1992,0,4201,-1.55348,-1.100071,COD,BRA,5541
49,32,949,1992,1790,0,0.022895,0.22971799999999998,COL,BRA,5541
51,32,949,1992,0,24846,0.314087,-0.48178699999999997,CPV,BRA,5541
54,32,949,1992,0,16734,-0.719011,-1.077984,CUB,BRA,5541
61,32,949,1992,47843,12966,2.2968349999999997,-2.581569,DEU,BRA,5541
71,32,949,1992,1895,0,1.301511,1.730441,ESP,BRA,5541
77,32,949,1992,2381,0,1.682766,1.2713430000000001,FRA,BRA,5541
81,32,949,1992,72006,46303,1.8901810000000001,0.9274030000000001,GBR,BRA,5541
83,32,949,1992,0,14257,-0.936314,-0.935839,GHA,BRA,5541
94,32,949,1992,0,22210,0.9797959999999999,0.125384,GUF,BRA,5541
96,32,949,1992,0,31316,-0.6447689999999999,-0.808177,GUY,BRA,5541
97,32,949,1992,1735,0,0.754112,1.911201,HKG,BRA,5541
99,32,949,1992,0,8035,-0.5100640000000001,-0.38205900000000004,HND,BRA,5541
110,32,949,1992,71668,0,1.354362,1.3260530000000001,ISR,BRA,5541
111,32,949,1992,53046,5587,1.7819,0.981246,ITA,BRA,5541
114,32,949,1992,9818,6932,2.451698,0.875639,JPN,BRA,5541
121,32,949,1992,27995,0,0.778066,1.3011139999999999,KOR,BRA,5541
153,32,949,1992,0,1943,0.14268499999999998,0.370079,MYS,BRA,5541
173,32,949,1992,0,28026,-0.286545,-0.264638,PER,BRA,5541
179,32,949,1992,0,45028,0.47505,0.8402860000000001,PRT,BRA,5541
180,32,949,1992,0,2413651,-0.906433,-0.787177,PRY,BRA,5541
205,32,949,1992,0,77617,-0.9841209999999999,-0.9359129999999999,SUR,BRA,5541
230,32,949,1992,658687,8070,0.242758,0.711781,URY,BRA,5541
231,32,949,1992,1441693,94300,1.660693,1.289752,USA,BRA,5541
236,32,949,1992,0,3994,-0.106385,-0.65975,VEN,BRA,5541
250,32,949,1992,2586,1447,0.989994,0.977453,ANS,BRA,5541
7,58,949,1992,0,1118,-0.495518,-0.963358,ARE,CYP,5541
14,58,949,1992,6355,0,0.083812,0.637224,AUS,CYP,5541
18,58,949,1992,7831,0,1.449085,1.622957,BEL,CYP,5541
23,58,949,1992,0,1077,0.503161,1.871616,BGR,CYP,5541
43,58,949,1992,2668,0,0.269411,1.920075,CHN,CYP,5541
61,58,949,1992,141746,0,2.2968349999999997,-2.581569,DEU,CYP,5541
64,58,949,1992,3321,0,1.696464,1.365743,DNK,CYP,5541
71,58,949,1992,4093,0,1.301511,1.730441,ESP,CYP,5541
77,58,949,1992,518465,0,1.682766,1.2713430000000001,FRA,CYP,5541
81,58,949,1992,988566,51667,1.8901810000000001,0.9274030000000001,GBR,CYP,5541
90,58,949,1992,175291,118187,0.139504,0.743678,GRC,CYP,5541
97,58,949,1992,10019,0,0.754112,1.911201,HKG,CYP,5541
106,58,949,1992,1594,0,1.454172,1.397052,IRL,CYP,5541
110,58,949,1992,1134,1986,1.354362,1.3260530000000001,ISR,CYP,5541
111,58,949,1992,36196,0,1.7819,0.981246,ITA,CYP,5541
114,58,949,1992,1848,0,2.451698,0.875639,JPN,CYP,5541
122,58,949,1992,0,33041,-1.2360950000000002,-1.061771,KWT,CYP,5541
124,58,949,1992,0,6698,0.186135,0.800906,LBN,CYP,5541
162,58,949,1992,19045,0,1.4315069999999999,1.7107450000000002,NLD,CYP,5541
167,58,949,1992,0,23128,-0.906702,-1.0716709999999998,OMN,CYP,5541
185,58,949,1992,0,2616,0.838817,1.358629,ROU,CYP,5541
186,58,949,1992,0,16634,0.071799,0.14036099999999999,RUS,CYP,5541
188,58,949,1992,0,61746,0.416315,-0.7342489999999999,SAU,CYP,5541
189,58,949,1992,0,3328,0.9474950000000001,2.442268,SCG,CYP,5541
192,58,949,1992,41109,0,0.95691,0.892702,SGP,CYP,5541
208,58,949,1992,1281,0,2.2265900000000003,0.999178,SWE,CYP,5541
212,58,949,1992,0,1007,-0.566724,-0.602446,SYR,CYP,5541
224,58,949,1992,257272,0,0.160966,1.154796,TUR,CYP,5541
231,58,949,1992,3033,0,1.660693,1.289752,USA,CYP,5541
250,58,949,1992,2031,23953,0.989994,0.977453,ANS,CYP,5541
18,83,949,1992,4159,0,1.449085,1.622957,BEL,GHA,5541
32,83,949,1992,14257,0,0.685144,1.5676709999999998,BRA,GHA,5541
39,83,949,1992,3092,0,0.74703,1.096791,CAN,GHA,5541
41,83,949,1992,8657,0,2.24952,1.014945,CHE,GHA,5541
44,83,949,1992,4714,0,-1.689731,-1.070179,CIV,GHA,5541
61,83,949,1992,11616,0,2.2968349999999997,-2.581569,DEU,GHA,5541
64,83,949,1992,3061,0,1.696464,1.365743,DNK,GHA,5541
71,83,949,1992,1021,0,1.301511,1.730441,ESP,GHA,5541
77,83,949,1992,436853,0,1.682766,1.2713430000000001,FRA,GHA,5541
81,83,949,1992,644222,0,1.8901810000000001,0.9274030000000001,GBR,GHA,5541
97,83,949,1992,71440,0,0.754112,1.911201,HKG,GHA,5541
103,83,949,1992,2352597,0,-0.5250670000000001,0.717568,IDN,GHA,5541
104,83,949,1992,3155,0,0.101094,1.6851180000000001,IND,GHA,5541
106,83,949,1992,2374,0,1.454172,1.397052,IRL,GHA,5541
111,83,949,1992,20777,0,1.7819,0.981246,ITA,GHA,5541
121,83,949,1992,123298,0,0.778066,1.3011139999999999,KOR,GHA,5541
124,83,949,1992,1061,0,0.186135,0.800906,LBN,GHA,5541
153,83,949,1992,176457,0,0.14268499999999998,0.370079,MYS,GHA,5541
159,83,949,1992,5854,24056,-2.275923,-1.178983,NGA,GHA,5541
162,83,949,1992,6615,0,1.4315069999999999,1.7107450000000002,NLD,GHA,5541
192,83,949,1992,1049482,0,0.95691,0.892702,SGP,GHA,5541
215,83,949,1992,15140,760110,-1.199292,-1.082889,TGO,GHA,5541
231,83,949,1992,38767,0,1.660693,1.289752,USA,GHA,5541
248,83,949,1992,13241,0,-0.11168099999999999,0.143612,ZWE,GHA,5541
250,83,949,1992,1841,4336,0.989994,0.977453,ANS,GHA,5541
4,90,949,1992,0,87768,-0.24194200000000002,-0.395524,ALB,GRC,5541
14,90,949,1992,5515,0,0.083812,0.637224,AUS,GRC,5541
15,90,949,1992,7836,5907,1.975207,0.669388,AUT,GRC,5541
18,90,949,1992,258373,8539,1.449085,1.622957,BEL,GRC,5541
23,90,949,1992,0,113708,0.503161,1.871616,BGR,GRC,5541
25,90,949,1992,0,45302,0.181088,-0.591638,BHS,GRC,5541
26,90,949,1992,0,43617,0.76031,1.212207,BIH,GRC,5541
39,90,949,1992,31960,432564,0.74703,1.096791,CAN,GRC,5541
41,90,949,1992,16291,0,2.24952,1.014945,CHE,GRC,5541
43,90,949,1992,7233,0,0.269411,1.920075,CHN,GRC,5541
53,90,949,1992,0,5101,1.116966,2.225331,CSK,GRC,5541
58,90,949,1992,118187,175291,0.471516,0.668776,CYP,GRC,5541
61,90,949,1992,3814936,2590,2.2968349999999997,-2.581569,DEU,GRC,5541
64,90,949,1992,3184,0,1.696464,1.365743,DNK,GRC,5541
71,90,949,1992,449994,3761,1.301511,1.730441,ESP,GRC,5541
73,90,949,1992,0,8473,-1.036482,-1.078446,ETH,GRC,5541
77,90,949,1992,1241737,540394,1.682766,1.2713430000000001,FRA,GRC,5541
81,90,949,1992,1840780,15609,1.8901810000000001,0.9274030000000001,GBR,GRC,5541
97,90,949,1992,94374,0,0.754112,1.911201,HKG,GRC,5541
99,90,949,1992,0,1504,-0.5100640000000001,-0.38205900000000004,HND,GRC,5541
102,90,949,1992,0,39998,0.9144620000000001,2.157041,HUN,GRC,5541
103,90,949,1992,54357,0,-0.5250670000000001,0.717568,IDN,GRC,5541
106,90,949,1992,68386,0,1.454172,1.397052,IRL,GRC,5541
110,90,949,1992,96779,50400,1.354362,1.3260530000000001,ISR,GRC,5541
111,90,949,1992,3936275,5922,1.7819,0.981246,ITA,GRC,5541
113,90,949,1992,0,6304,0.716964,0.5323760000000001,JOR,GRC,5541
114,90,949,1992,5177,7406,2.451698,0.875639,JPN,GRC,5541
121,90,949,1992,10289,0,0.778066,1.3011139999999999,KOR,GRC,5541
122,90,949,1992,0,76468,-1.2360950000000002,-1.061771,KWT,GRC,5541
126,90,949,1992,0,1849,-0.333309,-0.981883,LBY,GRC,5541
142,90,949,1992,0,23655,0.828211,0.29226599999999997,MLT,GRC,5541
153,90,949,1992,10385,0,0.14268499999999998,0.370079,MYS,GRC,5541
162,90,949,1992,430424,0,1.4315069999999999,1.7107450000000002,NLD,GRC,5541
166,90,949,1992,1284,0,0.41866000000000003,0.580581,NZL,GRC,5541
167,90,949,1992,0,11717,-0.906702,-1.0716709999999998,OMN,GRC,5541
169,90,949,1992,0,26286,0.289315,0.37247199999999997,PAN,GRC,5541
174,90,949,1992,0,5057,-0.139761,0.772109,PHL,GRC,5541
177,90,949,1992,0,13889,0.581166,2.070795,POL,GRC,5541
179,90,949,1992,4550,0,0.47505,0.8402860000000001,PRT,GRC,5541
185,90,949,1992,0,19568,0.838817,1.358629,ROU,GRC,5541
188,90,949,1992,0,36398,0.416315,-0.7342489999999999,SAU,GRC,5541
189,90,949,1992,0,353418,0.9474950000000001,2.442268,SCG,GRC,5541
208,90,949,1992,6119,0,2.2265900000000003,0.999178,SWE,GRC,5541
224,90,949,1992,441162,0,0.160966,1.154796,TUR,GRC,5541
231,90,949,1992,174281,427498,1.660693,1.289752,USA,GRC,5541
246,90,949,1992,3260,0,0.236335,1.415622,ZAF,GRC,5541
249,90,949,1992,1979,0,1.3694790000000001,1.6227559999999999,TWN,GRC,5541
250,90,949,1992,0,75515,0.989994,0.977453,ANS,GRC,5541
17,116,949,1992,0,201638,-1.222854,-0.927959,BDI,KEN,5541
41,116,949,1992,6207,0,2.24952,1.014945,CHE,KEN,5541
46,116,949,1992,0,146013,-1.55348,-1.100071,COD,KEN,5541
50,116,949,1992,0,2651,-0.5867220000000001,-0.8257620000000001,COM,KEN,5541
64,116,949,1992,7379,0,1.696464,1.365743,DNK,KEN,5541
73,116,949,1992,0,2208047,-1.036482,-1.078446,ETH,KEN,5541
77,116,949,1992,1681,7926,1.682766,1.2713430000000001,FRA,KEN,5541
81,116,949,1992,99446,20214,1.8901810000000001,0.9274030000000001,GBR,KEN,5541
97,116,949,1992,29649,0,0.754112,1.911201,HKG,KEN,5541
104,116,949,1992,6915,0,0.101094,1.6851180000000001,IND,KEN,5541
106,116,949,1992,2408,0,1.454172,1.397052,IRL,KEN,5541
110,116,949,1992,0,16914,1.354362,1.3260530000000001,ISR,KEN,5541
111,116,949,1992,15736,0,1.7819,0.981246,ITA,KEN,5541
136,116,949,1992,0,9154,-0.977873,-0.743187,MDG,KEN,5541
151,116,949,1992,0,2993,-0.249558,-0.643201,MUS,KEN,5541
153,116,949,1992,81037,0,0.14268499999999998,0.370079,MYS,KEN,5541
187,116,949,1992,0,5833,-0.890012,-0.888402,RWA,KEN,5541
190,116,949,1992,0,34801,-0.930193,-1.02726,SDN,KEN,5541
192,116,949,1992,19452,21352,0.95691,0.892702,SGP,KEN,5541
199,116,949,1992,0,1766491,-0.611123,-0.798546,SOM,KEN,5541
211,116,949,1992,0,962,0.05767100000000001,-0.6613020000000001,SYC,KEN,5541
226,116,949,1992,0,834225,-1.139271,-0.8235379999999999,TZA,KEN,5541
227,116,949,1992,0,322292,-1.264399,-1.0359450000000001,UGA,KEN,5541
247,116,949,1992,0,5444,-0.9865219999999999,-1.076062,ZMB,KEN,5541
249,116,949,1992,3751,0,1.3694790000000001,1.6227559999999999,TWN,KEN,5541
250,116,949,1992,0,28425,0.989994,0.977453,ANS,KEN,5541
14,133,949,1992,781,0,0.083812,0.637224,AUS,MAC,5541
18,133,949,1992,1673,0,1.449085,1.622957,BEL,MAC,5541
43,133,949,1992,92727,16241,0.269411,1.920075,CHN,MAC,5541
61,133,949,1992,43484,0,2.2968349999999997,-2.581569,DEU,MAC,5541
71,133,949,1992,4486,0,1.301511,1.730441,ESP,MAC,5541
77,133,949,1992,146000,0,1.682766,1.2713430000000001,FRA,MAC,5541
81,133,949,1992,3070,0,1.8901810000000001,0.9274030000000001,GBR,MAC,5541
97,133,949,1992,15576214,82623,0.754112,1.911201,HKG,MAC,5541
103,133,949,1992,998543,0,-0.5250670000000001,0.717568,IDN,MAC,5541
114,133,949,1992,160283,0,2.451698,0.875639,JPN,MAC,5541
153,133,949,1992,832,0,0.14268499999999998,0.370079,MYS,MAC,5541
166,133,949,1992,35935,0,0.41866000000000003,0.580581,NZL,MAC,5541
179,133,949,1992,1030,0,0.47505,0.8402860000000001,PRT,MAC,5541
192,133,949,1992,77223,0,0.95691,0.892702,SGP,MAC,5541
208,133,949,1992,1086,0,2.2265900000000003,0.999178,SWE,MAC,5541
216,133,949,1992,34071,0,0.109518,1.486578,THA,MAC,5541
231,133,949,1992,64630,0,1.660693,1.289752,USA,MAC,5541
239,133,949,1992,117824,0,-0.989259,-0.43416099999999996,VNM,MAC,5541
249,133,949,1992,216774,17877,1.3694790000000001,1.6227559999999999,TWN,MAC,5541
2,134,949,1992,0,891381,-1.90642,-1.061544,AGO,MAR,5541
18,134,949,1992,4942,0,1.449085,1.622957,BEL,MAR,5541
41,134,949,1992,89044,0,2.24952,1.014945,CHE,MAR,5541
43,134,949,1992,5982,0,0.269411,1.920075,CHN,MAR,5541
47,134,949,1992,0,2003,-2.019876,-1.1048360000000002,COG,MAR,5541
61,134,949,1992,17878,0,2.2968349999999997,-2.581569,DEU,MAR,5541
66,134,949,1992,0,10785,-0.24189699999999997,-0.9399219999999999,DZA,MAR,5541
71,134,949,1992,238805,0,1.301511,1.730441,ESP,MAR,5541
77,134,949,1992,488546,0,1.682766,1.2713430000000001,FRA,MAR,5541
81,134,949,1992,92072,0,1.8901810000000001,0.9274030000000001,GBR,MAR,5541
97,134,949,1992,7720,0,0.754112,1.911201,HKG,MAR,5541
106,134,949,1992,4935,0,1.454172,1.397052,IRL,MAR,5541
111,134,949,1992,4441,0,1.7819,0.981246,ITA,MAR,5541
113,134,949,1992,0,73685,0.716964,0.5323760000000001,JOR,MAR,5541
126,134,949,1992,0,95392,-0.333309,-0.981883,LBY,MAR,5541
148,134,949,1992,0,24883,-1.270091,-1.116622,MRT,MAR,5541
153,134,949,1992,1467,0,0.14268499999999998,0.370079,MYS,MAR,5541
162,134,949,1992,44776,7788,1.4315069999999999,1.7107450000000002,NLD,MAR,5541
179,134,949,1992,119817,0,0.47505,0.8402860000000001,PRT,MAR,5541
223,134,949,1992,0,5743,0.14482,-0.13608,TUN,MAR,5541
249,134,949,1992,6641,0,1.3694790000000001,1.6227559999999999,TWN,MAR,5541
7,142,949,1992,0,12491,-0.495518,-0.963358,ARE,MLT,5541
14,142,949,1992,3821,0,0.083812,0.637224,AUS,MLT,5541
15,142,949,1992,0,8068,1.975207,0.669388,AUT,MLT,5541
18,142,949,1992,1269,1842,1.449085,1.622957,BEL,MLT,5541
23,142,949,1992,0,28197,0.503161,1.871616,BGR,MLT,5541
24,142,949,1992,0,15125,0.047396,-0.554517,BHR,MLT,5541
43,142,949,1992,1731,0,0.269411,1.920075,CHN,MLT,5541
61,142,949,1992,372713,132368,2.2968349999999997,-2.581569,DEU,MLT,5541
64,142,949,1992,3400,0,1.696464,1.365743,DNK,MLT,5541
68,142,949,1992,0,139202,-0.102143,-0.17513499999999999,EGY,MLT,5541
71,142,949,1992,18154,0,1.301511,1.730441,ESP,MLT,5541
77,142,949,1992,136080,0,1.682766,1.2713430000000001,FRA,MLT,5541
81,142,949,1992,1084709,79001,1.8901810000000001,0.9274030000000001,GBR,MLT,5541
90,142,949,1992,23655,0,0.139504,0.743678,GRC,MLT,5541
97,142,949,1992,20705,148966,0.754112,1.911201,HKG,MLT,5541
100,142,949,1992,0,1324,0.877872,1.726188,HRV,MLT,5541
111,142,949,1992,306938,673436,1.7819,0.981246,ITA,MLT,5541
121,142,949,1992,1384,0,0.778066,1.3011139999999999,KOR,MLT,5541
122,142,949,1992,0,80679,-1.2360950000000002,-1.061771,KWT,MLT,5541
124,142,949,1992,0,88090,0.186135,0.800906,LBN,MLT,5541
126,142,949,1992,0,181524,-0.333309,-0.981883,LBY,MLT,5541
153,142,949,1992,49627,0,0.14268499999999998,0.370079,MYS,MLT,5541
162,142,949,1992,37304,0,1.4315069999999999,1.7107450000000002,NLD,MLT,5541
167,142,949,1992,0,63792,-0.906702,-1.0716709999999998,OMN,MLT,5541
188,142,949,1992,0,147930,0.416315,-0.7342489999999999,SAU,MLT,5541
192,142,949,1992,0,371524,0.95691,0.892702,SGP,MLT,5541
224,142,949,1992,177245,0,0.160966,1.154796,TUR,MLT,5541
231,142,949,1992,31012,0,1.660693,1.289752,USA,MLT,5541
249,142,949,1992,0,24469,1.3694790000000001,1.6227559999999999,TWN,MLT,5541
250,142,949,1992,1995,0,0.989994,0.977453,ANS,MLT,5541
18,150,949,1992,2176,0,1.449085,1.622957,BEL,MTQ,5541
33,150,949,1992,6939,0,0.9121950000000001,0.413592,BRB,MTQ,5541
41,150,949,1992,5063,0,2.24952,1.014945,CHE,MTQ,5541
53,150,949,1992,13429,0,1.116966,2.225331,CSK,MTQ,5541
61,150,949,1992,10209,0,2.2968349999999997,-2.581569,DEU,MTQ,5541
63,150,949,1992,2350,0,0.9006850000000001,-0.055001999999999995,DMA,MTQ,5541
77,150,949,1992,2216515,4214,1.682766,1.2713430000000001,FRA,MTQ,5541
81,150,949,1992,42091,0,1.8901810000000001,0.9274030000000001,GBR,MTQ,5541
86,150,949,1992,0,1211,0.68221,-0.319682,GLP,MTQ,5541
94,150,949,1992,0,2870,0.9797959999999999,0.125384,GUF,MTQ,5541
97,150,949,1992,2777,0,0.754112,1.911201,HKG,MTQ,5541
103,150,949,1992,15631,0,-0.5250670000000001,0.717568,IDN,MTQ,5541
111,150,949,1992,37104,0,1.7819,0.981246,ITA,MTQ,5541
127,150,949,1992,0,1147,0.199639,-0.28238,LCA,MTQ,5541
162,150,949,1992,4776,0,1.4315069999999999,1.7107450000000002,NLD,MTQ,5541
184,150,949,1992,1412,0,0.251216,-0.448812,REU,MTQ,5541
231,150,949,1992,26586,0,1.660693,1.289752,USA,MTQ,5541
250,150,949,1992,37065,0,0.989994,0.977453,ANS,MTQ,5541
18,191,949,1992,2090,0,1.449085,1.622957,BEL,SEN,5541
41,191,949,1992,1622,0,2.24952,1.014945,CHE,SEN,5541
43,191,949,1992,9818,0,0.269411,1.920075,CHN,SEN,5541
44,191,949,1992,389399,0,-1.689731,-1.070179,CIV,SEN,5541
47,191,949,1992,0,6765,-2.019876,-1.1048360000000002,COG,SEN,5541
68,191,949,1992,11302,0,-0.102143,-0.17513499999999999,EGY,SEN,5541
71,191,949,1992,7413,0,1.301511,1.730441,ESP,SEN,5541
77,191,949,1992,339279,0,1.682766,1.2713430000000001,FRA,SEN,5541
81,191,949,1992,62880,0,1.8901810000000001,0.9274030000000001,GBR,SEN,5541
88,191,949,1992,0,44181,-0.22399299999999997,-0.667562,GNB,SEN,5541
97,191,949,1992,8502,0,0.754112,1.911201,HKG,SEN,5541
103,191,949,1992,72514,0,-0.5250670000000001,0.717568,IDN,SEN,5541
104,191,949,1992,8061,0,0.101094,1.6851180000000001,IND,SEN,5541
111,191,949,1992,1839,0,1.7819,0.981246,ITA,SEN,5541
121,191,949,1992,3838,0,0.778066,1.3011139999999999,KOR,SEN,5541
179,191,949,1992,4065,0,0.47505,0.8402860000000001,PRT,SEN,5541
192,191,949,1992,23121,0,0.95691,0.892702,SGP,SEN,5541
224,191,949,1992,15555,0,0.160966,1.154796,TUR,SEN,5541
250,191,949,1992,0,5827,0.989994,0.977453,ANS,SEN,5541
2,248,949,1992,0,122961,-1.90642,-1.061544,AGO,ZWE,5541
46,248,949,1992,0,11993,-1.55348,-1.100071,COD,ZWE,5541
61,248,949,1992,3037,0,2.2968349999999997,-2.581569,DEU,ZWE,5541
64,248,949,1992,1089,0,1.696464,1.365743,DNK,ZWE,5541
77,248,949,1992,1542,0,1.682766,1.2713430000000001,FRA,ZWE,5541
81,248,949,1992,2125,0,1.8901810000000001,0.9274030000000001,GBR,ZWE,5541
83,248,949,1992,0,13241,-0.936314,-0.935839,GHA,ZWE,5541
111,248,949,1992,1541,0,1.7819,0.981246,ITA,ZWE,5541
121,248,949,1992,1642,0,0.778066,1.3011139999999999,KOR,ZWE,5541
147,248,949,1992,0,364052,-0.119653,-0.28381100000000004,MOZ,ZWE,5541
151,248,949,1992,0,18344,-0.249558,-0.643201,MUS,ZWE,5541
152,248,949,1992,0,330921,-1.368384,-1.205314,MWI,ZWE,5541
208,248,949,1992,1159,0,2.2265900000000003,0.999178,SWE,ZWE,5541
226,248,949,1992,0,4069,-1.139271,-0.8235379999999999,TZA,ZWE,5541
246,248,949,1992,49540,2306,0.236335,1.415622,ZAF,ZWE,5541
247,248,949,1992,134325,3821187,-0.9865219999999999,-1.076062,ZMB,ZWE,5541
3,236,949,1992,0,394302,0.6821659999999999,-0.306197,AIA,VEN,5541
6,236,949,1992,0,117585,0.258484,-0.47236000000000006,ANT,VEN,5541
8,236,949,1992,15181,0,0.043179,0.553408,ARG,VEN,5541
32,236,949,1992,3994,0,0.685144,1.5676709999999998,BRA,VEN,5541
33,236,949,1992,0,4842,0.9121950000000001,0.413592,BRB,VEN,5541
42,236,949,1992,0,8367,-0.188106,-0.360151,CHL,VEN,5541
49,236,949,1992,45541,58264,0.022895,0.22971799999999998,COL,VEN,5541
52,236,949,1992,0,1365,0.11654,0.191873,CRI,VEN,5541
54,236,949,1992,0,19658,-0.719011,-1.077984,CUB,VEN,5541
61,236,949,1992,12108,0,2.2968349999999997,-2.581569,DEU,VEN,5541
67,236,949,1992,5436,0,-0.815778,-0.9415459999999999,ECU,VEN,5541
71,236,949,1992,5740,5149,1.301511,1.730441,ESP,VEN,5541
77,236,949,1992,24165,0,1.682766,1.2713430000000001,FRA,VEN,5541
81,236,949,1992,25441,0,1.8901810000000001,0.9274030000000001,GBR,VEN,5541
86,236,949,1992,0,23310,0.68221,-0.319682,GLP,VEN,5541
91,236,949,1992,0,1587,0.224073,-0.42973500000000003,GRD,VEN,5541
94,236,949,1992,0,1129,0.9797959999999999,0.125384,GUF,VEN,5541
96,236,949,1992,0,335260,-0.6447689999999999,-0.808177,GUY,VEN,5541
97,236,949,1992,19777,0,0.754112,1.911201,HKG,VEN,5541
101,236,949,1992,0,1697,-0.005733,-0.191027,HTI,VEN,5541
103,236,949,1992,19724,0,-0.5250670000000001,0.717568,IDN,VEN,5541
104,236,949,1992,1201,0,0.101094,1.6851180000000001,IND,VEN,5541
110,236,949,1992,23179,0,1.354362,1.3260530000000001,ISR,VEN,5541
111,236,949,1992,116236,0,1.7819,0.981246,ITA,VEN,5541
114,236,949,1992,7143,0,2.451698,0.875639,JPN,VEN,5541
120,236,949,1992,0,13430,0.542355,-0.37078,KNA,VEN,5541
138,236,949,1992,22724,0,0.9039370000000001,0.965842,MEX,VEN,5541
162,236,949,1992,2959,0,1.4315069999999999,1.7107450000000002,NLD,VEN,5541
169,236,949,1992,10964,2172,0.289315,0.37247199999999997,PAN,VEN,5541
173,236,949,1992,37812,0,-0.286545,-0.264638,PER,VEN,5541
205,236,949,1992,0,4476,-0.9841209999999999,-0.9359129999999999,SUR,VEN,5541
222,236,949,1992,0,1850,0.43506000000000006,-0.43233599999999994,TTO,VEN,5541
231,236,949,1992,297051,180514,1.660693,1.289752,USA,VEN,5541
234,236,949,1992,0,25352,-0.219271,-0.65981,VCT,VEN,5541
237,236,949,1992,0,21946,0.910816,0.007384999999999999,VGB,VEN,5541
250,236,949,1992,0,1400,0.989994,0.977453,ANS,VEN,5541
8,31,949,1992,4800728,0,0.043179,0.553408,ARG,BOL,5541
23,31,949,1992,2016,0,0.503161,1.871616,BGR,BOL,5541
32,31,949,1992,1455571,25064,0.685144,1.5676709999999998,BRA,BOL,5541
42,31,949,1992,438236,0,-0.188106,-0.360151,CHL,BOL,5541
49,31,949,1992,8899,0,0.022895,0.22971799999999998,COL,BOL,5541
61,31,949,1992,11712,0,2.2968349999999997,-2.581569,DEU,BOL,5541
71,31,949,1992,8291,0,1.301511,1.730441,ESP,BOL,5541
77,31,949,1992,934,0,1.682766,1.2713430000000001,FRA,BOL,5541
81,31,949,1992,3593,0,1.8901810000000001,0.9274030000000001,GBR,BOL,5541
111,31,949,1992,951,0,1.7819,0.981246,ITA,BOL,5541
114,31,949,1992,2798,0,2.451698,0.875639,JPN,BOL,5541
169,31,949,1992,3884,0,0.289315,0.37247199999999997,PAN,BOL,5541
173,31,949,1992,7515811,0,-0.286545,-0.264638,PER,BOL,5541
230,31,949,1992,1730,0,0.242758,0.711781,URY,BOL,5541
231,31,949,1992,5606,0,1.660693,1.289752,USA,BOL,5541
250,31,949,1992,5654,0,0.989994,0.977453,ANS,BOL,5541
42,67,949,1992,0,8137,-0.188106,-0.360151,CHL,ECU,5541
49,67,949,1992,21889,23891,0.022895,0.22971799999999998,COL,ECU,5541
61,67,949,1992,11900,0,2.2968349999999997,-2.581569,DEU,ECU,5541
77,67,949,1992,3458,0,1.682766,1.2713430000000001,FRA,ECU,5541
81,67,949,1992,205355,0,1.8901810000000001,0.9274030000000001,GBR,ECU,5541
110,67,949,1992,1280,0,1.354362,1.3260530000000001,ISR,ECU,5541
111,67,949,1992,25696,0,1.7819,0.981246,ITA,ECU,5541
173,67,949,1992,0,63653,-0.286545,-0.264638,PER,ECU,5541
231,67,949,1992,18716,129106,1.660693,1.289752,USA,ECU,5541
236,67,949,1992,0,5436,-0.106385,-0.65975,VEN,ECU,5541
7,212,949,1992,0,19490,-0.495518,-0.963358,ARE,SYR,5541
23,212,949,1992,0,1206,0.503161,1.871616,BGR,SYR,5541
58,212,949,1992,1007,0,0.471516,0.668776,CYP,SYR,5541
61,212,949,1992,14133,0,2.2968349999999997,-2.581569,DEU,SYR,5541
77,212,949,1992,0,1108,1.682766,1.2713430000000001,FRA,SYR,5541
81,212,949,1992,10019,1283,1.8901810000000001,0.9274030000000001,GBR,SYR,5541
113,212,949,1992,338117,279226,0.716964,0.5323760000000001,JOR,SYR,5541
122,212,949,1992,0,27656,-1.2360950000000002,-1.061771,KWT,SYR,5541
124,212,949,1992,0,28632,0.186135,0.800906,LBN,SYR,5541
162,212,949,1992,55896,0,1.4315069999999999,1.7107450000000002,NLD,SYR,5541
183,212,949,1992,0,5889,-0.491413,-1.004476,QAT,SYR,5541
185,212,949,1992,0,62193,0.838817,1.358629,ROU,SYR,5541
186,212,949,1992,0,8058,0.071799,0.14036099999999999,RUS,SYR,5541
188,212,949,1992,0,212817,0.416315,-0.7342489999999999,SAU,SYR,5541
189,212,949,1992,0,4933,0.9474950000000001,2.442268,SCG,SYR,5541
190,212,949,1992,0,3263,-0.930193,-1.02726,SDN,SYR,5541
208,212,949,1992,0,1362,2.2265900000000003,0.999178,SWE,SYR,5541
224,212,949,1992,11131,57879,0.160966,1.154796,TUR,SYR,5541
231,212,949,1992,23322,7725,1.660693,1.289752,USA,SYR,5541
250,212,949,1992,57228,1499,0.989994,0.977453,ANS,SYR,5541
18,66,949,1992,4765,0,1.449085,1.622957,BEL,DZA,5541
61,66,949,1992,11033,0,2.2968349999999997,-2.581569,DEU,DZA,5541
68,66,949,1992,28294,0,-0.102143,-0.17513499999999999,EGY,DZA,5541
71,66,949,1992,90525,0,1.301511,1.730441,ESP,DZA,5541
77,66,949,1992,807657,0,1.682766,1.2713430000000001,FRA,DZA,5541
81,66,949,1992,192367,0,1.8901810000000001,0.9274030000000001,GBR,DZA,5541
106,66,949,1992,7005,0,1.454172,1.397052,IRL,DZA,5541
111,66,949,1992,4617,0,1.7819,0.981246,ITA,DZA,5541
114,66,949,1992,1739,0,2.451698,0.875639,JPN,DZA,5541
134,66,949,1992,10785,0,-0.339711,-0.265987,MAR,DZA,5541
162,66,949,1992,50309,0,1.4315069999999999,1.7107450000000002,NLD,DZA,5541
223,66,949,1992,0,13470,0.14482,-0.13608,TUN,DZA,5541
250,66,949,1992,1699,0,0.989994,0.977453,ANS,DZA,5541
43,29,949,1992,7064,0,0.269411,1.920075,CHN,BLZ,5541
63,29,949,1992,56744,0,0.9006850000000001,-0.055001999999999995,DMA,BLZ,5541
81,29,949,1992,8531,0,1.8901810000000001,0.9274030000000001,GBR,BLZ,5541
93,29,949,1992,7327,0,-0.031145999999999997,0.48874300000000004,GTM,BLZ,5541
97,29,949,1992,4555,0,0.754112,1.911201,HKG,BLZ,5541
106,29,949,1992,2707,0,1.454172,1.397052,IRL,BLZ,5541
112,29,949,1992,8629,0,-0.200329,-0.595741,JAM,BLZ,5541
138,29,949,1992,298268,59761,0.9039370000000001,0.965842,MEX,BLZ,5541
222,29,949,1992,51762,0,0.43506000000000006,-0.43233599999999994,TTO,BLZ,5541
231,29,949,1992,106364,0,1.660693,1.289752,USA,BLZ,5541
18,86,949,1992,47402,0,1.449085,1.622957,BEL,GLP,5541
41,86,949,1992,5184,0,2.24952,1.014945,CHE,GLP,5541
61,86,949,1992,22739,0,2.2968349999999997,-2.581569,DEU,GLP,5541
63,86,949,1992,35466,0,0.9006850000000001,-0.055001999999999995,DMA,GLP,5541
65,86,949,1992,6859,0,-0.338979,-0.5049279999999999,DOM,GLP,5541
77,86,949,1992,1719882,1898,1.682766,1.2713430000000001,FRA,GLP,5541
81,86,949,1992,101650,0,1.8901810000000001,0.9274030000000001,GBR,GLP,5541
111,86,949,1992,33713,0,1.7819,0.981246,ITA,GLP,5541
150,86,949,1992,1211,0,0.70167,-0.075327,MTQ,GLP,5541
162,86,949,1992,5969,0,1.4315069999999999,1.7107450000000002,NLD,GLP,5541
208,86,949,1992,1275,0,2.2265900000000003,0.999178,SWE,GLP,5541
223,86,949,1992,35449,0,0.14482,-0.13608,TUN,GLP,5541
231,86,949,1992,7593,0,1.660693,1.289752,USA,GLP,5541
236,86,949,1992,23310,0,-0.106385,-0.65975,VEN,GLP,5541
32,96,949,1992,31316,0,0.685144,1.5676709999999998,BRA,GUY,5541
39,96,949,1992,8373,0,0.74703,1.096791,CAN,GUY,5541
63,96,949,1992,1008466,0,0.9006850000000001,-0.055001999999999995,DMA,GUY,5541
65,96,949,1992,19863,0,-0.338979,-0.5049279999999999,DOM,GUY,5541
81,96,949,1992,1885,0,1.8901810000000001,0.9274030000000001,GBR,GUY,5541
97,96,949,1992,33643,0,0.754112,1.911201,HKG,GUY,5541
112,96,949,1992,24026,0,-0.200329,-0.595741,JAM,GUY,5541
162,96,949,1992,1140,0,1.4315069999999999,1.7107450000000002,NLD,GUY,5541
222,96,949,1992,318260,0,0.43506000000000006,-0.43233599999999994,TTO,GUY,5541
231,96,949,1992,467221,0,1.660693,1.289752,USA,GUY,5541
236,96,949,1992,335260,0,-0.106385,-0.65975,VEN,GUY,5541
13,112,949,1992,0,4230,0.561238,-0.164287,ATG,JAM,5541
29,112,949,1992,0,8629,-0.06729700000000001,-0.386682,BLZ,JAM,5541
33,112,949,1992,0,140817,0.9121950000000001,0.413592,BRB,JAM,5541
39,112,949,1992,1083,8282,0.74703,1.096791,CAN,JAM,5541
49,112,949,1992,161049,0,0.022895,0.22971799999999998,COL,JAM,5541
57,112,949,1992,44939,0,-0.10476600000000001,-0.571682,CYM,JAM,5541
61,112,949,1992,15608,0,2.2968349999999997,-2.581569,DEU,JAM,5541
63,112,949,1992,5945970,1886,0.9006850000000001,-0.055001999999999995,DMA,JAM,5541
65,112,949,1992,76019,0,-0.338979,-0.5049279999999999,DOM,JAM,5541
71,112,949,1992,0,1014,1.301511,1.730441,ESP,JAM,5541
77,112,949,1992,1251,0,1.682766,1.2713430000000001,FRA,JAM,5541
81,112,949,1992,77246,13320,1.8901810000000001,0.9274030000000001,GBR,JAM,5541
91,112,949,1992,0,3858,0.224073,-0.42973500000000003,GRD,JAM,5541
96,112,949,1992,0,24026,-0.6447689999999999,-0.808177,GUY,JAM,5541
97,112,949,1992,12496,0,0.754112,1.911201,HKG,JAM,5541
103,112,949,1992,156949,0,-0.5250670000000001,0.717568,IDN,JAM,5541
120,112,949,1992,0,4365,0.542355,-0.37078,KNA,JAM,5541
127,112,949,1992,0,4309,0.199639,-0.28238,LCA,JAM,5541
138,112,949,1992,1080,0,0.9039370000000001,0.965842,MEX,JAM,5541
149,112,949,1992,0,1489,1.579626,-0.115515,MSR,JAM,5541
169,112,949,1992,1174,0,0.289315,0.37247199999999997,PAN,JAM,5541
222,112,949,1992,1414248,100282,0.43506000000000006,-0.43233599999999994,TTO,JAM,5541
231,112,949,1992,897404,155152,1.660693,1.289752,USA,JAM,5541
234,112,949,1992,0,4925,-0.219271,-0.65981,VCT,JAM,5541
250,112,949,1992,1481,4870,0.989994,0.977453,ANS,JAM,5541
33,127,949,1992,1507,0,0.9121950000000001,0.413592,BRB,LCA,5541
49,127,949,1992,20476,0,0.022895,0.22971799999999998,COL,LCA,5541
63,127,949,1992,799904,0,0.9006850000000001,-0.055001999999999995,DMA,LCA,5541
77,127,949,1992,1740,0,1.682766,1.2713430000000001,FRA,LCA,5541
81,127,949,1992,19011,0,1.8901810000000001,0.9274030000000001,GBR,LCA,5541
91,127,949,1992,19599,0,0.224073,-0.42973500000000003,GRD,LCA,5541
112,127,949,1992,4309,0,-0.200329,-0.595741,JAM,LCA,5541
150,127,949,1992,1147,0,0.70167,-0.075327,MTQ,LCA,5541
222,127,949,1992,113663,11714,0.43506000000000006,-0.43233599999999994,TTO,LCA,5541
231,127,949,1992,58313,0,1.660693,1.289752,USA,LCA,5541
39,160,949,1992,1104,0,0.74703,1.096791,CAN,NIC,5541
52,160,949,1992,441203,0,0.11654,0.191873,CRI,NIC,5541
61,160,949,1992,21955,0,2.2968349999999997,-2.581569,DEU,NIC,5541
71,160,949,1992,1279,0,1.301511,1.730441,ESP,NIC,5541
81,160,949,1992,55116,0,1.8901810000000001,0.9274030000000001,GBR,NIC,5541
93,160,949,1992,2449234,0,-0.031145999999999997,0.48874300000000004,GTM,NIC,5541
99,160,949,1992,668645,8958,-0.5100640000000001,-0.38205900000000004,HND,NIC,5541
138,160,949,1992,177852,0,0.9039370000000001,0.965842,MEX,NIC,5541
169,160,949,1992,17512,0,0.289315,0.37247199999999997,PAN,NIC,5541
197,160,949,1992,1089767,0,0.396523,0.47548900000000005,SLV,NIC,5541
231,160,949,1992,11445,0,1.660693,1.289752,USA,NIC,5541
249,160,949,1992,583,0,1.3694790000000001,1.6227559999999999,TWN,NIC,5541
8,173,949,1992,0,1635,0.043179,0.553408,ARG,PER,5541
31,173,949,1992,0,7515811,-0.609826,-0.693473,BOL,PER,5541
32,173,949,1992,28026,0,0.685144,1.5676709999999998,BRA,PER,5541
39,173,949,1992,22372,0,0.74703,1.096791,CAN,PER,5541
41,173,949,1992,1915,0,2.24952,1.014945,CHE,PER,5541
42,173,949,1992,165734,4267,-0.188106,-0.360151,CHL,PER,5541
43,173,949,1992,19856,0,0.269411,1.920075,CHN,PER,5541
49,173,949,1992,11503,18099,0.022895,0.22971799999999998,COL,PER,5541
61,173,949,1992,74356,0,2.2968349999999997,-2.581569,DEU,PER,5541
67,173,949,1992,63653,0,-0.815778,-0.9415459999999999,ECU,PER,5541
71,173,949,1992,64331,1153,1.301511,1.730441,ESP,PER,5541
77,173,949,1992,1346,0,1.682766,1.2713430000000001,FRA,PER,5541
81,173,949,1992,7793,0,1.8901810000000001,0.9274030000000001,GBR,PER,5541
106,173,949,1992,1380,0,1.454172,1.397052,IRL,PER,5541
111,173,949,1992,16602,2507,1.7819,0.981246,ITA,PER,5541
114,173,949,1992,4060,1753,2.451698,0.875639,JPN,PER,5541
138,173,949,1992,37165,0,0.9039370000000001,0.965842,MEX,PER,5541
169,173,949,1992,2717,0,0.289315,0.37247199999999997,PAN,PER,5541
180,173,949,1992,0,69267,-0.906433,-0.787177,PRY,PER,5541
231,173,949,1992,18094,1545,1.660693,1.289752,USA,PER,5541
236,173,949,1992,0,37812,-0.106385,-0.65975,VEN,PER,5541
249,173,949,1992,17306,0,1.3694790000000001,1.6227559999999999,TWN,PER,5541
250,173,949,1992,10539,0,0.989994,0.977453,ANS,PER,5541
8,180,949,1992,1127889,77306,0.043179,0.553408,ARG,PRY,5541
32,180,949,1992,2413651,0,0.685144,1.5676709999999998,BRA,PRY,5541
42,180,949,1992,50553,0,-0.188106,-0.360151,CHL,PRY,5541
43,180,949,1992,4100,0,0.269411,1.920075,CHN,PRY,5541
61,180,949,1992,18905,4031,2.2968349999999997,-2.581569,DEU,PRY,5541
71,180,949,1992,4332,0,1.301511,1.730441,ESP,PRY,5541
77,180,949,1992,74293,0,1.682766,1.2713430000000001,FRA,PRY,5541
81,180,949,1992,12423,0,1.8901810000000001,0.9274030000000001,GBR,PRY,5541
97,180,949,1992,70914,0,0.754112,1.911201,HKG,PRY,5541
111,180,949,1992,6216,0,1.7819,0.981246,ITA,PRY,5541
173,180,949,1992,69267,0,-0.286545,-0.264638,PER,PRY,5541
230,180,949,1992,39388,0,0.242758,0.711781,URY,PRY,5541
231,180,949,1992,196101,0,1.660693,1.289752,USA,PRY,5541
39,197,949,1992,4835,0,0.74703,1.096791,CAN,SLV,5541
52,197,949,1992,58691,3793701,0.11654,0.191873,CRI,SLV,5541
61,197,949,1992,16355,4112,2.2968349999999997,-2.581569,DEU,SLV,5541
71,197,949,1992,12233,0,1.301511,1.730441,ESP,SLV,5541
81,197,949,1992,25222,0,1.8901810000000001,0.9274030000000001,GBR,SLV,5541
93,197,949,1992,3880216,789789,-0.031145999999999997,0.48874300000000004,GTM,SLV,5541
99,197,949,1992,3858420,70535,-0.5100640000000001,-0.38205900000000004,HND,SLV,5541
111,197,949,1992,1251,1362,1.7819,0.981246,ITA,SLV,5541
138,197,949,1992,164158,0,0.9039370000000001,0.965842,MEX,SLV,5541
160,197,949,1992,0,1089767,-0.214083,-0.111615,NIC,SLV,5541
169,197,949,1992,71153,0,0.289315,0.37247199999999997,PAN,SLV,5541
231,197,949,1992,251739,217691,1.660693,1.289752,USA,SLV,5541
250,197,949,1992,3283920,1111104,0.989994,0.977453,ANS,SLV,5541
32,205,949,1992,77617,0,0.685144,1.5676709999999998,BRA,SUR,5541
43,205,949,1992,10686,0,0.269411,1.920075,CHN,SUR,5541
81,205,949,1992,65877,0,1.8901810000000001,0.9274030000000001,GBR,SUR,5541
94,205,949,1992,77144,0,0.9797959999999999,0.125384,GUF,SUR,5541
97,205,949,1992,8211,0,0.754112,1.911201,HKG,SUR,5541
103,205,949,1992,39150,0,-0.5250670000000001,0.717568,IDN,SUR,5541
162,205,949,1992,87458,0,1.4315069999999999,1.7107450000000002,NLD,SUR,5541
222,205,949,1992,36402,0,0.43506000000000006,-0.43233599999999994,TTO,SUR,5541
231,205,949,1992,31759,0,1.660693,1.289752,USA,SUR,5541
236,205,949,1992,4476,0,-0.106385,-0.65975,VEN,SUR,5541
8,230,949,1992,204561,914282,0.043179,0.553408,ARG,URY,5541
31,230,949,1992,0,1730,-0.609826,-0.693473,BOL,URY,5541
32,230,949,1992,8070,658687,0.685144,1.5676709999999998,BRA,URY,5541
41,230,949,1992,0,15072,2.24952,1.014945,CHE,URY,5541
42,230,949,1992,45290,141093,-0.188106,-0.360151,CHL,URY,5541
61,230,949,1992,54241,0,2.2968349999999997,-2.581569,DEU,URY,5541
71,230,949,1992,89431,0,1.301511,1.730441,ESP,URY,5541
77,230,949,1992,26876,0,1.682766,1.2713430000000001,FRA,URY,5541
81,230,949,1992,8427,0,1.8901810000000001,0.9274030000000001,GBR,URY,5541
97,230,949,1992,20544,0,0.754112,1.911201,HKG,URY,5541
110,230,949,1992,39453,0,1.354362,1.3260530000000001,ISR,URY,5541
111,230,949,1992,3218,0,1.7819,0.981246,ITA,URY,5541
138,230,949,1992,28848,0,0.9039370000000001,0.965842,MEX,URY,5541
180,230,949,1992,0,39388,-0.906433,-0.787177,PRY,URY,5541
216,230,949,1992,13189,0,0.109518,1.486578,THA,URY,5541
231,230,949,1992,138890,0,1.660693,1.289752,USA,URY,5541
250,230,949,1992,0,193861,0.989994,0.977453,ANS,URY,5541
18,24,949,1992,8682,0,1.449085,1.622957,BEL,BHR,5541
39,24,949,1992,11322,0,0.74703,1.096791,CAN,BHR,5541
41,24,949,1992,30742,0,2.24952,1.014945,CHE,BHR,5541
43,24,949,1992,15647,0,0.269411,1.920075,CHN,BHR,5541
61,24,949,1992,121699,0,2.2968349999999997,-2.581569,DEU,BHR,5541
71,24,949,1992,11197,0,1.301511,1.730441,ESP,BHR,5541
77,24,949,1992,53136,0,1.682766,1.2713430000000001,FRA,BHR,5541
81,24,949,1992,1453353,0,1.8901810000000001,0.9274030000000001,GBR,BHR,5541
97,24,949,1992,42900,0,0.754112,1.911201,HKG,BHR,5541
103,24,949,1992,16001,0,-0.5250670000000001,0.717568,IDN,BHR,5541
104,24,949,1992,305945,0,0.101094,1.6851180000000001,IND,BHR,5541
111,24,949,1992,8129,0,1.7819,0.981246,ITA,BHR,5541
121,24,949,1992,18204,0,0.778066,1.3011139999999999,KOR,BHR,5541
128,24,949,1992,48253,0,-0.45780600000000005,-0.221948,LKA,BHR,5541
142,24,949,1992,15125,0,0.828211,0.29226599999999997,MLT,BHR,5541
153,24,949,1992,34352,0,0.14268499999999998,0.370079,MYS,BHR,5541
162,24,949,1992,18885,0,1.4315069999999999,1.7107450000000002,NLD,BHR,5541
167,24,949,1992,107862,0,-0.906702,-1.0716709999999998,OMN,BHR,5541
174,24,949,1992,4768,0,-0.139761,0.772109,PHL,BHR,5541
183,24,949,1992,103872,2739,-0.491413,-1.004476,QAT,BHR,5541
188,24,949,1992,380053,0,0.416315,-0.7342489999999999,SAU,BHR,5541
192,24,949,1992,50621,0,0.95691,0.892702,SGP,BHR,5541
224,24,949,1992,27031,0,0.160966,1.154796,TUR,BHR,5541
231,24,949,1992,151166,0,1.660693,1.289752,USA,BHR,5541
249,24,949,1992,3000,0,1.3694790000000001,1.6227559999999999,TWN,BHR,5541
14,34,949,1992,2351,0,0.083812,0.637224,AUS,BRN,5541
43,34,949,1992,14677,0,0.269411,1.920075,CHN,BRN,5541
61,34,949,1992,11850,0,2.2968349999999997,-2.581569,DEU,BRN,5541
77,34,949,1992,23622,0,1.682766,1.2713430000000001,FRA,BRN,5541
81,34,949,1992,2255,0,1.8901810000000001,0.9274030000000001,GBR,BRN,5541
97,34,949,1992,1497,0,0.754112,1.911201,HKG,BRN,5541
103,34,949,1992,48554,0,-0.5250670000000001,0.717568,IDN,BRN,5541
104,34,949,1992,741,0,0.101094,1.6851180000000001,IND,BRN,5541
111,34,949,1992,1281,0,1.7819,0.981246,ITA,BRN,5541
114,34,949,1992,1574,0,2.451698,0.875639,JPN,BRN,5541
153,34,949,1992,658403,0,0.14268499999999998,0.370079,MYS,BRN,5541
162,34,949,1992,5586,0,1.4315069999999999,1.7107450000000002,NLD,BRN,5541
174,34,949,1992,1941,0,-0.139761,0.772109,PHL,BRN,5541
192,34,949,1992,664862,4396,0.95691,0.892702,SGP,BRN,5541
216,34,949,1992,20508,0,0.109518,1.486578,THA,BRN,5541
231,34,949,1992,43364,0,1.660693,1.289752,USA,BRN,5541
250,34,949,1992,1822,0,0.989994,0.977453,ANS,BRN,5541
18,44,949,1992,80601,0,1.449085,1.622957,BEL,CIV,5541
19,44,949,1992,0,56210,-1.206267,-0.855159,BEN,CIV,5541
43,44,949,1992,6024,0,0.269411,1.920075,CHN,CIV,5541
61,44,949,1992,99175,0,2.2968349999999997,-2.581569,DEU,CIV,5541
77,44,949,1992,622554,0,1.682766,1.2713430000000001,FRA,CIV,5541
81,44,949,1992,270829,0,1.8901810000000001,0.9274030000000001,GBR,CIV,5541
83,44,949,1992,0,4714,-0.936314,-0.935839,GHA,CIV,5541
103,44,949,1992,143273,0,-0.5250670000000001,0.717568,IDN,CIV,5541
106,44,949,1992,84920,0,1.454172,1.397052,IRL,CIV,5541
121,44,949,1992,40598,0,0.778066,1.3011139999999999,KOR,CIV,5541
153,44,949,1992,3228,0,0.14268499999999998,0.370079,MYS,CIV,5541
162,44,949,1992,47182,0,1.4315069999999999,1.7107450000000002,NLD,CIV,5541
191,44,949,1992,0,389399,-0.43371800000000005,-0.679547,SEN,CIV,5541
224,44,949,1992,23301,0,0.160966,1.154796,TUR,CIV,5541
18,46,949,1992,19721,0,1.449085,1.622957,BEL,COD,5541
32,46,949,1992,4201,0,0.685144,1.5676709999999998,BRA,COD,5541
43,46,949,1992,117087,0,0.269411,1.920075,CHN,COD,5541
71,46,949,1992,703184,0,1.301511,1.730441,ESP,COD,5541
77,46,949,1992,1724,0,1.682766,1.2713430000000001,FRA,COD,5541
81,46,949,1992,172716,0,1.8901810000000001,0.9274030000000001,GBR,COD,5541
97,46,949,1992,193174,0,0.754112,1.911201,HKG,COD,5541
106,46,949,1992,139749,0,1.454172,1.397052,IRL,COD,5541
111,46,949,1992,4075,0,1.7819,0.981246,ITA,COD,5541
116,46,949,1992,146013,0,-0.31818,-0.096856,KEN,COD,5541
121,46,949,1992,24217,0,0.778066,1.3011139999999999,KOR,COD,5541
153,46,949,1992,90230,0,0.14268499999999998,0.370079,MYS,COD,5541
179,46,949,1992,5118,0,0.47505,0.8402860000000001,PRT,COD,5541
224,46,949,1992,23399,0,0.160966,1.154796,TUR,COD,5541
246,46,949,1992,1206462,0,0.236335,1.415622,ZAF,COD,5541
248,46,949,1992,11993,0,-0.11168099999999999,0.143612,ZWE,COD,5541
15,53,949,1992,66777,0,1.975207,0.669388,AUT,CSK,5541
18,53,949,1992,37970,0,1.449085,1.622957,BEL,CSK,5541
19,53,949,1992,0,1893,-1.206267,-0.855159,BEN,CSK,5541
23,53,949,1992,0,1914,0.503161,1.871616,BGR,CSK,5541
39,53,949,1992,26744,0,0.74703,1.096791,CAN,CSK,5541
41,53,949,1992,21987,0,2.24952,1.014945,CHE,CSK,5541
61,53,949,1992,599102,117197,2.2968349999999997,-2.581569,DEU,CSK,5541
64,53,949,1992,49679,0,1.696464,1.365743,DNK,CSK,5541
71,53,949,1992,17386,0,1.301511,1.730441,ESP,CSK,5541
77,53,949,1992,1564069,765453,1.682766,1.2713430000000001,FRA,CSK,5541
81,53,949,1992,888036,0,1.8901810000000001,0.9274030000000001,GBR,CSK,5541
90,53,949,1992,5101,0,0.139504,0.743678,GRC,CSK,5541
100,53,949,1992,3554,21082,0.877872,1.726188,HRV,CSK,5541
102,53,949,1992,5374,0,0.9144620000000001,2.157041,HUN,CSK,5541
103,53,949,1992,1845,0,-0.5250670000000001,0.717568,IDN,CSK,5541
104,53,949,1992,1080,0,0.101094,1.6851180000000001,IND,CSK,5541
110,53,949,1992,5026,0,1.354362,1.3260530000000001,ISR,CSK,5541
111,53,949,1992,27391,209517,1.7819,0.981246,ITA,CSK,5541
150,53,949,1992,0,13429,0.70167,-0.075327,MTQ,CSK,5541
162,53,949,1992,78236,225925,1.4315069999999999,1.7107450000000002,NLD,CSK,5541
177,53,949,1992,140250,3342546,0.581166,2.070795,POL,CSK,5541
189,53,949,1992,1005,11818,0.9474950000000001,2.442268,SCG,CSK,5541
207,53,949,1992,682440,9331,1.3270629999999999,1.605534,SVN,CSK,5541
208,53,949,1992,10310,0,2.2265900000000003,0.999178,SWE,CSK,5541
224,53,949,1992,913390,0,0.160966,1.154796,TUR,CSK,5541
231,53,949,1992,5531,0,1.660693,1.289752,USA,CSK,5541
8,54,949,1992,36463,0,0.043179,0.553408,ARG,CUB,5541
32,54,949,1992,16734,0,0.685144,1.5676709999999998,BRA,CUB,5541
39,54,949,1992,19020,0,0.74703,1.096791,CAN,CUB,5541
42,54,949,1992,2464,0,-0.188106,-0.360151,CHL,CUB,5541
61,54,949,1992,148084,0,2.2968349999999997,-2.581569,DEU,CUB,5541
71,54,949,1992,497547,0,1.301511,1.730441,ESP,CUB,5541
77,54,949,1992,7137,0,1.682766,1.2713430000000001,FRA,CUB,5541
81,54,949,1992,275906,0,1.8901810000000001,0.9274030000000001,GBR,CUB,5541
111,54,949,1992,292800,0,1.7819,0.981246,ITA,CUB,5541
138,54,949,1992,904000,0,0.9039370000000001,0.965842,MEX,CUB,5541
236,54,949,1992,19658,0,-0.106385,-0.65975,VEN,CUB,5541
41,62,949,1992,2936,0,2.24952,1.014945,CHE,DJI,5541
43,62,949,1992,626689,0,0.269411,1.920075,CHN,DJI,5541
61,62,949,1992,7992,0,2.2968349999999997,-2.581569,DEU,DJI,5541
68,62,949,1992,8254,0,-0.102143,-0.17513499999999999,EGY,DJI,5541
73,62,949,1992,0,642537,-1.036482,-1.078446,ETH,DJI,5541
77,62,949,1992,286955,0,1.682766,1.2713430000000001,FRA,DJI,5541
104,62,949,1992,33668,0,0.101094,1.6851180000000001,IND,DJI,5541
111,62,949,1992,3650,0,1.7819,0.981246,ITA,DJI,5541
121,62,949,1992,2834920,0,0.778066,1.3011139999999999,KOR,DJI,5541
178,62,949,1992,77467,0,0.201042,0.477547,PRK,DJI,5541
185,62,949,1992,389447,0,0.838817,1.358629,ROU,DJI,5541
192,62,949,1992,62849,0,0.95691,0.892702,SGP,DJI,5541
216,62,949,1992,19561,0,0.109518,1.486578,THA,DJI,5541
224,62,949,1992,161652,0,0.160966,1.154796,TUR,DJI,5541
243,62,949,1992,123794,0,-0.7116020000000001,-0.9852489999999999,YEM,DJI,5541
250,62,949,1992,250124,5752,0.989994,0.977453,ANS,DJI,5541
43,72,949,1992,1198,0,0.269411,1.920075,CHN,EST,5541
61,72,949,1992,1008,0,2.2968349999999997,-2.581569,DEU,EST,5541
77,72,949,1992,17588,0,1.682766,1.2713430000000001,FRA,EST,5541
130,72,949,1992,158787,0,0.7271810000000001,0.482357,LTU,EST,5541
162,72,949,1992,3179,0,1.4315069999999999,1.7107450000000002,NLD,EST,5541
208,72,949,1992,10827,0,2.2265900000000003,0.999178,SWE,EST,5541
7,73,949,1992,11527,0,-0.495518,-0.963358,ARE,ETH,5541
15,73,949,1992,25087,0,1.975207,0.669388,AUT,ETH,5541
41,73,949,1992,707,0,2.24952,1.014945,CHE,ETH,5541
61,73,949,1992,8440,0,2.2968349999999997,-2.581569,DEU,ETH,5541
62,73,949,1992,642537,0,0.708593,1.196323,DJI,ETH,5541
68,73,949,1992,12410,0,-0.102143,-0.17513499999999999,EGY,ETH,5541
77,73,949,1992,10011,0,1.682766,1.2713430000000001,FRA,ETH,5541
81,73,949,1992,59718,0,1.8901810000000001,0.9274030000000001,GBR,ETH,5541
90,73,949,1992,8473,0,0.139504,0.743678,GRC,ETH,5541
103,73,949,1992,1280419,0,-0.5250670000000001,0.717568,IDN,ETH,5541
104,73,949,1992,30969,0,0.101094,1.6851180000000001,IND,ETH,5541
111,73,949,1992,8268,0,1.7819,0.981246,ITA,ETH,5541
116,73,949,1992,2208047,0,-0.31818,-0.096856,KEN,ETH,5541
121,73,949,1992,525765,0,0.778066,1.3011139999999999,KOR,ETH,5541
122,73,949,1992,150949,0,-1.2360950000000002,-1.061771,KWT,ETH,5541
162,73,949,1992,2446641,0,1.4315069999999999,1.7107450000000002,NLD,ETH,5541
185,73,949,1992,89202,0,0.838817,1.358629,ROU,ETH,5541
188,73,949,1992,16623,0,0.416315,-0.7342489999999999,SAU,ETH,5541
192,73,949,1992,328981,0,0.95691,0.892702,SGP,ETH,5541
208,73,949,1992,821,0,2.2265900000000003,0.999178,SWE,ETH,5541
216,73,949,1992,209755,0,0.109518,1.486578,THA,ETH,5541
243,73,949,1992,20594,0,-0.7116020000000001,-0.9852489999999999,YEM,ETH,5541
250,73,949,1992,389892,0,0.989994,0.977453,ANS,ETH,5541
18,107,949,1992,43807,0,1.449085,1.622957,BEL,IRN,5541
41,107,949,1992,28508,0,2.24952,1.014945,CHE,IRN,5541
61,107,949,1992,405047,0,2.2968349999999997,-2.581569,DEU,IRN,5541
77,107,949,1992,569662,0,1.682766,1.2713430000000001,FRA,IRN,5541
81,107,949,1992,278121,0,1.8901810000000001,0.9274030000000001,GBR,IRN,5541
103,107,949,1992,190731,0,-0.5250670000000001,0.717568,IDN,IRN,5541
111,107,949,1992,44662,0,1.7819,0.981246,ITA,IRN,5541
121,107,949,1992,34684,0,0.778066,1.3011139999999999,KOR,IRN,5541
153,107,949,1992,37737,0,0.14268499999999998,0.370079,MYS,IRN,5541
166,107,949,1992,35001,0,0.41866000000000003,0.580581,NZL,IRN,5541
167,107,949,1992,69105,0,-0.906702,-1.0716709999999998,OMN,IRN,5541
183,107,949,1992,0,179752,-0.491413,-1.004476,QAT,IRN,5541
185,107,949,1992,0,8589,0.838817,1.358629,ROU,IRN,5541
188,107,949,1992,0,14276,0.416315,-0.7342489999999999,SAU,IRN,5541
192,107,949,1992,361833,0,0.95691,0.892702,SGP,IRN,5541
224,107,949,1992,1832277,0,0.160966,1.154796,TUR,IRN,5541
231,107,949,1992,136623,0,1.660693,1.289752,USA,IRN,5541
7,122,949,1992,94648,13773,-0.495518,-0.963358,ARE,KWT,5541
15,122,949,1992,32068,0,1.975207,0.669388,AUT,KWT,5541
18,122,949,1992,32646,0,1.449085,1.622957,BEL,KWT,5541
39,122,949,1992,1974,0,0.74703,1.096791,CAN,KWT,5541
41,122,949,1992,7296,0,2.24952,1.014945,CHE,KWT,5541
58,122,949,1992,33041,0,0.471516,0.668776,CYP,KWT,5541
61,122,949,1992,595143,0,2.2968349999999997,-2.581569,DEU,KWT,5541
68,122,949,1992,1810,0,-0.102143,-0.17513499999999999,EGY,KWT,5541
71,122,949,1992,37585,0,1.301511,1.730441,ESP,KWT,5541
73,122,949,1992,0,150949,-1.036482,-1.078446,ETH,KWT,5541
77,122,949,1992,333872,0,1.682766,1.2713430000000001,FRA,KWT,5541
81,122,949,1992,3996097,0,1.8901810000000001,0.9274030000000001,GBR,KWT,5541
90,122,949,1992,76468,0,0.139504,0.743678,GRC,KWT,5541
103,122,949,1992,43434,0,-0.5250670000000001,0.717568,IDN,KWT,5541
104,122,949,1992,26243,0,0.101094,1.6851180000000001,IND,KWT,5541
106,122,949,1992,7806,0,1.454172,1.397052,IRL,KWT,5541
111,122,949,1992,113254,0,1.7819,0.981246,ITA,KWT,5541
114,122,949,1992,5324,0,2.451698,0.875639,JPN,KWT,5541
128,122,949,1992,67297,0,-0.45780600000000005,-0.221948,LKA,KWT,5541
142,122,949,1992,80679,0,0.828211,0.29226599999999997,MLT,KWT,5541
153,122,949,1992,233051,0,0.14268499999999998,0.370079,MYS,KWT,5541
162,122,949,1992,72683,0,1.4315069999999999,1.7107450000000002,NLD,KWT,5541
167,122,949,1992,211952,8625,-0.906702,-1.0716709999999998,OMN,KWT,5541
168,122,949,1992,778,0,-0.480152,-0.361705,PAK,KWT,5541
174,122,949,1992,1331,0,-0.139761,0.772109,PHL,KWT,5541
183,122,949,1992,26810,0,-0.491413,-1.004476,QAT,KWT,5541
188,122,949,1992,3577127,1674,0.416315,-0.7342489999999999,SAU,KWT,5541
192,122,949,1992,116204,0,0.95691,0.892702,SGP,KWT,5541
212,122,949,1992,27656,0,-0.566724,-0.602446,SYR,KWT,5541
224,122,949,1992,65028,0,0.160966,1.154796,TUR,KWT,5541
231,122,949,1992,396065,0,1.660693,1.289752,USA,KWT,5541
250,122,949,1992,3897036,10534,0.989994,0.977453,ANS,KWT,5541
14,124,949,1992,0,7298,0.083812,0.637224,AUS,LBN,5541
18,124,949,1992,78025,0,1.449085,1.622957,BEL,LBN,5541
23,124,949,1992,0,4527,0.503161,1.871616,BGR,LBN,5541
39,124,949,1992,2825,2773,0.74703,1.096791,CAN,LBN,5541
58,124,949,1992,6698,0,0.471516,0.668776,CYP,LBN,5541
61,124,949,1992,778316,3699,2.2968349999999997,-2.581569,DEU,LBN,5541
71,124,949,1992,16911,0,1.301511,1.730441,ESP,LBN,5541
77,124,949,1992,1691528,1382,1.682766,1.2713430000000001,FRA,LBN,5541
81,124,949,1992,760662,0,1.8901810000000001,0.9274030000000001,GBR,LBN,5541
83,124,949,1992,0,1061,-0.936314,-0.935839,GHA,LBN,5541
111,124,949,1992,105038,0,1.7819,0.981246,ITA,LBN,5541
113,124,949,1992,3172,3303,0.716964,0.5323760000000001,JOR,LBN,5541
121,124,949,1992,73316,0,0.778066,1.3011139999999999,KOR,LBN,5541
142,124,949,1992,88090,0,0.828211,0.29226599999999997,MLT,LBN,5541
162,124,949,1992,38383,0,1.4315069999999999,1.7107450000000002,NLD,LBN,5541
183,124,949,1992,0,8166,-0.491413,-1.004476,QAT,LBN,5541
185,124,949,1992,0,5565,0.838817,1.358629,ROU,LBN,5541
188,124,949,1992,50162,509446,0.416315,-0.7342489999999999,SAU,LBN,5541
192,124,949,1992,32026,0,0.95691,0.892702,SGP,LBN,5541
208,124,949,1992,0,1896,2.2265900000000003,0.999178,SWE,LBN,5541
212,124,949,1992,28632,0,-0.566724,-0.602446,SYR,LBN,5541
224,124,949,1992,651346,0,0.160966,1.154796,TUR,LBN,5541
231,124,949,1992,177831,3619,1.660693,1.289752,USA,LBN,5541
249,124,949,1992,15000,0,1.3694790000000001,1.6227559999999999,TWN,LBN,5541
18,126,949,1992,32311,0,1.449085,1.622957,BEL,LBY,5541
61,126,949,1992,4083,0,2.2968349999999997,-2.581569,DEU,LBY,5541
68,126,949,1992,536152,0,-0.102143,-0.17513499999999999,EGY,LBY,5541
71,126,949,1992,54580,0,1.301511,1.730441,ESP,LBY,5541
77,126,949,1992,2826844,0,1.682766,1.2713430000000001,FRA,LBY,5541
81,126,949,1992,167327,0,1.8901810000000001,0.9274030000000001,GBR,LBY,5541
90,126,949,1992,1849,0,0.139504,0.743678,GRC,LBY,5541
103,126,949,1992,14831,0,-0.5250670000000001,0.717568,IDN,LBY,5541
111,126,949,1992,1657947,0,1.7819,0.981246,ITA,LBY,5541
113,126,949,1992,53746,0,0.716964,0.5323760000000001,JOR,LBY,5541
121,126,949,1992,108941,0,0.778066,1.3011139999999999,KOR,LBY,5541
134,126,949,1992,95392,0,-0.339711,-0.265987,MAR,LBY,5541
142,126,949,1992,181524,0,0.828211,0.29226599999999997,MLT,LBY,5541
162,126,949,1992,2134,0,1.4315069999999999,1.7107450000000002,NLD,LBY,5541
179,126,949,1992,10662,0,0.47505,0.8402860000000001,PRT,LBY,5541
223,126,949,1992,70576,0,0.14482,-0.13608,TUN,LBY,5541
224,126,949,1992,921180,0,0.160966,1.154796,TUR,LBY,5541
16,130,949,1992,0,61851,0.068107,-0.730703,AZE,LTU,5541
28,130,949,1992,0,178121,0.6011380000000001,0.450072,BLR,LTU,5541
61,130,949,1992,46218,0,2.2968349999999997,-2.581569,DEU,LTU,5541
64,130,949,1992,3364,0,1.696464,1.365743,DNK,LTU,5541
72,130,949,1992,0,158787,0.22019699999999998,0.0198,EST,LTU,5541
77,130,949,1992,8200,0,1.682766,1.2713430000000001,FRA,LTU,5541
82,130,949,1992,0,85875,0.392506,-0.43089399999999994,GEO,LTU,5541
115,130,949,1992,0,219712,-0.084852,-0.5466260000000001,KAZ,LTU,5541
117,130,949,1992,0,180776,0.71368,-0.330817,KGZ,LTU,5541
132,130,949,1992,0,51963,0.184303,0.022494999999999998,LVA,LTU,5541
135,130,949,1992,0,568333,0.637534,0.04142,MDA,LTU,5541
162,130,949,1992,65731,2918,1.4315069999999999,1.7107450000000002,NLD,LTU,5541
177,130,949,1992,0,9841,0.581166,2.070795,POL,LTU,5541
186,130,949,1992,0,387398,0.071799,0.14036099999999999,RUS,LTU,5541
219,130,949,1992,0,13921,-0.447593,-0.9464319999999999,TKM,LTU,5541
228,130,949,1992,3526,109872,0.375148,0.23747,UKR,LTU,5541
232,130,949,1992,0,61946,-0.312817,-0.955664,UZB,LTU,5541
18,136,949,1992,3450,0,1.449085,1.622957,BEL,MDG,5541
39,136,949,1992,2769,0,0.74703,1.096791,CAN,MDG,5541
61,136,949,1992,1855,0,2.2968349999999997,-2.581569,DEU,MDG,5541
77,136,949,1992,95423,0,1.682766,1.2713430000000001,FRA,MDG,5541
81,136,949,1992,1970,0,1.8901810000000001,0.9274030000000001,GBR,MDG,5541
97,136,949,1992,2074,0,0.754112,1.911201,HKG,MDG,5541
103,136,949,1992,219958,0,-0.5250670000000001,0.717568,IDN,MDG,5541
104,136,949,1992,24313,0,0.101094,1.6851180000000001,IND,MDG,5541
111,136,949,1992,24350,0,1.7819,0.981246,ITA,MDG,5541
116,136,949,1992,9154,0,-0.31818,-0.096856,KEN,MDG,5541
153,136,949,1992,217350,0,0.14268499999999998,0.370079,MYS,MDG,5541
162,136,949,1992,13458,0,1.4315069999999999,1.7107450000000002,NLD,MDG,5541
164,136,949,1992,0,147094,-0.604018,-0.677756,NPL,MDG,5541
192,136,949,1992,158036,0,0.95691,0.892702,SGP,MDG,5541
224,136,949,1992,1867,0,0.160966,1.154796,TUR,MDG,5541
231,136,949,1992,21767,0,1.660693,1.289752,USA,MDG,5541
246,136,949,1992,2526,0,0.236335,1.415622,ZAF,MDG,5541
250,136,949,1992,2667,0,0.989994,0.977453,ANS,MDG,5541
43,143,949,1992,183640,0,0.269411,1.920075,CHN,MMR,5541
81,143,949,1992,3432,0,1.8901810000000001,0.9274030000000001,GBR,MMR,5541
97,143,949,1992,822,0,0.754112,1.911201,HKG,MMR,5541
103,143,949,1992,523910,0,-0.5250670000000001,0.717568,IDN,MMR,5541
104,143,949,1992,49987,0,0.101094,1.6851180000000001,IND,MMR,5541
114,143,949,1992,161421,0,2.451698,0.875639,JPN,MMR,5541
118,143,949,1992,3475,0,-1.036685,-1.149364,KHM,MMR,5541
121,143,949,1992,2723,0,0.778066,1.3011139999999999,KOR,MMR,5541
153,143,949,1992,206670,0,0.14268499999999998,0.370079,MYS,MMR,5541
192,143,949,1992,207313,14759,0.95691,0.892702,SGP,MMR,5541
216,143,949,1992,197047,0,0.109518,1.486578,THA,MMR,5541
14,151,949,1992,21063,0,0.083812,0.637224,AUS,MUS,5541
18,151,949,1992,4715,0,1.449085,1.622957,BEL,MUS,5541
43,151,949,1992,10338,0,0.269411,1.920075,CHN,MUS,5541
50,151,949,1992,0,94794,-0.5867220000000001,-0.8257620000000001,COM,MUS,5541
61,151,949,1992,22470,0,2.2968349999999997,-2.581569,DEU,MUS,5541
77,151,949,1992,215394,4527,1.682766,1.2713430000000001,FRA,MUS,5541
81,151,949,1992,85597,0,1.8901810000000001,0.9274030000000001,GBR,MUS,5541
97,151,949,1992,3403,0,0.754112,1.911201,HKG,MUS,5541
103,151,949,1992,31946,0,-0.5250670000000001,0.717568,IDN,MUS,5541
104,151,949,1992,9827,0,0.101094,1.6851180000000001,IND,MUS,5541
116,151,949,1992,2993,0,-0.31818,-0.096856,KEN,MUS,5541
153,151,949,1992,189551,0,0.14268499999999998,0.370079,MYS,MUS,5541
163,151,949,1992,2164,0,0.877965,0.444983,NOR,MUS,5541
184,151,949,1992,0,394049,0.251216,-0.448812,REU,MUS,5541
192,151,949,1992,14018,0,0.95691,0.892702,SGP,MUS,5541
211,151,949,1992,0,1053,0.05767100000000001,-0.6613020000000001,SYC,MUS,5541
216,151,949,1992,3072,0,0.109518,1.486578,THA,MUS,5541
231,151,949,1992,4505,1683,1.660693,1.289752,USA,MUS,5541
246,151,949,1992,276095,0,0.236335,1.415622,ZAF,MUS,5541
248,151,949,1992,18344,0,-0.11168099999999999,0.143612,ZWE,MUS,5541
249,151,949,1992,160173,0,1.3694790000000001,1.6227559999999999,TWN,MUS,5541
250,151,949,1992,2210,122951,0.989994,0.977453,ANS,MUS,5541
61,164,949,1992,12827,0,2.2968349999999997,-2.581569,DEU,NPL,5541
77,164,949,1992,115819,0,1.682766,1.2713430000000001,FRA,NPL,5541
81,164,949,1992,5333,0,1.8901810000000001,0.9274030000000001,GBR,NPL,5541
97,164,949,1992,11431,0,0.754112,1.911201,HKG,NPL,5541
104,164,949,1992,346953,14030,0.101094,1.6851180000000001,IND,NPL,5541
121,164,949,1992,35230,0,0.778066,1.3011139999999999,KOR,NPL,5541
136,164,949,1992,147094,0,-0.977873,-0.743187,MDG,NPL,5541
153,164,949,1992,118391,0,0.14268499999999998,0.370079,MYS,NPL,5541
188,164,949,1992,20962,0,0.416315,-0.7342489999999999,SAU,NPL,5541
192,164,949,1992,77550,0,0.95691,0.892702,SGP,NPL,5541
216,164,949,1992,3109,0,0.109518,1.486578,THA,NPL,5541
7,167,949,1992,159938,191504,-0.495518,-0.963358,ARE,OMN,5541
15,167,949,1992,1234,0,1.975207,0.669388,AUT,OMN,5541
18,167,949,1992,3021,0,1.449085,1.622957,BEL,OMN,5541
24,167,949,1992,0,107862,0.047396,-0.554517,BHR,OMN,5541
41,167,949,1992,4096,0,2.24952,1.014945,CHE,OMN,5541
58,167,949,1992,23128,0,0.471516,0.668776,CYP,OMN,5541
61,167,949,1992,96616,0,2.2968349999999997,-2.581569,DEU,OMN,5541
68,167,949,1992,41494,0,-0.102143,-0.17513499999999999,EGY,OMN,5541
71,167,949,1992,2603,0,1.301511,1.730441,ESP,OMN,5541
77,167,949,1992,69437,0,1.682766,1.2713430000000001,FRA,OMN,5541
81,167,949,1992,2044018,0,1.8901810000000001,0.9274030000000001,GBR,OMN,5541
90,167,949,1992,11717,0,0.139504,0.743678,GRC,OMN,5541
97,167,949,1992,8024,0,0.754112,1.911201,HKG,OMN,5541
99,167,949,1992,60511,0,-0.5100640000000001,-0.38205900000000004,HND,OMN,5541
104,167,949,1992,172132,0,0.101094,1.6851180000000001,IND,OMN,5541
107,167,949,1992,0,69105,-1.195108,-1.135155,IRN,OMN,5541
111,167,949,1992,6272,0,1.7819,0.981246,ITA,OMN,5541
114,167,949,1992,153015,0,2.451698,0.875639,JPN,OMN,5541
122,167,949,1992,8625,211952,-1.2360950000000002,-1.061771,KWT,OMN,5541
128,167,949,1992,1985,0,-0.45780600000000005,-0.221948,LKA,OMN,5541
142,167,949,1992,63792,0,0.828211,0.29226599999999997,MLT,OMN,5541
153,167,949,1992,373018,0,0.14268499999999998,0.370079,MYS,OMN,5541
162,167,949,1992,6472,0,1.4315069999999999,1.7107450000000002,NLD,OMN,5541
183,167,949,1992,22239,18855,-0.491413,-1.004476,QAT,OMN,5541
188,167,949,1992,857362,510661,0.416315,-0.7342489999999999,SAU,OMN,5541
192,167,949,1992,46831,0,0.95691,0.892702,SGP,OMN,5541
231,167,949,1992,126302,0,1.660693,1.289752,USA,OMN,5541
249,167,949,1992,2000,0,1.3694790000000001,1.6227559999999999,TWN,OMN,5541
7,183,949,1992,98716,1429,-0.495518,-0.963358,ARE,QAT,5541
18,183,949,1992,1236,0,1.449085,1.622957,BEL,QAT,5541
24,183,949,1992,2739,103872,0.047396,-0.554517,BHR,QAT,5541
39,183,949,1992,2696,0,0.74703,1.096791,CAN,QAT,5541
41,183,949,1992,1370,0,2.24952,1.014945,CHE,QAT,5541
61,183,949,1992,19623,0,2.2968349999999997,-2.581569,DEU,QAT,5541
68,183,949,1992,2619,0,-0.102143,-0.17513499999999999,EGY,QAT,5541
71,183,949,1992,51964,0,1.301511,1.730441,ESP,QAT,5541
77,183,949,1992,67878,0,1.682766,1.2713430000000001,FRA,QAT,5541
81,183,949,1992,1725759,0,1.8901810000000001,0.9274030000000001,GBR,QAT,5541
103,183,949,1992,9024,0,-0.5250670000000001,0.717568,IDN,QAT,5541
104,183,949,1992,22915,0,0.101094,1.6851180000000001,IND,QAT,5541
107,183,949,1992,179752,0,-1.195108,-1.135155,IRN,QAT,5541
111,183,949,1992,37539,0,1.7819,0.981246,ITA,QAT,5541
113,183,949,1992,2572,0,0.716964,0.5323760000000001,JOR,QAT,5541
114,183,949,1992,24824,0,2.451698,0.875639,JPN,QAT,5541
122,183,949,1992,0,26810,-1.2360950000000002,-1.061771,KWT,QAT,5541
124,183,949,1992,8166,0,0.186135,0.800906,LBN,QAT,5541
153,183,949,1992,61890,0,0.14268499999999998,0.370079,MYS,QAT,5541
167,183,949,1992,18855,22239,-0.906702,-1.0716709999999998,OMN,QAT,5541
174,183,949,1992,322,0,-0.139761,0.772109,PHL,QAT,5541
188,183,949,1992,317787,2542670,0.416315,-0.7342489999999999,SAU,QAT,5541
192,183,949,1992,36889,0,0.95691,0.892702,SGP,QAT,5541
212,183,949,1992,5889,0,-0.566724,-0.602446,SYR,QAT,5541
224,183,949,1992,86598,0,0.160966,1.154796,TUR,QAT,5541
231,183,949,1992,24136,0,1.660693,1.289752,USA,QAT,5541
249,183,949,1992,217464,0,1.3694790000000001,1.6227559999999999,TWN,QAT,5541
18,184,949,1992,1774,0,1.449085,1.622957,BEL,REU,5541
50,184,949,1992,0,5968,-0.5867220000000001,-0.8257620000000001,COM,REU,5541
61,184,949,1992,1919,0,2.2968349999999997,-2.581569,DEU,REU,5541
77,184,949,1992,3044843,0,1.682766,1.2713430000000001,FRA,REU,5541
103,184,949,1992,10040,0,-0.5250670000000001,0.717568,IDN,REU,5541
104,184,949,1992,1033,0,0.101094,1.6851180000000001,IND,REU,5541
150,184,949,1992,0,1412,0.70167,-0.075327,MTQ,REU,5541
151,184,949,1992,394049,0,-0.249558,-0.643201,MUS,REU,5541
246,184,949,1992,2570,0,0.236335,1.415622,ZAF,REU,5541
14,186,949,1992,1197874,0,0.083812,0.637224,AUS,RUS,5541
15,186,949,1992,17709,0,1.975207,0.669388,AUT,RUS,5541
18,186,949,1992,38743,0,1.449085,1.622957,BEL,RUS,5541
23,186,949,1992,0,19392,0.503161,1.871616,BGR,RUS,5541
39,186,949,1992,1180,0,0.74703,1.096791,CAN,RUS,5541
43,186,949,1992,58737,119615,0.269411,1.920075,CHN,RUS,5541
58,186,949,1992,16634,0,0.471516,0.668776,CYP,RUS,5541
61,186,949,1992,348434,0,2.2968349999999997,-2.581569,DEU,RUS,5541
64,186,949,1992,48344,0,1.696464,1.365743,DNK,RUS,5541
68,186,949,1992,587280,0,-0.102143,-0.17513499999999999,EGY,RUS,5541
71,186,949,1992,64763,0,1.301511,1.730441,ESP,RUS,5541
74,186,949,1992,98117,0,1.929661,1.3477,FIN,RUS,5541
77,186,949,1992,785974,0,1.682766,1.2713430000000001,FRA,RUS,5541
81,186,949,1992,1050591,0,1.8901810000000001,0.9274030000000001,GBR,RUS,5541
100,186,949,1992,20084,0,0.877872,1.726188,HRV,RUS,5541
102,186,949,1992,37049,0,0.9144620000000001,2.157041,HUN,RUS,5541
104,186,949,1992,800723,0,0.101094,1.6851180000000001,IND,RUS,5541
111,186,949,1992,50529,0,1.7819,0.981246,ITA,RUS,5541
114,186,949,1992,106385,0,2.451698,0.875639,JPN,RUS,5541
121,186,949,1992,22735,0,0.778066,1.3011139999999999,KOR,RUS,5541
130,186,949,1992,387398,0,0.7271810000000001,0.482357,LTU,RUS,5541
162,186,949,1992,247808,0,1.4315069999999999,1.7107450000000002,NLD,RUS,5541
163,186,949,1992,12561,0,0.877965,0.444983,NOR,RUS,5541
166,186,949,1992,571358,0,0.41866000000000003,0.580581,NZL,RUS,5541
174,186,949,1992,183046,0,-0.139761,0.772109,PHL,RUS,5541
177,186,949,1992,76558,0,0.581166,2.070795,POL,RUS,5541
179,186,949,1992,52385,0,0.47505,0.8402860000000001,PRT,RUS,5541
189,186,949,1992,12004,0,0.9474950000000001,2.442268,SCG,RUS,5541
207,186,949,1992,1223,0,1.3270629999999999,1.605534,SVN,RUS,5541
208,186,949,1992,38148,0,2.2265900000000003,0.999178,SWE,RUS,5541
212,186,949,1992,8058,0,-0.566724,-0.602446,SYR,RUS,5541
224,186,949,1992,7048954,0,0.160966,1.154796,TUR,RUS,5541
231,186,949,1992,66887,0,1.660693,1.289752,USA,RUS,5541
61,190,949,1992,72054,0,2.2968349999999997,-2.581569,DEU,SDN,5541
68,190,949,1992,31589,0,-0.102143,-0.17513499999999999,EGY,SDN,5541
77,190,949,1992,37927,0,1.682766,1.2713430000000001,FRA,SDN,5541
81,190,949,1992,80325,0,1.8901810000000001,0.9274030000000001,GBR,SDN,5541
111,190,949,1992,5618,0,1.7819,0.981246,ITA,SDN,5541
113,190,949,1992,23600,0,0.716964,0.5323760000000001,JOR,SDN,5541
116,190,949,1992,34801,0,-0.31818,-0.096856,KEN,SDN,5541
179,190,949,1992,33380,0,0.47505,0.8402860000000001,PRT,SDN,5541
192,190,949,1992,27951,0,0.95691,0.892702,SGP,SDN,5541
208,190,949,1992,1547,0,2.2265900000000003,0.999178,SWE,SDN,5541
212,190,949,1992,3263,0,-0.566724,-0.602446,SYR,SDN,5541
43,199,949,1992,20789,0,0.269411,1.920075,CHN,SOM,5541
116,199,949,1992,1766491,0,-0.31818,-0.096856,KEN,SOM,5541
121,199,949,1992,1050965,0,0.778066,1.3011139999999999,KOR,SOM,5541
61,211,949,1992,29900,0,2.2968349999999997,-2.581569,DEU,SYC,5541
77,211,949,1992,4251,0,1.682766,1.2713430000000001,FRA,SYC,5541
81,211,949,1992,15901,0,1.8901810000000001,0.9274030000000001,GBR,SYC,5541
116,211,949,1992,962,0,-0.31818,-0.096856,KEN,SYC,5541
151,211,949,1992,1053,0,-0.249558,-0.643201,MUS,SYC,5541
153,211,949,1992,44875,0,0.14268499999999998,0.370079,MYS,SYC,5541
162,211,949,1992,3602,0,1.4315069999999999,1.7107450000000002,NLD,SYC,5541
192,211,949,1992,180919,0,0.95691,0.892702,SGP,SYC,5541
231,211,949,1992,4866,0,1.660693,1.289752,USA,SYC,5541
246,211,949,1992,376775,0,0.236335,1.415622,ZAF,SYC,5541
250,211,949,1992,2020,0,0.989994,0.977453,ANS,SYC,5541
41,223,949,1992,0,16353,2.24952,1.014945,CHE,TUN,5541
61,223,949,1992,1970,0,2.2968349999999997,-2.581569,DEU,TUN,5541
66,223,949,1992,13470,0,-0.24189699999999997,-0.9399219999999999,DZA,TUN,5541
77,223,949,1992,182601,2320,1.682766,1.2713430000000001,FRA,TUN,5541
81,223,949,1992,37570,0,1.8901810000000001,0.9274030000000001,GBR,TUN,5541
86,223,949,1992,0,35449,0.68221,-0.319682,GLP,TUN,5541
111,223,949,1992,16021,1642,1.7819,0.981246,ITA,TUN,5541
113,223,949,1992,0,13017,0.716964,0.5323760000000001,JOR,TUN,5541
126,223,949,1992,0,70576,-0.333309,-0.981883,LBY,TUN,5541
134,223,949,1992,5743,0,-0.339711,-0.265987,MAR,TUN,5541
153,223,949,1992,19969,0,0.14268499999999998,0.370079,MYS,TUN,5541
162,223,949,1992,10643,0,1.4315069999999999,1.7107450000000002,NLD,TUN,5541
250,223,949,1992,0,17975,0.989994,0.977453,ANS,TUN,5541
41,226,949,1992,1661,0,2.24952,1.014945,CHE,TZA,5541
43,226,949,1992,106656,0,0.269411,1.920075,CHN,TZA,5541
61,226,949,1992,6046,0,2.2968349999999997,-2.581569,DEU,TZA,5541
81,226,949,1992,85710,0,1.8901810000000001,0.9274030000000001,GBR,TZA,5541
97,226,949,1992,19640,0,0.754112,1.911201,HKG,TZA,5541
103,226,949,1992,947717,0,-0.5250670000000001,0.717568,IDN,TZA,5541
104,226,949,1992,69319,0,0.101094,1.6851180000000001,IND,TZA,5541
111,226,949,1992,21756,0,1.7819,0.981246,ITA,TZA,5541
116,226,949,1992,834225,0,-0.31818,-0.096856,KEN,TZA,5541
121,226,949,1992,48259,0,0.778066,1.3011139999999999,KOR,TZA,5541
153,226,949,1992,11756,0,0.14268499999999998,0.370079,MYS,TZA,5541
192,226,949,1992,171408,0,0.95691,0.892702,SGP,TZA,5541
208,226,949,1992,1375,0,2.2265900000000003,0.999178,SWE,TZA,5541
224,226,949,1992,57313,0,0.160966,1.154796,TUR,TZA,5541
231,226,949,1992,4248,0,1.660693,1.289752,USA,TZA,5541
248,226,949,1992,4069,0,-0.11168099999999999,0.143612,ZWE,TZA,5541
77,239,949,1992,1701,0,1.682766,1.2713430000000001,FRA,VNM,5541
97,239,949,1992,634645,404164,0.754112,1.911201,HKG,VNM,5541
102,239,949,1992,9000,0,0.9144620000000001,2.157041,HUN,VNM,5541
103,239,949,1992,57386,0,-0.5250670000000001,0.717568,IDN,VNM,5541
133,239,949,1992,0,117824,0.249034,-0.026864,MAC,VNM,5541
153,239,949,1992,2486532,22177,0.14268499999999998,0.370079,MYS,VNM,5541
192,239,949,1992,41354,48955,0.95691,0.892702,SGP,VNM,5541
216,239,949,1992,8102,0,0.109518,1.486578,THA,VNM,5541
249,239,949,1992,17000,0,1.3694790000000001,1.6227559999999999,TWN,VNM,5541
43,243,949,1992,17402,0,0.269411,1.920075,CHN,YEM,5541
62,243,949,1992,0,123794,0.708593,1.196323,DJI,YEM,5541
73,243,949,1992,0,20594,-1.036482,-1.078446,ETH,YEM,5541
81,243,949,1992,3383,0,1.8901810000000001,0.9274030000000001,GBR,YEM,5541
97,243,949,1992,8786,0,0.754112,1.911201,HKG,YEM,5541
113,243,949,1992,2251,0,0.716964,0.5323760000000001,JOR,YEM,5541
153,243,949,1992,1604638,0,0.14268499999999998,0.370079,MYS,YEM,5541
188,243,949,1992,247566,0,0.416315,-0.7342489999999999,SAU,YEM,5541
192,243,949,1992,496474,0,0.95691,0.892702,SGP,YEM,5541
18,247,949,1992,65760,0,1.449085,1.622957,BEL,ZMB,5541
41,247,949,1992,2680,0,2.24952,1.014945,CHE,ZMB,5541
81,247,949,1992,2171,0,1.8901810000000001,0.9274030000000001,GBR,ZMB,5541
103,247,949,1992,89000,0,-0.5250670000000001,0.717568,IDN,ZMB,5541
104,247,949,1992,8731,0,0.101094,1.6851180000000001,IND,ZMB,5541
111,247,949,1992,12094,0,1.7819,0.981246,ITA,ZMB,5541
114,247,949,1992,1769,0,2.451698,0.875639,JPN,ZMB,5541
116,247,949,1992,5444,0,-0.31818,-0.096856,KEN,ZMB,5541
153,247,949,1992,56651,0,0.14268499999999998,0.370079,MYS,ZMB,5541
246,247,949,1992,1896914,0,0.236335,1.415622,ZAF,ZMB,5541
248,247,949,1992,3821187,134325,-0.11168099999999999,0.143612,ZWE,ZMB,5541
8,250,949,1992,1191,0,0.043179,0.553408,ARG,ANS,5541
14,250,949,1992,14501,1931,0.083812,0.637224,AUS,ANS,5541
18,250,949,1992,23635,0,1.449085,1.622957,BEL,ANS,5541
23,250,949,1992,0,2753,0.503161,1.871616,BGR,ANS,5541
31,250,949,1992,0,5654,-0.609826,-0.693473,BOL,ANS,5541
32,250,949,1992,1447,2586,0.685144,1.5676709999999998,BRA,ANS,5541
33,250,949,1992,1681,0,0.9121950000000001,0.413592,BRB,ANS,5541
34,250,949,1992,0,1822,-1.142722,-0.818717,BRN,ANS,5541
39,250,949,1992,0,1260,0.74703,1.096791,CAN,ANS,5541
41,250,949,1992,1202,1815,2.24952,1.014945,CHE,ANS,5541
42,250,949,1992,1713,16196,-0.188106,-0.360151,CHL,ANS,5541
43,250,949,1992,4111,8807,0.269411,1.920075,CHN,ANS,5541
49,250,949,1992,2004,1118,0.022895,0.22971799999999998,COL,ANS,5541
58,250,949,1992,23953,2031,0.471516,0.668776,CYP,ANS,5541
61,250,949,1992,26404,0,2.2968349999999997,-2.581569,DEU,ANS,5541
62,250,949,1992,5752,250124,0.708593,1.196323,DJI,ANS,5541
66,250,949,1992,0,1699,-0.24189699999999997,-0.9399219999999999,DZA,ANS,5541
68,250,949,1992,0,44661,-0.102143,-0.17513499999999999,EGY,ANS,5541
71,250,949,1992,40936,4064,1.301511,1.730441,ESP,ANS,5541
73,250,949,1992,0,389892,-1.036482,-1.078446,ETH,ANS,5541
74,250,949,1992,1175,1465,1.929661,1.3477,FIN,ANS,5541
75,250,949,1992,110582,2859,-0.573887,-0.6382680000000001,FJI,ANS,5541
77,250,949,1992,75942,656183,1.682766,1.2713430000000001,FRA,ANS,5541
78,250,949,1992,0,2029,-0.51381,-0.8512059999999999,FRO,ANS,5541
81,250,949,1992,3357,0,1.8901810000000001,0.9274030000000001,GBR,ANS,5541
83,250,949,1992,4336,1841,-0.936314,-0.935839,GHA,ANS,5541
90,250,949,1992,75515,0,0.139504,0.743678,GRC,ANS,5541
94,250,949,1992,0,25828,0.9797959999999999,0.125384,GUF,ANS,5541
97,250,949,1992,202743,0,0.754112,1.911201,HKG,ANS,5541
99,250,949,1992,0,7612,-0.5100640000000001,-0.38205900000000004,HND,ANS,5541
100,250,949,1992,149074,2670,0.877872,1.726188,HRV,ANS,5541
102,250,949,1992,1001,0,0.9144620000000001,2.157041,HUN,ANS,5541
103,250,949,1992,2285262,1360,-0.5250670000000001,0.717568,IDN,ANS,5541
104,250,949,1992,1927,0,0.101094,1.6851180000000001,IND,ANS,5541
109,250,949,1992,0,1545,-0.076691,-0.630567,ISL,ANS,5541
110,250,949,1992,15439,0,1.354362,1.3260530000000001,ISR,ANS,5541
111,250,949,1992,22323,8996,1.7819,0.981246,ITA,ANS,5541
112,250,949,1992,4870,1481,-0.200329,-0.595741,JAM,ANS,5541
113,250,949,1992,50983288,17109,0.716964,0.5323760000000001,JOR,ANS,5541
116,250,949,1992,28425,0,-0.31818,-0.096856,KEN,ANS,5541
121,250,949,1992,585007,0,0.778066,1.3011139999999999,KOR,ANS,5541
122,250,949,1992,10534,3897036,-1.2360950000000002,-1.061771,KWT,ANS,5541
128,250,949,1992,2560,2067,-0.45780600000000005,-0.221948,LKA,ANS,5541
136,250,949,1992,0,2667,-0.977873,-0.743187,MDG,ANS,5541
142,250,949,1992,0,1995,0.828211,0.29226599999999997,MLT,ANS,5541
150,250,949,1992,0,37065,0.70167,-0.075327,MTQ,ANS,5541
151,250,949,1992,122951,2210,-0.249558,-0.643201,MUS,ANS,5541
153,250,949,1992,1087,1515,0.14268499999999998,0.370079,MYS,ANS,5541
162,250,949,1992,6160,2078,1.4315069999999999,1.7107450000000002,NLD,ANS,5541
163,250,949,1992,1082,1056,0.877965,0.444983,NOR,ANS,5541
166,250,949,1992,80457,24162,0.41866000000000003,0.580581,NZL,ANS,5541
169,250,949,1992,3824,146393,0.289315,0.37247199999999997,PAN,ANS,5541
173,250,949,1992,0,10539,-0.286545,-0.264638,PER,ANS,5541
174,250,949,1992,2508,1544,-0.139761,0.772109,PHL,ANS,5541
179,250,949,1992,48647,1212,0.47505,0.8402860000000001,PRT,ANS,5541
188,250,949,1992,42017,226830,0.416315,-0.7342489999999999,SAU,ANS,5541
191,250,949,1992,5827,0,-0.43371800000000005,-0.679547,SEN,ANS,5541
192,250,949,1992,1638888,49868,0.95691,0.892702,SGP,ANS,5541
197,250,949,1992,1111104,3283920,0.396523,0.47548900000000005,SLV,ANS,5541
207,250,949,1992,0,1586,1.3270629999999999,1.605534,SVN,ANS,5541
208,250,949,1992,2740,2730,2.2265900000000003,0.999178,SWE,ANS,5541
211,250,949,1992,0,2020,0.05767100000000001,-0.6613020000000001,SYC,ANS,5541
212,250,949,1992,1499,57228,-0.566724,-0.602446,SYR,ANS,5541
216,250,949,1992,8075,1617,0.109518,1.486578,THA,ANS,5541
222,250,949,1992,196906,0,0.43506000000000006,-0.43233599999999994,TTO,ANS,5541
223,250,949,1992,17975,0,0.14482,-0.13608,TUN,ANS,5541
224,250,949,1992,14925,0,0.160966,1.154796,TUR,ANS,5541
230,250,949,1992,193861,0,0.242758,0.711781,URY,ANS,5541
236,250,949,1992,1400,0,-0.106385,-0.65975,VEN,ANS,5541
246,250,949,1992,4205,34779,0.236335,1.415622,ZAF,ANS,5541
249,250,949,1992,20000,0,1.3694790000000001,1.6227559999999999,TWN,ANS,5541
8,2,949,1992,1506928,0,0.043179,0.553408,ARG,AGO,5541
18,2,949,1992,702894,0,1.449085,1.622957,BEL,AGO,5541
32,2,949,1992,316067,0,0.685144,1.5676709999999998,BRA,AGO,5541
61,2,949,1992,17016,0,2.2968349999999997,-2.581569,DEU,AGO,5541
68,2,949,1992,30796,0,-0.102143,-0.17513499999999999,EGY,AGO,5541
71,2,949,1992,600364,0,1.301511,1.730441,ESP,AGO,5541
77,2,949,1992,268271,0,1.682766,1.2713430000000001,FRA,AGO,5541
81,2,949,1992,721560,0,1.8901810000000001,0.9274030000000001,GBR,AGO,5541
103,2,949,1992,1038253,0,-0.5250670000000001,0.717568,IDN,AGO,5541
104,2,949,1992,2214901,0,0.101094,1.6851180000000001,IND,AGO,5541
111,2,949,1992,218671,0,1.7819,0.981246,ITA,AGO,5541
113,2,949,1992,19309,0,0.716964,0.5323760000000001,JOR,AGO,5541
121,2,949,1992,1133303,0,0.778066,1.3011139999999999,KOR,AGO,5541
134,2,949,1992,891381,0,-0.339711,-0.265987,MAR,AGO,5541
162,2,949,1992,93793,0,1.4315069999999999,1.7107450000000002,NLD,AGO,5541
179,2,949,1992,16293226,0,0.47505,0.8402860000000001,PRT,AGO,5541
216,2,949,1992,32811,0,0.109518,1.486578,THA,AGO,5541
224,2,949,1992,52249,0,0.160966,1.154796,TUR,AGO,5541
231,2,949,1992,7649,0,1.660693,1.289752,USA,AGO,5541
246,2,949,1992,1358631,0,0.236335,1.415622,ZAF,AGO,5541
248,2,949,1992,122961,0,-0.11168099999999999,0.143612,ZWE,AGO,5541
41,4,949,1992,4748,0,2.24952,1.014945,CHE,ALB,5541
61,4,949,1992,20223,0,2.2968349999999997,-2.581569,DEU,ALB,5541
64,4,949,1992,3497,0,1.696464,1.365743,DNK,ALB,5541
90,4,949,1992,87768,0,0.139504,0.743678,GRC,ALB,5541
102,4,949,1992,14050,0,0.9144620000000001,2.157041,HUN,ALB,5541
111,4,949,1992,1125976,0,1.7819,0.981246,ITA,ALB,5541
185,4,949,1992,73155,0,0.838817,1.358629,ROU,ALB,5541
224,4,949,1992,1395551,0,0.160966,1.154796,TUR,ALB,5541
61,6,949,1992,28003,0,2.2968349999999997,-2.581569,DEU,ANT,5541
64,6,949,1992,3757,0,1.696464,1.365743,DNK,ANT,5541
71,6,949,1992,44075,0,1.301511,1.730441,ESP,ANT,5541
77,6,949,1992,15080,0,1.682766,1.2713430000000001,FRA,ANT,5541
81,6,949,1992,45415,0,1.8901810000000001,0.9274030000000001,GBR,ANT,5541
106,6,949,1992,1724,0,1.454172,1.397052,IRL,ANT,5541
162,6,949,1992,155128,0,1.4315069999999999,1.7107450000000002,NLD,ANT,5541
192,6,949,1992,12162,0,0.95691,0.892702,SGP,ANT,5541
231,6,949,1992,826649,1376,1.660693,1.289752,USA,ANT,5541
236,6,949,1992,117585,0,-0.106385,-0.65975,VEN,ANT,5541
246,6,949,1992,26573,0,0.236335,1.415622,ZAF,ANT,5541
14,7,949,1992,106979,0,0.083812,0.637224,AUS,ARE,5541
15,7,949,1992,2608,0,1.975207,0.669388,AUT,ARE,5541
18,7,949,1992,37785,0,1.449085,1.622957,BEL,ARE,5541
41,7,949,1992,67557,0,2.24952,1.014945,CHE,ARE,5541
43,7,949,1992,166678,0,0.269411,1.920075,CHN,ARE,5541
58,7,949,1992,1118,0,0.471516,0.668776,CYP,ARE,5541
61,7,949,1992,649673,0,2.2968349999999997,-2.581569,DEU,ARE,5541
71,7,949,1992,41923,0,1.301511,1.730441,ESP,ARE,5541
73,7,949,1992,0,11527,-1.036482,-1.078446,ETH,ARE,5541
77,7,949,1992,648953,0,1.682766,1.2713430000000001,FRA,ARE,5541
81,7,949,1992,7356880,85226,1.8901810000000001,0.9274030000000001,GBR,ARE,5541
97,7,949,1992,146232,0,0.754112,1.911201,HKG,ARE,5541
103,7,949,1992,442820,0,-0.5250670000000001,0.717568,IDN,ARE,5541
104,7,949,1992,921496,0,0.101094,1.6851180000000001,IND,ARE,5541
106,7,949,1992,6738,0,1.454172,1.397052,IRL,ARE,5541
111,7,949,1992,178534,0,1.7819,0.981246,ITA,ARE,5541
113,7,949,1992,6137,1175729,0.716964,0.5323760000000001,JOR,ARE,5541
121,7,949,1992,108982,0,0.778066,1.3011139999999999,KOR,ARE,5541
122,7,949,1992,13773,94648,-1.2360950000000002,-1.061771,KWT,ARE,5541
128,7,949,1992,2574,0,-0.45780600000000005,-0.221948,LKA,ARE,5541
142,7,949,1992,12491,0,0.828211,0.29226599999999997,MLT,ARE,5541
153,7,949,1992,2398925,0,0.14268499999999998,0.370079,MYS,ARE,5541
162,7,949,1992,52694,0,1.4315069999999999,1.7107450000000002,NLD,ARE,5541
163,7,949,1992,1172,0,0.877965,0.444983,NOR,ARE,5541
167,7,949,1992,191504,159938,-0.906702,-1.0716709999999998,OMN,ARE,5541
168,7,949,1992,4069,6843,-0.480152,-0.361705,PAK,ARE,5541
174,7,949,1992,26490,0,-0.139761,0.772109,PHL,ARE,5541
183,7,949,1992,1429,98716,-0.491413,-1.004476,QAT,ARE,5541
188,7,949,1992,1297697,2605872,0.416315,-0.7342489999999999,SAU,ARE,5541
192,7,949,1992,541110,123124,0.95691,0.892702,SGP,ARE,5541
208,7,949,1992,1947,0,2.2265900000000003,0.999178,SWE,ARE,5541
212,7,949,1992,19490,0,-0.566724,-0.602446,SYR,ARE,5541
216,7,949,1992,3306,0,0.109518,1.486578,THA,ARE,5541
224,7,949,1992,319002,0,0.160966,1.154796,TUR,ARE,5541
231,7,949,1992,768585,0,1.660693,1.289752,USA,ARE,5541
249,7,949,1992,56930,0,1.3694790000000001,1.6227559999999999,TWN,ARE,5541
61,13,949,1992,9248,0,2.2968349999999997,-2.581569,DEU,ATG,5541
81,13,949,1992,36606,0,1.8901810000000001,0.9274030000000001,GBR,ATG,5541
111,13,949,1992,1431,0,1.7819,0.981246,ITA,ATG,5541
112,13,949,1992,4230,0,-0.200329,-0.595741,JAM,ATG,5541
162,13,949,1992,1118,0,1.4315069999999999,1.7107450000000002,NLD,ATG,5541
222,13,949,1992,60540,0,0.43506000000000006,-0.43233599999999994,TTO,ATG,5541
231,13,949,1992,35487,0,1.660693,1.289752,USA,ATG,5541
246,13,949,1992,8382,0,0.236335,1.415622,ZAF,ATG,5541
71,25,949,1992,58543,0,1.301511,1.730441,ESP,BHS,5541
77,25,949,1992,45158,0,1.682766,1.2713430000000001,FRA,BHS,5541
81,25,949,1992,258593,0,1.8901810000000001,0.9274030000000001,GBR,BHS,5541
90,25,949,1992,45302,0,0.139504,0.743678,GRC,BHS,5541
162,25,949,1992,6636,0,1.4315069999999999,1.7107450000000002,NLD,BHS,5541
169,25,949,1992,30180,0,0.289315,0.37247199999999997,PAN,BHS,5541
231,25,949,1992,604441,0,1.660693,1.289752,USA,BHS,5541
39,30,949,1992,1196,0,0.74703,1.096791,CAN,BMU,5541
77,30,949,1992,2645,0,1.682766,1.2713430000000001,FRA,BMU,5541
81,30,949,1992,122649,0,1.8901810000000001,0.9274030000000001,GBR,BMU,5541
97,30,949,1992,40705,0,0.754112,1.911201,HKG,BMU,5541
231,30,949,1992,631950,0,1.660693,1.289752,USA,BMU,5541
104,35,949,1992,2111,0,0.101094,1.6851180000000001,IND,BTN,5541
18,45,949,1992,14072,0,1.449085,1.622957,BEL,CMR,5541
32,45,949,1992,1125,0,0.685144,1.5676709999999998,BRA,CMR,5541
61,45,949,1992,55012,0,2.2968349999999997,-2.581569,DEU,CMR,5541
77,45,949,1992,533658,0,1.682766,1.2713430000000001,FRA,CMR,5541
103,45,949,1992,62349,0,-0.5250670000000001,0.717568,IDN,CMR,5541
104,45,949,1992,25242,0,0.101094,1.6851180000000001,IND,CMR,5541
106,45,949,1992,134826,0,1.454172,1.397052,IRL,CMR,5541
111,45,949,1992,12897,0,1.7819,0.981246,ITA,CMR,5541
18,47,949,1992,182909,0,1.449085,1.622957,BEL,COG,5541
19,47,949,1992,66253,0,-1.206267,-0.855159,BEN,COG,5541
41,47,949,1992,1469,0,2.24952,1.014945,CHE,COG,5541
43,47,949,1992,24057,0,0.269411,1.920075,CHN,COG,5541
77,47,949,1992,595461,0,1.682766,1.2713430000000001,FRA,COG,5541
81,47,949,1992,170394,0,1.8901810000000001,0.9274030000000001,GBR,COG,5541
97,47,949,1992,382725,0,0.754112,1.911201,HKG,COG,5541
103,47,949,1992,33449,0,-0.5250670000000001,0.717568,IDN,COG,5541
111,47,949,1992,71692,0,1.7819,0.981246,ITA,COG,5541
121,47,949,1992,535370,0,0.778066,1.3011139999999999,KOR,COG,5541
134,47,949,1992,2003,0,-0.339711,-0.265987,MAR,COG,5541
153,47,949,1992,69924,0,0.14268499999999998,0.370079,MYS,COG,5541
177,47,949,1992,10108,0,0.581166,2.070795,POL,COG,5541
179,47,949,1992,31669,0,0.47505,0.8402860000000001,PRT,COG,5541
191,47,949,1992,6765,0,-0.43371800000000005,-0.679547,SEN,COG,5541
224,47,949,1992,11342,0,0.160966,1.154796,TUR,COG,5541
246,47,949,1992,42191,0,0.236335,1.415622,ZAF,COG,5541
32,51,949,1992,24846,0,0.685144,1.5676709999999998,BRA,CPV,5541
61,51,949,1992,1000,0,2.2968349999999997,-2.581569,DEU,CPV,5541
77,51,949,1992,2836,0,1.682766,1.2713430000000001,FRA,CPV,5541
81,51,949,1992,83917,0,1.8901810000000001,0.9274030000000001,GBR,CPV,5541
162,51,949,1992,6239,0,1.4315069999999999,1.7107450000000002,NLD,CPV,5541
179,51,949,1992,506300,0,0.47505,0.8402860000000001,PRT,CPV,5541
18,80,949,1992,5242,0,1.449085,1.622957,BEL,GAB,5541
71,80,949,1992,91727,0,1.301511,1.730441,ESP,GAB,5541
77,80,949,1992,707180,0,1.682766,1.2713430000000001,FRA,GAB,5541
81,80,949,1992,33093,0,1.8901810000000001,0.9274030000000001,GBR,GAB,5541
97,80,949,1992,17058,0,0.754112,1.911201,HKG,GAB,5541
103,80,949,1992,38960,0,-0.5250670000000001,0.717568,IDN,GAB,5541
121,80,949,1992,72308,0,0.778066,1.3011139999999999,KOR,GAB,5541
162,80,949,1992,4537,0,1.4315069999999999,1.7107450000000002,NLD,GAB,5541
224,80,949,1992,14010,0,0.160966,1.154796,TUR,GAB,5541
246,80,949,1992,2816,0,0.236335,1.415622,ZAF,GAB,5541
18,85,949,1992,470056,0,1.449085,1.622957,BEL,GIN,5541
41,85,949,1992,1534,0,2.24952,1.014945,CHE,GIN,5541
43,85,949,1992,39012,0,0.269411,1.920075,CHN,GIN,5541
77,85,949,1992,148346,0,1.682766,1.2713430000000001,FRA,GIN,5541
81,85,949,1992,63837,0,1.8901810000000001,0.9274030000000001,GBR,GIN,5541
103,85,949,1992,50803,0,-0.5250670000000001,0.717568,IDN,GIN,5541
111,85,949,1992,122201,0,1.7819,0.981246,ITA,GIN,5541
162,85,949,1992,42628,0,1.4315069999999999,1.7107450000000002,NLD,GIN,5541
177,85,949,1992,729280,0,0.581166,2.070795,POL,GIN,5541
179,85,949,1992,11157,0,0.47505,0.8402860000000001,PRT,GIN,5541
208,85,949,1992,2409,0,2.2265900000000003,0.999178,SWE,GIN,5541
231,85,949,1992,30258,0,1.660693,1.289752,USA,GIN,5541
8,110,949,1992,0,320164,0.043179,0.553408,ARG,ISR,5541
14,110,949,1992,1217,1560603,0.083812,0.637224,AUS,ISR,5541
15,110,949,1992,0,30559,1.975207,0.669388,AUT,ISR,5541
18,110,949,1992,63216,1045540,1.449085,1.622957,BEL,ISR,5541
23,110,949,1992,0,21188,0.503161,1.871616,BGR,ISR,5541
32,110,949,1992,0,71668,0.685144,1.5676709999999998,BRA,ISR,5541
39,110,949,1992,2185,57554,0.74703,1.096791,CAN,ISR,5541
41,110,949,1992,363214,4730,2.24952,1.014945,CHE,ISR,5541
42,110,949,1992,0,33611,-0.188106,-0.360151,CHL,ISR,5541
49,110,949,1992,0,35728,0.022895,0.22971799999999998,COL,ISR,5541
52,110,949,1992,0,5716,0.11654,0.191873,CRI,ISR,5541
53,110,949,1992,0,5026,1.116966,2.225331,CSK,ISR,5541
58,110,949,1992,1986,1134,0.471516,0.668776,CYP,ISR,5541
61,110,949,1992,569747,516588,2.2968349999999997,-2.581569,DEU,ISR,5541
64,110,949,1992,0,54613,1.696464,1.365743,DNK,ISR,5541
67,110,949,1992,0,1280,-0.815778,-0.9415459999999999,ECU,ISR,5541
71,110,949,1992,163752,1209636,1.301511,1.730441,ESP,ISR,5541
74,110,949,1992,0,1646,1.929661,1.3477,FIN,ISR,5541
77,110,949,1992,513041,181936,1.682766,1.2713430000000001,FRA,ISR,5541
81,110,949,1992,1908444,802698,1.8901810000000001,0.9274030000000001,GBR,ISR,5541
90,110,949,1992,50400,96779,0.139504,0.743678,GRC,ISR,5541
97,110,949,1992,5528,112732,0.754112,1.911201,HKG,ISR,5541
102,110,949,1992,0,124007,0.9144620000000001,2.157041,HUN,ISR,5541
111,110,949,1992,1498463,73549,1.7819,0.981246,ITA,ISR,5541
114,110,949,1992,0,14644,2.451698,0.875639,JPN,ISR,5541
116,110,949,1992,16914,0,-0.31818,-0.096856,KEN,ISR,5541
121,110,949,1992,0,239629,0.778066,1.3011139999999999,KOR,ISR,5541
132,110,949,1992,0,4742,0.184303,0.022494999999999998,LVA,ISR,5541
138,110,949,1992,0,279712,0.9039370000000001,0.965842,MEX,ISR,5541
162,110,949,1992,73454,127427,1.4315069999999999,1.7107450000000002,NLD,ISR,5541
163,110,949,1992,0,68351,0.877965,0.444983,NOR,ISR,5541
166,110,949,1992,0,107504,0.41866000000000003,0.580581,NZL,ISR,5541
174,110,949,1992,0,29361,-0.139761,0.772109,PHL,ISR,5541
177,110,949,1992,0,41666,0.581166,2.070795,POL,ISR,5541
179,110,949,1992,44993,102459,0.47505,0.8402860000000001,PRT,ISR,5541
185,110,949,1992,0,52188,0.838817,1.358629,ROU,ISR,5541
189,110,949,1992,0,62054,0.9474950000000001,2.442268,SCG,ISR,5541
192,110,949,1992,3177,15234,0.95691,0.892702,SGP,ISR,5541
208,110,949,1992,11187,57051,2.2265900000000003,0.999178,SWE,ISR,5541
216,110,949,1992,0,3362,0.109518,1.486578,THA,ISR,5541
224,110,949,1992,15901,221285,0.160966,1.154796,TUR,ISR,5541
230,110,949,1992,0,39453,0.242758,0.711781,URY,ISR,5541
231,110,949,1992,953012,524874,1.660693,1.289752,USA,ISR,5541
236,110,949,1992,0,23179,-0.106385,-0.65975,VEN,ISR,5541
246,110,949,1992,0,87415,0.236335,1.415622,ZAF,ISR,5541
249,110,949,1992,0,261367,1.3694790000000001,1.6227559999999999,TWN,ISR,5541
250,110,949,1992,0,15439,0.989994,0.977453,ANS,ISR,5541
18,125,949,1992,178039,0,1.449085,1.622957,BEL,LBR,5541
43,125,949,1992,42542,0,0.269411,1.920075,CHN,LBR,5541
61,125,949,1992,1000,0,2.2968349999999997,-2.581569,DEU,LBR,5541
77,125,949,1992,15001,0,1.682766,1.2713430000000001,FRA,LBR,5541
81,125,949,1992,141080,0,1.8901810000000001,0.9274030000000001,GBR,LBR,5541
97,125,949,1992,2068,0,0.754112,1.911201,HKG,LBR,5541
103,125,949,1992,699851,0,-0.5250670000000001,0.717568,IDN,LBR,5541
121,125,949,1992,161122,0,0.778066,1.3011139999999999,KOR,LBR,5541
153,125,949,1992,2839,0,0.14268499999999998,0.370079,MYS,LBR,5541
192,125,949,1992,18272,0,0.95691,0.892702,SGP,LBR,5541
224,125,949,1992,122132,0,0.160966,1.154796,TUR,LBR,5541
231,125,949,1992,144844,0,1.660693,1.289752,USA,LBR,5541
71,147,949,1992,2259,0,1.301511,1.730441,ESP,MOZ,5541
74,147,949,1992,137314,0,1.929661,1.3477,FIN,MOZ,5541
103,147,949,1992,96821,0,-0.5250670000000001,0.717568,IDN,MOZ,5541
104,147,949,1992,56226,0,0.101094,1.6851180000000001,IND,MOZ,5541
111,147,949,1992,5035,0,1.7819,0.981246,ITA,MOZ,5541
162,147,949,1992,1480,0,1.4315069999999999,1.7107450000000002,NLD,MOZ,5541
179,147,949,1992,47116,0,0.47505,0.8402860000000001,PRT,MOZ,5541
192,147,949,1992,13939,0,0.95691,0.892702,SGP,MOZ,5541
246,147,949,1992,5771445,0,0.236335,1.415622,ZAF,MOZ,5541
248,147,949,1992,364052,0,-0.11168099999999999,0.143612,ZWE,MOZ,5541
249,147,949,1992,18000,0,1.3694790000000001,1.6227559999999999,TWN,MOZ,5541
68,152,949,1992,84876,0,-0.102143,-0.17513499999999999,EGY,MWI,5541
81,152,949,1992,26157,0,1.8901810000000001,0.9274030000000001,GBR,MWI,5541
153,152,949,1992,408587,0,0.14268499999999998,0.370079,MYS,MWI,5541
246,152,949,1992,62641,0,0.236335,1.415622,ZAF,MWI,5541
248,152,949,1992,330921,0,-0.11168099999999999,0.143612,ZWE,MWI,5541
18,157,949,1992,1307,0,1.449085,1.622957,BEL,NER,5541
77,157,949,1992,22009,0,1.682766,1.2713430000000001,FRA,NER,5541
81,157,949,1992,39499,0,1.8901810000000001,0.9274030000000001,GBR,NER,5541
249,157,949,1992,4000,0,1.3694790000000001,1.6227559999999999,TWN,NER,5541
18,159,949,1992,2018,0,1.449085,1.622957,BEL,NGA,5541
19,159,949,1992,0,126504,-1.206267,-0.855159,BEN,NGA,5541
39,159,949,1992,0,2409,0.74703,1.096791,CAN,NGA,5541
41,159,949,1992,3393,0,2.24952,1.014945,CHE,NGA,5541
43,159,949,1992,169817,0,0.269411,1.920075,CHN,NGA,5541
61,159,949,1992,171281,1781,2.2968349999999997,-2.581569,DEU,NGA,5541
71,159,949,1992,596673,0,1.301511,1.730441,ESP,NGA,5541
77,159,949,1992,3179855,0,1.682766,1.2713430000000001,FRA,NGA,5541
81,159,949,1992,5738208,1312,1.8901810000000001,0.9274030000000001,GBR,NGA,5541
83,159,949,1992,24056,5854,-0.936314,-0.935839,GHA,NGA,5541
97,159,949,1992,296275,0,0.754112,1.911201,HKG,NGA,5541
103,159,949,1992,1675685,0,-0.5250670000000001,0.717568,IDN,NGA,5541
104,159,949,1992,24890,0,0.101094,1.6851180000000001,IND,NGA,5541
106,159,949,1992,6101728,0,1.454172,1.397052,IRL,NGA,5541
111,159,949,1992,63580,0,1.7819,0.981246,ITA,NGA,5541
114,159,949,1992,2701,0,2.451698,0.875639,JPN,NGA,5541
121,159,949,1992,3188483,0,0.778066,1.3011139999999999,KOR,NGA,5541
153,159,949,1992,378481,0,0.14268499999999998,0.370079,MYS,NGA,5541
162,159,949,1992,0,2146,1.4315069999999999,1.7107450000000002,NLD,NGA,5541
192,159,949,1992,291394,0,0.95691,0.892702,SGP,NGA,5541
216,159,949,1992,630344,0,0.109518,1.486578,THA,NGA,5541
224,159,949,1992,367590,0,0.160966,1.154796,TUR,NGA,5541
231,159,949,1992,80822,56881,1.660693,1.289752,USA,NGA,5541
246,159,949,1992,19630,0,0.236335,1.415622,ZAF,NGA,5541
249,159,949,1992,15000,0,1.3694790000000001,1.6227559999999999,TWN,NGA,5541
81,194,949,1992,12752,0,1.8901810000000001,0.9274030000000001,GBR,SHN,5541
246,194,949,1992,42591,0,0.236335,1.415622,ZAF,SHN,5541
81,234,949,1992,5311,0,1.8901810000000001,0.9274030000000001,GBR,VCT,5541
112,234,949,1992,4925,0,-0.200329,-0.595741,JAM,VCT,5541
231,234,949,1992,64718,0,1.660693,1.289752,USA,VCT,5541
236,234,949,1992,25352,0,-0.106385,-0.65975,VEN,VCT,5541
15,109,949,1992,1619,0,1.975207,0.669388,AUT,ISL,5541
18,109,949,1992,2113,0,1.449085,1.622957,BEL,ISL,5541
39,109,949,1992,925,0,0.74703,1.096791,CAN,ISL,5541
41,109,949,1992,1276,0,2.24952,1.014945,CHE,ISL,5541
61,109,949,1992,47368,0,2.2968349999999997,-2.581569,DEU,ISL,5541
64,109,949,1992,164471,0,1.696464,1.365743,DNK,ISL,5541
74,109,949,1992,1870,0,1.929661,1.3477,FIN,ISL,5541
77,109,949,1992,25598,0,1.682766,1.2713430000000001,FRA,ISL,5541
81,109,949,1992,600330,0,1.8901810000000001,0.9274030000000001,GBR,ISL,5541
97,109,949,1992,13345,0,0.754112,1.911201,HKG,ISL,5541
106,109,949,1992,19005,0,1.454172,1.397052,IRL,ISL,5541
111,109,949,1992,15031,0,1.7819,0.981246,ITA,ISL,5541
162,109,949,1992,45007,0,1.4315069999999999,1.7107450000000002,NLD,ISL,5541
163,109,949,1992,13393,0,0.877965,0.444983,NOR,ISL,5541
208,109,949,1992,29261,0,2.2265900000000003,0.999178,SWE,ISL,5541
231,109,949,1992,52922,0,1.660693,1.289752,USA,ISL,5541
249,109,949,1992,1819,0,1.3694790000000001,1.6227559999999999,TWN,ISL,5541
250,109,949,1992,1545,0,0.989994,0.977453,ANS,ISL,5541
43,1,949,1992,25296,0,0.269411,1.920075,CHN,AFG,5541
61,1,949,1992,45010,0,2.2968349999999997,-2.581569,DEU,AFG,5541
77,1,949,1992,408721,25730,1.682766,1.2713430000000001,FRA,AFG,5541
81,1,949,1992,1095689,0,1.8901810000000001,0.9274030000000001,GBR,AFG,5541
97,1,949,1992,304071,0,0.754112,1.911201,HKG,AFG,5541
103,1,949,1992,21666,0,-0.5250670000000001,0.717568,IDN,AFG,5541
104,1,949,1992,14454,0,0.101094,1.6851180000000001,IND,AFG,5541
114,1,949,1992,20405,0,2.451698,0.875639,JPN,AFG,5541
138,1,949,1992,44000,0,0.9039370000000001,0.965842,MEX,AFG,5541
153,1,949,1992,660317,0,0.14268499999999998,0.370079,MYS,AFG,5541
192,1,949,1992,53759,0,0.95691,0.892702,SGP,AFG,5541
224,1,949,1992,190379,0,0.160966,1.154796,TUR,AFG,5541
41,26,949,1992,7167,0,2.24952,1.014945,CHE,BIH,5541
61,26,949,1992,2022,0,2.2968349999999997,-2.581569,DEU,BIH,5541
77,26,949,1992,105734,0,1.682766,1.2713430000000001,FRA,BIH,5541
90,26,949,1992,43617,0,0.139504,0.743678,GRC,BIH,5541
100,26,949,1992,301084,40203,0.877872,1.726188,HRV,BIH,5541
111,26,949,1992,161064,0,1.7819,0.981246,ITA,BIH,5541
207,26,949,1992,26625,0,1.3270629999999999,1.605534,SVN,BIH,5541
208,26,949,1992,11010,0,2.2265900000000003,0.999178,SWE,BIH,5541
14,40,949,1992,1324,0,0.083812,0.637224,AUS,CCK,5541
77,40,949,1992,1889,0,1.682766,1.2713430000000001,FRA,CCK,5541
81,40,949,1992,59686,0,1.8901810000000001,0.9274030000000001,GBR,CCK,5541
75,48,949,1992,3519,0,-0.573887,-0.6382680000000001,FJI,COK,5541
166,48,949,1992,149671,8091,0.41866000000000003,0.580581,NZL,COK,5541
81,57,949,1992,1689,0,1.8901810000000001,0.9274030000000001,GBR,CYM,5541
112,57,949,1992,0,44939,-0.200329,-0.595741,JAM,CYM,5541
231,57,949,1992,23963,0,1.660693,1.289752,USA,CYM,5541
14,75,949,1992,116639,50344,0.083812,0.637224,AUS,FJI,5541
39,75,949,1992,0,4540,0.74703,1.096791,CAN,FJI,5541
48,75,949,1992,0,3519,0.113505,-0.49361400000000005,COK,FJI,5541
77,75,949,1992,3169,0,1.682766,1.2713430000000001,FRA,FJI,5541
81,75,949,1992,1108,3713,1.8901810000000001,0.9274030000000001,GBR,FJI,5541
97,75,949,1992,3060,0,0.754112,1.911201,HKG,FJI,5541
103,75,949,1992,269326,0,-0.5250670000000001,0.717568,IDN,FJI,5541
119,75,949,1992,0,12770,-0.047671,-0.740088,KIR,FJI,5541
121,75,949,1992,23694,1299,0.778066,1.3011139999999999,KOR,FJI,5541
153,75,949,1992,48022,0,0.14268499999999998,0.370079,MYS,FJI,5541
165,75,949,1992,0,5478,0.612259,-0.618256,NRU,FJI,5541
166,75,949,1992,32792,39087,0.41866000000000003,0.580581,NZL,FJI,5541
176,75,949,1992,0,27359,-1.602221,-1.058247,PNG,FJI,5541
182,75,949,1992,0,10112,0.217401,-0.5575180000000001,PYF,FJI,5541
192,75,949,1992,14024,0,0.95691,0.892702,SGP,FJI,5541
195,75,949,1992,0,61582,-1.491786,-0.9599799999999999,SLB,FJI,5541
221,75,949,1992,0,60202,-0.787605,-0.880726,TON,FJI,5541
225,75,949,1992,0,15884,2.621188,-0.698317,TUV,FJI,5541
231,75,949,1992,9707,3391,1.660693,1.289752,USA,FJI,5541
240,75,949,1992,0,26095,-1.226071,-0.93215,VUT,FJI,5541
242,75,949,1992,0,364364,-0.130773,-0.751247,WSM,FJI,5541
250,75,949,1992,2859,110582,0.989994,0.977453,ANS,FJI,5541
81,76,949,1992,1247,0,1.8901810000000001,0.9274030000000001,GBR,FLK,5541
41,78,949,1992,69,0,2.24952,1.014945,CHE,FRO,5541
61,78,949,1992,4962,0,2.2968349999999997,-2.581569,DEU,FRO,5541
64,78,949,1992,175640,2187,1.696464,1.365743,DNK,FRO,5541
74,78,949,1992,492,0,1.929661,1.3477,FIN,FRO,5541
81,78,949,1992,13900,0,1.8901810000000001,0.9274030000000001,GBR,FRO,5541
162,78,949,1992,8926,0,1.4315069999999999,1.7107450000000002,NLD,FRO,5541
163,78,949,1992,1701,0,0.877965,0.444983,NOR,FRO,5541
208,78,949,1992,3932,0,2.2265900000000003,0.999178,SWE,FRO,5541
231,78,949,1992,1390,0,1.660693,1.289752,USA,FRO,5541
250,78,949,1992,2029,0,0.989994,0.977453,ANS,FRO,5541
14,79,949,1992,16838,0,0.083812,0.637224,AUS,FSM,5541
231,79,949,1992,24065,0,1.660693,1.289752,USA,FSM,5541
64,92,949,1992,433777,0,1.696464,1.365743,DNK,GRL,5541
77,92,949,1992,3847,0,1.682766,1.2713430000000001,FRA,GRL,5541
81,92,949,1992,2481,0,1.8901810000000001,0.9274030000000001,GBR,GRL,5541
111,92,949,1992,1273,0,1.7819,0.981246,ITA,GRL,5541
61,101,949,1992,19005,0,2.2968349999999997,-2.581569,DEU,HTI,5541
77,101,949,1992,6236,0,1.682766,1.2713430000000001,FRA,HTI,5541
81,101,949,1992,173239,0,1.8901810000000001,0.9274030000000001,GBR,HTI,5541
138,101,949,1992,127000,0,0.9039370000000001,0.965842,MEX,HTI,5541
231,101,949,1992,48346,0,1.660693,1.289752,USA,HTI,5541
236,101,949,1992,1697,0,-0.106385,-0.65975,VEN,HTI,5541
43,118,949,1992,20523,0,0.269411,1.920075,CHN,KHM,5541
97,118,949,1992,25972,0,0.754112,1.911201,HKG,KHM,5541
114,118,949,1992,23142,0,2.451698,0.875639,JPN,KHM,5541
143,118,949,1992,0,3475,-1.030267,-0.770368,MMR,KHM,5541
153,118,949,1992,53265,0,0.14268499999999998,0.370079,MYS,KHM,5541
192,118,949,1992,159876,0,0.95691,0.892702,SGP,KHM,5541
216,118,949,1992,174741,0,0.109518,1.486578,THA,KHM,5541
14,119,949,1992,71816,0,0.083812,0.637224,AUS,KIR,5541
43,119,949,1992,58802,0,0.269411,1.920075,CHN,KIR,5541
75,119,949,1992,12770,0,-0.573887,-0.6382680000000001,FJI,KIR,5541
97,119,949,1992,4842,0,0.754112,1.911201,HKG,KIR,5541
166,119,949,1992,2805,0,0.41866000000000003,0.580581,NZL,KIR,5541
192,119,949,1992,12591,0,0.95691,0.892702,SGP,KIR,5541
231,119,949,1992,1431,0,1.660693,1.289752,USA,KIR,5541
249,119,949,1992,7409,0,1.3694790000000001,1.6227559999999999,TWN,KIR,5541
103,123,949,1992,57455,0,-0.5250670000000001,0.717568,IDN,LAO,5541
216,123,949,1992,298421,0,0.109518,1.486578,THA,LAO,5541
23,132,949,1992,0,24825,0.503161,1.871616,BGR,LVA,5541
61,132,949,1992,25262,0,2.2968349999999997,-2.581569,DEU,LVA,5541
71,132,949,1992,2503,0,1.301511,1.730441,ESP,LVA,5541
74,132,949,1992,4855,0,1.929661,1.3477,FIN,LVA,5541
81,132,949,1992,26149,0,1.8901810000000001,0.9274030000000001,GBR,LVA,5541
110,132,949,1992,4742,0,1.354362,1.3260530000000001,ISR,LVA,5541
130,132,949,1992,51963,0,0.7271810000000001,0.482357,LTU,LVA,5541
177,132,949,1992,16879,0,0.581166,2.070795,POL,LVA,5541
208,132,949,1992,2922,0,2.2265900000000003,0.999178,SWE,LVA,5541
231,132,949,1992,9724,0,1.660693,1.289752,USA,LVA,5541
14,137,949,1992,2753,0,0.083812,0.637224,AUS,MDV,5541
61,137,949,1992,41030,0,2.2968349999999997,-2.581569,DEU,MDV,5541
81,137,949,1992,10601,0,1.8901810000000001,0.9274030000000001,GBR,MDV,5541
128,137,949,1992,19560,0,-0.45780600000000005,-0.221948,LKA,MDV,5541
153,137,949,1992,270200,0,0.14268499999999998,0.370079,MYS,MDV,5541
192,137,949,1992,316343,0,0.95691,0.892702,SGP,MDV,5541
208,137,949,1992,3304,0,2.2265900000000003,0.999178,SWE,MDV,5541
216,137,949,1992,8140,0,0.109518,1.486578,THA,MDV,5541
14,139,949,1992,1097,0,0.083812,0.637224,AUS,MHL,5541
231,139,949,1992,31888,0,1.660693,1.289752,USA,MHL,5541
114,146,949,1992,6712,0,2.451698,0.875639,JPN,MNP,5541
61,148,949,1992,47169,0,2.2968349999999997,-2.581569,DEU,MRT,5541
71,148,949,1992,212757,0,1.301511,1.730441,ESP,MRT,5541
77,148,949,1992,89760,0,1.682766,1.2713430000000001,FRA,MRT,5541
81,148,949,1992,110101,0,1.8901810000000001,0.9274030000000001,GBR,MRT,5541
103,148,949,1992,80046,0,-0.5250670000000001,0.717568,IDN,MRT,5541
134,148,949,1992,24883,0,-0.339711,-0.265987,MAR,MRT,5541
14,156,949,1992,28827,0,0.083812,0.637224,AUS,NCL,5541
77,156,949,1992,852355,0,1.682766,1.2713430000000001,FRA,NCL,5541
81,156,949,1992,4895,0,1.8901810000000001,0.9274030000000001,GBR,NCL,5541
97,156,949,1992,1679,0,0.754112,1.911201,HKG,NCL,5541
111,156,949,1992,9461,0,1.7819,0.981246,ITA,NCL,5541
166,156,949,1992,3172,0,0.41866000000000003,0.580581,NZL,NCL,5541
192,156,949,1992,2311,0,0.95691,0.892702,SGP,NCL,5541
14,158,949,1992,2288,0,0.083812,0.637224,AUS,NFK,5541
166,158,949,1992,6709,0,0.41866000000000003,0.580581,NZL,NFK,5541
14,165,949,1992,45399,0,0.083812,0.637224,AUS,NRU,5541
75,165,949,1992,5478,0,-0.573887,-0.6382680000000001,FJI,NRU,5541
81,175,949,1992,9962,0,1.8901810000000001,0.9274030000000001,GBR,PLW,5541
174,175,949,1992,10664,0,-0.139761,0.772109,PHL,PLW,5541
14,176,949,1992,1055928,0,0.083812,0.637224,AUS,PNG,5541
43,176,949,1992,627524,0,0.269411,1.920075,CHN,PNG,5541
75,176,949,1992,27359,0,-0.573887,-0.6382680000000001,FJI,PNG,5541
97,176,949,1992,436530,0,0.754112,1.911201,HKG,PNG,5541
103,176,949,1992,716153,0,-0.5250670000000001,0.717568,IDN,PNG,5541
153,176,949,1992,661441,0,0.14268499999999998,0.370079,MYS,PNG,5541
166,176,949,1992,114821,0,0.41866000000000003,0.580581,NZL,PNG,5541
174,176,949,1992,139726,0,-0.139761,0.772109,PHL,PNG,5541
192,176,949,1992,45424,0,0.95691,0.892702,SGP,PNG,5541
216,176,949,1992,3911,0,0.109518,1.486578,THA,PNG,5541
231,176,949,1992,53410,0,1.660693,1.289752,USA,PNG,5541
43,178,949,1992,4283900,0,0.269411,1.920075,CHN,PRK,5541
61,178,949,1992,24389,0,2.2968349999999997,-2.581569,DEU,PRK,5541
62,178,949,1992,0,77467,0.708593,1.196323,DJI,PRK,5541
97,178,949,1992,13179,0,0.754112,1.911201,HKG,PRK,5541
103,178,949,1992,1920270,0,-0.5250670000000001,0.717568,IDN,PRK,5541
114,178,949,1992,20693,38403,2.451698,0.875639,JPN,PRK,5541
192,178,949,1992,2502,0,0.95691,0.892702,SGP,PRK,5541
14,182,949,1992,1309,0,0.083812,0.637224,AUS,PYF,5541
61,182,949,1992,1000,0,2.2968349999999997,-2.581569,DEU,PYF,5541
75,182,949,1992,10112,0,-0.573887,-0.6382680000000001,FJI,PYF,5541
77,182,949,1992,1091811,9566,1.682766,1.2713430000000001,FRA,PYF,5541
111,182,949,1992,0,1054,1.7819,0.981246,ITA,PYF,5541
231,182,949,1992,4996,0,1.660693,1.289752,USA,PYF,5541
14,195,949,1992,82767,0,0.083812,0.637224,AUS,SLB,5541
75,195,949,1992,61582,0,-0.573887,-0.6382680000000001,FJI,SLB,5541
97,195,949,1992,14359,0,0.754112,1.911201,HKG,SLB,5541
114,195,949,1992,3933,0,2.451698,0.875639,JPN,SLB,5541
166,195,949,1992,2042,0,0.41866000000000003,0.580581,NZL,SLB,5541
192,195,949,1992,63341,0,0.95691,0.892702,SGP,SLB,5541
18,196,949,1992,258790,0,1.449085,1.622957,BEL,SLE,5541
43,196,949,1992,58839,0,0.269411,1.920075,CHN,SLE,5541
61,196,949,1992,1023,0,2.2968349999999997,-2.581569,DEU,SLE,5541
77,196,949,1992,12292,0,1.682766,1.2713430000000001,FRA,SLE,5541
81,196,949,1992,84396,0,1.8901810000000001,0.9274030000000001,GBR,SLE,5541
103,196,949,1992,263772,0,-0.5250670000000001,0.717568,IDN,SLE,5541
104,196,949,1992,9662,0,0.101094,1.6851180000000001,IND,SLE,5541
111,196,949,1992,11192,0,1.7819,0.981246,ITA,SLE,5541
121,196,949,1992,18393,0,0.778066,1.3011139999999999,KOR,SLE,5541
177,196,949,1992,0,15055,0.581166,2.070795,POL,SLE,5541
231,196,949,1992,3300,0,1.660693,1.289752,USA,SLE,5541
18,215,949,1992,29771,0,1.449085,1.622957,BEL,TGO,5541
43,215,949,1992,49503,0,0.269411,1.920075,CHN,TGO,5541
61,215,949,1992,46013,0,2.2968349999999997,-2.581569,DEU,TGO,5541
64,215,949,1992,1325,0,1.696464,1.365743,DNK,TGO,5541
77,215,949,1992,824892,0,1.682766,1.2713430000000001,FRA,TGO,5541
81,215,949,1992,51837,0,1.8901810000000001,0.9274030000000001,GBR,TGO,5541
83,215,949,1992,760110,15140,-0.936314,-0.935839,GHA,TGO,5541
103,215,949,1992,44205,0,-0.5250670000000001,0.717568,IDN,TGO,5541
106,215,949,1992,51851,0,1.454172,1.397052,IRL,TGO,5541
111,215,949,1992,99169,0,1.7819,0.981246,ITA,TGO,5541
121,215,949,1992,362547,0,0.778066,1.3011139999999999,KOR,TGO,5541
177,215,949,1992,28181,0,0.581166,2.070795,POL,TGO,5541
14,221,949,1992,2125,0,0.083812,0.637224,AUS,TON,5541
75,221,949,1992,60202,0,-0.573887,-0.6382680000000001,FJI,TON,5541
166,221,949,1992,88948,0,0.41866000000000003,0.580581,NZL,TON,5541
14,225,949,1992,21242,0,0.083812,0.637224,AUS,TUV,5541
75,225,949,1992,15884,0,-0.573887,-0.6382680000000001,FJI,TUV,5541
43,227,949,1992,4776,0,0.269411,1.920075,CHN,UGA,5541
61,227,949,1992,27050,0,2.2968349999999997,-2.581569,DEU,UGA,5541
81,227,949,1992,45658,0,1.8901810000000001,0.9274030000000001,GBR,UGA,5541
103,227,949,1992,11270,0,-0.5250670000000001,0.717568,IDN,UGA,5541
111,227,949,1992,17961,0,1.7819,0.981246,ITA,UGA,5541
116,227,949,1992,322292,0,-0.31818,-0.096856,KEN,UGA,5541
15,228,949,1992,5167,0,1.975207,0.669388,AUT,UKR,5541
23,228,949,1992,0,10674,0.503161,1.871616,BGR,UKR,5541
43,228,949,1992,208573,0,0.269411,1.920075,CHN,UKR,5541
61,228,949,1992,54789,0,2.2968349999999997,-2.581569,DEU,UKR,5541
64,228,949,1992,6512,0,1.696464,1.365743,DNK,UKR,5541
71,228,949,1992,12978,0,1.301511,1.730441,ESP,UKR,5541
130,228,949,1992,109872,3526,0.7271810000000001,0.482357,LTU,UKR,5541
162,228,949,1992,19799,0,1.4315069999999999,1.7107450000000002,NLD,UKR,5541
177,228,949,1992,34397,0,0.581166,2.070795,POL,UKR,5541
14,240,949,1992,48499,0,0.083812,0.637224,AUS,VUT,5541
43,240,949,1992,111465,0,0.269411,1.920075,CHN,VUT,5541
75,240,949,1992,26095,0,-0.573887,-0.6382680000000001,FJI,VUT,5541
77,240,949,1992,2456,0,1.682766,1.2713430000000001,FRA,VUT,5541
97,240,949,1992,49730,0,0.754112,1.911201,HKG,VUT,5541
166,240,949,1992,5945,0,0.41866000000000003,0.580581,NZL,VUT,5541
77,241,949,1992,26453,0,1.682766,1.2713430000000001,FRA,WLF,5541
166,241,949,1992,1099,0,0.41866000000000003,0.580581,NZL,WLF,5541
14,242,949,1992,22138,0,0.083812,0.637224,AUS,WSM,5541
43,242,949,1992,25849,0,0.269411,1.920075,CHN,WSM,5541
75,242,949,1992,364364,0,-0.573887,-0.6382680000000001,FJI,WSM,5541
166,242,949,1992,75752,7997,0.41866000000000003,0.580581,NZL,WSM,5541
77,16,949,1992,9259,0,1.682766,1.2713430000000001,FRA,AZE,5541
130,16,949,1992,61851,0,0.7271810000000001,0.482357,LTU,AZE,5541
224,16,949,1992,16765,0,0.160966,1.154796,TUR,AZE,5541
81,17,949,1992,6509,0,1.8901810000000001,0.9274030000000001,GBR,BDI,5541
104,17,949,1992,26364,0,0.101094,1.6851180000000001,IND,BDI,5541
111,17,949,1992,31369,0,1.7819,0.981246,ITA,BDI,5541
116,17,949,1992,201638,0,-0.31818,-0.096856,KEN,BDI,5541
18,21,949,1992,1591,0,1.449085,1.622957,BEL,BFA,5541
77,21,949,1992,239481,34957,1.682766,1.2713430000000001,FRA,BFA,5541
97,21,949,1992,31269,0,0.754112,1.911201,HKG,BFA,5541
111,21,949,1992,23555,0,1.7819,0.981246,ITA,BFA,5541
61,28,949,1992,52636,0,2.2968349999999997,-2.581569,DEU,BLR,5541
71,28,949,1992,0,81295,1.301511,1.730441,ESP,BLR,5541
111,28,949,1992,5097,0,1.7819,0.981246,ITA,BLR,5541
130,28,949,1992,178121,0,0.7271810000000001,0.482357,LTU,BLR,5541
162,28,949,1992,38498,0,1.4315069999999999,1.7107450000000002,NLD,BLR,5541
224,28,949,1992,2791,0,0.160966,1.154796,TUR,BLR,5541
29,63,949,1992,0,56744,-0.06729700000000001,-0.386682,BLZ,DMA,5541
33,63,949,1992,0,845940,0.9121950000000001,0.413592,BRB,DMA,5541
81,63,949,1992,3589,1372,1.8901810000000001,0.9274030000000001,GBR,DMA,5541
86,63,949,1992,0,35466,0.68221,-0.319682,GLP,DMA,5541
96,63,949,1992,0,1008466,-0.6447689999999999,-0.808177,GUY,DMA,5541
106,63,949,1992,0,2031,1.454172,1.397052,IRL,DMA,5541
112,63,949,1992,1886,5945970,-0.200329,-0.595741,JAM,DMA,5541
127,63,949,1992,0,799904,0.199639,-0.28238,LCA,DMA,5541
150,63,949,1992,0,2350,0.70167,-0.075327,MTQ,DMA,5541
153,63,949,1992,65270,0,0.14268499999999998,0.370079,MYS,DMA,5541
222,63,949,1992,87139,1237366,0.43506000000000006,-0.43233599999999994,TTO,DMA,5541
231,63,949,1992,45085,977924,1.660693,1.289752,USA,DMA,5541
15,82,949,1992,2762,0,1.975207,0.669388,AUT,GEO,5541
61,82,949,1992,1015,0,2.2968349999999997,-2.581569,DEU,GEO,5541
130,82,949,1992,85875,0,0.7271810000000001,0.482357,LTU,GEO,5541
224,82,949,1992,22560,0,0.160966,1.154796,TUR,GEO,5541
61,84,949,1992,5001,0,2.2968349999999997,-2.581569,DEU,GIB,5541
71,84,949,1992,40981,0,1.301511,1.730441,ESP,GIB,5541
77,84,949,1992,36265,0,1.682766,1.2713430000000001,FRA,GIB,5541
81,84,949,1992,217208,0,1.8901810000000001,0.9274030000000001,GBR,GIB,5541
104,84,949,1992,22470,0,0.101094,1.6851180000000001,IND,GIB,5541
179,84,949,1992,5276,0,0.47505,0.8402860000000001,PRT,GIB,5541
18,87,949,1992,2178,0,1.449085,1.622957,BEL,GMB,5541
61,87,949,1992,1000,0,2.2968349999999997,-2.581569,DEU,GMB,5541
77,87,949,1992,250580,0,1.682766,1.2713430000000001,FRA,GMB,5541
81,87,949,1992,170192,9593,1.8901810000000001,0.9274030000000001,GBR,GMB,5541
104,87,949,1992,36242,0,0.101094,1.6851180000000001,IND,GMB,5541
18,94,949,1992,1729,0,1.449085,1.622957,BEL,GUF,5541
32,94,949,1992,22210,0,0.685144,1.5676709999999998,BRA,GUF,5541
43,94,949,1992,21520,0,0.269411,1.920075,CHN,GUF,5541
61,94,949,1992,2918,0,2.2968349999999997,-2.581569,DEU,GUF,5541
77,94,949,1992,819986,0,1.682766,1.2713430000000001,FRA,GUF,5541
81,94,949,1992,41752,0,1.8901810000000001,0.9274030000000001,GBR,GUF,5541
150,94,949,1992,2870,0,0.70167,-0.075327,MTQ,GUF,5541
162,94,949,1992,16380,0,1.4315069999999999,1.7107450000000002,NLD,GUF,5541
205,94,949,1992,0,77144,-0.9841209999999999,-0.9359129999999999,SUR,GUF,5541
231,94,949,1992,36949,0,1.660693,1.289752,USA,GUF,5541
236,94,949,1992,1129,0,-0.106385,-0.65975,VEN,GUF,5541
250,94,949,1992,25828,0,0.989994,0.977453,ANS,GUF,5541
43,115,949,1992,127548,0,0.269411,1.920075,CHN,KAZ,5541
130,115,949,1992,219712,0,0.7271810000000001,0.482357,LTU,KAZ,5541
208,115,949,1992,2922,0,2.2265900000000003,0.999178,SWE,KAZ,5541
224,115,949,1992,452578,0,0.160966,1.154796,TUR,KAZ,5541
130,135,949,1992,568333,0,0.7271810000000001,0.482357,LTU,MDA,5541
185,135,949,1992,16451,0,0.838817,1.358629,ROU,MDA,5541
18,141,949,1992,10951,0,1.449085,1.622957,BEL,MLI,5541
77,141,949,1992,479074,0,1.682766,1.2713430000000001,FRA,MLI,5541
81,141,949,1992,36844,0,1.8901810000000001,0.9274030000000001,GBR,MLI,5541
97,141,949,1992,6332,0,0.754112,1.911201,HKG,MLI,5541
104,141,949,1992,2313,0,0.101094,1.6851180000000001,IND,MLI,5541
43,145,949,1992,585987,0,0.269411,1.920075,CHN,MNG,5541
114,145,949,1992,18376,0,2.451698,0.875639,JPN,MNG,5541
18,187,949,1992,2585,0,1.449085,1.622957,BEL,RWA,5541
61,187,949,1992,4004,0,2.2968349999999997,-2.581569,DEU,RWA,5541
111,187,949,1992,2997,0,1.7819,0.981246,ITA,RWA,5541
116,187,949,1992,5833,0,-0.31818,-0.096856,KEN,RWA,5541
111,203,949,1992,1481,0,1.7819,0.981246,ITA,STP,5541
179,203,949,1992,377705,0,0.47505,0.8402860000000001,PRT,STP,5541
246,203,949,1992,28800,0,0.236335,1.415622,ZAF,STP,5541
77,214,949,1992,3218,0,1.682766,1.2713430000000001,FRA,TCD,5541
162,217,949,1992,10974,0,1.4315069999999999,1.7107450000000002,NLD,TJK,5541
130,219,949,1992,13921,0,0.7271810000000001,0.482357,LTU,TKM,5541
130,232,949,1992,61946,0,0.7271810000000001,0.482357,LTU,UZB,5541
224,232,949,1992,3500,0,0.160966,1.154796,TUR,UZB,5541
43,0,949,1992,5662,0,0.269411,1.920075,CHN,ABW,5541
61,0,949,1992,3000,0,2.2968349999999997,-2.581569,DEU,ABW,5541
77,0,949,1992,6993,0,1.682766,1.2713430000000001,FRA,ABW,5541
81,0,949,1992,8819,0,1.8901810000000001,0.9274030000000001,GBR,ABW,5541
97,0,949,1992,18483,0,0.754112,1.911201,HKG,ABW,5541
162,0,949,1992,49265,0,1.4315069999999999,1.7107450000000002,NLD,ABW,5541
231,0,949,1992,304149,0,1.660693,1.289752,USA,ABW,5541
61,5,949,1992,130009,0,2.2968349999999997,-2.581569,DEU,AND,5541
71,5,949,1992,466242,0,1.301511,1.730441,ESP,AND,5541
77,5,949,1992,60320,0,1.682766,1.2713430000000001,FRA,AND,5541
162,5,949,1992,36237,0,1.4315069999999999,1.7107450000000002,NLD,AND,5541
77,38,949,1992,96758,0,1.682766,1.2713430000000001,FRA,CAF,5541
111,38,949,1992,4669,0,1.7819,0.981246,ITA,CAF,5541
179,38,949,1992,13577,0,0.47505,0.8402860000000001,PRT,CAF,5541
77,50,949,1992,1022830,0,1.682766,1.2713430000000001,FRA,COM,5541
81,50,949,1992,544034,0,1.8901810000000001,0.9274030000000001,GBR,COM,5541
116,50,949,1992,2651,0,-0.31818,-0.096856,KEN,COM,5541
151,50,949,1992,94794,0,-0.249558,-0.643201,MUS,COM,5541
184,50,949,1992,5968,0,0.251216,-0.448812,REU,COM,5541
192,50,949,1992,4741,0,0.95691,0.892702,SGP,COM,5541
246,50,949,1992,78625,0,0.236335,1.415622,ZAF,COM,5541
18,88,949,1992,160482,0,1.449085,1.622957,BEL,GNB,5541
81,88,949,1992,2083,0,1.8901810000000001,0.9274030000000001,GBR,GNB,5541
103,88,949,1992,53927,0,-0.5250670000000001,0.717568,IDN,GNB,5541
111,88,949,1992,5773,0,1.7819,0.981246,ITA,GNB,5541
179,88,949,1992,1614160,0,0.47505,0.8402860000000001,PRT,GNB,5541
185,88,949,1992,133000,0,0.838817,1.358629,ROU,GNB,5541
191,88,949,1992,44181,0,-0.43371800000000005,-0.679547,SEN,GNB,5541
18,89,949,1992,78155,0,1.449085,1.622957,BEL,GNQ,5541
71,89,949,1992,60891,0,1.301511,1.730441,ESP,GNQ,5541
112,91,949,1992,3858,0,-0.200329,-0.595741,JAM,GRD,5541
127,91,949,1992,0,19599,0.199639,-0.28238,LCA,GRD,5541
222,91,949,1992,130924,0,0.43506000000000006,-0.43233599999999994,TTO,GRD,5541
231,91,949,1992,6972,0,1.660693,1.289752,USA,GRD,5541
236,91,949,1992,1587,0,-0.106385,-0.65975,VEN,GRD,5541
81,108,949,1992,3240,0,1.8901810000000001,0.9274030000000001,GBR,IRQ,5541
162,108,949,1992,0,66408,1.4315069999999999,1.7107450000000002,NLD,IRQ,5541
224,108,949,1992,16739386,0,0.160966,1.154796,TUR,IRQ,5541
77,200,949,1992,8887,0,1.682766,1.2713430000000001,FRA,SPM,5541
65,213,949,1992,1000,0,-0.338979,-0.5049279999999999,DOM,TCA,5541
138,213,949,1992,79000,0,0.9039370000000001,0.965842,MEX,TCA,5541
231,213,949,1992,32794,0,1.660693,1.289752,USA,TCA,5541
81,237,949,1992,22017,0,1.8901810000000001,0.9274030000000001,GBR,VGB,5541
231,237,949,1992,2600,0,1.660693,1.289752,USA,VGB,5541
236,237,949,1992,21946,0,-0.106385,-0.65975,VEN,VGB,5541
43,117,949,1992,1388,0,0.269411,1.920075,CHN,KGZ,5541
130,117,949,1992,180776,0,0.7271810000000001,0.482357,LTU,KGZ,5541
77,3,949,1992,3968,0,1.682766,1.2713430000000001,FRA,AIA,5541
81,3,949,1992,6120,0,1.8901810000000001,0.9274030000000001,GBR,AIA,5541
222,3,949,1992,2216,0,0.43506000000000006,-0.43233599999999994,TTO,AIA,5541
236,3,949,1992,394302,0,-0.106385,-0.65975,VEN,AIA,5541
77,120,949,1992,3212,0,1.682766,1.2713430000000001,FRA,KNA,5541
81,120,949,1992,18587,0,1.8901810000000001,0.9274030000000001,GBR,KNA,5541
112,120,949,1992,4365,0,-0.200329,-0.595741,JAM,KNA,5541
222,120,949,1992,39631,0,0.43506000000000006,-0.43233599999999994,TTO,KNA,5541
231,120,949,1992,53070,14327,1.660693,1.289752,USA,KNA,5541
236,120,949,1992,13430,0,-0.106385,-0.65975,VEN,KNA,5541
81,149,949,1992,3596,0,1.8901810000000001,0.9274030000000001,GBR,MSR,5541
112,149,949,1992,1489,0,-0.200329,-0.595741,JAM,MSR,5541
222,149,949,1992,9159,0,0.43506000000000006,-0.43233599999999994,TTO,MSR,5541
231,149,949,1992,3312,0,1.660693,1.289752,USA,MSR,5541
166,161,949,1992,51455,0,0.41866000000000003,0.580581,NZL,NIU,5541
103,220,949,1992,24990,0,-0.5250670000000001,0.717568,IDN,TLS,5541
2,18,951,1992,0,12802,-1.90642,-1.061544,AGO,BEL,5543
7,18,951,1992,0,34405,-0.495518,-0.963358,ARE,BEL,5543
8,18,951,1992,0,19255,0.043179,0.553408,ARG,BEL,5543
14,18,951,1992,0,84855,0.083812,0.637224,AUS,BEL,5543
15,18,951,1992,6894,710439,1.975207,0.669388,AUT,BEL,5543
21,18,951,1992,0,1029,-1.176898,-1.092949,BFA,BEL,5543
39,18,951,1992,131995,204490,0.74703,1.096791,CAN,BEL,5543
41,18,951,1992,237485,282082,2.24952,1.014945,CHE,BEL,5543
42,18,951,1992,0,1430,-0.188106,-0.360151,CHL,BEL,5543
43,18,951,1992,0,9774,0.269411,1.920075,CHN,BEL,5543
44,18,951,1992,0,26534,-1.689731,-1.070179,CIV,BEL,5543
45,18,951,1992,0,3720,-2.0470759999999997,-1.184491,CMR,BEL,5543
46,18,951,1992,0,12862,-1.55348,-1.100071,COD,BEL,5543
47,18,951,1992,0,4235,-2.019876,-1.1048360000000002,COG,BEL,5543
53,18,951,1992,0,5297,1.116966,2.225331,CSK,BEL,5543
58,18,951,1992,0,2631,0.471516,0.668776,CYP,BEL,5543
61,18,951,1992,10470196,4038343,2.2968349999999997,-2.581569,DEU,BEL,5543
62,18,951,1992,0,15379,0.708593,1.196323,DJI,BEL,5543
64,18,951,1992,77818,119560,1.696464,1.365743,DNK,BEL,5543
66,18,951,1992,0,2481,-0.24189699999999997,-0.9399219999999999,DZA,BEL,5543
71,18,951,1992,215356,617942,1.301511,1.730441,ESP,BEL,5543
74,18,951,1992,0,30509,1.929661,1.3477,FIN,BEL,5543
77,18,951,1992,2466415,6720147,1.682766,1.2713430000000001,FRA,BEL,5543
81,18,951,1992,863853,781679,1.8901810000000001,0.9274030000000001,GBR,BEL,5543
84,18,951,1992,0,3549,1.356823,0.656416,GIB,BEL,5543
85,18,951,1992,0,1463,-1.11535,-1.0306,GIN,BEL,5543
86,18,951,1992,0,46634,0.68221,-0.319682,GLP,BEL,5543
90,18,951,1992,0,78985,0.139504,0.743678,GRC,BEL,5543
97,18,951,1992,8947,0,0.754112,1.911201,HKG,BEL,5543
100,18,951,1992,0,1918,0.877872,1.726188,HRV,BEL,5543
102,18,951,1992,7145,74698,0.9144620000000001,2.157041,HUN,BEL,5543
104,18,951,1992,3268,8608,0.101094,1.6851180000000001,IND,BEL,5543
106,18,951,1992,72358,2185,1.454172,1.397052,IRL,BEL,5543
109,18,951,1992,0,16615,-0.076691,-0.630567,ISL,BEL,5543
110,18,951,1992,0,22256,1.354362,1.3260530000000001,ISR,BEL,5543
111,18,951,1992,128154,471977,1.7819,0.981246,ITA,BEL,5543
113,18,951,1992,0,36844,0.716964,0.5323760000000001,JOR,BEL,5543
114,18,951,1992,19036,7221,2.451698,0.875639,JPN,BEL,5543
124,18,951,1992,0,28769,0.186135,0.800906,LBN,BEL,5543
128,18,951,1992,0,6060,-0.45780600000000005,-0.221948,LKA,BEL,5543
134,18,951,1992,0,4068,-0.339711,-0.265987,MAR,BEL,5543
136,18,951,1992,0,1280,-0.977873,-0.743187,MDG,BEL,5543
138,18,951,1992,0,8704,0.9039370000000001,0.965842,MEX,BEL,5543
141,18,951,1992,0,1032,-0.9495790000000001,-1.028165,MLI,BEL,5543
142,18,951,1992,0,12081,0.828211,0.29226599999999997,MLT,BEL,5543
150,18,951,1992,0,9673,0.70167,-0.075327,MTQ,BEL,5543
151,18,951,1992,0,1854,-0.249558,-0.643201,MUS,BEL,5543
153,18,951,1992,0,4689,0.14268499999999998,0.370079,MYS,BEL,5543
156,18,951,1992,0,1969,-1.284672,-0.9233870000000001,NCL,BEL,5543
159,18,951,1992,0,1355,-2.275923,-1.178983,NGA,BEL,5543
162,18,951,1992,13873498,7274768,1.4315069999999999,1.7107450000000002,NLD,BEL,5543
163,18,951,1992,0,91823,0.877965,0.444983,NOR,BEL,5543
166,18,951,1992,0,5050,0.41866000000000003,0.580581,NZL,BEL,5543
167,18,951,1992,0,3548,-0.906702,-1.0716709999999998,OMN,BEL,5543
168,18,951,1992,0,2241,-0.480152,-0.361705,PAK,BEL,5543
177,18,951,1992,1886,80826,0.581166,2.070795,POL,BEL,5543
179,18,951,1992,0,64005,0.47505,0.8402860000000001,PRT,BEL,5543
185,18,951,1992,0,1849,0.838817,1.358629,ROU,BEL,5543
187,18,951,1992,0,7008,-0.890012,-0.888402,RWA,BEL,5543
188,18,951,1992,0,173572,0.416315,-0.7342489999999999,SAU,BEL,5543
189,18,951,1992,0,16846,0.9474950000000001,2.442268,SCG,BEL,5543
191,18,951,1992,0,11731,-0.43371800000000005,-0.679547,SEN,BEL,5543
192,18,951,1992,0,22544,0.95691,0.892702,SGP,BEL,5543
207,18,951,1992,0,152000,1.3270629999999999,1.605534,SVN,BEL,5543
208,18,951,1992,73295,44890,2.2265900000000003,0.999178,SWE,BEL,5543
212,18,951,1992,0,31638,-0.566724,-0.602446,SYR,BEL,5543
216,18,951,1992,0,9831,0.109518,1.486578,THA,BEL,5543
224,18,951,1992,0,14687,0.160966,1.154796,TUR,BEL,5543
231,18,951,1992,522517,41329,1.660693,1.289752,USA,BEL,5543
249,18,951,1992,5139,3649,1.3694790000000001,1.6227559999999999,TWN,BEL,5543
250,18,951,1992,0,10788,0.989994,0.977453,ANS,BEL,5543
39,33,951,1992,1758,0,0.74703,1.096791,CAN,BRB,5543
61,33,951,1992,6284,0,2.2968349999999997,-2.581569,DEU,BRB,5543
81,33,951,1992,34792,0,1.8901810000000001,0.9274030000000001,GBR,BRB,5543
112,33,951,1992,30911,0,-0.200329,-0.595741,JAM,BRB,5543
127,33,951,1992,0,1205,0.199639,-0.28238,LCA,BRB,5543
222,33,951,1992,156353,0,0.43506000000000006,-0.43233599999999994,TTO,BRB,5543
231,33,951,1992,109378,0,1.660693,1.289752,USA,BRB,5543
1,43,951,1992,0,147574,-0.347989,-0.539361,AFG,CHN,5543
7,43,951,1992,0,306187,-0.495518,-0.963358,ARE,CHN,5543
8,43,951,1992,2392,5388,0.043179,0.553408,ARG,CHN,5543
14,43,951,1992,0,33517,0.083812,0.637224,AUS,CHN,5543
15,43,951,1992,7245,2734,1.975207,0.669388,AUT,CHN,5543
17,43,951,1992,0,53331,-1.222854,-0.927959,BDI,CHN,5543
18,43,951,1992,9774,0,1.449085,1.622957,BEL,CHN,5543
22,43,951,1992,0,11503,-0.608254,-0.921751,BGD,CHN,5543
24,43,951,1992,0,2281,0.047396,-0.554517,BHR,CHN,5543
39,43,951,1992,31806,137320,0.74703,1.096791,CAN,CHN,5543
41,43,951,1992,47858,3409,2.24952,1.014945,CHE,CHN,5543
44,43,951,1992,0,19887,-1.689731,-1.070179,CIV,CHN,5543
46,43,951,1992,0,37828,-1.55348,-1.100071,COD,CHN,5543
58,43,951,1992,0,4682,0.471516,0.668776,CYP,CHN,5543
61,43,951,1992,36428,31626,2.2968349999999997,-2.581569,DEU,CHN,5543
63,43,951,1992,0,40769,0.9006850000000001,-0.055001999999999995,DMA,CHN,5543
64,43,951,1992,5540,2813,1.696464,1.365743,DNK,CHN,5543
68,43,951,1992,0,19503,-0.102143,-0.17513499999999999,EGY,CHN,5543
71,43,951,1992,0,15589,1.301511,1.730441,ESP,CHN,5543
74,43,951,1992,0,3103,1.929661,1.3477,FIN,CHN,5543
75,43,951,1992,0,7660,-0.573887,-0.6382680000000001,FJI,CHN,5543
77,43,951,1992,1450,91107,1.682766,1.2713430000000001,FRA,CHN,5543
81,43,951,1992,89320,76212,1.8901810000000001,0.9274030000000001,GBR,CHN,5543
83,43,951,1992,0,100019,-0.936314,-0.935839,GHA,CHN,5543
89,43,951,1992,0,20624,-2.3828419999999997,-0.898589,GNQ,CHN,5543
97,43,951,1992,4722214,3667161,0.754112,1.911201,HKG,CHN,5543
103,43,951,1992,9130,141421,-0.5250670000000001,0.717568,IDN,CHN,5543
107,43,951,1992,1817,0,-1.195108,-1.135155,IRN,CHN,5543
111,43,951,1992,11302,48123,1.7819,0.981246,ITA,CHN,5543
113,43,951,1992,0,151374,0.716964,0.5323760000000001,JOR,CHN,5543
114,43,951,1992,482050,122061,2.451698,0.875639,JPN,CHN,5543
121,43,951,1992,47724,0,0.778066,1.3011139999999999,KOR,CHN,5543
122,43,951,1992,0,6578,-1.2360950000000002,-1.061771,KWT,CHN,5543
124,43,951,1992,0,8598,0.186135,0.800906,LBN,CHN,5543
128,43,951,1992,0,3202,-0.45780600000000005,-0.221948,LKA,CHN,5543
133,43,951,1992,25985,5095,0.249034,-0.026864,MAC,CHN,5543
136,43,951,1992,0,3562,-0.977873,-0.743187,MDG,CHN,5543
138,43,951,1992,0,16455,0.9039370000000001,0.965842,MEX,CHN,5543
143,43,951,1992,0,1678,-1.030267,-0.770368,MMR,CHN,5543
153,43,951,1992,1872,9797,0.14268499999999998,0.370079,MYS,CHN,5543
159,43,951,1992,0,188215,-2.275923,-1.178983,NGA,CHN,5543
162,43,951,1992,9402,2069,1.4315069999999999,1.7107450000000002,NLD,CHN,5543
163,43,951,1992,14834,12795,0.877965,0.444983,NOR,CHN,5543
164,43,951,1992,0,12915,-0.604018,-0.677756,NPL,CHN,5543
166,43,951,1992,0,1845,0.41866000000000003,0.580581,NZL,CHN,5543
174,43,951,1992,7882,0,-0.139761,0.772109,PHL,CHN,5543
179,43,951,1992,0,2185,0.47505,0.8402860000000001,PRT,CHN,5543
183,43,951,1992,0,690,-0.491413,-1.004476,QAT,CHN,5543
186,43,951,1992,62021,63432,0.071799,0.14036099999999999,RUS,CHN,5543
188,43,951,1992,0,148242,0.416315,-0.7342489999999999,SAU,CHN,5543
190,43,951,1992,0,68483,-0.930193,-1.02726,SDN,CHN,5543
191,43,951,1992,0,26508,-0.43371800000000005,-0.679547,SEN,CHN,5543
192,43,951,1992,27631,40242,0.95691,0.892702,SGP,CHN,5543
196,43,951,1992,0,2443,-0.877425,-0.798561,SLE,CHN,5543
205,43,951,1992,0,3845,-0.9841209999999999,-0.9359129999999999,SUR,CHN,5543
208,43,951,1992,4750,15905,2.2265900000000003,0.999178,SWE,CHN,5543
216,43,951,1992,1376,202688,0.109518,1.486578,THA,CHN,5543
222,43,951,1992,0,5195,0.43506000000000006,-0.43233599999999994,TTO,CHN,5543
223,43,951,1992,0,14766,0.14482,-0.13608,TUN,CHN,5543
224,43,951,1992,0,4404,0.160966,1.154796,TUR,CHN,5543
231,43,951,1992,54636,306518,1.660693,1.289752,USA,CHN,5543
239,43,951,1992,0,4341,-0.989259,-0.43416099999999996,VNM,CHN,5543
243,43,951,1992,0,46421,-0.7116020000000001,-0.9852489999999999,YEM,CHN,5543
246,43,951,1992,0,2352,0.236335,1.415622,ZAF,CHN,5543
249,43,951,1992,273262,0,1.3694790000000001,1.6227559999999999,TWN,CHN,5543
250,43,951,1992,22664,2066,0.989994,0.977453,ANS,CHN,5543
41,49,951,1992,1018,0,2.24952,1.014945,CHE,COL,5543
52,49,951,1992,0,5021,0.11654,0.191873,CRI,COL,5543
61,49,951,1992,8567,0,2.2968349999999997,-2.581569,DEU,COL,5543
64,49,951,1992,674,0,1.696464,1.365743,DNK,COL,5543
67,49,951,1992,0,6242,-0.815778,-0.9415459999999999,ECU,COL,5543
71,49,951,1992,26270,0,1.301511,1.730441,ESP,COL,5543
77,49,951,1992,10316,0,1.682766,1.2713430000000001,FRA,COL,5543
81,49,951,1992,5155,0,1.8901810000000001,0.9274030000000001,GBR,COL,5543
111,49,951,1992,41474,0,1.7819,0.981246,ITA,COL,5543
138,49,951,1992,2691,0,0.9039370000000001,0.965842,MEX,COL,5543
162,49,951,1992,33098,0,1.4315069999999999,1.7107450000000002,NLD,COL,5543
169,49,951,1992,0,2997,0.289315,0.37247199999999997,PAN,COL,5543
173,49,951,1992,0,19281,-0.286545,-0.264638,PER,COL,5543
231,49,951,1992,396098,0,1.660693,1.289752,USA,COL,5543
236,49,951,1992,136727,80921,-0.106385,-0.65975,VEN,COL,5543
241,49,951,1992,10330,0,1.005492,-0.5631550000000001,WLF,COL,5543
250,49,951,1992,0,2152,0.989994,0.977453,ANS,COL,5543
42,52,951,1992,0,5570,-0.188106,-0.360151,CHL,CRI,5543
49,52,951,1992,5021,0,0.022895,0.22971799999999998,COL,CRI,5543
61,52,951,1992,972,0,2.2968349999999997,-2.581569,DEU,CRI,5543
67,52,951,1992,0,1148,-0.815778,-0.9415459999999999,ECU,CRI,5543
81,52,951,1992,2512,0,1.8901810000000001,0.9274030000000001,GBR,CRI,5543
93,52,951,1992,19327,411427,-0.031145999999999997,0.48874300000000004,GTM,CRI,5543
99,52,951,1992,7890,22659,-0.5100640000000001,-0.38205900000000004,HND,CRI,5543
111,52,951,1992,6738,0,1.7819,0.981246,ITA,CRI,5543
112,52,951,1992,0,14886,-0.200329,-0.595741,JAM,CRI,5543
138,52,951,1992,28286,0,0.9039370000000001,0.965842,MEX,CRI,5543
160,52,951,1992,12690,384817,-0.214083,-0.111615,NIC,CRI,5543
169,52,951,1992,18355,85574,0.289315,0.37247199999999997,PAN,CRI,5543
197,52,951,1992,0,512815,0.396523,0.47548900000000005,SLV,CRI,5543
231,52,951,1992,27763,26185,1.660693,1.289752,USA,CRI,5543
249,52,951,1992,909,0,1.3694790000000001,1.6227559999999999,TWN,CRI,5543
250,52,951,1992,1107,0,0.989994,0.977453,ANS,CRI,5543
0,61,951,1992,0,1000,-0.260923,-0.700814,ABW,DEU,5543
1,61,951,1992,0,4001,-0.347989,-0.539361,AFG,DEU,5543
2,61,951,1992,0,58053,-1.90642,-1.061544,AGO,DEU,5543
6,61,951,1992,0,17002,0.258484,-0.47236000000000006,ANT,DEU,5543
7,61,951,1992,0,455291,-0.495518,-0.963358,ARE,DEU,5543
8,61,951,1992,0,39607,0.043179,0.553408,ARG,DEU,5543
14,61,951,1992,0,734930,0.083812,0.637224,AUS,DEU,5543
15,61,951,1992,1815367,9164670,1.975207,0.669388,AUT,DEU,5543
18,61,951,1992,4038343,10470196,1.449085,1.622957,BEL,DEU,5543
19,61,951,1992,0,3493,-1.206267,-0.855159,BEN,DEU,5543
23,61,951,1992,0,153143,0.503161,1.871616,BGR,DEU,5543
24,61,951,1992,0,34265,0.047396,-0.554517,BHR,DEU,5543
26,61,951,1992,0,1011,0.76031,1.212207,BIH,DEU,5543
28,61,951,1992,0,52636,0.6011380000000001,0.450072,BLR,DEU,5543
31,61,951,1992,0,5019,-0.609826,-0.693473,BOL,DEU,5543
32,61,951,1992,0,245186,0.685144,1.5676709999999998,BRA,DEU,5543
33,61,951,1992,0,6284,0.9121950000000001,0.413592,BRB,DEU,5543
34,61,951,1992,0,1771,-1.142722,-0.818717,BRN,DEU,5543
39,61,951,1992,158167,517088,0.74703,1.096791,CAN,DEU,5543
40,61,951,1992,0,1000,1.2318440000000002,0.13000799999999998,CCK,DEU,5543
41,61,951,1992,6026110,7799176,2.24952,1.014945,CHE,DEU,5543
42,61,951,1992,0,89524,-0.188106,-0.360151,CHL,DEU,5543
43,61,951,1992,31626,36428,0.269411,1.920075,CHN,DEU,5543
44,61,951,1992,0,3005,-1.689731,-1.070179,CIV,DEU,5543
45,61,951,1992,0,5001,-2.0470759999999997,-1.184491,CMR,DEU,5543
46,61,951,1992,0,2067,-1.55348,-1.100071,COD,DEU,5543
49,61,951,1992,0,8567,0.022895,0.22971799999999998,COL,DEU,5543
52,61,951,1992,0,972,0.11654,0.191873,CRI,DEU,5543
53,61,951,1992,1674,877891,1.116966,2.225331,CSK,DEU,5543
58,61,951,1992,0,513078,0.471516,0.668776,CYP,DEU,5543
62,61,951,1992,0,1998,0.708593,1.196323,DJI,DEU,5543
63,61,951,1992,0,7020,0.9006850000000001,-0.055001999999999995,DMA,DEU,5543
64,61,951,1992,1612169,2721807,1.696464,1.365743,DNK,DEU,5543
65,61,951,1992,0,22409,-0.338979,-0.5049279999999999,DOM,DEU,5543
66,61,951,1992,0,11031,-0.24189699999999997,-0.9399219999999999,DZA,DEU,5543
67,61,951,1992,0,6941,-0.815778,-0.9415459999999999,ECU,DEU,5543
68,61,951,1992,0,72965,-0.102143,-0.17513499999999999,EGY,DEU,5543
71,61,951,1992,902752,2871406,1.301511,1.730441,ESP,DEU,5543
72,61,951,1992,0,2017,0.22019699999999998,0.0198,EST,DEU,5543
74,61,951,1992,1265,1284537,1.929661,1.3477,FIN,DEU,5543
77,61,951,1992,4115316,18103572,1.682766,1.2713430000000001,FRA,DEU,5543
78,61,951,1992,0,5338,-0.51381,-0.8512059999999999,FRO,DEU,5543
81,61,951,1992,2115200,5041822,1.8901810000000001,0.9274030000000001,GBR,DEU,5543
83,61,951,1992,0,1828,-0.936314,-0.935839,GHA,DEU,5543
86,61,951,1992,0,3137,0.68221,-0.319682,GLP,DEU,5543
90,61,951,1992,7957,2959330,0.139504,0.743678,GRC,DEU,5543
92,61,951,1992,0,446,-0.692587,-0.859656,GRL,DEU,5543
93,61,951,1992,0,2935,-0.031145999999999997,0.48874300000000004,GTM,DEU,5543
94,61,951,1992,0,2918,0.9797959999999999,0.125384,GUF,DEU,5543
97,61,951,1992,2667,788175,0.754112,1.911201,HKG,DEU,5543
99,61,951,1992,0,1843,-0.5100640000000001,-0.38205900000000004,HND,DEU,5543
100,61,951,1992,0,96814,0.877872,1.726188,HRV,DEU,5543
102,61,951,1992,155309,1093724,0.9144620000000001,2.157041,HUN,DEU,5543
103,61,951,1992,0,395537,-0.5250670000000001,0.717568,IDN,DEU,5543
104,61,951,1992,327837,98327,0.101094,1.6851180000000001,IND,DEU,5543
106,61,951,1992,909014,268056,1.454172,1.397052,IRL,DEU,5543
107,61,951,1992,0,131284,-1.195108,-1.135155,IRN,DEU,5543
109,61,951,1992,23188,446048,-0.076691,-0.630567,ISL,DEU,5543
110,61,951,1992,0,1021311,1.354362,1.3260530000000001,ISR,DEU,5543
111,61,951,1992,691027,7953171,1.7819,0.981246,ITA,DEU,5543
112,61,951,1992,0,918,-0.200329,-0.595741,JAM,DEU,5543
113,61,951,1992,0,64135,0.716964,0.5323760000000001,JOR,DEU,5543
114,61,951,1992,112332,1886339,2.451698,0.875639,JPN,DEU,5543
115,61,951,1992,0,2017,-0.084852,-0.5466260000000001,KAZ,DEU,5543
116,61,951,1992,0,8819,-0.31818,-0.096856,KEN,DEU,5543
117,61,951,1992,0,1023,0.71368,-0.330817,KGZ,DEU,5543
121,61,951,1992,24479,567614,0.778066,1.3011139999999999,KOR,DEU,5543
122,61,951,1992,0,111826,-1.2360950000000002,-1.061771,KWT,DEU,5543
124,61,951,1992,0,183074,0.186135,0.800906,LBN,DEU,5543
126,61,951,1992,0,13270,-0.333309,-0.981883,LBY,DEU,5543
127,61,951,1992,0,736,0.199639,-0.28238,LCA,DEU,5543
128,61,951,1992,0,918,-0.45780600000000005,-0.221948,LKA,DEU,5543
130,61,951,1992,0,193722,0.7271810000000001,0.482357,LTU,DEU,5543
132,61,951,1992,0,31325,0.184303,0.022494999999999998,LVA,DEU,5543
133,61,951,1992,0,2016,0.249034,-0.026864,MAC,DEU,5543
134,61,951,1992,0,25823,-0.339711,-0.265987,MAR,DEU,5543
136,61,951,1992,0,927,-0.977873,-0.743187,MDG,DEU,5543
138,61,951,1992,980,236658,0.9039370000000001,0.965842,MEX,DEU,5543
142,61,951,1992,0,269348,0.828211,0.29226599999999997,MLT,DEU,5543
150,61,951,1992,0,2552,0.70167,-0.075327,MTQ,DEU,5543
151,61,951,1992,0,20516,-0.249558,-0.643201,MUS,DEU,5543
153,61,951,1992,0,369278,0.14268499999999998,0.370079,MYS,DEU,5543
156,61,951,1992,0,5002,-1.284672,-0.9233870000000001,NCL,DEU,5543
159,61,951,1992,0,65711,-2.275923,-1.178983,NGA,DEU,5543
162,61,951,1992,29524124,6937316,1.4315069999999999,1.7107450000000002,NLD,DEU,5543
163,61,951,1992,49558,911341,0.877965,0.444983,NOR,DEU,5543
164,61,951,1992,0,5612,-0.604018,-0.677756,NPL,DEU,5543
166,61,951,1992,0,85783,0.41866000000000003,0.580581,NZL,DEU,5543
167,61,951,1992,0,58766,-0.906702,-1.0716709999999998,OMN,DEU,5543
168,61,951,1992,0,36812,-0.480152,-0.361705,PAK,DEU,5543
169,61,951,1992,0,3930,0.289315,0.37247199999999997,PAN,DEU,5543
173,61,951,1992,0,16416,-0.286545,-0.264638,PER,DEU,5543
174,61,951,1992,0,29906,-0.139761,0.772109,PHL,DEU,5543
176,61,951,1992,0,1000,-1.602221,-1.058247,PNG,DEU,5543
177,61,951,1992,3997,4589372,0.581166,2.070795,POL,DEU,5543
178,61,951,1992,0,31503,0.201042,0.477547,PRK,DEU,5543
179,61,951,1992,5118,1315898,0.47505,0.8402860000000001,PRT,DEU,5543
180,61,951,1992,0,27355,-0.906433,-0.787177,PRY,DEU,5543
182,61,951,1992,0,1000,0.217401,-0.5575180000000001,PYF,DEU,5543
183,61,951,1992,0,7849,-0.491413,-1.004476,QAT,DEU,5543
185,61,951,1992,0,220454,0.838817,1.358629,ROU,DEU,5543
186,61,951,1992,0,355587,0.071799,0.14036099999999999,RUS,DEU,5543
188,61,951,1992,0,253264,0.416315,-0.7342489999999999,SAU,DEU,5543
189,61,951,1992,0,173718,0.9474950000000001,2.442268,SCG,DEU,5543
192,61,951,1992,4831,1197911,0.95691,0.892702,SGP,DEU,5543
197,61,951,1992,0,14431,0.396523,0.47548900000000005,SLV,DEU,5543
205,61,951,1992,0,7626,-0.9841209999999999,-0.9359129999999999,SUR,DEU,5543
207,61,951,1992,0,115832,1.3270629999999999,1.605534,SVN,DEU,5543
208,61,951,1992,428960,3210955,2.2265900000000003,0.999178,SWE,DEU,5543
211,61,951,1992,0,947,0.05767100000000001,-0.6613020000000001,SYC,DEU,5543
212,61,951,1992,0,39571,-0.566724,-0.602446,SYR,DEU,5543
215,61,951,1992,0,1000,-1.199292,-1.082889,TGO,DEU,5543
216,61,951,1992,0,726722,0.109518,1.486578,THA,DEU,5543
222,61,951,1992,0,16480,0.43506000000000006,-0.43233599999999994,TTO,DEU,5543
223,61,951,1992,0,19697,0.14482,-0.13608,TUN,DEU,5543
224,61,951,1992,0,1105461,0.160966,1.154796,TUR,DEU,5543
226,61,951,1992,0,6046,-1.139271,-0.8235379999999999,TZA,DEU,5543
228,61,951,1992,0,15506,0.375148,0.23747,UKR,DEU,5543
230,61,951,1992,0,24655,0.242758,0.711781,URY,DEU,5543
231,61,951,1992,1263264,3026632,1.660693,1.289752,USA,DEU,5543
236,61,951,1992,0,10090,-0.106385,-0.65975,VEN,DEU,5543
239,61,951,1992,0,5004,-0.989259,-0.43416099999999996,VNM,DEU,5543
243,61,951,1992,0,1011,-0.7116020000000001,-0.9852489999999999,YEM,DEU,5543
246,61,951,1992,0,223747,0.236335,1.415622,ZAF,DEU,5543
248,61,951,1992,0,2979,-0.11168099999999999,0.143612,ZWE,DEU,5543
249,61,951,1992,141530,594054,1.3694790000000001,1.6227559999999999,TWN,DEU,5543
6,64,951,1992,0,1093,0.258484,-0.47236000000000006,ANT,DNK,5543
8,64,951,1992,0,4611,0.043179,0.553408,ARG,DNK,5543
14,64,951,1992,0,12137,0.083812,0.637224,AUS,DNK,5543
15,64,951,1992,1982,127655,1.975207,0.669388,AUT,DNK,5543
18,64,951,1992,119560,77818,1.449085,1.622957,BEL,DNK,5543
23,64,951,1992,0,4831,0.503161,1.871616,BGR,DNK,5543
32,64,951,1992,1951,49378,0.685144,1.5676709999999998,BRA,DNK,5543
39,64,951,1992,34095,30072,0.74703,1.096791,CAN,DNK,5543
41,64,951,1992,58189,56290,2.24952,1.014945,CHE,DNK,5543
43,64,951,1992,2813,5540,0.269411,1.920075,CHN,DNK,5543
49,64,951,1992,0,674,0.022895,0.22971799999999998,COL,DNK,5543
53,64,951,1992,0,34726,1.116966,2.225331,CSK,DNK,5543
54,64,951,1992,7250,0,-0.719011,-1.077984,CUB,DNK,5543
58,64,951,1992,0,5589,0.471516,0.668776,CYP,DNK,5543
61,64,951,1992,2721807,1612169,2.2968349999999997,-2.581569,DEU,DNK,5543
68,64,951,1992,0,4883,-0.102143,-0.17513499999999999,EGY,DNK,5543
71,64,951,1992,42330,75238,1.301511,1.730441,ESP,DNK,5543
74,64,951,1992,1569,185046,1.929661,1.3477,FIN,DNK,5543
77,64,951,1992,1212099,507633,1.682766,1.2713430000000001,FRA,DNK,5543
78,64,951,1992,0,17516,-0.51381,-0.8512059999999999,FRO,DNK,5543
81,64,951,1992,480743,208407,1.8901810000000001,0.9274030000000001,GBR,DNK,5543
90,64,951,1992,0,1638,0.139504,0.743678,GRC,DNK,5543
92,64,951,1992,0,9155,-0.692587,-0.859656,GRL,DNK,5543
96,64,951,1992,0,1042,-0.6447689999999999,-0.808177,GUY,DNK,5543
97,64,951,1992,13098,14737,0.754112,1.911201,HKG,DNK,5543
102,64,951,1992,0,79876,0.9144620000000001,2.157041,HUN,DNK,5543
103,64,951,1992,0,1572,-0.5250670000000001,0.717568,IDN,DNK,5543
106,64,951,1992,9486,11624,1.454172,1.397052,IRL,DNK,5543
107,64,951,1992,0,475271,-1.195108,-1.135155,IRN,DNK,5543
109,64,951,1992,4539,76184,-0.076691,-0.630567,ISL,DNK,5543
110,64,951,1992,0,15410,1.354362,1.3260530000000001,ISR,DNK,5543
111,64,951,1992,24657,241830,1.7819,0.981246,ITA,DNK,5543
113,64,951,1992,0,5258,0.716964,0.5323760000000001,JOR,DNK,5543
114,64,951,1992,699852,757203,2.451698,0.875639,JPN,DNK,5543
121,64,951,1992,15492,50408,0.778066,1.3011139999999999,KOR,DNK,5543
122,64,951,1992,0,47083,-1.2360950000000002,-1.061771,KWT,DNK,5543
124,64,951,1992,0,1415,0.186135,0.800906,LBN,DNK,5543
153,64,951,1992,0,1488,0.14268499999999998,0.370079,MYS,DNK,5543
159,64,951,1992,0,14101,-2.275923,-1.178983,NGA,DNK,5543
162,64,951,1992,1236283,112408,1.4315069999999999,1.7107450000000002,NLD,DNK,5543
163,64,951,1992,58346,845913,0.877965,0.444983,NOR,DNK,5543
166,64,951,1992,0,4096,0.41866000000000003,0.580581,NZL,DNK,5543
168,64,951,1992,0,3765,-0.480152,-0.361705,PAK,DNK,5543
174,64,951,1992,0,2278,-0.139761,0.772109,PHL,DNK,5543
177,64,951,1992,6711,174788,0.581166,2.070795,POL,DNK,5543
179,64,951,1992,0,12687,0.47505,0.8402860000000001,PRT,DNK,5543
188,64,951,1992,0,1389,0.416315,-0.7342489999999999,SAU,DNK,5543
189,64,951,1992,0,2323,0.9474950000000001,2.442268,SCG,DNK,5543
190,64,951,1992,0,19927,-0.930193,-1.02726,SDN,DNK,5543
192,64,951,1992,0,72471,0.95691,0.892702,SGP,DNK,5543
208,64,951,1992,880011,762301,2.2265900000000003,0.999178,SWE,DNK,5543
212,64,951,1992,0,18184,-0.566724,-0.602446,SYR,DNK,5543
216,64,951,1992,0,1190,0.109518,1.486578,THA,DNK,5543
224,64,951,1992,0,23925,0.160966,1.154796,TUR,DNK,5543
231,64,951,1992,93468,580827,1.660693,1.289752,USA,DNK,5543
246,64,951,1992,0,8486,0.236335,1.415622,ZAF,DNK,5543
249,64,951,1992,4872,22071,1.3694790000000001,1.6227559999999999,TWN,DNK,5543
61,65,951,1992,22409,0,2.2968349999999997,-2.581569,DEU,DOM,5543
71,65,951,1992,14068,0,1.301511,1.730441,ESP,DOM,5543
93,65,951,1992,11037,0,-0.031145999999999997,0.48874300000000004,GTM,DOM,5543
97,65,951,1992,58532,0,0.754112,1.911201,HKG,DOM,5543
121,65,951,1992,2156,0,0.778066,1.3011139999999999,KOR,DOM,5543
231,65,951,1992,384054,299624,1.660693,1.289752,USA,DOM,5543
236,65,951,1992,0,595818,-0.106385,-0.65975,VEN,DOM,5543
249,65,951,1992,4000,0,1.3694790000000001,1.6227559999999999,TWN,DOM,5543
5,71,951,1992,0,580246,1.4058959999999998,0.830189,AND,ESP,5543
7,71,951,1992,0,3959,-0.495518,-0.963358,ARE,ESP,5543
8,71,951,1992,0,146463,0.043179,0.553408,ARG,ESP,5543
14,71,951,1992,0,99831,0.083812,0.637224,AUS,ESP,5543
15,71,951,1992,52991,37875,1.975207,0.669388,AUT,ESP,5543
18,71,951,1992,617942,215356,1.449085,1.622957,BEL,ESP,5543
19,71,951,1992,0,952,-1.206267,-0.855159,BEN,ESP,5543
21,71,951,1992,0,1795,-1.176898,-1.092949,BFA,ESP,5543
32,71,951,1992,0,5265,0.685144,1.5676709999999998,BRA,ESP,5543
39,71,951,1992,3060,57749,0.74703,1.096791,CAN,ESP,5543
41,71,951,1992,229687,12469,2.24952,1.014945,CHE,ESP,5543
42,71,951,1992,0,45890,-0.188106,-0.360151,CHL,ESP,5543
43,71,951,1992,15589,0,0.269411,1.920075,CHN,ESP,5543
44,71,951,1992,0,1933,-1.689731,-1.070179,CIV,ESP,5543
49,71,951,1992,0,26270,0.022895,0.22971799999999998,COL,ESP,5543
54,71,951,1992,0,172062,-0.719011,-1.077984,CUB,ESP,5543
58,71,951,1992,0,6661,0.471516,0.668776,CYP,ESP,5543
61,71,951,1992,2871406,902752,2.2968349999999997,-2.581569,DEU,ESP,5543
64,71,951,1992,75238,42330,1.696464,1.365743,DNK,ESP,5543
65,71,951,1992,0,14068,-0.338979,-0.5049279999999999,DOM,ESP,5543
66,71,951,1992,0,57652,-0.24189699999999997,-0.9399219999999999,DZA,ESP,5543
68,71,951,1992,7477,6653,-0.102143,-0.17513499999999999,EGY,ESP,5543
74,71,951,1992,1768,71329,1.929661,1.3477,FIN,ESP,5543
77,71,951,1992,5708402,1329204,1.682766,1.2713430000000001,FRA,ESP,5543
81,71,951,1992,1601816,2848199,1.8901810000000001,0.9274030000000001,GBR,ESP,5543
84,71,951,1992,0,21435,1.356823,0.656416,GIB,ESP,5543
90,71,951,1992,171374,24008,0.139504,0.743678,GRC,ESP,5543
97,71,951,1992,63200,49799,0.754112,1.911201,HKG,ESP,5543
102,71,951,1992,318966,3690,0.9144620000000001,2.157041,HUN,ESP,5543
103,71,951,1992,0,3225,-0.5250670000000001,0.717568,IDN,ESP,5543
106,71,951,1992,94816,59106,1.454172,1.397052,IRL,ESP,5543
109,71,951,1992,0,1136,-0.076691,-0.630567,ISL,ESP,5543
110,71,951,1992,23723,166893,1.354362,1.3260530000000001,ISR,ESP,5543
111,71,951,1992,1625907,3262089,1.7819,0.981246,ITA,ESP,5543
114,71,951,1992,8661,14841,2.451698,0.875639,JPN,ESP,5543
121,71,951,1992,0,2136,0.778066,1.3011139999999999,KOR,ESP,5543
122,71,951,1992,0,4550,-1.2360950000000002,-1.061771,KWT,ESP,5543
124,71,951,1992,0,53035,0.186135,0.800906,LBN,ESP,5543
127,71,951,1992,0,1962,0.199639,-0.28238,LCA,ESP,5543
134,71,951,1992,0,872498,-0.339711,-0.265987,MAR,ESP,5543
138,71,951,1992,0,115580,0.9039370000000001,0.965842,MEX,ESP,5543
142,71,951,1992,0,7333,0.828211,0.29226599999999997,MLT,ESP,5543
159,71,951,1992,0,4103,-2.275923,-1.178983,NGA,ESP,5543
162,71,951,1992,1147478,449191,1.4315069999999999,1.7107450000000002,NLD,ESP,5543
163,71,951,1992,0,18826,0.877965,0.444983,NOR,ESP,5543
166,71,951,1992,0,1665,0.41866000000000003,0.580581,NZL,ESP,5543
168,71,951,1992,0,10785,-0.480152,-0.361705,PAK,ESP,5543
173,71,951,1992,0,12905,-0.286545,-0.264638,PER,ESP,5543
174,71,951,1992,0,4318,-0.139761,0.772109,PHL,ESP,5543
177,71,951,1992,0,55934,0.581166,2.070795,POL,ESP,5543
179,71,951,1992,808881,2130904,0.47505,0.8402860000000001,PRT,ESP,5543
184,71,951,1992,0,6032,0.251216,-0.448812,REU,ESP,5543
188,71,951,1992,0,202995,0.416315,-0.7342489999999999,SAU,ESP,5543
192,71,951,1992,0,17992,0.95691,0.892702,SGP,ESP,5543
207,71,951,1992,0,2135,1.3270629999999999,1.605534,SVN,ESP,5543
208,71,951,1992,3502,6893,2.2265900000000003,0.999178,SWE,ESP,5543
215,71,951,1992,0,3365,-1.199292,-1.082889,TGO,ESP,5543
216,71,951,1992,0,11167,0.109518,1.486578,THA,ESP,5543
223,71,951,1992,0,28289,0.14482,-0.13608,TUN,ESP,5543
224,71,951,1992,0,156864,0.160966,1.154796,TUR,ESP,5543
230,71,951,1992,0,15573,0.242758,0.711781,URY,ESP,5543
231,71,951,1992,764351,46352,1.660693,1.289752,USA,ESP,5543
236,71,951,1992,0,40710,-0.106385,-0.65975,VEN,ESP,5543
249,71,951,1992,55042,15073,1.3694790000000001,1.6227559999999999,TWN,ESP,5543
250,71,951,1992,1256,26214,0.989994,0.977453,ANS,ESP,5543
14,74,951,1992,3261,0,0.083812,0.637224,AUS,FIN,5543
15,74,951,1992,1453,6834,1.975207,0.669388,AUT,FIN,5543
18,74,951,1992,30509,0,1.449085,1.622957,BEL,FIN,5543
39,74,951,1992,52606,0,0.74703,1.096791,CAN,FIN,5543
41,74,951,1992,22844,5265,2.24952,1.014945,CHE,FIN,5543
43,74,951,1992,3103,0,0.269411,1.920075,CHN,FIN,5543
53,74,951,1992,0,10136,1.116966,2.225331,CSK,FIN,5543
61,74,951,1992,1284537,1265,2.2968349999999997,-2.581569,DEU,FIN,5543
64,74,951,1992,185046,1569,1.696464,1.365743,DNK,FIN,5543
71,74,951,1992,71329,1768,1.301511,1.730441,ESP,FIN,5543
77,74,951,1992,404901,4703,1.682766,1.2713430000000001,FRA,FIN,5543
81,74,951,1992,549719,9504,1.8901810000000001,0.9274030000000001,GBR,FIN,5543
97,74,951,1992,5761,0,0.754112,1.911201,HKG,FIN,5543
102,74,951,1992,0,3581,0.9144620000000001,2.157041,HUN,FIN,5543
106,74,951,1992,8624,0,1.454172,1.397052,IRL,FIN,5543
109,74,951,1992,0,1001,-0.076691,-0.630567,ISL,FIN,5543
111,74,951,1992,184149,0,1.7819,0.981246,ITA,FIN,5543
113,74,951,1992,0,1086,0.716964,0.5323760000000001,JOR,FIN,5543
114,74,951,1992,2610,0,2.451698,0.875639,JPN,FIN,5543
130,74,951,1992,0,1104,0.7271810000000001,0.482357,LTU,FIN,5543
162,74,951,1992,967347,35924,1.4315069999999999,1.7107450000000002,NLD,FIN,5543
163,74,951,1992,39015,3333,0.877965,0.444983,NOR,FIN,5543
186,74,951,1992,0,55150,0.071799,0.14036099999999999,RUS,FIN,5543
208,74,951,1992,430719,148486,2.2265900000000003,0.999178,SWE,FIN,5543
228,74,951,1992,1287,0,0.375148,0.23747,UKR,FIN,5543
231,74,951,1992,11168,0,1.660693,1.289752,USA,FIN,5543
250,74,951,1992,2554,0,0.989994,0.977453,ANS,FIN,5543
2,77,951,1992,0,10784,-1.90642,-1.061544,AGO,FRA,5543
5,77,951,1992,0,432435,1.4058959999999998,0.830189,AND,FRA,5543
7,77,951,1992,0,275814,-0.495518,-0.963358,ARE,FRA,5543
8,77,951,1992,0,44751,0.043179,0.553408,ARG,FRA,5543
14,77,951,1992,0,88708,0.083812,0.637224,AUS,FRA,5543
15,77,951,1992,20817,249923,1.975207,0.669388,AUT,FRA,5543
18,77,951,1992,6720147,2466415,1.449085,1.622957,BEL,FRA,5543
19,77,951,1992,0,45168,-1.206267,-0.855159,BEN,FRA,5543
21,77,951,1992,0,112148,-1.176898,-1.092949,BFA,FRA,5543
23,77,951,1992,0,12200,0.503161,1.871616,BGR,FRA,5543
24,77,951,1992,0,121589,0.047396,-0.554517,BHR,FRA,5543
25,77,951,1992,0,32121,0.181088,-0.591638,BHS,FRA,5543
32,77,951,1992,0,31807,0.685144,1.5676709999999998,BRA,FRA,5543
34,77,951,1992,0,2499,-1.142722,-0.818717,BRN,FRA,5543
38,77,951,1992,0,30425,-1.324814,-0.968041,CAF,FRA,5543
39,77,951,1992,1169569,317408,0.74703,1.096791,CAN,FRA,5543
41,77,951,1992,2504344,2706047,2.24952,1.014945,CHE,FRA,5543
42,77,951,1992,0,4526,-0.188106,-0.360151,CHL,FRA,5543
43,77,951,1992,91107,1450,0.269411,1.920075,CHN,FRA,5543
44,77,951,1992,0,530457,-1.689731,-1.070179,CIV,FRA,5543
45,77,951,1992,0,683450,-2.0470759999999997,-1.184491,CMR,FRA,5543
47,77,951,1992,0,146447,-2.019876,-1.1048360000000002,COG,FRA,5543
49,77,951,1992,0,10316,0.022895,0.22971799999999998,COL,FRA,5543
50,77,951,1992,0,44642,-0.5867220000000001,-0.8257620000000001,COM,FRA,5543
53,77,951,1992,0,278468,1.116966,2.225331,CSK,FRA,5543
58,77,951,1992,0,118042,0.471516,0.668776,CYP,FRA,5543
61,77,951,1992,18103572,4115316,2.2968349999999997,-2.581569,DEU,FRA,5543
62,77,951,1992,0,53189,0.708593,1.196323,DJI,FRA,5543
64,77,951,1992,507633,1212099,1.696464,1.365743,DNK,FRA,5543
66,77,951,1992,0,153453,-0.24189699999999997,-0.9399219999999999,DZA,FRA,5543
68,77,951,1992,0,137592,-0.102143,-0.17513499999999999,EGY,FRA,5543
71,77,951,1992,1329204,5708402,1.301511,1.730441,ESP,FRA,5543
72,77,951,1992,0,1134,0.22019699999999998,0.0198,EST,FRA,5543
74,77,951,1992,4703,404901,1.929661,1.3477,FIN,FRA,5543
78,77,951,1992,0,1281,-0.51381,-0.8512059999999999,FRO,FRA,5543
80,77,951,1992,0,638815,-1.683572,-1.0855620000000001,GAB,FRA,5543
81,77,951,1992,3130971,1763917,1.8901810000000001,0.9274030000000001,GBR,FRA,5543
84,77,951,1992,0,8222,1.356823,0.656416,GIB,FRA,5543
85,77,951,1992,0,46138,-1.11535,-1.0306,GIN,FRA,5543
86,77,951,1992,0,1506464,0.68221,-0.319682,GLP,FRA,5543
90,77,951,1992,4519,401643,0.139504,0.743678,GRC,FRA,5543
92,77,951,1992,0,17957,-0.692587,-0.859656,GRL,FRA,5543
93,77,951,1992,0,999,-0.031145999999999997,0.48874300000000004,GTM,FRA,5543
94,77,951,1992,2751,370479,0.9797959999999999,0.125384,GUF,FRA,5543
97,77,951,1992,27935,69250,0.754112,1.911201,HKG,FRA,5543
100,77,951,1992,0,1067,0.877872,1.726188,HRV,FRA,5543
102,77,951,1992,0,288008,0.9144620000000001,2.157041,HUN,FRA,5543
103,77,951,1992,20530,11449,-0.5250670000000001,0.717568,IDN,FRA,5543
104,77,951,1992,13924,11265,0.101094,1.6851180000000001,IND,FRA,5543
106,77,951,1992,123480,125901,1.454172,1.397052,IRL,FRA,5543
107,77,951,1992,0,15062,-1.195108,-1.135155,IRN,FRA,5543
109,77,951,1992,0,28121,-0.076691,-0.630567,ISL,FRA,5543
110,77,951,1992,1955,635506,1.354362,1.3260530000000001,ISR,FRA,5543
111,77,951,1992,1392779,1748662,1.7819,0.981246,ITA,FRA,5543
113,77,951,1992,0,222862,0.716964,0.5323760000000001,JOR,FRA,5543
114,77,951,1992,21026,110930,2.451698,0.875639,JPN,FRA,5543
116,77,951,1992,0,3924,-0.31818,-0.096856,KEN,FRA,5543
121,77,951,1992,0,2796,0.778066,1.3011139999999999,KOR,FRA,5543
122,77,951,1992,0,84866,-1.2360950000000002,-1.061771,KWT,FRA,5543
124,77,951,1992,0,353982,0.186135,0.800906,LBN,FRA,5543
134,77,951,1992,0,314395,-0.339711,-0.265987,MAR,FRA,5543
136,77,951,1992,0,52853,-0.977873,-0.743187,MDG,FRA,5543
138,77,951,1992,0,17170,0.9039370000000001,0.965842,MEX,FRA,5543
141,77,951,1992,0,146277,-0.9495790000000001,-1.028165,MLI,FRA,5543
142,77,951,1992,0,91164,0.828211,0.29226599999999997,MLT,FRA,5543
148,77,951,1992,0,6799,-1.270091,-1.116622,MRT,FRA,5543
150,77,951,1992,0,2047798,0.70167,-0.075327,MTQ,FRA,5543
151,77,951,1992,0,60846,-0.249558,-0.643201,MUS,FRA,5543
153,77,951,1992,0,3610,0.14268499999999998,0.370079,MYS,FRA,5543
156,77,951,1992,0,471405,-1.284672,-0.9233870000000001,NCL,FRA,5543
157,77,951,1992,0,16507,0.056698,-0.6624770000000001,NER,FRA,5543
159,77,951,1992,0,784373,-2.275923,-1.178983,NGA,FRA,5543
162,77,951,1992,25154966,2376196,1.4315069999999999,1.7107450000000002,NLD,FRA,5543
163,77,951,1992,113814,281492,0.877965,0.444983,NOR,FRA,5543
167,77,951,1992,0,61640,-0.906702,-1.0716709999999998,OMN,FRA,5543
168,77,951,1992,0,12583,-0.480152,-0.361705,PAK,FRA,5543
177,77,951,1992,0,3812529,0.581166,2.070795,POL,FRA,5543
179,77,951,1992,19208,947817,0.47505,0.8402860000000001,PRT,FRA,5543
182,77,951,1992,0,407415,0.217401,-0.5575180000000001,PYF,FRA,5543
183,77,951,1992,0,27151,-0.491413,-1.004476,QAT,FRA,5543
184,77,951,1992,0,3271084,0.251216,-0.448812,REU,FRA,5543
185,77,951,1992,0,50273,0.838817,1.358629,ROU,FRA,5543
188,77,951,1992,0,284976,0.416315,-0.7342489999999999,SAU,FRA,5543
189,77,951,1992,0,32579,0.9474950000000001,2.442268,SCG,FRA,5543
191,77,951,1992,0,231152,-0.43371800000000005,-0.679547,SEN,FRA,5543
192,77,951,1992,0,43782,0.95691,0.892702,SGP,FRA,5543
196,77,951,1992,0,5484,-0.877425,-0.798561,SLE,FRA,5543
197,77,951,1992,0,1406,0.396523,0.47548900000000005,SLV,FRA,5543
200,77,951,1992,0,15127,-0.49168900000000004,-0.812567,SPM,FRA,5543
205,77,951,1992,0,13242,-0.9841209999999999,-0.9359129999999999,SUR,FRA,5543
207,77,951,1992,0,13246,1.3270629999999999,1.605534,SVN,FRA,5543
208,77,951,1992,34946,239967,2.2265900000000003,0.999178,SWE,FRA,5543
211,77,951,1992,0,7482,0.05767100000000001,-0.6613020000000001,SYC,FRA,5543
212,77,951,1992,0,5862,-0.566724,-0.602446,SYR,FRA,5543
215,77,951,1992,0,82668,-1.199292,-1.082889,TGO,FRA,5543
216,77,951,1992,0,125329,0.109518,1.486578,THA,FRA,5543
223,77,951,1992,0,231497,0.14482,-0.13608,TUN,FRA,5543
224,77,951,1992,14207,215771,0.160966,1.154796,TUR,FRA,5543
231,77,951,1992,827855,236309,1.660693,1.289752,USA,FRA,5543
236,77,951,1992,0,4236,-0.106385,-0.65975,VEN,FRA,5543
240,77,951,1992,0,2644,-1.226071,-0.93215,VUT,FRA,5543
241,77,951,1992,0,27398,1.005492,-0.5631550000000001,WLF,FRA,5543
246,77,951,1992,0,219281,0.236335,1.415622,ZAF,FRA,5543
249,77,951,1992,10371,69505,1.3694790000000001,1.6227559999999999,TWN,FRA,5543
250,77,951,1992,344540,0,0.989994,0.977453,ANS,FRA,5543
0,81,951,1992,0,3367,-0.260923,-0.700814,ABW,GBR,5543
5,81,951,1992,0,17335,1.4058959999999998,0.830189,AND,GBR,5543
6,81,951,1992,0,8006,0.258484,-0.47236000000000006,ANT,GBR,5543
7,81,951,1992,0,716710,-0.495518,-0.963358,ARE,GBR,5543
8,81,951,1992,0,15572,0.043179,0.553408,ARG,GBR,5543
13,81,951,1992,0,5311,0.561238,-0.164287,ATG,GBR,5543
14,81,951,1992,7118,545770,0.083812,0.637224,AUS,GBR,5543
15,81,951,1992,31930,374535,1.975207,0.669388,AUT,GBR,5543
18,81,951,1992,781679,863853,1.449085,1.622957,BEL,GBR,5543
22,81,951,1992,0,20361,-0.608254,-0.921751,BGD,GBR,5543
23,81,951,1992,0,14136,0.503161,1.871616,BGR,GBR,5543
24,81,951,1992,0,134724,0.047396,-0.554517,BHR,GBR,5543
25,81,951,1992,0,38795,0.181088,-0.591638,BHS,GBR,5543
29,81,951,1992,0,3038,-0.06729700000000001,-0.386682,BLZ,GBR,5543
30,81,951,1992,0,42257,0.302027,-0.450866,BMU,GBR,5543
32,81,951,1992,0,20764,0.685144,1.5676709999999998,BRA,GBR,5543
33,81,951,1992,0,34792,0.9121950000000001,0.413592,BRB,GBR,5543
34,81,951,1992,0,17135,-1.142722,-0.818717,BRN,GBR,5543
39,81,951,1992,130153,246659,0.74703,1.096791,CAN,GBR,5543
41,81,951,1992,253246,381684,2.24952,1.014945,CHE,GBR,5543
42,81,951,1992,0,9891,-0.188106,-0.360151,CHL,GBR,5543
43,81,951,1992,76212,89320,0.269411,1.920075,CHN,GBR,5543
47,81,951,1992,0,5315,-2.019876,-1.1048360000000002,COG,GBR,5543
49,81,951,1992,0,5155,0.022895,0.22971799999999998,COL,GBR,5543
50,81,951,1992,0,2620,-0.5867220000000001,-0.8257620000000001,COM,GBR,5543
52,81,951,1992,0,2512,0.11654,0.191873,CRI,GBR,5543
53,81,951,1992,12218,165726,1.116966,2.225331,CSK,GBR,5543
58,81,951,1992,0,500203,0.471516,0.668776,CYP,GBR,5543
61,81,951,1992,5041822,2115200,2.2968349999999997,-2.581569,DEU,GBR,5543
63,81,951,1992,0,8357,0.9006850000000001,-0.055001999999999995,DMA,GBR,5543
64,81,951,1992,208407,480743,1.696464,1.365743,DNK,GBR,5543
67,81,951,1992,0,17505,-0.815778,-0.9415459999999999,ECU,GBR,5543
68,81,951,1992,0,37112,-0.102143,-0.17513499999999999,EGY,GBR,5543
71,81,951,1992,2848199,1601816,1.301511,1.730441,ESP,GBR,5543
73,81,951,1992,0,8819,-1.036482,-1.078446,ETH,GBR,5543
74,81,951,1992,9504,549719,1.929661,1.3477,FIN,GBR,5543
75,81,951,1992,0,3123,-0.573887,-0.6382680000000001,FJI,GBR,5543
76,81,951,1992,0,2745,1.4858149999999999,0.324821,FLK,GBR,5543
77,81,951,1992,1763917,3130971,1.682766,1.2713430000000001,FRA,GBR,5543
78,81,951,1992,0,20209,-0.51381,-0.8512059999999999,FRO,GBR,5543
80,81,951,1992,0,13875,-1.683572,-1.0855620000000001,GAB,GBR,5543
83,81,951,1992,0,106403,-0.936314,-0.935839,GHA,GBR,5543
84,81,951,1992,0,130684,1.356823,0.656416,GIB,GBR,5543
86,81,951,1992,0,8812,0.68221,-0.319682,GLP,GBR,5543
87,81,951,1992,0,48772,-1.4704190000000001,-0.940117,GMB,GBR,5543
90,81,951,1992,68071,239080,0.139504,0.743678,GRC,GBR,5543
91,81,951,1992,0,9193,0.224073,-0.42973500000000003,GRD,GBR,5543
93,81,951,1992,0,1296,-0.031145999999999997,0.48874300000000004,GTM,GBR,5543
97,81,951,1992,51419,727134,0.754112,1.911201,HKG,GBR,5543
100,81,951,1992,0,26179,0.877872,1.726188,HRV,GBR,5543
102,81,951,1992,0,189732,0.9144620000000001,2.157041,HUN,GBR,5543
103,81,951,1992,0,13303,-0.5250670000000001,0.717568,IDN,GBR,5543
104,81,951,1992,48405,55779,0.101094,1.6851180000000001,IND,GBR,5543
106,81,951,1992,4754492,9280211,1.454172,1.397052,IRL,GBR,5543
107,81,951,1992,0,69085,-1.195108,-1.135155,IRN,GBR,5543
109,81,951,1992,2323,190564,-0.076691,-0.630567,ISL,GBR,5543
110,81,951,1992,0,1155574,1.354362,1.3260530000000001,ISR,GBR,5543
111,81,951,1992,160212,2027401,1.7819,0.981246,ITA,GBR,5543
112,81,951,1992,0,12890,-0.200329,-0.595741,JAM,GBR,5543
113,81,951,1992,0,176269,0.716964,0.5323760000000001,JOR,GBR,5543
114,81,951,1992,402741,896165,2.451698,0.875639,JPN,GBR,5543
116,81,951,1992,0,30948,-0.31818,-0.096856,KEN,GBR,5543
120,81,951,1992,0,1754,0.542355,-0.37078,KNA,GBR,5543
121,81,951,1992,0,8113,0.778066,1.3011139999999999,KOR,GBR,5543
122,81,951,1992,0,255381,-1.2360950000000002,-1.061771,KWT,GBR,5543
124,81,951,1992,0,103431,0.186135,0.800906,LBN,GBR,5543
125,81,951,1992,0,1064,-0.790557,-0.9978870000000001,LBR,GBR,5543
126,81,951,1992,0,37474,-0.333309,-0.981883,LBY,GBR,5543
127,81,951,1992,0,6486,0.199639,-0.28238,LCA,GBR,5543
128,81,951,1992,0,41472,-0.45780600000000005,-0.221948,LKA,GBR,5543
133,81,951,1992,0,1484,0.249034,-0.026864,MAC,GBR,5543
134,81,951,1992,0,93519,-0.339711,-0.265987,MAR,GBR,5543
138,81,951,1992,8429,23116,0.9039370000000001,0.965842,MEX,GBR,5543
142,81,951,1992,6299,468924,0.828211,0.29226599999999997,MLT,GBR,5543
149,81,951,1992,0,1258,1.579626,-0.115515,MSR,GBR,5543
151,81,951,1992,0,20740,-0.249558,-0.643201,MUS,GBR,5543
153,81,951,1992,0,328689,0.14268499999999998,0.370079,MYS,GBR,5543
159,81,951,1992,0,395841,-2.275923,-1.178983,NGA,GBR,5543
162,81,951,1992,10481307,3580662,1.4315069999999999,1.7107450000000002,NLD,GBR,5543
163,81,951,1992,8298,1569553,0.877965,0.444983,NOR,GBR,5543
166,81,951,1992,0,73745,0.41866000000000003,0.580581,NZL,GBR,5543
167,81,951,1992,0,208632,-0.906702,-1.0716709999999998,OMN,GBR,5543
168,81,951,1992,0,70892,-0.480152,-0.361705,PAK,GBR,5543
169,81,951,1992,0,30931,0.289315,0.37247199999999997,PAN,GBR,5543
174,81,951,1992,0,10820,-0.139761,0.772109,PHL,GBR,5543
177,81,951,1992,10123,334926,0.581166,2.070795,POL,GBR,5543
179,81,951,1992,24243,413127,0.47505,0.8402860000000001,PRT,GBR,5543
183,81,951,1992,0,49602,-0.491413,-1.004476,QAT,GBR,5543
185,81,951,1992,0,839,0.838817,1.358629,ROU,GBR,5543
186,81,951,1992,0,102044,0.071799,0.14036099999999999,RUS,GBR,5543
188,81,951,1992,0,2253072,0.416315,-0.7342489999999999,SAU,GBR,5543
189,81,951,1992,0,25146,0.9474950000000001,2.442268,SCG,GBR,5543
190,81,951,1992,0,12068,-0.930193,-1.02726,SDN,GBR,5543
192,81,951,1992,3430,745535,0.95691,0.892702,SGP,GBR,5543
194,81,951,1992,0,8411,0.500765,-0.539151,SHN,GBR,5543
196,81,951,1992,0,28130,-0.877425,-0.798561,SLE,GBR,5543
197,81,951,1992,0,8082,0.396523,0.47548900000000005,SLV,GBR,5543
199,81,951,1992,0,1914,-0.611123,-0.798546,SOM,GBR,5543
205,81,951,1992,0,10218,-0.9841209999999999,-0.9359129999999999,SUR,GBR,5543
207,81,951,1992,0,16414,1.3270629999999999,1.605534,SVN,GBR,5543
208,81,951,1992,144903,3860048,2.2265900000000003,0.999178,SWE,GBR,5543
211,81,951,1992,0,37111,0.05767100000000001,-0.6613020000000001,SYC,GBR,5543
212,81,951,1992,0,41216,-0.566724,-0.602446,SYR,GBR,5543
215,81,951,1992,0,1745,-1.199292,-1.082889,TGO,GBR,5543
216,81,951,1992,0,184578,0.109518,1.486578,THA,GBR,5543
222,81,951,1992,0,53823,0.43506000000000006,-0.43233599999999994,TTO,GBR,5543
223,81,951,1992,0,10489,0.14482,-0.13608,TUN,GBR,5543
224,81,951,1992,0,215127,0.160966,1.154796,TUR,GBR,5543
226,81,951,1992,0,1179,-1.139271,-0.8235379999999999,TZA,GBR,5543
227,81,951,1992,0,5962,-1.264399,-1.0359450000000001,UGA,GBR,5543
231,81,951,1992,2150097,1435737,1.660693,1.289752,USA,GBR,5543
234,81,951,1992,0,4007,-0.219271,-0.65981,VCT,GBR,5543
236,81,951,1992,0,2763,-0.106385,-0.65975,VEN,GBR,5543
246,81,951,1992,46195,371313,0.236335,1.415622,ZAF,GBR,5543
248,81,951,1992,0,4783,-0.11168099999999999,0.143612,ZWE,GBR,5543
249,81,951,1992,2934,338495,1.3694790000000001,1.6227559999999999,TWN,GBR,5543
29,93,951,1992,0,1047,-0.06729700000000001,-0.386682,BLZ,GTM,5543
52,93,951,1992,411427,19327,0.11654,0.191873,CRI,GTM,5543
61,93,951,1992,2935,0,2.2968349999999997,-2.581569,DEU,GTM,5543
65,93,951,1992,0,11037,-0.338979,-0.5049279999999999,DOM,GTM,5543
77,93,951,1992,999,0,1.682766,1.2713430000000001,FRA,GTM,5543
81,93,951,1992,1296,0,1.8901810000000001,0.9274030000000001,GBR,GTM,5543
99,93,951,1992,86875,101426,-0.5100640000000001,-0.38205900000000004,HND,GTM,5543
138,93,951,1992,3293,32322,0.9039370000000001,0.965842,MEX,GTM,5543
160,93,951,1992,0,214277,-0.214083,-0.111615,NIC,GTM,5543
169,93,951,1992,0,17342,0.289315,0.37247199999999997,PAN,GTM,5543
197,93,951,1992,3972,735601,0.396523,0.47548900000000005,SLV,GTM,5543
231,93,951,1992,18104,24916,1.660693,1.289752,USA,GTM,5543
236,93,951,1992,5120,0,-0.106385,-0.65975,VEN,GTM,5543
250,93,951,1992,1982,0,0.989994,0.977453,ANS,GTM,5543
1,97,951,1992,0,90976,-0.347989,-0.539361,AFG,HKG,5543
7,97,951,1992,0,14038,-0.495518,-0.963358,ARE,HKG,5543
14,97,951,1992,54968,66905,0.083812,0.637224,AUS,HKG,5543
15,97,951,1992,0,5019,1.975207,0.669388,AUT,HKG,5543
17,97,951,1992,0,15519,-1.222854,-0.927959,BDI,HKG,5543
18,97,951,1992,0,8947,1.449085,1.622957,BEL,HKG,5543
19,97,951,1992,0,1483,-1.206267,-0.855159,BEN,HKG,5543
32,97,951,1992,6488,0,0.685144,1.5676709999999998,BRA,HKG,5543
39,97,951,1992,704374,11960,0.74703,1.096791,CAN,HKG,5543
41,97,951,1992,240702,2560,2.24952,1.014945,CHE,HKG,5543
42,97,951,1992,0,5555,-0.188106,-0.360151,CHL,HKG,5543
43,97,951,1992,3667161,4722214,0.269411,1.920075,CHN,HKG,5543
44,97,951,1992,0,83861,-1.689731,-1.070179,CIV,HKG,5543
46,97,951,1992,0,34112,-1.55348,-1.100071,COD,HKG,5543
47,97,951,1992,0,12533,-2.019876,-1.1048360000000002,COG,HKG,5543
58,97,951,1992,0,2206,0.471516,0.668776,CYP,HKG,5543
61,97,951,1992,788175,2667,2.2968349999999997,-2.581569,DEU,HKG,5543
62,97,951,1992,0,1881,0.708593,1.196323,DJI,HKG,5543
64,97,951,1992,14737,13098,1.696464,1.365743,DNK,HKG,5543
65,97,951,1992,0,58532,-0.338979,-0.5049279999999999,DOM,HKG,5543
71,97,951,1992,49799,63200,1.301511,1.730441,ESP,HKG,5543
74,97,951,1992,0,5761,1.929661,1.3477,FIN,HKG,5543
75,97,951,1992,0,5552,-0.573887,-0.6382680000000001,FJI,HKG,5543
77,97,951,1992,69250,27935,1.682766,1.2713430000000001,FRA,HKG,5543
80,97,951,1992,0,10596,-1.683572,-1.0855620000000001,GAB,HKG,5543
81,97,951,1992,727134,51419,1.8901810000000001,0.9274030000000001,GBR,HKG,5543
83,97,951,1992,0,73878,-0.936314,-0.935839,GHA,HKG,5543
85,97,951,1992,0,89414,-1.11535,-1.0306,GIN,HKG,5543
87,97,951,1992,0,4909,-1.4704190000000001,-0.940117,GMB,HKG,5543
88,97,951,1992,0,15780,-0.22399299999999997,-0.667562,GNB,HKG,5543
90,97,951,1992,11820,0,0.139504,0.743678,GRC,HKG,5543
103,97,951,1992,85013,137482,-0.5250670000000001,0.717568,IDN,HKG,5543
104,97,951,1992,1332,4122,0.101094,1.6851180000000001,IND,HKG,5543
106,97,951,1992,405425,9119,1.454172,1.397052,IRL,HKG,5543
110,97,951,1992,28518,0,1.354362,1.3260530000000001,ISR,HKG,5543
111,97,951,1992,1067151,48104,1.7819,0.981246,ITA,HKG,5543
113,97,951,1992,0,56047,0.716964,0.5323760000000001,JOR,HKG,5543
114,97,951,1992,5535484,67712,2.451698,0.875639,JPN,HKG,5543
116,97,951,1992,0,2611,-0.31818,-0.096856,KEN,HKG,5543
121,97,951,1992,168178,3136,0.778066,1.3011139999999999,KOR,HKG,5543
122,97,951,1992,0,18034,-1.2360950000000002,-1.061771,KWT,HKG,5543
124,97,951,1992,0,26230,0.186135,0.800906,LBN,HKG,5543
125,97,951,1992,0,21455,-0.790557,-0.9978870000000001,LBR,HKG,5543
128,97,951,1992,0,2057,-0.45780600000000005,-0.221948,LKA,HKG,5543
133,97,951,1992,7000,918521,0.249034,-0.026864,MAC,HKG,5543
136,97,951,1992,0,15881,-0.977873,-0.743187,MDG,HKG,5543
141,97,951,1992,0,42774,-0.9495790000000001,-1.028165,MLI,HKG,5543
143,97,951,1992,0,5408,-1.030267,-0.770368,MMR,HKG,5543
147,97,951,1992,0,1162,-0.119653,-0.28381100000000004,MOZ,HKG,5543
148,97,951,1992,0,3747,-1.270091,-1.116622,MRT,HKG,5543
151,97,951,1992,0,3945,-0.249558,-0.643201,MUS,HKG,5543
153,97,951,1992,1953845,35070,0.14268499999999998,0.370079,MYS,HKG,5543
159,97,951,1992,0,99103,-2.275923,-1.178983,NGA,HKG,5543
162,97,951,1992,54273,89403,1.4315069999999999,1.7107450000000002,NLD,HKG,5543
163,97,951,1992,0,23060,0.877965,0.444983,NOR,HKG,5543
166,97,951,1992,0,10492,0.41866000000000003,0.580581,NZL,HKG,5543
169,97,951,1992,0,1988,0.289315,0.37247199999999997,PAN,HKG,5543
174,97,951,1992,42445,84332,-0.139761,0.772109,PHL,HKG,5543
176,97,951,1992,0,3748,-1.602221,-1.058247,PNG,HKG,5543
178,97,951,1992,0,3359,0.201042,0.477547,PRK,HKG,5543
179,97,951,1992,0,2748,0.47505,0.8402860000000001,PRT,HKG,5543
188,97,951,1992,0,15024,0.416315,-0.7342489999999999,SAU,HKG,5543
191,97,951,1992,0,21102,-0.43371800000000005,-0.679547,SEN,HKG,5543
192,97,951,1992,3179812,101404,0.95691,0.892702,SGP,HKG,5543
196,97,951,1992,0,10988,-0.877425,-0.798561,SLE,HKG,5543
205,97,951,1992,0,3906,-0.9841209999999999,-0.9359129999999999,SUR,HKG,5543
208,97,951,1992,2716,18805,2.2265900000000003,0.999178,SWE,HKG,5543
215,97,951,1992,0,8527,-1.199292,-1.082889,TGO,HKG,5543
216,97,951,1992,236345,105268,0.109518,1.486578,THA,HKG,5543
231,97,951,1992,5445255,33918,1.660693,1.289752,USA,HKG,5543
243,97,951,1992,0,1808,-0.7116020000000001,-0.9852489999999999,YEM,HKG,5543
246,97,951,1992,0,2320,0.236335,1.415622,ZAF,HKG,5543
249,97,951,1992,1534673,33441,1.3694790000000001,1.6227559999999999,TWN,HKG,5543
250,97,951,1992,0,1808,0.989994,0.977453,ANS,HKG,5543
39,99,951,1992,2279,0,0.74703,1.096791,CAN,HND,5543
52,99,951,1992,22659,7890,0.11654,0.191873,CRI,HND,5543
61,99,951,1992,1843,0,2.2968349999999997,-2.581569,DEU,HND,5543
93,99,951,1992,101426,86875,-0.031145999999999997,0.48874300000000004,GTM,HND,5543
111,99,951,1992,18078,0,1.7819,0.981246,ITA,HND,5543
160,99,951,1992,0,9443,-0.214083,-0.111615,NIC,HND,5543
169,99,951,1992,1544,1471,0.289315,0.37247199999999997,PAN,HND,5543
197,99,951,1992,0,53103,0.396523,0.47548900000000005,SLV,HND,5543
231,99,951,1992,72230,37358,1.660693,1.289752,USA,HND,5543
7,106,951,1992,0,11271,-0.495518,-0.963358,ARE,IRL,5543
15,106,951,1992,17468,0,1.975207,0.669388,AUT,IRL,5543
18,106,951,1992,2185,72358,1.449085,1.622957,BEL,IRL,5543
24,106,951,1992,0,1947,0.047396,-0.554517,BHR,IRL,5543
39,106,951,1992,1979,30648,0.74703,1.096791,CAN,IRL,5543
41,106,951,1992,29520,0,2.24952,1.014945,CHE,IRL,5543
58,106,951,1992,0,27581,0.471516,0.668776,CYP,IRL,5543
61,106,951,1992,268056,909014,2.2968349999999997,-2.581569,DEU,IRL,5543
64,106,951,1992,11624,9486,1.696464,1.365743,DNK,IRL,5543
71,106,951,1992,59106,94816,1.301511,1.730441,ESP,IRL,5543
74,106,951,1992,0,8624,1.929661,1.3477,FIN,IRL,5543
77,106,951,1992,125901,123480,1.682766,1.2713430000000001,FRA,IRL,5543
81,106,951,1992,9280211,4754492,1.8901810000000001,0.9274030000000001,GBR,IRL,5543
90,106,951,1992,0,91014,0.139504,0.743678,GRC,IRL,5543
97,106,951,1992,9119,405425,0.754112,1.911201,HKG,IRL,5543
102,106,951,1992,0,132601,0.9144620000000001,2.157041,HUN,IRL,5543
110,106,951,1992,0,13058,1.354362,1.3260530000000001,ISR,IRL,5543
111,106,951,1992,33795,6729,1.7819,0.981246,ITA,IRL,5543
114,106,951,1992,2478,18591,2.451698,0.875639,JPN,IRL,5543
121,106,951,1992,0,31453,0.778066,1.3011139999999999,KOR,IRL,5543
124,106,951,1992,0,8173,0.186135,0.800906,LBN,IRL,5543
142,106,951,1992,0,11672,0.828211,0.29226599999999997,MLT,IRL,5543
153,106,951,1992,0,2772,0.14268499999999998,0.370079,MYS,IRL,5543
162,106,951,1992,1486964,451166,1.4315069999999999,1.7107450000000002,NLD,IRL,5543
163,106,951,1992,0,3173,0.877965,0.444983,NOR,IRL,5543
166,106,951,1992,0,28577,0.41866000000000003,0.580581,NZL,IRL,5543
168,106,951,1992,0,10032,-0.480152,-0.361705,PAK,IRL,5543
179,106,951,1992,0,1392,0.47505,0.8402860000000001,PRT,IRL,5543
188,106,951,1992,0,12508,0.416315,-0.7342489999999999,SAU,IRL,5543
192,106,951,1992,0,63313,0.95691,0.892702,SGP,IRL,5543
208,106,951,1992,0,18651,2.2265900000000003,0.999178,SWE,IRL,5543
216,106,951,1992,0,6717,0.109518,1.486578,THA,IRL,5543
231,106,951,1992,25234,183618,1.660693,1.289752,USA,IRL,5543
246,106,951,1992,6257,0,0.236335,1.415622,ZAF,IRL,5543
249,106,951,1992,11930,0,1.3694790000000001,1.6227559999999999,TWN,IRL,5543
250,106,951,1992,0,1221,0.989994,0.977453,ANS,IRL,5543
7,111,951,1992,0,43432,-0.495518,-0.963358,ARE,ITA,5543
8,111,951,1992,0,33781,0.043179,0.553408,ARG,ITA,5543
13,111,951,1992,0,37450,0.561238,-0.164287,ATG,ITA,5543
14,111,951,1992,0,134826,0.083812,0.637224,AUS,ITA,5543
15,111,951,1992,131954,210164,1.975207,0.669388,AUT,ITA,5543
18,111,951,1992,471977,128154,1.449085,1.622957,BEL,ITA,5543
19,111,951,1992,0,2397,-1.206267,-0.855159,BEN,ITA,5543
23,111,951,1992,0,24565,0.503161,1.871616,BGR,ITA,5543
31,111,951,1992,0,2946,-0.609826,-0.693473,BOL,ITA,5543
32,111,951,1992,0,125962,0.685144,1.5676709999999998,BRA,ITA,5543
39,111,951,1992,46459,458576,0.74703,1.096791,CAN,ITA,5543
41,111,951,1992,825445,823638,2.24952,1.014945,CHE,ITA,5543
42,111,951,1992,0,21093,-0.188106,-0.360151,CHL,ITA,5543
43,111,951,1992,48123,11302,0.269411,1.920075,CHN,ITA,5543
49,111,951,1992,0,41474,0.022895,0.22971799999999998,COL,ITA,5543
52,111,951,1992,0,6738,0.11654,0.191873,CRI,ITA,5543
53,111,951,1992,0,116110,1.116966,2.225331,CSK,ITA,5543
54,111,951,1992,0,171110,-0.719011,-1.077984,CUB,ITA,5543
58,111,951,1992,0,154592,0.471516,0.668776,CYP,ITA,5543
61,111,951,1992,7953171,691027,2.2968349999999997,-2.581569,DEU,ITA,5543
64,111,951,1992,241830,24657,1.696464,1.365743,DNK,ITA,5543
66,111,951,1992,0,55838,-0.24189699999999997,-0.9399219999999999,DZA,ITA,5543
68,111,951,1992,0,115043,-0.102143,-0.17513499999999999,EGY,ITA,5543
71,111,951,1992,3262089,1625907,1.301511,1.730441,ESP,ITA,5543
73,111,951,1992,0,35423,-1.036482,-1.078446,ETH,ITA,5543
74,111,951,1992,0,184149,1.929661,1.3477,FIN,ITA,5543
77,111,951,1992,1748662,1392779,1.682766,1.2713430000000001,FRA,ITA,5543
81,111,951,1992,2027401,160212,1.8901810000000001,0.9274030000000001,GBR,ITA,5543
83,111,951,1992,0,3478,-0.936314,-0.935839,GHA,ITA,5543
84,111,951,1992,3708,0,1.356823,0.656416,GIB,ITA,5543
85,111,951,1992,0,33398,-1.11535,-1.0306,GIN,ITA,5543
86,111,951,1992,0,27486,0.68221,-0.319682,GLP,ITA,5543
90,111,951,1992,33401,1686018,0.139504,0.743678,GRC,ITA,5543
94,111,951,1992,0,1008,0.9797959999999999,0.125384,GUF,ITA,5543
97,111,951,1992,48104,1067151,0.754112,1.911201,HKG,ITA,5543
99,111,951,1992,0,18078,-0.5100640000000001,-0.38205900000000004,HND,ITA,5543
100,111,951,1992,0,76335,0.877872,1.726188,HRV,ITA,5543
102,111,951,1992,0,20167,0.9144620000000001,2.157041,HUN,ITA,5543
103,111,951,1992,0,15942,-0.5250670000000001,0.717568,IDN,ITA,5543
104,111,951,1992,0,227529,0.101094,1.6851180000000001,IND,ITA,5543
106,111,951,1992,6729,33795,1.454172,1.397052,IRL,ITA,5543
109,111,951,1992,0,2661,-0.076691,-0.630567,ISL,ITA,5543
110,111,951,1992,0,664216,1.354362,1.3260530000000001,ISR,ITA,5543
112,111,951,1992,7612,0,-0.200329,-0.595741,JAM,ITA,5543
113,111,951,1992,0,53218,0.716964,0.5323760000000001,JOR,ITA,5543
114,111,951,1992,407874,178908,2.451698,0.875639,JPN,ITA,5543
121,111,951,1992,0,249997,0.778066,1.3011139999999999,KOR,ITA,5543
122,111,951,1992,0,257973,-1.2360950000000002,-1.061771,KWT,ITA,5543
124,111,951,1992,0,180424,0.186135,0.800906,LBN,ITA,5543
126,111,951,1992,0,18612,-0.333309,-0.981883,LBY,ITA,5543
134,111,951,1992,0,74649,-0.339711,-0.265987,MAR,ITA,5543
138,111,951,1992,0,154290,0.9039370000000001,0.965842,MEX,ITA,5543
142,111,951,1992,195652,153564,0.828211,0.29226599999999997,MLT,ITA,5543
150,111,951,1992,0,11882,0.70167,-0.075327,MTQ,ITA,5543
151,111,951,1992,0,3260,-0.249558,-0.643201,MUS,ITA,5543
153,111,951,1992,0,77857,0.14268499999999998,0.370079,MYS,ITA,5543
156,111,951,1992,0,12022,-1.284672,-0.9233870000000001,NCL,ITA,5543
159,111,951,1992,0,106008,-2.275923,-1.178983,NGA,ITA,5543
162,111,951,1992,7456960,303839,1.4315069999999999,1.7107450000000002,NLD,ITA,5543
163,111,951,1992,38375,37097,0.877965,0.444983,NOR,ITA,5543
166,111,951,1992,0,10559,0.41866000000000003,0.580581,NZL,ITA,5543
167,111,951,1992,0,28494,-0.906702,-1.0716709999999998,OMN,ITA,5543
168,111,951,1992,0,2962,-0.480152,-0.361705,PAK,ITA,5543
169,111,951,1992,0,3169,0.289315,0.37247199999999997,PAN,ITA,5543
173,111,951,1992,0,1475,-0.286545,-0.264638,PER,ITA,5543
174,111,951,1992,0,1806,-0.139761,0.772109,PHL,ITA,5543
177,111,951,1992,0,1471091,0.581166,2.070795,POL,ITA,5543
179,111,951,1992,54802,590411,0.47505,0.8402860000000001,PRT,ITA,5543
180,111,951,1992,0,2017,-0.906433,-0.787177,PRY,ITA,5543
182,111,951,1992,0,10911,0.217401,-0.5575180000000001,PYF,ITA,5543
183,111,951,1992,0,14319,-0.491413,-1.004476,QAT,ITA,5543
184,111,951,1992,0,5117,0.251216,-0.448812,REU,ITA,5543
185,111,951,1992,11825,40806,0.838817,1.358629,ROU,ITA,5543
186,111,951,1992,0,60381,0.071799,0.14036099999999999,RUS,ITA,5543
187,111,951,1992,0,46949,-0.890012,-0.888402,RWA,ITA,5543
188,111,951,1992,0,493422,0.416315,-0.7342489999999999,SAU,ITA,5543
189,111,951,1992,4245,598962,0.9474950000000001,2.442268,SCG,ITA,5543
191,111,951,1992,0,1149,-0.43371800000000005,-0.679547,SEN,ITA,5543
192,111,951,1992,17647,74741,0.95691,0.892702,SGP,ITA,5543
207,111,951,1992,0,90687,1.3270629999999999,1.605534,SVN,ITA,5543
208,111,951,1992,40466,167067,2.2265900000000003,0.999178,SWE,ITA,5543
216,111,951,1992,0,12512,0.109518,1.486578,THA,ITA,5543
223,111,951,1992,0,89836,0.14482,-0.13608,TUN,ITA,5543
224,111,951,1992,0,447003,0.160966,1.154796,TUR,ITA,5543
230,111,951,1992,0,39069,0.242758,0.711781,URY,ITA,5543
231,111,951,1992,478647,199616,1.660693,1.289752,USA,ITA,5543
236,111,951,1992,0,38873,-0.106385,-0.65975,VEN,ITA,5543
246,111,951,1992,22073,41361,0.236335,1.415622,ZAF,ITA,5543
248,111,951,1992,0,3813,-0.11168099999999999,0.143612,ZWE,ITA,5543
249,111,951,1992,6629,99402,1.3694790000000001,1.6227559999999999,TWN,ITA,5543
250,111,951,1992,85813,0,0.989994,0.977453,ANS,ITA,5543
14,121,951,1992,3175,0,0.083812,0.637224,AUS,KOR,5543
39,121,951,1992,11582,0,0.74703,1.096791,CAN,KOR,5543
41,121,951,1992,18454,0,2.24952,1.014945,CHE,KOR,5543
42,121,951,1992,0,1874,-0.188106,-0.360151,CHL,KOR,5543
43,121,951,1992,0,47724,0.269411,1.920075,CHN,KOR,5543
61,121,951,1992,567614,24479,2.2968349999999997,-2.581569,DEU,KOR,5543
64,121,951,1992,50408,15492,1.696464,1.365743,DNK,KOR,5543
65,121,951,1992,0,2156,-0.338979,-0.5049279999999999,DOM,KOR,5543
66,121,951,1992,0,8573,-0.24189699999999997,-0.9399219999999999,DZA,KOR,5543
71,121,951,1992,2136,0,1.301511,1.730441,ESP,KOR,5543
77,121,951,1992,2796,0,1.682766,1.2713430000000001,FRA,KOR,5543
81,121,951,1992,8113,0,1.8901810000000001,0.9274030000000001,GBR,KOR,5543
97,121,951,1992,3136,168178,0.754112,1.911201,HKG,KOR,5543
103,121,951,1992,0,222018,-0.5250670000000001,0.717568,IDN,KOR,5543
104,121,951,1992,0,1294,0.101094,1.6851180000000001,IND,KOR,5543
106,121,951,1992,31453,0,1.454172,1.397052,IRL,KOR,5543
110,121,951,1992,11293,0,1.354362,1.3260530000000001,ISR,KOR,5543
111,121,951,1992,249997,0,1.7819,0.981246,ITA,KOR,5543
114,121,951,1992,2992323,60631,2.451698,0.875639,JPN,KOR,5543
138,121,951,1992,0,990,0.9039370000000001,0.965842,MEX,KOR,5543
153,121,951,1992,0,21639,0.14268499999999998,0.370079,MYS,KOR,5543
162,121,951,1992,86373,0,1.4315069999999999,1.7107450000000002,NLD,KOR,5543
166,121,951,1992,3204,0,0.41866000000000003,0.580581,NZL,KOR,5543
169,121,951,1992,0,11538,0.289315,0.37247199999999997,PAN,KOR,5543
174,121,951,1992,9604,0,-0.139761,0.772109,PHL,KOR,5543
188,121,951,1992,0,20113,0.416315,-0.7342489999999999,SAU,KOR,5543
192,121,951,1992,319364,14503,0.95691,0.892702,SGP,KOR,5543
208,121,951,1992,1899,34709,2.2265900000000003,0.999178,SWE,KOR,5543
216,121,951,1992,0,23000,0.109518,1.486578,THA,KOR,5543
231,121,951,1992,3777302,4073,1.660693,1.289752,USA,KOR,5543
249,121,951,1992,1949,39208,1.3694790000000001,1.6227559999999999,TWN,KOR,5543
250,121,951,1992,0,2560,0.989994,0.977453,ANS,KOR,5543
14,153,951,1992,32932,2224,0.083812,0.637224,AUS,MYS,5543
18,153,951,1992,4689,0,1.449085,1.622957,BEL,MYS,5543
34,153,951,1992,0,110423,-1.142722,-0.818717,BRN,MYS,5543
41,153,951,1992,7539,0,2.24952,1.014945,CHE,MYS,5543
43,153,951,1992,9797,1872,0.269411,1.920075,CHN,MYS,5543
61,153,951,1992,369278,0,2.2968349999999997,-2.581569,DEU,MYS,5543
64,153,951,1992,1488,0,1.696464,1.365743,DNK,MYS,5543
77,153,951,1992,3610,0,1.682766,1.2713430000000001,FRA,MYS,5543
81,153,951,1992,328689,0,1.8901810000000001,0.9274030000000001,GBR,MYS,5543
97,153,951,1992,35070,1953845,0.754112,1.911201,HKG,MYS,5543
103,153,951,1992,6637,64243,-0.5250670000000001,0.717568,IDN,MYS,5543
104,153,951,1992,5539,0,0.101094,1.6851180000000001,IND,MYS,5543
106,153,951,1992,2772,0,1.454172,1.397052,IRL,MYS,5543
107,153,951,1992,14900,0,-1.195108,-1.135155,IRN,MYS,5543
111,153,951,1992,77857,0,1.7819,0.981246,ITA,MYS,5543
114,153,951,1992,1491232,181833,2.451698,0.875639,JPN,MYS,5543
118,153,951,1992,0,32241,-1.036685,-1.149364,KHM,MYS,5543
121,153,951,1992,21639,0,0.778066,1.3011139999999999,KOR,MYS,5543
128,153,951,1992,0,1456,-0.45780600000000005,-0.221948,LKA,MYS,5543
133,153,951,1992,0,7302,0.249034,-0.026864,MAC,MYS,5543
134,153,951,1992,0,27559,-0.339711,-0.265987,MAR,MYS,5543
137,153,951,1992,0,28419,-0.501228,-0.8746290000000001,MDV,MYS,5543
143,153,951,1992,0,5606,-1.030267,-0.770368,MMR,MYS,5543
162,153,951,1992,14555,3690,1.4315069999999999,1.7107450000000002,NLD,MYS,5543
166,153,951,1992,1560,692,0.41866000000000003,0.580581,NZL,MYS,5543
168,153,951,1992,8291,16806,-0.480152,-0.361705,PAK,MYS,5543
174,153,951,1992,0,86329,-0.139761,0.772109,PHL,MYS,5543
188,153,951,1992,0,3451,0.416315,-0.7342489999999999,SAU,MYS,5543
192,153,951,1992,1110186,1286338,0.95691,0.892702,SGP,MYS,5543
208,153,951,1992,1969,0,2.2265900000000003,0.999178,SWE,MYS,5543
216,153,951,1992,27382,50928,0.109518,1.486578,THA,MYS,5543
231,153,951,1992,494992,18300,1.660693,1.289752,USA,MYS,5543
249,153,951,1992,81647,4267,1.3694790000000001,1.6227559999999999,TWN,MYS,5543
0,162,951,1992,0,2515,-0.260923,-0.700814,ABW,NLD,5543
2,162,951,1992,0,86584,-1.90642,-1.061544,AGO,NLD,5543
5,162,951,1992,0,3365,1.4058959999999998,0.830189,AND,NLD,5543
6,162,951,1992,0,13270,0.258484,-0.47236000000000006,ANT,NLD,5543
7,162,951,1992,0,41131,-0.495518,-0.963358,ARE,NLD,5543
8,162,951,1992,0,8027,0.043179,0.553408,ARG,NLD,5543
14,162,951,1992,0,62745,0.083812,0.637224,AUS,NLD,5543
15,162,951,1992,222412,2438659,1.975207,0.669388,AUT,NLD,5543
18,162,951,1992,7274768,13873498,1.449085,1.622957,BEL,NLD,5543
22,162,951,1992,0,1971,-0.608254,-0.921751,BGD,NLD,5543
23,162,951,1992,0,13776,0.503161,1.871616,BGR,NLD,5543
39,162,951,1992,1104,15203,0.74703,1.096791,CAN,NLD,5543
41,162,951,1992,517758,1294434,2.24952,1.014945,CHE,NLD,5543
42,162,951,1992,0,1032,-0.188106,-0.360151,CHL,NLD,5543
43,162,951,1992,2069,9402,0.269411,1.920075,CHN,NLD,5543
49,162,951,1992,0,33098,0.022895,0.22971799999999998,COL,NLD,5543
53,162,951,1992,0,432750,1.116966,2.225331,CSK,NLD,5543
58,162,951,1992,1380,50815,0.471516,0.668776,CYP,NLD,5543
61,162,951,1992,6937316,29524124,2.2968349999999997,-2.581569,DEU,NLD,5543
64,162,951,1992,112408,1236283,1.696464,1.365743,DNK,NLD,5543
66,162,951,1992,0,1279,-0.24189699999999997,-0.9399219999999999,DZA,NLD,5543
68,162,951,1992,0,145217,-0.102143,-0.17513499999999999,EGY,NLD,5543
71,162,951,1992,449191,1147478,1.301511,1.730441,ESP,NLD,5543
72,162,951,1992,0,1264,0.22019699999999998,0.0198,EST,NLD,5543
73,162,951,1992,0,1830,-1.036482,-1.078446,ETH,NLD,5543
74,162,951,1992,35924,967347,1.929661,1.3477,FIN,NLD,5543
77,162,951,1992,2376196,25154966,1.682766,1.2713430000000001,FRA,NLD,5543
78,162,951,1992,0,5829,-0.51381,-0.8512059999999999,FRO,NLD,5543
81,162,951,1992,3580662,10481307,1.8901810000000001,0.9274030000000001,GBR,NLD,5543
86,162,951,1992,0,3401,0.68221,-0.319682,GLP,NLD,5543
90,162,951,1992,2943,738766,0.139504,0.743678,GRC,NLD,5543
94,162,951,1992,0,3734,0.9797959999999999,0.125384,GUF,NLD,5543
97,162,951,1992,89403,54273,0.754112,1.911201,HKG,NLD,5543
100,162,951,1992,0,10878,0.877872,1.726188,HRV,NLD,5543
102,162,951,1992,0,792020,0.9144620000000001,2.157041,HUN,NLD,5543
103,162,951,1992,0,15148,-0.5250670000000001,0.717568,IDN,NLD,5543
104,162,951,1992,0,7155,0.101094,1.6851180000000001,IND,NLD,5543
106,162,951,1992,451166,1486964,1.454172,1.397052,IRL,NLD,5543
107,162,951,1992,0,30879,-1.195108,-1.135155,IRN,NLD,5543
109,162,951,1992,0,18118,-0.076691,-0.630567,ISL,NLD,5543
110,162,951,1992,0,81576,1.354362,1.3260530000000001,ISR,NLD,5543
111,162,951,1992,303839,7456960,1.7819,0.981246,ITA,NLD,5543
113,162,951,1992,0,65465,0.716964,0.5323760000000001,JOR,NLD,5543
114,162,951,1992,52937,40908,2.451698,0.875639,JPN,NLD,5543
116,162,951,1992,0,2165,-0.31818,-0.096856,KEN,NLD,5543
121,162,951,1992,0,86373,0.778066,1.3011139999999999,KOR,NLD,5543
124,162,951,1992,0,46924,0.186135,0.800906,LBN,NLD,5543
125,162,951,1992,0,1717,-0.790557,-0.9978870000000001,LBR,NLD,5543
134,162,951,1992,0,14137,-0.339711,-0.265987,MAR,NLD,5543
136,162,951,1992,0,1272,-0.977873,-0.743187,MDG,NLD,5543
138,162,951,1992,0,10336,0.9039370000000001,0.965842,MEX,NLD,5543
141,162,951,1992,0,4257,-0.9495790000000001,-1.028165,MLI,NLD,5543
142,162,951,1992,0,3460,0.828211,0.29226599999999997,MLT,NLD,5543
150,162,951,1992,0,4792,0.70167,-0.075327,MTQ,NLD,5543
151,162,951,1992,0,13201,-0.249558,-0.643201,MUS,NLD,5543
152,162,951,1992,0,7960,-1.368384,-1.205314,MWI,NLD,5543
153,162,951,1992,3690,14555,0.14268499999999998,0.370079,MYS,NLD,5543
159,162,951,1992,0,7140,-2.275923,-1.178983,NGA,NLD,5543
163,162,951,1992,25501,1960836,0.877965,0.444983,NOR,NLD,5543
166,162,951,1992,0,14091,0.41866000000000003,0.580581,NZL,NLD,5543
167,162,951,1992,0,2190,-0.906702,-1.0716709999999998,OMN,NLD,5543
174,162,951,1992,0,3055,-0.139761,0.772109,PHL,NLD,5543
176,162,951,1992,0,2492,-1.602221,-1.058247,PNG,NLD,5543
177,162,951,1992,0,3592715,0.581166,2.070795,POL,NLD,5543
179,162,951,1992,0,576089,0.47505,0.8402860000000001,PRT,NLD,5543
182,162,951,1992,0,6105,0.217401,-0.5575180000000001,PYF,NLD,5543
183,162,951,1992,0,2939,-0.491413,-1.004476,QAT,NLD,5543
185,162,951,1992,0,28499,0.838817,1.358629,ROU,NLD,5543
186,162,951,1992,0,1508,0.071799,0.14036099999999999,RUS,NLD,5543
188,162,951,1992,0,145716,0.416315,-0.7342489999999999,SAU,NLD,5543
189,162,951,1992,0,131360,0.9474950000000001,2.442268,SCG,NLD,5543
192,162,951,1992,0,138692,0.95691,0.892702,SGP,NLD,5543
205,162,951,1992,0,2851,-0.9841209999999999,-0.9359129999999999,SUR,NLD,5543
207,162,951,1992,0,32558,1.3270629999999999,1.605534,SVN,NLD,5543
208,162,951,1992,429430,3336874,2.2265900000000003,0.999178,SWE,NLD,5543
212,162,951,1992,0,1905,-0.566724,-0.602446,SYR,NLD,5543
216,162,951,1992,16751,150480,0.109518,1.486578,THA,NLD,5543
222,162,951,1992,0,2778,0.43506000000000006,-0.43233599999999994,TTO,NLD,5543
224,162,951,1992,0,97523,0.160966,1.154796,TUR,NLD,5543
230,162,951,1992,0,1039,0.242758,0.711781,URY,NLD,5543
231,162,951,1992,1023421,304279,1.660693,1.289752,USA,NLD,5543
236,162,951,1992,0,1412,-0.106385,-0.65975,VEN,NLD,5543
246,162,951,1992,3689,317130,0.236335,1.415622,ZAF,NLD,5543
248,162,951,1992,0,8205,-0.11168099999999999,0.143612,ZWE,NLD,5543
249,162,951,1992,77430,119095,1.3694790000000001,1.6227559999999999,TWN,NLD,5543
250,162,951,1992,0,822837,0.989994,0.977453,ANS,NLD,5543
14,163,951,1992,0,2087,0.083812,0.637224,AUS,NOR,5543
15,163,951,1992,37299,25116,1.975207,0.669388,AUT,NOR,5543
18,163,951,1992,91823,0,1.449085,1.622957,BEL,NOR,5543
39,163,951,1992,101482,1096,0.74703,1.096791,CAN,NOR,5543
41,163,951,1992,116691,23999,2.24952,1.014945,CHE,NOR,5543
43,163,951,1992,12795,14834,0.269411,1.920075,CHN,NOR,5543
53,163,951,1992,0,9044,1.116966,2.225331,CSK,NOR,5543
61,163,951,1992,911341,49558,2.2968349999999997,-2.581569,DEU,NOR,5543
64,163,951,1992,845913,58346,1.696464,1.365743,DNK,NOR,5543
71,163,951,1992,18826,0,1.301511,1.730441,ESP,NOR,5543
74,163,951,1992,3333,39015,1.929661,1.3477,FIN,NOR,5543
77,163,951,1992,281492,113814,1.682766,1.2713430000000001,FRA,NOR,5543
81,163,951,1992,1569553,8298,1.8901810000000001,0.9274030000000001,GBR,NOR,5543
90,163,951,1992,0,36004,0.139504,0.743678,GRC,NOR,5543
97,163,951,1992,23060,0,0.754112,1.911201,HKG,NOR,5543
103,163,951,1992,0,9273,-0.5250670000000001,0.717568,IDN,NOR,5543
106,163,951,1992,3173,0,1.454172,1.397052,IRL,NOR,5543
109,163,951,1992,0,3677,-0.076691,-0.630567,ISL,NOR,5543
110,163,951,1992,10037,6023,1.354362,1.3260530000000001,ISR,NOR,5543
111,163,951,1992,37097,38375,1.7819,0.981246,ITA,NOR,5543
114,163,951,1992,29111,20131,2.451698,0.875639,JPN,NOR,5543
138,163,951,1992,14842,0,0.9039370000000001,0.965842,MEX,NOR,5543
162,163,951,1992,1960836,25501,1.4315069999999999,1.7107450000000002,NLD,NOR,5543
174,163,951,1992,0,1884,-0.139761,0.772109,PHL,NOR,5543
177,163,951,1992,0,9725,0.581166,2.070795,POL,NOR,5543
179,163,951,1992,0,34898,0.47505,0.8402860000000001,PRT,NOR,5543
183,163,951,1992,0,1167,-0.491413,-1.004476,QAT,NOR,5543
188,163,951,1992,0,53495,0.416315,-0.7342489999999999,SAU,NOR,5543
208,163,951,1992,2421630,362862,2.2265900000000003,0.999178,SWE,NOR,5543
216,163,951,1992,0,3142,0.109518,1.486578,THA,NOR,5543
224,163,951,1992,0,7862,0.160966,1.154796,TUR,NOR,5543
231,163,951,1992,169807,85616,1.660693,1.289752,USA,NOR,5543
249,163,951,1992,27224,4063,1.3694790000000001,1.6227559999999999,TWN,NOR,5543
250,163,951,1992,734,0,0.989994,0.977453,ANS,NOR,5543
32,169,951,1992,1189,0,0.685144,1.5676709999999998,BRA,PAN,5543
41,169,951,1992,1727,0,2.24952,1.014945,CHE,PAN,5543
42,169,951,1992,1090,0,-0.188106,-0.360151,CHL,PAN,5543
49,169,951,1992,2997,0,0.022895,0.22971799999999998,COL,PAN,5543
52,169,951,1992,85574,18355,0.11654,0.191873,CRI,PAN,5543
61,169,951,1992,3930,0,2.2968349999999997,-2.581569,DEU,PAN,5543
67,169,951,1992,1174,0,-0.815778,-0.9415459999999999,ECU,PAN,5543
81,169,951,1992,30931,0,1.8901810000000001,0.9274030000000001,GBR,PAN,5543
90,169,951,1992,9270,0,0.139504,0.743678,GRC,PAN,5543
93,169,951,1992,17342,0,-0.031145999999999997,0.48874300000000004,GTM,PAN,5543
97,169,951,1992,1988,0,0.754112,1.911201,HKG,PAN,5543
99,169,951,1992,1471,1544,-0.5100640000000001,-0.38205900000000004,HND,PAN,5543
110,169,951,1992,255680,0,1.354362,1.3260530000000001,ISR,PAN,5543
111,169,951,1992,3169,0,1.7819,0.981246,ITA,PAN,5543
114,169,951,1992,2565,0,2.451698,0.875639,JPN,PAN,5543
121,169,951,1992,11538,0,0.778066,1.3011139999999999,KOR,PAN,5543
138,169,951,1992,4983,0,0.9039370000000001,0.965842,MEX,PAN,5543
160,169,951,1992,0,2132,-0.214083,-0.111615,NIC,PAN,5543
197,169,951,1992,0,1436,0.396523,0.47548900000000005,SLV,PAN,5543
231,169,951,1992,273025,0,1.660693,1.289752,USA,PAN,5543
236,169,951,1992,27261,0,-0.106385,-0.65975,VEN,PAN,5543
249,169,951,1992,2926,0,1.3694790000000001,1.6227559999999999,TWN,PAN,5543
250,169,951,1992,36983,0,0.989994,0.977453,ANS,PAN,5543
14,174,951,1992,11723,47408,0.083812,0.637224,AUS,PHL,5543
41,174,951,1992,10580,0,2.24952,1.014945,CHE,PHL,5543
43,174,951,1992,0,7882,0.269411,1.920075,CHN,PHL,5543
61,174,951,1992,29906,0,2.2968349999999997,-2.581569,DEU,PHL,5543
64,174,951,1992,2278,0,1.696464,1.365743,DNK,PHL,5543
71,174,951,1992,4318,0,1.301511,1.730441,ESP,PHL,5543
81,174,951,1992,10820,0,1.8901810000000001,0.9274030000000001,GBR,PHL,5543
97,174,951,1992,84332,42445,0.754112,1.911201,HKG,PHL,5543
111,174,951,1992,1806,0,1.7819,0.981246,ITA,PHL,5543
114,174,951,1992,687303,2958,2.451698,0.875639,JPN,PHL,5543
121,174,951,1992,0,9604,0.778066,1.3011139999999999,KOR,PHL,5543
138,174,951,1992,758,0,0.9039370000000001,0.965842,MEX,PHL,5543
153,174,951,1992,86329,0,0.14268499999999998,0.370079,MYS,PHL,5543
162,174,951,1992,3055,0,1.4315069999999999,1.7107450000000002,NLD,PHL,5543
163,174,951,1992,1884,0,0.877965,0.444983,NOR,PHL,5543
192,174,951,1992,45974,0,0.95691,0.892702,SGP,PHL,5543
231,174,951,1992,499750,0,1.660693,1.289752,USA,PHL,5543
249,174,951,1992,7105,0,1.3694790000000001,1.6227559999999999,TWN,PHL,5543
250,174,951,1992,1380,0,0.989994,0.977453,ANS,PHL,5543
2,179,951,1992,0,44397,-1.90642,-1.061544,AGO,PRT,5543
15,179,951,1992,34193,0,1.975207,0.669388,AUT,PRT,5543
18,179,951,1992,64005,0,1.449085,1.622957,BEL,PRT,5543
32,179,951,1992,5362,0,0.685144,1.5676709999999998,BRA,PRT,5543
41,179,951,1992,128738,4192,2.24952,1.014945,CHE,PRT,5543
43,179,951,1992,2185,0,0.269411,1.920075,CHN,PRT,5543
46,179,951,1992,0,1178,-1.55348,-1.100071,COD,PRT,5543
51,179,951,1992,0,38273,0.314087,-0.48178699999999997,CPV,PRT,5543
61,179,951,1992,1315898,5118,2.2968349999999997,-2.581569,DEU,PRT,5543
64,179,951,1992,12687,0,1.696464,1.365743,DNK,PRT,5543
71,179,951,1992,2130904,808881,1.301511,1.730441,ESP,PRT,5543
77,179,951,1992,947817,19208,1.682766,1.2713430000000001,FRA,PRT,5543
81,179,951,1992,413127,24243,1.8901810000000001,0.9274030000000001,GBR,PRT,5543
88,179,951,1992,0,5166,-0.22399299999999997,-0.667562,GNB,PRT,5543
90,179,951,1992,115024,4832,0.139504,0.743678,GRC,PRT,5543
97,179,951,1992,2748,0,0.754112,1.911201,HKG,PRT,5543
102,179,951,1992,43857,0,0.9144620000000001,2.157041,HUN,PRT,5543
104,179,951,1992,10493,0,0.101094,1.6851180000000001,IND,PRT,5543
106,179,951,1992,1392,0,1.454172,1.397052,IRL,PRT,5543
110,179,951,1992,0,3842,1.354362,1.3260530000000001,ISR,PRT,5543
111,179,951,1992,590411,54802,1.7819,0.981246,ITA,PRT,5543
114,179,951,1992,6618,0,2.451698,0.875639,JPN,PRT,5543
162,179,951,1992,576089,0,1.4315069999999999,1.7107450000000002,NLD,PRT,5543
163,179,951,1992,34898,0,0.877965,0.444983,NOR,PRT,5543
203,179,951,1992,0,1892,1.218035,-0.270569,STP,PRT,5543
231,179,951,1992,14819,0,1.660693,1.289752,USA,PRT,5543
236,179,951,1992,0,18265,-0.106385,-0.65975,VEN,PRT,5543
246,179,951,1992,2467,0,0.236335,1.415622,ZAF,PRT,5543
13,222,951,1992,0,14767,0.561238,-0.164287,ATG,TTO,5543
29,222,951,1992,0,8822,-0.06729700000000001,-0.386682,BLZ,TTO,5543
33,222,951,1992,0,156353,0.9121950000000001,0.413592,BRB,TTO,5543
39,222,951,1992,1569,0,0.74703,1.096791,CAN,TTO,5543
43,222,951,1992,5195,0,0.269411,1.920075,CHN,TTO,5543
61,222,951,1992,16480,0,2.2968349999999997,-2.581569,DEU,TTO,5543
63,222,951,1992,0,10833,0.9006850000000001,-0.055001999999999995,DMA,TTO,5543
81,222,951,1992,53823,0,1.8901810000000001,0.9274030000000001,GBR,TTO,5543
91,222,951,1992,0,35529,0.224073,-0.42973500000000003,GRD,TTO,5543
96,222,951,1992,0,19656,-0.6447689999999999,-0.808177,GUY,TTO,5543
112,222,951,1992,73241,37224,-0.200329,-0.595741,JAM,TTO,5543
120,222,951,1992,0,9252,0.542355,-0.37078,KNA,TTO,5543
127,222,951,1992,0,15535,0.199639,-0.28238,LCA,TTO,5543
149,222,951,1992,0,6482,1.579626,-0.115515,MSR,TTO,5543
162,222,951,1992,2778,0,1.4315069999999999,1.7107450000000002,NLD,TTO,5543
231,222,951,1992,49261,8979,1.660693,1.289752,USA,TTO,5543
250,222,951,1992,1644,27821,0.989994,0.977453,ANS,TTO,5543
0,231,951,1992,0,73806,-0.260923,-0.700814,ABW,USA,5543
6,231,951,1992,0,281423,0.258484,-0.47236000000000006,ANT,USA,5543
7,231,951,1992,0,437588,-0.495518,-0.963358,ARE,USA,5543
8,231,951,1992,0,188387,0.043179,0.553408,ARG,USA,5543
13,231,951,1992,0,16968,0.561238,-0.164287,ATG,USA,5543
14,231,951,1992,22468,1455536,0.083812,0.637224,AUS,USA,5543
15,231,951,1992,68143,153684,1.975207,0.669388,AUT,USA,5543
18,231,951,1992,41329,522517,1.449085,1.622957,BEL,USA,5543
19,231,951,1992,0,31935,-1.206267,-0.855159,BEN,USA,5543
24,231,951,1992,0,132872,0.047396,-0.554517,BHR,USA,5543
25,231,951,1992,0,566831,0.181088,-0.591638,BHS,USA,5543
29,231,951,1992,0,141026,-0.06729700000000001,-0.386682,BLZ,USA,5543
30,231,951,1992,0,655696,0.302027,-0.450866,BMU,USA,5543
31,231,951,1992,0,22561,-0.609826,-0.693473,BOL,USA,5543
32,231,951,1992,22847,177160,0.685144,1.5676709999999998,BRA,USA,5543
33,231,951,1992,0,109378,0.9121950000000001,0.413592,BRB,USA,5543
34,231,951,1992,0,4547,-1.142722,-0.818717,BRN,USA,5543
39,231,951,1992,5352596,21252832,0.74703,1.096791,CAN,USA,5543
41,231,951,1992,236763,60357,2.24952,1.014945,CHE,USA,5543
42,231,951,1992,0,137049,-0.188106,-0.360151,CHL,USA,5543
43,231,951,1992,306518,54636,0.269411,1.920075,CHN,USA,5543
44,231,951,1992,0,177531,-1.689731,-1.070179,CIV,USA,5543
49,231,951,1992,0,396098,0.022895,0.22971799999999998,COL,USA,5543
52,231,951,1992,26185,27763,0.11654,0.191873,CRI,USA,5543
53,231,951,1992,0,38955,1.116966,2.225331,CSK,USA,5543
57,231,951,1992,0,94434,-0.10476600000000001,-0.571682,CYM,USA,5543
58,231,951,1992,0,17301,0.471516,0.668776,CYP,USA,5543
61,231,951,1992,3026632,1263264,2.2968349999999997,-2.581569,DEU,USA,5543
63,231,951,1992,3333,7656,0.9006850000000001,-0.055001999999999995,DMA,USA,5543
64,231,951,1992,580827,93468,1.696464,1.365743,DNK,USA,5543
65,231,951,1992,299624,384054,-0.338979,-0.5049279999999999,DOM,USA,5543
66,231,951,1992,0,214579,-0.24189699999999997,-0.9399219999999999,DZA,USA,5543
67,231,951,1992,0,63571,-0.815778,-0.9415459999999999,ECU,USA,5543
68,231,951,1992,0,141276,-0.102143,-0.17513499999999999,EGY,USA,5543
71,231,951,1992,46352,764351,1.301511,1.730441,ESP,USA,5543
74,231,951,1992,0,11168,1.929661,1.3477,FIN,USA,5543
77,231,951,1992,236309,827855,1.682766,1.2713430000000001,FRA,USA,5543
78,231,951,1992,0,2913,-0.51381,-0.8512059999999999,FRO,USA,5543
81,231,951,1992,1435737,2150097,1.8901810000000001,0.9274030000000001,GBR,USA,5543
83,231,951,1992,0,6496,-0.936314,-0.935839,GHA,USA,5543
86,231,951,1992,0,6293,0.68221,-0.319682,GLP,USA,5543
90,231,951,1992,0,99405,0.139504,0.743678,GRC,USA,5543
93,231,951,1992,24916,18104,-0.031145999999999997,0.48874300000000004,GTM,USA,5543
94,231,951,1992,0,961,0.9797959999999999,0.125384,GUF,USA,5543
96,231,951,1992,0,6474,-0.6447689999999999,-0.808177,GUY,USA,5543
97,231,951,1992,33918,5445255,0.754112,1.911201,HKG,USA,5543
99,231,951,1992,37358,72230,-0.5100640000000001,-0.38205900000000004,HND,USA,5543
100,231,951,1992,0,39586,0.877872,1.726188,HRV,USA,5543
102,231,951,1992,0,89432,0.9144620000000001,2.157041,HUN,USA,5543
103,231,951,1992,0,447851,-0.5250670000000001,0.717568,IDN,USA,5543
104,231,951,1992,8426,83106,0.101094,1.6851180000000001,IND,USA,5543
106,231,951,1992,183618,25234,1.454172,1.397052,IRL,USA,5543
107,231,951,1992,0,19651,-1.195108,-1.135155,IRN,USA,5543
109,231,951,1992,0,59942,-0.076691,-0.630567,ISL,USA,5543
110,231,951,1992,15649,200395,1.354362,1.3260530000000001,ISR,USA,5543
111,231,951,1992,199616,478647,1.7819,0.981246,ITA,USA,5543
112,231,951,1992,0,114929,-0.200329,-0.595741,JAM,USA,5543
113,231,951,1992,0,4211,0.716964,0.5323760000000001,JOR,USA,5543
114,231,951,1992,6389494,6868183,2.451698,0.875639,JPN,USA,5543
119,231,951,1992,0,4484,-0.047671,-0.740088,KIR,USA,5543
121,231,951,1992,4073,3777302,0.778066,1.3011139999999999,KOR,USA,5543
122,231,951,1992,0,402024,-1.2360950000000002,-1.061771,KWT,USA,5543
124,231,951,1992,0,177865,0.186135,0.800906,LBN,USA,5543
127,231,951,1992,0,8911,0.199639,-0.28238,LCA,USA,5543
128,231,951,1992,0,9561,-0.45780600000000005,-0.221948,LKA,USA,5543
133,231,951,1992,0,3971,0.249034,-0.026864,MAC,USA,5543
134,231,951,1992,0,95873,-0.339711,-0.265987,MAR,USA,5543
138,231,951,1992,516878,5365422,0.9039370000000001,0.965842,MEX,USA,5543
142,231,951,1992,0,19041,0.828211,0.29226599999999997,MLT,USA,5543
143,231,951,1992,0,2031,-1.030267,-0.770368,MMR,USA,5543
150,231,951,1992,0,32806,0.70167,-0.075327,MTQ,USA,5543
151,231,951,1992,0,19748,-0.249558,-0.643201,MUS,USA,5543
153,231,951,1992,18300,494992,0.14268499999999998,0.370079,MYS,USA,5543
159,231,951,1992,0,564631,-2.275923,-1.178983,NGA,USA,5543
160,231,951,1992,0,22153,-0.214083,-0.111615,NIC,USA,5543
162,231,951,1992,304279,1023421,1.4315069999999999,1.7107450000000002,NLD,USA,5543
163,231,951,1992,85616,169807,0.877965,0.444983,NOR,USA,5543
166,231,951,1992,1555,435982,0.41866000000000003,0.580581,NZL,USA,5543
167,231,951,1992,0,48673,-0.906702,-1.0716709999999998,OMN,USA,5543
168,231,951,1992,0,52115,-0.480152,-0.361705,PAK,USA,5543
169,231,951,1992,0,273025,0.289315,0.37247199999999997,PAN,USA,5543
173,231,951,1992,0,56363,-0.286545,-0.264638,PER,USA,5543
174,231,951,1992,0,499750,-0.139761,0.772109,PHL,USA,5543
177,231,951,1992,0,347626,0.581166,2.070795,POL,USA,5543
179,231,951,1992,0,14819,0.47505,0.8402860000000001,PRT,USA,5543
182,231,951,1992,0,18507,0.217401,-0.5575180000000001,PYF,USA,5543
183,231,951,1992,0,37440,-0.491413,-1.004476,QAT,USA,5543
188,231,951,1992,11157,865987,0.416315,-0.7342489999999999,SAU,USA,5543
189,231,951,1992,0,7382,0.9474950000000001,2.442268,SCG,USA,5543
192,231,951,1992,30140,1018401,0.95691,0.892702,SGP,USA,5543
197,231,951,1992,0,10683,0.396523,0.47548900000000005,SLV,USA,5543
205,231,951,1992,0,41899,-0.9841209999999999,-0.9359129999999999,SUR,USA,5543
207,231,951,1992,0,5232,1.3270629999999999,1.605534,SVN,USA,5543
208,231,951,1992,53484,111026,2.2265900000000003,0.999178,SWE,USA,5543
216,231,951,1992,3764,1602021,0.109518,1.486578,THA,USA,5543
222,231,951,1992,8979,49261,0.43506000000000006,-0.43233599999999994,TTO,USA,5543
223,231,951,1992,0,74265,0.14482,-0.13608,TUN,USA,5543
224,231,951,1992,0,76522,0.160966,1.154796,TUR,USA,5543
230,231,951,1992,0,89454,0.242758,0.711781,URY,USA,5543
236,231,951,1992,12268,312727,-0.106385,-0.65975,VEN,USA,5543
237,231,951,1992,0,27718,0.910816,0.007384999999999999,VGB,USA,5543
246,231,951,1992,0,145803,0.236335,1.415622,ZAF,USA,5543
248,231,951,1992,0,1918,-0.11168099999999999,0.143612,ZWE,USA,5543
249,231,951,1992,158590,3266730,1.3694790000000001,1.6227559999999999,TWN,USA,5543
7,14,951,1992,0,2651,-0.495518,-0.963358,ARE,AUS,5543
18,14,951,1992,84855,0,1.449085,1.622957,BEL,AUS,5543
22,14,951,1992,0,7242,-0.608254,-0.921751,BGD,AUS,5543
24,14,951,1992,0,4706,0.047396,-0.554517,BHR,AUS,5543
32,14,951,1992,5756,1219,0.685144,1.5676709999999998,BRA,AUS,5543
34,14,951,1992,0,20883,-1.142722,-0.818717,BRN,AUS,5543
39,14,951,1992,58291,1222,0.74703,1.096791,CAN,AUS,5543
41,14,951,1992,31267,0,2.24952,1.014945,CHE,AUS,5543
43,14,951,1992,33517,0,0.269411,1.920075,CHN,AUS,5543
48,14,951,1992,0,2618,0.113505,-0.49361400000000005,COK,AUS,5543
61,14,951,1992,734930,0,2.2968349999999997,-2.581569,DEU,AUS,5543
64,14,951,1992,12137,0,1.696464,1.365743,DNK,AUS,5543
71,14,951,1992,99831,0,1.301511,1.730441,ESP,AUS,5543
74,14,951,1992,0,3261,1.929661,1.3477,FIN,AUS,5543
75,14,951,1992,0,77809,-0.573887,-0.6382680000000001,FJI,AUS,5543
77,14,951,1992,88708,0,1.682766,1.2713430000000001,FRA,AUS,5543
81,14,951,1992,545770,7118,1.8901810000000001,0.9274030000000001,GBR,AUS,5543
86,14,951,1992,0,11998,0.68221,-0.319682,GLP,AUS,5543
97,14,951,1992,66905,54968,0.754112,1.911201,HKG,AUS,5543
103,14,951,1992,0,16794,-0.5250670000000001,0.717568,IDN,AUS,5543
111,14,951,1992,134826,0,1.7819,0.981246,ITA,AUS,5543
114,14,951,1992,147795,8883,2.451698,0.875639,JPN,AUS,5543
121,14,951,1992,0,3175,0.778066,1.3011139999999999,KOR,AUS,5543
128,14,951,1992,0,2655,-0.45780600000000005,-0.221948,LKA,AUS,5543
151,14,951,1992,0,2406,-0.249558,-0.643201,MUS,AUS,5543
153,14,951,1992,2224,32932,0.14268499999999998,0.370079,MYS,AUS,5543
156,14,951,1992,0,5971,-1.284672,-0.9233870000000001,NCL,AUS,5543
158,14,951,1992,0,2486,0.612239,-0.753354,NFK,AUS,5543
162,14,951,1992,62745,0,1.4315069999999999,1.7107450000000002,NLD,AUS,5543
163,14,951,1992,2087,0,0.877965,0.444983,NOR,AUS,5543
165,14,951,1992,0,1773,0.612259,-0.618256,NRU,AUS,5543
166,14,951,1992,429825,912700,0.41866000000000003,0.580581,NZL,AUS,5543
174,14,951,1992,47408,11723,-0.139761,0.772109,PHL,AUS,5543
176,14,951,1992,0,48741,-1.602221,-1.058247,PNG,AUS,5543
183,14,951,1992,0,2027,-0.491413,-1.004476,QAT,AUS,5543
192,14,951,1992,45760,110853,0.95691,0.892702,SGP,AUS,5543
208,14,951,1992,21128,2162,2.2265900000000003,0.999178,SWE,AUS,5543
216,14,951,1992,0,17137,0.109518,1.486578,THA,AUS,5543
221,14,951,1992,0,3041,-0.787605,-0.880726,TON,AUS,5543
231,14,951,1992,1455536,22468,1.660693,1.289752,USA,AUS,5543
240,14,951,1992,0,4399,-1.226071,-0.93215,VUT,AUS,5543
242,14,951,1992,0,2691,-0.130773,-0.751247,WSM,AUS,5543
246,14,951,1992,3225,76262,0.236335,1.415622,ZAF,AUS,5543
249,14,951,1992,31254,45421,1.3694790000000001,1.6227559999999999,TWN,AUS,5543
250,14,951,1992,3424,1393,0.989994,0.977453,ANS,AUS,5543
18,15,951,1992,710439,6894,1.449085,1.622957,BEL,AUT,5543
23,15,951,1992,0,11230,0.503161,1.871616,BGR,AUT,5543
26,15,951,1992,0,2919,0.76031,1.212207,BIH,AUT,5543
39,15,951,1992,84569,12782,0.74703,1.096791,CAN,AUT,5543
41,15,951,1992,2360161,384433,2.24952,1.014945,CHE,AUT,5543
43,15,951,1992,2734,7245,0.269411,1.920075,CHN,AUT,5543
53,15,951,1992,14507,1657492,1.116966,2.225331,CSK,AUT,5543
58,15,951,1992,0,1498,0.471516,0.668776,CYP,AUT,5543
61,15,951,1992,9164670,1815367,2.2968349999999997,-2.581569,DEU,AUT,5543
64,15,951,1992,127655,1982,1.696464,1.365743,DNK,AUT,5543
68,15,951,1992,0,2676,-0.102143,-0.17513499999999999,EGY,AUT,5543
71,15,951,1992,37875,52991,1.301511,1.730441,ESP,AUT,5543
74,15,951,1992,6834,1453,1.929661,1.3477,FIN,AUT,5543
77,15,951,1992,249923,20817,1.682766,1.2713430000000001,FRA,AUT,5543
81,15,951,1992,374535,31930,1.8901810000000001,0.9274030000000001,GBR,AUT,5543
90,15,951,1992,0,1784,0.139504,0.743678,GRC,AUT,5543
97,15,951,1992,5019,0,0.754112,1.911201,HKG,AUT,5543
100,15,951,1992,0,2103,0.877872,1.726188,HRV,AUT,5543
102,15,951,1992,335728,1839114,0.9144620000000001,2.157041,HUN,AUT,5543
106,15,951,1992,0,17468,1.454172,1.397052,IRL,AUT,5543
109,15,951,1992,0,1348,-0.076691,-0.630567,ISL,AUT,5543
110,15,951,1992,0,24069,1.354362,1.3260530000000001,ISR,AUT,5543
111,15,951,1992,210164,131954,1.7819,0.981246,ITA,AUT,5543
113,15,951,1992,0,1109,0.716964,0.5323760000000001,JOR,AUT,5543
114,15,951,1992,56200,1140974,2.451698,0.875639,JPN,AUT,5543
162,15,951,1992,2438659,222412,1.4315069999999999,1.7107450000000002,NLD,AUT,5543
163,15,951,1992,25116,37299,0.877965,0.444983,NOR,AUT,5543
177,15,951,1992,0,2131323,0.581166,2.070795,POL,AUT,5543
179,15,951,1992,0,34193,0.47505,0.8402860000000001,PRT,AUT,5543
183,15,951,1992,0,655,-0.491413,-1.004476,QAT,AUT,5543
185,15,951,1992,0,11988,0.838817,1.358629,ROU,AUT,5543
186,15,951,1992,0,1312392,0.071799,0.14036099999999999,RUS,AUT,5543
188,15,951,1992,0,2916,0.416315,-0.7342489999999999,SAU,AUT,5543
189,15,951,1992,1128,97037,0.9474950000000001,2.442268,SCG,AUT,5543
207,15,951,1992,2690,129920,1.3270629999999999,1.605534,SVN,AUT,5543
208,15,951,1992,79031,6456,2.2265900000000003,0.999178,SWE,AUT,5543
216,15,951,1992,0,1705,0.109518,1.486578,THA,AUT,5543
223,15,951,1992,0,1013,0.14482,-0.13608,TUN,AUT,5543
224,15,951,1992,0,5030,0.160966,1.154796,TUR,AUT,5543
231,15,951,1992,153684,68143,1.660693,1.289752,USA,AUT,5543
236,15,951,1992,0,2066,-0.106385,-0.65975,VEN,AUT,5543
246,15,951,1992,0,1390,0.236335,1.415622,ZAF,AUT,5543
248,15,951,1992,0,1543,-0.11168099999999999,0.143612,ZWE,AUT,5543
249,15,951,1992,1321,2752,1.3694790000000001,1.6227559999999999,TWN,AUT,5543
250,15,951,1992,0,2104,0.989994,0.977453,ANS,AUT,5543
14,22,951,1992,7242,0,0.083812,0.637224,AUS,BGD,5543
43,22,951,1992,11503,0,0.269411,1.920075,CHN,BGD,5543
81,22,951,1992,20361,0,1.8901810000000001,0.9274030000000001,GBR,BGD,5543
104,22,951,1992,19268,0,0.101094,1.6851180000000001,IND,BGD,5543
114,22,951,1992,16679,0,2.451698,0.875639,JPN,BGD,5543
162,22,951,1992,1971,0,1.4315069999999999,1.7107450000000002,NLD,BGD,5543
192,22,951,1992,17292,0,0.95691,0.892702,SGP,BGD,5543
15,23,951,1992,11230,0,1.975207,0.669388,AUT,BGR,5543
41,23,951,1992,20094,0,2.24952,1.014945,CHE,BGR,5543
58,23,951,1992,2951,0,0.471516,0.668776,CYP,BGR,5543
61,23,951,1992,153143,0,2.2968349999999997,-2.581569,DEU,BGR,5543
64,23,951,1992,4831,0,1.696464,1.365743,DNK,BGR,5543
77,23,951,1992,12200,0,1.682766,1.2713430000000001,FRA,BGR,5543
81,23,951,1992,14136,0,1.8901810000000001,0.9274030000000001,GBR,BGR,5543
90,23,951,1992,183971,0,0.139504,0.743678,GRC,BGR,5543
102,23,951,1992,7404,0,0.9144620000000001,2.157041,HUN,BGR,5543
111,23,951,1992,24565,0,1.7819,0.981246,ITA,BGR,5543
162,23,951,1992,13776,0,1.4315069999999999,1.7107450000000002,NLD,BGR,5543
186,23,951,1992,9935,0,0.071799,0.14036099999999999,RUS,BGR,5543
189,23,951,1992,1836,13851,0.9474950000000001,2.442268,SCG,BGR,5543
212,23,951,1992,8307,0,-0.566724,-0.602446,SYR,BGR,5543
216,23,951,1992,4441,0,0.109518,1.486578,THA,BGR,5543
224,23,951,1992,11391,2419,0.160966,1.154796,TUR,BGR,5543
228,23,951,1992,4290,0,0.375148,0.23747,UKR,BGR,5543
250,23,951,1992,2598,0,0.989994,0.977453,ANS,BGR,5543
14,39,951,1992,1222,58291,0.083812,0.637224,AUS,CAN,5543
15,39,951,1992,12782,84569,1.975207,0.669388,AUT,CAN,5543
18,39,951,1992,204490,131995,1.449085,1.622957,BEL,CAN,5543
24,39,951,1992,0,9353,0.047396,-0.554517,BHR,CAN,5543
33,39,951,1992,0,1758,0.9121950000000001,0.413592,BRB,CAN,5543
41,39,951,1992,83310,2672,2.24952,1.014945,CHE,CAN,5543
42,39,951,1992,0,15323,-0.188106,-0.360151,CHL,CAN,5543
43,39,951,1992,137320,31806,0.269411,1.920075,CHN,CAN,5543
54,39,951,1992,0,2082,-0.719011,-1.077984,CUB,CAN,5543
58,39,951,1992,0,13485,0.471516,0.668776,CYP,CAN,5543
61,39,951,1992,517088,158167,2.2968349999999997,-2.581569,DEU,CAN,5543
64,39,951,1992,30072,34095,1.696464,1.365743,DNK,CAN,5543
67,39,951,1992,0,88735,-0.815778,-0.9415459999999999,ECU,CAN,5543
71,39,951,1992,57749,3060,1.301511,1.730441,ESP,CAN,5543
74,39,951,1992,0,52606,1.929661,1.3477,FIN,CAN,5543
77,39,951,1992,317408,1169569,1.682766,1.2713430000000001,FRA,CAN,5543
81,39,951,1992,246659,130153,1.8901810000000001,0.9274030000000001,GBR,CAN,5543
90,39,951,1992,0,7943,0.139504,0.743678,GRC,CAN,5543
97,39,951,1992,11960,704374,0.754112,1.911201,HKG,CAN,5543
99,39,951,1992,0,2279,-0.5100640000000001,-0.38205900000000004,HND,CAN,5543
102,39,951,1992,0,3886,0.9144620000000001,2.157041,HUN,CAN,5543
106,39,951,1992,30648,1979,1.454172,1.397052,IRL,CAN,5543
110,39,951,1992,0,6638,1.354362,1.3260530000000001,ISR,CAN,5543
111,39,951,1992,458576,46459,1.7819,0.981246,ITA,CAN,5543
112,39,951,1992,0,4535,-0.200329,-0.595741,JAM,CAN,5543
114,39,951,1992,32075,21287,2.451698,0.875639,JPN,CAN,5543
121,39,951,1992,0,11582,0.778066,1.3011139999999999,KOR,CAN,5543
124,39,951,1992,0,9082,0.186135,0.800906,LBN,CAN,5543
138,39,951,1992,0,2453,0.9039370000000001,0.965842,MEX,CAN,5543
162,39,951,1992,15203,1104,1.4315069999999999,1.7107450000000002,NLD,CAN,5543
163,39,951,1992,1096,101482,0.877965,0.444983,NOR,CAN,5543
166,39,951,1992,0,18652,0.41866000000000003,0.580581,NZL,CAN,5543
177,39,951,1992,0,72978,0.581166,2.070795,POL,CAN,5543
183,39,951,1992,0,1988,-0.491413,-1.004476,QAT,CAN,5543
188,39,951,1992,0,17849,0.416315,-0.7342489999999999,SAU,CAN,5543
189,39,951,1992,0,554,0.9474950000000001,2.442268,SCG,CAN,5543
192,39,951,1992,2014,1646,0.95691,0.892702,SGP,CAN,5543
197,39,951,1992,0,808,0.396523,0.47548900000000005,SLV,CAN,5543
200,39,951,1992,0,13264,-0.49168900000000004,-0.812567,SPM,CAN,5543
208,39,951,1992,3464,164230,2.2265900000000003,0.999178,SWE,CAN,5543
216,39,951,1992,0,9715,0.109518,1.486578,THA,CAN,5543
222,39,951,1992,0,1569,0.43506000000000006,-0.43233599999999994,TTO,CAN,5543
224,39,951,1992,0,27854,0.160966,1.154796,TUR,CAN,5543
231,39,951,1992,21252832,5352596,1.660693,1.289752,USA,CAN,5543
249,39,951,1992,16456,34279,1.3694790000000001,1.6227559999999999,TWN,CAN,5543
7,41,951,1992,0,38712,-0.495518,-0.963358,ARE,CHE,5543
8,41,951,1992,0,6532,0.043179,0.553408,ARG,CHE,5543
14,41,951,1992,0,31267,0.083812,0.637224,AUS,CHE,5543
15,41,951,1992,384433,2360161,1.975207,0.669388,AUT,CHE,5543
17,41,951,1992,0,2160,-1.222854,-0.927959,BDI,CHE,5543
18,41,951,1992,282082,237485,1.449085,1.622957,BEL,CHE,5543
21,41,951,1992,0,1030,-1.176898,-1.092949,BFA,CHE,5543
23,41,951,1992,0,20094,0.503161,1.871616,BGR,CHE,5543
32,41,951,1992,0,5212,0.685144,1.5676709999999998,BRA,CHE,5543
39,41,951,1992,2672,83310,0.74703,1.096791,CAN,CHE,5543
42,41,951,1992,0,1812,-0.188106,-0.360151,CHL,CHE,5543
43,41,951,1992,3409,47858,0.269411,1.920075,CHN,CHE,5543
44,41,951,1992,0,6289,-1.689731,-1.070179,CIV,CHE,5543
45,41,951,1992,0,1750,-2.0470759999999997,-1.184491,CMR,CHE,5543
49,41,951,1992,0,1018,0.022895,0.22971799999999998,COL,CHE,5543
53,41,951,1992,0,5333,1.116966,2.225331,CSK,CHE,5543
58,41,951,1992,0,3038,0.471516,0.668776,CYP,CHE,5543
61,41,951,1992,7799176,6026110,2.2968349999999997,-2.581569,DEU,CHE,5543
64,41,951,1992,56290,58189,1.696464,1.365743,DNK,CHE,5543
67,41,951,1992,0,48913,-0.815778,-0.9415459999999999,ECU,CHE,5543
68,41,951,1992,0,2697,-0.102143,-0.17513499999999999,EGY,CHE,5543
71,41,951,1992,12469,229687,1.301511,1.730441,ESP,CHE,5543
74,41,951,1992,5265,22844,1.929661,1.3477,FIN,CHE,5543
75,41,951,1992,0,662,-0.573887,-0.6382680000000001,FJI,CHE,5543
77,41,951,1992,2706047,2504344,1.682766,1.2713430000000001,FRA,CHE,5543
81,41,951,1992,381684,253246,1.8901810000000001,0.9274030000000001,GBR,CHE,5543
82,41,951,1992,0,1509,0.392506,-0.43089399999999994,GEO,CHE,5543
86,41,951,1992,0,3225,0.68221,-0.319682,GLP,CHE,5543
90,41,951,1992,44029,23350,0.139504,0.743678,GRC,CHE,5543
97,41,951,1992,2560,240702,0.754112,1.911201,HKG,CHE,5543
100,41,951,1992,0,3777,0.877872,1.726188,HRV,CHE,5543
102,41,951,1992,44258,13157,0.9144620000000001,2.157041,HUN,CHE,5543
103,41,951,1992,0,1236,-0.5250670000000001,0.717568,IDN,CHE,5543
104,41,951,1992,0,14956,0.101094,1.6851180000000001,IND,CHE,5543
106,41,951,1992,0,29520,1.454172,1.397052,IRL,CHE,5543
109,41,951,1992,0,27868,-0.076691,-0.630567,ISL,CHE,5543
110,41,951,1992,0,88712,1.354362,1.3260530000000001,ISR,CHE,5543
111,41,951,1992,823638,825445,1.7819,0.981246,ITA,CHE,5543
113,41,951,1992,0,1097,0.716964,0.5323760000000001,JOR,CHE,5543
114,41,951,1992,11477,1392889,2.451698,0.875639,JPN,CHE,5543
121,41,951,1992,0,18454,0.778066,1.3011139999999999,KOR,CHE,5543
122,41,951,1992,0,2315,-1.2360950000000002,-1.061771,KWT,CHE,5543
126,41,951,1992,0,1691,-0.333309,-0.981883,LBY,CHE,5543
138,41,951,1992,0,3648,0.9039370000000001,0.965842,MEX,CHE,5543
142,41,951,1992,0,34100,0.828211,0.29226599999999997,MLT,CHE,5543
151,41,951,1992,0,2700,-0.249558,-0.643201,MUS,CHE,5543
153,41,951,1992,0,7539,0.14268499999999998,0.370079,MYS,CHE,5543
162,41,951,1992,1294434,517758,1.4315069999999999,1.7107450000000002,NLD,CHE,5543
163,41,951,1992,23999,116691,0.877965,0.444983,NOR,CHE,5543
166,41,951,1992,0,4930,0.41866000000000003,0.580581,NZL,CHE,5543
167,41,951,1992,0,2460,-0.906702,-1.0716709999999998,OMN,CHE,5543
169,41,951,1992,0,1727,0.289315,0.37247199999999997,PAN,CHE,5543
174,41,951,1992,0,10580,-0.139761,0.772109,PHL,CHE,5543
177,41,951,1992,0,9528,0.581166,2.070795,POL,CHE,5543
179,41,951,1992,4192,128738,0.47505,0.8402860000000001,PRT,CHE,5543
183,41,951,1992,0,13894,-0.491413,-1.004476,QAT,CHE,5543
186,41,951,1992,0,21389,0.071799,0.14036099999999999,RUS,CHE,5543
188,41,951,1992,0,74870,0.416315,-0.7342489999999999,SAU,CHE,5543
189,41,951,1992,0,3073,0.9474950000000001,2.442268,SCG,CHE,5543
192,41,951,1992,0,62733,0.95691,0.892702,SGP,CHE,5543
207,41,951,1992,0,52319,1.3270629999999999,1.605534,SVN,CHE,5543
208,41,951,1992,25678,48149,2.2265900000000003,0.999178,SWE,CHE,5543
216,41,951,1992,0,42352,0.109518,1.486578,THA,CHE,5543
223,41,951,1992,0,25649,0.14482,-0.13608,TUN,CHE,5543
224,41,951,1992,0,9028,0.160966,1.154796,TUR,CHE,5543
231,41,951,1992,60357,236763,1.660693,1.289752,USA,CHE,5543
236,41,951,1992,0,3234,-0.106385,-0.65975,VEN,CHE,5543
246,41,951,1992,0,6071,0.236335,1.415622,ZAF,CHE,5543
248,41,951,1992,0,3094,-0.11168099999999999,0.143612,ZWE,CHE,5543
249,41,951,1992,0,47951,1.3694790000000001,1.6227559999999999,TWN,CHE,5543
250,41,951,1992,1287,1518,0.989994,0.977453,ANS,CHE,5543
8,42,951,1992,6747,140325,0.043179,0.553408,ARG,CHL,5543
18,42,951,1992,1430,0,1.449085,1.622957,BEL,CHL,5543
31,42,951,1992,0,256891,-0.609826,-0.693473,BOL,CHL,5543
32,42,951,1992,12307,0,0.685144,1.5676709999999998,BRA,CHL,5543
39,42,951,1992,15323,0,0.74703,1.096791,CAN,CHL,5543
41,42,951,1992,1812,0,2.24952,1.014945,CHE,CHL,5543
52,42,951,1992,5570,0,0.11654,0.191873,CRI,CHL,5543
61,42,951,1992,89524,0,2.2968349999999997,-2.581569,DEU,CHL,5543
71,42,951,1992,45890,0,1.301511,1.730441,ESP,CHL,5543
77,42,951,1992,4526,0,1.682766,1.2713430000000001,FRA,CHL,5543
81,42,951,1992,9891,0,1.8901810000000001,0.9274030000000001,GBR,CHL,5543
97,42,951,1992,5555,0,0.754112,1.911201,HKG,CHL,5543
111,42,951,1992,21093,0,1.7819,0.981246,ITA,CHL,5543
121,42,951,1992,1874,0,0.778066,1.3011139999999999,KOR,CHL,5543
162,42,951,1992,1032,0,1.4315069999999999,1.7107450000000002,NLD,CHL,5543
169,42,951,1992,0,1090,0.289315,0.37247199999999997,PAN,CHL,5543
173,42,951,1992,7919,32778,-0.286545,-0.264638,PER,CHL,5543
180,42,951,1992,0,39481,-0.906433,-0.787177,PRY,CHL,5543
230,42,951,1992,0,25414,0.242758,0.711781,URY,CHL,5543
231,42,951,1992,137049,0,1.660693,1.289752,USA,CHL,5543
249,42,951,1992,1991,0,1.3694790000000001,1.6227559999999999,TWN,CHL,5543
250,42,951,1992,1683,2701,0.989994,0.977453,ANS,CHL,5543
15,68,951,1992,2676,0,1.975207,0.669388,AUT,EGY,5543
41,68,951,1992,2697,0,2.24952,1.014945,CHE,EGY,5543
43,68,951,1992,19503,0,0.269411,1.920075,CHN,EGY,5543
61,68,951,1992,72965,0,2.2968349999999997,-2.581569,DEU,EGY,5543
64,68,951,1992,4883,0,1.696464,1.365743,DNK,EGY,5543
66,68,951,1992,0,10070,-0.24189699999999997,-0.9399219999999999,DZA,EGY,5543
71,68,951,1992,6653,7477,1.301511,1.730441,ESP,EGY,5543
77,68,951,1992,137592,0,1.682766,1.2713430000000001,FRA,EGY,5543
81,68,951,1992,37112,0,1.8901810000000001,0.9274030000000001,GBR,EGY,5543
90,68,951,1992,6973,0,0.139504,0.743678,GRC,EGY,5543
104,68,951,1992,1390,0,0.101094,1.6851180000000001,IND,EGY,5543
111,68,951,1992,115043,0,1.7819,0.981246,ITA,EGY,5543
113,68,951,1992,0,14327,0.716964,0.5323760000000001,JOR,EGY,5543
122,68,951,1992,0,24550,-1.2360950000000002,-1.061771,KWT,EGY,5543
162,68,951,1992,145217,0,1.4315069999999999,1.7107450000000002,NLD,EGY,5543
183,68,951,1992,0,2120,-0.491413,-1.004476,QAT,EGY,5543
186,68,951,1992,0,15585,0.071799,0.14036099999999999,RUS,EGY,5543
188,68,951,1992,0,208504,0.416315,-0.7342489999999999,SAU,EGY,5543
216,68,951,1992,0,963,0.109518,1.486578,THA,EGY,5543
224,68,951,1992,0,13605,0.160966,1.154796,TUR,EGY,5543
231,68,951,1992,141276,0,1.660693,1.289752,USA,EGY,5543
250,68,951,1992,1239,0,0.989994,0.977453,ANS,EGY,5543
15,100,951,1992,2103,0,1.975207,0.669388,AUT,HRV,5543
18,100,951,1992,1918,0,1.449085,1.622957,BEL,HRV,5543
26,100,951,1992,1125,70893,0.76031,1.212207,BIH,HRV,5543
41,100,951,1992,3777,0,2.24952,1.014945,CHE,HRV,5543
61,100,951,1992,96814,0,2.2968349999999997,-2.581569,DEU,HRV,5543
77,100,951,1992,1067,0,1.682766,1.2713430000000001,FRA,HRV,5543
81,100,951,1992,26179,0,1.8901810000000001,0.9274030000000001,GBR,HRV,5543
102,100,951,1992,1710,0,0.9144620000000001,2.157041,HUN,HRV,5543
111,100,951,1992,76335,0,1.7819,0.981246,ITA,HRV,5543
114,100,951,1992,1959,0,2.451698,0.875639,JPN,HRV,5543
162,100,951,1992,10878,0,1.4315069999999999,1.7107450000000002,NLD,HRV,5543
189,100,951,1992,0,25751,0.9474950000000001,2.442268,SCG,HRV,5543
207,100,951,1992,653304,167534,1.3270629999999999,1.605534,SVN,HRV,5543
231,100,951,1992,39586,0,1.660693,1.289752,USA,HRV,5543
250,100,951,1992,2453,3108,0.989994,0.977453,ANS,HRV,5543
15,102,951,1992,1839114,335728,1.975207,0.669388,AUT,HUN,5543
18,102,951,1992,74698,7145,1.449085,1.622957,BEL,HUN,5543
23,102,951,1992,0,7404,0.503161,1.871616,BGR,HUN,5543
39,102,951,1992,3886,0,0.74703,1.096791,CAN,HUN,5543
41,102,951,1992,13157,44258,2.24952,1.014945,CHE,HUN,5543
53,102,951,1992,1784,51588,1.116966,2.225331,CSK,HUN,5543
61,102,951,1992,1093724,155309,2.2968349999999997,-2.581569,DEU,HUN,5543
64,102,951,1992,79876,0,1.696464,1.365743,DNK,HUN,5543
71,102,951,1992,3690,318966,1.301511,1.730441,ESP,HUN,5543
74,102,951,1992,3581,0,1.929661,1.3477,FIN,HUN,5543
77,102,951,1992,288008,0,1.682766,1.2713430000000001,FRA,HUN,5543
81,102,951,1992,189732,0,1.8901810000000001,0.9274030000000001,GBR,HUN,5543
90,102,951,1992,20067,0,0.139504,0.743678,GRC,HUN,5543
100,102,951,1992,0,1710,0.877872,1.726188,HRV,HUN,5543
106,102,951,1992,132601,0,1.454172,1.397052,IRL,HUN,5543
110,102,951,1992,67616,0,1.354362,1.3260530000000001,ISR,HUN,5543
111,102,951,1992,20167,0,1.7819,0.981246,ITA,HUN,5543
114,102,951,1992,4435,0,2.451698,0.875639,JPN,HUN,5543
162,102,951,1992,792020,0,1.4315069999999999,1.7107450000000002,NLD,HUN,5543
177,102,951,1992,0,921,0.581166,2.070795,POL,HUN,5543
179,102,951,1992,0,43857,0.47505,0.8402860000000001,PRT,HUN,5543
185,102,951,1992,0,5734,0.838817,1.358629,ROU,HUN,5543
186,102,951,1992,0,58077,0.071799,0.14036099999999999,RUS,HUN,5543
189,102,951,1992,1772,30831,0.9474950000000001,2.442268,SCG,HUN,5543
207,102,951,1992,22310,0,1.3270629999999999,1.605534,SVN,HUN,5543
208,102,951,1992,4574,0,2.2265900000000003,0.999178,SWE,HUN,5543
231,102,951,1992,89432,0,1.660693,1.289752,USA,HUN,5543
250,102,951,1992,0,17016,0.989994,0.977453,ANS,HUN,5543
7,103,951,1992,0,27460,-0.495518,-0.963358,ARE,IDN,5543
14,103,951,1992,16794,0,0.083812,0.637224,AUS,IDN,5543
32,103,951,1992,857,0,0.685144,1.5676709999999998,BRA,IDN,5543
34,103,951,1992,0,1081,-1.142722,-0.818717,BRN,IDN,5543
41,103,951,1992,1236,0,2.24952,1.014945,CHE,IDN,5543
43,103,951,1992,141421,9130,0.269411,1.920075,CHN,IDN,5543
61,103,951,1992,395537,0,2.2968349999999997,-2.581569,DEU,IDN,5543
64,103,951,1992,1572,0,1.696464,1.365743,DNK,IDN,5543
71,103,951,1992,3225,0,1.301511,1.730441,ESP,IDN,5543
77,103,951,1992,11449,20530,1.682766,1.2713430000000001,FRA,IDN,5543
81,103,951,1992,13303,0,1.8901810000000001,0.9274030000000001,GBR,IDN,5543
97,103,951,1992,137482,85013,0.754112,1.911201,HKG,IDN,5543
104,103,951,1992,5313,0,0.101094,1.6851180000000001,IND,IDN,5543
111,103,951,1992,15942,0,1.7819,0.981246,ITA,IDN,5543
114,103,951,1992,133728,7988,2.451698,0.875639,JPN,IDN,5543
121,103,951,1992,222018,0,0.778066,1.3011139999999999,KOR,IDN,5543
148,103,951,1992,0,1541,-1.270091,-1.116622,MRT,IDN,5543
151,103,951,1992,0,1144,-0.249558,-0.643201,MUS,IDN,5543
153,103,951,1992,64243,6637,0.14268499999999998,0.370079,MYS,IDN,5543
162,103,951,1992,15148,0,1.4315069999999999,1.7107450000000002,NLD,IDN,5543
163,103,951,1992,9273,0,0.877965,0.444983,NOR,IDN,5543
176,103,951,1992,0,2049,-1.602221,-1.058247,PNG,IDN,5543
177,103,951,1992,0,9284,0.581166,2.070795,POL,IDN,5543
192,103,951,1992,30305,21135,0.95691,0.892702,SGP,IDN,5543
216,103,951,1992,7016,0,0.109518,1.486578,THA,IDN,5543
231,103,951,1992,447851,0,1.660693,1.289752,USA,IDN,5543
249,103,951,1992,138171,86972,1.3694790000000001,1.6227559999999999,TWN,IDN,5543
250,103,951,1992,1075,4123,0.989994,0.977453,ANS,IDN,5543
1,104,951,1992,0,34254,-0.347989,-0.539361,AFG,IND,5543
7,104,951,1992,1551,186906,-0.495518,-0.963358,ARE,IND,5543
18,104,951,1992,8608,3268,1.449085,1.622957,BEL,IND,5543
22,104,951,1992,0,19268,-0.608254,-0.921751,BGD,IND,5543
24,104,951,1992,0,17276,0.047396,-0.554517,BHR,IND,5543
35,104,951,1992,0,2262,0.764526,0.006431999999999999,BTN,IND,5543
41,104,951,1992,14956,0,2.24952,1.014945,CHE,IND,5543
61,104,951,1992,98327,327837,2.2968349999999997,-2.581569,DEU,IND,5543
68,104,951,1992,0,1390,-0.102143,-0.17513499999999999,EGY,IND,5543
77,104,951,1992,11265,13924,1.682766,1.2713430000000001,FRA,IND,5543
81,104,951,1992,55779,48405,1.8901810000000001,0.9274030000000001,GBR,IND,5543
83,104,951,1992,0,1193,-0.936314,-0.935839,GHA,IND,5543
97,104,951,1992,4122,1332,0.754112,1.911201,HKG,IND,5543
103,104,951,1992,0,5313,-0.5250670000000001,0.717568,IDN,IND,5543
107,104,951,1992,0,23989,-1.195108,-1.135155,IRN,IND,5543
111,104,951,1992,227529,0,1.7819,0.981246,ITA,IND,5543
114,104,951,1992,60218,19056,2.451698,0.875639,JPN,IND,5543
116,104,951,1992,0,8183,-0.31818,-0.096856,KEN,IND,5543
121,104,951,1992,1294,0,0.778066,1.3011139999999999,KOR,IND,5543
122,104,951,1992,0,7918,-1.2360950000000002,-1.061771,KWT,IND,5543
128,104,951,1992,0,13927,-0.45780600000000005,-0.221948,LKA,IND,5543
153,104,951,1992,0,5539,0.14268499999999998,0.370079,MYS,IND,5543
159,104,951,1992,0,3642,-2.275923,-1.178983,NGA,IND,5543
162,104,951,1992,7155,0,1.4315069999999999,1.7107450000000002,NLD,IND,5543
164,104,951,1992,0,79653,-0.604018,-0.677756,NPL,IND,5543
167,104,951,1992,0,16717,-0.906702,-1.0716709999999998,OMN,IND,5543
179,104,951,1992,0,10493,0.47505,0.8402860000000001,PRT,IND,5543
183,104,951,1992,0,1466,-0.491413,-1.004476,QAT,IND,5543
186,104,951,1992,0,916089,0.071799,0.14036099999999999,RUS,IND,5543
188,104,951,1992,0,2296,0.416315,-0.7342489999999999,SAU,IND,5543
192,104,951,1992,55176,1570952,0.95691,0.892702,SGP,IND,5543
196,104,951,1992,0,18710,-0.877425,-0.798561,SLE,IND,5543
208,104,951,1992,0,43281,2.2265900000000003,0.999178,SWE,IND,5543
216,104,951,1992,0,7413,0.109518,1.486578,THA,IND,5543
224,104,951,1992,0,21365,0.160966,1.154796,TUR,IND,5543
231,104,951,1992,83106,8426,1.660693,1.289752,USA,IND,5543
249,104,951,1992,2859,11219,1.3694790000000001,1.6227559999999999,TWN,IND,5543
250,104,951,1992,0,1224,0.989994,0.977453,ANS,IND,5543
15,113,951,1992,1109,0,1.975207,0.669388,AUT,JOR,5543
18,113,951,1992,36844,0,1.449085,1.622957,BEL,JOR,5543
41,113,951,1992,1097,0,2.24952,1.014945,CHE,JOR,5543
43,113,951,1992,151374,0,0.269411,1.920075,CHN,JOR,5543
61,113,951,1992,64135,0,2.2968349999999997,-2.581569,DEU,JOR,5543
64,113,951,1992,5258,0,1.696464,1.365743,DNK,JOR,5543
68,113,951,1992,14327,0,-0.102143,-0.17513499999999999,EGY,JOR,5543
74,113,951,1992,1086,0,1.929661,1.3477,FIN,JOR,5543
77,113,951,1992,222862,0,1.682766,1.2713430000000001,FRA,JOR,5543
81,113,951,1992,176269,0,1.8901810000000001,0.9274030000000001,GBR,JOR,5543
97,113,951,1992,56047,0,0.754112,1.911201,HKG,JOR,5543
111,113,951,1992,53218,0,1.7819,0.981246,ITA,JOR,5543
126,113,951,1992,0,46021,-0.333309,-0.981883,LBY,JOR,5543
162,113,951,1992,65465,0,1.4315069999999999,1.7107450000000002,NLD,JOR,5543
183,113,951,1992,0,7726,-0.491413,-1.004476,QAT,JOR,5543
185,113,951,1992,0,19501,0.838817,1.358629,ROU,JOR,5543
188,113,951,1992,10998,32234,0.416315,-0.7342489999999999,SAU,JOR,5543
212,113,951,1992,11504,0,-0.566724,-0.602446,SYR,JOR,5543
224,113,951,1992,12572,0,0.160966,1.154796,TUR,JOR,5543
231,113,951,1992,4211,0,1.660693,1.289752,USA,JOR,5543
249,113,951,1992,28579,0,1.3694790000000001,1.6227559999999999,TWN,JOR,5543
250,113,951,1992,0,108566,0.989994,0.977453,ANS,JOR,5543
7,114,951,1992,0,135809,-0.495518,-0.963358,ARE,JPN,5543
8,114,951,1992,0,110199,0.043179,0.553408,ARG,JPN,5543
14,114,951,1992,8883,147795,0.083812,0.637224,AUS,JPN,5543
15,114,951,1992,1140974,56200,1.975207,0.669388,AUT,JPN,5543
18,114,951,1992,7221,19036,1.449085,1.622957,BEL,JPN,5543
22,114,951,1992,0,16679,-0.608254,-0.921751,BGD,JPN,5543
32,114,951,1992,0,186523,0.685144,1.5676709999999998,BRA,JPN,5543
34,114,951,1992,0,8432,-1.142722,-0.818717,BRN,JPN,5543
39,114,951,1992,21287,32075,0.74703,1.096791,CAN,JPN,5543
41,114,951,1992,1392889,11477,2.24952,1.014945,CHE,JPN,5543
43,114,951,1992,122061,482050,0.269411,1.920075,CHN,JPN,5543
61,114,951,1992,1886339,112332,2.2968349999999997,-2.581569,DEU,JPN,5543
64,114,951,1992,757203,699852,1.696464,1.365743,DNK,JPN,5543
67,114,951,1992,0,3009,-0.815778,-0.9415459999999999,ECU,JPN,5543
71,114,951,1992,14841,8661,1.301511,1.730441,ESP,JPN,5543
74,114,951,1992,0,2610,1.929661,1.3477,FIN,JPN,5543
75,114,951,1992,0,2433,-0.573887,-0.6382680000000001,FJI,JPN,5543
77,114,951,1992,110930,21026,1.682766,1.2713430000000001,FRA,JPN,5543
78,114,951,1992,0,3704,-0.51381,-0.8512059999999999,FRO,JPN,5543
81,114,951,1992,896165,402741,1.8901810000000001,0.9274030000000001,GBR,JPN,5543
90,114,951,1992,0,12591,0.139504,0.743678,GRC,JPN,5543
92,114,951,1992,0,5333,-0.692587,-0.859656,GRL,JPN,5543
97,114,951,1992,67712,5535484,0.754112,1.911201,HKG,JPN,5543
100,114,951,1992,0,1959,0.877872,1.726188,HRV,JPN,5543
102,114,951,1992,0,4435,0.9144620000000001,2.157041,HUN,JPN,5543
103,114,951,1992,7988,133728,-0.5250670000000001,0.717568,IDN,JPN,5543
104,114,951,1992,19056,60218,0.101094,1.6851180000000001,IND,JPN,5543
106,114,951,1992,18591,2478,1.454172,1.397052,IRL,JPN,5543
107,114,951,1992,0,52565,-1.195108,-1.135155,IRN,JPN,5543
110,114,951,1992,2432,0,1.354362,1.3260530000000001,ISR,JPN,5543
111,114,951,1992,178908,407874,1.7819,0.981246,ITA,JPN,5543
121,114,951,1992,60631,2992323,0.778066,1.3011139999999999,KOR,JPN,5543
122,114,951,1992,0,4968,-1.2360950000000002,-1.061771,KWT,JPN,5543
128,114,951,1992,0,36530,-0.45780600000000005,-0.221948,LKA,JPN,5543
133,114,951,1992,0,3118,0.249034,-0.026864,MAC,JPN,5543
138,114,951,1992,0,11460,0.9039370000000001,0.965842,MEX,JPN,5543
142,114,951,1992,0,27897,0.828211,0.29226599999999997,MLT,JPN,5543
143,114,951,1992,0,4812,-1.030267,-0.770368,MMR,JPN,5543
153,114,951,1992,181833,1491232,0.14268499999999998,0.370079,MYS,JPN,5543
162,114,951,1992,40908,52937,1.4315069999999999,1.7107450000000002,NLD,JPN,5543
163,114,951,1992,20131,29111,0.877965,0.444983,NOR,JPN,5543
166,114,951,1992,4669,2751,0.41866000000000003,0.580581,NZL,JPN,5543
167,114,951,1992,0,19854,-0.906702,-1.0716709999999998,OMN,JPN,5543
168,114,951,1992,0,250518,-0.480152,-0.361705,PAK,JPN,5543
169,114,951,1992,0,2565,0.289315,0.37247199999999997,PAN,JPN,5543
174,114,951,1992,2958,687303,-0.139761,0.772109,PHL,JPN,5543
177,114,951,1992,0,12532,0.581166,2.070795,POL,JPN,5543
178,114,951,1992,0,45899,0.201042,0.477547,PRK,JPN,5543
179,114,951,1992,0,6618,0.47505,0.8402860000000001,PRT,JPN,5543
183,114,951,1992,0,28954,-0.491413,-1.004476,QAT,JPN,5543
186,114,951,1992,0,9792,0.071799,0.14036099999999999,RUS,JPN,5543
188,114,951,1992,0,12134,0.416315,-0.7342489999999999,SAU,JPN,5543
189,114,951,1992,0,65231,0.9474950000000001,2.442268,SCG,JPN,5543
192,114,951,1992,683729,764971,0.95691,0.892702,SGP,JPN,5543
208,114,951,1992,22280,50804,2.2265900000000003,0.999178,SWE,JPN,5543
212,114,951,1992,0,30115,-0.566724,-0.602446,SYR,JPN,5543
216,114,951,1992,57320,1039620,0.109518,1.486578,THA,JPN,5543
224,114,951,1992,0,2243,0.160966,1.154796,TUR,JPN,5543
228,114,951,1992,3036,0,0.375148,0.23747,UKR,JPN,5543
231,114,951,1992,6868183,6389494,1.660693,1.289752,USA,JPN,5543
236,114,951,1992,0,1943,-0.106385,-0.65975,VEN,JPN,5543
246,114,951,1992,0,21097,0.236335,1.415622,ZAF,JPN,5543
249,114,951,1992,268042,3528456,1.3694790000000001,1.6227559999999999,TWN,JPN,5543
7,128,951,1992,2141,0,-0.495518,-0.963358,ARE,LKA,5543
14,128,951,1992,2655,0,0.083812,0.637224,AUS,LKA,5543
18,128,951,1992,6060,0,1.449085,1.622957,BEL,LKA,5543
43,128,951,1992,3202,0,0.269411,1.920075,CHN,LKA,5543
61,128,951,1992,918,0,2.2968349999999997,-2.581569,DEU,LKA,5543
81,128,951,1992,41472,0,1.8901810000000001,0.9274030000000001,GBR,LKA,5543
97,128,951,1992,2057,0,0.754112,1.911201,HKG,LKA,5543
104,128,951,1992,13927,0,0.101094,1.6851180000000001,IND,LKA,5543
114,128,951,1992,36530,0,2.451698,0.875639,JPN,LKA,5543
137,128,951,1992,0,18746,-0.501228,-0.8746290000000001,MDV,LKA,5543
153,128,951,1992,1456,0,0.14268499999999998,0.370079,MYS,LKA,5543
192,128,951,1992,8506,3565,0.95691,0.892702,SGP,LKA,5543
231,128,951,1992,9561,0,1.660693,1.289752,USA,LKA,5543
249,128,951,1992,12230,0,1.3694790000000001,1.6227559999999999,TWN,LKA,5543
250,128,951,1992,1892,0,0.989994,0.977453,ANS,LKA,5543
18,138,951,1992,8704,0,1.449085,1.622957,BEL,MEX,5543
29,138,951,1992,0,1906,-0.06729700000000001,-0.386682,BLZ,MEX,5543
39,138,951,1992,2453,0,0.74703,1.096791,CAN,MEX,5543
41,138,951,1992,3648,0,2.24952,1.014945,CHE,MEX,5543
43,138,951,1992,16455,0,0.269411,1.920075,CHN,MEX,5543
49,138,951,1992,0,2691,0.022895,0.22971799999999998,COL,MEX,5543
52,138,951,1992,0,28286,0.11654,0.191873,CRI,MEX,5543
61,138,951,1992,236658,980,2.2968349999999997,-2.581569,DEU,MEX,5543
71,138,951,1992,115580,0,1.301511,1.730441,ESP,MEX,5543
77,138,951,1992,17170,0,1.682766,1.2713430000000001,FRA,MEX,5543
81,138,951,1992,23116,8429,1.8901810000000001,0.9274030000000001,GBR,MEX,5543
93,138,951,1992,32322,3293,-0.031145999999999997,0.48874300000000004,GTM,MEX,5543
111,138,951,1992,154290,0,1.7819,0.981246,ITA,MEX,5543
114,138,951,1992,11460,0,2.451698,0.875639,JPN,MEX,5543
121,138,951,1992,990,0,0.778066,1.3011139999999999,KOR,MEX,5543
162,138,951,1992,10336,0,1.4315069999999999,1.7107450000000002,NLD,MEX,5543
163,138,951,1992,0,14842,0.877965,0.444983,NOR,MEX,5543
169,138,951,1992,0,4983,0.289315,0.37247199999999997,PAN,MEX,5543
174,138,951,1992,0,758,-0.139761,0.772109,PHL,MEX,5543
197,138,951,1992,0,12901,0.396523,0.47548900000000005,SLV,MEX,5543
208,138,951,1992,66665,0,2.2265900000000003,0.999178,SWE,MEX,5543
231,138,951,1992,5365422,516878,1.660693,1.289752,USA,MEX,5543
236,138,951,1992,1797,0,-0.106385,-0.65975,VEN,MEX,5543
249,138,951,1992,7000,0,1.3694790000000001,1.6227559999999999,TWN,MEX,5543
14,166,951,1992,912700,429825,0.083812,0.637224,AUS,NZL,5543
18,166,951,1992,5050,0,1.449085,1.622957,BEL,NZL,5543
34,166,951,1992,0,1138,-1.142722,-0.818717,BRN,NZL,5543
39,166,951,1992,18652,0,0.74703,1.096791,CAN,NZL,5543
41,166,951,1992,4930,0,2.24952,1.014945,CHE,NZL,5543
43,166,951,1992,1845,0,0.269411,1.920075,CHN,NZL,5543
48,166,951,1992,0,40412,0.113505,-0.49361400000000005,COK,NZL,5543
61,166,951,1992,85783,0,2.2968349999999997,-2.581569,DEU,NZL,5543
64,166,951,1992,4096,0,1.696464,1.365743,DNK,NZL,5543
71,166,951,1992,1665,0,1.301511,1.730441,ESP,NZL,5543
75,166,951,1992,0,18048,-0.573887,-0.6382680000000001,FJI,NZL,5543
81,166,951,1992,73745,0,1.8901810000000001,0.9274030000000001,GBR,NZL,5543
97,166,951,1992,10492,0,0.754112,1.911201,HKG,NZL,5543
106,166,951,1992,28577,0,1.454172,1.397052,IRL,NZL,5543
111,166,951,1992,10559,0,1.7819,0.981246,ITA,NZL,5543
114,166,951,1992,2751,4669,2.451698,0.875639,JPN,NZL,5543
119,166,951,1992,0,977,-0.047671,-0.740088,KIR,NZL,5543
121,166,951,1992,0,3204,0.778066,1.3011139999999999,KOR,NZL,5543
153,166,951,1992,692,1560,0.14268499999999998,0.370079,MYS,NZL,5543
156,166,951,1992,0,15477,-1.284672,-0.9233870000000001,NCL,NZL,5543
158,166,951,1992,0,3149,0.612239,-0.753354,NFK,NZL,5543
162,166,951,1992,14091,0,1.4315069999999999,1.7107450000000002,NLD,NZL,5543
176,166,951,1992,0,1126,-1.602221,-1.058247,PNG,NZL,5543
192,166,951,1992,1119,23470,0.95691,0.892702,SGP,NZL,5543
195,166,951,1992,0,1123,-1.491786,-0.9599799999999999,SLB,NZL,5543
231,166,951,1992,435982,1555,1.660693,1.289752,USA,NZL,5543
250,166,951,1992,2583,4134,0.989994,0.977453,ANS,NZL,5543
1,168,951,1992,0,20889,-0.347989,-0.539361,AFG,PAK,5543
18,168,951,1992,2241,0,1.449085,1.622957,BEL,PAK,5543
61,168,951,1992,36812,0,2.2968349999999997,-2.581569,DEU,PAK,5543
64,168,951,1992,3765,0,1.696464,1.365743,DNK,PAK,5543
71,168,951,1992,10785,0,1.301511,1.730441,ESP,PAK,5543
77,168,951,1992,12583,0,1.682766,1.2713430000000001,FRA,PAK,5543
81,168,951,1992,70892,0,1.8901810000000001,0.9274030000000001,GBR,PAK,5543
106,168,951,1992,10032,0,1.454172,1.397052,IRL,PAK,5543
107,168,951,1992,0,8496,-1.195108,-1.135155,IRN,PAK,5543
111,168,951,1992,2962,0,1.7819,0.981246,ITA,PAK,5543
114,168,951,1992,250518,0,2.451698,0.875639,JPN,PAK,5543
126,168,951,1992,0,10445,-0.333309,-0.981883,LBY,PAK,5543
153,168,951,1992,16806,8291,0.14268499999999998,0.370079,MYS,PAK,5543
188,168,951,1992,0,15042,0.416315,-0.7342489999999999,SAU,PAK,5543
192,168,951,1992,1776,6781,0.95691,0.892702,SGP,PAK,5543
216,168,951,1992,0,26691,0.109518,1.486578,THA,PAK,5543
231,168,951,1992,52115,0,1.660693,1.289752,USA,PAK,5543
249,168,951,1992,24152,0,1.3694790000000001,1.6227559999999999,TWN,PAK,5543
15,177,951,1992,2131323,0,1.975207,0.669388,AUT,POL,5543
18,177,951,1992,80826,1886,1.449085,1.622957,BEL,POL,5543
39,177,951,1992,72978,0,0.74703,1.096791,CAN,POL,5543
41,177,951,1992,9528,0,2.24952,1.014945,CHE,POL,5543
61,177,951,1992,4589372,3997,2.2968349999999997,-2.581569,DEU,POL,5543
64,177,951,1992,174788,6711,1.696464,1.365743,DNK,POL,5543
71,177,951,1992,55934,0,1.301511,1.730441,ESP,POL,5543
77,177,951,1992,3812529,0,1.682766,1.2713430000000001,FRA,POL,5543
81,177,951,1992,334926,10123,1.8901810000000001,0.9274030000000001,GBR,POL,5543
102,177,951,1992,921,0,0.9144620000000001,2.157041,HUN,POL,5543
103,177,951,1992,9284,0,-0.5250670000000001,0.717568,IDN,POL,5543
111,177,951,1992,1471091,0,1.7819,0.981246,ITA,POL,5543
114,177,951,1992,12532,0,2.451698,0.875639,JPN,POL,5543
162,177,951,1992,3592715,0,1.4315069999999999,1.7107450000000002,NLD,POL,5543
163,177,951,1992,9725,0,0.877965,0.444983,NOR,POL,5543
189,177,951,1992,25175,16981,0.9474950000000001,2.442268,SCG,POL,5543
207,177,951,1992,8497,0,1.3270629999999999,1.605534,SVN,POL,5543
208,177,951,1992,24298,1158,2.2265900000000003,0.999178,SWE,POL,5543
231,177,951,1992,347626,0,1.660693,1.289752,USA,POL,5543
7,185,951,1992,1958,0,-0.495518,-0.963358,ARE,ROU,5543
15,185,951,1992,11988,0,1.975207,0.669388,AUT,ROU,5543
18,185,951,1992,1849,0,1.449085,1.622957,BEL,ROU,5543
61,185,951,1992,220454,0,2.2968349999999997,-2.581569,DEU,ROU,5543
77,185,951,1992,50273,0,1.682766,1.2713430000000001,FRA,ROU,5543
81,185,951,1992,839,0,1.8901810000000001,0.9274030000000001,GBR,ROU,5543
90,185,951,1992,31221,0,0.139504,0.743678,GRC,ROU,5543
102,185,951,1992,5734,0,0.9144620000000001,2.157041,HUN,ROU,5543
110,185,951,1992,22786,0,1.354362,1.3260530000000001,ISR,ROU,5543
111,185,951,1992,40806,11825,1.7819,0.981246,ITA,ROU,5543
113,185,951,1992,19501,0,0.716964,0.5323760000000001,JOR,ROU,5543
124,185,951,1992,3435,0,0.186135,0.800906,LBN,ROU,5543
162,185,951,1992,28499,0,1.4315069999999999,1.7107450000000002,NLD,ROU,5543
186,185,951,1992,0,5168,0.071799,0.14036099999999999,RUS,ROU,5543
208,185,951,1992,1269,0,2.2265900000000003,0.999178,SWE,ROU,5543
212,185,951,1992,6838,0,-0.566724,-0.602446,SYR,ROU,5543
224,185,951,1992,19261,0,0.160966,1.154796,TUR,ROU,5543
249,185,951,1992,17833,0,1.3694790000000001,1.6227559999999999,TWN,ROU,5543
250,185,951,1992,2357,0,0.989994,0.977453,ANS,ROU,5543
7,188,951,1992,424476,76707,-0.495518,-0.963358,ARE,SAU,5543
15,188,951,1992,2916,0,1.975207,0.669388,AUT,SAU,5543
18,188,951,1992,173572,0,1.449085,1.622957,BEL,SAU,5543
24,188,951,1992,0,2723,0.047396,-0.554517,BHR,SAU,5543
39,188,951,1992,17849,0,0.74703,1.096791,CAN,SAU,5543
41,188,951,1992,74870,0,2.24952,1.014945,CHE,SAU,5543
43,188,951,1992,148242,0,0.269411,1.920075,CHN,SAU,5543
58,188,951,1992,52135,0,0.471516,0.668776,CYP,SAU,5543
61,188,951,1992,253264,0,2.2968349999999997,-2.581569,DEU,SAU,5543
64,188,951,1992,1389,0,1.696464,1.365743,DNK,SAU,5543
68,188,951,1992,208504,0,-0.102143,-0.17513499999999999,EGY,SAU,5543
71,188,951,1992,202995,0,1.301511,1.730441,ESP,SAU,5543
73,188,951,1992,0,4368,-1.036482,-1.078446,ETH,SAU,5543
77,188,951,1992,284976,0,1.682766,1.2713430000000001,FRA,SAU,5543
81,188,951,1992,2253072,0,1.8901810000000001,0.9274030000000001,GBR,SAU,5543
90,188,951,1992,33060,0,0.139504,0.743678,GRC,SAU,5543
97,188,951,1992,15024,0,0.754112,1.911201,HKG,SAU,5543
104,188,951,1992,2296,0,0.101094,1.6851180000000001,IND,SAU,5543
106,188,951,1992,12508,0,1.454172,1.397052,IRL,SAU,5543
111,188,951,1992,493422,0,1.7819,0.981246,ITA,SAU,5543
113,188,951,1992,32234,10998,0.716964,0.5323760000000001,JOR,SAU,5543
114,188,951,1992,12134,0,2.451698,0.875639,JPN,SAU,5543
121,188,951,1992,20113,0,0.778066,1.3011139999999999,KOR,SAU,5543
122,188,951,1992,152122,168073,-1.2360950000000002,-1.061771,KWT,SAU,5543
124,188,951,1992,11564,0,0.186135,0.800906,LBN,SAU,5543
134,188,951,1992,8252,0,-0.339711,-0.265987,MAR,SAU,5543
153,188,951,1992,3451,0,0.14268499999999998,0.370079,MYS,SAU,5543
162,188,951,1992,145716,0,1.4315069999999999,1.7107450000000002,NLD,SAU,5543
163,188,951,1992,53495,0,0.877965,0.444983,NOR,SAU,5543
167,188,951,1992,3104,1987,-0.906702,-1.0716709999999998,OMN,SAU,5543
168,188,951,1992,15042,0,-0.480152,-0.361705,PAK,SAU,5543
183,188,951,1992,24809,7198,-0.491413,-1.004476,QAT,SAU,5543
190,188,951,1992,2013,0,-0.930193,-1.02726,SDN,SAU,5543
192,188,951,1992,64121,0,0.95691,0.892702,SGP,SAU,5543
208,188,951,1992,1293,0,2.2265900000000003,0.999178,SWE,SAU,5543
212,188,951,1992,33830,0,-0.566724,-0.602446,SYR,SAU,5543
216,188,951,1992,3003,0,0.109518,1.486578,THA,SAU,5543
224,188,951,1992,3571,0,0.160966,1.154796,TUR,SAU,5543
231,188,951,1992,865987,11157,1.660693,1.289752,USA,SAU,5543
243,188,951,1992,0,1895,-0.7116020000000001,-0.9852489999999999,YEM,SAU,5543
249,188,951,1992,8050,0,1.3694790000000001,1.6227559999999999,TWN,SAU,5543
250,188,951,1992,2625,0,0.989994,0.977453,ANS,SAU,5543
15,189,951,1992,97037,1128,1.975207,0.669388,AUT,SCG,5543
18,189,951,1992,16846,0,1.449085,1.622957,BEL,SCG,5543
23,189,951,1992,13851,1836,0.503161,1.871616,BGR,SCG,5543
39,189,951,1992,554,0,0.74703,1.096791,CAN,SCG,5543
41,189,951,1992,3073,0,2.24952,1.014945,CHE,SCG,5543
53,189,951,1992,41817,2009,1.116966,2.225331,CSK,SCG,5543
58,189,951,1992,4889,0,0.471516,0.668776,CYP,SCG,5543
61,189,951,1992,173718,0,2.2968349999999997,-2.581569,DEU,SCG,5543
64,189,951,1992,2323,0,1.696464,1.365743,DNK,SCG,5543
77,189,951,1992,32579,0,1.682766,1.2713430000000001,FRA,SCG,5543
81,189,951,1992,25146,0,1.8901810000000001,0.9274030000000001,GBR,SCG,5543
90,189,951,1992,290171,0,0.139504,0.743678,GRC,SCG,5543
100,189,951,1992,25751,0,0.877872,1.726188,HRV,SCG,5543
102,189,951,1992,30831,1772,0.9144620000000001,2.157041,HUN,SCG,5543
111,189,951,1992,598962,4245,1.7819,0.981246,ITA,SCG,5543
114,189,951,1992,65231,0,2.451698,0.875639,JPN,SCG,5543
162,189,951,1992,131360,0,1.4315069999999999,1.7107450000000002,NLD,SCG,5543
177,189,951,1992,16981,25175,0.581166,2.070795,POL,SCG,5543
186,189,951,1992,8144,5002,0.071799,0.14036099999999999,RUS,SCG,5543
207,189,951,1992,741719,56665,1.3270629999999999,1.605534,SVN,SCG,5543
224,189,951,1992,47898,0,0.160966,1.154796,TUR,SCG,5543
231,189,951,1992,7382,0,1.660693,1.289752,USA,SCG,5543
7,192,951,1992,0,25586,-0.495518,-0.963358,ARE,SGP,5543
14,192,951,1992,110853,45760,0.083812,0.637224,AUS,SGP,5543
18,192,951,1992,22544,0,1.449085,1.622957,BEL,SGP,5543
22,192,951,1992,0,17292,-0.608254,-0.921751,BGD,SGP,5543
32,192,951,1992,1246,0,0.685144,1.5676709999999998,BRA,SGP,5543
34,192,951,1992,0,711021,-1.142722,-0.818717,BRN,SGP,5543
39,192,951,1992,1646,2014,0.74703,1.096791,CAN,SGP,5543
41,192,951,1992,62733,0,2.24952,1.014945,CHE,SGP,5543
43,192,951,1992,40242,27631,0.269411,1.920075,CHN,SGP,5543
61,192,951,1992,1197911,4831,2.2968349999999997,-2.581569,DEU,SGP,5543
64,192,951,1992,72471,0,1.696464,1.365743,DNK,SGP,5543
71,192,951,1992,17992,0,1.301511,1.730441,ESP,SGP,5543
77,192,951,1992,43782,0,1.682766,1.2713430000000001,FRA,SGP,5543
81,192,951,1992,745535,3430,1.8901810000000001,0.9274030000000001,GBR,SGP,5543
97,192,951,1992,101404,3179812,0.754112,1.911201,HKG,SGP,5543
103,192,951,1992,21135,30305,-0.5250670000000001,0.717568,IDN,SGP,5543
104,192,951,1992,1570952,55176,0.101094,1.6851180000000001,IND,SGP,5543
106,192,951,1992,63313,0,1.454172,1.397052,IRL,SGP,5543
111,192,951,1992,74741,17647,1.7819,0.981246,ITA,SGP,5543
114,192,951,1992,764971,683729,2.451698,0.875639,JPN,SGP,5543
121,192,951,1992,14503,319364,0.778066,1.3011139999999999,KOR,SGP,5543
122,192,951,1992,0,981,-1.2360950000000002,-1.061771,KWT,SGP,5543
128,192,951,1992,3565,8506,-0.45780600000000005,-0.221948,LKA,SGP,5543
133,192,951,1992,0,38167,0.249034,-0.026864,MAC,SGP,5543
137,192,951,1992,0,9440,-0.501228,-0.8746290000000001,MDV,SGP,5543
143,192,951,1992,15552,9015,-1.030267,-0.770368,MMR,SGP,5543
151,192,951,1992,0,1406,-0.249558,-0.643201,MUS,SGP,5543
153,192,951,1992,1286338,1110186,0.14268499999999998,0.370079,MYS,SGP,5543
162,192,951,1992,138692,0,1.4315069999999999,1.7107450000000002,NLD,SGP,5543
164,192,951,1992,0,1039,-0.604018,-0.677756,NPL,SGP,5543
166,192,951,1992,23470,1119,0.41866000000000003,0.580581,NZL,SGP,5543
168,192,951,1992,6781,1776,-0.480152,-0.361705,PAK,SGP,5543
174,192,951,1992,0,45974,-0.139761,0.772109,PHL,SGP,5543
176,192,951,1992,0,7376,-1.602221,-1.058247,PNG,SGP,5543
183,192,951,1992,0,5312,-0.491413,-1.004476,QAT,SGP,5543
188,192,951,1992,0,64121,0.416315,-0.7342489999999999,SAU,SGP,5543
208,192,951,1992,7470,0,2.2265900000000003,0.999178,SWE,SGP,5543
211,192,951,1992,0,2509,0.05767100000000001,-0.6613020000000001,SYC,SGP,5543
216,192,951,1992,51309,309981,0.109518,1.486578,THA,SGP,5543
231,192,951,1992,1018401,30140,1.660693,1.289752,USA,SGP,5543
239,192,951,1992,0,1217,-0.989259,-0.43416099999999996,VNM,SGP,5543
243,192,951,1992,0,2667,-0.7116020000000001,-0.9852489999999999,YEM,SGP,5543
246,192,951,1992,502,0,0.236335,1.415622,ZAF,SGP,5543
249,192,951,1992,40784,380497,1.3694790000000001,1.6227559999999999,TWN,SGP,5543
250,192,951,1992,3691,4197,0.989994,0.977453,ANS,SGP,5543
15,207,951,1992,129920,2690,1.975207,0.669388,AUT,SVN,5543
18,207,951,1992,152000,0,1.449085,1.622957,BEL,SVN,5543
26,207,951,1992,0,6815,0.76031,1.212207,BIH,SVN,5543
41,207,951,1992,52319,0,2.24952,1.014945,CHE,SVN,5543
53,207,951,1992,0,12849,1.116966,2.225331,CSK,SVN,5543
61,207,951,1992,115832,0,2.2968349999999997,-2.581569,DEU,SVN,5543
71,207,951,1992,2135,0,1.301511,1.730441,ESP,SVN,5543
77,207,951,1992,13246,0,1.682766,1.2713430000000001,FRA,SVN,5543
81,207,951,1992,16414,0,1.8901810000000001,0.9274030000000001,GBR,SVN,5543
90,207,951,1992,24470,0,0.139504,0.743678,GRC,SVN,5543
100,207,951,1992,167534,653304,0.877872,1.726188,HRV,SVN,5543
102,207,951,1992,0,22310,0.9144620000000001,2.157041,HUN,SVN,5543
111,207,951,1992,90687,0,1.7819,0.981246,ITA,SVN,5543
162,207,951,1992,32558,0,1.4315069999999999,1.7107450000000002,NLD,SVN,5543
177,207,951,1992,0,8497,0.581166,2.070795,POL,SVN,5543
186,207,951,1992,0,5442,0.071799,0.14036099999999999,RUS,SVN,5543
189,207,951,1992,56665,741719,0.9474950000000001,2.442268,SCG,SVN,5543
228,207,951,1992,0,1890,0.375148,0.23747,UKR,SVN,5543
231,207,951,1992,5232,0,1.660693,1.289752,USA,SVN,5543
250,207,951,1992,2694,2566,0.989994,0.977453,ANS,SVN,5543
7,208,951,1992,0,1947,-0.495518,-0.963358,ARE,SWE,5543
14,208,951,1992,2162,21128,0.083812,0.637224,AUS,SWE,5543
15,208,951,1992,6456,79031,1.975207,0.669388,AUT,SWE,5543
18,208,951,1992,44890,73295,1.449085,1.622957,BEL,SWE,5543
32,208,951,1992,5152,0,0.685144,1.5676709999999998,BRA,SWE,5543
39,208,951,1992,164230,3464,0.74703,1.096791,CAN,SWE,5543
41,208,951,1992,48149,25678,2.24952,1.014945,CHE,SWE,5543
43,208,951,1992,15905,4750,0.269411,1.920075,CHN,SWE,5543
58,208,951,1992,0,45031,0.471516,0.668776,CYP,SWE,5543
61,208,951,1992,3210955,428960,2.2968349999999997,-2.581569,DEU,SWE,5543
64,208,951,1992,762301,880011,1.696464,1.365743,DNK,SWE,5543
71,208,951,1992,6893,3502,1.301511,1.730441,ESP,SWE,5543
72,208,951,1992,0,3437,0.22019699999999998,0.0198,EST,SWE,5543
74,208,951,1992,148486,430719,1.929661,1.3477,FIN,SWE,5543
77,208,951,1992,239967,34946,1.682766,1.2713430000000001,FRA,SWE,5543
78,208,951,1992,0,1856,-0.51381,-0.8512059999999999,FRO,SWE,5543
81,208,951,1992,3860048,144903,1.8901810000000001,0.9274030000000001,GBR,SWE,5543
90,208,951,1992,0,10278,0.139504,0.743678,GRC,SWE,5543
92,208,951,1992,0,1050,-0.692587,-0.859656,GRL,SWE,5543
97,208,951,1992,18805,2716,0.754112,1.911201,HKG,SWE,5543
102,208,951,1992,0,4574,0.9144620000000001,2.157041,HUN,SWE,5543
104,208,951,1992,43281,0,0.101094,1.6851180000000001,IND,SWE,5543
106,208,951,1992,18651,0,1.454172,1.397052,IRL,SWE,5543
109,208,951,1992,1762,8546,-0.076691,-0.630567,ISL,SWE,5543
110,208,951,1992,0,1297,1.354362,1.3260530000000001,ISR,SWE,5543
111,208,951,1992,167067,40466,1.7819,0.981246,ITA,SWE,5543
114,208,951,1992,50804,22280,2.451698,0.875639,JPN,SWE,5543
116,208,951,1992,0,3466,-0.31818,-0.096856,KEN,SWE,5543
121,208,951,1992,34709,1899,0.778066,1.3011139999999999,KOR,SWE,5543
122,208,951,1992,0,1323,-1.2360950000000002,-1.061771,KWT,SWE,5543
132,208,951,1992,0,2063,0.184303,0.022494999999999998,LVA,SWE,5543
138,208,951,1992,0,66665,0.9039370000000001,0.965842,MEX,SWE,5543
153,208,951,1992,0,1969,0.14268499999999998,0.370079,MYS,SWE,5543
162,208,951,1992,3336874,429430,1.4315069999999999,1.7107450000000002,NLD,SWE,5543
163,208,951,1992,362862,2421630,0.877965,0.444983,NOR,SWE,5543
177,208,951,1992,1158,24298,0.581166,2.070795,POL,SWE,5543
185,208,951,1992,0,1269,0.838817,1.358629,ROU,SWE,5543
186,208,951,1992,0,4295,0.071799,0.14036099999999999,RUS,SWE,5543
188,208,951,1992,0,1293,0.416315,-0.7342489999999999,SAU,SWE,5543
192,208,951,1992,0,7470,0.95691,0.892702,SGP,SWE,5543
216,208,951,1992,0,1997,0.109518,1.486578,THA,SWE,5543
231,208,951,1992,111026,53484,1.660693,1.289752,USA,SWE,5543
249,208,951,1992,23889,1682,1.3694790000000001,1.6227559999999999,TWN,SWE,5543
250,208,951,1992,1365,7539,0.989994,0.977453,ANS,SWE,5543
14,216,951,1992,17137,0,0.083812,0.637224,AUS,THA,5543
15,216,951,1992,1705,0,1.975207,0.669388,AUT,THA,5543
18,216,951,1992,9831,0,1.449085,1.622957,BEL,THA,5543
23,216,951,1992,0,4441,0.503161,1.871616,BGR,THA,5543
24,216,951,1992,0,3883,0.047396,-0.554517,BHR,THA,5543
32,216,951,1992,4660,0,0.685144,1.5676709999999998,BRA,THA,5543
34,216,951,1992,0,6657,-1.142722,-0.818717,BRN,THA,5543
39,216,951,1992,9715,0,0.74703,1.096791,CAN,THA,5543
41,216,951,1992,42352,0,2.24952,1.014945,CHE,THA,5543
43,216,951,1992,202688,1376,0.269411,1.920075,CHN,THA,5543
61,216,951,1992,726722,0,2.2968349999999997,-2.581569,DEU,THA,5543
63,216,951,1992,7427,0,0.9006850000000001,-0.055001999999999995,DMA,THA,5543
64,216,951,1992,1190,0,1.696464,1.365743,DNK,THA,5543
68,216,951,1992,963,0,-0.102143,-0.17513499999999999,EGY,THA,5543
71,216,951,1992,11167,0,1.301511,1.730441,ESP,THA,5543
77,216,951,1992,125329,0,1.682766,1.2713430000000001,FRA,THA,5543
81,216,951,1992,184578,0,1.8901810000000001,0.9274030000000001,GBR,THA,5543
97,216,951,1992,105268,236345,0.754112,1.911201,HKG,THA,5543
103,216,951,1992,0,7016,-0.5250670000000001,0.717568,IDN,THA,5543
104,216,951,1992,7413,0,0.101094,1.6851180000000001,IND,THA,5543
106,216,951,1992,6717,0,1.454172,1.397052,IRL,THA,5543
110,216,951,1992,9407,0,1.354362,1.3260530000000001,ISR,THA,5543
111,216,951,1992,12512,0,1.7819,0.981246,ITA,THA,5543
114,216,951,1992,1039620,57320,2.451698,0.875639,JPN,THA,5543
116,216,951,1992,0,1990,-0.31818,-0.096856,KEN,THA,5543
118,216,951,1992,0,3271,-1.036685,-1.149364,KHM,THA,5543
121,216,951,1992,23000,0,0.778066,1.3011139999999999,KOR,THA,5543
123,216,951,1992,0,2587,-1.03711,-1.114235,LAO,THA,5543
137,216,951,1992,0,2175,-0.501228,-0.8746290000000001,MDV,THA,5543
143,216,951,1992,0,4423,-1.030267,-0.770368,MMR,THA,5543
153,216,951,1992,50928,27382,0.14268499999999998,0.370079,MYS,THA,5543
162,216,951,1992,150480,16751,1.4315069999999999,1.7107450000000002,NLD,THA,5543
163,216,951,1992,3142,0,0.877965,0.444983,NOR,THA,5543
164,216,951,1992,0,24241,-0.604018,-0.677756,NPL,THA,5543
168,216,951,1992,26691,0,-0.480152,-0.361705,PAK,THA,5543
188,216,951,1992,0,3003,0.416315,-0.7342489999999999,SAU,THA,5543
192,216,951,1992,309981,51309,0.95691,0.892702,SGP,THA,5543
208,216,951,1992,1997,0,2.2265900000000003,0.999178,SWE,THA,5543
231,216,951,1992,1602021,3764,1.660693,1.289752,USA,THA,5543
239,216,951,1992,0,7225,-0.989259,-0.43416099999999996,VNM,THA,5543
249,216,951,1992,245606,106066,1.3694790000000001,1.6227559999999999,TWN,THA,5543
250,216,951,1992,1198,4060,0.989994,0.977453,ANS,THA,5543
15,224,951,1992,5030,0,1.975207,0.669388,AUT,TUR,5543
18,224,951,1992,14687,0,1.449085,1.622957,BEL,TUR,5543
23,224,951,1992,2419,11391,0.503161,1.871616,BGR,TUR,5543
39,224,951,1992,27854,0,0.74703,1.096791,CAN,TUR,5543
41,224,951,1992,9028,0,2.24952,1.014945,CHE,TUR,5543
43,224,951,1992,4404,0,0.269411,1.920075,CHN,TUR,5543
58,224,951,1992,0,48338,0.471516,0.668776,CYP,TUR,5543
61,224,951,1992,1105461,0,2.2968349999999997,-2.581569,DEU,TUR,5543
64,224,951,1992,23925,0,1.696464,1.365743,DNK,TUR,5543
68,224,951,1992,13605,0,-0.102143,-0.17513499999999999,EGY,TUR,5543
71,224,951,1992,156864,0,1.301511,1.730441,ESP,TUR,5543
77,224,951,1992,215771,14207,1.682766,1.2713430000000001,FRA,TUR,5543
81,224,951,1992,215127,0,1.8901810000000001,0.9274030000000001,GBR,TUR,5543
90,224,951,1992,8754,0,0.139504,0.743678,GRC,TUR,5543
104,224,951,1992,21365,0,0.101094,1.6851180000000001,IND,TUR,5543
107,224,951,1992,0,8046,-1.195108,-1.135155,IRN,TUR,5543
110,224,951,1992,59580,0,1.354362,1.3260530000000001,ISR,TUR,5543
111,224,951,1992,447003,0,1.7819,0.981246,ITA,TUR,5543
113,224,951,1992,0,12572,0.716964,0.5323760000000001,JOR,TUR,5543
114,224,951,1992,2243,0,2.451698,0.875639,JPN,TUR,5543
115,224,951,1992,0,25259,-0.084852,-0.5466260000000001,KAZ,TUR,5543
122,224,951,1992,0,12070,-1.2360950000000002,-1.061771,KWT,TUR,5543
123,224,951,1992,1634,0,-1.03711,-1.114235,LAO,TUR,5543
126,224,951,1992,0,8084,-0.333309,-0.981883,LBY,TUR,5543
162,224,951,1992,97523,0,1.4315069999999999,1.7107450000000002,NLD,TUR,5543
163,224,951,1992,7862,0,0.877965,0.444983,NOR,TUR,5543
185,224,951,1992,0,19261,0.838817,1.358629,ROU,TUR,5543
186,224,951,1992,0,26741,0.071799,0.14036099999999999,RUS,TUR,5543
188,224,951,1992,0,3571,0.416315,-0.7342489999999999,SAU,TUR,5543
189,224,951,1992,0,47898,0.9474950000000001,2.442268,SCG,TUR,5543
231,224,951,1992,76522,0,1.660693,1.289752,USA,TUR,5543
250,224,951,1992,0,1970,0.989994,0.977453,ANS,TUR,5543
2,246,951,1992,0,64960,-1.90642,-1.061544,AGO,ZAF,5543
14,246,951,1992,76262,3225,0.083812,0.637224,AUS,ZAF,5543
15,246,951,1992,1390,0,1.975207,0.669388,AUT,ZAF,5543
41,246,951,1992,6071,0,2.24952,1.014945,CHE,ZAF,5543
43,246,951,1992,2352,0,0.269411,1.920075,CHN,ZAF,5543
44,246,951,1992,0,53791,-1.689731,-1.070179,CIV,ZAF,5543
46,246,951,1992,0,353947,-1.55348,-1.100071,COD,ZAF,5543
61,246,951,1992,223747,0,2.2968349999999997,-2.581569,DEU,ZAF,5543
64,246,951,1992,8486,0,1.696464,1.365743,DNK,ZAF,5543
77,246,951,1992,219281,0,1.682766,1.2713430000000001,FRA,ZAF,5543
81,246,951,1992,371313,46195,1.8901810000000001,0.9274030000000001,GBR,ZAF,5543
97,246,951,1992,2320,0,0.754112,1.911201,HKG,ZAF,5543
106,246,951,1992,0,6257,1.454172,1.397052,IRL,ZAF,5543
110,246,951,1992,0,7709,1.354362,1.3260530000000001,ISR,ZAF,5543
111,246,951,1992,41361,22073,1.7819,0.981246,ITA,ZAF,5543
114,246,951,1992,21097,0,2.451698,0.875639,JPN,ZAF,5543
147,246,951,1992,0,138892,-0.119653,-0.28381100000000004,MOZ,ZAF,5543
151,246,951,1992,0,81162,-0.249558,-0.643201,MUS,ZAF,5543
152,246,951,1992,0,61999,-1.368384,-1.205314,MWI,ZAF,5543
162,246,951,1992,317130,3689,1.4315069999999999,1.7107450000000002,NLD,ZAF,5543
179,246,951,1992,0,2467,0.47505,0.8402860000000001,PRT,ZAF,5543
184,246,951,1992,0,1166,0.251216,-0.448812,REU,ZAF,5543
192,246,951,1992,0,502,0.95691,0.892702,SGP,ZAF,5543
194,246,951,1992,0,7362,0.500765,-0.539151,SHN,ZAF,5543
211,246,951,1992,0,222180,0.05767100000000001,-0.6613020000000001,SYC,ZAF,5543
231,246,951,1992,145803,0,1.660693,1.289752,USA,ZAF,5543
247,246,951,1992,10574,14754,-0.9865219999999999,-1.076062,ZMB,ZAF,5543
248,246,951,1992,1705,60986,-0.11168099999999999,0.143612,ZWE,ZAF,5543
249,246,951,1992,4675,0,1.3694790000000001,1.6227559999999999,TWN,ZAF,5543
250,246,951,1992,25980,2171,0.989994,0.977453,ANS,ZAF,5543
7,249,951,1992,0,48096,-0.495518,-0.963358,ARE,TWN,5543
8,249,951,1992,0,11793,0.043179,0.553408,ARG,TWN,5543
14,249,951,1992,45421,31254,0.083812,0.637224,AUS,TWN,5543
15,249,951,1992,2752,1321,1.975207,0.669388,AUT,TWN,5543
18,249,951,1992,3649,5139,1.449085,1.622957,BEL,TWN,5543
34,249,951,1992,0,13683,-1.142722,-0.818717,BRN,TWN,5543
39,249,951,1992,34279,16456,0.74703,1.096791,CAN,TWN,5543
41,249,951,1992,47951,0,2.24952,1.014945,CHE,TWN,5543
42,249,951,1992,0,1991,-0.188106,-0.360151,CHL,TWN,5543
43,249,951,1992,0,273262,0.269411,1.920075,CHN,TWN,5543
44,249,951,1992,0,1000,-1.689731,-1.070179,CIV,TWN,5543
52,249,951,1992,0,909,0.11654,0.191873,CRI,TWN,5543
58,249,951,1992,0,13823,0.471516,0.668776,CYP,TWN,5543
61,249,951,1992,594054,141530,2.2968349999999997,-2.581569,DEU,TWN,5543
64,249,951,1992,22071,4872,1.696464,1.365743,DNK,TWN,5543
65,249,951,1992,0,4000,-0.338979,-0.5049279999999999,DOM,TWN,5543
67,249,951,1992,0,2571,-0.815778,-0.9415459999999999,ECU,TWN,5543
71,249,951,1992,15073,55042,1.301511,1.730441,ESP,TWN,5543
75,249,951,1992,0,6334,-0.573887,-0.6382680000000001,FJI,TWN,5543
77,249,951,1992,69505,10371,1.682766,1.2713430000000001,FRA,TWN,5543
81,249,951,1992,338495,2934,1.8901810000000001,0.9274030000000001,GBR,TWN,5543
97,249,951,1992,33441,1534673,0.754112,1.911201,HKG,TWN,5543
103,249,951,1992,86972,138171,-0.5250670000000001,0.717568,IDN,TWN,5543
104,249,951,1992,11219,2859,0.101094,1.6851180000000001,IND,TWN,5543
106,249,951,1992,0,11930,1.454172,1.397052,IRL,TWN,5543
107,249,951,1992,0,1000,-1.195108,-1.135155,IRN,TWN,5543
110,249,951,1992,10480,0,1.354362,1.3260530000000001,ISR,TWN,5543
111,249,951,1992,99402,6629,1.7819,0.981246,ITA,TWN,5543
113,249,951,1992,0,28579,0.716964,0.5323760000000001,JOR,TWN,5543
114,249,951,1992,3528456,268042,2.451698,0.875639,JPN,TWN,5543
119,249,951,1992,0,20333,-0.047671,-0.740088,KIR,TWN,5543
121,249,951,1992,39208,1949,0.778066,1.3011139999999999,KOR,TWN,5543
125,249,951,1992,0,2000,-0.790557,-0.9978870000000001,LBR,TWN,5543
128,249,951,1992,0,12230,-0.45780600000000005,-0.221948,LKA,TWN,5543
133,249,951,1992,0,5266,0.249034,-0.026864,MAC,TWN,5543
134,249,951,1992,0,8539,-0.339711,-0.265987,MAR,TWN,5543
136,249,951,1992,0,488,-0.977873,-0.743187,MDG,TWN,5543
138,249,951,1992,0,7000,0.9039370000000001,0.965842,MEX,TWN,5543
151,249,951,1992,0,2551,-0.249558,-0.643201,MUS,TWN,5543
153,249,951,1992,4267,81647,0.14268499999999998,0.370079,MYS,TWN,5543
157,249,951,1992,0,2000,0.056698,-0.6624770000000001,NER,TWN,5543
162,249,951,1992,119095,77430,1.4315069999999999,1.7107450000000002,NLD,TWN,5543
163,249,951,1992,4063,27224,0.877965,0.444983,NOR,TWN,5543
168,249,951,1992,0,24152,-0.480152,-0.361705,PAK,TWN,5543
169,249,951,1992,0,2926,0.289315,0.37247199999999997,PAN,TWN,5543
173,249,951,1992,0,5659,-0.286545,-0.264638,PER,TWN,5543
174,249,951,1992,0,7105,-0.139761,0.772109,PHL,TWN,5543
183,249,951,1992,0,1417,-0.491413,-1.004476,QAT,TWN,5543
185,249,951,1992,0,17833,0.838817,1.358629,ROU,TWN,5543
188,249,951,1992,0,8050,0.416315,-0.7342489999999999,SAU,TWN,5543
192,249,951,1992,380497,40784,0.95691,0.892702,SGP,TWN,5543
208,249,951,1992,1682,23889,2.2265900000000003,0.999178,SWE,TWN,5543
216,249,951,1992,106066,245606,0.109518,1.486578,THA,TWN,5543
221,249,951,1992,0,30000,-0.787605,-0.880726,TON,TWN,5543
231,249,951,1992,3266730,158590,1.660693,1.289752,USA,TWN,5543
239,249,951,1992,0,38000,-0.989259,-0.43416099999999996,VNM,TWN,5543
246,249,951,1992,0,4675,0.236335,1.415622,ZAF,TWN,5543
250,249,951,1992,0,74000,0.989994,0.977453,ANS,TWN,5543
18,8,951,1992,19255,0,1.449085,1.622957,BEL,ARG,5543
31,8,951,1992,0,31937,-0.609826,-0.693473,BOL,ARG,5543
32,8,951,1992,7465,3835,0.685144,1.5676709999999998,BRA,ARG,5543
41,8,951,1992,6532,0,2.24952,1.014945,CHE,ARG,5543
42,8,951,1992,140325,6747,-0.188106,-0.360151,CHL,ARG,5543
43,8,951,1992,5388,2392,0.269411,1.920075,CHN,ARG,5543
61,8,951,1992,39607,0,2.2968349999999997,-2.581569,DEU,ARG,5543
64,8,951,1992,4611,0,1.696464,1.365743,DNK,ARG,5543
71,8,951,1992,146463,0,1.301511,1.730441,ESP,ARG,5543
77,8,951,1992,44751,0,1.682766,1.2713430000000001,FRA,ARG,5543
81,8,951,1992,15572,0,1.8901810000000001,0.9274030000000001,GBR,ARG,5543
110,8,951,1992,18504,0,1.354362,1.3260530000000001,ISR,ARG,5543
111,8,951,1992,33781,0,1.7819,0.981246,ITA,ARG,5543
114,8,951,1992,110199,0,2.451698,0.875639,JPN,ARG,5543
162,8,951,1992,8027,0,1.4315069999999999,1.7107450000000002,NLD,ARG,5543
180,8,951,1992,0,379363,-0.906433,-0.787177,PRY,ARG,5543
230,8,951,1992,68544,136989,0.242758,0.711781,URY,ARG,5543
231,8,951,1992,188387,0,1.660693,1.289752,USA,ARG,5543
236,8,951,1992,0,20551,-0.106385,-0.65975,VEN,ARG,5543
249,8,951,1992,11793,0,1.3694790000000001,1.6227559999999999,TWN,ARG,5543
250,8,951,1992,2315,1273,0.989994,0.977453,ANS,ARG,5543
61,19,951,1992,3493,0,2.2968349999999997,-2.581569,DEU,BEN,5543
71,19,951,1992,952,0,1.301511,1.730441,ESP,BEN,5543
77,19,951,1992,45168,0,1.682766,1.2713430000000001,FRA,BEN,5543
97,19,951,1992,1483,0,0.754112,1.911201,HKG,BEN,5543
111,19,951,1992,2397,0,1.7819,0.981246,ITA,BEN,5543
231,19,951,1992,31935,0,1.660693,1.289752,USA,BEN,5543
2,32,951,1992,0,4253,-1.90642,-1.061544,AGO,BRA,5543
8,32,951,1992,3835,7465,0.043179,0.553408,ARG,BRA,5543
14,32,951,1992,1219,5756,0.083812,0.637224,AUS,BRA,5543
31,32,951,1992,0,118308,-0.609826,-0.693473,BOL,BRA,5543
41,32,951,1992,5212,0,2.24952,1.014945,CHE,BRA,5543
42,32,951,1992,0,12307,-0.188106,-0.360151,CHL,BRA,5543
51,32,951,1992,0,14327,0.314087,-0.48178699999999997,CPV,BRA,5543
61,32,951,1992,245186,0,2.2968349999999997,-2.581569,DEU,BRA,5543
64,32,951,1992,49378,1951,1.696464,1.365743,DNK,BRA,5543
71,32,951,1992,5265,0,1.301511,1.730441,ESP,BRA,5543
77,32,951,1992,31807,0,1.682766,1.2713430000000001,FRA,BRA,5543
81,32,951,1992,20764,0,1.8901810000000001,0.9274030000000001,GBR,BRA,5543
97,32,951,1992,0,6488,0.754112,1.911201,HKG,BRA,5543
103,32,951,1992,0,857,-0.5250670000000001,0.717568,IDN,BRA,5543
111,32,951,1992,125962,0,1.7819,0.981246,ITA,BRA,5543
114,32,951,1992,186523,0,2.451698,0.875639,JPN,BRA,5543
169,32,951,1992,0,1189,0.289315,0.37247199999999997,PAN,BRA,5543
173,32,951,1992,0,2320,-0.286545,-0.264638,PER,BRA,5543
179,32,951,1992,0,5362,0.47505,0.8402860000000001,PRT,BRA,5543
180,32,951,1992,0,787391,-0.906433,-0.787177,PRY,BRA,5543
192,32,951,1992,0,1246,0.95691,0.892702,SGP,BRA,5543
208,32,951,1992,0,5152,2.2265900000000003,0.999178,SWE,BRA,5543
216,32,951,1992,0,4660,0.109518,1.486578,THA,BRA,5543
230,32,951,1992,12623,67279,0.242758,0.711781,URY,BRA,5543
231,32,951,1992,177160,22847,1.660693,1.289752,USA,BRA,5543
7,58,951,1992,0,124442,-0.495518,-0.963358,ARE,CYP,5543
15,58,951,1992,1498,0,1.975207,0.669388,AUT,CYP,5543
18,58,951,1992,2631,0,1.449085,1.622957,BEL,CYP,5543
23,58,951,1992,0,2951,0.503161,1.871616,BGR,CYP,5543
39,58,951,1992,13485,0,0.74703,1.096791,CAN,CYP,5543
41,58,951,1992,3038,0,2.24952,1.014945,CHE,CYP,5543
43,58,951,1992,4682,0,0.269411,1.920075,CHN,CYP,5543
61,58,951,1992,513078,0,2.2968349999999997,-2.581569,DEU,CYP,5543
64,58,951,1992,5589,0,1.696464,1.365743,DNK,CYP,5543
71,58,951,1992,6661,0,1.301511,1.730441,ESP,CYP,5543
77,58,951,1992,118042,0,1.682766,1.2713430000000001,FRA,CYP,5543
81,58,951,1992,500203,0,1.8901810000000001,0.9274030000000001,GBR,CYP,5543
90,58,951,1992,116051,41556,0.139504,0.743678,GRC,CYP,5543
97,58,951,1992,2206,0,0.754112,1.911201,HKG,CYP,5543
106,58,951,1992,27581,0,1.454172,1.397052,IRL,CYP,5543
110,58,951,1992,4097,79282,1.354362,1.3260530000000001,ISR,CYP,5543
111,58,951,1992,154592,0,1.7819,0.981246,ITA,CYP,5543
162,58,951,1992,50815,1380,1.4315069999999999,1.7107450000000002,NLD,CYP,5543
167,58,951,1992,0,6765,-0.906702,-1.0716709999999998,OMN,CYP,5543
186,58,951,1992,0,1779,0.071799,0.14036099999999999,RUS,CYP,5543
188,58,951,1992,0,52135,0.416315,-0.7342489999999999,SAU,CYP,5543
189,58,951,1992,0,4889,0.9474950000000001,2.442268,SCG,CYP,5543
208,58,951,1992,45031,0,2.2265900000000003,0.999178,SWE,CYP,5543
224,58,951,1992,48338,0,0.160966,1.154796,TUR,CYP,5543
231,58,951,1992,17301,0,1.660693,1.289752,USA,CYP,5543
243,58,951,1992,0,3902,-0.7116020000000001,-0.9852489999999999,YEM,CYP,5543
249,58,951,1992,13823,0,1.3694790000000001,1.6227559999999999,TWN,CYP,5543
250,58,951,1992,2576,1948,0.989994,0.977453,ANS,CYP,5543
43,83,951,1992,100019,0,0.269411,1.920075,CHN,GHA,5543
61,83,951,1992,1828,0,2.2968349999999997,-2.581569,DEU,GHA,5543
81,83,951,1992,106403,0,1.8901810000000001,0.9274030000000001,GBR,GHA,5543
97,83,951,1992,73878,0,0.754112,1.911201,HKG,GHA,5543
104,83,951,1992,1193,0,0.101094,1.6851180000000001,IND,GHA,5543
111,83,951,1992,3478,0,1.7819,0.981246,ITA,GHA,5543
116,83,951,1992,2797,0,-0.31818,-0.096856,KEN,GHA,5543
124,83,951,1992,4318,0,0.186135,0.800906,LBN,GHA,5543
231,83,951,1992,6496,0,1.660693,1.289752,USA,GHA,5543
250,83,951,1992,1278,0,0.989994,0.977453,ANS,GHA,5543
7,90,951,1992,0,8912,-0.495518,-0.963358,ARE,GRC,5543
15,90,951,1992,1784,0,1.975207,0.669388,AUT,GRC,5543
18,90,951,1992,78985,0,1.449085,1.622957,BEL,GRC,5543
23,90,951,1992,0,183971,0.503161,1.871616,BGR,GRC,5543
24,90,951,1992,0,8466,0.047396,-0.554517,BHR,GRC,5543
26,90,951,1992,0,18164,0.76031,1.212207,BIH,GRC,5543
39,90,951,1992,7943,0,0.74703,1.096791,CAN,GRC,5543
41,90,951,1992,23350,44029,2.24952,1.014945,CHE,GRC,5543
53,90,951,1992,0,449911,1.116966,2.225331,CSK,GRC,5543
58,90,951,1992,41556,116051,0.471516,0.668776,CYP,GRC,5543
61,90,951,1992,2959330,7957,2.2968349999999997,-2.581569,DEU,GRC,5543
64,90,951,1992,1638,0,1.696464,1.365743,DNK,GRC,5543
68,90,951,1992,0,6973,-0.102143,-0.17513499999999999,EGY,GRC,5543
71,90,951,1992,24008,171374,1.301511,1.730441,ESP,GRC,5543
77,90,951,1992,401643,4519,1.682766,1.2713430000000001,FRA,GRC,5543
81,90,951,1992,239080,68071,1.8901810000000001,0.9274030000000001,GBR,GRC,5543
97,90,951,1992,0,11820,0.754112,1.911201,HKG,GRC,5543
102,90,951,1992,0,20067,0.9144620000000001,2.157041,HUN,GRC,5543
106,90,951,1992,91014,0,1.454172,1.397052,IRL,GRC,5543
110,90,951,1992,48157,292571,1.354362,1.3260530000000001,ISR,GRC,5543
111,90,951,1992,1686018,33401,1.7819,0.981246,ITA,GRC,5543
114,90,951,1992,12591,0,2.451698,0.875639,JPN,GRC,5543
126,90,951,1992,0,18053,-0.333309,-0.981883,LBY,GRC,5543
142,90,951,1992,0,4131,0.828211,0.29226599999999997,MLT,GRC,5543
162,90,951,1992,738766,2943,1.4315069999999999,1.7107450000000002,NLD,GRC,5543
163,90,951,1992,36004,0,0.877965,0.444983,NOR,GRC,5543
169,90,951,1992,0,9270,0.289315,0.37247199999999997,PAN,GRC,5543
179,90,951,1992,4832,115024,0.47505,0.8402860000000001,PRT,GRC,5543
183,90,951,1992,0,4110,-0.491413,-1.004476,QAT,GRC,5543
185,90,951,1992,0,31221,0.838817,1.358629,ROU,GRC,5543
188,90,951,1992,0,33060,0.416315,-0.7342489999999999,SAU,GRC,5543
189,90,951,1992,0,290171,0.9474950000000001,2.442268,SCG,GRC,5543
207,90,951,1992,0,24470,1.3270629999999999,1.605534,SVN,GRC,5543
208,90,951,1992,10278,0,2.2265900000000003,0.999178,SWE,GRC,5543
211,90,951,1992,0,1831,0.05767100000000001,-0.6613020000000001,SYC,GRC,5543
224,90,951,1992,0,8754,0.160966,1.154796,TUR,GRC,5543
231,90,951,1992,99405,0,1.660693,1.289752,USA,GRC,5543
250,90,951,1992,0,100274,0.989994,0.977453,ANS,GRC,5543
17,116,951,1992,0,107278,-1.222854,-0.927959,BDI,KEN,5543
46,116,951,1992,0,89700,-1.55348,-1.100071,COD,KEN,5543
61,116,951,1992,8819,0,2.2968349999999997,-2.581569,DEU,KEN,5543
73,116,951,1992,0,217254,-1.036482,-1.078446,ETH,KEN,5543
77,116,951,1992,3924,0,1.682766,1.2713430000000001,FRA,KEN,5543
81,116,951,1992,30948,0,1.8901810000000001,0.9274030000000001,GBR,KEN,5543
83,116,951,1992,0,2797,-0.936314,-0.935839,GHA,KEN,5543
97,116,951,1992,2611,0,0.754112,1.911201,HKG,KEN,5543
104,116,951,1992,8183,0,0.101094,1.6851180000000001,IND,KEN,5543
152,116,951,1992,0,51412,-1.368384,-1.205314,MWI,KEN,5543
159,116,951,1992,0,1901424,-2.275923,-1.178983,NGA,KEN,5543
162,116,951,1992,2165,0,1.4315069999999999,1.7107450000000002,NLD,KEN,5543
184,116,951,1992,0,47568,0.251216,-0.448812,REU,KEN,5543
187,116,951,1992,0,175525,-0.890012,-0.888402,RWA,KEN,5543
208,116,951,1992,3466,0,2.2265900000000003,0.999178,SWE,KEN,5543
216,116,951,1992,1990,0,0.109518,1.486578,THA,KEN,5543
226,116,951,1992,0,158430,-1.139271,-0.8235379999999999,TZA,KEN,5543
227,116,951,1992,0,258242,-1.264399,-1.0359450000000001,UGA,KEN,5543
247,116,951,1992,0,8704,-0.9865219999999999,-1.076062,ZMB,KEN,5543
250,116,951,1992,1391,4323,0.989994,0.977453,ANS,KEN,5543
43,133,951,1992,5095,25985,0.269411,1.920075,CHN,MAC,5543
61,133,951,1992,2016,0,2.2968349999999997,-2.581569,DEU,MAC,5543
81,133,951,1992,1484,0,1.8901810000000001,0.9274030000000001,GBR,MAC,5543
97,133,951,1992,918521,7000,0.754112,1.911201,HKG,MAC,5543
114,133,951,1992,3118,0,2.451698,0.875639,JPN,MAC,5543
153,133,951,1992,7302,0,0.14268499999999998,0.370079,MYS,MAC,5543
192,133,951,1992,38167,0,0.95691,0.892702,SGP,MAC,5543
231,133,951,1992,3971,0,1.660693,1.289752,USA,MAC,5543
249,133,951,1992,5266,0,1.3694790000000001,1.6227559999999999,TWN,MAC,5543
250,133,951,1992,2709,0,0.989994,0.977453,ANS,MAC,5543
18,134,951,1992,4068,0,1.449085,1.622957,BEL,MAR,5543
61,134,951,1992,25823,0,2.2968349999999997,-2.581569,DEU,MAR,5543
66,134,951,1992,0,1049,-0.24189699999999997,-0.9399219999999999,DZA,MAR,5543
71,134,951,1992,872498,0,1.301511,1.730441,ESP,MAR,5543
77,134,951,1992,314395,0,1.682766,1.2713430000000001,FRA,MAR,5543
81,134,951,1992,93519,0,1.8901810000000001,0.9274030000000001,GBR,MAR,5543
111,134,951,1992,74649,0,1.7819,0.981246,ITA,MAR,5543
126,134,951,1992,0,29245,-0.333309,-0.981883,LBY,MAR,5543
153,134,951,1992,27559,0,0.14268499999999998,0.370079,MYS,MAR,5543
162,134,951,1992,14137,0,1.4315069999999999,1.7107450000000002,NLD,MAR,5543
188,134,951,1992,0,8252,0.416315,-0.7342489999999999,SAU,MAR,5543
231,134,951,1992,95873,0,1.660693,1.289752,USA,MAR,5543
249,134,951,1992,8539,0,1.3694790000000001,1.6227559999999999,TWN,MAR,5543
7,142,951,1992,0,517,-0.495518,-0.963358,ARE,MLT,5543
18,142,951,1992,12081,0,1.449085,1.622957,BEL,MLT,5543
41,142,951,1992,34100,0,2.24952,1.014945,CHE,MLT,5543
61,142,951,1992,269348,0,2.2968349999999997,-2.581569,DEU,MLT,5543
71,142,951,1992,7333,0,1.301511,1.730441,ESP,MLT,5543
77,142,951,1992,91164,0,1.682766,1.2713430000000001,FRA,MLT,5543
81,142,951,1992,468924,6299,1.8901810000000001,0.9274030000000001,GBR,MLT,5543
90,142,951,1992,4131,0,0.139504,0.743678,GRC,MLT,5543
106,142,951,1992,11672,0,1.454172,1.397052,IRL,MLT,5543
111,142,951,1992,153564,195652,1.7819,0.981246,ITA,MLT,5543
114,142,951,1992,27897,0,2.451698,0.875639,JPN,MLT,5543
126,142,951,1992,0,48345,-0.333309,-0.981883,LBY,MLT,5543
162,142,951,1992,3460,0,1.4315069999999999,1.7107450000000002,NLD,MLT,5543
231,142,951,1992,19041,0,1.660693,1.289752,USA,MLT,5543
18,150,951,1992,9673,0,1.449085,1.622957,BEL,MTQ,5543
61,150,951,1992,2552,0,2.2968349999999997,-2.581569,DEU,MTQ,5543
77,150,951,1992,2047798,0,1.682766,1.2713430000000001,FRA,MTQ,5543
86,150,951,1992,0,5102,0.68221,-0.319682,GLP,MTQ,5543
94,150,951,1992,0,1596,0.9797959999999999,0.125384,GUF,MTQ,5543
111,150,951,1992,11882,0,1.7819,0.981246,ITA,MTQ,5543
162,150,951,1992,4792,0,1.4315069999999999,1.7107450000000002,NLD,MTQ,5543
231,150,951,1992,32806,0,1.660693,1.289752,USA,MTQ,5543
250,150,951,1992,38956,0,0.989994,0.977453,ANS,MTQ,5543
18,191,951,1992,11731,0,1.449085,1.622957,BEL,SEN,5543
43,191,951,1992,26508,0,0.269411,1.920075,CHN,SEN,5543
44,191,951,1992,5717,0,-1.689731,-1.070179,CIV,SEN,5543
77,191,951,1992,231152,0,1.682766,1.2713430000000001,FRA,SEN,5543
97,191,951,1992,21102,0,0.754112,1.911201,HKG,SEN,5543
111,191,951,1992,1149,0,1.7819,0.981246,ITA,SEN,5543
250,191,951,1992,0,33842,0.989994,0.977453,ANS,SEN,5543
15,248,951,1992,1543,0,1.975207,0.669388,AUT,ZWE,5543
41,248,951,1992,3094,0,2.24952,1.014945,CHE,ZWE,5543
61,248,951,1992,2979,0,2.2968349999999997,-2.581569,DEU,ZWE,5543
81,248,951,1992,4783,0,1.8901810000000001,0.9274030000000001,GBR,ZWE,5543
111,248,951,1992,3813,0,1.7819,0.981246,ITA,ZWE,5543
147,248,951,1992,0,8583,-0.119653,-0.28381100000000004,MOZ,ZWE,5543
151,248,951,1992,0,48326,-0.249558,-0.643201,MUS,ZWE,5543
152,248,951,1992,0,55563,-1.368384,-1.205314,MWI,ZWE,5543
162,248,951,1992,8205,0,1.4315069999999999,1.7107450000000002,NLD,ZWE,5543
231,248,951,1992,1918,0,1.660693,1.289752,USA,ZWE,5543
246,248,951,1992,60986,1705,0.236335,1.415622,ZAF,ZWE,5543
247,248,951,1992,0,20666,-0.9865219999999999,-1.076062,ZMB,ZWE,5543
3,236,951,1992,0,6325,0.6821659999999999,-0.306197,AIA,VEN,5543
6,236,951,1992,0,1142,0.258484,-0.47236000000000006,ANT,VEN,5543
8,236,951,1992,20551,0,0.043179,0.553408,ARG,VEN,5543
15,236,951,1992,2066,0,1.975207,0.669388,AUT,VEN,5543
41,236,951,1992,3234,0,2.24952,1.014945,CHE,VEN,5543
49,236,951,1992,80921,136727,0.022895,0.22971799999999998,COL,VEN,5543
61,236,951,1992,10090,0,2.2968349999999997,-2.581569,DEU,VEN,5543
65,236,951,1992,595818,0,-0.338979,-0.5049279999999999,DOM,VEN,5543
71,236,951,1992,40710,0,1.301511,1.730441,ESP,VEN,5543
77,236,951,1992,4236,0,1.682766,1.2713430000000001,FRA,VEN,5543
81,236,951,1992,2763,0,1.8901810000000001,0.9274030000000001,GBR,VEN,5543
93,236,951,1992,0,5120,-0.031145999999999997,0.48874300000000004,GTM,VEN,5543
96,236,951,1992,0,3459,-0.6447689999999999,-0.808177,GUY,VEN,5543
111,236,951,1992,38873,0,1.7819,0.981246,ITA,VEN,5543
114,236,951,1992,1943,0,2.451698,0.875639,JPN,VEN,5543
138,236,951,1992,0,1797,0.9039370000000001,0.965842,MEX,VEN,5543
162,236,951,1992,1412,0,1.4315069999999999,1.7107450000000002,NLD,VEN,5543
169,236,951,1992,0,27261,0.289315,0.37247199999999997,PAN,VEN,5543
179,236,951,1992,18265,0,0.47505,0.8402860000000001,PRT,VEN,5543
231,236,951,1992,312727,12268,1.660693,1.289752,USA,VEN,5543
250,236,951,1992,2074,1775,0.989994,0.977453,ANS,VEN,5543
8,31,951,1992,31937,0,0.043179,0.553408,ARG,BOL,5543
32,31,951,1992,118308,0,0.685144,1.5676709999999998,BRA,BOL,5543
42,31,951,1992,256891,0,-0.188106,-0.360151,CHL,BOL,5543
61,31,951,1992,5019,0,2.2968349999999997,-2.581569,DEU,BOL,5543
111,31,951,1992,2946,0,1.7819,0.981246,ITA,BOL,5543
173,31,951,1992,1171,0,-0.286545,-0.264638,PER,BOL,5543
231,31,951,1992,22561,0,1.660693,1.289752,USA,BOL,5543
250,31,951,1992,1120,0,0.989994,0.977453,ANS,BOL,5543
39,67,951,1992,88735,0,0.74703,1.096791,CAN,ECU,5543
41,67,951,1992,48913,0,2.24952,1.014945,CHE,ECU,5543
49,67,951,1992,6242,0,0.022895,0.22971799999999998,COL,ECU,5543
52,67,951,1992,1148,0,0.11654,0.191873,CRI,ECU,5543
61,67,951,1992,6941,0,2.2968349999999997,-2.581569,DEU,ECU,5543
81,67,951,1992,17505,0,1.8901810000000001,0.9274030000000001,GBR,ECU,5543
114,67,951,1992,3009,0,2.451698,0.875639,JPN,ECU,5543
169,67,951,1992,0,1174,0.289315,0.37247199999999997,PAN,ECU,5543
173,67,951,1992,0,1237,-0.286545,-0.264638,PER,ECU,5543
231,67,951,1992,63571,0,1.660693,1.289752,USA,ECU,5543
249,67,951,1992,2571,0,1.3694790000000001,1.6227559999999999,TWN,ECU,5543
18,212,951,1992,31638,0,1.449085,1.622957,BEL,SYR,5543
23,212,951,1992,0,8307,0.503161,1.871616,BGR,SYR,5543
61,212,951,1992,39571,0,2.2968349999999997,-2.581569,DEU,SYR,5543
64,212,951,1992,18184,0,1.696464,1.365743,DNK,SYR,5543
77,212,951,1992,5862,0,1.682766,1.2713430000000001,FRA,SYR,5543
81,212,951,1992,41216,0,1.8901810000000001,0.9274030000000001,GBR,SYR,5543
113,212,951,1992,0,11504,0.716964,0.5323760000000001,JOR,SYR,5543
114,212,951,1992,30115,0,2.451698,0.875639,JPN,SYR,5543
122,212,951,1992,0,20218,-1.2360950000000002,-1.061771,KWT,SYR,5543
126,212,951,1992,0,1622,-0.333309,-0.981883,LBY,SYR,5543
162,212,951,1992,1905,0,1.4315069999999999,1.7107450000000002,NLD,SYR,5543
185,212,951,1992,0,6838,0.838817,1.358629,ROU,SYR,5543
188,212,951,1992,0,33830,0.416315,-0.7342489999999999,SAU,SYR,5543
243,212,951,1992,0,1446,-0.7116020000000001,-0.9852489999999999,YEM,SYR,5543
250,212,951,1992,0,1521,0.989994,0.977453,ANS,SYR,5543
18,66,951,1992,2481,0,1.449085,1.622957,BEL,DZA,5543
61,66,951,1992,11031,0,2.2968349999999997,-2.581569,DEU,DZA,5543
68,66,951,1992,10070,0,-0.102143,-0.17513499999999999,EGY,DZA,5543
71,66,951,1992,57652,0,1.301511,1.730441,ESP,DZA,5543
77,66,951,1992,153453,0,1.682766,1.2713430000000001,FRA,DZA,5543
111,66,951,1992,55838,0,1.7819,0.981246,ITA,DZA,5543
121,66,951,1992,8573,0,0.778066,1.3011139999999999,KOR,DZA,5543
134,66,951,1992,1049,0,-0.339711,-0.265987,MAR,DZA,5543
162,66,951,1992,1279,0,1.4315069999999999,1.7107450000000002,NLD,DZA,5543
186,66,951,1992,0,319567,0.071799,0.14036099999999999,RUS,DZA,5543
223,66,951,1992,2009,0,0.14482,-0.13608,TUN,DZA,5543
231,66,951,1992,214579,0,1.660693,1.289752,USA,DZA,5543
250,66,951,1992,1865,0,0.989994,0.977453,ANS,DZA,5543
81,29,951,1992,3038,0,1.8901810000000001,0.9274030000000001,GBR,BLZ,5543
93,29,951,1992,1047,0,-0.031145999999999997,0.48874300000000004,GTM,BLZ,5543
112,29,951,1992,2387,0,-0.200329,-0.595741,JAM,BLZ,5543
138,29,951,1992,1906,0,0.9039370000000001,0.965842,MEX,BLZ,5543
222,29,951,1992,8822,0,0.43506000000000006,-0.43233599999999994,TTO,BLZ,5543
231,29,951,1992,141026,0,1.660693,1.289752,USA,BLZ,5543
250,29,951,1992,3132,0,0.989994,0.977453,ANS,BLZ,5543
14,86,951,1992,11998,0,0.083812,0.637224,AUS,GLP,5543
18,86,951,1992,46634,0,1.449085,1.622957,BEL,GLP,5543
41,86,951,1992,3225,0,2.24952,1.014945,CHE,GLP,5543
61,86,951,1992,3137,0,2.2968349999999997,-2.581569,DEU,GLP,5543
77,86,951,1992,1506464,0,1.682766,1.2713430000000001,FRA,GLP,5543
81,86,951,1992,8812,0,1.8901810000000001,0.9274030000000001,GBR,GLP,5543
94,86,951,1992,1757,0,0.9797959999999999,0.125384,GUF,GLP,5543
111,86,951,1992,27486,0,1.7819,0.981246,ITA,GLP,5543
150,86,951,1992,5102,0,0.70167,-0.075327,MTQ,GLP,5543
162,86,951,1992,3401,0,1.4315069999999999,1.7107450000000002,NLD,GLP,5543
231,86,951,1992,6293,0,1.660693,1.289752,USA,GLP,5543
64,96,951,1992,1042,0,1.696464,1.365743,DNK,GUY,5543
112,96,951,1992,23789,0,-0.200329,-0.595741,JAM,GUY,5543
222,96,951,1992,19656,0,0.43506000000000006,-0.43233599999999994,TTO,GUY,5543
231,96,951,1992,6474,0,1.660693,1.289752,USA,GUY,5543
236,96,951,1992,3459,0,-0.106385,-0.65975,VEN,GUY,5543
250,96,951,1992,1761,0,0.989994,0.977453,ANS,GUY,5543
29,112,951,1992,0,2387,-0.06729700000000001,-0.386682,BLZ,JAM,5543
33,112,951,1992,0,30911,0.9121950000000001,0.413592,BRB,JAM,5543
39,112,951,1992,4535,0,0.74703,1.096791,CAN,JAM,5543
52,112,951,1992,14886,0,0.11654,0.191873,CRI,JAM,5543
61,112,951,1992,918,0,2.2968349999999997,-2.581569,DEU,JAM,5543
81,112,951,1992,12890,0,1.8901810000000001,0.9274030000000001,GBR,JAM,5543
96,112,951,1992,0,23789,-0.6447689999999999,-0.808177,GUY,JAM,5543
111,112,951,1992,0,7612,1.7819,0.981246,ITA,JAM,5543
127,112,951,1992,0,2231,0.199639,-0.28238,LCA,JAM,5543
222,112,951,1992,37224,73241,0.43506000000000006,-0.43233599999999994,TTO,JAM,5543
231,112,951,1992,114929,0,1.660693,1.289752,USA,JAM,5543
250,112,951,1992,0,25743,0.989994,0.977453,ANS,JAM,5543
33,127,951,1992,1205,0,0.9121950000000001,0.413592,BRB,LCA,5543
61,127,951,1992,736,0,2.2968349999999997,-2.581569,DEU,LCA,5543
71,127,951,1992,1962,0,1.301511,1.730441,ESP,LCA,5543
81,127,951,1992,6486,0,1.8901810000000001,0.9274030000000001,GBR,LCA,5543
112,127,951,1992,2231,0,-0.200329,-0.595741,JAM,LCA,5543
222,127,951,1992,15535,0,0.43506000000000006,-0.43233599999999994,TTO,LCA,5543
231,127,951,1992,8911,0,1.660693,1.289752,USA,LCA,5543
52,160,951,1992,384817,12690,0.11654,0.191873,CRI,NIC,5543
93,160,951,1992,214277,0,-0.031145999999999997,0.48874300000000004,GTM,NIC,5543
99,160,951,1992,9443,0,-0.5100640000000001,-0.38205900000000004,HND,NIC,5543
169,160,951,1992,2132,0,0.289315,0.37247199999999997,PAN,NIC,5543
197,160,951,1992,21147,0,0.396523,0.47548900000000005,SLV,NIC,5543
231,160,951,1992,22153,0,1.660693,1.289752,USA,NIC,5543
31,173,951,1992,0,1171,-0.609826,-0.693473,BOL,PER,5543
32,173,951,1992,2320,0,0.685144,1.5676709999999998,BRA,PER,5543
42,173,951,1992,32778,7919,-0.188106,-0.360151,CHL,PER,5543
49,173,951,1992,19281,0,0.022895,0.22971799999999998,COL,PER,5543
61,173,951,1992,16416,0,2.2968349999999997,-2.581569,DEU,PER,5543
67,173,951,1992,1237,0,-0.815778,-0.9415459999999999,ECU,PER,5543
71,173,951,1992,12905,0,1.301511,1.730441,ESP,PER,5543
111,173,951,1992,1475,0,1.7819,0.981246,ITA,PER,5543
231,173,951,1992,56363,0,1.660693,1.289752,USA,PER,5543
249,173,951,1992,5659,0,1.3694790000000001,1.6227559999999999,TWN,PER,5543
250,173,951,1992,1519,0,0.989994,0.977453,ANS,PER,5543
8,180,951,1992,379363,0,0.043179,0.553408,ARG,PRY,5543
32,180,951,1992,787391,0,0.685144,1.5676709999999998,BRA,PRY,5543
42,180,951,1992,39481,0,-0.188106,-0.360151,CHL,PRY,5543
61,180,951,1992,27355,0,2.2968349999999997,-2.581569,DEU,PRY,5543
111,180,951,1992,2017,0,1.7819,0.981246,ITA,PRY,5543
39,197,951,1992,808,0,0.74703,1.096791,CAN,SLV,5543
52,197,951,1992,512815,0,0.11654,0.191873,CRI,SLV,5543
61,197,951,1992,14431,0,2.2968349999999997,-2.581569,DEU,SLV,5543
77,197,951,1992,1406,0,1.682766,1.2713430000000001,FRA,SLV,5543
81,197,951,1992,8082,0,1.8901810000000001,0.9274030000000001,GBR,SLV,5543
93,197,951,1992,735601,3972,-0.031145999999999997,0.48874300000000004,GTM,SLV,5543
99,197,951,1992,53103,0,-0.5100640000000001,-0.38205900000000004,HND,SLV,5543
138,197,951,1992,12901,0,0.9039370000000001,0.965842,MEX,SLV,5543
160,197,951,1992,0,21147,-0.214083,-0.111615,NIC,SLV,5543
169,197,951,1992,1436,0,0.289315,0.37247199999999997,PAN,SLV,5543
231,197,951,1992,10683,0,1.660693,1.289752,USA,SLV,5543
250,197,951,1992,493850,2453,0.989994,0.977453,ANS,SLV,5543
43,205,951,1992,3845,0,0.269411,1.920075,CHN,SUR,5543
61,205,951,1992,7626,0,2.2968349999999997,-2.581569,DEU,SUR,5543
77,205,951,1992,13242,0,1.682766,1.2713430000000001,FRA,SUR,5543
81,205,951,1992,10218,0,1.8901810000000001,0.9274030000000001,GBR,SUR,5543
97,205,951,1992,3906,0,0.754112,1.911201,HKG,SUR,5543
162,205,951,1992,2851,0,1.4315069999999999,1.7107450000000002,NLD,SUR,5543
231,205,951,1992,41899,0,1.660693,1.289752,USA,SUR,5543
8,230,951,1992,136989,68544,0.043179,0.553408,ARG,URY,5543
32,230,951,1992,67279,12623,0.685144,1.5676709999999998,BRA,URY,5543
42,230,951,1992,25414,0,-0.188106,-0.360151,CHL,URY,5543
61,230,951,1992,24655,0,2.2968349999999997,-2.581569,DEU,URY,5543
71,230,951,1992,15573,0,1.301511,1.730441,ESP,URY,5543
111,230,951,1992,39069,0,1.7819,0.981246,ITA,URY,5543
162,230,951,1992,1039,0,1.4315069999999999,1.7107450000000002,NLD,URY,5543
231,230,951,1992,89454,0,1.660693,1.289752,USA,URY,5543
14,24,951,1992,4706,0,0.083812,0.637224,AUS,BHR,5543
39,24,951,1992,9353,0,0.74703,1.096791,CAN,BHR,5543
43,24,951,1992,2281,0,0.269411,1.920075,CHN,BHR,5543
61,24,951,1992,34265,0,2.2968349999999997,-2.581569,DEU,BHR,5543
77,24,951,1992,121589,0,1.682766,1.2713430000000001,FRA,BHR,5543
81,24,951,1992,134724,0,1.8901810000000001,0.9274030000000001,GBR,BHR,5543
90,24,951,1992,8466,0,0.139504,0.743678,GRC,BHR,5543
104,24,951,1992,17276,0,0.101094,1.6851180000000001,IND,BHR,5543
106,24,951,1992,1947,0,1.454172,1.397052,IRL,BHR,5543
122,24,951,1992,18671,0,-1.2360950000000002,-1.061771,KWT,BHR,5543
188,24,951,1992,2723,0,0.416315,-0.7342489999999999,SAU,BHR,5543
216,24,951,1992,3883,0,0.109518,1.486578,THA,BHR,5543
231,24,951,1992,132872,0,1.660693,1.289752,USA,BHR,5543
14,34,951,1992,20883,0,0.083812,0.637224,AUS,BRN,5543
61,34,951,1992,1771,0,2.2968349999999997,-2.581569,DEU,BRN,5543
77,34,951,1992,2499,0,1.682766,1.2713430000000001,FRA,BRN,5543
81,34,951,1992,17135,0,1.8901810000000001,0.9274030000000001,GBR,BRN,5543
103,34,951,1992,1081,0,-0.5250670000000001,0.717568,IDN,BRN,5543
114,34,951,1992,8432,0,2.451698,0.875639,JPN,BRN,5543
153,34,951,1992,110423,0,0.14268499999999998,0.370079,MYS,BRN,5543
166,34,951,1992,1138,0,0.41866000000000003,0.580581,NZL,BRN,5543
192,34,951,1992,711021,0,0.95691,0.892702,SGP,BRN,5543
216,34,951,1992,6657,0,0.109518,1.486578,THA,BRN,5543
231,34,951,1992,4547,0,1.660693,1.289752,USA,BRN,5543
249,34,951,1992,13683,0,1.3694790000000001,1.6227559999999999,TWN,BRN,5543
250,34,951,1992,3725,0,0.989994,0.977453,ANS,BRN,5543
18,44,951,1992,26534,0,1.449085,1.622957,BEL,CIV,5543
41,44,951,1992,6289,0,2.24952,1.014945,CHE,CIV,5543
43,44,951,1992,19887,0,0.269411,1.920075,CHN,CIV,5543
61,44,951,1992,3005,0,2.2968349999999997,-2.581569,DEU,CIV,5543
71,44,951,1992,1933,0,1.301511,1.730441,ESP,CIV,5543
77,44,951,1992,530457,0,1.682766,1.2713430000000001,FRA,CIV,5543
97,44,951,1992,83861,0,0.754112,1.911201,HKG,CIV,5543
191,44,951,1992,0,5717,-0.43371800000000005,-0.679547,SEN,CIV,5543
231,44,951,1992,177531,0,1.660693,1.289752,USA,CIV,5543
246,44,951,1992,53791,0,0.236335,1.415622,ZAF,CIV,5543
249,44,951,1992,1000,0,1.3694790000000001,1.6227559999999999,TWN,CIV,5543
18,46,951,1992,12862,0,1.449085,1.622957,BEL,COD,5543
43,46,951,1992,37828,0,0.269411,1.920075,CHN,COD,5543
61,46,951,1992,2067,0,2.2968349999999997,-2.581569,DEU,COD,5543
97,46,951,1992,34112,0,0.754112,1.911201,HKG,COD,5543
116,46,951,1992,89700,0,-0.31818,-0.096856,KEN,COD,5543
179,46,951,1992,1178,0,0.47505,0.8402860000000001,PRT,COD,5543
246,46,951,1992,353947,0,0.236335,1.415622,ZAF,COD,5543
15,53,951,1992,1657492,14507,1.975207,0.669388,AUT,CSK,5543
18,53,951,1992,5297,0,1.449085,1.622957,BEL,CSK,5543
41,53,951,1992,5333,0,2.24952,1.014945,CHE,CSK,5543
61,53,951,1992,877891,1674,2.2968349999999997,-2.581569,DEU,CSK,5543
64,53,951,1992,34726,0,1.696464,1.365743,DNK,CSK,5543
74,53,951,1992,10136,0,1.929661,1.3477,FIN,CSK,5543
77,53,951,1992,278468,0,1.682766,1.2713430000000001,FRA,CSK,5543
81,53,951,1992,165726,12218,1.8901810000000001,0.9274030000000001,GBR,CSK,5543
90,53,951,1992,449911,0,0.139504,0.743678,GRC,CSK,5543
102,53,951,1992,51588,1784,0.9144620000000001,2.157041,HUN,CSK,5543
111,53,951,1992,116110,0,1.7819,0.981246,ITA,CSK,5543
162,53,951,1992,432750,0,1.4315069999999999,1.7107450000000002,NLD,CSK,5543
163,53,951,1992,9044,0,0.877965,0.444983,NOR,CSK,5543
189,53,951,1992,2009,41817,0.9474950000000001,2.442268,SCG,CSK,5543
207,53,951,1992,12849,0,1.3270629999999999,1.605534,SVN,CSK,5543
231,53,951,1992,38955,0,1.660693,1.289752,USA,CSK,5543
39,54,951,1992,2082,0,0.74703,1.096791,CAN,CUB,5543
64,54,951,1992,0,7250,1.696464,1.365743,DNK,CUB,5543
71,54,951,1992,172062,0,1.301511,1.730441,ESP,CUB,5543
111,54,951,1992,171110,0,1.7819,0.981246,ITA,CUB,5543
18,62,951,1992,15379,0,1.449085,1.622957,BEL,DJI,5543
61,62,951,1992,1998,0,2.2968349999999997,-2.581569,DEU,DJI,5543
73,62,951,1992,0,9867,-1.036482,-1.078446,ETH,DJI,5543
77,62,951,1992,53189,0,1.682766,1.2713430000000001,FRA,DJI,5543
97,62,951,1992,1881,0,0.754112,1.911201,HKG,DJI,5543
250,62,951,1992,5002,0,0.989994,0.977453,ANS,DJI,5543
61,72,951,1992,2017,0,2.2968349999999997,-2.581569,DEU,EST,5543
77,72,951,1992,1134,0,1.682766,1.2713430000000001,FRA,EST,5543
110,72,951,1992,2343,0,1.354362,1.3260530000000001,ISR,EST,5543
162,72,951,1992,1264,0,1.4315069999999999,1.7107450000000002,NLD,EST,5543
208,72,951,1992,3437,0,2.2265900000000003,0.999178,SWE,EST,5543
62,73,951,1992,9867,0,0.708593,1.196323,DJI,ETH,5543
81,73,951,1992,8819,0,1.8901810000000001,0.9274030000000001,GBR,ETH,5543
111,73,951,1992,35423,0,1.7819,0.981246,ITA,ETH,5543
116,73,951,1992,217254,0,-0.31818,-0.096856,KEN,ETH,5543
162,73,951,1992,1830,0,1.4315069999999999,1.7107450000000002,NLD,ETH,5543
188,73,951,1992,4368,0,0.416315,-0.7342489999999999,SAU,ETH,5543
250,73,951,1992,36406,0,0.989994,0.977453,ANS,ETH,5543
43,107,951,1992,0,1817,0.269411,1.920075,CHN,IRN,5543
61,107,951,1992,131284,0,2.2968349999999997,-2.581569,DEU,IRN,5543
64,107,951,1992,475271,0,1.696464,1.365743,DNK,IRN,5543
77,107,951,1992,15062,0,1.682766,1.2713430000000001,FRA,IRN,5543
81,107,951,1992,69085,0,1.8901810000000001,0.9274030000000001,GBR,IRN,5543
104,107,951,1992,23989,0,0.101094,1.6851180000000001,IND,IRN,5543
114,107,951,1992,52565,0,2.451698,0.875639,JPN,IRN,5543
153,107,951,1992,0,14900,0.14268499999999998,0.370079,MYS,IRN,5543
162,107,951,1992,30879,0,1.4315069999999999,1.7107450000000002,NLD,IRN,5543
168,107,951,1992,8496,0,-0.480152,-0.361705,PAK,IRN,5543
224,107,951,1992,8046,0,0.160966,1.154796,TUR,IRN,5543
231,107,951,1992,19651,0,1.660693,1.289752,USA,IRN,5543
249,107,951,1992,1000,0,1.3694790000000001,1.6227559999999999,TWN,IRN,5543
24,122,951,1992,0,18671,0.047396,-0.554517,BHR,KWT,5543
41,122,951,1992,2315,0,2.24952,1.014945,CHE,KWT,5543
43,122,951,1992,6578,0,0.269411,1.920075,CHN,KWT,5543
61,122,951,1992,111826,0,2.2968349999999997,-2.581569,DEU,KWT,5543
64,122,951,1992,47083,0,1.696464,1.365743,DNK,KWT,5543
68,122,951,1992,24550,0,-0.102143,-0.17513499999999999,EGY,KWT,5543
71,122,951,1992,4550,0,1.301511,1.730441,ESP,KWT,5543
77,122,951,1992,84866,0,1.682766,1.2713430000000001,FRA,KWT,5543
81,122,951,1992,255381,0,1.8901810000000001,0.9274030000000001,GBR,KWT,5543
97,122,951,1992,18034,0,0.754112,1.911201,HKG,KWT,5543
104,122,951,1992,7918,0,0.101094,1.6851180000000001,IND,KWT,5543
111,122,951,1992,257973,0,1.7819,0.981246,ITA,KWT,5543
114,122,951,1992,4968,0,2.451698,0.875639,JPN,KWT,5543
167,122,951,1992,0,21832,-0.906702,-1.0716709999999998,OMN,KWT,5543
188,122,951,1992,168073,152122,0.416315,-0.7342489999999999,SAU,KWT,5543
192,122,951,1992,981,0,0.95691,0.892702,SGP,KWT,5543
208,122,951,1992,1323,0,2.2265900000000003,0.999178,SWE,KWT,5543
212,122,951,1992,20218,0,-0.566724,-0.602446,SYR,KWT,5543
224,122,951,1992,12070,0,0.160966,1.154796,TUR,KWT,5543
231,122,951,1992,402024,0,1.660693,1.289752,USA,KWT,5543
250,122,951,1992,1721700,20943,0.989994,0.977453,ANS,KWT,5543
18,124,951,1992,28769,0,1.449085,1.622957,BEL,LBN,5543
39,124,951,1992,9082,0,0.74703,1.096791,CAN,LBN,5543
43,124,951,1992,8598,0,0.269411,1.920075,CHN,LBN,5543
61,124,951,1992,183074,0,2.2968349999999997,-2.581569,DEU,LBN,5543
64,124,951,1992,1415,0,1.696464,1.365743,DNK,LBN,5543
71,124,951,1992,53035,0,1.301511,1.730441,ESP,LBN,5543
77,124,951,1992,353982,0,1.682766,1.2713430000000001,FRA,LBN,5543
81,124,951,1992,103431,0,1.8901810000000001,0.9274030000000001,GBR,LBN,5543
83,124,951,1992,0,4318,-0.936314,-0.935839,GHA,LBN,5543
97,124,951,1992,26230,0,0.754112,1.911201,HKG,LBN,5543
106,124,951,1992,8173,0,1.454172,1.397052,IRL,LBN,5543
111,124,951,1992,180424,0,1.7819,0.981246,ITA,LBN,5543
162,124,951,1992,46924,0,1.4315069999999999,1.7107450000000002,NLD,LBN,5543
185,124,951,1992,0,3435,0.838817,1.358629,ROU,LBN,5543
188,124,951,1992,0,11564,0.416315,-0.7342489999999999,SAU,LBN,5543
231,124,951,1992,177865,0,1.660693,1.289752,USA,LBN,5543
41,126,951,1992,1691,0,2.24952,1.014945,CHE,LBY,5543
61,126,951,1992,13270,0,2.2968349999999997,-2.581569,DEU,LBY,5543
81,126,951,1992,37474,0,1.8901810000000001,0.9274030000000001,GBR,LBY,5543
90,126,951,1992,18053,0,0.139504,0.743678,GRC,LBY,5543
111,126,951,1992,18612,0,1.7819,0.981246,ITA,LBY,5543
113,126,951,1992,46021,0,0.716964,0.5323760000000001,JOR,LBY,5543
134,126,951,1992,29245,0,-0.339711,-0.265987,MAR,LBY,5543
142,126,951,1992,48345,0,0.828211,0.29226599999999997,MLT,LBY,5543
168,126,951,1992,10445,0,-0.480152,-0.361705,PAK,LBY,5543
212,126,951,1992,1622,0,-0.566724,-0.602446,SYR,LBY,5543
223,126,951,1992,1117,0,0.14482,-0.13608,TUN,LBY,5543
224,126,951,1992,8084,0,0.160966,1.154796,TUR,LBY,5543
16,130,951,1992,0,286075,0.068107,-0.730703,AZE,LTU,5543
28,130,951,1992,0,151898,0.6011380000000001,0.450072,BLR,LTU,5543
61,130,951,1992,193722,0,2.2968349999999997,-2.581569,DEU,LTU,5543
74,130,951,1992,1104,0,1.929661,1.3477,FIN,LTU,5543
82,130,951,1992,0,130684,0.392506,-0.43089399999999994,GEO,LTU,5543
115,130,951,1992,0,51047,-0.084852,-0.5466260000000001,KAZ,LTU,5543
117,130,951,1992,0,135647,0.71368,-0.330817,KGZ,LTU,5543
132,130,951,1992,4445,192968,0.184303,0.022494999999999998,LVA,LTU,5543
135,130,951,1992,0,162706,0.637534,0.04142,MDA,LTU,5543
186,130,951,1992,0,178666,0.071799,0.14036099999999999,RUS,LTU,5543
217,130,951,1992,0,127887,-0.387201,-1.027048,TJK,LTU,5543
228,130,951,1992,0,2128580,0.375148,0.23747,UKR,LTU,5543
232,130,951,1992,0,68040,-0.312817,-0.955664,UZB,LTU,5543
18,136,951,1992,1280,0,1.449085,1.622957,BEL,MDG,5543
43,136,951,1992,3562,0,0.269411,1.920075,CHN,MDG,5543
61,136,951,1992,927,0,2.2968349999999997,-2.581569,DEU,MDG,5543
77,136,951,1992,52853,0,1.682766,1.2713430000000001,FRA,MDG,5543
97,136,951,1992,15881,0,0.754112,1.911201,HKG,MDG,5543
162,136,951,1992,1272,0,1.4315069999999999,1.7107450000000002,NLD,MDG,5543
249,136,951,1992,488,0,1.3694790000000001,1.6227559999999999,TWN,MDG,5543
43,143,951,1992,1678,0,0.269411,1.920075,CHN,MMR,5543
97,143,951,1992,5408,0,0.754112,1.911201,HKG,MMR,5543
114,143,951,1992,4812,0,2.451698,0.875639,JPN,MMR,5543
153,143,951,1992,5606,0,0.14268499999999998,0.370079,MYS,MMR,5543
192,143,951,1992,9015,15552,0.95691,0.892702,SGP,MMR,5543
216,143,951,1992,4423,0,0.109518,1.486578,THA,MMR,5543
231,143,951,1992,2031,0,1.660693,1.289752,USA,MMR,5543
14,151,951,1992,2406,0,0.083812,0.637224,AUS,MUS,5543
18,151,951,1992,1854,0,1.449085,1.622957,BEL,MUS,5543
41,151,951,1992,2700,0,2.24952,1.014945,CHE,MUS,5543
61,151,951,1992,20516,0,2.2968349999999997,-2.581569,DEU,MUS,5543
77,151,951,1992,60846,0,1.682766,1.2713430000000001,FRA,MUS,5543
81,151,951,1992,20740,0,1.8901810000000001,0.9274030000000001,GBR,MUS,5543
97,151,951,1992,3945,0,0.754112,1.911201,HKG,MUS,5543
103,151,951,1992,1144,0,-0.5250670000000001,0.717568,IDN,MUS,5543
111,151,951,1992,3260,0,1.7819,0.981246,ITA,MUS,5543
162,151,951,1992,13201,0,1.4315069999999999,1.7107450000000002,NLD,MUS,5543
184,151,951,1992,0,19655,0.251216,-0.448812,REU,MUS,5543
192,151,951,1992,1406,0,0.95691,0.892702,SGP,MUS,5543
231,151,951,1992,19748,0,1.660693,1.289752,USA,MUS,5543
246,151,951,1992,81162,0,0.236335,1.415622,ZAF,MUS,5543
248,151,951,1992,48326,0,-0.11168099999999999,0.143612,ZWE,MUS,5543
249,151,951,1992,2551,0,1.3694790000000001,1.6227559999999999,TWN,MUS,5543
250,151,951,1992,3011,4399,0.989994,0.977453,ANS,MUS,5543
43,164,951,1992,12915,0,0.269411,1.920075,CHN,NPL,5543
61,164,951,1992,5612,0,2.2968349999999997,-2.581569,DEU,NPL,5543
104,164,951,1992,79653,0,0.101094,1.6851180000000001,IND,NPL,5543
192,164,951,1992,1039,0,0.95691,0.892702,SGP,NPL,5543
216,164,951,1992,24241,0,0.109518,1.486578,THA,NPL,5543
7,167,951,1992,64645,0,-0.495518,-0.963358,ARE,OMN,5543
18,167,951,1992,3548,0,1.449085,1.622957,BEL,OMN,5543
41,167,951,1992,2460,0,2.24952,1.014945,CHE,OMN,5543
58,167,951,1992,6765,0,0.471516,0.668776,CYP,OMN,5543
61,167,951,1992,58766,0,2.2968349999999997,-2.581569,DEU,OMN,5543
77,167,951,1992,61640,0,1.682766,1.2713430000000001,FRA,OMN,5543
81,167,951,1992,208632,0,1.8901810000000001,0.9274030000000001,GBR,OMN,5543
104,167,951,1992,16717,0,0.101094,1.6851180000000001,IND,OMN,5543
111,167,951,1992,28494,0,1.7819,0.981246,ITA,OMN,5543
114,167,951,1992,19854,0,2.451698,0.875639,JPN,OMN,5543
122,167,951,1992,21832,0,-1.2360950000000002,-1.061771,KWT,OMN,5543
162,167,951,1992,2190,0,1.4315069999999999,1.7107450000000002,NLD,OMN,5543
183,167,951,1992,0,1869,-0.491413,-1.004476,QAT,OMN,5543
188,167,951,1992,1987,3104,0.416315,-0.7342489999999999,SAU,OMN,5543
231,167,951,1992,48673,0,1.660693,1.289752,USA,OMN,5543
7,183,951,1992,77020,38,-0.495518,-0.963358,ARE,QAT,5543
14,183,951,1992,2027,0,0.083812,0.637224,AUS,QAT,5543
15,183,951,1992,655,0,1.975207,0.669388,AUT,QAT,5543
39,183,951,1992,1988,0,0.74703,1.096791,CAN,QAT,5543
41,183,951,1992,13894,0,2.24952,1.014945,CHE,QAT,5543
43,183,951,1992,690,0,0.269411,1.920075,CHN,QAT,5543
61,183,951,1992,7849,0,2.2968349999999997,-2.581569,DEU,QAT,5543
68,183,951,1992,2120,0,-0.102143,-0.17513499999999999,EGY,QAT,5543
77,183,951,1992,27151,0,1.682766,1.2713430000000001,FRA,QAT,5543
81,183,951,1992,49602,0,1.8901810000000001,0.9274030000000001,GBR,QAT,5543
90,183,951,1992,4110,0,0.139504,0.743678,GRC,QAT,5543
104,183,951,1992,1466,0,0.101094,1.6851180000000001,IND,QAT,5543
111,183,951,1992,14319,0,1.7819,0.981246,ITA,QAT,5543
113,183,951,1992,7726,0,0.716964,0.5323760000000001,JOR,QAT,5543
114,183,951,1992,28954,0,2.451698,0.875639,JPN,QAT,5543
162,183,951,1992,2939,0,1.4315069999999999,1.7107450000000002,NLD,QAT,5543
163,183,951,1992,1167,0,0.877965,0.444983,NOR,QAT,5543
167,183,951,1992,1869,0,-0.906702,-1.0716709999999998,OMN,QAT,5543
188,183,951,1992,7198,24809,0.416315,-0.7342489999999999,SAU,QAT,5543
192,183,951,1992,5312,0,0.95691,0.892702,SGP,QAT,5543
231,183,951,1992,37440,0,1.660693,1.289752,USA,QAT,5543
249,183,951,1992,1417,0,1.3694790000000001,1.6227559999999999,TWN,QAT,5543
50,184,951,1992,0,2055,-0.5867220000000001,-0.8257620000000001,COM,REU,5543
71,184,951,1992,6032,0,1.301511,1.730441,ESP,REU,5543
77,184,951,1992,3271084,0,1.682766,1.2713430000000001,FRA,REU,5543
111,184,951,1992,5117,0,1.7819,0.981246,ITA,REU,5543
116,184,951,1992,47568,0,-0.31818,-0.096856,KEN,REU,5543
151,184,951,1992,19655,0,-0.249558,-0.643201,MUS,REU,5543
246,184,951,1992,1166,0,0.236335,1.415622,ZAF,REU,5543
15,186,951,1992,1312392,0,1.975207,0.669388,AUT,RUS,5543
23,186,951,1992,0,9935,0.503161,1.871616,BGR,RUS,5543
41,186,951,1992,21389,0,2.24952,1.014945,CHE,RUS,5543
43,186,951,1992,63432,62021,0.269411,1.920075,CHN,RUS,5543
58,186,951,1992,1779,0,0.471516,0.668776,CYP,RUS,5543
61,186,951,1992,355587,0,2.2968349999999997,-2.581569,DEU,RUS,5543
66,186,951,1992,319567,0,-0.24189699999999997,-0.9399219999999999,DZA,RUS,5543
68,186,951,1992,15585,0,-0.102143,-0.17513499999999999,EGY,RUS,5543
74,186,951,1992,55150,0,1.929661,1.3477,FIN,RUS,5543
81,186,951,1992,102044,0,1.8901810000000001,0.9274030000000001,GBR,RUS,5543
102,186,951,1992,58077,0,0.9144620000000001,2.157041,HUN,RUS,5543
104,186,951,1992,916089,0,0.101094,1.6851180000000001,IND,RUS,5543
111,186,951,1992,60381,0,1.7819,0.981246,ITA,RUS,5543
114,186,951,1992,9792,0,2.451698,0.875639,JPN,RUS,5543
130,186,951,1992,178666,0,0.7271810000000001,0.482357,LTU,RUS,5543
162,186,951,1992,1508,0,1.4315069999999999,1.7107450000000002,NLD,RUS,5543
185,186,951,1992,5168,0,0.838817,1.358629,ROU,RUS,5543
189,186,951,1992,5002,8144,0.9474950000000001,2.442268,SCG,RUS,5543
207,186,951,1992,5442,0,1.3270629999999999,1.605534,SVN,RUS,5543
208,186,951,1992,4295,0,2.2265900000000003,0.999178,SWE,RUS,5543
224,186,951,1992,26741,0,0.160966,1.154796,TUR,RUS,5543
43,190,951,1992,68483,0,0.269411,1.920075,CHN,SDN,5543
64,190,951,1992,19927,0,1.696464,1.365743,DNK,SDN,5543
81,190,951,1992,12068,0,1.8901810000000001,0.9274030000000001,GBR,SDN,5543
188,190,951,1992,0,2013,0.416315,-0.7342489999999999,SAU,SDN,5543
81,199,951,1992,1914,0,1.8901810000000001,0.9274030000000001,GBR,SOM,5543
61,211,951,1992,947,0,2.2968349999999997,-2.581569,DEU,SYC,5543
77,211,951,1992,7482,0,1.682766,1.2713430000000001,FRA,SYC,5543
81,211,951,1992,37111,0,1.8901810000000001,0.9274030000000001,GBR,SYC,5543
90,211,951,1992,1831,0,0.139504,0.743678,GRC,SYC,5543
192,211,951,1992,2509,0,0.95691,0.892702,SGP,SYC,5543
246,211,951,1992,222180,0,0.236335,1.415622,ZAF,SYC,5543
250,211,951,1992,3798,0,0.989994,0.977453,ANS,SYC,5543
15,223,951,1992,1013,0,1.975207,0.669388,AUT,TUN,5543
41,223,951,1992,25649,0,2.24952,1.014945,CHE,TUN,5543
43,223,951,1992,14766,0,0.269411,1.920075,CHN,TUN,5543
61,223,951,1992,19697,0,2.2968349999999997,-2.581569,DEU,TUN,5543
66,223,951,1992,0,2009,-0.24189699999999997,-0.9399219999999999,DZA,TUN,5543
71,223,951,1992,28289,0,1.301511,1.730441,ESP,TUN,5543
77,223,951,1992,231497,0,1.682766,1.2713430000000001,FRA,TUN,5543
81,223,951,1992,10489,0,1.8901810000000001,0.9274030000000001,GBR,TUN,5543
111,223,951,1992,89836,0,1.7819,0.981246,ITA,TUN,5543
126,223,951,1992,0,1117,-0.333309,-0.981883,LBY,TUN,5543
231,223,951,1992,74265,0,1.660693,1.289752,USA,TUN,5543
61,226,951,1992,6046,0,2.2968349999999997,-2.581569,DEU,TZA,5543
81,226,951,1992,1179,0,1.8901810000000001,0.9274030000000001,GBR,TZA,5543
116,226,951,1992,158430,0,-0.31818,-0.096856,KEN,TZA,5543
43,239,951,1992,4341,0,0.269411,1.920075,CHN,VNM,5543
61,239,951,1992,5004,0,2.2968349999999997,-2.581569,DEU,VNM,5543
192,239,951,1992,1217,0,0.95691,0.892702,SGP,VNM,5543
216,239,951,1992,7225,0,0.109518,1.486578,THA,VNM,5543
249,239,951,1992,38000,0,1.3694790000000001,1.6227559999999999,TWN,VNM,5543
43,243,951,1992,46421,0,0.269411,1.920075,CHN,YEM,5543
58,243,951,1992,3902,0,0.471516,0.668776,CYP,YEM,5543
61,243,951,1992,1011,0,2.2968349999999997,-2.581569,DEU,YEM,5543
97,243,951,1992,1808,0,0.754112,1.911201,HKG,YEM,5543
188,243,951,1992,1895,0,0.416315,-0.7342489999999999,SAU,YEM,5543
192,243,951,1992,2667,0,0.95691,0.892702,SGP,YEM,5543
212,243,951,1992,1446,0,-0.566724,-0.602446,SYR,YEM,5543
116,247,951,1992,8704,0,-0.31818,-0.096856,KEN,ZMB,5543
246,247,951,1992,14754,10574,0.236335,1.415622,ZAF,ZMB,5543
248,247,951,1992,20666,0,-0.11168099999999999,0.143612,ZWE,ZMB,5543
8,250,951,1992,1273,2315,0.043179,0.553408,ARG,ANS,5543
14,250,951,1992,1393,3424,0.083812,0.637224,AUS,ANS,5543
15,250,951,1992,2104,0,1.975207,0.669388,AUT,ANS,5543
18,250,951,1992,10788,0,1.449085,1.622957,BEL,ANS,5543
23,250,951,1992,0,2598,0.503161,1.871616,BGR,ANS,5543
29,250,951,1992,0,3132,-0.06729700000000001,-0.386682,BLZ,ANS,5543
31,250,951,1992,0,1120,-0.609826,-0.693473,BOL,ANS,5543
34,250,951,1992,0,3725,-1.142722,-0.818717,BRN,ANS,5543
41,250,951,1992,1518,1287,2.24952,1.014945,CHE,ANS,5543
42,250,951,1992,2701,1683,-0.188106,-0.360151,CHL,ANS,5543
43,250,951,1992,2066,22664,0.269411,1.920075,CHN,ANS,5543
49,250,951,1992,2152,0,0.022895,0.22971799999999998,COL,ANS,5543
52,250,951,1992,0,1107,0.11654,0.191873,CRI,ANS,5543
58,250,951,1992,1948,2576,0.471516,0.668776,CYP,ANS,5543
62,250,951,1992,0,5002,0.708593,1.196323,DJI,ANS,5543
66,250,951,1992,0,1865,-0.24189699999999997,-0.9399219999999999,DZA,ANS,5543
68,250,951,1992,0,1239,-0.102143,-0.17513499999999999,EGY,ANS,5543
71,250,951,1992,26214,1256,1.301511,1.730441,ESP,ANS,5543
73,250,951,1992,0,36406,-1.036482,-1.078446,ETH,ANS,5543
74,250,951,1992,0,2554,1.929661,1.3477,FIN,ANS,5543
75,250,951,1992,0,1646,-0.573887,-0.6382680000000001,FJI,ANS,5543
77,250,951,1992,0,344540,1.682766,1.2713430000000001,FRA,ANS,5543
78,250,951,1992,0,4244,-0.51381,-0.8512059999999999,FRO,ANS,5543
83,250,951,1992,0,1278,-0.936314,-0.935839,GHA,ANS,5543
90,250,951,1992,100274,0,0.139504,0.743678,GRC,ANS,5543
93,250,951,1992,0,1982,-0.031145999999999997,0.48874300000000004,GTM,ANS,5543
94,250,951,1992,0,11910,0.9797959999999999,0.125384,GUF,ANS,5543
96,250,951,1992,0,1761,-0.6447689999999999,-0.808177,GUY,ANS,5543
97,250,951,1992,1808,0,0.754112,1.911201,HKG,ANS,5543
100,250,951,1992,3108,2453,0.877872,1.726188,HRV,ANS,5543
102,250,951,1992,17016,0,0.9144620000000001,2.157041,HUN,ANS,5543
103,250,951,1992,4123,1075,-0.5250670000000001,0.717568,IDN,ANS,5543
104,250,951,1992,1224,0,0.101094,1.6851180000000001,IND,ANS,5543
106,250,951,1992,1221,0,1.454172,1.397052,IRL,ANS,5543
109,250,951,1992,0,2894,-0.076691,-0.630567,ISL,ANS,5543
110,250,951,1992,0,1030,1.354362,1.3260530000000001,ISR,ANS,5543
111,250,951,1992,0,85813,1.7819,0.981246,ITA,ANS,5543
112,250,951,1992,25743,0,-0.200329,-0.595741,JAM,ANS,5543
113,250,951,1992,108566,0,0.716964,0.5323760000000001,JOR,ANS,5543
116,250,951,1992,4323,1391,-0.31818,-0.096856,KEN,ANS,5543
121,250,951,1992,2560,0,0.778066,1.3011139999999999,KOR,ANS,5543
122,250,951,1992,20943,1721700,-1.2360950000000002,-1.061771,KWT,ANS,5543
128,250,951,1992,0,1892,-0.45780600000000005,-0.221948,LKA,ANS,5543
133,250,951,1992,0,2709,0.249034,-0.026864,MAC,ANS,5543
150,250,951,1992,0,38956,0.70167,-0.075327,MTQ,ANS,5543
151,250,951,1992,4399,3011,-0.249558,-0.643201,MUS,ANS,5543
162,250,951,1992,822837,0,1.4315069999999999,1.7107450000000002,NLD,ANS,5543
163,250,951,1992,0,734,0.877965,0.444983,NOR,ANS,5543
166,250,951,1992,4134,2583,0.41866000000000003,0.580581,NZL,ANS,5543
169,250,951,1992,0,36983,0.289315,0.37247199999999997,PAN,ANS,5543
173,250,951,1992,0,1519,-0.286545,-0.264638,PER,ANS,5543
174,250,951,1992,0,1380,-0.139761,0.772109,PHL,ANS,5543
185,250,951,1992,0,2357,0.838817,1.358629,ROU,ANS,5543
188,250,951,1992,0,2625,0.416315,-0.7342489999999999,SAU,ANS,5543
191,250,951,1992,33842,0,-0.43371800000000005,-0.679547,SEN,ANS,5543
192,250,951,1992,4197,3691,0.95691,0.892702,SGP,ANS,5543
197,250,951,1992,2453,493850,0.396523,0.47548900000000005,SLV,ANS,5543
207,250,951,1992,2566,2694,1.3270629999999999,1.605534,SVN,ANS,5543
208,250,951,1992,7539,1365,2.2265900000000003,0.999178,SWE,ANS,5543
211,250,951,1992,0,3798,0.05767100000000001,-0.6613020000000001,SYC,ANS,5543
212,250,951,1992,1521,0,-0.566724,-0.602446,SYR,ANS,5543
216,250,951,1992,4060,1198,0.109518,1.486578,THA,ANS,5543
222,250,951,1992,27821,1644,0.43506000000000006,-0.43233599999999994,TTO,ANS,5543
224,250,951,1992,1970,0,0.160966,1.154796,TUR,ANS,5543
236,250,951,1992,1775,2074,-0.106385,-0.65975,VEN,ANS,5543
246,250,951,1992,2171,25980,0.236335,1.415622,ZAF,ANS,5543
249,250,951,1992,74000,0,1.3694790000000001,1.6227559999999999,TWN,ANS,5543
18,2,951,1992,12802,0,1.449085,1.622957,BEL,AGO,5543
32,2,951,1992,4253,0,0.685144,1.5676709999999998,BRA,AGO,5543
61,2,951,1992,58053,0,2.2968349999999997,-2.581569,DEU,AGO,5543
77,2,951,1992,10784,0,1.682766,1.2713430000000001,FRA,AGO,5543
162,2,951,1992,86584,0,1.4315069999999999,1.7107450000000002,NLD,AGO,5543
179,2,951,1992,44397,0,0.47505,0.8402860000000001,PRT,AGO,5543
246,2,951,1992,64960,0,0.236335,1.415622,ZAF,AGO,5543
61,6,951,1992,17002,0,2.2968349999999997,-2.581569,DEU,ANT,5543
64,6,951,1992,1093,0,1.696464,1.365743,DNK,ANT,5543
81,6,951,1992,8006,0,1.8901810000000001,0.9274030000000001,GBR,ANT,5543
162,6,951,1992,13270,0,1.4315069999999999,1.7107450000000002,NLD,ANT,5543
231,6,951,1992,281423,0,1.660693,1.289752,USA,ANT,5543
236,6,951,1992,1142,0,-0.106385,-0.65975,VEN,ANT,5543
14,7,951,1992,2651,0,0.083812,0.637224,AUS,ARE,5543
18,7,951,1992,34405,0,1.449085,1.622957,BEL,ARE,5543
41,7,951,1992,38712,0,2.24952,1.014945,CHE,ARE,5543
43,7,951,1992,306187,0,0.269411,1.920075,CHN,ARE,5543
58,7,951,1992,124442,0,0.471516,0.668776,CYP,ARE,5543
61,7,951,1992,455291,0,2.2968349999999997,-2.581569,DEU,ARE,5543
