10529999,7,90,9127,2010,0.0,160242.0,0.29457,-0.196371,ARE,GRC,846241
10530000,58,90,9127,2010,0.0,153010.0,0.8776450000000001,0.568389,CYP,GRC,846241
10530001,61,90,9127,2010,1131158.0,1500503.0,2.035672,-3.383322,DEU,GRC,846241
10530002,71,90,9127,2010,12274.0,0.0,0.832619,2.448009,ESP,GRC,846241
10530003,77,90,9127,2010,436982.0,0.0,1.530027,-0.052557000000000006,FRA,GRC,846241
10530004,81,90,9127,2010,10502.0,0.0,1.828224,0.386383,GBR,GRC,846241
10530005,82,90,9127,2010,0.0,40619.0,-0.21301399999999998,-0.48355299999999996,GEO,GRC,846241
10530006,111,90,9127,2010,99147.0,0.0,1.272385,0.545721,ITA,GRC,846241
10530007,140,90,9127,2010,0.0,35103.0,-0.122842,0.407017,MKD,GRC,846241
10530008,162,90,9127,2010,758777.0,0.0,1.237998,1.1891209999999999,NLD,GRC,846241
10530009,177,90,9127,2010,0.0,228886.0,1.083552,1.1433719999999998,POL,GRC,846241
10530010,185,90,9127,2010,0.0,125515.0,0.6483760000000001,1.200256,ROU,GRC,846241
10530011,186,90,9127,2010,0.0,107617.0,0.583996,-0.223881,RUS,GRC,846241
10530012,201,90,9127,2010,107422.0,0.0,0.561161,1.33974,SRB,GRC,846241
10530013,231,90,9127,2010,233503.0,0.0,1.67573,-0.598165,USA,GRC,846241
10530014,18,93,9127,2010,28600.0,0.0,1.2224270000000002,1.1276,BEL,GTM,846241
10530015,18,96,9127,2010,29030.0,0.0,1.2224270000000002,1.1276,BEL,GUY,846241
10530016,43,96,9127,2010,72206.0,0.0,0.922493,2.0176,CHN,GUY,846241
10530017,32,97,9127,2010,0.0,24623.0,0.40715500000000004,0.6208100000000001,BRA,HKG,846241
10530018,43,97,9127,2010,641248.0,19322592.0,0.922493,2.0176,CHN,HKG,846241
10530019,61,97,9127,2010,1967512.0,0.0,2.035672,-3.383322,DEU,HKG,846241
10530020,74,97,9127,2010,8237268.0,2664.0,1.745464,0.897992,FIN,HKG,846241
10530021,77,97,9127,2010,13082.0,0.0,1.530027,-0.052557000000000006,FRA,HKG,846241
10530022,114,97,9127,2010,17311610.0,0.0,2.459723,-0.279387,JPN,HKG,846241
10530023,153,97,9127,2010,0.0,48567.0,0.9530780000000001,0.607456,MYS,HKG,846241
10530024,192,97,9127,2010,166286.0,0.0,1.8441349999999999,0.570311,SGP,HKG,846241
10530025,231,97,9127,2010,1178031.0,0.0,1.67573,-0.598165,USA,HKG,846241
10530026,239,97,9127,2010,12135.0,0.0,-0.24660500000000002,1.427235,VNM,HKG,846241
10530027,249,97,9127,2010,933554.0,84429.0,1.766729,0.909335,TWN,HKG,846241
10530028,71,99,9127,2010,304348.0,0.0,0.832619,2.448009,ESP,HND,846241
10530029,231,99,9127,2010,8695.0,0.0,1.67573,-0.598165,USA,HND,846241
10530030,18,103,9127,2010,10581.0,0.0,1.2224270000000002,1.1276,BEL,IDN,846241
10530031,43,103,9127,2010,840928.0,0.0,0.922493,2.0176,CHN,IDN,846241
10530032,61,103,9127,2010,1919170.0,0.0,2.035672,-3.383322,DEU,IDN,846241
10530033,74,103,9127,2010,158572.0,0.0,1.745464,0.897992,FIN,IDN,846241
10530034,77,103,9127,2010,20661.0,27411.0,1.530027,-0.052557000000000006,FRA,IDN,846241
10530035,81,103,9127,2010,3693.0,0.0,1.828224,0.386383,GBR,IDN,846241
10530036,104,103,9127,2010,7355.0,0.0,0.14485599999999998,2.408913,IND,IDN,846241
10530037,111,103,9127,2010,2618140.0,0.0,1.272385,0.545721,ITA,IDN,846241
10530038,114,103,9127,2010,334202.0,0.0,2.459723,-0.279387,JPN,IDN,846241
10530039,121,103,9127,2010,10240.0,0.0,1.7118849999999999,0.762362,KOR,IDN,846241
10530040,153,103,9127,2010,26793.0,0.0,0.9530780000000001,0.607456,MYS,IDN,846241
10530041,192,103,9127,2010,857298.0,5151.0,1.8441349999999999,0.570311,SGP,IDN,846241
10530042,231,103,9127,2010,443871.0,0.0,1.67573,-0.598165,USA,IDN,846241
10530043,249,103,9127,2010,754028.0,0.0,1.766729,0.909335,TWN,IDN,846241
10530044,7,104,9127,2010,15675.0,0.0,0.29457,-0.196371,ARE,IND,846241
10530045,14,104,9127,2010,48437.0,0.0,-0.276442,0.062023,AUS,IND,846241
10530046,35,104,9127,2010,0.0,2359.0,-0.10866300000000001,-0.5950270000000001,BTN,IND,846241
10530047,41,104,9127,2010,10619.0,0.0,2.1492080000000002,0.556424,CHE,IND,846241
10530048,43,104,9127,2010,1558611.0,0.0,0.922493,2.0176,CHN,IND,846241
10530049,61,104,9127,2010,14078534.0,0.0,2.035672,-3.383322,DEU,IND,846241
10530050,64,104,9127,2010,72384.0,0.0,1.082468,1.280759,DNK,IND,846241
10530051,71,104,9127,2010,241130.0,0.0,0.832619,2.448009,ESP,IND,846241
10530052,74,104,9127,2010,1582492.0,0.0,1.745464,0.897992,FIN,IND,846241
10530053,77,104,9127,2010,207646.0,0.0,1.530027,-0.052557000000000006,FRA,IND,846241
10530054,81,104,9127,2010,349302.0,81862.0,1.828224,0.386383,GBR,IND,846241
10530055,83,104,9127,2010,0.0,1070.0,-0.835003,-0.633731,GHA,IND,846241
10530056,103,104,9127,2010,0.0,7355.0,-0.30878099999999997,1.07069,IDN,IND,846241
10530057,111,104,9127,2010,536051.0,0.0,1.272385,0.545721,ITA,IND,846241
10530058,114,104,9127,2010,11084327.0,0.0,2.459723,-0.279387,JPN,IND,846241
10530059,116,104,9127,2010,14696.0,0.0,-0.387187,1.010443,KEN,IND,846241
10530060,162,104,9127,2010,29621.0,0.0,1.237998,1.1891209999999999,NLD,IND,846241
10530061,167,104,9127,2010,0.0,10236.0,-0.487612,-0.9551379999999999,OMN,IND,846241
10530062,177,104,9127,2010,123291.0,0.0,1.083552,1.1433719999999998,POL,IND,846241
10530063,183,104,9127,2010,0.0,805.0,-0.346143,-1.078192,QAT,IND,846241
10530064,186,104,9127,2010,15350.0,0.0,0.583996,-0.223881,RUS,IND,846241
10530065,192,104,9127,2010,9634.0,0.0,1.8441349999999999,0.570311,SGP,IND,846241
10530066,208,104,9127,2010,51199.0,0.0,1.882239,0.397927,SWE,IND,846241
10530067,223,104,9127,2010,0.0,57813.0,0.165019,0.8882059999999999,TUN,IND,846241
10530068,224,104,9127,2010,14633.0,0.0,0.359977,2.471173,TUR,IND,846241
10530069,231,104,9127,2010,2620527.0,0.0,1.67573,-0.598165,USA,IND,846241
10530070,249,104,9127,2010,318678.0,72310.0,1.766729,0.909335,TWN,IND,846241
10530071,7,107,9127,2010,212047.0,0.0,0.29457,-0.196371,ARE,IRN,846241
10530072,16,107,9127,2010,0.0,29132.0,-1.048424,-1.2030370000000001,AZE,IRN,846241
10530073,43,107,9127,2010,557041.0,0.0,0.922493,2.0176,CHN,IRN,846241
10530074,61,107,9127,2010,2602064.0,0.0,2.035672,-3.383322,DEU,IRN,846241
10530075,71,107,9127,2010,542357.0,0.0,0.832619,2.448009,ESP,IRN,846241
10530076,77,107,9127,2010,28158.0,0.0,1.530027,-0.052557000000000006,FRA,IRN,846241
10530077,81,107,9127,2010,3180.0,0.0,1.828224,0.386383,GBR,IRN,846241
10530078,111,107,9127,2010,1871156.0,0.0,1.272385,0.545721,ITA,IRN,846241
10530079,114,107,9127,2010,201543.0,0.0,2.459723,-0.279387,JPN,IRN,846241
10530080,166,107,9127,2010,106964.0,0.0,0.36828299999999997,0.574574,NZL,IRN,846241
10530081,208,107,9127,2010,191273.0,0.0,1.882239,0.397927,SWE,IRN,846241
10530082,224,107,9127,2010,154884.0,17175.0,0.359977,2.471173,TUR,IRN,846241
10530083,249,107,9127,2010,21467.0,0.0,1.766729,0.909335,TWN,IRN,846241
10530084,14,110,9127,2010,0.0,28684.0,-0.276442,0.062023,AUS,ISR,846241
10530085,18,110,9127,2010,18693.0,0.0,1.2224270000000002,1.1276,BEL,ISR,846241
10530086,43,110,9127,2010,66197.0,0.0,0.922493,2.0176,CHN,ISR,846241
10530087,61,110,9127,2010,1821059.0,0.0,2.035672,-3.383322,DEU,ISR,846241
10530088,77,110,9127,2010,46520.0,0.0,1.530027,-0.052557000000000006,FRA,ISR,846241
10530089,81,110,9127,2010,24396.0,0.0,1.828224,0.386383,GBR,ISR,846241
10530090,111,110,9127,2010,297526.0,0.0,1.272385,0.545721,ITA,ISR,846241
10530091,114,110,9127,2010,212704.0,0.0,2.459723,-0.279387,JPN,ISR,846241
10530092,186,110,9127,2010,0.0,1954.0,0.583996,-0.223881,RUS,ISR,846241
10530093,224,110,9127,2010,226851.0,0.0,0.359977,2.471173,TUR,ISR,846241
10530094,231,110,9127,2010,49141.0,0.0,1.67573,-0.598165,USA,ISR,846241
10530095,4,111,9127,2010,0.0,9051.0,-0.5316,-0.219561,ALB,ITA,846241
10530096,7,111,9127,2010,0.0,451022.0,0.29457,-0.196371,ARE,ITA,846241
10530097,8,111,9127,2010,0.0,2319237.0,0.27458899999999997,0.597907,ARG,ITA,846241
10530098,9,111,9127,2010,0.0,44021.0,0.11632,-0.417048,ARM,ITA,846241
10530099,14,111,9127,2010,0.0,1648517.0,-0.276442,0.062023,AUS,ITA,846241
10530100,15,111,9127,2010,838024.0,1096554.0,1.724315,-0.29379099999999997,AUT,ITA,846241
10530101,16,111,9127,2010,0.0,31534.0,-1.048424,-1.2030370000000001,AZE,ITA,846241
10530102,18,111,9127,2010,579950.0,324383.0,1.2224270000000002,1.1276,BEL,ITA,846241
10530103,23,111,9127,2010,0.0,53333.0,0.44973,1.445441,BGR,ITA,846241
10530104,26,111,9127,2010,3691.0,53637.0,0.462275,0.830405,BIH,ITA,846241
10530105,28,111,9127,2010,0.0,1377479.0,0.969851,0.593386,BLR,ITA,846241
10530106,32,111,9127,2010,0.0,8560487.0,0.40715500000000004,0.6208100000000001,BRA,ITA,846241
10530107,39,111,9127,2010,0.0,947538.0,0.752421,1.2208510000000001,CAN,ITA,846241
10530108,41,111,9127,2010,1029379.0,1258132.0,2.1492080000000002,0.556424,CHE,ITA,846241
10530109,42,111,9127,2010,0.0,1141199.0,-0.34914,-0.459395,CHL,ITA,846241
10530110,43,111,9127,2010,12553.0,4770776.0,0.922493,2.0176,CHN,ITA,846241
10530111,45,111,9127,2010,0.0,1011.0,-1.114209,-1.0127899999999999,CMR,ITA,846241
10530112,49,111,9127,2010,0.0,658766.0,0.097222,-0.064328,COL,ITA,846241
10530113,54,111,9127,2010,0.0,3870.0,-0.085462,-0.885019,CUB,ITA,846241
10530114,58,111,9127,2010,0.0,5865.0,0.8776450000000001,0.568389,CYP,ITA,846241
10530115,59,111,9127,2010,0.0,261089.0,1.732044,0.333934,CZE,ITA,846241
10530116,61,111,9127,2010,12498225.0,1772412.0,2.035672,-3.383322,DEU,ITA,846241
10530117,64,111,9127,2010,3748.0,0.0,1.082468,1.280759,DNK,ITA,846241
10530118,67,111,9127,2010,0.0,100550.0,-0.584013,-0.743675,ECU,ITA,846241
10530119,68,111,9127,2010,0.0,479412.0,-0.181826,1.409465,EGY,ITA,846241
10530120,71,111,9127,2010,1860746.0,2297799.0,0.832619,2.448009,ESP,ITA,846241
10530121,73,111,9127,2010,0.0,8173.0,-1.122906,-0.840777,ETH,ITA,846241
10530122,74,111,9127,2010,7124160.0,16503.0,1.745464,0.897992,FIN,ITA,846241
10530123,77,111,9127,2010,4718688.0,2807868.0,1.530027,-0.052557000000000006,FRA,ITA,846241
10530124,81,111,9127,2010,202448.0,432713.0,1.828224,0.386383,GBR,ITA,846241
10530125,89,111,9127,2010,0.0,34890.0,-1.077402,-0.86556,GNQ,ITA,846241
10530126,90,111,9127,2010,0.0,99147.0,0.200249,1.4640090000000001,GRC,ITA,846241
10530127,100,111,9127,2010,9536.0,466251.0,0.8276979999999999,0.97415,HRV,ITA,846241
10530128,102,111,9127,2010,0.0,763573.0,1.514225,0.740341,HUN,ITA,846241
10530129,103,111,9127,2010,0.0,2618140.0,-0.30878099999999997,1.07069,IDN,ITA,846241
10530130,104,111,9127,2010,0.0,536051.0,0.14485599999999998,2.408913,IND,ITA,846241
10530131,106,111,9127,2010,0.0,50457.0,1.371357,0.168795,IRL,ITA,846241
10530132,107,111,9127,2010,0.0,1871156.0,-0.609874,-0.744733,IRN,ITA,846241
10530133,109,111,9127,2010,0.0,29438.0,0.20822100000000002,-0.318294,ISL,ITA,846241
10530134,110,111,9127,2010,0.0,297526.0,1.215834,0.7028340000000001,ISR,ITA,846241
10530135,113,111,9127,2010,0.0,3068.0,0.251702,0.522758,JOR,ITA,846241
10530136,114,111,9127,2010,546343.0,1008637.0,2.459723,-0.279387,JPN,ITA,846241
10530137,121,111,9127,2010,0.0,90111.0,1.7118849999999999,0.762362,KOR,ITA,846241
10530138,122,111,9127,2010,0.0,144128.0,0.067373,-1.0822120000000002,KWT,ITA,846241
10530139,124,111,9127,2010,0.0,2012.0,0.415854,1.424085,LBN,ITA,846241
10530140,126,111,9127,2010,0.0,84920.0,-0.706491,-1.140822,LBY,ITA,846241
10530141,132,111,9127,2010,0.0,1425.0,0.6158170000000001,1.1401059999999998,LVA,ITA,846241
10530142,134,111,9127,2010,0.0,267712.0,-0.5935229999999999,-0.056497000000000006,MAR,ITA,846241
10530143,135,111,9127,2010,0.0,19395.0,-0.116797,0.037801,MDA,ITA,846241
10530144,138,111,9127,2010,0.0,850093.0,1.132664,0.675756,MEX,ITA,846241
10530145,144,111,9127,2010,0.0,2893.0,0.266397,-0.02502,MNE,ITA,846241
10530146,162,111,9127,2010,0.0,898854.0,1.237998,1.1891209999999999,NLD,ITA,846241
10530147,173,111,9127,2010,0.0,189815.0,-0.650327,0.162321,PER,ITA,846241
10530148,174,111,9127,2010,0.0,306896.0,0.40418899999999996,0.102497,PHL,ITA,846241
10530149,177,111,9127,2010,0.0,171346.0,1.083552,1.1433719999999998,POL,ITA,846241
10530150,179,111,9127,2010,0.0,247136.0,0.551149,2.437209,PRT,ITA,846241
10530151,185,111,9127,2010,4051.0,17339.0,0.6483760000000001,1.200256,ROU,ITA,846241
10530152,186,111,9127,2010,0.0,8513738.0,0.583996,-0.223881,RUS,ITA,846241
10530153,188,111,9127,2010,0.0,359320.0,0.46696400000000005,-0.7487520000000001,SAU,ITA,846241
10530154,192,111,9127,2010,0.0,156978.0,1.8441349999999999,0.570311,SGP,ITA,846241
10530155,201,111,9127,2010,0.0,42905.0,0.561161,1.33974,SRB,ITA,846241
10530156,206,111,9127,2010,0.0,123226.0,1.278601,0.726907,SVK,ITA,846241
10530157,207,111,9127,2010,32861.0,757785.0,1.595473,0.7023020000000001,SVN,ITA,846241
10530158,208,111,9127,2010,124340.0,843430.0,1.882239,0.397927,SWE,ITA,846241
10530159,216,111,9127,2010,0.0,225020.0,0.748328,1.425224,THA,ITA,846241
10530160,223,111,9127,2010,0.0,8556.0,0.165019,0.8882059999999999,TUN,ITA,846241
10530161,224,111,9127,2010,77552.0,3347162.0,0.359977,2.471173,TUR,ITA,846241
10530162,228,111,9127,2010,0.0,1061079.0,0.714148,0.916267,UKR,ITA,846241
10530163,230,111,9127,2010,0.0,43180.0,0.217246,-0.079733,URY,ITA,846241
10530164,231,111,9127,2010,984603.0,3123794.0,1.67573,-0.598165,USA,ITA,846241
10530165,236,111,9127,2010,0.0,681691.0,-0.660844,-1.145133,VEN,ITA,846241
10530166,239,111,9127,2010,0.0,94486.0,-0.24660500000000002,1.427235,VNM,ITA,846241
10530167,246,111,9127,2010,0.0,972731.0,0.327326,1.513598,ZAF,ITA,846241
10530168,249,111,9127,2010,368571.0,349587.0,1.766729,0.909335,TWN,ITA,846241
10530169,7,114,9127,2010,0.0,759584.0,0.29457,-0.196371,ARE,JPN,846241
10530170,8,114,9127,2010,0.0,198697.0,0.27458899999999997,0.597907,ARG,JPN,846241
10530171,14,114,9127,2010,0.0,1544040.0,-0.276442,0.062023,AUS,JPN,846241
10530172,18,114,9127,2010,0.0,595909.0,1.2224270000000002,1.1276,BEL,JPN,846241
10530173,28,114,9127,2010,0.0,46213.0,0.969851,0.593386,BLR,JPN,846241
10530174,32,114,9127,2010,0.0,8087566.0,0.40715500000000004,0.6208100000000001,BRA,JPN,846241
10530175,39,114,9127,2010,0.0,3038646.0,0.752421,1.2208510000000001,CAN,JPN,846241
10530176,41,114,9127,2010,78765.0,0.0,2.1492080000000002,0.556424,CHE,JPN,846241
10530177,42,114,9127,2010,0.0,38800.0,-0.34914,-0.459395,CHL,JPN,846241
10530178,43,114,9127,2010,169332.0,91353776.0,0.922493,2.0176,CHN,JPN,846241
10530179,49,114,9127,2010,0.0,355209.0,0.097222,-0.064328,COL,JPN,846241
10530180,59,114,9127,2010,0.0,49270.0,1.732044,0.333934,CZE,JPN,846241
10530181,61,114,9127,2010,9716432.0,3432398.0,2.035672,-3.383322,DEU,JPN,846241
10530182,66,114,9127,2010,0.0,216647.0,-1.00922,-1.1511040000000001,DZA,JPN,846241
10530183,68,114,9127,2010,0.0,612622.0,-0.181826,1.409465,EGY,JPN,846241
10530184,77,114,9127,2010,393575.0,1354705.0,1.530027,-0.052557000000000006,FRA,JPN,846241
10530185,81,114,9127,2010,46510.0,278969.0,1.828224,0.386383,GBR,JPN,846241
10530186,97,114,9127,2010,0.0,17311610.0,0.715745,1.9780259999999998,HKG,JPN,846241
10530187,103,114,9127,2010,0.0,334202.0,-0.30878099999999997,1.07069,IDN,JPN,846241
10530188,104,114,9127,2010,0.0,11084327.0,0.14485599999999998,2.408913,IND,JPN,846241
10530189,107,114,9127,2010,0.0,201543.0,-0.609874,-0.744733,IRN,JPN,846241
10530190,110,114,9127,2010,0.0,212704.0,1.215834,0.7028340000000001,ISR,JPN,846241
10530191,111,114,9127,2010,1008637.0,546343.0,1.272385,0.545721,ITA,JPN,846241
10530192,113,114,9127,2010,0.0,8620.0,0.251702,0.522758,JOR,JPN,846241
10530193,121,114,9127,2010,44890.0,14051116.0,1.7118849999999999,0.762362,KOR,JPN,846241
10530194,124,114,9127,2010,0.0,551272.0,0.415854,1.424085,LBN,JPN,846241
10530195,128,114,9127,2010,0.0,701790.0,-0.70886,0.25216700000000003,LKA,JPN,846241
10530196,138,114,9127,2010,0.0,5437641.0,1.132664,0.675756,MEX,JPN,846241
10530197,140,114,9127,2010,0.0,760.0,-0.122842,0.407017,MKD,JPN,846241
10530198,153,114,9127,2010,30030.0,3272914.0,0.9530780000000001,0.607456,MYS,JPN,846241
10530199,162,114,9127,2010,0.0,363181.0,1.237998,1.1891209999999999,NLD,JPN,846241
10530200,166,114,9127,2010,0.0,55706.0,0.36828299999999997,0.574574,NZL,JPN,846241
10530201,168,114,9127,2010,0.0,1448.0,-0.692071,0.5409010000000001,PAK,JPN,846241
10530202,174,114,9127,2010,0.0,273137.0,0.40418899999999996,0.102497,PHL,JPN,846241
10530203,177,114,9127,2010,0.0,333696.0,1.083552,1.1433719999999998,POL,JPN,846241
10530204,186,114,9127,2010,0.0,283273.0,0.583996,-0.223881,RUS,JPN,846241
10530205,188,114,9127,2010,0.0,448117.0,0.46696400000000005,-0.7487520000000001,SAU,JPN,846241
10530206,192,114,9127,2010,10786.0,1455952.0,1.8441349999999999,0.570311,SGP,JPN,846241
10530207,201,114,9127,2010,0.0,6601.0,0.561161,1.33974,SRB,JPN,846241
10530208,207,114,9127,2010,0.0,253092.0,1.595473,0.7023020000000001,SVN,JPN,846241
10530209,216,114,9127,2010,0.0,8769191.0,0.748328,1.425224,THA,JPN,846241
10530210,223,114,9127,2010,0.0,64984.0,0.165019,0.8882059999999999,TUN,JPN,846241
10530211,224,114,9127,2010,0.0,561588.0,0.359977,2.471173,TUR,JPN,846241
10530212,228,114,9127,2010,0.0,82123.0,0.714148,0.916267,UKR,JPN,846241
10530213,231,114,9127,2010,381325.0,19710820.0,1.67573,-0.598165,USA,JPN,846241
10530214,236,114,9127,2010,0.0,262604.0,-0.660844,-1.145133,VEN,JPN,846241
10530215,239,114,9127,2010,81764.0,2559609.0,-0.24660500000000002,1.427235,VNM,JPN,846241
10530216,246,114,9127,2010,0.0,932542.0,0.327326,1.513598,ZAF,JPN,846241
10530217,249,114,9127,2010,53267.0,7843108.0,1.766729,0.909335,TWN,JPN,846241
10530218,28,115,9127,2010,2934.0,0.0,0.969851,0.593386,BLR,KAZ,846241
10530219,41,115,9127,2010,352881.0,0.0,2.1492080000000002,0.556424,CHE,KAZ,846241
10530220,43,115,9127,2010,873166.0,0.0,0.922493,2.0176,CHN,KAZ,846241
10530221,71,115,9127,2010,101597.0,0.0,0.832619,2.448009,ESP,KAZ,846241
10530222,224,115,9127,2010,103649.0,0.0,0.359977,2.471173,TUR,KAZ,846241
10530223,231,115,9127,2010,262832.0,0.0,1.67573,-0.598165,USA,KAZ,846241
10530224,18,121,9127,2010,55246.0,0.0,1.2224270000000002,1.1276,BEL,KOR,846241
10530225,39,121,9127,2010,3634.0,775907.0,0.752421,1.2208510000000001,CAN,KOR,846241
10530226,41,121,9127,2010,4077680.0,1442.0,2.1492080000000002,0.556424,CHE,KOR,846241
10530227,43,121,9127,2010,1562711.0,8204202.0,0.922493,2.0176,CHN,KOR,846241
10530228,61,121,9127,2010,2239951.0,832918.0,2.035672,-3.383322,DEU,KOR,846241
10530229,71,121,9127,2010,100194.0,0.0,0.832619,2.448009,ESP,KOR,846241
10530230,74,121,9127,2010,181047.0,0.0,1.745464,0.897992,FIN,KOR,846241
10530231,77,121,9127,2010,633221.0,0.0,1.530027,-0.052557000000000006,FRA,KOR,846241
10530232,81,121,9127,2010,50013.0,0.0,1.828224,0.386383,GBR,KOR,846241
10530233,103,121,9127,2010,0.0,10240.0,-0.30878099999999997,1.07069,IDN,KOR,846241
10530234,111,121,9127,2010,90111.0,0.0,1.272385,0.545721,ITA,KOR,846241
10530235,114,121,9127,2010,14051116.0,44890.0,2.459723,-0.279387,JPN,KOR,846241
10530236,138,121,9127,2010,0.0,209240.0,1.132664,0.675756,MEX,KOR,846241
10530237,153,121,9127,2010,0.0,15313.0,0.9530780000000001,0.607456,MYS,KOR,846241
10530238,183,121,9127,2010,0.0,20170.0,-0.346143,-1.078192,QAT,KOR,846241
10530239,186,121,9127,2010,0.0,3088492.0,0.583996,-0.223881,RUS,KOR,846241
10530240,216,121,9127,2010,0.0,186067.0,0.748328,1.425224,THA,KOR,846241
10530241,224,121,9127,2010,46606.0,0.0,0.359977,2.471173,TUR,KOR,846241
10530242,231,121,9127,2010,67064.0,196334.0,1.67573,-0.598165,USA,KOR,846241
10530243,232,121,9127,2010,0.0,59002.0,-0.704097,-0.655055,UZB,KOR,846241
10530244,239,121,9127,2010,0.0,62966.0,-0.24660500000000002,1.427235,VNM,KOR,846241
10530245,243,121,9127,2010,0.0,32737.0,-1.360851,-1.208826,YEM,KOR,846241
10530246,249,121,9127,2010,35319.0,0.0,1.766729,0.909335,TWN,KOR,846241
10530247,114,128,9127,2010,701790.0,0.0,2.459723,-0.279387,JPN,LKA,846241
10530248,15,138,9127,2010,2129.0,0.0,1.724315,-0.29379099999999997,AUT,MEX,846241
10530249,39,138,9127,2010,264389.0,0.0,0.752421,1.2208510000000001,CAN,MEX,846241
10530250,41,138,9127,2010,345419.0,0.0,2.1492080000000002,0.556424,CHE,MEX,846241
10530251,43,138,9127,2010,220236.0,0.0,0.922493,2.0176,CHN,MEX,846241
10530252,52,138,9127,2010,0.0,9434.0,-0.122722,-0.7062069999999999,CRI,MEX,846241
10530253,61,138,9127,2010,908082.0,0.0,2.035672,-3.383322,DEU,MEX,846241
10530254,71,138,9127,2010,704787.0,0.0,0.832619,2.448009,ESP,MEX,846241
10530255,74,138,9127,2010,664209.0,0.0,1.745464,0.897992,FIN,MEX,846241
10530256,77,138,9127,2010,115629.0,0.0,1.530027,-0.052557000000000006,FRA,MEX,846241
10530257,81,138,9127,2010,1330957.0,0.0,1.828224,0.386383,GBR,MEX,846241
10530258,111,138,9127,2010,850093.0,0.0,1.272385,0.545721,ITA,MEX,846241
10530259,114,138,9127,2010,5437641.0,0.0,2.459723,-0.279387,JPN,MEX,846241
10530260,121,138,9127,2010,209240.0,0.0,1.7118849999999999,0.762362,KOR,MEX,846241
10530261,166,138,9127,2010,169742.0,0.0,0.36828299999999997,0.574574,NZL,MEX,846241
10530262,179,138,9127,2010,72574.0,0.0,0.551149,2.437209,PRT,MEX,846241
10530263,206,138,9127,2010,81167.0,0.0,1.278601,0.726907,SVK,MEX,846241
10530264,208,138,9127,2010,13414.0,0.0,1.882239,0.397927,SWE,MEX,846241
10530265,216,138,9127,2010,81430.0,0.0,0.748328,1.425224,THA,MEX,846241
10530266,224,138,9127,2010,105707.0,0.0,0.359977,2.471173,TUR,MEX,846241
10530267,231,138,9127,2010,10893587.0,23016.0,1.67573,-0.598165,USA,MEX,846241
10530268,249,138,9127,2010,1509.0,0.0,1.766729,0.909335,TWN,MEX,846241
10530269,41,153,9127,2010,2987.0,0.0,2.1492080000000002,0.556424,CHE,MYS,846241
10530270,43,153,9127,2010,162911.0,419150.0,0.922493,2.0176,CHN,MYS,846241
10530271,61,153,9127,2010,2246492.0,0.0,2.035672,-3.383322,DEU,MYS,846241
10530272,71,153,9127,2010,15281.0,0.0,0.832619,2.448009,ESP,MYS,846241
10530273,74,153,9127,2010,156450.0,0.0,1.745464,0.897992,FIN,MYS,846241
10530274,81,153,9127,2010,11250.0,1949.0,1.828224,0.386383,GBR,MYS,846241
10530275,97,153,9127,2010,48567.0,0.0,0.715745,1.9780259999999998,HKG,MYS,846241
10530276,103,153,9127,2010,0.0,26793.0,-0.30878099999999997,1.07069,IDN,MYS,846241
10530277,114,153,9127,2010,3272914.0,30030.0,2.459723,-0.279387,JPN,MYS,846241
10530278,121,153,9127,2010,15313.0,0.0,1.7118849999999999,0.762362,KOR,MYS,846241
10530279,163,153,9127,2010,315812.0,0.0,0.865676,0.138757,NOR,MYS,846241
10530280,192,153,9127,2010,194416.0,11173.0,1.8441349999999999,0.570311,SGP,MYS,846241
10530281,224,153,9127,2010,74289.0,0.0,0.359977,2.471173,TUR,MYS,846241
10530282,231,153,9127,2010,694385.0,0.0,1.67573,-0.598165,USA,MYS,846241
10530283,239,153,9127,2010,0.0,113452.0,-0.24660500000000002,1.427235,VNM,MYS,846241
10530284,249,153,9127,2010,539729.0,0.0,1.766729,0.909335,TWN,MYS,846241
10530285,7,162,9127,2010,0.0,14241.0,0.29457,-0.196371,ARE,NLD,846241
10530286,14,162,9127,2010,0.0,346298.0,-0.276442,0.062023,AUS,NLD,846241
10530287,18,162,9127,2010,368645.0,586361.0,1.2224270000000002,1.1276,BEL,NLD,846241
10530288,26,162,9127,2010,0.0,1056.0,0.462275,0.830405,BIH,NLD,846241
10530289,39,162,9127,2010,0.0,641720.0,0.752421,1.2208510000000001,CAN,NLD,846241
10530290,41,162,9127,2010,182670.0,0.0,2.1492080000000002,0.556424,CHE,NLD,846241
10530291,42,162,9127,2010,0.0,70116.0,-0.34914,-0.459395,CHL,NLD,846241
10530292,59,162,9127,2010,18602.0,128138.0,1.732044,0.333934,CZE,NLD,846241
10530293,61,162,9127,2010,5927483.0,904140.0,2.035672,-3.383322,DEU,NLD,846241
10530294,71,162,9127,2010,78006.0,0.0,0.832619,2.448009,ESP,NLD,846241
10530295,74,162,9127,2010,709257.0,0.0,1.745464,0.897992,FIN,NLD,846241
10530296,77,162,9127,2010,6461.0,0.0,1.530027,-0.052557000000000006,FRA,NLD,846241
10530297,81,162,9127,2010,185587.0,199786.0,1.828224,0.386383,GBR,NLD,846241
10530298,90,162,9127,2010,0.0,758777.0,0.200249,1.4640090000000001,GRC,NLD,846241
10530299,104,162,9127,2010,0.0,29621.0,0.14485599999999998,2.408913,IND,NLD,846241
10530300,111,162,9127,2010,898854.0,0.0,1.272385,0.545721,ITA,NLD,846241
10530301,113,162,9127,2010,0.0,16077.0,0.251702,0.522758,JOR,NLD,846241
10530302,114,162,9127,2010,363181.0,0.0,2.459723,-0.279387,JPN,NLD,846241
10530303,179,162,9127,2010,0.0,19531.0,0.551149,2.437209,PRT,NLD,846241
10530304,185,162,9127,2010,0.0,62585.0,0.6483760000000001,1.200256,ROU,NLD,846241
10530305,186,162,9127,2010,0.0,381820.0,0.583996,-0.223881,RUS,NLD,846241
10530306,188,162,9127,2010,0.0,1219.0,0.46696400000000005,-0.7487520000000001,SAU,NLD,846241
10530307,208,162,9127,2010,577362.0,0.0,1.882239,0.397927,SWE,NLD,846241
10530308,224,162,9127,2010,0.0,1279.0,0.359977,2.471173,TUR,NLD,846241
10530309,228,162,9127,2010,0.0,207558.0,0.714148,0.916267,UKR,NLD,846241
10530310,231,162,9127,2010,0.0,34822.0,1.67573,-0.598165,USA,NLD,846241
10530311,246,162,9127,2010,0.0,187714.0,0.327326,1.513598,ZAF,NLD,846241
10530312,43,166,9127,2010,96202.0,1165768.0,0.922493,2.0176,CHN,NZL,846241
10530313,61,166,9127,2010,116445.0,0.0,2.035672,-3.383322,DEU,NZL,846241
10530314,71,166,9127,2010,128806.0,0.0,0.832619,2.448009,ESP,NZL,846241
10530315,107,166,9127,2010,0.0,106964.0,-0.609874,-0.744733,IRN,NZL,846241
10530316,114,166,9127,2010,55706.0,0.0,2.459723,-0.279387,JPN,NZL,846241
10530317,138,166,9127,2010,0.0,169742.0,1.132664,0.675756,MEX,NZL,846241
10530318,231,166,9127,2010,687892.0,144278.0,1.67573,-0.598165,USA,NZL,846241
10530319,43,169,9127,2010,5469.0,0.0,0.922493,2.0176,CHN,PAN,846241
10530320,231,169,9127,2010,2387.0,0.0,1.67573,-0.598165,USA,PAN,846241
10530321,43,173,9127,2010,129379.0,0.0,0.922493,2.0176,CHN,PER,846241
10530322,61,173,9127,2010,311392.0,0.0,2.035672,-3.383322,DEU,PER,846241
10530323,77,173,9127,2010,5961.0,0.0,1.530027,-0.052557000000000006,FRA,PER,846241
10530324,111,173,9127,2010,189815.0,0.0,1.272385,0.545721,ITA,PER,846241
10530325,208,173,9127,2010,29356.0,0.0,1.882239,0.397927,SWE,PER,846241
10530326,224,173,9127,2010,90921.0,0.0,0.359977,2.471173,TUR,PER,846241
10530327,231,173,9127,2010,194937.0,0.0,1.67573,-0.598165,USA,PER,846241
10530328,249,173,9127,2010,158329.0,0.0,1.766729,0.909335,TWN,PER,846241
10530329,43,174,9127,2010,84396.0,0.0,0.922493,2.0176,CHN,PHL,846241
10530330,77,174,9127,2010,10100.0,0.0,1.530027,-0.052557000000000006,FRA,PHL,846241
10530331,111,174,9127,2010,306896.0,0.0,1.272385,0.545721,ITA,PHL,846241
10530332,114,174,9127,2010,273137.0,0.0,2.459723,-0.279387,JPN,PHL,846241
10530333,231,174,9127,2010,19155.0,0.0,1.67573,-0.598165,USA,PHL,846241
10530334,249,174,9127,2010,16920.0,1119.0,1.766729,0.909335,TWN,PHL,846241
10530335,18,177,9127,2010,69700.0,84252.0,1.2224270000000002,1.1276,BEL,POL,846241
10530336,28,177,9127,2010,0.0,189068.0,0.969851,0.593386,BLR,POL,846241
10530337,41,177,9127,2010,0.0,1424.0,2.1492080000000002,0.556424,CHE,POL,846241
10530338,43,177,9127,2010,3621.0,0.0,0.922493,2.0176,CHN,POL,846241
10530339,59,177,9127,2010,226533.0,2017.0,1.732044,0.333934,CZE,POL,846241
10530340,61,177,9127,2010,9035098.0,0.0,2.035672,-3.383322,DEU,POL,846241
10530341,64,177,9127,2010,0.0,1677.0,1.082468,1.280759,DNK,POL,846241
10530342,71,177,9127,2010,176181.0,0.0,0.832619,2.448009,ESP,POL,846241
10530343,74,177,9127,2010,951664.0,0.0,1.745464,0.897992,FIN,POL,846241
10530344,77,177,9127,2010,486756.0,33361.0,1.530027,-0.052557000000000006,FRA,POL,846241
10530345,81,177,9127,2010,23466.0,0.0,1.828224,0.386383,GBR,POL,846241
10530346,90,177,9127,2010,228886.0,0.0,0.200249,1.4640090000000001,GRC,POL,846241
10530347,100,177,9127,2010,0.0,137793.0,0.8276979999999999,0.97415,HRV,POL,846241
10530348,104,177,9127,2010,0.0,123291.0,0.14485599999999998,2.408913,IND,POL,846241
10530349,111,177,9127,2010,171346.0,0.0,1.272385,0.545721,ITA,POL,846241
10530350,114,177,9127,2010,333696.0,0.0,2.459723,-0.279387,JPN,POL,846241
10530351,130,177,9127,2010,106459.0,0.0,0.6390600000000001,1.144911,LTU,POL,846241
10530352,186,177,9127,2010,0.0,246509.0,0.583996,-0.223881,RUS,POL,846241
10530353,206,177,9127,2010,96473.0,26544.0,1.278601,0.726907,SVK,POL,846241
10530354,208,177,9127,2010,737286.0,0.0,1.882239,0.397927,SWE,POL,846241
10530355,224,177,9127,2010,462875.0,0.0,0.359977,2.471173,TUR,POL,846241
10530356,228,177,9127,2010,0.0,7394.0,0.714148,0.916267,UKR,POL,846241
10530357,231,177,9127,2010,14692.0,0.0,1.67573,-0.598165,USA,POL,846241
10530358,246,177,9127,2010,0.0,162418.0,0.327326,1.513598,ZAF,POL,846241
10530359,2,179,9127,2010,0.0,61057.0,-1.3711010000000001,-1.170608,AGO,PRT,846241
10530360,18,179,9127,2010,0.0,851707.0,1.2224270000000002,1.1276,BEL,PRT,846241
10530361,32,179,9127,2010,0.0,133632.0,0.40715500000000004,0.6208100000000001,BRA,PRT,846241
10530362,41,179,9127,2010,396971.0,0.0,2.1492080000000002,0.556424,CHE,PRT,846241
10530363,43,179,9127,2010,437001.0,0.0,0.922493,2.0176,CHN,PRT,846241
10530364,61,179,9127,2010,848289.0,0.0,2.035672,-3.383322,DEU,PRT,846241
10530365,68,179,9127,2010,0.0,113927.0,-0.181826,1.409465,EGY,PRT,846241
10530366,71,179,9127,2010,221742.0,244050.0,0.832619,2.448009,ESP,PRT,846241
10530367,77,179,9127,2010,1315750.0,15677.0,1.530027,-0.052557000000000006,FRA,PRT,846241
10530368,81,179,9127,2010,6638.0,0.0,1.828224,0.386383,GBR,PRT,846241
10530369,111,179,9127,2010,247136.0,0.0,1.272385,0.545721,ITA,PRT,846241
10530370,138,179,9127,2010,0.0,72574.0,1.132664,0.675756,MEX,PRT,846241
10530371,162,179,9127,2010,19531.0,0.0,1.237998,1.1891209999999999,NLD,PRT,846241
10530372,231,179,9127,2010,1135.0,105320.0,1.67573,-0.598165,USA,PRT,846241
10530373,249,179,9127,2010,50777.0,0.0,1.766729,0.909335,TWN,PRT,846241
10530374,43,180,9127,2010,2639.0,0.0,0.922493,2.0176,CHN,PRY,846241
10530375,61,180,9127,2010,45561.0,0.0,2.035672,-3.383322,DEU,PRY,846241
10530376,71,180,9127,2010,5072.0,0.0,0.832619,2.448009,ESP,PRY,846241
10530377,18,183,9127,2010,5122.0,0.0,1.2224270000000002,1.1276,BEL,QAT,846241
10530378,61,183,9127,2010,18855.0,0.0,2.035672,-3.383322,DEU,QAT,846241
10530379,104,183,9127,2010,805.0,0.0,0.14485599999999998,2.408913,IND,QAT,846241
10530380,121,183,9127,2010,20170.0,0.0,1.7118849999999999,0.762362,KOR,QAT,846241
10530381,188,183,9127,2010,44368.0,0.0,0.46696400000000005,-0.7487520000000001,SAU,QAT,846241
10530382,224,183,9127,2010,1858.0,0.0,0.359977,2.471173,TUR,QAT,846241
10530383,231,183,9127,2010,184368.0,0.0,1.67573,-0.598165,USA,QAT,846241
10530384,24,188,9127,2010,0.0,49180.0,0.284356,-0.8362,BHR,SAU,846241
10530385,39,188,9127,2010,382028.0,0.0,0.752421,1.2208510000000001,CAN,SAU,846241
10530386,41,188,9127,2010,180953.0,0.0,2.1492080000000002,0.556424,CHE,SAU,846241
10530387,43,188,9127,2010,157224.0,0.0,0.922493,2.0176,CHN,SAU,846241
10530388,61,188,9127,2010,720090.0,0.0,2.035672,-3.383322,DEU,SAU,846241
10530389,74,188,9127,2010,149820.0,0.0,1.745464,0.897992,FIN,SAU,846241
10530390,81,188,9127,2010,65700.0,0.0,1.828224,0.386383,GBR,SAU,846241
10530391,111,188,9127,2010,359320.0,0.0,1.272385,0.545721,ITA,SAU,846241
10530392,114,188,9127,2010,448117.0,0.0,2.459723,-0.279387,JPN,SAU,846241
10530393,162,188,9127,2010,1219.0,0.0,1.237998,1.1891209999999999,NLD,SAU,846241
10530394,183,188,9127,2010,0.0,44368.0,-0.346143,-1.078192,QAT,SAU,846241
10530395,224,188,9127,2010,92152.0,0.0,0.359977,2.471173,TUR,SAU,846241
10530396,231,188,9127,2010,485895.0,0.0,1.67573,-0.598165,USA,SAU,846241
10530397,249,188,9127,2010,67937.0,0.0,1.766729,0.909335,TWN,SAU,846241
10530398,250,188,9127,2010,278644.0,0.0,0.45129600000000003,-0.223517,ANS,SAU,846241
10530399,249,190,9127,2010,2785.0,0.0,1.766729,0.909335,TWN,SDN,846241
10530400,43,197,9127,2010,1879.0,0.0,0.922493,2.0176,CHN,SLV,846241
10530401,15,206,9127,2010,0.0,193686.0,1.724315,-0.29379099999999997,AUT,SVK,846241
10530402,18,206,9127,2010,0.0,1318353.0,1.2224270000000002,1.1276,BEL,SVK,846241
10530403,59,206,9127,2010,1238.0,33338.0,1.732044,0.333934,CZE,SVK,846241
10530404,61,206,9127,2010,1778617.0,674905.0,2.035672,-3.383322,DEU,SVK,846241
10530405,111,206,9127,2010,123226.0,0.0,1.272385,0.545721,ITA,SVK,846241
10530406,138,206,9127,2010,0.0,81167.0,1.132664,0.675756,MEX,SVK,846241
10530407,177,206,9127,2010,26544.0,96473.0,1.083552,1.1433719999999998,POL,SVK,846241
10530408,192,206,9127,2010,0.0,2564.0,1.8441349999999999,0.570311,SGP,SVK,846241
10530409,231,206,9127,2010,6931.0,0.0,1.67573,-0.598165,USA,SVK,846241
10530410,250,206,9127,2010,670122.0,0.0,0.45129600000000003,-0.223517,ANS,SVK,846241
10530411,15,207,9127,2010,0.0,11914.0,1.724315,-0.29379099999999997,AUT,SVN,846241
10530412,18,207,9127,2010,646696.0,198750.0,1.2224270000000002,1.1276,BEL,SVN,846241
10530413,26,207,9127,2010,0.0,232788.0,0.462275,0.830405,BIH,SVN,846241
10530414,41,207,9127,2010,387497.0,0.0,2.1492080000000002,0.556424,CHE,SVN,846241
10530415,43,207,9127,2010,112485.0,0.0,0.922493,2.0176,CHN,SVN,846241
10530416,59,207,9127,2010,73517.0,0.0,1.732044,0.333934,CZE,SVN,846241
10530417,61,207,9127,2010,2155792.0,19910.0,2.035672,-3.383322,DEU,SVN,846241
10530418,77,207,9127,2010,16893.0,1238202.0,1.530027,-0.052557000000000006,FRA,SVN,846241
10530419,81,207,9127,2010,1019.0,0.0,1.828224,0.386383,GBR,SVN,846241
10530420,100,207,9127,2010,78777.0,195812.0,0.8276979999999999,0.97415,HRV,SVN,846241
10530421,111,207,9127,2010,757785.0,32861.0,1.272385,0.545721,ITA,SVN,846241
10530422,114,207,9127,2010,253092.0,0.0,2.459723,-0.279387,JPN,SVN,846241
10530423,132,207,9127,2010,0.0,76362.0,0.6158170000000001,1.1401059999999998,LVA,SVN,846241
10530424,140,207,9127,2010,0.0,15694.0,-0.122842,0.407017,MKD,SVN,846241
10530425,201,207,9127,2010,0.0,297174.0,0.561161,1.33974,SRB,SVN,846241
10530426,224,207,9127,2010,28467.0,0.0,0.359977,2.471173,TUR,SVN,846241
10530427,250,207,9127,2010,68389.0,0.0,0.45129600000000003,-0.223517,ANS,SVN,846241
10530428,14,208,9127,2010,0.0,67445.0,-0.276442,0.062023,AUS,SWE,846241
10530429,15,208,9127,2010,0.0,57146.0,1.724315,-0.29379099999999997,AUT,SWE,846241
10530430,31,208,9127,2010,0.0,1023.0,-0.83736,-0.812473,BOL,SWE,846241
10530431,32,208,9127,2010,0.0,2182.0,0.40715500000000004,0.6208100000000001,BRA,SWE,846241
10530432,41,208,9127,2010,31495.0,0.0,2.1492080000000002,0.556424,CHE,SWE,846241
10530433,42,208,9127,2010,0.0,2378.0,-0.34914,-0.459395,CHL,SWE,846241
10530434,43,208,9127,2010,0.0,814279.0,0.922493,2.0176,CHN,SWE,846241
10530435,59,208,9127,2010,170286.0,621442.0,1.732044,0.333934,CZE,SWE,846241
10530436,61,208,9127,2010,1277521.0,557456.0,2.035672,-3.383322,DEU,SWE,846241
10530437,64,208,9127,2010,39526.0,22887.0,1.082468,1.280759,DNK,SWE,846241
10530438,68,208,9127,2010,0.0,25580.0,-0.181826,1.409465,EGY,SWE,846241
10530439,74,208,9127,2010,2045167.0,2206.0,1.745464,0.897992,FIN,SWE,846241
10530440,77,208,9127,2010,499210.0,75525.0,1.530027,-0.052557000000000006,FRA,SWE,846241
10530441,81,208,9127,2010,140326.0,493695.0,1.828224,0.386383,GBR,SWE,846241
10530442,104,208,9127,2010,0.0,51199.0,0.14485599999999998,2.408913,IND,SWE,846241
10530443,107,208,9127,2010,0.0,191273.0,-0.609874,-0.744733,IRN,SWE,846241
10530444,111,208,9127,2010,843430.0,124340.0,1.272385,0.545721,ITA,SWE,846241
10530445,138,208,9127,2010,0.0,13414.0,1.132664,0.675756,MEX,SWE,846241
10530446,159,208,9127,2010,0.0,23670.0,-1.887084,-1.2280229999999999,NGA,SWE,846241
10530447,162,208,9127,2010,0.0,577362.0,1.237998,1.1891209999999999,NLD,SWE,846241
10530448,163,208,9127,2010,119192.0,629453.0,0.865676,0.138757,NOR,SWE,846241
10530449,173,208,9127,2010,0.0,29356.0,-0.650327,0.162321,PER,SWE,846241
10530450,177,208,9127,2010,0.0,737286.0,1.083552,1.1433719999999998,POL,SWE,846241
10530451,186,208,9127,2010,0.0,950709.0,0.583996,-0.223881,RUS,SWE,846241
10530452,224,208,9127,2010,0.0,43314.0,0.359977,2.471173,TUR,SWE,846241
10530453,231,208,9127,2010,4882.0,32928.0,1.67573,-0.598165,USA,SWE,846241
10530454,246,208,9127,2010,0.0,27938.0,0.327326,1.513598,ZAF,SWE,846241
10530455,43,212,9127,2010,293986.0,0.0,0.922493,2.0176,CHN,SYR,846241
10530456,74,212,9127,2010,169326.0,0.0,1.745464,0.897992,FIN,SYR,846241
10530457,224,212,9127,2010,10986.0,0.0,0.359977,2.471173,TUR,SYR,846241
10530458,243,212,9127,2010,0.0,11709.0,-1.360851,-1.208826,YEM,SYR,846241
10530459,14,216,9127,2010,117316.0,0.0,-0.276442,0.062023,AUS,THA,846241
10530460,18,216,9127,2010,163070.0,0.0,1.2224270000000002,1.1276,BEL,THA,846241
10530461,39,216,9127,2010,6376.0,0.0,0.752421,1.2208510000000001,CAN,THA,846241
10530462,43,216,9127,2010,28029.0,267156.0,0.922493,2.0176,CHN,THA,846241
10530463,61,216,9127,2010,1731814.0,0.0,2.035672,-3.383322,DEU,THA,846241
10530464,71,216,9127,2010,2943.0,0.0,0.832619,2.448009,ESP,THA,846241
10530465,77,216,9127,2010,51892.0,4040.0,1.530027,-0.052557000000000006,FRA,THA,846241
10530466,111,216,9127,2010,225020.0,0.0,1.272385,0.545721,ITA,THA,846241
10530467,114,216,9127,2010,8769191.0,0.0,2.459723,-0.279387,JPN,THA,846241
10530468,118,216,9127,2010,0.0,5873.0,-1.158906,-1.019906,KHM,THA,846241
10530469,121,216,9127,2010,186067.0,0.0,1.7118849999999999,0.762362,KOR,THA,846241
10530470,138,216,9127,2010,0.0,81430.0,1.132664,0.675756,MEX,THA,846241
10530471,192,216,9127,2010,142482.0,0.0,1.8441349999999999,0.570311,SGP,THA,846241
10530472,231,216,9127,2010,1928093.0,0.0,1.67573,-0.598165,USA,THA,846241
10530473,239,216,9127,2010,17409.0,110752.0,-0.24660500000000002,1.427235,VNM,THA,846241
10530474,249,216,9127,2010,166919.0,0.0,1.766729,0.909335,TWN,THA,846241
10530475,249,222,9127,2010,50172.0,0.0,1.766729,0.909335,TWN,TTO,846241
10530476,7,224,9127,2010,0.0,94019.0,0.29457,-0.196371,ARE,TUR,846241
10530477,16,224,9127,2010,0.0,41990.0,-1.048424,-1.2030370000000001,AZE,TUR,846241
10530478,18,224,9127,2010,1660350.0,0.0,1.2224270000000002,1.1276,BEL,TUR,846241
10530479,22,224,9127,2010,0.0,1191.0,-0.974526,-0.76566,BGD,TUR,846241
10530480,23,224,9127,2010,0.0,268687.0,0.44973,1.445441,BGR,TUR,846241
10530481,28,224,9127,2010,0.0,279608.0,0.969851,0.593386,BLR,TUR,846241
10530482,32,224,9127,2010,0.0,3696007.0,0.40715500000000004,0.6208100000000001,BRA,TUR,846241
10530483,41,224,9127,2010,1747431.0,0.0,2.1492080000000002,0.556424,CHE,TUR,846241
10530484,43,224,9127,2010,288941.0,80072.0,0.922493,2.0176,CHN,TUR,846241
10530485,44,224,9127,2010,0.0,1253.0,-1.256641,-0.946767,CIV,TUR,846241
10530486,49,224,9127,2010,0.0,70384.0,0.097222,-0.064328,COL,TUR,846241
10530487,58,224,9127,2010,0.0,8438.0,0.8776450000000001,0.568389,CYP,TUR,846241
10530488,59,224,9127,2010,370110.0,4663.0,1.732044,0.333934,CZE,TUR,846241
10530489,61,224,9127,2010,8116502.0,11482.0,2.035672,-3.383322,DEU,TUR,846241
10530490,66,224,9127,2010,0.0,289360.0,-1.00922,-1.1511040000000001,DZA,TUR,846241
10530491,67,224,9127,2010,0.0,193533.0,-0.584013,-0.743675,ECU,TUR,846241
10530492,68,224,9127,2010,0.0,98977.0,-0.181826,1.409465,EGY,TUR,846241
10530493,71,224,9127,2010,0.0,81854.0,0.832619,2.448009,ESP,TUR,846241
10530494,72,224,9127,2010,0.0,6392.0,0.832316,1.1844649999999999,EST,TUR,846241
10530495,74,224,9127,2010,1871260.0,0.0,1.745464,0.897992,FIN,TUR,846241
10530496,77,224,9127,2010,1430169.0,127428.0,1.530027,-0.052557000000000006,FRA,TUR,846241
10530497,81,224,9127,2010,137856.0,49386.0,1.828224,0.386383,GBR,TUR,846241
10530498,100,224,9127,2010,0.0,1091.0,0.8276979999999999,0.97415,HRV,TUR,846241
10530499,102,224,9127,2010,49439.0,136116.0,1.514225,0.740341,HUN,TUR,846241
10530500,104,224,9127,2010,0.0,14633.0,0.14485599999999998,2.408913,IND,TUR,846241
10530501,107,224,9127,2010,17175.0,154884.0,-0.609874,-0.744733,IRN,TUR,846241
10530502,108,224,9127,2010,0.0,1106449.0,-2.1439150000000002,-0.913227,IRQ,TUR,846241
10530503,110,224,9127,2010,0.0,226851.0,1.215834,0.7028340000000001,ISR,TUR,846241
10530504,111,224,9127,2010,3347162.0,77552.0,1.272385,0.545721,ITA,TUR,846241
10530505,114,224,9127,2010,561588.0,0.0,2.459723,-0.279387,JPN,TUR,846241
10530506,115,224,9127,2010,0.0,103649.0,-0.6278020000000001,-0.8419760000000001,KAZ,TUR,846241
10530507,121,224,9127,2010,0.0,46606.0,1.7118849999999999,0.762362,KOR,TUR,846241
10530508,124,224,9127,2010,0.0,193641.0,0.415854,1.424085,LBN,TUR,846241
10530509,126,224,9127,2010,0.0,68643.0,-0.706491,-1.140822,LBY,TUR,846241
10530510,130,224,9127,2010,0.0,155616.0,0.6390600000000001,1.144911,LTU,TUR,846241
10530511,138,224,9127,2010,0.0,105707.0,1.132664,0.675756,MEX,TUR,846241
10530512,153,224,9127,2010,0.0,74289.0,0.9530780000000001,0.607456,MYS,TUR,846241
10530513,162,224,9127,2010,1279.0,0.0,1.237998,1.1891209999999999,NLD,TUR,846241
10530514,173,224,9127,2010,0.0,90921.0,-0.650327,0.162321,PER,TUR,846241
10530515,177,224,9127,2010,0.0,462875.0,1.083552,1.1433719999999998,POL,TUR,846241
10530516,183,224,9127,2010,0.0,1858.0,-0.346143,-1.078192,QAT,TUR,846241
10530517,185,224,9127,2010,0.0,180570.0,0.6483760000000001,1.200256,ROU,TUR,846241
10530518,186,224,9127,2010,236099.0,565967.0,0.583996,-0.223881,RUS,TUR,846241
10530519,188,224,9127,2010,0.0,92152.0,0.46696400000000005,-0.7487520000000001,SAU,TUR,846241
10530520,201,224,9127,2010,0.0,202548.0,0.561161,1.33974,SRB,TUR,846241
10530521,207,224,9127,2010,0.0,28467.0,1.595473,0.7023020000000001,SVN,TUR,846241
10530522,208,224,9127,2010,43314.0,0.0,1.882239,0.397927,SWE,TUR,846241
10530523,212,224,9127,2010,0.0,10986.0,-0.46833800000000003,1.11952,SYR,TUR,846241
10530524,219,224,9127,2010,0.0,16460.0,-1.161458,-1.191589,TKM,TUR,846241
10530525,223,224,9127,2010,0.0,75091.0,0.165019,0.8882059999999999,TUN,TUR,846241
10530526,228,224,9127,2010,0.0,296113.0,0.714148,0.916267,UKR,TUR,846241
10530527,231,224,9127,2010,59590.0,145765.0,1.67573,-0.598165,USA,TUR,846241
10530528,232,224,9127,2010,0.0,2694.0,-0.704097,-0.655055,UZB,TUR,846241
10530529,236,224,9127,2010,0.0,18972.0,-0.660844,-1.145133,VEN,TUR,846241
10530530,239,224,9127,2010,0.0,85611.0,-0.24660500000000002,1.427235,VNM,TUR,846241
10530531,243,224,9127,2010,19781.0,29584.0,-1.360851,-1.208826,YEM,TUR,846241
10530532,246,224,9127,2010,0.0,68462.0,0.327326,1.513598,ZAF,TUR,846241
10530533,249,224,9127,2010,930849.0,0.0,1.766729,0.909335,TWN,TUR,846241
10530534,250,224,9127,2010,43520.0,6723.0,0.45129600000000003,-0.223517,ANS,TUR,846241
10530535,15,228,9127,2010,703776.0,0.0,1.724315,-0.29379099999999997,AUT,UKR,846241
10530536,41,228,9127,2010,35560.0,0.0,2.1492080000000002,0.556424,CHE,UKR,846241
10530537,43,228,9127,2010,37253.0,0.0,0.922493,2.0176,CHN,UKR,846241
10530538,59,228,9127,2010,42602.0,0.0,1.732044,0.333934,CZE,UKR,846241
10530539,61,228,9127,2010,334563.0,0.0,2.035672,-3.383322,DEU,UKR,846241
10530540,74,228,9127,2010,186947.0,0.0,1.745464,0.897992,FIN,UKR,846241
10530541,77,228,9127,2010,12413.0,0.0,1.530027,-0.052557000000000006,FRA,UKR,846241
10530542,111,228,9127,2010,1061079.0,0.0,1.272385,0.545721,ITA,UKR,846241
10530543,114,228,9127,2010,82123.0,0.0,2.459723,-0.279387,JPN,UKR,846241
10530544,162,228,9127,2010,207558.0,0.0,1.237998,1.1891209999999999,NLD,UKR,846241
10530545,177,228,9127,2010,7394.0,0.0,1.083552,1.1433719999999998,POL,UKR,846241
10530546,186,228,9127,2010,0.0,127646.0,0.583996,-0.223881,RUS,UKR,846241
10530547,224,228,9127,2010,296113.0,0.0,0.359977,2.471173,TUR,UKR,846241
10530548,231,228,9127,2010,128997.0,0.0,1.67573,-0.598165,USA,UKR,846241
10530549,111,230,9127,2010,43180.0,0.0,1.272385,0.545721,ITA,URY,846241
10530550,231,230,9127,2010,15920.0,0.0,1.67573,-0.598165,USA,URY,846241
10530551,7,231,9127,2010,0.0,369835.0,0.29457,-0.196371,ARE,USA,846241
10530552,8,231,9127,2010,0.0,245234.0,0.27458899999999997,0.597907,ARG,USA,846241
10530553,14,231,9127,2010,0.0,1562108.0,-0.276442,0.062023,AUS,USA,846241
10530554,18,231,9127,2010,223010.0,2882161.0,1.2224270000000002,1.1276,BEL,USA,846241
10530555,23,231,9127,2010,0.0,175776.0,0.44973,1.445441,BGR,USA,846241
10530556,28,231,9127,2010,0.0,349213.0,0.969851,0.593386,BLR,USA,846241
10530557,32,231,9127,2010,0.0,1773542.0,0.40715500000000004,0.6208100000000001,BRA,USA,846241
10530558,39,231,9127,2010,2387328.0,7966914.0,0.752421,1.2208510000000001,CAN,USA,846241
10530559,41,231,9127,2010,1054386.0,50365.0,2.1492080000000002,0.556424,CHE,USA,846241
10530560,42,231,9127,2010,0.0,41510.0,-0.34914,-0.459395,CHL,USA,846241
10530561,43,231,9127,2010,739255.0,6820132.0,0.922493,2.0176,CHN,USA,846241
10530562,49,231,9127,2010,0.0,294048.0,0.097222,-0.064328,COL,USA,846241
10530563,59,231,9127,2010,0.0,30022.0,1.732044,0.333934,CZE,USA,846241
10530564,61,231,9127,2010,16334397.0,81890.0,2.035672,-3.383322,DEU,USA,846241
10530565,64,231,9127,2010,29896.0,0.0,1.082468,1.280759,DNK,USA,846241
10530566,65,231,9127,2010,0.0,6210.0,-0.245241,0.368626,DOM,USA,846241
10530567,67,231,9127,2010,0.0,59699.0,-0.584013,-0.743675,ECU,USA,846241
10530568,68,231,9127,2010,0.0,324423.0,-0.181826,1.409465,EGY,USA,846241
10530569,71,231,9127,2010,412228.0,70733.0,0.832619,2.448009,ESP,USA,846241
10530570,73,231,9127,2010,0.0,6138.0,-1.122906,-0.840777,ETH,USA,846241
10530571,74,231,9127,2010,2462171.0,11534.0,1.745464,0.897992,FIN,USA,846241
10530572,77,231,9127,2010,1437325.0,6275.0,1.530027,-0.052557000000000006,FRA,USA,846241
10530573,81,231,9127,2010,850155.0,2128898.0,1.828224,0.386383,GBR,USA,846241
10530574,90,231,9127,2010,0.0,233503.0,0.200249,1.4640090000000001,GRC,USA,846241
10530575,97,231,9127,2010,0.0,1178031.0,0.715745,1.9780259999999998,HKG,USA,846241
10530576,99,231,9127,2010,0.0,8695.0,-0.569501,-0.153122,HND,USA,846241
10530577,100,231,9127,2010,0.0,70337.0,0.8276979999999999,0.97415,HRV,USA,846241
10530578,102,231,9127,2010,0.0,564166.0,1.514225,0.740341,HUN,USA,846241
10530579,103,231,9127,2010,0.0,443871.0,-0.30878099999999997,1.07069,IDN,USA,846241
10530580,104,231,9127,2010,0.0,2620527.0,0.14485599999999998,2.408913,IND,USA,846241
10530581,110,231,9127,2010,0.0,49141.0,1.215834,0.7028340000000001,ISR,USA,846241
10530582,111,231,9127,2010,3123794.0,984603.0,1.272385,0.545721,ITA,USA,846241
10530583,114,231,9127,2010,19710820.0,381325.0,2.459723,-0.279387,JPN,USA,846241
10530584,115,231,9127,2010,0.0,262832.0,-0.6278020000000001,-0.8419760000000001,KAZ,USA,846241
10530585,121,231,9127,2010,196334.0,67064.0,1.7118849999999999,0.762362,KOR,USA,846241
10530586,122,231,9127,2010,0.0,4246.0,0.067373,-1.0822120000000002,KWT,USA,846241
10530587,127,231,9127,2010,0.0,51712.0,0.446162,-0.279229,LCA,USA,846241
10530588,134,231,9127,2010,0.0,1339371.0,-0.5935229999999999,-0.056497000000000006,MAR,USA,846241
10530589,138,231,9127,2010,23016.0,10893587.0,1.132664,0.675756,MEX,USA,846241
10530590,153,231,9127,2010,0.0,694385.0,0.9530780000000001,0.607456,MYS,USA,846241
10530591,162,231,9127,2010,34822.0,0.0,1.237998,1.1891209999999999,NLD,USA,846241
10530592,166,231,9127,2010,144278.0,687892.0,0.36828299999999997,0.574574,NZL,USA,846241
10530593,169,231,9127,2010,0.0,2387.0,0.617867,0.903432,PAN,USA,846241
10530594,173,231,9127,2010,0.0,194937.0,-0.650327,0.162321,PER,USA,846241
10530595,174,231,9127,2010,0.0,19155.0,0.40418899999999996,0.102497,PHL,USA,846241
10530596,177,231,9127,2010,0.0,14692.0,1.083552,1.1433719999999998,POL,USA,846241
10530597,179,231,9127,2010,105320.0,1135.0,0.551149,2.437209,PRT,USA,846241
10530598,183,231,9127,2010,0.0,184368.0,-0.346143,-1.078192,QAT,USA,846241
10530599,186,231,9127,2010,0.0,10195068.0,0.583996,-0.223881,RUS,USA,846241
10530600,188,231,9127,2010,0.0,485895.0,0.46696400000000005,-0.7487520000000001,SAU,USA,846241
10530601,192,231,9127,2010,0.0,240567.0,1.8441349999999999,0.570311,SGP,USA,846241
10530602,206,231,9127,2010,0.0,6931.0,1.278601,0.726907,SVK,USA,846241
10530603,208,231,9127,2010,32928.0,4882.0,1.882239,0.397927,SWE,USA,846241
10530604,216,231,9127,2010,0.0,1928093.0,0.748328,1.425224,THA,USA,846241
10530605,224,231,9127,2010,145765.0,59590.0,0.359977,2.471173,TUR,USA,846241
10530606,228,231,9127,2010,0.0,128997.0,0.714148,0.916267,UKR,USA,846241
10530607,230,231,9127,2010,0.0,15920.0,0.217246,-0.079733,URY,USA,846241
10530608,236,231,9127,2010,0.0,301906.0,-0.660844,-1.145133,VEN,USA,846241
10530609,246,231,9127,2010,0.0,242577.0,0.327326,1.513598,ZAF,USA,846241
10530610,249,231,9127,2010,79524.0,0.0,1.766729,0.909335,TWN,USA,846241
10530611,43,236,9127,2010,132509.0,0.0,0.922493,2.0176,CHN,VEN,846241
10530612,77,236,9127,2010,6103.0,0.0,1.530027,-0.052557000000000006,FRA,VEN,846241
10530613,81,236,9127,2010,13361.0,0.0,1.828224,0.386383,GBR,VEN,846241
10530614,111,236,9127,2010,681691.0,0.0,1.272385,0.545721,ITA,VEN,846241
10530615,114,236,9127,2010,262604.0,0.0,2.459723,-0.279387,JPN,VEN,846241
10530616,224,236,9127,2010,18972.0,0.0,0.359977,2.471173,TUR,VEN,846241
10530617,231,236,9127,2010,301906.0,0.0,1.67573,-0.598165,USA,VEN,846241
10530618,121,243,9127,2010,32737.0,0.0,1.7118849999999999,0.762362,KOR,YEM,846241
10530619,124,243,9127,2010,10932.0,0.0,0.415854,1.424085,LBN,YEM,846241
10530620,212,243,9127,2010,11709.0,0.0,-0.46833800000000003,1.11952,SYR,YEM,846241
10530621,224,243,9127,2010,29584.0,19781.0,0.359977,2.471173,TUR,YEM,846241
10530622,15,246,9127,2010,686476.0,0.0,1.724315,-0.29379099999999997,AUT,ZAF,846241
10530623,18,246,9127,2010,96107.0,0.0,1.2224270000000002,1.1276,BEL,ZAF,846241
10530624,43,246,9127,2010,47530.0,0.0,0.922493,2.0176,CHN,ZAF,846241
10530625,61,246,9127,2010,2520284.0,0.0,2.035672,-3.383322,DEU,ZAF,846241
10530626,71,246,9127,2010,11322.0,0.0,0.832619,2.448009,ESP,ZAF,846241
10530627,77,246,9127,2010,19092.0,0.0,1.530027,-0.052557000000000006,FRA,ZAF,846241
10530628,81,246,9127,2010,140116.0,4595.0,1.828224,0.386383,GBR,ZAF,846241
10530629,111,246,9127,2010,972731.0,0.0,1.272385,0.545721,ITA,ZAF,846241
10530630,114,246,9127,2010,932542.0,0.0,2.459723,-0.279387,JPN,ZAF,846241
10530631,162,246,9127,2010,187714.0,0.0,1.237998,1.1891209999999999,NLD,ZAF,846241
10530632,177,246,9127,2010,162418.0,0.0,1.083552,1.1433719999999998,POL,ZAF,846241
10530633,208,246,9127,2010,27938.0,0.0,1.882239,0.397927,SWE,ZAF,846241
10530634,224,246,9127,2010,68462.0,0.0,0.359977,2.471173,TUR,ZAF,846241
10530635,231,246,9127,2010,242577.0,0.0,1.67573,-0.598165,USA,ZAF,846241
10530636,248,246,9127,2010,0.0,2940.0,-0.869909,-0.8233309999999999,ZWE,ZAF,846241
10530637,249,246,9127,2010,48028.0,0.0,1.766729,0.909335,TWN,ZAF,846241
10530638,7,249,9127,2010,0.0,59675.0,0.29457,-0.196371,ARE,TWN,846241
10530639,8,249,9127,2010,0.0,140986.0,0.27458899999999997,0.597907,ARG,TWN,846241
10530640,14,249,9127,2010,0.0,6037.0,-0.276442,0.062023,AUS,TWN,846241
10530641,18,249,9127,2010,0.0,50965.0,1.2224270000000002,1.1276,BEL,TWN,846241
10530642,32,249,9127,2010,0.0,8570.0,0.40715500000000004,0.6208100000000001,BRA,TWN,846241
10530643,39,249,9127,2010,0.0,95893.0,0.752421,1.2208510000000001,CAN,TWN,846241
10530644,41,249,9127,2010,3332422.0,0.0,2.1492080000000002,0.556424,CHE,TWN,846241
10530645,43,249,9127,2010,382512.0,31577824.0,0.922493,2.0176,CHN,TWN,846241
10530646,58,249,9127,2010,0.0,3501.0,0.8776450000000001,0.568389,CYP,TWN,846241
10530647,61,249,9127,2010,231746.0,2231.0,2.035672,-3.383322,DEU,TWN,846241
10530648,68,249,9127,2010,0.0,39831.0,-0.181826,1.409465,EGY,TWN,846241
10530649,71,249,9127,2010,0.0,213640.0,0.832619,2.448009,ESP,TWN,846241
10530650,74,249,9127,2010,166878.0,0.0,1.745464,0.897992,FIN,TWN,846241
10530651,77,249,9127,2010,44071.0,0.0,1.530027,-0.052557000000000006,FRA,TWN,846241
10530652,81,249,9127,2010,0.0,5137.0,1.828224,0.386383,GBR,TWN,846241
10530653,97,249,9127,2010,84429.0,933554.0,0.715745,1.9780259999999998,HKG,TWN,846241
10530654,103,249,9127,2010,0.0,754028.0,-0.30878099999999997,1.07069,IDN,TWN,846241
10530655,104,249,9127,2010,72310.0,318678.0,0.14485599999999998,2.408913,IND,TWN,846241
10530656,106,249,9127,2010,0.0,43894.0,1.371357,0.168795,IRL,TWN,846241
10530657,107,249,9127,2010,0.0,21467.0,-0.609874,-0.744733,IRN,TWN,846241
10530658,111,249,9127,2010,349587.0,368571.0,1.272385,0.545721,ITA,TWN,846241
10530659,114,249,9127,2010,7843108.0,53267.0,2.459723,-0.279387,JPN,TWN,846241
10530660,116,249,9127,2010,0.0,1492.0,-0.387187,1.010443,KEN,TWN,846241
10530661,121,249,9127,2010,0.0,35319.0,1.7118849999999999,0.762362,KOR,TWN,846241
10530662,138,249,9127,2010,0.0,1509.0,1.132664,0.675756,MEX,TWN,846241
10530663,143,249,9127,2010,0.0,10126.0,-1.480389,-1.075842,MMR,TWN,846241
10530664,153,249,9127,2010,0.0,539729.0,0.9530780000000001,0.607456,MYS,TWN,846241
10530665,164,249,9127,2010,0.0,5074.0,-0.23753400000000002,0.7957390000000001,NPL,TWN,846241
10530666,173,249,9127,2010,0.0,158329.0,-0.650327,0.162321,PER,TWN,846241
10530667,174,249,9127,2010,1119.0,16920.0,0.40418899999999996,0.102497,PHL,TWN,846241
10530668,179,249,9127,2010,0.0,50777.0,0.551149,2.437209,PRT,TWN,846241
10530669,186,249,9127,2010,0.0,337865.0,0.583996,-0.223881,RUS,TWN,846241
10530670,188,249,9127,2010,0.0,67937.0,0.46696400000000005,-0.7487520000000001,SAU,TWN,846241
10530671,190,249,9127,2010,0.0,2785.0,-1.9094669999999998,-1.271065,SDN,TWN,846241
10530672,192,249,9127,2010,0.0,68712.0,1.8441349999999999,0.570311,SGP,TWN,846241
10530673,216,249,9127,2010,0.0,166919.0,0.748328,1.425224,THA,TWN,846241
10530674,222,249,9127,2010,0.0,50172.0,-0.338123,-1.070239,TTO,TWN,846241
10530675,223,249,9127,2010,0.0,64484.0,0.165019,0.8882059999999999,TUN,TWN,846241
10530676,224,249,9127,2010,0.0,930849.0,0.359977,2.471173,TUR,TWN,846241
10530677,231,249,9127,2010,0.0,79524.0,1.67573,-0.598165,USA,TWN,846241
10530678,232,249,9127,2010,0.0,29926.0,-0.704097,-0.655055,UZB,TWN,846241
10530679,239,249,9127,2010,0.0,473011.0,-0.24660500000000002,1.427235,VNM,TWN,846241
10530680,246,249,9127,2010,0.0,48028.0,0.327326,1.513598,ZAF,TWN,846241
10530681,250,249,9127,2010,70800.0,0.0,0.45129600000000003,-0.223517,ANS,TWN,846241
10530682,67,250,9127,2010,0.0,107854.0,-0.584013,-0.743675,ECU,ANS,846241
10530683,77,250,9127,2010,0.0,7863.0,1.530027,-0.052557000000000006,FRA,ANS,846241
10530684,131,250,9127,2010,0.0,6426.0,1.272127,1.1051520000000001,LUX,ANS,846241
10530685,188,250,9127,2010,0.0,278644.0,0.46696400000000005,-0.7487520000000001,SAU,ANS,846241
10530686,206,250,9127,2010,0.0,670122.0,1.278601,0.726907,SVK,ANS,846241
10530687,207,250,9127,2010,0.0,68389.0,1.595473,0.7023020000000001,SVN,ANS,846241
10530688,224,250,9127,2010,6723.0,43520.0,0.359977,2.471173,TUR,ANS,846241
10530689,249,250,9127,2010,0.0,70800.0,1.766729,0.909335,TWN,ANS,846241
10530690,43,7,9127,2010,1478583.0,0.0,0.922493,2.0176,CHN,ARE,846241
10530691,61,7,9127,2010,4610800.0,0.0,2.035672,-3.383322,DEU,ARE,846241
10530692,71,7,9127,2010,122147.0,0.0,0.832619,2.448009,ESP,ARE,846241
10530693,74,7,9127,2010,368680.0,0.0,1.745464,0.897992,FIN,ARE,846241
10530694,77,7,9127,2010,1326.0,0.0,1.530027,-0.052557000000000006,FRA,ARE,846241
10530695,81,7,9127,2010,69710.0,0.0,1.828224,0.386383,GBR,ARE,846241
10530696,90,7,9127,2010,160242.0,0.0,0.200249,1.4640090000000001,GRC,ARE,846241
10530697,104,7,9127,2010,0.0,15675.0,0.14485599999999998,2.408913,IND,ARE,846241
10530698,107,7,9127,2010,0.0,212047.0,-0.609874,-0.744733,IRN,ARE,846241
10530699,111,7,9127,2010,451022.0,0.0,1.272385,0.545721,ITA,ARE,846241
10530700,114,7,9127,2010,759584.0,0.0,2.459723,-0.279387,JPN,ARE,846241
10530701,162,7,9127,2010,14241.0,0.0,1.237998,1.1891209999999999,NLD,ARE,846241
10530702,167,7,9127,2010,0.0,6339.0,-0.487612,-0.9551379999999999,OMN,ARE,846241
10530703,224,7,9127,2010,94019.0,0.0,0.359977,2.471173,TUR,ARE,846241
10530704,231,7,9127,2010,369835.0,0.0,1.67573,-0.598165,USA,ARE,846241
10530705,249,7,9127,2010,59675.0,0.0,1.766729,0.909335,TWN,ARE,846241
10530706,39,14,9127,2010,817044.0,0.0,0.752421,1.2208510000000001,CAN,AUS,846241
10530707,43,14,9127,2010,131779.0,293998.0,0.922493,2.0176,CHN,AUS,846241
10530708,49,14,9127,2010,0.0,11402.0,0.097222,-0.064328,COL,AUS,846241
10530709,61,14,9127,2010,3888580.0,0.0,2.035672,-3.383322,DEU,AUS,846241
10530710,74,14,9127,2010,2606882.0,0.0,1.745464,0.897992,FIN,AUS,846241
10530711,77,14,9127,2010,258735.0,0.0,1.530027,-0.052557000000000006,FRA,AUS,846241
10530712,81,14,9127,2010,315247.0,0.0,1.828224,0.386383,GBR,AUS,846241
10530713,104,14,9127,2010,0.0,48437.0,0.14485599999999998,2.408913,IND,AUS,846241
10530714,110,14,9127,2010,28684.0,0.0,1.215834,0.7028340000000001,ISR,AUS,846241
10530715,111,14,9127,2010,1648517.0,0.0,1.272385,0.545721,ITA,AUS,846241
10530716,114,14,9127,2010,1544040.0,0.0,2.459723,-0.279387,JPN,AUS,846241
10530717,162,14,9127,2010,346298.0,0.0,1.237998,1.1891209999999999,NLD,AUS,846241
10530718,176,14,9127,2010,0.0,23230.0,-1.725138,-1.195622,PNG,AUS,846241
10530719,192,14,9127,2010,378344.0,0.0,1.8441349999999999,0.570311,SGP,AUS,846241
10530720,208,14,9127,2010,67445.0,0.0,1.882239,0.397927,SWE,AUS,846241
10530721,216,14,9127,2010,0.0,117316.0,0.748328,1.425224,THA,AUS,846241
10530722,231,14,9127,2010,1562108.0,0.0,1.67573,-0.598165,USA,AUS,846241
10530723,249,14,9127,2010,6037.0,0.0,1.766729,0.909335,TWN,AUS,846241
10530724,43,16,9127,2010,330978.0,0.0,0.922493,2.0176,CHN,AZE,846241
10530725,59,16,9127,2010,28625.0,0.0,1.732044,0.333934,CZE,AZE,846241
10530726,107,16,9127,2010,29132.0,0.0,-0.609874,-0.744733,IRN,AZE,846241
10530727,111,16,9127,2010,31534.0,0.0,1.272385,0.545721,ITA,AZE,846241
10530728,224,16,9127,2010,41990.0,0.0,0.359977,2.471173,TUR,AZE,846241
10530729,39,22,9127,2010,473415.0,0.0,0.752421,1.2208510000000001,CAN,BGD,846241
10530730,43,22,9127,2010,367242.0,0.0,0.922493,2.0176,CHN,BGD,846241
10530731,224,22,9127,2010,1191.0,0.0,0.359977,2.471173,TUR,BGD,846241
10530732,43,23,9127,2010,530502.0,0.0,0.922493,2.0176,CHN,BGR,846241
10530733,59,23,9127,2010,41672.0,0.0,1.732044,0.333934,CZE,BGR,846241
10530734,61,23,9127,2010,533419.0,0.0,2.035672,-3.383322,DEU,BGR,846241
10530735,68,23,9127,2010,0.0,4959.0,-0.181826,1.409465,EGY,BGR,846241
10530736,77,23,9127,2010,6118.0,0.0,1.530027,-0.052557000000000006,FRA,BGR,846241
10530737,81,23,9127,2010,29616.0,0.0,1.828224,0.386383,GBR,BGR,846241
10530738,111,23,9127,2010,53333.0,0.0,1.272385,0.545721,ITA,BGR,846241
10530739,140,23,9127,2010,0.0,3905.0,-0.122842,0.407017,MKD,BGR,846241
10530740,186,23,9127,2010,0.0,378270.0,0.583996,-0.223881,RUS,BGR,846241
10530741,224,23,9127,2010,268687.0,0.0,0.359977,2.471173,TUR,BGR,846241
10530742,231,23,9127,2010,175776.0,0.0,1.67573,-0.598165,USA,BGR,846241
10530743,74,24,9127,2010,125542.0,0.0,1.745464,0.897992,FIN,BHR,846241
10530744,188,24,9127,2010,49180.0,0.0,0.46696400000000005,-0.7487520000000001,SAU,BHR,846241
10530745,61,26,9127,2010,43575.0,0.0,2.035672,-3.383322,DEU,BIH,846241
10530746,111,26,9127,2010,53637.0,3691.0,1.272385,0.545721,ITA,BIH,846241
10530747,162,26,9127,2010,1056.0,0.0,1.237998,1.1891209999999999,NLD,BIH,846241
10530748,207,26,9127,2010,232788.0,0.0,1.595473,0.7023020000000001,SVN,BIH,846241
10530749,15,28,9127,2010,33798.0,0.0,1.724315,-0.29379099999999997,AUT,BLR,846241
10530750,43,28,9127,2010,132415.0,0.0,0.922493,2.0176,CHN,BLR,846241
10530751,61,28,9127,2010,2772679.0,0.0,2.035672,-3.383322,DEU,BLR,846241
10530752,74,28,9127,2010,299908.0,0.0,1.745464,0.897992,FIN,BLR,846241
10530753,77,28,9127,2010,19220.0,0.0,1.530027,-0.052557000000000006,FRA,BLR,846241
10530754,111,28,9127,2010,1377479.0,0.0,1.272385,0.545721,ITA,BLR,846241
10530755,114,28,9127,2010,46213.0,0.0,2.459723,-0.279387,JPN,BLR,846241
10530756,115,28,9127,2010,0.0,2934.0,-0.6278020000000001,-0.8419760000000001,KAZ,BLR,846241
10530757,130,28,9127,2010,1291.0,140386.0,0.6390600000000001,1.144911,LTU,BLR,846241
10530758,132,28,9127,2010,296158.0,0.0,0.6158170000000001,1.1401059999999998,LVA,BLR,846241
10530759,135,28,9127,2010,0.0,8625.0,-0.116797,0.037801,MDA,BLR,846241
10530760,177,28,9127,2010,189068.0,0.0,1.083552,1.1433719999999998,POL,BLR,846241
10530761,186,28,9127,2010,0.0,2682.0,0.583996,-0.223881,RUS,BLR,846241
10530762,224,28,9127,2010,279608.0,0.0,0.359977,2.471173,TUR,BLR,846241
10530763,231,28,9127,2010,349213.0,0.0,1.67573,-0.598165,USA,BLR,846241
10530764,15,59,9127,2010,301142.0,13752.0,1.724315,-0.29379099999999997,AUT,CZE,846241
10530765,16,59,9127,2010,0.0,28625.0,-1.048424,-1.2030370000000001,AZE,CZE,846241
10530766,18,59,9127,2010,419662.0,476476.0,1.2224270000000002,1.1276,BEL,CZE,846241
10530767,23,59,9127,2010,0.0,41672.0,0.44973,1.445441,BGR,CZE,846241
10530768,41,59,9127,2010,1991421.0,77836.0,2.1492080000000002,0.556424,CHE,CZE,846241
10530769,43,59,9127,2010,0.0,6119.0,0.922493,2.0176,CHN,CZE,846241
10530770,61,59,9127,2010,5477410.0,1529351.0,2.035672,-3.383322,DEU,CZE,846241
10530771,68,59,9127,2010,920.0,0.0,-0.181826,1.409465,EGY,CZE,846241
10530772,71,59,9127,2010,14052.0,0.0,0.832619,2.448009,ESP,CZE,846241
10530773,74,59,9127,2010,1033088.0,109498.0,1.745464,0.897992,FIN,CZE,846241
10530774,77,59,9127,2010,1381470.0,0.0,1.530027,-0.052557000000000006,FRA,CZE,846241
10530775,81,59,9127,2010,34228.0,11805.0,1.828224,0.386383,GBR,CZE,846241
10530776,100,59,9127,2010,0.0,158897.0,0.8276979999999999,0.97415,HRV,CZE,846241
10530777,102,59,9127,2010,46435.0,43290.0,1.514225,0.740341,HUN,CZE,846241
10530778,111,59,9127,2010,261089.0,0.0,1.272385,0.545721,ITA,CZE,846241
10530779,114,59,9127,2010,49270.0,0.0,2.459723,-0.279387,JPN,CZE,846241
10530780,132,59,9127,2010,0.0,68172.0,0.6158170000000001,1.1401059999999998,LVA,CZE,846241
10530781,162,59,9127,2010,128138.0,18602.0,1.237998,1.1891209999999999,NLD,CZE,846241
10530782,177,59,9127,2010,2017.0,226533.0,1.083552,1.1433719999999998,POL,CZE,846241
10530783,185,59,9127,2010,0.0,16291.0,0.6483760000000001,1.200256,ROU,CZE,846241
10530784,186,59,9127,2010,0.0,16919.0,0.583996,-0.223881,RUS,CZE,846241
10530785,206,59,9127,2010,33338.0,1238.0,1.278601,0.726907,SVK,CZE,846241
10530786,207,59,9127,2010,0.0,73517.0,1.595473,0.7023020000000001,SVN,CZE,846241
10530787,208,59,9127,2010,621442.0,170286.0,1.882239,0.397927,SWE,CZE,846241
10530788,224,59,9127,2010,4663.0,370110.0,0.359977,2.471173,TUR,CZE,846241
10530789,228,59,9127,2010,0.0,42602.0,0.714148,0.916267,UKR,CZE,846241
10530790,231,59,9127,2010,30022.0,0.0,1.67573,-0.598165,USA,CZE,846241
10530791,18,68,9127,2010,1453556.0,0.0,1.2224270000000002,1.1276,BEL,EGY,846241
10530792,23,68,9127,2010,4959.0,0.0,0.44973,1.445441,BGR,EGY,846241
10530793,43,68,9127,2010,474027.0,0.0,0.922493,2.0176,CHN,EGY,846241
10530794,59,68,9127,2010,0.0,920.0,1.732044,0.333934,CZE,EGY,846241
10530795,61,68,9127,2010,437253.0,0.0,2.035672,-3.383322,DEU,EGY,846241
10530796,71,68,9127,2010,192978.0,0.0,0.832619,2.448009,ESP,EGY,846241
10530797,74,68,9127,2010,708141.0,0.0,1.745464,0.897992,FIN,EGY,846241
10530798,77,68,9127,2010,5048.0,2025.0,1.530027,-0.052557000000000006,FRA,EGY,846241
10530799,111,68,9127,2010,479412.0,0.0,1.272385,0.545721,ITA,EGY,846241
10530800,113,68,9127,2010,0.0,1429.0,0.251702,0.522758,JOR,EGY,846241
10530801,114,68,9127,2010,612622.0,0.0,2.459723,-0.279387,JPN,EGY,846241
10530802,179,68,9127,2010,113927.0,0.0,0.551149,2.437209,PRT,EGY,846241
10530803,208,68,9127,2010,25580.0,0.0,1.882239,0.397927,SWE,EGY,846241
10530804,224,68,9127,2010,98977.0,0.0,0.359977,2.471173,TUR,EGY,846241
10530805,231,68,9127,2010,324423.0,0.0,1.67573,-0.598165,USA,EGY,846241
10530806,249,68,9127,2010,39831.0,0.0,1.766729,0.909335,TWN,EGY,846241
10530807,39,72,9127,2010,0.0,267237.0,0.752421,1.2208510000000001,CAN,EST,846241
10530808,43,72,9127,2010,95707.0,0.0,0.922493,2.0176,CHN,EST,846241
10530809,74,72,9127,2010,736154.0,65608.0,1.745464,0.897992,FIN,EST,846241
10530810,224,72,9127,2010,6392.0,0.0,0.359977,2.471173,TUR,EST,846241
10530811,90,82,9127,2010,40619.0,0.0,0.200249,1.4640090000000001,GRC,GEO,846241
10530812,15,100,9127,2010,24464.0,0.0,1.724315,-0.29379099999999997,AUT,HRV,846241
10530813,59,100,9127,2010,158897.0,0.0,1.732044,0.333934,CZE,HRV,846241
10530814,61,100,9127,2010,2712774.0,0.0,2.035672,-3.383322,DEU,HRV,846241
10530815,77,100,9127,2010,10604.0,0.0,1.530027,-0.052557000000000006,FRA,HRV,846241
10530816,111,100,9127,2010,466251.0,9536.0,1.272385,0.545721,ITA,HRV,846241
10530817,177,100,9127,2010,137793.0,0.0,1.083552,1.1433719999999998,POL,HRV,846241
10530818,201,100,9127,2010,0.0,16424.0,0.561161,1.33974,SRB,HRV,846241
10530819,207,100,9127,2010,195812.0,78777.0,1.595473,0.7023020000000001,SVN,HRV,846241
10530820,224,100,9127,2010,1091.0,0.0,0.359977,2.471173,TUR,HRV,846241
10530821,231,100,9127,2010,70337.0,0.0,1.67573,-0.598165,USA,HRV,846241
10530822,15,102,9127,2010,132383.0,0.0,1.724315,-0.29379099999999997,AUT,HUN,846241
10530823,18,102,9127,2010,253633.0,0.0,1.2224270000000002,1.1276,BEL,HUN,846241
10530824,59,102,9127,2010,43290.0,46435.0,1.732044,0.333934,CZE,HUN,846241
10530825,61,102,9127,2010,3263495.0,14352.0,2.035672,-3.383322,DEU,HUN,846241
10530826,77,102,9127,2010,36017.0,129178.0,1.530027,-0.052557000000000006,FRA,HUN,846241
10530827,111,102,9127,2010,763573.0,0.0,1.272385,0.545721,ITA,HUN,846241
10530828,131,102,9127,2010,0.0,15070.0,1.272127,1.1051520000000001,LUX,HUN,846241
10530829,163,102,9127,2010,0.0,831.0,0.865676,0.138757,NOR,HUN,846241
10530830,185,102,9127,2010,0.0,4429.0,0.6483760000000001,1.200256,ROU,HUN,846241
10530831,201,102,9127,2010,3081.0,187341.0,0.561161,1.33974,SRB,HUN,846241
10530832,224,102,9127,2010,136116.0,49439.0,0.359977,2.471173,TUR,HUN,846241
10530833,231,102,9127,2010,564166.0,0.0,1.67573,-0.598165,USA,HUN,846241
10530834,39,106,9127,2010,0.0,1550.0,0.752421,1.2208510000000001,CAN,IRL,846241
10530835,43,106,9127,2010,0.0,1997.0,0.922493,2.0176,CHN,IRL,846241
10530836,61,106,9127,2010,328876.0,79561.0,2.035672,-3.383322,DEU,IRL,846241
10530837,77,106,9127,2010,2348.0,0.0,1.530027,-0.052557000000000006,FRA,IRL,846241
10530838,81,106,9127,2010,148604.0,680505.0,1.828224,0.386383,GBR,IRL,846241
10530839,111,106,9127,2010,50457.0,0.0,1.272385,0.545721,ITA,IRL,846241
10530840,249,106,9127,2010,43894.0,0.0,1.766729,0.909335,TWN,IRL,846241
10530841,43,108,9127,2010,99364.0,0.0,0.922493,2.0176,CHN,IRQ,846241
10530842,224,108,9127,2010,1106449.0,0.0,0.359977,2.471173,TUR,IRQ,846241
10530843,43,113,9127,2010,122430.0,0.0,0.922493,2.0176,CHN,JOR,846241
10530844,61,113,9127,2010,34816.0,0.0,2.035672,-3.383322,DEU,JOR,846241
10530845,68,113,9127,2010,1429.0,0.0,-0.181826,1.409465,EGY,JOR,846241
10530846,74,113,9127,2010,135485.0,0.0,1.745464,0.897992,FIN,JOR,846241
10530847,111,113,9127,2010,3068.0,0.0,1.272385,0.545721,ITA,JOR,846241
10530848,114,113,9127,2010,8620.0,0.0,2.459723,-0.279387,JPN,JOR,846241
10530849,162,113,9127,2010,16077.0,0.0,1.237998,1.1891209999999999,NLD,JOR,846241
10530850,71,116,9127,2010,57047.0,0.0,0.832619,2.448009,ESP,KEN,846241
10530851,81,116,9127,2010,47093.0,0.0,1.828224,0.386383,GBR,KEN,846241
10530852,104,116,9127,2010,0.0,14696.0,0.14485599999999998,2.408913,IND,KEN,846241
10530853,249,116,9127,2010,1492.0,0.0,1.766729,0.909335,TWN,KEN,846241
10530854,43,117,9127,2010,14424.0,0.0,0.922493,2.0176,CHN,KGZ,846241
10530855,216,118,9127,2010,5873.0,0.0,0.748328,1.425224,THA,KHM,846241
10530856,43,122,9127,2010,6423.0,0.0,0.922493,2.0176,CHN,KWT,846241
10530857,61,122,9127,2010,9607.0,0.0,2.035672,-3.383322,DEU,KWT,846241
10530858,111,122,9127,2010,144128.0,0.0,1.272385,0.545721,ITA,KWT,846241
10530859,231,122,9127,2010,4246.0,0.0,1.67573,-0.598165,USA,KWT,846241
10530860,43,124,9127,2010,1854.0,0.0,0.922493,2.0176,CHN,LBN,846241
10530861,61,124,9127,2010,3788.0,0.0,2.035672,-3.383322,DEU,LBN,846241
10530862,71,124,9127,2010,20944.0,0.0,0.832619,2.448009,ESP,LBN,846241
10530863,111,124,9127,2010,2012.0,0.0,1.272385,0.545721,ITA,LBN,846241
10530864,114,124,9127,2010,551272.0,0.0,2.459723,-0.279387,JPN,LBN,846241
10530865,224,124,9127,2010,193641.0,0.0,0.359977,2.471173,TUR,LBN,846241
10530866,243,124,9127,2010,0.0,10932.0,-1.360851,-1.208826,YEM,LBN,846241
10530867,28,130,9127,2010,140386.0,1291.0,0.969851,0.593386,BLR,LTU,846241
10530868,61,130,9127,2010,280837.0,0.0,2.035672,-3.383322,DEU,LTU,846241
10530869,64,130,9127,2010,0.0,407639.0,1.082468,1.280759,DNK,LTU,846241
10530870,77,130,9127,2010,246254.0,0.0,1.530027,-0.052557000000000006,FRA,LTU,846241
10530871,81,130,9127,2010,1815.0,0.0,1.828224,0.386383,GBR,LTU,846241
10530872,163,130,9127,2010,57000.0,0.0,0.865676,0.138757,NOR,LTU,846241
10530873,177,130,9127,2010,0.0,106459.0,1.083552,1.1433719999999998,POL,LTU,846241
10530874,186,130,9127,2010,0.0,151317.0,0.583996,-0.223881,RUS,LTU,846241
10530875,224,130,9127,2010,155616.0,0.0,0.359977,2.471173,TUR,LTU,846241
10530876,18,131,9127,2010,35600.0,0.0,1.2224270000000002,1.1276,BEL,LUX,846241
10530877,102,131,9127,2010,15070.0,0.0,1.514225,0.740341,HUN,LUX,846241
10530878,250,131,9127,2010,6426.0,0.0,0.45129600000000003,-0.223517,ANS,LUX,846241
10530879,28,132,9127,2010,0.0,296158.0,0.969851,0.593386,BLR,LVA,846241
10530880,59,132,9127,2010,68172.0,0.0,1.732044,0.333934,CZE,LVA,846241
10530881,71,132,9127,2010,20834.0,0.0,0.832619,2.448009,ESP,LVA,846241
10530882,111,132,9127,2010,1425.0,0.0,1.272385,0.545721,ITA,LVA,846241
10530883,186,132,9127,2010,0.0,453185.0,0.583996,-0.223881,RUS,LVA,846241
10530884,207,132,9127,2010,76362.0,0.0,1.595473,0.7023020000000001,SVN,LVA,846241
10530885,61,134,9127,2010,18183.0,0.0,2.035672,-3.383322,DEU,MAR,846241
10530886,71,134,9127,2010,59418.0,0.0,0.832619,2.448009,ESP,MAR,846241
10530887,77,134,9127,2010,914360.0,0.0,1.530027,-0.052557000000000006,FRA,MAR,846241
10530888,111,134,9127,2010,267712.0,0.0,1.272385,0.545721,ITA,MAR,846241
10530889,231,134,9127,2010,1339371.0,0.0,1.67573,-0.598165,USA,MAR,846241
10530890,18,135,9127,2010,2829.0,0.0,1.2224270000000002,1.1276,BEL,MDA,846241
10530891,28,135,9127,2010,8625.0,0.0,0.969851,0.593386,BLR,MDA,846241
10530892,71,135,9127,2010,1890.0,0.0,0.832619,2.448009,ESP,MDA,846241
10530893,111,135,9127,2010,19395.0,0.0,1.272385,0.545721,ITA,MDA,846241
10530894,23,140,9127,2010,3905.0,0.0,0.44973,1.445441,BGR,MKD,846241
10530895,61,140,9127,2010,1605.0,0.0,2.035672,-3.383322,DEU,MKD,846241
10530896,64,140,9127,2010,2296.0,0.0,1.082468,1.280759,DNK,MKD,846241
10530897,90,140,9127,2010,35103.0,0.0,0.200249,1.4640090000000001,GRC,MKD,846241
10530898,114,140,9127,2010,760.0,0.0,2.459723,-0.279387,JPN,MKD,846241
10530899,201,140,9127,2010,0.0,1253.0,0.561161,1.33974,SRB,MKD,846241
10530900,207,140,9127,2010,15694.0,0.0,1.595473,0.7023020000000001,SVN,MKD,846241
10530901,223,142,9127,2010,0.0,41054.0,0.165019,0.8882059999999999,TUN,MLT,846241
10530902,18,159,9127,2010,372597.0,0.0,1.2224270000000002,1.1276,BEL,NGA,846241
10530903,43,159,9127,2010,39525.0,0.0,0.922493,2.0176,CHN,NGA,846241
10530904,61,159,9127,2010,6933.0,0.0,2.035672,-3.383322,DEU,NGA,846241
10530905,81,159,9127,2010,25491.0,0.0,1.828224,0.386383,GBR,NGA,846241
10530906,208,159,9127,2010,23670.0,0.0,1.882239,0.397927,SWE,NGA,846241
10530907,61,163,9127,2010,711303.0,74499.0,2.035672,-3.383322,DEU,NOR,846241
10530908,64,163,9127,2010,199355.0,129915.0,1.082468,1.280759,DNK,NOR,846241
10530909,77,163,9127,2010,223038.0,0.0,1.530027,-0.052557000000000006,FRA,NOR,846241
10530910,81,163,9127,2010,11513.0,0.0,1.828224,0.386383,GBR,NOR,846241
10530911,102,163,9127,2010,831.0,0.0,1.514225,0.740341,HUN,NOR,846241
10530912,130,163,9127,2010,0.0,57000.0,0.6390600000000001,1.144911,LTU,NOR,846241
10530913,153,163,9127,2010,0.0,315812.0,0.9530780000000001,0.607456,MYS,NOR,846241
10530914,208,163,9127,2010,629453.0,119192.0,1.882239,0.397927,SWE,NOR,846241
10530915,7,167,9127,2010,6339.0,0.0,0.29457,-0.196371,ARE,OMN,846241
10530916,74,167,9127,2010,156251.0,0.0,1.745464,0.897992,FIN,OMN,846241
10530917,104,167,9127,2010,10236.0,0.0,0.14485599999999998,2.408913,IND,OMN,846241
10530918,168,167,9127,2010,1637.0,0.0,-0.692071,0.5409010000000001,PAK,OMN,846241
10530919,43,168,9127,2010,92968.0,0.0,0.922493,2.0176,CHN,PAK,846241
10530920,81,168,9127,2010,5481.0,0.0,1.828224,0.386383,GBR,PAK,846241
10530921,114,168,9127,2010,1448.0,0.0,2.459723,-0.279387,JPN,PAK,846241
10530922,167,168,9127,2010,0.0,1637.0,-0.487612,-0.9551379999999999,OMN,PAK,846241
10530923,18,185,9127,2010,0.0,327751.0,1.2224270000000002,1.1276,BEL,ROU,846241
10530924,41,185,9127,2010,16023.0,0.0,2.1492080000000002,0.556424,CHE,ROU,846241
10530925,59,185,9127,2010,16291.0,0.0,1.732044,0.333934,CZE,ROU,846241
10530926,61,185,9127,2010,396026.0,0.0,2.035672,-3.383322,DEU,ROU,846241
10530927,71,185,9127,2010,10195.0,0.0,0.832619,2.448009,ESP,ROU,846241
10530928,77,185,9127,2010,338123.0,0.0,1.530027,-0.052557000000000006,FRA,ROU,846241
10530929,81,185,9127,2010,4756.0,0.0,1.828224,0.386383,GBR,ROU,846241
10530930,90,185,9127,2010,125515.0,0.0,0.200249,1.4640090000000001,GRC,ROU,846241
10530931,102,185,9127,2010,4429.0,0.0,1.514225,0.740341,HUN,ROU,846241
10530932,111,185,9127,2010,17339.0,4051.0,1.272385,0.545721,ITA,ROU,846241
10530933,162,185,9127,2010,62585.0,0.0,1.237998,1.1891209999999999,NLD,ROU,846241
10530934,186,185,9127,2010,0.0,182542.0,0.583996,-0.223881,RUS,ROU,846241
10530935,201,185,9127,2010,259296.0,0.0,0.561161,1.33974,SRB,ROU,846241
10530936,224,185,9127,2010,180570.0,0.0,0.359977,2.471173,TUR,ROU,846241
10530937,18,186,9127,2010,24376.0,0.0,1.2224270000000002,1.1276,BEL,RUS,846241
10530938,23,186,9127,2010,378270.0,0.0,0.44973,1.445441,BGR,RUS,846241
10530939,28,186,9127,2010,2682.0,0.0,0.969851,0.593386,BLR,RUS,846241
10530940,41,186,9127,2010,523894.0,210197.0,2.1492080000000002,0.556424,CHE,RUS,846241
10530941,43,186,9127,2010,817354.0,0.0,0.922493,2.0176,CHN,RUS,846241
10530942,59,186,9127,2010,16919.0,0.0,1.732044,0.333934,CZE,RUS,846241
10530943,61,186,9127,2010,10918601.0,0.0,2.035672,-3.383322,DEU,RUS,846241
10530944,67,186,9127,2010,0.0,3010.0,-0.584013,-0.743675,ECU,RUS,846241
10530945,71,186,9127,2010,773567.0,0.0,0.832619,2.448009,ESP,RUS,846241
10530946,74,186,9127,2010,2716928.0,0.0,1.745464,0.897992,FIN,RUS,846241
10530947,77,186,9127,2010,1732117.0,0.0,1.530027,-0.052557000000000006,FRA,RUS,846241
10530948,81,186,9127,2010,9482.0,0.0,1.828224,0.386383,GBR,RUS,846241
10530949,90,186,9127,2010,107617.0,0.0,0.200249,1.4640090000000001,GRC,RUS,846241
10530950,104,186,9127,2010,0.0,15350.0,0.14485599999999998,2.408913,IND,RUS,846241
10530951,110,186,9127,2010,1954.0,0.0,1.215834,0.7028340000000001,ISR,RUS,846241
10530952,111,186,9127,2010,8513738.0,0.0,1.272385,0.545721,ITA,RUS,846241
10530953,114,186,9127,2010,283273.0,0.0,2.459723,-0.279387,JPN,RUS,846241
10530954,121,186,9127,2010,3088492.0,0.0,1.7118849999999999,0.762362,KOR,RUS,846241
10530955,130,186,9127,2010,151317.0,0.0,0.6390600000000001,1.144911,LTU,RUS,846241
10530956,132,186,9127,2010,453185.0,0.0,0.6158170000000001,1.1401059999999998,LVA,RUS,846241
10530957,162,186,9127,2010,381820.0,0.0,1.237998,1.1891209999999999,NLD,RUS,846241
10530958,177,186,9127,2010,246509.0,0.0,1.083552,1.1433719999999998,POL,RUS,846241
10530959,185,186,9127,2010,182542.0,0.0,0.6483760000000001,1.200256,ROU,RUS,846241
10530960,208,186,9127,2010,950709.0,0.0,1.882239,0.397927,SWE,RUS,846241
10530961,224,186,9127,2010,565967.0,236099.0,0.359977,2.471173,TUR,RUS,846241
10530962,228,186,9127,2010,127646.0,0.0,0.714148,0.916267,UKR,RUS,846241
10530963,231,186,9127,2010,10195068.0,0.0,1.67573,-0.598165,USA,RUS,846241
10530964,249,186,9127,2010,337865.0,0.0,1.766729,0.909335,TWN,RUS,846241
10530965,14,192,9127,2010,0.0,378344.0,-0.276442,0.062023,AUS,SGP,846241
10530966,41,192,9127,2010,1681769.0,0.0,2.1492080000000002,0.556424,CHE,SGP,846241
10530967,43,192,9127,2010,185381.0,156332.0,0.922493,2.0176,CHN,SGP,846241
10530968,61,192,9127,2010,136660.0,3514.0,2.035672,-3.383322,DEU,SGP,846241
10530969,74,192,9127,2010,151468.0,0.0,1.745464,0.897992,FIN,SGP,846241
10530970,77,192,9127,2010,24502.0,0.0,1.530027,-0.052557000000000006,FRA,SGP,846241
10530971,81,192,9127,2010,8325.0,0.0,1.828224,0.386383,GBR,SGP,846241
10530972,97,192,9127,2010,0.0,166286.0,0.715745,1.9780259999999998,HKG,SGP,846241
10530973,103,192,9127,2010,5151.0,857298.0,-0.30878099999999997,1.07069,IDN,SGP,846241
10530974,104,192,9127,2010,0.0,9634.0,0.14485599999999998,2.408913,IND,SGP,846241
10530975,111,192,9127,2010,156978.0,0.0,1.272385,0.545721,ITA,SGP,846241
10530976,114,192,9127,2010,1455952.0,10786.0,2.459723,-0.279387,JPN,SGP,846241
10530977,153,192,9127,2010,11173.0,194416.0,0.9530780000000001,0.607456,MYS,SGP,846241
10530978,206,192,9127,2010,2564.0,0.0,1.278601,0.726907,SVK,SGP,846241
10530979,216,192,9127,2010,0.0,142482.0,0.748328,1.425224,THA,SGP,846241
10530980,231,192,9127,2010,240567.0,0.0,1.67573,-0.598165,USA,SGP,846241
10530981,239,192,9127,2010,0.0,11237.0,-0.24660500000000002,1.427235,VNM,SGP,846241
10530982,249,192,9127,2010,68712.0,0.0,1.766729,0.909335,TWN,SGP,846241
10530983,41,201,9127,2010,7723.0,0.0,2.1492080000000002,0.556424,CHE,SRB,846241
10530984,43,201,9127,2010,79802.0,0.0,0.922493,2.0176,CHN,SRB,846241
10530985,61,201,9127,2010,27236.0,0.0,2.035672,-3.383322,DEU,SRB,846241
10530986,81,201,9127,2010,0.0,28158.0,1.828224,0.386383,GBR,SRB,846241
10530987,90,201,9127,2010,0.0,107422.0,0.200249,1.4640090000000001,GRC,SRB,846241
10530988,100,201,9127,2010,16424.0,0.0,0.8276979999999999,0.97415,HRV,SRB,846241
10530989,102,201,9127,2010,187341.0,3081.0,1.514225,0.740341,HUN,SRB,846241
10530990,111,201,9127,2010,42905.0,0.0,1.272385,0.545721,ITA,SRB,846241
10530991,114,201,9127,2010,6601.0,0.0,2.459723,-0.279387,JPN,SRB,846241
10530992,140,201,9127,2010,1253.0,0.0,-0.122842,0.407017,MKD,SRB,846241
10530993,144,201,9127,2010,0.0,1905.0,0.266397,-0.02502,MNE,SRB,846241
10530994,185,201,9127,2010,0.0,259296.0,0.6483760000000001,1.200256,ROU,SRB,846241
10530995,207,201,9127,2010,297174.0,0.0,1.595473,0.7023020000000001,SVN,SRB,846241
10530996,224,201,9127,2010,202548.0,0.0,0.359977,2.471173,TUR,SRB,846241
10530997,224,219,9127,2010,16460.0,0.0,0.359977,2.471173,TUR,TKM,846241
10530998,41,223,9127,2010,295135.0,0.0,2.1492080000000002,0.556424,CHE,TUN,846241
10530999,43,223,9127,2010,116468.0,0.0,0.922493,2.0176,CHN,TUN,846241
10531000,61,223,9127,2010,24278.0,0.0,2.035672,-3.383322,DEU,TUN,846241
10531001,71,223,9127,2010,3459.0,0.0,0.832619,2.448009,ESP,TUN,846241
10531002,73,223,9127,2010,0.0,16065.0,-1.122906,-0.840777,ETH,TUN,846241
10531003,77,223,9127,2010,477407.0,1292.0,1.530027,-0.052557000000000006,FRA,TUN,846241
10531004,104,223,9127,2010,57813.0,0.0,0.14485599999999998,2.408913,IND,TUN,846241
10531005,111,223,9127,2010,8556.0,0.0,1.272385,0.545721,ITA,TUN,846241
10531006,114,223,9127,2010,64984.0,0.0,2.459723,-0.279387,JPN,TUN,846241
10531007,142,223,9127,2010,41054.0,0.0,1.211797,-0.024923,MLT,TUN,846241
10531008,224,223,9127,2010,75091.0,0.0,0.359977,2.471173,TUR,TUN,846241
10531009,249,223,9127,2010,64484.0,0.0,1.766729,0.909335,TWN,TUN,846241
10531010,43,232,9127,2010,7457.0,0.0,0.922493,2.0176,CHN,UZB,846241
10531011,74,232,9127,2010,215555.0,0.0,1.745464,0.897992,FIN,UZB,846241
10531012,121,232,9127,2010,59002.0,0.0,1.7118849999999999,0.762362,KOR,UZB,846241
10531013,224,232,9127,2010,2694.0,0.0,0.359977,2.471173,TUR,UZB,846241
10531014,249,232,9127,2010,29926.0,0.0,1.766729,0.909335,TWN,UZB,846241
10531015,15,239,9127,2010,145369.0,0.0,1.724315,-0.29379099999999997,AUT,VNM,846241
10531016,39,239,9127,2010,352205.0,0.0,0.752421,1.2208510000000001,CAN,VNM,846241
10531017,43,239,9127,2010,746635.0,0.0,0.922493,2.0176,CHN,VNM,846241
10531018,61,239,9127,2010,1684757.0,0.0,2.035672,-3.383322,DEU,VNM,846241
10531019,64,239,9127,2010,9236.0,0.0,1.082468,1.280759,DNK,VNM,846241
10531020,77,239,9127,2010,142549.0,0.0,1.530027,-0.052557000000000006,FRA,VNM,846241
10531021,97,239,9127,2010,0.0,12135.0,0.715745,1.9780259999999998,HKG,VNM,846241
10531022,111,239,9127,2010,94486.0,0.0,1.272385,0.545721,ITA,VNM,846241
10531023,114,239,9127,2010,2559609.0,81764.0,2.459723,-0.279387,JPN,VNM,846241
10531024,121,239,9127,2010,62966.0,0.0,1.7118849999999999,0.762362,KOR,VNM,846241
10531025,153,239,9127,2010,113452.0,0.0,0.9530780000000001,0.607456,MYS,VNM,846241
10531026,192,239,9127,2010,11237.0,0.0,1.8441349999999999,0.570311,SGP,VNM,846241
10531027,216,239,9127,2010,110752.0,17409.0,0.748328,1.425224,THA,VNM,846241
10531028,224,239,9127,2010,85611.0,0.0,0.359977,2.471173,TUR,VNM,846241
10531029,249,239,9127,2010,473011.0,0.0,1.766729,0.909335,TWN,VNM,846241
10531030,246,248,9127,2010,2940.0,0.0,0.327326,1.513598,ZAF,ZWE,846241
10531031,43,4,9127,2010,9904.0,0.0,0.922493,2.0176,CHN,ALB,846241
10531032,111,4,9127,2010,9051.0,0.0,1.272385,0.545721,ITA,ALB,846241
10531033,61,13,9127,2010,287913.0,0.0,2.035672,-3.383322,DEU,ATG,846241
10531034,43,19,9127,2010,1729.0,0.0,0.922493,2.0176,CHN,BEN,846241
10531035,77,31,9127,2010,7897.0,0.0,1.530027,-0.052557000000000006,FRA,BOL,846241
10531036,208,31,9127,2010,1023.0,0.0,1.882239,0.397927,SWE,BOL,846241
10531037,43,37,9127,2010,43224.0,0.0,0.922493,2.0176,CHN,BWA,846241
10531038,224,44,9127,2010,1253.0,0.0,0.359977,2.471173,TUR,CIV,846241
10531039,43,45,9127,2010,36297.0,0.0,0.922493,2.0176,CHN,CMR,846241
10531040,111,45,9127,2010,1011.0,0.0,1.272385,0.545721,ITA,CMR,846241
10531041,61,54,9127,2010,382427.0,0.0,2.035672,-3.383322,DEU,CUB,846241
10531042,111,54,9127,2010,3870.0,0.0,1.272385,0.545721,ITA,CUB,846241
10531043,43,58,9127,2010,44190.0,0.0,0.922493,2.0176,CHN,CYP,846241
10531044,61,58,9127,2010,259545.0,0.0,2.035672,-3.383322,DEU,CYP,846241
10531045,81,58,9127,2010,1829.0,0.0,1.828224,0.386383,GBR,CYP,846241
10531046,90,58,9127,2010,153010.0,0.0,0.200249,1.4640090000000001,GRC,CYP,846241
10531047,111,58,9127,2010,5865.0,0.0,1.272385,0.545721,ITA,CYP,846241
10531048,224,58,9127,2010,8438.0,0.0,0.359977,2.471173,TUR,CYP,846241
10531049,249,58,9127,2010,3501.0,0.0,1.766729,0.909335,TWN,CYP,846241
10531050,43,66,9127,2010,153595.0,0.0,0.922493,2.0176,CHN,DZA,846241
10531051,61,66,9127,2010,176306.0,0.0,2.035672,-3.383322,DEU,DZA,846241
10531052,77,66,9127,2010,723872.0,0.0,1.530027,-0.052557000000000006,FRA,DZA,846241
10531053,81,66,9127,2010,10364.0,0.0,1.828224,0.386383,GBR,DZA,846241
10531054,114,66,9127,2010,216647.0,0.0,2.459723,-0.279387,JPN,DZA,846241
10531055,224,66,9127,2010,289360.0,0.0,0.359977,2.471173,TUR,DZA,846241
10531056,43,73,9127,2010,3140.0,0.0,0.922493,2.0176,CHN,ETH,846241
10531057,111,73,9127,2010,8173.0,0.0,1.272385,0.545721,ITA,ETH,846241
10531058,223,73,9127,2010,16065.0,0.0,0.165019,0.8882059999999999,TUN,ETH,846241
10531059,231,73,9127,2010,6138.0,0.0,1.67573,-0.598165,USA,ETH,846241
10531060,81,83,9127,2010,2295.0,0.0,1.828224,0.386383,GBR,GHA,846241
10531061,104,83,9127,2010,1070.0,0.0,0.14485599999999998,2.408913,IND,GHA,846241
10531062,111,89,9127,2010,34890.0,0.0,1.272385,0.545721,ITA,GNQ,846241
10531063,111,109,9127,2010,29438.0,0.0,1.272385,0.545721,ITA,ISL,846241
10531064,77,126,9127,2010,50109.0,0.0,1.530027,-0.052557000000000006,FRA,LBY,846241
10531065,81,126,9127,2010,40519.0,0.0,1.828224,0.386383,GBR,LBY,846241
10531066,111,126,9127,2010,84920.0,0.0,1.272385,0.545721,ITA,LBY,846241
10531067,224,126,9127,2010,68643.0,0.0,0.359977,2.471173,TUR,LBY,846241
10531068,43,133,9127,2010,35084.0,0.0,0.922493,2.0176,CHN,MAC,846241
10531069,111,144,9127,2010,2893.0,0.0,1.272385,0.545721,ITA,MNE,846241
10531070,201,144,9127,2010,1905.0,0.0,0.561161,1.33974,SRB,MNE,846241
10531071,43,151,9127,2010,92867.0,0.0,0.922493,2.0176,CHN,MUS,846241
10531072,61,151,9127,2010,98028.0,0.0,2.035672,-3.383322,DEU,MUS,846241
10531073,81,151,9127,2010,23299.0,0.0,1.828224,0.386383,GBR,MUS,846241
10531074,41,156,9127,2010,42392.0,0.0,2.1492080000000002,0.556424,CHE,NCL,846241
10531075,77,156,9127,2010,36625.0,0.0,1.530027,-0.052557000000000006,FRA,NCL,846241
10531076,14,176,9127,2010,23230.0,0.0,-0.276442,0.062023,AUS,PNG,846241
10531077,43,178,9127,2010,181184.0,0.0,0.922493,2.0176,CHN,PRK,846241
10531078,77,191,9127,2010,4680.0,0.0,1.530027,-0.052557000000000006,FRA,SEN,846241
10531079,61,226,9127,2010,433409.0,0.0,2.035672,-3.383322,DEU,TZA,846241
10531080,81,226,9127,2010,0.0,1666.0,1.828224,0.386383,GBR,TZA,846241
10531081,43,227,9127,2010,3590.0,0.0,0.922493,2.0176,CHN,UGA,846241
10531082,43,247,9127,2010,6182.0,0.0,0.922493,2.0176,CHN,ZMB,846241
10531083,61,9,9127,2010,233673.0,0.0,2.035672,-3.383322,DEU,ARM,846241
10531084,111,9,9127,2010,44021.0,0.0,1.272385,0.545721,ITA,ARM,846241
10531085,43,143,9127,2010,178898.0,0.0,0.922493,2.0176,CHN,MMR,846241
10531086,249,143,9127,2010,10126.0,0.0,1.766729,0.909335,TWN,MMR,846241
10531087,231,127,9127,2010,51712.0,0.0,1.67573,-0.598165,USA,LCA,846241
10531088,39,160,9127,2010,4317.0,0.0,0.752421,1.2208510000000001,CAN,NIC,846241
10531089,249,164,9127,2010,5074.0,0.0,1.766729,0.909335,TWN,NPL,846241
10531090,81,34,9127,2010,5442.0,0.0,1.828224,0.386383,GBR,BRN,846241
10531091,104,35,9127,2010,2359.0,0.0,0.14485599999999998,2.408913,IND,BTN,846241
10531092,43,62,9127,2010,102010.0,0.0,0.922493,2.0176,CHN,DJI,846241
10531093,43,129,9127,2010,1661.0,0.0,0.922493,2.0176,CHN,LSO,846241
10531094,81,152,9127,2010,5203.0,0.0,1.828224,0.386383,GBR,MWI,846241
10531095,77,240,9127,2010,2641.0,0.0,1.530027,-0.052557000000000006,FRA,VUT,846241
10531096,43,2,9134,2010,105338.0,0.0,0.922493,2.0176,CHN,AGO,846390
10531097,47,2,9134,2010,19626.0,0.0,-1.536434,-1.175338,COG,AGO,846390
10531098,77,2,9134,2010,29566.0,0.0,1.530027,-0.052557000000000006,FRA,AGO,846390
10531099,104,2,9134,2010,38808.0,0.0,0.14485599999999998,2.408913,IND,AGO,846390
10531100,111,2,9134,2010,659724.0,0.0,1.272385,0.545721,ITA,AGO,846390
10531101,124,2,9134,2010,22965.0,0.0,0.415854,1.424085,LBN,AGO,846390
10531102,155,2,9134,2010,2354.0,0.0,-0.49860299999999996,-0.6728529999999999,NAM,AGO,846390
10531103,179,2,9134,2010,700213.0,0.0,0.551149,2.437209,PRT,AGO,846390
10531104,192,2,9134,2010,4474.0,0.0,1.8441349999999999,0.570311,SGP,AGO,846390
10531105,208,2,9134,2010,1136.0,0.0,1.882239,0.397927,SWE,AGO,846390
10531106,224,2,9134,2010,14899.0,0.0,0.359977,2.471173,TUR,AGO,846390
10531107,246,2,9134,2010,1936.0,0.0,0.327326,1.513598,ZAF,AGO,846390
10531108,249,2,9134,2010,1752.0,0.0,1.766729,0.909335,TWN,AGO,846390
10531109,0,6,9134,2010,0.0,1124.0,0.9906219999999999,0.159993,ABW,ANT,846390
10531110,111,6,9134,2010,3576.0,0.0,1.272385,0.545721,ITA,ANT,846390
10531111,162,6,9134,2010,9284.0,0.0,1.237998,1.1891209999999999,NLD,ANT,846390
10531112,236,6,9134,2010,0.0,57548.0,-0.660844,-1.145133,VEN,ANT,846390
10531113,14,8,9134,2010,85934.0,0.0,-0.276442,0.062023,AUS,ARG,846390
10531114,32,8,9134,2010,30914.0,60236.0,0.40715500000000004,0.6208100000000001,BRA,ARG,846390
10531115,41,8,9134,2010,939383.0,0.0,2.1492080000000002,0.556424,CHE,ARG,846390
10531116,42,8,9134,2010,148108.0,3122.0,-0.34914,-0.459395,CHL,ARG,846390
10531117,43,8,9134,2010,162970.0,0.0,0.922493,2.0176,CHN,ARG,846390
10531118,61,8,9134,2010,910238.0,0.0,2.035672,-3.383322,DEU,ARG,846390
10531119,67,8,9134,2010,0.0,3603.0,-0.584013,-0.743675,ECU,ARG,846390
10531120,71,8,9134,2010,7333.0,0.0,0.832619,2.448009,ESP,ARG,846390
10531121,77,8,9134,2010,11272.0,0.0,1.530027,-0.052557000000000006,FRA,ARG,846390
10531122,81,8,9134,2010,3964.0,0.0,1.828224,0.386383,GBR,ARG,846390
10531123,104,8,9134,2010,28305.0,0.0,0.14485599999999998,2.408913,IND,ARG,846390
10531124,111,8,9134,2010,622507.0,7390.0,1.272385,0.545721,ITA,ARG,846390
10531125,138,8,9134,2010,5697.0,52369.0,1.132664,0.675756,MEX,ARG,846390
10531126,180,8,9134,2010,2940.0,0.0,-0.553805,-0.8699450000000001,PRY,ARG,846390
10531127,230,8,9134,2010,0.0,20732.0,0.217246,-0.079733,URY,ARG,846390
10531128,231,8,9134,2010,371012.0,0.0,1.67573,-0.598165,USA,ARG,846390
10531129,249,8,9134,2010,511022.0,0.0,1.766729,0.909335,TWN,ARG,846390
10531130,7,15,9134,2010,10630.0,0.0,0.29457,-0.196371,ARE,AUT,846390
10531131,14,15,9134,2010,0.0,31764.0,-0.276442,0.062023,AUS,AUT,846390
10531132,18,15,9134,2010,65424.0,242348.0,1.2224270000000002,1.1276,BEL,AUT,846390
10531133,23,15,9134,2010,0.0,23152.0,0.44973,1.445441,BGR,AUT,846390
10531134,26,15,9134,2010,0.0,7217.0,0.462275,0.830405,BIH,AUT,846390
10531135,41,15,9134,2010,1209234.0,790652.0,2.1492080000000002,0.556424,CHE,AUT,846390
10531136,43,15,9134,2010,29418.0,3913054.0,0.922493,2.0176,CHN,AUT,846390
10531137,59,15,9134,2010,0.0,145984.0,1.732044,0.333934,CZE,AUT,846390
10531138,61,15,9134,2010,7451981.0,548258.0,2.035672,-3.383322,DEU,AUT,846390
10531139,64,15,9134,2010,11284.0,0.0,1.082468,1.280759,DNK,AUT,846390
10531140,71,15,9134,2010,53830.0,0.0,0.832619,2.448009,ESP,AUT,846390
10531141,77,15,9134,2010,17937.0,2547.0,1.530027,-0.052557000000000006,FRA,AUT,846390
10531142,81,15,9134,2010,224205.0,0.0,1.828224,0.386383,GBR,AUT,846390
10531143,82,15,9134,2010,0.0,1059.0,-0.21301399999999998,-0.48355299999999996,GEO,AUT,846390
10531144,90,15,9134,2010,0.0,4010.0,0.200249,1.4640090000000001,GRC,AUT,846390
10531145,97,15,9134,2010,0.0,145613.0,0.715745,1.9780259999999998,HKG,AUT,846390
10531146,100,15,9134,2010,717583.0,14237.0,0.8276979999999999,0.97415,HRV,AUT,846390
10531147,102,15,9134,2010,85998.0,0.0,1.514225,0.740341,HUN,AUT,846390
10531148,104,15,9134,2010,0.0,55229.0,0.14485599999999998,2.408913,IND,AUT,846390
10531149,107,15,9134,2010,0.0,1539.0,-0.609874,-0.744733,IRN,AUT,846390
10531150,111,15,9134,2010,2457574.0,57186.0,1.272385,0.545721,ITA,AUT,846390
10531151,114,15,9134,2010,0.0,18551.0,2.459723,-0.279387,JPN,AUT,846390
10531152,121,15,9134,2010,0.0,1083050.0,1.7118849999999999,0.762362,KOR,AUT,846390
10531153,124,15,9134,2010,0.0,4915.0,0.415854,1.424085,LBN,AUT,846390
10531154,130,15,9134,2010,0.0,14707.0,0.6390600000000001,1.144911,LTU,AUT,846390
10531155,163,15,9134,2010,0.0,8823.0,0.865676,0.138757,NOR,AUT,846390
10531156,177,15,9134,2010,0.0,43983.0,1.083552,1.1433719999999998,POL,AUT,846390
10531157,179,15,9134,2010,157521.0,1846822.0,0.551149,2.437209,PRT,AUT,846390
10531158,185,15,9134,2010,0.0,158695.0,0.6483760000000001,1.200256,ROU,AUT,846390
10531159,188,15,9134,2010,0.0,430645.0,0.46696400000000005,-0.7487520000000001,SAU,AUT,846390
10531160,201,15,9134,2010,0.0,189758.0,0.561161,1.33974,SRB,AUT,846390
10531161,207,15,9134,2010,439456.0,0.0,1.595473,0.7023020000000001,SVN,AUT,846390
10531162,208,15,9134,2010,28414.0,1109.0,1.882239,0.397927,SWE,AUT,846390
10531163,212,15,9134,2010,0.0,10315.0,-0.46833800000000003,1.11952,SYR,AUT,846390
10531164,231,15,9134,2010,38425.0,281347.0,1.67573,-0.598165,USA,AUT,846390
10531165,249,15,9134,2010,3540.0,0.0,1.766729,0.909335,TWN,AUT,846390
10531166,7,18,9134,2010,0.0,62335.0,0.29457,-0.196371,ARE,BEL,846390
10531167,14,18,9134,2010,0.0,601968.0,-0.276442,0.062023,AUS,BEL,846390
10531168,15,18,9134,2010,242348.0,65424.0,1.724315,-0.29379099999999997,AUT,BEL,846390
10531169,19,18,9134,2010,0.0,2850.0,-1.0660120000000002,-0.9961190000000001,BEN,BEL,846390
10531170,23,18,9134,2010,5305.0,0.0,0.44973,1.445441,BGR,BEL,846390
10531171,25,18,9134,2010,0.0,29057.0,0.495262,-0.6198779999999999,BHS,BEL,846390
10531172,39,18,9134,2010,5679.0,0.0,0.752421,1.2208510000000001,CAN,BEL,846390
10531173,41,18,9134,2010,676634.0,25323.0,2.1492080000000002,0.556424,CHE,BEL,846390
10531174,42,18,9134,2010,0.0,60168.0,-0.34914,-0.459395,CHL,BEL,846390
10531175,43,18,9134,2010,2171.0,258855.0,0.922493,2.0176,CHN,BEL,846390
10531176,46,18,9134,2010,0.0,1840.0,-1.465101,-1.139909,COD,BEL,846390
10531177,49,18,9134,2010,0.0,21492.0,0.097222,-0.064328,COL,BEL,846390
10531178,59,18,9134,2010,0.0,75914.0,1.732044,0.333934,CZE,BEL,846390
10531179,61,18,9134,2010,830490.0,586394.0,2.035672,-3.383322,DEU,BEL,846390
10531180,64,18,9134,2010,111096.0,20035.0,1.082468,1.280759,DNK,BEL,846390
10531181,66,18,9134,2010,0.0,528207.0,-1.00922,-1.1511040000000001,DZA,BEL,846390
10531182,68,18,9134,2010,0.0,19833.0,-0.181826,1.409465,EGY,BEL,846390
10531183,71,18,9134,2010,18089.0,128329.0,0.832619,2.448009,ESP,BEL,846390
10531184,74,18,9134,2010,38544.0,11557.0,1.745464,0.897992,FIN,BEL,846390
10531185,77,18,9134,2010,588440.0,271926.0,1.530027,-0.052557000000000006,FRA,BEL,846390
10531186,81,18,9134,2010,70673.0,1161735.0,1.828224,0.386383,GBR,BEL,846390
10531187,84,18,9134,2010,0.0,1731.0,0.570018,-0.585911,GIB,BEL,846390
10531188,90,18,9134,2010,0.0,148219.0,0.200249,1.4640090000000001,GRC,BEL,846390
10531189,104,18,9134,2010,5295.0,213752.0,0.14485599999999998,2.408913,IND,BEL,846390
10531190,110,18,9134,2010,0.0,381507.0,1.215834,0.7028340000000001,ISR,BEL,846390
10531191,111,18,9134,2010,395750.0,424767.0,1.272385,0.545721,ITA,BEL,846390
10531192,114,18,9134,2010,421530.0,0.0,2.459723,-0.279387,JPN,BEL,846390
10531193,123,18,9134,2010,0.0,2071.0,-1.104075,-0.836772,LAO,BEL,846390
10531194,126,18,9134,2010,0.0,1734.0,-0.706491,-1.140822,LBY,BEL,846390
10531195,130,18,9134,2010,85675.0,0.0,0.6390600000000001,1.144911,LTU,BEL,846390
10531196,131,18,9134,2010,0.0,9838.0,1.272127,1.1051520000000001,LUX,BEL,846390
10531197,134,18,9134,2010,0.0,42103.0,-0.5935229999999999,-0.056497000000000006,MAR,BEL,846390
10531198,138,18,9134,2010,2666.0,0.0,1.132664,0.675756,MEX,BEL,846390
10531199,162,18,9134,2010,245843.0,103612.0,1.237998,1.1891209999999999,NLD,BEL,846390
10531200,163,18,9134,2010,0.0,16539.0,0.865676,0.138757,NOR,BEL,846390
10531201,168,18,9134,2010,0.0,61160.0,-0.692071,0.5409010000000001,PAK,BEL,846390
10531202,177,18,9134,2010,0.0,12610.0,1.083552,1.1433719999999998,POL,BEL,846390
10531203,179,18,9134,2010,0.0,1941.0,0.551149,2.437209,PRT,BEL,846390
10531204,183,18,9134,2010,0.0,32603.0,-0.346143,-1.078192,QAT,BEL,846390
10531205,185,18,9134,2010,0.0,3037.0,0.6483760000000001,1.200256,ROU,BEL,846390
10531206,188,18,9134,2010,0.0,64038.0,0.46696400000000005,-0.7487520000000001,SAU,BEL,846390
10531207,206,18,9134,2010,76661.0,8710.0,1.278601,0.726907,SVK,BEL,846390
10531208,212,18,9134,2010,0.0,54526.0,-0.46833800000000003,1.11952,SYR,BEL,846390
10531209,216,18,9134,2010,0.0,30463.0,0.748328,1.425224,THA,BEL,846390
10531210,224,18,9134,2010,0.0,63313.0,0.359977,2.471173,TUR,BEL,846390
10531211,228,18,9134,2010,0.0,3224.0,0.714148,0.916267,UKR,BEL,846390
10531212,231,18,9134,2010,862622.0,48338.0,1.67573,-0.598165,USA,BEL,846390
10531213,246,18,9134,2010,66236.0,18329.0,0.327326,1.513598,ZAF,BEL,846390
10531214,18,25,9134,2010,29057.0,0.0,1.2224270000000002,1.1276,BEL,BHS,846390
10531215,231,25,9134,2010,236052.0,0.0,1.67573,-0.598165,USA,BHS,846390
10531216,8,32,9134,2010,60236.0,30914.0,0.27458899999999997,0.597907,ARG,BRA,846390
10531217,14,32,9134,2010,11285.0,2513.0,-0.276442,0.062023,AUS,BRA,846390
10531218,31,32,9134,2010,0.0,7279.0,-0.83736,-0.812473,BOL,BRA,846390
10531219,39,32,9134,2010,86369.0,0.0,0.752421,1.2208510000000001,CAN,BRA,846390
10531220,41,32,9134,2010,73591.0,0.0,2.1492080000000002,0.556424,CHE,BRA,846390
10531221,42,32,9134,2010,20993.0,0.0,-0.34914,-0.459395,CHL,BRA,846390
10531222,43,32,9134,2010,878617.0,0.0,0.922493,2.0176,CHN,BRA,846390
10531223,61,32,9134,2010,2243361.0,0.0,2.035672,-3.383322,DEU,BRA,846390
10531224,71,32,9134,2010,25879.0,0.0,0.832619,2.448009,ESP,BRA,846390
10531225,77,32,9134,2010,484198.0,69643.0,1.530027,-0.052557000000000006,FRA,BRA,846390
10531226,81,32,9134,2010,45024.0,2576.0,1.828224,0.386383,GBR,BRA,846390
10531227,102,32,9134,2010,0.0,429975.0,1.514225,0.740341,HUN,BRA,846390
10531228,104,32,9134,2010,23979.0,41831.0,0.14485599999999998,2.408913,IND,BRA,846390
10531229,111,32,9134,2010,3157749.0,0.0,1.272385,0.545721,ITA,BRA,846390
10531230,114,32,9134,2010,22843.0,0.0,2.459723,-0.279387,JPN,BRA,846390
10531231,116,32,9134,2010,0.0,3214.0,-0.387187,1.010443,KEN,BRA,846390
10531232,121,32,9134,2010,6737.0,0.0,1.7118849999999999,0.762362,KOR,BRA,846390
10531233,138,32,9134,2010,0.0,503087.0,1.132664,0.675756,MEX,BRA,846390
10531234,153,32,9134,2010,7452.0,955347.0,0.9530780000000001,0.607456,MYS,BRA,846390
10531235,162,32,9134,2010,1177.0,0.0,1.237998,1.1891209999999999,NLD,BRA,846390
10531236,177,32,9134,2010,3703.0,0.0,1.083552,1.1433719999999998,POL,BRA,846390
10531237,186,32,9134,2010,0.0,7874.0,0.583996,-0.223881,RUS,BRA,846390
10531238,188,32,9134,2010,0.0,117936.0,0.46696400000000005,-0.7487520000000001,SAU,BRA,846390
10531239,208,32,9134,2010,0.0,8612.0,1.882239,0.397927,SWE,BRA,846390
10531240,216,32,9134,2010,0.0,1264049.0,0.748328,1.425224,THA,BRA,846390
10531241,224,32,9134,2010,6559.0,0.0,0.359977,2.471173,TUR,BRA,846390
10531242,226,32,9134,2010,0.0,3170.0,-0.7327,0.427616,TZA,BRA,846390
10531243,231,32,9134,2010,1015816.0,10405.0,1.67573,-0.598165,USA,BRA,846390
10531244,236,32,9134,2010,0.0,3903.0,-0.660844,-1.145133,VEN,BRA,846390
10531245,249,32,9134,2010,2887538.0,0.0,1.766729,0.909335,TWN,BRA,846390
10531246,127,33,9134,2010,0.0,9336.0,0.446162,-0.279229,LCA,BRB,846390
10531247,231,33,9134,2010,2621.0,0.0,1.67573,-0.598165,USA,BRB,846390
10531248,14,39,9134,2010,48147.0,36291.0,-0.276442,0.062023,AUS,CAN,846390
10531249,18,39,9134,2010,0.0,5679.0,1.2224270000000002,1.1276,BEL,CAN,846390
10531250,21,39,9134,2010,0.0,22491.0,-0.625747,-0.700651,BFA,CAN,846390
10531251,28,39,9134,2010,0.0,111.0,0.969851,0.593386,BLR,CAN,846390
10531252,32,39,9134,2010,0.0,86369.0,0.40715500000000004,0.6208100000000001,BRA,CAN,846390
10531253,41,39,9134,2010,41878.0,10309.0,2.1492080000000002,0.556424,CHE,CAN,846390
10531254,42,39,9134,2010,0.0,14637.0,-0.34914,-0.459395,CHL,CAN,846390
10531255,43,39,9134,2010,96338.0,70573.0,0.922493,2.0176,CHN,CAN,846390
10531256,61,39,9134,2010,83398.0,18125.0,2.035672,-3.383322,DEU,CAN,846390
10531257,64,39,9134,2010,19735.0,0.0,1.082468,1.280759,DNK,CAN,846390
10531258,71,39,9134,2010,168594.0,20912.0,0.832619,2.448009,ESP,CAN,846390
10531259,74,39,9134,2010,16028.0,19224.0,1.745464,0.897992,FIN,CAN,846390
10531260,77,39,9134,2010,611917.0,13429.0,1.530027,-0.052557000000000006,FRA,CAN,846390
10531261,81,39,9134,2010,227482.0,28384.0,1.828224,0.386383,GBR,CAN,846390
10531262,96,39,9134,2010,0.0,2035.0,-1.020217,-1.0231569999999999,GUY,CAN,846390
10531263,102,39,9134,2010,0.0,101229.0,1.514225,0.740341,HUN,CAN,846390
10531264,104,39,9134,2010,18439.0,2800.0,0.14485599999999998,2.408913,IND,CAN,846390
10531265,106,39,9134,2010,0.0,20367.0,1.371357,0.168795,IRL,CAN,846390
10531266,111,39,9134,2010,101741.0,0.0,1.272385,0.545721,ITA,CAN,846390
10531267,114,39,9134,2010,64746.0,148073.0,2.459723,-0.279387,JPN,CAN,846390
10531268,116,39,9134,2010,0.0,5088.0,-0.387187,1.010443,KEN,CAN,846390
10531269,121,39,9134,2010,0.0,7514.0,1.7118849999999999,0.762362,KOR,CAN,846390
10531270,122,39,9134,2010,0.0,1057.0,0.067373,-1.0822120000000002,KWT,CAN,846390
10531271,124,39,9134,2010,0.0,36835.0,0.415854,1.424085,LBN,CAN,846390
10531272,130,39,9134,2010,0.0,968.0,0.6390600000000001,1.144911,LTU,CAN,846390
10531273,132,39,9134,2010,0.0,1374.0,0.6158170000000001,1.1401059999999998,LVA,CAN,846390
10531274,138,39,9134,2010,155123.0,18349.0,1.132664,0.675756,MEX,CAN,846390
10531275,162,39,9134,2010,13546.0,16600.0,1.237998,1.1891209999999999,NLD,CAN,846390
10531276,163,39,9134,2010,0.0,11921.0,0.865676,0.138757,NOR,CAN,846390
10531277,166,39,9134,2010,0.0,16516.0,0.36828299999999997,0.574574,NZL,CAN,846390
10531278,174,39,9134,2010,0.0,37451.0,0.40418899999999996,0.102497,PHL,CAN,846390
10531279,177,39,9134,2010,2550.0,1038.0,1.083552,1.1433719999999998,POL,CAN,846390
10531280,183,39,9134,2010,0.0,6148.0,-0.346143,-1.078192,QAT,CAN,846390
10531281,186,39,9134,2010,0.0,228143.0,0.583996,-0.223881,RUS,CAN,846390
10531282,192,39,9134,2010,11527.0,0.0,1.8441349999999999,0.570311,SGP,CAN,846390
10531283,197,39,9134,2010,0.0,3701.0,-0.101434,0.132639,SLV,CAN,846390
10531284,206,39,9134,2010,46751.0,0.0,1.278601,0.726907,SVK,CAN,846390
10531285,208,39,9134,2010,21454.0,0.0,1.882239,0.397927,SWE,CAN,846390
10531286,224,39,9134,2010,20975.0,0.0,0.359977,2.471173,TUR,CAN,846390
10531287,231,39,9134,2010,9209155.0,2551663.0,1.67573,-0.598165,USA,CAN,846390
10531288,236,39,9134,2010,0.0,18485.0,-0.660844,-1.145133,VEN,CAN,846390
10531289,239,39,9134,2010,0.0,4373.0,-0.24660500000000002,1.427235,VNM,CAN,846390
10531290,246,39,9134,2010,30732.0,3341.0,0.327326,1.513598,ZAF,CAN,846390
10531291,249,39,9134,2010,111314.0,0.0,1.766729,0.909335,TWN,CAN,846390
10531292,8,41,9134,2010,0.0,939383.0,0.27458899999999997,0.597907,ARG,CHE,846390
10531293,14,41,9134,2010,0.0,334716.0,-0.276442,0.062023,AUS,CHE,846390
10531294,15,41,9134,2010,790652.0,1209234.0,1.724315,-0.29379099999999997,AUT,CHE,846390
10531295,18,41,9134,2010,25323.0,676634.0,1.2224270000000002,1.1276,BEL,CHE,846390
10531296,23,41,9134,2010,0.0,3524.0,0.44973,1.445441,BGR,CHE,846390
10531297,28,41,9134,2010,0.0,52849.0,0.969851,0.593386,BLR,CHE,846390
10531298,32,41,9134,2010,0.0,73591.0,0.40715500000000004,0.6208100000000001,BRA,CHE,846390
10531299,39,41,9134,2010,10309.0,41878.0,0.752421,1.2208510000000001,CAN,CHE,846390
10531300,42,41,9134,2010,0.0,374244.0,-0.34914,-0.459395,CHL,CHE,846390
10531301,43,41,9134,2010,12243.0,6197826.0,0.922493,2.0176,CHN,CHE,846390
10531302,52,41,9134,2010,0.0,21402.0,-0.122722,-0.7062069999999999,CRI,CHE,846390
10531303,58,41,9134,2010,0.0,130700.0,0.8776450000000001,0.568389,CYP,CHE,846390
10531304,59,41,9134,2010,187734.0,678685.0,1.732044,0.333934,CZE,CHE,846390
10531305,61,41,9134,2010,5599955.0,9368342.0,2.035672,-3.383322,DEU,CHE,846390
10531306,64,41,9134,2010,0.0,83050.0,1.082468,1.280759,DNK,CHE,846390
10531307,66,41,9134,2010,0.0,1229408.0,-1.00922,-1.1511040000000001,DZA,CHE,846390
10531308,68,41,9134,2010,0.0,120282.0,-0.181826,1.409465,EGY,CHE,846390
10531309,71,41,9134,2010,5653.0,839654.0,0.832619,2.448009,ESP,CHE,846390
10531310,74,41,9134,2010,6042.0,112218.0,1.745464,0.897992,FIN,CHE,846390
10531311,77,41,9134,2010,602764.0,2291616.0,1.530027,-0.052557000000000006,FRA,CHE,846390
10531312,81,41,9134,2010,18932.0,492348.0,1.828224,0.386383,GBR,CHE,846390
10531313,97,41,9134,2010,0.0,389994.0,0.715745,1.9780259999999998,HKG,CHE,846390
10531314,100,41,9134,2010,98709.0,1506.0,0.8276979999999999,0.97415,HRV,CHE,846390
10531315,102,41,9134,2010,28049.0,1261994.0,1.514225,0.740341,HUN,CHE,846390
10531316,103,41,9134,2010,0.0,218181.0,-0.30878099999999997,1.07069,IDN,CHE,846390
10531317,104,41,9134,2010,27768.0,317842.0,0.14485599999999998,2.408913,IND,CHE,846390
10531318,107,41,9134,2010,0.0,848.0,-0.609874,-0.744733,IRN,CHE,846390
10531319,110,41,9134,2010,0.0,2357.0,1.215834,0.7028340000000001,ISR,CHE,846390
10531320,111,41,9134,2010,4727805.0,2653661.0,1.272385,0.545721,ITA,CHE,846390
10531321,114,41,9134,2010,192529.0,151009.0,2.459723,-0.279387,JPN,CHE,846390
10531322,115,41,9134,2010,0.0,210775.0,-0.6278020000000001,-0.8419760000000001,KAZ,CHE,846390
10531323,121,41,9134,2010,0.0,1582071.0,1.7118849999999999,0.762362,KOR,CHE,846390
10531324,130,41,9134,2010,0.0,1042.0,0.6390600000000001,1.144911,LTU,CHE,846390
10531325,131,41,9134,2010,0.0,23836.0,1.272127,1.1051520000000001,LUX,CHE,846390
10531326,134,41,9134,2010,0.0,255925.0,-0.5935229999999999,-0.056497000000000006,MAR,CHE,846390
10531327,135,41,9134,2010,0.0,93500.0,-0.116797,0.037801,MDA,CHE,846390
10531328,138,41,9134,2010,0.0,631956.0,1.132664,0.675756,MEX,CHE,846390
10531329,142,41,9134,2010,0.0,13867.0,1.211797,-0.024923,MLT,CHE,846390
10531330,145,41,9134,2010,0.0,6549.0,-1.110861,-1.105545,MNG,CHE,846390
10531331,153,41,9134,2010,0.0,7038.0,0.9530780000000001,0.607456,MYS,CHE,846390
10531332,155,41,9134,2010,0.0,7416.0,-0.49860299999999996,-0.6728529999999999,NAM,CHE,846390
10531333,162,41,9134,2010,97034.0,102590.0,1.237998,1.1891209999999999,NLD,CHE,846390
10531334,163,41,9134,2010,22210.0,376343.0,0.865676,0.138757,NOR,CHE,846390
10531335,166,41,9134,2010,0.0,129955.0,0.36828299999999997,0.574574,NZL,CHE,846390
10531336,169,41,9134,2010,0.0,2440.0,0.617867,0.903432,PAN,CHE,846390
10531337,173,41,9134,2010,0.0,1441.0,-0.650327,0.162321,PER,CHE,846390
10531338,177,41,9134,2010,40915.0,649095.0,1.083552,1.1433719999999998,POL,CHE,846390
10531339,179,41,9134,2010,0.0,688767.0,0.551149,2.437209,PRT,CHE,846390
10531340,183,41,9134,2010,0.0,442575.0,-0.346143,-1.078192,QAT,CHE,846390
10531341,185,41,9134,2010,1203.0,308985.0,0.6483760000000001,1.200256,ROU,CHE,846390
10531342,186,41,9134,2010,0.0,746108.0,0.583996,-0.223881,RUS,CHE,846390
10531343,188,41,9134,2010,0.0,238628.0,0.46696400000000005,-0.7487520000000001,SAU,CHE,846390
10531344,192,41,9134,2010,0.0,39792.0,1.8441349999999999,0.570311,SGP,CHE,846390
10531345,201,41,9134,2010,0.0,112450.0,0.561161,1.33974,SRB,CHE,846390
10531346,206,41,9134,2010,0.0,22199.0,1.278601,0.726907,SVK,CHE,846390
10531347,207,41,9134,2010,0.0,70302.0,1.595473,0.7023020000000001,SVN,CHE,846390
10531348,208,41,9134,2010,57589.0,497301.0,1.882239,0.397927,SWE,CHE,846390
10531349,212,41,9134,2010,0.0,89754.0,-0.46833800000000003,1.11952,SYR,CHE,846390
10531350,216,41,9134,2010,0.0,196167.0,0.748328,1.425224,THA,CHE,846390
10531351,224,41,9134,2010,0.0,110049.0,0.359977,2.471173,TUR,CHE,846390
10531352,231,41,9134,2010,84412.0,3269831.0,1.67573,-0.598165,USA,CHE,846390
10531353,236,41,9134,2010,0.0,1884.0,-0.660844,-1.145133,VEN,CHE,846390
10531354,239,41,9134,2010,0.0,1153120.0,-0.24660500000000002,1.427235,VNM,CHE,846390
10531355,246,41,9134,2010,42500.0,240383.0,0.327326,1.513598,ZAF,CHE,846390
10531356,249,41,9134,2010,0.0,400408.0,1.766729,0.909335,TWN,CHE,846390
10531357,8,42,9134,2010,3122.0,148108.0,0.27458899999999997,0.597907,ARG,CHL,846390
10531358,14,42,9134,2010,315470.0,0.0,-0.276442,0.062023,AUS,CHL,846390
10531359,18,42,9134,2010,60168.0,0.0,1.2224270000000002,1.1276,BEL,CHL,846390
10531360,31,42,9134,2010,0.0,83931.0,-0.83736,-0.812473,BOL,CHL,846390
10531361,32,42,9134,2010,0.0,20993.0,0.40715500000000004,0.6208100000000001,BRA,CHL,846390
10531362,39,42,9134,2010,14637.0,0.0,0.752421,1.2208510000000001,CAN,CHL,846390
10531363,41,42,9134,2010,374244.0,0.0,2.1492080000000002,0.556424,CHE,CHL,846390
10531364,43,42,9134,2010,163154.0,4137.0,0.922493,2.0176,CHN,CHL,846390
10531365,52,42,9134,2010,0.0,1540.0,-0.122722,-0.7062069999999999,CRI,CHL,846390
10531366,61,42,9134,2010,9792.0,0.0,2.035672,-3.383322,DEU,CHL,846390
10531367,64,42,9134,2010,3445.0,0.0,1.082468,1.280759,DNK,CHL,846390
10531368,67,42,9134,2010,0.0,137935.0,-0.584013,-0.743675,ECU,CHL,846390
10531369,71,42,9134,2010,70879.0,3649.0,0.832619,2.448009,ESP,CHL,846390
10531370,77,42,9134,2010,61148.0,0.0,1.530027,-0.052557000000000006,FRA,CHL,846390
10531371,81,42,9134,2010,83475.0,0.0,1.828224,0.386383,GBR,CHL,846390
10531372,97,42,9134,2010,1741.0,0.0,0.715745,1.9780259999999998,HKG,CHL,846390
10531373,104,42,9134,2010,5898.0,110350.0,0.14485599999999998,2.408913,IND,CHL,846390
10531374,111,42,9134,2010,194517.0,0.0,1.272385,0.545721,ITA,CHL,846390
10531375,121,42,9134,2010,1292.0,0.0,1.7118849999999999,0.762362,KOR,CHL,846390
10531376,138,42,9134,2010,23990.0,18418.0,1.132664,0.675756,MEX,CHL,846390
10531377,153,42,9134,2010,1510.0,0.0,0.9530780000000001,0.607456,MYS,CHL,846390
10531378,169,42,9134,2010,2365.0,23393.0,0.617867,0.903432,PAN,CHL,846390
10531379,180,42,9134,2010,0.0,19884.0,-0.553805,-0.8699450000000001,PRY,CHL,846390
10531380,231,42,9134,2010,1014174.0,0.0,1.67573,-0.598165,USA,CHL,846390
10531381,249,42,9134,2010,91180.0,0.0,1.766729,0.909335,TWN,CHL,846390
10531382,2,43,9134,2010,0.0,105338.0,-1.3711010000000001,-1.170608,AGO,CHN,846390
10531383,4,43,9134,2010,0.0,89781.0,-0.5316,-0.219561,ALB,CHN,846390
10531384,7,43,9134,2010,0.0,411415.0,0.29457,-0.196371,ARE,CHN,846390
10531385,8,43,9134,2010,0.0,162970.0,0.27458899999999997,0.597907,ARG,CHN,846390
10531386,9,43,9134,2010,0.0,7097.0,0.11632,-0.417048,ARM,CHN,846390
10531387,13,43,9134,2010,0.0,1382.0,1.2153129999999999,0.955838,ATG,CHN,846390
10531388,14,43,9134,2010,31025.0,309762.0,-0.276442,0.062023,AUS,CHN,846390
10531389,15,43,9134,2010,3913054.0,29418.0,1.724315,-0.29379099999999997,AUT,CHN,846390
10531390,16,43,9134,2010,0.0,312459.0,-1.048424,-1.2030370000000001,AZE,CHN,846390
10531391,18,43,9134,2010,258855.0,2171.0,1.2224270000000002,1.1276,BEL,CHN,846390
10531392,22,43,9134,2010,0.0,165264.0,-0.974526,-0.76566,BGD,CHN,846390
10531393,23,43,9134,2010,0.0,7736.0,0.44973,1.445441,BGR,CHN,846390
10531394,28,43,9134,2010,0.0,38063.0,0.969851,0.593386,BLR,CHN,846390
10531395,31,43,9134,2010,0.0,2537.0,-0.83736,-0.812473,BOL,CHN,846390
10531396,32,43,9134,2010,0.0,878617.0,0.40715500000000004,0.6208100000000001,BRA,CHN,846390
10531397,34,43,9134,2010,0.0,22053.0,0.717167,-0.764841,BRN,CHN,846390
10531398,37,43,9134,2010,0.0,4939.0,-0.181373,-0.714376,BWA,CHN,846390
10531399,39,43,9134,2010,70573.0,96338.0,0.752421,1.2208510000000001,CAN,CHN,846390
10531400,41,43,9134,2010,6197826.0,12243.0,2.1492080000000002,0.556424,CHE,CHN,846390
10531401,42,43,9134,2010,4137.0,163154.0,-0.34914,-0.459395,CHL,CHN,846390
10531402,44,43,9134,2010,0.0,248375.0,-1.256641,-0.946767,CIV,CHN,846390
10531403,45,43,9134,2010,0.0,186338.0,-1.114209,-1.0127899999999999,CMR,CHN,846390
10531404,47,43,9134,2010,0.0,8703.0,-1.536434,-1.175338,COG,CHN,846390
10531405,49,43,9134,2010,0.0,65307.0,0.097222,-0.064328,COL,CHN,846390
10531406,51,43,9134,2010,0.0,1204.0,0.140658,-0.527468,CPV,CHN,846390
10531407,52,43,9134,2010,0.0,4212.0,-0.122722,-0.7062069999999999,CRI,CHN,846390
10531408,54,43,9134,2010,0.0,59995.0,-0.085462,-0.885019,CUB,CHN,846390
10531409,58,43,9134,2010,0.0,28714.0,0.8776450000000001,0.568389,CYP,CHN,846390
10531410,59,43,9134,2010,178769.0,3334.0,1.732044,0.333934,CZE,CHN,846390
10531411,61,43,9134,2010,38971804.0,267949.0,2.035672,-3.383322,DEU,CHN,846390
10531412,62,43,9134,2010,0.0,1836.0,-0.37501799999999996,-0.727603,DJI,CHN,846390
10531413,64,43,9134,2010,47343.0,3926.0,1.082468,1.280759,DNK,CHN,846390
10531414,65,43,9134,2010,0.0,16438.0,-0.245241,0.368626,DOM,CHN,846390
10531415,66,43,9134,2010,0.0,316230.0,-1.00922,-1.1511040000000001,DZA,CHN,846390
10531416,67,43,9134,2010,37482.0,52969.0,-0.584013,-0.743675,ECU,CHN,846390
10531417,68,43,9134,2010,0.0,695630.0,-0.181826,1.409465,EGY,CHN,846390
10531418,69,43,9134,2010,0.0,48381.0,-0.288006,-0.614999,ERI,CHN,846390
10531419,71,43,9134,2010,151644.0,225716.0,0.832619,2.448009,ESP,CHN,846390
10531420,72,43,9134,2010,0.0,8363.0,0.832316,1.1844649999999999,EST,CHN,846390
10531421,73,43,9134,2010,0.0,21705.0,-1.122906,-0.840777,ETH,CHN,846390
10531422,74,43,9134,2010,264786.0,85109.0,1.745464,0.897992,FIN,CHN,846390
10531423,75,43,9134,2010,0.0,20849.0,-0.603112,-0.29135500000000003,FJI,CHN,846390
10531424,77,43,9134,2010,1282038.0,55011.0,1.530027,-0.052557000000000006,FRA,CHN,846390
10531425,80,43,9134,2010,0.0,2835.0,-1.707175,-1.167635,GAB,CHN,846390
10531426,81,43,9134,2010,419860.0,19055.0,1.828224,0.386383,GBR,CHN,846390
10531427,82,43,9134,2010,0.0,154569.0,-0.21301399999999998,-0.48355299999999996,GEO,CHN,846390
10531428,83,43,9134,2010,0.0,44487.0,-0.835003,-0.633731,GHA,CHN,846390
10531429,87,43,9134,2010,0.0,4897.0,-0.894757,-0.734589,GMB,CHN,846390
10531430,89,43,9134,2010,0.0,3236.0,-1.077402,-0.86556,GNQ,CHN,846390
10531431,90,43,9134,2010,0.0,187313.0,0.200249,1.4640090000000001,GRC,CHN,846390
10531432,93,43,9134,2010,0.0,4873.0,-0.39034,0.743521,GTM,CHN,846390
10531433,97,43,9134,2010,37409.0,416243.0,0.715745,1.9780259999999998,HKG,CHN,846390
10531434,99,43,9134,2010,0.0,5776.0,-0.569501,-0.153122,HND,CHN,846390
10531435,100,43,9134,2010,0.0,2925.0,0.8276979999999999,0.97415,HRV,CHN,846390
10531436,102,43,9134,2010,7792.0,1946.0,1.514225,0.740341,HUN,CHN,846390
10531437,103,43,9134,2010,0.0,1760515.0,-0.30878099999999997,1.07069,IDN,CHN,846390
10531438,104,43,9134,2010,10938.0,4463552.0,0.14485599999999998,2.408913,IND,CHN,846390
10531439,106,43,9134,2010,451276.0,18470.0,1.371357,0.168795,IRL,CHN,846390
10531440,107,43,9134,2010,0.0,3840950.0,-0.609874,-0.744733,IRN,CHN,846390
10531441,108,43,9134,2010,0.0,169547.0,-2.1439150000000002,-0.913227,IRQ,CHN,846390
10531442,109,43,9134,2010,0.0,1234.0,0.20822100000000002,-0.318294,ISL,CHN,846390
10531443,110,43,9134,2010,0.0,47894.0,1.215834,0.7028340000000001,ISR,CHN,846390
10531444,111,43,9134,2010,4681782.0,878539.0,1.272385,0.545721,ITA,CHN,846390
10531445,112,43,9134,2010,0.0,11356.0,0.041471,-0.367177,JAM,CHN,846390
10531446,113,43,9134,2010,0.0,16212.0,0.251702,0.522758,JOR,CHN,846390
10531447,114,43,9134,2010,30461070.0,981774.0,2.459723,-0.279387,JPN,CHN,846390
10531448,115,43,9134,2010,0.0,143418.0,-0.6278020000000001,-0.8419760000000001,KAZ,CHN,846390
10531449,116,43,9134,2010,0.0,30121.0,-0.387187,1.010443,KEN,CHN,846390
10531450,117,43,9134,2010,0.0,6082.0,-0.48426400000000003,-0.169443,KGZ,CHN,846390
10531451,118,43,9134,2010,0.0,22162.0,-1.158906,-1.019906,KHM,CHN,846390
10531452,121,43,9134,2010,5314434.0,833659.0,1.7118849999999999,0.762362,KOR,CHN,846390
10531453,122,43,9134,2010,0.0,42779.0,0.067373,-1.0822120000000002,KWT,CHN,846390
10531454,123,43,9134,2010,0.0,4989.0,-1.104075,-0.836772,LAO,CHN,846390
10531455,124,43,9134,2010,0.0,79102.0,0.415854,1.424085,LBN,CHN,846390
10531456,126,43,9134,2010,0.0,524329.0,-0.706491,-1.140822,LBY,CHN,846390
10531457,128,43,9134,2010,0.0,34206.0,-0.70886,0.25216700000000003,LKA,CHN,846390
10531458,129,43,9134,2010,0.0,1055.0,-0.7534529999999999,-0.759605,LSO,CHN,846390
10531459,130,43,9134,2010,0.0,29884.0,0.6390600000000001,1.144911,LTU,CHN,846390
10531460,132,43,9134,2010,0.0,21417.0,0.6158170000000001,1.1401059999999998,LVA,CHN,846390
10531461,133,43,9134,2010,0.0,10718.0,0.545755,0.492997,MAC,CHN,846390
10531462,134,43,9134,2010,0.0,2495496.0,-0.5935229999999999,-0.056497000000000006,MAR,CHN,846390
10531463,135,43,9134,2010,0.0,21590.0,-0.116797,0.037801,MDA,CHN,846390
10531464,136,43,9134,2010,0.0,7634.0,-0.8737799999999999,-0.043717,MDG,CHN,846390
10531465,138,43,9134,2010,16572.0,161690.0,1.132664,0.675756,MEX,CHN,846390
10531466,140,43,9134,2010,0.0,3420.0,-0.122842,0.407017,MKD,CHN,846390
10531467,141,43,9134,2010,0.0,38569.0,-0.585496,-0.655841,MLI,CHN,846390
10531468,142,43,9134,2010,0.0,3270.0,1.211797,-0.024923,MLT,CHN,846390
10531469,143,43,9134,2010,0.0,860714.0,-1.480389,-1.075842,MMR,CHN,846390
10531470,145,43,9134,2010,0.0,5000.0,-1.110861,-1.105545,MNG,CHN,846390
10531471,147,43,9134,2010,0.0,45965.0,-1.479855,-1.070518,MOZ,CHN,846390
10531472,151,43,9134,2010,0.0,15870.0,-0.173542,0.103727,MUS,CHN,846390
10531473,152,43,9134,2010,0.0,6327.0,-0.821839,-0.9153870000000001,MWI,CHN,846390
10531474,153,43,9134,2010,84337.0,1041675.0,0.9530780000000001,0.607456,MYS,CHN,846390
10531475,155,43,9134,2010,742.0,312458.0,-0.49860299999999996,-0.6728529999999999,NAM,CHN,846390
10531476,157,43,9134,2010,0.0,1787.0,-0.829902,-0.826152,NER,CHN,846390
10531477,159,43,9134,2010,13258.0,158828.0,-1.887084,-1.2280229999999999,NGA,CHN,846390
10531478,160,43,9134,2010,0.0,95218.0,-0.9387409999999999,-0.8119569999999999,NIC,CHN,846390
10531479,162,43,9134,2010,9988215.0,64054.0,1.237998,1.1891209999999999,NLD,CHN,846390
10531480,163,43,9134,2010,9689.0,2389.0,0.865676,0.138757,NOR,CHN,846390
10531481,164,43,9134,2010,0.0,251976.0,-0.23753400000000002,0.7957390000000001,NPL,CHN,846390
10531482,166,43,9134,2010,190579.0,3244.0,0.36828299999999997,0.574574,NZL,CHN,846390
10531483,167,43,9134,2010,0.0,2493.0,-0.487612,-0.9551379999999999,OMN,CHN,846390
10531484,168,43,9134,2010,0.0,84213.0,-0.692071,0.5409010000000001,PAK,CHN,846390
10531485,169,43,9134,2010,0.0,74874.0,0.617867,0.903432,PAN,CHN,846390
10531486,173,43,9134,2010,0.0,109801.0,-0.650327,0.162321,PER,CHN,846390
10531487,174,43,9134,2010,0.0,271990.0,0.40418899999999996,0.102497,PHL,CHN,846390
10531488,177,43,9134,2010,14221.0,54298.0,1.083552,1.1433719999999998,POL,CHN,846390
10531489,178,43,9134,2010,0.0,368305.0,0.348511,0.466229,PRK,CHN,846390
10531490,179,43,9134,2010,0.0,46740.0,0.551149,2.437209,PRT,CHN,846390
10531491,181,43,9134,2010,0.0,1082.0,0.12470099999999999,0.576382,PSE,CHN,846390
10531492,183,43,9134,2010,0.0,22427.0,-0.346143,-1.078192,QAT,CHN,846390
10531493,185,43,9134,2010,0.0,15862.0,0.6483760000000001,1.200256,ROU,CHN,846390
10531494,186,43,9134,2010,0.0,697212.0,0.583996,-0.223881,RUS,CHN,846390
10531495,187,43,9134,2010,0.0,3940.0,-0.6033350000000001,-0.524881,RWA,CHN,846390
10531496,188,43,9134,2010,0.0,384825.0,0.46696400000000005,-0.7487520000000001,SAU,CHN,846390
10531497,190,43,9134,2010,0.0,9276.0,-1.9094669999999998,-1.271065,SDN,CHN,846390
10531498,192,43,9134,2010,625561.0,395079.0,1.8441349999999999,0.570311,SGP,CHN,846390
10531499,197,43,9134,2010,0.0,2493.0,-0.101434,0.132639,SLV,CHN,846390
10531500,201,43,9134,2010,0.0,1557.0,0.561161,1.33974,SRB,CHN,846390
10531501,203,43,9134,2010,0.0,37039.0,0.676596,-0.145275,STP,CHN,846390
10531502,207,43,9134,2010,4626.0,2644.0,1.595473,0.7023020000000001,SVN,CHN,846390
10531503,208,43,9134,2010,261650.0,36294.0,1.882239,0.397927,SWE,CHN,846390
10531504,209,43,9134,2010,0.0,47045.0,0.186142,-0.34577800000000003,SWZ,CHN,846390
10531505,211,43,9134,2010,0.0,13993.0,-0.075668,-0.549686,SYC,CHN,846390
10531506,212,43,9134,2010,0.0,58539.0,-0.46833800000000003,1.11952,SYR,CHN,846390
10531507,214,43,9134,2010,0.0,7287.0,0.035565,-0.759857,TCD,CHN,846390
10531508,215,43,9134,2010,0.0,6378.0,-0.943559,-0.884336,TGO,CHN,846390
10531509,216,43,9134,2010,81979.0,1864331.0,0.748328,1.425224,THA,CHN,846390
10531510,219,43,9134,2010,0.0,8121.0,-1.161458,-1.191589,TKM,CHN,846390
10531511,221,43,9134,2010,0.0,1427.0,-0.650658,-0.774469,TON,CHN,846390
10531512,222,43,9134,2010,0.0,2547.0,-0.338123,-1.070239,TTO,CHN,846390
10531513,223,43,9134,2010,0.0,153155.0,0.165019,0.8882059999999999,TUN,CHN,846390
10531514,224,43,9134,2010,17074.0,1266387.0,0.359977,2.471173,TUR,CHN,846390
10531515,226,43,9134,2010,0.0,41745.0,-0.7327,0.427616,TZA,CHN,846390
10531516,227,43,9134,2010,0.0,4247.0,-0.48061400000000004,0.187001,UGA,CHN,846390
10531517,228,43,9134,2010,0.0,336975.0,0.714148,0.916267,UKR,CHN,846390
10531518,230,43,9134,2010,0.0,213846.0,0.217246,-0.079733,URY,CHN,846390
10531519,231,43,9134,2010,8247704.0,713525.0,1.67573,-0.598165,USA,CHN,846390
10531520,232,43,9134,2010,0.0,435678.0,-0.704097,-0.655055,UZB,CHN,846390
10531521,236,43,9134,2010,0.0,96350.0,-0.660844,-1.145133,VEN,CHN,846390
10531522,239,43,9134,2010,0.0,2897322.0,-0.24660500000000002,1.427235,VNM,CHN,846390
10531523,243,43,9134,2010,0.0,5313.0,-1.360851,-1.208826,YEM,CHN,846390
10531524,246,43,9134,2010,5050.0,177635.0,0.327326,1.513598,ZAF,CHN,846390
10531525,247,43,9134,2010,0.0,2928.0,-0.650686,-0.830332,ZMB,CHN,846390
10531526,248,43,9134,2010,0.0,10954.0,-0.869909,-0.8233309999999999,ZWE,CHN,846390
10531527,249,43,9134,2010,13175335.0,988591.0,1.766729,0.909335,TWN,CHN,846390
10531528,18,49,9134,2010,21492.0,0.0,1.2224270000000002,1.1276,BEL,COL,846390
10531529,43,49,9134,2010,65307.0,0.0,0.922493,2.0176,CHN,COL,846390
10531530,52,49,9134,2010,0.0,25169.0,-0.122722,-0.7062069999999999,CRI,COL,846390
10531531,61,49,9134,2010,13969.0,0.0,2.035672,-3.383322,DEU,COL,846390
10531532,67,49,9134,2010,0.0,70010.0,-0.584013,-0.743675,ECU,COL,846390
10531533,71,49,9134,2010,55736.0,0.0,0.832619,2.448009,ESP,COL,846390
10531534,74,49,9134,2010,2918.0,0.0,1.745464,0.897992,FIN,COL,846390
10531535,81,49,9134,2010,136950.0,0.0,1.828224,0.386383,GBR,COL,846390
10531536,93,49,9134,2010,847.0,0.0,-0.39034,0.743521,GTM,COL,846390
10531537,111,49,9134,2010,72650.0,0.0,1.272385,0.545721,ITA,COL,846390
10531538,121,49,9134,2010,44917.0,0.0,1.7118849999999999,0.762362,KOR,COL,846390
10531539,138,49,9134,2010,5788.0,0.0,1.132664,0.675756,MEX,COL,846390
10531540,153,49,9134,2010,61632.0,0.0,0.9530780000000001,0.607456,MYS,COL,846390
10531541,162,49,9134,2010,10243.0,0.0,1.237998,1.1891209999999999,NLD,COL,846390
10531542,169,49,9134,2010,23462.0,7798.0,0.617867,0.903432,PAN,COL,846390
10531543,173,49,9134,2010,1454.0,0.0,-0.650327,0.162321,PER,COL,846390
10531544,224,49,9134,2010,11395.0,0.0,0.359977,2.471173,TUR,COL,846390
10531545,231,49,9134,2010,277918.0,7813.0,1.67573,-0.598165,USA,COL,846390
10531546,236,49,9134,2010,0.0,12375.0,-0.660844,-1.145133,VEN,COL,846390
10531547,249,49,9134,2010,83420.0,0.0,1.766729,0.909335,TWN,COL,846390
10531548,41,52,9134,2010,21402.0,0.0,2.1492080000000002,0.556424,CHE,CRI,846390
10531549,42,52,9134,2010,1540.0,0.0,-0.34914,-0.459395,CHL,CRI,846390
10531550,43,52,9134,2010,4212.0,0.0,0.922493,2.0176,CHN,CRI,846390
10531551,49,52,9134,2010,25169.0,0.0,0.097222,-0.064328,COL,CRI,846390
10531552,61,52,9134,2010,6258.0,30159.0,2.035672,-3.383322,DEU,CRI,846390
10531553,71,52,9134,2010,4445.0,0.0,0.832619,2.448009,ESP,CRI,846390
10531554,93,52,9134,2010,38324.0,19543.0,-0.39034,0.743521,GTM,CRI,846390
10531555,110,52,9134,2010,3287.0,0.0,1.215834,0.7028340000000001,ISR,CRI,846390
10531556,111,52,9134,2010,7217.0,0.0,1.272385,0.545721,ITA,CRI,846390
10531557,138,52,9134,2010,58955.0,7604.0,1.132664,0.675756,MEX,CRI,846390
10531558,147,52,9134,2010,0.0,2198.0,-1.479855,-1.070518,MOZ,CRI,846390
10531559,160,52,9134,2010,0.0,8690.0,-0.9387409999999999,-0.8119569999999999,NIC,CRI,846390
10531560,169,52,9134,2010,40888.0,13946.0,0.617867,0.903432,PAN,CRI,846390
10531561,231,52,9134,2010,813265.0,165897.0,1.67573,-0.598165,USA,CRI,846390
10531562,249,52,9134,2010,31775.0,0.0,1.766729,0.909335,TWN,CRI,846390
10531563,250,52,9134,2010,23311.0,0.0,0.45129600000000003,-0.223517,ANS,CRI,846390
10531564,4,61,9134,2010,0.0,3206.0,-0.5316,-0.219561,ALB,DEU,846390
10531565,7,61,9134,2010,0.0,1978769.0,0.29457,-0.196371,ARE,DEU,846390
10531566,8,61,9134,2010,0.0,910238.0,0.27458899999999997,0.597907,ARG,DEU,846390
10531567,9,61,9134,2010,0.0,8588.0,0.11632,-0.417048,ARM,DEU,846390
10531568,14,61,9134,2010,3942.0,31140.0,-0.276442,0.062023,AUS,DEU,846390
10531569,15,61,9134,2010,548258.0,7451981.0,1.724315,-0.29379099999999997,AUT,DEU,846390
10531570,17,61,9134,2010,0.0,9079.0,-0.922883,-0.748675,BDI,DEU,846390
10531571,18,61,9134,2010,586394.0,830490.0,1.2224270000000002,1.1276,BEL,DEU,846390
10531572,19,61,9134,2010,0.0,962.0,-1.0660120000000002,-0.9961190000000001,BEN,DEU,846390
10531573,21,61,9134,2010,0.0,2285.0,-0.625747,-0.700651,BFA,DEU,846390
10531574,23,61,9134,2010,0.0,91708.0,0.44973,1.445441,BGR,DEU,846390
10531575,24,61,9134,2010,0.0,63670.0,0.284356,-0.8362,BHR,DEU,846390
10531576,26,61,9134,2010,50807.0,27163.0,0.462275,0.830405,BIH,DEU,846390
10531577,28,61,9134,2010,0.0,28741.0,0.969851,0.593386,BLR,DEU,846390
10531578,31,61,9134,2010,0.0,1141.0,-0.83736,-0.812473,BOL,DEU,846390
10531579,32,61,9134,2010,0.0,2243361.0,0.40715500000000004,0.6208100000000001,BRA,DEU,846390
10531580,34,61,9134,2010,0.0,6790.0,0.717167,-0.764841,BRN,DEU,846390
10531581,39,61,9134,2010,18125.0,83398.0,0.752421,1.2208510000000001,CAN,DEU,846390
10531582,41,61,9134,2010,9368342.0,5599955.0,2.1492080000000002,0.556424,CHE,DEU,846390
10531583,42,61,9134,2010,0.0,9792.0,-0.34914,-0.459395,CHL,DEU,846390
10531584,43,61,9134,2010,267949.0,38971804.0,0.922493,2.0176,CHN,DEU,846390
10531585,49,61,9134,2010,0.0,13969.0,0.097222,-0.064328,COL,DEU,846390
10531586,52,61,9134,2010,30159.0,6258.0,-0.122722,-0.7062069999999999,CRI,DEU,846390
10531587,54,61,9134,2010,0.0,11532.0,-0.085462,-0.885019,CUB,DEU,846390
10531588,59,61,9134,2010,703035.0,5825238.0,1.732044,0.333934,CZE,DEU,846390
10531589,64,61,9134,2010,1001.0,724078.0,1.082468,1.280759,DNK,DEU,846390
10531590,66,61,9134,2010,0.0,94567.0,-1.00922,-1.1511040000000001,DZA,DEU,846390
10531591,67,61,9134,2010,0.0,2924.0,-0.584013,-0.743675,ECU,DEU,846390
10531592,68,61,9134,2010,0.0,62331.0,-0.181826,1.409465,EGY,DEU,846390
10531593,71,61,9134,2010,1380156.0,3289918.0,0.832619,2.448009,ESP,DEU,846390
10531594,72,61,9134,2010,0.0,57478.0,0.832316,1.1844649999999999,EST,DEU,846390
10531595,73,61,9134,2010,0.0,10917.0,-1.122906,-0.840777,ETH,DEU,846390
10531596,74,61,9134,2010,0.0,317171.0,1.745464,0.897992,FIN,DEU,846390
10531597,77,61,9134,2010,1167064.0,8481505.0,1.530027,-0.052557000000000006,FRA,DEU,846390
10531598,80,61,9134,2010,0.0,27469.0,-1.707175,-1.167635,GAB,DEU,846390
10531599,81,61,9134,2010,2584729.0,3423940.0,1.828224,0.386383,GBR,DEU,846390
10531600,83,61,9134,2010,0.0,1201.0,-0.835003,-0.633731,GHA,DEU,846390
10531601,90,61,9134,2010,34018.0,178191.0,0.200249,1.4640090000000001,GRC,DEU,846390
10531602,93,61,9134,2010,0.0,6875.0,-0.39034,0.743521,GTM,DEU,846390
10531603,97,61,9134,2010,5734.0,335667.0,0.715745,1.9780259999999998,HKG,DEU,846390
10531604,100,61,9134,2010,2067.0,47935.0,0.8276979999999999,0.97415,HRV,DEU,846390
10531605,102,61,9134,2010,595921.0,3792362.0,1.514225,0.740341,HUN,DEU,846390
10531606,103,61,9134,2010,0.0,28272.0,-0.30878099999999997,1.07069,IDN,DEU,846390
10531607,104,61,9134,2010,5170.0,3345790.0,0.14485599999999998,2.408913,IND,DEU,846390
10531608,106,61,9134,2010,0.0,4111.0,1.371357,0.168795,IRL,DEU,846390
10531609,107,61,9134,2010,0.0,4264924.0,-0.609874,-0.744733,IRN,DEU,846390
10531610,109,61,9134,2010,0.0,9212.0,0.20822100000000002,-0.318294,ISL,DEU,846390
10531611,110,61,9134,2010,0.0,6631.0,1.215834,0.7028340000000001,ISR,DEU,846390
10531612,111,61,9134,2010,13860719.0,4918564.0,1.272385,0.545721,ITA,DEU,846390
10531613,114,61,9134,2010,1595023.0,3512545.0,2.459723,-0.279387,JPN,DEU,846390
10531614,115,61,9134,2010,0.0,1722.0,-0.6278020000000001,-0.8419760000000001,KAZ,DEU,846390
10531615,116,61,9134,2010,0.0,22265.0,-0.387187,1.010443,KEN,DEU,846390
10531616,121,61,9134,2010,1158324.0,9408381.0,1.7118849999999999,0.762362,KOR,DEU,846390
10531617,122,61,9134,2010,0.0,19234.0,0.067373,-1.0822120000000002,KWT,DEU,846390
10531618,124,61,9134,2010,0.0,16984.0,0.415854,1.424085,LBN,DEU,846390
10531619,126,61,9134,2010,0.0,9018.0,-0.706491,-1.140822,LBY,DEU,846390
10531620,128,61,9134,2010,0.0,35786.0,-0.70886,0.25216700000000003,LKA,DEU,846390
10531621,130,61,9134,2010,0.0,16126.0,0.6390600000000001,1.144911,LTU,DEU,846390
10531622,131,61,9134,2010,0.0,16365.0,1.272127,1.1051520000000001,LUX,DEU,846390
10531623,134,61,9134,2010,0.0,51392.0,-0.5935229999999999,-0.056497000000000006,MAR,DEU,846390
10531624,138,61,9134,2010,205248.0,6848520.0,1.132664,0.675756,MEX,DEU,846390
10531625,140,61,9134,2010,1342.0,0.0,-0.122842,0.407017,MKD,DEU,846390
10531626,144,61,9134,2010,0.0,6166.0,0.266397,-0.02502,MNE,DEU,846390
10531627,151,61,9134,2010,0.0,27535.0,-0.173542,0.103727,MUS,DEU,846390
10531628,153,61,9134,2010,48711.0,23468.0,0.9530780000000001,0.607456,MYS,DEU,846390
10531629,162,61,9134,2010,222664.0,2284210.0,1.237998,1.1891209999999999,NLD,DEU,846390
10531630,163,61,9134,2010,1245.0,185107.0,0.865676,0.138757,NOR,DEU,846390
10531631,166,61,9134,2010,0.0,259040.0,0.36828299999999997,0.574574,NZL,DEU,846390
10531632,168,61,9134,2010,25703.0,0.0,-0.692071,0.5409010000000001,PAK,DEU,846390
10531633,169,61,9134,2010,0.0,25160.0,0.617867,0.903432,PAN,DEU,846390
10531634,173,61,9134,2010,3658.0,4789.0,-0.650327,0.162321,PER,DEU,846390
10531635,174,61,9134,2010,0.0,2925.0,0.40418899999999996,0.102497,PHL,DEU,846390
10531636,176,61,9134,2010,0.0,6418.0,-1.725138,-1.195622,PNG,DEU,846390
10531637,177,61,9134,2010,350699.0,2282533.0,1.083552,1.1433719999999998,POL,DEU,846390
10531638,179,61,9134,2010,0.0,1656601.0,0.551149,2.437209,PRT,DEU,846390
10531639,180,61,9134,2010,0.0,1894.0,-0.553805,-0.8699450000000001,PRY,DEU,846390
10531640,183,61,9134,2010,0.0,42223.0,-0.346143,-1.078192,QAT,DEU,846390
10531641,185,61,9134,2010,21155.0,287052.0,0.6483760000000001,1.200256,ROU,DEU,846390
10531642,186,61,9134,2010,34228.0,15950042.0,0.583996,-0.223881,RUS,DEU,846390
10531643,187,61,9134,2010,0.0,1454.0,-0.6033350000000001,-0.524881,RWA,DEU,846390
10531644,188,61,9134,2010,1841.0,453964.0,0.46696400000000005,-0.7487520000000001,SAU,DEU,846390
10531645,192,61,9134,2010,17541.0,27748.0,1.8441349999999999,0.570311,SGP,DEU,846390
10531646,197,61,9134,2010,0.0,893.0,-0.101434,0.132639,SLV,DEU,846390
10531647,201,61,9134,2010,0.0,193362.0,0.561161,1.33974,SRB,DEU,846390
10531648,206,61,9134,2010,19472.0,1532294.0,1.278601,0.726907,SVK,DEU,846390
10531649,207,61,9134,2010,0.0,1026450.0,1.595473,0.7023020000000001,SVN,DEU,846390
10531650,208,61,9134,2010,57743.0,1032174.0,1.882239,0.397927,SWE,DEU,846390
10531651,212,61,9134,2010,0.0,4529.0,-0.46833800000000003,1.11952,SYR,DEU,846390
10531652,216,61,9134,2010,1769.0,1073458.0,0.748328,1.425224,THA,DEU,846390
10531653,223,61,9134,2010,0.0,108566.0,0.165019,0.8882059999999999,TUN,DEU,846390
10531654,224,61,9134,2010,287427.0,9999724.0,0.359977,2.471173,TUR,DEU,846390
10531655,228,61,9134,2010,0.0,233659.0,0.714148,0.916267,UKR,DEU,846390
10531656,230,61,9134,2010,0.0,1083.0,0.217246,-0.079733,URY,DEU,846390
10531657,231,61,9134,2010,3632422.0,8017432.0,1.67573,-0.598165,USA,DEU,846390
10531658,232,61,9134,2010,0.0,1176130.0,-0.704097,-0.655055,UZB,DEU,846390
10531659,236,61,9134,2010,0.0,61860.0,-0.660844,-1.145133,VEN,DEU,846390
10531660,239,61,9134,2010,80016.0,839785.0,-0.24660500000000002,1.427235,VNM,DEU,846390
10531661,246,61,9134,2010,12540.0,459240.0,0.327326,1.513598,ZAF,DEU,846390
10531662,249,61,9134,2010,809902.0,68279.0,1.766729,0.909335,TWN,DEU,846390
10531663,14,64,9134,2010,0.0,3065.0,-0.276442,0.062023,AUS,DNK,846390
10531664,15,64,9134,2010,0.0,11284.0,1.724315,-0.29379099999999997,AUT,DNK,846390
10531665,18,64,9134,2010,20035.0,111096.0,1.2224270000000002,1.1276,BEL,DNK,846390
10531666,39,64,9134,2010,0.0,19735.0,0.752421,1.2208510000000001,CAN,DNK,846390
10531667,41,64,9134,2010,83050.0,0.0,2.1492080000000002,0.556424,CHE,DNK,846390
10531668,42,64,9134,2010,0.0,3445.0,-0.34914,-0.459395,CHL,DNK,846390
10531669,43,64,9134,2010,3926.0,47343.0,0.922493,2.0176,CHN,DNK,846390
10531670,59,64,9134,2010,0.0,12467.0,1.732044,0.333934,CZE,DNK,846390
10531671,61,64,9134,2010,724078.0,1001.0,2.035672,-3.383322,DEU,DNK,846390
10531672,74,64,9134,2010,0.0,23071.0,1.745464,0.897992,FIN,DNK,846390
10531673,77,64,9134,2010,11452.0,0.0,1.530027,-0.052557000000000006,FRA,DNK,846390
10531674,81,64,9134,2010,18485.0,0.0,1.828224,0.386383,GBR,DNK,846390
10531675,90,64,9134,2010,0.0,12862.0,0.200249,1.4640090000000001,GRC,DNK,846390
10531676,100,64,9134,2010,120205.0,0.0,0.8276979999999999,0.97415,HRV,DNK,846390
10531677,102,64,9134,2010,7760.0,0.0,1.514225,0.740341,HUN,DNK,846390
10531678,103,64,9134,2010,0.0,1048.0,-0.30878099999999997,1.07069,IDN,DNK,846390
10531679,111,64,9134,2010,36192.0,136516.0,1.272385,0.545721,ITA,DNK,846390
10531680,124,64,9134,2010,0.0,1909.0,0.415854,1.424085,LBN,DNK,846390
10531681,138,64,9134,2010,0.0,154721.0,1.132664,0.675756,MEX,DNK,846390
10531682,151,64,9134,2010,0.0,54905.0,-0.173542,0.103727,MUS,DNK,846390
10531683,162,64,9134,2010,6903.0,26676.0,1.237998,1.1891209999999999,NLD,DNK,846390
10531684,163,64,9134,2010,1046.0,36600.0,0.865676,0.138757,NOR,DNK,846390
10531685,185,64,9134,2010,0.0,22995.0,0.6483760000000001,1.200256,ROU,DNK,846390
10531686,192,64,9134,2010,0.0,4367.0,1.8441349999999999,0.570311,SGP,DNK,846390
10531687,208,64,9134,2010,1596.0,69435.0,1.882239,0.397927,SWE,DNK,846390
10531688,231,64,9134,2010,121243.0,0.0,1.67573,-0.598165,USA,DNK,846390
10531689,249,64,9134,2010,13751.0,0.0,1.766729,0.909335,TWN,DNK,846390
10531690,13,65,9134,2010,8452.0,0.0,1.2153129999999999,0.955838,ATG,DOM,846390
10531691,43,65,9134,2010,16438.0,0.0,0.922493,2.0176,CHN,DOM,846390
10531692,111,65,9134,2010,2161.0,0.0,1.272385,0.545721,ITA,DOM,846390
10531693,169,65,9134,2010,0.0,2817.0,0.617867,0.903432,PAN,DOM,846390
10531694,173,65,9134,2010,6387.0,0.0,-0.650327,0.162321,PER,DOM,846390
10531695,231,65,9134,2010,62508.0,0.0,1.67573,-0.598165,USA,DOM,846390
10531696,249,65,9134,2010,1487.0,0.0,1.766729,0.909335,TWN,DOM,846390
10531697,8,67,9134,2010,3603.0,0.0,0.27458899999999997,0.597907,ARG,ECU,846390
10531698,42,67,9134,2010,137935.0,0.0,-0.34914,-0.459395,CHL,ECU,846390
10531699,43,67,9134,2010,52969.0,37482.0,0.922493,2.0176,CHN,ECU,846390
10531700,49,67,9134,2010,70010.0,0.0,0.097222,-0.064328,COL,ECU,846390
10531701,61,67,9134,2010,2924.0,0.0,2.035672,-3.383322,DEU,ECU,846390
10531702,71,67,9134,2010,724727.0,0.0,0.832619,2.448009,ESP,ECU,846390
10531703,81,67,9134,2010,8264.0,0.0,1.828224,0.386383,GBR,ECU,846390
10531704,97,67,9134,2010,993.0,0.0,0.715745,1.9780259999999998,HKG,ECU,846390
10531705,104,67,9134,2010,1062.0,0.0,0.14485599999999998,2.408913,IND,ECU,846390
10531706,111,67,9134,2010,108160.0,0.0,1.272385,0.545721,ITA,ECU,846390
10531707,121,67,9134,2010,23663.0,0.0,1.7118849999999999,0.762362,KOR,ECU,846390
10531708,169,67,9134,2010,0.0,15864.0,0.617867,0.903432,PAN,ECU,846390
10531709,231,67,9134,2010,119205.0,0.0,1.67573,-0.598165,USA,ECU,846390
10531710,249,67,9134,2010,69726.0,0.0,1.766729,0.909335,TWN,ECU,846390
10531711,5,71,9134,2010,0.0,331233.0,0.8963620000000001,0.7650399999999999,AND,ESP,846390
10531712,7,71,9134,2010,0.0,349752.0,0.29457,-0.196371,ARE,ESP,846390
10531713,8,71,9134,2010,0.0,7333.0,0.27458899999999997,0.597907,ARG,ESP,846390
10531714,14,71,9134,2010,0.0,74938.0,-0.276442,0.062023,AUS,ESP,846390
10531715,15,71,9134,2010,0.0,53830.0,1.724315,-0.29379099999999997,AUT,ESP,846390
10531716,18,71,9134,2010,128329.0,18089.0,1.2224270000000002,1.1276,BEL,ESP,846390
10531717,23,71,9134,2010,0.0,1076.0,0.44973,1.445441,BGR,ESP,846390
10531718,26,71,9134,2010,44790.0,0.0,0.462275,0.830405,BIH,ESP,846390
10531719,28,71,9134,2010,0.0,5288.0,0.969851,0.593386,BLR,ESP,846390
10531720,31,71,9134,2010,0.0,53923.0,-0.83736,-0.812473,BOL,ESP,846390
10531721,32,71,9134,2010,0.0,25879.0,0.40715500000000004,0.6208100000000001,BRA,ESP,846390
10531722,39,71,9134,2010,20912.0,168594.0,0.752421,1.2208510000000001,CAN,ESP,846390
10531723,41,71,9134,2010,839654.0,5653.0,2.1492080000000002,0.556424,CHE,ESP,846390
10531724,42,71,9134,2010,3649.0,70879.0,-0.34914,-0.459395,CHL,ESP,846390
10531725,43,71,9134,2010,225716.0,151644.0,0.922493,2.0176,CHN,ESP,846390
10531726,49,71,9134,2010,0.0,55736.0,0.097222,-0.064328,COL,ESP,846390
10531727,52,71,9134,2010,0.0,4445.0,-0.122722,-0.7062069999999999,CRI,ESP,846390
10531728,58,71,9134,2010,0.0,5790.0,0.8776450000000001,0.568389,CYP,ESP,846390
10531729,59,71,9134,2010,0.0,30147.0,1.732044,0.333934,CZE,ESP,846390
10531730,61,71,9134,2010,3289918.0,1380156.0,2.035672,-3.383322,DEU,ESP,846390
10531731,66,71,9134,2010,0.0,14640.0,-1.00922,-1.1511040000000001,DZA,ESP,846390
10531732,67,71,9134,2010,0.0,724727.0,-0.584013,-0.743675,ECU,ESP,846390
10531733,74,71,9134,2010,0.0,16282.0,1.745464,0.897992,FIN,ESP,846390
10531734,77,71,9134,2010,51414.0,212967.0,1.530027,-0.052557000000000006,FRA,ESP,846390
10531735,81,71,9134,2010,39736.0,139747.0,1.828224,0.386383,GBR,ESP,846390
10531736,90,71,9134,2010,0.0,7182.0,0.200249,1.4640090000000001,GRC,ESP,846390
10531737,93,71,9134,2010,0.0,1122.0,-0.39034,0.743521,GTM,ESP,846390
10531738,102,71,9134,2010,0.0,14423.0,1.514225,0.740341,HUN,ESP,846390
10531739,104,71,9134,2010,3871.0,24016.0,0.14485599999999998,2.408913,IND,ESP,846390
10531740,106,71,9134,2010,0.0,11985.0,1.371357,0.168795,IRL,ESP,846390
10531741,107,71,9134,2010,0.0,250629.0,-0.609874,-0.744733,IRN,ESP,846390
10531742,110,71,9134,2010,30549.0,0.0,1.215834,0.7028340000000001,ISR,ESP,846390
10531743,111,71,9134,2010,1740741.0,210234.0,1.272385,0.545721,ITA,ESP,846390
10531744,113,71,9134,2010,0.0,13933.0,0.251702,0.522758,JOR,ESP,846390
10531745,114,71,9134,2010,33836.0,160354.0,2.459723,-0.279387,JPN,ESP,846390
10531746,121,71,9134,2010,26762.0,0.0,1.7118849999999999,0.762362,KOR,ESP,846390
10531747,130,71,9134,2010,0.0,88899.0,0.6390600000000001,1.144911,LTU,ESP,846390
10531748,134,71,9134,2010,3053.0,200565.0,-0.5935229999999999,-0.056497000000000006,MAR,ESP,846390
10531749,138,71,9134,2010,0.0,501738.0,1.132664,0.675756,MEX,ESP,846390
10531750,153,71,9134,2010,0.0,55756.0,0.9530780000000001,0.607456,MYS,ESP,846390
10531751,162,71,9134,2010,22332.0,0.0,1.237998,1.1891209999999999,NLD,ESP,846390
10531752,167,71,9134,2010,0.0,22033.0,-0.487612,-0.9551379999999999,OMN,ESP,846390
10531753,168,71,9134,2010,0.0,43901.0,-0.692071,0.5409010000000001,PAK,ESP,846390
10531754,169,71,9134,2010,0.0,24763.0,0.617867,0.903432,PAN,ESP,846390
10531755,173,71,9134,2010,0.0,30885.0,-0.650327,0.162321,PER,ESP,846390
10531756,177,71,9134,2010,0.0,109452.0,1.083552,1.1433719999999998,POL,ESP,846390
10531757,179,71,9134,2010,3559.0,543414.0,0.551149,2.437209,PRT,ESP,846390
10531758,183,71,9134,2010,0.0,51428.0,-0.346143,-1.078192,QAT,ESP,846390
10531759,186,71,9134,2010,0.0,85618.0,0.583996,-0.223881,RUS,ESP,846390
10531760,192,71,9134,2010,0.0,4593.0,1.8441349999999999,0.570311,SGP,ESP,846390
10531761,197,71,9134,2010,0.0,1374.0,-0.101434,0.132639,SLV,ESP,846390
10531762,201,71,9134,2010,0.0,24934.0,0.561161,1.33974,SRB,ESP,846390
10531763,206,71,9134,2010,0.0,7541.0,1.278601,0.726907,SVK,ESP,846390
10531764,207,71,9134,2010,0.0,13957.0,1.595473,0.7023020000000001,SVN,ESP,846390
10531765,208,71,9134,2010,0.0,75572.0,1.882239,0.397927,SWE,ESP,846390
10531766,216,71,9134,2010,0.0,139412.0,0.748328,1.425224,THA,ESP,846390
10531767,223,71,9134,2010,0.0,55368.0,0.165019,0.8882059999999999,TUN,ESP,846390
10531768,224,71,9134,2010,337292.0,222289.0,0.359977,2.471173,TUR,ESP,846390
10531769,231,71,9134,2010,355503.0,682097.0,1.67573,-0.598165,USA,ESP,846390
10531770,236,71,9134,2010,11677.0,15788.0,-0.660844,-1.145133,VEN,ESP,846390
10531771,239,71,9134,2010,0.0,84674.0,-0.24660500000000002,1.427235,VNM,ESP,846390
10531772,246,71,9134,2010,0.0,2710.0,0.327326,1.513598,ZAF,ESP,846390
10531773,249,71,9134,2010,28086.0,0.0,1.766729,0.909335,TWN,ESP,846390
10531774,250,71,9134,2010,18861.0,0.0,0.45129600000000003,-0.223517,ANS,ESP,846390
10531775,7,74,9134,2010,0.0,1195.0,0.29457,-0.196371,ARE,FIN,846390
10531776,14,74,9134,2010,0.0,87446.0,-0.276442,0.062023,AUS,FIN,846390
10531777,18,74,9134,2010,11557.0,38544.0,1.2224270000000002,1.1276,BEL,FIN,846390
10531778,39,74,9134,2010,19224.0,16028.0,0.752421,1.2208510000000001,CAN,FIN,846390
10531779,41,74,9134,2010,112218.0,6042.0,2.1492080000000002,0.556424,CHE,FIN,846390
10531780,43,74,9134,2010,85109.0,264786.0,0.922493,2.0176,CHN,FIN,846390
10531781,49,74,9134,2010,0.0,2918.0,0.097222,-0.064328,COL,FIN,846390
10531782,61,74,9134,2010,317171.0,0.0,2.035672,-3.383322,DEU,FIN,846390
10531783,64,74,9134,2010,23071.0,0.0,1.082468,1.280759,DNK,FIN,846390
10531784,71,74,9134,2010,16282.0,0.0,0.832619,2.448009,ESP,FIN,846390
10531785,72,74,9134,2010,0.0,23269.0,0.832316,1.1844649999999999,EST,FIN,846390
10531786,77,74,9134,2010,5041.0,232265.0,1.530027,-0.052557000000000006,FRA,FIN,846390
10531787,81,74,9134,2010,262950.0,12825.0,1.828224,0.386383,GBR,FIN,846390
10531788,100,74,9134,2010,0.0,387907.0,0.8276979999999999,0.97415,HRV,FIN,846390
10531789,104,74,9134,2010,0.0,1212.0,0.14485599999999998,2.408913,IND,FIN,846390
10531790,110,74,9134,2010,5277.0,0.0,1.215834,0.7028340000000001,ISR,FIN,846390
10531791,111,74,9134,2010,468025.0,0.0,1.272385,0.545721,ITA,FIN,846390
10531792,114,74,9134,2010,0.0,17113.0,2.459723,-0.279387,JPN,FIN,846390
10531793,121,74,9134,2010,0.0,13333.0,1.7118849999999999,0.762362,KOR,FIN,846390
10531794,130,74,9134,2010,0.0,36908.0,0.6390600000000001,1.144911,LTU,FIN,846390
10531795,138,74,9134,2010,0.0,139857.0,1.132664,0.675756,MEX,FIN,846390
10531796,162,74,9134,2010,2574.0,0.0,1.237998,1.1891209999999999,NLD,FIN,846390
10531797,166,74,9134,2010,0.0,56154.0,0.36828299999999997,0.574574,NZL,FIN,846390
10531798,177,74,9134,2010,0.0,1653.0,1.083552,1.1433719999999998,POL,FIN,846390
10531799,186,74,9134,2010,0.0,823779.0,0.583996,-0.223881,RUS,FIN,846390
10531800,188,74,9134,2010,0.0,96129.0,0.46696400000000005,-0.7487520000000001,SAU,FIN,846390
10531801,197,74,9134,2010,0.0,5987.0,-0.101434,0.132639,SLV,FIN,846390
10531802,208,74,9134,2010,1654.0,0.0,1.882239,0.397927,SWE,FIN,846390
10531803,216,74,9134,2010,0.0,20786.0,0.748328,1.425224,THA,FIN,846390
10531804,231,74,9134,2010,86657.0,875570.0,1.67573,-0.598165,USA,FIN,846390
10531805,249,74,9134,2010,1777.0,0.0,1.766729,0.909335,TWN,FIN,846390
10531806,2,77,9134,2010,0.0,29566.0,-1.3711010000000001,-1.170608,AGO,FRA,846390
10531807,5,77,9134,2010,0.0,19558.0,0.8963620000000001,0.7650399999999999,AND,FRA,846390
10531808,8,77,9134,2010,0.0,11272.0,0.27458899999999997,0.597907,ARG,FRA,846390
10531809,14,77,9134,2010,0.0,11144.0,-0.276442,0.062023,AUS,FRA,846390
10531810,15,77,9134,2010,2547.0,17937.0,1.724315,-0.29379099999999997,AUT,FRA,846390
10531811,18,77,9134,2010,271926.0,588440.0,1.2224270000000002,1.1276,BEL,FRA,846390
10531812,23,77,9134,2010,0.0,220232.0,0.44973,1.445441,BGR,FRA,846390
10531813,28,77,9134,2010,0.0,16349.0,0.969851,0.593386,BLR,FRA,846390
10531814,32,77,9134,2010,69643.0,484198.0,0.40715500000000004,0.6208100000000001,BRA,FRA,846390
10531815,39,77,9134,2010,13429.0,611917.0,0.752421,1.2208510000000001,CAN,FRA,846390
10531816,41,77,9134,2010,2291616.0,602764.0,2.1492080000000002,0.556424,CHE,FRA,846390
10531817,42,77,9134,2010,0.0,61148.0,-0.34914,-0.459395,CHL,FRA,846390
10531818,43,77,9134,2010,55011.0,1282038.0,0.922493,2.0176,CHN,FRA,846390
10531819,44,77,9134,2010,0.0,39356.0,-1.256641,-0.946767,CIV,FRA,846390
10531820,47,77,9134,2010,0.0,37829.0,-1.536434,-1.175338,COG,FRA,846390
10531821,59,77,9134,2010,0.0,22012.0,1.732044,0.333934,CZE,FRA,846390
10531822,61,77,9134,2010,8481505.0,1167064.0,2.035672,-3.383322,DEU,FRA,846390
10531823,64,77,9134,2010,0.0,11452.0,1.082468,1.280759,DNK,FRA,846390
10531824,66,77,9134,2010,0.0,176345.0,-1.00922,-1.1511040000000001,DZA,FRA,846390
10531825,71,77,9134,2010,212967.0,51414.0,0.832619,2.448009,ESP,FRA,846390
10531826,74,77,9134,2010,232265.0,5041.0,1.745464,0.897992,FIN,FRA,846390
10531827,80,77,9134,2010,0.0,3977.0,-1.707175,-1.167635,GAB,FRA,846390
10531828,81,77,9134,2010,169425.0,57301.0,1.828224,0.386383,GBR,FRA,846390
10531829,89,77,9134,2010,0.0,18558.0,-1.077402,-0.86556,GNQ,FRA,846390
10531830,97,77,9134,2010,0.0,7848.0,0.715745,1.9780259999999998,HKG,FRA,846390
10531831,100,77,9134,2010,0.0,9916.0,0.8276979999999999,0.97415,HRV,FRA,846390
10531832,102,77,9134,2010,249491.0,3859.0,1.514225,0.740341,HUN,FRA,846390
10531833,104,77,9134,2010,28843.0,257711.0,0.14485599999999998,2.408913,IND,FRA,846390
10531834,106,77,9134,2010,3870.0,0.0,1.371357,0.168795,IRL,FRA,846390
10531835,107,77,9134,2010,0.0,14072.0,-0.609874,-0.744733,IRN,FRA,846390
10531836,111,77,9134,2010,5697043.0,245854.0,1.272385,0.545721,ITA,FRA,846390
10531837,113,77,9134,2010,0.0,4963.0,0.251702,0.522758,JOR,FRA,846390
10531838,114,77,9134,2010,663321.0,19158.0,2.459723,-0.279387,JPN,FRA,846390
10531839,115,77,9134,2010,0.0,9776.0,-0.6278020000000001,-0.8419760000000001,KAZ,FRA,846390
10531840,121,77,9134,2010,4173.0,79235.0,1.7118849999999999,0.762362,KOR,FRA,846390
10531841,122,77,9134,2010,0.0,88681.0,0.067373,-1.0822120000000002,KWT,FRA,846390
10531842,130,77,9134,2010,0.0,23419.0,0.6390600000000001,1.144911,LTU,FRA,846390
10531843,132,77,9134,2010,0.0,243522.0,0.6158170000000001,1.1401059999999998,LVA,FRA,846390
10531844,134,77,9134,2010,57973.0,841876.0,-0.5935229999999999,-0.056497000000000006,MAR,FRA,846390
10531845,138,77,9134,2010,0.0,348608.0,1.132664,0.675756,MEX,FRA,846390
10531846,141,77,9134,2010,0.0,1148.0,-0.585496,-0.655841,MLI,FRA,846390
10531847,151,77,9134,2010,0.0,3855.0,-0.173542,0.103727,MUS,FRA,846390
10531848,153,77,9134,2010,0.0,197897.0,0.9530780000000001,0.607456,MYS,FRA,846390
10531849,157,77,9134,2010,0.0,942.0,-0.829902,-0.826152,NER,FRA,846390
10531850,159,77,9134,2010,0.0,36024.0,-1.887084,-1.2280229999999999,NGA,FRA,846390
10531851,162,77,9134,2010,130310.0,690446.0,1.237998,1.1891209999999999,NLD,FRA,846390
10531852,163,77,9134,2010,0.0,2087.0,0.865676,0.138757,NOR,FRA,846390
10531853,166,77,9134,2010,0.0,63070.0,0.36828299999999997,0.574574,NZL,FRA,846390
10531854,168,77,9134,2010,0.0,67611.0,-0.692071,0.5409010000000001,PAK,FRA,846390
10531855,173,77,9134,2010,0.0,1731.0,-0.650327,0.162321,PER,FRA,846390
10531856,177,77,9134,2010,0.0,170944.0,1.083552,1.1433719999999998,POL,FRA,846390
10531857,182,77,9134,2010,0.0,5019.0,-0.47692700000000005,-0.8429760000000001,PYF,FRA,846390
10531858,183,77,9134,2010,0.0,69499.0,-0.346143,-1.078192,QAT,FRA,846390
10531859,185,77,9134,2010,0.0,1035065.0,0.6483760000000001,1.200256,ROU,FRA,846390
10531860,186,77,9134,2010,0.0,218476.0,0.583996,-0.223881,RUS,FRA,846390
10531861,188,77,9134,2010,0.0,105101.0,0.46696400000000005,-0.7487520000000001,SAU,FRA,846390
10531862,191,77,9134,2010,0.0,6365.0,-0.45445,-0.148149,SEN,FRA,846390
10531863,192,77,9134,2010,0.0,11720.0,1.8441349999999999,0.570311,SGP,FRA,846390
10531864,201,77,9134,2010,0.0,147123.0,0.561161,1.33974,SRB,FRA,846390
10531865,206,77,9134,2010,0.0,65855.0,1.278601,0.726907,SVK,FRA,846390
10531866,207,77,9134,2010,9096.0,1205.0,1.595473,0.7023020000000001,SVN,FRA,846390
10531867,208,77,9134,2010,5532120.0,89680.0,1.882239,0.397927,SWE,FRA,846390
10531868,211,77,9134,2010,0.0,1357.0,-0.075668,-0.549686,SYC,FRA,846390
10531869,215,77,9134,2010,0.0,6410.0,-0.943559,-0.884336,TGO,FRA,846390
10531870,216,77,9134,2010,0.0,29534.0,0.748328,1.425224,THA,FRA,846390
10531871,223,77,9134,2010,0.0,1091310.0,0.165019,0.8882059999999999,TUN,FRA,846390
10531872,224,77,9134,2010,25174.0,421145.0,0.359977,2.471173,TUR,FRA,846390
10531873,226,77,9134,2010,0.0,7176.0,-0.7327,0.427616,TZA,FRA,846390
10531874,228,77,9134,2010,0.0,11740.0,0.714148,0.916267,UKR,FRA,846390
10531875,231,77,9134,2010,473125.0,1014438.0,1.67573,-0.598165,USA,FRA,846390
10531876,249,77,9134,2010,114191.0,4998.0,1.766729,0.909335,TWN,FRA,846390
10531877,250,77,9134,2010,10109.0,76883.0,0.45129600000000003,-0.223517,ANS,FRA,846390
10531878,7,81,9134,2010,1681.0,6564.0,0.29457,-0.196371,ARE,GBR,846390
10531879,8,81,9134,2010,0.0,3964.0,0.27458899999999997,0.597907,ARG,GBR,846390
10531880,14,81,9134,2010,2258.0,141510.0,-0.276442,0.062023,AUS,GBR,846390
10531881,15,81,9134,2010,0.0,224205.0,1.724315,-0.29379099999999997,AUT,GBR,846390
10531882,18,81,9134,2010,1161735.0,70673.0,1.2224270000000002,1.1276,BEL,GBR,846390
10531883,23,81,9134,2010,0.0,29116.0,0.44973,1.445441,BGR,GBR,846390
10531884,24,81,9134,2010,0.0,95487.0,0.284356,-0.8362,BHR,GBR,846390
10531885,32,81,9134,2010,2576.0,45024.0,0.40715500000000004,0.6208100000000001,BRA,GBR,846390
10531886,37,81,9134,2010,0.0,53.0,-0.181373,-0.714376,BWA,GBR,846390
10531887,39,81,9134,2010,28384.0,227482.0,0.752421,1.2208510000000001,CAN,GBR,846390
10531888,41,81,9134,2010,492348.0,18932.0,2.1492080000000002,0.556424,CHE,GBR,846390
10531889,42,81,9134,2010,0.0,83475.0,-0.34914,-0.459395,CHL,GBR,846390
10531890,43,81,9134,2010,19055.0,419860.0,0.922493,2.0176,CHN,GBR,846390
10531891,49,81,9134,2010,0.0,136950.0,0.097222,-0.064328,COL,GBR,846390
10531892,59,81,9134,2010,0.0,2008.0,1.732044,0.333934,CZE,GBR,846390
10531893,61,81,9134,2010,3423940.0,2584729.0,2.035672,-3.383322,DEU,GBR,846390
10531894,64,81,9134,2010,0.0,18485.0,1.082468,1.280759,DNK,GBR,846390
10531895,66,81,9134,2010,0.0,10511.0,-1.00922,-1.1511040000000001,DZA,GBR,846390
10531896,67,81,9134,2010,0.0,8264.0,-0.584013,-0.743675,ECU,GBR,846390
10531897,68,81,9134,2010,0.0,30895.0,-0.181826,1.409465,EGY,GBR,846390
10531898,71,81,9134,2010,139747.0,39736.0,0.832619,2.448009,ESP,GBR,846390
10531899,74,81,9134,2010,12825.0,262950.0,1.745464,0.897992,FIN,GBR,846390
10531900,77,81,9134,2010,57301.0,169425.0,1.530027,-0.052557000000000006,FRA,GBR,846390
10531901,83,81,9134,2010,0.0,33095.0,-0.835003,-0.633731,GHA,GBR,846390
10531902,90,81,9134,2010,0.0,15272.0,0.200249,1.4640090000000001,GRC,GBR,846390
10531903,97,81,9134,2010,4394.0,38260.0,0.715745,1.9780259999999998,HKG,GBR,846390
10531904,100,81,9134,2010,19412.0,12244.0,0.8276979999999999,0.97415,HRV,GBR,846390
10531905,102,81,9134,2010,0.0,105070.0,1.514225,0.740341,HUN,GBR,846390
10531906,103,81,9134,2010,0.0,2520.0,-0.30878099999999997,1.07069,IDN,GBR,846390
10531907,104,81,9134,2010,30371.0,12100991.0,0.14485599999999998,2.408913,IND,GBR,846390
10531908,106,81,9134,2010,42353.0,120509.0,1.371357,0.168795,IRL,GBR,846390
10531909,107,81,9134,2010,0.0,5303.0,-0.609874,-0.744733,IRN,GBR,846390
10531910,110,81,9134,2010,9195.0,6551.0,1.215834,0.7028340000000001,ISR,GBR,846390
10531911,111,81,9134,2010,2181102.0,228430.0,1.272385,0.545721,ITA,GBR,846390
10531912,113,81,9134,2010,0.0,1104.0,0.251702,0.522758,JOR,GBR,846390
10531913,114,81,9134,2010,358742.0,7029.0,2.459723,-0.279387,JPN,GBR,846390
10531914,116,81,9134,2010,0.0,437939.0,-0.387187,1.010443,KEN,GBR,846390
10531915,121,81,9134,2010,13203.0,31413.0,1.7118849999999999,0.762362,KOR,GBR,846390
10531916,126,81,9134,2010,0.0,58185.0,-0.706491,-1.140822,LBY,GBR,846390
10531917,138,81,9134,2010,0.0,1106940.0,1.132664,0.675756,MEX,GBR,846390
10531918,142,81,9134,2010,0.0,2098.0,1.211797,-0.024923,MLT,GBR,846390
10531919,151,81,9134,2010,0.0,4194.0,-0.173542,0.103727,MUS,GBR,846390
10531920,153,81,9134,2010,0.0,130559.0,0.9530780000000001,0.607456,MYS,GBR,846390
10531921,162,81,9134,2010,2992.0,17394.0,1.237998,1.1891209999999999,NLD,GBR,846390
10531922,163,81,9134,2010,0.0,487945.0,0.865676,0.138757,NOR,GBR,846390
10531923,166,81,9134,2010,0.0,36737.0,0.36828299999999997,0.574574,NZL,GBR,846390
10531924,167,81,9134,2010,0.0,1452.0,-0.487612,-0.9551379999999999,OMN,GBR,846390
10531925,168,81,9134,2010,0.0,23751.0,-0.692071,0.5409010000000001,PAK,GBR,846390
10531926,173,81,9134,2010,0.0,1348.0,-0.650327,0.162321,PER,GBR,846390
10531927,174,81,9134,2010,0.0,28511.0,0.40418899999999996,0.102497,PHL,GBR,846390
10531928,177,81,9134,2010,0.0,450310.0,1.083552,1.1433719999999998,POL,GBR,846390
10531929,179,81,9134,2010,0.0,84439.0,0.551149,2.437209,PRT,GBR,846390
10531930,183,81,9134,2010,0.0,8169.0,-0.346143,-1.078192,QAT,GBR,846390
10531931,185,81,9134,2010,0.0,58749.0,0.6483760000000001,1.200256,ROU,GBR,846390
10531932,186,81,9134,2010,0.0,77958.0,0.583996,-0.223881,RUS,GBR,846390
10531933,188,81,9134,2010,0.0,152190.0,0.46696400000000005,-0.7487520000000001,SAU,GBR,846390
10531934,192,81,9134,2010,0.0,559297.0,1.8441349999999999,0.570311,SGP,GBR,846390
10531935,201,81,9134,2010,28614.0,0.0,0.561161,1.33974,SRB,GBR,846390
10531936,206,81,9134,2010,195202.0,2504460.0,1.278601,0.726907,SVK,GBR,846390
10531937,208,81,9134,2010,0.0,84127.0,1.882239,0.397927,SWE,GBR,846390
10531938,216,81,9134,2010,19640.0,17168.0,0.748328,1.425224,THA,GBR,846390
10531939,222,81,9134,2010,0.0,3073.0,-0.338123,-1.070239,TTO,GBR,846390
10531940,223,81,9134,2010,0.0,24455.0,0.165019,0.8882059999999999,TUN,GBR,846390
10531941,224,81,9134,2010,36270.0,45631.0,0.359977,2.471173,TUR,GBR,846390
10531942,226,81,9134,2010,0.0,2124.0,-0.7327,0.427616,TZA,GBR,846390
10531943,231,81,9134,2010,996451.0,1409212.0,1.67573,-0.598165,USA,GBR,846390
10531944,239,81,9134,2010,0.0,3092.0,-0.24660500000000002,1.427235,VNM,GBR,846390
10531945,246,81,9134,2010,3457.0,146226.0,0.327326,1.513598,ZAF,GBR,846390
10531946,249,81,9134,2010,68901.0,8674.0,1.766729,0.909335,TWN,GBR,846390
10531947,4,90,9134,2010,0.0,14201.0,-0.5316,-0.219561,ALB,GRC,846390
10531948,15,90,9134,2010,4010.0,0.0,1.724315,-0.29379099999999997,AUT,GRC,846390
10531949,18,90,9134,2010,148219.0,0.0,1.2224270000000002,1.1276,BEL,GRC,846390
10531950,23,90,9134,2010,3122.0,0.0,0.44973,1.445441,BGR,GRC,846390
10531951,43,90,9134,2010,187313.0,0.0,0.922493,2.0176,CHN,GRC,846390
10531952,58,90,9134,2010,3972.0,0.0,0.8776450000000001,0.568389,CYP,GRC,846390
10531953,59,90,9134,2010,102487.0,0.0,1.732044,0.333934,CZE,GRC,846390
10531954,61,90,9134,2010,178191.0,34018.0,2.035672,-3.383322,DEU,GRC,846390
10531955,64,90,9134,2010,12862.0,0.0,1.082468,1.280759,DNK,GRC,846390
10531956,66,90,9134,2010,0.0,4893.0,-1.00922,-1.1511040000000001,DZA,GRC,846390
10531957,71,90,9134,2010,7182.0,0.0,0.832619,2.448009,ESP,GRC,846390
10531958,81,90,9134,2010,15272.0,0.0,1.828224,0.386383,GBR,GRC,846390
10531959,111,90,9134,2010,2796343.0,92166.0,1.272385,0.545721,ITA,GRC,846390
10531960,140,90,9134,2010,0.0,2708.0,-0.122842,0.407017,MKD,GRC,846390
10531961,162,90,9134,2010,3615.0,0.0,1.237998,1.1891209999999999,NLD,GRC,846390
10531962,224,90,9134,2010,44052.0,0.0,0.359977,2.471173,TUR,GRC,846390
10531963,228,90,9134,2010,0.0,17187.0,0.714148,0.916267,UKR,GRC,846390
10531964,231,90,9134,2010,28272.0,8088.0,1.67573,-0.598165,USA,GRC,846390
10531965,249,90,9134,2010,62685.0,0.0,1.766729,0.909335,TWN,GRC,846390
10531966,43,93,9134,2010,4873.0,0.0,0.922493,2.0176,CHN,GTM,846390
10531967,49,93,9134,2010,0.0,847.0,0.097222,-0.064328,COL,GTM,846390
10531968,52,93,9134,2010,19543.0,38324.0,-0.122722,-0.7062069999999999,CRI,GTM,846390
10531969,61,93,9134,2010,6875.0,0.0,2.035672,-3.383322,DEU,GTM,846390
10531970,71,93,9134,2010,1122.0,0.0,0.832619,2.448009,ESP,GTM,846390
10531971,99,93,9134,2010,0.0,973.0,-0.569501,-0.153122,HND,GTM,846390
10531972,104,93,9134,2010,5991.0,0.0,0.14485599999999998,2.408913,IND,GTM,846390
10531973,111,93,9134,2010,15900.0,0.0,1.272385,0.545721,ITA,GTM,846390
10531974,121,93,9134,2010,17728.0,0.0,1.7118849999999999,0.762362,KOR,GTM,846390
10531975,138,93,9134,2010,16598.0,0.0,1.132664,0.675756,MEX,GTM,846390
10531976,169,93,9134,2010,20789.0,2615.0,0.617867,0.903432,PAN,GTM,846390
10531977,197,93,9134,2010,3828.0,5261.0,-0.101434,0.132639,SLV,GTM,846390
10531978,231,93,9134,2010,36494.0,0.0,1.67573,-0.598165,USA,GTM,846390
10531979,249,93,9134,2010,6472.0,0.0,1.766729,0.909335,TWN,GTM,846390
10531980,39,96,9134,2010,2035.0,0.0,0.752421,1.2208510000000001,CAN,GUY,846390
10531981,231,96,9134,2010,2277.0,1217.0,1.67573,-0.598165,USA,GUY,846390
10531982,14,97,9134,2010,14077.0,0.0,-0.276442,0.062023,AUS,HKG,846390
10531983,15,97,9134,2010,145613.0,0.0,1.724315,-0.29379099999999997,AUT,HKG,846390
10531984,41,97,9134,2010,389994.0,0.0,2.1492080000000002,0.556424,CHE,HKG,846390
10531985,42,97,9134,2010,0.0,1741.0,-0.34914,-0.459395,CHL,HKG,846390
10531986,43,97,9134,2010,416243.0,37409.0,0.922493,2.0176,CHN,HKG,846390
10531987,61,97,9134,2010,335667.0,5734.0,2.035672,-3.383322,DEU,HKG,846390
10531988,67,97,9134,2010,0.0,993.0,-0.584013,-0.743675,ECU,HKG,846390
10531989,77,97,9134,2010,7848.0,0.0,1.530027,-0.052557000000000006,FRA,HKG,846390
10531990,81,97,9134,2010,38260.0,4394.0,1.828224,0.386383,GBR,HKG,846390
10531991,103,97,9134,2010,0.0,140290.0,-0.30878099999999997,1.07069,IDN,HKG,846390
10531992,104,97,9134,2010,3910.0,49236.0,0.14485599999999998,2.408913,IND,HKG,846390
10531993,111,97,9134,2010,421407.0,30938.0,1.272385,0.545721,ITA,HKG,846390
10531994,113,97,9134,2010,0.0,8494.0,0.251702,0.522758,JOR,HKG,846390
10531995,114,97,9134,2010,1260018.0,21723.0,2.459723,-0.279387,JPN,HKG,846390
10531996,121,97,9134,2010,98505.0,0.0,1.7118849999999999,0.762362,KOR,HKG,846390
10531997,153,97,9134,2010,19464.0,80395.0,0.9530780000000001,0.607456,MYS,HKG,846390
10531998,169,97,9134,2010,0.0,4678.0,0.617867,0.903432,PAN,HKG,846390
10531999,177,97,9134,2010,26251.0,0.0,1.083552,1.1433719999999998,POL,HKG,846390
10532000,186,97,9134,2010,0.0,1578.0,0.583996,-0.223881,RUS,HKG,846390
10532001,192,97,9134,2010,677067.0,14746.0,1.8441349999999999,0.570311,SGP,HKG,846390
10532002,208,97,9134,2010,0.0,4062.0,1.882239,0.397927,SWE,HKG,846390
10532003,216,97,9134,2010,4568.0,5230.0,0.748328,1.425224,THA,HKG,846390
10532004,231,97,9134,2010,35286.0,0.0,1.67573,-0.598165,USA,HKG,846390
10532005,246,97,9134,2010,0.0,32351.0,0.327326,1.513598,ZAF,HKG,846390
10532006,249,97,9134,2010,1199289.0,258232.0,1.766729,0.909335,TWN,HKG,846390
10532007,43,99,9134,2010,5776.0,0.0,0.922493,2.0176,CHN,HND,846390
10532008,59,99,9134,2010,13524.0,0.0,1.732044,0.333934,CZE,HND,846390
10532009,93,99,9134,2010,973.0,0.0,-0.39034,0.743521,GTM,HND,846390
10532010,138,99,9134,2010,11469.0,0.0,1.132664,0.675756,MEX,HND,846390
10532011,208,99,9134,2010,162824.0,0.0,1.882239,0.397927,SWE,HND,846390
10532012,231,99,9134,2010,7588.0,0.0,1.67573,-0.598165,USA,HND,846390
10532013,249,99,9134,2010,139305.0,0.0,1.766729,0.909335,TWN,HND,846390
10532014,14,103,9134,2010,13173.0,8477.0,-0.276442,0.062023,AUS,IDN,846390
10532015,41,103,9134,2010,218181.0,0.0,2.1492080000000002,0.556424,CHE,IDN,846390
10532016,43,103,9134,2010,1760515.0,0.0,0.922493,2.0176,CHN,IDN,846390
10532017,61,103,9134,2010,28272.0,0.0,2.035672,-3.383322,DEU,IDN,846390
10532018,64,103,9134,2010,1048.0,0.0,1.082468,1.280759,DNK,IDN,846390
10532019,81,103,9134,2010,2520.0,0.0,1.828224,0.386383,GBR,IDN,846390
10532020,97,103,9134,2010,140290.0,0.0,0.715745,1.9780259999999998,HKG,IDN,846390
10532021,104,103,9134,2010,1881.0,0.0,0.14485599999999998,2.408913,IND,IDN,846390
10532022,111,103,9134,2010,33356.0,11188.0,1.272385,0.545721,ITA,IDN,846390
10532023,114,103,9134,2010,1970996.0,0.0,2.459723,-0.279387,JPN,IDN,846390
10532024,121,103,9134,2010,88180.0,91879.0,1.7118849999999999,0.762362,KOR,IDN,846390
10532025,153,103,9134,2010,531451.0,3731.0,0.9530780000000001,0.607456,MYS,IDN,846390
10532026,162,103,9134,2010,45097.0,0.0,1.237998,1.1891209999999999,NLD,IDN,846390
10532027,174,103,9134,2010,0.0,4925.0,0.40418899999999996,0.102497,PHL,IDN,846390
10532028,192,103,9134,2010,364837.0,4207.0,1.8441349999999999,0.570311,SGP,IDN,846390
10532029,208,103,9134,2010,26014.0,0.0,1.882239,0.397927,SWE,IDN,846390
10532030,216,103,9134,2010,454373.0,0.0,0.748328,1.425224,THA,IDN,846390
10532031,231,103,9134,2010,687150.0,0.0,1.67573,-0.598165,USA,IDN,846390
10532032,249,103,9134,2010,4361812.0,0.0,1.766729,0.909335,TWN,IDN,846390
10532033,1,104,9134,2010,0.0,1840.0,-0.054633,-0.102103,AFG,IND,846390
10532034,2,104,9134,2010,0.0,38808.0,-1.3711010000000001,-1.170608,AGO,IND,846390
10532035,7,104,9134,2010,15523.0,82277.0,0.29457,-0.196371,ARE,IND,846390
10532036,8,104,9134,2010,0.0,28305.0,0.27458899999999997,0.597907,ARG,IND,846390
10532037,14,104,9134,2010,25617.0,0.0,-0.276442,0.062023,AUS,IND,846390
10532038,15,104,9134,2010,55229.0,0.0,1.724315,-0.29379099999999997,AUT,IND,846390
10532039,18,104,9134,2010,213752.0,5295.0,1.2224270000000002,1.1276,BEL,IND,846390
10532040,22,104,9134,2010,0.0,376370.0,-0.974526,-0.76566,BGD,IND,846390
10532041,31,104,9134,2010,0.0,783.0,-0.83736,-0.812473,BOL,IND,846390
10532042,32,104,9134,2010,41831.0,23979.0,0.40715500000000004,0.6208100000000001,BRA,IND,846390
10532043,35,104,9134,2010,0.0,2256.0,-0.10866300000000001,-0.5950270000000001,BTN,IND,846390
10532044,39,104,9134,2010,2800.0,18439.0,0.752421,1.2208510000000001,CAN,IND,846390
10532045,41,104,9134,2010,317842.0,27768.0,2.1492080000000002,0.556424,CHE,IND,846390
10532046,42,104,9134,2010,110350.0,5898.0,-0.34914,-0.459395,CHL,IND,846390
10532047,43,104,9134,2010,4463552.0,10938.0,0.922493,2.0176,CHN,IND,846390
10532048,47,104,9134,2010,0.0,9242.0,-1.536434,-1.175338,COG,IND,846390
10532049,59,104,9134,2010,131127.0,10646.0,1.732044,0.333934,CZE,IND,846390
10532050,61,104,9134,2010,3345790.0,5170.0,2.035672,-3.383322,DEU,IND,846390
10532051,62,104,9134,2010,0.0,7401.0,-0.37501799999999996,-0.727603,DJI,IND,846390
10532052,66,104,9134,2010,0.0,7638.0,-1.00922,-1.1511040000000001,DZA,IND,846390
10532053,67,104,9134,2010,0.0,1062.0,-0.584013,-0.743675,ECU,IND,846390
10532054,68,104,9134,2010,0.0,47343.0,-0.181826,1.409465,EGY,IND,846390
10532055,71,104,9134,2010,24016.0,3871.0,0.832619,2.448009,ESP,IND,846390
10532056,73,104,9134,2010,0.0,23942.0,-1.122906,-0.840777,ETH,IND,846390
10532057,74,104,9134,2010,1212.0,0.0,1.745464,0.897992,FIN,IND,846390
10532058,75,104,9134,2010,0.0,4868.0,-0.603112,-0.29135500000000003,FJI,IND,846390
10532059,77,104,9134,2010,257711.0,28843.0,1.530027,-0.052557000000000006,FRA,IND,846390
10532060,81,104,9134,2010,12100991.0,30371.0,1.828224,0.386383,GBR,IND,846390
10532061,83,104,9134,2010,0.0,93111.0,-0.835003,-0.633731,GHA,IND,846390
10532062,93,104,9134,2010,0.0,5991.0,-0.39034,0.743521,GTM,IND,846390
10532063,97,104,9134,2010,49236.0,3910.0,0.715745,1.9780259999999998,HKG,IND,846390
10532064,102,104,9134,2010,197662.0,0.0,1.514225,0.740341,HUN,IND,846390
10532065,103,104,9134,2010,0.0,1881.0,-0.30878099999999997,1.07069,IDN,IND,846390
10532066,106,104,9134,2010,2676.0,0.0,1.371357,0.168795,IRL,IND,846390
10532067,107,104,9134,2010,0.0,96098.0,-0.609874,-0.744733,IRN,IND,846390
10532068,110,104,9134,2010,0.0,9962.0,1.215834,0.7028340000000001,ISR,IND,846390
10532069,111,104,9134,2010,4719778.0,18947.0,1.272385,0.545721,ITA,IND,846390
10532070,114,104,9134,2010,2822572.0,0.0,2.459723,-0.279387,JPN,IND,846390
10532071,116,104,9134,2010,17047.0,139820.0,-0.387187,1.010443,KEN,IND,846390
10532072,121,104,9134,2010,1582713.0,0.0,1.7118849999999999,0.762362,KOR,IND,846390
10532073,122,104,9134,2010,0.0,3514.0,0.067373,-1.0822120000000002,KWT,IND,846390
10532074,128,104,9134,2010,231868.0,108530.0,-0.70886,0.25216700000000003,LKA,IND,846390
10532075,134,104,9134,2010,0.0,19877.0,-0.5935229999999999,-0.056497000000000006,MAR,IND,846390
10532076,136,104,9134,2010,0.0,1583.0,-0.8737799999999999,-0.043717,MDG,IND,846390
10532077,138,104,9134,2010,0.0,84215.0,1.132664,0.675756,MEX,IND,846390
10532078,147,104,9134,2010,0.0,239075.0,-1.479855,-1.070518,MOZ,IND,846390
10532079,151,104,9134,2010,0.0,1043.0,-0.173542,0.103727,MUS,IND,846390
10532080,152,104,9134,2010,0.0,1245.0,-0.821839,-0.9153870000000001,MWI,IND,846390
10532081,153,104,9134,2010,297890.0,25293.0,0.9530780000000001,0.607456,MYS,IND,846390
10532082,159,104,9134,2010,0.0,282010.0,-1.887084,-1.2280229999999999,NGA,IND,846390
10532083,162,104,9134,2010,26203.0,0.0,1.237998,1.1891209999999999,NLD,IND,846390
10532084,164,104,9134,2010,0.0,98635.0,-0.23753400000000002,0.7957390000000001,NPL,IND,846390
10532085,167,104,9134,2010,1202.0,14759.0,-0.487612,-0.9551379999999999,OMN,IND,846390
10532086,168,104,9134,2010,138212.0,0.0,-0.692071,0.5409010000000001,PAK,IND,846390
10532087,173,104,9134,2010,0.0,1740.0,-0.650327,0.162321,PER,IND,846390
10532088,174,104,9134,2010,0.0,28921.0,0.40418899999999996,0.102497,PHL,IND,846390
10532089,176,104,9134,2010,0.0,5247.0,-1.725138,-1.195622,PNG,IND,846390
10532090,177,104,9134,2010,63185.0,52540.0,1.083552,1.1433719999999998,POL,IND,846390
10532091,178,104,9134,2010,138353.0,0.0,0.348511,0.466229,PRK,IND,846390
10532092,179,104,9134,2010,19258.0,0.0,0.551149,2.437209,PRT,IND,846390
10532093,180,104,9134,2010,0.0,30390.0,-0.553805,-0.8699450000000001,PRY,IND,846390
10532094,183,104,9134,2010,0.0,34063.0,-0.346143,-1.078192,QAT,IND,846390
10532095,185,104,9134,2010,29140.0,1645.0,0.6483760000000001,1.200256,ROU,IND,846390
10532096,186,104,9134,2010,0.0,6777.0,0.583996,-0.223881,RUS,IND,846390
10532097,188,104,9134,2010,0.0,100929.0,0.46696400000000005,-0.7487520000000001,SAU,IND,846390
10532098,190,104,9134,2010,0.0,151653.0,-1.9094669999999998,-1.271065,SDN,IND,846390
10532099,191,104,9134,2010,0.0,99503.0,-0.45445,-0.148149,SEN,IND,846390
10532100,192,104,9134,2010,468018.0,24770.0,1.8441349999999999,0.570311,SGP,IND,846390
10532101,201,104,9134,2010,0.0,719.0,0.561161,1.33974,SRB,IND,846390
10532102,208,104,9134,2010,187009.0,9916.0,1.882239,0.397927,SWE,IND,846390
10532103,212,104,9134,2010,0.0,54637.0,-0.46833800000000003,1.11952,SYR,IND,846390
10532104,215,104,9134,2010,0.0,28208.0,-0.943559,-0.884336,TGO,IND,846390
10532105,216,104,9134,2010,142441.0,57228.0,0.748328,1.425224,THA,IND,846390
10532106,224,104,9134,2010,2419.0,0.0,0.359977,2.471173,TUR,IND,846390
10532107,226,104,9134,2010,0.0,8821.0,-0.7327,0.427616,TZA,IND,846390
10532108,227,104,9134,2010,0.0,87149.0,-0.48061400000000004,0.187001,UGA,IND,846390
10532109,228,104,9134,2010,0.0,58096.0,0.714148,0.916267,UKR,IND,846390
10532110,230,104,9134,2010,0.0,9477.0,0.217246,-0.079733,URY,IND,846390
10532111,231,104,9134,2010,2737965.0,189609.0,1.67573,-0.598165,USA,IND,846390
10532112,236,104,9134,2010,7057.0,7736.0,-0.660844,-1.145133,VEN,IND,846390
10532113,239,104,9134,2010,282283.0,357021.0,-0.24660500000000002,1.427235,VNM,IND,846390
10532114,246,104,9134,2010,0.0,38888.0,0.327326,1.513598,ZAF,IND,846390
10532115,247,104,9134,2010,0.0,8619.0,-0.650686,-0.830332,ZMB,IND,846390
10532116,248,104,9134,2010,0.0,4389.0,-0.869909,-0.8233309999999999,ZWE,IND,846390
10532117,249,104,9134,2010,5550584.0,2810.0,1.766729,0.909335,TWN,IND,846390
10532118,250,104,9134,2010,1147.0,0.0,0.45129600000000003,-0.223517,ANS,IND,846390
10532119,1,107,9134,2010,0.0,13858.0,-0.054633,-0.102103,AFG,IRN,846390
10532120,7,107,9134,2010,28542.0,0.0,0.29457,-0.196371,ARE,IRN,846390
10532121,15,107,9134,2010,1539.0,0.0,1.724315,-0.29379099999999997,AUT,IRN,846390
10532122,41,107,9134,2010,848.0,0.0,2.1492080000000002,0.556424,CHE,IRN,846390
10532123,43,107,9134,2010,3840950.0,0.0,0.922493,2.0176,CHN,IRN,846390
10532124,59,107,9134,2010,2120.0,0.0,1.732044,0.333934,CZE,IRN,846390
10532125,61,107,9134,2010,4264924.0,0.0,2.035672,-3.383322,DEU,IRN,846390
10532126,71,107,9134,2010,250629.0,0.0,0.832619,2.448009,ESP,IRN,846390
10532127,77,107,9134,2010,14072.0,0.0,1.530027,-0.052557000000000006,FRA,IRN,846390
10532128,81,107,9134,2010,5303.0,0.0,1.828224,0.386383,GBR,IRN,846390
10532129,104,107,9134,2010,96098.0,0.0,0.14485599999999998,2.408913,IND,IRN,846390
10532130,108,107,9134,2010,0.0,5068.0,-2.1439150000000002,-0.913227,IRQ,IRN,846390
10532131,111,107,9134,2010,1735665.0,0.0,1.272385,0.545721,ITA,IRN,846390
10532132,114,107,9134,2010,789952.0,0.0,2.459723,-0.279387,JPN,IRN,846390
10532133,115,107,9134,2010,0.0,2602.0,-0.6278020000000001,-0.8419760000000001,KAZ,IRN,846390
10532134,121,107,9134,2010,383415.0,0.0,1.7118849999999999,0.762362,KOR,IRN,846390
10532135,153,107,9134,2010,18097.0,0.0,0.9530780000000001,0.607456,MYS,IRN,846390
10532136,217,107,9134,2010,0.0,20370.0,-1.054317,-1.074198,TJK,IRN,846390
10532137,219,107,9134,2010,0.0,6075.0,-1.161458,-1.191589,TKM,IRN,846390
10532138,224,107,9134,2010,286017.0,0.0,0.359977,2.471173,TUR,IRN,846390
10532139,232,107,9134,2010,0.0,4942.0,-0.704097,-0.655055,UZB,IRN,846390
10532140,249,107,9134,2010,577520.0,0.0,1.766729,0.909335,TWN,IRN,846390
10532141,18,110,9134,2010,381507.0,0.0,1.2224270000000002,1.1276,BEL,ISR,846390
10532142,41,110,9134,2010,2357.0,0.0,2.1492080000000002,0.556424,CHE,ISR,846390
10532143,43,110,9134,2010,47894.0,0.0,0.922493,2.0176,CHN,ISR,846390
10532144,52,110,9134,2010,0.0,3287.0,-0.122722,-0.7062069999999999,CRI,ISR,846390
10532145,61,110,9134,2010,6631.0,0.0,2.035672,-3.383322,DEU,ISR,846390
10532146,68,110,9134,2010,0.0,720.0,-0.181826,1.409465,EGY,ISR,846390
10532147,71,110,9134,2010,0.0,30549.0,0.832619,2.448009,ESP,ISR,846390
10532148,74,110,9134,2010,0.0,5277.0,1.745464,0.897992,FIN,ISR,846390
10532149,81,110,9134,2010,6551.0,9195.0,1.828224,0.386383,GBR,ISR,846390
10532150,104,110,9134,2010,9962.0,0.0,0.14485599999999998,2.408913,IND,ISR,846390
10532151,111,110,9134,2010,697049.0,9551.0,1.272385,0.545721,ITA,ISR,846390
10532152,121,110,9134,2010,0.0,39912.0,1.7118849999999999,0.762362,KOR,ISR,846390
10532153,162,110,9134,2010,8385.0,0.0,1.237998,1.1891209999999999,NLD,ISR,846390
10532154,179,110,9134,2010,62823.0,0.0,0.551149,2.437209,PRT,ISR,846390
10532155,224,110,9134,2010,5116.0,0.0,0.359977,2.471173,TUR,ISR,846390
10532156,231,110,9134,2010,127207.0,123778.0,1.67573,-0.598165,USA,ISR,846390
10532157,246,110,9134,2010,0.0,60387.0,0.327326,1.513598,ZAF,ISR,846390
10532158,249,110,9134,2010,13639.0,0.0,1.766729,0.909335,TWN,ISR,846390
10532159,2,111,9134,2010,0.0,659724.0,-1.3711010000000001,-1.170608,AGO,ITA,846390
10532160,4,111,9134,2010,0.0,177550.0,-0.5316,-0.219561,ALB,ITA,846390
10532161,6,111,9134,2010,0.0,3576.0,-0.08593200000000001,-0.691395,ANT,ITA,846390
10532162,7,111,9134,2010,7761.0,1858841.0,0.29457,-0.196371,ARE,ITA,846390
10532163,8,111,9134,2010,7390.0,622507.0,0.27458899999999997,0.597907,ARG,ITA,846390
10532164,9,111,9134,2010,0.0,89060.0,0.11632,-0.417048,ARM,ITA,846390
10532165,14,111,9134,2010,1407.0,1648647.0,-0.276442,0.062023,AUS,ITA,846390
10532166,15,111,9134,2010,57186.0,2457574.0,1.724315,-0.29379099999999997,AUT,ITA,846390
10532167,16,111,9134,2010,0.0,93884.0,-1.048424,-1.2030370000000001,AZE,ITA,846390
10532168,18,111,9134,2010,424767.0,395750.0,1.2224270000000002,1.1276,BEL,ITA,846390
10532169,19,111,9134,2010,0.0,3554.0,-1.0660120000000002,-0.9961190000000001,BEN,ITA,846390
10532170,21,111,9134,2010,0.0,1446.0,-0.625747,-0.700651,BFA,ITA,846390
10532171,22,111,9134,2010,0.0,22516.0,-0.974526,-0.76566,BGD,ITA,846390
10532172,23,111,9134,2010,1358.0,196389.0,0.44973,1.445441,BGR,ITA,846390
10532173,24,111,9134,2010,0.0,1388.0,0.284356,-0.8362,BHR,ITA,846390
10532174,26,111,9134,2010,3944.0,578383.0,0.462275,0.830405,BIH,ITA,846390
10532175,28,111,9134,2010,0.0,989526.0,0.969851,0.593386,BLR,ITA,846390
10532176,31,111,9134,2010,0.0,9471.0,-0.83736,-0.812473,BOL,ITA,846390
10532177,32,111,9134,2010,0.0,3157749.0,0.40715500000000004,0.6208100000000001,BRA,ITA,846390
10532178,39,111,9134,2010,0.0,101741.0,0.752421,1.2208510000000001,CAN,ITA,846390
10532179,41,111,9134,2010,2653661.0,4727805.0,2.1492080000000002,0.556424,CHE,ITA,846390
10532180,42,111,9134,2010,0.0,194517.0,-0.34914,-0.459395,CHL,ITA,846390
10532181,43,111,9134,2010,878539.0,4681782.0,0.922493,2.0176,CHN,ITA,846390
10532182,44,111,9134,2010,0.0,7769.0,-1.256641,-0.946767,CIV,ITA,846390
10532183,45,111,9134,2010,0.0,10076.0,-1.114209,-1.0127899999999999,CMR,ITA,846390
10532184,46,111,9134,2010,0.0,2517.0,-1.465101,-1.139909,COD,ITA,846390
10532185,47,111,9134,2010,0.0,97334.0,-1.536434,-1.175338,COG,ITA,846390
10532186,49,111,9134,2010,0.0,72650.0,0.097222,-0.064328,COL,ITA,846390
10532187,51,111,9134,2010,0.0,15736.0,0.140658,-0.527468,CPV,ITA,846390
10532188,52,111,9134,2010,0.0,7217.0,-0.122722,-0.7062069999999999,CRI,ITA,846390
10532189,54,111,9134,2010,0.0,124591.0,-0.085462,-0.885019,CUB,ITA,846390
10532190,58,111,9134,2010,0.0,3553630.0,0.8776450000000001,0.568389,CYP,ITA,846390
10532191,59,111,9134,2010,0.0,46671.0,1.732044,0.333934,CZE,ITA,846390
10532192,61,111,9134,2010,4918564.0,13860719.0,2.035672,-3.383322,DEU,ITA,846390
10532193,64,111,9134,2010,136516.0,36192.0,1.082468,1.280759,DNK,ITA,846390
10532194,65,111,9134,2010,0.0,2161.0,-0.245241,0.368626,DOM,ITA,846390
10532195,66,111,9134,2010,0.0,1964414.0,-1.00922,-1.1511040000000001,DZA,ITA,846390
10532196,67,111,9134,2010,0.0,108160.0,-0.584013,-0.743675,ECU,ITA,846390
10532197,68,111,9134,2010,0.0,3566384.0,-0.181826,1.409465,EGY,ITA,846390
10532198,71,111,9134,2010,210234.0,1740741.0,0.832619,2.448009,ESP,ITA,846390
10532199,72,111,9134,2010,0.0,313662.0,0.832316,1.1844649999999999,EST,ITA,846390
10532200,73,111,9134,2010,0.0,2018.0,-1.122906,-0.840777,ETH,ITA,846390
10532201,74,111,9134,2010,0.0,468025.0,1.745464,0.897992,FIN,ITA,846390
10532202,77,111,9134,2010,245854.0,5697043.0,1.530027,-0.052557000000000006,FRA,ITA,846390
10532203,80,111,9134,2010,0.0,13352.0,-1.707175,-1.167635,GAB,ITA,846390
10532204,81,111,9134,2010,228430.0,2181102.0,1.828224,0.386383,GBR,ITA,846390
10532205,83,111,9134,2010,0.0,34571.0,-0.835003,-0.633731,GHA,ITA,846390
10532206,89,111,9134,2010,0.0,55018.0,-1.077402,-0.86556,GNQ,ITA,846390
10532207,90,111,9134,2010,92166.0,2796343.0,0.200249,1.4640090000000001,GRC,ITA,846390
10532208,93,111,9134,2010,0.0,15900.0,-0.39034,0.743521,GTM,ITA,846390
10532209,97,111,9134,2010,30938.0,421407.0,0.715745,1.9780259999999998,HKG,ITA,846390
10532210,100,111,9134,2010,46793.0,154905.0,0.8276979999999999,0.97415,HRV,ITA,846390
10532211,102,111,9134,2010,0.0,179808.0,1.514225,0.740341,HUN,ITA,846390
10532212,103,111,9134,2010,11188.0,33356.0,-0.30878099999999997,1.07069,IDN,ITA,846390
10532213,104,111,9134,2010,18947.0,4719778.0,0.14485599999999998,2.408913,IND,ITA,846390
10532214,107,111,9134,2010,0.0,1735665.0,-0.609874,-0.744733,IRN,ITA,846390
10532215,108,111,9134,2010,0.0,3478.0,-2.1439150000000002,-0.913227,IRQ,ITA,846390
10532216,110,111,9134,2010,9551.0,697049.0,1.215834,0.7028340000000001,ISR,ITA,846390
10532217,113,111,9134,2010,17374.0,79396.0,0.251702,0.522758,JOR,ITA,846390
10532218,114,111,9134,2010,540166.0,512539.0,2.459723,-0.279387,JPN,ITA,846390
10532219,116,111,9134,2010,0.0,1316177.0,-0.387187,1.010443,KEN,ITA,846390
10532220,121,111,9134,2010,8382.0,326367.0,1.7118849999999999,0.762362,KOR,ITA,846390
10532221,122,111,9134,2010,0.0,33454.0,0.067373,-1.0822120000000002,KWT,ITA,846390
10532222,124,111,9134,2010,0.0,1037391.0,0.415854,1.424085,LBN,ITA,846390
10532223,126,111,9134,2010,0.0,227416.0,-0.706491,-1.140822,LBY,ITA,846390
10532224,128,111,9134,2010,0.0,56227.0,-0.70886,0.25216700000000003,LKA,ITA,846390
10532225,130,111,9134,2010,1703220.0,210097.0,0.6390600000000001,1.144911,LTU,ITA,846390
10532226,131,111,9134,2010,0.0,5466.0,1.272127,1.1051520000000001,LUX,ITA,846390
10532227,132,111,9134,2010,0.0,23427.0,0.6158170000000001,1.1401059999999998,LVA,ITA,846390
10532228,134,111,9134,2010,0.0,2724537.0,-0.5935229999999999,-0.056497000000000006,MAR,ITA,846390
10532229,138,111,9134,2010,25531.0,2690319.0,1.132664,0.675756,MEX,ITA,846390
10532230,140,111,9134,2010,2678.0,3810.0,-0.122842,0.407017,MKD,ITA,846390
10532231,141,111,9134,2010,0.0,81436.0,-0.585496,-0.655841,MLI,ITA,846390
10532232,142,111,9134,2010,0.0,298512.0,1.211797,-0.024923,MLT,ITA,846390
10532233,144,111,9134,2010,6306.0,203891.0,0.266397,-0.02502,MNE,ITA,846390
10532234,147,111,9134,2010,0.0,3947.0,-1.479855,-1.070518,MOZ,ITA,846390
10532235,151,111,9134,2010,0.0,36414.0,-0.173542,0.103727,MUS,ITA,846390
10532236,153,111,9134,2010,0.0,63729.0,0.9530780000000001,0.607456,MYS,ITA,846390
10532237,156,111,9134,2010,0.0,53975.0,-0.42193500000000006,-0.8256610000000001,NCL,ITA,846390
10532238,159,111,9134,2010,7783.0,302562.0,-1.887084,-1.2280229999999999,NGA,ITA,846390
10532239,160,111,9134,2010,0.0,186729.0,-0.9387409999999999,-0.8119569999999999,NIC,ITA,846390
10532240,162,111,9134,2010,71315.0,1007058.0,1.237998,1.1891209999999999,NLD,ITA,846390
10532241,163,111,9134,2010,5225.0,164560.0,0.865676,0.138757,NOR,ITA,846390
10532242,166,111,9134,2010,0.0,106491.0,0.36828299999999997,0.574574,NZL,ITA,846390
10532243,167,111,9134,2010,0.0,65508.0,-0.487612,-0.9551379999999999,OMN,ITA,846390
10532244,168,111,9134,2010,0.0,55791.0,-0.692071,0.5409010000000001,PAK,ITA,846390
10532245,169,111,9134,2010,0.0,21090.0,0.617867,0.903432,PAN,ITA,846390
10532246,173,111,9134,2010,0.0,76232.0,-0.650327,0.162321,PER,ITA,846390
10532247,177,111,9134,2010,515779.0,5205762.0,1.083552,1.1433719999999998,POL,ITA,846390
10532248,179,111,9134,2010,1240.0,2323045.0,0.551149,2.437209,PRT,ITA,846390
10532249,181,111,9134,2010,0.0,20693.0,0.12470099999999999,0.576382,PSE,ITA,846390
10532250,183,111,9134,2010,0.0,14095.0,-0.346143,-1.078192,QAT,ITA,846390
10532251,185,111,9134,2010,7817.0,1274605.0,0.6483760000000001,1.200256,ROU,ITA,846390
10532252,186,111,9134,2010,0.0,2952452.0,0.583996,-0.223881,RUS,ITA,846390
10532253,188,111,9134,2010,0.0,3051389.0,0.46696400000000005,-0.7487520000000001,SAU,ITA,846390
10532254,190,111,9134,2010,0.0,1030.0,-1.9094669999999998,-1.271065,SDN,ITA,846390
10532255,191,111,9134,2010,0.0,51869.0,-0.45445,-0.148149,SEN,ITA,846390
10532256,192,111,9134,2010,0.0,400027.0,1.8441349999999999,0.570311,SGP,ITA,846390
10532257,197,111,9134,2010,0.0,11973.0,-0.101434,0.132639,SLV,ITA,846390
10532258,201,111,9134,2010,0.0,444664.0,0.561161,1.33974,SRB,ITA,846390
10532259,206,111,9134,2010,343314.0,2123107.0,1.278601,0.726907,SVK,ITA,846390
10532260,207,111,9134,2010,0.0,78767.0,1.595473,0.7023020000000001,SVN,ITA,846390
10532261,208,111,9134,2010,2340790.0,177889.0,1.882239,0.397927,SWE,ITA,846390
10532262,212,111,9134,2010,0.0,453409.0,-0.46833800000000003,1.11952,SYR,ITA,846390
10532263,215,111,9134,2010,2887.0,7210.0,-0.943559,-0.884336,TGO,ITA,846390
10532264,216,111,9134,2010,3194.0,1059485.0,0.748328,1.425224,THA,ITA,846390
10532265,223,111,9134,2010,1355.0,375334.0,0.165019,0.8882059999999999,TUN,ITA,846390
10532266,224,111,9134,2010,163697.0,4879614.0,0.359977,2.471173,TUR,ITA,846390
10532267,226,111,9134,2010,0.0,2108.0,-0.7327,0.427616,TZA,ITA,846390
10532268,227,111,9134,2010,0.0,1289.0,-0.48061400000000004,0.187001,UGA,ITA,846390
10532269,228,111,9134,2010,0.0,962685.0,0.714148,0.916267,UKR,ITA,846390
10532270,230,111,9134,2010,0.0,16792.0,0.217246,-0.079733,URY,ITA,846390
10532271,231,111,9134,2010,177118.0,6234989.0,1.67573,-0.598165,USA,ITA,846390
10532272,236,111,9134,2010,0.0,1752190.0,-0.660844,-1.145133,VEN,ITA,846390
10532273,239,111,9134,2010,0.0,124904.0,-0.24660500000000002,1.427235,VNM,ITA,846390
10532274,246,111,9134,2010,0.0,2784426.0,0.327326,1.513598,ZAF,ITA,846390
10532275,249,111,9134,2010,705543.0,5992.0,1.766729,0.909335,TWN,ITA,846390
10532276,250,111,9134,2010,0.0,1707.0,0.45129600000000003,-0.223517,ANS,ITA,846390
10532277,43,112,9134,2010,11356.0,0.0,0.922493,2.0176,CHN,JAM,846390
10532278,231,112,9134,2010,25781.0,0.0,1.67573,-0.598165,USA,JAM,846390
10532279,7,114,9134,2010,0.0,148836.0,0.29457,-0.196371,ARE,JPN,846390
10532280,14,114,9134,2010,15335.0,912801.0,-0.276442,0.062023,AUS,JPN,846390
10532281,15,114,9134,2010,18551.0,0.0,1.724315,-0.29379099999999997,AUT,JPN,846390
10532282,18,114,9134,2010,0.0,421530.0,1.2224270000000002,1.1276,BEL,JPN,846390
10532283,22,114,9134,2010,0.0,8033.0,-0.974526,-0.76566,BGD,JPN,846390
10532284,28,114,9134,2010,0.0,1897.0,0.969851,0.593386,BLR,JPN,846390
10532285,32,114,9134,2010,0.0,22843.0,0.40715500000000004,0.6208100000000001,BRA,JPN,846390
10532286,39,114,9134,2010,148073.0,64746.0,0.752421,1.2208510000000001,CAN,JPN,846390
10532287,41,114,9134,2010,151009.0,192529.0,2.1492080000000002,0.556424,CHE,JPN,846390
10532288,43,114,9134,2010,981774.0,30461070.0,0.922493,2.0176,CHN,JPN,846390
10532289,59,114,9134,2010,0.0,1178750.0,1.732044,0.333934,CZE,JPN,846390
10532290,61,114,9134,2010,3512545.0,1595023.0,2.035672,-3.383322,DEU,JPN,846390
10532291,71,114,9134,2010,160354.0,33836.0,0.832619,2.448009,ESP,JPN,846390
10532292,73,114,9134,2010,0.0,1448.0,-1.122906,-0.840777,ETH,JPN,846390
10532293,74,114,9134,2010,17113.0,0.0,1.745464,0.897992,FIN,JPN,846390
10532294,75,114,9134,2010,0.0,3021.0,-0.603112,-0.29135500000000003,FJI,JPN,846390
10532295,77,114,9134,2010,19158.0,663321.0,1.530027,-0.052557000000000006,FRA,JPN,846390
10532296,79,114,9134,2010,0.0,2759.0,-1.2914889999999999,-1.0153450000000002,FSM,JPN,846390
10532297,81,114,9134,2010,7029.0,358742.0,1.828224,0.386383,GBR,JPN,846390
10532298,97,114,9134,2010,21723.0,1260018.0,0.715745,1.9780259999999998,HKG,JPN,846390
10532299,102,114,9134,2010,0.0,650261.0,1.514225,0.740341,HUN,JPN,846390
10532300,103,114,9134,2010,0.0,1970996.0,-0.30878099999999997,1.07069,IDN,JPN,846390
10532301,104,114,9134,2010,0.0,2822572.0,0.14485599999999998,2.408913,IND,JPN,846390
10532302,107,114,9134,2010,0.0,789952.0,-0.609874,-0.744733,IRN,JPN,846390
10532303,111,114,9134,2010,512539.0,540166.0,1.272385,0.545721,ITA,JPN,846390
10532304,115,114,9134,2010,0.0,2368.0,-0.6278020000000001,-0.8419760000000001,KAZ,JPN,846390
10532305,121,114,9134,2010,781408.0,8360092.0,1.7118849999999999,0.762362,KOR,JPN,846390
10532306,128,114,9134,2010,0.0,4331.0,-0.70886,0.25216700000000003,LKA,JPN,846390
10532307,138,114,9134,2010,0.0,918253.0,1.132664,0.675756,MEX,JPN,846390
10532308,143,114,9134,2010,0.0,3092.0,-1.480389,-1.075842,MMR,JPN,846390
10532309,145,114,9134,2010,0.0,16435.0,-1.110861,-1.105545,MNG,JPN,846390
10532310,147,114,9134,2010,0.0,1943.0,-1.479855,-1.070518,MOZ,JPN,846390
10532311,152,114,9134,2010,0.0,18722.0,-0.821839,-0.9153870000000001,MWI,JPN,846390
10532312,153,114,9134,2010,3734.0,944845.0,0.9530780000000001,0.607456,MYS,JPN,846390
10532313,162,114,9134,2010,104918.0,36692.0,1.237998,1.1891209999999999,NLD,JPN,846390
10532314,163,114,9134,2010,0.0,7938.0,0.865676,0.138757,NOR,JPN,846390
10532315,164,114,9134,2010,0.0,7588.0,-0.23753400000000002,0.7957390000000001,NPL,JPN,846390
10532316,166,114,9134,2010,0.0,8782.0,0.36828299999999997,0.574574,NZL,JPN,846390
10532317,167,114,9134,2010,0.0,5761.0,-0.487612,-0.9551379999999999,OMN,JPN,846390
10532318,168,114,9134,2010,0.0,130276.0,-0.692071,0.5409010000000001,PAK,JPN,846390
10532319,174,114,9134,2010,9735.0,602255.0,0.40418899999999996,0.102497,PHL,JPN,846390
10532320,177,114,9134,2010,4176.0,1342332.0,1.083552,1.1433719999999998,POL,JPN,846390
10532321,183,114,9134,2010,0.0,49803.0,-0.346143,-1.078192,QAT,JPN,846390
10532322,186,114,9134,2010,0.0,29397.0,0.583996,-0.223881,RUS,JPN,846390
10532323,188,114,9134,2010,0.0,50272.0,0.46696400000000005,-0.7487520000000001,SAU,JPN,846390
10532324,192,114,9134,2010,5223.0,268483.0,1.8441349999999999,0.570311,SGP,JPN,846390
10532325,206,114,9134,2010,0.0,192842.0,1.278601,0.726907,SVK,JPN,846390
10532326,208,114,9134,2010,14673.0,0.0,1.882239,0.397927,SWE,JPN,846390
10532327,216,114,9134,2010,83451.0,10583703.0,0.748328,1.425224,THA,JPN,846390
10532328,224,114,9134,2010,0.0,104942.0,0.359977,2.471173,TUR,JPN,846390
10532329,231,114,9134,2010,541046.0,8453712.0,1.67573,-0.598165,USA,JPN,846390
10532330,236,114,9134,2010,0.0,4155.0,-0.660844,-1.145133,VEN,JPN,846390
10532331,239,114,9134,2010,91046.0,2393777.0,-0.24660500000000002,1.427235,VNM,JPN,846390
10532332,249,114,9134,2010,2003551.0,1309372.0,1.766729,0.909335,TWN,JPN,846390
10532333,28,115,9134,2010,2152.0,0.0,0.969851,0.593386,BLR,KAZ,846390
10532334,41,115,9134,2010,210775.0,0.0,2.1492080000000002,0.556424,CHE,KAZ,846390
10532335,43,115,9134,2010,143418.0,0.0,0.922493,2.0176,CHN,KAZ,846390
10532336,61,115,9134,2010,1722.0,0.0,2.035672,-3.383322,DEU,KAZ,846390
10532337,77,115,9134,2010,9776.0,0.0,1.530027,-0.052557000000000006,FRA,KAZ,846390
10532338,107,115,9134,2010,2602.0,0.0,-0.609874,-0.744733,IRN,KAZ,846390
10532339,114,115,9134,2010,2368.0,0.0,2.459723,-0.279387,JPN,KAZ,846390
10532340,117,115,9134,2010,0.0,194785.0,-0.48426400000000003,-0.169443,KGZ,KAZ,846390
10532341,186,115,9134,2010,64451.0,0.0,0.583996,-0.223881,RUS,KAZ,846390
10532342,224,115,9134,2010,25737.0,0.0,0.359977,2.471173,TUR,KAZ,846390
10532343,228,115,9134,2010,412142.0,0.0,0.714148,0.916267,UKR,KAZ,846390
10532344,231,115,9134,2010,34529.0,0.0,1.67573,-0.598165,USA,KAZ,846390
10532345,249,115,9134,2010,1759282.0,0.0,1.766729,0.909335,TWN,KAZ,846390
10532346,7,121,9134,2010,0.0,1078821.0,0.29457,-0.196371,ARE,KOR,846390
10532347,14,121,9134,2010,0.0,1038999.0,-0.276442,0.062023,AUS,KOR,846390
10532348,15,121,9134,2010,1083050.0,0.0,1.724315,-0.29379099999999997,AUT,KOR,846390
10532349,24,121,9134,2010,0.0,15353.0,0.284356,-0.8362,BHR,KOR,846390
10532350,28,121,9134,2010,0.0,1851.0,0.969851,0.593386,BLR,KOR,846390
10532351,32,121,9134,2010,0.0,6737.0,0.40715500000000004,0.6208100000000001,BRA,KOR,846390
10532352,34,121,9134,2010,0.0,3361.0,0.717167,-0.764841,BRN,KOR,846390
10532353,39,121,9134,2010,7514.0,0.0,0.752421,1.2208510000000001,CAN,KOR,846390
10532354,41,121,9134,2010,1582071.0,0.0,2.1492080000000002,0.556424,CHE,KOR,846390
10532355,42,121,9134,2010,0.0,1292.0,-0.34914,-0.459395,CHL,KOR,846390
10532356,43,121,9134,2010,833659.0,5314434.0,0.922493,2.0176,CHN,KOR,846390
10532357,49,121,9134,2010,0.0,44917.0,0.097222,-0.064328,COL,KOR,846390
10532358,59,121,9134,2010,0.0,3580.0,1.732044,0.333934,CZE,KOR,846390
10532359,61,121,9134,2010,9408381.0,1158324.0,2.035672,-3.383322,DEU,KOR,846390
10532360,66,121,9134,2010,0.0,13114.0,-1.00922,-1.1511040000000001,DZA,KOR,846390
10532361,67,121,9134,2010,0.0,23663.0,-0.584013,-0.743675,ECU,KOR,846390
10532362,71,121,9134,2010,0.0,26762.0,0.832619,2.448009,ESP,KOR,846390
10532363,74,121,9134,2010,13333.0,0.0,1.745464,0.897992,FIN,KOR,846390
10532364,77,121,9134,2010,79235.0,4173.0,1.530027,-0.052557000000000006,FRA,KOR,846390
10532365,81,121,9134,2010,31413.0,13203.0,1.828224,0.386383,GBR,KOR,846390
10532366,93,121,9134,2010,0.0,17728.0,-0.39034,0.743521,GTM,KOR,846390
10532367,97,121,9134,2010,0.0,98505.0,0.715745,1.9780259999999998,HKG,KOR,846390
10532368,102,121,9134,2010,12384.0,0.0,1.514225,0.740341,HUN,KOR,846390
10532369,103,121,9134,2010,91879.0,88180.0,-0.30878099999999997,1.07069,IDN,KOR,846390
10532370,104,121,9134,2010,0.0,1582713.0,0.14485599999999998,2.408913,IND,KOR,846390
10532371,107,121,9134,2010,0.0,383415.0,-0.609874,-0.744733,IRN,KOR,846390
10532372,110,121,9134,2010,39912.0,0.0,1.215834,0.7028340000000001,ISR,KOR,846390
10532373,111,121,9134,2010,326367.0,8382.0,1.272385,0.545721,ITA,KOR,846390
10532374,114,121,9134,2010,8360092.0,781408.0,2.459723,-0.279387,JPN,KOR,846390
10532375,118,121,9134,2010,0.0,14270.0,-1.158906,-1.019906,KHM,KOR,846390
10532376,134,121,9134,2010,0.0,18578.0,-0.5935229999999999,-0.056497000000000006,MAR,KOR,846390
10532377,138,121,9134,2010,0.0,129418.0,1.132664,0.675756,MEX,KOR,846390
10532378,153,121,9134,2010,29126.0,281953.0,0.9530780000000001,0.607456,MYS,KOR,846390
10532379,159,121,9134,2010,0.0,47622.0,-1.887084,-1.2280229999999999,NGA,KOR,846390
10532380,162,121,9134,2010,17948.0,0.0,1.237998,1.1891209999999999,NLD,KOR,846390
10532381,163,121,9134,2010,9126.0,0.0,0.865676,0.138757,NOR,KOR,846390
10532382,166,121,9134,2010,0.0,8939.0,0.36828299999999997,0.574574,NZL,KOR,846390
10532383,167,121,9134,2010,0.0,612907.0,-0.487612,-0.9551379999999999,OMN,KOR,846390
10532384,173,121,9134,2010,0.0,22403.0,-0.650327,0.162321,PER,KOR,846390
10532385,174,121,9134,2010,1244.0,8697.0,0.40418899999999996,0.102497,PHL,KOR,846390
10532386,177,121,9134,2010,0.0,1490322.0,1.083552,1.1433719999999998,POL,KOR,846390
10532387,183,121,9134,2010,0.0,3446.0,-0.346143,-1.078192,QAT,KOR,846390
10532388,185,121,9134,2010,505877.0,0.0,0.6483760000000001,1.200256,ROU,KOR,846390
10532389,186,121,9134,2010,0.0,1331.0,0.583996,-0.223881,RUS,KOR,846390
10532390,187,121,9134,2010,0.0,596.0,-0.6033350000000001,-0.524881,RWA,KOR,846390
10532391,188,121,9134,2010,0.0,280805.0,0.46696400000000005,-0.7487520000000001,SAU,KOR,846390
10532392,192,121,9134,2010,40895.0,31393.0,1.8441349999999999,0.570311,SGP,KOR,846390
10532393,208,121,9134,2010,45010.0,0.0,1.882239,0.397927,SWE,KOR,846390
10532394,216,121,9134,2010,5705.0,2459122.0,0.748328,1.425224,THA,KOR,846390
10532395,224,121,9134,2010,0.0,117790.0,0.359977,2.471173,TUR,KOR,846390
10532396,231,121,9134,2010,440501.0,285637.0,1.67573,-0.598165,USA,KOR,846390
10532397,239,121,9134,2010,0.0,1534659.0,-0.24660500000000002,1.427235,VNM,KOR,846390
10532398,243,121,9134,2010,0.0,8752.0,-1.360851,-1.208826,YEM,KOR,846390
10532399,249,121,9134,2010,2930322.0,18240.0,1.766729,0.909335,TWN,KOR,846390
10532400,7,128,9134,2010,4247.0,0.0,0.29457,-0.196371,ARE,LKA,846390
10532401,43,128,9134,2010,34206.0,0.0,0.922493,2.0176,CHN,LKA,846390
10532402,61,128,9134,2010,35786.0,0.0,2.035672,-3.383322,DEU,LKA,846390
10532403,104,128,9134,2010,108530.0,231868.0,0.14485599999999998,2.408913,IND,LKA,846390
10532404,111,128,9134,2010,56227.0,0.0,1.272385,0.545721,ITA,LKA,846390
10532405,114,128,9134,2010,4331.0,0.0,2.459723,-0.279387,JPN,LKA,846390
10532406,8,138,9134,2010,52369.0,5697.0,0.27458899999999997,0.597907,ARG,MEX,846390
10532407,14,138,9134,2010,3867.0,0.0,-0.276442,0.062023,AUS,MEX,846390
10532408,18,138,9134,2010,0.0,2666.0,1.2224270000000002,1.1276,BEL,MEX,846390
10532409,32,138,9134,2010,503087.0,0.0,0.40715500000000004,0.6208100000000001,BRA,MEX,846390
10532410,39,138,9134,2010,18349.0,155123.0,0.752421,1.2208510000000001,CAN,MEX,846390
10532411,41,138,9134,2010,631956.0,0.0,2.1492080000000002,0.556424,CHE,MEX,846390
10532412,42,138,9134,2010,18418.0,23990.0,-0.34914,-0.459395,CHL,MEX,846390
10532413,43,138,9134,2010,161690.0,16572.0,0.922493,2.0176,CHN,MEX,846390
10532414,49,138,9134,2010,0.0,5788.0,0.097222,-0.064328,COL,MEX,846390
10532415,52,138,9134,2010,7604.0,58955.0,-0.122722,-0.7062069999999999,CRI,MEX,846390
10532416,59,138,9134,2010,95073.0,0.0,1.732044,0.333934,CZE,MEX,846390
10532417,61,138,9134,2010,6848520.0,205248.0,2.035672,-3.383322,DEU,MEX,846390
10532418,64,138,9134,2010,154721.0,0.0,1.082468,1.280759,DNK,MEX,846390
10532419,71,138,9134,2010,501738.0,0.0,0.832619,2.448009,ESP,MEX,846390
10532420,74,138,9134,2010,139857.0,0.0,1.745464,0.897992,FIN,MEX,846390
10532421,77,138,9134,2010,348608.0,0.0,1.530027,-0.052557000000000006,FRA,MEX,846390
10532422,81,138,9134,2010,1106940.0,0.0,1.828224,0.386383,GBR,MEX,846390
10532423,93,138,9134,2010,0.0,16598.0,-0.39034,0.743521,GTM,MEX,846390
10532424,99,138,9134,2010,0.0,11469.0,-0.569501,-0.153122,HND,MEX,846390
10532425,104,138,9134,2010,84215.0,0.0,0.14485599999999998,2.408913,IND,MEX,846390
10532426,111,138,9134,2010,2690319.0,25531.0,1.272385,0.545721,ITA,MEX,846390
10532427,114,138,9134,2010,918253.0,0.0,2.459723,-0.279387,JPN,MEX,846390
10532428,121,138,9134,2010,129418.0,0.0,1.7118849999999999,0.762362,KOR,MEX,846390
10532429,166,138,9134,2010,38954.0,0.0,0.36828299999999997,0.574574,NZL,MEX,846390
10532430,169,138,9134,2010,0.0,9495.0,0.617867,0.903432,PAN,MEX,846390
10532431,173,138,9134,2010,0.0,13958.0,-0.650327,0.162321,PER,MEX,846390
10532432,185,138,9134,2010,0.0,24972.0,0.6483760000000001,1.200256,ROU,MEX,846390
10532433,197,138,9134,2010,0.0,3149.0,-0.101434,0.132639,SLV,MEX,846390
10532434,206,138,9134,2010,2883.0,0.0,1.278601,0.726907,SVK,MEX,846390
10532435,208,138,9134,2010,13752.0,0.0,1.882239,0.397927,SWE,MEX,846390
10532436,224,138,9134,2010,4344.0,0.0,0.359977,2.471173,TUR,MEX,846390
10532437,228,138,9134,2010,13472.0,0.0,0.714148,0.916267,UKR,MEX,846390
10532438,231,138,9134,2010,8918369.0,107277.0,1.67573,-0.598165,USA,MEX,846390
10532439,236,138,9134,2010,0.0,39980.0,-0.660844,-1.145133,VEN,MEX,846390
10532440,246,138,9134,2010,163001.0,0.0,0.327326,1.513598,ZAF,MEX,846390
10532441,248,138,9134,2010,5961.0,0.0,-0.869909,-0.8233309999999999,ZWE,MEX,846390
10532442,249,138,9134,2010,1652959.0,0.0,1.766729,0.909335,TWN,MEX,846390
10532443,14,153,9134,2010,2793676.0,12923.0,-0.276442,0.062023,AUS,MYS,846390
10532444,32,153,9134,2010,955347.0,7452.0,0.40715500000000004,0.6208100000000001,BRA,MYS,846390
10532445,34,153,9134,2010,1698.0,0.0,0.717167,-0.764841,BRN,MYS,846390
10532446,41,153,9134,2010,7038.0,0.0,2.1492080000000002,0.556424,CHE,MYS,846390
10532447,42,153,9134,2010,0.0,1510.0,-0.34914,-0.459395,CHL,MYS,846390
10532448,43,153,9134,2010,1041675.0,84337.0,0.922493,2.0176,CHN,MYS,846390
10532449,49,153,9134,2010,0.0,61632.0,0.097222,-0.064328,COL,MYS,846390
10532450,61,153,9134,2010,23468.0,48711.0,2.035672,-3.383322,DEU,MYS,846390
10532451,71,153,9134,2010,55756.0,0.0,0.832619,2.448009,ESP,MYS,846390
10532452,77,153,9134,2010,197897.0,0.0,1.530027,-0.052557000000000006,FRA,MYS,846390
10532453,81,153,9134,2010,130559.0,0.0,1.828224,0.386383,GBR,MYS,846390
10532454,97,153,9134,2010,80395.0,19464.0,0.715745,1.9780259999999998,HKG,MYS,846390
10532455,103,153,9134,2010,3731.0,531451.0,-0.30878099999999997,1.07069,IDN,MYS,846390
10532456,104,153,9134,2010,25293.0,297890.0,0.14485599999999998,2.408913,IND,MYS,846390
10532457,107,153,9134,2010,0.0,18097.0,-0.609874,-0.744733,IRN,MYS,846390
10532458,111,153,9134,2010,63729.0,0.0,1.272385,0.545721,ITA,MYS,846390
10532459,113,153,9134,2010,0.0,5563.0,0.251702,0.522758,JOR,MYS,846390
10532460,114,153,9134,2010,944845.0,3734.0,2.459723,-0.279387,JPN,MYS,846390
10532461,121,153,9134,2010,281953.0,29126.0,1.7118849999999999,0.762362,KOR,MYS,846390
10532462,134,153,9134,2010,0.0,6665.0,-0.5935229999999999,-0.056497000000000006,MAR,MYS,846390
10532463,162,153,9134,2010,0.0,3135.0,1.237998,1.1891209999999999,NLD,MYS,846390
10532464,192,153,9134,2010,826658.0,226387.0,1.8441349999999999,0.570311,SGP,MYS,846390
10532465,211,153,9134,2010,0.0,1860.0,-0.075668,-0.549686,SYC,MYS,846390
10532466,216,153,9134,2010,364248.0,4589148.0,0.748328,1.425224,THA,MYS,846390
10532467,226,153,9134,2010,0.0,31759.0,-0.7327,0.427616,TZA,MYS,846390
10532468,231,153,9134,2010,171660.0,0.0,1.67573,-0.598165,USA,MYS,846390
10532469,239,153,9134,2010,7642.0,313914.0,-0.24660500000000002,1.427235,VNM,MYS,846390
10532470,246,153,9134,2010,1018.0,0.0,0.327326,1.513598,ZAF,MYS,846390
10532471,249,153,9134,2010,1596207.0,427498.0,1.766729,0.909335,TWN,MYS,846390
10532472,0,162,9134,2010,0.0,19430.0,0.9906219999999999,0.159993,ABW,NLD,846390
10532473,6,162,9134,2010,0.0,9284.0,-0.08593200000000001,-0.691395,ANT,NLD,846390
10532474,7,162,9134,2010,0.0,86742.0,0.29457,-0.196371,ARE,NLD,846390
10532475,14,162,9134,2010,0.0,6140.0,-0.276442,0.062023,AUS,NLD,846390
10532476,18,162,9134,2010,103612.0,245843.0,1.2224270000000002,1.1276,BEL,NLD,846390
10532477,23,162,9134,2010,17762.0,0.0,0.44973,1.445441,BGR,NLD,846390
10532478,24,162,9134,2010,0.0,4221.0,0.284356,-0.8362,BHR,NLD,846390
10532479,26,162,9134,2010,0.0,1125.0,0.462275,0.830405,BIH,NLD,846390
10532480,28,162,9134,2010,0.0,12944.0,0.969851,0.593386,BLR,NLD,846390
10532481,32,162,9134,2010,0.0,1177.0,0.40715500000000004,0.6208100000000001,BRA,NLD,846390
10532482,39,162,9134,2010,16600.0,13546.0,0.752421,1.2208510000000001,CAN,NLD,846390
10532483,41,162,9134,2010,102590.0,97034.0,2.1492080000000002,0.556424,CHE,NLD,846390
10532484,43,162,9134,2010,64054.0,9988215.0,0.922493,2.0176,CHN,NLD,846390
10532485,49,162,9134,2010,0.0,10243.0,0.097222,-0.064328,COL,NLD,846390
10532486,59,162,9134,2010,0.0,6880316.0,1.732044,0.333934,CZE,NLD,846390
10532487,61,162,9134,2010,2284210.0,222664.0,2.035672,-3.383322,DEU,NLD,846390
10532488,64,162,9134,2010,26676.0,6903.0,1.082468,1.280759,DNK,NLD,846390
10532489,68,162,9134,2010,0.0,5995.0,-0.181826,1.409465,EGY,NLD,846390
10532490,71,162,9134,2010,0.0,22332.0,0.832619,2.448009,ESP,NLD,846390
10532491,74,162,9134,2010,0.0,2574.0,1.745464,0.897992,FIN,NLD,846390
10532492,77,162,9134,2010,690446.0,130310.0,1.530027,-0.052557000000000006,FRA,NLD,846390
10532493,81,162,9134,2010,17394.0,2992.0,1.828224,0.386383,GBR,NLD,846390
10532494,85,162,9134,2010,11279.0,0.0,-1.6761720000000002,-1.181665,GIN,NLD,846390
10532495,90,162,9134,2010,0.0,3615.0,0.200249,1.4640090000000001,GRC,NLD,846390
10532496,102,162,9134,2010,0.0,115274.0,1.514225,0.740341,HUN,NLD,846390
10532497,103,162,9134,2010,0.0,45097.0,-0.30878099999999997,1.07069,IDN,NLD,846390
10532498,104,162,9134,2010,0.0,26203.0,0.14485599999999998,2.408913,IND,NLD,846390
10532499,109,162,9134,2010,0.0,3610.0,0.20822100000000002,-0.318294,ISL,NLD,846390
10532500,110,162,9134,2010,0.0,8385.0,1.215834,0.7028340000000001,ISR,NLD,846390
10532501,111,162,9134,2010,1007058.0,71315.0,1.272385,0.545721,ITA,NLD,846390
10532502,114,162,9134,2010,36692.0,104918.0,2.459723,-0.279387,JPN,NLD,846390
10532503,121,162,9134,2010,0.0,17948.0,1.7118849999999999,0.762362,KOR,NLD,846390
10532504,134,162,9134,2010,0.0,3221.0,-0.5935229999999999,-0.056497000000000006,MAR,NLD,846390
10532505,153,162,9134,2010,3135.0,0.0,0.9530780000000001,0.607456,MYS,NLD,846390
10532506,159,162,9134,2010,0.0,12375.0,-1.887084,-1.2280229999999999,NGA,NLD,846390
10532507,163,162,9134,2010,0.0,3830.0,0.865676,0.138757,NOR,NLD,846390
10532508,173,162,9134,2010,0.0,3001.0,-0.650327,0.162321,PER,NLD,846390
10532509,177,162,9134,2010,0.0,3267.0,1.083552,1.1433719999999998,POL,NLD,846390
10532510,179,162,9134,2010,0.0,87302.0,0.551149,2.437209,PRT,NLD,846390
10532511,183,162,9134,2010,0.0,42732.0,-0.346143,-1.078192,QAT,NLD,846390
10532512,186,162,9134,2010,0.0,24965.0,0.583996,-0.223881,RUS,NLD,846390
10532513,188,162,9134,2010,0.0,7317.0,0.46696400000000005,-0.7487520000000001,SAU,NLD,846390
10532514,192,162,9134,2010,0.0,60290.0,1.8441349999999999,0.570311,SGP,NLD,846390
10532515,208,162,9134,2010,0.0,1534.0,1.882239,0.397927,SWE,NLD,846390
10532516,224,162,9134,2010,54730.0,1092.0,0.359977,2.471173,TUR,NLD,846390
10532517,228,162,9134,2010,0.0,144734.0,0.714148,0.916267,UKR,NLD,846390
10532518,231,162,9134,2010,295917.0,118345.0,1.67573,-0.598165,USA,NLD,846390
10532519,236,162,9134,2010,0.0,5765.0,-0.660844,-1.145133,VEN,NLD,846390
10532520,239,162,9134,2010,81889.0,0.0,-0.24660500000000002,1.427235,VNM,NLD,846390
10532521,246,162,9134,2010,0.0,19028.0,0.327326,1.513598,ZAF,NLD,846390
10532522,249,162,9134,2010,280166.0,0.0,1.766729,0.909335,TWN,NLD,846390
10532523,14,166,9134,2010,42826.0,229910.0,-0.276442,0.062023,AUS,NZL,846390
10532524,39,166,9134,2010,16516.0,0.0,0.752421,1.2208510000000001,CAN,NZL,846390
10532525,41,166,9134,2010,129955.0,0.0,2.1492080000000002,0.556424,CHE,NZL,846390
10532526,43,166,9134,2010,3244.0,190579.0,0.922493,2.0176,CHN,NZL,846390
10532527,61,166,9134,2010,259040.0,0.0,2.035672,-3.383322,DEU,NZL,846390
10532528,74,166,9134,2010,56154.0,0.0,1.745464,0.897992,FIN,NZL,846390
10532529,75,166,9134,2010,0.0,25896.0,-0.603112,-0.29135500000000003,FJI,NZL,846390
10532530,77,166,9134,2010,63070.0,0.0,1.530027,-0.052557000000000006,FRA,NZL,846390
10532531,81,166,9134,2010,36737.0,0.0,1.828224,0.386383,GBR,NZL,846390
10532532,106,166,9134,2010,3143.0,0.0,1.371357,0.168795,IRL,NZL,846390
10532533,111,166,9134,2010,106491.0,0.0,1.272385,0.545721,ITA,NZL,846390
10532534,114,166,9134,2010,8782.0,0.0,2.459723,-0.279387,JPN,NZL,846390
10532535,121,166,9134,2010,8939.0,0.0,1.7118849999999999,0.762362,KOR,NZL,846390
10532536,138,166,9134,2010,0.0,38954.0,1.132664,0.675756,MEX,NZL,846390
10532537,176,166,9134,2010,0.0,75974.0,-1.725138,-1.195622,PNG,NZL,846390
10532538,182,166,9134,2010,14956.0,0.0,-0.47692700000000005,-0.8429760000000001,PYF,NZL,846390
10532539,192,166,9134,2010,27091.0,0.0,1.8441349999999999,0.570311,SGP,NZL,846390
10532540,231,166,9134,2010,329232.0,29537.0,1.67573,-0.598165,USA,NZL,846390
10532541,249,166,9134,2010,2756.0,41584.0,1.766729,0.909335,TWN,NZL,846390
10532542,41,169,9134,2010,2440.0,0.0,2.1492080000000002,0.556424,CHE,PAN,846390
10532543,42,169,9134,2010,23393.0,2365.0,-0.34914,-0.459395,CHL,PAN,846390
10532544,43,169,9134,2010,74874.0,0.0,0.922493,2.0176,CHN,PAN,846390
10532545,49,169,9134,2010,7798.0,23462.0,0.097222,-0.064328,COL,PAN,846390
10532546,52,169,9134,2010,13946.0,40888.0,-0.122722,-0.7062069999999999,CRI,PAN,846390
10532547,61,169,9134,2010,25160.0,0.0,2.035672,-3.383322,DEU,PAN,846390
10532548,65,169,9134,2010,2817.0,0.0,-0.245241,0.368626,DOM,PAN,846390
10532549,67,169,9134,2010,15864.0,0.0,-0.584013,-0.743675,ECU,PAN,846390
10532550,71,169,9134,2010,24763.0,0.0,0.832619,2.448009,ESP,PAN,846390
10532551,93,169,9134,2010,2615.0,20789.0,-0.39034,0.743521,GTM,PAN,846390
10532552,97,169,9134,2010,4678.0,0.0,0.715745,1.9780259999999998,HKG,PAN,846390
10532553,111,169,9134,2010,21090.0,0.0,1.272385,0.545721,ITA,PAN,846390
10532554,138,169,9134,2010,9495.0,0.0,1.132664,0.675756,MEX,PAN,846390
10532555,173,169,9134,2010,0.0,855.0,-0.650327,0.162321,PER,PAN,846390
10532556,216,169,9134,2010,25257.0,0.0,0.748328,1.425224,THA,PAN,846390
10532557,231,169,9134,2010,32962.0,0.0,1.67573,-0.598165,USA,PAN,846390
10532558,236,169,9134,2010,9370.0,34567.0,-0.660844,-1.145133,VEN,PAN,846390
10532559,14,173,9134,2010,9526.0,0.0,-0.276442,0.062023,AUS,PER,846390
10532560,31,173,9134,2010,0.0,2508.0,-0.83736,-0.812473,BOL,PER,846390
10532561,41,173,9134,2010,1441.0,0.0,2.1492080000000002,0.556424,CHE,PER,846390
10532562,43,173,9134,2010,109801.0,0.0,0.922493,2.0176,CHN,PER,846390
10532563,49,173,9134,2010,0.0,1454.0,0.097222,-0.064328,COL,PER,846390
10532564,61,173,9134,2010,4789.0,3658.0,2.035672,-3.383322,DEU,PER,846390
10532565,65,173,9134,2010,0.0,6387.0,-0.245241,0.368626,DOM,PER,846390
10532566,71,173,9134,2010,30885.0,0.0,0.832619,2.448009,ESP,PER,846390
10532567,77,173,9134,2010,1731.0,0.0,1.530027,-0.052557000000000006,FRA,PER,846390
10532568,81,173,9134,2010,1348.0,0.0,1.828224,0.386383,GBR,PER,846390
10532569,104,173,9134,2010,1740.0,0.0,0.14485599999999998,2.408913,IND,PER,846390
10532570,111,173,9134,2010,76232.0,0.0,1.272385,0.545721,ITA,PER,846390
10532571,121,173,9134,2010,22403.0,0.0,1.7118849999999999,0.762362,KOR,PER,846390
10532572,138,173,9134,2010,13958.0,0.0,1.132664,0.675756,MEX,PER,846390
10532573,162,173,9134,2010,3001.0,0.0,1.237998,1.1891209999999999,NLD,PER,846390
10532574,169,173,9134,2010,855.0,0.0,0.617867,0.903432,PAN,PER,846390
10532575,179,173,9134,2010,547486.0,0.0,0.551149,2.437209,PRT,PER,846390
10532576,224,173,9134,2010,3070.0,0.0,0.359977,2.471173,TUR,PER,846390
10532577,231,173,9134,2010,175254.0,0.0,1.67573,-0.598165,USA,PER,846390
10532578,236,173,9134,2010,0.0,2844.0,-0.660844,-1.145133,VEN,PER,846390
10532579,249,173,9134,2010,41119.0,0.0,1.766729,0.909335,TWN,PER,846390
10532580,14,174,9134,2010,3548.0,0.0,-0.276442,0.062023,AUS,PHL,846390
10532581,39,174,9134,2010,37451.0,0.0,0.752421,1.2208510000000001,CAN,PHL,846390
10532582,43,174,9134,2010,271990.0,0.0,0.922493,2.0176,CHN,PHL,846390
10532583,61,174,9134,2010,2925.0,0.0,2.035672,-3.383322,DEU,PHL,846390
10532584,81,174,9134,2010,28511.0,0.0,1.828224,0.386383,GBR,PHL,846390
10532585,103,174,9134,2010,4925.0,0.0,-0.30878099999999997,1.07069,IDN,PHL,846390
10532586,104,174,9134,2010,28921.0,0.0,0.14485599999999998,2.408913,IND,PHL,846390
10532587,114,174,9134,2010,602255.0,9735.0,2.459723,-0.279387,JPN,PHL,846390
10532588,121,174,9134,2010,8697.0,1244.0,1.7118849999999999,0.762362,KOR,PHL,846390
10532589,231,174,9134,2010,187893.0,0.0,1.67573,-0.598165,USA,PHL,846390
10532590,249,174,9134,2010,844923.0,66000.0,1.766729,0.909335,TWN,PHL,846390
10532591,7,177,9134,2010,0.0,4444.0,0.29457,-0.196371,ARE,POL,846390
10532592,14,177,9134,2010,0.0,5224.0,-0.276442,0.062023,AUS,POL,846390
10532593,15,177,9134,2010,43983.0,0.0,1.724315,-0.29379099999999997,AUT,POL,846390
10532594,18,177,9134,2010,12610.0,0.0,1.2224270000000002,1.1276,BEL,POL,846390
10532595,26,177,9134,2010,0.0,2845.0,0.462275,0.830405,BIH,POL,846390
10532596,28,177,9134,2010,0.0,97734.0,0.969851,0.593386,BLR,POL,846390
10532597,32,177,9134,2010,0.0,3703.0,0.40715500000000004,0.6208100000000001,BRA,POL,846390
10532598,39,177,9134,2010,1038.0,2550.0,0.752421,1.2208510000000001,CAN,POL,846390
10532599,41,177,9134,2010,649095.0,40915.0,2.1492080000000002,0.556424,CHE,POL,846390
10532600,43,177,9134,2010,54298.0,14221.0,0.922493,2.0176,CHN,POL,846390
10532601,59,177,9134,2010,70422.0,153910.0,1.732044,0.333934,CZE,POL,846390
10532602,61,177,9134,2010,2282533.0,350699.0,2.035672,-3.383322,DEU,POL,846390
10532603,71,177,9134,2010,109452.0,0.0,0.832619,2.448009,ESP,POL,846390
10532604,74,177,9134,2010,1653.0,0.0,1.745464,0.897992,FIN,POL,846390
10532605,77,177,9134,2010,170944.0,0.0,1.530027,-0.052557000000000006,FRA,POL,846390
10532606,81,177,9134,2010,450310.0,0.0,1.828224,0.386383,GBR,POL,846390
10532607,82,177,9134,2010,0.0,2119.0,-0.21301399999999998,-0.48355299999999996,GEO,POL,846390
10532608,97,177,9134,2010,0.0,26251.0,0.715745,1.9780259999999998,HKG,POL,846390
10532609,102,177,9134,2010,264718.0,0.0,1.514225,0.740341,HUN,POL,846390
10532610,104,177,9134,2010,52540.0,63185.0,0.14485599999999998,2.408913,IND,POL,846390
10532611,111,177,9134,2010,5205762.0,515779.0,1.272385,0.545721,ITA,POL,846390
10532612,114,177,9134,2010,1342332.0,4176.0,2.459723,-0.279387,JPN,POL,846390
10532613,121,177,9134,2010,1490322.0,0.0,1.7118849999999999,0.762362,KOR,POL,846390
10532614,162,177,9134,2010,3267.0,0.0,1.237998,1.1891209999999999,NLD,POL,846390
10532615,163,177,9134,2010,42601.0,1488.0,0.865676,0.138757,NOR,POL,846390
10532616,185,177,9134,2010,0.0,216105.0,0.6483760000000001,1.200256,ROU,POL,846390
10532617,186,177,9134,2010,0.0,299978.0,0.583996,-0.223881,RUS,POL,846390
10532618,207,177,9134,2010,0.0,7411.0,1.595473,0.7023020000000001,SVN,POL,846390
10532619,208,177,9134,2010,109709.0,0.0,1.882239,0.397927,SWE,POL,846390
10532620,223,177,9134,2010,0.0,1276.0,0.165019,0.8882059999999999,TUN,POL,846390
10532621,224,177,9134,2010,47995.0,44598.0,0.359977,2.471173,TUR,POL,846390
10532622,228,177,9134,2010,0.0,28336.0,0.714148,0.916267,UKR,POL,846390
10532623,231,177,9134,2010,94155.0,36660.0,1.67573,-0.598165,USA,POL,846390
10532624,246,177,9134,2010,20646.0,0.0,0.327326,1.513598,ZAF,POL,846390
10532625,249,177,9134,2010,219049.0,0.0,1.766729,0.909335,TWN,POL,846390
10532626,250,177,9134,2010,31481.0,0.0,0.45129600000000003,-0.223517,ANS,POL,846390
10532627,2,179,9134,2010,0.0,700213.0,-1.3711010000000001,-1.170608,AGO,PRT,846390
10532628,14,179,9134,2010,95653.0,0.0,-0.276442,0.062023,AUS,PRT,846390
10532629,15,179,9134,2010,1846822.0,157521.0,1.724315,-0.29379099999999997,AUT,PRT,846390
10532630,18,179,9134,2010,1941.0,0.0,1.2224270000000002,1.1276,BEL,PRT,846390
10532631,41,179,9134,2010,688767.0,0.0,2.1492080000000002,0.556424,CHE,PRT,846390
10532632,43,179,9134,2010,46740.0,0.0,0.922493,2.0176,CHN,PRT,846390
10532633,47,179,9134,2010,0.0,2106.0,-1.536434,-1.175338,COG,PRT,846390
10532634,51,179,9134,2010,0.0,8221.0,0.140658,-0.527468,CPV,PRT,846390
10532635,61,179,9134,2010,1656601.0,0.0,2.035672,-3.383322,DEU,PRT,846390
10532636,71,179,9134,2010,543414.0,3559.0,0.832619,2.448009,ESP,PRT,846390
10532637,81,179,9134,2010,84439.0,0.0,1.828224,0.386383,GBR,PRT,846390
10532638,83,179,9134,2010,0.0,11248.0,-0.835003,-0.633731,GHA,PRT,846390
10532639,104,179,9134,2010,0.0,19258.0,0.14485599999999998,2.408913,IND,PRT,846390
10532640,110,179,9134,2010,0.0,62823.0,1.215834,0.7028340000000001,ISR,PRT,846390
10532641,111,179,9134,2010,2323045.0,1240.0,1.272385,0.545721,ITA,PRT,846390
10532642,124,179,9134,2010,1637.0,0.0,0.415854,1.424085,LBN,PRT,846390
10532643,134,179,9134,2010,14325.0,170880.0,-0.5935229999999999,-0.056497000000000006,MAR,PRT,846390
10532644,147,179,9134,2010,0.0,6486.0,-1.479855,-1.070518,MOZ,PRT,846390
10532645,162,179,9134,2010,87302.0,0.0,1.237998,1.1891209999999999,NLD,PRT,846390
10532646,173,179,9134,2010,0.0,547486.0,-0.650327,0.162321,PER,PRT,846390
10532647,223,179,9134,2010,0.0,229105.0,0.165019,0.8882059999999999,TUN,PRT,846390
10532648,231,179,9134,2010,93028.0,0.0,1.67573,-0.598165,USA,PRT,846390
10532649,249,179,9134,2010,7609.0,0.0,1.766729,0.909335,TWN,PRT,846390
10532650,8,180,9134,2010,0.0,2940.0,0.27458899999999997,0.597907,ARG,PRY,846390
10532651,42,180,9134,2010,19884.0,0.0,-0.34914,-0.459395,CHL,PRY,846390
10532652,61,180,9134,2010,1894.0,0.0,2.035672,-3.383322,DEU,PRY,846390
10532653,104,180,9134,2010,30390.0,0.0,0.14485599999999998,2.408913,IND,PRY,846390
10532654,18,183,9134,2010,32603.0,0.0,1.2224270000000002,1.1276,BEL,QAT,846390
10532655,39,183,9134,2010,6148.0,0.0,0.752421,1.2208510000000001,CAN,QAT,846390
10532656,41,183,9134,2010,442575.0,0.0,2.1492080000000002,0.556424,CHE,QAT,846390
10532657,43,183,9134,2010,22427.0,0.0,0.922493,2.0176,CHN,QAT,846390
10532658,61,183,9134,2010,42223.0,0.0,2.035672,-3.383322,DEU,QAT,846390
10532659,68,183,9134,2010,10195.0,0.0,-0.181826,1.409465,EGY,QAT,846390
10532660,71,183,9134,2010,51428.0,0.0,0.832619,2.448009,ESP,QAT,846390
10532661,77,183,9134,2010,69499.0,0.0,1.530027,-0.052557000000000006,FRA,QAT,846390
10532662,81,183,9134,2010,8169.0,0.0,1.828224,0.386383,GBR,QAT,846390
10532663,104,183,9134,2010,34063.0,0.0,0.14485599999999998,2.408913,IND,QAT,846390
10532664,111,183,9134,2010,14095.0,0.0,1.272385,0.545721,ITA,QAT,846390
10532665,114,183,9134,2010,49803.0,0.0,2.459723,-0.279387,JPN,QAT,846390
10532666,121,183,9134,2010,3446.0,0.0,1.7118849999999999,0.762362,KOR,QAT,846390
10532667,162,183,9134,2010,42732.0,0.0,1.237998,1.1891209999999999,NLD,QAT,846390
10532668,168,183,9134,2010,5516.0,0.0,-0.692071,0.5409010000000001,PAK,QAT,846390
10532669,231,183,9134,2010,252890.0,0.0,1.67573,-0.598165,USA,QAT,846390
10532670,249,183,9134,2010,77226.0,0.0,1.766729,0.909335,TWN,QAT,846390
10532671,7,188,9134,2010,0.0,42290.0,0.29457,-0.196371,ARE,SAU,846390
10532672,15,188,9134,2010,430645.0,0.0,1.724315,-0.29379099999999997,AUT,SAU,846390
10532673,18,188,9134,2010,64038.0,0.0,1.2224270000000002,1.1276,BEL,SAU,846390
10532674,32,188,9134,2010,117936.0,0.0,0.40715500000000004,0.6208100000000001,BRA,SAU,846390
10532675,41,188,9134,2010,238628.0,0.0,2.1492080000000002,0.556424,CHE,SAU,846390
10532676,43,188,9134,2010,384825.0,0.0,0.922493,2.0176,CHN,SAU,846390
10532677,61,188,9134,2010,453964.0,1841.0,2.035672,-3.383322,DEU,SAU,846390
10532678,68,188,9134,2010,0.0,2513.0,-0.181826,1.409465,EGY,SAU,846390
10532679,74,188,9134,2010,96129.0,0.0,1.745464,0.897992,FIN,SAU,846390
10532680,77,188,9134,2010,105101.0,0.0,1.530027,-0.052557000000000006,FRA,SAU,846390
10532681,81,188,9134,2010,152190.0,0.0,1.828224,0.386383,GBR,SAU,846390
10532682,104,188,9134,2010,100929.0,0.0,0.14485599999999998,2.408913,IND,SAU,846390
10532683,111,188,9134,2010,3051389.0,0.0,1.272385,0.545721,ITA,SAU,846390
10532684,114,188,9134,2010,50272.0,0.0,2.459723,-0.279387,JPN,SAU,846390
10532685,121,188,9134,2010,280805.0,0.0,1.7118849999999999,0.762362,KOR,SAU,846390
10532686,122,188,9134,2010,0.0,6692.0,0.067373,-1.0822120000000002,KWT,SAU,846390
10532687,124,188,9134,2010,23271.0,0.0,0.415854,1.424085,LBN,SAU,846390
10532688,162,188,9134,2010,7317.0,0.0,1.237998,1.1891209999999999,NLD,SAU,846390
10532689,168,188,9134,2010,24442.0,0.0,-0.692071,0.5409010000000001,PAK,SAU,846390
10532690,208,188,9134,2010,227762.0,0.0,1.882239,0.397927,SWE,SAU,846390
10532691,212,188,9134,2010,59526.0,0.0,-0.46833800000000003,1.11952,SYR,SAU,846390
10532692,224,188,9134,2010,206062.0,0.0,0.359977,2.471173,TUR,SAU,846390
10532693,231,188,9134,2010,460903.0,0.0,1.67573,-0.598165,USA,SAU,846390
10532694,249,188,9134,2010,314870.0,0.0,1.766729,0.909335,TWN,SAU,846390
10532695,7,190,9134,2010,2109.0,0.0,0.29457,-0.196371,ARE,SDN,846390
10532696,43,190,9134,2010,9276.0,0.0,0.922493,2.0176,CHN,SDN,846390
10532697,68,190,9134,2010,1891.0,0.0,-0.181826,1.409465,EGY,SDN,846390
10532698,104,190,9134,2010,151653.0,0.0,0.14485599999999998,2.408913,IND,SDN,846390
10532699,111,190,9134,2010,1030.0,0.0,1.272385,0.545721,ITA,SDN,846390
10532700,124,190,9134,2010,33992.0,0.0,0.415854,1.424085,LBN,SDN,846390
10532701,212,190,9134,2010,10752.0,0.0,-0.46833800000000003,1.11952,SYR,SDN,846390
10532702,216,190,9134,2010,280206.0,0.0,0.748328,1.425224,THA,SDN,846390
10532703,224,190,9134,2010,11668.0,0.0,0.359977,2.471173,TUR,SDN,846390
10532704,227,190,9134,2010,670.0,0.0,-0.48061400000000004,0.187001,UGA,SDN,846390
10532705,249,190,9134,2010,29174.0,0.0,1.766729,0.909335,TWN,SDN,846390
10532706,39,197,9134,2010,3701.0,0.0,0.752421,1.2208510000000001,CAN,SLV,846390
10532707,43,197,9134,2010,2493.0,0.0,0.922493,2.0176,CHN,SLV,846390
10532708,61,197,9134,2010,893.0,0.0,2.035672,-3.383322,DEU,SLV,846390
10532709,71,197,9134,2010,1374.0,0.0,0.832619,2.448009,ESP,SLV,846390
10532710,72,197,9134,2010,44721.0,0.0,0.832316,1.1844649999999999,EST,SLV,846390
10532711,74,197,9134,2010,5987.0,0.0,1.745464,0.897992,FIN,SLV,846390
10532712,93,197,9134,2010,5261.0,3828.0,-0.39034,0.743521,GTM,SLV,846390
10532713,111,197,9134,2010,11973.0,0.0,1.272385,0.545721,ITA,SLV,846390
10532714,138,197,9134,2010,3149.0,0.0,1.132664,0.675756,MEX,SLV,846390
10532715,231,197,9134,2010,13326.0,0.0,1.67573,-0.598165,USA,SLV,846390
10532716,249,197,9134,2010,12097.0,0.0,1.766729,0.909335,TWN,SLV,846390
10532717,43,203,9134,2010,37039.0,0.0,0.922493,2.0176,CHN,STP,846390
10532718,159,203,9134,2010,17372.0,0.0,-1.887084,-1.2280229999999999,NGA,STP,846390
10532719,18,206,9134,2010,8710.0,76661.0,1.2224270000000002,1.1276,BEL,SVK,846390
10532720,23,206,9134,2010,0.0,3739.0,0.44973,1.445441,BGR,SVK,846390
10532721,39,206,9134,2010,0.0,46751.0,0.752421,1.2208510000000001,CAN,SVK,846390
10532722,41,206,9134,2010,22199.0,0.0,2.1492080000000002,0.556424,CHE,SVK,846390
10532723,59,206,9134,2010,709839.0,288770.0,1.732044,0.333934,CZE,SVK,846390
10532724,61,206,9134,2010,1532294.0,19472.0,2.035672,-3.383322,DEU,SVK,846390
10532725,71,206,9134,2010,7541.0,0.0,0.832619,2.448009,ESP,SVK,846390
10532726,77,206,9134,2010,65855.0,0.0,1.530027,-0.052557000000000006,FRA,SVK,846390
10532727,81,206,9134,2010,2504460.0,195202.0,1.828224,0.386383,GBR,SVK,846390
10532728,100,206,9134,2010,125540.0,0.0,0.8276979999999999,0.97415,HRV,SVK,846390
10532729,102,206,9134,2010,160514.0,157589.0,1.514225,0.740341,HUN,SVK,846390
10532730,111,206,9134,2010,2123107.0,343314.0,1.272385,0.545721,ITA,SVK,846390
10532731,114,206,9134,2010,192842.0,0.0,2.459723,-0.279387,JPN,SVK,846390
10532732,138,206,9134,2010,0.0,2883.0,1.132664,0.675756,MEX,SVK,846390
10532733,163,206,9134,2010,93433.0,0.0,0.865676,0.138757,NOR,SVK,846390
10532734,186,206,9134,2010,0.0,83407.0,0.583996,-0.223881,RUS,SVK,846390
10532735,208,206,9134,2010,161002.0,0.0,1.882239,0.397927,SWE,SVK,846390
10532736,224,206,9134,2010,377282.0,0.0,0.359977,2.471173,TUR,SVK,846390
10532737,228,206,9134,2010,0.0,180025.0,0.714148,0.916267,UKR,SVK,846390
10532738,231,206,9134,2010,97509.0,3233.0,1.67573,-0.598165,USA,SVK,846390
10532739,250,206,9134,2010,785773.0,0.0,0.45129600000000003,-0.223517,ANS,SVK,846390
10532740,15,207,9134,2010,0.0,439456.0,1.724315,-0.29379099999999997,AUT,SVN,846390
10532741,26,207,9134,2010,0.0,92794.0,0.462275,0.830405,BIH,SVN,846390
10532742,41,207,9134,2010,70302.0,0.0,2.1492080000000002,0.556424,CHE,SVN,846390
10532743,43,207,9134,2010,2644.0,4626.0,0.922493,2.0176,CHN,SVN,846390
10532744,59,207,9134,2010,9616.0,188541.0,1.732044,0.333934,CZE,SVN,846390
10532745,61,207,9134,2010,1026450.0,0.0,2.035672,-3.383322,DEU,SVN,846390
10532746,71,207,9134,2010,13957.0,0.0,0.832619,2.448009,ESP,SVN,846390
10532747,77,207,9134,2010,1205.0,9096.0,1.530027,-0.052557000000000006,FRA,SVN,846390
10532748,100,207,9134,2010,8820.0,88847.0,0.8276979999999999,0.97415,HRV,SVN,846390
10532749,111,207,9134,2010,78767.0,0.0,1.272385,0.545721,ITA,SVN,846390
10532750,177,207,9134,2010,7411.0,0.0,1.083552,1.1433719999999998,POL,SVN,846390
10532751,201,207,9134,2010,0.0,86027.0,0.561161,1.33974,SRB,SVN,846390
10532752,231,207,9134,2010,75170.0,0.0,1.67573,-0.598165,USA,SVN,846390
10532753,249,207,9134,2010,107082.0,0.0,1.766729,0.909335,TWN,SVN,846390
10532754,250,207,9134,2010,44112.0,0.0,0.45129600000000003,-0.223517,ANS,SVN,846390
10532755,2,208,9134,2010,0.0,1136.0,-1.3711010000000001,-1.170608,AGO,SWE,846390
10532756,14,208,9134,2010,5097.0,4327.0,-0.276442,0.062023,AUS,SWE,846390
10532757,15,208,9134,2010,1109.0,28414.0,1.724315,-0.29379099999999997,AUT,SWE,846390
10532758,21,208,9134,2010,0.0,10116.0,-0.625747,-0.700651,BFA,SWE,846390
10532759,28,208,9134,2010,0.0,32315.0,0.969851,0.593386,BLR,SWE,846390
10532760,31,208,9134,2010,0.0,4565.0,-0.83736,-0.812473,BOL,SWE,846390
10532761,32,208,9134,2010,8612.0,0.0,0.40715500000000004,0.6208100000000001,BRA,SWE,846390
10532762,39,208,9134,2010,0.0,21454.0,0.752421,1.2208510000000001,CAN,SWE,846390
10532763,41,208,9134,2010,497301.0,57589.0,2.1492080000000002,0.556424,CHE,SWE,846390
10532764,43,208,9134,2010,36294.0,261650.0,0.922493,2.0176,CHN,SWE,846390
10532765,61,208,9134,2010,1032174.0,57743.0,2.035672,-3.383322,DEU,SWE,846390
10532766,64,208,9134,2010,69435.0,1596.0,1.082468,1.280759,DNK,SWE,846390
10532767,71,208,9134,2010,75572.0,0.0,0.832619,2.448009,ESP,SWE,846390
10532768,74,208,9134,2010,0.0,1654.0,1.745464,0.897992,FIN,SWE,846390
10532769,77,208,9134,2010,89680.0,5532120.0,1.530027,-0.052557000000000006,FRA,SWE,846390
10532770,81,208,9134,2010,84127.0,0.0,1.828224,0.386383,GBR,SWE,846390
10532771,97,208,9134,2010,4062.0,0.0,0.715745,1.9780259999999998,HKG,SWE,846390
10532772,99,208,9134,2010,0.0,162824.0,-0.569501,-0.153122,HND,SWE,846390
10532773,101,208,9134,2010,0.0,4038.0,-1.369873,-1.121801,HTI,SWE,846390
10532774,103,208,9134,2010,0.0,26014.0,-0.30878099999999997,1.07069,IDN,SWE,846390
10532775,104,208,9134,2010,9916.0,187009.0,0.14485599999999998,2.408913,IND,SWE,846390
10532776,111,208,9134,2010,177889.0,2340790.0,1.272385,0.545721,ITA,SWE,846390
10532777,114,208,9134,2010,0.0,14673.0,2.459723,-0.279387,JPN,SWE,846390
10532778,121,208,9134,2010,0.0,45010.0,1.7118849999999999,0.762362,KOR,SWE,846390
10532779,124,208,9134,2010,0.0,1964.0,0.415854,1.424085,LBN,SWE,846390
10532780,132,208,9134,2010,44494.0,0.0,0.6158170000000001,1.1401059999999998,LVA,SWE,846390
10532781,138,208,9134,2010,0.0,13752.0,1.132664,0.675756,MEX,SWE,846390
10532782,162,208,9134,2010,1534.0,0.0,1.237998,1.1891209999999999,NLD,SWE,846390
10532783,163,208,9134,2010,155940.0,23318.0,0.865676,0.138757,NOR,SWE,846390
10532784,177,208,9134,2010,0.0,109709.0,1.083552,1.1433719999999998,POL,SWE,846390
10532785,186,208,9134,2010,0.0,19487.0,0.583996,-0.223881,RUS,SWE,846390
10532786,188,208,9134,2010,0.0,227762.0,0.46696400000000005,-0.7487520000000001,SAU,SWE,846390
10532787,206,208,9134,2010,0.0,161002.0,1.278601,0.726907,SVK,SWE,846390
10532788,216,208,9134,2010,0.0,2220.0,0.748328,1.425224,THA,SWE,846390
10532789,226,208,9134,2010,0.0,877.0,-0.7327,0.427616,TZA,SWE,846390
10532790,231,208,9134,2010,169563.0,63786.0,1.67573,-0.598165,USA,SWE,846390
10532791,249,208,9134,2010,4235.0,0.0,1.766729,0.909335,TWN,SWE,846390
10532792,9,212,9134,2010,0.0,1149.0,0.11632,-0.417048,ARM,SYR,846390
10532793,15,212,9134,2010,10315.0,0.0,1.724315,-0.29379099999999997,AUT,SYR,846390
10532794,18,212,9134,2010,54526.0,0.0,1.2224270000000002,1.1276,BEL,SYR,846390
10532795,41,212,9134,2010,89754.0,0.0,2.1492080000000002,0.556424,CHE,SYR,846390
10532796,43,212,9134,2010,58539.0,0.0,0.922493,2.0176,CHN,SYR,846390
10532797,59,212,9134,2010,29022.0,0.0,1.732044,0.333934,CZE,SYR,846390
10532798,61,212,9134,2010,4529.0,0.0,2.035672,-3.383322,DEU,SYR,846390
10532799,68,212,9134,2010,0.0,2420.0,-0.181826,1.409465,EGY,SYR,846390
10532800,104,212,9134,2010,54637.0,0.0,0.14485599999999998,2.408913,IND,SYR,846390
10532801,108,212,9134,2010,0.0,23451.0,-2.1439150000000002,-0.913227,IRQ,SYR,846390
10532802,111,212,9134,2010,453409.0,0.0,1.272385,0.545721,ITA,SYR,846390
10532803,124,212,9134,2010,0.0,9504.0,0.415854,1.424085,LBN,SYR,846390
10532804,188,212,9134,2010,0.0,59526.0,0.46696400000000005,-0.7487520000000001,SAU,SYR,846390
10532805,190,212,9134,2010,0.0,10752.0,-1.9094669999999998,-1.271065,SDN,SYR,846390
10532806,224,212,9134,2010,8429.0,0.0,0.359977,2.471173,TUR,SYR,846390
10532807,243,212,9134,2010,0.0,3481.0,-1.360851,-1.208826,YEM,SYR,846390
10532808,249,212,9134,2010,7139.0,0.0,1.766729,0.909335,TWN,SYR,846390
10532809,14,216,9134,2010,91659.0,279606.0,-0.276442,0.062023,AUS,THA,846390
10532810,18,216,9134,2010,30463.0,0.0,1.2224270000000002,1.1276,BEL,THA,846390
10532811,32,216,9134,2010,1264049.0,0.0,0.40715500000000004,0.6208100000000001,BRA,THA,846390
10532812,41,216,9134,2010,196167.0,0.0,2.1492080000000002,0.556424,CHE,THA,846390
10532813,43,216,9134,2010,1864331.0,81979.0,0.922493,2.0176,CHN,THA,846390
10532814,61,216,9134,2010,1073458.0,1769.0,2.035672,-3.383322,DEU,THA,846390
10532815,71,216,9134,2010,139412.0,0.0,0.832619,2.448009,ESP,THA,846390
10532816,74,216,9134,2010,20786.0,0.0,1.745464,0.897992,FIN,THA,846390
10532817,77,216,9134,2010,29534.0,0.0,1.530027,-0.052557000000000006,FRA,THA,846390
10532818,81,216,9134,2010,17168.0,19640.0,1.828224,0.386383,GBR,THA,846390
10532819,97,216,9134,2010,5230.0,4568.0,0.715745,1.9780259999999998,HKG,THA,846390
10532820,103,216,9134,2010,0.0,454373.0,-0.30878099999999997,1.07069,IDN,THA,846390
10532821,104,216,9134,2010,57228.0,142441.0,0.14485599999999998,2.408913,IND,THA,846390
10532822,111,216,9134,2010,1059485.0,3194.0,1.272385,0.545721,ITA,THA,846390
10532823,114,216,9134,2010,10583703.0,83451.0,2.459723,-0.279387,JPN,THA,846390
10532824,116,216,9134,2010,0.0,6240.0,-0.387187,1.010443,KEN,THA,846390
10532825,118,216,9134,2010,0.0,3816.0,-1.158906,-1.019906,KHM,THA,846390
10532826,121,216,9134,2010,2459122.0,5705.0,1.7118849999999999,0.762362,KOR,THA,846390
10532827,123,216,9134,2010,0.0,1714.0,-1.104075,-0.836772,LAO,THA,846390
10532828,124,216,9134,2010,823.0,0.0,0.415854,1.424085,LBN,THA,846390
10532829,126,216,9134,2010,0.0,1246364.0,-0.706491,-1.140822,LBY,THA,846390
10532830,136,216,9134,2010,0.0,5537.0,-0.8737799999999999,-0.043717,MDG,THA,846390
10532831,153,216,9134,2010,4589148.0,364248.0,0.9530780000000001,0.607456,MYS,THA,846390
10532832,168,216,9134,2010,0.0,6303.0,-0.692071,0.5409010000000001,PAK,THA,846390
10532833,169,216,9134,2010,0.0,25257.0,0.617867,0.903432,PAN,THA,846390
10532834,190,216,9134,2010,0.0,280206.0,-1.9094669999999998,-1.271065,SDN,THA,846390
10532835,192,216,9134,2010,85144.0,0.0,1.8441349999999999,0.570311,SGP,THA,846390
10532836,208,216,9134,2010,2220.0,0.0,1.882239,0.397927,SWE,THA,846390
10532837,228,216,9134,2010,7761.0,0.0,0.714148,0.916267,UKR,THA,846390
10532838,231,216,9134,2010,1200297.0,0.0,1.67573,-0.598165,USA,THA,846390
10532839,239,216,9134,2010,27713.0,37191.0,-0.24660500000000002,1.427235,VNM,THA,846390
10532840,249,216,9134,2010,3078692.0,31459.0,1.766729,0.909335,TWN,THA,846390
10532841,43,222,9134,2010,2547.0,0.0,0.922493,2.0176,CHN,TTO,846390
10532842,81,222,9134,2010,3073.0,0.0,1.828224,0.386383,GBR,TTO,846390
10532843,231,222,9134,2010,98764.0,9614.0,1.67573,-0.598165,USA,TTO,846390
10532844,1,224,9134,2010,0.0,6459.0,-0.054633,-0.102103,AFG,TUR,846390
10532845,2,224,9134,2010,0.0,14899.0,-1.3711010000000001,-1.170608,AGO,TUR,846390
10532846,4,224,9134,2010,0.0,2967.0,-0.5316,-0.219561,ALB,TUR,846390
10532847,7,224,9134,2010,0.0,2167.0,0.29457,-0.196371,ARE,TUR,846390
10532848,9,224,9134,2010,0.0,17.0,0.11632,-0.417048,ARM,TUR,846390
10532849,14,224,9134,2010,0.0,46622.0,-0.276442,0.062023,AUS,TUR,846390
10532850,16,224,9134,2010,0.0,29476.0,-1.048424,-1.2030370000000001,AZE,TUR,846390
10532851,18,224,9134,2010,63313.0,0.0,1.2224270000000002,1.1276,BEL,TUR,846390
10532852,22,224,9134,2010,0.0,1668.0,-0.974526,-0.76566,BGD,TUR,846390
10532853,23,224,9134,2010,0.0,99824.0,0.44973,1.445441,BGR,TUR,846390
10532854,24,224,9134,2010,0.0,3591.0,0.284356,-0.8362,BHR,TUR,846390
10532855,26,224,9134,2010,0.0,6652.0,0.462275,0.830405,BIH,TUR,846390
10532856,28,224,9134,2010,0.0,32826.0,0.969851,0.593386,BLR,TUR,846390
10532857,32,224,9134,2010,0.0,6559.0,0.40715500000000004,0.6208100000000001,BRA,TUR,846390
10532858,39,224,9134,2010,0.0,20975.0,0.752421,1.2208510000000001,CAN,TUR,846390
10532859,41,224,9134,2010,110049.0,0.0,2.1492080000000002,0.556424,CHE,TUR,846390
10532860,43,224,9134,2010,1266387.0,17074.0,0.922493,2.0176,CHN,TUR,846390
10532861,44,224,9134,2010,0.0,1219.0,-1.256641,-0.946767,CIV,TUR,846390
10532862,46,224,9134,2010,0.0,134868.0,-1.465101,-1.139909,COD,TUR,846390
10532863,49,224,9134,2010,0.0,11395.0,0.097222,-0.064328,COL,TUR,846390
10532864,59,224,9134,2010,0.0,381768.0,1.732044,0.333934,CZE,TUR,846390
10532865,61,224,9134,2010,9999724.0,287427.0,2.035672,-3.383322,DEU,TUR,846390
10532866,66,224,9134,2010,0.0,225730.0,-1.00922,-1.1511040000000001,DZA,TUR,846390
10532867,68,224,9134,2010,0.0,122924.0,-0.181826,1.409465,EGY,TUR,846390
10532868,71,224,9134,2010,222289.0,337292.0,0.832619,2.448009,ESP,TUR,846390
10532869,77,224,9134,2010,421145.0,25174.0,1.530027,-0.052557000000000006,FRA,TUR,846390
10532870,81,224,9134,2010,45631.0,36270.0,1.828224,0.386383,GBR,TUR,846390
10532871,82,224,9134,2010,0.0,31008.0,-0.21301399999999998,-0.48355299999999996,GEO,TUR,846390
10532872,85,224,9134,2010,0.0,1546.0,-1.6761720000000002,-1.181665,GIN,TUR,846390
10532873,90,224,9134,2010,0.0,44052.0,0.200249,1.4640090000000001,GRC,TUR,846390
10532874,100,224,9134,2010,0.0,13235.0,0.8276979999999999,0.97415,HRV,TUR,846390
10532875,102,224,9134,2010,67286.0,0.0,1.514225,0.740341,HUN,TUR,846390
10532876,104,224,9134,2010,0.0,2419.0,0.14485599999999998,2.408913,IND,TUR,846390
10532877,107,224,9134,2010,0.0,286017.0,-0.609874,-0.744733,IRN,TUR,846390
10532878,108,224,9134,2010,0.0,101841.0,-2.1439150000000002,-0.913227,IRQ,TUR,846390
10532879,110,224,9134,2010,0.0,5116.0,1.215834,0.7028340000000001,ISR,TUR,846390
10532880,111,224,9134,2010,4879614.0,163697.0,1.272385,0.545721,ITA,TUR,846390
10532881,113,224,9134,2010,0.0,1574.0,0.251702,0.522758,JOR,TUR,846390
10532882,114,224,9134,2010,104942.0,0.0,2.459723,-0.279387,JPN,TUR,846390
10532883,115,224,9134,2010,0.0,25737.0,-0.6278020000000001,-0.8419760000000001,KAZ,TUR,846390
10532884,116,224,9134,2010,0.0,3003.0,-0.387187,1.010443,KEN,TUR,846390
10532885,121,224,9134,2010,117790.0,0.0,1.7118849999999999,0.762362,KOR,TUR,846390
10532886,124,224,9134,2010,0.0,11539.0,0.415854,1.424085,LBN,TUR,846390
10532887,126,224,9134,2010,0.0,43198.0,-0.706491,-1.140822,LBY,TUR,846390
10532888,134,224,9134,2010,0.0,948871.0,-0.5935229999999999,-0.056497000000000006,MAR,TUR,846390
10532889,135,224,9134,2010,0.0,12931.0,-0.116797,0.037801,MDA,TUR,846390
10532890,138,224,9134,2010,0.0,4344.0,1.132664,0.675756,MEX,TUR,846390
10532891,140,224,9134,2010,0.0,2330.0,-0.122842,0.407017,MKD,TUR,846390
10532892,144,224,9134,2010,0.0,1116.0,0.266397,-0.02502,MNE,TUR,846390
10532893,159,224,9134,2010,0.0,11659.0,-1.887084,-1.2280229999999999,NGA,TUR,846390
10532894,162,224,9134,2010,1092.0,54730.0,1.237998,1.1891209999999999,NLD,TUR,846390
10532895,167,224,9134,2010,0.0,2744.0,-0.487612,-0.9551379999999999,OMN,TUR,846390
10532896,173,224,9134,2010,0.0,3070.0,-0.650327,0.162321,PER,TUR,846390
10532897,177,224,9134,2010,44598.0,47995.0,1.083552,1.1433719999999998,POL,TUR,846390
10532898,185,224,9134,2010,0.0,35135.0,0.6483760000000001,1.200256,ROU,TUR,846390
10532899,186,224,9134,2010,0.0,56576.0,0.583996,-0.223881,RUS,TUR,846390
10532900,188,224,9134,2010,0.0,206062.0,0.46696400000000005,-0.7487520000000001,SAU,TUR,846390
10532901,190,224,9134,2010,0.0,11668.0,-1.9094669999999998,-1.271065,SDN,TUR,846390
10532902,191,224,9134,2010,0.0,363772.0,-0.45445,-0.148149,SEN,TUR,846390
10532903,201,224,9134,2010,0.0,6894.0,0.561161,1.33974,SRB,TUR,846390
10532904,206,224,9134,2010,0.0,377282.0,1.278601,0.726907,SVK,TUR,846390
10532905,212,224,9134,2010,0.0,8429.0,-0.46833800000000003,1.11952,SYR,TUR,846390
10532906,219,224,9134,2010,0.0,67268.0,-1.161458,-1.191589,TKM,TUR,846390
10532907,223,224,9134,2010,0.0,54797.0,0.165019,0.8882059999999999,TUN,TUR,846390
10532908,228,224,9134,2010,0.0,57790.0,0.714148,0.916267,UKR,TUR,846390
10532909,231,224,9134,2010,635179.0,76521.0,1.67573,-0.598165,USA,TUR,846390
10532910,232,224,9134,2010,0.0,3089.0,-0.704097,-0.655055,UZB,TUR,846390
10532911,246,224,9134,2010,0.0,32653.0,0.327326,1.513598,ZAF,TUR,846390
10532912,249,224,9134,2010,1645561.0,0.0,1.766729,0.909335,TWN,TUR,846390
10532913,250,224,9134,2010,51134.0,78057.0,0.45129600000000003,-0.223517,ANS,TUR,846390
10532914,18,228,9134,2010,3224.0,0.0,1.2224270000000002,1.1276,BEL,UKR,846390
10532915,28,228,9134,2010,0.0,462666.0,0.969851,0.593386,BLR,UKR,846390
10532916,43,228,9134,2010,336975.0,0.0,0.922493,2.0176,CHN,UKR,846390
10532917,54,228,9134,2010,0.0,14372.0,-0.085462,-0.885019,CUB,UKR,846390
10532918,59,228,9134,2010,10849.0,0.0,1.732044,0.333934,CZE,UKR,846390
10532919,61,228,9134,2010,233659.0,0.0,2.035672,-3.383322,DEU,UKR,846390
10532920,77,228,9134,2010,11740.0,0.0,1.530027,-0.052557000000000006,FRA,UKR,846390
10532921,90,228,9134,2010,17187.0,0.0,0.200249,1.4640090000000001,GRC,UKR,846390
10532922,102,228,9134,2010,6704.0,0.0,1.514225,0.740341,HUN,UKR,846390
10532923,104,228,9134,2010,58096.0,0.0,0.14485599999999998,2.408913,IND,UKR,846390
10532924,111,228,9134,2010,962685.0,0.0,1.272385,0.545721,ITA,UKR,846390
10532925,115,228,9134,2010,0.0,412142.0,-0.6278020000000001,-0.8419760000000001,KAZ,UKR,846390
10532926,124,228,9134,2010,0.0,4774.0,0.415854,1.424085,LBN,UKR,846390
10532927,135,228,9134,2010,0.0,11138.0,-0.116797,0.037801,MDA,UKR,846390
10532928,138,228,9134,2010,0.0,13472.0,1.132664,0.675756,MEX,UKR,846390
10532929,162,228,9134,2010,144734.0,0.0,1.237998,1.1891209999999999,NLD,UKR,846390
10532930,177,228,9134,2010,28336.0,0.0,1.083552,1.1433719999999998,POL,UKR,846390
10532931,186,228,9134,2010,129467.0,60682.0,0.583996,-0.223881,RUS,UKR,846390
10532932,206,228,9134,2010,180025.0,0.0,1.278601,0.726907,SVK,UKR,846390
10532933,216,228,9134,2010,0.0,7761.0,0.748328,1.425224,THA,UKR,846390
10532934,224,228,9134,2010,57790.0,0.0,0.359977,2.471173,TUR,UKR,846390
10532935,231,228,9134,2010,8821.0,0.0,1.67573,-0.598165,USA,UKR,846390
10532936,246,228,9134,2010,0.0,21191.0,0.327326,1.513598,ZAF,UKR,846390
10532937,249,228,9134,2010,3749.0,0.0,1.766729,0.909335,TWN,UKR,846390
10532938,8,230,9134,2010,20732.0,0.0,0.27458899999999997,0.597907,ARG,URY,846390
10532939,43,230,9134,2010,213846.0,0.0,0.922493,2.0176,CHN,URY,846390
10532940,61,230,9134,2010,1083.0,0.0,2.035672,-3.383322,DEU,URY,846390
10532941,104,230,9134,2010,9477.0,0.0,0.14485599999999998,2.408913,IND,URY,846390
10532942,111,230,9134,2010,16792.0,0.0,1.272385,0.545721,ITA,URY,846390
10532943,231,230,9134,2010,12300.0,0.0,1.67573,-0.598165,USA,URY,846390
10532944,0,231,9134,2010,0.0,94173.0,0.9906219999999999,0.159993,ABW,USA,846390
10532945,1,231,9134,2010,0.0,30419.0,-0.054633,-0.102103,AFG,USA,846390
10532946,7,231,9134,2010,0.0,1153962.0,0.29457,-0.196371,ARE,USA,846390
10532947,8,231,9134,2010,0.0,371012.0,0.27458899999999997,0.597907,ARG,USA,846390
10532948,14,231,9134,2010,1307116.0,497253.0,-0.276442,0.062023,AUS,USA,846390
10532949,15,231,9134,2010,281347.0,38425.0,1.724315,-0.29379099999999997,AUT,USA,846390
10532950,18,231,9134,2010,48338.0,862622.0,1.2224270000000002,1.1276,BEL,USA,846390
10532951,21,231,9134,2010,0.0,12997.0,-0.625747,-0.700651,BFA,USA,846390
10532952,25,231,9134,2010,0.0,236052.0,0.495262,-0.6198779999999999,BHS,USA,846390
10532953,28,231,9134,2010,0.0,56679.0,0.969851,0.593386,BLR,USA,846390
10532954,30,231,9134,2010,0.0,45371.0,0.46139300000000005,-0.6651590000000001,BMU,USA,846390
10532955,31,231,9134,2010,0.0,8690.0,-0.83736,-0.812473,BOL,USA,846390
10532956,32,231,9134,2010,10405.0,1015816.0,0.40715500000000004,0.6208100000000001,BRA,USA,846390
10532957,33,231,9134,2010,0.0,2621.0,0.7076140000000001,0.434993,BRB,USA,846390
10532958,34,231,9134,2010,0.0,2545.0,0.717167,-0.764841,BRN,USA,846390
10532959,39,231,9134,2010,2551663.0,9209155.0,0.752421,1.2208510000000001,CAN,USA,846390
10532960,41,231,9134,2010,3269831.0,84412.0,2.1492080000000002,0.556424,CHE,USA,846390
10532961,42,231,9134,2010,0.0,1014174.0,-0.34914,-0.459395,CHL,USA,846390
10532962,43,231,9134,2010,713525.0,8247704.0,0.922493,2.0176,CHN,USA,846390
10532963,44,231,9134,2010,0.0,3327.0,-1.256641,-0.946767,CIV,USA,846390
10532964,46,231,9134,2010,0.0,4375.0,-1.465101,-1.139909,COD,USA,846390
10532965,49,231,9134,2010,7813.0,277918.0,0.097222,-0.064328,COL,USA,846390
10532966,51,231,9134,2010,0.0,1751.0,0.140658,-0.527468,CPV,USA,846390
10532967,52,231,9134,2010,165897.0,813265.0,-0.122722,-0.7062069999999999,CRI,USA,846390
10532968,59,231,9134,2010,10293.0,95687.0,1.732044,0.333934,CZE,USA,846390
10532969,61,231,9134,2010,8017432.0,3632422.0,2.035672,-3.383322,DEU,USA,846390
10532970,62,231,9134,2010,0.0,4000.0,-0.37501799999999996,-0.727603,DJI,USA,846390
10532971,64,231,9134,2010,0.0,121243.0,1.082468,1.280759,DNK,USA,846390
10532972,65,231,9134,2010,0.0,62508.0,-0.245241,0.368626,DOM,USA,846390
10532973,66,231,9134,2010,0.0,2749.0,-1.00922,-1.1511040000000001,DZA,USA,846390
10532974,67,231,9134,2010,0.0,119205.0,-0.584013,-0.743675,ECU,USA,846390
10532975,68,231,9134,2010,0.0,300903.0,-0.181826,1.409465,EGY,USA,846390
10532976,71,231,9134,2010,682097.0,355503.0,0.832619,2.448009,ESP,USA,846390
10532977,73,231,9134,2010,0.0,13241.0,-1.122906,-0.840777,ETH,USA,846390
10532978,74,231,9134,2010,875570.0,86657.0,1.745464,0.897992,FIN,USA,846390
10532979,77,231,9134,2010,1014438.0,473125.0,1.530027,-0.052557000000000006,FRA,USA,846390
10532980,81,231,9134,2010,1409212.0,996451.0,1.828224,0.386383,GBR,USA,846390
10532981,85,231,9134,2010,0.0,6435.0,-1.6761720000000002,-1.181665,GIN,USA,846390
10532982,89,231,9134,2010,0.0,9509.0,-1.077402,-0.86556,GNQ,USA,846390
10532983,90,231,9134,2010,8088.0,28272.0,0.200249,1.4640090000000001,GRC,USA,846390
10532984,93,231,9134,2010,0.0,36494.0,-0.39034,0.743521,GTM,USA,846390
10532985,96,231,9134,2010,1217.0,2277.0,-1.020217,-1.0231569999999999,GUY,USA,846390
10532986,97,231,9134,2010,0.0,35286.0,0.715745,1.9780259999999998,HKG,USA,846390
10532987,99,231,9134,2010,0.0,7588.0,-0.569501,-0.153122,HND,USA,846390
10532988,100,231,9134,2010,5688.0,0.0,0.8276979999999999,0.97415,HRV,USA,846390
10532989,101,231,9134,2010,0.0,2642.0,-1.369873,-1.121801,HTI,USA,846390
10532990,102,231,9134,2010,0.0,18375.0,1.514225,0.740341,HUN,USA,846390
10532991,103,231,9134,2010,0.0,687150.0,-0.30878099999999997,1.07069,IDN,USA,846390
10532992,104,231,9134,2010,189609.0,2737965.0,0.14485599999999998,2.408913,IND,USA,846390
10532993,106,231,9134,2010,0.0,36787.0,1.371357,0.168795,IRL,USA,846390
10532994,109,231,9134,2010,0.0,11807.0,0.20822100000000002,-0.318294,ISL,USA,846390
10532995,110,231,9134,2010,123778.0,127207.0,1.215834,0.7028340000000001,ISR,USA,846390
10532996,111,231,9134,2010,6234989.0,177118.0,1.272385,0.545721,ITA,USA,846390
10532997,112,231,9134,2010,0.0,25781.0,0.041471,-0.367177,JAM,USA,846390
10532998,113,231,9134,2010,0.0,16283.0,0.251702,0.522758,JOR,USA,846390
10532999,114,231,9134,2010,8453712.0,541046.0,2.459723,-0.279387,JPN,USA,846390
10533000,115,231,9134,2010,0.0,34529.0,-0.6278020000000001,-0.8419760000000001,KAZ,USA,846390
10533001,119,231,9134,2010,0.0,579.0,0.252151,-0.727326,KIR,USA,846390
10533002,120,231,9134,2010,0.0,6405.0,0.9277790000000001,-0.42824799999999996,KNA,USA,846390
10533003,121,231,9134,2010,285637.0,440501.0,1.7118849999999999,0.762362,KOR,USA,846390
10533004,122,231,9134,2010,0.0,6519.0,0.067373,-1.0822120000000002,KWT,USA,846390
10533005,124,231,9134,2010,0.0,22601.0,0.415854,1.424085,LBN,USA,846390
10533006,126,231,9134,2010,0.0,32374.0,-0.706491,-1.140822,LBY,USA,846390
10533007,130,231,9134,2010,0.0,11321.0,0.6390600000000001,1.144911,LTU,USA,846390
10533008,134,231,9134,2010,0.0,1254422.0,-0.5935229999999999,-0.056497000000000006,MAR,USA,846390
10533009,136,231,9134,2010,0.0,59769.0,-0.8737799999999999,-0.043717,MDG,USA,846390
10533010,138,231,9134,2010,107277.0,8918369.0,1.132664,0.675756,MEX,USA,846390
10533011,151,231,9134,2010,0.0,11178.0,-0.173542,0.103727,MUS,USA,846390
10533012,153,231,9134,2010,0.0,171660.0,0.9530780000000001,0.607456,MYS,USA,846390
10533013,156,231,9134,2010,0.0,2981.0,-0.42193500000000006,-0.8256610000000001,NCL,USA,846390
10533014,157,231,9134,2010,1061.0,0.0,-0.829902,-0.826152,NER,USA,846390
10533015,159,231,9134,2010,0.0,413236.0,-1.887084,-1.2280229999999999,NGA,USA,846390
10533016,160,231,9134,2010,0.0,136212.0,-0.9387409999999999,-0.8119569999999999,NIC,USA,846390
10533017,162,231,9134,2010,118345.0,295917.0,1.237998,1.1891209999999999,NLD,USA,846390
10533018,163,231,9134,2010,0.0,79730.0,0.865676,0.138757,NOR,USA,846390
10533019,166,231,9134,2010,29537.0,329232.0,0.36828299999999997,0.574574,NZL,USA,846390
10533020,167,231,9134,2010,0.0,14011.0,-0.487612,-0.9551379999999999,OMN,USA,846390
10533021,168,231,9134,2010,0.0,9666.0,-0.692071,0.5409010000000001,PAK,USA,846390
10533022,169,231,9134,2010,0.0,32962.0,0.617867,0.903432,PAN,USA,846390
10533023,173,231,9134,2010,0.0,175254.0,-0.650327,0.162321,PER,USA,846390
10533024,174,231,9134,2010,0.0,187893.0,0.40418899999999996,0.102497,PHL,USA,846390
10533025,177,231,9134,2010,36660.0,94155.0,1.083552,1.1433719999999998,POL,USA,846390
10533026,179,231,9134,2010,0.0,93028.0,0.551149,2.437209,PRT,USA,846390
10533027,183,231,9134,2010,0.0,252890.0,-0.346143,-1.078192,QAT,USA,846390
10533028,185,231,9134,2010,0.0,31750.0,0.6483760000000001,1.200256,ROU,USA,846390
10533029,186,231,9134,2010,169495.0,585590.0,0.583996,-0.223881,RUS,USA,846390
10533030,188,231,9134,2010,0.0,460903.0,0.46696400000000005,-0.7487520000000001,SAU,USA,846390
10533031,192,231,9134,2010,0.0,747389.0,1.8441349999999999,0.570311,SGP,USA,846390
10533032,197,231,9134,2010,0.0,13326.0,-0.101434,0.132639,SLV,USA,846390
10533033,206,231,9134,2010,3233.0,97509.0,1.278601,0.726907,SVK,USA,846390
10533034,207,231,9134,2010,0.0,75170.0,1.595473,0.7023020000000001,SVN,USA,846390
10533035,208,231,9134,2010,63786.0,169563.0,1.882239,0.397927,SWE,USA,846390
10533036,216,231,9134,2010,0.0,1200297.0,0.748328,1.425224,THA,USA,846390
10533037,219,231,9134,2010,26663.0,0.0,-1.161458,-1.191589,TKM,USA,846390
10533038,222,231,9134,2010,9614.0,98764.0,-0.338123,-1.070239,TTO,USA,846390
10533039,224,231,9134,2010,76521.0,635179.0,0.359977,2.471173,TUR,USA,846390
10533040,227,231,9134,2010,0.0,84940.0,-0.48061400000000004,0.187001,UGA,USA,846390
10533041,228,231,9134,2010,0.0,8821.0,0.714148,0.916267,UKR,USA,846390
10533042,230,231,9134,2010,0.0,12300.0,0.217246,-0.079733,URY,USA,846390
10533043,236,231,9134,2010,43277.0,171477.0,-0.660844,-1.145133,VEN,USA,846390
10533044,239,231,9134,2010,5767.0,246676.0,-0.24660500000000002,1.427235,VNM,USA,846390
10533045,246,231,9134,2010,0.0,426792.0,0.327326,1.513598,ZAF,USA,846390
10533046,249,231,9134,2010,384493.0,384097.0,1.766729,0.909335,TWN,USA,846390
10533047,0,236,9134,2010,0.0,618.0,0.9906219999999999,0.159993,ABW,VEN,846390
10533048,6,236,9134,2010,57548.0,0.0,-0.08593200000000001,-0.691395,ANT,VEN,846390
10533049,32,236,9134,2010,3903.0,0.0,0.40715500000000004,0.6208100000000001,BRA,VEN,846390
10533050,39,236,9134,2010,18485.0,0.0,0.752421,1.2208510000000001,CAN,VEN,846390
10533051,41,236,9134,2010,1884.0,0.0,2.1492080000000002,0.556424,CHE,VEN,846390
10533052,43,236,9134,2010,96350.0,0.0,0.922493,2.0176,CHN,VEN,846390
10533053,49,236,9134,2010,12375.0,0.0,0.097222,-0.064328,COL,VEN,846390
10533054,61,236,9134,2010,61860.0,0.0,2.035672,-3.383322,DEU,VEN,846390
10533055,71,236,9134,2010,15788.0,11677.0,0.832619,2.448009,ESP,VEN,846390
10533056,104,236,9134,2010,7736.0,7057.0,0.14485599999999998,2.408913,IND,VEN,846390
10533057,108,236,9134,2010,14321.0,0.0,-2.1439150000000002,-0.913227,IRQ,VEN,846390
10533058,111,236,9134,2010,1752190.0,0.0,1.272385,0.545721,ITA,VEN,846390
10533059,114,236,9134,2010,4155.0,0.0,2.459723,-0.279387,JPN,VEN,846390
10533060,138,236,9134,2010,39980.0,0.0,1.132664,0.675756,MEX,VEN,846390
10533061,162,236,9134,2010,5765.0,0.0,1.237998,1.1891209999999999,NLD,VEN,846390
10533062,169,236,9134,2010,34567.0,9370.0,0.617867,0.903432,PAN,VEN,846390
10533063,173,236,9134,2010,2844.0,0.0,-0.650327,0.162321,PER,VEN,846390
10533064,186,236,9134,2010,17522.0,0.0,0.583996,-0.223881,RUS,VEN,846390
10533065,231,236,9134,2010,171477.0,43277.0,1.67573,-0.598165,USA,VEN,846390
10533066,242,236,9134,2010,44951.0,0.0,1.236381,0.276124,WSM,VEN,846390
10533067,249,236,9134,2010,1844.0,0.0,1.766729,0.909335,TWN,VEN,846390
10533068,43,243,9134,2010,5313.0,0.0,0.922493,2.0176,CHN,YEM,846390
10533069,121,243,9134,2010,8752.0,0.0,1.7118849999999999,0.762362,KOR,YEM,846390
10533070,212,243,9134,2010,3481.0,0.0,-0.46833800000000003,1.11952,SYR,YEM,846390
10533071,2,246,9134,2010,0.0,1936.0,-1.3711010000000001,-1.170608,AGO,ZAF,846390
10533072,14,246,9134,2010,0.0,4268.0,-0.276442,0.062023,AUS,ZAF,846390
10533073,18,246,9134,2010,18329.0,66236.0,1.2224270000000002,1.1276,BEL,ZAF,846390
10533074,37,246,9134,2010,0.0,312546.0,-0.181373,-0.714376,BWA,ZAF,846390
10533075,39,246,9134,2010,3341.0,30732.0,0.752421,1.2208510000000001,CAN,ZAF,846390
10533076,41,246,9134,2010,240383.0,42500.0,2.1492080000000002,0.556424,CHE,ZAF,846390
10533077,43,246,9134,2010,177635.0,5050.0,0.922493,2.0176,CHN,ZAF,846390
10533078,46,246,9134,2010,0.0,125441.0,-1.465101,-1.139909,COD,ZAF,846390
10533079,61,246,9134,2010,459240.0,12540.0,2.035672,-3.383322,DEU,ZAF,846390
10533080,71,246,9134,2010,2710.0,0.0,0.832619,2.448009,ESP,ZAF,846390
10533081,81,246,9134,2010,146226.0,3457.0,1.828224,0.386383,GBR,ZAF,846390
10533082,83,246,9134,2010,0.0,6148.0,-0.835003,-0.633731,GHA,ZAF,846390
10533083,97,246,9134,2010,32351.0,0.0,0.715745,1.9780259999999998,HKG,ZAF,846390
10533084,104,246,9134,2010,38888.0,0.0,0.14485599999999998,2.408913,IND,ZAF,846390
10533085,110,246,9134,2010,60387.0,0.0,1.215834,0.7028340000000001,ISR,ZAF,846390
10533086,111,246,9134,2010,2784426.0,0.0,1.272385,0.545721,ITA,ZAF,846390
10533087,116,246,9134,2010,0.0,31923.0,-0.387187,1.010443,KEN,ZAF,846390
10533088,129,246,9134,2010,0.0,57680.0,-0.7534529999999999,-0.759605,LSO,ZAF,846390
10533089,138,246,9134,2010,0.0,163001.0,1.132664,0.675756,MEX,ZAF,846390
10533090,142,246,9134,2010,102345.0,0.0,1.211797,-0.024923,MLT,ZAF,846390
10533091,147,246,9134,2010,12730.0,15222.0,-1.479855,-1.070518,MOZ,ZAF,846390
10533092,151,246,9134,2010,0.0,4639.0,-0.173542,0.103727,MUS,ZAF,846390
10533093,152,246,9134,2010,0.0,6302.0,-0.821839,-0.9153870000000001,MWI,ZAF,846390
10533094,153,246,9134,2010,0.0,1018.0,0.9530780000000001,0.607456,MYS,ZAF,846390
10533095,155,246,9134,2010,0.0,154164.0,-0.49860299999999996,-0.6728529999999999,NAM,ZAF,846390
10533096,159,246,9134,2010,0.0,111840.0,-1.887084,-1.2280229999999999,NGA,ZAF,846390
10533097,162,246,9134,2010,19028.0,0.0,1.237998,1.1891209999999999,NLD,ZAF,846390
10533098,177,246,9134,2010,0.0,20646.0,1.083552,1.1433719999999998,POL,ZAF,846390
10533099,186,246,9134,2010,0.0,131440.0,0.583996,-0.223881,RUS,ZAF,846390
10533100,191,246,9134,2010,0.0,2342.0,-0.45445,-0.148149,SEN,ZAF,846390
10533101,192,246,9134,2010,2102.0,0.0,1.8441349999999999,0.570311,SGP,ZAF,846390
10533102,196,246,9134,2010,0.0,3434.0,-0.056713,-0.293668,SLE,ZAF,846390
10533103,209,246,9134,2010,1242.0,6514.0,0.186142,-0.34577800000000003,SWZ,ZAF,846390
10533104,224,246,9134,2010,32653.0,0.0,0.359977,2.471173,TUR,ZAF,846390
10533105,226,246,9134,2010,0.0,29839.0,-0.7327,0.427616,TZA,ZAF,846390
10533106,227,246,9134,2010,0.0,20481.0,-0.48061400000000004,0.187001,UGA,ZAF,846390
10533107,228,246,9134,2010,21191.0,0.0,0.714148,0.916267,UKR,ZAF,846390
10533108,231,246,9134,2010,426792.0,0.0,1.67573,-0.598165,USA,ZAF,846390
10533109,247,246,9134,2010,947.0,81243.0,-0.650686,-0.830332,ZMB,ZAF,846390
10533110,248,246,9134,2010,0.0,4059.0,-0.869909,-0.8233309999999999,ZWE,ZAF,846390
10533111,249,246,9134,2010,55415.0,0.0,1.766729,0.909335,TWN,ZAF,846390
10533112,2,249,9134,2010,0.0,1752.0,-1.3711010000000001,-1.170608,AGO,TWN,846390
10533113,7,249,9134,2010,0.0,22640.0,0.29457,-0.196371,ARE,TWN,846390
10533114,8,249,9134,2010,0.0,511022.0,0.27458899999999997,0.597907,ARG,TWN,846390
10533115,14,249,9134,2010,0.0,155056.0,-0.276442,0.062023,AUS,TWN,846390
10533116,15,249,9134,2010,0.0,3540.0,1.724315,-0.29379099999999997,AUT,TWN,846390
10533117,16,249,9134,2010,0.0,26835.0,-1.048424,-1.2030370000000001,AZE,TWN,846390
10533118,22,249,9134,2010,0.0,188676.0,-0.974526,-0.76566,BGD,TWN,846390
10533119,23,249,9134,2010,0.0,6776.0,0.44973,1.445441,BGR,TWN,846390
10533120,32,249,9134,2010,0.0,2887538.0,0.40715500000000004,0.6208100000000001,BRA,TWN,846390
10533121,39,249,9134,2010,0.0,111314.0,0.752421,1.2208510000000001,CAN,TWN,846390
10533122,41,249,9134,2010,400408.0,0.0,2.1492080000000002,0.556424,CHE,TWN,846390
10533123,42,249,9134,2010,0.0,91180.0,-0.34914,-0.459395,CHL,TWN,846390
10533124,43,249,9134,2010,988591.0,13175335.0,0.922493,2.0176,CHN,TWN,846390
10533125,47,249,9134,2010,0.0,58575.0,-1.536434,-1.175338,COG,TWN,846390
10533126,49,249,9134,2010,0.0,83420.0,0.097222,-0.064328,COL,TWN,846390
10533127,52,249,9134,2010,0.0,31775.0,-0.122722,-0.7062069999999999,CRI,TWN,846390
10533128,58,249,9134,2010,0.0,16718.0,0.8776450000000001,0.568389,CYP,TWN,846390
10533129,61,249,9134,2010,68279.0,809902.0,2.035672,-3.383322,DEU,TWN,846390
10533130,64,249,9134,2010,0.0,13751.0,1.082468,1.280759,DNK,TWN,846390
10533131,65,249,9134,2010,0.0,1487.0,-0.245241,0.368626,DOM,TWN,846390
10533132,67,249,9134,2010,0.0,69726.0,-0.584013,-0.743675,ECU,TWN,846390
10533133,68,249,9134,2010,0.0,27275.0,-0.181826,1.409465,EGY,TWN,846390
10533134,71,249,9134,2010,0.0,28086.0,0.832619,2.448009,ESP,TWN,846390
10533135,72,249,9134,2010,0.0,19759.0,0.832316,1.1844649999999999,EST,TWN,846390
10533136,74,249,9134,2010,0.0,1777.0,1.745464,0.897992,FIN,TWN,846390
10533137,77,249,9134,2010,4998.0,114191.0,1.530027,-0.052557000000000006,FRA,TWN,846390
10533138,81,249,9134,2010,8674.0,68901.0,1.828224,0.386383,GBR,TWN,846390
10533139,90,249,9134,2010,0.0,62685.0,0.200249,1.4640090000000001,GRC,TWN,846390
10533140,93,249,9134,2010,0.0,6472.0,-0.39034,0.743521,GTM,TWN,846390
10533141,97,249,9134,2010,258232.0,1199289.0,0.715745,1.9780259999999998,HKG,TWN,846390
10533142,99,249,9134,2010,0.0,139305.0,-0.569501,-0.153122,HND,TWN,846390
10533143,100,249,9134,2010,0.0,101100.0,0.8276979999999999,0.97415,HRV,TWN,846390
10533144,102,249,9134,2010,0.0,31896.0,1.514225,0.740341,HUN,TWN,846390
10533145,103,249,9134,2010,0.0,4361812.0,-0.30878099999999997,1.07069,IDN,TWN,846390
10533146,104,249,9134,2010,2810.0,5550584.0,0.14485599999999998,2.408913,IND,TWN,846390
10533147,107,249,9134,2010,0.0,577520.0,-0.609874,-0.744733,IRN,TWN,846390
10533148,110,249,9134,2010,0.0,13639.0,1.215834,0.7028340000000001,ISR,TWN,846390
10533149,111,249,9134,2010,5992.0,705543.0,1.272385,0.545721,ITA,TWN,846390
10533150,113,249,9134,2010,0.0,53033.0,0.251702,0.522758,JOR,TWN,846390
10533151,114,249,9134,2010,1309372.0,2003551.0,2.459723,-0.279387,JPN,TWN,846390
10533152,115,249,9134,2010,0.0,1759282.0,-0.6278020000000001,-0.8419760000000001,KAZ,TWN,846390
10533153,116,249,9134,2010,0.0,212273.0,-0.387187,1.010443,KEN,TWN,846390
10533154,121,249,9134,2010,18240.0,2930322.0,1.7118849999999999,0.762362,KOR,TWN,846390
10533155,130,249,9134,2010,0.0,3130.0,0.6390600000000001,1.144911,LTU,TWN,846390
10533156,138,249,9134,2010,0.0,1652959.0,1.132664,0.675756,MEX,TWN,846390
10533157,153,249,9134,2010,427498.0,1596207.0,0.9530780000000001,0.607456,MYS,TWN,846390
10533158,162,249,9134,2010,0.0,280166.0,1.237998,1.1891209999999999,NLD,TWN,846390
10533159,163,249,9134,2010,0.0,34802.0,0.865676,0.138757,NOR,TWN,846390
10533160,166,249,9134,2010,41584.0,2756.0,0.36828299999999997,0.574574,NZL,TWN,846390
10533161,167,249,9134,2010,0.0,32607.0,-0.487612,-0.9551379999999999,OMN,TWN,846390
10533162,168,249,9134,2010,0.0,207558.0,-0.692071,0.5409010000000001,PAK,TWN,846390
10533163,173,249,9134,2010,0.0,41119.0,-0.650327,0.162321,PER,TWN,846390
10533164,174,249,9134,2010,66000.0,844923.0,0.40418899999999996,0.102497,PHL,TWN,846390
10533165,176,249,9134,2010,0.0,474066.0,-1.725138,-1.195622,PNG,TWN,846390
10533166,177,249,9134,2010,0.0,219049.0,1.083552,1.1433719999999998,POL,TWN,846390
10533167,179,249,9134,2010,0.0,7609.0,0.551149,2.437209,PRT,TWN,846390
10533168,183,249,9134,2010,0.0,77226.0,-0.346143,-1.078192,QAT,TWN,846390
10533169,186,249,9134,2010,0.0,761701.0,0.583996,-0.223881,RUS,TWN,846390
10533170,188,249,9134,2010,0.0,314870.0,0.46696400000000005,-0.7487520000000001,SAU,TWN,846390
10533171,190,249,9134,2010,0.0,29174.0,-1.9094669999999998,-1.271065,SDN,TWN,846390
10533172,192,249,9134,2010,0.0,296371.0,1.8441349999999999,0.570311,SGP,TWN,846390
10533173,195,249,9134,2010,0.0,26193.0,-1.7710650000000001,-1.033138,SLB,TWN,846390
10533174,196,249,9134,2010,0.0,73364.0,-0.056713,-0.293668,SLE,TWN,846390
10533175,197,249,9134,2010,0.0,12097.0,-0.101434,0.132639,SLV,TWN,846390
10533176,207,249,9134,2010,0.0,107082.0,1.595473,0.7023020000000001,SVN,TWN,846390
10533177,208,249,9134,2010,0.0,4235.0,1.882239,0.397927,SWE,TWN,846390
10533178,211,249,9134,2010,0.0,40197.0,-0.075668,-0.549686,SYC,TWN,846390
10533179,212,249,9134,2010,0.0,7139.0,-0.46833800000000003,1.11952,SYR,TWN,846390
10533180,216,249,9134,2010,31459.0,3078692.0,0.748328,1.425224,THA,TWN,846390
10533181,224,249,9134,2010,0.0,1645561.0,0.359977,2.471173,TUR,TWN,846390
10533182,226,249,9134,2010,0.0,31060.0,-0.7327,0.427616,TZA,TWN,846390
10533183,227,249,9134,2010,0.0,187939.0,-0.48061400000000004,0.187001,UGA,TWN,846390
10533184,228,249,9134,2010,0.0,3749.0,0.714148,0.916267,UKR,TWN,846390
10533185,231,249,9134,2010,384097.0,384493.0,1.67573,-0.598165,USA,TWN,846390
10533186,232,249,9134,2010,0.0,24074.0,-0.704097,-0.655055,UZB,TWN,846390
10533187,236,249,9134,2010,0.0,1844.0,-0.660844,-1.145133,VEN,TWN,846390
10533188,239,249,9134,2010,12905.0,2635630.0,-0.24660500000000002,1.427235,VNM,TWN,846390
10533189,246,249,9134,2010,0.0,55415.0,0.327326,1.513598,ZAF,TWN,846390
10533190,250,249,9134,2010,5681.0,0.0,0.45129600000000003,-0.223517,ANS,TWN,846390
10533191,44,250,9134,2010,0.0,27543.0,-1.256641,-0.946767,CIV,ANS,846390
10533192,52,250,9134,2010,0.0,23311.0,-0.122722,-0.7062069999999999,CRI,ANS,846390
10533193,71,250,9134,2010,0.0,18861.0,0.832619,2.448009,ESP,ANS,846390
10533194,77,250,9134,2010,76883.0,10109.0,1.530027,-0.052557000000000006,FRA,ANS,846390
10533195,104,250,9134,2010,0.0,1147.0,0.14485599999999998,2.408913,IND,ANS,846390
10533196,111,250,9134,2010,1707.0,0.0,1.272385,0.545721,ITA,ANS,846390
10533197,126,250,9134,2010,0.0,15013274.0,-0.706491,-1.140822,LBY,ANS,846390
10533198,131,250,9134,2010,0.0,8852.0,1.272127,1.1051520000000001,LUX,ANS,846390
10533199,177,250,9134,2010,0.0,31481.0,1.083552,1.1433719999999998,POL,ANS,846390
10533200,181,250,9134,2010,0.0,19352.0,0.12470099999999999,0.576382,PSE,ANS,846390
10533201,192,250,9134,2010,1587.0,0.0,1.8441349999999999,0.570311,SGP,ANS,846390
10533202,206,250,9134,2010,0.0,785773.0,1.278601,0.726907,SVK,ANS,846390
10533203,207,250,9134,2010,0.0,44112.0,1.595473,0.7023020000000001,SVN,ANS,846390
10533204,223,250,9134,2010,0.0,93206.0,0.165019,0.8882059999999999,TUN,ANS,846390
10533205,224,250,9134,2010,78057.0,51134.0,0.359977,2.471173,TUR,ANS,846390
10533206,239,250,9134,2010,0.0,55597.0,-0.24660500000000002,1.427235,VNM,ANS,846390
10533207,249,250,9134,2010,0.0,5681.0,1.766729,0.909335,TWN,ANS,846390
10533208,14,7,9134,2010,54721.0,0.0,-0.276442,0.062023,AUS,ARE,846390
10533209,15,7,9134,2010,0.0,10630.0,1.724315,-0.29379099999999997,AUT,ARE,846390
10533210,16,7,9134,2010,0.0,1855.0,-1.048424,-1.2030370000000001,AZE,ARE,846390
10533211,18,7,9134,2010,62335.0,0.0,1.2224270000000002,1.1276,BEL,ARE,846390
10533212,43,7,9134,2010,411415.0,0.0,0.922493,2.0176,CHN,ARE,846390
10533213,61,7,9134,2010,1978769.0,0.0,2.035672,-3.383322,DEU,ARE,846390
10533214,71,7,9134,2010,349752.0,0.0,0.832619,2.448009,ESP,ARE,846390
10533215,74,7,9134,2010,1195.0,0.0,1.745464,0.897992,FIN,ARE,846390
10533216,81,7,9134,2010,6564.0,1681.0,1.828224,0.386383,GBR,ARE,846390
10533217,104,7,9134,2010,82277.0,15523.0,0.14485599999999998,2.408913,IND,ARE,846390
10533218,107,7,9134,2010,0.0,28542.0,-0.609874,-0.744733,IRN,ARE,846390
10533219,111,7,9134,2010,1858841.0,7761.0,1.272385,0.545721,ITA,ARE,846390
10533220,114,7,9134,2010,148836.0,0.0,2.459723,-0.279387,JPN,ARE,846390
10533221,121,7,9134,2010,1078821.0,0.0,1.7118849999999999,0.762362,KOR,ARE,846390
10533222,122,7,9134,2010,6073.0,0.0,0.067373,-1.0822120000000002,KWT,ARE,846390
10533223,124,7,9134,2010,4138.0,0.0,0.415854,1.424085,LBN,ARE,846390
10533224,128,7,9134,2010,0.0,4247.0,-0.70886,0.25216700000000003,LKA,ARE,846390
10533225,147,7,9134,2010,0.0,746704.0,-1.479855,-1.070518,MOZ,ARE,846390
10533226,152,7,9134,2010,0.0,9533.0,-0.821839,-0.9153870000000001,MWI,ARE,846390
10533227,162,7,9134,2010,86742.0,0.0,1.237998,1.1891209999999999,NLD,ARE,846390
10533228,167,7,9134,2010,3259.0,13028.0,-0.487612,-0.9551379999999999,OMN,ARE,846390
10533229,168,7,9134,2010,2097.0,188801.0,-0.692071,0.5409010000000001,PAK,ARE,846390
10533230,177,7,9134,2010,4444.0,0.0,1.083552,1.1433719999999998,POL,ARE,846390
10533231,187,7,9134,2010,0.0,22099.0,-0.6033350000000001,-0.524881,RWA,ARE,846390
10533232,188,7,9134,2010,42290.0,0.0,0.46696400000000005,-0.7487520000000001,SAU,ARE,846390
10533233,190,7,9134,2010,0.0,2109.0,-1.9094669999999998,-1.271065,SDN,ARE,846390
10533234,192,7,9134,2010,3980.0,4727.0,1.8441349999999999,0.570311,SGP,ARE,846390
10533235,215,7,9134,2010,0.0,2201.0,-0.943559,-0.884336,TGO,ARE,846390
10533236,224,7,9134,2010,2167.0,0.0,0.359977,2.471173,TUR,ARE,846390
10533237,231,7,9134,2010,1153962.0,0.0,1.67573,-0.598165,USA,ARE,846390
10533238,247,7,9134,2010,0.0,678.0,-0.650686,-0.830332,ZMB,ARE,846390
10533239,249,7,9134,2010,22640.0,0.0,1.766729,0.909335,TWN,ARE,846390
10533240,7,14,9134,2010,0.0,54721.0,0.29457,-0.196371,ARE,AUS,846390
10533241,8,14,9134,2010,0.0,85934.0,0.27458899999999997,0.597907,ARG,AUS,846390
10533242,15,14,9134,2010,31764.0,0.0,1.724315,-0.29379099999999997,AUT,AUS,846390
10533243,18,14,9134,2010,601968.0,0.0,1.2224270000000002,1.1276,BEL,AUS,846390
10533244,32,14,9134,2010,2513.0,11285.0,0.40715500000000004,0.6208100000000001,BRA,AUS,846390
10533245,39,14,9134,2010,36291.0,48147.0,0.752421,1.2208510000000001,CAN,AUS,846390
10533246,41,14,9134,2010,334716.0,0.0,2.1492080000000002,0.556424,CHE,AUS,846390
10533247,42,14,9134,2010,0.0,315470.0,-0.34914,-0.459395,CHL,AUS,846390
10533248,43,14,9134,2010,309762.0,31025.0,0.922493,2.0176,CHN,AUS,846390
10533249,61,14,9134,2010,31140.0,3942.0,2.035672,-3.383322,DEU,AUS,846390
10533250,64,14,9134,2010,3065.0,0.0,1.082468,1.280759,DNK,AUS,846390
10533251,71,14,9134,2010,74938.0,0.0,0.832619,2.448009,ESP,AUS,846390
10533252,74,14,9134,2010,87446.0,0.0,1.745464,0.897992,FIN,AUS,846390
10533253,77,14,9134,2010,11144.0,0.0,1.530027,-0.052557000000000006,FRA,AUS,846390
10533254,81,14,9134,2010,141510.0,2258.0,1.828224,0.386383,GBR,AUS,846390
10533255,83,14,9134,2010,0.0,7758.0,-0.835003,-0.633731,GHA,AUS,846390
10533256,97,14,9134,2010,0.0,14077.0,0.715745,1.9780259999999998,HKG,AUS,846390
10533257,103,14,9134,2010,8477.0,13173.0,-0.30878099999999997,1.07069,IDN,AUS,846390
10533258,104,14,9134,2010,0.0,25617.0,0.14485599999999998,2.408913,IND,AUS,846390
10533259,111,14,9134,2010,1648647.0,1407.0,1.272385,0.545721,ITA,AUS,846390
10533260,114,14,9134,2010,912801.0,15335.0,2.459723,-0.279387,JPN,AUS,846390
10533261,121,14,9134,2010,1038999.0,0.0,1.7118849999999999,0.762362,KOR,AUS,846390
10533262,127,14,9134,2010,0.0,117672.0,0.446162,-0.279229,LCA,AUS,846390
10533263,138,14,9134,2010,0.0,3867.0,1.132664,0.675756,MEX,AUS,846390
10533264,148,14,9134,2010,0.0,20080.0,-2.099882,-1.303977,MRT,AUS,846390
10533265,153,14,9134,2010,12923.0,2793676.0,0.9530780000000001,0.607456,MYS,AUS,846390
10533266,162,14,9134,2010,6140.0,0.0,1.237998,1.1891209999999999,NLD,AUS,846390
10533267,166,14,9134,2010,229910.0,42826.0,0.36828299999999997,0.574574,NZL,AUS,846390
10533268,173,14,9134,2010,0.0,9526.0,-0.650327,0.162321,PER,AUS,846390
10533269,174,14,9134,2010,0.0,3548.0,0.40418899999999996,0.102497,PHL,AUS,846390
10533270,176,14,9134,2010,0.0,116638.0,-1.725138,-1.195622,PNG,AUS,846390
10533271,177,14,9134,2010,5224.0,0.0,1.083552,1.1433719999999998,POL,AUS,846390
10533272,179,14,9134,2010,0.0,95653.0,0.551149,2.437209,PRT,AUS,846390
10533273,192,14,9134,2010,281812.0,396683.0,1.8441349999999999,0.570311,SGP,AUS,846390
10533274,208,14,9134,2010,4327.0,5097.0,1.882239,0.397927,SWE,AUS,846390
10533275,216,14,9134,2010,279606.0,91659.0,0.748328,1.425224,THA,AUS,846390
10533276,224,14,9134,2010,46622.0,0.0,0.359977,2.471173,TUR,AUS,846390
10533277,231,14,9134,2010,497253.0,1307116.0,1.67573,-0.598165,USA,AUS,846390
10533278,240,14,9134,2010,0.0,856.0,-0.8922190000000001,-0.87134,VUT,AUS,846390
10533279,246,14,9134,2010,4268.0,0.0,0.327326,1.513598,ZAF,AUS,846390
10533280,249,14,9134,2010,155056.0,0.0,1.766729,0.909335,TWN,AUS,846390
10533281,7,16,9134,2010,1855.0,0.0,0.29457,-0.196371,ARE,AZE,846390
10533282,43,16,9134,2010,312459.0,0.0,0.922493,2.0176,CHN,AZE,846390
10533283,111,16,9134,2010,93884.0,0.0,1.272385,0.545721,ITA,AZE,846390
10533284,186,16,9134,2010,2330.0,0.0,0.583996,-0.223881,RUS,AZE,846390
10533285,224,16,9134,2010,29476.0,0.0,0.359977,2.471173,TUR,AZE,846390
10533286,249,16,9134,2010,26835.0,0.0,1.766729,0.909335,TWN,AZE,846390
10533287,43,22,9134,2010,165264.0,0.0,0.922493,2.0176,CHN,BGD,846390
10533288,59,22,9134,2010,60852.0,0.0,1.732044,0.333934,CZE,BGD,846390
10533289,104,22,9134,2010,376370.0,0.0,0.14485599999999998,2.408913,IND,BGD,846390
10533290,111,22,9134,2010,22516.0,0.0,1.272385,0.545721,ITA,BGD,846390
10533291,114,22,9134,2010,8033.0,0.0,2.459723,-0.279387,JPN,BGD,846390
10533292,192,22,9134,2010,6174.0,0.0,1.8441349999999999,0.570311,SGP,BGD,846390
10533293,224,22,9134,2010,1668.0,0.0,0.359977,2.471173,TUR,BGD,846390
10533294,249,22,9134,2010,188676.0,0.0,1.766729,0.909335,TWN,BGD,846390
10533295,15,23,9134,2010,23152.0,0.0,1.724315,-0.29379099999999997,AUT,BGR,846390
10533296,18,23,9134,2010,0.0,5305.0,1.2224270000000002,1.1276,BEL,BGR,846390
10533297,41,23,9134,2010,3524.0,0.0,2.1492080000000002,0.556424,CHE,BGR,846390
10533298,43,23,9134,2010,7736.0,0.0,0.922493,2.0176,CHN,BGR,846390
10533299,59,23,9134,2010,13991.0,0.0,1.732044,0.333934,CZE,BGR,846390
10533300,61,23,9134,2010,91708.0,0.0,2.035672,-3.383322,DEU,BGR,846390
10533301,71,23,9134,2010,1076.0,0.0,0.832619,2.448009,ESP,BGR,846390
10533302,77,23,9134,2010,220232.0,0.0,1.530027,-0.052557000000000006,FRA,BGR,846390
10533303,81,23,9134,2010,29116.0,0.0,1.828224,0.386383,GBR,BGR,846390
10533304,90,23,9134,2010,0.0,3122.0,0.200249,1.4640090000000001,GRC,BGR,846390
10533305,111,23,9134,2010,196389.0,1358.0,1.272385,0.545721,ITA,BGR,846390
10533306,140,23,9134,2010,0.0,1302.0,-0.122842,0.407017,MKD,BGR,846390
10533307,162,23,9134,2010,0.0,17762.0,1.237998,1.1891209999999999,NLD,BGR,846390
10533308,186,23,9134,2010,0.0,88275.0,0.583996,-0.223881,RUS,BGR,846390
10533309,206,23,9134,2010,3739.0,0.0,1.278601,0.726907,SVK,BGR,846390
10533310,224,23,9134,2010,99824.0,0.0,0.359977,2.471173,TUR,BGR,846390
10533311,249,23,9134,2010,6776.0,0.0,1.766729,0.909335,TWN,BGR,846390
10533312,61,24,9134,2010,63670.0,0.0,2.035672,-3.383322,DEU,BHR,846390
10533313,81,24,9134,2010,95487.0,0.0,1.828224,0.386383,GBR,BHR,846390
10533314,111,24,9134,2010,1388.0,0.0,1.272385,0.545721,ITA,BHR,846390
10533315,121,24,9134,2010,15353.0,0.0,1.7118849999999999,0.762362,KOR,BHR,846390
10533316,162,24,9134,2010,4221.0,0.0,1.237998,1.1891209999999999,NLD,BHR,846390
10533317,224,24,9134,2010,3591.0,0.0,0.359977,2.471173,TUR,BHR,846390
10533318,15,26,9134,2010,7217.0,0.0,1.724315,-0.29379099999999997,AUT,BIH,846390
10533319,61,26,9134,2010,27163.0,50807.0,2.035672,-3.383322,DEU,BIH,846390
10533320,71,26,9134,2010,0.0,44790.0,0.832619,2.448009,ESP,BIH,846390
10533321,100,26,9134,2010,19697.0,2637.0,0.8276979999999999,0.97415,HRV,BIH,846390
10533322,111,26,9134,2010,578383.0,3944.0,1.272385,0.545721,ITA,BIH,846390
10533323,144,26,9134,2010,0.0,8885.0,0.266397,-0.02502,MNE,BIH,846390
10533324,162,26,9134,2010,1125.0,0.0,1.237998,1.1891209999999999,NLD,BIH,846390
10533325,177,26,9134,2010,2845.0,0.0,1.083552,1.1433719999999998,POL,BIH,846390
10533326,201,26,9134,2010,3277.0,38612.0,0.561161,1.33974,SRB,BIH,846390
10533327,207,26,9134,2010,92794.0,0.0,1.595473,0.7023020000000001,SVN,BIH,846390
10533328,224,26,9134,2010,6652.0,0.0,0.359977,2.471173,TUR,BIH,846390
10533329,9,28,9134,2010,0.0,19848.0,0.11632,-0.417048,ARM,BLR,846390
10533330,39,28,9134,2010,111.0,0.0,0.752421,1.2208510000000001,CAN,BLR,846390
10533331,41,28,9134,2010,52849.0,0.0,2.1492080000000002,0.556424,CHE,BLR,846390
10533332,43,28,9134,2010,38063.0,0.0,0.922493,2.0176,CHN,BLR,846390
10533333,59,28,9134,2010,11515.0,0.0,1.732044,0.333934,CZE,BLR,846390
10533334,61,28,9134,2010,28741.0,0.0,2.035672,-3.383322,DEU,BLR,846390
10533335,71,28,9134,2010,5288.0,0.0,0.832619,2.448009,ESP,BLR,846390
10533336,77,28,9134,2010,16349.0,0.0,1.530027,-0.052557000000000006,FRA,BLR,846390
10533337,111,28,9134,2010,989526.0,0.0,1.272385,0.545721,ITA,BLR,846390
10533338,114,28,9134,2010,1897.0,0.0,2.459723,-0.279387,JPN,BLR,846390
10533339,115,28,9134,2010,0.0,2152.0,-0.6278020000000001,-0.8419760000000001,KAZ,BLR,846390
10533340,121,28,9134,2010,1851.0,0.0,1.7118849999999999,0.762362,KOR,BLR,846390
10533341,130,28,9134,2010,62033.0,0.0,0.6390600000000001,1.144911,LTU,BLR,846390
10533342,132,28,9134,2010,1240.0,0.0,0.6158170000000001,1.1401059999999998,LVA,BLR,846390
10533343,162,28,9134,2010,12944.0,0.0,1.237998,1.1891209999999999,NLD,BLR,846390
10533344,177,28,9134,2010,97734.0,0.0,1.083552,1.1433719999999998,POL,BLR,846390
10533345,186,28,9134,2010,185138.0,316222.0,0.583996,-0.223881,RUS,BLR,846390
10533346,208,28,9134,2010,32315.0,0.0,1.882239,0.397927,SWE,BLR,846390
10533347,224,28,9134,2010,32826.0,0.0,0.359977,2.471173,TUR,BLR,846390
10533348,228,28,9134,2010,462666.0,0.0,0.714148,0.916267,UKR,BLR,846390
10533349,231,28,9134,2010,56679.0,0.0,1.67573,-0.598165,USA,BLR,846390
10533350,15,59,9134,2010,145984.0,0.0,1.724315,-0.29379099999999997,AUT,CZE,846390
10533351,18,59,9134,2010,75914.0,0.0,1.2224270000000002,1.1276,BEL,CZE,846390
10533352,22,59,9134,2010,0.0,60852.0,-0.974526,-0.76566,BGD,CZE,846390
10533353,23,59,9134,2010,0.0,13991.0,0.44973,1.445441,BGR,CZE,846390
10533354,28,59,9134,2010,0.0,11515.0,0.969851,0.593386,BLR,CZE,846390
10533355,41,59,9134,2010,678685.0,187734.0,2.1492080000000002,0.556424,CHE,CZE,846390
10533356,43,59,9134,2010,3334.0,178769.0,0.922493,2.0176,CHN,CZE,846390
10533357,61,59,9134,2010,5825238.0,703035.0,2.035672,-3.383322,DEU,CZE,846390
10533358,64,59,9134,2010,12467.0,0.0,1.082468,1.280759,DNK,CZE,846390
10533359,71,59,9134,2010,30147.0,0.0,0.832619,2.448009,ESP,CZE,846390
10533360,72,59,9134,2010,4630.0,0.0,0.832316,1.1844649999999999,EST,CZE,846390
10533361,77,59,9134,2010,22012.0,0.0,1.530027,-0.052557000000000006,FRA,CZE,846390
10533362,81,59,9134,2010,2008.0,0.0,1.828224,0.386383,GBR,CZE,846390
10533363,90,59,9134,2010,0.0,102487.0,0.200249,1.4640090000000001,GRC,CZE,846390
10533364,99,59,9134,2010,0.0,13524.0,-0.569501,-0.153122,HND,CZE,846390
10533365,100,59,9134,2010,0.0,16105.0,0.8276979999999999,0.97415,HRV,CZE,846390
10533366,102,59,9134,2010,0.0,10185.0,1.514225,0.740341,HUN,CZE,846390
10533367,104,59,9134,2010,10646.0,131127.0,0.14485599999999998,2.408913,IND,CZE,846390
10533368,107,59,9134,2010,0.0,2120.0,-0.609874,-0.744733,IRN,CZE,846390
10533369,111,59,9134,2010,46671.0,0.0,1.272385,0.545721,ITA,CZE,846390
10533370,114,59,9134,2010,1178750.0,0.0,2.459723,-0.279387,JPN,CZE,846390
10533371,121,59,9134,2010,3580.0,0.0,1.7118849999999999,0.762362,KOR,CZE,846390
10533372,124,59,9134,2010,0.0,1640.0,0.415854,1.424085,LBN,CZE,846390
10533373,130,59,9134,2010,0.0,10118.0,0.6390600000000001,1.144911,LTU,CZE,846390
10533374,138,59,9134,2010,0.0,95073.0,1.132664,0.675756,MEX,CZE,846390
10533375,162,59,9134,2010,6880316.0,0.0,1.237998,1.1891209999999999,NLD,CZE,846390
10533376,163,59,9134,2010,0.0,16718.0,0.865676,0.138757,NOR,CZE,846390
10533377,177,59,9134,2010,153910.0,70422.0,1.083552,1.1433719999999998,POL,CZE,846390
10533378,185,59,9134,2010,0.0,65398.0,0.6483760000000001,1.200256,ROU,CZE,846390
10533379,186,59,9134,2010,0.0,37783.0,0.583996,-0.223881,RUS,CZE,846390
10533380,206,59,9134,2010,288770.0,709839.0,1.278601,0.726907,SVK,CZE,846390
10533381,207,59,9134,2010,188541.0,9616.0,1.595473,0.7023020000000001,SVN,CZE,846390
10533382,212,59,9134,2010,0.0,29022.0,-0.46833800000000003,1.11952,SYR,CZE,846390
10533383,224,59,9134,2010,381768.0,0.0,0.359977,2.471173,TUR,CZE,846390
10533384,228,59,9134,2010,0.0,10849.0,0.714148,0.916267,UKR,CZE,846390
10533385,231,59,9134,2010,95687.0,10293.0,1.67573,-0.598165,USA,CZE,846390
10533386,239,59,9134,2010,0.0,1069.0,-0.24660500000000002,1.427235,VNM,CZE,846390
10533387,18,68,9134,2010,19833.0,0.0,1.2224270000000002,1.1276,BEL,EGY,846390
10533388,41,68,9134,2010,120282.0,0.0,2.1492080000000002,0.556424,CHE,EGY,846390
10533389,43,68,9134,2010,695630.0,0.0,0.922493,2.0176,CHN,EGY,846390
10533390,61,68,9134,2010,62331.0,0.0,2.035672,-3.383322,DEU,EGY,846390
10533391,73,68,9134,2010,0.0,60478.0,-1.122906,-0.840777,ETH,EGY,846390
10533392,81,68,9134,2010,30895.0,0.0,1.828224,0.386383,GBR,EGY,846390
10533393,104,68,9134,2010,47343.0,0.0,0.14485599999999998,2.408913,IND,EGY,846390
10533394,110,68,9134,2010,720.0,0.0,1.215834,0.7028340000000001,ISR,EGY,846390
10533395,111,68,9134,2010,3566384.0,0.0,1.272385,0.545721,ITA,EGY,846390
10533396,126,68,9134,2010,0.0,102593.0,-0.706491,-1.140822,LBY,EGY,846390
10533397,162,68,9134,2010,5995.0,0.0,1.237998,1.1891209999999999,NLD,EGY,846390
10533398,167,68,9134,2010,0.0,3247.0,-0.487612,-0.9551379999999999,OMN,EGY,846390
10533399,183,68,9134,2010,0.0,10195.0,-0.346143,-1.078192,QAT,EGY,846390
10533400,188,68,9134,2010,2513.0,0.0,0.46696400000000005,-0.7487520000000001,SAU,EGY,846390
10533401,190,68,9134,2010,0.0,1891.0,-1.9094669999999998,-1.271065,SDN,EGY,846390
10533402,212,68,9134,2010,2420.0,0.0,-0.46833800000000003,1.11952,SYR,EGY,846390
10533403,224,68,9134,2010,122924.0,0.0,0.359977,2.471173,TUR,EGY,846390
10533404,231,68,9134,2010,300903.0,0.0,1.67573,-0.598165,USA,EGY,846390
10533405,249,68,9134,2010,27275.0,0.0,1.766729,0.909335,TWN,EGY,846390
10533406,43,72,9134,2010,8363.0,0.0,0.922493,2.0176,CHN,EST,846390
10533407,59,72,9134,2010,0.0,4630.0,1.732044,0.333934,CZE,EST,846390
10533408,61,72,9134,2010,57478.0,0.0,2.035672,-3.383322,DEU,EST,846390
10533409,74,72,9134,2010,23269.0,0.0,1.745464,0.897992,FIN,EST,846390
10533410,111,72,9134,2010,313662.0,0.0,1.272385,0.545721,ITA,EST,846390
10533411,130,72,9134,2010,5649.0,1832.0,0.6390600000000001,1.144911,LTU,EST,846390
10533412,132,72,9134,2010,83977.0,1032.0,0.6158170000000001,1.1401059999999998,LVA,EST,846390
10533413,197,72,9134,2010,0.0,44721.0,-0.101434,0.132639,SLV,EST,846390
10533414,249,72,9134,2010,19759.0,0.0,1.766729,0.909335,TWN,EST,846390
10533415,15,82,9134,2010,1059.0,0.0,1.724315,-0.29379099999999997,AUT,GEO,846390
10533416,43,82,9134,2010,154569.0,0.0,0.922493,2.0176,CHN,GEO,846390
10533417,177,82,9134,2010,2119.0,0.0,1.083552,1.1433719999999998,POL,GEO,846390
10533418,224,82,9134,2010,31008.0,0.0,0.359977,2.471173,TUR,GEO,846390
10533419,9,100,9134,2010,0.0,1447.0,0.11632,-0.417048,ARM,HRV,846390
10533420,15,100,9134,2010,14237.0,717583.0,1.724315,-0.29379099999999997,AUT,HRV,846390
10533421,26,100,9134,2010,2637.0,19697.0,0.462275,0.830405,BIH,HRV,846390
10533422,41,100,9134,2010,1506.0,98709.0,2.1492080000000002,0.556424,CHE,HRV,846390
10533423,43,100,9134,2010,2925.0,0.0,0.922493,2.0176,CHN,HRV,846390
10533424,59,100,9134,2010,16105.0,0.0,1.732044,0.333934,CZE,HRV,846390
10533425,61,100,9134,2010,47935.0,2067.0,2.035672,-3.383322,DEU,HRV,846390
10533426,64,100,9134,2010,0.0,120205.0,1.082468,1.280759,DNK,HRV,846390
10533427,74,100,9134,2010,387907.0,0.0,1.745464,0.897992,FIN,HRV,846390
10533428,77,100,9134,2010,9916.0,0.0,1.530027,-0.052557000000000006,FRA,HRV,846390
10533429,81,100,9134,2010,12244.0,19412.0,1.828224,0.386383,GBR,HRV,846390
10533430,102,100,9134,2010,0.0,5221.0,1.514225,0.740341,HUN,HRV,846390
10533431,111,100,9134,2010,154905.0,46793.0,1.272385,0.545721,ITA,HRV,846390
10533432,185,100,9134,2010,0.0,1840.0,0.6483760000000001,1.200256,ROU,HRV,846390
10533433,201,100,9134,2010,367700.0,5464.0,0.561161,1.33974,SRB,HRV,846390
10533434,206,100,9134,2010,0.0,125540.0,1.278601,0.726907,SVK,HRV,846390
10533435,207,100,9134,2010,88847.0,8820.0,1.595473,0.7023020000000001,SVN,HRV,846390
10533436,224,100,9134,2010,13235.0,0.0,0.359977,2.471173,TUR,HRV,846390
10533437,231,100,9134,2010,0.0,5688.0,1.67573,-0.598165,USA,HRV,846390
10533438,249,100,9134,2010,101100.0,0.0,1.766729,0.909335,TWN,HRV,846390
10533439,15,102,9134,2010,0.0,85998.0,1.724315,-0.29379099999999997,AUT,HUN,846390
10533440,32,102,9134,2010,429975.0,0.0,0.40715500000000004,0.6208100000000001,BRA,HUN,846390
10533441,39,102,9134,2010,101229.0,0.0,0.752421,1.2208510000000001,CAN,HUN,846390
10533442,41,102,9134,2010,1261994.0,28049.0,2.1492080000000002,0.556424,CHE,HUN,846390
10533443,43,102,9134,2010,1946.0,7792.0,0.922493,2.0176,CHN,HUN,846390
10533444,59,102,9134,2010,10185.0,0.0,1.732044,0.333934,CZE,HUN,846390
10533445,61,102,9134,2010,3792362.0,595921.0,2.035672,-3.383322,DEU,HUN,846390
10533446,64,102,9134,2010,0.0,7760.0,1.082468,1.280759,DNK,HUN,846390
10533447,71,102,9134,2010,14423.0,0.0,0.832619,2.448009,ESP,HUN,846390
10533448,77,102,9134,2010,3859.0,249491.0,1.530027,-0.052557000000000006,FRA,HUN,846390
10533449,81,102,9134,2010,105070.0,0.0,1.828224,0.386383,GBR,HUN,846390
10533450,100,102,9134,2010,5221.0,0.0,0.8276979999999999,0.97415,HRV,HUN,846390
10533451,104,102,9134,2010,0.0,197662.0,0.14485599999999998,2.408913,IND,HUN,846390
10533452,106,102,9134,2010,24104.0,0.0,1.371357,0.168795,IRL,HUN,846390
10533453,111,102,9134,2010,179808.0,0.0,1.272385,0.545721,ITA,HUN,846390
10533454,114,102,9134,2010,650261.0,0.0,2.459723,-0.279387,JPN,HUN,846390
10533455,121,102,9134,2010,0.0,12384.0,1.7118849999999999,0.762362,KOR,HUN,846390
10533456,131,102,9134,2010,0.0,4759.0,1.272127,1.1051520000000001,LUX,HUN,846390
10533457,162,102,9134,2010,115274.0,0.0,1.237998,1.1891209999999999,NLD,HUN,846390
10533458,177,102,9134,2010,0.0,264718.0,1.083552,1.1433719999999998,POL,HUN,846390
10533459,185,102,9134,2010,0.0,236654.0,0.6483760000000001,1.200256,ROU,HUN,846390
10533460,186,102,9134,2010,0.0,287394.0,0.583996,-0.223881,RUS,HUN,846390
10533461,206,102,9134,2010,157589.0,160514.0,1.278601,0.726907,SVK,HUN,846390
10533462,224,102,9134,2010,0.0,67286.0,0.359977,2.471173,TUR,HUN,846390
10533463,228,102,9134,2010,0.0,6704.0,0.714148,0.916267,UKR,HUN,846390
10533464,231,102,9134,2010,18375.0,0.0,1.67573,-0.598165,USA,HUN,846390
10533465,249,102,9134,2010,31896.0,0.0,1.766729,0.909335,TWN,HUN,846390
10533466,39,106,9134,2010,20367.0,0.0,0.752421,1.2208510000000001,CAN,IRL,846390
10533467,43,106,9134,2010,18470.0,451276.0,0.922493,2.0176,CHN,IRL,846390
10533468,61,106,9134,2010,4111.0,0.0,2.035672,-3.383322,DEU,IRL,846390
10533469,71,106,9134,2010,11985.0,0.0,0.832619,2.448009,ESP,IRL,846390
10533470,77,106,9134,2010,0.0,3870.0,1.530027,-0.052557000000000006,FRA,IRL,846390
10533471,81,106,9134,2010,120509.0,42353.0,1.828224,0.386383,GBR,IRL,846390
10533472,102,106,9134,2010,0.0,24104.0,1.514225,0.740341,HUN,IRL,846390
10533473,104,106,9134,2010,0.0,2676.0,0.14485599999999998,2.408913,IND,IRL,846390
10533474,126,106,9134,2010,0.0,2484.0,-0.706491,-1.140822,LBY,IRL,846390
10533475,166,106,9134,2010,0.0,3143.0,0.36828299999999997,0.574574,NZL,IRL,846390
10533476,168,106,9134,2010,0.0,1899.0,-0.692071,0.5409010000000001,PAK,IRL,846390
10533477,186,106,9134,2010,5709.0,0.0,0.583996,-0.223881,RUS,IRL,846390
10533478,192,106,9134,2010,0.0,1573.0,1.8441349999999999,0.570311,SGP,IRL,846390
10533479,231,106,9134,2010,36787.0,0.0,1.67573,-0.598165,USA,IRL,846390
10533480,43,108,9134,2010,169547.0,0.0,0.922493,2.0176,CHN,IRQ,846390
10533481,107,108,9134,2010,5068.0,0.0,-0.609874,-0.744733,IRN,IRQ,846390
10533482,111,108,9134,2010,3478.0,0.0,1.272385,0.545721,ITA,IRQ,846390
10533483,124,108,9134,2010,39019.0,0.0,0.415854,1.424085,LBN,IRQ,846390
10533484,212,108,9134,2010,23451.0,0.0,-0.46833800000000003,1.11952,SYR,IRQ,846390
10533485,224,108,9134,2010,101841.0,0.0,0.359977,2.471173,TUR,IRQ,846390
10533486,236,108,9134,2010,0.0,14321.0,-0.660844,-1.145133,VEN,IRQ,846390
10533487,43,113,9134,2010,16212.0,0.0,0.922493,2.0176,CHN,JOR,846390
10533488,71,113,9134,2010,13933.0,0.0,0.832619,2.448009,ESP,JOR,846390
10533489,77,113,9134,2010,4963.0,0.0,1.530027,-0.052557000000000006,FRA,JOR,846390
10533490,81,113,9134,2010,1104.0,0.0,1.828224,0.386383,GBR,JOR,846390
10533491,97,113,9134,2010,8494.0,0.0,0.715745,1.9780259999999998,HKG,JOR,846390
10533492,111,113,9134,2010,79396.0,17374.0,1.272385,0.545721,ITA,JOR,846390
10533493,153,113,9134,2010,5563.0,0.0,0.9530780000000001,0.607456,MYS,JOR,846390
10533494,224,113,9134,2010,1574.0,0.0,0.359977,2.471173,TUR,JOR,846390
10533495,231,113,9134,2010,16283.0,0.0,1.67573,-0.598165,USA,JOR,846390
10533496,249,113,9134,2010,53033.0,0.0,1.766729,0.909335,TWN,JOR,846390
10533497,32,116,9134,2010,3214.0,0.0,0.40715500000000004,0.6208100000000001,BRA,KEN,846390
10533498,39,116,9134,2010,5088.0,0.0,0.752421,1.2208510000000001,CAN,KEN,846390
10533499,43,116,9134,2010,30121.0,0.0,0.922493,2.0176,CHN,KEN,846390
10533500,61,116,9134,2010,22265.0,0.0,2.035672,-3.383322,DEU,KEN,846390
10533501,81,116,9134,2010,437939.0,0.0,1.828224,0.386383,GBR,KEN,846390
10533502,104,116,9134,2010,139820.0,17047.0,0.14485599999999998,2.408913,IND,KEN,846390
10533503,111,116,9134,2010,1316177.0,0.0,1.272385,0.545721,ITA,KEN,846390
10533504,187,116,9134,2010,0.0,4004.0,-0.6033350000000001,-0.524881,RWA,KEN,846390
10533505,216,116,9134,2010,6240.0,0.0,0.748328,1.425224,THA,KEN,846390
10533506,224,116,9134,2010,3003.0,0.0,0.359977,2.471173,TUR,KEN,846390
10533507,227,116,9134,2010,1626.0,0.0,-0.48061400000000004,0.187001,UGA,KEN,846390
10533508,246,116,9134,2010,31923.0,0.0,0.327326,1.513598,ZAF,KEN,846390
10533509,249,116,9134,2010,212273.0,0.0,1.766729,0.909335,TWN,KEN,846390
10533510,43,117,9134,2010,6082.0,0.0,0.922493,2.0176,CHN,KGZ,846390
10533511,115,117,9134,2010,194785.0,0.0,-0.6278020000000001,-0.8419760000000001,KAZ,KGZ,846390
10533512,43,118,9134,2010,22162.0,0.0,0.922493,2.0176,CHN,KHM,846390
10533513,121,118,9134,2010,14270.0,0.0,1.7118849999999999,0.762362,KOR,KHM,846390
10533514,216,118,9134,2010,3816.0,0.0,0.748328,1.425224,THA,KHM,846390
10533515,7,122,9134,2010,0.0,6073.0,0.29457,-0.196371,ARE,KWT,846390
10533516,39,122,9134,2010,1057.0,0.0,0.752421,1.2208510000000001,CAN,KWT,846390
10533517,43,122,9134,2010,42779.0,0.0,0.922493,2.0176,CHN,KWT,846390
10533518,61,122,9134,2010,19234.0,0.0,2.035672,-3.383322,DEU,KWT,846390
10533519,77,122,9134,2010,88681.0,0.0,1.530027,-0.052557000000000006,FRA,KWT,846390
10533520,104,122,9134,2010,3514.0,0.0,0.14485599999999998,2.408913,IND,KWT,846390
10533521,111,122,9134,2010,33454.0,0.0,1.272385,0.545721,ITA,KWT,846390
10533522,188,122,9134,2010,6692.0,0.0,0.46696400000000005,-0.7487520000000001,SAU,KWT,846390
10533523,192,122,9134,2010,935.0,0.0,1.8441349999999999,0.570311,SGP,KWT,846390
10533524,231,122,9134,2010,6519.0,0.0,1.67573,-0.598165,USA,KWT,846390
10533525,2,124,9134,2010,0.0,22965.0,-1.3711010000000001,-1.170608,AGO,LBN,846390
10533526,7,124,9134,2010,0.0,4138.0,0.29457,-0.196371,ARE,LBN,846390
10533527,15,124,9134,2010,4915.0,0.0,1.724315,-0.29379099999999997,AUT,LBN,846390
10533528,39,124,9134,2010,36835.0,0.0,0.752421,1.2208510000000001,CAN,LBN,846390
10533529,43,124,9134,2010,79102.0,0.0,0.922493,2.0176,CHN,LBN,846390
10533530,44,124,9134,2010,0.0,6376.0,-1.256641,-0.946767,CIV,LBN,846390
10533531,47,124,9134,2010,0.0,19817.0,-1.536434,-1.175338,COG,LBN,846390
10533532,59,124,9134,2010,1640.0,0.0,1.732044,0.333934,CZE,LBN,846390
10533533,61,124,9134,2010,16984.0,0.0,2.035672,-3.383322,DEU,LBN,846390
10533534,64,124,9134,2010,1909.0,0.0,1.082468,1.280759,DNK,LBN,846390
10533535,80,124,9134,2010,0.0,6160.0,-1.707175,-1.167635,GAB,LBN,846390
10533536,85,124,9134,2010,0.0,6537.0,-1.6761720000000002,-1.181665,GIN,LBN,846390
10533537,108,124,9134,2010,0.0,39019.0,-2.1439150000000002,-0.913227,IRQ,LBN,846390
10533538,111,124,9134,2010,1037391.0,0.0,1.272385,0.545721,ITA,LBN,846390
10533539,159,124,9134,2010,0.0,28795.0,-1.887084,-1.2280229999999999,NGA,LBN,846390
10533540,179,124,9134,2010,0.0,1637.0,0.551149,2.437209,PRT,LBN,846390
10533541,188,124,9134,2010,0.0,23271.0,0.46696400000000005,-0.7487520000000001,SAU,LBN,846390
10533542,190,124,9134,2010,0.0,33992.0,-1.9094669999999998,-1.271065,SDN,LBN,846390
10533543,196,124,9134,2010,0.0,6780.0,-0.056713,-0.293668,SLE,LBN,846390
10533544,208,124,9134,2010,1964.0,0.0,1.882239,0.397927,SWE,LBN,846390
10533545,212,124,9134,2010,9504.0,0.0,-0.46833800000000003,1.11952,SYR,LBN,846390
10533546,216,124,9134,2010,0.0,823.0,0.748328,1.425224,THA,LBN,846390
10533547,224,124,9134,2010,11539.0,0.0,0.359977,2.471173,TUR,LBN,846390
10533548,228,124,9134,2010,4774.0,0.0,0.714148,0.916267,UKR,LBN,846390
10533549,231,124,9134,2010,22601.0,0.0,1.67573,-0.598165,USA,LBN,846390
10533550,247,124,9134,2010,0.0,582.0,-0.650686,-0.830332,ZMB,LBN,846390
10533551,15,130,9134,2010,14707.0,0.0,1.724315,-0.29379099999999997,AUT,LTU,846390
10533552,18,130,9134,2010,0.0,85675.0,1.2224270000000002,1.1276,BEL,LTU,846390
10533553,28,130,9134,2010,0.0,62033.0,0.969851,0.593386,BLR,LTU,846390
10533554,39,130,9134,2010,968.0,0.0,0.752421,1.2208510000000001,CAN,LTU,846390
10533555,41,130,9134,2010,1042.0,0.0,2.1492080000000002,0.556424,CHE,LTU,846390
10533556,43,130,9134,2010,29884.0,0.0,0.922493,2.0176,CHN,LTU,846390
10533557,59,130,9134,2010,10118.0,0.0,1.732044,0.333934,CZE,LTU,846390
10533558,61,130,9134,2010,16126.0,0.0,2.035672,-3.383322,DEU,LTU,846390
10533559,71,130,9134,2010,88899.0,0.0,0.832619,2.448009,ESP,LTU,846390
10533560,72,130,9134,2010,1832.0,5649.0,0.832316,1.1844649999999999,EST,LTU,846390
10533561,74,130,9134,2010,36908.0,0.0,1.745464,0.897992,FIN,LTU,846390
10533562,77,130,9134,2010,23419.0,0.0,1.530027,-0.052557000000000006,FRA,LTU,846390
10533563,111,130,9134,2010,210097.0,1703220.0,1.272385,0.545721,ITA,LTU,846390
10533564,132,130,9134,2010,0.0,20831.0,0.6158170000000001,1.1401059999999998,LVA,LTU,846390
10533565,186,130,9134,2010,0.0,103052.0,0.583996,-0.223881,RUS,LTU,846390
10533566,231,130,9134,2010,11321.0,0.0,1.67573,-0.598165,USA,LTU,846390
10533567,249,130,9134,2010,3130.0,0.0,1.766729,0.909335,TWN,LTU,846390
10533568,18,131,9134,2010,9838.0,0.0,1.2224270000000002,1.1276,BEL,LUX,846390
10533569,41,131,9134,2010,23836.0,0.0,2.1492080000000002,0.556424,CHE,LUX,846390
10533570,61,131,9134,2010,16365.0,0.0,2.035672,-3.383322,DEU,LUX,846390
10533571,102,131,9134,2010,4759.0,0.0,1.514225,0.740341,HUN,LUX,846390
10533572,111,131,9134,2010,5466.0,0.0,1.272385,0.545721,ITA,LUX,846390
10533573,186,131,9134,2010,0.0,14240.0,0.583996,-0.223881,RUS,LUX,846390
10533574,250,131,9134,2010,8852.0,0.0,0.45129600000000003,-0.223517,ANS,LUX,846390
10533575,28,132,9134,2010,0.0,1240.0,0.969851,0.593386,BLR,LVA,846390
10533576,39,132,9134,2010,1374.0,0.0,0.752421,1.2208510000000001,CAN,LVA,846390
10533577,43,132,9134,2010,21417.0,0.0,0.922493,2.0176,CHN,LVA,846390
10533578,72,132,9134,2010,1032.0,83977.0,0.832316,1.1844649999999999,EST,LVA,846390
10533579,77,132,9134,2010,243522.0,0.0,1.530027,-0.052557000000000006,FRA,LVA,846390
10533580,111,132,9134,2010,23427.0,0.0,1.272385,0.545721,ITA,LVA,846390
10533581,130,132,9134,2010,20831.0,0.0,0.6390600000000001,1.144911,LTU,LVA,846390
10533582,163,132,9134,2010,188958.0,0.0,0.865676,0.138757,NOR,LVA,846390
10533583,208,132,9134,2010,0.0,44494.0,1.882239,0.397927,SWE,LVA,846390
10533584,18,134,9134,2010,42103.0,0.0,1.2224270000000002,1.1276,BEL,MAR,846390
10533585,41,134,9134,2010,255925.0,0.0,2.1492080000000002,0.556424,CHE,MAR,846390
10533586,43,134,9134,2010,2495496.0,0.0,0.922493,2.0176,CHN,MAR,846390
10533587,44,134,9134,2010,0.0,476032.0,-1.256641,-0.946767,CIV,MAR,846390
10533588,61,134,9134,2010,51392.0,0.0,2.035672,-3.383322,DEU,MAR,846390
10533589,71,134,9134,2010,200565.0,3053.0,0.832619,2.448009,ESP,MAR,846390
10533590,77,134,9134,2010,841876.0,57973.0,1.530027,-0.052557000000000006,FRA,MAR,846390
10533591,104,134,9134,2010,19877.0,0.0,0.14485599999999998,2.408913,IND,MAR,846390
10533592,111,134,9134,2010,2724537.0,0.0,1.272385,0.545721,ITA,MAR,846390
10533593,121,134,9134,2010,18578.0,0.0,1.7118849999999999,0.762362,KOR,MAR,846390
10533594,136,134,9134,2010,0.0,2883.0,-0.8737799999999999,-0.043717,MDG,MAR,846390
10533595,153,134,9134,2010,6665.0,0.0,0.9530780000000001,0.607456,MYS,MAR,846390
10533596,162,134,9134,2010,3221.0,0.0,1.237998,1.1891209999999999,NLD,MAR,846390
10533597,179,134,9134,2010,170880.0,14325.0,0.551149,2.437209,PRT,MAR,846390
10533598,223,134,9134,2010,5414.0,0.0,0.165019,0.8882059999999999,TUN,MAR,846390
10533599,224,134,9134,2010,948871.0,0.0,0.359977,2.471173,TUR,MAR,846390
10533600,231,134,9134,2010,1254422.0,0.0,1.67573,-0.598165,USA,MAR,846390
10533601,41,135,9134,2010,93500.0,0.0,2.1492080000000002,0.556424,CHE,MDA,846390
10533602,43,135,9134,2010,21590.0,0.0,0.922493,2.0176,CHN,MDA,846390
10533603,186,135,9134,2010,17714.0,0.0,0.583996,-0.223881,RUS,MDA,846390
10533604,224,135,9134,2010,12931.0,0.0,0.359977,2.471173,TUR,MDA,846390
10533605,228,135,9134,2010,11138.0,0.0,0.714148,0.916267,UKR,MDA,846390
10533606,23,140,9134,2010,1302.0,0.0,0.44973,1.445441,BGR,MKD,846390
10533607,43,140,9134,2010,3420.0,0.0,0.922493,2.0176,CHN,MKD,846390
10533608,61,140,9134,2010,0.0,1342.0,2.035672,-3.383322,DEU,MKD,846390
10533609,90,140,9134,2010,2708.0,0.0,0.200249,1.4640090000000001,GRC,MKD,846390
10533610,111,140,9134,2010,3810.0,2678.0,1.272385,0.545721,ITA,MKD,846390
10533611,186,140,9134,2010,343.0,0.0,0.583996,-0.223881,RUS,MKD,846390
10533612,201,140,9134,2010,1965.0,0.0,0.561161,1.33974,SRB,MKD,846390
10533613,224,140,9134,2010,2330.0,0.0,0.359977,2.471173,TUR,MKD,846390
10533614,41,142,9134,2010,13867.0,0.0,2.1492080000000002,0.556424,CHE,MLT,846390
10533615,43,142,9134,2010,3270.0,0.0,0.922493,2.0176,CHN,MLT,846390
10533616,81,142,9134,2010,2098.0,0.0,1.828224,0.386383,GBR,MLT,846390
10533617,111,142,9134,2010,298512.0,0.0,1.272385,0.545721,ITA,MLT,846390
10533618,246,142,9134,2010,0.0,102345.0,0.327326,1.513598,ZAF,MLT,846390
10533619,7,147,9134,2010,746704.0,0.0,0.29457,-0.196371,ARE,MOZ,846390
10533620,43,147,9134,2010,45965.0,0.0,0.922493,2.0176,CHN,MOZ,846390
10533621,52,147,9134,2010,2198.0,0.0,-0.122722,-0.7062069999999999,CRI,MOZ,846390
10533622,104,147,9134,2010,239075.0,0.0,0.14485599999999998,2.408913,IND,MOZ,846390
10533623,111,147,9134,2010,3947.0,0.0,1.272385,0.545721,ITA,MOZ,846390
10533624,114,147,9134,2010,1943.0,0.0,2.459723,-0.279387,JPN,MOZ,846390
10533625,179,147,9134,2010,6486.0,0.0,0.551149,2.437209,PRT,MOZ,846390
10533626,246,147,9134,2010,15222.0,12730.0,0.327326,1.513598,ZAF,MOZ,846390
10533627,248,147,9134,2010,0.0,2387.0,-0.869909,-0.8233309999999999,ZWE,MOZ,846390
10533628,13,159,9134,2010,5235.0,0.0,1.2153129999999999,0.955838,ATG,NGA,846390
10533629,31,159,9134,2010,0.0,94222.0,-0.83736,-0.812473,BOL,NGA,846390
10533630,43,159,9134,2010,158828.0,13258.0,0.922493,2.0176,CHN,NGA,846390
10533631,77,159,9134,2010,36024.0,0.0,1.530027,-0.052557000000000006,FRA,NGA,846390
10533632,104,159,9134,2010,282010.0,0.0,0.14485599999999998,2.408913,IND,NGA,846390
10533633,111,159,9134,2010,302562.0,7783.0,1.272385,0.545721,ITA,NGA,846390
10533634,121,159,9134,2010,47622.0,0.0,1.7118849999999999,0.762362,KOR,NGA,846390
10533635,124,159,9134,2010,28795.0,0.0,0.415854,1.424085,LBN,NGA,846390
10533636,162,159,9134,2010,12375.0,0.0,1.237998,1.1891209999999999,NLD,NGA,846390
10533637,191,159,9134,2010,0.0,130950.0,-0.45445,-0.148149,SEN,NGA,846390
10533638,203,159,9134,2010,0.0,17372.0,0.676596,-0.145275,STP,NGA,846390
10533639,224,159,9134,2010,11659.0,0.0,0.359977,2.471173,TUR,NGA,846390
10533640,231,159,9134,2010,413236.0,0.0,1.67573,-0.598165,USA,NGA,846390
10533641,246,159,9134,2010,111840.0,0.0,0.327326,1.513598,ZAF,NGA,846390
10533642,15,163,9134,2010,8823.0,0.0,1.724315,-0.29379099999999997,AUT,NOR,846390
10533643,18,163,9134,2010,16539.0,0.0,1.2224270000000002,1.1276,BEL,NOR,846390
10533644,39,163,9134,2010,11921.0,0.0,0.752421,1.2208510000000001,CAN,NOR,846390
10533645,41,163,9134,2010,376343.0,22210.0,2.1492080000000002,0.556424,CHE,NOR,846390
10533646,43,163,9134,2010,2389.0,9689.0,0.922493,2.0176,CHN,NOR,846390
10533647,59,163,9134,2010,16718.0,0.0,1.732044,0.333934,CZE,NOR,846390
10533648,61,163,9134,2010,185107.0,1245.0,2.035672,-3.383322,DEU,NOR,846390
10533649,64,163,9134,2010,36600.0,1046.0,1.082468,1.280759,DNK,NOR,846390
10533650,77,163,9134,2010,2087.0,0.0,1.530027,-0.052557000000000006,FRA,NOR,846390
10533651,81,163,9134,2010,487945.0,0.0,1.828224,0.386383,GBR,NOR,846390
10533652,111,163,9134,2010,164560.0,5225.0,1.272385,0.545721,ITA,NOR,846390
10533653,114,163,9134,2010,7938.0,0.0,2.459723,-0.279387,JPN,NOR,846390
10533654,121,163,9134,2010,0.0,9126.0,1.7118849999999999,0.762362,KOR,NOR,846390
10533655,132,163,9134,2010,0.0,188958.0,0.6158170000000001,1.1401059999999998,LVA,NOR,846390
10533656,162,163,9134,2010,3830.0,0.0,1.237998,1.1891209999999999,NLD,NOR,846390
10533657,177,163,9134,2010,1488.0,42601.0,1.083552,1.1433719999999998,POL,NOR,846390
10533658,185,163,9134,2010,0.0,4798.0,0.6483760000000001,1.200256,ROU,NOR,846390
10533659,206,163,9134,2010,0.0,93433.0,1.278601,0.726907,SVK,NOR,846390
10533660,208,163,9134,2010,23318.0,155940.0,1.882239,0.397927,SWE,NOR,846390
10533661,231,163,9134,2010,79730.0,0.0,1.67573,-0.598165,USA,NOR,846390
10533662,249,163,9134,2010,34802.0,0.0,1.766729,0.909335,TWN,NOR,846390
10533663,7,167,9134,2010,13028.0,3259.0,0.29457,-0.196371,ARE,OMN,846390
10533664,43,167,9134,2010,2493.0,0.0,0.922493,2.0176,CHN,OMN,846390
10533665,68,167,9134,2010,3247.0,0.0,-0.181826,1.409465,EGY,OMN,846390
10533666,71,167,9134,2010,22033.0,0.0,0.832619,2.448009,ESP,OMN,846390
10533667,81,167,9134,2010,1452.0,0.0,1.828224,0.386383,GBR,OMN,846390
10533668,104,167,9134,2010,14759.0,1202.0,0.14485599999999998,2.408913,IND,OMN,846390
10533669,111,167,9134,2010,65508.0,0.0,1.272385,0.545721,ITA,OMN,846390
10533670,114,167,9134,2010,5761.0,0.0,2.459723,-0.279387,JPN,OMN,846390
10533671,121,167,9134,2010,612907.0,0.0,1.7118849999999999,0.762362,KOR,OMN,846390
10533672,185,167,9134,2010,8864.0,0.0,0.6483760000000001,1.200256,ROU,OMN,846390
10533673,224,167,9134,2010,2744.0,0.0,0.359977,2.471173,TUR,OMN,846390
10533674,231,167,9134,2010,14011.0,0.0,1.67573,-0.598165,USA,OMN,846390
10533675,249,167,9134,2010,32607.0,0.0,1.766729,0.909335,TWN,OMN,846390
10533676,7,168,9134,2010,188801.0,2097.0,0.29457,-0.196371,ARE,PAK,846390
10533677,18,168,9134,2010,61160.0,0.0,1.2224270000000002,1.1276,BEL,PAK,846390
10533678,43,168,9134,2010,84213.0,0.0,0.922493,2.0176,CHN,PAK,846390
10533679,61,168,9134,2010,0.0,25703.0,2.035672,-3.383322,DEU,PAK,846390
10533680,71,168,9134,2010,43901.0,0.0,0.832619,2.448009,ESP,PAK,846390
10533681,73,168,9134,2010,0.0,44488.0,-1.122906,-0.840777,ETH,PAK,846390
10533682,77,168,9134,2010,67611.0,0.0,1.530027,-0.052557000000000006,FRA,PAK,846390
10533683,81,168,9134,2010,23751.0,0.0,1.828224,0.386383,GBR,PAK,846390
10533684,104,168,9134,2010,0.0,138212.0,0.14485599999999998,2.408913,IND,PAK,846390
10533685,106,168,9134,2010,1899.0,0.0,1.371357,0.168795,IRL,PAK,846390
10533686,111,168,9134,2010,55791.0,0.0,1.272385,0.545721,ITA,PAK,846390
10533687,114,168,9134,2010,130276.0,0.0,2.459723,-0.279387,JPN,PAK,846390
10533688,183,168,9134,2010,0.0,5516.0,-0.346143,-1.078192,QAT,PAK,846390
10533689,188,168,9134,2010,0.0,24442.0,0.46696400000000005,-0.7487520000000001,SAU,PAK,846390
10533690,216,168,9134,2010,6303.0,0.0,0.748328,1.425224,THA,PAK,846390
10533691,226,168,9134,2010,0.0,105031.0,-0.7327,0.427616,TZA,PAK,846390
10533692,231,168,9134,2010,9666.0,0.0,1.67573,-0.598165,USA,PAK,846390
10533693,249,168,9134,2010,207558.0,0.0,1.766729,0.909335,TWN,PAK,846390
10533694,15,185,9134,2010,158695.0,0.0,1.724315,-0.29379099999999997,AUT,ROU,846390
10533695,18,185,9134,2010,3037.0,0.0,1.2224270000000002,1.1276,BEL,ROU,846390
10533696,41,185,9134,2010,308985.0,1203.0,2.1492080000000002,0.556424,CHE,ROU,846390
10533697,43,185,9134,2010,15862.0,0.0,0.922493,2.0176,CHN,ROU,846390
10533698,58,185,9134,2010,7584.0,0.0,0.8776450000000001,0.568389,CYP,ROU,846390
10533699,59,185,9134,2010,65398.0,0.0,1.732044,0.333934,CZE,ROU,846390
10533700,61,185,9134,2010,287052.0,21155.0,2.035672,-3.383322,DEU,ROU,846390
10533701,64,185,9134,2010,22995.0,0.0,1.082468,1.280759,DNK,ROU,846390
10533702,77,185,9134,2010,1035065.0,0.0,1.530027,-0.052557000000000006,FRA,ROU,846390
10533703,81,185,9134,2010,58749.0,0.0,1.828224,0.386383,GBR,ROU,846390
10533704,100,185,9134,2010,1840.0,0.0,0.8276979999999999,0.97415,HRV,ROU,846390
10533705,102,185,9134,2010,236654.0,0.0,1.514225,0.740341,HUN,ROU,846390
10533706,104,185,9134,2010,1645.0,29140.0,0.14485599999999998,2.408913,IND,ROU,846390
10533707,111,185,9134,2010,1274605.0,7817.0,1.272385,0.545721,ITA,ROU,846390
10533708,121,185,9134,2010,0.0,505877.0,1.7118849999999999,0.762362,KOR,ROU,846390
10533709,138,185,9134,2010,24972.0,0.0,1.132664,0.675756,MEX,ROU,846390
10533710,163,185,9134,2010,4798.0,0.0,0.865676,0.138757,NOR,ROU,846390
10533711,167,185,9134,2010,0.0,8864.0,-0.487612,-0.9551379999999999,OMN,ROU,846390
10533712,177,185,9134,2010,216105.0,0.0,1.083552,1.1433719999999998,POL,ROU,846390
10533713,201,185,9134,2010,2508.0,0.0,0.561161,1.33974,SRB,ROU,846390
10533714,224,185,9134,2010,35135.0,0.0,0.359977,2.471173,TUR,ROU,846390
10533715,231,185,9134,2010,31750.0,0.0,1.67573,-0.598165,USA,ROU,846390
10533716,16,186,9134,2010,0.0,2330.0,-1.048424,-1.2030370000000001,AZE,RUS,846390
10533717,23,186,9134,2010,88275.0,0.0,0.44973,1.445441,BGR,RUS,846390
10533718,28,186,9134,2010,316222.0,185138.0,0.969851,0.593386,BLR,RUS,846390
10533719,32,186,9134,2010,7874.0,0.0,0.40715500000000004,0.6208100000000001,BRA,RUS,846390
10533720,39,186,9134,2010,228143.0,0.0,0.752421,1.2208510000000001,CAN,RUS,846390
10533721,41,186,9134,2010,746108.0,0.0,2.1492080000000002,0.556424,CHE,RUS,846390
10533722,43,186,9134,2010,697212.0,0.0,0.922493,2.0176,CHN,RUS,846390
10533723,58,186,9134,2010,0.0,11539.0,0.8776450000000001,0.568389,CYP,RUS,846390
10533724,59,186,9134,2010,37783.0,0.0,1.732044,0.333934,CZE,RUS,846390
10533725,61,186,9134,2010,15950042.0,34228.0,2.035672,-3.383322,DEU,RUS,846390
10533726,71,186,9134,2010,85618.0,0.0,0.832619,2.448009,ESP,RUS,846390
10533727,74,186,9134,2010,823779.0,0.0,1.745464,0.897992,FIN,RUS,846390
10533728,77,186,9134,2010,218476.0,0.0,1.530027,-0.052557000000000006,FRA,RUS,846390
10533729,81,186,9134,2010,77958.0,0.0,1.828224,0.386383,GBR,RUS,846390
10533730,97,186,9134,2010,1578.0,0.0,0.715745,1.9780259999999998,HKG,RUS,846390
10533731,102,186,9134,2010,287394.0,0.0,1.514225,0.740341,HUN,RUS,846390
10533732,104,186,9134,2010,6777.0,0.0,0.14485599999999998,2.408913,IND,RUS,846390
10533733,106,186,9134,2010,0.0,5709.0,1.371357,0.168795,IRL,RUS,846390
10533734,111,186,9134,2010,2952452.0,0.0,1.272385,0.545721,ITA,RUS,846390
10533735,114,186,9134,2010,29397.0,0.0,2.459723,-0.279387,JPN,RUS,846390
10533736,115,186,9134,2010,0.0,64451.0,-0.6278020000000001,-0.8419760000000001,KAZ,RUS,846390
10533737,121,186,9134,2010,1331.0,0.0,1.7118849999999999,0.762362,KOR,RUS,846390
10533738,126,186,9134,2010,0.0,204878.0,-0.706491,-1.140822,LBY,RUS,846390
10533739,130,186,9134,2010,103052.0,0.0,0.6390600000000001,1.144911,LTU,RUS,846390
10533740,131,186,9134,2010,14240.0,0.0,1.272127,1.1051520000000001,LUX,RUS,846390
10533741,135,186,9134,2010,0.0,17714.0,-0.116797,0.037801,MDA,RUS,846390
10533742,140,186,9134,2010,0.0,343.0,-0.122842,0.407017,MKD,RUS,846390
10533743,162,186,9134,2010,24965.0,0.0,1.237998,1.1891209999999999,NLD,RUS,846390
10533744,177,186,9134,2010,299978.0,0.0,1.083552,1.1433719999999998,POL,RUS,846390
10533745,206,186,9134,2010,83407.0,0.0,1.278601,0.726907,SVK,RUS,846390
10533746,208,186,9134,2010,19487.0,0.0,1.882239,0.397927,SWE,RUS,846390
10533747,219,186,9134,2010,0.0,5685.0,-1.161458,-1.191589,TKM,RUS,846390
10533748,224,186,9134,2010,56576.0,0.0,0.359977,2.471173,TUR,RUS,846390
10533749,228,186,9134,2010,60682.0,129467.0,0.714148,0.916267,UKR,RUS,846390
10533750,231,186,9134,2010,585590.0,169495.0,1.67573,-0.598165,USA,RUS,846390
10533751,236,186,9134,2010,0.0,17522.0,-0.660844,-1.145133,VEN,RUS,846390
10533752,246,186,9134,2010,131440.0,0.0,0.327326,1.513598,ZAF,RUS,846390
10533753,249,186,9134,2010,761701.0,0.0,1.766729,0.909335,TWN,RUS,846390
10533754,2,192,9134,2010,0.0,4474.0,-1.3711010000000001,-1.170608,AGO,SGP,846390
10533755,7,192,9134,2010,4727.0,3980.0,0.29457,-0.196371,ARE,SGP,846390
10533756,14,192,9134,2010,396683.0,281812.0,-0.276442,0.062023,AUS,SGP,846390
10533757,22,192,9134,2010,0.0,6174.0,-0.974526,-0.76566,BGD,SGP,846390
10533758,39,192,9134,2010,0.0,11527.0,0.752421,1.2208510000000001,CAN,SGP,846390
10533759,41,192,9134,2010,39792.0,0.0,2.1492080000000002,0.556424,CHE,SGP,846390
10533760,43,192,9134,2010,395079.0,625561.0,0.922493,2.0176,CHN,SGP,846390
10533761,58,192,9134,2010,1259.0,0.0,0.8776450000000001,0.568389,CYP,SGP,846390
10533762,61,192,9134,2010,27748.0,17541.0,2.035672,-3.383322,DEU,SGP,846390
10533763,64,192,9134,2010,4367.0,0.0,1.082468,1.280759,DNK,SGP,846390
10533764,71,192,9134,2010,4593.0,0.0,0.832619,2.448009,ESP,SGP,846390
10533765,77,192,9134,2010,11720.0,0.0,1.530027,-0.052557000000000006,FRA,SGP,846390
10533766,81,192,9134,2010,559297.0,0.0,1.828224,0.386383,GBR,SGP,846390
10533767,97,192,9134,2010,14746.0,677067.0,0.715745,1.9780259999999998,HKG,SGP,846390
10533768,103,192,9134,2010,4207.0,364837.0,-0.30878099999999997,1.07069,IDN,SGP,846390
10533769,104,192,9134,2010,24770.0,468018.0,0.14485599999999998,2.408913,IND,SGP,846390
10533770,106,192,9134,2010,1573.0,0.0,1.371357,0.168795,IRL,SGP,846390
10533771,111,192,9134,2010,400027.0,0.0,1.272385,0.545721,ITA,SGP,846390
10533772,114,192,9134,2010,268483.0,5223.0,2.459723,-0.279387,JPN,SGP,846390
10533773,121,192,9134,2010,31393.0,40895.0,1.7118849999999999,0.762362,KOR,SGP,846390
10533774,122,192,9134,2010,0.0,935.0,0.067373,-1.0822120000000002,KWT,SGP,846390
10533775,137,192,9134,2010,0.0,2405.0,-0.644859,-0.910633,MDV,SGP,846390
10533776,145,192,9134,2010,0.0,11276.0,-1.110861,-1.105545,MNG,SGP,846390
10533777,151,192,9134,2010,0.0,8506.0,-0.173542,0.103727,MUS,SGP,846390
10533778,153,192,9134,2010,226387.0,826658.0,0.9530780000000001,0.607456,MYS,SGP,846390
10533779,162,192,9134,2010,60290.0,0.0,1.237998,1.1891209999999999,NLD,SGP,846390
10533780,166,192,9134,2010,0.0,27091.0,0.36828299999999997,0.574574,NZL,SGP,846390
10533781,216,192,9134,2010,0.0,85144.0,0.748328,1.425224,THA,SGP,846390
10533782,231,192,9134,2010,747389.0,0.0,1.67573,-0.598165,USA,SGP,846390
10533783,239,192,9134,2010,0.0,35132.0,-0.24660500000000002,1.427235,VNM,SGP,846390
10533784,246,192,9134,2010,0.0,2102.0,0.327326,1.513598,ZAF,SGP,846390
10533785,249,192,9134,2010,296371.0,0.0,1.766729,0.909335,TWN,SGP,846390
10533786,250,192,9134,2010,0.0,1587.0,0.45129600000000003,-0.223517,ANS,SGP,846390
10533787,15,201,9134,2010,189758.0,0.0,1.724315,-0.29379099999999997,AUT,SRB,846390
10533788,26,201,9134,2010,38612.0,3277.0,0.462275,0.830405,BIH,SRB,846390
10533789,41,201,9134,2010,112450.0,0.0,2.1492080000000002,0.556424,CHE,SRB,846390
10533790,43,201,9134,2010,1557.0,0.0,0.922493,2.0176,CHN,SRB,846390
10533791,61,201,9134,2010,193362.0,0.0,2.035672,-3.383322,DEU,SRB,846390
10533792,71,201,9134,2010,24934.0,0.0,0.832619,2.448009,ESP,SRB,846390
10533793,77,201,9134,2010,147123.0,0.0,1.530027,-0.052557000000000006,FRA,SRB,846390
10533794,81,201,9134,2010,0.0,28614.0,1.828224,0.386383,GBR,SRB,846390
10533795,100,201,9134,2010,5464.0,367700.0,0.8276979999999999,0.97415,HRV,SRB,846390
10533796,104,201,9134,2010,719.0,0.0,0.14485599999999998,2.408913,IND,SRB,846390
10533797,111,201,9134,2010,444664.0,0.0,1.272385,0.545721,ITA,SRB,846390
10533798,140,201,9134,2010,0.0,1965.0,-0.122842,0.407017,MKD,SRB,846390
10533799,144,201,9134,2010,0.0,1591.0,0.266397,-0.02502,MNE,SRB,846390
10533800,185,201,9134,2010,0.0,2508.0,0.6483760000000001,1.200256,ROU,SRB,846390
10533801,207,201,9134,2010,86027.0,0.0,1.595473,0.7023020000000001,SVN,SRB,846390
10533802,224,201,9134,2010,6894.0,0.0,0.359977,2.471173,TUR,SRB,846390
10533803,107,217,9134,2010,20370.0,0.0,-0.609874,-0.744733,IRN,TJK,846390
10533804,43,219,9134,2010,8121.0,0.0,0.922493,2.0176,CHN,TKM,846390
10533805,107,219,9134,2010,6075.0,0.0,-0.609874,-0.744733,IRN,TKM,846390
10533806,186,219,9134,2010,5685.0,0.0,0.583996,-0.223881,RUS,TKM,846390
10533807,224,219,9134,2010,67268.0,0.0,0.359977,2.471173,TUR,TKM,846390
10533808,231,219,9134,2010,0.0,26663.0,1.67573,-0.598165,USA,TKM,846390
10533809,43,223,9134,2010,153155.0,0.0,0.922493,2.0176,CHN,TUN,846390
10533810,61,223,9134,2010,108566.0,0.0,2.035672,-3.383322,DEU,TUN,846390
10533811,71,223,9134,2010,55368.0,0.0,0.832619,2.448009,ESP,TUN,846390
10533812,77,223,9134,2010,1091310.0,0.0,1.530027,-0.052557000000000006,FRA,TUN,846390
10533813,81,223,9134,2010,24455.0,0.0,1.828224,0.386383,GBR,TUN,846390
10533814,111,223,9134,2010,375334.0,1355.0,1.272385,0.545721,ITA,TUN,846390
10533815,134,223,9134,2010,0.0,5414.0,-0.5935229999999999,-0.056497000000000006,MAR,TUN,846390
10533816,177,223,9134,2010,1276.0,0.0,1.083552,1.1433719999999998,POL,TUN,846390
10533817,179,223,9134,2010,229105.0,0.0,0.551149,2.437209,PRT,TUN,846390
10533818,224,223,9134,2010,54797.0,0.0,0.359977,2.471173,TUR,TUN,846390
10533819,250,223,9134,2010,93206.0,0.0,0.45129600000000003,-0.223517,ANS,TUN,846390
10533820,43,232,9134,2010,435678.0,0.0,0.922493,2.0176,CHN,UZB,846390
10533821,61,232,9134,2010,1176130.0,0.0,2.035672,-3.383322,DEU,UZB,846390
10533822,107,232,9134,2010,4942.0,0.0,-0.609874,-0.744733,IRN,UZB,846390
10533823,224,232,9134,2010,3089.0,0.0,0.359977,2.471173,TUR,UZB,846390
10533824,249,232,9134,2010,24074.0,0.0,1.766729,0.909335,TWN,UZB,846390
10533825,39,239,9134,2010,4373.0,0.0,0.752421,1.2208510000000001,CAN,VNM,846390
10533826,41,239,9134,2010,1153120.0,0.0,2.1492080000000002,0.556424,CHE,VNM,846390
10533827,43,239,9134,2010,2897322.0,0.0,0.922493,2.0176,CHN,VNM,846390
10533828,59,239,9134,2010,1069.0,0.0,1.732044,0.333934,CZE,VNM,846390
10533829,61,239,9134,2010,839785.0,80016.0,2.035672,-3.383322,DEU,VNM,846390
10533830,71,239,9134,2010,84674.0,0.0,0.832619,2.448009,ESP,VNM,846390
10533831,81,239,9134,2010,3092.0,0.0,1.828224,0.386383,GBR,VNM,846390
10533832,104,239,9134,2010,357021.0,282283.0,0.14485599999999998,2.408913,IND,VNM,846390
10533833,111,239,9134,2010,124904.0,0.0,1.272385,0.545721,ITA,VNM,846390
10533834,114,239,9134,2010,2393777.0,91046.0,2.459723,-0.279387,JPN,VNM,846390
10533835,121,239,9134,2010,1534659.0,0.0,1.7118849999999999,0.762362,KOR,VNM,846390
10533836,153,239,9134,2010,313914.0,7642.0,0.9530780000000001,0.607456,MYS,VNM,846390
10533837,162,239,9134,2010,0.0,81889.0,1.237998,1.1891209999999999,NLD,VNM,846390
10533838,192,239,9134,2010,35132.0,0.0,1.8441349999999999,0.570311,SGP,VNM,846390
10533839,216,239,9134,2010,37191.0,27713.0,0.748328,1.425224,THA,VNM,846390
10533840,231,239,9134,2010,246676.0,5767.0,1.67573,-0.598165,USA,VNM,846390
10533841,249,239,9134,2010,2635630.0,12905.0,1.766729,0.909335,TWN,VNM,846390
10533842,250,239,9134,2010,55597.0,0.0,0.45129600000000003,-0.223517,ANS,VNM,846390
10533843,43,248,9134,2010,10954.0,0.0,0.922493,2.0176,CHN,ZWE,846390
10533844,104,248,9134,2010,4389.0,0.0,0.14485599999999998,2.408913,IND,ZWE,846390
10533845,138,248,9134,2010,0.0,5961.0,1.132664,0.675756,MEX,ZWE,846390
10533846,147,248,9134,2010,2387.0,0.0,-1.479855,-1.070518,MOZ,ZWE,846390
10533847,246,248,9134,2010,4059.0,0.0,0.327326,1.513598,ZAF,ZWE,846390
10533848,6,0,9134,2010,1124.0,0.0,-0.08593200000000001,-0.691395,ANT,ABW,846390
10533849,162,0,9134,2010,19430.0,0.0,1.237998,1.1891209999999999,NLD,ABW,846390
10533850,231,0,9134,2010,94173.0,0.0,1.67573,-0.598165,USA,ABW,846390
10533851,236,0,9134,2010,618.0,0.0,-0.660844,-1.145133,VEN,ABW,846390
10533852,104,1,9134,2010,1840.0,0.0,0.14485599999999998,2.408913,IND,AFG,846390
10533853,107,1,9134,2010,13858.0,0.0,-0.609874,-0.744733,IRN,AFG,846390
10533854,224,1,9134,2010,6459.0,0.0,0.359977,2.471173,TUR,AFG,846390
10533855,231,1,9134,2010,30419.0,0.0,1.67573,-0.598165,USA,AFG,846390
10533856,43,4,9134,2010,89781.0,0.0,0.922493,2.0176,CHN,ALB,846390
10533857,61,4,9134,2010,3206.0,0.0,2.035672,-3.383322,DEU,ALB,846390
10533858,90,4,9134,2010,14201.0,0.0,0.200249,1.4640090000000001,GRC,ALB,846390
10533859,111,4,9134,2010,177550.0,0.0,1.272385,0.545721,ITA,ALB,846390
10533860,224,4,9134,2010,2967.0,0.0,0.359977,2.471173,TUR,ALB,846390
10533861,43,13,9134,2010,1382.0,0.0,0.922493,2.0176,CHN,ATG,846390
10533862,65,13,9134,2010,0.0,8452.0,-0.245241,0.368626,DOM,ATG,846390
10533863,159,13,9134,2010,0.0,5235.0,-1.887084,-1.2280229999999999,NGA,ATG,846390
10533864,18,19,9134,2010,2850.0,0.0,1.2224270000000002,1.1276,BEL,BEN,846390
10533865,61,19,9134,2010,962.0,0.0,2.035672,-3.383322,DEU,BEN,846390
10533866,83,19,9134,2010,899.0,0.0,-0.835003,-0.633731,GHA,BEN,846390
10533867,111,19,9134,2010,3554.0,0.0,1.272385,0.545721,ITA,BEN,846390
10533868,32,31,9134,2010,7279.0,0.0,0.40715500000000004,0.6208100000000001,BRA,BOL,846390
10533869,42,31,9134,2010,83931.0,0.0,-0.34914,-0.459395,CHL,BOL,846390
10533870,43,31,9134,2010,2537.0,0.0,0.922493,2.0176,CHN,BOL,846390
10533871,61,31,9134,2010,1141.0,0.0,2.035672,-3.383322,DEU,BOL,846390
10533872,71,31,9134,2010,53923.0,0.0,0.832619,2.448009,ESP,BOL,846390
10533873,104,31,9134,2010,783.0,0.0,0.14485599999999998,2.408913,IND,BOL,846390
10533874,111,31,9134,2010,9471.0,0.0,1.272385,0.545721,ITA,BOL,846390
10533875,159,31,9134,2010,94222.0,0.0,-1.887084,-1.2280229999999999,NGA,BOL,846390
10533876,173,31,9134,2010,2508.0,0.0,-0.650327,0.162321,PER,BOL,846390
10533877,208,31,9134,2010,4565.0,0.0,1.882239,0.397927,SWE,BOL,846390
10533878,231,31,9134,2010,8690.0,0.0,1.67573,-0.598165,USA,BOL,846390
10533879,43,37,9134,2010,4939.0,0.0,0.922493,2.0176,CHN,BWA,846390
10533880,81,37,9134,2010,53.0,0.0,1.828224,0.386383,GBR,BWA,846390
10533881,246,37,9134,2010,312546.0,0.0,0.327326,1.513598,ZAF,BWA,846390
10533882,43,44,9134,2010,248375.0,0.0,0.922493,2.0176,CHN,CIV,846390
10533883,46,44,9134,2010,3510.0,0.0,-1.465101,-1.139909,COD,CIV,846390
10533884,77,44,9134,2010,39356.0,0.0,1.530027,-0.052557000000000006,FRA,CIV,846390
10533885,111,44,9134,2010,7769.0,0.0,1.272385,0.545721,ITA,CIV,846390
10533886,124,44,9134,2010,6376.0,0.0,0.415854,1.424085,LBN,CIV,846390
10533887,134,44,9134,2010,476032.0,0.0,-0.5935229999999999,-0.056497000000000006,MAR,CIV,846390
10533888,224,44,9134,2010,1219.0,0.0,0.359977,2.471173,TUR,CIV,846390
10533889,231,44,9134,2010,3327.0,0.0,1.67573,-0.598165,USA,CIV,846390
10533890,250,44,9134,2010,27543.0,0.0,0.45129600000000003,-0.223517,ANS,CIV,846390
10533891,43,45,9134,2010,186338.0,0.0,0.922493,2.0176,CHN,CMR,846390
10533892,111,45,9134,2010,10076.0,0.0,1.272385,0.545721,ITA,CMR,846390
10533893,18,46,9134,2010,1840.0,0.0,1.2224270000000002,1.1276,BEL,COD,846390
10533894,44,46,9134,2010,0.0,3510.0,-1.256641,-0.946767,CIV,COD,846390
10533895,111,46,9134,2010,2517.0,0.0,1.272385,0.545721,ITA,COD,846390
10533896,224,46,9134,2010,134868.0,0.0,0.359977,2.471173,TUR,COD,846390
10533897,231,46,9134,2010,4375.0,0.0,1.67573,-0.598165,USA,COD,846390
10533898,246,46,9134,2010,125441.0,0.0,0.327326,1.513598,ZAF,COD,846390
10533899,2,47,9134,2010,0.0,19626.0,-1.3711010000000001,-1.170608,AGO,COG,846390
10533900,43,47,9134,2010,8703.0,0.0,0.922493,2.0176,CHN,COG,846390
10533901,77,47,9134,2010,37829.0,0.0,1.530027,-0.052557000000000006,FRA,COG,846390
10533902,80,47,9134,2010,0.0,98844.0,-1.707175,-1.167635,GAB,COG,846390
10533903,104,47,9134,2010,9242.0,0.0,0.14485599999999998,2.408913,IND,COG,846390
10533904,111,47,9134,2010,97334.0,0.0,1.272385,0.545721,ITA,COG,846390
10533905,124,47,9134,2010,19817.0,0.0,0.415854,1.424085,LBN,COG,846390
10533906,179,47,9134,2010,2106.0,0.0,0.551149,2.437209,PRT,COG,846390
10533907,249,47,9134,2010,58575.0,0.0,1.766729,0.909335,TWN,COG,846390
10533908,43,51,9134,2010,1204.0,0.0,0.922493,2.0176,CHN,CPV,846390
10533909,111,51,9134,2010,15736.0,0.0,1.272385,0.545721,ITA,CPV,846390
10533910,179,51,9134,2010,8221.0,0.0,0.551149,2.437209,PRT,CPV,846390
10533911,231,51,9134,2010,1751.0,0.0,1.67573,-0.598165,USA,CPV,846390
10533912,43,54,9134,2010,59995.0,0.0,0.922493,2.0176,CHN,CUB,846390
10533913,61,54,9134,2010,11532.0,0.0,2.035672,-3.383322,DEU,CUB,846390
10533914,111,54,9134,2010,124591.0,0.0,1.272385,0.545721,ITA,CUB,846390
10533915,228,54,9134,2010,14372.0,0.0,0.714148,0.916267,UKR,CUB,846390
10533916,41,58,9134,2010,130700.0,0.0,2.1492080000000002,0.556424,CHE,CYP,846390
10533917,43,58,9134,2010,28714.0,0.0,0.922493,2.0176,CHN,CYP,846390
10533918,71,58,9134,2010,5790.0,0.0,0.832619,2.448009,ESP,CYP,846390
10533919,90,58,9134,2010,0.0,3972.0,0.200249,1.4640090000000001,GRC,CYP,846390
10533920,111,58,9134,2010,3553630.0,0.0,1.272385,0.545721,ITA,CYP,846390
10533921,185,58,9134,2010,0.0,7584.0,0.6483760000000001,1.200256,ROU,CYP,846390
10533922,186,58,9134,2010,11539.0,0.0,0.583996,-0.223881,RUS,CYP,846390
10533923,192,58,9134,2010,0.0,1259.0,1.8441349999999999,0.570311,SGP,CYP,846390
10533924,249,58,9134,2010,16718.0,0.0,1.766729,0.909335,TWN,CYP,846390
10533925,18,66,9134,2010,528207.0,0.0,1.2224270000000002,1.1276,BEL,DZA,846390
10533926,41,66,9134,2010,1229408.0,0.0,2.1492080000000002,0.556424,CHE,DZA,846390
10533927,43,66,9134,2010,316230.0,0.0,0.922493,2.0176,CHN,DZA,846390
10533928,61,66,9134,2010,94567.0,0.0,2.035672,-3.383322,DEU,DZA,846390
10533929,71,66,9134,2010,14640.0,0.0,0.832619,2.448009,ESP,DZA,846390
10533930,77,66,9134,2010,176345.0,0.0,1.530027,-0.052557000000000006,FRA,DZA,846390
10533931,81,66,9134,2010,10511.0,0.0,1.828224,0.386383,GBR,DZA,846390
10533932,90,66,9134,2010,4893.0,0.0,0.200249,1.4640090000000001,GRC,DZA,846390
10533933,104,66,9134,2010,7638.0,0.0,0.14485599999999998,2.408913,IND,DZA,846390
10533934,111,66,9134,2010,1964414.0,0.0,1.272385,0.545721,ITA,DZA,846390
10533935,121,66,9134,2010,13114.0,0.0,1.7118849999999999,0.762362,KOR,DZA,846390
10533936,224,66,9134,2010,225730.0,0.0,0.359977,2.471173,TUR,DZA,846390
10533937,231,66,9134,2010,2749.0,0.0,1.67573,-0.598165,USA,DZA,846390
10533938,43,73,9134,2010,21705.0,0.0,0.922493,2.0176,CHN,ETH,846390
10533939,61,73,9134,2010,10917.0,0.0,2.035672,-3.383322,DEU,ETH,846390
10533940,68,73,9134,2010,60478.0,0.0,-0.181826,1.409465,EGY,ETH,846390
10533941,104,73,9134,2010,23942.0,0.0,0.14485599999999998,2.408913,IND,ETH,846390
10533942,111,73,9134,2010,2018.0,0.0,1.272385,0.545721,ITA,ETH,846390
10533943,114,73,9134,2010,1448.0,0.0,2.459723,-0.279387,JPN,ETH,846390
10533944,168,73,9134,2010,44488.0,0.0,-0.692071,0.5409010000000001,PAK,ETH,846390
10533945,231,73,9134,2010,13241.0,0.0,1.67573,-0.598165,USA,ETH,846390
10533946,43,80,9134,2010,2835.0,0.0,0.922493,2.0176,CHN,GAB,846390
10533947,47,80,9134,2010,98844.0,0.0,-1.536434,-1.175338,COG,GAB,846390
10533948,61,80,9134,2010,27469.0,0.0,2.035672,-3.383322,DEU,GAB,846390
10533949,77,80,9134,2010,3977.0,0.0,1.530027,-0.052557000000000006,FRA,GAB,846390
10533950,111,80,9134,2010,13352.0,0.0,1.272385,0.545721,ITA,GAB,846390
10533951,124,80,9134,2010,6160.0,0.0,0.415854,1.424085,LBN,GAB,846390
10533952,14,83,9134,2010,7758.0,0.0,-0.276442,0.062023,AUS,GHA,846390
10533953,19,83,9134,2010,0.0,899.0,-1.0660120000000002,-0.9961190000000001,BEN,GHA,846390
10533954,43,83,9134,2010,44487.0,0.0,0.922493,2.0176,CHN,GHA,846390
10533955,61,83,9134,2010,1201.0,0.0,2.035672,-3.383322,DEU,GHA,846390
10533956,81,83,9134,2010,33095.0,0.0,1.828224,0.386383,GBR,GHA,846390
10533957,104,83,9134,2010,93111.0,0.0,0.14485599999999998,2.408913,IND,GHA,846390
10533958,111,83,9134,2010,34571.0,0.0,1.272385,0.545721,ITA,GHA,846390
10533959,179,83,9134,2010,11248.0,0.0,0.551149,2.437209,PRT,GHA,846390
10533960,246,83,9134,2010,6148.0,0.0,0.327326,1.513598,ZAF,GHA,846390
10533961,18,84,9134,2010,1731.0,0.0,1.2224270000000002,1.1276,BEL,GIB,846390
10533962,43,89,9134,2010,3236.0,0.0,0.922493,2.0176,CHN,GNQ,846390
10533963,77,89,9134,2010,18558.0,0.0,1.530027,-0.052557000000000006,FRA,GNQ,846390
10533964,111,89,9134,2010,55018.0,0.0,1.272385,0.545721,ITA,GNQ,846390
10533965,231,89,9134,2010,9509.0,0.0,1.67573,-0.598165,USA,GNQ,846390
10533966,43,109,9134,2010,1234.0,0.0,0.922493,2.0176,CHN,ISL,846390
10533967,61,109,9134,2010,9212.0,0.0,2.035672,-3.383322,DEU,ISL,846390
10533968,162,109,9134,2010,3610.0,0.0,1.237998,1.1891209999999999,NLD,ISL,846390
10533969,231,109,9134,2010,11807.0,0.0,1.67573,-0.598165,USA,ISL,846390
10533970,18,126,9134,2010,1734.0,0.0,1.2224270000000002,1.1276,BEL,LBY,846390
10533971,43,126,9134,2010,524329.0,0.0,0.922493,2.0176,CHN,LBY,846390
10533972,61,126,9134,2010,9018.0,0.0,2.035672,-3.383322,DEU,LBY,846390
10533973,68,126,9134,2010,102593.0,0.0,-0.181826,1.409465,EGY,LBY,846390
10533974,81,126,9134,2010,58185.0,0.0,1.828224,0.386383,GBR,LBY,846390
10533975,106,126,9134,2010,2484.0,0.0,1.371357,0.168795,IRL,LBY,846390
10533976,111,126,9134,2010,227416.0,0.0,1.272385,0.545721,ITA,LBY,846390
10533977,186,126,9134,2010,204878.0,0.0,0.583996,-0.223881,RUS,LBY,846390
10533978,216,126,9134,2010,1246364.0,0.0,0.748328,1.425224,THA,LBY,846390
10533979,224,126,9134,2010,43198.0,0.0,0.359977,2.471173,TUR,LBY,846390
10533980,231,126,9134,2010,32374.0,0.0,1.67573,-0.598165,USA,LBY,846390
10533981,250,126,9134,2010,15013274.0,0.0,0.45129600000000003,-0.223517,ANS,LBY,846390
10533982,43,133,9134,2010,10718.0,0.0,0.922493,2.0176,CHN,MAC,846390
10533983,43,141,9134,2010,38569.0,0.0,0.922493,2.0176,CHN,MLI,846390
10533984,77,141,9134,2010,1148.0,0.0,1.530027,-0.052557000000000006,FRA,MLI,846390
10533985,111,141,9134,2010,81436.0,0.0,1.272385,0.545721,ITA,MLI,846390
10533986,26,144,9134,2010,8885.0,0.0,0.462275,0.830405,BIH,MNE,846390
10533987,61,144,9134,2010,6166.0,0.0,2.035672,-3.383322,DEU,MNE,846390
10533988,111,144,9134,2010,203891.0,6306.0,1.272385,0.545721,ITA,MNE,846390
10533989,201,144,9134,2010,1591.0,0.0,0.561161,1.33974,SRB,MNE,846390
10533990,224,144,9134,2010,1116.0,0.0,0.359977,2.471173,TUR,MNE,846390
10533991,14,148,9134,2010,20080.0,0.0,-0.276442,0.062023,AUS,MRT,846390
10533992,43,151,9134,2010,15870.0,0.0,0.922493,2.0176,CHN,MUS,846390
10533993,61,151,9134,2010,27535.0,0.0,2.035672,-3.383322,DEU,MUS,846390
10533994,64,151,9134,2010,54905.0,0.0,1.082468,1.280759,DNK,MUS,846390
10533995,77,151,9134,2010,3855.0,0.0,1.530027,-0.052557000000000006,FRA,MUS,846390
10533996,81,151,9134,2010,4194.0,0.0,1.828224,0.386383,GBR,MUS,846390
10533997,104,151,9134,2010,1043.0,0.0,0.14485599999999998,2.408913,IND,MUS,846390
10533998,111,151,9134,2010,36414.0,0.0,1.272385,0.545721,ITA,MUS,846390
10533999,136,151,9134,2010,997.0,0.0,-0.8737799999999999,-0.043717,MDG,MUS,846390
10534000,192,151,9134,2010,8506.0,0.0,1.8441349999999999,0.570311,SGP,MUS,846390
10534001,231,151,9134,2010,11178.0,0.0,1.67573,-0.598165,USA,MUS,846390
10534002,246,151,9134,2010,4639.0,0.0,0.327326,1.513598,ZAF,MUS,846390
10534003,2,155,9134,2010,0.0,2354.0,-1.3711010000000001,-1.170608,AGO,NAM,846390
10534004,41,155,9134,2010,7416.0,0.0,2.1492080000000002,0.556424,CHE,NAM,846390
10534005,43,155,9134,2010,312458.0,742.0,0.922493,2.0176,CHN,NAM,846390
10534006,246,155,9134,2010,154164.0,0.0,0.327326,1.513598,ZAF,NAM,846390
10534007,111,156,9134,2010,53975.0,0.0,1.272385,0.545721,ITA,NCL,846390
10534008,231,156,9134,2010,2981.0,0.0,1.67573,-0.598165,USA,NCL,846390
10534009,43,157,9134,2010,1787.0,0.0,0.922493,2.0176,CHN,NER,846390
10534010,77,157,9134,2010,942.0,0.0,1.530027,-0.052557000000000006,FRA,NER,846390
10534011,231,157,9134,2010,0.0,1061.0,1.67573,-0.598165,USA,NER,846390
10534012,14,176,9134,2010,116638.0,0.0,-0.276442,0.062023,AUS,PNG,846390
10534013,61,176,9134,2010,6418.0,0.0,2.035672,-3.383322,DEU,PNG,846390
10534014,104,176,9134,2010,5247.0,0.0,0.14485599999999998,2.408913,IND,PNG,846390
10534015,166,176,9134,2010,75974.0,0.0,0.36828299999999997,0.574574,NZL,PNG,846390
10534016,249,176,9134,2010,474066.0,0.0,1.766729,0.909335,TWN,PNG,846390
10534017,43,178,9134,2010,368305.0,0.0,0.922493,2.0176,CHN,PRK,846390
10534018,104,178,9134,2010,0.0,138353.0,0.14485599999999998,2.408913,IND,PRK,846390
10534019,77,191,9134,2010,6365.0,0.0,1.530027,-0.052557000000000006,FRA,SEN,846390
10534020,104,191,9134,2010,99503.0,0.0,0.14485599999999998,2.408913,IND,SEN,846390
10534021,111,191,9134,2010,51869.0,0.0,1.272385,0.545721,ITA,SEN,846390
10534022,159,191,9134,2010,130950.0,0.0,-1.887084,-1.2280229999999999,NGA,SEN,846390
10534023,224,191,9134,2010,363772.0,0.0,0.359977,2.471173,TUR,SEN,846390
10534024,246,191,9134,2010,2342.0,0.0,0.327326,1.513598,ZAF,SEN,846390
10534025,124,196,9134,2010,6780.0,0.0,0.415854,1.424085,LBN,SLE,846390
10534026,246,196,9134,2010,3434.0,0.0,0.327326,1.513598,ZAF,SLE,846390
10534027,249,196,9134,2010,73364.0,0.0,1.766729,0.909335,TWN,SLE,846390
10534028,43,209,9134,2010,47045.0,0.0,0.922493,2.0176,CHN,SWZ,846390
10534029,246,209,9134,2010,6514.0,1242.0,0.327326,1.513598,ZAF,SWZ,846390
10534030,43,211,9134,2010,13993.0,0.0,0.922493,2.0176,CHN,SYC,846390
10534031,77,211,9134,2010,1357.0,0.0,1.530027,-0.052557000000000006,FRA,SYC,846390
10534032,153,211,9134,2010,1860.0,0.0,0.9530780000000001,0.607456,MYS,SYC,846390
10534033,249,211,9134,2010,40197.0,0.0,1.766729,0.909335,TWN,SYC,846390
10534034,7,215,9134,2010,2201.0,0.0,0.29457,-0.196371,ARE,TGO,846390
10534035,43,215,9134,2010,6378.0,0.0,0.922493,2.0176,CHN,TGO,846390
10534036,77,215,9134,2010,6410.0,0.0,1.530027,-0.052557000000000006,FRA,TGO,846390
10534037,104,215,9134,2010,28208.0,0.0,0.14485599999999998,2.408913,IND,TGO,846390
10534038,111,215,9134,2010,7210.0,2887.0,1.272385,0.545721,ITA,TGO,846390
10534039,17,226,9134,2010,0.0,1187.0,-0.922883,-0.748675,BDI,TZA,846390
10534040,32,226,9134,2010,3170.0,0.0,0.40715500000000004,0.6208100000000001,BRA,TZA,846390
10534041,43,226,9134,2010,41745.0,0.0,0.922493,2.0176,CHN,TZA,846390
10534042,77,226,9134,2010,7176.0,0.0,1.530027,-0.052557000000000006,FRA,TZA,846390
10534043,81,226,9134,2010,2124.0,0.0,1.828224,0.386383,GBR,TZA,846390
10534044,104,226,9134,2010,8821.0,0.0,0.14485599999999998,2.408913,IND,TZA,846390
10534045,111,226,9134,2010,2108.0,0.0,1.272385,0.545721,ITA,TZA,846390
10534046,153,226,9134,2010,31759.0,0.0,0.9530780000000001,0.607456,MYS,TZA,846390
10534047,168,226,9134,2010,105031.0,0.0,-0.692071,0.5409010000000001,PAK,TZA,846390
10534048,208,226,9134,2010,877.0,0.0,1.882239,0.397927,SWE,TZA,846390
10534049,246,226,9134,2010,29839.0,0.0,0.327326,1.513598,ZAF,TZA,846390
10534050,249,226,9134,2010,31060.0,0.0,1.766729,0.909335,TWN,TZA,846390
10534051,43,227,9134,2010,4247.0,0.0,0.922493,2.0176,CHN,UGA,846390
10534052,104,227,9134,2010,87149.0,0.0,0.14485599999999998,2.408913,IND,UGA,846390
10534053,111,227,9134,2010,1289.0,0.0,1.272385,0.545721,ITA,UGA,846390
10534054,116,227,9134,2010,0.0,1626.0,-0.387187,1.010443,KEN,UGA,846390
10534055,190,227,9134,2010,0.0,670.0,-1.9094669999999998,-1.271065,SDN,UGA,846390
10534056,231,227,9134,2010,84940.0,0.0,1.67573,-0.598165,USA,UGA,846390
10534057,246,227,9134,2010,20481.0,0.0,0.327326,1.513598,ZAF,UGA,846390
10534058,249,227,9134,2010,187939.0,0.0,1.766729,0.909335,TWN,UGA,846390
10534059,75,241,9134,2010,2008.0,0.0,-0.603112,-0.29135500000000003,FJI,WLF,846390
10534060,7,247,9134,2010,678.0,0.0,0.29457,-0.196371,ARE,ZMB,846390
10534061,43,247,9134,2010,2928.0,0.0,0.922493,2.0176,CHN,ZMB,846390
10534062,104,247,9134,2010,8619.0,0.0,0.14485599999999998,2.408913,IND,ZMB,846390
10534063,124,247,9134,2010,582.0,0.0,0.415854,1.424085,LBN,ZMB,846390
10534064,246,247,9134,2010,81243.0,947.0,0.327326,1.513598,ZAF,ZMB,846390
10534065,231,120,9134,2010,6405.0,0.0,1.67573,-0.598165,USA,KNA,846390
10534066,28,9,9134,2010,19848.0,0.0,0.969851,0.593386,BLR,ARM,846390
10534067,43,9,9134,2010,7097.0,0.0,0.922493,2.0176,CHN,ARM,846390
10534068,61,9,9134,2010,8588.0,0.0,2.035672,-3.383322,DEU,ARM,846390
10534069,100,9,9134,2010,1447.0,0.0,0.8276979999999999,0.97415,HRV,ARM,846390
10534070,111,9,9134,2010,89060.0,0.0,1.272385,0.545721,ITA,ARM,846390
10534071,212,9,9134,2010,1149.0,0.0,-0.46833800000000003,1.11952,SYR,ARM,846390
10534072,224,9,9134,2010,17.0,0.0,0.359977,2.471173,TUR,ARM,846390
10534073,43,143,9134,2010,860714.0,0.0,0.922493,2.0176,CHN,MMR,846390
10534074,114,143,9134,2010,3092.0,0.0,2.459723,-0.279387,JPN,MMR,846390
10534075,39,21,9134,2010,22491.0,0.0,0.752421,1.2208510000000001,CAN,BFA,846390
10534076,61,21,9134,2010,2285.0,0.0,2.035672,-3.383322,DEU,BFA,846390
10534077,111,21,9134,2010,1446.0,0.0,1.272385,0.545721,ITA,BFA,846390
10534078,208,21,9134,2010,10116.0,0.0,1.882239,0.397927,SWE,BFA,846390
10534079,231,21,9134,2010,12997.0,0.0,1.67573,-0.598165,USA,BFA,846390
10534080,231,30,9134,2010,45371.0,0.0,1.67573,-0.598165,USA,BMU,846390
10534081,43,87,9134,2010,4897.0,0.0,0.922493,2.0176,CHN,GMB,846390
10534082,14,127,9134,2010,117672.0,0.0,-0.276442,0.062023,AUS,LCA,846390
10534083,33,127,9134,2010,9336.0,0.0,0.7076140000000001,0.434993,BRB,LCA,846390
10534084,43,160,9134,2010,95218.0,0.0,0.922493,2.0176,CHN,NIC,846390
10534085,52,160,9134,2010,8690.0,0.0,-0.122722,-0.7062069999999999,CRI,NIC,846390
10534086,111,160,9134,2010,186729.0,0.0,1.272385,0.545721,ITA,NIC,846390
10534087,231,160,9134,2010,136212.0,0.0,1.67573,-0.598165,USA,NIC,846390
10534088,43,164,9134,2010,251976.0,0.0,0.922493,2.0176,CHN,NPL,846390
10534089,104,164,9134,2010,98635.0,0.0,0.14485599999999998,2.408913,IND,NPL,846390
10534090,114,164,9134,2010,7588.0,0.0,2.459723,-0.279387,JPN,NPL,846390
10534091,7,187,9134,2010,22099.0,0.0,0.29457,-0.196371,ARE,RWA,846390
10534092,17,187,9134,2010,0.0,17875.0,-0.922883,-0.748675,BDI,RWA,846390
10534093,43,187,9134,2010,3940.0,0.0,0.922493,2.0176,CHN,RWA,846390
10534094,61,187,9134,2010,1454.0,0.0,2.035672,-3.383322,DEU,RWA,846390
10534095,116,187,9134,2010,4004.0,0.0,-0.387187,1.010443,KEN,RWA,846390
10534096,121,187,9134,2010,596.0,0.0,1.7118849999999999,0.762362,KOR,RWA,846390
10534097,71,5,9134,2010,331233.0,0.0,0.832619,2.448009,ESP,AND,846390
10534098,77,5,9134,2010,19558.0,0.0,1.530027,-0.052557000000000006,FRA,AND,846390
10534099,61,17,9134,2010,9079.0,0.0,2.035672,-3.383322,DEU,BDI,846390
10534100,187,17,9134,2010,17875.0,0.0,-0.6033350000000001,-0.524881,RWA,BDI,846390
10534101,226,17,9134,2010,1187.0,0.0,-0.7327,0.427616,TZA,BDI,846390
10534102,43,34,9134,2010,22053.0,0.0,0.922493,2.0176,CHN,BRN,846390
10534103,61,34,9134,2010,6790.0,0.0,2.035672,-3.383322,DEU,BRN,846390
10534104,121,34,9134,2010,3361.0,0.0,1.7118849999999999,0.762362,KOR,BRN,846390
10534105,153,34,9134,2010,0.0,1698.0,0.9530780000000001,0.607456,MYS,BRN,846390
10534106,231,34,9134,2010,2545.0,0.0,1.67573,-0.598165,USA,BRN,846390
10534107,104,35,9134,2010,2256.0,0.0,0.14485599999999998,2.408913,IND,BTN,846390
10534108,43,62,9134,2010,1836.0,0.0,0.922493,2.0176,CHN,DJI,846390
10534109,104,62,9134,2010,7401.0,0.0,0.14485599999999998,2.408913,IND,DJI,846390
10534110,231,62,9134,2010,4000.0,0.0,1.67573,-0.598165,USA,DJI,846390
10534111,43,69,9134,2010,48381.0,0.0,0.922493,2.0176,CHN,ERI,846390
10534112,43,75,9134,2010,20849.0,0.0,0.922493,2.0176,CHN,FJI,846390
10534113,104,75,9134,2010,4868.0,0.0,0.14485599999999998,2.408913,IND,FJI,846390
10534114,114,75,9134,2010,3021.0,0.0,2.459723,-0.279387,JPN,FJI,846390
10534115,166,75,9134,2010,25896.0,0.0,0.36828299999999997,0.574574,NZL,FJI,846390
10534116,240,75,9134,2010,0.0,1063.0,-0.8922190000000001,-0.87134,VUT,FJI,846390
10534117,241,75,9134,2010,0.0,2008.0,1.206023,-0.517231,WLF,FJI,846390
10534118,242,75,9134,2010,0.0,50753.0,1.236381,0.276124,WSM,FJI,846390
10534119,43,129,9134,2010,1055.0,0.0,0.922493,2.0176,CHN,LSO,846390
10534120,246,129,9134,2010,57680.0,0.0,0.327326,1.513598,ZAF,LSO,846390
10534121,43,136,9134,2010,7634.0,0.0,0.922493,2.0176,CHN,MDG,846390
10534122,104,136,9134,2010,1583.0,0.0,0.14485599999999998,2.408913,IND,MDG,846390
10534123,134,136,9134,2010,2883.0,0.0,-0.5935229999999999,-0.056497000000000006,MAR,MDG,846390
10534124,151,136,9134,2010,0.0,997.0,-0.173542,0.103727,MUS,MDG,846390
10534125,216,136,9134,2010,5537.0,0.0,0.748328,1.425224,THA,MDG,846390
10534126,231,136,9134,2010,59769.0,0.0,1.67573,-0.598165,USA,MDG,846390
10534127,192,137,9134,2010,2405.0,0.0,1.8441349999999999,0.570311,SGP,MDV,846390
10534128,7,152,9134,2010,9533.0,0.0,0.29457,-0.196371,ARE,MWI,846390
10534129,43,152,9134,2010,6327.0,0.0,0.922493,2.0176,CHN,MWI,846390
10534130,104,152,9134,2010,1245.0,0.0,0.14485599999999998,2.408913,IND,MWI,846390
10534131,114,152,9134,2010,18722.0,0.0,2.459723,-0.279387,JPN,MWI,846390
10534132,246,152,9134,2010,6302.0,0.0,0.327326,1.513598,ZAF,MWI,846390
10534133,43,181,9134,2010,1082.0,0.0,0.922493,2.0176,CHN,PSE,846390
10534134,111,181,9134,2010,20693.0,0.0,1.272385,0.545721,ITA,PSE,846390
10534135,250,181,9134,2010,19352.0,0.0,0.45129600000000003,-0.223517,ANS,PSE,846390
10534136,43,214,9134,2010,7287.0,0.0,0.922493,2.0176,CHN,TCD,846390
10534137,14,240,9134,2010,856.0,0.0,-0.276442,0.062023,AUS,VUT,846390
10534138,75,240,9134,2010,1063.0,0.0,-0.603112,-0.29135500000000003,FJI,VUT,846390
10534139,124,85,9134,2010,6537.0,0.0,0.415854,1.424085,LBN,GIN,846390
10534140,162,85,9134,2010,0.0,11279.0,1.237998,1.1891209999999999,NLD,GIN,846390
10534141,224,85,9134,2010,1546.0,0.0,0.359977,2.471173,TUR,GIN,846390
10534142,231,85,9134,2010,6435.0,0.0,1.67573,-0.598165,USA,GIN,846390
10534143,208,101,9134,2010,4038.0,0.0,1.882239,0.397927,SWE,HTI,846390
10534144,231,101,9134,2010,2642.0,0.0,1.67573,-0.598165,USA,HTI,846390
10534145,41,145,9134,2010,6549.0,0.0,2.1492080000000002,0.556424,CHE,MNG,846390
10534146,43,145,9134,2010,5000.0,0.0,0.922493,2.0176,CHN,MNG,846390
10534147,114,145,9134,2010,16435.0,0.0,2.459723,-0.279387,JPN,MNG,846390
10534148,192,145,9134,2010,11276.0,0.0,1.8441349999999999,0.570311,SGP,MNG,846390
10534149,77,182,9134,2010,5019.0,0.0,1.530027,-0.052557000000000006,FRA,PYF,846390
10534150,166,182,9134,2010,0.0,14956.0,0.36828299999999997,0.574574,NZL,PYF,846390
10534151,18,123,9134,2010,2071.0,0.0,1.2224270000000002,1.1276,BEL,LAO,846390
10534152,43,123,9134,2010,4989.0,0.0,0.922493,2.0176,CHN,LAO,846390
10534153,216,123,9134,2010,1714.0,0.0,0.748328,1.425224,THA,LAO,846390
10534154,43,221,9134,2010,1427.0,0.0,0.922493,2.0176,CHN,TON,846390
10534155,75,242,9134,2010,50753.0,0.0,-0.603112,-0.29135500000000003,FJI,WSM,846390
10534156,236,242,9134,2010,0.0,44951.0,-0.660844,-1.145133,VEN,WSM,846390
10534157,114,79,9134,2010,2759.0,0.0,2.459723,-0.279387,JPN,FSM,846390
10534158,231,119,9134,2010,579.0,0.0,1.67573,-0.598165,USA,KIR,846390
10534159,249,195,9134,2010,26193.0,0.0,1.766729,0.909335,TWN,SLB,846390
10534160,43,2,9171,2010,10107.0,0.0,0.922493,2.0176,CHN,AGO,847029
10534161,77,2,9171,2010,6388.0,0.0,1.530027,-0.052557000000000006,FRA,AGO,847029
10534162,110,2,9171,2010,16085.0,0.0,1.215834,0.7028340000000001,ISR,AGO,847029
10534163,124,2,9171,2010,24101.0,0.0,0.415854,1.424085,LBN,AGO,847029
10534164,155,2,9171,2010,5071.0,0.0,-0.49860299999999996,-0.6728529999999999,NAM,AGO,847029
10534165,179,2,9171,2010,55174.0,0.0,0.551149,2.437209,PRT,AGO,847029
10534166,231,2,9171,2010,51254.0,0.0,1.67573,-0.598165,USA,AGO,847029
10534167,246,2,9171,2010,12927.0,0.0,0.327326,1.513598,ZAF,AGO,847029
10534168,236,6,9171,2010,0.0,6297.0,-0.660844,-1.145133,VEN,ANT,847029
10534169,43,8,9171,2010,848905.0,0.0,0.922493,2.0176,CHN,ARG,847029
10534170,41,15,9171,2010,35325.0,0.0,2.1492080000000002,0.556424,CHE,AUT,847029
10534171,43,15,9171,2010,68499.0,0.0,0.922493,2.0176,CHN,AUT,847029
10534172,59,15,9171,2010,0.0,26595.0,1.732044,0.333934,CZE,AUT,847029
10534173,61,15,9171,2010,159846.0,21788.0,2.035672,-3.383322,DEU,AUT,847029
10534174,64,15,9171,2010,1205.0,0.0,1.082468,1.280759,DNK,AUT,847029
10534175,71,15,9171,2010,2759.0,0.0,0.832619,2.448009,ESP,AUT,847029
10534176,74,15,9171,2010,4391.0,0.0,1.745464,0.897992,FIN,AUT,847029
10534177,90,15,9171,2010,2024.0,0.0,0.200249,1.4640090000000001,GRC,AUT,847029
10534178,102,15,9171,2010,0.0,888.0,1.514225,0.740341,HUN,AUT,847029
10534179,111,15,9171,2010,1043.0,23707.0,1.272385,0.545721,ITA,AUT,847029
10534180,163,15,9171,2010,0.0,3570.0,0.865676,0.138757,NOR,AUT,847029
10534181,206,15,9171,2010,1711.0,0.0,1.278601,0.726907,SVK,AUT,847029
10534182,207,15,9171,2010,0.0,15471.0,1.595473,0.7023020000000001,SVN,AUT,847029
10534183,231,15,9171,2010,76883.0,5847.0,1.67573,-0.598165,USA,AUT,847029
10534184,39,18,9171,2010,0.0,13949.0,0.752421,1.2208510000000001,CAN,BEL,847029
10534185,41,18,9171,2010,61860.0,0.0,2.1492080000000002,0.556424,CHE,BEL,847029
10534186,43,18,9171,2010,2159387.0,0.0,0.922493,2.0176,CHN,BEL,847029
10534187,61,18,9171,2010,39849.0,6185.0,2.035672,-3.383322,DEU,BEL,847029
10534188,64,18,9171,2010,0.0,1442.0,1.082468,1.280759,DNK,BEL,847029
10534189,71,18,9171,2010,1817.0,0.0,0.832619,2.448009,ESP,BEL,847029
10534190,77,18,9171,2010,502760.0,94019.0,1.530027,-0.052557000000000006,FRA,BEL,847029
10534191,81,18,9171,2010,1929.0,0.0,1.828224,0.386383,GBR,BEL,847029
10534192,90,18,9171,2010,0.0,1856.0,0.200249,1.4640090000000001,GRC,BEL,847029
10534193,110,18,9171,2010,0.0,2943.0,1.215834,0.7028340000000001,ISR,BEL,847029
10534194,111,18,9171,2010,0.0,5401.0,1.272385,0.545721,ITA,BEL,847029
10534195,114,18,9171,2010,0.0,2601.0,2.459723,-0.279387,JPN,BEL,847029
10534196,131,18,9171,2010,15152.0,127472.0,1.272127,1.1051520000000001,LUX,BEL,847029
10534197,162,18,9171,2010,519995.0,534847.0,1.237998,1.1891209999999999,NLD,BEL,847029
10534198,168,18,9171,2010,0.0,1282.0,-0.692071,0.5409010000000001,PAK,BEL,847029
10534199,177,18,9171,2010,0.0,39902.0,1.083552,1.1433719999999998,POL,BEL,847029
10534200,185,18,9171,2010,0.0,40017.0,0.6483760000000001,1.200256,ROU,BEL,847029
10534201,187,18,9171,2010,0.0,1760.0,-0.6033350000000001,-0.524881,RWA,BEL,847029
10534202,231,18,9171,2010,9739.0,2551.0,1.67573,-0.598165,USA,BEL,847029
10534203,231,25,9171,2010,7283.0,0.0,1.67573,-0.598165,USA,BHS,847029
10534204,43,32,9171,2010,355446.0,0.0,0.922493,2.0176,CHN,BRA,847029
10534205,61,32,9171,2010,2172.0,0.0,2.035672,-3.383322,DEU,BRA,847029
10534206,97,32,9171,2010,50560.0,0.0,0.715745,1.9780259999999998,HKG,BRA,847029
10534207,147,32,9171,2010,0.0,6236.0,-1.479855,-1.070518,MOZ,BRA,847029
10534208,231,32,9171,2010,987955.0,0.0,1.67573,-0.598165,USA,BRA,847029
10534209,43,33,9171,2010,2781.0,0.0,0.922493,2.0176,CHN,BRB,847029
10534210,81,33,9171,2010,2035.0,0.0,1.828224,0.386383,GBR,BRB,847029
10534211,159,33,9171,2010,0.0,1663.0,-1.887084,-1.2280229999999999,NGA,BRB,847029
10534212,169,33,9171,2010,5035.0,0.0,0.617867,0.903432,PAN,BRB,847029
10534213,231,33,9171,2010,14862.0,0.0,1.67573,-0.598165,USA,BRB,847029
10534214,14,39,9171,2010,1741.0,0.0,-0.276442,0.062023,AUS,CAN,847029
10534215,18,39,9171,2010,13949.0,0.0,1.2224270000000002,1.1276,BEL,CAN,847029
10534216,21,39,9171,2010,0.0,4574.0,-0.625747,-0.700651,BFA,CAN,847029
10534217,41,39,9171,2010,0.0,53111.0,2.1492080000000002,0.556424,CHE,CAN,847029
10534218,42,39,9171,2010,0.0,1365.0,-0.34914,-0.459395,CHL,CAN,847029
10534219,43,39,9171,2010,1375320.0,6266.0,0.922493,2.0176,CHN,CAN,847029
10534220,47,39,9171,2010,0.0,1412.0,-1.536434,-1.175338,COG,CAN,847029
10534221,57,39,9171,2010,0.0,1954.0,1.2142959999999998,-0.6487430000000001,CYM,CAN,847029
10534222,61,39,9171,2010,54269.0,0.0,2.035672,-3.383322,DEU,CAN,847029
10534223,63,39,9171,2010,0.0,753.0,0.35578699999999996,0.13029200000000002,DMA,CAN,847029
10534224,77,39,9171,2010,7398.0,45430.0,1.530027,-0.052557000000000006,FRA,CAN,847029
10534225,81,39,9171,2010,10039.0,3842.0,1.828224,0.386383,GBR,CAN,847029
10534226,92,39,9171,2010,0.0,34213.0,-0.45149700000000004,-0.9039299999999999,GRL,CAN,847029
10534227,97,39,9171,2010,6402.0,0.0,0.715745,1.9780259999999998,HKG,CAN,847029
10534228,111,39,9171,2010,0.0,31258.0,1.272385,0.545721,ITA,CAN,847029
10534229,121,39,9171,2010,0.0,399865.0,1.7118849999999999,0.762362,KOR,CAN,847029
10534230,138,39,9171,2010,14741.0,0.0,1.132664,0.675756,MEX,CAN,847029
10534231,153,39,9171,2010,30069.0,0.0,0.9530780000000001,0.607456,MYS,CAN,847029
10534232,159,39,9171,2010,0.0,7142.0,-1.887084,-1.2280229999999999,NGA,CAN,847029
10534233,163,39,9171,2010,0.0,8553.0,0.865676,0.138757,NOR,CAN,847029
10534234,166,39,9171,2010,0.0,9934.0,0.36828299999999997,0.574574,NZL,CAN,847029
10534235,187,39,9171,2010,0.0,629.0,-0.6033350000000001,-0.524881,RWA,CAN,847029
10534236,188,39,9171,2010,0.0,113863.0,0.46696400000000005,-0.7487520000000001,SAU,CAN,847029
10534237,191,39,9171,2010,0.0,15389.0,-0.45445,-0.148149,SEN,CAN,847029
10534238,222,39,9171,2010,0.0,4426.0,-0.338123,-1.070239,TTO,CAN,847029
10534239,231,39,9171,2010,440341.0,55670.0,1.67573,-0.598165,USA,CAN,847029
10534240,246,39,9171,2010,0.0,1727.0,0.327326,1.513598,ZAF,CAN,847029
10534241,249,39,9171,2010,18477.0,0.0,1.766729,0.909335,TWN,CAN,847029
10534242,14,41,9171,2010,0.0,3999.0,-0.276442,0.062023,AUS,CHE,847029
10534243,15,41,9171,2010,0.0,35325.0,1.724315,-0.29379099999999997,AUT,CHE,847029
10534244,18,41,9171,2010,0.0,61860.0,1.2224270000000002,1.1276,BEL,CHE,847029
10534245,28,41,9171,2010,0.0,721.0,0.969851,0.593386,BLR,CHE,847029
10534246,39,41,9171,2010,53111.0,0.0,0.752421,1.2208510000000001,CAN,CHE,847029
10534247,43,41,9171,2010,19581.0,0.0,0.922493,2.0176,CHN,CHE,847029
10534248,59,41,9171,2010,16244.0,0.0,1.732044,0.333934,CZE,CHE,847029
10534249,61,41,9171,2010,177918.0,45336.0,2.035672,-3.383322,DEU,CHE,847029
10534250,77,41,9171,2010,15631.0,0.0,1.530027,-0.052557000000000006,FRA,CHE,847029
10534251,81,41,9171,2010,18583.0,6291.0,1.828224,0.386383,GBR,CHE,847029
10534252,97,41,9171,2010,2938.0,0.0,0.715745,1.9780259999999998,HKG,CHE,847029
10534253,111,41,9171,2010,6708.0,2289.0,1.272385,0.545721,ITA,CHE,847029
10534254,121,41,9171,2010,0.0,13157.0,1.7118849999999999,0.762362,KOR,CHE,847029
10534255,162,41,9171,2010,7355.0,1361.0,1.237998,1.1891209999999999,NLD,CHE,847029
10534256,206,41,9171,2010,0.0,2307.0,1.278601,0.726907,SVK,CHE,847029
10534257,208,41,9171,2010,19038.0,0.0,1.882239,0.397927,SWE,CHE,847029
10534258,231,41,9171,2010,39230.0,0.0,1.67573,-0.598165,USA,CHE,847029
10534259,31,42,9171,2010,0.0,2060.0,-0.83736,-0.812473,BOL,CHL,847029
10534260,39,42,9171,2010,1365.0,0.0,0.752421,1.2208510000000001,CAN,CHL,847029
10534261,43,42,9171,2010,91090.0,0.0,0.922493,2.0176,CHN,CHL,847029
10534262,74,42,9171,2010,966.0,0.0,1.745464,0.897992,FIN,CHL,847029
10534263,169,42,9171,2010,2208.0,0.0,0.617867,0.903432,PAN,CHL,847029
10534264,231,42,9171,2010,280100.0,2064.0,1.67573,-0.598165,USA,CHL,847029
10534265,2,43,9171,2010,0.0,10107.0,-1.3711010000000001,-1.170608,AGO,CHN,847029
10534266,5,43,9171,2010,0.0,5223.0,0.8963620000000001,0.7650399999999999,AND,CHN,847029
10534267,7,43,9171,2010,0.0,365045.0,0.29457,-0.196371,ARE,CHN,847029
10534268,8,43,9171,2010,0.0,848905.0,0.27458899999999997,0.597907,ARG,CHN,847029
10534269,14,43,9171,2010,1149.0,334679.0,-0.276442,0.062023,AUS,CHN,847029
10534270,15,43,9171,2010,0.0,68499.0,1.724315,-0.29379099999999997,AUT,CHN,847029
10534271,18,43,9171,2010,0.0,2159387.0,1.2224270000000002,1.1276,BEL,CHN,847029
10534272,19,43,9171,2010,0.0,41643.0,-1.0660120000000002,-0.9961190000000001,BEN,CHN,847029
10534273,21,43,9171,2010,0.0,1500.0,-0.625747,-0.700651,BFA,CHN,847029
10534274,22,43,9171,2010,0.0,49494.0,-0.974526,-0.76566,BGD,CHN,847029
10534275,24,43,9171,2010,0.0,31700.0,0.284356,-0.8362,BHR,CHN,847029
10534276,26,43,9171,2010,0.0,408.0,0.462275,0.830405,BIH,CHN,847029
10534277,29,43,9171,2010,0.0,1645.0,-0.559172,-0.739977,BLZ,CHN,847029
10534278,31,43,9171,2010,0.0,1539.0,-0.83736,-0.812473,BOL,CHN,847029
10534279,32,43,9171,2010,0.0,355446.0,0.40715500000000004,0.6208100000000001,BRA,CHN,847029
10534280,33,43,9171,2010,0.0,2781.0,0.7076140000000001,0.434993,BRB,CHN,847029
10534281,34,43,9171,2010,0.0,20608.0,0.717167,-0.764841,BRN,CHN,847029
10534282,39,43,9171,2010,6266.0,1375320.0,0.752421,1.2208510000000001,CAN,CHN,847029
10534283,41,43,9171,2010,0.0,19581.0,2.1492080000000002,0.556424,CHE,CHN,847029
10534284,42,43,9171,2010,0.0,91090.0,-0.34914,-0.459395,CHL,CHN,847029
10534285,44,43,9171,2010,0.0,14374.0,-1.256641,-0.946767,CIV,CHN,847029
10534286,45,43,9171,2010,0.0,10658.0,-1.114209,-1.0127899999999999,CMR,CHN,847029
10534287,49,43,9171,2010,0.0,64564.0,0.097222,-0.064328,COL,CHN,847029
10534288,50,43,9171,2010,0.0,3294.0,0.8640059999999999,-0.6108180000000001,COM,CHN,847029
10534289,52,43,9171,2010,0.0,2282.0,-0.122722,-0.7062069999999999,CRI,CHN,847029
10534290,58,43,9171,2010,0.0,3419.0,0.8776450000000001,0.568389,CYP,CHN,847029
10534291,59,43,9171,2010,0.0,50895.0,1.732044,0.333934,CZE,CHN,847029
10534292,61,43,9171,2010,2169.0,1233695.0,2.035672,-3.383322,DEU,CHN,847029
10534293,64,43,9171,2010,0.0,26492.0,1.082468,1.280759,DNK,CHN,847029
10534294,65,43,9171,2010,0.0,10595.0,-0.245241,0.368626,DOM,CHN,847029
10534295,66,43,9171,2010,0.0,47452.0,-1.00922,-1.1511040000000001,DZA,CHN,847029
10534296,67,43,9171,2010,0.0,71567.0,-0.584013,-0.743675,ECU,CHN,847029
10534297,68,43,9171,2010,0.0,52986.0,-0.181826,1.409465,EGY,CHN,847029
10534298,71,43,9171,2010,0.0,897952.0,0.832619,2.448009,ESP,CHN,847029
10534299,72,43,9171,2010,0.0,20810.0,0.832316,1.1844649999999999,EST,CHN,847029
10534300,73,43,9171,2010,0.0,12143.0,-1.122906,-0.840777,ETH,CHN,847029
10534301,74,43,9171,2010,0.0,20893.0,1.745464,0.897992,FIN,CHN,847029
10534302,77,43,9171,2010,1258.0,503012.0,1.530027,-0.052557000000000006,FRA,CHN,847029
10534303,81,43,9171,2010,12921.0,2055124.0,1.828224,0.386383,GBR,CHN,847029
10534304,82,43,9171,2010,0.0,10199.0,-0.21301399999999998,-0.48355299999999996,GEO,CHN,847029
10534305,83,43,9171,2010,0.0,3152.0,-0.835003,-0.633731,GHA,CHN,847029
10534306,90,43,9171,2010,0.0,78478.0,0.200249,1.4640090000000001,GRC,CHN,847029
10534307,93,43,9171,2010,0.0,4200.0,-0.39034,0.743521,GTM,CHN,847029
10534308,96,43,9171,2010,0.0,7168.0,-1.020217,-1.0231569999999999,GUY,CHN,847029
10534309,97,43,9171,2010,38491.0,8250705.0,0.715745,1.9780259999999998,HKG,CHN,847029
10534310,99,43,9171,2010,0.0,49440.0,-0.569501,-0.153122,HND,CHN,847029
10534311,100,43,9171,2010,0.0,116432.0,0.8276979999999999,0.97415,HRV,CHN,847029
10534312,102,43,9171,2010,0.0,22474.0,1.514225,0.740341,HUN,CHN,847029
10534313,103,43,9171,2010,0.0,431848.0,-0.30878099999999997,1.07069,IDN,CHN,847029
10534314,104,43,9171,2010,37812.0,1952107.0,0.14485599999999998,2.408913,IND,CHN,847029
10534315,106,43,9171,2010,0.0,6907.0,1.371357,0.168795,IRL,CHN,847029
10534316,107,43,9171,2010,0.0,86028.0,-0.609874,-0.744733,IRN,CHN,847029
10534317,108,43,9171,2010,0.0,10787.0,-2.1439150000000002,-0.913227,IRQ,CHN,847029
10534318,109,43,9171,2010,0.0,9528.0,0.20822100000000002,-0.318294,ISL,CHN,847029
10534319,110,43,9171,2010,0.0,104789.0,1.215834,0.7028340000000001,ISR,CHN,847029
10534320,111,43,9171,2010,0.0,816302.0,1.272385,0.545721,ITA,CHN,847029
10534321,112,43,9171,2010,0.0,36042.0,0.041471,-0.367177,JAM,CHN,847029
10534322,113,43,9171,2010,0.0,452399.0,0.251702,0.522758,JOR,CHN,847029
10534323,114,43,9171,2010,3567.0,231673.0,2.459723,-0.279387,JPN,CHN,847029
10534324,115,43,9171,2010,0.0,7659.0,-0.6278020000000001,-0.8419760000000001,KAZ,CHN,847029
10534325,116,43,9171,2010,0.0,4414.0,-0.387187,1.010443,KEN,CHN,847029
10534326,118,43,9171,2010,0.0,2193.0,-1.158906,-1.019906,KHM,CHN,847029
10534327,121,43,9171,2010,0.0,136613.0,1.7118849999999999,0.762362,KOR,CHN,847029
10534328,122,43,9171,2010,0.0,16487.0,0.067373,-1.0822120000000002,KWT,CHN,847029
10534329,124,43,9171,2010,0.0,163210.0,0.415854,1.424085,LBN,CHN,847029
10534330,126,43,9171,2010,0.0,11890.0,-0.706491,-1.140822,LBY,CHN,847029
10534331,128,43,9171,2010,0.0,22859.0,-0.70886,0.25216700000000003,LKA,CHN,847029
10534332,130,43,9171,2010,0.0,4153.0,0.6390600000000001,1.144911,LTU,CHN,847029
10534333,131,43,9171,2010,0.0,2867.0,1.272127,1.1051520000000001,LUX,CHN,847029
10534334,132,43,9171,2010,0.0,3029.0,0.6158170000000001,1.1401059999999998,LVA,CHN,847029
10534335,133,43,9171,2010,0.0,24416.0,0.545755,0.492997,MAC,CHN,847029
10534336,134,43,9171,2010,0.0,98065.0,-0.5935229999999999,-0.056497000000000006,MAR,CHN,847029
10534337,136,43,9171,2010,0.0,9363.0,-0.8737799999999999,-0.043717,MDG,CHN,847029
10534338,137,43,9171,2010,0.0,45278.0,-0.644859,-0.910633,MDV,CHN,847029
10534339,138,43,9171,2010,0.0,2355406.0,1.132664,0.675756,MEX,CHN,847029
10534340,140,43,9171,2010,0.0,1887.0,-0.122842,0.407017,MKD,CHN,847029
10534341,141,43,9171,2010,0.0,14007.0,-0.585496,-0.655841,MLI,CHN,847029
10534342,143,43,9171,2010,0.0,78316.0,-1.480389,-1.075842,MMR,CHN,847029
10534343,147,43,9171,2010,0.0,1187.0,-1.479855,-1.070518,MOZ,CHN,847029
10534344,151,43,9171,2010,0.0,34304.0,-0.173542,0.103727,MUS,CHN,847029
10534345,152,43,9171,2010,0.0,2414.0,-0.821839,-0.9153870000000001,MWI,CHN,847029
10534346,153,43,9171,2010,0.0,647277.0,0.9530780000000001,0.607456,MYS,CHN,847029
10534347,157,43,9171,2010,0.0,726.0,-0.829902,-0.826152,NER,CHN,847029
10534348,159,43,9171,2010,0.0,708262.0,-1.887084,-1.2280229999999999,NGA,CHN,847029
10534349,160,43,9171,2010,0.0,57079.0,-0.9387409999999999,-0.8119569999999999,NIC,CHN,847029
10534350,162,43,9171,2010,8648.0,4069982.0,1.237998,1.1891209999999999,NLD,CHN,847029
10534351,163,43,9171,2010,0.0,140586.0,0.865676,0.138757,NOR,CHN,847029
10534352,164,43,9171,2010,0.0,97001.0,-0.23753400000000002,0.7957390000000001,NPL,CHN,847029
10534353,166,43,9171,2010,49028.0,174650.0,0.36828299999999997,0.574574,NZL,CHN,847029
10534354,167,43,9171,2010,0.0,4552.0,-0.487612,-0.9551379999999999,OMN,CHN,847029
10534355,168,43,9171,2010,0.0,268008.0,-0.692071,0.5409010000000001,PAK,CHN,847029
10534356,169,43,9171,2010,0.0,185653.0,0.617867,0.903432,PAN,CHN,847029
10534357,173,43,9171,2010,0.0,17888.0,-0.650327,0.162321,PER,CHN,847029
10534358,174,43,9171,2010,0.0,121800.0,0.40418899999999996,0.102497,PHL,CHN,847029
10534359,176,43,9171,2010,0.0,3910.0,-1.725138,-1.195622,PNG,CHN,847029
10534360,177,43,9171,2010,0.0,102988.0,1.083552,1.1433719999999998,POL,CHN,847029
10534361,178,43,9171,2010,0.0,12829.0,0.348511,0.466229,PRK,CHN,847029
10534362,179,43,9171,2010,0.0,35319.0,0.551149,2.437209,PRT,CHN,847029
10534363,180,43,9171,2010,0.0,156658.0,-0.553805,-0.8699450000000001,PRY,CHN,847029
10534364,181,43,9171,2010,0.0,4073.0,0.12470099999999999,0.576382,PSE,CHN,847029
10534365,182,43,9171,2010,0.0,36117.0,-0.47692700000000005,-0.8429760000000001,PYF,CHN,847029
10534366,183,43,9171,2010,0.0,69211.0,-0.346143,-1.078192,QAT,CHN,847029
10534367,185,43,9171,2010,0.0,20693.0,0.6483760000000001,1.200256,ROU,CHN,847029
10534368,186,43,9171,2010,0.0,352852.0,0.583996,-0.223881,RUS,CHN,847029
10534369,187,43,9171,2010,0.0,555.0,-0.6033350000000001,-0.524881,RWA,CHN,847029
10534370,188,43,9171,2010,0.0,142763.0,0.46696400000000005,-0.7487520000000001,SAU,CHN,847029
10534371,190,43,9171,2010,0.0,7613.0,-1.9094669999999998,-1.271065,SDN,CHN,847029
10534372,191,43,9171,2010,0.0,6011.0,-0.45445,-0.148149,SEN,CHN,847029
10534373,192,43,9171,2010,14904.0,248289.0,1.8441349999999999,0.570311,SGP,CHN,847029
10534374,197,43,9171,2010,0.0,20264.0,-0.101434,0.132639,SLV,CHN,847029
10534375,201,43,9171,2010,0.0,7846.0,0.561161,1.33974,SRB,CHN,847029
10534376,206,43,9171,2010,0.0,10675.0,1.278601,0.726907,SVK,CHN,847029
10534377,207,43,9171,2010,0.0,5556.0,1.595473,0.7023020000000001,SVN,CHN,847029
10534378,208,43,9171,2010,1834.0,24460.0,1.882239,0.397927,SWE,CHN,847029
10534379,211,43,9171,2010,0.0,1538.0,-0.075668,-0.549686,SYC,CHN,847029
10534380,212,43,9171,2010,0.0,48846.0,-0.46833800000000003,1.11952,SYR,CHN,847029
10534381,215,43,9171,2010,0.0,1527.0,-0.943559,-0.884336,TGO,CHN,847029
10534382,216,43,9171,2010,5029.0,295484.0,0.748328,1.425224,THA,CHN,847029
10534383,219,43,9171,2010,0.0,4146.0,-1.161458,-1.191589,TKM,CHN,847029
10534384,222,43,9171,2010,0.0,7844.0,-0.338123,-1.070239,TTO,CHN,847029
10534385,223,43,9171,2010,0.0,82387.0,0.165019,0.8882059999999999,TUN,CHN,847029
10534386,224,43,9171,2010,0.0,561444.0,0.359977,2.471173,TUR,CHN,847029
10534387,226,43,9171,2010,0.0,16979.0,-0.7327,0.427616,TZA,CHN,847029
10534388,227,43,9171,2010,0.0,8329.0,-0.48061400000000004,0.187001,UGA,CHN,847029
10534389,228,43,9171,2010,0.0,68242.0,0.714148,0.916267,UKR,CHN,847029
10534390,230,43,9171,2010,0.0,153304.0,0.217246,-0.079733,URY,CHN,847029
10534391,231,43,9171,2010,1365038.0,8588554.0,1.67573,-0.598165,USA,CHN,847029
10534392,236,43,9171,2010,0.0,14625.0,-0.660844,-1.145133,VEN,CHN,847029
10534393,239,43,9171,2010,0.0,291461.0,-0.24660500000000002,1.427235,VNM,CHN,847029
10534394,243,43,9171,2010,0.0,3905.0,-1.360851,-1.208826,YEM,CHN,847029
10534395,246,43,9171,2010,0.0,1488229.0,0.327326,1.513598,ZAF,CHN,847029
10534396,248,43,9171,2010,0.0,8292.0,-0.869909,-0.8233309999999999,ZWE,CHN,847029
10534397,249,43,9171,2010,14461.0,670762.0,1.766729,0.909335,TWN,CHN,847029
10534398,43,49,9171,2010,64564.0,0.0,0.922493,2.0176,CHN,COL,847029
10534399,77,49,9171,2010,5087.0,0.0,1.530027,-0.052557000000000006,FRA,COL,847029
10534400,104,49,9171,2010,19549.0,0.0,0.14485599999999998,2.408913,IND,COL,847029
10534401,169,49,9171,2010,39185.0,0.0,0.617867,0.903432,PAN,COL,847029
10534402,231,49,9171,2010,3018246.0,0.0,1.67573,-0.598165,USA,COL,847029
10534403,14,52,9171,2010,1440.0,0.0,-0.276442,0.062023,AUS,CRI,847029
10534404,43,52,9171,2010,2282.0,0.0,0.922493,2.0176,CHN,CRI,847029
10534405,71,52,9171,2010,1780.0,0.0,0.832619,2.448009,ESP,CRI,847029
10534406,93,52,9171,2010,0.0,1481.0,-0.39034,0.743521,GTM,CRI,847029
10534407,169,52,9171,2010,24815.0,1118.0,0.617867,0.903432,PAN,CRI,847029
10534408,231,52,9171,2010,53117.0,0.0,1.67573,-0.598165,USA,CRI,847029
10534409,7,61,9171,2010,0.0,10533.0,0.29457,-0.196371,ARE,DEU,847029
10534410,14,61,9171,2010,0.0,2257.0,-0.276442,0.062023,AUS,DEU,847029
10534411,15,61,9171,2010,21788.0,159846.0,1.724315,-0.29379099999999997,AUT,DEU,847029
10534412,18,61,9171,2010,6185.0,39849.0,1.2224270000000002,1.1276,BEL,DEU,847029
10534413,26,61,9171,2010,0.0,3949.0,0.462275,0.830405,BIH,DEU,847029
10534414,32,61,9171,2010,0.0,2172.0,0.40715500000000004,0.6208100000000001,BRA,DEU,847029
10534415,39,61,9171,2010,0.0,54269.0,0.752421,1.2208510000000001,CAN,DEU,847029
10534416,41,61,9171,2010,45336.0,177918.0,2.1492080000000002,0.556424,CHE,DEU,847029
10534417,43,61,9171,2010,1233695.0,2169.0,0.922493,2.0176,CHN,DEU,847029
10534418,58,61,9171,2010,0.0,1218.0,0.8776450000000001,0.568389,CYP,DEU,847029
10534419,59,61,9171,2010,0.0,6450.0,1.732044,0.333934,CZE,DEU,847029
10534420,64,61,9171,2010,0.0,25038.0,1.082468,1.280759,DNK,DEU,847029
10534421,66,61,9171,2010,0.0,14000.0,-1.00922,-1.1511040000000001,DZA,DEU,847029
10534422,71,61,9171,2010,47781.0,15101.0,0.832619,2.448009,ESP,DEU,847029
10534423,72,61,9171,2010,0.0,16222.0,0.832316,1.1844649999999999,EST,DEU,847029
10534424,74,61,9171,2010,0.0,36829.0,1.745464,0.897992,FIN,DEU,847029
10534425,77,61,9171,2010,57149.0,39387.0,1.530027,-0.052557000000000006,FRA,DEU,847029
10534426,81,61,9171,2010,414312.0,11581.0,1.828224,0.386383,GBR,DEU,847029
10534427,90,61,9171,2010,0.0,8205.0,0.200249,1.4640090000000001,GRC,DEU,847029
10534428,97,61,9171,2010,47564.0,0.0,0.715745,1.9780259999999998,HKG,DEU,847029
10534429,100,61,9171,2010,0.0,15134.0,0.8276979999999999,0.97415,HRV,DEU,847029
10534430,102,61,9171,2010,0.0,7427.0,1.514225,0.740341,HUN,DEU,847029
10534431,103,61,9171,2010,0.0,103451.0,-0.30878099999999997,1.07069,IDN,DEU,847029
10534432,104,61,9171,2010,89248.0,61408.0,0.14485599999999998,2.408913,IND,DEU,847029
10534433,106,61,9171,2010,0.0,1227.0,1.371357,0.168795,IRL,DEU,847029
10534434,107,61,9171,2010,0.0,33520.0,-0.609874,-0.744733,IRN,DEU,847029
10534435,111,61,9171,2010,59486.0,14782.0,1.272385,0.545721,ITA,DEU,847029
10534436,114,61,9171,2010,7100.0,0.0,2.459723,-0.279387,JPN,DEU,847029
10534437,115,61,9171,2010,0.0,9290.0,-0.6278020000000001,-0.8419760000000001,KAZ,DEU,847029
10534438,130,61,9171,2010,0.0,15415.0,0.6390600000000001,1.144911,LTU,DEU,847029
10534439,131,61,9171,2010,0.0,6047.0,1.272127,1.1051520000000001,LUX,DEU,847029
10534440,138,61,9171,2010,0.0,1019.0,1.132664,0.675756,MEX,DEU,847029
10534441,153,61,9171,2010,7244.0,5243.0,0.9530780000000001,0.607456,MYS,DEU,847029
10534442,162,61,9171,2010,1672.0,38500.0,1.237998,1.1891209999999999,NLD,DEU,847029
10534443,163,61,9171,2010,0.0,28542.0,0.865676,0.138757,NOR,DEU,847029
10534444,166,61,9171,2010,0.0,1184.0,0.36828299999999997,0.574574,NZL,DEU,847029
10534445,177,61,9171,2010,0.0,22316.0,1.083552,1.1433719999999998,POL,DEU,847029
10534446,179,61,9171,2010,0.0,3857.0,0.551149,2.437209,PRT,DEU,847029
10534447,185,61,9171,2010,0.0,12509.0,0.6483760000000001,1.200256,ROU,DEU,847029
10534448,186,61,9171,2010,0.0,35160.0,0.583996,-0.223881,RUS,DEU,847029
10534449,192,61,9171,2010,0.0,2539.0,1.8441349999999999,0.570311,SGP,DEU,847029
10534450,201,61,9171,2010,0.0,2116.0,0.561161,1.33974,SRB,DEU,847029
10534451,206,61,9171,2010,1643.0,14906.0,1.278601,0.726907,SVK,DEU,847029
10534452,207,61,9171,2010,0.0,13611.0,1.595473,0.7023020000000001,SVN,DEU,847029
10534453,208,61,9171,2010,2858.0,34923.0,1.882239,0.397927,SWE,DEU,847029
10534454,223,61,9171,2010,0.0,2529.0,0.165019,0.8882059999999999,TUN,DEU,847029
10534455,224,61,9171,2010,1704.0,36727.0,0.359977,2.471173,TUR,DEU,847029
10534456,231,61,9171,2010,37440.0,9400.0,1.67573,-0.598165,USA,DEU,847029
10534457,246,61,9171,2010,0.0,1304.0,0.327326,1.513598,ZAF,DEU,847029
10534458,248,61,9171,2010,0.0,13850.0,-0.869909,-0.8233309999999999,ZWE,DEU,847029
10534459,249,61,9171,2010,32673.0,3778.0,1.766729,0.909335,TWN,DEU,847029
10534460,15,64,9171,2010,0.0,1205.0,1.724315,-0.29379099999999997,AUT,DNK,847029
10534461,18,64,9171,2010,1442.0,0.0,1.2224270000000002,1.1276,BEL,DNK,847029
10534462,43,64,9171,2010,26492.0,0.0,0.922493,2.0176,CHN,DNK,847029
10534463,61,64,9171,2010,25038.0,0.0,2.035672,-3.383322,DEU,DNK,847029
10534464,77,64,9171,2010,51871.0,0.0,1.530027,-0.052557000000000006,FRA,DNK,847029
10534465,81,64,9171,2010,0.0,11570.0,1.828224,0.386383,GBR,DNK,847029
10534466,110,64,9171,2010,874.0,0.0,1.215834,0.7028340000000001,ISR,DNK,847029
10534467,111,64,9171,2010,48742.0,0.0,1.272385,0.545721,ITA,DNK,847029
10534468,208,64,9171,2010,0.0,1083.0,1.882239,0.397927,SWE,DNK,847029
10534469,231,64,9171,2010,2639.0,0.0,1.67573,-0.598165,USA,DNK,847029
10534470,249,64,9171,2010,4576.0,0.0,1.766729,0.909335,TWN,DNK,847029
10534471,43,65,9171,2010,10595.0,0.0,0.922493,2.0176,CHN,DOM,847029
10534472,169,65,9171,2010,8041.0,0.0,0.617867,0.903432,PAN,DOM,847029
10534473,231,65,9171,2010,77447.0,0.0,1.67573,-0.598165,USA,DOM,847029
10534474,43,67,9171,2010,71567.0,0.0,0.922493,2.0176,CHN,ECU,847029
10534475,97,67,9171,2010,1040.0,0.0,0.715745,1.9780259999999998,HKG,ECU,847029
10534476,169,67,9171,2010,13412.0,0.0,0.617867,0.903432,PAN,ECU,847029
10534477,231,67,9171,2010,17778.0,0.0,1.67573,-0.598165,USA,ECU,847029
10534478,5,71,9171,2010,0.0,3148.0,0.8963620000000001,0.7650399999999999,AND,ESP,847029
10534479,14,71,9171,2010,0.0,3754.0,-0.276442,0.062023,AUS,ESP,847029
10534480,15,71,9171,2010,0.0,2759.0,1.724315,-0.29379099999999997,AUT,ESP,847029
10534481,18,71,9171,2010,0.0,1817.0,1.2224270000000002,1.1276,BEL,ESP,847029
10534482,43,71,9171,2010,897952.0,0.0,0.922493,2.0176,CHN,ESP,847029
10534483,52,71,9171,2010,0.0,1780.0,-0.122722,-0.7062069999999999,CRI,ESP,847029
10534484,61,71,9171,2010,15101.0,47781.0,2.035672,-3.383322,DEU,ESP,847029
10534485,77,71,9171,2010,76221.0,28194.0,1.530027,-0.052557000000000006,FRA,ESP,847029
10534486,81,71,9171,2010,48264.0,0.0,1.828224,0.386383,GBR,ESP,847029
10534487,84,71,9171,2010,0.0,1650.0,0.570018,-0.585911,GIB,ESP,847029
10534488,90,71,9171,2010,0.0,7871.0,0.200249,1.4640090000000001,GRC,ESP,847029
10534489,97,71,9171,2010,6443.0,0.0,0.715745,1.9780259999999998,HKG,ESP,847029
10534490,102,71,9171,2010,0.0,5899.0,1.514225,0.740341,HUN,ESP,847029
10534491,111,71,9171,2010,23755.0,21004.0,1.272385,0.545721,ITA,ESP,847029
10534492,115,71,9171,2010,0.0,1418.0,-0.6278020000000001,-0.8419760000000001,KAZ,ESP,847029
10534493,124,71,9171,2010,0.0,2420.0,0.415854,1.424085,LBN,ESP,847029
10534494,134,71,9171,2010,0.0,22858.0,-0.5935229999999999,-0.056497000000000006,MAR,ESP,847029
10534495,153,71,9171,2010,2372.0,0.0,0.9530780000000001,0.607456,MYS,ESP,847029
10534496,162,71,9171,2010,0.0,3004.0,1.237998,1.1891209999999999,NLD,ESP,847029
10534497,179,71,9171,2010,2357.0,1260287.0,0.551149,2.437209,PRT,ESP,847029
10534498,208,71,9171,2010,1497.0,0.0,1.882239,0.397927,SWE,ESP,847029
10534499,231,71,9171,2010,31001.0,13517.0,1.67573,-0.598165,USA,ESP,847029
10534500,249,71,9171,2010,2114.0,0.0,1.766729,0.909335,TWN,ESP,847029
10534501,15,74,9171,2010,0.0,4391.0,1.724315,-0.29379099999999997,AUT,FIN,847029
10534502,42,74,9171,2010,0.0,966.0,-0.34914,-0.459395,CHL,FIN,847029
10534503,43,74,9171,2010,20893.0,0.0,0.922493,2.0176,CHN,FIN,847029
10534504,61,74,9171,2010,36829.0,0.0,2.035672,-3.383322,DEU,FIN,847029
10534505,72,74,9171,2010,0.0,4121.0,0.832316,1.1844649999999999,EST,FIN,847029
10534506,77,74,9171,2010,1270.0,0.0,1.530027,-0.052557000000000006,FRA,FIN,847029
10534507,81,74,9171,2010,69992.0,0.0,1.828224,0.386383,GBR,FIN,847029
10534508,132,74,9171,2010,0.0,1634.0,0.6158170000000001,1.1401059999999998,LVA,FIN,847029
10534509,138,74,9171,2010,9887.0,0.0,1.132664,0.675756,MEX,FIN,847029
10534510,208,74,9171,2010,1847.0,0.0,1.882239,0.397927,SWE,FIN,847029
10534511,216,74,9171,2010,0.0,7597.0,0.748328,1.425224,THA,FIN,847029
10534512,231,74,9171,2010,33870.0,0.0,1.67573,-0.598165,USA,FIN,847029
10534513,2,77,9171,2010,0.0,6388.0,-1.3711010000000001,-1.170608,AGO,FRA,847029
10534514,18,77,9171,2010,94019.0,502760.0,1.2224270000000002,1.1276,BEL,FRA,847029
10534515,21,77,9171,2010,0.0,6358.0,-0.625747,-0.700651,BFA,FRA,847029
10534516,23,77,9171,2010,0.0,11300.0,0.44973,1.445441,BGR,FRA,847029
10534517,38,77,9171,2010,0.0,2362.0,0.062649,-0.6461779999999999,CAF,FRA,847029
10534518,39,77,9171,2010,45430.0,7398.0,0.752421,1.2208510000000001,CAN,FRA,847029
10534519,41,77,9171,2010,0.0,15631.0,2.1492080000000002,0.556424,CHE,FRA,847029
10534520,43,77,9171,2010,503012.0,1258.0,0.922493,2.0176,CHN,FRA,847029
10534521,45,77,9171,2010,0.0,2463.0,-1.114209,-1.0127899999999999,CMR,FRA,847029
10534522,47,77,9171,2010,0.0,1261.0,-1.536434,-1.175338,COG,FRA,847029
10534523,49,77,9171,2010,0.0,5087.0,0.097222,-0.064328,COL,FRA,847029
10534524,51,77,9171,2010,0.0,1336.0,0.140658,-0.527468,CPV,FRA,847029
10534525,59,77,9171,2010,10122.0,0.0,1.732044,0.333934,CZE,FRA,847029
10534526,61,77,9171,2010,39387.0,57149.0,2.035672,-3.383322,DEU,FRA,847029
10534527,64,77,9171,2010,0.0,51871.0,1.082468,1.280759,DNK,FRA,847029
10534528,66,77,9171,2010,0.0,31725.0,-1.00922,-1.1511040000000001,DZA,FRA,847029
10534529,71,77,9171,2010,28194.0,76221.0,0.832619,2.448009,ESP,FRA,847029
10534530,74,77,9171,2010,0.0,1270.0,1.745464,0.897992,FIN,FRA,847029
10534531,80,77,9171,2010,0.0,43744.0,-1.707175,-1.167635,GAB,FRA,847029
10534532,81,77,9171,2010,3771.0,294201.0,1.828224,0.386383,GBR,FRA,847029
10534533,83,77,9171,2010,0.0,1967.0,-0.835003,-0.633731,GHA,FRA,847029
10534534,102,77,9171,2010,0.0,1295.0,1.514225,0.740341,HUN,FRA,847029
10534535,111,77,9171,2010,32436.0,50825.0,1.272385,0.545721,ITA,FRA,847029
10534536,114,77,9171,2010,49321.0,0.0,2.459723,-0.279387,JPN,FRA,847029
10534537,116,77,9171,2010,0.0,2262.0,-0.387187,1.010443,KEN,FRA,847029
10534538,131,77,9171,2010,0.0,1294.0,1.272127,1.1051520000000001,LUX,FRA,847029
10534539,142,77,9171,2010,0.0,1024.0,1.211797,-0.024923,MLT,FRA,847029
10534540,153,77,9171,2010,92722.0,0.0,0.9530780000000001,0.607456,MYS,FRA,847029
10534541,155,77,9171,2010,0.0,2499.0,-0.49860299999999996,-0.6728529999999999,NAM,FRA,847029
10534542,156,77,9171,2010,0.0,1308.0,-0.42193500000000006,-0.8256610000000001,NCL,FRA,847029
10534543,162,77,9171,2010,2689.0,1293.0,1.237998,1.1891209999999999,NLD,FRA,847029
10534544,163,77,9171,2010,0.0,4026.0,0.865676,0.138757,NOR,FRA,847029
10534545,177,77,9171,2010,0.0,3865.0,1.083552,1.1433719999999998,POL,FRA,847029
10534546,179,77,9171,2010,0.0,1296.0,0.551149,2.437209,PRT,FRA,847029
10534547,182,77,9171,2010,0.0,67755.0,-0.47692700000000005,-0.8429760000000001,PYF,FRA,847029
10534548,185,77,9171,2010,0.0,5098.0,0.6483760000000001,1.200256,ROU,FRA,847029
10534549,206,77,9171,2010,0.0,4960.0,1.278601,0.726907,SVK,FRA,847029
10534550,208,77,9171,2010,19196.0,25989.0,1.882239,0.397927,SWE,FRA,847029
10534551,211,77,9171,2010,0.0,9112.0,-0.075668,-0.549686,SYC,FRA,847029
10534552,215,77,9171,2010,0.0,1268.0,-0.943559,-0.884336,TGO,FRA,847029
10534553,216,77,9171,2010,381989.0,0.0,0.748328,1.425224,THA,FRA,847029
10534554,224,77,9171,2010,0.0,1546.0,0.359977,2.471173,TUR,FRA,847029
10534555,231,77,9171,2010,178542.0,3047.0,1.67573,-0.598165,USA,FRA,847029
10534556,246,77,9171,2010,0.0,18158.0,0.327326,1.513598,ZAF,FRA,847029
10534557,7,81,9171,2010,0.0,10789.0,0.29457,-0.196371,ARE,GBR,847029
10534558,14,81,9171,2010,0.0,5046.0,-0.276442,0.062023,AUS,GBR,847029
10534559,18,81,9171,2010,0.0,1929.0,1.2224270000000002,1.1276,BEL,GBR,847029
10534560,33,81,9171,2010,0.0,2035.0,0.7076140000000001,0.434993,BRB,GBR,847029
10534561,39,81,9171,2010,3842.0,10039.0,0.752421,1.2208510000000001,CAN,GBR,847029
10534562,41,81,9171,2010,6291.0,18583.0,2.1492080000000002,0.556424,CHE,GBR,847029
10534563,43,81,9171,2010,2055124.0,12921.0,0.922493,2.0176,CHN,GBR,847029
10534564,47,81,9171,2010,0.0,698.0,-1.536434,-1.175338,COG,GBR,847029
10534565,59,81,9171,2010,0.0,122147.0,1.732044,0.333934,CZE,GBR,847029
10534566,61,81,9171,2010,11581.0,414312.0,2.035672,-3.383322,DEU,GBR,847029
10534567,64,81,9171,2010,11570.0,0.0,1.082468,1.280759,DNK,GBR,847029
10534568,68,81,9171,2010,0.0,8786.0,-0.181826,1.409465,EGY,GBR,847029
10534569,71,81,9171,2010,0.0,48264.0,0.832619,2.448009,ESP,GBR,847029
10534570,74,81,9171,2010,0.0,69992.0,1.745464,0.897992,FIN,GBR,847029
10534571,77,81,9171,2010,294201.0,3771.0,1.530027,-0.052557000000000006,FRA,GBR,847029
10534572,83,81,9171,2010,0.0,2295.0,-0.835003,-0.633731,GHA,GBR,847029
10534573,90,81,9171,2010,0.0,2076.0,0.200249,1.4640090000000001,GRC,GBR,847029
10534574,96,81,9171,2010,0.0,1273.0,-1.020217,-1.0231569999999999,GUY,GBR,847029
10534575,97,81,9171,2010,41602.0,11534.0,0.715745,1.9780259999999998,HKG,GBR,847029
10534576,100,81,9171,2010,1457.0,136827.0,0.8276979999999999,0.97415,HRV,GBR,847029
10534577,104,81,9171,2010,15989.0,20360.0,0.14485599999999998,2.408913,IND,GBR,847029
10534578,106,81,9171,2010,9167.0,100974.0,1.371357,0.168795,IRL,GBR,847029
10534579,107,81,9171,2010,0.0,2779.0,-0.609874,-0.744733,IRN,GBR,847029
10534580,111,81,9171,2010,45635.0,158564.0,1.272385,0.545721,ITA,GBR,847029
10534581,114,81,9171,2010,2718.0,0.0,2.459723,-0.279387,JPN,GBR,847029
10534582,116,81,9171,2010,0.0,748.0,-0.387187,1.010443,KEN,GBR,847029
10534583,128,81,9171,2010,0.0,4891.0,-0.70886,0.25216700000000003,LKA,GBR,847029
10534584,140,81,9171,2010,0.0,122045.0,-0.122842,0.407017,MKD,GBR,847029
10534585,159,81,9171,2010,0.0,6173.0,-1.887084,-1.2280229999999999,NGA,GBR,847029
10534586,162,81,9171,2010,1304.0,397478.0,1.237998,1.1891209999999999,NLD,GBR,847029
10534587,163,81,9171,2010,1607.0,2054.0,0.865676,0.138757,NOR,GBR,847029
10534588,179,81,9171,2010,0.0,3148.0,0.551149,2.437209,PRT,GBR,847029
10534589,185,81,9171,2010,0.0,11058.0,0.6483760000000001,1.200256,ROU,GBR,847029
10534590,192,81,9171,2010,0.0,8506.0,1.8441349999999999,0.570311,SGP,GBR,847029
10534591,206,81,9171,2010,0.0,8357.0,1.278601,0.726907,SVK,GBR,847029
10534592,208,81,9171,2010,127875.0,0.0,1.882239,0.397927,SWE,GBR,847029
10534593,209,81,9171,2010,0.0,5552.0,0.186142,-0.34577800000000003,SWZ,GBR,847029
10534594,216,81,9171,2010,6437.0,0.0,0.748328,1.425224,THA,GBR,847029
10534595,224,81,9171,2010,0.0,5024.0,0.359977,2.471173,TUR,GBR,847029
10534596,231,81,9171,2010,174202.0,117180.0,1.67573,-0.598165,USA,GBR,847029
10534597,246,81,9171,2010,21318.0,3476.0,0.327326,1.513598,ZAF,GBR,847029
10534598,249,81,9171,2010,2946.0,0.0,1.766729,0.909335,TWN,GBR,847029
10534599,15,90,9171,2010,0.0,2024.0,1.724315,-0.29379099999999997,AUT,GRC,847029
10534600,18,90,9171,2010,1856.0,0.0,1.2224270000000002,1.1276,BEL,GRC,847029
10534601,23,90,9171,2010,0.0,63812.0,0.44973,1.445441,BGR,GRC,847029
10534602,43,90,9171,2010,78478.0,0.0,0.922493,2.0176,CHN,GRC,847029
10534603,58,90,9171,2010,38693.0,5136.0,0.8776450000000001,0.568389,CYP,GRC,847029
10534604,61,90,9171,2010,8205.0,0.0,2.035672,-3.383322,DEU,GRC,847029
10534605,71,90,9171,2010,7871.0,0.0,0.832619,2.448009,ESP,GRC,847029
10534606,81,90,9171,2010,2076.0,0.0,1.828224,0.386383,GBR,GRC,847029
10534607,97,90,9171,2010,6164.0,0.0,0.715745,1.9780259999999998,HKG,GRC,847029
10534608,111,90,9171,2010,3817.0,0.0,1.272385,0.545721,ITA,GRC,847029
10534609,114,90,9171,2010,32163.0,0.0,2.459723,-0.279387,JPN,GRC,847029
10534610,162,90,9171,2010,27163.0,0.0,1.237998,1.1891209999999999,NLD,GRC,847029
10534611,208,90,9171,2010,10784.0,0.0,1.882239,0.397927,SWE,GRC,847029
10534612,43,93,9171,2010,4200.0,0.0,0.922493,2.0176,CHN,GTM,847029
10534613,52,93,9171,2010,1481.0,0.0,-0.122722,-0.7062069999999999,CRI,GTM,847029
10534614,99,93,9171,2010,0.0,28891.0,-0.569501,-0.153122,HND,GTM,847029
10534615,138,93,9171,2010,13309.0,0.0,1.132664,0.675756,MEX,GTM,847029
10534616,169,93,9171,2010,6034.0,0.0,0.617867,0.903432,PAN,GTM,847029
10534617,208,93,9171,2010,15803.0,0.0,1.882239,0.397927,SWE,GTM,847029
10534618,231,93,9171,2010,66165.0,0.0,1.67573,-0.598165,USA,GTM,847029
10534619,249,93,9171,2010,1778.0,0.0,1.766729,0.909335,TWN,GTM,847029
10534620,43,96,9171,2010,7168.0,0.0,0.922493,2.0176,CHN,GUY,847029
10534621,81,96,9171,2010,1273.0,0.0,1.828224,0.386383,GBR,GUY,847029
10534622,169,96,9171,2010,1138.0,0.0,0.617867,0.903432,PAN,GUY,847029
10534623,231,96,9171,2010,4657.0,0.0,1.67573,-0.598165,USA,GUY,847029
10534624,14,97,9171,2010,0.0,44087.0,-0.276442,0.062023,AUS,HKG,847029
10534625,32,97,9171,2010,0.0,50560.0,0.40715500000000004,0.6208100000000001,BRA,HKG,847029
10534626,39,97,9171,2010,0.0,6402.0,0.752421,1.2208510000000001,CAN,HKG,847029
10534627,41,97,9171,2010,0.0,2938.0,2.1492080000000002,0.556424,CHE,HKG,847029
10534628,43,97,9171,2010,8250705.0,38491.0,0.922493,2.0176,CHN,HKG,847029
10534629,61,97,9171,2010,0.0,47564.0,2.035672,-3.383322,DEU,HKG,847029
10534630,67,97,9171,2010,0.0,1040.0,-0.584013,-0.743675,ECU,HKG,847029
10534631,71,97,9171,2010,0.0,6443.0,0.832619,2.448009,ESP,HKG,847029
10534632,81,97,9171,2010,11534.0,41602.0,1.828224,0.386383,GBR,HKG,847029
10534633,87,97,9171,2010,0.0,1236.0,-0.894757,-0.734589,GMB,HKG,847029
10534634,90,97,9171,2010,0.0,6164.0,0.200249,1.4640090000000001,GRC,HKG,847029
10534635,102,97,9171,2010,0.0,17362.0,1.514225,0.740341,HUN,HKG,847029
10534636,104,97,9171,2010,0.0,43450.0,0.14485599999999998,2.408913,IND,HKG,847029
10534637,106,97,9171,2010,0.0,6310.0,1.371357,0.168795,IRL,HKG,847029
10534638,110,97,9171,2010,0.0,54988.0,1.215834,0.7028340000000001,ISR,HKG,847029
10534639,111,97,9171,2010,24300.0,0.0,1.272385,0.545721,ITA,HKG,847029
10534640,112,97,9171,2010,0.0,2563.0,0.041471,-0.367177,JAM,HKG,847029
10534641,113,97,9171,2010,0.0,690.0,0.251702,0.522758,JOR,HKG,847029
10534642,114,97,9171,2010,0.0,98216.0,2.459723,-0.279387,JPN,HKG,847029
10534643,121,97,9171,2010,2531.0,0.0,1.7118849999999999,0.762362,KOR,HKG,847029
10534644,128,97,9171,2010,0.0,218470.0,-0.70886,0.25216700000000003,LKA,HKG,847029
10534645,134,97,9171,2010,0.0,2589.0,-0.5935229999999999,-0.056497000000000006,MAR,HKG,847029
10534646,138,97,9171,2010,0.0,11465.0,1.132664,0.675756,MEX,HKG,847029
10534647,142,97,9171,2010,0.0,2926.0,1.211797,-0.024923,MLT,HKG,847029
10534648,153,97,9171,2010,0.0,66331.0,0.9530780000000001,0.607456,MYS,HKG,847029
10534649,162,97,9171,2010,0.0,19580.0,1.237998,1.1891209999999999,NLD,HKG,847029
10534650,169,97,9171,2010,0.0,32292.0,0.617867,0.903432,PAN,HKG,847029
10534651,174,97,9171,2010,0.0,246716.0,0.40418899999999996,0.102497,PHL,HKG,847029
10534652,175,97,9171,2010,0.0,1143.0,-0.32681,-0.885127,PLW,HKG,847029
10534653,182,97,9171,2010,0.0,1781.0,-0.47692700000000005,-0.8429760000000001,PYF,HKG,847029
10534654,192,97,9171,2010,39161.0,4942.0,1.8441349999999999,0.570311,SGP,HKG,847029
10534655,215,97,9171,2010,0.0,4662.0,-0.943559,-0.884336,TGO,HKG,847029
10534656,216,97,9171,2010,3354.0,2307.0,0.748328,1.425224,THA,HKG,847029
10534657,224,97,9171,2010,0.0,43025.0,0.359977,2.471173,TUR,HKG,847029
10534658,231,97,9171,2010,4547758.0,0.0,1.67573,-0.598165,USA,HKG,847029
10534659,232,97,9171,2010,0.0,10870.0,-0.704097,-0.655055,UZB,HKG,847029
10534660,43,99,9171,2010,49440.0,0.0,0.922493,2.0176,CHN,HND,847029
10534661,93,99,9171,2010,28891.0,0.0,-0.39034,0.743521,GTM,HND,847029
10534662,169,99,9171,2010,10084.0,16212.0,0.617867,0.903432,PAN,HND,847029
10534663,231,99,9171,2010,79772.0,0.0,1.67573,-0.598165,USA,HND,847029
10534664,43,103,9171,2010,431848.0,0.0,0.922493,2.0176,CHN,IDN,847029
10534665,61,103,9171,2010,103451.0,0.0,2.035672,-3.383322,DEU,IDN,847029
10534666,114,103,9171,2010,19729.0,0.0,2.459723,-0.279387,JPN,IDN,847029
10534667,153,103,9171,2010,15230.0,0.0,0.9530780000000001,0.607456,MYS,IDN,847029
10534668,192,103,9171,2010,54331.0,8569.0,1.8441349999999999,0.570311,SGP,IDN,847029
10534669,231,103,9171,2010,34091.0,3246.0,1.67573,-0.598165,USA,IDN,847029
10534670,249,103,9171,2010,65910.0,0.0,1.766729,0.909335,TWN,IDN,847029
10534671,7,104,9171,2010,0.0,20993.0,0.29457,-0.196371,ARE,IND,847029
10534672,22,104,9171,2010,0.0,11181.0,-0.974526,-0.76566,BGD,IND,847029
10534673,43,104,9171,2010,1952107.0,37812.0,0.922493,2.0176,CHN,IND,847029
10534674,49,104,9171,2010,0.0,19549.0,0.097222,-0.064328,COL,IND,847029
10534675,61,104,9171,2010,61408.0,89248.0,2.035672,-3.383322,DEU,IND,847029
10534676,81,104,9171,2010,20360.0,15989.0,1.828224,0.386383,GBR,IND,847029
10534677,97,104,9171,2010,43450.0,0.0,0.715745,1.9780259999999998,HKG,IND,847029
10534678,102,104,9171,2010,7762.0,0.0,1.514225,0.740341,HUN,IND,847029
10534679,111,104,9171,2010,0.0,5764.0,1.272385,0.545721,ITA,IND,847029
10534680,122,104,9171,2010,0.0,1034.0,0.067373,-1.0822120000000002,KWT,IND,847029
10534681,151,104,9171,2010,0.0,9485.0,-0.173542,0.103727,MUS,IND,847029
10534682,153,104,9171,2010,22545.0,0.0,0.9530780000000001,0.607456,MYS,IND,847029
10534683,159,104,9171,2010,0.0,2514.0,-1.887084,-1.2280229999999999,NGA,IND,847029
10534684,164,104,9171,2010,0.0,39408.0,-0.23753400000000002,0.7957390000000001,NPL,IND,847029
10534685,166,104,9171,2010,2556.0,0.0,0.36828299999999997,0.574574,NZL,IND,847029
10534686,167,104,9171,2010,0.0,4579.0,-0.487612,-0.9551379999999999,OMN,IND,847029
10534687,179,104,9171,2010,1255.0,0.0,0.551149,2.437209,PRT,IND,847029
10534688,192,104,9171,2010,517956.0,382549.0,1.8441349999999999,0.570311,SGP,IND,847029
10534689,231,104,9171,2010,48620.0,9670.0,1.67573,-0.598165,USA,IND,847029
10534690,239,104,9171,2010,0.0,1517.0,-0.24660500000000002,1.427235,VNM,IND,847029
10534691,243,104,9171,2010,0.0,7439.0,-1.360851,-1.208826,YEM,IND,847029
10534692,247,104,9171,2010,0.0,2759.0,-0.650686,-0.830332,ZMB,IND,847029
10534693,249,104,9171,2010,0.0,5089.0,1.766729,0.909335,TWN,IND,847029
10534694,7,107,9171,2010,144371.0,0.0,0.29457,-0.196371,ARE,IRN,847029
10534695,43,107,9171,2010,86028.0,0.0,0.922493,2.0176,CHN,IRN,847029
10534696,61,107,9171,2010,33520.0,0.0,2.035672,-3.383322,DEU,IRN,847029
10534697,81,107,9171,2010,2779.0,0.0,1.828224,0.386383,GBR,IRN,847029
10534698,249,107,9171,2010,3251.0,0.0,1.766729,0.909335,TWN,IRN,847029
10534699,2,110,9171,2010,0.0,16085.0,-1.3711010000000001,-1.170608,AGO,ISR,847029
10534700,14,110,9171,2010,25618.0,0.0,-0.276442,0.062023,AUS,ISR,847029
10534701,18,110,9171,2010,2943.0,0.0,1.2224270000000002,1.1276,BEL,ISR,847029
10534702,43,110,9171,2010,104789.0,0.0,0.922493,2.0176,CHN,ISR,847029
10534703,64,110,9171,2010,0.0,874.0,1.082468,1.280759,DNK,ISR,847029
10534704,97,110,9171,2010,54988.0,0.0,0.715745,1.9780259999999998,HKG,ISR,847029
10534705,102,110,9171,2010,0.0,7882.0,1.514225,0.740341,HUN,ISR,847029
10534706,121,110,9171,2010,0.0,6361.0,1.7118849999999999,0.762362,KOR,ISR,847029
10534707,130,110,9171,2010,0.0,3506.0,0.6390600000000001,1.144911,LTU,ISR,847029
10534708,132,110,9171,2010,0.0,815.0,0.6158170000000001,1.1401059999999998,LVA,ISR,847029
10534709,177,110,9171,2010,0.0,11340.0,1.083552,1.1433719999999998,POL,ISR,847029
10534710,192,110,9171,2010,0.0,12357.0,1.8441349999999999,0.570311,SGP,ISR,847029
10534711,231,110,9171,2010,0.0,3917.0,1.67573,-0.598165,USA,ISR,847029
10534712,4,111,9171,2010,0.0,3212.0,-0.5316,-0.219561,ALB,ITA,847029
10534713,15,111,9171,2010,23707.0,1043.0,1.724315,-0.29379099999999997,AUT,ITA,847029
10534714,18,111,9171,2010,5401.0,0.0,1.2224270000000002,1.1276,BEL,ITA,847029
10534715,39,111,9171,2010,31258.0,0.0,0.752421,1.2208510000000001,CAN,ITA,847029
10534716,41,111,9171,2010,2289.0,6708.0,2.1492080000000002,0.556424,CHE,ITA,847029
10534717,43,111,9171,2010,816302.0,0.0,0.922493,2.0176,CHN,ITA,847029
10534718,58,111,9171,2010,0.0,3997.0,0.8776450000000001,0.568389,CYP,ITA,847029
10534719,59,111,9171,2010,0.0,2615.0,1.732044,0.333934,CZE,ITA,847029
10534720,61,111,9171,2010,14782.0,59486.0,2.035672,-3.383322,DEU,ITA,847029
10534721,64,111,9171,2010,0.0,48742.0,1.082468,1.280759,DNK,ITA,847029
10534722,71,111,9171,2010,21004.0,23755.0,0.832619,2.448009,ESP,ITA,847029
10534723,77,111,9171,2010,50825.0,32436.0,1.530027,-0.052557000000000006,FRA,ITA,847029
10534724,81,111,9171,2010,158564.0,45635.0,1.828224,0.386383,GBR,ITA,847029
10534725,90,111,9171,2010,0.0,3817.0,0.200249,1.4640090000000001,GRC,ITA,847029
10534726,97,111,9171,2010,0.0,24300.0,0.715745,1.9780259999999998,HKG,ITA,847029
10534727,104,111,9171,2010,5764.0,0.0,0.14485599999999998,2.408913,IND,ITA,847029
10534728,106,111,9171,2010,19611.0,0.0,1.371357,0.168795,IRL,ITA,847029
10534729,131,111,9171,2010,3988.0,0.0,1.272127,1.1051520000000001,LUX,ITA,847029
10534730,142,111,9171,2010,0.0,1228.0,1.211797,-0.024923,MLT,ITA,847029
10534731,159,111,9171,2010,0.0,3471.0,-1.887084,-1.2280229999999999,NGA,ITA,847029
10534732,162,111,9171,2010,6904.0,34695.0,1.237998,1.1891209999999999,NLD,ITA,847029
10534733,177,111,9171,2010,0.0,1258.0,1.083552,1.1433719999999998,POL,ITA,847029
10534734,185,111,9171,2010,2675.0,13474.0,0.6483760000000001,1.200256,ROU,ITA,847029
10534735,186,111,9171,2010,0.0,73018.0,0.583996,-0.223881,RUS,ITA,847029
10534736,206,111,9171,2010,0.0,4184.0,1.278601,0.726907,SVK,ITA,847029
10534737,207,111,9171,2010,0.0,1892.0,1.595473,0.7023020000000001,SVN,ITA,847029
10534738,208,111,9171,2010,0.0,4174.0,1.882239,0.397927,SWE,ITA,847029
10534739,223,111,9171,2010,0.0,1821.0,0.165019,0.8882059999999999,TUN,ITA,847029
10534740,231,111,9171,2010,10980.0,0.0,1.67573,-0.598165,USA,ITA,847029
10534741,249,111,9171,2010,0.0,5237.0,1.766729,0.909335,TWN,ITA,847029
10534742,43,112,9171,2010,36042.0,0.0,0.922493,2.0176,CHN,JAM,847029
10534743,97,112,9171,2010,2563.0,0.0,0.715745,1.9780259999999998,HKG,JAM,847029
10534744,114,112,9171,2010,6075.0,0.0,2.459723,-0.279387,JPN,JAM,847029
10534745,169,112,9171,2010,8899.0,0.0,0.617867,0.903432,PAN,JAM,847029
10534746,231,112,9171,2010,55224.0,0.0,1.67573,-0.598165,USA,JAM,847029
10534747,18,114,9171,2010,2601.0,0.0,1.2224270000000002,1.1276,BEL,JPN,847029
10534748,43,114,9171,2010,231673.0,3567.0,0.922493,2.0176,CHN,JPN,847029
10534749,61,114,9171,2010,0.0,7100.0,2.035672,-3.383322,DEU,JPN,847029
10534750,77,114,9171,2010,0.0,49321.0,1.530027,-0.052557000000000006,FRA,JPN,847029
10534751,81,114,9171,2010,0.0,2718.0,1.828224,0.386383,GBR,JPN,847029
10534752,90,114,9171,2010,0.0,32163.0,0.200249,1.4640090000000001,GRC,JPN,847029
10534753,97,114,9171,2010,98216.0,0.0,0.715745,1.9780259999999998,HKG,JPN,847029
10534754,103,114,9171,2010,0.0,19729.0,-0.30878099999999997,1.07069,IDN,JPN,847029
10534755,112,114,9171,2010,0.0,6075.0,0.041471,-0.367177,JAM,JPN,847029
10534756,121,114,9171,2010,2645.0,8770.0,1.7118849999999999,0.762362,KOR,JPN,847029
10534757,134,114,9171,2010,0.0,909.0,-0.5935229999999999,-0.056497000000000006,MAR,JPN,847029
10534758,153,114,9171,2010,0.0,37430.0,0.9530780000000001,0.607456,MYS,JPN,847029
10534759,169,114,9171,2010,0.0,512554.0,0.617867,0.903432,PAN,JPN,847029
10534760,174,114,9171,2010,0.0,88531.0,0.40418899999999996,0.102497,PHL,JPN,847029
10534761,192,114,9171,2010,0.0,12855.0,1.8441349999999999,0.570311,SGP,JPN,847029
10534762,207,114,9171,2010,0.0,710.0,1.595473,0.7023020000000001,SVN,JPN,847029
10534763,216,114,9171,2010,0.0,2308.0,0.748328,1.425224,THA,JPN,847029
10534764,223,114,9171,2010,0.0,14520.0,0.165019,0.8882059999999999,TUN,JPN,847029
10534765,231,114,9171,2010,135296.0,2625.0,1.67573,-0.598165,USA,JPN,847029
10534766,239,114,9171,2010,0.0,32835.0,-0.24660500000000002,1.427235,VNM,JPN,847029
10534767,246,114,9171,2010,0.0,20658.0,0.327326,1.513598,ZAF,JPN,847029
10534768,249,114,9171,2010,86276.0,6748.0,1.766729,0.909335,TWN,JPN,847029
10534769,43,115,9171,2010,7659.0,0.0,0.922493,2.0176,CHN,KAZ,847029
10534770,61,115,9171,2010,9290.0,0.0,2.035672,-3.383322,DEU,KAZ,847029
10534771,71,115,9171,2010,1418.0,0.0,0.832619,2.448009,ESP,KAZ,847029
10534772,169,115,9171,2010,58064.0,0.0,0.617867,0.903432,PAN,KAZ,847029
10534773,192,115,9171,2010,56497.0,0.0,1.8441349999999999,0.570311,SGP,KAZ,847029
10534774,224,115,9171,2010,2999.0,0.0,0.359977,2.471173,TUR,KAZ,847029
10534775,39,121,9171,2010,399865.0,0.0,0.752421,1.2208510000000001,CAN,KOR,847029
10534776,41,121,9171,2010,13157.0,0.0,2.1492080000000002,0.556424,CHE,KOR,847029
10534777,43,121,9171,2010,136613.0,0.0,0.922493,2.0176,CHN,KOR,847029
10534778,97,121,9171,2010,0.0,2531.0,0.715745,1.9780259999999998,HKG,KOR,847029
10534779,110,121,9171,2010,6361.0,0.0,1.215834,0.7028340000000001,ISR,KOR,847029
10534780,114,121,9171,2010,8770.0,2645.0,2.459723,-0.279387,JPN,KOR,847029
10534781,159,121,9171,2010,0.0,10597.0,-1.887084,-1.2280229999999999,NGA,KOR,847029
10534782,169,121,9171,2010,0.0,7949.0,0.617867,0.903432,PAN,KOR,847029
10534783,186,121,9171,2010,0.0,2075.0,0.583996,-0.223881,RUS,KOR,847029
10534784,192,121,9171,2010,19149.0,21426.0,1.8441349999999999,0.570311,SGP,KOR,847029
10534785,216,121,9171,2010,1178.0,0.0,0.748328,1.425224,THA,KOR,847029
10534786,230,121,9171,2010,0.0,1282.0,0.217246,-0.079733,URY,KOR,847029
10534787,231,121,9171,2010,1832586.0,0.0,1.67573,-0.598165,USA,KOR,847029
10534788,239,121,9171,2010,0.0,4683.0,-0.24660500000000002,1.427235,VNM,KOR,847029
10534789,243,121,9171,2010,0.0,1786.0,-1.360851,-1.208826,YEM,KOR,847029
10534790,246,121,9171,2010,0.0,50329.0,0.327326,1.513598,ZAF,KOR,847029
10534791,7,128,9171,2010,6456.0,0.0,0.29457,-0.196371,ARE,LKA,847029
10534792,14,128,9171,2010,0.0,4223.0,-0.276442,0.062023,AUS,LKA,847029
10534793,43,128,9171,2010,22859.0,0.0,0.922493,2.0176,CHN,LKA,847029
10534794,81,128,9171,2010,4891.0,0.0,1.828224,0.386383,GBR,LKA,847029
10534795,97,128,9171,2010,218470.0,0.0,0.715745,1.9780259999999998,HKG,LKA,847029
10534796,153,128,9171,2010,2296.0,0.0,0.9530780000000001,0.607456,MYS,LKA,847029
10534797,192,128,9171,2010,35143.0,0.0,1.8441349999999999,0.570311,SGP,LKA,847029
10534798,39,138,9171,2010,0.0,14741.0,0.752421,1.2208510000000001,CAN,MEX,847029
10534799,43,138,9171,2010,2355406.0,0.0,0.922493,2.0176,CHN,MEX,847029
10534800,61,138,9171,2010,1019.0,0.0,2.035672,-3.383322,DEU,MEX,847029
10534801,74,138,9171,2010,0.0,9887.0,1.745464,0.897992,FIN,MEX,847029
10534802,93,138,9171,2010,0.0,13309.0,-0.39034,0.743521,GTM,MEX,847029
10534803,97,138,9171,2010,11465.0,0.0,0.715745,1.9780259999999998,HKG,MEX,847029
10534804,160,138,9171,2010,0.0,4169.0,-0.9387409999999999,-0.8119569999999999,NIC,MEX,847029
10534805,169,138,9171,2010,0.0,10435.0,0.617867,0.903432,PAN,MEX,847029
10534806,192,138,9171,2010,20713.0,0.0,1.8441349999999999,0.570311,SGP,MEX,847029
10534807,197,138,9171,2010,0.0,8822.0,-0.101434,0.132639,SLV,MEX,847029
10534808,231,138,9171,2010,242625.0,38444.0,1.67573,-0.598165,USA,MEX,847029
10534809,246,138,9171,2010,6008.0,0.0,0.327326,1.513598,ZAF,MEX,847029
10534810,39,153,9171,2010,0.0,30069.0,0.752421,1.2208510000000001,CAN,MYS,847029
10534811,43,153,9171,2010,647277.0,0.0,0.922493,2.0176,CHN,MYS,847029
10534812,61,153,9171,2010,5243.0,7244.0,2.035672,-3.383322,DEU,MYS,847029
10534813,71,153,9171,2010,0.0,2372.0,0.832619,2.448009,ESP,MYS,847029
10534814,77,153,9171,2010,0.0,92722.0,1.530027,-0.052557000000000006,FRA,MYS,847029
10534815,97,153,9171,2010,66331.0,0.0,0.715745,1.9780259999999998,HKG,MYS,847029
10534816,100,153,9171,2010,0.0,9716.0,0.8276979999999999,0.97415,HRV,MYS,847029
10534817,103,153,9171,2010,0.0,15230.0,-0.30878099999999997,1.07069,IDN,MYS,847029
10534818,104,153,9171,2010,0.0,22545.0,0.14485599999999998,2.408913,IND,MYS,847029
10534819,114,153,9171,2010,37430.0,0.0,2.459723,-0.279387,JPN,MYS,847029
10534820,122,153,9171,2010,0.0,6718.0,0.067373,-1.0822120000000002,KWT,MYS,847029
10534821,128,153,9171,2010,0.0,2296.0,-0.70886,0.25216700000000003,LKA,MYS,847029
10534822,151,153,9171,2010,0.0,2143.0,-0.173542,0.103727,MUS,MYS,847029
10534823,174,153,9171,2010,0.0,8984.0,0.40418899999999996,0.102497,PHL,MYS,847029
10534824,192,153,9171,2010,178179.0,663255.0,1.8441349999999999,0.570311,SGP,MYS,847029
10534825,216,153,9171,2010,0.0,135057.0,0.748328,1.425224,THA,MYS,847029
10534826,231,153,9171,2010,1037150.0,0.0,1.67573,-0.598165,USA,MYS,847029
10534827,249,153,9171,2010,1577.0,0.0,1.766729,0.909335,TWN,MYS,847029
10534828,14,162,9171,2010,10339.0,0.0,-0.276442,0.062023,AUS,NLD,847029
10534829,16,162,9171,2010,7450.0,0.0,-1.048424,-1.2030370000000001,AZE,NLD,847029
10534830,18,162,9171,2010,534847.0,519995.0,1.2224270000000002,1.1276,BEL,NLD,847029
10534831,41,162,9171,2010,1361.0,7355.0,2.1492080000000002,0.556424,CHE,NLD,847029
10534832,43,162,9171,2010,4069982.0,8648.0,0.922493,2.0176,CHN,NLD,847029
10534833,61,162,9171,2010,38500.0,1672.0,2.035672,-3.383322,DEU,NLD,847029
10534834,71,162,9171,2010,3004.0,0.0,0.832619,2.448009,ESP,NLD,847029
10534835,77,162,9171,2010,1293.0,2689.0,1.530027,-0.052557000000000006,FRA,NLD,847029
10534836,81,162,9171,2010,397478.0,1304.0,1.828224,0.386383,GBR,NLD,847029
10534837,90,162,9171,2010,0.0,27163.0,0.200249,1.4640090000000001,GRC,NLD,847029
10534838,97,162,9171,2010,19580.0,0.0,0.715745,1.9780259999999998,HKG,NLD,847029
10534839,100,162,9171,2010,4657.0,3045.0,0.8276979999999999,0.97415,HRV,NLD,847029
10534840,106,162,9171,2010,0.0,1339.0,1.371357,0.168795,IRL,NLD,847029
10534841,111,162,9171,2010,34695.0,6904.0,1.272385,0.545721,ITA,NLD,847029
10534842,131,162,9171,2010,0.0,1380.0,1.272127,1.1051520000000001,LUX,NLD,847029
10534843,159,162,9171,2010,0.0,525852.0,-1.887084,-1.2280229999999999,NGA,NLD,847029
10534844,163,162,9171,2010,0.0,11491.0,0.865676,0.138757,NOR,NLD,847029
10534845,168,162,9171,2010,0.0,5041.0,-0.692071,0.5409010000000001,PAK,NLD,847029
10534846,177,162,9171,2010,0.0,1329.0,1.083552,1.1433719999999998,POL,NLD,847029
10534847,179,162,9171,2010,0.0,2750.0,0.551149,2.437209,PRT,NLD,847029
10534848,185,162,9171,2010,0.0,3443.0,0.6483760000000001,1.200256,ROU,NLD,847029
10534849,206,162,9171,2010,0.0,6877.0,1.278601,0.726907,SVK,NLD,847029
10534850,208,162,9171,2010,0.0,31915.0,1.882239,0.397927,SWE,NLD,847029
10534851,231,162,9171,2010,71754.0,0.0,1.67573,-0.598165,USA,NLD,847029
10534852,14,166,9171,2010,996402.0,2600.0,-0.276442,0.062023,AUS,NZL,847029
10534853,39,166,9171,2010,9934.0,0.0,0.752421,1.2208510000000001,CAN,NZL,847029
10534854,43,166,9171,2010,174650.0,49028.0,0.922493,2.0176,CHN,NZL,847029
10534855,61,166,9171,2010,1184.0,0.0,2.035672,-3.383322,DEU,NZL,847029
10534856,75,166,9171,2010,0.0,966.0,-0.603112,-0.29135500000000003,FJI,NZL,847029
10534857,104,166,9171,2010,0.0,2556.0,0.14485599999999998,2.408913,IND,NZL,847029
10534858,231,166,9171,2010,0.0,6523.0,1.67573,-0.598165,USA,NZL,847029
10534859,242,166,9171,2010,0.0,14308.0,1.236381,0.276124,WSM,NZL,847029
10534860,0,169,9171,2010,0.0,2665.0,0.9906219999999999,0.159993,ABW,PAN,847029
10534861,13,169,9171,2010,0.0,2009.0,1.2153129999999999,0.955838,ATG,PAN,847029
10534862,29,169,9171,2010,0.0,1283.0,-0.559172,-0.739977,BLZ,PAN,847029
10534863,33,169,9171,2010,0.0,5035.0,0.7076140000000001,0.434993,BRB,PAN,847029
10534864,42,169,9171,2010,0.0,2208.0,-0.34914,-0.459395,CHL,PAN,847029
10534865,43,169,9171,2010,185653.0,0.0,0.922493,2.0176,CHN,PAN,847029
10534866,49,169,9171,2010,0.0,39185.0,0.097222,-0.064328,COL,PAN,847029
10534867,52,169,9171,2010,1118.0,24815.0,-0.122722,-0.7062069999999999,CRI,PAN,847029
10534868,54,169,9171,2010,0.0,9915.0,-0.085462,-0.885019,CUB,PAN,847029
10534869,65,169,9171,2010,0.0,8041.0,-0.245241,0.368626,DOM,PAN,847029
10534870,67,169,9171,2010,0.0,13412.0,-0.584013,-0.743675,ECU,PAN,847029
10534871,93,169,9171,2010,0.0,6034.0,-0.39034,0.743521,GTM,PAN,847029
10534872,96,169,9171,2010,0.0,1138.0,-1.020217,-1.0231569999999999,GUY,PAN,847029
10534873,97,169,9171,2010,32292.0,0.0,0.715745,1.9780259999999998,HKG,PAN,847029
10534874,99,169,9171,2010,16212.0,10084.0,-0.569501,-0.153122,HND,PAN,847029
10534875,112,169,9171,2010,0.0,8899.0,0.041471,-0.367177,JAM,PAN,847029
10534876,114,169,9171,2010,512554.0,0.0,2.459723,-0.279387,JPN,PAN,847029
10534877,115,169,9171,2010,0.0,58064.0,-0.6278020000000001,-0.8419760000000001,KAZ,PAN,847029
10534878,121,169,9171,2010,7949.0,0.0,1.7118849999999999,0.762362,KOR,PAN,847029
10534879,138,169,9171,2010,10435.0,0.0,1.132664,0.675756,MEX,PAN,847029
10534880,160,169,9171,2010,0.0,5554.0,-0.9387409999999999,-0.8119569999999999,NIC,PAN,847029
10534881,173,169,9171,2010,11855.0,0.0,-0.650327,0.162321,PER,PAN,847029
10534882,197,169,9171,2010,0.0,22532.0,-0.101434,0.132639,SLV,PAN,847029
10534883,205,169,9171,2010,0.0,2062.0,-0.5734560000000001,-0.936167,SUR,PAN,847029
10534884,222,169,9171,2010,0.0,2307.0,-0.338123,-1.070239,TTO,PAN,847029
10534885,231,169,9171,2010,19097.0,32011.0,1.67573,-0.598165,USA,PAN,847029
10534886,236,169,9171,2010,583.0,86381.0,-0.660844,-1.145133,VEN,PAN,847029
10534887,43,173,9171,2010,17888.0,0.0,0.922493,2.0176,CHN,PER,847029
10534888,169,173,9171,2010,0.0,11855.0,0.617867,0.903432,PAN,PER,847029
10534889,231,173,9171,2010,24422.0,0.0,1.67573,-0.598165,USA,PER,847029
10534890,43,174,9171,2010,121800.0,0.0,0.922493,2.0176,CHN,PHL,847029
10534891,97,174,9171,2010,246716.0,0.0,0.715745,1.9780259999999998,HKG,PHL,847029
10534892,114,174,9171,2010,88531.0,0.0,2.459723,-0.279387,JPN,PHL,847029
10534893,153,174,9171,2010,8984.0,0.0,0.9530780000000001,0.607456,MYS,PHL,847029
10534894,192,174,9171,2010,20481.0,0.0,1.8441349999999999,0.570311,SGP,PHL,847029
10534895,216,174,9171,2010,0.0,2543.0,0.748328,1.425224,THA,PHL,847029
10534896,231,174,9171,2010,2667.0,0.0,1.67573,-0.598165,USA,PHL,847029
10534897,18,177,9171,2010,39902.0,0.0,1.2224270000000002,1.1276,BEL,POL,847029
10534898,43,177,9171,2010,102988.0,0.0,0.922493,2.0176,CHN,POL,847029
10534899,59,177,9171,2010,1074.0,0.0,1.732044,0.333934,CZE,POL,847029
10534900,61,177,9171,2010,22316.0,0.0,2.035672,-3.383322,DEU,POL,847029
10534901,77,177,9171,2010,3865.0,0.0,1.530027,-0.052557000000000006,FRA,POL,847029
10534902,110,177,9171,2010,11340.0,0.0,1.215834,0.7028340000000001,ISR,POL,847029
10534903,111,177,9171,2010,1258.0,0.0,1.272385,0.545721,ITA,POL,847029
10534904,132,177,9171,2010,0.0,2087.0,0.6158170000000001,1.1401059999999998,LVA,POL,847029
10534905,162,177,9171,2010,1329.0,0.0,1.237998,1.1891209999999999,NLD,POL,847029
10534906,206,177,9171,2010,0.0,624912.0,1.278601,0.726907,SVK,POL,847029
10534907,231,177,9171,2010,11255.0,0.0,1.67573,-0.598165,USA,POL,847029
10534908,2,179,9171,2010,0.0,55174.0,-1.3711010000000001,-1.170608,AGO,PRT,847029
10534909,5,179,9171,2010,0.0,1005.0,0.8963620000000001,0.7650399999999999,AND,PRT,847029
10534910,43,179,9171,2010,35319.0,0.0,0.922493,2.0176,CHN,PRT,847029
10534911,51,179,9171,2010,0.0,1495.0,0.140658,-0.527468,CPV,PRT,847029
10534912,61,179,9171,2010,3857.0,0.0,2.035672,-3.383322,DEU,PRT,847029
10534913,71,179,9171,2010,1260287.0,2357.0,0.832619,2.448009,ESP,PRT,847029
10534914,77,179,9171,2010,1296.0,0.0,1.530027,-0.052557000000000006,FRA,PRT,847029
10534915,81,179,9171,2010,3148.0,0.0,1.828224,0.386383,GBR,PRT,847029
10534916,104,179,9171,2010,0.0,1255.0,0.14485599999999998,2.408913,IND,PRT,847029
10534917,162,179,9171,2010,2750.0,0.0,1.237998,1.1891209999999999,NLD,PRT,847029
10534918,203,179,9171,2010,0.0,3796.0,0.676596,-0.145275,STP,PRT,847029
10534919,43,180,9171,2010,156658.0,0.0,0.922493,2.0176,CHN,PRY,847029
10534920,231,180,9171,2010,121979.0,0.0,1.67573,-0.598165,USA,PRY,847029
10534921,43,183,9171,2010,69211.0,0.0,0.922493,2.0176,CHN,QAT,847029
10534922,231,183,9171,2010,20520.0,0.0,1.67573,-0.598165,USA,QAT,847029
10534923,7,188,9171,2010,0.0,46134.0,0.29457,-0.196371,ARE,SAU,847029
10534924,39,188,9171,2010,113863.0,0.0,0.752421,1.2208510000000001,CAN,SAU,847029
10534925,43,188,9171,2010,142763.0,0.0,0.922493,2.0176,CHN,SAU,847029
10534926,122,188,9171,2010,4823.0,33616.0,0.067373,-1.0822120000000002,KWT,SAU,847029
10534927,231,188,9171,2010,3433.0,0.0,1.67573,-0.598165,USA,SAU,847029
10534928,7,190,9171,2010,2676.0,0.0,0.29457,-0.196371,ARE,SDN,847029
10534929,43,190,9171,2010,7613.0,0.0,0.922493,2.0176,CHN,SDN,847029
10534930,68,190,9171,2010,6399.0,0.0,-0.181826,1.409465,EGY,SDN,847029
10534931,113,190,9171,2010,8585.0,0.0,0.251702,0.522758,JOR,SDN,847029
10534932,43,197,9171,2010,20264.0,0.0,0.922493,2.0176,CHN,SLV,847029
10534933,138,197,9171,2010,8822.0,0.0,1.132664,0.675756,MEX,SLV,847029
10534934,169,197,9171,2010,22532.0,0.0,0.617867,0.903432,PAN,SLV,847029
10534935,231,197,9171,2010,29618.0,0.0,1.67573,-0.598165,USA,SLV,847029
10534936,179,203,9171,2010,3796.0,0.0,0.551149,2.437209,PRT,STP,847029
10534937,169,205,9171,2010,2062.0,0.0,0.617867,0.903432,PAN,SUR,847029
10534938,231,205,9171,2010,7399.0,0.0,1.67573,-0.598165,USA,SUR,847029
10534939,15,206,9171,2010,0.0,1711.0,1.724315,-0.29379099999999997,AUT,SVK,847029
10534940,41,206,9171,2010,2307.0,0.0,2.1492080000000002,0.556424,CHE,SVK,847029
10534941,43,206,9171,2010,10675.0,0.0,0.922493,2.0176,CHN,SVK,847029
10534942,59,206,9171,2010,42428.0,5138.0,1.732044,0.333934,CZE,SVK,847029
10534943,61,206,9171,2010,14906.0,1643.0,2.035672,-3.383322,DEU,SVK,847029
10534944,77,206,9171,2010,4960.0,0.0,1.530027,-0.052557000000000006,FRA,SVK,847029
10534945,81,206,9171,2010,8357.0,0.0,1.828224,0.386383,GBR,SVK,847029
10534946,102,206,9171,2010,6893.0,3285.0,1.514225,0.740341,HUN,SVK,847029
10534947,111,206,9171,2010,4184.0,0.0,1.272385,0.545721,ITA,SVK,847029
10534948,135,206,9171,2010,0.0,6762.0,-0.116797,0.037801,MDA,SVK,847029
10534949,162,206,9171,2010,6877.0,0.0,1.237998,1.1891209999999999,NLD,SVK,847029
10534950,177,206,9171,2010,624912.0,0.0,1.083552,1.1433719999999998,POL,SVK,847029
10534951,208,206,9171,2010,133922.0,0.0,1.882239,0.397927,SWE,SVK,847029
10534952,231,206,9171,2010,12083.0,0.0,1.67573,-0.598165,USA,SVK,847029
10534953,250,206,9171,2010,115256.0,0.0,0.45129600000000003,-0.223517,ANS,SVK,847029
10534954,15,207,9171,2010,15471.0,0.0,1.724315,-0.29379099999999997,AUT,SVN,847029
10534955,43,207,9171,2010,5556.0,0.0,0.922493,2.0176,CHN,SVN,847029
10534956,61,207,9171,2010,13611.0,0.0,2.035672,-3.383322,DEU,SVN,847029
10534957,100,207,9171,2010,0.0,4259.0,0.8276979999999999,0.97415,HRV,SVN,847029
10534958,111,207,9171,2010,1892.0,0.0,1.272385,0.545721,ITA,SVN,847029
10534959,114,207,9171,2010,710.0,0.0,2.459723,-0.279387,JPN,SVN,847029
10534960,201,207,9171,2010,0.0,1740.0,0.561161,1.33974,SRB,SVN,847029
10534961,231,207,9171,2010,1865.0,0.0,1.67573,-0.598165,USA,SVN,847029
10534962,7,208,9171,2010,0.0,103651.0,0.29457,-0.196371,ARE,SWE,847029
10534963,41,208,9171,2010,0.0,19038.0,2.1492080000000002,0.556424,CHE,SWE,847029
10534964,43,208,9171,2010,24460.0,1834.0,0.922493,2.0176,CHN,SWE,847029
10534965,61,208,9171,2010,34923.0,2858.0,2.035672,-3.383322,DEU,SWE,847029
10534966,64,208,9171,2010,1083.0,0.0,1.082468,1.280759,DNK,SWE,847029
10534967,71,208,9171,2010,0.0,1497.0,0.832619,2.448009,ESP,SWE,847029
10534968,74,208,9171,2010,0.0,1847.0,1.745464,0.897992,FIN,SWE,847029
10534969,77,208,9171,2010,25989.0,19196.0,1.530027,-0.052557000000000006,FRA,SWE,847029
10534970,81,208,9171,2010,0.0,127875.0,1.828224,0.386383,GBR,SWE,847029
10534971,90,208,9171,2010,0.0,10784.0,0.200249,1.4640090000000001,GRC,SWE,847029
10534972,93,208,9171,2010,0.0,15803.0,-0.39034,0.743521,GTM,SWE,847029
10534973,111,208,9171,2010,4174.0,0.0,1.272385,0.545721,ITA,SWE,847029
10534974,122,208,9171,2010,0.0,92139.0,0.067373,-1.0822120000000002,KWT,SWE,847029
10534975,162,208,9171,2010,31915.0,0.0,1.237998,1.1891209999999999,NLD,SWE,847029
10534976,163,208,9171,2010,0.0,2212.0,0.865676,0.138757,NOR,SWE,847029
10534977,168,208,9171,2010,9022.0,0.0,-0.692071,0.5409010000000001,PAK,SWE,847029
10534978,186,208,9171,2010,0.0,110806.0,0.583996,-0.223881,RUS,SWE,847029
10534979,206,208,9171,2010,0.0,133922.0,1.278601,0.726907,SVK,SWE,847029
10534980,231,208,9171,2010,9312.0,0.0,1.67573,-0.598165,USA,SWE,847029
10534981,43,212,9171,2010,48846.0,0.0,0.922493,2.0176,CHN,SYR,847029
10534982,43,216,9171,2010,295484.0,5029.0,0.922493,2.0176,CHN,THA,847029
10534983,74,216,9171,2010,7597.0,0.0,1.745464,0.897992,FIN,THA,847029
10534984,77,216,9171,2010,0.0,381989.0,1.530027,-0.052557000000000006,FRA,THA,847029
10534985,81,216,9171,2010,0.0,6437.0,1.828224,0.386383,GBR,THA,847029
10534986,97,216,9171,2010,2307.0,3354.0,0.715745,1.9780259999999998,HKG,THA,847029
10534987,114,216,9171,2010,2308.0,0.0,2.459723,-0.279387,JPN,THA,847029
10534988,118,216,9171,2010,0.0,15625.0,-1.158906,-1.019906,KHM,THA,847029
10534989,121,216,9171,2010,0.0,1178.0,1.7118849999999999,0.762362,KOR,THA,847029
10534990,123,216,9171,2010,0.0,21062.0,-1.104075,-0.836772,LAO,THA,847029
10534991,153,216,9171,2010,135057.0,0.0,0.9530780000000001,0.607456,MYS,THA,847029
10534992,164,216,9171,2010,0.0,4391.0,-0.23753400000000002,0.7957390000000001,NPL,THA,847029
10534993,167,216,9171,2010,0.0,2662.0,-0.487612,-0.9551379999999999,OMN,THA,847029
10534994,174,216,9171,2010,2543.0,0.0,0.40418899999999996,0.102497,PHL,THA,847029
10534995,192,216,9171,2010,147170.0,0.0,1.8441349999999999,0.570311,SGP,THA,847029
10534996,211,216,9171,2010,0.0,3605.0,-0.075668,-0.549686,SYC,THA,847029
10534997,231,216,9171,2010,4067.0,0.0,1.67573,-0.598165,USA,THA,847029
10534998,39,222,9171,2010,4426.0,0.0,0.752421,1.2208510000000001,CAN,TTO,847029
10534999,43,222,9171,2010,7844.0,0.0,0.922493,2.0176,CHN,TTO,847029
10535000,169,222,9171,2010,2307.0,0.0,0.617867,0.903432,PAN,TTO,847029
10535001,231,222,9171,2010,126257.0,0.0,1.67573,-0.598165,USA,TTO,847029
10535002,43,224,9171,2010,561444.0,0.0,0.922493,2.0176,CHN,TUR,847029
10535003,58,224,9171,2010,0.0,9588.0,0.8776450000000001,0.568389,CYP,TUR,847029
10535004,61,224,9171,2010,36727.0,1704.0,2.035672,-3.383322,DEU,TUR,847029
10535005,77,224,9171,2010,1546.0,0.0,1.530027,-0.052557000000000006,FRA,TUR,847029
10535006,81,224,9171,2010,5024.0,0.0,1.828224,0.386383,GBR,TUR,847029
10535007,82,224,9171,2010,0.0,1108.0,-0.21301399999999998,-0.48355299999999996,GEO,TUR,847029
10535008,97,224,9171,2010,43025.0,0.0,0.715745,1.9780259999999998,HKG,TUR,847029
10535009,108,224,9171,2010,0.0,38937.0,-2.1439150000000002,-0.913227,IRQ,TUR,847029
10535010,115,224,9171,2010,0.0,2999.0,-0.6278020000000001,-0.8419760000000001,KAZ,TUR,847029
10535011,185,224,9171,2010,2770.0,6401123.0,0.6483760000000001,1.200256,ROU,TUR,847029
10535012,219,224,9171,2010,0.0,2091.0,-1.161458,-1.191589,TKM,TUR,847029
10535013,231,224,9171,2010,30283.0,0.0,1.67573,-0.598165,USA,TUR,847029
10535014,28,228,9171,2010,0.0,12568.0,0.969851,0.593386,BLR,UKR,847029
10535015,43,228,9171,2010,68242.0,0.0,0.922493,2.0176,CHN,UKR,847029
10535016,186,228,9171,2010,10577.0,0.0,0.583996,-0.223881,RUS,UKR,847029
10535017,231,228,9171,2010,8647.0,0.0,1.67573,-0.598165,USA,UKR,847029
10535018,43,230,9171,2010,153304.0,0.0,0.922493,2.0176,CHN,URY,847029
10535019,121,230,9171,2010,1282.0,0.0,1.7118849999999999,0.762362,KOR,URY,847029
10535020,231,230,9171,2010,11397233.0,0.0,1.67573,-0.598165,USA,URY,847029
10535021,0,231,9171,2010,0.0,3238.0,0.9906219999999999,0.159993,ABW,USA,847029
10535022,2,231,9171,2010,0.0,51254.0,-1.3711010000000001,-1.170608,AGO,USA,847029
10535023,7,231,9171,2010,0.0,5395999.0,0.29457,-0.196371,ARE,USA,847029
10535024,13,231,9171,2010,0.0,15751.0,1.2153129999999999,0.955838,ATG,USA,847029
10535025,14,231,9171,2010,6402.0,298657.0,-0.276442,0.062023,AUS,USA,847029
10535026,15,231,9171,2010,5847.0,76883.0,1.724315,-0.29379099999999997,AUT,USA,847029
10535027,18,231,9171,2010,2551.0,9739.0,1.2224270000000002,1.1276,BEL,USA,847029
10535028,23,231,9171,2010,0.0,3775.0,0.44973,1.445441,BGR,USA,847029
10535029,25,231,9171,2010,0.0,7283.0,0.495262,-0.6198779999999999,BHS,USA,847029
10535030,26,231,9171,2010,0.0,7997.0,0.462275,0.830405,BIH,USA,847029
10535031,28,231,9171,2010,0.0,16526.0,0.969851,0.593386,BLR,USA,847029
10535032,29,231,9171,2010,0.0,2880.0,-0.559172,-0.739977,BLZ,USA,847029
10535033,30,231,9171,2010,0.0,3941.0,0.46139300000000005,-0.6651590000000001,BMU,USA,847029
10535034,32,231,9171,2010,0.0,987955.0,0.40715500000000004,0.6208100000000001,BRA,USA,847029
10535035,33,231,9171,2010,0.0,14862.0,0.7076140000000001,0.434993,BRB,USA,847029
10535036,39,231,9171,2010,55670.0,440341.0,0.752421,1.2208510000000001,CAN,USA,847029
10535037,41,231,9171,2010,0.0,39230.0,2.1492080000000002,0.556424,CHE,USA,847029
10535038,42,231,9171,2010,2064.0,280100.0,-0.34914,-0.459395,CHL,USA,847029
10535039,43,231,9171,2010,8588554.0,1365038.0,0.922493,2.0176,CHN,USA,847029
10535040,45,231,9171,2010,13158.0,0.0,-1.114209,-1.0127899999999999,CMR,USA,847029
10535041,49,231,9171,2010,0.0,3018246.0,0.097222,-0.064328,COL,USA,847029
10535042,52,231,9171,2010,0.0,53117.0,-0.122722,-0.7062069999999999,CRI,USA,847029
10535043,61,231,9171,2010,9400.0,37440.0,2.035672,-3.383322,DEU,USA,847029
10535044,63,231,9171,2010,0.0,4059.0,0.35578699999999996,0.13029200000000002,DMA,USA,847029
10535045,64,231,9171,2010,0.0,2639.0,1.082468,1.280759,DNK,USA,847029
10535046,65,231,9171,2010,0.0,77447.0,-0.245241,0.368626,DOM,USA,847029
10535047,67,231,9171,2010,0.0,17778.0,-0.584013,-0.743675,ECU,USA,847029
10535048,68,231,9171,2010,0.0,199486.0,-0.181826,1.409465,EGY,USA,847029
10535049,71,231,9171,2010,13517.0,31001.0,0.832619,2.448009,ESP,USA,847029
10535050,74,231,9171,2010,0.0,33870.0,1.745464,0.897992,FIN,USA,847029
10535051,76,231,9171,2010,0.0,37528.0,-1.173959,-0.9282549999999999,FLK,USA,847029
10535052,77,231,9171,2010,3047.0,178542.0,1.530027,-0.052557000000000006,FRA,USA,847029
10535053,81,231,9171,2010,117180.0,174202.0,1.828224,0.386383,GBR,USA,847029
10535054,83,231,9171,2010,0.0,303598.0,-0.835003,-0.633731,GHA,USA,847029
10535055,93,231,9171,2010,0.0,66165.0,-0.39034,0.743521,GTM,USA,847029
10535056,96,231,9171,2010,0.0,4657.0,-1.020217,-1.0231569999999999,GUY,USA,847029
10535057,97,231,9171,2010,0.0,4547758.0,0.715745,1.9780259999999998,HKG,USA,847029
10535058,99,231,9171,2010,0.0,79772.0,-0.569501,-0.153122,HND,USA,847029
10535059,101,231,9171,2010,0.0,19850.0,-1.369873,-1.121801,HTI,USA,847029
10535060,102,231,9171,2010,0.0,17845.0,1.514225,0.740341,HUN,USA,847029
10535061,103,231,9171,2010,3246.0,34091.0,-0.30878099999999997,1.07069,IDN,USA,847029
10535062,104,231,9171,2010,9670.0,48620.0,0.14485599999999998,2.408913,IND,USA,847029
10535063,106,231,9171,2010,0.0,13210.0,1.371357,0.168795,IRL,USA,847029
10535064,108,231,9171,2010,0.0,3135.0,-2.1439150000000002,-0.913227,IRQ,USA,847029
10535065,110,231,9171,2010,3917.0,0.0,1.215834,0.7028340000000001,ISR,USA,847029
10535066,111,231,9171,2010,0.0,10980.0,1.272385,0.545721,ITA,USA,847029
10535067,112,231,9171,2010,0.0,55224.0,0.041471,-0.367177,JAM,USA,847029
10535068,113,231,9171,2010,0.0,3918.0,0.251702,0.522758,JOR,USA,847029
10535069,114,231,9171,2010,2625.0,135296.0,2.459723,-0.279387,JPN,USA,847029
10535070,116,231,9171,2010,0.0,8629.0,-0.387187,1.010443,KEN,USA,847029
10535071,118,231,9171,2010,0.0,7343.0,-1.158906,-1.019906,KHM,USA,847029
10535072,120,231,9171,2010,0.0,4761.0,0.9277790000000001,-0.42824799999999996,KNA,USA,847029
10535073,121,231,9171,2010,0.0,1832586.0,1.7118849999999999,0.762362,KOR,USA,847029
10535074,122,231,9171,2010,0.0,1085.0,0.067373,-1.0822120000000002,KWT,USA,847029
10535075,124,231,9171,2010,0.0,6152904.0,0.415854,1.424085,LBN,USA,847029
10535076,134,231,9171,2010,0.0,3868.0,-0.5935229999999999,-0.056497000000000006,MAR,USA,847029
10535077,138,231,9171,2010,38444.0,242625.0,1.132664,0.675756,MEX,USA,847029
10535078,153,231,9171,2010,0.0,1037150.0,0.9530780000000001,0.607456,MYS,USA,847029
10535079,159,231,9171,2010,0.0,3584.0,-1.887084,-1.2280229999999999,NGA,USA,847029
10535080,162,231,9171,2010,0.0,71754.0,1.237998,1.1891209999999999,NLD,USA,847029
10535081,163,231,9171,2010,0.0,11905.0,0.865676,0.138757,NOR,USA,847029
10535082,166,231,9171,2010,6523.0,0.0,0.36828299999999997,0.574574,NZL,USA,847029
10535083,167,231,9171,2010,0.0,1552.0,-0.487612,-0.9551379999999999,OMN,USA,847029
10535084,168,231,9171,2010,0.0,149655.0,-0.692071,0.5409010000000001,PAK,USA,847029
10535085,169,231,9171,2010,32011.0,19097.0,0.617867,0.903432,PAN,USA,847029
10535086,173,231,9171,2010,0.0,24422.0,-0.650327,0.162321,PER,USA,847029
10535087,174,231,9171,2010,0.0,2667.0,0.40418899999999996,0.102497,PHL,USA,847029
10535088,175,231,9171,2010,0.0,2590.0,-0.32681,-0.885127,PLW,USA,847029
10535089,177,231,9171,2010,0.0,11255.0,1.083552,1.1433719999999998,POL,USA,847029
10535090,180,231,9171,2010,0.0,121979.0,-0.553805,-0.8699450000000001,PRY,USA,847029
10535091,183,231,9171,2010,0.0,20520.0,-0.346143,-1.078192,QAT,USA,847029
10535092,185,231,9171,2010,0.0,2345.0,0.6483760000000001,1.200256,ROU,USA,847029
10535093,186,231,9171,2010,0.0,4402.0,0.583996,-0.223881,RUS,USA,847029
10535094,188,231,9171,2010,0.0,3433.0,0.46696400000000005,-0.7487520000000001,SAU,USA,847029
10535095,192,231,9171,2010,27727.0,247100.0,1.8441349999999999,0.570311,SGP,USA,847029
10535096,197,231,9171,2010,0.0,29618.0,-0.101434,0.132639,SLV,USA,847029
10535097,201,231,9171,2010,0.0,1664203.0,0.561161,1.33974,SRB,USA,847029
10535098,205,231,9171,2010,0.0,7399.0,-0.5734560000000001,-0.936167,SUR,USA,847029
10535099,206,231,9171,2010,0.0,12083.0,1.278601,0.726907,SVK,USA,847029
10535100,207,231,9171,2010,0.0,1865.0,1.595473,0.7023020000000001,SVN,USA,847029
10535101,208,231,9171,2010,0.0,9312.0,1.882239,0.397927,SWE,USA,847029
10535102,216,231,9171,2010,0.0,4067.0,0.748328,1.425224,THA,USA,847029
10535103,219,231,9171,2010,0.0,35150.0,-1.161458,-1.191589,TKM,USA,847029
10535104,222,231,9171,2010,0.0,126257.0,-0.338123,-1.070239,TTO,USA,847029
10535105,224,231,9171,2010,0.0,30283.0,0.359977,2.471173,TUR,USA,847029
10535106,227,231,9171,2010,27004.0,59885.0,-0.48061400000000004,0.187001,UGA,USA,847029
10535107,228,231,9171,2010,0.0,8647.0,0.714148,0.916267,UKR,USA,847029
10535108,230,231,9171,2010,0.0,11397233.0,0.217246,-0.079733,URY,USA,847029
10535109,234,231,9171,2010,0.0,2356.0,0.120821,-0.43102700000000005,VCT,USA,847029
10535110,236,231,9171,2010,0.0,909015.0,-0.660844,-1.145133,VEN,USA,847029
10535111,239,231,9171,2010,0.0,1410.0,-0.24660500000000002,1.427235,VNM,USA,847029
10535112,246,231,9171,2010,0.0,77864.0,0.327326,1.513598,ZAF,USA,847029
10535113,249,231,9171,2010,56117.0,78470.0,1.766729,0.909335,TWN,USA,847029
10535114,6,236,9171,2010,6297.0,0.0,-0.08593200000000001,-0.691395,ANT,VEN,847029
10535115,43,236,9171,2010,14625.0,0.0,0.922493,2.0176,CHN,VEN,847029
10535116,169,236,9171,2010,86381.0,583.0,0.617867,0.903432,PAN,VEN,847029
10535117,231,236,9171,2010,909015.0,0.0,1.67573,-0.598165,USA,VEN,847029
10535118,43,243,9171,2010,3905.0,0.0,0.922493,2.0176,CHN,YEM,847029
10535119,104,243,9171,2010,7439.0,0.0,0.14485599999999998,2.408913,IND,YEM,847029
10535120,121,243,9171,2010,1786.0,0.0,1.7118849999999999,0.762362,KOR,YEM,847029
10535121,250,243,9171,2010,1843.0,0.0,0.45129600000000003,-0.223517,ANS,YEM,847029
10535122,2,246,9171,2010,0.0,12927.0,-1.3711010000000001,-1.170608,AGO,ZAF,847029
10535123,7,246,9171,2010,1079.0,0.0,0.29457,-0.196371,ARE,ZAF,847029
10535124,37,246,9171,2010,2509.0,117019.0,-0.181373,-0.714376,BWA,ZAF,847029
10535125,39,246,9171,2010,1727.0,0.0,0.752421,1.2208510000000001,CAN,ZAF,847029
10535126,43,246,9171,2010,1488229.0,0.0,0.922493,2.0176,CHN,ZAF,847029
10535127,61,246,9171,2010,1304.0,0.0,2.035672,-3.383322,DEU,ZAF,847029
10535128,77,246,9171,2010,18158.0,0.0,1.530027,-0.052557000000000006,FRA,ZAF,847029
10535129,81,246,9171,2010,3476.0,21318.0,1.828224,0.386383,GBR,ZAF,847029
10535130,83,246,9171,2010,0.0,3953.0,-0.835003,-0.633731,GHA,ZAF,847029
10535131,114,246,9171,2010,20658.0,0.0,2.459723,-0.279387,JPN,ZAF,847029
10535132,121,246,9171,2010,50329.0,0.0,1.7118849999999999,0.762362,KOR,ZAF,847029
10535133,129,246,9171,2010,0.0,53105.0,-0.7534529999999999,-0.759605,LSO,ZAF,847029
10535134,138,246,9171,2010,0.0,6008.0,1.132664,0.675756,MEX,ZAF,847029
10535135,147,246,9171,2010,0.0,9742.0,-1.479855,-1.070518,MOZ,ZAF,847029
10535136,152,246,9171,2010,0.0,10510.0,-0.821839,-0.9153870000000001,MWI,ZAF,847029
10535137,155,246,9171,2010,572.0,62952.0,-0.49860299999999996,-0.6728529999999999,NAM,ZAF,847029
10535138,159,246,9171,2010,0.0,4133.0,-1.887084,-1.2280229999999999,NGA,ZAF,847029
10535139,192,246,9171,2010,0.0,5734.0,1.8441349999999999,0.570311,SGP,ZAF,847029
10535140,209,246,9171,2010,0.0,147387.0,0.186142,-0.34577800000000003,SWZ,ZAF,847029
10535141,211,246,9171,2010,0.0,2774.0,-0.075668,-0.549686,SYC,ZAF,847029
10535142,226,246,9171,2010,0.0,4193.0,-0.7327,0.427616,TZA,ZAF,847029
10535143,227,246,9171,2010,0.0,17351.0,-0.48061400000000004,0.187001,UGA,ZAF,847029
10535144,231,246,9171,2010,77864.0,0.0,1.67573,-0.598165,USA,ZAF,847029
10535145,247,246,9171,2010,1582.0,40984.0,-0.650686,-0.830332,ZMB,ZAF,847029
10535146,248,246,9171,2010,0.0,17954.0,-0.869909,-0.8233309999999999,ZWE,ZAF,847029
10535147,29,249,9171,2010,0.0,1444.0,-0.559172,-0.739977,BLZ,TWN,847029
10535148,39,249,9171,2010,0.0,18477.0,0.752421,1.2208510000000001,CAN,TWN,847029
10535149,43,249,9171,2010,670762.0,14461.0,0.922493,2.0176,CHN,TWN,847029
10535150,59,249,9171,2010,0.0,1553.0,1.732044,0.333934,CZE,TWN,847029
10535151,61,249,9171,2010,3778.0,32673.0,2.035672,-3.383322,DEU,TWN,847029
10535152,64,249,9171,2010,0.0,4576.0,1.082468,1.280759,DNK,TWN,847029
10535153,68,249,9171,2010,0.0,1469.0,-0.181826,1.409465,EGY,TWN,847029
10535154,71,249,9171,2010,0.0,2114.0,0.832619,2.448009,ESP,TWN,847029
10535155,81,249,9171,2010,0.0,2946.0,1.828224,0.386383,GBR,TWN,847029
10535156,93,249,9171,2010,0.0,1778.0,-0.39034,0.743521,GTM,TWN,847029
10535157,103,249,9171,2010,0.0,65910.0,-0.30878099999999997,1.07069,IDN,TWN,847029
10535158,104,249,9171,2010,5089.0,0.0,0.14485599999999998,2.408913,IND,TWN,847029
10535159,107,249,9171,2010,0.0,3251.0,-0.609874,-0.744733,IRN,TWN,847029
10535160,111,249,9171,2010,5237.0,0.0,1.272385,0.545721,ITA,TWN,847029
10535161,114,249,9171,2010,6748.0,86276.0,2.459723,-0.279387,JPN,TWN,847029
10535162,124,249,9171,2010,0.0,5585.0,0.415854,1.424085,LBN,TWN,847029
10535163,153,249,9171,2010,0.0,1577.0,0.9530780000000001,0.607456,MYS,TWN,847029
10535164,163,249,9171,2010,0.0,3191.0,0.865676,0.138757,NOR,TWN,847029
10535165,192,249,9171,2010,0.0,5126.0,1.8441349999999999,0.570311,SGP,TWN,847029
10535166,231,249,9171,2010,78470.0,56117.0,1.67573,-0.598165,USA,TWN,847029
10535167,239,249,9171,2010,0.0,9388.0,-0.24660500000000002,1.427235,VNM,TWN,847029
10535168,44,250,9171,2010,0.0,1447.0,-1.256641,-0.946767,CIV,ANS,847029
10535169,106,250,9171,2010,0.0,4975.0,1.371357,0.168795,IRL,ANS,847029
10535170,131,250,9171,2010,0.0,1254.0,1.272127,1.1051520000000001,LUX,ANS,847029
10535171,192,250,9171,2010,1500.0,0.0,1.8441349999999999,0.570311,SGP,ANS,847029
10535172,206,250,9171,2010,0.0,115256.0,1.278601,0.726907,SVK,ANS,847029
10535173,243,250,9171,2010,0.0,1843.0,-1.360851,-1.208826,YEM,ANS,847029
10535174,24,7,9171,2010,0.0,5837.0,0.284356,-0.8362,BHR,ARE,847029
10535175,43,7,9171,2010,365045.0,0.0,0.922493,2.0176,CHN,ARE,847029
10535176,45,7,9171,2010,0.0,2422.0,-1.114209,-1.0127899999999999,CMR,ARE,847029
10535177,61,7,9171,2010,10533.0,0.0,2.035672,-3.383322,DEU,ARE,847029
10535178,66,7,9171,2010,0.0,20934.0,-1.00922,-1.1511040000000001,DZA,ARE,847029
10535179,81,7,9171,2010,10789.0,0.0,1.828224,0.386383,GBR,ARE,847029
10535180,82,7,9171,2010,0.0,905.0,-0.21301399999999998,-0.48355299999999996,GEO,ARE,847029
10535181,83,7,9171,2010,0.0,3147.0,-0.835003,-0.633731,GHA,ARE,847029
10535182,104,7,9171,2010,20993.0,0.0,0.14485599999999998,2.408913,IND,ARE,847029
10535183,107,7,9171,2010,0.0,144371.0,-0.609874,-0.744733,IRN,ARE,847029
10535184,116,7,9171,2010,0.0,8120.0,-0.387187,1.010443,KEN,ARE,847029
10535185,122,7,9171,2010,40006.0,0.0,0.067373,-1.0822120000000002,KWT,ARE,847029
10535186,128,7,9171,2010,0.0,6456.0,-0.70886,0.25216700000000003,LKA,ARE,847029
10535187,141,7,9171,2010,0.0,15418.0,-0.585496,-0.655841,MLI,ARE,847029
10535188,147,7,9171,2010,0.0,6350.0,-1.479855,-1.070518,MOZ,ARE,847029
10535189,159,7,9171,2010,0.0,4109.0,-1.887084,-1.2280229999999999,NGA,ARE,847029
10535190,167,7,9171,2010,0.0,1198.0,-0.487612,-0.9551379999999999,OMN,ARE,847029
10535191,187,7,9171,2010,0.0,4450.0,-0.6033350000000001,-0.524881,RWA,ARE,847029
10535192,188,7,9171,2010,46134.0,0.0,0.46696400000000005,-0.7487520000000001,SAU,ARE,847029
10535193,190,7,9171,2010,0.0,2676.0,-1.9094669999999998,-1.271065,SDN,ARE,847029
10535194,191,7,9171,2010,0.0,2306.0,-0.45445,-0.148149,SEN,ARE,847029
10535195,192,7,9171,2010,5441.0,0.0,1.8441349999999999,0.570311,SGP,ARE,847029
10535196,208,7,9171,2010,103651.0,0.0,1.882239,0.397927,SWE,ARE,847029
10535197,226,7,9171,2010,0.0,10006.0,-0.7327,0.427616,TZA,ARE,847029
10535198,227,7,9171,2010,0.0,4504.0,-0.48061400000000004,0.187001,UGA,ARE,847029
10535199,231,7,9171,2010,5395999.0,0.0,1.67573,-0.598165,USA,ARE,847029
10535200,246,7,9171,2010,0.0,1079.0,0.327326,1.513598,ZAF,ARE,847029
10535201,247,7,9171,2010,0.0,15959.0,-0.650686,-0.830332,ZMB,ARE,847029
10535202,248,7,9171,2010,0.0,988.0,-0.869909,-0.8233309999999999,ZWE,ARE,847029
10535203,22,14,9171,2010,0.0,2888.0,-0.974526,-0.76566,BGD,AUS,847029
10535204,39,14,9171,2010,0.0,1741.0,0.752421,1.2208510000000001,CAN,AUS,847029
10535205,41,14,9171,2010,3999.0,0.0,2.1492080000000002,0.556424,CHE,AUS,847029
10535206,43,14,9171,2010,334679.0,1149.0,0.922493,2.0176,CHN,AUS,847029
10535207,52,14,9171,2010,0.0,1440.0,-0.122722,-0.7062069999999999,CRI,AUS,847029
10535208,61,14,9171,2010,2257.0,0.0,2.035672,-3.383322,DEU,AUS,847029
10535209,71,14,9171,2010,3754.0,0.0,0.832619,2.448009,ESP,AUS,847029
10535210,75,14,9171,2010,0.0,1643.0,-0.603112,-0.29135500000000003,FJI,AUS,847029
10535211,81,14,9171,2010,5046.0,0.0,1.828224,0.386383,GBR,AUS,847029
10535212,97,14,9171,2010,44087.0,0.0,0.715745,1.9780259999999998,HKG,AUS,847029
10535213,110,14,9171,2010,0.0,25618.0,1.215834,0.7028340000000001,ISR,AUS,847029
10535214,128,14,9171,2010,4223.0,0.0,-0.70886,0.25216700000000003,LKA,AUS,847029
10535215,133,14,9171,2010,9549.0,0.0,0.545755,0.492997,MAC,AUS,847029
10535216,162,14,9171,2010,0.0,10339.0,1.237998,1.1891209999999999,NLD,AUS,847029
10535217,166,14,9171,2010,2600.0,996402.0,0.36828299999999997,0.574574,NZL,AUS,847029
10535218,192,14,9171,2010,7543.0,3315.0,1.8441349999999999,0.570311,SGP,AUS,847029
10535219,231,14,9171,2010,298657.0,6402.0,1.67573,-0.598165,USA,AUS,847029
10535220,162,16,9171,2010,0.0,7450.0,1.237998,1.1891209999999999,NLD,AZE,847029
10535221,14,22,9171,2010,2888.0,0.0,-0.276442,0.062023,AUS,BGD,847029
10535222,43,22,9171,2010,49494.0,0.0,0.922493,2.0176,CHN,BGD,847029
10535223,104,22,9171,2010,11181.0,0.0,0.14485599999999998,2.408913,IND,BGD,847029
10535224,192,22,9171,2010,2519.0,0.0,1.8441349999999999,0.570311,SGP,BGD,847029
10535225,77,23,9171,2010,11300.0,0.0,1.530027,-0.052557000000000006,FRA,BGR,847029
10535226,90,23,9171,2010,63812.0,0.0,0.200249,1.4640090000000001,GRC,BGR,847029
10535227,102,23,9171,2010,3712.0,0.0,1.514225,0.740341,HUN,BGR,847029
10535228,185,23,9171,2010,1378.0,0.0,0.6483760000000001,1.200256,ROU,BGR,847029
10535229,192,23,9171,2010,6828.0,0.0,1.8441349999999999,0.570311,SGP,BGR,847029
10535230,231,23,9171,2010,3775.0,0.0,1.67573,-0.598165,USA,BGR,847029
10535231,7,24,9171,2010,5837.0,0.0,0.29457,-0.196371,ARE,BHR,847029
10535232,43,24,9171,2010,31700.0,0.0,0.922493,2.0176,CHN,BHR,847029
10535233,122,24,9171,2010,13366.0,0.0,0.067373,-1.0822120000000002,KWT,BHR,847029
10535234,43,26,9171,2010,408.0,0.0,0.922493,2.0176,CHN,BIH,847029
10535235,61,26,9171,2010,3949.0,0.0,2.035672,-3.383322,DEU,BIH,847029
10535236,201,26,9171,2010,1427.0,0.0,0.561161,1.33974,SRB,BIH,847029
10535237,231,26,9171,2010,7997.0,0.0,1.67573,-0.598165,USA,BIH,847029
10535238,41,28,9171,2010,721.0,0.0,2.1492080000000002,0.556424,CHE,BLR,847029
10535239,186,28,9171,2010,3281.0,0.0,0.583996,-0.223881,RUS,BLR,847029
10535240,228,28,9171,2010,12568.0,0.0,0.714148,0.916267,UKR,BLR,847029
10535241,231,28,9171,2010,16526.0,0.0,1.67573,-0.598165,USA,BLR,847029
10535242,15,59,9171,2010,26595.0,0.0,1.724315,-0.29379099999999997,AUT,CZE,847029
10535243,41,59,9171,2010,0.0,16244.0,2.1492080000000002,0.556424,CHE,CZE,847029
10535244,43,59,9171,2010,50895.0,0.0,0.922493,2.0176,CHN,CZE,847029
10535245,61,59,9171,2010,6450.0,0.0,2.035672,-3.383322,DEU,CZE,847029
10535246,77,59,9171,2010,0.0,10122.0,1.530027,-0.052557000000000006,FRA,CZE,847029
10535247,81,59,9171,2010,122147.0,0.0,1.828224,0.386383,GBR,CZE,847029
10535248,102,59,9171,2010,21736.0,984.0,1.514225,0.740341,HUN,CZE,847029
10535249,111,59,9171,2010,2615.0,0.0,1.272385,0.545721,ITA,CZE,847029
10535250,131,59,9171,2010,5168.0,0.0,1.272127,1.1051520000000001,LUX,CZE,847029
10535251,177,59,9171,2010,0.0,1074.0,1.083552,1.1433719999999998,POL,CZE,847029
10535252,206,59,9171,2010,5138.0,42428.0,1.278601,0.726907,SVK,CZE,847029
10535253,239,59,9171,2010,9846.0,0.0,-0.24660500000000002,1.427235,VNM,CZE,847029
10535254,249,59,9171,2010,1553.0,0.0,1.766729,0.909335,TWN,CZE,847029
10535255,43,68,9171,2010,52986.0,0.0,0.922493,2.0176,CHN,EGY,847029
10535256,81,68,9171,2010,8786.0,0.0,1.828224,0.386383,GBR,EGY,847029
10535257,190,68,9171,2010,0.0,6399.0,-1.9094669999999998,-1.271065,SDN,EGY,847029
10535258,231,68,9171,2010,199486.0,0.0,1.67573,-0.598165,USA,EGY,847029
10535259,249,68,9171,2010,1469.0,0.0,1.766729,0.909335,TWN,EGY,847029
10535260,43,72,9171,2010,20810.0,0.0,0.922493,2.0176,CHN,EST,847029
10535261,61,72,9171,2010,16222.0,0.0,2.035672,-3.383322,DEU,EST,847029
10535262,74,72,9171,2010,4121.0,0.0,1.745464,0.897992,FIN,EST,847029
10535263,7,82,9171,2010,905.0,0.0,0.29457,-0.196371,ARE,GEO,847029
10535264,43,82,9171,2010,10199.0,0.0,0.922493,2.0176,CHN,GEO,847029
10535265,224,82,9171,2010,1108.0,0.0,0.359977,2.471173,TUR,GEO,847029
10535266,43,100,9171,2010,116432.0,0.0,0.922493,2.0176,CHN,HRV,847029
10535267,61,100,9171,2010,15134.0,0.0,2.035672,-3.383322,DEU,HRV,847029
10535268,81,100,9171,2010,136827.0,1457.0,1.828224,0.386383,GBR,HRV,847029
10535269,102,100,9171,2010,989.0,0.0,1.514225,0.740341,HUN,HRV,847029
10535270,153,100,9171,2010,9716.0,0.0,0.9530780000000001,0.607456,MYS,HRV,847029
10535271,162,100,9171,2010,3045.0,4657.0,1.237998,1.1891209999999999,NLD,HRV,847029
10535272,207,100,9171,2010,4259.0,0.0,1.595473,0.7023020000000001,SVN,HRV,847029
10535273,15,102,9171,2010,888.0,0.0,1.724315,-0.29379099999999997,AUT,HUN,847029
10535274,23,102,9171,2010,0.0,3712.0,0.44973,1.445441,BGR,HUN,847029
10535275,43,102,9171,2010,22474.0,0.0,0.922493,2.0176,CHN,HUN,847029
10535276,59,102,9171,2010,984.0,21736.0,1.732044,0.333934,CZE,HUN,847029
10535277,61,102,9171,2010,7427.0,0.0,2.035672,-3.383322,DEU,HUN,847029
10535278,71,102,9171,2010,5899.0,0.0,0.832619,2.448009,ESP,HUN,847029
10535279,77,102,9171,2010,1295.0,0.0,1.530027,-0.052557000000000006,FRA,HUN,847029
10535280,97,102,9171,2010,17362.0,0.0,0.715745,1.9780259999999998,HKG,HUN,847029
10535281,100,102,9171,2010,0.0,989.0,0.8276979999999999,0.97415,HRV,HUN,847029
10535282,104,102,9171,2010,0.0,7762.0,0.14485599999999998,2.408913,IND,HUN,847029
10535283,110,102,9171,2010,7882.0,0.0,1.215834,0.7028340000000001,ISR,HUN,847029
10535284,124,102,9171,2010,0.0,2076.0,0.415854,1.424085,LBN,HUN,847029
10535285,140,102,9171,2010,0.0,953.0,-0.122842,0.407017,MKD,HUN,847029
10535286,142,102,9171,2010,0.0,713.0,1.211797,-0.024923,MLT,HUN,847029
10535287,185,102,9171,2010,16598.0,25412.0,0.6483760000000001,1.200256,ROU,HUN,847029
10535288,206,102,9171,2010,3285.0,6893.0,1.278601,0.726907,SVK,HUN,847029
10535289,231,102,9171,2010,17845.0,0.0,1.67573,-0.598165,USA,HUN,847029
10535290,43,106,9171,2010,6907.0,0.0,0.922493,2.0176,CHN,IRL,847029
10535291,61,106,9171,2010,1227.0,0.0,2.035672,-3.383322,DEU,IRL,847029
10535292,81,106,9171,2010,100974.0,9167.0,1.828224,0.386383,GBR,IRL,847029
10535293,97,106,9171,2010,6310.0,0.0,0.715745,1.9780259999999998,HKG,IRL,847029
10535294,111,106,9171,2010,0.0,19611.0,1.272385,0.545721,ITA,IRL,847029
10535295,162,106,9171,2010,1339.0,0.0,1.237998,1.1891209999999999,NLD,IRL,847029
10535296,163,106,9171,2010,0.0,2875.0,0.865676,0.138757,NOR,IRL,847029
10535297,231,106,9171,2010,13210.0,0.0,1.67573,-0.598165,USA,IRL,847029
10535298,250,106,9171,2010,4975.0,0.0,0.45129600000000003,-0.223517,ANS,IRL,847029
10535299,43,108,9171,2010,10787.0,0.0,0.922493,2.0176,CHN,IRQ,847029
10535300,224,108,9171,2010,38937.0,0.0,0.359977,2.471173,TUR,IRQ,847029
10535301,231,108,9171,2010,3135.0,0.0,1.67573,-0.598165,USA,IRQ,847029
10535302,43,113,9171,2010,452399.0,0.0,0.922493,2.0176,CHN,JOR,847029
10535303,97,113,9171,2010,690.0,0.0,0.715745,1.9780259999999998,HKG,JOR,847029
10535304,190,113,9171,2010,0.0,8585.0,-1.9094669999999998,-1.271065,SDN,JOR,847029
10535305,231,113,9171,2010,3918.0,0.0,1.67573,-0.598165,USA,JOR,847029
10535306,7,116,9171,2010,8120.0,0.0,0.29457,-0.196371,ARE,KEN,847029
10535307,43,116,9171,2010,4414.0,0.0,0.922493,2.0176,CHN,KEN,847029
10535308,77,116,9171,2010,2262.0,0.0,1.530027,-0.052557000000000006,FRA,KEN,847029
10535309,81,116,9171,2010,748.0,0.0,1.828224,0.386383,GBR,KEN,847029
10535310,136,116,9171,2010,0.0,7549.0,-0.8737799999999999,-0.043717,MDG,KEN,847029
10535311,192,116,9171,2010,4232.0,0.0,1.8441349999999999,0.570311,SGP,KEN,847029
10535312,199,116,9171,2010,0.0,13966.0,-1.6843569999999999,-1.064691,SOM,KEN,847029
10535313,231,116,9171,2010,8629.0,0.0,1.67573,-0.598165,USA,KEN,847029
10535314,186,117,9171,2010,2837.0,0.0,0.583996,-0.223881,RUS,KGZ,847029
10535315,43,118,9171,2010,2193.0,0.0,0.922493,2.0176,CHN,KHM,847029
10535316,192,118,9171,2010,10086.0,0.0,1.8441349999999999,0.570311,SGP,KHM,847029
10535317,216,118,9171,2010,15625.0,0.0,0.748328,1.425224,THA,KHM,847029
10535318,231,118,9171,2010,7343.0,0.0,1.67573,-0.598165,USA,KHM,847029
10535319,7,122,9171,2010,0.0,40006.0,0.29457,-0.196371,ARE,KWT,847029
10535320,24,122,9171,2010,0.0,13366.0,0.284356,-0.8362,BHR,KWT,847029
10535321,43,122,9171,2010,16487.0,0.0,0.922493,2.0176,CHN,KWT,847029
10535322,104,122,9171,2010,1034.0,0.0,0.14485599999999998,2.408913,IND,KWT,847029
10535323,153,122,9171,2010,6718.0,0.0,0.9530780000000001,0.607456,MYS,KWT,847029
10535324,188,122,9171,2010,33616.0,4823.0,0.46696400000000005,-0.7487520000000001,SAU,KWT,847029
10535325,208,122,9171,2010,92139.0,0.0,1.882239,0.397927,SWE,KWT,847029
10535326,231,122,9171,2010,1085.0,0.0,1.67573,-0.598165,USA,KWT,847029
10535327,2,124,9171,2010,0.0,24101.0,-1.3711010000000001,-1.170608,AGO,LBN,847029
10535328,43,124,9171,2010,163210.0,0.0,0.922493,2.0176,CHN,LBN,847029
10535329,71,124,9171,2010,2420.0,0.0,0.832619,2.448009,ESP,LBN,847029
10535330,85,124,9171,2010,0.0,2290.0,-1.6761720000000002,-1.181665,GIN,LBN,847029
10535331,102,124,9171,2010,2076.0,0.0,1.514225,0.740341,HUN,LBN,847029
10535332,215,124,9171,2010,0.0,4047.0,-0.943559,-0.884336,TGO,LBN,847029
10535333,231,124,9171,2010,6152904.0,0.0,1.67573,-0.598165,USA,LBN,847029
10535334,249,124,9171,2010,5585.0,0.0,1.766729,0.909335,TWN,LBN,847029
10535335,43,130,9171,2010,4153.0,0.0,0.922493,2.0176,CHN,LTU,847029
10535336,61,130,9171,2010,15415.0,0.0,2.035672,-3.383322,DEU,LTU,847029
10535337,110,130,9171,2010,3506.0,0.0,1.215834,0.7028340000000001,ISR,LTU,847029
10535338,18,131,9171,2010,127472.0,15152.0,1.2224270000000002,1.1276,BEL,LUX,847029
10535339,43,131,9171,2010,2867.0,0.0,0.922493,2.0176,CHN,LUX,847029
10535340,59,131,9171,2010,0.0,5168.0,1.732044,0.333934,CZE,LUX,847029
10535341,61,131,9171,2010,6047.0,0.0,2.035672,-3.383322,DEU,LUX,847029
10535342,77,131,9171,2010,1294.0,0.0,1.530027,-0.052557000000000006,FRA,LUX,847029
10535343,111,131,9171,2010,0.0,3988.0,1.272385,0.545721,ITA,LUX,847029
10535344,162,131,9171,2010,1380.0,0.0,1.237998,1.1891209999999999,NLD,LUX,847029
10535345,250,131,9171,2010,1254.0,0.0,0.45129600000000003,-0.223517,ANS,LUX,847029
10535346,43,132,9171,2010,3029.0,0.0,0.922493,2.0176,CHN,LVA,847029
10535347,74,132,9171,2010,1634.0,0.0,1.745464,0.897992,FIN,LVA,847029
10535348,110,132,9171,2010,815.0,0.0,1.215834,0.7028340000000001,ISR,LVA,847029
10535349,177,132,9171,2010,2087.0,0.0,1.083552,1.1433719999999998,POL,LVA,847029
10535350,186,132,9171,2010,0.0,10237.0,0.583996,-0.223881,RUS,LVA,847029
10535351,43,134,9171,2010,98065.0,0.0,0.922493,2.0176,CHN,MAR,847029
10535352,71,134,9171,2010,22858.0,0.0,0.832619,2.448009,ESP,MAR,847029
10535353,97,134,9171,2010,2589.0,0.0,0.715745,1.9780259999999998,HKG,MAR,847029
10535354,114,134,9171,2010,909.0,0.0,2.459723,-0.279387,JPN,MAR,847029
10535355,231,134,9171,2010,3868.0,0.0,1.67573,-0.598165,USA,MAR,847029
10535356,186,135,9171,2010,3963.0,0.0,0.583996,-0.223881,RUS,MDA,847029
10535357,206,135,9171,2010,6762.0,0.0,1.278601,0.726907,SVK,MDA,847029
10535358,43,140,9171,2010,1887.0,0.0,0.922493,2.0176,CHN,MKD,847029
10535359,81,140,9171,2010,122045.0,0.0,1.828224,0.386383,GBR,MKD,847029
10535360,102,140,9171,2010,953.0,0.0,1.514225,0.740341,HUN,MKD,847029
10535361,77,142,9171,2010,1024.0,0.0,1.530027,-0.052557000000000006,FRA,MLT,847029
10535362,97,142,9171,2010,2926.0,0.0,0.715745,1.9780259999999998,HKG,MLT,847029
10535363,102,142,9171,2010,713.0,0.0,1.514225,0.740341,HUN,MLT,847029
10535364,111,142,9171,2010,1228.0,0.0,1.272385,0.545721,ITA,MLT,847029
10535365,7,147,9171,2010,6350.0,0.0,0.29457,-0.196371,ARE,MOZ,847029
10535366,32,147,9171,2010,6236.0,0.0,0.40715500000000004,0.6208100000000001,BRA,MOZ,847029
10535367,43,147,9171,2010,1187.0,0.0,0.922493,2.0176,CHN,MOZ,847029
10535368,246,147,9171,2010,9742.0,0.0,0.327326,1.513598,ZAF,MOZ,847029
10535369,7,159,9171,2010,4109.0,0.0,0.29457,-0.196371,ARE,NGA,847029
10535370,13,159,9171,2010,1749.0,0.0,1.2153129999999999,0.955838,ATG,NGA,847029
10535371,33,159,9171,2010,1663.0,0.0,0.7076140000000001,0.434993,BRB,NGA,847029
10535372,39,159,9171,2010,7142.0,0.0,0.752421,1.2208510000000001,CAN,NGA,847029
10535373,43,159,9171,2010,708262.0,0.0,0.922493,2.0176,CHN,NGA,847029
10535374,81,159,9171,2010,6173.0,0.0,1.828224,0.386383,GBR,NGA,847029
10535375,104,159,9171,2010,2514.0,0.0,0.14485599999999998,2.408913,IND,NGA,847029
10535376,111,159,9171,2010,3471.0,0.0,1.272385,0.545721,ITA,NGA,847029
10535377,121,159,9171,2010,10597.0,0.0,1.7118849999999999,0.762362,KOR,NGA,847029
10535378,162,159,9171,2010,525852.0,0.0,1.237998,1.1891209999999999,NLD,NGA,847029
10535379,192,159,9171,2010,11316.0,0.0,1.8441349999999999,0.570311,SGP,NGA,847029
10535380,231,159,9171,2010,3584.0,0.0,1.67573,-0.598165,USA,NGA,847029
10535381,246,159,9171,2010,4133.0,0.0,0.327326,1.513598,ZAF,NGA,847029
10535382,15,163,9171,2010,3570.0,0.0,1.724315,-0.29379099999999997,AUT,NOR,847029
10535383,39,163,9171,2010,8553.0,0.0,0.752421,1.2208510000000001,CAN,NOR,847029
10535384,43,163,9171,2010,140586.0,0.0,0.922493,2.0176,CHN,NOR,847029
10535385,61,163,9171,2010,28542.0,0.0,2.035672,-3.383322,DEU,NOR,847029
10535386,77,163,9171,2010,4026.0,0.0,1.530027,-0.052557000000000006,FRA,NOR,847029
10535387,81,163,9171,2010,2054.0,1607.0,1.828224,0.386383,GBR,NOR,847029
10535388,106,163,9171,2010,2875.0,0.0,1.371357,0.168795,IRL,NOR,847029
10535389,162,163,9171,2010,11491.0,0.0,1.237998,1.1891209999999999,NLD,NOR,847029
10535390,208,163,9171,2010,2212.0,0.0,1.882239,0.397927,SWE,NOR,847029
10535391,231,163,9171,2010,11905.0,0.0,1.67573,-0.598165,USA,NOR,847029
10535392,249,163,9171,2010,3191.0,0.0,1.766729,0.909335,TWN,NOR,847029
10535393,7,167,9171,2010,1198.0,0.0,0.29457,-0.196371,ARE,OMN,847029
10535394,43,167,9171,2010,4552.0,0.0,0.922493,2.0176,CHN,OMN,847029
10535395,104,167,9171,2010,4579.0,0.0,0.14485599999999998,2.408913,IND,OMN,847029
10535396,216,167,9171,2010,2662.0,0.0,0.748328,1.425224,THA,OMN,847029
10535397,231,167,9171,2010,1552.0,0.0,1.67573,-0.598165,USA,OMN,847029
10535398,18,168,9171,2010,1282.0,0.0,1.2224270000000002,1.1276,BEL,PAK,847029
10535399,43,168,9171,2010,268008.0,0.0,0.922493,2.0176,CHN,PAK,847029
10535400,152,168,9171,2010,0.0,836.0,-0.821839,-0.9153870000000001,MWI,PAK,847029
10535401,162,168,9171,2010,5041.0,0.0,1.237998,1.1891209999999999,NLD,PAK,847029
10535402,208,168,9171,2010,0.0,9022.0,1.882239,0.397927,SWE,PAK,847029
10535403,231,168,9171,2010,149655.0,0.0,1.67573,-0.598165,USA,PAK,847029
10535404,18,185,9171,2010,40017.0,0.0,1.2224270000000002,1.1276,BEL,ROU,847029
10535405,23,185,9171,2010,0.0,1378.0,0.44973,1.445441,BGR,ROU,847029
10535406,43,185,9171,2010,20693.0,0.0,0.922493,2.0176,CHN,ROU,847029
10535407,61,185,9171,2010,12509.0,0.0,2.035672,-3.383322,DEU,ROU,847029
10535408,77,185,9171,2010,5098.0,0.0,1.530027,-0.052557000000000006,FRA,ROU,847029
10535409,81,185,9171,2010,11058.0,0.0,1.828224,0.386383,GBR,ROU,847029
10535410,102,185,9171,2010,25412.0,16598.0,1.514225,0.740341,HUN,ROU,847029
10535411,111,185,9171,2010,13474.0,2675.0,1.272385,0.545721,ITA,ROU,847029
10535412,162,185,9171,2010,3443.0,0.0,1.237998,1.1891209999999999,NLD,ROU,847029
10535413,224,185,9171,2010,6401123.0,2770.0,0.359977,2.471173,TUR,ROU,847029
10535414,231,185,9171,2010,2345.0,0.0,1.67573,-0.598165,USA,ROU,847029
10535415,28,186,9171,2010,0.0,3281.0,0.969851,0.593386,BLR,RUS,847029
10535416,43,186,9171,2010,352852.0,0.0,0.922493,2.0176,CHN,RUS,847029
10535417,61,186,9171,2010,35160.0,0.0,2.035672,-3.383322,DEU,RUS,847029
10535418,111,186,9171,2010,73018.0,0.0,1.272385,0.545721,ITA,RUS,847029
10535419,117,186,9171,2010,0.0,2837.0,-0.48426400000000003,-0.169443,KGZ,RUS,847029
10535420,121,186,9171,2010,2075.0,0.0,1.7118849999999999,0.762362,KOR,RUS,847029
10535421,132,186,9171,2010,10237.0,0.0,0.6158170000000001,1.1401059999999998,LVA,RUS,847029
10535422,135,186,9171,2010,0.0,3963.0,-0.116797,0.037801,MDA,RUS,847029
10535423,208,186,9171,2010,110806.0,0.0,1.882239,0.397927,SWE,RUS,847029
10535424,217,186,9171,2010,0.0,1121.0,-1.054317,-1.074198,TJK,RUS,847029
10535425,228,186,9171,2010,0.0,10577.0,0.714148,0.916267,UKR,RUS,847029
10535426,231,186,9171,2010,4402.0,0.0,1.67573,-0.598165,USA,RUS,847029
10535427,7,192,9171,2010,0.0,5441.0,0.29457,-0.196371,ARE,SGP,847029
10535428,14,192,9171,2010,3315.0,7543.0,-0.276442,0.062023,AUS,SGP,847029
10535429,19,192,9171,2010,0.0,2417.0,-1.0660120000000002,-0.9961190000000001,BEN,SGP,847029
10535430,22,192,9171,2010,0.0,2519.0,-0.974526,-0.76566,BGD,SGP,847029
10535431,23,192,9171,2010,0.0,6828.0,0.44973,1.445441,BGR,SGP,847029
10535432,34,192,9171,2010,0.0,2414.0,0.717167,-0.764841,BRN,SGP,847029
10535433,43,192,9171,2010,248289.0,14904.0,0.922493,2.0176,CHN,SGP,847029
10535434,61,192,9171,2010,2539.0,0.0,2.035672,-3.383322,DEU,SGP,847029
10535435,81,192,9171,2010,8506.0,0.0,1.828224,0.386383,GBR,SGP,847029
10535436,83,192,9171,2010,0.0,6346.0,-0.835003,-0.633731,GHA,SGP,847029
10535437,97,192,9171,2010,4942.0,39161.0,0.715745,1.9780259999999998,HKG,SGP,847029
10535438,103,192,9171,2010,8569.0,54331.0,-0.30878099999999997,1.07069,IDN,SGP,847029
10535439,104,192,9171,2010,382549.0,517956.0,0.14485599999999998,2.408913,IND,SGP,847029
10535440,110,192,9171,2010,12357.0,0.0,1.215834,0.7028340000000001,ISR,SGP,847029
10535441,114,192,9171,2010,12855.0,0.0,2.459723,-0.279387,JPN,SGP,847029
10535442,115,192,9171,2010,0.0,56497.0,-0.6278020000000001,-0.8419760000000001,KAZ,SGP,847029
10535443,116,192,9171,2010,0.0,4232.0,-0.387187,1.010443,KEN,SGP,847029
10535444,118,192,9171,2010,0.0,10086.0,-1.158906,-1.019906,KHM,SGP,847029
10535445,121,192,9171,2010,21426.0,19149.0,1.7118849999999999,0.762362,KOR,SGP,847029
10535446,128,192,9171,2010,0.0,35143.0,-0.70886,0.25216700000000003,LKA,SGP,847029
10535447,137,192,9171,2010,0.0,143265.0,-0.644859,-0.910633,MDV,SGP,847029
10535448,138,192,9171,2010,0.0,20713.0,1.132664,0.675756,MEX,SGP,847029
10535449,143,192,9171,2010,0.0,235186.0,-1.480389,-1.075842,MMR,SGP,847029
10535450,153,192,9171,2010,663255.0,178179.0,0.9530780000000001,0.607456,MYS,SGP,847029
10535451,159,192,9171,2010,0.0,11316.0,-1.887084,-1.2280229999999999,NGA,SGP,847029
10535452,174,192,9171,2010,0.0,20481.0,0.40418899999999996,0.102497,PHL,SGP,847029
10535453,176,192,9171,2010,0.0,20173.0,-1.725138,-1.195622,PNG,SGP,847029
10535454,211,192,9171,2010,0.0,2832.0,-0.075668,-0.549686,SYC,SGP,847029
10535455,216,192,9171,2010,0.0,147170.0,0.748328,1.425224,THA,SGP,847029
10535456,231,192,9171,2010,247100.0,27727.0,1.67573,-0.598165,USA,SGP,847029
10535457,239,192,9171,2010,0.0,33823.0,-0.24660500000000002,1.427235,VNM,SGP,847029
10535458,246,192,9171,2010,5734.0,0.0,0.327326,1.513598,ZAF,SGP,847029
10535459,249,192,9171,2010,5126.0,0.0,1.766729,0.909335,TWN,SGP,847029
10535460,250,192,9171,2010,0.0,1500.0,0.45129600000000003,-0.223517,ANS,SGP,847029
10535461,26,201,9171,2010,0.0,1427.0,0.462275,0.830405,BIH,SRB,847029
10535462,43,201,9171,2010,7846.0,0.0,0.922493,2.0176,CHN,SRB,847029
10535463,61,201,9171,2010,2116.0,0.0,2.035672,-3.383322,DEU,SRB,847029
10535464,207,201,9171,2010,1740.0,0.0,1.595473,0.7023020000000001,SVN,SRB,847029
10535465,231,201,9171,2010,1664203.0,0.0,1.67573,-0.598165,USA,SRB,847029
10535466,186,217,9171,2010,1121.0,0.0,0.583996,-0.223881,RUS,TJK,847029
10535467,43,219,9171,2010,4146.0,0.0,0.922493,2.0176,CHN,TKM,847029
10535468,224,219,9171,2010,2091.0,0.0,0.359977,2.471173,TUR,TKM,847029
10535469,231,219,9171,2010,35150.0,0.0,1.67573,-0.598165,USA,TKM,847029
10535470,43,223,9171,2010,82387.0,0.0,0.922493,2.0176,CHN,TUN,847029
10535471,61,223,9171,2010,2529.0,0.0,2.035672,-3.383322,DEU,TUN,847029
10535472,111,223,9171,2010,1821.0,0.0,1.272385,0.545721,ITA,TUN,847029
10535473,114,223,9171,2010,14520.0,0.0,2.459723,-0.279387,JPN,TUN,847029
10535474,97,232,9171,2010,10870.0,0.0,0.715745,1.9780259999999998,HKG,UZB,847029
10535475,43,239,9171,2010,291461.0,0.0,0.922493,2.0176,CHN,VNM,847029
10535476,59,239,9171,2010,0.0,9846.0,1.732044,0.333934,CZE,VNM,847029
10535477,104,239,9171,2010,1517.0,0.0,0.14485599999999998,2.408913,IND,VNM,847029
10535478,114,239,9171,2010,32835.0,0.0,2.459723,-0.279387,JPN,VNM,847029
10535479,121,239,9171,2010,4683.0,0.0,1.7118849999999999,0.762362,KOR,VNM,847029
10535480,192,239,9171,2010,33823.0,0.0,1.8441349999999999,0.570311,SGP,VNM,847029
10535481,231,239,9171,2010,1410.0,0.0,1.67573,-0.598165,USA,VNM,847029
10535482,249,239,9171,2010,9388.0,0.0,1.766729,0.909335,TWN,VNM,847029
10535483,7,248,9171,2010,988.0,0.0,0.29457,-0.196371,ARE,ZWE,847029
10535484,43,248,9171,2010,8292.0,0.0,0.922493,2.0176,CHN,ZWE,847029
10535485,61,248,9171,2010,13850.0,0.0,2.035672,-3.383322,DEU,ZWE,847029
10535486,246,248,9171,2010,17954.0,0.0,0.327326,1.513598,ZAF,ZWE,847029
10535487,169,0,9171,2010,2665.0,0.0,0.617867,0.903432,PAN,ABW,847029
10535488,231,0,9171,2010,3238.0,0.0,1.67573,-0.598165,USA,ABW,847029
10535489,111,4,9171,2010,3212.0,0.0,1.272385,0.545721,ITA,ALB,847029
10535490,159,13,9171,2010,0.0,1749.0,-1.887084,-1.2280229999999999,NGA,ATG,847029
10535491,169,13,9171,2010,2009.0,0.0,0.617867,0.903432,PAN,ATG,847029
10535492,231,13,9171,2010,15751.0,0.0,1.67573,-0.598165,USA,ATG,847029
10535493,43,19,9171,2010,41643.0,0.0,0.922493,2.0176,CHN,BEN,847029
10535494,192,19,9171,2010,2417.0,0.0,1.8441349999999999,0.570311,SGP,BEN,847029
10535495,42,31,9171,2010,2060.0,0.0,-0.34914,-0.459395,CHL,BOL,847029
10535496,43,31,9171,2010,1539.0,0.0,0.922493,2.0176,CHN,BOL,847029
10535497,246,37,9171,2010,117019.0,2509.0,0.327326,1.513598,ZAF,BWA,847029
10535498,43,44,9171,2010,14374.0,0.0,0.922493,2.0176,CHN,CIV,847029
10535499,83,44,9171,2010,0.0,1011.0,-0.835003,-0.633731,GHA,CIV,847029
10535500,250,44,9171,2010,1447.0,0.0,0.45129600000000003,-0.223517,ANS,CIV,847029
10535501,7,45,9171,2010,2422.0,0.0,0.29457,-0.196371,ARE,CMR,847029
10535502,43,45,9171,2010,10658.0,0.0,0.922493,2.0176,CHN,CMR,847029
10535503,77,45,9171,2010,2463.0,0.0,1.530027,-0.052557000000000006,FRA,CMR,847029
10535504,231,45,9171,2010,0.0,13158.0,1.67573,-0.598165,USA,CMR,847029
10535505,39,47,9171,2010,1412.0,0.0,0.752421,1.2208510000000001,CAN,COG,847029
10535506,77,47,9171,2010,1261.0,0.0,1.530027,-0.052557000000000006,FRA,COG,847029
10535507,81,47,9171,2010,698.0,0.0,1.828224,0.386383,GBR,COG,847029
10535508,77,51,9171,2010,1336.0,0.0,1.530027,-0.052557000000000006,FRA,CPV,847029
10535509,179,51,9171,2010,1495.0,0.0,0.551149,2.437209,PRT,CPV,847029
10535510,169,54,9171,2010,9915.0,0.0,0.617867,0.903432,PAN,CUB,847029
10535511,43,58,9171,2010,3419.0,0.0,0.922493,2.0176,CHN,CYP,847029
10535512,61,58,9171,2010,1218.0,0.0,2.035672,-3.383322,DEU,CYP,847029
10535513,90,58,9171,2010,5136.0,38693.0,0.200249,1.4640090000000001,GRC,CYP,847029
10535514,111,58,9171,2010,3997.0,0.0,1.272385,0.545721,ITA,CYP,847029
10535515,224,58,9171,2010,9588.0,0.0,0.359977,2.471173,TUR,CYP,847029
10535516,7,66,9171,2010,20934.0,0.0,0.29457,-0.196371,ARE,DZA,847029
10535517,43,66,9171,2010,47452.0,0.0,0.922493,2.0176,CHN,DZA,847029
10535518,61,66,9171,2010,14000.0,0.0,2.035672,-3.383322,DEU,DZA,847029
10535519,77,66,9171,2010,31725.0,0.0,1.530027,-0.052557000000000006,FRA,DZA,847029
10535520,43,73,9171,2010,12143.0,0.0,0.922493,2.0176,CHN,ETH,847029
10535521,77,80,9171,2010,43744.0,0.0,1.530027,-0.052557000000000006,FRA,GAB,847029
10535522,7,83,9171,2010,3147.0,0.0,0.29457,-0.196371,ARE,GHA,847029
10535523,43,83,9171,2010,3152.0,0.0,0.922493,2.0176,CHN,GHA,847029
10535524,44,83,9171,2010,1011.0,0.0,-1.256641,-0.946767,CIV,GHA,847029
10535525,77,83,9171,2010,1967.0,0.0,1.530027,-0.052557000000000006,FRA,GHA,847029
10535526,81,83,9171,2010,2295.0,0.0,1.828224,0.386383,GBR,GHA,847029
10535527,192,83,9171,2010,6346.0,0.0,1.8441349999999999,0.570311,SGP,GHA,847029
10535528,231,83,9171,2010,303598.0,0.0,1.67573,-0.598165,USA,GHA,847029
10535529,246,83,9171,2010,3953.0,0.0,0.327326,1.513598,ZAF,GHA,847029
10535530,71,84,9171,2010,1650.0,0.0,0.832619,2.448009,ESP,GIB,847029
10535531,39,92,9171,2010,34213.0,0.0,0.752421,1.2208510000000001,CAN,GRL,847029
10535532,43,109,9171,2010,9528.0,0.0,0.922493,2.0176,CHN,ISL,847029
10535533,43,126,9171,2010,11890.0,0.0,0.922493,2.0176,CHN,LBY,847029
10535534,14,133,9171,2010,0.0,9549.0,-0.276442,0.062023,AUS,MAC,847029
10535535,43,133,9171,2010,24416.0,0.0,0.922493,2.0176,CHN,MAC,847029
10535536,7,141,9171,2010,15418.0,0.0,0.29457,-0.196371,ARE,MLI,847029
10535537,43,141,9171,2010,14007.0,0.0,0.922493,2.0176,CHN,MLI,847029
10535538,43,151,9171,2010,34304.0,0.0,0.922493,2.0176,CHN,MUS,847029
10535539,104,151,9171,2010,9485.0,0.0,0.14485599999999998,2.408913,IND,MUS,847029
10535540,136,151,9171,2010,0.0,1785.0,-0.8737799999999999,-0.043717,MDG,MUS,847029
10535541,153,151,9171,2010,2143.0,0.0,0.9530780000000001,0.607456,MYS,MUS,847029
10535542,2,155,9171,2010,0.0,5071.0,-1.3711010000000001,-1.170608,AGO,NAM,847029
10535543,77,155,9171,2010,2499.0,0.0,1.530027,-0.052557000000000006,FRA,NAM,847029
10535544,246,155,9171,2010,62952.0,572.0,0.327326,1.513598,ZAF,NAM,847029
10535545,77,156,9171,2010,1308.0,0.0,1.530027,-0.052557000000000006,FRA,NCL,847029
10535546,43,157,9171,2010,726.0,0.0,0.922493,2.0176,CHN,NER,847029
10535547,43,176,9171,2010,3910.0,0.0,0.922493,2.0176,CHN,PNG,847029
10535548,192,176,9171,2010,20173.0,0.0,1.8441349999999999,0.570311,SGP,PNG,847029
10535549,43,178,9171,2010,12829.0,0.0,0.922493,2.0176,CHN,PRK,847029
10535550,7,191,9171,2010,2306.0,0.0,0.29457,-0.196371,ARE,SEN,847029
10535551,39,191,9171,2010,15389.0,0.0,0.752421,1.2208510000000001,CAN,SEN,847029
10535552,43,191,9171,2010,6011.0,0.0,0.922493,2.0176,CHN,SEN,847029
10535553,81,209,9171,2010,5552.0,0.0,1.828224,0.386383,GBR,SWZ,847029
10535554,246,209,9171,2010,147387.0,0.0,0.327326,1.513598,ZAF,SWZ,847029
10535555,43,211,9171,2010,1538.0,0.0,0.922493,2.0176,CHN,SYC,847029
10535556,77,211,9171,2010,9112.0,0.0,1.530027,-0.052557000000000006,FRA,SYC,847029
10535557,192,211,9171,2010,2832.0,0.0,1.8441349999999999,0.570311,SGP,SYC,847029
10535558,216,211,9171,2010,3605.0,0.0,0.748328,1.425224,THA,SYC,847029
10535559,246,211,9171,2010,2774.0,0.0,0.327326,1.513598,ZAF,SYC,847029
10535560,43,215,9171,2010,1527.0,0.0,0.922493,2.0176,CHN,TGO,847029
10535561,77,215,9171,2010,1268.0,0.0,1.530027,-0.052557000000000006,FRA,TGO,847029
10535562,97,215,9171,2010,4662.0,0.0,0.715745,1.9780259999999998,HKG,TGO,847029
10535563,124,215,9171,2010,4047.0,0.0,0.415854,1.424085,LBN,TGO,847029
10535564,7,226,9171,2010,10006.0,0.0,0.29457,-0.196371,ARE,TZA,847029
10535565,43,226,9171,2010,16979.0,0.0,0.922493,2.0176,CHN,TZA,847029
10535566,246,226,9171,2010,4193.0,0.0,0.327326,1.513598,ZAF,TZA,847029
10535567,7,227,9171,2010,4504.0,0.0,0.29457,-0.196371,ARE,UGA,847029
10535568,43,227,9171,2010,8329.0,0.0,0.922493,2.0176,CHN,UGA,847029
10535569,231,227,9171,2010,59885.0,27004.0,1.67573,-0.598165,USA,UGA,847029
10535570,246,227,9171,2010,17351.0,0.0,0.327326,1.513598,ZAF,UGA,847029
10535571,231,234,9171,2010,2356.0,0.0,1.67573,-0.598165,USA,VCT,847029
10535572,7,247,9171,2010,15959.0,0.0,0.29457,-0.196371,ARE,ZMB,847029
10535573,104,247,9171,2010,2759.0,0.0,0.14485599999999998,2.408913,IND,ZMB,847029
10535574,246,247,9171,2010,40984.0,1582.0,0.327326,1.513598,ZAF,ZMB,847029
10535575,39,63,9171,2010,753.0,0.0,0.752421,1.2208510000000001,CAN,DMA,847029
10535576,231,63,9171,2010,4059.0,0.0,1.67573,-0.598165,USA,DMA,847029
10535577,231,120,9171,2010,4761.0,0.0,1.67573,-0.598165,USA,KNA,847029
10535578,39,57,9171,2010,1954.0,0.0,0.752421,1.2208510000000001,CAN,CYM,847029
10535579,231,76,9171,2010,37528.0,0.0,1.67573,-0.598165,USA,FLK,847029
10535580,43,143,9171,2010,78316.0,0.0,0.922493,2.0176,CHN,MMR,847029
10535581,192,143,9171,2010,235186.0,0.0,1.8441349999999999,0.570311,SGP,MMR,847029
10535582,43,50,9171,2010,3294.0,0.0,0.922493,2.0176,CHN,COM,847029
10535583,39,21,9171,2010,4574.0,0.0,0.752421,1.2208510000000001,CAN,BFA,847029
10535584,43,21,9171,2010,1500.0,0.0,0.922493,2.0176,CHN,BFA,847029
10535585,77,21,9171,2010,6358.0,0.0,1.530027,-0.052557000000000006,FRA,BFA,847029
10535586,43,29,9171,2010,1645.0,0.0,0.922493,2.0176,CHN,BLZ,847029
10535587,169,29,9171,2010,1283.0,0.0,0.617867,0.903432,PAN,BLZ,847029
10535588,231,29,9171,2010,2880.0,0.0,1.67573,-0.598165,USA,BLZ,847029
10535589,249,29,9171,2010,1444.0,0.0,1.766729,0.909335,TWN,BLZ,847029
10535590,231,30,9171,2010,3941.0,0.0,1.67573,-0.598165,USA,BMU,847029
10535591,97,87,9171,2010,1236.0,0.0,0.715745,1.9780259999999998,HKG,GMB,847029
10535592,43,160,9171,2010,57079.0,0.0,0.922493,2.0176,CHN,NIC,847029
10535593,138,160,9171,2010,4169.0,0.0,1.132664,0.675756,MEX,NIC,847029
10535594,169,160,9171,2010,5554.0,0.0,0.617867,0.903432,PAN,NIC,847029
10535595,43,164,9171,2010,97001.0,0.0,0.922493,2.0176,CHN,NPL,847029
10535596,104,164,9171,2010,39408.0,0.0,0.14485599999999998,2.408913,IND,NPL,847029
10535597,216,164,9171,2010,4391.0,0.0,0.748328,1.425224,THA,NPL,847029
10535598,7,187,9171,2010,4450.0,0.0,0.29457,-0.196371,ARE,RWA,847029
10535599,18,187,9171,2010,1760.0,0.0,1.2224270000000002,1.1276,BEL,RWA,847029
10535600,39,187,9171,2010,629.0,0.0,0.752421,1.2208510000000001,CAN,RWA,847029
10535601,43,187,9171,2010,555.0,0.0,0.922493,2.0176,CHN,RWA,847029
10535602,43,5,9171,2010,5223.0,0.0,0.922493,2.0176,CHN,AND,847029
10535603,71,5,9171,2010,3148.0,0.0,0.832619,2.448009,ESP,AND,847029
10535604,179,5,9171,2010,1005.0,0.0,0.551149,2.437209,PRT,AND,847029
10535605,43,34,9171,2010,20608.0,0.0,0.922493,2.0176,CHN,BRN,847029
10535606,192,34,9171,2010,2414.0,0.0,1.8441349999999999,0.570311,SGP,BRN,847029
10535607,77,38,9171,2010,2362.0,0.0,1.530027,-0.052557000000000006,FRA,CAF,847029
10535608,14,75,9171,2010,1643.0,0.0,-0.276442,0.062023,AUS,FJI,847029
10535609,166,75,9171,2010,966.0,0.0,0.36828299999999997,0.574574,NZL,FJI,847029
10535610,225,75,9171,2010,0.0,1273.0,0.359508,-0.650139,TUV,FJI,847029
10535611,240,75,9171,2010,0.0,7185.0,-0.8922190000000001,-0.87134,VUT,FJI,847029
10535612,242,75,9171,2010,0.0,3702.0,1.236381,0.276124,WSM,FJI,847029
10535613,246,129,9171,2010,53105.0,0.0,0.327326,1.513598,ZAF,LSO,847029
10535614,43,136,9171,2010,9363.0,0.0,0.922493,2.0176,CHN,MDG,847029
10535615,116,136,9171,2010,7549.0,0.0,-0.387187,1.010443,KEN,MDG,847029
10535616,151,136,9171,2010,1785.0,0.0,-0.173542,0.103727,MUS,MDG,847029
10535617,43,137,9171,2010,45278.0,0.0,0.922493,2.0176,CHN,MDV,847029
10535618,192,137,9171,2010,143265.0,0.0,1.8441349999999999,0.570311,SGP,MDV,847029
10535619,43,152,9171,2010,2414.0,0.0,0.922493,2.0176,CHN,MWI,847029
10535620,168,152,9171,2010,836.0,0.0,-0.692071,0.5409010000000001,PAK,MWI,847029
10535621,246,152,9171,2010,10510.0,0.0,0.327326,1.513598,ZAF,MWI,847029
10535622,43,181,9171,2010,4073.0,0.0,0.922493,2.0176,CHN,PSE,847029
10535623,116,199,9171,2010,13966.0,0.0,-0.387187,1.010443,KEN,SOM,847029
10535624,75,240,9171,2010,7185.0,0.0,-0.603112,-0.29135500000000003,FJI,VUT,847029
10535625,124,85,9171,2010,2290.0,0.0,0.415854,1.424085,LBN,GIN,847029
10535626,231,101,9171,2010,19850.0,0.0,1.67573,-0.598165,USA,HTI,847029
10535627,43,182,9171,2010,36117.0,0.0,0.922493,2.0176,CHN,PYF,847029
10535628,77,182,9171,2010,67755.0,0.0,1.530027,-0.052557000000000006,FRA,PYF,847029
10535629,97,182,9171,2010,1781.0,0.0,0.715745,1.9780259999999998,HKG,PYF,847029
10535630,216,123,9171,2010,21062.0,0.0,0.748328,1.425224,THA,LAO,847029
10535631,75,242,9171,2010,3702.0,0.0,-0.603112,-0.29135500000000003,FJI,WSM,847029
10535632,166,242,9171,2010,14308.0,0.0,0.36828299999999997,0.574574,NZL,WSM,847029
10535633,97,175,9171,2010,1143.0,0.0,0.715745,1.9780259999999998,HKG,PLW,847029
10535634,231,175,9171,2010,2590.0,0.0,1.67573,-0.598165,USA,PLW,847029
10535635,75,225,9171,2010,1273.0,0.0,-0.603112,-0.29135500000000003,FJI,TUV,847029
10535636,43,2,9172,2010,9316.0,0.0,0.922493,2.0176,CHN,AGO,847030
10535637,77,2,9172,2010,1874.0,0.0,1.530027,-0.052557000000000006,FRA,AGO,847030
10535638,81,2,9172,2010,98269.0,0.0,1.828224,0.386383,GBR,AGO,847030
10535639,110,2,9172,2010,3860.0,0.0,1.215834,0.7028340000000001,ISR,AGO,847030
10535640,155,2,9172,2010,13115.0,0.0,-0.49860299999999996,-0.6728529999999999,NAM,AGO,847030
10535641,179,2,9172,2010,124700.0,0.0,0.551149,2.437209,PRT,AGO,847030
10535642,231,2,9172,2010,2553.0,0.0,1.67573,-0.598165,USA,AGO,847030
10535643,246,2,9172,2010,5806.0,0.0,0.327326,1.513598,ZAF,AGO,847030
10535644,0,6,9172,2010,0.0,1332.0,0.9906219999999999,0.159993,ABW,ANT,847030
10535645,162,6,9172,2010,1326.0,0.0,1.237998,1.1891209999999999,NLD,ANT,847030
10535646,43,8,9172,2010,7079.0,0.0,0.922493,2.0176,CHN,ARG,847030
10535647,231,8,9172,2010,3101.0,0.0,1.67573,-0.598165,USA,ARG,847030
10535648,41,15,9172,2010,1118.0,0.0,2.1492080000000002,0.556424,CHE,AUT,847030
10535649,43,15,9172,2010,10092.0,0.0,0.922493,2.0176,CHN,AUT,847030
10535650,59,15,9172,2010,0.0,12009.0,1.732044,0.333934,CZE,AUT,847030
10535651,61,15,9172,2010,18438.0,5294.0,2.035672,-3.383322,DEU,AUT,847030
10535652,90,15,9172,2010,314275.0,8839.0,0.200249,1.4640090000000001,GRC,AUT,847030
10535653,107,15,9172,2010,0.0,179812.0,-0.609874,-0.744733,IRN,AUT,847030
10535654,111,15,9172,2010,244346.0,1445.0,1.272385,0.545721,ITA,AUT,847030
10535655,122,15,9172,2010,0.0,991.0,0.067373,-1.0822120000000002,KWT,AUT,847030
10535656,185,15,9172,2010,0.0,8076.0,0.6483760000000001,1.200256,ROU,AUT,847030
10535657,206,15,9172,2010,6163.0,21795.0,1.278601,0.726907,SVK,AUT,847030
10535658,207,15,9172,2010,0.0,1887.0,1.595473,0.7023020000000001,SVN,AUT,847030
10535659,224,15,9172,2010,0.0,1169.0,0.359977,2.471173,TUR,AUT,847030
10535660,231,15,9172,2010,0.0,10426.0,1.67573,-0.598165,USA,AUT,847030
10535661,17,18,9172,2010,0.0,1804.0,-0.922883,-0.748675,BDI,BEL,847030
10535662,43,18,9172,2010,32149.0,0.0,0.922493,2.0176,CHN,BEL,847030
10535663,74,18,9172,2010,0.0,29785.0,1.745464,0.897992,FIN,BEL,847030
10535664,77,18,9172,2010,11560.0,37080.0,1.530027,-0.052557000000000006,FRA,BEL,847030
10535665,81,18,9172,2010,4371.0,0.0,1.828224,0.386383,GBR,BEL,847030
10535666,83,18,9172,2010,0.0,1527.0,-0.835003,-0.633731,GHA,BEL,847030
10535667,90,18,9172,2010,0.0,16045.0,0.200249,1.4640090000000001,GRC,BEL,847030
10535668,102,18,9172,2010,3906.0,0.0,1.514225,0.740341,HUN,BEL,847030
10535669,131,18,9172,2010,1281.0,13480.0,1.272127,1.1051520000000001,LUX,BEL,847030
10535670,162,18,9172,2010,66490.0,2650.0,1.237998,1.1891209999999999,NLD,BEL,847030
10535671,81,25,9172,2010,3220.0,0.0,1.828224,0.386383,GBR,BHS,847030
10535672,231,25,9172,2010,2855.0,0.0,1.67573,-0.598165,USA,BHS,847030
10535673,43,32,9172,2010,94820.0,0.0,0.922493,2.0176,CHN,BRA,847030
10535674,61,32,9172,2010,1456.0,0.0,2.035672,-3.383322,DEU,BRA,847030
10535675,231,32,9172,2010,2823679.0,0.0,1.67573,-0.598165,USA,BRA,847030
10535676,249,32,9172,2010,1220.0,0.0,1.766729,0.909335,TWN,BRA,847030
10535677,43,33,9172,2010,19157.0,0.0,0.922493,2.0176,CHN,BRB,847030
10535678,81,33,9172,2010,1082.0,0.0,1.828224,0.386383,GBR,BRB,847030
10535679,231,33,9172,2010,46639.0,0.0,1.67573,-0.598165,USA,BRB,847030
10535680,9,39,9172,2010,0.0,68469.0,0.11632,-0.417048,ARM,CAN,847030
10535681,14,39,9172,2010,14083.0,0.0,-0.276442,0.062023,AUS,CAN,847030
10535682,41,39,9172,2010,0.0,40650.0,2.1492080000000002,0.556424,CHE,CAN,847030
10535683,43,39,9172,2010,56860.0,0.0,0.922493,2.0176,CHN,CAN,847030
10535684,49,39,9172,2010,0.0,7562.0,0.097222,-0.064328,COL,CAN,847030
10535685,77,39,9172,2010,0.0,46188.0,1.530027,-0.052557000000000006,FRA,CAN,847030
10535686,81,39,9172,2010,0.0,157982.0,1.828224,0.386383,GBR,CAN,847030
10535687,97,39,9172,2010,50633.0,43911.0,0.715745,1.9780259999999998,HKG,CAN,847030
10535688,104,39,9172,2010,0.0,13461.0,0.14485599999999998,2.408913,IND,CAN,847030
10535689,110,39,9172,2010,1881.0,0.0,1.215834,0.7028340000000001,ISR,CAN,847030
10535690,112,39,9172,2010,0.0,1462.0,0.041471,-0.367177,JAM,CAN,847030
10535691,114,39,9172,2010,0.0,34759.0,2.459723,-0.279387,JPN,CAN,847030
10535692,138,39,9172,2010,15898.0,0.0,1.132664,0.675756,MEX,CAN,847030
10535693,153,39,9172,2010,8903.0,0.0,0.9530780000000001,0.607456,MYS,CAN,847030
10535694,231,39,9172,2010,239828.0,934898.0,1.67573,-0.598165,USA,CAN,847030
10535695,249,39,9172,2010,10824.0,0.0,1.766729,0.909335,TWN,CAN,847030
10535696,7,41,9172,2010,0.0,4861.0,0.29457,-0.196371,ARE,CHE,847030
10535697,15,41,9172,2010,0.0,1118.0,1.724315,-0.29379099999999997,AUT,CHE,847030
10535698,39,41,9172,2010,40650.0,0.0,0.752421,1.2208510000000001,CAN,CHE,847030
10535699,43,41,9172,2010,64415.0,0.0,0.922493,2.0176,CHN,CHE,847030
10535700,59,41,9172,2010,0.0,14797.0,1.732044,0.333934,CZE,CHE,847030
10535701,61,41,9172,2010,79646.0,161760.0,2.035672,-3.383322,DEU,CHE,847030
10535702,77,41,9172,2010,22133.0,18960.0,1.530027,-0.052557000000000006,FRA,CHE,847030
10535703,81,41,9172,2010,2010.0,0.0,1.828224,0.386383,GBR,CHE,847030
10535704,111,41,9172,2010,9781.0,1380.0,1.272385,0.545721,ITA,CHE,847030
10535705,162,41,9172,2010,5676.0,0.0,1.237998,1.1891209999999999,NLD,CHE,847030
10535706,208,41,9172,2010,1453.0,0.0,1.882239,0.397927,SWE,CHE,847030
10535707,231,41,9172,2010,26774.0,37124.0,1.67573,-0.598165,USA,CHE,847030
10535708,249,41,9172,2010,47165.0,0.0,1.766729,0.909335,TWN,CHE,847030
10535709,43,42,9172,2010,14905.0,0.0,0.922493,2.0176,CHN,CHL,847030
10535710,114,42,9172,2010,1026.0,0.0,2.459723,-0.279387,JPN,CHL,847030
10535711,230,42,9172,2010,0.0,984.0,0.217246,-0.079733,URY,CHL,847030
10535712,231,42,9172,2010,384320.0,0.0,1.67573,-0.598165,USA,CHL,847030
10535713,0,43,9172,2010,0.0,1224.0,0.9906219999999999,0.159993,ABW,CHN,847030
10535714,2,43,9172,2010,0.0,9316.0,-1.3711010000000001,-1.170608,AGO,CHN,847030
10535715,4,43,9172,2010,0.0,44835.0,-0.5316,-0.219561,ALB,CHN,847030
10535716,8,43,9172,2010,0.0,7079.0,0.27458899999999997,0.597907,ARG,CHN,847030
10535717,9,43,9172,2010,0.0,11510.0,0.11632,-0.417048,ARM,CHN,847030
10535718,14,43,9172,2010,187694.0,167736.0,-0.276442,0.062023,AUS,CHN,847030
10535719,15,43,9172,2010,0.0,10092.0,1.724315,-0.29379099999999997,AUT,CHN,847030
10535720,16,43,9172,2010,0.0,2417.0,-1.048424,-1.2030370000000001,AZE,CHN,847030
10535721,18,43,9172,2010,0.0,32149.0,1.2224270000000002,1.1276,BEL,CHN,847030
10535722,19,43,9172,2010,0.0,2178.0,-1.0660120000000002,-0.9961190000000001,BEN,CHN,847030
10535723,21,43,9172,2010,0.0,2198.0,-0.625747,-0.700651,BFA,CHN,847030
10535724,22,43,9172,2010,0.0,28743.0,-0.974526,-0.76566,BGD,CHN,847030
10535725,23,43,9172,2010,0.0,6839.0,0.44973,1.445441,BGR,CHN,847030
10535726,24,43,9172,2010,0.0,6707.0,0.284356,-0.8362,BHR,CHN,847030
10535727,26,43,9172,2010,0.0,1345.0,0.462275,0.830405,BIH,CHN,847030
10535728,29,43,9172,2010,0.0,815.0,-0.559172,-0.739977,BLZ,CHN,847030
10535729,31,43,9172,2010,0.0,7871.0,-0.83736,-0.812473,BOL,CHN,847030
10535730,32,43,9172,2010,0.0,94820.0,0.40715500000000004,0.6208100000000001,BRA,CHN,847030
10535731,33,43,9172,2010,0.0,19157.0,0.7076140000000001,0.434993,BRB,CHN,847030
10535732,34,43,9172,2010,0.0,6822.0,0.717167,-0.764841,BRN,CHN,847030
10535733,39,43,9172,2010,0.0,56860.0,0.752421,1.2208510000000001,CAN,CHN,847030
10535734,41,43,9172,2010,0.0,64415.0,2.1492080000000002,0.556424,CHE,CHN,847030
10535735,42,43,9172,2010,0.0,14905.0,-0.34914,-0.459395,CHL,CHN,847030
10535736,44,43,9172,2010,0.0,70498.0,-1.256641,-0.946767,CIV,CHN,847030
10535737,45,43,9172,2010,0.0,15757.0,-1.114209,-1.0127899999999999,CMR,CHN,847030
10535738,49,43,9172,2010,0.0,56387.0,0.097222,-0.064328,COL,CHN,847030
10535739,51,43,9172,2010,0.0,1354.0,0.140658,-0.527468,CPV,CHN,847030
10535740,52,43,9172,2010,0.0,5975.0,-0.122722,-0.7062069999999999,CRI,CHN,847030
10535741,59,43,9172,2010,0.0,39500.0,1.732044,0.333934,CZE,CHN,847030
10535742,61,43,9172,2010,176055.0,250312.0,2.035672,-3.383322,DEU,CHN,847030
10535743,64,43,9172,2010,0.0,21967.0,1.082468,1.280759,DNK,CHN,847030
10535744,65,43,9172,2010,0.0,21318.0,-0.245241,0.368626,DOM,CHN,847030
10535745,66,43,9172,2010,0.0,44942.0,-1.00922,-1.1511040000000001,DZA,CHN,847030
10535746,67,43,9172,2010,0.0,36944.0,-0.584013,-0.743675,ECU,CHN,847030
10535747,68,43,9172,2010,0.0,288093.0,-0.181826,1.409465,EGY,CHN,847030
10535748,71,43,9172,2010,0.0,119096.0,0.832619,2.448009,ESP,CHN,847030
10535749,73,43,9172,2010,0.0,48914.0,-1.122906,-0.840777,ETH,CHN,847030
10535750,75,43,9172,2010,0.0,1441.0,-0.603112,-0.29135500000000003,FJI,CHN,847030
10535751,77,43,9172,2010,0.0,326332.0,1.530027,-0.052557000000000006,FRA,CHN,847030
10535752,81,43,9172,2010,12030.0,217120.0,1.828224,0.386383,GBR,CHN,847030
10535753,83,43,9172,2010,0.0,2329.0,-0.835003,-0.633731,GHA,CHN,847030
10535754,90,43,9172,2010,57841.0,36812.0,0.200249,1.4640090000000001,GRC,CHN,847030
10535755,93,43,9172,2010,0.0,90431.0,-0.39034,0.743521,GTM,CHN,847030
10535756,96,43,9172,2010,0.0,3768.0,-1.020217,-1.0231569999999999,GUY,CHN,847030
10535757,97,43,9172,2010,0.0,211662.0,0.715745,1.9780259999999998,HKG,CHN,847030
10535758,99,43,9172,2010,0.0,154683.0,-0.569501,-0.153122,HND,CHN,847030
10535759,100,43,9172,2010,0.0,1706.0,0.8276979999999999,0.97415,HRV,CHN,847030
10535760,102,43,9172,2010,0.0,29415.0,1.514225,0.740341,HUN,CHN,847030
10535761,103,43,9172,2010,0.0,479230.0,-0.30878099999999997,1.07069,IDN,CHN,847030
10535762,104,43,9172,2010,0.0,1154481.0,0.14485599999999998,2.408913,IND,CHN,847030
10535763,106,43,9172,2010,0.0,17363.0,1.371357,0.168795,IRL,CHN,847030
10535764,107,43,9172,2010,0.0,232187.0,-0.609874,-0.744733,IRN,CHN,847030
10535765,109,43,9172,2010,0.0,1553.0,0.20822100000000002,-0.318294,ISL,CHN,847030
10535766,110,43,9172,2010,0.0,30734.0,1.215834,0.7028340000000001,ISR,CHN,847030
10535767,111,43,9172,2010,0.0,231004.0,1.272385,0.545721,ITA,CHN,847030
10535768,112,43,9172,2010,0.0,5525.0,0.041471,-0.367177,JAM,CHN,847030
10535769,113,43,9172,2010,0.0,124588.0,0.251702,0.522758,JOR,CHN,847030
10535770,114,43,9172,2010,12136.0,0.0,2.459723,-0.279387,JPN,CHN,847030
10535771,116,43,9172,2010,0.0,85243.0,-0.387187,1.010443,KEN,CHN,847030
10535772,117,43,9172,2010,0.0,82463.0,-0.48426400000000003,-0.169443,KGZ,CHN,847030
10535773,118,43,9172,2010,0.0,3385.0,-1.158906,-1.019906,KHM,CHN,847030
10535774,121,43,9172,2010,17529.0,115926.0,1.7118849999999999,0.762362,KOR,CHN,847030
10535775,123,43,9172,2010,0.0,23146.0,-1.104075,-0.836772,LAO,CHN,847030
10535776,124,43,9172,2010,0.0,259618.0,0.415854,1.424085,LBN,CHN,847030
10535777,126,43,9172,2010,0.0,94780.0,-0.706491,-1.140822,LBY,CHN,847030
10535778,127,43,9172,2010,0.0,950.0,0.446162,-0.279229,LCA,CHN,847030
10535779,128,43,9172,2010,0.0,11038.0,-0.70886,0.25216700000000003,LKA,CHN,847030
10535780,132,43,9172,2010,0.0,10551.0,0.6158170000000001,1.1401059999999998,LVA,CHN,847030
10535781,133,43,9172,2010,0.0,3026.0,0.545755,0.492997,MAC,CHN,847030
10535782,134,43,9172,2010,0.0,30006.0,-0.5935229999999999,-0.056497000000000006,MAR,CHN,847030
10535783,135,43,9172,2010,0.0,861.0,-0.116797,0.037801,MDA,CHN,847030
10535784,136,43,9172,2010,0.0,2622.0,-0.8737799999999999,-0.043717,MDG,CHN,847030
10535785,138,43,9172,2010,0.0,188782.0,1.132664,0.675756,MEX,CHN,847030
10535786,140,43,9172,2010,0.0,580.0,-0.122842,0.407017,MKD,CHN,847030
10535787,141,43,9172,2010,0.0,102804.0,-0.585496,-0.655841,MLI,CHN,847030
10535788,142,43,9172,2010,0.0,2982.0,1.211797,-0.024923,MLT,CHN,847030
10535789,143,43,9172,2010,0.0,46751.0,-1.480389,-1.075842,MMR,CHN,847030
10535790,144,43,9172,2010,0.0,974.0,0.266397,-0.02502,MNE,CHN,847030
10535791,147,43,9172,2010,0.0,55919.0,-1.479855,-1.070518,MOZ,CHN,847030
10535792,151,43,9172,2010,0.0,9691.0,-0.173542,0.103727,MUS,CHN,847030
10535793,152,43,9172,2010,0.0,3587.0,-0.821839,-0.9153870000000001,MWI,CHN,847030
10535794,153,43,9172,2010,0.0,1249939.0,0.9530780000000001,0.607456,MYS,CHN,847030
10535795,155,43,9172,2010,0.0,60799.0,-0.49860299999999996,-0.6728529999999999,NAM,CHN,847030
10535796,157,43,9172,2010,0.0,924.0,-0.829902,-0.826152,NER,CHN,847030
10535797,159,43,9172,2010,0.0,24248.0,-1.887084,-1.2280229999999999,NGA,CHN,847030
10535798,160,43,9172,2010,0.0,11338.0,-0.9387409999999999,-0.8119569999999999,NIC,CHN,847030
10535799,162,43,9172,2010,0.0,92518.0,1.237998,1.1891209999999999,NLD,CHN,847030
10535800,163,43,9172,2010,0.0,30212.0,0.865676,0.138757,NOR,CHN,847030
10535801,164,43,9172,2010,0.0,463160.0,-0.23753400000000002,0.7957390000000001,NPL,CHN,847030
10535802,166,43,9172,2010,0.0,6974.0,0.36828299999999997,0.574574,NZL,CHN,847030
10535803,168,43,9172,2010,0.0,56259.0,-0.692071,0.5409010000000001,PAK,CHN,847030
10535804,169,43,9172,2010,0.0,3231.0,0.617867,0.903432,PAN,CHN,847030
10535805,174,43,9172,2010,0.0,98985.0,0.40418899999999996,0.102497,PHL,CHN,847030
10535806,177,43,9172,2010,0.0,14246.0,1.083552,1.1433719999999998,POL,CHN,847030
10535807,179,43,9172,2010,119972.0,9605.0,0.551149,2.437209,PRT,CHN,847030
10535808,180,43,9172,2010,0.0,124505.0,-0.553805,-0.8699450000000001,PRY,CHN,847030
10535809,181,43,9172,2010,0.0,794.0,0.12470099999999999,0.576382,PSE,CHN,847030
10535810,182,43,9172,2010,0.0,5011.0,-0.47692700000000005,-0.8429760000000001,PYF,CHN,847030
10535811,183,43,9172,2010,0.0,310600.0,-0.346143,-1.078192,QAT,CHN,847030
10535812,185,43,9172,2010,0.0,54670.0,0.6483760000000001,1.200256,ROU,CHN,847030
10535813,186,43,9172,2010,0.0,8221.0,0.583996,-0.223881,RUS,CHN,847030
10535814,187,43,9172,2010,0.0,6422.0,-0.6033350000000001,-0.524881,RWA,CHN,847030
10535815,188,43,9172,2010,0.0,4728632.0,0.46696400000000005,-0.7487520000000001,SAU,CHN,847030
10535816,190,43,9172,2010,0.0,76958.0,-1.9094669999999998,-1.271065,SDN,CHN,847030
10535817,191,43,9172,2010,0.0,26979.0,-0.45445,-0.148149,SEN,CHN,847030
10535818,197,43,9172,2010,0.0,2276.0,-0.101434,0.132639,SLV,CHN,847030
10535819,201,43,9172,2010,0.0,1799.0,0.561161,1.33974,SRB,CHN,847030
10535820,205,43,9172,2010,0.0,1264.0,-0.5734560000000001,-0.936167,SUR,CHN,847030
10535821,206,43,9172,2010,0.0,1346.0,1.278601,0.726907,SVK,CHN,847030
10535822,208,43,9172,2010,0.0,50375.0,1.882239,0.397927,SWE,CHN,847030
10535823,209,43,9172,2010,0.0,1478.0,0.186142,-0.34577800000000003,SWZ,CHN,847030
10535824,212,43,9172,2010,0.0,77817.0,-0.46833800000000003,1.11952,SYR,CHN,847030
10535825,215,43,9172,2010,0.0,5785.0,-0.943559,-0.884336,TGO,CHN,847030
10535826,216,43,9172,2010,0.0,87925.0,0.748328,1.425224,THA,CHN,847030
10535827,221,43,9172,2010,0.0,875.0,-0.650658,-0.774469,TON,CHN,847030
10535828,222,43,9172,2010,0.0,8176.0,-0.338123,-1.070239,TTO,CHN,847030
10535829,223,43,9172,2010,0.0,153960.0,0.165019,0.8882059999999999,TUN,CHN,847030
10535830,224,43,9172,2010,0.0,283834.0,0.359977,2.471173,TUR,CHN,847030
10535831,226,43,9172,2010,0.0,6065.0,-0.7327,0.427616,TZA,CHN,847030
10535832,227,43,9172,2010,0.0,9412.0,-0.48061400000000004,0.187001,UGA,CHN,847030
10535833,230,43,9172,2010,0.0,57953.0,0.217246,-0.079733,URY,CHN,847030
10535834,231,43,9172,2010,9409.0,7674889.0,1.67573,-0.598165,USA,CHN,847030
10535835,236,43,9172,2010,0.0,172774.0,-0.660844,-1.145133,VEN,CHN,847030
10535836,239,43,9172,2010,0.0,3277.0,-0.24660500000000002,1.427235,VNM,CHN,847030
10535837,243,43,9172,2010,0.0,43535.0,-1.360851,-1.208826,YEM,CHN,847030
10535838,246,43,9172,2010,0.0,372725.0,0.327326,1.513598,ZAF,CHN,847030
10535839,247,43,9172,2010,0.0,5298.0,-0.650686,-0.830332,ZMB,CHN,847030
10535840,248,43,9172,2010,0.0,6779.0,-0.869909,-0.8233309999999999,ZWE,CHN,847030
10535841,249,43,9172,2010,303528.0,221696.0,1.766729,0.909335,TWN,CHN,847030
10535842,39,49,9172,2010,7562.0,0.0,0.752421,1.2208510000000001,CAN,COL,847030
10535843,43,49,9172,2010,56387.0,0.0,0.922493,2.0176,CHN,COL,847030
10535844,169,49,9172,2010,638.0,0.0,0.617867,0.903432,PAN,COL,847030
10535845,231,49,9172,2010,106379.0,0.0,1.67573,-0.598165,USA,COL,847030
10535846,43,52,9172,2010,5975.0,0.0,0.922493,2.0176,CHN,CRI,847030
10535847,153,52,9172,2010,1629.0,0.0,0.9530780000000001,0.607456,MYS,CRI,847030
10535848,169,52,9172,2010,2341.0,1421.0,0.617867,0.903432,PAN,CRI,847030
10535849,231,52,9172,2010,18524.0,0.0,1.67573,-0.598165,USA,CRI,847030
10535850,4,61,9172,2010,0.0,1132.0,-0.5316,-0.219561,ALB,DEU,847030
10535851,14,61,9172,2010,19427.0,68895.0,-0.276442,0.062023,AUS,DEU,847030
10535852,15,61,9172,2010,5294.0,18438.0,1.724315,-0.29379099999999997,AUT,DEU,847030
10535853,23,61,9172,2010,0.0,3832.0,0.44973,1.445441,BGR,DEU,847030
10535854,32,61,9172,2010,0.0,1456.0,0.40715500000000004,0.6208100000000001,BRA,DEU,847030
10535855,41,61,9172,2010,161760.0,79646.0,2.1492080000000002,0.556424,CHE,DEU,847030
10535856,43,61,9172,2010,250312.0,176055.0,0.922493,2.0176,CHN,DEU,847030
10535857,58,61,9172,2010,0.0,1198.0,0.8776450000000001,0.568389,CYP,DEU,847030
10535858,59,61,9172,2010,0.0,10115.0,1.732044,0.333934,CZE,DEU,847030
10535859,64,61,9172,2010,1350.0,2560.0,1.082468,1.280759,DNK,DEU,847030
10535860,68,61,9172,2010,0.0,43992.0,-0.181826,1.409465,EGY,DEU,847030
10535861,77,61,9172,2010,2598.0,2634.0,1.530027,-0.052557000000000006,FRA,DEU,847030
10535862,81,61,9172,2010,0.0,64580.0,1.828224,0.386383,GBR,DEU,847030
10535863,90,61,9172,2010,1447.0,225049.0,0.200249,1.4640090000000001,GRC,DEU,847030
10535864,104,61,9172,2010,3165.0,3095.0,0.14485599999999998,2.408913,IND,DEU,847030
10535865,109,61,9172,2010,0.0,17561.0,0.20822100000000002,-0.318294,ISL,DEU,847030
10535866,110,61,9172,2010,101307.0,0.0,1.215834,0.7028340000000001,ISR,DEU,847030
10535867,111,61,9172,2010,7982.0,25713.0,1.272385,0.545721,ITA,DEU,847030
10535868,116,61,9172,2010,0.0,1229.0,-0.387187,1.010443,KEN,DEU,847030
10535869,121,61,9172,2010,0.0,34418.0,1.7118849999999999,0.762362,KOR,DEU,847030
10535870,122,61,9172,2010,0.0,42633.0,0.067373,-1.0822120000000002,KWT,DEU,847030
10535871,130,61,9172,2010,0.0,2111.0,0.6390600000000001,1.144911,LTU,DEU,847030
10535872,131,61,9172,2010,0.0,2464.0,1.272127,1.1051520000000001,LUX,DEU,847030
10535873,132,61,9172,2010,0.0,35139.0,0.6158170000000001,1.1401059999999998,LVA,DEU,847030
10535874,162,61,9172,2010,12126.0,624316.0,1.237998,1.1891209999999999,NLD,DEU,847030
10535875,163,61,9172,2010,0.0,3707.0,0.865676,0.138757,NOR,DEU,847030
10535876,168,61,9172,2010,0.0,9102.0,-0.692071,0.5409010000000001,PAK,DEU,847030
10535877,185,61,9172,2010,0.0,1608.0,0.6483760000000001,1.200256,ROU,DEU,847030
10535878,186,61,9172,2010,0.0,2843.0,0.583996,-0.223881,RUS,DEU,847030
10535879,190,61,9172,2010,0.0,530655.0,-1.9094669999999998,-1.271065,SDN,DEU,847030
10535880,206,61,9172,2010,0.0,3420.0,1.278601,0.726907,SVK,DEU,847030
10535881,207,61,9172,2010,0.0,6495.0,1.595473,0.7023020000000001,SVN,DEU,847030
10535882,208,61,9172,2010,0.0,1639.0,1.882239,0.397927,SWE,DEU,847030
10535883,216,61,9172,2010,0.0,2474.0,0.748328,1.425224,THA,DEU,847030
10535884,231,61,9172,2010,37027.0,0.0,1.67573,-0.598165,USA,DEU,847030
10535885,246,61,9172,2010,0.0,37261.0,0.327326,1.513598,ZAF,DEU,847030
10535886,43,64,9172,2010,21967.0,0.0,0.922493,2.0176,CHN,DNK,847030
10535887,61,64,9172,2010,2560.0,1350.0,2.035672,-3.383322,DEU,DNK,847030
10535888,71,64,9172,2010,0.0,2228.0,0.832619,2.448009,ESP,DNK,847030
10535889,81,64,9172,2010,0.0,2491.0,1.828224,0.386383,GBR,DNK,847030
10535890,92,64,9172,2010,0.0,7962.0,-0.45149700000000004,-0.9039299999999999,GRL,DNK,847030
10535891,162,64,9172,2010,0.0,987.0,1.237998,1.1891209999999999,NLD,DNK,847030
10535892,163,64,9172,2010,3026.0,3411.0,0.865676,0.138757,NOR,DNK,847030
10535893,208,64,9172,2010,5073.0,15605.0,1.882239,0.397927,SWE,DNK,847030
10535894,249,64,9172,2010,1129.0,0.0,1.766729,0.909335,TWN,DNK,847030
10535895,43,65,9172,2010,21318.0,0.0,0.922493,2.0176,CHN,DOM,847030
10535896,153,65,9172,2010,6545.0,0.0,0.9530780000000001,0.607456,MYS,DOM,847030
10535897,231,65,9172,2010,69818.0,0.0,1.67573,-0.598165,USA,DOM,847030
10535898,43,67,9172,2010,36944.0,0.0,0.922493,2.0176,CHN,ECU,847030
10535899,97,67,9172,2010,25821.0,0.0,0.715745,1.9780259999999998,HKG,ECU,847030
10535900,169,67,9172,2010,505083.0,0.0,0.617867,0.903432,PAN,ECU,847030
10535901,231,67,9172,2010,30722.0,0.0,1.67573,-0.598165,USA,ECU,847030
10535902,5,71,9172,2010,0.0,1302.0,0.8963620000000001,0.7650399999999999,AND,ESP,847030
10535903,23,71,9172,2010,0.0,1907.0,0.44973,1.445441,BGR,ESP,847030
10535904,43,71,9172,2010,119096.0,0.0,0.922493,2.0176,CHN,ESP,847030
10535905,64,71,9172,2010,2228.0,0.0,1.082468,1.280759,DNK,ESP,847030
10535906,77,71,9172,2010,15561.0,3349.0,1.530027,-0.052557000000000006,FRA,ESP,847030
10535907,81,71,9172,2010,6220.0,0.0,1.828224,0.386383,GBR,ESP,847030
10535908,111,71,9172,2010,1603.0,5398.0,1.272385,0.545721,ITA,ESP,847030
10535909,113,71,9172,2010,0.0,5595.0,0.251702,0.522758,JOR,ESP,847030
10535910,130,71,9172,2010,0.0,14839.0,0.6390600000000001,1.144911,LTU,ESP,847030
10535911,138,71,9172,2010,0.0,457404.0,1.132664,0.675756,MEX,ESP,847030
10535912,162,71,9172,2010,1325.0,0.0,1.237998,1.1891209999999999,NLD,ESP,847030
10535913,179,71,9172,2010,11405.0,8908.0,0.551149,2.437209,PRT,ESP,847030
10535914,185,71,9172,2010,0.0,1572.0,0.6483760000000001,1.200256,ROU,ESP,847030
10535915,201,71,9172,2010,0.0,1140.0,0.561161,1.33974,SRB,ESP,847030
10535916,216,71,9172,2010,0.0,1240.0,0.748328,1.425224,THA,ESP,847030
10535917,231,71,9172,2010,2394.0,36455.0,1.67573,-0.598165,USA,ESP,847030
10535918,249,71,9172,2010,10075.0,0.0,1.766729,0.909335,TWN,ESP,847030
10535919,14,74,9172,2010,817.0,0.0,-0.276442,0.062023,AUS,FIN,847030
10535920,18,74,9172,2010,29785.0,0.0,1.2224270000000002,1.1276,BEL,FIN,847030
10535921,81,74,9172,2010,6234.0,0.0,1.828224,0.386383,GBR,FIN,847030
10535922,97,74,9172,2010,7334.0,0.0,0.715745,1.9780259999999998,HKG,FIN,847030
10535923,114,74,9172,2010,12729.0,0.0,2.459723,-0.279387,JPN,FIN,847030
10535924,208,74,9172,2010,8824.0,0.0,1.882239,0.397927,SWE,FIN,847030
10535925,2,77,9172,2010,0.0,1874.0,-1.3711010000000001,-1.170608,AGO,FRA,847030
10535926,7,77,9172,2010,7738.0,0.0,0.29457,-0.196371,ARE,FRA,847030
10535927,14,77,9172,2010,0.0,8946.0,-0.276442,0.062023,AUS,FRA,847030
10535928,18,77,9172,2010,37080.0,11560.0,1.2224270000000002,1.1276,BEL,FRA,847030
10535929,19,77,9172,2010,0.0,1294.0,-1.0660120000000002,-0.9961190000000001,BEN,FRA,847030
10535930,23,77,9172,2010,0.0,947.0,0.44973,1.445441,BGR,FRA,847030
10535931,39,77,9172,2010,46188.0,0.0,0.752421,1.2208510000000001,CAN,FRA,847030
10535932,41,77,9172,2010,18960.0,22133.0,2.1492080000000002,0.556424,CHE,FRA,847030
10535933,43,77,9172,2010,326332.0,0.0,0.922493,2.0176,CHN,FRA,847030
10535934,45,77,9172,2010,0.0,6968.0,-1.114209,-1.0127899999999999,CMR,FRA,847030
10535935,47,77,9172,2010,0.0,1261.0,-1.536434,-1.175338,COG,FRA,847030
10535936,59,77,9172,2010,3930.0,1875.0,1.732044,0.333934,CZE,FRA,847030
10535937,61,77,9172,2010,2634.0,2598.0,2.035672,-3.383322,DEU,FRA,847030
10535938,71,77,9172,2010,3349.0,15561.0,0.832619,2.448009,ESP,FRA,847030
10535939,72,77,9172,2010,0.0,2969.0,0.832316,1.1844649999999999,EST,FRA,847030
10535940,80,77,9172,2010,0.0,6628.0,-1.707175,-1.167635,GAB,FRA,847030
10535941,81,77,9172,2010,57574.0,0.0,1.828224,0.386383,GBR,FRA,847030
10535942,83,77,9172,2010,0.0,1103.0,-0.835003,-0.633731,GHA,FRA,847030
10535943,90,77,9172,2010,0.0,7749.0,0.200249,1.4640090000000001,GRC,FRA,847030
10535944,97,77,9172,2010,49118.0,0.0,0.715745,1.9780259999999998,HKG,FRA,847030
10535945,106,77,9172,2010,0.0,57262.0,1.371357,0.168795,IRL,FRA,847030
10535946,111,77,9172,2010,3165.0,17060.0,1.272385,0.545721,ITA,FRA,847030
10535947,121,77,9172,2010,10484.0,0.0,1.7118849999999999,0.762362,KOR,FRA,847030
10535948,131,77,9172,2010,4045.0,1309.0,1.272127,1.1051520000000001,LUX,FRA,847030
10535949,134,77,9172,2010,0.0,20407.0,-0.5935229999999999,-0.056497000000000006,MAR,FRA,847030
10535950,138,77,9172,2010,0.0,3807.0,1.132664,0.675756,MEX,FRA,847030
10535951,141,77,9172,2010,0.0,18847.0,-0.585496,-0.655841,MLI,FRA,847030
10535952,148,77,9172,2010,0.0,1144.0,-2.099882,-1.303977,MRT,FRA,847030
10535953,151,77,9172,2010,2054.0,2569.0,-0.173542,0.103727,MUS,FRA,847030
10535954,154,77,9172,2010,0.0,5542.0,1.371744,-0.072045,MYT,FRA,847030
10535955,156,77,9172,2010,0.0,2616.0,-0.42193500000000006,-0.8256610000000001,NCL,FRA,847030
10535956,162,77,9172,2010,103656.0,50391.0,1.237998,1.1891209999999999,NLD,FRA,847030
10535957,177,77,9172,2010,0.0,1372.0,1.083552,1.1433719999999998,POL,FRA,847030
10535958,179,77,9172,2010,0.0,3251.0,0.551149,2.437209,PRT,FRA,847030
10535959,182,77,9172,2010,0.0,4181.0,-0.47692700000000005,-0.8429760000000001,PYF,FRA,847030
10535960,185,77,9172,2010,0.0,23790.0,0.6483760000000001,1.200256,ROU,FRA,847030
10535961,191,77,9172,2010,0.0,4048.0,-0.45445,-0.148149,SEN,FRA,847030
10535962,201,77,9172,2010,0.0,1226.0,0.561161,1.33974,SRB,FRA,847030
10535963,215,77,9172,2010,0.0,2092.0,-0.943559,-0.884336,TGO,FRA,847030
10535964,223,77,9172,2010,0.0,11800.0,0.165019,0.8882059999999999,TUN,FRA,847030
10535965,226,77,9172,2010,0.0,1083.0,-0.7327,0.427616,TZA,FRA,847030
10535966,231,77,9172,2010,31887.0,14589.0,1.67573,-0.598165,USA,FRA,847030
10535967,236,77,9172,2010,0.0,32166.0,-0.660844,-1.145133,VEN,FRA,847030
10535968,246,77,9172,2010,0.0,20804.0,0.327326,1.513598,ZAF,FRA,847030
10535969,2,81,9172,2010,0.0,98269.0,-1.3711010000000001,-1.170608,AGO,GBR,847030
10535970,13,81,9172,2010,0.0,1198.0,1.2153129999999999,0.955838,ATG,GBR,847030
10535971,14,81,9172,2010,22894.0,2203.0,-0.276442,0.062023,AUS,GBR,847030
10535972,18,81,9172,2010,0.0,4371.0,1.2224270000000002,1.1276,BEL,GBR,847030
10535973,19,81,9172,2010,0.0,1082.0,-1.0660120000000002,-0.9961190000000001,BEN,GBR,847030
10535974,25,81,9172,2010,0.0,3220.0,0.495262,-0.6198779999999999,BHS,GBR,847030
10535975,26,81,9172,2010,0.0,1623.0,0.462275,0.830405,BIH,GBR,847030
10535976,33,81,9172,2010,0.0,1082.0,0.7076140000000001,0.434993,BRB,GBR,847030
10535977,37,81,9172,2010,0.0,212.0,-0.181373,-0.714376,BWA,GBR,847030
10535978,39,81,9172,2010,157982.0,0.0,0.752421,1.2208510000000001,CAN,GBR,847030
10535979,41,81,9172,2010,0.0,2010.0,2.1492080000000002,0.556424,CHE,GBR,847030
10535980,43,81,9172,2010,217120.0,12030.0,0.922493,2.0176,CHN,GBR,847030
10535981,46,81,9172,2010,0.0,36278.0,-1.465101,-1.139909,COD,GBR,847030
10535982,47,81,9172,2010,0.0,10997.0,-1.536434,-1.175338,COG,GBR,847030
10535983,58,81,9172,2010,0.0,1530.0,0.8776450000000001,0.568389,CYP,GBR,847030
10535984,59,81,9172,2010,0.0,2503.0,1.732044,0.333934,CZE,GBR,847030
10535985,61,81,9172,2010,64580.0,0.0,2.035672,-3.383322,DEU,GBR,847030
10535986,64,81,9172,2010,2491.0,0.0,1.082468,1.280759,DNK,GBR,847030
10535987,68,81,9172,2010,0.0,6822.0,-0.181826,1.409465,EGY,GBR,847030
10535988,71,81,9172,2010,0.0,6220.0,0.832619,2.448009,ESP,GBR,847030
10535989,73,81,9172,2010,0.0,16248.0,-1.122906,-0.840777,ETH,GBR,847030
10535990,74,81,9172,2010,0.0,6234.0,1.745464,0.897992,FIN,GBR,847030
10535991,77,81,9172,2010,0.0,57574.0,1.530027,-0.052557000000000006,FRA,GBR,847030
10535992,83,81,9172,2010,0.0,1069.0,-0.835003,-0.633731,GHA,GBR,847030
10535993,89,81,9172,2010,0.0,11309.0,-1.077402,-0.86556,GNQ,GBR,847030
10535994,90,81,9172,2010,0.0,60369.0,0.200249,1.4640090000000001,GRC,GBR,847030
10535995,97,81,9172,2010,213763.0,0.0,0.715745,1.9780259999999998,HKG,GBR,847030
10535996,106,81,9172,2010,1371.0,7623.0,1.371357,0.168795,IRL,GBR,847030
10535997,108,81,9172,2010,0.0,4019.0,-2.1439150000000002,-0.913227,IRQ,GBR,847030
10535998,109,81,9172,2010,0.0,3777.0,0.20822100000000002,-0.318294,ISL,GBR,847030
10535999,111,81,9172,2010,0.0,8954.0,1.272385,0.545721,ITA,GBR,847030
10536000,114,81,9172,2010,0.0,2152.0,2.459723,-0.279387,JPN,GBR,847030
10536001,116,81,9172,2010,0.0,2786.0,-0.387187,1.010443,KEN,GBR,847030
10536002,129,81,9172,2010,0.0,38562.0,-0.7534529999999999,-0.759605,LSO,GBR,847030
10536003,141,81,9172,2010,0.0,1366.0,-0.585496,-0.655841,MLI,GBR,847030
10536004,142,81,9172,2010,0.0,80617.0,1.211797,-0.024923,MLT,GBR,847030
10536005,147,81,9172,2010,0.0,177633.0,-1.479855,-1.070518,MOZ,GBR,847030
10536006,151,81,9172,2010,0.0,2236.0,-0.173542,0.103727,MUS,GBR,847030
10536007,152,81,9172,2010,0.0,43656.0,-0.821839,-0.9153870000000001,MWI,GBR,847030
10536008,162,81,9172,2010,1969.0,6581.0,1.237998,1.1891209999999999,NLD,GBR,847030
10536009,163,81,9172,2010,0.0,1076.0,0.865676,0.138757,NOR,GBR,847030
10536010,166,81,9172,2010,7521.0,0.0,0.36828299999999997,0.574574,NZL,GBR,847030
10536011,168,81,9172,2010,0.0,1100.0,-0.692071,0.5409010000000001,PAK,GBR,847030
10536012,179,81,9172,2010,0.0,6322.0,0.551149,2.437209,PRT,GBR,847030
10536013,183,81,9172,2010,0.0,954.0,-0.346143,-1.078192,QAT,GBR,847030
10536014,185,81,9172,2010,0.0,18002.0,0.6483760000000001,1.200256,ROU,GBR,847030
10536015,186,81,9172,2010,0.0,16554.0,0.583996,-0.223881,RUS,GBR,847030
10536016,188,81,9172,2010,0.0,12462.0,0.46696400000000005,-0.7487520000000001,SAU,GBR,847030
10536017,190,81,9172,2010,0.0,4330.0,-1.9094669999999998,-1.271065,SDN,GBR,847030
10536018,191,81,9172,2010,0.0,42761.0,-0.45445,-0.148149,SEN,GBR,847030
10536019,206,81,9172,2010,0.0,14891.0,1.278601,0.726907,SVK,GBR,847030
10536020,208,81,9172,2010,0.0,43218.0,1.882239,0.397927,SWE,GBR,847030
10536021,231,81,9172,2010,33743.0,2317.0,1.67573,-0.598165,USA,GBR,847030
10536022,246,81,9172,2010,0.0,80953.0,0.327326,1.513598,ZAF,GBR,847030
10536023,247,81,9172,2010,0.0,144947.0,-0.650686,-0.830332,ZMB,GBR,847030
10536024,248,81,9172,2010,0.0,139616.0,-0.869909,-0.8233309999999999,ZWE,GBR,847030
10536025,15,90,9172,2010,8839.0,314275.0,1.724315,-0.29379099999999997,AUT,GRC,847030
10536026,18,90,9172,2010,16045.0,0.0,1.2224270000000002,1.1276,BEL,GRC,847030
10536027,23,90,9172,2010,38408.0,6483.0,0.44973,1.445441,BGR,GRC,847030
10536028,43,90,9172,2010,36812.0,57841.0,0.922493,2.0176,CHN,GRC,847030
10536029,58,90,9172,2010,12180.0,224401.0,0.8776450000000001,0.568389,CYP,GRC,847030
10536030,59,90,9172,2010,1348.0,0.0,1.732044,0.333934,CZE,GRC,847030
10536031,61,90,9172,2010,225049.0,1447.0,2.035672,-3.383322,DEU,GRC,847030
10536032,77,90,9172,2010,7749.0,0.0,1.530027,-0.052557000000000006,FRA,GRC,847030
10536033,81,90,9172,2010,60369.0,0.0,1.828224,0.386383,GBR,GRC,847030
10536034,111,90,9172,2010,36789.0,0.0,1.272385,0.545721,ITA,GRC,847030
10536035,121,90,9172,2010,10196.0,0.0,1.7118849999999999,0.762362,KOR,GRC,847030
10536036,132,90,9172,2010,2088.0,0.0,0.6158170000000001,1.1401059999999998,LVA,GRC,847030
10536037,162,90,9172,2010,56699.0,0.0,1.237998,1.1891209999999999,NLD,GRC,847030
10536038,207,90,9172,2010,0.0,1729.0,1.595473,0.7023020000000001,SVN,GRC,847030
10536039,43,93,9172,2010,90431.0,0.0,0.922493,2.0176,CHN,GTM,847030
10536040,99,93,9172,2010,0.0,17836.0,-0.569501,-0.153122,HND,GTM,847030
10536041,160,93,9172,2010,0.0,19371.0,-0.9387409999999999,-0.8119569999999999,NIC,GTM,847030
10536042,169,93,9172,2010,1969.0,4405.0,0.617867,0.903432,PAN,GTM,847030
10536043,197,93,9172,2010,0.0,14667.0,-0.101434,0.132639,SLV,GTM,847030
10536044,231,93,9172,2010,7963.0,0.0,1.67573,-0.598165,USA,GTM,847030
10536045,43,96,9172,2010,3768.0,0.0,0.922493,2.0176,CHN,GUY,847030
10536046,169,96,9172,2010,2363.0,0.0,0.617867,0.903432,PAN,GUY,847030
10536047,231,96,9172,2010,1750.0,0.0,1.67573,-0.598165,USA,GUY,847030
10536048,14,97,9172,2010,98566.0,2418.0,-0.276442,0.062023,AUS,HKG,847030
10536049,39,97,9172,2010,43911.0,50633.0,0.752421,1.2208510000000001,CAN,HKG,847030
10536050,43,97,9172,2010,211662.0,0.0,0.922493,2.0176,CHN,HKG,847030
10536051,67,97,9172,2010,0.0,25821.0,-0.584013,-0.743675,ECU,HKG,847030
10536052,74,97,9172,2010,0.0,7334.0,1.745464,0.897992,FIN,HKG,847030
10536053,77,97,9172,2010,0.0,49118.0,1.530027,-0.052557000000000006,FRA,HKG,847030
10536054,81,97,9172,2010,0.0,213763.0,1.828224,0.386383,GBR,HKG,847030
10536055,103,97,9172,2010,0.0,360550.0,-0.30878099999999997,1.07069,IDN,HKG,847030
10536056,112,97,9172,2010,0.0,2714.0,0.041471,-0.367177,JAM,HKG,847030
10536057,119,97,9172,2010,0.0,713.0,0.252151,-0.727326,KIR,HKG,847030
10536058,128,97,9172,2010,0.0,7893.0,-0.70886,0.25216700000000003,LKA,HKG,847030
10536059,133,97,9172,2010,0.0,1248.0,0.545755,0.492997,MAC,HKG,847030
10536060,134,97,9172,2010,0.0,1708.0,-0.5935229999999999,-0.056497000000000006,MAR,HKG,847030
10536061,147,97,9172,2010,0.0,2448.0,-1.479855,-1.070518,MOZ,HKG,847030
10536062,151,97,9172,2010,0.0,5109.0,-0.173542,0.103727,MUS,HKG,847030
10536063,153,97,9172,2010,122795.0,151185.0,0.9530780000000001,0.607456,MYS,HKG,847030
10536064,169,97,9172,2010,0.0,23358.0,0.617867,0.903432,PAN,HKG,847030
10536065,174,97,9172,2010,0.0,1281.0,0.40418899999999996,0.102497,PHL,HKG,847030
10536066,179,97,9172,2010,0.0,2235.0,0.551149,2.437209,PRT,HKG,847030
10536067,183,97,9172,2010,0.0,837.0,-0.346143,-1.078192,QAT,HKG,847030
10536068,206,97,9172,2010,0.0,1236.0,1.278601,0.726907,SVK,HKG,847030
10536069,216,97,9172,2010,0.0,19412.0,0.748328,1.425224,THA,HKG,847030
10536070,230,97,9172,2010,0.0,14366.0,0.217246,-0.079733,URY,HKG,847030
10536071,231,97,9172,2010,31724.0,5977.0,1.67573,-0.598165,USA,HKG,847030
10536072,236,97,9172,2010,0.0,913.0,-0.660844,-1.145133,VEN,HKG,847030
10536073,246,97,9172,2010,0.0,33040.0,0.327326,1.513598,ZAF,HKG,847030
10536074,247,97,9172,2010,0.0,1610.0,-0.650686,-0.830332,ZMB,HKG,847030
10536075,248,97,9172,2010,0.0,937.0,-0.869909,-0.8233309999999999,ZWE,HKG,847030
10536076,249,97,9172,2010,1475.0,0.0,1.766729,0.909335,TWN,HKG,847030
10536077,43,99,9172,2010,154683.0,0.0,0.922493,2.0176,CHN,HND,847030
10536078,93,99,9172,2010,17836.0,0.0,-0.39034,0.743521,GTM,HND,847030
10536079,114,99,9172,2010,2065.0,0.0,2.459723,-0.279387,JPN,HND,847030
10536080,231,99,9172,2010,58012.0,0.0,1.67573,-0.598165,USA,HND,847030
10536081,250,99,9172,2010,29716.0,0.0,0.45129600000000003,-0.223517,ANS,HND,847030
10536082,43,103,9172,2010,479230.0,0.0,0.922493,2.0176,CHN,IDN,847030
10536083,97,103,9172,2010,360550.0,0.0,0.715745,1.9780259999999998,HKG,IDN,847030
10536084,122,103,9172,2010,0.0,1130.0,0.067373,-1.0822120000000002,KWT,IDN,847030
10536085,143,103,9172,2010,0.0,2168.0,-1.480389,-1.075842,MMR,IDN,847030
10536086,153,103,9172,2010,52329.0,0.0,0.9530780000000001,0.607456,MYS,IDN,847030
10536087,156,103,9172,2010,1028.0,0.0,-0.42193500000000006,-0.8256610000000001,NCL,IDN,847030
10536088,183,103,9172,2010,0.0,603.0,-0.346143,-1.078192,QAT,IDN,847030
10536089,188,103,9172,2010,0.0,524461.0,0.46696400000000005,-0.7487520000000001,SAU,IDN,847030
10536090,192,103,9172,2010,56891.0,0.0,1.8441349999999999,0.570311,SGP,IDN,847030
10536091,216,103,9172,2010,1959.0,19215.0,0.748328,1.425224,THA,IDN,847030
10536092,220,103,9172,2010,0.0,7948.0,0.6633789999999999,-0.606204,TLS,IDN,847030
10536093,249,103,9172,2010,80007.0,0.0,1.766729,0.909335,TWN,IDN,847030
10536094,7,104,9172,2010,2192.0,17764.0,0.29457,-0.196371,ARE,IND,847030
10536095,14,104,9172,2010,3869.0,0.0,-0.276442,0.062023,AUS,IND,847030
10536096,35,104,9172,2010,0.0,8583.0,-0.10866300000000001,-0.5950270000000001,BTN,IND,847030
10536097,39,104,9172,2010,13461.0,0.0,0.752421,1.2208510000000001,CAN,IND,847030
10536098,43,104,9172,2010,1154481.0,0.0,0.922493,2.0176,CHN,IND,847030
10536099,61,104,9172,2010,3095.0,3165.0,2.035672,-3.383322,DEU,IND,847030
10536100,75,104,9172,2010,0.0,2143.0,-0.603112,-0.29135500000000003,FJI,IND,847030
10536101,132,104,9172,2010,0.0,1965.0,0.6158170000000001,1.1401059999999998,LVA,IND,847030
10536102,134,104,9172,2010,0.0,16550.0,-0.5935229999999999,-0.056497000000000006,MAR,IND,847030
10536103,151,104,9172,2010,0.0,4648.0,-0.173542,0.103727,MUS,IND,847030
10536104,153,104,9172,2010,9759.0,0.0,0.9530780000000001,0.607456,MYS,IND,847030
10536105,164,104,9172,2010,0.0,14339.0,-0.23753400000000002,0.7957390000000001,NPL,IND,847030
10536106,190,104,9172,2010,0.0,2666.0,-1.9094669999999998,-1.271065,SDN,IND,847030
10536107,231,104,9172,2010,3844.0,69476.0,1.67573,-0.598165,USA,IND,847030
10536108,243,104,9172,2010,0.0,8741.0,-1.360851,-1.208826,YEM,IND,847030
10536109,249,104,9172,2010,17324.0,0.0,1.766729,0.909335,TWN,IND,847030
10536110,7,107,9172,2010,423304.0,0.0,0.29457,-0.196371,ARE,IRN,847030
10536111,15,107,9172,2010,179812.0,0.0,1.724315,-0.29379099999999997,AUT,IRN,847030
10536112,43,107,9172,2010,232187.0,0.0,0.922493,2.0176,CHN,IRN,847030
10536113,167,107,9172,2010,8550.0,0.0,-0.487612,-0.9551379999999999,OMN,IRN,847030
10536114,192,107,9172,2010,1165.0,0.0,1.8441349999999999,0.570311,SGP,IRN,847030
10536115,2,110,9172,2010,0.0,3860.0,-1.3711010000000001,-1.170608,AGO,ISR,847030
10536116,39,110,9172,2010,0.0,1881.0,0.752421,1.2208510000000001,CAN,ISR,847030
10536117,43,110,9172,2010,30734.0,0.0,0.922493,2.0176,CHN,ISR,847030
10536118,47,110,9172,2010,0.0,1952.0,-1.536434,-1.175338,COG,ISR,847030
10536119,61,110,9172,2010,0.0,101307.0,2.035672,-3.383322,DEU,ISR,847030
10536120,111,110,9172,2010,1960.0,0.0,1.272385,0.545721,ITA,ISR,847030
10536121,114,110,9172,2010,14253.0,0.0,2.459723,-0.279387,JPN,ISR,847030
10536122,121,110,9172,2010,1911.0,0.0,1.7118849999999999,0.762362,KOR,ISR,847030
10536123,162,110,9172,2010,2396.0,0.0,1.237998,1.1891209999999999,NLD,ISR,847030
10536124,208,110,9172,2010,0.0,11380.0,1.882239,0.397927,SWE,ISR,847030
10536125,224,110,9172,2010,0.0,1110.0,0.359977,2.471173,TUR,ISR,847030
10536126,227,110,9172,2010,0.0,3302.0,-0.48061400000000004,0.187001,UGA,ISR,847030
10536127,231,110,9172,2010,7719.0,0.0,1.67573,-0.598165,USA,ISR,847030
10536128,246,110,9172,2010,0.0,5227.0,0.327326,1.513598,ZAF,ISR,847030
10536129,4,111,9172,2010,0.0,11416.0,-0.5316,-0.219561,ALB,ITA,847030
10536130,15,111,9172,2010,1445.0,244346.0,1.724315,-0.29379099999999997,AUT,ITA,847030
10536131,23,111,9172,2010,0.0,30985.0,0.44973,1.445441,BGR,ITA,847030
10536132,26,111,9172,2010,0.0,2195.0,0.462275,0.830405,BIH,ITA,847030
10536133,41,111,9172,2010,1380.0,9781.0,2.1492080000000002,0.556424,CHE,ITA,847030
10536134,43,111,9172,2010,231004.0,0.0,0.922493,2.0176,CHN,ITA,847030
10536135,61,111,9172,2010,25713.0,7982.0,2.035672,-3.383322,DEU,ITA,847030
10536136,71,111,9172,2010,5398.0,1603.0,0.832619,2.448009,ESP,ITA,847030
10536137,77,111,9172,2010,17060.0,3165.0,1.530027,-0.052557000000000006,FRA,ITA,847030
10536138,81,111,9172,2010,8954.0,0.0,1.828224,0.386383,GBR,ITA,847030
10536139,90,111,9172,2010,0.0,36789.0,0.200249,1.4640090000000001,GRC,ITA,847030
10536140,106,111,9172,2010,3999.0,0.0,1.371357,0.168795,IRL,ITA,847030
10536141,110,111,9172,2010,0.0,1960.0,1.215834,0.7028340000000001,ISR,ITA,847030
10536142,162,111,9172,2010,10518.0,0.0,1.237998,1.1891209999999999,NLD,ITA,847030
10536143,185,111,9172,2010,0.0,150839.0,0.6483760000000001,1.200256,ROU,ITA,847030
10536144,207,111,9172,2010,0.0,1796.0,1.595473,0.7023020000000001,SVN,ITA,847030
10536145,208,111,9172,2010,0.0,7209.0,1.882239,0.397927,SWE,ITA,847030
10536146,224,111,9172,2010,0.0,26732.0,0.359977,2.471173,TUR,ITA,847030
10536147,231,111,9172,2010,8989.0,0.0,1.67573,-0.598165,USA,ITA,847030
10536148,39,112,9172,2010,1462.0,0.0,0.752421,1.2208510000000001,CAN,JAM,847030
10536149,43,112,9172,2010,5525.0,0.0,0.922493,2.0176,CHN,JAM,847030
10536150,97,112,9172,2010,2714.0,0.0,0.715745,1.9780259999999998,HKG,JAM,847030
10536151,169,112,9172,2010,3506.0,0.0,0.617867,0.903432,PAN,JAM,847030
10536152,231,112,9172,2010,193183.0,0.0,1.67573,-0.598165,USA,JAM,847030
10536153,14,114,9172,2010,0.0,6489.0,-0.276442,0.062023,AUS,JPN,847030
10536154,31,114,9172,2010,0.0,3057.0,-0.83736,-0.812473,BOL,JPN,847030
10536155,39,114,9172,2010,34759.0,0.0,0.752421,1.2208510000000001,CAN,JPN,847030
10536156,42,114,9172,2010,0.0,1026.0,-0.34914,-0.459395,CHL,JPN,847030
10536157,43,114,9172,2010,0.0,12136.0,0.922493,2.0176,CHN,JPN,847030
10536158,74,114,9172,2010,0.0,12729.0,1.745464,0.897992,FIN,JPN,847030
10536159,81,114,9172,2010,2152.0,0.0,1.828224,0.386383,GBR,JPN,847030
10536160,99,114,9172,2010,0.0,2065.0,-0.569501,-0.153122,HND,JPN,847030
10536161,110,114,9172,2010,0.0,14253.0,1.215834,0.7028340000000001,ISR,JPN,847030
10536162,116,114,9172,2010,0.0,7044.0,-0.387187,1.010443,KEN,JPN,847030
10536163,117,114,9172,2010,0.0,88846.0,-0.48426400000000003,-0.169443,KGZ,JPN,847030
10536164,121,114,9172,2010,40099.0,7888.0,1.7118849999999999,0.762362,KOR,JPN,847030
10536165,128,114,9172,2010,0.0,50333.0,-0.70886,0.25216700000000003,LKA,JPN,847030
10536166,131,114,9172,2010,0.0,3906.0,1.272127,1.1051520000000001,LUX,JPN,847030
10536167,142,114,9172,2010,0.0,5765.0,1.211797,-0.024923,MLT,JPN,847030
10536168,153,114,9172,2010,0.0,45509.0,0.9530780000000001,0.607456,MYS,JPN,847030
10536169,163,114,9172,2010,0.0,1835.0,0.865676,0.138757,NOR,JPN,847030
10536170,183,114,9172,2010,0.0,136671.0,-0.346143,-1.078192,QAT,JPN,847030
10536171,207,114,9172,2010,0.0,3058.0,1.595473,0.7023020000000001,SVN,JPN,847030
10536172,216,114,9172,2010,0.0,10088.0,0.748328,1.425224,THA,JPN,847030
10536173,231,114,9172,2010,5452.0,0.0,1.67573,-0.598165,USA,JPN,847030
10536174,239,114,9172,2010,0.0,1852.0,-0.24660500000000002,1.427235,VNM,JPN,847030
10536175,249,114,9172,2010,6580.0,9452.0,1.766729,0.909335,TWN,JPN,847030
10536176,43,121,9172,2010,115926.0,17529.0,0.922493,2.0176,CHN,KOR,847030
10536177,61,121,9172,2010,34418.0,0.0,2.035672,-3.383322,DEU,KOR,847030
10536178,77,121,9172,2010,0.0,10484.0,1.530027,-0.052557000000000006,FRA,KOR,847030
10536179,90,121,9172,2010,0.0,10196.0,0.200249,1.4640090000000001,GRC,KOR,847030
10536180,110,121,9172,2010,0.0,1911.0,1.215834,0.7028340000000001,ISR,KOR,847030
10536181,114,121,9172,2010,7888.0,40099.0,2.459723,-0.279387,JPN,KOR,847030
10536182,117,121,9172,2010,0.0,19013.0,-0.48426400000000003,-0.169443,KGZ,KOR,847030
10536183,118,121,9172,2010,0.0,1510.0,-1.158906,-1.019906,KHM,KOR,847030
10536184,122,121,9172,2010,0.0,2116.0,0.067373,-1.0822120000000002,KWT,KOR,847030
10536185,190,121,9172,2010,0.0,4979.0,-1.9094669999999998,-1.271065,SDN,KOR,847030
10536186,226,121,9172,2010,0.0,12741.0,-0.7327,0.427616,TZA,KOR,847030
10536187,231,121,9172,2010,480967.0,18483.0,1.67573,-0.598165,USA,KOR,847030
10536188,239,121,9172,2010,0.0,1355.0,-0.24660500000000002,1.427235,VNM,KOR,847030
10536189,246,121,9172,2010,0.0,1551.0,0.327326,1.513598,ZAF,KOR,847030
10536190,43,128,9172,2010,11038.0,0.0,0.922493,2.0176,CHN,LKA,847030
10536191,97,128,9172,2010,7893.0,0.0,0.715745,1.9780259999999998,HKG,LKA,847030
10536192,114,128,9172,2010,50333.0,0.0,2.459723,-0.279387,JPN,LKA,847030
10536193,192,128,9172,2010,1687.0,0.0,1.8441349999999999,0.570311,SGP,LKA,847030
10536194,231,128,9172,2010,18497.0,0.0,1.67573,-0.598165,USA,LKA,847030
10536195,39,138,9172,2010,0.0,15898.0,0.752421,1.2208510000000001,CAN,MEX,847030
10536196,43,138,9172,2010,188782.0,0.0,0.922493,2.0176,CHN,MEX,847030
10536197,71,138,9172,2010,457404.0,0.0,0.832619,2.448009,ESP,MEX,847030
10536198,77,138,9172,2010,3807.0,0.0,1.530027,-0.052557000000000006,FRA,MEX,847030
10536199,153,138,9172,2010,1825.0,0.0,0.9530780000000001,0.607456,MYS,MEX,847030
10536200,231,138,9172,2010,135830.0,0.0,1.67573,-0.598165,USA,MEX,847030
10536201,14,153,9172,2010,4131.0,0.0,-0.276442,0.062023,AUS,MYS,847030
10536202,39,153,9172,2010,0.0,8903.0,0.752421,1.2208510000000001,CAN,MYS,847030
10536203,43,153,9172,2010,1249939.0,0.0,0.922493,2.0176,CHN,MYS,847030
10536204,52,153,9172,2010,0.0,1629.0,-0.122722,-0.7062069999999999,CRI,MYS,847030
10536205,65,153,9172,2010,0.0,6545.0,-0.245241,0.368626,DOM,MYS,847030
10536206,68,153,9172,2010,0.0,2988.0,-0.181826,1.409465,EGY,MYS,847030
10536207,97,153,9172,2010,151185.0,122795.0,0.715745,1.9780259999999998,HKG,MYS,847030
10536208,103,153,9172,2010,0.0,52329.0,-0.30878099999999997,1.07069,IDN,MYS,847030
10536209,104,153,9172,2010,0.0,9759.0,0.14485599999999998,2.408913,IND,MYS,847030
10536210,114,153,9172,2010,45509.0,0.0,2.459723,-0.279387,JPN,MYS,847030
10536211,117,153,9172,2010,0.0,5994.0,-0.48426400000000003,-0.169443,KGZ,MYS,847030
10536212,118,153,9172,2010,0.0,1482.0,-1.158906,-1.019906,KHM,MYS,847030
10536213,138,153,9172,2010,0.0,1825.0,1.132664,0.675756,MEX,MYS,847030
10536214,144,153,9172,2010,0.0,1257.0,0.266397,-0.02502,MNE,MYS,847030
10536215,192,153,9172,2010,15645.0,2074127.0,1.8441349999999999,0.570311,SGP,MYS,847030
10536216,212,153,9172,2010,0.0,1156.0,-0.46833800000000003,1.11952,SYR,MYS,847030
10536217,216,153,9172,2010,1787.0,23539.0,0.748328,1.425224,THA,MYS,847030
10536218,224,153,9172,2010,0.0,1374.0,0.359977,2.471173,TUR,MYS,847030
10536219,0,162,9172,2010,0.0,9237.0,0.9906219999999999,0.159993,ABW,NLD,847030
10536220,6,162,9172,2010,0.0,1326.0,-0.08593200000000001,-0.691395,ANT,NLD,847030
10536221,18,162,9172,2010,2650.0,66490.0,1.2224270000000002,1.1276,BEL,NLD,847030
10536222,41,162,9172,2010,0.0,5676.0,2.1492080000000002,0.556424,CHE,NLD,847030
10536223,43,162,9172,2010,92518.0,0.0,0.922493,2.0176,CHN,NLD,847030
10536224,61,162,9172,2010,624316.0,12126.0,2.035672,-3.383322,DEU,NLD,847030
10536225,64,162,9172,2010,987.0,0.0,1.082468,1.280759,DNK,NLD,847030
10536226,68,162,9172,2010,0.0,16397.0,-0.181826,1.409465,EGY,NLD,847030
10536227,71,162,9172,2010,0.0,1325.0,0.832619,2.448009,ESP,NLD,847030
10536228,77,162,9172,2010,50391.0,103656.0,1.530027,-0.052557000000000006,FRA,NLD,847030
10536229,81,162,9172,2010,6581.0,1969.0,1.828224,0.386383,GBR,NLD,847030
10536230,90,162,9172,2010,0.0,56699.0,0.200249,1.4640090000000001,GRC,NLD,847030
10536231,106,162,9172,2010,1324.0,0.0,1.371357,0.168795,IRL,NLD,847030
10536232,110,162,9172,2010,0.0,2396.0,1.215834,0.7028340000000001,ISR,NLD,847030
10536233,111,162,9172,2010,0.0,10518.0,1.272385,0.545721,ITA,NLD,847030
10536234,122,162,9172,2010,0.0,35563.0,0.067373,-1.0822120000000002,KWT,NLD,847030
10536235,131,162,9172,2010,0.0,69873.0,1.272127,1.1051520000000001,LUX,NLD,847030
10536236,132,162,9172,2010,940.0,0.0,0.6158170000000001,1.1401059999999998,LVA,NLD,847030
10536237,147,162,9172,2010,0.0,5753.0,-1.479855,-1.070518,MOZ,NLD,847030
10536238,177,162,9172,2010,0.0,124788.0,1.083552,1.1433719999999998,POL,NLD,847030
10536239,179,162,9172,2010,0.0,31619.0,0.551149,2.437209,PRT,NLD,847030
10536240,185,162,9172,2010,0.0,9659.0,0.6483760000000001,1.200256,ROU,NLD,847030
10536241,186,162,9172,2010,0.0,768732.0,0.583996,-0.223881,RUS,NLD,847030
10536242,206,162,9172,2010,0.0,17730.0,1.278601,0.726907,SVK,NLD,847030
10536243,231,162,9172,2010,11544.0,0.0,1.67573,-0.598165,USA,NLD,847030
10536244,247,162,9172,2010,0.0,832.0,-0.650686,-0.830332,ZMB,NLD,847030
10536245,14,166,9172,2010,34163.0,11858.0,-0.276442,0.062023,AUS,NZL,847030
10536246,43,166,9172,2010,6974.0,0.0,0.922493,2.0176,CHN,NZL,847030
10536247,81,166,9172,2010,0.0,7521.0,1.828224,0.386383,GBR,NZL,847030
10536248,102,166,9172,2010,13319.0,0.0,1.514225,0.740341,HUN,NZL,847030
10536249,106,166,9172,2010,60835.0,0.0,1.371357,0.168795,IRL,NZL,847030
10536250,221,166,9172,2010,0.0,3297.0,-0.650658,-0.774469,TON,NZL,847030
10536251,231,166,9172,2010,139563.0,0.0,1.67573,-0.598165,USA,NZL,847030
10536252,242,166,9172,2010,0.0,997.0,1.236381,0.276124,WSM,NZL,847030
10536253,0,169,9172,2010,0.0,2333.0,0.9906219999999999,0.159993,ABW,PAN,847030
10536254,43,169,9172,2010,3231.0,0.0,0.922493,2.0176,CHN,PAN,847030
10536255,49,169,9172,2010,0.0,638.0,0.097222,-0.064328,COL,PAN,847030
10536256,52,169,9172,2010,1421.0,2341.0,-0.122722,-0.7062069999999999,CRI,PAN,847030
10536257,54,169,9172,2010,0.0,8759.0,-0.085462,-0.885019,CUB,PAN,847030
10536258,67,169,9172,2010,0.0,505083.0,-0.584013,-0.743675,ECU,PAN,847030
10536259,93,169,9172,2010,4405.0,1969.0,-0.39034,0.743521,GTM,PAN,847030
10536260,96,169,9172,2010,0.0,2363.0,-1.020217,-1.0231569999999999,GUY,PAN,847030
10536261,97,169,9172,2010,23358.0,0.0,0.715745,1.9780259999999998,HKG,PAN,847030
10536262,112,169,9172,2010,0.0,3506.0,0.041471,-0.367177,JAM,PAN,847030
10536263,127,169,9172,2010,0.0,3992.0,0.446162,-0.279229,LCA,PAN,847030
10536264,160,169,9172,2010,0.0,831.0,-0.9387409999999999,-0.8119569999999999,NIC,PAN,847030
10536265,231,169,9172,2010,12458.0,0.0,1.67573,-0.598165,USA,PAN,847030
10536266,236,169,9172,2010,0.0,40348.0,-0.660844,-1.145133,VEN,PAN,847030
10536267,43,174,9172,2010,98985.0,0.0,0.922493,2.0176,CHN,PHL,847030
10536268,95,174,9172,2010,0.0,1622.0,0.726384,0.182999,GUM,PHL,847030
10536269,97,174,9172,2010,1281.0,0.0,0.715745,1.9780259999999998,HKG,PHL,847030
10536270,192,174,9172,2010,82354.0,0.0,1.8441349999999999,0.570311,SGP,PHL,847030
10536271,231,174,9172,2010,9010.0,0.0,1.67573,-0.598165,USA,PHL,847030
10536272,43,177,9172,2010,14246.0,0.0,0.922493,2.0176,CHN,POL,847030
10536273,77,177,9172,2010,1372.0,0.0,1.530027,-0.052557000000000006,FRA,POL,847030
10536274,132,177,9172,2010,1637.0,0.0,0.6158170000000001,1.1401059999999998,LVA,POL,847030
10536275,162,177,9172,2010,124788.0,0.0,1.237998,1.1891209999999999,NLD,POL,847030
10536276,185,177,9172,2010,0.0,12151.0,0.6483760000000001,1.200256,ROU,POL,847030
10536277,206,177,9172,2010,0.0,2946.0,1.278601,0.726907,SVK,POL,847030
10536278,208,177,9172,2010,0.0,1354.0,1.882239,0.397927,SWE,POL,847030
10536279,2,179,9172,2010,0.0,124700.0,-1.3711010000000001,-1.170608,AGO,PRT,847030
10536280,43,179,9172,2010,9605.0,119972.0,0.922493,2.0176,CHN,PRT,847030
10536281,51,179,9172,2010,0.0,15705.0,0.140658,-0.527468,CPV,PRT,847030
10536282,71,179,9172,2010,8908.0,11405.0,0.832619,2.448009,ESP,PRT,847030
10536283,77,179,9172,2010,3251.0,0.0,1.530027,-0.052557000000000006,FRA,PRT,847030
10536284,81,179,9172,2010,6322.0,0.0,1.828224,0.386383,GBR,PRT,847030
10536285,97,179,9172,2010,2235.0,0.0,0.715745,1.9780259999999998,HKG,PRT,847030
10536286,131,179,9172,2010,1207.0,0.0,1.272127,1.1051520000000001,LUX,PRT,847030
10536287,162,179,9172,2010,31619.0,0.0,1.237998,1.1891209999999999,NLD,PRT,847030
10536288,203,179,9172,2010,0.0,2851.0,0.676596,-0.145275,STP,PRT,847030
10536289,43,180,9172,2010,124505.0,0.0,0.922493,2.0176,CHN,PRY,847030
10536290,231,180,9172,2010,420891.0,0.0,1.67573,-0.598165,USA,PRY,847030
10536291,14,183,9172,2010,1458.0,0.0,-0.276442,0.062023,AUS,QAT,847030
10536292,43,183,9172,2010,310600.0,0.0,0.922493,2.0176,CHN,QAT,847030
10536293,81,183,9172,2010,954.0,0.0,1.828224,0.386383,GBR,QAT,847030
10536294,97,183,9172,2010,837.0,0.0,0.715745,1.9780259999999998,HKG,QAT,847030
10536295,103,183,9172,2010,603.0,0.0,-0.30878099999999997,1.07069,IDN,QAT,847030
10536296,114,183,9172,2010,136671.0,0.0,2.459723,-0.279387,JPN,QAT,847030
10536297,216,183,9172,2010,5895.0,0.0,0.748328,1.425224,THA,QAT,847030
10536298,231,183,9172,2010,8809.0,0.0,1.67573,-0.598165,USA,QAT,847030
10536299,43,188,9172,2010,4728632.0,0.0,0.922493,2.0176,CHN,SAU,847030
10536300,81,188,9172,2010,12462.0,0.0,1.828224,0.386383,GBR,SAU,847030
10536301,103,188,9172,2010,524461.0,0.0,-0.30878099999999997,1.07069,IDN,SAU,847030
10536302,216,188,9172,2010,944343.0,0.0,0.748328,1.425224,THA,SAU,847030
10536303,231,188,9172,2010,257744.0,0.0,1.67573,-0.598165,USA,SAU,847030
10536304,249,188,9172,2010,27081.0,0.0,1.766729,0.909335,TWN,SAU,847030
10536305,7,190,9172,2010,16528.0,0.0,0.29457,-0.196371,ARE,SDN,847030
10536306,14,190,9172,2010,4023.0,0.0,-0.276442,0.062023,AUS,SDN,847030
10536307,43,190,9172,2010,76958.0,0.0,0.922493,2.0176,CHN,SDN,847030
10536308,61,190,9172,2010,530655.0,0.0,2.035672,-3.383322,DEU,SDN,847030
10536309,68,190,9172,2010,10826.0,0.0,-0.181826,1.409465,EGY,SDN,847030
10536310,81,190,9172,2010,4330.0,0.0,1.828224,0.386383,GBR,SDN,847030
10536311,104,190,9172,2010,2666.0,0.0,0.14485599999999998,2.408913,IND,SDN,847030
10536312,121,190,9172,2010,4979.0,0.0,1.7118849999999999,0.762362,KOR,SDN,847030
10536313,43,197,9172,2010,2276.0,0.0,0.922493,2.0176,CHN,SLV,847030
10536314,93,197,9172,2010,14667.0,0.0,-0.39034,0.743521,GTM,SLV,847030
10536315,231,197,9172,2010,14519.0,0.0,1.67573,-0.598165,USA,SLV,847030
10536316,7,203,9172,2010,1197.0,0.0,0.29457,-0.196371,ARE,STP,847030
10536317,179,203,9172,2010,2851.0,0.0,0.551149,2.437209,PRT,STP,847030
10536318,43,205,9172,2010,1264.0,0.0,0.922493,2.0176,CHN,SUR,847030
10536319,15,206,9172,2010,21795.0,6163.0,1.724315,-0.29379099999999997,AUT,SVK,847030
10536320,43,206,9172,2010,1346.0,0.0,0.922493,2.0176,CHN,SVK,847030
10536321,59,206,9172,2010,15150.0,1525626.0,1.732044,0.333934,CZE,SVK,847030
10536322,61,206,9172,2010,3420.0,0.0,2.035672,-3.383322,DEU,SVK,847030
10536323,81,206,9172,2010,14891.0,0.0,1.828224,0.386383,GBR,SVK,847030
10536324,97,206,9172,2010,1236.0,0.0,0.715745,1.9780259999999998,HKG,SVK,847030
10536325,102,206,9172,2010,50118.0,21375.0,1.514225,0.740341,HUN,SVK,847030
10536326,122,206,9172,2010,0.0,1046.0,0.067373,-1.0822120000000002,KWT,SVK,847030
10536327,162,206,9172,2010,17730.0,0.0,1.237998,1.1891209999999999,NLD,SVK,847030
10536328,177,206,9172,2010,2946.0,0.0,1.083552,1.1433719999999998,POL,SVK,847030
10536329,185,206,9172,2010,0.0,24979.0,0.6483760000000001,1.200256,ROU,SVK,847030
10536330,207,206,9172,2010,0.0,1071.0,1.595473,0.7023020000000001,SVN,SVK,847030
10536331,250,206,9172,2010,791757.0,0.0,0.45129600000000003,-0.223517,ANS,SVK,847030
10536332,15,207,9172,2010,1887.0,0.0,1.724315,-0.29379099999999997,AUT,SVN,847030
10536333,61,207,9172,2010,6495.0,0.0,2.035672,-3.383322,DEU,SVN,847030
10536334,90,207,9172,2010,1729.0,0.0,0.200249,1.4640090000000001,GRC,SVN,847030
10536335,100,207,9172,2010,0.0,1779.0,0.8276979999999999,0.97415,HRV,SVN,847030
10536336,111,207,9172,2010,1796.0,0.0,1.272385,0.545721,ITA,SVN,847030
10536337,114,207,9172,2010,3058.0,0.0,2.459723,-0.279387,JPN,SVN,847030
10536338,132,207,9172,2010,778.0,0.0,0.6158170000000001,1.1401059999999998,LVA,SVN,847030
10536339,206,207,9172,2010,1071.0,0.0,1.278601,0.726907,SVK,SVN,847030
10536340,14,208,9172,2010,5293.0,0.0,-0.276442,0.062023,AUS,SWE,847030
10536341,41,208,9172,2010,0.0,1453.0,2.1492080000000002,0.556424,CHE,SWE,847030
10536342,43,208,9172,2010,50375.0,0.0,0.922493,2.0176,CHN,SWE,847030
10536343,61,208,9172,2010,1639.0,0.0,2.035672,-3.383322,DEU,SWE,847030
10536344,64,208,9172,2010,15605.0,5073.0,1.082468,1.280759,DNK,SWE,847030
10536345,74,208,9172,2010,0.0,8824.0,1.745464,0.897992,FIN,SWE,847030
10536346,78,208,9172,2010,0.0,8790.0,-1.158567,-0.99413,FRO,SWE,847030
10536347,81,208,9172,2010,43218.0,0.0,1.828224,0.386383,GBR,SWE,847030
10536348,110,208,9172,2010,11380.0,0.0,1.215834,0.7028340000000001,ISR,SWE,847030
10536349,111,208,9172,2010,7209.0,0.0,1.272385,0.545721,ITA,SWE,847030
10536350,163,208,9172,2010,0.0,12753.0,0.865676,0.138757,NOR,SWE,847030
10536351,177,208,9172,2010,1354.0,0.0,1.083552,1.1433719999999998,POL,SWE,847030
10536352,231,208,9172,2010,52443.0,6059.0,1.67573,-0.598165,USA,SWE,847030
10536353,249,208,9172,2010,5834.0,0.0,1.766729,0.909335,TWN,SWE,847030
10536354,43,212,9172,2010,77817.0,0.0,0.922493,2.0176,CHN,SYR,847030
10536355,153,212,9172,2010,1156.0,0.0,0.9530780000000001,0.607456,MYS,SYR,847030
10536356,249,212,9172,2010,3747.0,0.0,1.766729,0.909335,TWN,SYR,847030
10536357,14,216,9172,2010,0.0,2495.0,-0.276442,0.062023,AUS,THA,847030
10536358,43,216,9172,2010,87925.0,0.0,0.922493,2.0176,CHN,THA,847030
10536359,61,216,9172,2010,2474.0,0.0,2.035672,-3.383322,DEU,THA,847030
10536360,71,216,9172,2010,1240.0,0.0,0.832619,2.448009,ESP,THA,847030
10536361,97,216,9172,2010,19412.0,0.0,0.715745,1.9780259999999998,HKG,THA,847030
10536362,103,216,9172,2010,19215.0,1959.0,-0.30878099999999997,1.07069,IDN,THA,847030
10536363,114,216,9172,2010,10088.0,0.0,2.459723,-0.279387,JPN,THA,847030
10536364,118,216,9172,2010,0.0,2756.0,-1.158906,-1.019906,KHM,THA,847030
10536365,123,216,9172,2010,0.0,7183.0,-1.104075,-0.836772,LAO,THA,847030
10536366,143,216,9172,2010,0.0,4888.0,-1.480389,-1.075842,MMR,THA,847030
10536367,153,216,9172,2010,23539.0,1787.0,0.9530780000000001,0.607456,MYS,THA,847030
10536368,183,216,9172,2010,0.0,5895.0,-0.346143,-1.078192,QAT,THA,847030
10536369,188,216,9172,2010,0.0,944343.0,0.46696400000000005,-0.7487520000000001,SAU,THA,847030
10536370,192,216,9172,2010,3228.0,6146.0,1.8441349999999999,0.570311,SGP,THA,847030
10536371,249,216,9172,2010,2929.0,0.0,1.766729,0.909335,TWN,THA,847030
10536372,43,222,9172,2010,8176.0,0.0,0.922493,2.0176,CHN,TTO,847030
10536373,231,222,9172,2010,15468.0,0.0,1.67573,-0.598165,USA,TTO,847030
10536374,4,224,9172,2010,0.0,1885.0,-0.5316,-0.219561,ALB,TUR,847030
10536375,15,224,9172,2010,1169.0,0.0,1.724315,-0.29379099999999997,AUT,TUR,847030
10536376,16,224,9172,2010,0.0,2228.0,-1.048424,-1.2030370000000001,AZE,TUR,847030
10536377,43,224,9172,2010,283834.0,0.0,0.922493,2.0176,CHN,TUR,847030
10536378,58,224,9172,2010,0.0,12091.0,0.8776450000000001,0.568389,CYP,TUR,847030
10536379,82,224,9172,2010,0.0,8207.0,-0.21301399999999998,-0.48355299999999996,GEO,TUR,847030
10536380,108,224,9172,2010,0.0,27964.0,-2.1439150000000002,-0.913227,IRQ,TUR,847030
10536381,110,224,9172,2010,1110.0,0.0,1.215834,0.7028340000000001,ISR,TUR,847030
10536382,111,224,9172,2010,26732.0,0.0,1.272385,0.545721,ITA,TUR,847030
10536383,153,224,9172,2010,1374.0,0.0,0.9530780000000001,0.607456,MYS,TUR,847030
10536384,191,224,9172,2010,0.0,1273.0,-0.45445,-0.148149,SEN,TUR,847030
10536385,201,224,9172,2010,0.0,3597.0,0.561161,1.33974,SRB,TUR,847030
10536386,219,224,9172,2010,0.0,9261.0,-1.161458,-1.191589,TKM,TUR,847030
10536387,42,230,9172,2010,984.0,0.0,-0.34914,-0.459395,CHL,URY,847030
10536388,43,230,9172,2010,57953.0,0.0,0.922493,2.0176,CHN,URY,847030
10536389,97,230,9172,2010,14366.0,0.0,0.715745,1.9780259999999998,HKG,URY,847030
10536390,231,230,9172,2010,2812.0,0.0,1.67573,-0.598165,USA,URY,847030
10536391,0,231,9172,2010,0.0,3307.0,0.9906219999999999,0.159993,ABW,USA,847030
10536392,1,231,9172,2010,0.0,25301.0,-0.054633,-0.102103,AFG,USA,847030
10536393,2,231,9172,2010,0.0,2553.0,-1.3711010000000001,-1.170608,AGO,USA,847030
10536394,7,231,9172,2010,0.0,5193.0,0.29457,-0.196371,ARE,USA,847030
10536395,8,231,9172,2010,0.0,3101.0,0.27458899999999997,0.597907,ARG,USA,847030
10536396,13,231,9172,2010,0.0,8589.0,1.2153129999999999,0.955838,ATG,USA,847030
10536397,14,231,9172,2010,2206.0,8057.0,-0.276442,0.062023,AUS,USA,847030
10536398,15,231,9172,2010,10426.0,0.0,1.724315,-0.29379099999999997,AUT,USA,847030
10536399,25,231,9172,2010,0.0,2855.0,0.495262,-0.6198779999999999,BHS,USA,847030
10536400,29,231,9172,2010,0.0,26706.0,-0.559172,-0.739977,BLZ,USA,847030
10536401,30,231,9172,2010,0.0,10671.0,0.46139300000000005,-0.6651590000000001,BMU,USA,847030
10536402,31,231,9172,2010,0.0,1024.0,-0.83736,-0.812473,BOL,USA,847030
10536403,32,231,9172,2010,0.0,2823679.0,0.40715500000000004,0.6208100000000001,BRA,USA,847030
10536404,33,231,9172,2010,0.0,46639.0,0.7076140000000001,0.434993,BRB,USA,847030
10536405,39,231,9172,2010,934898.0,239828.0,0.752421,1.2208510000000001,CAN,USA,847030
10536406,41,231,9172,2010,37124.0,26774.0,2.1492080000000002,0.556424,CHE,USA,847030
10536407,42,231,9172,2010,0.0,384320.0,-0.34914,-0.459395,CHL,USA,847030
10536408,43,231,9172,2010,7674889.0,9409.0,0.922493,2.0176,CHN,USA,847030
10536409,46,231,9172,2010,0.0,19400.0,-1.465101,-1.139909,COD,USA,847030
10536410,49,231,9172,2010,0.0,106379.0,0.097222,-0.064328,COL,USA,847030
10536411,52,231,9172,2010,0.0,18524.0,-0.122722,-0.7062069999999999,CRI,USA,847030
10536412,59,231,9172,2010,1582.0,0.0,1.732044,0.333934,CZE,USA,847030
10536413,61,231,9172,2010,0.0,37027.0,2.035672,-3.383322,DEU,USA,847030
10536414,63,231,9172,2010,0.0,4108.0,0.35578699999999996,0.13029200000000002,DMA,USA,847030
10536415,65,231,9172,2010,0.0,69818.0,-0.245241,0.368626,DOM,USA,847030
10536416,66,231,9172,2010,0.0,1128.0,-1.00922,-1.1511040000000001,DZA,USA,847030
10536417,67,231,9172,2010,0.0,30722.0,-0.584013,-0.743675,ECU,USA,847030
10536418,71,231,9172,2010,36455.0,2394.0,0.832619,2.448009,ESP,USA,847030
10536419,77,231,9172,2010,14589.0,31887.0,1.530027,-0.052557000000000006,FRA,USA,847030
10536420,81,231,9172,2010,2317.0,33743.0,1.828224,0.386383,GBR,USA,847030
10536421,83,231,9172,2010,0.0,961.0,-0.835003,-0.633731,GHA,USA,847030
10536422,93,231,9172,2010,0.0,7963.0,-0.39034,0.743521,GTM,USA,847030
10536423,96,231,9172,2010,0.0,1750.0,-1.020217,-1.0231569999999999,GUY,USA,847030
10536424,97,231,9172,2010,5977.0,31724.0,0.715745,1.9780259999999998,HKG,USA,847030
10536425,99,231,9172,2010,0.0,58012.0,-0.569501,-0.153122,HND,USA,847030
10536426,104,231,9172,2010,69476.0,3844.0,0.14485599999999998,2.408913,IND,USA,847030
10536427,106,231,9172,2010,0.0,10698.0,1.371357,0.168795,IRL,USA,847030
10536428,109,231,9172,2010,0.0,1194.0,0.20822100000000002,-0.318294,ISL,USA,847030
10536429,110,231,9172,2010,0.0,7719.0,1.215834,0.7028340000000001,ISR,USA,847030
10536430,111,231,9172,2010,0.0,8989.0,1.272385,0.545721,ITA,USA,847030
10536431,112,231,9172,2010,0.0,193183.0,0.041471,-0.367177,JAM,USA,847030
10536432,114,231,9172,2010,0.0,5452.0,2.459723,-0.279387,JPN,USA,847030
10536433,120,231,9172,2010,0.0,1032.0,0.9277790000000001,-0.42824799999999996,KNA,USA,847030
10536434,121,231,9172,2010,18483.0,480967.0,1.7118849999999999,0.762362,KOR,USA,847030
10536435,122,231,9172,2010,0.0,9692.0,0.067373,-1.0822120000000002,KWT,USA,847030
10536436,124,231,9172,2010,0.0,35797.0,0.415854,1.424085,LBN,USA,847030
10536437,127,231,9172,2010,0.0,2076.0,0.446162,-0.279229,LCA,USA,847030
10536438,128,231,9172,2010,0.0,18497.0,-0.70886,0.25216700000000003,LKA,USA,847030
10536439,132,231,9172,2010,0.0,2431.0,0.6158170000000001,1.1401059999999998,LVA,USA,847030
10536440,134,231,9172,2010,0.0,11366.0,-0.5935229999999999,-0.056497000000000006,MAR,USA,847030
10536441,138,231,9172,2010,0.0,135830.0,1.132664,0.675756,MEX,USA,847030
10536442,159,231,9172,2010,0.0,117863.0,-1.887084,-1.2280229999999999,NGA,USA,847030
10536443,162,231,9172,2010,0.0,11544.0,1.237998,1.1891209999999999,NLD,USA,847030
10536444,163,231,9172,2010,0.0,1243.0,0.865676,0.138757,NOR,USA,847030
10536445,166,231,9172,2010,0.0,139563.0,0.36828299999999997,0.574574,NZL,USA,847030
10536446,169,231,9172,2010,0.0,12458.0,0.617867,0.903432,PAN,USA,847030
10536447,174,231,9172,2010,0.0,9010.0,0.40418899999999996,0.102497,PHL,USA,847030
10536448,180,231,9172,2010,0.0,420891.0,-0.553805,-0.8699450000000001,PRY,USA,847030
10536449,183,231,9172,2010,0.0,8809.0,-0.346143,-1.078192,QAT,USA,847030
10536450,185,231,9172,2010,0.0,1964.0,0.6483760000000001,1.200256,ROU,USA,847030
10536451,188,231,9172,2010,0.0,257744.0,0.46696400000000005,-0.7487520000000001,SAU,USA,847030
10536452,192,231,9172,2010,0.0,4150.0,1.8441349999999999,0.570311,SGP,USA,847030
10536453,197,231,9172,2010,0.0,14519.0,-0.101434,0.132639,SLV,USA,847030
10536454,208,231,9172,2010,6059.0,52443.0,1.882239,0.397927,SWE,USA,847030
10536455,222,231,9172,2010,0.0,15468.0,-0.338123,-1.070239,TTO,USA,847030
10536456,230,231,9172,2010,0.0,2812.0,0.217246,-0.079733,URY,USA,847030
10536457,234,231,9172,2010,0.0,7157.0,0.120821,-0.43102700000000005,VCT,USA,847030
10536458,236,231,9172,2010,0.0,113963.0,-0.660844,-1.145133,VEN,USA,847030
10536459,239,231,9172,2010,0.0,13885.0,-0.24660500000000002,1.427235,VNM,USA,847030
10536460,246,231,9172,2010,0.0,3658.0,0.327326,1.513598,ZAF,USA,847030
10536461,249,231,9172,2010,22282.0,13295.0,1.766729,0.909335,TWN,USA,847030
10536462,43,236,9172,2010,172774.0,0.0,0.922493,2.0176,CHN,VEN,847030
10536463,77,236,9172,2010,32166.0,0.0,1.530027,-0.052557000000000006,FRA,VEN,847030
10536464,97,236,9172,2010,913.0,0.0,0.715745,1.9780259999999998,HKG,VEN,847030
10536465,169,236,9172,2010,40348.0,0.0,0.617867,0.903432,PAN,VEN,847030
10536466,231,236,9172,2010,113963.0,0.0,1.67573,-0.598165,USA,VEN,847030
10536467,43,243,9172,2010,43535.0,0.0,0.922493,2.0176,CHN,YEM,847030
10536468,104,243,9172,2010,8741.0,0.0,0.14485599999999998,2.408913,IND,YEM,847030
10536469,2,246,9172,2010,0.0,5806.0,-1.3711010000000001,-1.170608,AGO,ZAF,847030
10536470,7,246,9172,2010,30036.0,2151.0,0.29457,-0.196371,ARE,ZAF,847030
10536471,37,246,9172,2010,0.0,93732.0,-0.181373,-0.714376,BWA,ZAF,847030
10536472,43,246,9172,2010,372725.0,0.0,0.922493,2.0176,CHN,ZAF,847030
10536473,61,246,9172,2010,37261.0,0.0,2.035672,-3.383322,DEU,ZAF,847030
10536474,77,246,9172,2010,20804.0,0.0,1.530027,-0.052557000000000006,FRA,ZAF,847030
10536475,81,246,9172,2010,80953.0,0.0,1.828224,0.386383,GBR,ZAF,847030
10536476,83,246,9172,2010,0.0,3630.0,-0.835003,-0.633731,GHA,ZAF,847030
10536477,97,246,9172,2010,33040.0,0.0,0.715745,1.9780259999999998,HKG,ZAF,847030
10536478,110,246,9172,2010,5227.0,0.0,1.215834,0.7028340000000001,ISR,ZAF,847030
10536479,121,246,9172,2010,1551.0,0.0,1.7118849999999999,0.762362,KOR,ZAF,847030
10536480,129,246,9172,2010,0.0,105142.0,-0.7534529999999999,-0.759605,LSO,ZAF,847030
10536481,147,246,9172,2010,0.0,24778.0,-1.479855,-1.070518,MOZ,ZAF,847030
10536482,155,246,9172,2010,0.0,10021.0,-0.49860299999999996,-0.6728529999999999,NAM,ZAF,847030
10536483,192,246,9172,2010,78138.0,0.0,1.8441349999999999,0.570311,SGP,ZAF,847030
10536484,209,246,9172,2010,0.0,30254.0,0.186142,-0.34577800000000003,SWZ,ZAF,847030
10536485,227,246,9172,2010,0.0,29840.0,-0.48061400000000004,0.187001,UGA,ZAF,847030
10536486,231,246,9172,2010,3658.0,0.0,1.67573,-0.598165,USA,ZAF,847030
10536487,247,246,9172,2010,0.0,6881.0,-0.650686,-0.830332,ZMB,ZAF,847030
10536488,248,246,9172,2010,0.0,3650.0,-0.869909,-0.8233309999999999,ZWE,ZAF,847030
10536489,249,246,9172,2010,1108.0,0.0,1.766729,0.909335,TWN,ZAF,847030
10536490,250,246,9172,2010,0.0,1791.0,0.45129600000000003,-0.223517,ANS,ZAF,847030
10536491,7,249,9172,2010,0.0,2368.0,0.29457,-0.196371,ARE,TWN,847030
10536492,14,249,9172,2010,7685.0,1179.0,-0.276442,0.062023,AUS,TWN,847030
10536493,23,249,9172,2010,0.0,14983.0,0.44973,1.445441,BGR,TWN,847030
10536494,32,249,9172,2010,0.0,1220.0,0.40715500000000004,0.6208100000000001,BRA,TWN,847030
10536495,39,249,9172,2010,0.0,10824.0,0.752421,1.2208510000000001,CAN,TWN,847030
10536496,41,249,9172,2010,0.0,47165.0,2.1492080000000002,0.556424,CHE,TWN,847030
10536497,43,249,9172,2010,221696.0,303528.0,0.922493,2.0176,CHN,TWN,847030
10536498,64,249,9172,2010,0.0,1129.0,1.082468,1.280759,DNK,TWN,847030
10536499,71,249,9172,2010,0.0,10075.0,0.832619,2.448009,ESP,TWN,847030
10536500,83,249,9172,2010,0.0,825.0,-0.835003,-0.633731,GHA,TWN,847030
10536501,97,249,9172,2010,0.0,1475.0,0.715745,1.9780259999999998,HKG,TWN,847030
10536502,103,249,9172,2010,0.0,80007.0,-0.30878099999999997,1.07069,IDN,TWN,847030
10536503,104,249,9172,2010,0.0,17324.0,0.14485599999999998,2.408913,IND,TWN,847030
10536504,114,249,9172,2010,9452.0,6580.0,2.459723,-0.279387,JPN,TWN,847030
10536505,116,249,9172,2010,0.0,972.0,-0.387187,1.010443,KEN,TWN,847030
10536506,124,249,9172,2010,0.0,1010.0,0.415854,1.424085,LBN,TWN,847030
10536507,147,249,9172,2010,0.0,6496.0,-1.479855,-1.070518,MOZ,TWN,847030
10536508,163,249,9172,2010,0.0,4683.0,0.865676,0.138757,NOR,TWN,847030
10536509,167,249,9172,2010,0.0,3746.0,-0.487612,-0.9551379999999999,OMN,TWN,847030
10536510,185,249,9172,2010,0.0,4710.0,0.6483760000000001,1.200256,ROU,TWN,847030
10536511,188,249,9172,2010,0.0,27081.0,0.46696400000000005,-0.7487520000000001,SAU,TWN,847030
10536512,201,249,9172,2010,0.0,882.0,0.561161,1.33974,SRB,TWN,847030
10536513,208,249,9172,2010,0.0,5834.0,1.882239,0.397927,SWE,TWN,847030
10536514,212,249,9172,2010,0.0,3747.0,-0.46833800000000003,1.11952,SYR,TWN,847030
10536515,216,249,9172,2010,0.0,2929.0,0.748328,1.425224,THA,TWN,847030
10536516,231,249,9172,2010,13295.0,22282.0,1.67573,-0.598165,USA,TWN,847030
10536517,246,249,9172,2010,0.0,1108.0,0.327326,1.513598,ZAF,TWN,847030
10536518,44,250,9172,2010,0.0,1111.0,-1.256641,-0.946767,CIV,ANS,847030
10536519,68,250,9172,2010,0.0,1189.0,-0.181826,1.409465,EGY,ANS,847030
10536520,99,250,9172,2010,0.0,29716.0,-0.569501,-0.153122,HND,ANS,847030
10536521,106,250,9172,2010,0.0,2223.0,1.371357,0.168795,IRL,ANS,847030
10536522,126,250,9172,2010,0.0,7218.0,-0.706491,-1.140822,LBY,ANS,847030
10536523,131,250,9172,2010,0.0,2140.0,1.272127,1.1051520000000001,LUX,ANS,847030
10536524,144,250,9172,2010,0.0,2108.0,0.266397,-0.02502,MNE,ANS,847030
10536525,185,250,9172,2010,5836.0,0.0,0.6483760000000001,1.200256,ROU,ANS,847030
10536526,206,250,9172,2010,0.0,791757.0,1.278601,0.726907,SVK,ANS,847030
10536527,239,250,9172,2010,0.0,1881.0,-0.24660500000000002,1.427235,VNM,ANS,847030
10536528,246,250,9172,2010,1791.0,0.0,0.327326,1.513598,ZAF,ANS,847030
10536529,17,7,9172,2010,0.0,918.0,-0.922883,-0.748675,BDI,ARE,847030
10536530,22,7,9172,2010,0.0,6068.0,-0.974526,-0.76566,BGD,ARE,847030
10536531,41,7,9172,2010,4861.0,0.0,2.1492080000000002,0.556424,CHE,ARE,847030
10536532,45,7,9172,2010,0.0,6070.0,-1.114209,-1.0127899999999999,CMR,ARE,847030
10536533,68,7,9172,2010,0.0,142553.0,-0.181826,1.409465,EGY,ARE,847030
10536534,77,7,9172,2010,0.0,7738.0,1.530027,-0.052557000000000006,FRA,ARE,847030
10536535,83,7,9172,2010,0.0,975.0,-0.835003,-0.633731,GHA,ARE,847030
10536536,104,7,9172,2010,17764.0,2192.0,0.14485599999999998,2.408913,IND,ARE,847030
10536537,107,7,9172,2010,0.0,423304.0,-0.609874,-0.744733,IRN,ARE,847030
10536538,116,7,9172,2010,0.0,5988.0,-0.387187,1.010443,KEN,ARE,847030
10536539,122,7,9172,2010,0.0,1523.0,0.067373,-1.0822120000000002,KWT,ARE,847030
10536540,141,7,9172,2010,0.0,20448.0,-0.585496,-0.655841,MLI,ARE,847030
10536541,147,7,9172,2010,0.0,13264.0,-1.479855,-1.070518,MOZ,ARE,847030
10536542,152,7,9172,2010,0.0,4536.0,-0.821839,-0.9153870000000001,MWI,ARE,847030
10536543,167,7,9172,2010,5984.0,1864.0,-0.487612,-0.9551379999999999,OMN,ARE,847030
10536544,187,7,9172,2010,0.0,31694.0,-0.6033350000000001,-0.524881,RWA,ARE,847030
10536545,190,7,9172,2010,0.0,16528.0,-1.9094669999999998,-1.271065,SDN,ARE,847030
10536546,191,7,9172,2010,0.0,4922.0,-0.45445,-0.148149,SEN,ARE,847030
10536547,203,7,9172,2010,0.0,1197.0,0.676596,-0.145275,STP,ARE,847030
10536548,211,7,9172,2010,0.0,118.0,-0.075668,-0.549686,SYC,ARE,847030
10536549,226,7,9172,2010,0.0,9574.0,-0.7327,0.427616,TZA,ARE,847030
10536550,227,7,9172,2010,0.0,13267.0,-0.48061400000000004,0.187001,UGA,ARE,847030
10536551,231,7,9172,2010,5193.0,0.0,1.67573,-0.598165,USA,ARE,847030
10536552,246,7,9172,2010,2151.0,30036.0,0.327326,1.513598,ZAF,ARE,847030
10536553,247,7,9172,2010,0.0,11910.0,-0.650686,-0.830332,ZMB,ARE,847030
10536554,248,7,9172,2010,0.0,2049.0,-0.869909,-0.8233309999999999,ZWE,ARE,847030
10536555,249,7,9172,2010,2368.0,0.0,1.766729,0.909335,TWN,ARE,847030
10536556,39,14,9172,2010,0.0,14083.0,0.752421,1.2208510000000001,CAN,AUS,847030
10536557,43,14,9172,2010,167736.0,187694.0,0.922493,2.0176,CHN,AUS,847030
10536558,61,14,9172,2010,68895.0,19427.0,2.035672,-3.383322,DEU,AUS,847030
10536559,74,14,9172,2010,0.0,817.0,1.745464,0.897992,FIN,AUS,847030
10536560,75,14,9172,2010,0.0,17633.0,-0.603112,-0.29135500000000003,FJI,AUS,847030
10536561,77,14,9172,2010,8946.0,0.0,1.530027,-0.052557000000000006,FRA,AUS,847030
10536562,81,14,9172,2010,2203.0,22894.0,1.828224,0.386383,GBR,AUS,847030
10536563,97,14,9172,2010,2418.0,98566.0,0.715745,1.9780259999999998,HKG,AUS,847030
10536564,104,14,9172,2010,0.0,3869.0,0.14485599999999998,2.408913,IND,AUS,847030
10536565,114,14,9172,2010,6489.0,0.0,2.459723,-0.279387,JPN,AUS,847030
10536566,133,14,9172,2010,0.0,19278.0,0.545755,0.492997,MAC,AUS,847030
10536567,153,14,9172,2010,0.0,4131.0,0.9530780000000001,0.607456,MYS,AUS,847030
10536568,158,14,9172,2010,0.0,10811.0,1.059751,-0.570033,NFK,AUS,847030
10536569,166,14,9172,2010,11858.0,34163.0,0.36828299999999997,0.574574,NZL,AUS,847030
10536570,167,14,9172,2010,0.0,41586.0,-0.487612,-0.9551379999999999,OMN,AUS,847030
10536571,176,14,9172,2010,0.0,3151.0,-1.725138,-1.195622,PNG,AUS,847030
10536572,182,14,9172,2010,0.0,4310.0,-0.47692700000000005,-0.8429760000000001,PYF,AUS,847030
10536573,183,14,9172,2010,0.0,1458.0,-0.346143,-1.078192,QAT,AUS,847030
10536574,190,14,9172,2010,0.0,4023.0,-1.9094669999999998,-1.271065,SDN,AUS,847030
10536575,192,14,9172,2010,0.0,2292.0,1.8441349999999999,0.570311,SGP,AUS,847030
10536576,208,14,9172,2010,0.0,5293.0,1.882239,0.397927,SWE,AUS,847030
10536577,216,14,9172,2010,2495.0,0.0,0.748328,1.425224,THA,AUS,847030
10536578,231,14,9172,2010,8057.0,2206.0,1.67573,-0.598165,USA,AUS,847030
10536579,249,14,9172,2010,1179.0,7685.0,1.766729,0.909335,TWN,AUS,847030
10536580,43,16,9172,2010,2417.0,0.0,0.922493,2.0176,CHN,AZE,847030
10536581,224,16,9172,2010,2228.0,0.0,0.359977,2.471173,TUR,AZE,847030
10536582,7,22,9172,2010,6068.0,0.0,0.29457,-0.196371,ARE,BGD,847030
10536583,43,22,9172,2010,28743.0,0.0,0.922493,2.0176,CHN,BGD,847030
10536584,192,22,9172,2010,3657.0,0.0,1.8441349999999999,0.570311,SGP,BGD,847030
10536585,43,23,9172,2010,6839.0,0.0,0.922493,2.0176,CHN,BGR,847030
10536586,61,23,9172,2010,3832.0,0.0,2.035672,-3.383322,DEU,BGR,847030
10536587,71,23,9172,2010,1907.0,0.0,0.832619,2.448009,ESP,BGR,847030
10536588,77,23,9172,2010,947.0,0.0,1.530027,-0.052557000000000006,FRA,BGR,847030
10536589,90,23,9172,2010,6483.0,38408.0,0.200249,1.4640090000000001,GRC,BGR,847030
10536590,111,23,9172,2010,30985.0,0.0,1.272385,0.545721,ITA,BGR,847030
10536591,249,23,9172,2010,14983.0,0.0,1.766729,0.909335,TWN,BGR,847030
10536592,43,24,9172,2010,6707.0,0.0,0.922493,2.0176,CHN,BHR,847030
10536593,4,26,9172,2010,0.0,2794.0,-0.5316,-0.219561,ALB,BIH,847030
10536594,43,26,9172,2010,1345.0,0.0,0.922493,2.0176,CHN,BIH,847030
10536595,81,26,9172,2010,1623.0,0.0,1.828224,0.386383,GBR,BIH,847030
10536596,111,26,9172,2010,2195.0,0.0,1.272385,0.545721,ITA,BIH,847030
10536597,15,59,9172,2010,12009.0,0.0,1.724315,-0.29379099999999997,AUT,CZE,847030
10536598,41,59,9172,2010,14797.0,0.0,2.1492080000000002,0.556424,CHE,CZE,847030
10536599,43,59,9172,2010,39500.0,0.0,0.922493,2.0176,CHN,CZE,847030
10536600,61,59,9172,2010,10115.0,0.0,2.035672,-3.383322,DEU,CZE,847030
10536601,77,59,9172,2010,1875.0,3930.0,1.530027,-0.052557000000000006,FRA,CZE,847030
10536602,81,59,9172,2010,2503.0,0.0,1.828224,0.386383,GBR,CZE,847030
10536603,90,59,9172,2010,0.0,1348.0,0.200249,1.4640090000000001,GRC,CZE,847030
10536604,132,59,9172,2010,0.0,35017.0,0.6158170000000001,1.1401059999999998,LVA,CZE,847030
10536605,185,59,9172,2010,0.0,6059.0,0.6483760000000001,1.200256,ROU,CZE,847030
10536606,206,59,9172,2010,1525626.0,15150.0,1.278601,0.726907,SVK,CZE,847030
10536607,231,59,9172,2010,0.0,1582.0,1.67573,-0.598165,USA,CZE,847030
10536608,7,68,9172,2010,142553.0,0.0,0.29457,-0.196371,ARE,EGY,847030
10536609,43,68,9172,2010,288093.0,0.0,0.922493,2.0176,CHN,EGY,847030
10536610,61,68,9172,2010,43992.0,0.0,2.035672,-3.383322,DEU,EGY,847030
10536611,81,68,9172,2010,6822.0,0.0,1.828224,0.386383,GBR,EGY,847030
10536612,124,68,9172,2010,5528.0,0.0,0.415854,1.424085,LBN,EGY,847030
10536613,153,68,9172,2010,2988.0,0.0,0.9530780000000001,0.607456,MYS,EGY,847030
10536614,162,68,9172,2010,16397.0,0.0,1.237998,1.1891209999999999,NLD,EGY,847030
10536615,190,68,9172,2010,0.0,10826.0,-1.9094669999999998,-1.271065,SDN,EGY,847030
10536616,250,68,9172,2010,1189.0,0.0,0.45129600000000003,-0.223517,ANS,EGY,847030
10536617,77,72,9172,2010,2969.0,0.0,1.530027,-0.052557000000000006,FRA,EST,847030
10536618,132,72,9172,2010,66299.0,86432.0,0.6158170000000001,1.1401059999999998,LVA,EST,847030
10536619,224,82,9172,2010,8207.0,0.0,0.359977,2.471173,TUR,GEO,847030
10536620,43,100,9172,2010,1706.0,0.0,0.922493,2.0176,CHN,HRV,847030
10536621,102,100,9172,2010,1979.0,0.0,1.514225,0.740341,HUN,HRV,847030
10536622,192,100,9172,2010,693.0,0.0,1.8441349999999999,0.570311,SGP,HRV,847030
10536623,207,100,9172,2010,1779.0,0.0,1.595473,0.7023020000000001,SVN,HRV,847030
10536624,18,102,9172,2010,0.0,3906.0,1.2224270000000002,1.1276,BEL,HUN,847030
10536625,43,102,9172,2010,29415.0,0.0,0.922493,2.0176,CHN,HUN,847030
10536626,100,102,9172,2010,0.0,1979.0,0.8276979999999999,0.97415,HRV,HUN,847030
10536627,122,102,9172,2010,0.0,17698.0,0.067373,-1.0822120000000002,KWT,HUN,847030
10536628,140,102,9172,2010,0.0,2860.0,-0.122842,0.407017,MKD,HUN,847030
10536629,166,102,9172,2010,0.0,13319.0,0.36828299999999997,0.574574,NZL,HUN,847030
10536630,185,102,9172,2010,0.0,14852.0,0.6483760000000001,1.200256,ROU,HUN,847030
10536631,201,102,9172,2010,0.0,932.0,0.561161,1.33974,SRB,HUN,847030
10536632,206,102,9172,2010,21375.0,50118.0,1.278601,0.726907,SVK,HUN,847030
10536633,43,106,9172,2010,17363.0,0.0,0.922493,2.0176,CHN,IRL,847030
10536634,77,106,9172,2010,57262.0,0.0,1.530027,-0.052557000000000006,FRA,IRL,847030
10536635,81,106,9172,2010,7623.0,1371.0,1.828224,0.386383,GBR,IRL,847030
10536636,111,106,9172,2010,0.0,3999.0,1.272385,0.545721,ITA,IRL,847030
10536637,122,106,9172,2010,0.0,982.0,0.067373,-1.0822120000000002,KWT,IRL,847030
10536638,162,106,9172,2010,0.0,1324.0,1.237998,1.1891209999999999,NLD,IRL,847030
10536639,166,106,9172,2010,0.0,60835.0,0.36828299999999997,0.574574,NZL,IRL,847030
10536640,227,106,9172,2010,6452.0,0.0,-0.48061400000000004,0.187001,UGA,IRL,847030
10536641,231,106,9172,2010,10698.0,0.0,1.67573,-0.598165,USA,IRL,847030
10536642,250,106,9172,2010,2223.0,0.0,0.45129600000000003,-0.223517,ANS,IRL,847030
10536643,81,108,9172,2010,4019.0,0.0,1.828224,0.386383,GBR,IRQ,847030
10536644,224,108,9172,2010,27964.0,0.0,0.359977,2.471173,TUR,IRQ,847030
10536645,43,113,9172,2010,124588.0,0.0,0.922493,2.0176,CHN,JOR,847030
10536646,71,113,9172,2010,5595.0,0.0,0.832619,2.448009,ESP,JOR,847030
10536647,192,113,9172,2010,91387.0,0.0,1.8441349999999999,0.570311,SGP,JOR,847030
10536648,7,116,9172,2010,5988.0,0.0,0.29457,-0.196371,ARE,KEN,847030
10536649,43,116,9172,2010,85243.0,0.0,0.922493,2.0176,CHN,KEN,847030
10536650,61,116,9172,2010,1229.0,0.0,2.035672,-3.383322,DEU,KEN,847030
10536651,81,116,9172,2010,2786.0,0.0,1.828224,0.386383,GBR,KEN,847030
10536652,114,116,9172,2010,7044.0,0.0,2.459723,-0.279387,JPN,KEN,847030
10536653,249,116,9172,2010,972.0,0.0,1.766729,0.909335,TWN,KEN,847030
10536654,43,117,9172,2010,82463.0,0.0,0.922493,2.0176,CHN,KGZ,847030
10536655,114,117,9172,2010,88846.0,0.0,2.459723,-0.279387,JPN,KGZ,847030
10536656,121,117,9172,2010,19013.0,0.0,1.7118849999999999,0.762362,KOR,KGZ,847030
10536657,153,117,9172,2010,5994.0,0.0,0.9530780000000001,0.607456,MYS,KGZ,847030
10536658,186,117,9172,2010,1212.0,0.0,0.583996,-0.223881,RUS,KGZ,847030
10536659,43,118,9172,2010,3385.0,0.0,0.922493,2.0176,CHN,KHM,847030
10536660,121,118,9172,2010,1510.0,0.0,1.7118849999999999,0.762362,KOR,KHM,847030
10536661,153,118,9172,2010,1482.0,0.0,0.9530780000000001,0.607456,MYS,KHM,847030
10536662,192,118,9172,2010,9100.0,0.0,1.8441349999999999,0.570311,SGP,KHM,847030
10536663,216,118,9172,2010,2756.0,0.0,0.748328,1.425224,THA,KHM,847030
10536664,7,122,9172,2010,1523.0,0.0,0.29457,-0.196371,ARE,KWT,847030
10536665,15,122,9172,2010,991.0,0.0,1.724315,-0.29379099999999997,AUT,KWT,847030
10536666,61,122,9172,2010,42633.0,0.0,2.035672,-3.383322,DEU,KWT,847030
10536667,102,122,9172,2010,17698.0,0.0,1.514225,0.740341,HUN,KWT,847030
10536668,103,122,9172,2010,1130.0,0.0,-0.30878099999999997,1.07069,IDN,KWT,847030
10536669,106,122,9172,2010,982.0,0.0,1.371357,0.168795,IRL,KWT,847030
10536670,121,122,9172,2010,2116.0,0.0,1.7118849999999999,0.762362,KOR,KWT,847030
10536671,162,122,9172,2010,35563.0,0.0,1.237998,1.1891209999999999,NLD,KWT,847030
10536672,206,122,9172,2010,1046.0,0.0,1.278601,0.726907,SVK,KWT,847030
10536673,231,122,9172,2010,9692.0,0.0,1.67573,-0.598165,USA,KWT,847030
10536674,21,124,9172,2010,0.0,1033.0,-0.625747,-0.700651,BFA,LBN,847030
10536675,43,124,9172,2010,259618.0,0.0,0.922493,2.0176,CHN,LBN,847030
10536676,68,124,9172,2010,0.0,5528.0,-0.181826,1.409465,EGY,LBN,847030
10536677,83,124,9172,2010,0.0,1595.0,-0.835003,-0.633731,GHA,LBN,847030
10536678,231,124,9172,2010,35797.0,0.0,1.67573,-0.598165,USA,LBN,847030
10536679,249,124,9172,2010,1010.0,0.0,1.766729,0.909335,TWN,LBN,847030
10536680,61,130,9172,2010,2111.0,0.0,2.035672,-3.383322,DEU,LTU,847030
10536681,71,130,9172,2010,14839.0,0.0,0.832619,2.448009,ESP,LTU,847030
10536682,132,130,9172,2010,6451.0,7193.0,0.6158170000000001,1.1401059999999998,LVA,LTU,847030
10536683,18,131,9172,2010,13480.0,1281.0,1.2224270000000002,1.1276,BEL,LUX,847030
10536684,61,131,9172,2010,2464.0,0.0,2.035672,-3.383322,DEU,LUX,847030
10536685,77,131,9172,2010,1309.0,4045.0,1.530027,-0.052557000000000006,FRA,LUX,847030
10536686,114,131,9172,2010,3906.0,0.0,2.459723,-0.279387,JPN,LUX,847030
10536687,162,131,9172,2010,69873.0,0.0,1.237998,1.1891209999999999,NLD,LUX,847030
10536688,179,131,9172,2010,0.0,1207.0,0.551149,2.437209,PRT,LUX,847030
10536689,185,131,9172,2010,0.0,7142.0,0.6483760000000001,1.200256,ROU,LUX,847030
10536690,250,131,9172,2010,2140.0,0.0,0.45129600000000003,-0.223517,ANS,LUX,847030
10536691,43,132,9172,2010,10551.0,0.0,0.922493,2.0176,CHN,LVA,847030
10536692,59,132,9172,2010,35017.0,0.0,1.732044,0.333934,CZE,LVA,847030
10536693,61,132,9172,2010,35139.0,0.0,2.035672,-3.383322,DEU,LVA,847030
10536694,72,132,9172,2010,86432.0,66299.0,0.832316,1.1844649999999999,EST,LVA,847030
10536695,90,132,9172,2010,0.0,2088.0,0.200249,1.4640090000000001,GRC,LVA,847030
10536696,104,132,9172,2010,1965.0,0.0,0.14485599999999998,2.408913,IND,LVA,847030
10536697,130,132,9172,2010,7193.0,6451.0,0.6390600000000001,1.144911,LTU,LVA,847030
10536698,142,132,9172,2010,0.0,1439.0,1.211797,-0.024923,MLT,LVA,847030
10536699,162,132,9172,2010,0.0,940.0,1.237998,1.1891209999999999,NLD,LVA,847030
10536700,177,132,9172,2010,0.0,1637.0,1.083552,1.1433719999999998,POL,LVA,847030
10536701,207,132,9172,2010,0.0,778.0,1.595473,0.7023020000000001,SVN,LVA,847030
10536702,231,132,9172,2010,2431.0,0.0,1.67573,-0.598165,USA,LVA,847030
10536703,43,134,9172,2010,30006.0,0.0,0.922493,2.0176,CHN,MAR,847030
10536704,77,134,9172,2010,20407.0,0.0,1.530027,-0.052557000000000006,FRA,MAR,847030
10536705,97,134,9172,2010,1708.0,0.0,0.715745,1.9780259999999998,HKG,MAR,847030
10536706,104,134,9172,2010,16550.0,0.0,0.14485599999999998,2.408913,IND,MAR,847030
10536707,148,134,9172,2010,0.0,18973.0,-2.099882,-1.303977,MRT,MAR,847030
10536708,231,134,9172,2010,11366.0,0.0,1.67573,-0.598165,USA,MAR,847030
10536709,43,135,9172,2010,861.0,0.0,0.922493,2.0176,CHN,MDA,847030
10536710,186,135,9172,2010,3413.0,0.0,0.583996,-0.223881,RUS,MDA,847030
10536711,43,140,9172,2010,580.0,0.0,0.922493,2.0176,CHN,MKD,847030
10536712,102,140,9172,2010,2860.0,0.0,1.514225,0.740341,HUN,MKD,847030
10536713,43,142,9172,2010,2982.0,0.0,0.922493,2.0176,CHN,MLT,847030
10536714,81,142,9172,2010,80617.0,0.0,1.828224,0.386383,GBR,MLT,847030
10536715,114,142,9172,2010,5765.0,0.0,2.459723,-0.279387,JPN,MLT,847030
10536716,132,142,9172,2010,1439.0,0.0,0.6158170000000001,1.1401059999999998,LVA,MLT,847030
10536717,7,147,9172,2010,13264.0,0.0,0.29457,-0.196371,ARE,MOZ,847030
10536718,43,147,9172,2010,55919.0,0.0,0.922493,2.0176,CHN,MOZ,847030
10536719,81,147,9172,2010,177633.0,0.0,1.828224,0.386383,GBR,MOZ,847030
10536720,97,147,9172,2010,2448.0,0.0,0.715745,1.9780259999999998,HKG,MOZ,847030
10536721,162,147,9172,2010,5753.0,0.0,1.237998,1.1891209999999999,NLD,MOZ,847030
10536722,246,147,9172,2010,24778.0,0.0,0.327326,1.513598,ZAF,MOZ,847030
10536723,249,147,9172,2010,6496.0,0.0,1.766729,0.909335,TWN,MOZ,847030
10536724,36,159,9172,2010,58551.0,0.0,0.551459,-0.540175,BVT,NGA,847030
10536725,43,159,9172,2010,24248.0,0.0,0.922493,2.0176,CHN,NGA,847030
10536726,192,159,9172,2010,1486.0,0.0,1.8441349999999999,0.570311,SGP,NGA,847030
10536727,231,159,9172,2010,117863.0,0.0,1.67573,-0.598165,USA,NGA,847030
10536728,43,163,9172,2010,30212.0,0.0,0.922493,2.0176,CHN,NOR,847030
10536729,61,163,9172,2010,3707.0,0.0,2.035672,-3.383322,DEU,NOR,847030
10536730,64,163,9172,2010,3411.0,3026.0,1.082468,1.280759,DNK,NOR,847030
10536731,81,163,9172,2010,1076.0,0.0,1.828224,0.386383,GBR,NOR,847030
10536732,114,163,9172,2010,1835.0,0.0,2.459723,-0.279387,JPN,NOR,847030
10536733,208,163,9172,2010,12753.0,0.0,1.882239,0.397927,SWE,NOR,847030
10536734,231,163,9172,2010,1243.0,0.0,1.67573,-0.598165,USA,NOR,847030
10536735,249,163,9172,2010,4683.0,0.0,1.766729,0.909335,TWN,NOR,847030
10536736,7,167,9172,2010,1864.0,5984.0,0.29457,-0.196371,ARE,OMN,847030
10536737,14,167,9172,2010,41586.0,0.0,-0.276442,0.062023,AUS,OMN,847030
10536738,107,167,9172,2010,0.0,8550.0,-0.609874,-0.744733,IRN,OMN,847030
10536739,249,167,9172,2010,3746.0,0.0,1.766729,0.909335,TWN,OMN,847030
10536740,43,168,9172,2010,56259.0,0.0,0.922493,2.0176,CHN,PAK,847030
10536741,61,168,9172,2010,9102.0,0.0,2.035672,-3.383322,DEU,PAK,847030
10536742,81,168,9172,2010,1100.0,0.0,1.828224,0.386383,GBR,PAK,847030
10536743,152,168,9172,2010,0.0,2120.0,-0.821839,-0.9153870000000001,MWI,PAK,847030
10536744,15,185,9172,2010,8076.0,0.0,1.724315,-0.29379099999999997,AUT,ROU,847030
10536745,43,185,9172,2010,54670.0,0.0,0.922493,2.0176,CHN,ROU,847030
10536746,59,185,9172,2010,6059.0,0.0,1.732044,0.333934,CZE,ROU,847030
10536747,61,185,9172,2010,1608.0,0.0,2.035672,-3.383322,DEU,ROU,847030
10536748,71,185,9172,2010,1572.0,0.0,0.832619,2.448009,ESP,ROU,847030
10536749,77,185,9172,2010,23790.0,0.0,1.530027,-0.052557000000000006,FRA,ROU,847030
10536750,81,185,9172,2010,18002.0,0.0,1.828224,0.386383,GBR,ROU,847030
10536751,102,185,9172,2010,14852.0,0.0,1.514225,0.740341,HUN,ROU,847030
10536752,111,185,9172,2010,150839.0,0.0,1.272385,0.545721,ITA,ROU,847030
10536753,131,185,9172,2010,7142.0,0.0,1.272127,1.1051520000000001,LUX,ROU,847030
10536754,162,185,9172,2010,9659.0,0.0,1.237998,1.1891209999999999,NLD,ROU,847030
10536755,177,185,9172,2010,12151.0,0.0,1.083552,1.1433719999999998,POL,ROU,847030
10536756,206,185,9172,2010,24979.0,0.0,1.278601,0.726907,SVK,ROU,847030
10536757,231,185,9172,2010,1964.0,0.0,1.67573,-0.598165,USA,ROU,847030
10536758,249,185,9172,2010,4710.0,0.0,1.766729,0.909335,TWN,ROU,847030
10536759,250,185,9172,2010,0.0,5836.0,0.45129600000000003,-0.223517,ANS,ROU,847030
10536760,43,186,9172,2010,8221.0,0.0,0.922493,2.0176,CHN,RUS,847030
10536761,61,186,9172,2010,2843.0,0.0,2.035672,-3.383322,DEU,RUS,847030
10536762,81,186,9172,2010,16554.0,0.0,1.828224,0.386383,GBR,RUS,847030
10536763,117,186,9172,2010,0.0,1212.0,-0.48426400000000003,-0.169443,KGZ,RUS,847030
10536764,135,186,9172,2010,0.0,3413.0,-0.116797,0.037801,MDA,RUS,847030
10536765,162,186,9172,2010,768732.0,0.0,1.237998,1.1891209999999999,NLD,RUS,847030
10536766,14,192,9172,2010,2292.0,0.0,-0.276442,0.062023,AUS,SGP,847030
10536767,22,192,9172,2010,0.0,3657.0,-0.974526,-0.76566,BGD,SGP,847030
10536768,34,192,9172,2010,0.0,3581.0,0.717167,-0.764841,BRN,SGP,847030
10536769,100,192,9172,2010,0.0,693.0,0.8276979999999999,0.97415,HRV,SGP,847030
10536770,103,192,9172,2010,0.0,56891.0,-0.30878099999999997,1.07069,IDN,SGP,847030
10536771,107,192,9172,2010,0.0,1165.0,-0.609874,-0.744733,IRN,SGP,847030
10536772,113,192,9172,2010,0.0,91387.0,0.251702,0.522758,JOR,SGP,847030
10536773,118,192,9172,2010,0.0,9100.0,-1.158906,-1.019906,KHM,SGP,847030
10536774,128,192,9172,2010,0.0,1687.0,-0.70886,0.25216700000000003,LKA,SGP,847030
10536775,153,192,9172,2010,2074127.0,15645.0,0.9530780000000001,0.607456,MYS,SGP,847030
10536776,159,192,9172,2010,0.0,1486.0,-1.887084,-1.2280229999999999,NGA,SGP,847030
10536777,174,192,9172,2010,0.0,82354.0,0.40418899999999996,0.102497,PHL,SGP,847030
10536778,211,192,9172,2010,0.0,3340.0,-0.075668,-0.549686,SYC,SGP,847030
10536779,216,192,9172,2010,6146.0,3228.0,0.748328,1.425224,THA,SGP,847030
10536780,231,192,9172,2010,4150.0,0.0,1.67573,-0.598165,USA,SGP,847030
10536781,246,192,9172,2010,0.0,78138.0,0.327326,1.513598,ZAF,SGP,847030
10536782,43,201,9172,2010,1799.0,0.0,0.922493,2.0176,CHN,SRB,847030
10536783,71,201,9172,2010,1140.0,0.0,0.832619,2.448009,ESP,SRB,847030
10536784,77,201,9172,2010,1226.0,0.0,1.530027,-0.052557000000000006,FRA,SRB,847030
10536785,102,201,9172,2010,932.0,0.0,1.514225,0.740341,HUN,SRB,847030
10536786,224,201,9172,2010,3597.0,0.0,0.359977,2.471173,TUR,SRB,847030
10536787,249,201,9172,2010,882.0,0.0,1.766729,0.909335,TWN,SRB,847030
10536788,224,219,9172,2010,9261.0,0.0,0.359977,2.471173,TUR,TKM,847030
10536789,43,223,9172,2010,153960.0,0.0,0.922493,2.0176,CHN,TUN,847030
10536790,77,223,9172,2010,11800.0,0.0,1.530027,-0.052557000000000006,FRA,TUN,847030
10536791,43,239,9172,2010,3277.0,0.0,0.922493,2.0176,CHN,VNM,847030
10536792,114,239,9172,2010,1852.0,0.0,2.459723,-0.279387,JPN,VNM,847030
10536793,121,239,9172,2010,1355.0,0.0,1.7118849999999999,0.762362,KOR,VNM,847030
10536794,123,239,9172,2010,0.0,2463.0,-1.104075,-0.836772,LAO,VNM,847030
10536795,231,239,9172,2010,13885.0,0.0,1.67573,-0.598165,USA,VNM,847030
10536796,250,239,9172,2010,1881.0,0.0,0.45129600000000003,-0.223517,ANS,VNM,847030
10536797,7,248,9172,2010,2049.0,0.0,0.29457,-0.196371,ARE,ZWE,847030
10536798,43,248,9172,2010,6779.0,0.0,0.922493,2.0176,CHN,ZWE,847030
10536799,81,248,9172,2010,139616.0,0.0,1.828224,0.386383,GBR,ZWE,847030
10536800,97,248,9172,2010,937.0,0.0,0.715745,1.9780259999999998,HKG,ZWE,847030
10536801,246,248,9172,2010,3650.0,0.0,0.327326,1.513598,ZAF,ZWE,847030
10536802,6,0,9172,2010,1332.0,0.0,-0.08593200000000001,-0.691395,ANT,ABW,847030
10536803,43,0,9172,2010,1224.0,0.0,0.922493,2.0176,CHN,ABW,847030
10536804,162,0,9172,2010,9237.0,0.0,1.237998,1.1891209999999999,NLD,ABW,847030
10536805,169,0,9172,2010,2333.0,0.0,0.617867,0.903432,PAN,ABW,847030
10536806,231,0,9172,2010,3307.0,0.0,1.67573,-0.598165,USA,ABW,847030
10536807,231,1,9172,2010,25301.0,0.0,1.67573,-0.598165,USA,AFG,847030
10536808,26,4,9172,2010,2794.0,0.0,0.462275,0.830405,BIH,ALB,847030
10536809,43,4,9172,2010,44835.0,0.0,0.922493,2.0176,CHN,ALB,847030
10536810,61,4,9172,2010,1132.0,0.0,2.035672,-3.383322,DEU,ALB,847030
10536811,111,4,9172,2010,11416.0,0.0,1.272385,0.545721,ITA,ALB,847030
10536812,224,4,9172,2010,1885.0,0.0,0.359977,2.471173,TUR,ALB,847030
10536813,81,13,9172,2010,1198.0,0.0,1.828224,0.386383,GBR,ATG,847030
10536814,231,13,9172,2010,8589.0,0.0,1.67573,-0.598165,USA,ATG,847030
10536815,43,19,9172,2010,2178.0,0.0,0.922493,2.0176,CHN,BEN,847030
10536816,77,19,9172,2010,1294.0,0.0,1.530027,-0.052557000000000006,FRA,BEN,847030
10536817,81,19,9172,2010,1082.0,0.0,1.828224,0.386383,GBR,BEN,847030
10536818,43,31,9172,2010,7871.0,0.0,0.922493,2.0176,CHN,BOL,847030
10536819,114,31,9172,2010,3057.0,0.0,2.459723,-0.279387,JPN,BOL,847030
10536820,231,31,9172,2010,1024.0,0.0,1.67573,-0.598165,USA,BOL,847030
10536821,81,37,9172,2010,212.0,0.0,1.828224,0.386383,GBR,BWA,847030
10536822,246,37,9172,2010,93732.0,0.0,0.327326,1.513598,ZAF,BWA,847030
10536823,43,44,9172,2010,70498.0,0.0,0.922493,2.0176,CHN,CIV,847030
10536824,250,44,9172,2010,1111.0,0.0,0.45129600000000003,-0.223517,ANS,CIV,847030
10536825,7,45,9172,2010,6070.0,0.0,0.29457,-0.196371,ARE,CMR,847030
10536826,43,45,9172,2010,15757.0,0.0,0.922493,2.0176,CHN,CMR,847030
10536827,77,45,9172,2010,6968.0,0.0,1.530027,-0.052557000000000006,FRA,CMR,847030
10536828,81,46,9172,2010,36278.0,0.0,1.828224,0.386383,GBR,COD,847030
10536829,231,46,9172,2010,19400.0,0.0,1.67573,-0.598165,USA,COD,847030
10536830,77,47,9172,2010,1261.0,0.0,1.530027,-0.052557000000000006,FRA,COG,847030
10536831,81,47,9172,2010,10997.0,0.0,1.828224,0.386383,GBR,COG,847030
10536832,110,47,9172,2010,1952.0,0.0,1.215834,0.7028340000000001,ISR,COG,847030
10536833,43,51,9172,2010,1354.0,0.0,0.922493,2.0176,CHN,CPV,847030
10536834,179,51,9172,2010,15705.0,0.0,0.551149,2.437209,PRT,CPV,847030
10536835,169,54,9172,2010,8759.0,0.0,0.617867,0.903432,PAN,CUB,847030
10536836,61,58,9172,2010,1198.0,0.0,2.035672,-3.383322,DEU,CYP,847030
10536837,81,58,9172,2010,1530.0,0.0,1.828224,0.386383,GBR,CYP,847030
10536838,90,58,9172,2010,224401.0,12180.0,0.200249,1.4640090000000001,GRC,CYP,847030
10536839,224,58,9172,2010,12091.0,0.0,0.359977,2.471173,TUR,CYP,847030
10536840,43,66,9172,2010,44942.0,0.0,0.922493,2.0176,CHN,DZA,847030
10536841,231,66,9172,2010,1128.0,0.0,1.67573,-0.598165,USA,DZA,847030
10536842,43,73,9172,2010,48914.0,0.0,0.922493,2.0176,CHN,ETH,847030
10536843,81,73,9172,2010,16248.0,0.0,1.828224,0.386383,GBR,ETH,847030
10536844,77,80,9172,2010,6628.0,0.0,1.530027,-0.052557000000000006,FRA,GAB,847030
10536845,7,83,9172,2010,975.0,0.0,0.29457,-0.196371,ARE,GHA,847030
10536846,18,83,9172,2010,1527.0,0.0,1.2224270000000002,1.1276,BEL,GHA,847030
10536847,43,83,9172,2010,2329.0,0.0,0.922493,2.0176,CHN,GHA,847030
10536848,77,83,9172,2010,1103.0,0.0,1.530027,-0.052557000000000006,FRA,GHA,847030
10536849,81,83,9172,2010,1069.0,0.0,1.828224,0.386383,GBR,GHA,847030
10536850,124,83,9172,2010,1595.0,0.0,0.415854,1.424085,LBN,GHA,847030
10536851,231,83,9172,2010,961.0,0.0,1.67573,-0.598165,USA,GHA,847030
10536852,246,83,9172,2010,3630.0,0.0,0.327326,1.513598,ZAF,GHA,847030
10536853,249,83,9172,2010,825.0,0.0,1.766729,0.909335,TWN,GHA,847030
10536854,81,89,9172,2010,11309.0,0.0,1.828224,0.386383,GBR,GNQ,847030
10536855,64,92,9172,2010,7962.0,0.0,1.082468,1.280759,DNK,GRL,847030
10536856,43,109,9172,2010,1553.0,0.0,0.922493,2.0176,CHN,ISL,847030
10536857,61,109,9172,2010,17561.0,0.0,2.035672,-3.383322,DEU,ISL,847030
10536858,81,109,9172,2010,3777.0,0.0,1.828224,0.386383,GBR,ISL,847030
10536859,231,109,9172,2010,1194.0,0.0,1.67573,-0.598165,USA,ISL,847030
10536860,43,126,9172,2010,94780.0,0.0,0.922493,2.0176,CHN,LBY,847030
10536861,250,126,9172,2010,7218.0,0.0,0.45129600000000003,-0.223517,ANS,LBY,847030
10536862,14,133,9172,2010,19278.0,0.0,-0.276442,0.062023,AUS,MAC,847030
10536863,43,133,9172,2010,3026.0,0.0,0.922493,2.0176,CHN,MAC,847030
10536864,97,133,9172,2010,1248.0,0.0,0.715745,1.9780259999999998,HKG,MAC,847030
10536865,7,141,9172,2010,20448.0,0.0,0.29457,-0.196371,ARE,MLI,847030
10536866,43,141,9172,2010,102804.0,0.0,0.922493,2.0176,CHN,MLI,847030
10536867,77,141,9172,2010,18847.0,0.0,1.530027,-0.052557000000000006,FRA,MLI,847030
10536868,81,141,9172,2010,1366.0,0.0,1.828224,0.386383,GBR,MLI,847030
10536869,43,144,9172,2010,974.0,0.0,0.922493,2.0176,CHN,MNE,847030
10536870,153,144,9172,2010,1257.0,0.0,0.9530780000000001,0.607456,MYS,MNE,847030
10536871,250,144,9172,2010,2108.0,0.0,0.45129600000000003,-0.223517,ANS,MNE,847030
10536872,77,148,9172,2010,1144.0,0.0,1.530027,-0.052557000000000006,FRA,MRT,847030
10536873,134,148,9172,2010,18973.0,0.0,-0.5935229999999999,-0.056497000000000006,MAR,MRT,847030
10536874,43,151,9172,2010,9691.0,0.0,0.922493,2.0176,CHN,MUS,847030
10536875,77,151,9172,2010,2569.0,2054.0,1.530027,-0.052557000000000006,FRA,MUS,847030
10536876,81,151,9172,2010,2236.0,0.0,1.828224,0.386383,GBR,MUS,847030
10536877,97,151,9172,2010,5109.0,0.0,0.715745,1.9780259999999998,HKG,MUS,847030
10536878,104,151,9172,2010,4648.0,0.0,0.14485599999999998,2.408913,IND,MUS,847030
10536879,2,155,9172,2010,0.0,13115.0,-1.3711010000000001,-1.170608,AGO,NAM,847030
10536880,43,155,9172,2010,60799.0,0.0,0.922493,2.0176,CHN,NAM,847030
10536881,246,155,9172,2010,10021.0,0.0,0.327326,1.513598,ZAF,NAM,847030
10536882,77,156,9172,2010,2616.0,0.0,1.530027,-0.052557000000000006,FRA,NCL,847030
10536883,103,156,9172,2010,0.0,1028.0,-0.30878099999999997,1.07069,IDN,NCL,847030
10536884,43,157,9172,2010,924.0,0.0,0.922493,2.0176,CHN,NER,847030
10536885,14,176,9172,2010,3151.0,0.0,-0.276442,0.062023,AUS,PNG,847030
10536886,7,191,9172,2010,4922.0,0.0,0.29457,-0.196371,ARE,SEN,847030
10536887,43,191,9172,2010,26979.0,0.0,0.922493,2.0176,CHN,SEN,847030
10536888,77,191,9172,2010,4048.0,0.0,1.530027,-0.052557000000000006,FRA,SEN,847030
10536889,81,191,9172,2010,42761.0,0.0,1.828224,0.386383,GBR,SEN,847030
10536890,224,191,9172,2010,1273.0,0.0,0.359977,2.471173,TUR,SEN,847030
10536891,43,209,9172,2010,1478.0,0.0,0.922493,2.0176,CHN,SWZ,847030
10536892,246,209,9172,2010,30254.0,0.0,0.327326,1.513598,ZAF,SWZ,847030
10536893,7,211,9172,2010,118.0,0.0,0.29457,-0.196371,ARE,SYC,847030
10536894,192,211,9172,2010,3340.0,0.0,1.8441349999999999,0.570311,SGP,SYC,847030
10536895,43,215,9172,2010,5785.0,0.0,0.922493,2.0176,CHN,TGO,847030
10536896,77,215,9172,2010,2092.0,0.0,1.530027,-0.052557000000000006,FRA,TGO,847030
10536897,103,220,9172,2010,7948.0,0.0,-0.30878099999999997,1.07069,IDN,TLS,847030
10536898,7,226,9172,2010,9574.0,0.0,0.29457,-0.196371,ARE,TZA,847030
10536899,43,226,9172,2010,6065.0,0.0,0.922493,2.0176,CHN,TZA,847030
10536900,77,226,9172,2010,1083.0,0.0,1.530027,-0.052557000000000006,FRA,TZA,847030
10536901,121,226,9172,2010,12741.0,0.0,1.7118849999999999,0.762362,KOR,TZA,847030
10536902,7,227,9172,2010,13267.0,0.0,0.29457,-0.196371,ARE,UGA,847030
10536903,43,227,9172,2010,9412.0,0.0,0.922493,2.0176,CHN,UGA,847030
10536904,106,227,9172,2010,0.0,6452.0,1.371357,0.168795,IRL,UGA,847030
10536905,110,227,9172,2010,3302.0,0.0,1.215834,0.7028340000000001,ISR,UGA,847030
10536906,246,227,9172,2010,29840.0,0.0,0.327326,1.513598,ZAF,UGA,847030
10536907,231,234,9172,2010,7157.0,0.0,1.67573,-0.598165,USA,VCT,847030
10536908,7,247,9172,2010,11910.0,0.0,0.29457,-0.196371,ARE,ZMB,847030
10536909,43,247,9172,2010,5298.0,0.0,0.922493,2.0176,CHN,ZMB,847030
10536910,81,247,9172,2010,144947.0,0.0,1.828224,0.386383,GBR,ZMB,847030
10536911,97,247,9172,2010,1610.0,0.0,0.715745,1.9780259999999998,HKG,ZMB,847030
10536912,162,247,9172,2010,832.0,0.0,1.237998,1.1891209999999999,NLD,ZMB,847030
10536913,246,247,9172,2010,6881.0,0.0,0.327326,1.513598,ZAF,ZMB,847030
10536914,231,63,9172,2010,4108.0,0.0,1.67573,-0.598165,USA,DMA,847030
10536915,231,120,9172,2010,1032.0,0.0,1.67573,-0.598165,USA,KNA,847030
10536916,39,9,9172,2010,68469.0,0.0,0.752421,1.2208510000000001,CAN,ARM,847030
10536917,43,9,9172,2010,11510.0,0.0,0.922493,2.0176,CHN,ARM,847030
10536918,43,143,9172,2010,46751.0,0.0,0.922493,2.0176,CHN,MMR,847030
10536919,103,143,9172,2010,2168.0,0.0,-0.30878099999999997,1.07069,IDN,MMR,847030
10536920,216,143,9172,2010,4888.0,0.0,0.748328,1.425224,THA,MMR,847030
10536921,43,21,9172,2010,2198.0,0.0,0.922493,2.0176,CHN,BFA,847030
10536922,124,21,9172,2010,1033.0,0.0,0.415854,1.424085,LBN,BFA,847030
10536923,43,29,9172,2010,815.0,0.0,0.922493,2.0176,CHN,BLZ,847030
10536924,231,29,9172,2010,26706.0,0.0,1.67573,-0.598165,USA,BLZ,847030
10536925,231,30,9172,2010,10671.0,0.0,1.67573,-0.598165,USA,BMU,847030
10536926,43,127,9172,2010,950.0,0.0,0.922493,2.0176,CHN,LCA,847030
10536927,169,127,9172,2010,3992.0,0.0,0.617867,0.903432,PAN,LCA,847030
10536928,231,127,9172,2010,2076.0,0.0,1.67573,-0.598165,USA,LCA,847030
10536929,43,160,9172,2010,11338.0,0.0,0.922493,2.0176,CHN,NIC,847030
10536930,93,160,9172,2010,19371.0,0.0,-0.39034,0.743521,GTM,NIC,847030
10536931,169,160,9172,2010,831.0,0.0,0.617867,0.903432,PAN,NIC,847030
10536932,43,164,9172,2010,463160.0,0.0,0.922493,2.0176,CHN,NPL,847030
10536933,104,164,9172,2010,14339.0,0.0,0.14485599999999998,2.408913,IND,NPL,847030
10536934,7,187,9172,2010,31694.0,0.0,0.29457,-0.196371,ARE,RWA,847030
10536935,43,187,9172,2010,6422.0,0.0,0.922493,2.0176,CHN,RWA,847030
10536936,71,5,9172,2010,1302.0,0.0,0.832619,2.448009,ESP,AND,847030
10536937,7,17,9172,2010,918.0,0.0,0.29457,-0.196371,ARE,BDI,847030
10536938,18,17,9172,2010,1804.0,0.0,1.2224270000000002,1.1276,BEL,BDI,847030
10536939,43,34,9172,2010,6822.0,0.0,0.922493,2.0176,CHN,BRN,847030
10536940,192,34,9172,2010,3581.0,0.0,1.8441349999999999,0.570311,SGP,BRN,847030
10536941,104,35,9172,2010,8583.0,0.0,0.14485599999999998,2.408913,IND,BTN,847030
10536942,14,75,9172,2010,17633.0,0.0,-0.276442,0.062023,AUS,FJI,847030
10536943,43,75,9172,2010,1441.0,0.0,0.922493,2.0176,CHN,FJI,847030
10536944,104,75,9172,2010,2143.0,0.0,0.14485599999999998,2.408913,IND,FJI,847030
10536945,81,129,9172,2010,38562.0,0.0,1.828224,0.386383,GBR,LSO,847030
10536946,246,129,9172,2010,105142.0,0.0,0.327326,1.513598,ZAF,LSO,847030
10536947,43,136,9172,2010,2622.0,0.0,0.922493,2.0176,CHN,MDG,847030
10536948,7,152,9172,2010,4536.0,0.0,0.29457,-0.196371,ARE,MWI,847030
10536949,43,152,9172,2010,3587.0,0.0,0.922493,2.0176,CHN,MWI,847030
10536950,81,152,9172,2010,43656.0,0.0,1.828224,0.386383,GBR,MWI,847030
10536951,168,152,9172,2010,2120.0,0.0,-0.692071,0.5409010000000001,PAK,MWI,847030
10536952,43,181,9172,2010,794.0,0.0,0.922493,2.0176,CHN,PSE,847030
10536953,14,182,9172,2010,4310.0,0.0,-0.276442,0.062023,AUS,PYF,847030
10536954,43,182,9172,2010,5011.0,0.0,0.922493,2.0176,CHN,PYF,847030
10536955,77,182,9172,2010,4181.0,0.0,1.530027,-0.052557000000000006,FRA,PYF,847030
10536956,43,123,9172,2010,23146.0,0.0,0.922493,2.0176,CHN,LAO,847030
10536957,216,123,9172,2010,7183.0,0.0,0.748328,1.425224,THA,LAO,847030
10536958,239,123,9172,2010,2463.0,0.0,-0.24660500000000002,1.427235,VNM,LAO,847030
10536959,43,221,9172,2010,875.0,0.0,0.922493,2.0176,CHN,TON,847030
10536960,166,221,9172,2010,3297.0,0.0,0.36828299999999997,0.574574,NZL,TON,847030
10536961,166,242,9172,2010,997.0,0.0,0.36828299999999997,0.574574,NZL,WSM,847030
10536962,174,95,9172,2010,1622.0,0.0,0.40418899999999996,0.102497,PHL,GUM,847030
10536963,97,119,9172,2010,713.0,0.0,0.715745,1.9780259999999998,HKG,KIR,847030
10536964,14,158,9172,2010,10811.0,0.0,-0.276442,0.062023,AUS,NFK,847030
10536965,208,78,9172,2010,8790.0,0.0,1.882239,0.397927,SWE,FRO,847030
10536966,77,154,9172,2010,5542.0,0.0,1.530027,-0.052557000000000006,FRA,MYT,847030
10536967,159,36,9172,2010,0.0,58551.0,-1.887084,-1.2280229999999999,NGA,BVT,847030
10536968,43,2,9182,2010,3366.0,0.0,0.922493,2.0176,CHN,AGO,847210
10536969,61,2,9182,2010,9020.0,0.0,2.035672,-3.383322,DEU,AGO,847210
10536970,81,2,9182,2010,28686.0,0.0,1.828224,0.386383,GBR,AGO,847210
10536971,110,2,9182,2010,643.0,0.0,1.215834,0.7028340000000001,ISR,AGO,847210
10536972,155,2,9182,2010,1141.0,0.0,-0.49860299999999996,-0.6728529999999999,NAM,AGO,847210
10536973,162,2,9182,2010,1164.0,0.0,1.237998,1.1891209999999999,NLD,AGO,847210
10536974,179,2,9182,2010,27716.0,0.0,0.551149,2.437209,PRT,AGO,847210
10536975,246,2,9182,2010,127213.0,0.0,0.327326,1.513598,ZAF,AGO,847210
10536976,162,6,9182,2010,2653.0,0.0,1.237998,1.1891209999999999,NLD,ANT,847210
10536977,43,8,9182,2010,208776.0,0.0,0.922493,2.0176,CHN,ARG,847210
10536978,114,8,9182,2010,132164.0,0.0,2.459723,-0.279387,JPN,ARG,847210
10536979,169,8,9182,2010,240.0,0.0,0.617867,0.903432,PAN,ARG,847210
10536980,231,8,9182,2010,117413.0,0.0,1.67573,-0.598165,USA,ARG,847210
10536981,41,15,9182,2010,0.0,5374.0,2.1492080000000002,0.556424,CHE,AUT,847210
10536982,43,15,9182,2010,1569.0,0.0,0.922493,2.0176,CHN,AUT,847210
10536983,61,15,9182,2010,9540.0,0.0,2.035672,-3.383322,DEU,AUT,847210
10536984,64,15,9182,2010,68271.0,0.0,1.082468,1.280759,DNK,AUT,847210
10536985,77,15,9182,2010,26874.0,0.0,1.530027,-0.052557000000000006,FRA,AUT,847210
10536986,81,15,9182,2010,1202.0,0.0,1.828224,0.386383,GBR,AUT,847210
10536987,102,15,9182,2010,0.0,888.0,1.514225,0.740341,HUN,AUT,847210
10536988,104,15,9182,2010,0.0,407134.0,0.14485599999999998,2.408913,IND,AUT,847210
10536989,111,15,9182,2010,0.0,1350.0,1.272385,0.545721,ITA,AUT,847210
10536990,114,15,9182,2010,1386.0,0.0,2.459723,-0.279387,JPN,AUT,847210
10536991,162,15,9182,2010,6752.0,0.0,1.237998,1.1891209999999999,NLD,AUT,847210
10536992,39,18,9182,2010,7602.0,0.0,0.752421,1.2208510000000001,CAN,BEL,847210
10536993,43,18,9182,2010,2080.0,0.0,0.922493,2.0176,CHN,BEL,847210
10536994,46,18,9182,2010,0.0,4510.0,-1.465101,-1.139909,COD,BEL,847210
10536995,50,18,9182,2010,0.0,1205.0,0.8640059999999999,-0.6108180000000001,COM,BEL,847210
10536996,64,18,9182,2010,5747.0,2586.0,1.082468,1.280759,DNK,BEL,847210
10536997,65,18,9182,2010,0.0,1078.0,-0.245241,0.368626,DOM,BEL,847210
10536998,77,18,9182,2010,94660.0,1318.0,1.530027,-0.052557000000000006,FRA,BEL,847210
10536999,81,18,9182,2010,36033.0,0.0,1.828224,0.386383,GBR,BEL,847210
10537000,110,18,9182,2010,67302.0,0.0,1.215834,0.7028340000000001,ISR,BEL,847210
10537001,111,18,9182,2010,0.0,32482.0,1.272385,0.545721,ITA,BEL,847210
10537002,131,18,9182,2010,7479.0,4828.0,1.272127,1.1051520000000001,LUX,BEL,847210
10537003,162,18,9182,2010,104077.0,0.0,1.237998,1.1891209999999999,NLD,BEL,847210
10537004,177,18,9182,2010,0.0,1156.0,1.083552,1.1433719999999998,POL,BEL,847210
10537005,187,18,9182,2010,0.0,3111.0,-0.6033350000000001,-0.524881,RWA,BEL,847210
10537006,192,18,9182,2010,0.0,13129.0,1.8441349999999999,0.570311,SGP,BEL,847210
10537007,224,18,9182,2010,0.0,993.0,0.359977,2.471173,TUR,BEL,847210
10537008,231,18,9182,2010,0.0,4212.0,1.67573,-0.598165,USA,BEL,847210
10537009,112,25,9182,2010,3355.0,0.0,0.041471,-0.367177,JAM,BHS,847210
10537010,231,25,9182,2010,18187.0,0.0,1.67573,-0.598165,USA,BHS,847210
10537011,43,32,9182,2010,142385.0,0.0,0.922493,2.0176,CHN,BRA,847210
10537012,81,32,9182,2010,2908.0,0.0,1.828224,0.386383,GBR,BRA,847210
10537013,114,32,9182,2010,120451.0,0.0,2.459723,-0.279387,JPN,BRA,847210
10537014,153,32,9182,2010,2961.0,0.0,0.9530780000000001,0.607456,MYS,BRA,847210
10537015,179,32,9182,2010,52998.0,0.0,0.551149,2.437209,PRT,BRA,847210
10537016,231,32,9182,2010,20763.0,0.0,1.67573,-0.598165,USA,BRA,847210
10537017,159,33,9182,2010,0.0,457.0,-1.887084,-1.2280229999999999,NGA,BRB,847210
10537018,231,33,9182,2010,15358.0,0.0,1.67573,-0.598165,USA,BRB,847210
10537019,18,39,9182,2010,0.0,7602.0,1.2224270000000002,1.1276,BEL,CAN,847210
10537020,31,39,9182,2010,0.0,65771.0,-0.83736,-0.812473,BOL,CAN,847210
10537021,43,39,9182,2010,27098.0,557557.0,0.922493,2.0176,CHN,CAN,847210
10537022,54,39,9182,2010,0.0,5012.0,-0.085462,-0.885019,CUB,CAN,847210
10537023,61,39,9182,2010,1107.0,0.0,2.035672,-3.383322,DEU,CAN,847210
10537024,65,39,9182,2010,0.0,3082.0,-0.245241,0.368626,DOM,CAN,847210
10537025,67,39,9182,2010,0.0,1513.0,-0.584013,-0.743675,ECU,CAN,847210
10537026,77,39,9182,2010,12525.0,0.0,1.530027,-0.052557000000000006,FRA,CAN,847210
10537027,81,39,9182,2010,2008.0,3119.0,1.828224,0.386383,GBR,CAN,847210
10537028,96,39,9182,2010,0.0,1178.0,-1.020217,-1.0231569999999999,GUY,CAN,847210
10537029,97,39,9182,2010,0.0,825139.0,0.715745,1.9780259999999998,HKG,CAN,847210
10537030,111,39,9182,2010,4396.0,0.0,1.272385,0.545721,ITA,CAN,847210
10537031,114,39,9182,2010,12375.0,0.0,2.459723,-0.279387,JPN,CAN,847210
10537032,121,39,9182,2010,0.0,842255.0,1.7118849999999999,0.762362,KOR,CAN,847210
10537033,138,39,9182,2010,0.0,1281.0,1.132664,0.675756,MEX,CAN,847210
10537034,153,39,9182,2010,2200.0,0.0,0.9530780000000001,0.607456,MYS,CAN,847210
10537035,162,39,9182,2010,21520.0,0.0,1.237998,1.1891209999999999,NLD,CAN,847210
10537036,173,39,9182,2010,0.0,3744.0,-0.650327,0.162321,PER,CAN,847210
10537037,192,39,9182,2010,0.0,1203018.0,1.8441349999999999,0.570311,SGP,CAN,847210
10537038,216,39,9182,2010,0.0,184709.0,0.748328,1.425224,THA,CAN,847210
10537039,231,39,9182,2010,268387.0,21202.0,1.67573,-0.598165,USA,CAN,847210
10537040,239,39,9182,2010,0.0,187929.0,-0.24660500000000002,1.427235,VNM,CAN,847210
10537041,249,39,9182,2010,7306.0,0.0,1.766729,0.909335,TWN,CAN,847210
10537042,15,41,9182,2010,5374.0,0.0,1.724315,-0.29379099999999997,AUT,CHE,847210
10537043,61,41,9182,2010,9627.0,6376.0,2.035672,-3.383322,DEU,CHE,847210
10537044,77,41,9182,2010,15631.0,36760.0,1.530027,-0.052557000000000006,FRA,CHE,847210
10537045,81,41,9182,2010,46908.0,0.0,1.828224,0.386383,GBR,CHE,847210
10537046,111,41,9182,2010,30482.0,0.0,1.272385,0.545721,ITA,CHE,847210
10537047,117,41,9182,2010,0.0,11758.0,-0.48426400000000003,-0.169443,KGZ,CHE,847210
10537048,141,41,9182,2010,0.0,1646.0,-0.585496,-0.655841,MLI,CHE,847210
10537049,153,41,9182,2010,0.0,8758.0,0.9530780000000001,0.607456,MYS,CHE,847210
10537050,162,41,9182,2010,1159.0,0.0,1.237998,1.1891209999999999,NLD,CHE,847210
10537051,43,42,9182,2010,11622.0,0.0,0.922493,2.0176,CHN,CHL,847210
10537052,71,42,9182,2010,10283.0,0.0,0.832619,2.448009,ESP,CHL,847210
10537053,97,42,9182,2010,1057.0,0.0,0.715745,1.9780259999999998,HKG,CHL,847210
10537054,169,42,9182,2010,0.0,943.0,0.617867,0.903432,PAN,CHL,847210
10537055,231,42,9182,2010,587669.0,0.0,1.67573,-0.598165,USA,CHL,847210
10537056,2,43,9182,2010,0.0,3366.0,-1.3711010000000001,-1.170608,AGO,CHN,847210
10537057,7,43,9182,2010,0.0,29654.0,0.29457,-0.196371,ARE,CHN,847210
10537058,8,43,9182,2010,0.0,208776.0,0.27458899999999997,0.597907,ARG,CHN,847210
10537059,9,43,9182,2010,0.0,2403.0,0.11632,-0.417048,ARM,CHN,847210
10537060,14,43,9182,2010,0.0,4227.0,-0.276442,0.062023,AUS,CHN,847210
10537061,15,43,9182,2010,0.0,1569.0,1.724315,-0.29379099999999997,AUT,CHN,847210
10537062,16,43,9182,2010,0.0,3096.0,-1.048424,-1.2030370000000001,AZE,CHN,847210
10537063,17,43,9182,2010,0.0,1253.0,-0.922883,-0.748675,BDI,CHN,847210
10537064,18,43,9182,2010,0.0,2080.0,1.2224270000000002,1.1276,BEL,CHN,847210
10537065,21,43,9182,2010,0.0,3644.0,-0.625747,-0.700651,BFA,CHN,847210
10537066,24,43,9182,2010,8940.0,13747.0,0.284356,-0.8362,BHR,CHN,847210
10537067,31,43,9182,2010,0.0,197703.0,-0.83736,-0.812473,BOL,CHN,847210
10537068,32,43,9182,2010,0.0,142385.0,0.40715500000000004,0.6208100000000001,BRA,CHN,847210
10537069,34,43,9182,2010,0.0,2409.0,0.717167,-0.764841,BRN,CHN,847210
10537070,35,43,9182,2010,0.0,1060.0,-0.10866300000000001,-0.5950270000000001,BTN,CHN,847210
10537071,37,43,9182,2010,0.0,14363.0,-0.181373,-0.714376,BWA,CHN,847210
10537072,39,43,9182,2010,557557.0,27098.0,0.752421,1.2208510000000001,CAN,CHN,847210
10537073,42,43,9182,2010,0.0,11622.0,-0.34914,-0.459395,CHL,CHN,847210
10537074,45,43,9182,2010,0.0,42057.0,-1.114209,-1.0127899999999999,CMR,CHN,847210
10537075,49,43,9182,2010,0.0,42519.0,0.097222,-0.064328,COL,CHN,847210
10537076,52,43,9182,2010,0.0,2078.0,-0.122722,-0.7062069999999999,CRI,CHN,847210
10537077,59,43,9182,2010,0.0,288506.0,1.732044,0.333934,CZE,CHN,847210
10537078,61,43,9182,2010,1879.0,93936.0,2.035672,-3.383322,DEU,CHN,847210
10537079,63,43,9182,2010,0.0,4717.0,0.35578699999999996,0.13029200000000002,DMA,CHN,847210
10537080,65,43,9182,2010,0.0,185466.0,-0.245241,0.368626,DOM,CHN,847210
10537081,66,43,9182,2010,0.0,53188.0,-1.00922,-1.1511040000000001,DZA,CHN,847210
10537082,68,43,9182,2010,0.0,2053.0,-0.181826,1.409465,EGY,CHN,847210
10537083,71,43,9182,2010,0.0,414746.0,0.832619,2.448009,ESP,CHN,847210
10537084,73,43,9182,2010,0.0,19947.0,-1.122906,-0.840777,ETH,CHN,847210
10537085,75,43,9182,2010,0.0,3139.0,-0.603112,-0.29135500000000003,FJI,CHN,847210
10537086,77,43,9182,2010,0.0,1309316.0,1.530027,-0.052557000000000006,FRA,CHN,847210
10537087,79,43,9182,2010,0.0,4987.0,-1.2914889999999999,-1.0153450000000002,FSM,CHN,847210
10537088,80,43,9182,2010,0.0,1875.0,-1.707175,-1.167635,GAB,CHN,847210
10537089,81,43,9182,2010,38898.0,551650.0,1.828224,0.386383,GBR,CHN,847210
10537090,82,43,9182,2010,0.0,1660.0,-0.21301399999999998,-0.48355299999999996,GEO,CHN,847210
10537091,83,43,9182,2010,0.0,993.0,-0.835003,-0.633731,GHA,CHN,847210
10537092,90,43,9182,2010,0.0,8284.0,0.200249,1.4640090000000001,GRC,CHN,847210
10537093,93,43,9182,2010,0.0,57711.0,-0.39034,0.743521,GTM,CHN,847210
10537094,97,43,9182,2010,60826.0,140063.0,0.715745,1.9780259999999998,HKG,CHN,847210
10537095,99,43,9182,2010,0.0,389589.0,-0.569501,-0.153122,HND,CHN,847210
10537096,100,43,9182,2010,0.0,3049.0,0.8276979999999999,0.97415,HRV,CHN,847210
10537097,101,43,9182,2010,0.0,5001.0,-1.369873,-1.121801,HTI,CHN,847210
10537098,103,43,9182,2010,0.0,23505.0,-0.30878099999999997,1.07069,IDN,CHN,847210
10537099,104,43,9182,2010,0.0,1756.0,0.14485599999999998,2.408913,IND,CHN,847210
10537100,107,43,9182,2010,0.0,1989.0,-0.609874,-0.744733,IRN,CHN,847210
10537101,109,43,9182,2010,0.0,1178.0,0.20822100000000002,-0.318294,ISL,CHN,847210
10537102,111,43,9182,2010,105290.0,0.0,1.272385,0.545721,ITA,CHN,847210
10537103,113,43,9182,2010,0.0,30828.0,0.251702,0.522758,JOR,CHN,847210
10537104,114,43,9182,2010,887043.0,131938.0,2.459723,-0.279387,JPN,CHN,847210
10537105,115,43,9182,2010,0.0,218831.0,-0.6278020000000001,-0.8419760000000001,KAZ,CHN,847210
10537106,116,43,9182,2010,0.0,10134.0,-0.387187,1.010443,KEN,CHN,847210
10537107,117,43,9182,2010,0.0,112537.0,-0.48426400000000003,-0.169443,KGZ,CHN,847210
10537108,118,43,9182,2010,0.0,104138.0,-1.158906,-1.019906,KHM,CHN,847210
10537109,121,43,9182,2010,0.0,8076.0,1.7118849999999999,0.762362,KOR,CHN,847210
10537110,122,43,9182,2010,0.0,27373.0,0.067373,-1.0822120000000002,KWT,CHN,847210
10537111,123,43,9182,2010,0.0,19426.0,-1.104075,-0.836772,LAO,CHN,847210
10537112,124,43,9182,2010,0.0,330483.0,0.415854,1.424085,LBN,CHN,847210
10537113,126,43,9182,2010,0.0,20738.0,-0.706491,-1.140822,LBY,CHN,847210
10537114,128,43,9182,2010,0.0,64507.0,-0.70886,0.25216700000000003,LKA,CHN,847210
10537115,131,43,9182,2010,0.0,9836.0,1.272127,1.1051520000000001,LUX,CHN,847210
10537116,134,43,9182,2010,0.0,189034.0,-0.5935229999999999,-0.056497000000000006,MAR,CHN,847210
10537117,138,43,9182,2010,0.0,18728.0,1.132664,0.675756,MEX,CHN,847210
10537118,140,43,9182,2010,0.0,1696.0,-0.122842,0.407017,MKD,CHN,847210
10537119,141,43,9182,2010,0.0,5182.0,-0.585496,-0.655841,MLI,CHN,847210
10537120,143,43,9182,2010,0.0,60709.0,-1.480389,-1.075842,MMR,CHN,847210
10537121,147,43,9182,2010,0.0,7019.0,-1.479855,-1.070518,MOZ,CHN,847210
10537122,151,43,9182,2010,0.0,3656.0,-0.173542,0.103727,MUS,CHN,847210
10537123,152,43,9182,2010,0.0,549.0,-0.821839,-0.9153870000000001,MWI,CHN,847210
10537124,153,43,9182,2010,0.0,61403.0,0.9530780000000001,0.607456,MYS,CHN,847210
10537125,157,43,9182,2010,0.0,1393.0,-0.829902,-0.826152,NER,CHN,847210
10537126,160,43,9182,2010,0.0,73391.0,-0.9387409999999999,-0.8119569999999999,NIC,CHN,847210
10537127,162,43,9182,2010,0.0,1907198.0,1.237998,1.1891209999999999,NLD,CHN,847210
10537128,163,43,9182,2010,0.0,70936.0,0.865676,0.138757,NOR,CHN,847210
10537129,164,43,9182,2010,0.0,5387.0,-0.23753400000000002,0.7957390000000001,NPL,CHN,847210
10537130,166,43,9182,2010,0.0,65201.0,0.36828299999999997,0.574574,NZL,CHN,847210
10537131,167,43,9182,2010,0.0,7207.0,-0.487612,-0.9551379999999999,OMN,CHN,847210
10537132,168,43,9182,2010,0.0,1821.0,-0.692071,0.5409010000000001,PAK,CHN,847210
10537133,169,43,9182,2010,0.0,390035.0,0.617867,0.903432,PAN,CHN,847210
10537134,173,43,9182,2010,0.0,56735.0,-0.650327,0.162321,PER,CHN,847210
10537135,174,43,9182,2010,0.0,376175.0,0.40418899999999996,0.102497,PHL,CHN,847210
10537136,176,43,9182,2010,0.0,2080.0,-1.725138,-1.195622,PNG,CHN,847210
10537137,177,43,9182,2010,0.0,52866.0,1.083552,1.1433719999999998,POL,CHN,847210
10537138,179,43,9182,2010,0.0,3431.0,0.551149,2.437209,PRT,CHN,847210
10537139,180,43,9182,2010,0.0,13251.0,-0.553805,-0.8699450000000001,PRY,CHN,847210
10537140,182,43,9182,2010,0.0,473.0,-0.47692700000000005,-0.8429760000000001,PYF,CHN,847210
10537141,183,43,9182,2010,0.0,165561.0,-0.346143,-1.078192,QAT,CHN,847210
10537142,186,43,9182,2010,0.0,45618.0,0.583996,-0.223881,RUS,CHN,847210
10537143,187,43,9182,2010,0.0,2547.0,-0.6033350000000001,-0.524881,RWA,CHN,847210
10537144,188,43,9182,2010,0.0,1791401.0,0.46696400000000005,-0.7487520000000001,SAU,CHN,847210
10537145,190,43,9182,2010,0.0,30490.0,-1.9094669999999998,-1.271065,SDN,CHN,847210
10537146,191,43,9182,2010,0.0,6022.0,-0.45445,-0.148149,SEN,CHN,847210
10537147,192,43,9182,2010,18964.0,57232.0,1.8441349999999999,0.570311,SGP,CHN,847210
10537148,196,43,9182,2010,0.0,4504.0,-0.056713,-0.293668,SLE,CHN,847210
10537149,197,43,9182,2010,0.0,5362.0,-0.101434,0.132639,SLV,CHN,847210
10537150,207,43,9182,2010,0.0,2202.0,1.595473,0.7023020000000001,SVN,CHN,847210
10537151,208,43,9182,2010,0.0,5647.0,1.882239,0.397927,SWE,CHN,847210
10537152,212,43,9182,2010,0.0,77122.0,-0.46833800000000003,1.11952,SYR,CHN,847210
10537153,216,43,9182,2010,0.0,289912.0,0.748328,1.425224,THA,CHN,847210
10537154,222,43,9182,2010,0.0,2972.0,-0.338123,-1.070239,TTO,CHN,847210
10537155,223,43,9182,2010,0.0,9399.0,0.165019,0.8882059999999999,TUN,CHN,847210
10537156,224,43,9182,2010,0.0,122784.0,0.359977,2.471173,TUR,CHN,847210
10537157,226,43,9182,2010,0.0,1906.0,-0.7327,0.427616,TZA,CHN,847210
10537158,227,43,9182,2010,0.0,7381.0,-0.48061400000000004,0.187001,UGA,CHN,847210
10537159,228,43,9182,2010,0.0,11946.0,0.714148,0.916267,UKR,CHN,847210
10537160,230,43,9182,2010,0.0,20100.0,0.217246,-0.079733,URY,CHN,847210
10537161,231,43,9182,2010,3738606.0,4430283.0,1.67573,-0.598165,USA,CHN,847210
10537162,236,43,9182,2010,0.0,45737.0,-0.660844,-1.145133,VEN,CHN,847210
10537163,239,43,9182,2010,0.0,33875.0,-0.24660500000000002,1.427235,VNM,CHN,847210
10537164,243,43,9182,2010,0.0,2572.0,-1.360851,-1.208826,YEM,CHN,847210
10537165,246,43,9182,2010,0.0,40094.0,0.327326,1.513598,ZAF,CHN,847210
10537166,249,43,9182,2010,13855.0,14281.0,1.766729,0.909335,TWN,CHN,847210
10537167,43,49,9182,2010,42519.0,0.0,0.922493,2.0176,CHN,COL,847210
10537168,81,49,9182,2010,2644.0,0.0,1.828224,0.386383,GBR,COL,847210
10537169,104,49,9182,2010,2749.0,0.0,0.14485599999999998,2.408913,IND,COL,847210
10537170,114,49,9182,2010,1358.0,0.0,2.459723,-0.279387,JPN,COL,847210
10537171,121,49,9182,2010,3537.0,0.0,1.7118849999999999,0.762362,KOR,COL,847210
10537172,169,49,9182,2010,4152.0,0.0,0.617867,0.903432,PAN,COL,847210
10537173,231,49,9182,2010,238718.0,0.0,1.67573,-0.598165,USA,COL,847210
10537174,43,52,9182,2010,2078.0,0.0,0.922493,2.0176,CHN,CRI,847210
10537175,61,52,9182,2010,1371.0,0.0,2.035672,-3.383322,DEU,CRI,847210
10537176,93,52,9182,2010,16227.0,0.0,-0.39034,0.743521,GTM,CRI,847210
10537177,153,52,9182,2010,2927.0,0.0,0.9530780000000001,0.607456,MYS,CRI,847210
10537178,169,52,9182,2010,0.0,4332.0,0.617867,0.903432,PAN,CRI,847210
10537179,231,52,9182,2010,174427.0,0.0,1.67573,-0.598165,USA,CRI,847210
10537180,2,61,9182,2010,0.0,9020.0,-1.3711010000000001,-1.170608,AGO,DEU,847210
10537181,15,61,9182,2010,0.0,9540.0,1.724315,-0.29379099999999997,AUT,DEU,847210
10537182,16,61,9182,2010,0.0,3995.0,-1.048424,-1.2030370000000001,AZE,DEU,847210
10537183,34,61,9182,2010,0.0,1109.0,0.717167,-0.764841,BRN,DEU,847210
10537184,39,61,9182,2010,0.0,1107.0,0.752421,1.2208510000000001,CAN,DEU,847210
10537185,41,61,9182,2010,6376.0,9627.0,2.1492080000000002,0.556424,CHE,DEU,847210
10537186,43,61,9182,2010,93936.0,1879.0,0.922493,2.0176,CHN,DEU,847210
10537187,45,61,9182,2010,0.0,5354.0,-1.114209,-1.0127899999999999,CMR,DEU,847210
10537188,52,61,9182,2010,0.0,1371.0,-0.122722,-0.7062069999999999,CRI,DEU,847210
10537189,59,61,9182,2010,0.0,4546.0,1.732044,0.333934,CZE,DEU,847210
10537190,64,61,9182,2010,550686.0,261392.0,1.082468,1.280759,DNK,DEU,847210
10537191,68,61,9182,2010,0.0,240124.0,-0.181826,1.409465,EGY,DEU,847210
10537192,71,61,9182,2010,128881.0,6747320.0,0.832619,2.448009,ESP,DEU,847210
10537193,77,61,9182,2010,1772919.0,26960.0,1.530027,-0.052557000000000006,FRA,DEU,847210
10537194,81,61,9182,2010,285328.0,6104.0,1.828224,0.386383,GBR,DEU,847210
10537195,82,61,9182,2010,0.0,3088.0,-0.21301399999999998,-0.48355299999999996,GEO,DEU,847210
10537196,83,61,9182,2010,0.0,900.0,-0.835003,-0.633731,GHA,DEU,847210
10537197,100,61,9182,2010,0.0,3842.0,0.8276979999999999,0.97415,HRV,DEU,847210
10537198,102,61,9182,2010,0.0,10886.0,1.514225,0.740341,HUN,DEU,847210
10537199,107,61,9182,2010,0.0,123083.0,-0.609874,-0.744733,IRN,DEU,847210
10537200,109,61,9182,2010,0.0,15016.0,0.20822100000000002,-0.318294,ISL,DEU,847210
10537201,111,61,9182,2010,0.0,133109.0,1.272385,0.545721,ITA,DEU,847210
10537202,114,61,9182,2010,1570905.0,0.0,2.459723,-0.279387,JPN,DEU,847210
10537203,117,61,9182,2010,0.0,955.0,-0.48426400000000003,-0.169443,KGZ,DEU,847210
10537204,124,61,9182,2010,0.0,10509.0,0.415854,1.424085,LBN,DEU,847210
10537205,126,61,9182,2010,0.0,99401.0,-0.706491,-1.140822,LBY,DEU,847210
10537206,130,61,9182,2010,0.0,90981.0,0.6390600000000001,1.144911,LTU,DEU,847210
10537207,131,61,9182,2010,2437.0,93395.0,1.272127,1.1051520000000001,LUX,DEU,847210
10537208,135,61,9182,2010,0.0,11429.0,-0.116797,0.037801,MDA,DEU,847210
10537209,142,61,9182,2010,0.0,982.0,1.211797,-0.024923,MLT,DEU,847210
10537210,153,61,9182,2010,0.0,5255.0,0.9530780000000001,0.607456,MYS,DEU,847210
10537211,162,61,9182,2010,428434.0,243573.0,1.237998,1.1891209999999999,NLD,DEU,847210
10537212,163,61,9182,2010,5660.0,0.0,0.865676,0.138757,NOR,DEU,847210
10537213,177,61,9182,2010,0.0,21663.0,1.083552,1.1433719999999998,POL,DEU,847210
10537214,185,61,9182,2010,0.0,8463.0,0.6483760000000001,1.200256,ROU,DEU,847210
10537215,186,61,9182,2010,0.0,83321.0,0.583996,-0.223881,RUS,DEU,847210
10537216,188,61,9182,2010,0.0,97916.0,0.46696400000000005,-0.7487520000000001,SAU,DEU,847210
10537217,190,61,9182,2010,0.0,1009.0,-1.9094669999999998,-1.271065,SDN,DEU,847210
10537218,201,61,9182,2010,0.0,12906.0,0.561161,1.33974,SRB,DEU,847210
10537219,206,61,9182,2010,0.0,1688.0,1.278601,0.726907,SVK,DEU,847210
10537220,212,61,9182,2010,0.0,2051.0,-0.46833800000000003,1.11952,SYR,DEU,847210
10537221,216,61,9182,2010,0.0,1003.0,0.748328,1.425224,THA,DEU,847210
10537222,228,61,9182,2010,0.0,26143.0,0.714148,0.916267,UKR,DEU,847210
10537223,231,61,9182,2010,25801.0,0.0,1.67573,-0.598165,USA,DEU,847210
10537224,246,61,9182,2010,0.0,1207.0,0.327326,1.513598,ZAF,DEU,847210
10537225,249,61,9182,2010,35745.0,0.0,1.766729,0.909335,TWN,DEU,847210
10537226,15,64,9182,2010,0.0,68271.0,1.724315,-0.29379099999999997,AUT,DNK,847210
10537227,18,64,9182,2010,2586.0,5747.0,1.2224270000000002,1.1276,BEL,DNK,847210
10537228,21,64,9182,2010,0.0,8787.0,-0.625747,-0.700651,BFA,DNK,847210
10537229,59,64,9182,2010,1766.0,133096.0,1.732044,0.333934,CZE,DNK,847210
10537230,61,64,9182,2010,261392.0,550686.0,2.035672,-3.383322,DEU,DNK,847210
10537231,71,64,9182,2010,2312.0,356041.0,0.832619,2.448009,ESP,DNK,847210
10537232,74,64,9182,2010,200964.0,152365.0,1.745464,0.897992,FIN,DNK,847210
10537233,77,64,9182,2010,203235.0,116678.0,1.530027,-0.052557000000000006,FRA,DNK,847210
10537234,81,64,9182,2010,96016.0,183042.0,1.828224,0.386383,GBR,DNK,847210
10537235,83,64,9182,2010,0.0,1352.0,-0.835003,-0.633731,GHA,DNK,847210
10537236,87,64,9182,2010,0.0,856.0,-0.894757,-0.734589,GMB,DNK,847210
10537237,90,64,9182,2010,0.0,17569.0,0.200249,1.4640090000000001,GRC,DNK,847210
10537238,97,64,9182,2010,0.0,13301.0,0.715745,1.9780259999999998,HKG,DNK,847210
10537239,102,64,9182,2010,0.0,25443.0,1.514225,0.740341,HUN,DNK,847210
10537240,106,64,9182,2010,18752938.0,533208.0,1.371357,0.168795,IRL,DNK,847210
10537241,111,64,9182,2010,1318.0,165505.0,1.272385,0.545721,ITA,DNK,847210
10537242,131,64,9182,2010,1209.0,5515.0,1.272127,1.1051520000000001,LUX,DNK,847210
10537243,132,64,9182,2010,25811.0,37858.0,0.6158170000000001,1.1401059999999998,LVA,DNK,847210
10537244,162,64,9182,2010,15290489.0,468859.0,1.237998,1.1891209999999999,NLD,DNK,847210
10537245,163,64,9182,2010,0.0,4073.0,0.865676,0.138757,NOR,DNK,847210
10537246,177,64,9182,2010,5136.0,77917.0,1.083552,1.1433719999999998,POL,DNK,847210
10537247,179,64,9182,2010,0.0,5955.0,0.551149,2.437209,PRT,DNK,847210
10537248,191,64,9182,2010,0.0,1287.0,-0.45445,-0.148149,SEN,DNK,847210
10537249,192,64,9182,2010,0.0,1489.0,1.8441349999999999,0.570311,SGP,DNK,847210
10537250,203,64,9182,2010,0.0,477.0,0.676596,-0.145275,STP,DNK,847210
10537251,206,64,9182,2010,1323.0,158502.0,1.278601,0.726907,SVK,DNK,847210
10537252,207,64,9182,2010,0.0,7452.0,1.595473,0.7023020000000001,SVN,DNK,847210
10537253,208,64,9182,2010,11183915.0,1800778.0,1.882239,0.397927,SWE,DNK,847210
10537254,231,64,9182,2010,46183.0,0.0,1.67573,-0.598165,USA,DNK,847210
10537255,249,64,9182,2010,1111.0,0.0,1.766729,0.909335,TWN,DNK,847210
10537256,18,65,9182,2010,1078.0,0.0,1.2224270000000002,1.1276,BEL,DOM,847210
10537257,39,65,9182,2010,3082.0,0.0,0.752421,1.2208510000000001,CAN,DOM,847210
10537258,43,65,9182,2010,185466.0,0.0,0.922493,2.0176,CHN,DOM,847210
10537259,114,65,9182,2010,68640.0,0.0,2.459723,-0.279387,JPN,DOM,847210
10537260,163,65,9182,2010,2137.0,0.0,0.865676,0.138757,NOR,DOM,847210
10537261,231,65,9182,2010,35771.0,0.0,1.67573,-0.598165,USA,DOM,847210
10537262,39,67,9182,2010,1513.0,0.0,0.752421,1.2208510000000001,CAN,ECU,847210
10537263,114,67,9182,2010,12869.0,0.0,2.459723,-0.279387,JPN,ECU,847210
10537264,169,67,9182,2010,3548.0,0.0,0.617867,0.903432,PAN,ECU,847210
10537265,231,67,9182,2010,51941.0,0.0,1.67573,-0.598165,USA,ECU,847210
10537266,5,71,9182,2010,0.0,32136.0,0.8963620000000001,0.7650399999999999,AND,ESP,847210
10537267,24,71,9182,2010,0.0,1053.0,0.284356,-0.8362,BHR,ESP,847210
10537268,42,71,9182,2010,0.0,10283.0,-0.34914,-0.459395,CHL,ESP,847210
10537269,43,71,9182,2010,414746.0,0.0,0.922493,2.0176,CHN,ESP,847210
10537270,61,71,9182,2010,6747320.0,128881.0,2.035672,-3.383322,DEU,ESP,847210
10537271,64,71,9182,2010,356041.0,2312.0,1.082468,1.280759,DNK,ESP,847210
10537272,68,71,9182,2010,0.0,49359.0,-0.181826,1.409465,EGY,ESP,847210
10537273,77,71,9182,2010,51167.0,55902.0,1.530027,-0.052557000000000006,FRA,ESP,847210
10537274,81,71,9182,2010,42360.0,0.0,1.828224,0.386383,GBR,ESP,847210
10537275,83,71,9182,2010,0.0,14613.0,-0.835003,-0.633731,GHA,ESP,847210
10537276,89,71,9182,2010,0.0,11480.0,-1.077402,-0.86556,GNQ,ESP,847210
10537277,104,71,9182,2010,0.0,1585.0,0.14485599999999998,2.408913,IND,ESP,847210
10537278,111,71,9182,2010,32192.0,0.0,1.272385,0.545721,ITA,ESP,847210
10537279,113,71,9182,2010,0.0,42194.0,0.251702,0.522758,JOR,ESP,847210
10537280,114,71,9182,2010,490321.0,0.0,2.459723,-0.279387,JPN,ESP,847210
10537281,116,71,9182,2010,0.0,11761.0,-0.387187,1.010443,KEN,ESP,847210
10537282,124,71,9182,2010,0.0,17812.0,0.415854,1.424085,LBN,ESP,847210
10537283,134,71,9182,2010,0.0,17381.0,-0.5935229999999999,-0.056497000000000006,MAR,ESP,847210
10537284,153,71,9182,2010,0.0,20900.0,0.9530780000000001,0.607456,MYS,ESP,847210
10537285,160,71,9182,2010,0.0,64631.0,-0.9387409999999999,-0.8119569999999999,NIC,ESP,847210
10537286,162,71,9182,2010,265636.0,0.0,1.237998,1.1891209999999999,NLD,ESP,847210
10537287,174,71,9182,2010,0.0,12340.0,0.40418899999999996,0.102497,PHL,ESP,847210
10537288,179,71,9182,2010,0.0,444742.0,0.551149,2.437209,PRT,ESP,847210
10537289,185,71,9182,2010,1725.0,45342.0,0.6483760000000001,1.200256,ROU,ESP,847210
10537290,188,71,9182,2010,0.0,25051.0,0.46696400000000005,-0.7487520000000001,SAU,ESP,847210
10537291,192,71,9182,2010,0.0,79942.0,1.8441349999999999,0.570311,SGP,ESP,847210
10537292,230,71,9182,2010,0.0,8793.0,0.217246,-0.079733,URY,ESP,847210
10537293,236,71,9182,2010,0.0,1216.0,-0.660844,-1.145133,VEN,ESP,847210
10537294,246,71,9182,2010,0.0,27941.0,0.327326,1.513598,ZAF,ESP,847210
10537295,249,71,9182,2010,1928.0,0.0,1.766729,0.909335,TWN,ESP,847210
10537296,16,74,9182,2010,0.0,1849.0,-1.048424,-1.2030370000000001,AZE,FIN,847210
10537297,64,74,9182,2010,152365.0,200964.0,1.082468,1.280759,DNK,FIN,847210
10537298,72,74,9182,2010,0.0,16891.0,0.832316,1.1844649999999999,EST,FIN,847210
10537299,124,74,9182,2010,0.0,5138.0,0.415854,1.424085,LBN,FIN,847210
10537300,130,74,9182,2010,0.0,2535.0,0.6390600000000001,1.144911,LTU,FIN,847210
10537301,15,77,9182,2010,0.0,26874.0,1.724315,-0.29379099999999997,AUT,FRA,847210
10537302,18,77,9182,2010,1318.0,94660.0,1.2224270000000002,1.1276,BEL,FRA,847210
10537303,21,77,9182,2010,0.0,8900.0,-0.625747,-0.700651,BFA,FRA,847210
10537304,23,77,9182,2010,0.0,6118.0,0.44973,1.445441,BGR,FRA,847210
10537305,38,77,9182,2010,0.0,14173.0,0.062649,-0.6461779999999999,CAF,FRA,847210
10537306,39,77,9182,2010,0.0,12525.0,0.752421,1.2208510000000001,CAN,FRA,847210
10537307,41,77,9182,2010,36760.0,15631.0,2.1492080000000002,0.556424,CHE,FRA,847210
10537308,43,77,9182,2010,1309316.0,0.0,0.922493,2.0176,CHN,FRA,847210
10537309,44,77,9182,2010,0.0,4916.0,-1.256641,-0.946767,CIV,FRA,847210
10537310,45,77,9182,2010,0.0,28342.0,-1.114209,-1.0127899999999999,CMR,FRA,847210
10537311,47,77,9182,2010,0.0,990.0,-1.536434,-1.175338,COG,FRA,847210
10537312,50,77,9182,2010,0.0,9783.0,0.8640059999999999,-0.6108180000000001,COM,FRA,847210
10537313,59,77,9182,2010,0.0,80282.0,1.732044,0.333934,CZE,FRA,847210
10537314,61,77,9182,2010,26960.0,1772919.0,2.035672,-3.383322,DEU,FRA,847210
10537315,64,77,9182,2010,116678.0,203235.0,1.082468,1.280759,DNK,FRA,847210
10537316,66,77,9182,2010,0.0,33008.0,-1.00922,-1.1511040000000001,DZA,FRA,847210
10537317,68,77,9182,2010,0.0,7566.0,-0.181826,1.409465,EGY,FRA,847210
10537318,71,77,9182,2010,55902.0,51167.0,0.832619,2.448009,ESP,FRA,847210
10537319,73,77,9182,2010,0.0,2975.0,-1.122906,-0.840777,ETH,FRA,847210
10537320,80,77,9182,2010,0.0,111347.0,-1.707175,-1.167635,GAB,FRA,847210
10537321,81,77,9182,2010,134121.0,67719.0,1.828224,0.386383,GBR,FRA,847210
10537322,90,77,9182,2010,0.0,126699.0,0.200249,1.4640090000000001,GRC,FRA,847210
10537323,100,77,9182,2010,0.0,6325.0,0.8276979999999999,0.97415,HRV,FRA,847210
10537324,102,77,9182,2010,0.0,5143.0,1.514225,0.740341,HUN,FRA,847210
10537325,103,77,9182,2010,0.0,6378.0,-0.30878099999999997,1.07069,IDN,FRA,847210
10537326,108,77,9182,2010,0.0,14581.0,-2.1439150000000002,-0.913227,IRQ,FRA,847210
10537327,110,77,9182,2010,11150.0,0.0,1.215834,0.7028340000000001,ISR,FRA,847210
10537328,111,77,9182,2010,1319.0,1170390.0,1.272385,0.545721,ITA,FRA,847210
10537329,113,77,9182,2010,0.0,2483.0,0.251702,0.522758,JOR,FRA,847210
10537330,114,77,9182,2010,1801802.0,0.0,2.459723,-0.279387,JPN,FRA,847210
10537331,116,77,9182,2010,0.0,73696.0,-0.387187,1.010443,KEN,FRA,847210
10537332,117,77,9182,2010,0.0,12499.0,-0.48426400000000003,-0.169443,KGZ,FRA,847210
10537333,124,77,9182,2010,0.0,8997.0,0.415854,1.424085,LBN,FRA,847210
10537334,126,77,9182,2010,0.0,4030.0,-0.706491,-1.140822,LBY,FRA,847210
10537335,130,77,9182,2010,0.0,8850.0,0.6390600000000001,1.144911,LTU,FRA,847210
10537336,131,77,9182,2010,0.0,1305.0,1.272127,1.1051520000000001,LUX,FRA,847210
10537337,134,77,9182,2010,0.0,14000.0,-0.5935229999999999,-0.056497000000000006,MAR,FRA,847210
10537338,136,77,9182,2010,0.0,1189.0,-0.8737799999999999,-0.043717,MDG,FRA,847210
10537339,140,77,9182,2010,0.0,4147.0,-0.122842,0.407017,MKD,FRA,847210
10537340,141,77,9182,2010,0.0,1258.0,-0.585496,-0.655841,MLI,FRA,847210
10537341,154,77,9182,2010,0.0,4157.0,1.371744,-0.072045,MYT,FRA,847210
10537342,162,77,9182,2010,154300.0,705474.0,1.237998,1.1891209999999999,NLD,FRA,847210
10537343,163,77,9182,2010,2719.0,0.0,0.865676,0.138757,NOR,FRA,847210
10537344,168,77,9182,2010,0.0,1302.0,-0.692071,0.5409010000000001,PAK,FRA,847210
10537345,177,77,9182,2010,0.0,49702.0,1.083552,1.1433719999999998,POL,FRA,847210
10537346,179,77,9182,2010,0.0,38927.0,0.551149,2.437209,PRT,FRA,847210
10537347,182,77,9182,2010,0.0,7528.0,-0.47692700000000005,-0.8429760000000001,PYF,FRA,847210
10537348,185,77,9182,2010,0.0,48885.0,0.6483760000000001,1.200256,ROU,FRA,847210
10537349,191,77,9182,2010,0.0,11128.0,-0.45445,-0.148149,SEN,FRA,847210
10537350,206,77,9182,2010,0.0,9919.0,1.278601,0.726907,SVK,FRA,847210
10537351,207,77,9182,2010,0.0,59005.0,1.595473,0.7023020000000001,SVN,FRA,847210
10537352,215,77,9182,2010,0.0,21550.0,-0.943559,-0.884336,TGO,FRA,847210
10537353,224,77,9182,2010,0.0,19377.0,0.359977,2.471173,TUR,FRA,847210
10537354,246,77,9182,2010,0.0,7635.0,0.327326,1.513598,ZAF,FRA,847210
10537355,249,77,9182,2010,251345.0,2331.0,1.766729,0.909335,TWN,FRA,847210
10537356,250,77,9182,2010,0.0,5302.0,0.45129600000000003,-0.223517,ANS,FRA,847210
10537357,2,81,9182,2010,0.0,28686.0,-1.3711010000000001,-1.170608,AGO,GBR,847210
10537358,7,81,9182,2010,0.0,600770.0,0.29457,-0.196371,ARE,GBR,847210
10537359,14,81,9182,2010,0.0,19321.0,-0.276442,0.062023,AUS,GBR,847210
10537360,15,81,9182,2010,0.0,1202.0,1.724315,-0.29379099999999997,AUT,GBR,847210
10537361,16,81,9182,2010,0.0,17371.0,-1.048424,-1.2030370000000001,AZE,GBR,847210
10537362,18,81,9182,2010,0.0,36033.0,1.2224270000000002,1.1276,BEL,GBR,847210
10537363,19,81,9182,2010,0.0,2552.0,-1.0660120000000002,-0.9961190000000001,BEN,GBR,847210
10537364,24,81,9182,2010,0.0,286997.0,0.284356,-0.8362,BHR,GBR,847210
10537365,32,81,9182,2010,0.0,2908.0,0.40715500000000004,0.6208100000000001,BRA,GBR,847210
10537366,39,81,9182,2010,3119.0,2008.0,0.752421,1.2208510000000001,CAN,GBR,847210
10537367,41,81,9182,2010,0.0,46908.0,2.1492080000000002,0.556424,CHE,GBR,847210
10537368,43,81,9182,2010,551650.0,38898.0,0.922493,2.0176,CHN,GBR,847210
10537369,45,81,9182,2010,0.0,5620.0,-1.114209,-1.0127899999999999,CMR,GBR,847210
10537370,49,81,9182,2010,0.0,2644.0,0.097222,-0.064328,COL,GBR,847210
10537371,59,81,9182,2010,8333.0,0.0,1.732044,0.333934,CZE,GBR,847210
10537372,61,81,9182,2010,6104.0,285328.0,2.035672,-3.383322,DEU,GBR,847210
10537373,64,81,9182,2010,183042.0,96016.0,1.082468,1.280759,DNK,GBR,847210
10537374,66,81,9182,2010,0.0,153231.0,-1.00922,-1.1511040000000001,DZA,GBR,847210
10537375,68,81,9182,2010,0.0,7319.0,-0.181826,1.409465,EGY,GBR,847210
10537376,71,81,9182,2010,0.0,42360.0,0.832619,2.448009,ESP,GBR,847210
10537377,73,81,9182,2010,0.0,211561.0,-1.122906,-0.840777,ETH,GBR,847210
10537378,76,81,9182,2010,0.0,1275.0,-1.173959,-0.9282549999999999,FLK,GBR,847210
10537379,77,81,9182,2010,67719.0,134121.0,1.530027,-0.052557000000000006,FRA,GBR,847210
10537380,78,81,9182,2010,0.0,5192.0,-1.158567,-0.99413,FRO,GBR,847210
10537381,83,81,9182,2010,0.0,25500.0,-0.835003,-0.633731,GHA,GBR,847210
10537382,84,81,9182,2010,0.0,5549.0,0.570018,-0.585911,GIB,GBR,847210
10537383,87,81,9182,2010,0.0,22135.0,-0.894757,-0.734589,GMB,GBR,847210
10537384,90,81,9182,2010,0.0,28879.0,0.200249,1.4640090000000001,GRC,GBR,847210
10537385,97,81,9182,2010,0.0,68447.0,0.715745,1.9780259999999998,HKG,GBR,847210
10537386,100,81,9182,2010,0.0,3984.0,0.8276979999999999,0.97415,HRV,GBR,847210
10537387,104,81,9182,2010,0.0,6894.0,0.14485599999999998,2.408913,IND,GBR,847210
10537388,106,81,9182,2010,0.0,115200.0,1.371357,0.168795,IRL,GBR,847210
10537389,107,81,9182,2010,0.0,25942.0,-0.609874,-0.744733,IRN,GBR,847210
10537390,108,81,9182,2010,0.0,8502.0,-2.1439150000000002,-0.913227,IRQ,GBR,847210
10537391,110,81,9182,2010,0.0,127964.0,1.215834,0.7028340000000001,ISR,GBR,847210
10537392,111,81,9182,2010,7862.0,41538.0,1.272385,0.545721,ITA,GBR,847210
10537393,113,81,9182,2010,0.0,7453.0,0.251702,0.522758,JOR,GBR,847210
10537394,114,81,9182,2010,1517120.0,33449.0,2.459723,-0.279387,JPN,GBR,847210
10537395,115,81,9182,2010,0.0,12289.0,-0.6278020000000001,-0.8419760000000001,KAZ,GBR,847210
10537396,116,81,9182,2010,0.0,5060.0,-0.387187,1.010443,KEN,GBR,847210
10537397,117,81,9182,2010,0.0,479.0,-0.48426400000000003,-0.169443,KGZ,GBR,847210
10537398,121,81,9182,2010,0.0,171804.0,1.7118849999999999,0.762362,KOR,GBR,847210
10537399,122,81,9182,2010,0.0,1194.0,0.067373,-1.0822120000000002,KWT,GBR,847210
10537400,125,81,9182,2010,0.0,1583.0,-0.527834,-1.045908,LBR,GBR,847210
10537401,126,81,9182,2010,0.0,40379.0,-0.706491,-1.140822,LBY,GBR,847210
10537402,128,81,9182,2010,0.0,9280.0,-0.70886,0.25216700000000003,LKA,GBR,847210
10537403,134,81,9182,2010,0.0,25146.0,-0.5935229999999999,-0.056497000000000006,MAR,GBR,847210
10537404,140,81,9182,2010,0.0,11191.0,-0.122842,0.407017,MKD,GBR,847210
10537405,151,81,9182,2010,0.0,4198.0,-0.173542,0.103727,MUS,GBR,847210
10537406,152,81,9182,2010,0.0,5176.0,-0.821839,-0.9153870000000001,MWI,GBR,847210
10537407,153,81,9182,2010,23595.0,47722.0,0.9530780000000001,0.607456,MYS,GBR,847210
10537408,159,81,9182,2010,0.0,95219.0,-1.887084,-1.2280229999999999,NGA,GBR,847210
10537409,162,81,9182,2010,509721.0,0.0,1.237998,1.1891209999999999,NLD,GBR,847210
10537410,163,81,9182,2010,1017.0,150887.0,0.865676,0.138757,NOR,GBR,847210
10537411,166,81,9182,2010,0.0,10051.0,0.36828299999999997,0.574574,NZL,GBR,847210
10537412,167,81,9182,2010,0.0,914.0,-0.487612,-0.9551379999999999,OMN,GBR,847210
10537413,169,81,9182,2010,0.0,40450.0,0.617867,0.903432,PAN,GBR,847210
10537414,173,81,9182,2010,0.0,5784.0,-0.650327,0.162321,PER,GBR,847210
10537415,177,81,9182,2010,3600.0,5355.0,1.083552,1.1433719999999998,POL,GBR,847210
10537416,183,81,9182,2010,0.0,8996.0,-0.346143,-1.078192,QAT,GBR,847210
10537417,186,81,9182,2010,0.0,771838.0,0.583996,-0.223881,RUS,GBR,847210
10537418,188,81,9182,2010,196705.0,25419.0,0.46696400000000005,-0.7487520000000001,SAU,GBR,847210
10537419,190,81,9182,2010,0.0,2214.0,-1.9094669999999998,-1.271065,SDN,GBR,847210
10537420,192,81,9182,2010,0.0,20772.0,1.8441349999999999,0.570311,SGP,GBR,847210
10537421,196,81,9182,2010,0.0,2551.0,-0.056713,-0.293668,SLE,GBR,847210
10537422,199,81,9182,2010,0.0,6492.0,-1.6843569999999999,-1.064691,SOM,GBR,847210
10537423,208,81,9182,2010,0.0,61596.0,1.882239,0.397927,SWE,GBR,847210
10537424,211,81,9182,2010,0.0,7717.0,-0.075668,-0.549686,SYC,GBR,847210
10537425,216,81,9182,2010,0.0,2325.0,0.748328,1.425224,THA,GBR,847210
10537426,222,81,9182,2010,0.0,6350.0,-0.338123,-1.070239,TTO,GBR,847210
10537427,223,81,9182,2010,0.0,24813.0,0.165019,0.8882059999999999,TUN,GBR,847210
10537428,224,81,9182,2010,0.0,7232.0,0.359977,2.471173,TUR,GBR,847210
10537429,226,81,9182,2010,0.0,13239.0,-0.7327,0.427616,TZA,GBR,847210
10537430,227,81,9182,2010,0.0,3527.0,-0.48061400000000004,0.187001,UGA,GBR,847210
10537431,228,81,9182,2010,0.0,56608.0,0.714148,0.916267,UKR,GBR,847210
10537432,231,81,9182,2010,170366.0,280897.0,1.67573,-0.598165,USA,GBR,847210
10537433,243,81,9182,2010,0.0,4228.0,-1.360851,-1.208826,YEM,GBR,847210
10537434,246,81,9182,2010,0.0,107853.0,0.327326,1.513598,ZAF,GBR,847210
10537435,247,81,9182,2010,0.0,883.0,-0.650686,-0.830332,ZMB,GBR,847210
10537436,248,81,9182,2010,0.0,424.0,-0.869909,-0.8233309999999999,ZWE,GBR,847210
10537437,249,81,9182,2010,9696.0,50415.0,1.766729,0.909335,TWN,GBR,847210
10537438,43,90,9182,2010,8284.0,0.0,0.922493,2.0176,CHN,GRC,847210
10537439,64,90,9182,2010,17569.0,0.0,1.082468,1.280759,DNK,GRC,847210
10537440,77,90,9182,2010,126699.0,0.0,1.530027,-0.052557000000000006,FRA,GRC,847210
10537441,81,90,9182,2010,28879.0,0.0,1.828224,0.386383,GBR,GRC,847210
10537442,111,90,9182,2010,5216.0,0.0,1.272385,0.545721,ITA,GRC,847210
10537443,162,90,9182,2010,26737.0,0.0,1.237998,1.1891209999999999,NLD,GRC,847210
10537444,163,90,9182,2010,2339.0,0.0,0.865676,0.138757,NOR,GRC,847210
10537445,43,93,9182,2010,57711.0,0.0,0.922493,2.0176,CHN,GTM,847210
10537446,52,93,9182,2010,0.0,16227.0,-0.122722,-0.7062069999999999,CRI,GTM,847210
10537447,169,93,9182,2010,1103308.0,1173.0,0.617867,0.903432,PAN,GTM,847210
10537448,197,93,9182,2010,0.0,37160.0,-0.101434,0.132639,SLV,GTM,847210
10537449,230,93,9182,2010,22507.0,0.0,0.217246,-0.079733,URY,GTM,847210
10537450,231,93,9182,2010,1520658.0,0.0,1.67573,-0.598165,USA,GTM,847210
10537451,39,96,9182,2010,1178.0,0.0,0.752421,1.2208510000000001,CAN,GUY,847210
10537452,231,96,9182,2010,22156.0,0.0,1.67573,-0.598165,USA,GUY,847210
10537453,22,97,9182,2010,0.0,55616.0,-0.974526,-0.76566,BGD,HKG,847210
10537454,39,97,9182,2010,825139.0,0.0,0.752421,1.2208510000000001,CAN,HKG,847210
10537455,42,97,9182,2010,0.0,1057.0,-0.34914,-0.459395,CHL,HKG,847210
10537456,43,97,9182,2010,140063.0,60826.0,0.922493,2.0176,CHN,HKG,847210
10537457,64,97,9182,2010,13301.0,0.0,1.082468,1.280759,DNK,HKG,847210
10537458,81,97,9182,2010,68447.0,0.0,1.828224,0.386383,GBR,HKG,847210
10537459,103,97,9182,2010,0.0,8425.0,-0.30878099999999997,1.07069,IDN,HKG,847210
10537460,104,97,9182,2010,1662.0,0.0,0.14485599999999998,2.408913,IND,HKG,847210
10537461,110,97,9182,2010,13810.0,0.0,1.215834,0.7028340000000001,ISR,HKG,847210
10537462,111,97,9182,2010,71747.0,0.0,1.272385,0.545721,ITA,HKG,847210
10537463,114,97,9182,2010,86613.0,0.0,2.459723,-0.279387,JPN,HKG,847210
10537464,118,97,9182,2010,0.0,25528.0,-1.158906,-1.019906,KHM,HKG,847210
10537465,128,97,9182,2010,0.0,245565.0,-0.70886,0.25216700000000003,LKA,HKG,847210
10537466,133,97,9182,2010,0.0,13241.0,0.545755,0.492997,MAC,HKG,847210
10537467,153,97,9182,2010,0.0,223996.0,0.9530780000000001,0.607456,MYS,HKG,847210
10537468,163,97,9182,2010,1075.0,0.0,0.865676,0.138757,NOR,HKG,847210
10537469,174,97,9182,2010,0.0,235773.0,0.40418899999999996,0.102497,PHL,HKG,847210
10537470,216,97,9182,2010,3371.0,0.0,0.748328,1.425224,THA,HKG,847210
10537471,226,97,9182,2010,0.0,2191.0,-0.7327,0.427616,TZA,HKG,847210
10537472,231,97,9182,2010,1524934.0,228627.0,1.67573,-0.598165,USA,HKG,847210
10537473,239,97,9182,2010,0.0,950.0,-0.24660500000000002,1.427235,VNM,HKG,847210
10537474,246,97,9182,2010,0.0,4698.0,0.327326,1.513598,ZAF,HKG,847210
10537475,249,97,9182,2010,13146.0,0.0,1.766729,0.909335,TWN,HKG,847210
10537476,43,99,9182,2010,389589.0,0.0,0.922493,2.0176,CHN,HND,847210
10537477,114,99,9182,2010,80994.0,0.0,2.459723,-0.279387,JPN,HND,847210
10537478,216,99,9182,2010,87483.0,0.0,0.748328,1.425224,THA,HND,847210
10537479,231,99,9182,2010,157534.0,0.0,1.67573,-0.598165,USA,HND,847210
10537480,249,99,9182,2010,767.0,0.0,1.766729,0.909335,TWN,HND,847210
10537481,43,103,9182,2010,23505.0,0.0,0.922493,2.0176,CHN,IDN,847210
10537482,77,103,9182,2010,6378.0,0.0,1.530027,-0.052557000000000006,FRA,IDN,847210
10537483,97,103,9182,2010,8425.0,0.0,0.715745,1.9780259999999998,HKG,IDN,847210
10537484,114,103,9182,2010,9639.0,0.0,2.459723,-0.279387,JPN,IDN,847210
10537485,121,103,9182,2010,11455.0,26978.0,1.7118849999999999,0.762362,KOR,IDN,847210
10537486,153,103,9182,2010,21218.0,3134.0,0.9530780000000001,0.607456,MYS,IDN,847210
10537487,192,103,9182,2010,169258.0,5818.0,1.8441349999999999,0.570311,SGP,IDN,847210
10537488,231,103,9182,2010,425497.0,0.0,1.67573,-0.598165,USA,IDN,847210
10537489,249,103,9182,2010,10090.0,0.0,1.766729,0.909335,TWN,IDN,847210
10537490,15,104,9182,2010,407134.0,0.0,1.724315,-0.29379099999999997,AUT,IND,847210
10537491,35,104,9182,2010,0.0,40226.0,-0.10866300000000001,-0.5950270000000001,BTN,IND,847210
10537492,43,104,9182,2010,1756.0,0.0,0.922493,2.0176,CHN,IND,847210
10537493,49,104,9182,2010,0.0,2749.0,0.097222,-0.064328,COL,IND,847210
10537494,71,104,9182,2010,1585.0,0.0,0.832619,2.448009,ESP,IND,847210
10537495,73,104,9182,2010,0.0,53323.0,-1.122906,-0.840777,ETH,IND,847210
10537496,81,104,9182,2010,6894.0,0.0,1.828224,0.386383,GBR,IND,847210
10537497,97,104,9182,2010,0.0,1662.0,0.715745,1.9780259999999998,HKG,IND,847210
10537498,114,104,9182,2010,488705.0,0.0,2.459723,-0.279387,JPN,IND,847210
10537499,143,104,9182,2010,0.0,40926.0,-1.480389,-1.075842,MMR,IND,847210
10537500,153,104,9182,2010,1800.0,0.0,0.9530780000000001,0.607456,MYS,IND,847210
10537501,159,104,9182,2010,0.0,3649.0,-1.887084,-1.2280229999999999,NGA,IND,847210
10537502,163,104,9182,2010,7135.0,0.0,0.865676,0.138757,NOR,IND,847210
10537503,164,104,9182,2010,0.0,55293.0,-0.23753400000000002,0.7957390000000001,NPL,IND,847210
10537504,192,104,9182,2010,13926.0,0.0,1.8441349999999999,0.570311,SGP,IND,847210
10537505,226,104,9182,2010,0.0,973.0,-0.7327,0.427616,TZA,IND,847210
10537506,231,104,9182,2010,695618.0,0.0,1.67573,-0.598165,USA,IND,847210
10537507,249,104,9182,2010,2268.0,0.0,1.766729,0.909335,TWN,IND,847210
10537508,43,107,9182,2010,1989.0,0.0,0.922493,2.0176,CHN,IRN,847210
10537509,61,107,9182,2010,123083.0,0.0,2.035672,-3.383322,DEU,IRN,847210
10537510,81,107,9182,2010,25942.0,0.0,1.828224,0.386383,GBR,IRN,847210
10537511,2,110,9182,2010,0.0,643.0,-1.3711010000000001,-1.170608,AGO,ISR,847210
10537512,18,110,9182,2010,0.0,67302.0,1.2224270000000002,1.1276,BEL,ISR,847210
10537513,77,110,9182,2010,0.0,11150.0,1.530027,-0.052557000000000006,FRA,ISR,847210
10537514,81,110,9182,2010,127964.0,0.0,1.828224,0.386383,GBR,ISR,847210
10537515,97,110,9182,2010,0.0,13810.0,0.715745,1.9780259999999998,HKG,ISR,847210
10537516,114,110,9182,2010,8775.0,0.0,2.459723,-0.279387,JPN,ISR,847210
10537517,162,110,9182,2010,89114.0,6524.0,1.237998,1.1891209999999999,NLD,ISR,847210
10537518,231,110,9182,2010,3562.0,0.0,1.67573,-0.598165,USA,ISR,847210
10537519,4,111,9182,2010,2528.0,5314.0,-0.5316,-0.219561,ALB,ITA,847210
10537520,7,111,9182,2010,0.0,6280.0,0.29457,-0.196371,ARE,ITA,847210
10537521,15,111,9182,2010,1350.0,0.0,1.724315,-0.29379099999999997,AUT,ITA,847210
10537522,16,111,9182,2010,0.0,5588.0,-1.048424,-1.2030370000000001,AZE,ITA,847210
10537523,18,111,9182,2010,32482.0,0.0,1.2224270000000002,1.1276,BEL,ITA,847210
10537524,26,111,9182,2010,0.0,4739.0,0.462275,0.830405,BIH,ITA,847210
10537525,39,111,9182,2010,0.0,4396.0,0.752421,1.2208510000000001,CAN,ITA,847210
10537526,41,111,9182,2010,0.0,30482.0,2.1492080000000002,0.556424,CHE,ITA,847210
10537527,43,111,9182,2010,0.0,105290.0,0.922493,2.0176,CHN,ITA,847210
10537528,44,111,9182,2010,0.0,2432.0,-1.256641,-0.946767,CIV,ITA,847210
10537529,54,111,9182,2010,0.0,6346.0,-0.085462,-0.885019,CUB,ITA,847210
10537530,59,111,9182,2010,2882.0,0.0,1.732044,0.333934,CZE,ITA,847210
10537531,61,111,9182,2010,133109.0,0.0,2.035672,-3.383322,DEU,ITA,847210
10537532,64,111,9182,2010,165505.0,1318.0,1.082468,1.280759,DNK,ITA,847210
10537533,68,111,9182,2010,0.0,4585.0,-0.181826,1.409465,EGY,ITA,847210
10537534,71,111,9182,2010,0.0,32192.0,0.832619,2.448009,ESP,ITA,847210
10537535,77,111,9182,2010,1170390.0,1319.0,1.530027,-0.052557000000000006,FRA,ITA,847210
10537536,81,111,9182,2010,41538.0,7862.0,1.828224,0.386383,GBR,ITA,847210
10537537,90,111,9182,2010,0.0,5216.0,0.200249,1.4640090000000001,GRC,ITA,847210
10537538,97,111,9182,2010,0.0,71747.0,0.715745,1.9780259999999998,HKG,ITA,847210
10537539,100,111,9182,2010,0.0,20022.0,0.8276979999999999,0.97415,HRV,ITA,847210
10537540,106,111,9182,2010,0.0,30372.0,1.371357,0.168795,IRL,ITA,847210
10537541,113,111,9182,2010,0.0,1729.0,0.251702,0.522758,JOR,ITA,847210
10537542,124,111,9182,2010,0.0,11165.0,0.415854,1.424085,LBN,ITA,847210
10537543,126,111,9182,2010,0.0,12635.0,-0.706491,-1.140822,LBY,ITA,847210
10537544,131,111,9182,2010,46504.0,0.0,1.272127,1.1051520000000001,LUX,ITA,847210
10537545,153,111,9182,2010,66350.0,0.0,0.9530780000000001,0.607456,MYS,ITA,847210
10537546,159,111,9182,2010,0.0,5926.0,-1.887084,-1.2280229999999999,NGA,ITA,847210
10537547,162,111,9182,2010,351799.0,6571.0,1.237998,1.1891209999999999,NLD,ITA,847210
10537548,163,111,9182,2010,9789.0,0.0,0.865676,0.138757,NOR,ITA,847210
10537549,177,111,9182,2010,0.0,4154.0,1.083552,1.1433719999999998,POL,ITA,847210
10537550,185,111,9182,2010,3636.0,1584.0,0.6483760000000001,1.200256,ROU,ITA,847210
10537551,216,111,9182,2010,0.0,14566.0,0.748328,1.425224,THA,ITA,847210
10537552,231,111,9182,2010,1368.0,76387.0,1.67573,-0.598165,USA,ITA,847210
10537553,249,111,9182,2010,7103.0,0.0,1.766729,0.909335,TWN,ITA,847210
10537554,25,112,9182,2010,0.0,3355.0,0.495262,-0.6198779999999999,BHS,JAM,847210
10537555,231,112,9182,2010,72894.0,5393.0,1.67573,-0.598165,USA,JAM,847210
10537556,8,114,9182,2010,0.0,132164.0,0.27458899999999997,0.597907,ARG,JPN,847210
10537557,9,114,9182,2010,0.0,5705.0,0.11632,-0.417048,ARM,JPN,847210
10537558,14,114,9182,2010,139440.0,29490.0,-0.276442,0.062023,AUS,JPN,847210
10537559,15,114,9182,2010,0.0,1386.0,1.724315,-0.29379099999999997,AUT,JPN,847210
10537560,28,114,9182,2010,0.0,2090.0,0.969851,0.593386,BLR,JPN,847210
10537561,32,114,9182,2010,0.0,120451.0,0.40715500000000004,0.6208100000000001,BRA,JPN,847210
10537562,34,114,9182,2010,0.0,5847.0,0.717167,-0.764841,BRN,JPN,847210
10537563,39,114,9182,2010,0.0,12375.0,0.752421,1.2208510000000001,CAN,JPN,847210
10537564,43,114,9182,2010,131938.0,887043.0,0.922493,2.0176,CHN,JPN,847210
10537565,47,114,9182,2010,0.0,2328.0,-1.536434,-1.175338,COG,JPN,847210
10537566,49,114,9182,2010,0.0,1358.0,0.097222,-0.064328,COL,JPN,847210
10537567,59,114,9182,2010,0.0,51270.0,1.732044,0.333934,CZE,JPN,847210
10537568,61,114,9182,2010,0.0,1570905.0,2.035672,-3.383322,DEU,JPN,847210
10537569,65,114,9182,2010,0.0,68640.0,-0.245241,0.368626,DOM,JPN,847210
10537570,66,114,9182,2010,0.0,20469.0,-1.00922,-1.1511040000000001,DZA,JPN,847210
10537571,67,114,9182,2010,0.0,12869.0,-0.584013,-0.743675,ECU,JPN,847210
10537572,68,114,9182,2010,0.0,95060.0,-0.181826,1.409465,EGY,JPN,847210
10537573,71,114,9182,2010,0.0,490321.0,0.832619,2.448009,ESP,JPN,847210
10537574,73,114,9182,2010,0.0,51431.0,-1.122906,-0.840777,ETH,JPN,847210
10537575,77,114,9182,2010,0.0,1801802.0,1.530027,-0.052557000000000006,FRA,JPN,847210
10537576,79,114,9182,2010,0.0,12047.0,-1.2914889999999999,-1.0153450000000002,FSM,JPN,847210
10537577,81,114,9182,2010,33449.0,1517120.0,1.828224,0.386383,GBR,JPN,847210
10537578,97,114,9182,2010,0.0,86613.0,0.715745,1.9780259999999998,HKG,JPN,847210
10537579,99,114,9182,2010,0.0,80994.0,-0.569501,-0.153122,HND,JPN,847210
10537580,103,114,9182,2010,0.0,9639.0,-0.30878099999999997,1.07069,IDN,JPN,847210
10537581,104,114,9182,2010,0.0,488705.0,0.14485599999999998,2.408913,IND,JPN,847210
10537582,110,114,9182,2010,0.0,8775.0,1.215834,0.7028340000000001,ISR,JPN,847210
10537583,115,114,9182,2010,0.0,41600.0,-0.6278020000000001,-0.8419760000000001,KAZ,JPN,847210
10537584,118,114,9182,2010,0.0,28935.0,-1.158906,-1.019906,KHM,JPN,847210
10537585,121,114,9182,2010,0.0,2772286.0,1.7118849999999999,0.762362,KOR,JPN,847210
10537586,124,114,9182,2010,0.0,71297.0,0.415854,1.424085,LBN,JPN,847210
10537587,128,114,9182,2010,0.0,123763.0,-0.70886,0.25216700000000003,LKA,JPN,847210
10537588,132,114,9182,2010,0.0,122421.0,0.6158170000000001,1.1401059999999998,LVA,JPN,847210
10537589,134,114,9182,2010,0.0,82239.0,-0.5935229999999999,-0.056497000000000006,MAR,JPN,847210
10537590,138,114,9182,2010,0.0,21153.0,1.132664,0.675756,MEX,JPN,847210
10537591,143,114,9182,2010,0.0,26373.0,-1.480389,-1.075842,MMR,JPN,847210
10537592,151,114,9182,2010,0.0,3024.0,-0.173542,0.103727,MUS,JPN,847210
10537593,153,114,9182,2010,0.0,33286.0,0.9530780000000001,0.607456,MYS,JPN,847210
10537594,160,114,9182,2010,0.0,5126.0,-0.9387409999999999,-0.8119569999999999,NIC,JPN,847210
10537595,162,114,9182,2010,0.0,646031.0,1.237998,1.1891209999999999,NLD,JPN,847210
10537596,166,114,9182,2010,0.0,13740.0,0.36828299999999997,0.574574,NZL,JPN,847210
10537597,167,114,9182,2010,0.0,9097.0,-0.487612,-0.9551379999999999,OMN,JPN,847210
10537598,168,114,9182,2010,0.0,5366.0,-0.692071,0.5409010000000001,PAK,JPN,847210
10537599,169,114,9182,2010,0.0,22831.0,0.617867,0.903432,PAN,JPN,847210
10537600,173,114,9182,2010,0.0,47809.0,-0.650327,0.162321,PER,JPN,847210
10537601,174,114,9182,2010,0.0,136845.0,0.40418899999999996,0.102497,PHL,JPN,847210
10537602,176,114,9182,2010,0.0,10736.0,-1.725138,-1.195622,PNG,JPN,847210
10537603,177,114,9182,2010,0.0,27954.0,1.083552,1.1433719999999998,POL,JPN,847210
10537604,183,114,9182,2010,0.0,3781.0,-0.346143,-1.078192,QAT,JPN,847210
10537605,185,114,9182,2010,0.0,19387.0,0.6483760000000001,1.200256,ROU,JPN,847210
10537606,186,114,9182,2010,0.0,702118.0,0.583996,-0.223881,RUS,JPN,847210
10537607,188,114,9182,2010,0.0,191261.0,0.46696400000000005,-0.7487520000000001,SAU,JPN,847210
10537608,197,114,9182,2010,0.0,8267.0,-0.101434,0.132639,SLV,JPN,847210
10537609,206,114,9182,2010,0.0,1722.0,1.278601,0.726907,SVK,JPN,847210
10537610,207,114,9182,2010,0.0,1659.0,1.595473,0.7023020000000001,SVN,JPN,847210
10537611,212,114,9182,2010,0.0,19508.0,-0.46833800000000003,1.11952,SYR,JPN,847210
10537612,216,114,9182,2010,0.0,124692.0,0.748328,1.425224,THA,JPN,847210
10537613,222,114,9182,2010,0.0,2490.0,-0.338123,-1.070239,TTO,JPN,847210
10537614,223,114,9182,2010,0.0,11903.0,0.165019,0.8882059999999999,TUN,JPN,847210
10537615,224,114,9182,2010,0.0,19430.0,0.359977,2.471173,TUR,JPN,847210
10537616,228,114,9182,2010,0.0,16551.0,0.714148,0.916267,UKR,JPN,847210
10537617,230,114,9182,2010,0.0,5949.0,0.217246,-0.079733,URY,JPN,847210
10537618,231,114,9182,2010,37648.0,2239748.0,1.67573,-0.598165,USA,JPN,847210
10537619,236,114,9182,2010,0.0,3058.0,-0.660844,-1.145133,VEN,JPN,847210
10537620,239,114,9182,2010,0.0,76842.0,-0.24660500000000002,1.427235,VNM,JPN,847210
10537621,246,114,9182,2010,0.0,23791.0,0.327326,1.513598,ZAF,JPN,847210
10537622,249,114,9182,2010,7663.0,185309.0,1.766729,0.909335,TWN,JPN,847210
10537623,43,115,9182,2010,218831.0,0.0,0.922493,2.0176,CHN,KAZ,847210
10537624,81,115,9182,2010,12289.0,0.0,1.828224,0.386383,GBR,KAZ,847210
10537625,114,115,9182,2010,41600.0,0.0,2.459723,-0.279387,JPN,KAZ,847210
10537626,130,115,9182,2010,9346.0,0.0,0.6390600000000001,1.144911,LTU,KAZ,847210
10537627,162,115,9182,2010,5128.0,0.0,1.237998,1.1891209999999999,NLD,KAZ,847210
10537628,39,121,9182,2010,842255.0,0.0,0.752421,1.2208510000000001,CAN,KOR,847210
10537629,43,121,9182,2010,8076.0,0.0,0.922493,2.0176,CHN,KOR,847210
10537630,49,121,9182,2010,0.0,3537.0,0.097222,-0.064328,COL,KOR,847210
10537631,68,121,9182,2010,0.0,6252.0,-0.181826,1.409465,EGY,KOR,847210
10537632,79,121,9182,2010,0.0,5409.0,-1.2914889999999999,-1.0153450000000002,FSM,KOR,847210
10537633,81,121,9182,2010,171804.0,0.0,1.828224,0.386383,GBR,KOR,847210
10537634,103,121,9182,2010,26978.0,11455.0,-0.30878099999999997,1.07069,IDN,KOR,847210
10537635,114,121,9182,2010,2772286.0,0.0,2.459723,-0.279387,JPN,KOR,847210
10537636,122,121,9182,2010,0.0,1597.0,0.067373,-1.0822120000000002,KWT,KOR,847210
10537637,124,121,9182,2010,0.0,13820.0,0.415854,1.424085,LBN,KOR,847210
10537638,143,121,9182,2010,0.0,912.0,-1.480389,-1.075842,MMR,KOR,847210
10537639,163,121,9182,2010,5532.0,0.0,0.865676,0.138757,NOR,KOR,847210
10537640,169,121,9182,2010,0.0,1073.0,0.617867,0.903432,PAN,KOR,847210
10537641,173,121,9182,2010,0.0,5191.0,-0.650327,0.162321,PER,KOR,847210
10537642,192,121,9182,2010,5440.0,0.0,1.8441349999999999,0.570311,SGP,KOR,847210
10537643,212,121,9182,2010,0.0,32902.0,-0.46833800000000003,1.11952,SYR,KOR,847210
10537644,216,121,9182,2010,994.0,0.0,0.748328,1.425224,THA,KOR,847210
10537645,231,121,9182,2010,65619.0,0.0,1.67573,-0.598165,USA,KOR,847210
10537646,43,128,9182,2010,64507.0,0.0,0.922493,2.0176,CHN,LKA,847210
10537647,81,128,9182,2010,9280.0,0.0,1.828224,0.386383,GBR,LKA,847210
10537648,97,128,9182,2010,245565.0,0.0,0.715745,1.9780259999999998,HKG,LKA,847210
10537649,114,128,9182,2010,123763.0,0.0,2.459723,-0.279387,JPN,LKA,847210
10537650,137,128,9182,2010,0.0,889.0,-0.644859,-0.910633,MDV,LKA,847210
10537651,168,128,9182,2010,1549.0,0.0,-0.692071,0.5409010000000001,PAK,LKA,847210
10537652,192,128,9182,2010,2361.0,0.0,1.8441349999999999,0.570311,SGP,LKA,847210
10537653,231,128,9182,2010,2678.0,0.0,1.67573,-0.598165,USA,LKA,847210
10537654,39,138,9182,2010,1281.0,0.0,0.752421,1.2208510000000001,CAN,MEX,847210
10537655,43,138,9182,2010,18728.0,0.0,0.922493,2.0176,CHN,MEX,847210
10537656,54,138,9182,2010,0.0,6432.0,-0.085462,-0.885019,CUB,MEX,847210
10537657,114,138,9182,2010,21153.0,0.0,2.459723,-0.279387,JPN,MEX,847210
10537658,153,138,9182,2010,1107.0,0.0,0.9530780000000001,0.607456,MYS,MEX,847210
10537659,169,138,9182,2010,6634.0,28688.0,0.617867,0.903432,PAN,MEX,847210
10537660,183,138,9182,2010,0.0,2981.0,-0.346143,-1.078192,QAT,MEX,847210
10537661,231,138,9182,2010,2175038.0,3775.0,1.67573,-0.598165,USA,MEX,847210
10537662,239,138,9182,2010,1748.0,0.0,-0.24660500000000002,1.427235,VNM,MEX,847210
10537663,14,153,9182,2010,14905.0,109753.0,-0.276442,0.062023,AUS,MYS,847210
10537664,22,153,9182,2010,0.0,3311.0,-0.974526,-0.76566,BGD,MYS,847210
10537665,32,153,9182,2010,0.0,2961.0,0.40715500000000004,0.6208100000000001,BRA,MYS,847210
10537666,34,153,9182,2010,0.0,3807.0,0.717167,-0.764841,BRN,MYS,847210
10537667,39,153,9182,2010,0.0,2200.0,0.752421,1.2208510000000001,CAN,MYS,847210
10537668,41,153,9182,2010,8758.0,0.0,2.1492080000000002,0.556424,CHE,MYS,847210
10537669,43,153,9182,2010,61403.0,0.0,0.922493,2.0176,CHN,MYS,847210
10537670,52,153,9182,2010,0.0,2927.0,-0.122722,-0.7062069999999999,CRI,MYS,847210
10537671,61,153,9182,2010,5255.0,0.0,2.035672,-3.383322,DEU,MYS,847210
10537672,71,153,9182,2010,20900.0,0.0,0.832619,2.448009,ESP,MYS,847210
10537673,81,153,9182,2010,47722.0,23595.0,1.828224,0.386383,GBR,MYS,847210
10537674,97,153,9182,2010,223996.0,0.0,0.715745,1.9780259999999998,HKG,MYS,847210
10537675,103,153,9182,2010,3134.0,21218.0,-0.30878099999999997,1.07069,IDN,MYS,847210
10537676,104,153,9182,2010,0.0,1800.0,0.14485599999999998,2.408913,IND,MYS,847210
10537677,111,153,9182,2010,0.0,66350.0,1.272385,0.545721,ITA,MYS,847210
10537678,114,153,9182,2010,33286.0,0.0,2.459723,-0.279387,JPN,MYS,847210
10537679,123,153,9182,2010,0.0,564899.0,-1.104075,-0.836772,LAO,MYS,847210
10537680,124,153,9182,2010,0.0,16344.0,0.415854,1.424085,LBN,MYS,847210
10537681,138,153,9182,2010,0.0,1107.0,1.132664,0.675756,MEX,MYS,847210
10537682,162,153,9182,2010,18067.0,0.0,1.237998,1.1891209999999999,NLD,MYS,847210
10537683,168,153,9182,2010,0.0,1690.0,-0.692071,0.5409010000000001,PAK,MYS,847210
10537684,192,153,9182,2010,4518.0,104934.0,1.8441349999999999,0.570311,SGP,MYS,847210
10537685,212,153,9182,2010,0.0,3158.0,-0.46833800000000003,1.11952,SYR,MYS,847210
10537686,216,153,9182,2010,0.0,1203.0,0.748328,1.425224,THA,MYS,847210
10537687,231,153,9182,2010,25514.0,39098.0,1.67573,-0.598165,USA,MYS,847210
10537688,239,153,9182,2010,0.0,1487.0,-0.24660500000000002,1.427235,VNM,MYS,847210
10537689,249,153,9182,2010,31062.0,0.0,1.766729,0.909335,TWN,MYS,847210
10537690,0,162,9182,2010,0.0,6118.0,0.9906219999999999,0.159993,ABW,NLD,847210
10537691,2,162,9182,2010,0.0,1164.0,-1.3711010000000001,-1.170608,AGO,NLD,847210
10537692,6,162,9182,2010,0.0,2653.0,-0.08593200000000001,-0.691395,ANT,NLD,847210
10537693,15,162,9182,2010,0.0,6752.0,1.724315,-0.29379099999999997,AUT,NLD,847210
10537694,18,162,9182,2010,0.0,104077.0,1.2224270000000002,1.1276,BEL,NLD,847210
10537695,35,162,9182,2010,0.0,1814.0,-0.10866300000000001,-0.5950270000000001,BTN,NLD,847210
10537696,39,162,9182,2010,0.0,21520.0,0.752421,1.2208510000000001,CAN,NLD,847210
10537697,41,162,9182,2010,0.0,1159.0,2.1492080000000002,0.556424,CHE,NLD,847210
10537698,43,162,9182,2010,1907198.0,0.0,0.922493,2.0176,CHN,NLD,847210
10537699,58,162,9182,2010,0.0,11750.0,0.8776450000000001,0.568389,CYP,NLD,847210
10537700,59,162,9182,2010,0.0,12140.0,1.732044,0.333934,CZE,NLD,847210
10537701,61,162,9182,2010,243573.0,428434.0,2.035672,-3.383322,DEU,NLD,847210
10537702,64,162,9182,2010,468859.0,15290489.0,1.082468,1.280759,DNK,NLD,847210
10537703,68,162,9182,2010,0.0,168810.0,-0.181826,1.409465,EGY,NLD,847210
10537704,71,162,9182,2010,0.0,265636.0,0.832619,2.448009,ESP,NLD,847210
10537705,73,162,9182,2010,0.0,150367.0,-1.122906,-0.840777,ETH,NLD,847210
10537706,77,162,9182,2010,705474.0,154300.0,1.530027,-0.052557000000000006,FRA,NLD,847210
10537707,81,162,9182,2010,0.0,509721.0,1.828224,0.386383,GBR,NLD,847210
10537708,82,162,9182,2010,0.0,1887.0,-0.21301399999999998,-0.48355299999999996,GEO,NLD,847210
10537709,90,162,9182,2010,0.0,26737.0,0.200249,1.4640090000000001,GRC,NLD,847210
10537710,102,162,9182,2010,0.0,4123.0,1.514225,0.740341,HUN,NLD,847210
10537711,106,162,9182,2010,0.0,42866.0,1.371357,0.168795,IRL,NLD,847210
10537712,109,162,9182,2010,0.0,1776.0,0.20822100000000002,-0.318294,ISL,NLD,847210
10537713,110,162,9182,2010,6524.0,89114.0,1.215834,0.7028340000000001,ISR,NLD,847210
10537714,111,162,9182,2010,6571.0,351799.0,1.272385,0.545721,ITA,NLD,847210
10537715,114,162,9182,2010,646031.0,0.0,2.459723,-0.279387,JPN,NLD,847210
10537716,115,162,9182,2010,0.0,5128.0,-0.6278020000000001,-0.8419760000000001,KAZ,NLD,847210
10537717,124,162,9182,2010,0.0,6587.0,0.415854,1.424085,LBN,NLD,847210
10537718,130,162,9182,2010,0.0,7794.0,0.6390600000000001,1.144911,LTU,NLD,847210
10537719,132,162,9182,2010,0.0,1323.0,0.6158170000000001,1.1401059999999998,LVA,NLD,847210
10537720,136,162,9182,2010,0.0,13024.0,-0.8737799999999999,-0.043717,MDG,NLD,847210
10537721,153,162,9182,2010,0.0,18067.0,0.9530780000000001,0.607456,MYS,NLD,847210
10537722,163,162,9182,2010,3459.0,1276.0,0.865676,0.138757,NOR,NLD,847210
10537723,167,162,9182,2010,0.0,5044.0,-0.487612,-0.9551379999999999,OMN,NLD,847210
10537724,177,162,9182,2010,0.0,40361.0,1.083552,1.1433719999999998,POL,NLD,847210
10537725,179,162,9182,2010,0.0,11719.0,0.551149,2.437209,PRT,NLD,847210
10537726,185,162,9182,2010,0.0,16084.0,0.6483760000000001,1.200256,ROU,NLD,847210
10537727,190,162,9182,2010,0.0,41595.0,-1.9094669999999998,-1.271065,SDN,NLD,847210
10537728,205,162,9182,2010,0.0,10856.0,-0.5734560000000001,-0.936167,SUR,NLD,847210
10537729,207,162,9182,2010,0.0,6689.0,1.595473,0.7023020000000001,SVN,NLD,847210
10537730,216,162,9182,2010,0.0,12357.0,0.748328,1.425224,THA,NLD,847210
10537731,224,162,9182,2010,0.0,70374.0,0.359977,2.471173,TUR,NLD,847210
10537732,226,162,9182,2010,0.0,5083.0,-0.7327,0.427616,TZA,NLD,847210
10537733,227,162,9182,2010,0.0,2765.0,-0.48061400000000004,0.187001,UGA,NLD,847210
10537734,231,162,9182,2010,35484.0,2670.0,1.67573,-0.598165,USA,NLD,847210
10537735,246,162,9182,2010,0.0,15370.0,0.327326,1.513598,ZAF,NLD,847210
10537736,247,162,9182,2010,0.0,3043.0,-0.650686,-0.830332,ZMB,NLD,847210
10537737,248,162,9182,2010,0.0,67132.0,-0.869909,-0.8233309999999999,ZWE,NLD,847210
10537738,249,162,9182,2010,3844.0,0.0,1.766729,0.909335,TWN,NLD,847210
10537739,14,166,9182,2010,5451.0,0.0,-0.276442,0.062023,AUS,NZL,847210
10537740,43,166,9182,2010,65201.0,0.0,0.922493,2.0176,CHN,NZL,847210
10537741,81,166,9182,2010,10051.0,0.0,1.828224,0.386383,GBR,NZL,847210
10537742,114,166,9182,2010,13740.0,0.0,2.459723,-0.279387,JPN,NZL,847210
10537743,216,166,9182,2010,1505.0,0.0,0.748328,1.425224,THA,NZL,847210
10537744,221,166,9182,2010,0.0,50130.0,-0.650658,-0.774469,TON,NZL,847210
10537745,231,166,9182,2010,23423.0,0.0,1.67573,-0.598165,USA,NZL,847210
10537746,242,166,9182,2010,0.0,1364.0,1.236381,0.276124,WSM,NZL,847210
10537747,8,169,9182,2010,0.0,240.0,0.27458899999999997,0.597907,ARG,PAN,847210
10537748,42,169,9182,2010,943.0,0.0,-0.34914,-0.459395,CHL,PAN,847210
10537749,43,169,9182,2010,390035.0,0.0,0.922493,2.0176,CHN,PAN,847210
10537750,49,169,9182,2010,0.0,4152.0,0.097222,-0.064328,COL,PAN,847210
10537751,52,169,9182,2010,4332.0,0.0,-0.122722,-0.7062069999999999,CRI,PAN,847210
10537752,54,169,9182,2010,0.0,35596.0,-0.085462,-0.885019,CUB,PAN,847210
10537753,67,169,9182,2010,0.0,3548.0,-0.584013,-0.743675,ECU,PAN,847210
10537754,81,169,9182,2010,40450.0,0.0,1.828224,0.386383,GBR,PAN,847210
10537755,93,169,9182,2010,1173.0,1103308.0,-0.39034,0.743521,GTM,PAN,847210
10537756,114,169,9182,2010,22831.0,0.0,2.459723,-0.279387,JPN,PAN,847210
10537757,121,169,9182,2010,1073.0,0.0,1.7118849999999999,0.762362,KOR,PAN,847210
10537758,138,169,9182,2010,28688.0,6634.0,1.132664,0.675756,MEX,PAN,847210
10537759,173,169,9182,2010,2395.0,1242.0,-0.650327,0.162321,PER,PAN,847210
10537760,197,169,9182,2010,0.0,1968.0,-0.101434,0.132639,SLV,PAN,847210
10537761,231,169,9182,2010,7909.0,0.0,1.67573,-0.598165,USA,PAN,847210
10537762,236,169,9182,2010,2645.0,9027.0,-0.660844,-1.145133,VEN,PAN,847210
10537763,39,173,9182,2010,3744.0,0.0,0.752421,1.2208510000000001,CAN,PER,847210
10537764,43,173,9182,2010,56735.0,0.0,0.922493,2.0176,CHN,PER,847210
10537765,81,173,9182,2010,5784.0,0.0,1.828224,0.386383,GBR,PER,847210
10537766,114,173,9182,2010,47809.0,0.0,2.459723,-0.279387,JPN,PER,847210
10537767,121,173,9182,2010,5191.0,0.0,1.7118849999999999,0.762362,KOR,PER,847210
10537768,169,173,9182,2010,1242.0,2395.0,0.617867,0.903432,PAN,PER,847210
10537769,231,173,9182,2010,7136.0,0.0,1.67573,-0.598165,USA,PER,847210
10537770,43,174,9182,2010,376175.0,0.0,0.922493,2.0176,CHN,PHL,847210
10537771,71,174,9182,2010,12340.0,0.0,0.832619,2.448009,ESP,PHL,847210
10537772,97,174,9182,2010,235773.0,0.0,0.715745,1.9780259999999998,HKG,PHL,847210
10537773,114,174,9182,2010,136845.0,0.0,2.459723,-0.279387,JPN,PHL,847210
10537774,192,174,9182,2010,4869.0,0.0,1.8441349999999999,0.570311,SGP,PHL,847210
10537775,231,174,9182,2010,306491.0,0.0,1.67573,-0.598165,USA,PHL,847210
10537776,249,174,9182,2010,0.0,1635.0,1.766729,0.909335,TWN,PHL,847210
10537777,18,177,9182,2010,1156.0,0.0,1.2224270000000002,1.1276,BEL,POL,847210
10537778,43,177,9182,2010,52866.0,0.0,0.922493,2.0176,CHN,POL,847210
10537779,61,177,9182,2010,21663.0,0.0,2.035672,-3.383322,DEU,POL,847210
10537780,64,177,9182,2010,77917.0,5136.0,1.082468,1.280759,DNK,POL,847210
10537781,77,177,9182,2010,49702.0,0.0,1.530027,-0.052557000000000006,FRA,POL,847210
10537782,81,177,9182,2010,5355.0,3600.0,1.828224,0.386383,GBR,POL,847210
10537783,111,177,9182,2010,4154.0,0.0,1.272385,0.545721,ITA,POL,847210
10537784,114,177,9182,2010,27954.0,0.0,2.459723,-0.279387,JPN,POL,847210
10537785,130,177,9182,2010,0.0,14673.0,0.6390600000000001,1.144911,LTU,POL,847210
10537786,162,177,9182,2010,40361.0,0.0,1.237998,1.1891209999999999,NLD,POL,847210
10537787,185,177,9182,2010,0.0,1470.0,0.6483760000000001,1.200256,ROU,POL,847210
10537788,231,177,9182,2010,2738.0,0.0,1.67573,-0.598165,USA,POL,847210
10537789,2,179,9182,2010,0.0,27716.0,-1.3711010000000001,-1.170608,AGO,PRT,847210
10537790,32,179,9182,2010,0.0,52998.0,0.40715500000000004,0.6208100000000001,BRA,PRT,847210
10537791,43,179,9182,2010,3431.0,0.0,0.922493,2.0176,CHN,PRT,847210
10537792,64,179,9182,2010,5955.0,0.0,1.082468,1.280759,DNK,PRT,847210
10537793,71,179,9182,2010,444742.0,0.0,0.832619,2.448009,ESP,PRT,847210
10537794,77,179,9182,2010,38927.0,0.0,1.530027,-0.052557000000000006,FRA,PRT,847210
10537795,162,179,9182,2010,11719.0,0.0,1.237998,1.1891209999999999,NLD,PRT,847210
10537796,203,179,9182,2010,0.0,8986.0,0.676596,-0.145275,STP,PRT,847210
10537797,231,179,9182,2010,46785.0,0.0,1.67573,-0.598165,USA,PRT,847210
10537798,43,180,9182,2010,13251.0,0.0,0.922493,2.0176,CHN,PRY,847210
10537799,231,180,9182,2010,44883.0,0.0,1.67573,-0.598165,USA,PRY,847210
10537800,7,183,9182,2010,3786.0,0.0,0.29457,-0.196371,ARE,QAT,847210
10537801,24,183,9182,2010,143112.0,0.0,0.284356,-0.8362,BHR,QAT,847210
10537802,43,183,9182,2010,165561.0,0.0,0.922493,2.0176,CHN,QAT,847210
10537803,81,183,9182,2010,8996.0,0.0,1.828224,0.386383,GBR,QAT,847210
10537804,114,183,9182,2010,3781.0,0.0,2.459723,-0.279387,JPN,QAT,847210
10537805,138,183,9182,2010,2981.0,0.0,1.132664,0.675756,MEX,QAT,847210
10537806,231,183,9182,2010,7370.0,0.0,1.67573,-0.598165,USA,QAT,847210
10537807,7,188,9182,2010,0.0,18673.0,0.29457,-0.196371,ARE,SAU,847210
10537808,24,188,9182,2010,14302.0,0.0,0.284356,-0.8362,BHR,SAU,847210
10537809,38,188,9182,2010,0.0,1296.0,0.062649,-0.6461779999999999,CAF,SAU,847210
10537810,43,188,9182,2010,1791401.0,0.0,0.922493,2.0176,CHN,SAU,847210
10537811,61,188,9182,2010,97916.0,0.0,2.035672,-3.383322,DEU,SAU,847210
10537812,71,188,9182,2010,25051.0,0.0,0.832619,2.448009,ESP,SAU,847210
10537813,73,188,9182,2010,0.0,700.0,-1.122906,-0.840777,ETH,SAU,847210
10537814,81,188,9182,2010,25419.0,196705.0,1.828224,0.386383,GBR,SAU,847210
10537815,114,188,9182,2010,191261.0,0.0,2.459723,-0.279387,JPN,SAU,847210
10537816,124,188,9182,2010,854.0,0.0,0.415854,1.424085,LBN,SAU,847210
10537817,163,188,9182,2010,1134.0,0.0,0.865676,0.138757,NOR,SAU,847210
10537818,190,188,9182,2010,0.0,6136.0,-1.9094669999999998,-1.271065,SDN,SAU,847210
10537819,231,188,9182,2010,2628.0,0.0,1.67573,-0.598165,USA,SAU,847210
10537820,249,188,9182,2010,50894.0,0.0,1.766729,0.909335,TWN,SAU,847210
10537821,1,190,9182,2010,27068.0,0.0,-0.054633,-0.102103,AFG,SDN,847210
10537822,7,190,9182,2010,6458.0,0.0,0.29457,-0.196371,ARE,SDN,847210
10537823,43,190,9182,2010,30490.0,0.0,0.922493,2.0176,CHN,SDN,847210
10537824,61,190,9182,2010,1009.0,0.0,2.035672,-3.383322,DEU,SDN,847210
10537825,68,190,9182,2010,1405.0,0.0,-0.181826,1.409465,EGY,SDN,847210
10537826,81,190,9182,2010,2214.0,0.0,1.828224,0.386383,GBR,SDN,847210
10537827,116,190,9182,2010,1530.0,0.0,-0.387187,1.010443,KEN,SDN,847210
10537828,162,190,9182,2010,41595.0,0.0,1.237998,1.1891209999999999,NLD,SDN,847210
10537829,188,190,9182,2010,6136.0,0.0,0.46696400000000005,-0.7487520000000001,SAU,SDN,847210
10537830,227,190,9182,2010,1904.0,0.0,-0.48061400000000004,0.187001,UGA,SDN,847210
10537831,43,197,9182,2010,5362.0,0.0,0.922493,2.0176,CHN,SLV,847210
10537832,93,197,9182,2010,37160.0,0.0,-0.39034,0.743521,GTM,SLV,847210
10537833,114,197,9182,2010,8267.0,0.0,2.459723,-0.279387,JPN,SLV,847210
10537834,160,197,9182,2010,0.0,2807.0,-0.9387409999999999,-0.8119569999999999,NIC,SLV,847210
10537835,169,197,9182,2010,1968.0,0.0,0.617867,0.903432,PAN,SLV,847210
10537836,231,197,9182,2010,95200.0,0.0,1.67573,-0.598165,USA,SLV,847210
10537837,64,203,9182,2010,477.0,0.0,1.082468,1.280759,DNK,STP,847210
10537838,179,203,9182,2010,8986.0,0.0,0.551149,2.437209,PRT,STP,847210
10537839,162,205,9182,2010,10856.0,0.0,1.237998,1.1891209999999999,NLD,SUR,847210
10537840,231,205,9182,2010,8546.0,0.0,1.67573,-0.598165,USA,SUR,847210
10537841,59,206,9182,2010,83295.0,0.0,1.732044,0.333934,CZE,SVK,847210
10537842,61,206,9182,2010,1688.0,0.0,2.035672,-3.383322,DEU,SVK,847210
10537843,64,206,9182,2010,158502.0,1323.0,1.082468,1.280759,DNK,SVK,847210
10537844,77,206,9182,2010,9919.0,0.0,1.530027,-0.052557000000000006,FRA,SVK,847210
10537845,114,206,9182,2010,1722.0,0.0,2.459723,-0.279387,JPN,SVK,847210
10537846,231,206,9182,2010,0.0,2851.0,1.67573,-0.598165,USA,SVK,847210
10537847,250,206,9182,2010,81514.0,0.0,0.45129600000000003,-0.223517,ANS,SVK,847210
10537848,43,207,9182,2010,2202.0,0.0,0.922493,2.0176,CHN,SVN,847210
10537849,64,207,9182,2010,7452.0,0.0,1.082468,1.280759,DNK,SVN,847210
10537850,77,207,9182,2010,59005.0,0.0,1.530027,-0.052557000000000006,FRA,SVN,847210
10537851,114,207,9182,2010,1659.0,0.0,2.459723,-0.279387,JPN,SVN,847210
10537852,162,207,9182,2010,6689.0,0.0,1.237998,1.1891209999999999,NLD,SVN,847210
10537853,201,207,9182,2010,0.0,3959.0,0.561161,1.33974,SRB,SVN,847210
10537854,24,208,9182,2010,0.0,992.0,0.284356,-0.8362,BHR,SWE,847210
10537855,43,208,9182,2010,5647.0,0.0,0.922493,2.0176,CHN,SWE,847210
10537856,64,208,9182,2010,1800778.0,11183915.0,1.082468,1.280759,DNK,SWE,847210
10537857,81,208,9182,2010,61596.0,0.0,1.828224,0.386383,GBR,SWE,847210
10537858,109,208,9182,2010,0.0,8570.0,0.20822100000000002,-0.318294,ISL,SWE,847210
10537859,163,208,9182,2010,0.0,2631.0,0.865676,0.138757,NOR,SWE,847210
10537860,192,208,9182,2010,0.0,45089.0,1.8441349999999999,0.570311,SGP,SWE,847210
10537861,216,208,9182,2010,0.0,1553.0,0.748328,1.425224,THA,SWE,847210
10537862,228,208,9182,2010,0.0,10372.0,0.714148,0.916267,UKR,SWE,847210
10537863,231,208,9182,2010,22553.0,0.0,1.67573,-0.598165,USA,SWE,847210
10537864,43,212,9182,2010,77122.0,0.0,0.922493,2.0176,CHN,SYR,847210
10537865,61,212,9182,2010,2051.0,0.0,2.035672,-3.383322,DEU,SYR,847210
10537866,114,212,9182,2010,19508.0,0.0,2.459723,-0.279387,JPN,SYR,847210
10537867,121,212,9182,2010,32902.0,0.0,1.7118849999999999,0.762362,KOR,SYR,847210
10537868,122,212,9182,2010,0.0,1678.0,0.067373,-1.0822120000000002,KWT,SYR,847210
10537869,153,212,9182,2010,3158.0,0.0,0.9530780000000001,0.607456,MYS,SYR,847210
10537870,192,212,9182,2010,8146.0,0.0,1.8441349999999999,0.570311,SGP,SYR,847210
10537871,249,212,9182,2010,18155.0,0.0,1.766729,0.909335,TWN,SYR,847210
10537872,250,212,9182,2010,20543.0,0.0,0.45129600000000003,-0.223517,ANS,SYR,847210
10537873,7,216,9182,2010,39841.0,29654.0,0.29457,-0.196371,ARE,THA,847210
10537874,14,216,9182,2010,12005.0,0.0,-0.276442,0.062023,AUS,THA,847210
10537875,39,216,9182,2010,184709.0,0.0,0.752421,1.2208510000000001,CAN,THA,847210
10537876,43,216,9182,2010,289912.0,0.0,0.922493,2.0176,CHN,THA,847210
10537877,61,216,9182,2010,1003.0,0.0,2.035672,-3.383322,DEU,THA,847210
10537878,81,216,9182,2010,2325.0,0.0,1.828224,0.386383,GBR,THA,847210
10537879,97,216,9182,2010,0.0,3371.0,0.715745,1.9780259999999998,HKG,THA,847210
10537880,99,216,9182,2010,0.0,87483.0,-0.569501,-0.153122,HND,THA,847210
10537881,111,216,9182,2010,14566.0,0.0,1.272385,0.545721,ITA,THA,847210
10537882,114,216,9182,2010,124692.0,0.0,2.459723,-0.279387,JPN,THA,847210
10537883,121,216,9182,2010,0.0,994.0,1.7118849999999999,0.762362,KOR,THA,847210
10537884,123,216,9182,2010,0.0,82853.0,-1.104075,-0.836772,LAO,THA,847210
10537885,137,216,9182,2010,0.0,10390.0,-0.644859,-0.910633,MDV,THA,847210
10537886,143,216,9182,2010,0.0,3551.0,-1.480389,-1.075842,MMR,THA,847210
10537887,153,216,9182,2010,1203.0,0.0,0.9530780000000001,0.607456,MYS,THA,847210
10537888,162,216,9182,2010,12357.0,0.0,1.237998,1.1891209999999999,NLD,THA,847210
10537889,166,216,9182,2010,0.0,1505.0,0.36828299999999997,0.574574,NZL,THA,847210
10537890,192,216,9182,2010,4206.0,28214.0,1.8441349999999999,0.570311,SGP,THA,847210
10537891,208,216,9182,2010,1553.0,0.0,1.882239,0.397927,SWE,THA,847210
10537892,231,216,9182,2010,162401.0,7728.0,1.67573,-0.598165,USA,THA,847210
10537893,239,216,9182,2010,0.0,329316.0,-0.24660500000000002,1.427235,VNM,THA,847210
10537894,249,216,9182,2010,0.0,2183.0,1.766729,0.909335,TWN,THA,847210
10537895,43,222,9182,2010,2972.0,0.0,0.922493,2.0176,CHN,TTO,847210
10537896,81,222,9182,2010,6350.0,0.0,1.828224,0.386383,GBR,TTO,847210
10537897,114,222,9182,2010,2490.0,0.0,2.459723,-0.279387,JPN,TTO,847210
10537898,231,222,9182,2010,274307.0,0.0,1.67573,-0.598165,USA,TTO,847210
10537899,18,224,9182,2010,993.0,0.0,1.2224270000000002,1.1276,BEL,TUR,847210
10537900,43,224,9182,2010,122784.0,0.0,0.922493,2.0176,CHN,TUR,847210
10537901,68,224,9182,2010,0.0,2335.0,-0.181826,1.409465,EGY,TUR,847210
10537902,77,224,9182,2010,19377.0,0.0,1.530027,-0.052557000000000006,FRA,TUR,847210
10537903,81,224,9182,2010,7232.0,0.0,1.828224,0.386383,GBR,TUR,847210
10537904,114,224,9182,2010,19430.0,0.0,2.459723,-0.279387,JPN,TUR,847210
10537905,126,224,9182,2010,0.0,29795.0,-0.706491,-1.140822,LBY,TUR,847210
10537906,162,224,9182,2010,70374.0,0.0,1.237998,1.1891209999999999,NLD,TUR,847210
10537907,163,224,9182,2010,1167.0,0.0,0.865676,0.138757,NOR,TUR,847210
10537908,167,224,9182,2010,0.0,1066.0,-0.487612,-0.9551379999999999,OMN,TUR,847210
10537909,28,228,9182,2010,0.0,3718.0,0.969851,0.593386,BLR,UKR,847210
10537910,43,228,9182,2010,11946.0,0.0,0.922493,2.0176,CHN,UKR,847210
10537911,61,228,9182,2010,26143.0,0.0,2.035672,-3.383322,DEU,UKR,847210
10537912,68,228,9182,2010,0.0,11949.0,-0.181826,1.409465,EGY,UKR,847210
10537913,81,228,9182,2010,56608.0,0.0,1.828224,0.386383,GBR,UKR,847210
10537914,114,228,9182,2010,16551.0,0.0,2.459723,-0.279387,JPN,UKR,847210
10537915,130,228,9182,2010,1037.0,0.0,0.6390600000000001,1.144911,LTU,UKR,847210
10537916,208,228,9182,2010,10372.0,0.0,1.882239,0.397927,SWE,UKR,847210
10537917,43,230,9182,2010,20100.0,0.0,0.922493,2.0176,CHN,URY,847210
10537918,71,230,9182,2010,8793.0,0.0,0.832619,2.448009,ESP,URY,847210
10537919,93,230,9182,2010,0.0,22507.0,-0.39034,0.743521,GTM,URY,847210
10537920,114,230,9182,2010,5949.0,0.0,2.459723,-0.279387,JPN,URY,847210
10537921,231,230,9182,2010,35729.0,0.0,1.67573,-0.598165,USA,URY,847210
10537922,1,231,9182,2010,0.0,26998.0,-0.054633,-0.102103,AFG,USA,847210
10537923,8,231,9182,2010,0.0,117413.0,0.27458899999999997,0.597907,ARG,USA,847210
10537924,9,231,9182,2010,0.0,2783.0,0.11632,-0.417048,ARM,USA,847210
10537925,13,231,9182,2010,0.0,3494.0,1.2153129999999999,0.955838,ATG,USA,847210
10537926,14,231,9182,2010,0.0,47180.0,-0.276442,0.062023,AUS,USA,847210
10537927,18,231,9182,2010,4212.0,0.0,1.2224270000000002,1.1276,BEL,USA,847210
10537928,24,231,9182,2010,0.0,3955.0,0.284356,-0.8362,BHR,USA,847210
10537929,25,231,9182,2010,0.0,18187.0,0.495262,-0.6198779999999999,BHS,USA,847210
10537930,29,231,9182,2010,0.0,30997.0,-0.559172,-0.739977,BLZ,USA,847210
10537931,31,231,9182,2010,0.0,36271.0,-0.83736,-0.812473,BOL,USA,847210
10537932,32,231,9182,2010,0.0,20763.0,0.40715500000000004,0.6208100000000001,BRA,USA,847210
10537933,33,231,9182,2010,0.0,15358.0,0.7076140000000001,0.434993,BRB,USA,847210
10537934,39,231,9182,2010,21202.0,268387.0,0.752421,1.2208510000000001,CAN,USA,847210
10537935,42,231,9182,2010,0.0,587669.0,-0.34914,-0.459395,CHL,USA,847210
10537936,43,231,9182,2010,4430283.0,3738606.0,0.922493,2.0176,CHN,USA,847210
10537937,49,231,9182,2010,0.0,238718.0,0.097222,-0.064328,COL,USA,847210
10537938,52,231,9182,2010,0.0,174427.0,-0.122722,-0.7062069999999999,CRI,USA,847210
10537939,61,231,9182,2010,0.0,25801.0,2.035672,-3.383322,DEU,USA,847210
10537940,64,231,9182,2010,0.0,46183.0,1.082468,1.280759,DNK,USA,847210
10537941,65,231,9182,2010,0.0,35771.0,-0.245241,0.368626,DOM,USA,847210
10537942,67,231,9182,2010,0.0,51941.0,-0.584013,-0.743675,ECU,USA,847210
10537943,68,231,9182,2010,0.0,1872.0,-0.181826,1.409465,EGY,USA,847210
10537944,73,231,9182,2010,0.0,3542.0,-1.122906,-0.840777,ETH,USA,847210
10537945,79,231,9182,2010,0.0,102027.0,-1.2914889999999999,-1.0153450000000002,FSM,USA,847210
10537946,81,231,9182,2010,280897.0,170366.0,1.828224,0.386383,GBR,USA,847210
10537947,82,231,9182,2010,0.0,1099.0,-0.21301399999999998,-0.48355299999999996,GEO,USA,847210
10537948,83,231,9182,2010,0.0,3421.0,-0.835003,-0.633731,GHA,USA,847210
10537949,93,231,9182,2010,0.0,1520658.0,-0.39034,0.743521,GTM,USA,847210
10537950,96,231,9182,2010,0.0,22156.0,-1.020217,-1.0231569999999999,GUY,USA,847210
10537951,97,231,9182,2010,228627.0,1524934.0,0.715745,1.9780259999999998,HKG,USA,847210
10537952,99,231,9182,2010,0.0,157534.0,-0.569501,-0.153122,HND,USA,847210
10537953,103,231,9182,2010,0.0,425497.0,-0.30878099999999997,1.07069,IDN,USA,847210
10537954,104,231,9182,2010,0.0,695618.0,0.14485599999999998,2.408913,IND,USA,847210
10537955,106,231,9182,2010,21888.0,0.0,1.371357,0.168795,IRL,USA,847210
10537956,108,231,9182,2010,0.0,3137.0,-2.1439150000000002,-0.913227,IRQ,USA,847210
10537957,110,231,9182,2010,0.0,3562.0,1.215834,0.7028340000000001,ISR,USA,847210
10537958,111,231,9182,2010,76387.0,1368.0,1.272385,0.545721,ITA,USA,847210
10537959,112,231,9182,2010,5393.0,72894.0,0.041471,-0.367177,JAM,USA,847210
10537960,114,231,9182,2010,2239748.0,37648.0,2.459723,-0.279387,JPN,USA,847210
10537961,116,231,9182,2010,0.0,2398.0,-0.387187,1.010443,KEN,USA,847210
10537962,121,231,9182,2010,0.0,65619.0,1.7118849999999999,0.762362,KOR,USA,847210
10537963,122,231,9182,2010,0.0,2748.0,0.067373,-1.0822120000000002,KWT,USA,847210
10537964,124,231,9182,2010,0.0,30565.0,0.415854,1.424085,LBN,USA,847210
10537965,126,231,9182,2010,0.0,2682.0,-0.706491,-1.140822,LBY,USA,847210
10537966,127,231,9182,2010,0.0,8399.0,0.446162,-0.279229,LCA,USA,847210
10537967,128,231,9182,2010,0.0,2678.0,-0.70886,0.25216700000000003,LKA,USA,847210
10537968,134,231,9182,2010,0.0,8284.0,-0.5935229999999999,-0.056497000000000006,MAR,USA,847210
10537969,138,231,9182,2010,3775.0,2175038.0,1.132664,0.675756,MEX,USA,847210
10537970,139,231,9182,2010,0.0,36885.0,-0.599197,-0.788443,MHL,USA,847210
10537971,152,231,9182,2010,0.0,1818.0,-0.821839,-0.9153870000000001,MWI,USA,847210
10537972,153,231,9182,2010,39098.0,25514.0,0.9530780000000001,0.607456,MYS,USA,847210
10537973,159,231,9182,2010,0.0,33632.0,-1.887084,-1.2280229999999999,NGA,USA,847210
10537974,160,231,9182,2010,0.0,28707.0,-0.9387409999999999,-0.8119569999999999,NIC,USA,847210
10537975,162,231,9182,2010,2670.0,35484.0,1.237998,1.1891209999999999,NLD,USA,847210
10537976,163,231,9182,2010,2258.0,13184.0,0.865676,0.138757,NOR,USA,847210
10537977,166,231,9182,2010,0.0,23423.0,0.36828299999999997,0.574574,NZL,USA,847210
10537978,169,231,9182,2010,0.0,7909.0,0.617867,0.903432,PAN,USA,847210
10537979,173,231,9182,2010,0.0,7136.0,-0.650327,0.162321,PER,USA,847210
10537980,174,231,9182,2010,0.0,306491.0,0.40418899999999996,0.102497,PHL,USA,847210
10537981,175,231,9182,2010,0.0,10246.0,-0.32681,-0.885127,PLW,USA,847210
10537982,177,231,9182,2010,0.0,2738.0,1.083552,1.1433719999999998,POL,USA,847210
10537983,179,231,9182,2010,0.0,46785.0,0.551149,2.437209,PRT,USA,847210
10537984,180,231,9182,2010,0.0,44883.0,-0.553805,-0.8699450000000001,PRY,USA,847210
10537985,183,231,9182,2010,0.0,7370.0,-0.346143,-1.078192,QAT,USA,847210
10537986,187,231,9182,2010,0.0,4197.0,-0.6033350000000001,-0.524881,RWA,USA,847210
10537987,188,231,9182,2010,0.0,2628.0,0.46696400000000005,-0.7487520000000001,SAU,USA,847210
10537988,192,231,9182,2010,0.0,486694.0,1.8441349999999999,0.570311,SGP,USA,847210
10537989,197,231,9182,2010,0.0,95200.0,-0.101434,0.132639,SLV,USA,847210
10537990,205,231,9182,2010,0.0,8546.0,-0.5734560000000001,-0.936167,SUR,USA,847210
10537991,206,231,9182,2010,2851.0,0.0,1.278601,0.726907,SVK,USA,847210
10537992,208,231,9182,2010,0.0,22553.0,1.882239,0.397927,SWE,USA,847210
10537993,216,231,9182,2010,7728.0,162401.0,0.748328,1.425224,THA,USA,847210
10537994,221,231,9182,2010,0.0,1800.0,-0.650658,-0.774469,TON,USA,847210
10537995,222,231,9182,2010,0.0,274307.0,-0.338123,-1.070239,TTO,USA,847210
10537996,226,231,9182,2010,0.0,3533.0,-0.7327,0.427616,TZA,USA,847210
10537997,230,231,9182,2010,0.0,35729.0,0.217246,-0.079733,URY,USA,847210
10537998,236,231,9182,2010,0.0,188683.0,-0.660844,-1.145133,VEN,USA,847210
10537999,237,231,9182,2010,0.0,3434.0,0.699891,-0.29630300000000004,VGB,USA,847210
10538000,239,231,9182,2010,160303.0,414885.0,-0.24660500000000002,1.427235,VNM,USA,847210
10538001,246,231,9182,2010,0.0,2672.0,0.327326,1.513598,ZAF,USA,847210
10538002,248,231,9182,2010,0.0,3503.0,-0.869909,-0.8233309999999999,ZWE,USA,847210
10538003,249,231,9182,2010,16367.0,340959.0,1.766729,0.909335,TWN,USA,847210
10538004,43,236,9182,2010,45737.0,0.0,0.922493,2.0176,CHN,VEN,847210
10538005,71,236,9182,2010,1216.0,0.0,0.832619,2.448009,ESP,VEN,847210
10538006,114,236,9182,2010,3058.0,0.0,2.459723,-0.279387,JPN,VEN,847210
10538007,169,236,9182,2010,9027.0,2645.0,0.617867,0.903432,PAN,VEN,847210
10538008,231,236,9182,2010,188683.0,0.0,1.67573,-0.598165,USA,VEN,847210
10538009,0,243,9182,2010,11799.0,0.0,0.9906219999999999,0.159993,ABW,YEM,847210
10538010,43,243,9182,2010,2572.0,0.0,0.922493,2.0176,CHN,YEM,847210
10538011,81,243,9182,2010,4228.0,0.0,1.828224,0.386383,GBR,YEM,847210
10538012,192,243,9182,2010,3934.0,0.0,1.8441349999999999,0.570311,SGP,YEM,847210
10538013,223,243,9182,2010,3882.0,0.0,0.165019,0.8882059999999999,TUN,YEM,847210
10538014,250,243,9182,2010,34665.0,0.0,0.45129600000000003,-0.223517,ANS,YEM,847210
10538015,2,246,9182,2010,0.0,127213.0,-1.3711010000000001,-1.170608,AGO,ZAF,847210
10538016,37,246,9182,2010,26775.0,1637.0,-0.181373,-0.714376,BWA,ZAF,847210
10538017,43,246,9182,2010,40094.0,0.0,0.922493,2.0176,CHN,ZAF,847210
10538018,61,246,9182,2010,1207.0,0.0,2.035672,-3.383322,DEU,ZAF,847210
10538019,71,246,9182,2010,27941.0,0.0,0.832619,2.448009,ESP,ZAF,847210
10538020,77,246,9182,2010,7635.0,0.0,1.530027,-0.052557000000000006,FRA,ZAF,847210
10538021,81,246,9182,2010,107853.0,0.0,1.828224,0.386383,GBR,ZAF,847210
10538022,97,246,9182,2010,4698.0,0.0,0.715745,1.9780259999999998,HKG,ZAF,847210
10538023,114,246,9182,2010,23791.0,0.0,2.459723,-0.279387,JPN,ZAF,847210
10538024,116,246,9182,2010,0.0,11254.0,-0.387187,1.010443,KEN,ZAF,847210
10538025,124,246,9182,2010,883.0,0.0,0.415854,1.424085,LBN,ZAF,847210
10538026,129,246,9182,2010,1992.0,265776.0,-0.7534529999999999,-0.759605,LSO,ZAF,847210
10538027,147,246,9182,2010,0.0,59064.0,-1.479855,-1.070518,MOZ,ZAF,847210
10538028,152,246,9182,2010,0.0,4123.0,-0.821839,-0.9153870000000001,MWI,ZAF,847210
10538029,155,246,9182,2010,1607.0,183588.0,-0.49860299999999996,-0.6728529999999999,NAM,ZAF,847210
10538030,162,246,9182,2010,15370.0,0.0,1.237998,1.1891209999999999,NLD,ZAF,847210
10538031,209,246,9182,2010,7318.0,481563.0,0.186142,-0.34577800000000003,SWZ,ZAF,847210
10538032,226,246,9182,2010,0.0,53339.0,-0.7327,0.427616,TZA,ZAF,847210
10538033,227,246,9182,2010,0.0,8293.0,-0.48061400000000004,0.187001,UGA,ZAF,847210
10538034,231,246,9182,2010,2672.0,0.0,1.67573,-0.598165,USA,ZAF,847210
10538035,247,246,9182,2010,0.0,2622.0,-0.650686,-0.830332,ZMB,ZAF,847210
10538036,248,246,9182,2010,0.0,62330.0,-0.869909,-0.8233309999999999,ZWE,ZAF,847210
10538037,249,246,9182,2010,5010.0,0.0,1.766729,0.909335,TWN,ZAF,847210
10538038,250,246,9182,2010,0.0,1207.0,0.45129600000000003,-0.223517,ANS,ZAF,847210
10538039,14,249,9182,2010,0.0,6839.0,-0.276442,0.062023,AUS,TWN,847210
10538040,21,249,9182,2010,0.0,18101.0,-0.625747,-0.700651,BFA,TWN,847210
10538041,34,249,9182,2010,0.0,4311.0,0.717167,-0.764841,BRN,TWN,847210
10538042,39,249,9182,2010,0.0,7306.0,0.752421,1.2208510000000001,CAN,TWN,847210
10538043,43,249,9182,2010,14281.0,13855.0,0.922493,2.0176,CHN,TWN,847210
10538044,61,249,9182,2010,0.0,35745.0,2.035672,-3.383322,DEU,TWN,847210
10538045,64,249,9182,2010,0.0,1111.0,1.082468,1.280759,DNK,TWN,847210
10538046,68,249,9182,2010,0.0,229469.0,-0.181826,1.409465,EGY,TWN,847210
10538047,71,249,9182,2010,0.0,1928.0,0.832619,2.448009,ESP,TWN,847210
10538048,77,249,9182,2010,2331.0,251345.0,1.530027,-0.052557000000000006,FRA,TWN,847210
10538049,81,249,9182,2010,50415.0,9696.0,1.828224,0.386383,GBR,TWN,847210
10538050,97,249,9182,2010,0.0,13146.0,0.715745,1.9780259999999998,HKG,TWN,847210
10538051,99,249,9182,2010,0.0,767.0,-0.569501,-0.153122,HND,TWN,847210
10538052,100,249,9182,2010,0.0,1939.0,0.8276979999999999,0.97415,HRV,TWN,847210
10538053,103,249,9182,2010,0.0,10090.0,-0.30878099999999997,1.07069,IDN,TWN,847210
10538054,104,249,9182,2010,0.0,2268.0,0.14485599999999998,2.408913,IND,TWN,847210
10538055,111,249,9182,2010,0.0,7103.0,1.272385,0.545721,ITA,TWN,847210
10538056,113,249,9182,2010,0.0,5312.0,0.251702,0.522758,JOR,TWN,847210
10538057,114,249,9182,2010,185309.0,7663.0,2.459723,-0.279387,JPN,TWN,847210
10538058,122,249,9182,2010,0.0,5021.0,0.067373,-1.0822120000000002,KWT,TWN,847210
10538059,139,249,9182,2010,0.0,7981.0,-0.599197,-0.788443,MHL,TWN,847210
10538060,142,249,9182,2010,0.0,8490.0,1.211797,-0.024923,MLT,TWN,847210
10538061,153,249,9182,2010,0.0,31062.0,0.9530780000000001,0.607456,MYS,TWN,847210
10538062,162,249,9182,2010,0.0,3844.0,1.237998,1.1891209999999999,NLD,TWN,847210
10538063,168,249,9182,2010,0.0,44440.0,-0.692071,0.5409010000000001,PAK,TWN,847210
10538064,174,249,9182,2010,1635.0,0.0,0.40418899999999996,0.102497,PHL,TWN,847210
10538065,175,249,9182,2010,0.0,1488.0,-0.32681,-0.885127,PLW,TWN,847210
10538066,188,249,9182,2010,0.0,50894.0,0.46696400000000005,-0.7487520000000001,SAU,TWN,847210
10538067,192,249,9182,2010,78187.0,2904.0,1.8441349999999999,0.570311,SGP,TWN,847210
10538068,212,249,9182,2010,0.0,18155.0,-0.46833800000000003,1.11952,SYR,TWN,847210
10538069,216,249,9182,2010,2183.0,0.0,0.748328,1.425224,THA,TWN,847210
10538070,231,249,9182,2010,340959.0,16367.0,1.67573,-0.598165,USA,TWN,847210
10538071,239,249,9182,2010,0.0,21597.0,-0.24660500000000002,1.427235,VNM,TWN,847210
10538072,246,249,9182,2010,0.0,5010.0,0.327326,1.513598,ZAF,TWN,847210
10538073,0,250,9182,2010,1531.0,0.0,0.9906219999999999,0.159993,ABW,ANS,847210
10538074,68,250,9182,2010,0.0,8616.0,-0.181826,1.409465,EGY,ANS,847210
10538075,77,250,9182,2010,5302.0,0.0,1.530027,-0.052557000000000006,FRA,ANS,847210
10538076,131,250,9182,2010,0.0,4220.0,1.272127,1.1051520000000001,LUX,ANS,847210
10538077,206,250,9182,2010,0.0,81514.0,1.278601,0.726907,SVK,ANS,847210
10538078,212,250,9182,2010,0.0,20543.0,-0.46833800000000003,1.11952,SYR,ANS,847210
10538079,243,250,9182,2010,0.0,34665.0,-1.360851,-1.208826,YEM,ANS,847210
10538080,246,250,9182,2010,1207.0,0.0,0.327326,1.513598,ZAF,ANS,847210
10538081,16,7,9182,2010,0.0,4849.0,-1.048424,-1.2030370000000001,AZE,ARE,847210
10538082,24,7,9182,2010,716511.0,0.0,0.284356,-0.8362,BHR,ARE,847210
10538083,43,7,9182,2010,29654.0,0.0,0.922493,2.0176,CHN,ARE,847210
10538084,45,7,9182,2010,0.0,3142.0,-1.114209,-1.0127899999999999,CMR,ARE,847210
10538085,50,7,9182,2010,0.0,1113.0,0.8640059999999999,-0.6108180000000001,COM,ARE,847210
10538086,68,7,9182,2010,0.0,66985.0,-0.181826,1.409465,EGY,ARE,847210
10538087,73,7,9182,2010,2385.0,0.0,-1.122906,-0.840777,ETH,ARE,847210
10538088,81,7,9182,2010,600770.0,0.0,1.828224,0.386383,GBR,ARE,847210
10538089,87,7,9182,2010,0.0,2346.0,-0.894757,-0.734589,GMB,ARE,847210
10538090,111,7,9182,2010,6280.0,0.0,1.272385,0.545721,ITA,ARE,847210
10538091,116,7,9182,2010,0.0,28919.0,-0.387187,1.010443,KEN,ARE,847210
10538092,167,7,9182,2010,0.0,36263.0,-0.487612,-0.9551379999999999,OMN,ARE,847210
10538093,183,7,9182,2010,0.0,3786.0,-0.346143,-1.078192,QAT,ARE,847210
10538094,188,7,9182,2010,18673.0,0.0,0.46696400000000005,-0.7487520000000001,SAU,ARE,847210
10538095,190,7,9182,2010,0.0,6458.0,-1.9094669999999998,-1.271065,SDN,ARE,847210
10538096,211,7,9182,2010,0.0,377.0,-0.075668,-0.549686,SYC,ARE,847210
10538097,216,7,9182,2010,29654.0,39841.0,0.748328,1.425224,THA,ARE,847210
10538098,226,7,9182,2010,0.0,21454.0,-0.7327,0.427616,TZA,ARE,847210
10538099,227,7,9182,2010,0.0,3415.0,-0.48061400000000004,0.187001,UGA,ARE,847210
10538100,43,14,9182,2010,4227.0,0.0,0.922493,2.0176,CHN,AUS,847210
10538101,68,14,9182,2010,0.0,9007.0,-0.181826,1.409465,EGY,AUS,847210
10538102,75,14,9182,2010,0.0,11041.0,-0.603112,-0.29135500000000003,FJI,AUS,847210
10538103,81,14,9182,2010,19321.0,0.0,1.828224,0.386383,GBR,AUS,847210
10538104,114,14,9182,2010,29490.0,139440.0,2.459723,-0.279387,JPN,AUS,847210
10538105,118,14,9182,2010,0.0,1658.0,-1.158906,-1.019906,KHM,AUS,847210
10538106,153,14,9182,2010,109753.0,14905.0,0.9530780000000001,0.607456,MYS,AUS,847210
10538107,166,14,9182,2010,0.0,5451.0,0.36828299999999997,0.574574,NZL,AUS,847210
10538108,176,14,9182,2010,0.0,8205.0,-1.725138,-1.195622,PNG,AUS,847210
10538109,192,14,9182,2010,0.0,509036.0,1.8441349999999999,0.570311,SGP,AUS,847210
10538110,195,14,9182,2010,0.0,4695.0,-1.7710650000000001,-1.033138,SLB,AUS,847210
10538111,216,14,9182,2010,0.0,12005.0,0.748328,1.425224,THA,AUS,847210
10538112,231,14,9182,2010,47180.0,0.0,1.67573,-0.598165,USA,AUS,847210
10538113,239,14,9182,2010,0.0,14872.0,-0.24660500000000002,1.427235,VNM,AUS,847210
10538114,240,14,9182,2010,0.0,4907.0,-0.8922190000000001,-0.87134,VUT,AUS,847210
10538115,249,14,9182,2010,6839.0,0.0,1.766729,0.909335,TWN,AUS,847210
10538116,7,16,9182,2010,4849.0,0.0,0.29457,-0.196371,ARE,AZE,847210
10538117,43,16,9182,2010,3096.0,0.0,0.922493,2.0176,CHN,AZE,847210
10538118,61,16,9182,2010,3995.0,0.0,2.035672,-3.383322,DEU,AZE,847210
10538119,74,16,9182,2010,1849.0,0.0,1.745464,0.897992,FIN,AZE,847210
10538120,81,16,9182,2010,17371.0,0.0,1.828224,0.386383,GBR,AZE,847210
10538121,111,16,9182,2010,5588.0,0.0,1.272385,0.545721,ITA,AZE,847210
10538122,97,22,9182,2010,55616.0,0.0,0.715745,1.9780259999999998,HKG,BGD,847210
10538123,153,22,9182,2010,3311.0,0.0,0.9530780000000001,0.607456,MYS,BGD,847210
10538124,192,22,9182,2010,24354.0,0.0,1.8441349999999999,0.570311,SGP,BGD,847210
10538125,77,23,9182,2010,6118.0,0.0,1.530027,-0.052557000000000006,FRA,BGR,847210
10538126,7,24,9182,2010,0.0,716511.0,0.29457,-0.196371,ARE,BHR,847210
10538127,43,24,9182,2010,13747.0,8940.0,0.922493,2.0176,CHN,BHR,847210
10538128,71,24,9182,2010,1053.0,0.0,0.832619,2.448009,ESP,BHR,847210
10538129,81,24,9182,2010,286997.0,0.0,1.828224,0.386383,GBR,BHR,847210
10538130,106,24,9182,2010,20463.0,0.0,1.371357,0.168795,IRL,BHR,847210
10538131,183,24,9182,2010,0.0,143112.0,-0.346143,-1.078192,QAT,BHR,847210
10538132,188,24,9182,2010,0.0,14302.0,0.46696400000000005,-0.7487520000000001,SAU,BHR,847210
10538133,208,24,9182,2010,992.0,0.0,1.882239,0.397927,SWE,BHR,847210
10538134,231,24,9182,2010,3955.0,0.0,1.67573,-0.598165,USA,BHR,847210
10538135,100,26,9182,2010,1922.0,0.0,0.8276979999999999,0.97415,HRV,BIH,847210
10538136,111,26,9182,2010,4739.0,0.0,1.272385,0.545721,ITA,BIH,847210
10538137,114,28,9182,2010,2090.0,0.0,2.459723,-0.279387,JPN,BLR,847210
10538138,130,28,9182,2010,5234.0,0.0,0.6390600000000001,1.144911,LTU,BLR,847210
10538139,228,28,9182,2010,3718.0,0.0,0.714148,0.916267,UKR,BLR,847210
10538140,43,59,9182,2010,288506.0,0.0,0.922493,2.0176,CHN,CZE,847210
10538141,61,59,9182,2010,4546.0,0.0,2.035672,-3.383322,DEU,CZE,847210
10538142,64,59,9182,2010,133096.0,1766.0,1.082468,1.280759,DNK,CZE,847210
10538143,73,59,9182,2010,0.0,90766.0,-1.122906,-0.840777,ETH,CZE,847210
10538144,77,59,9182,2010,80282.0,0.0,1.530027,-0.052557000000000006,FRA,CZE,847210
10538145,81,59,9182,2010,0.0,8333.0,1.828224,0.386383,GBR,CZE,847210
10538146,102,59,9182,2010,0.0,9180.0,1.514225,0.740341,HUN,CZE,847210
10538147,111,59,9182,2010,0.0,2882.0,1.272385,0.545721,ITA,CZE,847210
10538148,114,59,9182,2010,51270.0,0.0,2.459723,-0.279387,JPN,CZE,847210
10538149,162,59,9182,2010,12140.0,0.0,1.237998,1.1891209999999999,NLD,CZE,847210
10538150,206,59,9182,2010,0.0,83295.0,1.278601,0.726907,SVK,CZE,847210
10538151,7,68,9182,2010,66985.0,0.0,0.29457,-0.196371,ARE,EGY,847210
10538152,14,68,9182,2010,9007.0,0.0,-0.276442,0.062023,AUS,EGY,847210
10538153,43,68,9182,2010,2053.0,0.0,0.922493,2.0176,CHN,EGY,847210
10538154,61,68,9182,2010,240124.0,0.0,2.035672,-3.383322,DEU,EGY,847210
10538155,71,68,9182,2010,49359.0,0.0,0.832619,2.448009,ESP,EGY,847210
10538156,77,68,9182,2010,7566.0,0.0,1.530027,-0.052557000000000006,FRA,EGY,847210
10538157,81,68,9182,2010,7319.0,0.0,1.828224,0.386383,GBR,EGY,847210
10538158,111,68,9182,2010,4585.0,0.0,1.272385,0.545721,ITA,EGY,847210
10538159,114,68,9182,2010,95060.0,0.0,2.459723,-0.279387,JPN,EGY,847210
10538160,121,68,9182,2010,6252.0,0.0,1.7118849999999999,0.762362,KOR,EGY,847210
10538161,162,68,9182,2010,168810.0,0.0,1.237998,1.1891209999999999,NLD,EGY,847210
10538162,163,68,9182,2010,2031.0,0.0,0.865676,0.138757,NOR,EGY,847210
10538163,190,68,9182,2010,0.0,1405.0,-1.9094669999999998,-1.271065,SDN,EGY,847210
10538164,224,68,9182,2010,2335.0,0.0,0.359977,2.471173,TUR,EGY,847210
10538165,228,68,9182,2010,11949.0,0.0,0.714148,0.916267,UKR,EGY,847210
10538166,231,68,9182,2010,1872.0,0.0,1.67573,-0.598165,USA,EGY,847210
10538167,249,68,9182,2010,229469.0,0.0,1.766729,0.909335,TWN,EGY,847210
10538168,250,68,9182,2010,8616.0,0.0,0.45129600000000003,-0.223517,ANS,EGY,847210
10538169,74,72,9182,2010,16891.0,0.0,1.745464,0.897992,FIN,EST,847210
10538170,132,72,9182,2010,0.0,994.0,0.6158170000000001,1.1401059999999998,LVA,EST,847210
10538171,43,82,9182,2010,1660.0,0.0,0.922493,2.0176,CHN,GEO,847210
10538172,61,82,9182,2010,3088.0,0.0,2.035672,-3.383322,DEU,GEO,847210
10538173,162,82,9182,2010,1887.0,0.0,1.237998,1.1891209999999999,NLD,GEO,847210
10538174,231,82,9182,2010,1099.0,0.0,1.67573,-0.598165,USA,GEO,847210
10538175,26,100,9182,2010,0.0,1922.0,0.462275,0.830405,BIH,HRV,847210
10538176,43,100,9182,2010,3049.0,0.0,0.922493,2.0176,CHN,HRV,847210
10538177,45,100,9182,2010,0.0,1210.0,-1.114209,-1.0127899999999999,CMR,HRV,847210
10538178,61,100,9182,2010,3842.0,0.0,2.035672,-3.383322,DEU,HRV,847210
10538179,77,100,9182,2010,6325.0,0.0,1.530027,-0.052557000000000006,FRA,HRV,847210
10538180,81,100,9182,2010,3984.0,0.0,1.828224,0.386383,GBR,HRV,847210
10538181,102,100,9182,2010,989.0,0.0,1.514225,0.740341,HUN,HRV,847210
10538182,111,100,9182,2010,20022.0,0.0,1.272385,0.545721,ITA,HRV,847210
10538183,125,100,9182,2010,0.0,1924.0,-0.527834,-1.045908,LBR,HRV,847210
10538184,201,100,9182,2010,0.0,1990.0,0.561161,1.33974,SRB,HRV,847210
10538185,249,100,9182,2010,1939.0,0.0,1.766729,0.909335,TWN,HRV,847210
10538186,15,102,9182,2010,888.0,0.0,1.724315,-0.29379099999999997,AUT,HUN,847210
10538187,59,102,9182,2010,9180.0,0.0,1.732044,0.333934,CZE,HUN,847210
10538188,61,102,9182,2010,10886.0,0.0,2.035672,-3.383322,DEU,HUN,847210
10538189,64,102,9182,2010,25443.0,0.0,1.082468,1.280759,DNK,HUN,847210
10538190,77,102,9182,2010,5143.0,0.0,1.530027,-0.052557000000000006,FRA,HUN,847210
10538191,100,102,9182,2010,0.0,989.0,0.8276979999999999,0.97415,HRV,HUN,847210
10538192,162,102,9182,2010,4123.0,0.0,1.237998,1.1891209999999999,NLD,HUN,847210
10538193,185,102,9182,2010,0.0,1768.0,0.6483760000000001,1.200256,ROU,HUN,847210
10538194,192,102,9182,2010,54642.0,0.0,1.8441349999999999,0.570311,SGP,HUN,847210
10538195,223,102,9182,2010,0.0,914.0,0.165019,0.8882059999999999,TUN,HUN,847210
10538196,24,106,9182,2010,0.0,20463.0,0.284356,-0.8362,BHR,IRL,847210
10538197,64,106,9182,2010,533208.0,18752938.0,1.082468,1.280759,DNK,IRL,847210
10538198,81,106,9182,2010,115200.0,0.0,1.828224,0.386383,GBR,IRL,847210
10538199,111,106,9182,2010,30372.0,0.0,1.272385,0.545721,ITA,IRL,847210
10538200,162,106,9182,2010,42866.0,0.0,1.237998,1.1891209999999999,NLD,IRL,847210
10538201,231,106,9182,2010,0.0,21888.0,1.67573,-0.598165,USA,IRL,847210
10538202,77,108,9182,2010,14581.0,0.0,1.530027,-0.052557000000000006,FRA,IRQ,847210
10538203,81,108,9182,2010,8502.0,0.0,1.828224,0.386383,GBR,IRQ,847210
10538204,113,108,9182,2010,79602.0,0.0,0.251702,0.522758,JOR,IRQ,847210
10538205,231,108,9182,2010,3137.0,0.0,1.67573,-0.598165,USA,IRQ,847210
10538206,43,113,9182,2010,30828.0,0.0,0.922493,2.0176,CHN,JOR,847210
10538207,71,113,9182,2010,42194.0,0.0,0.832619,2.448009,ESP,JOR,847210
10538208,77,113,9182,2010,2483.0,0.0,1.530027,-0.052557000000000006,FRA,JOR,847210
10538209,81,113,9182,2010,7453.0,0.0,1.828224,0.386383,GBR,JOR,847210
10538210,108,113,9182,2010,0.0,79602.0,-2.1439150000000002,-0.913227,IRQ,JOR,847210
10538211,111,113,9182,2010,1729.0,0.0,1.272385,0.545721,ITA,JOR,847210
10538212,249,113,9182,2010,5312.0,0.0,1.766729,0.909335,TWN,JOR,847210
10538213,7,116,9182,2010,28919.0,0.0,0.29457,-0.196371,ARE,KEN,847210
10538214,43,116,9182,2010,10134.0,0.0,0.922493,2.0176,CHN,KEN,847210
10538215,71,116,9182,2010,11761.0,0.0,0.832619,2.448009,ESP,KEN,847210
10538216,77,116,9182,2010,73696.0,0.0,1.530027,-0.052557000000000006,FRA,KEN,847210
10538217,81,116,9182,2010,5060.0,0.0,1.828224,0.386383,GBR,KEN,847210
10538218,187,116,9182,2010,0.0,5952.0,-0.6033350000000001,-0.524881,RWA,KEN,847210
10538219,190,116,9182,2010,0.0,1530.0,-1.9094669999999998,-1.271065,SDN,KEN,847210
10538220,231,116,9182,2010,2398.0,0.0,1.67573,-0.598165,USA,KEN,847210
10538221,246,116,9182,2010,11254.0,0.0,0.327326,1.513598,ZAF,KEN,847210
10538222,41,117,9182,2010,11758.0,0.0,2.1492080000000002,0.556424,CHE,KGZ,847210
10538223,43,117,9182,2010,112537.0,0.0,0.922493,2.0176,CHN,KGZ,847210
10538224,61,117,9182,2010,955.0,0.0,2.035672,-3.383322,DEU,KGZ,847210
10538225,77,117,9182,2010,12499.0,0.0,1.530027,-0.052557000000000006,FRA,KGZ,847210
10538226,81,117,9182,2010,479.0,0.0,1.828224,0.386383,GBR,KGZ,847210
10538227,232,117,9182,2010,0.0,1857.0,-0.704097,-0.655055,UZB,KGZ,847210
10538228,14,118,9182,2010,1658.0,0.0,-0.276442,0.062023,AUS,KHM,847210
10538229,43,118,9182,2010,104138.0,0.0,0.922493,2.0176,CHN,KHM,847210
10538230,97,118,9182,2010,25528.0,0.0,0.715745,1.9780259999999998,HKG,KHM,847210
10538231,114,118,9182,2010,28935.0,0.0,2.459723,-0.279387,JPN,KHM,847210
10538232,192,118,9182,2010,154515.0,0.0,1.8441349999999999,0.570311,SGP,KHM,847210
10538233,43,122,9182,2010,27373.0,0.0,0.922493,2.0176,CHN,KWT,847210
10538234,81,122,9182,2010,1194.0,0.0,1.828224,0.386383,GBR,KWT,847210
10538235,121,122,9182,2010,1597.0,0.0,1.7118849999999999,0.762362,KOR,KWT,847210
10538236,212,122,9182,2010,1678.0,0.0,-0.46833800000000003,1.11952,SYR,KWT,847210
10538237,231,122,9182,2010,2748.0,0.0,1.67573,-0.598165,USA,KWT,847210
10538238,249,122,9182,2010,5021.0,0.0,1.766729,0.909335,TWN,KWT,847210
10538239,19,124,9182,2010,0.0,2994.0,-1.0660120000000002,-0.9961190000000001,BEN,LBN,847210
10538240,43,124,9182,2010,330483.0,0.0,0.922493,2.0176,CHN,LBN,847210
10538241,44,124,9182,2010,0.0,106290.0,-1.256641,-0.946767,CIV,LBN,847210
10538242,47,124,9182,2010,0.0,35406.0,-1.536434,-1.175338,COG,LBN,847210
10538243,61,124,9182,2010,10509.0,0.0,2.035672,-3.383322,DEU,LBN,847210
10538244,71,124,9182,2010,17812.0,0.0,0.832619,2.448009,ESP,LBN,847210
10538245,74,124,9182,2010,5138.0,0.0,1.745464,0.897992,FIN,LBN,847210
10538246,77,124,9182,2010,8997.0,0.0,1.530027,-0.052557000000000006,FRA,LBN,847210
10538247,83,124,9182,2010,0.0,56336.0,-0.835003,-0.633731,GHA,LBN,847210
10538248,111,124,9182,2010,11165.0,0.0,1.272385,0.545721,ITA,LBN,847210
10538249,114,124,9182,2010,71297.0,0.0,2.459723,-0.279387,JPN,LBN,847210
10538250,121,124,9182,2010,13820.0,0.0,1.7118849999999999,0.762362,KOR,LBN,847210
10538251,125,124,9182,2010,0.0,52188.0,-0.527834,-1.045908,LBR,LBN,847210
10538252,153,124,9182,2010,16344.0,0.0,0.9530780000000001,0.607456,MYS,LBN,847210
10538253,162,124,9182,2010,6587.0,0.0,1.237998,1.1891209999999999,NLD,LBN,847210
10538254,188,124,9182,2010,0.0,854.0,0.46696400000000005,-0.7487520000000001,SAU,LBN,847210
10538255,196,124,9182,2010,0.0,31103.0,-0.056713,-0.293668,SLE,LBN,847210
10538256,231,124,9182,2010,30565.0,0.0,1.67573,-0.598165,USA,LBN,847210
10538257,246,124,9182,2010,0.0,883.0,0.327326,1.513598,ZAF,LBN,847210
10538258,28,130,9182,2010,0.0,5234.0,0.969851,0.593386,BLR,LTU,847210
10538259,61,130,9182,2010,90981.0,0.0,2.035672,-3.383322,DEU,LTU,847210
10538260,74,130,9182,2010,2535.0,0.0,1.745464,0.897992,FIN,LTU,847210
10538261,77,130,9182,2010,8850.0,0.0,1.530027,-0.052557000000000006,FRA,LTU,847210
10538262,115,130,9182,2010,0.0,9346.0,-0.6278020000000001,-0.8419760000000001,KAZ,LTU,847210
10538263,132,130,9182,2010,20101.0,23697.0,0.6158170000000001,1.1401059999999998,LVA,LTU,847210
10538264,162,130,9182,2010,7794.0,0.0,1.237998,1.1891209999999999,NLD,LTU,847210
10538265,177,130,9182,2010,14673.0,0.0,1.083552,1.1433719999999998,POL,LTU,847210
10538266,228,130,9182,2010,0.0,1037.0,0.714148,0.916267,UKR,LTU,847210
10538267,18,131,9182,2010,4828.0,7479.0,1.2224270000000002,1.1276,BEL,LUX,847210
10538268,43,131,9182,2010,9836.0,0.0,0.922493,2.0176,CHN,LUX,847210
10538269,61,131,9182,2010,93395.0,2437.0,2.035672,-3.383322,DEU,LUX,847210
10538270,64,131,9182,2010,5515.0,1209.0,1.082468,1.280759,DNK,LUX,847210
10538271,77,131,9182,2010,1305.0,0.0,1.530027,-0.052557000000000006,FRA,LUX,847210
10538272,111,131,9182,2010,0.0,46504.0,1.272385,0.545721,ITA,LUX,847210
10538273,250,131,9182,2010,4220.0,0.0,0.45129600000000003,-0.223517,ANS,LUX,847210
10538274,64,132,9182,2010,37858.0,25811.0,1.082468,1.280759,DNK,LVA,847210
10538275,72,132,9182,2010,994.0,0.0,0.832316,1.1844649999999999,EST,LVA,847210
10538276,114,132,9182,2010,122421.0,0.0,2.459723,-0.279387,JPN,LVA,847210
10538277,130,132,9182,2010,23697.0,20101.0,0.6390600000000001,1.144911,LTU,LVA,847210
10538278,162,132,9182,2010,1323.0,0.0,1.237998,1.1891209999999999,NLD,LVA,847210
10538279,43,134,9182,2010,189034.0,0.0,0.922493,2.0176,CHN,MAR,847210
10538280,71,134,9182,2010,17381.0,0.0,0.832619,2.448009,ESP,MAR,847210
10538281,77,134,9182,2010,14000.0,0.0,1.530027,-0.052557000000000006,FRA,MAR,847210
10538282,81,134,9182,2010,25146.0,0.0,1.828224,0.386383,GBR,MAR,847210
10538283,114,134,9182,2010,82239.0,0.0,2.459723,-0.279387,JPN,MAR,847210
10538284,231,134,9182,2010,8284.0,0.0,1.67573,-0.598165,USA,MAR,847210
10538285,61,135,9182,2010,11429.0,0.0,2.035672,-3.383322,DEU,MDA,847210
10538286,43,140,9182,2010,1696.0,0.0,0.922493,2.0176,CHN,MKD,847210
10538287,77,140,9182,2010,4147.0,0.0,1.530027,-0.052557000000000006,FRA,MKD,847210
10538288,81,140,9182,2010,11191.0,0.0,1.828224,0.386383,GBR,MKD,847210
10538289,61,142,9182,2010,982.0,0.0,2.035672,-3.383322,DEU,MLT,847210
10538290,249,142,9182,2010,8490.0,0.0,1.766729,0.909335,TWN,MLT,847210
10538291,43,147,9182,2010,7019.0,0.0,0.922493,2.0176,CHN,MOZ,847210
10538292,246,147,9182,2010,59064.0,0.0,0.327326,1.513598,ZAF,MOZ,847210
10538293,33,159,9182,2010,457.0,0.0,0.7076140000000001,0.434993,BRB,NGA,847210
10538294,81,159,9182,2010,95219.0,0.0,1.828224,0.386383,GBR,NGA,847210
10538295,104,159,9182,2010,3649.0,0.0,0.14485599999999998,2.408913,IND,NGA,847210
10538296,111,159,9182,2010,5926.0,0.0,1.272385,0.545721,ITA,NGA,847210
10538297,163,159,9182,2010,958.0,0.0,0.865676,0.138757,NOR,NGA,847210
10538298,231,159,9182,2010,33632.0,0.0,1.67573,-0.598165,USA,NGA,847210
10538299,31,163,9182,2010,0.0,14005.0,-0.83736,-0.812473,BOL,NOR,847210
10538300,43,163,9182,2010,70936.0,0.0,0.922493,2.0176,CHN,NOR,847210
10538301,61,163,9182,2010,0.0,5660.0,2.035672,-3.383322,DEU,NOR,847210
10538302,64,163,9182,2010,4073.0,0.0,1.082468,1.280759,DNK,NOR,847210
10538303,65,163,9182,2010,0.0,2137.0,-0.245241,0.368626,DOM,NOR,847210
10538304,66,163,9182,2010,0.0,1141.0,-1.00922,-1.1511040000000001,DZA,NOR,847210
10538305,68,163,9182,2010,0.0,2031.0,-0.181826,1.409465,EGY,NOR,847210
10538306,77,163,9182,2010,0.0,2719.0,1.530027,-0.052557000000000006,FRA,NOR,847210
10538307,81,163,9182,2010,150887.0,1017.0,1.828224,0.386383,GBR,NOR,847210
10538308,90,163,9182,2010,0.0,2339.0,0.200249,1.4640090000000001,GRC,NOR,847210
10538309,97,163,9182,2010,0.0,1075.0,0.715745,1.9780259999999998,HKG,NOR,847210
10538310,104,163,9182,2010,0.0,7135.0,0.14485599999999998,2.408913,IND,NOR,847210
10538311,109,163,9182,2010,1150.0,0.0,0.20822100000000002,-0.318294,ISL,NOR,847210
10538312,111,163,9182,2010,0.0,9789.0,1.272385,0.545721,ITA,NOR,847210
10538313,121,163,9182,2010,0.0,5532.0,1.7118849999999999,0.762362,KOR,NOR,847210
10538314,126,163,9182,2010,0.0,1967.0,-0.706491,-1.140822,LBY,NOR,847210
10538315,159,163,9182,2010,0.0,958.0,-1.887084,-1.2280229999999999,NGA,NOR,847210
10538316,162,163,9182,2010,1276.0,3459.0,1.237998,1.1891209999999999,NLD,NOR,847210
10538317,188,163,9182,2010,0.0,1134.0,0.46696400000000005,-0.7487520000000001,SAU,NOR,847210
10538318,192,163,9182,2010,0.0,1007.0,1.8441349999999999,0.570311,SGP,NOR,847210
10538319,208,163,9182,2010,2631.0,0.0,1.882239,0.397927,SWE,NOR,847210
10538320,223,163,9182,2010,0.0,3793.0,0.165019,0.8882059999999999,TUN,NOR,847210
10538321,224,163,9182,2010,0.0,1167.0,0.359977,2.471173,TUR,NOR,847210
10538322,231,163,9182,2010,13184.0,2258.0,1.67573,-0.598165,USA,NOR,847210
10538323,7,167,9182,2010,36263.0,0.0,0.29457,-0.196371,ARE,OMN,847210
10538324,43,167,9182,2010,7207.0,0.0,0.922493,2.0176,CHN,OMN,847210
10538325,81,167,9182,2010,914.0,0.0,1.828224,0.386383,GBR,OMN,847210
10538326,114,167,9182,2010,9097.0,0.0,2.459723,-0.279387,JPN,OMN,847210
10538327,162,167,9182,2010,5044.0,0.0,1.237998,1.1891209999999999,NLD,OMN,847210
10538328,224,167,9182,2010,1066.0,0.0,0.359977,2.471173,TUR,OMN,847210
10538329,43,168,9182,2010,1821.0,0.0,0.922493,2.0176,CHN,PAK,847210
10538330,77,168,9182,2010,1302.0,0.0,1.530027,-0.052557000000000006,FRA,PAK,847210
10538331,114,168,9182,2010,5366.0,0.0,2.459723,-0.279387,JPN,PAK,847210
10538332,128,168,9182,2010,0.0,1549.0,-0.70886,0.25216700000000003,LKA,PAK,847210
10538333,153,168,9182,2010,1690.0,0.0,0.9530780000000001,0.607456,MYS,PAK,847210
10538334,249,168,9182,2010,44440.0,0.0,1.766729,0.909335,TWN,PAK,847210
10538335,61,185,9182,2010,8463.0,0.0,2.035672,-3.383322,DEU,ROU,847210
10538336,71,185,9182,2010,45342.0,1725.0,0.832619,2.448009,ESP,ROU,847210
10538337,77,185,9182,2010,48885.0,0.0,1.530027,-0.052557000000000006,FRA,ROU,847210
10538338,102,185,9182,2010,1768.0,0.0,1.514225,0.740341,HUN,ROU,847210
10538339,111,185,9182,2010,1584.0,3636.0,1.272385,0.545721,ITA,ROU,847210
10538340,114,185,9182,2010,19387.0,0.0,2.459723,-0.279387,JPN,ROU,847210
10538341,162,185,9182,2010,16084.0,0.0,1.237998,1.1891209999999999,NLD,ROU,847210
10538342,177,185,9182,2010,1470.0,0.0,1.083552,1.1433719999999998,POL,ROU,847210
10538343,43,186,9182,2010,45618.0,0.0,0.922493,2.0176,CHN,RUS,847210
10538344,61,186,9182,2010,83321.0,0.0,2.035672,-3.383322,DEU,RUS,847210
10538345,81,186,9182,2010,771838.0,0.0,1.828224,0.386383,GBR,RUS,847210
10538346,114,186,9182,2010,702118.0,0.0,2.459723,-0.279387,JPN,RUS,847210
10538347,219,186,9182,2010,0.0,8648.0,-1.161458,-1.191589,TKM,RUS,847210
10538348,14,192,9182,2010,509036.0,0.0,-0.276442,0.062023,AUS,SGP,847210
10538349,18,192,9182,2010,13129.0,0.0,1.2224270000000002,1.1276,BEL,SGP,847210
10538350,22,192,9182,2010,0.0,24354.0,-0.974526,-0.76566,BGD,SGP,847210
10538351,34,192,9182,2010,6873.0,35720.0,0.717167,-0.764841,BRN,SGP,847210
10538352,39,192,9182,2010,1203018.0,0.0,0.752421,1.2208510000000001,CAN,SGP,847210
10538353,43,192,9182,2010,57232.0,18964.0,0.922493,2.0176,CHN,SGP,847210
10538354,64,192,9182,2010,1489.0,0.0,1.082468,1.280759,DNK,SGP,847210
10538355,71,192,9182,2010,79942.0,0.0,0.832619,2.448009,ESP,SGP,847210
10538356,81,192,9182,2010,20772.0,0.0,1.828224,0.386383,GBR,SGP,847210
10538357,102,192,9182,2010,0.0,54642.0,1.514225,0.740341,HUN,SGP,847210
10538358,103,192,9182,2010,5818.0,169258.0,-0.30878099999999997,1.07069,IDN,SGP,847210
10538359,104,192,9182,2010,0.0,13926.0,0.14485599999999998,2.408913,IND,SGP,847210
10538360,118,192,9182,2010,0.0,154515.0,-1.158906,-1.019906,KHM,SGP,847210
10538361,121,192,9182,2010,0.0,5440.0,1.7118849999999999,0.762362,KOR,SGP,847210
10538362,128,192,9182,2010,0.0,2361.0,-0.70886,0.25216700000000003,LKA,SGP,847210
10538363,143,192,9182,2010,0.0,11960.0,-1.480389,-1.075842,MMR,SGP,847210
10538364,153,192,9182,2010,104934.0,4518.0,0.9530780000000001,0.607456,MYS,SGP,847210
10538365,163,192,9182,2010,1007.0,0.0,0.865676,0.138757,NOR,SGP,847210
10538366,164,192,9182,2010,0.0,6391.0,-0.23753400000000002,0.7957390000000001,NPL,SGP,847210
10538367,174,192,9182,2010,0.0,4869.0,0.40418899999999996,0.102497,PHL,SGP,847210
10538368,208,192,9182,2010,45089.0,0.0,1.882239,0.397927,SWE,SGP,847210
10538369,211,192,9182,2010,0.0,6349.0,-0.075668,-0.549686,SYC,SGP,847210
10538370,212,192,9182,2010,0.0,8146.0,-0.46833800000000003,1.11952,SYR,SGP,847210
10538371,216,192,9182,2010,28214.0,4206.0,0.748328,1.425224,THA,SGP,847210
10538372,231,192,9182,2010,486694.0,0.0,1.67573,-0.598165,USA,SGP,847210
10538373,243,192,9182,2010,0.0,3934.0,-1.360851,-1.208826,YEM,SGP,847210
10538374,249,192,9182,2010,2904.0,78187.0,1.766729,0.909335,TWN,SGP,847210
10538375,61,201,9182,2010,12906.0,0.0,2.035672,-3.383322,DEU,SRB,847210
10538376,100,201,9182,2010,1990.0,0.0,0.8276979999999999,0.97415,HRV,SRB,847210
10538377,207,201,9182,2010,3959.0,0.0,1.595473,0.7023020000000001,SVN,SRB,847210
10538378,186,219,9182,2010,8648.0,0.0,0.583996,-0.223881,RUS,TKM,847210
10538379,43,223,9182,2010,9399.0,0.0,0.922493,2.0176,CHN,TUN,847210
10538380,81,223,9182,2010,24813.0,0.0,1.828224,0.386383,GBR,TUN,847210
10538381,102,223,9182,2010,914.0,0.0,1.514225,0.740341,HUN,TUN,847210
10538382,114,223,9182,2010,11903.0,0.0,2.459723,-0.279387,JPN,TUN,847210
10538383,163,223,9182,2010,3793.0,0.0,0.865676,0.138757,NOR,TUN,847210
10538384,243,223,9182,2010,0.0,3882.0,-1.360851,-1.208826,YEM,TUN,847210
10538385,117,232,9182,2010,1857.0,0.0,-0.48426400000000003,-0.169443,KGZ,UZB,847210
10538386,14,239,9182,2010,14872.0,0.0,-0.276442,0.062023,AUS,VNM,847210
10538387,39,239,9182,2010,187929.0,0.0,0.752421,1.2208510000000001,CAN,VNM,847210
10538388,43,239,9182,2010,33875.0,0.0,0.922493,2.0176,CHN,VNM,847210
10538389,97,239,9182,2010,950.0,0.0,0.715745,1.9780259999999998,HKG,VNM,847210
10538390,114,239,9182,2010,76842.0,0.0,2.459723,-0.279387,JPN,VNM,847210
10538391,138,239,9182,2010,0.0,1748.0,1.132664,0.675756,MEX,VNM,847210
10538392,153,239,9182,2010,1487.0,0.0,0.9530780000000001,0.607456,MYS,VNM,847210
10538393,216,239,9182,2010,329316.0,0.0,0.748328,1.425224,THA,VNM,847210
10538394,231,239,9182,2010,414885.0,160303.0,1.67573,-0.598165,USA,VNM,847210
10538395,249,239,9182,2010,21597.0,0.0,1.766729,0.909335,TWN,VNM,847210
10538396,37,248,9182,2010,1264.0,0.0,-0.181373,-0.714376,BWA,ZWE,847210
10538397,81,248,9182,2010,424.0,0.0,1.828224,0.386383,GBR,ZWE,847210
10538398,162,248,9182,2010,67132.0,0.0,1.237998,1.1891209999999999,NLD,ZWE,847210
10538399,231,248,9182,2010,3503.0,0.0,1.67573,-0.598165,USA,ZWE,847210
10538400,246,248,9182,2010,62330.0,0.0,0.327326,1.513598,ZAF,ZWE,847210
10538401,162,0,9182,2010,6118.0,0.0,1.237998,1.1891209999999999,NLD,ABW,847210
10538402,243,0,9182,2010,0.0,11799.0,-1.360851,-1.208826,YEM,ABW,847210
10538403,250,0,9182,2010,0.0,1531.0,0.45129600000000003,-0.223517,ANS,ABW,847210
10538404,190,1,9182,2010,0.0,27068.0,-1.9094669999999998,-1.271065,SDN,AFG,847210
10538405,231,1,9182,2010,26998.0,0.0,1.67573,-0.598165,USA,AFG,847210
10538406,111,4,9182,2010,5314.0,2528.0,1.272385,0.545721,ITA,ALB,847210
10538407,231,13,9182,2010,3494.0,0.0,1.67573,-0.598165,USA,ATG,847210
10538408,81,19,9182,2010,2552.0,0.0,1.828224,0.386383,GBR,BEN,847210
10538409,124,19,9182,2010,2994.0,0.0,0.415854,1.424085,LBN,BEN,847210
10538410,39,31,9182,2010,65771.0,0.0,0.752421,1.2208510000000001,CAN,BOL,847210
10538411,43,31,9182,2010,197703.0,0.0,0.922493,2.0176,CHN,BOL,847210
10538412,163,31,9182,2010,14005.0,0.0,0.865676,0.138757,NOR,BOL,847210
10538413,231,31,9182,2010,36271.0,0.0,1.67573,-0.598165,USA,BOL,847210
10538414,43,37,9182,2010,14363.0,0.0,0.922493,2.0176,CHN,BWA,847210
10538415,246,37,9182,2010,1637.0,26775.0,0.327326,1.513598,ZAF,BWA,847210
10538416,248,37,9182,2010,0.0,1264.0,-0.869909,-0.8233309999999999,ZWE,BWA,847210
10538417,77,44,9182,2010,4916.0,0.0,1.530027,-0.052557000000000006,FRA,CIV,847210
10538418,111,44,9182,2010,2432.0,0.0,1.272385,0.545721,ITA,CIV,847210
10538419,124,44,9182,2010,106290.0,0.0,0.415854,1.424085,LBN,CIV,847210
10538420,7,45,9182,2010,3142.0,0.0,0.29457,-0.196371,ARE,CMR,847210
10538421,43,45,9182,2010,42057.0,0.0,0.922493,2.0176,CHN,CMR,847210
10538422,61,45,9182,2010,5354.0,0.0,2.035672,-3.383322,DEU,CMR,847210
10538423,77,45,9182,2010,28342.0,0.0,1.530027,-0.052557000000000006,FRA,CMR,847210
10538424,81,45,9182,2010,5620.0,0.0,1.828224,0.386383,GBR,CMR,847210
10538425,100,45,9182,2010,1210.0,0.0,0.8276979999999999,0.97415,HRV,CMR,847210
10538426,18,46,9182,2010,4510.0,0.0,1.2224270000000002,1.1276,BEL,COD,847210
10538427,77,47,9182,2010,990.0,0.0,1.530027,-0.052557000000000006,FRA,COG,847210
10538428,114,47,9182,2010,2328.0,0.0,2.459723,-0.279387,JPN,COG,847210
10538429,124,47,9182,2010,35406.0,0.0,0.415854,1.424085,LBN,COG,847210
10538430,39,54,9182,2010,5012.0,0.0,0.752421,1.2208510000000001,CAN,CUB,847210
10538431,111,54,9182,2010,6346.0,0.0,1.272385,0.545721,ITA,CUB,847210
10538432,138,54,9182,2010,6432.0,0.0,1.132664,0.675756,MEX,CUB,847210
10538433,169,54,9182,2010,35596.0,0.0,0.617867,0.903432,PAN,CUB,847210
10538434,162,58,9182,2010,11750.0,0.0,1.237998,1.1891209999999999,NLD,CYP,847210
10538435,43,66,9182,2010,53188.0,0.0,0.922493,2.0176,CHN,DZA,847210
10538436,77,66,9182,2010,33008.0,0.0,1.530027,-0.052557000000000006,FRA,DZA,847210
10538437,81,66,9182,2010,153231.0,0.0,1.828224,0.386383,GBR,DZA,847210
10538438,114,66,9182,2010,20469.0,0.0,2.459723,-0.279387,JPN,DZA,847210
10538439,163,66,9182,2010,1141.0,0.0,0.865676,0.138757,NOR,DZA,847210
10538440,7,73,9182,2010,0.0,2385.0,0.29457,-0.196371,ARE,ETH,847210
10538441,43,73,9182,2010,19947.0,0.0,0.922493,2.0176,CHN,ETH,847210
10538442,59,73,9182,2010,90766.0,0.0,1.732044,0.333934,CZE,ETH,847210
10538443,77,73,9182,2010,2975.0,0.0,1.530027,-0.052557000000000006,FRA,ETH,847210
10538444,81,73,9182,2010,211561.0,0.0,1.828224,0.386383,GBR,ETH,847210
10538445,104,73,9182,2010,53323.0,0.0,0.14485599999999998,2.408913,IND,ETH,847210
10538446,114,73,9182,2010,51431.0,0.0,2.459723,-0.279387,JPN,ETH,847210
10538447,162,73,9182,2010,150367.0,0.0,1.237998,1.1891209999999999,NLD,ETH,847210
10538448,188,73,9182,2010,700.0,0.0,0.46696400000000005,-0.7487520000000001,SAU,ETH,847210
10538449,231,73,9182,2010,3542.0,0.0,1.67573,-0.598165,USA,ETH,847210
10538450,43,80,9182,2010,1875.0,0.0,0.922493,2.0176,CHN,GAB,847210
10538451,77,80,9182,2010,111347.0,0.0,1.530027,-0.052557000000000006,FRA,GAB,847210
10538452,21,83,9182,2010,0.0,2955.0,-0.625747,-0.700651,BFA,GHA,847210
10538453,43,83,9182,2010,993.0,0.0,0.922493,2.0176,CHN,GHA,847210
10538454,61,83,9182,2010,900.0,0.0,2.035672,-3.383322,DEU,GHA,847210
10538455,64,83,9182,2010,1352.0,0.0,1.082468,1.280759,DNK,GHA,847210
10538456,71,83,9182,2010,14613.0,0.0,0.832619,2.448009,ESP,GHA,847210
10538457,81,83,9182,2010,25500.0,0.0,1.828224,0.386383,GBR,GHA,847210
10538458,124,83,9182,2010,56336.0,0.0,0.415854,1.424085,LBN,GHA,847210
10538459,231,83,9182,2010,3421.0,0.0,1.67573,-0.598165,USA,GHA,847210
10538460,81,84,9182,2010,5549.0,0.0,1.828224,0.386383,GBR,GIB,847210
10538461,71,89,9182,2010,11480.0,0.0,0.832619,2.448009,ESP,GNQ,847210
10538462,43,109,9182,2010,1178.0,0.0,0.922493,2.0176,CHN,ISL,847210
10538463,61,109,9182,2010,15016.0,0.0,2.035672,-3.383322,DEU,ISL,847210
10538464,162,109,9182,2010,1776.0,0.0,1.237998,1.1891209999999999,NLD,ISL,847210
10538465,163,109,9182,2010,0.0,1150.0,0.865676,0.138757,NOR,ISL,847210
10538466,208,109,9182,2010,8570.0,0.0,1.882239,0.397927,SWE,ISL,847210
10538467,81,125,9182,2010,1583.0,0.0,1.828224,0.386383,GBR,LBR,847210
10538468,100,125,9182,2010,1924.0,0.0,0.8276979999999999,0.97415,HRV,LBR,847210
10538469,124,125,9182,2010,52188.0,0.0,0.415854,1.424085,LBN,LBR,847210
10538470,43,126,9182,2010,20738.0,0.0,0.922493,2.0176,CHN,LBY,847210
10538471,61,126,9182,2010,99401.0,0.0,2.035672,-3.383322,DEU,LBY,847210
10538472,77,126,9182,2010,4030.0,0.0,1.530027,-0.052557000000000006,FRA,LBY,847210
10538473,81,126,9182,2010,40379.0,0.0,1.828224,0.386383,GBR,LBY,847210
10538474,111,126,9182,2010,12635.0,0.0,1.272385,0.545721,ITA,LBY,847210
10538475,163,126,9182,2010,1967.0,0.0,0.865676,0.138757,NOR,LBY,847210
10538476,224,126,9182,2010,29795.0,0.0,0.359977,2.471173,TUR,LBY,847210
10538477,231,126,9182,2010,2682.0,0.0,1.67573,-0.598165,USA,LBY,847210
10538478,97,133,9182,2010,13241.0,0.0,0.715745,1.9780259999999998,HKG,MAC,847210
10538479,41,141,9182,2010,1646.0,0.0,2.1492080000000002,0.556424,CHE,MLI,847210
10538480,43,141,9182,2010,5182.0,0.0,0.922493,2.0176,CHN,MLI,847210
10538481,77,141,9182,2010,1258.0,0.0,1.530027,-0.052557000000000006,FRA,MLI,847210
10538482,43,151,9182,2010,3656.0,0.0,0.922493,2.0176,CHN,MUS,847210
10538483,81,151,9182,2010,4198.0,0.0,1.828224,0.386383,GBR,MUS,847210
10538484,114,151,9182,2010,3024.0,0.0,2.459723,-0.279387,JPN,MUS,847210
10538485,136,151,9182,2010,0.0,2523.0,-0.8737799999999999,-0.043717,MDG,MUS,847210
10538486,2,155,9182,2010,0.0,1141.0,-1.3711010000000001,-1.170608,AGO,NAM,847210
10538487,246,155,9182,2010,183588.0,1607.0,0.327326,1.513598,ZAF,NAM,847210
10538488,43,157,9182,2010,1393.0,0.0,0.922493,2.0176,CHN,NER,847210
10538489,215,157,9182,2010,1148.0,0.0,-0.943559,-0.884336,TGO,NER,847210
10538490,14,176,9182,2010,8205.0,0.0,-0.276442,0.062023,AUS,PNG,847210
10538491,43,176,9182,2010,2080.0,0.0,0.922493,2.0176,CHN,PNG,847210
10538492,114,176,9182,2010,10736.0,0.0,2.459723,-0.279387,JPN,PNG,847210
10538493,43,191,9182,2010,6022.0,0.0,0.922493,2.0176,CHN,SEN,847210
10538494,64,191,9182,2010,1287.0,0.0,1.082468,1.280759,DNK,SEN,847210
10538495,77,191,9182,2010,11128.0,0.0,1.530027,-0.052557000000000006,FRA,SEN,847210
10538496,43,196,9182,2010,4504.0,0.0,0.922493,2.0176,CHN,SLE,847210
10538497,81,196,9182,2010,2551.0,0.0,1.828224,0.386383,GBR,SLE,847210
10538498,124,196,9182,2010,31103.0,0.0,0.415854,1.424085,LBN,SLE,847210
10538499,246,209,9182,2010,481563.0,7318.0,0.327326,1.513598,ZAF,SWZ,847210
10538500,7,211,9182,2010,377.0,0.0,0.29457,-0.196371,ARE,SYC,847210
10538501,81,211,9182,2010,7717.0,0.0,1.828224,0.386383,GBR,SYC,847210
10538502,192,211,9182,2010,6349.0,0.0,1.8441349999999999,0.570311,SGP,SYC,847210
10538503,77,215,9182,2010,21550.0,0.0,1.530027,-0.052557000000000006,FRA,TGO,847210
10538504,157,215,9182,2010,0.0,1148.0,-0.829902,-0.826152,NER,TGO,847210
10538505,7,226,9182,2010,21454.0,0.0,0.29457,-0.196371,ARE,TZA,847210
10538506,43,226,9182,2010,1906.0,0.0,0.922493,2.0176,CHN,TZA,847210
10538507,81,226,9182,2010,13239.0,0.0,1.828224,0.386383,GBR,TZA,847210
10538508,97,226,9182,2010,2191.0,0.0,0.715745,1.9780259999999998,HKG,TZA,847210
10538509,104,226,9182,2010,973.0,0.0,0.14485599999999998,2.408913,IND,TZA,847210
10538510,162,226,9182,2010,5083.0,0.0,1.237998,1.1891209999999999,NLD,TZA,847210
10538511,231,226,9182,2010,3533.0,0.0,1.67573,-0.598165,USA,TZA,847210
10538512,246,226,9182,2010,53339.0,0.0,0.327326,1.513598,ZAF,TZA,847210
10538513,247,226,9182,2010,0.0,1518.0,-0.650686,-0.830332,ZMB,TZA,847210
10538514,7,227,9182,2010,3415.0,0.0,0.29457,-0.196371,ARE,UGA,847210
10538515,43,227,9182,2010,7381.0,0.0,0.922493,2.0176,CHN,UGA,847210
10538516,81,227,9182,2010,3527.0,0.0,1.828224,0.386383,GBR,UGA,847210
10538517,162,227,9182,2010,2765.0,0.0,1.237998,1.1891209999999999,NLD,UGA,847210
10538518,190,227,9182,2010,0.0,1904.0,-1.9094669999999998,-1.271065,SDN,UGA,847210
10538519,246,227,9182,2010,8293.0,0.0,0.327326,1.513598,ZAF,UGA,847210
10538520,81,247,9182,2010,883.0,0.0,1.828224,0.386383,GBR,ZMB,847210
10538521,162,247,9182,2010,3043.0,0.0,1.237998,1.1891209999999999,NLD,ZMB,847210
10538522,226,247,9182,2010,1518.0,0.0,-0.7327,0.427616,TZA,ZMB,847210
10538523,246,247,9182,2010,2622.0,0.0,0.327326,1.513598,ZAF,ZMB,847210
10538524,43,63,9182,2010,4717.0,0.0,0.922493,2.0176,CHN,DMA,847210
10538525,43,9,9182,2010,2403.0,0.0,0.922493,2.0176,CHN,ARM,847210
10538526,114,9,9182,2010,5705.0,0.0,2.459723,-0.279387,JPN,ARM,847210
10538527,231,9,9182,2010,2783.0,0.0,1.67573,-0.598165,USA,ARM,847210
10538528,81,76,9182,2010,1275.0,0.0,1.828224,0.386383,GBR,FLK,847210
10538529,43,143,9182,2010,60709.0,0.0,0.922493,2.0176,CHN,MMR,847210
10538530,104,143,9182,2010,40926.0,0.0,0.14485599999999998,2.408913,IND,MMR,847210
10538531,114,143,9182,2010,26373.0,0.0,2.459723,-0.279387,JPN,MMR,847210
10538532,121,143,9182,2010,912.0,0.0,1.7118849999999999,0.762362,KOR,MMR,847210
10538533,192,143,9182,2010,11960.0,0.0,1.8441349999999999,0.570311,SGP,MMR,847210
10538534,216,143,9182,2010,3551.0,0.0,0.748328,1.425224,THA,MMR,847210
10538535,7,50,9182,2010,1113.0,0.0,0.29457,-0.196371,ARE,COM,847210
10538536,18,50,9182,2010,1205.0,0.0,1.2224270000000002,1.1276,BEL,COM,847210
10538537,77,50,9182,2010,9783.0,0.0,1.530027,-0.052557000000000006,FRA,COM,847210
10538538,43,21,9182,2010,3644.0,0.0,0.922493,2.0176,CHN,BFA,847210
10538539,64,21,9182,2010,8787.0,0.0,1.082468,1.280759,DNK,BFA,847210
10538540,77,21,9182,2010,8900.0,0.0,1.530027,-0.052557000000000006,FRA,BFA,847210
10538541,83,21,9182,2010,2955.0,0.0,-0.835003,-0.633731,GHA,BFA,847210
10538542,249,21,9182,2010,18101.0,0.0,1.766729,0.909335,TWN,BFA,847210
10538543,231,29,9182,2010,30997.0,0.0,1.67573,-0.598165,USA,BLZ,847210
10538544,7,87,9182,2010,2346.0,0.0,0.29457,-0.196371,ARE,GMB,847210
10538545,64,87,9182,2010,856.0,0.0,1.082468,1.280759,DNK,GMB,847210
10538546,81,87,9182,2010,22135.0,0.0,1.828224,0.386383,GBR,GMB,847210
10538547,231,127,9182,2010,8399.0,0.0,1.67573,-0.598165,USA,LCA,847210
10538548,43,160,9182,2010,73391.0,0.0,0.922493,2.0176,CHN,NIC,847210
10538549,71,160,9182,2010,64631.0,0.0,0.832619,2.448009,ESP,NIC,847210
10538550,114,160,9182,2010,5126.0,0.0,2.459723,-0.279387,JPN,NIC,847210
10538551,197,160,9182,2010,2807.0,0.0,-0.101434,0.132639,SLV,NIC,847210
10538552,231,160,9182,2010,28707.0,0.0,1.67573,-0.598165,USA,NIC,847210
10538553,43,164,9182,2010,5387.0,0.0,0.922493,2.0176,CHN,NPL,847210
10538554,104,164,9182,2010,55293.0,0.0,0.14485599999999998,2.408913,IND,NPL,847210
10538555,192,164,9182,2010,6391.0,0.0,1.8441349999999999,0.570311,SGP,NPL,847210
10538556,18,187,9182,2010,3111.0,0.0,1.2224270000000002,1.1276,BEL,RWA,847210
10538557,43,187,9182,2010,2547.0,0.0,0.922493,2.0176,CHN,RWA,847210
10538558,116,187,9182,2010,5952.0,0.0,-0.387187,1.010443,KEN,RWA,847210
10538559,231,187,9182,2010,4197.0,0.0,1.67573,-0.598165,USA,RWA,847210
10538560,71,5,9182,2010,32136.0,0.0,0.832619,2.448009,ESP,AND,847210
10538561,43,17,9182,2010,1253.0,0.0,0.922493,2.0176,CHN,BDI,847210
10538562,43,34,9182,2010,2409.0,0.0,0.922493,2.0176,CHN,BRN,847210
10538563,61,34,9182,2010,1109.0,0.0,2.035672,-3.383322,DEU,BRN,847210
10538564,114,34,9182,2010,5847.0,0.0,2.459723,-0.279387,JPN,BRN,847210
10538565,153,34,9182,2010,3807.0,0.0,0.9530780000000001,0.607456,MYS,BRN,847210
10538566,192,34,9182,2010,35720.0,6873.0,1.8441349999999999,0.570311,SGP,BRN,847210
10538567,249,34,9182,2010,4311.0,0.0,1.766729,0.909335,TWN,BRN,847210
10538568,43,35,9182,2010,1060.0,0.0,0.922493,2.0176,CHN,BTN,847210
10538569,104,35,9182,2010,40226.0,0.0,0.14485599999999998,2.408913,IND,BTN,847210
10538570,162,35,9182,2010,1814.0,0.0,1.237998,1.1891209999999999,NLD,BTN,847210
10538571,77,38,9182,2010,14173.0,0.0,1.530027,-0.052557000000000006,FRA,CAF,847210
10538572,188,38,9182,2010,1296.0,0.0,0.46696400000000005,-0.7487520000000001,SAU,CAF,847210
10538573,14,75,9182,2010,11041.0,0.0,-0.276442,0.062023,AUS,FJI,847210
10538574,43,75,9182,2010,3139.0,0.0,0.922493,2.0176,CHN,FJI,847210
10538575,246,129,9182,2010,265776.0,1992.0,0.327326,1.513598,ZAF,LSO,847210
10538576,77,136,9182,2010,1189.0,0.0,1.530027,-0.052557000000000006,FRA,MDG,847210
10538577,151,136,9182,2010,2523.0,0.0,-0.173542,0.103727,MUS,MDG,847210
10538578,162,136,9182,2010,13024.0,0.0,1.237998,1.1891209999999999,NLD,MDG,847210
10538579,128,137,9182,2010,889.0,0.0,-0.70886,0.25216700000000003,LKA,MDV,847210
10538580,216,137,9182,2010,10390.0,0.0,0.748328,1.425224,THA,MDV,847210
10538581,43,152,9182,2010,549.0,0.0,0.922493,2.0176,CHN,MWI,847210
10538582,81,152,9182,2010,5176.0,0.0,1.828224,0.386383,GBR,MWI,847210
10538583,231,152,9182,2010,1818.0,0.0,1.67573,-0.598165,USA,MWI,847210
10538584,246,152,9182,2010,4123.0,0.0,0.327326,1.513598,ZAF,MWI,847210
10538585,81,199,9182,2010,6492.0,0.0,1.828224,0.386383,GBR,SOM,847210
10538586,14,240,9182,2010,4907.0,0.0,-0.276442,0.062023,AUS,VUT,847210
10538587,43,101,9182,2010,5001.0,0.0,0.922493,2.0176,CHN,HTI,847210
10538588,43,182,9182,2010,473.0,0.0,0.922493,2.0176,CHN,PYF,847210
10538589,77,182,9182,2010,7528.0,0.0,1.530027,-0.052557000000000006,FRA,PYF,847210
10538590,231,237,9182,2010,3434.0,0.0,1.67573,-0.598165,USA,VGB,847210
10538591,43,123,9182,2010,19426.0,0.0,0.922493,2.0176,CHN,LAO,847210
10538592,153,123,9182,2010,564899.0,0.0,0.9530780000000001,0.607456,MYS,LAO,847210
10538593,216,123,9182,2010,82853.0,0.0,0.748328,1.425224,THA,LAO,847210
10538594,166,221,9182,2010,50130.0,0.0,0.36828299999999997,0.574574,NZL,TON,847210
10538595,231,221,9182,2010,1800.0,0.0,1.67573,-0.598165,USA,TON,847210
10538596,166,242,9182,2010,1364.0,0.0,0.36828299999999997,0.574574,NZL,WSM,847210
10538597,43,79,9182,2010,4987.0,0.0,0.922493,2.0176,CHN,FSM,847210
10538598,95,79,9182,2010,3899.0,0.0,0.726384,0.182999,GUM,FSM,847210
10538599,114,79,9182,2010,12047.0,0.0,2.459723,-0.279387,JPN,FSM,847210
10538600,121,79,9182,2010,5409.0,0.0,1.7118849999999999,0.762362,KOR,FSM,847210
10538601,231,79,9182,2010,102027.0,0.0,1.67573,-0.598165,USA,FSM,847210
10538602,79,95,9182,2010,0.0,3899.0,-1.2914889999999999,-1.0153450000000002,FSM,GUM,847210
10538603,231,139,9182,2010,36885.0,0.0,1.67573,-0.598165,USA,MHL,847210
10538604,249,139,9182,2010,7981.0,0.0,1.766729,0.909335,TWN,MHL,847210
10538605,231,175,9182,2010,10246.0,0.0,1.67573,-0.598165,USA,PLW,847210
10538606,249,175,9182,2010,1488.0,0.0,1.766729,0.909335,TWN,PLW,847210
10538607,14,195,9182,2010,4695.0,0.0,-0.276442,0.062023,AUS,SLB,847210
10538608,81,78,9182,2010,5192.0,0.0,1.828224,0.386383,GBR,FRO,847210
10538609,77,154,9182,2010,4157.0,0.0,1.530027,-0.052557000000000006,FRA,MYT,847210
10538610,43,2,9202,2010,1778.0,0.0,0.922493,2.0176,CHN,AGO,847619
10538611,51,2,9202,2010,1778.0,0.0,0.140658,-0.527468,CPV,AGO,847619
10538612,71,2,9202,2010,177825.0,0.0,0.832619,2.448009,ESP,AGO,847619
10538613,155,2,9202,2010,2048.0,0.0,-0.49860299999999996,-0.6728529999999999,NAM,AGO,847619
10538614,179,2,9202,2010,65887.0,0.0,0.551149,2.437209,PRT,AGO,847619
10538615,231,2,9202,2010,2045.0,0.0,1.67573,-0.598165,USA,AGO,847619
10538616,246,2,9202,2010,121209.0,0.0,0.327326,1.513598,ZAF,AGO,847619
10538617,0,6,9202,2010,0.0,1211.0,0.9906219999999999,0.159993,ABW,ANT,847619
10538618,162,6,9202,2010,7958.0,0.0,1.237998,1.1891209999999999,NLD,ANT,847619
10538619,246,6,9202,2010,23558.0,0.0,0.327326,1.513598,ZAF,ANT,847619
10538620,0,8,9202,2010,0.0,1691.0,0.9906219999999999,0.159993,ABW,ARG,847619
10538621,18,8,9202,2010,0.0,9443.0,1.2224270000000002,1.1276,BEL,ARG,847619
10538622,42,8,9202,2010,25200.0,0.0,-0.34914,-0.459395,CHL,ARG,847619
10538623,43,8,9202,2010,18374.0,0.0,0.922493,2.0176,CHN,ARG,847619
10538624,49,8,9202,2010,0.0,2206.0,0.097222,-0.064328,COL,ARG,847619
10538625,59,8,9202,2010,96429.0,0.0,1.732044,0.333934,CZE,ARG,847619
10538626,61,8,9202,2010,4903.0,0.0,2.035672,-3.383322,DEU,ARG,847619
10538627,71,8,9202,2010,15690.0,0.0,0.832619,2.448009,ESP,ARG,847619
10538628,110,8,9202,2010,38474.0,0.0,1.215834,0.7028340000000001,ISR,ARG,847619
10538629,111,8,9202,2010,27968.0,0.0,1.272385,0.545721,ITA,ARG,847619
10538630,216,8,9202,2010,18193.0,0.0,0.748328,1.425224,THA,ARG,847619
10538631,231,8,9202,2010,7516.0,9570.0,1.67573,-0.598165,USA,ARG,847619
10538632,246,8,9202,2010,0.0,4469.0,0.327326,1.513598,ZAF,ARG,847619
10538633,9,15,9202,2010,0.0,2559.0,0.11632,-0.417048,ARM,AUT,847619
10538634,14,15,9202,2010,8445.0,0.0,-0.276442,0.062023,AUS,AUT,847619
10538635,18,15,9202,2010,2016.0,0.0,1.2224270000000002,1.1276,BEL,AUT,847619
10538636,23,15,9202,2010,0.0,1487.0,0.44973,1.445441,BGR,AUT,847619
10538637,26,15,9202,2010,0.0,68642.0,0.462275,0.830405,BIH,AUT,847619
10538638,28,15,9202,2010,0.0,9838.0,0.969851,0.593386,BLR,AUT,847619
10538639,39,15,9202,2010,16572.0,0.0,0.752421,1.2208510000000001,CAN,AUT,847619
10538640,41,15,9202,2010,2493542.0,163770.0,2.1492080000000002,0.556424,CHE,AUT,847619
10538641,43,15,9202,2010,14582.0,0.0,0.922493,2.0176,CHN,AUT,847619
10538642,58,15,9202,2010,0.0,2496.0,0.8776450000000001,0.568389,CYP,AUT,847619
10538643,59,15,9202,2010,1179.0,131618.0,1.732044,0.333934,CZE,AUT,847619
10538644,61,15,9202,2010,4676778.0,511657.0,2.035672,-3.383322,DEU,AUT,847619
10538645,64,15,9202,2010,0.0,32923.0,1.082468,1.280759,DNK,AUT,847619
10538646,71,15,9202,2010,79291.0,29997.0,0.832619,2.448009,ESP,AUT,847619
10538647,90,15,9202,2010,0.0,7594.0,0.200249,1.4640090000000001,GRC,AUT,847619
10538648,100,15,9202,2010,0.0,174077.0,0.8276979999999999,0.97415,HRV,AUT,847619
10538649,102,15,9202,2010,548045.0,17769.0,1.514225,0.740341,HUN,AUT,847619
10538650,103,15,9202,2010,539.0,0.0,-0.30878099999999997,1.07069,IDN,AUT,847619
10538651,110,15,9202,2010,10327.0,3288.0,1.215834,0.7028340000000001,ISR,AUT,847619
10538652,111,15,9202,2010,4207347.0,25526.0,1.272385,0.545721,ITA,AUT,847619
10538653,114,15,9202,2010,0.0,48487.0,2.459723,-0.279387,JPN,AUT,847619
10538654,132,15,9202,2010,0.0,3410.0,0.6158170000000001,1.1401059999999998,LVA,AUT,847619
10538655,134,15,9202,2010,0.0,14727.0,-0.5935229999999999,-0.056497000000000006,MAR,AUT,847619
10538656,135,15,9202,2010,0.0,10495.0,-0.116797,0.037801,MDA,AUT,847619
10538657,140,15,9202,2010,0.0,5244.0,-0.122842,0.407017,MKD,AUT,847619
10538658,142,15,9202,2010,0.0,24552.0,1.211797,-0.024923,MLT,AUT,847619
10538659,144,15,9202,2010,0.0,14344.0,0.266397,-0.02502,MNE,AUT,847619
10538660,162,15,9202,2010,611370.0,561632.0,1.237998,1.1891209999999999,NLD,AUT,847619
10538661,163,15,9202,2010,17610.0,7932.0,0.865676,0.138757,NOR,AUT,847619
10538662,177,15,9202,2010,0.0,155380.0,1.083552,1.1433719999999998,POL,AUT,847619
10538663,180,15,9202,2010,0.0,2572.0,-0.553805,-0.8699450000000001,PRY,AUT,847619
10538664,185,15,9202,2010,0.0,159098.0,0.6483760000000001,1.200256,ROU,AUT,847619
10538665,186,15,9202,2010,0.0,3371.0,0.583996,-0.223881,RUS,AUT,847619
10538666,201,15,9202,2010,0.0,21797.0,0.561161,1.33974,SRB,AUT,847619
10538667,207,15,9202,2010,0.0,72387.0,1.595473,0.7023020000000001,SVN,AUT,847619
10538668,208,15,9202,2010,66540.0,0.0,1.882239,0.397927,SWE,AUT,847619
10538669,223,15,9202,2010,0.0,6103.0,0.165019,0.8882059999999999,TUN,AUT,847619
10538670,224,15,9202,2010,0.0,40536.0,0.359977,2.471173,TUR,AUT,847619
10538671,228,15,9202,2010,0.0,5483.0,0.714148,0.916267,UKR,AUT,847619
10538672,231,15,9202,2010,2517.0,4445.0,1.67573,-0.598165,USA,AUT,847619
10538673,8,18,9202,2010,9443.0,0.0,0.27458899999999997,0.597907,ARG,BEL,847619
10538674,14,18,9202,2010,50252.0,0.0,-0.276442,0.062023,AUS,BEL,847619
10538675,15,18,9202,2010,0.0,2016.0,1.724315,-0.29379099999999997,AUT,BEL,847619
10538676,23,18,9202,2010,0.0,119292.0,0.44973,1.445441,BGR,BEL,847619
10538677,39,18,9202,2010,2824.0,0.0,0.752421,1.2208510000000001,CAN,BEL,847619
10538678,41,18,9202,2010,94818.0,0.0,2.1492080000000002,0.556424,CHE,BEL,847619
10538679,43,18,9202,2010,39158.0,0.0,0.922493,2.0176,CHN,BEL,847619
10538680,59,18,9202,2010,0.0,4246.0,1.732044,0.333934,CZE,BEL,847619
10538681,61,18,9202,2010,1252475.0,261314.0,2.035672,-3.383322,DEU,BEL,847619
10538682,64,18,9202,2010,0.0,2439.0,1.082468,1.280759,DNK,BEL,847619
10538683,71,18,9202,2010,34006.0,449703.0,0.832619,2.448009,ESP,BEL,847619
10538684,72,18,9202,2010,0.0,32559.0,0.832316,1.1844649999999999,EST,BEL,847619
10538685,77,18,9202,2010,467350.0,165183.0,1.530027,-0.052557000000000006,FRA,BEL,847619
10538686,81,18,9202,2010,270412.0,46548.0,1.828224,0.386383,GBR,BEL,847619
10538687,104,18,9202,2010,0.0,27599.0,0.14485599999999998,2.408913,IND,BEL,847619
10538688,106,18,9202,2010,0.0,2032.0,1.371357,0.168795,IRL,BEL,847619
10538689,110,18,9202,2010,145106.0,5098.0,1.215834,0.7028340000000001,ISR,BEL,847619
10538690,111,18,9202,2010,792934.0,74038.0,1.272385,0.545721,ITA,BEL,847619
10538691,114,18,9202,2010,67788.0,0.0,2.459723,-0.279387,JPN,BEL,847619
10538692,130,18,9202,2010,0.0,12103.0,0.6390600000000001,1.144911,LTU,BEL,847619
10538693,131,18,9202,2010,3066.0,49071.0,1.272127,1.1051520000000001,LUX,BEL,847619
10538694,132,18,9202,2010,0.0,36212.0,0.6158170000000001,1.1401059999999998,LVA,BEL,847619
10538695,134,18,9202,2010,39948.0,0.0,-0.5935229999999999,-0.056497000000000006,MAR,BEL,847619
10538696,153,18,9202,2010,0.0,7567.0,0.9530780000000001,0.607456,MYS,BEL,847619
10538697,162,18,9202,2010,258424.0,170673.0,1.237998,1.1891209999999999,NLD,BEL,847619
10538698,163,18,9202,2010,22233.0,1422.0,0.865676,0.138757,NOR,BEL,847619
10538699,177,18,9202,2010,0.0,83251.0,1.083552,1.1433719999999998,POL,BEL,847619
10538700,179,18,9202,2010,34999.0,0.0,0.551149,2.437209,PRT,BEL,847619
10538701,185,18,9202,2010,0.0,23956.0,0.6483760000000001,1.200256,ROU,BEL,847619
10538702,191,18,9202,2010,0.0,12187.0,-0.45445,-0.148149,SEN,BEL,847619
10538703,208,18,9202,2010,378368.0,22278.0,1.882239,0.397927,SWE,BEL,847619
10538704,231,18,9202,2010,221429.0,365217.0,1.67573,-0.598165,USA,BEL,847619
10538705,246,18,9202,2010,4111.0,0.0,0.327326,1.513598,ZAF,BEL,847619
10538706,249,18,9202,2010,30803.0,0.0,1.766729,0.909335,TWN,BEL,847619
10538707,231,25,9202,2010,102941.0,0.0,1.67573,-0.598165,USA,BHS,847619
10538708,39,32,9202,2010,277820.0,0.0,0.752421,1.2208510000000001,CAN,BRA,847619
10538709,41,32,9202,2010,183815.0,0.0,2.1492080000000002,0.556424,CHE,BRA,847619
10538710,43,32,9202,2010,221683.0,0.0,0.922493,2.0176,CHN,BRA,847619
10538711,61,32,9202,2010,84567.0,0.0,2.035672,-3.383322,DEU,BRA,847619
10538712,71,32,9202,2010,100882.0,0.0,0.832619,2.448009,ESP,BRA,847619
10538713,97,32,9202,2010,14574.0,0.0,0.715745,1.9780259999999998,HKG,BRA,847619
10538714,103,32,9202,2010,0.0,448797.0,-0.30878099999999997,1.07069,IDN,BRA,847619
10538715,110,32,9202,2010,46951.0,0.0,1.215834,0.7028340000000001,ISR,BRA,847619
10538716,111,32,9202,2010,2092189.0,0.0,1.272385,0.545721,ITA,BRA,847619
10538717,121,32,9202,2010,27430.0,0.0,1.7118849999999999,0.762362,KOR,BRA,847619
10538718,138,32,9202,2010,0.0,542834.0,1.132664,0.675756,MEX,BRA,847619
10538719,208,32,9202,2010,67473.0,0.0,1.882239,0.397927,SWE,BRA,847619
10538720,231,32,9202,2010,654074.0,0.0,1.67573,-0.598165,USA,BRA,847619
10538721,249,32,9202,2010,499278.0,0.0,1.766729,0.909335,TWN,BRA,847619
10538722,39,33,9202,2010,18833.0,0.0,0.752421,1.2208510000000001,CAN,BRB,847619
10538723,231,33,9202,2010,32319.0,0.0,1.67573,-0.598165,USA,BRB,847619
10538724,3,39,9202,2010,0.0,7984.0,1.127307,0.035098000000000004,AIA,CAN,847619
10538725,4,39,9202,2010,0.0,45808.0,-0.5316,-0.219561,ALB,CAN,847619
10538726,7,39,9202,2010,0.0,3863.0,0.29457,-0.196371,ARE,CAN,847619
10538727,13,39,9202,2010,0.0,14599.0,1.2153129999999999,0.955838,ATG,CAN,847619
10538728,14,39,9202,2010,0.0,367174.0,-0.276442,0.062023,AUS,CAN,847619
10538729,15,39,9202,2010,0.0,16572.0,1.724315,-0.29379099999999997,AUT,CAN,847619
10538730,18,39,9202,2010,0.0,2824.0,1.2224270000000002,1.1276,BEL,CAN,847619
10538731,30,39,9202,2010,0.0,31184.0,0.46139300000000005,-0.6651590000000001,BMU,CAN,847619
10538732,32,39,9202,2010,0.0,277820.0,0.40715500000000004,0.6208100000000001,BRA,CAN,847619
10538733,33,39,9202,2010,0.0,18833.0,0.7076140000000001,0.434993,BRB,CAN,847619
10538734,41,39,9202,2010,817900.0,0.0,2.1492080000000002,0.556424,CHE,CAN,847619
10538735,42,39,9202,2010,0.0,89576.0,-0.34914,-0.459395,CHL,CAN,847619
10538736,43,39,9202,2010,450569.0,0.0,0.922493,2.0176,CHN,CAN,847619
10538737,49,39,9202,2010,0.0,73111.0,0.097222,-0.064328,COL,CAN,847619
10538738,52,39,9202,2010,0.0,6686.0,-0.122722,-0.7062069999999999,CRI,CAN,847619
10538739,57,39,9202,2010,0.0,51119.0,1.2142959999999998,-0.6487430000000001,CYM,CAN,847619
10538740,61,39,9202,2010,90246.0,12650.0,2.035672,-3.383322,DEU,CAN,847619
10538741,65,39,9202,2010,0.0,2213.0,-0.245241,0.368626,DOM,CAN,847619
10538742,67,39,9202,2010,1222.0,57284.0,-0.584013,-0.743675,ECU,CAN,847619
10538743,71,39,9202,2010,10372.0,2669.0,0.832619,2.448009,ESP,CAN,847619
10538744,74,39,9202,2010,0.0,54614.0,1.745464,0.897992,FIN,CAN,847619
10538745,77,39,9202,2010,840814.0,5997.0,1.530027,-0.052557000000000006,FRA,CAN,847619
10538746,81,39,9202,2010,59803.0,8439347.0,1.828224,0.386383,GBR,CAN,847619
10538747,91,39,9202,2010,0.0,14175.0,-0.1543,-0.779396,GRD,CAN,847619
10538748,93,39,9202,2010,0.0,39292.0,-0.39034,0.743521,GTM,CAN,847619
10538749,103,39,9202,2010,9730.0,0.0,-0.30878099999999997,1.07069,IDN,CAN,847619
10538750,104,39,9202,2010,0.0,1738.0,0.14485599999999998,2.408913,IND,CAN,847619
10538751,110,39,9202,2010,141904.0,8355.0,1.215834,0.7028340000000001,ISR,CAN,847619
10538752,111,39,9202,2010,976585.0,37419.0,1.272385,0.545721,ITA,CAN,847619
10538753,112,39,9202,2010,0.0,36672.0,0.041471,-0.367177,JAM,CAN,847619
10538754,114,39,9202,2010,1913.0,83513.0,2.459723,-0.279387,JPN,CAN,847619
10538755,115,39,9202,2010,0.0,1801.0,-0.6278020000000001,-0.8419760000000001,KAZ,CAN,847619
10538756,120,39,9202,2010,0.0,6117.0,0.9277790000000001,-0.42824799999999996,KNA,CAN,847619
10538757,121,39,9202,2010,77194.0,1088.0,1.7118849999999999,0.762362,KOR,CAN,847619
10538758,124,39,9202,2010,0.0,13521.0,0.415854,1.424085,LBN,CAN,847619
10538759,127,39,9202,2010,0.0,7239.0,0.446162,-0.279229,LCA,CAN,847619
10538760,138,39,9202,2010,340849.0,90385.0,1.132664,0.675756,MEX,CAN,847619
10538761,142,39,9202,2010,0.0,1033.0,1.211797,-0.024923,MLT,CAN,847619
10538762,153,39,9202,2010,2786.0,66138.0,0.9530780000000001,0.607456,MYS,CAN,847619
10538763,160,39,9202,2010,0.0,48432.0,-0.9387409999999999,-0.8119569999999999,NIC,CAN,847619
10538764,162,39,9202,2010,6212.0,97104.0,1.237998,1.1891209999999999,NLD,CAN,847619
10538765,163,39,9202,2010,862108.0,101455.0,0.865676,0.138757,NOR,CAN,847619
10538766,166,39,9202,2010,0.0,24455.0,0.36828299999999997,0.574574,NZL,CAN,847619
10538767,173,39,9202,2010,0.0,32898.0,-0.650327,0.162321,PER,CAN,847619
10538768,177,39,9202,2010,3081.0,0.0,1.083552,1.1433719999999998,POL,CAN,847619
10538769,180,39,9202,2010,0.0,5487.0,-0.553805,-0.8699450000000001,PRY,CAN,847619
10538770,186,39,9202,2010,0.0,447001.0,0.583996,-0.223881,RUS,CAN,847619
10538771,188,39,9202,2010,0.0,1926.0,0.46696400000000005,-0.7487520000000001,SAU,CAN,847619
10538772,192,39,9202,2010,6290.0,7244.0,1.8441349999999999,0.570311,SGP,CAN,847619
10538773,197,39,9202,2010,0.0,3205.0,-0.101434,0.132639,SLV,CAN,847619
10538774,206,39,9202,2010,0.0,254494.0,1.278601,0.726907,SVK,CAN,847619
10538775,208,39,9202,2010,6716825.0,3022.0,1.882239,0.397927,SWE,CAN,847619
10538776,213,39,9202,2010,0.0,7994.0,0.86575,0.044395,TCA,CAN,847619
10538777,224,39,9202,2010,0.0,5869.0,0.359977,2.471173,TUR,CAN,847619
10538778,228,39,9202,2010,0.0,31044.0,0.714148,0.916267,UKR,CAN,847619
10538779,231,39,9202,2010,14521392.0,6475686.0,1.67573,-0.598165,USA,CAN,847619
10538780,234,39,9202,2010,0.0,4232.0,0.120821,-0.43102700000000005,VCT,CAN,847619
10538781,237,39,9202,2010,0.0,8000.0,0.699891,-0.29630300000000004,VGB,CAN,847619
10538782,240,39,9202,2010,0.0,6754.0,-0.8922190000000001,-0.87134,VUT,CAN,847619
10538783,242,39,9202,2010,0.0,13846.0,1.236381,0.276124,WSM,CAN,847619
10538784,246,39,9202,2010,0.0,76777.0,0.327326,1.513598,ZAF,CAN,847619
10538785,249,39,9202,2010,100248.0,0.0,1.766729,0.909335,TWN,CAN,847619
10538786,7,41,9202,2010,0.0,1331.0,0.29457,-0.196371,ARE,CHE,847619
10538787,14,41,9202,2010,0.0,1060406.0,-0.276442,0.062023,AUS,CHE,847619
10538788,15,41,9202,2010,163770.0,2493542.0,1.724315,-0.29379099999999997,AUT,CHE,847619
10538789,18,41,9202,2010,0.0,94818.0,1.2224270000000002,1.1276,BEL,CHE,847619
10538790,32,41,9202,2010,0.0,183815.0,0.40715500000000004,0.6208100000000001,BRA,CHE,847619
10538791,39,41,9202,2010,0.0,817900.0,0.752421,1.2208510000000001,CAN,CHE,847619
10538792,43,41,9202,2010,0.0,626190.0,0.922493,2.0176,CHN,CHE,847619
10538793,52,41,9202,2010,0.0,57661.0,-0.122722,-0.7062069999999999,CRI,CHE,847619
10538794,58,41,9202,2010,0.0,3624.0,0.8776450000000001,0.568389,CYP,CHE,847619
10538795,59,41,9202,2010,3879.0,20213.0,1.732044,0.333934,CZE,CHE,847619
10538796,61,41,9202,2010,2478982.0,2682071.0,2.035672,-3.383322,DEU,CHE,847619
10538797,64,41,9202,2010,0.0,7453.0,1.082468,1.280759,DNK,CHE,847619
10538798,71,41,9202,2010,2583443.0,109308.0,0.832619,2.448009,ESP,CHE,847619
10538799,77,41,9202,2010,621155.0,1174911.0,1.530027,-0.052557000000000006,FRA,CHE,847619
10538800,81,41,9202,2010,118548.0,6329.0,1.828224,0.386383,GBR,CHE,847619
10538801,90,41,9202,2010,0.0,40567.0,0.200249,1.4640090000000001,GRC,CHE,847619
10538802,97,41,9202,2010,3171.0,0.0,0.715745,1.9780259999999998,HKG,CHE,847619
10538803,100,41,9202,2010,38915.0,0.0,0.8276979999999999,0.97415,HRV,CHE,847619
10538804,103,41,9202,2010,0.0,4696.0,-0.30878099999999997,1.07069,IDN,CHE,847619
10538805,106,41,9202,2010,1897.0,0.0,1.371357,0.168795,IRL,CHE,847619
10538806,110,41,9202,2010,16341.0,0.0,1.215834,0.7028340000000001,ISR,CHE,847619
10538807,111,41,9202,2010,9737060.0,220628.0,1.272385,0.545721,ITA,CHE,847619
10538808,121,41,9202,2010,4989.0,0.0,1.7118849999999999,0.762362,KOR,CHE,847619
10538809,122,41,9202,2010,0.0,3703.0,0.067373,-1.0822120000000002,KWT,CHE,847619
10538810,123,41,9202,2010,0.0,171.0,-1.104075,-0.836772,LAO,CHE,847619
10538811,162,41,9202,2010,17673.0,66513.0,1.237998,1.1891209999999999,NLD,CHE,847619
10538812,163,41,9202,2010,0.0,115096.0,0.865676,0.138757,NOR,CHE,847619
10538813,174,41,9202,2010,0.0,261143.0,0.40418899999999996,0.102497,PHL,CHE,847619
10538814,177,41,9202,2010,0.0,81903.0,1.083552,1.1433719999999998,POL,CHE,847619
10538815,179,41,9202,2010,1007.0,101466.0,0.551149,2.437209,PRT,CHE,847619
10538816,183,41,9202,2010,0.0,4569.0,-0.346143,-1.078192,QAT,CHE,847619
10538817,186,41,9202,2010,0.0,7032.0,0.583996,-0.223881,RUS,CHE,847619
10538818,192,41,9202,2010,0.0,32301.0,1.8441349999999999,0.570311,SGP,CHE,847619
10538819,207,41,9202,2010,0.0,2205.0,1.595473,0.7023020000000001,SVN,CHE,847619
10538820,208,41,9202,2010,114481.0,35242.0,1.882239,0.397927,SWE,CHE,847619
10538821,216,41,9202,2010,0.0,960.0,0.748328,1.425224,THA,CHE,847619
10538822,231,41,9202,2010,657113.0,77139.0,1.67573,-0.598165,USA,CHE,847619
10538823,249,41,9202,2010,0.0,233290.0,1.766729,0.909335,TWN,CHE,847619
10538824,8,42,9202,2010,0.0,25200.0,0.27458899999999997,0.597907,ARG,CHL,847619
10538825,31,42,9202,2010,0.0,6193.0,-0.83736,-0.812473,BOL,CHL,847619
10538826,39,42,9202,2010,89576.0,0.0,0.752421,1.2208510000000001,CAN,CHL,847619
10538827,43,42,9202,2010,10775.0,0.0,0.922493,2.0176,CHN,CHL,847619
10538828,59,42,9202,2010,6533.0,0.0,1.732044,0.333934,CZE,CHL,847619
10538829,61,42,9202,2010,10786.0,0.0,2.035672,-3.383322,DEU,CHL,847619
10538830,71,42,9202,2010,132340.0,0.0,0.832619,2.448009,ESP,CHL,847619
10538831,81,42,9202,2010,15429.0,0.0,1.828224,0.386383,GBR,CHL,847619
10538832,111,42,9202,2010,416654.0,0.0,1.272385,0.545721,ITA,CHL,847619
10538833,138,42,9202,2010,0.0,18061.0,1.132664,0.675756,MEX,CHL,847619
10538834,162,42,9202,2010,10725.0,0.0,1.237998,1.1891209999999999,NLD,CHL,847619
10538835,169,42,9202,2010,0.0,24575.0,0.617867,0.903432,PAN,CHL,847619
10538836,173,42,9202,2010,0.0,6296.0,-0.650327,0.162321,PER,CHL,847619
10538837,208,42,9202,2010,1098.0,0.0,1.882239,0.397927,SWE,CHL,847619
10538838,231,42,9202,2010,1298885.0,0.0,1.67573,-0.598165,USA,CHL,847619
10538839,249,42,9202,2010,54815.0,0.0,1.766729,0.909335,TWN,CHL,847619
10538840,2,43,9202,2010,0.0,1778.0,-1.3711010000000001,-1.170608,AGO,CHN,847619
10538841,7,43,9202,2010,0.0,187645.0,0.29457,-0.196371,ARE,CHN,847619
10538842,8,43,9202,2010,0.0,18374.0,0.27458899999999997,0.597907,ARG,CHN,847619
10538843,9,43,9202,2010,0.0,3765.0,0.11632,-0.417048,ARM,CHN,847619
10538844,14,43,9202,2010,4910.0,378799.0,-0.276442,0.062023,AUS,CHN,847619
10538845,15,43,9202,2010,0.0,14582.0,1.724315,-0.29379099999999997,AUT,CHN,847619
10538846,17,43,9202,2010,0.0,67012.0,-0.922883,-0.748675,BDI,CHN,847619
10538847,18,43,9202,2010,0.0,39158.0,1.2224270000000002,1.1276,BEL,CHN,847619
10538848,22,43,9202,2010,0.0,2351.0,-0.974526,-0.76566,BGD,CHN,847619
10538849,23,43,9202,2010,0.0,13065.0,0.44973,1.445441,BGR,CHN,847619
10538850,26,43,9202,2010,0.0,2474.0,0.462275,0.830405,BIH,CHN,847619
10538851,31,43,9202,2010,0.0,1265.0,-0.83736,-0.812473,BOL,CHN,847619
10538852,32,43,9202,2010,0.0,221683.0,0.40715500000000004,0.6208100000000001,BRA,CHN,847619
10538853,34,43,9202,2010,0.0,17624.0,0.717167,-0.764841,BRN,CHN,847619
10538854,39,43,9202,2010,0.0,450569.0,0.752421,1.2208510000000001,CAN,CHN,847619
10538855,41,43,9202,2010,626190.0,0.0,2.1492080000000002,0.556424,CHE,CHN,847619
10538856,42,43,9202,2010,0.0,10775.0,-0.34914,-0.459395,CHL,CHN,847619
10538857,49,43,9202,2010,0.0,25345.0,0.097222,-0.064328,COL,CHN,847619
10538858,52,43,9202,2010,0.0,1280.0,-0.122722,-0.7062069999999999,CRI,CHN,847619
10538859,54,43,9202,2010,0.0,2380.0,-0.085462,-0.885019,CUB,CHN,847619
10538860,58,43,9202,2010,0.0,11417.0,0.8776450000000001,0.568389,CYP,CHN,847619
10538861,59,43,9202,2010,0.0,6787.0,1.732044,0.333934,CZE,CHN,847619
10538862,61,43,9202,2010,52789.0,139688.0,2.035672,-3.383322,DEU,CHN,847619
10538863,63,43,9202,2010,0.0,1647.0,0.35578699999999996,0.13029200000000002,DMA,CHN,847619
10538864,64,43,9202,2010,0.0,16188.0,1.082468,1.280759,DNK,CHN,847619
10538865,65,43,9202,2010,0.0,944.0,-0.245241,0.368626,DOM,CHN,847619
10538866,66,43,9202,2010,0.0,1860.0,-1.00922,-1.1511040000000001,DZA,CHN,847619
10538867,67,43,9202,2010,0.0,210337.0,-0.584013,-0.743675,ECU,CHN,847619
10538868,71,43,9202,2010,0.0,269021.0,0.832619,2.448009,ESP,CHN,847619
10538869,73,43,9202,2010,0.0,1143.0,-1.122906,-0.840777,ETH,CHN,847619
10538870,74,43,9202,2010,0.0,1306.0,1.745464,0.897992,FIN,CHN,847619
10538871,75,43,9202,2010,0.0,4473.0,-0.603112,-0.29135500000000003,FJI,CHN,847619
10538872,77,43,9202,2010,0.0,27411.0,1.530027,-0.052557000000000006,FRA,CHN,847619
10538873,81,43,9202,2010,0.0,1537945.0,1.828224,0.386383,GBR,CHN,847619
10538874,82,43,9202,2010,0.0,41905.0,-0.21301399999999998,-0.48355299999999996,GEO,CHN,847619
10538875,90,43,9202,2010,1102.0,9590.0,0.200249,1.4640090000000001,GRC,CHN,847619
10538876,91,43,9202,2010,0.0,5097.0,-0.1543,-0.779396,GRD,CHN,847619
10538877,93,43,9202,2010,0.0,42613.0,-0.39034,0.743521,GTM,CHN,847619
10538878,97,43,9202,2010,92212.0,325696.0,0.715745,1.9780259999999998,HKG,CHN,847619
10538879,99,43,9202,2010,0.0,3087.0,-0.569501,-0.153122,HND,CHN,847619
10538880,100,43,9202,2010,0.0,2275.0,0.8276979999999999,0.97415,HRV,CHN,847619
10538881,102,43,9202,2010,0.0,981.0,1.514225,0.740341,HUN,CHN,847619
10538882,103,43,9202,2010,0.0,63917.0,-0.30878099999999997,1.07069,IDN,CHN,847619
10538883,104,43,9202,2010,0.0,49019.0,0.14485599999999998,2.408913,IND,CHN,847619
10538884,106,43,9202,2010,0.0,128756.0,1.371357,0.168795,IRL,CHN,847619
10538885,107,43,9202,2010,0.0,52860.0,-0.609874,-0.744733,IRN,CHN,847619
10538886,108,43,9202,2010,0.0,30020.0,-2.1439150000000002,-0.913227,IRQ,CHN,847619
10538887,110,43,9202,2010,19881.0,77322.0,1.215834,0.7028340000000001,ISR,CHN,847619
10538888,111,43,9202,2010,344838.0,131625.0,1.272385,0.545721,ITA,CHN,847619
10538889,112,43,9202,2010,0.0,5418.0,0.041471,-0.367177,JAM,CHN,847619
10538890,113,43,9202,2010,0.0,31751.0,0.251702,0.522758,JOR,CHN,847619
10538891,114,43,9202,2010,23641.0,529717.0,2.459723,-0.279387,JPN,CHN,847619
10538892,115,43,9202,2010,0.0,13386.0,-0.6278020000000001,-0.8419760000000001,KAZ,CHN,847619
10538893,116,43,9202,2010,0.0,3185.0,-0.387187,1.010443,KEN,CHN,847619
10538894,121,43,9202,2010,23114.0,5572.0,1.7118849999999999,0.762362,KOR,CHN,847619
10538895,122,43,9202,2010,0.0,105791.0,0.067373,-1.0822120000000002,KWT,CHN,847619
10538896,123,43,9202,2010,0.0,5554.0,-1.104075,-0.836772,LAO,CHN,847619
10538897,124,43,9202,2010,0.0,3671.0,0.415854,1.424085,LBN,CHN,847619
10538898,134,43,9202,2010,0.0,20685.0,-0.5935229999999999,-0.056497000000000006,MAR,CHN,847619
10538899,137,43,9202,2010,0.0,17994.0,-0.644859,-0.910633,MDV,CHN,847619
10538900,138,43,9202,2010,0.0,210338.0,1.132664,0.675756,MEX,CHN,847619
10538901,142,43,9202,2010,0.0,5802.0,1.211797,-0.024923,MLT,CHN,847619
10538902,143,43,9202,2010,0.0,8458.0,-1.480389,-1.075842,MMR,CHN,847619
10538903,148,43,9202,2010,0.0,6956.0,-2.099882,-1.303977,MRT,CHN,847619
10538904,151,43,9202,2010,0.0,2684.0,-0.173542,0.103727,MUS,CHN,847619
10538905,152,43,9202,2010,0.0,1152.0,-0.821839,-0.9153870000000001,MWI,CHN,847619
10538906,153,43,9202,2010,0.0,150211.0,0.9530780000000001,0.607456,MYS,CHN,847619
10538907,159,43,9202,2010,0.0,6441.0,-1.887084,-1.2280229999999999,NGA,CHN,847619
10538908,160,43,9202,2010,0.0,1078.0,-0.9387409999999999,-0.8119569999999999,NIC,CHN,847619
10538909,162,43,9202,2010,1237.0,255779.0,1.237998,1.1891209999999999,NLD,CHN,847619
10538910,163,43,9202,2010,0.0,41493.0,0.865676,0.138757,NOR,CHN,847619
10538911,166,43,9202,2010,4632.0,38474.0,0.36828299999999997,0.574574,NZL,CHN,847619
10538912,168,43,9202,2010,0.0,1892.0,-0.692071,0.5409010000000001,PAK,CHN,847619
10538913,169,43,9202,2010,0.0,13983.0,0.617867,0.903432,PAN,CHN,847619
10538914,173,43,9202,2010,0.0,9975.0,-0.650327,0.162321,PER,CHN,847619
10538915,174,43,9202,2010,0.0,36963.0,0.40418899999999996,0.102497,PHL,CHN,847619
10538916,177,43,9202,2010,0.0,125015.0,1.083552,1.1433719999999998,POL,CHN,847619
10538917,179,43,9202,2010,0.0,14227.0,0.551149,2.437209,PRT,CHN,847619
10538918,180,43,9202,2010,0.0,1351.0,-0.553805,-0.8699450000000001,PRY,CHN,847619
10538919,183,43,9202,2010,0.0,7870.0,-0.346143,-1.078192,QAT,CHN,847619
10538920,185,43,9202,2010,0.0,4513.0,0.6483760000000001,1.200256,ROU,CHN,847619
10538921,186,43,9202,2010,0.0,82472.0,0.583996,-0.223881,RUS,CHN,847619
10538922,187,43,9202,2010,0.0,7430.0,-0.6033350000000001,-0.524881,RWA,CHN,847619
10538923,188,43,9202,2010,0.0,33164.0,0.46696400000000005,-0.7487520000000001,SAU,CHN,847619
10538924,190,43,9202,2010,0.0,775052.0,-1.9094669999999998,-1.271065,SDN,CHN,847619
10538925,192,43,9202,2010,1154301.0,122373.0,1.8441349999999999,0.570311,SGP,CHN,847619
10538926,197,43,9202,2010,0.0,4428.0,-0.101434,0.132639,SLV,CHN,847619
10538927,206,43,9202,2010,0.0,1708.0,1.278601,0.726907,SVK,CHN,847619
10538928,207,43,9202,2010,0.0,96640.0,1.595473,0.7023020000000001,SVN,CHN,847619
10538929,208,43,9202,2010,19868.0,1311.0,1.882239,0.397927,SWE,CHN,847619
10538930,209,43,9202,2010,0.0,152862.0,0.186142,-0.34577800000000003,SWZ,CHN,847619
10538931,211,43,9202,2010,0.0,2623.0,-0.075668,-0.549686,SYC,CHN,847619
10538932,212,43,9202,2010,7222.0,28210.0,-0.46833800000000003,1.11952,SYR,CHN,847619
10538933,216,43,9202,2010,18429.0,100760.0,0.748328,1.425224,THA,CHN,847619
10538934,224,43,9202,2010,0.0,24302.0,0.359977,2.471173,TUR,CHN,847619
10538935,227,43,9202,2010,0.0,5257.0,-0.48061400000000004,0.187001,UGA,CHN,847619
10538936,228,43,9202,2010,0.0,60538.0,0.714148,0.916267,UKR,CHN,847619
10538937,231,43,9202,2010,487448.0,5694401.0,1.67573,-0.598165,USA,CHN,847619
10538938,239,43,9202,2010,0.0,4057.0,-0.24660500000000002,1.427235,VNM,CHN,847619
10538939,246,43,9202,2010,0.0,49328.0,0.327326,1.513598,ZAF,CHN,847619
10538940,247,43,9202,2010,0.0,14285.0,-0.650686,-0.830332,ZMB,CHN,847619
10538941,249,43,9202,2010,355256.0,87615.0,1.766729,0.909335,TWN,CHN,847619
10538942,8,49,9202,2010,2206.0,0.0,0.27458899999999997,0.597907,ARG,COL,847619
10538943,39,49,9202,2010,73111.0,0.0,0.752421,1.2208510000000001,CAN,COL,847619
10538944,43,49,9202,2010,25345.0,0.0,0.922493,2.0176,CHN,COL,847619
10538945,61,49,9202,2010,37851.0,0.0,2.035672,-3.383322,DEU,COL,847619
10538946,71,49,9202,2010,82074.0,0.0,0.832619,2.448009,ESP,COL,847619
10538947,81,49,9202,2010,3466.0,0.0,1.828224,0.386383,GBR,COL,847619
10538948,111,49,9202,2010,156762.0,0.0,1.272385,0.545721,ITA,COL,847619
10538949,114,49,9202,2010,4006.0,0.0,2.459723,-0.279387,JPN,COL,847619
10538950,138,49,9202,2010,39828.0,0.0,1.132664,0.675756,MEX,COL,847619
10538951,173,49,9202,2010,29374.0,0.0,-0.650327,0.162321,PER,COL,847619
10538952,231,49,9202,2010,312042.0,0.0,1.67573,-0.598165,USA,COL,847619
10538953,236,49,9202,2010,0.0,1595.0,-0.660844,-1.145133,VEN,COL,847619
10538954,249,49,9202,2010,254618.0,0.0,1.766729,0.909335,TWN,COL,847619
10538955,39,52,9202,2010,6686.0,0.0,0.752421,1.2208510000000001,CAN,CRI,847619
10538956,41,52,9202,2010,57661.0,0.0,2.1492080000000002,0.556424,CHE,CRI,847619
10538957,43,52,9202,2010,1280.0,0.0,0.922493,2.0176,CHN,CRI,847619
10538958,71,52,9202,2010,104330.0,0.0,0.832619,2.448009,ESP,CRI,847619
10538959,111,52,9202,2010,44685.0,0.0,1.272385,0.545721,ITA,CRI,847619
10538960,174,52,9202,2010,0.0,37885.0,0.40418899999999996,0.102497,PHL,CRI,847619
10538961,231,52,9202,2010,130656.0,0.0,1.67573,-0.598165,USA,CRI,847619
10538962,249,52,9202,2010,4830.0,0.0,1.766729,0.909335,TWN,CRI,847619
10538963,4,61,9202,2010,0.0,5655.0,-0.5316,-0.219561,ALB,DEU,847619
10538964,7,61,9202,2010,0.0,833635.0,0.29457,-0.196371,ARE,DEU,847619
10538965,8,61,9202,2010,0.0,4903.0,0.27458899999999997,0.597907,ARG,DEU,847619
10538966,14,61,9202,2010,0.0,751758.0,-0.276442,0.062023,AUS,DEU,847619
10538967,15,61,9202,2010,511657.0,4676778.0,1.724315,-0.29379099999999997,AUT,DEU,847619
10538968,18,61,9202,2010,261314.0,1252475.0,1.2224270000000002,1.1276,BEL,DEU,847619
10538969,23,61,9202,2010,0.0,36565.0,0.44973,1.445441,BGR,DEU,847619
10538970,26,61,9202,2010,0.0,5639.0,0.462275,0.830405,BIH,DEU,847619
10538971,32,61,9202,2010,0.0,84567.0,0.40715500000000004,0.6208100000000001,BRA,DEU,847619
10538972,39,61,9202,2010,12650.0,90246.0,0.752421,1.2208510000000001,CAN,DEU,847619
10538973,41,61,9202,2010,2682071.0,2478982.0,2.1492080000000002,0.556424,CHE,DEU,847619
10538974,42,61,9202,2010,0.0,10786.0,-0.34914,-0.459395,CHL,DEU,847619
10538975,43,61,9202,2010,139688.0,52789.0,0.922493,2.0176,CHN,DEU,847619
10538976,46,61,9202,2010,0.0,16708.0,-1.465101,-1.139909,COD,DEU,847619
10538977,49,61,9202,2010,0.0,37851.0,0.097222,-0.064328,COL,DEU,847619
10538978,58,61,9202,2010,0.0,1924.0,0.8776450000000001,0.568389,CYP,DEU,847619
10538979,59,61,9202,2010,0.0,183485.0,1.732044,0.333934,CZE,DEU,847619
10538980,64,61,9202,2010,108680.0,268471.0,1.082468,1.280759,DNK,DEU,847619
10538981,65,61,9202,2010,0.0,34225.0,-0.245241,0.368626,DOM,DEU,847619
10538982,68,61,9202,2010,36444.0,0.0,-0.181826,1.409465,EGY,DEU,847619
10538983,71,61,9202,2010,1624758.0,42709.0,0.832619,2.448009,ESP,DEU,847619
10538984,74,61,9202,2010,0.0,661510.0,1.745464,0.897992,FIN,DEU,847619
10538985,77,61,9202,2010,350040.0,1680391.0,1.530027,-0.052557000000000006,FRA,DEU,847619
10538986,81,61,9202,2010,307372.0,1071691.0,1.828224,0.386383,GBR,DEU,847619
10538987,82,61,9202,2010,0.0,12396.0,-0.21301399999999998,-0.48355299999999996,GEO,DEU,847619
10538988,90,61,9202,2010,0.0,10392.0,0.200249,1.4640090000000001,GRC,DEU,847619
10538989,93,61,9202,2010,0.0,993.0,-0.39034,0.743521,GTM,DEU,847619
10538990,97,61,9202,2010,5761.0,35714.0,0.715745,1.9780259999999998,HKG,DEU,847619
10538991,100,61,9202,2010,0.0,11363.0,0.8276979999999999,0.97415,HRV,DEU,847619
10538992,102,61,9202,2010,0.0,759760.0,1.514225,0.740341,HUN,DEU,847619
10538993,104,61,9202,2010,5457.0,41226.0,0.14485599999999998,2.408913,IND,DEU,847619
10538994,106,61,9202,2010,0.0,135006.0,1.371357,0.168795,IRL,DEU,847619
10538995,109,61,9202,2010,0.0,1360.0,0.20822100000000002,-0.318294,ISL,DEU,847619
10538996,110,61,9202,2010,248662.0,111169.0,1.215834,0.7028340000000001,ISR,DEU,847619
10538997,111,61,9202,2010,15918464.0,4840106.0,1.272385,0.545721,ITA,DEU,847619
10538998,114,61,9202,2010,65844.0,0.0,2.459723,-0.279387,JPN,DEU,847619
10538999,121,61,9202,2010,2811.0,28115.0,1.7118849999999999,0.762362,KOR,DEU,847619
10539000,124,61,9202,2010,0.0,14287.0,0.415854,1.424085,LBN,DEU,847619
10539001,130,61,9202,2010,0.0,6806.0,0.6390600000000001,1.144911,LTU,DEU,847619
10539002,131,61,9202,2010,2248.0,26269.0,1.272127,1.1051520000000001,LUX,DEU,847619
10539003,134,61,9202,2010,0.0,8544.0,-0.5935229999999999,-0.056497000000000006,MAR,DEU,847619
10539004,142,61,9202,2010,0.0,79504.0,1.211797,-0.024923,MLT,DEU,847619
10539005,153,61,9202,2010,21316.0,643296.0,0.9530780000000001,0.607456,MYS,DEU,847619
10539006,162,61,9202,2010,6714831.0,523218.0,1.237998,1.1891209999999999,NLD,DEU,847619
10539007,163,61,9202,2010,164136.0,1402865.0,0.865676,0.138757,NOR,DEU,847619
10539008,166,61,9202,2010,0.0,22427.0,0.36828299999999997,0.574574,NZL,DEU,847619
10539009,177,61,9202,2010,0.0,604829.0,1.083552,1.1433719999999998,POL,DEU,847619
10539010,179,61,9202,2010,2164.0,99581.0,0.551149,2.437209,PRT,DEU,847619
10539011,185,61,9202,2010,0.0,487596.0,0.6483760000000001,1.200256,ROU,DEU,847619
10539012,186,61,9202,2010,0.0,836967.0,0.583996,-0.223881,RUS,DEU,847619
10539013,190,61,9202,2010,1330305.0,37027.0,-1.9094669999999998,-1.271065,SDN,DEU,847619
10539014,192,61,9202,2010,0.0,7227.0,1.8441349999999999,0.570311,SGP,DEU,847619
10539015,201,61,9202,2010,0.0,30981.0,0.561161,1.33974,SRB,DEU,847619
10539016,207,61,9202,2010,0.0,143692.0,1.595473,0.7023020000000001,SVN,DEU,847619
10539017,208,61,9202,2010,869080.0,36828.0,1.882239,0.397927,SWE,DEU,847619
10539018,224,61,9202,2010,0.0,426824.0,0.359977,2.471173,TUR,DEU,847619
10539019,227,61,9202,2010,0.0,6162.0,-0.48061400000000004,0.187001,UGA,DEU,847619
10539020,228,61,9202,2010,0.0,156800.0,0.714148,0.916267,UKR,DEU,847619
10539021,231,61,9202,2010,1792679.0,408974.0,1.67573,-0.598165,USA,DEU,847619
10539022,236,61,9202,2010,0.0,965.0,-0.660844,-1.145133,VEN,DEU,847619
10539023,246,61,9202,2010,0.0,4325.0,0.327326,1.513598,ZAF,DEU,847619
10539024,247,61,9202,2010,0.0,806.0,-0.650686,-0.830332,ZMB,DEU,847619
10539025,248,61,9202,2010,0.0,1402.0,-0.869909,-0.8233309999999999,ZWE,DEU,847619
10539026,249,61,9202,2010,343758.0,1222420.0,1.766729,0.909335,TWN,DEU,847619
10539027,14,64,9202,2010,0.0,7923.0,-0.276442,0.062023,AUS,DNK,847619
10539028,15,64,9202,2010,32923.0,0.0,1.724315,-0.29379099999999997,AUT,DNK,847619
10539029,18,64,9202,2010,2439.0,0.0,1.2224270000000002,1.1276,BEL,DNK,847619
10539030,41,64,9202,2010,7453.0,0.0,2.1492080000000002,0.556424,CHE,DNK,847619
10539031,43,64,9202,2010,16188.0,0.0,0.922493,2.0176,CHN,DNK,847619
10539032,61,64,9202,2010,268471.0,108680.0,2.035672,-3.383322,DEU,DNK,847619
10539033,71,64,9202,2010,213411.0,11475.0,0.832619,2.448009,ESP,DNK,847619
10539034,72,64,9202,2010,0.0,1252.0,0.832316,1.1844649999999999,EST,DNK,847619
10539035,74,64,9202,2010,0.0,104721.0,1.745464,0.897992,FIN,DNK,847619
10539036,77,64,9202,2010,786622.0,0.0,1.530027,-0.052557000000000006,FRA,DNK,847619
10539037,81,64,9202,2010,9021.0,6779.0,1.828224,0.386383,GBR,DNK,847619
10539038,92,64,9202,2010,0.0,26830.0,-0.45149700000000004,-0.9039299999999999,GRL,DNK,847619
10539039,110,64,9202,2010,1622.0,0.0,1.215834,0.7028340000000001,ISR,DNK,847619
10539040,111,64,9202,2010,163924.0,0.0,1.272385,0.545721,ITA,DNK,847619
10539041,114,64,9202,2010,4334.0,0.0,2.459723,-0.279387,JPN,DNK,847619
10539042,130,64,9202,2010,0.0,33639.0,0.6390600000000001,1.144911,LTU,DNK,847619
10539043,132,64,9202,2010,0.0,4152.0,0.6158170000000001,1.1401059999999998,LVA,DNK,847619
10539044,162,64,9202,2010,39315.0,15055.0,1.237998,1.1891209999999999,NLD,DNK,847619
10539045,163,64,9202,2010,9000.0,3605150.0,0.865676,0.138757,NOR,DNK,847619
10539046,192,64,9202,2010,0.0,21556.0,1.8441349999999999,0.570311,SGP,DNK,847619
10539047,208,64,9202,2010,1230933.0,408887.0,1.882239,0.397927,SWE,DNK,847619
10539048,231,64,9202,2010,142627.0,13635.0,1.67573,-0.598165,USA,DNK,847619
10539049,39,65,9202,2010,2213.0,0.0,0.752421,1.2208510000000001,CAN,DOM,847619
10539050,43,65,9202,2010,944.0,0.0,0.922493,2.0176,CHN,DOM,847619
10539051,61,65,9202,2010,34225.0,0.0,2.035672,-3.383322,DEU,DOM,847619
10539052,71,65,9202,2010,158859.0,0.0,0.832619,2.448009,ESP,DOM,847619
10539053,77,65,9202,2010,513070.0,0.0,1.530027,-0.052557000000000006,FRA,DOM,847619
10539054,81,65,9202,2010,7839.0,0.0,1.828224,0.386383,GBR,DOM,847619
10539055,111,65,9202,2010,2799.0,0.0,1.272385,0.545721,ITA,DOM,847619
10539056,138,65,9202,2010,2446.0,0.0,1.132664,0.675756,MEX,DOM,847619
10539057,173,65,9202,2010,1277.0,0.0,-0.650327,0.162321,PER,DOM,847619
10539058,228,65,9202,2010,3503.0,0.0,0.714148,0.916267,UKR,DOM,847619
10539059,231,65,9202,2010,3791.0,0.0,1.67573,-0.598165,USA,DOM,847619
10539060,39,67,9202,2010,57284.0,1222.0,0.752421,1.2208510000000001,CAN,ECU,847619
10539061,43,67,9202,2010,210337.0,0.0,0.922493,2.0176,CHN,ECU,847619
10539062,97,67,9202,2010,19444.0,0.0,0.715745,1.9780259999999998,HKG,ECU,847619
10539063,111,67,9202,2010,218260.0,0.0,1.272385,0.545721,ITA,ECU,847619
10539064,138,67,9202,2010,3372.0,0.0,1.132664,0.675756,MEX,ECU,847619
10539065,173,67,9202,2010,6781.0,0.0,-0.650327,0.162321,PER,ECU,847619
10539066,231,67,9202,2010,35888.0,0.0,1.67573,-0.598165,USA,ECU,847619
10539067,2,71,9202,2010,0.0,177825.0,-1.3711010000000001,-1.170608,AGO,ESP,847619
10539068,5,71,9202,2010,6740.0,189674.0,0.8963620000000001,0.7650399999999999,AND,ESP,847619
10539069,7,71,9202,2010,0.0,61629.0,0.29457,-0.196371,ARE,ESP,847619
10539070,8,71,9202,2010,0.0,15690.0,0.27458899999999997,0.597907,ARG,ESP,847619
10539071,14,71,9202,2010,0.0,262648.0,-0.276442,0.062023,AUS,ESP,847619
10539072,15,71,9202,2010,29997.0,79291.0,1.724315,-0.29379099999999997,AUT,ESP,847619
10539073,18,71,9202,2010,449703.0,34006.0,1.2224270000000002,1.1276,BEL,ESP,847619
10539074,23,71,9202,2010,0.0,19692.0,0.44973,1.445441,BGR,ESP,847619
10539075,24,71,9202,2010,0.0,30937.0,0.284356,-0.8362,BHR,ESP,847619
10539076,28,71,9202,2010,0.0,4297.0,0.969851,0.593386,BLR,ESP,847619
10539077,32,71,9202,2010,0.0,100882.0,0.40715500000000004,0.6208100000000001,BRA,ESP,847619
10539078,39,71,9202,2010,2669.0,10372.0,0.752421,1.2208510000000001,CAN,ESP,847619
10539079,41,71,9202,2010,109308.0,2583443.0,2.1492080000000002,0.556424,CHE,ESP,847619
10539080,42,71,9202,2010,0.0,132340.0,-0.34914,-0.459395,CHL,ESP,847619
10539081,43,71,9202,2010,269021.0,0.0,0.922493,2.0176,CHN,ESP,847619
10539082,49,71,9202,2010,0.0,82074.0,0.097222,-0.064328,COL,ESP,847619
10539083,52,71,9202,2010,0.0,104330.0,-0.122722,-0.7062069999999999,CRI,ESP,847619
10539084,58,71,9202,2010,0.0,33097.0,0.8776450000000001,0.568389,CYP,ESP,847619
10539085,59,71,9202,2010,0.0,218030.0,1.732044,0.333934,CZE,ESP,847619
10539086,61,71,9202,2010,42709.0,1624758.0,2.035672,-3.383322,DEU,ESP,847619
10539087,64,71,9202,2010,11475.0,213411.0,1.082468,1.280759,DNK,ESP,847619
10539088,65,71,9202,2010,0.0,158859.0,-0.245241,0.368626,DOM,ESP,847619
10539089,66,71,9202,2010,0.0,100883.0,-1.00922,-1.1511040000000001,DZA,ESP,847619
10539090,77,71,9202,2010,1346071.0,357487.0,1.530027,-0.052557000000000006,FRA,ESP,847619
10539091,81,71,9202,2010,180503.0,939057.0,1.828224,0.386383,GBR,ESP,847619
10539092,82,71,9202,2010,0.0,6925.0,-0.21301399999999998,-0.48355299999999996,GEO,ESP,847619
10539093,89,71,9202,2010,0.0,49419.0,-1.077402,-0.86556,GNQ,ESP,847619
10539094,90,71,9202,2010,0.0,53365.0,0.200249,1.4640090000000001,GRC,ESP,847619
10539095,97,71,9202,2010,0.0,4104.0,0.715745,1.9780259999999998,HKG,ESP,847619
10539096,100,71,9202,2010,0.0,264008.0,0.8276979999999999,0.97415,HRV,ESP,847619
10539097,102,71,9202,2010,0.0,6401.0,1.514225,0.740341,HUN,ESP,847619
10539098,104,71,9202,2010,1956.0,69069.0,0.14485599999999998,2.408913,IND,ESP,847619
10539099,106,71,9202,2010,6563.0,473920.0,1.371357,0.168795,IRL,ESP,847619
10539100,107,71,9202,2010,0.0,12536.0,-0.609874,-0.744733,IRN,ESP,847619
10539101,110,71,9202,2010,287786.0,614749.0,1.215834,0.7028340000000001,ISR,ESP,847619
10539102,111,71,9202,2010,3273607.0,3020238.0,1.272385,0.545721,ITA,ESP,847619
10539103,114,71,9202,2010,10151.0,2186.0,2.459723,-0.279387,JPN,ESP,847619
10539104,121,71,9202,2010,66916.0,104138.0,1.7118849999999999,0.762362,KOR,ESP,847619
10539105,131,71,9202,2010,0.0,64072.0,1.272127,1.1051520000000001,LUX,ESP,847619
10539106,132,71,9202,2010,0.0,1744.0,0.6158170000000001,1.1401059999999998,LVA,ESP,847619
10539107,134,71,9202,2010,0.0,155561.0,-0.5935229999999999,-0.056497000000000006,MAR,ESP,847619
10539108,135,71,9202,2010,0.0,5706.0,-0.116797,0.037801,MDA,ESP,847619
10539109,138,71,9202,2010,0.0,387916.0,1.132664,0.675756,MEX,ESP,847619
10539110,142,71,9202,2010,0.0,568568.0,1.211797,-0.024923,MLT,ESP,847619
10539111,148,71,9202,2010,0.0,307687.0,-2.099882,-1.303977,MRT,ESP,847619
10539112,162,71,9202,2010,181185.0,7630.0,1.237998,1.1891209999999999,NLD,ESP,847619
10539113,163,71,9202,2010,0.0,22131.0,0.865676,0.138757,NOR,ESP,847619
10539114,169,71,9202,2010,0.0,54682.0,0.617867,0.903432,PAN,ESP,847619
10539115,174,71,9202,2010,1823.0,0.0,0.40418899999999996,0.102497,PHL,ESP,847619
10539116,177,71,9202,2010,0.0,54871.0,1.083552,1.1433719999999998,POL,ESP,847619
10539117,179,71,9202,2010,1155283.0,5476414.0,0.551149,2.437209,PRT,ESP,847619
10539118,185,71,9202,2010,0.0,20455.0,0.6483760000000001,1.200256,ROU,ESP,847619
10539119,186,71,9202,2010,0.0,20088.0,0.583996,-0.223881,RUS,ESP,847619
10539120,188,71,9202,2010,0.0,5574.0,0.46696400000000005,-0.7487520000000001,SAU,ESP,847619
10539121,192,71,9202,2010,0.0,23311.0,1.8441349999999999,0.570311,SGP,ESP,847619
10539122,197,71,9202,2010,0.0,43935.0,-0.101434,0.132639,SLV,ESP,847619
10539123,207,71,9202,2010,0.0,180697.0,1.595473,0.7023020000000001,SVN,ESP,847619
10539124,208,71,9202,2010,21563.0,443955.0,1.882239,0.397927,SWE,ESP,847619
10539125,224,71,9202,2010,10017.0,154492.0,0.359977,2.471173,TUR,ESP,847619
10539126,231,71,9202,2010,53717.0,429109.0,1.67573,-0.598165,USA,ESP,847619
10539127,246,71,9202,2010,0.0,10460.0,0.327326,1.513598,ZAF,ESP,847619
10539128,249,71,9202,2010,413557.0,119060.0,1.766729,0.909335,TWN,ESP,847619
10539129,250,71,9202,2010,23182.0,0.0,0.45129600000000003,-0.223517,ANS,ESP,847619
10539130,39,74,9202,2010,54614.0,0.0,0.752421,1.2208510000000001,CAN,FIN,847619
10539131,43,74,9202,2010,1306.0,0.0,0.922493,2.0176,CHN,FIN,847619
10539132,61,74,9202,2010,661510.0,0.0,2.035672,-3.383322,DEU,FIN,847619
10539133,64,74,9202,2010,104721.0,0.0,1.082468,1.280759,DNK,FIN,847619
10539134,72,74,9202,2010,0.0,1494125.0,0.832316,1.1844649999999999,EST,FIN,847619
10539135,81,74,9202,2010,6845.0,0.0,1.828224,0.386383,GBR,FIN,847619
10539136,110,74,9202,2010,37562.0,0.0,1.215834,0.7028340000000001,ISR,FIN,847619
10539137,111,74,9202,2010,85490.0,0.0,1.272385,0.545721,ITA,FIN,847619
10539138,114,74,9202,2010,11011.0,0.0,2.459723,-0.279387,JPN,FIN,847619
10539139,132,74,9202,2010,0.0,5128.0,0.6158170000000001,1.1401059999999998,LVA,FIN,847619
10539140,162,74,9202,2010,10806.0,0.0,1.237998,1.1891209999999999,NLD,FIN,847619
10539141,163,74,9202,2010,0.0,25601.0,0.865676,0.138757,NOR,FIN,847619
10539142,186,74,9202,2010,0.0,73903.0,0.583996,-0.223881,RUS,FIN,847619
10539143,208,74,9202,2010,364968.0,4918.0,1.882239,0.397927,SWE,FIN,847619
10539144,231,74,9202,2010,69457.0,0.0,1.67573,-0.598165,USA,FIN,847619
10539145,249,74,9202,2010,331852.0,0.0,1.766729,0.909335,TWN,FIN,847619
10539146,7,77,9202,2010,6633.0,0.0,0.29457,-0.196371,ARE,FRA,847619
10539147,14,77,9202,2010,0.0,21836.0,-0.276442,0.062023,AUS,FRA,847619
10539148,18,77,9202,2010,165183.0,467350.0,1.2224270000000002,1.1276,BEL,FRA,847619
10539149,39,77,9202,2010,5997.0,840814.0,0.752421,1.2208510000000001,CAN,FRA,847619
10539150,41,77,9202,2010,1174911.0,621155.0,2.1492080000000002,0.556424,CHE,FRA,847619
10539151,43,77,9202,2010,27411.0,0.0,0.922493,2.0176,CHN,FRA,847619
10539152,47,77,9202,2010,0.0,3783.0,-1.536434,-1.175338,COG,FRA,847619
10539153,50,77,9202,2010,0.0,13798.0,0.8640059999999999,-0.6108180000000001,COM,FRA,847619
10539154,58,77,9202,2010,0.0,1271.0,0.8776450000000001,0.568389,CYP,FRA,847619
10539155,61,77,9202,2010,1680391.0,350040.0,2.035672,-3.383322,DEU,FRA,847619
10539156,62,77,9202,2010,0.0,14581.0,-0.37501799999999996,-0.727603,DJI,FRA,847619
10539157,64,77,9202,2010,0.0,786622.0,1.082468,1.280759,DNK,FRA,847619
10539158,65,77,9202,2010,0.0,513070.0,-0.245241,0.368626,DOM,FRA,847619
10539159,66,77,9202,2010,0.0,29205.0,-1.00922,-1.1511040000000001,DZA,FRA,847619
10539160,71,77,9202,2010,357487.0,1346071.0,0.832619,2.448009,ESP,FRA,847619
10539161,73,77,9202,2010,0.0,2955.0,-1.122906,-0.840777,ETH,FRA,847619
10539162,81,77,9202,2010,1376696.0,113740.0,1.828224,0.386383,GBR,FRA,847619
10539163,90,77,9202,2010,0.0,4695.0,0.200249,1.4640090000000001,GRC,FRA,847619
10539164,102,77,9202,2010,0.0,2571.0,1.514225,0.740341,HUN,FRA,847619
10539165,103,77,9202,2010,0.0,2296.0,-0.30878099999999997,1.07069,IDN,FRA,847619
10539166,104,77,9202,2010,0.0,272120.0,0.14485599999999998,2.408913,IND,FRA,847619
10539167,106,77,9202,2010,0.0,2468.0,1.371357,0.168795,IRL,FRA,847619
10539168,110,77,9202,2010,64832.0,92616.0,1.215834,0.7028340000000001,ISR,FRA,847619
10539169,111,77,9202,2010,15589040.0,184778.0,1.272385,0.545721,ITA,FRA,847619
10539170,121,77,9202,2010,64314.0,0.0,1.7118849999999999,0.762362,KOR,FRA,847619
10539171,130,77,9202,2010,0.0,4263.0,0.6390600000000001,1.144911,LTU,FRA,847619
10539172,131,77,9202,2010,141273.0,56918.0,1.272127,1.1051520000000001,LUX,FRA,847619
10539173,134,77,9202,2010,0.0,58650.0,-0.5935229999999999,-0.056497000000000006,MAR,FRA,847619
10539174,136,77,9202,2010,0.0,5933.0,-0.8737799999999999,-0.043717,MDG,FRA,847619
10539175,138,77,9202,2010,0.0,229592.0,1.132664,0.675756,MEX,FRA,847619
10539176,141,77,9202,2010,0.0,9609.0,-0.585496,-0.655841,MLI,FRA,847619
10539177,154,77,9202,2010,0.0,16626.0,1.371744,-0.072045,MYT,FRA,847619
10539178,156,77,9202,2010,0.0,258992.0,-0.42193500000000006,-0.8256610000000001,NCL,FRA,847619
10539179,157,77,9202,2010,0.0,11664.0,-0.829902,-0.826152,NER,FRA,847619
10539180,159,77,9202,2010,0.0,7731.0,-1.887084,-1.2280229999999999,NGA,FRA,847619
10539181,162,77,9202,2010,15199.0,2025978.0,1.237998,1.1891209999999999,NLD,FRA,847619
10539182,163,77,9202,2010,4266.0,5212.0,0.865676,0.138757,NOR,FRA,847619
10539183,177,77,9202,2010,3899.0,820277.0,1.083552,1.1433719999999998,POL,FRA,847619
10539184,179,77,9202,2010,487354.0,18265.0,0.551149,2.437209,PRT,FRA,847619
10539185,182,77,9202,2010,0.0,2509.0,-0.47692700000000005,-0.8429760000000001,PYF,FRA,847619
10539186,185,77,9202,2010,0.0,42589.0,0.6483760000000001,1.200256,ROU,FRA,847619
10539187,188,77,9202,2010,0.0,20280.0,0.46696400000000005,-0.7487520000000001,SAU,FRA,847619
10539188,191,77,9202,2010,0.0,1273.0,-0.45445,-0.148149,SEN,FRA,847619
10539189,207,77,9202,2010,0.0,7453.0,1.595473,0.7023020000000001,SVN,FRA,847619
10539190,208,77,9202,2010,127333.0,35085.0,1.882239,0.397927,SWE,FRA,847619
10539191,212,77,9202,2010,0.0,105813.0,-0.46833800000000003,1.11952,SYR,FRA,847619
10539192,216,77,9202,2010,68406.0,13031.0,0.748328,1.425224,THA,FRA,847619
10539193,223,77,9202,2010,0.0,1351.0,0.165019,0.8882059999999999,TUN,FRA,847619
10539194,224,77,9202,2010,3279824.0,0.0,0.359977,2.471173,TUR,FRA,847619
10539195,231,77,9202,2010,94447.0,69976.0,1.67573,-0.598165,USA,FRA,847619
10539196,236,77,9202,2010,0.0,481713.0,-0.660844,-1.145133,VEN,FRA,847619
10539197,246,77,9202,2010,0.0,975552.0,0.327326,1.513598,ZAF,FRA,847619
10539198,249,77,9202,2010,53495.0,1514.0,1.766729,0.909335,TWN,FRA,847619
10539199,250,77,9202,2010,29205.0,0.0,0.45129600000000003,-0.223517,ANS,FRA,847619
10539200,7,81,9202,2010,0.0,173769.0,0.29457,-0.196371,ARE,GBR,847619
10539201,14,81,9202,2010,0.0,521150.0,-0.276442,0.062023,AUS,GBR,847619
10539202,18,81,9202,2010,46548.0,270412.0,1.2224270000000002,1.1276,BEL,GBR,847619
10539203,23,81,9202,2010,0.0,2645.0,0.44973,1.445441,BGR,GBR,847619
10539204,24,81,9202,2010,0.0,7641.0,0.284356,-0.8362,BHR,GBR,847619
10539205,39,81,9202,2010,8439347.0,59803.0,0.752421,1.2208510000000001,CAN,GBR,847619
10539206,41,81,9202,2010,6329.0,118548.0,2.1492080000000002,0.556424,CHE,GBR,847619
10539207,42,81,9202,2010,0.0,15429.0,-0.34914,-0.459395,CHL,GBR,847619
10539208,43,81,9202,2010,1537945.0,0.0,0.922493,2.0176,CHN,GBR,847619
10539209,49,81,9202,2010,0.0,3466.0,0.097222,-0.064328,COL,GBR,847619
10539210,58,81,9202,2010,0.0,3718.0,0.8776450000000001,0.568389,CYP,GBR,847619
10539211,61,81,9202,2010,1071691.0,307372.0,2.035672,-3.383322,DEU,GBR,847619
10539212,64,81,9202,2010,6779.0,9021.0,1.082468,1.280759,DNK,GBR,847619
10539213,65,81,9202,2010,0.0,7839.0,-0.245241,0.368626,DOM,GBR,847619
10539214,71,81,9202,2010,939057.0,180503.0,0.832619,2.448009,ESP,GBR,847619
10539215,73,81,9202,2010,0.0,2430.0,-1.122906,-0.840777,ETH,GBR,847619
10539216,74,81,9202,2010,0.0,6845.0,1.745464,0.897992,FIN,GBR,847619
10539217,77,81,9202,2010,113740.0,1376696.0,1.530027,-0.052557000000000006,FRA,GBR,847619
10539218,83,81,9202,2010,4384.0,10160.0,-0.835003,-0.633731,GHA,GBR,847619
10539219,84,81,9202,2010,0.0,14671.0,0.570018,-0.585911,GIB,GBR,847619
10539220,90,81,9202,2010,0.0,62337.0,0.200249,1.4640090000000001,GRC,GBR,847619
10539221,92,81,9202,2010,0.0,22679.0,-0.45149700000000004,-0.9039299999999999,GRL,GBR,847619
10539222,97,81,9202,2010,289246.0,61810.0,0.715745,1.9780259999999998,HKG,GBR,847619
10539223,102,81,9202,2010,0.0,1781.0,1.514225,0.740341,HUN,GBR,847619
10539224,103,81,9202,2010,0.0,3868.0,-0.30878099999999997,1.07069,IDN,GBR,847619
10539225,104,81,9202,2010,147172.0,49811.0,0.14485599999999998,2.408913,IND,GBR,847619
10539226,106,81,9202,2010,0.0,234008.0,1.371357,0.168795,IRL,GBR,847619
10539227,109,81,9202,2010,0.0,1091.0,0.20822100000000002,-0.318294,ISL,GBR,847619
10539228,110,81,9202,2010,272756.0,29860.0,1.215834,0.7028340000000001,ISR,GBR,847619
10539229,111,81,9202,2010,584044.0,1459466.0,1.272385,0.545721,ITA,GBR,847619
10539230,114,81,9202,2010,0.0,437214.0,2.459723,-0.279387,JPN,GBR,847619
10539231,115,81,9202,2010,0.0,1117.0,-0.6278020000000001,-0.8419760000000001,KAZ,GBR,847619
10539232,116,81,9202,2010,0.0,945.0,-0.387187,1.010443,KEN,GBR,847619
10539233,121,81,9202,2010,492327.0,214850.0,1.7118849999999999,0.762362,KOR,GBR,847619
10539234,124,81,9202,2010,0.0,4202.0,0.415854,1.424085,LBN,GBR,847619
10539235,132,81,9202,2010,0.0,1664.0,0.6158170000000001,1.1401059999999998,LVA,GBR,847619
10539236,138,81,9202,2010,0.0,3849.0,1.132664,0.675756,MEX,GBR,847619
10539237,153,81,9202,2010,0.0,2316.0,0.9530780000000001,0.607456,MYS,GBR,847619
10539238,159,81,9202,2010,0.0,49307.0,-1.887084,-1.2280229999999999,NGA,GBR,847619
10539239,162,81,9202,2010,545339.0,265339.0,1.237998,1.1891209999999999,NLD,GBR,847619
10539240,163,81,9202,2010,10265.0,148659.0,0.865676,0.138757,NOR,GBR,847619
10539241,166,81,9202,2010,0.0,253267.0,0.36828299999999997,0.574574,NZL,GBR,847619
10539242,167,81,9202,2010,0.0,38722.0,-0.487612,-0.9551379999999999,OMN,GBR,847619
10539243,169,81,9202,2010,0.0,25080.0,0.617867,0.903432,PAN,GBR,847619
10539244,174,81,9202,2010,0.0,2264.0,0.40418899999999996,0.102497,PHL,GBR,847619
10539245,177,81,9202,2010,0.0,61122.0,1.083552,1.1433719999999998,POL,GBR,847619
10539246,179,81,9202,2010,0.0,2005.0,0.551149,2.437209,PRT,GBR,847619
10539247,183,81,9202,2010,0.0,4923.0,-0.346143,-1.078192,QAT,GBR,847619
10539248,186,81,9202,2010,0.0,27353.0,0.583996,-0.223881,RUS,GBR,847619
10539249,192,81,9202,2010,0.0,82269.0,1.8441349999999999,0.570311,SGP,GBR,847619
10539250,206,81,9202,2010,28440.0,3840.0,1.278601,0.726907,SVK,GBR,847619
10539251,207,81,9202,2010,0.0,6691.0,1.595473,0.7023020000000001,SVN,GBR,847619
10539252,208,81,9202,2010,2085812.0,230756.0,1.882239,0.397927,SWE,GBR,847619
10539253,216,81,9202,2010,0.0,4047.0,0.748328,1.425224,THA,GBR,847619
10539254,223,81,9202,2010,0.0,6549.0,0.165019,0.8882059999999999,TUN,GBR,847619
10539255,224,81,9202,2010,5486.0,28571.0,0.359977,2.471173,TUR,GBR,847619
10539256,231,81,9202,2010,2839407.0,636056.0,1.67573,-0.598165,USA,GBR,847619
10539257,243,81,9202,2010,0.0,22366.0,-1.360851,-1.208826,YEM,GBR,847619
10539258,246,81,9202,2010,0.0,73533.0,0.327326,1.513598,ZAF,GBR,847619
10539259,249,81,9202,2010,186219.0,1189.0,1.766729,0.909335,TWN,GBR,847619
10539260,4,90,9202,2010,0.0,4904.0,-0.5316,-0.219561,ALB,GRC,847619
10539261,7,90,9202,2010,0.0,2199.0,0.29457,-0.196371,ARE,GRC,847619
10539262,15,90,9202,2010,7594.0,0.0,1.724315,-0.29379099999999997,AUT,GRC,847619
10539263,23,90,9202,2010,1504.0,0.0,0.44973,1.445441,BGR,GRC,847619
10539264,41,90,9202,2010,40567.0,0.0,2.1492080000000002,0.556424,CHE,GRC,847619
10539265,43,90,9202,2010,9590.0,1102.0,0.922493,2.0176,CHN,GRC,847619
10539266,58,90,9202,2010,353959.0,18327.0,0.8776450000000001,0.568389,CYP,GRC,847619
10539267,61,90,9202,2010,10392.0,0.0,2.035672,-3.383322,DEU,GRC,847619
10539268,71,90,9202,2010,53365.0,0.0,0.832619,2.448009,ESP,GRC,847619
10539269,77,90,9202,2010,4695.0,0.0,1.530027,-0.052557000000000006,FRA,GRC,847619
10539270,81,90,9202,2010,62337.0,0.0,1.828224,0.386383,GBR,GRC,847619
10539271,111,90,9202,2010,269643.0,0.0,1.272385,0.545721,ITA,GRC,847619
10539272,140,90,9202,2010,0.0,2106.0,-0.122842,0.407017,MKD,GRC,847619
10539273,179,90,9202,2010,9875.0,0.0,0.551149,2.437209,PRT,GRC,847619
10539274,231,90,9202,2010,15727.0,0.0,1.67573,-0.598165,USA,GRC,847619
10539275,249,90,9202,2010,7924.0,0.0,1.766729,0.909335,TWN,GRC,847619
10539276,39,93,9202,2010,39292.0,0.0,0.752421,1.2208510000000001,CAN,GTM,847619
10539277,43,93,9202,2010,42613.0,0.0,0.922493,2.0176,CHN,GTM,847619
10539278,61,93,9202,2010,993.0,0.0,2.035672,-3.383322,DEU,GTM,847619
10539279,99,93,9202,2010,0.0,12011.0,-0.569501,-0.153122,HND,GTM,847619
10539280,111,93,9202,2010,31639.0,0.0,1.272385,0.545721,ITA,GTM,847619
10539281,169,93,9202,2010,3108.0,0.0,0.617867,0.903432,PAN,GTM,847619
10539282,197,93,9202,2010,2711.0,8070.0,-0.101434,0.132639,SLV,GTM,847619
10539283,208,93,9202,2010,83405.0,0.0,1.882239,0.397927,SWE,GTM,847619
10539284,231,93,9202,2010,42187.0,0.0,1.67573,-0.598165,USA,GTM,847619
10539285,231,96,9202,2010,7917.0,0.0,1.67573,-0.598165,USA,GUY,847619
10539286,14,97,9202,2010,0.0,4366.0,-0.276442,0.062023,AUS,HKG,847619
10539287,32,97,9202,2010,0.0,14574.0,0.40715500000000004,0.6208100000000001,BRA,HKG,847619
10539288,41,97,9202,2010,0.0,3171.0,2.1492080000000002,0.556424,CHE,HKG,847619
10539289,43,97,9202,2010,325696.0,92212.0,0.922493,2.0176,CHN,HKG,847619
10539290,61,97,9202,2010,35714.0,5761.0,2.035672,-3.383322,DEU,HKG,847619
10539291,67,97,9202,2010,0.0,19444.0,-0.584013,-0.743675,ECU,HKG,847619
10539292,71,97,9202,2010,4104.0,0.0,0.832619,2.448009,ESP,HKG,847619
10539293,81,97,9202,2010,61810.0,289246.0,1.828224,0.386383,GBR,HKG,847619
10539294,83,97,9202,2010,0.0,7640.0,-0.835003,-0.633731,GHA,HKG,847619
10539295,102,97,9202,2010,0.0,5524.0,1.514225,0.740341,HUN,HKG,847619
10539296,103,97,9202,2010,0.0,129293.0,-0.30878099999999997,1.07069,IDN,HKG,847619
10539297,104,97,9202,2010,3193.0,1432.0,0.14485599999999998,2.408913,IND,HKG,847619
10539298,111,97,9202,2010,82389.0,0.0,1.272385,0.545721,ITA,HKG,847619
10539299,114,97,9202,2010,210112.0,0.0,2.459723,-0.279387,JPN,HKG,847619
10539300,116,97,9202,2010,0.0,4673.0,-0.387187,1.010443,KEN,HKG,847619
10539301,121,97,9202,2010,2011.0,0.0,1.7118849999999999,0.762362,KOR,HKG,847619
10539302,133,97,9202,2010,0.0,6967.0,0.545755,0.492997,MAC,HKG,847619
10539303,152,97,9202,2010,0.0,24919.0,-0.821839,-0.9153870000000001,MWI,HKG,847619
10539304,153,97,9202,2010,0.0,41764.0,0.9530780000000001,0.607456,MYS,HKG,847619
10539305,174,97,9202,2010,0.0,5066.0,0.40418899999999996,0.102497,PHL,HKG,847619
10539306,192,97,9202,2010,0.0,10560.0,1.8441349999999999,0.570311,SGP,HKG,847619
10539307,231,97,9202,2010,534623.0,125443.0,1.67573,-0.598165,USA,HKG,847619
10539308,246,97,9202,2010,0.0,2640.0,0.327326,1.513598,ZAF,HKG,847619
10539309,249,97,9202,2010,692460.0,0.0,1.766729,0.909335,TWN,HKG,847619
10539310,43,99,9202,2010,3087.0,0.0,0.922493,2.0176,CHN,HND,847619
10539311,93,99,9202,2010,12011.0,0.0,-0.39034,0.743521,GTM,HND,847619
10539312,111,99,9202,2010,20055.0,0.0,1.272385,0.545721,ITA,HND,847619
10539313,138,99,9202,2010,24394.0,0.0,1.132664,0.675756,MEX,HND,847619
10539314,231,99,9202,2010,32625.0,0.0,1.67573,-0.598165,USA,HND,847619
10539315,249,99,9202,2010,4946.0,0.0,1.766729,0.909335,TWN,HND,847619
10539316,15,103,9202,2010,0.0,539.0,1.724315,-0.29379099999999997,AUT,IDN,847619
10539317,32,103,9202,2010,448797.0,0.0,0.40715500000000004,0.6208100000000001,BRA,IDN,847619
10539318,39,103,9202,2010,0.0,9730.0,0.752421,1.2208510000000001,CAN,IDN,847619
10539319,41,103,9202,2010,4696.0,0.0,2.1492080000000002,0.556424,CHE,IDN,847619
10539320,43,103,9202,2010,63917.0,0.0,0.922493,2.0176,CHN,IDN,847619
10539321,77,103,9202,2010,2296.0,0.0,1.530027,-0.052557000000000006,FRA,IDN,847619
10539322,81,103,9202,2010,3868.0,0.0,1.828224,0.386383,GBR,IDN,847619
10539323,97,103,9202,2010,129293.0,0.0,0.715745,1.9780259999999998,HKG,IDN,847619
10539324,109,103,9202,2010,0.0,2238.0,0.20822100000000002,-0.318294,ISL,IDN,847619
10539325,111,103,9202,2010,169973.0,0.0,1.272385,0.545721,ITA,IDN,847619
10539326,114,103,9202,2010,126866.0,14444348.0,2.459723,-0.279387,JPN,IDN,847619
10539327,121,103,9202,2010,82676.0,0.0,1.7118849999999999,0.762362,KOR,IDN,847619
10539328,138,103,9202,2010,0.0,1828.0,1.132664,0.675756,MEX,IDN,847619
10539329,174,103,9202,2010,46532.0,0.0,0.40418899999999996,0.102497,PHL,IDN,847619
10539330,192,103,9202,2010,270396.0,350664.0,1.8441349999999999,0.570311,SGP,IDN,847619
10539331,216,103,9202,2010,119519.0,0.0,0.748328,1.425224,THA,IDN,847619
10539332,231,103,9202,2010,36904.0,0.0,1.67573,-0.598165,USA,IDN,847619
10539333,239,103,9202,2010,41633.0,0.0,-0.24660500000000002,1.427235,VNM,IDN,847619
10539334,246,103,9202,2010,0.0,1361.0,0.327326,1.513598,ZAF,IDN,847619
10539335,249,103,9202,2010,41032.0,3947.0,1.766729,0.909335,TWN,IDN,847619
10539336,7,104,9202,2010,0.0,31253.0,0.29457,-0.196371,ARE,IND,847619
10539337,14,104,9202,2010,21234.0,5561.0,-0.276442,0.062023,AUS,IND,847619
10539338,18,104,9202,2010,27599.0,0.0,1.2224270000000002,1.1276,BEL,IND,847619
10539339,22,104,9202,2010,0.0,9979.0,-0.974526,-0.76566,BGD,IND,847619
10539340,24,104,9202,2010,0.0,18407.0,0.284356,-0.8362,BHR,IND,847619
10539341,39,104,9202,2010,1738.0,0.0,0.752421,1.2208510000000001,CAN,IND,847619
10539342,43,104,9202,2010,49019.0,0.0,0.922493,2.0176,CHN,IND,847619
10539343,61,104,9202,2010,41226.0,5457.0,2.035672,-3.383322,DEU,IND,847619
10539344,62,104,9202,2010,0.0,18823.0,-0.37501799999999996,-0.727603,DJI,IND,847619
10539345,68,104,9202,2010,0.0,11983.0,-0.181826,1.409465,EGY,IND,847619
10539346,71,104,9202,2010,69069.0,1956.0,0.832619,2.448009,ESP,IND,847619
10539347,77,104,9202,2010,272120.0,0.0,1.530027,-0.052557000000000006,FRA,IND,847619
10539348,81,104,9202,2010,49811.0,147172.0,1.828224,0.386383,GBR,IND,847619
10539349,97,104,9202,2010,1432.0,3193.0,0.715745,1.9780259999999998,HKG,IND,847619
10539350,110,104,9202,2010,38935.0,0.0,1.215834,0.7028340000000001,ISR,IND,847619
10539351,111,104,9202,2010,64962.0,0.0,1.272385,0.545721,ITA,IND,847619
10539352,114,104,9202,2010,0.0,41621.0,2.459723,-0.279387,JPN,IND,847619
10539353,116,104,9202,2010,0.0,3231.0,-0.387187,1.010443,KEN,IND,847619
10539354,121,104,9202,2010,8159.0,2181.0,1.7118849999999999,0.762362,KOR,IND,847619
10539355,128,104,9202,2010,3055.0,54544.0,-0.70886,0.25216700000000003,LKA,IND,847619
10539356,151,104,9202,2010,0.0,5866.0,-0.173542,0.103727,MUS,IND,847619
10539357,162,104,9202,2010,2508.0,465428.0,1.237998,1.1891209999999999,NLD,IND,847619
10539358,164,104,9202,2010,0.0,88269.0,-0.23753400000000002,0.7957390000000001,NPL,IND,847619
10539359,183,104,9202,2010,0.0,15293.0,-0.346143,-1.078192,QAT,IND,847619
10539360,185,104,9202,2010,0.0,2413.0,0.6483760000000001,1.200256,ROU,IND,847619
10539361,188,104,9202,2010,0.0,8884.0,0.46696400000000005,-0.7487520000000001,SAU,IND,847619
10539362,192,104,9202,2010,64779.0,2685.0,1.8441349999999999,0.570311,SGP,IND,847619
10539363,216,104,9202,2010,20498.0,27594.0,0.748328,1.425224,THA,IND,847619
10539364,226,104,9202,2010,0.0,48323.0,-0.7327,0.427616,TZA,IND,847619
10539365,227,104,9202,2010,0.0,3834.0,-0.48061400000000004,0.187001,UGA,IND,847619
10539366,231,104,9202,2010,237419.0,1873196.0,1.67573,-0.598165,USA,IND,847619
10539367,243,104,9202,2010,0.0,4367.0,-1.360851,-1.208826,YEM,IND,847619
10539368,246,104,9202,2010,618.0,6056.0,0.327326,1.513598,ZAF,IND,847619
10539369,249,104,9202,2010,34967.0,0.0,1.766729,0.909335,TWN,IND,847619
10539370,250,104,9202,2010,0.0,6114.0,0.45129600000000003,-0.223517,ANS,IND,847619
10539371,7,107,9202,2010,41466.0,0.0,0.29457,-0.196371,ARE,IRN,847619
10539372,43,107,9202,2010,52860.0,0.0,0.922493,2.0176,CHN,IRN,847619
10539373,71,107,9202,2010,12536.0,0.0,0.832619,2.448009,ESP,IRN,847619
10539374,111,107,9202,2010,129481.0,0.0,1.272385,0.545721,ITA,IRN,847619
10539375,162,107,9202,2010,10649.0,0.0,1.237998,1.1891209999999999,NLD,IRN,847619
10539376,249,107,9202,2010,61372.0,0.0,1.766729,0.909335,TWN,IRN,847619
10539377,8,110,9202,2010,0.0,38474.0,0.27458899999999997,0.597907,ARG,ISR,847619
10539378,14,110,9202,2010,0.0,77442.0,-0.276442,0.062023,AUS,ISR,847619
10539379,15,110,9202,2010,3288.0,10327.0,1.724315,-0.29379099999999997,AUT,ISR,847619
10539380,18,110,9202,2010,5098.0,145106.0,1.2224270000000002,1.1276,BEL,ISR,847619
10539381,23,110,9202,2010,0.0,28950.0,0.44973,1.445441,BGR,ISR,847619
10539382,32,110,9202,2010,0.0,46951.0,0.40715500000000004,0.6208100000000001,BRA,ISR,847619
10539383,39,110,9202,2010,8355.0,141904.0,0.752421,1.2208510000000001,CAN,ISR,847619
10539384,41,110,9202,2010,0.0,16341.0,2.1492080000000002,0.556424,CHE,ISR,847619
10539385,43,110,9202,2010,77322.0,19881.0,0.922493,2.0176,CHN,ISR,847619
10539386,59,110,9202,2010,0.0,107705.0,1.732044,0.333934,CZE,ISR,847619
10539387,61,110,9202,2010,111169.0,248662.0,2.035672,-3.383322,DEU,ISR,847619
10539388,64,110,9202,2010,0.0,1622.0,1.082468,1.280759,DNK,ISR,847619
10539389,71,110,9202,2010,614749.0,287786.0,0.832619,2.448009,ESP,ISR,847619
10539390,74,110,9202,2010,0.0,37562.0,1.745464,0.897992,FIN,ISR,847619
10539391,77,110,9202,2010,92616.0,64832.0,1.530027,-0.052557000000000006,FRA,ISR,847619
10539392,81,110,9202,2010,29860.0,272756.0,1.828224,0.386383,GBR,ISR,847619
10539393,104,110,9202,2010,0.0,38935.0,0.14485599999999998,2.408913,IND,ISR,847619
10539394,106,110,9202,2010,23752.0,10298.0,1.371357,0.168795,IRL,ISR,847619
10539395,111,110,9202,2010,181936.0,21894.0,1.272385,0.545721,ITA,ISR,847619
10539396,114,110,9202,2010,0.0,35505.0,2.459723,-0.279387,JPN,ISR,847619
10539397,121,110,9202,2010,78317.0,0.0,1.7118849999999999,0.762362,KOR,ISR,847619
10539398,128,110,9202,2010,0.0,17521.0,-0.70886,0.25216700000000003,LKA,ISR,847619
10539399,132,110,9202,2010,0.0,3991.0,0.6158170000000001,1.1401059999999998,LVA,ISR,847619
10539400,162,110,9202,2010,9572.0,25162.0,1.237998,1.1891209999999999,NLD,ISR,847619
10539401,163,110,9202,2010,0.0,21577.0,0.865676,0.138757,NOR,ISR,847619
10539402,166,110,9202,2010,0.0,16770.0,0.36828299999999997,0.574574,NZL,ISR,847619
10539403,177,110,9202,2010,2855.0,111654.0,1.083552,1.1433719999999998,POL,ISR,847619
10539404,185,110,9202,2010,913.0,8830.0,0.6483760000000001,1.200256,ROU,ISR,847619
10539405,186,110,9202,2010,0.0,82363.0,0.583996,-0.223881,RUS,ISR,847619
10539406,206,110,9202,2010,0.0,29589.0,1.278601,0.726907,SVK,ISR,847619
10539407,207,110,9202,2010,0.0,15827.0,1.595473,0.7023020000000001,SVN,ISR,847619
10539408,208,110,9202,2010,26933.0,153188.0,1.882239,0.397927,SWE,ISR,847619
10539409,224,110,9202,2010,0.0,90083.0,0.359977,2.471173,TUR,ISR,847619
10539410,228,110,9202,2010,0.0,11061.0,0.714148,0.916267,UKR,ISR,847619
10539411,231,110,9202,2010,544575.0,435870.0,1.67573,-0.598165,USA,ISR,847619
10539412,246,110,9202,2010,0.0,57598.0,0.327326,1.513598,ZAF,ISR,847619
10539413,4,111,9202,2010,0.0,72994.0,-0.5316,-0.219561,ALB,ITA,847619
10539414,7,111,9202,2010,0.0,1288087.0,0.29457,-0.196371,ARE,ITA,847619
10539415,8,111,9202,2010,0.0,27968.0,0.27458899999999997,0.597907,ARG,ITA,847619
10539416,9,111,9202,2010,0.0,29873.0,0.11632,-0.417048,ARM,ITA,847619
10539417,14,111,9202,2010,65472.0,1217754.0,-0.276442,0.062023,AUS,ITA,847619
10539418,15,111,9202,2010,25526.0,4207347.0,1.724315,-0.29379099999999997,AUT,ITA,847619
10539419,18,111,9202,2010,74038.0,792934.0,1.2224270000000002,1.1276,BEL,ITA,847619
10539420,23,111,9202,2010,0.0,572036.0,0.44973,1.445441,BGR,ITA,847619
10539421,24,111,9202,2010,0.0,45668.0,0.284356,-0.8362,BHR,ITA,847619
10539422,26,111,9202,2010,0.0,113939.0,0.462275,0.830405,BIH,ITA,847619
10539423,28,111,9202,2010,0.0,150240.0,0.969851,0.593386,BLR,ITA,847619
10539424,31,111,9202,2010,0.0,2632.0,-0.83736,-0.812473,BOL,ITA,847619
10539425,32,111,9202,2010,0.0,2092189.0,0.40715500000000004,0.6208100000000001,BRA,ITA,847619
10539426,39,111,9202,2010,37419.0,976585.0,0.752421,1.2208510000000001,CAN,ITA,847619
10539427,41,111,9202,2010,220628.0,9737060.0,2.1492080000000002,0.556424,CHE,ITA,847619
10539428,42,111,9202,2010,0.0,416654.0,-0.34914,-0.459395,CHL,ITA,847619
10539429,43,111,9202,2010,131625.0,344838.0,0.922493,2.0176,CHN,ITA,847619
10539430,44,111,9202,2010,0.0,6699.0,-1.256641,-0.946767,CIV,ITA,847619
10539431,45,111,9202,2010,0.0,101146.0,-1.114209,-1.0127899999999999,CMR,ITA,847619
10539432,49,111,9202,2010,0.0,156762.0,0.097222,-0.064328,COL,ITA,847619
10539433,52,111,9202,2010,0.0,44685.0,-0.122722,-0.7062069999999999,CRI,ITA,847619
10539434,54,111,9202,2010,0.0,19191.0,-0.085462,-0.885019,CUB,ITA,847619
10539435,58,111,9202,2010,0.0,132249.0,0.8776450000000001,0.568389,CYP,ITA,847619
10539436,59,111,9202,2010,0.0,2836631.0,1.732044,0.333934,CZE,ITA,847619
10539437,61,111,9202,2010,4840106.0,15918464.0,2.035672,-3.383322,DEU,ITA,847619
10539438,64,111,9202,2010,0.0,163924.0,1.082468,1.280759,DNK,ITA,847619
10539439,65,111,9202,2010,0.0,2799.0,-0.245241,0.368626,DOM,ITA,847619
10539440,66,111,9202,2010,0.0,19396.0,-1.00922,-1.1511040000000001,DZA,ITA,847619
10539441,67,111,9202,2010,0.0,218260.0,-0.584013,-0.743675,ECU,ITA,847619
10539442,68,111,9202,2010,0.0,350921.0,-0.181826,1.409465,EGY,ITA,847619
10539443,71,111,9202,2010,3020238.0,3273607.0,0.832619,2.448009,ESP,ITA,847619
10539444,72,111,9202,2010,0.0,23738.0,0.832316,1.1844649999999999,EST,ITA,847619
10539445,74,111,9202,2010,0.0,85490.0,1.745464,0.897992,FIN,ITA,847619
10539446,77,111,9202,2010,184778.0,15589040.0,1.530027,-0.052557000000000006,FRA,ITA,847619
10539447,81,111,9202,2010,1459466.0,584044.0,1.828224,0.386383,GBR,ITA,847619
10539448,83,111,9202,2010,0.0,160511.0,-0.835003,-0.633731,GHA,ITA,847619
10539449,85,111,9202,2010,0.0,4109.0,-1.6761720000000002,-1.181665,GIN,ITA,847619
10539450,90,111,9202,2010,0.0,269643.0,0.200249,1.4640090000000001,GRC,ITA,847619
10539451,93,111,9202,2010,0.0,31639.0,-0.39034,0.743521,GTM,ITA,847619
10539452,97,111,9202,2010,0.0,82389.0,0.715745,1.9780259999999998,HKG,ITA,847619
10539453,99,111,9202,2010,0.0,20055.0,-0.569501,-0.153122,HND,ITA,847619
10539454,100,111,9202,2010,209482.0,392141.0,0.8276979999999999,0.97415,HRV,ITA,847619
10539455,102,111,9202,2010,2217.0,916439.0,1.514225,0.740341,HUN,ITA,847619
10539456,103,111,9202,2010,0.0,169973.0,-0.30878099999999997,1.07069,IDN,ITA,847619
10539457,104,111,9202,2010,0.0,64962.0,0.14485599999999998,2.408913,IND,ITA,847619
10539458,106,111,9202,2010,0.0,20343.0,1.371357,0.168795,IRL,ITA,847619
10539459,107,111,9202,2010,0.0,129481.0,-0.609874,-0.744733,IRN,ITA,847619
10539460,110,111,9202,2010,21894.0,181936.0,1.215834,0.7028340000000001,ISR,ITA,847619
10539461,113,111,9202,2010,0.0,19950.0,0.251702,0.522758,JOR,ITA,847619
10539462,114,111,9202,2010,0.0,413613.0,2.459723,-0.279387,JPN,ITA,847619
10539463,115,111,9202,2010,0.0,10189.0,-0.6278020000000001,-0.8419760000000001,KAZ,ITA,847619
10539464,116,111,9202,2010,0.0,31655.0,-0.387187,1.010443,KEN,ITA,847619
10539465,121,111,9202,2010,72023.0,83545.0,1.7118849999999999,0.762362,KOR,ITA,847619
10539466,122,111,9202,2010,0.0,38774.0,0.067373,-1.0822120000000002,KWT,ITA,847619
10539467,124,111,9202,2010,0.0,70980.0,0.415854,1.424085,LBN,ITA,847619
10539468,126,111,9202,2010,0.0,5098.0,-0.706491,-1.140822,LBY,ITA,847619
10539469,130,111,9202,2010,0.0,126724.0,0.6390600000000001,1.144911,LTU,ITA,847619
10539470,131,111,9202,2010,0.0,14864.0,1.272127,1.1051520000000001,LUX,ITA,847619
10539471,132,111,9202,2010,0.0,3035.0,0.6158170000000001,1.1401059999999998,LVA,ITA,847619
10539472,134,111,9202,2010,0.0,171542.0,-0.5935229999999999,-0.056497000000000006,MAR,ITA,847619
10539473,135,111,9202,2010,0.0,54017.0,-0.116797,0.037801,MDA,ITA,847619
10539474,138,111,9202,2010,8078.0,314085.0,1.132664,0.675756,MEX,ITA,847619
10539475,140,111,9202,2010,0.0,96710.0,-0.122842,0.407017,MKD,ITA,847619
10539476,142,111,9202,2010,0.0,50063.0,1.211797,-0.024923,MLT,ITA,847619
10539477,144,111,9202,2010,0.0,13849.0,0.266397,-0.02502,MNE,ITA,847619
10539478,145,111,9202,2010,0.0,3590.0,-1.110861,-1.105545,MNG,ITA,847619
10539479,151,111,9202,2010,0.0,139183.0,-0.173542,0.103727,MUS,ITA,847619
10539480,153,111,9202,2010,8430.0,99349.0,0.9530780000000001,0.607456,MYS,ITA,847619
10539481,159,111,9202,2010,0.0,87944.0,-1.887084,-1.2280229999999999,NGA,ITA,847619
10539482,162,111,9202,2010,6536.0,2549610.0,1.237998,1.1891209999999999,NLD,ITA,847619
10539483,163,111,9202,2010,3570.0,163384.0,0.865676,0.138757,NOR,ITA,847619
10539484,166,111,9202,2010,0.0,28746.0,0.36828299999999997,0.574574,NZL,ITA,847619
10539485,168,111,9202,2010,0.0,40161.0,-0.692071,0.5409010000000001,PAK,ITA,847619
10539486,169,111,9202,2010,0.0,92900.0,0.617867,0.903432,PAN,ITA,847619
10539487,173,111,9202,2010,0.0,98610.0,-0.650327,0.162321,PER,ITA,847619
10539488,174,111,9202,2010,0.0,4834.0,0.40418899999999996,0.102497,PHL,ITA,847619
10539489,177,111,9202,2010,8544.0,1878861.0,1.083552,1.1433719999999998,POL,ITA,847619
10539490,179,111,9202,2010,21027.0,231706.0,0.551149,2.437209,PRT,ITA,847619
10539491,183,111,9202,2010,0.0,33515.0,-0.346143,-1.078192,QAT,ITA,847619
10539492,185,111,9202,2010,9646.0,3727284.0,0.6483760000000001,1.200256,ROU,ITA,847619
10539493,186,111,9202,2010,1671.0,1972469.0,0.583996,-0.223881,RUS,ITA,847619
10539494,188,111,9202,2010,0.0,267927.0,0.46696400000000005,-0.7487520000000001,SAU,ITA,847619
10539495,191,111,9202,2010,0.0,4776.0,-0.45445,-0.148149,SEN,ITA,847619
10539496,192,111,9202,2010,0.0,921136.0,1.8441349999999999,0.570311,SGP,ITA,847619
10539497,197,111,9202,2010,0.0,17680.0,-0.101434,0.132639,SLV,ITA,847619
10539498,201,111,9202,2010,0.0,56609.0,0.561161,1.33974,SRB,ITA,847619
10539499,206,111,9202,2010,0.0,995859.0,1.278601,0.726907,SVK,ITA,847619
10539500,207,111,9202,2010,0.0,1040454.0,1.595473,0.7023020000000001,SVN,ITA,847619
10539501,208,111,9202,2010,178423.0,289426.0,1.882239,0.397927,SWE,ITA,847619
10539502,212,111,9202,2010,0.0,16424.0,-0.46833800000000003,1.11952,SYR,ITA,847619
10539503,216,111,9202,2010,85257.0,27834.0,0.748328,1.425224,THA,ITA,847619
10539504,219,111,9202,2010,0.0,6749.0,-1.161458,-1.191589,TKM,ITA,847619
10539505,222,111,9202,2010,0.0,28678.0,-0.338123,-1.070239,TTO,ITA,847619
10539506,223,111,9202,2010,0.0,48773.0,0.165019,0.8882059999999999,TUN,ITA,847619
10539507,224,111,9202,2010,36866.0,2680364.0,0.359977,2.471173,TUR,ITA,847619
10539508,226,111,9202,2010,0.0,67529.0,-0.7327,0.427616,TZA,ITA,847619
10539509,228,111,9202,2010,0.0,991129.0,0.714148,0.916267,UKR,ITA,847619
10539510,231,111,9202,2010,2106305.0,1388725.0,1.67573,-0.598165,USA,ITA,847619
10539511,236,111,9202,2010,0.0,7299.0,-0.660844,-1.145133,VEN,ITA,847619
10539512,246,111,9202,2010,0.0,998486.0,0.327326,1.513598,ZAF,ITA,847619
10539513,248,111,9202,2010,0.0,13756.0,-0.869909,-0.8233309999999999,ZWE,ITA,847619
10539514,249,111,9202,2010,68300.0,14774.0,1.766729,0.909335,TWN,ITA,847619
10539515,250,111,9202,2010,0.0,14450.0,0.45129600000000003,-0.223517,ANS,ITA,847619
10539516,39,112,9202,2010,36672.0,0.0,0.752421,1.2208510000000001,CAN,JAM,847619
10539517,43,112,9202,2010,5418.0,0.0,0.922493,2.0176,CHN,JAM,847619
10539518,231,112,9202,2010,60456.0,0.0,1.67573,-0.598165,USA,JAM,847619
10539519,14,114,9202,2010,16454.0,7947.0,-0.276442,0.062023,AUS,JPN,847619
10539520,15,114,9202,2010,48487.0,0.0,1.724315,-0.29379099999999997,AUT,JPN,847619
10539521,18,114,9202,2010,0.0,67788.0,1.2224270000000002,1.1276,BEL,JPN,847619
10539522,39,114,9202,2010,83513.0,1913.0,0.752421,1.2208510000000001,CAN,JPN,847619
10539523,43,114,9202,2010,529717.0,23641.0,0.922493,2.0176,CHN,JPN,847619
10539524,49,114,9202,2010,0.0,4006.0,0.097222,-0.064328,COL,JPN,847619
10539525,59,114,9202,2010,0.0,1559.0,1.732044,0.333934,CZE,JPN,847619
10539526,61,114,9202,2010,0.0,65844.0,2.035672,-3.383322,DEU,JPN,847619
10539527,64,114,9202,2010,0.0,4334.0,1.082468,1.280759,DNK,JPN,847619
10539528,71,114,9202,2010,2186.0,10151.0,0.832619,2.448009,ESP,JPN,847619
10539529,74,114,9202,2010,0.0,11011.0,1.745464,0.897992,FIN,JPN,847619
10539530,81,114,9202,2010,437214.0,0.0,1.828224,0.386383,GBR,JPN,847619
10539531,97,114,9202,2010,0.0,210112.0,0.715745,1.9780259999999998,HKG,JPN,847619
10539532,103,114,9202,2010,14444348.0,126866.0,-0.30878099999999997,1.07069,IDN,JPN,847619
10539533,104,114,9202,2010,41621.0,0.0,0.14485599999999998,2.408913,IND,JPN,847619
10539534,110,114,9202,2010,35505.0,0.0,1.215834,0.7028340000000001,ISR,JPN,847619
10539535,111,114,9202,2010,413613.0,0.0,1.272385,0.545721,ITA,JPN,847619
10539536,121,114,9202,2010,1025792.0,33451.0,1.7118849999999999,0.762362,KOR,JPN,847619
10539537,122,114,9202,2010,0.0,24705.0,0.067373,-1.0822120000000002,KWT,JPN,847619
10539538,138,114,9202,2010,2192.0,5919.0,1.132664,0.675756,MEX,JPN,847619
10539539,153,114,9202,2010,28793.0,189523.0,0.9530780000000001,0.607456,MYS,JPN,847619
10539540,163,114,9202,2010,0.0,9326.0,0.865676,0.138757,NOR,JPN,847619
10539541,174,114,9202,2010,0.0,114260.0,0.40418899999999996,0.102497,PHL,JPN,847619
10539542,192,114,9202,2010,0.0,50429.0,1.8441349999999999,0.570311,SGP,JPN,847619
10539543,216,114,9202,2010,1914120.0,70331.0,0.748328,1.425224,THA,JPN,847619
10539544,231,114,9202,2010,1631447.0,53692.0,1.67573,-0.598165,USA,JPN,847619
10539545,246,114,9202,2010,0.0,30300.0,0.327326,1.513598,ZAF,JPN,847619
10539546,249,114,9202,2010,380930.0,42859.0,1.766729,0.909335,TWN,JPN,847619
10539547,39,115,9202,2010,1801.0,0.0,0.752421,1.2208510000000001,CAN,KAZ,847619
10539548,43,115,9202,2010,13386.0,0.0,0.922493,2.0176,CHN,KAZ,847619
10539549,81,115,9202,2010,1117.0,0.0,1.828224,0.386383,GBR,KAZ,847619
10539550,111,115,9202,2010,10189.0,0.0,1.272385,0.545721,ITA,KAZ,847619
10539551,186,115,9202,2010,32918.0,0.0,0.583996,-0.223881,RUS,KAZ,847619
10539552,231,115,9202,2010,3649.0,0.0,1.67573,-0.598165,USA,KAZ,847619
10539553,7,121,9202,2010,0.0,13080.0,0.29457,-0.196371,ARE,KOR,847619
10539554,14,121,9202,2010,0.0,644751.0,-0.276442,0.062023,AUS,KOR,847619
10539555,22,121,9202,2010,0.0,3303.0,-0.974526,-0.76566,BGD,KOR,847619
10539556,24,121,9202,2010,0.0,9250.0,0.284356,-0.8362,BHR,KOR,847619
10539557,31,121,9202,2010,0.0,2733.0,-0.83736,-0.812473,BOL,KOR,847619
10539558,32,121,9202,2010,0.0,27430.0,0.40715500000000004,0.6208100000000001,BRA,KOR,847619
10539559,39,121,9202,2010,1088.0,77194.0,0.752421,1.2208510000000001,CAN,KOR,847619
10539560,41,121,9202,2010,0.0,4989.0,2.1492080000000002,0.556424,CHE,KOR,847619
10539561,43,121,9202,2010,5572.0,23114.0,0.922493,2.0176,CHN,KOR,847619
10539562,61,121,9202,2010,28115.0,2811.0,2.035672,-3.383322,DEU,KOR,847619
10539563,68,121,9202,2010,0.0,18668.0,-0.181826,1.409465,EGY,KOR,847619
10539564,71,121,9202,2010,104138.0,66916.0,0.832619,2.448009,ESP,KOR,847619
10539565,77,121,9202,2010,0.0,64314.0,1.530027,-0.052557000000000006,FRA,KOR,847619
10539566,81,121,9202,2010,214850.0,492327.0,1.828224,0.386383,GBR,KOR,847619
10539567,97,121,9202,2010,0.0,2011.0,0.715745,1.9780259999999998,HKG,KOR,847619
10539568,103,121,9202,2010,0.0,82676.0,-0.30878099999999997,1.07069,IDN,KOR,847619
10539569,104,121,9202,2010,2181.0,8159.0,0.14485599999999998,2.408913,IND,KOR,847619
10539570,110,121,9202,2010,0.0,78317.0,1.215834,0.7028340000000001,ISR,KOR,847619
10539571,111,121,9202,2010,83545.0,72023.0,1.272385,0.545721,ITA,KOR,847619
10539572,114,121,9202,2010,33451.0,1025792.0,2.459723,-0.279387,JPN,KOR,847619
10539573,117,121,9202,2010,0.0,1387.0,-0.48426400000000003,-0.169443,KGZ,KOR,847619
10539574,138,121,9202,2010,0.0,2242.0,1.132664,0.675756,MEX,KOR,847619
10539575,151,121,9202,2010,0.0,11164.0,-0.173542,0.103727,MUS,KOR,847619
10539576,153,121,9202,2010,1915.0,221445.0,0.9530780000000001,0.607456,MYS,KOR,847619
10539577,156,121,9202,2010,0.0,957.0,-0.42193500000000006,-0.8256610000000001,NCL,KOR,847619
10539578,162,121,9202,2010,0.0,226126.0,1.237998,1.1891209999999999,NLD,KOR,847619
10539579,166,121,9202,2010,0.0,7938.0,0.36828299999999997,0.574574,NZL,KOR,847619
10539580,174,121,9202,2010,0.0,21580.0,0.40418899999999996,0.102497,PHL,KOR,847619
10539581,186,121,9202,2010,0.0,12577.0,0.583996,-0.223881,RUS,KOR,847619
10539582,192,121,9202,2010,0.0,37615.0,1.8441349999999999,0.570311,SGP,KOR,847619
10539583,216,121,9202,2010,6629.0,39433.0,0.748328,1.425224,THA,KOR,847619
10539584,231,121,9202,2010,734247.0,4355952.0,1.67573,-0.598165,USA,KOR,847619
10539585,239,121,9202,2010,0.0,6861.0,-0.24660500000000002,1.427235,VNM,KOR,847619
10539586,246,121,9202,2010,0.0,13629.0,0.327326,1.513598,ZAF,KOR,847619
10539587,249,121,9202,2010,280967.0,103891.0,1.766729,0.909335,TWN,KOR,847619
10539588,104,128,9202,2010,54544.0,3055.0,0.14485599999999998,2.408913,IND,LKA,847619
10539589,110,128,9202,2010,17521.0,0.0,1.215834,0.7028340000000001,ISR,LKA,847619
10539590,137,128,9202,2010,0.0,660.0,-0.644859,-0.910633,MDV,LKA,847619
10539591,14,138,9202,2010,0.0,9196.0,-0.276442,0.062023,AUS,MEX,847619
10539592,32,138,9202,2010,542834.0,0.0,0.40715500000000004,0.6208100000000001,BRA,MEX,847619
10539593,39,138,9202,2010,90385.0,340849.0,0.752421,1.2208510000000001,CAN,MEX,847619
10539594,42,138,9202,2010,18061.0,0.0,-0.34914,-0.459395,CHL,MEX,847619
10539595,43,138,9202,2010,210338.0,0.0,0.922493,2.0176,CHN,MEX,847619
10539596,49,138,9202,2010,0.0,39828.0,0.097222,-0.064328,COL,MEX,847619
10539597,59,138,9202,2010,86871.0,5418.0,1.732044,0.333934,CZE,MEX,847619
10539598,65,138,9202,2010,0.0,2446.0,-0.245241,0.368626,DOM,MEX,847619
10539599,67,138,9202,2010,0.0,3372.0,-0.584013,-0.743675,ECU,MEX,847619
10539600,71,138,9202,2010,387916.0,0.0,0.832619,2.448009,ESP,MEX,847619
10539601,77,138,9202,2010,229592.0,0.0,1.530027,-0.052557000000000006,FRA,MEX,847619
10539602,81,138,9202,2010,3849.0,0.0,1.828224,0.386383,GBR,MEX,847619
10539603,99,138,9202,2010,0.0,24394.0,-0.569501,-0.153122,HND,MEX,847619
10539604,103,138,9202,2010,1828.0,0.0,-0.30878099999999997,1.07069,IDN,MEX,847619
10539605,111,138,9202,2010,314085.0,8078.0,1.272385,0.545721,ITA,MEX,847619
10539606,114,138,9202,2010,5919.0,2192.0,2.459723,-0.279387,JPN,MEX,847619
10539607,121,138,9202,2010,2242.0,0.0,1.7118849999999999,0.762362,KOR,MEX,847619
10539608,160,138,9202,2010,0.0,1455.0,-0.9387409999999999,-0.8119569999999999,NIC,MEX,847619
10539609,169,138,9202,2010,0.0,47622.0,0.617867,0.903432,PAN,MEX,847619
10539610,173,138,9202,2010,21480.0,948447.0,-0.650327,0.162321,PER,MEX,847619
10539611,192,138,9202,2010,0.0,133871.0,1.8441349999999999,0.570311,SGP,MEX,847619
10539612,197,138,9202,2010,0.0,7239.0,-0.101434,0.132639,SLV,MEX,847619
10539613,216,138,9202,2010,0.0,112431.0,0.748328,1.425224,THA,MEX,847619
10539614,231,138,9202,2010,1695153.0,1194837.0,1.67573,-0.598165,USA,MEX,847619
10539615,249,138,9202,2010,2708.0,0.0,1.766729,0.909335,TWN,MEX,847619
10539616,7,153,9202,2010,0.0,8307.0,0.29457,-0.196371,ARE,MYS,847619
10539617,14,153,9202,2010,0.0,150151.0,-0.276442,0.062023,AUS,MYS,847619
10539618,18,153,9202,2010,7567.0,0.0,1.2224270000000002,1.1276,BEL,MYS,847619
10539619,34,153,9202,2010,0.0,19281.0,0.717167,-0.764841,BRN,MYS,847619
10539620,39,153,9202,2010,66138.0,2786.0,0.752421,1.2208510000000001,CAN,MYS,847619
10539621,43,153,9202,2010,150211.0,0.0,0.922493,2.0176,CHN,MYS,847619
10539622,61,153,9202,2010,643296.0,21316.0,2.035672,-3.383322,DEU,MYS,847619
10539623,72,153,9202,2010,0.0,2971.0,0.832316,1.1844649999999999,EST,MYS,847619
10539624,81,153,9202,2010,2316.0,0.0,1.828224,0.386383,GBR,MYS,847619
10539625,97,153,9202,2010,41764.0,0.0,0.715745,1.9780259999999998,HKG,MYS,847619
10539626,111,153,9202,2010,99349.0,8430.0,1.272385,0.545721,ITA,MYS,847619
10539627,114,153,9202,2010,189523.0,28793.0,2.459723,-0.279387,JPN,MYS,847619
10539628,121,153,9202,2010,221445.0,1915.0,1.7118849999999999,0.762362,KOR,MYS,847619
10539629,142,153,9202,2010,0.0,6665.0,1.211797,-0.024923,MLT,MYS,847619
10539630,151,153,9202,2010,0.0,909.0,-0.173542,0.103727,MUS,MYS,847619
10539631,159,153,9202,2010,0.0,3913.0,-1.887084,-1.2280229999999999,NGA,MYS,847619
10539632,162,153,9202,2010,4892.0,13005.0,1.237998,1.1891209999999999,NLD,MYS,847619
10539633,192,153,9202,2010,225494.0,167382.0,1.8441349999999999,0.570311,SGP,MYS,847619
10539634,216,153,9202,2010,234240.0,0.0,0.748328,1.425224,THA,MYS,847619
10539635,231,153,9202,2010,10077.0,4797.0,1.67573,-0.598165,USA,MYS,847619
10539636,243,153,9202,2010,0.0,7528.0,-1.360851,-1.208826,YEM,MYS,847619
10539637,246,153,9202,2010,0.0,2302.0,0.327326,1.513598,ZAF,MYS,847619
10539638,249,153,9202,2010,531817.0,462561.0,1.766729,0.909335,TWN,MYS,847619
10539639,6,162,9202,2010,0.0,7958.0,-0.08593200000000001,-0.691395,ANT,NLD,847619
10539640,14,162,9202,2010,0.0,17031.0,-0.276442,0.062023,AUS,NLD,847619
10539641,15,162,9202,2010,561632.0,611370.0,1.724315,-0.29379099999999997,AUT,NLD,847619
10539642,18,162,9202,2010,170673.0,258424.0,1.2224270000000002,1.1276,BEL,NLD,847619
10539643,39,162,9202,2010,97104.0,6212.0,0.752421,1.2208510000000001,CAN,NLD,847619
10539644,41,162,9202,2010,66513.0,17673.0,2.1492080000000002,0.556424,CHE,NLD,847619
10539645,42,162,9202,2010,0.0,10725.0,-0.34914,-0.459395,CHL,NLD,847619
10539646,43,162,9202,2010,255779.0,1237.0,0.922493,2.0176,CHN,NLD,847619
10539647,58,162,9202,2010,0.0,18058.0,0.8776450000000001,0.568389,CYP,NLD,847619
10539648,59,162,9202,2010,0.0,5395.0,1.732044,0.333934,CZE,NLD,847619
10539649,61,162,9202,2010,523218.0,6714831.0,2.035672,-3.383322,DEU,NLD,847619
10539650,64,162,9202,2010,15055.0,39315.0,1.082468,1.280759,DNK,NLD,847619
10539651,71,162,9202,2010,7630.0,181185.0,0.832619,2.448009,ESP,NLD,847619
10539652,74,162,9202,2010,0.0,10806.0,1.745464,0.897992,FIN,NLD,847619
10539653,77,162,9202,2010,2025978.0,15199.0,1.530027,-0.052557000000000006,FRA,NLD,847619
10539654,81,162,9202,2010,265339.0,545339.0,1.828224,0.386383,GBR,NLD,847619
10539655,82,162,9202,2010,0.0,8007.0,-0.21301399999999998,-0.48355299999999996,GEO,NLD,847619
10539656,104,162,9202,2010,465428.0,2508.0,0.14485599999999998,2.408913,IND,NLD,847619
10539657,106,162,9202,2010,0.0,2435.0,1.371357,0.168795,IRL,NLD,847619
10539658,107,162,9202,2010,0.0,10649.0,-0.609874,-0.744733,IRN,NLD,847619
10539659,109,162,9202,2010,0.0,8124.0,0.20822100000000002,-0.318294,ISL,NLD,847619
10539660,110,162,9202,2010,25162.0,9572.0,1.215834,0.7028340000000001,ISR,NLD,847619
10539661,111,162,9202,2010,2549610.0,6536.0,1.272385,0.545721,ITA,NLD,847619
10539662,121,162,9202,2010,226126.0,0.0,1.7118849999999999,0.762362,KOR,NLD,847619
10539663,130,162,9202,2010,0.0,3890.0,0.6390600000000001,1.144911,LTU,NLD,847619
10539664,131,162,9202,2010,0.0,1367.0,1.272127,1.1051520000000001,LUX,NLD,847619
10539665,142,162,9202,2010,0.0,12133.0,1.211797,-0.024923,MLT,NLD,847619
10539666,153,162,9202,2010,13005.0,4892.0,0.9530780000000001,0.607456,MYS,NLD,847619
10539667,163,162,9202,2010,0.0,445592.0,0.865676,0.138757,NOR,NLD,847619
10539668,177,162,9202,2010,0.0,30944.0,1.083552,1.1433719999999998,POL,NLD,847619
10539669,182,162,9202,2010,0.0,942.0,-0.47692700000000005,-0.8429760000000001,PYF,NLD,847619
10539670,185,162,9202,2010,0.0,24242.0,0.6483760000000001,1.200256,ROU,NLD,847619
10539671,186,162,9202,2010,0.0,45818.0,0.583996,-0.223881,RUS,NLD,847619
10539672,192,162,9202,2010,17996.0,0.0,1.8441349999999999,0.570311,SGP,NLD,847619
10539673,198,162,9202,2010,0.0,1326.0,1.0115299999999998,0.29852399999999996,SMR,NLD,847619
10539674,208,162,9202,2010,7246251.0,25266.0,1.882239,0.397927,SWE,NLD,847619
10539675,223,162,9202,2010,4763.0,0.0,0.165019,0.8882059999999999,TUN,NLD,847619
10539676,224,162,9202,2010,0.0,23032.0,0.359977,2.471173,TUR,NLD,847619
10539677,231,162,9202,2010,82389.0,141852.0,1.67573,-0.598165,USA,NLD,847619
10539678,246,162,9202,2010,0.0,2562.0,0.327326,1.513598,ZAF,NLD,847619
10539679,249,162,9202,2010,3382852.0,1605152.0,1.766729,0.909335,TWN,NLD,847619
10539680,14,166,9202,2010,459482.0,623231.0,-0.276442,0.062023,AUS,NZL,847619
10539681,39,166,9202,2010,24455.0,0.0,0.752421,1.2208510000000001,CAN,NZL,847619
10539682,43,166,9202,2010,38474.0,4632.0,0.922493,2.0176,CHN,NZL,847619
10539683,48,166,9202,2010,0.0,3498.0,0.366399,-0.555715,COK,NZL,847619
10539684,61,166,9202,2010,22427.0,0.0,2.035672,-3.383322,DEU,NZL,847619
10539685,81,166,9202,2010,253267.0,0.0,1.828224,0.386383,GBR,NZL,847619
10539686,110,166,9202,2010,16770.0,0.0,1.215834,0.7028340000000001,ISR,NZL,847619
10539687,111,166,9202,2010,28746.0,0.0,1.272385,0.545721,ITA,NZL,847619
10539688,121,166,9202,2010,7938.0,0.0,1.7118849999999999,0.762362,KOR,NZL,847619
10539689,208,166,9202,2010,35209.0,0.0,1.882239,0.397927,SWE,NZL,847619
10539690,231,166,9202,2010,113557.0,4567.0,1.67573,-0.598165,USA,NZL,847619
10539691,242,166,9202,2010,0.0,2635.0,1.236381,0.276124,WSM,NZL,847619
10539692,249,166,9202,2010,10458.0,0.0,1.766729,0.909335,TWN,NZL,847619
10539693,42,169,9202,2010,24575.0,0.0,-0.34914,-0.459395,CHL,PAN,847619
10539694,43,169,9202,2010,13983.0,0.0,0.922493,2.0176,CHN,PAN,847619
10539695,71,169,9202,2010,54682.0,0.0,0.832619,2.448009,ESP,PAN,847619
10539696,81,169,9202,2010,25080.0,0.0,1.828224,0.386383,GBR,PAN,847619
10539697,93,169,9202,2010,0.0,3108.0,-0.39034,0.743521,GTM,PAN,847619
10539698,111,169,9202,2010,92900.0,0.0,1.272385,0.545721,ITA,PAN,847619
10539699,138,169,9202,2010,47622.0,0.0,1.132664,0.675756,MEX,PAN,847619
10539700,186,169,9202,2010,58629.0,0.0,0.583996,-0.223881,RUS,PAN,847619
10539701,231,169,9202,2010,335484.0,0.0,1.67573,-0.598165,USA,PAN,847619
10539702,236,169,9202,2010,0.0,1590.0,-0.660844,-1.145133,VEN,PAN,847619
10539703,249,169,9202,2010,1174.0,0.0,1.766729,0.909335,TWN,PAN,847619
10539704,31,173,9202,2010,0.0,32780.0,-0.83736,-0.812473,BOL,PER,847619
10539705,39,173,9202,2010,32898.0,0.0,0.752421,1.2208510000000001,CAN,PER,847619
10539706,42,173,9202,2010,6296.0,0.0,-0.34914,-0.459395,CHL,PER,847619
10539707,43,173,9202,2010,9975.0,0.0,0.922493,2.0176,CHN,PER,847619
10539708,49,173,9202,2010,0.0,29374.0,0.097222,-0.064328,COL,PER,847619
10539709,59,173,9202,2010,1120986.0,0.0,1.732044,0.333934,CZE,PER,847619
10539710,65,173,9202,2010,0.0,1277.0,-0.245241,0.368626,DOM,PER,847619
10539711,67,173,9202,2010,0.0,6781.0,-0.584013,-0.743675,ECU,PER,847619
10539712,111,173,9202,2010,98610.0,0.0,1.272385,0.545721,ITA,PER,847619
10539713,138,173,9202,2010,948447.0,21480.0,1.132664,0.675756,MEX,PER,847619
10539714,231,173,9202,2010,407340.0,0.0,1.67573,-0.598165,USA,PER,847619
10539715,249,173,9202,2010,6856.0,0.0,1.766729,0.909335,TWN,PER,847619
10539716,41,174,9202,2010,261143.0,0.0,2.1492080000000002,0.556424,CHE,PHL,847619
10539717,43,174,9202,2010,36963.0,0.0,0.922493,2.0176,CHN,PHL,847619
10539718,52,174,9202,2010,37885.0,0.0,-0.122722,-0.7062069999999999,CRI,PHL,847619
10539719,71,174,9202,2010,0.0,1823.0,0.832619,2.448009,ESP,PHL,847619
10539720,81,174,9202,2010,2264.0,0.0,1.828224,0.386383,GBR,PHL,847619
10539721,97,174,9202,2010,5066.0,0.0,0.715745,1.9780259999999998,HKG,PHL,847619
10539722,103,174,9202,2010,0.0,46532.0,-0.30878099999999997,1.07069,IDN,PHL,847619
10539723,111,174,9202,2010,4834.0,0.0,1.272385,0.545721,ITA,PHL,847619
10539724,114,174,9202,2010,114260.0,0.0,2.459723,-0.279387,JPN,PHL,847619
10539725,121,174,9202,2010,21580.0,0.0,1.7118849999999999,0.762362,KOR,PHL,847619
10539726,192,174,9202,2010,343141.0,0.0,1.8441349999999999,0.570311,SGP,PHL,847619
10539727,216,174,9202,2010,206314.0,0.0,0.748328,1.425224,THA,PHL,847619
10539728,231,174,9202,2010,63810.0,0.0,1.67573,-0.598165,USA,PHL,847619
10539729,249,174,9202,2010,20976.0,0.0,1.766729,0.909335,TWN,PHL,847619
10539730,15,177,9202,2010,155380.0,0.0,1.724315,-0.29379099999999997,AUT,POL,847619
10539731,18,177,9202,2010,83251.0,0.0,1.2224270000000002,1.1276,BEL,POL,847619
10539732,28,177,9202,2010,0.0,6860.0,0.969851,0.593386,BLR,POL,847619
10539733,39,177,9202,2010,0.0,3081.0,0.752421,1.2208510000000001,CAN,POL,847619
10539734,41,177,9202,2010,81903.0,0.0,2.1492080000000002,0.556424,CHE,POL,847619
10539735,43,177,9202,2010,125015.0,0.0,0.922493,2.0176,CHN,POL,847619
10539736,59,177,9202,2010,88336.0,23376.0,1.732044,0.333934,CZE,POL,847619
10539737,61,177,9202,2010,604829.0,0.0,2.035672,-3.383322,DEU,POL,847619
10539738,71,177,9202,2010,54871.0,0.0,0.832619,2.448009,ESP,POL,847619
10539739,77,177,9202,2010,820277.0,3899.0,1.530027,-0.052557000000000006,FRA,POL,847619
10539740,81,177,9202,2010,61122.0,0.0,1.828224,0.386383,GBR,POL,847619
10539741,102,177,9202,2010,18660.0,0.0,1.514225,0.740341,HUN,POL,847619
10539742,110,177,9202,2010,111654.0,2855.0,1.215834,0.7028340000000001,ISR,POL,847619
10539743,111,177,9202,2010,1878861.0,8544.0,1.272385,0.545721,ITA,POL,847619
10539744,162,177,9202,2010,30944.0,0.0,1.237998,1.1891209999999999,NLD,POL,847619
10539745,186,177,9202,2010,0.0,8342.0,0.583996,-0.223881,RUS,POL,847619
10539746,206,177,9202,2010,2546.0,0.0,1.278601,0.726907,SVK,POL,847619
10539747,208,177,9202,2010,213521.0,0.0,1.882239,0.397927,SWE,POL,847619
10539748,216,177,9202,2010,20993.0,0.0,0.748328,1.425224,THA,POL,847619
10539749,224,177,9202,2010,103396.0,0.0,0.359977,2.471173,TUR,POL,847619
10539750,228,177,9202,2010,0.0,63401.0,0.714148,0.916267,UKR,POL,847619
10539751,231,177,9202,2010,36433.0,552272.0,1.67573,-0.598165,USA,POL,847619
10539752,2,179,9202,2010,0.0,65887.0,-1.3711010000000001,-1.170608,AGO,PRT,847619
10539753,18,179,9202,2010,0.0,34999.0,1.2224270000000002,1.1276,BEL,PRT,847619
10539754,41,179,9202,2010,101466.0,1007.0,2.1492080000000002,0.556424,CHE,PRT,847619
10539755,43,179,9202,2010,14227.0,0.0,0.922493,2.0176,CHN,PRT,847619
10539756,51,179,9202,2010,0.0,54826.0,0.140658,-0.527468,CPV,PRT,847619
10539757,61,179,9202,2010,99581.0,2164.0,2.035672,-3.383322,DEU,PRT,847619
10539758,66,179,9202,2010,0.0,5603.0,-1.00922,-1.1511040000000001,DZA,PRT,847619
10539759,71,179,9202,2010,5476414.0,1155283.0,0.832619,2.448009,ESP,PRT,847619
10539760,77,179,9202,2010,18265.0,487354.0,1.530027,-0.052557000000000006,FRA,PRT,847619
10539761,81,179,9202,2010,2005.0,0.0,1.828224,0.386383,GBR,PRT,847619
10539762,90,179,9202,2010,0.0,9875.0,0.200249,1.4640090000000001,GRC,PRT,847619
10539763,106,179,9202,2010,0.0,19955.0,1.371357,0.168795,IRL,PRT,847619
10539764,111,179,9202,2010,231706.0,21027.0,1.272385,0.545721,ITA,PRT,847619
10539765,131,179,9202,2010,0.0,4677.0,1.272127,1.1051520000000001,LUX,PRT,847619
10539766,147,179,9202,2010,0.0,7538.0,-1.479855,-1.070518,MOZ,PRT,847619
10539767,163,179,9202,2010,0.0,2514.0,0.865676,0.138757,NOR,PRT,847619
10539768,203,179,9202,2010,0.0,1828.0,0.676596,-0.145275,STP,PRT,847619
10539769,231,179,9202,2010,3060.0,3690.0,1.67573,-0.598165,USA,PRT,847619
10539770,15,180,9202,2010,2572.0,0.0,1.724315,-0.29379099999999997,AUT,PRY,847619
10539771,39,180,9202,2010,5487.0,0.0,0.752421,1.2208510000000001,CAN,PRY,847619
10539772,43,180,9202,2010,1351.0,0.0,0.922493,2.0176,CHN,PRY,847619
10539773,231,180,9202,2010,1471.0,0.0,1.67573,-0.598165,USA,PRY,847619
10539774,249,180,9202,2010,173991.0,0.0,1.766729,0.909335,TWN,PRY,847619
10539775,41,183,9202,2010,4569.0,0.0,2.1492080000000002,0.556424,CHE,QAT,847619
10539776,43,183,9202,2010,7870.0,0.0,0.922493,2.0176,CHN,QAT,847619
10539777,81,183,9202,2010,4923.0,0.0,1.828224,0.386383,GBR,QAT,847619
10539778,104,183,9202,2010,15293.0,0.0,0.14485599999999998,2.408913,IND,QAT,847619
10539779,111,183,9202,2010,33515.0,0.0,1.272385,0.545721,ITA,QAT,847619
10539780,231,183,9202,2010,21174.0,0.0,1.67573,-0.598165,USA,QAT,847619
10539781,24,188,9202,2010,7614.0,0.0,0.284356,-0.8362,BHR,SAU,847619
10539782,39,188,9202,2010,1926.0,0.0,0.752421,1.2208510000000001,CAN,SAU,847619
10539783,43,188,9202,2010,33164.0,0.0,0.922493,2.0176,CHN,SAU,847619
10539784,71,188,9202,2010,5574.0,0.0,0.832619,2.448009,ESP,SAU,847619
10539785,77,188,9202,2010,20280.0,0.0,1.530027,-0.052557000000000006,FRA,SAU,847619
10539786,104,188,9202,2010,8884.0,0.0,0.14485599999999998,2.408913,IND,SAU,847619
10539787,106,188,9202,2010,2404.0,0.0,1.371357,0.168795,IRL,SAU,847619
10539788,111,188,9202,2010,267927.0,0.0,1.272385,0.545721,ITA,SAU,847619
10539789,122,188,9202,2010,0.0,911.0,0.067373,-1.0822120000000002,KWT,SAU,847619
10539790,224,188,9202,2010,1139.0,0.0,0.359977,2.471173,TUR,SAU,847619
10539791,231,188,9202,2010,714643.0,0.0,1.67573,-0.598165,USA,SAU,847619
10539792,249,188,9202,2010,51594.0,0.0,1.766729,0.909335,TWN,SAU,847619
10539793,0,190,9202,2010,279247.0,0.0,0.9906219999999999,0.159993,ABW,SDN,847619
10539794,7,190,9202,2010,12558.0,0.0,0.29457,-0.196371,ARE,SDN,847619
10539795,43,190,9202,2010,775052.0,0.0,0.922493,2.0176,CHN,SDN,847619
10539796,61,190,9202,2010,37027.0,1330305.0,2.035672,-3.383322,DEU,SDN,847619
10539797,39,197,9202,2010,3205.0,0.0,0.752421,1.2208510000000001,CAN,SLV,847619
10539798,43,197,9202,2010,4428.0,0.0,0.922493,2.0176,CHN,SLV,847619
10539799,71,197,9202,2010,43935.0,0.0,0.832619,2.448009,ESP,SLV,847619
10539800,93,197,9202,2010,8070.0,2711.0,-0.39034,0.743521,GTM,SLV,847619
10539801,111,197,9202,2010,17680.0,0.0,1.272385,0.545721,ITA,SLV,847619
10539802,138,197,9202,2010,7239.0,0.0,1.132664,0.675756,MEX,SLV,847619
10539803,159,197,9202,2010,0.0,116640.0,-1.887084,-1.2280229999999999,NGA,SLV,847619
10539804,160,197,9202,2010,3477.0,0.0,-0.9387409999999999,-0.8119569999999999,NIC,SLV,847619
10539805,231,197,9202,2010,41311.0,0.0,1.67573,-0.598165,USA,SLV,847619
10539806,179,203,9202,2010,1828.0,0.0,0.551149,2.437209,PRT,STP,847619
10539807,231,205,9202,2010,22389.0,0.0,1.67573,-0.598165,USA,SUR,847619
10539808,39,206,9202,2010,254494.0,0.0,0.752421,1.2208510000000001,CAN,SVK,847619
10539809,43,206,9202,2010,1708.0,0.0,0.922493,2.0176,CHN,SVK,847619
10539810,59,206,9202,2010,121249.0,48604.0,1.732044,0.333934,CZE,SVK,847619
10539811,81,206,9202,2010,3840.0,28440.0,1.828224,0.386383,GBR,SVK,847619
10539812,102,206,9202,2010,12214.0,7702.0,1.514225,0.740341,HUN,SVK,847619
10539813,110,206,9202,2010,29589.0,0.0,1.215834,0.7028340000000001,ISR,SVK,847619
10539814,111,206,9202,2010,995859.0,0.0,1.272385,0.545721,ITA,SVK,847619
10539815,163,206,9202,2010,0.0,32687.0,0.865676,0.138757,NOR,SVK,847619
10539816,177,206,9202,2010,0.0,2546.0,1.083552,1.1433719999999998,POL,SVK,847619
10539817,185,206,9202,2010,0.0,49044.0,0.6483760000000001,1.200256,ROU,SVK,847619
10539818,231,206,9202,2010,8279.0,0.0,1.67573,-0.598165,USA,SVK,847619
10539819,250,206,9202,2010,169211.0,0.0,0.45129600000000003,-0.223517,ANS,SVK,847619
10539820,4,207,9202,2010,0.0,17105.0,-0.5316,-0.219561,ALB,SVN,847619
10539821,15,207,9202,2010,72387.0,0.0,1.724315,-0.29379099999999997,AUT,SVN,847619
10539822,26,207,9202,2010,0.0,4238.0,0.462275,0.830405,BIH,SVN,847619
10539823,41,207,9202,2010,2205.0,0.0,2.1492080000000002,0.556424,CHE,SVN,847619
10539824,43,207,9202,2010,96640.0,0.0,0.922493,2.0176,CHN,SVN,847619
10539825,61,207,9202,2010,143692.0,0.0,2.035672,-3.383322,DEU,SVN,847619
10539826,66,207,9202,2010,0.0,2150.0,-1.00922,-1.1511040000000001,DZA,SVN,847619
10539827,71,207,9202,2010,180697.0,0.0,0.832619,2.448009,ESP,SVN,847619
10539828,77,207,9202,2010,7453.0,0.0,1.530027,-0.052557000000000006,FRA,SVN,847619
10539829,81,207,9202,2010,6691.0,0.0,1.828224,0.386383,GBR,SVN,847619
10539830,100,207,9202,2010,0.0,209938.0,0.8276979999999999,0.97415,HRV,SVN,847619
10539831,110,207,9202,2010,15827.0,0.0,1.215834,0.7028340000000001,ISR,SVN,847619
10539832,111,207,9202,2010,1040454.0,0.0,1.272385,0.545721,ITA,SVN,847619
10539833,163,207,9202,2010,0.0,6745.0,0.865676,0.138757,NOR,SVN,847619
10539834,186,207,9202,2010,0.0,5837.0,0.583996,-0.223881,RUS,SVN,847619
10539835,224,207,9202,2010,3723.0,0.0,0.359977,2.471173,TUR,SVN,847619
10539836,249,207,9202,2010,4781.0,0.0,1.766729,0.909335,TWN,SVN,847619
10539837,250,207,9202,2010,36806.0,0.0,0.45129600000000003,-0.223517,ANS,SVN,847619
10539838,14,208,9202,2010,0.0,167537.0,-0.276442,0.062023,AUS,SWE,847619
10539839,15,208,9202,2010,0.0,66540.0,1.724315,-0.29379099999999997,AUT,SWE,847619
10539840,18,208,9202,2010,22278.0,378368.0,1.2224270000000002,1.1276,BEL,SWE,847619
10539841,32,208,9202,2010,0.0,67473.0,0.40715500000000004,0.6208100000000001,BRA,SWE,847619
10539842,39,208,9202,2010,3022.0,6716825.0,0.752421,1.2208510000000001,CAN,SWE,847619
10539843,41,208,9202,2010,35242.0,114481.0,2.1492080000000002,0.556424,CHE,SWE,847619
10539844,42,208,9202,2010,0.0,1098.0,-0.34914,-0.459395,CHL,SWE,847619
10539845,43,208,9202,2010,1311.0,19868.0,0.922493,2.0176,CHN,SWE,847619
10539846,58,208,9202,2010,0.0,11613.0,0.8776450000000001,0.568389,CYP,SWE,847619
10539847,59,208,9202,2010,31913.0,297143.0,1.732044,0.333934,CZE,SWE,847619
10539848,61,208,9202,2010,36828.0,869080.0,2.035672,-3.383322,DEU,SWE,847619
10539849,64,208,9202,2010,408887.0,1230933.0,1.082468,1.280759,DNK,SWE,847619
10539850,71,208,9202,2010,443955.0,21563.0,0.832619,2.448009,ESP,SWE,847619
10539851,72,208,9202,2010,0.0,5290.0,0.832316,1.1844649999999999,EST,SWE,847619
10539852,74,208,9202,2010,4918.0,364968.0,1.745464,0.897992,FIN,SWE,847619
10539853,77,208,9202,2010,35085.0,127333.0,1.530027,-0.052557000000000006,FRA,SWE,847619
10539854,81,208,9202,2010,230756.0,2085812.0,1.828224,0.386383,GBR,SWE,847619
10539855,93,208,9202,2010,0.0,83405.0,-0.39034,0.743521,GTM,SWE,847619
10539856,102,208,9202,2010,0.0,119708.0,1.514225,0.740341,HUN,SWE,847619
10539857,106,208,9202,2010,0.0,83502.0,1.371357,0.168795,IRL,SWE,847619
10539858,109,208,9202,2010,0.0,72938.0,0.20822100000000002,-0.318294,ISL,SWE,847619
10539859,110,208,9202,2010,153188.0,26933.0,1.215834,0.7028340000000001,ISR,SWE,847619
10539860,111,208,9202,2010,289426.0,178423.0,1.272385,0.545721,ITA,SWE,847619
10539861,130,208,9202,2010,0.0,53324.0,0.6390600000000001,1.144911,LTU,SWE,847619
10539862,132,208,9202,2010,0.0,29748.0,0.6158170000000001,1.1401059999999998,LVA,SWE,847619
10539863,162,208,9202,2010,25266.0,7246251.0,1.237998,1.1891209999999999,NLD,SWE,847619
10539864,163,208,9202,2010,3357866.0,3449008.0,0.865676,0.138757,NOR,SWE,847619
10539865,166,208,9202,2010,0.0,35209.0,0.36828299999999997,0.574574,NZL,SWE,847619
10539866,177,208,9202,2010,0.0,213521.0,1.083552,1.1433719999999998,POL,SWE,847619
10539867,224,208,9202,2010,0.0,4014.0,0.359977,2.471173,TUR,SWE,847619
10539868,231,208,9202,2010,1051054.0,512746.0,1.67573,-0.598165,USA,SWE,847619
10539869,246,208,9202,2010,0.0,2815.0,0.327326,1.513598,ZAF,SWE,847619
10539870,43,212,9202,2010,28210.0,7222.0,0.922493,2.0176,CHN,SYR,847619
10539871,77,212,9202,2010,105813.0,0.0,1.530027,-0.052557000000000006,FRA,SYR,847619
10539872,111,212,9202,2010,16424.0,0.0,1.272385,0.545721,ITA,SYR,847619
10539873,8,216,9202,2010,0.0,18193.0,0.27458899999999997,0.597907,ARG,THA,847619
10539874,41,216,9202,2010,960.0,0.0,2.1492080000000002,0.556424,CHE,THA,847619
10539875,43,216,9202,2010,100760.0,18429.0,0.922493,2.0176,CHN,THA,847619
10539876,77,216,9202,2010,13031.0,68406.0,1.530027,-0.052557000000000006,FRA,THA,847619
10539877,81,216,9202,2010,4047.0,0.0,1.828224,0.386383,GBR,THA,847619
10539878,102,216,9202,2010,2369.0,0.0,1.514225,0.740341,HUN,THA,847619
10539879,103,216,9202,2010,0.0,119519.0,-0.30878099999999997,1.07069,IDN,THA,847619
10539880,104,216,9202,2010,27594.0,20498.0,0.14485599999999998,2.408913,IND,THA,847619
10539881,111,216,9202,2010,27834.0,85257.0,1.272385,0.545721,ITA,THA,847619
10539882,114,216,9202,2010,70331.0,1914120.0,2.459723,-0.279387,JPN,THA,847619
10539883,116,216,9202,2010,0.0,11152.0,-0.387187,1.010443,KEN,THA,847619
10539884,121,216,9202,2010,39433.0,6629.0,1.7118849999999999,0.762362,KOR,THA,847619
10539885,138,216,9202,2010,112431.0,0.0,1.132664,0.675756,MEX,THA,847619
10539886,153,216,9202,2010,0.0,234240.0,0.9530780000000001,0.607456,MYS,THA,847619
10539887,174,216,9202,2010,0.0,206314.0,0.40418899999999996,0.102497,PHL,THA,847619
10539888,177,216,9202,2010,0.0,20993.0,1.083552,1.1433719999999998,POL,THA,847619
10539889,192,216,9202,2010,156991.0,0.0,1.8441349999999999,0.570311,SGP,THA,847619
10539890,231,216,9202,2010,52353.0,0.0,1.67573,-0.598165,USA,THA,847619
10539891,239,216,9202,2010,0.0,8172.0,-0.24660500000000002,1.427235,VNM,THA,847619
10539892,249,216,9202,2010,1171912.0,0.0,1.766729,0.909335,TWN,THA,847619
10539893,111,222,9202,2010,28678.0,0.0,1.272385,0.545721,ITA,TTO,847619
10539894,231,222,9202,2010,117203.0,0.0,1.67573,-0.598165,USA,TTO,847619
10539895,249,222,9202,2010,19464.0,0.0,1.766729,0.909335,TWN,TTO,847619
10539896,14,224,9202,2010,5058.0,0.0,-0.276442,0.062023,AUS,TUR,847619
10539897,15,224,9202,2010,40536.0,0.0,1.724315,-0.29379099999999997,AUT,TUR,847619
10539898,23,224,9202,2010,0.0,25889.0,0.44973,1.445441,BGR,TUR,847619
10539899,39,224,9202,2010,5869.0,0.0,0.752421,1.2208510000000001,CAN,TUR,847619
10539900,43,224,9202,2010,24302.0,0.0,0.922493,2.0176,CHN,TUR,847619
10539901,58,224,9202,2010,0.0,8478.0,0.8776450000000001,0.568389,CYP,TUR,847619
10539902,61,224,9202,2010,426824.0,0.0,2.035672,-3.383322,DEU,TUR,847619
10539903,71,224,9202,2010,154492.0,10017.0,0.832619,2.448009,ESP,TUR,847619
10539904,77,224,9202,2010,0.0,3279824.0,1.530027,-0.052557000000000006,FRA,TUR,847619
10539905,81,224,9202,2010,28571.0,5486.0,1.828224,0.386383,GBR,TUR,847619
10539906,82,224,9202,2010,0.0,4179.0,-0.21301399999999998,-0.48355299999999996,GEO,TUR,847619
10539907,106,224,9202,2010,0.0,588577.0,1.371357,0.168795,IRL,TUR,847619
10539908,108,224,9202,2010,0.0,8917.0,-2.1439150000000002,-0.913227,IRQ,TUR,847619
10539909,110,224,9202,2010,90083.0,0.0,1.215834,0.7028340000000001,ISR,TUR,847619
10539910,111,224,9202,2010,2680364.0,36866.0,1.272385,0.545721,ITA,TUR,847619
10539911,113,224,9202,2010,0.0,5143.0,0.251702,0.522758,JOR,TUR,847619
10539912,116,224,9202,2010,0.0,18540.0,-0.387187,1.010443,KEN,TUR,847619
10539913,140,224,9202,2010,0.0,9751.0,-0.122842,0.407017,MKD,TUR,847619
10539914,162,224,9202,2010,23032.0,0.0,1.237998,1.1891209999999999,NLD,TUR,847619
10539915,177,224,9202,2010,0.0,103396.0,1.083552,1.1433719999999998,POL,TUR,847619
10539916,188,224,9202,2010,0.0,1139.0,0.46696400000000005,-0.7487520000000001,SAU,TUR,847619
10539917,201,224,9202,2010,0.0,2451.0,0.561161,1.33974,SRB,TUR,847619
10539918,207,224,9202,2010,0.0,3723.0,1.595473,0.7023020000000001,SVN,TUR,847619
10539919,208,224,9202,2010,4014.0,0.0,1.882239,0.397927,SWE,TUR,847619
10539920,231,224,9202,2010,246828.0,0.0,1.67573,-0.598165,USA,TUR,847619
10539921,249,224,9202,2010,16760.0,0.0,1.766729,0.909335,TWN,TUR,847619
10539922,250,224,9202,2010,0.0,29620.0,0.45129600000000003,-0.223517,ANS,TUR,847619
10539923,15,228,9202,2010,5483.0,0.0,1.724315,-0.29379099999999997,AUT,UKR,847619
10539924,39,228,9202,2010,31044.0,0.0,0.752421,1.2208510000000001,CAN,UKR,847619
10539925,43,228,9202,2010,60538.0,0.0,0.922493,2.0176,CHN,UKR,847619
10539926,58,228,9202,2010,18933.0,0.0,0.8776450000000001,0.568389,CYP,UKR,847619
10539927,61,228,9202,2010,156800.0,0.0,2.035672,-3.383322,DEU,UKR,847619
10539928,65,228,9202,2010,0.0,3503.0,-0.245241,0.368626,DOM,UKR,847619
10539929,110,228,9202,2010,11061.0,0.0,1.215834,0.7028340000000001,ISR,UKR,847619
10539930,111,228,9202,2010,991129.0,0.0,1.272385,0.545721,ITA,UKR,847619
10539931,135,228,9202,2010,0.0,13932.0,-0.116797,0.037801,MDA,UKR,847619
10539932,177,228,9202,2010,63401.0,0.0,1.083552,1.1433719999999998,POL,UKR,847619
10539933,186,228,9202,2010,0.0,43408.0,0.583996,-0.223881,RUS,UKR,847619
10539934,249,228,9202,2010,187547.0,0.0,1.766729,0.909335,TWN,UKR,847619
10539935,249,230,9202,2010,61429.0,0.0,1.766729,0.909335,TWN,URY,847619
10539936,0,231,9202,2010,0.0,32353.0,0.9906219999999999,0.159993,ABW,USA,847619
10539937,2,231,9202,2010,0.0,2045.0,-1.3711010000000001,-1.170608,AGO,USA,847619
10539938,5,231,9202,2010,0.0,805.0,0.8963620000000001,0.7650399999999999,AND,USA,847619
10539939,7,231,9202,2010,0.0,422703.0,0.29457,-0.196371,ARE,USA,847619
10539940,8,231,9202,2010,9570.0,7516.0,0.27458899999999997,0.597907,ARG,USA,847619
10539941,13,231,9202,2010,0.0,4850.0,1.2153129999999999,0.955838,ATG,USA,847619
10539942,14,231,9202,2010,234791.0,2509725.0,-0.276442,0.062023,AUS,USA,847619
10539943,15,231,9202,2010,4445.0,2517.0,1.724315,-0.29379099999999997,AUT,USA,847619
10539944,18,231,9202,2010,365217.0,221429.0,1.2224270000000002,1.1276,BEL,USA,847619
10539945,24,231,9202,2010,0.0,16491.0,0.284356,-0.8362,BHR,USA,847619
10539946,25,231,9202,2010,0.0,102941.0,0.495262,-0.6198779999999999,BHS,USA,847619
10539947,30,231,9202,2010,0.0,43123.0,0.46139300000000005,-0.6651590000000001,BMU,USA,847619
10539948,31,231,9202,2010,0.0,18994.0,-0.83736,-0.812473,BOL,USA,847619
10539949,32,231,9202,2010,0.0,654074.0,0.40715500000000004,0.6208100000000001,BRA,USA,847619
10539950,33,231,9202,2010,0.0,32319.0,0.7076140000000001,0.434993,BRB,USA,847619
10539951,39,231,9202,2010,6475686.0,14521392.0,0.752421,1.2208510000000001,CAN,USA,847619
10539952,41,231,9202,2010,77139.0,657113.0,2.1492080000000002,0.556424,CHE,USA,847619
10539953,42,231,9202,2010,0.0,1298885.0,-0.34914,-0.459395,CHL,USA,847619
10539954,43,231,9202,2010,5694401.0,487448.0,0.922493,2.0176,CHN,USA,847619
10539955,49,231,9202,2010,0.0,312042.0,0.097222,-0.064328,COL,USA,847619
10539956,52,231,9202,2010,0.0,130656.0,-0.122722,-0.7062069999999999,CRI,USA,847619
10539957,57,231,9202,2010,0.0,13844.0,1.2142959999999998,-0.6487430000000001,CYM,USA,847619
10539958,59,231,9202,2010,3307.0,7045.0,1.732044,0.333934,CZE,USA,847619
10539959,61,231,9202,2010,408974.0,1792679.0,2.035672,-3.383322,DEU,USA,847619
10539960,63,231,9202,2010,0.0,13742.0,0.35578699999999996,0.13029200000000002,DMA,USA,847619
10539961,64,231,9202,2010,13635.0,142627.0,1.082468,1.280759,DNK,USA,847619
10539962,65,231,9202,2010,0.0,3791.0,-0.245241,0.368626,DOM,USA,847619
10539963,67,231,9202,2010,0.0,35888.0,-0.584013,-0.743675,ECU,USA,847619
10539964,68,231,9202,2010,0.0,69428.0,-0.181826,1.409465,EGY,USA,847619
10539965,71,231,9202,2010,429109.0,53717.0,0.832619,2.448009,ESP,USA,847619
10539966,74,231,9202,2010,0.0,69457.0,1.745464,0.897992,FIN,USA,847619
10539967,77,231,9202,2010,69976.0,94447.0,1.530027,-0.052557000000000006,FRA,USA,847619
10539968,79,231,9202,2010,0.0,755.0,-1.2914889999999999,-1.0153450000000002,FSM,USA,847619
10539969,81,231,9202,2010,636056.0,2839407.0,1.828224,0.386383,GBR,USA,847619
10539970,90,231,9202,2010,0.0,15727.0,0.200249,1.4640090000000001,GRC,USA,847619
10539971,93,231,9202,2010,0.0,42187.0,-0.39034,0.743521,GTM,USA,847619
10539972,96,231,9202,2010,0.0,7917.0,-1.020217,-1.0231569999999999,GUY,USA,847619
10539973,97,231,9202,2010,125443.0,534623.0,0.715745,1.9780259999999998,HKG,USA,847619
10539974,99,231,9202,2010,0.0,32625.0,-0.569501,-0.153122,HND,USA,847619
10539975,102,231,9202,2010,0.0,51409.0,1.514225,0.740341,HUN,USA,847619
10539976,103,231,9202,2010,0.0,36904.0,-0.30878099999999997,1.07069,IDN,USA,847619
10539977,104,231,9202,2010,1873196.0,237419.0,0.14485599999999998,2.408913,IND,USA,847619
10539978,106,231,9202,2010,25483.0,226993.0,1.371357,0.168795,IRL,USA,847619
10539979,108,231,9202,2010,0.0,3400.0,-2.1439150000000002,-0.913227,IRQ,USA,847619
10539980,109,231,9202,2010,0.0,80271.0,0.20822100000000002,-0.318294,ISL,USA,847619
10539981,110,231,9202,2010,435870.0,544575.0,1.215834,0.7028340000000001,ISR,USA,847619
10539982,111,231,9202,2010,1388725.0,2106305.0,1.272385,0.545721,ITA,USA,847619
10539983,112,231,9202,2010,0.0,60456.0,0.041471,-0.367177,JAM,USA,847619
10539984,113,231,9202,2010,0.0,5082.0,0.251702,0.522758,JOR,USA,847619
10539985,114,231,9202,2010,53692.0,1631447.0,2.459723,-0.279387,JPN,USA,847619
10539986,115,231,9202,2010,0.0,3649.0,-0.6278020000000001,-0.8419760000000001,KAZ,USA,847619
10539987,116,231,9202,2010,0.0,11932.0,-0.387187,1.010443,KEN,USA,847619
10539988,117,231,9202,2010,0.0,8668.0,-0.48426400000000003,-0.169443,KGZ,USA,847619
10539989,118,231,9202,2010,0.0,1970.0,-1.158906,-1.019906,KHM,USA,847619
10539990,120,231,9202,2010,0.0,25983.0,0.9277790000000001,-0.42824799999999996,KNA,USA,847619
10539991,121,231,9202,2010,4355952.0,734247.0,1.7118849999999999,0.762362,KOR,USA,847619
10539992,122,231,9202,2010,0.0,107753.0,0.067373,-1.0822120000000002,KWT,USA,847619
10539993,124,231,9202,2010,0.0,79521.0,0.415854,1.424085,LBN,USA,847619
10539994,127,231,9202,2010,0.0,11600.0,0.446162,-0.279229,LCA,USA,847619
10539995,133,231,9202,2010,0.0,65956.0,0.545755,0.492997,MAC,USA,847619
10539996,134,231,9202,2010,0.0,5217.0,-0.5935229999999999,-0.056497000000000006,MAR,USA,847619
10539997,137,231,9202,2010,0.0,19177.0,-0.644859,-0.910633,MDV,USA,847619
10539998,138,231,9202,2010,1194837.0,1695153.0,1.132664,0.675756,MEX,USA,847619
