32049999,31,9911,2002,18844.0,185975.0,-0.885342,-0.819517,BOL,940290
32050000,31,9911,2003,0.0,136208.0,-0.787995,-0.7228899999999999,BOL,940290
32050001,31,9911,2004,2523.0,524215.0,-0.9288489999999999,-0.929884,BOL,940290
32050002,31,9911,2005,0.0,225358.0,-0.968893,-0.862433,BOL,940290
32050003,31,9911,2006,27837.0,1965327.0,-0.805185,-0.754091,BOL,940290
32050004,31,9911,2007,0.0,291159.0,-1.021595,-0.955375,BOL,940290
32050005,31,9911,2008,0.0,220488.0,-0.852975,-0.88041,BOL,940290
32050006,31,9911,2009,0.0,519854.0,-0.909969,-0.8899879999999999,BOL,940290
32050007,31,9911,2010,3001.0,634458.0,-0.83736,-0.812473,BOL,940290
32050008,31,9911,2011,1280.0,1354388.0,-0.818593,-0.8701770000000001,BOL,940290
32050009,31,9911,2012,51438.0,1944157.0,-0.709307,-0.813228,BOL,940290
32050010,31,9911,2013,0.0,3088753.0,-1.039614,-0.95663,BOL,940290
32050011,31,9911,2014,0.0,3344642.0,-1.129494,-1.030198,BOL,940290
32050012,31,9911,2015,8152.0,2718492.0,-1.051562,-1.067714,BOL,940290
32050013,31,9911,2016,3827.0,2317646.0,-1.061758,-1.041501,BOL,940290
32050014,31,9911,2017,0.0,2703765.0,-1.158425,-1.076242,BOL,940290
32050015,31,9911,2018,0.0,2292728.0,-1.153953,-1.070749,BOL,940290
32050016,31,9911,2019,0.0,6890078.0,-1.012748,-0.999245,BOL,940290
32050017,31,9911,2020,0.0,4407366.0,-0.835558,-0.9611350000000001,BOL,940290
32050018,32,9911,1995,481943.0,14447117.0,0.687171,1.188647,BRA,940290
32050019,32,9911,1996,414765.0,12536967.0,0.699658,1.271724,BRA,940290
32050020,32,9911,1997,584728.0,9426990.0,0.718336,1.203066,BRA,940290
32050021,32,9911,1998,431149.0,9770239.0,0.768101,1.04589,BRA,940290
32050022,32,9911,1999,680946.0,5527237.0,0.762468,1.191759,BRA,940290
32050023,32,9911,2000,398159.0,12584387.0,0.792556,1.219394,BRA,940290
32050024,32,9911,2001,821288.0,30720277.0,0.672496,1.051848,BRA,940290
32050025,32,9911,2002,820139.0,5312541.0,0.677883,1.0227190000000002,BRA,940290
32050026,32,9911,2003,1686421.0,6422349.0,0.660576,1.118876,BRA,940290
32050027,32,9911,2004,2836578.0,5455735.0,0.540718,1.149065,BRA,940290
32050028,32,9911,2005,4111651.0,6082596.0,0.567638,1.139122,BRA,940290
32050029,32,9911,2006,3930039.0,13061574.0,0.633889,1.1474520000000001,BRA,940290
32050030,32,9911,2007,4902294.0,13711964.0,0.582859,1.137225,BRA,940290
32050031,32,9911,2008,4392326.0,35870423.0,0.444687,0.904332,BRA,940290
32050032,32,9911,2009,4745143.0,24816698.0,0.35447199999999995,0.8522360000000001,BRA,940290
32050033,32,9911,2010,5119102.0,42531523.0,0.40715500000000004,0.6208100000000001,BRA,940290
32050034,32,9911,2011,4718753.0,47120328.0,0.27718400000000004,0.5674319999999999,BRA,940290
32050035,32,9911,2012,4605422.0,77986061.0,0.305614,0.6357189999999999,BRA,940290
32050036,32,9911,2013,4033471.0,59546607.0,0.14765899999999998,0.399262,BRA,940290
32050037,32,9911,2014,4187428.0,52274707.0,0.218223,0.556921,BRA,940290
32050038,32,9911,2015,3178070.0,34729666.0,0.23656799999999997,0.688607,BRA,940290
32050039,32,9911,2016,3081047.0,24440176.0,0.245919,0.661809,BRA,940290
32050040,32,9911,2017,2484105.0,29529795.0,0.145224,0.483461,BRA,940290
32050041,32,9911,2018,2390720.0,36373243.0,0.143397,0.582092,BRA,940290
32050042,32,9911,2019,2947680.0,28542293.0,0.076947,0.660604,BRA,940290
32050043,32,9911,2020,7104193.0,30288148.0,0.054622000000000004,0.532291,BRA,940290
32050044,33,9911,1995,28997.0,33031.0,1.055447,0.422738,BRB,940290
32050045,33,9911,1996,0.0,90426.0,0.9384979999999999,0.147479,BRB,940290
32050046,33,9911,1997,0.0,71704.0,0.896769,0.22225300000000003,BRB,940290
32050047,33,9911,1998,1363.0,68934.0,0.888487,0.469408,BRB,940290
32050048,33,9911,1999,2033.0,68178.0,0.878015,0.413308,BRB,940290
32050049,33,9911,2000,0.0,145203.0,0.765428,0.418063,BRB,940290
32050050,33,9911,2001,0.0,83933.0,0.725546,0.172345,BRB,940290
32050051,33,9911,2002,0.0,315558.0,0.762217,0.004367,BRB,940290
32050052,33,9911,2003,39837.0,359071.0,0.744166,0.074191,BRB,940290
32050053,33,9911,2004,0.0,349569.0,0.8541559999999999,0.25895799999999997,BRB,940290
32050054,33,9911,2005,0.0,115174.0,0.916402,0.262466,BRB,940290
32050055,33,9911,2006,4203.0,527922.0,0.977267,0.6046560000000001,BRB,940290
32050056,33,9911,2007,0.0,123025.0,1.006332,0.680391,BRB,940290
32050057,33,9911,2008,4175.0,375167.0,0.761035,0.615472,BRB,940290
32050058,33,9911,2009,651.0,507646.0,0.8652620000000001,0.796057,BRB,940290
32050059,33,9911,2010,1327.0,279068.0,0.7076140000000001,0.434993,BRB,940290
32050060,33,9911,2011,4053.0,334151.0,0.445982,0.204672,BRB,940290
32050061,33,9911,2012,26414.0,119439.0,0.6746310000000001,0.45502700000000007,BRB,940290
32050062,33,9911,2013,0.0,263503.0,0.6969489999999999,0.135283,BRB,940290
32050063,33,9911,2014,1145.0,181106.0,0.44968400000000003,-0.15268900000000002,BRB,940290
32050064,33,9911,2015,0.0,191341.0,0.453689,0.039237,BRB,940290
32050065,33,9911,2016,0.0,211761.0,0.613282,0.06728200000000001,BRB,940290
32050066,33,9911,2017,11605.0,516397.0,0.589793,-0.004488000000000001,BRB,940290
32050067,33,9911,2018,0.0,454943.0,0.487166,-0.129388,BRB,940290
32050068,33,9911,2019,0.0,112611.0,0.6228199999999999,-0.10803499999999999,BRB,940290
32050069,33,9911,2020,2525.0,1765757.0,0.666435,0.060089,BRB,940290
32050070,34,9911,1995,0.0,283318.0,-0.979701,-0.85456,BRN,940290
32050071,34,9911,1996,0.0,1009037.0,-0.848331,-0.779511,BRN,940290
32050072,34,9911,1997,0.0,325395.0,-0.092276,-0.772393,BRN,940290
32050073,34,9911,1998,703.0,499569.0,-0.445218,-0.833083,BRN,940290
32050074,34,9911,1999,0.0,177358.0,-1.417607,-1.011226,BRN,940290
32050075,34,9911,2000,0.0,66121.0,-1.603399,-1.027332,BRN,940290
32050076,34,9911,2001,0.0,138924.0,-0.8654209999999999,-0.930599,BRN,940290
32050077,34,9911,2002,0.0,126718.0,-1.7894169999999998,-1.034672,BRN,940290
32050078,34,9911,2003,0.0,129499.0,-1.342738,-0.978633,BRN,940290
32050079,34,9911,2004,1248.0,76711.0,-1.271325,-1.03277,BRN,940290
32050080,34,9911,2005,0.0,175229.0,-2.009712,-1.02596,BRN,940290
32050081,34,9911,2006,0.0,327062.0,-1.331831,-0.9170940000000001,BRN,940290
32050082,34,9911,2007,0.0,358310.0,-1.118219,-0.924797,BRN,940290
32050083,34,9911,2008,4022.0,291487.0,-1.7609099999999998,-0.8835959999999999,BRN,940290
32050084,34,9911,2009,781.0,777318.0,-1.371042,-0.9792120000000001,BRN,940290
32050085,34,9911,2010,0.0,629299.0,0.717167,-0.764841,BRN,940290
32050086,34,9911,2011,913.0,2067459.0,-0.171775,-0.6656810000000001,BRN,940290
32050087,34,9911,2012,13639.0,2199805.0,-2.758339,-0.931008,BRN,940290
32050088,34,9911,2013,1325.0,2212239.0,-0.866827,-0.795995,BRN,940290
32050089,34,9911,2014,2507.0,3015630.0,0.191357,-0.683567,BRN,940290
32050090,34,9911,2015,8804.0,1746154.0,1.093564,-0.679211,BRN,940290
32050091,34,9911,2016,46299.0,1346727.0,0.078764,-0.8103670000000001,BRN,940290
32050092,34,9911,2017,21996.0,449497.0,0.270525,-0.747949,BRN,940290
32050093,34,9911,2018,67422.0,229876.0,0.562198,-0.774457,BRN,940290
32050094,34,9911,2019,32401.0,257204.0,0.9608620000000001,-0.7012619999999999,BRN,940290
32050095,34,9911,2020,12381.0,1516535.0,0.432569,-0.8083779999999999,BRN,940290
32050096,35,9911,1995,0.0,4036.0,0.10779000000000001,-0.609193,BTN,940290
32050097,35,9911,1996,,,-0.20093699999999998,-0.754797,BTN,940290
32050098,35,9911,1997,,,0.170623,-0.650595,BTN,940290
32050099,35,9911,1998,1998.0,19349.0,0.003229,-0.582997,BTN,940290
32050100,35,9911,1999,0.0,3288.0,-0.089814,-0.630333,BTN,940290
32050101,35,9911,2000,,,0.44639799999999996,-0.45978199999999997,BTN,940290
32050102,35,9911,2001,0.0,148713.0,0.380727,-0.529766,BTN,940290
32050103,35,9911,2002,,,0.23072800000000002,-0.541596,BTN,940290
32050104,35,9911,2003,0.0,5190.0,0.22564800000000002,-0.460741,BTN,940290
32050105,35,9911,2004,,,-0.050289,-0.697735,BTN,940290
32050106,35,9911,2005,0.0,41767.0,0.0036079999999999997,-0.483849,BTN,940290
32050107,35,9911,2006,0.0,9551.0,-0.016287,-0.561397,BTN,940290
32050108,35,9911,2007,0.0,70041.0,-0.147438,-0.68999,BTN,940290
32050109,35,9911,2008,0.0,202173.0,-0.465287,-0.84941,BTN,940290
32050110,35,9911,2009,0.0,144228.0,-0.16578900000000002,-0.7013560000000001,BTN,940290
32050111,35,9911,2010,0.0,25956.0,-0.10866300000000001,-0.5950270000000001,BTN,940290
32050112,35,9911,2011,0.0,16231.0,-0.022021000000000002,-0.5282439999999999,BTN,940290
32050113,35,9911,2012,0.0,59589.0,-0.125782,-0.49636099999999994,BTN,940290
32050114,35,9911,2013,0.0,45118.0,-0.065218,-0.787495,BTN,940290
32050115,35,9911,2014,,,-0.24597199999999997,-0.758838,BTN,940290
32050116,35,9911,2015,,,-0.55347,-0.8795219999999999,BTN,940290
32050117,35,9911,2016,0.0,22914.0,-0.28638,-0.8311069999999999,BTN,940290
32050118,35,9911,2017,0.0,37889.0,-0.167518,-0.7758520000000001,BTN,940290
32050119,35,9911,2018,0.0,117359.0,-0.168694,-0.77871,BTN,940290
32050120,35,9911,2019,0.0,148652.0,0.008482,-0.767876,BTN,940290
32050121,35,9911,2020,0.0,630643.0,0.108769,-0.728705,BTN,940290
32050122,36,9911,1995,,,,,BVT,940290
32050123,36,9911,1996,,,,,BVT,940290
32050124,36,9911,1997,,,,,BVT,940290
32050125,36,9911,1998,,,,,BVT,940290
32050126,36,9911,1999,,,,,BVT,940290
32050127,36,9911,2000,,,0.23491199999999998,-0.8698319999999999,BVT,940290
32050128,36,9911,2001,,,2.411696,-0.8244940000000001,BVT,940290
32050129,36,9911,2002,,,0.516423,-0.789674,BVT,940290
32050130,36,9911,2003,,,1.6794259999999999,-0.695589,BVT,940290
32050131,36,9911,2004,,,0.5410119999999999,-0.804279,BVT,940290
32050132,36,9911,2005,,,1.31643,-0.701706,BVT,940290
32050133,36,9911,2006,,,0.9683930000000001,-0.6665840000000001,BVT,940290
32050134,36,9911,2007,14014.0,0.0,1.1512200000000001,-0.42272,BVT,940290
32050135,36,9911,2008,,,1.7788130000000002,0.183341,BVT,940290
32050136,36,9911,2009,,,0.936732,-0.438837,BVT,940290
32050137,36,9911,2010,,,0.551459,-0.540175,BVT,940290
32050138,36,9911,2011,,,1.467633,-0.050186,BVT,940290
32050139,36,9911,2012,,,1.135468,-0.38882,BVT,940290
32050140,36,9911,2013,,,0.6491520000000001,-0.746413,BVT,940290
32050141,36,9911,2014,,,0.24943099999999999,-0.7255189999999999,BVT,940290
32050142,36,9911,2015,,,0.37751799999999996,-0.843202,BVT,940290
32050143,36,9911,2016,,,1.279944,-0.741259,BVT,940290
32050144,36,9911,2017,,,2.018459,-0.700299,BVT,940290
32050145,36,9911,2018,,,1.0599450000000001,-0.810874,BVT,940290
32050146,36,9911,2019,,,0.9131040000000001,-0.830306,BVT,940290
32050147,36,9911,2020,,,0.295207,-0.873441,BVT,940290
32050148,37,9911,1995,,,,,BWA,940290
32050149,37,9911,1996,,,,,BWA,940290
32050150,37,9911,1997,,,,,BWA,940290
32050151,37,9911,1998,,,,,BWA,940290
32050152,37,9911,1999,,,,,BWA,940290
32050153,37,9911,2000,1467.0,935768.0,-0.633691,-1.120255,BWA,940290
32050154,37,9911,2001,1421.0,1254012.0,-0.42690100000000003,-1.081372,BWA,940290
32050155,37,9911,2002,2978.0,1018594.0,-0.14025,-1.018399,BWA,940290
32050156,37,9911,2003,0.0,1326584.0,-0.517317,-1.1125770000000001,BWA,940290
32050157,37,9911,2004,2821.0,1207550.0,-0.8574229999999999,-1.191754,BWA,940290
32050158,37,9911,2005,4037.0,903614.0,-0.857577,-1.1514229999999999,BWA,940290
32050159,37,9911,2006,2799.0,831163.0,-1.0541459999999998,-1.179286,BWA,940290
32050160,37,9911,2007,664.0,742286.0,-0.8557239999999999,-1.1712989999999999,BWA,940290
32050161,37,9911,2008,343420.0,585489.0,-0.191616,-0.848397,BWA,940290
32050162,37,9911,2009,13403.0,3638317.0,-0.008142,-0.599115,BWA,940290
32050163,37,9911,2010,9948.0,996211.0,-0.181373,-0.714376,BWA,940290
32050164,37,9911,2011,7146.0,705448.0,-0.48782600000000004,-1.051639,BWA,940290
32050165,37,9911,2012,64504.0,1387787.0,-0.424469,-1.043248,BWA,940290
32050166,37,9911,2013,9837.0,1636219.0,-0.46761499999999995,-1.0842040000000002,BWA,940290
32050167,37,9911,2014,3011.0,1236897.0,-0.60221,-1.104578,BWA,940290
32050168,37,9911,2015,17801.0,439050.0,-0.14164200000000002,-1.0372059999999999,BWA,940290
32050169,37,9911,2016,6418.0,819243.0,-0.9927739999999999,-1.260391,BWA,940290
32050170,37,9911,2017,0.0,558849.0,-0.593754,-1.166742,BWA,940290
32050171,37,9911,2018,2818.0,3066296.0,-0.8339610000000001,-1.184307,BWA,940290
32050172,37,9911,2019,7610.0,1691141.0,-0.492807,-1.152651,BWA,940290
32050173,37,9911,2020,253955.0,853081.0,-0.8696219999999999,-1.195627,BWA,940290
32050174,38,9911,1995,0.0,8435.0,-0.378162,-0.6538010000000001,CAF,940290
32050175,38,9911,1996,0.0,15095.0,-1.408316,-0.8695579999999999,CAF,940290
32050176,38,9911,1997,0.0,29517.0,-1.192158,-0.902408,CAF,940290
32050177,38,9911,1998,0.0,7715.0,-0.64861,-0.771349,CAF,940290
32050178,38,9911,1999,0.0,13824.0,-1.079509,-0.9015489999999999,CAF,940290
32050179,38,9911,2000,0.0,5911.0,-1.222452,-0.947033,CAF,940290
32050180,38,9911,2001,20816.0,3801.0,-0.682897,-0.8083140000000001,CAF,940290
32050181,38,9911,2002,3938.0,185242.0,-0.45315200000000005,-0.764876,CAF,940290
32050182,38,9911,2003,20845.0,8777.0,-1.342769,-0.905425,CAF,940290
32050183,38,9911,2004,0.0,41863.0,-0.683538,-0.8331770000000001,CAF,940290
32050184,38,9911,2005,0.0,4394.0,-0.18778399999999998,-0.647926,CAF,940290
32050185,38,9911,2006,0.0,2408.0,-0.768791,-0.822677,CAF,940290
32050186,38,9911,2007,0.0,29324.0,-0.252459,-0.783634,CAF,940290
32050187,38,9911,2008,0.0,93393.0,-0.387367,-0.767895,CAF,940290
32050188,38,9911,2009,0.0,218188.0,-0.5777260000000001,-0.839981,CAF,940290
32050189,38,9911,2010,0.0,30524.0,0.062649,-0.6461779999999999,CAF,940290
32050190,38,9911,2011,0.0,88174.0,-0.318191,-0.68375,CAF,940290
32050191,38,9911,2012,0.0,12878.0,-0.264052,-0.727242,CAF,940290
32050192,38,9911,2013,2415.0,37476.0,-0.268604,-0.606101,CAF,940290
32050193,38,9911,2014,2359.0,222240.0,0.695875,0.543384,CAF,940290
32050194,38,9911,2015,0.0,122400.0,-0.35029,-0.6630199999999999,CAF,940290
32050195,38,9911,2016,0.0,62567.0,-0.43507299999999993,-0.7039300000000001,CAF,940290
32050196,38,9911,2017,119236.0,111503.0,-0.289049,-0.648497,CAF,940290
32050197,38,9911,2018,0.0,143026.0,-0.041318,-0.687923,CAF,940290
32050198,38,9911,2019,0.0,109520.0,-0.027091000000000004,-0.7267899999999999,CAF,940290
32050199,38,9911,2020,0.0,1075179.0,-0.48102700000000004,-0.832994,CAF,940290
32050200,39,9911,1995,5577092.0,34854283.0,1.077804,1.0724200000000002,CAN,940290
32050201,39,9911,1996,7828042.0,29003472.0,1.155706,1.1127049999999998,CAN,940290
32050202,39,9911,1997,10068286.0,33788715.0,1.109494,1.178772,CAN,940290
32050203,39,9911,1998,12821314.0,34712171.0,1.077343,1.119161,CAN,940290
32050204,39,9911,1999,12461445.0,39214611.0,1.083572,1.08026,CAN,940290
32050205,39,9911,2000,14916350.0,48310125.0,1.056577,1.12931,CAN,940290
32050206,39,9911,2001,28252104.0,56716954.0,0.971827,1.105171,CAN,940290
32050207,39,9911,2002,38383666.0,51262398.0,0.9963280000000001,1.1922110000000001,CAN,940290
32050208,39,9911,2003,43821796.0,51016388.0,0.9791540000000001,1.185081,CAN,940290
32050209,39,9911,2004,66119253.0,63890654.0,0.9392739999999999,1.19228,CAN,940290
32050210,39,9911,2005,89090818.0,66118106.0,0.9895149999999999,1.0437459999999998,CAN,940290
32050211,39,9911,2006,117749984.0,75345964.0,0.865685,1.1480489999999999,CAN,940290
32050212,39,9911,2007,121355899.0,90702586.0,0.77681,1.20517,CAN,940290
32050213,39,9911,2008,171022120.0,109907783.0,0.684659,1.085312,CAN,940290
32050214,39,9911,2009,147472605.0,111113252.0,0.6778069999999999,1.278402,CAN,940290
32050215,39,9911,2010,140051268.0,135720481.0,0.752421,1.2208510000000001,CAN,940290
32050216,39,9911,2011,155705880.0,177000883.0,0.754813,1.1967290000000002,CAN,940290
32050217,39,9911,2012,137983441.0,170421951.0,0.693098,1.132064,CAN,940290
32050218,39,9911,2013,115025948.0,170856103.0,0.719649,1.017046,CAN,940290
32050219,39,9911,2014,108477153.0,181529986.0,0.671395,1.024683,CAN,940290
32050220,39,9911,2015,91191194.0,182957680.0,0.695867,1.171676,CAN,940290
32050221,39,9911,2016,87789160.0,166565607.0,0.6579050000000001,1.12259,CAN,940290
32050222,39,9911,2017,108709101.0,191194912.0,0.73897,1.206402,CAN,940290
32050223,39,9911,2018,110012090.0,200878298.0,0.666822,1.218593,CAN,940290
32050224,39,9911,2019,112663102.0,179826500.0,0.657292,1.187872,CAN,940290
32050225,39,9911,2020,112770148.0,293361324.0,0.609267,1.1890479999999999,CAN,940290
32050226,40,9911,1995,0.0,2417.0,-0.13755,-0.5880850000000001,CCK,940290
32050227,40,9911,1996,,,0.26213400000000003,-0.584997,CCK,940290
32050228,40,9911,1997,,,0.995143,-0.37411300000000003,CCK,940290
32050229,40,9911,1998,,,0.283156,-0.549021,CCK,940290
32050230,40,9911,1999,,,0.697291,-0.48773999999999995,CCK,940290
32050231,40,9911,2000,,,1.171549,-0.33660999999999996,CCK,940290
32050232,40,9911,2001,0.0,4489.0,1.5803969999999998,-0.258236,CCK,940290
32050233,40,9911,2002,,,0.908435,-0.47951000000000005,CCK,940290
32050234,40,9911,2003,,,1.2656530000000001,-0.20865999999999998,CCK,940290
32050235,40,9911,2004,0.0,408092.0,0.981239,-0.342031,CCK,940290
32050236,40,9911,2005,55504.0,100952.0,1.1435870000000001,-0.09681000000000001,CCK,940290
32050237,40,9911,2006,,,1.151181,-0.16833900000000002,CCK,940290
32050238,40,9911,2007,,,0.970841,0.04999,CCK,940290
32050239,40,9911,2008,,,1.191492,-0.219504,CCK,940290
32050240,40,9911,2009,,,0.973582,-0.5092479999999999,CCK,940290
32050241,40,9911,2010,0.0,13921.0,0.65937,-0.48724399999999995,CCK,940290
32050242,40,9911,2011,,,0.9612229999999999,-0.349571,CCK,940290
32050243,40,9911,2012,220552.0,0.0,1.178557,0.175336,CCK,940290
32050244,40,9911,2013,3826.0,0.0,1.458176,0.045868,CCK,940290
32050245,40,9911,2014,0.0,9442.0,0.8426629999999999,-0.258254,CCK,940290
32050246,40,9911,2015,0.0,4445.0,1.2134049999999998,-0.228465,CCK,940290
32050247,40,9911,2016,,,1.5291700000000001,0.030156,CCK,940290
32050248,40,9911,2017,0.0,9590.0,1.432778,0.146181,CCK,940290
32050249,40,9911,2018,0.0,6705.0,0.8609030000000001,-0.013083000000000001,CCK,940290
32050250,40,9911,2019,0.0,15177.0,1.440861,-0.056663,CCK,940290
32050251,40,9911,2020,23206.0,0.0,1.373165,0.070636,CCK,940290
32050252,41,9911,1995,22214000.0,17467731.0,2.1893029999999998,0.82765,CHE,940290
32050253,41,9911,1996,16717394.0,15280281.0,2.246238,0.603288,CHE,940290
32050254,41,9911,1997,18239875.0,13238453.0,2.280163,0.597819,CHE,940290
32050255,41,9911,1998,20864501.0,14137085.0,2.252965,0.561806,CHE,940290
32050256,41,9911,1999,17369341.0,13657515.0,2.189934,0.741428,CHE,940290
32050257,41,9911,2000,13357431.0,16120133.0,2.197959,0.489989,CHE,940290
32050258,41,9911,2001,15023747.0,19429941.0,2.227246,0.553956,CHE,940290
32050259,41,9911,2002,18745865.0,21207664.0,2.218095,0.620946,CHE,940290
32050260,41,9911,2003,15547844.0,22608538.0,2.151037,0.711217,CHE,940290
32050261,41,9911,2004,14207836.0,24805457.0,2.151471,0.7196279999999999,CHE,940290
32050262,41,9911,2005,18219658.0,32912032.0,2.0461709999999997,0.615855,CHE,940290
32050263,41,9911,2006,19034586.0,33723872.0,2.052534,0.515523,CHE,940290
32050264,41,9911,2007,21264834.0,43698252.0,2.0198080000000003,0.42277200000000004,CHE,940290
32050265,41,9911,2008,26496206.0,49070012.0,1.978404,0.368694,CHE,940290
32050266,41,9911,2009,22512093.0,44356886.0,2.124438,0.484861,CHE,940290
32050267,41,9911,2010,23093836.0,47634851.0,2.1492080000000002,0.556424,CHE,940290
32050268,41,9911,2011,31787387.0,56132481.0,2.2644029999999997,0.406131,CHE,940290
32050269,41,9911,2012,23199988.0,53284773.0,2.060769,0.562718,CHE,940290
32050270,41,9911,2013,19493345.0,67832880.0,2.2104470000000003,0.5403479999999999,CHE,940290
32050271,41,9911,2014,20429022.0,64017172.0,2.2000919999999997,0.65398,CHE,940290
32050272,41,9911,2015,17135707.0,61186504.0,2.306075,0.720781,CHE,940290
32050273,41,9911,2016,18438570.0,62793687.0,2.3488689999999997,0.806291,CHE,940290
32050274,41,9911,2017,20699298.0,63714325.0,2.2557810000000003,0.845459,CHE,940290
32050275,41,9911,2018,28886704.0,61266764.0,2.2324330000000003,0.7801560000000001,CHE,940290
32050276,41,9911,2019,26900213.0,68941689.0,2.1990849999999997,0.8394229999999999,CHE,940290
32050277,41,9911,2020,31126926.0,70506130.0,2.184038,0.900965,CHE,940290
32050278,42,9911,1995,2341.0,2891749.0,-0.073436,-0.192675,CHL,940290
32050279,42,9911,1996,29596.0,2203343.0,-0.052811000000000004,-0.169464,CHL,940290
32050280,42,9911,1997,14012.0,2983829.0,0.002791,-0.030604000000000003,CHL,940290
32050281,42,9911,1998,11534.0,3061392.0,0.029706,-0.061149,CHL,940290
32050282,42,9911,1999,11815.0,4491165.0,0.041013,-0.111553,CHL,940290
32050283,42,9911,2000,3329.0,2366733.0,0.068478,-0.053438,CHL,940290
32050284,42,9911,2001,50653.0,2579072.0,-0.004658,-0.002548,CHL,940290
32050285,42,9911,2002,12059.0,2228768.0,-0.035264,-0.101796,CHL,940290
32050286,42,9911,2003,22360.0,2342274.0,-0.06375900000000001,-0.156808,CHL,940290
32050287,42,9911,2004,29699.0,3587343.0,-0.07869,-0.33641,CHL,940290
32050288,42,9911,2005,23162.0,3638212.0,-0.168344,-0.43438999999999994,CHL,940290
32050289,42,9911,2006,47935.0,9488427.0,-0.188298,-0.46778000000000003,CHL,940290
32050290,42,9911,2007,94699.0,9097436.0,-0.306846,-0.57431,CHL,940290
32050291,42,9911,2008,33009.0,12271538.0,-0.293985,-0.349554,CHL,940290
32050292,42,9911,2009,246391.0,11437124.0,-0.219521,-0.34239,CHL,940290
32050293,42,9911,2010,1164854.0,15303787.0,-0.34914,-0.459395,CHL,940290
32050294,42,9911,2011,114714254.0,15959897.0,-0.199877,-0.353009,CHL,940290
32050295,42,9911,2012,255322.0,26427829.0,-0.333891,-0.45610200000000006,CHL,940290
32050296,42,9911,2013,544642.0,22503079.0,-0.260718,-0.38256100000000004,CHL,940290
32050297,42,9911,2014,191853.0,17754024.0,-0.344671,-0.43380799999999997,CHL,940290
32050298,42,9911,2015,190876.0,17619027.0,-0.356167,-0.47629399999999994,CHL,940290
32050299,42,9911,2016,274457.0,21032983.0,-0.385519,-0.470495,CHL,940290
32050300,42,9911,2017,235729.0,16480862.0,-0.378693,-0.492983,CHL,940290
32050301,42,9911,2018,283369.0,21276345.0,-0.37677,-0.49605299999999997,CHL,940290
32050302,42,9911,2019,66240.0,22471886.0,-0.34416199999999997,-0.432674,CHL,940290
32050303,42,9911,2020,173520.0,24213635.0,-0.307923,-0.565983,CHL,940290
32050304,43,9911,1995,4030950.0,1956318.0,0.387897,3.2147919999999996,CHN,940290
32050305,43,9911,1996,3190565.0,3698843.0,0.404422,3.061344,CHN,940290
32050306,43,9911,1997,2069726.0,9220458.0,0.36051300000000003,3.287322,CHN,940290
32050307,43,9911,1998,2956677.0,4820920.0,0.3658,3.231258,CHN,940290
32050308,43,9911,1999,4771494.0,9091626.0,0.386094,3.270089,CHN,940290
32050309,43,9911,2000,5399238.0,18904952.0,0.478362,3.156111,CHN,940290
32050310,43,9911,2001,10712915.0,13903452.0,0.525171,3.092963,CHN,940290
32050311,43,9911,2002,18902786.0,15676669.0,0.576746,2.7995520000000003,CHN,940290
32050312,43,9911,2003,31386801.0,24660789.0,0.579431,2.773139,CHN,940290
32050313,43,9911,2004,56942261.0,28345451.0,0.581548,2.8689880000000003,CHN,940290
32050314,43,9911,2005,79377734.0,34663897.0,0.608256,2.8242220000000002,CHN,940290
32050315,43,9911,2006,111708630.0,27450162.0,0.737888,2.54966,CHN,940290
32050316,43,9911,2007,172385199.0,38088539.0,0.801547,2.321052,CHN,940290
32050317,43,9911,2008,257644275.0,44469981.0,0.929285,1.8917259999999998,CHN,940290
32050318,43,9911,2009,266879781.0,44730228.0,0.898623,2.08703,CHN,940290
32050319,43,9911,2010,339297060.0,64301566.0,0.922493,2.0176,CHN,940290
32050320,43,9911,2011,411093547.0,72787122.0,1.072299,1.686826,CHN,940290
32050321,43,9911,2012,501241653.0,73503568.0,1.095682,1.354837,CHN,940290
32050322,43,9911,2013,502912511.0,75671660.0,1.113767,1.477496,CHN,940290
32050323,43,9911,2014,545871500.0,77026983.0,1.187557,1.222085,CHN,940290
32050324,43,9911,2015,553225040.0,77269304.0,1.077143,1.735757,CHN,940290
32050325,43,9911,2016,496780207.0,83717263.0,1.1073620000000002,1.723098,CHN,940290
32050326,43,9911,2017,585392862.0,94039980.0,1.1127790000000002,1.56869,CHN,940290
32050327,43,9911,2018,634416377.0,98058598.0,1.200689,1.2822,CHN,940290
32050328,43,9911,2019,727764618.0,93610862.0,1.196265,1.2258870000000002,CHN,940290
32050329,43,9911,2020,999796957.0,98751441.0,1.187837,1.2237770000000001,CHN,940290
32050330,44,9911,1995,0.0,766310.0,-0.781656,-0.74293,CIV,940290
32050331,44,9911,1996,63730.0,1909658.0,-0.8720459999999999,-0.7904479999999999,CIV,940290
32050332,44,9911,1997,5591.0,891449.0,-0.685339,-0.62129,CIV,940290
32050333,44,9911,1998,46460.0,751312.0,-0.75115,-0.753865,CIV,940290
32050334,44,9911,1999,21305.0,1012494.0,-0.591892,-0.654457,CIV,940290
32050335,44,9911,2000,24292.0,352894.0,-0.7772640000000001,-0.632181,CIV,940290
32050336,44,9911,2001,10755.0,317198.0,-0.715949,-0.524428,CIV,940290
32050337,44,9911,2002,55329.0,195155.0,-0.816327,-0.711765,CIV,940290
32050338,44,9911,2003,86229.0,84785.0,-0.699928,-0.723739,CIV,940290
32050339,44,9911,2004,27297.0,2801865.0,-0.8490979999999999,-0.754732,CIV,940290
32050340,44,9911,2005,6898.0,220084.0,-0.900386,-0.804689,CIV,940290
32050341,44,9911,2006,4879.0,297407.0,-0.8918530000000001,-0.8145819999999999,CIV,940290
32050342,44,9911,2007,15163.0,259812.0,-0.9989110000000001,-0.867232,CIV,940290
32050343,44,9911,2008,49196.0,1113077.0,-0.9806040000000001,-0.730792,CIV,940290
32050344,44,9911,2009,0.0,899857.0,-0.924681,-0.801371,CIV,940290
32050345,44,9911,2010,1147.0,1194905.0,-1.256641,-0.946767,CIV,940290
32050346,44,9911,2011,13659.0,377541.0,-1.069474,-0.867439,CIV,940290
32050347,44,9911,2012,27171.0,577884.0,-0.9721879999999999,-0.837227,CIV,940290
32050348,44,9911,2013,352364.0,1132999.0,-0.923558,-0.866642,CIV,940290
32050349,44,9911,2014,293743.0,1712347.0,-0.737625,-0.768728,CIV,940290
32050350,44,9911,2015,76586.0,2083843.0,-0.856142,-0.905292,CIV,940290
32050351,44,9911,2016,102655.0,3900769.0,-0.88415,-0.8122689999999999,CIV,940290
32050352,44,9911,2017,16590.0,1652337.0,-0.784119,-0.904135,CIV,940290
32050353,44,9911,2018,9069.0,1678932.0,-0.8733569999999999,-0.8443139999999999,CIV,940290
32050354,44,9911,2019,15865.0,1700575.0,-0.9916719999999999,-0.960625,CIV,940290
32050355,44,9911,2020,0.0,3723501.0,-1.2299200000000001,-1.095777,CIV,940290
32050356,45,9911,1995,2381.0,103954.0,-1.121716,-0.9758020000000001,CMR,940290
32050357,45,9911,1996,0.0,82425.0,-1.4036309999999999,-1.090633,CMR,940290
32050358,45,9911,1997,0.0,247029.0,-1.205482,-1.015714,CMR,940290
32050359,45,9911,1998,0.0,148032.0,-1.8845029999999998,-1.250205,CMR,940290
32050360,45,9911,1999,0.0,104214.0,-1.7392470000000002,-1.241373,CMR,940290
32050361,45,9911,2000,3917.0,162747.0,-1.547715,-1.161125,CMR,940290
32050362,45,9911,2001,0.0,201305.0,-1.6254879999999998,-1.212513,CMR,940290
32050363,45,9911,2002,0.0,714349.0,-1.114477,-1.0516510000000001,CMR,940290
32050364,45,9911,2003,2170.0,146179.0,-1.254788,-1.10897,CMR,940290
32050365,45,9911,2004,0.0,350342.0,-1.604916,-1.217399,CMR,940290
32050366,45,9911,2005,2995.0,308315.0,-1.5648739999999999,-1.210117,CMR,940290
32050367,45,9911,2006,1091.0,399346.0,-1.358873,-1.1511360000000002,CMR,940290
32050368,45,9911,2007,3628.0,365922.0,-0.821623,-0.965601,CMR,940290
32050369,45,9911,2008,1101.0,893279.0,-1.143808,-1.0725,CMR,940290
32050370,45,9911,2009,15203.0,557535.0,-1.128734,-1.022546,CMR,940290
32050371,45,9911,2010,6972.0,714408.0,-1.114209,-1.0127899999999999,CMR,940290
32050372,45,9911,2011,0.0,677211.0,-0.7956340000000001,-0.8532790000000001,CMR,940290
32050373,45,9911,2012,7522.0,1487686.0,-1.0127030000000001,-1.011776,CMR,940290
32050374,45,9911,2013,5860.0,1135925.0,-0.901531,-1.027111,CMR,940290
32050375,45,9911,2014,54182.0,1242065.0,-0.6723520000000001,-0.945084,CMR,940290
32050376,45,9911,2015,4136.0,953176.0,-0.924366,-1.040721,CMR,940290
32050377,45,9911,2016,9651.0,1462616.0,-1.086484,-1.0725559999999998,CMR,940290
32050378,45,9911,2017,2450.0,955600.0,-1.048569,-1.030799,CMR,940290
32050379,45,9911,2018,12505.0,758730.0,-1.366619,-1.09894,CMR,940290
32050380,45,9911,2019,0.0,2266649.0,-1.461279,-1.214274,CMR,940290
32050381,45,9911,2020,0.0,3140814.0,-1.379365,-1.177022,CMR,940290
32050382,46,9911,1995,0.0,64518.0,-1.4672459999999998,-1.0777139999999998,COD,940290
32050383,46,9911,1996,0.0,602739.0,-1.2167,-1.086508,COD,940290
32050384,46,9911,1997,0.0,91687.0,-1.274443,-1.073668,COD,940290
32050385,46,9911,1998,0.0,153320.0,-1.753881,-1.201073,COD,940290
32050386,46,9911,1999,0.0,88467.0,-1.4871290000000001,-1.1859620000000002,COD,940290
32050387,46,9911,2000,0.0,101233.0,-0.902222,-1.068924,COD,940290
32050388,46,9911,2001,0.0,76642.0,-1.421643,-1.154007,COD,940290
32050389,46,9911,2002,0.0,115174.0,-1.2657370000000001,-1.108659,COD,940290
32050390,46,9911,2003,0.0,226520.0,-1.366232,-1.0778860000000001,COD,940290
32050391,46,9911,2004,0.0,238020.0,-1.405291,-1.108962,COD,940290
32050392,46,9911,2005,0.0,50639.0,-1.7843189999999998,-1.155135,COD,940290
32050393,46,9911,2006,0.0,455256.0,-1.542137,-1.086494,COD,940290
32050394,46,9911,2007,0.0,183338.0,-1.507664,-1.111844,COD,940290
32050395,46,9911,2008,3074.0,414121.0,-1.513117,-1.141895,COD,940290
32050396,46,9911,2009,0.0,1262222.0,-1.532165,-1.160269,COD,940290
32050397,46,9911,2010,13723.0,984594.0,-1.465101,-1.139909,COD,940290
32050398,46,9911,2011,1395.0,950434.0,-0.722957,-0.965141,COD,940290
32050399,46,9911,2012,11225.0,1043527.0,-1.442925,-1.170333,COD,940290
32050400,46,9911,2013,0.0,1511869.0,-1.300125,-1.0708010000000001,COD,940290
32050401,46,9911,2014,3749.0,796160.0,-1.6680240000000002,-1.1265129999999999,COD,940290
32050402,46,9911,2015,0.0,1412785.0,-1.3921290000000002,-1.146549,COD,940290
32050403,46,9911,2016,3664.0,2476653.0,-1.136472,-1.109177,COD,940290
32050404,46,9911,2017,816.0,772979.0,-1.3960569999999999,-1.126784,COD,940290
32050405,46,9911,2018,37993.0,2078497.0,-1.743034,-1.20446,COD,940290
32050406,46,9911,2019,11111.0,1509431.0,-1.2685879999999998,-1.148403,COD,940290
32050407,46,9911,2020,876.0,1706930.0,-1.538455,-1.1857659999999999,COD,940290
32050408,47,9911,1995,0.0,34779.0,-0.648521,-1.0392190000000001,COG,940290
32050409,47,9911,1996,0.0,66694.0,-1.522142,-1.165936,COG,940290
32050410,47,9911,1997,0.0,2971411.0,-1.58904,-1.1557979999999999,COG,940290
32050411,47,9911,1998,0.0,18177.0,-1.404207,-1.133436,COG,940290
32050412,47,9911,1999,0.0,153086.0,-1.2759120000000002,-1.1418030000000001,COG,940290
32050413,47,9911,2000,0.0,238929.0,-1.862839,-1.214684,COG,940290
32050414,47,9911,2001,0.0,188272.0,-1.482788,-1.172,COG,940290
32050415,47,9911,2002,0.0,763764.0,-1.62227,-1.202067,COG,940290
32050416,47,9911,2003,0.0,185174.0,-1.6789619999999998,-1.182557,COG,940290
32050417,47,9911,2004,0.0,366217.0,-1.610222,-1.184921,COG,940290
32050418,47,9911,2005,0.0,572751.0,-1.648425,-1.1852040000000001,COG,940290
32050419,47,9911,2006,0.0,523612.0,-1.9903240000000002,-1.189925,COG,940290
32050420,47,9911,2007,387.0,163107.0,-1.88462,-1.22688,COG,940290
32050421,47,9911,2008,4568.0,1172446.0,-2.2772799999999997,-1.216089,COG,940290
32050422,47,9911,2009,0.0,697535.0,-1.466289,-1.201249,COG,940290
32050423,47,9911,2010,699.0,897568.0,-1.536434,-1.175338,COG,940290
32050424,47,9911,2011,0.0,417201.0,-0.979359,-1.084589,COG,940290
32050425,47,9911,2012,0.0,779118.0,-1.210442,-1.086805,COG,940290
32050426,47,9911,2013,672.0,1262930.0,-1.215681,-1.08679,COG,940290
32050427,47,9911,2014,34359.0,963200.0,-1.371624,-1.12468,COG,940290
32050428,47,9911,2015,0.0,829452.0,-1.294823,-1.18811,COG,940290
32050429,47,9911,2016,0.0,597579.0,-0.718731,-1.0663799999999999,COG,940290
32050430,47,9911,2017,0.0,344490.0,-1.2289780000000001,-1.169368,COG,940290
32050431,47,9911,2018,0.0,322549.0,-1.52875,-1.1869100000000001,COG,940290
32050432,47,9911,2019,0.0,320322.0,-1.305193,-1.162808,COG,940290
32050433,47,9911,2020,0.0,1726268.0,-1.580638,-1.2020870000000001,COG,940290
32050434,48,9911,1995,0.0,13968.0,0.15283,-0.45298,COK,940290
32050435,48,9911,1996,0.0,11539.0,0.053446,-0.556272,COK,940290
32050436,48,9911,1997,0.0,4646.0,0.021011000000000002,-0.432936,COK,940290
32050437,48,9911,1998,0.0,10432.0,-0.18348399999999998,-0.650889,COK,940290
32050438,48,9911,1999,0.0,7826.0,0.086577,-0.604988,COK,940290
32050439,48,9911,2000,0.0,1772.0,-0.185791,-0.7267359999999999,COK,940290
32050440,48,9911,2001,0.0,17238.0,-0.003435,-0.72313,COK,940290
32050441,48,9911,2002,0.0,9556.0,0.22351300000000002,-0.5197729999999999,COK,940290
32050442,48,9911,2003,0.0,19456.0,0.327914,-0.466681,COK,940290
32050443,48,9911,2004,0.0,63317.0,0.10636,-0.652109,COK,940290
32050444,48,9911,2005,0.0,13835.0,0.039373000000000005,-0.649169,COK,940290
32050445,48,9911,2006,0.0,93568.0,0.564179,-0.296135,COK,940290
32050446,48,9911,2007,0.0,56043.0,0.0857,-0.604571,COK,940290
32050447,48,9911,2008,0.0,10569.0,0.49011400000000005,-0.550991,COK,940290
32050448,48,9911,2009,0.0,31383.0,0.291299,-0.477813,COK,940290
32050449,48,9911,2010,0.0,59516.0,0.366399,-0.555715,COK,940290
32050450,48,9911,2011,0.0,33704.0,0.053038,-0.521486,COK,940290
32050451,48,9911,2012,0.0,52865.0,0.036403,-0.633828,COK,940290
32050452,48,9911,2013,0.0,104488.0,0.483939,-0.42226400000000003,COK,940290
32050453,48,9911,2014,0.0,73660.0,0.151329,-0.693285,COK,940290
32050454,48,9911,2015,0.0,40255.0,0.388457,-0.682666,COK,940290
32050455,48,9911,2016,0.0,142837.0,0.20994699999999997,-0.791095,COK,940290
32050456,48,9911,2017,0.0,120310.0,0.154051,-0.74144,COK,940290
32050457,48,9911,2018,0.0,125169.0,0.716123,-0.631445,COK,940290
32050458,48,9911,2019,0.0,7930.0,0.430439,-0.7410720000000001,COK,940290
32050459,48,9911,2020,0.0,17122.0,0.20487800000000003,-0.696278,COK,940290
32050460,49,9911,1995,172370.0,3045467.0,0.094335,0.13047999999999998,COL,940290
32050461,49,9911,1996,391912.0,3801287.0,0.136487,0.078743,COL,940290
32050462,49,9911,1997,51152.0,6901550.0,0.190632,0.068001,COL,940290
32050463,49,9911,1998,216793.0,3531168.0,0.205004,0.13985899999999998,COL,940290
32050464,49,9911,1999,157894.0,2582548.0,0.190667,0.136271,COL,940290
32050465,49,9911,2000,212439.0,2715236.0,0.299592,0.320885,COL,940290
32050466,49,9911,2001,557674.0,1734650.0,0.30412,0.395913,COL,940290
32050467,49,9911,2002,898622.0,2029212.0,0.345094,0.37787800000000005,COL,940290
32050468,49,9911,2003,814318.0,1357438.0,0.218336,0.376869,COL,940290
32050469,49,9911,2004,601081.0,1418619.0,0.033128,0.47524799999999995,COL,940290
32050470,49,9911,2005,4231421.0,3388183.0,0.077191,0.47193500000000005,COL,940290
32050471,49,9911,2006,5346071.0,3528174.0,0.129887,0.44371700000000003,COL,940290
32050472,49,9911,2007,930213.0,5463676.0,0.118341,0.557699,COL,940290
32050473,49,9911,2008,2766812.0,6369432.0,0.19505699999999998,0.566189,COL,940290
32050474,49,9911,2009,4183619.0,8222330.0,0.263416,0.38947,COL,940290
32050475,49,9911,2010,690841.0,9643158.0,0.097222,-0.064328,COL,940290
32050476,49,9911,2011,1737369.0,13896287.0,0.14336600000000002,-0.22996,COL,940290
32050477,49,9911,2012,3832853.0,13831328.0,0.15523699999999999,-0.30749099999999996,COL,940290
32050478,49,9911,2013,1529368.0,13283694.0,0.121799,-0.388239,COL,940290
32050479,49,9911,2014,1810737.0,15516441.0,0.19864500000000002,-0.378364,COL,940290
32050480,49,9911,2015,1251979.0,17280532.0,0.156383,-0.183055,COL,940290
32050481,49,9911,2016,1303169.0,11938440.0,0.10205700000000001,-0.155574,COL,940290
32050482,49,9911,2017,1374265.0,9407649.0,0.208096,-0.17644300000000002,COL,940290
32050483,49,9911,2018,1532508.0,12096802.0,0.20431,-0.15273699999999998,COL,940290
32050484,49,9911,2019,2790857.0,11014133.0,0.099936,-0.15568800000000002,COL,940290
32050485,49,9911,2020,3166613.0,13465466.0,0.115954,0.104558,COL,940290
32050486,50,9911,1995,0.0,70286.0,-0.125195,-0.6788930000000001,COM,940290
32050487,50,9911,1996,0.0,86426.0,-1.007044,-0.833519,COM,940290
32050488,50,9911,1997,0.0,350710.0,0.42716899999999997,-0.618352,COM,940290
32050489,50,9911,1998,0.0,137910.0,0.242641,-0.6324069999999999,COM,940290
32050490,50,9911,1999,0.0,491362.0,0.57439,-0.576433,COM,940290
32050491,50,9911,2000,0.0,1954.0,-0.9233299999999999,-0.9126479999999999,COM,940290
32050492,50,9911,2001,0.0,4389.0,-0.24810700000000002,-0.832764,COM,940290
32050493,50,9911,2002,0.0,9048.0,-0.95335,-0.916942,COM,940290
32050494,50,9911,2003,0.0,20148.0,-0.675377,-0.791014,COM,940290
32050495,50,9911,2004,0.0,6805.0,-0.581058,-0.8678309999999999,COM,940290
32050496,50,9911,2005,0.0,171514.0,-0.6264,-0.853095,COM,940290
32050497,50,9911,2006,0.0,13779.0,-0.5214300000000001,-0.8452149999999999,COM,940290
32050498,50,9911,2007,0.0,7141.0,-0.956375,-0.964842,COM,940290
32050499,50,9911,2008,0.0,15629.0,-0.101412,-0.841565,COM,940290
32050500,50,9911,2009,0.0,246454.0,0.080831,-0.7148760000000001,COM,940290
32050501,50,9911,2010,0.0,69467.0,0.8640059999999999,-0.6108180000000001,COM,940290
32050502,50,9911,2011,0.0,21157.0,0.449788,-0.533709,COM,940290
32050503,50,9911,2012,2769.0,150960.0,-0.044716000000000006,-0.716491,COM,940290
32050504,50,9911,2013,0.0,157702.0,-0.326422,-0.6956640000000001,COM,940290
32050505,50,9911,2014,0.0,539923.0,-0.19200699999999998,-0.761303,COM,940290
32050506,50,9911,2015,0.0,37008.0,-0.551674,-0.867288,COM,940290
32050507,50,9911,2016,0.0,31639.0,-0.520849,-0.8678040000000001,COM,940290
32050508,50,9911,2017,0.0,64484.0,-0.880647,-0.927383,COM,940290
32050509,50,9911,2018,0.0,76858.0,-0.472937,-0.8866280000000001,COM,940290
32050510,50,9911,2019,0.0,42255.0,0.21475,-0.737725,COM,940290
32050511,50,9911,2020,0.0,282237.0,-0.314278,-0.86393,COM,940290
32050512,51,9911,1995,0.0,42225.0,0.302241,-0.532841,CPV,940290
32050513,51,9911,1996,0.0,20098.0,0.247925,-0.512776,CPV,940290
32050514,51,9911,1997,0.0,29971.0,1.154102,-0.255423,CPV,940290
32050515,51,9911,1998,0.0,220047.0,0.61526,-0.455517,CPV,940290
32050516,51,9911,1999,0.0,39363.0,0.783048,-0.442508,CPV,940290
32050517,51,9911,2000,0.0,36157.0,0.434429,-0.218505,CPV,940290
32050518,51,9911,2001,0.0,83397.0,0.063802,-0.456617,CPV,940290
32050519,51,9911,2002,0.0,316210.0,-0.29720100000000005,-0.703051,CPV,940290
32050520,51,9911,2003,129986.0,67071.0,0.070649,-0.541279,CPV,940290
32050521,51,9911,2004,0.0,93688.0,-0.160185,-0.729291,CPV,940290
32050522,51,9911,2005,0.0,217650.0,0.12126400000000001,-0.44637899999999997,CPV,940290
32050523,51,9911,2006,5519.0,122985.0,0.369814,-0.414812,CPV,940290
32050524,51,9911,2007,0.0,206447.0,0.289375,-0.295194,CPV,940290
32050525,51,9911,2008,0.0,226323.0,0.16722,-0.64183,CPV,940290
32050526,51,9911,2009,0.0,181190.0,0.32592600000000005,-0.531697,CPV,940290
32050527,51,9911,2010,0.0,258280.0,0.140658,-0.527468,CPV,940290
32050528,51,9911,2011,0.0,191217.0,0.006139,-0.610237,CPV,940290
32050529,51,9911,2012,0.0,240033.0,-0.049047,-0.541215,CPV,940290
32050530,51,9911,2013,0.0,230855.0,-0.75058,-0.8948219999999999,CPV,940290
32050531,51,9911,2014,0.0,153500.0,-0.182368,-0.7136359999999999,CPV,940290
32050532,51,9911,2015,0.0,239936.0,-0.263621,-0.772158,CPV,940290
32050533,51,9911,2016,0.0,199839.0,0.264883,-0.580199,CPV,940290
32050534,51,9911,2017,0.0,115275.0,-0.11722300000000001,-0.677707,CPV,940290
32050535,51,9911,2018,0.0,47180.0,-0.319064,-0.8615659999999999,CPV,940290
32050536,51,9911,2019,0.0,295387.0,-0.094961,-0.751246,CPV,940290
32050537,51,9911,2020,0.0,188161.0,-0.235719,-0.746113,CPV,940290
32050538,52,9911,1995,16844.0,763182.0,-0.30094699999999996,-0.046285,CRI,940290
32050539,52,9911,1996,10721.0,474314.0,-0.34219499999999997,0.12221900000000001,CRI,940290
32050540,52,9911,1997,134219.0,395521.0,-0.25974200000000003,0.196955,CRI,940290
32050541,52,9911,1998,8716.0,536402.0,-0.26046199999999997,-0.059391,CRI,940290
32050542,52,9911,1999,21612.0,1876174.0,-0.310033,-0.299529,CRI,940290
32050543,52,9911,2000,29180.0,972471.0,-0.095295,-0.189881,CRI,940290
32050544,52,9911,2001,12388.0,2862383.0,0.069458,-0.042793,CRI,940290
32050545,52,9911,2002,31386.0,1058086.0,0.03619,-0.187718,CRI,940290
32050546,52,9911,2003,53746.0,3408918.0,-0.193904,-0.5049680000000001,CRI,940290
32050547,52,9911,2004,17751.0,567661.0,-0.043266000000000006,-0.376239,CRI,940290
32050548,52,9911,2005,50801.0,644203.0,-0.06424099999999999,-0.370622,CRI,940290
32050549,52,9911,2006,22067.0,990293.0,0.042663,-0.376672,CRI,940290
32050550,52,9911,2007,19621.0,1621895.0,0.001895,-0.30248600000000003,CRI,940290
32050551,52,9911,2008,95640.0,2006278.0,0.023962,-0.346029,CRI,940290
32050552,52,9911,2009,19615.0,2991055.0,-0.142465,-0.669277,CRI,940290
32050553,52,9911,2010,156282.0,1698121.0,-0.122722,-0.7062069999999999,CRI,940290
32050554,52,9911,2011,141320.0,2336874.0,0.04325,-0.553193,CRI,940290
32050555,52,9911,2012,60121.0,2093215.0,0.176669,-0.649094,CRI,940290
32050556,52,9911,2013,42882.0,4561844.0,0.067379,-0.688217,CRI,940290
32050557,52,9911,2014,21074.0,2879111.0,0.065938,-0.687971,CRI,940290
32050558,52,9911,2015,52256.0,3659976.0,0.24859699999999998,-0.033143,CRI,940290
32050559,52,9911,2016,285900.0,6502875.0,0.204591,-0.18279600000000001,CRI,940290
32050560,52,9911,2017,108020.0,7041930.0,0.288642,-0.056219000000000005,CRI,940290
32050561,52,9911,2018,70280.0,7983892.0,0.19386,0.05811,CRI,940290
32050562,52,9911,2019,216089.0,10688313.0,0.38045,0.08960900000000001,CRI,940290
32050563,52,9911,2020,169286.0,15405877.0,0.303849,-0.114494,CRI,940290
32050564,53,9911,1995,,,,,CSK,940290
32050565,53,9911,1996,,,,,CSK,940290
32050566,53,9911,1997,,,,,CSK,940290
32050567,53,9911,1998,,,,,CSK,940290
32050568,53,9911,1999,,,,,CSK,940290
32050569,53,9911,2000,,,,,CSK,940290
32050570,53,9911,2001,,,,,CSK,940290
32050571,53,9911,2002,,,,,CSK,940290
32050572,53,9911,2003,,,,,CSK,940290
32050573,53,9911,2004,,,,,CSK,940290
32050574,53,9911,2005,,,,,CSK,940290
32050575,53,9911,2006,,,,,CSK,940290
32050576,53,9911,2007,,,,,CSK,940290
32050577,53,9911,2008,,,,,CSK,940290
32050578,53,9911,2009,,,,,CSK,940290
32050579,53,9911,2010,,,,,CSK,940290
32050580,53,9911,2011,,,,,CSK,940290
32050581,53,9911,2012,,,,,CSK,940290
32050582,53,9911,2013,,,,,CSK,940290
32050583,53,9911,2014,,,,,CSK,940290
32050584,53,9911,2015,,,,,CSK,940290
32050585,53,9911,2016,,,,,CSK,940290
32050586,53,9911,2017,,,,,CSK,940290
32050587,53,9911,2018,,,,,CSK,940290
32050588,53,9911,2019,,,,,CSK,940290
32050589,53,9911,2020,,,,,CSK,940290
32050590,54,9911,1995,0.0,1053213.0,-0.315644,-0.8812110000000001,CUB,940290
32050591,54,9911,1996,0.0,1573044.0,-0.555246,-1.0420479999999999,CUB,940290
32050592,54,9911,1997,0.0,605739.0,-0.403192,-1.041751,CUB,940290
32050593,54,9911,1998,0.0,622588.0,-0.349393,-0.9927889999999999,CUB,940290
32050594,54,9911,1999,0.0,402014.0,-0.152322,-0.8734270000000001,CUB,940290
32050595,54,9911,2000,860.0,577457.0,-0.338457,-0.9391370000000001,CUB,940290
32050596,54,9911,2001,63960.0,1380827.0,-0.443391,-0.9599030000000001,CUB,940290
32050597,54,9911,2002,60027.0,910303.0,-0.479213,-0.951203,CUB,940290
32050598,54,9911,2003,98608.0,894725.0,-0.391515,-0.8562120000000001,CUB,940290
32050599,54,9911,2004,205915.0,3648453.0,-0.040541,-0.634675,CUB,940290
32050600,54,9911,2005,1166316.0,11479905.0,0.00695,-0.611843,CUB,940290
32050601,54,9911,2006,12889141.0,26711351.0,0.204039,-0.5183260000000001,CUB,940290
32050602,54,9911,2007,1469.0,9943710.0,-0.308053,-0.8740610000000001,CUB,940290
32050603,54,9911,2008,236674.0,4530887.0,-0.23158299999999998,-0.892943,CUB,940290
32050604,54,9911,2009,2772636.0,2441527.0,0.188114,-0.819958,CUB,940290
32050605,54,9911,2010,27930.0,1926498.0,-0.085462,-0.885019,CUB,940290
32050606,54,9911,2011,85372.0,1496081.0,-0.050093,-0.88759,CUB,940290
32050607,54,9911,2012,50454.0,1003911.0,0.129383,-0.7444609999999999,CUB,940290
32050608,54,9911,2013,439551.0,1073488.0,-0.019956,-0.7873319999999999,CUB,940290
32050609,54,9911,2014,0.0,3199131.0,-0.476786,-0.952291,CUB,940290
32050610,54,9911,2015,0.0,4241368.0,-0.694839,-1.093439,CUB,940290
32050611,54,9911,2016,0.0,6667266.0,-0.602309,-1.0781120000000002,CUB,940290
32050612,54,9911,2017,0.0,3900130.0,-0.77404,-1.121084,CUB,940290
32050613,54,9911,2018,0.0,1348304.0,-0.8835629999999999,-1.15678,CUB,940290
32050614,54,9911,2019,0.0,1605840.0,-0.880892,-1.141591,CUB,940290
32050615,54,9911,2020,0.0,221489.0,-1.171456,-1.224365,CUB,940290
32050616,55,9911,1995,,,,,CUW,940290
32050617,55,9911,1996,,,,,CUW,940290
32050618,55,9911,1997,,,,,CUW,940290
32050619,55,9911,1998,,,,,CUW,940290
32050620,55,9911,1999,,,,,CUW,940290
32050621,55,9911,2000,,,,,CUW,940290
32050622,55,9911,2001,,,,,CUW,940290
32050623,55,9911,2002,,,,,CUW,940290
32050624,55,9911,2003,,,,,CUW,940290
32050625,55,9911,2004,,,,,CUW,940290
32050626,55,9911,2005,,,,,CUW,940290
32050627,55,9911,2006,,,,,CUW,940290
32050628,55,9911,2007,,,,,CUW,940290
32050629,55,9911,2008,,,,,CUW,940290
32050630,55,9911,2009,,,,,CUW,940290
32050631,55,9911,2010,,,,,CUW,940290
32050632,55,9911,2011,9855.0,807651.0,-0.052038,-0.69103,CUW,940290
32050633,55,9911,2012,5906.0,601470.0,0.233821,-0.6050260000000001,CUW,940290
32050634,55,9911,2013,1204.0,498030.0,0.029981999999999998,-0.673439,CUW,940290
32050635,55,9911,2014,0.0,741496.0,-0.00902,-0.683643,CUW,940290
32050636,55,9911,2015,0.0,554127.0,0.296267,-0.6313350000000001,CUW,940290
32050637,55,9911,2016,2402.0,229820.0,0.232855,-0.7864260000000001,CUW,940290
32050638,55,9911,2017,93133.0,403737.0,0.161139,-0.591701,CUW,940290
32050639,55,9911,2018,0.0,1881249.0,0.8093,-0.325347,CUW,940290
32050640,55,9911,2019,42856.0,2367648.0,0.808621,-0.225196,CUW,940290
32050641,55,9911,2020,0.0,492248.0,0.543866,0.190664,CUW,940290
32050642,56,9911,1995,0.0,149439.0,0.732028,-0.6130260000000001,CXR,940290
32050643,56,9911,1996,,,0.8724709999999999,-0.499449,CXR,940290
32050644,56,9911,1997,0.0,1269.0,0.5604020000000001,-0.6793130000000001,CXR,940290
32050645,56,9911,1998,,,0.6067859999999999,-0.706703,CXR,940290
32050646,56,9911,1999,,,0.601561,-0.755731,CXR,940290
32050647,56,9911,2000,0.0,4756.0,0.666367,-0.7077979999999999,CXR,940290
32050648,56,9911,2001,,,1.0924479999999999,-0.7587689999999999,CXR,940290
32050649,56,9911,2002,,,0.46379,-0.7096319999999999,CXR,940290
32050650,56,9911,2003,,,1.019324,-0.439778,CXR,940290
32050651,56,9911,2004,0.0,36687.0,0.590055,-0.721742,CXR,940290
32050652,56,9911,2005,,,1.737368,-0.445572,CXR,940290
32050653,56,9911,2006,,,0.8348770000000001,-0.52778,CXR,940290
32050654,56,9911,2007,0.0,11184.0,1.550877,-0.177793,CXR,940290
32050655,56,9911,2008,,,1.184962,-0.607034,CXR,940290
32050656,56,9911,2009,,,0.883293,-0.597838,CXR,940290
32050657,56,9911,2010,0.0,42515.0,1.1423379999999999,-0.560075,CXR,940290
32050658,56,9911,2011,0.0,19679.0,1.020805,-0.485573,CXR,940290
32050659,56,9911,2012,0.0,92134.0,0.850045,-0.52785,CXR,940290
32050660,56,9911,2013,0.0,194508.0,0.972676,-0.5206729999999999,CXR,940290
32050661,56,9911,2014,0.0,14768.0,0.738877,-0.520547,CXR,940290
32050662,56,9911,2015,0.0,28436.0,0.33029400000000003,-0.725431,CXR,940290
32050663,56,9911,2016,0.0,14539.0,0.810517,-0.598503,CXR,940290
32050664,56,9911,2017,0.0,3570.0,0.46829799999999994,-0.442316,CXR,940290
32050665,56,9911,2018,,,0.449025,-0.7264149999999999,CXR,940290
32050666,56,9911,2019,0.0,16625.0,1.097952,-0.513787,CXR,940290
32050667,56,9911,2020,0.0,15041.0,1.410875,-0.415195,CXR,940290
32050668,57,9911,1995,0.0,688635.0,1.277032,0.064205,CYM,940290
32050669,57,9911,1996,0.0,553066.0,0.532622,-0.428501,CYM,940290
32050670,57,9911,1997,0.0,1027829.0,0.504191,-0.512525,CYM,940290
32050671,57,9911,1998,0.0,1141652.0,0.924544,-0.39263899999999996,CYM,940290
32050672,57,9911,1999,0.0,508217.0,0.909416,-0.6302800000000001,CYM,940290
32050673,57,9911,2000,0.0,1539790.0,0.763021,-0.7265199999999999,CYM,940290
32050674,57,9911,2001,0.0,303854.0,0.611577,-0.6532939999999999,CYM,940290
32050675,57,9911,2002,0.0,32284.0,0.7098220000000001,-0.633359,CYM,940290
32050676,57,9911,2003,0.0,5796.0,0.308768,-0.690944,CYM,940290
32050677,57,9911,2004,0.0,43252.0,0.349925,-0.794084,CYM,940290
32050678,57,9911,2005,0.0,106823.0,0.363006,-0.734404,CYM,940290
32050679,57,9911,2006,0.0,39749.0,0.7708189999999999,-0.648112,CYM,940290
32050680,57,9911,2007,0.0,186433.0,0.532926,-0.54101,CYM,940290
32050681,57,9911,2008,0.0,67866.0,0.862348,-0.708601,CYM,940290
32050682,57,9911,2009,0.0,477035.0,0.805117,-0.684305,CYM,940290
32050683,57,9911,2010,0.0,36713.0,1.2142959999999998,-0.6487430000000001,CYM,940290
32050684,57,9911,2011,0.0,42683.0,0.665662,-0.678581,CYM,940290
32050685,57,9911,2012,0.0,88347.0,1.172677,-0.616959,CYM,940290
32050686,57,9911,2013,0.0,509032.0,0.391996,-0.73249,CYM,940290
32050687,57,9911,2014,0.0,297109.0,1.199562,-0.66969,CYM,940290
32050688,57,9911,2015,1278.0,164188.0,0.275472,-0.831835,CYM,940290
32050689,57,9911,2016,0.0,145122.0,1.045587,-0.779983,CYM,940290
32050690,57,9911,2017,0.0,194463.0,1.105397,-0.794764,CYM,940290
32050691,57,9911,2018,2458.0,183606.0,-0.194933,-0.930874,CYM,940290
32050692,57,9911,2019,0.0,236509.0,0.27157800000000004,-0.901875,CYM,940290
32050693,57,9911,2020,0.0,539720.0,-0.007386,-0.878251,CYM,940290
32050694,58,9911,1995,1834.0,462166.0,0.263764,0.030358999999999997,CYP,940290
32050695,58,9911,1996,45799.0,425975.0,0.20007,0.020590999999999998,CYP,940290
32050696,58,9911,1997,0.0,833605.0,0.451212,0.452754,CYP,940290
32050697,58,9911,1998,349202.0,353889.0,0.45990600000000004,0.41840299999999997,CYP,940290
32050698,58,9911,1999,568399.0,1094236.0,0.508464,0.324706,CYP,940290
32050699,58,9911,2000,152833.0,712882.0,0.235843,0.16877,CYP,940290
32050700,58,9911,2001,17369.0,737608.0,0.381251,0.257802,CYP,940290
32050701,58,9911,2002,1196.0,878647.0,0.381391,0.40265,CYP,940290
32050702,58,9911,2003,0.0,1497647.0,0.259992,0.068914,CYP,940290
32050703,58,9911,2004,448149.0,973955.0,0.533521,0.615939,CYP,940290
32050704,58,9911,2005,334236.0,2176917.0,0.573122,0.474224,CYP,940290
32050705,58,9911,2006,209602.0,3890503.0,0.708267,-0.048096,CYP,940290
32050706,58,9911,2007,177458.0,1574560.0,0.887351,0.426331,CYP,940290
32050707,58,9911,2008,122918.0,1549812.0,1.003211,0.712629,CYP,940290
32050708,58,9911,2009,338755.0,1896768.0,0.934193,0.657555,CYP,940290
32050709,58,9911,2010,543377.0,1603614.0,0.8776450000000001,0.568389,CYP,940290
32050710,58,9911,2011,214153.0,1337690.0,0.798165,0.424179,CYP,940290
32050711,58,9911,2012,317603.0,1898352.0,0.691646,0.11984600000000001,CYP,940290
32050712,58,9911,2013,175113.0,1062566.0,0.502238,0.349608,CYP,940290
32050713,58,9911,2014,173502.0,919473.0,0.627467,0.483725,CYP,940290
32050714,58,9911,2015,76478.0,1434603.0,0.511225,-0.207261,CYP,940290
32050715,58,9911,2016,51589.0,1359335.0,0.40822800000000004,0.07535,CYP,940290
32050716,58,9911,2017,33116.0,1759563.0,0.576982,0.279989,CYP,940290
32050717,58,9911,2018,72651.0,2613837.0,0.45442,-0.113303,CYP,940290
32050718,58,9911,2019,64562.0,4025427.0,0.657782,0.209481,CYP,940290
32050719,58,9911,2020,99619.0,3386640.0,0.5354760000000001,-0.069753,CYP,940290
32050720,59,9911,1995,8328967.0,7201140.0,1.375091,1.628069,CZE,940290
32050721,59,9911,1996,10644816.0,7778294.0,1.401181,1.3094709999999998,CZE,940290
32050722,59,9911,1997,13273552.0,3216041.0,1.40651,1.354695,CZE,940290
32050723,59,9911,1998,13867622.0,3272889.0,1.36345,1.408508,CZE,940290
32050724,59,9911,1999,15436980.0,3580925.0,1.412439,1.329385,CZE,940290
32050725,59,9911,2000,16351139.0,3357406.0,1.393001,1.23271,CZE,940290
32050726,59,9911,2001,20071669.0,4717099.0,1.485703,1.109305,CZE,940290
32050727,59,9911,2002,23280574.0,5956479.0,1.550713,1.037066,CZE,940290
32050728,59,9911,2003,27266136.0,5334277.0,1.555749,0.8662059999999999,CZE,940290
32050729,59,9911,2004,31806263.0,5149188.0,1.562625,0.865244,CZE,940290
32050730,59,9911,2005,43098854.0,5086066.0,1.56768,0.6784319999999999,CZE,940290
32050731,59,9911,2006,55878523.0,6794448.0,1.564058,0.6023649999999999,CZE,940290
32050732,59,9911,2007,70644012.0,7037012.0,1.620377,0.379404,CZE,940290
32050733,59,9911,2008,92657234.0,9080609.0,1.592035,0.27983600000000003,CZE,940290
32050734,59,9911,2009,83351818.0,9728610.0,1.6323159999999999,0.47257200000000005,CZE,940290
32050735,59,9911,2010,99362709.0,7654332.0,1.732044,0.333934,CZE,940290
32050736,59,9911,2011,99597241.0,9391350.0,1.737788,0.14741600000000002,CZE,940290
32050737,59,9911,2012,102804459.0,6713003.0,1.747369,-0.0932,CZE,940290
32050738,59,9911,2013,112892079.0,10974782.0,1.819653,-0.12423800000000002,CZE,940290
32050739,59,9911,2014,123367531.0,10017827.0,1.8105830000000003,0.131131,CZE,940290
32050740,59,9911,2015,140868069.0,11643016.0,1.743012,0.45424,CZE,940290
32050741,59,9911,2016,124415431.0,10365314.0,1.823627,0.552354,CZE,940290
32050742,59,9911,2017,133952838.0,12977920.0,1.7715130000000001,0.359668,CZE,940290
32050743,59,9911,2018,158870414.0,19413671.0,1.841016,0.220806,CZE,940290
32050744,59,9911,2019,158037240.0,14069218.0,1.797611,0.406708,CZE,940290
32050745,59,9911,2020,209434886.0,18743660.0,1.716646,0.602441,CZE,940290
32050746,60,9911,1995,,,,,DDR,940290
32050747,60,9911,1996,,,,,DDR,940290
32050748,60,9911,1997,,,,,DDR,940290
32050749,60,9911,1998,,,,,DDR,940290
32050750,60,9911,1999,,,,,DDR,940290
32050751,60,9911,2000,,,,,DDR,940290
32050752,60,9911,2001,,,,,DDR,940290
32050753,60,9911,2002,,,,,DDR,940290
32050754,60,9911,2003,,,,,DDR,940290
32050755,60,9911,2004,,,,,DDR,940290
32050756,60,9911,2005,,,,,DDR,940290
32050757,60,9911,2006,,,,,DDR,940290
32050758,60,9911,2007,,,,,DDR,940290
32050759,60,9911,2008,,,,,DDR,940290
32050760,60,9911,2009,,,,,DDR,940290
32050761,60,9911,2010,,,,,DDR,940290
32050762,60,9911,2011,,,,,DDR,940290
32050763,60,9911,2012,,,,,DDR,940290
32050764,60,9911,2013,,,,,DDR,940290
32050765,60,9911,2014,,,,,DDR,940290
32050766,60,9911,2015,,,,,DDR,940290
32050767,60,9911,2016,,,,,DDR,940290
32050768,60,9911,2017,,,,,DDR,940290
32050769,60,9911,2018,,,,,DDR,940290
32050770,60,9911,2019,,,,,DDR,940290
32050771,60,9911,2020,,,,,DDR,940290
32050772,61,9911,1995,143052232.0,126345825.0,2.325385,-2.2238189999999998,DEU,940290
32050773,61,9911,1996,126455749.0,113733795.0,2.279976,-2.572299,DEU,940290
32050774,61,9911,1997,129602663.0,82439271.0,2.293936,-2.2301919999999997,DEU,940290
32050775,61,9911,1998,137599862.0,78664664.0,2.334028,-2.417278,DEU,940290
32050776,61,9911,1999,147670381.0,88768779.0,2.334811,-2.060502,DEU,940290
32050777,61,9911,2000,127911024.0,78881261.0,2.316177,-2.4478419999999996,DEU,940290
32050778,61,9911,2001,159170420.0,84044710.0,2.321375,-2.1110990000000003,DEU,940290
32050779,61,9911,2002,191747337.0,76829976.0,2.297691,-2.183239,DEU,940290
32050780,61,9911,2003,230972166.0,87962012.0,2.2821919999999998,-2.0985150000000004,DEU,940290
32050781,61,9911,2004,261414002.0,75651800.0,2.266076,-2.011139,DEU,940290
32050782,61,9911,2005,297140271.0,89166943.0,2.172479,-2.446472,DEU,940290
32050783,61,9911,2006,336798070.0,111544082.0,2.132566,-2.773669,DEU,940290
32050784,61,9911,2007,425396932.0,126889419.0,2.114566,-2.934732,DEU,940290
32050785,61,9911,2008,517916454.0,157923570.0,2.007167,-3.256961,DEU,940290
32050786,61,9911,2009,508414995.0,138979719.0,2.056515,-3.034837,DEU,940290
32050787,61,9911,2010,530395969.0,149764905.0,2.035672,-3.383322,DEU,940290
32050788,61,9911,2011,584578959.0,181672389.0,2.074435,-3.440815,DEU,940290
32050789,61,9911,2012,522588685.0,150602477.0,1.966247,-3.3238410000000003,DEU,940290
32050790,61,9911,2013,546367993.0,153178944.0,2.093658,-3.4281980000000005,DEU,940290
32050791,61,9911,2014,558242343.0,184451362.0,2.052849,-2.888805,DEU,940290
32050792,61,9911,2015,491608260.0,174296951.0,2.203818,-2.307561,DEU,940290
32050793,61,9911,2016,484593287.0,180731484.0,2.203093,-2.24919,DEU,940290
32050794,61,9911,2017,505625875.0,199647275.0,2.1149459999999998,-2.525372,DEU,940290
32050795,61,9911,2018,563867489.0,224439495.0,2.109059,-2.428826,DEU,940290
32050796,61,9911,2019,572678631.0,222669398.0,2.078626,-2.124816,DEU,940290
32050797,61,9911,2020,552932086.0,269537144.0,2.027494,-2.3646689999999997,DEU,940290
32050798,62,9911,1995,0.0,1982.0,0.7627109999999999,0.696162,DJI,940290
32050799,62,9911,1996,0.0,1175.0,-0.20838099999999998,-0.668964,DJI,940290
32050800,62,9911,1997,0.0,18865.0,0.398301,-0.170681,DJI,940290
32050801,62,9911,1998,0.0,15028.0,0.521307,-0.071371,DJI,940290
32050802,62,9911,1999,0.0,160849.0,0.07838200000000001,-0.351435,DJI,940290
32050803,62,9911,2000,0.0,63289.0,0.057164,-0.428066,DJI,940290
32050804,62,9911,2001,0.0,82139.0,0.143467,0.14288599999999999,DJI,940290
32050805,62,9911,2002,0.0,70418.0,0.416677,-0.052552,DJI,940290
32050806,62,9911,2003,1015.0,85532.0,-0.41648500000000005,-0.5408350000000001,DJI,940290
32050807,62,9911,2004,0.0,71337.0,-0.12463699999999998,-0.304559,DJI,940290
32050808,62,9911,2005,1223.0,269218.0,0.220415,0.045086,DJI,940290
32050809,62,9911,2006,0.0,239443.0,-0.251707,-0.436792,DJI,940290
32050810,62,9911,2007,0.0,88594.0,-1.111848,-0.983348,DJI,940290
32050811,62,9911,2008,16273.0,238956.0,-1.082951,-0.958676,DJI,940290
32050812,62,9911,2009,0.0,4066089.0,0.062037,-0.596527,DJI,940290
32050813,62,9911,2010,0.0,324362.0,-0.37501799999999996,-0.727603,DJI,940290
32050814,62,9911,2011,0.0,286708.0,-0.6224529999999999,-0.7357739999999999,DJI,940290
32050815,62,9911,2012,0.0,849430.0,-0.31072,-0.7274470000000001,DJI,940290
32050816,62,9911,2013,0.0,808944.0,-0.412843,-0.695916,DJI,940290
32050817,62,9911,2014,0.0,2744329.0,-0.394602,-0.74178,DJI,940290
32050818,62,9911,2015,1096.0,1473836.0,-0.538942,-0.832522,DJI,940290
32050819,62,9911,2016,0.0,115064.0,-0.032607,-0.549622,DJI,940290
32050820,62,9911,2017,0.0,564513.0,-0.4897,-0.7249180000000001,DJI,940290
32050821,62,9911,2018,0.0,672321.0,-0.11008599999999999,-0.603731,DJI,940290
32050822,62,9911,2019,0.0,941926.0,-0.602334,-0.794205,DJI,940290
32050823,62,9911,2020,0.0,663941.0,-0.493576,-0.808321,DJI,940290
32050824,63,9911,1995,16315.0,31957.0,0.803902,0.307064,DMA,940290
32050825,63,9911,1996,0.0,80168.0,0.44934399999999997,-0.023771,DMA,940290
32050826,63,9911,1997,0.0,18622.0,0.795112,0.438787,DMA,940290
32050827,63,9911,1998,0.0,101378.0,0.822664,0.166578,DMA,940290
32050828,63,9911,1999,5665.0,21115.0,0.808025,0.321415,DMA,940290
32050829,63,9911,2000,0.0,60615.0,0.780976,0.31806799999999996,DMA,940290
32050830,63,9911,2001,0.0,4496.0,0.613251,0.226998,DMA,940290
32050831,63,9911,2002,1057.0,21241.0,0.196298,-0.129221,DMA,940290
32050832,63,9911,2003,0.0,14603.0,0.11903299999999999,-0.21768200000000001,DMA,940290
32050833,63,9911,2004,0.0,20129.0,0.322803,-0.000479,DMA,940290
32050834,63,9911,2005,0.0,2820.0,0.146509,-0.072638,DMA,940290
32050835,63,9911,2006,10438.0,17990.0,0.10759400000000001,-0.159215,DMA,940290
32050836,63,9911,2007,0.0,83411.0,0.522624,0.077377,DMA,940290
32050837,63,9911,2008,0.0,45792.0,0.424179,0.04355,DMA,940290
32050838,63,9911,2009,0.0,16880.0,0.348966,-0.09711399999999999,DMA,940290
32050839,63,9911,2010,0.0,93349.0,0.35578699999999996,0.13029200000000002,DMA,940290
32050840,63,9911,2011,0.0,142839.0,-0.25559699999999996,-0.5345300000000001,DMA,940290
32050841,63,9911,2012,0.0,33621.0,0.372616,0.163026,DMA,940290
32050842,63,9911,2013,0.0,104702.0,0.054362,-0.156703,DMA,940290
32050843,63,9911,2014,63340.0,59945.0,0.294596,-0.310069,DMA,940290
32050844,63,9911,2015,0.0,20822.0,0.0735,-0.44923599999999997,DMA,940290
32050845,63,9911,2016,0.0,43795.0,0.162751,-0.307303,DMA,940290
32050846,63,9911,2017,0.0,1793.0,0.283171,-0.22632800000000003,DMA,940290
32050847,63,9911,2018,38795.0,471548.0,0.381788,0.039853,DMA,940290
32050848,63,9911,2019,8136.0,169599.0,0.131177,-0.313508,DMA,940290
32050849,63,9911,2020,78100.0,272831.0,0.583288,0.012664,DMA,940290
32050850,64,9911,1995,47435806.0,6398057.0,1.3800270000000001,1.489036,DNK,940290
32050851,64,9911,1996,37535718.0,6505970.0,1.443514,1.275684,DNK,940290
32050852,64,9911,1997,31652532.0,5842454.0,1.358279,1.420107,DNK,940290
32050853,64,9911,1998,33999416.0,6776785.0,1.225999,1.470145,DNK,940290
32050854,64,9911,1999,38124386.0,6903175.0,1.264405,1.469627,DNK,940290
32050855,64,9911,2000,34939484.0,7709994.0,1.230078,1.429499,DNK,940290
32050856,64,9911,2001,38657659.0,7851220.0,1.261883,1.351875,DNK,940290
32050857,64,9911,2002,48908683.0,7876184.0,1.26594,1.225186,DNK,940290
32050858,64,9911,2003,50197316.0,9060409.0,1.309564,1.245596,DNK,940290
32050859,64,9911,2004,60189735.0,12312599.0,1.328968,1.262743,DNK,940290
32050860,64,9911,2005,60969469.0,14887823.0,1.210286,1.217256,DNK,940290
32050861,64,9911,2006,73883290.0,17415675.0,1.2308700000000001,1.180914,DNK,940290
32050862,64,9911,2007,81110747.0,18158680.0,1.204019,1.122666,DNK,940290
32050863,64,9911,2008,87669240.0,19505700.0,1.165294,1.1112440000000001,DNK,940290
32050864,64,9911,2009,60160735.0,20112974.0,1.242327,1.064709,DNK,940290
32050865,64,9911,2010,43283358.0,19966345.0,1.082468,1.280759,DNK,940290
32050866,64,9911,2011,62969958.0,27983498.0,1.156026,1.2248299999999999,DNK,940290
32050867,64,9911,2012,35993635.0,29770483.0,1.105061,1.245377,DNK,940290
32050868,64,9911,2013,35148924.0,29395781.0,1.161835,1.1788450000000001,DNK,940290
32050869,64,9911,2014,33928078.0,26245629.0,1.10869,1.245193,DNK,940290
32050870,64,9911,2015,27136378.0,24407354.0,1.157924,1.2045629999999998,DNK,940290
32050871,64,9911,2016,35134936.0,24675139.0,1.117864,1.302658,DNK,940290
32050872,64,9911,2017,26024403.0,26205248.0,1.159753,1.233914,DNK,940290
32050873,64,9911,2018,25455582.0,34078513.0,1.0945040000000001,1.3311540000000002,DNK,940290
32050874,64,9911,2019,25750766.0,30458344.0,1.0768280000000001,1.2615610000000002,DNK,940290
32050875,64,9911,2020,25453277.0,31444042.0,1.093217,1.2166549999999998,DNK,940290
32050876,65,9911,1995,0.0,1328386.0,-0.635482,-0.746526,DOM,940290
32050877,65,9911,1996,0.0,1132406.0,-0.596093,-0.5602060000000001,DOM,940290
32050878,65,9911,1997,0.0,1064811.0,-0.6062850000000001,-0.648523,DOM,940290
32050879,65,9911,1998,0.0,3044471.0,-0.772271,-0.765258,DOM,940290
32050880,65,9911,1999,0.0,713454.0,-0.60436,-0.674701,DOM,940290
32050881,65,9911,2000,4120.0,12239843.0,-0.544322,-0.651937,DOM,940290
32050882,65,9911,2001,0.0,14207247.0,-0.538419,-0.48773900000000003,DOM,940290
32050883,65,9911,2002,3459.0,6093053.0,-0.46284899999999995,-0.39210100000000003,DOM,940290
32050884,65,9911,2003,0.0,11725692.0,-0.46264399999999994,-0.245034,DOM,940290
32050885,65,9911,2004,2235.0,1773340.0,-0.510025,-0.328257,DOM,940290
32050886,65,9911,2005,0.0,7986494.0,-0.370894,-0.140178,DOM,940290
32050887,65,9911,2006,2238.0,5233097.0,-0.24073699999999998,0.049093,DOM,940290
32050888,65,9911,2007,66723.0,3934371.0,-0.228756,0.004222,DOM,940290
32050889,65,9911,2008,53188.0,2223495.0,-0.167958,0.241283,DOM,940290
32050890,65,9911,2009,27177.0,2821152.0,-0.317894,0.198926,DOM,940290
32050891,65,9911,2010,70526.0,2513403.0,-0.245241,0.368626,DOM,940290
32050892,65,9911,2011,913628.0,2790330.0,-0.260653,0.5682010000000001,DOM,940290
32050893,65,9911,2012,1918152.0,5727044.0,-0.193432,0.590896,DOM,940290
32050894,65,9911,2013,3262856.0,1549946.0,-0.277269,0.432388,DOM,940290
32050895,65,9911,2014,7123308.0,3942852.0,-0.180845,0.508512,DOM,940290
32050896,65,9911,2015,7568397.0,4572041.0,-0.212808,0.395873,DOM,940290
32050897,65,9911,2016,7498526.0,3052029.0,-0.237382,0.295389,DOM,940290
32050898,65,9911,2017,8825264.0,2369329.0,-0.168016,0.30840100000000004,DOM,940290
32050899,65,9911,2018,9080792.0,5630148.0,-0.084258,0.474872,DOM,940290
32050900,65,9911,2019,10445911.0,4189585.0,-0.20594,0.309785,DOM,940290
32050901,65,9911,2020,11044585.0,4984663.0,0.06500299999999999,0.2812,DOM,940290
32050902,66,9911,1995,0.0,792371.0,-0.555409,-1.037972,DZA,940290
32050903,66,9911,1996,0.0,1241638.0,-0.33419699999999997,-1.035736,DZA,940290
32050904,66,9911,1997,0.0,1020115.0,-0.717599,-1.126311,DZA,940290
32050905,66,9911,1998,0.0,2467823.0,-0.726061,-1.161031,DZA,940290
32050906,66,9911,1999,0.0,1887298.0,-0.701764,-1.175132,DZA,940290
32050907,66,9911,2000,1071.0,1790844.0,-0.9169209999999999,-1.170192,DZA,940290
32050908,66,9911,2001,0.0,2068619.0,-0.663363,-1.158295,DZA,940290
32050909,66,9911,2002,0.0,2398534.0,-0.912033,-1.1731850000000001,DZA,940290
32050910,66,9911,2003,0.0,4369919.0,-1.060727,-1.142594,DZA,940290
32050911,66,9911,2004,0.0,11799780.0,-0.725066,-1.163606,DZA,940290
32050912,66,9911,2005,0.0,10409202.0,-0.363675,-1.117724,DZA,940290
32050913,66,9911,2006,0.0,9510019.0,-0.489962,-1.12456,DZA,940290
32050914,66,9911,2007,2621.0,9485095.0,-0.9822690000000001,-1.170282,DZA,940290
32050915,66,9911,2008,0.0,15474777.0,-0.556434,-1.079109,DZA,940290
32050916,66,9911,2009,8021.0,11066910.0,-1.161786,-1.188669,DZA,940290
32050917,66,9911,2010,1268.0,13104478.0,-1.00922,-1.1511040000000001,DZA,940290
32050918,66,9911,2011,2144.0,10605159.0,-1.36763,-1.140594,DZA,940290
32050919,66,9911,2012,89647.0,13474357.0,-1.349046,-1.1601860000000002,DZA,940290
32050920,66,9911,2013,0.0,13105889.0,-1.373947,-1.1523459999999999,DZA,940290
32050921,66,9911,2014,0.0,12216488.0,-1.5554649999999999,-1.1657030000000002,DZA,940290
32050922,66,9911,2015,0.0,10437534.0,-1.54346,-1.255633,DZA,940290
32050923,66,9911,2016,1998.0,12246676.0,-1.0202930000000001,-1.236642,DZA,940290
32050924,66,9911,2017,3473.0,8652759.0,-0.9905579999999999,-1.1996200000000001,DZA,940290
32050925,66,9911,2018,569412.0,9819599.0,-1.281519,-1.22291,DZA,940290
32050926,66,9911,2019,9337.0,13378298.0,-1.008866,-1.215228,DZA,940290
32050927,66,9911,2020,0.0,6970655.0,-1.015133,-1.243726,DZA,940290
32050928,67,9911,1995,46528.0,1616579.0,-0.948154,-0.9595790000000001,ECU,940290
32050929,67,9911,1996,0.0,1467512.0,-1.1391200000000001,-0.992735,ECU,940290
32050930,67,9911,1997,47398.0,144752.0,-1.1931690000000001,-1.0139690000000001,ECU,940290
32050931,67,9911,1998,0.0,587131.0,-0.990915,-0.9670860000000001,ECU,940290
32050932,67,9911,1999,41252.0,412466.0,-0.8875299999999999,-0.9117879999999999,ECU,940290
32050933,67,9911,2000,4153.0,290332.0,-0.883928,-0.884951,ECU,940290
32050934,67,9911,2001,0.0,460839.0,-0.852642,-0.896374,ECU,940290
32050935,67,9911,2002,3346.0,1272522.0,-0.976218,-0.926393,ECU,940290
32050936,67,9911,2003,7707.0,448142.0,-0.8689370000000001,-0.889767,ECU,940290
32050937,67,9911,2004,912.0,1077395.0,-1.149101,-1.013619,ECU,940290
32050938,67,9911,2005,15419.0,1748382.0,-1.029033,-1.014289,ECU,940290
32050939,67,9911,2006,36423.0,2493487.0,-0.878583,-0.9462010000000001,ECU,940290
32050940,67,9911,2007,52923.0,3375293.0,-0.820491,-0.8557879999999999,ECU,940290
32050941,67,9911,2008,15725.0,3921724.0,-0.859434,-0.972389,ECU,940290
32050942,67,9911,2009,1765840.0,4151098.0,-0.92724,-0.965628,ECU,940290
32050943,67,9911,2010,12703579.0,5985787.0,-0.584013,-0.743675,ECU,940290
32050944,67,9911,2011,5958.0,10395716.0,-0.8250639999999999,-0.839082,ECU,940290
32050945,67,9911,2012,4464.0,11902075.0,-0.627614,-0.764234,ECU,940290
32050946,67,9911,2013,132058.0,6862106.0,-0.86546,-0.8888389999999999,ECU,940290
32050947,67,9911,2014,8756.0,7408363.0,-1.066865,-1.052921,ECU,940290
32050948,67,9911,2015,34756.0,25861933.0,-0.9845959999999999,-1.075639,ECU,940290
32050949,67,9911,2016,26755.0,7562869.0,-1.0860049999999999,-1.049065,ECU,940290
32050950,67,9911,2017,45671.0,16657500.0,-0.9995850000000001,-1.086367,ECU,940290
32050951,67,9911,2018,67010.0,3161036.0,-0.873973,-1.032841,ECU,940290
32050952,67,9911,2019,4574.0,4855587.0,-1.12261,-1.094275,ECU,940290
32050953,67,9911,2020,47798.0,4589114.0,-1.074185,-1.084344,ECU,940290
32050954,68,9911,1995,38905.0,6031175.0,-0.340042,-0.085601,EGY,940290
32050955,68,9911,1996,35888.0,5622847.0,-0.5446409999999999,-0.229586,EGY,940290
32050956,68,9911,1997,21927.0,6457106.0,-0.314425,0.156345,EGY,940290
32050957,68,9911,1998,64422.0,10048466.0,-0.462755,0.079802,EGY,940290
32050958,68,9911,1999,13996.0,32026362.0,-0.311879,0.300746,EGY,940290
32050959,68,9911,2000,148821.0,9140166.0,-0.41125900000000004,0.099833,EGY,940290
32050960,68,9911,2001,195053.0,20485748.0,-0.373576,0.366385,EGY,940290
32050961,68,9911,2002,98917.0,7473350.0,-0.377127,0.549439,EGY,940290
32050962,68,9911,2003,34179.0,3760202.0,-0.292923,0.465433,EGY,940290
32050963,68,9911,2004,234724.0,3439367.0,-0.300563,0.41834899999999997,EGY,940290
32050964,68,9911,2005,185256.0,3501876.0,-0.247748,0.492885,EGY,940290
32050965,68,9911,2006,332780.0,3979927.0,-0.182272,0.40222399999999997,EGY,940290
32050966,68,9911,2007,498036.0,3762454.0,-0.144054,0.663592,EGY,940290
32050967,68,9911,2008,1027428.0,10893079.0,-0.098316,1.134642,EGY,940290
32050968,68,9911,2009,1202245.0,10300047.0,-0.20940300000000003,1.6466290000000001,EGY,940290
32050969,68,9911,2010,1295989.0,14396736.0,-0.181826,1.409465,EGY,940290
32050970,68,9911,2011,424619.0,8701169.0,-0.166243,1.384719,EGY,940290
32050971,68,9911,2012,5729900.0,10570988.0,-0.143732,1.316722,EGY,940290
32050972,68,9911,2013,381402.0,19415287.0,-0.17418,1.692641,EGY,940290
32050973,68,9911,2014,386049.0,20894771.0,-0.086866,1.7419669999999998,EGY,940290
32050974,68,9911,2015,497375.0,16477700.0,-0.183053,1.765036,EGY,940290
32050975,68,9911,2016,275522.0,17503779.0,-0.142377,1.674348,EGY,940290
32050976,68,9911,2017,202003.0,16584864.0,-0.073436,1.829121,EGY,940290
32050977,68,9911,2018,185802.0,9129932.0,-0.096635,1.585658,EGY,940290
32050978,68,9911,2019,214345.0,14764103.0,-0.152353,1.5426309999999999,EGY,940290
32050979,68,9911,2020,58197.0,18094721.0,-0.186095,1.6414330000000001,EGY,940290
32050980,69,9911,1995,0.0,30250.0,0.567988,-0.30390500000000004,ERI,940290
32050981,69,9911,1996,0.0,29148.0,-0.31049499999999997,-0.656459,ERI,940290
32050982,69,9911,1997,0.0,9881.0,-0.914603,-0.9081629999999999,ERI,940290
32050983,69,9911,1998,0.0,212135.0,0.05984400000000001,-0.508051,ERI,940290
32050984,69,9911,1999,0.0,24690.0,0.160222,-0.528174,ERI,940290
32050985,69,9911,2000,0.0,58881.0,-0.135268,-0.6384569999999999,ERI,940290
32050986,69,9911,2001,0.0,5837.0,0.617376,-0.33233,ERI,940290
32050987,69,9911,2002,0.0,172119.0,0.831973,-0.050712,ERI,940290
32050988,69,9911,2003,0.0,93137.0,-0.105591,-0.247614,ERI,940290
32050989,69,9911,2004,0.0,174035.0,0.48701400000000006,-0.094026,ERI,940290
32050990,69,9911,2005,0.0,92045.0,-0.240044,-0.46946000000000004,ERI,940290
32050991,69,9911,2006,0.0,37683.0,0.216725,-0.337624,ERI,940290
32050992,69,9911,2007,0.0,12302.0,-0.905408,-0.908877,ERI,940290
32050993,69,9911,2008,0.0,381004.0,0.129938,-0.429551,ERI,940290
32050994,69,9911,2009,0.0,7762.0,0.081675,-0.37700100000000003,ERI,940290
32050995,69,9911,2010,24244.0,163012.0,-0.288006,-0.614999,ERI,940290
32050996,69,9911,2011,0.0,70231.0,0.073024,-0.8032229999999999,ERI,940290
32050997,69,9911,2012,0.0,106755.0,-0.349941,-0.9931450000000001,ERI,940290
32050998,69,9911,2013,0.0,46065.0,-1.227273,-0.9367340000000001,ERI,940290
32050999,69,9911,2014,0.0,81148.0,-2.345215,-1.051413,ERI,940290
32051000,69,9911,2015,0.0,52493.0,-1.7745669999999998,-1.013696,ERI,940290
32051001,69,9911,2016,0.0,59374.0,-1.479782,-1.060063,ERI,940290
32051002,69,9911,2017,0.0,36462.0,-1.4706139999999999,-1.024845,ERI,940290
32051003,69,9911,2018,0.0,441423.0,-1.601517,-1.062162,ERI,940290
32051004,69,9911,2019,0.0,131278.0,-1.7266080000000001,-1.0303360000000001,ERI,940290
32051005,69,9911,2020,0.0,54042.0,-1.1688129999999999,-0.9633879999999999,ERI,940290
32051006,70,9911,1995,,,0.954333,-0.674121,ESH,940290
32051007,70,9911,1996,,,-1.342924,-0.696376,ESH,940290
32051008,70,9911,1997,,,1.0709799999999998,-0.671918,ESH,940290
32051009,70,9911,1998,,,-0.07774,-0.78017,ESH,940290
32051010,70,9911,1999,,,0.353541,-0.794955,ESH,940290
32051011,70,9911,2000,,,0.926739,-0.533051,ESH,940290
32051012,70,9911,2001,,,-0.49938699999999997,-0.8695809999999999,ESH,940290
32051013,70,9911,2002,,,0.911192,-0.830407,ESH,940290
32051014,70,9911,2003,,,1.2379639999999998,-0.469434,ESH,940290
32051015,70,9911,2004,,,0.771845,-0.777994,ESH,940290
32051016,70,9911,2005,,,1.559212,-0.563942,ESH,940290
32051017,70,9911,2006,,,1.380741,-0.657053,ESH,940290
32051018,70,9911,2007,,,1.540701,-0.416705,ESH,940290
32051019,70,9911,2008,,,0.7177640000000001,-0.689189,ESH,940290
32051020,70,9911,2009,,,1.277881,-0.752965,ESH,940290
32051021,70,9911,2010,,,2.0637689999999997,-0.760273,ESH,940290
32051022,70,9911,2011,,,2.337415,-0.327113,ESH,940290
32051023,70,9911,2012,,,2.172618,-0.077311,ESH,940290
32051024,70,9911,2013,,,1.672666,-0.47427700000000006,ESH,940290
32051025,70,9911,2014,,,0.8348690000000001,-0.6148140000000001,ESH,940290
32051026,70,9911,2015,,,0.8270209999999999,-0.590016,ESH,940290
32051027,70,9911,2016,,,0.771312,-0.799657,ESH,940290
32051028,70,9911,2017,,,0.908792,-0.538131,ESH,940290
32051029,70,9911,2018,,,1.599518,-0.5597880000000001,ESH,940290
32051030,70,9911,2019,,,1.48852,-0.669028,ESH,940290
32051031,70,9911,2020,,,2.1028029999999998,-0.647638,ESH,940290
32051032,71,9911,1995,1947373.0,9377316.0,1.144247,1.933844,ESP,940290
32051033,71,9911,1996,6150368.0,10674894.0,1.105317,1.9473,ESP,940290
32051034,71,9911,1997,18884370.0,11921409.0,1.082049,2.0238650000000002,ESP,940290
32051035,71,9911,1998,8822170.0,11387168.0,1.051392,1.983438,ESP,940290
32051036,71,9911,1999,14198305.0,18173129.0,1.0849209999999998,1.9351180000000001,ESP,940290
32051037,71,9911,2000,43793524.0,14978042.0,1.098989,1.911029,ESP,940290
32051038,71,9911,2001,15987331.0,18869381.0,1.079664,1.9842220000000002,ESP,940290
32051039,71,9911,2002,16425231.0,17431880.0,1.012246,2.049594,ESP,940290
32051040,71,9911,2003,18050207.0,27896654.0,0.960684,2.074792,ESP,940290
32051041,71,9911,2004,16715562.0,30148573.0,0.9784649999999999,2.051216,ESP,940290
32051042,71,9911,2005,19031547.0,32760804.0,0.9318489999999999,1.999698,ESP,940290
32051043,71,9911,2006,20096655.0,46642598.0,0.9091370000000001,2.068166,ESP,940290
32051044,71,9911,2007,29298810.0,59700188.0,0.914681,2.027797,ESP,940290
32051045,71,9911,2008,34657755.0,58166916.0,0.8755649999999999,2.122164,ESP,940290
32051046,71,9911,2009,23465396.0,50627489.0,0.9021020000000001,2.170578,ESP,940290
32051047,71,9911,2010,25628854.0,59982446.0,0.832619,2.448009,ESP,940290
32051048,71,9911,2011,29519273.0,48347418.0,0.8677290000000001,2.4618450000000003,ESP,940290
32051049,71,9911,2012,32125594.0,26957177.0,0.8528309999999999,2.462809,ESP,940290
32051050,71,9911,2013,33547378.0,26961416.0,0.861698,2.353993,ESP,940290
32051051,71,9911,2014,39280604.0,39597203.0,0.842147,2.45692,ESP,940290
32051052,71,9911,2015,27106803.0,37843857.0,0.8173590000000001,2.442556,ESP,940290
32051053,71,9911,2016,31931159.0,40032833.0,0.765428,2.57725,ESP,940290
32051054,71,9911,2017,40916302.0,48522281.0,0.734342,2.8180099999999997,ESP,940290
32051055,71,9911,2018,40977771.0,48525632.0,0.744825,2.919005,ESP,940290
32051056,71,9911,2019,39736942.0,54658091.0,0.678454,3.007838,ESP,940290
32051057,71,9911,2020,42428593.0,71221110.0,0.736657,2.731661,ESP,940290
32051058,72,9911,1995,314511.0,640501.0,0.530041,1.134288,EST,940290
32051059,72,9911,1996,207228.0,1118191.0,0.53397,1.0877940000000001,EST,940290
32051060,72,9911,1997,121742.0,672224.0,0.460823,0.9126700000000001,EST,940290
32051061,72,9911,1998,174201.0,711266.0,0.53408,1.07691,EST,940290
32051062,72,9911,1999,101262.0,869350.0,0.502979,0.8847440000000001,EST,940290
32051063,72,9911,2000,180334.0,1728806.0,0.358559,0.583236,EST,940290
32051064,72,9911,2001,164074.0,897593.0,0.5746829999999999,0.9073899999999999,EST,940290
32051065,72,9911,2002,199099.0,1077242.0,0.54511,0.9135979999999999,EST,940290
32051066,72,9911,2003,251448.0,1860957.0,0.5913010000000001,0.8489979999999999,EST,940290
32051067,72,9911,2004,651975.0,2006052.0,0.6101840000000001,0.9520370000000001,EST,940290
32051068,72,9911,2005,1522832.0,2010868.0,0.6351600000000001,1.039403,EST,940290
32051069,72,9911,2006,977057.0,3135344.0,0.6426350000000001,0.925003,EST,940290
32051070,72,9911,2007,672317.0,2725446.0,0.746434,1.306397,EST,940290
32051071,72,9911,2008,651135.0,3742456.0,0.749696,1.5173940000000001,EST,940290
32051072,72,9911,2009,1730972.0,3118927.0,0.749058,1.269572,EST,940290
32051073,72,9911,2010,5030215.0,3104323.0,0.832316,1.1844649999999999,EST,940290
32051074,72,9911,2011,8023593.0,3315438.0,0.9806790000000001,1.110449,EST,940290
32051075,72,9911,2012,6138217.0,3225518.0,0.8594450000000001,1.299628,EST,940290
32051076,72,9911,2013,6883682.0,3140641.0,0.8828940000000001,1.386574,EST,940290
32051077,72,9911,2014,6642296.0,3277375.0,0.9147780000000001,1.151556,EST,940290
32051078,72,9911,2015,5222539.0,3044531.0,0.9281149999999999,1.1780389999999998,EST,940290
32051079,72,9911,2016,6726153.0,2498153.0,1.000418,1.154152,EST,940290
32051080,72,9911,2017,4227430.0,2212210.0,1.010985,1.289633,EST,940290
32051081,72,9911,2018,7728229.0,3896895.0,0.979986,1.2365899999999999,EST,940290
32051082,72,9911,2019,7518862.0,3285242.0,0.962284,1.346195,EST,940290
32051083,72,9911,2020,13251069.0,4624205.0,1.012385,1.305015,EST,940290
32051084,73,9911,1995,0.0,161651.0,-1.3387120000000001,-1.123621,ETH,940290
32051085,73,9911,1996,0.0,300647.0,-1.265383,-1.131925,ETH,940290
32051086,73,9911,1997,0.0,609273.0,-1.239473,-1.159345,ETH,940290
32051087,73,9911,1998,0.0,830761.0,-1.279819,-1.158182,ETH,940290
32051088,73,9911,1999,0.0,116542.0,-1.18759,-1.111391,ETH,940290
32051089,73,9911,2000,0.0,220615.0,-1.190677,-1.063662,ETH,940290
32051090,73,9911,2001,0.0,726258.0,-0.999149,-0.904072,ETH,940290
32051091,73,9911,2002,0.0,219740.0,-1.096371,-0.9566709999999999,ETH,940290
32051092,73,9911,2003,0.0,417867.0,-1.1145559999999999,-0.9599620000000001,ETH,940290
32051093,73,9911,2004,963.0,392733.0,-1.156284,-0.900874,ETH,940290
32051094,73,9911,2005,0.0,457310.0,-1.287495,-1.0195940000000001,ETH,940290
32051095,73,9911,2006,2867.0,639021.0,-0.9557180000000001,-0.9153479999999999,ETH,940290
32051096,73,9911,2007,0.0,831166.0,-1.115917,-0.821652,ETH,940290
32051097,73,9911,2008,1760.0,3147033.0,-1.0084629999999999,-0.83993,ETH,940290
32051098,73,9911,2009,0.0,3749436.0,-0.967483,-0.8219,ETH,940290
32051099,73,9911,2010,19289.0,494985.0,-1.122906,-0.840777,ETH,940290
32051100,73,9911,2011,31598.0,1163606.0,-1.258175,-0.920692,ETH,940290
32051101,73,9911,2012,0.0,1994337.0,-1.134031,-0.991977,ETH,940290
32051102,73,9911,2013,1179.0,3446763.0,-1.264002,-0.9594219999999999,ETH,940290
32051103,73,9911,2014,0.0,7311388.0,-1.296535,-1.045942,ETH,940290
32051104,73,9911,2015,0.0,5498231.0,-1.004896,-0.721019,ETH,940290
32051105,73,9911,2016,9747.0,3781871.0,-1.006161,-0.756472,ETH,940290
32051106,73,9911,2017,1013.0,2590540.0,-1.007413,-0.638231,ETH,940290
32051107,73,9911,2018,0.0,2120937.0,-0.874857,-0.464958,ETH,940290
32051108,73,9911,2019,3320.0,3658724.0,-1.073631,-0.617885,ETH,940290
32051109,73,9911,2020,0.0,4836525.0,-0.952033,-0.707262,ETH,940290
32051110,74,9911,1995,15941942.0,2285834.0,2.0085740000000003,1.126816,FIN,940290
32051111,74,9911,1996,14669982.0,2458807.0,2.0584729999999998,1.006908,FIN,940290
32051112,74,9911,1997,14569971.0,2130763.0,1.9298959999999998,1.083861,FIN,940290
32051113,74,9911,1998,16929593.0,1927446.0,2.003987,0.995725,FIN,940290
32051114,74,9911,1999,12671300.0,2989316.0,2.095642,0.966282,FIN,940290
32051115,74,9911,2000,15091080.0,3701720.0,2.0621419999999997,0.9090360000000001,FIN,940290
32051116,74,9911,2001,16212946.0,3007872.0,2.069141,0.9375180000000001,FIN,940290
32051117,74,9911,2002,14537197.0,2621617.0,2.0234240000000003,0.979141,FIN,940290
32051118,74,9911,2003,19705118.0,3842929.0,2.077889,0.942501,FIN,940290
32051119,74,9911,2004,23641075.0,5210418.0,2.000218,0.9867309999999999,FIN,940290
32051120,74,9911,2005,21775533.0,4905030.0,1.8661240000000001,0.932386,FIN,940290
32051121,74,9911,2006,24504301.0,5817223.0,1.864038,0.8193940000000001,FIN,940290
32051122,74,9911,2007,40061891.0,7927057.0,1.865502,0.7737729999999999,FIN,940290
32051123,74,9911,2008,41285112.0,9972910.0,1.767859,0.846409,FIN,940290
32051124,74,9911,2009,28214368.0,9810875.0,1.8206849999999999,0.797421,FIN,940290
32051125,74,9911,2010,34655851.0,13894131.0,1.745464,0.897992,FIN,940290
32051126,74,9911,2011,41691162.0,19535774.0,1.7488830000000002,0.890934,FIN,940290
32051127,74,9911,2012,46888829.0,20034004.0,1.58219,0.939001,FIN,940290
32051128,74,9911,2013,39723661.0,15438753.0,1.734552,0.8896940000000001,FIN,940290
32051129,74,9911,2014,33763212.0,13776485.0,1.626355,1.002923,FIN,940290
32051130,74,9911,2015,25928801.0,12344069.0,1.597817,0.998059,FIN,940290
32051131,74,9911,2016,30942074.0,12041652.0,1.581968,1.006432,FIN,940290
32051132,74,9911,2017,31555833.0,12299961.0,1.655957,0.962485,FIN,940290
32051133,74,9911,2018,24042537.0,14357280.0,1.61151,0.9474549999999999,FIN,940290
32051134,74,9911,2019,24208461.0,14300456.0,1.495278,1.034435,FIN,940290
32051135,74,9911,2020,27795966.0,14091726.0,1.498089,1.066223,FIN,940290
32051136,75,9911,1995,0.0,57872.0,-0.998257,-0.9565629999999999,FJI,940290
32051137,75,9911,1996,0.0,277650.0,-0.7977,-0.9271879999999999,FJI,940290
32051138,75,9911,1997,0.0,172189.0,-0.9404020000000001,-0.8833989999999999,FJI,940290
32051139,75,9911,1998,0.0,59216.0,-1.069747,-0.965333,FJI,940290
32051140,75,9911,1999,0.0,278688.0,-1.101748,-0.847409,FJI,940290
32051141,75,9911,2000,0.0,464154.0,-0.804605,-0.21037899999999998,FJI,940290
32051142,75,9911,2001,0.0,14964.0,-0.954702,-0.602761,FJI,940290
32051143,75,9911,2002,0.0,101760.0,-0.588136,-0.242883,FJI,940290
32051144,75,9911,2003,1057.0,85719.0,-0.6865640000000001,-0.326977,FJI,940290
32051145,75,9911,2004,4793.0,85710.0,-0.8870969999999999,-0.287427,FJI,940290
32051146,75,9911,2005,1811.0,64425.0,-0.649999,-0.189992,FJI,940290
32051147,75,9911,2006,12242.0,94461.0,-0.6554949999999999,-0.098284,FJI,940290
32051148,75,9911,2007,1076.0,102466.0,-0.506992,0.033250999999999996,FJI,940290
32051149,75,9911,2008,22314.0,397660.0,-0.756592,-0.27005,FJI,940290
32051150,75,9911,2009,8311.0,123024.0,-0.785772,-0.305228,FJI,940290
32051151,75,9911,2010,25636.0,146590.0,-0.603112,-0.29135500000000003,FJI,940290
32051152,75,9911,2011,19371.0,199655.0,-0.434356,-0.010863,FJI,940290
32051153,75,9911,2012,71994.0,165742.0,-0.315227,0.118598,FJI,940290
32051154,75,9911,2013,54567.0,136343.0,-0.5203369999999999,-0.122405,FJI,940290
32051155,75,9911,2014,105273.0,354809.0,-0.306346,-0.07688500000000001,FJI,940290
32051156,75,9911,2015,91719.0,231501.0,-0.481968,-0.201468,FJI,940290
32051157,75,9911,2016,45821.0,170195.0,-0.27171999999999996,0.172933,FJI,940290
32051158,75,9911,2017,39620.0,465121.0,-0.278276,-0.033997,FJI,940290
32051159,75,9911,2018,43480.0,306018.0,-0.269185,0.006362,FJI,940290
32051160,75,9911,2019,27549.0,197132.0,-0.274278,-0.049333,FJI,940290
32051161,75,9911,2020,36109.0,162849.0,-0.184167,-0.081888,FJI,940290
32051162,76,9911,1995,,,1.0650549999999999,-0.45996800000000004,FLK,940290
32051163,76,9911,1996,,,0.7798039999999999,-0.524821,FLK,940290
32051164,76,9911,1997,0.0,23947.0,1.410488,-0.441326,FLK,940290
32051165,76,9911,1998,,,0.816912,-0.515321,FLK,940290
32051166,76,9911,1999,0.0,28622.0,0.9361450000000001,-0.578892,FLK,940290
32051167,76,9911,2000,0.0,25875.0,0.42403,-0.758674,FLK,940290
32051168,76,9911,2001,0.0,1562.0,0.394316,-0.766895,FLK,940290
32051169,76,9911,2002,,,-0.119248,-0.81018,FLK,940290
32051170,76,9911,2003,0.0,10655.0,0.593669,-0.68972,FLK,940290
32051171,76,9911,2004,0.0,23232.0,0.108608,-0.8270280000000001,FLK,940290
32051172,76,9911,2005,,,-1.215666,-0.8770950000000001,FLK,940290
32051173,76,9911,2006,0.0,6839.0,0.11039000000000002,-0.79848,FLK,940290
32051174,76,9911,2007,0.0,9691.0,-0.911695,-0.898893,FLK,940290
32051175,76,9911,2008,0.0,3714.0,-1.0724,-0.9330379999999999,FLK,940290
32051176,76,9911,2009,,,-0.891749,-0.97485,FLK,940290
32051177,76,9911,2010,,,-1.173959,-0.9282549999999999,FLK,940290
32051178,76,9911,2011,0.0,1477.0,-0.283483,-0.7019989999999999,FLK,940290
32051179,76,9911,2012,,,-1.251161,-0.8249569999999999,FLK,940290
32051180,76,9911,2013,0.0,4373.0,-1.254446,-0.868074,FLK,940290
32051181,76,9911,2014,0.0,40480.0,-0.558974,-0.8402059999999999,FLK,940290
32051182,76,9911,2015,,,0.268838,-0.829983,FLK,940290
32051183,76,9911,2016,,,-1.1568180000000001,-0.9883270000000001,FLK,940290
32051184,76,9911,2017,,,-1.506175,-0.9551219999999999,FLK,940290
32051185,76,9911,2018,0.0,3107.0,-1.04542,-0.97565,FLK,940290
32051186,76,9911,2019,0.0,3581.0,-1.633601,-0.991559,FLK,940290
32051187,76,9911,2020,,,-0.406704,-0.8790969999999999,FLK,940290
32051188,77,9911,1995,43332719.0,37603127.0,1.768484,0.765537,FRA,940290
32051189,77,9911,1996,33568997.0,35797014.0,1.69082,0.721312,FRA,940290
32051190,77,9911,1997,32919341.0,30025699.0,1.69504,0.8278549999999999,FRA,940290
32051191,77,9911,1998,35381299.0,35959859.0,1.707702,0.7784270000000001,FRA,940290
32051192,77,9911,1999,62658361.0,38952408.0,1.72758,0.6619079999999999,FRA,940290
32051193,77,9911,2000,71583825.0,36207552.0,1.674971,0.47538100000000005,FRA,940290
32051194,77,9911,2001,83999439.0,57377946.0,1.653507,0.797582,FRA,940290
32051195,77,9911,2002,59825417.0,41242360.0,1.569367,0.9886360000000001,FRA,940290
32051196,77,9911,2003,66911829.0,63065475.0,1.606606,0.7394149999999999,FRA,940290
32051197,77,9911,2004,66757977.0,70884109.0,1.6003530000000001,0.643945,FRA,940290
32051198,77,9911,2005,108125748.0,81362973.0,1.505148,0.594409,FRA,940290
32051199,77,9911,2006,98013213.0,92540811.0,1.47591,0.489466,FRA,940290
32051200,77,9911,2007,103515736.0,121664862.0,1.4565350000000001,0.262845,FRA,940290
32051201,77,9911,2008,134675411.0,138276633.0,1.487702,-0.223965,FRA,940290
32051202,77,9911,2009,80679023.0,132791657.0,1.540346,0.090377,FRA,940290
32051203,77,9911,2010,66813962.0,135622820.0,1.530027,-0.052557000000000006,FRA,940290
32051204,77,9911,2011,73619696.0,147020409.0,1.532054,0.09339299999999999,FRA,940290
32051205,77,9911,2012,84977396.0,137240788.0,1.425025,0.27534899999999995,FRA,940290
32051206,77,9911,2013,97892663.0,149923212.0,1.520354,0.022874000000000002,FRA,940290
32051207,77,9911,2014,103490414.0,143348291.0,1.4817790000000002,0.30995,FRA,940290
32051208,77,9911,2015,69499805.0,120298000.0,1.479792,0.6490239999999999,FRA,940290
32051209,77,9911,2016,70159076.0,128002478.0,1.476437,0.911746,FRA,940290
32051210,77,9911,2017,78267343.0,127859431.0,1.398427,0.894732,FRA,940290
32051211,77,9911,2018,92450964.0,133763786.0,1.420819,0.7793770000000001,FRA,940290
32051212,77,9911,2019,86440622.0,133875329.0,1.380982,0.9510629999999999,FRA,940290
32051213,77,9911,2020,138946610.0,145682608.0,1.341275,0.8991870000000001,FRA,940290
32051214,78,9911,1995,0.0,298398.0,-0.8247260000000001,-0.791759,FRO,940290
32051215,78,9911,1996,0.0,101167.0,-0.252693,-0.714691,FRO,940290
32051216,78,9911,1997,0.0,179393.0,-0.602436,-0.8477809999999999,FRO,940290
32051217,78,9911,1998,0.0,92789.0,-0.6159899999999999,-0.828198,FRO,940290
32051218,78,9911,1999,0.0,110837.0,-0.718961,-0.900609,FRO,940290
32051219,78,9911,2000,0.0,196357.0,-0.618711,-0.8832209999999999,FRO,940290
32051220,78,9911,2001,0.0,268721.0,-1.004972,-0.9456030000000001,FRO,940290
32051221,78,9911,2002,0.0,464650.0,-0.410455,-0.821335,FRO,940290
32051222,78,9911,2003,0.0,393179.0,-0.46422299999999994,-0.8072050000000001,FRO,940290
32051223,78,9911,2004,0.0,1570744.0,-1.026359,-0.960327,FRO,940290
32051224,78,9911,2005,0.0,321663.0,-1.164102,-0.934409,FRO,940290
32051225,78,9911,2006,0.0,639338.0,-0.117631,-0.69352,FRO,940290
32051226,78,9911,2007,0.0,262649.0,-0.308363,-0.7707510000000001,FRO,940290
32051227,78,9911,2008,17390.0,291010.0,-0.576205,-0.886117,FRO,940290
32051228,78,9911,2009,0.0,206144.0,-0.437934,-0.8733879999999999,FRO,940290
32051229,78,9911,2010,0.0,86344.0,-1.158567,-0.99413,FRO,940290
32051230,78,9911,2011,0.0,167559.0,-0.733444,-0.8242229999999999,FRO,940290
32051231,78,9911,2012,0.0,583856.0,-0.47762200000000005,-0.8946870000000001,FRO,940290
32051232,78,9911,2013,0.0,440528.0,-0.370701,-0.815466,FRO,940290
32051233,78,9911,2014,0.0,317057.0,-0.703929,-0.86265,FRO,940290
32051234,78,9911,2015,1073.0,85026.0,-0.700767,-0.9214399999999999,FRO,940290
32051235,78,9911,2016,0.0,243397.0,-0.7436,-0.955406,FRO,940290
32051236,78,9911,2017,29253.0,199557.0,-0.956326,-0.951541,FRO,940290
32051237,78,9911,2018,9880.0,240194.0,-1.00676,-0.959297,FRO,940290
32051238,78,9911,2019,0.0,214019.0,-1.164816,-0.9571540000000001,FRO,940290
32051239,78,9911,2020,0.0,351580.0,-0.867916,-0.92601,FRO,940290
32051240,79,9911,1995,,,-1.764116,-0.971993,FSM,940290
32051241,79,9911,1996,0.0,16004.0,-1.798209,-1.044117,FSM,940290
32051242,79,9911,1997,0.0,7408.0,-1.275105,-1.046722,FSM,940290
32051243,79,9911,1998,,,-1.8257740000000002,-1.104982,FSM,940290
32051244,79,9911,1999,0.0,10847.0,-1.382572,-1.054154,FSM,940290
32051245,79,9911,2000,,,-1.6284100000000001,-1.074629,FSM,940290
32051246,79,9911,2001,0.0,21687.0,-1.7531240000000001,-1.081697,FSM,940290
32051247,79,9911,2002,0.0,21575.0,-1.511888,-1.054948,FSM,940290
32051248,79,9911,2003,,,-1.370191,-1.028812,FSM,940290
32051249,79,9911,2004,0.0,20455.0,-1.647605,-1.093832,FSM,940290
32051250,79,9911,2005,0.0,1775.0,-1.386996,-0.9737610000000001,FSM,940290
32051251,79,9911,2006,0.0,22153.0,-0.883972,-0.8817209999999999,FSM,940290
32051252,79,9911,2007,0.0,7979.0,-0.528725,-0.883342,FSM,940290
32051253,79,9911,2008,0.0,38143.0,-0.744394,-0.930508,FSM,940290
32051254,79,9911,2009,0.0,1608.0,-1.011055,-0.983978,FSM,940290
32051255,79,9911,2010,0.0,125438.0,-1.2914889999999999,-1.0153450000000002,FSM,940290
32051256,79,9911,2011,0.0,16767.0,-0.882574,-0.8780530000000001,FSM,940290
32051257,79,9911,2012,0.0,30202.0,-0.8024789999999999,-0.873287,FSM,940290
32051258,79,9911,2013,0.0,74167.0,-0.234314,-0.8260700000000001,FSM,940290
32051259,79,9911,2014,,,-0.32643099999999997,-0.8248049999999999,FSM,940290
32051260,79,9911,2015,0.0,30912.0,-0.39153000000000004,-0.8570479999999999,FSM,940290
32051261,79,9911,2016,0.0,34226.0,-0.86156,-0.969134,FSM,940290
32051262,79,9911,2017,0.0,48523.0,-1.106905,-0.952936,FSM,940290
32051263,79,9911,2018,0.0,82631.0,-0.969202,-0.974952,FSM,940290
32051264,79,9911,2019,0.0,53942.0,-1.11436,-0.9806819999999999,FSM,940290
32051265,79,9911,2020,0.0,332511.0,-0.845915,-0.964045,FSM,940290
32051266,80,9911,1995,0.0,118360.0,-1.445673,-1.099128,GAB,940290
32051267,80,9911,1996,7718.0,1261181.0,-1.693615,-1.174433,GAB,940290
32051268,80,9911,1997,3478.0,4962325.0,-1.177994,-1.134955,GAB,940290
32051269,80,9911,1998,14579.0,1171336.0,-1.122225,-1.148066,GAB,940290
32051270,80,9911,1999,0.0,57013.0,-1.068733,-1.178405,GAB,940290
32051271,80,9911,2000,1418.0,648460.0,-0.7179909999999999,-1.1375170000000001,GAB,940290
32051272,80,9911,2001,20740.0,217279.0,-1.063007,-1.181284,GAB,940290
32051273,80,9911,2002,0.0,1946873.0,-0.830094,-1.149233,GAB,940290
32051274,80,9911,2003,0.0,203298.0,-0.92745,-1.138466,GAB,940290
32051275,80,9911,2004,0.0,829461.0,-0.700329,-1.137018,GAB,940290
32051276,80,9911,2005,11741.0,876875.0,-1.4162700000000001,-1.173227,GAB,940290
32051277,80,9911,2006,0.0,198339.0,-1.6696819999999999,-1.173322,GAB,940290
32051278,80,9911,2007,28146.0,2193806.0,-1.328633,-1.165045,GAB,940290
32051279,80,9911,2008,17631.0,1807106.0,-1.316179,-1.117633,GAB,940290
32051280,80,9911,2009,0.0,576679.0,-1.197711,-1.147469,GAB,940290
32051281,80,9911,2010,14939.0,326717.0,-1.707175,-1.167635,GAB,940290
32051282,80,9911,2011,0.0,6186219.0,-1.093784,-1.0849659999999999,GAB,940290
32051283,80,9911,2012,0.0,967743.0,-1.563872,-1.168605,GAB,940290
32051284,80,9911,2013,0.0,1642628.0,-1.6582830000000002,-1.155302,GAB,940290
32051285,80,9911,2014,0.0,1107254.0,-1.625474,-1.135973,GAB,940290
32051286,80,9911,2015,2393.0,1973432.0,-1.384351,-1.209873,GAB,940290
32051287,80,9911,2016,0.0,810196.0,-1.530568,-1.254999,GAB,940290
32051288,80,9911,2017,4022.0,493875.0,-1.109612,-1.177577,GAB,940290
32051289,80,9911,2018,121551.0,257884.0,-1.4979200000000001,-1.180407,GAB,940290
32051290,80,9911,2019,2058.0,276745.0,-1.08556,-1.183434,GAB,940290
32051291,80,9911,2020,0.0,875799.0,-1.6422990000000002,-1.207249,GAB,940290
32051292,81,9911,1995,53102915.0,26123861.0,1.8656979999999999,1.107121,GBR,940290
32051293,81,9911,1996,58589385.0,25451815.0,1.850284,0.883084,GBR,940290
32051294,81,9911,1997,56157864.0,23370599.0,1.886353,0.783832,GBR,940290
32051295,81,9911,1998,54204176.0,26069588.0,1.906738,0.489101,GBR,940290
32051296,81,9911,1999,37686860.0,30788220.0,1.9523830000000002,0.771455,GBR,940290
32051297,81,9911,2000,41376292.0,37209227.0,1.957339,0.610052,GBR,940290
32051298,81,9911,2001,55161901.0,49879379.0,1.976894,0.685435,GBR,940290
32051299,81,9911,2002,50299198.0,63453977.0,1.893177,0.831382,GBR,940290
32051300,81,9911,2003,75512162.0,68635072.0,1.8712540000000002,0.706205,GBR,940290
32051301,81,9911,2004,87012606.0,79150251.0,1.843506,0.684779,GBR,940290
32051302,81,9911,2005,101007237.0,76212288.0,1.805023,0.425654,GBR,940290
32051303,81,9911,2006,117902381.0,88154228.0,1.824154,0.614424,GBR,940290
32051304,81,9911,2007,121282606.0,103145938.0,1.718661,0.35525300000000004,GBR,940290
32051305,81,9911,2008,79384854.0,117773955.0,1.7586119999999998,0.061214,GBR,940290
32051306,81,9911,2009,76145596.0,129177368.0,1.7921779999999998,0.41211499999999995,GBR,940290
32051307,81,9911,2010,87960001.0,102576520.0,1.828224,0.386383,GBR,940290
32051308,81,9911,2011,101427091.0,106553804.0,1.8048220000000001,0.380141,GBR,940290
32051309,81,9911,2012,112557682.0,108944397.0,1.701279,0.518166,GBR,940290
32051310,81,9911,2013,118273537.0,125541615.0,1.7901259999999999,0.44164,GBR,940290
32051311,81,9911,2014,141661993.0,143467010.0,1.697964,0.585372,GBR,940290
32051312,81,9911,2015,119641912.0,153254689.0,1.7422990000000003,0.75838,GBR,940290
32051313,81,9911,2016,82935592.0,141431353.0,1.6974669999999998,0.9231299999999999,GBR,940290
32051314,81,9911,2017,84757060.0,139742613.0,1.6883119999999998,0.8347469999999999,GBR,940290
32051315,81,9911,2018,88156141.0,179268568.0,1.693008,0.768159,GBR,940290
32051316,81,9911,2019,85875144.0,160980430.0,1.731106,0.717566,GBR,940290
32051317,81,9911,2020,96575795.0,256754839.0,1.6459,0.7702640000000001,GBR,940290
32051318,82,9911,1995,0.0,132135.0,1.082754,0.059275,GEO,940290
32051319,82,9911,1996,0.0,127454.0,0.5383020000000001,0.167596,GEO,940290
32051320,82,9911,1997,0.0,23280.0,0.304927,-0.082,GEO,940290
32051321,82,9911,1998,0.0,1524406.0,0.644307,0.304707,GEO,940290
32051322,82,9911,1999,2427.0,517450.0,0.50297,0.042010000000000006,GEO,940290
32051323,82,9911,2000,0.0,1069883.0,0.571461,0.10845999999999999,GEO,940290
32051324,82,9911,2001,20870.0,1931286.0,0.585568,-0.047744999999999996,GEO,940290
32051325,82,9911,2002,2533.0,543582.0,0.662382,-0.124825,GEO,940290
32051326,82,9911,2003,0.0,418842.0,0.595485,-0.25939,GEO,940290
32051327,82,9911,2004,5210.0,136174.0,0.381348,-0.44259,GEO,940290
32051328,82,9911,2005,671458.0,1378898.0,0.041261,-0.530021,GEO,940290
32051329,82,9911,2006,19014.0,1100318.0,0.076711,-0.47216099999999994,GEO,940290
32051330,82,9911,2007,3810.0,620564.0,0.016077,-0.386962,GEO,940290
32051331,82,9911,2008,3108.0,1341045.0,-0.355095,-0.660181,GEO,940290
32051332,82,9911,2009,0.0,2026786.0,0.045952,-0.381822,GEO,940290
32051333,82,9911,2010,32767.0,1394238.0,-0.21301399999999998,-0.48355299999999996,GEO,940290
32051334,82,9911,2011,26215.0,3750043.0,-0.07754,-0.35434699999999997,GEO,940290
32051335,82,9911,2012,9685.0,1989569.0,-0.29418,-0.63162,GEO,940290
32051336,82,9911,2013,59025.0,1623513.0,-0.160691,-0.393419,GEO,940290
32051337,82,9911,2014,2111.0,3221117.0,-0.254106,-0.646584,GEO,940290
32051338,82,9911,2015,32246.0,2185523.0,-0.343663,-0.588017,GEO,940290
32051339,82,9911,2016,83844.0,3456165.0,-0.388359,-0.51175,GEO,940290
32051340,82,9911,2017,43356.0,2228422.0,-0.241749,-0.374727,GEO,940290
32051341,82,9911,2018,7604.0,2362412.0,-0.049871,-0.28439899999999996,GEO,940290
32051342,82,9911,2019,151934.0,2064010.0,-0.057798,-0.206771,GEO,940290
32051343,82,9911,2020,17363.0,2607489.0,-0.199775,-0.38684,GEO,940290
32051344,83,9911,1995,0.0,4063922.0,-1.247755,-1.070455,GHA,940290
32051345,83,9911,1996,5641.0,2916414.0,-1.035244,-0.9834129999999999,GHA,940290
32051346,83,9911,1997,12378.0,3288689.0,-1.012728,-0.939893,GHA,940290
32051347,83,9911,1998,0.0,562540.0,-1.215123,-1.0427620000000002,GHA,940290
32051348,83,9911,1999,0.0,325525.0,-0.9444520000000001,-0.905826,GHA,940290
32051349,83,9911,2000,0.0,288180.0,-1.192608,-0.811986,GHA,940290
32051350,83,9911,2001,0.0,1957557.0,-0.961067,-0.780449,GHA,940290
32051351,83,9911,2002,0.0,1180321.0,-1.333425,-1.0709879999999998,GHA,940290
32051352,83,9911,2003,0.0,745550.0,-1.074188,-0.7127319999999999,GHA,940290
32051353,83,9911,2004,1034900.0,1888256.0,-1.2972540000000001,-0.9967219999999999,GHA,940290
32051354,83,9911,2005,0.0,1649116.0,-1.031092,-0.820743,GHA,940290
32051355,83,9911,2006,0.0,965171.0,-0.9934860000000001,-0.809318,GHA,940290
32051356,83,9911,2007,0.0,5475315.0,-0.906867,-0.565891,GHA,940290
32051357,83,9911,2008,928.0,829337.0,-0.9339360000000001,-0.701724,GHA,940290
32051358,83,9911,2009,14702.0,3957583.0,-0.909436,-0.6619470000000001,GHA,940290
32051359,83,9911,2010,25001.0,5391358.0,-0.835003,-0.633731,GHA,940290
32051360,83,9911,2011,153849.0,3593314.0,-0.8627319999999999,-0.608823,GHA,940290
32051361,83,9911,2012,0.0,12927765.0,-0.9610920000000001,-0.745232,GHA,940290
32051362,83,9911,2013,34359.0,4107874.0,-0.7316010000000001,-0.5327689999999999,GHA,940290
32051363,83,9911,2014,100999.0,4174490.0,-1.130226,-0.9909379999999999,GHA,940290
32051364,83,9911,2015,6895.0,4937967.0,-0.750568,-0.690257,GHA,940290
32051365,83,9911,2016,1843.0,6381538.0,-0.945358,-0.805301,GHA,940290
32051366,83,9911,2017,3826.0,3578473.0,-0.929143,-0.811439,GHA,940290
32051367,83,9911,2018,3841.0,4575546.0,-0.956109,-0.861556,GHA,940290
32051368,83,9911,2019,32810.0,3030689.0,-0.9581,-0.8727879999999999,GHA,940290
32051369,83,9911,2020,0.0,8583897.0,-0.973506,-0.9559139999999999,GHA,940290
32051370,84,9911,1995,0.0,29180.0,0.784189,-0.224741,GIB,940290
32051371,84,9911,1996,0.0,7637.0,0.932001,-0.20733400000000002,GIB,940290
32051372,84,9911,1997,5710.0,42764.0,0.811642,-0.186555,GIB,940290
32051373,84,9911,1998,3656.0,51240.0,0.6941689999999999,-0.21656,GIB,940290
32051374,84,9911,1999,0.0,128247.0,0.609578,-0.316135,GIB,940290
32051375,84,9911,2000,0.0,177683.0,0.589325,-0.358073,GIB,940290
32051376,84,9911,2001,0.0,61064.0,0.5955739999999999,-0.39100799999999997,GIB,940290
32051377,84,9911,2002,0.0,65367.0,0.814919,-0.205996,GIB,940290
32051378,84,9911,2003,16081.0,234251.0,1.133606,-0.176782,GIB,940290
32051379,84,9911,2004,0.0,540920.0,0.466397,-0.627153,GIB,940290
32051380,84,9911,2005,0.0,299228.0,0.637355,-0.465557,GIB,940290
32051381,84,9911,2006,0.0,84466.0,0.8370120000000001,-0.35099400000000003,GIB,940290
32051382,84,9911,2007,2882.0,553122.0,0.794616,-0.287001,GIB,940290
32051383,84,9911,2008,0.0,76224.0,0.938815,-0.361914,GIB,940290
32051384,84,9911,2009,0.0,115672.0,0.9646979999999999,-0.461183,GIB,940290
32051385,84,9911,2010,0.0,128290.0,0.570018,-0.585911,GIB,940290
32051386,84,9911,2011,0.0,112040.0,0.8442850000000001,-0.435222,GIB,940290
32051387,84,9911,2012,8189.0,180014.0,0.930638,-0.558299,GIB,940290
32051388,84,9911,2013,0.0,446144.0,0.991136,-0.603793,GIB,940290
32051389,84,9911,2014,5843.0,107870.0,0.275796,-0.720217,GIB,940290
32051390,84,9911,2015,0.0,77060.0,0.535143,-0.750155,GIB,940290
32051391,84,9911,2016,3923.0,214805.0,0.8535370000000001,-0.661778,GIB,940290
32051392,84,9911,2017,4749.0,121074.0,0.767836,-0.725273,GIB,940290
32051393,84,9911,2018,0.0,38293.0,0.420756,-0.6854140000000001,GIB,940290
32051394,84,9911,2019,0.0,543150.0,0.5167470000000001,-0.484465,GIB,940290
32051395,84,9911,2020,21600.0,529273.0,0.710597,-0.445858,GIB,940290
32051396,85,9911,1995,0.0,99469.0,-1.304768,-1.077826,GIN,940290
32051397,85,9911,1996,0.0,83259.0,-1.2641930000000001,-1.1317409999999999,GIN,940290
32051398,85,9911,1997,0.0,138253.0,-1.529401,-1.163973,GIN,940290
32051399,85,9911,1998,0.0,253855.0,-1.676035,-1.248894,GIN,940290
32051400,85,9911,1999,0.0,514187.0,-1.950321,-1.269807,GIN,940290
32051401,85,9911,2000,0.0,24626.0,-1.523998,-1.197719,GIN,940290
32051402,85,9911,2001,0.0,47758.0,-1.5380340000000001,-1.200083,GIN,940290
32051403,85,9911,2002,0.0,451640.0,-1.85329,-1.243105,GIN,940290
32051404,85,9911,2003,0.0,65181.0,-2.14752,-1.250048,GIN,940290
32051405,85,9911,2004,0.0,70860.0,-1.314543,-1.155153,GIN,940290
32051406,85,9911,2005,0.0,42696.0,-1.55683,-1.200541,GIN,940290
32051407,85,9911,2006,0.0,82004.0,-1.8376720000000002,-1.229774,GIN,940290
32051408,85,9911,2007,0.0,594604.0,-1.694335,-1.230744,GIN,940290
32051409,85,9911,2008,0.0,237084.0,-1.530997,-1.171231,GIN,940290
32051410,85,9911,2009,0.0,233157.0,-1.618121,-1.2200520000000001,GIN,940290
32051411,85,9911,2010,12600.0,369886.0,-1.6761720000000002,-1.181665,GIN,940290
32051412,85,9911,2011,0.0,562893.0,-1.728661,-1.193353,GIN,940290
32051413,85,9911,2012,0.0,949446.0,-1.735487,-1.225333,GIN,940290
32051414,85,9911,2013,0.0,747637.0,-1.1287459999999998,-1.069735,GIN,940290
32051415,85,9911,2014,0.0,786360.0,-1.628409,-1.202473,GIN,940290
32051416,85,9911,2015,0.0,2094065.0,-1.288329,-1.167532,GIN,940290
32051417,85,9911,2016,0.0,477618.0,-1.474753,-1.215627,GIN,940290
32051418,85,9911,2017,0.0,1155242.0,-1.7560669999999998,-1.2747680000000001,GIN,940290
32051419,85,9911,2018,0.0,704392.0,-1.036697,-1.1562860000000001,GIN,940290
32051420,85,9911,2019,6073.0,1377617.0,-1.366633,-1.196123,GIN,940290
32051421,85,9911,2020,0.0,687336.0,-1.841029,-1.233167,GIN,940290
32051422,86,9911,1995,0.0,1916783.0,0.563491,-0.18852,GLP,940290
32051423,86,9911,1996,,,,,GLP,940290
32051424,86,9911,1997,,,,,GLP,940290
32051425,86,9911,1998,,,,,GLP,940290
32051426,86,9911,1999,,,,,GLP,940290
32051427,86,9911,2000,,,,,GLP,940290
32051428,86,9911,2001,,,,,GLP,940290
32051429,86,9911,2002,,,,,GLP,940290
32051430,86,9911,2003,,,,,GLP,940290
32051431,86,9911,2004,,,,,GLP,940290
32051432,86,9911,2005,,,,,GLP,940290
32051433,86,9911,2006,,,,,GLP,940290
32051434,86,9911,2007,,,,,GLP,940290
32051435,86,9911,2008,,,,,GLP,940290
32051436,86,9911,2009,,,,,GLP,940290
32051437,86,9911,2010,,,,,GLP,940290
32051438,86,9911,2011,,,,,GLP,940290
32051439,86,9911,2012,,,,,GLP,940290
32051440,86,9911,2013,,,,,GLP,940290
32051441,86,9911,2014,,,,,GLP,940290
32051442,86,9911,2015,,,,,GLP,940290
32051443,86,9911,2016,,,,,GLP,940290
32051444,86,9911,2017,,,,,GLP,940290
32051445,86,9911,2018,,,,,GLP,940290
32051446,86,9911,2019,,,,,GLP,940290
32051447,86,9911,2020,,,,,GLP,940290
32051448,87,9911,1995,0.0,116596.0,-0.605221,-0.700982,GMB,940290
32051449,87,9911,1996,0.0,113601.0,-1.028677,-0.8440540000000001,GMB,940290
32051450,87,9911,1997,0.0,60849.0,-0.6977300000000001,-0.7753720000000001,GMB,940290
32051451,87,9911,1998,2870.0,30420.0,-0.8280120000000001,-0.783022,GMB,940290
32051452,87,9911,1999,0.0,134357.0,-0.768406,-0.764934,GMB,940290
32051453,87,9911,2000,0.0,149495.0,-0.468837,-0.532772,GMB,940290
32051454,87,9911,2001,0.0,32976.0,-0.160182,-0.24737399999999998,GMB,940290
32051455,87,9911,2002,0.0,55474.0,0.075971,-0.068413,GMB,940290
32051456,87,9911,2003,0.0,109308.0,-0.230541,-0.275663,GMB,940290
32051457,87,9911,2004,0.0,88548.0,-0.135943,-0.226541,GMB,940290
32051458,87,9911,2005,0.0,111605.0,-0.223043,-0.361032,GMB,940290
32051459,87,9911,2006,0.0,104586.0,-0.378539,-0.48427200000000004,GMB,940290
32051460,87,9911,2007,0.0,148958.0,-0.8336680000000001,-0.8261860000000001,GMB,940290
32051461,87,9911,2008,0.0,87700.0,-0.39378,-0.509879,GMB,940290
32051462,87,9911,2009,0.0,56622.0,-0.573979,-0.644636,GMB,940290
32051463,87,9911,2010,0.0,480339.0,-0.894757,-0.734589,GMB,940290
32051464,87,9911,2011,0.0,218137.0,-0.621556,-0.64336,GMB,940290
32051465,87,9911,2012,0.0,160764.0,-0.488296,-0.6730510000000001,GMB,940290
32051466,87,9911,2013,0.0,108503.0,-0.5571550000000001,-0.6860310000000001,GMB,940290
32051467,87,9911,2014,0.0,106868.0,-0.905488,-0.7892819999999999,GMB,940290
32051468,87,9911,2015,0.0,138534.0,-0.984775,-0.877886,GMB,940290
32051469,87,9911,2016,0.0,159464.0,-0.743023,-0.833044,GMB,940290
32051470,87,9911,2017,0.0,100168.0,-1.161814,-0.9317190000000001,GMB,940290
32051471,87,9911,2018,0.0,58547.0,-0.85649,-0.761513,GMB,940290
32051472,87,9911,2019,0.0,56000.0,-1.0174450000000002,-0.790743,GMB,940290
32051473,87,9911,2020,0.0,93760.0,-1.11216,-0.956471,GMB,940290
32051474,88,9911,1995,0.0,8612.0,-1.58566,-0.8226829999999999,GNB,940290
32051475,88,9911,1996,0.0,6008.0,-1.853188,-0.8371649999999999,GNB,940290
32051476,88,9911,1997,,,-1.9366400000000001,-1.000259,GNB,940290
32051477,88,9911,1998,,,-1.8103790000000002,-0.9481790000000001,GNB,940290
32051478,88,9911,1999,0.0,164704.0,-1.7561959999999999,-0.957758,GNB,940290
32051479,88,9911,2000,0.0,1055.0,-2.4014330000000004,-1.001641,GNB,940290
32051480,88,9911,2001,0.0,12606.0,-1.580625,-0.9665860000000001,GNB,940290
32051481,88,9911,2002,0.0,48919.0,-0.661416,-0.8644870000000001,GNB,940290
32051482,88,9911,2003,0.0,46665.0,0.24509499999999998,-0.612725,GNB,940290
32051483,88,9911,2004,0.0,47830.0,-1.423263,-0.9892280000000001,GNB,940290
32051484,88,9911,2005,0.0,37565.0,-1.631378,-0.9792690000000001,GNB,940290
32051485,88,9911,2006,0.0,37660.0,-1.528471,-0.926991,GNB,940290
32051486,88,9911,2007,0.0,5609.0,-1.416947,-1.011782,GNB,940290
32051487,88,9911,2008,0.0,76446.0,-1.9234919999999998,-1.055369,GNB,940290
32051488,88,9911,2009,0.0,106973.0,-0.6868890000000001,-0.9243459999999999,GNB,940290
32051489,88,9911,2010,0.0,283123.0,-1.695338,-0.9196790000000001,GNB,940290
32051490,88,9911,2011,0.0,226948.0,-0.839621,-0.6918850000000001,GNB,940290
32051491,88,9911,2012,0.0,127480.0,-1.6792029999999998,-1.0008629999999998,GNB,940290
32051492,88,9911,2013,0.0,12856.0,-2.414729,-0.9398700000000001,GNB,940290
32051493,88,9911,2014,0.0,59970.0,-1.6723700000000001,-0.896442,GNB,940290
32051494,88,9911,2015,0.0,23006.0,-2.6546,-1.010989,GNB,940290
32051495,88,9911,2016,0.0,16769.0,-1.671858,-1.043328,GNB,940290
32051496,88,9911,2017,0.0,22200.0,-2.418518,-0.954242,GNB,940290
32051497,88,9911,2018,0.0,38999.0,-2.260375,-1.038929,GNB,940290
32051498,88,9911,2019,0.0,38124.0,-1.9842009999999999,-1.0293379999999999,GNB,940290
32051499,88,9911,2020,0.0,192718.0,-1.172138,-0.944076,GNB,940290
32051500,89,9911,1995,,,-2.276493,-0.847433,GNQ,940290
32051501,89,9911,1996,,,-1.832253,-0.7935300000000001,GNQ,940290
32051502,89,9911,1997,0.0,27490.0,-1.447242,-0.830466,GNQ,940290
32051503,89,9911,1998,0.0,5650.0,-2.5150919999999997,-0.9077930000000001,GNQ,940290
32051504,89,9911,1999,0.0,11014.0,-1.390101,-0.91989,GNQ,940290
32051505,89,9911,2000,0.0,1407.0,-2.387934,-0.9495290000000001,GNQ,940290
32051506,89,9911,2001,0.0,96673.0,-2.0882959999999997,-0.921539,GNQ,940290
32051507,89,9911,2002,0.0,26150.0,-2.3567560000000003,-0.88686,GNQ,940290
32051508,89,9911,2003,0.0,25988.0,-2.4406529999999997,-0.821155,GNQ,940290
32051509,89,9911,2004,0.0,76788.0,-1.093261,-0.8802639999999999,GNQ,940290
32051510,89,9911,2005,0.0,246145.0,-1.804466,-0.83998,GNQ,940290
32051511,89,9911,2006,0.0,577533.0,-2.188173,-0.8631700000000001,GNQ,940290
32051512,89,9911,2007,0.0,541078.0,-1.406911,-0.8466950000000001,GNQ,940290
32051513,89,9911,2008,0.0,1117228.0,-1.059208,-0.843542,GNQ,940290
32051514,89,9911,2009,42501.0,908333.0,-1.426661,-0.9459870000000001,GNQ,940290
32051515,89,9911,2010,0.0,708465.0,-1.077402,-0.86556,GNQ,940290
32051516,89,9911,2011,0.0,4236750.0,-1.634315,-0.7567729999999999,GNQ,940290
32051517,89,9911,2012,0.0,2664335.0,-1.297351,-0.926208,GNQ,940290
32051518,89,9911,2013,0.0,5418028.0,-1.521575,-0.814708,GNQ,940290
32051519,89,9911,2014,0.0,3528832.0,-2.043516,-0.844701,GNQ,940290
32051520,89,9911,2015,0.0,1620067.0,-1.585577,-0.9044979999999999,GNQ,940290
32051521,89,9911,2016,0.0,3022545.0,-1.766286,-0.9607709999999999,GNQ,940290
32051522,89,9911,2017,0.0,970451.0,-1.735486,-0.9254180000000001,GNQ,940290
32051523,89,9911,2018,0.0,453076.0,-2.017117,-0.975924,GNQ,940290
32051524,89,9911,2019,0.0,856088.0,-1.9057680000000001,-0.968132,GNQ,940290
32051525,89,9911,2020,0.0,421702.0,-1.5979940000000001,-0.9529340000000001,GNQ,940290
32051526,90,9911,1995,200165.0,4123463.0,0.17369,0.885756,GRC,940290
32051527,90,9911,1996,614022.0,5183380.0,0.271386,1.042608,GRC,940290
32051528,90,9911,1997,71964.0,5955282.0,0.229516,1.085225,GRC,940290
32051529,90,9911,1998,162136.0,3251194.0,0.183835,1.1512790000000002,GRC,940290
32051530,90,9911,1999,563635.0,6430208.0,0.24943600000000002,1.172467,GRC,940290
32051531,90,9911,2000,228292.0,8649706.0,0.30201300000000003,1.4171799999999999,GRC,940290
32051532,90,9911,2001,357327.0,5503143.0,0.31387600000000004,1.3614600000000001,GRC,940290
32051533,90,9911,2002,257455.0,5997458.0,0.31858000000000003,1.47417,GRC,940290
32051534,90,9911,2003,293628.0,6944448.0,0.364688,1.4823959999999998,GRC,940290
32051535,90,9911,2004,585798.0,8026259.0,0.348853,1.661656,GRC,940290
32051536,90,9911,2005,236797.0,6572806.0,0.321907,1.7731669999999997,GRC,940290
32051537,90,9911,2006,717852.0,8845621.0,0.261955,1.488958,GRC,940290
32051538,90,9911,2007,643413.0,11528827.0,0.348709,1.674567,GRC,940290
32051539,90,9911,2008,822340.0,15546381.0,0.33272399999999996,1.758188,GRC,940290
32051540,90,9911,2009,1036412.0,18807771.0,0.2196,1.63301,GRC,940290
32051541,90,9911,2010,587640.0,9426475.0,0.200249,1.4640090000000001,GRC,940290
32051542,90,9911,2011,693607.0,6167110.0,0.138679,1.30044,GRC,940290
32051543,90,9911,2012,1575033.0,5652989.0,0.20949600000000002,1.086158,GRC,940290
32051544,90,9911,2013,840538.0,4629168.0,0.18823800000000002,0.910906,GRC,940290
32051545,90,9911,2014,446807.0,7956263.0,0.149337,0.8560540000000001,GRC,940290
32051546,90,9911,2015,990045.0,4997324.0,0.099027,1.012289,GRC,940290
32051547,90,9911,2016,848786.0,7969827.0,0.12153499999999999,1.126101,GRC,940290
32051548,90,9911,2017,1456837.0,8209536.0,0.154098,1.151038,GRC,940290
32051549,90,9911,2018,1215228.0,7979117.0,0.059539999999999996,1.0321879999999999,GRC,940290
32051550,90,9911,2019,998640.0,9330163.0,0.08904400000000001,1.059396,GRC,940290
32051551,90,9911,2020,944712.0,14975020.0,0.199011,1.087811,GRC,940290
32051552,91,9911,1995,0.0,59337.0,0.15883699999999998,-0.514984,GRD,940290
32051553,91,9911,1996,0.0,16586.0,0.285534,-0.37242600000000003,GRD,940290
32051554,91,9911,1997,,,0.24891799999999997,-0.44986499999999996,GRD,940290
32051555,91,9911,1998,0.0,24774.0,-0.249689,-0.7117,GRD,940290
32051556,91,9911,1999,0.0,38019.0,-0.157276,-0.625791,GRD,940290
32051557,91,9911,2000,0.0,4726.0,0.26865500000000003,-0.449797,GRD,940290
32051558,91,9911,2001,2957.0,261321.0,-0.007888,-0.518167,GRD,940290
32051559,91,9911,2002,0.0,362300.0,0.552833,-0.283761,GRD,940290
32051560,91,9911,2003,1432.0,37631.0,0.3936,-0.258355,GRD,940290
32051561,91,9911,2004,0.0,30004.0,0.40210100000000004,-0.382662,GRD,940290
32051562,91,9911,2005,0.0,28356.0,0.18640299999999999,-0.5731930000000001,GRD,940290
32051563,91,9911,2006,0.0,62290.0,0.19208599999999998,-0.40781,GRD,940290
32051564,91,9911,2007,0.0,36251.0,0.043229000000000004,-0.664795,GRD,940290
32051565,91,9911,2008,0.0,25371.0,0.6186010000000001,-0.170518,GRD,940290
32051566,91,9911,2009,0.0,5088.0,0.035948,-0.586996,GRD,940290
32051567,91,9911,2010,0.0,125525.0,-0.1543,-0.779396,GRD,940290
32051568,91,9911,2011,0.0,9763.0,-0.11610999999999999,-0.579971,GRD,940290
32051569,91,9911,2012,,,0.20538800000000001,-0.529008,GRD,940290
32051570,91,9911,2013,0.0,71155.0,0.073206,-0.567926,GRD,940290
32051571,91,9911,2014,0.0,52866.0,-0.184151,-0.7291270000000001,GRD,940290
32051572,91,9911,2015,0.0,24603.0,0.296552,-0.335908,GRD,940290
32051573,91,9911,2016,0.0,239783.0,0.6993729999999999,-0.250698,GRD,940290
32051574,91,9911,2017,0.0,15175.0,0.384656,-0.317098,GRD,940290
32051575,91,9911,2018,0.0,51379.0,0.28333800000000003,-0.40042,GRD,940290
32051576,91,9911,2019,0.0,64626.0,0.297653,-0.409112,GRD,940290
32051577,91,9911,2020,0.0,85018.0,0.285169,-0.284221,GRD,940290
32051578,92,9911,1995,0.0,357889.0,-0.723404,-0.794883,GRL,940290
32051579,92,9911,1996,988.0,162030.0,-0.8826879999999999,-0.777868,GRL,940290
32051580,92,9911,1997,0.0,233372.0,-0.880433,-0.8654799999999999,GRL,940290
32051581,92,9911,1998,0.0,44782.0,-1.011085,-0.8786809999999999,GRL,940290
32051582,92,9911,1999,0.0,173473.0,-0.832216,-0.906492,GRL,940290
32051583,92,9911,2000,0.0,199955.0,-0.565631,-0.867934,GRL,940290
32051584,92,9911,2001,0.0,185520.0,0.199595,-0.73547,GRL,940290
32051585,92,9911,2002,0.0,194743.0,-0.592221,-0.8956799999999999,GRL,940290
32051586,92,9911,2003,1426.0,170854.0,-0.764655,-0.8684200000000001,GRL,940290
32051587,92,9911,2004,0.0,176634.0,-1.31451,-0.969981,GRL,940290
32051588,92,9911,2005,0.0,139983.0,-0.8994700000000001,-0.922005,GRL,940290
32051589,92,9911,2006,0.0,196278.0,-1.0014,-0.935995,GRL,940290
32051590,92,9911,2007,6638.0,73776.0,-1.102012,-0.978591,GRL,940290
32051591,92,9911,2008,0.0,342410.0,-0.669996,-0.909798,GRL,940290
32051592,92,9911,2009,0.0,20177.0,-1.29302,-1.024092,GRL,940290
32051593,92,9911,2010,0.0,80380.0,-0.45149700000000004,-0.9039299999999999,GRL,940290
32051594,92,9911,2011,0.0,149876.0,-0.669044,-0.787142,GRL,940290
32051595,92,9911,2012,0.0,138149.0,-0.723743,-0.938377,GRL,940290
32051596,92,9911,2013,0.0,50218.0,-0.801617,-0.8734120000000001,GRL,940290
32051597,92,9911,2014,0.0,146020.0,-1.168495,-0.93096,GRL,940290
32051598,92,9911,2015,6993.0,256564.0,-1.017707,-0.913467,GRL,940290
32051599,92,9911,2016,0.0,272650.0,-1.15173,-0.9915700000000001,GRL,940290
32051600,92,9911,2017,0.0,22627.0,-1.226963,-0.9309620000000001,GRL,940290
32051601,92,9911,2018,0.0,114232.0,-1.384795,-1.004781,GRL,940290
32051602,92,9911,2019,1734.0,120417.0,-0.808258,-0.936559,GRL,940290
32051603,92,9911,2020,0.0,38112.0,-1.262925,-0.9767549999999999,GRL,940290
32051604,93,9911,1995,123536.0,547744.0,-0.241468,0.170932,GTM,940290
32051605,93,9911,1996,47048.0,1705245.0,-0.332901,0.23790300000000003,GTM,940290
32051606,93,9911,1997,117946.0,740920.0,-0.310042,0.2096,GTM,940290
32051607,93,9911,1998,55835.0,115095.0,-0.344999,0.155524,GTM,940290
32051608,93,9911,1999,138175.0,503262.0,-0.459323,0.210247,GTM,940290
32051609,93,9911,2000,65073.0,1366726.0,-0.452607,0.317698,GTM,940290
32051610,93,9911,2001,44098.0,1059557.0,-0.5089520000000001,0.216677,GTM,940290
32051611,93,9911,2002,110869.0,229004.0,-0.548834,-0.034464999999999996,GTM,940290
32051612,93,9911,2003,34579.0,336491.0,-0.444162,0.145319,GTM,940290
32051613,93,9911,2004,75129.0,746114.0,-0.46136000000000005,0.148122,GTM,940290
32051614,93,9911,2005,9878.0,287169.0,-0.414479,0.41440200000000005,GTM,940290
32051615,93,9911,2006,74645.0,730741.0,-0.28642199999999995,0.5868439999999999,GTM,940290
32051616,93,9911,2007,14412.0,499548.0,-0.261899,0.643437,GTM,940290
32051617,93,9911,2008,236610.0,923710.0,-0.271973,0.720486,GTM,940290
32051618,93,9911,2009,46686.0,919021.0,-0.33276999999999995,0.551257,GTM,940290
32051619,93,9911,2010,109130.0,669595.0,-0.39034,0.743521,GTM,940290
32051620,93,9911,2011,101446.0,1423071.0,-0.329497,0.775369,GTM,940290
32051621,93,9911,2012,57510.0,1368217.0,-0.265127,0.626089,GTM,940290
32051622,93,9911,2013,114604.0,1501749.0,-0.41466499999999995,0.774788,GTM,940290
32051623,93,9911,2014,77882.0,1525938.0,-0.36547199999999996,0.548894,GTM,940290
32051624,93,9911,2015,115554.0,1411111.0,-0.284403,0.525564,GTM,940290
32051625,93,9911,2016,128338.0,767209.0,-0.414843,0.382162,GTM,940290
32051626,93,9911,2017,88374.0,2023201.0,-0.418538,0.557454,GTM,940290
32051627,93,9911,2018,59762.0,1468495.0,-0.362668,0.520826,GTM,940290
32051628,93,9911,2019,48755.0,2144625.0,-0.43447299999999994,0.658475,GTM,940290
32051629,93,9911,2020,10207.0,4942498.0,-0.32240100000000005,0.542048,GTM,940290
32051630,94,9911,1995,0.0,132395.0,1.1777959999999998,-0.052863,GUF,940290
32051631,94,9911,1996,,,,,GUF,940290
32051632,94,9911,1997,,,,,GUF,940290
32051633,94,9911,1998,,,,,GUF,940290
32051634,94,9911,1999,,,,,GUF,940290
32051635,94,9911,2000,,,,,GUF,940290
32051636,94,9911,2001,,,,,GUF,940290
32051637,94,9911,2002,,,,,GUF,940290
32051638,94,9911,2003,,,,,GUF,940290
32051639,94,9911,2004,,,,,GUF,940290
32051640,94,9911,2005,,,,,GUF,940290
32051641,94,9911,2006,,,,,GUF,940290
32051642,94,9911,2007,,,,,GUF,940290
32051643,94,9911,2008,,,,,GUF,940290
32051644,94,9911,2009,,,,,GUF,940290
32051645,94,9911,2010,,,,,GUF,940290
32051646,94,9911,2011,,,,,GUF,940290
32051647,94,9911,2012,,,,,GUF,940290
32051648,94,9911,2013,,,,,GUF,940290
32051649,94,9911,2014,,,,,GUF,940290
32051650,94,9911,2015,,,,,GUF,940290
32051651,94,9911,2016,,,,,GUF,940290
32051652,94,9911,2017,,,,,GUF,940290
32051653,94,9911,2018,,,,,GUF,940290
32051654,94,9911,2019,,,,,GUF,940290
32051655,94,9911,2020,,,,,GUF,940290
32051656,95,9911,1995,,,,,GUM,940290
32051657,95,9911,1996,,,,,GUM,940290
32051658,95,9911,1997,,,,,GUM,940290
32051659,95,9911,1998,,,,,GUM,940290
32051660,95,9911,1999,,,,,GUM,940290
32051661,95,9911,2000,,,-0.432621,-0.897784,GUM,940290
32051662,95,9911,2001,0.0,18342.0,-0.228818,-0.8545719999999999,GUM,940290
32051663,95,9911,2002,0.0,4552.0,-0.516203,-0.803461,GUM,940290
32051664,95,9911,2003,0.0,16474.0,-0.139991,-0.570695,GUM,940290
32051665,95,9911,2004,0.0,11205.0,0.13034500000000002,-0.40525700000000003,GUM,940290
32051666,95,9911,2005,0.0,4857.0,0.10963699999999998,-0.44295,GUM,940290
32051667,95,9911,2006,0.0,5070.0,0.385261,-0.26928,GUM,940290
32051668,95,9911,2007,2145.0,0.0,0.571674,-0.282353,GUM,940290
32051669,95,9911,2008,,,0.33915,-0.240079,GUM,940290
32051670,95,9911,2009,1608.0,0.0,0.518098,-0.124172,GUM,940290
32051671,95,9911,2010,36348.0,0.0,0.726384,0.182999,GUM,940290
32051672,95,9911,2011,4254.0,0.0,0.675826,0.157468,GUM,940290
32051673,95,9911,2012,25833.0,157555.0,0.392913,-0.070977,GUM,940290
32051674,95,9911,2013,5577.0,5194.0,0.483541,0.281968,GUM,940290
32051675,95,9911,2014,0.0,181478.0,0.6368119999999999,-0.01771,GUM,940290
32051676,95,9911,2015,0.0,8812.0,0.658226,0.030897000000000004,GUM,940290
32051677,95,9911,2016,0.0,8350.0,0.659809,-0.066939,GUM,940290
32051678,95,9911,2017,1797.0,0.0,0.638232,0.033204000000000004,GUM,940290
32051679,95,9911,2018,0.0,6813.0,0.560314,-0.11880299999999999,GUM,940290
32051680,95,9911,2019,0.0,6449.0,0.12159400000000001,-0.657729,GUM,940290
32051681,95,9911,2020,0.0,3698.0,0.27266399999999996,-0.638288,GUM,940290
32051682,96,9911,1995,0.0,779493.0,-0.8856,-0.8413700000000001,GUY,940290
32051683,96,9911,1996,0.0,50915.0,-0.567617,-0.766822,GUY,940290
32051684,96,9911,1997,0.0,26333.0,-0.7141810000000001,-0.8589030000000001,GUY,940290
32051685,96,9911,1998,0.0,13349.0,-0.8204450000000001,-0.8914200000000001,GUY,940290
32051686,96,9911,1999,0.0,322229.0,-0.97619,-0.8785709999999999,GUY,940290
32051687,96,9911,2000,771.0,3929.0,-1.127205,-0.962915,GUY,940290
32051688,96,9911,2001,0.0,62813.0,-0.955816,-0.8593069999999999,GUY,940290
32051689,96,9911,2002,2514.0,14276.0,-0.9485889999999999,-0.9086489999999999,GUY,940290
32051690,96,9911,2003,0.0,47646.0,-0.59035,-0.7361340000000001,GUY,940290
32051691,96,9911,2004,0.0,273976.0,-1.046232,-0.985188,GUY,940290
32051692,96,9911,2005,0.0,33211.0,-0.618542,-0.771821,GUY,940290
32051693,96,9911,2006,1087.0,80939.0,-0.813775,-0.8000649999999999,GUY,940290
32051694,96,9911,2007,0.0,152238.0,-0.889957,-0.873185,GUY,940290
32051695,96,9911,2008,7836.0,49650.0,-1.0439530000000001,-0.962007,GUY,940290
32051696,96,9911,2009,0.0,95552.0,-1.0557809999999999,-1.055825,GUY,940290
32051697,96,9911,2010,0.0,191464.0,-1.020217,-1.0231569999999999,GUY,940290
32051698,96,9911,2011,0.0,127931.0,-1.079231,-1.0280989999999999,GUY,940290
32051699,96,9911,2012,0.0,205292.0,-0.734614,-0.8208489999999999,GUY,940290
32051700,96,9911,2013,0.0,185622.0,-0.8555590000000001,-0.9744450000000001,GUY,940290
32051701,96,9911,2014,0.0,186355.0,-1.068777,-1.038227,GUY,940290
32051702,96,9911,2015,0.0,239969.0,-1.018758,-1.056085,GUY,940290
32051703,96,9911,2016,0.0,869361.0,-0.4755,-0.778335,GUY,940290
32051704,96,9911,2017,9852.0,232502.0,-0.703271,-0.898648,GUY,940290
32051705,96,9911,2018,0.0,338908.0,-0.841458,-0.9803280000000001,GUY,940290
32051706,96,9911,2019,7492.0,332279.0,-0.308365,-0.7833359999999999,GUY,940290
32051707,96,9911,2020,1999.0,219247.0,-0.5874159999999999,-0.8020189999999999,GUY,940290
32051708,97,9911,1995,501194.0,9789812.0,0.5244449999999999,2.682738,HKG,940290
32051709,97,9911,1996,811195.0,12348855.0,0.54364,2.727659,HKG,940290
32051710,97,9911,1997,718877.0,13005091.0,0.521942,2.578405,HKG,940290
32051711,97,9911,1998,1099773.0,10352661.0,0.46966099999999994,2.5744029999999998,HKG,940290
32051712,97,9911,1999,1013167.0,11084026.0,0.387427,2.402434,HKG,940290
32051713,97,9911,2000,1387893.0,11822342.0,0.416202,2.4793950000000002,HKG,940290
32051714,97,9911,2001,756879.0,8280769.0,0.521528,2.3025,HKG,940290
32051715,97,9911,2002,1182619.0,10207620.0,0.5701109999999999,1.989357,HKG,940290
32051716,97,9911,2003,1845521.0,7358685.0,0.494569,2.147062,HKG,940290
32051717,97,9911,2004,1906635.0,6838743.0,0.604825,2.098745,HKG,940290
32051718,97,9911,2005,2292078.0,8398068.0,0.5862149999999999,2.0303459999999998,HKG,940290
32051719,97,9911,2006,2587516.0,8386397.0,0.5776319999999999,2.076782,HKG,940290
32051720,97,9911,2007,2603674.0,14696594.0,0.639034,2.1086009999999997,HKG,940290
32051721,97,9911,2008,4947536.0,24775899.0,0.74435,2.149616,HKG,940290
32051722,97,9911,2009,7712218.0,18691774.0,0.654964,1.98672,HKG,940290
32051723,97,9911,2010,4877804.0,21858917.0,0.715745,1.9780259999999998,HKG,940290
32051724,97,9911,2011,5324205.0,23491163.0,0.663588,1.902118,HKG,940290
32051725,97,9911,2012,5359665.0,29559343.0,0.8124979999999999,1.677497,HKG,940290
32051726,97,9911,2013,8795458.0,29278889.0,0.744383,1.923139,HKG,940290
32051727,97,9911,2014,6303765.0,35618654.0,0.812132,1.722493,HKG,940290
32051728,97,9911,2015,9385179.0,30855913.0,0.8255290000000001,1.8017279999999998,HKG,940290
32051729,97,9911,2016,7465531.0,30392541.0,0.8029029999999999,1.477249,HKG,940290
32051730,97,9911,2017,7831663.0,30591849.0,0.824982,1.7162220000000001,HKG,940290
32051731,97,9911,2018,11319668.0,44912116.0,0.843677,1.656073,HKG,940290
32051732,97,9911,2019,8236960.0,37830487.0,0.992556,1.523004,HKG,940290
32051733,97,9911,2020,10738249.0,42253578.0,1.070483,1.183618,HKG,940290
32051734,98,9911,1995,,,,,HMD,940290
32051735,98,9911,1996,,,,,HMD,940290
32051736,98,9911,1997,,,,,HMD,940290
32051737,98,9911,1998,,,,,HMD,940290
32051738,98,9911,1999,,,,,HMD,940290
32051739,98,9911,2000,,,0.5964520000000001,-0.776101,HMD,940290
32051740,98,9911,2001,,,0.646155,-0.73333,HMD,940290
32051741,98,9911,2002,,,0.0012929999999999999,-0.8448479999999999,HMD,940290
32051742,98,9911,2003,,,1.144117,-0.703569,HMD,940290
32051743,98,9911,2004,,,0.462296,-0.784625,HMD,940290
32051744,98,9911,2005,,,-1.00294,-0.900342,HMD,940290
32051745,98,9911,2006,,,0.247049,-0.780273,HMD,940290
32051746,98,9911,2007,,,0.645392,-0.6719970000000001,HMD,940290
32051747,98,9911,2008,,,0.319506,-0.794439,HMD,940290
32051748,98,9911,2009,,,1.877332,-0.753691,HMD,940290
32051749,98,9911,2010,,,1.514377,-0.696689,HMD,940290
32051750,98,9911,2011,,,1.101177,-0.534424,HMD,940290
32051751,98,9911,2012,,,-1.101992,-0.773688,HMD,940290
32051752,98,9911,2013,,,-1.285513,-0.81486,HMD,940290
32051753,98,9911,2014,,,1.634657,-0.634681,HMD,940290
32051754,98,9911,2015,,,0.7990550000000001,-0.871886,HMD,940290
32051755,98,9911,2016,,,1.1556879999999998,-0.877059,HMD,940290
32051756,98,9911,2017,,,1.734589,-0.733194,HMD,940290
32051757,98,9911,2018,,,0.799866,-0.8623620000000001,HMD,940290
32051758,98,9911,2019,,,-0.20277799999999999,-0.928184,HMD,940290
32051759,98,9911,2020,,,1.878707,-0.7548239999999999,HMD,940290
32051760,99,9911,1995,4787.0,1313990.0,-0.765536,-0.668834,HND,940290
32051761,99,9911,1996,4716.0,250824.0,-0.69357,-0.48721400000000004,HND,940290
32051762,99,9911,1997,2341.0,1208809.0,-0.832161,-0.5578270000000001,HND,940290
32051763,99,9911,1998,2709.0,1025617.0,-0.9326049999999999,-0.598527,HND,940290
32051764,99,9911,1999,0.0,916395.0,-0.8858290000000001,-0.530034,HND,940290
32051765,99,9911,2000,2965.0,580887.0,-0.860977,-0.6851109999999999,HND,940290
32051766,99,9911,2001,0.0,349107.0,-0.8003060000000001,-0.602097,HND,940290
32051767,99,9911,2002,3152.0,709473.0,-0.877043,-0.658185,HND,940290
32051768,99,9911,2003,0.0,2921539.0,-0.733546,-0.568585,HND,940290
32051769,99,9911,2004,1352.0,766792.0,-0.75975,-0.548407,HND,940290
32051770,99,9911,2005,3716.0,1038660.0,-0.731899,-0.54884,HND,940290
32051771,99,9911,2006,34778.0,490936.0,-0.672074,-0.472138,HND,940290
32051772,99,9911,2007,2661.0,356951.0,-0.6366,-0.327447,HND,940290
32051773,99,9911,2008,0.0,630003.0,-0.5907,-0.351317,HND,940290
32051774,99,9911,2009,1699.0,635724.0,-0.587607,-0.189167,HND,940290
32051775,99,9911,2010,3673.0,738602.0,-0.569501,-0.153122,HND,940290
32051776,99,9911,2011,4505.0,3793778.0,-0.740241,-0.311952,HND,940290
32051777,99,9911,2012,3457.0,1671583.0,-0.45962299999999995,-0.002247,HND,940290
32051778,99,9911,2013,1322.0,613733.0,-0.731431,-0.310927,HND,940290
32051779,99,9911,2014,5075.0,893143.0,-0.467004,0.045511,HND,940290
32051780,99,9911,2015,79416.0,414272.0,-0.578635,-0.292053,HND,940290
32051781,99,9911,2016,53225.0,971645.0,-0.673741,-0.403777,HND,940290
32051782,99,9911,2017,816.0,871396.0,-0.6335689999999999,-0.334201,HND,940290
32051783,99,9911,2018,8950.0,952400.0,-0.523738,-0.193198,HND,940290
32051784,99,9911,2019,62514.0,1337804.0,-0.6444439999999999,-0.203443,HND,940290
32051785,99,9911,2020,3426.0,3133497.0,-0.583329,-0.404227,HND,940290
32051786,100,9911,1995,1747131.0,2536323.0,0.75325,1.395715,HRV,940290
32051787,100,9911,1996,1363220.0,1883563.0,0.772706,1.1075270000000002,HRV,940290
32051788,100,9911,1997,472344.0,2163168.0,0.607903,1.147751,HRV,940290
32051789,100,9911,1998,267743.0,1177338.0,0.692779,0.9919530000000001,HRV,940290
32051790,100,9911,1999,695963.0,1725929.0,0.572934,0.9873639999999999,HRV,940290
32051791,100,9911,2000,254844.0,944538.0,0.683921,1.0184959999999998,HRV,940290
32051792,100,9911,2001,578816.0,1407323.0,0.544596,0.969535,HRV,940290
32051793,100,9911,2002,1103047.0,3332320.0,0.591276,1.030723,HRV,940290
32051794,100,9911,2003,1071749.0,3531412.0,0.568394,1.230759,HRV,940290
32051795,100,9911,2004,1446077.0,2810411.0,0.6669970000000001,1.088043,HRV,940290
32051796,100,9911,2005,1533547.0,4786521.0,0.687937,1.059269,HRV,940290
32051797,100,9911,2006,1228055.0,5108284.0,0.755787,0.992614,HRV,940290
32051798,100,9911,2007,2007674.0,10293103.0,0.7799699999999999,1.1047850000000001,HRV,940290
32051799,100,9911,2008,1607054.0,7346476.0,0.874459,1.075102,HRV,940290
32051800,100,9911,2009,920099.0,10096619.0,0.740174,1.005258,HRV,940290
32051801,100,9911,2010,915615.0,6419565.0,0.8276979999999999,0.97415,HRV,940290
32051802,100,9911,2011,1044604.0,7191616.0,0.868294,0.9424299999999999,HRV,940290
32051803,100,9911,2012,1511524.0,4043131.0,0.890281,1.02053,HRV,940290
32051804,100,9911,2013,1152864.0,4328598.0,0.898284,1.038807,HRV,940290
32051805,100,9911,2014,1463934.0,4794315.0,0.804401,1.250807,HRV,940290
32051806,100,9911,2015,1311525.0,3214083.0,0.7590140000000001,1.257415,HRV,940290
32051807,100,9911,2016,1342429.0,3407036.0,0.8695200000000001,1.214791,HRV,940290
32051808,100,9911,2017,1256392.0,4371604.0,0.860825,1.365445,HRV,940290
32051809,100,9911,2018,1096244.0,6679285.0,0.7923720000000001,1.4047209999999999,HRV,940290
32051810,100,9911,2019,725573.0,6095719.0,0.850527,1.280845,HRV,940290
32051811,100,9911,2020,1285337.0,7870669.0,0.876001,1.250877,HRV,940290
32051812,101,9911,1995,0.0,1104979.0,-0.761827,-0.6020310000000001,HTI,940290
32051813,101,9911,1996,0.0,375505.0,-0.865218,-0.723441,HTI,940290
32051814,101,9911,1997,0.0,324580.0,-0.945809,-0.7246560000000001,HTI,940290
32051815,101,9911,1998,0.0,248285.0,-1.186197,-0.925901,HTI,940290
32051816,101,9911,1999,4350.0,616580.0,-1.321531,-0.934434,HTI,940290
32051817,101,9911,2000,0.0,91099.0,-1.119661,-0.823765,HTI,940290
32051818,101,9911,2001,0.0,60119.0,-1.220515,-0.8502200000000001,HTI,940290
32051819,101,9911,2002,0.0,219469.0,-1.220251,-0.8176859999999999,HTI,940290
32051820,101,9911,2003,0.0,97446.0,-1.3761290000000002,-1.006346,HTI,940290
32051821,101,9911,2004,0.0,99800.0,-1.348507,-0.979369,HTI,940290
32051822,101,9911,2005,0.0,1150431.0,-1.2804229999999999,-1.018106,HTI,940290
32051823,101,9911,2006,0.0,712219.0,-1.037941,-0.9475790000000001,HTI,940290
32051824,101,9911,2007,0.0,1383630.0,-1.070524,-1.046209,HTI,940290
32051825,101,9911,2008,0.0,404336.0,-1.087836,-0.967734,HTI,940290
32051826,101,9911,2009,0.0,187641.0,-1.406148,-1.108465,HTI,940290
32051827,101,9911,2010,0.0,1801411.0,-1.369873,-1.121801,HTI,940290
32051828,101,9911,2011,0.0,1474607.0,-1.263093,-1.086658,HTI,940290
32051829,101,9911,2012,0.0,443700.0,-0.8495739999999999,-0.972046,HTI,940290
32051830,101,9911,2013,0.0,741112.0,-1.095392,-0.957326,HTI,940290
32051831,101,9911,2014,0.0,449142.0,-1.10887,-1.032108,HTI,940290
32051832,101,9911,2015,4331.0,1145894.0,-1.288246,-1.018979,HTI,940290
32051833,101,9911,2016,0.0,276828.0,-1.30976,-1.010181,HTI,940290
32051834,101,9911,2017,10440.0,626355.0,-1.0089219999999999,-0.946722,HTI,940290
32051835,101,9911,2018,9955.0,393564.0,-0.914545,-0.890601,HTI,940290
32051836,101,9911,2019,18441.0,269741.0,-1.120295,-0.967447,HTI,940290
32051837,101,9911,2020,0.0,1117062.0,-1.028076,-0.884073,HTI,940290
32051838,102,9911,1995,2762772.0,2633249.0,0.878711,1.8200060000000002,HUN,940290
32051839,102,9911,1996,4313048.0,1700246.0,0.790036,1.891534,HUN,940290
32051840,102,9911,1997,3006569.0,1787791.0,0.746743,1.577102,HUN,940290
32051841,102,9911,1998,3587162.0,2197051.0,0.780392,1.450701,HUN,940290
32051842,102,9911,1999,2495153.0,2248832.0,0.794675,1.308337,HUN,940290
32051843,102,9911,2000,8068857.0,2259473.0,1.045661,1.198236,HUN,940290
32051844,102,9911,2001,1934632.0,1899892.0,1.102262,1.138016,HUN,940290
32051845,102,9911,2002,2108611.0,3673969.0,1.179684,1.0574860000000001,HUN,940290
32051846,102,9911,2003,2883085.0,3279649.0,1.2003270000000001,1.091407,HUN,940290
32051847,102,9911,2004,3177992.0,4006798.0,1.207082,1.019714,HUN,940290
32051848,102,9911,2005,3048375.0,2786171.0,1.3558,0.876179,HUN,940290
32051849,102,9911,2006,3077994.0,6484305.0,1.4034309999999999,0.835144,HUN,940290
32051850,102,9911,2007,6450242.0,6480113.0,1.4887709999999998,0.78372,HUN,940290
32051851,102,9911,2008,5167390.0,4915868.0,1.3358299999999999,0.8177770000000001,HUN,940290
32051852,102,9911,2009,5125284.0,4347589.0,1.397765,0.772375,HUN,940290
32051853,102,9911,2010,5526323.0,2660541.0,1.514225,0.740341,HUN,940290
32051854,102,9911,2011,6705840.0,3847045.0,1.486592,0.805642,HUN,940290
32051855,102,9911,2012,11056619.0,4091274.0,1.396648,0.759196,HUN,940290
32051856,102,9911,2013,8918808.0,9235329.0,1.506101,0.7279220000000001,HUN,940290
32051857,102,9911,2014,8578916.0,8665534.0,1.477093,0.812869,HUN,940290
32051858,102,9911,2015,5457130.0,10637024.0,1.462839,0.803258,HUN,940290
32051859,102,9911,2016,5084717.0,5772194.0,1.445281,0.8422209999999999,HUN,940290
32051860,102,9911,2017,4491404.0,5980398.0,1.4886270000000001,0.845986,HUN,940290
32051861,102,9911,2018,7380561.0,8425539.0,1.519662,0.833092,HUN,940290
32051862,102,9911,2019,6367010.0,15763867.0,1.462102,0.809183,HUN,940290
32051863,102,9911,2020,10195689.0,20803599.0,1.393152,0.878916,HUN,940290
32051864,103,9911,1995,150854.0,2279676.0,-0.391727,1.174727,IDN,940290
32051865,103,9911,1996,68886.0,4305116.0,-0.43199899999999997,1.22074,IDN,940290
32051866,103,9911,1997,5891233.0,6163092.0,-0.44080699999999995,1.220104,IDN,940290
32051867,103,9911,1998,4959886.0,4286181.0,-0.478253,1.350652,IDN,940290
32051868,103,9911,1999,6062619.0,2219851.0,-0.20447,1.568505,IDN,940290
32051869,103,9911,2000,8364939.0,33435162.0,-0.125831,1.7116360000000002,IDN,940290
32051870,103,9911,2001,7008499.0,2486559.0,-0.167771,1.6587889999999998,IDN,940290
32051871,103,9911,2002,6272833.0,2182797.0,-0.10020499999999999,1.590314,IDN,940290
32051872,103,9911,2003,6307402.0,3635717.0,-0.16802,1.7252990000000001,IDN,940290
32051873,103,9911,2004,4859009.0,3361670.0,-0.223644,1.719065,IDN,940290
32051874,103,9911,2005,4793100.0,5102480.0,-0.273208,1.5252379999999999,IDN,940290
32051875,103,9911,2006,4657933.0,8907403.0,-0.21012399999999998,1.467838,IDN,940290
32051876,103,9911,2007,6625574.0,11120513.0,-0.192415,1.497962,IDN,940290
32051877,103,9911,2008,6655703.0,11110138.0,-0.11154000000000001,1.4879850000000001,IDN,940290
32051878,103,9911,2009,9243825.0,7037086.0,-0.253835,1.260101,IDN,940290
32051879,103,9911,2010,12411948.0,9997367.0,-0.30878099999999997,1.07069,IDN,940290
32051880,103,9911,2011,17270108.0,18727895.0,-0.234125,1.168384,IDN,940290
32051881,103,9911,2012,16891480.0,20160756.0,-0.142318,1.281781,IDN,940290
32051882,103,9911,2013,17448966.0,24210899.0,-0.216854,1.415728,IDN,940290
32051883,103,9911,2014,17651965.0,19653160.0,-0.088032,1.3966459999999998,IDN,940290
32051884,103,9911,2015,16155955.0,26134148.0,-0.145103,1.277362,IDN,940290
32051885,103,9911,2016,13678633.0,30834148.0,-0.158496,1.492067,IDN,940290
32051886,103,9911,2017,15297534.0,30072530.0,-0.23641700000000002,1.188173,IDN,940290
32051887,103,9911,2018,12918516.0,26718959.0,-0.10130499999999999,1.2414209999999999,IDN,940290
32051888,103,9911,2019,14602988.0,31764628.0,-0.141811,1.385726,IDN,940290
32051889,103,9911,2020,17630327.0,37322345.0,-0.16761700000000002,1.571009,IDN,940290
32051890,104,9911,1995,431045.0,3354190.0,0.156183,1.9617380000000002,IND,940290
32051891,104,9911,1996,276690.0,2552396.0,0.20685599999999998,2.317622,IND,940290
32051892,104,9911,1997,340013.0,2019006.0,0.262571,2.31305,IND,940290
32051893,104,9911,1998,800836.0,2419142.0,0.274308,2.316908,IND,940290
32051894,104,9911,1999,600769.0,2664622.0,0.29945900000000003,2.438702,IND,940290
32051895,104,9911,2000,832716.0,4467294.0,0.3961,2.553408,IND,940290
32051896,104,9911,2001,1707562.0,3347621.0,0.349744,2.665844,IND,940290
32051897,104,9911,2002,2443463.0,3242749.0,0.380867,2.608955,IND,940290
32051898,104,9911,2003,3385292.0,5855309.0,0.33014099999999996,2.836003,IND,940290
32051899,104,9911,2004,3890841.0,7333431.0,0.233348,2.790987,IND,940290
32051900,104,9911,2005,9252559.0,7530234.0,0.212108,2.817413,IND,940290
32051901,104,9911,2006,9100833.0,11336650.0,0.285652,2.731318,IND,940290
32051902,104,9911,2007,11399167.0,15219251.0,0.279475,2.7514939999999997,IND,940290
32051903,104,9911,2008,11917282.0,18228356.0,0.26694,2.926023,IND,940290
32051904,104,9911,2009,13658326.0,20227842.0,0.209867,2.254003,IND,940290
32051905,104,9911,2010,13557349.0,21785195.0,0.14485599999999998,2.408913,IND,940290
32051906,104,9911,2011,12210676.0,23860685.0,0.18276199999999998,2.398765,IND,940290
32051907,104,9911,2012,12965865.0,28970710.0,0.229996,2.4815110000000002,IND,940290
32051908,104,9911,2013,13859167.0,31152722.0,0.215356,2.3916209999999998,IND,940290
32051909,104,9911,2014,12426997.0,32726182.0,0.262042,2.6305080000000003,IND,940290
32051910,104,9911,2015,15136011.0,32957087.0,0.24230900000000002,2.8190880000000003,IND,940290
32051911,104,9911,2016,18969439.0,30954800.0,0.30976,2.61043,IND,940290
32051912,104,9911,2017,15790982.0,33373639.0,0.290576,2.726391,IND,940290
32051913,104,9911,2018,16828416.0,33171926.0,0.526015,2.448112,IND,940290
32051914,104,9911,2019,15516676.0,37201992.0,0.43196,2.661139,IND,940290
32051915,104,9911,2020,22338260.0,28571244.0,0.464674,2.838779,IND,940290
32051916,105,9911,1995,,,0.065578,-0.702364,IOT,940290
32051917,105,9911,1996,4240.0,0.0,0.605992,-0.5621970000000001,IOT,940290
32051918,105,9911,1997,,,0.21188400000000002,-0.6892659999999999,IOT,940290
32051919,105,9911,1998,,,0.894133,-0.5182,IOT,940290
32051920,105,9911,1999,,,-0.44178199999999995,-0.8321649999999999,IOT,940290
32051921,105,9911,2000,,,-0.346723,-0.8308049999999999,IOT,940290
32051922,105,9911,2001,,,-0.21711599999999998,-0.8472959999999999,IOT,940290
32051923,105,9911,2002,,,-0.262822,-0.787972,IOT,940290
32051924,105,9911,2003,,,0.907681,-0.184899,IOT,940290
32051925,105,9911,2004,0.0,1005.0,1.52429,0.002654,IOT,940290
32051926,105,9911,2005,,,1.107517,-0.264755,IOT,940290
32051927,105,9911,2006,,,1.147154,-0.13284,IOT,940290
32051928,105,9911,2007,0.0,4013.0,1.424007,0.050412,IOT,940290
32051929,105,9911,2008,63321.0,0.0,1.2634319999999999,-0.314756,IOT,940290
32051930,105,9911,2009,0.0,4460.0,0.505916,-0.551323,IOT,940290
32051931,105,9911,2010,,,0.962752,-0.399434,IOT,940290
32051932,105,9911,2011,0.0,9525.0,0.50507,-0.238484,IOT,940290
32051933,105,9911,2012,,,1.134521,-0.361446,IOT,940290
32051934,105,9911,2013,3550.0,0.0,0.7192390000000001,-0.628595,IOT,940290
32051935,105,9911,2014,,,0.910402,-0.6916939999999999,IOT,940290
32051936,105,9911,2015,0.0,9473.0,1.134108,-0.617796,IOT,940290
32051937,105,9911,2016,0.0,30320.0,0.9315,-0.661654,IOT,940290
32051938,105,9911,2017,0.0,11906.0,0.30708,-0.604495,IOT,940290
32051939,105,9911,2018,,,0.725927,-0.360329,IOT,940290
32051940,105,9911,2019,,,-0.7551760000000001,-0.939959,IOT,940290
32051941,105,9911,2020,,,0.928522,-0.435507,IOT,940290
32051942,106,9911,1995,3516740.0,4190966.0,1.349192,0.992099,IRL,940290
32051943,106,9911,1996,4363682.0,3794374.0,1.386011,0.9232100000000001,IRL,940290
32051944,106,9911,1997,3325837.0,5762912.0,1.471048,0.8769370000000001,IRL,940290
32051945,106,9911,1998,2694936.0,9551764.0,1.451067,0.654442,IRL,940290
32051946,106,9911,1999,2940966.0,5584922.0,1.599613,0.37233299999999997,IRL,940290
32051947,106,9911,2000,2906899.0,5606274.0,1.546001,0.342854,IRL,940290
32051948,106,9911,2001,2823690.0,11591309.0,1.664233,0.129983,IRL,940290
32051949,106,9911,2002,3000472.0,11554395.0,1.7232880000000002,0.091172,IRL,940290
32051950,106,9911,2003,3083650.0,14908796.0,1.6396130000000002,0.220599,IRL,940290
32051951,106,9911,2004,3250328.0,13770359.0,1.501859,0.14456,IRL,940290
32051952,106,9911,2005,4290068.0,20201801.0,1.536605,0.189781,IRL,940290
32051953,106,9911,2006,3395407.0,26502782.0,1.43804,0.06463200000000001,IRL,940290
32051954,106,9911,2007,3630561.0,24257213.0,1.353146,0.122832,IRL,940290
32051955,106,9911,2008,5179507.0,20188720.0,1.693858,0.221425,IRL,940290
32051956,106,9911,2009,4918415.0,11755791.0,1.627233,0.020024,IRL,940290
32051957,106,9911,2010,4893084.0,15954327.0,1.371357,0.168795,IRL,940290
32051958,106,9911,2011,6906015.0,14073698.0,1.403182,0.290245,IRL,940290
32051959,106,9911,2012,6456457.0,11303396.0,1.229702,0.12683599999999998,IRL,940290
32051960,106,9911,2013,6197500.0,14536469.0,1.29988,0.240688,IRL,940290
32051961,106,9911,2014,8944307.0,17239755.0,1.2658399999999999,0.278546,IRL,940290
32051962,106,9911,2015,7082476.0,17250529.0,1.304942,0.126431,IRL,940290
32051963,106,9911,2016,6386620.0,17918368.0,1.445238,0.07659400000000001,IRL,940290
32051964,106,9911,2017,7203025.0,15243470.0,1.363544,0.169211,IRL,940290
32051965,106,9911,2018,4460900.0,15597019.0,1.262419,0.013576,IRL,940290
32051966,106,9911,2019,4447786.0,14944085.0,1.3812389999999999,-0.025366,IRL,940290
32051967,106,9911,2020,15584997.0,24890803.0,1.337791,-0.20829699999999998,IRL,940290
32051968,107,9911,1995,0.0,136613.0,-0.821991,-1.071013,IRN,940290
32051969,107,9911,1996,0.0,569149.0,-0.7496649999999999,-1.1173520000000001,IRN,940290
32051970,107,9911,1997,237438.0,678582.0,-0.503841,-0.9984059999999999,IRN,940290
32051971,107,9911,1998,69169.0,501332.0,-0.6626029999999999,-1.0408959999999998,IRN,940290
32051972,107,9911,1999,20453.0,104333.0,-0.9366620000000001,-1.147602,IRN,940290
32051973,107,9911,2000,21798.0,821369.0,-0.555558,-0.910523,IRN,940290
32051974,107,9911,2001,23528.0,649646.0,-0.7732479999999999,-0.8979370000000001,IRN,940290
32051975,107,9911,2002,133947.0,1195052.0,-0.5707840000000001,-0.705612,IRN,940290
32051976,107,9911,2003,19100.0,1739688.0,-0.552146,-0.8668520000000001,IRN,940290
32051977,107,9911,2004,27614.0,4043656.0,-0.38210700000000003,-0.8408620000000001,IRN,940290
32051978,107,9911,2005,61119.0,5068247.0,-0.305068,-0.804413,IRN,940290
32051979,107,9911,2006,422212.0,3563398.0,-0.391023,-0.767861,IRN,940290
32051980,107,9911,2007,365703.0,4902257.0,-0.797659,-1.048892,IRN,940290
32051981,107,9911,2008,87720.0,3935052.0,-0.9776469999999999,-1.054475,IRN,940290
32051982,107,9911,2009,76782.0,6350891.0,-1.185702,-1.1049360000000001,IRN,940290
32051983,107,9911,2010,615742.0,5195020.0,-0.609874,-0.744733,IRN,940290
32051984,107,9911,2011,735568.0,5925375.0,-0.915379,-0.973194,IRN,940290
32051985,107,9911,2012,394993.0,5960520.0,-0.963881,-0.928644,IRN,940290
32051986,107,9911,2013,1273900.0,4000663.0,-0.339172,-0.237114,IRN,940290
32051987,107,9911,2014,734994.0,8576041.0,-0.361058,-0.312743,IRN,940290
32051988,107,9911,2015,475496.0,5334363.0,-0.258946,-0.0073420000000000004,IRN,940290
32051989,107,9911,2016,3429905.0,3865932.0,-0.407368,-0.23482399999999998,IRN,940290
32051990,107,9911,2017,1627256.0,5476335.0,-0.361292,-0.361813,IRN,940290
32051991,107,9911,2018,1376839.0,2963628.0,-0.389954,-0.258156,IRN,940290
32051992,107,9911,2019,575273.0,1647747.0,-0.386813,-0.467873,IRN,940290
32051993,107,9911,2020,429413.0,787478.0,-0.362286,-0.242846,IRN,940290
32051994,108,9911,1995,,,-0.813404,-0.7444390000000001,IRQ,940290
32051995,108,9911,1996,0.0,87543.0,0.9485540000000001,-0.303744,IRQ,940290
32051996,108,9911,1997,0.0,9567.0,-2.248377,-0.817589,IRQ,940290
32051997,108,9911,1998,0.0,333641.0,-1.4440030000000001,-0.808689,IRQ,940290
32051998,108,9911,1999,0.0,1343975.0,-1.8954950000000002,-0.883983,IRQ,940290
32051999,108,9911,2000,0.0,1251416.0,-1.8568259999999999,-0.902459,IRQ,940290
32052000,108,9911,2001,0.0,9179680.0,-1.115465,-0.883028,IRQ,940290
32052001,108,9911,2002,2199.0,8482933.0,-0.397477,-0.811214,IRQ,940290
32052002,108,9911,2003,0.0,625971.0,-0.398557,-0.774153,IRQ,940290
32052003,108,9911,2004,0.0,1003861.0,-0.8852559999999999,-0.907136,IRQ,940290
32052004,108,9911,2005,0.0,23167707.0,-1.021297,-0.8532549999999999,IRQ,940290
32052005,108,9911,2006,0.0,5389073.0,-2.029727,-0.8634219999999999,IRQ,940290
32052006,108,9911,2007,0.0,4641828.0,-1.961053,-0.8849969999999999,IRQ,940290
32052007,108,9911,2008,0.0,2813680.0,-1.6604189999999999,-0.886959,IRQ,940290
32052008,108,9911,2009,0.0,13417540.0,-1.1683270000000001,-0.9517459999999999,IRQ,940290
32052009,108,9911,2010,19904.0,4545973.0,-2.1439150000000002,-0.913227,IRQ,940290
32052010,108,9911,2011,104267.0,5334609.0,-2.175137,-0.726975,IRQ,940290
32052011,108,9911,2012,293076.0,24308199.0,-2.7534509999999996,-0.812277,IRQ,940290
32052012,108,9911,2013,3281.0,15119707.0,-2.839079,-0.8705440000000001,IRQ,940290
32052013,108,9911,2014,3632.0,27628036.0,-2.9169,-0.882023,IRQ,940290
32052014,108,9911,2015,1577.0,6661421.0,-1.465803,-0.912113,IRQ,940290
32052015,108,9911,2016,0.0,7168409.0,-2.2400029999999997,-1.017174,IRQ,940290
32052016,108,9911,2017,4511.0,5855400.0,-1.515339,-0.9462950000000001,IRQ,940290
32052017,108,9911,2018,0.0,5467173.0,-1.7504400000000002,-1.018699,IRQ,940290
32052018,108,9911,2019,0.0,11215820.0,-1.593359,-0.9927860000000001,IRQ,940290
32052019,108,9911,2020,66241.0,14569803.0,-1.087158,-0.9546389999999999,IRQ,940290
32052020,109,9911,1995,1361.0,526670.0,0.161331,-0.45210100000000003,ISL,940290
32052021,109,9911,1996,11927.0,457413.0,0.003558,-0.551796,ISL,940290
32052022,109,9911,1997,11539.0,762907.0,0.217533,-0.405395,ISL,940290
32052023,109,9911,1998,2073.0,515003.0,0.18141300000000002,-0.47993500000000006,ISL,940290
32052024,109,9911,1999,1220.0,880354.0,0.377701,-0.355798,ISL,940290
32052025,109,9911,2000,7086.0,801109.0,0.217683,-0.41136000000000006,ISL,940290
32052026,109,9911,2001,22834.0,963511.0,0.032382999999999995,-0.51054,ISL,940290
32052027,109,9911,2002,220256.0,718345.0,0.23601999999999998,-0.34781,ISL,940290
32052028,109,9911,2003,8416.0,1354998.0,0.21902800000000003,-0.40818499999999996,ISL,940290
32052029,109,9911,2004,50196.0,1429440.0,0.298844,-0.36366,ISL,940290
32052030,109,9911,2005,1167.0,1651025.0,0.060955999999999996,-0.410998,ISL,940290
32052031,109,9911,2006,17481.0,1985924.0,0.170234,-0.302203,ISL,940290
32052032,109,9911,2007,7356.0,1644503.0,0.172786,-0.380266,ISL,940290
32052033,109,9911,2008,14302.0,1930654.0,0.26969899999999997,-0.29915,ISL,940290
32052034,109,9911,2009,111290.0,525581.0,0.21713200000000002,-0.371812,ISL,940290
32052035,109,9911,2010,12751.0,659315.0,0.20822100000000002,-0.318294,ISL,940290
32052036,109,9911,2011,4111.0,496613.0,0.284202,-0.23753000000000002,ISL,940290
32052037,109,9911,2012,16172.0,706797.0,0.368012,-0.31235599999999997,ISL,940290
32052038,109,9911,2013,113817.0,1231163.0,0.259374,-0.20413299999999998,ISL,940290
32052039,109,9911,2014,4390.0,934097.0,0.127891,-0.302014,ISL,940290
32052040,109,9911,2015,26677.0,1659608.0,0.24527600000000002,-0.411616,ISL,940290
32052041,109,9911,2016,24335.0,1854765.0,0.192448,-0.37174,ISL,940290
32052042,109,9911,2017,102300.0,1642040.0,0.386094,-0.277269,ISL,940290
32052043,109,9911,2018,1999.0,1744705.0,0.252338,-0.341319,ISL,940290
32052044,109,9911,2019,1611.0,1937108.0,0.378873,-0.162129,ISL,940290
32052045,109,9911,2020,6547.0,1828990.0,0.27161399999999997,-0.17819200000000002,ISL,940290
32052046,110,9911,1995,1180189.0,2869685.0,1.205368,1.189434,ISR,940290
32052047,110,9911,1996,556356.0,3117900.0,1.054975,1.072965,ISR,940290
32052048,110,9911,1997,863789.0,3190258.0,1.3230030000000002,0.965016,ISR,940290
32052049,110,9911,1998,571615.0,6605782.0,1.2643739999999999,0.958475,ISR,940290
32052050,110,9911,1999,929106.0,6963228.0,1.342593,0.781931,ISR,940290
32052051,110,9911,2000,1004761.0,10560899.0,1.251365,0.7359319999999999,ISR,940290
32052052,110,9911,2001,1038645.0,15012254.0,1.374873,0.775594,ISR,940290
32052053,110,9911,2002,3046484.0,11460357.0,1.334174,0.654331,ISR,940290
32052054,110,9911,2003,2659058.0,11563994.0,1.157809,0.682195,ISR,940290
32052055,110,9911,2004,6045798.0,17075359.0,1.250393,0.8003979999999999,ISR,940290
32052056,110,9911,2005,2324962.0,17727276.0,1.3829120000000001,0.761617,ISR,940290
32052057,110,9911,2006,3695953.0,16498022.0,1.3082129999999998,0.783845,ISR,940290
32052058,110,9911,2007,2834483.0,20788215.0,1.092244,0.753984,ISR,940290
32052059,110,9911,2008,4468055.0,28491072.0,1.169192,0.797136,ISR,940290
32052060,110,9911,2009,3232236.0,17112713.0,1.226438,0.816299,ISR,940290
32052061,110,9911,2010,3673690.0,19419819.0,1.215834,0.7028340000000001,ISR,940290
32052062,110,9911,2011,5996344.0,25529585.0,1.324384,0.714611,ISR,940290
32052063,110,9911,2012,6620719.0,16906378.0,1.344347,0.691617,ISR,940290
32052064,110,9911,2013,5755712.0,18124698.0,1.197241,0.633828,ISR,940290
32052065,110,9911,2014,6081610.0,15811547.0,1.211141,0.64523,ISR,940290
32052066,110,9911,2015,8274680.0,18104256.0,1.260071,0.545545,ISR,940290
32052067,110,9911,2016,5246224.0,19294537.0,1.352275,0.67584,ISR,940290
32052068,110,9911,2017,5169224.0,23832217.0,1.436156,0.776574,ISR,940290
32052069,110,9911,2018,5559120.0,22354821.0,1.355071,0.872822,ISR,940290
32052070,110,9911,2019,7192073.0,20065004.0,1.488686,0.823376,ISR,940290
32052071,110,9911,2020,8644920.0,27526161.0,1.487557,0.8370920000000001,ISR,940290
32052072,111,9911,1995,58712183.0,9631477.0,1.503379,1.449094,ITA,940290
32052073,111,9911,1996,55424689.0,10867920.0,1.4674690000000001,1.263362,ITA,940290
32052074,111,9911,1997,41590585.0,11959129.0,1.4860389999999999,1.235674,ITA,940290
32052075,111,9911,1998,40690126.0,15090304.0,1.4532209999999999,1.191124,ITA,940290
32052076,111,9911,1999,35092019.0,17681502.0,1.395253,1.3589790000000002,ITA,940290
32052077,111,9911,2000,34237141.0,19128254.0,1.421124,1.112321,ITA,940290
32052078,111,9911,2001,40222236.0,21993655.0,1.389926,1.282143,ITA,940290
32052079,111,9911,2002,35853054.0,24300530.0,1.377604,1.2470510000000001,ITA,940290
32052080,111,9911,2003,43620117.0,30347959.0,1.399734,1.044608,ITA,940290
32052081,111,9911,2004,48322675.0,34935712.0,1.358057,1.11533,ITA,940290
32052082,111,9911,2005,51621080.0,44373025.0,1.295883,1.032218,ITA,940290
32052083,111,9911,2006,63897255.0,43446139.0,1.293779,0.93995,ITA,940290
32052084,111,9911,2007,83340901.0,48049919.0,1.3003559999999998,0.705448,ITA,940290
32052085,111,9911,2008,95210198.0,60596830.0,1.308777,0.361523,ITA,940290
32052086,111,9911,2009,80214597.0,59433126.0,1.289,0.64549,ITA,940290
32052087,111,9911,2010,74684140.0,58501178.0,1.272385,0.545721,ITA,940290
32052088,111,9911,2011,76226542.0,58431702.0,1.298751,0.48013599999999995,ITA,940290
32052089,111,9911,2012,82121770.0,49867093.0,1.297611,0.28585900000000003,ITA,940290
32052090,111,9911,2013,101223839.0,49270782.0,1.289924,0.533436,ITA,940290
32052091,111,9911,2014,97570596.0,60125778.0,1.340136,0.43931099999999995,ITA,940290
32052092,111,9911,2015,85027010.0,46229840.0,1.321127,0.747046,ITA,940290
32052093,111,9911,2016,88795817.0,53510571.0,1.339307,0.8549209999999999,ITA,940290
32052094,111,9911,2017,87599870.0,55591949.0,1.34395,0.577693,ITA,940290
32052095,111,9911,2018,93952243.0,72604301.0,1.3602530000000002,0.453607,ITA,940290
32052096,111,9911,2019,98989235.0,54948167.0,1.25898,0.926639,ITA,940290
32052097,111,9911,2020,107839986.0,94934402.0,1.299017,0.701797,ITA,940290
32052098,112,9911,1995,0.0,269743.0,-0.873925,-0.952304,JAM,940290
32052099,112,9911,1996,0.0,100927.0,-0.6344350000000001,-0.814916,JAM,940290
32052100,112,9911,1997,678171.0,788107.0,-0.65455,-0.820413,JAM,940290
32052101,112,9911,1998,1181.0,132128.0,-0.8083739999999999,-0.946183,JAM,940290
32052102,112,9911,1999,0.0,2164425.0,-0.852468,-0.9670290000000001,JAM,940290
32052103,112,9911,2000,0.0,351911.0,-0.625061,-0.814176,JAM,940290
32052104,112,9911,2001,3053.0,194678.0,-0.541582,-0.837248,JAM,940290
32052105,112,9911,2002,7567.0,264247.0,-0.604813,-0.9309860000000001,JAM,940290
32052106,112,9911,2003,24024.0,342058.0,-0.6684140000000001,-0.915817,JAM,940290
32052107,112,9911,2004,0.0,1195545.0,-0.64957,-0.944183,JAM,940290
32052108,112,9911,2005,7743.0,431158.0,-0.438717,-0.95845,JAM,940290
32052109,112,9911,2006,0.0,411444.0,-0.5122720000000001,-0.9109809999999999,JAM,940290
32052110,112,9911,2007,8932.0,518248.0,-0.466305,-0.971972,JAM,940290
32052111,112,9911,2008,5599.0,481495.0,-0.412969,-0.9444030000000001,JAM,940290
32052112,112,9911,2009,0.0,150116.0,-0.083743,-0.6222479999999999,JAM,940290
32052113,112,9911,2010,4342.0,618763.0,0.041471,-0.367177,JAM,940290
32052114,112,9911,2011,0.0,685690.0,-0.162212,-0.621817,JAM,940290
32052115,112,9911,2012,24309.0,516011.0,-0.34163899999999997,-0.8008850000000001,JAM,940290
32052116,112,9911,2013,0.0,485333.0,-0.541441,-0.8448559999999999,JAM,940290
32052117,112,9911,2014,8532.0,367318.0,-0.42745299999999997,-0.7750130000000001,JAM,940290
32052118,112,9911,2015,0.0,666507.0,-0.438267,-0.828097,JAM,940290
32052119,112,9911,2016,5669.0,818898.0,-0.259972,-0.592114,JAM,940290
32052120,112,9911,2017,0.0,900000.0,-0.497654,-0.76481,JAM,940290
32052121,112,9911,2018,0.0,715440.0,-0.339328,-0.8756659999999999,JAM,940290
32052122,112,9911,2019,4112.0,603699.0,-0.18387799999999999,-0.710004,JAM,940290
32052123,112,9911,2020,65826.0,1452443.0,-0.21953000000000003,-0.6944899999999999,JAM,940290
32052124,113,9911,1995,5275.0,1242629.0,0.666542,0.326785,JOR,940290
32052125,113,9911,1996,0.0,2665721.0,0.12203499999999999,-0.41859399999999997,JOR,940290
32052126,113,9911,1997,213976.0,796031.0,0.49456300000000003,0.33966,JOR,940290
32052127,113,9911,1998,32940.0,1548155.0,0.403009,-0.076366,JOR,940290
32052128,113,9911,1999,37273.0,977392.0,0.475995,0.514447,JOR,940290
32052129,113,9911,2000,156835.0,2258899.0,0.495354,1.233005,JOR,940290
32052130,113,9911,2001,137917.0,7021528.0,0.375134,0.581558,JOR,940290
32052131,113,9911,2002,599466.0,1368329.0,0.24197600000000002,0.196635,JOR,940290
32052132,113,9911,2003,435927.0,2777913.0,0.12295,0.377031,JOR,940290
32052133,113,9911,2004,589556.0,3165246.0,0.152989,0.385845,JOR,940290
32052134,113,9911,2005,344533.0,6537670.0,0.21925799999999998,0.371165,JOR,940290
32052135,113,9911,2006,841579.0,4663603.0,0.166718,0.331248,JOR,940290
32052136,113,9911,2007,759645.0,4195202.0,0.228433,0.5984550000000001,JOR,940290
32052137,113,9911,2008,1796177.0,6163318.0,0.255463,0.45844799999999997,JOR,940290
32052138,113,9911,2009,1249637.0,6826856.0,0.21374899999999997,0.423774,JOR,940290
32052139,113,9911,2010,474261.0,4284924.0,0.251702,0.522758,JOR,940290
32052140,113,9911,2011,411255.0,5912143.0,0.231605,0.47049399999999997,JOR,940290
32052141,113,9911,2012,949775.0,10950689.0,0.24909099999999998,0.489624,JOR,940290
32052142,113,9911,2013,388137.0,9019446.0,0.152659,0.5889979999999999,JOR,940290
32052143,113,9911,2014,476414.0,8430331.0,0.210208,0.48732299999999995,JOR,940290
32052144,113,9911,2015,1609612.0,8066847.0,0.121172,0.457301,JOR,940290
32052145,113,9911,2016,757110.0,5706640.0,-0.0115,0.045625,JOR,940290
32052146,113,9911,2017,587721.0,8640103.0,0.020035,0.295415,JOR,940290
32052147,113,9911,2018,652811.0,7279935.0,-0.086895,0.283829,JOR,940290
32052148,113,9911,2019,566320.0,7579513.0,-0.003529,0.255816,JOR,940290
32052149,113,9911,2020,967155.0,7477269.0,-0.060384,0.139902,JOR,940290
32052150,114,9911,1995,29750362.0,23562393.0,2.56822,0.927307,JPN,940290
32052151,114,9911,1996,24155095.0,26098301.0,2.615364,0.5656939999999999,JPN,940290
32052152,114,9911,1997,26698358.0,31774631.0,2.631846,0.553144,JPN,940290
32052153,114,9911,1998,23156761.0,36274910.0,2.550442,0.718063,JPN,940290
32052154,114,9911,1999,25398399.0,30372151.0,2.541382,0.693702,JPN,940290
32052155,114,9911,2000,27452845.0,41490700.0,2.579611,0.464875,JPN,940290
32052156,114,9911,2001,25067094.0,42311421.0,2.585857,0.522663,JPN,940290
32052157,114,9911,2002,25427830.0,38335760.0,2.556057,0.497673,JPN,940290
32052158,114,9911,2003,29986937.0,45002278.0,2.4686630000000003,0.48072600000000004,JPN,940290
32052159,114,9911,2004,35347817.0,46763989.0,2.526624,0.452054,JPN,940290
32052160,114,9911,2005,42732240.0,48619443.0,2.392106,0.278652,JPN,940290
32052161,114,9911,2006,44525709.0,51627521.0,2.4348099999999997,0.082887,JPN,940290
32052162,114,9911,2007,47656087.0,52551171.0,2.313259,0.186703,JPN,940290
32052163,114,9911,2008,50429534.0,49944441.0,2.285056,0.036255,JPN,940290
32052164,114,9911,2009,41399707.0,64626604.0,2.306791,-0.251712,JPN,940290
32052165,114,9911,2010,47493361.0,77594468.0,2.459723,-0.279387,JPN,940290
32052166,114,9911,2011,58582481.0,97538253.0,2.516395,-0.534301,JPN,940290
32052167,114,9911,2012,55778232.0,133037117.0,2.359022,-0.553565,JPN,940290
32052168,114,9911,2013,43234170.0,148990333.0,2.3993130000000003,-0.564768,JPN,940290
32052169,114,9911,2014,48058641.0,160021331.0,2.403165,-0.635024,JPN,940290
32052170,114,9911,2015,38873082.0,114880479.0,2.516133,-0.484202,JPN,940290
32052171,114,9911,2016,48203878.0,105638821.0,2.574025,-0.34859,JPN,940290
32052172,114,9911,2017,46020264.0,96202990.0,2.4510419999999997,-0.277357,JPN,940290
32052173,114,9911,2018,51670854.0,92623160.0,2.514533,-0.416074,JPN,940290
32052174,114,9911,2019,49641042.0,92718638.0,2.4931509999999997,-0.558811,JPN,940290
32052175,114,9911,2020,40855204.0,78011540.0,2.405659,-0.38169000000000003,JPN,940290
32052176,115,9911,1995,0.0,168268.0,0.280262,-0.285508,KAZ,940290
32052177,115,9911,1996,0.0,691172.0,0.48902799999999996,0.154932,KAZ,940290
32052178,115,9911,1997,0.0,1255825.0,0.44044300000000003,-0.10249000000000001,KAZ,940290
32052179,115,9911,1998,0.0,1053437.0,0.245507,-0.389842,KAZ,940290
32052180,115,9911,1999,0.0,958254.0,-0.035315,-0.514845,KAZ,940290
32052181,115,9911,2000,0.0,681496.0,-0.019137,-0.683485,KAZ,940290
32052182,115,9911,2001,0.0,1225040.0,0.009714,-0.525899,KAZ,940290
32052183,115,9911,2002,5804.0,703717.0,-0.065332,-0.616159,KAZ,940290
32052184,115,9911,2003,838.0,1678090.0,-0.156326,-0.62092,KAZ,940290
32052185,115,9911,2004,2509.0,1215287.0,-0.09288300000000001,-0.537664,KAZ,940290
32052186,115,9911,2005,0.0,2521067.0,-0.06211900000000001,-0.641976,KAZ,940290
32052187,115,9911,2006,1078.0,5686901.0,0.038229,-0.579421,KAZ,940290
32052188,115,9911,2007,15128.0,7249055.0,-0.171218,-0.630279,KAZ,940290
32052189,115,9911,2008,16212.0,5873076.0,-0.43055200000000005,-0.6852590000000001,KAZ,940290
32052190,115,9911,2009,6707.0,5455166.0,-0.6547970000000001,-0.772256,KAZ,940290
32052191,115,9911,2010,104727.0,6485528.0,-0.6278020000000001,-0.8419760000000001,KAZ,940290
32052192,115,9911,2011,1341.0,12991689.0,-0.514687,-0.775671,KAZ,940290
32052193,115,9911,2012,25104.0,4741399.0,-0.191363,-0.452845,KAZ,940290
32052194,115,9911,2013,175634.0,11670745.0,-0.680678,-0.83347,KAZ,940290
32052195,115,9911,2014,0.0,8028568.0,-0.210431,-0.574075,KAZ,940290
32052196,115,9911,2015,65238.0,5330391.0,-0.45091499999999995,-0.652026,KAZ,940290
32052197,115,9911,2016,5691.0,3493848.0,-0.376397,-0.553639,KAZ,940290
32052198,115,9911,2017,46253.0,6226518.0,-0.394316,-0.5485979999999999,KAZ,940290
32052199,115,9911,2018,14278.0,5240258.0,-0.483862,-0.667417,KAZ,940290
32052200,115,9911,2019,89683.0,5759909.0,-0.26529400000000003,-0.523479,KAZ,940290
32052201,115,9911,2020,31046.0,10920142.0,-0.48361899999999997,-0.626675,KAZ,940290
32052202,116,9911,1995,7241.0,432497.0,-0.303773,0.111305,KEN,940290
32052203,116,9911,1996,7439.0,802556.0,-0.468322,-0.017625,KEN,940290
32052204,116,9911,1997,17758.0,1733084.0,-0.399028,0.196115,KEN,940290
32052205,116,9911,1998,80951.0,1012848.0,-0.434978,0.10193300000000001,KEN,940290
32052206,116,9911,1999,62308.0,1129492.0,-0.336125,0.43983999999999995,KEN,940290
32052207,116,9911,2000,22245.0,239359.0,-0.537967,0.011763,KEN,940290
32052208,116,9911,2001,47640.0,2099140.0,-0.529388,0.092271,KEN,940290
32052209,116,9911,2002,33397.0,654889.0,-0.555812,0.169204,KEN,940290
32052210,116,9911,2003,68695.0,343146.0,-0.3531,0.582992,KEN,940290
32052211,116,9911,2004,83971.0,463409.0,-0.503694,0.410495,KEN,940290
32052212,116,9911,2005,125628.0,643914.0,-0.507389,0.769896,KEN,940290
32052213,116,9911,2006,1476266.0,1648343.0,-0.38287899999999997,1.060286,KEN,940290
32052214,116,9911,2007,303736.0,3433648.0,-0.44365299999999996,0.858692,KEN,940290
32052215,116,9911,2008,152579.0,906705.0,-0.284528,0.9378610000000001,KEN,940290
32052216,116,9911,2009,315673.0,1457617.0,-0.26477399999999995,0.932587,KEN,940290
32052217,116,9911,2010,317906.0,2866300.0,-0.387187,1.010443,KEN,940290
32052218,116,9911,2011,31322.0,2223395.0,-0.48319300000000004,0.346927,KEN,940290
32052219,116,9911,2012,25827.0,4251270.0,-0.35581599999999997,0.29003,KEN,940290
32052220,116,9911,2013,438502.0,5057658.0,-0.448112,0.8672719999999999,KEN,940290
32052221,116,9911,2014,40503.0,4248813.0,-0.487058,0.307288,KEN,940290
32052222,116,9911,2015,348520.0,6954076.0,-0.453564,0.433325,KEN,940290
32052223,116,9911,2016,228501.0,6695302.0,-0.535616,0.520101,KEN,940290
32052224,116,9911,2017,297699.0,5282238.0,-0.579541,0.511926,KEN,940290
32052225,116,9911,2018,179035.0,5801897.0,-0.32707800000000004,0.71009,KEN,940290
32052226,116,9911,2019,433153.0,5758447.0,-0.406684,0.8588969999999999,KEN,940290
32052227,116,9911,2020,339748.0,7704562.0,-0.496446,0.562476,KEN,940290
32052228,117,9911,1995,8648.0,28464.0,0.361272,0.047797000000000006,KGZ,940290
32052229,117,9911,1996,6777.0,141441.0,0.350901,0.529512,KGZ,940290
32052230,117,9911,1997,0.0,22194.0,0.023634,-0.194868,KGZ,940290
32052231,117,9911,1998,0.0,11308.0,0.11446500000000001,-0.24638000000000002,KGZ,940290
32052232,117,9911,1999,0.0,366105.0,-0.152916,-0.33076300000000003,KGZ,940290
32052233,117,9911,2000,0.0,246379.0,0.365421,0.333017,KGZ,940290
32052234,117,9911,2001,1011.0,60401.0,0.23332199999999997,0.256019,KGZ,940290
32052235,117,9911,2002,0.0,200849.0,0.081807,0.16872,KGZ,940290
32052236,117,9911,2003,7000.0,422451.0,0.25359699999999996,0.24101199999999998,KGZ,940290
32052237,117,9911,2004,0.0,269277.0,0.005121,0.176652,KGZ,940290
32052238,117,9911,2005,0.0,136378.0,-0.197277,0.169736,KGZ,940290
32052239,117,9911,2006,0.0,126307.0,-0.034069,0.136694,KGZ,940290
32052240,117,9911,2007,0.0,275417.0,-0.190437,-0.23665999999999998,KGZ,940290
32052241,117,9911,2008,0.0,425607.0,-0.287826,-0.11858699999999998,KGZ,940290
32052242,117,9911,2009,0.0,148628.0,-0.251815,0.144822,KGZ,940290
32052243,117,9911,2010,5856.0,890112.0,-0.48426400000000003,-0.169443,KGZ,940290
32052244,117,9911,2011,1201.0,229830.0,-0.323348,0.164469,KGZ,940290
32052245,117,9911,2012,1619.0,539737.0,-0.12369000000000001,0.22339,KGZ,940290
32052246,117,9911,2013,6525.0,674677.0,-0.1035,0.339914,KGZ,940290
32052247,117,9911,2014,0.0,217410.0,-0.31942600000000004,-0.012454,KGZ,940290
32052248,117,9911,2015,19519.0,232912.0,0.02058,0.438692,KGZ,940290
32052249,117,9911,2016,0.0,307784.0,0.010529,0.287462,KGZ,940290
32052250,117,9911,2017,0.0,405748.0,-0.11530599999999999,0.264752,KGZ,940290
32052251,117,9911,2018,59153.0,706848.0,-0.141491,0.33161,KGZ,940290
32052252,117,9911,2019,9400.0,420734.0,-0.297072,0.306611,KGZ,940290
32052253,117,9911,2020,12150.0,1193253.0,-0.117317,0.36644,KGZ,940290
32052254,118,9911,1995,0.0,168537.0,-1.275951,-1.144633,KHM,940290
32052255,118,9911,1996,0.0,625172.0,-1.110741,-1.089434,KHM,940290
32052256,118,9911,1997,0.0,113644.0,-1.458246,-1.243995,KHM,940290
32052257,118,9911,1998,0.0,204441.0,-1.626686,-1.307157,KHM,940290
32052258,118,9911,1999,0.0,38399.0,-1.5727360000000001,-1.2731629999999998,KHM,940290
32052259,118,9911,2000,0.0,612905.0,-1.172428,-1.0914139999999999,KHM,940290
32052260,118,9911,2001,0.0,359511.0,-1.231058,-1.154536,KHM,940290
32052261,118,9911,2002,7646.0,187094.0,-1.231783,-1.1518700000000002,KHM,940290
32052262,118,9911,2003,0.0,78750.0,-1.0165620000000002,-1.060454,KHM,940290
32052263,118,9911,2004,0.0,42358.0,-1.4676209999999998,-1.1972639999999999,KHM,940290
32052264,118,9911,2005,0.0,136670.0,-1.423555,-1.177331,KHM,940290
32052265,118,9911,2006,0.0,643845.0,-1.323365,-1.185827,KHM,940290
32052266,118,9911,2007,0.0,186658.0,-1.1822489999999999,-1.129066,KHM,940290
32052267,118,9911,2008,0.0,462038.0,-1.064815,-1.098892,KHM,940290
32052268,118,9911,2009,0.0,679773.0,-1.194288,-1.09924,KHM,940290
32052269,118,9911,2010,0.0,313642.0,-1.158906,-1.019906,KHM,940290
32052270,118,9911,2011,0.0,365810.0,-1.162858,-1.103539,KHM,940290
32052271,118,9911,2012,75775.0,263289.0,-0.979144,-1.014426,KHM,940290
32052272,118,9911,2013,12068.0,667812.0,-1.054758,-0.872352,KHM,940290
32052273,118,9911,2014,7350.0,869704.0,-0.84072,-0.8307040000000001,KHM,940290
32052274,118,9911,2015,2397.0,1233290.0,-0.791985,-0.833046,KHM,940290
32052275,118,9911,2016,0.0,1037732.0,-0.8365239999999999,-0.794615,KHM,940290
32052276,118,9911,2017,7146.0,1434752.0,-0.656325,-0.622167,KHM,940290
32052277,118,9911,2018,0.0,1382444.0,-0.45740299999999995,-0.575966,KHM,940290
32052278,118,9911,2019,7242.0,1357239.0,-0.7499359999999999,-0.627125,KHM,940290
32052279,118,9911,2020,1535.0,1939402.0,-0.602562,-0.505135,KHM,940290
32052280,119,9911,1995,,,-0.610582,-0.748798,KIR,940290
32052281,119,9911,1996,,,-0.090837,-0.644005,KIR,940290
32052282,119,9911,1997,0.0,1058.0,-0.9250889999999999,-0.866958,KIR,940290
32052283,119,9911,1998,,,-0.8943610000000001,-0.89439,KIR,940290
32052284,119,9911,1999,0.0,3384.0,-0.3417,-0.8385040000000001,KIR,940290
32052285,119,9911,2000,0.0,20670.0,-0.373924,-0.863806,KIR,940290
32052286,119,9911,2001,0.0,3116.0,1.070549,-0.712515,KIR,940290
32052287,119,9911,2002,0.0,4188.0,0.016975,-0.791141,KIR,940290
32052288,119,9911,2003,0.0,6674.0,-0.140282,-0.787443,KIR,940290
32052289,119,9911,2004,,,-0.552158,-0.831923,KIR,940290
32052290,119,9911,2005,,,-0.5289149999999999,-0.804243,KIR,940290
32052291,119,9911,2006,0.0,1667.0,0.218218,-0.669244,KIR,940290
32052292,119,9911,2007,0.0,2151.0,0.106985,-0.654763,KIR,940290
32052293,119,9911,2008,0.0,66776.0,0.122065,-0.667883,KIR,940290
32052294,119,9911,2009,0.0,52034.0,-0.41403999999999996,-0.8960100000000001,KIR,940290
32052295,119,9911,2010,0.0,4491.0,0.252151,-0.727326,KIR,940290
32052296,119,9911,2011,0.0,2227.0,0.129038,-0.670175,KIR,940290
32052297,119,9911,2012,0.0,7490.0,-0.5625760000000001,-0.803443,KIR,940290
32052298,119,9911,2013,0.0,8890.0,-0.258825,-0.781927,KIR,940290
32052299,119,9911,2014,0.0,19667.0,0.708907,-0.540813,KIR,940290
32052300,119,9911,2015,0.0,33240.0,-0.257871,-0.858136,KIR,940290
32052301,119,9911,2016,0.0,23346.0,0.23475300000000002,-0.789514,KIR,940290
32052302,119,9911,2017,0.0,48715.0,-0.912241,-0.907758,KIR,940290
32052303,119,9911,2018,0.0,15705.0,-0.321563,-0.9075110000000001,KIR,940290
32052304,119,9911,2019,0.0,70134.0,-0.719943,-0.9396709999999999,KIR,940290
32052305,119,9911,2020,0.0,140353.0,-0.9781629999999999,-0.936783,KIR,940290
32052306,120,9911,1995,0.0,35472.0,0.45250200000000007,-0.45284399999999997,KNA,940290
32052307,120,9911,1996,0.0,16468.0,0.546384,-0.463373,KNA,940290
32052308,120,9911,1997,0.0,47928.0,0.8765370000000001,-0.268836,KNA,940290
32052309,120,9911,1998,0.0,34645.0,0.856974,-0.416976,KNA,940290
32052310,120,9911,1999,0.0,19432.0,0.670532,-0.45786400000000005,KNA,940290
32052311,120,9911,2000,0.0,22878.0,0.70972,-0.526818,KNA,940290
32052312,120,9911,2001,0.0,252908.0,0.612222,-0.440733,KNA,940290
32052313,120,9911,2002,0.0,33119.0,0.911442,-0.26164899999999996,KNA,940290
32052314,120,9911,2003,0.0,23104.0,0.555154,-0.405962,KNA,940290
32052315,120,9911,2004,0.0,17830.0,0.538271,-0.43505299999999997,KNA,940290
32052316,120,9911,2005,0.0,166513.0,0.9313739999999999,-0.44211999999999996,KNA,940290
32052317,120,9911,2006,0.0,6533.0,0.896119,-0.309349,KNA,940290
32052318,120,9911,2007,0.0,21210.0,1.21646,-0.190821,KNA,940290
32052319,120,9911,2008,0.0,342126.0,1.2613,-0.136295,KNA,940290
32052320,120,9911,2009,0.0,104873.0,0.9218370000000001,-0.303977,KNA,940290
32052321,120,9911,2010,0.0,77752.0,0.9277790000000001,-0.42824799999999996,KNA,940290
32052322,120,9911,2011,0.0,101248.0,1.056175,-0.19398800000000002,KNA,940290
32052323,120,9911,2012,0.0,5695.0,0.788275,-0.314756,KNA,940290
32052324,120,9911,2013,0.0,73173.0,0.8500270000000001,-0.390234,KNA,940290
32052325,120,9911,2014,0.0,41374.0,0.9888950000000001,-0.28283800000000003,KNA,940290
32052326,120,9911,2015,0.0,184922.0,0.8252430000000001,-0.436662,KNA,940290
32052327,120,9911,2016,0.0,2200.0,0.620594,-0.4305,KNA,940290
32052328,120,9911,2017,0.0,169146.0,0.781625,-0.405177,KNA,940290
32052329,120,9911,2018,0.0,240488.0,0.315069,-0.689573,KNA,940290
32052330,120,9911,2019,0.0,9092.0,0.739775,-0.644166,KNA,940290
32052331,120,9911,2020,0.0,163348.0,0.955462,-0.487217,KNA,940290
32052332,121,9911,1995,1686437.0,7552841.0,0.845175,1.2761799999999999,KOR,940290
32052333,121,9911,1996,1399357.0,9137915.0,0.8946940000000001,1.240424,KOR,940290
32052334,121,9911,1997,856999.0,8235275.0,1.0478290000000001,1.2874370000000002,KOR,940290
32052335,121,9911,1998,1552923.0,3605601.0,0.999518,1.106351,KOR,940290
32052336,121,9911,1999,1296058.0,3994469.0,0.92448,1.053988,KOR,940290
32052337,121,9911,2000,2318040.0,5384646.0,1.0696700000000001,1.0182209999999998,KOR,940290
32052338,121,9911,2001,3675041.0,6053101.0,1.145797,1.0762399999999999,KOR,940290
32052339,121,9911,2002,3281519.0,5784713.0,1.186816,1.075947,KOR,940290
32052340,121,9911,2003,4545355.0,8551538.0,1.2611709999999998,0.956308,KOR,940290
32052341,121,9911,2004,6075354.0,7729855.0,1.3624690000000002,0.928342,KOR,940290
32052342,121,9911,2005,7159661.0,12227199.0,1.4051850000000001,0.815171,KOR,940290
32052343,121,9911,2006,8211703.0,18794708.0,1.5384309999999999,0.766628,KOR,940290
32052344,121,9911,2007,6785444.0,15315511.0,1.497359,0.726637,KOR,940290
32052345,121,9911,2008,8404583.0,18394684.0,1.491687,0.814692,KOR,940290
32052346,121,9911,2009,6833714.0,13892082.0,1.509336,0.784515,KOR,940290
32052347,121,9911,2010,7455098.0,17328528.0,1.7118849999999999,0.762362,KOR,940290
32052348,121,9911,2011,9578120.0,18304269.0,1.731371,0.8306879999999999,KOR,940290
32052349,121,9911,2012,8740169.0,18412801.0,1.632917,0.877742,KOR,940290
32052350,121,9911,2013,8007807.0,18868177.0,1.818383,0.75645,KOR,940290
32052351,121,9911,2014,6783124.0,20410190.0,1.817145,0.8394530000000001,KOR,940290
32052352,121,9911,2015,7913495.0,16652851.0,1.900653,0.859406,KOR,940290
32052353,121,9911,2016,9725914.0,20249347.0,2.086184,0.724318,KOR,940290
32052354,121,9911,2017,8077202.0,19243468.0,2.011263,0.783215,KOR,940290
32052355,121,9911,2018,8857274.0,18003098.0,2.093866,0.764303,KOR,940290
32052356,121,9911,2019,10536568.0,33023517.0,2.115482,0.696838,KOR,940290
32052357,121,9911,2020,7917843.0,28647247.0,1.9703950000000001,0.800826,KOR,940290
32052358,122,9911,1995,33311.0,2765675.0,-0.226273,-1.02354,KWT,940290
32052359,122,9911,1996,3599.0,1186984.0,-0.27174499999999996,-1.098243,KWT,940290
32052360,122,9911,1997,0.0,1588558.0,-0.660185,-1.1410129999999998,KWT,940290
32052361,122,9911,1998,0.0,1169848.0,0.037029,-1.054761,KWT,940290
32052362,122,9911,1999,23180.0,1458627.0,0.028312999999999998,-1.0742770000000001,KWT,940290
32052363,122,9911,2000,1664.0,1433817.0,-0.6112270000000001,-1.149326,KWT,940290
32052364,122,9911,2001,1579.0,4777085.0,-0.8197,-1.183758,KWT,940290
32052365,122,9911,2002,851.0,2202932.0,-0.6629550000000001,-1.157214,KWT,940290
32052366,122,9911,2003,3952.0,4294461.0,-0.7943640000000001,-1.1529770000000001,KWT,940290
32052367,122,9911,2004,20786.0,3576944.0,-0.481908,-1.172081,KWT,940290
32052368,122,9911,2005,6252.0,9077712.0,0.259466,-1.023932,KWT,940290
32052369,122,9911,2006,70422.0,5340980.0,-0.589823,-1.142795,KWT,940290
32052370,122,9911,2007,261850.0,5992677.0,-0.8265030000000001,-1.166243,KWT,940290
32052371,122,9911,2008,131082.0,10257898.0,-1.401297,-1.142945,KWT,940290
32052372,122,9911,2009,14446.0,7658142.0,-1.386993,-1.203527,KWT,940290
32052373,122,9911,2010,19352.0,7298824.0,0.067373,-1.0822120000000002,KWT,940290
32052374,122,9911,2011,30828.0,10294476.0,-0.898582,-1.09893,KWT,940290
32052375,122,9911,2012,0.0,9535778.0,-0.7931600000000001,-1.096005,KWT,940290
32052376,122,9911,2013,102856.0,7204092.0,-0.536384,-1.08382,KWT,940290
32052377,122,9911,2014,32397.0,10734439.0,-0.769616,-1.10667,KWT,940290
32052378,122,9911,2015,167220.0,15412616.0,-0.352023,-1.153057,KWT,940290
32052379,122,9911,2016,77974.0,14282729.0,-0.31188,-1.1438620000000002,KWT,940290
32052380,122,9911,2017,445111.0,41436877.0,-0.229821,-1.128482,KWT,940290
32052381,122,9911,2018,31999.0,23637289.0,-0.668802,-1.154012,KWT,940290
32052382,122,9911,2019,17560.0,17169401.0,0.081686,-1.087259,KWT,940290
32052383,122,9911,2020,11206.0,27158411.0,-0.072977,-1.090017,KWT,940290
32052384,123,9911,1995,0.0,560732.0,-1.305146,-1.1964299999999999,LAO,940290
32052385,123,9911,1996,0.0,69359.0,-0.751092,-0.8680209999999999,LAO,940290
32052386,123,9911,1997,0.0,54949.0,-0.868848,-0.914637,LAO,940290
32052387,123,9911,1998,0.0,44043.0,-1.251085,-1.1803219999999999,LAO,940290
32052388,123,9911,1999,0.0,109532.0,-1.429411,-1.243248,LAO,940290
32052389,123,9911,2000,0.0,294001.0,-1.4676120000000001,-1.25673,LAO,940290
32052390,123,9911,2001,0.0,39664.0,-1.298653,-1.164605,LAO,940290
32052391,123,9911,2002,0.0,201544.0,-1.255183,-1.163232,LAO,940290
32052392,123,9911,2003,0.0,35376.0,-1.251741,-1.14364,LAO,940290
32052393,123,9911,2004,0.0,293246.0,-1.274622,-1.082807,LAO,940290
32052394,123,9911,2005,0.0,198229.0,-1.2717379999999998,-1.030638,LAO,940290
32052395,123,9911,2006,0.0,246735.0,-1.1707450000000001,-1.057348,LAO,940290
32052396,123,9911,2007,0.0,31591.0,-1.045213,-1.01482,LAO,940290
32052397,123,9911,2008,0.0,163599.0,-1.09704,-0.934141,LAO,940290
32052398,123,9911,2009,0.0,167470.0,-1.235693,-1.0440040000000002,LAO,940290
32052399,123,9911,2010,1613.0,146439.0,-1.104075,-0.836772,LAO,940290
32052400,123,9911,2011,0.0,197004.0,-1.135039,-0.929759,LAO,940290
32052401,123,9911,2012,0.0,129872.0,-1.0873540000000002,-0.9584809999999999,LAO,940290
32052402,123,9911,2013,0.0,280831.0,-1.204446,-0.8571489999999999,LAO,940290
32052403,123,9911,2014,0.0,295241.0,-1.054294,-0.869916,LAO,940290
32052404,123,9911,2015,0.0,858530.0,-0.927524,-0.74525,LAO,940290
32052405,123,9911,2016,0.0,462601.0,-0.9781479999999999,-0.8272860000000001,LAO,940290
32052406,123,9911,2017,2404.0,1887054.0,-0.9742190000000001,-0.727593,LAO,940290
32052407,123,9911,2018,2785.0,1804872.0,-0.788808,-0.8012670000000001,LAO,940290
32052408,123,9911,2019,0.0,1134735.0,-0.8232889999999999,-0.7276590000000001,LAO,940290
32052409,123,9911,2020,7573.0,979267.0,-0.741151,-0.689088,LAO,940290
32052410,124,9911,1995,0.0,1983290.0,0.027416000000000003,0.327795,LBN,940290
32052411,124,9911,1996,0.0,2075378.0,-0.051973,0.002154,LBN,940290
32052412,124,9911,1997,0.0,2898017.0,0.334291,0.783104,LBN,940290
32052413,124,9911,1998,2078.0,968575.0,0.23803200000000002,0.9927860000000001,LBN,940290
32052414,124,9911,1999,0.0,1336818.0,0.264151,0.767188,LBN,940290
32052415,124,9911,2000,22956.0,764400.0,0.24766100000000002,0.85467,LBN,940290
32052416,124,9911,2001,41278.0,3738258.0,0.165355,0.988008,LBN,940290
32052417,124,9911,2002,32731.0,2888275.0,0.2729,1.254232,LBN,940290
32052418,124,9911,2003,61011.0,2655978.0,0.261687,1.053856,LBN,940290
32052419,124,9911,2004,76410.0,3966158.0,0.32409899999999997,1.037024,LBN,940290
32052420,124,9911,2005,24879.0,2364239.0,0.398304,1.439764,LBN,940290
32052421,124,9911,2006,349004.0,1584142.0,0.3861,1.586183,LBN,940290
32052422,124,9911,2007,30350.0,3788915.0,0.47468,1.775191,LBN,940290
32052423,124,9911,2008,224129.0,3876501.0,0.46133100000000005,1.4598149999999999,LBN,940290
32052424,124,9911,2009,94597.0,4088032.0,0.48618599999999995,1.4748620000000001,LBN,940290
32052425,124,9911,2010,57713.0,4970779.0,0.415854,1.424085,LBN,940290
32052426,124,9911,2011,72413.0,3763109.0,0.278393,1.2962879999999999,LBN,940290
32052427,124,9911,2012,204002.0,5301043.0,0.38759,1.446025,LBN,940290
32052428,124,9911,2013,96809.0,5144489.0,0.283084,1.4289100000000001,LBN,940290
32052429,124,9911,2014,134514.0,5473787.0,0.308677,1.7564490000000001,LBN,940290
32052430,124,9911,2015,164542.0,5173206.0,0.317355,1.330374,LBN,940290
32052431,124,9911,2016,140050.0,5537677.0,0.285829,1.0818139999999998,LBN,940290
32052432,124,9911,2017,170834.0,6228772.0,0.266847,1.117621,LBN,940290
32052433,124,9911,2018,197812.0,6445613.0,0.270554,0.9995149999999999,LBN,940290
32052434,124,9911,2019,134342.0,5447897.0,0.26155700000000004,1.062317,LBN,940290
32052435,124,9911,2020,15636.0,3189483.0,0.35459,1.067965,LBN,940290
32052436,125,9911,1995,0.0,1288.0,-0.683329,-1.058242,LBR,940290
32052437,125,9911,1996,0.0,2999.0,-0.6975779999999999,-1.0896290000000002,LBR,940290
32052438,125,9911,1997,0.0,5721.0,-0.468764,-1.087005,LBR,940290
32052439,125,9911,1998,0.0,2523.0,-0.41130600000000006,-1.096049,LBR,940290
32052440,125,9911,1999,0.0,27051.0,0.08996799999999999,-1.014859,LBR,940290
32052441,125,9911,2000,0.0,10109.0,-0.603775,-1.132357,LBR,940290
32052442,125,9911,2001,0.0,25185.0,-0.49036,-1.126565,LBR,940290
32052443,125,9911,2002,0.0,84084.0,-0.508416,-1.121658,LBR,940290
32052444,125,9911,2003,,,0.026117,-1.03888,LBR,940290
32052445,125,9911,2004,0.0,141458.0,0.016191,-1.070051,LBR,940290
32052446,125,9911,2005,0.0,21105.0,-0.6951890000000001,-1.101651,LBR,940290
32052447,125,9911,2006,0.0,287529.0,-0.679188,-1.0969389999999999,LBR,940290
32052448,125,9911,2007,0.0,190008.0,-0.866643,-1.124112,LBR,940290
32052449,125,9911,2008,0.0,77579.0,-0.20785900000000002,-0.9568030000000001,LBR,940290
32052450,125,9911,2009,0.0,242775.0,-0.07508,-0.994632,LBR,940290
32052451,125,9911,2010,0.0,231440.0,-0.527834,-1.045908,LBR,940290
32052452,125,9911,2011,0.0,114591.0,-0.318463,-0.9367489999999999,LBR,940290
32052453,125,9911,2012,0.0,195005.0,-0.699557,-1.083059,LBR,940290
32052454,125,9911,2013,0.0,148940.0,-0.41869399999999996,-0.9538770000000001,LBR,940290
32052455,125,9911,2014,0.0,144919.0,-1.016828,-1.107983,LBR,940290
32052456,125,9911,2015,42279.0,801252.0,-1.087459,-1.195708,LBR,940290
32052457,125,9911,2016,0.0,353282.0,-0.870345,-1.113277,LBR,940290
32052458,125,9911,2017,0.0,75711.0,-0.355064,-0.977613,LBR,940290
32052459,125,9911,2018,129501.0,74277.0,-1.022881,-1.124718,LBR,940290
32052460,125,9911,2019,1589.0,88175.0,-1.288568,-1.172395,LBR,940290
32052461,125,9911,2020,0.0,131491.0,-1.614715,-1.185446,LBR,940290
32052462,126,9911,1995,0.0,1551351.0,-0.353547,-1.019464,LBY,940290
32052463,126,9911,1996,0.0,4019393.0,-0.588489,-1.138552,LBY,940290
32052464,126,9911,1997,0.0,2570617.0,-0.49745600000000006,-1.126254,LBY,940290
32052465,126,9911,1998,0.0,960228.0,-0.303379,-1.1347180000000001,LBY,940290
32052466,126,9911,1999,0.0,1120110.0,-0.269375,-1.145758,LBY,940290
32052467,126,9911,2000,0.0,894779.0,-0.49665200000000004,-1.130641,LBY,940290
32052468,126,9911,2001,0.0,4228738.0,-0.9321459999999999,-1.198124,LBY,940290
32052469,126,9911,2002,0.0,5180203.0,-0.568615,-1.172261,LBY,940290
32052470,126,9911,2003,0.0,2842570.0,-0.36075999999999997,-1.110575,LBY,940290
32052471,126,9911,2004,0.0,2231772.0,-0.42119700000000004,-1.179463,LBY,940290
32052472,126,9911,2005,0.0,2539429.0,-0.159698,-1.126737,LBY,940290
32052473,126,9911,2006,0.0,3611108.0,-0.518724,-1.142074,LBY,940290
32052474,126,9911,2007,0.0,13582189.0,-0.8669959999999999,-1.167363,LBY,940290
32052475,126,9911,2008,12178.0,9548045.0,-1.156353,-1.133716,LBY,940290
32052476,126,9911,2009,0.0,15039875.0,-1.196032,-1.1829,LBY,940290
32052477,126,9911,2010,0.0,4710064.0,-0.706491,-1.140822,LBY,940290
32052478,126,9911,2011,48438.0,1534844.0,-1.680464,-1.148511,LBY,940290
32052479,126,9911,2012,0.0,9966844.0,-3.1086240000000003,-1.185131,LBY,940290
32052480,126,9911,2013,3292.0,15520898.0,-1.6241459999999999,-1.1817950000000002,LBY,940290
32052481,126,9911,2014,2194.0,13892218.0,-1.5943829999999999,-1.189961,LBY,940290
32052482,126,9911,2015,0.0,10073324.0,-1.3257219999999998,-1.260453,LBY,940290
32052483,126,9911,2016,0.0,3080057.0,-1.021925,-1.2316790000000002,LBY,940290
32052484,126,9911,2017,0.0,10017736.0,-1.156635,-1.212561,LBY,940290
32052485,126,9911,2018,0.0,12870318.0,-1.608786,-1.231101,LBY,940290
32052486,126,9911,2019,0.0,14826511.0,-1.552842,-1.2316690000000001,LBY,940290
32052487,126,9911,2020,66283.0,18425553.0,-1.0431840000000001,-1.187957,LBY,940290
32052488,127,9911,1995,0.0,17599.0,0.194177,-0.359444,LCA,940290
32052489,127,9911,1996,0.0,19110.0,0.016224000000000002,-0.664312,LCA,940290
32052490,127,9911,1997,0.0,13442.0,-0.148373,-0.516139,LCA,940290
32052491,127,9911,1998,0.0,29266.0,-0.056641,-0.672786,LCA,940290
32052492,127,9911,1999,0.0,45878.0,-0.129026,-0.630046,LCA,940290
32052493,127,9911,2000,0.0,74855.0,0.025498,-0.599171,LCA,940290
32052494,127,9911,2001,0.0,24134.0,0.004518,-0.5326770000000001,LCA,940290
32052495,127,9911,2002,0.0,48915.0,0.14441700000000002,-0.38146599999999997,LCA,940290
32052496,127,9911,2003,0.0,16081.0,0.318385,-0.342679,LCA,940290
32052497,127,9911,2004,0.0,22134.0,0.233152,-0.351169,LCA,940290
32052498,127,9911,2005,0.0,35406.0,0.795038,-0.40244,LCA,940290
32052499,127,9911,2006,0.0,29274.0,1.118348,-0.17618,LCA,940290
32052500,127,9911,2007,0.0,20611.0,0.7445430000000001,-0.187834,LCA,940290
32052501,127,9911,2008,0.0,34492.0,0.42267899999999997,0.005129,LCA,940290
32052502,127,9911,2009,0.0,211846.0,0.34839699999999996,-0.531658,LCA,940290
32052503,127,9911,2010,409.0,49877.0,0.446162,-0.279229,LCA,940290
32052504,127,9911,2011,0.0,85682.0,0.639295,-0.17407999999999998,LCA,940290
32052505,127,9911,2012,0.0,55736.0,0.526261,-0.10413199999999999,LCA,940290
32052506,127,9911,2013,0.0,39609.0,0.265129,-0.5083949999999999,LCA,940290
32052507,127,9911,2014,0.0,111745.0,0.29035500000000003,-0.603541,LCA,940290
32052508,127,9911,2015,0.0,223638.0,0.5410590000000001,-0.484234,LCA,940290
32052509,127,9911,2016,0.0,889128.0,0.397746,-0.405285,LCA,940290
32052510,127,9911,2017,0.0,107349.0,0.458896,-0.149195,LCA,940290
32052511,127,9911,2018,0.0,37316.0,0.18656,-0.143406,LCA,940290
32052512,127,9911,2019,0.0,80430.0,0.21145,-0.08792699999999999,LCA,940290
32052513,127,9911,2020,532229.0,51096.0,0.044785000000000005,-0.59519,LCA,940290
32052514,128,9911,1995,0.0,723159.0,-0.8358030000000001,-0.29397199999999996,LKA,940290
32052515,128,9911,1996,6861.0,158943.0,-0.812763,-0.188722,LKA,940290
32052516,128,9911,1997,5688.0,1382431.0,-0.925745,-0.308559,LKA,940290
32052517,128,9911,1998,0.0,393668.0,-0.933293,-0.233566,LKA,940290
32052518,128,9911,1999,6156.0,819004.0,-0.8875649999999999,-0.059249,LKA,940290
32052519,128,9911,2000,10528.0,212387.0,-0.8783549999999999,-0.074326,LKA,940290
32052520,128,9911,2001,10057.0,510478.0,-0.722434,-0.033818,LKA,940290
32052521,128,9911,2002,0.0,418842.0,-0.740927,0.023171,LKA,940290
32052522,128,9911,2003,45372.0,461671.0,-0.618057,0.101931,LKA,940290
32052523,128,9911,2004,36233.0,1872056.0,-0.658668,0.21912600000000002,LKA,940290
32052524,128,9911,2005,15149.0,1458332.0,-0.718592,0.22666,LKA,940290
32052525,128,9911,2006,36017.0,449198.0,-0.573767,0.305913,LKA,940290
32052526,128,9911,2007,89398.0,752837.0,-0.568577,0.364717,LKA,940290
32052527,128,9911,2008,82972.0,1428215.0,-0.48245200000000005,0.295892,LKA,940290
32052528,128,9911,2009,83993.0,1250797.0,-0.653836,0.174403,LKA,940290
32052529,128,9911,2010,81820.0,1455585.0,-0.70886,0.25216700000000003,LKA,940290
32052530,128,9911,2011,154134.0,1400900.0,-0.559311,0.398905,LKA,940290
32052531,128,9911,2012,38414.0,1779345.0,-0.49648100000000006,0.48185200000000006,LKA,940290
32052532,128,9911,2013,22387.0,2604035.0,-0.6521779999999999,0.41258599999999995,LKA,940290
32052533,128,9911,2014,149801.0,2744765.0,-0.49366899999999997,0.338686,LKA,940290
32052534,128,9911,2015,164955.0,3880405.0,-0.6773399999999999,0.386343,LKA,940290
32052535,128,9911,2016,540960.0,3259245.0,-0.562869,0.49937,LKA,940290
32052536,128,9911,2017,1000083.0,3833358.0,-0.46442799999999995,0.472132,LKA,940290
32052537,128,9911,2018,515163.0,3649527.0,-0.544504,0.41074099999999997,LKA,940290
32052538,128,9911,2019,178621.0,4398356.0,-0.592952,0.394811,LKA,940290
32052539,128,9911,2020,548822.0,2461370.0,-0.48448599999999997,0.5495220000000001,LKA,940290
32052540,129,9911,1995,,,,,LSO,940290
32052541,129,9911,1996,,,,,LSO,940290
32052542,129,9911,1997,,,,,LSO,940290
32052543,129,9911,1998,,,,,LSO,940290
32052544,129,9911,1999,,,,,LSO,940290
32052545,129,9911,2000,0.0,61490.0,-0.8855850000000001,-0.9470620000000001,LSO,940290
32052546,129,9911,2001,0.0,34812.0,-0.786499,-0.7595729999999999,LSO,940290
32052547,129,9911,2002,0.0,32758.0,-1.342265,-1.057032,LSO,940290
32052548,129,9911,2003,2124.0,90239.0,-1.405425,-1.046031,LSO,940290
32052549,129,9911,2004,481.0,150211.0,-1.343146,-1.041126,LSO,940290
32052550,129,9911,2005,,,-1.8343599999999998,-1.077212,LSO,940290
32052551,129,9911,2006,,,-1.006497,-0.957676,LSO,940290
32052552,129,9911,2007,,,-0.122333,-0.7552439999999999,LSO,940290
32052553,129,9911,2008,0.0,80566.0,-0.9549120000000001,-0.987166,LSO,940290
32052554,129,9911,2009,0.0,165059.0,-1.446041,-1.102158,LSO,940290
32052555,129,9911,2010,0.0,430720.0,-0.7534529999999999,-0.759605,LSO,940290
32052556,129,9911,2011,0.0,485329.0,-0.868226,-0.764548,LSO,940290
32052557,129,9911,2012,0.0,417913.0,-0.579926,-0.732004,LSO,940290
32052558,129,9911,2013,0.0,152481.0,-0.7396689999999999,-0.696625,LSO,940290
32052559,129,9911,2014,2792.0,137198.0,-0.59647,-0.58713,LSO,940290
32052560,129,9911,2015,3034.0,87682.0,-0.910168,-0.870865,LSO,940290
32052561,129,9911,2016,0.0,58521.0,-0.891036,-0.807709,LSO,940290
32052562,129,9911,2017,1219.0,132558.0,-0.955398,-0.824111,LSO,940290
32052563,129,9911,2018,4475.0,275093.0,-0.413303,-0.46411899999999995,LSO,940290
32052564,129,9911,2019,1390.0,985443.0,-0.905482,-0.69457,LSO,940290
32052565,129,9911,2020,0.0,135173.0,-0.968781,-0.770512,LSO,940290
32052566,130,9911,1995,1201639.0,878758.0,0.41220500000000004,0.966966,LTU,940290
32052567,130,9911,1996,674408.0,909723.0,0.40520500000000004,0.9465950000000001,LTU,940290
32052568,130,9911,1997,143436.0,538342.0,0.377245,0.8823270000000001,LTU,940290
32052569,130,9911,1998,162962.0,1407932.0,0.27073,0.692656,LTU,940290
32052570,130,9911,1999,112752.0,1351413.0,0.197536,0.5041899999999999,LTU,940290
32052571,130,9911,2000,80248.0,297466.0,0.22596799999999997,0.550341,LTU,940290
32052572,130,9911,2001,102510.0,487518.0,0.15706900000000001,0.416663,LTU,940290
32052573,130,9911,2002,116555.0,785467.0,0.23102399999999998,0.586078,LTU,940290
32052574,130,9911,2003,72415.0,694612.0,0.239608,0.517299,LTU,940290
32052575,130,9911,2004,111543.0,1656842.0,0.403568,0.632707,LTU,940290
32052576,130,9911,2005,205989.0,1974154.0,0.365698,0.8917370000000001,LTU,940290
32052577,130,9911,2006,609282.0,3105954.0,0.44063599999999997,1.163857,LTU,940290
32052578,130,9911,2007,1662433.0,3440590.0,0.604169,1.279982,LTU,940290
32052579,130,9911,2008,1235982.0,5576829.0,0.59033,0.961408,LTU,940290
32052580,130,9911,2009,1346865.0,2194296.0,0.647736,1.150962,LTU,940290
32052581,130,9911,2010,755521.0,2891812.0,0.6390600000000001,1.144911,LTU,940290
32052582,130,9911,2011,1280443.0,4436036.0,0.747963,0.9759530000000001,LTU,940290
32052583,130,9911,2012,1650958.0,3939535.0,0.771482,1.000405,LTU,940290
32052584,130,9911,2013,2021260.0,3760698.0,0.737796,1.215543,LTU,940290
32052585,130,9911,2014,3450876.0,4194439.0,0.764495,1.3451540000000002,LTU,940290
32052586,130,9911,2015,3035451.0,4830164.0,0.749429,1.3659860000000001,LTU,940290
32052587,130,9911,2016,2970942.0,3104683.0,0.706929,1.419432,LTU,940290
32052588,130,9911,2017,3214204.0,3963304.0,0.855858,1.447717,LTU,940290
32052589,130,9911,2018,4446002.0,4183062.0,0.964249,1.4050200000000002,LTU,940290
32052590,130,9911,2019,5578110.0,5828022.0,0.858456,1.364581,LTU,940290
32052591,130,9911,2020,5928674.0,6701463.0,0.9772870000000001,1.291244,LTU,940290
32052592,131,9911,1995,,,,,LUX,940290
32052593,131,9911,1996,,,,,LUX,940290
32052594,131,9911,1997,,,,,LUX,940290
32052595,131,9911,1998,,,,,LUX,940290
32052596,131,9911,1999,95739.0,2079994.0,1.499745,1.142951,LUX,940290
32052597,131,9911,2000,39412.0,1932405.0,1.331688,1.130817,LUX,940290
32052598,131,9911,2001,139093.0,1862105.0,1.470895,1.149007,LUX,940290
32052599,131,9911,2002,317068.0,2337788.0,1.605378,1.152973,LUX,940290
32052600,131,9911,2003,163698.0,3403872.0,1.444996,1.063764,LUX,940290
32052601,131,9911,2004,203493.0,2415010.0,1.37529,1.0172649999999999,LUX,940290
32052602,131,9911,2005,223914.0,2834749.0,1.399885,0.974292,LUX,940290
32052603,131,9911,2006,300309.0,2464763.0,1.4345620000000001,0.8840819999999999,LUX,940290
32052604,131,9911,2007,411754.0,5541108.0,1.390259,0.996566,LUX,940290
32052605,131,9911,2008,471839.0,2476032.0,1.39945,1.003857,LUX,940290
32052606,131,9911,2009,387015.0,3282793.0,1.323336,1.026341,LUX,940290
32052607,131,9911,2010,351923.0,3502127.0,1.272127,1.1051520000000001,LUX,940290
32052608,131,9911,2011,2557373.0,3511679.0,1.1655739999999999,1.222379,LUX,940290
32052609,131,9911,2012,2232859.0,3096665.0,1.131145,1.305768,LUX,940290
32052610,131,9911,2013,1849792.0,3693215.0,1.170459,1.150327,LUX,940290
32052611,131,9911,2014,3188299.0,3104392.0,1.243845,1.155474,LUX,940290
32052612,131,9911,2015,2225084.0,2657284.0,1.218924,1.247152,LUX,940290
32052613,131,9911,2016,557242.0,2661225.0,1.340054,1.30224,LUX,940290
32052614,131,9911,2017,597110.0,3314817.0,1.24064,1.298263,LUX,940290
32052615,131,9911,2018,325619.0,4752088.0,1.1142889999999999,1.306066,LUX,940290
32052616,131,9911,2019,110003.0,2514021.0,1.234145,1.3754309999999998,LUX,940290
32052617,131,9911,2020,205047.0,3792079.0,1.197655,1.432727,LUX,940290
32052618,132,9911,1995,79337.0,758427.0,0.25453400000000004,0.174809,LVA,940290
32052619,132,9911,1996,116818.0,556635.0,0.33418600000000004,0.1615,LVA,940290
32052620,132,9911,1997,38433.0,2383605.0,0.398848,0.215206,LVA,940290
32052621,132,9911,1998,27608.0,873645.0,0.322473,0.388421,LVA,940290
32052622,132,9911,1999,11373.0,589151.0,0.20633600000000002,0.324171,LVA,940290
32052623,132,9911,2000,27168.0,820170.0,0.392514,0.212175,LVA,940290
32052624,132,9911,2001,24529.0,622784.0,0.404136,0.461009,LVA,940290
32052625,132,9911,2002,20161.0,595963.0,0.45210200000000006,0.515388,LVA,940290
32052626,132,9911,2003,60389.0,660038.0,0.520772,0.5631689999999999,LVA,940290
32052627,132,9911,2004,19258.0,1084571.0,0.413821,0.627853,LVA,940290
32052628,132,9911,2005,1543240.0,1971586.0,0.439697,0.690283,LVA,940290
32052629,132,9911,2006,155438.0,1558689.0,0.531375,0.9414170000000001,LVA,940290
32052630,132,9911,2007,1007553.0,5259308.0,0.61459,0.985358,LVA,940290
32052631,132,9911,2008,358703.0,3556924.0,0.655489,1.0811540000000002,LVA,940290
32052632,132,9911,2009,82729.0,1229296.0,0.675643,0.99977,LVA,940290
32052633,132,9911,2010,88376.0,2284774.0,0.6158170000000001,1.1401059999999998,LVA,940290
32052634,132,9911,2011,511557.0,3137084.0,0.7320939999999999,1.101321,LVA,940290
32052635,132,9911,2012,390580.0,5469499.0,0.71433,0.9376540000000001,LVA,940290
32052636,132,9911,2013,1357337.0,5319685.0,0.6219439999999999,1.166749,LVA,940290
32052637,132,9911,2014,684384.0,5354987.0,0.613116,1.1899790000000001,LVA,940290
32052638,132,9911,2015,884467.0,4078159.0,0.602209,1.125357,LVA,940290
32052639,132,9911,2016,757433.0,1556614.0,0.553592,1.19865,LVA,940290
32052640,132,9911,2017,555590.0,2785700.0,0.684555,1.3208030000000002,LVA,940290
32052641,132,9911,2018,584474.0,3306406.0,0.707168,1.294297,LVA,940290
32052642,132,9911,2019,702630.0,3600957.0,0.7804300000000001,1.159592,LVA,940290
32052643,132,9911,2020,1371599.0,5219960.0,0.712901,1.119907,LVA,940290
32052644,133,9911,1995,16001.0,122410.0,-0.149794,-0.26961799999999997,MAC,940290
32052645,133,9911,1996,0.0,82467.0,-0.23007399999999997,-0.34139400000000003,MAC,940290
32052646,133,9911,1997,1238.0,116539.0,-0.238002,-0.361492,MAC,940290
32052647,133,9911,1998,9433.0,254115.0,-0.21838000000000002,-0.370322,MAC,940290
32052648,133,9911,1999,7802.0,545736.0,-0.365239,-0.380913,MAC,940290
32052649,133,9911,2000,4265.0,132152.0,-0.370575,-0.47639499999999996,MAC,940290
32052650,133,9911,2001,3358.0,109864.0,-0.608406,-0.521662,MAC,940290
32052651,133,9911,2002,8021.0,126233.0,-0.360172,-0.359367,MAC,940290
32052652,133,9911,2003,8746.0,170881.0,-0.294516,-0.413828,MAC,940290
32052653,133,9911,2004,1503.0,167207.0,-0.351045,-0.487521,MAC,940290
32052654,133,9911,2005,8485.0,296397.0,-0.218324,-0.329027,MAC,940290
32052655,133,9911,2006,12468.0,255590.0,-0.07118200000000001,-0.228354,MAC,940290
32052656,133,9911,2007,21855.0,980376.0,0.168528,-0.150411,MAC,940290
32052657,133,9911,2008,8283.0,552925.0,0.352633,0.219317,MAC,940290
32052658,133,9911,2009,19558.0,384795.0,0.450395,0.6237739999999999,MAC,940290
32052659,133,9911,2010,10535.0,441281.0,0.545755,0.492997,MAC,940290
32052660,133,9911,2011,4492.0,418644.0,0.511015,0.560905,MAC,940290
32052661,133,9911,2012,20753.0,304197.0,0.659177,0.583923,MAC,940290
32052662,133,9911,2013,16064.0,646273.0,0.252209,0.184401,MAC,940290
32052663,133,9911,2014,21662.0,613441.0,0.704535,0.5856140000000001,MAC,940290
32052664,133,9911,2015,0.0,765908.0,0.296288,0.32009499999999996,MAC,940290
32052665,133,9911,2016,116947.0,573246.0,0.534935,0.185542,MAC,940290
32052666,133,9911,2017,4880.0,926363.0,0.264006,-0.11028099999999999,MAC,940290
32052667,133,9911,2018,196142.0,975638.0,0.44520299999999996,0.042491,MAC,940290
32052668,133,9911,2019,45549.0,1725219.0,0.397984,-0.061689,MAC,940290
32052669,133,9911,2020,166011.0,2108762.0,0.464354,0.020065,MAC,940290
32052670,134,9911,1995,4118.0,1918369.0,-0.6481210000000001,-0.22345,MAR,940290
32052671,134,9911,1996,5546.0,1962739.0,-0.67314,-0.241242,MAR,940290
32052672,134,9911,1997,2729.0,3636510.0,-0.649616,-0.260554,MAR,940290
32052673,134,9911,1998,12322.0,2623192.0,-0.7299479999999999,-0.23758200000000002,MAR,940290
32052674,134,9911,1999,122482.0,1393195.0,-0.659053,-0.142104,MAR,940290
32052675,134,9911,2000,43857.0,3323558.0,-0.664836,-0.282415,MAR,940290
32052676,134,9911,2001,39218.0,1901538.0,-0.75275,-0.280397,MAR,940290
32052677,134,9911,2002,30643.0,1658658.0,-0.810467,-0.34807899999999997,MAR,940290
32052678,134,9911,2003,188139.0,1711892.0,-0.6842050000000001,-0.217892,MAR,940290
32052679,134,9911,2004,1352995.0,2379187.0,-0.681556,-0.152372,MAR,940290
32052680,134,9911,2005,122934.0,1896083.0,-0.617355,-0.129666,MAR,940290
32052681,134,9911,2006,266629.0,2785841.0,-0.547933,0.08257300000000001,MAR,940290
32052682,134,9911,2007,61910.0,2757310.0,-0.5846560000000001,0.10927100000000001,MAR,940290
32052683,134,9911,2008,219752.0,6384789.0,-0.505734,-0.000516,MAR,940290
32052684,134,9911,2009,1563359.0,4072477.0,-0.48819300000000004,0.173952,MAR,940290
32052685,134,9911,2010,2170543.0,7089362.0,-0.5935229999999999,-0.056497000000000006,MAR,940290
32052686,134,9911,2011,82063.0,6618603.0,-0.485404,0.099828,MAR,940290
32052687,134,9911,2012,132902.0,9466142.0,-0.536297,-0.018561,MAR,940290
32052688,134,9911,2013,354593.0,10923619.0,-0.6494260000000001,-0.035075999999999996,MAR,940290
32052689,134,9911,2014,265707.0,11045635.0,-0.574034,0.065788,MAR,940290
32052690,134,9911,2015,616470.0,8554222.0,-0.7554810000000001,-0.059697,MAR,940290
32052691,134,9911,2016,384338.0,8342881.0,-0.772795,-0.206511,MAR,940290
32052692,134,9911,2017,372647.0,10640465.0,-0.757236,-0.065347,MAR,940290
32052693,134,9911,2018,243118.0,12147798.0,-0.712775,-0.090013,MAR,940290
32052694,134,9911,2019,527550.0,18329600.0,-0.747739,-0.154125,MAR,940290
32052695,134,9911,2020,317279.0,27052656.0,-0.5208510000000001,-0.080499,MAR,940290
32052696,135,9911,1995,33708.0,40127.0,0.394058,0.124474,MDA,940290
32052697,135,9911,1996,0.0,63249.0,0.198427,0.026004000000000003,MDA,940290
32052698,135,9911,1997,0.0,100491.0,0.148579,-0.334685,MDA,940290
32052699,135,9911,1998,0.0,184705.0,-0.112783,-0.276584,MDA,940290
32052700,135,9911,1999,0.0,539728.0,-0.16408,-0.08062000000000001,MDA,940290
32052701,135,9911,2000,0.0,109132.0,0.069239,0.02855,MDA,940290
32052702,135,9911,2001,0.0,496708.0,-0.024822,-0.15323399999999998,MDA,940290
32052703,135,9911,2002,0.0,254794.0,-0.186001,-0.141598,MDA,940290
32052704,135,9911,2003,0.0,212917.0,-0.005154,-0.26107199999999997,MDA,940290
32052705,135,9911,2004,2944.0,157762.0,-0.155523,-0.355142,MDA,940290
32052706,135,9911,2005,0.0,665411.0,-0.10179400000000001,-0.152093,MDA,940290
32052707,135,9911,2006,50473.0,391922.0,-0.017707,0.135305,MDA,940290
32052708,135,9911,2007,9827.0,593328.0,0.147801,0.13758299999999998,MDA,940290
32052709,135,9911,2008,0.0,1594314.0,0.096913,-0.095718,MDA,940290
32052710,135,9911,2009,0.0,753791.0,0.009281999999999999,-0.039299,MDA,940290
32052711,135,9911,2010,0.0,648731.0,-0.116797,0.037801,MDA,940290
32052712,135,9911,2011,12783.0,430157.0,-0.225556,0.28622,MDA,940290
32052713,135,9911,2012,11654.0,501561.0,0.025301,0.36205,MDA,940290
32052714,135,9911,2013,95252.0,1329359.0,-0.016235,0.132104,MDA,940290
32052715,135,9911,2014,44950.0,2412576.0,-0.10438199999999999,-0.093194,MDA,940290
32052716,135,9911,2015,5420.0,1187314.0,-0.313837,-0.20393,MDA,940290
32052717,135,9911,2016,20196.0,689710.0,-0.340932,-0.2839,MDA,940290
32052718,135,9911,2017,2960.0,410422.0,-0.24909,-0.181213,MDA,940290
32052719,135,9911,2018,85388.0,821280.0,-0.358412,-0.271334,MDA,940290
32052720,135,9911,2019,0.0,651716.0,-0.333385,-0.35752,MDA,940290
32052721,135,9911,2020,0.0,2005652.0,-0.06779199999999999,-0.240851,MDA,940290
32052722,136,9911,1995,0.0,349819.0,-1.178074,-0.6167,MDG,940290
32052723,136,9911,1996,0.0,35676.0,-1.213619,-0.606686,MDG,940290
32052724,136,9911,1997,0.0,49809.0,-1.2630370000000002,-0.565295,MDG,940290
32052725,136,9911,1998,0.0,189144.0,-1.2600639999999999,-0.566983,MDG,940290
32052726,136,9911,1999,0.0,291596.0,-1.186653,-0.5059279999999999,MDG,940290
32052727,136,9911,2000,0.0,378088.0,-1.045792,-0.386997,MDG,940290
32052728,136,9911,2001,0.0,335734.0,-1.247531,-0.637093,MDG,940290
32052729,136,9911,2002,1671.0,252063.0,-1.120167,-0.43338699999999997,MDG,940290
32052730,136,9911,2003,0.0,374716.0,-1.254758,-0.622696,MDG,940290
32052731,136,9911,2004,0.0,369753.0,-1.355542,-0.634409,MDG,940290
32052732,136,9911,2005,5004.0,88679.0,-1.075232,-0.333908,MDG,940290
32052733,136,9911,2006,1663.0,502406.0,-1.024657,-0.393395,MDG,940290
32052734,136,9911,2007,0.0,352356.0,-0.939838,-0.221205,MDG,940290
32052735,136,9911,2008,24040.0,426666.0,-0.9618190000000001,-0.348841,MDG,940290
32052736,136,9911,2009,0.0,259022.0,-1.0356610000000002,-0.198062,MDG,940290
32052737,136,9911,2010,15610.0,376240.0,-0.8737799999999999,-0.043717,MDG,940290
32052738,136,9911,2011,0.0,342649.0,-1.040519,-0.404883,MDG,940290
32052739,136,9911,2012,0.0,203005.0,-0.9744290000000001,-0.326567,MDG,940290
32052740,136,9911,2013,0.0,945061.0,-1.068565,-0.364254,MDG,940290
32052741,136,9911,2014,0.0,1410568.0,-1.002122,-0.44446,MDG,940290
32052742,136,9911,2015,7781.0,246889.0,-1.15947,-0.497217,MDG,940290
32052743,136,9911,2016,406.0,529797.0,-1.2672709999999998,-0.613909,MDG,940290
32052744,136,9911,2017,0.0,241613.0,-1.277182,-0.6503399999999999,MDG,940290
32052745,136,9911,2018,0.0,308332.0,-1.2144549999999998,-0.748326,MDG,940290
32052746,136,9911,2019,1853.0,320980.0,-1.267516,-0.733849,MDG,940290
32052747,136,9911,2020,0.0,779263.0,-1.206503,-0.709465,MDG,940290
32052748,137,9911,1995,0.0,4988.0,-1.258938,-0.9818629999999999,MDV,940290
32052749,137,9911,1996,0.0,31415.0,-1.107903,-1.016442,MDV,940290
32052750,137,9911,1997,1077.0,11431.0,-1.155491,-1.0362200000000001,MDV,940290
32052751,137,9911,1998,0.0,42741.0,-1.4121629999999998,-1.084394,MDV,940290
32052752,137,9911,1999,0.0,279428.0,-0.83783,-0.941734,MDV,940290
32052753,137,9911,2000,0.0,56543.0,-1.408182,-1.099033,MDV,940290
32052754,137,9911,2001,0.0,51152.0,-0.980734,-0.9785659999999999,MDV,940290
32052755,137,9911,2002,0.0,67701.0,-1.3007440000000001,-1.0420120000000002,MDV,940290
32052756,137,9911,2003,0.0,98735.0,-1.201352,-1.031892,MDV,940290
32052757,137,9911,2004,0.0,220693.0,-0.34020700000000004,-0.817298,MDV,940290
32052758,137,9911,2005,0.0,227301.0,0.063163,-0.623409,MDV,940290
32052759,137,9911,2006,0.0,293276.0,-0.240191,-0.8320290000000001,MDV,940290
32052760,137,9911,2007,0.0,328216.0,-0.7558050000000001,-0.931211,MDV,940290
32052761,137,9911,2008,0.0,246157.0,0.037203,-0.718439,MDV,940290
32052762,137,9911,2009,0.0,188320.0,-0.415182,-0.9298379999999999,MDV,940290
32052763,137,9911,2010,0.0,140873.0,-0.644859,-0.910633,MDV,940290
32052764,137,9911,2011,0.0,1838859.0,-0.937469,-0.87897,MDV,940290
32052765,137,9911,2012,0.0,527443.0,-0.664154,-0.826418,MDV,940290
32052766,137,9911,2013,0.0,108541.0,-0.21889699999999998,-0.776392,MDV,940290
32052767,137,9911,2014,0.0,165227.0,-0.43265299999999995,-0.82696,MDV,940290
32052768,137,9911,2015,0.0,492963.0,-0.321571,-0.858751,MDV,940290
32052769,137,9911,2016,0.0,1466806.0,-0.79904,-0.9720840000000001,MDV,940290
32052770,137,9911,2017,0.0,1077187.0,-1.100027,-0.9779479999999999,MDV,940290
32052771,137,9911,2018,0.0,2794199.0,-0.577527,-0.952098,MDV,940290
32052772,137,9911,2019,0.0,1394590.0,-0.37792800000000004,-0.8963059999999999,MDV,940290
32052773,137,9911,2020,0.0,1240614.0,-0.68914,-0.844514,MDV,940290
32052774,138,9911,1995,27548.0,4890281.0,0.6414300000000001,0.9697520000000001,MEX,940290
32052775,138,9911,1996,95547.0,8181781.0,0.651949,0.9132170000000001,MEX,940290
32052776,138,9911,1997,1872574.0,9742552.0,0.603221,0.898488,MEX,940290
32052777,138,9911,1998,4132792.0,15837319.0,0.525671,0.880649,MEX,940290
32052778,138,9911,1999,7084046.0,15455018.0,0.581034,0.8399760000000001,MEX,940290
32052779,138,9911,2000,2631637.0,15908436.0,0.6866760000000001,0.64383,MEX,940290
32052780,138,9911,2001,2318492.0,12997959.0,0.797058,0.713234,MEX,940290
32052781,138,9911,2002,2729068.0,12821088.0,0.942061,0.6311260000000001,MEX,940290
32052782,138,9911,2003,3613115.0,11414473.0,0.862509,0.756684,MEX,940290
32052783,138,9911,2004,1392259.0,12168940.0,0.868684,0.85506,MEX,940290
32052784,138,9911,2005,1581958.0,18295697.0,1.046235,0.856245,MEX,940290
32052785,138,9911,2006,1655388.0,26266712.0,1.047268,0.7142270000000001,MEX,940290
32052786,138,9911,2007,1533265.0,43893505.0,1.044746,0.605246,MEX,940290
32052787,138,9911,2008,10560792.0,51229816.0,0.9833639999999999,0.7687069999999999,MEX,940290
32052788,138,9911,2009,40156056.0,34150824.0,1.061625,0.719234,MEX,940290
32052789,138,9911,2010,72746061.0,36710515.0,1.132664,0.675756,MEX,940290
32052790,138,9911,2011,90371662.0,39048965.0,0.9534600000000001,0.706982,MEX,940290
32052791,138,9911,2012,182966542.0,53972395.0,1.039541,0.663349,MEX,940290
32052792,138,9911,2013,225316510.0,50901956.0,1.048507,0.718932,MEX,940290
32052793,138,9911,2014,226428388.0,55717378.0,1.0799729999999998,0.697554,MEX,940290
32052794,138,9911,2015,244741362.0,70715702.0,1.169724,0.61457,MEX,940290
32052795,138,9911,2016,223505792.0,55543790.0,1.165638,0.6446649999999999,MEX,940290
32052796,138,9911,2017,195170845.0,48672186.0,1.08871,0.5745279999999999,MEX,940290
32052797,138,9911,2018,193972218.0,52316060.0,1.00061,0.585759,MEX,940290
32052798,138,9911,2019,178787642.0,53797388.0,1.083041,0.569353,MEX,940290
32052799,138,9911,2020,193814160.0,70219574.0,0.974514,0.563643,MEX,940290
32052800,139,9911,1995,,,-0.423338,-0.72302,MHL,940290
32052801,139,9911,1996,0.0,3909.0,-0.035292000000000004,-0.660011,MHL,940290
32052802,139,9911,1997,,,-0.09653400000000001,-0.744734,MHL,940290
32052803,139,9911,1998,,,-0.697979,-0.843189,MHL,940290
32052804,139,9911,1999,0.0,60458.0,0.287285,-0.757613,MHL,940290
32052805,139,9911,2000,,,0.725404,-0.633921,MHL,940290
32052806,139,9911,2001,0.0,15506.0,0.044811000000000004,-0.8319209999999999,MHL,940290
32052807,139,9911,2002,0.0,50992.0,0.185091,-0.8390989999999999,MHL,940290
32052808,139,9911,2003,0.0,37116.0,-1.7295669999999999,-0.926291,MHL,940290
32052809,139,9911,2004,0.0,88331.0,-0.088716,-0.7905449999999999,MHL,940290
32052810,139,9911,2005,,,-0.991793,-0.875741,MHL,940290
32052811,139,9911,2006,0.0,17566.0,-0.6514220000000001,-0.880265,MHL,940290
32052812,139,9911,2007,0.0,1159.0,-0.980109,-0.915091,MHL,940290
32052813,139,9911,2008,0.0,5469.0,-1.092352,-0.9263600000000001,MHL,940290
32052814,139,9911,2009,1249.0,200000.0,-0.960635,-0.99724,MHL,940290
32052815,139,9911,2010,0.0,22820.0,-0.599197,-0.788443,MHL,940290
32052816,139,9911,2011,0.0,1642.0,-0.380054,-0.73321,MHL,940290
32052817,139,9911,2012,0.0,23138.0,-0.557802,-0.790155,MHL,940290
32052818,139,9911,2013,0.0,33652.0,-0.980348,-0.8763219999999999,MHL,940290
32052819,139,9911,2014,0.0,20759.0,-0.22505,-0.803084,MHL,940290
32052820,139,9911,2015,0.0,43794.0,-0.174541,-0.828616,MHL,940290
32052821,139,9911,2016,0.0,11089.0,0.073567,-0.808307,MHL,940290
32052822,139,9911,2017,0.0,98159.0,-0.057511,-0.80248,MHL,940290
32052823,139,9911,2018,0.0,66521.0,0.03022,-0.7880520000000001,MHL,940290
32052824,139,9911,2019,16421.0,1340.0,-0.592066,-0.900875,MHL,940290
32052825,139,9911,2020,19142.0,30232.0,-0.23666700000000002,-0.822276,MHL,940290
32052826,140,9911,1995,0.0,87381.0,0.34174,0.648467,MKD,940290
32052827,140,9911,1996,3588.0,120959.0,0.316133,0.933068,MKD,940290
32052828,140,9911,1997,7235.0,250060.0,0.26327399999999995,0.704879,MKD,940290
32052829,140,9911,1998,1223.0,364612.0,0.102559,0.591468,MKD,940290
32052830,140,9911,1999,1100.0,340428.0,0.053132000000000006,0.43408,MKD,940290
32052831,140,9911,2000,27464.0,260040.0,0.13176600000000002,0.407194,MKD,940290
32052832,140,9911,2001,28030.0,286911.0,0.033097,0.43516499999999997,MKD,940290
32052833,140,9911,2002,3517.0,270788.0,-0.030274000000000002,0.359317,MKD,940290
32052834,140,9911,2003,21788.0,150880.0,-0.017632,0.225394,MKD,940290
32052835,140,9911,2004,17529.0,214172.0,-0.091013,0.190649,MKD,940290
32052836,140,9911,2005,27059.0,351920.0,-0.084262,0.23169099999999998,MKD,940290
32052837,140,9911,2006,58959.0,259797.0,-0.21336,0.17674700000000002,MKD,940290
32052838,140,9911,2007,26634.0,232818.0,-0.125912,-0.009395,MKD,940290
32052839,140,9911,2008,21320.0,759452.0,-0.090639,-0.137401,MKD,940290
32052840,140,9911,2009,14131.0,481813.0,-0.14890499999999998,0.405505,MKD,940290
32052841,140,9911,2010,248930.0,1483095.0,-0.122842,0.407017,MKD,940290
32052842,140,9911,2011,1405586.0,1058806.0,-0.12310499999999999,0.16392,MKD,940290
32052843,140,9911,2012,1552868.0,772226.0,-0.010966,0.160996,MKD,940290
32052844,140,9911,2013,2295438.0,786337.0,-0.10859400000000001,0.155229,MKD,940290
32052845,140,9911,2014,2814276.0,1317249.0,-0.039799,-0.05545,MKD,940290
32052846,140,9911,2015,2770577.0,307876.0,-0.09009600000000001,-0.147359,MKD,940290
32052847,140,9911,2016,2673565.0,1080853.0,0.026185000000000003,-0.20027999999999999,MKD,940290
32052848,140,9911,2017,3021422.0,629567.0,-0.0292,-0.377156,MKD,940290
32052849,140,9911,2018,2480414.0,945151.0,0.079976,-0.20256,MKD,940290
32052850,140,9911,2019,2260448.0,574717.0,0.050624,-0.11143299999999999,MKD,940290
32052851,140,9911,2020,1504498.0,887624.0,0.147947,-0.11116500000000001,MKD,940290
32052852,141,9911,1995,0.0,136522.0,-0.807662,-0.952101,MLI,940290
32052853,141,9911,1996,0.0,57071.0,-0.987858,-0.9677040000000001,MLI,940290
32052854,141,9911,1997,0.0,130454.0,-1.230276,-1.086769,MLI,940290
32052855,141,9911,1998,0.0,682450.0,-0.8910049999999999,-0.9654870000000001,MLI,940290
32052856,141,9911,1999,0.0,192681.0,-0.8019149999999999,-0.9337979999999999,MLI,940290
32052857,141,9911,2000,0.0,238437.0,-0.5546409999999999,-0.633603,MLI,940290
32052858,141,9911,2001,0.0,582395.0,-0.40341,-0.626402,MLI,940290
32052859,141,9911,2002,0.0,220121.0,-0.8948520000000001,-0.863375,MLI,940290
32052860,141,9911,2003,1201.0,83033.0,-0.786411,-0.879049,MLI,940290
32052861,141,9911,2004,0.0,389437.0,-0.6905100000000001,-0.9162459999999999,MLI,940290
32052862,141,9911,2005,9048.0,181323.0,-0.811021,-0.77035,MLI,940290
32052863,141,9911,2006,9442.0,195818.0,-0.503462,-0.778836,MLI,940290
32052864,141,9911,2007,4905.0,539513.0,-0.672822,-0.687913,MLI,940290
32052865,141,9911,2008,12946.0,451619.0,-0.274267,-0.51084,MLI,940290
32052866,141,9911,2009,2505.0,593345.0,-0.84835,-0.780324,MLI,940290
32052867,141,9911,2010,1939.0,511996.0,-0.585496,-0.655841,MLI,940290
32052868,141,9911,2011,0.0,545998.0,-0.6778109999999999,-0.653211,MLI,940290
32052869,141,9911,2012,0.0,229498.0,-0.592899,-0.775098,MLI,940290
32052870,141,9911,2013,0.0,471415.0,-1.183671,-1.069504,MLI,940290
32052871,141,9911,2014,0.0,568176.0,-1.199063,-1.05497,MLI,940290
32052872,141,9911,2015,36861.0,659629.0,-0.744236,-0.9441860000000001,MLI,940290
32052873,141,9911,2016,21934.0,1874439.0,-0.584863,-0.74131,MLI,940290
32052874,141,9911,2017,3657.0,727339.0,-0.5927899999999999,-0.707245,MLI,940290
32052875,141,9911,2018,1025.0,406952.0,-0.49666499999999997,-0.7189909999999999,MLI,940290
32052876,141,9911,2019,9822.0,725509.0,-0.381732,-0.606313,MLI,940290
32052877,141,9911,2020,0.0,729628.0,-1.309505,-1.1745079999999999,MLI,940290
32052878,142,9911,1995,2961.0,1663279.0,0.842519,0.11882899999999999,MLT,940290
32052879,142,9911,1996,5087.0,371640.0,0.8825440000000001,0.066541,MLT,940290
32052880,142,9911,1997,4070.0,217336.0,0.936998,0.062266999999999996,MLT,940290
32052881,142,9911,1998,4319.0,145723.0,0.919593,-0.071451,MLT,940290
32052882,142,9911,1999,56700.0,182491.0,0.9998450000000001,0.009412,MLT,940290
32052883,142,9911,2000,12867.0,301891.0,1.106517,-0.05459,MLT,940290
32052884,142,9911,2001,9269.0,220277.0,1.065032,-0.065239,MLT,940290
32052885,142,9911,2002,51054.0,441429.0,1.12245,0.019001,MLT,940290
32052886,142,9911,2003,2096.0,430143.0,1.2138149999999999,-0.015687,MLT,940290
32052887,142,9911,2004,133401.0,347182.0,1.251894,0.063827,MLT,940290
32052888,142,9911,2005,118008.0,1914396.0,1.298938,0.13206600000000002,MLT,940290
32052889,142,9911,2006,410086.0,3331801.0,1.384411,0.093734,MLT,940290
32052890,142,9911,2007,88759.0,1618037.0,1.184569,-0.046376,MLT,940290
32052891,142,9911,2008,27204.0,539504.0,1.015716,-0.065673,MLT,940290
32052892,142,9911,2009,901076.0,763452.0,1.233965,-0.016763,MLT,940290
32052893,142,9911,2010,84682.0,504166.0,1.211797,-0.024923,MLT,940290
32052894,142,9911,2011,4710.0,706658.0,1.3001340000000001,0.22605799999999998,MLT,940290
32052895,142,9911,2012,68695.0,1040863.0,1.023776,0.12459400000000001,MLT,940290
32052896,142,9911,2013,19941.0,1423620.0,0.8519760000000001,-0.075869,MLT,940290
32052897,142,9911,2014,17532.0,2393330.0,0.817013,0.0016309999999999999,MLT,940290
32052898,142,9911,2015,47706.0,1667987.0,0.880893,-0.117585,MLT,940290
32052899,142,9911,2016,441165.0,852334.0,0.8795950000000001,-0.21689499999999998,MLT,940290
32052900,142,9911,2017,77644.0,1208068.0,0.999914,0.12683,MLT,940290
32052901,142,9911,2018,2277421.0,1664088.0,0.9621219999999999,0.257289,MLT,940290
32052902,142,9911,2019,444115.0,1231692.0,0.893992,0.25255500000000003,MLT,940290
32052903,142,9911,2020,612819.0,3462648.0,0.9159309999999999,0.24442199999999997,MLT,940290
32052904,143,9911,1995,0.0,95251.0,-1.5669309999999999,-1.124558,MMR,940290
32052905,143,9911,1996,0.0,534156.0,-1.556357,-1.078395,MMR,940290
32052906,143,9911,1997,0.0,102623.0,-1.595159,-1.09562,MMR,940290
32052907,143,9911,1998,0.0,41124.0,-1.620365,-0.997957,MMR,940290
32052908,143,9911,1999,0.0,309082.0,-1.4991299999999999,-0.984557,MMR,940290
32052909,143,9911,2000,0.0,206833.0,-1.504802,-1.0756860000000001,MMR,940290
32052910,143,9911,2001,0.0,94811.0,-1.5627,-1.150854,MMR,940290
32052911,143,9911,2002,0.0,393471.0,-1.571568,-1.131512,MMR,940290
32052912,143,9911,2003,2162.0,1430704.0,-1.435123,-1.0948,MMR,940290
32052913,143,9911,2004,4754.0,481019.0,-1.400614,-0.947664,MMR,940290
32052914,143,9911,2005,42676.0,1232273.0,-1.506567,-1.169183,MMR,940290
32052915,143,9911,2006,3384.0,348946.0,-1.543679,-1.145623,MMR,940290
32052916,143,9911,2007,0.0,421826.0,-1.29366,-1.074733,MMR,940290
32052917,143,9911,2008,0.0,1243962.0,-1.501556,-1.1134110000000002,MMR,940290
32052918,143,9911,2009,0.0,792044.0,-1.6459529999999998,-1.186635,MMR,940290
32052919,143,9911,2010,0.0,836118.0,-1.480389,-1.075842,MMR,940290
32052920,143,9911,2011,0.0,995611.0,-1.3557190000000001,-0.929934,MMR,940290
32052921,143,9911,2012,26251.0,1921113.0,-1.219747,-0.9290229999999999,MMR,940290
32052922,143,9911,2013,5837.0,2372719.0,-1.230787,-0.737375,MMR,940290
32052923,143,9911,2014,0.0,7907042.0,-1.5332459999999999,-1.145973,MMR,940290
32052924,143,9911,2015,2572.0,4750133.0,-1.4596120000000001,-0.903904,MMR,940290
32052925,143,9911,2016,787.0,5719591.0,-1.160878,-0.6042609999999999,MMR,940290
32052926,143,9911,2017,0.0,6212250.0,-1.051544,-0.419183,MMR,940290
32052927,143,9911,2018,0.0,4145964.0,-0.936467,-0.223413,MMR,940290
32052928,143,9911,2019,0.0,3985907.0,-1.196733,-0.435766,MMR,940290
32052929,143,9911,2020,0.0,6173572.0,-0.9993569999999999,-0.298647,MMR,940290
32052930,144,9911,1995,,,,,MNE,940290
32052931,144,9911,1996,,,,,MNE,940290
32052932,144,9911,1997,,,,,MNE,940290
32052933,144,9911,1998,,,,,MNE,940290
32052934,144,9911,1999,,,,,MNE,940290
32052935,144,9911,2000,,,,,MNE,940290
32052936,144,9911,2001,,,,,MNE,940290
32052937,144,9911,2002,,,,,MNE,940290
32052938,144,9911,2003,,,,,MNE,940290
32052939,144,9911,2004,,,,,MNE,940290
32052940,144,9911,2005,,,,,MNE,940290
32052941,144,9911,2006,11202.0,256338.0,0.130773,-0.24674699999999997,MNE,940290
32052942,144,9911,2007,27289.0,479398.0,0.250006,-0.154908,MNE,940290
32052943,144,9911,2008,0.0,348929.0,0.321434,-0.168212,MNE,940290
32052944,144,9911,2009,0.0,802862.0,0.19963499999999998,-0.073107,MNE,940290
32052945,144,9911,2010,3181.0,385154.0,0.266397,-0.02502,MNE,940290
32052946,144,9911,2011,0.0,176507.0,0.149559,0.024935,MNE,940290
32052947,144,9911,2012,0.0,132260.0,-0.059409000000000003,-0.328183,MNE,940290
32052948,144,9911,2013,0.0,208088.0,-0.054454999999999996,-0.164875,MNE,940290
32052949,144,9911,2014,0.0,434271.0,-0.17039100000000001,-0.21762399999999998,MNE,940290
32052950,144,9911,2015,0.0,301631.0,-0.048385000000000004,-0.150759,MNE,940290
32052951,144,9911,2016,24292.0,243365.0,-0.005084,-0.25252199999999997,MNE,940290
32052952,144,9911,2017,4944.0,477014.0,0.201739,-0.23111399999999999,MNE,940290
32052953,144,9911,2018,38266.0,504431.0,0.332495,0.124258,MNE,940290
32052954,144,9911,2019,0.0,801503.0,0.40415100000000004,0.068967,MNE,940290
32052955,144,9911,2020,7884.0,770384.0,0.355595,0.140822,MNE,940290
32052956,145,9911,1995,0.0,20975.0,-0.653135,-1.023557,MNG,940290
32052957,145,9911,1996,0.0,43797.0,-0.18177000000000001,-0.8212280000000001,MNG,940290
32052958,145,9911,1997,0.0,15916.0,-0.36035300000000003,-0.862088,MNG,940290
32052959,145,9911,1998,0.0,28474.0,-0.605635,-0.9181520000000001,MNG,940290
32052960,145,9911,1999,0.0,941977.0,-0.557761,-0.8596280000000001,MNG,940290
32052961,145,9911,2000,0.0,213429.0,-0.600593,-0.889832,MNG,940290
32052962,145,9911,2001,0.0,112272.0,-0.691001,-0.9284180000000001,MNG,940290
32052963,145,9911,2002,0.0,50542.0,-0.895827,-0.9913799999999999,MNG,940290
32052964,145,9911,2003,0.0,132183.0,-0.9747620000000001,-1.026308,MNG,940290
32052965,145,9911,2004,0.0,58123.0,-1.030558,-1.03145,MNG,940290
32052966,145,9911,2005,25859.0,176619.0,-1.059909,-1.010298,MNG,940290
32052967,145,9911,2006,0.0,295205.0,-1.147217,-1.0734709999999998,MNG,940290
32052968,145,9911,2007,0.0,88458.0,-1.0688790000000001,-1.1115709999999999,MNG,940290
32052969,145,9911,2008,3394.0,678053.0,-1.13585,-1.1076190000000001,MNG,940290
32052970,145,9911,2009,0.0,169670.0,-0.825506,-1.067644,MNG,940290
32052971,145,9911,2010,0.0,214153.0,-1.110861,-1.105545,MNG,940290
32052972,145,9911,2011,0.0,514413.0,-1.0869389999999999,-1.107693,MNG,940290
32052973,145,9911,2012,0.0,347363.0,-1.2191,-1.1559549999999998,MNG,940290
32052974,145,9911,2013,987.0,1306884.0,-1.3270950000000001,-1.144547,MNG,940290
32052975,145,9911,2014,14938.0,1312368.0,-1.425524,-1.161949,MNG,940290
32052976,145,9911,2015,0.0,1704460.0,-1.244368,-1.196677,MNG,940290
32052977,145,9911,2016,0.0,400634.0,-0.811142,-1.013252,MNG,940290
32052978,145,9911,2017,0.0,168145.0,-0.933737,-1.1195620000000002,MNG,940290
32052979,145,9911,2018,0.0,1418174.0,-0.934398,-1.125105,MNG,940290
32052980,145,9911,2019,0.0,394769.0,-1.1612049999999998,-1.1615739999999999,MNG,940290
32052981,145,9911,2020,18014.0,717013.0,-1.011938,-1.127569,MNG,940290
32052982,146,9911,1995,,,0.1683,-0.642753,MNP,940290
32052983,146,9911,1996,,,0.245321,-0.636347,MNP,940290
32052984,146,9911,1997,0.0,10653.0,-0.912666,-0.9718110000000001,MNP,940290
32052985,146,9911,1998,,,-0.144048,-0.7987479999999999,MNP,940290
32052986,146,9911,1999,,,-0.45039399999999996,-0.8943700000000001,MNP,940290
32052987,146,9911,2000,,,-0.186998,-0.728449,MNP,940290
32052988,146,9911,2001,,,-0.701194,-0.89945,MNP,940290
32052989,146,9911,2002,,,-0.165526,-0.7033010000000001,MNP,940290
32052990,146,9911,2003,,,-0.370942,-0.685771,MNP,940290
32052991,146,9911,2004,,,-0.47053199999999995,-0.7803220000000001,MNP,940290
32052992,146,9911,2005,0.0,2283.0,-0.292486,-0.669716,MNP,940290
32052993,146,9911,2006,,,-0.016344,-0.356507,MNP,940290
32052994,146,9911,2007,,,-0.171068,-0.7035520000000001,MNP,940290
32052995,146,9911,2008,,,-0.093684,-0.555717,MNP,940290
32052996,146,9911,2009,,,0.500134,-0.0069489999999999994,MNP,940290
32052997,146,9911,2010,,,0.27201,-0.285427,MNP,940290
32052998,146,9911,2011,,,0.31311300000000003,-0.30891799999999997,MNP,940290
32052999,146,9911,2012,,,0.6209600000000001,-0.14613800000000002,MNP,940290
32053000,146,9911,2013,,,0.596753,-0.118522,MNP,940290
32053001,146,9911,2014,0.0,2408.0,1.1877790000000001,-0.300664,MNP,940290
32053002,146,9911,2015,,,0.690384,-0.5730529999999999,MNP,940290
32053003,146,9911,2016,,,0.867833,-0.68889,MNP,940290
32053004,146,9911,2017,,,1.1599540000000002,-0.561265,MNP,940290
32053005,146,9911,2018,,,1.013685,-0.56789,MNP,940290
32053006,146,9911,2019,,,0.9892219999999999,-0.5955520000000001,MNP,940290
32053007,146,9911,2020,,,0.067797,-0.7922859999999999,MNP,940290
32053008,147,9911,1995,0.0,69985.0,-1.031627,-1.02484,MOZ,940290
32053009,147,9911,1996,0.0,350572.0,-1.331264,-1.1260270000000001,MOZ,940290
32053010,147,9911,1997,0.0,221024.0,-0.8600620000000001,-0.9672270000000001,MOZ,940290
32053011,147,9911,1998,0.0,72694.0,-0.6813279999999999,-0.916391,MOZ,940290
32053012,147,9911,1999,0.0,332321.0,-0.35994699999999996,-0.725301,MOZ,940290
32053013,147,9911,2000,5360.0,456371.0,-0.637021,-0.748197,MOZ,940290
32053014,147,9911,2001,10948.0,463087.0,-1.2364879999999998,-1.136715,MOZ,940290
32053015,147,9911,2002,0.0,334209.0,-0.947259,-1.047883,MOZ,940290
32053016,147,9911,2003,7200.0,1044720.0,-1.188243,-1.123693,MOZ,940290
32053017,147,9911,2004,347.0,208375.0,-1.1010790000000001,-1.0942,MOZ,940290
32053018,147,9911,2005,2172.0,1058067.0,-1.301283,-1.180598,MOZ,940290
32053019,147,9911,2006,0.0,1002263.0,-1.0250629999999998,-1.067359,MOZ,940290
32053020,147,9911,2007,0.0,1302386.0,-1.4703110000000001,-1.1915719999999999,MOZ,940290
32053021,147,9911,2008,5846.0,650151.0,-0.982727,-0.8361219999999999,MOZ,940290
32053022,147,9911,2009,7688.0,2539084.0,-1.0023090000000001,-0.844765,MOZ,940290
32053023,147,9911,2010,28116.0,2125940.0,-1.479855,-1.070518,MOZ,940290
32053024,147,9911,2011,202.0,807059.0,-1.2069299999999998,-0.977785,MOZ,940290
32053025,147,9911,2012,1532.0,1090441.0,-1.400493,-1.1536680000000001,MOZ,940290
32053026,147,9911,2013,1176.0,1369966.0,-1.326323,-1.050969,MOZ,940290
32053027,147,9911,2014,1630.0,1706405.0,-1.1993610000000001,-1.040181,MOZ,940290
32053028,147,9911,2015,0.0,2070801.0,-1.293809,-1.115069,MOZ,940290
32053029,147,9911,2016,726.0,1039593.0,-1.333702,-1.116794,MOZ,940290
32053030,147,9911,2017,0.0,1106645.0,-1.3882290000000002,-1.114475,MOZ,940290
32053031,147,9911,2018,17924.0,1837201.0,-1.380023,-1.027817,MOZ,940290
32053032,147,9911,2019,20416.0,1312361.0,-1.264532,-1.072626,MOZ,940290
32053033,147,9911,2020,124865.0,1250391.0,-1.1186040000000002,-0.974224,MOZ,940290
32053034,148,9911,1995,0.0,21206.0,-1.935629,-1.178304,MRT,940290
32053035,148,9911,1996,0.0,76901.0,-1.352902,-1.19204,MRT,940290
32053036,148,9911,1997,0.0,52591.0,-1.7012040000000002,-1.2302799999999998,MRT,940290
32053037,148,9911,1998,0.0,42145.0,-1.177719,-1.199729,MRT,940290
32053038,148,9911,1999,0.0,83870.0,-1.198078,-1.229277,MRT,940290
32053039,148,9911,2000,0.0,48505.0,-1.461442,-1.230634,MRT,940290
32053040,148,9911,2001,0.0,85392.0,-1.187271,-1.240445,MRT,940290
32053041,148,9911,2002,0.0,102887.0,-1.27671,-1.218472,MRT,940290
32053042,148,9911,2003,0.0,441909.0,-1.069232,-1.184061,MRT,940290
32053043,148,9911,2004,0.0,207541.0,-1.6173959999999998,-1.2925719999999998,MRT,940290
32053044,148,9911,2005,0.0,38970.0,-1.5391629999999998,-1.260424,MRT,940290
32053045,148,9911,2006,0.0,179330.0,-1.72422,-1.2414399999999999,MRT,940290
32053046,148,9911,2007,0.0,205848.0,-2.027741,-1.311094,MRT,940290
32053047,148,9911,2008,0.0,293628.0,-2.081778,-1.274636,MRT,940290
32053048,148,9911,2009,0.0,130345.0,-1.761436,-1.2898479999999999,MRT,940290
32053049,148,9911,2010,216483.0,403724.0,-2.099882,-1.303977,MRT,940290
32053050,148,9911,2011,0.0,366448.0,-1.2593379999999998,-1.1793209999999998,MRT,940290
32053051,148,9911,2012,24308.0,1103024.0,-1.570474,-1.284412,MRT,940290
32053052,148,9911,2013,19781.0,215626.0,-1.950532,-1.283104,MRT,940290
32053053,148,9911,2014,0.0,547559.0,-1.458551,-1.225373,MRT,940290
32053054,148,9911,2015,0.0,668464.0,-1.5597450000000002,-1.3209229999999998,MRT,940290
32053055,148,9911,2016,1570.0,636273.0,-1.542265,-1.318586,MRT,940290
32053056,148,9911,2017,3324.0,685749.0,-1.634533,-1.330819,MRT,940290
32053057,148,9911,2018,0.0,941371.0,-1.511361,-1.296003,MRT,940290
32053058,148,9911,2019,0.0,567512.0,-1.711918,-1.339005,MRT,940290
32053059,148,9911,2020,0.0,627447.0,-1.400894,-1.27631,MRT,940290
32053060,149,9911,1995,,,0.197655,-0.6083890000000001,MSR,940290
32053061,149,9911,1996,,,0.659518,-0.540708,MSR,940290
32053062,149,9911,1997,,,0.841025,-0.44752299999999995,MSR,940290
32053063,149,9911,1998,,,1.244182,-0.24840700000000002,MSR,940290
32053064,149,9911,1999,,,1.302936,0.055571,MSR,940290
32053065,149,9911,2000,0.0,1990.0,1.168349,-0.18726199999999998,MSR,940290
32053066,149,9911,2001,0.0,81868.0,0.796292,-0.431771,MSR,940290
32053067,149,9911,2002,0.0,3091.0,1.4188209999999999,-0.087543,MSR,940290
32053068,149,9911,2003,0.0,2481.0,0.383768,-0.320867,MSR,940290
32053069,149,9911,2004,0.0,137038.0,0.736775,-0.001405,MSR,940290
32053070,149,9911,2005,,,1.266377,-0.112167,MSR,940290
32053071,149,9911,2006,0.0,4122.0,1.300664,-0.082954,MSR,940290
32053072,149,9911,2007,0.0,6902.0,0.952257,-0.31153800000000004,MSR,940290
32053073,149,9911,2008,0.0,4123.0,1.375073,-0.275475,MSR,940290
32053074,149,9911,2009,0.0,32287.0,1.163257,-0.332029,MSR,940290
32053075,149,9911,2010,0.0,2818.0,1.090694,-0.45702200000000004,MSR,940290
32053076,149,9911,2011,0.0,563.0,1.2888760000000001,-0.207486,MSR,940290
32053077,149,9911,2012,23507.0,15522.0,1.338854,-0.098053,MSR,940290
32053078,149,9911,2013,0.0,1590.0,1.610652,0.079868,MSR,940290
32053079,149,9911,2014,0.0,37413.0,0.44890399999999997,-0.46028,MSR,940290
32053080,149,9911,2015,,,1.6649060000000002,-0.49319799999999997,MSR,940290
32053081,149,9911,2016,0.0,3810.0,1.538666,-0.46699300000000005,MSR,940290
32053082,149,9911,2017,0.0,19768.0,0.71373,-0.672669,MSR,940290
32053083,149,9911,2018,0.0,4924.0,0.744527,-0.519904,MSR,940290
32053084,149,9911,2019,0.0,5763.0,0.9961530000000001,-0.454477,MSR,940290
32053085,149,9911,2020,1523.0,35189.0,1.401202,-0.46509399999999995,MSR,940290
32053086,150,9911,1995,1580.0,1067069.0,0.68423,-0.22968200000000003,MTQ,940290
32053087,150,9911,1996,,,,,MTQ,940290
32053088,150,9911,1997,,,,,MTQ,940290
32053089,150,9911,1998,,,,,MTQ,940290
32053090,150,9911,1999,,,,,MTQ,940290
32053091,150,9911,2000,,,,,MTQ,940290
32053092,150,9911,2001,,,,,MTQ,940290
32053093,150,9911,2002,,,,,MTQ,940290
32053094,150,9911,2003,,,,,MTQ,940290
32053095,150,9911,2004,,,,,MTQ,940290
32053096,150,9911,2005,,,,,MTQ,940290
32053097,150,9911,2006,,,,,MTQ,940290
32053098,150,9911,2007,,,,,MTQ,940290
32053099,150,9911,2008,,,,,MTQ,940290
32053100,150,9911,2009,,,,,MTQ,940290
32053101,150,9911,2010,,,,,MTQ,940290
32053102,150,9911,2011,,,,,MTQ,940290
32053103,150,9911,2012,,,,,MTQ,940290
32053104,150,9911,2013,,,,,MTQ,940290
32053105,150,9911,2014,,,,,MTQ,940290
32053106,150,9911,2015,,,,,MTQ,940290
32053107,150,9911,2016,,,,,MTQ,940290
32053108,150,9911,2017,,,,,MTQ,940290
32053109,150,9911,2018,,,,,MTQ,940290
32053110,150,9911,2019,,,,,MTQ,940290
32053111,150,9911,2020,,,,,MTQ,940290
32053112,151,9911,1995,0.0,160996.0,-0.432644,-0.574298,MUS,940290
32053113,151,9911,1996,0.0,107075.0,-0.538651,-0.746274,MUS,940290
32053114,151,9911,1997,3552.0,522222.0,-0.49241,-0.695729,MUS,940290
32053115,151,9911,1998,86024.0,443265.0,-0.621599,-0.755795,MUS,940290
32053116,151,9911,1999,10773.0,73794.0,-0.5713729999999999,-0.696416,MUS,940290
32053117,151,9911,2000,2574.0,71133.0,-0.412313,-0.5704140000000001,MUS,940290
32053118,151,9911,2001,43292.0,93064.0,-0.410422,-0.5868369999999999,MUS,940290
32053119,151,9911,2002,5741.0,183058.0,-0.37937600000000005,-0.388848,MUS,940290
32053120,151,9911,2003,18000.0,186855.0,-0.361514,-0.29839899999999997,MUS,940290
32053121,151,9911,2004,0.0,115154.0,-0.374754,-0.288504,MUS,940290
32053122,151,9911,2005,20285.0,123481.0,-0.24565,-0.091397,MUS,940290
32053123,151,9911,2006,23641.0,380729.0,-0.311109,-0.07267,MUS,940290
32053124,151,9911,2007,999.0,281441.0,-0.342957,-0.129114,MUS,940290
32053125,151,9911,2008,13659.0,1059047.0,-0.337563,-0.144226,MUS,940290
32053126,151,9911,2009,351447.0,860359.0,-0.198194,0.067014,MUS,940290
32053127,151,9911,2010,67745.0,522496.0,-0.173542,0.103727,MUS,940290
32053128,151,9911,2011,31284.0,2234377.0,-0.09464600000000001,0.091177,MUS,940290
32053129,151,9911,2012,1251.0,760856.0,-0.028582999999999997,0.116882,MUS,940290
32053130,151,9911,2013,61422.0,497591.0,-0.158852,0.0061600000000000005,MUS,940290
32053131,151,9911,2014,70900.0,861030.0,-0.029891,-0.12431099999999999,MUS,940290
32053132,151,9911,2015,37542.0,573858.0,-0.231762,-0.195051,MUS,940290
32053133,151,9911,2016,9092.0,551751.0,-0.24309899999999998,-0.084888,MUS,940290
32053134,151,9911,2017,8026.0,1006207.0,-0.156616,0.073153,MUS,940290
32053135,151,9911,2018,6510.0,776173.0,-0.128221,0.15049400000000002,MUS,940290
32053136,151,9911,2019,40472.0,1441921.0,-0.15909600000000002,0.034770999999999996,MUS,940290
32053137,151,9911,2020,35473.0,985181.0,-0.048897,0.11543099999999999,MUS,940290
32053138,152,9911,1995,0.0,287956.0,-1.1277709999999999,-1.0603049999999998,MWI,940290
32053139,152,9911,1996,22438.0,66724.0,-1.332586,-1.115859,MWI,940290
32053140,152,9911,1997,0.0,16961.0,-1.24261,-1.1258860000000002,MWI,940290
32053141,152,9911,1998,4885.0,87444.0,-1.436242,-1.278929,MWI,940290
32053142,152,9911,1999,0.0,591257.0,-1.319572,-1.199031,MWI,940290
32053143,152,9911,2000,0.0,154025.0,-1.138855,-1.0394510000000001,MWI,940290
32053144,152,9911,2001,0.0,152444.0,-1.388716,-1.116315,MWI,940290
32053145,152,9911,2002,0.0,408778.0,-1.441416,-1.214651,MWI,940290
32053146,152,9911,2003,0.0,198742.0,-1.48079,-1.235645,MWI,940290
32053147,152,9911,2004,0.0,660392.0,-1.592983,-1.252423,MWI,940290
32053148,152,9911,2005,0.0,863260.0,-1.4769379999999999,-1.220782,MWI,940290
32053149,152,9911,2006,0.0,118864.0,-1.145132,-1.0946209999999998,MWI,940290
32053150,152,9911,2007,0.0,574004.0,-1.348692,-1.134002,MWI,940290
32053151,152,9911,2008,0.0,178084.0,-1.387548,-1.184696,MWI,940290
32053152,152,9911,2009,1983.0,173665.0,-1.571672,-1.244864,MWI,940290
32053153,152,9911,2010,0.0,211632.0,-0.821839,-0.9153870000000001,MWI,940290
32053154,152,9911,2011,25533.0,233311.0,-1.100291,-0.982559,MWI,940290
32053155,152,9911,2012,3513.0,645856.0,-1.210016,-1.172806,MWI,940290
32053156,152,9911,2013,2391.0,383180.0,-0.8992120000000001,-0.862175,MWI,940290
32053157,152,9911,2014,0.0,385182.0,-0.494204,-0.751903,MWI,940290
32053158,152,9911,2015,0.0,610379.0,-0.549862,-0.8753190000000001,MWI,940290
32053159,152,9911,2016,0.0,314727.0,-1.113794,-1.172385,MWI,940290
32053160,152,9911,2017,2655.0,412498.0,-0.761995,-0.8897729999999999,MWI,940290
32053161,152,9911,2018,0.0,1255808.0,-0.7015979999999999,-0.9293680000000001,MWI,940290
32053162,152,9911,2019,5431.0,814831.0,-1.0178479999999999,-1.1028879999999999,MWI,940290
32053163,152,9911,2020,0.0,695429.0,-1.122433,-1.106831,MWI,940290
32053164,153,9911,1995,877590.0,4073970.0,0.357745,0.374284,MYS,940290
32053165,153,9911,1996,689850.0,6107066.0,0.351774,0.347262,MYS,940290
32053166,153,9911,1997,588424.0,5932569.0,0.37340999999999996,0.36853600000000003,MYS,940290
32053167,153,9911,1998,745625.0,4577676.0,0.396826,0.203792,MYS,940290
32053168,153,9911,1999,1092158.0,2535680.0,0.500591,0.136149,MYS,940290
32053169,153,9911,2000,830880.0,3356251.0,0.519684,0.170286,MYS,940290
32053170,153,9911,2001,1086986.0,4448497.0,0.768174,0.307033,MYS,940290
32053171,153,9911,2002,1612969.0,4011638.0,0.704957,0.243398,MYS,940290
32053172,153,9911,2003,2067508.0,5011066.0,0.728804,0.2168,MYS,940290
32053173,153,9911,2004,3601613.0,8702950.0,0.6710050000000001,0.17807,MYS,940290
32053174,153,9911,2005,6274788.0,6716646.0,0.5847439999999999,0.13176300000000002,MYS,940290
32053175,153,9911,2006,6352266.0,8027094.0,0.7896569999999999,0.363625,MYS,940290
32053176,153,9911,2007,7820162.0,5440460.0,0.740788,0.302155,MYS,940290
32053177,153,9911,2008,8622772.0,8789306.0,0.793395,0.6141939999999999,MYS,940290
32053178,153,9911,2009,6905183.0,6928739.0,0.8718229999999999,0.607429,MYS,940290
32053179,153,9911,2010,7643666.0,11968207.0,0.9530780000000001,0.607456,MYS,940290
32053180,153,9911,2011,6244388.0,14634971.0,0.9893290000000001,0.632079,MYS,940290
32053181,153,9911,2012,5294834.0,12946550.0,0.945643,0.7526510000000001,MYS,940290
32053182,153,9911,2013,5894610.0,16605341.0,0.937641,0.747496,MYS,940290
32053183,153,9911,2014,6740088.0,17211740.0,1.018138,0.774649,MYS,940290
32053184,153,9911,2015,4969376.0,13855534.0,1.082803,0.811615,MYS,940290
32053185,153,9911,2016,4695997.0,10605744.0,1.106894,0.7452840000000001,MYS,940290
32053186,153,9911,2017,5146430.0,9686797.0,1.0110139999999999,0.6840729999999999,MYS,940290
32053187,153,9911,2018,8607577.0,12403105.0,1.122976,0.734109,MYS,940290
32053188,153,9911,2019,15012969.0,19356431.0,1.192967,0.730971,MYS,940290
32053189,153,9911,2020,12564545.0,20731039.0,1.185223,0.573439,MYS,940290
32053190,154,9911,1995,,,,,MYT,940290
32053191,154,9911,1996,,,,,MYT,940290
32053192,154,9911,1997,,,,,MYT,940290
32053193,154,9911,1998,,,,,MYT,940290
32053194,154,9911,1999,,,,,MYT,940290
32053195,154,9911,2000,0.0,298384.0,1.167946,-0.33195,MYT,940290
32053196,154,9911,2001,0.0,17026.0,1.4633260000000001,-0.114532,MYT,940290
32053197,154,9911,2002,0.0,236358.0,0.34587399999999996,-0.537626,MYT,940290
32053198,154,9911,2003,0.0,75807.0,0.8645370000000001,-0.101347,MYT,940290
32053199,154,9911,2004,88472.0,345688.0,1.179671,0.016149,MYT,940290
32053200,154,9911,2005,0.0,615978.0,1.428791,0.258694,MYT,940290
32053201,154,9911,2006,0.0,435161.0,1.1370049999999998,0.131896,MYT,940290
32053202,154,9911,2007,0.0,423170.0,0.9008879999999999,-0.209565,MYT,940290
32053203,154,9911,2008,0.0,564876.0,1.085932,-0.176729,MYT,940290
32053204,154,9911,2009,0.0,435805.0,1.173729,-0.08655800000000001,MYT,940290
32053205,154,9911,2010,0.0,552800.0,1.371744,-0.072045,MYT,940290
32053206,154,9911,2011,0.0,371521.0,0.804635,-0.312227,MYT,940290
32053207,154,9911,2012,0.0,259306.0,0.828673,-0.422716,MYT,940290
32053208,154,9911,2013,41684.0,407616.0,0.9851690000000001,-0.504069,MYT,940290
32053209,154,9911,2014,,,,,MYT,940290
32053210,154,9911,2015,,,,,MYT,940290
32053211,154,9911,2016,,,,,MYT,940290
32053212,154,9911,2017,,,,,MYT,940290
32053213,154,9911,2018,,,,,MYT,940290
32053214,154,9911,2019,,,,,MYT,940290
32053215,154,9911,2020,,,,,MYT,940290
32053216,155,9911,1995,,,,,NAM,940290
32053217,155,9911,1996,,,,,NAM,940290
32053218,155,9911,1997,,,,,NAM,940290
32053219,155,9911,1998,,,,,NAM,940290
32053220,155,9911,1999,,,,,NAM,940290
32053221,155,9911,2000,497694.0,281797.0,-0.49537,-0.714195,NAM,940290
32053222,155,9911,2001,13189.0,272528.0,-0.625912,-0.854247,NAM,940290
32053223,155,9911,2002,173261.0,166327.0,-0.314161,-0.521778,NAM,940290
32053224,155,9911,2003,33382.0,424571.0,-0.24004499999999998,-0.39565900000000004,NAM,940290
32053225,155,9911,2004,55989.0,711226.0,-0.40995299999999996,-0.550272,NAM,940290
32053226,155,9911,2005,184113.0,301035.0,-0.381972,-0.405269,NAM,940290
32053227,155,9911,2006,72408.0,330871.0,-0.515361,-0.8027350000000001,NAM,940290
32053228,155,9911,2007,20004.0,2299681.0,-0.588953,-0.751722,NAM,940290
32053229,155,9911,2008,29987.0,608364.0,-0.104196,-0.301923,NAM,940290
32053230,155,9911,2009,100404.0,998916.0,-0.081207,-0.075292,NAM,940290
32053231,155,9911,2010,22542.0,1119959.0,-0.49860299999999996,-0.6728529999999999,NAM,940290
32053232,155,9911,2011,208697.0,1195173.0,-0.42998400000000003,-0.632233,NAM,940290
32053233,155,9911,2012,90104.0,1181928.0,-0.232079,-0.32721300000000003,NAM,940290
32053234,155,9911,2013,245866.0,1345357.0,-0.308643,-0.480617,NAM,940290
32053235,155,9911,2014,75037.0,2535960.0,-0.428227,-0.5632229999999999,NAM,940290
32053236,155,9911,2015,37535.0,2427702.0,-0.43457399999999996,-0.665655,NAM,940290
32053237,155,9911,2016,5156.0,979981.0,-0.6256689999999999,-0.8612219999999999,NAM,940290
32053238,155,9911,2017,15735.0,794822.0,-0.5221060000000001,-0.7365079999999999,NAM,940290
32053239,155,9911,2018,28569.0,679240.0,-0.668091,-0.779938,NAM,940290
32053240,155,9911,2019,48350.0,613841.0,-0.545575,-0.744274,NAM,940290
32053241,155,9911,2020,97596.0,1215486.0,-0.664967,-0.74835,NAM,940290
32053242,156,9911,1995,0.0,461800.0,-1.326035,-0.826058,NCL,940290
32053243,156,9911,1996,0.0,705947.0,-0.951583,-0.785157,NCL,940290
32053244,156,9911,1997,0.0,355004.0,-0.9234049999999999,-0.8851110000000001,NCL,940290
32053245,156,9911,1998,0.0,641767.0,-0.846726,-0.879084,NCL,940290
32053246,156,9911,1999,0.0,376627.0,-0.079579,-0.777079,NCL,940290
32053247,156,9911,2000,3205.0,678776.0,0.034618,-0.7699729999999999,NCL,940290
32053248,156,9911,2001,1501.0,575690.0,-0.837087,-0.9207040000000001,NCL,940290
32053249,156,9911,2002,1867.0,600311.0,-0.292646,-0.823263,NCL,940290
32053250,156,9911,2003,11565.0,422909.0,-0.344934,-0.776632,NCL,940290
32053251,156,9911,2004,858.0,742631.0,-0.49824700000000005,-0.8284239999999999,NCL,940290
32053252,156,9911,2005,12281.0,771849.0,0.08313200000000001,-0.691012,NCL,940290
32053253,156,9911,2006,5415.0,792605.0,-0.135099,-0.7618779999999999,NCL,940290
32053254,156,9911,2007,6116.0,884712.0,-0.075892,-0.8211430000000001,NCL,940290
32053255,156,9911,2008,10124.0,1129118.0,-0.21304099999999998,-0.8147300000000001,NCL,940290
32053256,156,9911,2009,498035.0,972336.0,1.323528,0.523435,NCL,940290
32053257,156,9911,2010,16054.0,1440085.0,-0.42193500000000006,-0.8256610000000001,NCL,940290
32053258,156,9911,2011,9295.0,1673778.0,-0.976349,-0.798691,NCL,940290
32053259,156,9911,2012,11258.0,1482632.0,-0.635354,-0.777234,NCL,940290
32053260,156,9911,2013,27861.0,1605377.0,-0.136052,-0.703913,NCL,940290
32053261,156,9911,2014,9471.0,2783465.0,-0.509789,-0.767484,NCL,940290
32053262,156,9911,2015,107058.0,1866347.0,-0.727911,-0.844562,NCL,940290
32053263,156,9911,2016,0.0,4117838.0,-0.9910389999999999,-0.9463940000000001,NCL,940290
32053264,156,9911,2017,4909.0,1512626.0,-0.38216100000000003,-0.8662549999999999,NCL,940290
32053265,156,9911,2018,0.0,3255237.0,-0.49370299999999995,-0.865432,NCL,940290
32053266,156,9911,2019,0.0,1108053.0,-0.342544,-0.867944,NCL,940290
32053267,156,9911,2020,0.0,1301750.0,-0.666664,-0.88528,NCL,940290
32053268,157,9911,1995,0.0,70493.0,-0.288248,-0.592174,NER,940290
32053269,157,9911,1996,0.0,49323.0,-0.594771,-0.643008,NER,940290
32053270,157,9911,1997,0.0,500948.0,-0.322358,-0.63647,NER,940290
32053271,157,9911,1998,0.0,76270.0,-0.373314,-0.592306,NER,940290
32053272,157,9911,1999,0.0,55759.0,-0.539842,-0.762977,NER,940290
32053273,157,9911,2000,3597.0,47334.0,-0.7289680000000001,-0.6210100000000001,NER,940290
32053274,157,9911,2001,0.0,242339.0,-0.22368600000000002,-0.464156,NER,940290
32053275,157,9911,2002,32246.0,260512.0,-0.344562,-0.304996,NER,940290
32053276,157,9911,2003,2999.0,276056.0,-0.199296,-0.578264,NER,940290
32053277,157,9911,2004,0.0,224056.0,-0.8203799999999999,-0.7488,NER,940290
32053278,157,9911,2005,6314.0,124364.0,-0.32664299999999996,-0.619282,NER,940290
32053279,157,9911,2006,1194.0,140905.0,-0.554188,-0.708255,NER,940290
32053280,157,9911,2007,8813.0,218041.0,-0.287155,-0.577325,NER,940290
32053281,157,9911,2008,12064.0,180987.0,-0.677687,-0.75195,NER,940290
32053282,157,9911,2009,878.0,349465.0,-1.306036,-0.956361,NER,940290
32053283,157,9911,2010,891.0,109854.0,-0.829902,-0.826152,NER,940290
32053284,157,9911,2011,4217.0,83247.0,-0.85208,-0.731996,NER,940290
32053285,157,9911,2012,0.0,286359.0,-1.165676,-1.099113,NER,940290
32053286,157,9911,2013,20635.0,570842.0,-1.268738,-0.942256,NER,940290
32053287,157,9911,2014,0.0,303537.0,-0.7187,-0.80918,NER,940290
32053288,157,9911,2015,99.0,183954.0,-1.517292,-1.033891,NER,940290
32053289,157,9911,2016,0.0,1123156.0,-0.973057,-0.953672,NER,940290
32053290,157,9911,2017,0.0,910565.0,-1.250156,-0.995524,NER,940290
32053291,157,9911,2018,38812.0,793473.0,-0.633115,-0.839564,NER,940290
32053292,157,9911,2019,0.0,279210.0,-0.345047,-0.792769,NER,940290
32053293,157,9911,2020,6899.0,380991.0,-0.62888,-0.841089,NER,940290
32053294,158,9911,1995,,,0.948257,-0.678177,NFK,940290
32053295,158,9911,1996,0.0,4214.0,1.297072,-0.45753299999999997,NFK,940290
32053296,158,9911,1997,0.0,30061.0,1.619319,-0.457125,NFK,940290
32053297,158,9911,1998,0.0,28014.0,1.6548900000000002,-0.5112909999999999,NFK,940290
32053298,158,9911,1999,0.0,3709.0,1.1976440000000002,-0.623572,NFK,940290
32053299,158,9911,2000,0.0,1299.0,1.0535700000000001,-0.666038,NFK,940290
32053300,158,9911,2001,0.0,3951.0,2.1737040000000003,-0.5512100000000001,NFK,940290
32053301,158,9911,2002,,,1.214412,-0.5921069999999999,NFK,940290
32053302,158,9911,2003,0.0,1575.0,1.017142,-0.5294270000000001,NFK,940290
32053303,158,9911,2004,0.0,35559.0,0.664846,-0.649984,NFK,940290
32053304,158,9911,2005,0.0,13182.0,0.695512,-0.657586,NFK,940290
32053305,158,9911,2006,0.0,14157.0,1.120544,-0.538618,NFK,940290
32053306,158,9911,2007,0.0,15560.0,0.775683,-0.48603599999999997,NFK,940290
32053307,158,9911,2008,0.0,5415.0,1.292582,-0.234738,NFK,940290
32053308,158,9911,2009,0.0,10772.0,1.412664,-0.299607,NFK,940290
32053309,158,9911,2010,0.0,59281.0,1.059751,-0.570033,NFK,940290
32053310,158,9911,2011,0.0,49096.0,1.0037200000000002,-0.348081,NFK,940290
32053311,158,9911,2012,0.0,4033.0,1.212201,-0.237969,NFK,940290
32053312,158,9911,2013,0.0,7800.0,1.418466,-0.181551,NFK,940290
32053313,158,9911,2014,0.0,7862.0,1.384862,-0.391489,NFK,940290
32053314,158,9911,2015,0.0,6172.0,1.33274,-0.37342600000000004,NFK,940290
32053315,158,9911,2016,0.0,16187.0,1.0897629999999998,-0.539247,NFK,940290
32053316,158,9911,2017,0.0,26346.0,1.358179,-0.37159699999999996,NFK,940290
32053317,158,9911,2018,0.0,11460.0,1.4067209999999999,-0.487275,NFK,940290
32053318,158,9911,2019,0.0,21186.0,0.92635,-0.31332,NFK,940290
32053319,158,9911,2020,0.0,43356.0,1.107522,-0.477454,NFK,940290
32053320,159,9911,1995,1791.0,155140.0,-2.108206,-1.2017520000000002,NGA,940290
32053321,159,9911,1996,21838.0,1083813.0,-1.813359,-1.1967,NGA,940290
32053322,159,9911,1997,0.0,622406.0,-1.615102,-1.129541,NGA,940290
32053323,159,9911,1998,0.0,295911.0,-1.484229,-1.144092,NGA,940290
32053324,159,9911,1999,0.0,2159174.0,-1.9312080000000003,-1.279733,NGA,940290
32053325,159,9911,2000,1707.0,585954.0,-2.164663,-1.257723,NGA,940290
32053326,159,9911,2001,0.0,3225882.0,-1.966439,-1.2724520000000001,NGA,940290
32053327,159,9911,2002,1588.0,371022.0,-1.8315700000000001,-1.25171,NGA,940290
32053328,159,9911,2003,0.0,717068.0,-1.859176,-1.234236,NGA,940290
32053329,159,9911,2004,0.0,4029175.0,-2.413432,-1.3033190000000001,NGA,940290
32053330,159,9911,2005,0.0,3370547.0,-2.359834,-1.2772219999999999,NGA,940290
32053331,159,9911,2006,0.0,4847944.0,-2.094353,-1.215025,NGA,940290
32053332,159,9911,2007,85663.0,6836500.0,-1.746879,-1.20823,NGA,940290
32053333,159,9911,2008,281244.0,6032022.0,-1.9809139999999998,-1.189201,NGA,940290
32053334,159,9911,2009,3397.0,10059493.0,-1.584051,-1.156247,NGA,940290
32053335,159,9911,2010,4305.0,9222414.0,-1.887084,-1.2280229999999999,NGA,940290
32053336,159,9911,2011,428282.0,7647816.0,-1.699286,-1.15511,NGA,940290
32053337,159,9911,2012,5026.0,9719202.0,-1.760488,-1.201048,NGA,940290
32053338,159,9911,2013,7910.0,8731668.0,-1.745783,-1.1356680000000001,NGA,940290
32053339,159,9911,2014,17709.0,8735351.0,-1.2126430000000001,-1.059697,NGA,940290
32053340,159,9911,2015,10281.0,6385213.0,-1.415451,-1.157829,NGA,940290
32053341,159,9911,2016,15094.0,7756212.0,-1.835357,-1.286597,NGA,940290
32053342,159,9911,2017,90933.0,6834737.0,-1.8260919999999998,-1.276591,NGA,940290
32053343,159,9911,2018,15652.0,4162118.0,-1.8238,-1.259938,NGA,940290
32053344,159,9911,2019,7171.0,6628904.0,-1.7383970000000002,-1.220333,NGA,940290
32053345,159,9911,2020,20083.0,8897584.0,-1.6399299999999999,-1.19536,NGA,940290
32053346,160,9911,1995,5068.0,258701.0,-0.395096,-0.559934,NIC,940290
32053347,160,9911,1996,948.0,1222344.0,-0.767799,-0.737816,NIC,940290
32053348,160,9911,1997,1042.0,639161.0,-0.8090109999999999,-0.783853,NIC,940290
32053349,160,9911,1998,1225.0,1380979.0,-0.8012199999999999,-0.749159,NIC,940290
32053350,160,9911,1999,0.0,350259.0,-0.677654,-0.72253,NIC,940290
32053351,160,9911,2000,10446.0,234190.0,-0.8339270000000001,-0.6658689999999999,NIC,940290
32053352,160,9911,2001,0.0,1524672.0,-0.8917430000000001,-0.713179,NIC,940290
32053353,160,9911,2002,0.0,694495.0,-0.677398,-0.564472,NIC,940290
32053354,160,9911,2003,0.0,693802.0,-0.8661459999999999,-0.8661690000000001,NIC,940290
32053355,160,9911,2004,0.0,1261589.0,-0.9789479999999999,-0.8374219999999999,NIC,940290
32053356,160,9911,2005,5314.0,315224.0,-1.038332,-0.922797,NIC,940290
32053357,160,9911,2006,0.0,581295.0,-0.998825,-0.893867,NIC,940290
32053358,160,9911,2007,1034.0,484872.0,-0.924162,-0.857508,NIC,940290
32053359,160,9911,2008,8961.0,1185327.0,-0.869193,-0.676623,NIC,940290
32053360,160,9911,2009,0.0,623711.0,-0.924057,-0.809557,NIC,940290
32053361,160,9911,2010,34820.0,548314.0,-0.9387409999999999,-0.8119569999999999,NIC,940290
32053362,160,9911,2011,3901.0,595507.0,-0.9592139999999999,-0.796108,NIC,940290
32053363,160,9911,2012,0.0,645910.0,-0.754724,-0.668629,NIC,940290
32053364,160,9911,2013,0.0,382894.0,-0.9277,-0.6842630000000001,NIC,940290
32053365,160,9911,2014,0.0,2254318.0,-0.938269,-0.839066,NIC,940290
32053366,160,9911,2015,10080.0,1552025.0,-1.102989,-0.952276,NIC,940290
32053367,160,9911,2016,5973.0,1289759.0,-1.0387389999999999,-0.998977,NIC,940290
32053368,160,9911,2017,0.0,1921442.0,-1.0502280000000002,-0.8817719999999999,NIC,940290
32053369,160,9911,2018,17935.0,688478.0,-0.887282,-0.827008,NIC,940290
32053370,160,9911,2019,18629.0,944514.0,-1.058553,-0.854482,NIC,940290
32053371,160,9911,2020,0.0,451787.0,-0.9128809999999999,-0.746636,NIC,940290
32053372,161,9911,1995,0.0,1069.0,0.8622989999999999,-0.461028,NIU,940290
32053373,161,9911,1996,,,0.934731,-0.41833100000000006,NIU,940290
32053374,161,9911,1997,,,0.588501,-0.655092,NIU,940290
32053375,161,9911,1998,0.0,8632.0,-0.123806,-0.770129,NIU,940290
32053376,161,9911,1999,,,0.18219100000000002,-0.6904239999999999,NIU,940290
32053377,161,9911,2000,0.0,6121.0,0.905705,-0.29473299999999997,NIU,940290
32053378,161,9911,2001,0.0,15593.0,0.8420120000000001,-0.40183,NIU,940290
32053379,161,9911,2002,0.0,1389.0,0.5417350000000001,-0.645461,NIU,940290
32053380,161,9911,2003,,,0.746075,-0.557872,NIU,940290
32053381,161,9911,2004,,,1.150507,-0.508379,NIU,940290
32053382,161,9911,2005,0.0,33412.0,0.745304,-0.538337,NIU,940290
32053383,161,9911,2006,,,1.172511,-0.21281799999999998,NIU,940290
32053384,161,9911,2007,0.0,1116.0,0.8204540000000001,-0.403953,NIU,940290
32053385,161,9911,2008,,,1.290661,-0.060131,NIU,940290
32053386,161,9911,2009,,,1.305372,0.063123,NIU,940290
32053387,161,9911,2010,0.0,1174.0,1.2255610000000001,-0.687604,NIU,940290
32053388,161,9911,2011,,,1.469768,0.034852999999999995,NIU,940290
32053389,161,9911,2012,,,1.176703,-0.127122,NIU,940290
32053390,161,9911,2013,0.0,2498.0,1.901559,-0.039522,NIU,940290
32053391,161,9911,2014,0.0,2585.0,1.624556,0.065342,NIU,940290
32053392,161,9911,2015,0.0,2532.0,1.7121400000000002,-0.072287,NIU,940290
32053393,161,9911,2016,0.0,5026.0,1.666675,-0.198755,NIU,940290
32053394,161,9911,2017,0.0,2146.0,0.436779,-0.758359,NIU,940290
32053395,161,9911,2018,,,0.9669469999999999,-0.851692,NIU,940290
32053396,161,9911,2019,,,1.3109819999999999,-0.730798,NIU,940290
32053397,161,9911,2020,,,-0.028386,-0.8818799999999999,NIU,940290
32053398,162,9911,1995,31234215.0,31308208.0,1.304391,1.8819119999999998,NLD,940290
32053399,162,9911,1996,31828948.0,37979138.0,1.256625,1.803132,NLD,940290
32053400,162,9911,1997,18547853.0,34004156.0,1.267794,1.727888,NLD,940290
32053401,162,9911,1998,15437387.0,31212730.0,1.248469,1.683182,NLD,940290
32053402,162,9911,1999,20354886.0,36060124.0,1.308776,1.574293,NLD,940290
32053403,162,9911,2000,19508836.0,34625395.0,1.283291,1.58901,NLD,940290
32053404,162,9911,2001,23997833.0,38094942.0,1.315685,1.590935,NLD,940290
32053405,162,9911,2002,26691076.0,61394269.0,1.206176,1.7136360000000002,NLD,940290
32053406,162,9911,2003,37648412.0,59980894.0,1.168453,1.7085709999999998,NLD,940290
32053407,162,9911,2004,37711670.0,69716449.0,1.251808,1.586526,NLD,940290
32053408,162,9911,2005,41192177.0,88176388.0,1.143533,1.614774,NLD,940290
32053409,162,9911,2006,43582254.0,91711761.0,1.192134,1.450852,NLD,940290
32053410,162,9911,2007,41542832.0,84704087.0,1.089169,1.589641,NLD,940290
32053411,162,9911,2008,49144750.0,139032164.0,1.139475,1.385316,NLD,940290
32053412,162,9911,2009,50732557.0,82317993.0,1.1914850000000001,1.3076780000000001,NLD,940290
32053413,162,9911,2010,59746366.0,120053357.0,1.237998,1.1891209999999999,NLD,940290
32053414,162,9911,2011,69721962.0,97092226.0,1.1655229999999999,1.410167,NLD,940290
32053415,162,9911,2012,81154643.0,91760636.0,1.124582,1.374002,NLD,940290
32053416,162,9911,2013,80920345.0,99780972.0,1.184107,1.249557,NLD,940290
32053417,162,9911,2014,88032169.0,117238730.0,1.179325,1.355071,NLD,940290
32053418,162,9911,2015,73335307.0,98565141.0,1.230104,1.27344,NLD,940290
32053419,162,9911,2016,87300213.0,117115659.0,1.157361,1.5188540000000001,NLD,940290
32053420,162,9911,2017,83882716.0,124235643.0,1.146959,1.470869,NLD,940290
32053421,162,9911,2018,119174162.0,147585626.0,1.1478899999999999,1.454758,NLD,940290
32053422,162,9911,2019,102287543.0,143657461.0,1.145044,1.3523530000000001,NLD,940290
32053423,162,9911,2020,132153226.0,154266607.0,1.035951,1.559401,NLD,940290
32053424,163,9911,1995,7299003.0,13929335.0,1.019741,0.394241,NOR,940290
32053425,163,9911,1996,3603888.0,14242698.0,1.204869,0.303062,NOR,940290
32053426,163,9911,1997,2778648.0,15409649.0,1.003945,0.188826,NOR,940290
32053427,163,9911,1998,2988253.0,17049605.0,1.1660190000000001,0.43901899999999994,NOR,940290
32053428,163,9911,1999,2231845.0,15971796.0,1.1012959999999998,0.240184,NOR,940290
32053429,163,9911,2000,2302503.0,12405120.0,0.988346,0.046556,NOR,940290
32053430,163,9911,2001,2317552.0,13064623.0,0.974814,0.06512000000000001,NOR,940290
32053431,163,9911,2002,3229080.0,17268054.0,1.110882,0.17164100000000002,NOR,940290
32053432,163,9911,2003,3671111.0,22752010.0,1.1500620000000001,0.258554,NOR,940290
32053433,163,9911,2004,7908914.0,24691878.0,1.10162,0.118709,NOR,940290
32053434,163,9911,2005,5931187.0,25578021.0,1.0581530000000001,0.038369,NOR,940290
32053435,163,9911,2006,6336180.0,29489139.0,1.0787930000000001,0.014051,NOR,940290
32053436,163,9911,2007,7231991.0,32552941.0,0.9829100000000001,0.100995,NOR,940290
32053437,163,9911,2008,8314495.0,41715271.0,0.911428,-0.019318000000000002,NOR,940290
32053438,163,9911,2009,6376251.0,27749385.0,0.865455,0.082808,NOR,940290
32053439,163,9911,2010,4620987.0,24004097.0,0.865676,0.138757,NOR,940290
32053440,163,9911,2011,6564792.0,29249691.0,0.8492770000000001,0.050044,NOR,940290
32053441,163,9911,2012,5560068.0,33636719.0,0.8613049999999999,0.12626800000000002,NOR,940290
32053442,163,9911,2013,6093683.0,35686139.0,0.892099,0.18168399999999998,NOR,940290
32053443,163,9911,2014,6057439.0,41767399.0,0.9187049999999999,0.182685,NOR,940290
32053444,163,9911,2015,6189153.0,33558921.0,0.950708,0.314339,NOR,940290
32053445,163,9911,2016,4196050.0,30422494.0,0.89891,0.297673,NOR,940290
32053446,163,9911,2017,4214100.0,34647890.0,0.73658,0.11450199999999999,NOR,940290
32053447,163,9911,2018,3974427.0,34364780.0,0.681639,0.021762,NOR,940290
32053448,163,9911,2019,4005524.0,38461290.0,0.6957300000000001,0.181607,NOR,940290
32053449,163,9911,2020,8662580.0,45235180.0,0.793459,0.369766,NOR,940290
32053450,164,9911,1995,0.0,9454.0,-0.779984,-0.7621479999999999,NPL,940290
32053451,164,9911,1996,0.0,26180.0,-0.7390100000000001,-0.647903,NPL,940290
32053452,164,9911,1997,0.0,91759.0,-0.559546,-0.358545,NPL,940290
32053453,164,9911,1998,0.0,88822.0,-0.634124,-0.279031,NPL,940290
32053454,164,9911,1999,3507.0,20986.0,-0.421433,0.24781799999999998,NPL,940290
32053455,164,9911,2000,0.0,46066.0,-0.395304,0.104966,NPL,940290
32053456,164,9911,2001,0.0,44603.0,-0.483749,-0.008754999999999999,NPL,940290
32053457,164,9911,2002,0.0,101443.0,-0.216428,0.44377700000000003,NPL,940290
32053458,164,9911,2003,0.0,32229.0,-0.26353899999999997,1.351717,NPL,940290
32053459,164,9911,2004,0.0,96325.0,-0.323954,0.5528,NPL,940290
32053460,164,9911,2005,0.0,159890.0,-0.347515,0.630102,NPL,940290
32053461,164,9911,2006,0.0,220858.0,-0.29672600000000005,0.665077,NPL,940290
32053462,164,9911,2007,0.0,376131.0,-0.274255,0.513961,NPL,940290
32053463,164,9911,2008,0.0,372400.0,-0.130718,0.59102,NPL,940290
32053464,164,9911,2009,0.0,375903.0,-0.324434,1.076908,NPL,940290
32053465,164,9911,2010,23010.0,878202.0,-0.23753400000000002,0.7957390000000001,NPL,940290
32053466,164,9911,2011,0.0,768723.0,-0.242299,0.801966,NPL,940290
32053467,164,9911,2012,0.0,1274208.0,-0.146732,0.7988310000000001,NPL,940290
32053468,164,9911,2013,0.0,1075644.0,-0.293669,0.677365,NPL,940290
32053469,164,9911,2014,0.0,1813015.0,-0.11988199999999999,0.655883,NPL,940290
32053470,164,9911,2015,0.0,1173152.0,-0.290416,0.456716,NPL,940290
32053471,164,9911,2016,12917.0,1845062.0,-0.37595500000000004,0.475239,NPL,940290
32053472,164,9911,2017,0.0,2034950.0,-0.319681,0.5788220000000001,NPL,940290
32053473,164,9911,2018,26522.0,2212206.0,-0.252837,0.999258,NPL,940290
32053474,164,9911,2019,0.0,2732661.0,-0.23868000000000003,0.42732299999999995,NPL,940290
32053475,164,9911,2020,0.0,3628647.0,-0.22803299999999999,0.25111,NPL,940290
32053476,165,9911,1995,0.0,7228.0,0.9604870000000001,-0.513994,NRU,940290
32053477,165,9911,1996,0.0,1958.0,1.24021,-0.442279,NRU,940290
32053478,165,9911,1997,,,1.1610610000000001,-0.485941,NRU,940290
32053479,165,9911,1998,,,0.7830060000000001,-0.49654,NRU,940290
32053480,165,9911,1999,,,0.400977,-0.643049,NRU,940290
32053481,165,9911,2000,,,1.1900190000000002,-0.449799,NRU,940290
32053482,165,9911,2001,,,1.164324,-0.11804200000000001,NRU,940290
32053483,165,9911,2002,,,0.8975049999999999,-0.494882,NRU,940290
32053484,165,9911,2003,,,0.6127199999999999,-0.304759,NRU,940290
32053485,165,9911,2004,,,1.37799,-0.36241599999999996,NRU,940290
32053486,165,9911,2005,0.0,11416.0,1.335741,-0.071855,NRU,940290
32053487,165,9911,2006,,,1.092365,-0.03394,NRU,940290
32053488,165,9911,2007,,,0.919574,-0.327637,NRU,940290
32053489,165,9911,2008,,,0.538959,-0.74048,NRU,940290
32053490,165,9911,2009,0.0,69950.0,0.721114,-0.581005,NRU,940290
32053491,165,9911,2010,3811.0,0.0,0.350571,-0.732316,NRU,940290
32053492,165,9911,2011,0.0,28839.0,0.548569,-0.513296,NRU,940290
32053493,165,9911,2012,0.0,32479.0,0.6183569999999999,-0.575687,NRU,940290
32053494,165,9911,2013,0.0,1655.0,0.8494780000000001,-0.587259,NRU,940290
32053495,165,9911,2014,0.0,13034.0,1.215503,-0.37847,NRU,940290
32053496,165,9911,2015,0.0,25128.0,1.27283,-0.30019,NRU,940290
32053497,165,9911,2016,1539.0,136482.0,0.661876,-0.355951,NRU,940290
32053498,165,9911,2017,1957.0,0.0,0.963425,-0.06901499999999999,NRU,940290
32053499,165,9911,2018,0.0,18301.0,0.8769610000000001,-0.095779,NRU,940290
32053500,165,9911,2019,,,0.726887,-0.407936,NRU,940290
32053501,165,9911,2020,0.0,35865.0,1.062876,-0.723853,NRU,940290
32053502,166,9911,1995,452378.0,1352711.0,0.5558270000000001,0.773271,NZL,940290
32053503,166,9911,1996,791570.0,2106482.0,0.49466099999999996,0.8302879999999999,NZL,940290
32053504,166,9911,1997,831724.0,2537108.0,0.557545,0.731294,NZL,940290
32053505,166,9911,1998,557743.0,2018740.0,0.5690529999999999,0.7752060000000001,NZL,940290
32053506,166,9911,1999,630216.0,2427872.0,0.592051,0.780176,NZL,940290
32053507,166,9911,2000,925310.0,2174200.0,0.552858,0.8281129999999999,NZL,940290
32053508,166,9911,2001,1158984.0,2109806.0,0.521409,0.683134,NZL,940290
32053509,166,9911,2002,1484251.0,2949729.0,0.542585,0.854243,NZL,940290
32053510,166,9911,2003,1995317.0,3699436.0,0.589619,0.997301,NZL,940290
32053511,166,9911,2004,1584874.0,5216816.0,0.567392,0.965781,NZL,940290
32053512,166,9911,2005,2518002.0,6083068.0,0.623822,0.825528,NZL,940290
32053513,166,9911,2006,3241239.0,5934506.0,0.5371,0.8240209999999999,NZL,940290
32053514,166,9911,2007,4449435.0,7108762.0,0.495938,0.845825,NZL,940290
32053515,166,9911,2008,3057538.0,8453153.0,0.513416,0.753058,NZL,940290
32053516,166,9911,2009,3133408.0,7159497.0,0.38301999999999997,0.720644,NZL,940290
32053517,166,9911,2010,3600317.0,8213072.0,0.36828299999999997,0.574574,NZL,940290
32053518,166,9911,2011,6231849.0,8655989.0,0.372732,0.548601,NZL,940290
32053519,166,9911,2012,5128151.0,8347579.0,0.410575,0.714584,NZL,940290
32053520,166,9911,2013,5375351.0,10428647.0,0.3345,0.39063000000000003,NZL,940290
32053521,166,9911,2014,5790273.0,10480622.0,0.272502,0.21628699999999998,NZL,940290
32053522,166,9911,2015,5988919.0,10910221.0,0.224598,0.253179,NZL,940290
32053523,166,9911,2016,4310138.0,12049277.0,0.236556,0.252918,NZL,940290
32053524,166,9911,2017,4927894.0,12331883.0,0.25651199999999996,0.132996,NZL,940290
32053525,166,9911,2018,5462850.0,13944911.0,0.21902600000000003,0.148714,NZL,940290
32053526,166,9911,2019,7380510.0,14790334.0,0.119281,0.039036,NZL,940290
32053527,166,9911,2020,11243471.0,13235373.0,0.145567,0.070121,NZL,940290
32053528,167,9911,1995,0.0,591137.0,-0.328853,-0.946069,OMN,940290
32053529,167,9911,1996,12044.0,594020.0,-0.10243499999999998,-0.8425879999999999,OMN,940290
32053530,167,9911,1997,0.0,2037546.0,-0.335834,-0.945859,OMN,940290
32053531,167,9911,1998,7017.0,946673.0,-0.38848499999999997,-0.898559,OMN,940290
32053532,167,9911,1999,919.0,511121.0,-0.6801510000000001,-1.146403,OMN,940290
32053533,167,9911,2000,17557.0,1919018.0,-1.0104549999999999,-1.185999,OMN,940290
32053534,167,9911,2001,1381.0,676929.0,-0.909329,-1.189698,OMN,940290
32053535,167,9911,2002,3804.0,809283.0,-1.238769,-1.225841,OMN,940290
32053536,167,9911,2003,0.0,749849.0,-1.434873,-1.188123,OMN,940290
32053537,167,9911,2004,7729.0,1827593.0,-0.62946,-1.108933,OMN,940290
32053538,167,9911,2005,2727.0,1495357.0,-0.384571,-1.068743,OMN,940290
32053539,167,9911,2006,37605.0,1532808.0,-0.6373989999999999,-1.092554,OMN,940290
32053540,167,9911,2007,65714.0,1886669.0,-0.5185310000000001,-1.071832,OMN,940290
32053541,167,9911,2008,113516.0,2520877.0,-0.635199,-1.027136,OMN,940290
32053542,167,9911,2009,95998.0,3023882.0,-0.691918,-1.015434,OMN,940290
32053543,167,9911,2010,55332.0,2519944.0,-0.487612,-0.9551379999999999,OMN,940290
32053544,167,9911,2011,37032.0,3668814.0,-0.473703,-0.952491,OMN,940290
32053545,167,9911,2012,1878382.0,4300986.0,-0.869576,-1.1086850000000001,OMN,940290
32053546,167,9911,2013,114783.0,6139698.0,-0.604175,-1.0463209999999998,OMN,940290
32053547,167,9911,2014,70975.0,9229893.0,-0.505129,-1.0051370000000002,OMN,940290
32053548,167,9911,2015,153584.0,6970499.0,-0.4699,-1.00451,OMN,940290
32053549,167,9911,2016,94017.0,3009939.0,-0.334782,-0.9107190000000001,OMN,940290
32053550,167,9911,2017,171374.0,4743119.0,-0.347684,-0.884569,OMN,940290
32053551,167,9911,2018,354337.0,5537829.0,-0.548048,-0.9972989999999999,OMN,940290
32053552,167,9911,2019,724244.0,7760961.0,-0.40120100000000003,-0.881602,OMN,940290
32053553,167,9911,2020,9364.0,8901197.0,-0.251371,-0.8775299999999999,OMN,940290
32053554,168,9911,1995,0.0,547127.0,-0.707965,-0.324784,PAK,940290
32053555,168,9911,1996,39655.0,1358182.0,-0.7543300000000001,-0.393654,PAK,940290
32053556,168,9911,1997,95428.0,1055112.0,-0.882432,-0.563344,PAK,940290
32053557,168,9911,1998,0.0,1342896.0,-0.9008149999999999,-0.448942,PAK,940290
32053558,168,9911,1999,6041.0,511269.0,-1.047891,-0.525612,PAK,940290
32053559,168,9911,2000,20674.0,572607.0,-0.851295,-0.370618,PAK,940290
32053560,168,9911,2001,37259.0,345877.0,-0.8376520000000001,-0.378743,PAK,940290
32053561,168,9911,2002,112541.0,663490.0,-0.877655,-0.322094,PAK,940290
32053562,168,9911,2003,408976.0,917562.0,-0.6659689999999999,0.137924,PAK,940290
32053563,168,9911,2004,425003.0,2145850.0,-0.754143,0.25995100000000004,PAK,940290
32053564,168,9911,2005,383911.0,2849747.0,-0.592542,0.365501,PAK,940290
32053565,168,9911,2006,324099.0,3481288.0,-0.449333,0.563013,PAK,940290
32053566,168,9911,2007,154249.0,4099089.0,-0.5594359999999999,0.47369300000000003,PAK,940290
32053567,168,9911,2008,255441.0,5276261.0,-0.401588,0.500668,PAK,940290
32053568,168,9911,2009,240565.0,7213364.0,-0.514907,0.44733100000000003,PAK,940290
32053569,168,9911,2010,138034.0,3696676.0,-0.692071,0.5409010000000001,PAK,940290
32053570,168,9911,2011,350091.0,4949013.0,-0.729677,0.6026729999999999,PAK,940290
32053571,168,9911,2012,99812.0,8110282.0,-0.633706,0.658617,PAK,940290
32053572,168,9911,2013,315379.0,4974383.0,-0.75727,0.769703,PAK,940290
32053573,168,9911,2014,886382.0,9651065.0,-0.672924,0.566787,PAK,940290
32053574,168,9911,2015,199760.0,9380959.0,-0.7059979999999999,0.73501,PAK,940290
32053575,168,9911,2016,255132.0,7531963.0,-0.7502800000000001,0.545331,PAK,940290
32053576,168,9911,2017,251457.0,18369819.0,-0.698561,0.43523500000000004,PAK,940290
32053577,168,9911,2018,188467.0,15034826.0,-0.64348,0.665045,PAK,940290
32053578,168,9911,2019,213292.0,9891870.0,-0.6909270000000001,0.8651120000000001,PAK,940290
32053579,168,9911,2020,250715.0,6315788.0,-0.52984,0.63654,PAK,940290
32053580,169,9911,1995,4766.0,774987.0,-0.019815,0.050906,PAN,940290
32053581,169,9911,1996,0.0,834606.0,-0.100537,-0.374129,PAN,940290
32053582,169,9911,1997,5140.0,1731202.0,-0.028676999999999998,0.00023999999999999998,PAN,940290
32053583,169,9911,1998,5207.0,985349.0,0.010123,0.5677949999999999,PAN,940290
32053584,169,9911,1999,260838.0,2065945.0,0.126144,0.491986,PAN,940290
32053585,169,9911,2000,389090.0,2583078.0,0.2095,0.525942,PAN,940290
32053586,169,9911,2001,124402.0,1777063.0,0.17588199999999998,0.422505,PAN,940290
32053587,169,9911,2002,18069.0,1264451.0,0.134759,0.234258,PAN,940290
32053588,169,9911,2003,14044.0,1213012.0,-0.050386,-0.039619999999999995,PAN,940290
32053589,169,9911,2004,24131.0,837631.0,-0.011979,0.261315,PAN,940290
32053590,169,9911,2005,47493.0,1046311.0,-0.166943,0.212196,PAN,940290
32053591,169,9911,2006,235029.0,893936.0,0.306664,0.638533,PAN,940290
32053592,169,9911,2007,387730.0,1183243.0,0.36233899999999997,0.807669,PAN,940290
32053593,169,9911,2008,318280.0,2202761.0,0.470854,0.960075,PAN,940290
32053594,169,9911,2009,389979.0,4490932.0,0.629137,0.5894010000000001,PAN,940290
32053595,169,9911,2010,4746957.0,3771943.0,0.617867,0.903432,PAN,940290
32053596,169,9911,2011,426916.0,4008972.0,0.786135,1.061008,PAN,940290
32053597,169,9911,2012,1215514.0,4663517.0,0.901366,1.245179,PAN,940290
32053598,169,9911,2013,785637.0,4163930.0,0.735637,1.161718,PAN,940290
32053599,169,9911,2014,548508.0,5659860.0,0.771742,0.9873190000000001,PAN,940290
32053600,169,9911,2015,493527.0,4038445.0,0.642058,0.833392,PAN,940290
32053601,169,9911,2016,1253083.0,4112374.0,0.58773,0.654145,PAN,940290
32053602,169,9911,2017,738195.0,5216850.0,0.5520109999999999,0.788181,PAN,940290
32053603,169,9911,2018,38083.0,5570395.0,0.104326,-0.11611800000000001,PAN,940290
32053604,169,9911,2019,27003.0,5861129.0,0.00926,-0.308483,PAN,940290
32053605,169,9911,2020,20748.0,6047587.0,0.590821,0.786784,PAN,940290
32053606,170,9911,1995,,,,,PCI,940290
32053607,170,9911,1996,,,,,PCI,940290
32053608,170,9911,1997,,,,,PCI,940290
32053609,170,9911,1998,,,,,PCI,940290
32053610,170,9911,1999,,,,,PCI,940290
32053611,170,9911,2000,,,,,PCI,940290
32053612,170,9911,2001,,,,,PCI,940290
32053613,170,9911,2002,,,,,PCI,940290
32053614,170,9911,2003,,,,,PCI,940290
32053615,170,9911,2004,,,,,PCI,940290
32053616,170,9911,2005,,,,,PCI,940290
32053617,170,9911,2006,,,,,PCI,940290
32053618,170,9911,2007,,,,,PCI,940290
32053619,170,9911,2008,,,,,PCI,940290
32053620,170,9911,2009,,,,,PCI,940290
32053621,170,9911,2010,,,,,PCI,940290
32053622,170,9911,2011,,,,,PCI,940290
32053623,170,9911,2012,,,,,PCI,940290
32053624,170,9911,2013,,,,,PCI,940290
32053625,170,9911,2014,,,,,PCI,940290
32053626,170,9911,2015,,,,,PCI,940290
32053627,170,9911,2016,,,,,PCI,940290
32053628,170,9911,2017,,,,,PCI,940290
32053629,170,9911,2018,,,,,PCI,940290
32053630,170,9911,2019,,,,,PCI,940290
32053631,170,9911,2020,,,,,PCI,940290
32053632,171,9911,1995,,,0.8489540000000001,-0.613367,PCN,940290
32053633,171,9911,1996,,,-0.660984,-0.738887,PCN,940290
32053634,171,9911,1997,,,0.445329,-0.657316,PCN,940290
32053635,171,9911,1998,,,0.015778,-0.7873220000000001,PCN,940290
32053636,171,9911,1999,,,0.872001,-0.7028310000000001,PCN,940290
32053637,171,9911,2000,,,0.105297,-0.687272,PCN,940290
32053638,171,9911,2001,,,0.108918,-0.732035,PCN,940290
32053639,171,9911,2002,,,0.561805,-0.522701,PCN,940290
32053640,171,9911,2003,,,0.510894,-0.473526,PCN,940290
32053641,171,9911,2004,,,0.462645,-0.671204,PCN,940290
32053642,171,9911,2005,,,0.8136760000000001,-0.553076,PCN,940290
32053643,171,9911,2006,,,-0.305812,-0.816541,PCN,940290
32053644,171,9911,2007,,,0.391111,-0.626695,PCN,940290
32053645,171,9911,2008,,,0.7325659999999999,-0.50798,PCN,940290
32053646,171,9911,2009,,,0.779567,-0.458002,PCN,940290
32053647,171,9911,2010,,,0.18265499999999998,-0.6658,PCN,940290
32053648,171,9911,2011,,,1.28213,0.215827,PCN,940290
32053649,171,9911,2012,,,1.612844,0.40525100000000003,PCN,940290
32053650,171,9911,2013,,,0.8076770000000001,-0.494516,PCN,940290
32053651,171,9911,2014,,,0.98311,-0.45960100000000004,PCN,940290
32053652,171,9911,2015,,,0.114469,-0.7910729999999999,PCN,940290
32053653,171,9911,2016,,,0.7749689999999999,-0.702357,PCN,940290
32053654,171,9911,2017,,,0.517021,-0.688823,PCN,940290
32053655,171,9911,2018,,,0.963227,-0.5059859999999999,PCN,940290
32053656,171,9911,2019,,,0.42944,-0.6689579999999999,PCN,940290
32053657,171,9911,2020,,,0.35777,-0.6678970000000001,PCN,940290
32053658,172,9911,1995,,,,,PCZ,940290
32053659,172,9911,1996,,,,,PCZ,940290
32053660,172,9911,1997,,,,,PCZ,940290
32053661,172,9911,1998,,,,,PCZ,940290
32053662,172,9911,1999,,,,,PCZ,940290
32053663,172,9911,2000,,,,,PCZ,940290
32053664,172,9911,2001,,,,,PCZ,940290
32053665,172,9911,2002,,,,,PCZ,940290
32053666,172,9911,2003,,,,,PCZ,940290
32053667,172,9911,2004,,,,,PCZ,940290
32053668,172,9911,2005,,,,,PCZ,940290
32053669,172,9911,2006,,,,,PCZ,940290
32053670,172,9911,2007,,,,,PCZ,940290
32053671,172,9911,2008,,,,,PCZ,940290
32053672,172,9911,2009,,,,,PCZ,940290
32053673,172,9911,2010,,,,,PCZ,940290
32053674,172,9911,2011,,,,,PCZ,940290
32053675,172,9911,2012,,,,,PCZ,940290
32053676,172,9911,2013,,,,,PCZ,940290
32053677,172,9911,2014,,,,,PCZ,940290
32053678,172,9911,2015,,,,,PCZ,940290
32053679,172,9911,2016,,,,,PCZ,940290
32053680,172,9911,2017,,,,,PCZ,940290
32053681,172,9911,2018,,,,,PCZ,940290
32053682,172,9911,2019,,,,,PCZ,940290
32053683,172,9911,2020,,,,,PCZ,940290
32053684,173,9911,1995,2085.0,1764281.0,-0.263859,-0.21032800000000001,PER,940290
32053685,173,9911,1996,6894.0,2098852.0,-0.43761000000000005,-0.28077399999999997,PER,940290
32053686,173,9911,1997,12531.0,1658893.0,-0.5023880000000001,-0.262563,PER,940290
32053687,173,9911,1998,17815.0,1023801.0,-0.35875300000000004,0.042606,PER,940290
32053688,173,9911,1999,953.0,1666244.0,-0.367489,0.11813399999999999,PER,940290
32053689,173,9911,2000,0.0,2433175.0,-0.297619,0.194724,PER,940290
32053690,173,9911,2001,6371.0,730442.0,-0.345519,0.202623,PER,940290
32053691,173,9911,2002,11547.0,445110.0,-0.6126199999999999,0.085944,PER,940290
32053692,173,9911,2003,5740.0,709440.0,-0.48627,0.371354,PER,940290
32053693,173,9911,2004,0.0,817735.0,-0.564244,0.131232,PER,940290
32053694,173,9911,2005,16147.0,1199589.0,-0.518174,0.171262,PER,940290
32053695,173,9911,2006,9910.0,1344947.0,-0.551095,0.044295,PER,940290
32053696,173,9911,2007,49099.0,5221655.0,-0.49716099999999996,0.02556,PER,940290
32053697,173,9911,2008,11586.0,2824531.0,-0.518126,0.17193599999999998,PER,940290
32053698,173,9911,2009,29893.0,4066301.0,-0.53304,0.221183,PER,940290
32053699,173,9911,2010,79645.0,4208389.0,-0.650327,0.162321,PER,940290
32053700,173,9911,2011,86005.0,5952247.0,-0.455977,0.442543,PER,940290
32053701,173,9911,2012,10360.0,5358641.0,-0.444821,0.555188,PER,940290
32053702,173,9911,2013,51785.0,11428139.0,-0.573852,0.357977,PER,940290
32053703,173,9911,2014,54891.0,7829247.0,-0.557833,0.611826,PER,940290
32053704,173,9911,2015,111964.0,6289266.0,-0.6007819999999999,0.32152800000000004,PER,940290
32053705,173,9911,2016,10173.0,6794531.0,-0.717529,0.007845999999999999,PER,940290
32053706,173,9911,2017,31206.0,5478406.0,-0.667658,-0.318344,PER,940290
32053707,173,9911,2018,202220.0,7981656.0,-0.6673060000000001,-0.183315,PER,940290
32053708,173,9911,2019,664742.0,8503847.0,-0.76944,-0.216619,PER,940290
32053709,173,9911,2020,339831.0,13912213.0,-0.717014,-0.152142,PER,940290
32053710,174,9911,1995,5275.0,1474297.0,-0.480548,0.076564,PHL,940290
32053711,174,9911,1996,20479.0,1741222.0,-0.276548,0.344986,PHL,940290
32053712,174,9911,1997,28882.0,2982913.0,-0.24310900000000002,0.085784,PHL,940290
32053713,174,9911,1998,8483.0,1316548.0,-0.262725,-0.075781,PHL,940290
32053714,174,9911,1999,9943.0,1583936.0,-0.401903,-0.333408,PHL,940290
32053715,174,9911,2000,20276.0,3054639.0,-0.279447,-0.329073,PHL,940290
32053716,174,9911,2001,32739.0,2735313.0,-0.028201,-0.112349,PHL,940290
32053717,174,9911,2002,50405.0,1867196.0,0.055439999999999996,-0.179809,PHL,940290
32053718,174,9911,2003,72046.0,916316.0,-0.065022,-0.195144,PHL,940290
32053719,174,9911,2004,68615.0,1899631.0,-0.076709,-0.149006,PHL,940290
32053720,174,9911,2005,297344.0,1800781.0,-0.038225999999999996,-0.057957,PHL,940290
32053721,174,9911,2006,670211.0,2063991.0,0.161994,0.036631,PHL,940290
32053722,174,9911,2007,389633.0,3128156.0,0.032117,-0.16600499999999999,PHL,940290
32053723,174,9911,2008,596513.0,4844532.0,0.276488,-0.02957,PHL,940290
32053724,174,9911,2009,303188.0,5276127.0,0.34318000000000004,0.095375,PHL,940290
32053725,174,9911,2010,19769.0,6320884.0,0.40418899999999996,0.102497,PHL,940290
32053726,174,9911,2011,308383.0,7375822.0,0.364707,0.322626,PHL,940290
32053727,174,9911,2012,263240.0,10517685.0,0.388785,0.465275,PHL,940290
32053728,174,9911,2013,654080.0,13645012.0,0.507868,0.355403,PHL,940290
32053729,174,9911,2014,4592022.0,14844060.0,0.637442,0.475883,PHL,940290
32053730,174,9911,2015,111639.0,12451611.0,0.6406270000000001,0.45770200000000005,PHL,940290
32053731,174,9911,2016,78080.0,16584744.0,0.619343,0.303981,PHL,940290
32053732,174,9911,2017,1555365.0,16188383.0,0.657759,0.170061,PHL,940290
32053733,174,9911,2018,45875.0,16892309.0,0.781409,0.22126700000000002,PHL,940290
32053734,174,9911,2019,130440.0,19101994.0,0.762884,0.3318,PHL,940290
32053735,174,9911,2020,17409.0,18748998.0,0.755786,0.24693,PHL,940290
32053736,175,9911,1995,0.0,3837.0,-0.7866810000000001,-0.810771,PLW,940290
32053737,175,9911,1996,,,-0.095965,-0.703808,PLW,940290
32053738,175,9911,1997,,,-0.771472,-0.891301,PLW,940290
32053739,175,9911,1998,,,-0.959525,-0.9131739999999999,PLW,940290
32053740,175,9911,1999,0.0,3785.0,-1.269639,-1.0196610000000002,PLW,940290
32053741,175,9911,2000,,,-1.173103,-1.006145,PLW,940290
32053742,175,9911,2001,,,-1.194157,-0.9768700000000001,PLW,940290
32053743,175,9911,2002,,,-1.4882389999999999,-0.995626,PLW,940290
32053744,175,9911,2003,,,-0.478426,-0.85765,PLW,940290
32053745,175,9911,2004,0.0,15572.0,-0.047021,-0.841942,PLW,940290
32053746,175,9911,2005,,,0.225894,-0.786127,PLW,940290
32053747,175,9911,2006,,,-0.6016520000000001,-0.849938,PLW,940290
32053748,175,9911,2007,0.0,22122.0,-0.514012,-0.878468,PLW,940290
32053749,175,9911,2008,0.0,9269.0,0.25725,-0.797149,PLW,940290
32053750,175,9911,2009,0.0,12060.0,0.408333,-0.826412,PLW,940290
32053751,175,9911,2010,0.0,3946.0,-0.32681,-0.885127,PLW,940290
32053752,175,9911,2011,0.0,8115.0,-0.026091000000000003,-0.753837,PLW,940290
32053753,175,9911,2012,0.0,3413.0,-0.21545100000000003,-0.773588,PLW,940290
32053754,175,9911,2013,0.0,2320.0,0.232127,-0.716653,PLW,940290
32053755,175,9911,2014,0.0,12122.0,0.38879600000000003,-0.532062,PLW,940290
32053756,175,9911,2015,0.0,30227.0,0.353098,-0.590496,PLW,940290
32053757,175,9911,2016,0.0,7888.0,0.707907,-0.531396,PLW,940290
32053758,175,9911,2017,0.0,16053.0,0.6076229999999999,-0.559638,PLW,940290
32053759,175,9911,2018,0.0,8791.0,0.07495,-0.8339719999999999,PLW,940290
32053760,175,9911,2019,0.0,59152.0,0.03565,-0.8227690000000001,PLW,940290
32053761,175,9911,2020,0.0,1106124.0,0.207858,-0.809401,PLW,940290
32053762,176,9911,1995,0.0,88807.0,-2.387352,-1.200933,PNG,940290
32053763,176,9911,1996,0.0,122902.0,-2.120746,-1.2199879999999999,PNG,940290
32053764,176,9911,1997,0.0,338855.0,-2.2823439999999997,-1.264621,PNG,940290
32053765,176,9911,1998,0.0,318044.0,-2.060952,-1.237969,PNG,940290
32053766,176,9911,1999,0.0,188028.0,-1.850785,-1.256969,PNG,940290
32053767,176,9911,2000,0.0,326671.0,-1.686651,-1.1906729999999999,PNG,940290
32053768,176,9911,2001,0.0,85850.0,-1.503929,-1.199463,PNG,940290
32053769,176,9911,2002,0.0,118599.0,-1.4572319999999999,-1.159399,PNG,940290
32053770,176,9911,2003,0.0,99388.0,-1.7997330000000002,-1.2110049999999999,PNG,940290
32053771,176,9911,2004,0.0,333169.0,-1.7599200000000002,-1.219971,PNG,940290
32053772,176,9911,2005,0.0,505039.0,-1.6583900000000003,-1.198114,PNG,940290
32053773,176,9911,2006,0.0,570212.0,-1.89409,-1.234731,PNG,940290
32053774,176,9911,2007,16655.0,262883.0,-1.947486,-1.284269,PNG,940290
32053775,176,9911,2008,0.0,296058.0,-1.6771330000000002,-1.18528,PNG,940290
32053776,176,9911,2009,0.0,224747.0,-1.90537,-1.2462030000000002,PNG,940290
32053777,176,9911,2010,4271.0,354294.0,-1.725138,-1.195622,PNG,940290
32053778,176,9911,2011,0.0,495690.0,-1.1111659999999999,-0.9458610000000001,PNG,940290
32053779,176,9911,2012,0.0,829962.0,-1.009277,-1.039759,PNG,940290
32053780,176,9911,2013,0.0,760867.0,-1.444244,-1.144231,PNG,940290
32053781,176,9911,2014,0.0,1700139.0,-1.564904,-1.146255,PNG,940290
32053782,176,9911,2015,0.0,1241596.0,-1.710939,-1.266333,PNG,940290
32053783,176,9911,2016,0.0,512062.0,-1.689987,-1.2762639999999998,PNG,940290
32053784,176,9911,2017,0.0,582942.0,-1.788834,-1.267126,PNG,940290
32053785,176,9911,2018,0.0,2589393.0,-1.7580360000000002,-1.239492,PNG,940290
32053786,176,9911,2019,0.0,402030.0,-1.654143,-1.249707,PNG,940290
32053787,176,9911,2020,0.0,618215.0,-1.526134,-1.191965,PNG,940290
32053788,177,9911,1995,5162034.0,5824059.0,0.76393,1.802648,POL,940290
32053789,177,9911,1996,4221482.0,5787104.0,0.795489,1.9004729999999999,POL,940290
32053790,177,9911,1997,4213623.0,6730390.0,0.805559,1.9598520000000001,POL,940290
32053791,177,9911,1998,6236321.0,8787550.0,0.8638309999999999,1.8881299999999999,POL,940290
32053792,177,9911,1999,9469422.0,5806220.0,0.8512700000000001,1.8975229999999998,POL,940290
32053793,177,9911,2000,10794425.0,7745310.0,0.862983,1.8683400000000001,POL,940290
32053794,177,9911,2001,12801404.0,6028030.0,0.9474540000000001,1.8408220000000002,POL,940290
32053795,177,9911,2002,20033964.0,4442869.0,0.931642,1.721727,POL,940290
32053796,177,9911,2003,22320377.0,5477909.0,0.966622,1.664838,POL,940290
32053797,177,9911,2004,27268932.0,4966754.0,1.019341,1.519452,POL,940290
32053798,177,9911,2005,36681956.0,7957407.0,0.9564299999999999,1.559385,POL,940290
32053799,177,9911,2006,46100133.0,9955599.0,0.991927,1.474418,POL,940290
32053800,177,9911,2007,58414027.0,17758448.0,1.0412139999999999,1.309641,POL,940290
32053801,177,9911,2008,131606264.0,19424901.0,1.037287,1.244457,POL,940290
32053802,177,9911,2009,89899941.0,27711878.0,1.11055,1.069074,POL,940290
32053803,177,9911,2010,103656230.0,32652976.0,1.083552,1.1433719999999998,POL,940290
32053804,177,9911,2011,100636087.0,38553061.0,1.133641,1.134203,POL,940290
32053805,177,9911,2012,97039528.0,33689607.0,1.0626870000000002,1.267268,POL,940290
32053806,177,9911,2013,111754970.0,32463434.0,1.084332,1.216749,POL,940290
32053807,177,9911,2014,139976068.0,31963654.0,1.133102,1.177165,POL,940290
32053808,177,9911,2015,138219245.0,35921801.0,1.145844,1.1449280000000002,POL,940290
32053809,177,9911,2016,131878121.0,27447010.0,1.146113,1.239532,POL,940290
32053810,177,9911,2017,175637759.0,29714328.0,1.197417,1.092716,POL,940290
32053811,177,9911,2018,224668190.0,46516183.0,1.132475,1.258945,POL,940290
32053812,177,9911,2019,209238949.0,40083158.0,1.088347,1.275875,POL,940290
32053813,177,9911,2020,235219764.0,49092135.0,1.0227979999999999,1.4079139999999999,POL,940290
32053814,178,9911,1995,4374.0,69883.0,0.46509799999999996,0.645496,PRK,940290
32053815,178,9911,1996,0.0,136292.0,0.725014,1.20189,PRK,940290
32053816,178,9911,1997,17971.0,95854.0,0.701604,0.649257,PRK,940290
32053817,178,9911,1998,0.0,21865.0,0.7417239999999999,0.899826,PRK,940290
32053818,178,9911,1999,38166.0,21118.0,0.536814,0.980433,PRK,940290
32053819,178,9911,2000,0.0,217374.0,0.786946,1.0068290000000002,PRK,940290
32053820,178,9911,2001,0.0,266431.0,0.62773,1.010888,PRK,940290
32053821,178,9911,2002,20782.0,110459.0,0.43756999999999996,0.744264,PRK,940290
32053822,178,9911,2003,1911.0,28308.0,0.7060420000000001,0.7718,PRK,940290
32053823,178,9911,2004,2353.0,37462.0,0.578991,0.781518,PRK,940290
32053824,178,9911,2005,19370.0,136819.0,0.712403,0.8739520000000001,PRK,940290
32053825,178,9911,2006,48927.0,177096.0,0.548754,0.763313,PRK,940290
32053826,178,9911,2007,14210.0,116371.0,0.799712,0.8789370000000001,PRK,940290
32053827,178,9911,2008,4846.0,284375.0,0.6970609999999999,0.88018,PRK,940290
32053828,178,9911,2009,21411.0,481683.0,0.608089,0.709831,PRK,940290
32053829,178,9911,2010,0.0,429287.0,0.348511,0.466229,PRK,940290
32053830,178,9911,2011,93299.0,717323.0,-0.024317,-0.154781,PRK,940290
32053831,178,9911,2012,94547.0,608247.0,-0.120826,0.131138,PRK,940290
32053832,178,9911,2013,40296.0,508135.0,-0.414538,-0.22449299999999997,PRK,940290
32053833,178,9911,2014,93173.0,270765.0,-0.23883000000000001,-0.009727,PRK,940290
32053834,178,9911,2015,113088.0,180544.0,-0.404818,-0.075235,PRK,940290
32053835,178,9911,2016,0.0,125808.0,-0.512374,-0.143648,PRK,940290
32053836,178,9911,2017,5110.0,111034.0,-0.353642,-0.08027000000000001,PRK,940290
32053837,178,9911,2018,0.0,475423.0,0.714618,0.47291700000000003,PRK,940290
32053838,178,9911,2019,6498.0,124046.0,1.049447,0.46940699999999996,PRK,940290
32053839,178,9911,2020,2603.0,76808.0,1.162417,0.494306,PRK,940290
32053840,179,9911,1995,904733.0,2846351.0,0.412677,1.254009,PRT,940290
32053841,179,9911,1996,819365.0,6282777.0,0.39343,1.170144,PRT,940290
32053842,179,9911,1997,2194826.0,5474568.0,0.379367,1.296551,PRT,940290
32053843,179,9911,1998,553771.0,6240015.0,0.39771999999999996,1.303603,PRT,940290
32053844,179,9911,1999,375128.0,7846942.0,0.420538,1.379359,PRT,940290
32053845,179,9911,2000,1078773.0,6853584.0,0.547816,1.70635,PRT,940290
32053846,179,9911,2001,1385290.0,8246781.0,0.482048,1.662123,PRT,940290
32053847,179,9911,2002,989867.0,6629060.0,0.484407,1.6500080000000001,PRT,940290
32053848,179,9911,2003,940012.0,6561747.0,0.471376,1.647303,PRT,940290
32053849,179,9911,2004,2213292.0,8902661.0,0.524524,1.901139,PRT,940290
32053850,179,9911,2005,2946235.0,8914174.0,0.5119819999999999,1.901636,PRT,940290
32053851,179,9911,2006,3720305.0,11944459.0,0.5723630000000001,1.92303,PRT,940290
32053852,179,9911,2007,8869771.0,15212410.0,0.621302,1.971656,PRT,940290
32053853,179,9911,2008,8665849.0,19162470.0,0.64135,2.1946939999999997,PRT,940290
32053854,179,9911,2009,6684952.0,17264718.0,0.559189,2.4359919999999997,PRT,940290
32053855,179,9911,2010,10309197.0,14476022.0,0.551149,2.437209,PRT,940290
32053856,179,9911,2011,13921193.0,14662653.0,0.558481,2.7056240000000003,PRT,940290
32053857,179,9911,2012,19468321.0,9350200.0,0.648544,2.405491,PRT,940290
32053858,179,9911,2013,23218240.0,8346115.0,0.541454,2.5228610000000002,PRT,940290
32053859,179,9911,2014,23136141.0,8512708.0,0.621053,2.349644,PRT,940290
32053860,179,9911,2015,19676692.0,7714487.0,0.561922,2.2276380000000002,PRT,940290
32053861,179,9911,2016,18309800.0,6795714.0,0.519621,2.254972,PRT,940290
32053862,179,9911,2017,22430331.0,7041304.0,0.527046,2.264624,PRT,940290
32053863,179,9911,2018,17379297.0,10309089.0,0.652628,2.211758,PRT,940290
32053864,179,9911,2019,18333194.0,10995069.0,0.545467,2.344447,PRT,940290
32053865,179,9911,2020,27226394.0,14451406.0,0.656999,2.1136470000000003,PRT,940290
32053866,180,9911,1995,0.0,214706.0,-0.283544,-0.640898,PRY,940290
32053867,180,9911,1996,0.0,129970.0,-0.506178,-0.712851,PRY,940290
32053868,180,9911,1997,0.0,206969.0,-0.44951,-0.818817,PRY,940290
32053869,180,9911,1998,0.0,1101419.0,-0.204539,-0.766486,PRY,940290
32053870,180,9911,1999,1408.0,5339916.0,-0.541387,-0.863967,PRY,940290
32053871,180,9911,2000,0.0,532098.0,-0.774476,-0.980039,PRY,940290
32053872,180,9911,2001,2310.0,142460.0,-0.68893,-0.9326690000000001,PRY,940290
32053873,180,9911,2002,0.0,151043.0,-0.614282,-0.963832,PRY,940290
32053874,180,9911,2003,0.0,109406.0,-0.607733,-0.8577879999999999,PRY,940290
32053875,180,9911,2004,0.0,81357.0,-0.64574,-0.978875,PRY,940290
32053876,180,9911,2005,0.0,125089.0,-0.7109880000000001,-0.8740680000000001,PRY,940290
32053877,180,9911,2006,0.0,485440.0,-0.520435,-0.7839119999999999,PRY,940290
32053878,180,9911,2007,13929.0,637770.0,-0.500617,-0.814385,PRY,940290
32053879,180,9911,2008,5340.0,1212639.0,-0.556298,-0.9503780000000001,PRY,940290
32053880,180,9911,2009,13076.0,1115716.0,-0.564858,-0.941735,PRY,940290
32053881,180,9911,2010,50354.0,1347691.0,-0.553805,-0.8699450000000001,PRY,940290
32053882,180,9911,2011,11998.0,1145811.0,-0.548759,-0.877743,PRY,940290
32053883,180,9911,2012,0.0,966901.0,-0.497895,-0.9197299999999999,PRY,940290
32053884,180,9911,2013,2743.0,1302623.0,-0.566239,-0.9273459999999999,PRY,940290
32053885,180,9911,2014,0.0,475335.0,-0.608509,-0.930679,PRY,940290
32053886,180,9911,2015,0.0,536711.0,-0.471106,-0.9431139999999999,PRY,940290
32053887,180,9911,2016,6515.0,705943.0,-0.660702,-1.0329979999999999,PRY,940290
32053888,180,9911,2017,0.0,967747.0,-0.437741,-0.9248879999999999,PRY,940290
32053889,180,9911,2018,0.0,1728949.0,-0.614751,-0.952478,PRY,940290
32053890,180,9911,2019,0.0,1359401.0,-0.500999,-0.8635219999999999,PRY,940290
32053891,180,9911,2020,0.0,3411260.0,-0.45920600000000006,-0.930341,PRY,940290
32053892,181,9911,1995,,,,,PSE,940290
32053893,181,9911,1996,,,,,PSE,940290
32053894,181,9911,1997,,,,,PSE,940290
32053895,181,9911,1998,,,,,PSE,940290
32053896,181,9911,1999,,,,,PSE,940290
32053897,181,9911,2000,,,1.1113879999999998,0.320747,PSE,940290
32053898,181,9911,2001,74191.0,63175.0,0.60735,-0.027356000000000002,PSE,940290
32053899,181,9911,2002,0.0,23202.0,0.394636,-0.286194,PSE,940290
32053900,181,9911,2003,52492.0,5723.0,0.657296,0.220183,PSE,940290
32053901,181,9911,2004,0.0,87332.0,-0.20239100000000002,-0.6123460000000001,PSE,940290
32053902,181,9911,2005,0.0,68086.0,0.12721400000000002,-0.38598699999999997,PSE,940290
32053903,181,9911,2006,0.0,33938.0,-0.03464,-0.487188,PSE,940290
32053904,181,9911,2007,0.0,161451.0,0.16788499999999998,0.689805,PSE,940290
32053905,181,9911,2008,0.0,118006.0,0.19076300000000002,1.019001,PSE,940290
32053906,181,9911,2009,0.0,336767.0,0.119192,0.6390680000000001,PSE,940290
32053907,181,9911,2010,7807.0,203862.0,0.12470099999999999,0.576382,PSE,940290
32053908,181,9911,2011,2729.0,186714.0,0.07902999999999999,0.550277,PSE,940290
32053909,181,9911,2012,6274.0,367005.0,0.219288,0.620059,PSE,940290
32053910,181,9911,2013,5769.0,214629.0,0.072979,0.7099260000000001,PSE,940290
32053911,181,9911,2014,0.0,458541.0,0.030643,0.601905,PSE,940290
32053912,181,9911,2015,0.0,603764.0,0.060575,0.5649489999999999,PSE,940290
32053913,181,9911,2016,23191.0,701440.0,-0.067187,0.535972,PSE,940290
32053914,181,9911,2017,20867.0,501876.0,0.11852,0.609241,PSE,940290
32053915,181,9911,2018,148684.0,321542.0,0.096402,0.735946,PSE,940290
32053916,181,9911,2019,43758.0,465798.0,0.05640800000000001,0.708102,PSE,940290
32053917,181,9911,2020,146413.0,1152390.0,0.162235,0.828319,PSE,940290
32053918,182,9911,1995,0.0,107034.0,-0.33641,-0.696238,PYF,940290
32053919,182,9911,1996,0.0,187064.0,0.845308,-0.31763,PYF,940290
32053920,182,9911,1997,0.0,139696.0,0.333947,-0.5391560000000001,PYF,940290
32053921,182,9911,1998,2642.0,261099.0,0.422645,-0.607595,PYF,940290
32053922,182,9911,1999,8255.0,230870.0,0.281327,-0.624142,PYF,940290
32053923,182,9911,2000,4512.0,354850.0,0.01154,-0.6676880000000001,PYF,940290
32053924,182,9911,2001,0.0,605180.0,-0.005456,-0.7210770000000001,PYF,940290
32053925,182,9911,2002,0.0,703961.0,0.042936,-0.7421840000000001,PYF,940290
32053926,182,9911,2003,0.0,780959.0,-0.255707,-0.676557,PYF,940290
32053927,182,9911,2004,0.0,775170.0,-0.414954,-0.773736,PYF,940290
32053928,182,9911,2005,5785.0,847381.0,-0.46358999999999995,-0.801909,PYF,940290
32053929,182,9911,2006,0.0,1486624.0,-0.213329,-0.743599,PYF,940290
32053930,182,9911,2007,0.0,1355527.0,-0.72809,-0.9329620000000001,PYF,940290
32053931,182,9911,2008,0.0,8523049.0,-0.255879,-0.714841,PYF,940290
32053932,182,9911,2009,5396.0,2453158.0,-0.440014,-0.835513,PYF,940290
32053933,182,9911,2010,0.0,469337.0,-0.47692700000000005,-0.8429760000000001,PYF,940290
32053934,182,9911,2011,5421.0,1192694.0,0.37798000000000004,-0.460049,PYF,940290
32053935,182,9911,2012,0.0,350038.0,-0.131116,-0.6672819999999999,PYF,940290
32053936,182,9911,2013,0.0,737250.0,-0.146044,-0.7055359999999999,PYF,940290
32053937,182,9911,2014,3169.0,914102.0,0.008831,-0.6268279999999999,PYF,940290
32053938,182,9911,2015,35691.0,1267568.0,-0.301696,-0.795154,PYF,940290
32053939,182,9911,2016,2747.0,2247932.0,0.11597400000000001,-0.657672,PYF,940290
32053940,182,9911,2017,0.0,986071.0,-0.1278,-0.748387,PYF,940290
32053941,182,9911,2018,912.0,1037887.0,0.21430300000000002,-0.484076,PYF,940290
32053942,182,9911,2019,53361.0,1220422.0,0.30119,-0.39213000000000003,PYF,940290
32053943,182,9911,2020,915.0,1295578.0,0.640838,-0.11156300000000001,PYF,940290
32053944,183,9911,1995,0.0,249643.0,-0.721352,-1.0827799999999999,QAT,940290
32053945,183,9911,1996,0.0,200168.0,-0.48203500000000005,-1.117173,QAT,940290
32053946,183,9911,1997,0.0,378341.0,-1.0874469999999998,-1.204852,QAT,940290
32053947,183,9911,1998,1620.0,1554689.0,-1.047819,-1.226928,QAT,940290
32053948,183,9911,1999,0.0,341454.0,-0.593308,-1.18811,QAT,940290
32053949,183,9911,2000,6730.0,958033.0,-0.591806,-1.152123,QAT,940290
32053950,183,9911,2001,0.0,879364.0,-0.46564799999999995,-1.127634,QAT,940290
32053951,183,9911,2002,17711.0,3752234.0,-0.306052,-1.098296,QAT,940290
32053952,183,9911,2003,87129.0,7118619.0,-0.209042,-1.0565799999999999,QAT,940290
32053953,183,9911,2004,86927.0,2086576.0,0.21713400000000002,-1.031806,QAT,940290
32053954,183,9911,2005,53786.0,2377407.0,0.2381,-1.0287979999999999,QAT,940290
32053955,183,9911,2006,354705.0,5162100.0,0.055777999999999994,-1.0379049999999999,QAT,940290
32053956,183,9911,2007,69569.0,3441633.0,0.20181500000000002,-0.9898110000000001,QAT,940290
32053957,183,9911,2008,5291.0,3826228.0,-0.36390900000000004,-1.0045549999999999,QAT,940290
32053958,183,9911,2009,43375.0,7440427.0,-0.484947,-1.07179,QAT,940290
32053959,183,9911,2010,8568.0,4848555.0,-0.346143,-1.078192,QAT,940290
32053960,183,9911,2011,0.0,7964892.0,-0.45851899999999995,-1.017033,QAT,940290
32053961,183,9911,2012,59888.0,12717771.0,-0.558014,-1.012392,QAT,940290
32053962,183,9911,2013,6869.0,26354703.0,-0.083649,-1.013491,QAT,940290
32053963,183,9911,2014,24804.0,8889918.0,-0.37535599999999997,-1.0196370000000001,QAT,940290
32053964,183,9911,2015,261077.0,11284660.0,-0.077053,-0.9922719999999999,QAT,940290
32053965,183,9911,2016,11055.0,15952036.0,-0.36124,-1.106629,QAT,940290
32053966,183,9911,2017,3109.0,9165643.0,-0.361327,-1.066869,QAT,940290
32053967,183,9911,2018,216655.0,7330178.0,-0.068401,-1.014732,QAT,940290
32053968,183,9911,2019,21057.0,8374955.0,-0.064127,-1.065046,QAT,940290
32053969,183,9911,2020,9831.0,14573998.0,-0.028836,-1.0183950000000002,QAT,940290
32053970,184,9911,1995,5098.0,1300679.0,0.728825,-0.178569,REU,940290
32053971,184,9911,1996,,,,,REU,940290
32053972,184,9911,1997,,,,,REU,940290
32053973,184,9911,1998,,,,,REU,940290
32053974,184,9911,1999,,,,,REU,940290
32053975,184,9911,2000,,,,,REU,940290
32053976,184,9911,2001,,,,,REU,940290
32053977,184,9911,2002,,,,,REU,940290
32053978,184,9911,2003,,,,,REU,940290
32053979,184,9911,2004,,,,,REU,940290
32053980,184,9911,2005,,,,,REU,940290
32053981,184,9911,2006,,,,,REU,940290
32053982,184,9911,2007,,,,,REU,940290
32053983,184,9911,2008,,,,,REU,940290
32053984,184,9911,2009,,,,,REU,940290
32053985,184,9911,2010,,,,,REU,940290
32053986,184,9911,2011,,,,,REU,940290
32053987,184,9911,2012,,,,,REU,940290
32053988,184,9911,2013,,,,,REU,940290
32053989,184,9911,2014,,,,,REU,940290
32053990,184,9911,2015,,,,,REU,940290
32053991,184,9911,2016,,,,,REU,940290
32053992,184,9911,2017,,,,,REU,940290
32053993,184,9911,2018,,,,,REU,940290
32053994,184,9911,2019,,,,,REU,940290
32053995,184,9911,2020,,,,,REU,940290
32053996,185,9911,1995,69637.0,921877.0,0.621468,1.038729,ROU,940290
32053997,185,9911,1996,144428.0,1140625.0,0.612035,0.880964,ROU,940290
32053998,185,9911,1997,16207.0,1533098.0,0.44381000000000004,1.084109,ROU,940290
32053999,185,9911,1998,32856.0,1580193.0,0.315392,0.961176,ROU,940290
32054000,185,9911,1999,29988.0,2199869.0,0.253874,0.8322709999999999,ROU,940290
32054001,185,9911,2000,41879.0,1087912.0,0.39034,0.84193,ROU,940290
32054002,185,9911,2001,265436.0,2420807.0,0.326733,1.005332,ROU,940290
32054003,185,9911,2002,160561.0,2646598.0,0.29888200000000004,0.980376,ROU,940290
32054004,185,9911,2003,198743.0,2532974.0,0.378379,1.0064620000000002,ROU,940290
32054005,185,9911,2004,210057.0,4082233.0,0.37241599999999997,1.015865,ROU,940290
32054006,185,9911,2005,119607.0,1467489.0,0.371288,1.095875,ROU,940290
32054007,185,9911,2006,267525.0,3720875.0,0.550825,1.170744,ROU,940290
32054008,185,9911,2007,368453.0,7588223.0,0.69445,1.223747,ROU,940290
32054009,185,9911,2008,570801.0,8581146.0,0.784924,1.235527,ROU,940290
32054010,185,9911,2009,538927.0,7751172.0,0.833802,1.024418,ROU,940290
32054011,185,9911,2010,716807.0,5978528.0,0.6483760000000001,1.200256,ROU,940290
32054012,185,9911,2011,1748915.0,14859813.0,0.722,1.296655,ROU,940290
32054013,185,9911,2012,1070033.0,8086832.0,0.745926,1.2884719999999998,ROU,940290
32054014,185,9911,2013,3658392.0,7653086.0,0.792035,1.225034,ROU,940290
32054015,185,9911,2014,6631456.0,11423437.0,0.9112,1.188161,ROU,940290
32054016,185,9911,2015,5168863.0,12958232.0,0.946363,1.056775,ROU,940290
32054017,185,9911,2016,5214563.0,10721596.0,1.061259,0.9878870000000001,ROU,940290
32054018,185,9911,2017,5721190.0,16313409.0,1.05479,0.9842219999999999,ROU,940290
32054019,185,9911,2018,6032952.0,19422754.0,1.050715,1.04471,ROU,940290
32054020,185,9911,2019,5513441.0,26391360.0,1.044289,1.013691,ROU,940290
32054021,185,9911,2020,6419470.0,29934401.0,1.13426,0.9767809999999999,ROU,940290
32054022,186,9911,1995,54586.0,45012116.0,0.364437,0.171494,RUS,940290
32054023,186,9911,1996,566462.0,26951138.0,0.900185,0.47723000000000004,RUS,940290
32054024,186,9911,1997,327819.0,27351673.0,0.87377,0.423861,RUS,940290
32054025,186,9911,1998,601948.0,32238411.0,0.93909,0.59719,RUS,940290
32054026,186,9911,1999,890664.0,11172033.0,0.903308,0.590858,RUS,940290
32054027,186,9911,2000,356161.0,18081250.0,0.976274,0.42859200000000003,RUS,940290
32054028,186,9911,2001,463696.0,15910670.0,0.945816,0.35027600000000003,RUS,940290
32054029,186,9911,2002,596175.0,16575532.0,1.109397,0.424229,RUS,940290
32054030,186,9911,2003,703647.0,26257912.0,1.072729,0.338355,RUS,940290
32054031,186,9911,2004,2268571.0,24556338.0,0.8952399999999999,0.172896,RUS,940290
32054032,186,9911,2005,1836042.0,26702014.0,0.901675,0.061595000000000004,RUS,940290
32054033,186,9911,2006,2741481.0,35667336.0,0.801197,0.104683,RUS,940290
32054034,186,9911,2007,3015777.0,62427238.0,0.5576399999999999,-0.05382000000000001,RUS,940290
32054035,186,9911,2008,5134486.0,89575910.0,0.559059,-0.00886,RUS,940290
32054036,186,9911,2009,2747058.0,45064466.0,0.392478,-0.20038399999999998,RUS,940290
32054037,186,9911,2010,923268.0,61038780.0,0.583996,-0.223881,RUS,940290
32054038,186,9911,2011,2393071.0,84610880.0,0.47319399999999995,-0.20801599999999998,RUS,940290
32054039,186,9911,2012,2033886.0,135975116.0,0.20625500000000002,-0.196697,RUS,940290
32054040,186,9911,2013,2502148.0,105744264.0,0.481166,-0.180052,RUS,940290
32054041,186,9911,2014,4091522.0,73348058.0,0.229422,-0.214856,RUS,940290
32054042,186,9911,2015,3059103.0,33798799.0,0.23119,0.035965,RUS,940290
32054043,186,9911,2016,1964451.0,38053013.0,0.252891,0.200423,RUS,940290
32054044,186,9911,2017,3098235.0,47669328.0,0.32885,0.288392,RUS,940290
32054045,186,9911,2018,1994430.0,58902524.0,0.21398000000000003,0.100414,RUS,940290
32054046,186,9911,2019,2890241.0,67337657.0,0.329884,0.26215,RUS,940290
32054047,186,9911,2020,4476791.0,94480054.0,0.373882,0.42102700000000004,RUS,940290
32054048,187,9911,1995,0.0,67428.0,-0.18641,-0.6206729999999999,RWA,940290
32054049,187,9911,1996,366348.0,78047.0,0.07343,-0.520246,RWA,940290
32054050,187,9911,1997,0.0,798494.0,-0.412674,-0.735488,RWA,940290
32054051,187,9911,1998,0.0,39796.0,-0.38756399999999996,-0.7770130000000001,RWA,940290
32054052,187,9911,1999,0.0,33479.0,-0.747449,-0.832043,RWA,940290
32054053,187,9911,2000,0.0,71825.0,-0.346668,-0.7081270000000001,RWA,940290
32054054,187,9911,2001,0.0,37941.0,-1.260879,-0.861347,RWA,940290
32054055,187,9911,2002,0.0,49813.0,-0.553848,-0.757714,RWA,940290
32054056,187,9911,2003,0.0,19582.0,-0.99513,-0.852476,RWA,940290
32054057,187,9911,2004,0.0,132477.0,-1.3952870000000002,-0.950857,RWA,940290
32054058,187,9911,2005,0.0,214035.0,-0.6467470000000001,-0.66747,RWA,940290
32054059,187,9911,2006,2955.0,464184.0,-0.032827999999999996,-0.42937600000000004,RWA,940290
32054060,187,9911,2007,0.0,145540.0,-0.383017,-0.49216899999999997,RWA,940290
32054061,187,9911,2008,3077.0,274139.0,-0.770307,-0.650779,RWA,940290
32054062,187,9911,2009,14578.0,243559.0,-0.31001599999999996,-0.5382170000000001,RWA,940290
32054063,187,9911,2010,0.0,272889.0,-0.6033350000000001,-0.524881,RWA,940290
32054064,187,9911,2011,0.0,437549.0,-0.684475,-0.690734,RWA,940290
32054065,187,9911,2012,0.0,807152.0,-0.672906,-0.72154,RWA,940290
32054066,187,9911,2013,0.0,499616.0,-0.490519,-0.48427700000000007,RWA,940290
32054067,187,9911,2014,19271.0,606077.0,-0.5692659999999999,-0.447859,RWA,940290
32054068,187,9911,2015,2740.0,555844.0,-0.755738,-0.4423,RWA,940290
32054069,187,9911,2016,0.0,846176.0,-0.5802149999999999,-0.568327,RWA,940290
32054070,187,9911,2017,6795.0,1105569.0,-0.7610319999999999,-0.680251,RWA,940290
32054071,187,9911,2018,11494.0,263361.0,-0.618925,-0.788172,RWA,940290
32054072,187,9911,2019,5977.0,420446.0,-0.812602,-0.737603,RWA,940290
32054073,187,9911,2020,0.0,1299205.0,-0.923618,-0.975133,RWA,940290
32054074,188,9911,1995,66458.0,6563737.0,0.401573,-0.6676529999999999,SAU,940290
32054075,188,9911,1996,184066.0,7854245.0,0.215265,-0.8577309999999999,SAU,940290
32054076,188,9911,1997,16921.0,8086572.0,0.015040000000000001,-0.954475,SAU,940290
32054077,188,9911,1998,38508.0,9368990.0,0.521849,-0.7550899999999999,SAU,940290
32054078,188,9911,1999,125169.0,5104502.0,0.553028,-0.527401,SAU,940290
32054079,188,9911,2000,10038.0,15638768.0,0.588175,-0.74197,SAU,940290
32054080,188,9911,2001,16645.0,21158399.0,0.5370550000000001,-0.793469,SAU,940290
32054081,188,9911,2002,448828.0,18315891.0,0.082107,-0.843317,SAU,940290
32054082,188,9911,2003,611435.0,27939529.0,0.202286,-0.714691,SAU,940290
32054083,188,9911,2004,928168.0,28638575.0,0.546196,-0.7014729999999999,SAU,940290
32054084,188,9911,2005,520035.0,34821849.0,0.678873,-0.759985,SAU,940290
32054085,188,9911,2006,549276.0,33838181.0,0.162432,-0.853059,SAU,940290
32054086,188,9911,2007,284224.0,34332599.0,0.367463,-0.8603709999999999,SAU,940290
32054087,188,9911,2008,709617.0,58851246.0,-0.09849400000000001,-0.8998309999999999,SAU,940290
32054088,188,9911,2009,466929.0,71455734.0,0.300581,-0.813199,SAU,940290
32054089,188,9911,2010,909634.0,73692363.0,0.46696400000000005,-0.7487520000000001,SAU,940290
32054090,188,9911,2011,997656.0,81359734.0,0.354045,-0.800028,SAU,940290
32054091,188,9911,2012,435064.0,113513963.0,0.42235200000000006,-0.818584,SAU,940290
32054092,188,9911,2013,616512.0,116687905.0,0.626347,-0.844406,SAU,940290
32054093,188,9911,2014,1320010.0,95137151.0,0.5758439999999999,-0.832692,SAU,940290
32054094,188,9911,2015,523122.0,97293551.0,0.5552520000000001,-0.7263229999999999,SAU,940290
32054095,188,9911,2016,739776.0,54398631.0,0.394807,-0.638644,SAU,940290
32054096,188,9911,2017,284249.0,57468954.0,0.597716,-0.345049,SAU,940290
32054097,188,9911,2018,291889.0,68086078.0,0.5801810000000001,-0.447514,SAU,940290
32054098,188,9911,2019,136560.0,78660293.0,0.787798,-0.41350600000000004,SAU,940290
32054099,188,9911,2020,468824.0,81394606.0,0.662925,-0.21661999999999998,SAU,940290
32054100,189,9911,1995,0.0,252067.0,1.032118,1.180409,SCG,940290
32054101,189,9911,1996,148102.0,162154.0,0.786293,2.20126,SCG,940290
32054102,189,9911,1997,48070.0,970772.0,0.659904,1.702849,SCG,940290
32054103,189,9911,1998,71204.0,203134.0,0.603733,1.535453,SCG,940290
32054104,189,9911,1999,23091.0,171588.0,0.607596,2.222456,SCG,940290
32054105,189,9911,2000,16601.0,627033.0,0.609133,2.278384,SCG,940290
32054106,189,9911,2001,70593.0,757886.0,0.45280200000000004,2.469852,SCG,940290
32054107,189,9911,2002,61512.0,1790896.0,0.55781,2.135925,SCG,940290
32054108,189,9911,2003,56524.0,1800482.0,0.575326,1.627894,SCG,940290
32054109,189,9911,2004,157799.0,1092013.0,0.628071,2.210424,SCG,940290
32054110,189,9911,2005,115399.0,1257674.0,0.560725,1.62105,SCG,940290
32054111,189,9911,2006,,,,,SCG,940290
32054112,189,9911,2007,,,,,SCG,940290
32054113,189,9911,2008,,,,,SCG,940290
32054114,189,9911,2009,,,,,SCG,940290
32054115,189,9911,2010,,,,,SCG,940290
32054116,189,9911,2011,,,,,SCG,940290
32054117,189,9911,2012,,,,,SCG,940290
32054118,189,9911,2013,,,,,SCG,940290
32054119,189,9911,2014,,,,,SCG,940290
32054120,189,9911,2015,,,,,SCG,940290
32054121,189,9911,2016,,,,,SCG,940290
32054122,189,9911,2017,,,,,SCG,940290
32054123,189,9911,2018,,,,,SCG,940290
32054124,189,9911,2019,,,,,SCG,940290
32054125,189,9911,2020,,,,,SCG,940290
32054126,190,9911,1995,0.0,145715.0,-0.776567,-0.963823,SDN,940290
32054127,190,9911,1996,0.0,394351.0,-1.4146459999999998,-1.181707,SDN,940290
32054128,190,9911,1997,953.0,465670.0,-1.300352,-1.199816,SDN,940290
32054129,190,9911,1998,0.0,177211.0,-1.034858,-1.089854,SDN,940290
32054130,190,9911,1999,0.0,389253.0,-1.321619,-1.162911,SDN,940290
32054131,190,9911,2000,0.0,150815.0,-1.5105899999999999,-1.2287549999999998,SDN,940290
32054132,190,9911,2001,1742.0,346912.0,-1.6325180000000001,-1.263267,SDN,940290
32054133,190,9911,2002,0.0,523168.0,-1.499925,-1.228374,SDN,940290
32054134,190,9911,2003,866.0,6431743.0,-1.3535059999999999,-1.1701409999999999,SDN,940290
32054135,190,9911,2004,0.0,1824676.0,-1.5346309999999999,-1.2599559999999999,SDN,940290
32054136,190,9911,2005,0.0,1261244.0,-1.5685850000000001,-1.243433,SDN,940290
32054137,190,9911,2006,18068.0,2740186.0,-1.873762,-1.278378,SDN,940290
32054138,190,9911,2007,8285.0,1337614.0,-1.978359,-1.316172,SDN,940290
32054139,190,9911,2008,0.0,2231012.0,-2.095439,-1.263511,SDN,940290
32054140,190,9911,2009,4865.0,4423854.0,-2.2948020000000002,-1.3182040000000002,SDN,940290
32054141,190,9911,2010,0.0,1791520.0,-1.9094669999999998,-1.271065,SDN,940290
32054142,190,9911,2011,0.0,2144640.0,-2.1675869999999997,-1.249272,SDN,940290
32054143,190,9911,2012,0.0,6615429.0,-1.316171,-1.1347610000000001,SDN,940290
32054144,190,9911,2013,2784.0,2247294.0,-1.254944,-1.073564,SDN,940290
32054145,190,9911,2014,6458.0,1856813.0,-1.442381,-1.1155030000000001,SDN,940290
32054146,190,9911,2015,0.0,2662895.0,-1.420356,-1.218424,SDN,940290
32054147,190,9911,2016,2317.0,2252998.0,-1.216141,-1.191648,SDN,940290
32054148,190,9911,2017,0.0,3527706.0,-1.567691,-1.257164,SDN,940290
32054149,190,9911,2018,0.0,2430494.0,-1.278532,-1.176008,SDN,940290
32054150,190,9911,2019,117304.0,1258667.0,-1.25579,-1.208796,SDN,940290
32054151,190,9911,2020,0.0,1886154.0,-1.380126,-1.280657,SDN,940290
32054152,191,9911,1995,0.0,317972.0,-0.94962,-0.970988,SEN,940290
32054153,191,9911,1996,0.0,128845.0,-0.619785,-0.712171,SEN,940290
32054154,191,9911,1997,6487.0,215356.0,-0.606205,-0.727753,SEN,940290
32054155,191,9911,1998,0.0,356597.0,-0.416955,-0.449216,SEN,940290
32054156,191,9911,1999,4990.0,575070.0,-0.472473,-0.462562,SEN,940290
32054157,191,9911,2000,1049.0,422886.0,-0.46170100000000003,-0.435547,SEN,940290
32054158,191,9911,2001,0.0,623787.0,-0.437779,-0.436654,SEN,940290
32054159,191,9911,2002,88230.0,472453.0,-0.43679700000000005,-0.484176,SEN,940290
32054160,191,9911,2003,0.0,292055.0,-0.25203600000000004,-0.25549299999999997,SEN,940290
32054161,191,9911,2004,4314.0,1153060.0,-0.527127,-0.368631,SEN,940290
32054162,191,9911,2005,11843.0,586158.0,-0.279715,-0.231985,SEN,940290
32054163,191,9911,2006,27548.0,433440.0,-0.364713,-0.183612,SEN,940290
32054164,191,9911,2007,30333.0,822388.0,-0.20343599999999998,0.27211199999999997,SEN,940290
32054165,191,9911,2008,0.0,1291304.0,-0.478024,-0.313199,SEN,940290
32054166,191,9911,2009,26182.0,551673.0,-0.53392,-0.415513,SEN,940290
32054167,191,9911,2010,2313.0,1432527.0,-0.45445,-0.148149,SEN,940290
32054168,191,9911,2011,72169.0,1564729.0,-0.624346,-0.308052,SEN,940290
32054169,191,9911,2012,111739.0,1701515.0,-0.458858,-0.172745,SEN,940290
32054170,191,9911,2013,10873.0,723456.0,-0.523662,-0.309101,SEN,940290
32054171,191,9911,2014,45280.0,1094797.0,-0.502607,-0.08866,SEN,940290
32054172,191,9911,2015,13890.0,2520505.0,-0.708349,-0.296663,SEN,940290
32054173,191,9911,2016,43392.0,3060818.0,-0.7061270000000001,-0.46532399999999996,SEN,940290
32054174,191,9911,2017,7648.0,1422756.0,-0.6722899999999999,-0.26522199999999996,SEN,940290
32054175,191,9911,2018,26432.0,1508161.0,-0.751378,-0.390573,SEN,940290
32054176,191,9911,2019,65809.0,712411.0,-0.721992,-0.385479,SEN,940290
32054177,191,9911,2020,66433.0,8341893.0,-0.634185,-0.398728,SEN,940290
32054178,192,9911,1995,1409012.0,5842633.0,0.747684,0.4745,SGP,940290
32054179,192,9911,1996,2205902.0,9961983.0,0.8354299999999999,0.41169799999999995,SGP,940290
32054180,192,9911,1997,1466945.0,7982507.0,1.01557,0.360154,SGP,940290
32054181,192,9911,1998,1714995.0,10145764.0,1.0029709999999998,0.506545,SGP,940290
32054182,192,9911,1999,1533051.0,4137169.0,1.355833,0.594305,SGP,940290
32054183,192,9911,2000,1242184.0,4187739.0,1.3392389999999998,0.6035010000000001,SGP,940290
32054184,192,9911,2001,1369057.0,5508318.0,1.364239,0.721074,SGP,940290
32054185,192,9911,2002,1355801.0,6270750.0,1.481857,0.648889,SGP,940290
32054186,192,9911,2003,3235053.0,8467361.0,1.5080799999999999,0.720337,SGP,940290
32054187,192,9911,2004,3887933.0,7730248.0,1.6409779999999998,0.634947,SGP,940290
32054188,192,9911,2005,7766686.0,9695384.0,1.601677,0.49930399999999997,SGP,940290
32054189,192,9911,2006,8269687.0,11659608.0,1.5377379999999998,0.503089,SGP,940290
32054190,192,9911,2007,10339778.0,13513701.0,1.608299,0.545791,SGP,940290
32054191,192,9911,2008,11771905.0,14028417.0,1.844543,0.5947020000000001,SGP,940290
32054192,192,9911,2009,5601009.0,15486785.0,1.9503540000000001,0.498033,SGP,940290
32054193,192,9911,2010,11693183.0,20568284.0,1.8441349999999999,0.570311,SGP,940290
32054194,192,9911,2011,15576253.0,21027014.0,1.849116,0.52127,SGP,940290
32054195,192,9911,2012,17301845.0,25682503.0,1.685959,0.5900989999999999,SGP,940290
32054196,192,9911,2013,11712991.0,24314208.0,1.915504,0.619576,SGP,940290
32054197,192,9911,2014,11083166.0,35965499.0,1.867492,0.626736,SGP,940290
32054198,192,9911,2015,11387851.0,32465706.0,2.05613,0.593065,SGP,940290
32054199,192,9911,2016,12084054.0,30876337.0,2.089995,0.564921,SGP,940290
32054200,192,9911,2017,9017577.0,28982728.0,1.884166,0.37903600000000004,SGP,940290
32054201,192,9911,2018,11114709.0,42237641.0,1.914132,0.652011,SGP,940290
32054202,192,9911,2019,9732473.0,49022800.0,2.0264599999999997,0.665506,SGP,940290
32054203,192,9911,2020,10128529.0,45132228.0,1.948379,0.610574,SGP,940290
32054204,193,9911,1995,,,,,SGS,940290
32054205,193,9911,1996,,,,,SGS,940290
32054206,193,9911,1997,,,,,SGS,940290
32054207,193,9911,1998,,,,,SGS,940290
32054208,193,9911,1999,,,,,SGS,940290
32054209,193,9911,2000,,,1.0955629999999998,-0.8769889999999999,SGS,940290
32054210,193,9911,2001,,,2.301104,-0.772378,SGS,940290
32054211,193,9911,2002,,,1.458389,-0.695846,SGS,940290
32054212,193,9911,2003,0.0,27061.0,2.127043,-0.5255029999999999,SGS,940290
32054213,193,9911,2004,,,0.842463,-0.7492949999999999,SGS,940290
32054214,193,9911,2005,,,0.199141,-0.749854,SGS,940290
32054215,193,9911,2006,,,1.378112,-0.634744,SGS,940290
32054216,193,9911,2007,,,0.34491,-0.819142,SGS,940290
32054217,193,9911,2008,,,0.6732520000000001,-0.753207,SGS,940290
32054218,193,9911,2009,,,0.402905,-0.810702,SGS,940290
32054219,193,9911,2010,,,1.2057209999999998,-0.560959,SGS,940290
32054220,193,9911,2011,,,1.576694,-0.29165,SGS,940290
32054221,193,9911,2012,,,1.397512,-0.576494,SGS,940290
32054222,193,9911,2013,,,1.546034,-0.626796,SGS,940290
32054223,193,9911,2014,,,1.081216,-0.787072,SGS,940290
32054224,193,9911,2015,,,1.469511,-0.7100390000000001,SGS,940290
32054225,193,9911,2016,,,0.258303,-0.880397,SGS,940290
32054226,193,9911,2017,,,-0.5412710000000001,-0.9102959999999999,SGS,940290
32054227,193,9911,2018,,,1.440776,-0.745492,SGS,940290
32054228,193,9911,2019,,,1.5469030000000001,-0.643552,SGS,940290
32054229,193,9911,2020,,,0.784489,-0.8282940000000001,SGS,940290
32054230,194,9911,1995,0.0,75990.0,0.40997100000000003,-0.490967,SHN,940290
32054231,194,9911,1996,0.0,47737.0,0.500915,-0.40995299999999996,SHN,940290
32054232,194,9911,1997,2793.0,24243.0,1.05749,-0.006716,SHN,940290
32054233,194,9911,1998,0.0,4494.0,1.217565,0.012991999999999998,SHN,940290
32054234,194,9911,1999,2174.0,1636.0,1.401577,-0.029898,SHN,940290
32054235,194,9911,2000,,,1.385622,0.113301,SHN,940290
32054236,194,9911,2001,,,1.112486,-0.248761,SHN,940290
32054237,194,9911,2002,0.0,1421.0,1.4834459999999998,0.014774,SHN,940290
32054238,194,9911,2003,0.0,2547.0,0.9663959999999999,0.042493,SHN,940290
32054239,194,9911,2004,4442.0,0.0,1.33404,0.133851,SHN,940290
32054240,194,9911,2005,0.0,1454.0,1.225797,-0.014991999999999998,SHN,940290
32054241,194,9911,2006,0.0,119566.0,1.281841,-0.043162,SHN,940290
32054242,194,9911,2007,,,1.208618,-0.183449,SHN,940290
32054243,194,9911,2008,0.0,46155.0,0.810149,-0.452734,SHN,940290
32054244,194,9911,2009,,,0.99651,-0.284003,SHN,940290
32054245,194,9911,2010,,,0.7653979999999999,-0.466484,SHN,940290
32054246,194,9911,2011,,,1.003319,-0.150035,SHN,940290
32054247,194,9911,2012,0.0,3109.0,1.103221,-0.11403599999999998,SHN,940290
32054248,194,9911,2013,0.0,1564.0,1.221748,-0.206857,SHN,940290
32054249,194,9911,2014,,,1.125419,-0.183407,SHN,940290
32054250,194,9911,2015,0.0,41545.0,1.256851,-0.270048,SHN,940290
32054251,194,9911,2016,0.0,109796.0,1.4505700000000001,-0.313714,SHN,940290
32054252,194,9911,2017,0.0,6443.0,0.984775,-0.455862,SHN,940290
32054253,194,9911,2018,,,0.8986370000000001,-0.544551,SHN,940290
32054254,194,9911,2019,,,1.242378,-0.470654,SHN,940290
32054255,194,9911,2020,0.0,6545.0,1.4857989999999999,-0.43997700000000006,SHN,940290
32054256,195,9911,1995,0.0,9899.0,-1.711497,-0.879611,SLB,940290
32054257,195,9911,1996,0.0,10918.0,-1.855104,-0.895618,SLB,940290
32054258,195,9911,1997,0.0,107309.0,-2.247325,-0.982799,SLB,940290
32054259,195,9911,1998,0.0,12103.0,-1.512541,-0.9275700000000001,SLB,940290
32054260,195,9911,1999,0.0,31011.0,-1.9334959999999999,-0.9984879999999999,SLB,940290
32054261,195,9911,2000,0.0,1242.0,-0.712501,-0.829672,SLB,940290
32054262,195,9911,2001,0.0,95467.0,-0.325802,-0.726847,SLB,940290
32054263,195,9911,2002,,,-0.5305449999999999,-0.8186720000000001,SLB,940290
32054264,195,9911,2003,0.0,36213.0,-1.342629,-0.900968,SLB,940290
32054265,195,9911,2004,0.0,139803.0,-1.4911,-0.999592,SLB,940290
32054266,195,9911,2005,0.0,59269.0,-1.5026950000000001,-0.9389040000000001,SLB,940290
32054267,195,9911,2006,0.0,124193.0,-1.501072,-0.964304,SLB,940290
32054268,195,9911,2007,0.0,10582.0,-1.144843,-0.956784,SLB,940290
32054269,195,9911,2008,0.0,51842.0,-1.70333,-1.027817,SLB,940290
32054270,195,9911,2009,0.0,43403.0,-1.9380110000000002,-1.06035,SLB,940290
32054271,195,9911,2010,0.0,25912.0,-1.7710650000000001,-1.033138,SLB,940290
32054272,195,9911,2011,0.0,85312.0,-1.401353,-0.931205,SLB,940290
32054273,195,9911,2012,0.0,1382.0,-0.935467,-0.78338,SLB,940290
32054274,195,9911,2013,0.0,4718.0,-0.9350860000000001,-0.877676,SLB,940290
32054275,195,9911,2014,0.0,9012.0,-0.862089,-0.9075840000000001,SLB,940290
32054276,195,9911,2015,0.0,51186.0,-1.167451,-0.931206,SLB,940290
32054277,195,9911,2016,0.0,65293.0,-0.740271,-0.881382,SLB,940290
32054278,195,9911,2017,0.0,54811.0,-1.153846,-0.971255,SLB,940290
32054279,195,9911,2018,0.0,97828.0,-1.246494,-0.998495,SLB,940290
32054280,195,9911,2019,0.0,32293.0,-1.650959,-1.013001,SLB,940290
32054281,195,9911,2020,0.0,86151.0,-1.774857,-1.015981,SLB,940290
32054282,196,9911,1995,0.0,149192.0,-0.176843,-0.565979,SLE,940290
32054283,196,9911,1996,0.0,228943.0,0.208166,-0.386648,SLE,940290
32054284,196,9911,1997,0.0,17274.0,0.181753,-0.532284,SLE,940290
32054285,196,9911,1998,0.0,2470.0,0.11786300000000001,-0.45481499999999997,SLE,940290
32054286,196,9911,1999,0.0,1536.0,0.5850920000000001,-0.183443,SLE,940290
32054287,196,9911,2000,0.0,149040.0,0.489854,-0.108102,SLE,940290
32054288,196,9911,2001,0.0,161988.0,0.331949,0.186253,SLE,940290
32054289,196,9911,2002,0.0,65401.0,0.397488,-0.027672000000000002,SLE,940290
32054290,196,9911,2003,0.0,192016.0,0.129923,-0.19926300000000002,SLE,940290
32054291,196,9911,2004,2312.0,418435.0,0.48757399999999995,-0.0064659999999999995,SLE,940290
32054292,196,9911,2005,0.0,113854.0,0.510613,-0.040744,SLE,940290
32054293,196,9911,2006,0.0,28183.0,0.518163,-0.032742,SLE,940290
32054294,196,9911,2007,38995.0,50783.0,-0.021377,-0.31765,SLE,940290
32054295,196,9911,2008,0.0,162386.0,0.086769,-0.22002800000000003,SLE,940290
32054296,196,9911,2009,0.0,351136.0,0.06259400000000001,-0.273258,SLE,940290
32054297,196,9911,2010,2054.0,238271.0,-0.056713,-0.293668,SLE,940290
32054298,196,9911,2011,4661.0,208683.0,-0.35546500000000003,-0.46134899999999995,SLE,940290
32054299,196,9911,2012,0.0,83208.0,-0.6198279999999999,-0.627216,SLE,940290
32054300,196,9911,2013,0.0,146008.0,-0.132082,-0.552921,SLE,940290
32054301,196,9911,2014,0.0,546301.0,-0.9228569999999999,-0.791482,SLE,940290
32054302,196,9911,2015,0.0,510523.0,0.072324,-0.255235,SLE,940290
32054303,196,9911,2016,21579.0,952398.0,-0.184021,-0.5023920000000001,SLE,940290
32054304,196,9911,2017,0.0,1285052.0,-0.37777,-0.6353270000000001,SLE,940290
32054305,196,9911,2018,2934.0,444318.0,-0.06932999999999999,-0.36035300000000003,SLE,940290
32054306,196,9911,2019,6517.0,216964.0,-0.402403,-0.639318,SLE,940290
32054307,196,9911,2020,7830.0,152410.0,-0.122243,-0.5501010000000001,SLE,940290
32054308,197,9911,1995,3800.0,305508.0,-0.17119600000000001,0.027889999999999998,SLV,940290
32054309,197,9911,1996,11629.0,280856.0,-0.24968800000000002,-0.121995,SLV,940290
32054310,197,9911,1997,19419.0,654837.0,-0.09174500000000001,-0.034391000000000005,SLV,940290
32054311,197,9911,1998,17717.0,419752.0,-0.202965,-0.000499,SLV,940290
32054312,197,9911,1999,0.0,566488.0,-0.263572,-0.121576,SLV,940290
32054313,197,9911,2000,20349.0,1121306.0,-0.265907,-0.141049,SLV,940290
32054314,197,9911,2001,4469.0,922396.0,-0.181554,-0.031294,SLV,940290
32054315,197,9911,2002,10256.0,557044.0,-0.280138,-0.099225,SLV,940290
32054316,197,9911,2003,12423.0,633290.0,-0.251357,-0.189917,SLV,940290
32054317,197,9911,2004,11365.0,701902.0,-0.20529499999999998,0.1116,SLV,940290
32054318,197,9911,2005,1059.0,1953625.0,-0.279708,0.109346,SLV,940290
32054319,197,9911,2006,45362.0,1245448.0,-0.135312,0.140874,SLV,940290
32054320,197,9911,2007,27038.0,1184739.0,-0.110573,0.184426,SLV,940290
32054321,197,9911,2008,62163.0,1589849.0,-0.028986,0.369501,SLV,940290
32054322,197,9911,2009,26526.0,974330.0,-0.19729100000000002,0.23434899999999997,SLV,940290
32054323,197,9911,2010,37239.0,864782.0,-0.101434,0.132639,SLV,940290
32054324,197,9911,2011,38462.0,1069501.0,-0.09713200000000001,0.20772600000000002,SLV,940290
32054325,197,9911,2012,182148.0,806437.0,0.027747000000000004,0.19003399999999998,SLV,940290
32054326,197,9911,2013,30449.0,1911184.0,-0.021029,0.381522,SLV,940290
32054327,197,9911,2014,199955.0,1678799.0,0.08653999999999999,0.29088600000000003,SLV,940290
32054328,197,9911,2015,89295.0,1886568.0,0.05531900000000001,0.169073,SLV,940290
32054329,197,9911,2016,104386.0,966005.0,0.10397999999999999,0.25556599999999996,SLV,940290
32054330,197,9911,2017,122155.0,797876.0,0.113639,0.23175199999999999,SLV,940290
32054331,197,9911,2018,34631.0,817630.0,0.073928,0.22548600000000002,SLV,940290
32054332,197,9911,2019,52483.0,1831210.0,0.014037,0.23216599999999998,SLV,940290
32054333,197,9911,2020,59273.0,4325350.0,-0.003327,0.18823399999999998,SLV,940290
32054334,198,9911,1995,,,,,SMR,940290
32054335,198,9911,1996,,,,,SMR,940290
32054336,198,9911,1997,,,,,SMR,940290
32054337,198,9911,1998,,,,,SMR,940290
32054338,198,9911,1999,,,,,SMR,940290
32054339,198,9911,2000,,,1.592363,0.189098,SMR,940290
32054340,198,9911,2001,,,1.40664,-0.034707999999999996,SMR,940290
32054341,198,9911,2002,,,1.389807,0.275878,SMR,940290
32054342,198,9911,2003,,,1.147666,0.167516,SMR,940290
32054343,198,9911,2004,,,1.547269,0.386809,SMR,940290
32054344,198,9911,2005,,,1.238703,0.24937600000000001,SMR,940290
32054345,198,9911,2006,,,1.3203340000000001,0.385184,SMR,940290
32054346,198,9911,2007,,,1.078776,0.36204899999999995,SMR,940290
32054347,198,9911,2008,441566.0,52695.0,1.40611,0.6159720000000001,SMR,940290
32054348,198,9911,2009,62029.0,0.0,1.221869,0.351498,SMR,940290
32054349,198,9911,2010,287262.0,0.0,1.0115299999999998,0.29852399999999996,SMR,940290
32054350,198,9911,2011,41035.0,11462.0,1.2974379999999999,0.6381760000000001,SMR,940290
32054351,198,9911,2012,0.0,855068.0,1.096372,0.608012,SMR,940290
32054352,198,9911,2013,0.0,55908.0,1.108559,0.569782,SMR,940290
32054353,198,9911,2014,1167.0,33224.0,0.9675090000000001,0.582902,SMR,940290
32054354,198,9911,2015,0.0,47980.0,0.918452,0.559399,SMR,940290
32054355,198,9911,2016,0.0,17738.0,1.086646,0.58939,SMR,940290
32054356,198,9911,2017,0.0,266297.0,0.984548,0.6116199999999999,SMR,940290
32054357,198,9911,2018,0.0,87671.0,1.1064260000000001,0.566218,SMR,940290
32054358,198,9911,2019,2023.0,187273.0,1.144691,0.7038989999999999,SMR,940290
32054359,198,9911,2020,26573.0,322961.0,1.106732,0.578281,SMR,940290
32054360,199,9911,1995,0.0,38512.0,-1.109082,-0.8426049999999999,SOM,940290
32054361,199,9911,1996,,,-1.622968,-0.912907,SOM,940290
32054362,199,9911,1997,0.0,3948.0,-0.6645270000000001,-0.8022739999999999,SOM,940290
32054363,199,9911,1998,0.0,7915.0,-0.684754,-0.836492,SOM,940290
32054364,199,9911,1999,0.0,88675.0,-0.763865,-0.8889090000000001,SOM,940290
32054365,199,9911,2000,0.0,45707.0,-0.521555,-0.8073229999999999,SOM,940290
32054366,199,9911,2001,0.0,94373.0,-0.11677799999999999,-0.623455,SOM,940290
32054367,199,9911,2002,0.0,44274.0,-0.055408000000000006,-0.5247470000000001,SOM,940290
32054368,199,9911,2003,0.0,79433.0,-0.319096,-0.649003,SOM,940290
32054369,199,9911,2004,0.0,22188.0,-0.255506,-0.6988260000000001,SOM,940290
32054370,199,9911,2005,0.0,11424.0,-0.9431440000000001,-0.9065350000000001,SOM,940290
32054371,199,9911,2006,0.0,22813.0,-0.8717010000000001,-0.8264969999999999,SOM,940290
32054372,199,9911,2007,0.0,116068.0,0.19860799999999998,-0.45140399999999997,SOM,940290
32054373,199,9911,2008,0.0,180559.0,-0.594349,-0.8550979999999999,SOM,940290
32054374,199,9911,2009,0.0,83020.0,-0.9824440000000001,-0.99467,SOM,940290
32054375,199,9911,2010,0.0,152075.0,-1.6843569999999999,-1.064691,SOM,940290
32054376,199,9911,2011,0.0,86512.0,-1.509242,-0.8817309999999999,SOM,940290
32054377,199,9911,2012,0.0,120231.0,-1.104662,-1.134201,SOM,940290
32054378,199,9911,2013,0.0,1282945.0,-1.194368,-0.915163,SOM,940290
32054379,199,9911,2014,0.0,909802.0,-1.41991,-1.010693,SOM,940290
32054380,199,9911,2015,0.0,718635.0,-1.716689,-1.078134,SOM,940290
32054381,199,9911,2016,0.0,604945.0,-1.429439,-1.006612,SOM,940290
32054382,199,9911,2017,0.0,613408.0,-1.2313479999999999,-1.063879,SOM,940290
32054383,199,9911,2018,0.0,713322.0,-1.4787370000000002,-1.050578,SOM,940290
32054384,199,9911,2019,0.0,1063865.0,-1.046802,-0.961166,SOM,940290
32054385,199,9911,2020,0.0,909981.0,-1.26219,-1.0055180000000001,SOM,940290
32054386,200,9911,1995,0.0,9829.0,0.430471,-0.47626,SPM,940290
32054387,200,9911,1996,0.0,3606.0,-0.083964,-0.600418,SPM,940290
32054388,200,9911,1997,0.0,10216.0,0.497191,-0.46033,SPM,940290
32054389,200,9911,1998,0.0,23514.0,1.1440860000000002,-0.16153499999999998,SPM,940290
32054390,200,9911,1999,0.0,10744.0,-0.093305,-0.743243,SPM,940290
32054391,200,9911,2000,0.0,29596.0,-0.645166,-0.897775,SPM,940290
32054392,200,9911,2001,0.0,75574.0,-0.32603699999999997,-0.917085,SPM,940290
32054393,200,9911,2002,0.0,40818.0,-1.291565,-0.9258290000000001,SPM,940290
32054394,200,9911,2003,0.0,13582.0,0.677331,-0.645223,SPM,940290
32054395,200,9911,2004,0.0,28604.0,-0.29473499999999997,-0.8513,SPM,940290
32054396,200,9911,2005,0.0,24885.0,-0.591713,-0.8518979999999999,SPM,940290
32054397,200,9911,2006,0.0,22596.0,0.207474,-0.624729,SPM,940290
32054398,200,9911,2007,0.0,72727.0,-0.995914,-0.91112,SPM,940290
32054399,200,9911,2008,0.0,89982.0,-0.01135,-0.8057350000000001,SPM,940290
32054400,200,9911,2009,0.0,159177.0,-0.476847,-0.902595,SPM,940290
32054401,200,9911,2010,0.0,237275.0,-0.740992,-0.9825139999999999,SPM,940290
32054402,200,9911,2011,0.0,142798.0,-1.120206,-1.030257,SPM,940290
32054403,200,9911,2012,0.0,479070.0,-0.720507,-0.8856700000000001,SPM,940290
32054404,200,9911,2013,0.0,156855.0,0.000466,-0.672524,SPM,940290
32054405,200,9911,2014,0.0,121943.0,0.783898,-0.540244,SPM,940290
32054406,200,9911,2015,0.0,61866.0,1.108603,-0.356745,SPM,940290
32054407,200,9911,2016,0.0,65026.0,0.6510100000000001,-0.494381,SPM,940290
32054408,200,9911,2017,0.0,118414.0,0.349463,-0.554142,SPM,940290
32054409,200,9911,2018,0.0,36518.0,0.750329,-0.6562,SPM,940290
32054410,200,9911,2019,0.0,36418.0,0.14380199999999999,-0.788161,SPM,940290
32054411,200,9911,2020,0.0,130851.0,0.162968,-0.736591,SPM,940290
32054412,201,9911,1995,,,,,SRB,940290
32054413,201,9911,1996,,,,,SRB,940290
32054414,201,9911,1997,,,,,SRB,940290
32054415,201,9911,1998,,,,,SRB,940290
32054416,201,9911,1999,,,,,SRB,940290
32054417,201,9911,2000,,,,,SRB,940290
32054418,201,9911,2001,,,,,SRB,940290
32054419,201,9911,2002,,,,,SRB,940290
32054420,201,9911,2003,,,,,SRB,940290
32054421,201,9911,2004,,,,,SRB,940290
32054422,201,9911,2005,124086.0,876007.0,0.627272,1.170525,SRB,940290
32054423,201,9911,2006,286928.0,2161540.0,0.547824,1.5588879999999998,SRB,940290
32054424,201,9911,2007,434565.0,4421862.0,0.579288,1.464123,SRB,940290
32054425,201,9911,2008,427577.0,4171722.0,0.615147,1.484149,SRB,940290
32054426,201,9911,2009,184946.0,3508777.0,0.531766,1.477837,SRB,940290
32054427,201,9911,2010,206570.0,3133258.0,0.561161,1.33974,SRB,940290
32054428,201,9911,2011,129230.0,2469969.0,0.49055699999999997,1.5601399999999999,SRB,940290
32054429,201,9911,2012,418897.0,2314743.0,0.5927359999999999,1.507069,SRB,940290
32054430,201,9911,2013,323766.0,2254041.0,0.5717720000000001,1.174901,SRB,940290
32054431,201,9911,2014,477429.0,3544472.0,0.551635,1.211535,SRB,940290
32054432,201,9911,2015,277625.0,2012095.0,0.457042,1.324908,SRB,940290
32054433,201,9911,2016,314650.0,1850410.0,0.501676,1.0447520000000001,SRB,940290
32054434,201,9911,2017,720975.0,3256309.0,0.541644,1.19872,SRB,940290
32054435,201,9911,2018,610148.0,4387329.0,0.607486,1.2139389999999999,SRB,940290
32054436,201,9911,2019,647858.0,3626986.0,0.543913,1.210102,SRB,940290
32054437,201,9911,2020,425220.0,6377625.0,0.5868399999999999,1.1187120000000002,SRB,940290
32054438,202,9911,1995,,,,,SSD,940290
32054439,202,9911,1996,,,,,SSD,940290
32054440,202,9911,1997,,,,,SSD,940290
32054441,202,9911,1998,,,,,SSD,940290
32054442,202,9911,1999,,,,,SSD,940290
32054443,202,9911,2000,,,,,SSD,940290
32054444,202,9911,2001,,,,,SSD,940290
32054445,202,9911,2002,,,,,SSD,940290
32054446,202,9911,2003,,,,,SSD,940290
32054447,202,9911,2004,,,,,SSD,940290
32054448,202,9911,2005,,,,,SSD,940290
32054449,202,9911,2006,,,,,SSD,940290
32054450,202,9911,2007,,,,,SSD,940290
32054451,202,9911,2008,,,,,SSD,940290
32054452,202,9911,2009,,,,,SSD,940290
32054453,202,9911,2010,,,,,SSD,940290
32054454,202,9911,2011,,,,,SSD,940290
32054455,202,9911,2012,0.0,73007.0,-3.135253,-1.1242379999999998,SSD,940290
32054456,202,9911,2013,0.0,90468.0,-2.57,-0.8567969999999999,SSD,940290
32054457,202,9911,2014,0.0,36373.0,-2.824279,-0.8767969999999999,SSD,940290
32054458,202,9911,2015,0.0,262066.0,-2.704381,-0.969411,SSD,940290
32054459,202,9911,2016,0.0,375340.0,-1.841894,-1.024367,SSD,940290
32054460,202,9911,2017,0.0,439029.0,-2.23581,-0.962008,SSD,940290
32054461,202,9911,2018,0.0,140878.0,-2.431595,-1.0499290000000001,SSD,940290
32054462,202,9911,2019,0.0,535156.0,-1.8098990000000001,-1.0067979999999999,SSD,940290
32054463,202,9911,2020,0.0,160797.0,-1.948366,-0.9899879999999999,SSD,940290
32054464,203,9911,1995,0.0,25529.0,0.449305,-0.360527,STP,940290
32054465,203,9911,1996,,,0.728959,-0.374555,STP,940290
32054466,203,9911,1997,0.0,1210.0,0.747713,-0.46550699999999995,STP,940290
32054467,203,9911,1998,,,0.7375470000000001,-0.333401,STP,940290
32054468,203,9911,1999,0.0,22899.0,1.1602629999999998,-0.232077,STP,940290
32054469,203,9911,2000,0.0,1351.0,0.45126099999999997,-0.42898800000000004,STP,940290
32054470,203,9911,2001,0.0,4199.0,0.777231,-0.484709,STP,940290
32054471,203,9911,2002,0.0,6532.0,0.47539499999999996,-0.297348,STP,940290
32054472,203,9911,2003,0.0,51746.0,1.046084,-0.183027,STP,940290
32054473,203,9911,2004,0.0,7694.0,0.7482850000000001,-0.14005499999999999,STP,940290
32054474,203,9911,2005,0.0,12794.0,0.966426,-0.156933,STP,940290
32054475,203,9911,2006,,,0.805511,-0.19645,STP,940290
32054476,203,9911,2007,,,0.739933,-0.19098199999999999,STP,940290
32054477,203,9911,2008,0.0,7417.0,0.264059,-0.639443,STP,940290
32054478,203,9911,2009,0.0,15735.0,0.370989,-0.518133,STP,940290
32054479,203,9911,2010,0.0,13070.0,0.676596,-0.145275,STP,940290
32054480,203,9911,2011,,,0.583847,-0.193211,STP,940290
32054481,203,9911,2012,0.0,385030.0,0.5816819999999999,-0.251404,STP,940290
32054482,203,9911,2013,0.0,7219.0,0.8999219999999999,-0.101662,STP,940290
32054483,203,9911,2014,0.0,14204.0,1.172431,-0.024141,STP,940290
32054484,203,9911,2015,0.0,26173.0,1.051934,-0.304408,STP,940290
32054485,203,9911,2016,0.0,10091.0,0.27849,-0.670342,STP,940290
32054486,203,9911,2017,0.0,24451.0,0.531107,-0.43282200000000004,STP,940290
32054487,203,9911,2018,0.0,14847.0,1.426999,-0.039189999999999996,STP,940290
32054488,203,9911,2019,0.0,19568.0,0.8287889999999999,-0.345114,STP,940290
32054489,203,9911,2020,0.0,44405.0,0.327507,-0.46483,STP,940290
32054490,204,9911,1995,,,,,SUN,940290
32054491,204,9911,1996,,,,,SUN,940290
32054492,204,9911,1997,,,,,SUN,940290
32054493,204,9911,1998,,,,,SUN,940290
32054494,204,9911,1999,,,,,SUN,940290
32054495,204,9911,2000,,,,,SUN,940290
32054496,204,9911,2001,,,,,SUN,940290
32054497,204,9911,2002,,,,,SUN,940290
32054498,204,9911,2003,,,,,SUN,940290
32054499,204,9911,2004,,,,,SUN,940290
32054500,204,9911,2005,,,,,SUN,940290
32054501,204,9911,2006,,,,,SUN,940290
32054502,204,9911,2007,,,,,SUN,940290
32054503,204,9911,2008,,,,,SUN,940290
32054504,204,9911,2009,,,,,SUN,940290
32054505,204,9911,2010,,,,,SUN,940290
32054506,204,9911,2011,,,,,SUN,940290
32054507,204,9911,2012,,,,,SUN,940290
32054508,204,9911,2013,,,,,SUN,940290
32054509,204,9911,2014,,,,,SUN,940290
32054510,204,9911,2015,,,,,SUN,940290
32054511,204,9911,2016,,,,,SUN,940290
32054512,204,9911,2017,,,,,SUN,940290
32054513,204,9911,2018,,,,,SUN,940290
32054514,204,9911,2019,,,,,SUN,940290
32054515,204,9911,2020,,,,,SUN,940290
32054516,205,9911,1995,0.0,108919.0,-0.75729,-0.8253459999999999,SUR,940290
32054517,205,9911,1996,0.0,26431.0,-0.93463,-0.797197,SUR,940290
32054518,205,9911,1997,0.0,69708.0,-0.806946,-0.83919,SUR,940290
32054519,205,9911,1998,0.0,419772.0,-0.9914540000000001,-0.893913,SUR,940290
32054520,205,9911,1999,0.0,14160.0,-0.799447,-0.85055,SUR,940290
32054521,205,9911,2000,0.0,36292.0,-0.623625,-0.793325,SUR,940290
32054522,205,9911,2001,0.0,3189.0,-0.650556,-0.801128,SUR,940290
32054523,205,9911,2002,0.0,43410.0,-0.9120030000000001,-0.8871020000000001,SUR,940290
32054524,205,9911,2003,0.0,116934.0,-0.896925,-0.88623,SUR,940290
32054525,205,9911,2004,0.0,81377.0,-0.991433,-0.926657,SUR,940290
32054526,205,9911,2005,0.0,140254.0,-0.571864,-0.851351,SUR,940290
32054527,205,9911,2006,0.0,39625.0,-0.754046,-0.872361,SUR,940290
32054528,205,9911,2007,0.0,255226.0,-0.8506440000000001,-0.8898959999999999,SUR,940290
32054529,205,9911,2008,0.0,84181.0,-0.766178,-0.8888,SUR,940290
32054530,205,9911,2009,0.0,220480.0,-0.580507,-1.072833,SUR,940290
32054531,205,9911,2010,0.0,323491.0,-0.5734560000000001,-0.936167,SUR,940290
32054532,205,9911,2011,0.0,417344.0,-0.504897,-0.835426,SUR,940290
32054533,205,9911,2012,0.0,273188.0,-0.45644300000000004,-0.783343,SUR,940290
32054534,205,9911,2013,0.0,539514.0,-0.417865,-0.7600399999999999,SUR,940290
32054535,205,9911,2014,0.0,315428.0,-0.6333989999999999,-0.857643,SUR,940290
32054536,205,9911,2015,0.0,279801.0,-0.570361,-1.005072,SUR,940290
32054537,205,9911,2016,0.0,104532.0,-0.7823869999999999,-1.060347,SUR,940290
32054538,205,9911,2017,5133.0,270431.0,-0.596432,-1.0249700000000002,SUR,940290
32054539,205,9911,2018,0.0,149892.0,-0.798074,-1.023046,SUR,940290
32054540,205,9911,2019,0.0,419586.0,-0.369004,-1.017133,SUR,940290
32054541,205,9911,2020,0.0,620894.0,-0.272244,-0.937541,SUR,940290
32054542,206,9911,1995,2628918.0,1466909.0,1.2249780000000001,1.405585,SVK,940290
32054543,206,9911,1996,1321117.0,3432450.0,1.189398,1.29167,SVK,940290
32054544,206,9911,1997,1120097.0,2240827.0,1.200699,1.318346,SVK,940290
32054545,206,9911,1998,859147.0,955359.0,1.202453,1.228204,SVK,940290
32054546,206,9911,1999,778086.0,483066.0,1.133942,1.105742,SVK,940290
32054547,206,9911,2000,832406.0,535784.0,1.228151,1.112002,SVK,940290
32054548,206,9911,2001,876498.0,2528395.0,1.1732770000000001,1.088576,SVK,940290
32054549,206,9911,2002,1790466.0,1309978.0,1.1907379999999999,1.050649,SVK,940290
32054550,206,9911,2003,2435513.0,1831098.0,1.22565,0.915518,SVK,940290
32054551,206,9911,2004,4625072.0,2706973.0,1.2375120000000002,0.8777889999999999,SVK,940290
32054552,206,9911,2005,4176956.0,3443496.0,1.250608,0.9054639999999999,SVK,940290
32054553,206,9911,2006,3513101.0,4719703.0,1.291583,0.868317,SVK,940290
32054554,206,9911,2007,3112314.0,4642276.0,1.358301,0.79655,SVK,940290
32054555,206,9911,2008,3759734.0,8395521.0,1.3402040000000002,0.8038770000000001,SVK,940290
32054556,206,9911,2009,3028972.0,16722319.0,1.231382,0.820968,SVK,940290
32054557,206,9911,2010,4087949.0,8795229.0,1.278601,0.726907,SVK,940290
32054558,206,9911,2011,5543933.0,9811169.0,1.262897,0.8230569999999999,SVK,940290
32054559,206,9911,2012,4658764.0,13174433.0,1.26088,0.7704770000000001,SVK,940290
32054560,206,9911,2013,7249210.0,9926513.0,1.32064,0.7519819999999999,SVK,940290
32054561,206,9911,2014,7945698.0,11318109.0,1.334959,0.821253,SVK,940290
32054562,206,9911,2015,4531898.0,7789660.0,1.287133,0.7900560000000001,SVK,940290
32054563,206,9911,2016,4572887.0,6047614.0,1.273942,0.763966,SVK,940290
32054564,206,9911,2017,3945849.0,6047345.0,1.279606,0.85503,SVK,940290
32054565,206,9911,2018,5362985.0,12742990.0,1.3270979999999999,0.877684,SVK,940290
32054566,206,9911,2019,5598576.0,19482708.0,1.39311,0.743107,SVK,940290
32054567,206,9911,2020,6517993.0,14626899.0,1.338026,0.825268,SVK,940290
32054568,207,9911,1995,549526.0,1456029.0,1.424606,1.490521,SVN,940290
32054569,207,9911,1996,822509.0,2256806.0,1.409184,1.37245,SVN,940290
32054570,207,9911,1997,893202.0,3070980.0,1.435765,1.348897,SVN,940290
32054571,207,9911,1998,1462948.0,1857171.0,1.442955,1.27214,SVN,940290
32054572,207,9911,1999,967544.0,1529308.0,1.447589,1.284414,SVN,940290
32054573,207,9911,2000,521983.0,1662409.0,1.493533,1.142239,SVN,940290
32054574,207,9911,2001,465509.0,1653567.0,1.5074370000000001,1.1370040000000001,SVN,940290
32054575,207,9911,2002,735867.0,1814296.0,1.5643770000000001,1.043862,SVN,940290
32054576,207,9911,2003,604249.0,3870930.0,1.6459840000000001,1.014191,SVN,940290
32054577,207,9911,2004,888510.0,2895930.0,1.628643,1.02381,SVN,940290
32054578,207,9911,2005,1731304.0,3667624.0,1.583591,0.9321229999999999,SVN,940290
32054579,207,9911,2006,1497224.0,3363295.0,1.5882370000000001,0.800719,SVN,940290
32054580,207,9911,2007,1877781.0,3628226.0,1.605767,0.692926,SVN,940290
32054581,207,9911,2008,2883604.0,4661725.0,1.5099209999999998,0.683663,SVN,940290
32054582,207,9911,2009,2549888.0,7520338.0,1.548036,0.730396,SVN,940290
32054583,207,9911,2010,3029884.0,3689301.0,1.595473,0.7023020000000001,SVN,940290
32054584,207,9911,2011,3452656.0,5251761.0,1.642913,0.700222,SVN,940290
32054585,207,9911,2012,3411653.0,5559211.0,1.548381,0.699002,SVN,940290
32054586,207,9911,2013,3162076.0,2545965.0,1.698374,0.563082,SVN,940290
32054587,207,9911,2014,4822576.0,3939473.0,1.6558669999999998,0.6814399999999999,SVN,940290
32054588,207,9911,2015,3716250.0,4504241.0,1.6089879999999999,0.833616,SVN,940290
32054589,207,9911,2016,4889146.0,5016585.0,1.6466720000000001,0.8247680000000001,SVN,940290
32054590,207,9911,2017,5153561.0,4503846.0,1.600319,0.854305,SVN,940290
32054591,207,9911,2018,6359973.0,4124600.0,1.67428,0.7703800000000001,SVN,940290
32054592,207,9911,2019,7475476.0,3984658.0,1.63711,0.803198,SVN,940290
32054593,207,9911,2020,5839141.0,5541214.0,1.570699,0.8442459999999999,SVN,940290
32054594,208,9911,1995,21019970.0,17499625.0,2.246997,1.060171,SWE,940290
32054595,208,9911,1996,22870868.0,15279738.0,2.133781,0.9099889999999999,SWE,940290
32054596,208,9911,1997,20516653.0,16031113.0,2.120182,0.993078,SWE,940290
32054597,208,9911,1998,21300150.0,13399584.0,2.134076,0.9259729999999999,SWE,940290
32054598,208,9911,1999,21430540.0,14870462.0,2.1456720000000002,0.856556,SWE,940290
32054599,208,9911,2000,17161830.0,15423506.0,2.168823,0.839417,SWE,940290
32054600,208,9911,2001,18248523.0,15055518.0,2.156845,0.784439,SWE,940290
32054601,208,9911,2002,23647692.0,19302907.0,2.128614,0.7891199999999999,SWE,940290
32054602,208,9911,2003,23436857.0,17001161.0,2.099224,0.799982,SWE,940290
32054603,208,9911,2004,26257001.0,23205584.0,2.0522080000000003,0.8326969999999999,SWE,940290
32054604,208,9911,2005,26563077.0,26001349.0,1.902796,0.84031,SWE,940290
32054605,208,9911,2006,31411550.0,28502094.0,1.902737,0.593294,SWE,940290
32054606,208,9911,2007,30638344.0,34601625.0,1.927244,0.498241,SWE,940290
32054607,208,9911,2008,28675739.0,32354950.0,1.866575,0.44342700000000007,SWE,940290
32054608,208,9911,2009,29705279.0,25994807.0,1.877821,0.336565,SWE,940290
32054609,208,9911,2010,37047263.0,29044652.0,1.882239,0.397927,SWE,940290
32054610,208,9911,2011,40116201.0,35572819.0,1.857146,0.366159,SWE,940290
32054611,208,9911,2012,40998012.0,23309854.0,1.78062,0.269041,SWE,940290
32054612,208,9911,2013,53954855.0,28880788.0,1.869421,0.228109,SWE,940290
32054613,208,9911,2014,44425496.0,38672669.0,1.817752,0.558474,SWE,940290
32054614,208,9911,2015,37999970.0,25514787.0,1.8068349999999997,0.693389,SWE,940290
32054615,208,9911,2016,35874035.0,29192383.0,1.785149,0.767444,SWE,940290
32054616,208,9911,2017,37465703.0,28589131.0,1.764732,0.732646,SWE,940290
32054617,208,9911,2018,41805360.0,34429827.0,1.76361,0.766904,SWE,940290
32054618,208,9911,2019,45193724.0,30504160.0,1.781148,0.742037,SWE,940290
32054619,208,9911,2020,51425076.0,34024890.0,1.6911310000000002,0.791586,SWE,940290
32054620,209,9911,1995,,,,,SWZ,940290
32054621,209,9911,1996,,,,,SWZ,940290
32054622,209,9911,1997,,,,,SWZ,940290
32054623,209,9911,1998,,,,,SWZ,940290
32054624,209,9911,1999,,,,,SWZ,940290
32054625,209,9911,2000,34368.0,156050.0,0.48578000000000005,-0.200928,SWZ,940290
32054626,209,9911,2001,1772.0,8445.0,0.372699,-0.287132,SWZ,940290
32054627,209,9911,2002,0.0,57184.0,0.49801599999999996,-0.139709,SWZ,940290
32054628,209,9911,2003,5264.0,157196.0,0.399541,-0.23342600000000002,SWZ,940290
32054629,209,9911,2004,2930.0,207028.0,0.397488,-0.264855,SWZ,940290
32054630,209,9911,2005,3465.0,588992.0,0.632886,-0.045288,SWZ,940290
32054631,209,9911,2006,0.0,56963.0,0.750674,0.221306,SWZ,940290
32054632,209,9911,2007,52843.0,63804.0,0.9562299999999999,0.053538,SWZ,940290
32054633,209,9911,2008,11013.0,151488.0,0.761506,0.29043,SWZ,940290
32054634,209,9911,2009,112235.0,188085.0,0.6420859999999999,0.060127999999999994,SWZ,940290
32054635,209,9911,2010,32254.0,197094.0,0.186142,-0.34577800000000003,SWZ,940290
32054636,209,9911,2011,83110.0,490189.0,0.169986,-0.078842,SWZ,940290
32054637,209,9911,2012,15650.0,127649.0,0.199997,-0.383511,SWZ,940290
32054638,209,9911,2013,63604.0,442275.0,0.109267,-0.275005,SWZ,940290
32054639,209,9911,2014,59551.0,132752.0,0.22972199999999998,-0.365564,SWZ,940290
32054640,209,9911,2015,53131.0,366053.0,0.257467,-0.402491,SWZ,940290
32054641,209,9911,2016,45193.0,395919.0,0.2785,-0.43804799999999994,SWZ,940290
32054642,209,9911,2017,43245.0,349912.0,0.126066,-0.551203,SWZ,940290
32054643,209,9911,2018,23341.0,196666.0,-0.008154999999999999,-0.6079319999999999,SWZ,940290
32054644,209,9911,2019,8519.0,263652.0,0.087181,-0.760434,SWZ,940290
32054645,209,9911,2020,34723.0,667585.0,0.289013,-0.556212,SWZ,940290
32054646,210,9911,1995,,,,,SXM,940290
32054647,210,9911,1996,,,,,SXM,940290
32054648,210,9911,1997,,,,,SXM,940290
32054649,210,9911,1998,,,,,SXM,940290
32054650,210,9911,1999,,,,,SXM,940290
32054651,210,9911,2000,,,,,SXM,940290
32054652,210,9911,2001,,,,,SXM,940290
32054653,210,9911,2002,,,,,SXM,940290
32054654,210,9911,2003,,,,,SXM,940290
32054655,210,9911,2004,,,,,SXM,940290
32054656,210,9911,2005,,,,,SXM,940290
32054657,210,9911,2006,,,,,SXM,940290
32054658,210,9911,2007,,,,,SXM,940290
32054659,210,9911,2008,,,,,SXM,940290
32054660,210,9911,2009,,,,,SXM,940290
32054661,210,9911,2010,,,,,SXM,940290
32054662,210,9911,2011,0.0,6511.0,0.5770390000000001,-0.581371,SXM,940290
32054663,210,9911,2012,0.0,41701.0,0.659824,-0.7646430000000001,SXM,940290
32054664,210,9911,2013,0.0,372553.0,0.5512090000000001,-0.22818400000000003,SXM,940290
32054665,210,9911,2014,0.0,7543.0,0.6489020000000001,-0.646605,SXM,940290
32054666,210,9911,2015,0.0,20539.0,0.945973,-0.7548229999999999,SXM,940290
32054667,210,9911,2016,0.0,21858.0,1.005781,-0.871658,SXM,940290
32054668,210,9911,2017,2014.0,47621.0,0.892698,-0.795854,SXM,940290
32054669,210,9911,2018,1161.0,26650.0,1.115443,-0.661118,SXM,940290
32054670,210,9911,2019,0.0,62469.0,0.8903719999999999,0.116156,SXM,940290
32054671,210,9911,2020,0.0,116377.0,1.04788,-0.671874,SXM,940290
32054672,211,9911,1995,0.0,5848.0,-0.103343,-0.57371,SYC,940290
32054673,211,9911,1996,0.0,2556.0,0.239125,-0.458433,SYC,940290
32054674,211,9911,1997,0.0,266205.0,-0.19443,-0.768889,SYC,940290
32054675,211,9911,1998,0.0,83598.0,0.265625,-0.590012,SYC,940290
32054676,211,9911,1999,0.0,24701.0,0.11940999999999999,-0.7071270000000001,SYC,940290
32054677,211,9911,2000,0.0,493016.0,-0.310244,-0.8293209999999999,SYC,940290
32054678,211,9911,2001,0.0,7729.0,0.065059,-0.7806489999999999,SYC,940290
32054679,211,9911,2002,0.0,46015.0,-0.977247,-0.927527,SYC,940290
32054680,211,9911,2003,0.0,56420.0,-0.44341099999999994,-0.742566,SYC,940290
32054681,211,9911,2004,0.0,55676.0,-0.12954100000000002,-0.713507,SYC,940290
32054682,211,9911,2005,3316.0,50238.0,0.153199,-0.662357,SYC,940290
32054683,211,9911,2006,0.0,199231.0,-0.344619,-0.796139,SYC,940290
32054684,211,9911,2007,68655.0,73449.0,-0.644497,-0.8748520000000001,SYC,940290
32054685,211,9911,2008,0.0,69909.0,0.29189699999999996,-0.47472600000000004,SYC,940290
32054686,211,9911,2009,0.0,49160.0,-0.16046400000000002,-0.81512,SYC,940290
32054687,211,9911,2010,6548.0,335837.0,-0.075668,-0.549686,SYC,940290
32054688,211,9911,2011,17571.0,205158.0,0.287017,-0.5136850000000001,SYC,940290
32054689,211,9911,2012,0.0,1249531.0,0.034894999999999995,-0.497121,SYC,940290
32054690,211,9911,2013,0.0,192574.0,0.270999,-0.474095,SYC,940290
32054691,211,9911,2014,0.0,341507.0,0.358111,-0.484879,SYC,940290
32054692,211,9911,2015,5071.0,180027.0,1.017467,-0.285569,SYC,940290
32054693,211,9911,2016,0.0,241197.0,0.441241,-0.580767,SYC,940290
32054694,211,9911,2017,0.0,376795.0,0.41946000000000006,-0.523274,SYC,940290
32054695,211,9911,2018,0.0,458899.0,0.187352,-0.693013,SYC,940290
32054696,211,9911,2019,1462.0,173510.0,0.024113,-0.711363,SYC,940290
32054697,211,9911,2020,6441.0,280597.0,0.185747,-0.695441,SYC,940290
32054698,212,9911,1995,6209.0,1598818.0,-0.8829469999999999,-0.809407,SYR,940290
32054699,212,9911,1996,0.0,521994.0,-1.100666,-0.90038,SYR,940290
32054700,212,9911,1997,0.0,516815.0,-1.046433,-0.9678620000000001,SYR,940290
32054701,212,9911,1998,87617.0,434326.0,-0.807312,-0.626358,SYR,940290
32054702,212,9911,1999,8918.0,828526.0,-0.996784,-0.6344069999999999,SYR,940290
32054703,212,9911,2000,34668.0,110733.0,-1.1566969999999999,-0.783626,SYR,940290
32054704,212,9911,2001,14794.0,224654.0,-1.057217,-0.716331,SYR,940290
32054705,212,9911,2002,31003.0,1019704.0,-1.067974,-0.513309,SYR,940290
32054706,212,9911,2003,94851.0,1172081.0,-0.868749,-0.326322,SYR,940290
32054707,212,9911,2004,104964.0,5376353.0,-0.568707,-0.034736,SYR,940290
32054708,212,9911,2005,67438.0,2275191.0,-0.677037,0.107451,SYR,940290
32054709,212,9911,2006,92893.0,2072629.0,-0.588695,0.532487,SYR,940290
32054710,212,9911,2007,142527.0,1869947.0,-0.46851899999999996,0.553396,SYR,940290
32054711,212,9911,2008,237870.0,5720722.0,-0.365789,0.877383,SYR,940290
32054712,212,9911,2009,78805.0,3718220.0,-0.48481199999999997,1.464509,SYR,940290
32054713,212,9911,2010,69277.0,3433903.0,-0.46833800000000003,1.11952,SYR,940290
32054714,212,9911,2011,39520.0,4215950.0,-0.604133,0.5268970000000001,SYR,940290
32054715,212,9911,2012,5605.0,1268422.0,-0.11197,1.916262,SYR,940290
32054716,212,9911,2013,0.0,1645796.0,-0.14343399999999998,1.077256,SYR,940290
32054717,212,9911,2014,24665.0,3208975.0,-0.366224,0.9054719999999999,SYR,940290
32054718,212,9911,2015,39243.0,1620663.0,-0.603532,0.313216,SYR,940290
32054719,212,9911,2016,0.0,3757900.0,-0.746222,0.179918,SYR,940290
32054720,212,9911,2017,2807.0,1394314.0,-0.660905,0.345462,SYR,940290
32054721,212,9911,2018,0.0,3390843.0,-0.6836760000000001,0.554563,SYR,940290
32054722,212,9911,2019,2721.0,1603794.0,-0.67825,0.385416,SYR,940290
32054723,212,9911,2020,4604.0,2364951.0,-0.579237,0.391392,SYR,940290
32054724,213,9911,1995,0.0,29132.0,-0.23597100000000001,-0.665011,TCA,940290
32054725,213,9911,1996,0.0,14363.0,-0.371632,-0.7145560000000001,TCA,940290
32054726,213,9911,1997,,,0.133095,-0.558163,TCA,940290
32054727,213,9911,1998,0.0,97555.0,0.814749,-0.119999,TCA,940290
32054728,213,9911,1999,0.0,11300.0,0.562234,-0.121843,TCA,940290
32054729,213,9911,2000,0.0,2790.0,0.8450059999999999,-0.064875,TCA,940290
32054730,213,9911,2001,0.0,12254.0,0.433253,-0.23213000000000003,TCA,940290
32054731,213,9911,2002,0.0,12341.0,0.823909,0.075611,TCA,940290
32054732,213,9911,2003,0.0,5116.0,0.306975,-0.288514,TCA,940290
32054733,213,9911,2004,0.0,9416.0,0.51858,-0.030114,TCA,940290
32054734,213,9911,2005,0.0,35005.0,0.11690199999999999,-0.47542399999999996,TCA,940290
32054735,213,9911,2006,0.0,10783.0,0.43692700000000007,-0.135696,TCA,940290
32054736,213,9911,2007,0.0,81232.0,0.847607,-0.055827999999999996,TCA,940290
32054737,213,9911,2008,0.0,49521.0,0.952044,0.23326100000000002,TCA,940290
32054738,213,9911,2009,0.0,286016.0,0.660828,-0.24060700000000002,TCA,940290
32054739,213,9911,2010,0.0,165127.0,0.86575,0.044395,TCA,940290
32054740,213,9911,2011,0.0,58113.0,0.610742,0.11455599999999999,TCA,940290
32054741,213,9911,2012,0.0,4400.0,0.0036270000000000004,-0.6585,TCA,940290
32054742,213,9911,2013,0.0,17673.0,0.41053199999999995,-0.007201999999999999,TCA,940290
32054743,213,9911,2014,0.0,1377.0,0.474182,-0.198892,TCA,940290
32054744,213,9911,2015,,,0.27341,-0.5579649999999999,TCA,940290
32054745,213,9911,2016,87165.0,29748.0,0.603232,-0.32155900000000004,TCA,940290
32054746,213,9911,2017,0.0,33032.0,0.897017,0.219298,TCA,940290
32054747,213,9911,2018,0.0,141826.0,0.915309,-0.1886,TCA,940290
32054748,213,9911,2019,0.0,109163.0,0.729377,-0.28097300000000003,TCA,940290
32054749,213,9911,2020,0.0,56694.0,0.820773,-0.246383,TCA,940290
32054750,214,9911,1995,0.0,25562.0,-0.6866180000000001,-0.752698,TCD,940290
32054751,214,9911,1996,0.0,1173.0,-0.8289059999999999,-0.688122,TCD,940290
32054752,214,9911,1997,0.0,102829.0,-0.297833,-0.76769,TCD,940290
32054753,214,9911,1998,0.0,139845.0,-1.779351,-0.915178,TCD,940290
32054754,214,9911,1999,0.0,1158997.0,-0.449592,-0.828462,TCD,940290
32054755,214,9911,2000,0.0,143976.0,-0.708272,-0.872301,TCD,940290
32054756,214,9911,2001,0.0,11647.0,-0.655004,-0.872215,TCD,940290
32054757,214,9911,2002,0.0,251371.0,0.160853,-0.672233,TCD,940290
32054758,214,9911,2003,0.0,22771.0,-0.263238,-0.6801189999999999,TCD,940290
32054759,214,9911,2004,0.0,94246.0,-0.8921290000000001,-0.881603,TCD,940290
32054760,214,9911,2005,0.0,21903.0,-1.927016,-0.876934,TCD,940290
32054761,214,9911,2006,0.0,567219.0,-3.0579419999999997,-0.8926649999999999,TCD,940290
32054762,214,9911,2007,0.0,253074.0,-2.544742,-0.928218,TCD,940290
32054763,214,9911,2008,139994.0,276892.0,-2.837417,-0.927269,TCD,940290
32054764,214,9911,2009,0.0,109427.0,-1.294648,-0.9645020000000001,TCD,940290
32054765,214,9911,2010,0.0,1661274.0,0.035565,-0.759857,TCD,940290
32054766,214,9911,2011,0.0,409881.0,-2.368546,-0.814948,TCD,940290
32054767,214,9911,2012,0.0,1837989.0,-2.067077,-0.987223,TCD,940290
32054768,214,9911,2013,0.0,663297.0,-2.800677,-0.9466969999999999,TCD,940290
32054769,214,9911,2014,0.0,101681.0,-2.012048,-0.921558,TCD,940290
32054770,214,9911,2015,0.0,31827.0,-1.543675,-0.9703860000000001,TCD,940290
32054771,214,9911,2016,0.0,56958.0,-2.7867189999999997,-1.035452,TCD,940290
32054772,214,9911,2017,0.0,1014251.0,-2.263503,-1.00147,TCD,940290
32054773,214,9911,2018,0.0,23325.0,-1.845707,-1.032018,TCD,940290
32054774,214,9911,2019,0.0,191355.0,-2.636669,-1.033665,TCD,940290
32054775,214,9911,2020,0.0,458909.0,-2.862755,-1.0123090000000001,TCD,940290
32054776,215,9911,1995,5182.0,175116.0,-0.962727,-0.873151,TGO,940290
32054777,215,9911,1996,0.0,140827.0,-0.9070459999999999,-0.7702399999999999,TGO,940290
32054778,215,9911,1997,9694.0,145036.0,-0.974678,-0.8150350000000001,TGO,940290
32054779,215,9911,1998,0.0,181854.0,-0.8338540000000001,-0.8437020000000001,TGO,940290
32054780,215,9911,1999,0.0,325568.0,-0.583782,-0.6632279999999999,TGO,940290
32054781,215,9911,2000,0.0,47471.0,-0.799952,-0.63056,TGO,940290
32054782,215,9911,2001,0.0,24135.0,-0.758725,-0.577004,TGO,940290
32054783,215,9911,2002,1137.0,359915.0,-0.6810039999999999,-0.6286930000000001,TGO,940290
32054784,215,9911,2003,19396.0,264888.0,-0.5058590000000001,-0.520586,TGO,940290
32054785,215,9911,2004,6693.0,412006.0,-0.6788270000000001,-0.482984,TGO,940290
32054786,215,9911,2005,0.0,129155.0,-0.745209,-0.455725,TGO,940290
32054787,215,9911,2006,1847.0,131033.0,-0.8304020000000001,-0.678178,TGO,940290
32054788,215,9911,2007,0.0,222233.0,-0.78689,-0.806879,TGO,940290
32054789,215,9911,2008,6265.0,403205.0,-0.5025689999999999,-0.747621,TGO,940290
32054790,215,9911,2009,0.0,239757.0,-0.561619,-0.759929,TGO,940290
32054791,215,9911,2010,6207.0,8073070.0,-0.943559,-0.884336,TGO,940290
32054792,215,9911,2011,0.0,177843.0,-0.9156030000000001,-0.884099,TGO,940290
32054793,215,9911,2012,0.0,945070.0,-0.50449,-0.604672,TGO,940290
32054794,215,9911,2013,2432.0,585468.0,-0.598413,-0.49295200000000006,TGO,940290
32054795,215,9911,2014,0.0,548397.0,-0.524103,-0.537643,TGO,940290
32054796,215,9911,2015,0.0,422921.0,-0.66925,-0.873554,TGO,940290
32054797,215,9911,2016,3173.0,381999.0,-0.751382,-0.7411310000000001,TGO,940290
32054798,215,9911,2017,4185.0,154779.0,-0.8957450000000001,-0.891191,TGO,940290
32054799,215,9911,2018,1235.0,215988.0,-0.685084,-0.773437,TGO,940290
32054800,215,9911,2019,0.0,325076.0,-0.823204,-0.819535,TGO,940290
32054801,215,9911,2020,8126.0,623646.0,-0.719535,-0.746202,TGO,940290
32054802,216,9911,1995,128067.0,7619568.0,0.174522,1.608058,THA,940290
32054803,216,9911,1996,881947.0,12435763.0,0.10120599999999999,1.351967,THA,940290
32054804,216,9911,1997,1632265.0,9190212.0,0.084875,1.41931,THA,940290
32054805,216,9911,1998,690545.0,1390427.0,0.128633,1.484142,THA,940290
32054806,216,9911,1999,185345.0,1304822.0,0.20451,1.513533,THA,940290
32054807,216,9911,2000,539599.0,1498102.0,0.301195,1.577338,THA,940290
32054808,216,9911,2001,290065.0,1705606.0,0.37555900000000003,1.498267,THA,940290
32054809,216,9911,2002,202484.0,2219651.0,0.432041,1.627953,THA,940290
32054810,216,9911,2003,322150.0,2422927.0,0.43010699999999996,1.607408,THA,940290
32054811,216,9911,2004,1198838.0,2651110.0,0.5150359999999999,1.583019,THA,940290
32054812,216,9911,2005,1284242.0,3888509.0,0.552846,1.664665,THA,940290
32054813,216,9911,2006,2179530.0,8550921.0,0.568209,1.685343,THA,940290
32054814,216,9911,2007,4775003.0,8998104.0,0.711328,1.411114,THA,940290
32054815,216,9911,2008,4878911.0,10620884.0,0.7531399999999999,1.4420620000000002,THA,940290
32054816,216,9911,2009,4272027.0,9332152.0,0.79692,1.315501,THA,940290
32054817,216,9911,2010,4583965.0,12235281.0,0.748328,1.425224,THA,940290
32054818,216,9911,2011,7930276.0,20609808.0,0.889009,1.503118,THA,940290
32054819,216,9911,2012,9256195.0,24447447.0,0.910957,1.294243,THA,940290
32054820,216,9911,2013,10637583.0,19264326.0,0.8752139999999999,1.3798620000000001,THA,940290
32054821,216,9911,2014,9235408.0,22202694.0,0.977094,1.41283,THA,940290
32054822,216,9911,2015,9956910.0,23677991.0,0.965888,1.368572,THA,940290
32054823,216,9911,2016,9288181.0,26273956.0,1.022065,1.428082,THA,940290
32054824,216,9911,2017,15342966.0,27285025.0,0.983977,1.3926020000000001,THA,940290
32054825,216,9911,2018,15279416.0,29195893.0,1.053177,1.4084969999999999,THA,940290
32054826,216,9911,2019,15211812.0,33907166.0,0.9744229999999999,1.401199,THA,940290
32054827,216,9911,2020,14558328.0,36483798.0,1.035524,1.2777180000000001,THA,940290
32054828,217,9911,1995,,,0.0068189999999999995,-0.7594350000000001,TJK,940290
32054829,217,9911,1996,0.0,21166.0,-0.035623,-0.723275,TJK,940290
32054830,217,9911,1997,0.0,15473.0,-0.350646,-0.835419,TJK,940290
32054831,217,9911,1998,0.0,68339.0,-0.577873,-0.9368139999999999,TJK,940290
32054832,217,9911,1999,0.0,141706.0,-0.752378,-1.0268389999999998,TJK,940290
32054833,217,9911,2000,0.0,35315.0,-0.7225600000000001,-1.036219,TJK,940290
32054834,217,9911,2001,0.0,36054.0,-0.833482,-1.062054,TJK,940290
32054835,217,9911,2002,0.0,56713.0,-0.798754,-1.025902,TJK,940290
32054836,217,9911,2003,0.0,212246.0,-0.6187520000000001,-1.0438969999999999,TJK,940290
32054837,217,9911,2004,0.0,90114.0,-0.608564,-1.021599,TJK,940290
32054838,217,9911,2005,0.0,40377.0,-0.725111,-1.049776,TJK,940290
32054839,217,9911,2006,0.0,79571.0,-1.071326,-1.158325,TJK,940290
32054840,217,9911,2007,0.0,60901.0,-1.0092379999999999,-1.185964,TJK,940290
32054841,217,9911,2008,0.0,80404.0,-0.8988010000000001,-1.126157,TJK,940290
32054842,217,9911,2009,0.0,111584.0,-1.0237319999999999,-1.1837950000000002,TJK,940290
32054843,217,9911,2010,0.0,231268.0,-1.054317,-1.074198,TJK,940290
32054844,217,9911,2011,0.0,438018.0,-0.975877,-1.021684,TJK,940290
32054845,217,9911,2012,0.0,64380.0,-1.384684,-1.208425,TJK,940290
32054846,217,9911,2013,0.0,1149687.0,-1.2512889999999999,-1.16402,TJK,940290
32054847,217,9911,2014,70788.0,448499.0,-0.706823,-0.993756,TJK,940290
32054848,217,9911,2015,0.0,1479682.0,-1.134216,-1.174245,TJK,940290
32054849,217,9911,2016,0.0,401125.0,-1.0791549999999999,-1.137941,TJK,940290
32054850,217,9911,2017,0.0,161197.0,-0.938366,-1.092714,TJK,940290
32054851,217,9911,2018,0.0,290932.0,-0.757793,-1.0641209999999999,TJK,940290
32054852,217,9911,2019,0.0,495745.0,-0.7940020000000001,-1.075605,TJK,940290
32054853,217,9911,2020,0.0,1127982.0,-0.73744,-1.0706950000000002,TJK,940290
32054854,218,9911,1995,,,0.677934,-0.432701,TKL,940290
32054855,218,9911,1996,,,0.53157,-0.311626,TKL,940290
32054856,218,9911,1997,,,0.122727,-0.486867,TKL,940290
32054857,218,9911,1998,,,0.220552,-0.43853100000000006,TKL,940290
32054858,218,9911,1999,,,0.478628,-0.231485,TKL,940290
32054859,218,9911,2000,,,0.48116400000000004,0.160799,TKL,940290
32054860,218,9911,2001,0.0,3425.0,0.135739,-0.144681,TKL,940290
32054861,218,9911,2002,,,0.077717,0.048618,TKL,940290
32054862,218,9911,2003,,,0.244606,-0.038999,TKL,940290
32054863,218,9911,2004,0.0,22720.0,0.31906999999999996,0.17012,TKL,940290
32054864,218,9911,2005,35381.0,37410.0,0.24793099999999998,-0.09982200000000001,TKL,940290
32054865,218,9911,2006,0.0,43006.0,0.335918,0.299589,TKL,940290
32054866,218,9911,2007,0.0,28903.0,0.47656499999999996,0.073652,TKL,940290
32054867,218,9911,2008,0.0,22908.0,0.856023,0.41632600000000003,TKL,940290
32054868,218,9911,2009,0.0,10279.0,0.5357,0.021527,TKL,940290
32054869,218,9911,2010,0.0,58512.0,0.389761,0.18912,TKL,940290
32054870,218,9911,2011,0.0,28000.0,0.319389,0.087049,TKL,940290
32054871,218,9911,2012,,,0.563088,0.35384099999999996,TKL,940290
32054872,218,9911,2013,,,0.39178,0.035406,TKL,940290
32054873,218,9911,2014,4397.0,0.0,0.5539350000000001,0.12801300000000002,TKL,940290
32054874,218,9911,2015,,,0.48658500000000005,0.131537,TKL,940290
32054875,218,9911,2016,,,0.243821,0.018425,TKL,940290
32054876,218,9911,2017,,,0.302394,-0.35394499999999995,TKL,940290
32054877,218,9911,2018,2379.0,0.0,0.404658,-0.10286300000000001,TKL,940290
32054878,218,9911,2019,1315.0,0.0,0.49747600000000003,0.238225,TKL,940290
32054879,218,9911,2020,783859.0,0.0,0.7393069999999999,-0.190609,TKL,940290
32054880,219,9911,1995,0.0,6433.0,-0.882984,-1.088854,TKM,940290
32054881,219,9911,1996,0.0,156277.0,-0.756087,-1.160548,TKM,940290
32054882,219,9911,1997,0.0,248776.0,-0.554162,-1.042607,TKM,940290
32054883,219,9911,1998,0.0,178143.0,-0.379934,-0.878598,TKM,940290
32054884,219,9911,1999,0.0,164857.0,-0.8982180000000001,-1.132358,TKM,940290
32054885,219,9911,2000,1162.0,144303.0,-0.99165,-1.167094,TKM,940290
32054886,219,9911,2001,0.0,1682000.0,-1.24627,-1.2760209999999998,TKM,940290
32054887,219,9911,2002,0.0,19381.0,-1.035248,-1.191624,TKM,940290
32054888,219,9911,2003,0.0,26815.0,-1.223295,-1.250217,TKM,940290
32054889,219,9911,2004,0.0,884483.0,-0.9705790000000001,-1.212523,TKM,940290
32054890,219,9911,2005,0.0,2390166.0,-1.146736,-1.2376129999999999,TKM,940290
32054891,219,9911,2006,0.0,113709.0,-1.155861,-1.200933,TKM,940290
32054892,219,9911,2007,1212.0,166026.0,-1.16715,-1.213064,TKM,940290
32054893,219,9911,2008,0.0,2046511.0,-1.094592,-1.166598,TKM,940290
32054894,219,9911,2009,0.0,5176603.0,-1.060378,-1.17279,TKM,940290
32054895,219,9911,2010,0.0,3626556.0,-1.161458,-1.191589,TKM,940290
32054896,219,9911,2011,0.0,9649727.0,-1.549495,-1.202504,TKM,940290
32054897,219,9911,2012,2854.0,1471198.0,-1.668555,-1.24627,TKM,940290
32054898,219,9911,2013,19403.0,6459606.0,-1.6186770000000001,-1.2210969999999999,TKM,940290
32054899,219,9911,2014,1552.0,1984618.0,-1.217897,-1.184131,TKM,940290
32054900,219,9911,2015,0.0,6220422.0,-1.546516,-1.315803,TKM,940290
32054901,219,9911,2016,0.0,3562928.0,-1.27494,-1.259639,TKM,940290
32054902,219,9911,2017,0.0,6720601.0,-1.564885,-1.274637,TKM,940290
32054903,219,9911,2018,0.0,2582580.0,-1.0081209999999998,-1.190796,TKM,940290
32054904,219,9911,2019,0.0,3470796.0,-0.9725950000000001,-1.16562,TKM,940290
32054905,219,9911,2020,0.0,1587127.0,-0.949525,-1.147622,TKM,940290
32054906,220,9911,1995,,,1.983051,-0.202022,TLS,940290
32054907,220,9911,1996,,,1.624542,-0.293975,TLS,940290
32054908,220,9911,1997,,,2.029322,-0.43179700000000004,TLS,940290
32054909,220,9911,1998,,,1.6060370000000002,-0.42371499999999995,TLS,940290
32054910,220,9911,1999,,,1.843263,-0.795044,TLS,940290
32054911,220,9911,2000,,,-0.5836,-0.888892,TLS,940290
32054912,220,9911,2001,0.0,21002.0,1.473822,-0.204046,TLS,940290
32054913,220,9911,2002,0.0,6455.0,0.363225,-0.536718,TLS,940290
32054914,220,9911,2003,0.0,55028.0,1.21882,-0.118529,TLS,940290
32054915,220,9911,2004,1529.0,39469.0,0.935424,-0.080261,TLS,940290
32054916,220,9911,2005,0.0,123909.0,0.020875,-0.6831010000000001,TLS,940290
32054917,220,9911,2006,0.0,6040.0,-0.13665,-0.72122,TLS,940290
32054918,220,9911,2007,0.0,20213.0,0.003334,-0.667956,TLS,940290
32054919,220,9911,2008,0.0,5542.0,0.75476,-0.594643,TLS,940290
32054920,220,9911,2009,0.0,60918.0,0.317308,-0.8093199999999999,TLS,940290
32054921,220,9911,2010,0.0,159410.0,0.6633789999999999,-0.606204,TLS,940290
32054922,220,9911,2011,0.0,387508.0,-0.047803,-0.643655,TLS,940290
32054923,220,9911,2012,2815.0,854294.0,-0.36338200000000004,-0.876495,TLS,940290
32054924,220,9911,2013,0.0,694278.0,-0.376633,-0.73677,TLS,940290
32054925,220,9911,2014,18524.0,144223.0,-1.365212,-0.896716,TLS,940290
32054926,220,9911,2015,0.0,51875.0,-0.878657,-0.9064450000000001,TLS,940290
32054927,220,9911,2016,4016.0,43202.0,-0.737023,-0.908582,TLS,940290
32054928,220,9911,2017,0.0,51716.0,-0.45426700000000003,-0.769744,TLS,940290
32054929,220,9911,2018,0.0,92758.0,-0.595688,-0.8907370000000001,TLS,940290
32054930,220,9911,2019,0.0,3948.0,-1.173671,-1.002383,TLS,940290
32054931,220,9911,2020,0.0,150206.0,-0.662555,-0.8795129999999999,TLS,940290
32054932,221,9911,1995,0.0,5770.0,-0.9463799999999999,-0.845484,TON,940290
32054933,221,9911,1996,0.0,11823.0,-1.352969,-0.945109,TON,940290
32054934,221,9911,1997,0.0,3754.0,-1.481831,-1.0187700000000002,TON,940290
32054935,221,9911,1998,0.0,15944.0,-1.409429,-1.0138479999999999,TON,940290
32054936,221,9911,1999,,,-1.001524,-0.897582,TON,940290
32054937,221,9911,2000,0.0,18040.0,-1.227366,-0.948996,TON,940290
32054938,221,9911,2001,0.0,1911.0,-0.8627950000000001,-0.817174,TON,940290
32054939,221,9911,2002,0.0,11793.0,-1.6186639999999999,-1.011606,TON,940290
32054940,221,9911,2003,0.0,7049.0,-0.8467379999999999,-0.815816,TON,940290
32054941,221,9911,2004,0.0,9913.0,-0.639641,-0.798275,TON,940290
32054942,221,9911,2005,0.0,34164.0,-0.736809,-0.7505729999999999,TON,940290
32054943,221,9911,2006,0.0,6534.0,-0.45091499999999995,-0.670044,TON,940290
32054944,221,9911,2007,0.0,89132.0,-0.482545,-0.816512,TON,940290
32054945,221,9911,2008,0.0,15616.0,-0.174192,-0.559636,TON,940290
32054946,221,9911,2009,0.0,9515.0,-0.439709,-0.7270939999999999,TON,940290
32054947,221,9911,2010,0.0,12822.0,-0.650658,-0.774469,TON,940290
32054948,221,9911,2011,0.0,161322.0,-0.14256,-0.589116,TON,940290
32054949,221,9911,2012,0.0,33754.0,0.114173,-0.307309,TON,940290
32054950,221,9911,2013,0.0,26650.0,0.183053,-0.345657,TON,940290
32054951,221,9911,2014,0.0,22390.0,-0.11129100000000001,-0.523176,TON,940290
32054952,221,9911,2015,0.0,24503.0,-0.212905,-0.670721,TON,940290
32054953,221,9911,2016,0.0,14331.0,-0.29545,-0.766385,TON,940290
32054954,221,9911,2017,0.0,12016.0,-0.504652,-0.820577,TON,940290
32054955,221,9911,2018,0.0,47895.0,0.087991,-0.5723060000000001,TON,940290
32054956,221,9911,2019,0.0,104842.0,-0.057787,-0.671035,TON,940290
32054957,221,9911,2020,0.0,225088.0,-0.79433,-0.8264100000000001,TON,940290
32054958,222,9911,1995,0.0,118290.0,0.254658,-0.496058,TTO,940290
32054959,222,9911,1996,0.0,214875.0,0.19111,-0.488382,TTO,940290
32054960,222,9911,1997,0.0,389016.0,0.28791,-0.38322399999999995,TTO,940290
32054961,222,9911,1998,3973.0,68104.0,0.273917,-0.453996,TTO,940290
32054962,222,9911,1999,3988.0,136808.0,0.258046,-0.562956,TTO,940290
32054963,222,9911,2000,8380.0,52002.0,-0.035037,-0.862433,TTO,940290
32054964,222,9911,2001,26979.0,319028.0,0.178256,-0.709126,TTO,940290
32054965,222,9911,2002,13235.0,207597.0,0.074907,-0.8203879999999999,TTO,940290
32054966,222,9911,2003,6605.0,274759.0,-0.16738,-0.9820969999999999,TTO,940290
32054967,222,9911,2004,0.0,295268.0,0.00677,-0.965385,TTO,940290
32054968,222,9911,2005,72896.0,1251365.0,0.13125699999999998,-0.9324479999999999,TTO,940290
32054969,222,9911,2006,5406.0,1753291.0,-0.20651399999999998,-1.024907,TTO,940290
32054970,222,9911,2007,3269.0,1448519.0,-0.371347,-1.0536709999999998,TTO,940290
32054971,222,9911,2008,1521.0,1158958.0,-0.44752600000000003,-1.060906,TTO,940290
32054972,222,9911,2009,18897.0,1926984.0,-0.508195,-1.097365,TTO,940290
32054973,222,9911,2010,6357.0,969068.0,-0.338123,-1.070239,TTO,940290
32054974,222,9911,2011,3574.0,829121.0,-0.44228,-1.031793,TTO,940290
32054975,222,9911,2012,14325.0,1809212.0,-0.420754,-1.0575299999999999,TTO,940290
32054976,222,9911,2013,5574.0,1719809.0,-0.280641,-1.083332,TTO,940290
32054977,222,9911,2014,31764.0,1422936.0,-0.57362,-1.117545,TTO,940290
32054978,222,9911,2015,11316.0,3115314.0,-0.462837,-1.117621,TTO,940290
32054979,222,9911,2016,6922.0,777855.0,-0.191969,-1.028843,TTO,940290
32054980,222,9911,2017,6158.0,704491.0,-0.183935,-1.012153,TTO,940290
32054981,222,9911,2018,38147.0,623182.0,-0.281617,-1.009652,TTO,940290
32054982,222,9911,2019,2232.0,3575262.0,0.1861,-0.874604,TTO,940290
32054983,222,9911,2020,61198.0,1611675.0,0.156566,-0.653656,TTO,940290
32054984,223,9911,1995,26683.0,1069375.0,-0.253792,-0.044331,TUN,940290
32054985,223,9911,1996,15553.0,858853.0,-0.28546,-0.089051,TUN,940290
32054986,223,9911,1997,0.0,833421.0,-0.24073899999999998,-0.146818,TUN,940290
32054987,223,9911,1998,28510.0,776437.0,-0.21677,-0.08694299999999999,TUN,940290
32054988,223,9911,1999,152901.0,904514.0,-0.317866,-0.102551,TUN,940290
32054989,223,9911,2000,36149.0,867402.0,-0.188616,0.044912,TUN,940290
32054990,223,9911,2001,34513.0,1988670.0,-0.162152,0.23939699999999997,TUN,940290
32054991,223,9911,2002,6621.0,2244616.0,-0.221951,0.325506,TUN,940290
32054992,223,9911,2003,4304.0,1271974.0,-0.14845999999999998,0.255092,TUN,940290
32054993,223,9911,2004,64110.0,1556983.0,-0.195751,0.335147,TUN,940290
32054994,223,9911,2005,149339.0,3136648.0,-0.07273099999999999,0.671113,TUN,940290
32054995,223,9911,2006,776408.0,5495046.0,-0.013636,0.804752,TUN,940290
32054996,223,9911,2007,488233.0,2332621.0,0.062824,0.74003,TUN,940290
32054997,223,9911,2008,761594.0,3790977.0,0.084141,0.676248,TUN,940290
32054998,223,9911,2009,667092.0,2484998.0,0.044903,0.9126120000000001,TUN,940290
32054999,223,9911,2010,455428.0,3478693.0,0.165019,0.8882059999999999,TUN,940290
32055000,223,9911,2011,670988.0,3411660.0,0.151221,1.1252360000000001,TUN,940290
32055001,223,9911,2012,465976.0,6105993.0,0.24695799999999998,0.9356620000000001,TUN,940290
32055002,223,9911,2013,574213.0,6899201.0,0.185528,1.0070700000000001,TUN,940290
32055003,223,9911,2014,711845.0,7800479.0,0.343449,1.118007,TUN,940290
32055004,223,9911,2015,1076112.0,5778991.0,0.140202,0.967591,TUN,940290
32055005,223,9911,2016,809002.0,6491781.0,0.171791,1.062948,TUN,940290
32055006,223,9911,2017,566164.0,4764536.0,0.224119,0.961772,TUN,940290
32055007,223,9911,2018,696279.0,4016029.0,0.259778,1.187194,TUN,940290
32055008,223,9911,2019,1379801.0,5006131.0,0.19601300000000002,1.159766,TUN,940290
32055009,223,9911,2020,161900.0,2637582.0,0.220298,0.454477,TUN,940290
32055010,224,9911,1995,378079.0,3543258.0,0.166794,1.209066,TUR,940290
32055011,224,9911,1996,581577.0,5274381.0,0.156866,1.554023,TUR,940290
32055012,224,9911,1997,697500.0,12817154.0,0.167734,1.5827870000000002,TUR,940290
32055013,224,9911,1998,926508.0,10542139.0,0.085286,1.653589,TUR,940290
32055014,224,9911,1999,1828577.0,12051296.0,0.044692,1.745755,TUR,940290
32055015,224,9911,2000,1379334.0,9299784.0,0.191299,1.9761529999999998,TUR,940290
32055016,224,9911,2001,793940.0,4282952.0,0.188773,1.91451,TUR,940290
32055017,224,9911,2002,1346498.0,5046682.0,0.11263699999999999,1.83925,TUR,940290
32055018,224,9911,2003,2804456.0,9795579.0,0.192802,1.9855060000000002,TUR,940290
32055019,224,9911,2004,3738375.0,11759921.0,0.141454,1.9463599999999999,TUR,940290
32055020,224,9911,2005,5233429.0,21607992.0,0.226487,2.210279,TUR,940290
32055021,224,9911,2006,8187315.0,22057927.0,0.33971599999999996,2.193384,TUR,940290
32055022,224,9911,2007,11796002.0,24248926.0,0.41396700000000003,2.0339869999999998,TUR,940290
32055023,224,9911,2008,15292270.0,34158565.0,0.44478,2.186881,TUR,940290
32055024,224,9911,2009,14038704.0,14936207.0,0.384596,2.3797610000000002,TUR,940290
32055025,224,9911,2010,17374066.0,23969840.0,0.359977,2.471173,TUR,940290
32055026,224,9911,2011,21957500.0,26360698.0,0.45775,2.4316259999999996,TUR,940290
32055027,224,9911,2012,28056724.0,20604011.0,0.507184,2.259161,TUR,940290
32055028,224,9911,2013,46044464.0,19143785.0,0.42932299999999995,2.690235,TUR,940290
32055029,224,9911,2014,38916232.0,29074479.0,0.554761,2.385693,TUR,940290
32055030,224,9911,2015,29398080.0,21746586.0,0.438669,2.519632,TUR,940290
32055031,224,9911,2016,28413991.0,25922615.0,0.45364799999999994,2.478837,TUR,940290
32055032,224,9911,2017,38488375.0,20764009.0,0.541611,2.405872,TUR,940290
32055033,224,9911,2018,44620042.0,12846105.0,0.518721,2.5581419999999997,TUR,940290
32055034,224,9911,2019,52238868.0,13580032.0,0.569408,2.364546,TUR,940290
32055035,224,9911,2020,101151574.0,17495499.0,0.590472,2.619866,TUR,940290
32055036,225,9911,1995,,,0.9729180000000001,-0.537957,TUV,940290
32055037,225,9911,1996,,,1.0058639999999999,-0.40428800000000004,TUV,940290
32055038,225,9911,1997,,,0.853403,-0.6482100000000001,TUV,940290
32055039,225,9911,1998,0.0,1987.0,1.019107,-0.646907,TUV,940290
32055040,225,9911,1999,0.0,7102.0,0.095919,-0.7801680000000001,TUV,940290
32055041,225,9911,2000,0.0,8199.0,1.185378,-0.475463,TUV,940290
32055042,225,9911,2001,0.0,40902.0,-0.12332699999999999,-0.172416,TUV,940290
32055043,225,9911,2002,0.0,90668.0,-0.141984,-0.15720399999999998,TUV,940290
32055044,225,9911,2003,0.0,289565.0,0.770706,-0.480434,TUV,940290
32055045,225,9911,2004,,,1.4753180000000001,-0.446762,TUV,940290
32055046,225,9911,2005,,,1.003608,-0.363531,TUV,940290
32055047,225,9911,2006,,,0.9635290000000001,-0.314963,TUV,940290
32055048,225,9911,2007,,,1.607359,-0.272403,TUV,940290
32055049,225,9911,2008,0.0,11877.0,0.5163300000000001,-0.47066099999999994,TUV,940290
32055050,225,9911,2009,,,0.531324,-0.689902,TUV,940290
32055051,225,9911,2010,0.0,6316.0,0.359508,-0.650139,TUV,940290
32055052,225,9911,2011,0.0,2431.0,0.53684,-0.552668,TUV,940290
32055053,225,9911,2012,0.0,19457.0,0.041589,-0.695249,TUV,940290
32055054,225,9911,2013,,,0.002879,-0.779308,TUV,940290
32055055,225,9911,2014,,,1.127623,-0.482033,TUV,940290
32055056,225,9911,2015,,,0.925609,-0.6022569999999999,TUV,940290
32055057,225,9911,2016,0.0,7659.0,1.580008,-0.807844,TUV,940290
32055058,225,9911,2017,0.0,36621.0,0.979611,-0.6079359999999999,TUV,940290
32055059,225,9911,2018,,,1.529849,-0.7761279999999999,TUV,940290
32055060,225,9911,2019,0.0,1586.0,0.223041,-0.878941,TUV,940290
32055061,225,9911,2020,0.0,1418.0,0.605791,-0.773982,TUV,940290
32055062,226,9911,1995,0.0,864925.0,-1.219949,-0.8698969999999999,TZA,940290
32055063,226,9911,1996,35876.0,405463.0,-1.391534,-0.907436,TZA,940290
32055064,226,9911,1997,0.0,334873.0,-1.368133,-0.753692,TZA,940290
32055065,226,9911,1998,15194.0,825498.0,-0.972823,-0.428149,TZA,940290
32055066,226,9911,1999,0.0,295519.0,-1.068358,-0.54693,TZA,940290
32055067,226,9911,2000,0.0,1375752.0,-1.278362,-0.615536,TZA,940290
32055068,226,9911,2001,0.0,265437.0,-1.193991,-0.49282200000000004,TZA,940290
32055069,226,9911,2002,440111.0,724591.0,-1.189463,-0.48640600000000006,TZA,940290
32055070,226,9911,2003,0.0,365843.0,-1.225217,-0.43662399999999996,TZA,940290
32055071,226,9911,2004,0.0,692277.0,-1.022658,-0.007045999999999999,TZA,940290
32055072,226,9911,2005,35148.0,404010.0,-1.049726,0.005511,TZA,940290
32055073,226,9911,2006,121527.0,1085376.0,-0.953097,0.159129,TZA,940290
32055074,226,9911,2007,18382.0,570671.0,-0.8493959999999999,0.47116099999999994,TZA,940290
32055075,226,9911,2008,74661.0,2477186.0,-0.755692,0.8751690000000001,TZA,940290
32055076,226,9911,2009,16658.0,1209980.0,-0.822897,0.644899,TZA,940290
32055077,226,9911,2010,1935.0,1354425.0,-0.7327,0.427616,TZA,940290
32055078,226,9911,2011,39032.0,2419220.0,-0.751316,0.286505,TZA,940290
32055079,226,9911,2012,1036.0,3931436.0,-0.594481,0.770239,TZA,940290
32055080,226,9911,2013,13980.0,2349484.0,-0.9306770000000001,0.273489,TZA,940290
32055081,226,9911,2014,0.0,2556031.0,-1.054331,0.166345,TZA,940290
32055082,226,9911,2015,22812.0,2099166.0,-1.02395,-0.017509999999999998,TZA,940290
32055083,226,9911,2016,7216.0,2558522.0,-1.1008799999999999,-0.048319,TZA,940290
32055084,226,9911,2017,18268.0,3066147.0,-1.0691709999999999,0.11636800000000001,TZA,940290
32055085,226,9911,2018,56722.0,3243845.0,-0.09850700000000001,1.145606,TZA,940290
32055086,226,9911,2019,116046.0,3471840.0,-0.907172,0.37293899999999996,TZA,940290
32055087,226,9911,2020,1748.0,2665754.0,-1.024,-0.023909,TZA,940290
32055088,227,9911,1995,0.0,158634.0,-1.053037,-1.001752,UGA,940290
32055089,227,9911,1996,0.0,144897.0,-0.931124,-0.925523,UGA,940290
32055090,227,9911,1997,15290.0,244849.0,-0.9304819999999999,-0.9731540000000001,UGA,940290
32055091,227,9911,1998,1118.0,154593.0,-0.996762,-1.01326,UGA,940290
32055092,227,9911,1999,0.0,398503.0,-1.359508,-1.170077,UGA,940290
32055093,227,9911,2000,0.0,338438.0,-0.9484520000000001,-0.8246979999999999,UGA,940290
32055094,227,9911,2001,0.0,237016.0,-0.9694860000000001,-0.840592,UGA,940290
32055095,227,9911,2002,0.0,2148796.0,-1.038337,-0.896425,UGA,940290
32055096,227,9911,2003,4864.0,559611.0,-0.895193,-0.712039,UGA,940290
32055097,227,9911,2004,0.0,555928.0,-0.914733,-0.554346,UGA,940290
32055098,227,9911,2005,22801.0,221928.0,-0.896567,-0.645536,UGA,940290
32055099,227,9911,2006,2972.0,1660025.0,-0.702511,-0.43976099999999996,UGA,940290
32055100,227,9911,2007,6608.0,856069.0,-0.900559,-0.42071400000000003,UGA,940290
32055101,227,9911,2008,7092.0,369387.0,-0.653885,-0.035455,UGA,940290
32055102,227,9911,2009,11738.0,388302.0,-0.573707,-0.036203,UGA,940290
32055103,227,9911,2010,7943.0,1386345.0,-0.48061400000000004,0.187001,UGA,940290
32055104,227,9911,2011,91727.0,1884537.0,-0.7153,-0.062678,UGA,940290
32055105,227,9911,2012,40069.0,581512.0,-0.484868,0.153507,UGA,940290
32055106,227,9911,2013,54290.0,1283343.0,-0.5462279999999999,0.200682,UGA,940290
32055107,227,9911,2014,75037.0,748664.0,-0.46911800000000003,0.25446599999999997,UGA,940290
32055108,227,9911,2015,33193.0,1961661.0,-0.611023,0.078961,UGA,940290
32055109,227,9911,2016,226864.0,1502910.0,-0.37745300000000004,0.525303,UGA,940290
32055110,227,9911,2017,17399.0,1555008.0,-0.6831020000000001,-0.046838,UGA,940290
32055111,227,9911,2018,1366.0,2160173.0,-0.621049,-0.061448,UGA,940290
32055112,227,9911,2019,6406.0,2470986.0,-0.639476,0.148255,UGA,940290
32055113,227,9911,2020,2213.0,2955324.0,-0.55156,-0.019136,UGA,940290
32055114,228,9911,1995,5983.0,1359228.0,0.428875,0.20489899999999997,UKR,940290
32055115,228,9911,1996,447934.0,1092042.0,0.896537,0.9241459999999999,UKR,940290
32055116,228,9911,1997,655499.0,1990603.0,0.8502559999999999,0.956254,UKR,940290
32055117,228,9911,1998,96314.0,1830932.0,0.880876,0.783668,UKR,940290
32055118,228,9911,1999,162933.0,1728262.0,0.6242270000000001,0.742258,UKR,940290
32055119,228,9911,2000,160044.0,947748.0,0.763783,0.8563,UKR,940290
32055120,228,9911,2001,41884.0,1190620.0,0.8376969999999999,0.989059,UKR,940290
32055121,228,9911,2002,28538.0,1055199.0,0.835485,0.872135,UKR,940290
32055122,228,9911,2003,219748.0,3097144.0,0.8929389999999999,0.956685,UKR,940290
32055123,228,9911,2004,132849.0,3216353.0,0.8758040000000001,0.8195879999999999,UKR,940290
32055124,228,9911,2005,620036.0,2056831.0,0.701846,0.687519,UKR,940290
32055125,228,9911,2006,630114.0,5215123.0,0.7008439999999999,0.79656,UKR,940290
32055126,228,9911,2007,793066.0,7263083.0,0.7441760000000001,0.8681260000000001,UKR,940290
32055127,228,9911,2008,702978.0,7566274.0,0.59355,0.764415,UKR,940290
32055128,228,9911,2009,803348.0,3247211.0,0.602688,0.830247,UKR,940290
32055129,228,9911,2010,718688.0,4579487.0,0.714148,0.916267,UKR,940290
32055130,228,9911,2011,957756.0,6539754.0,0.6221409999999999,0.765505,UKR,940290
32055131,228,9911,2012,811452.0,9320329.0,0.590001,0.8422069999999999,UKR,940290
32055132,228,9911,2013,1148877.0,7169041.0,0.657729,0.9063200000000001,UKR,940290
32055133,228,9911,2014,1554896.0,11174503.0,0.566535,0.832267,UKR,940290
32055134,228,9911,2015,1124539.0,1742286.0,0.429879,0.701813,UKR,940290
32055135,228,9911,2016,1429719.0,3909547.0,0.406901,0.637051,UKR,940290
32055136,228,9911,2017,561957.0,7972527.0,0.461109,0.7826569999999999,UKR,940290
32055137,228,9911,2018,166624.0,8333543.0,0.337296,0.758675,UKR,940290
32055138,228,9911,2019,313531.0,9288911.0,0.303802,0.5650270000000001,UKR,940290
32055139,228,9911,2020,221068.0,17005667.0,0.383736,0.531328,UKR,940290
32055140,229,9911,1995,,,,,UMI,940290
32055141,229,9911,1996,,,,,UMI,940290
32055142,229,9911,1997,,,,,UMI,940290
32055143,229,9911,1998,,,,,UMI,940290
32055144,229,9911,1999,,,,,UMI,940290
32055145,229,9911,2000,,,-0.052853,-0.611102,UMI,940290
32055146,229,9911,2001,,,-0.13935799999999998,-0.421795,UMI,940290
32055147,229,9911,2002,,,0.317662,-0.46541000000000005,UMI,940290
32055148,229,9911,2003,,,0.169425,-0.604107,UMI,940290
32055149,229,9911,2004,,,0.407876,-0.478498,UMI,940290
32055150,229,9911,2005,,,0.638288,-0.230179,UMI,940290
32055151,229,9911,2006,0.0,10934.0,-0.5457930000000001,-0.808611,UMI,940290
32055152,229,9911,2007,,,0.997828,-0.098724,UMI,940290
32055153,229,9911,2008,,,1.311657,0.013382,UMI,940290
32055154,229,9911,2009,,,1.026297,-0.508776,UMI,940290
32055155,229,9911,2010,,,0.838733,-0.48641,UMI,940290
32055156,229,9911,2011,1905.0,0.0,1.131297,-0.235093,UMI,940290
32055157,229,9911,2012,,,0.919334,-0.181861,UMI,940290
32055158,229,9911,2013,,,1.2648409999999999,-0.07537999999999999,UMI,940290
32055159,229,9911,2014,,,1.530519,0.44350600000000007,UMI,940290
32055160,229,9911,2015,,,1.2709059999999999,-0.074201,UMI,940290
32055161,229,9911,2016,,,1.8058740000000002,0.587761,UMI,940290
32055162,229,9911,2017,,,1.501854,0.552625,UMI,940290
32055163,229,9911,2018,,,1.766584,-0.034711,UMI,940290
32055164,229,9911,2019,,,1.4488940000000001,-0.266596,UMI,940290
32055165,229,9911,2020,70048.0,2234.0,1.9827860000000002,0.689049,UMI,940290
32055166,230,9911,1995,0.0,292285.0,0.45133900000000005,0.50831,URY,940290
32055167,230,9911,1996,15944.0,155281.0,0.171541,0.313934,URY,940290
32055168,230,9911,1997,0.0,599092.0,0.226228,0.29183400000000004,URY,940290
32055169,230,9911,1998,0.0,411577.0,0.323022,0.293694,URY,940290
32055170,230,9911,1999,0.0,478497.0,0.26815700000000003,0.307394,URY,940290
32055171,230,9911,2000,0.0,459399.0,0.30753600000000003,0.290506,URY,940290
32055172,230,9911,2001,0.0,871980.0,0.36029,0.298869,URY,940290
32055173,230,9911,2002,5818.0,481722.0,0.300502,0.16817000000000001,URY,940290
32055174,230,9911,2003,0.0,224794.0,0.19792200000000001,0.243104,URY,940290
32055175,230,9911,2004,0.0,105628.0,0.151633,0.121776,URY,940290
32055176,230,9911,2005,0.0,181239.0,0.305842,0.271262,URY,940290
32055177,230,9911,2006,0.0,386032.0,0.234384,0.118878,URY,940290
32055178,230,9911,2007,4255.0,1699435.0,0.184883,0.207788,URY,940290
32055179,230,9911,2008,0.0,1333078.0,0.376164,0.049387,URY,940290
32055180,230,9911,2009,4404.0,1666098.0,0.260419,-0.171944,URY,940290
32055181,230,9911,2010,0.0,2088032.0,0.217246,-0.079733,URY,940290
32055182,230,9911,2011,0.0,1608087.0,0.313195,0.042866,URY,940290
32055183,230,9911,2012,2630.0,1991753.0,0.207742,-0.101484,URY,940290
32055184,230,9911,2013,0.0,2093937.0,0.20190999999999998,-0.19777999999999998,URY,940290
32055185,230,9911,2014,4785.0,2443101.0,0.154034,-0.380899,URY,940290
32055186,230,9911,2015,5833.0,2521548.0,0.273876,-0.363695,URY,940290
32055187,230,9911,2016,6486.0,1650845.0,0.098051,-0.45418400000000003,URY,940290
32055188,230,9911,2017,15225.0,1769899.0,0.16963,-0.403006,URY,940290
32055189,230,9911,2018,43148.0,1935875.0,-0.02056,-0.38911,URY,940290
32055190,230,9911,2019,1000.0,2717346.0,-0.077549,-0.473943,URY,940290
32055191,230,9911,2020,71541.0,1943066.0,-0.127375,-0.449032,URY,940290
32055192,231,9911,1995,153258393.0,52983430.0,1.771648,1.184,USA,940290
32055193,231,9911,1996,167504589.0,41544187.0,1.7110560000000001,1.125141,USA,940290
32055194,231,9911,1997,181380845.0,51660055.0,1.823511,0.888084,USA,940290
32055195,231,9911,1998,177730271.0,59557924.0,1.8223639999999999,0.761336,USA,940290
32055196,231,9911,1999,188329364.0,76818048.0,1.8755119999999998,0.5350729999999999,USA,940290
32055197,231,9911,2000,226362365.0,77177624.0,1.8549650000000002,0.226992,USA,940290
32055198,231,9911,2001,331538340.0,112721898.0,1.873674,0.168468,USA,940290
32055199,231,9911,2002,298492112.0,153042652.0,1.821594,0.231296,USA,940290
32055200,231,9911,2003,291655027.0,168060311.0,1.7789220000000001,0.064028,USA,940290
32055201,231,9911,2004,235616246.0,220447118.0,1.7598630000000002,0.066704,USA,940290
32055202,231,9911,2005,279096849.0,274915893.0,1.718086,-0.34564,USA,940290
32055203,231,9911,2006,301003854.0,308355325.0,1.666643,-0.121679,USA,940290
32055204,231,9911,2007,331404407.0,362435209.0,1.612165,0.0922,USA,940290
32055205,231,9911,2008,390173631.0,437737866.0,1.584278,-0.209788,USA,940290
32055206,231,9911,2009,396680174.0,429427141.0,1.657663,-0.41411400000000004,USA,940290
32055207,231,9911,2010,445054814.0,493552521.0,1.67573,-0.598165,USA,940290
32055208,231,9911,2011,509880276.0,583472413.0,1.6884849999999998,-0.474499,USA,940290
32055209,231,9911,2012,548813525.0,675458938.0,1.628377,-0.601941,USA,940290
32055210,231,9911,2013,518486700.0,703197248.0,1.6639689999999998,-0.48651300000000003,USA,940290
32055211,231,9911,2014,558169835.0,681497280.0,1.61227,0.068905,USA,940290
32055212,231,9911,2015,557908213.0,716023731.0,1.720478,-0.129322,USA,940290
32055213,231,9911,2016,530276989.0,694185704.0,1.685329,0.297536,USA,940290
32055214,231,9911,2017,543961415.0,739864691.0,1.601478,0.277271,USA,940290
32055215,231,9911,2018,534308092.0,772602961.0,1.585861,0.44815900000000003,USA,940290
32055216,231,9911,2019,529582936.0,824950993.0,1.606808,0.3232,USA,940290
32055217,231,9911,2020,640196560.0,953623761.0,1.588148,0.380904,USA,940290
32055218,232,9911,1995,0.0,1518122.0,-0.29740900000000003,-0.9456190000000001,UZB,940290
32055219,232,9911,1996,0.0,347372.0,-0.17393499999999998,-0.727476,UZB,940290
32055220,232,9911,1997,0.0,103428.0,-0.26560700000000004,-0.870447,UZB,940290
32055221,232,9911,1998,28099.0,160689.0,-0.283425,-0.7488520000000001,UZB,940290
32055222,232,9911,1999,0.0,85464.0,-0.43066499999999996,-0.767428,UZB,940290
32055223,232,9911,2000,0.0,891030.0,-0.405531,-0.598955,UZB,940290
32055224,232,9911,2001,0.0,139499.0,-0.395913,-0.6454449999999999,UZB,940290
32055225,232,9911,2002,0.0,484149.0,-0.379765,-0.5965159999999999,UZB,940290
32055226,232,9911,2003,0.0,135121.0,-0.285978,-0.703334,UZB,940290
32055227,232,9911,2004,0.0,1726693.0,-0.50605,-0.824691,UZB,940290
32055228,232,9911,2005,0.0,144391.0,-0.357031,-0.730797,UZB,940290
32055229,232,9911,2006,0.0,524976.0,-0.457759,-0.784626,UZB,940290
32055230,232,9911,2007,0.0,652755.0,-0.540449,-0.799454,UZB,940290
32055231,232,9911,2008,0.0,510410.0,-0.470184,-0.773163,UZB,940290
32055232,232,9911,2009,0.0,801363.0,-0.6115470000000001,-0.710622,UZB,940290
32055233,232,9911,2010,0.0,1092918.0,-0.704097,-0.655055,UZB,940290
32055234,232,9911,2011,0.0,942833.0,-0.785878,-0.663918,UZB,940290
32055235,232,9911,2012,0.0,845745.0,-0.5875670000000001,-0.549863,UZB,940290
32055236,232,9911,2013,0.0,711591.0,-0.748212,-0.567268,UZB,940290
32055237,232,9911,2014,0.0,816236.0,-0.407623,-0.37150700000000003,UZB,940290
32055238,232,9911,2015,0.0,690944.0,-0.724966,-0.599292,UZB,940290
32055239,232,9911,2016,0.0,2136658.0,-0.703465,-0.493036,UZB,940290
32055240,232,9911,2017,0.0,1460777.0,-0.407169,-0.264942,UZB,940290
32055241,232,9911,2018,1599.0,3146774.0,-0.591547,-0.429982,UZB,940290
32055242,232,9911,2019,0.0,4582393.0,-0.5856060000000001,-0.311248,UZB,940290
32055243,232,9911,2020,13824.0,8538575.0,-0.309411,0.071414,UZB,940290
32055244,233,9911,1995,,,,,VAT,940290
32055245,233,9911,1996,,,,,VAT,940290
32055246,233,9911,1997,,,,,VAT,940290
32055247,233,9911,1998,,,,,VAT,940290
32055248,233,9911,1999,,,,,VAT,940290
32055249,233,9911,2000,,,1.3466870000000002,-0.553088,VAT,940290
32055250,233,9911,2001,,,0.46455799999999997,-0.722421,VAT,940290
32055251,233,9911,2002,,,0.9434020000000001,-0.5230020000000001,VAT,940290
32055252,233,9911,2003,,,0.902394,-0.5776600000000001,VAT,940290
32055253,233,9911,2004,,,0.5171789999999999,-0.569032,VAT,940290
32055254,233,9911,2005,0.0,47433.0,0.934002,-0.4716,VAT,940290
32055255,233,9911,2006,0.0,90968.0,0.776323,-0.42712100000000003,VAT,940290
32055256,233,9911,2007,,,0.762119,-0.20439100000000002,VAT,940290
32055257,233,9911,2008,,,0.74952,-0.38421900000000003,VAT,940290
32055258,233,9911,2009,,,0.13089,-0.738226,VAT,940290
32055259,233,9911,2010,,,1.259831,-0.07005499999999999,VAT,940290
32055260,233,9911,2011,,,0.614758,-0.694783,VAT,940290
32055261,233,9911,2012,,,0.595379,-0.322465,VAT,940290
32055262,233,9911,2013,,,0.699425,-0.296746,VAT,940290
32055263,233,9911,2014,4649.0,0.0,1.150282,0.660892,VAT,940290
32055264,233,9911,2015,,,0.295538,-0.6049359999999999,VAT,940290
32055265,233,9911,2016,,,0.918142,-0.319902,VAT,940290
32055266,233,9911,2017,,,0.747959,-0.21892899999999998,VAT,940290
32055267,233,9911,2018,,,-0.043233999999999995,-0.7486689999999999,VAT,940290
32055268,233,9911,2019,,,1.235527,-0.155683,VAT,940290
32055269,233,9911,2020,,,0.8574360000000001,-0.492839,VAT,940290
32055270,234,9911,1995,0.0,22848.0,-0.369315,-0.751156,VCT,940290
32055271,234,9911,1996,3981.0,0.0,-0.123896,-0.5798989999999999,VCT,940290
32055272,234,9911,1997,80352.0,14533.0,0.069461,-0.459567,VCT,940290
32055273,234,9911,1998,0.0,35882.0,0.22166,-0.331633,VCT,940290
32055274,234,9911,1999,1756.0,41076.0,-0.28283400000000003,-0.755695,VCT,940290
32055275,234,9911,2000,0.0,10542.0,0.095604,-0.352013,VCT,940290
32055276,234,9911,2001,0.0,34359.0,-0.5042,-0.7987609999999999,VCT,940290
32055277,234,9911,2002,8348.0,51733.0,-0.340281,-0.661246,VCT,940290
32055278,234,9911,2003,0.0,48670.0,-0.355758,-0.679181,VCT,940290
32055279,234,9911,2004,0.0,15573.0,-0.564477,-0.8544,VCT,940290
32055280,234,9911,2005,0.0,53519.0,-0.584696,-0.842192,VCT,940290
32055281,234,9911,2006,0.0,4866.0,-0.6097060000000001,-0.8844770000000001,VCT,940290
32055282,234,9911,2007,0.0,12037.0,-0.112166,-0.692679,VCT,940290
32055283,234,9911,2008,0.0,6973.0,-0.598538,-0.8798459999999999,VCT,940290
32055284,234,9911,2009,24233.0,9515.0,-0.068356,-0.6011350000000001,VCT,940290
32055285,234,9911,2010,0.0,29338.0,0.120821,-0.43102700000000005,VCT,940290
32055286,234,9911,2011,0.0,22680.0,0.291718,-0.250897,VCT,940290
32055287,234,9911,2012,0.0,51002.0,0.233053,-0.292993,VCT,940290
32055288,234,9911,2013,0.0,125011.0,0.193198,-0.23631799999999997,VCT,940290
32055289,234,9911,2014,0.0,83181.0,0.034024,-0.522492,VCT,940290
32055290,234,9911,2015,4653.0,5965.0,0.087811,-0.35481999999999997,VCT,940290
32055291,234,9911,2016,0.0,83925.0,0.157611,-0.581526,VCT,940290
32055292,234,9911,2017,0.0,32801.0,-0.040273,-0.549452,VCT,940290
32055293,234,9911,2018,41773.0,532141.0,-0.274831,-0.603525,VCT,940290
32055294,234,9911,2019,0.0,7690.0,-0.712703,-0.859416,VCT,940290
32055295,234,9911,2020,0.0,20445.0,-0.8252809999999999,-0.89407,VCT,940290
32055296,235,9911,1995,,,,,VDR,940290
32055297,235,9911,1996,,,,,VDR,940290
32055298,235,9911,1997,,,,,VDR,940290
32055299,235,9911,1998,,,,,VDR,940290
32055300,235,9911,1999,,,,,VDR,940290
32055301,235,9911,2000,,,,,VDR,940290
32055302,235,9911,2001,,,,,VDR,940290
32055303,235,9911,2002,,,,,VDR,940290
32055304,235,9911,2003,,,,,VDR,940290
32055305,235,9911,2004,,,,,VDR,940290
32055306,235,9911,2005,,,,,VDR,940290
32055307,235,9911,2006,,,,,VDR,940290
32055308,235,9911,2007,,,,,VDR,940290
32055309,235,9911,2008,,,,,VDR,940290
32055310,235,9911,2009,,,,,VDR,940290
32055311,235,9911,2010,,,,,VDR,940290
32055312,235,9911,2011,,,,,VDR,940290
32055313,235,9911,2012,,,,,VDR,940290
32055314,235,9911,2013,,,,,VDR,940290
32055315,235,9911,2014,,,,,VDR,940290
32055316,235,9911,2015,,,,,VDR,940290
32055317,235,9911,2016,,,,,VDR,940290
32055318,235,9911,2017,,,,,VDR,940290
32055319,235,9911,2018,,,,,VDR,940290
32055320,235,9911,2019,,,,,VDR,940290
32055321,235,9911,2020,,,,,VDR,940290
32055322,236,9911,1995,2418.0,2005586.0,0.299294,-0.635474,VEN,940290
32055323,236,9911,1996,13861.0,2179167.0,0.07086100000000001,-0.761307,VEN,940290
32055324,236,9911,1997,165228.0,1675988.0,0.21363200000000002,-0.668341,VEN,940290
32055325,236,9911,1998,30543.0,4868316.0,0.288717,-0.540639,VEN,940290
32055326,236,9911,1999,16706.0,1306390.0,0.16454100000000002,-0.691021,VEN,940290
32055327,236,9911,2000,5791.0,2824309.0,0.19788499999999998,-0.779957,VEN,940290
32055328,236,9911,2001,20312.0,3665963.0,0.261158,-0.7397,VEN,940290
32055329,236,9911,2002,23827.0,9221319.0,0.211536,-0.715675,VEN,940290
32055330,236,9911,2003,21129.0,2352598.0,0.277805,-0.783697,VEN,940290
32055331,236,9911,2004,304211.0,4028789.0,0.048698000000000005,-0.899776,VEN,940290
32055332,236,9911,2005,14218.0,8224380.0,0.248175,-0.9600629999999999,VEN,940290
32055333,236,9911,2006,15833.0,22064968.0,-0.340972,-1.015462,VEN,940290
32055334,236,9911,2007,25627.0,12506494.0,-0.231215,-0.9839200000000001,VEN,940290
32055335,236,9911,2008,28741.0,23858036.0,-0.442996,-1.0439969999999998,VEN,940290
32055336,236,9911,2009,46228.0,31508491.0,-0.5847600000000001,-1.150334,VEN,940290
32055337,236,9911,2010,182479.0,49737044.0,-0.660844,-1.145133,VEN,940290
32055338,236,9911,2011,154916.0,164105420.0,-0.841147,-1.095636,VEN,940290
32055339,236,9911,2012,34048.0,26916349.0,-1.3417270000000001,-1.154304,VEN,940290
32055340,236,9911,2013,9544.0,9085705.0,-0.778172,-1.107059,VEN,940290
32055341,236,9911,2014,1691.0,19920095.0,-0.582086,-1.081727,VEN,940290
32055342,236,9911,2015,9739.0,8764174.0,-0.9249129999999999,-1.1877280000000001,VEN,940290
32055343,236,9911,2016,2846.0,3880115.0,-0.844669,-1.164315,VEN,940290
32055344,236,9911,2017,3625.0,1568108.0,-0.8874559999999999,-1.178752,VEN,940290
32055345,236,9911,2018,19418.0,3120685.0,-1.081138,-1.198717,VEN,940290
32055346,236,9911,2019,0.0,791751.0,-1.318175,-1.2506110000000001,VEN,940290
32055347,236,9911,2020,2431.0,936239.0,-1.058537,-1.178218,VEN,940290
32055348,237,9911,1995,,,0.799784,-0.287329,VGB,940290
32055349,237,9911,1996,5891.0,108369.0,0.602529,-0.280171,VGB,940290
32055350,237,9911,1997,0.0,25665.0,0.5966060000000001,-0.381473,VGB,940290
32055351,237,9911,1998,0.0,729236.0,1.06785,-0.03292,VGB,940290
32055352,237,9911,1999,,,0.876099,-0.289157,VGB,940290
32055353,237,9911,2000,78032.0,26639.0,1.06873,0.090886,VGB,940290
32055354,237,9911,2001,0.0,4800.0,0.759566,-0.16636099999999998,VGB,940290
32055355,237,9911,2002,42185.0,25403.0,1.022393,-0.23957399999999998,VGB,940290
32055356,237,9911,2003,0.0,7398.0,0.685109,-0.20824299999999998,VGB,940290
32055357,237,9911,2004,34300.0,5027.0,0.597043,-0.348742,VGB,940290
32055358,237,9911,2005,0.0,12007.0,0.67282,-0.329218,VGB,940290
32055359,237,9911,2006,0.0,564052.0,1.05644,0.179306,VGB,940290
32055360,237,9911,2007,0.0,99715.0,0.994233,0.072526,VGB,940290
32055361,237,9911,2008,79730.0,23619.0,0.775652,0.028573,VGB,940290
32055362,237,9911,2009,149119.0,484043.0,0.903839,0.093044,VGB,940290
32055363,237,9911,2010,36948.0,46227.0,0.699891,-0.29630300000000004,VGB,940290
32055364,237,9911,2011,183885.0,16369.0,0.780217,-0.010428,VGB,940290
32055365,237,9911,2012,163100.0,118854.0,0.6483300000000001,0.269932,VGB,940290
32055366,237,9911,2013,19007.0,231215.0,0.616863,-0.314222,VGB,940290
32055367,237,9911,2014,5675.0,436150.0,0.484282,-0.082974,VGB,940290
32055368,237,9911,2015,0.0,754350.0,0.914493,-0.31357399999999996,VGB,940290
32055369,237,9911,2016,56370.0,46519.0,0.566815,-0.43181800000000004,VGB,940290
32055370,237,9911,2017,0.0,27835.0,0.768,-0.257912,VGB,940290
32055371,237,9911,2018,3477.0,62176.0,0.995964,-0.167496,VGB,940290
32055372,237,9911,2019,26302.0,25715.0,1.145175,-0.41776199999999997,VGB,940290
32055373,237,9911,2020,0.0,369297.0,1.342215,-0.501111,VGB,940290
32055374,238,9911,1995,,,,,VIR,940290
32055375,238,9911,1996,,,,,VIR,940290
32055376,238,9911,1997,,,,,VIR,940290
32055377,238,9911,1998,,,,,VIR,940290
32055378,238,9911,1999,,,,,VIR,940290
32055379,238,9911,2000,,,,,VIR,940290
32055380,238,9911,2001,,,,,VIR,940290
32055381,238,9911,2002,,,,,VIR,940290
32055382,238,9911,2003,,,,,VIR,940290
32055383,238,9911,2004,,,,,VIR,940290
32055384,238,9911,2005,,,,,VIR,940290
32055385,238,9911,2006,,,,,VIR,940290
32055386,238,9911,2007,,,,,VIR,940290
32055387,238,9911,2008,,,,,VIR,940290
32055388,238,9911,2009,,,,,VIR,940290
32055389,238,9911,2010,,,,,VIR,940290
32055390,238,9911,2011,,,,,VIR,940290
32055391,238,9911,2012,,,,,VIR,940290
32055392,238,9911,2013,,,,,VIR,940290
32055393,238,9911,2014,,,,,VIR,940290
32055394,238,9911,2015,,,,,VIR,940290
32055395,238,9911,2016,,,,,VIR,940290
32055396,238,9911,2017,,,,,VIR,940290
32055397,238,9911,2018,,,,,VIR,940290
32055398,238,9911,2019,,,,,VIR,940290
32055399,238,9911,2020,,,,,VIR,940290
32055400,239,9911,1995,0.0,1398303.0,-1.0462069999999999,-0.269063,VNM,940290
32055401,239,9911,1996,0.0,416051.0,-0.9336469999999999,-0.10985199999999999,VNM,940290
32055402,239,9911,1997,2358.0,845483.0,-0.93384,0.06253099999999999,VNM,940290
32055403,239,9911,1998,0.0,632138.0,-0.9395469999999999,0.060697,VNM,940290
32055404,239,9911,1999,2879.0,839522.0,-0.9824940000000001,0.115755,VNM,940290
32055405,239,9911,2000,297008.0,1754262.0,-0.849311,0.391474,VNM,940290
32055406,239,9911,2001,2210451.0,1972938.0,-0.6692130000000001,0.610992,VNM,940290
32055407,239,9911,2002,452006.0,1510964.0,-0.589665,0.799874,VNM,940290
32055408,239,9911,2003,180057.0,1520796.0,-0.633985,0.659696,VNM,940290
32055409,239,9911,2004,118510.0,2505587.0,-0.5270560000000001,0.8910389999999999,VNM,940290
32055410,239,9911,2005,554518.0,2668541.0,-0.673618,0.766938,VNM,940290
32055411,239,9911,2006,914697.0,2499705.0,-0.342779,1.033318,VNM,940290
32055412,239,9911,2007,1166723.0,3667852.0,-0.335613,1.048849,VNM,940290
32055413,239,9911,2008,7958227.0,5033957.0,-0.207083,1.1323370000000001,VNM,940290
32055414,239,9911,2009,8970835.0,5997915.0,-0.27396,1.131199,VNM,940290
32055415,239,9911,2010,9884123.0,6986310.0,-0.24660500000000002,1.427235,VNM,940290
32055416,239,9911,2011,9667288.0,8312186.0,-0.184453,1.637207,VNM,940290
32055417,239,9911,2012,14065872.0,6753298.0,0.012365000000000001,1.290936,VNM,940290
32055418,239,9911,2013,26341166.0,12564359.0,-0.11426900000000001,1.399738,VNM,940290
32055419,239,9911,2014,16967606.0,9727561.0,-0.023765,1.344416,VNM,940290
32055420,239,9911,2015,19120208.0,16337577.0,-0.17108900000000002,1.10995,VNM,940290
32055421,239,9911,2016,33045231.0,17845992.0,-0.10217899999999999,1.015568,VNM,940290
32055422,239,9911,2017,22358959.0,16330418.0,-0.009819,0.686429,VNM,940290
32055423,239,9911,2018,18812053.0,25188469.0,0.003069,0.9169729999999999,VNM,940290
32055424,239,9911,2019,19745590.0,24035246.0,-0.048147,1.098784,VNM,940290
32055425,239,9911,2020,22619787.0,24588514.0,0.034229,0.89099,VNM,940290
32055426,240,9911,1995,0.0,464453.0,-1.168901,-0.8590540000000001,VUT,940290
32055427,240,9911,1996,0.0,3572.0,-0.933351,-0.824783,VUT,940290
32055428,240,9911,1997,0.0,1188.0,-1.300604,-0.921262,VUT,940290
32055429,240,9911,1998,0.0,22447.0,-1.176751,-0.9141819999999999,VUT,940290
32055430,240,9911,1999,0.0,7859.0,-0.857935,-0.8740190000000001,VUT,940290
32055431,240,9911,2000,,,-1.007244,-0.9066219999999999,VUT,940290
32055432,240,9911,2001,,,-0.9620719999999999,-0.873368,VUT,940290
32055433,240,9911,2002,0.0,15669.0,-1.240258,-0.95039,VUT,940290
32055434,240,9911,2003,0.0,10047.0,-0.916386,-0.784439,VUT,940290
32055435,240,9911,2004,0.0,1972.0,-1.2338790000000002,-0.969297,VUT,940290
32055436,240,9911,2005,0.0,4801.0,-1.009584,-0.885193,VUT,940290
32055437,240,9911,2006,0.0,30802.0,-1.166741,-0.927552,VUT,940290
32055438,240,9911,2007,0.0,34369.0,-1.187885,-0.993107,VUT,940290
32055439,240,9911,2008,0.0,5879.0,-1.1498540000000002,-0.9443299999999999,VUT,940290
32055440,240,9911,2009,0.0,41146.0,-0.9398479999999999,-0.9635799999999999,VUT,940290
32055441,240,9911,2010,0.0,226205.0,-0.8922190000000001,-0.87134,VUT,940290
32055442,240,9911,2011,2322.0,83671.0,-1.324335,-0.9620629999999999,VUT,940290
32055443,240,9911,2012,0.0,153441.0,-0.8367030000000001,-0.8235610000000001,VUT,940290
32055444,240,9911,2013,0.0,193189.0,-0.6548689999999999,-0.811184,VUT,940290
32055445,240,9911,2014,0.0,138775.0,-1.21245,-0.941493,VUT,940290
32055446,240,9911,2015,0.0,134844.0,-1.6531169999999997,-1.018974,VUT,940290
32055447,240,9911,2016,0.0,21159.0,-1.187374,-0.9973350000000001,VUT,940290
32055448,240,9911,2017,0.0,25716.0,-1.223329,-1.005357,VUT,940290
32055449,240,9911,2018,0.0,70299.0,-1.595495,-1.026155,VUT,940290
32055450,240,9911,2019,0.0,88489.0,-0.88634,-0.943023,VUT,940290
32055451,240,9911,2020,0.0,105203.0,-1.469494,-0.991857,VUT,940290
32055452,241,9911,1995,,,1.60045,-0.49371800000000005,WLF,940290
32055453,241,9911,1996,,,0.9072549999999999,-0.5177430000000001,WLF,940290
32055454,241,9911,1997,,,-0.09628400000000001,-0.770489,WLF,940290
32055455,241,9911,1998,0.0,5611.0,0.8516,-0.734815,WLF,940290
32055456,241,9911,1999,,,2.076089,-0.671834,WLF,940290
32055457,241,9911,2000,0.0,3197.0,0.7104189999999999,-0.696887,WLF,940290
32055458,241,9911,2001,0.0,24690.0,0.934326,-0.724379,WLF,940290
32055459,241,9911,2002,0.0,9829.0,0.5689420000000001,-0.737647,WLF,940290
32055460,241,9911,2003,0.0,3059.0,0.200787,-0.775126,WLF,940290
32055461,241,9911,2004,0.0,37303.0,2.1501349999999997,-0.13714200000000001,WLF,940290
32055462,241,9911,2005,2655.0,48961.0,1.090798,-0.447772,WLF,940290
32055463,241,9911,2006,0.0,30940.0,1.609916,-0.311544,WLF,940290
32055464,241,9911,2007,0.0,32550.0,2.106802,-0.38307800000000003,WLF,940290
32055465,241,9911,2008,0.0,2949.0,0.503318,-0.708188,WLF,940290
32055466,241,9911,2009,0.0,13893.0,1.551821,-0.5478390000000001,WLF,940290
32055467,241,9911,2010,0.0,17380.0,1.206023,-0.517231,WLF,940290
32055468,241,9911,2011,0.0,39271.0,0.512842,-0.681142,WLF,940290
32055469,241,9911,2012,0.0,33635.0,1.6446990000000001,-0.248971,WLF,940290
32055470,241,9911,2013,0.0,31348.0,1.4608299999999999,-0.567281,WLF,940290
32055471,241,9911,2014,0.0,21332.0,1.0165819999999999,-0.481415,WLF,940290
32055472,241,9911,2015,0.0,242186.0,0.858368,-0.6285810000000001,WLF,940290
32055473,241,9911,2016,0.0,21817.0,1.1721700000000002,-0.658709,WLF,940290
32055474,241,9911,2017,0.0,18648.0,1.156989,-0.59549,WLF,940290
32055475,241,9911,2018,0.0,6255.0,1.604643,-0.608603,WLF,940290
32055476,241,9911,2019,0.0,38731.0,2.073123,-0.6077170000000001,WLF,940290
32055477,241,9911,2020,0.0,352317.0,0.601576,-0.727147,WLF,940290
32055478,242,9911,1995,0.0,18506.0,-1.238049,-0.877899,WSM,940290
32055479,242,9911,1996,0.0,26058.0,-0.9626600000000001,-0.838794,WSM,940290
32055480,242,9911,1997,0.0,12795.0,-1.033099,-0.8692129999999999,WSM,940290
32055481,242,9911,1998,0.0,118666.0,-1.3855540000000002,-0.932428,WSM,940290
32055482,242,9911,1999,0.0,70472.0,-0.87316,-0.8508049999999999,WSM,940290
32055483,242,9911,2000,0.0,15308.0,-1.2583469999999999,-0.988015,WSM,940290
32055484,242,9911,2001,0.0,70266.0,-0.361456,-0.690474,WSM,940290
32055485,242,9911,2002,0.0,1450.0,-0.053287,-0.5183399999999999,WSM,940290
32055486,242,9911,2003,0.0,57754.0,-0.304377,-0.620659,WSM,940290
32055487,242,9911,2004,0.0,57393.0,-0.129153,-0.6165510000000001,WSM,940290
32055488,242,9911,2005,0.0,39797.0,0.31706,-0.384695,WSM,940290
32055489,242,9911,2006,0.0,7559.0,0.299266,-0.477783,WSM,940290
32055490,242,9911,2007,0.0,11261.0,-0.21260500000000002,-0.671421,WSM,940290
32055491,242,9911,2008,0.0,14702.0,0.527804,-0.347197,WSM,940290
32055492,242,9911,2009,0.0,24229.0,1.3006149999999999,0.354537,WSM,940290
32055493,242,9911,2010,0.0,123385.0,1.236381,0.276124,WSM,940290
32055494,242,9911,2011,0.0,67371.0,0.9658110000000001,0.30804699999999996,WSM,940290
32055495,242,9911,2012,0.0,79356.0,0.537049,-0.065328,WSM,940290
32055496,242,9911,2013,0.0,376952.0,0.824724,0.056441,WSM,940290
32055497,242,9911,2014,0.0,62862.0,0.602344,-0.051224,WSM,940290
32055498,242,9911,2015,1356.0,282468.0,0.351057,-0.158431,WSM,940290
32055499,242,9911,2016,0.0,46696.0,0.576339,-0.221148,WSM,940290
32055500,242,9911,2017,0.0,87892.0,0.450726,0.050197000000000006,WSM,940290
32055501,242,9911,2018,0.0,98908.0,0.336421,0.186474,WSM,940290
32055502,242,9911,2019,0.0,94028.0,0.22290700000000002,-0.164178,WSM,940290
32055503,242,9911,2020,54182.0,237727.0,0.875817,-0.056116,WSM,940290
32055504,243,9911,1995,0.0,84288.0,-1.302346,-1.135961,YEM,940290
32055505,243,9911,1996,0.0,424188.0,-1.304556,-1.200523,YEM,940290
32055506,243,9911,1997,0.0,160936.0,-1.7204130000000002,-1.242057,YEM,940290
32055507,243,9911,1998,0.0,86357.0,-1.458683,-1.263139,YEM,940290
32055508,243,9911,1999,0.0,591504.0,-1.746447,-1.296571,YEM,940290
32055509,243,9911,2000,0.0,1436711.0,-1.74462,-1.26072,YEM,940290
32055510,243,9911,2001,0.0,774453.0,-1.465154,-1.261615,YEM,940290
32055511,243,9911,2002,0.0,462353.0,-1.233006,-1.22101,YEM,940290
32055512,243,9911,2003,0.0,1374936.0,-1.453584,-1.257815,YEM,940290
32055513,243,9911,2004,0.0,1370260.0,-1.15115,-1.207897,YEM,940290
32055514,243,9911,2005,915.0,1054132.0,-1.214267,-1.2094719999999999,YEM,940290
32055515,243,9911,2006,0.0,2836498.0,-1.0407110000000002,-1.13042,YEM,940290
32055516,243,9911,2007,13033.0,4805798.0,-1.2624600000000001,-1.2131290000000001,YEM,940290
32055517,243,9911,2008,0.0,1889566.0,-1.227495,-1.191462,YEM,940290
32055518,243,9911,2009,1215.0,2408957.0,-0.845426,-1.119091,YEM,940290
32055519,243,9911,2010,0.0,2597613.0,-1.360851,-1.208826,YEM,940290
32055520,243,9911,2011,0.0,787094.0,-1.44127,-1.242875,YEM,940290
32055521,243,9911,2012,17532.0,1212939.0,-1.277216,-1.2331590000000001,YEM,940290
32055522,243,9911,2013,135969.0,1821489.0,-1.252605,-1.207324,YEM,940290
32055523,243,9911,2014,0.0,2621386.0,-1.2829190000000001,-1.227373,YEM,940290
32055524,243,9911,2015,1517.0,806028.0,-1.048632,-1.10843,YEM,940290
32055525,243,9911,2016,0.0,537549.0,-1.232675,-1.205963,YEM,940290
32055526,243,9911,2017,0.0,1698808.0,-1.397594,-1.2342110000000002,YEM,940290
32055527,243,9911,2018,0.0,2322754.0,-1.3332899999999999,-1.200589,YEM,940290
32055528,243,9911,2019,0.0,2173249.0,-1.4367860000000001,-1.262101,YEM,940290
32055529,243,9911,2020,0.0,4643521.0,-1.130952,-1.137774,YEM,940290
32055530,244,9911,1995,,,,,YMD,940290
32055531,244,9911,1996,,,,,YMD,940290
32055532,244,9911,1997,,,,,YMD,940290
32055533,244,9911,1998,,,,,YMD,940290
32055534,244,9911,1999,,,,,YMD,940290
32055535,244,9911,2000,,,,,YMD,940290
32055536,244,9911,2001,,,,,YMD,940290
32055537,244,9911,2002,,,,,YMD,940290
32055538,244,9911,2003,,,,,YMD,940290
32055539,244,9911,2004,,,,,YMD,940290
32055540,244,9911,2005,,,,,YMD,940290
32055541,244,9911,2006,,,,,YMD,940290
32055542,244,9911,2007,,,,,YMD,940290
32055543,244,9911,2008,,,,,YMD,940290
32055544,244,9911,2009,,,,,YMD,940290
32055545,244,9911,2010,,,,,YMD,940290
32055546,244,9911,2011,,,,,YMD,940290
32055547,244,9911,2012,,,,,YMD,940290
32055548,244,9911,2013,,,,,YMD,940290
32055549,244,9911,2014,,,,,YMD,940290
32055550,244,9911,2015,,,,,YMD,940290
32055551,244,9911,2016,,,,,YMD,940290
32055552,244,9911,2017,,,,,YMD,940290
32055553,244,9911,2018,,,,,YMD,940290
32055554,244,9911,2019,,,,,YMD,940290
32055555,244,9911,2020,,,,,YMD,940290
32055556,245,9911,1995,,,,,YUG,940290
32055557,245,9911,1996,,,,,YUG,940290
32055558,245,9911,1997,,,,,YUG,940290
32055559,245,9911,1998,,,,,YUG,940290
32055560,245,9911,1999,,,,,YUG,940290
32055561,245,9911,2000,,,,,YUG,940290
32055562,245,9911,2001,,,,,YUG,940290
32055563,245,9911,2002,,,,,YUG,940290
32055564,245,9911,2003,,,,,YUG,940290
32055565,245,9911,2004,,,,,YUG,940290
32055566,245,9911,2005,,,,,YUG,940290
32055567,245,9911,2006,,,,,YUG,940290
32055568,245,9911,2007,,,,,YUG,940290
32055569,245,9911,2008,,,,,YUG,940290
32055570,245,9911,2009,,,,,YUG,940290
32055571,245,9911,2010,,,,,YUG,940290
32055572,245,9911,2011,,,,,YUG,940290
32055573,245,9911,2012,,,,,YUG,940290
32055574,245,9911,2013,,,,,YUG,940290
32055575,245,9911,2014,,,,,YUG,940290
32055576,245,9911,2015,,,,,YUG,940290
32055577,245,9911,2016,,,,,YUG,940290
32055578,245,9911,2017,,,,,YUG,940290
32055579,245,9911,2018,,,,,YUG,940290
32055580,245,9911,2019,,,,,YUG,940290
32055581,245,9911,2020,,,,,YUG,940290
32055582,246,9911,1995,927316.0,2934626.0,0.468112,1.039817,ZAF,940290
32055583,246,9911,1996,997494.0,3816627.0,0.456593,1.150786,ZAF,940290
32055584,246,9911,1997,1061986.0,3136651.0,0.501792,1.1192440000000001,ZAF,940290
32055585,246,9911,1998,2046352.0,2156719.0,0.573958,1.3813739999999999,ZAF,940290
32055586,246,9911,1999,1742919.0,2158893.0,0.543171,1.432792,ZAF,940290
32055587,246,9911,2000,3404672.0,1806234.0,0.5307529999999999,2.1141810000000003,ZAF,940290
32055588,246,9911,2001,2704024.0,2324318.0,0.356842,2.006155,ZAF,940290
32055589,246,9911,2002,4419621.0,3811209.0,0.395943,2.392458,ZAF,940290
32055590,246,9911,2003,5022940.0,6815324.0,0.477987,2.255395,ZAF,940290
32055591,246,9911,2004,5933632.0,4241926.0,0.460279,1.9736220000000002,ZAF,940290
32055592,246,9911,2005,5190200.0,12249616.0,0.484464,1.65903,ZAF,940290
32055593,246,9911,2006,2765159.0,12977415.0,0.37964499999999995,1.466326,ZAF,940290
32055594,246,9911,2007,2507878.0,11383248.0,0.349792,1.246052,ZAF,940290
32055595,246,9911,2008,3985611.0,11208705.0,0.22551500000000002,1.185506,ZAF,940290
32055596,246,9911,2009,7989621.0,16603330.0,0.316452,1.767795,ZAF,940290
32055597,246,9911,2010,4320256.0,14792015.0,0.327326,1.513598,ZAF,940290
32055598,246,9911,2011,4665450.0,21920559.0,0.241792,1.353011,ZAF,940290
32055599,246,9911,2012,5754725.0,22677010.0,0.284069,1.730991,ZAF,940290
32055600,246,9911,2013,5165965.0,23790785.0,0.380284,1.5682120000000002,ZAF,940290
32055601,246,9911,2014,5008243.0,28824214.0,0.282927,1.723214,ZAF,940290
32055602,246,9911,2015,3863303.0,25746165.0,0.24944699999999997,1.7573159999999999,ZAF,940290
32055603,246,9911,2016,5008859.0,24795704.0,0.187396,1.46169,ZAF,940290
32055604,246,9911,2017,4385537.0,21083207.0,0.2066,1.378591,ZAF,940290
32055605,246,9911,2018,3711738.0,24651690.0,0.158722,1.394829,ZAF,940290
32055606,246,9911,2019,4987243.0,24283924.0,0.129921,1.101027,ZAF,940290
32055607,246,9911,2020,4772845.0,24442984.0,0.042099,0.923931,ZAF,940290
32055608,247,9911,1995,1018.0,732191.0,-0.214763,-0.721675,ZMB,940290
32055609,247,9911,1996,0.0,125971.0,-0.340956,-0.714009,ZMB,940290
32055610,247,9911,1997,1731.0,530875.0,-0.62183,-0.809639,ZMB,940290
32055611,247,9911,1998,0.0,181935.0,-0.383126,-0.501498,ZMB,940290
32055612,247,9911,1999,50503.0,270113.0,-0.388446,-0.47129099999999996,ZMB,940290
32055613,247,9911,2000,0.0,254451.0,-0.761877,-0.6588510000000001,ZMB,940290
32055614,247,9911,2001,0.0,268844.0,-0.731193,-0.706978,ZMB,940290
32055615,247,9911,2002,903.0,279267.0,-0.654686,-0.545346,ZMB,940290
32055616,247,9911,2003,0.0,1280029.0,-0.678149,-0.5919449999999999,ZMB,940290
32055617,247,9911,2004,5116.0,470410.0,-0.9972190000000001,-0.853986,ZMB,940290
32055618,247,9911,2005,0.0,1459784.0,-0.854234,-0.9467399999999999,ZMB,940290
32055619,247,9911,2006,6095.0,2562183.0,-0.5307,-0.793621,ZMB,940290
32055620,247,9911,2007,0.0,805595.0,-0.522838,-0.796874,ZMB,940290
32055621,247,9911,2008,0.0,654164.0,-0.798489,-0.9437639999999999,ZMB,940290
32055622,247,9911,2009,375.0,622125.0,-0.6423909999999999,-0.815315,ZMB,940290
32055623,247,9911,2010,0.0,693839.0,-0.650686,-0.830332,ZMB,940290
32055624,247,9911,2011,7424.0,2168305.0,-0.7599,-0.941019,ZMB,940290
32055625,247,9911,2012,288054.0,1061860.0,-0.40962200000000004,-0.770245,ZMB,940290
32055626,247,9911,2013,0.0,661173.0,-0.382129,-0.5442229999999999,ZMB,940290
32055627,247,9911,2014,958.0,1304352.0,-0.664089,-0.793452,ZMB,940290
32055628,247,9911,2015,1104.0,2011189.0,-0.44792,-0.769586,ZMB,940290
32055629,247,9911,2016,4543.0,1050573.0,-0.632437,-0.968817,ZMB,940290
32055630,247,9911,2017,1747.0,618042.0,-0.8594290000000001,-1.0574459999999999,ZMB,940290
32055631,247,9911,2018,6182.0,1700335.0,-0.736064,-0.93958,ZMB,940290
32055632,247,9911,2019,3623.0,4823935.0,-0.629261,-0.8471489999999999,ZMB,940290
32055633,247,9911,2020,906220.0,1714335.0,-0.9162379999999999,-0.9523940000000001,ZMB,940290
32055634,248,9911,1995,24654.0,280388.0,-0.054752999999999996,0.326737,ZWE,940290
32055635,248,9911,1996,24798.0,646200.0,-0.393769,-0.34379,ZWE,940290
32055636,248,9911,1997,131731.0,848937.0,-0.36357399999999995,-0.449161,ZWE,940290
32055637,248,9911,1998,24504.0,985319.0,-0.49939399999999995,-0.430733,ZWE,940290
32055638,248,9911,1999,35856.0,533309.0,-0.320533,-0.180527,ZWE,940290
32055639,248,9911,2000,43027.0,122801.0,-0.454005,0.082856,ZWE,940290
32055640,248,9911,2001,31995.0,213508.0,-0.6321829999999999,-0.453671,ZWE,940290
32055641,248,9911,2002,81412.0,142027.0,-0.309483,0.271457,ZWE,940290
32055642,248,9911,2003,176314.0,84460.0,-0.366539,-0.18906199999999998,ZWE,940290
32055643,248,9911,2004,76020.0,100146.0,-0.560593,-0.091112,ZWE,940290
32055644,248,9911,2005,68598.0,110897.0,-0.559266,-0.395637,ZWE,940290
32055645,248,9911,2006,145562.0,129990.0,-0.41825500000000004,-0.55313,ZWE,940290
32055646,248,9911,2007,47376.0,176475.0,-0.5271399999999999,-0.47033800000000003,ZWE,940290
32055647,248,9911,2008,34858.0,929306.0,-0.377992,-0.577244,ZWE,940290
32055648,248,9911,2009,46916.0,546725.0,-0.686822,-0.683511,ZWE,940290
32055649,248,9911,2010,0.0,1248579.0,-0.869909,-0.8233309999999999,ZWE,940290
32055650,248,9911,2011,2136.0,1791511.0,-0.858662,-0.8632719999999999,ZWE,940290
32055651,248,9911,2012,7138.0,747493.0,-0.8025100000000001,-0.869078,ZWE,940290
32055652,248,9911,2013,6712.0,1328485.0,-0.828702,-0.899175,ZWE,940290
32055653,248,9911,2014,0.0,7159830.0,-0.821369,-0.864232,ZWE,940290
32055654,248,9911,2015,5276.0,721073.0,-0.838017,-0.9400270000000001,ZWE,940290
32055655,248,9911,2016,0.0,480781.0,-1.083532,-1.0016610000000001,ZWE,940290
32055656,248,9911,2017,18657.0,436877.0,-1.101402,-1.0831680000000001,ZWE,940290
32055657,248,9911,2018,0.0,861359.0,-1.181524,-1.0648520000000001,ZWE,940290
32055658,248,9911,2019,0.0,622260.0,-0.9993780000000001,-1.018174,ZWE,940290
32055659,248,9911,2020,906.0,946312.0,-1.039532,-1.12853,ZWE,940290
32055660,249,9911,1995,5806121.0,7439075.0,1.345205,1.9337389999999999,TWN,940290
32055661,249,9911,1996,8690954.0,6342609.0,1.432225,1.675389,TWN,940290
32055662,249,9911,1997,10320298.0,10175878.0,1.317672,1.800561,TWN,940290
32055663,249,9911,1998,12458153.0,7761196.0,1.224725,1.890322,TWN,940290
32055664,249,9911,1999,14958304.0,9181403.0,1.336816,1.725334,TWN,940290
32055665,249,9911,2000,21353236.0,6407024.0,1.44705,1.475122,TWN,940290
32055666,249,9911,2001,25844131.0,6046969.0,1.5731700000000002,1.353159,TWN,940290
32055667,249,9911,2002,36867782.0,4050696.0,1.683858,1.333601,TWN,940290
32055668,249,9911,2003,43173483.0,4809761.0,1.5924040000000002,1.397843,TWN,940290
32055669,249,9911,2004,41682576.0,6291678.0,1.626307,1.358315,TWN,940290
32055670,249,9911,2005,48194343.0,4999083.0,1.577067,1.3218450000000002,TWN,940290
32055671,249,9911,2006,50978198.0,4114450.0,1.619915,1.2289940000000001,TWN,940290
32055672,249,9911,2007,63758826.0,5181395.0,1.651607,0.974649,TWN,940290
32055673,249,9911,2008,63711662.0,7900086.0,1.611693,0.93875,TWN,940290
32055674,249,9911,2009,59670826.0,9969634.0,1.5763120000000002,0.9567950000000001,TWN,940290
32055675,249,9911,2010,84112866.0,10422807.0,1.766729,0.909335,TWN,940290
32055676,249,9911,2011,99827023.0,11052009.0,1.803234,0.921233,TWN,940290
32055677,249,9911,2012,110892156.0,10592243.0,1.6528,0.9437409999999999,TWN,940290
32055678,249,9911,2013,115040943.0,10592714.0,1.843186,0.9432379999999999,TWN,940290
32055679,249,9911,2014,116771843.0,13067589.0,1.9044189999999999,1.0595139999999998,TWN,940290
32055680,249,9911,2015,115265840.0,12386978.0,1.962832,1.214982,TWN,940290
32055681,249,9911,2016,108543349.0,15891998.0,2.002996,1.39485,TWN,940290
32055682,249,9911,2017,114928343.0,11663518.0,2.0548290000000002,1.2552969999999999,TWN,940290
32055683,249,9911,2018,120188622.0,15328809.0,2.0462540000000002,1.166636,TWN,940290
32055684,249,9911,2019,122073552.0,17572426.0,2.123296,1.1786969999999999,TWN,940290
32055685,249,9911,2020,137252562.0,16326909.0,2.0517060000000003,1.205431,TWN,940290
32055686,250,9911,1995,1005646.0,303391.0,1.034518,0.9735149999999999,ANS,940290
32055687,250,9911,1996,1012567.0,453631.0,1.084978,0.901755,ANS,940290
32055688,250,9911,1997,915587.0,656837.0,1.036748,0.851626,ANS,940290
32055689,250,9911,1998,942735.0,827222.0,1.144164,1.187425,ANS,940290
32055690,250,9911,1999,1976148.0,249901.0,1.130511,0.9547379999999999,ANS,940290
32055691,250,9911,2000,2880805.0,340828.0,1.195891,-0.22544,ANS,940290
32055692,250,9911,2001,4087175.0,209964.0,1.096023,-0.33562600000000004,ANS,940290
32055693,250,9911,2002,1195299.0,597024.0,0.734927,-0.40114099999999997,ANS,940290
32055694,250,9911,2003,1286898.0,911180.0,0.45951499999999995,-0.2312,ANS,940290
32055695,250,9911,2004,4673575.0,604733.0,0.509382,-0.30904299999999996,ANS,940290
32055696,250,9911,2005,2026279.0,539170.0,0.63454,-0.41119799999999995,ANS,940290
32055697,250,9911,2006,3822714.0,1353952.0,0.711619,-0.41880200000000006,ANS,940290
32055698,250,9911,2007,4143519.0,1056511.0,0.671936,-0.284418,ANS,940290
32055699,250,9911,2008,5902320.0,1951406.0,0.547909,-0.5303640000000001,ANS,940290
32055700,250,9911,2009,12881770.0,965713.0,0.582246,-0.10603,ANS,940290
32055701,250,9911,2010,4919530.0,370086.0,0.45129600000000003,-0.223517,ANS,940290
32055702,250,9911,2011,3358722.0,1404812.0,0.475638,-0.160135,ANS,940290
32055703,250,9911,2012,5938737.0,2225028.0,0.385997,-0.057784,ANS,940290
32055704,250,9911,2013,4416692.0,870149.0,0.628555,0.277602,ANS,940290
32055705,250,9911,2014,18120866.0,2075775.0,0.506842,0.049545,ANS,940290
32055706,250,9911,2015,3161481.0,1651909.0,0.377283,-0.092204,ANS,940290
32055707,250,9911,2016,3760840.0,1657276.0,0.773312,-0.015385,ANS,940290
32055708,250,9911,2017,1624764.0,1221094.0,0.72523,-0.205046,ANS,940290
32055709,250,9911,2018,5043577.0,477269.0,0.809991,-0.368737,ANS,940290
32055710,250,9911,2019,5625293.0,901882.0,0.8996129999999999,-0.152746,ANS,940290
32055711,250,9911,2020,8273117.0,885567.0,0.866041,-0.371104,ANS,940290
32055712,0,9912,1995,0.0,823762.0,-0.502999,-0.713013,ABW,940310
32055713,0,9912,1996,1997.0,214874.0,-0.681487,-0.70999,ABW,940310
32055714,0,9912,1997,0.0,294506.0,-1.2908190000000002,-0.824577,ABW,940310
32055715,0,9912,1998,0.0,916667.0,0.197883,-0.726349,ABW,940310
32055716,0,9912,1999,0.0,212508.0,-0.11568599999999998,-0.8296680000000001,ABW,940310
32055717,0,9912,2000,0.0,511829.0,0.333381,-0.7784979999999999,ABW,940310
32055718,0,9912,2001,0.0,147776.0,-0.084715,-0.844852,ABW,940310
32055719,0,9912,2002,0.0,167972.0,0.017075999999999997,-0.844024,ABW,940310
32055720,0,9912,2003,0.0,197988.0,-0.13006600000000001,-0.783431,ABW,940310
32055721,0,9912,2004,0.0,215653.0,-0.30244099999999996,-0.892926,ABW,940310
32055722,0,9912,2005,2883.0,407222.0,0.409159,-0.712276,ABW,940310
32055723,0,9912,2006,11837.0,1409403.0,0.15112799999999998,-0.752631,ABW,940310
32055724,0,9912,2007,130721.0,346431.0,-0.100145,-0.7896920000000001,ABW,940310
32055725,0,9912,2008,47841.0,644852.0,-0.13050499999999998,-0.7932560000000001,ABW,940310
32055726,0,9912,2009,2397.0,368348.0,0.770077,-0.71001,ABW,940310
32055727,0,9912,2010,2702.0,303242.0,0.9906219999999999,0.159993,ABW,940310
32055728,0,9912,2011,0.0,555256.0,-0.282585,-0.71273,ABW,940310
32055729,0,9912,2012,724.0,321632.0,0.262866,-0.531974,ABW,940310
32055730,0,9912,2013,7227.0,544435.0,0.913235,-0.149061,ABW,940310
32055731,0,9912,2014,0.0,564380.0,0.779539,-0.32255700000000004,ABW,940310
32055732,0,9912,2015,8110.0,1403700.0,0.8526809999999999,-0.043541,ABW,940310
32055733,0,9912,2016,102931.0,795605.0,0.9052,0.253571,ABW,940310
32055734,0,9912,2017,6648.0,425885.0,0.845843,0.165178,ABW,940310
32055735,0,9912,2018,2743.0,298463.0,0.8710549999999999,0.084402,ABW,940310
32055736,0,9912,2019,0.0,534854.0,1.077214,-0.060235000000000004,ABW,940310
32055737,0,9912,2020,20252.0,135678.0,0.725364,-0.244535,ABW,940310
32055738,1,9912,1995,,,-0.44388199999999994,-0.631151,AFG,940310
32055739,1,9912,1996,0.0,8079.0,-0.31642600000000004,-0.620458,AFG,940310
32055740,1,9912,1997,,,0.019025999999999998,-0.351461,AFG,940310
32055741,1,9912,1998,,,-0.323818,-0.698422,AFG,940310
32055742,1,9912,1999,,,-0.28520500000000004,-0.635241,AFG,940310
32055743,1,9912,2000,0.0,4019.0,-0.19908399999999998,-0.519908,AFG,940310
32055744,1,9912,2001,,,-0.033686,-0.46412700000000007,AFG,940310
32055745,1,9912,2002,0.0,397079.0,-0.262812,-0.503955,AFG,940310
32055746,1,9912,2003,0.0,444157.0,-0.421205,-0.602704,AFG,940310
32055747,1,9912,2004,1065.0,1557646.0,-0.6831550000000001,-0.756696,AFG,940310
32055748,1,9912,2005,0.0,1746649.0,-0.173509,-0.42569799999999997,AFG,940310
32055749,1,9912,2006,0.0,755219.0,-0.626011,-0.6799689999999999,AFG,940310
32055750,1,9912,2007,0.0,808818.0,-0.745981,-0.682003,AFG,940310
32055751,1,9912,2008,0.0,2257714.0,-0.23668000000000003,-0.344418,AFG,940310
32055752,1,9912,2009,2591.0,356511.0,-0.424354,-0.563383,AFG,940310
32055753,1,9912,2010,0.0,2083889.0,-0.054633,-0.102103,AFG,940310
32055754,1,9912,2011,0.0,797880.0,-0.8426809999999999,-0.640418,AFG,940310
32055755,1,9912,2012,0.0,2682752.0,-0.711192,-1.0911629999999999,AFG,940310
32055756,1,9912,2013,0.0,248854.0,-0.985727,-0.7164550000000001,AFG,940310
32055757,1,9912,2014,2925.0,153145.0,-0.924386,-0.839385,AFG,940310
32055758,1,9912,2015,0.0,246879.0,-1.249655,-0.9094459999999999,AFG,940310
32055759,1,9912,2016,0.0,166787.0,-1.497486,-1.002342,AFG,940310
32055760,1,9912,2017,0.0,356333.0,-1.147348,-0.886799,AFG,940310
32055761,1,9912,2018,0.0,469682.0,-1.267508,-0.8494940000000001,AFG,940310
32055762,1,9912,2019,0.0,733915.0,-1.187576,-0.7731979999999999,AFG,940310
32055763,1,9912,2020,0.0,110668.0,-1.178987,-0.815577,AFG,940310
32055764,2,9912,1995,1096.0,3191947.0,-2.2342459999999997,-1.1147639999999999,AGO,940310
32055765,2,9912,1996,0.0,3523533.0,-2.3109900000000003,-1.172849,AGO,940310
32055766,2,9912,1997,0.0,5590076.0,-1.574236,-1.1722219999999999,AGO,940310
32055767,2,9912,1998,0.0,7279347.0,-1.679223,-1.213275,AGO,940310
32055768,2,9912,1999,0.0,5651811.0,-1.383262,-1.20434,AGO,940310
32055769,2,9912,2000,0.0,3690214.0,-1.998198,-1.205407,AGO,940310
32055770,2,9912,2001,0.0,4397423.0,-1.523823,-1.214093,AGO,940310
32055771,2,9912,2002,0.0,5449837.0,-2.018135,-1.222751,AGO,940310
32055772,2,9912,2003,0.0,6684976.0,-1.8762919999999998,-1.176541,AGO,940310
32055773,2,9912,2004,0.0,9182598.0,-0.8513709999999999,-1.173397,AGO,940310
32055774,2,9912,2005,0.0,8896581.0,-1.647198,-1.1817790000000001,AGO,940310
32055775,2,9912,2006,0.0,13148680.0,-2.0822979999999998,-1.176767,AGO,940310
32055776,2,9912,2007,0.0,16142813.0,-1.6925709999999998,-1.1987290000000002,AGO,940310
32055777,2,9912,2008,0.0,24276856.0,-2.0318669999999996,-1.149931,AGO,940310
32055778,2,9912,2009,0.0,18153634.0,-0.809438,-1.190006,AGO,940310
32055779,2,9912,2010,430574.0,15453186.0,-1.3711010000000001,-1.170608,AGO,940310
32055780,2,9912,2011,0.0,17021368.0,-1.252991,-1.132314,AGO,940310
32055781,2,9912,2012,1437.0,23075499.0,-1.521092,-1.157031,AGO,940310
32055782,2,9912,2013,1143.0,26499866.0,-1.172043,-1.133735,AGO,940310
32055783,2,9912,2014,1087.0,29922020.0,-1.8184900000000002,-1.149191,AGO,940310
32055784,2,9912,2015,1788.0,10901098.0,-1.6542,-1.2598989999999999,AGO,940310
32055785,2,9912,2016,22476.0,6101815.0,-1.313517,-1.262761,AGO,940310
32055786,2,9912,2017,21346.0,8607366.0,-1.408777,-1.215475,AGO,940310
32055787,2,9912,2018,2255.0,6168369.0,-1.489191,-1.213992,AGO,940310
32055788,2,9912,2019,5618.0,4866157.0,-1.096127,-1.195434,AGO,940310
32055789,2,9912,2020,4890.0,5953866.0,-1.7948709999999999,-1.199555,AGO,940310
32055790,3,9912,1995,,,1.39062,-0.102344,AIA,940310
32055791,3,9912,1996,0.0,68855.0,0.9183969999999999,-0.126271,AIA,940310
32055792,3,9912,1997,0.0,2261.0,1.2688760000000001,0.19008599999999998,AIA,940310
32055793,3,9912,1998,0.0,50689.0,0.8829440000000001,-0.185175,AIA,940310
32055794,3,9912,1999,0.0,15917.0,0.9031899999999999,-0.402341,AIA,940310
32055795,3,9912,2000,0.0,11821.0,1.57991,0.160971,AIA,940310
32055796,3,9912,2001,1339.0,10491.0,1.1659469999999998,0.12369000000000001,AIA,940310
32055797,3,9912,2002,0.0,22920.0,1.801822,0.172557,AIA,940310
32055798,3,9912,2003,0.0,4576.0,1.159575,-0.060911,AIA,940310
32055799,3,9912,2004,0.0,31161.0,1.14242,-0.061847000000000006,AIA,940310
32055800,3,9912,2005,0.0,8855.0,0.9438139999999999,-0.331494,AIA,940310
32055801,3,9912,2006,0.0,31397.0,1.4066610000000002,-0.166941,AIA,940310
32055802,3,9912,2007,0.0,60631.0,1.204732,-0.009463,AIA,940310
32055803,3,9912,2008,0.0,110424.0,1.3673950000000001,0.124948,AIA,940310
32055804,3,9912,2009,0.0,119924.0,1.5343360000000001,-0.035211,AIA,940310
32055805,3,9912,2010,,,1.127307,0.035098000000000004,AIA,940310
32055806,3,9912,2011,0.0,10000.0,1.3921459999999999,0.126905,AIA,940310
32055807,3,9912,2012,,,1.300748,0.187379,AIA,940310
32055808,3,9912,2013,0.0,6274.0,1.5827879999999999,0.127141,AIA,940310
32055809,3,9912,2014,0.0,24293.0,0.926517,-0.498487,AIA,940310
32055810,3,9912,2015,0.0,20275.0,0.903682,-0.046925,AIA,940310
32055811,3,9912,2016,0.0,19307.0,1.0810790000000001,-0.20086400000000001,AIA,940310
32055812,3,9912,2017,0.0,13949.0,1.0311569999999999,-0.098749,AIA,940310
32055813,3,9912,2018,0.0,151666.0,1.345238,-0.050174,AIA,940310
32055814,3,9912,2019,0.0,72425.0,0.9469639999999999,-0.526437,AIA,940310
32055815,3,9912,2020,0.0,41546.0,1.453992,-0.357415,AIA,940310
32055816,4,9912,1995,0.0,551560.0,-0.39273,-0.47259300000000004,ALB,940310
32055817,4,9912,1996,1236.0,709010.0,-0.309992,-0.039541,ALB,940310
32055818,4,9912,1997,8181.0,153212.0,-0.32351599999999997,-0.170449,ALB,940310
32055819,4,9912,1998,1990.0,268052.0,-0.37657399999999996,-0.201006,ALB,940310
32055820,4,9912,1999,1253.0,730207.0,-0.281783,-0.10076399999999999,ALB,940310
32055821,4,9912,2000,8970.0,745698.0,-0.083425,0.080963,ALB,940310
32055822,4,9912,2001,10962.0,578806.0,-0.054125,0.104298,ALB,940310
32055823,4,9912,2002,51372.0,950498.0,-0.127828,-0.126857,ALB,940310
32055824,4,9912,2003,51398.0,1308141.0,-0.053595000000000004,0.166034,ALB,940310
32055825,4,9912,2004,2065.0,975916.0,-0.131892,0.14985199999999999,ALB,940310
32055826,4,9912,2005,30751.0,773705.0,-0.156823,0.187042,ALB,940310
32055827,4,9912,2006,12602.0,1439301.0,-0.340932,-0.06302200000000001,ALB,940310
32055828,4,9912,2007,5318.0,1953818.0,-0.20616700000000002,-0.016993,ALB,940310
32055829,4,9912,2008,39612.0,2595405.0,-0.252894,-0.0071400000000000005,ALB,940310
32055830,4,9912,2009,16600.0,1488709.0,-0.41612200000000005,-0.256639,ALB,940310
32055831,4,9912,2010,52883.0,2053951.0,-0.5316,-0.219561,ALB,940310
32055832,4,9912,2011,538389.0,2080810.0,-0.331435,-0.034828,ALB,940310
32055833,4,9912,2012,114947.0,921234.0,-0.355898,-0.017434,ALB,940310
32055834,4,9912,2013,116182.0,569253.0,-0.53682,-0.162391,ALB,940310
32055835,4,9912,2014,333261.0,794529.0,-0.476024,-0.33978400000000003,ALB,940310
32055836,4,9912,2015,83340.0,856299.0,-0.601875,-0.27003,ALB,940310
32055837,4,9912,2016,100861.0,912961.0,-0.534645,-0.09027,ALB,940310
32055838,4,9912,2017,22238.0,1124373.0,-0.44769899999999996,-0.17193,ALB,940310
32055839,4,9912,2018,111563.0,1253927.0,-0.456481,-0.139655,ALB,940310
32055840,4,9912,2019,75148.0,933295.0,-0.459614,-0.019257,ALB,940310
32055841,4,9912,2020,27008.0,801179.0,-0.265229,0.059049000000000004,ALB,940310
32055842,5,9912,1995,47317.0,734940.0,1.126269,0.577384,AND,940310
32055843,5,9912,1996,5865.0,391341.0,1.0490059999999999,0.6587189999999999,AND,940310
32055844,5,9912,1997,3651.0,352834.0,1.087564,0.602846,AND,940310
32055845,5,9912,1998,888.0,179274.0,1.079978,0.618452,AND,940310
32055846,5,9912,1999,1591.0,422738.0,0.98429,0.690354,AND,940310
32055847,5,9912,2000,10424.0,520769.0,1.0305,0.762984,AND,940310
32055848,5,9912,2001,6706.0,438915.0,1.049415,0.860241,AND,940310
32055849,5,9912,2002,3527.0,260206.0,1.1751610000000001,0.8631700000000001,AND,940310
32055850,5,9912,2003,5649.0,245914.0,1.0901319999999999,0.618693,AND,940310
32055851,5,9912,2004,3631.0,298455.0,1.268618,0.835359,AND,940310
32055852,5,9912,2005,6993.0,283776.0,0.990216,0.430967,AND,940310
32055853,5,9912,2006,14918.0,309065.0,1.03128,0.402281,AND,940310
32055854,5,9912,2007,55305.0,433396.0,1.178982,0.778379,AND,940310
32055855,5,9912,2008,9611.0,349865.0,0.971109,0.749296,AND,940310
32055856,5,9912,2009,16553.0,384542.0,1.002767,0.6733,AND,940310
32055857,5,9912,2010,4949.0,249771.0,0.8963620000000001,0.7650399999999999,AND,940310
32055858,5,9912,2011,2571.0,323386.0,0.787289,0.484512,AND,940310
32055859,5,9912,2012,1001.0,258310.0,0.978527,0.521579,AND,940310
32055860,5,9912,2013,28741.0,208309.0,0.9666530000000001,-0.159606,AND,940310
32055861,5,9912,2014,34434.0,491145.0,0.533246,-0.41617,AND,940310
32055862,5,9912,2015,26380.0,382198.0,0.850153,0.383793,AND,940310
32055863,5,9912,2016,1982.0,528636.0,1.06885,0.519109,AND,940310
32055864,5,9912,2017,20508.0,805108.0,1.097505,0.480863,AND,940310
32055865,5,9912,2018,2607.0,1376376.0,0.975648,0.525437,AND,940310
32055866,5,9912,2019,2160.0,2573360.0,0.776042,0.167417,AND,940310
32055867,5,9912,2020,0.0,986239.0,1.009457,0.2002,AND,940310
32055868,6,9912,1995,190904.0,1376244.0,-0.020759,-0.653863,ANT,940310
32055869,6,9912,1996,3397.0,1352638.0,0.29339,-0.572443,ANT,940310
32055870,6,9912,1997,21521.0,1874394.0,0.406411,-0.46148100000000003,ANT,940310
32055871,6,9912,1998,68402.0,1360969.0,0.666616,-0.224404,ANT,940310
32055872,6,9912,1999,75763.0,1446173.0,0.266874,-0.5122220000000001,ANT,940310
32055873,6,9912,2000,40978.0,1152579.0,0.47719799999999996,-0.56103,ANT,940310
32055874,6,9912,2001,5791.0,437411.0,0.260662,-0.66681,ANT,940310
32055875,6,9912,2002,3018.0,785739.0,0.346519,-0.631549,ANT,940310
32055876,6,9912,2003,2344.0,602786.0,0.108903,-0.650137,ANT,940310
32055877,6,9912,2004,16016.0,748662.0,0.726256,-0.48520699999999994,ANT,940310
32055878,6,9912,2005,28328.0,712520.0,-0.294813,-0.7054010000000001,ANT,940310
32055879,6,9912,2006,21380.0,1400742.0,0.251825,-0.629035,ANT,940310
32055880,6,9912,2007,61559.0,1227663.0,0.305773,-0.504676,ANT,940310
32055881,6,9912,2008,33600.0,1516256.0,0.31099,-0.536718,ANT,940310
32055882,6,9912,2009,52658.0,1185637.0,0.351025,-0.699817,ANT,940310
32055883,6,9912,2010,23501.0,1353505.0,-0.08593200000000001,-0.691395,ANT,940310
32055884,6,9912,2011,,,0.166465,-0.722459,ANT,940310
32055885,6,9912,2012,,,,,ANT,940310
32055886,6,9912,2013,,,,,ANT,940310
32055887,6,9912,2014,,,,,ANT,940310
32055888,6,9912,2015,,,,,ANT,940310
32055889,6,9912,2016,,,,,ANT,940310
32055890,6,9912,2017,,,,,ANT,940310
32055891,6,9912,2018,,,1.690827,-0.542337,ANT,940310
32055892,6,9912,2019,,,,,ANT,940310
32055893,6,9912,2020,,,,,ANT,940310
32055894,7,9912,1995,360610.0,13186507.0,-0.205166,-0.6132380000000001,ARE,940310
32055895,7,9912,1996,699424.0,13302149.0,-0.245358,-0.726695,ARE,940310
32055896,7,9912,1997,768753.0,15885923.0,-0.042154000000000004,-0.667389,ARE,940310
32055897,7,9912,1998,991310.0,23717882.0,-0.274973,-0.481405,ARE,940310
32055898,7,9912,1999,1383481.0,12845254.0,-0.21921,-0.54813,ARE,940310
32055899,7,9912,2000,1732699.0,13162810.0,-0.111384,-0.490415,ARE,940310
32055900,7,9912,2001,1642794.0,14718991.0,-0.193984,-0.457124,ARE,940310
32055901,7,9912,2002,2532334.0,16677240.0,0.044683,-0.247191,ARE,940310
32055902,7,9912,2003,2520880.0,13444896.0,0.049637,-0.502691,ARE,940310
32055903,7,9912,2004,2693915.0,18650578.0,0.1799,-0.34541900000000003,ARE,940310
32055904,7,9912,2005,5135906.0,28230598.0,0.11526600000000001,-0.393171,ARE,940310
32055905,7,9912,2006,6762410.0,28377715.0,0.053903999999999994,-0.735124,ARE,940310
32055906,7,9912,2007,7458986.0,48879326.0,-0.107504,-0.44744300000000004,ARE,940310
32055907,7,9912,2008,10571260.0,76645798.0,-0.276433,-0.692392,ARE,940310
32055908,7,9912,2009,3973402.0,40110921.0,0.070059,-0.619075,ARE,940310
32055909,7,9912,2010,10750451.0,37588308.0,0.29457,-0.196371,ARE,940310
32055910,7,9912,2011,7716355.0,41358665.0,0.030652,-0.450808,ARE,940310
32055911,7,9912,2012,51302762.0,42729847.0,0.45351499999999995,-0.285021,ARE,940310
32055912,7,9912,2013,25328515.0,55521338.0,-0.074047,-0.585168,ARE,940310
32055913,7,9912,2014,21000503.0,61287884.0,0.087775,-0.289459,ARE,940310
32055914,7,9912,2015,15328793.0,59177825.0,0.21779600000000002,-0.0047420000000000006,ARE,940310
32055915,7,9912,2016,13029965.0,48983928.0,0.11037999999999999,0.045327,ARE,940310
32055916,7,9912,2017,15990264.0,37861973.0,0.210477,0.02557,ARE,940310
32055917,7,9912,2018,15325299.0,43310111.0,0.11804400000000001,-0.326851,ARE,940310
32055918,7,9912,2019,12557909.0,37742478.0,-0.165113,-0.8973540000000001,ARE,940310
32055919,7,9912,2020,12542504.0,31788442.0,-0.118349,-0.789485,ARE,940310
32055920,8,9912,1995,52350.0,2377443.0,0.245885,0.5489850000000001,ARG,940310
32055921,8,9912,1996,117248.0,3140203.0,0.167081,0.433612,ARG,940310
32055922,8,9912,1997,196595.0,9766202.0,0.273654,0.495389,ARG,940310
32055923,8,9912,1998,182180.0,8556185.0,0.272015,0.45031099999999996,ARG,940310
32055924,8,9912,1999,237373.0,6296760.0,0.49933500000000003,0.593879,ARG,940310
32055925,8,9912,2000,114739.0,3786746.0,0.43928999999999996,0.6839189999999999,ARG,940310
32055926,8,9912,2001,339111.0,1789439.0,0.287698,0.547137,ARG,940310
32055927,8,9912,2002,221565.0,246902.0,0.284536,0.517425,ARG,940310
32055928,8,9912,2003,263028.0,273483.0,0.302073,0.49069700000000005,ARG,940310
32055929,8,9912,2004,609694.0,396561.0,0.28128600000000004,0.64115,ARG,940310
32055930,8,9912,2005,403580.0,388501.0,0.383772,0.656866,ARG,940310
32055931,8,9912,2006,1361967.0,780681.0,0.33055,0.665867,ARG,940310
32055932,8,9912,2007,904171.0,1357142.0,0.178214,0.5093850000000001,ARG,940310
32055933,8,9912,2008,999128.0,1470878.0,0.278837,0.496784,ARG,940310
32055934,8,9912,2009,450881.0,992207.0,0.27637,0.611129,ARG,940310
32055935,8,9912,2010,322464.0,1381792.0,0.27458899999999997,0.597907,ARG,940310
32055936,8,9912,2011,594474.0,1490969.0,0.240494,0.540376,ARG,940310
32055937,8,9912,2012,596001.0,1974246.0,0.149423,0.5191979999999999,ARG,940310
32055938,8,9912,2013,404647.0,1502189.0,0.20314300000000002,0.494062,ARG,940310
32055939,8,9912,2014,424936.0,1910672.0,0.10691500000000001,0.44860600000000006,ARG,940310
32055940,8,9912,2015,399054.0,694447.0,0.116896,0.30330999999999997,ARG,940310
32055941,8,9912,2016,104523.0,954343.0,-0.132495,0.16353199999999998,ARG,940310
32055942,8,9912,2017,134062.0,1348062.0,-0.120753,0.233375,ARG,940310
32055943,8,9912,2018,144295.0,1509900.0,-0.14316800000000002,0.14356,ARG,940310
32055944,8,9912,2019,84692.0,1439313.0,-0.136634,0.127073,ARG,940310
32055945,8,9912,2020,174286.0,1766496.0,-0.14746199999999998,0.039795,ARG,940310
32055946,9,9912,1995,0.0,8968.0,0.254546,-0.851535,ARM,940310
32055947,9,9912,1996,0.0,47700.0,0.8798090000000001,0.05873300000000001,ARM,940310
32055948,9,9912,1997,0.0,161936.0,1.178568,0.331529,ARM,940310
32055949,9,9912,1998,0.0,103482.0,0.848252,-0.159457,ARM,940310
32055950,9,9912,1999,0.0,253775.0,0.6218600000000001,-0.174906,ARM,940310
32055951,9,9912,2000,0.0,216477.0,0.857776,-0.020538999999999998,ARM,940310
32055952,9,9912,2001,0.0,168979.0,0.834168,0.21458000000000002,ARM,940310
32055953,9,9912,2002,12058.0,200136.0,0.710274,-0.11309000000000001,ARM,940310
32055954,9,9912,2003,173215.0,549370.0,0.497521,-0.305788,ARM,940310
32055955,9,9912,2004,0.0,275401.0,0.661799,-0.140004,ARM,940310
32055956,9,9912,2005,16426.0,608638.0,0.435237,-0.436709,ARM,940310
32055957,9,9912,2006,1722.0,1775551.0,0.14539100000000002,-0.558014,ARM,940310
32055958,9,9912,2007,13584.0,580934.0,0.7169,-0.019251,ARM,940310
32055959,9,9912,2008,19955.0,436312.0,0.360609,-0.038343,ARM,940310
32055960,9,9912,2009,42149.0,530383.0,0.24424899999999997,-0.30152399999999996,ARM,940310
32055961,9,9912,2010,14814.0,1035390.0,0.11632,-0.417048,ARM,940310
32055962,9,9912,2011,17209.0,758899.0,0.543397,-0.029376999999999997,ARM,940310
32055963,9,9912,2012,126429.0,483545.0,0.49142299999999994,0.033657,ARM,940310
32055964,9,9912,2013,1518.0,449060.0,-0.076922,-0.5781390000000001,ARM,940310
32055965,9,9912,2014,2129.0,994553.0,-0.198322,-0.5918680000000001,ARM,940310
32055966,9,9912,2015,40447.0,269721.0,0.037579,-0.42448800000000003,ARM,940310
32055967,9,9912,2016,0.0,435204.0,-0.044982999999999995,-0.518007,ARM,940310
32055968,9,9912,2017,3917.0,236927.0,-0.23846799999999999,-0.658774,ARM,940310
32055969,9,9912,2018,10699.0,395222.0,-0.330516,-0.604744,ARM,940310
32055970,9,9912,2019,33569.0,540301.0,-0.203986,-0.667607,ARM,940310
32055971,9,9912,2020,18797.0,351600.0,-0.129502,-0.671068,ARM,940310
32055972,10,9912,1995,,,,,ASM,940310
32055973,10,9912,1996,,,,,ASM,940310
32055974,10,9912,1997,,,,,ASM,940310
32055975,10,9912,1998,,,,,ASM,940310
32055976,10,9912,1999,,,,,ASM,940310
32055977,10,9912,2000,0.0,2105.0,1.142464,0.18513,ASM,940310
32055978,10,9912,2001,0.0,35987.0,1.343164,0.15453,ASM,940310
32055979,10,9912,2002,0.0,3755.0,1.207516,0.092848,ASM,940310
32055980,10,9912,2003,0.0,33617.0,1.0088139999999999,0.096969,ASM,940310
32055981,10,9912,2004,0.0,6871.0,1.022895,0.395402,ASM,940310
32055982,10,9912,2005,0.0,21234.0,1.448552,0.425875,ASM,940310
32055983,10,9912,2006,0.0,18604.0,0.766232,-0.35907,ASM,940310
32055984,10,9912,2007,,,0.8147989999999999,-0.217887,ASM,940310
32055985,10,9912,2008,0.0,7193.0,0.671995,-0.161012,ASM,940310
32055986,10,9912,2009,0.0,26597.0,0.989991,0.109608,ASM,940310
32055987,10,9912,2010,1926.0,13758.0,0.966701,0.006139,ASM,940310
32055988,10,9912,2011,,,0.683813,-0.147767,ASM,940310
32055989,10,9912,2012,,,0.96986,-0.246709,ASM,940310
32055990,10,9912,2013,,,0.686489,-0.251618,ASM,940310
32055991,10,9912,2014,,,0.795219,-0.217498,ASM,940310
32055992,10,9912,2015,,,0.9878959999999999,-0.0613,ASM,940310
32055993,10,9912,2016,0.0,17692.0,0.43456300000000003,-0.48827,ASM,940310
32055994,10,9912,2017,0.0,39911.0,0.8844139999999999,-0.13786199999999998,ASM,940310
32055995,10,9912,2018,0.0,2026.0,1.01754,-0.340514,ASM,940310
32055996,10,9912,2019,0.0,11717.0,1.121876,0.061064999999999994,ASM,940310
32055997,10,9912,2020,0.0,5023.0,1.135613,-0.247052,ASM,940310
32055998,11,9912,1995,,,,,ATA,940310
32055999,11,9912,1996,,,,,ATA,940310
32056000,11,9912,1997,,,,,ATA,940310
32056001,11,9912,1998,,,,,ATA,940310
32056002,11,9912,1999,,,,,ATA,940310
32056003,11,9912,2000,,,1.690604,-0.541395,ATA,940310
32056004,11,9912,2001,,,0.025889,-0.822216,ATA,940310
32056005,11,9912,2002,,,1.281658,-0.717151,ATA,940310
32056006,11,9912,2003,,,1.654827,-0.57998,ATA,940310
32056007,11,9912,2004,,,1.6855529999999999,-0.639636,ATA,940310
32056008,11,9912,2005,0.0,8139.0,1.886624,-0.598132,ATA,940310
32056009,11,9912,2006,,,1.8180889999999998,-0.380529,ATA,940310
32056010,11,9912,2007,,,1.760301,-0.5213770000000001,ATA,940310
32056011,11,9912,2008,0.0,1458.0,1.011391,-0.54108,ATA,940310
32056012,11,9912,2009,0.0,19369.0,2.014378,-0.596029,ATA,940310
32056013,11,9912,2010,,,1.337233,0.166186,ATA,940310
32056014,11,9912,2011,,,1.3527360000000002,-0.459545,ATA,940310
32056015,11,9912,2012,,,0.756587,-0.419392,ATA,940310
32056016,11,9912,2013,0.0,1100.0,0.542668,-0.645867,ATA,940310
32056017,11,9912,2014,,,1.3498370000000002,-0.197062,ATA,940310
32056018,11,9912,2015,,,1.3470309999999999,-0.277438,ATA,940310
32056019,11,9912,2016,,,1.353034,-0.511497,ATA,940310
32056020,11,9912,2017,0.0,1596.0,1.794645,-0.356097,ATA,940310
32056021,11,9912,2018,,,1.348992,-0.53395,ATA,940310
32056022,11,9912,2019,,,1.444007,-0.373372,ATA,940310
32056023,11,9912,2020,,,1.05679,-0.5454140000000001,ATA,940310
32056024,12,9912,1995,,,-0.36803,-0.726442,ATF,940310
32056025,12,9912,1996,,,0.9111940000000001,-0.643588,ATF,940310
32056026,12,9912,1997,,,0.675261,-0.765744,ATF,940310
32056027,12,9912,1998,0.0,1101.0,-1.9908700000000001,-0.820471,ATF,940310
32056028,12,9912,1999,,,2.225379,-0.7499819999999999,ATF,940310
32056029,12,9912,2000,,,1.753868,-0.78946,ATF,940310
32056030,12,9912,2001,0.0,9113.0,0.859619,-0.755081,ATF,940310
32056031,12,9912,2002,,,1.532758,-0.491439,ATF,940310
32056032,12,9912,2003,,,1.062357,-0.433928,ATF,940310
32056033,12,9912,2004,,,0.8093670000000001,-0.576628,ATF,940310
32056034,12,9912,2005,0.0,30475.0,0.173228,-0.701575,ATF,940310
32056035,12,9912,2006,0.0,4374.0,0.610775,-0.616283,ATF,940310
32056036,12,9912,2007,0.0,4117.0,0.748167,-0.42723900000000004,ATF,940310
32056037,12,9912,2008,,,-0.038752999999999996,-0.7738079999999999,ATF,940310
32056038,12,9912,2009,,,-0.129751,-0.8515290000000001,ATF,940310
32056039,12,9912,2010,0.0,183031.0,0.45676300000000003,-0.75267,ATF,940310
32056040,12,9912,2011,,,1.307333,-0.426333,ATF,940310
32056041,12,9912,2012,0.0,19147.0,0.783496,-0.519922,ATF,940310
32056042,12,9912,2013,,,0.308415,-0.683897,ATF,940310
32056043,12,9912,2014,,,0.8714149999999999,-0.652,ATF,940310
32056044,12,9912,2015,,,0.7385430000000001,-0.6156,ATF,940310
32056045,12,9912,2016,,,0.589661,-0.733125,ATF,940310
32056046,12,9912,2017,0.0,3783.0,0.439795,-0.78242,ATF,940310
32056047,12,9912,2018,,,1.144196,-0.618788,ATF,940310
32056048,12,9912,2019,,,1.100273,-0.637684,ATF,940310
32056049,12,9912,2020,0.0,15157.0,0.46278100000000005,-0.782172,ATF,940310
32056050,13,9912,1995,1085.0,44085.0,-0.06877,-0.550291,ATG,940310
32056051,13,9912,1996,0.0,105028.0,0.408319,-0.21640700000000002,ATG,940310
32056052,13,9912,1997,0.0,114458.0,0.510371,-0.314213,ATG,940310
32056053,13,9912,1998,0.0,653146.0,0.441453,-0.238813,ATG,940310
32056054,13,9912,1999,39247.0,154128.0,0.6179140000000001,0.156854,ATG,940310
32056055,13,9912,2000,0.0,243758.0,0.329016,-0.510285,ATG,940310
32056056,13,9912,2001,0.0,258666.0,-0.036838,-0.6593600000000001,ATG,940310
32056057,13,9912,2002,4340.0,443941.0,0.958779,-0.56295,ATG,940310
32056058,13,9912,2003,11318.0,241139.0,0.014283,-0.564587,ATG,940310
32056059,13,9912,2004,0.0,447377.0,0.257288,-0.645794,ATG,940310
32056060,13,9912,2005,837.0,433011.0,-0.31409000000000004,-0.728541,ATG,940310
32056061,13,9912,2006,0.0,348592.0,-0.139051,-0.780321,ATG,940310
32056062,13,9912,2007,1100.0,548112.0,0.5574899999999999,-0.125609,ATG,940310
32056063,13,9912,2008,14327.0,356402.0,1.041425,0.198248,ATG,940310
32056064,13,9912,2009,0.0,344849.0,0.930903,0.279441,ATG,940310
32056065,13,9912,2010,8990.0,263582.0,1.2153129999999999,0.955838,ATG,940310
32056066,13,9912,2011,2055.0,173289.0,0.257238,-0.275891,ATG,940310
32056067,13,9912,2012,0.0,168008.0,0.8666520000000001,1.1798549999999999,ATG,940310
32056068,13,9912,2013,0.0,175367.0,0.096563,-0.60577,ATG,940310
32056069,13,9912,2014,0.0,135246.0,0.169764,-0.621576,ATG,940310
32056070,13,9912,2015,0.0,179681.0,0.43318,-0.552045,ATG,940310
32056071,13,9912,2016,3459.0,207314.0,0.19935999999999998,-0.538471,ATG,940310
32056072,13,9912,2017,0.0,504236.0,0.42561099999999996,-0.42671099999999995,ATG,940310
32056073,13,9912,2018,6205.0,471942.0,0.08520499999999999,-0.630757,ATG,940310
32056074,13,9912,2019,0.0,340681.0,0.391831,-0.723957,ATG,940310
32056075,13,9912,2020,0.0,154394.0,-0.210313,-0.811104,ATG,940310
32056076,14,9912,1995,3777908.0,10505984.0,0.44442,0.789292,AUS,940310
32056077,14,9912,1996,3247386.0,8945717.0,0.369697,0.78069,AUS,940310
32056078,14,9912,1997,3276623.0,15765349.0,0.428555,0.798283,AUS,940310
32056079,14,9912,1998,2461242.0,14178807.0,0.375317,0.8864629999999999,AUS,940310
32056080,14,9912,1999,4442320.0,20404195.0,0.357101,0.8857879999999999,AUS,940310
32056081,14,9912,2000,4095340.0,20906514.0,0.279804,0.9355540000000001,AUS,940310
32056082,14,9912,2001,3753135.0,12784325.0,0.29463,0.772375,AUS,940310
32056083,14,9912,2002,3531421.0,11031056.0,0.231386,0.771628,AUS,940310
32056084,14,9912,2003,6469253.0,16779115.0,0.316879,0.9409489999999999,AUS,940310
32056085,14,9912,2004,3875751.0,23193397.0,0.196641,0.8139460000000001,AUS,940310
32056086,14,9912,2005,3699128.0,22556590.0,0.18443099999999998,0.489043,AUS,940310
32056087,14,9912,2006,3998649.0,27939809.0,0.067166,0.373148,AUS,940310
32056088,14,9912,2007,5901030.0,37631803.0,0.137686,0.451592,AUS,940310
32056089,14,9912,2008,5177814.0,37338111.0,-0.171801,-0.012588,AUS,940310
32056090,14,9912,2009,2685567.0,30808525.0,-0.109286,0.13586900000000002,AUS,940310
32056091,14,9912,2010,3569231.0,37428624.0,-0.276442,0.062023,AUS,940310
32056092,14,9912,2011,4409400.0,47137375.0,-0.138148,0.002999,AUS,940310
32056093,14,9912,2012,3340027.0,57856941.0,-0.352742,-0.145405,AUS,940310
32056094,14,9912,2013,3211178.0,54378532.0,-0.31145700000000004,-0.167628,AUS,940310
32056095,14,9912,2014,4220668.0,53416679.0,-0.398273,-0.17128,AUS,940310
32056096,14,9912,2015,5010902.0,53244842.0,-0.292325,-0.043489,AUS,940310
32056097,14,9912,2016,5299961.0,52829170.0,-0.25955300000000003,0.0011070000000000001,AUS,940310
32056098,14,9912,2017,5527940.0,62674512.0,-0.42427200000000004,-0.152921,AUS,940310
32056099,14,9912,2018,5556701.0,68520276.0,-0.29687199999999997,-0.123116,AUS,940310
32056100,14,9912,2019,5449611.0,60631820.0,-0.294558,-0.180198,AUS,940310
32056101,14,9912,2020,3930065.0,59295137.0,-0.32910500000000004,-0.232963,AUS,940310
32056102,15,9912,1995,18165642.0,17925295.0,2.000295,0.661255,AUT,940310
32056103,15,9912,1996,17385365.0,21538738.0,1.9216669999999998,0.659388,AUT,940310
32056104,15,9912,1997,17377827.0,21340543.0,1.8926189999999998,0.624346,AUT,940310
32056105,15,9912,1998,13572957.0,20976299.0,1.891966,0.508137,AUT,940310
32056106,15,9912,1999,14608121.0,23121559.0,1.836804,0.744312,AUT,940310
32056107,15,9912,2000,14821359.0,19164536.0,1.842429,0.464405,AUT,940310
32056108,15,9912,2001,17141872.0,19585083.0,1.8571650000000002,0.603191,AUT,940310
32056109,15,9912,2002,18137201.0,16303704.0,1.8651200000000001,0.48423900000000003,AUT,940310
32056110,15,9912,2003,20555098.0,19577846.0,1.834977,0.408096,AUT,940310
32056111,15,9912,2004,23680287.0,20610831.0,1.825391,0.40553,AUT,940310
32056112,15,9912,2005,22622210.0,23651765.0,1.808359,0.148177,AUT,940310
32056113,15,9912,2006,27490516.0,23990015.0,1.775669,0.192717,AUT,940310
32056114,15,9912,2007,29909153.0,30051514.0,1.730088,-0.045543,AUT,940310
32056115,15,9912,2008,44795652.0,36864414.0,1.634816,-0.078419,AUT,940310
32056116,15,9912,2009,35613797.0,31736522.0,1.651325,-0.020794,AUT,940310
32056117,15,9912,2010,23730784.0,32113361.0,1.724315,-0.29379099999999997,AUT,940310
32056118,15,9912,2011,29970093.0,37477466.0,1.687634,-0.229095,AUT,940310
32056119,15,9912,2012,30298881.0,30764901.0,1.6092870000000001,-0.29859,AUT,940310
32056120,15,9912,2013,29544839.0,35873379.0,1.7209240000000001,-0.286892,AUT,940310
32056121,15,9912,2014,29075110.0,30882677.0,1.7116790000000002,-0.140232,AUT,940310
32056122,15,9912,2015,23639863.0,28866451.0,1.747098,-0.08026699999999999,AUT,940310
32056123,15,9912,2016,25528681.0,30365801.0,1.759363,0.127262,AUT,940310
32056124,15,9912,2017,24275760.0,30528782.0,1.728623,-0.031045999999999997,AUT,940310
32056125,15,9912,2018,26234260.0,40129763.0,1.774488,-0.21117800000000003,AUT,940310
32056126,15,9912,2019,26746572.0,38873541.0,1.743927,-0.076778,AUT,940310
32056127,15,9912,2020,29274824.0,33126268.0,1.6711310000000001,0.059096,AUT,940310
32056128,16,9912,1995,0.0,339866.0,-0.084566,-0.839039,AZE,940310
32056129,16,9912,1996,2948.0,709159.0,0.500442,-0.280796,AZE,940310
32056130,16,9912,1997,1863.0,1290561.0,0.290957,-0.18282,AZE,940310
32056131,16,9912,1998,7559.0,1483307.0,0.344571,-0.321203,AZE,940310
32056132,16,9912,1999,0.0,540920.0,-0.076295,-0.742161,AZE,940310
32056133,16,9912,2000,18040.0,635501.0,-0.08565700000000001,-0.726073,AZE,940310
32056134,16,9912,2001,9495.0,534603.0,-0.6731090000000001,-1.037922,AZE,940310
32056135,16,9912,2002,0.0,539714.0,-0.41282299999999994,-0.967931,AZE,940310
32056136,16,9912,2003,0.0,1241703.0,-0.304606,-0.975453,AZE,940310
32056137,16,9912,2004,10717.0,830981.0,-0.393221,-0.9494440000000001,AZE,940310
32056138,16,9912,2005,19919.0,417474.0,-0.272611,-0.9508709999999999,AZE,940310
32056139,16,9912,2006,16985.0,852222.0,-0.521304,-1.035764,AZE,940310
32056140,16,9912,2007,16045.0,1951191.0,-0.897342,-1.174224,AZE,940310
32056141,16,9912,2008,5159.0,3353970.0,-0.7143109999999999,-1.114747,AZE,940310
32056142,16,9912,2009,2086.0,2363900.0,-1.124423,-1.228081,AZE,940310
32056143,16,9912,2010,10689.0,2705620.0,-1.048424,-1.2030370000000001,AZE,940310
32056144,16,9912,2011,9212.0,3975958.0,-1.313136,-1.189989,AZE,940310
32056145,16,9912,2012,7665.0,6450726.0,-0.827783,-1.158852,AZE,940310
32056146,16,9912,2013,2635.0,5445364.0,-0.9232870000000001,-1.165928,AZE,940310
32056147,16,9912,2014,2059.0,8452745.0,-0.909508,-1.165158,AZE,940310
32056148,16,9912,2015,39947.0,3144900.0,-0.983347,-1.231542,AZE,940310
32056149,16,9912,2016,7146.0,974569.0,-0.909744,-1.180449,AZE,940310
32056150,16,9912,2017,4892.0,1047506.0,-1.022455,-1.199225,AZE,940310
32056151,16,9912,2018,10672.0,1240497.0,-1.144089,-1.224327,AZE,940310
32056152,16,9912,2019,3230.0,2212743.0,-1.005636,-1.2094209999999999,AZE,940310
32056153,16,9912,2020,3254.0,1251889.0,-1.142366,-1.2529190000000001,AZE,940310
32056154,17,9912,1995,0.0,30577.0,-1.435347,-0.9015,BDI,940310
32056155,17,9912,1996,4953.0,43087.0,-0.955951,-0.8721180000000001,BDI,940310
32056156,17,9912,1997,0.0,110417.0,-1.118475,-0.881657,BDI,940310
32056157,17,9912,1998,0.0,35206.0,-1.0261360000000002,-0.872906,BDI,940310
32056158,17,9912,1999,0.0,7674.0,-1.601732,-1.003119,BDI,940310
32056159,17,9912,2000,0.0,57179.0,-1.262913,-0.923889,BDI,940310
32056160,17,9912,2001,0.0,97851.0,-0.554955,-0.755333,BDI,940310
32056161,17,9912,2002,0.0,8136.0,-0.333602,-0.648837,BDI,940310
32056162,17,9912,2003,0.0,53284.0,-0.550138,-0.759304,BDI,940310
32056163,17,9912,2004,0.0,243301.0,-0.939393,-0.919969,BDI,940310
32056164,17,9912,2005,0.0,268567.0,-0.7587,-0.820622,BDI,940310
32056165,17,9912,2006,132318.0,95254.0,-0.033711,-0.48450600000000005,BDI,940310
32056166,17,9912,2007,0.0,23820.0,-0.33884899999999996,-0.661017,BDI,940310
32056167,17,9912,2008,0.0,72998.0,-0.313815,-0.539678,BDI,940310
32056168,17,9912,2009,1665.0,194496.0,-0.43971099999999996,-0.575079,BDI,940310
32056169,17,9912,2010,0.0,113132.0,-0.922883,-0.748675,BDI,940310
32056170,17,9912,2011,2734.0,68376.0,-0.8287049999999999,-0.774558,BDI,940310
32056171,17,9912,2012,3344.0,128047.0,-0.346028,-1.021892,BDI,940310
32056172,17,9912,2013,0.0,156468.0,-0.824903,-0.906436,BDI,940310
32056173,17,9912,2014,0.0,131213.0,-0.242256,-0.8567879999999999,BDI,940310
32056174,17,9912,2015,0.0,23389.0,-0.993318,-1.031194,BDI,940310
32056175,17,9912,2016,4783.0,174908.0,-1.0141229999999999,-0.908808,BDI,940310
32056176,17,9912,2017,1251.0,43186.0,-0.637985,-1.051277,BDI,940310
32056177,17,9912,2018,3244.0,126657.0,-0.654964,-0.9683229999999999,BDI,940310
32056178,17,9912,2019,18129.0,63668.0,-0.689117,-0.9027209999999999,BDI,940310
32056179,17,9912,2020,0.0,70304.0,-0.748203,-0.874817,BDI,940310
32056180,18,9912,1995,30196130.0,74917847.0,1.615588,1.394102,BEL,940310
32056181,18,9912,1996,36046971.0,67288092.0,1.549312,1.273767,BEL,940310
32056182,18,9912,1997,34414899.0,62662622.0,1.4274069999999999,1.490435,BEL,940310
32056183,18,9912,1998,37418763.0,69049975.0,1.4740739999999999,1.2530430000000001,BEL,940310
32056184,18,9912,1999,40648564.0,75420937.0,1.512061,1.253478,BEL,940310
32056185,18,9912,2000,59000397.0,69627298.0,1.403838,1.349607,BEL,940310
32056186,18,9912,2001,54540152.0,63306990.0,1.4328370000000001,1.408495,BEL,940310
32056187,18,9912,2002,48881488.0,49255821.0,1.4097469999999999,1.440169,BEL,940310
32056188,18,9912,2003,49529673.0,56218668.0,1.361682,1.39536,BEL,940310
32056189,18,9912,2004,68133216.0,63604106.0,1.350911,1.408209,BEL,940310
32056190,18,9912,2005,73038125.0,69857777.0,1.275296,1.345063,BEL,940310
32056191,18,9912,2006,87211299.0,85751289.0,1.2222540000000002,1.383027,BEL,940310
32056192,18,9912,2007,104644652.0,101962864.0,1.2880479999999999,1.145724,BEL,940310
32056193,18,9912,2008,110261622.0,101219376.0,1.297416,0.9716549999999999,BEL,940310
32056194,18,9912,2009,80583314.0,77194051.0,1.272011,1.074548,BEL,940310
32056195,18,9912,2010,62817762.0,75075384.0,1.2224270000000002,1.1276,BEL,940310
32056196,18,9912,2011,61067090.0,75667186.0,1.221703,1.247961,BEL,940310
32056197,18,9912,2012,50238188.0,59037871.0,1.107155,1.448274,BEL,940310
32056198,18,9912,2013,40828675.0,56226770.0,1.316207,0.972601,BEL,940310
32056199,18,9912,2014,47144358.0,55220975.0,1.234156,1.226441,BEL,940310
32056200,18,9912,2015,24754894.0,45021936.0,1.329866,1.100641,BEL,940310
32056201,18,9912,2016,24912802.0,51885183.0,1.3102610000000001,1.214573,BEL,940310
32056202,18,9912,2017,30085839.0,60791695.0,1.292657,1.19571,BEL,940310
32056203,18,9912,2018,31204312.0,67264694.0,1.270641,1.201063,BEL,940310
32056204,18,9912,2019,29239099.0,68871316.0,1.2555969999999999,1.168642,BEL,940310
32056205,18,9912,2020,28583992.0,69666452.0,1.204632,1.278346,BEL,940310
32056206,19,9912,1995,8807.0,49905.0,-1.142708,-0.9045280000000001,BEN,940310
32056207,19,9912,1996,0.0,266896.0,-1.0032729999999999,-0.794779,BEN,940310
32056208,19,9912,1997,6369.0,194384.0,-1.1300780000000001,-0.938398,BEN,940310
32056209,19,9912,1998,941.0,96005.0,-0.8198,-0.8584780000000001,BEN,940310
32056210,19,9912,1999,11217.0,139023.0,-1.033831,-0.858941,BEN,940310
32056211,19,9912,2000,0.0,207536.0,-0.9513729999999999,-0.806106,BEN,940310
32056212,19,9912,2001,813.0,212313.0,-1.09233,-0.8276969999999999,BEN,940310
32056213,19,9912,2002,0.0,284590.0,-0.724829,-0.705625,BEN,940310
32056214,19,9912,2003,18997.0,357854.0,-1.150888,-0.956203,BEN,940310
32056215,19,9912,2004,10398.0,529224.0,-1.299345,-0.9871260000000001,BEN,940310
32056216,19,9912,2005,0.0,383085.0,-0.7930510000000001,-0.798868,BEN,940310
32056217,19,9912,2006,0.0,296725.0,-0.8434360000000001,-0.798307,BEN,940310
32056218,19,9912,2007,2711.0,1196106.0,-1.055882,-0.880178,BEN,940310
32056219,19,9912,2008,4401.0,1508661.0,-1.171101,-0.9600569999999999,BEN,940310
32056220,19,9912,2009,0.0,410004.0,-0.93195,-0.813017,BEN,940310
32056221,19,9912,2010,0.0,1283365.0,-1.0660120000000002,-0.9961190000000001,BEN,940310
32056222,19,9912,2011,19477.0,1653867.0,-1.189478,-0.8684709999999999,BEN,940310
32056223,19,9912,2012,0.0,2719701.0,-0.981576,-0.9708200000000001,BEN,940310
32056224,19,9912,2013,1784.0,2235338.0,-0.919968,-0.90691,BEN,940310
32056225,19,9912,2014,12507.0,4312260.0,-0.342225,-0.618789,BEN,940310
32056226,19,9912,2015,2557.0,2960137.0,-0.5641470000000001,-0.8971020000000001,BEN,940310
32056227,19,9912,2016,0.0,2515427.0,-0.971123,-0.801574,BEN,940310
32056228,19,9912,2017,7215.0,1649114.0,-0.755027,-0.796864,BEN,940310
32056229,19,9912,2018,0.0,1241998.0,-0.646475,-0.769808,BEN,940310
32056230,19,9912,2019,0.0,944049.0,-0.861242,-0.8837440000000001,BEN,940310
32056231,19,9912,2020,0.0,634998.0,-0.467344,-0.686191,BEN,940310
32056232,20,9912,1995,,,,,BES,940310
32056233,20,9912,1996,,,,,BES,940310
32056234,20,9912,1997,,,,,BES,940310
32056235,20,9912,1998,,,,,BES,940310
32056236,20,9912,1999,,,,,BES,940310
32056237,20,9912,2000,,,,,BES,940310
32056238,20,9912,2001,,,,,BES,940310
32056239,20,9912,2002,,,,,BES,940310
32056240,20,9912,2003,,,,,BES,940310
32056241,20,9912,2004,,,,,BES,940310
32056242,20,9912,2005,,,,,BES,940310
32056243,20,9912,2006,,,,,BES,940310
32056244,20,9912,2007,,,,,BES,940310
32056245,20,9912,2008,,,,,BES,940310
32056246,20,9912,2009,,,,,BES,940310
32056247,20,9912,2010,,,,,BES,940310
32056248,20,9912,2011,,,2.97261,-0.659454,BES,940310
32056249,20,9912,2012,,,2.314816,-0.677359,BES,940310
32056250,20,9912,2013,0.0,57733.0,1.6446889999999998,-0.481741,BES,940310
32056251,20,9912,2014,0.0,138142.0,-0.18363,-0.7995760000000001,BES,940310
32056252,20,9912,2015,0.0,77619.0,1.036306,-0.715777,BES,940310
32056253,20,9912,2016,0.0,118638.0,0.427425,-0.8977280000000001,BES,940310
32056254,20,9912,2017,0.0,132776.0,1.1776659999999999,-0.748922,BES,940310
32056255,20,9912,2018,0.0,73008.0,0.952758,-0.631328,BES,940310
32056256,20,9912,2019,0.0,54293.0,0.41463500000000003,-0.899409,BES,940310
32056257,20,9912,2020,0.0,61014.0,0.653039,-0.6295270000000001,BES,940310
32056258,21,9912,1995,0.0,57252.0,-0.695354,-0.902185,BFA,940310
32056259,21,9912,1996,0.0,342296.0,-0.680996,-0.863442,BFA,940310
32056260,21,9912,1997,0.0,68749.0,-0.204096,-0.731299,BFA,940310
32056261,21,9912,1998,721.0,55431.0,-0.535488,-0.900509,BFA,940310
32056262,21,9912,1999,2470.0,104680.0,-0.386471,-0.7413109999999999,BFA,940310
32056263,21,9912,2000,694.0,130280.0,-0.020397,-0.32743,BFA,940310
32056264,21,9912,2001,4843.0,77214.0,-0.291485,-0.20803000000000002,BFA,940310
32056265,21,9912,2002,387.0,133884.0,-0.477813,-0.647148,BFA,940310
32056266,21,9912,2003,1790.0,249101.0,-0.9365690000000001,-0.9699409999999999,BFA,940310
32056267,21,9912,2004,11716.0,248448.0,-1.000801,-1.00024,BFA,940310
32056268,21,9912,2005,2716.0,253093.0,-1.193629,-1.031656,BFA,940310
32056269,21,9912,2006,16345.0,251653.0,-0.9432020000000001,-0.969247,BFA,940310
32056270,21,9912,2007,6952.0,541009.0,-0.960893,-0.94458,BFA,940310
32056271,21,9912,2008,0.0,472730.0,-1.076309,-1.012701,BFA,940310
32056272,21,9912,2009,5773.0,69181.0,-1.283807,-1.061272,BFA,940310
32056273,21,9912,2010,0.0,485161.0,-0.625747,-0.700651,BFA,940310
32056274,21,9912,2011,2895.0,416343.0,-1.163278,-1.002332,BFA,940310
32056275,21,9912,2012,10216.0,177258.0,-0.662994,-0.738795,BFA,940310
32056276,21,9912,2013,8053.0,404881.0,-0.9110360000000001,-0.852492,BFA,940310
32056277,21,9912,2014,13287.0,541545.0,-0.922401,-0.9554379999999999,BFA,940310
32056278,21,9912,2015,9255.0,220528.0,-1.085359,-1.034365,BFA,940310
32056279,21,9912,2016,0.0,204818.0,-1.0885790000000002,-1.027005,BFA,940310
32056280,21,9912,2017,5394.0,527582.0,-1.100802,-1.0632110000000001,BFA,940310
32056281,21,9912,2018,0.0,651607.0,-0.8835200000000001,-0.9790620000000001,BFA,940310
32056282,21,9912,2019,3736.0,279235.0,-0.805181,-0.941847,BFA,940310
32056283,21,9912,2020,0.0,350588.0,-0.7634310000000001,-0.938997,BFA,940310
32056284,22,9912,1995,15169.0,164915.0,-1.037175,-0.983195,BGD,940310
32056285,22,9912,1996,4469.0,92485.0,-1.060876,-1.05104,BGD,940310
32056286,22,9912,1997,40035.0,196794.0,-1.027777,-1.048214,BGD,940310
32056287,22,9912,1998,0.0,154379.0,-1.130729,-1.001385,BGD,940310
32056288,22,9912,1999,6657.0,85926.0,-1.258857,-1.140375,BGD,940310
32056289,22,9912,2000,4087.0,135725.0,-1.037212,-0.964965,BGD,940310
32056290,22,9912,2001,1501.0,364572.0,-1.0406739999999999,-1.010108,BGD,940310
32056291,22,9912,2002,0.0,311646.0,-1.134933,-1.061633,BGD,940310
32056292,22,9912,2003,0.0,306070.0,-1.168404,-1.035782,BGD,940310
32056293,22,9912,2004,382444.0,414580.0,-1.150444,-0.885333,BGD,940310
32056294,22,9912,2005,25152.0,376507.0,-1.083754,-0.817738,BGD,940310
32056295,22,9912,2006,281067.0,407733.0,-1.0305309999999999,-0.80937,BGD,940310
32056296,22,9912,2007,537693.0,473216.0,-0.9436469999999999,-0.7200310000000001,BGD,940310
32056297,22,9912,2008,175953.0,960619.0,-0.852774,-0.766779,BGD,940310
32056298,22,9912,2009,72104.0,845602.0,-1.030722,-0.860137,BGD,940310
32056299,22,9912,2010,82606.0,681762.0,-0.974526,-0.76566,BGD,940310
32056300,22,9912,2011,132455.0,620942.0,-1.074416,-0.8276370000000001,BGD,940310
32056301,22,9912,2012,65163.0,1448801.0,-0.8932610000000001,-0.762658,BGD,940310
32056302,22,9912,2013,21276.0,3521991.0,-1.101916,-0.734646,BGD,940310
32056303,22,9912,2014,43998.0,2303526.0,-1.0341879999999999,-0.9614870000000001,BGD,940310
32056304,22,9912,2015,101375.0,5104118.0,-1.088465,-0.8745360000000001,BGD,940310
32056305,22,9912,2016,42520.0,3903100.0,-1.107523,-1.065009,BGD,940310
32056306,22,9912,2017,47151.0,2279429.0,-1.016251,-0.987654,BGD,940310
32056307,22,9912,2018,0.0,3177911.0,-0.899467,-0.9823719999999999,BGD,940310
32056308,22,9912,2019,8251.0,1058950.0,-1.113148,-0.9513299999999999,BGD,940310
32056309,22,9912,2020,0.0,1532565.0,-0.874451,-0.9031309999999999,BGD,940310
32056310,23,9912,1995,105067.0,3192293.0,0.436138,1.086561,BGR,940310
32056311,23,9912,1996,302667.0,1893002.0,0.544265,1.523408,BGR,940310
32056312,23,9912,1997,207806.0,1294293.0,0.487041,1.287344,BGR,940310
32056313,23,9912,1998,177794.0,1205564.0,0.382782,1.5844479999999999,BGR,940310
32056314,23,9912,1999,249861.0,903908.0,0.311033,1.7375040000000002,BGR,940310
32056315,23,9912,2000,519484.0,1257855.0,0.364708,1.66767,BGR,940310
32056316,23,9912,2001,614011.0,945274.0,0.41425100000000004,1.639866,BGR,940310
32056317,23,9912,2002,1226006.0,1847217.0,0.37451100000000004,1.573517,BGR,940310
32056318,23,9912,2003,2971908.0,1095184.0,0.43308599999999997,1.7104099999999998,BGR,940310
32056319,23,9912,2004,2341667.0,2675794.0,0.35536,1.499182,BGR,940310
32056320,23,9912,2005,1224944.0,3065632.0,0.338438,1.495008,BGR,940310
32056321,23,9912,2006,794152.0,3994457.0,0.414563,1.378005,BGR,940310
32056322,23,9912,2007,1417619.0,4042814.0,0.43321899999999997,1.5696700000000001,BGR,940310
32056323,23,9912,2008,1311374.0,7376189.0,0.44409,1.575399,BGR,940310
32056324,23,9912,2009,954613.0,3565414.0,0.373594,1.571413,BGR,940310
32056325,23,9912,2010,1550404.0,3423580.0,0.44973,1.445441,BGR,940310
32056326,23,9912,2011,1227188.0,3908887.0,0.537967,1.520973,BGR,940310
32056327,23,9912,2012,1732985.0,3479079.0,0.5611,1.416313,BGR,940310
32056328,23,9912,2013,1326953.0,3867752.0,0.5026109999999999,1.674296,BGR,940310
32056329,23,9912,2014,1363076.0,2794676.0,0.579058,1.6558110000000001,BGR,940310
32056330,23,9912,2015,1365734.0,2624650.0,0.45640699999999995,1.691455,BGR,940310
32056331,23,9912,2016,1444120.0,2670820.0,0.51707,1.7329130000000001,BGR,940310
32056332,23,9912,2017,1525304.0,2962316.0,0.557843,1.7221119999999999,BGR,940310
32056333,23,9912,2018,1701262.0,4252430.0,0.571226,1.836856,BGR,940310
32056334,23,9912,2019,2584673.0,3864327.0,0.572997,1.863346,BGR,940310
32056335,23,9912,2020,5980020.0,3431450.0,0.6328520000000001,1.8517009999999998,BGR,940310
32056336,24,9912,1995,88900.0,1930489.0,-0.239166,-0.8627950000000001,BHR,940310
32056337,24,9912,1996,158474.0,1857911.0,-0.062207000000000005,-0.840398,BHR,940310
32056338,24,9912,1997,16496.0,2154038.0,-0.021125,-0.914009,BHR,940310
32056339,24,9912,1998,54341.0,2396786.0,-0.044219,-0.859931,BHR,940310
32056340,24,9912,1999,9631.0,1045348.0,-0.034526,-0.8887200000000001,BHR,940310
32056341,24,9912,2000,159228.0,1548381.0,-0.28305,-0.854878,BHR,940310
32056342,24,9912,2001,261767.0,1579022.0,-0.11008399999999999,-1.053611,BHR,940310
32056343,24,9912,2002,196037.0,1752797.0,-0.146585,-1.006558,BHR,940310
32056344,24,9912,2003,68170.0,1572802.0,-0.10968800000000001,-1.041032,BHR,940310
32056345,24,9912,2004,91230.0,2281830.0,0.045344999999999996,-1.001059,BHR,940310
32056346,24,9912,2005,151445.0,2006413.0,0.19583599999999998,-0.946515,BHR,940310
32056347,24,9912,2006,423037.0,3949411.0,0.172724,-0.9449879999999999,BHR,940310
32056348,24,9912,2007,381445.0,4203186.0,0.500846,-0.845449,BHR,940310
32056349,24,9912,2008,685814.0,7419978.0,0.335334,-0.81372,BHR,940310
32056350,24,9912,2009,210682.0,3613871.0,0.250645,-0.767742,BHR,940310
32056351,24,9912,2010,298931.0,2586914.0,0.284356,-0.8362,BHR,940310
32056352,24,9912,2011,1048513.0,3601170.0,0.04085,-0.873711,BHR,940310
32056353,24,9912,2012,689657.0,5138899.0,0.019798,-0.848549,BHR,940310
32056354,24,9912,2013,1050146.0,5324839.0,0.249681,-0.6204270000000001,BHR,940310
32056355,24,9912,2014,652054.0,5087955.0,0.460168,-0.41671099999999994,BHR,940310
32056356,24,9912,2015,1267621.0,3716541.0,0.36650900000000003,-0.28735,BHR,940310
32056357,24,9912,2016,920618.0,2883470.0,0.323348,-0.514446,BHR,940310
32056358,24,9912,2017,712228.0,4689681.0,0.485479,-0.5348890000000001,BHR,940310
32056359,24,9912,2018,373346.0,3469445.0,0.318352,-0.69221,BHR,940310
32056360,24,9912,2019,104136.0,3028529.0,0.378349,-0.621468,BHR,940310
32056361,24,9912,2020,26268.0,3815661.0,0.379085,-0.634111,BHR,940310
32056362,25,9912,1995,0.0,720924.0,0.501206,-0.32106799999999996,BHS,940310
32056363,25,9912,1996,0.0,677575.0,0.363917,-0.380614,BHS,940310
32056364,25,9912,1997,0.0,482654.0,0.874886,-0.144043,BHS,940310
32056365,25,9912,1998,4120.0,1327953.0,1.090167,0.25353000000000003,BHS,940310
32056366,25,9912,1999,987.0,715543.0,0.91869,-0.152588,BHS,940310
32056367,25,9912,2000,0.0,1328700.0,0.943368,0.183559,BHS,940310
32056368,25,9912,2001,1065.0,608710.0,0.803267,-0.071853,BHS,940310
32056369,25,9912,2002,891.0,921149.0,0.641626,-0.37892800000000004,BHS,940310
32056370,25,9912,2003,9464.0,2510560.0,0.614422,-0.40984,BHS,940310
32056371,25,9912,2004,12223.0,840533.0,0.620432,-0.513724,BHS,940310
32056372,25,9912,2005,0.0,948968.0,0.299331,-0.641232,BHS,940310
32056373,25,9912,2006,1536.0,800671.0,0.673694,-0.519608,BHS,940310
32056374,25,9912,2007,13403.0,2680378.0,0.502698,-0.538612,BHS,940310
32056375,25,9912,2008,28886.0,1228883.0,0.470359,-0.5418890000000001,BHS,940310
32056376,25,9912,2009,17366.0,4202062.0,0.5451729999999999,-0.496575,BHS,940310
32056377,25,9912,2010,3825.0,878242.0,0.495262,-0.6198779999999999,BHS,940310
32056378,25,9912,2011,28723.0,1939004.0,0.320669,-0.531655,BHS,940310
32056379,25,9912,2012,1365.0,1562021.0,0.49453800000000003,-0.405956,BHS,940310
32056380,25,9912,2013,4993.0,856932.0,0.756732,-0.369842,BHS,940310
32056381,25,9912,2014,3293.0,1111243.0,0.314465,-0.60458,BHS,940310
32056382,25,9912,2015,12491.0,1310221.0,0.669493,-0.37838099999999997,BHS,940310
32056383,25,9912,2016,21471.0,839900.0,0.605834,-0.430958,BHS,940310
32056384,25,9912,2017,8173.0,979125.0,0.81944,-0.30649499999999996,BHS,940310
32056385,25,9912,2018,26008.0,1036556.0,0.532998,-0.394906,BHS,940310
32056386,25,9912,2019,0.0,1303933.0,-0.10707799999999999,-0.7419720000000001,BHS,940310
32056387,25,9912,2020,0.0,1185993.0,-0.273982,-0.7174659999999999,BHS,940310
32056388,26,9912,1995,0.0,226950.0,0.208931,0.053763,BIH,940310
32056389,26,9912,1996,5242.0,922760.0,0.679466,0.730425,BIH,940310
32056390,26,9912,1997,47817.0,1041267.0,0.459512,0.194939,BIH,940310
32056391,26,9912,1998,2576.0,1104109.0,0.290661,0.18068299999999998,BIH,940310
32056392,26,9912,1999,135061.0,1164416.0,0.366494,0.298229,BIH,940310
32056393,26,9912,2000,21110.0,1613688.0,0.283451,0.31568,BIH,940310
32056394,26,9912,2001,47319.0,1129159.0,0.238083,0.362643,BIH,940310
32056395,26,9912,2002,164101.0,1072688.0,0.26339,0.30287,BIH,940310
32056396,26,9912,2003,98474.0,751804.0,0.195667,0.347011,BIH,940310
32056397,26,9912,2004,110387.0,1045668.0,0.385952,0.571774,BIH,940310
32056398,26,9912,2005,66589.0,1066051.0,0.273972,0.468758,BIH,940310
32056399,26,9912,2006,223006.0,1083936.0,0.40788800000000003,0.562854,BIH,940310
32056400,26,9912,2007,415863.0,1957703.0,0.46303199999999994,0.596178,BIH,940310
32056401,26,9912,2008,178264.0,3592535.0,0.480256,0.810361,BIH,940310
32056402,26,9912,2009,251651.0,1973899.0,0.519113,0.762582,BIH,940310
32056403,26,9912,2010,150971.0,1271359.0,0.462275,0.830405,BIH,940310
32056404,26,9912,2011,208872.0,1227426.0,0.391425,0.6066600000000001,BIH,940310
32056405,26,9912,2012,250166.0,793625.0,0.519844,0.794082,BIH,940310
32056406,26,9912,2013,371209.0,721857.0,0.46743199999999996,0.7340800000000001,BIH,940310
32056407,26,9912,2014,426679.0,999526.0,0.5083300000000001,0.711704,BIH,940310
32056408,26,9912,2015,416064.0,1080898.0,0.355903,0.723092,BIH,940310
32056409,26,9912,2016,568947.0,926850.0,0.47827700000000006,0.5643100000000001,BIH,940310
32056410,26,9912,2017,1124384.0,1035913.0,0.43245,0.726721,BIH,940310
32056411,26,9912,2018,1018356.0,1075430.0,0.526392,0.742398,BIH,940310
32056412,26,9912,2019,1479759.0,1571076.0,0.6525,0.83988,BIH,940310
32056413,26,9912,2020,1771410.0,817539.0,0.5449470000000001,0.91781,BIH,940310
32056414,27,9912,1995,,,,,BLM,940310
32056415,27,9912,1996,,,,,BLM,940310
32056416,27,9912,1997,,,,,BLM,940310
32056417,27,9912,1998,,,,,BLM,940310
32056418,27,9912,1999,,,,,BLM,940310
32056419,27,9912,2000,,,,,BLM,940310
32056420,27,9912,2001,,,,,BLM,940310
32056421,27,9912,2002,,,,,BLM,940310
32056422,27,9912,2003,,,,,BLM,940310
32056423,27,9912,2004,,,,,BLM,940310
32056424,27,9912,2005,,,,,BLM,940310
32056425,27,9912,2006,,,,,BLM,940310
32056426,27,9912,2007,,,,,BLM,940310
32056427,27,9912,2008,,,,,BLM,940310
32056428,27,9912,2009,,,,,BLM,940310
32056429,27,9912,2010,,,,,BLM,940310
32056430,27,9912,2011,,,,,BLM,940310
32056431,27,9912,2012,,,,,BLM,940310
32056432,27,9912,2013,0.0,50330.0,0.975269,-0.301577,BLM,940310
32056433,27,9912,2014,,,0.8636219999999999,-0.499126,BLM,940310
32056434,27,9912,2015,0.0,61427.0,0.562426,-0.459475,BLM,940310
32056435,27,9912,2016,0.0,29153.0,1.123053,-0.049925,BLM,940310
32056436,27,9912,2017,0.0,36765.0,0.49959799999999993,-0.392529,BLM,940310
32056437,27,9912,2018,0.0,136010.0,0.773095,-0.104209,BLM,940310
32056438,27,9912,2019,0.0,70633.0,0.6343979999999999,-0.19001400000000002,BLM,940310
32056439,27,9912,2020,3460.0,1885.0,0.8652860000000001,-0.390323,BLM,940310
32056440,28,9912,1995,19482.0,677660.0,0.5290279999999999,0.27031700000000003,BLR,940310
32056441,28,9912,1996,1321.0,575689.0,0.7285550000000001,0.660716,BLR,940310
32056442,28,9912,1997,1080.0,699545.0,0.563179,0.339149,BLR,940310
32056443,28,9912,1998,439125.0,1562388.0,0.9122049999999999,1.161741,BLR,940310
32056444,28,9912,1999,368259.0,554146.0,0.7516579999999999,1.169072,BLR,940310
32056445,28,9912,2000,556371.0,464322.0,0.646336,0.8651780000000001,BLR,940310
32056446,28,9912,2001,405890.0,826297.0,0.804404,0.936773,BLR,940310
32056447,28,9912,2002,140299.0,464902.0,0.825865,1.0148979999999999,BLR,940310
32056448,28,9912,2003,752432.0,1102847.0,0.847358,0.9307719999999999,BLR,940310
32056449,28,9912,2004,666798.0,1146925.0,0.8553139999999999,0.703926,BLR,940310
32056450,28,9912,2005,488571.0,499387.0,0.934699,0.46211800000000003,BLR,940310
32056451,28,9912,2006,1173754.0,1027285.0,0.919853,0.384409,BLR,940310
32056452,28,9912,2007,1928964.0,1129614.0,1.0435889999999999,0.415603,BLR,940310
32056453,28,9912,2008,2100322.0,2380107.0,0.9869,0.38977399999999995,BLR,940310
32056454,28,9912,2009,2249329.0,2126116.0,0.977663,0.549549,BLR,940310
32056455,28,9912,2010,1169760.0,1515898.0,0.969851,0.593386,BLR,940310
32056456,28,9912,2011,2134688.0,1766546.0,0.8786729999999999,0.442097,BLR,940310
32056457,28,9912,2012,890365.0,2427613.0,1.066605,0.6785399999999999,BLR,940310
32056458,28,9912,2013,2043008.0,2747354.0,1.036923,0.864568,BLR,940310
32056459,28,9912,2014,2044532.0,2331087.0,0.874108,0.676231,BLR,940310
32056460,28,9912,2015,845465.0,1696914.0,0.672499,0.5584020000000001,BLR,940310
32056461,28,9912,2016,1076497.0,1396669.0,0.773807,0.827442,BLR,940310
32056462,28,9912,2017,1243675.0,1614282.0,0.8115829999999999,0.8323459999999999,BLR,940310
32056463,28,9912,2018,1169946.0,4136005.0,0.850089,0.8332870000000001,BLR,940310
32056464,28,9912,2019,1522285.0,2946046.0,0.7849649999999999,0.8951600000000001,BLR,940310
32056465,28,9912,2020,6428113.0,2672955.0,0.858776,1.085652,BLR,940310
32056466,29,9912,1995,0.0,39811.0,0.019916999999999997,-0.570529,BLZ,940310
32056467,29,9912,1996,855.0,70449.0,-0.341173,-0.670063,BLZ,940310
32056468,29,9912,1997,0.0,57760.0,-0.46634200000000003,-0.688645,BLZ,940310
32056469,29,9912,1998,1646.0,57293.0,-0.103154,-0.580854,BLZ,940310
32056470,29,9912,1999,1989.0,74833.0,-0.5603319999999999,-0.838239,BLZ,940310
32056471,29,9912,2000,0.0,94516.0,-0.620384,-0.718677,BLZ,940310
32056472,29,9912,2001,0.0,122138.0,-0.297981,-0.695022,BLZ,940310
32056473,29,9912,2002,0.0,93198.0,-0.246977,-0.731156,BLZ,940310
32056474,29,9912,2003,0.0,120624.0,-0.543555,-0.7596,BLZ,940310
32056475,29,9912,2004,0.0,43259.0,-0.355391,-0.662783,BLZ,940310
32056476,29,9912,2005,0.0,138313.0,-0.707427,-0.8586860000000001,BLZ,940310
32056477,29,9912,2006,1824.0,66623.0,-0.584902,-0.82437,BLZ,940310
32056478,29,9912,2007,0.0,171654.0,-0.17825,-0.562535,BLZ,940310
32056479,29,9912,2008,0.0,341908.0,-0.922266,-0.881167,BLZ,940310
32056480,29,9912,2009,0.0,268955.0,-1.0464040000000001,-0.949774,BLZ,940310
32056481,29,9912,2010,0.0,167615.0,-0.559172,-0.739977,BLZ,940310
32056482,29,9912,2011,1059.0,186316.0,-0.382684,-0.581376,BLZ,940310
32056483,29,9912,2012,0.0,344847.0,-0.403404,-0.6691159999999999,BLZ,940310
32056484,29,9912,2013,23870.0,228822.0,-0.35218299999999997,-0.508891,BLZ,940310
32056485,29,9912,2014,0.0,253591.0,-0.324446,-0.552126,BLZ,940310
32056486,29,9912,2015,7746.0,262843.0,-0.24283600000000002,-0.577408,BLZ,940310
32056487,29,9912,2016,0.0,682480.0,-0.527601,-0.680647,BLZ,940310
32056488,29,9912,2017,0.0,414359.0,-0.284062,-0.711108,BLZ,940310
32056489,29,9912,2018,1364.0,364147.0,-0.15867699999999998,-0.6393989999999999,BLZ,940310
32056490,29,9912,2019,0.0,851548.0,-0.484834,-0.638616,BLZ,940310
32056491,29,9912,2020,0.0,344013.0,-0.145757,-0.59123,BLZ,940310
32056492,30,9912,1995,0.0,1018598.0,0.897532,-0.394633,BMU,940310
32056493,30,9912,1996,8337.0,1709698.0,1.037215,-0.408235,BMU,940310
32056494,30,9912,1997,0.0,3365524.0,1.069048,-0.35702399999999995,BMU,940310
32056495,30,9912,1998,0.0,1913084.0,0.900948,-0.340868,BMU,940310
32056496,30,9912,1999,2589.0,2658780.0,0.659772,-0.357746,BMU,940310
32056497,30,9912,2000,0.0,2778343.0,0.9415100000000001,-0.466488,BMU,940310
32056498,30,9912,2001,4062.0,1584475.0,1.1006129999999998,-0.5565329999999999,BMU,940310
32056499,30,9912,2002,0.0,570825.0,1.129,-0.476633,BMU,940310
32056500,30,9912,2003,0.0,1131352.0,0.9966459999999999,-0.5183270000000001,BMU,940310
32056501,30,9912,2004,0.0,1586426.0,1.024248,-0.499122,BMU,940310
32056502,30,9912,2005,0.0,1616493.0,0.324479,-0.701032,BMU,940310
32056503,30,9912,2006,0.0,2277353.0,0.491259,-0.603062,BMU,940310
32056504,30,9912,2007,69755.0,1137188.0,0.598129,-0.635616,BMU,940310
32056505,30,9912,2008,5150.0,1986366.0,-0.037808999999999995,-0.766089,BMU,940310
32056506,30,9912,2009,0.0,1596984.0,0.917207,-0.654219,BMU,940310
32056507,30,9912,2010,0.0,890276.0,0.46139300000000005,-0.6651590000000001,BMU,940310
32056508,30,9912,2011,0.0,591627.0,0.576438,-0.48277299999999995,BMU,940310
32056509,30,9912,2012,1979.0,312872.0,1.037882,-0.260067,BMU,940310
32056510,30,9912,2013,0.0,327218.0,1.087677,-0.452984,BMU,940310
32056511,30,9912,2014,0.0,395576.0,1.217808,-0.16376300000000002,BMU,940310
32056512,30,9912,2015,0.0,426918.0,0.974592,-0.636426,BMU,940310
32056513,30,9912,2016,0.0,303930.0,0.913218,-0.62813,BMU,940310
32056514,30,9912,2017,0.0,499846.0,1.06318,-0.48345,BMU,940310
32056515,30,9912,2018,0.0,323743.0,0.42484399999999994,-0.70587,BMU,940310
32056516,30,9912,2019,0.0,499330.0,0.875265,-0.498062,BMU,940310
32056517,30,9912,2020,0.0,279300.0,0.6924859999999999,-0.623079,BMU,940310
32056518,31,9912,1995,0.0,220756.0,-0.440583,-0.688389,BOL,940310
32056519,31,9912,1996,0.0,250487.0,-0.589432,-0.7781,BOL,940310
32056520,31,9912,1997,0.0,501601.0,-0.697563,-0.8841479999999999,BOL,940310
32056521,31,9912,1998,0.0,314484.0,-0.49860699999999997,-0.748521,BOL,940310
32056522,31,9912,1999,1861.0,245337.0,-0.398285,-0.6362,BOL,940310
32056523,31,9912,2000,0.0,346713.0,-0.612117,-0.6797479999999999,BOL,940310
32056524,31,9912,2001,11456.0,232545.0,-0.680108,-0.678143,BOL,940310
32056525,31,9912,2002,1503.0,118424.0,-0.885342,-0.819517,BOL,940310
32056526,31,9912,2003,57836.0,129192.0,-0.787995,-0.7228899999999999,BOL,940310
32056527,31,9912,2004,1500.0,600867.0,-0.9288489999999999,-0.929884,BOL,940310
32056528,31,9912,2005,0.0,364061.0,-0.968893,-0.862433,BOL,940310
32056529,31,9912,2006,0.0,877984.0,-0.805185,-0.754091,BOL,940310
32056530,31,9912,2007,6219.0,515438.0,-1.021595,-0.955375,BOL,940310
32056531,31,9912,2008,4414.0,202081.0,-0.852975,-0.88041,BOL,940310
32056532,31,9912,2009,0.0,286258.0,-0.909969,-0.8899879999999999,BOL,940310
32056533,31,9912,2010,1841.0,157442.0,-0.83736,-0.812473,BOL,940310
32056534,31,9912,2011,0.0,389116.0,-0.818593,-0.8701770000000001,BOL,940310
32056535,31,9912,2012,0.0,435771.0,-0.709307,-0.813228,BOL,940310
32056536,31,9912,2013,0.0,239767.0,-1.039614,-0.95663,BOL,940310
32056537,31,9912,2014,1104.0,662436.0,-1.129494,-1.030198,BOL,940310
32056538,31,9912,2015,2434.0,536376.0,-1.051562,-1.067714,BOL,940310
32056539,31,9912,2016,0.0,439403.0,-1.061758,-1.041501,BOL,940310
32056540,31,9912,2017,0.0,469366.0,-1.158425,-1.076242,BOL,940310
32056541,31,9912,2018,0.0,541172.0,-1.153953,-1.070749,BOL,940310
32056542,31,9912,2019,0.0,911807.0,-1.012748,-0.999245,BOL,940310
32056543,31,9912,2020,42496.0,284093.0,-0.835558,-0.9611350000000001,BOL,940310
32056544,32,9912,1995,1544413.0,2595666.0,0.687171,1.188647,BRA,940310
32056545,32,9912,1996,1053483.0,3847505.0,0.699658,1.271724,BRA,940310
32056546,32,9912,1997,981704.0,7320211.0,0.718336,1.203066,BRA,940310
32056547,32,9912,1998,2278122.0,9118730.0,0.768101,1.04589,BRA,940310
32056548,32,9912,1999,2058483.0,8524608.0,0.762468,1.191759,BRA,940310
32056549,32,9912,2000,1468357.0,5574230.0,0.792556,1.219394,BRA,940310
32056550,32,9912,2001,751236.0,2936522.0,0.672496,1.051848,BRA,940310
32056551,32,9912,2002,876303.0,1451005.0,0.677883,1.0227190000000002,BRA,940310
32056552,32,9912,2003,1035326.0,909825.0,0.660576,1.118876,BRA,940310
32056553,32,9912,2004,1335046.0,1245118.0,0.540718,1.149065,BRA,940310
32056554,32,9912,2005,1120412.0,1229045.0,0.567638,1.139122,BRA,940310
32056555,32,9912,2006,2188672.0,1396224.0,0.633889,1.1474520000000001,BRA,940310
32056556,32,9912,2007,2374980.0,1507948.0,0.582859,1.137225,BRA,940310
32056557,32,9912,2008,2309919.0,2638317.0,0.444687,0.904332,BRA,940310
32056558,32,9912,2009,1552799.0,2210576.0,0.35447199999999995,0.8522360000000001,BRA,940310
32056559,32,9912,2010,1698342.0,4910877.0,0.40715500000000004,0.6208100000000001,BRA,940310
32056560,32,9912,2011,649927.0,5285950.0,0.27718400000000004,0.5674319999999999,BRA,940310
32056561,32,9912,2012,504628.0,11268442.0,0.305614,0.6357189999999999,BRA,940310
32056562,32,9912,2013,1258638.0,5687385.0,0.14765899999999998,0.399262,BRA,940310
32056563,32,9912,2014,1001022.0,4216642.0,0.218223,0.556921,BRA,940310
32056564,32,9912,2015,802857.0,3582609.0,0.23656799999999997,0.688607,BRA,940310
32056565,32,9912,2016,647622.0,2596630.0,0.245919,0.661809,BRA,940310
32056566,32,9912,2017,865515.0,2247131.0,0.145224,0.483461,BRA,940310
32056567,32,9912,2018,1236206.0,3233135.0,0.143397,0.582092,BRA,940310
32056568,32,9912,2019,1172882.0,2525938.0,0.076947,0.660604,BRA,940310
32056569,32,9912,2020,349191.0,2505201.0,0.054622000000000004,0.532291,BRA,940310
32056570,33,9912,1995,91081.0,394493.0,1.055447,0.422738,BRB,940310
32056571,33,9912,1996,152628.0,1061414.0,0.9384979999999999,0.147479,BRB,940310
32056572,33,9912,1997,160095.0,937488.0,0.896769,0.22225300000000003,BRB,940310
32056573,33,9912,1998,251364.0,1006757.0,0.888487,0.469408,BRB,940310
32056574,33,9912,1999,101757.0,1140036.0,0.878015,0.413308,BRB,940310
32056575,33,9912,2000,15309.0,780171.0,0.765428,0.418063,BRB,940310
32056576,33,9912,2001,18525.0,816172.0,0.725546,0.172345,BRB,940310
32056577,33,9912,2002,13764.0,737685.0,0.762217,0.004367,BRB,940310
32056578,33,9912,2003,11879.0,710314.0,0.744166,0.074191,BRB,940310
32056579,33,9912,2004,59715.0,1174101.0,0.8541559999999999,0.25895799999999997,BRB,940310
32056580,33,9912,2005,31465.0,744876.0,0.916402,0.262466,BRB,940310
32056581,33,9912,2006,52664.0,1067446.0,0.977267,0.6046560000000001,BRB,940310
32056582,33,9912,2007,10293.0,848017.0,1.006332,0.680391,BRB,940310
32056583,33,9912,2008,3864.0,776577.0,0.761035,0.615472,BRB,940310
32056584,33,9912,2009,175745.0,1845132.0,0.8652620000000001,0.796057,BRB,940310
32056585,33,9912,2010,8998.0,1221108.0,0.7076140000000001,0.434993,BRB,940310
32056586,33,9912,2011,7543.0,1196659.0,0.445982,0.204672,BRB,940310
32056587,33,9912,2012,10166.0,896530.0,0.6746310000000001,0.45502700000000007,BRB,940310
32056588,33,9912,2013,0.0,763145.0,0.6969489999999999,0.135283,BRB,940310
32056589,33,9912,2014,325544.0,407648.0,0.44968400000000003,-0.15268900000000002,BRB,940310
32056590,33,9912,2015,196876.0,982746.0,0.453689,0.039237,BRB,940310
32056591,33,9912,2016,18407.0,936876.0,0.613282,0.06728200000000001,BRB,940310
32056592,33,9912,2017,18016.0,705790.0,0.589793,-0.004488000000000001,BRB,940310
32056593,33,9912,2018,5193.0,809559.0,0.487166,-0.129388,BRB,940310
32056594,33,9912,2019,3966.0,502784.0,0.6228199999999999,-0.10803499999999999,BRB,940310
32056595,33,9912,2020,11418.0,426693.0,0.666435,0.060089,BRB,940310
32056596,34,9912,1995,1871.0,1209136.0,-0.979701,-0.85456,BRN,940310
32056597,34,9912,1996,5682.0,1509893.0,-0.848331,-0.779511,BRN,940310
32056598,34,9912,1997,3162.0,1908793.0,-0.092276,-0.772393,BRN,940310
32056599,34,9912,1998,289.0,597633.0,-0.445218,-0.833083,BRN,940310
32056600,34,9912,1999,0.0,416628.0,-1.417607,-1.011226,BRN,940310
32056601,34,9912,2000,0.0,305670.0,-1.603399,-1.027332,BRN,940310
32056602,34,9912,2001,1631.0,291090.0,-0.8654209999999999,-0.930599,BRN,940310
32056603,34,9912,2002,0.0,478099.0,-1.7894169999999998,-1.034672,BRN,940310
32056604,34,9912,2003,63.0,766644.0,-1.342738,-0.978633,BRN,940310
32056605,34,9912,2004,16666.0,639046.0,-1.271325,-1.03277,BRN,940310
32056606,34,9912,2005,0.0,668159.0,-2.009712,-1.02596,BRN,940310
32056607,34,9912,2006,146774.0,979034.0,-1.331831,-0.9170940000000001,BRN,940310
32056608,34,9912,2007,56568.0,775556.0,-1.118219,-0.924797,BRN,940310
32056609,34,9912,2008,54180.0,791731.0,-1.7609099999999998,-0.8835959999999999,BRN,940310
32056610,34,9912,2009,3806.0,982076.0,-1.371042,-0.9792120000000001,BRN,940310
32056611,34,9912,2010,3436.0,696435.0,0.717167,-0.764841,BRN,940310
32056612,34,9912,2011,19239.0,1081130.0,-0.171775,-0.6656810000000001,BRN,940310
32056613,34,9912,2012,7679.0,4302356.0,-2.758339,-0.931008,BRN,940310
32056614,34,9912,2013,32156.0,3862433.0,-0.866827,-0.795995,BRN,940310
32056615,34,9912,2014,39168.0,4280692.0,0.191357,-0.683567,BRN,940310
32056616,34,9912,2015,7680.0,1949347.0,1.093564,-0.679211,BRN,940310
32056617,34,9912,2016,24404.0,1289201.0,0.078764,-0.8103670000000001,BRN,940310
32056618,34,9912,2017,14772.0,1218972.0,0.270525,-0.747949,BRN,940310
32056619,34,9912,2018,100079.0,691771.0,0.562198,-0.774457,BRN,940310
32056620,34,9912,2019,393257.0,1535478.0,0.9608620000000001,-0.7012619999999999,BRN,940310
32056621,34,9912,2020,4219.0,937897.0,0.432569,-0.8083779999999999,BRN,940310
32056622,35,9912,1995,,,0.10779000000000001,-0.609193,BTN,940310
32056623,35,9912,1996,0.0,14052.0,-0.20093699999999998,-0.754797,BTN,940310
32056624,35,9912,1997,,,0.170623,-0.650595,BTN,940310
32056625,35,9912,1998,,,0.003229,-0.582997,BTN,940310
32056626,35,9912,1999,,,-0.089814,-0.630333,BTN,940310
32056627,35,9912,2000,,,0.44639799999999996,-0.45978199999999997,BTN,940310
32056628,35,9912,2001,,,0.380727,-0.529766,BTN,940310
32056629,35,9912,2002,,,0.23072800000000002,-0.541596,BTN,940310
32056630,35,9912,2003,0.0,151025.0,0.22564800000000002,-0.460741,BTN,940310
32056631,35,9912,2004,0.0,13545.0,-0.050289,-0.697735,BTN,940310
32056632,35,9912,2005,0.0,128307.0,0.0036079999999999997,-0.483849,BTN,940310
32056633,35,9912,2006,0.0,79718.0,-0.016287,-0.561397,BTN,940310
32056634,35,9912,2007,0.0,99440.0,-0.147438,-0.68999,BTN,940310
32056635,35,9912,2008,0.0,159893.0,-0.465287,-0.84941,BTN,940310
32056636,35,9912,2009,0.0,13431.0,-0.16578900000000002,-0.7013560000000001,BTN,940310
32056637,35,9912,2010,0.0,245575.0,-0.10866300000000001,-0.5950270000000001,BTN,940310
32056638,35,9912,2011,600.0,324266.0,-0.022021000000000002,-0.5282439999999999,BTN,940310
32056639,35,9912,2012,0.0,185055.0,-0.125782,-0.49636099999999994,BTN,940310
32056640,35,9912,2013,0.0,193933.0,-0.065218,-0.787495,BTN,940310
32056641,35,9912,2014,0.0,112441.0,-0.24597199999999997,-0.758838,BTN,940310
32056642,35,9912,2015,,,-0.55347,-0.8795219999999999,BTN,940310
32056643,35,9912,2016,0.0,47266.0,-0.28638,-0.8311069999999999,BTN,940310
32056644,35,9912,2017,0.0,219216.0,-0.167518,-0.7758520000000001,BTN,940310
32056645,35,9912,2018,0.0,1146020.0,-0.168694,-0.77871,BTN,940310
32056646,35,9912,2019,0.0,762565.0,0.008482,-0.767876,BTN,940310
32056647,35,9912,2020,0.0,555126.0,0.108769,-0.728705,BTN,940310
32056648,36,9912,1995,,,,,BVT,940310
32056649,36,9912,1996,,,,,BVT,940310
32056650,36,9912,1997,,,,,BVT,940310
32056651,36,9912,1998,,,,,BVT,940310
32056652,36,9912,1999,,,,,BVT,940310
32056653,36,9912,2000,,,0.23491199999999998,-0.8698319999999999,BVT,940310
32056654,36,9912,2001,,,2.411696,-0.8244940000000001,BVT,940310
32056655,36,9912,2002,,,0.516423,-0.789674,BVT,940310
32056656,36,9912,2003,,,1.6794259999999999,-0.695589,BVT,940310
32056657,36,9912,2004,,,0.5410119999999999,-0.804279,BVT,940310
32056658,36,9912,2005,,,1.31643,-0.701706,BVT,940310
32056659,36,9912,2006,,,0.9683930000000001,-0.6665840000000001,BVT,940310
32056660,36,9912,2007,,,1.1512200000000001,-0.42272,BVT,940310
32056661,36,9912,2008,,,1.7788130000000002,0.183341,BVT,940310
32056662,36,9912,2009,,,0.936732,-0.438837,BVT,940310
32056663,36,9912,2010,,,0.551459,-0.540175,BVT,940310
32056664,36,9912,2011,,,1.467633,-0.050186,BVT,940310
32056665,36,9912,2012,,,1.135468,-0.38882,BVT,940310
32056666,36,9912,2013,,,0.6491520000000001,-0.746413,BVT,940310
32056667,36,9912,2014,,,0.24943099999999999,-0.7255189999999999,BVT,940310
32056668,36,9912,2015,,,0.37751799999999996,-0.843202,BVT,940310
32056669,36,9912,2016,,,1.279944,-0.741259,BVT,940310
32056670,36,9912,2017,,,2.018459,-0.700299,BVT,940310
32056671,36,9912,2018,,,1.0599450000000001,-0.810874,BVT,940310
32056672,36,9912,2019,,,0.9131040000000001,-0.830306,BVT,940310
32056673,36,9912,2020,,,0.295207,-0.873441,BVT,940310
32056674,37,9912,1995,,,,,BWA,940310
32056675,37,9912,1996,,,,,BWA,940310
32056676,37,9912,1997,,,,,BWA,940310
32056677,37,9912,1998,,,,,BWA,940310
32056678,37,9912,1999,,,,,BWA,940310
32056679,37,9912,2000,279.0,1336117.0,-0.633691,-1.120255,BWA,940310
32056680,37,9912,2001,10864.0,957129.0,-0.42690100000000003,-1.081372,BWA,940310
32056681,37,9912,2002,1303.0,2094017.0,-0.14025,-1.018399,BWA,940310
32056682,37,9912,2003,2528.0,3152499.0,-0.517317,-1.1125770000000001,BWA,940310
32056683,37,9912,2004,4465.0,1167087.0,-0.8574229999999999,-1.191754,BWA,940310
32056684,37,9912,2005,14125.0,1162444.0,-0.857577,-1.1514229999999999,BWA,940310
32056685,37,9912,2006,2067.0,862397.0,-1.0541459999999998,-1.179286,BWA,940310
32056686,37,9912,2007,109975.0,1255494.0,-0.8557239999999999,-1.1712989999999999,BWA,940310
32056687,37,9912,2008,25745.0,1700230.0,-0.191616,-0.848397,BWA,940310
32056688,37,9912,2009,9502.0,1253273.0,-0.008142,-0.599115,BWA,940310
32056689,37,9912,2010,23197.0,1362658.0,-0.181373,-0.714376,BWA,940310
32056690,37,9912,2011,22011.0,1102825.0,-0.48782600000000004,-1.051639,BWA,940310
32056691,37,9912,2012,31763.0,1407792.0,-0.424469,-1.043248,BWA,940310
32056692,37,9912,2013,28609.0,1090201.0,-0.46761499999999995,-1.0842040000000002,BWA,940310
32056693,37,9912,2014,38744.0,1191009.0,-0.60221,-1.104578,BWA,940310
32056694,37,9912,2015,24878.0,1143057.0,-0.14164200000000002,-1.0372059999999999,BWA,940310
32056695,37,9912,2016,10275.0,842076.0,-0.9927739999999999,-1.260391,BWA,940310
32056696,37,9912,2017,24797.0,1177408.0,-0.593754,-1.166742,BWA,940310
32056697,37,9912,2018,107821.0,1251832.0,-0.8339610000000001,-1.184307,BWA,940310
32056698,37,9912,2019,6711.0,885381.0,-0.492807,-1.152651,BWA,940310
32056699,37,9912,2020,3041.0,580621.0,-0.8696219999999999,-1.195627,BWA,940310
32056700,38,9912,1995,0.0,57225.0,-0.378162,-0.6538010000000001,CAF,940310
32056701,38,9912,1996,0.0,23856.0,-1.408316,-0.8695579999999999,CAF,940310
32056702,38,9912,1997,0.0,9916.0,-1.192158,-0.902408,CAF,940310
32056703,38,9912,1998,1326.0,44430.0,-0.64861,-0.771349,CAF,940310
32056704,38,9912,1999,0.0,33185.0,-1.079509,-0.9015489999999999,CAF,940310
32056705,38,9912,2000,4507.0,33874.0,-1.222452,-0.947033,CAF,940310
32056706,38,9912,2001,0.0,20957.0,-0.682897,-0.8083140000000001,CAF,940310
32056707,38,9912,2002,0.0,41358.0,-0.45315200000000005,-0.764876,CAF,940310
32056708,38,9912,2003,0.0,44371.0,-1.342769,-0.905425,CAF,940310
32056709,38,9912,2004,0.0,32352.0,-0.683538,-0.8331770000000001,CAF,940310
32056710,38,9912,2005,0.0,53097.0,-0.18778399999999998,-0.647926,CAF,940310
32056711,38,9912,2006,0.0,141662.0,-0.768791,-0.822677,CAF,940310
32056712,38,9912,2007,0.0,42655.0,-0.252459,-0.783634,CAF,940310
32056713,38,9912,2008,0.0,87360.0,-0.387367,-0.767895,CAF,940310
32056714,38,9912,2009,0.0,194905.0,-0.5777260000000001,-0.839981,CAF,940310
32056715,38,9912,2010,0.0,224966.0,0.062649,-0.6461779999999999,CAF,940310
32056716,38,9912,2011,0.0,83305.0,-0.318191,-0.68375,CAF,940310
32056717,38,9912,2012,0.0,57949.0,-0.264052,-0.727242,CAF,940310
32056718,38,9912,2013,3307.0,14787.0,-0.268604,-0.606101,CAF,940310
32056719,38,9912,2014,0.0,154198.0,0.695875,0.543384,CAF,940310
32056720,38,9912,2015,0.0,716424.0,-0.35029,-0.6630199999999999,CAF,940310
32056721,38,9912,2016,0.0,77469.0,-0.43507299999999993,-0.7039300000000001,CAF,940310
32056722,38,9912,2017,0.0,285940.0,-0.289049,-0.648497,CAF,940310
32056723,38,9912,2018,0.0,216666.0,-0.041318,-0.687923,CAF,940310
32056724,38,9912,2019,0.0,32154.0,-0.027091000000000004,-0.7267899999999999,CAF,940310
32056725,38,9912,2020,0.0,84249.0,-0.48102700000000004,-0.832994,CAF,940310
32056726,39,9912,1995,198717613.0,71223938.0,1.077804,1.0724200000000002,CAN,940310
32056727,39,9912,1996,231424421.0,73359484.0,1.155706,1.1127049999999998,CAN,940310
32056728,39,9912,1997,293141678.0,84789422.0,1.109494,1.178772,CAN,940310
32056729,39,9912,1998,412135329.0,104902986.0,1.077343,1.119161,CAN,940310
32056730,39,9912,1999,424411904.0,97840966.0,1.083572,1.08026,CAN,940310
32056731,39,9912,2000,521333766.0,126396141.0,1.056577,1.12931,CAN,940310
32056732,39,9912,2001,408363048.0,115731714.0,0.971827,1.105171,CAN,940310
32056733,39,9912,2002,290332655.0,83515203.0,0.9963280000000001,1.1922110000000001,CAN,940310
32056734,39,9912,2003,253280676.0,80288649.0,0.9791540000000001,1.185081,CAN,940310
32056735,39,9912,2004,233503812.0,91010199.0,0.9392739999999999,1.19228,CAN,940310
32056736,39,9912,2005,247380248.0,106843465.0,0.9895149999999999,1.0437459999999998,CAN,940310
32056737,39,9912,2006,259236735.0,121098336.0,0.865685,1.1480489999999999,CAN,940310
32056738,39,9912,2007,263014129.0,135437992.0,0.77681,1.20517,CAN,940310
32056739,39,9912,2008,270175735.0,146763925.0,0.684659,1.085312,CAN,940310
32056740,39,9912,2009,194869338.0,107758512.0,0.6778069999999999,1.278402,CAN,940310
32056741,39,9912,2010,224457983.0,116694879.0,0.752421,1.2208510000000001,CAN,940310
32056742,39,9912,2011,237843187.0,143473099.0,0.754813,1.1967290000000002,CAN,940310
32056743,39,9912,2012,235861699.0,171713876.0,0.693098,1.132064,CAN,940310
32056744,39,9912,2013,222222131.0,154434998.0,0.719649,1.017046,CAN,940310
32056745,39,9912,2014,223433266.0,150591113.0,0.671395,1.024683,CAN,940310
32056746,39,9912,2015,231571134.0,145498651.0,0.695867,1.171676,CAN,940310
32056747,39,9912,2016,273032282.0,136083640.0,0.6579050000000001,1.12259,CAN,940310
32056748,39,9912,2017,268253911.0,157105901.0,0.73897,1.206402,CAN,940310
32056749,39,9912,2018,242277473.0,165042462.0,0.666822,1.218593,CAN,940310
32056750,39,9912,2019,487776409.0,168714833.0,0.657292,1.187872,CAN,940310
32056751,39,9912,2020,382730380.0,132505015.0,0.609267,1.1890479999999999,CAN,940310
32056752,40,9912,1995,0.0,1439.0,-0.13755,-0.5880850000000001,CCK,940310
32056753,40,9912,1996,,,0.26213400000000003,-0.584997,CCK,940310
32056754,40,9912,1997,,,0.995143,-0.37411300000000003,CCK,940310
32056755,40,9912,1998,0.0,3160.0,0.283156,-0.549021,CCK,940310
32056756,40,9912,1999,,,0.697291,-0.48773999999999995,CCK,940310
32056757,40,9912,2000,0.0,8139.0,1.171549,-0.33660999999999996,CCK,940310
32056758,40,9912,2001,,,1.5803969999999998,-0.258236,CCK,940310
32056759,40,9912,2002,0.0,2793.0,0.908435,-0.47951000000000005,CCK,940310
32056760,40,9912,2003,0.0,3012.0,1.2656530000000001,-0.20865999999999998,CCK,940310
32056761,40,9912,2004,0.0,4119.0,0.981239,-0.342031,CCK,940310
32056762,40,9912,2005,,,1.1435870000000001,-0.09681000000000001,CCK,940310
32056763,40,9912,2006,0.0,8179.0,1.151181,-0.16833900000000002,CCK,940310
32056764,40,9912,2007,,,0.970841,0.04999,CCK,940310
32056765,40,9912,2008,0.0,7343.0,1.191492,-0.219504,CCK,940310
32056766,40,9912,2009,0.0,2801.0,0.973582,-0.5092479999999999,CCK,940310
32056767,40,9912,2010,0.0,5283.0,0.65937,-0.48724399999999995,CCK,940310
32056768,40,9912,2011,0.0,2909.0,0.9612229999999999,-0.349571,CCK,940310
32056769,40,9912,2012,,,1.178557,0.175336,CCK,940310
32056770,40,9912,2013,0.0,2709.0,1.458176,0.045868,CCK,940310
32056771,40,9912,2014,,,0.8426629999999999,-0.258254,CCK,940310
32056772,40,9912,2015,4931.0,4313.0,1.2134049999999998,-0.228465,CCK,940310
32056773,40,9912,2016,0.0,1742.0,1.5291700000000001,0.030156,CCK,940310
32056774,40,9912,2017,0.0,2145.0,1.432778,0.146181,CCK,940310
32056775,40,9912,2018,0.0,5854.0,0.8609030000000001,-0.013083000000000001,CCK,940310
32056776,40,9912,2019,0.0,6167.0,1.440861,-0.056663,CCK,940310
32056777,40,9912,2020,0.0,1783.0,1.373165,0.070636,CCK,940310
32056778,41,9912,1995,13018480.0,36341140.0,2.1893029999999998,0.82765,CHE,940310
32056779,41,9912,1996,16668674.0,40942168.0,2.246238,0.603288,CHE,940310
32056780,41,9912,1997,12228517.0,34118441.0,2.280163,0.597819,CHE,940310
32056781,41,9912,1998,15404043.0,35674036.0,2.252965,0.561806,CHE,940310
32056782,41,9912,1999,15740074.0,36169570.0,2.189934,0.741428,CHE,940310
32056783,41,9912,2000,15853907.0,39261363.0,2.197959,0.489989,CHE,940310
32056784,41,9912,2001,14324674.0,34211239.0,2.227246,0.553956,CHE,940310
32056785,41,9912,2002,11083811.0,32785284.0,2.218095,0.620946,CHE,940310
32056786,41,9912,2003,14405199.0,34803682.0,2.151037,0.711217,CHE,940310
32056787,41,9912,2004,19034320.0,38230559.0,2.151471,0.7196279999999999,CHE,940310
32056788,41,9912,2005,20121434.0,40799049.0,2.0461709999999997,0.615855,CHE,940310
32056789,41,9912,2006,23919567.0,46511071.0,2.052534,0.515523,CHE,940310
32056790,41,9912,2007,32952913.0,58814130.0,2.0198080000000003,0.42277200000000004,CHE,940310
32056791,41,9912,2008,41531885.0,66875540.0,1.978404,0.368694,CHE,940310
32056792,41,9912,2009,23958564.0,58952300.0,2.124438,0.484861,CHE,940310
32056793,41,9912,2010,28207407.0,55563182.0,2.1492080000000002,0.556424,CHE,940310
32056794,41,9912,2011,32775854.0,59003791.0,2.2644029999999997,0.406131,CHE,940310
32056795,41,9912,2012,31435042.0,60690019.0,2.060769,0.562718,CHE,940310
32056796,41,9912,2013,40226313.0,62107932.0,2.2104470000000003,0.5403479999999999,CHE,940310
32056797,41,9912,2014,28027829.0,61609563.0,2.2000919999999997,0.65398,CHE,940310
32056798,41,9912,2015,27111708.0,62679209.0,2.306075,0.720781,CHE,940310
32056799,41,9912,2016,26366564.0,56972693.0,2.3488689999999997,0.806291,CHE,940310
32056800,41,9912,2017,30460743.0,58262016.0,2.2557810000000003,0.845459,CHE,940310
32056801,41,9912,2018,34332246.0,63153622.0,2.2324330000000003,0.7801560000000001,CHE,940310
32056802,41,9912,2019,27330740.0,59819851.0,2.1990849999999997,0.8394229999999999,CHE,940310
32056803,41,9912,2020,14647976.0,62770980.0,2.184038,0.900965,CHE,940310
32056804,42,9912,1995,90792.0,2691457.0,-0.073436,-0.192675,CHL,940310
32056805,42,9912,1996,22959.0,8156382.0,-0.052811000000000004,-0.169464,CHL,940310
32056806,42,9912,1997,56148.0,6920597.0,0.002791,-0.030604000000000003,CHL,940310
32056807,42,9912,1998,41791.0,6053854.0,0.029706,-0.061149,CHL,940310
32056808,42,9912,1999,91897.0,5447636.0,0.041013,-0.111553,CHL,940310
32056809,42,9912,2000,133443.0,3228457.0,0.068478,-0.053438,CHL,940310
32056810,42,9912,2001,68896.0,1690936.0,-0.004658,-0.002548,CHL,940310
32056811,42,9912,2002,97211.0,2357832.0,-0.035264,-0.101796,CHL,940310
32056812,42,9912,2003,85847.0,1108253.0,-0.06375900000000001,-0.156808,CHL,940310
32056813,42,9912,2004,156081.0,1769684.0,-0.07869,-0.33641,CHL,940310
32056814,42,9912,2005,192601.0,1680724.0,-0.168344,-0.43438999999999994,CHL,940310
32056815,42,9912,2006,702285.0,2228526.0,-0.188298,-0.46778000000000003,CHL,940310
32056816,42,9912,2007,388316.0,2229309.0,-0.306846,-0.57431,CHL,940310
32056817,42,9912,2008,330222.0,3778174.0,-0.293985,-0.349554,CHL,940310
32056818,42,9912,2009,108724.0,2127070.0,-0.219521,-0.34239,CHL,940310
32056819,42,9912,2010,189763.0,3947620.0,-0.34914,-0.459395,CHL,940310
32056820,42,9912,2011,229363.0,5230593.0,-0.199877,-0.353009,CHL,940310
32056821,42,9912,2012,155085.0,7291134.0,-0.333891,-0.45610200000000006,CHL,940310
32056822,42,9912,2013,52521.0,7461458.0,-0.260718,-0.38256100000000004,CHL,940310
32056823,42,9912,2014,28552.0,6604065.0,-0.344671,-0.43380799999999997,CHL,940310
32056824,42,9912,2015,265765.0,7152706.0,-0.356167,-0.47629399999999994,CHL,940310
32056825,42,9912,2016,121060.0,8997120.0,-0.385519,-0.470495,CHL,940310
32056826,42,9912,2017,61493.0,7514056.0,-0.378693,-0.492983,CHL,940310
32056827,42,9912,2018,92264.0,9569714.0,-0.37677,-0.49605299999999997,CHL,940310
32056828,42,9912,2019,66854.0,7836795.0,-0.34416199999999997,-0.432674,CHL,940310
32056829,42,9912,2020,16086.0,7625385.0,-0.307923,-0.565983,CHL,940310
32056830,43,9912,1995,14148204.0,12927517.0,0.387897,3.2147919999999996,CHN,940310
32056831,43,9912,1996,12260865.0,7544239.0,0.404422,3.061344,CHN,940310
32056832,43,9912,1997,16328443.0,7973656.0,0.36051300000000003,3.287322,CHN,940310
32056833,43,9912,1998,22868318.0,6950205.0,0.3658,3.231258,CHN,940310
32056834,43,9912,1999,32843777.0,5220395.0,0.386094,3.270089,CHN,940310
32056835,43,9912,2000,46526413.0,4100361.0,0.478362,3.156111,CHN,940310
32056836,43,9912,2001,49830273.0,4964840.0,0.525171,3.092963,CHN,940310
32056837,43,9912,2002,51130088.0,6553851.0,0.576746,2.7995520000000003,CHN,940310
32056838,43,9912,2003,75146073.0,9267520.0,0.579431,2.773139,CHN,940310
32056839,43,9912,2004,109664274.0,11198939.0,0.581548,2.8689880000000003,CHN,940310
32056840,43,9912,2005,139160020.0,12161917.0,0.608256,2.8242220000000002,CHN,940310
32056841,43,9912,2006,192209286.0,10723655.0,0.737888,2.54966,CHN,940310
32056842,43,9912,2007,218895427.0,14039074.0,0.801547,2.321052,CHN,940310
32056843,43,9912,2008,304514506.0,15673376.0,0.929285,1.8917259999999998,CHN,940310
32056844,43,9912,2009,229475276.0,9442049.0,0.898623,2.08703,CHN,940310
32056845,43,9912,2010,299035976.0,15603499.0,0.922493,2.0176,CHN,940310
32056846,43,9912,2011,335125302.0,13378340.0,1.072299,1.686826,CHN,940310
32056847,43,9912,2012,459415130.0,16825598.0,1.095682,1.354837,CHN,940310
32056848,43,9912,2013,497327469.0,16874384.0,1.113767,1.477496,CHN,940310
32056849,43,9912,2014,564503560.0,17007246.0,1.187557,1.222085,CHN,940310
32056850,43,9912,2015,598821515.0,18602066.0,1.077143,1.735757,CHN,940310
32056851,43,9912,2016,534684072.0,23051914.0,1.1073620000000002,1.723098,CHN,940310
32056852,43,9912,2017,596203548.0,23878883.0,1.1127790000000002,1.56869,CHN,940310
32056853,43,9912,2018,682494234.0,29863664.0,1.200689,1.2822,CHN,940310
32056854,43,9912,2019,679379964.0,28985130.0,1.196265,1.2258870000000002,CHN,940310
32056855,43,9912,2020,702076101.0,21962984.0,1.187837,1.2237770000000001,CHN,940310
32056856,44,9912,1995,0.0,469126.0,-0.781656,-0.74293,CIV,940310
32056857,44,9912,1996,2702.0,286384.0,-0.8720459999999999,-0.7904479999999999,CIV,940310
32056858,44,9912,1997,37441.0,575146.0,-0.685339,-0.62129,CIV,940310
32056859,44,9912,1998,47427.0,607769.0,-0.75115,-0.753865,CIV,940310
32056860,44,9912,1999,26703.0,590404.0,-0.591892,-0.654457,CIV,940310
32056861,44,9912,2000,11198.0,441669.0,-0.7772640000000001,-0.632181,CIV,940310
32056862,44,9912,2001,1127.0,168525.0,-0.715949,-0.524428,CIV,940310
32056863,44,9912,2002,1398.0,252633.0,-0.816327,-0.711765,CIV,940310
32056864,44,9912,2003,7681.0,398392.0,-0.699928,-0.723739,CIV,940310
32056865,44,9912,2004,0.0,379061.0,-0.8490979999999999,-0.754732,CIV,940310
32056866,44,9912,2005,28493.0,1521831.0,-0.900386,-0.804689,CIV,940310
32056867,44,9912,2006,29124.0,412579.0,-0.8918530000000001,-0.8145819999999999,CIV,940310
32056868,44,9912,2007,354995.0,417619.0,-0.9989110000000001,-0.867232,CIV,940310
32056869,44,9912,2008,54499.0,521307.0,-0.9806040000000001,-0.730792,CIV,940310
32056870,44,9912,2009,5423.0,779643.0,-0.924681,-0.801371,CIV,940310
32056871,44,9912,2010,5874.0,1533303.0,-1.256641,-0.946767,CIV,940310
32056872,44,9912,2011,17376.0,316328.0,-1.069474,-0.867439,CIV,940310
32056873,44,9912,2012,0.0,801923.0,-0.9721879999999999,-0.837227,CIV,940310
32056874,44,9912,2013,46747.0,1336252.0,-0.923558,-0.866642,CIV,940310
32056875,44,9912,2014,85481.0,3936541.0,-0.737625,-0.768728,CIV,940310
32056876,44,9912,2015,22651.0,5920097.0,-0.856142,-0.905292,CIV,940310
32056877,44,9912,2016,76660.0,2330802.0,-0.88415,-0.8122689999999999,CIV,940310
32056878,44,9912,2017,194212.0,3381917.0,-0.784119,-0.904135,CIV,940310
32056879,44,9912,2018,33677.0,3469049.0,-0.8733569999999999,-0.8443139999999999,CIV,940310
32056880,44,9912,2019,1011.0,2020262.0,-0.9916719999999999,-0.960625,CIV,940310
32056881,44,9912,2020,23960.0,2662148.0,-1.2299200000000001,-1.095777,CIV,940310
32056882,45,9912,1995,0.0,349172.0,-1.121716,-0.9758020000000001,CMR,940310
32056883,45,9912,1996,14891.0,260075.0,-1.4036309999999999,-1.090633,CMR,940310
32056884,45,9912,1997,3175.0,219696.0,-1.205482,-1.015714,CMR,940310
32056885,45,9912,1998,0.0,305831.0,-1.8845029999999998,-1.250205,CMR,940310
32056886,45,9912,1999,1815.0,227354.0,-1.7392470000000002,-1.241373,CMR,940310
32056887,45,9912,2000,26650.0,305411.0,-1.547715,-1.161125,CMR,940310
32056888,45,9912,2001,28306.0,253973.0,-1.6254879999999998,-1.212513,CMR,940310
32056889,45,9912,2002,0.0,461129.0,-1.114477,-1.0516510000000001,CMR,940310
32056890,45,9912,2003,31981.0,389909.0,-1.254788,-1.10897,CMR,940310
32056891,45,9912,2004,8806.0,491942.0,-1.604916,-1.217399,CMR,940310
32056892,45,9912,2005,20545.0,691757.0,-1.5648739999999999,-1.210117,CMR,940310
32056893,45,9912,2006,23687.0,703828.0,-1.358873,-1.1511360000000002,CMR,940310
32056894,45,9912,2007,47156.0,520321.0,-0.821623,-0.965601,CMR,940310
32056895,45,9912,2008,36692.0,693994.0,-1.143808,-1.0725,CMR,940310
32056896,45,9912,2009,11994.0,597896.0,-1.128734,-1.022546,CMR,940310
32056897,45,9912,2010,8226.0,830716.0,-1.114209,-1.0127899999999999,CMR,940310
32056898,45,9912,2011,3991.0,674830.0,-0.7956340000000001,-0.8532790000000001,CMR,940310
32056899,45,9912,2012,18744.0,1242913.0,-1.0127030000000001,-1.011776,CMR,940310
32056900,45,9912,2013,589267.0,1196180.0,-0.901531,-1.027111,CMR,940310
32056901,45,9912,2014,2249.0,2915155.0,-0.6723520000000001,-0.945084,CMR,940310
32056902,45,9912,2015,19639.0,2619279.0,-0.924366,-1.040721,CMR,940310
32056903,45,9912,2016,29325.0,2684489.0,-1.086484,-1.0725559999999998,CMR,940310
32056904,45,9912,2017,5540.0,1783837.0,-1.048569,-1.030799,CMR,940310
32056905,45,9912,2018,936.0,1861514.0,-1.366619,-1.09894,CMR,940310
32056906,45,9912,2019,20965.0,4808200.0,-1.461279,-1.214274,CMR,940310
32056907,45,9912,2020,27324.0,1295113.0,-1.379365,-1.177022,CMR,940310
32056908,46,9912,1995,1103.0,190970.0,-1.4672459999999998,-1.0777139999999998,COD,940310
32056909,46,9912,1996,1976.0,175293.0,-1.2167,-1.086508,COD,940310
32056910,46,9912,1997,0.0,125393.0,-1.274443,-1.073668,COD,940310
32056911,46,9912,1998,0.0,69206.0,-1.753881,-1.201073,COD,940310
32056912,46,9912,1999,0.0,67491.0,-1.4871290000000001,-1.1859620000000002,COD,940310
32056913,46,9912,2000,0.0,72115.0,-0.902222,-1.068924,COD,940310
32056914,46,9912,2001,0.0,190019.0,-1.421643,-1.154007,COD,940310
32056915,46,9912,2002,0.0,406234.0,-1.2657370000000001,-1.108659,COD,940310
32056916,46,9912,2003,0.0,724712.0,-1.366232,-1.0778860000000001,COD,940310
32056917,46,9912,2004,11316.0,449807.0,-1.405291,-1.108962,COD,940310
32056918,46,9912,2005,57850.0,823643.0,-1.7843189999999998,-1.155135,COD,940310
32056919,46,9912,2006,0.0,381930.0,-1.542137,-1.086494,COD,940310
32056920,46,9912,2007,1293.0,820528.0,-1.507664,-1.111844,COD,940310
32056921,46,9912,2008,0.0,577603.0,-1.513117,-1.141895,COD,940310
32056922,46,9912,2009,8222.0,652216.0,-1.532165,-1.160269,COD,940310
32056923,46,9912,2010,5140.0,1490959.0,-1.465101,-1.139909,COD,940310
32056924,46,9912,2011,1539.0,566482.0,-0.722957,-0.965141,COD,940310
32056925,46,9912,2012,0.0,1173086.0,-1.442925,-1.170333,COD,940310
32056926,46,9912,2013,0.0,830608.0,-1.300125,-1.0708010000000001,COD,940310
32056927,46,9912,2014,0.0,1625037.0,-1.6680240000000002,-1.1265129999999999,COD,940310
32056928,46,9912,2015,0.0,2784966.0,-1.3921290000000002,-1.146549,COD,940310
32056929,46,9912,2016,3538.0,1604230.0,-1.136472,-1.109177,COD,940310
32056930,46,9912,2017,91.0,2249907.0,-1.3960569999999999,-1.126784,COD,940310
32056931,46,9912,2018,6802.0,2341331.0,-1.743034,-1.20446,COD,940310
32056932,46,9912,2019,498.0,1904786.0,-1.2685879999999998,-1.148403,COD,940310
32056933,46,9912,2020,0.0,1379994.0,-1.538455,-1.1857659999999999,COD,940310
32056934,47,9912,1995,0.0,86309.0,-0.648521,-1.0392190000000001,COG,940310
32056935,47,9912,1996,0.0,296125.0,-1.522142,-1.165936,COG,940310
32056936,47,9912,1997,0.0,329174.0,-1.58904,-1.1557979999999999,COG,940310
32056937,47,9912,1998,0.0,272476.0,-1.404207,-1.133436,COG,940310
32056938,47,9912,1999,0.0,36630.0,-1.2759120000000002,-1.1418030000000001,COG,940310
32056939,47,9912,2000,5933.0,161097.0,-1.862839,-1.214684,COG,940310
32056940,47,9912,2001,0.0,482865.0,-1.482788,-1.172,COG,940310
32056941,47,9912,2002,0.0,603274.0,-1.62227,-1.202067,COG,940310
32056942,47,9912,2003,0.0,331944.0,-1.6789619999999998,-1.182557,COG,940310
32056943,47,9912,2004,0.0,491788.0,-1.610222,-1.184921,COG,940310
32056944,47,9912,2005,1447.0,748005.0,-1.648425,-1.1852040000000001,COG,940310
32056945,47,9912,2006,1265.0,688585.0,-1.9903240000000002,-1.189925,COG,940310
32056946,47,9912,2007,0.0,839894.0,-1.88462,-1.22688,COG,940310
32056947,47,9912,2008,0.0,1476643.0,-2.2772799999999997,-1.216089,COG,940310
32056948,47,9912,2009,16250.0,706485.0,-1.466289,-1.201249,COG,940310
32056949,47,9912,2010,0.0,710129.0,-1.536434,-1.175338,COG,940310
32056950,47,9912,2011,0.0,607890.0,-0.979359,-1.084589,COG,940310
32056951,47,9912,2012,46130.0,2298541.0,-1.210442,-1.086805,COG,940310
32056952,47,9912,2013,0.0,1080876.0,-1.215681,-1.08679,COG,940310
32056953,47,9912,2014,4163.0,937339.0,-1.371624,-1.12468,COG,940310
32056954,47,9912,2015,0.0,1822656.0,-1.294823,-1.18811,COG,940310
32056955,47,9912,2016,17081.0,872614.0,-0.718731,-1.0663799999999999,COG,940310
32056956,47,9912,2017,3070.0,782703.0,-1.2289780000000001,-1.169368,COG,940310
32056957,47,9912,2018,0.0,904834.0,-1.52875,-1.1869100000000001,COG,940310
32056958,47,9912,2019,0.0,612814.0,-1.305193,-1.162808,COG,940310
32056959,47,9912,2020,0.0,411544.0,-1.580638,-1.2020870000000001,COG,940310
32056960,48,9912,1995,0.0,6814.0,0.15283,-0.45298,COK,940310
32056961,48,9912,1996,0.0,20345.0,0.053446,-0.556272,COK,940310
32056962,48,9912,1997,0.0,16421.0,0.021011000000000002,-0.432936,COK,940310
32056963,48,9912,1998,0.0,17216.0,-0.18348399999999998,-0.650889,COK,940310
32056964,48,9912,1999,0.0,12596.0,0.086577,-0.604988,COK,940310
32056965,48,9912,2000,0.0,5881.0,-0.185791,-0.7267359999999999,COK,940310
32056966,48,9912,2001,0.0,5371.0,-0.003435,-0.72313,COK,940310
32056967,48,9912,2002,0.0,35154.0,0.22351300000000002,-0.5197729999999999,COK,940310
32056968,48,9912,2003,0.0,6850.0,0.327914,-0.466681,COK,940310
32056969,48,9912,2004,0.0,18698.0,0.10636,-0.652109,COK,940310
32056970,48,9912,2005,0.0,28063.0,0.039373000000000005,-0.649169,COK,940310
32056971,48,9912,2006,0.0,33113.0,0.564179,-0.296135,COK,940310
32056972,48,9912,2007,0.0,40680.0,0.0857,-0.604571,COK,940310
32056973,48,9912,2008,0.0,24971.0,0.49011400000000005,-0.550991,COK,940310
32056974,48,9912,2009,0.0,29972.0,0.291299,-0.477813,COK,940310
32056975,48,9912,2010,0.0,53939.0,0.366399,-0.555715,COK,940310
32056976,48,9912,2011,0.0,40957.0,0.053038,-0.521486,COK,940310
32056977,48,9912,2012,0.0,98390.0,0.036403,-0.633828,COK,940310
32056978,48,9912,2013,0.0,66893.0,0.483939,-0.42226400000000003,COK,940310
32056979,48,9912,2014,0.0,73493.0,0.151329,-0.693285,COK,940310
32056980,48,9912,2015,0.0,26926.0,0.388457,-0.682666,COK,940310
32056981,48,9912,2016,0.0,59409.0,0.20994699999999997,-0.791095,COK,940310
32056982,48,9912,2017,0.0,105232.0,0.154051,-0.74144,COK,940310
32056983,48,9912,2018,0.0,45336.0,0.716123,-0.631445,COK,940310
32056984,48,9912,2019,0.0,42646.0,0.430439,-0.7410720000000001,COK,940310
32056985,48,9912,2020,0.0,49547.0,0.20487800000000003,-0.696278,COK,940310
32056986,49,9912,1995,407286.0,4778499.0,0.094335,0.13047999999999998,COL,940310
32056987,49,9912,1996,209312.0,5168024.0,0.136487,0.078743,COL,940310
32056988,49,9912,1997,396432.0,3127054.0,0.190632,0.068001,COL,940310
32056989,49,9912,1998,848142.0,2438591.0,0.205004,0.13985899999999998,COL,940310
32056990,49,9912,1999,900768.0,1441983.0,0.190667,0.136271,COL,940310
32056991,49,9912,2000,1450598.0,1252164.0,0.299592,0.320885,COL,940310
32056992,49,9912,2001,1243938.0,1016232.0,0.30412,0.395913,COL,940310
32056993,49,9912,2002,1468511.0,1227110.0,0.345094,0.37787800000000005,COL,940310
32056994,49,9912,2003,1001024.0,908654.0,0.218336,0.376869,COL,940310
32056995,49,9912,2004,1218826.0,534435.0,0.033128,0.47524799999999995,COL,940310
32056996,49,9912,2005,3090997.0,1043144.0,0.077191,0.47193500000000005,COL,940310
32056997,49,9912,2006,5441908.0,1383735.0,0.129887,0.44371700000000003,COL,940310
32056998,49,9912,2007,7382855.0,2200705.0,0.118341,0.557699,COL,940310
32056999,49,9912,2008,4465930.0,1984432.0,0.19505699999999998,0.566189,COL,940310
32057000,49,9912,2009,4403995.0,1781049.0,0.263416,0.38947,COL,940310
32057001,49,9912,2010,4657739.0,2455193.0,0.097222,-0.064328,COL,940310
32057002,49,9912,2011,4273133.0,4260259.0,0.14336600000000002,-0.22996,COL,940310
32057003,49,9912,2012,3457936.0,4313740.0,0.15523699999999999,-0.30749099999999996,COL,940310
32057004,49,9912,2013,3060586.0,4294839.0,0.121799,-0.388239,COL,940310
32057005,49,9912,2014,3693571.0,5335663.0,0.19864500000000002,-0.378364,COL,940310
32057006,49,9912,2015,1169366.0,4147126.0,0.156383,-0.183055,COL,940310
32057007,49,9912,2016,1089790.0,2614746.0,0.10205700000000001,-0.155574,COL,940310
32057008,49,9912,2017,896089.0,3338248.0,0.208096,-0.17644300000000002,COL,940310
32057009,49,9912,2018,963457.0,1966076.0,0.20431,-0.15273699999999998,COL,940310
32057010,49,9912,2019,929810.0,2662138.0,0.099936,-0.15568800000000002,COL,940310
32057011,49,9912,2020,1787811.0,1965431.0,0.115954,0.104558,COL,940310
32057012,50,9912,1995,0.0,332609.0,-0.125195,-0.6788930000000001,COM,940310
32057013,50,9912,1996,0.0,292096.0,-1.007044,-0.833519,COM,940310
32057014,50,9912,1997,0.0,239591.0,0.42716899999999997,-0.618352,COM,940310
32057015,50,9912,1998,0.0,238708.0,0.242641,-0.6324069999999999,COM,940310
32057016,50,9912,1999,0.0,268543.0,0.57439,-0.576433,COM,940310
32057017,50,9912,2000,0.0,3678.0,-0.9233299999999999,-0.9126479999999999,COM,940310
32057018,50,9912,2001,0.0,51210.0,-0.24810700000000002,-0.832764,COM,940310
32057019,50,9912,2002,,,-0.95335,-0.916942,COM,940310
32057020,50,9912,2003,2537.0,62792.0,-0.675377,-0.791014,COM,940310
32057021,50,9912,2004,0.0,75349.0,-0.581058,-0.8678309999999999,COM,940310
32057022,50,9912,2005,0.0,15862.0,-0.6264,-0.853095,COM,940310
32057023,50,9912,2006,0.0,24554.0,-0.5214300000000001,-0.8452149999999999,COM,940310
32057024,50,9912,2007,0.0,9590.0,-0.956375,-0.964842,COM,940310
32057025,50,9912,2008,0.0,42212.0,-0.101412,-0.841565,COM,940310
32057026,50,9912,2009,0.0,26178.0,0.080831,-0.7148760000000001,COM,940310
32057027,50,9912,2010,0.0,35788.0,0.8640059999999999,-0.6108180000000001,COM,940310
32057028,50,9912,2011,0.0,125785.0,0.449788,-0.533709,COM,940310
32057029,50,9912,2012,0.0,7931.0,-0.044716000000000006,-0.716491,COM,940310
32057030,50,9912,2013,0.0,53056.0,-0.326422,-0.6956640000000001,COM,940310
32057031,50,9912,2014,0.0,168303.0,-0.19200699999999998,-0.761303,COM,940310
32057032,50,9912,2015,0.0,375196.0,-0.551674,-0.867288,COM,940310
32057033,50,9912,2016,0.0,118408.0,-0.520849,-0.8678040000000001,COM,940310
32057034,50,9912,2017,0.0,399575.0,-0.880647,-0.927383,COM,940310
32057035,50,9912,2018,0.0,269812.0,-0.472937,-0.8866280000000001,COM,940310
32057036,50,9912,2019,0.0,101624.0,0.21475,-0.737725,COM,940310
32057037,50,9912,2020,0.0,67384.0,-0.314278,-0.86393,COM,940310
32057038,51,9912,1995,0.0,481344.0,0.302241,-0.532841,CPV,940310
32057039,51,9912,1996,0.0,260999.0,0.247925,-0.512776,CPV,940310
32057040,51,9912,1997,0.0,257560.0,1.154102,-0.255423,CPV,940310
32057041,51,9912,1998,0.0,382102.0,0.61526,-0.455517,CPV,940310
32057042,51,9912,1999,2859.0,361500.0,0.783048,-0.442508,CPV,940310
32057043,51,9912,2000,0.0,501401.0,0.434429,-0.218505,CPV,940310
32057044,51,9912,2001,0.0,252751.0,0.063802,-0.456617,CPV,940310
32057045,51,9912,2002,0.0,454693.0,-0.29720100000000005,-0.703051,CPV,940310
32057046,51,9912,2003,0.0,688438.0,0.070649,-0.541279,CPV,940310
32057047,51,9912,2004,0.0,658064.0,-0.160185,-0.729291,CPV,940310
32057048,51,9912,2005,0.0,1007769.0,0.12126400000000001,-0.44637899999999997,CPV,940310
32057049,51,9912,2006,836593.0,872517.0,0.369814,-0.414812,CPV,940310
32057050,51,9912,2007,0.0,1334689.0,0.289375,-0.295194,CPV,940310
32057051,51,9912,2008,0.0,1405552.0,0.16722,-0.64183,CPV,940310
32057052,51,9912,2009,1836.0,974194.0,0.32592600000000005,-0.531697,CPV,940310
32057053,51,9912,2010,15195.0,1468661.0,0.140658,-0.527468,CPV,940310
32057054,51,9912,2011,14232.0,942047.0,0.006139,-0.610237,CPV,940310
32057055,51,9912,2012,0.0,733881.0,-0.049047,-0.541215,CPV,940310
32057056,51,9912,2013,1449.0,490823.0,-0.75058,-0.8948219999999999,CPV,940310
32057057,51,9912,2014,5529.0,620985.0,-0.182368,-0.7136359999999999,CPV,940310
32057058,51,9912,2015,1045.0,432109.0,-0.263621,-0.772158,CPV,940310
32057059,51,9912,2016,0.0,369931.0,0.264883,-0.580199,CPV,940310
32057060,51,9912,2017,0.0,482187.0,-0.11722300000000001,-0.677707,CPV,940310
32057061,51,9912,2018,0.0,484834.0,-0.319064,-0.8615659999999999,CPV,940310
32057062,51,9912,2019,0.0,421384.0,-0.094961,-0.751246,CPV,940310
32057063,51,9912,2020,0.0,589671.0,-0.235719,-0.746113,CPV,940310
32057064,52,9912,1995,87182.0,530089.0,-0.30094699999999996,-0.046285,CRI,940310
32057065,52,9912,1996,209069.0,1565298.0,-0.34219499999999997,0.12221900000000001,CRI,940310
32057066,52,9912,1997,283725.0,1847291.0,-0.25974200000000003,0.196955,CRI,940310
32057067,52,9912,1998,177053.0,2138383.0,-0.26046199999999997,-0.059391,CRI,940310
32057068,52,9912,1999,157600.0,1380976.0,-0.310033,-0.299529,CRI,940310
32057069,52,9912,2000,158312.0,2405857.0,-0.095295,-0.189881,CRI,940310
32057070,52,9912,2001,217182.0,2063912.0,0.069458,-0.042793,CRI,940310
32057071,52,9912,2002,339583.0,1869096.0,0.03619,-0.187718,CRI,940310
32057072,52,9912,2003,304711.0,1942754.0,-0.193904,-0.5049680000000001,CRI,940310
32057073,52,9912,2004,362837.0,1973058.0,-0.043266000000000006,-0.376239,CRI,940310
32057074,52,9912,2005,1536495.0,1820233.0,-0.06424099999999999,-0.370622,CRI,940310
32057075,52,9912,2006,192070.0,2488096.0,0.042663,-0.376672,CRI,940310
32057076,52,9912,2007,638771.0,2345968.0,0.001895,-0.30248600000000003,CRI,940310
32057077,52,9912,2008,456280.0,5155385.0,0.023962,-0.346029,CRI,940310
32057078,52,9912,2009,375535.0,2438180.0,-0.142465,-0.669277,CRI,940310
32057079,52,9912,2010,272888.0,3881084.0,-0.122722,-0.7062069999999999,CRI,940310
32057080,52,9912,2011,177999.0,3561887.0,0.04325,-0.553193,CRI,940310
32057081,52,9912,2012,85454.0,4200321.0,0.176669,-0.649094,CRI,940310
32057082,52,9912,2013,67136.0,3861486.0,0.067379,-0.688217,CRI,940310
32057083,52,9912,2014,184816.0,5416673.0,0.065938,-0.687971,CRI,940310
32057084,52,9912,2015,198380.0,5553899.0,0.24859699999999998,-0.033143,CRI,940310
32057085,52,9912,2016,151060.0,6163558.0,0.204591,-0.18279600000000001,CRI,940310
32057086,52,9912,2017,191563.0,9517432.0,0.288642,-0.056219000000000005,CRI,940310
32057087,52,9912,2018,141366.0,7907327.0,0.19386,0.05811,CRI,940310
32057088,52,9912,2019,37542.0,5966494.0,0.38045,0.08960900000000001,CRI,940310
32057089,52,9912,2020,256156.0,5121028.0,0.303849,-0.114494,CRI,940310
32057090,53,9912,1995,,,,,CSK,940310
32057091,53,9912,1996,,,,,CSK,940310
32057092,53,9912,1997,,,,,CSK,940310
32057093,53,9912,1998,,,,,CSK,940310
32057094,53,9912,1999,,,,,CSK,940310
32057095,53,9912,2000,,,,,CSK,940310
32057096,53,9912,2001,,,,,CSK,940310
32057097,53,9912,2002,,,,,CSK,940310
32057098,53,9912,2003,,,,,CSK,940310
32057099,53,9912,2004,,,,,CSK,940310
32057100,53,9912,2005,,,,,CSK,940310
32057101,53,9912,2006,,,,,CSK,940310
32057102,53,9912,2007,,,,,CSK,940310
32057103,53,9912,2008,,,,,CSK,940310
32057104,53,9912,2009,,,,,CSK,940310
32057105,53,9912,2010,,,,,CSK,940310
32057106,53,9912,2011,,,,,CSK,940310
32057107,53,9912,2012,,,,,CSK,940310
32057108,53,9912,2013,,,,,CSK,940310
32057109,53,9912,2014,,,,,CSK,940310
32057110,53,9912,2015,,,,,CSK,940310
32057111,53,9912,2016,,,,,CSK,940310
32057112,53,9912,2017,,,,,CSK,940310
32057113,53,9912,2018,,,,,CSK,940310
32057114,53,9912,2019,,,,,CSK,940310
32057115,53,9912,2020,,,,,CSK,940310
32057116,54,9912,1995,0.0,1443954.0,-0.315644,-0.8812110000000001,CUB,940310
32057117,54,9912,1996,0.0,3285738.0,-0.555246,-1.0420479999999999,CUB,940310
32057118,54,9912,1997,0.0,2384918.0,-0.403192,-1.041751,CUB,940310
32057119,54,9912,1998,5000.0,4247949.0,-0.349393,-0.9927889999999999,CUB,940310
32057120,54,9912,1999,11043.0,2866188.0,-0.152322,-0.8734270000000001,CUB,940310
32057121,54,9912,2000,43622.0,3340821.0,-0.338457,-0.9391370000000001,CUB,940310
32057122,54,9912,2001,12118.0,3511612.0,-0.443391,-0.9599030000000001,CUB,940310
32057123,54,9912,2002,31970.0,2651038.0,-0.479213,-0.951203,CUB,940310
32057124,54,9912,2003,15172.0,1669889.0,-0.391515,-0.8562120000000001,CUB,940310
32057125,54,9912,2004,27438.0,1648363.0,-0.040541,-0.634675,CUB,940310
32057126,54,9912,2005,28905.0,2360961.0,0.00695,-0.611843,CUB,940310
32057127,54,9912,2006,10082.0,4903957.0,0.204039,-0.5183260000000001,CUB,940310
32057128,54,9912,2007,2249.0,3104079.0,-0.308053,-0.8740610000000001,CUB,940310
32057129,54,9912,2008,6028.0,6361816.0,-0.23158299999999998,-0.892943,CUB,940310
32057130,54,9912,2009,560442.0,3074934.0,0.188114,-0.819958,CUB,940310
32057131,54,9912,2010,0.0,2235077.0,-0.085462,-0.885019,CUB,940310
32057132,54,9912,2011,0.0,1484040.0,-0.050093,-0.88759,CUB,940310
32057133,54,9912,2012,4680.0,2088552.0,0.129383,-0.7444609999999999,CUB,940310
32057134,54,9912,2013,0.0,1421564.0,-0.019956,-0.7873319999999999,CUB,940310
32057135,54,9912,2014,0.0,3629806.0,-0.476786,-0.952291,CUB,940310
32057136,54,9912,2015,0.0,2600938.0,-0.694839,-1.093439,CUB,940310
32057137,54,9912,2016,0.0,5449417.0,-0.602309,-1.0781120000000002,CUB,940310
32057138,54,9912,2017,0.0,2595638.0,-0.77404,-1.121084,CUB,940310
32057139,54,9912,2018,3894.0,2796891.0,-0.8835629999999999,-1.15678,CUB,940310
32057140,54,9912,2019,0.0,2066311.0,-0.880892,-1.141591,CUB,940310
32057141,54,9912,2020,1172.0,1477576.0,-1.171456,-1.224365,CUB,940310
32057142,55,9912,1995,,,,,CUW,940310
32057143,55,9912,1996,,,,,CUW,940310
32057144,55,9912,1997,,,,,CUW,940310
32057145,55,9912,1998,,,,,CUW,940310
32057146,55,9912,1999,,,,,CUW,940310
32057147,55,9912,2000,,,,,CUW,940310
32057148,55,9912,2001,,,,,CUW,940310
32057149,55,9912,2002,,,,,CUW,940310
32057150,55,9912,2003,,,,,CUW,940310
32057151,55,9912,2004,,,,,CUW,940310
32057152,55,9912,2005,,,,,CUW,940310
32057153,55,9912,2006,,,,,CUW,940310
32057154,55,9912,2007,,,,,CUW,940310
32057155,55,9912,2008,,,,,CUW,940310
32057156,55,9912,2009,,,,,CUW,940310
32057157,55,9912,2010,,,,,CUW,940310
32057158,55,9912,2011,6854.0,596215.0,-0.052038,-0.69103,CUW,940310
32057159,55,9912,2012,18220.0,707497.0,0.233821,-0.6050260000000001,CUW,940310
32057160,55,9912,2013,3707.0,604232.0,0.029981999999999998,-0.673439,CUW,940310
32057161,55,9912,2014,0.0,767239.0,-0.00902,-0.683643,CUW,940310
32057162,55,9912,2015,0.0,837838.0,0.296267,-0.6313350000000001,CUW,940310
32057163,55,9912,2016,5251.0,390885.0,0.232855,-0.7864260000000001,CUW,940310
32057164,55,9912,2017,1207.0,357427.0,0.161139,-0.591701,CUW,940310
32057165,55,9912,2018,2772.0,789831.0,0.8093,-0.325347,CUW,940310
32057166,55,9912,2019,0.0,565799.0,0.808621,-0.225196,CUW,940310
32057167,55,9912,2020,0.0,656964.0,0.543866,0.190664,CUW,940310
32057168,56,9912,1995,0.0,17781.0,0.732028,-0.6130260000000001,CXR,940310
32057169,56,9912,1996,0.0,8287.0,0.8724709999999999,-0.499449,CXR,940310
32057170,56,9912,1997,0.0,7931.0,0.5604020000000001,-0.6793130000000001,CXR,940310
32057171,56,9912,1998,,,0.6067859999999999,-0.706703,CXR,940310
32057172,56,9912,1999,0.0,11918.0,0.601561,-0.755731,CXR,940310
32057173,56,9912,2000,0.0,8284.0,0.666367,-0.7077979999999999,CXR,940310
32057174,56,9912,2001,0.0,20254.0,1.0924479999999999,-0.7587689999999999,CXR,940310
32057175,56,9912,2002,0.0,8393.0,0.46379,-0.7096319999999999,CXR,940310
32057176,56,9912,2003,0.0,3608.0,1.019324,-0.439778,CXR,940310
32057177,56,9912,2004,0.0,12872.0,0.590055,-0.721742,CXR,940310
32057178,56,9912,2005,0.0,14523.0,1.737368,-0.445572,CXR,940310
32057179,56,9912,2006,0.0,17844.0,0.8348770000000001,-0.52778,CXR,940310
32057180,56,9912,2007,0.0,170531.0,1.550877,-0.177793,CXR,940310
32057181,56,9912,2008,0.0,97082.0,1.184962,-0.607034,CXR,940310
32057182,56,9912,2009,0.0,24891.0,0.883293,-0.597838,CXR,940310
32057183,56,9912,2010,0.0,26814.0,1.1423379999999999,-0.560075,CXR,940310
32057184,56,9912,2011,0.0,16993.0,1.020805,-0.485573,CXR,940310
32057185,56,9912,2012,0.0,8132.0,0.850045,-0.52785,CXR,940310
32057186,56,9912,2013,0.0,36127.0,0.972676,-0.5206729999999999,CXR,940310
32057187,56,9912,2014,0.0,20480.0,0.738877,-0.520547,CXR,940310
32057188,56,9912,2015,,,0.33029400000000003,-0.725431,CXR,940310
32057189,56,9912,2016,0.0,31478.0,0.810517,-0.598503,CXR,940310
32057190,56,9912,2017,0.0,14170.0,0.46829799999999994,-0.442316,CXR,940310
32057191,56,9912,2018,0.0,7385.0,0.449025,-0.7264149999999999,CXR,940310
32057192,56,9912,2019,0.0,11046.0,1.097952,-0.513787,CXR,940310
32057193,56,9912,2020,0.0,2022.0,1.410875,-0.415195,CXR,940310
32057194,57,9912,1995,2643.0,370154.0,1.277032,0.064205,CYM,940310
32057195,57,9912,1996,6846.0,594616.0,0.532622,-0.428501,CYM,940310
32057196,57,9912,1997,0.0,553683.0,0.504191,-0.512525,CYM,940310
32057197,57,9912,1998,0.0,406110.0,0.924544,-0.39263899999999996,CYM,940310
32057198,57,9912,1999,4758.0,488246.0,0.909416,-0.6302800000000001,CYM,940310
32057199,57,9912,2000,0.0,151820.0,0.763021,-0.7265199999999999,CYM,940310
32057200,57,9912,2001,0.0,1596221.0,0.611577,-0.6532939999999999,CYM,940310
32057201,57,9912,2002,0.0,1351995.0,0.7098220000000001,-0.633359,CYM,940310
32057202,57,9912,2003,0.0,1067266.0,0.308768,-0.690944,CYM,940310
32057203,57,9912,2004,0.0,1102716.0,0.349925,-0.794084,CYM,940310
32057204,57,9912,2005,0.0,1827704.0,0.363006,-0.734404,CYM,940310
32057205,57,9912,2006,0.0,1181932.0,0.7708189999999999,-0.648112,CYM,940310
32057206,57,9912,2007,1979.0,1060184.0,0.532926,-0.54101,CYM,940310
32057207,57,9912,2008,42337.0,653242.0,0.862348,-0.708601,CYM,940310
32057208,57,9912,2009,0.0,1311779.0,0.805117,-0.684305,CYM,940310
32057209,57,9912,2010,0.0,1151909.0,1.2142959999999998,-0.6487430000000001,CYM,940310
32057210,57,9912,2011,0.0,359423.0,0.665662,-0.678581,CYM,940310
32057211,57,9912,2012,0.0,777855.0,1.172677,-0.616959,CYM,940310
32057212,57,9912,2013,0.0,136827.0,0.391996,-0.73249,CYM,940310
32057213,57,9912,2014,0.0,469670.0,1.199562,-0.66969,CYM,940310
32057214,57,9912,2015,0.0,399989.0,0.275472,-0.831835,CYM,940310
32057215,57,9912,2016,1168.0,281372.0,1.045587,-0.779983,CYM,940310
32057216,57,9912,2017,0.0,772091.0,1.105397,-0.794764,CYM,940310
32057217,57,9912,2018,0.0,748350.0,-0.194933,-0.930874,CYM,940310
32057218,57,9912,2019,0.0,681728.0,0.27157800000000004,-0.901875,CYM,940310
32057219,57,9912,2020,10881.0,962199.0,-0.007386,-0.878251,CYM,940310
32057220,58,9912,1995,161567.0,817670.0,0.263764,0.030358999999999997,CYP,940310
32057221,58,9912,1996,170956.0,1463664.0,0.20007,0.020590999999999998,CYP,940310
32057222,58,9912,1997,65156.0,1370584.0,0.451212,0.452754,CYP,940310
32057223,58,9912,1998,140081.0,1915324.0,0.45990600000000004,0.41840299999999997,CYP,940310
32057224,58,9912,1999,120908.0,1832174.0,0.508464,0.324706,CYP,940310
32057225,58,9912,2000,203746.0,1897270.0,0.235843,0.16877,CYP,940310
32057226,58,9912,2001,183495.0,2448433.0,0.381251,0.257802,CYP,940310
32057227,58,9912,2002,78976.0,2033872.0,0.381391,0.40265,CYP,940310
32057228,58,9912,2003,157277.0,3001470.0,0.259992,0.068914,CYP,940310
32057229,58,9912,2004,272334.0,3188249.0,0.533521,0.615939,CYP,940310
32057230,58,9912,2005,327617.0,2448505.0,0.573122,0.474224,CYP,940310
32057231,58,9912,2006,1862852.0,3739033.0,0.708267,-0.048096,CYP,940310
32057232,58,9912,2007,3054883.0,4818312.0,0.887351,0.426331,CYP,940310
32057233,58,9912,2008,1091396.0,3860452.0,1.003211,0.712629,CYP,940310
32057234,58,9912,2009,1164804.0,3964127.0,0.934193,0.657555,CYP,940310
32057235,58,9912,2010,660366.0,3826951.0,0.8776450000000001,0.568389,CYP,940310
32057236,58,9912,2011,206144.0,2315793.0,0.798165,0.424179,CYP,940310
32057237,58,9912,2012,180714.0,2082755.0,0.691646,0.11984600000000001,CYP,940310
32057238,58,9912,2013,224572.0,1806449.0,0.502238,0.349608,CYP,940310
32057239,58,9912,2014,675009.0,748635.0,0.627467,0.483725,CYP,940310
32057240,58,9912,2015,637249.0,789684.0,0.511225,-0.207261,CYP,940310
32057241,58,9912,2016,381478.0,1419231.0,0.40822800000000004,0.07535,CYP,940310
32057242,58,9912,2017,463811.0,2009791.0,0.576982,0.279989,CYP,940310
32057243,58,9912,2018,519162.0,1868396.0,0.45442,-0.113303,CYP,940310
32057244,58,9912,2019,592073.0,2277284.0,0.657782,0.209481,CYP,940310
32057245,58,9912,2020,198024.0,1986484.0,0.5354760000000001,-0.069753,CYP,940310
32057246,59,9912,1995,6668351.0,10457484.0,1.375091,1.628069,CZE,940310
32057247,59,9912,1996,4714075.0,9008153.0,1.401181,1.3094709999999998,CZE,940310
32057248,59,9912,1997,4487049.0,6714421.0,1.40651,1.354695,CZE,940310
32057249,59,9912,1998,4960539.0,7217544.0,1.36345,1.408508,CZE,940310
32057250,59,9912,1999,5747240.0,6107566.0,1.412439,1.329385,CZE,940310
32057251,59,9912,2000,6831549.0,6172571.0,1.393001,1.23271,CZE,940310
32057252,59,9912,2001,9197429.0,6439397.0,1.485703,1.109305,CZE,940310
32057253,59,9912,2002,8736522.0,7474422.0,1.550713,1.037066,CZE,940310
32057254,59,9912,2003,10144608.0,8975347.0,1.555749,0.8662059999999999,CZE,940310
32057255,59,9912,2004,17571264.0,14668385.0,1.562625,0.865244,CZE,940310
32057256,59,9912,2005,18796982.0,16499461.0,1.56768,0.6784319999999999,CZE,940310
32057257,59,9912,2006,28207819.0,22019881.0,1.564058,0.6023649999999999,CZE,940310
32057258,59,9912,2007,31105720.0,24566801.0,1.620377,0.379404,CZE,940310
32057259,59,9912,2008,28926608.0,28704774.0,1.592035,0.27983600000000003,CZE,940310
32057260,59,9912,2009,17658170.0,14308974.0,1.6323159999999999,0.47257200000000005,CZE,940310
32057261,59,9912,2010,17616214.0,17779673.0,1.732044,0.333934,CZE,940310
32057262,59,9912,2011,23857444.0,14543882.0,1.737788,0.14741600000000002,CZE,940310
32057263,59,9912,2012,22656060.0,17811578.0,1.747369,-0.0932,CZE,940310
32057264,59,9912,2013,22838892.0,12415947.0,1.819653,-0.12423800000000002,CZE,940310
32057265,59,9912,2014,29145506.0,14745783.0,1.8105830000000003,0.131131,CZE,940310
32057266,59,9912,2015,33065015.0,14238571.0,1.743012,0.45424,CZE,940310
32057267,59,9912,2016,30580036.0,15863522.0,1.823627,0.552354,CZE,940310
32057268,59,9912,2017,30880562.0,17842846.0,1.7715130000000001,0.359668,CZE,940310
32057269,59,9912,2018,36092434.0,20809489.0,1.841016,0.220806,CZE,940310
32057270,59,9912,2019,30591505.0,18098816.0,1.797611,0.406708,CZE,940310
32057271,59,9912,2020,32283015.0,17567260.0,1.716646,0.602441,CZE,940310
32057272,60,9912,1995,,,,,DDR,940310
32057273,60,9912,1996,,,,,DDR,940310
32057274,60,9912,1997,,,,,DDR,940310
32057275,60,9912,1998,,,,,DDR,940310
32057276,60,9912,1999,,,,,DDR,940310
32057277,60,9912,2000,,,,,DDR,940310
32057278,60,9912,2001,,,,,DDR,940310
32057279,60,9912,2002,,,,,DDR,940310
32057280,60,9912,2003,,,,,DDR,940310
32057281,60,9912,2004,,,,,DDR,940310
32057282,60,9912,2005,,,,,DDR,940310
32057283,60,9912,2006,,,,,DDR,940310
32057284,60,9912,2007,,,,,DDR,940310
32057285,60,9912,2008,,,,,DDR,940310
32057286,60,9912,2009,,,,,DDR,940310
32057287,60,9912,2010,,,,,DDR,940310
32057288,60,9912,2011,,,,,DDR,940310
32057289,60,9912,2012,,,,,DDR,940310
32057290,60,9912,2013,,,,,DDR,940310
32057291,60,9912,2014,,,,,DDR,940310
32057292,60,9912,2015,,,,,DDR,940310
32057293,60,9912,2016,,,,,DDR,940310
32057294,60,9912,2017,,,,,DDR,940310
32057295,60,9912,2018,,,,,DDR,940310
32057296,60,9912,2019,,,,,DDR,940310
32057297,60,9912,2020,,,,,DDR,940310
32057298,61,9912,1995,140614330.0,115632239.0,2.325385,-2.2238189999999998,DEU,940310
32057299,61,9912,1996,151976704.0,124613942.0,2.279976,-2.572299,DEU,940310
32057300,61,9912,1997,143903938.0,125181178.0,2.293936,-2.2301919999999997,DEU,940310
32057301,61,9912,1998,147718406.0,129562395.0,2.334028,-2.417278,DEU,940310
32057302,61,9912,1999,137570870.0,121888528.0,2.334811,-2.060502,DEU,940310
32057303,61,9912,2000,133814676.0,111084411.0,2.316177,-2.4478419999999996,DEU,940310
32057304,61,9912,2001,137796954.0,108005719.0,2.321375,-2.1110990000000003,DEU,940310
32057305,61,9912,2002,135079889.0,81414719.0,2.297691,-2.183239,DEU,940310
32057306,61,9912,2003,142493157.0,95613956.0,2.2821919999999998,-2.0985150000000004,DEU,940310
32057307,61,9912,2004,165893058.0,106229417.0,2.266076,-2.011139,DEU,940310
32057308,61,9912,2005,176685872.0,116420860.0,2.172479,-2.446472,DEU,940310
32057309,61,9912,2006,194774646.0,125262204.0,2.132566,-2.773669,DEU,940310
32057310,61,9912,2007,235269352.0,149439196.0,2.114566,-2.934732,DEU,940310
32057311,61,9912,2008,279381870.0,182441045.0,2.007167,-3.256961,DEU,940310
32057312,61,9912,2009,249774656.0,145263620.0,2.056515,-3.034837,DEU,940310
32057313,61,9912,2010,233887377.0,135838286.0,2.035672,-3.383322,DEU,940310
32057314,61,9912,2011,198734693.0,164017240.0,2.074435,-3.440815,DEU,940310
32057315,61,9912,2012,177634977.0,161141681.0,1.966247,-3.3238410000000003,DEU,940310
32057316,61,9912,2013,188504732.0,172008696.0,2.093658,-3.4281980000000005,DEU,940310
32057317,61,9912,2014,192982410.0,175559708.0,2.052849,-2.888805,DEU,940310
32057318,61,9912,2015,175060917.0,154955609.0,2.203818,-2.307561,DEU,940310
32057319,61,9912,2016,187519234.0,155142625.0,2.203093,-2.24919,DEU,940310
32057320,61,9912,2017,191955980.0,155739814.0,2.1149459999999998,-2.525372,DEU,940310
32057321,61,9912,2018,218370190.0,176139717.0,2.109059,-2.428826,DEU,940310
32057322,61,9912,2019,207511308.0,173046054.0,2.078626,-2.124816,DEU,940310
32057323,61,9912,2020,202773397.0,185553832.0,2.027494,-2.3646689999999997,DEU,940310
32057324,62,9912,1995,19543.0,141823.0,0.7627109999999999,0.696162,DJI,940310
32057325,62,9912,1996,0.0,98057.0,-0.20838099999999998,-0.668964,DJI,940310
32057326,62,9912,1997,8446.0,152085.0,0.398301,-0.170681,DJI,940310
32057327,62,9912,1998,0.0,161288.0,0.521307,-0.071371,DJI,940310
32057328,62,9912,1999,0.0,494045.0,0.07838200000000001,-0.351435,DJI,940310
32057329,62,9912,2000,0.0,89716.0,0.057164,-0.428066,DJI,940310
32057330,62,9912,2001,0.0,204129.0,0.143467,0.14288599999999999,DJI,940310
32057331,62,9912,2002,0.0,152404.0,0.416677,-0.052552,DJI,940310
32057332,62,9912,2003,0.0,220760.0,-0.41648500000000005,-0.5408350000000001,DJI,940310
32057333,62,9912,2004,0.0,262427.0,-0.12463699999999998,-0.304559,DJI,940310
32057334,62,9912,2005,3849.0,196513.0,0.220415,0.045086,DJI,940310
32057335,62,9912,2006,0.0,119929.0,-0.251707,-0.436792,DJI,940310
32057336,62,9912,2007,0.0,544778.0,-1.111848,-0.983348,DJI,940310
32057337,62,9912,2008,0.0,459557.0,-1.082951,-0.958676,DJI,940310
32057338,62,9912,2009,0.0,239595.0,0.062037,-0.596527,DJI,940310
32057339,62,9912,2010,0.0,361416.0,-0.37501799999999996,-0.727603,DJI,940310
32057340,62,9912,2011,0.0,228045.0,-0.6224529999999999,-0.7357739999999999,DJI,940310
32057341,62,9912,2012,0.0,1202717.0,-0.31072,-0.7274470000000001,DJI,940310
32057342,62,9912,2013,0.0,1947282.0,-0.412843,-0.695916,DJI,940310
32057343,62,9912,2014,0.0,2280131.0,-0.394602,-0.74178,DJI,940310
32057344,62,9912,2015,0.0,1372350.0,-0.538942,-0.832522,DJI,940310
32057345,62,9912,2016,1289.0,5029720.0,-0.032607,-0.549622,DJI,940310
32057346,62,9912,2017,10091.0,6505874.0,-0.4897,-0.7249180000000001,DJI,940310
32057347,62,9912,2018,2171.0,3679187.0,-0.11008599999999999,-0.603731,DJI,940310
32057348,62,9912,2019,0.0,3528567.0,-0.602334,-0.794205,DJI,940310
32057349,62,9912,2020,0.0,2824043.0,-0.493576,-0.808321,DJI,940310
32057350,63,9912,1995,0.0,95042.0,0.803902,0.307064,DMA,940310
32057351,63,9912,1996,0.0,57582.0,0.44934399999999997,-0.023771,DMA,940310
32057352,63,9912,1997,0.0,44045.0,0.795112,0.438787,DMA,940310
32057353,63,9912,1998,1112.0,83664.0,0.822664,0.166578,DMA,940310
32057354,63,9912,1999,233508.0,130998.0,0.808025,0.321415,DMA,940310
32057355,63,9912,2000,945.0,95584.0,0.780976,0.31806799999999996,DMA,940310
32057356,63,9912,2001,43961.0,130322.0,0.613251,0.226998,DMA,940310
32057357,63,9912,2002,0.0,158355.0,0.196298,-0.129221,DMA,940310
32057358,63,9912,2003,18729.0,56095.0,0.11903299999999999,-0.21768200000000001,DMA,940310
32057359,63,9912,2004,115241.0,79911.0,0.322803,-0.000479,DMA,940310
32057360,63,9912,2005,222513.0,118439.0,0.146509,-0.072638,DMA,940310
32057361,63,9912,2006,15673.0,154385.0,0.10759400000000001,-0.159215,DMA,940310
32057362,63,9912,2007,0.0,75928.0,0.522624,0.077377,DMA,940310
32057363,63,9912,2008,0.0,253769.0,0.424179,0.04355,DMA,940310
32057364,63,9912,2009,0.0,247916.0,0.348966,-0.09711399999999999,DMA,940310
32057365,63,9912,2010,0.0,252488.0,0.35578699999999996,0.13029200000000002,DMA,940310
32057366,63,9912,2011,0.0,134806.0,-0.25559699999999996,-0.5345300000000001,DMA,940310
32057367,63,9912,2012,0.0,130580.0,0.372616,0.163026,DMA,940310
32057368,63,9912,2013,0.0,110216.0,0.054362,-0.156703,DMA,940310
32057369,63,9912,2014,0.0,162900.0,0.294596,-0.310069,DMA,940310
32057370,63,9912,2015,13192.0,115547.0,0.0735,-0.44923599999999997,DMA,940310
32057371,63,9912,2016,0.0,41047.0,0.162751,-0.307303,DMA,940310
32057372,63,9912,2017,0.0,120726.0,0.283171,-0.22632800000000003,DMA,940310
32057373,63,9912,2018,0.0,52005.0,0.381788,0.039853,DMA,940310
32057374,63,9912,2019,0.0,93164.0,0.131177,-0.313508,DMA,940310
32057375,63,9912,2020,0.0,25993.0,0.583288,0.012664,DMA,940310
32057376,64,9912,1995,19654367.0,9120414.0,1.3800270000000001,1.489036,DNK,940310
32057377,64,9912,1996,18875308.0,9912381.0,1.443514,1.275684,DNK,940310
32057378,64,9912,1997,22014347.0,9217621.0,1.358279,1.420107,DNK,940310
32057379,64,9912,1998,23191005.0,10663772.0,1.225999,1.470145,DNK,940310
32057380,64,9912,1999,24502169.0,11089052.0,1.264405,1.469627,DNK,940310
32057381,64,9912,2000,23321226.0,11327974.0,1.230078,1.429499,DNK,940310
32057382,64,9912,2001,22107183.0,12817229.0,1.261883,1.351875,DNK,940310
32057383,64,9912,2002,23165263.0,11656840.0,1.26594,1.225186,DNK,940310
32057384,64,9912,2003,26345412.0,12512275.0,1.309564,1.245596,DNK,940310
32057385,64,9912,2004,32210337.0,16231197.0,1.328968,1.262743,DNK,940310
32057386,64,9912,2005,24919938.0,16434192.0,1.210286,1.217256,DNK,940310
32057387,64,9912,2006,36227132.0,22768960.0,1.2308700000000001,1.180914,DNK,940310
32057388,64,9912,2007,37714395.0,27077785.0,1.204019,1.122666,DNK,940310
32057389,64,9912,2008,42051674.0,34603505.0,1.165294,1.1112440000000001,DNK,940310
32057390,64,9912,2009,25656681.0,19670633.0,1.242327,1.064709,DNK,940310
32057391,64,9912,2010,33085025.0,23535811.0,1.082468,1.280759,DNK,940310
32057392,64,9912,2011,27179035.0,18187744.0,1.156026,1.2248299999999999,DNK,940310
32057393,64,9912,2012,21509417.0,22760381.0,1.105061,1.245377,DNK,940310
32057394,64,9912,2013,23687211.0,20724613.0,1.161835,1.1788450000000001,DNK,940310
32057395,64,9912,2014,27022863.0,22750619.0,1.10869,1.245193,DNK,940310
32057396,64,9912,2015,24526406.0,21255173.0,1.157924,1.2045629999999998,DNK,940310
32057397,64,9912,2016,25113313.0,21045568.0,1.117864,1.302658,DNK,940310
32057398,64,9912,2017,30881026.0,22603017.0,1.159753,1.233914,DNK,940310
32057399,64,9912,2018,38205612.0,25538211.0,1.0945040000000001,1.3311540000000002,DNK,940310
32057400,64,9912,2019,38080047.0,24598758.0,1.0768280000000001,1.2615610000000002,DNK,940310
32057401,64,9912,2020,33773607.0,24195085.0,1.093217,1.2166549999999998,DNK,940310
32057402,65,9912,1995,0.0,627156.0,-0.635482,-0.746526,DOM,940310
32057403,65,9912,1996,0.0,974837.0,-0.596093,-0.5602060000000001,DOM,940310
32057404,65,9912,1997,0.0,1547492.0,-0.6062850000000001,-0.648523,DOM,940310
32057405,65,9912,1998,0.0,3016789.0,-0.772271,-0.765258,DOM,940310
32057406,65,9912,1999,17662.0,8657168.0,-0.60436,-0.674701,DOM,940310
32057407,65,9912,2000,13681.0,5116715.0,-0.544322,-0.651937,DOM,940310
32057408,65,9912,2001,6068.0,3305744.0,-0.538419,-0.48773900000000003,DOM,940310
32057409,65,9912,2002,0.0,2778977.0,-0.46284899999999995,-0.39210100000000003,DOM,940310
32057410,65,9912,2003,45858.0,2623803.0,-0.46264399999999994,-0.245034,DOM,940310
32057411,65,9912,2004,34942.0,2540398.0,-0.510025,-0.328257,DOM,940310
32057412,65,9912,2005,4178.0,3035662.0,-0.370894,-0.140178,DOM,940310
32057413,65,9912,2006,31001.0,2228260.0,-0.24073699999999998,0.049093,DOM,940310
32057414,65,9912,2007,21634.0,2967072.0,-0.228756,0.004222,DOM,940310
32057415,65,9912,2008,45930.0,4820679.0,-0.167958,0.241283,DOM,940310
32057416,65,9912,2009,1463.0,3686074.0,-0.317894,0.198926,DOM,940310
32057417,65,9912,2010,60051.0,4098561.0,-0.245241,0.368626,DOM,940310
32057418,65,9912,2011,138027.0,5164325.0,-0.260653,0.5682010000000001,DOM,940310
32057419,65,9912,2012,53064.0,5273990.0,-0.193432,0.590896,DOM,940310
32057420,65,9912,2013,110208.0,5447552.0,-0.277269,0.432388,DOM,940310
32057421,65,9912,2014,203500.0,5467597.0,-0.180845,0.508512,DOM,940310
32057422,65,9912,2015,17397.0,6654191.0,-0.212808,0.395873,DOM,940310
32057423,65,9912,2016,66255.0,5580693.0,-0.237382,0.295389,DOM,940310
32057424,65,9912,2017,58264.0,5040293.0,-0.168016,0.30840100000000004,DOM,940310
32057425,65,9912,2018,306755.0,5692900.0,-0.084258,0.474872,DOM,940310
32057426,65,9912,2019,35795.0,6635839.0,-0.20594,0.309785,DOM,940310
32057427,65,9912,2020,25604.0,3462358.0,0.06500299999999999,0.2812,DOM,940310
32057428,66,9912,1995,13718.0,295984.0,-0.555409,-1.037972,DZA,940310
32057429,66,9912,1996,0.0,878463.0,-0.33419699999999997,-1.035736,DZA,940310
32057430,66,9912,1997,0.0,995573.0,-0.717599,-1.126311,DZA,940310
32057431,66,9912,1998,7142.0,1399308.0,-0.726061,-1.161031,DZA,940310
32057432,66,9912,1999,0.0,2590331.0,-0.701764,-1.175132,DZA,940310
32057433,66,9912,2000,3966.0,829708.0,-0.9169209999999999,-1.170192,DZA,940310
32057434,66,9912,2001,0.0,2495728.0,-0.663363,-1.158295,DZA,940310
32057435,66,9912,2002,2800.0,2952374.0,-0.912033,-1.1731850000000001,DZA,940310
32057436,66,9912,2003,0.0,3936894.0,-1.060727,-1.142594,DZA,940310
32057437,66,9912,2004,14334.0,1412470.0,-0.725066,-1.163606,DZA,940310
32057438,66,9912,2005,2368.0,3708754.0,-0.363675,-1.117724,DZA,940310
32057439,66,9912,2006,0.0,5872387.0,-0.489962,-1.12456,DZA,940310
32057440,66,9912,2007,0.0,4316602.0,-0.9822690000000001,-1.170282,DZA,940310
32057441,66,9912,2008,5379.0,4814547.0,-0.556434,-1.079109,DZA,940310
32057442,66,9912,2009,938.0,3976496.0,-1.161786,-1.188669,DZA,940310
32057443,66,9912,2010,0.0,6519353.0,-1.00922,-1.1511040000000001,DZA,940310
32057444,66,9912,2011,4874.0,7217823.0,-1.36763,-1.140594,DZA,940310
32057445,66,9912,2012,1779.0,5938040.0,-1.349046,-1.1601860000000002,DZA,940310
32057446,66,9912,2013,0.0,5766350.0,-1.373947,-1.1523459999999999,DZA,940310
32057447,66,9912,2014,0.0,11004623.0,-1.5554649999999999,-1.1657030000000002,DZA,940310
32057448,66,9912,2015,12582.0,9196803.0,-1.54346,-1.255633,DZA,940310
32057449,66,9912,2016,0.0,8270794.0,-1.0202930000000001,-1.236642,DZA,940310
32057450,66,9912,2017,0.0,5149819.0,-0.9905579999999999,-1.1996200000000001,DZA,940310
32057451,66,9912,2018,0.0,5251054.0,-1.281519,-1.22291,DZA,940310
32057452,66,9912,2019,32964.0,5315682.0,-1.008866,-1.215228,DZA,940310
32057453,66,9912,2020,0.0,3008240.0,-1.015133,-1.243726,DZA,940310
32057454,67,9912,1995,68840.0,639038.0,-0.948154,-0.9595790000000001,ECU,940310
32057455,67,9912,1996,90774.0,393885.0,-1.1391200000000001,-0.992735,ECU,940310
32057456,67,9912,1997,334354.0,567228.0,-1.1931690000000001,-1.0139690000000001,ECU,940310
32057457,67,9912,1998,604269.0,782984.0,-0.990915,-0.9670860000000001,ECU,940310
32057458,67,9912,1999,372354.0,419814.0,-0.8875299999999999,-0.9117879999999999,ECU,940310
32057459,67,9912,2000,351219.0,289571.0,-0.883928,-0.884951,ECU,940310
32057460,67,9912,2001,681366.0,265879.0,-0.852642,-0.896374,ECU,940310
32057461,67,9912,2002,644815.0,428810.0,-0.976218,-0.926393,ECU,940310
32057462,67,9912,2003,243253.0,455338.0,-0.8689370000000001,-0.889767,ECU,940310
32057463,67,9912,2004,283216.0,296037.0,-1.149101,-1.013619,ECU,940310
32057464,67,9912,2005,196620.0,463813.0,-1.029033,-1.014289,ECU,940310
32057465,67,9912,2006,395005.0,763950.0,-0.878583,-0.9462010000000001,ECU,940310
32057466,67,9912,2007,484070.0,722854.0,-0.820491,-0.8557879999999999,ECU,940310
32057467,67,9912,2008,574389.0,803152.0,-0.859434,-0.972389,ECU,940310
32057468,67,9912,2009,134667.0,562249.0,-0.92724,-0.965628,ECU,940310
32057469,67,9912,2010,912028.0,991006.0,-0.584013,-0.743675,ECU,940310
32057470,67,9912,2011,207553.0,786257.0,-0.8250639999999999,-0.839082,ECU,940310
32057471,67,9912,2012,172182.0,1335712.0,-0.627614,-0.764234,ECU,940310
32057472,67,9912,2013,170052.0,1255949.0,-0.86546,-0.8888389999999999,ECU,940310
32057473,67,9912,2014,456787.0,1285221.0,-1.066865,-1.052921,ECU,940310
32057474,67,9912,2015,92339.0,447520.0,-0.9845959999999999,-1.075639,ECU,940310
32057475,67,9912,2016,58274.0,536207.0,-1.0860049999999999,-1.049065,ECU,940310
32057476,67,9912,2017,122851.0,964745.0,-0.9995850000000001,-1.086367,ECU,940310
32057477,67,9912,2018,76943.0,323538.0,-0.873973,-1.032841,ECU,940310
32057478,67,9912,2019,44969.0,875449.0,-1.12261,-1.094275,ECU,940310
32057479,67,9912,2020,23313.0,948320.0,-1.074185,-1.084344,ECU,940310
32057480,68,9912,1995,114661.0,1304576.0,-0.340042,-0.085601,EGY,940310
32057481,68,9912,1996,82637.0,2024354.0,-0.5446409999999999,-0.229586,EGY,940310
32057482,68,9912,1997,78785.0,1891711.0,-0.314425,0.156345,EGY,940310
32057483,68,9912,1998,117297.0,3137083.0,-0.462755,0.079802,EGY,940310
32057484,68,9912,1999,111090.0,2940126.0,-0.311879,0.300746,EGY,940310
32057485,68,9912,2000,58962.0,3067569.0,-0.41125900000000004,0.099833,EGY,940310
32057486,68,9912,2001,151640.0,1760520.0,-0.373576,0.366385,EGY,940310
32057487,68,9912,2002,185417.0,2254052.0,-0.377127,0.549439,EGY,940310
32057488,68,9912,2003,202552.0,1516848.0,-0.292923,0.465433,EGY,940310
32057489,68,9912,2004,135894.0,1511482.0,-0.300563,0.41834899999999997,EGY,940310
32057490,68,9912,2005,812653.0,1199887.0,-0.247748,0.492885,EGY,940310
32057491,68,9912,2006,771169.0,1742526.0,-0.182272,0.40222399999999997,EGY,940310
32057492,68,9912,2007,2691713.0,2250107.0,-0.144054,0.663592,EGY,940310
32057493,68,9912,2008,833037.0,4267907.0,-0.098316,1.134642,EGY,940310
32057494,68,9912,2009,1046052.0,3832300.0,-0.20940300000000003,1.6466290000000001,EGY,940310
32057495,68,9912,2010,804943.0,6944491.0,-0.181826,1.409465,EGY,940310
32057496,68,9912,2011,728164.0,3199238.0,-0.166243,1.384719,EGY,940310
32057497,68,9912,2012,2287327.0,3799663.0,-0.143732,1.316722,EGY,940310
32057498,68,9912,2013,1623038.0,3811057.0,-0.17418,1.692641,EGY,940310
32057499,68,9912,2014,934869.0,3598457.0,-0.086866,1.7419669999999998,EGY,940310
32057500,68,9912,2015,1347274.0,4859722.0,-0.183053,1.765036,EGY,940310
32057501,68,9912,2016,2669495.0,3077864.0,-0.142377,1.674348,EGY,940310
32057502,68,9912,2017,3104784.0,3529965.0,-0.073436,1.829121,EGY,940310
32057503,68,9912,2018,1800822.0,3319654.0,-0.096635,1.585658,EGY,940310
32057504,68,9912,2019,1047894.0,2987966.0,-0.152353,1.5426309999999999,EGY,940310
32057505,68,9912,2020,958698.0,4092073.0,-0.186095,1.6414330000000001,EGY,940310
32057506,69,9912,1995,27307.0,44549.0,0.567988,-0.30390500000000004,ERI,940310
32057507,69,9912,1996,0.0,67905.0,-0.31049499999999997,-0.656459,ERI,940310
32057508,69,9912,1997,0.0,113351.0,-0.914603,-0.9081629999999999,ERI,940310
32057509,69,9912,1998,0.0,230086.0,0.05984400000000001,-0.508051,ERI,940310
32057510,69,9912,1999,0.0,213426.0,0.160222,-0.528174,ERI,940310
32057511,69,9912,2000,0.0,80723.0,-0.135268,-0.6384569999999999,ERI,940310
32057512,69,9912,2001,0.0,58845.0,0.617376,-0.33233,ERI,940310
32057513,69,9912,2002,0.0,62582.0,0.831973,-0.050712,ERI,940310
32057514,69,9912,2003,0.0,119804.0,-0.105591,-0.247614,ERI,940310
32057515,69,9912,2004,0.0,26126.0,0.48701400000000006,-0.094026,ERI,940310
32057516,69,9912,2005,0.0,63091.0,-0.240044,-0.46946000000000004,ERI,940310
32057517,69,9912,2006,0.0,116118.0,0.216725,-0.337624,ERI,940310
32057518,69,9912,2007,51272.0,17780.0,-0.905408,-0.908877,ERI,940310
32057519,69,9912,2008,1641.0,10636.0,0.129938,-0.429551,ERI,940310
32057520,69,9912,2009,0.0,1059731.0,0.081675,-0.37700100000000003,ERI,940310
32057521,69,9912,2010,0.0,170504.0,-0.288006,-0.614999,ERI,940310
32057522,69,9912,2011,0.0,17120.0,0.073024,-0.8032229999999999,ERI,940310
32057523,69,9912,2012,0.0,67475.0,-0.349941,-0.9931450000000001,ERI,940310
32057524,69,9912,2013,0.0,74569.0,-1.227273,-0.9367340000000001,ERI,940310
32057525,69,9912,2014,0.0,14158.0,-2.345215,-1.051413,ERI,940310
32057526,69,9912,2015,0.0,125921.0,-1.7745669999999998,-1.013696,ERI,940310
32057527,69,9912,2016,0.0,8513.0,-1.479782,-1.060063,ERI,940310
32057528,69,9912,2017,0.0,24330.0,-1.4706139999999999,-1.024845,ERI,940310
32057529,69,9912,2018,0.0,193566.0,-1.601517,-1.062162,ERI,940310
32057530,69,9912,2019,0.0,9265.0,-1.7266080000000001,-1.0303360000000001,ERI,940310
32057531,69,9912,2020,0.0,101478.0,-1.1688129999999999,-0.9633879999999999,ERI,940310
32057532,70,9912,1995,,,0.954333,-0.674121,ESH,940310
32057533,70,9912,1996,,,-1.342924,-0.696376,ESH,940310
32057534,70,9912,1997,,,1.0709799999999998,-0.671918,ESH,940310
32057535,70,9912,1998,,,-0.07774,-0.78017,ESH,940310
32057536,70,9912,1999,,,0.353541,-0.794955,ESH,940310
32057537,70,9912,2000,,,0.926739,-0.533051,ESH,940310
32057538,70,9912,2001,,,-0.49938699999999997,-0.8695809999999999,ESH,940310
32057539,70,9912,2002,,,0.911192,-0.830407,ESH,940310
32057540,70,9912,2003,,,1.2379639999999998,-0.469434,ESH,940310
32057541,70,9912,2004,,,0.771845,-0.777994,ESH,940310
32057542,70,9912,2005,,,1.559212,-0.563942,ESH,940310
32057543,70,9912,2006,,,1.380741,-0.657053,ESH,940310
32057544,70,9912,2007,,,1.540701,-0.416705,ESH,940310
32057545,70,9912,2008,,,0.7177640000000001,-0.689189,ESH,940310
32057546,70,9912,2009,,,1.277881,-0.752965,ESH,940310
32057547,70,9912,2010,,,2.0637689999999997,-0.760273,ESH,940310
32057548,70,9912,2011,,,2.337415,-0.327113,ESH,940310
32057549,70,9912,2012,,,2.172618,-0.077311,ESH,940310
32057550,70,9912,2013,,,1.672666,-0.47427700000000006,ESH,940310
32057551,70,9912,2014,,,0.8348690000000001,-0.6148140000000001,ESH,940310
32057552,70,9912,2015,,,0.8270209999999999,-0.590016,ESH,940310
32057553,70,9912,2016,,,0.771312,-0.799657,ESH,940310
32057554,70,9912,2017,,,0.908792,-0.538131,ESH,940310
32057555,70,9912,2018,,,1.599518,-0.5597880000000001,ESH,940310
32057556,70,9912,2019,,,1.48852,-0.669028,ESH,940310
32057557,70,9912,2020,,,2.1028029999999998,-0.647638,ESH,940310
32057558,71,9912,1995,31268820.0,17422626.0,1.144247,1.933844,ESP,940310
32057559,71,9912,1996,35475218.0,18949586.0,1.105317,1.9473,ESP,940310
32057560,71,9912,1997,34438277.0,20221088.0,1.082049,2.0238650000000002,ESP,940310
32057561,71,9912,1998,44461840.0,24922639.0,1.051392,1.983438,ESP,940310
32057562,71,9912,1999,55048186.0,25492481.0,1.0849209999999998,1.9351180000000001,ESP,940310
32057563,71,9912,2000,51757283.0,28686791.0,1.098989,1.911029,ESP,940310
32057564,71,9912,2001,54074202.0,27634286.0,1.079664,1.9842220000000002,ESP,940310
32057565,71,9912,2002,51913645.0,27245355.0,1.012246,2.049594,ESP,940310
32057566,71,9912,2003,59162024.0,35014325.0,0.960684,2.074792,ESP,940310
32057567,71,9912,2004,60294114.0,41318136.0,0.9784649999999999,2.051216,ESP,940310
32057568,71,9912,2005,68099718.0,53680292.0,0.9318489999999999,1.999698,ESP,940310
32057569,71,9912,2006,67306024.0,59076197.0,0.9091370000000001,2.068166,ESP,940310
32057570,71,9912,2007,81119330.0,74919927.0,0.914681,2.027797,ESP,940310
32057571,71,9912,2008,92283132.0,80089021.0,0.8755649999999999,2.122164,ESP,940310
32057572,71,9912,2009,68599715.0,44739629.0,0.9021020000000001,2.170578,ESP,940310
32057573,71,9912,2010,70637138.0,45813571.0,0.832619,2.448009,ESP,940310
32057574,71,9912,2011,80020538.0,39091932.0,0.8677290000000001,2.4618450000000003,ESP,940310
32057575,71,9912,2012,69076509.0,25810551.0,0.8528309999999999,2.462809,ESP,940310
32057576,71,9912,2013,72442967.0,24114765.0,0.861698,2.353993,ESP,940310
32057577,71,9912,2014,114409652.0,28386735.0,0.842147,2.45692,ESP,940310
32057578,71,9912,2015,103572305.0,24559230.0,0.8173590000000001,2.442556,ESP,940310
32057579,71,9912,2016,105269869.0,25529816.0,0.765428,2.57725,ESP,940310
32057580,71,9912,2017,109793694.0,29710539.0,0.734342,2.8180099999999997,ESP,940310
32057581,71,9912,2018,119909681.0,32755315.0,0.744825,2.919005,ESP,940310
32057582,71,9912,2019,126880451.0,34343455.0,0.678454,3.007838,ESP,940310
32057583,71,9912,2020,113827860.0,25978945.0,0.736657,2.731661,ESP,940310
32057584,72,9912,1995,324359.0,1070771.0,0.530041,1.134288,EST,940310
32057585,72,9912,1996,391502.0,1552889.0,0.53397,1.0877940000000001,EST,940310
32057586,72,9912,1997,524133.0,1534262.0,0.460823,0.9126700000000001,EST,940310
32057587,72,9912,1998,171690.0,1025305.0,0.53408,1.07691,EST,940310
32057588,72,9912,1999,357924.0,871998.0,0.502979,0.8847440000000001,EST,940310
32057589,72,9912,2000,308176.0,945105.0,0.358559,0.583236,EST,940310
32057590,72,9912,2001,487914.0,1014246.0,0.5746829999999999,0.9073899999999999,EST,940310
32057591,72,9912,2002,477353.0,996642.0,0.54511,0.9135979999999999,EST,940310
32057592,72,9912,2003,848556.0,1531855.0,0.5913010000000001,0.8489979999999999,EST,940310
32057593,72,9912,2004,877957.0,1119794.0,0.6101840000000001,0.9520370000000001,EST,940310
32057594,72,9912,2005,1582868.0,926551.0,0.6351600000000001,1.039403,EST,940310
32057595,72,9912,2006,2322254.0,1510333.0,0.6426350000000001,0.925003,EST,940310
32057596,72,9912,2007,3161363.0,2027817.0,0.746434,1.306397,EST,940310
32057597,72,9912,2008,4382862.0,2774328.0,0.749696,1.5173940000000001,EST,940310
32057598,72,9912,2009,2509530.0,1809993.0,0.749058,1.269572,EST,940310
32057599,72,9912,2010,2188437.0,957685.0,0.832316,1.1844649999999999,EST,940310
32057600,72,9912,2011,3853461.0,1397464.0,0.9806790000000001,1.110449,EST,940310
32057601,72,9912,2012,4313841.0,2350237.0,0.8594450000000001,1.299628,EST,940310
32057602,72,9912,2013,3903880.0,1400499.0,0.8828940000000001,1.386574,EST,940310
32057603,72,9912,2014,4335656.0,2140637.0,0.9147780000000001,1.151556,EST,940310
32057604,72,9912,2015,3628200.0,1800446.0,0.9281149999999999,1.1780389999999998,EST,940310
32057605,72,9912,2016,3587952.0,1631335.0,1.000418,1.154152,EST,940310
32057606,72,9912,2017,4451903.0,2491704.0,1.010985,1.289633,EST,940310
32057607,72,9912,2018,5926066.0,2667786.0,0.979986,1.2365899999999999,EST,940310
32057608,72,9912,2019,6136239.0,2144760.0,0.962284,1.346195,EST,940310
32057609,72,9912,2020,4525896.0,1993558.0,1.012385,1.305015,EST,940310
32057610,73,9912,1995,0.0,981946.0,-1.3387120000000001,-1.123621,ETH,940310
32057611,73,9912,1996,0.0,789356.0,-1.265383,-1.131925,ETH,940310
32057612,73,9912,1997,0.0,504167.0,-1.239473,-1.159345,ETH,940310
32057613,73,9912,1998,0.0,373559.0,-1.279819,-1.158182,ETH,940310
32057614,73,9912,1999,0.0,322379.0,-1.18759,-1.111391,ETH,940310
32057615,73,9912,2000,2947.0,323913.0,-1.190677,-1.063662,ETH,940310
32057616,73,9912,2001,0.0,246107.0,-0.999149,-0.904072,ETH,940310
32057617,73,9912,2002,0.0,168383.0,-1.096371,-0.9566709999999999,ETH,940310
32057618,73,9912,2003,0.0,211760.0,-1.1145559999999999,-0.9599620000000001,ETH,940310
32057619,73,9912,2004,0.0,159451.0,-1.156284,-0.900874,ETH,940310
32057620,73,9912,2005,15183.0,550542.0,-1.287495,-1.0195940000000001,ETH,940310
32057621,73,9912,2006,0.0,401045.0,-0.9557180000000001,-0.9153479999999999,ETH,940310
32057622,73,9912,2007,1114.0,570483.0,-1.115917,-0.821652,ETH,940310
32057623,73,9912,2008,0.0,150976.0,-1.0084629999999999,-0.83993,ETH,940310
32057624,73,9912,2009,2987.0,632388.0,-0.967483,-0.8219,ETH,940310
32057625,73,9912,2010,8108.0,612537.0,-1.122906,-0.840777,ETH,940310
32057626,73,9912,2011,0.0,821903.0,-1.258175,-0.920692,ETH,940310
32057627,73,9912,2012,0.0,1702532.0,-1.134031,-0.991977,ETH,940310
32057628,73,9912,2013,6711.0,1267773.0,-1.264002,-0.9594219999999999,ETH,940310
32057629,73,9912,2014,11650.0,3495259.0,-1.296535,-1.045942,ETH,940310
32057630,73,9912,2015,2612.0,1326436.0,-1.004896,-0.721019,ETH,940310
32057631,73,9912,2016,18791.0,1336116.0,-1.006161,-0.756472,ETH,940310
32057632,73,9912,2017,3616.0,2543313.0,-1.007413,-0.638231,ETH,940310
32057633,73,9912,2018,26367.0,1087232.0,-0.874857,-0.464958,ETH,940310
32057634,73,9912,2019,72439.0,1643371.0,-1.073631,-0.617885,ETH,940310
32057635,73,9912,2020,43419.0,1891557.0,-0.952033,-0.707262,ETH,940310
32057636,74,9912,1995,7430457.0,4108503.0,2.0085740000000003,1.126816,FIN,940310
32057637,74,9912,1996,5990609.0,4839731.0,2.0584729999999998,1.006908,FIN,940310
32057638,74,9912,1997,4598335.0,5941326.0,1.9298959999999998,1.083861,FIN,940310
32057639,74,9912,1998,4487601.0,6188825.0,2.003987,0.995725,FIN,940310
32057640,74,9912,1999,4043448.0,7114142.0,2.095642,0.966282,FIN,940310
32057641,74,9912,2000,4389394.0,9399401.0,2.0621419999999997,0.9090360000000001,FIN,940310
32057642,74,9912,2001,2986254.0,6437852.0,2.069141,0.9375180000000001,FIN,940310
32057643,74,9912,2002,2559031.0,5964038.0,2.0234240000000003,0.979141,FIN,940310
32057644,74,9912,2003,2788756.0,7817429.0,2.077889,0.942501,FIN,940310
32057645,74,9912,2004,2186270.0,7697205.0,2.000218,0.9867309999999999,FIN,940310
32057646,74,9912,2005,2470989.0,9327958.0,1.8661240000000001,0.932386,FIN,940310
32057647,74,9912,2006,4208028.0,10573406.0,1.864038,0.8193940000000001,FIN,940310
32057648,74,9912,2007,4989614.0,12713127.0,1.865502,0.7737729999999999,FIN,940310
32057649,74,9912,2008,5550511.0,17020622.0,1.767859,0.846409,FIN,940310
32057650,74,9912,2009,3429107.0,10593523.0,1.8206849999999999,0.797421,FIN,940310
32057651,74,9912,2010,6615730.0,11320981.0,1.745464,0.897992,FIN,940310
32057652,74,9912,2011,3389154.0,11815950.0,1.7488830000000002,0.890934,FIN,940310
32057653,74,9912,2012,3376806.0,14216738.0,1.58219,0.939001,FIN,940310
32057654,74,9912,2013,3691531.0,14634765.0,1.734552,0.8896940000000001,FIN,940310
32057655,74,9912,2014,4533688.0,19197879.0,1.626355,1.002923,FIN,940310
32057656,74,9912,2015,2828930.0,19437499.0,1.597817,0.998059,FIN,940310
32057657,74,9912,2016,3558386.0,18231968.0,1.581968,1.006432,FIN,940310
32057658,74,9912,2017,3367355.0,18436796.0,1.655957,0.962485,FIN,940310
32057659,74,9912,2018,4007989.0,19583460.0,1.61151,0.9474549999999999,FIN,940310
32057660,74,9912,2019,5881362.0,15667962.0,1.495278,1.034435,FIN,940310
32057661,74,9912,2020,5153361.0,14803513.0,1.498089,1.066223,FIN,940310
32057662,75,9912,1995,0.0,184847.0,-0.998257,-0.9565629999999999,FJI,940310
32057663,75,9912,1996,0.0,190367.0,-0.7977,-0.9271879999999999,FJI,940310
32057664,75,9912,1997,10715.0,333027.0,-0.9404020000000001,-0.8833989999999999,FJI,940310
32057665,75,9912,1998,8885.0,252859.0,-1.069747,-0.965333,FJI,940310
32057666,75,9912,1999,5797.0,254179.0,-1.101748,-0.847409,FJI,940310
32057667,75,9912,2000,7022.0,200949.0,-0.804605,-0.21037899999999998,FJI,940310
32057668,75,9912,2001,27659.0,231464.0,-0.954702,-0.602761,FJI,940310
32057669,75,9912,2002,10408.0,137005.0,-0.588136,-0.242883,FJI,940310
32057670,75,9912,2003,3377.0,302227.0,-0.6865640000000001,-0.326977,FJI,940310
32057671,75,9912,2004,10401.0,261898.0,-0.8870969999999999,-0.287427,FJI,940310
32057672,75,9912,2005,18488.0,451553.0,-0.649999,-0.189992,FJI,940310
32057673,75,9912,2006,4863.0,453265.0,-0.6554949999999999,-0.098284,FJI,940310
32057674,75,9912,2007,39888.0,408994.0,-0.506992,0.033250999999999996,FJI,940310
32057675,75,9912,2008,22314.0,581983.0,-0.756592,-0.27005,FJI,940310
32057676,75,9912,2009,56648.0,1234287.0,-0.785772,-0.305228,FJI,940310
32057677,75,9912,2010,38217.0,375247.0,-0.603112,-0.29135500000000003,FJI,940310
32057678,75,9912,2011,28142.0,337814.0,-0.434356,-0.010863,FJI,940310
32057679,75,9912,2012,17784.0,512881.0,-0.315227,0.118598,FJI,940310
32057680,75,9912,2013,21070.0,712596.0,-0.5203369999999999,-0.122405,FJI,940310
32057681,75,9912,2014,48407.0,803605.0,-0.306346,-0.07688500000000001,FJI,940310
32057682,75,9912,2015,26619.0,262197.0,-0.481968,-0.201468,FJI,940310
32057683,75,9912,2016,25844.0,413887.0,-0.27171999999999996,0.172933,FJI,940310
32057684,75,9912,2017,58652.0,727748.0,-0.278276,-0.033997,FJI,940310
32057685,75,9912,2018,14038.0,763157.0,-0.269185,0.006362,FJI,940310
32057686,75,9912,2019,8619.0,538260.0,-0.274278,-0.049333,FJI,940310
32057687,75,9912,2020,22855.0,203144.0,-0.184167,-0.081888,FJI,940310
32057688,76,9912,1995,,,1.0650549999999999,-0.45996800000000004,FLK,940310
32057689,76,9912,1996,0.0,63435.0,0.7798039999999999,-0.524821,FLK,940310
32057690,76,9912,1997,0.0,5017.0,1.410488,-0.441326,FLK,940310
32057691,76,9912,1998,0.0,415619.0,0.816912,-0.515321,FLK,940310
32057692,76,9912,1999,0.0,23051.0,0.9361450000000001,-0.578892,FLK,940310
32057693,76,9912,2000,,,0.42403,-0.758674,FLK,940310
32057694,76,9912,2001,0.0,7343.0,0.394316,-0.766895,FLK,940310
32057695,76,9912,2002,0.0,54882.0,-0.119248,-0.81018,FLK,940310
32057696,76,9912,2003,0.0,5608.0,0.593669,-0.68972,FLK,940310
32057697,76,9912,2004,0.0,4427.0,0.108608,-0.8270280000000001,FLK,940310
32057698,76,9912,2005,0.0,120833.0,-1.215666,-0.8770950000000001,FLK,940310
32057699,76,9912,2006,,,0.11039000000000002,-0.79848,FLK,940310
32057700,76,9912,2007,0.0,19366.0,-0.911695,-0.898893,FLK,940310
32057701,76,9912,2008,0.0,91364.0,-1.0724,-0.9330379999999999,FLK,940310
32057702,76,9912,2009,0.0,33581.0,-0.891749,-0.97485,FLK,940310
32057703,76,9912,2010,0.0,17236.0,-1.173959,-0.9282549999999999,FLK,940310
32057704,76,9912,2011,0.0,48407.0,-0.283483,-0.7019989999999999,FLK,940310
32057705,76,9912,2012,0.0,181421.0,-1.251161,-0.8249569999999999,FLK,940310
32057706,76,9912,2013,0.0,58386.0,-1.254446,-0.868074,FLK,940310
32057707,76,9912,2014,0.0,47450.0,-0.558974,-0.8402059999999999,FLK,940310
32057708,76,9912,2015,0.0,72429.0,0.268838,-0.829983,FLK,940310
32057709,76,9912,2016,0.0,28941.0,-1.1568180000000001,-0.9883270000000001,FLK,940310
32057710,76,9912,2017,0.0,28004.0,-1.506175,-0.9551219999999999,FLK,940310
32057711,76,9912,2018,0.0,103091.0,-1.04542,-0.97565,FLK,940310
32057712,76,9912,2019,0.0,48554.0,-1.633601,-0.991559,FLK,940310
32057713,76,9912,2020,0.0,32846.0,-0.406704,-0.8790969999999999,FLK,940310
32057714,77,9912,1995,116489252.0,79150462.0,1.768484,0.765537,FRA,940310
32057715,77,9912,1996,122581043.0,83182251.0,1.69082,0.721312,FRA,940310
32057716,77,9912,1997,127189372.0,84291420.0,1.69504,0.8278549999999999,FRA,940310
32057717,77,9912,1998,151349345.0,85352843.0,1.707702,0.7784270000000001,FRA,940310
32057718,77,9912,1999,151226609.0,92877077.0,1.72758,0.6619079999999999,FRA,940310
32057719,77,9912,2000,143272516.0,109503091.0,1.674971,0.47538100000000005,FRA,940310
32057720,77,9912,2001,118118336.0,111541269.0,1.653507,0.797582,FRA,940310
32057721,77,9912,2002,89479311.0,112564326.0,1.569367,0.9886360000000001,FRA,940310
32057722,77,9912,2003,94218544.0,112880976.0,1.606606,0.7394149999999999,FRA,940310
32057723,77,9912,2004,113322192.0,131480574.0,1.6003530000000001,0.643945,FRA,940310
32057724,77,9912,2005,115260508.0,141069633.0,1.505148,0.594409,FRA,940310
32057725,77,9912,2006,126382785.0,164696922.0,1.47591,0.489466,FRA,940310
32057726,77,9912,2007,136356000.0,173863112.0,1.4565350000000001,0.262845,FRA,940310
32057727,77,9912,2008,141266103.0,194213247.0,1.487702,-0.223965,FRA,940310
32057728,77,9912,2009,91351024.0,151087354.0,1.540346,0.090377,FRA,940310
32057729,77,9912,2010,80301918.0,163687827.0,1.530027,-0.052557000000000006,FRA,940310
32057730,77,9912,2011,90144596.0,168183844.0,1.532054,0.09339299999999999,FRA,940310
32057731,77,9912,2012,88844159.0,151190328.0,1.425025,0.27534899999999995,FRA,940310
32057732,77,9912,2013,74629442.0,148030138.0,1.520354,0.022874000000000002,FRA,940310
32057733,77,9912,2014,48920956.0,176629490.0,1.4817790000000002,0.30995,FRA,940310
32057734,77,9912,2015,39078934.0,156820508.0,1.479792,0.6490239999999999,FRA,940310
32057735,77,9912,2016,37713042.0,175411566.0,1.476437,0.911746,FRA,940310
32057736,77,9912,2017,43563357.0,188267491.0,1.398427,0.894732,FRA,940310
32057737,77,9912,2018,50410465.0,208440111.0,1.420819,0.7793770000000001,FRA,940310
32057738,77,9912,2019,43077683.0,212792927.0,1.380982,0.9510629999999999,FRA,940310
32057739,77,9912,2020,38357588.0,165211453.0,1.341275,0.8991870000000001,FRA,940310
32057740,78,9912,1995,0.0,77649.0,-0.8247260000000001,-0.791759,FRO,940310
32057741,78,9912,1996,0.0,128867.0,-0.252693,-0.714691,FRO,940310
32057742,78,9912,1997,0.0,139159.0,-0.602436,-0.8477809999999999,FRO,940310
32057743,78,9912,1998,0.0,198782.0,-0.6159899999999999,-0.828198,FRO,940310
32057744,78,9912,1999,3751.0,182471.0,-0.718961,-0.900609,FRO,940310
32057745,78,9912,2000,1419.0,184453.0,-0.618711,-0.8832209999999999,FRO,940310
32057746,78,9912,2001,0.0,254512.0,-1.004972,-0.9456030000000001,FRO,940310
32057747,78,9912,2002,12346.0,317192.0,-0.410455,-0.821335,FRO,940310
32057748,78,9912,2003,0.0,287821.0,-0.46422299999999994,-0.8072050000000001,FRO,940310
32057749,78,9912,2004,0.0,380182.0,-1.026359,-0.960327,FRO,940310
32057750,78,9912,2005,0.0,492989.0,-1.164102,-0.934409,FRO,940310
32057751,78,9912,2006,0.0,1130900.0,-0.117631,-0.69352,FRO,940310
32057752,78,9912,2007,0.0,929051.0,-0.308363,-0.7707510000000001,FRO,940310
32057753,78,9912,2008,0.0,1778263.0,-0.576205,-0.886117,FRO,940310
32057754,78,9912,2009,0.0,880907.0,-0.437934,-0.8733879999999999,FRO,940310
32057755,78,9912,2010,0.0,756571.0,-1.158567,-0.99413,FRO,940310
32057756,78,9912,2011,0.0,592516.0,-0.733444,-0.8242229999999999,FRO,940310
32057757,78,9912,2012,0.0,447139.0,-0.47762200000000005,-0.8946870000000001,FRO,940310
32057758,78,9912,2013,23601.0,400002.0,-0.370701,-0.815466,FRO,940310
32057759,78,9912,2014,15865.0,443589.0,-0.703929,-0.86265,FRO,940310
32057760,78,9912,2015,0.0,284493.0,-0.700767,-0.9214399999999999,FRO,940310
32057761,78,9912,2016,21623.0,415091.0,-0.7436,-0.955406,FRO,940310
32057762,78,9912,2017,3542.0,266745.0,-0.956326,-0.951541,FRO,940310
32057763,78,9912,2018,0.0,680897.0,-1.00676,-0.959297,FRO,940310
32057764,78,9912,2019,2257.0,822083.0,-1.164816,-0.9571540000000001,FRO,940310
32057765,78,9912,2020,0.0,1290226.0,-0.867916,-0.92601,FRO,940310
32057766,79,9912,1995,0.0,106346.0,-1.764116,-0.971993,FSM,940310
32057767,79,9912,1996,0.0,2373.0,-1.798209,-1.044117,FSM,940310
32057768,79,9912,1997,0.0,14909.0,-1.275105,-1.046722,FSM,940310
32057769,79,9912,1998,0.0,17347.0,-1.8257740000000002,-1.104982,FSM,940310
32057770,79,9912,1999,0.0,52249.0,-1.382572,-1.054154,FSM,940310
32057771,79,9912,2000,0.0,138437.0,-1.6284100000000001,-1.074629,FSM,940310
32057772,79,9912,2001,0.0,137807.0,-1.7531240000000001,-1.081697,FSM,940310
32057773,79,9912,2002,0.0,239099.0,-1.511888,-1.054948,FSM,940310
32057774,79,9912,2003,0.0,66683.0,-1.370191,-1.028812,FSM,940310
32057775,79,9912,2004,0.0,86054.0,-1.647605,-1.093832,FSM,940310
32057776,79,9912,2005,0.0,74841.0,-1.386996,-0.9737610000000001,FSM,940310
32057777,79,9912,2006,0.0,298241.0,-0.883972,-0.8817209999999999,FSM,940310
32057778,79,9912,2007,0.0,69399.0,-0.528725,-0.883342,FSM,940310
32057779,79,9912,2008,0.0,38632.0,-0.744394,-0.930508,FSM,940310
32057780,79,9912,2009,0.0,126109.0,-1.011055,-0.983978,FSM,940310
32057781,79,9912,2010,0.0,181251.0,-1.2914889999999999,-1.0153450000000002,FSM,940310
32057782,79,9912,2011,0.0,203247.0,-0.882574,-0.8780530000000001,FSM,940310
32057783,79,9912,2012,0.0,89126.0,-0.8024789999999999,-0.873287,FSM,940310
32057784,79,9912,2013,0.0,117096.0,-0.234314,-0.8260700000000001,FSM,940310
32057785,79,9912,2014,0.0,32469.0,-0.32643099999999997,-0.8248049999999999,FSM,940310
32057786,79,9912,2015,0.0,70383.0,-0.39153000000000004,-0.8570479999999999,FSM,940310
32057787,79,9912,2016,0.0,76709.0,-0.86156,-0.969134,FSM,940310
32057788,79,9912,2017,0.0,123336.0,-1.106905,-0.952936,FSM,940310
32057789,79,9912,2018,0.0,183478.0,-0.969202,-0.974952,FSM,940310
32057790,79,9912,2019,0.0,76069.0,-1.11436,-0.9806819999999999,FSM,940310
32057791,79,9912,2020,0.0,86513.0,-0.845915,-0.964045,FSM,940310
32057792,80,9912,1995,0.0,330078.0,-1.445673,-1.099128,GAB,940310
32057793,80,9912,1996,0.0,175810.0,-1.693615,-1.174433,GAB,940310
32057794,80,9912,1997,8021.0,144091.0,-1.177994,-1.134955,GAB,940310
32057795,80,9912,1998,0.0,174873.0,-1.122225,-1.148066,GAB,940310
32057796,80,9912,1999,2495.0,275531.0,-1.068733,-1.178405,GAB,940310
32057797,80,9912,2000,1110.0,353226.0,-0.7179909999999999,-1.1375170000000001,GAB,940310
32057798,80,9912,2001,0.0,222737.0,-1.063007,-1.181284,GAB,940310
32057799,80,9912,2002,0.0,373259.0,-0.830094,-1.149233,GAB,940310
32057800,80,9912,2003,4406.0,432311.0,-0.92745,-1.138466,GAB,940310
32057801,80,9912,2004,0.0,515881.0,-0.700329,-1.137018,GAB,940310
32057802,80,9912,2005,7079.0,402986.0,-1.4162700000000001,-1.173227,GAB,940310
32057803,80,9912,2006,0.0,710228.0,-1.6696819999999999,-1.173322,GAB,940310
32057804,80,9912,2007,9895.0,1613967.0,-1.328633,-1.165045,GAB,940310
32057805,80,9912,2008,18834.0,1224998.0,-1.316179,-1.117633,GAB,940310
32057806,80,9912,2009,10229.0,518251.0,-1.197711,-1.147469,GAB,940310
32057807,80,9912,2010,3801.0,1104552.0,-1.707175,-1.167635,GAB,940310
32057808,80,9912,2011,1745.0,458839.0,-1.093784,-1.0849659999999999,GAB,940310
32057809,80,9912,2012,0.0,1191168.0,-1.563872,-1.168605,GAB,940310
32057810,80,9912,2013,205851.0,1597416.0,-1.6582830000000002,-1.155302,GAB,940310
32057811,80,9912,2014,0.0,803360.0,-1.625474,-1.135973,GAB,940310
32057812,80,9912,2015,0.0,982612.0,-1.384351,-1.209873,GAB,940310
32057813,80,9912,2016,0.0,438385.0,-1.530568,-1.254999,GAB,940310
32057814,80,9912,2017,0.0,856169.0,-1.109612,-1.177577,GAB,940310
32057815,80,9912,2018,0.0,910450.0,-1.4979200000000001,-1.180407,GAB,940310
32057816,80,9912,2019,0.0,482091.0,-1.08556,-1.183434,GAB,940310
32057817,80,9912,2020,1741.0,627076.0,-1.6422990000000002,-1.207249,GAB,940310
32057818,81,9912,1995,94631089.0,95234628.0,1.8656979999999999,1.107121,GBR,940310
32057819,81,9912,1996,110465550.0,102452074.0,1.850284,0.883084,GBR,940310
32057820,81,9912,1997,146124016.0,111795918.0,1.886353,0.783832,GBR,940310
32057821,81,9912,1998,162706401.0,120310720.0,1.906738,0.489101,GBR,940310
32057822,81,9912,1999,153904968.0,114930803.0,1.9523830000000002,0.771455,GBR,940310
32057823,81,9912,2000,126682144.0,124554221.0,1.957339,0.610052,GBR,940310
32057824,81,9912,2001,115442310.0,101294046.0,1.976894,0.685435,GBR,940310
32057825,81,9912,2002,107451115.0,95194304.0,1.893177,0.831382,GBR,940310
32057826,81,9912,2003,105806876.0,109120522.0,1.8712540000000002,0.706205,GBR,940310
32057827,81,9912,2004,132649713.0,144912112.0,1.843506,0.684779,GBR,940310
32057828,81,9912,2005,131780630.0,139704006.0,1.805023,0.425654,GBR,940310
32057829,81,9912,2006,136960014.0,143715581.0,1.824154,0.614424,GBR,940310
32057830,81,9912,2007,160786305.0,172123933.0,1.718661,0.35525300000000004,GBR,940310
32057831,81,9912,2008,143756957.0,153767489.0,1.7586119999999998,0.061214,GBR,940310
32057832,81,9912,2009,93797576.0,103165537.0,1.7921779999999998,0.41211499999999995,GBR,940310
32057833,81,9912,2010,112339202.0,101035901.0,1.828224,0.386383,GBR,940310
32057834,81,9912,2011,99922906.0,102349719.0,1.8048220000000001,0.380141,GBR,940310
32057835,81,9912,2012,101257750.0,95848022.0,1.701279,0.518166,GBR,940310
32057836,81,9912,2013,101203779.0,105079291.0,1.7901259999999999,0.44164,GBR,940310
32057837,81,9912,2014,123853692.0,118918699.0,1.697964,0.585372,GBR,940310
32057838,81,9912,2015,121343709.0,105524840.0,1.7422990000000003,0.75838,GBR,940310
32057839,81,9912,2016,116213590.0,105460924.0,1.6974669999999998,0.9231299999999999,GBR,940310
32057840,81,9912,2017,108998904.0,98963868.0,1.6883119999999998,0.8347469999999999,GBR,940310
32057841,81,9912,2018,132567491.0,111512854.0,1.693008,0.768159,GBR,940310
32057842,81,9912,2019,134460171.0,115708323.0,1.731106,0.717566,GBR,940310
32057843,81,9912,2020,102301147.0,110927626.0,1.6459,0.7702640000000001,GBR,940310
32057844,82,9912,1995,7951.0,203381.0,1.082754,0.059275,GEO,940310
32057845,82,9912,1996,0.0,302644.0,0.5383020000000001,0.167596,GEO,940310
32057846,82,9912,1997,0.0,240709.0,0.304927,-0.082,GEO,940310
32057847,82,9912,1998,0.0,275167.0,0.644307,0.304707,GEO,940310
32057848,82,9912,1999,1833.0,286413.0,0.50297,0.042010000000000006,GEO,940310
32057849,82,9912,2000,7144.0,172331.0,0.571461,0.10845999999999999,GEO,940310
32057850,82,9912,2001,0.0,175606.0,0.585568,-0.047744999999999996,GEO,940310
32057851,82,9912,2002,2153.0,195983.0,0.662382,-0.124825,GEO,940310
32057852,82,9912,2003,12587.0,233630.0,0.595485,-0.25939,GEO,940310
32057853,82,9912,2004,0.0,633738.0,0.381348,-0.44259,GEO,940310
32057854,82,9912,2005,18926.0,358766.0,0.041261,-0.530021,GEO,940310
32057855,82,9912,2006,22660.0,2443274.0,0.076711,-0.47216099999999994,GEO,940310
32057856,82,9912,2007,3185.0,1120602.0,0.016077,-0.386962,GEO,940310
32057857,82,9912,2008,53218.0,1329606.0,-0.355095,-0.660181,GEO,940310
32057858,82,9912,2009,17398.0,1997904.0,0.045952,-0.381822,GEO,940310
32057859,82,9912,2010,19081.0,1388833.0,-0.21301399999999998,-0.48355299999999996,GEO,940310
32057860,82,9912,2011,48215.0,2079942.0,-0.07754,-0.35434699999999997,GEO,940310
32057861,82,9912,2012,20053.0,4177352.0,-0.29418,-0.63162,GEO,940310
32057862,82,9912,2013,45874.0,1652305.0,-0.160691,-0.393419,GEO,940310
32057863,82,9912,2014,10855.0,2516879.0,-0.254106,-0.646584,GEO,940310
32057864,82,9912,2015,7825.0,1396212.0,-0.343663,-0.588017,GEO,940310
32057865,82,9912,2016,65775.0,1263390.0,-0.388359,-0.51175,GEO,940310
32057866,82,9912,2017,29303.0,1049741.0,-0.241749,-0.374727,GEO,940310
32057867,82,9912,2018,31593.0,1412073.0,-0.049871,-0.28439899999999996,GEO,940310
32057868,82,9912,2019,36798.0,1977773.0,-0.057798,-0.206771,GEO,940310
32057869,82,9912,2020,54316.0,595920.0,-0.199775,-0.38684,GEO,940310
32057870,83,9912,1995,0.0,719886.0,-1.247755,-1.070455,GHA,940310
32057871,83,9912,1996,2556.0,614219.0,-1.035244,-0.9834129999999999,GHA,940310
32057872,83,9912,1997,0.0,1201522.0,-1.012728,-0.939893,GHA,940310
32057873,83,9912,1998,36611.0,815651.0,-1.215123,-1.0427620000000002,GHA,940310
32057874,83,9912,1999,0.0,1021527.0,-0.9444520000000001,-0.905826,GHA,940310
32057875,83,9912,2000,1087.0,745838.0,-1.192608,-0.811986,GHA,940310
32057876,83,9912,2001,1545.0,569680.0,-0.961067,-0.780449,GHA,940310
32057877,83,9912,2002,1277.0,616126.0,-1.333425,-1.0709879999999998,GHA,940310
32057878,83,9912,2003,40948.0,424422.0,-1.074188,-0.7127319999999999,GHA,940310
32057879,83,9912,2004,0.0,748395.0,-1.2972540000000001,-0.9967219999999999,GHA,940310
32057880,83,9912,2005,2734.0,1204086.0,-1.031092,-0.820743,GHA,940310
32057881,83,9912,2006,13227.0,1398423.0,-0.9934860000000001,-0.809318,GHA,940310
32057882,83,9912,2007,19313.0,1681714.0,-0.906867,-0.565891,GHA,940310
32057883,83,9912,2008,63865.0,3507196.0,-0.9339360000000001,-0.701724,GHA,940310
32057884,83,9912,2009,3961.0,1793513.0,-0.909436,-0.6619470000000001,GHA,940310
32057885,83,9912,2010,63328.0,2444909.0,-0.835003,-0.633731,GHA,940310
32057886,83,9912,2011,4936.0,3601826.0,-0.8627319999999999,-0.608823,GHA,940310
32057887,83,9912,2012,5116.0,5143569.0,-0.9610920000000001,-0.745232,GHA,940310
32057888,83,9912,2013,36271.0,3294162.0,-0.7316010000000001,-0.5327689999999999,GHA,940310
32057889,83,9912,2014,33689.0,5029582.0,-1.130226,-0.9909379999999999,GHA,940310
32057890,83,9912,2015,110171.0,7537410.0,-0.750568,-0.690257,GHA,940310
32057891,83,9912,2016,53442.0,7132513.0,-0.945358,-0.805301,GHA,940310
32057892,83,9912,2017,31206.0,7882140.0,-0.929143,-0.811439,GHA,940310
32057893,83,9912,2018,64985.0,6265695.0,-0.956109,-0.861556,GHA,940310
32057894,83,9912,2019,9686.0,4814384.0,-0.9581,-0.8727879999999999,GHA,940310
32057895,83,9912,2020,4995.0,3985685.0,-0.973506,-0.9559139999999999,GHA,940310
32057896,84,9912,1995,0.0,318327.0,0.784189,-0.224741,GIB,940310
32057897,84,9912,1996,2166.0,101543.0,0.932001,-0.20733400000000002,GIB,940310
32057898,84,9912,1997,0.0,207088.0,0.811642,-0.186555,GIB,940310
32057899,84,9912,1998,0.0,626474.0,0.6941689999999999,-0.21656,GIB,940310
32057900,84,9912,1999,9012.0,515467.0,0.609578,-0.316135,GIB,940310
32057901,84,9912,2000,4100.0,1063467.0,0.589325,-0.358073,GIB,940310
32057902,84,9912,2001,4093.0,981516.0,0.5955739999999999,-0.39100799999999997,GIB,940310
32057903,84,9912,2002,6191.0,899003.0,0.814919,-0.205996,GIB,940310
32057904,84,9912,2003,25361.0,591452.0,1.133606,-0.176782,GIB,940310
32057905,84,9912,2004,0.0,819267.0,0.466397,-0.627153,GIB,940310
32057906,84,9912,2005,9733.0,478592.0,0.637355,-0.465557,GIB,940310
32057907,84,9912,2006,2574.0,976465.0,0.8370120000000001,-0.35099400000000003,GIB,940310
32057908,84,9912,2007,13126.0,1480942.0,0.794616,-0.287001,GIB,940310
32057909,84,9912,2008,9945.0,1333159.0,0.938815,-0.361914,GIB,940310
32057910,84,9912,2009,0.0,774507.0,0.9646979999999999,-0.461183,GIB,940310
32057911,84,9912,2010,6650.0,813852.0,0.570018,-0.585911,GIB,940310
32057912,84,9912,2011,1171.0,947695.0,0.8442850000000001,-0.435222,GIB,940310
32057913,84,9912,2012,0.0,442298.0,0.930638,-0.558299,GIB,940310
32057914,84,9912,2013,1401.0,468857.0,0.991136,-0.603793,GIB,940310
32057915,84,9912,2014,200.0,588325.0,0.275796,-0.720217,GIB,940310
32057916,84,9912,2015,0.0,676169.0,0.535143,-0.750155,GIB,940310
32057917,84,9912,2016,2043.0,1077399.0,0.8535370000000001,-0.661778,GIB,940310
32057918,84,9912,2017,0.0,1542870.0,0.767836,-0.725273,GIB,940310
32057919,84,9912,2018,0.0,1612234.0,0.420756,-0.6854140000000001,GIB,940310
32057920,84,9912,2019,0.0,1244697.0,0.5167470000000001,-0.484465,GIB,940310
32057921,84,9912,2020,0.0,1130112.0,0.710597,-0.445858,GIB,940310
32057922,85,9912,1995,0.0,392967.0,-1.304768,-1.077826,GIN,940310
32057923,85,9912,1996,0.0,288046.0,-1.2641930000000001,-1.1317409999999999,GIN,940310
32057924,85,9912,1997,0.0,137256.0,-1.529401,-1.163973,GIN,940310
32057925,85,9912,1998,0.0,195906.0,-1.676035,-1.248894,GIN,940310
32057926,85,9912,1999,0.0,566814.0,-1.950321,-1.269807,GIN,940310
32057927,85,9912,2000,0.0,160267.0,-1.523998,-1.197719,GIN,940310
32057928,85,9912,2001,0.0,114416.0,-1.5380340000000001,-1.200083,GIN,940310
32057929,85,9912,2002,0.0,202297.0,-1.85329,-1.243105,GIN,940310
32057930,85,9912,2003,0.0,144520.0,-2.14752,-1.250048,GIN,940310
32057931,85,9912,2004,0.0,202185.0,-1.314543,-1.155153,GIN,940310
32057932,85,9912,2005,717.0,288311.0,-1.55683,-1.200541,GIN,940310
32057933,85,9912,2006,0.0,665936.0,-1.8376720000000002,-1.229774,GIN,940310
32057934,85,9912,2007,0.0,144933.0,-1.694335,-1.230744,GIN,940310
32057935,85,9912,2008,0.0,717059.0,-1.530997,-1.171231,GIN,940310
32057936,85,9912,2009,0.0,501692.0,-1.618121,-1.2200520000000001,GIN,940310
32057937,85,9912,2010,26080.0,500974.0,-1.6761720000000002,-1.181665,GIN,940310
32057938,85,9912,2011,6348.0,366194.0,-1.728661,-1.193353,GIN,940310
32057939,85,9912,2012,0.0,617242.0,-1.735487,-1.225333,GIN,940310
32057940,85,9912,2013,2299.0,1172739.0,-1.1287459999999998,-1.069735,GIN,940310
32057941,85,9912,2014,0.0,4594383.0,-1.628409,-1.202473,GIN,940310
32057942,85,9912,2015,0.0,950969.0,-1.288329,-1.167532,GIN,940310
32057943,85,9912,2016,14201.0,1079824.0,-1.474753,-1.215627,GIN,940310
32057944,85,9912,2017,0.0,1140470.0,-1.7560669999999998,-1.2747680000000001,GIN,940310
32057945,85,9912,2018,0.0,1313503.0,-1.036697,-1.1562860000000001,GIN,940310
32057946,85,9912,2019,4947.0,1291865.0,-1.366633,-1.196123,GIN,940310
32057947,85,9912,2020,4538.0,1303780.0,-1.841029,-1.233167,GIN,940310
32057948,86,9912,1995,31908.0,1806696.0,0.563491,-0.18852,GLP,940310
32057949,86,9912,1996,,,,,GLP,940310
32057950,86,9912,1997,,,,,GLP,940310
32057951,86,9912,1998,,,,,GLP,940310
32057952,86,9912,1999,,,,,GLP,940310
32057953,86,9912,2000,,,,,GLP,940310
32057954,86,9912,2001,,,,,GLP,940310
32057955,86,9912,2002,,,,,GLP,940310
32057956,86,9912,2003,,,,,GLP,940310
32057957,86,9912,2004,,,,,GLP,940310
32057958,86,9912,2005,,,,,GLP,940310
32057959,86,9912,2006,,,,,GLP,940310
32057960,86,9912,2007,,,,,GLP,940310
32057961,86,9912,2008,,,,,GLP,940310
32057962,86,9912,2009,,,,,GLP,940310
32057963,86,9912,2010,,,,,GLP,940310
32057964,86,9912,2011,,,,,GLP,940310
32057965,86,9912,2012,,,,,GLP,940310
32057966,86,9912,2013,,,,,GLP,940310
32057967,86,9912,2014,,,,,GLP,940310
32057968,86,9912,2015,,,,,GLP,940310
32057969,86,9912,2016,,,,,GLP,940310
32057970,86,9912,2017,,,,,GLP,940310
32057971,86,9912,2018,,,,,GLP,940310
32057972,86,9912,2019,,,,,GLP,940310
32057973,86,9912,2020,,,,,GLP,940310
32057974,87,9912,1995,0.0,119993.0,-0.605221,-0.700982,GMB,940310
32057975,87,9912,1996,0.0,165893.0,-1.028677,-0.8440540000000001,GMB,940310
32057976,87,9912,1997,0.0,20443.0,-0.6977300000000001,-0.7753720000000001,GMB,940310
32057977,87,9912,1998,0.0,119941.0,-0.8280120000000001,-0.783022,GMB,940310
32057978,87,9912,1999,0.0,116757.0,-0.768406,-0.764934,GMB,940310
32057979,87,9912,2000,0.0,3557.0,-0.468837,-0.532772,GMB,940310
32057980,87,9912,2001,0.0,36022.0,-0.160182,-0.24737399999999998,GMB,940310
32057981,87,9912,2002,0.0,111484.0,0.075971,-0.068413,GMB,940310
32057982,87,9912,2003,0.0,99116.0,-0.230541,-0.275663,GMB,940310
32057983,87,9912,2004,0.0,30060.0,-0.135943,-0.226541,GMB,940310
32057984,87,9912,2005,0.0,221921.0,-0.223043,-0.361032,GMB,940310
32057985,87,9912,2006,0.0,151697.0,-0.378539,-0.48427200000000004,GMB,940310
32057986,87,9912,2007,0.0,146072.0,-0.8336680000000001,-0.8261860000000001,GMB,940310
32057987,87,9912,2008,0.0,113187.0,-0.39378,-0.509879,GMB,940310
32057988,87,9912,2009,0.0,86258.0,-0.573979,-0.644636,GMB,940310
32057989,87,9912,2010,42085.0,100184.0,-0.894757,-0.734589,GMB,940310
32057990,87,9912,2011,0.0,379404.0,-0.621556,-0.64336,GMB,940310
32057991,87,9912,2012,0.0,243259.0,-0.488296,-0.6730510000000001,GMB,940310
32057992,87,9912,2013,0.0,146478.0,-0.5571550000000001,-0.6860310000000001,GMB,940310
32057993,87,9912,2014,613.0,397286.0,-0.905488,-0.7892819999999999,GMB,940310
32057994,87,9912,2015,0.0,535536.0,-0.984775,-0.877886,GMB,940310
32057995,87,9912,2016,0.0,413274.0,-0.743023,-0.833044,GMB,940310
32057996,87,9912,2017,0.0,288232.0,-1.161814,-0.9317190000000001,GMB,940310
32057997,87,9912,2018,0.0,656042.0,-0.85649,-0.761513,GMB,940310
32057998,87,9912,2019,0.0,272715.0,-1.0174450000000002,-0.790743,GMB,940310
32057999,87,9912,2020,0.0,356610.0,-1.11216,-0.956471,GMB,940310
32058000,88,9912,1995,0.0,172854.0,-1.58566,-0.8226829999999999,GNB,940310
32058001,88,9912,1996,0.0,130366.0,-1.853188,-0.8371649999999999,GNB,940310
32058002,88,9912,1997,0.0,140588.0,-1.9366400000000001,-1.000259,GNB,940310
32058003,88,9912,1998,0.0,137266.0,-1.8103790000000002,-0.9481790000000001,GNB,940310
32058004,88,9912,1999,0.0,149505.0,-1.7561959999999999,-0.957758,GNB,940310
32058005,88,9912,2000,0.0,122253.0,-2.4014330000000004,-1.001641,GNB,940310
32058006,88,9912,2001,0.0,165538.0,-1.580625,-0.9665860000000001,GNB,940310
32058007,88,9912,2002,0.0,154499.0,-0.661416,-0.8644870000000001,GNB,940310
32058008,88,9912,2003,0.0,102728.0,0.24509499999999998,-0.612725,GNB,940310
32058009,88,9912,2004,0.0,90497.0,-1.423263,-0.9892280000000001,GNB,940310
32058010,88,9912,2005,0.0,109074.0,-1.631378,-0.9792690000000001,GNB,940310
32058011,88,9912,2006,0.0,271957.0,-1.528471,-0.926991,GNB,940310
32058012,88,9912,2007,0.0,257765.0,-1.416947,-1.011782,GNB,940310
32058013,88,9912,2008,0.0,624629.0,-1.9234919999999998,-1.055369,GNB,940310
32058014,88,9912,2009,0.0,189880.0,-0.6868890000000001,-0.9243459999999999,GNB,940310
32058015,88,9912,2010,0.0,315365.0,-1.695338,-0.9196790000000001,GNB,940310
32058016,88,9912,2011,0.0,223765.0,-0.839621,-0.6918850000000001,GNB,940310
32058017,88,9912,2012,0.0,141318.0,-1.6792029999999998,-1.0008629999999998,GNB,940310
32058018,88,9912,2013,1365.0,141355.0,-2.414729,-0.9398700000000001,GNB,940310
32058019,88,9912,2014,0.0,213017.0,-1.6723700000000001,-0.896442,GNB,940310
32058020,88,9912,2015,0.0,377071.0,-2.6546,-1.010989,GNB,940310
32058021,88,9912,2016,0.0,177872.0,-1.671858,-1.043328,GNB,940310
32058022,88,9912,2017,0.0,301878.0,-2.418518,-0.954242,GNB,940310
32058023,88,9912,2018,0.0,117120.0,-2.260375,-1.038929,GNB,940310
32058024,88,9912,2019,0.0,107388.0,-1.9842009999999999,-1.0293379999999999,GNB,940310
32058025,88,9912,2020,1107.0,181671.0,-1.172138,-0.944076,GNB,940310
32058026,89,9912,1995,2776.0,81757.0,-2.276493,-0.847433,GNQ,940310
32058027,89,9912,1996,0.0,33194.0,-1.832253,-0.7935300000000001,GNQ,940310
32058028,89,9912,1997,0.0,55279.0,-1.447242,-0.830466,GNQ,940310
32058029,89,9912,1998,0.0,49511.0,-2.5150919999999997,-0.9077930000000001,GNQ,940310
32058030,89,9912,1999,0.0,42218.0,-1.390101,-0.91989,GNQ,940310
32058031,89,9912,2000,0.0,61639.0,-2.387934,-0.9495290000000001,GNQ,940310
32058032,89,9912,2001,0.0,83064.0,-2.0882959999999997,-0.921539,GNQ,940310
32058033,89,9912,2002,0.0,92144.0,-2.3567560000000003,-0.88686,GNQ,940310
32058034,89,9912,2003,0.0,369760.0,-2.4406529999999997,-0.821155,GNQ,940310
32058035,89,9912,2004,0.0,417622.0,-1.093261,-0.8802639999999999,GNQ,940310
32058036,89,9912,2005,0.0,198060.0,-1.804466,-0.83998,GNQ,940310
32058037,89,9912,2006,2383.0,681619.0,-2.188173,-0.8631700000000001,GNQ,940310
32058038,89,9912,2007,1993.0,735791.0,-1.406911,-0.8466950000000001,GNQ,940310
32058039,89,9912,2008,11162.0,986222.0,-1.059208,-0.843542,GNQ,940310
32058040,89,9912,2009,17458.0,2666711.0,-1.426661,-0.9459870000000001,GNQ,940310
32058041,89,9912,2010,39290.0,2160500.0,-1.077402,-0.86556,GNQ,940310
32058042,89,9912,2011,0.0,2610073.0,-1.634315,-0.7567729999999999,GNQ,940310
32058043,89,9912,2012,0.0,1661482.0,-1.297351,-0.926208,GNQ,940310
32058044,89,9912,2013,0.0,2141159.0,-1.521575,-0.814708,GNQ,940310
32058045,89,9912,2014,0.0,2365160.0,-2.043516,-0.844701,GNQ,940310
32058046,89,9912,2015,0.0,762825.0,-1.585577,-0.9044979999999999,GNQ,940310
32058047,89,9912,2016,3428.0,1197465.0,-1.766286,-0.9607709999999999,GNQ,940310
32058048,89,9912,2017,0.0,831712.0,-1.735486,-0.9254180000000001,GNQ,940310
32058049,89,9912,2018,0.0,1747746.0,-2.017117,-0.975924,GNQ,940310
32058050,89,9912,2019,0.0,631989.0,-1.9057680000000001,-0.968132,GNQ,940310
32058051,89,9912,2020,0.0,722420.0,-1.5979940000000001,-0.9529340000000001,GNQ,940310
32058052,90,9912,1995,630360.0,3046106.0,0.17369,0.885756,GRC,940310
32058053,90,9912,1996,1099669.0,3391646.0,0.271386,1.042608,GRC,940310
32058054,90,9912,1997,457755.0,5238378.0,0.229516,1.085225,GRC,940310
32058055,90,9912,1998,842569.0,2940995.0,0.183835,1.1512790000000002,GRC,940310
32058056,90,9912,1999,622685.0,4505103.0,0.24943600000000002,1.172467,GRC,940310
32058057,90,9912,2000,683333.0,4880720.0,0.30201300000000003,1.4171799999999999,GRC,940310
32058058,90,9912,2001,488494.0,5965162.0,0.31387600000000004,1.3614600000000001,GRC,940310
32058059,90,9912,2002,765175.0,5502738.0,0.31858000000000003,1.47417,GRC,940310
32058060,90,9912,2003,1403927.0,6289311.0,0.364688,1.4823959999999998,GRC,940310
32058061,90,9912,2004,1100391.0,11697897.0,0.348853,1.661656,GRC,940310
32058062,90,9912,2005,1000074.0,8499959.0,0.321907,1.7731669999999997,GRC,940310
32058063,90,9912,2006,1368614.0,10647949.0,0.261955,1.488958,GRC,940310
32058064,90,9912,2007,3431770.0,14403502.0,0.348709,1.674567,GRC,940310
32058065,90,9912,2008,3015117.0,15321348.0,0.33272399999999996,1.758188,GRC,940310
32058066,90,9912,2009,2550383.0,9182904.0,0.2196,1.63301,GRC,940310
32058067,90,9912,2010,2366027.0,7448635.0,0.200249,1.4640090000000001,GRC,940310
32058068,90,9912,2011,2417351.0,4181860.0,0.138679,1.30044,GRC,940310
32058069,90,9912,2012,960298.0,3436046.0,0.20949600000000002,1.086158,GRC,940310
32058070,90,9912,2013,4376275.0,3812799.0,0.18823800000000002,0.910906,GRC,940310
32058071,90,9912,2014,5528445.0,5545381.0,0.149337,0.8560540000000001,GRC,940310
32058072,90,9912,2015,1520684.0,5819496.0,0.099027,1.012289,GRC,940310
32058073,90,9912,2016,1973944.0,6451549.0,0.12153499999999999,1.126101,GRC,940310
32058074,90,9912,2017,2441126.0,4026494.0,0.154098,1.151038,GRC,940310
32058075,90,9912,2018,2149633.0,5711356.0,0.059539999999999996,1.0321879999999999,GRC,940310
32058076,90,9912,2019,2007926.0,6549057.0,0.08904400000000001,1.059396,GRC,940310
32058077,90,9912,2020,5062429.0,5991373.0,0.199011,1.087811,GRC,940310
32058078,91,9912,1995,0.0,165066.0,0.15883699999999998,-0.514984,GRD,940310
32058079,91,9912,1996,0.0,164018.0,0.285534,-0.37242600000000003,GRD,940310
32058080,91,9912,1997,3582.0,241164.0,0.24891799999999997,-0.44986499999999996,GRD,940310
32058081,91,9912,1998,0.0,192208.0,-0.249689,-0.7117,GRD,940310
32058082,91,9912,1999,0.0,85598.0,-0.157276,-0.625791,GRD,940310
32058083,91,9912,2000,823.0,270037.0,0.26865500000000003,-0.449797,GRD,940310
32058084,91,9912,2001,0.0,153427.0,-0.007888,-0.518167,GRD,940310
32058085,91,9912,2002,0.0,113887.0,0.552833,-0.283761,GRD,940310
32058086,91,9912,2003,3585.0,351888.0,0.3936,-0.258355,GRD,940310
32058087,91,9912,2004,0.0,111321.0,0.40210100000000004,-0.382662,GRD,940310
32058088,91,9912,2005,0.0,302174.0,0.18640299999999999,-0.5731930000000001,GRD,940310
32058089,91,9912,2006,0.0,257453.0,0.19208599999999998,-0.40781,GRD,940310
32058090,91,9912,2007,0.0,228019.0,0.043229000000000004,-0.664795,GRD,940310
32058091,91,9912,2008,0.0,297837.0,0.6186010000000001,-0.170518,GRD,940310
32058092,91,9912,2009,0.0,207903.0,0.035948,-0.586996,GRD,940310
32058093,91,9912,2010,0.0,133151.0,-0.1543,-0.779396,GRD,940310
32058094,91,9912,2011,0.0,115151.0,-0.11610999999999999,-0.579971,GRD,940310
32058095,91,9912,2012,0.0,326899.0,0.20538800000000001,-0.529008,GRD,940310
32058096,91,9912,2013,52092.0,95568.0,0.073206,-0.567926,GRD,940310
32058097,91,9912,2014,0.0,109632.0,-0.184151,-0.7291270000000001,GRD,940310
32058098,91,9912,2015,0.0,71600.0,0.296552,-0.335908,GRD,940310
32058099,91,9912,2016,23229.0,73988.0,0.6993729999999999,-0.250698,GRD,940310
32058100,91,9912,2017,0.0,258759.0,0.384656,-0.317098,GRD,940310
32058101,91,9912,2018,2177.0,143179.0,0.28333800000000003,-0.40042,GRD,940310
32058102,91,9912,2019,0.0,506620.0,0.297653,-0.409112,GRD,940310
32058103,91,9912,2020,0.0,169012.0,0.285169,-0.284221,GRD,940310
32058104,92,9912,1995,0.0,560725.0,-0.723404,-0.794883,GRL,940310
32058105,92,9912,1996,0.0,654533.0,-0.8826879999999999,-0.777868,GRL,940310
32058106,92,9912,1997,1232.0,489395.0,-0.880433,-0.8654799999999999,GRL,940310
32058107,92,9912,1998,0.0,292002.0,-1.011085,-0.8786809999999999,GRL,940310
32058108,92,9912,1999,3236.0,592238.0,-0.832216,-0.906492,GRL,940310
32058109,92,9912,2000,0.0,388214.0,-0.565631,-0.867934,GRL,940310
32058110,92,9912,2001,0.0,272639.0,0.199595,-0.73547,GRL,940310
32058111,92,9912,2002,0.0,631344.0,-0.592221,-0.8956799999999999,GRL,940310
32058112,92,9912,2003,0.0,483458.0,-0.764655,-0.8684200000000001,GRL,940310
32058113,92,9912,2004,0.0,541117.0,-1.31451,-0.969981,GRL,940310
32058114,92,9912,2005,0.0,430571.0,-0.8994700000000001,-0.922005,GRL,940310
32058115,92,9912,2006,0.0,358236.0,-1.0014,-0.935995,GRL,940310
32058116,92,9912,2007,0.0,1048127.0,-1.102012,-0.978591,GRL,940310
32058117,92,9912,2008,0.0,841213.0,-0.669996,-0.909798,GRL,940310
32058118,92,9912,2009,0.0,563596.0,-1.29302,-1.024092,GRL,940310
32058119,92,9912,2010,0.0,467472.0,-0.45149700000000004,-0.9039299999999999,GRL,940310
32058120,92,9912,2011,0.0,557390.0,-0.669044,-0.787142,GRL,940310
32058121,92,9912,2012,0.0,1289918.0,-0.723743,-0.938377,GRL,940310
32058122,92,9912,2013,0.0,1332533.0,-0.801617,-0.8734120000000001,GRL,940310
32058123,92,9912,2014,0.0,1020234.0,-1.168495,-0.93096,GRL,940310
32058124,92,9912,2015,0.0,600740.0,-1.017707,-0.913467,GRL,940310
32058125,92,9912,2016,0.0,948220.0,-1.15173,-0.9915700000000001,GRL,940310
32058126,92,9912,2017,0.0,1100912.0,-1.226963,-0.9309620000000001,GRL,940310
32058127,92,9912,2018,0.0,1016355.0,-1.384795,-1.004781,GRL,940310
32058128,92,9912,2019,0.0,1529399.0,-0.808258,-0.936559,GRL,940310
32058129,92,9912,2020,0.0,954813.0,-1.262925,-0.9767549999999999,GRL,940310
32058130,93,9912,1995,299988.0,1970477.0,-0.241468,0.170932,GTM,940310
32058131,93,9912,1996,218906.0,1693212.0,-0.332901,0.23790300000000003,GTM,940310
32058132,93,9912,1997,151971.0,2681964.0,-0.310042,0.2096,GTM,940310
32058133,93,9912,1998,232659.0,3235899.0,-0.344999,0.155524,GTM,940310
32058134,93,9912,1999,215447.0,5300481.0,-0.459323,0.210247,GTM,940310
32058135,93,9912,2000,161756.0,3134473.0,-0.452607,0.317698,GTM,940310
32058136,93,9912,2001,121220.0,2002581.0,-0.5089520000000001,0.216677,GTM,940310
32058137,93,9912,2002,171391.0,2052859.0,-0.548834,-0.034464999999999996,GTM,940310
32058138,93,9912,2003,221165.0,1790584.0,-0.444162,0.145319,GTM,940310
32058139,93,9912,2004,150388.0,1581004.0,-0.46136000000000005,0.148122,GTM,940310
32058140,93,9912,2005,201129.0,1326745.0,-0.414479,0.41440200000000005,GTM,940310
32058141,93,9912,2006,264930.0,1759910.0,-0.28642199999999995,0.5868439999999999,GTM,940310
32058142,93,9912,2007,504662.0,1756441.0,-0.261899,0.643437,GTM,940310
32058143,93,9912,2008,1259261.0,1411012.0,-0.271973,0.720486,GTM,940310
32058144,93,9912,2009,640937.0,1293845.0,-0.33276999999999995,0.551257,GTM,940310
32058145,93,9912,2010,797373.0,2227521.0,-0.39034,0.743521,GTM,940310
32058146,93,9912,2011,1137187.0,1310214.0,-0.329497,0.775369,GTM,940310
32058147,93,9912,2012,1412778.0,1302443.0,-0.265127,0.626089,GTM,940310
32058148,93,9912,2013,1602881.0,1827722.0,-0.41466499999999995,0.774788,GTM,940310
32058149,93,9912,2014,2036041.0,1638167.0,-0.36547199999999996,0.548894,GTM,940310
32058150,93,9912,2015,1969554.0,1558952.0,-0.284403,0.525564,GTM,940310
32058151,93,9912,2016,2574238.0,1715006.0,-0.414843,0.382162,GTM,940310
32058152,93,9912,2017,2572449.0,1487249.0,-0.418538,0.557454,GTM,940310
32058153,93,9912,2018,2268881.0,1585367.0,-0.362668,0.520826,GTM,940310
32058154,93,9912,2019,1791694.0,1343540.0,-0.43447299999999994,0.658475,GTM,940310
32058155,93,9912,2020,1399118.0,1134862.0,-0.32240100000000005,0.542048,GTM,940310
32058156,94,9912,1995,0.0,975813.0,1.1777959999999998,-0.052863,GUF,940310
32058157,94,9912,1996,,,,,GUF,940310
32058158,94,9912,1997,,,,,GUF,940310
32058159,94,9912,1998,,,,,GUF,940310
32058160,94,9912,1999,,,,,GUF,940310
32058161,94,9912,2000,,,,,GUF,940310
32058162,94,9912,2001,,,,,GUF,940310
32058163,94,9912,2002,,,,,GUF,940310
32058164,94,9912,2003,,,,,GUF,940310
32058165,94,9912,2004,,,,,GUF,940310
32058166,94,9912,2005,,,,,GUF,940310
32058167,94,9912,2006,,,,,GUF,940310
32058168,94,9912,2007,,,,,GUF,940310
32058169,94,9912,2008,,,,,GUF,940310
32058170,94,9912,2009,,,,,GUF,940310
32058171,94,9912,2010,,,,,GUF,940310
32058172,94,9912,2011,,,,,GUF,940310
32058173,94,9912,2012,,,,,GUF,940310
32058174,94,9912,2013,,,,,GUF,940310
32058175,94,9912,2014,,,,,GUF,940310
32058176,94,9912,2015,,,,,GUF,940310
32058177,94,9912,2016,,,,,GUF,940310
32058178,94,9912,2017,,,,,GUF,940310
32058179,94,9912,2018,,,,,GUF,940310
32058180,94,9912,2019,,,,,GUF,940310
32058181,94,9912,2020,,,,,GUF,940310
32058182,95,9912,1995,,,,,GUM,940310
32058183,95,9912,1996,,,,,GUM,940310
32058184,95,9912,1997,,,,,GUM,940310
32058185,95,9912,1998,,,,,GUM,940310
32058186,95,9912,1999,,,,,GUM,940310
32058187,95,9912,2000,0.0,74040.0,-0.432621,-0.897784,GUM,940310
32058188,95,9912,2001,0.0,88616.0,-0.228818,-0.8545719999999999,GUM,940310
32058189,95,9912,2002,0.0,48456.0,-0.516203,-0.803461,GUM,940310
32058190,95,9912,2003,1603.0,77716.0,-0.139991,-0.570695,GUM,940310
32058191,95,9912,2004,3529.0,431263.0,0.13034500000000002,-0.40525700000000003,GUM,940310
32058192,95,9912,2005,2903.0,268102.0,0.10963699999999998,-0.44295,GUM,940310
32058193,95,9912,2006,15105.0,466429.0,0.385261,-0.26928,GUM,940310
32058194,95,9912,2007,1428.0,563717.0,0.571674,-0.282353,GUM,940310
32058195,95,9912,2008,1275.0,275899.0,0.33915,-0.240079,GUM,940310
32058196,95,9912,2009,39355.0,294653.0,0.518098,-0.124172,GUM,940310
32058197,95,9912,2010,32356.0,391310.0,0.726384,0.182999,GUM,940310
32058198,95,9912,2011,23784.0,366490.0,0.675826,0.157468,GUM,940310
32058199,95,9912,2012,14117.0,270301.0,0.392913,-0.070977,GUM,940310
32058200,95,9912,2013,59735.0,221773.0,0.483541,0.281968,GUM,940310
32058201,95,9912,2014,2058.0,93630.0,0.6368119999999999,-0.01771,GUM,940310
32058202,95,9912,2015,0.0,51084.0,0.658226,0.030897000000000004,GUM,940310
32058203,95,9912,2016,41944.0,116015.0,0.659809,-0.066939,GUM,940310
32058204,95,9912,2017,41488.0,465570.0,0.638232,0.033204000000000004,GUM,940310
32058205,95,9912,2018,5281.0,97479.0,0.560314,-0.11880299999999999,GUM,940310
32058206,95,9912,2019,0.0,119163.0,0.12159400000000001,-0.657729,GUM,940310
32058207,95,9912,2020,0.0,259340.0,0.27266399999999996,-0.638288,GUM,940310
32058208,96,9912,1995,0.0,351466.0,-0.8856,-0.8413700000000001,GUY,940310
32058209,96,9912,1996,0.0,112882.0,-0.567617,-0.766822,GUY,940310
32058210,96,9912,1997,1318.0,98199.0,-0.7141810000000001,-0.8589030000000001,GUY,940310
32058211,96,9912,1998,1000.0,114738.0,-0.8204450000000001,-0.8914200000000001,GUY,940310
32058212,96,9912,1999,0.0,58761.0,-0.97619,-0.8785709999999999,GUY,940310
32058213,96,9912,2000,0.0,126378.0,-1.127205,-0.962915,GUY,940310
32058214,96,9912,2001,0.0,83430.0,-0.955816,-0.8593069999999999,GUY,940310
32058215,96,9912,2002,0.0,133286.0,-0.9485889999999999,-0.9086489999999999,GUY,940310
32058216,96,9912,2003,0.0,83911.0,-0.59035,-0.7361340000000001,GUY,940310
32058217,96,9912,2004,0.0,70076.0,-1.046232,-0.985188,GUY,940310
32058218,96,9912,2005,0.0,116011.0,-0.618542,-0.771821,GUY,940310
32058219,96,9912,2006,0.0,119842.0,-0.813775,-0.8000649999999999,GUY,940310
32058220,96,9912,2007,4140.0,127494.0,-0.889957,-0.873185,GUY,940310
32058221,96,9912,2008,0.0,349603.0,-1.0439530000000001,-0.962007,GUY,940310
32058222,96,9912,2009,7380.0,160326.0,-1.0557809999999999,-1.055825,GUY,940310
32058223,96,9912,2010,1439.0,1323616.0,-1.020217,-1.0231569999999999,GUY,940310
32058224,96,9912,2011,1067.0,151931.0,-1.079231,-1.0280989999999999,GUY,940310
32058225,96,9912,2012,3129.0,348596.0,-0.734614,-0.8208489999999999,GUY,940310
32058226,96,9912,2013,0.0,229307.0,-0.8555590000000001,-0.9744450000000001,GUY,940310
32058227,96,9912,2014,3396.0,266238.0,-1.068777,-1.038227,GUY,940310
32058228,96,9912,2015,0.0,309789.0,-1.018758,-1.056085,GUY,940310
32058229,96,9912,2016,0.0,255367.0,-0.4755,-0.778335,GUY,940310
32058230,96,9912,2017,0.0,184686.0,-0.703271,-0.898648,GUY,940310
32058231,96,9912,2018,3544.0,525026.0,-0.841458,-0.9803280000000001,GUY,940310
32058232,96,9912,2019,1308.0,590793.0,-0.308365,-0.7833359999999999,GUY,940310
32058233,96,9912,2020,268.0,411067.0,-0.5874159999999999,-0.8020189999999999,GUY,940310
32058234,97,9912,1995,5188337.0,49405727.0,0.5244449999999999,2.682738,HKG,940310
32058235,97,9912,1996,4245761.0,40900937.0,0.54364,2.727659,HKG,940310
32058236,97,9912,1997,3531559.0,45982991.0,0.521942,2.578405,HKG,940310
32058237,97,9912,1998,3484585.0,33615104.0,0.46966099999999994,2.5744029999999998,HKG,940310
32058238,97,9912,1999,5521262.0,31202737.0,0.387427,2.402434,HKG,940310
32058239,97,9912,2000,3673616.0,37025236.0,0.416202,2.4793950000000002,HKG,940310
32058240,97,9912,2001,5866663.0,24678331.0,0.521528,2.3025,HKG,940310
32058241,97,9912,2002,4134765.0,18706349.0,0.5701109999999999,1.989357,HKG,940310
32058242,97,9912,2003,4955313.0,17539319.0,0.494569,2.147062,HKG,940310
32058243,97,9912,2004,7357306.0,22920386.0,0.604825,2.098745,HKG,940310
32058244,97,9912,2005,8572481.0,21602697.0,0.5862149999999999,2.0303459999999998,HKG,940310
32058245,97,9912,2006,14187678.0,21848088.0,0.5776319999999999,2.076782,HKG,940310
32058246,97,9912,2007,15845998.0,24804547.0,0.639034,2.1086009999999997,HKG,940310
32058247,97,9912,2008,11016472.0,24605890.0,0.74435,2.149616,HKG,940310
32058248,97,9912,2009,5945993.0,19003323.0,0.654964,1.98672,HKG,940310
32058249,97,9912,2010,9160192.0,27315460.0,0.715745,1.9780259999999998,HKG,940310
32058250,97,9912,2011,16515689.0,31870595.0,0.663588,1.902118,HKG,940310
32058251,97,9912,2012,10740605.0,31488522.0,0.8124979999999999,1.677497,HKG,940310
32058252,97,9912,2013,11618237.0,28841959.0,0.744383,1.923139,HKG,940310
32058253,97,9912,2014,11496405.0,25232795.0,0.812132,1.722493,HKG,940310
32058254,97,9912,2015,8577712.0,30353525.0,0.8255290000000001,1.8017279999999998,HKG,940310
32058255,97,9912,2016,12032860.0,28121164.0,0.8029029999999999,1.477249,HKG,940310
32058256,97,9912,2017,10919695.0,25852911.0,0.824982,1.7162220000000001,HKG,940310
32058257,97,9912,2018,12631459.0,30899602.0,0.843677,1.656073,HKG,940310
32058258,97,9912,2019,7574408.0,34082318.0,0.992556,1.523004,HKG,940310
32058259,97,9912,2020,4757023.0,23796033.0,1.070483,1.183618,HKG,940310
32058260,98,9912,1995,,,,,HMD,940310
32058261,98,9912,1996,,,,,HMD,940310
32058262,98,9912,1997,,,,,HMD,940310
32058263,98,9912,1998,,,,,HMD,940310
32058264,98,9912,1999,,,,,HMD,940310
32058265,98,9912,2000,,,0.5964520000000001,-0.776101,HMD,940310
32058266,98,9912,2001,,,0.646155,-0.73333,HMD,940310
32058267,98,9912,2002,,,0.0012929999999999999,-0.8448479999999999,HMD,940310
32058268,98,9912,2003,,,1.144117,-0.703569,HMD,940310
32058269,98,9912,2004,,,0.462296,-0.784625,HMD,940310
32058270,98,9912,2005,,,-1.00294,-0.900342,HMD,940310
32058271,98,9912,2006,,,0.247049,-0.780273,HMD,940310
32058272,98,9912,2007,,,0.645392,-0.6719970000000001,HMD,940310
32058273,98,9912,2008,,,0.319506,-0.794439,HMD,940310
32058274,98,9912,2009,,,1.877332,-0.753691,HMD,940310
32058275,98,9912,2010,,,1.514377,-0.696689,HMD,940310
32058276,98,9912,2011,,,1.101177,-0.534424,HMD,940310
32058277,98,9912,2012,,,-1.101992,-0.773688,HMD,940310
32058278,98,9912,2013,,,-1.285513,-0.81486,HMD,940310
32058279,98,9912,2014,,,1.634657,-0.634681,HMD,940310
32058280,98,9912,2015,,,0.7990550000000001,-0.871886,HMD,940310
32058281,98,9912,2016,,,1.1556879999999998,-0.877059,HMD,940310
32058282,98,9912,2017,,,1.734589,-0.733194,HMD,940310
32058283,98,9912,2018,,,0.799866,-0.8623620000000001,HMD,940310
32058284,98,9912,2019,,,-0.20277799999999999,-0.928184,HMD,940310
32058285,98,9912,2020,,,1.878707,-0.7548239999999999,HMD,940310
32058286,99,9912,1995,476822.0,672432.0,-0.765536,-0.668834,HND,940310
32058287,99,9912,1996,701621.0,1712959.0,-0.69357,-0.48721400000000004,HND,940310
32058288,99,9912,1997,443794.0,1000933.0,-0.832161,-0.5578270000000001,HND,940310
32058289,99,9912,1998,760288.0,602268.0,-0.9326049999999999,-0.598527,HND,940310
32058290,99,9912,1999,851655.0,1028199.0,-0.8858290000000001,-0.530034,HND,940310
32058291,99,9912,2000,826908.0,803255.0,-0.860977,-0.6851109999999999,HND,940310
32058292,99,9912,2001,923338.0,725025.0,-0.8003060000000001,-0.602097,HND,940310
32058293,99,9912,2002,865471.0,499627.0,-0.877043,-0.658185,HND,940310
32058294,99,9912,2003,876404.0,541493.0,-0.733546,-0.568585,HND,940310
32058295,99,9912,2004,975495.0,749778.0,-0.75975,-0.548407,HND,940310
32058296,99,9912,2005,1095270.0,844455.0,-0.731899,-0.54884,HND,940310
32058297,99,9912,2006,707531.0,865673.0,-0.672074,-0.472138,HND,940310
32058298,99,9912,2007,1643230.0,2183188.0,-0.6366,-0.327447,HND,940310
32058299,99,9912,2008,1581347.0,7041766.0,-0.5907,-0.351317,HND,940310
32058300,99,9912,2009,1112856.0,533312.0,-0.587607,-0.189167,HND,940310
32058301,99,9912,2010,2064485.0,673887.0,-0.569501,-0.153122,HND,940310
32058302,99,9912,2011,1545679.0,605236.0,-0.740241,-0.311952,HND,940310
32058303,99,9912,2012,1265360.0,3927171.0,-0.45962299999999995,-0.002247,HND,940310
32058304,99,9912,2013,1511884.0,2490400.0,-0.731431,-0.310927,HND,940310
32058305,99,9912,2014,1017825.0,485248.0,-0.467004,0.045511,HND,940310
32058306,99,9912,2015,880014.0,1483110.0,-0.578635,-0.292053,HND,940310
32058307,99,9912,2016,1022206.0,886074.0,-0.673741,-0.403777,HND,940310
32058308,99,9912,2017,923272.0,890976.0,-0.6335689999999999,-0.334201,HND,940310
32058309,99,9912,2018,842150.0,1533566.0,-0.523738,-0.193198,HND,940310
32058310,99,9912,2019,563256.0,1618604.0,-0.6444439999999999,-0.203443,HND,940310
32058311,99,9912,2020,393285.0,1182342.0,-0.583329,-0.404227,HND,940310
32058312,100,9912,1995,130346.0,3789360.0,0.75325,1.395715,HRV,940310
32058313,100,9912,1996,176787.0,4755007.0,0.772706,1.1075270000000002,HRV,940310
32058314,100,9912,1997,125757.0,3620135.0,0.607903,1.147751,HRV,940310
32058315,100,9912,1998,109875.0,2855259.0,0.692779,0.9919530000000001,HRV,940310
32058316,100,9912,1999,122581.0,1791910.0,0.572934,0.9873639999999999,HRV,940310
32058317,100,9912,2000,74669.0,2116012.0,0.683921,1.0184959999999998,HRV,940310
32058318,100,9912,2001,74808.0,3082069.0,0.544596,0.969535,HRV,940310
32058319,100,9912,2002,297451.0,4609607.0,0.591276,1.030723,HRV,940310
32058320,100,9912,2003,436282.0,5554211.0,0.568394,1.230759,HRV,940310
32058321,100,9912,2004,339261.0,4442972.0,0.6669970000000001,1.088043,HRV,940310
32058322,100,9912,2005,455687.0,4345338.0,0.687937,1.059269,HRV,940310
32058323,100,9912,2006,609468.0,5122410.0,0.755787,0.992614,HRV,940310
32058324,100,9912,2007,1182330.0,6453039.0,0.7799699999999999,1.1047850000000001,HRV,940310
32058325,100,9912,2008,1401029.0,6566263.0,0.874459,1.075102,HRV,940310
32058326,100,9912,2009,795657.0,4497531.0,0.740174,1.005258,HRV,940310
32058327,100,9912,2010,969347.0,2133033.0,0.8276979999999999,0.97415,HRV,940310
32058328,100,9912,2011,329846.0,2696628.0,0.868294,0.9424299999999999,HRV,940310
32058329,100,9912,2012,551652.0,1812631.0,0.890281,1.02053,HRV,940310
32058330,100,9912,2013,697828.0,1798291.0,0.898284,1.038807,HRV,940310
32058331,100,9912,2014,921346.0,2428064.0,0.804401,1.250807,HRV,940310
32058332,100,9912,2015,513378.0,2295008.0,0.7590140000000001,1.257415,HRV,940310
32058333,100,9912,2016,530967.0,2679708.0,0.8695200000000001,1.214791,HRV,940310
32058334,100,9912,2017,752894.0,3057595.0,0.860825,1.365445,HRV,940310
32058335,100,9912,2018,903304.0,3682123.0,0.7923720000000001,1.4047209999999999,HRV,940310
32058336,100,9912,2019,1250814.0,3874739.0,0.850527,1.280845,HRV,940310
32058337,100,9912,2020,1255540.0,3178194.0,0.876001,1.250877,HRV,940310
32058338,101,9912,1995,0.0,518748.0,-0.761827,-0.6020310000000001,HTI,940310
32058339,101,9912,1996,0.0,716633.0,-0.865218,-0.723441,HTI,940310
32058340,101,9912,1997,0.0,623339.0,-0.945809,-0.7246560000000001,HTI,940310
32058341,101,9912,1998,0.0,864116.0,-1.186197,-0.925901,HTI,940310
32058342,101,9912,1999,0.0,974704.0,-1.321531,-0.934434,HTI,940310
32058343,101,9912,2000,0.0,409124.0,-1.119661,-0.823765,HTI,940310
32058344,101,9912,2001,0.0,486951.0,-1.220515,-0.8502200000000001,HTI,940310
32058345,101,9912,2002,0.0,367928.0,-1.220251,-0.8176859999999999,HTI,940310
32058346,101,9912,2003,0.0,320274.0,-1.3761290000000002,-1.006346,HTI,940310
32058347,101,9912,2004,2205.0,314478.0,-1.348507,-0.979369,HTI,940310
32058348,101,9912,2005,0.0,846862.0,-1.2804229999999999,-1.018106,HTI,940310
32058349,101,9912,2006,0.0,698493.0,-1.037941,-0.9475790000000001,HTI,940310
32058350,101,9912,2007,0.0,1188795.0,-1.070524,-1.046209,HTI,940310
32058351,101,9912,2008,3051.0,1037649.0,-1.087836,-0.967734,HTI,940310
32058352,101,9912,2009,0.0,1815453.0,-1.406148,-1.108465,HTI,940310
32058353,101,9912,2010,0.0,2420894.0,-1.369873,-1.121801,HTI,940310
32058354,101,9912,2011,0.0,2410842.0,-1.263093,-1.086658,HTI,940310
32058355,101,9912,2012,0.0,1806650.0,-0.8495739999999999,-0.972046,HTI,940310
32058356,101,9912,2013,0.0,1641365.0,-1.095392,-0.957326,HTI,940310
32058357,101,9912,2014,0.0,1935799.0,-1.10887,-1.032108,HTI,940310
32058358,101,9912,2015,0.0,1142481.0,-1.288246,-1.018979,HTI,940310
32058359,101,9912,2016,0.0,1273819.0,-1.30976,-1.010181,HTI,940310
32058360,101,9912,2017,0.0,1107568.0,-1.0089219999999999,-0.946722,HTI,940310
32058361,101,9912,2018,2333.0,816570.0,-0.914545,-0.890601,HTI,940310
32058362,101,9912,2019,0.0,1030338.0,-1.120295,-0.967447,HTI,940310
32058363,101,9912,2020,1531.0,392041.0,-1.028076,-0.884073,HTI,940310
32058364,102,9912,1995,1271172.0,6864911.0,0.878711,1.8200060000000002,HUN,940310
32058365,102,9912,1996,2876003.0,6978127.0,0.790036,1.891534,HUN,940310
32058366,102,9912,1997,1900154.0,7077148.0,0.746743,1.577102,HUN,940310
32058367,102,9912,1998,1577474.0,6756259.0,0.780392,1.450701,HUN,940310
32058368,102,9912,1999,2054614.0,9847311.0,0.794675,1.308337,HUN,940310
32058369,102,9912,2000,2162647.0,10254650.0,1.045661,1.198236,HUN,940310
32058370,102,9912,2001,1820559.0,5957596.0,1.102262,1.138016,HUN,940310
32058371,102,9912,2002,2264997.0,6582030.0,1.179684,1.0574860000000001,HUN,940310
32058372,102,9912,2003,3150264.0,7246804.0,1.2003270000000001,1.091407,HUN,940310
32058373,102,9912,2004,2046999.0,7637296.0,1.207082,1.019714,HUN,940310
32058374,102,9912,2005,2028064.0,7273987.0,1.3558,0.876179,HUN,940310
32058375,102,9912,2006,2193224.0,9142495.0,1.4034309999999999,0.835144,HUN,940310
32058376,102,9912,2007,5307710.0,12738372.0,1.4887709999999998,0.78372,HUN,940310
32058377,102,9912,2008,5867753.0,12369761.0,1.3358299999999999,0.8177770000000001,HUN,940310
32058378,102,9912,2009,3790751.0,7144207.0,1.397765,0.772375,HUN,940310
32058379,102,9912,2010,4717249.0,11035703.0,1.514225,0.740341,HUN,940310
32058380,102,9912,2011,3738995.0,9615088.0,1.486592,0.805642,HUN,940310
32058381,102,9912,2012,11114783.0,7537000.0,1.396648,0.759196,HUN,940310
32058382,102,9912,2013,9193084.0,5991633.0,1.506101,0.7279220000000001,HUN,940310
32058383,102,9912,2014,8099836.0,5486594.0,1.477093,0.812869,HUN,940310
32058384,102,9912,2015,7028307.0,6725801.0,1.462839,0.803258,HUN,940310
32058385,102,9912,2016,8452107.0,6879086.0,1.445281,0.8422209999999999,HUN,940310
32058386,102,9912,2017,8466495.0,7263578.0,1.4886270000000001,0.845986,HUN,940310
32058387,102,9912,2018,9920447.0,13483753.0,1.519662,0.833092,HUN,940310
32058388,102,9912,2019,10510029.0,10411740.0,1.462102,0.809183,HUN,940310
32058389,102,9912,2020,10106565.0,11085299.0,1.393152,0.878916,HUN,940310
32058390,103,9912,1995,1099016.0,750245.0,-0.391727,1.174727,IDN,940310
32058391,103,9912,1996,1399209.0,1202826.0,-0.43199899999999997,1.22074,IDN,940310
32058392,103,9912,1997,2114161.0,1048770.0,-0.44080699999999995,1.220104,IDN,940310
32058393,103,9912,1998,2422202.0,1094691.0,-0.478253,1.350652,IDN,940310
32058394,103,9912,1999,1512899.0,725198.0,-0.20447,1.568505,IDN,940310
32058395,103,9912,2000,1500486.0,1160707.0,-0.125831,1.7116360000000002,IDN,940310
32058396,103,9912,2001,1351869.0,564417.0,-0.167771,1.6587889999999998,IDN,940310
32058397,103,9912,2002,1860158.0,1050680.0,-0.10020499999999999,1.590314,IDN,940310
32058398,103,9912,2003,2381882.0,1654203.0,-0.16802,1.7252990000000001,IDN,940310
32058399,103,9912,2004,2785502.0,1644611.0,-0.223644,1.719065,IDN,940310
32058400,103,9912,2005,2722048.0,3003661.0,-0.273208,1.5252379999999999,IDN,940310
32058401,103,9912,2006,3779116.0,3287308.0,-0.21012399999999998,1.467838,IDN,940310
32058402,103,9912,2007,3724044.0,4473803.0,-0.192415,1.497962,IDN,940310
32058403,103,9912,2008,4289358.0,6408853.0,-0.11154000000000001,1.4879850000000001,IDN,940310
32058404,103,9912,2009,1971028.0,6850353.0,-0.253835,1.260101,IDN,940310
32058405,103,9912,2010,3035676.0,13183020.0,-0.30878099999999997,1.07069,IDN,940310
32058406,103,9912,2011,3816286.0,13669782.0,-0.234125,1.168384,IDN,940310
32058407,103,9912,2012,2625474.0,20960964.0,-0.142318,1.281781,IDN,940310
32058408,103,9912,2013,3011865.0,38084637.0,-0.216854,1.415728,IDN,940310
32058409,103,9912,2014,7136262.0,21576658.0,-0.088032,1.3966459999999998,IDN,940310
32058410,103,9912,2015,4151271.0,20803894.0,-0.145103,1.277362,IDN,940310
32058411,103,9912,2016,4577567.0,24140423.0,-0.158496,1.492067,IDN,940310
32058412,103,9912,2017,5686247.0,25178948.0,-0.23641700000000002,1.188173,IDN,940310
32058413,103,9912,2018,4789308.0,34515933.0,-0.10130499999999999,1.2414209999999999,IDN,940310
32058414,103,9912,2019,5667135.0,34099484.0,-0.141811,1.385726,IDN,940310
32058415,103,9912,2020,3537728.0,33277305.0,-0.16761700000000002,1.571009,IDN,940310
32058416,104,9912,1995,2198534.0,477340.0,0.156183,1.9617380000000002,IND,940310
32058417,104,9912,1996,2598756.0,1224510.0,0.20685599999999998,2.317622,IND,940310
32058418,104,9912,1997,3291011.0,456231.0,0.262571,2.31305,IND,940310
32058419,104,9912,1998,3170355.0,1108056.0,0.274308,2.316908,IND,940310
32058420,104,9912,1999,3925443.0,969841.0,0.29945900000000003,2.438702,IND,940310
32058421,104,9912,2000,3216573.0,2142918.0,0.3961,2.553408,IND,940310
32058422,104,9912,2001,2457297.0,2710447.0,0.349744,2.665844,IND,940310
32058423,104,9912,2002,3910182.0,2473667.0,0.380867,2.608955,IND,940310
32058424,104,9912,2003,6968421.0,5692132.0,0.33014099999999996,2.836003,IND,940310
32058425,104,9912,2004,7776406.0,12296996.0,0.233348,2.790987,IND,940310
32058426,104,9912,2005,5813016.0,13943824.0,0.212108,2.817413,IND,940310
32058427,104,9912,2006,4457345.0,27472487.0,0.285652,2.731318,IND,940310
32058428,104,9912,2007,6700404.0,36979044.0,0.279475,2.7514939999999997,IND,940310
32058429,104,9912,2008,11535323.0,36227898.0,0.26694,2.926023,IND,940310
32058430,104,9912,2009,8674795.0,19806008.0,0.209867,2.254003,IND,940310
32058431,104,9912,2010,12629449.0,27573442.0,0.14485599999999998,2.408913,IND,940310
32058432,104,9912,2011,18180768.0,28117692.0,0.18276199999999998,2.398765,IND,940310
32058433,104,9912,2012,10331999.0,28246456.0,0.229996,2.4815110000000002,IND,940310
32058434,104,9912,2013,10231251.0,27206853.0,0.215356,2.3916209999999998,IND,940310
32058435,104,9912,2014,11090181.0,32094729.0,0.262042,2.6305080000000003,IND,940310
32058436,104,9912,2015,13297971.0,37271848.0,0.24230900000000002,2.8190880000000003,IND,940310
32058437,104,9912,2016,13809168.0,29659436.0,0.30976,2.61043,IND,940310
32058438,104,9912,2017,11306204.0,28857131.0,0.290576,2.726391,IND,940310
32058439,104,9912,2018,16016498.0,31531731.0,0.526015,2.448112,IND,940310
32058440,104,9912,2019,15845565.0,25146786.0,0.43196,2.661139,IND,940310
32058441,104,9912,2020,11627491.0,19283641.0,0.464674,2.838779,IND,940310
32058442,105,9912,1995,,,0.065578,-0.702364,IOT,940310
32058443,105,9912,1996,,,0.605992,-0.5621970000000001,IOT,940310
32058444,105,9912,1997,,,0.21188400000000002,-0.6892659999999999,IOT,940310
32058445,105,9912,1998,,,0.894133,-0.5182,IOT,940310
32058446,105,9912,1999,,,-0.44178199999999995,-0.8321649999999999,IOT,940310
32058447,105,9912,2000,,,-0.346723,-0.8308049999999999,IOT,940310
32058448,105,9912,2001,,,-0.21711599999999998,-0.8472959999999999,IOT,940310
32058449,105,9912,2002,0.0,1183.0,-0.262822,-0.787972,IOT,940310
32058450,105,9912,2003,,,0.907681,-0.184899,IOT,940310
32058451,105,9912,2004,,,1.52429,0.002654,IOT,940310
32058452,105,9912,2005,2099.0,0.0,1.107517,-0.264755,IOT,940310
32058453,105,9912,2006,,,1.147154,-0.13284,IOT,940310
32058454,105,9912,2007,0.0,2007.0,1.424007,0.050412,IOT,940310
32058455,105,9912,2008,,,1.2634319999999999,-0.314756,IOT,940310
32058456,105,9912,2009,,,0.505916,-0.551323,IOT,940310
32058457,105,9912,2010,,,0.962752,-0.399434,IOT,940310
32058458,105,9912,2011,0.0,11828.0,0.50507,-0.238484,IOT,940310
32058459,105,9912,2012,,,1.134521,-0.361446,IOT,940310
32058460,105,9912,2013,,,0.7192390000000001,-0.628595,IOT,940310
32058461,105,9912,2014,,,0.910402,-0.6916939999999999,IOT,940310
32058462,105,9912,2015,,,1.134108,-0.617796,IOT,940310
32058463,105,9912,2016,,,0.9315,-0.661654,IOT,940310
32058464,105,9912,2017,,,0.30708,-0.604495,IOT,940310
32058465,105,9912,2018,,,0.725927,-0.360329,IOT,940310
32058466,105,9912,2019,,,-0.7551760000000001,-0.939959,IOT,940310
32058467,105,9912,2020,,,0.928522,-0.435507,IOT,940310
32058468,106,9912,1995,2259932.0,12367351.0,1.349192,0.992099,IRL,940310
32058469,106,9912,1996,1736961.0,18065856.0,1.386011,0.9232100000000001,IRL,940310
32058470,106,9912,1997,5583347.0,29330025.0,1.471048,0.8769370000000001,IRL,940310
32058471,106,9912,1998,7804670.0,25762141.0,1.451067,0.654442,IRL,940310
32058472,106,9912,1999,3147619.0,32043109.0,1.599613,0.37233299999999997,IRL,940310
32058473,106,9912,2000,1414634.0,29083675.0,1.546001,0.342854,IRL,940310
32058474,106,9912,2001,1308764.0,23200526.0,1.664233,0.129983,IRL,940310
32058475,106,9912,2002,4709431.0,21760909.0,1.7232880000000002,0.091172,IRL,940310
32058476,106,9912,2003,6869176.0,22976283.0,1.6396130000000002,0.220599,IRL,940310
32058477,106,9912,2004,8387857.0,27864437.0,1.501859,0.14456,IRL,940310
32058478,106,9912,2005,11818347.0,36329256.0,1.536605,0.189781,IRL,940310
32058479,106,9912,2006,8067545.0,40600061.0,1.43804,0.06463200000000001,IRL,940310
32058480,106,9912,2007,5910815.0,45315621.0,1.353146,0.122832,IRL,940310
32058481,106,9912,2008,7969273.0,38886516.0,1.693858,0.221425,IRL,940310
32058482,106,9912,2009,4234823.0,17791941.0,1.627233,0.020024,IRL,940310
32058483,106,9912,2010,6209286.0,19512600.0,1.371357,0.168795,IRL,940310
32058484,106,9912,2011,9222630.0,17021143.0,1.403182,0.290245,IRL,940310
32058485,106,9912,2012,5036596.0,13912263.0,1.229702,0.12683599999999998,IRL,940310
32058486,106,9912,2013,3772898.0,17463206.0,1.29988,0.240688,IRL,940310
32058487,106,9912,2014,4030193.0,21233609.0,1.2658399999999999,0.278546,IRL,940310
32058488,106,9912,2015,3913851.0,23102967.0,1.304942,0.126431,IRL,940310
32058489,106,9912,2016,4928246.0,20494807.0,1.445238,0.07659400000000001,IRL,940310
32058490,106,9912,2017,5980342.0,21933652.0,1.363544,0.169211,IRL,940310
32058491,106,9912,2018,6397145.0,27599252.0,1.262419,0.013576,IRL,940310
32058492,106,9912,2019,6388771.0,26250755.0,1.3812389999999999,-0.025366,IRL,940310
32058493,106,9912,2020,6242422.0,21550203.0,1.337791,-0.20829699999999998,IRL,940310
32058494,107,9912,1995,12957.0,89771.0,-0.821991,-1.071013,IRN,940310
32058495,107,9912,1996,62880.0,12638.0,-0.7496649999999999,-1.1173520000000001,IRN,940310
32058496,107,9912,1997,44070.0,4715.0,-0.503841,-0.9984059999999999,IRN,940310
32058497,107,9912,1998,46058.0,21012.0,-0.6626029999999999,-1.0408959999999998,IRN,940310
32058498,107,9912,1999,63491.0,105512.0,-0.9366620000000001,-1.147602,IRN,940310
32058499,107,9912,2000,105900.0,38872.0,-0.555558,-0.910523,IRN,940310
32058500,107,9912,2001,120852.0,104330.0,-0.7732479999999999,-0.8979370000000001,IRN,940310
32058501,107,9912,2002,565693.0,745263.0,-0.5707840000000001,-0.705612,IRN,940310
32058502,107,9912,2003,48059.0,887895.0,-0.552146,-0.8668520000000001,IRN,940310
32058503,107,9912,2004,87093.0,1423691.0,-0.38210700000000003,-0.8408620000000001,IRN,940310
32058504,107,9912,2005,57049.0,1275209.0,-0.305068,-0.804413,IRN,940310
32058505,107,9912,2006,77657.0,2386808.0,-0.391023,-0.767861,IRN,940310
32058506,107,9912,2007,151042.0,1930709.0,-0.797659,-1.048892,IRN,940310
32058507,107,9912,2008,101046.0,3417812.0,-0.9776469999999999,-1.054475,IRN,940310
32058508,107,9912,2009,27069.0,1641228.0,-1.185702,-1.1049360000000001,IRN,940310
32058509,107,9912,2010,32765.0,1618137.0,-0.609874,-0.744733,IRN,940310
32058510,107,9912,2011,398472.0,1947327.0,-0.915379,-0.973194,IRN,940310
32058511,107,9912,2012,34077.0,2330635.0,-0.963881,-0.928644,IRN,940310
32058512,107,9912,2013,256259.0,5908301.0,-0.339172,-0.237114,IRN,940310
32058513,107,9912,2014,150601.0,6415310.0,-0.361058,-0.312743,IRN,940310
32058514,107,9912,2015,50773.0,4257289.0,-0.258946,-0.0073420000000000004,IRN,940310
32058515,107,9912,2016,41531.0,1988661.0,-0.407368,-0.23482399999999998,IRN,940310
32058516,107,9912,2017,55522.0,1255154.0,-0.361292,-0.361813,IRN,940310
32058517,107,9912,2018,202144.0,2006432.0,-0.389954,-0.258156,IRN,940310
32058518,107,9912,2019,134724.0,414466.0,-0.386813,-0.467873,IRN,940310
32058519,107,9912,2020,436227.0,165458.0,-0.362286,-0.242846,IRN,940310
32058520,108,9912,1995,,,-0.813404,-0.7444390000000001,IRQ,940310
32058521,108,9912,1996,0.0,9259.0,0.9485540000000001,-0.303744,IRQ,940310
32058522,108,9912,1997,0.0,235279.0,-2.248377,-0.817589,IRQ,940310
32058523,108,9912,1998,0.0,20592.0,-1.4440030000000001,-0.808689,IRQ,940310
32058524,108,9912,1999,0.0,9567.0,-1.8954950000000002,-0.883983,IRQ,940310
32058525,108,9912,2000,0.0,80230.0,-1.8568259999999999,-0.902459,IRQ,940310
32058526,108,9912,2001,0.0,19981.0,-1.115465,-0.883028,IRQ,940310
32058527,108,9912,2002,0.0,20972.0,-0.397477,-0.811214,IRQ,940310
32058528,108,9912,2003,0.0,1462316.0,-0.398557,-0.774153,IRQ,940310
32058529,108,9912,2004,0.0,9087092.0,-0.8852559999999999,-0.907136,IRQ,940310
32058530,108,9912,2005,0.0,6740806.0,-1.021297,-0.8532549999999999,IRQ,940310
32058531,108,9912,2006,0.0,3397705.0,-2.029727,-0.8634219999999999,IRQ,940310
32058532,108,9912,2007,0.0,3071124.0,-1.961053,-0.8849969999999999,IRQ,940310
32058533,108,9912,2008,0.0,3361865.0,-1.6604189999999999,-0.886959,IRQ,940310
32058534,108,9912,2009,16372.0,3494810.0,-1.1683270000000001,-0.9517459999999999,IRQ,940310
32058535,108,9912,2010,4884.0,8142254.0,-2.1439150000000002,-0.913227,IRQ,940310
32058536,108,9912,2011,16096.0,7921372.0,-2.175137,-0.726975,IRQ,940310
32058537,108,9912,2012,0.0,38590971.0,-2.7534509999999996,-0.812277,IRQ,940310
32058538,108,9912,2013,3677.0,12279369.0,-2.839079,-0.8705440000000001,IRQ,940310
32058539,108,9912,2014,0.0,7866440.0,-2.9169,-0.882023,IRQ,940310
32058540,108,9912,2015,0.0,8514891.0,-1.465803,-0.912113,IRQ,940310
32058541,108,9912,2016,0.0,9223811.0,-2.2400029999999997,-1.017174,IRQ,940310
32058542,108,9912,2017,0.0,14662671.0,-1.515339,-0.9462950000000001,IRQ,940310
32058543,108,9912,2018,0.0,10646331.0,-1.7504400000000002,-1.018699,IRQ,940310
32058544,108,9912,2019,3506.0,15619084.0,-1.593359,-0.9927860000000001,IRQ,940310
32058545,108,9912,2020,0.0,9470854.0,-1.087158,-0.9546389999999999,IRQ,940310
32058546,109,9912,1995,2055.0,458286.0,0.161331,-0.45210100000000003,ISL,940310
32058547,109,9912,1996,4579.0,560360.0,0.003558,-0.551796,ISL,940310
32058548,109,9912,1997,4272.0,902949.0,0.217533,-0.405395,ISL,940310
32058549,109,9912,1998,0.0,947912.0,0.18141300000000002,-0.47993500000000006,ISL,940310
32058550,109,9912,1999,23996.0,918014.0,0.377701,-0.355798,ISL,940310
32058551,109,9912,2000,43638.0,670984.0,0.217683,-0.41136000000000006,ISL,940310
32058552,109,9912,2001,6374.0,642917.0,0.032382999999999995,-0.51054,ISL,940310
32058553,109,9912,2002,17126.0,504431.0,0.23601999999999998,-0.34781,ISL,940310
32058554,109,9912,2003,11534.0,838637.0,0.21902800000000003,-0.40818499999999996,ISL,940310
32058555,109,9912,2004,15389.0,1567803.0,0.298844,-0.36366,ISL,940310
32058556,109,9912,2005,16798.0,1973312.0,0.060955999999999996,-0.410998,ISL,940310
32058557,109,9912,2006,14011.0,2134020.0,0.170234,-0.302203,ISL,940310
32058558,109,9912,2007,27693.0,2635733.0,0.172786,-0.380266,ISL,940310
32058559,109,9912,2008,217123.0,1512915.0,0.26969899999999997,-0.29915,ISL,940310
32058560,109,9912,2009,33144.0,933595.0,0.21713200000000002,-0.371812,ISL,940310
32058561,109,9912,2010,3013.0,815147.0,0.20822100000000002,-0.318294,ISL,940310
32058562,109,9912,2011,1683.0,1319002.0,0.284202,-0.23753000000000002,ISL,940310
32058563,109,9912,2012,44712.0,617521.0,0.368012,-0.31235599999999997,ISL,940310
32058564,109,9912,2013,7667.0,812774.0,0.259374,-0.20413299999999998,ISL,940310
32058565,109,9912,2014,42113.0,1091226.0,0.127891,-0.302014,ISL,940310
32058566,109,9912,2015,9800.0,1093751.0,0.24527600000000002,-0.411616,ISL,940310
32058567,109,9912,2016,36250.0,1573366.0,0.192448,-0.37174,ISL,940310
32058568,109,9912,2017,2580.0,1519201.0,0.386094,-0.277269,ISL,940310
32058569,109,9912,2018,13768.0,2514898.0,0.252338,-0.341319,ISL,940310
32058570,109,9912,2019,68741.0,2834099.0,0.378873,-0.162129,ISL,940310
32058571,109,9912,2020,20097.0,1680445.0,0.27161399999999997,-0.17819200000000002,ISL,940310
32058572,110,9912,1995,959341.0,5730544.0,1.205368,1.189434,ISR,940310
32058573,110,9912,1996,543251.0,4224891.0,1.054975,1.072965,ISR,940310
32058574,110,9912,1997,791347.0,6229427.0,1.3230030000000002,0.965016,ISR,940310
32058575,110,9912,1998,991735.0,9143399.0,1.2643739999999999,0.958475,ISR,940310
32058576,110,9912,1999,1411342.0,8594360.0,1.342593,0.781931,ISR,940310
32058577,110,9912,2000,1588632.0,9523820.0,1.251365,0.7359319999999999,ISR,940310
32058578,110,9912,2001,3148477.0,6007429.0,1.374873,0.775594,ISR,940310
32058579,110,9912,2002,1130507.0,2767379.0,1.334174,0.654331,ISR,940310
32058580,110,9912,2003,792820.0,4623130.0,1.157809,0.682195,ISR,940310
32058581,110,9912,2004,1787589.0,3866374.0,1.250393,0.8003979999999999,ISR,940310
32058582,110,9912,2005,1040011.0,3408485.0,1.3829120000000001,0.761617,ISR,940310
32058583,110,9912,2006,1769508.0,5780689.0,1.3082129999999998,0.783845,ISR,940310
32058584,110,9912,2007,2873011.0,9166628.0,1.092244,0.753984,ISR,940310
32058585,110,9912,2008,3124532.0,9745522.0,1.169192,0.797136,ISR,940310
32058586,110,9912,2009,2236272.0,8839973.0,1.226438,0.816299,ISR,940310
32058587,110,9912,2010,2522860.0,8242184.0,1.215834,0.7028340000000001,ISR,940310
32058588,110,9912,2011,2457484.0,11065404.0,1.324384,0.714611,ISR,940310
32058589,110,9912,2012,2095481.0,10407814.0,1.344347,0.691617,ISR,940310
32058590,110,9912,2013,1830544.0,12717854.0,1.197241,0.633828,ISR,940310
32058591,110,9912,2014,1783642.0,15051605.0,1.211141,0.64523,ISR,940310
32058592,110,9912,2015,2094916.0,16591180.0,1.260071,0.545545,ISR,940310
32058593,110,9912,2016,1479272.0,19059545.0,1.352275,0.67584,ISR,940310
32058594,110,9912,2017,1965157.0,21426257.0,1.436156,0.776574,ISR,940310
32058595,110,9912,2018,2926475.0,22280049.0,1.355071,0.872822,ISR,940310
32058596,110,9912,2019,3138571.0,27310338.0,1.488686,0.823376,ISR,940310
32058597,110,9912,2020,3115415.0,28563760.0,1.487557,0.8370920000000001,ISR,940310
32058598,111,9912,1995,133138345.0,14904869.0,1.503379,1.449094,ITA,940310
32058599,111,9912,1996,138567784.0,18283951.0,1.4674690000000001,1.263362,ITA,940310
32058600,111,9912,1997,136593252.0,21764975.0,1.4860389999999999,1.235674,ITA,940310
32058601,111,9912,1998,149991822.0,23059620.0,1.4532209999999999,1.191124,ITA,940310
32058602,111,9912,1999,143171386.0,28413261.0,1.395253,1.3589790000000002,ITA,940310
32058603,111,9912,2000,149293257.0,31279490.0,1.421124,1.112321,ITA,940310
32058604,111,9912,2001,134802790.0,31646444.0,1.389926,1.282143,ITA,940310
32058605,111,9912,2002,126216856.0,27798766.0,1.377604,1.2470510000000001,ITA,940310
32058606,111,9912,2003,151397866.0,29025961.0,1.399734,1.044608,ITA,940310
32058607,111,9912,2004,160417552.0,29377220.0,1.358057,1.11533,ITA,940310
32058608,111,9912,2005,180761197.0,30001300.0,1.295883,1.032218,ITA,940310
32058609,111,9912,2006,228768712.0,34323629.0,1.293779,0.93995,ITA,940310
32058610,111,9912,2007,308734250.0,37364143.0,1.3003559999999998,0.705448,ITA,940310
32058611,111,9912,2008,332169885.0,44988069.0,1.308777,0.361523,ITA,940310
32058612,111,9912,2009,217803521.0,34927509.0,1.289,0.64549,ITA,940310
32058613,111,9912,2010,217460088.0,33683028.0,1.272385,0.545721,ITA,940310
32058614,111,9912,2011,206482559.0,29160101.0,1.298751,0.48013599999999995,ITA,940310
32058615,111,9912,2012,185673259.0,22543561.0,1.297611,0.28585900000000003,ITA,940310
32058616,111,9912,2013,201474591.0,22084095.0,1.289924,0.533436,ITA,940310
32058617,111,9912,2014,211740957.0,26788637.0,1.340136,0.43931099999999995,ITA,940310
32058618,111,9912,2015,194169921.0,22995338.0,1.321127,0.747046,ITA,940310
32058619,111,9912,2016,180982521.0,25159936.0,1.339307,0.8549209999999999,ITA,940310
32058620,111,9912,2017,202680966.0,28767417.0,1.34395,0.577693,ITA,940310
32058621,111,9912,2018,210019023.0,27905629.0,1.3602530000000002,0.453607,ITA,940310
32058622,111,9912,2019,185700070.0,31371798.0,1.25898,0.926639,ITA,940310
32058623,111,9912,2020,157410137.0,47279786.0,1.299017,0.701797,ITA,940310
32058624,112,9912,1995,45806.0,987470.0,-0.873925,-0.952304,JAM,940310
32058625,112,9912,1996,271013.0,1128926.0,-0.6344350000000001,-0.814916,JAM,940310
32058626,112,9912,1997,130310.0,1331074.0,-0.65455,-0.820413,JAM,940310
32058627,112,9912,1998,199659.0,1461450.0,-0.8083739999999999,-0.946183,JAM,940310
32058628,112,9912,1999,143131.0,1621491.0,-0.852468,-0.9670290000000001,JAM,940310
32058629,112,9912,2000,20869.0,1838154.0,-0.625061,-0.814176,JAM,940310
32058630,112,9912,2001,11783.0,1257619.0,-0.541582,-0.837248,JAM,940310
32058631,112,9912,2002,6478.0,2513465.0,-0.604813,-0.9309860000000001,JAM,940310
32058632,112,9912,2003,26078.0,2340399.0,-0.6684140000000001,-0.915817,JAM,940310
32058633,112,9912,2004,0.0,1279833.0,-0.64957,-0.944183,JAM,940310
32058634,112,9912,2005,755.0,2209081.0,-0.438717,-0.95845,JAM,940310
32058635,112,9912,2006,10320.0,1357612.0,-0.5122720000000001,-0.9109809999999999,JAM,940310
32058636,112,9912,2007,25622.0,1442142.0,-0.466305,-0.971972,JAM,940310
32058637,112,9912,2008,19797.0,2134925.0,-0.412969,-0.9444030000000001,JAM,940310
32058638,112,9912,2009,287103.0,1943307.0,-0.083743,-0.6222479999999999,JAM,940310
32058639,112,9912,2010,39623.0,1231023.0,0.041471,-0.367177,JAM,940310
32058640,112,9912,2011,153443.0,1934716.0,-0.162212,-0.621817,JAM,940310
32058641,112,9912,2012,45148.0,2487862.0,-0.34163899999999997,-0.8008850000000001,JAM,940310
32058642,112,9912,2013,3417.0,2716094.0,-0.541441,-0.8448559999999999,JAM,940310
32058643,112,9912,2014,60268.0,1166963.0,-0.42745299999999997,-0.7750130000000001,JAM,940310
32058644,112,9912,2015,3297.0,1266676.0,-0.438267,-0.828097,JAM,940310
32058645,112,9912,2016,8418.0,2158497.0,-0.259972,-0.592114,JAM,940310
32058646,112,9912,2017,15777.0,1772964.0,-0.497654,-0.76481,JAM,940310
32058647,112,9912,2018,0.0,2942680.0,-0.339328,-0.8756659999999999,JAM,940310
32058648,112,9912,2019,1133.0,3632354.0,-0.18387799999999999,-0.710004,JAM,940310
32058649,112,9912,2020,15697.0,2405816.0,-0.21953000000000003,-0.6944899999999999,JAM,940310
32058650,113,9912,1995,199609.0,322654.0,0.666542,0.326785,JOR,940310
32058651,113,9912,1996,99144.0,851826.0,0.12203499999999999,-0.41859399999999997,JOR,940310
32058652,113,9912,1997,453483.0,742514.0,0.49456300000000003,0.33966,JOR,940310
32058653,113,9912,1998,148425.0,532057.0,0.403009,-0.076366,JOR,940310
32058654,113,9912,1999,504041.0,430923.0,0.475995,0.514447,JOR,940310
32058655,113,9912,2000,357942.0,1082667.0,0.495354,1.233005,JOR,940310
32058656,113,9912,2001,140122.0,635324.0,0.375134,0.581558,JOR,940310
32058657,113,9912,2002,181988.0,708644.0,0.24197600000000002,0.196635,JOR,940310
32058658,113,9912,2003,852550.0,1561257.0,0.12295,0.377031,JOR,940310
32058659,113,9912,2004,348512.0,12716025.0,0.152989,0.385845,JOR,940310
32058660,113,9912,2005,1525240.0,8193497.0,0.21925799999999998,0.371165,JOR,940310
32058661,113,9912,2006,1790285.0,4918821.0,0.166718,0.331248,JOR,940310
32058662,113,9912,2007,1244085.0,3081490.0,0.228433,0.5984550000000001,JOR,940310
32058663,113,9912,2008,2232042.0,3698869.0,0.255463,0.45844799999999997,JOR,940310
32058664,113,9912,2009,473865.0,4682161.0,0.21374899999999997,0.423774,JOR,940310
32058665,113,9912,2010,537504.0,5165831.0,0.251702,0.522758,JOR,940310
32058666,113,9912,2011,459270.0,2829807.0,0.231605,0.47049399999999997,JOR,940310
32058667,113,9912,2012,470404.0,5058824.0,0.24909099999999998,0.489624,JOR,940310
32058668,113,9912,2013,590022.0,6685597.0,0.152659,0.5889979999999999,JOR,940310
32058669,113,9912,2014,187541.0,3434728.0,0.210208,0.48732299999999995,JOR,940310
32058670,113,9912,2015,425159.0,3361237.0,0.121172,0.457301,JOR,940310
32058671,113,9912,2016,957566.0,2012638.0,-0.0115,0.045625,JOR,940310
32058672,113,9912,2017,1155035.0,3173162.0,0.020035,0.295415,JOR,940310
32058673,113,9912,2018,1022698.0,3334011.0,-0.086895,0.283829,JOR,940310
32058674,113,9912,2019,839577.0,2282726.0,-0.003529,0.255816,JOR,940310
32058675,113,9912,2020,204231.0,3545962.0,-0.060384,0.139902,JOR,940310
32058676,114,9912,1995,24595180.0,31010076.0,2.56822,0.927307,JPN,940310
32058677,114,9912,1996,24572833.0,35983190.0,2.615364,0.5656939999999999,JPN,940310
32058678,114,9912,1997,20966278.0,34714110.0,2.631846,0.553144,JPN,940310
32058679,114,9912,1998,13818726.0,26587258.0,2.550442,0.718063,JPN,940310
32058680,114,9912,1999,10759297.0,32580337.0,2.541382,0.693702,JPN,940310
32058681,114,9912,2000,12460933.0,44320542.0,2.579611,0.464875,JPN,940310
32058682,114,9912,2001,10032672.0,36617027.0,2.585857,0.522663,JPN,940310
32058683,114,9912,2002,7657676.0,27954516.0,2.556057,0.497673,JPN,940310
32058684,114,9912,2003,6879635.0,31106581.0,2.4686630000000003,0.48072600000000004,JPN,940310
32058685,114,9912,2004,7026838.0,39902729.0,2.526624,0.452054,JPN,940310
32058686,114,9912,2005,6769177.0,43825051.0,2.392106,0.278652,JPN,940310
32058687,114,9912,2006,8012477.0,45471812.0,2.4348099999999997,0.082887,JPN,940310
32058688,114,9912,2007,7618688.0,47303928.0,2.313259,0.186703,JPN,940310
32058689,114,9912,2008,6971804.0,53894705.0,2.285056,0.036255,JPN,940310
32058690,114,9912,2009,3898687.0,39138256.0,2.306791,-0.251712,JPN,940310
32058691,114,9912,2010,5266960.0,48195490.0,2.459723,-0.279387,JPN,940310
32058692,114,9912,2011,5237214.0,50270581.0,2.516395,-0.534301,JPN,940310
32058693,114,9912,2012,4324441.0,56316107.0,2.359022,-0.553565,JPN,940310
32058694,114,9912,2013,3699583.0,43720056.0,2.3993130000000003,-0.564768,JPN,940310
32058695,114,9912,2014,5625111.0,52074721.0,2.403165,-0.635024,JPN,940310
32058696,114,9912,2015,5419186.0,50649327.0,2.516133,-0.484202,JPN,940310
32058697,114,9912,2016,6678747.0,53426665.0,2.574025,-0.34859,JPN,940310
32058698,114,9912,2017,7141485.0,56312781.0,2.4510419999999997,-0.277357,JPN,940310
32058699,114,9912,2018,5656077.0,63530951.0,2.514533,-0.416074,JPN,940310
32058700,114,9912,2019,5671607.0,72048459.0,2.4931509999999997,-0.558811,JPN,940310
32058701,114,9912,2020,3541351.0,70494058.0,2.405659,-0.38169000000000003,JPN,940310
32058702,115,9912,1995,0.0,1200815.0,0.280262,-0.285508,KAZ,940310
32058703,115,9912,1996,0.0,2238036.0,0.48902799999999996,0.154932,KAZ,940310
32058704,115,9912,1997,5899.0,3148539.0,0.44044300000000003,-0.10249000000000001,KAZ,940310
32058705,115,9912,1998,5926.0,4020885.0,0.245507,-0.389842,KAZ,940310
32058706,115,9912,1999,0.0,2162294.0,-0.035315,-0.514845,KAZ,940310
32058707,115,9912,2000,6337.0,1344810.0,-0.019137,-0.683485,KAZ,940310
32058708,115,9912,2001,34293.0,1582511.0,0.009714,-0.525899,KAZ,940310
32058709,115,9912,2002,32233.0,5550614.0,-0.065332,-0.616159,KAZ,940310
32058710,115,9912,2003,40811.0,9547052.0,-0.156326,-0.62092,KAZ,940310
32058711,115,9912,2004,14232.0,8868624.0,-0.09288300000000001,-0.537664,KAZ,940310
32058712,115,9912,2005,41256.0,11125469.0,-0.06211900000000001,-0.641976,KAZ,940310
32058713,115,9912,2006,4907.0,36250084.0,0.038229,-0.579421,KAZ,940310
32058714,115,9912,2007,25464.0,17725569.0,-0.171218,-0.630279,KAZ,940310
32058715,115,9912,2008,6518.0,18322527.0,-0.43055200000000005,-0.6852590000000001,KAZ,940310
32058716,115,9912,2009,66949.0,8553415.0,-0.6547970000000001,-0.772256,KAZ,940310
32058717,115,9912,2010,100139.0,10366781.0,-0.6278020000000001,-0.8419760000000001,KAZ,940310
32058718,115,9912,2011,13491.0,12234678.0,-0.514687,-0.775671,KAZ,940310
32058719,115,9912,2012,21170.0,12277671.0,-0.191363,-0.452845,KAZ,940310
32058720,115,9912,2013,52693.0,12034000.0,-0.680678,-0.83347,KAZ,940310
32058721,115,9912,2014,22005.0,8951154.0,-0.210431,-0.574075,KAZ,940310
32058722,115,9912,2015,2356.0,6490344.0,-0.45091499999999995,-0.652026,KAZ,940310
32058723,115,9912,2016,165036.0,3954706.0,-0.376397,-0.553639,KAZ,940310
32058724,115,9912,2017,274035.0,5234376.0,-0.394316,-0.5485979999999999,KAZ,940310
32058725,115,9912,2018,116002.0,5539879.0,-0.483862,-0.667417,KAZ,940310
32058726,115,9912,2019,198089.0,8742814.0,-0.26529400000000003,-0.523479,KAZ,940310
32058727,115,9912,2020,164996.0,5450180.0,-0.48361899999999997,-0.626675,KAZ,940310
32058728,116,9912,1995,19650.0,566431.0,-0.303773,0.111305,KEN,940310
32058729,116,9912,1996,53840.0,635338.0,-0.468322,-0.017625,KEN,940310
32058730,116,9912,1997,156997.0,994148.0,-0.399028,0.196115,KEN,940310
32058731,116,9912,1998,51290.0,407523.0,-0.434978,0.10193300000000001,KEN,940310
32058732,116,9912,1999,38659.0,390582.0,-0.336125,0.43983999999999995,KEN,940310
32058733,116,9912,2000,55542.0,280396.0,-0.537967,0.011763,KEN,940310
32058734,116,9912,2001,85368.0,776829.0,-0.529388,0.092271,KEN,940310
32058735,116,9912,2002,50348.0,496341.0,-0.555812,0.169204,KEN,940310
32058736,116,9912,2003,74817.0,598165.0,-0.3531,0.582992,KEN,940310
32058737,116,9912,2004,94736.0,407934.0,-0.503694,0.410495,KEN,940310
32058738,116,9912,2005,93765.0,1014357.0,-0.507389,0.769896,KEN,940310
32058739,116,9912,2006,331157.0,694597.0,-0.38287899999999997,1.060286,KEN,940310
32058740,116,9912,2007,271885.0,782026.0,-0.44365299999999996,0.858692,KEN,940310
32058741,116,9912,2008,312836.0,1828630.0,-0.284528,0.9378610000000001,KEN,940310
32058742,116,9912,2009,346591.0,1661789.0,-0.26477399999999995,0.932587,KEN,940310
32058743,116,9912,2010,360623.0,2150994.0,-0.387187,1.010443,KEN,940310
32058744,116,9912,2011,120103.0,2362307.0,-0.48319300000000004,0.346927,KEN,940310
32058745,116,9912,2012,37179.0,4558771.0,-0.35581599999999997,0.29003,KEN,940310
32058746,116,9912,2013,818013.0,2701471.0,-0.448112,0.8672719999999999,KEN,940310
32058747,116,9912,2014,80248.0,7690720.0,-0.487058,0.307288,KEN,940310
32058748,116,9912,2015,785011.0,7112589.0,-0.453564,0.433325,KEN,940310
32058749,116,9912,2016,282065.0,5819356.0,-0.535616,0.520101,KEN,940310
32058750,116,9912,2017,194748.0,5032376.0,-0.579541,0.511926,KEN,940310
32058751,116,9912,2018,137621.0,5313016.0,-0.32707800000000004,0.71009,KEN,940310
32058752,116,9912,2019,99062.0,3873222.0,-0.406684,0.8588969999999999,KEN,940310
32058753,116,9912,2020,262117.0,2777442.0,-0.496446,0.562476,KEN,940310
32058754,117,9912,1995,0.0,168736.0,0.361272,0.047797000000000006,KGZ,940310
32058755,117,9912,1996,29558.0,166748.0,0.350901,0.529512,KGZ,940310
32058756,117,9912,1997,1699.0,345807.0,0.023634,-0.194868,KGZ,940310
32058757,117,9912,1998,5536.0,178474.0,0.11446500000000001,-0.24638000000000002,KGZ,940310
32058758,117,9912,1999,0.0,36966.0,-0.152916,-0.33076300000000003,KGZ,940310
32058759,117,9912,2000,12566.0,59041.0,0.365421,0.333017,KGZ,940310
32058760,117,9912,2001,1031.0,157983.0,0.23332199999999997,0.256019,KGZ,940310
32058761,117,9912,2002,0.0,219162.0,0.081807,0.16872,KGZ,940310
32058762,117,9912,2003,0.0,783376.0,0.25359699999999996,0.24101199999999998,KGZ,940310
32058763,117,9912,2004,4335.0,528825.0,0.005121,0.176652,KGZ,940310
32058764,117,9912,2005,4072.0,624640.0,-0.197277,0.169736,KGZ,940310
32058765,117,9912,2006,0.0,6752507.0,-0.034069,0.136694,KGZ,940310
32058766,117,9912,2007,26484.0,4056884.0,-0.190437,-0.23665999999999998,KGZ,940310
32058767,117,9912,2008,3075.0,1900608.0,-0.287826,-0.11858699999999998,KGZ,940310
32058768,117,9912,2009,8442.0,903334.0,-0.251815,0.144822,KGZ,940310
32058769,117,9912,2010,0.0,1598168.0,-0.48426400000000003,-0.169443,KGZ,940310
32058770,117,9912,2011,3043.0,2883140.0,-0.323348,0.164469,KGZ,940310
32058771,117,9912,2012,1624.0,1957562.0,-0.12369000000000001,0.22339,KGZ,940310
32058772,117,9912,2013,1106.0,1926612.0,-0.1035,0.339914,KGZ,940310
32058773,117,9912,2014,14159.0,1698590.0,-0.31942600000000004,-0.012454,KGZ,940310
32058774,117,9912,2015,20857.0,971204.0,0.02058,0.438692,KGZ,940310
32058775,117,9912,2016,13617.0,474323.0,0.010529,0.287462,KGZ,940310
32058776,117,9912,2017,20865.0,1143913.0,-0.11530599999999999,0.264752,KGZ,940310
32058777,117,9912,2018,0.0,677080.0,-0.141491,0.33161,KGZ,940310
32058778,117,9912,2019,800411.0,499760.0,-0.297072,0.306611,KGZ,940310
32058779,117,9912,2020,83520.0,324545.0,-0.117317,0.36644,KGZ,940310
32058780,118,9912,1995,0.0,857343.0,-1.275951,-1.144633,KHM,940310
32058781,118,9912,1996,14990.0,1163989.0,-1.110741,-1.089434,KHM,940310
32058782,118,9912,1997,0.0,818957.0,-1.458246,-1.243995,KHM,940310
32058783,118,9912,1998,0.0,383113.0,-1.626686,-1.307157,KHM,940310
32058784,118,9912,1999,0.0,925261.0,-1.5727360000000001,-1.2731629999999998,KHM,940310
32058785,118,9912,2000,0.0,837424.0,-1.172428,-1.0914139999999999,KHM,940310
32058786,118,9912,2001,0.0,1307506.0,-1.231058,-1.154536,KHM,940310
32058787,118,9912,2002,0.0,972408.0,-1.231783,-1.1518700000000002,KHM,940310
32058788,118,9912,2003,0.0,1064635.0,-1.0165620000000002,-1.060454,KHM,940310
32058789,118,9912,2004,25837.0,1308189.0,-1.4676209999999998,-1.1972639999999999,KHM,940310
32058790,118,9912,2005,0.0,1085482.0,-1.423555,-1.177331,KHM,940310
32058791,118,9912,2006,6599.0,1830102.0,-1.323365,-1.185827,KHM,940310
32058792,118,9912,2007,0.0,1606736.0,-1.1822489999999999,-1.129066,KHM,940310
32058793,118,9912,2008,17413.0,2763468.0,-1.064815,-1.098892,KHM,940310
32058794,118,9912,2009,1465.0,2349148.0,-1.194288,-1.09924,KHM,940310
32058795,118,9912,2010,297184.0,2306922.0,-1.158906,-1.019906,KHM,940310
32058796,118,9912,2011,2090.0,2066541.0,-1.162858,-1.103539,KHM,940310
32058797,118,9912,2012,1054.0,2649327.0,-0.979144,-1.014426,KHM,940310
32058798,118,9912,2013,16355.0,6159367.0,-1.054758,-0.872352,KHM,940310
32058799,118,9912,2014,0.0,2926115.0,-0.84072,-0.8307040000000001,KHM,940310
32058800,118,9912,2015,60665.0,2658600.0,-0.791985,-0.833046,KHM,940310
32058801,118,9912,2016,2666.0,2589054.0,-0.8365239999999999,-0.794615,KHM,940310
32058802,118,9912,2017,5213.0,2715011.0,-0.656325,-0.622167,KHM,940310
32058803,118,9912,2018,20075.0,4307899.0,-0.45740299999999995,-0.575966,KHM,940310
32058804,118,9912,2019,51223.0,4055510.0,-0.7499359999999999,-0.627125,KHM,940310
32058805,118,9912,2020,48164.0,4130561.0,-0.602562,-0.505135,KHM,940310
32058806,119,9912,1995,0.0,17259.0,-0.610582,-0.748798,KIR,940310
32058807,119,9912,1996,0.0,1705.0,-0.090837,-0.644005,KIR,940310
32058808,119,9912,1997,0.0,37560.0,-0.9250889999999999,-0.866958,KIR,940310
32058809,119,9912,1998,0.0,5454.0,-0.8943610000000001,-0.89439,KIR,940310
32058810,119,9912,1999,0.0,21993.0,-0.3417,-0.8385040000000001,KIR,940310
32058811,119,9912,2000,0.0,25871.0,-0.373924,-0.863806,KIR,940310
32058812,119,9912,2001,0.0,8011.0,1.070549,-0.712515,KIR,940310
32058813,119,9912,2002,0.0,6036.0,0.016975,-0.791141,KIR,940310
32058814,119,9912,2003,0.0,8167.0,-0.140282,-0.787443,KIR,940310
32058815,119,9912,2004,0.0,36867.0,-0.552158,-0.831923,KIR,940310
32058816,119,9912,2005,0.0,28603.0,-0.5289149999999999,-0.804243,KIR,940310
32058817,119,9912,2006,0.0,24977.0,0.218218,-0.669244,KIR,940310
32058818,119,9912,2007,0.0,14363.0,0.106985,-0.654763,KIR,940310
32058819,119,9912,2008,0.0,17689.0,0.122065,-0.667883,KIR,940310
32058820,119,9912,2009,0.0,69057.0,-0.41403999999999996,-0.8960100000000001,KIR,940310
32058821,119,9912,2010,0.0,46479.0,0.252151,-0.727326,KIR,940310
32058822,119,9912,2011,0.0,32679.0,0.129038,-0.670175,KIR,940310
32058823,119,9912,2012,0.0,56993.0,-0.5625760000000001,-0.803443,KIR,940310
32058824,119,9912,2013,0.0,27761.0,-0.258825,-0.781927,KIR,940310
32058825,119,9912,2014,0.0,38414.0,0.708907,-0.540813,KIR,940310
32058826,119,9912,2015,0.0,38514.0,-0.257871,-0.858136,KIR,940310
32058827,119,9912,2016,0.0,58147.0,0.23475300000000002,-0.789514,KIR,940310
32058828,119,9912,2017,0.0,40675.0,-0.912241,-0.907758,KIR,940310
32058829,119,9912,2018,0.0,20183.0,-0.321563,-0.9075110000000001,KIR,940310
32058830,119,9912,2019,0.0,15188.0,-0.719943,-0.9396709999999999,KIR,940310
32058831,119,9912,2020,0.0,112365.0,-0.9781629999999999,-0.936783,KIR,940310
32058832,120,9912,1995,3736.0,57230.0,0.45250200000000007,-0.45284399999999997,KNA,940310
32058833,120,9912,1996,0.0,57878.0,0.546384,-0.463373,KNA,940310
32058834,120,9912,1997,0.0,95709.0,0.8765370000000001,-0.268836,KNA,940310
32058835,120,9912,1998,0.0,80459.0,0.856974,-0.416976,KNA,940310
32058836,120,9912,1999,0.0,219931.0,0.670532,-0.45786400000000005,KNA,940310
32058837,120,9912,2000,0.0,66607.0,0.70972,-0.526818,KNA,940310
32058838,120,9912,2001,0.0,62505.0,0.612222,-0.440733,KNA,940310
32058839,120,9912,2002,0.0,84904.0,0.911442,-0.26164899999999996,KNA,940310
32058840,120,9912,2003,0.0,31305.0,0.555154,-0.405962,KNA,940310
32058841,120,9912,2004,0.0,65372.0,0.538271,-0.43505299999999997,KNA,940310
32058842,120,9912,2005,0.0,93431.0,0.9313739999999999,-0.44211999999999996,KNA,940310
32058843,120,9912,2006,0.0,88124.0,0.896119,-0.309349,KNA,940310
32058844,120,9912,2007,0.0,93469.0,1.21646,-0.190821,KNA,940310
32058845,120,9912,2008,0.0,58731.0,1.2613,-0.136295,KNA,940310
32058846,120,9912,2009,7054.0,104083.0,0.9218370000000001,-0.303977,KNA,940310
32058847,120,9912,2010,0.0,152672.0,0.9277790000000001,-0.42824799999999996,KNA,940310
32058848,120,9912,2011,0.0,157897.0,1.056175,-0.19398800000000002,KNA,940310
32058849,120,9912,2012,0.0,297489.0,0.788275,-0.314756,KNA,940310
32058850,120,9912,2013,0.0,81892.0,0.8500270000000001,-0.390234,KNA,940310
32058851,120,9912,2014,0.0,129163.0,0.9888950000000001,-0.28283800000000003,KNA,940310
32058852,120,9912,2015,0.0,322339.0,0.8252430000000001,-0.436662,KNA,940310
32058853,120,9912,2016,0.0,82980.0,0.620594,-0.4305,KNA,940310
32058854,120,9912,2017,0.0,67560.0,0.781625,-0.405177,KNA,940310
32058855,120,9912,2018,0.0,152558.0,0.315069,-0.689573,KNA,940310
32058856,120,9912,2019,0.0,39164.0,0.739775,-0.644166,KNA,940310
32058857,120,9912,2020,0.0,67670.0,0.955462,-0.487217,KNA,940310
32058858,121,9912,1995,2359157.0,4736010.0,0.845175,1.2761799999999999,KOR,940310
32058859,121,9912,1996,4565681.0,3451744.0,0.8946940000000001,1.240424,KOR,940310
32058860,121,9912,1997,6602286.0,5360685.0,1.0478290000000001,1.2874370000000002,KOR,940310
32058861,121,9912,1998,5558874.0,1490103.0,0.999518,1.106351,KOR,940310
32058862,121,9912,1999,5289156.0,2937919.0,0.92448,1.053988,KOR,940310
32058863,121,9912,2000,8733578.0,4846299.0,1.0696700000000001,1.0182209999999998,KOR,940310
32058864,121,9912,2001,7856030.0,4287098.0,1.145797,1.0762399999999999,KOR,940310
32058865,121,9912,2002,7191210.0,4004329.0,1.186816,1.075947,KOR,940310
32058866,121,9912,2003,4788404.0,4372459.0,1.2611709999999998,0.956308,KOR,940310
32058867,121,9912,2004,5633152.0,3865082.0,1.3624690000000002,0.928342,KOR,940310
32058868,121,9912,2005,10759989.0,5103030.0,1.4051850000000001,0.815171,KOR,940310
32058869,121,9912,2006,8586917.0,7630191.0,1.5384309999999999,0.766628,KOR,940310
32058870,121,9912,2007,6845585.0,12730229.0,1.497359,0.726637,KOR,940310
32058871,121,9912,2008,13739698.0,13622710.0,1.491687,0.814692,KOR,940310
32058872,121,9912,2009,10793886.0,8460853.0,1.509336,0.784515,KOR,940310
32058873,121,9912,2010,16700609.0,13178599.0,1.7118849999999999,0.762362,KOR,940310
32058874,121,9912,2011,19390845.0,11182874.0,1.731371,0.8306879999999999,KOR,940310
32058875,121,9912,2012,20104240.0,10992777.0,1.632917,0.877742,KOR,940310
32058876,121,9912,2013,18765812.0,11996974.0,1.818383,0.75645,KOR,940310
32058877,121,9912,2014,15999765.0,14113521.0,1.817145,0.8394530000000001,KOR,940310
32058878,121,9912,2015,12396182.0,19257441.0,1.900653,0.859406,KOR,940310
32058879,121,9912,2016,7160194.0,19515745.0,2.086184,0.724318,KOR,940310
32058880,121,9912,2017,8123424.0,24012957.0,2.011263,0.783215,KOR,940310
32058881,121,9912,2018,8081762.0,27443748.0,2.093866,0.764303,KOR,940310
32058882,121,9912,2019,10075695.0,27956006.0,2.115482,0.696838,KOR,940310
32058883,121,9912,2020,4214470.0,31409447.0,1.9703950000000001,0.800826,KOR,940310
32058884,122,9912,1995,873641.0,5567483.0,-0.226273,-1.02354,KWT,940310
32058885,122,9912,1996,2092635.0,5585091.0,-0.27174499999999996,-1.098243,KWT,940310
32058886,122,9912,1997,27109.0,3141816.0,-0.660185,-1.1410129999999998,KWT,940310
32058887,122,9912,1998,622173.0,6682165.0,0.037029,-1.054761,KWT,940310
32058888,122,9912,1999,376636.0,4162479.0,0.028312999999999998,-1.0742770000000001,KWT,940310
32058889,122,9912,2000,226483.0,3550696.0,-0.6112270000000001,-1.149326,KWT,940310
32058890,122,9912,2001,304217.0,4602040.0,-0.8197,-1.183758,KWT,940310
32058891,122,9912,2002,233676.0,4091387.0,-0.6629550000000001,-1.157214,KWT,940310
32058892,122,9912,2003,255524.0,7423199.0,-0.7943640000000001,-1.1529770000000001,KWT,940310
32058893,122,9912,2004,79632.0,8539123.0,-0.481908,-1.172081,KWT,940310
32058894,122,9912,2005,217906.0,14014709.0,0.259466,-1.023932,KWT,940310
32058895,122,9912,2006,311341.0,13542866.0,-0.589823,-1.142795,KWT,940310
32058896,122,9912,2007,748156.0,13216121.0,-0.8265030000000001,-1.166243,KWT,940310
32058897,122,9912,2008,576882.0,21984499.0,-1.401297,-1.142945,KWT,940310
32058898,122,9912,2009,1460963.0,10916891.0,-1.386993,-1.203527,KWT,940310
32058899,122,9912,2010,532594.0,7956831.0,0.067373,-1.0822120000000002,KWT,940310
32058900,122,9912,2011,575541.0,13254871.0,-0.898582,-1.09893,KWT,940310
32058901,122,9912,2012,29242.0,10120192.0,-0.7931600000000001,-1.096005,KWT,940310
32058902,122,9912,2013,665088.0,12241291.0,-0.536384,-1.08382,KWT,940310
32058903,122,9912,2014,216158.0,14294532.0,-0.769616,-1.10667,KWT,940310
32058904,122,9912,2015,665752.0,15260820.0,-0.352023,-1.153057,KWT,940310
32058905,122,9912,2016,390148.0,13256078.0,-0.31188,-1.1438620000000002,KWT,940310
32058906,122,9912,2017,341716.0,16683418.0,-0.229821,-1.128482,KWT,940310
32058907,122,9912,2018,248438.0,20781779.0,-0.668802,-1.154012,KWT,940310
32058908,122,9912,2019,379644.0,15724427.0,0.081686,-1.087259,KWT,940310
32058909,122,9912,2020,183802.0,10057498.0,-0.072977,-1.090017,KWT,940310
32058910,123,9912,1995,0.0,297275.0,-1.305146,-1.1964299999999999,LAO,940310
32058911,123,9912,1996,32572.0,256863.0,-0.751092,-0.8680209999999999,LAO,940310
32058912,123,9912,1997,5689.0,239439.0,-0.868848,-0.914637,LAO,940310
32058913,123,9912,1998,0.0,82045.0,-1.251085,-1.1803219999999999,LAO,940310
32058914,123,9912,1999,0.0,144062.0,-1.429411,-1.243248,LAO,940310
32058915,123,9912,2000,0.0,137373.0,-1.4676120000000001,-1.25673,LAO,940310
32058916,123,9912,2001,0.0,254348.0,-1.298653,-1.164605,LAO,940310
32058917,123,9912,2002,0.0,162187.0,-1.255183,-1.163232,LAO,940310
32058918,123,9912,2003,0.0,170255.0,-1.251741,-1.14364,LAO,940310
32058919,123,9912,2004,0.0,397767.0,-1.274622,-1.082807,LAO,940310
32058920,123,9912,2005,0.0,255401.0,-1.2717379999999998,-1.030638,LAO,940310
32058921,123,9912,2006,0.0,330417.0,-1.1707450000000001,-1.057348,LAO,940310
32058922,123,9912,2007,0.0,433032.0,-1.045213,-1.01482,LAO,940310
32058923,123,9912,2008,0.0,609850.0,-1.09704,-0.934141,LAO,940310
32058924,123,9912,2009,1559.0,590966.0,-1.235693,-1.0440040000000002,LAO,940310
32058925,123,9912,2010,49649.0,523175.0,-1.104075,-0.836772,LAO,940310
32058926,123,9912,2011,117562.0,1049854.0,-1.135039,-0.929759,LAO,940310
32058927,123,9912,2012,38602.0,1519138.0,-1.0873540000000002,-0.9584809999999999,LAO,940310
32058928,123,9912,2013,10825.0,2021400.0,-1.204446,-0.8571489999999999,LAO,940310
32058929,123,9912,2014,56024.0,1753751.0,-1.054294,-0.869916,LAO,940310
32058930,123,9912,2015,52893.0,1890981.0,-0.927524,-0.74525,LAO,940310
32058931,123,9912,2016,1354.0,1410358.0,-0.9781479999999999,-0.8272860000000001,LAO,940310
32058932,123,9912,2017,9602.0,1382614.0,-0.9742190000000001,-0.727593,LAO,940310
32058933,123,9912,2018,22148.0,1582933.0,-0.788808,-0.8012670000000001,LAO,940310
32058934,123,9912,2019,39763.0,1796019.0,-0.8232889999999999,-0.7276590000000001,LAO,940310
32058935,123,9912,2020,43882.0,1690802.0,-0.741151,-0.689088,LAO,940310
32058936,124,9912,1995,23480.0,1859096.0,0.027416000000000003,0.327795,LBN,940310
32058937,124,9912,1996,44136.0,1586500.0,-0.051973,0.002154,LBN,940310
32058938,124,9912,1997,122789.0,1176931.0,0.334291,0.783104,LBN,940310
32058939,124,9912,1998,212788.0,1508191.0,0.23803200000000002,0.9927860000000001,LBN,940310
32058940,124,9912,1999,53818.0,815013.0,0.264151,0.767188,LBN,940310
32058941,124,9912,2000,157784.0,1343149.0,0.24766100000000002,0.85467,LBN,940310
32058942,124,9912,2001,118987.0,781939.0,0.165355,0.988008,LBN,940310
32058943,124,9912,2002,149083.0,900872.0,0.2729,1.254232,LBN,940310
32058944,124,9912,2003,154033.0,991686.0,0.261687,1.053856,LBN,940310
32058945,124,9912,2004,182871.0,980253.0,0.32409899999999997,1.037024,LBN,940310
32058946,124,9912,2005,547448.0,1622446.0,0.398304,1.439764,LBN,940310
32058947,124,9912,2006,982146.0,2040945.0,0.3861,1.586183,LBN,940310
32058948,124,9912,2007,521045.0,872957.0,0.47468,1.775191,LBN,940310
32058949,124,9912,2008,2286106.0,1374573.0,0.46133100000000005,1.4598149999999999,LBN,940310
32058950,124,9912,2009,511465.0,3023404.0,0.48618599999999995,1.4748620000000001,LBN,940310
32058951,124,9912,2010,1225610.0,2118643.0,0.415854,1.424085,LBN,940310
32058952,124,9912,2011,486801.0,3029413.0,0.278393,1.2962879999999999,LBN,940310
32058953,124,9912,2012,1119957.0,3473553.0,0.38759,1.446025,LBN,940310
32058954,124,9912,2013,1383531.0,4077072.0,0.283084,1.4289100000000001,LBN,940310
32058955,124,9912,2014,1417476.0,2393616.0,0.308677,1.7564490000000001,LBN,940310
32058956,124,9912,2015,1652488.0,3418099.0,0.317355,1.330374,LBN,940310
32058957,124,9912,2016,1161781.0,3137793.0,0.285829,1.0818139999999998,LBN,940310
32058958,124,9912,2017,1742568.0,3002407.0,0.266847,1.117621,LBN,940310
32058959,124,9912,2018,729015.0,3129842.0,0.270554,0.9995149999999999,LBN,940310
32058960,124,9912,2019,655386.0,1777059.0,0.26155700000000004,1.062317,LBN,940310
32058961,124,9912,2020,446626.0,813717.0,0.35459,1.067965,LBN,940310
32058962,125,9912,1995,2508.0,5606.0,-0.683329,-1.058242,LBR,940310
32058963,125,9912,1996,0.0,74325.0,-0.6975779999999999,-1.0896290000000002,LBR,940310
32058964,125,9912,1997,0.0,23935.0,-0.468764,-1.087005,LBR,940310
32058965,125,9912,1998,0.0,87995.0,-0.41130600000000006,-1.096049,LBR,940310
32058966,125,9912,1999,0.0,11483.0,0.08996799999999999,-1.014859,LBR,940310
32058967,125,9912,2000,0.0,5234.0,-0.603775,-1.132357,LBR,940310
32058968,125,9912,2001,0.0,68107.0,-0.49036,-1.126565,LBR,940310
32058969,125,9912,2002,0.0,21586.0,-0.508416,-1.121658,LBR,940310
32058970,125,9912,2003,0.0,30536.0,0.026117,-1.03888,LBR,940310
32058971,125,9912,2004,0.0,95589.0,0.016191,-1.070051,LBR,940310
32058972,125,9912,2005,2030.0,366753.0,-0.6951890000000001,-1.101651,LBR,940310
32058973,125,9912,2006,0.0,177365.0,-0.679188,-1.0969389999999999,LBR,940310
32058974,125,9912,2007,0.0,136232.0,-0.866643,-1.124112,LBR,940310
32058975,125,9912,2008,0.0,394296.0,-0.20785900000000002,-0.9568030000000001,LBR,940310
32058976,125,9912,2009,0.0,86168.0,-0.07508,-0.994632,LBR,940310
32058977,125,9912,2010,0.0,170843.0,-0.527834,-1.045908,LBR,940310
32058978,125,9912,2011,0.0,102977.0,-0.318463,-0.9367489999999999,LBR,940310
32058979,125,9912,2012,0.0,352046.0,-0.699557,-1.083059,LBR,940310
32058980,125,9912,2013,0.0,154329.0,-0.41869399999999996,-0.9538770000000001,LBR,940310
32058981,125,9912,2014,0.0,1653733.0,-1.016828,-1.107983,LBR,940310
32058982,125,9912,2015,0.0,294192.0,-1.087459,-1.195708,LBR,940310
32058983,125,9912,2016,0.0,196439.0,-0.870345,-1.113277,LBR,940310
32058984,125,9912,2017,0.0,471976.0,-0.355064,-0.977613,LBR,940310
32058985,125,9912,2018,0.0,519324.0,-1.022881,-1.124718,LBR,940310
32058986,125,9912,2019,0.0,254370.0,-1.288568,-1.172395,LBR,940310
32058987,125,9912,2020,0.0,170312.0,-1.614715,-1.185446,LBR,940310
32058988,126,9912,1995,0.0,2137666.0,-0.353547,-1.019464,LBY,940310
32058989,126,9912,1996,0.0,1765939.0,-0.588489,-1.138552,LBY,940310
32058990,126,9912,1997,0.0,3149276.0,-0.49745600000000006,-1.126254,LBY,940310
32058991,126,9912,1998,0.0,1214419.0,-0.303379,-1.1347180000000001,LBY,940310
32058992,126,9912,1999,4736.0,2015066.0,-0.269375,-1.145758,LBY,940310
32058993,126,9912,2000,0.0,1888309.0,-0.49665200000000004,-1.130641,LBY,940310
32058994,126,9912,2001,0.0,1305188.0,-0.9321459999999999,-1.198124,LBY,940310
32058995,126,9912,2002,0.0,1985279.0,-0.568615,-1.172261,LBY,940310
32058996,126,9912,2003,0.0,2914950.0,-0.36075999999999997,-1.110575,LBY,940310
32058997,126,9912,2004,16496.0,2984880.0,-0.42119700000000004,-1.179463,LBY,940310
32058998,126,9912,2005,5896.0,2690087.0,-0.159698,-1.126737,LBY,940310
32058999,126,9912,2006,0.0,5205683.0,-0.518724,-1.142074,LBY,940310
32059000,126,9912,2007,3025.0,5134970.0,-0.8669959999999999,-1.167363,LBY,940310
32059001,126,9912,2008,191549.0,5413333.0,-1.156353,-1.133716,LBY,940310
32059002,126,9912,2009,1504.0,13975115.0,-1.196032,-1.1829,LBY,940310
32059003,126,9912,2010,1133.0,8558586.0,-0.706491,-1.140822,LBY,940310
32059004,126,9912,2011,1617273.0,2560819.0,-1.680464,-1.148511,LBY,940310
32059005,126,9912,2012,0.0,15661904.0,-3.1086240000000003,-1.185131,LBY,940310
32059006,126,9912,2013,0.0,15709762.0,-1.6241459999999999,-1.1817950000000002,LBY,940310
32059007,126,9912,2014,0.0,9593286.0,-1.5943829999999999,-1.189961,LBY,940310
32059008,126,9912,2015,0.0,4805645.0,-1.3257219999999998,-1.260453,LBY,940310
32059009,126,9912,2016,2791.0,2180805.0,-1.021925,-1.2316790000000002,LBY,940310
32059010,126,9912,2017,0.0,915664.0,-1.156635,-1.212561,LBY,940310
32059011,126,9912,2018,0.0,1292744.0,-1.608786,-1.231101,LBY,940310
32059012,126,9912,2019,2039.0,3453546.0,-1.552842,-1.2316690000000001,LBY,940310
32059013,126,9912,2020,0.0,2422771.0,-1.0431840000000001,-1.187957,LBY,940310
32059014,127,9912,1995,5269.0,128986.0,0.194177,-0.359444,LCA,940310
32059015,127,9912,1996,0.0,208379.0,0.016224000000000002,-0.664312,LCA,940310
32059016,127,9912,1997,0.0,192996.0,-0.148373,-0.516139,LCA,940310
32059017,127,9912,1998,0.0,301300.0,-0.056641,-0.672786,LCA,940310
32059018,127,9912,1999,0.0,204960.0,-0.129026,-0.630046,LCA,940310
32059019,127,9912,2000,3821.0,217891.0,0.025498,-0.599171,LCA,940310
32059020,127,9912,2001,0.0,209367.0,0.004518,-0.5326770000000001,LCA,940310
32059021,127,9912,2002,0.0,127537.0,0.14441700000000002,-0.38146599999999997,LCA,940310
32059022,127,9912,2003,4901.0,82845.0,0.318385,-0.342679,LCA,940310
32059023,127,9912,2004,3517.0,120340.0,0.233152,-0.351169,LCA,940310
32059024,127,9912,2005,0.0,142025.0,0.795038,-0.40244,LCA,940310
32059025,127,9912,2006,4261.0,261148.0,1.118348,-0.17618,LCA,940310
32059026,127,9912,2007,2377.0,279858.0,0.7445430000000001,-0.187834,LCA,940310
32059027,127,9912,2008,4621.0,540872.0,0.42267899999999997,0.005129,LCA,940310
32059028,127,9912,2009,3505.0,409178.0,0.34839699999999996,-0.531658,LCA,940310
32059029,127,9912,2010,454.0,285706.0,0.446162,-0.279229,LCA,940310
32059030,127,9912,2011,8738.0,283064.0,0.639295,-0.17407999999999998,LCA,940310
32059031,127,9912,2012,10034.0,822491.0,0.526261,-0.10413199999999999,LCA,940310
32059032,127,9912,2013,31865.0,347051.0,0.265129,-0.5083949999999999,LCA,940310
32059033,127,9912,2014,1183.0,488021.0,0.29035500000000003,-0.603541,LCA,940310
32059034,127,9912,2015,1555.0,439219.0,0.5410590000000001,-0.484234,LCA,940310
32059035,127,9912,2016,3865.0,532358.0,0.397746,-0.405285,LCA,940310
32059036,127,9912,2017,59311.0,501192.0,0.458896,-0.149195,LCA,940310
32059037,127,9912,2018,0.0,350431.0,0.18656,-0.143406,LCA,940310
32059038,127,9912,2019,1565.0,322691.0,0.21145,-0.08792699999999999,LCA,940310
32059039,127,9912,2020,0.0,148834.0,0.044785000000000005,-0.59519,LCA,940310
32059040,128,9912,1995,4969.0,437517.0,-0.8358030000000001,-0.29397199999999996,LKA,940310
32059041,128,9912,1996,13654.0,207110.0,-0.812763,-0.188722,LKA,940310
32059042,128,9912,1997,19371.0,225169.0,-0.925745,-0.308559,LKA,940310
32059043,128,9912,1998,11872.0,354897.0,-0.933293,-0.233566,LKA,940310
32059044,128,9912,1999,117900.0,590799.0,-0.8875649999999999,-0.059249,LKA,940310
32059045,128,9912,2000,52962.0,446961.0,-0.8783549999999999,-0.074326,LKA,940310
32059046,128,9912,2001,48483.0,352189.0,-0.722434,-0.033818,LKA,940310
32059047,128,9912,2002,50931.0,382496.0,-0.740927,0.023171,LKA,940310
32059048,128,9912,2003,134978.0,620402.0,-0.618057,0.101931,LKA,940310
32059049,128,9912,2004,147830.0,853305.0,-0.658668,0.21912600000000002,LKA,940310
32059050,128,9912,2005,120354.0,1141052.0,-0.718592,0.22666,LKA,940310
32059051,128,9912,2006,262367.0,826797.0,-0.573767,0.305913,LKA,940310
32059052,128,9912,2007,31517.0,1967871.0,-0.568577,0.364717,LKA,940310
32059053,128,9912,2008,127173.0,668458.0,-0.48245200000000005,0.295892,LKA,940310
32059054,128,9912,2009,241826.0,365048.0,-0.653836,0.174403,LKA,940310
32059055,128,9912,2010,103857.0,490186.0,-0.70886,0.25216700000000003,LKA,940310
32059056,128,9912,2011,157666.0,644317.0,-0.559311,0.398905,LKA,940310
32059057,128,9912,2012,241728.0,912582.0,-0.49648100000000006,0.48185200000000006,LKA,940310
32059058,128,9912,2013,257837.0,1364479.0,-0.6521779999999999,0.41258599999999995,LKA,940310
32059059,128,9912,2014,171002.0,1902405.0,-0.49366899999999997,0.338686,LKA,940310
32059060,128,9912,2015,307812.0,1011490.0,-0.6773399999999999,0.386343,LKA,940310
32059061,128,9912,2016,233661.0,1826452.0,-0.562869,0.49937,LKA,940310
32059062,128,9912,2017,44913.0,1545536.0,-0.46442799999999995,0.472132,LKA,940310
32059063,128,9912,2018,18069.0,1612203.0,-0.544504,0.41074099999999997,LKA,940310
32059064,128,9912,2019,73174.0,861840.0,-0.592952,0.394811,LKA,940310
32059065,128,9912,2020,23912.0,1043499.0,-0.48448599999999997,0.5495220000000001,LKA,940310
32059066,129,9912,1995,,,,,LSO,940310
32059067,129,9912,1996,,,,,LSO,940310
32059068,129,9912,1997,,,,,LSO,940310
32059069,129,9912,1998,,,,,LSO,940310
32059070,129,9912,1999,,,,,LSO,940310
32059071,129,9912,2000,0.0,139178.0,-0.8855850000000001,-0.9470620000000001,LSO,940310
32059072,129,9912,2001,0.0,152394.0,-0.786499,-0.7595729999999999,LSO,940310
32059073,129,9912,2002,0.0,323542.0,-1.342265,-1.057032,LSO,940310
32059074,129,9912,2003,0.0,1217271.0,-1.405425,-1.046031,LSO,940310
32059075,129,9912,2004,0.0,1512282.0,-1.343146,-1.041126,LSO,940310
32059076,129,9912,2005,0.0,33888.0,-1.8343599999999998,-1.077212,LSO,940310
32059077,129,9912,2006,0.0,9796.0,-1.006497,-0.957676,LSO,940310
32059078,129,9912,2007,0.0,29171.0,-0.122333,-0.7552439999999999,LSO,940310
32059079,129,9912,2008,3352.0,829251.0,-0.9549120000000001,-0.987166,LSO,940310
32059080,129,9912,2009,3525.0,755597.0,-1.446041,-1.102158,LSO,940310
32059081,129,9912,2010,60784.0,794740.0,-0.7534529999999999,-0.759605,LSO,940310
32059082,129,9912,2011,7364.0,269412.0,-0.868226,-0.764548,LSO,940310
32059083,129,9912,2012,1201.0,301037.0,-0.579926,-0.732004,LSO,940310
32059084,129,9912,2013,1172.0,442656.0,-0.7396689999999999,-0.696625,LSO,940310
32059085,129,9912,2014,9648.0,200283.0,-0.59647,-0.58713,LSO,940310
32059086,129,9912,2015,0.0,213816.0,-0.910168,-0.870865,LSO,940310
32059087,129,9912,2016,22495.0,307640.0,-0.891036,-0.807709,LSO,940310
32059088,129,9912,2017,5646.0,200439.0,-0.955398,-0.824111,LSO,940310
32059089,129,9912,2018,0.0,291163.0,-0.413303,-0.46411899999999995,LSO,940310
32059090,129,9912,2019,5818.0,319765.0,-0.905482,-0.69457,LSO,940310
32059091,129,9912,2020,1197.0,234123.0,-0.968781,-0.770512,LSO,940310
32059092,130,9912,1995,280633.0,526666.0,0.41220500000000004,0.966966,LTU,940310
32059093,130,9912,1996,215151.0,573386.0,0.40520500000000004,0.9465950000000001,LTU,940310
32059094,130,9912,1997,193820.0,830453.0,0.377245,0.8823270000000001,LTU,940310
32059095,130,9912,1998,555199.0,770458.0,0.27073,0.692656,LTU,940310
32059096,130,9912,1999,390445.0,726866.0,0.197536,0.5041899999999999,LTU,940310
32059097,130,9912,2000,287399.0,819248.0,0.22596799999999997,0.550341,LTU,940310
32059098,130,9912,2001,389587.0,969492.0,0.15706900000000001,0.416663,LTU,940310
32059099,130,9912,2002,787838.0,1214010.0,0.23102399999999998,0.586078,LTU,940310
32059100,130,9912,2003,1884500.0,1606232.0,0.239608,0.517299,LTU,940310
32059101,130,9912,2004,1431188.0,2018011.0,0.403568,0.632707,LTU,940310
32059102,130,9912,2005,1566991.0,3319112.0,0.365698,0.8917370000000001,LTU,940310
32059103,130,9912,2006,1872887.0,3256081.0,0.44063599999999997,1.163857,LTU,940310
32059104,130,9912,2007,2599770.0,3854351.0,0.604169,1.279982,LTU,940310
32059105,130,9912,2008,2655100.0,4907096.0,0.59033,0.961408,LTU,940310
32059106,130,9912,2009,1947589.0,1650969.0,0.647736,1.150962,LTU,940310
32059107,130,9912,2010,1150875.0,2196573.0,0.6390600000000001,1.144911,LTU,940310
32059108,130,9912,2011,2341101.0,1491823.0,0.747963,0.9759530000000001,LTU,940310
32059109,130,9912,2012,3842600.0,1912545.0,0.771482,1.000405,LTU,940310
32059110,130,9912,2013,3195558.0,2324808.0,0.737796,1.215543,LTU,940310
32059111,130,9912,2014,15882797.0,2606746.0,0.764495,1.3451540000000002,LTU,940310
32059112,130,9912,2015,34317700.0,2811598.0,0.749429,1.3659860000000001,LTU,940310
32059113,130,9912,2016,19629601.0,2314066.0,0.706929,1.419432,LTU,940310
32059114,130,9912,2017,16926462.0,2595329.0,0.855858,1.447717,LTU,940310
32059115,130,9912,2018,15584678.0,3340036.0,0.964249,1.4050200000000002,LTU,940310
32059116,130,9912,2019,17411660.0,4273751.0,0.858456,1.364581,LTU,940310
32059117,130,9912,2020,23267848.0,5959981.0,0.9772870000000001,1.291244,LTU,940310
32059118,131,9912,1995,,,,,LUX,940310
32059119,131,9912,1996,,,,,LUX,940310
32059120,131,9912,1997,,,,,LUX,940310
32059121,131,9912,1998,,,,,LUX,940310
32059122,131,9912,1999,76255.0,6438463.0,1.499745,1.142951,LUX,940310
32059123,131,9912,2000,217650.0,6860402.0,1.331688,1.130817,LUX,940310
32059124,131,9912,2001,355920.0,5800179.0,1.470895,1.149007,LUX,940310
32059125,131,9912,2002,191993.0,4853513.0,1.605378,1.152973,LUX,940310
32059126,131,9912,2003,85227.0,4905543.0,1.444996,1.063764,LUX,940310
32059127,131,9912,2004,302096.0,5757290.0,1.37529,1.0172649999999999,LUX,940310
32059128,131,9912,2005,301693.0,8096336.0,1.399885,0.974292,LUX,940310
32059129,131,9912,2006,646725.0,12218908.0,1.4345620000000001,0.8840819999999999,LUX,940310
32059130,131,9912,2007,1454941.0,20581632.0,1.390259,0.996566,LUX,940310
32059131,131,9912,2008,2082438.0,25980448.0,1.39945,1.003857,LUX,940310
32059132,131,9912,2009,971686.0,16107067.0,1.323336,1.026341,LUX,940310
32059133,131,9912,2010,900752.0,12152153.0,1.272127,1.1051520000000001,LUX,940310
32059134,131,9912,2011,659563.0,13335072.0,1.1655739999999999,1.222379,LUX,940310
32059135,131,9912,2012,822256.0,14384188.0,1.131145,1.305768,LUX,940310
32059136,131,9912,2013,753577.0,10582549.0,1.170459,1.150327,LUX,940310
32059137,131,9912,2014,505034.0,12630763.0,1.243845,1.155474,LUX,940310
32059138,131,9912,2015,243264.0,12464882.0,1.218924,1.247152,LUX,940310
32059139,131,9912,2016,643901.0,13825184.0,1.340054,1.30224,LUX,940310
32059140,131,9912,2017,584457.0,13629971.0,1.24064,1.298263,LUX,940310
32059141,131,9912,2018,1336419.0,16132505.0,1.1142889999999999,1.306066,LUX,940310
32059142,131,9912,2019,1223923.0,14053579.0,1.234145,1.3754309999999998,LUX,940310
32059143,131,9912,2020,846428.0,11526302.0,1.197655,1.432727,LUX,940310
32059144,132,9912,1995,220304.0,1395265.0,0.25453400000000004,0.174809,LVA,940310
32059145,132,9912,1996,140526.0,1025577.0,0.33418600000000004,0.1615,LVA,940310
32059146,132,9912,1997,242998.0,1290692.0,0.398848,0.215206,LVA,940310
32059147,132,9912,1998,150841.0,1983128.0,0.322473,0.388421,LVA,940310
32059148,132,9912,1999,160762.0,1042015.0,0.20633600000000002,0.324171,LVA,940310
32059149,132,9912,2000,396692.0,1484197.0,0.392514,0.212175,LVA,940310
32059150,132,9912,2001,298002.0,1724246.0,0.404136,0.461009,LVA,940310
32059151,132,9912,2002,324342.0,1508089.0,0.45210200000000006,0.515388,LVA,940310
32059152,132,9912,2003,254736.0,1981755.0,0.520772,0.5631689999999999,LVA,940310
32059153,132,9912,2004,1280297.0,2157051.0,0.413821,0.627853,LVA,940310
32059154,132,9912,2005,1174052.0,2714962.0,0.439697,0.690283,LVA,940310
32059155,132,9912,2006,1837042.0,2989216.0,0.531375,0.9414170000000001,LVA,940310
32059156,132,9912,2007,2066600.0,5252171.0,0.61459,0.985358,LVA,940310
32059157,132,9912,2008,1573005.0,5574933.0,0.655489,1.0811540000000002,LVA,940310
32059158,132,9912,2009,548943.0,2396788.0,0.675643,0.99977,LVA,940310
32059159,132,9912,2010,1070982.0,5209706.0,0.6158170000000001,1.1401059999999998,LVA,940310
32059160,132,9912,2011,1261366.0,4602668.0,0.7320939999999999,1.101321,LVA,940310
32059161,132,9912,2012,1392043.0,2741239.0,0.71433,0.9376540000000001,LVA,940310
32059162,132,9912,2013,2372020.0,2594385.0,0.6219439999999999,1.166749,LVA,940310
32059163,132,9912,2014,1839069.0,2436910.0,0.613116,1.1899790000000001,LVA,940310
32059164,132,9912,2015,2068309.0,2514103.0,0.602209,1.125357,LVA,940310
32059165,132,9912,2016,2282867.0,1992735.0,0.553592,1.19865,LVA,940310
32059166,132,9912,2017,3358226.0,2026919.0,0.684555,1.3208030000000002,LVA,940310
32059167,132,9912,2018,4120180.0,2791388.0,0.707168,1.294297,LVA,940310
32059168,132,9912,2019,3079370.0,2728735.0,0.7804300000000001,1.159592,LVA,940310
32059169,132,9912,2020,1899058.0,2906375.0,0.712901,1.119907,LVA,940310
32059170,133,9912,1995,45073.0,1982759.0,-0.149794,-0.26961799999999997,MAC,940310
32059171,133,9912,1996,17304.0,1301025.0,-0.23007399999999997,-0.34139400000000003,MAC,940310
32059172,133,9912,1997,7791.0,1976127.0,-0.238002,-0.361492,MAC,940310
32059173,133,9912,1998,24482.0,1093297.0,-0.21838000000000002,-0.370322,MAC,940310
32059174,133,9912,1999,25564.0,995565.0,-0.365239,-0.380913,MAC,940310
32059175,133,9912,2000,71833.0,583574.0,-0.370575,-0.47639499999999996,MAC,940310
32059176,133,9912,2001,6110.0,917462.0,-0.608406,-0.521662,MAC,940310
32059177,133,9912,2002,43100.0,804790.0,-0.360172,-0.359367,MAC,940310
32059178,133,9912,2003,83378.0,1117652.0,-0.294516,-0.413828,MAC,940310
32059179,133,9912,2004,9164.0,1263778.0,-0.351045,-0.487521,MAC,940310
32059180,133,9912,2005,4268.0,1559453.0,-0.218324,-0.329027,MAC,940310
32059181,133,9912,2006,26035.0,1942982.0,-0.07118200000000001,-0.228354,MAC,940310
32059182,133,9912,2007,117588.0,2413294.0,0.168528,-0.150411,MAC,940310
32059183,133,9912,2008,122900.0,1859983.0,0.352633,0.219317,MAC,940310
32059184,133,9912,2009,51774.0,1755105.0,0.450395,0.6237739999999999,MAC,940310
32059185,133,9912,2010,247485.0,2635675.0,0.545755,0.492997,MAC,940310
32059186,133,9912,2011,8226.0,2091685.0,0.511015,0.560905,MAC,940310
32059187,133,9912,2012,7982.0,1932794.0,0.659177,0.583923,MAC,940310
32059188,133,9912,2013,52843.0,3066564.0,0.252209,0.184401,MAC,940310
32059189,133,9912,2014,685577.0,3699113.0,0.704535,0.5856140000000001,MAC,940310
32059190,133,9912,2015,237662.0,3016836.0,0.296288,0.32009499999999996,MAC,940310
32059191,133,9912,2016,28258.0,1970891.0,0.534935,0.185542,MAC,940310
32059192,133,9912,2017,2584.0,936176.0,0.264006,-0.11028099999999999,MAC,940310
32059193,133,9912,2018,1252.0,1159227.0,0.44520299999999996,0.042491,MAC,940310
32059194,133,9912,2019,3992.0,1559205.0,0.397984,-0.061689,MAC,940310
32059195,133,9912,2020,0.0,1020955.0,0.464354,0.020065,MAC,940310
32059196,134,9912,1995,232112.0,1646784.0,-0.6481210000000001,-0.22345,MAR,940310
32059197,134,9912,1996,199785.0,1036351.0,-0.67314,-0.241242,MAR,940310
32059198,134,9912,1997,466156.0,1145327.0,-0.649616,-0.260554,MAR,940310
32059199,134,9912,1998,558165.0,1321308.0,-0.7299479999999999,-0.23758200000000002,MAR,940310
32059200,134,9912,1999,635761.0,1367999.0,-0.659053,-0.142104,MAR,940310
32059201,134,9912,2000,863107.0,1823181.0,-0.664836,-0.282415,MAR,940310
32059202,134,9912,2001,590020.0,1859706.0,-0.75275,-0.280397,MAR,940310
32059203,134,9912,2002,815660.0,1270129.0,-0.810467,-0.34807899999999997,MAR,940310
32059204,134,9912,2003,894297.0,1785536.0,-0.6842050000000001,-0.217892,MAR,940310
32059205,134,9912,2004,626107.0,1962622.0,-0.681556,-0.152372,MAR,940310
32059206,134,9912,2005,420227.0,2080000.0,-0.617355,-0.129666,MAR,940310
32059207,134,9912,2006,439285.0,2743697.0,-0.547933,0.08257300000000001,MAR,940310
32059208,134,9912,2007,374891.0,6004292.0,-0.5846560000000001,0.10927100000000001,MAR,940310
32059209,134,9912,2008,338972.0,4935871.0,-0.505734,-0.000516,MAR,940310
32059210,134,9912,2009,144248.0,7494273.0,-0.48819300000000004,0.173952,MAR,940310
32059211,134,9912,2010,161377.0,7330201.0,-0.5935229999999999,-0.056497000000000006,MAR,940310
32059212,134,9912,2011,248021.0,10575051.0,-0.485404,0.099828,MAR,940310
32059213,134,9912,2012,59443.0,8852853.0,-0.536297,-0.018561,MAR,940310
32059214,134,9912,2013,105007.0,9238869.0,-0.6494260000000001,-0.035075999999999996,MAR,940310
32059215,134,9912,2014,131437.0,8205489.0,-0.574034,0.065788,MAR,940310
32059216,134,9912,2015,145124.0,9229761.0,-0.7554810000000001,-0.059697,MAR,940310
32059217,134,9912,2016,279583.0,9841586.0,-0.772795,-0.206511,MAR,940310
32059218,134,9912,2017,364611.0,11090284.0,-0.757236,-0.065347,MAR,940310
32059219,134,9912,2018,282779.0,11362141.0,-0.712775,-0.090013,MAR,940310
32059220,134,9912,2019,238227.0,8609219.0,-0.747739,-0.154125,MAR,940310
32059221,134,9912,2020,135883.0,7084860.0,-0.5208510000000001,-0.080499,MAR,940310
32059222,135,9912,1995,74630.0,104255.0,0.394058,0.124474,MDA,940310
32059223,135,9912,1996,8667.0,94550.0,0.198427,0.026004000000000003,MDA,940310
32059224,135,9912,1997,0.0,215372.0,0.148579,-0.334685,MDA,940310
32059225,135,9912,1998,1425.0,168469.0,-0.112783,-0.276584,MDA,940310
32059226,135,9912,1999,1839.0,83908.0,-0.16408,-0.08062000000000001,MDA,940310
32059227,135,9912,2000,8914.0,51545.0,0.069239,0.02855,MDA,940310
32059228,135,9912,2001,0.0,127942.0,-0.024822,-0.15323399999999998,MDA,940310
32059229,135,9912,2002,1194.0,59998.0,-0.186001,-0.141598,MDA,940310
32059230,135,9912,2003,4610.0,133756.0,-0.005154,-0.26107199999999997,MDA,940310
32059231,135,9912,2004,5445.0,191038.0,-0.155523,-0.355142,MDA,940310
32059232,135,9912,2005,0.0,166417.0,-0.10179400000000001,-0.152093,MDA,940310
32059233,135,9912,2006,10461.0,355645.0,-0.017707,0.135305,MDA,940310
32059234,135,9912,2007,12380.0,359706.0,0.147801,0.13758299999999998,MDA,940310
32059235,135,9912,2008,47446.0,715980.0,0.096913,-0.095718,MDA,940310
32059236,135,9912,2009,23430.0,170903.0,0.009281999999999999,-0.039299,MDA,940310
32059237,135,9912,2010,20705.0,355283.0,-0.116797,0.037801,MDA,940310
32059238,135,9912,2011,12719.0,484723.0,-0.225556,0.28622,MDA,940310
32059239,135,9912,2012,44534.0,778795.0,0.025301,0.36205,MDA,940310
32059240,135,9912,2013,5198.0,613814.0,-0.016235,0.132104,MDA,940310
32059241,135,9912,2014,0.0,509716.0,-0.10438199999999999,-0.093194,MDA,940310
32059242,135,9912,2015,4272.0,541800.0,-0.313837,-0.20393,MDA,940310
32059243,135,9912,2016,2828.0,526060.0,-0.340932,-0.2839,MDA,940310
32059244,135,9912,2017,9033.0,525418.0,-0.24909,-0.181213,MDA,940310
32059245,135,9912,2018,16963.0,963270.0,-0.358412,-0.271334,MDA,940310
32059246,135,9912,2019,26924.0,847250.0,-0.333385,-0.35752,MDA,940310
32059247,135,9912,2020,9769.0,1137227.0,-0.06779199999999999,-0.240851,MDA,940310
32059248,136,9912,1995,1282.0,164380.0,-1.178074,-0.6167,MDG,940310
32059249,136,9912,1996,0.0,135709.0,-1.213619,-0.606686,MDG,940310
32059250,136,9912,1997,0.0,150211.0,-1.2630370000000002,-0.565295,MDG,940310
32059251,136,9912,1998,0.0,219344.0,-1.2600639999999999,-0.566983,MDG,940310
32059252,136,9912,1999,0.0,143320.0,-1.186653,-0.5059279999999999,MDG,940310
32059253,136,9912,2000,0.0,172952.0,-1.045792,-0.386997,MDG,940310
32059254,136,9912,2001,0.0,338466.0,-1.247531,-0.637093,MDG,940310
32059255,136,9912,2002,7930.0,158149.0,-1.120167,-0.43338699999999997,MDG,940310
32059256,136,9912,2003,0.0,506604.0,-1.254758,-0.622696,MDG,940310
32059257,136,9912,2004,2201.0,177536.0,-1.355542,-0.634409,MDG,940310
32059258,136,9912,2005,1390.0,779493.0,-1.075232,-0.333908,MDG,940310
32059259,136,9912,2006,0.0,252661.0,-1.024657,-0.393395,MDG,940310
32059260,136,9912,2007,12429.0,960261.0,-0.939838,-0.221205,MDG,940310
32059261,136,9912,2008,59008.0,742174.0,-0.9618190000000001,-0.348841,MDG,940310
32059262,136,9912,2009,0.0,359925.0,-1.0356610000000002,-0.198062,MDG,940310
32059263,136,9912,2010,3073.0,455227.0,-0.8737799999999999,-0.043717,MDG,940310
32059264,136,9912,2011,3195.0,948363.0,-1.040519,-0.404883,MDG,940310
32059265,136,9912,2012,6136.0,264002.0,-0.9744290000000001,-0.326567,MDG,940310
32059266,136,9912,2013,15488.0,490535.0,-1.068565,-0.364254,MDG,940310
32059267,136,9912,2014,4499.0,603297.0,-1.002122,-0.44446,MDG,940310
32059268,136,9912,2015,1240.0,577335.0,-1.15947,-0.497217,MDG,940310
32059269,136,9912,2016,2064.0,801419.0,-1.2672709999999998,-0.613909,MDG,940310
32059270,136,9912,2017,0.0,1260489.0,-1.277182,-0.6503399999999999,MDG,940310
32059271,136,9912,2018,8380.0,1495700.0,-1.2144549999999998,-0.748326,MDG,940310
32059272,136,9912,2019,22662.0,742218.0,-1.267516,-0.733849,MDG,940310
32059273,136,9912,2020,6306.0,144384.0,-1.206503,-0.709465,MDG,940310
32059274,137,9912,1995,0.0,174996.0,-1.258938,-0.9818629999999999,MDV,940310
32059275,137,9912,1996,0.0,169428.0,-1.107903,-1.016442,MDV,940310
32059276,137,9912,1997,0.0,82883.0,-1.155491,-1.0362200000000001,MDV,940310
32059277,137,9912,1998,0.0,150427.0,-1.4121629999999998,-1.084394,MDV,940310
32059278,137,9912,1999,0.0,237033.0,-0.83783,-0.941734,MDV,940310
32059279,137,9912,2000,0.0,84290.0,-1.408182,-1.099033,MDV,940310
32059280,137,9912,2001,0.0,60175.0,-0.980734,-0.9785659999999999,MDV,940310
32059281,137,9912,2002,1639.0,118821.0,-1.3007440000000001,-1.0420120000000002,MDV,940310
32059282,137,9912,2003,3074.0,65229.0,-1.201352,-1.031892,MDV,940310
32059283,137,9912,2004,2556.0,289135.0,-0.34020700000000004,-0.817298,MDV,940310
32059284,137,9912,2005,15000.0,474418.0,0.063163,-0.623409,MDV,940310
32059285,137,9912,2006,0.0,265042.0,-0.240191,-0.8320290000000001,MDV,940310
32059286,137,9912,2007,0.0,523625.0,-0.7558050000000001,-0.931211,MDV,940310
32059287,137,9912,2008,0.0,788548.0,0.037203,-0.718439,MDV,940310
32059288,137,9912,2009,10158.0,362224.0,-0.415182,-0.9298379999999999,MDV,940310
32059289,137,9912,2010,0.0,216387.0,-0.644859,-0.910633,MDV,940310
32059290,137,9912,2011,0.0,433636.0,-0.937469,-0.87897,MDV,940310
32059291,137,9912,2012,2823.0,760613.0,-0.664154,-0.826418,MDV,940310
32059292,137,9912,2013,67704.0,1157117.0,-0.21889699999999998,-0.776392,MDV,940310
32059293,137,9912,2014,0.0,694820.0,-0.43265299999999995,-0.82696,MDV,940310
32059294,137,9912,2015,0.0,783721.0,-0.321571,-0.858751,MDV,940310
32059295,137,9912,2016,1322.0,1792355.0,-0.79904,-0.9720840000000001,MDV,940310
32059296,137,9912,2017,0.0,986189.0,-1.100027,-0.9779479999999999,MDV,940310
32059297,137,9912,2018,0.0,1317647.0,-0.577527,-0.952098,MDV,940310
32059298,137,9912,2019,0.0,1239703.0,-0.37792800000000004,-0.8963059999999999,MDV,940310
32059299,137,9912,2020,4346.0,382954.0,-0.68914,-0.844514,MDV,940310
32059300,138,9912,1995,2614446.0,15569950.0,0.6414300000000001,0.9697520000000001,MEX,940310
32059301,138,9912,1996,5596597.0,14367268.0,0.651949,0.9132170000000001,MEX,940310
32059302,138,9912,1997,3438927.0,17371215.0,0.603221,0.898488,MEX,940310
32059303,138,9912,1998,2372090.0,21748350.0,0.525671,0.880649,MEX,940310
32059304,138,9912,1999,5617909.0,26828882.0,0.581034,0.8399760000000001,MEX,940310
32059305,138,9912,2000,15749195.0,28728627.0,0.6866760000000001,0.64383,MEX,940310
32059306,138,9912,2001,15045357.0,23315533.0,0.797058,0.713234,MEX,940310
32059307,138,9912,2002,16971014.0,19482903.0,0.942061,0.6311260000000001,MEX,940310
32059308,138,9912,2003,25729624.0,15756201.0,0.862509,0.756684,MEX,940310
32059309,138,9912,2004,29341377.0,24251516.0,0.868684,0.85506,MEX,940310
32059310,138,9912,2005,35675296.0,33169739.0,1.046235,0.856245,MEX,940310
32059311,138,9912,2006,36081658.0,32958373.0,1.047268,0.7142270000000001,MEX,940310
32059312,138,9912,2007,35229045.0,34313935.0,1.044746,0.605246,MEX,940310
32059313,138,9912,2008,31628083.0,31440745.0,0.9833639999999999,0.7687069999999999,MEX,940310
32059314,138,9912,2009,32386598.0,27331116.0,1.061625,0.719234,MEX,940310
32059315,138,9912,2010,36319753.0,31646131.0,1.132664,0.675756,MEX,940310
32059316,138,9912,2011,36638892.0,31033963.0,0.9534600000000001,0.706982,MEX,940310
32059317,138,9912,2012,39177785.0,49685929.0,1.039541,0.663349,MEX,940310
32059318,138,9912,2013,36528669.0,39892352.0,1.048507,0.718932,MEX,940310
32059319,138,9912,2014,41306012.0,40518282.0,1.0799729999999998,0.697554,MEX,940310
32059320,138,9912,2015,38705431.0,37418618.0,1.169724,0.61457,MEX,940310
32059321,138,9912,2016,33028267.0,45723631.0,1.165638,0.6446649999999999,MEX,940310
32059322,138,9912,2017,31050746.0,42251850.0,1.08871,0.5745279999999999,MEX,940310
32059323,138,9912,2018,35451451.0,43042346.0,1.00061,0.585759,MEX,940310
32059324,138,9912,2019,47305423.0,43193983.0,1.083041,0.569353,MEX,940310
32059325,138,9912,2020,55920176.0,20617535.0,0.974514,0.563643,MEX,940310
32059326,139,9912,1995,,,-0.423338,-0.72302,MHL,940310
32059327,139,9912,1996,0.0,18201.0,-0.035292000000000004,-0.660011,MHL,940310
32059328,139,9912,1997,0.0,70059.0,-0.09653400000000001,-0.744734,MHL,940310
32059329,139,9912,1998,0.0,31628.0,-0.697979,-0.843189,MHL,940310
32059330,139,9912,1999,0.0,12730.0,0.287285,-0.757613,MHL,940310
32059331,139,9912,2000,10383.0,16395.0,0.725404,-0.633921,MHL,940310
32059332,139,9912,2001,0.0,2256.0,0.044811000000000004,-0.8319209999999999,MHL,940310
32059333,139,9912,2002,0.0,14539.0,0.185091,-0.8390989999999999,MHL,940310
32059334,139,9912,2003,0.0,443519.0,-1.7295669999999999,-0.926291,MHL,940310
32059335,139,9912,2004,0.0,152820.0,-0.088716,-0.7905449999999999,MHL,940310
32059336,139,9912,2005,47348.0,8711.0,-0.991793,-0.875741,MHL,940310
32059337,139,9912,2006,0.0,4469.0,-0.6514220000000001,-0.880265,MHL,940310
32059338,139,9912,2007,0.0,18060.0,-0.980109,-0.915091,MHL,940310
32059339,139,9912,2008,0.0,167987.0,-1.092352,-0.9263600000000001,MHL,940310
32059340,139,9912,2009,3390.0,4655.0,-0.960635,-0.99724,MHL,940310
32059341,139,9912,2010,0.0,21560.0,-0.599197,-0.788443,MHL,940310
32059342,139,9912,2011,0.0,18226.0,-0.380054,-0.73321,MHL,940310
32059343,139,9912,2012,0.0,152976.0,-0.557802,-0.790155,MHL,940310
32059344,139,9912,2013,0.0,80587.0,-0.980348,-0.8763219999999999,MHL,940310
32059345,139,9912,2014,0.0,28582.0,-0.22505,-0.803084,MHL,940310
32059346,139,9912,2015,0.0,41431.0,-0.174541,-0.828616,MHL,940310
32059347,139,9912,2016,0.0,68962.0,0.073567,-0.808307,MHL,940310
32059348,139,9912,2017,0.0,292273.0,-0.057511,-0.80248,MHL,940310
32059349,139,9912,2018,0.0,26446.0,0.03022,-0.7880520000000001,MHL,940310
32059350,139,9912,2019,,,-0.592066,-0.900875,MHL,940310
32059351,139,9912,2020,0.0,26869.0,-0.23666700000000002,-0.822276,MHL,940310
32059352,140,9912,1995,6080.0,598487.0,0.34174,0.648467,MKD,940310
32059353,140,9912,1996,1852.0,413215.0,0.316133,0.933068,MKD,940310
32059354,140,9912,1997,4255.0,190488.0,0.26327399999999995,0.704879,MKD,940310
32059355,140,9912,1998,12411.0,118323.0,0.102559,0.591468,MKD,940310
32059356,140,9912,1999,121627.0,345436.0,0.053132000000000006,0.43408,MKD,940310
32059357,140,9912,2000,348510.0,406335.0,0.13176600000000002,0.407194,MKD,940310
32059358,140,9912,2001,37337.0,357481.0,0.033097,0.43516499999999997,MKD,940310
32059359,140,9912,2002,52289.0,373594.0,-0.030274000000000002,0.359317,MKD,940310
32059360,140,9912,2003,29568.0,486115.0,-0.017632,0.225394,MKD,940310
32059361,140,9912,2004,202448.0,347256.0,-0.091013,0.190649,MKD,940310
32059362,140,9912,2005,185132.0,586117.0,-0.084262,0.23169099999999998,MKD,940310
32059363,140,9912,2006,119236.0,464156.0,-0.21336,0.17674700000000002,MKD,940310
32059364,140,9912,2007,142908.0,1075427.0,-0.125912,-0.009395,MKD,940310
32059365,140,9912,2008,164544.0,1059306.0,-0.090639,-0.137401,MKD,940310
32059366,140,9912,2009,213123.0,466374.0,-0.14890499999999998,0.405505,MKD,940310
32059367,140,9912,2010,222845.0,668378.0,-0.122842,0.407017,MKD,940310
32059368,140,9912,2011,366583.0,283120.0,-0.12310499999999999,0.16392,MKD,940310
32059369,140,9912,2012,248102.0,823010.0,-0.010966,0.160996,MKD,940310
32059370,140,9912,2013,488165.0,313730.0,-0.10859400000000001,0.155229,MKD,940310
32059371,140,9912,2014,98202.0,692768.0,-0.039799,-0.05545,MKD,940310
32059372,140,9912,2015,103398.0,263647.0,-0.09009600000000001,-0.147359,MKD,940310
32059373,140,9912,2016,585893.0,459965.0,0.026185000000000003,-0.20027999999999999,MKD,940310
32059374,140,9912,2017,162409.0,470091.0,-0.0292,-0.377156,MKD,940310
32059375,140,9912,2018,596241.0,722472.0,0.079976,-0.20256,MKD,940310
32059376,140,9912,2019,224570.0,672418.0,0.050624,-0.11143299999999999,MKD,940310
32059377,140,9912,2020,584558.0,785873.0,0.147947,-0.11116500000000001,MKD,940310
32059378,141,9912,1995,0.0,248722.0,-0.807662,-0.952101,MLI,940310
32059379,141,9912,1996,2290.0,197141.0,-0.987858,-0.9677040000000001,MLI,940310
32059380,141,9912,1997,0.0,143728.0,-1.230276,-1.086769,MLI,940310
32059381,141,9912,1998,0.0,119933.0,-0.8910049999999999,-0.9654870000000001,MLI,940310
32059382,141,9912,1999,0.0,119950.0,-0.8019149999999999,-0.9337979999999999,MLI,940310
32059383,141,9912,2000,3592.0,288706.0,-0.5546409999999999,-0.633603,MLI,940310
32059384,141,9912,2001,0.0,219643.0,-0.40341,-0.626402,MLI,940310
32059385,141,9912,2002,610.0,134727.0,-0.8948520000000001,-0.863375,MLI,940310
32059386,141,9912,2003,1665.0,281482.0,-0.786411,-0.879049,MLI,940310
32059387,141,9912,2004,7447.0,223419.0,-0.6905100000000001,-0.9162459999999999,MLI,940310
32059388,141,9912,2005,43305.0,275008.0,-0.811021,-0.77035,MLI,940310
32059389,141,9912,2006,13113.0,98845.0,-0.503462,-0.778836,MLI,940310
32059390,141,9912,2007,33006.0,332009.0,-0.672822,-0.687913,MLI,940310
32059391,141,9912,2008,0.0,656326.0,-0.274267,-0.51084,MLI,940310
32059392,141,9912,2009,0.0,278772.0,-0.84835,-0.780324,MLI,940310
32059393,141,9912,2010,23490.0,302773.0,-0.585496,-0.655841,MLI,940310
32059394,141,9912,2011,242.0,347971.0,-0.6778109999999999,-0.653211,MLI,940310
32059395,141,9912,2012,4128.0,255311.0,-0.592899,-0.775098,MLI,940310
32059396,141,9912,2013,3099.0,257118.0,-1.183671,-1.069504,MLI,940310
32059397,141,9912,2014,0.0,442810.0,-1.199063,-1.05497,MLI,940310
32059398,141,9912,2015,2039.0,692307.0,-0.744236,-0.9441860000000001,MLI,940310
32059399,141,9912,2016,8283.0,397860.0,-0.584863,-0.74131,MLI,940310
32059400,141,9912,2017,5835.0,715953.0,-0.5927899999999999,-0.707245,MLI,940310
32059401,141,9912,2018,2471.0,827397.0,-0.49666499999999997,-0.7189909999999999,MLI,940310
32059402,141,9912,2019,0.0,452463.0,-0.381732,-0.606313,MLI,940310
32059403,141,9912,2020,3638.0,786619.0,-1.309505,-1.1745079999999999,MLI,940310
32059404,142,9912,1995,1436736.0,670074.0,0.842519,0.11882899999999999,MLT,940310
32059405,142,9912,1996,781438.0,548023.0,0.8825440000000001,0.066541,MLT,940310
32059406,142,9912,1997,1729109.0,557044.0,0.936998,0.062266999999999996,MLT,940310
32059407,142,9912,1998,3668904.0,550078.0,0.919593,-0.071451,MLT,940310
32059408,142,9912,1999,3556815.0,758836.0,0.9998450000000001,0.009412,MLT,940310
32059409,142,9912,2000,1879754.0,587788.0,1.106517,-0.05459,MLT,940310
32059410,142,9912,2001,1455948.0,599488.0,1.065032,-0.065239,MLT,940310
32059411,142,9912,2002,285773.0,852561.0,1.12245,0.019001,MLT,940310
32059412,142,9912,2003,14313.0,1114862.0,1.2138149999999999,-0.015687,MLT,940310
32059413,142,9912,2004,93582.0,746184.0,1.251894,0.063827,MLT,940310
32059414,142,9912,2005,1643839.0,521597.0,1.298938,0.13206600000000002,MLT,940310
32059415,142,9912,2006,1521648.0,460723.0,1.384411,0.093734,MLT,940310
32059416,142,9912,2007,902748.0,1048194.0,1.184569,-0.046376,MLT,940310
32059417,142,9912,2008,178107.0,1300403.0,1.015716,-0.065673,MLT,940310
32059418,142,9912,2009,601089.0,820389.0,1.233965,-0.016763,MLT,940310
32059419,142,9912,2010,19918.0,2385092.0,1.211797,-0.024923,MLT,940310
32059420,142,9912,2011,5938.0,1271764.0,1.3001340000000001,0.22605799999999998,MLT,940310
32059421,142,9912,2012,79090.0,1382684.0,1.023776,0.12459400000000001,MLT,940310
32059422,142,9912,2013,176702.0,2814718.0,0.8519760000000001,-0.075869,MLT,940310
32059423,142,9912,2014,42394.0,2104848.0,0.817013,0.0016309999999999999,MLT,940310
32059424,142,9912,2015,86923.0,1418420.0,0.880893,-0.117585,MLT,940310
32059425,142,9912,2016,71201.0,1234455.0,0.8795950000000001,-0.21689499999999998,MLT,940310
32059426,142,9912,2017,135657.0,986834.0,0.999914,0.12683,MLT,940310
32059427,142,9912,2018,129305.0,3070044.0,0.9621219999999999,0.257289,MLT,940310
32059428,142,9912,2019,9957.0,2700968.0,0.893992,0.25255500000000003,MLT,940310
32059429,142,9912,2020,27240.0,2401308.0,0.9159309999999999,0.24442199999999997,MLT,940310
32059430,143,9912,1995,1552.0,318987.0,-1.5669309999999999,-1.124558,MMR,940310
32059431,143,9912,1996,0.0,1832322.0,-1.556357,-1.078395,MMR,940310
32059432,143,9912,1997,0.0,928324.0,-1.595159,-1.09562,MMR,940310
32059433,143,9912,1998,0.0,127902.0,-1.620365,-0.997957,MMR,940310
32059434,143,9912,1999,0.0,539902.0,-1.4991299999999999,-0.984557,MMR,940310
32059435,143,9912,2000,10490.0,1060236.0,-1.504802,-1.0756860000000001,MMR,940310
32059436,143,9912,2001,0.0,605842.0,-1.5627,-1.150854,MMR,940310
32059437,143,9912,2002,0.0,702197.0,-1.571568,-1.131512,MMR,940310
32059438,143,9912,2003,5306.0,446751.0,-1.435123,-1.0948,MMR,940310
32059439,143,9912,2004,0.0,449238.0,-1.400614,-0.947664,MMR,940310
32059440,143,9912,2005,10428.0,317867.0,-1.506567,-1.169183,MMR,940310
32059441,143,9912,2006,5146.0,306400.0,-1.543679,-1.145623,MMR,940310
32059442,143,9912,2007,1972.0,323419.0,-1.29366,-1.074733,MMR,940310
32059443,143,9912,2008,10888.0,783041.0,-1.501556,-1.1134110000000002,MMR,940310
32059444,143,9912,2009,0.0,1078591.0,-1.6459529999999998,-1.186635,MMR,940310
32059445,143,9912,2010,1247.0,1863331.0,-1.480389,-1.075842,MMR,940310
32059446,143,9912,2011,5515.0,2196340.0,-1.3557190000000001,-0.929934,MMR,940310
32059447,143,9912,2012,9706.0,2704362.0,-1.219747,-0.9290229999999999,MMR,940310
32059448,143,9912,2013,1549.0,4102070.0,-1.230787,-0.737375,MMR,940310
32059449,143,9912,2014,3084.0,5548193.0,-1.5332459999999999,-1.145973,MMR,940310
32059450,143,9912,2015,1141.0,5418479.0,-1.4596120000000001,-0.903904,MMR,940310
32059451,143,9912,2016,0.0,6201072.0,-1.160878,-0.6042609999999999,MMR,940310
32059452,143,9912,2017,3294.0,9363145.0,-1.051544,-0.419183,MMR,940310
32059453,143,9912,2018,3394.0,9445050.0,-0.936467,-0.223413,MMR,940310
32059454,143,9912,2019,1746.0,10417181.0,-1.196733,-0.435766,MMR,940310
32059455,143,9912,2020,4097.0,9569680.0,-0.9993569999999999,-0.298647,MMR,940310
32059456,144,9912,1995,,,,,MNE,940310
32059457,144,9912,1996,,,,,MNE,940310
32059458,144,9912,1997,,,,,MNE,940310
32059459,144,9912,1998,,,,,MNE,940310
32059460,144,9912,1999,,,,,MNE,940310
32059461,144,9912,2000,,,,,MNE,940310
32059462,144,9912,2001,,,,,MNE,940310
32059463,144,9912,2002,,,,,MNE,940310
32059464,144,9912,2003,,,,,MNE,940310
32059465,144,9912,2004,,,,,MNE,940310
32059466,144,9912,2005,,,,,MNE,940310
32059467,144,9912,2006,13716.0,761315.0,0.130773,-0.24674699999999997,MNE,940310
32059468,144,9912,2007,88990.0,1188820.0,0.250006,-0.154908,MNE,940310
32059469,144,9912,2008,17030.0,1917505.0,0.321434,-0.168212,MNE,940310
32059470,144,9912,2009,56820.0,898582.0,0.19963499999999998,-0.073107,MNE,940310
32059471,144,9912,2010,53109.0,1214188.0,0.266397,-0.02502,MNE,940310
32059472,144,9912,2011,32835.0,999840.0,0.149559,0.024935,MNE,940310
32059473,144,9912,2012,1786.0,516407.0,-0.059409000000000003,-0.328183,MNE,940310
32059474,144,9912,2013,3492.0,614881.0,-0.054454999999999996,-0.164875,MNE,940310
32059475,144,9912,2014,5106.0,948702.0,-0.17039100000000001,-0.21762399999999998,MNE,940310
32059476,144,9912,2015,2423.0,479744.0,-0.048385000000000004,-0.150759,MNE,940310
32059477,144,9912,2016,1113.0,357284.0,-0.005084,-0.25252199999999997,MNE,940310
32059478,144,9912,2017,29456.0,631599.0,0.201739,-0.23111399999999999,MNE,940310
32059479,144,9912,2018,9021.0,539874.0,0.332495,0.124258,MNE,940310
32059480,144,9912,2019,11106.0,725999.0,0.40415100000000004,0.068967,MNE,940310
32059481,144,9912,2020,9100.0,601717.0,0.355595,0.140822,MNE,940310
32059482,145,9912,1995,0.0,88230.0,-0.653135,-1.023557,MNG,940310
32059483,145,9912,1996,0.0,356426.0,-0.18177000000000001,-0.8212280000000001,MNG,940310
32059484,145,9912,1997,0.0,82096.0,-0.36035300000000003,-0.862088,MNG,940310
32059485,145,9912,1998,0.0,188883.0,-0.605635,-0.9181520000000001,MNG,940310
32059486,145,9912,1999,0.0,274573.0,-0.557761,-0.8596280000000001,MNG,940310
32059487,145,9912,2000,0.0,264142.0,-0.600593,-0.889832,MNG,940310
32059488,145,9912,2001,0.0,922341.0,-0.691001,-0.9284180000000001,MNG,940310
32059489,145,9912,2002,0.0,1644739.0,-0.895827,-0.9913799999999999,MNG,940310
32059490,145,9912,2003,183.0,756006.0,-0.9747620000000001,-1.026308,MNG,940310
32059491,145,9912,2004,0.0,664984.0,-1.030558,-1.03145,MNG,940310
32059492,145,9912,2005,0.0,495583.0,-1.059909,-1.010298,MNG,940310
32059493,145,9912,2006,0.0,701615.0,-1.147217,-1.0734709999999998,MNG,940310
32059494,145,9912,2007,1875.0,1045152.0,-1.0688790000000001,-1.1115709999999999,MNG,940310
32059495,145,9912,2008,0.0,1392711.0,-1.13585,-1.1076190000000001,MNG,940310
32059496,145,9912,2009,0.0,527007.0,-0.825506,-1.067644,MNG,940310
32059497,145,9912,2010,0.0,845565.0,-1.110861,-1.105545,MNG,940310
32059498,145,9912,2011,0.0,1447938.0,-1.0869389999999999,-1.107693,MNG,940310
32059499,145,9912,2012,0.0,2239550.0,-1.2191,-1.1559549999999998,MNG,940310
32059500,145,9912,2013,0.0,2112901.0,-1.3270950000000001,-1.144547,MNG,940310
32059501,145,9912,2014,0.0,1238678.0,-1.425524,-1.161949,MNG,940310
32059502,145,9912,2015,0.0,568868.0,-1.244368,-1.196677,MNG,940310
32059503,145,9912,2016,1692.0,542104.0,-0.811142,-1.013252,MNG,940310
32059504,145,9912,2017,3516.0,996972.0,-0.933737,-1.1195620000000002,MNG,940310
32059505,145,9912,2018,0.0,1347162.0,-0.934398,-1.125105,MNG,940310
32059506,145,9912,2019,30923.0,991169.0,-1.1612049999999998,-1.1615739999999999,MNG,940310
32059507,145,9912,2020,0.0,684385.0,-1.011938,-1.127569,MNG,940310
32059508,146,9912,1995,0.0,70614.0,0.1683,-0.642753,MNP,940310
32059509,146,9912,1996,0.0,41753.0,0.245321,-0.636347,MNP,940310
32059510,146,9912,1997,0.0,25896.0,-0.912666,-0.9718110000000001,MNP,940310
32059511,146,9912,1998,2502.0,46790.0,-0.144048,-0.7987479999999999,MNP,940310
32059512,146,9912,1999,0.0,2294.0,-0.45039399999999996,-0.8943700000000001,MNP,940310
32059513,146,9912,2000,0.0,22894.0,-0.186998,-0.728449,MNP,940310
32059514,146,9912,2001,0.0,23653.0,-0.701194,-0.89945,MNP,940310
32059515,146,9912,2002,0.0,22591.0,-0.165526,-0.7033010000000001,MNP,940310
32059516,146,9912,2003,0.0,10258.0,-0.370942,-0.685771,MNP,940310
32059517,146,9912,2004,0.0,17899.0,-0.47053199999999995,-0.7803220000000001,MNP,940310
32059518,146,9912,2005,0.0,34578.0,-0.292486,-0.669716,MNP,940310
32059519,146,9912,2006,0.0,40042.0,-0.016344,-0.356507,MNP,940310
32059520,146,9912,2007,0.0,38013.0,-0.171068,-0.7035520000000001,MNP,940310
32059521,146,9912,2008,,,-0.093684,-0.555717,MNP,940310
32059522,146,9912,2009,0.0,47532.0,0.500134,-0.0069489999999999994,MNP,940310
32059523,146,9912,2010,1481.0,11164.0,0.27201,-0.285427,MNP,940310
32059524,146,9912,2011,0.0,27714.0,0.31311300000000003,-0.30891799999999997,MNP,940310
32059525,146,9912,2012,1268.0,15585.0,0.6209600000000001,-0.14613800000000002,MNP,940310
32059526,146,9912,2013,1211.0,10362.0,0.596753,-0.118522,MNP,940310
32059527,146,9912,2014,0.0,18398.0,1.1877790000000001,-0.300664,MNP,940310
32059528,146,9912,2015,0.0,68911.0,0.690384,-0.5730529999999999,MNP,940310
32059529,146,9912,2016,0.0,93127.0,0.867833,-0.68889,MNP,940310
32059530,146,9912,2017,0.0,102857.0,1.1599540000000002,-0.561265,MNP,940310
32059531,146,9912,2018,0.0,41640.0,1.013685,-0.56789,MNP,940310
32059532,146,9912,2019,0.0,25194.0,0.9892219999999999,-0.5955520000000001,MNP,940310
32059533,146,9912,2020,0.0,18662.0,0.067797,-0.7922859999999999,MNP,940310
32059534,147,9912,1995,0.0,941260.0,-1.031627,-1.02484,MOZ,940310
32059535,147,9912,1996,0.0,906266.0,-1.331264,-1.1260270000000001,MOZ,940310
32059536,147,9912,1997,0.0,654736.0,-0.8600620000000001,-0.9672270000000001,MOZ,940310
32059537,147,9912,1998,0.0,955696.0,-0.6813279999999999,-0.916391,MOZ,940310
32059538,147,9912,1999,0.0,1432531.0,-0.35994699999999996,-0.725301,MOZ,940310
32059539,147,9912,2000,13515.0,1316210.0,-0.637021,-0.748197,MOZ,940310
32059540,147,9912,2001,965.0,646239.0,-1.2364879999999998,-1.136715,MOZ,940310
32059541,147,9912,2002,17476.0,736521.0,-0.947259,-1.047883,MOZ,940310
32059542,147,9912,2003,5882.0,1161459.0,-1.188243,-1.123693,MOZ,940310
32059543,147,9912,2004,52493.0,1135854.0,-1.1010790000000001,-1.0942,MOZ,940310
32059544,147,9912,2005,1843.0,1020839.0,-1.301283,-1.180598,MOZ,940310
32059545,147,9912,2006,0.0,723215.0,-1.0250629999999998,-1.067359,MOZ,940310
32059546,147,9912,2007,0.0,1074865.0,-1.4703110000000001,-1.1915719999999999,MOZ,940310
32059547,147,9912,2008,13321.0,1944264.0,-0.982727,-0.8361219999999999,MOZ,940310
32059548,147,9912,2009,8592.0,1755204.0,-1.0023090000000001,-0.844765,MOZ,940310
32059549,147,9912,2010,718.0,1815584.0,-1.479855,-1.070518,MOZ,940310
32059550,147,9912,2011,948.0,2632085.0,-1.2069299999999998,-0.977785,MOZ,940310
32059551,147,9912,2012,37836.0,3060515.0,-1.400493,-1.1536680000000001,MOZ,940310
32059552,147,9912,2013,15999.0,4071454.0,-1.326323,-1.050969,MOZ,940310
32059553,147,9912,2014,13509.0,4605737.0,-1.1993610000000001,-1.040181,MOZ,940310
32059554,147,9912,2015,1321.0,4615137.0,-1.293809,-1.115069,MOZ,940310
32059555,147,9912,2016,6708.0,3188400.0,-1.333702,-1.116794,MOZ,940310
32059556,147,9912,2017,3609.0,3202101.0,-1.3882290000000002,-1.114475,MOZ,940310
32059557,147,9912,2018,3543.0,7026095.0,-1.380023,-1.027817,MOZ,940310
32059558,147,9912,2019,1214.0,5071323.0,-1.264532,-1.072626,MOZ,940310
32059559,147,9912,2020,20022.0,2991780.0,-1.1186040000000002,-0.974224,MOZ,940310
32059560,148,9912,1995,0.0,246092.0,-1.935629,-1.178304,MRT,940310
32059561,148,9912,1996,0.0,171267.0,-1.352902,-1.19204,MRT,940310
32059562,148,9912,1997,0.0,224863.0,-1.7012040000000002,-1.2302799999999998,MRT,940310
32059563,148,9912,1998,0.0,44306.0,-1.177719,-1.199729,MRT,940310
32059564,148,9912,1999,0.0,198142.0,-1.198078,-1.229277,MRT,940310
32059565,148,9912,2000,0.0,251952.0,-1.461442,-1.230634,MRT,940310
32059566,148,9912,2001,0.0,166247.0,-1.187271,-1.240445,MRT,940310
32059567,148,9912,2002,0.0,215187.0,-1.27671,-1.218472,MRT,940310
32059568,148,9912,2003,0.0,527271.0,-1.069232,-1.184061,MRT,940310
32059569,148,9912,2004,0.0,278525.0,-1.6173959999999998,-1.2925719999999998,MRT,940310
32059570,148,9912,2005,0.0,342575.0,-1.5391629999999998,-1.260424,MRT,940310
32059571,148,9912,2006,0.0,313136.0,-1.72422,-1.2414399999999999,MRT,940310
32059572,148,9912,2007,0.0,739153.0,-2.027741,-1.311094,MRT,940310
32059573,148,9912,2008,0.0,479510.0,-2.081778,-1.274636,MRT,940310
32059574,148,9912,2009,0.0,594446.0,-1.761436,-1.2898479999999999,MRT,940310
32059575,148,9912,2010,0.0,403076.0,-2.099882,-1.303977,MRT,940310
32059576,148,9912,2011,0.0,501497.0,-1.2593379999999998,-1.1793209999999998,MRT,940310
32059577,148,9912,2012,0.0,1004847.0,-1.570474,-1.284412,MRT,940310
32059578,148,9912,2013,0.0,434186.0,-1.950532,-1.283104,MRT,940310
32059579,148,9912,2014,0.0,828433.0,-1.458551,-1.225373,MRT,940310
32059580,148,9912,2015,0.0,916125.0,-1.5597450000000002,-1.3209229999999998,MRT,940310
32059581,148,9912,2016,38352.0,824885.0,-1.542265,-1.318586,MRT,940310
32059582,148,9912,2017,0.0,833998.0,-1.634533,-1.330819,MRT,940310
32059583,148,9912,2018,0.0,1027347.0,-1.511361,-1.296003,MRT,940310
32059584,148,9912,2019,0.0,652438.0,-1.711918,-1.339005,MRT,940310
32059585,148,9912,2020,0.0,907352.0,-1.400894,-1.27631,MRT,940310
32059586,149,9912,1995,0.0,30686.0,0.197655,-0.6083890000000001,MSR,940310
32059587,149,9912,1996,0.0,7190.0,0.659518,-0.540708,MSR,940310
32059588,149,9912,1997,0.0,4437.0,0.841025,-0.44752299999999995,MSR,940310
32059589,149,9912,1998,,,1.244182,-0.24840700000000002,MSR,940310
32059590,149,9912,1999,0.0,65415.0,1.302936,0.055571,MSR,940310
32059591,149,9912,2000,0.0,16646.0,1.168349,-0.18726199999999998,MSR,940310
32059592,149,9912,2001,0.0,11134.0,0.796292,-0.431771,MSR,940310
32059593,149,9912,2002,0.0,15687.0,1.4188209999999999,-0.087543,MSR,940310
32059594,149,9912,2003,0.0,9105.0,0.383768,-0.320867,MSR,940310
32059595,149,9912,2004,0.0,31652.0,0.736775,-0.001405,MSR,940310
32059596,149,9912,2005,0.0,118070.0,1.266377,-0.112167,MSR,940310
32059597,149,9912,2006,0.0,23520.0,1.300664,-0.082954,MSR,940310
32059598,149,9912,2007,0.0,20628.0,0.952257,-0.31153800000000004,MSR,940310
32059599,149,9912,2008,0.0,7209.0,1.375073,-0.275475,MSR,940310
32059600,149,9912,2009,0.0,2480.0,1.163257,-0.332029,MSR,940310
32059601,149,9912,2010,0.0,8129.0,1.090694,-0.45702200000000004,MSR,940310
32059602,149,9912,2011,0.0,4395.0,1.2888760000000001,-0.207486,MSR,940310
32059603,149,9912,2012,0.0,7885.0,1.338854,-0.098053,MSR,940310
32059604,149,9912,2013,0.0,1636.0,1.610652,0.079868,MSR,940310
32059605,149,9912,2014,0.0,8715.0,0.44890399999999997,-0.46028,MSR,940310
32059606,149,9912,2015,0.0,1497.0,1.6649060000000002,-0.49319799999999997,MSR,940310
32059607,149,9912,2016,,,1.538666,-0.46699300000000005,MSR,940310
32059608,149,9912,2017,,,0.71373,-0.672669,MSR,940310
32059609,149,9912,2018,,,0.744527,-0.519904,MSR,940310
32059610,149,9912,2019,0.0,3337.0,0.9961530000000001,-0.454477,MSR,940310
32059611,149,9912,2020,,,1.401202,-0.46509399999999995,MSR,940310
32059612,150,9912,1995,7041.0,2184553.0,0.68423,-0.22968200000000003,MTQ,940310
32059613,150,9912,1996,,,,,MTQ,940310
32059614,150,9912,1997,,,,,MTQ,940310
32059615,150,9912,1998,,,,,MTQ,940310
32059616,150,9912,1999,,,,,MTQ,940310
32059617,150,9912,2000,,,,,MTQ,940310
32059618,150,9912,2001,,,,,MTQ,940310
32059619,150,9912,2002,,,,,MTQ,940310
32059620,150,9912,2003,,,,,MTQ,940310
32059621,150,9912,2004,,,,,MTQ,940310
32059622,150,9912,2005,,,,,MTQ,940310
32059623,150,9912,2006,,,,,MTQ,940310
32059624,150,9912,2007,,,,,MTQ,940310
32059625,150,9912,2008,,,,,MTQ,940310
32059626,150,9912,2009,,,,,MTQ,940310
32059627,150,9912,2010,,,,,MTQ,940310
32059628,150,9912,2011,,,,,MTQ,940310
32059629,150,9912,2012,,,,,MTQ,940310
32059630,150,9912,2013,,,,,MTQ,940310
32059631,150,9912,2014,,,,,MTQ,940310
32059632,150,9912,2015,,,,,MTQ,940310
32059633,150,9912,2016,,,,,MTQ,940310
32059634,150,9912,2017,,,,,MTQ,940310
32059635,150,9912,2018,,,,,MTQ,940310
32059636,150,9912,2019,,,,,MTQ,940310
32059637,150,9912,2020,,,,,MTQ,940310
32059638,151,9912,1995,27402.0,424645.0,-0.432644,-0.574298,MUS,940310
32059639,151,9912,1996,5634.0,333281.0,-0.538651,-0.746274,MUS,940310
32059640,151,9912,1997,10936.0,579490.0,-0.49241,-0.695729,MUS,940310
32059641,151,9912,1998,1827.0,184807.0,-0.621599,-0.755795,MUS,940310
32059642,151,9912,1999,6207.0,375199.0,-0.5713729999999999,-0.696416,MUS,940310
32059643,151,9912,2000,36940.0,317275.0,-0.412313,-0.5704140000000001,MUS,940310
32059644,151,9912,2001,22170.0,279450.0,-0.410422,-0.5868369999999999,MUS,940310
32059645,151,9912,2002,22016.0,228952.0,-0.37937600000000005,-0.388848,MUS,940310
32059646,151,9912,2003,9061.0,217276.0,-0.361514,-0.29839899999999997,MUS,940310
32059647,151,9912,2004,30803.0,590507.0,-0.374754,-0.288504,MUS,940310
32059648,151,9912,2005,129064.0,574360.0,-0.24565,-0.091397,MUS,940310
32059649,151,9912,2006,77614.0,573182.0,-0.311109,-0.07267,MUS,940310
32059650,151,9912,2007,38809.0,585896.0,-0.342957,-0.129114,MUS,940310
32059651,151,9912,2008,61778.0,1235358.0,-0.337563,-0.144226,MUS,940310
32059652,151,9912,2009,149351.0,754045.0,-0.198194,0.067014,MUS,940310
32059653,151,9912,2010,154752.0,942487.0,-0.173542,0.103727,MUS,940310
32059654,151,9912,2011,27717.0,1221944.0,-0.09464600000000001,0.091177,MUS,940310
32059655,151,9912,2012,39105.0,963815.0,-0.028582999999999997,0.116882,MUS,940310
32059656,151,9912,2013,59675.0,1092379.0,-0.158852,0.0061600000000000005,MUS,940310
32059657,151,9912,2014,57189.0,997383.0,-0.029891,-0.12431099999999999,MUS,940310
32059658,151,9912,2015,43467.0,1450100.0,-0.231762,-0.195051,MUS,940310
32059659,151,9912,2016,48922.0,1679746.0,-0.24309899999999998,-0.084888,MUS,940310
32059660,151,9912,2017,31318.0,1362168.0,-0.156616,0.073153,MUS,940310
32059661,151,9912,2018,182435.0,1950128.0,-0.128221,0.15049400000000002,MUS,940310
32059662,151,9912,2019,27754.0,1249517.0,-0.15909600000000002,0.034770999999999996,MUS,940310
32059663,151,9912,2020,59306.0,1270854.0,-0.048897,0.11543099999999999,MUS,940310
32059664,152,9912,1995,0.0,130871.0,-1.1277709999999999,-1.0603049999999998,MWI,940310
32059665,152,9912,1996,619.0,220194.0,-1.332586,-1.115859,MWI,940310
32059666,152,9912,1997,1958.0,202283.0,-1.24261,-1.1258860000000002,MWI,940310
32059667,152,9912,1998,0.0,150064.0,-1.436242,-1.278929,MWI,940310
32059668,152,9912,1999,0.0,206727.0,-1.319572,-1.199031,MWI,940310
32059669,152,9912,2000,0.0,258921.0,-1.138855,-1.0394510000000001,MWI,940310
32059670,152,9912,2001,0.0,216235.0,-1.388716,-1.116315,MWI,940310
32059671,152,9912,2002,0.0,210177.0,-1.441416,-1.214651,MWI,940310
32059672,152,9912,2003,3194.0,399784.0,-1.48079,-1.235645,MWI,940310
32059673,152,9912,2004,4459.0,233400.0,-1.592983,-1.252423,MWI,940310
32059674,152,9912,2005,51849.0,233359.0,-1.4769379999999999,-1.220782,MWI,940310
32059675,152,9912,2006,0.0,197307.0,-1.145132,-1.0946209999999998,MWI,940310
32059676,152,9912,2007,10080.0,311533.0,-1.348692,-1.134002,MWI,940310
32059677,152,9912,2008,441.0,420843.0,-1.387548,-1.184696,MWI,940310
32059678,152,9912,2009,78113.0,280414.0,-1.571672,-1.244864,MWI,940310
32059679,152,9912,2010,11502.0,225079.0,-0.821839,-0.9153870000000001,MWI,940310
32059680,152,9912,2011,31467.0,420377.0,-1.100291,-0.982559,MWI,940310
32059681,152,9912,2012,1914.0,607241.0,-1.210016,-1.172806,MWI,940310
32059682,152,9912,2013,21905.0,762268.0,-0.8992120000000001,-0.862175,MWI,940310
32059683,152,9912,2014,0.0,382413.0,-0.494204,-0.751903,MWI,940310
32059684,152,9912,2015,0.0,569525.0,-0.549862,-0.8753190000000001,MWI,940310
32059685,152,9912,2016,9355.0,346698.0,-1.113794,-1.172385,MWI,940310
32059686,152,9912,2017,0.0,698557.0,-0.761995,-0.8897729999999999,MWI,940310
32059687,152,9912,2018,16278.0,934131.0,-0.7015979999999999,-0.9293680000000001,MWI,940310
32059688,152,9912,2019,23467.0,436409.0,-1.0178479999999999,-1.1028879999999999,MWI,940310
32059689,152,9912,2020,0.0,432541.0,-1.122433,-1.106831,MWI,940310
32059690,153,9912,1995,19403447.0,2164052.0,0.357745,0.374284,MYS,940310
32059691,153,9912,1996,18629971.0,3274054.0,0.351774,0.347262,MYS,940310
32059692,153,9912,1997,20052594.0,4180937.0,0.37340999999999996,0.36853600000000003,MYS,940310
32059693,153,9912,1998,16616359.0,2897109.0,0.396826,0.203792,MYS,940310
32059694,153,9912,1999,16280535.0,2936135.0,0.500591,0.136149,MYS,940310
32059695,153,9912,2000,22610873.0,2830013.0,0.519684,0.170286,MYS,940310
32059696,153,9912,2001,25207221.0,4189537.0,0.768174,0.307033,MYS,940310
32059697,153,9912,2002,22352340.0,4736106.0,0.704957,0.243398,MYS,940310
32059698,153,9912,2003,24745328.0,2872465.0,0.728804,0.2168,MYS,940310
32059699,153,9912,2004,33605899.0,4887369.0,0.6710050000000001,0.17807,MYS,940310
32059700,153,9912,2005,45350888.0,3433948.0,0.5847439999999999,0.13176300000000002,MYS,940310
32059701,153,9912,2006,59743097.0,4387229.0,0.7896569999999999,0.363625,MYS,940310
32059702,153,9912,2007,60412132.0,3335281.0,0.740788,0.302155,MYS,940310
32059703,153,9912,2008,79422443.0,7031994.0,0.793395,0.6141939999999999,MYS,940310
32059704,153,9912,2009,48240179.0,7742275.0,0.8718229999999999,0.607429,MYS,940310
32059705,153,9912,2010,51696599.0,11951742.0,0.9530780000000001,0.607456,MYS,940310
32059706,153,9912,2011,54224313.0,17111433.0,0.9893290000000001,0.632079,MYS,940310
32059707,153,9912,2012,56805704.0,20579961.0,0.945643,0.7526510000000001,MYS,940310
32059708,153,9912,2013,62923081.0,33029116.0,0.937641,0.747496,MYS,940310
32059709,153,9912,2014,51816591.0,27187726.0,1.018138,0.774649,MYS,940310
32059710,153,9912,2015,56905143.0,20710133.0,1.082803,0.811615,MYS,940310
32059711,153,9912,2016,45226031.0,11090330.0,1.106894,0.7452840000000001,MYS,940310
32059712,153,9912,2017,45429191.0,13389804.0,1.0110139999999999,0.6840729999999999,MYS,940310
32059713,153,9912,2018,57565685.0,12613678.0,1.122976,0.734109,MYS,940310
32059714,153,9912,2019,53708443.0,19264648.0,1.192967,0.730971,MYS,940310
32059715,153,9912,2020,45837999.0,17869203.0,1.185223,0.573439,MYS,940310
32059716,154,9912,1995,,,,,MYT,940310
32059717,154,9912,1996,,,,,MYT,940310
32059718,154,9912,1997,,,,,MYT,940310
32059719,154,9912,1998,,,,,MYT,940310
32059720,154,9912,1999,,,,,MYT,940310
32059721,154,9912,2000,966.0,102256.0,1.167946,-0.33195,MYT,940310
32059722,154,9912,2001,0.0,122094.0,1.4633260000000001,-0.114532,MYT,940310
32059723,154,9912,2002,0.0,172183.0,0.34587399999999996,-0.537626,MYT,940310
32059724,154,9912,2003,12802.0,327230.0,0.8645370000000001,-0.101347,MYT,940310
32059725,154,9912,2004,1603.0,255401.0,1.179671,0.016149,MYT,940310
32059726,154,9912,2005,0.0,237166.0,1.428791,0.258694,MYT,940310
32059727,154,9912,2006,1853.0,251497.0,1.1370049999999998,0.131896,MYT,940310
32059728,154,9912,2007,1212.0,438426.0,0.9008879999999999,-0.209565,MYT,940310
32059729,154,9912,2008,0.0,384134.0,1.085932,-0.176729,MYT,940310
32059730,154,9912,2009,0.0,354032.0,1.173729,-0.08655800000000001,MYT,940310
32059731,154,9912,2010,2247.0,266055.0,1.371744,-0.072045,MYT,940310
32059732,154,9912,2011,0.0,262896.0,0.804635,-0.312227,MYT,940310
32059733,154,9912,2012,0.0,275356.0,0.828673,-0.422716,MYT,940310
32059734,154,9912,2013,0.0,389680.0,0.9851690000000001,-0.504069,MYT,940310
32059735,154,9912,2014,,,,,MYT,940310
32059736,154,9912,2015,,,,,MYT,940310
32059737,154,9912,2016,,,,,MYT,940310
32059738,154,9912,2017,,,,,MYT,940310
32059739,154,9912,2018,,,,,MYT,940310
32059740,154,9912,2019,,,,,MYT,940310
32059741,154,9912,2020,,,,,MYT,940310
32059742,155,9912,1995,,,,,NAM,940310
32059743,155,9912,1996,,,,,NAM,940310
32059744,155,9912,1997,,,,,NAM,940310
32059745,155,9912,1998,,,,,NAM,940310
32059746,155,9912,1999,,,,,NAM,940310
32059747,155,9912,2000,2655.0,621834.0,-0.49537,-0.714195,NAM,940310
32059748,155,9912,2001,24839.0,705539.0,-0.625912,-0.854247,NAM,940310
32059749,155,9912,2002,53116.0,458593.0,-0.314161,-0.521778,NAM,940310
32059750,155,9912,2003,49438.0,481416.0,-0.24004499999999998,-0.39565900000000004,NAM,940310
32059751,155,9912,2004,101089.0,1291731.0,-0.40995299999999996,-0.550272,NAM,940310
32059752,155,9912,2005,104588.0,1091338.0,-0.381972,-0.405269,NAM,940310
32059753,155,9912,2006,18190.0,1169639.0,-0.515361,-0.8027350000000001,NAM,940310
32059754,155,9912,2007,61543.0,716578.0,-0.588953,-0.751722,NAM,940310
32059755,155,9912,2008,78584.0,563954.0,-0.104196,-0.301923,NAM,940310
32059756,155,9912,2009,482825.0,587460.0,-0.081207,-0.075292,NAM,940310
32059757,155,9912,2010,69698.0,1196041.0,-0.49860299999999996,-0.6728529999999999,NAM,940310
32059758,155,9912,2011,242310.0,1721516.0,-0.42998400000000003,-0.632233,NAM,940310
32059759,155,9912,2012,359616.0,1440234.0,-0.232079,-0.32721300000000003,NAM,940310
32059760,155,9912,2013,86612.0,1176275.0,-0.308643,-0.480617,NAM,940310
32059761,155,9912,2014,127666.0,2297293.0,-0.428227,-0.5632229999999999,NAM,940310
32059762,155,9912,2015,39063.0,1961739.0,-0.43457399999999996,-0.665655,NAM,940310
32059763,155,9912,2016,24888.0,1059540.0,-0.6256689999999999,-0.8612219999999999,NAM,940310
32059764,155,9912,2017,10314.0,598166.0,-0.5221060000000001,-0.7365079999999999,NAM,940310
32059765,155,9912,2018,85688.0,525140.0,-0.668091,-0.779938,NAM,940310
32059766,155,9912,2019,58878.0,850226.0,-0.545575,-0.744274,NAM,940310
32059767,155,9912,2020,4301.0,250079.0,-0.664967,-0.74835,NAM,940310
32059768,156,9912,1995,0.0,833437.0,-1.326035,-0.826058,NCL,940310
32059769,156,9912,1996,1876.0,808813.0,-0.951583,-0.785157,NCL,940310
32059770,156,9912,1997,0.0,459411.0,-0.9234049999999999,-0.8851110000000001,NCL,940310
32059771,156,9912,1998,0.0,417033.0,-0.846726,-0.879084,NCL,940310
32059772,156,9912,1999,25572.0,406561.0,-0.079579,-0.777079,NCL,940310
32059773,156,9912,2000,2068.0,395996.0,0.034618,-0.7699729999999999,NCL,940310
32059774,156,9912,2001,1318.0,491693.0,-0.837087,-0.9207040000000001,NCL,940310
32059775,156,9912,2002,8148.0,556335.0,-0.292646,-0.823263,NCL,940310
32059776,156,9912,2003,2667.0,1044766.0,-0.344934,-0.776632,NCL,940310
32059777,156,9912,2004,5579.0,959054.0,-0.49824700000000005,-0.8284239999999999,NCL,940310
32059778,156,9912,2005,5990.0,1195013.0,0.08313200000000001,-0.691012,NCL,940310
32059779,156,9912,2006,3206.0,885490.0,-0.135099,-0.7618779999999999,NCL,940310
32059780,156,9912,2007,5373.0,1091046.0,-0.075892,-0.8211430000000001,NCL,940310
32059781,156,9912,2008,7093.0,939629.0,-0.21304099999999998,-0.8147300000000001,NCL,940310
32059782,156,9912,2009,408583.0,578419.0,1.323528,0.523435,NCL,940310
32059783,156,9912,2010,7088.0,1038854.0,-0.42193500000000006,-0.8256610000000001,NCL,940310
32059784,156,9912,2011,2668.0,1248235.0,-0.976349,-0.798691,NCL,940310
32059785,156,9912,2012,28967.0,1097393.0,-0.635354,-0.777234,NCL,940310
32059786,156,9912,2013,31076.0,562795.0,-0.136052,-0.703913,NCL,940310
32059787,156,9912,2014,28297.0,996183.0,-0.509789,-0.767484,NCL,940310
32059788,156,9912,2015,63873.0,785683.0,-0.727911,-0.844562,NCL,940310
32059789,156,9912,2016,0.0,924748.0,-0.9910389999999999,-0.9463940000000001,NCL,940310
32059790,156,9912,2017,0.0,791894.0,-0.38216100000000003,-0.8662549999999999,NCL,940310
32059791,156,9912,2018,0.0,1037711.0,-0.49370299999999995,-0.865432,NCL,940310
32059792,156,9912,2019,0.0,805203.0,-0.342544,-0.867944,NCL,940310
32059793,156,9912,2020,0.0,706113.0,-0.666664,-0.88528,NCL,940310
32059794,157,9912,1995,0.0,185304.0,-0.288248,-0.592174,NER,940310
32059795,157,9912,1996,0.0,151940.0,-0.594771,-0.643008,NER,940310
32059796,157,9912,1997,14934.0,57185.0,-0.322358,-0.63647,NER,940310
32059797,157,9912,1998,453.0,106140.0,-0.373314,-0.592306,NER,940310
32059798,157,9912,1999,10453.0,134437.0,-0.539842,-0.762977,NER,940310
32059799,157,9912,2000,7019.0,15489.0,-0.7289680000000001,-0.6210100000000001,NER,940310
32059800,157,9912,2001,0.0,159034.0,-0.22368600000000002,-0.464156,NER,940310
32059801,157,9912,2002,1124.0,109482.0,-0.344562,-0.304996,NER,940310
32059802,157,9912,2003,0.0,172324.0,-0.199296,-0.578264,NER,940310
32059803,157,9912,2004,0.0,191280.0,-0.8203799999999999,-0.7488,NER,940310
32059804,157,9912,2005,0.0,165072.0,-0.32664299999999996,-0.619282,NER,940310
32059805,157,9912,2006,10598.0,225755.0,-0.554188,-0.708255,NER,940310
32059806,157,9912,2007,3956.0,125116.0,-0.287155,-0.577325,NER,940310
32059807,157,9912,2008,2135.0,586386.0,-0.677687,-0.75195,NER,940310
32059808,157,9912,2009,1789.0,218805.0,-1.306036,-0.956361,NER,940310
32059809,157,9912,2010,0.0,235600.0,-0.829902,-0.826152,NER,940310
32059810,157,9912,2011,1201.0,255384.0,-0.85208,-0.731996,NER,940310
32059811,157,9912,2012,0.0,171170.0,-1.165676,-1.099113,NER,940310
32059812,157,9912,2013,5361.0,614706.0,-1.268738,-0.942256,NER,940310
32059813,157,9912,2014,1233.0,347182.0,-0.7187,-0.80918,NER,940310
32059814,157,9912,2015,0.0,227593.0,-1.517292,-1.033891,NER,940310
32059815,157,9912,2016,0.0,169516.0,-0.973057,-0.953672,NER,940310
32059816,157,9912,2017,0.0,202675.0,-1.250156,-0.995524,NER,940310
32059817,157,9912,2018,864.0,475467.0,-0.633115,-0.839564,NER,940310
32059818,157,9912,2019,0.0,192768.0,-0.345047,-0.792769,NER,940310
32059819,157,9912,2020,0.0,287843.0,-0.62888,-0.841089,NER,940310
32059820,158,9912,1995,0.0,17491.0,0.948257,-0.678177,NFK,940310
32059821,158,9912,1996,0.0,2781.0,1.297072,-0.45753299999999997,NFK,940310
32059822,158,9912,1997,,,1.619319,-0.457125,NFK,940310
32059823,158,9912,1998,0.0,3408.0,1.6548900000000002,-0.5112909999999999,NFK,940310
32059824,158,9912,1999,0.0,1343.0,1.1976440000000002,-0.623572,NFK,940310
32059825,158,9912,2000,0.0,3240.0,1.0535700000000001,-0.666038,NFK,940310
32059826,158,9912,2001,0.0,9800.0,2.1737040000000003,-0.5512100000000001,NFK,940310
32059827,158,9912,2002,0.0,38806.0,1.214412,-0.5921069999999999,NFK,940310
32059828,158,9912,2003,0.0,4719.0,1.017142,-0.5294270000000001,NFK,940310
32059829,158,9912,2004,0.0,7021.0,0.664846,-0.649984,NFK,940310
32059830,158,9912,2005,0.0,62321.0,0.695512,-0.657586,NFK,940310
32059831,158,9912,2006,0.0,1890.0,1.120544,-0.538618,NFK,940310
32059832,158,9912,2007,0.0,1552.0,0.775683,-0.48603599999999997,NFK,940310
32059833,158,9912,2008,,,1.292582,-0.234738,NFK,940310
32059834,158,9912,2009,,,1.412664,-0.299607,NFK,940310
32059835,158,9912,2010,0.0,5631.0,1.059751,-0.570033,NFK,940310
32059836,158,9912,2011,0.0,10519.0,1.0037200000000002,-0.348081,NFK,940310
32059837,158,9912,2012,,,1.212201,-0.237969,NFK,940310
32059838,158,9912,2013,0.0,12075.0,1.418466,-0.181551,NFK,940310
32059839,158,9912,2014,,,1.384862,-0.391489,NFK,940310
32059840,158,9912,2015,,,1.33274,-0.37342600000000004,NFK,940310
32059841,158,9912,2016,0.0,1516.0,1.0897629999999998,-0.539247,NFK,940310
32059842,158,9912,2017,0.0,67254.0,1.358179,-0.37159699999999996,NFK,940310
32059843,158,9912,2018,0.0,3143.0,1.4067209999999999,-0.487275,NFK,940310
32059844,158,9912,2019,0.0,19190.0,0.92635,-0.31332,NFK,940310
32059845,158,9912,2020,,,1.107522,-0.477454,NFK,940310
32059846,159,9912,1995,10639.0,921181.0,-2.108206,-1.2017520000000002,NGA,940310
32059847,159,9912,1996,9639.0,310411.0,-1.813359,-1.1967,NGA,940310
32059848,159,9912,1997,7097.0,801872.0,-1.615102,-1.129541,NGA,940310
32059849,159,9912,1998,374293.0,1820098.0,-1.484229,-1.144092,NGA,940310
32059850,159,9912,1999,18870.0,1708908.0,-1.9312080000000003,-1.279733,NGA,940310
32059851,159,9912,2000,8366.0,876862.0,-2.164663,-1.257723,NGA,940310
32059852,159,9912,2001,11913.0,2194031.0,-1.966439,-1.2724520000000001,NGA,940310
32059853,159,9912,2002,8276.0,2307598.0,-1.8315700000000001,-1.25171,NGA,940310
32059854,159,9912,2003,0.0,1760481.0,-1.859176,-1.234236,NGA,940310
32059855,159,9912,2004,3330.0,3581974.0,-2.413432,-1.3033190000000001,NGA,940310
32059856,159,9912,2005,2854.0,1938594.0,-2.359834,-1.2772219999999999,NGA,940310
32059857,159,9912,2006,5398.0,2405870.0,-2.094353,-1.215025,NGA,940310
32059858,159,9912,2007,58130.0,3823503.0,-1.746879,-1.20823,NGA,940310
32059859,159,9912,2008,112565.0,3678955.0,-1.9809139999999998,-1.189201,NGA,940310
32059860,159,9912,2009,0.0,3310809.0,-1.584051,-1.156247,NGA,940310
32059861,159,9912,2010,1181024.0,3036406.0,-1.887084,-1.2280229999999999,NGA,940310
32059862,159,9912,2011,100840.0,4321544.0,-1.699286,-1.15511,NGA,940310
32059863,159,9912,2012,488.0,4588661.0,-1.760488,-1.201048,NGA,940310
32059864,159,9912,2013,8333.0,4825168.0,-1.745783,-1.1356680000000001,NGA,940310
32059865,159,9912,2014,0.0,17074424.0,-1.2126430000000001,-1.059697,NGA,940310
32059866,159,9912,2015,4997.0,15293296.0,-1.415451,-1.157829,NGA,940310
32059867,159,9912,2016,0.0,9450177.0,-1.835357,-1.286597,NGA,940310
32059868,159,9912,2017,7427.0,11448126.0,-1.8260919999999998,-1.276591,NGA,940310
32059869,159,9912,2018,57028.0,12407659.0,-1.8238,-1.259938,NGA,940310
32059870,159,9912,2019,7889.0,11954359.0,-1.7383970000000002,-1.220333,NGA,940310
32059871,159,9912,2020,5024.0,6940457.0,-1.6399299999999999,-1.19536,NGA,940310
32059872,160,9912,1995,17309.0,323946.0,-0.395096,-0.559934,NIC,940310
32059873,160,9912,1996,0.0,423335.0,-0.767799,-0.737816,NIC,940310
32059874,160,9912,1997,5016.0,479714.0,-0.8090109999999999,-0.783853,NIC,940310
32059875,160,9912,1998,885.0,552813.0,-0.8012199999999999,-0.749159,NIC,940310
32059876,160,9912,1999,15612.0,975787.0,-0.677654,-0.72253,NIC,940310
32059877,160,9912,2000,13769.0,947356.0,-0.8339270000000001,-0.6658689999999999,NIC,940310
32059878,160,9912,2001,5327.0,977929.0,-0.8917430000000001,-0.713179,NIC,940310
32059879,160,9912,2002,10959.0,600584.0,-0.677398,-0.564472,NIC,940310
32059880,160,9912,2003,13197.0,449824.0,-0.8661459999999999,-0.8661690000000001,NIC,940310
32059881,160,9912,2004,4297.0,579140.0,-0.9789479999999999,-0.8374219999999999,NIC,940310
32059882,160,9912,2005,27416.0,677602.0,-1.038332,-0.922797,NIC,940310
32059883,160,9912,2006,26982.0,639563.0,-0.998825,-0.893867,NIC,940310
32059884,160,9912,2007,6254.0,1002703.0,-0.924162,-0.857508,NIC,940310
32059885,160,9912,2008,4463.0,1069080.0,-0.869193,-0.676623,NIC,940310
32059886,160,9912,2009,11259.0,969532.0,-0.924057,-0.809557,NIC,940310
32059887,160,9912,2010,3128.0,1669243.0,-0.9387409999999999,-0.8119569999999999,NIC,940310
32059888,160,9912,2011,13062.0,1012163.0,-0.9592139999999999,-0.796108,NIC,940310
32059889,160,9912,2012,7278.0,1148361.0,-0.754724,-0.668629,NIC,940310
32059890,160,9912,2013,9627.0,1154608.0,-0.9277,-0.6842630000000001,NIC,940310
32059891,160,9912,2014,10821.0,1218502.0,-0.938269,-0.839066,NIC,940310
32059892,160,9912,2015,21550.0,1172007.0,-1.102989,-0.952276,NIC,940310
32059893,160,9912,2016,0.0,1512493.0,-1.0387389999999999,-0.998977,NIC,940310
32059894,160,9912,2017,18171.0,1564484.0,-1.0502280000000002,-0.8817719999999999,NIC,940310
32059895,160,9912,2018,24767.0,1300465.0,-0.887282,-0.827008,NIC,940310
32059896,160,9912,2019,47205.0,330737.0,-1.058553,-0.854482,NIC,940310
32059897,160,9912,2020,6527.0,395918.0,-0.9128809999999999,-0.746636,NIC,940310
32059898,161,9912,1995,,,0.8622989999999999,-0.461028,NIU,940310
32059899,161,9912,1996,0.0,5608.0,0.934731,-0.41833100000000006,NIU,940310
32059900,161,9912,1997,,,0.588501,-0.655092,NIU,940310
32059901,161,9912,1998,0.0,4811.0,-0.123806,-0.770129,NIU,940310
32059902,161,9912,1999,,,0.18219100000000002,-0.6904239999999999,NIU,940310
32059903,161,9912,2000,,,0.905705,-0.29473299999999997,NIU,940310
32059904,161,9912,2001,0.0,1310.0,0.8420120000000001,-0.40183,NIU,940310
32059905,161,9912,2002,0.0,3022.0,0.5417350000000001,-0.645461,NIU,940310
32059906,161,9912,2003,0.0,5463.0,0.746075,-0.557872,NIU,940310
32059907,161,9912,2004,0.0,3858.0,1.150507,-0.508379,NIU,940310
32059908,161,9912,2005,,,0.745304,-0.538337,NIU,940310
32059909,161,9912,2006,0.0,3395.0,1.172511,-0.21281799999999998,NIU,940310
32059910,161,9912,2007,0.0,11103.0,0.8204540000000001,-0.403953,NIU,940310
32059911,161,9912,2008,0.0,4958.0,1.290661,-0.060131,NIU,940310
32059912,161,9912,2009,0.0,1902.0,1.305372,0.063123,NIU,940310
32059913,161,9912,2010,,,1.2255610000000001,-0.687604,NIU,940310
32059914,161,9912,2011,2407.0,29610.0,1.469768,0.034852999999999995,NIU,940310
32059915,161,9912,2012,0.0,3235.0,1.176703,-0.127122,NIU,940310
32059916,161,9912,2013,0.0,5238.0,1.901559,-0.039522,NIU,940310
32059917,161,9912,2014,,,1.624556,0.065342,NIU,940310
32059918,161,9912,2015,0.0,5418.0,1.7121400000000002,-0.072287,NIU,940310
32059919,161,9912,2016,0.0,9753.0,1.666675,-0.198755,NIU,940310
32059920,161,9912,2017,0.0,1801.0,0.436779,-0.758359,NIU,940310
32059921,161,9912,2018,0.0,19263.0,0.9669469999999999,-0.851692,NIU,940310
32059922,161,9912,2019,0.0,6016.0,1.3109819999999999,-0.730798,NIU,940310
32059923,161,9912,2020,0.0,2069.0,-0.028386,-0.8818799999999999,NIU,940310
32059924,162,9912,1995,61978159.0,63123990.0,1.304391,1.8819119999999998,NLD,940310
32059925,162,9912,1996,53899123.0,77964646.0,1.256625,1.803132,NLD,940310
32059926,162,9912,1997,51864256.0,80870894.0,1.267794,1.727888,NLD,940310
32059927,162,9912,1998,51809866.0,94884824.0,1.248469,1.683182,NLD,940310
32059928,162,9912,1999,43656374.0,97979795.0,1.308776,1.574293,NLD,940310
32059929,162,9912,2000,53636464.0,96901617.0,1.283291,1.58901,NLD,940310
32059930,162,9912,2001,33930100.0,85386509.0,1.315685,1.590935,NLD,940310
32059931,162,9912,2002,38701097.0,84735959.0,1.206176,1.7136360000000002,NLD,940310
32059932,162,9912,2003,43552191.0,81452211.0,1.168453,1.7085709999999998,NLD,940310
32059933,162,9912,2004,52029523.0,92079143.0,1.251808,1.586526,NLD,940310
32059934,162,9912,2005,62974547.0,105797270.0,1.143533,1.614774,NLD,940310
32059935,162,9912,2006,67930819.0,124984025.0,1.192134,1.450852,NLD,940310
32059936,162,9912,2007,87465986.0,144338280.0,1.089169,1.589641,NLD,940310
32059937,162,9912,2008,81006053.0,162322436.0,1.139475,1.385316,NLD,940310
32059938,162,9912,2009,56161328.0,121049585.0,1.1914850000000001,1.3076780000000001,NLD,940310
32059939,162,9912,2010,61955957.0,110211563.0,1.237998,1.1891209999999999,NLD,940310
32059940,162,9912,2011,64479558.0,108885656.0,1.1655229999999999,1.410167,NLD,940310
32059941,162,9912,2012,59054363.0,84109632.0,1.124582,1.374002,NLD,940310
32059942,162,9912,2013,61382032.0,75582929.0,1.184107,1.249557,NLD,940310
32059943,162,9912,2014,66533024.0,78003379.0,1.179325,1.355071,NLD,940310
32059944,162,9912,2015,50463193.0,70207781.0,1.230104,1.27344,NLD,940310
32059945,162,9912,2016,54464645.0,73821347.0,1.157361,1.5188540000000001,NLD,940310
32059946,162,9912,2017,69747747.0,81554038.0,1.146959,1.470869,NLD,940310
32059947,162,9912,2018,74461565.0,100686145.0,1.1478899999999999,1.454758,NLD,940310
32059948,162,9912,2019,88862536.0,93612362.0,1.145044,1.3523530000000001,NLD,940310
32059949,162,9912,2020,80440008.0,96734146.0,1.035951,1.559401,NLD,940310
32059950,163,9912,1995,5571476.0,11912847.0,1.019741,0.394241,NOR,940310
32059951,163,9912,1996,4807963.0,11846604.0,1.204869,0.303062,NOR,940310
32059952,163,9912,1997,5687094.0,11850953.0,1.003945,0.188826,NOR,940310
32059953,163,9912,1998,4152186.0,14004078.0,1.1660190000000001,0.43901899999999994,NOR,940310
32059954,163,9912,1999,3825976.0,12388470.0,1.1012959999999998,0.240184,NOR,940310
32059955,163,9912,2000,3685971.0,11192173.0,0.988346,0.046556,NOR,940310
32059956,163,9912,2001,3836936.0,12463335.0,0.974814,0.06512000000000001,NOR,940310
32059957,163,9912,2002,2817110.0,12395363.0,1.110882,0.17164100000000002,NOR,940310
32059958,163,9912,2003,2971038.0,14915929.0,1.1500620000000001,0.258554,NOR,940310
32059959,163,9912,2004,3795737.0,17998985.0,1.10162,0.118709,NOR,940310
32059960,163,9912,2005,3620766.0,16067839.0,1.0581530000000001,0.038369,NOR,940310
32059961,163,9912,2006,2983905.0,27326274.0,1.0787930000000001,0.014051,NOR,940310
32059962,163,9912,2007,5235801.0,36134714.0,0.9829100000000001,0.100995,NOR,940310
32059963,163,9912,2008,8790995.0,38261909.0,0.911428,-0.019318000000000002,NOR,940310
32059964,163,9912,2009,3194339.0,25274409.0,0.865455,0.082808,NOR,940310
32059965,163,9912,2010,3336647.0,26013362.0,0.865676,0.138757,NOR,940310
32059966,163,9912,2011,5662369.0,26751424.0,0.8492770000000001,0.050044,NOR,940310
32059967,163,9912,2012,6269556.0,30307207.0,0.8613049999999999,0.12626800000000002,NOR,940310
32059968,163,9912,2013,4615492.0,30393069.0,0.892099,0.18168399999999998,NOR,940310
32059969,163,9912,2014,4271155.0,29566989.0,0.9187049999999999,0.182685,NOR,940310
32059970,163,9912,2015,2876780.0,25995239.0,0.950708,0.314339,NOR,940310
32059971,163,9912,2016,2781364.0,19860454.0,0.89891,0.297673,NOR,940310
32059972,163,9912,2017,2779832.0,23305929.0,0.73658,0.11450199999999999,NOR,940310
32059973,163,9912,2018,2115720.0,23519883.0,0.681639,0.021762,NOR,940310
32059974,163,9912,2019,2894011.0,23573699.0,0.6957300000000001,0.181607,NOR,940310
32059975,163,9912,2020,1732404.0,19553931.0,0.793459,0.369766,NOR,940310
32059976,164,9912,1995,0.0,86213.0,-0.779984,-0.7621479999999999,NPL,940310
32059977,164,9912,1996,0.0,185426.0,-0.7390100000000001,-0.647903,NPL,940310
32059978,164,9912,1997,0.0,58712.0,-0.559546,-0.358545,NPL,940310
32059979,164,9912,1998,0.0,2948.0,-0.634124,-0.279031,NPL,940310
32059980,164,9912,1999,5786.0,1365.0,-0.421433,0.24781799999999998,NPL,940310
32059981,164,9912,2000,1139.0,42994.0,-0.395304,0.104966,NPL,940310
32059982,164,9912,2001,0.0,136412.0,-0.483749,-0.008754999999999999,NPL,940310
32059983,164,9912,2002,27241.0,20655.0,-0.216428,0.44377700000000003,NPL,940310
32059984,164,9912,2003,29165.0,165253.0,-0.26353899999999997,1.351717,NPL,940310
32059985,164,9912,2004,0.0,61167.0,-0.323954,0.5528,NPL,940310
32059986,164,9912,2005,0.0,87241.0,-0.347515,0.630102,NPL,940310
32059987,164,9912,2006,9873.0,330800.0,-0.29672600000000005,0.665077,NPL,940310
32059988,164,9912,2007,1507.0,20290.0,-0.274255,0.513961,NPL,940310
32059989,164,9912,2008,5360.0,65431.0,-0.130718,0.59102,NPL,940310
32059990,164,9912,2009,0.0,198264.0,-0.324434,1.076908,NPL,940310
32059991,164,9912,2010,2098.0,326770.0,-0.23753400000000002,0.7957390000000001,NPL,940310
32059992,164,9912,2011,0.0,1772795.0,-0.242299,0.801966,NPL,940310
32059993,164,9912,2012,0.0,224787.0,-0.146732,0.7988310000000001,NPL,940310
32059994,164,9912,2013,0.0,586127.0,-0.293669,0.677365,NPL,940310
32059995,164,9912,2014,0.0,667679.0,-0.11988199999999999,0.655883,NPL,940310
32059996,164,9912,2015,1330.0,1958952.0,-0.290416,0.456716,NPL,940310
32059997,164,9912,2016,18363.0,614195.0,-0.37595500000000004,0.475239,NPL,940310
32059998,164,9912,2017,0.0,1220831.0,-0.319681,0.5788220000000001,NPL,940310
