9899999,2,6517,2000,,,-1.998198,-1.205407,AGO,350290
9900000,2,6517,2001,,,-1.523823,-1.214093,AGO,350290
9900001,2,6517,2002,0.0,8776.0,-2.018135,-1.222751,AGO,350290
9900002,2,6517,2003,,,-1.8762919999999998,-1.176541,AGO,350290
9900003,2,6517,2004,,,-0.8513709999999999,-1.173397,AGO,350290
9900004,2,6517,2005,,,-1.647198,-1.1817790000000001,AGO,350290
9900005,2,6517,2006,0.0,7105.0,-2.0822979999999998,-1.176767,AGO,350290
9900006,2,6517,2007,0.0,1935.0,-1.6925709999999998,-1.1987290000000002,AGO,350290
9900007,2,6517,2008,0.0,2043.0,-2.0318669999999996,-1.149931,AGO,350290
9900008,2,6517,2009,0.0,485318.0,-0.809438,-1.190006,AGO,350290
9900009,2,6517,2010,0.0,11014.0,-1.3711010000000001,-1.170608,AGO,350290
9900010,2,6517,2011,0.0,127628.0,-1.252991,-1.132314,AGO,350290
9900011,2,6517,2012,0.0,147728.0,-1.521092,-1.157031,AGO,350290
9900012,2,6517,2013,0.0,74997.0,-1.172043,-1.133735,AGO,350290
9900013,2,6517,2014,0.0,1121.0,-1.8184900000000002,-1.149191,AGO,350290
9900014,2,6517,2015,0.0,7784.0,-1.6542,-1.2598989999999999,AGO,350290
9900015,2,6517,2016,1367.0,2623.0,-1.313517,-1.262761,AGO,350290
9900016,2,6517,2017,0.0,3137.0,-1.408777,-1.215475,AGO,350290
9900017,2,6517,2018,0.0,50024.0,-1.489191,-1.213992,AGO,350290
9900018,2,6517,2019,0.0,16472.0,-1.096127,-1.195434,AGO,350290
9900019,2,6517,2020,0.0,18941.0,-1.7948709999999999,-1.199555,AGO,350290
9900020,3,6517,1995,,,1.39062,-0.102344,AIA,350290
9900021,3,6517,1996,,,0.9183969999999999,-0.126271,AIA,350290
9900022,3,6517,1997,,,1.2688760000000001,0.19008599999999998,AIA,350290
9900023,3,6517,1998,,,0.8829440000000001,-0.185175,AIA,350290
9900024,3,6517,1999,,,0.9031899999999999,-0.402341,AIA,350290
9900025,3,6517,2000,,,1.57991,0.160971,AIA,350290
9900026,3,6517,2001,,,1.1659469999999998,0.12369000000000001,AIA,350290
9900027,3,6517,2002,,,1.801822,0.172557,AIA,350290
9900028,3,6517,2003,,,1.159575,-0.060911,AIA,350290
9900029,3,6517,2004,,,1.14242,-0.061847000000000006,AIA,350290
9900030,3,6517,2005,,,0.9438139999999999,-0.331494,AIA,350290
9900031,3,6517,2006,,,1.4066610000000002,-0.166941,AIA,350290
9900032,3,6517,2007,,,1.204732,-0.009463,AIA,350290
9900033,3,6517,2008,,,1.3673950000000001,0.124948,AIA,350290
9900034,3,6517,2009,,,1.5343360000000001,-0.035211,AIA,350290
9900035,3,6517,2010,,,1.127307,0.035098000000000004,AIA,350290
9900036,3,6517,2011,,,1.3921459999999999,0.126905,AIA,350290
9900037,3,6517,2012,,,1.300748,0.187379,AIA,350290
9900038,3,6517,2013,,,1.5827879999999999,0.127141,AIA,350290
9900039,3,6517,2014,,,0.926517,-0.498487,AIA,350290
9900040,3,6517,2015,,,0.903682,-0.046925,AIA,350290
9900041,3,6517,2016,,,1.0810790000000001,-0.20086400000000001,AIA,350290
9900042,3,6517,2017,,,1.0311569999999999,-0.098749,AIA,350290
9900043,3,6517,2018,,,1.345238,-0.050174,AIA,350290
9900044,3,6517,2019,,,0.9469639999999999,-0.526437,AIA,350290
9900045,3,6517,2020,,,1.453992,-0.357415,AIA,350290
9900046,4,6517,1995,,,-0.39273,-0.47259300000000004,ALB,350290
9900047,4,6517,1996,0.0,1440.0,-0.309992,-0.039541,ALB,350290
9900048,4,6517,1997,,,-0.32351599999999997,-0.170449,ALB,350290
9900049,4,6517,1998,0.0,3841.0,-0.37657399999999996,-0.201006,ALB,350290
9900050,4,6517,1999,,,-0.281783,-0.10076399999999999,ALB,350290
9900051,4,6517,2000,0.0,21022.0,-0.083425,0.080963,ALB,350290
9900052,4,6517,2001,0.0,16732.0,-0.054125,0.104298,ALB,350290
9900053,4,6517,2002,0.0,6284.0,-0.127828,-0.126857,ALB,350290
9900054,4,6517,2003,0.0,17729.0,-0.053595000000000004,0.166034,ALB,350290
9900055,4,6517,2004,0.0,16651.0,-0.131892,0.14985199999999999,ALB,350290
9900056,4,6517,2005,0.0,24513.0,-0.156823,0.187042,ALB,350290
9900057,4,6517,2006,0.0,7025.0,-0.340932,-0.06302200000000001,ALB,350290
9900058,4,6517,2007,0.0,24390.0,-0.20616700000000002,-0.016993,ALB,350290
9900059,4,6517,2008,24245.0,27395.0,-0.252894,-0.0071400000000000005,ALB,350290
9900060,4,6517,2009,10868.0,37011.0,-0.41612200000000005,-0.256639,ALB,350290
9900061,4,6517,2010,0.0,9613.0,-0.5316,-0.219561,ALB,350290
9900062,4,6517,2011,0.0,17926.0,-0.331435,-0.034828,ALB,350290
9900063,4,6517,2012,0.0,144726.0,-0.355898,-0.017434,ALB,350290
9900064,4,6517,2013,0.0,334830.0,-0.53682,-0.162391,ALB,350290
9900065,4,6517,2014,0.0,123815.0,-0.476024,-0.33978400000000003,ALB,350290
9900066,4,6517,2015,0.0,20439.0,-0.601875,-0.27003,ALB,350290
9900067,4,6517,2016,0.0,1337.0,-0.534645,-0.09027,ALB,350290
9900068,4,6517,2017,0.0,14430.0,-0.44769899999999996,-0.17193,ALB,350290
9900069,4,6517,2018,0.0,6509.0,-0.456481,-0.139655,ALB,350290
9900070,4,6517,2019,0.0,156128.0,-0.459614,-0.019257,ALB,350290
9900071,4,6517,2020,0.0,190730.0,-0.265229,0.059049000000000004,ALB,350290
9900072,5,6517,1995,,,1.126269,0.577384,AND,350290
9900073,5,6517,1996,,,1.0490059999999999,0.6587189999999999,AND,350290
9900074,5,6517,1997,,,1.087564,0.602846,AND,350290
9900075,5,6517,1998,,,1.079978,0.618452,AND,350290
9900076,5,6517,1999,,,0.98429,0.690354,AND,350290
9900077,5,6517,2000,,,1.0305,0.762984,AND,350290
9900078,5,6517,2001,0.0,9398.0,1.049415,0.860241,AND,350290
9900079,5,6517,2002,,,1.1751610000000001,0.8631700000000001,AND,350290
9900080,5,6517,2003,,,1.0901319999999999,0.618693,AND,350290
9900081,5,6517,2004,,,1.268618,0.835359,AND,350290
9900082,5,6517,2005,,,0.990216,0.430967,AND,350290
9900083,5,6517,2006,2320.0,0.0,1.03128,0.402281,AND,350290
9900084,5,6517,2007,598.0,0.0,1.178982,0.778379,AND,350290
9900085,5,6517,2008,1321.0,0.0,0.971109,0.749296,AND,350290
9900086,5,6517,2009,63207.0,1321.0,1.002767,0.6733,AND,350290
9900087,5,6517,2010,,,0.8963620000000001,0.7650399999999999,AND,350290
9900088,5,6517,2011,1920.0,0.0,0.787289,0.484512,AND,350290
9900089,5,6517,2012,,,0.978527,0.521579,AND,350290
9900090,5,6517,2013,,,0.9666530000000001,-0.159606,AND,350290
9900091,5,6517,2014,,,0.533246,-0.41617,AND,350290
9900092,5,6517,2015,,,0.850153,0.383793,AND,350290
9900093,5,6517,2016,,,1.06885,0.519109,AND,350290
9900094,5,6517,2017,,,1.097505,0.480863,AND,350290
9900095,5,6517,2018,,,0.975648,0.525437,AND,350290
9900096,5,6517,2019,,,0.776042,0.167417,AND,350290
9900097,5,6517,2020,,,1.009457,0.2002,AND,350290
9900098,6,6517,1995,7352.0,22338.0,-0.020759,-0.653863,ANT,350290
9900099,6,6517,1996,,,0.29339,-0.572443,ANT,350290
9900100,6,6517,1997,,,0.406411,-0.46148100000000003,ANT,350290
9900101,6,6517,1998,0.0,15220.0,0.666616,-0.224404,ANT,350290
9900102,6,6517,1999,0.0,150578.0,0.266874,-0.5122220000000001,ANT,350290
9900103,6,6517,2000,0.0,1059.0,0.47719799999999996,-0.56103,ANT,350290
9900104,6,6517,2001,,,0.260662,-0.66681,ANT,350290
9900105,6,6517,2002,,,0.346519,-0.631549,ANT,350290
9900106,6,6517,2003,,,0.108903,-0.650137,ANT,350290
9900107,6,6517,2004,,,0.726256,-0.48520699999999994,ANT,350290
9900108,6,6517,2005,,,-0.294813,-0.7054010000000001,ANT,350290
9900109,6,6517,2006,24534.0,0.0,0.251825,-0.629035,ANT,350290
9900110,6,6517,2007,0.0,4238.0,0.305773,-0.504676,ANT,350290
9900111,6,6517,2008,0.0,3866.0,0.31099,-0.536718,ANT,350290
9900112,6,6517,2009,,,0.351025,-0.699817,ANT,350290
9900113,6,6517,2010,,,-0.08593200000000001,-0.691395,ANT,350290
9900114,6,6517,2011,,,0.166465,-0.722459,ANT,350290
9900115,6,6517,2012,,,,,ANT,350290
9900116,6,6517,2013,,,,,ANT,350290
9900117,6,6517,2014,,,,,ANT,350290
9900118,6,6517,2015,,,,,ANT,350290
9900119,6,6517,2016,,,,,ANT,350290
9900120,6,6517,2017,,,,,ANT,350290
9900121,6,6517,2018,,,1.690827,-0.542337,ANT,350290
9900122,6,6517,2019,,,,,ANT,350290
9900123,6,6517,2020,,,,,ANT,350290
9900124,7,6517,1995,0.0,3552.0,-0.205166,-0.6132380000000001,ARE,350290
9900125,7,6517,1996,0.0,20877.0,-0.245358,-0.726695,ARE,350290
9900126,7,6517,1997,0.0,1186.0,-0.042154000000000004,-0.667389,ARE,350290
9900127,7,6517,1998,2207.0,324394.0,-0.274973,-0.481405,ARE,350290
9900128,7,6517,1999,2172.0,263807.0,-0.21921,-0.54813,ARE,350290
9900129,7,6517,2000,4390.0,256389.0,-0.111384,-0.490415,ARE,350290
9900130,7,6517,2001,0.0,364056.0,-0.193984,-0.457124,ARE,350290
9900131,7,6517,2002,13428.0,1025.0,0.044683,-0.247191,ARE,350290
9900132,7,6517,2003,0.0,93398.0,0.049637,-0.502691,ARE,350290
9900133,7,6517,2004,25536.0,171821.0,0.1799,-0.34541900000000003,ARE,350290
9900134,7,6517,2005,5957.0,26014.0,0.11526600000000001,-0.393171,ARE,350290
9900135,7,6517,2006,3678.0,7086.0,0.053903999999999994,-0.735124,ARE,350290
9900136,7,6517,2007,193940.0,312323.0,-0.107504,-0.44744300000000004,ARE,350290
9900137,7,6517,2008,126942.0,750718.0,-0.276433,-0.692392,ARE,350290
9900138,7,6517,2009,2397.0,760244.0,0.070059,-0.619075,ARE,350290
9900139,7,6517,2010,232347.0,395873.0,0.29457,-0.196371,ARE,350290
9900140,7,6517,2011,4464.0,2390344.0,0.030652,-0.450808,ARE,350290
9900141,7,6517,2012,2005091.0,998480.0,0.45351499999999995,-0.285021,ARE,350290
9900142,7,6517,2013,648737.0,726433.0,-0.074047,-0.585168,ARE,350290
9900143,7,6517,2014,1662655.0,1177558.0,0.087775,-0.289459,ARE,350290
9900144,7,6517,2015,2121009.0,815411.0,0.21779600000000002,-0.0047420000000000006,ARE,350290
9900145,7,6517,2016,274931.0,1173957.0,0.11037999999999999,0.045327,ARE,350290
9900146,7,6517,2017,650921.0,1316765.0,0.210477,0.02557,ARE,350290
9900147,7,6517,2018,105581.0,405885.0,0.11804400000000001,-0.326851,ARE,350290
9900148,7,6517,2019,852232.0,1182419.0,-0.165113,-0.8973540000000001,ARE,350290
9900149,7,6517,2020,413963.0,1024275.0,-0.118349,-0.789485,ARE,350290
9900150,8,6517,1995,3878323.0,254474.0,0.245885,0.5489850000000001,ARG,350290
9900151,8,6517,1996,4805216.0,130250.0,0.167081,0.433612,ARG,350290
9900152,8,6517,1997,3778530.0,214752.0,0.273654,0.495389,ARG,350290
9900153,8,6517,1998,4616550.0,197159.0,0.272015,0.45031099999999996,ARG,350290
9900154,8,6517,1999,6409015.0,183384.0,0.49933500000000003,0.593879,ARG,350290
9900155,8,6517,2000,5701529.0,117636.0,0.43928999999999996,0.6839189999999999,ARG,350290
9900156,8,6517,2001,4975358.0,299608.0,0.287698,0.547137,ARG,350290
9900157,8,6517,2002,4588186.0,158704.0,0.284536,0.517425,ARG,350290
9900158,8,6517,2003,4468016.0,44964.0,0.302073,0.49069700000000005,ARG,350290
9900159,8,6517,2004,7844581.0,92237.0,0.28128600000000004,0.64115,ARG,350290
9900160,8,6517,2005,8537408.0,359323.0,0.383772,0.656866,ARG,350290
9900161,8,6517,2006,7784776.0,515163.0,0.33055,0.665867,ARG,350290
9900162,8,6517,2007,14004248.0,239964.0,0.178214,0.5093850000000001,ARG,350290
9900163,8,6517,2008,12432073.0,241522.0,0.278837,0.496784,ARG,350290
9900164,8,6517,2009,14198446.0,84038.0,0.27637,0.611129,ARG,350290
9900165,8,6517,2010,18124200.0,296427.0,0.27458899999999997,0.597907,ARG,350290
9900166,8,6517,2011,25866445.0,540502.0,0.240494,0.540376,ARG,350290
9900167,8,6517,2012,28048238.0,380280.0,0.149423,0.5191979999999999,ARG,350290
9900168,8,6517,2013,28387263.0,788496.0,0.20314300000000002,0.494062,ARG,350290
9900169,8,6517,2014,26232701.0,478338.0,0.10691500000000001,0.44860600000000006,ARG,350290
9900170,8,6517,2015,23686142.0,511051.0,0.116896,0.30330999999999997,ARG,350290
9900171,8,6517,2016,27745569.0,1065964.0,-0.132495,0.16353199999999998,ARG,350290
9900172,8,6517,2017,26261925.0,825702.0,-0.120753,0.233375,ARG,350290
9900173,8,6517,2018,17232828.0,1803098.0,-0.14316800000000002,0.14356,ARG,350290
9900174,8,6517,2019,14164591.0,2120465.0,-0.136634,0.127073,ARG,350290
9900175,8,6517,2020,13574973.0,2303520.0,-0.14746199999999998,0.039795,ARG,350290
9900176,9,6517,1995,,,0.254546,-0.851535,ARM,350290
9900177,9,6517,1996,,,0.8798090000000001,0.05873300000000001,ARM,350290
9900178,9,6517,1997,0.0,841.0,1.178568,0.331529,ARM,350290
9900179,9,6517,1998,,,0.848252,-0.159457,ARM,350290
9900180,9,6517,1999,,,0.6218600000000001,-0.174906,ARM,350290
9900181,9,6517,2000,,,0.857776,-0.020538999999999998,ARM,350290
9900182,9,6517,2001,,,0.834168,0.21458000000000002,ARM,350290
9900183,9,6517,2002,,,0.710274,-0.11309000000000001,ARM,350290
9900184,9,6517,2003,,,0.497521,-0.305788,ARM,350290
9900185,9,6517,2004,0.0,1035.0,0.661799,-0.140004,ARM,350290
9900186,9,6517,2005,,,0.435237,-0.436709,ARM,350290
9900187,9,6517,2006,1730.0,0.0,0.14539100000000002,-0.558014,ARM,350290
9900188,9,6517,2007,5330.0,0.0,0.7169,-0.019251,ARM,350290
9900189,9,6517,2008,2929.0,0.0,0.360609,-0.038343,ARM,350290
9900190,9,6517,2009,,,0.24424899999999997,-0.30152399999999996,ARM,350290
9900191,9,6517,2010,0.0,2100.0,0.11632,-0.417048,ARM,350290
9900192,9,6517,2011,,,0.543397,-0.029376999999999997,ARM,350290
9900193,9,6517,2012,0.0,1712.0,0.49142299999999994,0.033657,ARM,350290
9900194,9,6517,2013,,,-0.076922,-0.5781390000000001,ARM,350290
9900195,9,6517,2014,0.0,1796.0,-0.198322,-0.5918680000000001,ARM,350290
9900196,9,6517,2015,,,0.037579,-0.42448800000000003,ARM,350290
9900197,9,6517,2016,0.0,994.0,-0.044982999999999995,-0.518007,ARM,350290
9900198,9,6517,2017,,,-0.23846799999999999,-0.658774,ARM,350290
9900199,9,6517,2018,0.0,565.0,-0.330516,-0.604744,ARM,350290
9900200,9,6517,2019,,,-0.203986,-0.667607,ARM,350290
9900201,9,6517,2020,,,-0.129502,-0.671068,ARM,350290
9900202,10,6517,1995,,,,,ASM,350290
9900203,10,6517,1996,,,,,ASM,350290
9900204,10,6517,1997,,,,,ASM,350290
9900205,10,6517,1998,,,,,ASM,350290
9900206,10,6517,1999,,,,,ASM,350290
9900207,10,6517,2000,,,1.142464,0.18513,ASM,350290
9900208,10,6517,2001,,,1.343164,0.15453,ASM,350290
9900209,10,6517,2002,,,1.207516,0.092848,ASM,350290
9900210,10,6517,2003,,,1.0088139999999999,0.096969,ASM,350290
9900211,10,6517,2004,,,1.022895,0.395402,ASM,350290
9900212,10,6517,2005,,,1.448552,0.425875,ASM,350290
9900213,10,6517,2006,,,0.766232,-0.35907,ASM,350290
9900214,10,6517,2007,,,0.8147989999999999,-0.217887,ASM,350290
9900215,10,6517,2008,,,0.671995,-0.161012,ASM,350290
9900216,10,6517,2009,,,0.989991,0.109608,ASM,350290
9900217,10,6517,2010,,,0.966701,0.006139,ASM,350290
9900218,10,6517,2011,,,0.683813,-0.147767,ASM,350290
9900219,10,6517,2012,,,0.96986,-0.246709,ASM,350290
9900220,10,6517,2013,,,0.686489,-0.251618,ASM,350290
9900221,10,6517,2014,,,0.795219,-0.217498,ASM,350290
9900222,10,6517,2015,,,0.9878959999999999,-0.0613,ASM,350290
9900223,10,6517,2016,,,0.43456300000000003,-0.48827,ASM,350290
9900224,10,6517,2017,,,0.8844139999999999,-0.13786199999999998,ASM,350290
9900225,10,6517,2018,,,1.01754,-0.340514,ASM,350290
9900226,10,6517,2019,,,1.121876,0.061064999999999994,ASM,350290
9900227,10,6517,2020,,,1.135613,-0.247052,ASM,350290
9900228,11,6517,1995,,,,,ATA,350290
9900229,11,6517,1996,,,,,ATA,350290
9900230,11,6517,1997,,,,,ATA,350290
9900231,11,6517,1998,,,,,ATA,350290
9900232,11,6517,1999,,,,,ATA,350290
9900233,11,6517,2000,,,1.690604,-0.541395,ATA,350290
9900234,11,6517,2001,,,0.025889,-0.822216,ATA,350290
9900235,11,6517,2002,,,1.281658,-0.717151,ATA,350290
9900236,11,6517,2003,,,1.654827,-0.57998,ATA,350290
9900237,11,6517,2004,,,1.6855529999999999,-0.639636,ATA,350290
9900238,11,6517,2005,,,1.886624,-0.598132,ATA,350290
9900239,11,6517,2006,,,1.8180889999999998,-0.380529,ATA,350290
9900240,11,6517,2007,,,1.760301,-0.5213770000000001,ATA,350290
9900241,11,6517,2008,,,1.011391,-0.54108,ATA,350290
9900242,11,6517,2009,,,2.014378,-0.596029,ATA,350290
9900243,11,6517,2010,,,1.337233,0.166186,ATA,350290
9900244,11,6517,2011,,,1.3527360000000002,-0.459545,ATA,350290
9900245,11,6517,2012,,,0.756587,-0.419392,ATA,350290
9900246,11,6517,2013,,,0.542668,-0.645867,ATA,350290
9900247,11,6517,2014,,,1.3498370000000002,-0.197062,ATA,350290
9900248,11,6517,2015,,,1.3470309999999999,-0.277438,ATA,350290
9900249,11,6517,2016,,,1.353034,-0.511497,ATA,350290
9900250,11,6517,2017,,,1.794645,-0.356097,ATA,350290
9900251,11,6517,2018,,,1.348992,-0.53395,ATA,350290
9900252,11,6517,2019,,,1.444007,-0.373372,ATA,350290
9900253,11,6517,2020,,,1.05679,-0.5454140000000001,ATA,350290
9900254,12,6517,1995,,,-0.36803,-0.726442,ATF,350290
9900255,12,6517,1996,,,0.9111940000000001,-0.643588,ATF,350290
9900256,12,6517,1997,,,0.675261,-0.765744,ATF,350290
9900257,12,6517,1998,,,-1.9908700000000001,-0.820471,ATF,350290
9900258,12,6517,1999,,,2.225379,-0.7499819999999999,ATF,350290
9900259,12,6517,2000,,,1.753868,-0.78946,ATF,350290
9900260,12,6517,2001,,,0.859619,-0.755081,ATF,350290
9900261,12,6517,2002,,,1.532758,-0.491439,ATF,350290
9900262,12,6517,2003,,,1.062357,-0.433928,ATF,350290
9900263,12,6517,2004,,,0.8093670000000001,-0.576628,ATF,350290
9900264,12,6517,2005,,,0.173228,-0.701575,ATF,350290
9900265,12,6517,2006,,,0.610775,-0.616283,ATF,350290
9900266,12,6517,2007,,,0.748167,-0.42723900000000004,ATF,350290
9900267,12,6517,2008,,,-0.038752999999999996,-0.7738079999999999,ATF,350290
9900268,12,6517,2009,,,-0.129751,-0.8515290000000001,ATF,350290
9900269,12,6517,2010,,,0.45676300000000003,-0.75267,ATF,350290
9900270,12,6517,2011,,,1.307333,-0.426333,ATF,350290
9900271,12,6517,2012,,,0.783496,-0.519922,ATF,350290
9900272,12,6517,2013,,,0.308415,-0.683897,ATF,350290
9900273,12,6517,2014,,,0.8714149999999999,-0.652,ATF,350290
9900274,12,6517,2015,,,0.7385430000000001,-0.6156,ATF,350290
9900275,12,6517,2016,,,0.589661,-0.733125,ATF,350290
9900276,12,6517,2017,,,0.439795,-0.78242,ATF,350290
9900277,12,6517,2018,,,1.144196,-0.618788,ATF,350290
9900278,12,6517,2019,,,1.100273,-0.637684,ATF,350290
9900279,12,6517,2020,,,0.46278100000000005,-0.782172,ATF,350290
9900280,13,6517,1995,,,-0.06877,-0.550291,ATG,350290
9900281,13,6517,1996,,,0.408319,-0.21640700000000002,ATG,350290
9900282,13,6517,1997,,,0.510371,-0.314213,ATG,350290
9900283,13,6517,1998,,,0.441453,-0.238813,ATG,350290
9900284,13,6517,1999,,,0.6179140000000001,0.156854,ATG,350290
9900285,13,6517,2000,,,0.329016,-0.510285,ATG,350290
9900286,13,6517,2001,,,-0.036838,-0.6593600000000001,ATG,350290
9900287,13,6517,2002,,,0.958779,-0.56295,ATG,350290
9900288,13,6517,2003,,,0.014283,-0.564587,ATG,350290
9900289,13,6517,2004,,,0.257288,-0.645794,ATG,350290
9900290,13,6517,2005,,,-0.31409000000000004,-0.728541,ATG,350290
9900291,13,6517,2006,,,-0.139051,-0.780321,ATG,350290
9900292,13,6517,2007,,,0.5574899999999999,-0.125609,ATG,350290
9900293,13,6517,2008,,,1.041425,0.198248,ATG,350290
9900294,13,6517,2009,,,0.930903,0.279441,ATG,350290
9900295,13,6517,2010,,,1.2153129999999999,0.955838,ATG,350290
9900296,13,6517,2011,,,0.257238,-0.275891,ATG,350290
9900297,13,6517,2012,,,0.8666520000000001,1.1798549999999999,ATG,350290
9900298,13,6517,2013,0.0,7946.0,0.096563,-0.60577,ATG,350290
9900299,13,6517,2014,,,0.169764,-0.621576,ATG,350290
9900300,13,6517,2015,,,0.43318,-0.552045,ATG,350290
9900301,13,6517,2016,,,0.19935999999999998,-0.538471,ATG,350290
9900302,13,6517,2017,,,0.42561099999999996,-0.42671099999999995,ATG,350290
9900303,13,6517,2018,0.0,2994.0,0.08520499999999999,-0.630757,ATG,350290
9900304,13,6517,2019,,,0.391831,-0.723957,ATG,350290
9900305,13,6517,2020,,,-0.210313,-0.811104,ATG,350290
9900306,14,6517,1995,5288751.0,563187.0,0.44442,0.789292,AUS,350290
9900307,14,6517,1996,5328530.0,937848.0,0.369697,0.78069,AUS,350290
9900308,14,6517,1997,7600590.0,1390320.0,0.428555,0.798283,AUS,350290
9900309,14,6517,1998,9605248.0,784181.0,0.375317,0.8864629999999999,AUS,350290
9900310,14,6517,1999,7272355.0,2369995.0,0.357101,0.8857879999999999,AUS,350290
9900311,14,6517,2000,10197855.0,2033343.0,0.279804,0.9355540000000001,AUS,350290
9900312,14,6517,2001,11670994.0,2497389.0,0.29463,0.772375,AUS,350290
9900313,14,6517,2002,7958852.0,2184197.0,0.231386,0.771628,AUS,350290
9900314,14,6517,2003,6200135.0,2612309.0,0.316879,0.9409489999999999,AUS,350290
9900315,14,6517,2004,9200596.0,5737098.0,0.196641,0.8139460000000001,AUS,350290
9900316,14,6517,2005,8706814.0,4341093.0,0.18443099999999998,0.489043,AUS,350290
9900317,14,6517,2006,8214127.0,5788037.0,0.067166,0.373148,AUS,350290
9900318,14,6517,2007,12779387.0,9933881.0,0.137686,0.451592,AUS,350290
9900319,14,6517,2008,18937630.0,10876999.0,-0.171801,-0.012588,AUS,350290
9900320,14,6517,2009,14972659.0,10681430.0,-0.109286,0.13586900000000002,AUS,350290
9900321,14,6517,2010,20446292.0,16487232.0,-0.276442,0.062023,AUS,350290
9900322,14,6517,2011,24592679.0,23974211.0,-0.138148,0.002999,AUS,350290
9900323,14,6517,2012,25964096.0,27375568.0,-0.352742,-0.145405,AUS,350290
9900324,14,6517,2013,27176675.0,21257889.0,-0.31145700000000004,-0.167628,AUS,350290
9900325,14,6517,2014,26131500.0,21847425.0,-0.398273,-0.17128,AUS,350290
9900326,14,6517,2015,18421935.0,25017895.0,-0.292325,-0.043489,AUS,350290
9900327,14,6517,2016,23299058.0,19929345.0,-0.25955300000000003,0.0011070000000000001,AUS,350290
9900328,14,6517,2017,25457820.0,13471168.0,-0.42427200000000004,-0.152921,AUS,350290
9900329,14,6517,2018,37177266.0,13217765.0,-0.29687199999999997,-0.123116,AUS,350290
9900330,14,6517,2019,60857376.0,17195845.0,-0.294558,-0.180198,AUS,350290
9900331,14,6517,2020,51401561.0,16491708.0,-0.32910500000000004,-0.232963,AUS,350290
9900332,15,6517,1995,438336.0,350190.0,2.000295,0.661255,AUT,350290
9900333,15,6517,1996,1001134.0,501094.0,1.9216669999999998,0.659388,AUT,350290
9900334,15,6517,1997,1409749.0,745380.0,1.8926189999999998,0.624346,AUT,350290
9900335,15,6517,1998,2133273.0,609534.0,1.891966,0.508137,AUT,350290
9900336,15,6517,1999,3107950.0,404995.0,1.836804,0.744312,AUT,350290
9900337,15,6517,2000,1541789.0,707505.0,1.842429,0.464405,AUT,350290
9900338,15,6517,2001,2394316.0,596204.0,1.8571650000000002,0.603191,AUT,350290
9900339,15,6517,2002,2691814.0,2315205.0,1.8651200000000001,0.48423900000000003,AUT,350290
9900340,15,6517,2003,1479692.0,5125736.0,1.834977,0.408096,AUT,350290
9900341,15,6517,2004,1977216.0,4037430.0,1.825391,0.40553,AUT,350290
9900342,15,6517,2005,2770819.0,5161334.0,1.808359,0.148177,AUT,350290
9900343,15,6517,2006,574979.0,7633342.0,1.775669,0.192717,AUT,350290
9900344,15,6517,2007,1435691.0,8516911.0,1.730088,-0.045543,AUT,350290
9900345,15,6517,2008,2085483.0,11947850.0,1.634816,-0.078419,AUT,350290
9900346,15,6517,2009,2423443.0,9867198.0,1.651325,-0.020794,AUT,350290
9900347,15,6517,2010,2106690.0,8413944.0,1.724315,-0.29379099999999997,AUT,350290
9900348,15,6517,2011,1210639.0,13647024.0,1.687634,-0.229095,AUT,350290
9900349,15,6517,2012,6300305.0,15437822.0,1.6092870000000001,-0.29859,AUT,350290
9900350,15,6517,2013,3986364.0,14958021.0,1.7209240000000001,-0.286892,AUT,350290
9900351,15,6517,2014,3357403.0,11494035.0,1.7116790000000002,-0.140232,AUT,350290
9900352,15,6517,2015,2857832.0,6239289.0,1.747098,-0.08026699999999999,AUT,350290
9900353,15,6517,2016,1650545.0,6142364.0,1.759363,0.127262,AUT,350290
9900354,15,6517,2017,5008233.0,5255984.0,1.728623,-0.031045999999999997,AUT,350290
9900355,15,6517,2018,1708960.0,6540841.0,1.774488,-0.21117800000000003,AUT,350290
9900356,15,6517,2019,3654252.0,5925837.0,1.743927,-0.076778,AUT,350290
9900357,15,6517,2020,2410010.0,4988209.0,1.6711310000000001,0.059096,AUT,350290
9900358,16,6517,1995,,,-0.084566,-0.839039,AZE,350290
9900359,16,6517,1996,,,0.500442,-0.280796,AZE,350290
9900360,16,6517,1997,,,0.290957,-0.18282,AZE,350290
9900361,16,6517,1998,,,0.344571,-0.321203,AZE,350290
9900362,16,6517,1999,0.0,3111.0,-0.076295,-0.742161,AZE,350290
9900363,16,6517,2000,0.0,3369.0,-0.08565700000000001,-0.726073,AZE,350290
9900364,16,6517,2001,0.0,6227.0,-0.6731090000000001,-1.037922,AZE,350290
9900365,16,6517,2002,,,-0.41282299999999994,-0.967931,AZE,350290
9900366,16,6517,2003,0.0,1772.0,-0.304606,-0.975453,AZE,350290
9900367,16,6517,2004,0.0,1208.0,-0.393221,-0.9494440000000001,AZE,350290
9900368,16,6517,2005,0.0,14616.0,-0.272611,-0.9508709999999999,AZE,350290
9900369,16,6517,2006,,,-0.521304,-1.035764,AZE,350290
9900370,16,6517,2007,,,-0.897342,-1.174224,AZE,350290
9900371,16,6517,2008,,,-0.7143109999999999,-1.114747,AZE,350290
9900372,16,6517,2009,0.0,43187.0,-1.124423,-1.228081,AZE,350290
9900373,16,6517,2010,0.0,36432.0,-1.048424,-1.2030370000000001,AZE,350290
9900374,16,6517,2011,,,-1.313136,-1.189989,AZE,350290
9900375,16,6517,2012,0.0,1253.0,-0.827783,-1.158852,AZE,350290
9900376,16,6517,2013,,,-0.9232870000000001,-1.165928,AZE,350290
9900377,16,6517,2014,,,-0.909508,-1.165158,AZE,350290
9900378,16,6517,2015,0.0,3509.0,-0.983347,-1.231542,AZE,350290
9900379,16,6517,2016,0.0,17344.0,-0.909744,-1.180449,AZE,350290
9900380,16,6517,2017,0.0,202671.0,-1.022455,-1.199225,AZE,350290
9900381,16,6517,2018,0.0,46195.0,-1.144089,-1.224327,AZE,350290
9900382,16,6517,2019,,,-1.005636,-1.2094209999999999,AZE,350290
9900383,16,6517,2020,0.0,90704.0,-1.142366,-1.2529190000000001,AZE,350290
9900384,17,6517,1995,,,-1.435347,-0.9015,BDI,350290
9900385,17,6517,1996,,,-0.955951,-0.8721180000000001,BDI,350290
9900386,17,6517,1997,,,-1.118475,-0.881657,BDI,350290
9900387,17,6517,1998,,,-1.0261360000000002,-0.872906,BDI,350290
9900388,17,6517,1999,,,-1.601732,-1.003119,BDI,350290
9900389,17,6517,2000,,,-1.262913,-0.923889,BDI,350290
9900390,17,6517,2001,,,-0.554955,-0.755333,BDI,350290
9900391,17,6517,2002,,,-0.333602,-0.648837,BDI,350290
9900392,17,6517,2003,,,-0.550138,-0.759304,BDI,350290
9900393,17,6517,2004,,,-0.939393,-0.919969,BDI,350290
9900394,17,6517,2005,,,-0.7587,-0.820622,BDI,350290
9900395,17,6517,2006,,,-0.033711,-0.48450600000000005,BDI,350290
9900396,17,6517,2007,,,-0.33884899999999996,-0.661017,BDI,350290
9900397,17,6517,2008,,,-0.313815,-0.539678,BDI,350290
9900398,17,6517,2009,0.0,40470.0,-0.43971099999999996,-0.575079,BDI,350290
9900399,17,6517,2010,0.0,1029.0,-0.922883,-0.748675,BDI,350290
9900400,17,6517,2011,,,-0.8287049999999999,-0.774558,BDI,350290
9900401,17,6517,2012,0.0,802.0,-0.346028,-1.021892,BDI,350290
9900402,17,6517,2013,0.0,3522.0,-0.824903,-0.906436,BDI,350290
9900403,17,6517,2014,,,-0.242256,-0.8567879999999999,BDI,350290
9900404,17,6517,2015,,,-0.993318,-1.031194,BDI,350290
9900405,17,6517,2016,,,-1.0141229999999999,-0.908808,BDI,350290
9900406,17,6517,2017,,,-0.637985,-1.051277,BDI,350290
9900407,17,6517,2018,,,-0.654964,-0.9683229999999999,BDI,350290
9900408,17,6517,2019,,,-0.689117,-0.9027209999999999,BDI,350290
9900409,17,6517,2020,,,-0.748203,-0.874817,BDI,350290
9900410,18,6517,1995,2834910.0,2864154.0,1.615588,1.394102,BEL,350290
9900411,18,6517,1996,1218105.0,3498604.0,1.549312,1.273767,BEL,350290
9900412,18,6517,1997,3451356.0,2169447.0,1.4274069999999999,1.490435,BEL,350290
9900413,18,6517,1998,3081484.0,2187443.0,1.4740739999999999,1.2530430000000001,BEL,350290
9900414,18,6517,1999,3546321.0,1729543.0,1.512061,1.253478,BEL,350290
9900415,18,6517,2000,5784933.0,3273418.0,1.403838,1.349607,BEL,350290
9900416,18,6517,2001,6492509.0,5935530.0,1.4328370000000001,1.408495,BEL,350290
9900417,18,6517,2002,5100276.0,4048736.0,1.4097469999999999,1.440169,BEL,350290
9900418,18,6517,2003,4358873.0,5750007.0,1.361682,1.39536,BEL,350290
9900419,18,6517,2004,6181587.0,5952589.0,1.350911,1.408209,BEL,350290
9900420,18,6517,2005,6746895.0,7386441.0,1.275296,1.345063,BEL,350290
9900421,18,6517,2006,9256603.0,6391346.0,1.2222540000000002,1.383027,BEL,350290
9900422,18,6517,2007,10127991.0,9536119.0,1.2880479999999999,1.145724,BEL,350290
9900423,18,6517,2008,12351353.0,5032273.0,1.297416,0.9716549999999999,BEL,350290
9900424,18,6517,2009,15164627.0,6368623.0,1.272011,1.074548,BEL,350290
9900425,18,6517,2010,13965573.0,10830252.0,1.2224270000000002,1.1276,BEL,350290
9900426,18,6517,2011,12949686.0,17045472.0,1.221703,1.247961,BEL,350290
9900427,18,6517,2012,15636033.0,21415695.0,1.107155,1.448274,BEL,350290
9900428,18,6517,2013,14298650.0,19301995.0,1.316207,0.972601,BEL,350290
9900429,18,6517,2014,17326924.0,22255391.0,1.234156,1.226441,BEL,350290
9900430,18,6517,2015,18080985.0,24845573.0,1.329866,1.100641,BEL,350290
9900431,18,6517,2016,10150753.0,22640794.0,1.3102610000000001,1.214573,BEL,350290
9900432,18,6517,2017,13729070.0,28542593.0,1.292657,1.19571,BEL,350290
9900433,18,6517,2018,18080000.0,26113516.0,1.270641,1.201063,BEL,350290
9900434,18,6517,2019,18907679.0,25347650.0,1.2555969999999999,1.168642,BEL,350290
9900435,18,6517,2020,17902615.0,19892770.0,1.204632,1.278346,BEL,350290
9900436,19,6517,1995,,,-1.142708,-0.9045280000000001,BEN,350290
9900437,19,6517,1996,,,-1.0032729999999999,-0.794779,BEN,350290
9900438,19,6517,1997,,,-1.1300780000000001,-0.938398,BEN,350290
9900439,19,6517,1998,,,-0.8198,-0.8584780000000001,BEN,350290
9900440,19,6517,1999,,,-1.033831,-0.858941,BEN,350290
9900441,19,6517,2000,,,-0.9513729999999999,-0.806106,BEN,350290
9900442,19,6517,2001,,,-1.09233,-0.8276969999999999,BEN,350290
9900443,19,6517,2002,0.0,8852.0,-0.724829,-0.705625,BEN,350290
9900444,19,6517,2003,,,-1.150888,-0.956203,BEN,350290
9900445,19,6517,2004,,,-1.299345,-0.9871260000000001,BEN,350290
9900446,19,6517,2005,,,-0.7930510000000001,-0.798868,BEN,350290
9900447,19,6517,2006,,,-0.8434360000000001,-0.798307,BEN,350290
9900448,19,6517,2007,,,-1.055882,-0.880178,BEN,350290
9900449,19,6517,2008,0.0,1703.0,-1.171101,-0.9600569999999999,BEN,350290
9900450,19,6517,2009,,,-0.93195,-0.813017,BEN,350290
9900451,19,6517,2010,0.0,2280.0,-1.0660120000000002,-0.9961190000000001,BEN,350290
9900452,19,6517,2011,0.0,1867.0,-1.189478,-0.8684709999999999,BEN,350290
9900453,19,6517,2012,,,-0.981576,-0.9708200000000001,BEN,350290
9900454,19,6517,2013,0.0,1244.0,-0.919968,-0.90691,BEN,350290
9900455,19,6517,2014,0.0,1367.0,-0.342225,-0.618789,BEN,350290
9900456,19,6517,2015,,,-0.5641470000000001,-0.8971020000000001,BEN,350290
9900457,19,6517,2016,0.0,1884.0,-0.971123,-0.801574,BEN,350290
9900458,19,6517,2017,,,-0.755027,-0.796864,BEN,350290
9900459,19,6517,2018,0.0,861.0,-0.646475,-0.769808,BEN,350290
9900460,19,6517,2019,,,-0.861242,-0.8837440000000001,BEN,350290
9900461,19,6517,2020,,,-0.467344,-0.686191,BEN,350290
9900462,20,6517,1995,,,,,BES,350290
9900463,20,6517,1996,,,,,BES,350290
9900464,20,6517,1997,,,,,BES,350290
9900465,20,6517,1998,,,,,BES,350290
9900466,20,6517,1999,,,,,BES,350290
9900467,20,6517,2000,,,,,BES,350290
9900468,20,6517,2001,,,,,BES,350290
9900469,20,6517,2002,,,,,BES,350290
9900470,20,6517,2003,,,,,BES,350290
9900471,20,6517,2004,,,,,BES,350290
9900472,20,6517,2005,,,,,BES,350290
9900473,20,6517,2006,,,,,BES,350290
9900474,20,6517,2007,,,,,BES,350290
9900475,20,6517,2008,,,,,BES,350290
9900476,20,6517,2009,,,,,BES,350290
9900477,20,6517,2010,,,,,BES,350290
9900478,20,6517,2011,,,2.97261,-0.659454,BES,350290
9900479,20,6517,2012,,,2.314816,-0.677359,BES,350290
9900480,20,6517,2013,,,1.6446889999999998,-0.481741,BES,350290
9900481,20,6517,2014,,,-0.18363,-0.7995760000000001,BES,350290
9900482,20,6517,2015,,,1.036306,-0.715777,BES,350290
9900483,20,6517,2016,,,0.427425,-0.8977280000000001,BES,350290
9900484,20,6517,2017,,,1.1776659999999999,-0.748922,BES,350290
9900485,20,6517,2018,,,0.952758,-0.631328,BES,350290
9900486,20,6517,2019,,,0.41463500000000003,-0.899409,BES,350290
9900487,20,6517,2020,,,0.653039,-0.6295270000000001,BES,350290
9900488,21,6517,1995,,,-0.695354,-0.902185,BFA,350290
9900489,21,6517,1996,,,-0.680996,-0.863442,BFA,350290
9900490,21,6517,1997,,,-0.204096,-0.731299,BFA,350290
9900491,21,6517,1998,,,-0.535488,-0.900509,BFA,350290
9900492,21,6517,1999,,,-0.386471,-0.7413109999999999,BFA,350290
9900493,21,6517,2000,,,-0.020397,-0.32743,BFA,350290
9900494,21,6517,2001,,,-0.291485,-0.20803000000000002,BFA,350290
9900495,21,6517,2002,,,-0.477813,-0.647148,BFA,350290
9900496,21,6517,2003,,,-0.9365690000000001,-0.9699409999999999,BFA,350290
9900497,21,6517,2004,,,-1.000801,-1.00024,BFA,350290
9900498,21,6517,2005,,,-1.193629,-1.031656,BFA,350290
9900499,21,6517,2006,,,-0.9432020000000001,-0.969247,BFA,350290
9900500,21,6517,2007,0.0,2234.0,-0.960893,-0.94458,BFA,350290
9900501,21,6517,2008,,,-1.076309,-1.012701,BFA,350290
9900502,21,6517,2009,0.0,2909.0,-1.283807,-1.061272,BFA,350290
9900503,21,6517,2010,0.0,474.0,-0.625747,-0.700651,BFA,350290
9900504,21,6517,2011,,,-1.163278,-1.002332,BFA,350290
9900505,21,6517,2012,,,-0.662994,-0.738795,BFA,350290
9900506,21,6517,2013,,,-0.9110360000000001,-0.852492,BFA,350290
9900507,21,6517,2014,,,-0.922401,-0.9554379999999999,BFA,350290
9900508,21,6517,2015,,,-1.085359,-1.034365,BFA,350290
9900509,21,6517,2016,,,-1.0885790000000002,-1.027005,BFA,350290
9900510,21,6517,2017,,,-1.100802,-1.0632110000000001,BFA,350290
9900511,21,6517,2018,,,-0.8835200000000001,-0.9790620000000001,BFA,350290
9900512,21,6517,2019,0.0,2992.0,-0.805181,-0.941847,BFA,350290
9900513,21,6517,2020,,,-0.7634310000000001,-0.938997,BFA,350290
9900514,22,6517,1995,,,-1.037175,-0.983195,BGD,350290
9900515,22,6517,1996,0.0,533.0,-1.060876,-1.05104,BGD,350290
9900516,22,6517,1997,,,-1.027777,-1.048214,BGD,350290
9900517,22,6517,1998,,,-1.130729,-1.001385,BGD,350290
9900518,22,6517,1999,,,-1.258857,-1.140375,BGD,350290
9900519,22,6517,2000,,,-1.037212,-0.964965,BGD,350290
9900520,22,6517,2001,0.0,1896.0,-1.0406739999999999,-1.010108,BGD,350290
9900521,22,6517,2002,0.0,4263.0,-1.134933,-1.061633,BGD,350290
9900522,22,6517,2003,,,-1.168404,-1.035782,BGD,350290
9900523,22,6517,2004,0.0,8153.0,-1.150444,-0.885333,BGD,350290
9900524,22,6517,2005,0.0,1308.0,-1.083754,-0.817738,BGD,350290
9900525,22,6517,2006,,,-1.0305309999999999,-0.80937,BGD,350290
9900526,22,6517,2007,,,-0.9436469999999999,-0.7200310000000001,BGD,350290
9900527,22,6517,2008,0.0,1885.0,-0.852774,-0.766779,BGD,350290
9900528,22,6517,2009,16795.0,0.0,-1.030722,-0.860137,BGD,350290
9900529,22,6517,2010,,,-0.974526,-0.76566,BGD,350290
9900530,22,6517,2011,0.0,3128.0,-1.074416,-0.8276370000000001,BGD,350290
9900531,22,6517,2012,0.0,3230.0,-0.8932610000000001,-0.762658,BGD,350290
9900532,22,6517,2013,0.0,59589.0,-1.101916,-0.734646,BGD,350290
9900533,22,6517,2014,0.0,35815.0,-1.0341879999999999,-0.9614870000000001,BGD,350290
9900534,22,6517,2015,0.0,67421.0,-1.088465,-0.8745360000000001,BGD,350290
9900535,22,6517,2016,0.0,5594.0,-1.107523,-1.065009,BGD,350290
9900536,22,6517,2017,0.0,53118.0,-1.016251,-0.987654,BGD,350290
9900537,22,6517,2018,0.0,5082.0,-0.899467,-0.9823719999999999,BGD,350290
9900538,22,6517,2019,0.0,4023.0,-1.113148,-0.9513299999999999,BGD,350290
9900539,22,6517,2020,0.0,21543.0,-0.874451,-0.9031309999999999,BGD,350290
9900540,23,6517,1995,0.0,22496.0,0.436138,1.086561,BGR,350290
9900541,23,6517,1996,0.0,5855.0,0.544265,1.523408,BGR,350290
9900542,23,6517,1997,0.0,7793.0,0.487041,1.287344,BGR,350290
9900543,23,6517,1998,0.0,6661.0,0.382782,1.5844479999999999,BGR,350290
9900544,23,6517,1999,0.0,14871.0,0.311033,1.7375040000000002,BGR,350290
9900545,23,6517,2000,0.0,7206.0,0.364708,1.66767,BGR,350290
9900546,23,6517,2001,0.0,5067.0,0.41425100000000004,1.639866,BGR,350290
9900547,23,6517,2002,0.0,27156.0,0.37451100000000004,1.573517,BGR,350290
9900548,23,6517,2003,0.0,34057.0,0.43308599999999997,1.7104099999999998,BGR,350290
9900549,23,6517,2004,0.0,23934.0,0.35536,1.499182,BGR,350290
9900550,23,6517,2005,0.0,104969.0,0.338438,1.495008,BGR,350290
9900551,23,6517,2006,0.0,189033.0,0.414563,1.378005,BGR,350290
9900552,23,6517,2007,0.0,213071.0,0.43321899999999997,1.5696700000000001,BGR,350290
9900553,23,6517,2008,8576.0,188188.0,0.44409,1.575399,BGR,350290
9900554,23,6517,2009,2316.0,511933.0,0.373594,1.571413,BGR,350290
9900555,23,6517,2010,3963.0,1266628.0,0.44973,1.445441,BGR,350290
9900556,23,6517,2011,0.0,404048.0,0.537967,1.520973,BGR,350290
9900557,23,6517,2012,52404.0,376380.0,0.5611,1.416313,BGR,350290
9900558,23,6517,2013,80281.0,442693.0,0.5026109999999999,1.674296,BGR,350290
9900559,23,6517,2014,117926.0,1723969.0,0.579058,1.6558110000000001,BGR,350290
9900560,23,6517,2015,51655.0,266402.0,0.45640699999999995,1.691455,BGR,350290
9900561,23,6517,2016,357818.0,602844.0,0.51707,1.7329130000000001,BGR,350290
9900562,23,6517,2017,35651.0,540578.0,0.557843,1.7221119999999999,BGR,350290
9900563,23,6517,2018,46226.0,1143085.0,0.571226,1.836856,BGR,350290
9900564,23,6517,2019,221716.0,904047.0,0.572997,1.863346,BGR,350290
9900565,23,6517,2020,210013.0,1799722.0,0.6328520000000001,1.8517009999999998,BGR,350290
9900566,24,6517,1995,0.0,6846.0,-0.239166,-0.8627950000000001,BHR,350290
9900567,24,6517,1996,,,-0.062207000000000005,-0.840398,BHR,350290
9900568,24,6517,1997,,,-0.021125,-0.914009,BHR,350290
9900569,24,6517,1998,,,-0.044219,-0.859931,BHR,350290
9900570,24,6517,1999,,,-0.034526,-0.8887200000000001,BHR,350290
9900571,24,6517,2000,,,-0.28305,-0.854878,BHR,350290
9900572,24,6517,2001,,,-0.11008399999999999,-1.053611,BHR,350290
9900573,24,6517,2002,,,-0.146585,-1.006558,BHR,350290
9900574,24,6517,2003,0.0,1638.0,-0.10968800000000001,-1.041032,BHR,350290
9900575,24,6517,2004,20215.0,16025.0,0.045344999999999996,-1.001059,BHR,350290
9900576,24,6517,2005,26912.0,3689.0,0.19583599999999998,-0.946515,BHR,350290
9900577,24,6517,2006,0.0,4266.0,0.172724,-0.9449879999999999,BHR,350290
9900578,24,6517,2007,0.0,47039.0,0.500846,-0.845449,BHR,350290
9900579,24,6517,2008,0.0,80562.0,0.335334,-0.81372,BHR,350290
9900580,24,6517,2009,0.0,82152.0,0.250645,-0.767742,BHR,350290
9900581,24,6517,2010,0.0,238921.0,0.284356,-0.8362,BHR,350290
9900582,24,6517,2011,0.0,8922.0,0.04085,-0.873711,BHR,350290
9900583,24,6517,2012,0.0,41266.0,0.019798,-0.848549,BHR,350290
9900584,24,6517,2013,0.0,230769.0,0.249681,-0.6204270000000001,BHR,350290
9900585,24,6517,2014,0.0,71636.0,0.460168,-0.41671099999999994,BHR,350290
9900586,24,6517,2015,0.0,1961.0,0.36650900000000003,-0.28735,BHR,350290
9900587,24,6517,2016,0.0,6449.0,0.323348,-0.514446,BHR,350290
9900588,24,6517,2017,0.0,4689.0,0.485479,-0.5348890000000001,BHR,350290
9900589,24,6517,2018,0.0,14426.0,0.318352,-0.69221,BHR,350290
9900590,24,6517,2019,0.0,22816.0,0.378349,-0.621468,BHR,350290
9900591,24,6517,2020,,,0.379085,-0.634111,BHR,350290
9900592,25,6517,1995,0.0,3237.0,0.501206,-0.32106799999999996,BHS,350290
9900593,25,6517,1996,39814.0,0.0,0.363917,-0.380614,BHS,350290
9900594,25,6517,1997,,,0.874886,-0.144043,BHS,350290
9900595,25,6517,1998,0.0,7647.0,1.090167,0.25353000000000003,BHS,350290
9900596,25,6517,1999,0.0,44930.0,0.91869,-0.152588,BHS,350290
9900597,25,6517,2000,0.0,32468.0,0.943368,0.183559,BHS,350290
9900598,25,6517,2001,0.0,23058.0,0.803267,-0.071853,BHS,350290
9900599,25,6517,2002,0.0,2305.0,0.641626,-0.37892800000000004,BHS,350290
9900600,25,6517,2003,0.0,112935.0,0.614422,-0.40984,BHS,350290
9900601,25,6517,2004,0.0,30460.0,0.620432,-0.513724,BHS,350290
9900602,25,6517,2005,0.0,3750.0,0.299331,-0.641232,BHS,350290
9900603,25,6517,2006,0.0,5199.0,0.673694,-0.519608,BHS,350290
9900604,25,6517,2007,0.0,2260.0,0.502698,-0.538612,BHS,350290
9900605,25,6517,2008,0.0,6768.0,0.470359,-0.5418890000000001,BHS,350290
9900606,25,6517,2009,0.0,4009.0,0.5451729999999999,-0.496575,BHS,350290
9900607,25,6517,2010,0.0,1525.0,0.495262,-0.6198779999999999,BHS,350290
9900608,25,6517,2011,0.0,1321.0,0.320669,-0.531655,BHS,350290
9900609,25,6517,2012,0.0,4016.0,0.49453800000000003,-0.405956,BHS,350290
9900610,25,6517,2013,0.0,1187.0,0.756732,-0.369842,BHS,350290
9900611,25,6517,2014,0.0,9397.0,0.314465,-0.60458,BHS,350290
9900612,25,6517,2015,,,0.669493,-0.37838099999999997,BHS,350290
9900613,25,6517,2016,0.0,17033.0,0.605834,-0.430958,BHS,350290
9900614,25,6517,2017,,,0.81944,-0.30649499999999996,BHS,350290
9900615,25,6517,2018,0.0,13804.0,0.532998,-0.394906,BHS,350290
9900616,25,6517,2019,,,-0.10707799999999999,-0.7419720000000001,BHS,350290
9900617,25,6517,2020,,,-0.273982,-0.7174659999999999,BHS,350290
9900618,26,6517,1995,,,0.208931,0.053763,BIH,350290
9900619,26,6517,1996,,,0.679466,0.730425,BIH,350290
9900620,26,6517,1997,0.0,11058.0,0.459512,0.194939,BIH,350290
9900621,26,6517,1998,0.0,18228.0,0.290661,0.18068299999999998,BIH,350290
9900622,26,6517,1999,0.0,1124.0,0.366494,0.298229,BIH,350290
9900623,26,6517,2000,,,0.283451,0.31568,BIH,350290
9900624,26,6517,2001,0.0,3345.0,0.238083,0.362643,BIH,350290
9900625,26,6517,2002,0.0,92600.0,0.26339,0.30287,BIH,350290
9900626,26,6517,2003,0.0,7379.0,0.195667,0.347011,BIH,350290
9900627,26,6517,2004,,,0.385952,0.571774,BIH,350290
9900628,26,6517,2005,,,0.273972,0.468758,BIH,350290
9900629,26,6517,2006,,,0.40788800000000003,0.562854,BIH,350290
9900630,26,6517,2007,0.0,953.0,0.46303199999999994,0.596178,BIH,350290
9900631,26,6517,2008,,,0.480256,0.810361,BIH,350290
9900632,26,6517,2009,,,0.519113,0.762582,BIH,350290
9900633,26,6517,2010,,,0.462275,0.830405,BIH,350290
9900634,26,6517,2011,0.0,1195.0,0.391425,0.6066600000000001,BIH,350290
9900635,26,6517,2012,,,0.519844,0.794082,BIH,350290
9900636,26,6517,2013,0.0,8391.0,0.46743199999999996,0.7340800000000001,BIH,350290
9900637,26,6517,2014,,,0.5083300000000001,0.711704,BIH,350290
9900638,26,6517,2015,,,0.355903,0.723092,BIH,350290
9900639,26,6517,2016,0.0,5249.0,0.47827700000000006,0.5643100000000001,BIH,350290
9900640,26,6517,2017,0.0,38614.0,0.43245,0.726721,BIH,350290
9900641,26,6517,2018,0.0,217570.0,0.526392,0.742398,BIH,350290
9900642,26,6517,2019,0.0,233770.0,0.6525,0.83988,BIH,350290
9900643,26,6517,2020,0.0,78136.0,0.5449470000000001,0.91781,BIH,350290
9900644,27,6517,1995,,,,,BLM,350290
9900645,27,6517,1996,,,,,BLM,350290
9900646,27,6517,1997,,,,,BLM,350290
9900647,27,6517,1998,,,,,BLM,350290
9900648,27,6517,1999,,,,,BLM,350290
9900649,27,6517,2000,,,,,BLM,350290
9900650,27,6517,2001,,,,,BLM,350290
9900651,27,6517,2002,,,,,BLM,350290
9900652,27,6517,2003,,,,,BLM,350290
9900653,27,6517,2004,,,,,BLM,350290
9900654,27,6517,2005,,,,,BLM,350290
9900655,27,6517,2006,,,,,BLM,350290
9900656,27,6517,2007,,,,,BLM,350290
9900657,27,6517,2008,,,,,BLM,350290
9900658,27,6517,2009,,,,,BLM,350290
9900659,27,6517,2010,,,,,BLM,350290
9900660,27,6517,2011,,,,,BLM,350290
9900661,27,6517,2012,,,,,BLM,350290
9900662,27,6517,2013,,,0.975269,-0.301577,BLM,350290
9900663,27,6517,2014,,,0.8636219999999999,-0.499126,BLM,350290
9900664,27,6517,2015,,,0.562426,-0.459475,BLM,350290
9900665,27,6517,2016,,,1.123053,-0.049925,BLM,350290
9900666,27,6517,2017,,,0.49959799999999993,-0.392529,BLM,350290
9900667,27,6517,2018,,,0.773095,-0.104209,BLM,350290
9900668,27,6517,2019,,,0.6343979999999999,-0.19001400000000002,BLM,350290
9900669,27,6517,2020,,,0.8652860000000001,-0.390323,BLM,350290
9900670,28,6517,1995,,,0.5290279999999999,0.27031700000000003,BLR,350290
9900671,28,6517,1996,0.0,4350.0,0.7285550000000001,0.660716,BLR,350290
9900672,28,6517,1997,,,0.563179,0.339149,BLR,350290
9900673,28,6517,1998,9869.0,695394.0,0.9122049999999999,1.161741,BLR,350290
9900674,28,6517,1999,0.0,323165.0,0.7516579999999999,1.169072,BLR,350290
9900675,28,6517,2000,20551.0,156558.0,0.646336,0.8651780000000001,BLR,350290
9900676,28,6517,2001,27945.0,67890.0,0.804404,0.936773,BLR,350290
9900677,28,6517,2002,35463.0,80092.0,0.825865,1.0148979999999999,BLR,350290
9900678,28,6517,2003,34490.0,175763.0,0.847358,0.9307719999999999,BLR,350290
9900679,28,6517,2004,58966.0,145400.0,0.8553139999999999,0.703926,BLR,350290
9900680,28,6517,2005,74704.0,174405.0,0.934699,0.46211800000000003,BLR,350290
9900681,28,6517,2006,100721.0,195633.0,0.919853,0.384409,BLR,350290
9900682,28,6517,2007,120462.0,48965.0,1.0435889999999999,0.415603,BLR,350290
9900683,28,6517,2008,443266.0,123940.0,0.9869,0.38977399999999995,BLR,350290
9900684,28,6517,2009,652836.0,27683.0,0.977663,0.549549,BLR,350290
9900685,28,6517,2010,360813.0,12976.0,0.969851,0.593386,BLR,350290
9900686,28,6517,2011,573066.0,12757.0,0.8786729999999999,0.442097,BLR,350290
9900687,28,6517,2012,444262.0,80669.0,1.066605,0.6785399999999999,BLR,350290
9900688,28,6517,2013,448625.0,61212.0,1.036923,0.864568,BLR,350290
9900689,28,6517,2014,282197.0,135804.0,0.874108,0.676231,BLR,350290
9900690,28,6517,2015,93033.0,222294.0,0.672499,0.5584020000000001,BLR,350290
9900691,28,6517,2016,101783.0,102966.0,0.773807,0.827442,BLR,350290
9900692,28,6517,2017,704855.0,154473.0,0.8115829999999999,0.8323459999999999,BLR,350290
9900693,28,6517,2018,735164.0,358924.0,0.850089,0.8332870000000001,BLR,350290
9900694,28,6517,2019,1269361.0,58059.0,0.7849649999999999,0.8951600000000001,BLR,350290
9900695,28,6517,2020,712211.0,124331.0,0.858776,1.085652,BLR,350290
9900696,29,6517,1995,,,0.019916999999999997,-0.570529,BLZ,350290
9900697,29,6517,1996,,,-0.341173,-0.670063,BLZ,350290
9900698,29,6517,1997,,,-0.46634200000000003,-0.688645,BLZ,350290
9900699,29,6517,1998,,,-0.103154,-0.580854,BLZ,350290
9900700,29,6517,1999,,,-0.5603319999999999,-0.838239,BLZ,350290
9900701,29,6517,2000,,,-0.620384,-0.718677,BLZ,350290
9900702,29,6517,2001,,,-0.297981,-0.695022,BLZ,350290
9900703,29,6517,2002,,,-0.246977,-0.731156,BLZ,350290
9900704,29,6517,2003,,,-0.543555,-0.7596,BLZ,350290
9900705,29,6517,2004,,,-0.355391,-0.662783,BLZ,350290
9900706,29,6517,2005,,,-0.707427,-0.8586860000000001,BLZ,350290
9900707,29,6517,2006,,,-0.584902,-0.82437,BLZ,350290
9900708,29,6517,2007,,,-0.17825,-0.562535,BLZ,350290
9900709,29,6517,2008,,,-0.922266,-0.881167,BLZ,350290
9900710,29,6517,2009,,,-1.0464040000000001,-0.949774,BLZ,350290
9900711,29,6517,2010,,,-0.559172,-0.739977,BLZ,350290
9900712,29,6517,2011,,,-0.382684,-0.581376,BLZ,350290
9900713,29,6517,2012,,,-0.403404,-0.6691159999999999,BLZ,350290
9900714,29,6517,2013,,,-0.35218299999999997,-0.508891,BLZ,350290
9900715,29,6517,2014,,,-0.324446,-0.552126,BLZ,350290
9900716,29,6517,2015,,,-0.24283600000000002,-0.577408,BLZ,350290
9900717,29,6517,2016,,,-0.527601,-0.680647,BLZ,350290
9900718,29,6517,2017,,,-0.284062,-0.711108,BLZ,350290
9900719,29,6517,2018,0.0,21767.0,-0.15867699999999998,-0.6393989999999999,BLZ,350290
9900720,29,6517,2019,,,-0.484834,-0.638616,BLZ,350290
9900721,29,6517,2020,0.0,2307.0,-0.145757,-0.59123,BLZ,350290
9900722,30,6517,1995,0.0,285832.0,0.897532,-0.394633,BMU,350290
9900723,30,6517,1996,,,1.037215,-0.408235,BMU,350290
9900724,30,6517,1997,0.0,341204.0,1.069048,-0.35702399999999995,BMU,350290
9900725,30,6517,1998,,,0.900948,-0.340868,BMU,350290
9900726,30,6517,1999,,,0.659772,-0.357746,BMU,350290
9900727,30,6517,2000,,,0.9415100000000001,-0.466488,BMU,350290
9900728,30,6517,2001,,,1.1006129999999998,-0.5565329999999999,BMU,350290
9900729,30,6517,2002,,,1.129,-0.476633,BMU,350290
9900730,30,6517,2003,0.0,7706.0,0.9966459999999999,-0.5183270000000001,BMU,350290
9900731,30,6517,2004,,,1.024248,-0.499122,BMU,350290
9900732,30,6517,2005,0.0,26191.0,0.324479,-0.701032,BMU,350290
9900733,30,6517,2006,,,0.491259,-0.603062,BMU,350290
9900734,30,6517,2007,,,0.598129,-0.635616,BMU,350290
9900735,30,6517,2008,,,-0.037808999999999995,-0.766089,BMU,350290
9900736,30,6517,2009,,,0.917207,-0.654219,BMU,350290
9900737,30,6517,2010,0.0,27597.0,0.46139300000000005,-0.6651590000000001,BMU,350290
9900738,30,6517,2011,0.0,14631.0,0.576438,-0.48277299999999995,BMU,350290
9900739,30,6517,2012,0.0,35965.0,1.037882,-0.260067,BMU,350290
9900740,30,6517,2013,0.0,24691.0,1.087677,-0.452984,BMU,350290
9900741,30,6517,2014,0.0,26412.0,1.217808,-0.16376300000000002,BMU,350290
9900742,30,6517,2015,0.0,15031.0,0.974592,-0.636426,BMU,350290
9900743,30,6517,2016,0.0,18475.0,0.913218,-0.62813,BMU,350290
9900744,30,6517,2017,0.0,2357.0,1.06318,-0.48345,BMU,350290
9900745,30,6517,2018,0.0,5977.0,0.42484399999999994,-0.70587,BMU,350290
9900746,30,6517,2019,0.0,132826.0,0.875265,-0.498062,BMU,350290
9900747,30,6517,2020,0.0,117663.0,0.6924859999999999,-0.623079,BMU,350290
9900748,31,6517,1995,0.0,7081.0,-0.440583,-0.688389,BOL,350290
9900749,31,6517,1996,0.0,14831.0,-0.589432,-0.7781,BOL,350290
9900750,31,6517,1997,0.0,70831.0,-0.697563,-0.8841479999999999,BOL,350290
9900751,31,6517,1998,0.0,1717.0,-0.49860699999999997,-0.748521,BOL,350290
9900752,31,6517,1999,,,-0.398285,-0.6362,BOL,350290
9900753,31,6517,2000,,,-0.612117,-0.6797479999999999,BOL,350290
9900754,31,6517,2001,0.0,1087.0,-0.680108,-0.678143,BOL,350290
9900755,31,6517,2002,0.0,3153.0,-0.885342,-0.819517,BOL,350290
9900756,31,6517,2003,0.0,21237.0,-0.787995,-0.7228899999999999,BOL,350290
9900757,31,6517,2004,0.0,50907.0,-0.9288489999999999,-0.929884,BOL,350290
9900758,31,6517,2005,0.0,10145.0,-0.968893,-0.862433,BOL,350290
9900759,31,6517,2006,0.0,15002.0,-0.805185,-0.754091,BOL,350290
9900760,31,6517,2007,0.0,7670.0,-1.021595,-0.955375,BOL,350290
9900761,31,6517,2008,0.0,24091.0,-0.852975,-0.88041,BOL,350290
9900762,31,6517,2009,0.0,32025.0,-0.909969,-0.8899879999999999,BOL,350290
9900763,31,6517,2010,0.0,15996.0,-0.83736,-0.812473,BOL,350290
9900764,31,6517,2011,0.0,4653.0,-0.818593,-0.8701770000000001,BOL,350290
9900765,31,6517,2012,,,-0.709307,-0.813228,BOL,350290
9900766,31,6517,2013,0.0,28467.0,-1.039614,-0.95663,BOL,350290
9900767,31,6517,2014,,,-1.129494,-1.030198,BOL,350290
9900768,31,6517,2015,,,-1.051562,-1.067714,BOL,350290
9900769,31,6517,2016,,,-1.061758,-1.041501,BOL,350290
9900770,31,6517,2017,0.0,26466.0,-1.158425,-1.076242,BOL,350290
9900771,31,6517,2018,0.0,30582.0,-1.153953,-1.070749,BOL,350290
9900772,31,6517,2019,76547.0,53543.0,-1.012748,-0.999245,BOL,350290
9900773,31,6517,2020,6663.0,48404.0,-0.835558,-0.9611350000000001,BOL,350290
9900774,32,6517,1995,1319810.0,322575.0,0.687171,1.188647,BRA,350290
9900775,32,6517,1996,1461890.0,455704.0,0.699658,1.271724,BRA,350290
9900776,32,6517,1997,851777.0,1194315.0,0.718336,1.203066,BRA,350290
9900777,32,6517,1998,733102.0,2194773.0,0.768101,1.04589,BRA,350290
9900778,32,6517,1999,520702.0,2387834.0,0.762468,1.191759,BRA,350290
9900779,32,6517,2000,499429.0,2043425.0,0.792556,1.219394,BRA,350290
9900780,32,6517,2001,190856.0,3276656.0,0.672496,1.051848,BRA,350290
9900781,32,6517,2002,69240.0,3599406.0,0.677883,1.0227190000000002,BRA,350290
9900782,32,6517,2003,43316.0,3347017.0,0.660576,1.118876,BRA,350290
9900783,32,6517,2004,7575.0,2669755.0,0.540718,1.149065,BRA,350290
9900784,32,6517,2005,15461.0,3903025.0,0.567638,1.139122,BRA,350290
9900785,32,6517,2006,78564.0,5678788.0,0.633889,1.1474520000000001,BRA,350290
9900786,32,6517,2007,28288.0,11524922.0,0.582859,1.137225,BRA,350290
9900787,32,6517,2008,114754.0,9788479.0,0.444687,0.904332,BRA,350290
9900788,32,6517,2009,1213.0,9430431.0,0.35447199999999995,0.8522360000000001,BRA,350290
9900789,32,6517,2010,94454.0,18025359.0,0.40715500000000004,0.6208100000000001,BRA,350290
9900790,32,6517,2011,2794.0,17304633.0,0.27718400000000004,0.5674319999999999,BRA,350290
9900791,32,6517,2012,0.0,25920184.0,0.305614,0.6357189999999999,BRA,350290
9900792,32,6517,2013,14622.0,44617880.0,0.14765899999999998,0.399262,BRA,350290
9900793,32,6517,2014,12020.0,39039689.0,0.218223,0.556921,BRA,350290
9900794,32,6517,2015,0.0,31939625.0,0.23656799999999997,0.688607,BRA,350290
9900795,32,6517,2016,1403.0,24164381.0,0.245919,0.661809,BRA,350290
9900796,32,6517,2017,0.0,26242118.0,0.145224,0.483461,BRA,350290
9900797,32,6517,2018,121654.0,28133396.0,0.143397,0.582092,BRA,350290
9900798,32,6517,2019,137694.0,33021893.0,0.076947,0.660604,BRA,350290
9900799,32,6517,2020,87127.0,33212718.0,0.054622000000000004,0.532291,BRA,350290
9900800,33,6517,1995,,,1.055447,0.422738,BRB,350290
9900801,33,6517,1996,0.0,4984.0,0.9384979999999999,0.147479,BRB,350290
9900802,33,6517,1997,,,0.896769,0.22225300000000003,BRB,350290
9900803,33,6517,1998,,,0.888487,0.469408,BRB,350290
9900804,33,6517,1999,,,0.878015,0.413308,BRB,350290
9900805,33,6517,2000,0.0,1160.0,0.765428,0.418063,BRB,350290
9900806,33,6517,2001,0.0,58140.0,0.725546,0.172345,BRB,350290
9900807,33,6517,2002,0.0,979.0,0.762217,0.004367,BRB,350290
9900808,33,6517,2003,,,0.744166,0.074191,BRB,350290
9900809,33,6517,2004,0.0,4731.0,0.8541559999999999,0.25895799999999997,BRB,350290
9900810,33,6517,2005,0.0,1416.0,0.916402,0.262466,BRB,350290
9900811,33,6517,2006,0.0,1780.0,0.977267,0.6046560000000001,BRB,350290
9900812,33,6517,2007,0.0,8302.0,1.006332,0.680391,BRB,350290
9900813,33,6517,2008,0.0,3856.0,0.761035,0.615472,BRB,350290
9900814,33,6517,2009,0.0,4684.0,0.8652620000000001,0.796057,BRB,350290
9900815,33,6517,2010,0.0,7622.0,0.7076140000000001,0.434993,BRB,350290
9900816,33,6517,2011,,,0.445982,0.204672,BRB,350290
9900817,33,6517,2012,,,0.6746310000000001,0.45502700000000007,BRB,350290
9900818,33,6517,2013,,,0.6969489999999999,0.135283,BRB,350290
9900819,33,6517,2014,0.0,23030.0,0.44968400000000003,-0.15268900000000002,BRB,350290
9900820,33,6517,2015,,,0.453689,0.039237,BRB,350290
9900821,33,6517,2016,,,0.613282,0.06728200000000001,BRB,350290
9900822,33,6517,2017,0.0,3489.0,0.589793,-0.004488000000000001,BRB,350290
9900823,33,6517,2018,,,0.487166,-0.129388,BRB,350290
9900824,33,6517,2019,,,0.6228199999999999,-0.10803499999999999,BRB,350290
9900825,33,6517,2020,0.0,83382.0,0.666435,0.060089,BRB,350290
9900826,34,6517,1995,,,-0.979701,-0.85456,BRN,350290
9900827,34,6517,1996,0.0,5858.0,-0.848331,-0.779511,BRN,350290
9900828,34,6517,1997,,,-0.092276,-0.772393,BRN,350290
9900829,34,6517,1998,,,-0.445218,-0.833083,BRN,350290
9900830,34,6517,1999,,,-1.417607,-1.011226,BRN,350290
9900831,34,6517,2000,,,-1.603399,-1.027332,BRN,350290
9900832,34,6517,2001,0.0,3054.0,-0.8654209999999999,-0.930599,BRN,350290
9900833,34,6517,2002,,,-1.7894169999999998,-1.034672,BRN,350290
9900834,34,6517,2003,0.0,2438.0,-1.342738,-0.978633,BRN,350290
9900835,34,6517,2004,0.0,2643.0,-1.271325,-1.03277,BRN,350290
9900836,34,6517,2005,0.0,27036.0,-2.009712,-1.02596,BRN,350290
9900837,34,6517,2006,,,-1.331831,-0.9170940000000001,BRN,350290
9900838,34,6517,2007,,,-1.118219,-0.924797,BRN,350290
9900839,34,6517,2008,,,-1.7609099999999998,-0.8835959999999999,BRN,350290
9900840,34,6517,2009,,,-1.371042,-0.9792120000000001,BRN,350290
9900841,34,6517,2010,,,0.717167,-0.764841,BRN,350290
9900842,34,6517,2011,0.0,1776.0,-0.171775,-0.6656810000000001,BRN,350290
9900843,34,6517,2012,,,-2.758339,-0.931008,BRN,350290
9900844,34,6517,2013,0.0,24445.0,-0.866827,-0.795995,BRN,350290
9900845,34,6517,2014,0.0,5111.0,0.191357,-0.683567,BRN,350290
9900846,34,6517,2015,,,1.093564,-0.679211,BRN,350290
9900847,34,6517,2016,,,0.078764,-0.8103670000000001,BRN,350290
9900848,34,6517,2017,0.0,1405.0,0.270525,-0.747949,BRN,350290
9900849,34,6517,2018,,,0.562198,-0.774457,BRN,350290
9900850,34,6517,2019,,,0.9608620000000001,-0.7012619999999999,BRN,350290
9900851,34,6517,2020,,,0.432569,-0.8083779999999999,BRN,350290
9900852,35,6517,1995,,,0.10779000000000001,-0.609193,BTN,350290
9900853,35,6517,1996,,,-0.20093699999999998,-0.754797,BTN,350290
9900854,35,6517,1997,,,0.170623,-0.650595,BTN,350290
9900855,35,6517,1998,,,0.003229,-0.582997,BTN,350290
9900856,35,6517,1999,,,-0.089814,-0.630333,BTN,350290
9900857,35,6517,2000,,,0.44639799999999996,-0.45978199999999997,BTN,350290
9900858,35,6517,2001,,,0.380727,-0.529766,BTN,350290
9900859,35,6517,2002,,,0.23072800000000002,-0.541596,BTN,350290
9900860,35,6517,2003,,,0.22564800000000002,-0.460741,BTN,350290
9900861,35,6517,2004,,,-0.050289,-0.697735,BTN,350290
9900862,35,6517,2005,,,0.0036079999999999997,-0.483849,BTN,350290
9900863,35,6517,2006,,,-0.016287,-0.561397,BTN,350290
9900864,35,6517,2007,,,-0.147438,-0.68999,BTN,350290
9900865,35,6517,2008,,,-0.465287,-0.84941,BTN,350290
9900866,35,6517,2009,,,-0.16578900000000002,-0.7013560000000001,BTN,350290
9900867,35,6517,2010,,,-0.10866300000000001,-0.5950270000000001,BTN,350290
9900868,35,6517,2011,,,-0.022021000000000002,-0.5282439999999999,BTN,350290
9900869,35,6517,2012,0.0,974.0,-0.125782,-0.49636099999999994,BTN,350290
9900870,35,6517,2013,,,-0.065218,-0.787495,BTN,350290
9900871,35,6517,2014,,,-0.24597199999999997,-0.758838,BTN,350290
9900872,35,6517,2015,0.0,4250.0,-0.55347,-0.8795219999999999,BTN,350290
9900873,35,6517,2016,,,-0.28638,-0.8311069999999999,BTN,350290
9900874,35,6517,2017,,,-0.167518,-0.7758520000000001,BTN,350290
9900875,35,6517,2018,,,-0.168694,-0.77871,BTN,350290
9900876,35,6517,2019,,,0.008482,-0.767876,BTN,350290
9900877,35,6517,2020,,,0.108769,-0.728705,BTN,350290
9900878,36,6517,1995,,,,,BVT,350290
9900879,36,6517,1996,,,,,BVT,350290
9900880,36,6517,1997,,,,,BVT,350290
9900881,36,6517,1998,,,,,BVT,350290
9900882,36,6517,1999,,,,,BVT,350290
9900883,36,6517,2000,,,0.23491199999999998,-0.8698319999999999,BVT,350290
9900884,36,6517,2001,,,2.411696,-0.8244940000000001,BVT,350290
9900885,36,6517,2002,,,0.516423,-0.789674,BVT,350290
9900886,36,6517,2003,,,1.6794259999999999,-0.695589,BVT,350290
9900887,36,6517,2004,,,0.5410119999999999,-0.804279,BVT,350290
9900888,36,6517,2005,,,1.31643,-0.701706,BVT,350290
9900889,36,6517,2006,,,0.9683930000000001,-0.6665840000000001,BVT,350290
9900890,36,6517,2007,,,1.1512200000000001,-0.42272,BVT,350290
9900891,36,6517,2008,,,1.7788130000000002,0.183341,BVT,350290
9900892,36,6517,2009,,,0.936732,-0.438837,BVT,350290
9900893,36,6517,2010,,,0.551459,-0.540175,BVT,350290
9900894,36,6517,2011,,,1.467633,-0.050186,BVT,350290
9900895,36,6517,2012,,,1.135468,-0.38882,BVT,350290
9900896,36,6517,2013,,,0.6491520000000001,-0.746413,BVT,350290
9900897,36,6517,2014,,,0.24943099999999999,-0.7255189999999999,BVT,350290
9900898,36,6517,2015,,,0.37751799999999996,-0.843202,BVT,350290
9900899,36,6517,2016,,,1.279944,-0.741259,BVT,350290
9900900,36,6517,2017,,,2.018459,-0.700299,BVT,350290
9900901,36,6517,2018,,,1.0599450000000001,-0.810874,BVT,350290
9900902,36,6517,2019,,,0.9131040000000001,-0.830306,BVT,350290
9900903,36,6517,2020,,,0.295207,-0.873441,BVT,350290
9900904,37,6517,1995,,,,,BWA,350290
9900905,37,6517,1996,,,,,BWA,350290
9900906,37,6517,1997,,,,,BWA,350290
9900907,37,6517,1998,,,,,BWA,350290
9900908,37,6517,1999,,,,,BWA,350290
9900909,37,6517,2000,0.0,23961.0,-0.633691,-1.120255,BWA,350290
9900910,37,6517,2001,0.0,21163.0,-0.42690100000000003,-1.081372,BWA,350290
9900911,37,6517,2002,0.0,52608.0,-0.14025,-1.018399,BWA,350290
9900912,37,6517,2003,0.0,25208.0,-0.517317,-1.1125770000000001,BWA,350290
9900913,37,6517,2004,0.0,58230.0,-0.8574229999999999,-1.191754,BWA,350290
9900914,37,6517,2005,0.0,1130.0,-0.857577,-1.1514229999999999,BWA,350290
9900915,37,6517,2006,0.0,6849.0,-1.0541459999999998,-1.179286,BWA,350290
9900916,37,6517,2007,0.0,2897.0,-0.8557239999999999,-1.1712989999999999,BWA,350290
9900917,37,6517,2008,0.0,37301.0,-0.191616,-0.848397,BWA,350290
9900918,37,6517,2009,0.0,3655.0,-0.008142,-0.599115,BWA,350290
9900919,37,6517,2010,0.0,3353.0,-0.181373,-0.714376,BWA,350290
9900920,37,6517,2011,0.0,9339.0,-0.48782600000000004,-1.051639,BWA,350290
9900921,37,6517,2012,0.0,5711.0,-0.424469,-1.043248,BWA,350290
9900922,37,6517,2013,0.0,67551.0,-0.46761499999999995,-1.0842040000000002,BWA,350290
9900923,37,6517,2014,,,-0.60221,-1.104578,BWA,350290
9900924,37,6517,2015,0.0,3270.0,-0.14164200000000002,-1.0372059999999999,BWA,350290
9900925,37,6517,2016,0.0,2562.0,-0.9927739999999999,-1.260391,BWA,350290
9900926,37,6517,2017,0.0,1704.0,-0.593754,-1.166742,BWA,350290
9900927,37,6517,2018,0.0,1359.0,-0.8339610000000001,-1.184307,BWA,350290
9900928,37,6517,2019,0.0,1294.0,-0.492807,-1.152651,BWA,350290
9900929,37,6517,2020,0.0,5108.0,-0.8696219999999999,-1.195627,BWA,350290
9900930,38,6517,1995,,,-0.378162,-0.6538010000000001,CAF,350290
9900931,38,6517,1996,,,-1.408316,-0.8695579999999999,CAF,350290
9900932,38,6517,1997,,,-1.192158,-0.902408,CAF,350290
9900933,38,6517,1998,,,-0.64861,-0.771349,CAF,350290
9900934,38,6517,1999,,,-1.079509,-0.9015489999999999,CAF,350290
9900935,38,6517,2000,,,-1.222452,-0.947033,CAF,350290
9900936,38,6517,2001,0.0,1268.0,-0.682897,-0.8083140000000001,CAF,350290
9900937,38,6517,2002,,,-0.45315200000000005,-0.764876,CAF,350290
9900938,38,6517,2003,,,-1.342769,-0.905425,CAF,350290
9900939,38,6517,2004,,,-0.683538,-0.8331770000000001,CAF,350290
9900940,38,6517,2005,,,-0.18778399999999998,-0.647926,CAF,350290
9900941,38,6517,2006,,,-0.768791,-0.822677,CAF,350290
9900942,38,6517,2007,,,-0.252459,-0.783634,CAF,350290
9900943,38,6517,2008,,,-0.387367,-0.767895,CAF,350290
9900944,38,6517,2009,,,-0.5777260000000001,-0.839981,CAF,350290
9900945,38,6517,2010,,,0.062649,-0.6461779999999999,CAF,350290
9900946,38,6517,2011,,,-0.318191,-0.68375,CAF,350290
9900947,38,6517,2012,,,-0.264052,-0.727242,CAF,350290
9900948,38,6517,2013,,,-0.268604,-0.606101,CAF,350290
9900949,38,6517,2014,0.0,1490.0,0.695875,0.543384,CAF,350290
9900950,38,6517,2015,,,-0.35029,-0.6630199999999999,CAF,350290
9900951,38,6517,2016,,,-0.43507299999999993,-0.7039300000000001,CAF,350290
9900952,38,6517,2017,,,-0.289049,-0.648497,CAF,350290
9900953,38,6517,2018,,,-0.041318,-0.687923,CAF,350290
9900954,38,6517,2019,,,-0.027091000000000004,-0.7267899999999999,CAF,350290
9900955,38,6517,2020,,,-0.48102700000000004,-0.832994,CAF,350290
9900956,39,6517,1995,3297394.0,2652241.0,1.077804,1.0724200000000002,CAN,350290
9900957,39,6517,1996,2490382.0,3463476.0,1.155706,1.1127049999999998,CAN,350290
9900958,39,6517,1997,2960105.0,6213697.0,1.109494,1.178772,CAN,350290
9900959,39,6517,1998,3356414.0,5845430.0,1.077343,1.119161,CAN,350290
9900960,39,6517,1999,2572967.0,7244170.0,1.083572,1.08026,CAN,350290
9900961,39,6517,2000,5761973.0,9040754.0,1.056577,1.12931,CAN,350290
9900962,39,6517,2001,4921472.0,17674445.0,0.971827,1.105171,CAN,350290
9900963,39,6517,2002,6613418.0,28496205.0,0.9963280000000001,1.1922110000000001,CAN,350290
9900964,39,6517,2003,14405766.0,35122904.0,0.9791540000000001,1.185081,CAN,350290
9900965,39,6517,2004,15944296.0,23475015.0,0.9392739999999999,1.19228,CAN,350290
9900966,39,6517,2005,16632877.0,23803786.0,0.9895149999999999,1.0437459999999998,CAN,350290
9900967,39,6517,2006,10806160.0,22298304.0,0.865685,1.1480489999999999,CAN,350290
9900968,39,6517,2007,5595093.0,35636159.0,0.77681,1.20517,CAN,350290
9900969,39,6517,2008,3795483.0,35780568.0,0.684659,1.085312,CAN,350290
9900970,39,6517,2009,3781665.0,30034944.0,0.6778069999999999,1.278402,CAN,350290
9900971,39,6517,2010,3302962.0,39583175.0,0.752421,1.2208510000000001,CAN,350290
9900972,39,6517,2011,3324945.0,50141023.0,0.754813,1.1967290000000002,CAN,350290
9900973,39,6517,2012,2363616.0,61763334.0,0.693098,1.132064,CAN,350290
9900974,39,6517,2013,2551559.0,58610257.0,0.719649,1.017046,CAN,350290
9900975,39,6517,2014,1636840.0,69276685.0,0.671395,1.024683,CAN,350290
9900976,39,6517,2015,2142310.0,68670630.0,0.695867,1.171676,CAN,350290
9900977,39,6517,2016,1626099.0,92303949.0,0.6579050000000001,1.12259,CAN,350290
9900978,39,6517,2017,1132558.0,84919198.0,0.73897,1.206402,CAN,350290
9900979,39,6517,2018,947347.0,70426613.0,0.666822,1.218593,CAN,350290
9900980,39,6517,2019,1691561.0,85804917.0,0.657292,1.187872,CAN,350290
9900981,39,6517,2020,1813835.0,74725876.0,0.609267,1.1890479999999999,CAN,350290
9900982,40,6517,1995,,,-0.13755,-0.5880850000000001,CCK,350290
9900983,40,6517,1996,,,0.26213400000000003,-0.584997,CCK,350290
9900984,40,6517,1997,,,0.995143,-0.37411300000000003,CCK,350290
9900985,40,6517,1998,,,0.283156,-0.549021,CCK,350290
9900986,40,6517,1999,,,0.697291,-0.48773999999999995,CCK,350290
9900987,40,6517,2000,,,1.171549,-0.33660999999999996,CCK,350290
9900988,40,6517,2001,,,1.5803969999999998,-0.258236,CCK,350290
9900989,40,6517,2002,,,0.908435,-0.47951000000000005,CCK,350290
9900990,40,6517,2003,,,1.2656530000000001,-0.20865999999999998,CCK,350290
9900991,40,6517,2004,,,0.981239,-0.342031,CCK,350290
9900992,40,6517,2005,,,1.1435870000000001,-0.09681000000000001,CCK,350290
9900993,40,6517,2006,,,1.151181,-0.16833900000000002,CCK,350290
9900994,40,6517,2007,,,0.970841,0.04999,CCK,350290
9900995,40,6517,2008,,,1.191492,-0.219504,CCK,350290
9900996,40,6517,2009,,,0.973582,-0.5092479999999999,CCK,350290
9900997,40,6517,2010,,,0.65937,-0.48724399999999995,CCK,350290
9900998,40,6517,2011,,,0.9612229999999999,-0.349571,CCK,350290
9900999,40,6517,2012,,,1.178557,0.175336,CCK,350290
9901000,40,6517,2013,,,1.458176,0.045868,CCK,350290
9901001,40,6517,2014,,,0.8426629999999999,-0.258254,CCK,350290
9901002,40,6517,2015,,,1.2134049999999998,-0.228465,CCK,350290
9901003,40,6517,2016,,,1.5291700000000001,0.030156,CCK,350290
9901004,40,6517,2017,,,1.432778,0.146181,CCK,350290
9901005,40,6517,2018,,,0.8609030000000001,-0.013083000000000001,CCK,350290
9901006,40,6517,2019,,,1.440861,-0.056663,CCK,350290
9901007,40,6517,2020,,,1.373165,0.070636,CCK,350290
9901008,41,6517,1995,324332.0,1331754.0,2.1893029999999998,0.82765,CHE,350290
9901009,41,6517,1996,413914.0,915332.0,2.246238,0.603288,CHE,350290
9901010,41,6517,1997,234143.0,2175246.0,2.280163,0.597819,CHE,350290
9901011,41,6517,1998,136672.0,248669.0,2.252965,0.561806,CHE,350290
9901012,41,6517,1999,274969.0,466728.0,2.189934,0.741428,CHE,350290
9901013,41,6517,2000,2331416.0,519502.0,2.197959,0.489989,CHE,350290
9901014,41,6517,2001,12637607.0,540085.0,2.227246,0.553956,CHE,350290
9901015,41,6517,2002,6243576.0,906018.0,2.218095,0.620946,CHE,350290
9901016,41,6517,2003,8919886.0,1262399.0,2.151037,0.711217,CHE,350290
9901017,41,6517,2004,167413.0,1440585.0,2.151471,0.7196279999999999,CHE,350290
9901018,41,6517,2005,231698.0,3478360.0,2.0461709999999997,0.615855,CHE,350290
9901019,41,6517,2006,368696.0,5551595.0,2.052534,0.515523,CHE,350290
9901020,41,6517,2007,260006.0,6742037.0,2.0198080000000003,0.42277200000000004,CHE,350290
9901021,41,6517,2008,561332.0,8338233.0,1.978404,0.368694,CHE,350290
9901022,41,6517,2009,220155.0,3827681.0,2.124438,0.484861,CHE,350290
9901023,41,6517,2010,706810.0,4849258.0,2.1492080000000002,0.556424,CHE,350290
9901024,41,6517,2011,898768.0,8257713.0,2.2644029999999997,0.406131,CHE,350290
9901025,41,6517,2012,1234496.0,9434325.0,2.060769,0.562718,CHE,350290
9901026,41,6517,2013,1023614.0,10062289.0,2.2104470000000003,0.5403479999999999,CHE,350290
9901027,41,6517,2014,1369763.0,4931692.0,2.2000919999999997,0.65398,CHE,350290
9901028,41,6517,2015,1809784.0,6827263.0,2.306075,0.720781,CHE,350290
9901029,41,6517,2016,2742983.0,4193289.0,2.3488689999999997,0.806291,CHE,350290
9901030,41,6517,2017,4112230.0,6048631.0,2.2557810000000003,0.845459,CHE,350290
9901031,41,6517,2018,4227438.0,11030384.0,2.2324330000000003,0.7801560000000001,CHE,350290
9901032,41,6517,2019,3337984.0,10101293.0,2.1990849999999997,0.8394229999999999,CHE,350290
9901033,41,6517,2020,2266910.0,11959081.0,2.184038,0.900965,CHE,350290
9901034,42,6517,1995,0.0,71985.0,-0.073436,-0.192675,CHL,350290
9901035,42,6517,1996,1914.0,663175.0,-0.052811000000000004,-0.169464,CHL,350290
9901036,42,6517,1997,44416.0,664762.0,0.002791,-0.030604000000000003,CHL,350290
9901037,42,6517,1998,76786.0,1207105.0,0.029706,-0.061149,CHL,350290
9901038,42,6517,1999,168130.0,2102084.0,0.041013,-0.111553,CHL,350290
9901039,42,6517,2000,265552.0,2521989.0,0.068478,-0.053438,CHL,350290
9901040,42,6517,2001,423100.0,1328140.0,-0.004658,-0.002548,CHL,350290
9901041,42,6517,2002,387970.0,556787.0,-0.035264,-0.101796,CHL,350290
9901042,42,6517,2003,0.0,735239.0,-0.06375900000000001,-0.156808,CHL,350290
9901043,42,6517,2004,16304.0,629029.0,-0.07869,-0.33641,CHL,350290
9901044,42,6517,2005,1091.0,1285836.0,-0.168344,-0.43438999999999994,CHL,350290
9901045,42,6517,2006,0.0,438811.0,-0.188298,-0.46778000000000003,CHL,350290
9901046,42,6517,2007,5057.0,4560850.0,-0.306846,-0.57431,CHL,350290
9901047,42,6517,2008,0.0,3086523.0,-0.293985,-0.349554,CHL,350290
9901048,42,6517,2009,0.0,3656456.0,-0.219521,-0.34239,CHL,350290
9901049,42,6517,2010,0.0,5067835.0,-0.34914,-0.459395,CHL,350290
9901050,42,6517,2011,0.0,6403912.0,-0.199877,-0.353009,CHL,350290
9901051,42,6517,2012,12848.0,1608157.0,-0.333891,-0.45610200000000006,CHL,350290
9901052,42,6517,2013,0.0,883193.0,-0.260718,-0.38256100000000004,CHL,350290
9901053,42,6517,2014,0.0,1221391.0,-0.344671,-0.43380799999999997,CHL,350290
9901054,42,6517,2015,2075.0,636185.0,-0.356167,-0.47629399999999994,CHL,350290
9901055,42,6517,2016,2254.0,1005693.0,-0.385519,-0.470495,CHL,350290
9901056,42,6517,2017,899.0,2401827.0,-0.378693,-0.492983,CHL,350290
9901057,42,6517,2018,80652.0,1432841.0,-0.37677,-0.49605299999999997,CHL,350290
9901058,42,6517,2019,0.0,3220678.0,-0.34416199999999997,-0.432674,CHL,350290
9901059,42,6517,2020,0.0,3444336.0,-0.307923,-0.565983,CHL,350290
9901060,43,6517,1995,1737238.0,1738541.0,0.387897,3.2147919999999996,CHN,350290
9901061,43,6517,1996,991495.0,3137992.0,0.404422,3.061344,CHN,350290
9901062,43,6517,1997,2056614.0,2791478.0,0.36051300000000003,3.287322,CHN,350290
9901063,43,6517,1998,385547.0,2905789.0,0.3658,3.231258,CHN,350290
9901064,43,6517,1999,176813.0,8415205.0,0.386094,3.270089,CHN,350290
9901065,43,6517,2000,196414.0,9680345.0,0.478362,3.156111,CHN,350290
9901066,43,6517,2001,579435.0,10283232.0,0.525171,3.092963,CHN,350290
9901067,43,6517,2002,808138.0,1791287.0,0.576746,2.7995520000000003,CHN,350290
9901068,43,6517,2003,880870.0,2819036.0,0.579431,2.773139,CHN,350290
9901069,43,6517,2004,733043.0,9831996.0,0.581548,2.8689880000000003,CHN,350290
9901070,43,6517,2005,1284117.0,8220295.0,0.608256,2.8242220000000002,CHN,350290
9901071,43,6517,2006,1120149.0,28270185.0,0.737888,2.54966,CHN,350290
9901072,43,6517,2007,1849488.0,22246819.0,0.801547,2.321052,CHN,350290
9901073,43,6517,2008,1685014.0,25878077.0,0.929285,1.8917259999999998,CHN,350290
9901074,43,6517,2009,822538.0,45587956.0,0.898623,2.08703,CHN,350290
9901075,43,6517,2010,361474.0,63105272.0,0.922493,2.0176,CHN,350290
9901076,43,6517,2011,1235937.0,126895845.0,1.072299,1.686826,CHN,350290
9901077,43,6517,2012,887224.0,127071148.0,1.095682,1.354837,CHN,350290
9901078,43,6517,2013,3862384.0,176516321.0,1.113767,1.477496,CHN,350290
9901079,43,6517,2014,1913179.0,162567359.0,1.187557,1.222085,CHN,350290
9901080,43,6517,2015,4766574.0,127457276.0,1.077143,1.735757,CHN,350290
9901081,43,6517,2016,2009786.0,126700110.0,1.1073620000000002,1.723098,CHN,350290
9901082,43,6517,2017,717595.0,188220587.0,1.1127790000000002,1.56869,CHN,350290
9901083,43,6517,2018,1544080.0,183847406.0,1.200689,1.2822,CHN,350290
9901084,43,6517,2019,4887091.0,243497123.0,1.196265,1.2258870000000002,CHN,350290
9901085,43,6517,2020,5430338.0,282379090.0,1.187837,1.2237770000000001,CHN,350290
9901086,44,6517,1995,,,-0.781656,-0.74293,CIV,350290
9901087,44,6517,1996,0.0,764.0,-0.8720459999999999,-0.7904479999999999,CIV,350290
9901088,44,6517,1997,,,-0.685339,-0.62129,CIV,350290
9901089,44,6517,1998,0.0,2081.0,-0.75115,-0.753865,CIV,350290
9901090,44,6517,1999,0.0,1639.0,-0.591892,-0.654457,CIV,350290
9901091,44,6517,2000,,,-0.7772640000000001,-0.632181,CIV,350290
9901092,44,6517,2001,0.0,2745.0,-0.715949,-0.524428,CIV,350290
9901093,44,6517,2002,,,-0.816327,-0.711765,CIV,350290
9901094,44,6517,2003,,,-0.699928,-0.723739,CIV,350290
9901095,44,6517,2004,,,-0.8490979999999999,-0.754732,CIV,350290
9901096,44,6517,2005,0.0,14156.0,-0.900386,-0.804689,CIV,350290
9901097,44,6517,2006,0.0,42982.0,-0.8918530000000001,-0.8145819999999999,CIV,350290
9901098,44,6517,2007,0.0,99273.0,-0.9989110000000001,-0.867232,CIV,350290
9901099,44,6517,2008,0.0,4101.0,-0.9806040000000001,-0.730792,CIV,350290
9901100,44,6517,2009,1601.0,0.0,-0.924681,-0.801371,CIV,350290
9901101,44,6517,2010,0.0,3688.0,-1.256641,-0.946767,CIV,350290
9901102,44,6517,2011,0.0,4744.0,-1.069474,-0.867439,CIV,350290
9901103,44,6517,2012,,,-0.9721879999999999,-0.837227,CIV,350290
9901104,44,6517,2013,,,-0.923558,-0.866642,CIV,350290
9901105,44,6517,2014,,,-0.737625,-0.768728,CIV,350290
9901106,44,6517,2015,0.0,1959.0,-0.856142,-0.905292,CIV,350290
9901107,44,6517,2016,0.0,2366.0,-0.88415,-0.8122689999999999,CIV,350290
9901108,44,6517,2017,,,-0.784119,-0.904135,CIV,350290
9901109,44,6517,2018,,,-0.8733569999999999,-0.8443139999999999,CIV,350290
9901110,44,6517,2019,0.0,1912.0,-0.9916719999999999,-0.960625,CIV,350290
9901111,44,6517,2020,0.0,2130.0,-1.2299200000000001,-1.095777,CIV,350290
9901112,45,6517,1995,0.0,141551.0,-1.121716,-0.9758020000000001,CMR,350290
9901113,45,6517,1996,0.0,88727.0,-1.4036309999999999,-1.090633,CMR,350290
9901114,45,6517,1997,0.0,26747.0,-1.205482,-1.015714,CMR,350290
9901115,45,6517,1998,0.0,950.0,-1.8845029999999998,-1.250205,CMR,350290
9901116,45,6517,1999,,,-1.7392470000000002,-1.241373,CMR,350290
9901117,45,6517,2000,,,-1.547715,-1.161125,CMR,350290
9901118,45,6517,2001,,,-1.6254879999999998,-1.212513,CMR,350290
9901119,45,6517,2002,0.0,2864.0,-1.114477,-1.0516510000000001,CMR,350290
9901120,45,6517,2003,,,-1.254788,-1.10897,CMR,350290
9901121,45,6517,2004,0.0,1516.0,-1.604916,-1.217399,CMR,350290
9901122,45,6517,2005,,,-1.5648739999999999,-1.210117,CMR,350290
9901123,45,6517,2006,,,-1.358873,-1.1511360000000002,CMR,350290
9901124,45,6517,2007,0.0,42877.0,-0.821623,-0.965601,CMR,350290
9901125,45,6517,2008,0.0,23929.0,-1.143808,-1.0725,CMR,350290
9901126,45,6517,2009,0.0,9492.0,-1.128734,-1.022546,CMR,350290
9901127,45,6517,2010,0.0,64083.0,-1.114209,-1.0127899999999999,CMR,350290
9901128,45,6517,2011,0.0,12063.0,-0.7956340000000001,-0.8532790000000001,CMR,350290
9901129,45,6517,2012,0.0,69622.0,-1.0127030000000001,-1.011776,CMR,350290
9901130,45,6517,2013,0.0,1087.0,-0.901531,-1.027111,CMR,350290
9901131,45,6517,2014,,,-0.6723520000000001,-0.945084,CMR,350290
9901132,45,6517,2015,,,-0.924366,-1.040721,CMR,350290
9901133,45,6517,2016,,,-1.086484,-1.0725559999999998,CMR,350290
9901134,45,6517,2017,,,-1.048569,-1.030799,CMR,350290
9901135,45,6517,2018,,,-1.366619,-1.09894,CMR,350290
9901136,45,6517,2019,,,-1.461279,-1.214274,CMR,350290
9901137,45,6517,2020,0.0,6674.0,-1.379365,-1.177022,CMR,350290
9901138,46,6517,1995,,,-1.4672459999999998,-1.0777139999999998,COD,350290
9901139,46,6517,1996,,,-1.2167,-1.086508,COD,350290
9901140,46,6517,1997,,,-1.274443,-1.073668,COD,350290
9901141,46,6517,1998,,,-1.753881,-1.201073,COD,350290
9901142,46,6517,1999,,,-1.4871290000000001,-1.1859620000000002,COD,350290
9901143,46,6517,2000,,,-0.902222,-1.068924,COD,350290
9901144,46,6517,2001,0.0,9816.0,-1.421643,-1.154007,COD,350290
9901145,46,6517,2002,,,-1.2657370000000001,-1.108659,COD,350290
9901146,46,6517,2003,,,-1.366232,-1.0778860000000001,COD,350290
9901147,46,6517,2004,,,-1.405291,-1.108962,COD,350290
9901148,46,6517,2005,,,-1.7843189999999998,-1.155135,COD,350290
9901149,46,6517,2006,0.0,6799.0,-1.542137,-1.086494,COD,350290
9901150,46,6517,2007,0.0,3165.0,-1.507664,-1.111844,COD,350290
9901151,46,6517,2008,0.0,1845.0,-1.513117,-1.141895,COD,350290
9901152,46,6517,2009,,,-1.532165,-1.160269,COD,350290
9901153,46,6517,2010,0.0,1217.0,-1.465101,-1.139909,COD,350290
9901154,46,6517,2011,0.0,41452.0,-0.722957,-0.965141,COD,350290
9901155,46,6517,2012,0.0,20383.0,-1.442925,-1.170333,COD,350290
9901156,46,6517,2013,0.0,14578.0,-1.300125,-1.0708010000000001,COD,350290
9901157,46,6517,2014,,,-1.6680240000000002,-1.1265129999999999,COD,350290
9901158,46,6517,2015,,,-1.3921290000000002,-1.146549,COD,350290
9901159,46,6517,2016,0.0,158958.0,-1.136472,-1.109177,COD,350290
9901160,46,6517,2017,,,-1.3960569999999999,-1.126784,COD,350290
9901161,46,6517,2018,,,-1.743034,-1.20446,COD,350290
9901162,46,6517,2019,,,-1.2685879999999998,-1.148403,COD,350290
9901163,46,6517,2020,0.0,5689.0,-1.538455,-1.1857659999999999,COD,350290
9901164,47,6517,1995,,,-0.648521,-1.0392190000000001,COG,350290
9901165,47,6517,1996,,,-1.522142,-1.165936,COG,350290
9901166,47,6517,1997,,,-1.58904,-1.1557979999999999,COG,350290
9901167,47,6517,1998,,,-1.404207,-1.133436,COG,350290
9901168,47,6517,1999,,,-1.2759120000000002,-1.1418030000000001,COG,350290
9901169,47,6517,2000,,,-1.862839,-1.214684,COG,350290
9901170,47,6517,2001,,,-1.482788,-1.172,COG,350290
9901171,47,6517,2002,0.0,13312.0,-1.62227,-1.202067,COG,350290
9901172,47,6517,2003,,,-1.6789619999999998,-1.182557,COG,350290
9901173,47,6517,2004,,,-1.610222,-1.184921,COG,350290
9901174,47,6517,2005,,,-1.648425,-1.1852040000000001,COG,350290
9901175,47,6517,2006,,,-1.9903240000000002,-1.189925,COG,350290
9901176,47,6517,2007,0.0,13327.0,-1.88462,-1.22688,COG,350290
9901177,47,6517,2008,,,-2.2772799999999997,-1.216089,COG,350290
9901178,47,6517,2009,,,-1.466289,-1.201249,COG,350290
9901179,47,6517,2010,,,-1.536434,-1.175338,COG,350290
9901180,47,6517,2011,,,-0.979359,-1.084589,COG,350290
9901181,47,6517,2012,,,-1.210442,-1.086805,COG,350290
9901182,47,6517,2013,,,-1.215681,-1.08679,COG,350290
9901183,47,6517,2014,0.0,1407.0,-1.371624,-1.12468,COG,350290
9901184,47,6517,2015,0.0,801.0,-1.294823,-1.18811,COG,350290
9901185,47,6517,2016,0.0,345.0,-0.718731,-1.0663799999999999,COG,350290
9901186,47,6517,2017,,,-1.2289780000000001,-1.169368,COG,350290
9901187,47,6517,2018,,,-1.52875,-1.1869100000000001,COG,350290
9901188,47,6517,2019,,,-1.305193,-1.162808,COG,350290
9901189,47,6517,2020,,,-1.580638,-1.2020870000000001,COG,350290
9901190,48,6517,1995,,,0.15283,-0.45298,COK,350290
9901191,48,6517,1996,,,0.053446,-0.556272,COK,350290
9901192,48,6517,1997,,,0.021011000000000002,-0.432936,COK,350290
9901193,48,6517,1998,,,-0.18348399999999998,-0.650889,COK,350290
9901194,48,6517,1999,,,0.086577,-0.604988,COK,350290
9901195,48,6517,2000,,,-0.185791,-0.7267359999999999,COK,350290
9901196,48,6517,2001,,,-0.003435,-0.72313,COK,350290
9901197,48,6517,2002,,,0.22351300000000002,-0.5197729999999999,COK,350290
9901198,48,6517,2003,,,0.327914,-0.466681,COK,350290
9901199,48,6517,2004,,,0.10636,-0.652109,COK,350290
9901200,48,6517,2005,,,0.039373000000000005,-0.649169,COK,350290
9901201,48,6517,2006,,,0.564179,-0.296135,COK,350290
9901202,48,6517,2007,,,0.0857,-0.604571,COK,350290
9901203,48,6517,2008,,,0.49011400000000005,-0.550991,COK,350290
9901204,48,6517,2009,,,0.291299,-0.477813,COK,350290
9901205,48,6517,2010,,,0.366399,-0.555715,COK,350290
9901206,48,6517,2011,,,0.053038,-0.521486,COK,350290
9901207,48,6517,2012,,,0.036403,-0.633828,COK,350290
9901208,48,6517,2013,,,0.483939,-0.42226400000000003,COK,350290
9901209,48,6517,2014,,,0.151329,-0.693285,COK,350290
9901210,48,6517,2015,,,0.388457,-0.682666,COK,350290
9901211,48,6517,2016,,,0.20994699999999997,-0.791095,COK,350290
9901212,48,6517,2017,,,0.154051,-0.74144,COK,350290
9901213,48,6517,2018,,,0.716123,-0.631445,COK,350290
9901214,48,6517,2019,,,0.430439,-0.7410720000000001,COK,350290
9901215,48,6517,2020,,,0.20487800000000003,-0.696278,COK,350290
9901216,49,6517,1995,0.0,56218.0,0.094335,0.13047999999999998,COL,350290
9901217,49,6517,1996,0.0,185786.0,0.136487,0.078743,COL,350290
9901218,49,6517,1997,0.0,132295.0,0.190632,0.068001,COL,350290
9901219,49,6517,1998,0.0,209685.0,0.205004,0.13985899999999998,COL,350290
9901220,49,6517,1999,13492.0,133201.0,0.190667,0.136271,COL,350290
9901221,49,6517,2000,24761.0,186177.0,0.299592,0.320885,COL,350290
9901222,49,6517,2001,0.0,217414.0,0.30412,0.395913,COL,350290
9901223,49,6517,2002,0.0,576391.0,0.345094,0.37787800000000005,COL,350290
9901224,49,6517,2003,17434.0,420810.0,0.218336,0.376869,COL,350290
9901225,49,6517,2004,6084.0,903331.0,0.033128,0.47524799999999995,COL,350290
9901226,49,6517,2005,3054.0,1404022.0,0.077191,0.47193500000000005,COL,350290
9901227,49,6517,2006,3041.0,1823875.0,0.129887,0.44371700000000003,COL,350290
9901228,49,6517,2007,0.0,1553126.0,0.118341,0.557699,COL,350290
9901229,49,6517,2008,0.0,2829478.0,0.19505699999999998,0.566189,COL,350290
9901230,49,6517,2009,0.0,2276065.0,0.263416,0.38947,COL,350290
9901231,49,6517,2010,10007.0,2899927.0,0.097222,-0.064328,COL,350290
9901232,49,6517,2011,13479.0,2849517.0,0.14336600000000002,-0.22996,COL,350290
9901233,49,6517,2012,1626121.0,2352748.0,0.15523699999999999,-0.30749099999999996,COL,350290
9901234,49,6517,2013,0.0,3481291.0,0.121799,-0.388239,COL,350290
9901235,49,6517,2014,4367.0,5371304.0,0.19864500000000002,-0.378364,COL,350290
9901236,49,6517,2015,0.0,4191376.0,0.156383,-0.183055,COL,350290
9901237,49,6517,2016,556830.0,6346410.0,0.10205700000000001,-0.155574,COL,350290
9901238,49,6517,2017,2735.0,5733644.0,0.208096,-0.17644300000000002,COL,350290
9901239,49,6517,2018,0.0,4393781.0,0.20431,-0.15273699999999998,COL,350290
9901240,49,6517,2019,0.0,6291047.0,0.099936,-0.15568800000000002,COL,350290
9901241,49,6517,2020,0.0,5080036.0,0.115954,0.104558,COL,350290
9901242,50,6517,1995,0.0,7676.0,-0.125195,-0.6788930000000001,COM,350290
9901243,50,6517,1996,0.0,10358.0,-1.007044,-0.833519,COM,350290
9901244,50,6517,1997,,,0.42716899999999997,-0.618352,COM,350290
9901245,50,6517,1998,,,0.242641,-0.6324069999999999,COM,350290
9901246,50,6517,1999,,,0.57439,-0.576433,COM,350290
9901247,50,6517,2000,,,-0.9233299999999999,-0.9126479999999999,COM,350290
9901248,50,6517,2001,,,-0.24810700000000002,-0.832764,COM,350290
9901249,50,6517,2002,,,-0.95335,-0.916942,COM,350290
9901250,50,6517,2003,,,-0.675377,-0.791014,COM,350290
9901251,50,6517,2004,,,-0.581058,-0.8678309999999999,COM,350290
9901252,50,6517,2005,,,-0.6264,-0.853095,COM,350290
9901253,50,6517,2006,,,-0.5214300000000001,-0.8452149999999999,COM,350290
9901254,50,6517,2007,,,-0.956375,-0.964842,COM,350290
9901255,50,6517,2008,,,-0.101412,-0.841565,COM,350290
9901256,50,6517,2009,,,0.080831,-0.7148760000000001,COM,350290
9901257,50,6517,2010,0.0,6574.0,0.8640059999999999,-0.6108180000000001,COM,350290
9901258,50,6517,2011,,,0.449788,-0.533709,COM,350290
9901259,50,6517,2012,,,-0.044716000000000006,-0.716491,COM,350290
9901260,50,6517,2013,,,-0.326422,-0.6956640000000001,COM,350290
9901261,50,6517,2014,,,-0.19200699999999998,-0.761303,COM,350290
9901262,50,6517,2015,,,-0.551674,-0.867288,COM,350290
9901263,50,6517,2016,,,-0.520849,-0.8678040000000001,COM,350290
9901264,50,6517,2017,,,-0.880647,-0.927383,COM,350290
9901265,50,6517,2018,,,-0.472937,-0.8866280000000001,COM,350290
9901266,50,6517,2019,,,0.21475,-0.737725,COM,350290
9901267,50,6517,2020,,,-0.314278,-0.86393,COM,350290
9901268,51,6517,1995,,,0.302241,-0.532841,CPV,350290
9901269,51,6517,1996,,,0.247925,-0.512776,CPV,350290
9901270,51,6517,1997,,,1.154102,-0.255423,CPV,350290
9901271,51,6517,1998,,,0.61526,-0.455517,CPV,350290
9901272,51,6517,1999,0.0,2625.0,0.783048,-0.442508,CPV,350290
9901273,51,6517,2000,0.0,14411.0,0.434429,-0.218505,CPV,350290
9901274,51,6517,2001,,,0.063802,-0.456617,CPV,350290
9901275,51,6517,2002,0.0,18896.0,-0.29720100000000005,-0.703051,CPV,350290
9901276,51,6517,2003,,,0.070649,-0.541279,CPV,350290
9901277,51,6517,2004,,,-0.160185,-0.729291,CPV,350290
9901278,51,6517,2005,0.0,3381.0,0.12126400000000001,-0.44637899999999997,CPV,350290
9901279,51,6517,2006,0.0,9723.0,0.369814,-0.414812,CPV,350290
9901280,51,6517,2007,,,0.289375,-0.295194,CPV,350290
9901281,51,6517,2008,,,0.16722,-0.64183,CPV,350290
9901282,51,6517,2009,,,0.32592600000000005,-0.531697,CPV,350290
9901283,51,6517,2010,,,0.140658,-0.527468,CPV,350290
9901284,51,6517,2011,,,0.006139,-0.610237,CPV,350290
9901285,51,6517,2012,,,-0.049047,-0.541215,CPV,350290
9901286,51,6517,2013,,,-0.75058,-0.8948219999999999,CPV,350290
9901287,51,6517,2014,,,-0.182368,-0.7136359999999999,CPV,350290
9901288,51,6517,2015,,,-0.263621,-0.772158,CPV,350290
9901289,51,6517,2016,,,0.264883,-0.580199,CPV,350290
9901290,51,6517,2017,,,-0.11722300000000001,-0.677707,CPV,350290
9901291,51,6517,2018,,,-0.319064,-0.8615659999999999,CPV,350290
9901292,51,6517,2019,,,-0.094961,-0.751246,CPV,350290
9901293,51,6517,2020,,,-0.235719,-0.746113,CPV,350290
9901294,52,6517,1995,0.0,19662.0,-0.30094699999999996,-0.046285,CRI,350290
9901295,52,6517,1996,0.0,34882.0,-0.34219499999999997,0.12221900000000001,CRI,350290
9901296,52,6517,1997,0.0,20372.0,-0.25974200000000003,0.196955,CRI,350290
9901297,52,6517,1998,0.0,46747.0,-0.26046199999999997,-0.059391,CRI,350290
9901298,52,6517,1999,0.0,145924.0,-0.310033,-0.299529,CRI,350290
9901299,52,6517,2000,0.0,143946.0,-0.095295,-0.189881,CRI,350290
9901300,52,6517,2001,0.0,51934.0,0.069458,-0.042793,CRI,350290
9901301,52,6517,2002,0.0,49823.0,0.03619,-0.187718,CRI,350290
9901302,52,6517,2003,0.0,31921.0,-0.193904,-0.5049680000000001,CRI,350290
9901303,52,6517,2004,0.0,16339.0,-0.043266000000000006,-0.376239,CRI,350290
9901304,52,6517,2005,0.0,21061.0,-0.06424099999999999,-0.370622,CRI,350290
9901305,52,6517,2006,977.0,55211.0,0.042663,-0.376672,CRI,350290
9901306,52,6517,2007,9656.0,445390.0,0.001895,-0.30248600000000003,CRI,350290
9901307,52,6517,2008,0.0,230468.0,0.023962,-0.346029,CRI,350290
9901308,52,6517,2009,0.0,330894.0,-0.142465,-0.669277,CRI,350290
9901309,52,6517,2010,0.0,267085.0,-0.122722,-0.7062069999999999,CRI,350290
9901310,52,6517,2011,0.0,669422.0,0.04325,-0.553193,CRI,350290
9901311,52,6517,2012,0.0,678978.0,0.176669,-0.649094,CRI,350290
9901312,52,6517,2013,0.0,455751.0,0.067379,-0.688217,CRI,350290
9901313,52,6517,2014,0.0,519432.0,0.065938,-0.687971,CRI,350290
9901314,52,6517,2015,0.0,716990.0,0.24859699999999998,-0.033143,CRI,350290
9901315,52,6517,2016,2694.0,332808.0,0.204591,-0.18279600000000001,CRI,350290
9901316,52,6517,2017,2177.0,530725.0,0.288642,-0.056219000000000005,CRI,350290
9901317,52,6517,2018,5288.0,442317.0,0.19386,0.05811,CRI,350290
9901318,52,6517,2019,0.0,647990.0,0.38045,0.08960900000000001,CRI,350290
9901319,52,6517,2020,10471.0,391490.0,0.303849,-0.114494,CRI,350290
9901320,53,6517,1995,,,,,CSK,350290
9901321,53,6517,1996,,,,,CSK,350290
9901322,53,6517,1997,,,,,CSK,350290
9901323,53,6517,1998,,,,,CSK,350290
9901324,53,6517,1999,,,,,CSK,350290
9901325,53,6517,2000,,,,,CSK,350290
9901326,53,6517,2001,,,,,CSK,350290
9901327,53,6517,2002,,,,,CSK,350290
9901328,53,6517,2003,,,,,CSK,350290
9901329,53,6517,2004,,,,,CSK,350290
9901330,53,6517,2005,,,,,CSK,350290
9901331,53,6517,2006,,,,,CSK,350290
9901332,53,6517,2007,,,,,CSK,350290
9901333,53,6517,2008,,,,,CSK,350290
9901334,53,6517,2009,,,,,CSK,350290
9901335,53,6517,2010,,,,,CSK,350290
9901336,53,6517,2011,,,,,CSK,350290
9901337,53,6517,2012,,,,,CSK,350290
9901338,53,6517,2013,,,,,CSK,350290
9901339,53,6517,2014,,,,,CSK,350290
9901340,53,6517,2015,,,,,CSK,350290
9901341,53,6517,2016,,,,,CSK,350290
9901342,53,6517,2017,,,,,CSK,350290
9901343,53,6517,2018,,,,,CSK,350290
9901344,53,6517,2019,,,,,CSK,350290
9901345,53,6517,2020,,,,,CSK,350290
9901346,54,6517,1995,0.0,2050.0,-0.315644,-0.8812110000000001,CUB,350290
9901347,54,6517,1996,8693.0,26588.0,-0.555246,-1.0420479999999999,CUB,350290
9901348,54,6517,1997,13376.0,2312.0,-0.403192,-1.041751,CUB,350290
9901349,54,6517,1998,0.0,163487.0,-0.349393,-0.9927889999999999,CUB,350290
9901350,54,6517,1999,1015.0,77201.0,-0.152322,-0.8734270000000001,CUB,350290
9901351,54,6517,2000,0.0,65807.0,-0.338457,-0.9391370000000001,CUB,350290
9901352,54,6517,2001,23544.0,34983.0,-0.443391,-0.9599030000000001,CUB,350290
9901353,54,6517,2002,3153.0,44137.0,-0.479213,-0.951203,CUB,350290
9901354,54,6517,2003,0.0,60510.0,-0.391515,-0.8562120000000001,CUB,350290
9901355,54,6517,2004,0.0,73901.0,-0.040541,-0.634675,CUB,350290
9901356,54,6517,2005,0.0,60626.0,0.00695,-0.611843,CUB,350290
9901357,54,6517,2006,0.0,65128.0,0.204039,-0.5183260000000001,CUB,350290
9901358,54,6517,2007,,,-0.308053,-0.8740610000000001,CUB,350290
9901359,54,6517,2008,0.0,6786.0,-0.23158299999999998,-0.892943,CUB,350290
9901360,54,6517,2009,0.0,26980.0,0.188114,-0.819958,CUB,350290
9901361,54,6517,2010,0.0,115573.0,-0.085462,-0.885019,CUB,350290
9901362,54,6517,2011,0.0,91195.0,-0.050093,-0.88759,CUB,350290
9901363,54,6517,2012,0.0,49025.0,0.129383,-0.7444609999999999,CUB,350290
9901364,54,6517,2013,0.0,1078986.0,-0.019956,-0.7873319999999999,CUB,350290
9901365,54,6517,2014,0.0,1022321.0,-0.476786,-0.952291,CUB,350290
9901366,54,6517,2015,0.0,898016.0,-0.694839,-1.093439,CUB,350290
9901367,54,6517,2016,0.0,744353.0,-0.602309,-1.0781120000000002,CUB,350290
9901368,54,6517,2017,0.0,22248.0,-0.77404,-1.121084,CUB,350290
9901369,54,6517,2018,0.0,14800.0,-0.8835629999999999,-1.15678,CUB,350290
9901370,54,6517,2019,0.0,19744.0,-0.880892,-1.141591,CUB,350290
9901371,54,6517,2020,0.0,6748.0,-1.171456,-1.224365,CUB,350290
9901372,55,6517,1995,,,,,CUW,350290
9901373,55,6517,1996,,,,,CUW,350290
9901374,55,6517,1997,,,,,CUW,350290
9901375,55,6517,1998,,,,,CUW,350290
9901376,55,6517,1999,,,,,CUW,350290
9901377,55,6517,2000,,,,,CUW,350290
9901378,55,6517,2001,,,,,CUW,350290
9901379,55,6517,2002,,,,,CUW,350290
9901380,55,6517,2003,,,,,CUW,350290
9901381,55,6517,2004,,,,,CUW,350290
9901382,55,6517,2005,,,,,CUW,350290
9901383,55,6517,2006,,,,,CUW,350290
9901384,55,6517,2007,,,,,CUW,350290
9901385,55,6517,2008,,,,,CUW,350290
9901386,55,6517,2009,,,,,CUW,350290
9901387,55,6517,2010,,,,,CUW,350290
9901388,55,6517,2011,,,-0.052038,-0.69103,CUW,350290
9901389,55,6517,2012,787797.0,0.0,0.233821,-0.6050260000000001,CUW,350290
9901390,55,6517,2013,,,0.029981999999999998,-0.673439,CUW,350290
9901391,55,6517,2014,,,-0.00902,-0.683643,CUW,350290
9901392,55,6517,2015,,,0.296267,-0.6313350000000001,CUW,350290
9901393,55,6517,2016,,,0.232855,-0.7864260000000001,CUW,350290
9901394,55,6517,2017,,,0.161139,-0.591701,CUW,350290
9901395,55,6517,2018,0.0,4430.0,0.8093,-0.325347,CUW,350290
9901396,55,6517,2019,0.0,18010.0,0.808621,-0.225196,CUW,350290
9901397,55,6517,2020,,,0.543866,0.190664,CUW,350290
9901398,56,6517,1995,,,0.732028,-0.6130260000000001,CXR,350290
9901399,56,6517,1996,,,0.8724709999999999,-0.499449,CXR,350290
9901400,56,6517,1997,,,0.5604020000000001,-0.6793130000000001,CXR,350290
9901401,56,6517,1998,,,0.6067859999999999,-0.706703,CXR,350290
9901402,56,6517,1999,,,0.601561,-0.755731,CXR,350290
9901403,56,6517,2000,,,0.666367,-0.7077979999999999,CXR,350290
9901404,56,6517,2001,,,1.0924479999999999,-0.7587689999999999,CXR,350290
9901405,56,6517,2002,,,0.46379,-0.7096319999999999,CXR,350290
9901406,56,6517,2003,,,1.019324,-0.439778,CXR,350290
9901407,56,6517,2004,,,0.590055,-0.721742,CXR,350290
9901408,56,6517,2005,,,1.737368,-0.445572,CXR,350290
9901409,56,6517,2006,,,0.8348770000000001,-0.52778,CXR,350290
9901410,56,6517,2007,,,1.550877,-0.177793,CXR,350290
9901411,56,6517,2008,,,1.184962,-0.607034,CXR,350290
9901412,56,6517,2009,,,0.883293,-0.597838,CXR,350290
9901413,56,6517,2010,,,1.1423379999999999,-0.560075,CXR,350290
9901414,56,6517,2011,,,1.020805,-0.485573,CXR,350290
9901415,56,6517,2012,,,0.850045,-0.52785,CXR,350290
9901416,56,6517,2013,,,0.972676,-0.5206729999999999,CXR,350290
9901417,56,6517,2014,,,0.738877,-0.520547,CXR,350290
9901418,56,6517,2015,,,0.33029400000000003,-0.725431,CXR,350290
9901419,56,6517,2016,,,0.810517,-0.598503,CXR,350290
9901420,56,6517,2017,,,0.46829799999999994,-0.442316,CXR,350290
9901421,56,6517,2018,,,0.449025,-0.7264149999999999,CXR,350290
9901422,56,6517,2019,,,1.097952,-0.513787,CXR,350290
9901423,56,6517,2020,,,1.410875,-0.415195,CXR,350290
9901424,57,6517,1995,,,1.277032,0.064205,CYM,350290
9901425,57,6517,1996,0.0,7199.0,0.532622,-0.428501,CYM,350290
9901426,57,6517,1997,,,0.504191,-0.512525,CYM,350290
9901427,57,6517,1998,,,0.924544,-0.39263899999999996,CYM,350290
9901428,57,6517,1999,,,0.909416,-0.6302800000000001,CYM,350290
9901429,57,6517,2000,,,0.763021,-0.7265199999999999,CYM,350290
9901430,57,6517,2001,,,0.611577,-0.6532939999999999,CYM,350290
9901431,57,6517,2002,,,0.7098220000000001,-0.633359,CYM,350290
9901432,57,6517,2003,,,0.308768,-0.690944,CYM,350290
9901433,57,6517,2004,,,0.349925,-0.794084,CYM,350290
9901434,57,6517,2005,0.0,3716.0,0.363006,-0.734404,CYM,350290
9901435,57,6517,2006,,,0.7708189999999999,-0.648112,CYM,350290
9901436,57,6517,2007,,,0.532926,-0.54101,CYM,350290
9901437,57,6517,2008,,,0.862348,-0.708601,CYM,350290
9901438,57,6517,2009,,,0.805117,-0.684305,CYM,350290
9901439,57,6517,2010,,,1.2142959999999998,-0.6487430000000001,CYM,350290
9901440,57,6517,2011,,,0.665662,-0.678581,CYM,350290
9901441,57,6517,2012,,,1.172677,-0.616959,CYM,350290
9901442,57,6517,2013,,,0.391996,-0.73249,CYM,350290
9901443,57,6517,2014,,,1.199562,-0.66969,CYM,350290
9901444,57,6517,2015,,,0.275472,-0.831835,CYM,350290
9901445,57,6517,2016,,,1.045587,-0.779983,CYM,350290
9901446,57,6517,2017,0.0,2576.0,1.105397,-0.794764,CYM,350290
9901447,57,6517,2018,,,-0.194933,-0.930874,CYM,350290
9901448,57,6517,2019,,,0.27157800000000004,-0.901875,CYM,350290
9901449,57,6517,2020,,,-0.007386,-0.878251,CYM,350290
9901450,58,6517,1995,0.0,5500.0,0.263764,0.030358999999999997,CYP,350290
9901451,58,6517,1996,0.0,6437.0,0.20007,0.020590999999999998,CYP,350290
9901452,58,6517,1997,0.0,2831.0,0.451212,0.452754,CYP,350290
9901453,58,6517,1998,0.0,17661.0,0.45990600000000004,0.41840299999999997,CYP,350290
9901454,58,6517,1999,,,0.508464,0.324706,CYP,350290
9901455,58,6517,2000,,,0.235843,0.16877,CYP,350290
9901456,58,6517,2001,0.0,1739.0,0.381251,0.257802,CYP,350290
9901457,58,6517,2002,807.0,1961.0,0.381391,0.40265,CYP,350290
9901458,58,6517,2003,3222.0,7445.0,0.259992,0.068914,CYP,350290
9901459,58,6517,2004,0.0,3620.0,0.533521,0.615939,CYP,350290
9901460,58,6517,2005,0.0,21347.0,0.573122,0.474224,CYP,350290
9901461,58,6517,2006,0.0,76346.0,0.708267,-0.048096,CYP,350290
9901462,58,6517,2007,0.0,71153.0,0.887351,0.426331,CYP,350290
9901463,58,6517,2008,1426.0,109665.0,1.003211,0.712629,CYP,350290
9901464,58,6517,2009,0.0,196023.0,0.934193,0.657555,CYP,350290
9901465,58,6517,2010,66589.0,188425.0,0.8776450000000001,0.568389,CYP,350290
9901466,58,6517,2011,112337.0,174951.0,0.798165,0.424179,CYP,350290
9901467,58,6517,2012,0.0,285632.0,0.691646,0.11984600000000001,CYP,350290
9901468,58,6517,2013,2576.0,380118.0,0.502238,0.349608,CYP,350290
9901469,58,6517,2014,0.0,535133.0,0.627467,0.483725,CYP,350290
9901470,58,6517,2015,0.0,431449.0,0.511225,-0.207261,CYP,350290
9901471,58,6517,2016,12880.0,326881.0,0.40822800000000004,0.07535,CYP,350290
9901472,58,6517,2017,0.0,302386.0,0.576982,0.279989,CYP,350290
9901473,58,6517,2018,0.0,293979.0,0.45442,-0.113303,CYP,350290
9901474,58,6517,2019,0.0,788435.0,0.657782,0.209481,CYP,350290
9901475,58,6517,2020,0.0,754382.0,0.5354760000000001,-0.069753,CYP,350290
9901476,59,6517,1995,42652.0,22591.0,1.375091,1.628069,CZE,350290
9901477,59,6517,1996,15476.0,21736.0,1.401181,1.3094709999999998,CZE,350290
9901478,59,6517,1997,40755.0,53915.0,1.40651,1.354695,CZE,350290
9901479,59,6517,1998,100257.0,43278.0,1.36345,1.408508,CZE,350290
9901480,59,6517,1999,86083.0,24413.0,1.412439,1.329385,CZE,350290
9901481,59,6517,2000,179956.0,46232.0,1.393001,1.23271,CZE,350290
9901482,59,6517,2001,456068.0,68165.0,1.485703,1.109305,CZE,350290
9901483,59,6517,2002,476767.0,112918.0,1.550713,1.037066,CZE,350290
9901484,59,6517,2003,536816.0,207103.0,1.555749,0.8662059999999999,CZE,350290
9901485,59,6517,2004,149465.0,410005.0,1.562625,0.865244,CZE,350290
9901486,59,6517,2005,167331.0,727870.0,1.56768,0.6784319999999999,CZE,350290
9901487,59,6517,2006,33285.0,934366.0,1.564058,0.6023649999999999,CZE,350290
9901488,59,6517,2007,47597.0,2814972.0,1.620377,0.379404,CZE,350290
9901489,59,6517,2008,49800.0,979672.0,1.592035,0.27983600000000003,CZE,350290
9901490,59,6517,2009,13830.0,2678423.0,1.6323159999999999,0.47257200000000005,CZE,350290
9901491,59,6517,2010,102557.0,1694651.0,1.732044,0.333934,CZE,350290
9901492,59,6517,2011,331770.0,4715241.0,1.737788,0.14741600000000002,CZE,350290
9901493,59,6517,2012,1179781.0,7056997.0,1.747369,-0.0932,CZE,350290
9901494,59,6517,2013,231466.0,7399505.0,1.819653,-0.12423800000000002,CZE,350290
9901495,59,6517,2014,61167.0,9219749.0,1.8105830000000003,0.131131,CZE,350290
9901496,59,6517,2015,167398.0,9792390.0,1.743012,0.45424,CZE,350290
9901497,59,6517,2016,827523.0,7726640.0,1.823627,0.552354,CZE,350290
9901498,59,6517,2017,406640.0,14501157.0,1.7715130000000001,0.359668,CZE,350290
9901499,59,6517,2018,866578.0,16596404.0,1.841016,0.220806,CZE,350290
9901500,59,6517,2019,480373.0,19028130.0,1.797611,0.406708,CZE,350290
9901501,59,6517,2020,361355.0,14766876.0,1.716646,0.602441,CZE,350290
9901502,60,6517,1995,,,,,DDR,350290
9901503,60,6517,1996,,,,,DDR,350290
9901504,60,6517,1997,,,,,DDR,350290
9901505,60,6517,1998,,,,,DDR,350290
9901506,60,6517,1999,,,,,DDR,350290
9901507,60,6517,2000,,,,,DDR,350290
9901508,60,6517,2001,,,,,DDR,350290
9901509,60,6517,2002,,,,,DDR,350290
9901510,60,6517,2003,,,,,DDR,350290
9901511,60,6517,2004,,,,,DDR,350290
9901512,60,6517,2005,,,,,DDR,350290
9901513,60,6517,2006,,,,,DDR,350290
9901514,60,6517,2007,,,,,DDR,350290
9901515,60,6517,2008,,,,,DDR,350290
9901516,60,6517,2009,,,,,DDR,350290
9901517,60,6517,2010,,,,,DDR,350290
9901518,60,6517,2011,,,,,DDR,350290
9901519,60,6517,2012,,,,,DDR,350290
9901520,60,6517,2013,,,,,DDR,350290
9901521,60,6517,2014,,,,,DDR,350290
9901522,60,6517,2015,,,,,DDR,350290
9901523,60,6517,2016,,,,,DDR,350290
9901524,60,6517,2017,,,,,DDR,350290
9901525,60,6517,2018,,,,,DDR,350290
9901526,60,6517,2019,,,,,DDR,350290
9901527,60,6517,2020,,,,,DDR,350290
9901528,61,6517,1995,19828771.0,5281746.0,2.325385,-2.2238189999999998,DEU,350290
9901529,61,6517,1996,18336742.0,4111672.0,2.279976,-2.572299,DEU,350290
9901530,61,6517,1997,14299690.0,4790408.0,2.293936,-2.2301919999999997,DEU,350290
9901531,61,6517,1998,11129705.0,5422714.0,2.334028,-2.417278,DEU,350290
9901532,61,6517,1999,11614256.0,5797112.0,2.334811,-2.060502,DEU,350290
9901533,61,6517,2000,12539815.0,13673118.0,2.316177,-2.4478419999999996,DEU,350290
9901534,61,6517,2001,17951674.0,26896661.0,2.321375,-2.1110990000000003,DEU,350290
9901535,61,6517,2002,23819485.0,32661907.0,2.297691,-2.183239,DEU,350290
9901536,61,6517,2003,29516214.0,43318896.0,2.2821919999999998,-2.0985150000000004,DEU,350290
9901537,61,6517,2004,29614235.0,34127476.0,2.266076,-2.011139,DEU,350290
9901538,61,6517,2005,34035891.0,38241641.0,2.172479,-2.446472,DEU,350290
9901539,61,6517,2006,42215268.0,35719674.0,2.132566,-2.773669,DEU,350290
9901540,61,6517,2007,53434499.0,32584151.0,2.114566,-2.934732,DEU,350290
9901541,61,6517,2008,51563220.0,33796753.0,2.007167,-3.256961,DEU,350290
9901542,61,6517,2009,46079437.0,33348217.0,2.056515,-3.034837,DEU,350290
9901543,61,6517,2010,69286080.0,38727953.0,2.035672,-3.383322,DEU,350290
9901544,61,6517,2011,136643446.0,50553557.0,2.074435,-3.440815,DEU,350290
9901545,61,6517,2012,205133363.0,45806615.0,1.966247,-3.3238410000000003,DEU,350290
9901546,61,6517,2013,220165005.0,58165105.0,2.093658,-3.4281980000000005,DEU,350290
9901547,61,6517,2014,230615272.0,55923735.0,2.052849,-2.888805,DEU,350290
9901548,61,6517,2015,168640047.0,49053707.0,2.203818,-2.307561,DEU,350290
9901549,61,6517,2016,170319246.0,47610590.0,2.203093,-2.24919,DEU,350290
9901550,61,6517,2017,233017550.0,61832172.0,2.1149459999999998,-2.525372,DEU,350290
9901551,61,6517,2018,211482732.0,68414534.0,2.109059,-2.428826,DEU,350290
9901552,61,6517,2019,212953639.0,87379858.0,2.078626,-2.124816,DEU,350290
9901553,61,6517,2020,243632992.0,83537706.0,2.027494,-2.3646689999999997,DEU,350290
9901554,62,6517,1995,,,0.7627109999999999,0.696162,DJI,350290
9901555,62,6517,1996,,,-0.20838099999999998,-0.668964,DJI,350290
9901556,62,6517,1997,,,0.398301,-0.170681,DJI,350290
9901557,62,6517,1998,,,0.521307,-0.071371,DJI,350290
9901558,62,6517,1999,,,0.07838200000000001,-0.351435,DJI,350290
9901559,62,6517,2000,,,0.057164,-0.428066,DJI,350290
9901560,62,6517,2001,,,0.143467,0.14288599999999999,DJI,350290
9901561,62,6517,2002,,,0.416677,-0.052552,DJI,350290
9901562,62,6517,2003,,,-0.41648500000000005,-0.5408350000000001,DJI,350290
9901563,62,6517,2004,,,-0.12463699999999998,-0.304559,DJI,350290
9901564,62,6517,2005,,,0.220415,0.045086,DJI,350290
9901565,62,6517,2006,,,-0.251707,-0.436792,DJI,350290
9901566,62,6517,2007,,,-1.111848,-0.983348,DJI,350290
9901567,62,6517,2008,,,-1.082951,-0.958676,DJI,350290
9901568,62,6517,2009,,,0.062037,-0.596527,DJI,350290
9901569,62,6517,2010,,,-0.37501799999999996,-0.727603,DJI,350290
9901570,62,6517,2011,0.0,4247.0,-0.6224529999999999,-0.7357739999999999,DJI,350290
9901571,62,6517,2012,,,-0.31072,-0.7274470000000001,DJI,350290
9901572,62,6517,2013,,,-0.412843,-0.695916,DJI,350290
9901573,62,6517,2014,,,-0.394602,-0.74178,DJI,350290
9901574,62,6517,2015,,,-0.538942,-0.832522,DJI,350290
9901575,62,6517,2016,,,-0.032607,-0.549622,DJI,350290
9901576,62,6517,2017,,,-0.4897,-0.7249180000000001,DJI,350290
9901577,62,6517,2018,0.0,1013.0,-0.11008599999999999,-0.603731,DJI,350290
9901578,62,6517,2019,0.0,4420.0,-0.602334,-0.794205,DJI,350290
9901579,62,6517,2020,,,-0.493576,-0.808321,DJI,350290
9901580,63,6517,1995,,,0.803902,0.307064,DMA,350290
9901581,63,6517,1996,,,0.44934399999999997,-0.023771,DMA,350290
9901582,63,6517,1997,,,0.795112,0.438787,DMA,350290
9901583,63,6517,1998,,,0.822664,0.166578,DMA,350290
9901584,63,6517,1999,,,0.808025,0.321415,DMA,350290
9901585,63,6517,2000,,,0.780976,0.31806799999999996,DMA,350290
9901586,63,6517,2001,,,0.613251,0.226998,DMA,350290
9901587,63,6517,2002,,,0.196298,-0.129221,DMA,350290
9901588,63,6517,2003,,,0.11903299999999999,-0.21768200000000001,DMA,350290
9901589,63,6517,2004,,,0.322803,-0.000479,DMA,350290
9901590,63,6517,2005,,,0.146509,-0.072638,DMA,350290
9901591,63,6517,2006,,,0.10759400000000001,-0.159215,DMA,350290
9901592,63,6517,2007,,,0.522624,0.077377,DMA,350290
9901593,63,6517,2008,,,0.424179,0.04355,DMA,350290
9901594,63,6517,2009,,,0.348966,-0.09711399999999999,DMA,350290
9901595,63,6517,2010,,,0.35578699999999996,0.13029200000000002,DMA,350290
9901596,63,6517,2011,,,-0.25559699999999996,-0.5345300000000001,DMA,350290
9901597,63,6517,2012,0.0,1600.0,0.372616,0.163026,DMA,350290
9901598,63,6517,2013,,,0.054362,-0.156703,DMA,350290
9901599,63,6517,2014,,,0.294596,-0.310069,DMA,350290
9901600,63,6517,2015,,,0.0735,-0.44923599999999997,DMA,350290
9901601,63,6517,2016,,,0.162751,-0.307303,DMA,350290
9901602,63,6517,2017,,,0.283171,-0.22632800000000003,DMA,350290
9901603,63,6517,2018,,,0.381788,0.039853,DMA,350290
9901604,63,6517,2019,,,0.131177,-0.313508,DMA,350290
9901605,63,6517,2020,,,0.583288,0.012664,DMA,350290
9901606,64,6517,1995,12756357.0,5755134.0,1.3800270000000001,1.489036,DNK,350290
9901607,64,6517,1996,3752367.0,4076467.0,1.443514,1.275684,DNK,350290
9901608,64,6517,1997,8565137.0,4653518.0,1.358279,1.420107,DNK,350290
9901609,64,6517,1998,9215984.0,7604433.0,1.225999,1.470145,DNK,350290
9901610,64,6517,1999,14218155.0,7736503.0,1.264405,1.469627,DNK,350290
9901611,64,6517,2000,13093562.0,4400416.0,1.230078,1.429499,DNK,350290
9901612,64,6517,2001,8214978.0,5921205.0,1.261883,1.351875,DNK,350290
9901613,64,6517,2002,11043790.0,2649363.0,1.26594,1.225186,DNK,350290
9901614,64,6517,2003,7733413.0,5802000.0,1.309564,1.245596,DNK,350290
9901615,64,6517,2004,17707944.0,2169798.0,1.328968,1.262743,DNK,350290
9901616,64,6517,2005,20134709.0,3174097.0,1.210286,1.217256,DNK,350290
9901617,64,6517,2006,30197860.0,3896620.0,1.2308700000000001,1.180914,DNK,350290
9901618,64,6517,2007,30977452.0,7041621.0,1.204019,1.122666,DNK,350290
9901619,64,6517,2008,49283548.0,9023065.0,1.165294,1.1112440000000001,DNK,350290
9901620,64,6517,2009,37366727.0,2593670.0,1.242327,1.064709,DNK,350290
9901621,64,6517,2010,41315849.0,7728802.0,1.082468,1.280759,DNK,350290
9901622,64,6517,2011,54370035.0,20853120.0,1.156026,1.2248299999999999,DNK,350290
9901623,64,6517,2012,60885274.0,17984279.0,1.105061,1.245377,DNK,350290
9901624,64,6517,2013,81172879.0,28834311.0,1.161835,1.1788450000000001,DNK,350290
9901625,64,6517,2014,67759095.0,30903419.0,1.10869,1.245193,DNK,350290
9901626,64,6517,2015,83246727.0,9755335.0,1.157924,1.2045629999999998,DNK,350290
9901627,64,6517,2016,51973123.0,8533974.0,1.117864,1.302658,DNK,350290
9901628,64,6517,2017,65753646.0,19899676.0,1.159753,1.233914,DNK,350290
9901629,64,6517,2018,59296213.0,15801116.0,1.0945040000000001,1.3311540000000002,DNK,350290
9901630,64,6517,2019,84887844.0,22674155.0,1.0768280000000001,1.2615610000000002,DNK,350290
9901631,64,6517,2020,75747828.0,20823273.0,1.093217,1.2166549999999998,DNK,350290
9901632,65,6517,1995,0.0,4632.0,-0.635482,-0.746526,DOM,350290
9901633,65,6517,1996,,,-0.596093,-0.5602060000000001,DOM,350290
9901634,65,6517,1997,,,-0.6062850000000001,-0.648523,DOM,350290
9901635,65,6517,1998,0.0,74293.0,-0.772271,-0.765258,DOM,350290
9901636,65,6517,1999,12408.0,68113.0,-0.60436,-0.674701,DOM,350290
9901637,65,6517,2000,,,-0.544322,-0.651937,DOM,350290
9901638,65,6517,2001,0.0,149521.0,-0.538419,-0.48773900000000003,DOM,350290
9901639,65,6517,2002,0.0,196947.0,-0.46284899999999995,-0.39210100000000003,DOM,350290
9901640,65,6517,2003,0.0,118213.0,-0.46264399999999994,-0.245034,DOM,350290
9901641,65,6517,2004,0.0,105696.0,-0.510025,-0.328257,DOM,350290
9901642,65,6517,2005,0.0,49541.0,-0.370894,-0.140178,DOM,350290
9901643,65,6517,2006,0.0,76175.0,-0.24073699999999998,0.049093,DOM,350290
9901644,65,6517,2007,0.0,8603.0,-0.228756,0.004222,DOM,350290
9901645,65,6517,2008,0.0,399968.0,-0.167958,0.241283,DOM,350290
9901646,65,6517,2009,0.0,147722.0,-0.317894,0.198926,DOM,350290
9901647,65,6517,2010,0.0,120263.0,-0.245241,0.368626,DOM,350290
9901648,65,6517,2011,0.0,104047.0,-0.260653,0.5682010000000001,DOM,350290
9901649,65,6517,2012,0.0,276349.0,-0.193432,0.590896,DOM,350290
9901650,65,6517,2013,0.0,12252.0,-0.277269,0.432388,DOM,350290
9901651,65,6517,2014,0.0,33626.0,-0.180845,0.508512,DOM,350290
9901652,65,6517,2015,0.0,61493.0,-0.212808,0.395873,DOM,350290
9901653,65,6517,2016,0.0,129911.0,-0.237382,0.295389,DOM,350290
9901654,65,6517,2017,1672.0,121908.0,-0.168016,0.30840100000000004,DOM,350290
9901655,65,6517,2018,0.0,78175.0,-0.084258,0.474872,DOM,350290
9901656,65,6517,2019,0.0,145256.0,-0.20594,0.309785,DOM,350290
9901657,65,6517,2020,0.0,53400.0,0.06500299999999999,0.2812,DOM,350290
9901658,66,6517,1995,,,-0.555409,-1.037972,DZA,350290
9901659,66,6517,1996,0.0,12757.0,-0.33419699999999997,-1.035736,DZA,350290
9901660,66,6517,1997,0.0,3239.0,-0.717599,-1.126311,DZA,350290
9901661,66,6517,1998,,,-0.726061,-1.161031,DZA,350290
9901662,66,6517,1999,0.0,15420.0,-0.701764,-1.175132,DZA,350290
9901663,66,6517,2000,0.0,791.0,-0.9169209999999999,-1.170192,DZA,350290
9901664,66,6517,2001,0.0,27882.0,-0.663363,-1.158295,DZA,350290
9901665,66,6517,2002,0.0,27313.0,-0.912033,-1.1731850000000001,DZA,350290
9901666,66,6517,2003,0.0,5156.0,-1.060727,-1.142594,DZA,350290
9901667,66,6517,2004,0.0,91290.0,-0.725066,-1.163606,DZA,350290
9901668,66,6517,2005,0.0,26611.0,-0.363675,-1.117724,DZA,350290
9901669,66,6517,2006,0.0,30599.0,-0.489962,-1.12456,DZA,350290
9901670,66,6517,2007,0.0,8969.0,-0.9822690000000001,-1.170282,DZA,350290
9901671,66,6517,2008,0.0,120611.0,-0.556434,-1.079109,DZA,350290
9901672,66,6517,2009,0.0,52259.0,-1.161786,-1.188669,DZA,350290
9901673,66,6517,2010,0.0,58625.0,-1.00922,-1.1511040000000001,DZA,350290
9901674,66,6517,2011,0.0,25403.0,-1.36763,-1.140594,DZA,350290
9901675,66,6517,2012,0.0,102862.0,-1.349046,-1.1601860000000002,DZA,350290
9901676,66,6517,2013,0.0,145631.0,-1.373947,-1.1523459999999999,DZA,350290
9901677,66,6517,2014,0.0,195040.0,-1.5554649999999999,-1.1657030000000002,DZA,350290
9901678,66,6517,2015,0.0,13664.0,-1.54346,-1.255633,DZA,350290
9901679,66,6517,2016,0.0,16318.0,-1.0202930000000001,-1.236642,DZA,350290
9901680,66,6517,2017,0.0,7603.0,-0.9905579999999999,-1.1996200000000001,DZA,350290
9901681,66,6517,2018,0.0,38764.0,-1.281519,-1.22291,DZA,350290
9901682,66,6517,2019,0.0,2117.0,-1.008866,-1.215228,DZA,350290
9901683,66,6517,2020,0.0,21692.0,-1.015133,-1.243726,DZA,350290
9901684,67,6517,1995,0.0,29827.0,-0.948154,-0.9595790000000001,ECU,350290
9901685,67,6517,1996,0.0,17223.0,-1.1391200000000001,-0.992735,ECU,350290
9901686,67,6517,1997,0.0,101873.0,-1.1931690000000001,-1.0139690000000001,ECU,350290
9901687,67,6517,1998,0.0,36455.0,-0.990915,-0.9670860000000001,ECU,350290
9901688,67,6517,1999,0.0,10222.0,-0.8875299999999999,-0.9117879999999999,ECU,350290
9901689,67,6517,2000,0.0,28877.0,-0.883928,-0.884951,ECU,350290
9901690,67,6517,2001,0.0,43461.0,-0.852642,-0.896374,ECU,350290
9901691,67,6517,2002,0.0,1628.0,-0.976218,-0.926393,ECU,350290
9901692,67,6517,2003,0.0,8698.0,-0.8689370000000001,-0.889767,ECU,350290
9901693,67,6517,2004,,,-1.149101,-1.013619,ECU,350290
9901694,67,6517,2005,0.0,91459.0,-1.029033,-1.014289,ECU,350290
9901695,67,6517,2006,0.0,13841.0,-0.878583,-0.9462010000000001,ECU,350290
9901696,67,6517,2007,0.0,38831.0,-0.820491,-0.8557879999999999,ECU,350290
9901697,67,6517,2008,0.0,87688.0,-0.859434,-0.972389,ECU,350290
9901698,67,6517,2009,3684.0,57047.0,-0.92724,-0.965628,ECU,350290
9901699,67,6517,2010,215813.0,93152.0,-0.584013,-0.743675,ECU,350290
9901700,67,6517,2011,180446.0,184244.0,-0.8250639999999999,-0.839082,ECU,350290
9901701,67,6517,2012,892115.0,182539.0,-0.627614,-0.764234,ECU,350290
9901702,67,6517,2013,514765.0,70477.0,-0.86546,-0.8888389999999999,ECU,350290
9901703,67,6517,2014,0.0,380569.0,-1.066865,-1.052921,ECU,350290
9901704,67,6517,2015,0.0,904350.0,-0.9845959999999999,-1.075639,ECU,350290
9901705,67,6517,2016,0.0,418979.0,-1.0860049999999999,-1.049065,ECU,350290
9901706,67,6517,2017,0.0,577312.0,-0.9995850000000001,-1.086367,ECU,350290
9901707,67,6517,2018,0.0,575798.0,-0.873973,-1.032841,ECU,350290
9901708,67,6517,2019,0.0,593648.0,-1.12261,-1.094275,ECU,350290
9901709,67,6517,2020,0.0,507240.0,-1.074185,-1.084344,ECU,350290
9901710,68,6517,1995,0.0,8752.0,-0.340042,-0.085601,EGY,350290
9901711,68,6517,1996,0.0,647782.0,-0.5446409999999999,-0.229586,EGY,350290
9901712,68,6517,1997,0.0,3897.0,-0.314425,0.156345,EGY,350290
9901713,68,6517,1998,0.0,82732.0,-0.462755,0.079802,EGY,350290
9901714,68,6517,1999,0.0,14740.0,-0.311879,0.300746,EGY,350290
9901715,68,6517,2000,0.0,4869.0,-0.41125900000000004,0.099833,EGY,350290
9901716,68,6517,2001,2233.0,443441.0,-0.373576,0.366385,EGY,350290
9901717,68,6517,2002,0.0,2245194.0,-0.377127,0.549439,EGY,350290
9901718,68,6517,2003,0.0,2044426.0,-0.292923,0.465433,EGY,350290
9901719,68,6517,2004,0.0,77699.0,-0.300563,0.41834899999999997,EGY,350290
9901720,68,6517,2005,0.0,408003.0,-0.247748,0.492885,EGY,350290
9901721,68,6517,2006,902.0,147969.0,-0.182272,0.40222399999999997,EGY,350290
9901722,68,6517,2007,0.0,298343.0,-0.144054,0.663592,EGY,350290
9901723,68,6517,2008,63385.0,747136.0,-0.098316,1.134642,EGY,350290
9901724,68,6517,2009,0.0,648418.0,-0.20940300000000003,1.6466290000000001,EGY,350290
9901725,68,6517,2010,29710.0,1479812.0,-0.181826,1.409465,EGY,350290
9901726,68,6517,2011,122847.0,464996.0,-0.166243,1.384719,EGY,350290
9901727,68,6517,2012,0.0,715552.0,-0.143732,1.316722,EGY,350290
9901728,68,6517,2013,71819.0,1310472.0,-0.17418,1.692641,EGY,350290
9901729,68,6517,2014,36794.0,810248.0,-0.086866,1.7419669999999998,EGY,350290
9901730,68,6517,2015,0.0,1602496.0,-0.183053,1.765036,EGY,350290
9901731,68,6517,2016,13989.0,2017283.0,-0.142377,1.674348,EGY,350290
9901732,68,6517,2017,41919.0,769263.0,-0.073436,1.829121,EGY,350290
9901733,68,6517,2018,106302.0,1253606.0,-0.096635,1.585658,EGY,350290
9901734,68,6517,2019,41049.0,1232096.0,-0.152353,1.5426309999999999,EGY,350290
9901735,68,6517,2020,87468.0,1261742.0,-0.186095,1.6414330000000001,EGY,350290
9901736,69,6517,1995,,,0.567988,-0.30390500000000004,ERI,350290
9901737,69,6517,1996,,,-0.31049499999999997,-0.656459,ERI,350290
9901738,69,6517,1997,,,-0.914603,-0.9081629999999999,ERI,350290
9901739,69,6517,1998,,,0.05984400000000001,-0.508051,ERI,350290
9901740,69,6517,1999,,,0.160222,-0.528174,ERI,350290
9901741,69,6517,2000,,,-0.135268,-0.6384569999999999,ERI,350290
9901742,69,6517,2001,,,0.617376,-0.33233,ERI,350290
9901743,69,6517,2002,,,0.831973,-0.050712,ERI,350290
9901744,69,6517,2003,0.0,83099.0,-0.105591,-0.247614,ERI,350290
9901745,69,6517,2004,0.0,107857.0,0.48701400000000006,-0.094026,ERI,350290
9901746,69,6517,2005,,,-0.240044,-0.46946000000000004,ERI,350290
9901747,69,6517,2006,,,0.216725,-0.337624,ERI,350290
9901748,69,6517,2007,0.0,48564.0,-0.905408,-0.908877,ERI,350290
9901749,69,6517,2008,,,0.129938,-0.429551,ERI,350290
9901750,69,6517,2009,,,0.081675,-0.37700100000000003,ERI,350290
9901751,69,6517,2010,,,-0.288006,-0.614999,ERI,350290
9901752,69,6517,2011,,,0.073024,-0.8032229999999999,ERI,350290
9901753,69,6517,2012,,,-0.349941,-0.9931450000000001,ERI,350290
9901754,69,6517,2013,,,-1.227273,-0.9367340000000001,ERI,350290
9901755,69,6517,2014,,,-2.345215,-1.051413,ERI,350290
9901756,69,6517,2015,,,-1.7745669999999998,-1.013696,ERI,350290
9901757,69,6517,2016,,,-1.479782,-1.060063,ERI,350290
9901758,69,6517,2017,,,-1.4706139999999999,-1.024845,ERI,350290
9901759,69,6517,2018,,,-1.601517,-1.062162,ERI,350290
9901760,69,6517,2019,,,-1.7266080000000001,-1.0303360000000001,ERI,350290
9901761,69,6517,2020,,,-1.1688129999999999,-0.9633879999999999,ERI,350290
9901762,70,6517,1995,,,0.954333,-0.674121,ESH,350290
9901763,70,6517,1996,,,-1.342924,-0.696376,ESH,350290
9901764,70,6517,1997,,,1.0709799999999998,-0.671918,ESH,350290
9901765,70,6517,1998,,,-0.07774,-0.78017,ESH,350290
9901766,70,6517,1999,,,0.353541,-0.794955,ESH,350290
9901767,70,6517,2000,,,0.926739,-0.533051,ESH,350290
9901768,70,6517,2001,,,-0.49938699999999997,-0.8695809999999999,ESH,350290
9901769,70,6517,2002,,,0.911192,-0.830407,ESH,350290
9901770,70,6517,2003,,,1.2379639999999998,-0.469434,ESH,350290
9901771,70,6517,2004,,,0.771845,-0.777994,ESH,350290
9901772,70,6517,2005,,,1.559212,-0.563942,ESH,350290
9901773,70,6517,2006,,,1.380741,-0.657053,ESH,350290
9901774,70,6517,2007,,,1.540701,-0.416705,ESH,350290
9901775,70,6517,2008,,,0.7177640000000001,-0.689189,ESH,350290
9901776,70,6517,2009,,,1.277881,-0.752965,ESH,350290
9901777,70,6517,2010,,,2.0637689999999997,-0.760273,ESH,350290
9901778,70,6517,2011,,,2.337415,-0.327113,ESH,350290
9901779,70,6517,2012,,,2.172618,-0.077311,ESH,350290
9901780,70,6517,2013,,,1.672666,-0.47427700000000006,ESH,350290
9901781,70,6517,2014,,,0.8348690000000001,-0.6148140000000001,ESH,350290
9901782,70,6517,2015,,,0.8270209999999999,-0.590016,ESH,350290
9901783,70,6517,2016,,,0.771312,-0.799657,ESH,350290
9901784,70,6517,2017,,,0.908792,-0.538131,ESH,350290
9901785,70,6517,2018,,,1.599518,-0.5597880000000001,ESH,350290
9901786,70,6517,2019,,,1.48852,-0.669028,ESH,350290
9901787,70,6517,2020,,,2.1028029999999998,-0.647638,ESH,350290
9901788,71,6517,1995,534778.0,3005568.0,1.144247,1.933844,ESP,350290
9901789,71,6517,1996,678084.0,2603901.0,1.105317,1.9473,ESP,350290
9901790,71,6517,1997,1456161.0,2732332.0,1.082049,2.0238650000000002,ESP,350290
9901791,71,6517,1998,273788.0,3774940.0,1.051392,1.983438,ESP,350290
9901792,71,6517,1999,1159745.0,2967781.0,1.0849209999999998,1.9351180000000001,ESP,350290
9901793,71,6517,2000,4687834.0,2333996.0,1.098989,1.911029,ESP,350290
9901794,71,6517,2001,3702680.0,3639953.0,1.079664,1.9842220000000002,ESP,350290
9901795,71,6517,2002,4555248.0,4952690.0,1.012246,2.049594,ESP,350290
9901796,71,6517,2003,4100117.0,8929305.0,0.960684,2.074792,ESP,350290
9901797,71,6517,2004,1423339.0,7567476.0,0.9784649999999999,2.051216,ESP,350290
9901798,71,6517,2005,1406700.0,6822617.0,0.9318489999999999,1.999698,ESP,350290
9901799,71,6517,2006,2365427.0,6971316.0,0.9091370000000001,2.068166,ESP,350290
9901800,71,6517,2007,727057.0,11993697.0,0.914681,2.027797,ESP,350290
9901801,71,6517,2008,2868535.0,21137626.0,0.8755649999999999,2.122164,ESP,350290
9901802,71,6517,2009,227035.0,11281263.0,0.9021020000000001,2.170578,ESP,350290
9901803,71,6517,2010,273831.0,14083721.0,0.832619,2.448009,ESP,350290
9901804,71,6517,2011,567218.0,18004463.0,0.8677290000000001,2.4618450000000003,ESP,350290
9901805,71,6517,2012,1066836.0,24967738.0,0.8528309999999999,2.462809,ESP,350290
9901806,71,6517,2013,1175754.0,33731408.0,0.861698,2.353993,ESP,350290
9901807,71,6517,2014,942356.0,32721975.0,0.842147,2.45692,ESP,350290
9901808,71,6517,2015,733139.0,29962727.0,0.8173590000000001,2.442556,ESP,350290
9901809,71,6517,2016,1223336.0,28994314.0,0.765428,2.57725,ESP,350290
9901810,71,6517,2017,1215085.0,29725088.0,0.734342,2.8180099999999997,ESP,350290
9901811,71,6517,2018,668757.0,28086388.0,0.744825,2.919005,ESP,350290
9901812,71,6517,2019,1398874.0,29083716.0,0.678454,3.007838,ESP,350290
9901813,71,6517,2020,1156406.0,22524903.0,0.736657,2.731661,ESP,350290
9901814,72,6517,1995,0.0,2800.0,0.530041,1.134288,EST,350290
9901815,72,6517,1996,0.0,7054.0,0.53397,1.0877940000000001,EST,350290
9901816,72,6517,1997,0.0,7123.0,0.460823,0.9126700000000001,EST,350290
9901817,72,6517,1998,27336.0,46108.0,0.53408,1.07691,EST,350290
9901818,72,6517,1999,0.0,9480.0,0.502979,0.8847440000000001,EST,350290
9901819,72,6517,2000,0.0,3527.0,0.358559,0.583236,EST,350290
9901820,72,6517,2001,0.0,1360.0,0.5746829999999999,0.9073899999999999,EST,350290
9901821,72,6517,2002,,,0.54511,0.9135979999999999,EST,350290
9901822,72,6517,2003,0.0,345234.0,0.5913010000000001,0.8489979999999999,EST,350290
9901823,72,6517,2004,377585.0,3059.0,0.6101840000000001,0.9520370000000001,EST,350290
9901824,72,6517,2005,0.0,16604.0,0.6351600000000001,1.039403,EST,350290
9901825,72,6517,2006,0.0,28156.0,0.6426350000000001,0.925003,EST,350290
9901826,72,6517,2007,1826.0,25322.0,0.746434,1.306397,EST,350290
9901827,72,6517,2008,0.0,30304.0,0.749696,1.5173940000000001,EST,350290
9901828,72,6517,2009,0.0,324510.0,0.749058,1.269572,EST,350290
9901829,72,6517,2010,0.0,1170175.0,0.832316,1.1844649999999999,EST,350290
9901830,72,6517,2011,0.0,539001.0,0.9806790000000001,1.110449,EST,350290
9901831,72,6517,2012,0.0,1300301.0,0.8594450000000001,1.299628,EST,350290
9901832,72,6517,2013,10603.0,1380654.0,0.8828940000000001,1.386574,EST,350290
9901833,72,6517,2014,12488.0,337166.0,0.9147780000000001,1.151556,EST,350290
9901834,72,6517,2015,148514.0,587409.0,0.9281149999999999,1.1780389999999998,EST,350290
9901835,72,6517,2016,663383.0,490978.0,1.000418,1.154152,EST,350290
9901836,72,6517,2017,44560.0,345507.0,1.010985,1.289633,EST,350290
9901837,72,6517,2018,110288.0,152471.0,0.979986,1.2365899999999999,EST,350290
9901838,72,6517,2019,13948.0,115899.0,0.962284,1.346195,EST,350290
9901839,72,6517,2020,3846.0,214457.0,1.012385,1.305015,EST,350290
9901840,73,6517,1995,,,-1.3387120000000001,-1.123621,ETH,350290
9901841,73,6517,1996,,,-1.265383,-1.131925,ETH,350290
9901842,73,6517,1997,,,-1.239473,-1.159345,ETH,350290
9901843,73,6517,1998,,,-1.279819,-1.158182,ETH,350290
9901844,73,6517,1999,0.0,17524.0,-1.18759,-1.111391,ETH,350290
9901845,73,6517,2000,0.0,3849.0,-1.190677,-1.063662,ETH,350290
9901846,73,6517,2001,,,-0.999149,-0.904072,ETH,350290
9901847,73,6517,2002,,,-1.096371,-0.9566709999999999,ETH,350290
9901848,73,6517,2003,,,-1.1145559999999999,-0.9599620000000001,ETH,350290
9901849,73,6517,2004,0.0,1970.0,-1.156284,-0.900874,ETH,350290
9901850,73,6517,2005,,,-1.287495,-1.0195940000000001,ETH,350290
9901851,73,6517,2006,,,-0.9557180000000001,-0.9153479999999999,ETH,350290
9901852,73,6517,2007,,,-1.115917,-0.821652,ETH,350290
9901853,73,6517,2008,0.0,8098.0,-1.0084629999999999,-0.83993,ETH,350290
9901854,73,6517,2009,,,-0.967483,-0.8219,ETH,350290
9901855,73,6517,2010,0.0,7102.0,-1.122906,-0.840777,ETH,350290
9901856,73,6517,2011,,,-1.258175,-0.920692,ETH,350290
9901857,73,6517,2012,0.0,54257.0,-1.134031,-0.991977,ETH,350290
9901858,73,6517,2013,0.0,201242.0,-1.264002,-0.9594219999999999,ETH,350290
9901859,73,6517,2014,,,-1.296535,-1.045942,ETH,350290
9901860,73,6517,2015,,,-1.004896,-0.721019,ETH,350290
9901861,73,6517,2016,0.0,45708.0,-1.006161,-0.756472,ETH,350290
9901862,73,6517,2017,,,-1.007413,-0.638231,ETH,350290
9901863,73,6517,2018,0.0,108405.0,-0.874857,-0.464958,ETH,350290
9901864,73,6517,2019,0.0,6608.0,-1.073631,-0.617885,ETH,350290
9901865,73,6517,2020,0.0,3867.0,-0.952033,-0.707262,ETH,350290
9901866,74,6517,1995,435992.0,189436.0,2.0085740000000003,1.126816,FIN,350290
9901867,74,6517,1996,587432.0,130765.0,2.0584729999999998,1.006908,FIN,350290
9901868,74,6517,1997,29910.0,249317.0,1.9298959999999998,1.083861,FIN,350290
9901869,74,6517,1998,290384.0,265523.0,2.003987,0.995725,FIN,350290
9901870,74,6517,1999,250420.0,565595.0,2.095642,0.966282,FIN,350290
9901871,74,6517,2000,439718.0,358411.0,2.0621419999999997,0.9090360000000001,FIN,350290
9901872,74,6517,2001,614857.0,796213.0,2.069141,0.9375180000000001,FIN,350290
9901873,74,6517,2002,668507.0,749511.0,2.0234240000000003,0.979141,FIN,350290
9901874,74,6517,2003,231347.0,688093.0,2.077889,0.942501,FIN,350290
9901875,74,6517,2004,13270.0,958264.0,2.000218,0.9867309999999999,FIN,350290
9901876,74,6517,2005,35803.0,1314366.0,1.8661240000000001,0.932386,FIN,350290
9901877,74,6517,2006,33338.0,2067971.0,1.864038,0.8193940000000001,FIN,350290
9901878,74,6517,2007,22509.0,2300535.0,1.865502,0.7737729999999999,FIN,350290
9901879,74,6517,2008,7196.0,2135375.0,1.767859,0.846409,FIN,350290
9901880,74,6517,2009,8333.0,4557255.0,1.8206849999999999,0.797421,FIN,350290
9901881,74,6517,2010,41119.0,4873573.0,1.745464,0.897992,FIN,350290
9901882,74,6517,2011,117352.0,4797845.0,1.7488830000000002,0.890934,FIN,350290
9901883,74,6517,2012,64467.0,4871013.0,1.58219,0.939001,FIN,350290
9901884,74,6517,2013,17918.0,6233017.0,1.734552,0.8896940000000001,FIN,350290
9901885,74,6517,2014,230386.0,3931550.0,1.626355,1.002923,FIN,350290
9901886,74,6517,2015,86413.0,2642733.0,1.597817,0.998059,FIN,350290
9901887,74,6517,2016,532284.0,2497985.0,1.581968,1.006432,FIN,350290
9901888,74,6517,2017,631507.0,2710814.0,1.655957,0.962485,FIN,350290
9901889,74,6517,2018,316035.0,2221122.0,1.61151,0.9474549999999999,FIN,350290
9901890,74,6517,2019,93139.0,2093546.0,1.495278,1.034435,FIN,350290
9901891,74,6517,2020,100176.0,2347881.0,1.498089,1.066223,FIN,350290
9901892,75,6517,1995,,,-0.998257,-0.9565629999999999,FJI,350290
9901893,75,6517,1996,,,-0.7977,-0.9271879999999999,FJI,350290
9901894,75,6517,1997,,,-0.9404020000000001,-0.8833989999999999,FJI,350290
9901895,75,6517,1998,,,-1.069747,-0.965333,FJI,350290
9901896,75,6517,1999,,,-1.101748,-0.847409,FJI,350290
9901897,75,6517,2000,,,-0.804605,-0.21037899999999998,FJI,350290
9901898,75,6517,2001,,,-0.954702,-0.602761,FJI,350290
9901899,75,6517,2002,0.0,1106.0,-0.588136,-0.242883,FJI,350290
9901900,75,6517,2003,,,-0.6865640000000001,-0.326977,FJI,350290
9901901,75,6517,2004,,,-0.8870969999999999,-0.287427,FJI,350290
9901902,75,6517,2005,,,-0.649999,-0.189992,FJI,350290
9901903,75,6517,2006,0.0,1860.0,-0.6554949999999999,-0.098284,FJI,350290
9901904,75,6517,2007,1103.0,0.0,-0.506992,0.033250999999999996,FJI,350290
9901905,75,6517,2008,,,-0.756592,-0.27005,FJI,350290
9901906,75,6517,2009,,,-0.785772,-0.305228,FJI,350290
9901907,75,6517,2010,,,-0.603112,-0.29135500000000003,FJI,350290
9901908,75,6517,2011,6492.0,0.0,-0.434356,-0.010863,FJI,350290
9901909,75,6517,2012,,,-0.315227,0.118598,FJI,350290
9901910,75,6517,2013,0.0,1283.0,-0.5203369999999999,-0.122405,FJI,350290
9901911,75,6517,2014,15382.0,0.0,-0.306346,-0.07688500000000001,FJI,350290
9901912,75,6517,2015,,,-0.481968,-0.201468,FJI,350290
9901913,75,6517,2016,0.0,247743.0,-0.27171999999999996,0.172933,FJI,350290
9901914,75,6517,2017,16826.0,0.0,-0.278276,-0.033997,FJI,350290
9901915,75,6517,2018,0.0,25905.0,-0.269185,0.006362,FJI,350290
9901916,75,6517,2019,,,-0.274278,-0.049333,FJI,350290
9901917,75,6517,2020,0.0,7472.0,-0.184167,-0.081888,FJI,350290
9901918,76,6517,1995,,,1.0650549999999999,-0.45996800000000004,FLK,350290
9901919,76,6517,1996,,,0.7798039999999999,-0.524821,FLK,350290
9901920,76,6517,1997,,,1.410488,-0.441326,FLK,350290
9901921,76,6517,1998,,,0.816912,-0.515321,FLK,350290
9901922,76,6517,1999,,,0.9361450000000001,-0.578892,FLK,350290
9901923,76,6517,2000,,,0.42403,-0.758674,FLK,350290
9901924,76,6517,2001,,,0.394316,-0.766895,FLK,350290
9901925,76,6517,2002,,,-0.119248,-0.81018,FLK,350290
9901926,76,6517,2003,,,0.593669,-0.68972,FLK,350290
9901927,76,6517,2004,,,0.108608,-0.8270280000000001,FLK,350290
9901928,76,6517,2005,,,-1.215666,-0.8770950000000001,FLK,350290
9901929,76,6517,2006,,,0.11039000000000002,-0.79848,FLK,350290
9901930,76,6517,2007,,,-0.911695,-0.898893,FLK,350290
9901931,76,6517,2008,,,-1.0724,-0.9330379999999999,FLK,350290
9901932,76,6517,2009,,,-0.891749,-0.97485,FLK,350290
9901933,76,6517,2010,,,-1.173959,-0.9282549999999999,FLK,350290
9901934,76,6517,2011,,,-0.283483,-0.7019989999999999,FLK,350290
9901935,76,6517,2012,,,-1.251161,-0.8249569999999999,FLK,350290
9901936,76,6517,2013,,,-1.254446,-0.868074,FLK,350290
9901937,76,6517,2014,,,-0.558974,-0.8402059999999999,FLK,350290
9901938,76,6517,2015,,,0.268838,-0.829983,FLK,350290
9901939,76,6517,2016,,,-1.1568180000000001,-0.9883270000000001,FLK,350290
9901940,76,6517,2017,,,-1.506175,-0.9551219999999999,FLK,350290
9901941,76,6517,2018,,,-1.04542,-0.97565,FLK,350290
9901942,76,6517,2019,,,-1.633601,-0.991559,FLK,350290
9901943,76,6517,2020,,,-0.406704,-0.8790969999999999,FLK,350290
9901944,77,6517,1995,2529044.0,5675628.0,1.768484,0.765537,FRA,350290
9901945,77,6517,1996,3496499.0,2127795.0,1.69082,0.721312,FRA,350290
9901946,77,6517,1997,6009867.0,2491319.0,1.69504,0.8278549999999999,FRA,350290
9901947,77,6517,1998,4742595.0,1785018.0,1.707702,0.7784270000000001,FRA,350290
9901948,77,6517,1999,5370452.0,2714932.0,1.72758,0.6619079999999999,FRA,350290
9901949,77,6517,2000,6204397.0,6423899.0,1.674971,0.47538100000000005,FRA,350290
9901950,77,6517,2001,7601425.0,8116671.0,1.653507,0.797582,FRA,350290
9901951,77,6517,2002,4651078.0,6906169.0,1.569367,0.9886360000000001,FRA,350290
9901952,77,6517,2003,5313610.0,6712983.0,1.606606,0.7394149999999999,FRA,350290
9901953,77,6517,2004,4329585.0,7573906.0,1.6003530000000001,0.643945,FRA,350290
9901954,77,6517,2005,6685097.0,7689527.0,1.505148,0.594409,FRA,350290
9901955,77,6517,2006,12748430.0,10025871.0,1.47591,0.489466,FRA,350290
9901956,77,6517,2007,17441546.0,12560037.0,1.4565350000000001,0.262845,FRA,350290
9901957,77,6517,2008,22492327.0,22178602.0,1.487702,-0.223965,FRA,350290
9901958,77,6517,2009,22121821.0,24962823.0,1.540346,0.090377,FRA,350290
9901959,77,6517,2010,17407558.0,23055174.0,1.530027,-0.052557000000000006,FRA,350290
9901960,77,6517,2011,24648372.0,26162457.0,1.532054,0.09339299999999999,FRA,350290
9901961,77,6517,2012,24613860.0,30818810.0,1.425025,0.27534899999999995,FRA,350290
9901962,77,6517,2013,34171511.0,35830265.0,1.520354,0.022874000000000002,FRA,350290
9901963,77,6517,2014,34816426.0,25882224.0,1.4817790000000002,0.30995,FRA,350290
9901964,77,6517,2015,42181787.0,22183656.0,1.479792,0.6490239999999999,FRA,350290
9901965,77,6517,2016,41483343.0,25600703.0,1.476437,0.911746,FRA,350290
9901966,77,6517,2017,42156849.0,38360664.0,1.398427,0.894732,FRA,350290
9901967,77,6517,2018,37867286.0,36240554.0,1.420819,0.7793770000000001,FRA,350290
9901968,77,6517,2019,45243893.0,37722482.0,1.380982,0.9510629999999999,FRA,350290
9901969,77,6517,2020,41916295.0,47224591.0,1.341275,0.8991870000000001,FRA,350290
9901970,78,6517,1995,,,-0.8247260000000001,-0.791759,FRO,350290
9901971,78,6517,1996,,,-0.252693,-0.714691,FRO,350290
9901972,78,6517,1997,,,-0.602436,-0.8477809999999999,FRO,350290
9901973,78,6517,1998,,,-0.6159899999999999,-0.828198,FRO,350290
9901974,78,6517,1999,,,-0.718961,-0.900609,FRO,350290
9901975,78,6517,2000,,,-0.618711,-0.8832209999999999,FRO,350290
9901976,78,6517,2001,,,-1.004972,-0.9456030000000001,FRO,350290
9901977,78,6517,2002,,,-0.410455,-0.821335,FRO,350290
9901978,78,6517,2003,0.0,4610.0,-0.46422299999999994,-0.8072050000000001,FRO,350290
9901979,78,6517,2004,,,-1.026359,-0.960327,FRO,350290
9901980,78,6517,2005,0.0,1023.0,-1.164102,-0.934409,FRO,350290
9901981,78,6517,2006,,,-0.117631,-0.69352,FRO,350290
9901982,78,6517,2007,0.0,1066.0,-0.308363,-0.7707510000000001,FRO,350290
9901983,78,6517,2008,,,-0.576205,-0.886117,FRO,350290
9901984,78,6517,2009,,,-0.437934,-0.8733879999999999,FRO,350290
9901985,78,6517,2010,0.0,5118.0,-1.158567,-0.99413,FRO,350290
9901986,78,6517,2011,0.0,29934.0,-0.733444,-0.8242229999999999,FRO,350290
9901987,78,6517,2012,0.0,27249.0,-0.47762200000000005,-0.8946870000000001,FRO,350290
9901988,78,6517,2013,0.0,10976.0,-0.370701,-0.815466,FRO,350290
9901989,78,6517,2014,0.0,91084.0,-0.703929,-0.86265,FRO,350290
9901990,78,6517,2015,0.0,13350.0,-0.700767,-0.9214399999999999,FRO,350290
9901991,78,6517,2016,0.0,7966.0,-0.7436,-0.955406,FRO,350290
9901992,78,6517,2017,,,-0.956326,-0.951541,FRO,350290
9901993,78,6517,2018,0.0,52475.0,-1.00676,-0.959297,FRO,350290
9901994,78,6517,2019,0.0,108442.0,-1.164816,-0.9571540000000001,FRO,350290
9901995,78,6517,2020,0.0,44976.0,-0.867916,-0.92601,FRO,350290
9901996,79,6517,1995,,,-1.764116,-0.971993,FSM,350290
9901997,79,6517,1996,,,-1.798209,-1.044117,FSM,350290
9901998,79,6517,1997,,,-1.275105,-1.046722,FSM,350290
9901999,79,6517,1998,,,-1.8257740000000002,-1.104982,FSM,350290
9902000,79,6517,1999,,,-1.382572,-1.054154,FSM,350290
9902001,79,6517,2000,,,-1.6284100000000001,-1.074629,FSM,350290
9902002,79,6517,2001,,,-1.7531240000000001,-1.081697,FSM,350290
9902003,79,6517,2002,,,-1.511888,-1.054948,FSM,350290
9902004,79,6517,2003,,,-1.370191,-1.028812,FSM,350290
9902005,79,6517,2004,,,-1.647605,-1.093832,FSM,350290
9902006,79,6517,2005,,,-1.386996,-0.9737610000000001,FSM,350290
9902007,79,6517,2006,0.0,838.0,-0.883972,-0.8817209999999999,FSM,350290
9902008,79,6517,2007,,,-0.528725,-0.883342,FSM,350290
9902009,79,6517,2008,,,-0.744394,-0.930508,FSM,350290
9902010,79,6517,2009,,,-1.011055,-0.983978,FSM,350290
9902011,79,6517,2010,,,-1.2914889999999999,-1.0153450000000002,FSM,350290
9902012,79,6517,2011,,,-0.882574,-0.8780530000000001,FSM,350290
9902013,79,6517,2012,,,-0.8024789999999999,-0.873287,FSM,350290
9902014,79,6517,2013,,,-0.234314,-0.8260700000000001,FSM,350290
9902015,79,6517,2014,,,-0.32643099999999997,-0.8248049999999999,FSM,350290
9902016,79,6517,2015,,,-0.39153000000000004,-0.8570479999999999,FSM,350290
9902017,79,6517,2016,,,-0.86156,-0.969134,FSM,350290
9902018,79,6517,2017,,,-1.106905,-0.952936,FSM,350290
9902019,79,6517,2018,,,-0.969202,-0.974952,FSM,350290
9902020,79,6517,2019,,,-1.11436,-0.9806819999999999,FSM,350290
9902021,79,6517,2020,,,-0.845915,-0.964045,FSM,350290
9902022,80,6517,1995,,,-1.445673,-1.099128,GAB,350290
9902023,80,6517,1996,,,-1.693615,-1.174433,GAB,350290
9902024,80,6517,1997,0.0,1538.0,-1.177994,-1.134955,GAB,350290
9902025,80,6517,1998,,,-1.122225,-1.148066,GAB,350290
9902026,80,6517,1999,,,-1.068733,-1.178405,GAB,350290
9902027,80,6517,2000,,,-0.7179909999999999,-1.1375170000000001,GAB,350290
9902028,80,6517,2001,0.0,941.0,-1.063007,-1.181284,GAB,350290
9902029,80,6517,2002,0.0,1592.0,-0.830094,-1.149233,GAB,350290
9902030,80,6517,2003,0.0,2094.0,-0.92745,-1.138466,GAB,350290
9902031,80,6517,2004,,,-0.700329,-1.137018,GAB,350290
9902032,80,6517,2005,0.0,4381.0,-1.4162700000000001,-1.173227,GAB,350290
9902033,80,6517,2006,,,-1.6696819999999999,-1.173322,GAB,350290
9902034,80,6517,2007,,,-1.328633,-1.165045,GAB,350290
9902035,80,6517,2008,,,-1.316179,-1.117633,GAB,350290
9902036,80,6517,2009,,,-1.197711,-1.147469,GAB,350290
9902037,80,6517,2010,,,-1.707175,-1.167635,GAB,350290
9902038,80,6517,2011,,,-1.093784,-1.0849659999999999,GAB,350290
9902039,80,6517,2012,,,-1.563872,-1.168605,GAB,350290
9902040,80,6517,2013,2985.0,0.0,-1.6582830000000002,-1.155302,GAB,350290
9902041,80,6517,2014,,,-1.625474,-1.135973,GAB,350290
9902042,80,6517,2015,,,-1.384351,-1.209873,GAB,350290
9902043,80,6517,2016,,,-1.530568,-1.254999,GAB,350290
9902044,80,6517,2017,,,-1.109612,-1.177577,GAB,350290
9902045,80,6517,2018,,,-1.4979200000000001,-1.180407,GAB,350290
9902046,80,6517,2019,,,-1.08556,-1.183434,GAB,350290
9902047,80,6517,2020,,,-1.6422990000000002,-1.207249,GAB,350290
9902048,81,6517,1995,777214.0,3362745.0,1.8656979999999999,1.107121,GBR,350290
9902049,81,6517,1996,1162942.0,3342264.0,1.850284,0.883084,GBR,350290
9902050,81,6517,1997,1356955.0,4588297.0,1.886353,0.783832,GBR,350290
9902051,81,6517,1998,1031730.0,6663405.0,1.906738,0.489101,GBR,350290
9902052,81,6517,1999,2307894.0,5967317.0,1.9523830000000002,0.771455,GBR,350290
9902053,81,6517,2000,8223469.0,11063195.0,1.957339,0.610052,GBR,350290
9902054,81,6517,2001,15792671.0,18581803.0,1.976894,0.685435,GBR,350290
9902055,81,6517,2002,8980291.0,6477418.0,1.893177,0.831382,GBR,350290
9902056,81,6517,2003,15340209.0,6865915.0,1.8712540000000002,0.706205,GBR,350290
9902057,81,6517,2004,13840193.0,9230728.0,1.843506,0.684779,GBR,350290
9902058,81,6517,2005,13595400.0,8694500.0,1.805023,0.425654,GBR,350290
9902059,81,6517,2006,13145456.0,12118053.0,1.824154,0.614424,GBR,350290
9902060,81,6517,2007,15383677.0,17811016.0,1.718661,0.35525300000000004,GBR,350290
9902061,81,6517,2008,14633482.0,14718898.0,1.7586119999999998,0.061214,GBR,350290
9902062,81,6517,2009,14999610.0,15161508.0,1.7921779999999998,0.41211499999999995,GBR,350290
9902063,81,6517,2010,15780936.0,26722891.0,1.828224,0.386383,GBR,350290
9902064,81,6517,2011,27214144.0,44987105.0,1.8048220000000001,0.380141,GBR,350290
9902065,81,6517,2012,39011181.0,48265363.0,1.701279,0.518166,GBR,350290
9902066,81,6517,2013,48462845.0,72340400.0,1.7901259999999999,0.44164,GBR,350290
9902067,81,6517,2014,68916777.0,101244872.0,1.697964,0.585372,GBR,350290
9902068,81,6517,2015,70730445.0,95738224.0,1.7422990000000003,0.75838,GBR,350290
9902069,81,6517,2016,65825920.0,79261805.0,1.6974669999999998,0.9231299999999999,GBR,350290
9902070,81,6517,2017,72342292.0,116201302.0,1.6883119999999998,0.8347469999999999,GBR,350290
9902071,81,6517,2018,70314027.0,84646413.0,1.693008,0.768159,GBR,350290
9902072,81,6517,2019,67011428.0,95538942.0,1.731106,0.717566,GBR,350290
9902073,81,6517,2020,62018487.0,109270942.0,1.6459,0.7702640000000001,GBR,350290
9902074,82,6517,1995,,,1.082754,0.059275,GEO,350290
9902075,82,6517,1996,0.0,8152.0,0.5383020000000001,0.167596,GEO,350290
9902076,82,6517,1997,,,0.304927,-0.082,GEO,350290
9902077,82,6517,1998,,,0.644307,0.304707,GEO,350290
9902078,82,6517,1999,,,0.50297,0.042010000000000006,GEO,350290
9902079,82,6517,2000,,,0.571461,0.10845999999999999,GEO,350290
9902080,82,6517,2001,,,0.585568,-0.047744999999999996,GEO,350290
9902081,82,6517,2002,0.0,43265.0,0.662382,-0.124825,GEO,350290
9902082,82,6517,2003,,,0.595485,-0.25939,GEO,350290
9902083,82,6517,2004,,,0.381348,-0.44259,GEO,350290
9902084,82,6517,2005,,,0.041261,-0.530021,GEO,350290
9902085,82,6517,2006,0.0,2869.0,0.076711,-0.47216099999999994,GEO,350290
9902086,82,6517,2007,,,0.016077,-0.386962,GEO,350290
9902087,82,6517,2008,0.0,1014.0,-0.355095,-0.660181,GEO,350290
9902088,82,6517,2009,,,0.045952,-0.381822,GEO,350290
9902089,82,6517,2010,,,-0.21301399999999998,-0.48355299999999996,GEO,350290
9902090,82,6517,2011,0.0,1174.0,-0.07754,-0.35434699999999997,GEO,350290
9902091,82,6517,2012,0.0,26690.0,-0.29418,-0.63162,GEO,350290
9902092,82,6517,2013,0.0,21656.0,-0.160691,-0.393419,GEO,350290
9902093,82,6517,2014,0.0,16755.0,-0.254106,-0.646584,GEO,350290
9902094,82,6517,2015,0.0,226396.0,-0.343663,-0.588017,GEO,350290
9902095,82,6517,2016,0.0,164974.0,-0.388359,-0.51175,GEO,350290
9902096,82,6517,2017,0.0,9133.0,-0.241749,-0.374727,GEO,350290
9902097,82,6517,2018,0.0,181330.0,-0.049871,-0.28439899999999996,GEO,350290
9902098,82,6517,2019,0.0,149680.0,-0.057798,-0.206771,GEO,350290
9902099,82,6517,2020,0.0,32838.0,-0.199775,-0.38684,GEO,350290
9902100,83,6517,1995,,,-1.247755,-1.070455,GHA,350290
9902101,83,6517,1996,0.0,2144.0,-1.035244,-0.9834129999999999,GHA,350290
9902102,83,6517,1997,,,-1.012728,-0.939893,GHA,350290
9902103,83,6517,1998,,,-1.215123,-1.0427620000000002,GHA,350290
9902104,83,6517,1999,0.0,55897.0,-0.9444520000000001,-0.905826,GHA,350290
9902105,83,6517,2000,0.0,1074.0,-1.192608,-0.811986,GHA,350290
9902106,83,6517,2001,,,-0.961067,-0.780449,GHA,350290
9902107,83,6517,2002,,,-1.333425,-1.0709879999999998,GHA,350290
9902108,83,6517,2003,,,-1.074188,-0.7127319999999999,GHA,350290
9902109,83,6517,2004,,,-1.2972540000000001,-0.9967219999999999,GHA,350290
9902110,83,6517,2005,,,-1.031092,-0.820743,GHA,350290
9902111,83,6517,2006,0.0,10885.0,-0.9934860000000001,-0.809318,GHA,350290
9902112,83,6517,2007,0.0,12330.0,-0.906867,-0.565891,GHA,350290
9902113,83,6517,2008,0.0,33672.0,-0.9339360000000001,-0.701724,GHA,350290
9902114,83,6517,2009,0.0,916.0,-0.909436,-0.6619470000000001,GHA,350290
9902115,83,6517,2010,,,-0.835003,-0.633731,GHA,350290
9902116,83,6517,2011,,,-0.8627319999999999,-0.608823,GHA,350290
9902117,83,6517,2012,0.0,2481.0,-0.9610920000000001,-0.745232,GHA,350290
9902118,83,6517,2013,,,-0.7316010000000001,-0.5327689999999999,GHA,350290
9902119,83,6517,2014,0.0,2317.0,-1.130226,-0.9909379999999999,GHA,350290
9902120,83,6517,2015,0.0,12726.0,-0.750568,-0.690257,GHA,350290
9902121,83,6517,2016,,,-0.945358,-0.805301,GHA,350290
9902122,83,6517,2017,0.0,13860.0,-0.929143,-0.811439,GHA,350290
9902123,83,6517,2018,0.0,1225.0,-0.956109,-0.861556,GHA,350290
9902124,83,6517,2019,1130.0,1536.0,-0.9581,-0.8727879999999999,GHA,350290
9902125,83,6517,2020,0.0,16750.0,-0.973506,-0.9559139999999999,GHA,350290
9902126,84,6517,1995,,,0.784189,-0.224741,GIB,350290
9902127,84,6517,1996,,,0.932001,-0.20733400000000002,GIB,350290
9902128,84,6517,1997,,,0.811642,-0.186555,GIB,350290
9902129,84,6517,1998,,,0.6941689999999999,-0.21656,GIB,350290
9902130,84,6517,1999,,,0.609578,-0.316135,GIB,350290
9902131,84,6517,2000,,,0.589325,-0.358073,GIB,350290
9902132,84,6517,2001,,,0.5955739999999999,-0.39100799999999997,GIB,350290
9902133,84,6517,2002,,,0.814919,-0.205996,GIB,350290
9902134,84,6517,2003,,,1.133606,-0.176782,GIB,350290
9902135,84,6517,2004,,,0.466397,-0.627153,GIB,350290
9902136,84,6517,2005,0.0,11957.0,0.637355,-0.465557,GIB,350290
9902137,84,6517,2006,,,0.8370120000000001,-0.35099400000000003,GIB,350290
9902138,84,6517,2007,,,0.794616,-0.287001,GIB,350290
9902139,84,6517,2008,,,0.938815,-0.361914,GIB,350290
9902140,84,6517,2009,0.0,1018.0,0.9646979999999999,-0.461183,GIB,350290
9902141,84,6517,2010,,,0.570018,-0.585911,GIB,350290
9902142,84,6517,2011,,,0.8442850000000001,-0.435222,GIB,350290
9902143,84,6517,2012,0.0,3142.0,0.930638,-0.558299,GIB,350290
9902144,84,6517,2013,0.0,28610.0,0.991136,-0.603793,GIB,350290
9902145,84,6517,2014,0.0,28293.0,0.275796,-0.720217,GIB,350290
9902146,84,6517,2015,0.0,29440.0,0.535143,-0.750155,GIB,350290
9902147,84,6517,2016,0.0,22411.0,0.8535370000000001,-0.661778,GIB,350290
9902148,84,6517,2017,0.0,14444.0,0.767836,-0.725273,GIB,350290
9902149,84,6517,2018,,,0.420756,-0.6854140000000001,GIB,350290
9902150,84,6517,2019,0.0,3048.0,0.5167470000000001,-0.484465,GIB,350290
9902151,84,6517,2020,,,0.710597,-0.445858,GIB,350290
9902152,85,6517,1995,,,-1.304768,-1.077826,GIN,350290
9902153,85,6517,1996,,,-1.2641930000000001,-1.1317409999999999,GIN,350290
9902154,85,6517,1997,,,-1.529401,-1.163973,GIN,350290
9902155,85,6517,1998,,,-1.676035,-1.248894,GIN,350290
9902156,85,6517,1999,,,-1.950321,-1.269807,GIN,350290
9902157,85,6517,2000,,,-1.523998,-1.197719,GIN,350290
9902158,85,6517,2001,,,-1.5380340000000001,-1.200083,GIN,350290
9902159,85,6517,2002,,,-1.85329,-1.243105,GIN,350290
9902160,85,6517,2003,,,-2.14752,-1.250048,GIN,350290
9902161,85,6517,2004,0.0,1855.0,-1.314543,-1.155153,GIN,350290
9902162,85,6517,2005,0.0,2473.0,-1.55683,-1.200541,GIN,350290
9902163,85,6517,2006,,,-1.8376720000000002,-1.229774,GIN,350290
9902164,85,6517,2007,,,-1.694335,-1.230744,GIN,350290
9902165,85,6517,2008,,,-1.530997,-1.171231,GIN,350290
9902166,85,6517,2009,,,-1.618121,-1.2200520000000001,GIN,350290
9902167,85,6517,2010,,,-1.6761720000000002,-1.181665,GIN,350290
9902168,85,6517,2011,,,-1.728661,-1.193353,GIN,350290
9902169,85,6517,2012,,,-1.735487,-1.225333,GIN,350290
9902170,85,6517,2013,,,-1.1287459999999998,-1.069735,GIN,350290
9902171,85,6517,2014,,,-1.628409,-1.202473,GIN,350290
9902172,85,6517,2015,0.0,2034.0,-1.288329,-1.167532,GIN,350290
9902173,85,6517,2016,,,-1.474753,-1.215627,GIN,350290
9902174,85,6517,2017,,,-1.7560669999999998,-1.2747680000000001,GIN,350290
9902175,85,6517,2018,0.0,1691.0,-1.036697,-1.1562860000000001,GIN,350290
9902176,85,6517,2019,,,-1.366633,-1.196123,GIN,350290
9902177,85,6517,2020,,,-1.841029,-1.233167,GIN,350290
9902178,86,6517,1995,0.0,3420.0,0.563491,-0.18852,GLP,350290
9902179,86,6517,1996,,,,,GLP,350290
9902180,86,6517,1997,,,,,GLP,350290
9902181,86,6517,1998,,,,,GLP,350290
9902182,86,6517,1999,,,,,GLP,350290
9902183,86,6517,2000,,,,,GLP,350290
9902184,86,6517,2001,,,,,GLP,350290
9902185,86,6517,2002,,,,,GLP,350290
9902186,86,6517,2003,,,,,GLP,350290
9902187,86,6517,2004,,,,,GLP,350290
9902188,86,6517,2005,,,,,GLP,350290
9902189,86,6517,2006,,,,,GLP,350290
9902190,86,6517,2007,,,,,GLP,350290
9902191,86,6517,2008,,,,,GLP,350290
9902192,86,6517,2009,,,,,GLP,350290
9902193,86,6517,2010,,,,,GLP,350290
9902194,86,6517,2011,,,,,GLP,350290
9902195,86,6517,2012,,,,,GLP,350290
9902196,86,6517,2013,,,,,GLP,350290
9902197,86,6517,2014,,,,,GLP,350290
9902198,86,6517,2015,,,,,GLP,350290
9902199,86,6517,2016,,,,,GLP,350290
9902200,86,6517,2017,,,,,GLP,350290
9902201,86,6517,2018,,,,,GLP,350290
9902202,86,6517,2019,,,,,GLP,350290
9902203,86,6517,2020,,,,,GLP,350290
9902204,87,6517,1995,,,-0.605221,-0.700982,GMB,350290
9902205,87,6517,1996,,,-1.028677,-0.8440540000000001,GMB,350290
9902206,87,6517,1997,,,-0.6977300000000001,-0.7753720000000001,GMB,350290
9902207,87,6517,1998,,,-0.8280120000000001,-0.783022,GMB,350290
9902208,87,6517,1999,,,-0.768406,-0.764934,GMB,350290
9902209,87,6517,2000,,,-0.468837,-0.532772,GMB,350290
9902210,87,6517,2001,,,-0.160182,-0.24737399999999998,GMB,350290
9902211,87,6517,2002,,,0.075971,-0.068413,GMB,350290
9902212,87,6517,2003,,,-0.230541,-0.275663,GMB,350290
9902213,87,6517,2004,,,-0.135943,-0.226541,GMB,350290
9902214,87,6517,2005,,,-0.223043,-0.361032,GMB,350290
9902215,87,6517,2006,,,-0.378539,-0.48427200000000004,GMB,350290
9902216,87,6517,2007,0.0,44893.0,-0.8336680000000001,-0.8261860000000001,GMB,350290
9902217,87,6517,2008,0.0,63061.0,-0.39378,-0.509879,GMB,350290
9902218,87,6517,2009,,,-0.573979,-0.644636,GMB,350290
9902219,87,6517,2010,,,-0.894757,-0.734589,GMB,350290
9902220,87,6517,2011,,,-0.621556,-0.64336,GMB,350290
9902221,87,6517,2012,,,-0.488296,-0.6730510000000001,GMB,350290
9902222,87,6517,2013,,,-0.5571550000000001,-0.6860310000000001,GMB,350290
9902223,87,6517,2014,,,-0.905488,-0.7892819999999999,GMB,350290
9902224,87,6517,2015,,,-0.984775,-0.877886,GMB,350290
9902225,87,6517,2016,,,-0.743023,-0.833044,GMB,350290
9902226,87,6517,2017,,,-1.161814,-0.9317190000000001,GMB,350290
9902227,87,6517,2018,,,-0.85649,-0.761513,GMB,350290
9902228,87,6517,2019,0.0,6576.0,-1.0174450000000002,-0.790743,GMB,350290
9902229,87,6517,2020,,,-1.11216,-0.956471,GMB,350290
9902230,88,6517,1995,,,-1.58566,-0.8226829999999999,GNB,350290
9902231,88,6517,1996,,,-1.853188,-0.8371649999999999,GNB,350290
9902232,88,6517,1997,,,-1.9366400000000001,-1.000259,GNB,350290
9902233,88,6517,1998,,,-1.8103790000000002,-0.9481790000000001,GNB,350290
9902234,88,6517,1999,,,-1.7561959999999999,-0.957758,GNB,350290
9902235,88,6517,2000,,,-2.4014330000000004,-1.001641,GNB,350290
9902236,88,6517,2001,,,-1.580625,-0.9665860000000001,GNB,350290
9902237,88,6517,2002,,,-0.661416,-0.8644870000000001,GNB,350290
9902238,88,6517,2003,,,0.24509499999999998,-0.612725,GNB,350290
9902239,88,6517,2004,,,-1.423263,-0.9892280000000001,GNB,350290
9902240,88,6517,2005,,,-1.631378,-0.9792690000000001,GNB,350290
9902241,88,6517,2006,,,-1.528471,-0.926991,GNB,350290
9902242,88,6517,2007,,,-1.416947,-1.011782,GNB,350290
9902243,88,6517,2008,,,-1.9234919999999998,-1.055369,GNB,350290
9902244,88,6517,2009,,,-0.6868890000000001,-0.9243459999999999,GNB,350290
9902245,88,6517,2010,,,-1.695338,-0.9196790000000001,GNB,350290
9902246,88,6517,2011,,,-0.839621,-0.6918850000000001,GNB,350290
9902247,88,6517,2012,,,-1.6792029999999998,-1.0008629999999998,GNB,350290
9902248,88,6517,2013,,,-2.414729,-0.9398700000000001,GNB,350290
9902249,88,6517,2014,,,-1.6723700000000001,-0.896442,GNB,350290
9902250,88,6517,2015,,,-2.6546,-1.010989,GNB,350290
9902251,88,6517,2016,,,-1.671858,-1.043328,GNB,350290
9902252,88,6517,2017,,,-2.418518,-0.954242,GNB,350290
9902253,88,6517,2018,,,-2.260375,-1.038929,GNB,350290
9902254,88,6517,2019,,,-1.9842009999999999,-1.0293379999999999,GNB,350290
9902255,88,6517,2020,,,-1.172138,-0.944076,GNB,350290
9902256,89,6517,1995,,,-2.276493,-0.847433,GNQ,350290
9902257,89,6517,1996,,,-1.832253,-0.7935300000000001,GNQ,350290
9902258,89,6517,1997,,,-1.447242,-0.830466,GNQ,350290
9902259,89,6517,1998,,,-2.5150919999999997,-0.9077930000000001,GNQ,350290
9902260,89,6517,1999,,,-1.390101,-0.91989,GNQ,350290
9902261,89,6517,2000,,,-2.387934,-0.9495290000000001,GNQ,350290
9902262,89,6517,2001,,,-2.0882959999999997,-0.921539,GNQ,350290
9902263,89,6517,2002,,,-2.3567560000000003,-0.88686,GNQ,350290
9902264,89,6517,2003,,,-2.4406529999999997,-0.821155,GNQ,350290
9902265,89,6517,2004,,,-1.093261,-0.8802639999999999,GNQ,350290
9902266,89,6517,2005,,,-1.804466,-0.83998,GNQ,350290
9902267,89,6517,2006,,,-2.188173,-0.8631700000000001,GNQ,350290
9902268,89,6517,2007,,,-1.406911,-0.8466950000000001,GNQ,350290
9902269,89,6517,2008,,,-1.059208,-0.843542,GNQ,350290
9902270,89,6517,2009,,,-1.426661,-0.9459870000000001,GNQ,350290
9902271,89,6517,2010,,,-1.077402,-0.86556,GNQ,350290
9902272,89,6517,2011,,,-1.634315,-0.7567729999999999,GNQ,350290
9902273,89,6517,2012,,,-1.297351,-0.926208,GNQ,350290
9902274,89,6517,2013,,,-1.521575,-0.814708,GNQ,350290
9902275,89,6517,2014,,,-2.043516,-0.844701,GNQ,350290
9902276,89,6517,2015,,,-1.585577,-0.9044979999999999,GNQ,350290
9902277,89,6517,2016,,,-1.766286,-0.9607709999999999,GNQ,350290
9902278,89,6517,2017,,,-1.735486,-0.9254180000000001,GNQ,350290
9902279,89,6517,2018,,,-2.017117,-0.975924,GNQ,350290
9902280,89,6517,2019,,,-1.9057680000000001,-0.968132,GNQ,350290
9902281,89,6517,2020,,,-1.5979940000000001,-0.9529340000000001,GNQ,350290
9902282,90,6517,1995,0.0,114902.0,0.17369,0.885756,GRC,350290
9902283,90,6517,1996,122169.0,314679.0,0.271386,1.042608,GRC,350290
9902284,90,6517,1997,0.0,438178.0,0.229516,1.085225,GRC,350290
9902285,90,6517,1998,22103.0,439772.0,0.183835,1.1512790000000002,GRC,350290
9902286,90,6517,1999,4514.0,335651.0,0.24943600000000002,1.172467,GRC,350290
9902287,90,6517,2000,21969.0,347236.0,0.30201300000000003,1.4171799999999999,GRC,350290
9902288,90,6517,2001,15702.0,728729.0,0.31387600000000004,1.3614600000000001,GRC,350290
9902289,90,6517,2002,9501.0,2531692.0,0.31858000000000003,1.47417,GRC,350290
9902290,90,6517,2003,17154.0,2961018.0,0.364688,1.4823959999999998,GRC,350290
9902291,90,6517,2004,27121.0,2112518.0,0.348853,1.661656,GRC,350290
9902292,90,6517,2005,31496.0,812420.0,0.321907,1.7731669999999997,GRC,350290
9902293,90,6517,2006,17754.0,923651.0,0.261955,1.488958,GRC,350290
9902294,90,6517,2007,228115.0,1174177.0,0.348709,1.674567,GRC,350290
9902295,90,6517,2008,159767.0,2379153.0,0.33272399999999996,1.758188,GRC,350290
9902296,90,6517,2009,156867.0,1196129.0,0.2196,1.63301,GRC,350290
9902297,90,6517,2010,284760.0,1893503.0,0.200249,1.4640090000000001,GRC,350290
9902298,90,6517,2011,356799.0,2322376.0,0.138679,1.30044,GRC,350290
9902299,90,6517,2012,2073457.0,2167762.0,0.20949600000000002,1.086158,GRC,350290
9902300,90,6517,2013,1122140.0,2551654.0,0.18823800000000002,0.910906,GRC,350290
9902301,90,6517,2014,512166.0,1805417.0,0.149337,0.8560540000000001,GRC,350290
9902302,90,6517,2015,346872.0,3083577.0,0.099027,1.012289,GRC,350290
9902303,90,6517,2016,234617.0,3738219.0,0.12153499999999999,1.126101,GRC,350290
9902304,90,6517,2017,336537.0,3631498.0,0.154098,1.151038,GRC,350290
9902305,90,6517,2018,714918.0,2901412.0,0.059539999999999996,1.0321879999999999,GRC,350290
9902306,90,6517,2019,1516689.0,5156066.0,0.08904400000000001,1.059396,GRC,350290
9902307,90,6517,2020,3535088.0,5693662.0,0.199011,1.087811,GRC,350290
9902308,91,6517,1995,,,0.15883699999999998,-0.514984,GRD,350290
9902309,91,6517,1996,,,0.285534,-0.37242600000000003,GRD,350290
9902310,91,6517,1997,,,0.24891799999999997,-0.44986499999999996,GRD,350290
9902311,91,6517,1998,,,-0.249689,-0.7117,GRD,350290
9902312,91,6517,1999,,,-0.157276,-0.625791,GRD,350290
9902313,91,6517,2000,,,0.26865500000000003,-0.449797,GRD,350290
9902314,91,6517,2001,,,-0.007888,-0.518167,GRD,350290
9902315,91,6517,2002,0.0,4830.0,0.552833,-0.283761,GRD,350290
9902316,91,6517,2003,,,0.3936,-0.258355,GRD,350290
9902317,91,6517,2004,,,0.40210100000000004,-0.382662,GRD,350290
9902318,91,6517,2005,,,0.18640299999999999,-0.5731930000000001,GRD,350290
9902319,91,6517,2006,,,0.19208599999999998,-0.40781,GRD,350290
9902320,91,6517,2007,,,0.043229000000000004,-0.664795,GRD,350290
9902321,91,6517,2008,,,0.6186010000000001,-0.170518,GRD,350290
9902322,91,6517,2009,,,0.035948,-0.586996,GRD,350290
9902323,91,6517,2010,,,-0.1543,-0.779396,GRD,350290
9902324,91,6517,2011,,,-0.11610999999999999,-0.579971,GRD,350290
9902325,91,6517,2012,,,0.20538800000000001,-0.529008,GRD,350290
9902326,91,6517,2013,,,0.073206,-0.567926,GRD,350290
9902327,91,6517,2014,,,-0.184151,-0.7291270000000001,GRD,350290
9902328,91,6517,2015,0.0,1053.0,0.296552,-0.335908,GRD,350290
9902329,91,6517,2016,0.0,1231.0,0.6993729999999999,-0.250698,GRD,350290
9902330,91,6517,2017,0.0,859.0,0.384656,-0.317098,GRD,350290
9902331,91,6517,2018,0.0,1127.0,0.28333800000000003,-0.40042,GRD,350290
9902332,91,6517,2019,,,0.297653,-0.409112,GRD,350290
9902333,91,6517,2020,,,0.285169,-0.284221,GRD,350290
9902334,92,6517,1995,,,-0.723404,-0.794883,GRL,350290
9902335,92,6517,1996,,,-0.8826879999999999,-0.777868,GRL,350290
9902336,92,6517,1997,,,-0.880433,-0.8654799999999999,GRL,350290
9902337,92,6517,1998,,,-1.011085,-0.8786809999999999,GRL,350290
9902338,92,6517,1999,,,-0.832216,-0.906492,GRL,350290
9902339,92,6517,2000,,,-0.565631,-0.867934,GRL,350290
9902340,92,6517,2001,,,0.199595,-0.73547,GRL,350290
9902341,92,6517,2002,,,-0.592221,-0.8956799999999999,GRL,350290
9902342,92,6517,2003,,,-0.764655,-0.8684200000000001,GRL,350290
9902343,92,6517,2004,,,-1.31451,-0.969981,GRL,350290
9902344,92,6517,2005,0.0,2465.0,-0.8994700000000001,-0.922005,GRL,350290
9902345,92,6517,2006,0.0,1749.0,-1.0014,-0.935995,GRL,350290
9902346,92,6517,2007,,,-1.102012,-0.978591,GRL,350290
9902347,92,6517,2008,0.0,1311266.0,-0.669996,-0.909798,GRL,350290
9902348,92,6517,2009,0.0,5632.0,-1.29302,-1.024092,GRL,350290
9902349,92,6517,2010,,,-0.45149700000000004,-0.9039299999999999,GRL,350290
9902350,92,6517,2011,,,-0.669044,-0.787142,GRL,350290
9902351,92,6517,2012,,,-0.723743,-0.938377,GRL,350290
9902352,92,6517,2013,,,-0.801617,-0.8734120000000001,GRL,350290
9902353,92,6517,2014,,,-1.168495,-0.93096,GRL,350290
9902354,92,6517,2015,,,-1.017707,-0.913467,GRL,350290
9902355,92,6517,2016,,,-1.15173,-0.9915700000000001,GRL,350290
9902356,92,6517,2017,0.0,730.0,-1.226963,-0.9309620000000001,GRL,350290
9902357,92,6517,2018,,,-1.384795,-1.004781,GRL,350290
9902358,92,6517,2019,0.0,1509.0,-0.808258,-0.936559,GRL,350290
9902359,92,6517,2020,,,-1.262925,-0.9767549999999999,GRL,350290
9902360,93,6517,1995,1903.0,40944.0,-0.241468,0.170932,GTM,350290
9902361,93,6517,1996,0.0,60485.0,-0.332901,0.23790300000000003,GTM,350290
9902362,93,6517,1997,0.0,51569.0,-0.310042,0.2096,GTM,350290
9902363,93,6517,1998,1042.0,316854.0,-0.344999,0.155524,GTM,350290
9902364,93,6517,1999,12105.0,179357.0,-0.459323,0.210247,GTM,350290
9902365,93,6517,2000,1939.0,213388.0,-0.452607,0.317698,GTM,350290
9902366,93,6517,2001,14705.0,100908.0,-0.5089520000000001,0.216677,GTM,350290
9902367,93,6517,2002,7811.0,60562.0,-0.548834,-0.034464999999999996,GTM,350290
9902368,93,6517,2003,29039.0,107172.0,-0.444162,0.145319,GTM,350290
9902369,93,6517,2004,43591.0,153185.0,-0.46136000000000005,0.148122,GTM,350290
9902370,93,6517,2005,0.0,136389.0,-0.414479,0.41440200000000005,GTM,350290
9902371,93,6517,2006,1624.0,219692.0,-0.28642199999999995,0.5868439999999999,GTM,350290
9902372,93,6517,2007,120741.0,674490.0,-0.261899,0.643437,GTM,350290
9902373,93,6517,2008,10270.0,493808.0,-0.271973,0.720486,GTM,350290
9902374,93,6517,2009,7241.0,330593.0,-0.33276999999999995,0.551257,GTM,350290
9902375,93,6517,2010,1342.0,314249.0,-0.39034,0.743521,GTM,350290
9902376,93,6517,2011,0.0,507159.0,-0.329497,0.775369,GTM,350290
9902377,93,6517,2012,0.0,543316.0,-0.265127,0.626089,GTM,350290
9902378,93,6517,2013,3466.0,252819.0,-0.41466499999999995,0.774788,GTM,350290
9902379,93,6517,2014,0.0,321617.0,-0.36547199999999996,0.548894,GTM,350290
9902380,93,6517,2015,0.0,281219.0,-0.284403,0.525564,GTM,350290
9902381,93,6517,2016,24059.0,172612.0,-0.414843,0.382162,GTM,350290
9902382,93,6517,2017,56286.0,49601.0,-0.418538,0.557454,GTM,350290
9902383,93,6517,2018,0.0,138883.0,-0.362668,0.520826,GTM,350290
9902384,93,6517,2019,7192.0,351718.0,-0.43447299999999994,0.658475,GTM,350290
9902385,93,6517,2020,11714.0,650642.0,-0.32240100000000005,0.542048,GTM,350290
9902386,94,6517,1995,0.0,6189.0,1.1777959999999998,-0.052863,GUF,350290
9902387,94,6517,1996,,,,,GUF,350290
9902388,94,6517,1997,,,,,GUF,350290
9902389,94,6517,1998,,,,,GUF,350290
9902390,94,6517,1999,,,,,GUF,350290
9902391,94,6517,2000,,,,,GUF,350290
9902392,94,6517,2001,,,,,GUF,350290
9902393,94,6517,2002,,,,,GUF,350290
9902394,94,6517,2003,,,,,GUF,350290
9902395,94,6517,2004,,,,,GUF,350290
9902396,94,6517,2005,,,,,GUF,350290
9902397,94,6517,2006,,,,,GUF,350290
9902398,94,6517,2007,,,,,GUF,350290
9902399,94,6517,2008,,,,,GUF,350290
9902400,94,6517,2009,,,,,GUF,350290
9902401,94,6517,2010,,,,,GUF,350290
9902402,94,6517,2011,,,,,GUF,350290
9902403,94,6517,2012,,,,,GUF,350290
9902404,94,6517,2013,,,,,GUF,350290
9902405,94,6517,2014,,,,,GUF,350290
9902406,94,6517,2015,,,,,GUF,350290
9902407,94,6517,2016,,,,,GUF,350290
9902408,94,6517,2017,,,,,GUF,350290
9902409,94,6517,2018,,,,,GUF,350290
9902410,94,6517,2019,,,,,GUF,350290
9902411,94,6517,2020,,,,,GUF,350290
9902412,95,6517,1995,,,,,GUM,350290
9902413,95,6517,1996,,,,,GUM,350290
9902414,95,6517,1997,,,,,GUM,350290
9902415,95,6517,1998,,,,,GUM,350290
9902416,95,6517,1999,,,,,GUM,350290
9902417,95,6517,2000,,,-0.432621,-0.897784,GUM,350290
9902418,95,6517,2001,,,-0.228818,-0.8545719999999999,GUM,350290
9902419,95,6517,2002,,,-0.516203,-0.803461,GUM,350290
9902420,95,6517,2003,,,-0.139991,-0.570695,GUM,350290
9902421,95,6517,2004,,,0.13034500000000002,-0.40525700000000003,GUM,350290
9902422,95,6517,2005,,,0.10963699999999998,-0.44295,GUM,350290
9902423,95,6517,2006,,,0.385261,-0.26928,GUM,350290
9902424,95,6517,2007,,,0.571674,-0.282353,GUM,350290
9902425,95,6517,2008,,,0.33915,-0.240079,GUM,350290
9902426,95,6517,2009,,,0.518098,-0.124172,GUM,350290
9902427,95,6517,2010,,,0.726384,0.182999,GUM,350290
9902428,95,6517,2011,,,0.675826,0.157468,GUM,350290
9902429,95,6517,2012,,,0.392913,-0.070977,GUM,350290
9902430,95,6517,2013,,,0.483541,0.281968,GUM,350290
9902431,95,6517,2014,,,0.6368119999999999,-0.01771,GUM,350290
9902432,95,6517,2015,,,0.658226,0.030897000000000004,GUM,350290
9902433,95,6517,2016,,,0.659809,-0.066939,GUM,350290
9902434,95,6517,2017,,,0.638232,0.033204000000000004,GUM,350290
9902435,95,6517,2018,,,0.560314,-0.11880299999999999,GUM,350290
9902436,95,6517,2019,,,0.12159400000000001,-0.657729,GUM,350290
9902437,95,6517,2020,,,0.27266399999999996,-0.638288,GUM,350290
9902438,96,6517,1995,,,-0.8856,-0.8413700000000001,GUY,350290
9902439,96,6517,1996,,,-0.567617,-0.766822,GUY,350290
9902440,96,6517,1997,,,-0.7141810000000001,-0.8589030000000001,GUY,350290
9902441,96,6517,1998,,,-0.8204450000000001,-0.8914200000000001,GUY,350290
9902442,96,6517,1999,,,-0.97619,-0.8785709999999999,GUY,350290
9902443,96,6517,2000,,,-1.127205,-0.962915,GUY,350290
9902444,96,6517,2001,,,-0.955816,-0.8593069999999999,GUY,350290
9902445,96,6517,2002,,,-0.9485889999999999,-0.9086489999999999,GUY,350290
9902446,96,6517,2003,,,-0.59035,-0.7361340000000001,GUY,350290
9902447,96,6517,2004,,,-1.046232,-0.985188,GUY,350290
9902448,96,6517,2005,,,-0.618542,-0.771821,GUY,350290
9902449,96,6517,2006,,,-0.813775,-0.8000649999999999,GUY,350290
9902450,96,6517,2007,,,-0.889957,-0.873185,GUY,350290
9902451,96,6517,2008,,,-1.0439530000000001,-0.962007,GUY,350290
9902452,96,6517,2009,,,-1.0557809999999999,-1.055825,GUY,350290
9902453,96,6517,2010,,,-1.020217,-1.0231569999999999,GUY,350290
9902454,96,6517,2011,,,-1.079231,-1.0280989999999999,GUY,350290
9902455,96,6517,2012,,,-0.734614,-0.8208489999999999,GUY,350290
9902456,96,6517,2013,0.0,5445.0,-0.8555590000000001,-0.9744450000000001,GUY,350290
9902457,96,6517,2014,,,-1.068777,-1.038227,GUY,350290
9902458,96,6517,2015,0.0,1054.0,-1.018758,-1.056085,GUY,350290
9902459,96,6517,2016,0.0,2923.0,-0.4755,-0.778335,GUY,350290
9902460,96,6517,2017,0.0,518084.0,-0.703271,-0.898648,GUY,350290
9902461,96,6517,2018,0.0,33155.0,-0.841458,-0.9803280000000001,GUY,350290
9902462,96,6517,2019,,,-0.308365,-0.7833359999999999,GUY,350290
9902463,96,6517,2020,,,-0.5874159999999999,-0.8020189999999999,GUY,350290
9902464,97,6517,1995,1182162.0,11428016.0,0.5244449999999999,2.682738,HKG,350290
9902465,97,6517,1996,3800044.0,6136103.0,0.54364,2.727659,HKG,350290
9902466,97,6517,1997,3056698.0,6896088.0,0.521942,2.578405,HKG,350290
9902467,97,6517,1998,2774435.0,2428286.0,0.46966099999999994,2.5744029999999998,HKG,350290
9902468,97,6517,1999,7675642.0,5732318.0,0.387427,2.402434,HKG,350290
9902469,97,6517,2000,3409695.0,2456907.0,0.416202,2.4793950000000002,HKG,350290
9902470,97,6517,2001,2224687.0,1561288.0,0.521528,2.3025,HKG,350290
9902471,97,6517,2002,771751.0,1310351.0,0.5701109999999999,1.989357,HKG,350290
9902472,97,6517,2003,3690887.0,654699.0,0.494569,2.147062,HKG,350290
9902473,97,6517,2004,2594684.0,1043144.0,0.604825,2.098745,HKG,350290
9902474,97,6517,2005,58721.0,927397.0,0.5862149999999999,2.0303459999999998,HKG,350290
9902475,97,6517,2006,854997.0,657723.0,0.5776319999999999,2.076782,HKG,350290
9902476,97,6517,2007,262959.0,1060541.0,0.639034,2.1086009999999997,HKG,350290
9902477,97,6517,2008,918953.0,1285282.0,0.74435,2.149616,HKG,350290
9902478,97,6517,2009,644499.0,553449.0,0.654964,1.98672,HKG,350290
9902479,97,6517,2010,196016.0,813752.0,0.715745,1.9780259999999998,HKG,350290
9902480,97,6517,2011,144949.0,5240688.0,0.663588,1.902118,HKG,350290
9902481,97,6517,2012,524530.0,827218.0,0.8124979999999999,1.677497,HKG,350290
9902482,97,6517,2013,244266.0,935567.0,0.744383,1.923139,HKG,350290
9902483,97,6517,2014,524532.0,2888967.0,0.812132,1.722493,HKG,350290
9902484,97,6517,2015,123044.0,1055997.0,0.8255290000000001,1.8017279999999998,HKG,350290
9902485,97,6517,2016,671977.0,1709700.0,0.8029029999999999,1.477249,HKG,350290
9902486,97,6517,2017,9681.0,1839491.0,0.824982,1.7162220000000001,HKG,350290
9902487,97,6517,2018,26309.0,1449435.0,0.843677,1.656073,HKG,350290
9902488,97,6517,2019,221716.0,3499024.0,0.992556,1.523004,HKG,350290
9902489,97,6517,2020,9126.0,914335.0,1.070483,1.183618,HKG,350290
9902490,98,6517,1995,,,,,HMD,350290
9902491,98,6517,1996,,,,,HMD,350290
9902492,98,6517,1997,,,,,HMD,350290
9902493,98,6517,1998,,,,,HMD,350290
9902494,98,6517,1999,,,,,HMD,350290
9902495,98,6517,2000,,,0.5964520000000001,-0.776101,HMD,350290
9902496,98,6517,2001,,,0.646155,-0.73333,HMD,350290
9902497,98,6517,2002,,,0.0012929999999999999,-0.8448479999999999,HMD,350290
9902498,98,6517,2003,,,1.144117,-0.703569,HMD,350290
9902499,98,6517,2004,,,0.462296,-0.784625,HMD,350290
9902500,98,6517,2005,,,-1.00294,-0.900342,HMD,350290
9902501,98,6517,2006,,,0.247049,-0.780273,HMD,350290
9902502,98,6517,2007,,,0.645392,-0.6719970000000001,HMD,350290
9902503,98,6517,2008,,,0.319506,-0.794439,HMD,350290
9902504,98,6517,2009,,,1.877332,-0.753691,HMD,350290
9902505,98,6517,2010,,,1.514377,-0.696689,HMD,350290
9902506,98,6517,2011,,,1.101177,-0.534424,HMD,350290
9902507,98,6517,2012,,,-1.101992,-0.773688,HMD,350290
9902508,98,6517,2013,,,-1.285513,-0.81486,HMD,350290
9902509,98,6517,2014,,,1.634657,-0.634681,HMD,350290
9902510,98,6517,2015,,,0.7990550000000001,-0.871886,HMD,350290
9902511,98,6517,2016,,,1.1556879999999998,-0.877059,HMD,350290
9902512,98,6517,2017,,,1.734589,-0.733194,HMD,350290
9902513,98,6517,2018,,,0.799866,-0.8623620000000001,HMD,350290
9902514,98,6517,2019,,,-0.20277799999999999,-0.928184,HMD,350290
9902515,98,6517,2020,,,1.878707,-0.7548239999999999,HMD,350290
9902516,99,6517,1995,0.0,570.0,-0.765536,-0.668834,HND,350290
9902517,99,6517,1996,,,-0.69357,-0.48721400000000004,HND,350290
9902518,99,6517,1997,,,-0.832161,-0.5578270000000001,HND,350290
9902519,99,6517,1998,0.0,1727.0,-0.9326049999999999,-0.598527,HND,350290
9902520,99,6517,1999,,,-0.8858290000000001,-0.530034,HND,350290
9902521,99,6517,2000,0.0,14816.0,-0.860977,-0.6851109999999999,HND,350290
9902522,99,6517,2001,0.0,884.0,-0.8003060000000001,-0.602097,HND,350290
9902523,99,6517,2002,0.0,13477.0,-0.877043,-0.658185,HND,350290
9902524,99,6517,2003,0.0,13805.0,-0.733546,-0.568585,HND,350290
9902525,99,6517,2004,0.0,4594.0,-0.75975,-0.548407,HND,350290
9902526,99,6517,2005,0.0,6671.0,-0.731899,-0.54884,HND,350290
9902527,99,6517,2006,0.0,24485.0,-0.672074,-0.472138,HND,350290
9902528,99,6517,2007,0.0,39805.0,-0.6366,-0.327447,HND,350290
9902529,99,6517,2008,,,-0.5907,-0.351317,HND,350290
9902530,99,6517,2009,0.0,18164.0,-0.587607,-0.189167,HND,350290
9902531,99,6517,2010,0.0,34523.0,-0.569501,-0.153122,HND,350290
9902532,99,6517,2011,19158.0,55537.0,-0.740241,-0.311952,HND,350290
9902533,99,6517,2012,0.0,11040.0,-0.45962299999999995,-0.002247,HND,350290
9902534,99,6517,2013,,,-0.731431,-0.310927,HND,350290
9902535,99,6517,2014,0.0,5420.0,-0.467004,0.045511,HND,350290
9902536,99,6517,2015,,,-0.578635,-0.292053,HND,350290
9902537,99,6517,2016,0.0,54904.0,-0.673741,-0.403777,HND,350290
9902538,99,6517,2017,22308.0,27619.0,-0.6335689999999999,-0.334201,HND,350290
9902539,99,6517,2018,0.0,37310.0,-0.523738,-0.193198,HND,350290
9902540,99,6517,2019,7591.0,50223.0,-0.6444439999999999,-0.203443,HND,350290
9902541,99,6517,2020,0.0,61626.0,-0.583329,-0.404227,HND,350290
9902542,100,6517,1995,27861.0,23808.0,0.75325,1.395715,HRV,350290
9902543,100,6517,1996,0.0,46475.0,0.772706,1.1075270000000002,HRV,350290
9902544,100,6517,1997,11058.0,77364.0,0.607903,1.147751,HRV,350290
9902545,100,6517,1998,18228.0,72152.0,0.692779,0.9919530000000001,HRV,350290
9902546,100,6517,1999,0.0,69576.0,0.572934,0.9873639999999999,HRV,350290
9902547,100,6517,2000,0.0,51773.0,0.683921,1.0184959999999998,HRV,350290
9902548,100,6517,2001,3345.0,33601.0,0.544596,0.969535,HRV,350290
9902549,100,6517,2002,0.0,5683.0,0.591276,1.030723,HRV,350290
9902550,100,6517,2003,7379.0,1963.0,0.568394,1.230759,HRV,350290
9902551,100,6517,2004,0.0,80192.0,0.6669970000000001,1.088043,HRV,350290
9902552,100,6517,2005,0.0,32314.0,0.687937,1.059269,HRV,350290
9902553,100,6517,2006,0.0,18574.0,0.755787,0.992614,HRV,350290
9902554,100,6517,2007,0.0,58614.0,0.7799699999999999,1.1047850000000001,HRV,350290
9902555,100,6517,2008,0.0,91289.0,0.874459,1.075102,HRV,350290
9902556,100,6517,2009,0.0,167616.0,0.740174,1.005258,HRV,350290
9902557,100,6517,2010,0.0,133810.0,0.8276979999999999,0.97415,HRV,350290
9902558,100,6517,2011,0.0,81624.0,0.868294,0.9424299999999999,HRV,350290
9902559,100,6517,2012,0.0,47920.0,0.890281,1.02053,HRV,350290
9902560,100,6517,2013,0.0,385267.0,0.898284,1.038807,HRV,350290
9902561,100,6517,2014,0.0,80668.0,0.804401,1.250807,HRV,350290
9902562,100,6517,2015,46555.0,629806.0,0.7590140000000001,1.257415,HRV,350290
9902563,100,6517,2016,15623.0,871725.0,0.8695200000000001,1.214791,HRV,350290
9902564,100,6517,2017,21715.0,2292304.0,0.860825,1.365445,HRV,350290
9902565,100,6517,2018,69846.0,2332935.0,0.7923720000000001,1.4047209999999999,HRV,350290
9902566,100,6517,2019,33938.0,5159423.0,0.850527,1.280845,HRV,350290
9902567,100,6517,2020,20915.0,2702060.0,0.876001,1.250877,HRV,350290
9902568,101,6517,1995,,,-0.761827,-0.6020310000000001,HTI,350290
9902569,101,6517,1996,,,-0.865218,-0.723441,HTI,350290
9902570,101,6517,1997,,,-0.945809,-0.7246560000000001,HTI,350290
9902571,101,6517,1998,,,-1.186197,-0.925901,HTI,350290
9902572,101,6517,1999,,,-1.321531,-0.934434,HTI,350290
9902573,101,6517,2000,,,-1.119661,-0.823765,HTI,350290
9902574,101,6517,2001,,,-1.220515,-0.8502200000000001,HTI,350290
9902575,101,6517,2002,,,-1.220251,-0.8176859999999999,HTI,350290
9902576,101,6517,2003,,,-1.3761290000000002,-1.006346,HTI,350290
9902577,101,6517,2004,,,-1.348507,-0.979369,HTI,350290
9902578,101,6517,2005,,,-1.2804229999999999,-1.018106,HTI,350290
9902579,101,6517,2006,,,-1.037941,-0.9475790000000001,HTI,350290
9902580,101,6517,2007,,,-1.070524,-1.046209,HTI,350290
9902581,101,6517,2008,,,-1.087836,-0.967734,HTI,350290
9902582,101,6517,2009,0.0,42922.0,-1.406148,-1.108465,HTI,350290
9902583,101,6517,2010,,,-1.369873,-1.121801,HTI,350290
9902584,101,6517,2011,,,-1.263093,-1.086658,HTI,350290
9902585,101,6517,2012,0.0,1091.0,-0.8495739999999999,-0.972046,HTI,350290
9902586,101,6517,2013,,,-1.095392,-0.957326,HTI,350290
9902587,101,6517,2014,,,-1.10887,-1.032108,HTI,350290
9902588,101,6517,2015,,,-1.288246,-1.018979,HTI,350290
9902589,101,6517,2016,,,-1.30976,-1.010181,HTI,350290
9902590,101,6517,2017,136278.0,0.0,-1.0089219999999999,-0.946722,HTI,350290
9902591,101,6517,2018,0.0,15950.0,-0.914545,-0.890601,HTI,350290
9902592,101,6517,2019,,,-1.120295,-0.967447,HTI,350290
9902593,101,6517,2020,,,-1.028076,-0.884073,HTI,350290
9902594,102,6517,1995,338020.0,46274.0,0.878711,1.8200060000000002,HUN,350290
9902595,102,6517,1996,190865.0,26304.0,0.790036,1.891534,HUN,350290
9902596,102,6517,1997,174560.0,43882.0,0.746743,1.577102,HUN,350290
9902597,102,6517,1998,40984.0,210706.0,0.780392,1.450701,HUN,350290
9902598,102,6517,1999,52947.0,502873.0,0.794675,1.308337,HUN,350290
9902599,102,6517,2000,179598.0,323019.0,1.045661,1.198236,HUN,350290
9902600,102,6517,2001,382589.0,779547.0,1.102262,1.138016,HUN,350290
9902601,102,6517,2002,146289.0,1321357.0,1.179684,1.0574860000000001,HUN,350290
9902602,102,6517,2003,40618.0,543113.0,1.2003270000000001,1.091407,HUN,350290
9902603,102,6517,2004,87277.0,494721.0,1.207082,1.019714,HUN,350290
9902604,102,6517,2005,61230.0,1126267.0,1.3558,0.876179,HUN,350290
9902605,102,6517,2006,30563.0,1983116.0,1.4034309999999999,0.835144,HUN,350290
9902606,102,6517,2007,118445.0,5116534.0,1.4887709999999998,0.78372,HUN,350290
9902607,102,6517,2008,223040.0,1299593.0,1.3358299999999999,0.8177770000000001,HUN,350290
9902608,102,6517,2009,197484.0,6949316.0,1.397765,0.772375,HUN,350290
9902609,102,6517,2010,107883.0,9796333.0,1.514225,0.740341,HUN,350290
9902610,102,6517,2011,749657.0,15518836.0,1.486592,0.805642,HUN,350290
9902611,102,6517,2012,556919.0,27107684.0,1.396648,0.759196,HUN,350290
9902612,102,6517,2013,273966.0,38384198.0,1.506101,0.7279220000000001,HUN,350290
9902613,102,6517,2014,586624.0,36920029.0,1.477093,0.812869,HUN,350290
9902614,102,6517,2015,989100.0,32373557.0,1.462839,0.803258,HUN,350290
9902615,102,6517,2016,1068767.0,18640858.0,1.445281,0.8422209999999999,HUN,350290
9902616,102,6517,2017,1826412.0,34462477.0,1.4886270000000001,0.845986,HUN,350290
9902617,102,6517,2018,1351978.0,30822330.0,1.519662,0.833092,HUN,350290
9902618,102,6517,2019,921878.0,19062683.0,1.462102,0.809183,HUN,350290
9902619,102,6517,2020,1267265.0,20521868.0,1.393152,0.878916,HUN,350290
9902620,103,6517,1995,1095.0,84150.0,-0.391727,1.174727,IDN,350290
9902621,103,6517,1996,15966.0,344384.0,-0.43199899999999997,1.22074,IDN,350290
9902622,103,6517,1997,0.0,362836.0,-0.44080699999999995,1.220104,IDN,350290
9902623,103,6517,1998,82363.0,591692.0,-0.478253,1.350652,IDN,350290
9902624,103,6517,1999,5574.0,306280.0,-0.20447,1.568505,IDN,350290
9902625,103,6517,2000,0.0,333388.0,-0.125831,1.7116360000000002,IDN,350290
9902626,103,6517,2001,46741.0,315659.0,-0.167771,1.6587889999999998,IDN,350290
9902627,103,6517,2002,35274.0,708742.0,-0.10020499999999999,1.590314,IDN,350290
9902628,103,6517,2003,31976.0,1712251.0,-0.16802,1.7252990000000001,IDN,350290
9902629,103,6517,2004,18533.0,1168659.0,-0.223644,1.719065,IDN,350290
9902630,103,6517,2005,31664.0,2318266.0,-0.273208,1.5252379999999999,IDN,350290
9902631,103,6517,2006,0.0,1645504.0,-0.21012399999999998,1.467838,IDN,350290
9902632,103,6517,2007,17054.0,4453273.0,-0.192415,1.497962,IDN,350290
9902633,103,6517,2008,43411.0,4738315.0,-0.11154000000000001,1.4879850000000001,IDN,350290
9902634,103,6517,2009,121021.0,2120187.0,-0.253835,1.260101,IDN,350290
9902635,103,6517,2010,0.0,5568415.0,-0.30878099999999997,1.07069,IDN,350290
9902636,103,6517,2011,0.0,5455638.0,-0.234125,1.168384,IDN,350290
9902637,103,6517,2012,0.0,6629070.0,-0.142318,1.281781,IDN,350290
9902638,103,6517,2013,85589.0,11943184.0,-0.216854,1.415728,IDN,350290
9902639,103,6517,2014,356377.0,6713566.0,-0.088032,1.3966459999999998,IDN,350290
9902640,103,6517,2015,232999.0,5470369.0,-0.145103,1.277362,IDN,350290
9902641,103,6517,2016,16514.0,8406728.0,-0.158496,1.492067,IDN,350290
9902642,103,6517,2017,0.0,7420643.0,-0.23641700000000002,1.188173,IDN,350290
9902643,103,6517,2018,56356.0,7309667.0,-0.10130499999999999,1.2414209999999999,IDN,350290
9902644,103,6517,2019,24864.0,8764748.0,-0.141811,1.385726,IDN,350290
9902645,103,6517,2020,986.0,9166367.0,-0.16761700000000002,1.571009,IDN,350290
9902646,104,6517,1995,0.0,173828.0,0.156183,1.9617380000000002,IND,350290
9902647,104,6517,1996,14956.0,46377.0,0.20685599999999998,2.317622,IND,350290
9902648,104,6517,1997,73485.0,74265.0,0.262571,2.31305,IND,350290
9902649,104,6517,1998,8664.0,129420.0,0.274308,2.316908,IND,350290
9902650,104,6517,1999,30913.0,94129.0,0.29945900000000003,2.438702,IND,350290
9902651,104,6517,2000,48147.0,142912.0,0.3961,2.553408,IND,350290
9902652,104,6517,2001,107221.0,373437.0,0.349744,2.665844,IND,350290
9902653,104,6517,2002,68727.0,1412924.0,0.380867,2.608955,IND,350290
9902654,104,6517,2003,152623.0,427405.0,0.33014099999999996,2.836003,IND,350290
9902655,104,6517,2004,121380.0,662455.0,0.233348,2.790987,IND,350290
9902656,104,6517,2005,408673.0,1357330.0,0.212108,2.817413,IND,350290
9902657,104,6517,2006,1417177.0,543252.0,0.285652,2.731318,IND,350290
9902658,104,6517,2007,216032.0,1722264.0,0.279475,2.7514939999999997,IND,350290
9902659,104,6517,2008,608900.0,3472007.0,0.26694,2.926023,IND,350290
9902660,104,6517,2009,298517.0,3920353.0,0.209867,2.254003,IND,350290
9902661,104,6517,2010,245596.0,3202053.0,0.14485599999999998,2.408913,IND,350290
9902662,104,6517,2011,116799.0,12895282.0,0.18276199999999998,2.398765,IND,350290
9902663,104,6517,2012,32424.0,9459069.0,0.229996,2.4815110000000002,IND,350290
9902664,104,6517,2013,316433.0,11937911.0,0.215356,2.3916209999999998,IND,350290
9902665,104,6517,2014,321243.0,17793607.0,0.262042,2.6305080000000003,IND,350290
9902666,104,6517,2015,362968.0,15586295.0,0.24230900000000002,2.8190880000000003,IND,350290
9902667,104,6517,2016,211674.0,18450734.0,0.30976,2.61043,IND,350290
9902668,104,6517,2017,77776.0,29986385.0,0.290576,2.726391,IND,350290
9902669,104,6517,2018,130213.0,40049674.0,0.526015,2.448112,IND,350290
9902670,104,6517,2019,139834.0,52922441.0,0.43196,2.661139,IND,350290
9902671,104,6517,2020,216602.0,41923841.0,0.464674,2.838779,IND,350290
9902672,105,6517,1995,,,0.065578,-0.702364,IOT,350290
9902673,105,6517,1996,,,0.605992,-0.5621970000000001,IOT,350290
9902674,105,6517,1997,,,0.21188400000000002,-0.6892659999999999,IOT,350290
9902675,105,6517,1998,,,0.894133,-0.5182,IOT,350290
9902676,105,6517,1999,,,-0.44178199999999995,-0.8321649999999999,IOT,350290
9902677,105,6517,2000,,,-0.346723,-0.8308049999999999,IOT,350290
9902678,105,6517,2001,,,-0.21711599999999998,-0.8472959999999999,IOT,350290
9902679,105,6517,2002,,,-0.262822,-0.787972,IOT,350290
9902680,105,6517,2003,,,0.907681,-0.184899,IOT,350290
9902681,105,6517,2004,,,1.52429,0.002654,IOT,350290
9902682,105,6517,2005,,,1.107517,-0.264755,IOT,350290
9902683,105,6517,2006,,,1.147154,-0.13284,IOT,350290
9902684,105,6517,2007,,,1.424007,0.050412,IOT,350290
9902685,105,6517,2008,,,1.2634319999999999,-0.314756,IOT,350290
9902686,105,6517,2009,,,0.505916,-0.551323,IOT,350290
9902687,105,6517,2010,,,0.962752,-0.399434,IOT,350290
9902688,105,6517,2011,,,0.50507,-0.238484,IOT,350290
9902689,105,6517,2012,,,1.134521,-0.361446,IOT,350290
9902690,105,6517,2013,,,0.7192390000000001,-0.628595,IOT,350290
9902691,105,6517,2014,,,0.910402,-0.6916939999999999,IOT,350290
9902692,105,6517,2015,,,1.134108,-0.617796,IOT,350290
9902693,105,6517,2016,,,0.9315,-0.661654,IOT,350290
9902694,105,6517,2017,,,0.30708,-0.604495,IOT,350290
9902695,105,6517,2018,,,0.725927,-0.360329,IOT,350290
9902696,105,6517,2019,,,-0.7551760000000001,-0.939959,IOT,350290
9902697,105,6517,2020,,,0.928522,-0.435507,IOT,350290
9902698,106,6517,1995,963655.0,221746.0,1.349192,0.992099,IRL,350290
9902699,106,6517,1996,562130.0,185357.0,1.386011,0.9232100000000001,IRL,350290
9902700,106,6517,1997,747022.0,769122.0,1.471048,0.8769370000000001,IRL,350290
9902701,106,6517,1998,1975265.0,401481.0,1.451067,0.654442,IRL,350290
9902702,106,6517,1999,2903853.0,874151.0,1.599613,0.37233299999999997,IRL,350290
9902703,106,6517,2000,3498962.0,979660.0,1.546001,0.342854,IRL,350290
9902704,106,6517,2001,3936268.0,1952528.0,1.664233,0.129983,IRL,350290
9902705,106,6517,2002,4600722.0,1933976.0,1.7232880000000002,0.091172,IRL,350290
9902706,106,6517,2003,6913409.0,1152998.0,1.6396130000000002,0.220599,IRL,350290
9902707,106,6517,2004,7504583.0,967313.0,1.501859,0.14456,IRL,350290
9902708,106,6517,2005,10113108.0,1692291.0,1.536605,0.189781,IRL,350290
9902709,106,6517,2006,9510154.0,2668674.0,1.43804,0.06463200000000001,IRL,350290
9902710,106,6517,2007,11423145.0,6759460.0,1.353146,0.122832,IRL,350290
9902711,106,6517,2008,13981520.0,6483633.0,1.693858,0.221425,IRL,350290
9902712,106,6517,2009,12709156.0,7180030.0,1.627233,0.020024,IRL,350290
9902713,106,6517,2010,14189896.0,5149618.0,1.371357,0.168795,IRL,350290
9902714,106,6517,2011,19092532.0,5670525.0,1.403182,0.290245,IRL,350290
9902715,106,6517,2012,16945047.0,11619004.0,1.229702,0.12683599999999998,IRL,350290
9902716,106,6517,2013,24463994.0,22389267.0,1.29988,0.240688,IRL,350290
9902717,106,6517,2014,35112880.0,22627339.0,1.2658399999999999,0.278546,IRL,350290
9902718,106,6517,2015,32916337.0,21862211.0,1.304942,0.126431,IRL,350290
9902719,106,6517,2016,35984285.0,16374515.0,1.445238,0.07659400000000001,IRL,350290
9902720,106,6517,2017,26646599.0,14894797.0,1.363544,0.169211,IRL,350290
9902721,106,6517,2018,37588435.0,16448121.0,1.262419,0.013576,IRL,350290
9902722,106,6517,2019,42803258.0,15338609.0,1.3812389999999999,-0.025366,IRL,350290
9902723,106,6517,2020,58542065.0,13267744.0,1.337791,-0.20829699999999998,IRL,350290
9902724,107,6517,1995,0.0,12202.0,-0.821991,-1.071013,IRN,350290
9902725,107,6517,1996,0.0,17906.0,-0.7496649999999999,-1.1173520000000001,IRN,350290
9902726,107,6517,1997,0.0,19796.0,-0.503841,-0.9984059999999999,IRN,350290
9902727,107,6517,1998,0.0,14255.0,-0.6626029999999999,-1.0408959999999998,IRN,350290
9902728,107,6517,1999,0.0,5217.0,-0.9366620000000001,-1.147602,IRN,350290
9902729,107,6517,2000,3369.0,345716.0,-0.555558,-0.910523,IRN,350290
9902730,107,6517,2001,0.0,13645.0,-0.7732479999999999,-0.8979370000000001,IRN,350290
9902731,107,6517,2002,0.0,60236.0,-0.5707840000000001,-0.705612,IRN,350290
9902732,107,6517,2003,23515.0,331936.0,-0.552146,-0.8668520000000001,IRN,350290
9902733,107,6517,2004,58552.0,944762.0,-0.38210700000000003,-0.8408620000000001,IRN,350290
9902734,107,6517,2005,14616.0,603703.0,-0.305068,-0.804413,IRN,350290
9902735,107,6517,2006,143695.0,2071546.0,-0.391023,-0.767861,IRN,350290
9902736,107,6517,2007,564738.0,286743.0,-0.797659,-1.048892,IRN,350290
9902737,107,6517,2008,16877.0,221123.0,-0.9776469999999999,-1.054475,IRN,350290
9902738,107,6517,2009,39770.0,755213.0,-1.185702,-1.1049360000000001,IRN,350290
9902739,107,6517,2010,0.0,1218941.0,-0.609874,-0.744733,IRN,350290
9902740,107,6517,2011,18332.0,956349.0,-0.915379,-0.973194,IRN,350290
9902741,107,6517,2012,44652.0,1853596.0,-0.963881,-0.928644,IRN,350290
9902742,107,6517,2013,53384.0,2427345.0,-0.339172,-0.237114,IRN,350290
9902743,107,6517,2014,0.0,1158490.0,-0.361058,-0.312743,IRN,350290
9902744,107,6517,2015,0.0,2084397.0,-0.258946,-0.0073420000000000004,IRN,350290
9902745,107,6517,2016,0.0,1197378.0,-0.407368,-0.23482399999999998,IRN,350290
9902746,107,6517,2017,145731.0,2379305.0,-0.361292,-0.361813,IRN,350290
9902747,107,6517,2018,2663.0,3612652.0,-0.389954,-0.258156,IRN,350290
9902748,107,6517,2019,8952.0,5334879.0,-0.386813,-0.467873,IRN,350290
9902749,107,6517,2020,0.0,2455294.0,-0.362286,-0.242846,IRN,350290
9902750,108,6517,1995,,,-0.813404,-0.7444390000000001,IRQ,350290
9902751,108,6517,1996,,,0.9485540000000001,-0.303744,IRQ,350290
9902752,108,6517,1997,,,-2.248377,-0.817589,IRQ,350290
9902753,108,6517,1998,0.0,1627.0,-1.4440030000000001,-0.808689,IRQ,350290
9902754,108,6517,1999,,,-1.8954950000000002,-0.883983,IRQ,350290
9902755,108,6517,2000,,,-1.8568259999999999,-0.902459,IRQ,350290
9902756,108,6517,2001,0.0,9000.0,-1.115465,-0.883028,IRQ,350290
9902757,108,6517,2002,,,-0.397477,-0.811214,IRQ,350290
9902758,108,6517,2003,0.0,3019.0,-0.398557,-0.774153,IRQ,350290
9902759,108,6517,2004,0.0,34124.0,-0.8852559999999999,-0.907136,IRQ,350290
9902760,108,6517,2005,,,-1.021297,-0.8532549999999999,IRQ,350290
9902761,108,6517,2006,,,-2.029727,-0.8634219999999999,IRQ,350290
9902762,108,6517,2007,,,-1.961053,-0.8849969999999999,IRQ,350290
9902763,108,6517,2008,,,-1.6604189999999999,-0.886959,IRQ,350290
9902764,108,6517,2009,,,-1.1683270000000001,-0.9517459999999999,IRQ,350290
9902765,108,6517,2010,0.0,1326.0,-2.1439150000000002,-0.913227,IRQ,350290
9902766,108,6517,2011,,,-2.175137,-0.726975,IRQ,350290
9902767,108,6517,2012,,,-2.7534509999999996,-0.812277,IRQ,350290
9902768,108,6517,2013,0.0,199639.0,-2.839079,-0.8705440000000001,IRQ,350290
9902769,108,6517,2014,0.0,855.0,-2.9169,-0.882023,IRQ,350290
9902770,108,6517,2015,0.0,15292.0,-1.465803,-0.912113,IRQ,350290
9902771,108,6517,2016,0.0,3542.0,-2.2400029999999997,-1.017174,IRQ,350290
9902772,108,6517,2017,0.0,83760.0,-1.515339,-0.9462950000000001,IRQ,350290
9902773,108,6517,2018,0.0,263625.0,-1.7504400000000002,-1.018699,IRQ,350290
9902774,108,6517,2019,0.0,198057.0,-1.593359,-0.9927860000000001,IRQ,350290
9902775,108,6517,2020,0.0,91501.0,-1.087158,-0.9546389999999999,IRQ,350290
9902776,109,6517,1995,0.0,2975.0,0.161331,-0.45210100000000003,ISL,350290
9902777,109,6517,1996,,,0.003558,-0.551796,ISL,350290
9902778,109,6517,1997,0.0,5813.0,0.217533,-0.405395,ISL,350290
9902779,109,6517,1998,0.0,4139.0,0.18141300000000002,-0.47993500000000006,ISL,350290
9902780,109,6517,1999,0.0,3132.0,0.377701,-0.355798,ISL,350290
9902781,109,6517,2000,0.0,3424.0,0.217683,-0.41136000000000006,ISL,350290
9902782,109,6517,2001,0.0,42814.0,0.032382999999999995,-0.51054,ISL,350290
9902783,109,6517,2002,29799.0,49377.0,0.23601999999999998,-0.34781,ISL,350290
9902784,109,6517,2003,0.0,32666.0,0.21902800000000003,-0.40818499999999996,ISL,350290
9902785,109,6517,2004,0.0,33682.0,0.298844,-0.36366,ISL,350290
9902786,109,6517,2005,0.0,47328.0,0.060955999999999996,-0.410998,ISL,350290
9902787,109,6517,2006,11515.0,14678.0,0.170234,-0.302203,ISL,350290
9902788,109,6517,2007,0.0,21473.0,0.172786,-0.380266,ISL,350290
9902789,109,6517,2008,0.0,28983.0,0.26969899999999997,-0.29915,ISL,350290
9902790,109,6517,2009,0.0,3720.0,0.21713200000000002,-0.371812,ISL,350290
9902791,109,6517,2010,0.0,11908.0,0.20822100000000002,-0.318294,ISL,350290
9902792,109,6517,2011,0.0,52815.0,0.284202,-0.23753000000000002,ISL,350290
9902793,109,6517,2012,3533.0,56717.0,0.368012,-0.31235599999999997,ISL,350290
9902794,109,6517,2013,0.0,78254.0,0.259374,-0.20413299999999998,ISL,350290
9902795,109,6517,2014,0.0,508506.0,0.127891,-0.302014,ISL,350290
9902796,109,6517,2015,0.0,93193.0,0.24527600000000002,-0.411616,ISL,350290
9902797,109,6517,2016,28938.0,89558.0,0.192448,-0.37174,ISL,350290
9902798,109,6517,2017,0.0,536477.0,0.386094,-0.277269,ISL,350290
9902799,109,6517,2018,486281.0,1052715.0,0.252338,-0.341319,ISL,350290
9902800,109,6517,2019,960725.0,517711.0,0.378873,-0.162129,ISL,350290
9902801,109,6517,2020,916525.0,28310.0,0.27161399999999997,-0.17819200000000002,ISL,350290
9902802,110,6517,1995,71952.0,2043365.0,1.205368,1.189434,ISR,350290
9902803,110,6517,1996,500418.0,1006595.0,1.054975,1.072965,ISR,350290
9902804,110,6517,1997,171339.0,722308.0,1.3230030000000002,0.965016,ISR,350290
9902805,110,6517,1998,70040.0,321031.0,1.2643739999999999,0.958475,ISR,350290
9902806,110,6517,1999,118990.0,626868.0,1.342593,0.781931,ISR,350290
9902807,110,6517,2000,102342.0,703149.0,1.251365,0.7359319999999999,ISR,350290
9902808,110,6517,2001,34455.0,742542.0,1.374873,0.775594,ISR,350290
9902809,110,6517,2002,24206.0,1037160.0,1.334174,0.654331,ISR,350290
9902810,110,6517,2003,1229339.0,494453.0,1.157809,0.682195,ISR,350290
9902811,110,6517,2004,285511.0,558099.0,1.250393,0.8003979999999999,ISR,350290
9902812,110,6517,2005,301569.0,473827.0,1.3829120000000001,0.761617,ISR,350290
9902813,110,6517,2006,28710.0,429530.0,1.3082129999999998,0.783845,ISR,350290
9902814,110,6517,2007,19399.0,729329.0,1.092244,0.753984,ISR,350290
9902815,110,6517,2008,21959.0,779702.0,1.169192,0.797136,ISR,350290
9902816,110,6517,2009,335254.0,864181.0,1.226438,0.816299,ISR,350290
9902817,110,6517,2010,614594.0,1267320.0,1.215834,0.7028340000000001,ISR,350290
9902818,110,6517,2011,22877.0,247720.0,1.324384,0.714611,ISR,350290
9902819,110,6517,2012,3422869.0,500617.0,1.344347,0.691617,ISR,350290
9902820,110,6517,2013,3059905.0,333902.0,1.197241,0.633828,ISR,350290
9902821,110,6517,2014,1801456.0,438479.0,1.211141,0.64523,ISR,350290
9902822,110,6517,2015,1417073.0,413816.0,1.260071,0.545545,ISR,350290
9902823,110,6517,2016,1123826.0,489609.0,1.352275,0.67584,ISR,350290
9902824,110,6517,2017,2763278.0,369568.0,1.436156,0.776574,ISR,350290
9902825,110,6517,2018,769066.0,920397.0,1.355071,0.872822,ISR,350290
9902826,110,6517,2019,1643568.0,629807.0,1.488686,0.823376,ISR,350290
9902827,110,6517,2020,730608.0,1724670.0,1.487557,0.8370920000000001,ISR,350290
9902828,111,6517,1995,39563.0,1114581.0,1.503379,1.449094,ITA,350290
9902829,111,6517,1996,392171.0,871190.0,1.4674690000000001,1.263362,ITA,350290
9902830,111,6517,1997,584381.0,1582518.0,1.4860389999999999,1.235674,ITA,350290
9902831,111,6517,1998,364764.0,1439038.0,1.4532209999999999,1.191124,ITA,350290
9902832,111,6517,1999,841055.0,1971907.0,1.395253,1.3589790000000002,ITA,350290
9902833,111,6517,2000,1022573.0,2612151.0,1.421124,1.112321,ITA,350290
9902834,111,6517,2001,2988307.0,2456481.0,1.389926,1.282143,ITA,350290
9902835,111,6517,2002,22176502.0,3334876.0,1.377604,1.2470510000000001,ITA,350290
9902836,111,6517,2003,29591735.0,3795155.0,1.399734,1.044608,ITA,350290
9902837,111,6517,2004,12427762.0,4375185.0,1.358057,1.11533,ITA,350290
9902838,111,6517,2005,814677.0,5295788.0,1.295883,1.032218,ITA,350290
9902839,111,6517,2006,987133.0,5724424.0,1.293779,0.93995,ITA,350290
9902840,111,6517,2007,1493188.0,8368895.0,1.3003559999999998,0.705448,ITA,350290
9902841,111,6517,2008,2598600.0,10102080.0,1.308777,0.361523,ITA,350290
9902842,111,6517,2009,2509764.0,7870971.0,1.289,0.64549,ITA,350290
9902843,111,6517,2010,7254357.0,8047988.0,1.272385,0.545721,ITA,350290
9902844,111,6517,2011,7627242.0,9987065.0,1.298751,0.48013599999999995,ITA,350290
9902845,111,6517,2012,8942170.0,8393204.0,1.297611,0.28585900000000003,ITA,350290
9902846,111,6517,2013,9320431.0,9754330.0,1.289924,0.533436,ITA,350290
9902847,111,6517,2014,11873369.0,11719107.0,1.340136,0.43931099999999995,ITA,350290
9902848,111,6517,2015,9820147.0,10194851.0,1.321127,0.747046,ITA,350290
9902849,111,6517,2016,4756050.0,10818190.0,1.339307,0.8549209999999999,ITA,350290
9902850,111,6517,2017,4538633.0,12976631.0,1.34395,0.577693,ITA,350290
9902851,111,6517,2018,3530945.0,14757735.0,1.3602530000000002,0.453607,ITA,350290
9902852,111,6517,2019,2946590.0,13608812.0,1.25898,0.926639,ITA,350290
9902853,111,6517,2020,3282746.0,16070415.0,1.299017,0.701797,ITA,350290
9902854,112,6517,1995,1210.0,3248.0,-0.873925,-0.952304,JAM,350290
9902855,112,6517,1996,0.0,1964.0,-0.6344350000000001,-0.814916,JAM,350290
9902856,112,6517,1997,0.0,10920.0,-0.65455,-0.820413,JAM,350290
9902857,112,6517,1998,0.0,3647.0,-0.8083739999999999,-0.946183,JAM,350290
9902858,112,6517,1999,0.0,1466.0,-0.852468,-0.9670290000000001,JAM,350290
9902859,112,6517,2000,0.0,23977.0,-0.625061,-0.814176,JAM,350290
9902860,112,6517,2001,0.0,6648.0,-0.541582,-0.837248,JAM,350290
9902861,112,6517,2002,0.0,6230.0,-0.604813,-0.9309860000000001,JAM,350290
9902862,112,6517,2003,0.0,23928.0,-0.6684140000000001,-0.915817,JAM,350290
9902863,112,6517,2004,0.0,36172.0,-0.64957,-0.944183,JAM,350290
9902864,112,6517,2005,0.0,44136.0,-0.438717,-0.95845,JAM,350290
9902865,112,6517,2006,0.0,90724.0,-0.5122720000000001,-0.9109809999999999,JAM,350290
9902866,112,6517,2007,0.0,26508.0,-0.466305,-0.971972,JAM,350290
9902867,112,6517,2008,0.0,172674.0,-0.412969,-0.9444030000000001,JAM,350290
9902868,112,6517,2009,0.0,4466.0,-0.083743,-0.6222479999999999,JAM,350290
9902869,112,6517,2010,0.0,161996.0,0.041471,-0.367177,JAM,350290
9902870,112,6517,2011,0.0,8557.0,-0.162212,-0.621817,JAM,350290
9902871,112,6517,2012,0.0,25418.0,-0.34163899999999997,-0.8008850000000001,JAM,350290
9902872,112,6517,2013,0.0,27924.0,-0.541441,-0.8448559999999999,JAM,350290
9902873,112,6517,2014,0.0,58566.0,-0.42745299999999997,-0.7750130000000001,JAM,350290
9902874,112,6517,2015,0.0,30380.0,-0.438267,-0.828097,JAM,350290
9902875,112,6517,2016,0.0,31181.0,-0.259972,-0.592114,JAM,350290
9902876,112,6517,2017,,,-0.497654,-0.76481,JAM,350290
9902877,112,6517,2018,0.0,51440.0,-0.339328,-0.8756659999999999,JAM,350290
9902878,112,6517,2019,0.0,7135.0,-0.18387799999999999,-0.710004,JAM,350290
9902879,112,6517,2020,0.0,64121.0,-0.21953000000000003,-0.6944899999999999,JAM,350290
9902880,113,6517,1995,0.0,9166.0,0.666542,0.326785,JOR,350290
9902881,113,6517,1996,,,0.12203499999999999,-0.41859399999999997,JOR,350290
9902882,113,6517,1997,,,0.49456300000000003,0.33966,JOR,350290
9902883,113,6517,1998,,,0.403009,-0.076366,JOR,350290
9902884,113,6517,1999,768.0,0.0,0.475995,0.514447,JOR,350290
9902885,113,6517,2000,1369.0,0.0,0.495354,1.233005,JOR,350290
9902886,113,6517,2001,,,0.375134,0.581558,JOR,350290
9902887,113,6517,2002,0.0,5342.0,0.24197600000000002,0.196635,JOR,350290
9902888,113,6517,2003,0.0,9888.0,0.12295,0.377031,JOR,350290
9902889,113,6517,2004,,,0.152989,0.385845,JOR,350290
9902890,113,6517,2005,0.0,274699.0,0.21925799999999998,0.371165,JOR,350290
9902891,113,6517,2006,0.0,779919.0,0.166718,0.331248,JOR,350290
9902892,113,6517,2007,57035.0,554514.0,0.228433,0.5984550000000001,JOR,350290
9902893,113,6517,2008,12087.0,1291702.0,0.255463,0.45844799999999997,JOR,350290
9902894,113,6517,2009,13598.0,1307986.0,0.21374899999999997,0.423774,JOR,350290
9902895,113,6517,2010,0.0,123804.0,0.251702,0.522758,JOR,350290
9902896,113,6517,2011,0.0,307305.0,0.231605,0.47049399999999997,JOR,350290
9902897,113,6517,2012,17687.0,3125.0,0.24909099999999998,0.489624,JOR,350290
9902898,113,6517,2013,0.0,1533.0,0.152659,0.5889979999999999,JOR,350290
9902899,113,6517,2014,0.0,132627.0,0.210208,0.48732299999999995,JOR,350290
9902900,113,6517,2015,15802.0,231298.0,0.121172,0.457301,JOR,350290
9902901,113,6517,2016,0.0,132022.0,-0.0115,0.045625,JOR,350290
9902902,113,6517,2017,0.0,184244.0,0.020035,0.295415,JOR,350290
9902903,113,6517,2018,0.0,90231.0,-0.086895,0.283829,JOR,350290
9902904,113,6517,2019,12223.0,179216.0,-0.003529,0.255816,JOR,350290
9902905,113,6517,2020,24296.0,73149.0,-0.060384,0.139902,JOR,350290
9902906,114,6517,1995,482720.0,31692161.0,2.56822,0.927307,JPN,350290
9902907,114,6517,1996,1499606.0,25376657.0,2.615364,0.5656939999999999,JPN,350290
9902908,114,6517,1997,1409294.0,28638970.0,2.631846,0.553144,JPN,350290
9902909,114,6517,1998,1391290.0,26525967.0,2.550442,0.718063,JPN,350290
9902910,114,6517,1999,1027702.0,32109732.0,2.541382,0.693702,JPN,350290
9902911,114,6517,2000,1198134.0,29450297.0,2.579611,0.464875,JPN,350290
9902912,114,6517,2001,556642.0,25415807.0,2.585857,0.522663,JPN,350290
9902913,114,6517,2002,727686.0,24009860.0,2.556057,0.497673,JPN,350290
9902914,114,6517,2003,632605.0,26499211.0,2.4686630000000003,0.48072600000000004,JPN,350290
9902915,114,6517,2004,416274.0,32026177.0,2.526624,0.452054,JPN,350290
9902916,114,6517,2005,1250102.0,43801672.0,2.392106,0.278652,JPN,350290
9902917,114,6517,2006,1220140.0,44591992.0,2.4348099999999997,0.082887,JPN,350290
9902918,114,6517,2007,1156428.0,45094051.0,2.313259,0.186703,JPN,350290
9902919,114,6517,2008,953875.0,61577502.0,2.285056,0.036255,JPN,350290
9902920,114,6517,2009,1394484.0,52977150.0,2.306791,-0.251712,JPN,350290
9902921,114,6517,2010,2623875.0,60881446.0,2.459723,-0.279387,JPN,350290
9902922,114,6517,2011,2704375.0,86528944.0,2.516395,-0.534301,JPN,350290
9902923,114,6517,2012,1723281.0,92989756.0,2.359022,-0.553565,JPN,350290
9902924,114,6517,2013,1843089.0,115189858.0,2.3993130000000003,-0.564768,JPN,350290
9902925,114,6517,2014,2093914.0,99100296.0,2.403165,-0.635024,JPN,350290
9902926,114,6517,2015,2047212.0,102067449.0,2.516133,-0.484202,JPN,350290
9902927,114,6517,2016,1657277.0,99282800.0,2.574025,-0.34859,JPN,350290
9902928,114,6517,2017,2573247.0,123121040.0,2.4510419999999997,-0.277357,JPN,350290
9902929,114,6517,2018,5368981.0,107497229.0,2.514533,-0.416074,JPN,350290
9902930,114,6517,2019,3070784.0,108274865.0,2.4931509999999997,-0.558811,JPN,350290
9902931,114,6517,2020,2350009.0,129301242.0,2.405659,-0.38169000000000003,JPN,350290
9902932,115,6517,1995,,,0.280262,-0.285508,KAZ,350290
9902933,115,6517,1996,,,0.48902799999999996,0.154932,KAZ,350290
9902934,115,6517,1997,3736.0,6727.0,0.44044300000000003,-0.10249000000000001,KAZ,350290
9902935,115,6517,1998,,,0.245507,-0.389842,KAZ,350290
9902936,115,6517,1999,,,-0.035315,-0.514845,KAZ,350290
9902937,115,6517,2000,0.0,1809.0,-0.019137,-0.683485,KAZ,350290
9902938,115,6517,2001,0.0,39724.0,0.009714,-0.525899,KAZ,350290
9902939,115,6517,2002,0.0,34026.0,-0.065332,-0.616159,KAZ,350290
9902940,115,6517,2003,0.0,29955.0,-0.156326,-0.62092,KAZ,350290
9902941,115,6517,2004,0.0,33753.0,-0.09288300000000001,-0.537664,KAZ,350290
9902942,115,6517,2005,0.0,89093.0,-0.06211900000000001,-0.641976,KAZ,350290
9902943,115,6517,2006,0.0,31931.0,0.038229,-0.579421,KAZ,350290
9902944,115,6517,2007,0.0,25231.0,-0.171218,-0.630279,KAZ,350290
9902945,115,6517,2008,0.0,132882.0,-0.43055200000000005,-0.6852590000000001,KAZ,350290
9902946,115,6517,2009,0.0,131016.0,-0.6547970000000001,-0.772256,KAZ,350290
9902947,115,6517,2010,0.0,71071.0,-0.6278020000000001,-0.8419760000000001,KAZ,350290
9902948,115,6517,2011,0.0,232803.0,-0.514687,-0.775671,KAZ,350290
9902949,115,6517,2012,31745.0,306352.0,-0.191363,-0.452845,KAZ,350290
9902950,115,6517,2013,0.0,90469.0,-0.680678,-0.83347,KAZ,350290
9902951,115,6517,2014,0.0,74309.0,-0.210431,-0.574075,KAZ,350290
9902952,115,6517,2015,0.0,44670.0,-0.45091499999999995,-0.652026,KAZ,350290
9902953,115,6517,2016,1523.0,54399.0,-0.376397,-0.553639,KAZ,350290
9902954,115,6517,2017,4229.0,61743.0,-0.394316,-0.5485979999999999,KAZ,350290
9902955,115,6517,2018,0.0,62446.0,-0.483862,-0.667417,KAZ,350290
9902956,115,6517,2019,0.0,78189.0,-0.26529400000000003,-0.523479,KAZ,350290
9902957,115,6517,2020,0.0,133740.0,-0.48361899999999997,-0.626675,KAZ,350290
9902958,116,6517,1995,,,-0.303773,0.111305,KEN,350290
9902959,116,6517,1996,,,-0.468322,-0.017625,KEN,350290
9902960,116,6517,1997,0.0,1958.0,-0.399028,0.196115,KEN,350290
9902961,116,6517,1998,16520.0,2553.0,-0.434978,0.10193300000000001,KEN,350290
9902962,116,6517,1999,6863.0,4622.0,-0.336125,0.43983999999999995,KEN,350290
9902963,116,6517,2000,662.0,0.0,-0.537967,0.011763,KEN,350290
9902964,116,6517,2001,14975.0,59035.0,-0.529388,0.092271,KEN,350290
9902965,116,6517,2002,58169.0,11323.0,-0.555812,0.169204,KEN,350290
9902966,116,6517,2003,2190.0,2656.0,-0.3531,0.582992,KEN,350290
9902967,116,6517,2004,0.0,19578.0,-0.503694,0.410495,KEN,350290
9902968,116,6517,2005,4605.0,18728.0,-0.507389,0.769896,KEN,350290
9902969,116,6517,2006,21925.0,5344.0,-0.38287899999999997,1.060286,KEN,350290
9902970,116,6517,2007,0.0,11002.0,-0.44365299999999996,0.858692,KEN,350290
9902971,116,6517,2008,19675.0,2457.0,-0.284528,0.9378610000000001,KEN,350290
9902972,116,6517,2009,2166.0,19924.0,-0.26477399999999995,0.932587,KEN,350290
9902973,116,6517,2010,8921.0,34262.0,-0.387187,1.010443,KEN,350290
9902974,116,6517,2011,0.0,986755.0,-0.48319300000000004,0.346927,KEN,350290
9902975,116,6517,2012,0.0,18648.0,-0.35581599999999997,0.29003,KEN,350290
9902976,116,6517,2013,1021.0,24639.0,-0.448112,0.8672719999999999,KEN,350290
9902977,116,6517,2014,6363.0,69981.0,-0.487058,0.307288,KEN,350290
9902978,116,6517,2015,10233.0,82389.0,-0.453564,0.433325,KEN,350290
9902979,116,6517,2016,1926.0,75233.0,-0.535616,0.520101,KEN,350290
9902980,116,6517,2017,0.0,42482.0,-0.579541,0.511926,KEN,350290
9902981,116,6517,2018,5333.0,156972.0,-0.32707800000000004,0.71009,KEN,350290
9902982,116,6517,2019,29657.0,248602.0,-0.406684,0.8588969999999999,KEN,350290
9902983,116,6517,2020,65725.0,116254.0,-0.496446,0.562476,KEN,350290
9902984,117,6517,1995,,,0.361272,0.047797000000000006,KGZ,350290
9902985,117,6517,1996,,,0.350901,0.529512,KGZ,350290
9902986,117,6517,1997,,,0.023634,-0.194868,KGZ,350290
9902987,117,6517,1998,,,0.11446500000000001,-0.24638000000000002,KGZ,350290
9902988,117,6517,1999,,,-0.152916,-0.33076300000000003,KGZ,350290
9902989,117,6517,2000,,,0.365421,0.333017,KGZ,350290
9902990,117,6517,2001,,,0.23332199999999997,0.256019,KGZ,350290
9902991,117,6517,2002,,,0.081807,0.16872,KGZ,350290
9902992,117,6517,2003,,,0.25359699999999996,0.24101199999999998,KGZ,350290
9902993,117,6517,2004,,,0.005121,0.176652,KGZ,350290
9902994,117,6517,2005,0.0,934.0,-0.197277,0.169736,KGZ,350290
9902995,117,6517,2006,0.0,16125.0,-0.034069,0.136694,KGZ,350290
9902996,117,6517,2007,,,-0.190437,-0.23665999999999998,KGZ,350290
9902997,117,6517,2008,0.0,20025.0,-0.287826,-0.11858699999999998,KGZ,350290
9902998,117,6517,2009,,,-0.251815,0.144822,KGZ,350290
9902999,117,6517,2010,,,-0.48426400000000003,-0.169443,KGZ,350290
9903000,117,6517,2011,,,-0.323348,0.164469,KGZ,350290
9903001,117,6517,2012,0.0,10934.0,-0.12369000000000001,0.22339,KGZ,350290
9903002,117,6517,2013,,,-0.1035,0.339914,KGZ,350290
9903003,117,6517,2014,0.0,3571.0,-0.31942600000000004,-0.012454,KGZ,350290
9903004,117,6517,2015,,,0.02058,0.438692,KGZ,350290
9903005,117,6517,2016,,,0.010529,0.287462,KGZ,350290
9903006,117,6517,2017,,,-0.11530599999999999,0.264752,KGZ,350290
9903007,117,6517,2018,0.0,4765.0,-0.141491,0.33161,KGZ,350290
9903008,117,6517,2019,0.0,4346.0,-0.297072,0.306611,KGZ,350290
9903009,117,6517,2020,0.0,1566.0,-0.117317,0.36644,KGZ,350290
9903010,118,6517,1995,,,-1.275951,-1.144633,KHM,350290
9903011,118,6517,1996,,,-1.110741,-1.089434,KHM,350290
9903012,118,6517,1997,,,-1.458246,-1.243995,KHM,350290
9903013,118,6517,1998,,,-1.626686,-1.307157,KHM,350290
9903014,118,6517,1999,,,-1.5727360000000001,-1.2731629999999998,KHM,350290
9903015,118,6517,2000,,,-1.172428,-1.0914139999999999,KHM,350290
9903016,118,6517,2001,0.0,11117.0,-1.231058,-1.154536,KHM,350290
9903017,118,6517,2002,0.0,3420.0,-1.231783,-1.1518700000000002,KHM,350290
9903018,118,6517,2003,0.0,2455.0,-1.0165620000000002,-1.060454,KHM,350290
9903019,118,6517,2004,,,-1.4676209999999998,-1.1972639999999999,KHM,350290
9903020,118,6517,2005,,,-1.423555,-1.177331,KHM,350290
9903021,118,6517,2006,,,-1.323365,-1.185827,KHM,350290
9903022,118,6517,2007,,,-1.1822489999999999,-1.129066,KHM,350290
9903023,118,6517,2008,0.0,7859.0,-1.064815,-1.098892,KHM,350290
9903024,118,6517,2009,,,-1.194288,-1.09924,KHM,350290
9903025,118,6517,2010,,,-1.158906,-1.019906,KHM,350290
9903026,118,6517,2011,0.0,1029.0,-1.162858,-1.103539,KHM,350290
9903027,118,6517,2012,,,-0.979144,-1.014426,KHM,350290
9903028,118,6517,2013,0.0,988.0,-1.054758,-0.872352,KHM,350290
9903029,118,6517,2014,0.0,2505.0,-0.84072,-0.8307040000000001,KHM,350290
9903030,118,6517,2015,0.0,5761.0,-0.791985,-0.833046,KHM,350290
9903031,118,6517,2016,0.0,912.0,-0.8365239999999999,-0.794615,KHM,350290
9903032,118,6517,2017,0.0,3583.0,-0.656325,-0.622167,KHM,350290
9903033,118,6517,2018,18879.0,1592.0,-0.45740299999999995,-0.575966,KHM,350290
9903034,118,6517,2019,0.0,23400.0,-0.7499359999999999,-0.627125,KHM,350290
9903035,118,6517,2020,1784.0,5532.0,-0.602562,-0.505135,KHM,350290
9903036,119,6517,1995,,,-0.610582,-0.748798,KIR,350290
9903037,119,6517,1996,,,-0.090837,-0.644005,KIR,350290
9903038,119,6517,1997,,,-0.9250889999999999,-0.866958,KIR,350290
9903039,119,6517,1998,,,-0.8943610000000001,-0.89439,KIR,350290
9903040,119,6517,1999,,,-0.3417,-0.8385040000000001,KIR,350290
9903041,119,6517,2000,,,-0.373924,-0.863806,KIR,350290
9903042,119,6517,2001,,,1.070549,-0.712515,KIR,350290
9903043,119,6517,2002,,,0.016975,-0.791141,KIR,350290
9903044,119,6517,2003,,,-0.140282,-0.787443,KIR,350290
9903045,119,6517,2004,,,-0.552158,-0.831923,KIR,350290
9903046,119,6517,2005,,,-0.5289149999999999,-0.804243,KIR,350290
9903047,119,6517,2006,,,0.218218,-0.669244,KIR,350290
9903048,119,6517,2007,,,0.106985,-0.654763,KIR,350290
9903049,119,6517,2008,,,0.122065,-0.667883,KIR,350290
9903050,119,6517,2009,,,-0.41403999999999996,-0.8960100000000001,KIR,350290
9903051,119,6517,2010,,,0.252151,-0.727326,KIR,350290
9903052,119,6517,2011,,,0.129038,-0.670175,KIR,350290
9903053,119,6517,2012,,,-0.5625760000000001,-0.803443,KIR,350290
9903054,119,6517,2013,,,-0.258825,-0.781927,KIR,350290
9903055,119,6517,2014,,,0.708907,-0.540813,KIR,350290
9903056,119,6517,2015,,,-0.257871,-0.858136,KIR,350290
9903057,119,6517,2016,,,0.23475300000000002,-0.789514,KIR,350290
9903058,119,6517,2017,,,-0.912241,-0.907758,KIR,350290
9903059,119,6517,2018,,,-0.321563,-0.9075110000000001,KIR,350290
9903060,119,6517,2019,,,-0.719943,-0.9396709999999999,KIR,350290
9903061,119,6517,2020,,,-0.9781629999999999,-0.936783,KIR,350290
9903062,120,6517,1995,,,0.45250200000000007,-0.45284399999999997,KNA,350290
9903063,120,6517,1996,,,0.546384,-0.463373,KNA,350290
9903064,120,6517,1997,,,0.8765370000000001,-0.268836,KNA,350290
9903065,120,6517,1998,,,0.856974,-0.416976,KNA,350290
9903066,120,6517,1999,,,0.670532,-0.45786400000000005,KNA,350290
9903067,120,6517,2000,,,0.70972,-0.526818,KNA,350290
9903068,120,6517,2001,,,0.612222,-0.440733,KNA,350290
9903069,120,6517,2002,,,0.911442,-0.26164899999999996,KNA,350290
9903070,120,6517,2003,,,0.555154,-0.405962,KNA,350290
9903071,120,6517,2004,,,0.538271,-0.43505299999999997,KNA,350290
9903072,120,6517,2005,,,0.9313739999999999,-0.44211999999999996,KNA,350290
9903073,120,6517,2006,,,0.896119,-0.309349,KNA,350290
9903074,120,6517,2007,,,1.21646,-0.190821,KNA,350290
9903075,120,6517,2008,,,1.2613,-0.136295,KNA,350290
9903076,120,6517,2009,,,0.9218370000000001,-0.303977,KNA,350290
9903077,120,6517,2010,0.0,1252.0,0.9277790000000001,-0.42824799999999996,KNA,350290
9903078,120,6517,2011,,,1.056175,-0.19398800000000002,KNA,350290
9903079,120,6517,2012,,,0.788275,-0.314756,KNA,350290
9903080,120,6517,2013,,,0.8500270000000001,-0.390234,KNA,350290
9903081,120,6517,2014,,,0.9888950000000001,-0.28283800000000003,KNA,350290
9903082,120,6517,2015,0.0,87847.0,0.8252430000000001,-0.436662,KNA,350290
9903083,120,6517,2016,,,0.620594,-0.4305,KNA,350290
9903084,120,6517,2017,,,0.781625,-0.405177,KNA,350290
9903085,120,6517,2018,,,0.315069,-0.689573,KNA,350290
9903086,120,6517,2019,,,0.739775,-0.644166,KNA,350290
9903087,120,6517,2020,,,0.955462,-0.487217,KNA,350290
9903088,121,6517,1995,1854388.0,6358277.0,0.845175,1.2761799999999999,KOR,350290
9903089,121,6517,1996,3258063.0,6970506.0,0.8946940000000001,1.240424,KOR,350290
9903090,121,6517,1997,4334884.0,6784196.0,1.0478290000000001,1.2874370000000002,KOR,350290
9903091,121,6517,1998,720197.0,5222470.0,0.999518,1.106351,KOR,350290
9903092,121,6517,1999,358498.0,7274700.0,0.92448,1.053988,KOR,350290
9903093,121,6517,2000,249353.0,6534607.0,1.0696700000000001,1.0182209999999998,KOR,350290
9903094,121,6517,2001,310399.0,9355482.0,1.145797,1.0762399999999999,KOR,350290
9903095,121,6517,2002,149391.0,8073483.0,1.186816,1.075947,KOR,350290
9903096,121,6517,2003,114788.0,6389011.0,1.2611709999999998,0.956308,KOR,350290
9903097,121,6517,2004,54026.0,6001910.0,1.3624690000000002,0.928342,KOR,350290
9903098,121,6517,2005,54669.0,4906843.0,1.4051850000000001,0.815171,KOR,350290
9903099,121,6517,2006,199933.0,6854680.0,1.5384309999999999,0.766628,KOR,350290
9903100,121,6517,2007,206947.0,8082828.0,1.497359,0.726637,KOR,350290
9903101,121,6517,2008,124686.0,8797545.0,1.491687,0.814692,KOR,350290
9903102,121,6517,2009,334425.0,10726299.0,1.509336,0.784515,KOR,350290
9903103,121,6517,2010,299588.0,15554241.0,1.7118849999999999,0.762362,KOR,350290
9903104,121,6517,2011,18545.0,13410550.0,1.731371,0.8306879999999999,KOR,350290
9903105,121,6517,2012,220863.0,16641916.0,1.632917,0.877742,KOR,350290
9903106,121,6517,2013,71733.0,27048900.0,1.818383,0.75645,KOR,350290
9903107,121,6517,2014,128351.0,23759130.0,1.817145,0.8394530000000001,KOR,350290
9903108,121,6517,2015,52492.0,24016743.0,1.900653,0.859406,KOR,350290
9903109,121,6517,2016,130106.0,13581529.0,2.086184,0.724318,KOR,350290
9903110,121,6517,2017,76895.0,18644908.0,2.011263,0.783215,KOR,350290
9903111,121,6517,2018,3922.0,16169584.0,2.093866,0.764303,KOR,350290
9903112,121,6517,2019,31451.0,22279940.0,2.115482,0.696838,KOR,350290
9903113,121,6517,2020,230830.0,32707993.0,1.9703950000000001,0.800826,KOR,350290
9903114,122,6517,1995,0.0,8237.0,-0.226273,-1.02354,KWT,350290
9903115,122,6517,1996,0.0,4026.0,-0.27174499999999996,-1.098243,KWT,350290
9903116,122,6517,1997,0.0,18823.0,-0.660185,-1.1410129999999998,KWT,350290
9903117,122,6517,1998,,,0.037029,-1.054761,KWT,350290
9903118,122,6517,1999,,,0.028312999999999998,-1.0742770000000001,KWT,350290
9903119,122,6517,2000,,,-0.6112270000000001,-1.149326,KWT,350290
9903120,122,6517,2001,,,-0.8197,-1.183758,KWT,350290
9903121,122,6517,2002,,,-0.6629550000000001,-1.157214,KWT,350290
9903122,122,6517,2003,,,-0.7943640000000001,-1.1529770000000001,KWT,350290
9903123,122,6517,2004,,,-0.481908,-1.172081,KWT,350290
9903124,122,6517,2005,,,0.259466,-1.023932,KWT,350290
9903125,122,6517,2006,0.0,80771.0,-0.589823,-1.142795,KWT,350290
9903126,122,6517,2007,13094.0,222368.0,-0.8265030000000001,-1.166243,KWT,350290
9903127,122,6517,2008,0.0,99409.0,-1.401297,-1.142945,KWT,350290
9903128,122,6517,2009,0.0,74208.0,-1.386993,-1.203527,KWT,350290
9903129,122,6517,2010,0.0,51738.0,0.067373,-1.0822120000000002,KWT,350290
9903130,122,6517,2011,2199.0,64876.0,-0.898582,-1.09893,KWT,350290
9903131,122,6517,2012,,,-0.7931600000000001,-1.096005,KWT,350290
9903132,122,6517,2013,0.0,2029.0,-0.536384,-1.08382,KWT,350290
9903133,122,6517,2014,0.0,4545.0,-0.769616,-1.10667,KWT,350290
9903134,122,6517,2015,0.0,45417.0,-0.352023,-1.153057,KWT,350290
9903135,122,6517,2016,0.0,139430.0,-0.31188,-1.1438620000000002,KWT,350290
9903136,122,6517,2017,0.0,19874.0,-0.229821,-1.128482,KWT,350290
9903137,122,6517,2018,0.0,140041.0,-0.668802,-1.154012,KWT,350290
9903138,122,6517,2019,0.0,132922.0,0.081686,-1.087259,KWT,350290
9903139,122,6517,2020,0.0,64411.0,-0.072977,-1.090017,KWT,350290
9903140,123,6517,1995,,,-1.305146,-1.1964299999999999,LAO,350290
9903141,123,6517,1996,,,-0.751092,-0.8680209999999999,LAO,350290
9903142,123,6517,1997,,,-0.868848,-0.914637,LAO,350290
9903143,123,6517,1998,,,-1.251085,-1.1803219999999999,LAO,350290
9903144,123,6517,1999,,,-1.429411,-1.243248,LAO,350290
9903145,123,6517,2000,,,-1.4676120000000001,-1.25673,LAO,350290
9903146,123,6517,2001,,,-1.298653,-1.164605,LAO,350290
9903147,123,6517,2002,,,-1.255183,-1.163232,LAO,350290
9903148,123,6517,2003,,,-1.251741,-1.14364,LAO,350290
9903149,123,6517,2004,,,-1.274622,-1.082807,LAO,350290
9903150,123,6517,2005,,,-1.2717379999999998,-1.030638,LAO,350290
9903151,123,6517,2006,,,-1.1707450000000001,-1.057348,LAO,350290
9903152,123,6517,2007,,,-1.045213,-1.01482,LAO,350290
9903153,123,6517,2008,,,-1.09704,-0.934141,LAO,350290
9903154,123,6517,2009,,,-1.235693,-1.0440040000000002,LAO,350290
9903155,123,6517,2010,0.0,25489.0,-1.104075,-0.836772,LAO,350290
9903156,123,6517,2011,0.0,8098.0,-1.135039,-0.929759,LAO,350290
9903157,123,6517,2012,0.0,3449.0,-1.0873540000000002,-0.9584809999999999,LAO,350290
9903158,123,6517,2013,,,-1.204446,-0.8571489999999999,LAO,350290
9903159,123,6517,2014,0.0,2793.0,-1.054294,-0.869916,LAO,350290
9903160,123,6517,2015,,,-0.927524,-0.74525,LAO,350290
9903161,123,6517,2016,,,-0.9781479999999999,-0.8272860000000001,LAO,350290
9903162,123,6517,2017,,,-0.9742190000000001,-0.727593,LAO,350290
9903163,123,6517,2018,0.0,9108.0,-0.788808,-0.8012670000000001,LAO,350290
9903164,123,6517,2019,0.0,1210.0,-0.8232889999999999,-0.7276590000000001,LAO,350290
9903165,123,6517,2020,0.0,1521.0,-0.741151,-0.689088,LAO,350290
9903166,124,6517,1995,0.0,1098.0,0.027416000000000003,0.327795,LBN,350290
9903167,124,6517,1996,0.0,2390.0,-0.051973,0.002154,LBN,350290
9903168,124,6517,1997,0.0,265068.0,0.334291,0.783104,LBN,350290
9903169,124,6517,1998,0.0,238045.0,0.23803200000000002,0.9927860000000001,LBN,350290
9903170,124,6517,1999,0.0,66062.0,0.264151,0.767188,LBN,350290
9903171,124,6517,2000,0.0,55629.0,0.24766100000000002,0.85467,LBN,350290
9903172,124,6517,2001,,,0.165355,0.988008,LBN,350290
9903173,124,6517,2002,,,0.2729,1.254232,LBN,350290
9903174,124,6517,2003,0.0,52680.0,0.261687,1.053856,LBN,350290
9903175,124,6517,2004,0.0,7734.0,0.32409899999999997,1.037024,LBN,350290
9903176,124,6517,2005,0.0,10101.0,0.398304,1.439764,LBN,350290
9903177,124,6517,2006,0.0,2003.0,0.3861,1.586183,LBN,350290
9903178,124,6517,2007,0.0,836876.0,0.47468,1.775191,LBN,350290
9903179,124,6517,2008,0.0,494734.0,0.46133100000000005,1.4598149999999999,LBN,350290
9903180,124,6517,2009,0.0,186969.0,0.48618599999999995,1.4748620000000001,LBN,350290
9903181,124,6517,2010,0.0,386922.0,0.415854,1.424085,LBN,350290
9903182,124,6517,2011,0.0,277054.0,0.278393,1.2962879999999999,LBN,350290
9903183,124,6517,2012,0.0,98220.0,0.38759,1.446025,LBN,350290
9903184,124,6517,2013,11416.0,525687.0,0.283084,1.4289100000000001,LBN,350290
9903185,124,6517,2014,0.0,655513.0,0.308677,1.7564490000000001,LBN,350290
9903186,124,6517,2015,0.0,326837.0,0.317355,1.330374,LBN,350290
9903187,124,6517,2016,0.0,208737.0,0.285829,1.0818139999999998,LBN,350290
9903188,124,6517,2017,0.0,244661.0,0.266847,1.117621,LBN,350290
9903189,124,6517,2018,0.0,439799.0,0.270554,0.9995149999999999,LBN,350290
9903190,124,6517,2019,0.0,161869.0,0.26155700000000004,1.062317,LBN,350290
9903191,124,6517,2020,1000.0,53760.0,0.35459,1.067965,LBN,350290
9903192,125,6517,1995,,,-0.683329,-1.058242,LBR,350290
9903193,125,6517,1996,,,-0.6975779999999999,-1.0896290000000002,LBR,350290
9903194,125,6517,1997,,,-0.468764,-1.087005,LBR,350290
9903195,125,6517,1998,,,-0.41130600000000006,-1.096049,LBR,350290
9903196,125,6517,1999,,,0.08996799999999999,-1.014859,LBR,350290
9903197,125,6517,2000,,,-0.603775,-1.132357,LBR,350290
9903198,125,6517,2001,,,-0.49036,-1.126565,LBR,350290
9903199,125,6517,2002,,,-0.508416,-1.121658,LBR,350290
9903200,125,6517,2003,,,0.026117,-1.03888,LBR,350290
9903201,125,6517,2004,,,0.016191,-1.070051,LBR,350290
9903202,125,6517,2005,,,-0.6951890000000001,-1.101651,LBR,350290
9903203,125,6517,2006,,,-0.679188,-1.0969389999999999,LBR,350290
9903204,125,6517,2007,,,-0.866643,-1.124112,LBR,350290
9903205,125,6517,2008,,,-0.20785900000000002,-0.9568030000000001,LBR,350290
9903206,125,6517,2009,,,-0.07508,-0.994632,LBR,350290
9903207,125,6517,2010,,,-0.527834,-1.045908,LBR,350290
9903208,125,6517,2011,,,-0.318463,-0.9367489999999999,LBR,350290
9903209,125,6517,2012,,,-0.699557,-1.083059,LBR,350290
9903210,125,6517,2013,,,-0.41869399999999996,-0.9538770000000001,LBR,350290
9903211,125,6517,2014,,,-1.016828,-1.107983,LBR,350290
9903212,125,6517,2015,,,-1.087459,-1.195708,LBR,350290
9903213,125,6517,2016,,,-0.870345,-1.113277,LBR,350290
9903214,125,6517,2017,,,-0.355064,-0.977613,LBR,350290
9903215,125,6517,2018,,,-1.022881,-1.124718,LBR,350290
9903216,125,6517,2019,,,-1.288568,-1.172395,LBR,350290
9903217,125,6517,2020,0.0,5640.0,-1.614715,-1.185446,LBR,350290
9903218,126,6517,1995,0.0,13904.0,-0.353547,-1.019464,LBY,350290
9903219,126,6517,1996,0.0,4209.0,-0.588489,-1.138552,LBY,350290
9903220,126,6517,1997,0.0,1897.0,-0.49745600000000006,-1.126254,LBY,350290
9903221,126,6517,1998,0.0,1115.0,-0.303379,-1.1347180000000001,LBY,350290
9903222,126,6517,1999,,,-0.269375,-1.145758,LBY,350290
9903223,126,6517,2000,0.0,4026.0,-0.49665200000000004,-1.130641,LBY,350290
9903224,126,6517,2001,0.0,4000.0,-0.9321459999999999,-1.198124,LBY,350290
9903225,126,6517,2002,0.0,21000.0,-0.568615,-1.172261,LBY,350290
9903226,126,6517,2003,0.0,1004.0,-0.36075999999999997,-1.110575,LBY,350290
9903227,126,6517,2004,0.0,14048.0,-0.42119700000000004,-1.179463,LBY,350290
9903228,126,6517,2005,0.0,6023.0,-0.159698,-1.126737,LBY,350290
9903229,126,6517,2006,0.0,3008.0,-0.518724,-1.142074,LBY,350290
9903230,126,6517,2007,0.0,1854.0,-0.8669959999999999,-1.167363,LBY,350290
9903231,126,6517,2008,0.0,8635.0,-1.156353,-1.133716,LBY,350290
9903232,126,6517,2009,0.0,2501.0,-1.196032,-1.1829,LBY,350290
9903233,126,6517,2010,0.0,8637.0,-0.706491,-1.140822,LBY,350290
9903234,126,6517,2011,,,-1.680464,-1.148511,LBY,350290
9903235,126,6517,2012,0.0,9522.0,-3.1086240000000003,-1.185131,LBY,350290
9903236,126,6517,2013,0.0,8974.0,-1.6241459999999999,-1.1817950000000002,LBY,350290
9903237,126,6517,2014,,,-1.5943829999999999,-1.189961,LBY,350290
9903238,126,6517,2015,0.0,16051.0,-1.3257219999999998,-1.260453,LBY,350290
9903239,126,6517,2016,0.0,1505.0,-1.021925,-1.2316790000000002,LBY,350290
9903240,126,6517,2017,,,-1.156635,-1.212561,LBY,350290
9903241,126,6517,2018,0.0,298801.0,-1.608786,-1.231101,LBY,350290
9903242,126,6517,2019,0.0,15180.0,-1.552842,-1.2316690000000001,LBY,350290
9903243,126,6517,2020,0.0,8216.0,-1.0431840000000001,-1.187957,LBY,350290
9903244,127,6517,1995,0.0,1210.0,0.194177,-0.359444,LCA,350290
9903245,127,6517,1996,,,0.016224000000000002,-0.664312,LCA,350290
9903246,127,6517,1997,,,-0.148373,-0.516139,LCA,350290
9903247,127,6517,1998,,,-0.056641,-0.672786,LCA,350290
9903248,127,6517,1999,,,-0.129026,-0.630046,LCA,350290
9903249,127,6517,2000,,,0.025498,-0.599171,LCA,350290
9903250,127,6517,2001,,,0.004518,-0.5326770000000001,LCA,350290
9903251,127,6517,2002,,,0.14441700000000002,-0.38146599999999997,LCA,350290
9903252,127,6517,2003,,,0.318385,-0.342679,LCA,350290
9903253,127,6517,2004,,,0.233152,-0.351169,LCA,350290
9903254,127,6517,2005,0.0,24561.0,0.795038,-0.40244,LCA,350290
9903255,127,6517,2006,0.0,16058.0,1.118348,-0.17618,LCA,350290
9903256,127,6517,2007,,,0.7445430000000001,-0.187834,LCA,350290
9903257,127,6517,2008,,,0.42267899999999997,0.005129,LCA,350290
9903258,127,6517,2009,,,0.34839699999999996,-0.531658,LCA,350290
9903259,127,6517,2010,,,0.446162,-0.279229,LCA,350290
9903260,127,6517,2011,,,0.639295,-0.17407999999999998,LCA,350290
9903261,127,6517,2012,,,0.526261,-0.10413199999999999,LCA,350290
9903262,127,6517,2013,,,0.265129,-0.5083949999999999,LCA,350290
9903263,127,6517,2014,,,0.29035500000000003,-0.603541,LCA,350290
9903264,127,6517,2015,,,0.5410590000000001,-0.484234,LCA,350290
9903265,127,6517,2016,,,0.397746,-0.405285,LCA,350290
9903266,127,6517,2017,,,0.458896,-0.149195,LCA,350290
9903267,127,6517,2018,,,0.18656,-0.143406,LCA,350290
9903268,127,6517,2019,,,0.21145,-0.08792699999999999,LCA,350290
9903269,127,6517,2020,,,0.044785000000000005,-0.59519,LCA,350290
9903270,128,6517,1995,0.0,2095.0,-0.8358030000000001,-0.29397199999999996,LKA,350290
9903271,128,6517,1996,0.0,9628.0,-0.812763,-0.188722,LKA,350290
9903272,128,6517,1997,,,-0.925745,-0.308559,LKA,350290
9903273,128,6517,1998,,,-0.933293,-0.233566,LKA,350290
9903274,128,6517,1999,0.0,115458.0,-0.8875649999999999,-0.059249,LKA,350290
9903275,128,6517,2000,0.0,86398.0,-0.8783549999999999,-0.074326,LKA,350290
9903276,128,6517,2001,0.0,3210.0,-0.722434,-0.033818,LKA,350290
9903277,128,6517,2002,0.0,1281.0,-0.740927,0.023171,LKA,350290
9903278,128,6517,2003,0.0,47689.0,-0.618057,0.101931,LKA,350290
9903279,128,6517,2004,1007.0,20382.0,-0.658668,0.21912600000000002,LKA,350290
9903280,128,6517,2005,0.0,7584.0,-0.718592,0.22666,LKA,350290
9903281,128,6517,2006,0.0,40526.0,-0.573767,0.305913,LKA,350290
9903282,128,6517,2007,0.0,46221.0,-0.568577,0.364717,LKA,350290
9903283,128,6517,2008,805.0,42491.0,-0.48245200000000005,0.295892,LKA,350290
9903284,128,6517,2009,0.0,111777.0,-0.653836,0.174403,LKA,350290
9903285,128,6517,2010,0.0,46038.0,-0.70886,0.25216700000000003,LKA,350290
9903286,128,6517,2011,0.0,59403.0,-0.559311,0.398905,LKA,350290
9903287,128,6517,2012,0.0,47746.0,-0.49648100000000006,0.48185200000000006,LKA,350290
9903288,128,6517,2013,0.0,55005.0,-0.6521779999999999,0.41258599999999995,LKA,350290
9903289,128,6517,2014,0.0,18930.0,-0.49366899999999997,0.338686,LKA,350290
9903290,128,6517,2015,0.0,75785.0,-0.6773399999999999,0.386343,LKA,350290
9903291,128,6517,2016,9473.0,56127.0,-0.562869,0.49937,LKA,350290
9903292,128,6517,2017,0.0,236568.0,-0.46442799999999995,0.472132,LKA,350290
9903293,128,6517,2018,0.0,155293.0,-0.544504,0.41074099999999997,LKA,350290
9903294,128,6517,2019,0.0,249908.0,-0.592952,0.394811,LKA,350290
9903295,128,6517,2020,28652.0,198117.0,-0.48448599999999997,0.5495220000000001,LKA,350290
9903296,129,6517,1995,,,,,LSO,350290
9903297,129,6517,1996,,,,,LSO,350290
9903298,129,6517,1997,,,,,LSO,350290
9903299,129,6517,1998,,,,,LSO,350290
9903300,129,6517,1999,,,,,LSO,350290
9903301,129,6517,2000,314.0,234572.0,-0.8855850000000001,-0.9470620000000001,LSO,350290
9903302,129,6517,2001,0.0,211456.0,-0.786499,-0.7595729999999999,LSO,350290
9903303,129,6517,2002,0.0,50464.0,-1.342265,-1.057032,LSO,350290
9903304,129,6517,2003,179.0,73678.0,-1.405425,-1.046031,LSO,350290
9903305,129,6517,2004,0.0,72015.0,-1.343146,-1.041126,LSO,350290
9903306,129,6517,2005,,,-1.8343599999999998,-1.077212,LSO,350290
9903307,129,6517,2006,,,-1.006497,-0.957676,LSO,350290
9903308,129,6517,2007,,,-0.122333,-0.7552439999999999,LSO,350290
9903309,129,6517,2008,163.0,11531.0,-0.9549120000000001,-0.987166,LSO,350290
9903310,129,6517,2009,0.0,6223.0,-1.446041,-1.102158,LSO,350290
9903311,129,6517,2010,0.0,2820.0,-0.7534529999999999,-0.759605,LSO,350290
9903312,129,6517,2011,0.0,18748.0,-0.868226,-0.764548,LSO,350290
9903313,129,6517,2012,,,-0.579926,-0.732004,LSO,350290
9903314,129,6517,2013,0.0,7787.0,-0.7396689999999999,-0.696625,LSO,350290
9903315,129,6517,2014,0.0,2314.0,-0.59647,-0.58713,LSO,350290
9903316,129,6517,2015,0.0,1784.0,-0.910168,-0.870865,LSO,350290
9903317,129,6517,2016,,,-0.891036,-0.807709,LSO,350290
9903318,129,6517,2017,,,-0.955398,-0.824111,LSO,350290
9903319,129,6517,2018,,,-0.413303,-0.46411899999999995,LSO,350290
9903320,129,6517,2019,,,-0.905482,-0.69457,LSO,350290
9903321,129,6517,2020,,,-0.968781,-0.770512,LSO,350290
9903322,130,6517,1995,15909.0,0.0,0.41220500000000004,0.966966,LTU,350290
9903323,130,6517,1996,,,0.40520500000000004,0.9465950000000001,LTU,350290
9903324,130,6517,1997,0.0,1255.0,0.377245,0.8823270000000001,LTU,350290
9903325,130,6517,1998,1067.0,18059.0,0.27073,0.692656,LTU,350290
9903326,130,6517,1999,0.0,4871.0,0.197536,0.5041899999999999,LTU,350290
9903327,130,6517,2000,0.0,24888.0,0.22596799999999997,0.550341,LTU,350290
9903328,130,6517,2001,16989.0,28315.0,0.15706900000000001,0.416663,LTU,350290
9903329,130,6517,2002,0.0,11285.0,0.23102399999999998,0.586078,LTU,350290
9903330,130,6517,2003,0.0,1570405.0,0.239608,0.517299,LTU,350290
9903331,130,6517,2004,0.0,45364.0,0.403568,0.632707,LTU,350290
9903332,130,6517,2005,3984.0,73263.0,0.365698,0.8917370000000001,LTU,350290
9903333,130,6517,2006,394844.0,83915.0,0.44063599999999997,1.163857,LTU,350290
9903334,130,6517,2007,479671.0,134084.0,0.604169,1.279982,LTU,350290
9903335,130,6517,2008,88579.0,54753.0,0.59033,0.961408,LTU,350290
9903336,130,6517,2009,12035.0,95118.0,0.647736,1.150962,LTU,350290
9903337,130,6517,2010,2111974.0,1125201.0,0.6390600000000001,1.144911,LTU,350290
9903338,130,6517,2011,1924175.0,1927680.0,0.747963,0.9759530000000001,LTU,350290
9903339,130,6517,2012,340368.0,2865248.0,0.771482,1.000405,LTU,350290
9903340,130,6517,2013,621188.0,1408351.0,0.737796,1.215543,LTU,350290
9903341,130,6517,2014,11817495.0,1190626.0,0.764495,1.3451540000000002,LTU,350290
9903342,130,6517,2015,11073787.0,1886415.0,0.749429,1.3659860000000001,LTU,350290
9903343,130,6517,2016,15198656.0,216352.0,0.706929,1.419432,LTU,350290
9903344,130,6517,2017,15004677.0,708931.0,0.855858,1.447717,LTU,350290
9903345,130,6517,2018,20669753.0,1014120.0,0.964249,1.4050200000000002,LTU,350290
9903346,130,6517,2019,24638974.0,1172131.0,0.858456,1.364581,LTU,350290
9903347,130,6517,2020,24051062.0,3305641.0,0.9772870000000001,1.291244,LTU,350290
9903348,131,6517,1995,,,,,LUX,350290
9903349,131,6517,1996,,,,,LUX,350290
9903350,131,6517,1997,,,,,LUX,350290
9903351,131,6517,1998,,,,,LUX,350290
9903352,131,6517,1999,0.0,294918.0,1.499745,1.142951,LUX,350290
9903353,131,6517,2000,660.0,5292.0,1.331688,1.130817,LUX,350290
9903354,131,6517,2001,2430.0,13945.0,1.470895,1.149007,LUX,350290
9903355,131,6517,2002,0.0,61826.0,1.605378,1.152973,LUX,350290
9903356,131,6517,2003,0.0,139425.0,1.444996,1.063764,LUX,350290
9903357,131,6517,2004,78820.0,161925.0,1.37529,1.0172649999999999,LUX,350290
9903358,131,6517,2005,144857.0,100451.0,1.399885,0.974292,LUX,350290
9903359,131,6517,2006,136979.0,35092.0,1.4345620000000001,0.8840819999999999,LUX,350290
9903360,131,6517,2007,132416.0,49121.0,1.390259,0.996566,LUX,350290
9903361,131,6517,2008,169336.0,72333.0,1.39945,1.003857,LUX,350290
9903362,131,6517,2009,147035.0,57145.0,1.323336,1.026341,LUX,350290
9903363,131,6517,2010,210019.0,150900.0,1.272127,1.1051520000000001,LUX,350290
9903364,131,6517,2011,139176.0,62793.0,1.1655739999999999,1.222379,LUX,350290
9903365,131,6517,2012,27704.0,27715.0,1.131145,1.305768,LUX,350290
9903366,131,6517,2013,20580.0,109776.0,1.170459,1.150327,LUX,350290
9903367,131,6517,2014,16334.0,282334.0,1.243845,1.155474,LUX,350290
9903368,131,6517,2015,17624.0,23308.0,1.218924,1.247152,LUX,350290
9903369,131,6517,2016,23913.0,25145.0,1.340054,1.30224,LUX,350290
9903370,131,6517,2017,0.0,21661.0,1.24064,1.298263,LUX,350290
9903371,131,6517,2018,972.0,31901.0,1.1142889999999999,1.306066,LUX,350290
9903372,131,6517,2019,0.0,33670.0,1.234145,1.3754309999999998,LUX,350290
9903373,131,6517,2020,0.0,158569.0,1.197655,1.432727,LUX,350290
9903374,132,6517,1995,0.0,262325.0,0.25453400000000004,0.174809,LVA,350290
9903375,132,6517,1996,0.0,206122.0,0.33418600000000004,0.1615,LVA,350290
9903376,132,6517,1997,0.0,130237.0,0.398848,0.215206,LVA,350290
9903377,132,6517,1998,0.0,11249.0,0.322473,0.388421,LVA,350290
9903378,132,6517,1999,0.0,21378.0,0.20633600000000002,0.324171,LVA,350290
9903379,132,6517,2000,0.0,29233.0,0.392514,0.212175,LVA,350290
9903380,132,6517,2001,0.0,33465.0,0.404136,0.461009,LVA,350290
9903381,132,6517,2002,884.0,22560.0,0.45210200000000006,0.515388,LVA,350290
9903382,132,6517,2003,1548.0,46853.0,0.520772,0.5631689999999999,LVA,350290
9903383,132,6517,2004,1317.0,38262.0,0.413821,0.627853,LVA,350290
9903384,132,6517,2005,7567.0,26703.0,0.439697,0.690283,LVA,350290
9903385,132,6517,2006,3918.0,14397.0,0.531375,0.9414170000000001,LVA,350290
9903386,132,6517,2007,3729.0,28078.0,0.61459,0.985358,LVA,350290
9903387,132,6517,2008,4354.0,29272.0,0.655489,1.0811540000000002,LVA,350290
9903388,132,6517,2009,30274.0,48413.0,0.675643,0.99977,LVA,350290
9903389,132,6517,2010,53286.0,171200.0,0.6158170000000001,1.1401059999999998,LVA,350290
9903390,132,6517,2011,99361.0,171545.0,0.7320939999999999,1.101321,LVA,350290
9903391,132,6517,2012,320410.0,124035.0,0.71433,0.9376540000000001,LVA,350290
9903392,132,6517,2013,223629.0,276809.0,0.6219439999999999,1.166749,LVA,350290
9903393,132,6517,2014,82392.0,495877.0,0.613116,1.1899790000000001,LVA,350290
9903394,132,6517,2015,29341.0,455161.0,0.602209,1.125357,LVA,350290
9903395,132,6517,2016,19701.0,437553.0,0.553592,1.19865,LVA,350290
9903396,132,6517,2017,174576.0,527735.0,0.684555,1.3208030000000002,LVA,350290
9903397,132,6517,2018,69532.0,274640.0,0.707168,1.294297,LVA,350290
9903398,132,6517,2019,49359.0,235191.0,0.7804300000000001,1.159592,LVA,350290
9903399,132,6517,2020,37916.0,171725.0,0.712901,1.119907,LVA,350290
9903400,133,6517,1995,0.0,10099.0,-0.149794,-0.26961799999999997,MAC,350290
9903401,133,6517,1996,0.0,675338.0,-0.23007399999999997,-0.34139400000000003,MAC,350290
9903402,133,6517,1997,0.0,687030.0,-0.238002,-0.361492,MAC,350290
9903403,133,6517,1998,0.0,41111.0,-0.21838000000000002,-0.370322,MAC,350290
9903404,133,6517,1999,0.0,1723444.0,-0.365239,-0.380913,MAC,350290
9903405,133,6517,2000,0.0,2113107.0,-0.370575,-0.47639499999999996,MAC,350290
9903406,133,6517,2001,0.0,838704.0,-0.608406,-0.521662,MAC,350290
9903407,133,6517,2002,0.0,130489.0,-0.360172,-0.359367,MAC,350290
9903408,133,6517,2003,0.0,27879.0,-0.294516,-0.413828,MAC,350290
9903409,133,6517,2004,0.0,5638.0,-0.351045,-0.487521,MAC,350290
9903410,133,6517,2005,,,-0.218324,-0.329027,MAC,350290
9903411,133,6517,2006,,,-0.07118200000000001,-0.228354,MAC,350290
9903412,133,6517,2007,,,0.168528,-0.150411,MAC,350290
9903413,133,6517,2008,0.0,347847.0,0.352633,0.219317,MAC,350290
9903414,133,6517,2009,0.0,1741.0,0.450395,0.6237739999999999,MAC,350290
9903415,133,6517,2010,0.0,99725.0,0.545755,0.492997,MAC,350290
9903416,133,6517,2011,0.0,80838.0,0.511015,0.560905,MAC,350290
9903417,133,6517,2012,0.0,193014.0,0.659177,0.583923,MAC,350290
9903418,133,6517,2013,0.0,198190.0,0.252209,0.184401,MAC,350290
9903419,133,6517,2014,0.0,439517.0,0.704535,0.5856140000000001,MAC,350290
9903420,133,6517,2015,0.0,109827.0,0.296288,0.32009499999999996,MAC,350290
9903421,133,6517,2016,0.0,656247.0,0.534935,0.185542,MAC,350290
9903422,133,6517,2017,,,0.264006,-0.11028099999999999,MAC,350290
9903423,133,6517,2018,,,0.44520299999999996,0.042491,MAC,350290
9903424,133,6517,2019,,,0.397984,-0.061689,MAC,350290
9903425,133,6517,2020,,,0.464354,0.020065,MAC,350290
9903426,134,6517,1995,0.0,21889.0,-0.6481210000000001,-0.22345,MAR,350290
9903427,134,6517,1996,0.0,29766.0,-0.67314,-0.241242,MAR,350290
9903428,134,6517,1997,0.0,9787.0,-0.649616,-0.260554,MAR,350290
9903429,134,6517,1998,0.0,42912.0,-0.7299479999999999,-0.23758200000000002,MAR,350290
9903430,134,6517,1999,0.0,9931.0,-0.659053,-0.142104,MAR,350290
9903431,134,6517,2000,0.0,44176.0,-0.664836,-0.282415,MAR,350290
9903432,134,6517,2001,0.0,35844.0,-0.75275,-0.280397,MAR,350290
9903433,134,6517,2002,0.0,25656.0,-0.810467,-0.34807899999999997,MAR,350290
9903434,134,6517,2003,0.0,8614.0,-0.6842050000000001,-0.217892,MAR,350290
9903435,134,6517,2004,0.0,2865.0,-0.681556,-0.152372,MAR,350290
9903436,134,6517,2005,0.0,17579.0,-0.617355,-0.129666,MAR,350290
9903437,134,6517,2006,0.0,7417.0,-0.547933,0.08257300000000001,MAR,350290
9903438,134,6517,2007,0.0,13984.0,-0.5846560000000001,0.10927100000000001,MAR,350290
9903439,134,6517,2008,0.0,16295.0,-0.505734,-0.000516,MAR,350290
9903440,134,6517,2009,0.0,75386.0,-0.48819300000000004,0.173952,MAR,350290
9903441,134,6517,2010,0.0,197100.0,-0.5935229999999999,-0.056497000000000006,MAR,350290
9903442,134,6517,2011,0.0,3003.0,-0.485404,0.099828,MAR,350290
9903443,134,6517,2012,1423.0,2589.0,-0.536297,-0.018561,MAR,350290
9903444,134,6517,2013,0.0,2768.0,-0.6494260000000001,-0.035075999999999996,MAR,350290
9903445,134,6517,2014,0.0,5363.0,-0.574034,0.065788,MAR,350290
9903446,134,6517,2015,0.0,35779.0,-0.7554810000000001,-0.059697,MAR,350290
9903447,134,6517,2016,0.0,44579.0,-0.772795,-0.206511,MAR,350290
9903448,134,6517,2017,0.0,5333.0,-0.757236,-0.065347,MAR,350290
9903449,134,6517,2018,0.0,6561.0,-0.712775,-0.090013,MAR,350290
9903450,134,6517,2019,0.0,25483.0,-0.747739,-0.154125,MAR,350290
9903451,134,6517,2020,0.0,32067.0,-0.5208510000000001,-0.080499,MAR,350290
9903452,135,6517,1995,,,0.394058,0.124474,MDA,350290
9903453,135,6517,1996,,,0.198427,0.026004000000000003,MDA,350290
9903454,135,6517,1997,,,0.148579,-0.334685,MDA,350290
9903455,135,6517,1998,0.0,11440.0,-0.112783,-0.276584,MDA,350290
9903456,135,6517,1999,0.0,1514.0,-0.16408,-0.08062000000000001,MDA,350290
9903457,135,6517,2000,0.0,9036.0,0.069239,0.02855,MDA,350290
9903458,135,6517,2001,0.0,6566.0,-0.024822,-0.15323399999999998,MDA,350290
9903459,135,6517,2002,0.0,2866.0,-0.186001,-0.141598,MDA,350290
9903460,135,6517,2003,,,-0.005154,-0.26107199999999997,MDA,350290
9903461,135,6517,2004,,,-0.155523,-0.355142,MDA,350290
9903462,135,6517,2005,,,-0.10179400000000001,-0.152093,MDA,350290
9903463,135,6517,2006,,,-0.017707,0.135305,MDA,350290
9903464,135,6517,2007,0.0,19464.0,0.147801,0.13758299999999998,MDA,350290
9903465,135,6517,2008,0.0,41202.0,0.096913,-0.095718,MDA,350290
9903466,135,6517,2009,0.0,11118.0,0.009281999999999999,-0.039299,MDA,350290
9903467,135,6517,2010,0.0,40838.0,-0.116797,0.037801,MDA,350290
9903468,135,6517,2011,0.0,107468.0,-0.225556,0.28622,MDA,350290
9903469,135,6517,2012,0.0,25178.0,0.025301,0.36205,MDA,350290
9903470,135,6517,2013,0.0,2010.0,-0.016235,0.132104,MDA,350290
9903471,135,6517,2014,0.0,753422.0,-0.10438199999999999,-0.093194,MDA,350290
9903472,135,6517,2015,0.0,533298.0,-0.313837,-0.20393,MDA,350290
9903473,135,6517,2016,0.0,78988.0,-0.340932,-0.2839,MDA,350290
9903474,135,6517,2017,0.0,4204.0,-0.24909,-0.181213,MDA,350290
9903475,135,6517,2018,,,-0.358412,-0.271334,MDA,350290
9903476,135,6517,2019,0.0,23461.0,-0.333385,-0.35752,MDA,350290
9903477,135,6517,2020,0.0,788.0,-0.06779199999999999,-0.240851,MDA,350290
9903478,136,6517,1995,,,-1.178074,-0.6167,MDG,350290
9903479,136,6517,1996,0.0,10009.0,-1.213619,-0.606686,MDG,350290
9903480,136,6517,1997,0.0,8450.0,-1.2630370000000002,-0.565295,MDG,350290
9903481,136,6517,1998,0.0,1652.0,-1.2600639999999999,-0.566983,MDG,350290
9903482,136,6517,1999,,,-1.186653,-0.5059279999999999,MDG,350290
9903483,136,6517,2000,0.0,7782.0,-1.045792,-0.386997,MDG,350290
9903484,136,6517,2001,,,-1.247531,-0.637093,MDG,350290
9903485,136,6517,2002,0.0,145501.0,-1.120167,-0.43338699999999997,MDG,350290
9903486,136,6517,2003,0.0,2144.0,-1.254758,-0.622696,MDG,350290
9903487,136,6517,2004,0.0,1420.0,-1.355542,-0.634409,MDG,350290
9903488,136,6517,2005,,,-1.075232,-0.333908,MDG,350290
9903489,136,6517,2006,,,-1.024657,-0.393395,MDG,350290
9903490,136,6517,2007,,,-0.939838,-0.221205,MDG,350290
9903491,136,6517,2008,,,-0.9618190000000001,-0.348841,MDG,350290
9903492,136,6517,2009,0.0,39850.0,-1.0356610000000002,-0.198062,MDG,350290
9903493,136,6517,2010,,,-0.8737799999999999,-0.043717,MDG,350290
9903494,136,6517,2011,0.0,7277.0,-1.040519,-0.404883,MDG,350290
9903495,136,6517,2012,,,-0.9744290000000001,-0.326567,MDG,350290
9903496,136,6517,2013,0.0,7910.0,-1.068565,-0.364254,MDG,350290
9903497,136,6517,2014,0.0,11561.0,-1.002122,-0.44446,MDG,350290
9903498,136,6517,2015,0.0,3175.0,-1.15947,-0.497217,MDG,350290
9903499,136,6517,2016,0.0,4452.0,-1.2672709999999998,-0.613909,MDG,350290
9903500,136,6517,2017,0.0,1044.0,-1.277182,-0.6503399999999999,MDG,350290
9903501,136,6517,2018,0.0,67606.0,-1.2144549999999998,-0.748326,MDG,350290
9903502,136,6517,2019,0.0,1369.0,-1.267516,-0.733849,MDG,350290
9903503,136,6517,2020,0.0,22419.0,-1.206503,-0.709465,MDG,350290
9903504,137,6517,1995,,,-1.258938,-0.9818629999999999,MDV,350290
9903505,137,6517,1996,,,-1.107903,-1.016442,MDV,350290
9903506,137,6517,1997,,,-1.155491,-1.0362200000000001,MDV,350290
9903507,137,6517,1998,,,-1.4121629999999998,-1.084394,MDV,350290
9903508,137,6517,1999,,,-0.83783,-0.941734,MDV,350290
9903509,137,6517,2000,,,-1.408182,-1.099033,MDV,350290
9903510,137,6517,2001,,,-0.980734,-0.9785659999999999,MDV,350290
9903511,137,6517,2002,,,-1.3007440000000001,-1.0420120000000002,MDV,350290
9903512,137,6517,2003,,,-1.201352,-1.031892,MDV,350290
9903513,137,6517,2004,,,-0.34020700000000004,-0.817298,MDV,350290
9903514,137,6517,2005,,,0.063163,-0.623409,MDV,350290
9903515,137,6517,2006,,,-0.240191,-0.8320290000000001,MDV,350290
9903516,137,6517,2007,,,-0.7558050000000001,-0.931211,MDV,350290
9903517,137,6517,2008,,,0.037203,-0.718439,MDV,350290
9903518,137,6517,2009,,,-0.415182,-0.9298379999999999,MDV,350290
9903519,137,6517,2010,,,-0.644859,-0.910633,MDV,350290
9903520,137,6517,2011,0.0,68252.0,-0.937469,-0.87897,MDV,350290
9903521,137,6517,2012,,,-0.664154,-0.826418,MDV,350290
9903522,137,6517,2013,,,-0.21889699999999998,-0.776392,MDV,350290
9903523,137,6517,2014,,,-0.43265299999999995,-0.82696,MDV,350290
9903524,137,6517,2015,0.0,2696.0,-0.321571,-0.858751,MDV,350290
9903525,137,6517,2016,0.0,8382.0,-0.79904,-0.9720840000000001,MDV,350290
9903526,137,6517,2017,0.0,14169.0,-1.100027,-0.9779479999999999,MDV,350290
9903527,137,6517,2018,0.0,3047.0,-0.577527,-0.952098,MDV,350290
9903528,137,6517,2019,0.0,10133.0,-0.37792800000000004,-0.8963059999999999,MDV,350290
9903529,137,6517,2020,0.0,5049.0,-0.68914,-0.844514,MDV,350290
9903530,138,6517,1995,18610.0,594861.0,0.6414300000000001,0.9697520000000001,MEX,350290
9903531,138,6517,1996,6436.0,1251976.0,0.651949,0.9132170000000001,MEX,350290
9903532,138,6517,1997,8857.0,2406455.0,0.603221,0.898488,MEX,350290
9903533,138,6517,1998,70710.0,1429504.0,0.525671,0.880649,MEX,350290
9903534,138,6517,1999,21034.0,1215927.0,0.581034,0.8399760000000001,MEX,350290
9903535,138,6517,2000,111706.0,1876528.0,0.6866760000000001,0.64383,MEX,350290
9903536,138,6517,2001,36006.0,826851.0,0.797058,0.713234,MEX,350290
9903537,138,6517,2002,85376.0,664087.0,0.942061,0.6311260000000001,MEX,350290
9903538,138,6517,2003,97239.0,3280868.0,0.862509,0.756684,MEX,350290
9903539,138,6517,2004,32236.0,5413154.0,0.868684,0.85506,MEX,350290
9903540,138,6517,2005,15854.0,9116461.0,1.046235,0.856245,MEX,350290
9903541,138,6517,2006,28819.0,9780604.0,1.047268,0.7142270000000001,MEX,350290
9903542,138,6517,2007,39220.0,26766312.0,1.044746,0.605246,MEX,350290
9903543,138,6517,2008,311347.0,12141823.0,0.9833639999999999,0.7687069999999999,MEX,350290
9903544,138,6517,2009,117876.0,13123776.0,1.061625,0.719234,MEX,350290
9903545,138,6517,2010,91666.0,18151327.0,1.132664,0.675756,MEX,350290
9903546,138,6517,2011,1364005.0,18264567.0,0.9534600000000001,0.706982,MEX,350290
9903547,138,6517,2012,14810.0,17849795.0,1.039541,0.663349,MEX,350290
9903548,138,6517,2013,492213.0,15785694.0,1.048507,0.718932,MEX,350290
9903549,138,6517,2014,5593.0,19187752.0,1.0799729999999998,0.697554,MEX,350290
9903550,138,6517,2015,18374.0,11440414.0,1.169724,0.61457,MEX,350290
9903551,138,6517,2016,135269.0,10831892.0,1.165638,0.6446649999999999,MEX,350290
9903552,138,6517,2017,119620.0,10864656.0,1.08871,0.5745279999999999,MEX,350290
9903553,138,6517,2018,57181.0,9279765.0,1.00061,0.585759,MEX,350290
9903554,138,6517,2019,62444.0,13930239.0,1.083041,0.569353,MEX,350290
9903555,138,6517,2020,43456.0,5153044.0,0.974514,0.563643,MEX,350290
9903556,139,6517,1995,,,-0.423338,-0.72302,MHL,350290
9903557,139,6517,1996,,,-0.035292000000000004,-0.660011,MHL,350290
9903558,139,6517,1997,,,-0.09653400000000001,-0.744734,MHL,350290
9903559,139,6517,1998,,,-0.697979,-0.843189,MHL,350290
9903560,139,6517,1999,,,0.287285,-0.757613,MHL,350290
9903561,139,6517,2000,,,0.725404,-0.633921,MHL,350290
9903562,139,6517,2001,,,0.044811000000000004,-0.8319209999999999,MHL,350290
9903563,139,6517,2002,,,0.185091,-0.8390989999999999,MHL,350290
9903564,139,6517,2003,,,-1.7295669999999999,-0.926291,MHL,350290
9903565,139,6517,2004,,,-0.088716,-0.7905449999999999,MHL,350290
9903566,139,6517,2005,,,-0.991793,-0.875741,MHL,350290
9903567,139,6517,2006,,,-0.6514220000000001,-0.880265,MHL,350290
9903568,139,6517,2007,,,-0.980109,-0.915091,MHL,350290
9903569,139,6517,2008,,,-1.092352,-0.9263600000000001,MHL,350290
9903570,139,6517,2009,,,-0.960635,-0.99724,MHL,350290
9903571,139,6517,2010,,,-0.599197,-0.788443,MHL,350290
9903572,139,6517,2011,,,-0.380054,-0.73321,MHL,350290
9903573,139,6517,2012,,,-0.557802,-0.790155,MHL,350290
9903574,139,6517,2013,,,-0.980348,-0.8763219999999999,MHL,350290
9903575,139,6517,2014,,,-0.22505,-0.803084,MHL,350290
9903576,139,6517,2015,,,-0.174541,-0.828616,MHL,350290
9903577,139,6517,2016,,,0.073567,-0.808307,MHL,350290
9903578,139,6517,2017,,,-0.057511,-0.80248,MHL,350290
9903579,139,6517,2018,,,0.03022,-0.7880520000000001,MHL,350290
9903580,139,6517,2019,,,-0.592066,-0.900875,MHL,350290
9903581,139,6517,2020,,,-0.23666700000000002,-0.822276,MHL,350290
9903582,140,6517,1995,,,0.34174,0.648467,MKD,350290
9903583,140,6517,1996,0.0,11425.0,0.316133,0.933068,MKD,350290
9903584,140,6517,1997,0.0,957.0,0.26327399999999995,0.704879,MKD,350290
9903585,140,6517,1998,,,0.102559,0.591468,MKD,350290
9903586,140,6517,1999,0.0,2821.0,0.053132000000000006,0.43408,MKD,350290
9903587,140,6517,2000,,,0.13176600000000002,0.407194,MKD,350290
9903588,140,6517,2001,,,0.033097,0.43516499999999997,MKD,350290
9903589,140,6517,2002,0.0,1256.0,-0.030274000000000002,0.359317,MKD,350290
9903590,140,6517,2003,,,-0.017632,0.225394,MKD,350290
9903591,140,6517,2004,,,-0.091013,0.190649,MKD,350290
9903592,140,6517,2005,,,-0.084262,0.23169099999999998,MKD,350290
9903593,140,6517,2006,0.0,158964.0,-0.21336,0.17674700000000002,MKD,350290
9903594,140,6517,2007,,,-0.125912,-0.009395,MKD,350290
9903595,140,6517,2008,,,-0.090639,-0.137401,MKD,350290
9903596,140,6517,2009,0.0,1178.0,-0.14890499999999998,0.405505,MKD,350290
9903597,140,6517,2010,,,-0.122842,0.407017,MKD,350290
9903598,140,6517,2011,,,-0.12310499999999999,0.16392,MKD,350290
9903599,140,6517,2012,0.0,2552.0,-0.010966,0.160996,MKD,350290
9903600,140,6517,2013,,,-0.10859400000000001,0.155229,MKD,350290
9903601,140,6517,2014,0.0,9554.0,-0.039799,-0.05545,MKD,350290
9903602,140,6517,2015,0.0,22080.0,-0.09009600000000001,-0.147359,MKD,350290
9903603,140,6517,2016,0.0,48846.0,0.026185000000000003,-0.20027999999999999,MKD,350290
9903604,140,6517,2017,0.0,104272.0,-0.0292,-0.377156,MKD,350290
9903605,140,6517,2018,0.0,63866.0,0.079976,-0.20256,MKD,350290
9903606,140,6517,2019,0.0,198476.0,0.050624,-0.11143299999999999,MKD,350290
9903607,140,6517,2020,1259.0,358306.0,0.147947,-0.11116500000000001,MKD,350290
9903608,141,6517,1995,,,-0.807662,-0.952101,MLI,350290
9903609,141,6517,1996,,,-0.987858,-0.9677040000000001,MLI,350290
9903610,141,6517,1997,,,-1.230276,-1.086769,MLI,350290
9903611,141,6517,1998,,,-0.8910049999999999,-0.9654870000000001,MLI,350290
9903612,141,6517,1999,,,-0.8019149999999999,-0.9337979999999999,MLI,350290
9903613,141,6517,2000,0.0,4145.0,-0.5546409999999999,-0.633603,MLI,350290
9903614,141,6517,2001,,,-0.40341,-0.626402,MLI,350290
9903615,141,6517,2002,,,-0.8948520000000001,-0.863375,MLI,350290
9903616,141,6517,2003,,,-0.786411,-0.879049,MLI,350290
9903617,141,6517,2004,,,-0.6905100000000001,-0.9162459999999999,MLI,350290
9903618,141,6517,2005,0.0,17407.0,-0.811021,-0.77035,MLI,350290
9903619,141,6517,2006,0.0,9552.0,-0.503462,-0.778836,MLI,350290
9903620,141,6517,2007,,,-0.672822,-0.687913,MLI,350290
9903621,141,6517,2008,,,-0.274267,-0.51084,MLI,350290
9903622,141,6517,2009,0.0,1983.0,-0.84835,-0.780324,MLI,350290
9903623,141,6517,2010,,,-0.585496,-0.655841,MLI,350290
9903624,141,6517,2011,0.0,1889.0,-0.6778109999999999,-0.653211,MLI,350290
9903625,141,6517,2012,,,-0.592899,-0.775098,MLI,350290
9903626,141,6517,2013,,,-1.183671,-1.069504,MLI,350290
9903627,141,6517,2014,,,-1.199063,-1.05497,MLI,350290
9903628,141,6517,2015,,,-0.744236,-0.9441860000000001,MLI,350290
9903629,141,6517,2016,1510.0,2658.0,-0.584863,-0.74131,MLI,350290
9903630,141,6517,2017,0.0,1376.0,-0.5927899999999999,-0.707245,MLI,350290
9903631,141,6517,2018,,,-0.49666499999999997,-0.7189909999999999,MLI,350290
9903632,141,6517,2019,0.0,1310.0,-0.381732,-0.606313,MLI,350290
9903633,141,6517,2020,0.0,6803.0,-1.309505,-1.1745079999999999,MLI,350290
9903634,142,6517,1995,0.0,4400.0,0.842519,0.11882899999999999,MLT,350290
9903635,142,6517,1996,0.0,5361.0,0.8825440000000001,0.066541,MLT,350290
9903636,142,6517,1997,0.0,4798.0,0.936998,0.062266999999999996,MLT,350290
9903637,142,6517,1998,0.0,884.0,0.919593,-0.071451,MLT,350290
9903638,142,6517,1999,,,0.9998450000000001,0.009412,MLT,350290
9903639,142,6517,2000,,,1.106517,-0.05459,MLT,350290
9903640,142,6517,2001,0.0,6462.0,1.065032,-0.065239,MLT,350290
9903641,142,6517,2002,0.0,6147.0,1.12245,0.019001,MLT,350290
9903642,142,6517,2003,,,1.2138149999999999,-0.015687,MLT,350290
9903643,142,6517,2004,,,1.251894,0.063827,MLT,350290
9903644,142,6517,2005,0.0,2373.0,1.298938,0.13206600000000002,MLT,350290
9903645,142,6517,2006,,,1.384411,0.093734,MLT,350290
9903646,142,6517,2007,0.0,875.0,1.184569,-0.046376,MLT,350290
9903647,142,6517,2008,0.0,8918.0,1.015716,-0.065673,MLT,350290
9903648,142,6517,2009,0.0,79601.0,1.233965,-0.016763,MLT,350290
9903649,142,6517,2010,0.0,684.0,1.211797,-0.024923,MLT,350290
9903650,142,6517,2011,0.0,70826.0,1.3001340000000001,0.22605799999999998,MLT,350290
9903651,142,6517,2012,0.0,82975.0,1.023776,0.12459400000000001,MLT,350290
9903652,142,6517,2013,0.0,28134.0,0.8519760000000001,-0.075869,MLT,350290
9903653,142,6517,2014,0.0,26355.0,0.817013,0.0016309999999999999,MLT,350290
9903654,142,6517,2015,0.0,6694.0,0.880893,-0.117585,MLT,350290
9903655,142,6517,2016,0.0,21791.0,0.8795950000000001,-0.21689499999999998,MLT,350290
9903656,142,6517,2017,0.0,18607.0,0.999914,0.12683,MLT,350290
9903657,142,6517,2018,0.0,20073.0,0.9621219999999999,0.257289,MLT,350290
9903658,142,6517,2019,2359.0,11635.0,0.893992,0.25255500000000003,MLT,350290
9903659,142,6517,2020,0.0,12080.0,0.9159309999999999,0.24442199999999997,MLT,350290
9903660,143,6517,1995,,,-1.5669309999999999,-1.124558,MMR,350290
9903661,143,6517,1996,,,-1.556357,-1.078395,MMR,350290
9903662,143,6517,1997,,,-1.595159,-1.09562,MMR,350290
9903663,143,6517,1998,0.0,4196.0,-1.620365,-0.997957,MMR,350290
9903664,143,6517,1999,,,-1.4991299999999999,-0.984557,MMR,350290
9903665,143,6517,2000,0.0,174076.0,-1.504802,-1.0756860000000001,MMR,350290
9903666,143,6517,2001,0.0,86030.0,-1.5627,-1.150854,MMR,350290
9903667,143,6517,2002,,,-1.571568,-1.131512,MMR,350290
9903668,143,6517,2003,,,-1.435123,-1.0948,MMR,350290
9903669,143,6517,2004,,,-1.400614,-0.947664,MMR,350290
9903670,143,6517,2005,0.0,2149.0,-1.506567,-1.169183,MMR,350290
9903671,143,6517,2006,,,-1.543679,-1.145623,MMR,350290
9903672,143,6517,2007,,,-1.29366,-1.074733,MMR,350290
9903673,143,6517,2008,0.0,22273.0,-1.501556,-1.1134110000000002,MMR,350290
9903674,143,6517,2009,,,-1.6459529999999998,-1.186635,MMR,350290
9903675,143,6517,2010,,,-1.480389,-1.075842,MMR,350290
9903676,143,6517,2011,0.0,1414.0,-1.3557190000000001,-0.929934,MMR,350290
9903677,143,6517,2012,15784.0,486096.0,-1.219747,-0.9290229999999999,MMR,350290
9903678,143,6517,2013,14033.0,4538.0,-1.230787,-0.737375,MMR,350290
9903679,143,6517,2014,0.0,16613.0,-1.5332459999999999,-1.145973,MMR,350290
9903680,143,6517,2015,9892.0,112424.0,-1.4596120000000001,-0.903904,MMR,350290
9903681,143,6517,2016,0.0,30429.0,-1.160878,-0.6042609999999999,MMR,350290
9903682,143,6517,2017,,,-1.051544,-0.419183,MMR,350290
9903683,143,6517,2018,,,-0.936467,-0.223413,MMR,350290
9903684,143,6517,2019,11170.0,0.0,-1.196733,-0.435766,MMR,350290
9903685,143,6517,2020,,,-0.9993569999999999,-0.298647,MMR,350290
9903686,144,6517,1995,,,,,MNE,350290
9903687,144,6517,1996,,,,,MNE,350290
9903688,144,6517,1997,,,,,MNE,350290
9903689,144,6517,1998,,,,,MNE,350290
9903690,144,6517,1999,,,,,MNE,350290
9903691,144,6517,2000,,,,,MNE,350290
9903692,144,6517,2001,,,,,MNE,350290
9903693,144,6517,2002,,,,,MNE,350290
9903694,144,6517,2003,,,,,MNE,350290
9903695,144,6517,2004,,,,,MNE,350290
9903696,144,6517,2005,,,,,MNE,350290
9903697,144,6517,2006,,,0.130773,-0.24674699999999997,MNE,350290
9903698,144,6517,2007,,,0.250006,-0.154908,MNE,350290
9903699,144,6517,2008,,,0.321434,-0.168212,MNE,350290
9903700,144,6517,2009,0.0,54899.0,0.19963499999999998,-0.073107,MNE,350290
9903701,144,6517,2010,,,0.266397,-0.02502,MNE,350290
9903702,144,6517,2011,,,0.149559,0.024935,MNE,350290
9903703,144,6517,2012,,,-0.059409000000000003,-0.328183,MNE,350290
9903704,144,6517,2013,,,-0.054454999999999996,-0.164875,MNE,350290
9903705,144,6517,2014,,,-0.17039100000000001,-0.21762399999999998,MNE,350290
9903706,144,6517,2015,,,-0.048385000000000004,-0.150759,MNE,350290
9903707,144,6517,2016,0.0,2559.0,-0.005084,-0.25252199999999997,MNE,350290
9903708,144,6517,2017,,,0.201739,-0.23111399999999999,MNE,350290
9903709,144,6517,2018,0.0,34049.0,0.332495,0.124258,MNE,350290
9903710,144,6517,2019,,,0.40415100000000004,0.068967,MNE,350290
9903711,144,6517,2020,0.0,95054.0,0.355595,0.140822,MNE,350290
9903712,145,6517,1995,,,-0.653135,-1.023557,MNG,350290
9903713,145,6517,1996,,,-0.18177000000000001,-0.8212280000000001,MNG,350290
9903714,145,6517,1997,,,-0.36035300000000003,-0.862088,MNG,350290
9903715,145,6517,1998,,,-0.605635,-0.9181520000000001,MNG,350290
9903716,145,6517,1999,,,-0.557761,-0.8596280000000001,MNG,350290
9903717,145,6517,2000,,,-0.600593,-0.889832,MNG,350290
9903718,145,6517,2001,,,-0.691001,-0.9284180000000001,MNG,350290
9903719,145,6517,2002,,,-0.895827,-0.9913799999999999,MNG,350290
9903720,145,6517,2003,0.0,1255.0,-0.9747620000000001,-1.026308,MNG,350290
9903721,145,6517,2004,,,-1.030558,-1.03145,MNG,350290
9903722,145,6517,2005,,,-1.059909,-1.010298,MNG,350290
9903723,145,6517,2006,0.0,36604.0,-1.147217,-1.0734709999999998,MNG,350290
9903724,145,6517,2007,,,-1.0688790000000001,-1.1115709999999999,MNG,350290
9903725,145,6517,2008,0.0,1503.0,-1.13585,-1.1076190000000001,MNG,350290
9903726,145,6517,2009,,,-0.825506,-1.067644,MNG,350290
9903727,145,6517,2010,,,-1.110861,-1.105545,MNG,350290
9903728,145,6517,2011,,,-1.0869389999999999,-1.107693,MNG,350290
9903729,145,6517,2012,0.0,16203.0,-1.2191,-1.1559549999999998,MNG,350290
9903730,145,6517,2013,0.0,4801.0,-1.3270950000000001,-1.144547,MNG,350290
9903731,145,6517,2014,0.0,10609.0,-1.425524,-1.161949,MNG,350290
9903732,145,6517,2015,0.0,461443.0,-1.244368,-1.196677,MNG,350290
9903733,145,6517,2016,0.0,4425.0,-0.811142,-1.013252,MNG,350290
9903734,145,6517,2017,,,-0.933737,-1.1195620000000002,MNG,350290
9903735,145,6517,2018,0.0,5684.0,-0.934398,-1.125105,MNG,350290
9903736,145,6517,2019,0.0,3567.0,-1.1612049999999998,-1.1615739999999999,MNG,350290
9903737,145,6517,2020,0.0,6773.0,-1.011938,-1.127569,MNG,350290
9903738,146,6517,1995,,,0.1683,-0.642753,MNP,350290
9903739,146,6517,1996,,,0.245321,-0.636347,MNP,350290
9903740,146,6517,1997,,,-0.912666,-0.9718110000000001,MNP,350290
9903741,146,6517,1998,,,-0.144048,-0.7987479999999999,MNP,350290
9903742,146,6517,1999,,,-0.45039399999999996,-0.8943700000000001,MNP,350290
9903743,146,6517,2000,,,-0.186998,-0.728449,MNP,350290
9903744,146,6517,2001,,,-0.701194,-0.89945,MNP,350290
9903745,146,6517,2002,,,-0.165526,-0.7033010000000001,MNP,350290
9903746,146,6517,2003,,,-0.370942,-0.685771,MNP,350290
9903747,146,6517,2004,,,-0.47053199999999995,-0.7803220000000001,MNP,350290
9903748,146,6517,2005,,,-0.292486,-0.669716,MNP,350290
9903749,146,6517,2006,,,-0.016344,-0.356507,MNP,350290
9903750,146,6517,2007,,,-0.171068,-0.7035520000000001,MNP,350290
9903751,146,6517,2008,,,-0.093684,-0.555717,MNP,350290
9903752,146,6517,2009,,,0.500134,-0.0069489999999999994,MNP,350290
9903753,146,6517,2010,,,0.27201,-0.285427,MNP,350290
9903754,146,6517,2011,,,0.31311300000000003,-0.30891799999999997,MNP,350290
9903755,146,6517,2012,,,0.6209600000000001,-0.14613800000000002,MNP,350290
9903756,146,6517,2013,,,0.596753,-0.118522,MNP,350290
9903757,146,6517,2014,,,1.1877790000000001,-0.300664,MNP,350290
9903758,146,6517,2015,,,0.690384,-0.5730529999999999,MNP,350290
9903759,146,6517,2016,,,0.867833,-0.68889,MNP,350290
9903760,146,6517,2017,,,1.1599540000000002,-0.561265,MNP,350290
9903761,146,6517,2018,,,1.013685,-0.56789,MNP,350290
9903762,146,6517,2019,,,0.9892219999999999,-0.5955520000000001,MNP,350290
9903763,146,6517,2020,,,0.067797,-0.7922859999999999,MNP,350290
9903764,147,6517,1995,,,-1.031627,-1.02484,MOZ,350290
9903765,147,6517,1996,,,-1.331264,-1.1260270000000001,MOZ,350290
9903766,147,6517,1997,,,-0.8600620000000001,-0.9672270000000001,MOZ,350290
9903767,147,6517,1998,,,-0.6813279999999999,-0.916391,MOZ,350290
9903768,147,6517,1999,,,-0.35994699999999996,-0.725301,MOZ,350290
9903769,147,6517,2000,,,-0.637021,-0.748197,MOZ,350290
9903770,147,6517,2001,0.0,3546.0,-1.2364879999999998,-1.136715,MOZ,350290
9903771,147,6517,2002,,,-0.947259,-1.047883,MOZ,350290
9903772,147,6517,2003,,,-1.188243,-1.123693,MOZ,350290
9903773,147,6517,2004,66370.0,0.0,-1.1010790000000001,-1.0942,MOZ,350290
9903774,147,6517,2005,,,-1.301283,-1.180598,MOZ,350290
9903775,147,6517,2006,,,-1.0250629999999998,-1.067359,MOZ,350290
9903776,147,6517,2007,0.0,4175.0,-1.4703110000000001,-1.1915719999999999,MOZ,350290
9903777,147,6517,2008,0.0,32397.0,-0.982727,-0.8361219999999999,MOZ,350290
9903778,147,6517,2009,,,-1.0023090000000001,-0.844765,MOZ,350290
9903779,147,6517,2010,0.0,10210.0,-1.479855,-1.070518,MOZ,350290
9903780,147,6517,2011,,,-1.2069299999999998,-0.977785,MOZ,350290
9903781,147,6517,2012,0.0,5052.0,-1.400493,-1.1536680000000001,MOZ,350290
9903782,147,6517,2013,0.0,3917.0,-1.326323,-1.050969,MOZ,350290
9903783,147,6517,2014,,,-1.1993610000000001,-1.040181,MOZ,350290
9903784,147,6517,2015,0.0,23114.0,-1.293809,-1.115069,MOZ,350290
9903785,147,6517,2016,,,-1.333702,-1.116794,MOZ,350290
9903786,147,6517,2017,0.0,13036.0,-1.3882290000000002,-1.114475,MOZ,350290
9903787,147,6517,2018,0.0,21590.0,-1.380023,-1.027817,MOZ,350290
9903788,147,6517,2019,0.0,22907.0,-1.264532,-1.072626,MOZ,350290
9903789,147,6517,2020,0.0,211176.0,-1.1186040000000002,-0.974224,MOZ,350290
9903790,148,6517,1995,,,-1.935629,-1.178304,MRT,350290
9903791,148,6517,1996,,,-1.352902,-1.19204,MRT,350290
9903792,148,6517,1997,,,-1.7012040000000002,-1.2302799999999998,MRT,350290
9903793,148,6517,1998,,,-1.177719,-1.199729,MRT,350290
9903794,148,6517,1999,,,-1.198078,-1.229277,MRT,350290
9903795,148,6517,2000,,,-1.461442,-1.230634,MRT,350290
9903796,148,6517,2001,,,-1.187271,-1.240445,MRT,350290
9903797,148,6517,2002,0.0,13551.0,-1.27671,-1.218472,MRT,350290
9903798,148,6517,2003,0.0,4015.0,-1.069232,-1.184061,MRT,350290
9903799,148,6517,2004,,,-1.6173959999999998,-1.2925719999999998,MRT,350290
9903800,148,6517,2005,,,-1.5391629999999998,-1.260424,MRT,350290
9903801,148,6517,2006,0.0,912.0,-1.72422,-1.2414399999999999,MRT,350290
9903802,148,6517,2007,,,-2.027741,-1.311094,MRT,350290
9903803,148,6517,2008,,,-2.081778,-1.274636,MRT,350290
9903804,148,6517,2009,,,-1.761436,-1.2898479999999999,MRT,350290
9903805,148,6517,2010,,,-2.099882,-1.303977,MRT,350290
9903806,148,6517,2011,,,-1.2593379999999998,-1.1793209999999998,MRT,350290
9903807,148,6517,2012,,,-1.570474,-1.284412,MRT,350290
9903808,148,6517,2013,,,-1.950532,-1.283104,MRT,350290
9903809,148,6517,2014,,,-1.458551,-1.225373,MRT,350290
9903810,148,6517,2015,,,-1.5597450000000002,-1.3209229999999998,MRT,350290
9903811,148,6517,2016,,,-1.542265,-1.318586,MRT,350290
9903812,148,6517,2017,,,-1.634533,-1.330819,MRT,350290
9903813,148,6517,2018,0.0,3120.0,-1.511361,-1.296003,MRT,350290
9903814,148,6517,2019,,,-1.711918,-1.339005,MRT,350290
9903815,148,6517,2020,,,-1.400894,-1.27631,MRT,350290
9903816,149,6517,1995,,,0.197655,-0.6083890000000001,MSR,350290
9903817,149,6517,1996,,,0.659518,-0.540708,MSR,350290
9903818,149,6517,1997,,,0.841025,-0.44752299999999995,MSR,350290
9903819,149,6517,1998,,,1.244182,-0.24840700000000002,MSR,350290
9903820,149,6517,1999,,,1.302936,0.055571,MSR,350290
9903821,149,6517,2000,,,1.168349,-0.18726199999999998,MSR,350290
9903822,149,6517,2001,,,0.796292,-0.431771,MSR,350290
9903823,149,6517,2002,,,1.4188209999999999,-0.087543,MSR,350290
9903824,149,6517,2003,,,0.383768,-0.320867,MSR,350290
9903825,149,6517,2004,,,0.736775,-0.001405,MSR,350290
9903826,149,6517,2005,,,1.266377,-0.112167,MSR,350290
9903827,149,6517,2006,,,1.300664,-0.082954,MSR,350290
9903828,149,6517,2007,,,0.952257,-0.31153800000000004,MSR,350290
9903829,149,6517,2008,,,1.375073,-0.275475,MSR,350290
9903830,149,6517,2009,,,1.163257,-0.332029,MSR,350290
9903831,149,6517,2010,,,1.090694,-0.45702200000000004,MSR,350290
9903832,149,6517,2011,,,1.2888760000000001,-0.207486,MSR,350290
9903833,149,6517,2012,,,1.338854,-0.098053,MSR,350290
9903834,149,6517,2013,,,1.610652,0.079868,MSR,350290
9903835,149,6517,2014,,,0.44890399999999997,-0.46028,MSR,350290
9903836,149,6517,2015,,,1.6649060000000002,-0.49319799999999997,MSR,350290
9903837,149,6517,2016,,,1.538666,-0.46699300000000005,MSR,350290
9903838,149,6517,2017,,,0.71373,-0.672669,MSR,350290
9903839,149,6517,2018,,,0.744527,-0.519904,MSR,350290
9903840,149,6517,2019,,,0.9961530000000001,-0.454477,MSR,350290
9903841,149,6517,2020,,,1.401202,-0.46509399999999995,MSR,350290
9903842,150,6517,1995,,,0.68423,-0.22968200000000003,MTQ,350290
9903843,150,6517,1996,,,,,MTQ,350290
9903844,150,6517,1997,,,,,MTQ,350290
9903845,150,6517,1998,,,,,MTQ,350290
9903846,150,6517,1999,,,,,MTQ,350290
9903847,150,6517,2000,,,,,MTQ,350290
9903848,150,6517,2001,,,,,MTQ,350290
9903849,150,6517,2002,,,,,MTQ,350290
9903850,150,6517,2003,,,,,MTQ,350290
9903851,150,6517,2004,,,,,MTQ,350290
9903852,150,6517,2005,,,,,MTQ,350290
9903853,150,6517,2006,,,,,MTQ,350290
9903854,150,6517,2007,,,,,MTQ,350290
9903855,150,6517,2008,,,,,MTQ,350290
9903856,150,6517,2009,,,,,MTQ,350290
9903857,150,6517,2010,,,,,MTQ,350290
9903858,150,6517,2011,,,,,MTQ,350290
9903859,150,6517,2012,,,,,MTQ,350290
9903860,150,6517,2013,,,,,MTQ,350290
9903861,150,6517,2014,,,,,MTQ,350290
9903862,150,6517,2015,,,,,MTQ,350290
9903863,150,6517,2016,,,,,MTQ,350290
9903864,150,6517,2017,,,,,MTQ,350290
9903865,150,6517,2018,,,,,MTQ,350290
9903866,150,6517,2019,,,,,MTQ,350290
9903867,150,6517,2020,,,,,MTQ,350290
9903868,151,6517,1995,,,-0.432644,-0.574298,MUS,350290
9903869,151,6517,1996,,,-0.538651,-0.746274,MUS,350290
9903870,151,6517,1997,,,-0.49241,-0.695729,MUS,350290
9903871,151,6517,1998,0.0,4655.0,-0.621599,-0.755795,MUS,350290
9903872,151,6517,1999,,,-0.5713729999999999,-0.696416,MUS,350290
9903873,151,6517,2000,7782.0,1577.0,-0.412313,-0.5704140000000001,MUS,350290
9903874,151,6517,2001,,,-0.410422,-0.5868369999999999,MUS,350290
9903875,151,6517,2002,138084.0,78457.0,-0.37937600000000005,-0.388848,MUS,350290
9903876,151,6517,2003,0.0,1387.0,-0.361514,-0.29839899999999997,MUS,350290
9903877,151,6517,2004,,,-0.374754,-0.288504,MUS,350290
9903878,151,6517,2005,0.0,2375.0,-0.24565,-0.091397,MUS,350290
9903879,151,6517,2006,0.0,3866.0,-0.311109,-0.07267,MUS,350290
9903880,151,6517,2007,0.0,29877.0,-0.342957,-0.129114,MUS,350290
9903881,151,6517,2008,,,-0.337563,-0.144226,MUS,350290
9903882,151,6517,2009,0.0,1601.0,-0.198194,0.067014,MUS,350290
9903883,151,6517,2010,0.0,7217.0,-0.173542,0.103727,MUS,350290
9903884,151,6517,2011,0.0,10812.0,-0.09464600000000001,0.091177,MUS,350290
9903885,151,6517,2012,0.0,6316.0,-0.028582999999999997,0.116882,MUS,350290
9903886,151,6517,2013,3928.0,8161.0,-0.158852,0.0061600000000000005,MUS,350290
9903887,151,6517,2014,0.0,3728.0,-0.029891,-0.12431099999999999,MUS,350290
9903888,151,6517,2015,0.0,1873.0,-0.231762,-0.195051,MUS,350290
9903889,151,6517,2016,0.0,1692.0,-0.24309899999999998,-0.084888,MUS,350290
9903890,151,6517,2017,0.0,4893.0,-0.156616,0.073153,MUS,350290
9903891,151,6517,2018,144767.0,5264.0,-0.128221,0.15049400000000002,MUS,350290
9903892,151,6517,2019,0.0,32289.0,-0.15909600000000002,0.034770999999999996,MUS,350290
9903893,151,6517,2020,0.0,31110.0,-0.048897,0.11543099999999999,MUS,350290
9903894,152,6517,1995,,,-1.1277709999999999,-1.0603049999999998,MWI,350290
9903895,152,6517,1996,,,-1.332586,-1.115859,MWI,350290
9903896,152,6517,1997,0.0,1249.0,-1.24261,-1.1258860000000002,MWI,350290
9903897,152,6517,1998,,,-1.436242,-1.278929,MWI,350290
9903898,152,6517,1999,,,-1.319572,-1.199031,MWI,350290
9903899,152,6517,2000,,,-1.138855,-1.0394510000000001,MWI,350290
9903900,152,6517,2001,,,-1.388716,-1.116315,MWI,350290
9903901,152,6517,2002,0.0,2923.0,-1.441416,-1.214651,MWI,350290
9903902,152,6517,2003,0.0,7774.0,-1.48079,-1.235645,MWI,350290
9903903,152,6517,2004,,,-1.592983,-1.252423,MWI,350290
9903904,152,6517,2005,0.0,1232.0,-1.4769379999999999,-1.220782,MWI,350290
9903905,152,6517,2006,0.0,16231.0,-1.145132,-1.0946209999999998,MWI,350290
9903906,152,6517,2007,0.0,5820.0,-1.348692,-1.134002,MWI,350290
9903907,152,6517,2008,,,-1.387548,-1.184696,MWI,350290
9903908,152,6517,2009,0.0,2764.0,-1.571672,-1.244864,MWI,350290
9903909,152,6517,2010,0.0,5749.0,-0.821839,-0.9153870000000001,MWI,350290
9903910,152,6517,2011,0.0,13514.0,-1.100291,-0.982559,MWI,350290
9903911,152,6517,2012,0.0,40707.0,-1.210016,-1.172806,MWI,350290
9903912,152,6517,2013,0.0,7106.0,-0.8992120000000001,-0.862175,MWI,350290
9903913,152,6517,2014,0.0,29621.0,-0.494204,-0.751903,MWI,350290
9903914,152,6517,2015,0.0,16220.0,-0.549862,-0.8753190000000001,MWI,350290
9903915,152,6517,2016,0.0,37720.0,-1.113794,-1.172385,MWI,350290
9903916,152,6517,2017,0.0,9087.0,-0.761995,-0.8897729999999999,MWI,350290
9903917,152,6517,2018,,,-0.7015979999999999,-0.9293680000000001,MWI,350290
9903918,152,6517,2019,0.0,608.0,-1.0178479999999999,-1.1028879999999999,MWI,350290
9903919,152,6517,2020,0.0,3331.0,-1.122433,-1.106831,MWI,350290
9903920,153,6517,1995,0.0,102057.0,0.357745,0.374284,MYS,350290
9903921,153,6517,1996,60266.0,164434.0,0.351774,0.347262,MYS,350290
9903922,153,6517,1997,17172.0,153295.0,0.37340999999999996,0.36853600000000003,MYS,350290
9903923,153,6517,1998,87629.0,182639.0,0.396826,0.203792,MYS,350290
9903924,153,6517,1999,1874.0,453655.0,0.500591,0.136149,MYS,350290
9903925,153,6517,2000,25667.0,140840.0,0.519684,0.170286,MYS,350290
9903926,153,6517,2001,22172.0,74916.0,0.768174,0.307033,MYS,350290
9903927,153,6517,2002,0.0,219367.0,0.704957,0.243398,MYS,350290
9903928,153,6517,2003,7922.0,204273.0,0.728804,0.2168,MYS,350290
9903929,153,6517,2004,49120.0,1053024.0,0.6710050000000001,0.17807,MYS,350290
9903930,153,6517,2005,76295.0,938096.0,0.5847439999999999,0.13176300000000002,MYS,350290
9903931,153,6517,2006,159686.0,802811.0,0.7896569999999999,0.363625,MYS,350290
9903932,153,6517,2007,108709.0,831847.0,0.740788,0.302155,MYS,350290
9903933,153,6517,2008,92841.0,2601051.0,0.793395,0.6141939999999999,MYS,350290
9903934,153,6517,2009,161851.0,708943.0,0.8718229999999999,0.607429,MYS,350290
9903935,153,6517,2010,120732.0,1046331.0,0.9530780000000001,0.607456,MYS,350290
9903936,153,6517,2011,207468.0,1252982.0,0.9893290000000001,0.632079,MYS,350290
9903937,153,6517,2012,302183.0,1470053.0,0.945643,0.7526510000000001,MYS,350290
9903938,153,6517,2013,183057.0,1573379.0,0.937641,0.747496,MYS,350290
9903939,153,6517,2014,135476.0,1199128.0,1.018138,0.774649,MYS,350290
9903940,153,6517,2015,417813.0,1977904.0,1.082803,0.811615,MYS,350290
9903941,153,6517,2016,195292.0,1796220.0,1.106894,0.7452840000000001,MYS,350290
9903942,153,6517,2017,68225.0,2456818.0,1.0110139999999999,0.6840729999999999,MYS,350290
9903943,153,6517,2018,140159.0,1239380.0,1.122976,0.734109,MYS,350290
9903944,153,6517,2019,257321.0,1237989.0,1.192967,0.730971,MYS,350290
9903945,153,6517,2020,119427.0,2048226.0,1.185223,0.573439,MYS,350290
9903946,154,6517,1995,,,,,MYT,350290
9903947,154,6517,1996,,,,,MYT,350290
9903948,154,6517,1997,,,,,MYT,350290
9903949,154,6517,1998,,,,,MYT,350290
9903950,154,6517,1999,,,,,MYT,350290
9903951,154,6517,2000,,,1.167946,-0.33195,MYT,350290
9903952,154,6517,2001,,,1.4633260000000001,-0.114532,MYT,350290
9903953,154,6517,2002,,,0.34587399999999996,-0.537626,MYT,350290
9903954,154,6517,2003,,,0.8645370000000001,-0.101347,MYT,350290
9903955,154,6517,2004,,,1.179671,0.016149,MYT,350290
9903956,154,6517,2005,,,1.428791,0.258694,MYT,350290
9903957,154,6517,2006,,,1.1370049999999998,0.131896,MYT,350290
9903958,154,6517,2007,,,0.9008879999999999,-0.209565,MYT,350290
9903959,154,6517,2008,,,1.085932,-0.176729,MYT,350290
9903960,154,6517,2009,,,1.173729,-0.08655800000000001,MYT,350290
9903961,154,6517,2010,,,1.371744,-0.072045,MYT,350290
9903962,154,6517,2011,,,0.804635,-0.312227,MYT,350290
9903963,154,6517,2012,,,0.828673,-0.422716,MYT,350290
9903964,154,6517,2013,,,0.9851690000000001,-0.504069,MYT,350290
9903965,154,6517,2014,,,,,MYT,350290
9903966,154,6517,2015,,,,,MYT,350290
9903967,154,6517,2016,,,,,MYT,350290
9903968,154,6517,2017,,,,,MYT,350290
9903969,154,6517,2018,,,,,MYT,350290
9903970,154,6517,2019,,,,,MYT,350290
9903971,154,6517,2020,,,,,MYT,350290
9903972,155,6517,1995,,,,,NAM,350290
9903973,155,6517,1996,,,,,NAM,350290
9903974,155,6517,1997,,,,,NAM,350290
9903975,155,6517,1998,,,,,NAM,350290
9903976,155,6517,1999,,,,,NAM,350290
9903977,155,6517,2000,0.0,9445.0,-0.49537,-0.714195,NAM,350290
9903978,155,6517,2001,,,-0.625912,-0.854247,NAM,350290
9903979,155,6517,2002,,,-0.314161,-0.521778,NAM,350290
9903980,155,6517,2003,0.0,2276.0,-0.24004499999999998,-0.39565900000000004,NAM,350290
9903981,155,6517,2004,0.0,25897.0,-0.40995299999999996,-0.550272,NAM,350290
9903982,155,6517,2005,233.0,16880.0,-0.381972,-0.405269,NAM,350290
9903983,155,6517,2006,1867.0,1090.0,-0.515361,-0.8027350000000001,NAM,350290
9903984,155,6517,2007,0.0,1659.0,-0.588953,-0.751722,NAM,350290
9903985,155,6517,2008,0.0,2150.0,-0.104196,-0.301923,NAM,350290
9903986,155,6517,2009,2899.0,0.0,-0.081207,-0.075292,NAM,350290
9903987,155,6517,2010,0.0,3075.0,-0.49860299999999996,-0.6728529999999999,NAM,350290
9903988,155,6517,2011,0.0,4850.0,-0.42998400000000003,-0.632233,NAM,350290
9903989,155,6517,2012,,,-0.232079,-0.32721300000000003,NAM,350290
9903990,155,6517,2013,,,-0.308643,-0.480617,NAM,350290
9903991,155,6517,2014,0.0,1633.0,-0.428227,-0.5632229999999999,NAM,350290
9903992,155,6517,2015,0.0,14173.0,-0.43457399999999996,-0.665655,NAM,350290
9903993,155,6517,2016,,,-0.6256689999999999,-0.8612219999999999,NAM,350290
9903994,155,6517,2017,0.0,14695.0,-0.5221060000000001,-0.7365079999999999,NAM,350290
9903995,155,6517,2018,0.0,41199.0,-0.668091,-0.779938,NAM,350290
9903996,155,6517,2019,0.0,3650.0,-0.545575,-0.744274,NAM,350290
9903997,155,6517,2020,0.0,2386.0,-0.664967,-0.74835,NAM,350290
9903998,156,6517,1995,0.0,2834.0,-1.326035,-0.826058,NCL,350290
9903999,156,6517,1996,0.0,14329.0,-0.951583,-0.785157,NCL,350290
9904000,156,6517,1997,0.0,2204.0,-0.9234049999999999,-0.8851110000000001,NCL,350290
9904001,156,6517,1998,,,-0.846726,-0.879084,NCL,350290
9904002,156,6517,1999,0.0,3257.0,-0.079579,-0.777079,NCL,350290
9904003,156,6517,2000,0.0,24671.0,0.034618,-0.7699729999999999,NCL,350290
9904004,156,6517,2001,0.0,5791.0,-0.837087,-0.9207040000000001,NCL,350290
9904005,156,6517,2002,0.0,1951.0,-0.292646,-0.823263,NCL,350290
9904006,156,6517,2003,0.0,3590.0,-0.344934,-0.776632,NCL,350290
9904007,156,6517,2004,0.0,9764.0,-0.49824700000000005,-0.8284239999999999,NCL,350290
9904008,156,6517,2005,0.0,4545.0,0.08313200000000001,-0.691012,NCL,350290
9904009,156,6517,2006,0.0,1187.0,-0.135099,-0.7618779999999999,NCL,350290
9904010,156,6517,2007,0.0,3290.0,-0.075892,-0.8211430000000001,NCL,350290
9904011,156,6517,2008,0.0,1445.0,-0.21304099999999998,-0.8147300000000001,NCL,350290
9904012,156,6517,2009,0.0,4363.0,1.323528,0.523435,NCL,350290
9904013,156,6517,2010,0.0,2866.0,-0.42193500000000006,-0.8256610000000001,NCL,350290
9904014,156,6517,2011,0.0,3205.0,-0.976349,-0.798691,NCL,350290
9904015,156,6517,2012,0.0,4756.0,-0.635354,-0.777234,NCL,350290
9904016,156,6517,2013,0.0,1502.0,-0.136052,-0.703913,NCL,350290
9904017,156,6517,2014,0.0,5503.0,-0.509789,-0.767484,NCL,350290
9904018,156,6517,2015,0.0,3585.0,-0.727911,-0.844562,NCL,350290
9904019,156,6517,2016,0.0,2243.0,-0.9910389999999999,-0.9463940000000001,NCL,350290
9904020,156,6517,2017,0.0,7105.0,-0.38216100000000003,-0.8662549999999999,NCL,350290
9904021,156,6517,2018,0.0,4504.0,-0.49370299999999995,-0.865432,NCL,350290
9904022,156,6517,2019,0.0,4200.0,-0.342544,-0.867944,NCL,350290
9904023,156,6517,2020,0.0,15875.0,-0.666664,-0.88528,NCL,350290
9904024,157,6517,1995,,,-0.288248,-0.592174,NER,350290
9904025,157,6517,1996,,,-0.594771,-0.643008,NER,350290
9904026,157,6517,1997,,,-0.322358,-0.63647,NER,350290
9904027,157,6517,1998,,,-0.373314,-0.592306,NER,350290
9904028,157,6517,1999,,,-0.539842,-0.762977,NER,350290
9904029,157,6517,2000,,,-0.7289680000000001,-0.6210100000000001,NER,350290
9904030,157,6517,2001,,,-0.22368600000000002,-0.464156,NER,350290
9904031,157,6517,2002,,,-0.344562,-0.304996,NER,350290
9904032,157,6517,2003,,,-0.199296,-0.578264,NER,350290
9904033,157,6517,2004,,,-0.8203799999999999,-0.7488,NER,350290
9904034,157,6517,2005,,,-0.32664299999999996,-0.619282,NER,350290
9904035,157,6517,2006,0.0,7861.0,-0.554188,-0.708255,NER,350290
9904036,157,6517,2007,,,-0.287155,-0.577325,NER,350290
9904037,157,6517,2008,,,-0.677687,-0.75195,NER,350290
9904038,157,6517,2009,,,-1.306036,-0.956361,NER,350290
9904039,157,6517,2010,,,-0.829902,-0.826152,NER,350290
9904040,157,6517,2011,,,-0.85208,-0.731996,NER,350290
9904041,157,6517,2012,,,-1.165676,-1.099113,NER,350290
9904042,157,6517,2013,,,-1.268738,-0.942256,NER,350290
9904043,157,6517,2014,,,-0.7187,-0.80918,NER,350290
9904044,157,6517,2015,,,-1.517292,-1.033891,NER,350290
9904045,157,6517,2016,,,-0.973057,-0.953672,NER,350290
9904046,157,6517,2017,,,-1.250156,-0.995524,NER,350290
9904047,157,6517,2018,0.0,783.0,-0.633115,-0.839564,NER,350290
9904048,157,6517,2019,,,-0.345047,-0.792769,NER,350290
9904049,157,6517,2020,,,-0.62888,-0.841089,NER,350290
9904050,158,6517,1995,,,0.948257,-0.678177,NFK,350290
9904051,158,6517,1996,,,1.297072,-0.45753299999999997,NFK,350290
9904052,158,6517,1997,,,1.619319,-0.457125,NFK,350290
9904053,158,6517,1998,,,1.6548900000000002,-0.5112909999999999,NFK,350290
9904054,158,6517,1999,,,1.1976440000000002,-0.623572,NFK,350290
9904055,158,6517,2000,,,1.0535700000000001,-0.666038,NFK,350290
9904056,158,6517,2001,,,2.1737040000000003,-0.5512100000000001,NFK,350290
9904057,158,6517,2002,,,1.214412,-0.5921069999999999,NFK,350290
9904058,158,6517,2003,,,1.017142,-0.5294270000000001,NFK,350290
9904059,158,6517,2004,,,0.664846,-0.649984,NFK,350290
9904060,158,6517,2005,,,0.695512,-0.657586,NFK,350290
9904061,158,6517,2006,,,1.120544,-0.538618,NFK,350290
9904062,158,6517,2007,,,0.775683,-0.48603599999999997,NFK,350290
9904063,158,6517,2008,,,1.292582,-0.234738,NFK,350290
9904064,158,6517,2009,,,1.412664,-0.299607,NFK,350290
9904065,158,6517,2010,,,1.059751,-0.570033,NFK,350290
9904066,158,6517,2011,,,1.0037200000000002,-0.348081,NFK,350290
9904067,158,6517,2012,,,1.212201,-0.237969,NFK,350290
9904068,158,6517,2013,,,1.418466,-0.181551,NFK,350290
9904069,158,6517,2014,,,1.384862,-0.391489,NFK,350290
9904070,158,6517,2015,,,1.33274,-0.37342600000000004,NFK,350290
9904071,158,6517,2016,,,1.0897629999999998,-0.539247,NFK,350290
9904072,158,6517,2017,,,1.358179,-0.37159699999999996,NFK,350290
9904073,158,6517,2018,,,1.4067209999999999,-0.487275,NFK,350290
9904074,158,6517,2019,,,0.92635,-0.31332,NFK,350290
9904075,158,6517,2020,,,1.107522,-0.477454,NFK,350290
9904076,159,6517,1995,,,-2.108206,-1.2017520000000002,NGA,350290
9904077,159,6517,1996,106133.0,54780.0,-1.813359,-1.1967,NGA,350290
9904078,159,6517,1997,0.0,28430.0,-1.615102,-1.129541,NGA,350290
9904079,159,6517,1998,0.0,22895.0,-1.484229,-1.144092,NGA,350290
9904080,159,6517,1999,0.0,372256.0,-1.9312080000000003,-1.279733,NGA,350290
9904081,159,6517,2000,0.0,8393.0,-2.164663,-1.257723,NGA,350290
9904082,159,6517,2001,,,-1.966439,-1.2724520000000001,NGA,350290
9904083,159,6517,2002,0.0,16816.0,-1.8315700000000001,-1.25171,NGA,350290
9904084,159,6517,2003,0.0,3725.0,-1.859176,-1.234236,NGA,350290
9904085,159,6517,2004,0.0,1013.0,-2.413432,-1.3033190000000001,NGA,350290
9904086,159,6517,2005,0.0,51301.0,-2.359834,-1.2772219999999999,NGA,350290
9904087,159,6517,2006,0.0,88389.0,-2.094353,-1.215025,NGA,350290
9904088,159,6517,2007,0.0,113980.0,-1.746879,-1.20823,NGA,350290
9904089,159,6517,2008,0.0,358281.0,-1.9809139999999998,-1.189201,NGA,350290
9904090,159,6517,2009,0.0,822429.0,-1.584051,-1.156247,NGA,350290
9904091,159,6517,2010,0.0,901176.0,-1.887084,-1.2280229999999999,NGA,350290
9904092,159,6517,2011,0.0,894777.0,-1.699286,-1.15511,NGA,350290
9904093,159,6517,2012,0.0,1173217.0,-1.760488,-1.201048,NGA,350290
9904094,159,6517,2013,0.0,1250772.0,-1.745783,-1.1356680000000001,NGA,350290
9904095,159,6517,2014,0.0,1018218.0,-1.2126430000000001,-1.059697,NGA,350290
9904096,159,6517,2015,0.0,176614.0,-1.415451,-1.157829,NGA,350290
9904097,159,6517,2016,0.0,86815.0,-1.835357,-1.286597,NGA,350290
9904098,159,6517,2017,0.0,135399.0,-1.8260919999999998,-1.276591,NGA,350290
9904099,159,6517,2018,0.0,262460.0,-1.8238,-1.259938,NGA,350290
9904100,159,6517,2019,0.0,122265.0,-1.7383970000000002,-1.220333,NGA,350290
9904101,159,6517,2020,10371.0,7116.0,-1.6399299999999999,-1.19536,NGA,350290
9904102,160,6517,1995,,,-0.395096,-0.559934,NIC,350290
9904103,160,6517,1996,,,-0.767799,-0.737816,NIC,350290
9904104,160,6517,1997,,,-0.8090109999999999,-0.783853,NIC,350290
9904105,160,6517,1998,,,-0.8012199999999999,-0.749159,NIC,350290
9904106,160,6517,1999,0.0,13849.0,-0.677654,-0.72253,NIC,350290
9904107,160,6517,2000,,,-0.8339270000000001,-0.6658689999999999,NIC,350290
9904108,160,6517,2001,,,-0.8917430000000001,-0.713179,NIC,350290
9904109,160,6517,2002,0.0,13882.0,-0.677398,-0.564472,NIC,350290
9904110,160,6517,2003,0.0,17026.0,-0.8661459999999999,-0.8661690000000001,NIC,350290
9904111,160,6517,2004,0.0,28306.0,-0.9789479999999999,-0.8374219999999999,NIC,350290
9904112,160,6517,2005,0.0,17767.0,-1.038332,-0.922797,NIC,350290
9904113,160,6517,2006,0.0,5639.0,-0.998825,-0.893867,NIC,350290
9904114,160,6517,2007,0.0,26294.0,-0.924162,-0.857508,NIC,350290
9904115,160,6517,2008,0.0,2364.0,-0.869193,-0.676623,NIC,350290
9904116,160,6517,2009,,,-0.924057,-0.809557,NIC,350290
9904117,160,6517,2010,44609.0,8464.0,-0.9387409999999999,-0.8119569999999999,NIC,350290
9904118,160,6517,2011,,,-0.9592139999999999,-0.796108,NIC,350290
9904119,160,6517,2012,9307.0,48917.0,-0.754724,-0.668629,NIC,350290
9904120,160,6517,2013,0.0,28348.0,-0.9277,-0.6842630000000001,NIC,350290
9904121,160,6517,2014,,,-0.938269,-0.839066,NIC,350290
9904122,160,6517,2015,0.0,4016.0,-1.102989,-0.952276,NIC,350290
9904123,160,6517,2016,0.0,7865.0,-1.0387389999999999,-0.998977,NIC,350290
9904124,160,6517,2017,1922.0,8039.0,-1.0502280000000002,-0.8817719999999999,NIC,350290
9904125,160,6517,2018,16912.0,8646.0,-0.887282,-0.827008,NIC,350290
9904126,160,6517,2019,,,-1.058553,-0.854482,NIC,350290
9904127,160,6517,2020,0.0,11079.0,-0.9128809999999999,-0.746636,NIC,350290
9904128,161,6517,1995,,,0.8622989999999999,-0.461028,NIU,350290
9904129,161,6517,1996,,,0.934731,-0.41833100000000006,NIU,350290
9904130,161,6517,1997,,,0.588501,-0.655092,NIU,350290
9904131,161,6517,1998,,,-0.123806,-0.770129,NIU,350290
9904132,161,6517,1999,,,0.18219100000000002,-0.6904239999999999,NIU,350290
9904133,161,6517,2000,,,0.905705,-0.29473299999999997,NIU,350290
9904134,161,6517,2001,,,0.8420120000000001,-0.40183,NIU,350290
9904135,161,6517,2002,,,0.5417350000000001,-0.645461,NIU,350290
9904136,161,6517,2003,,,0.746075,-0.557872,NIU,350290
9904137,161,6517,2004,,,1.150507,-0.508379,NIU,350290
9904138,161,6517,2005,,,0.745304,-0.538337,NIU,350290
9904139,161,6517,2006,,,1.172511,-0.21281799999999998,NIU,350290
9904140,161,6517,2007,,,0.8204540000000001,-0.403953,NIU,350290
9904141,161,6517,2008,,,1.290661,-0.060131,NIU,350290
9904142,161,6517,2009,,,1.305372,0.063123,NIU,350290
9904143,161,6517,2010,,,1.2255610000000001,-0.687604,NIU,350290
9904144,161,6517,2011,,,1.469768,0.034852999999999995,NIU,350290
9904145,161,6517,2012,,,1.176703,-0.127122,NIU,350290
9904146,161,6517,2013,,,1.901559,-0.039522,NIU,350290
9904147,161,6517,2014,,,1.624556,0.065342,NIU,350290
9904148,161,6517,2015,,,1.7121400000000002,-0.072287,NIU,350290
9904149,161,6517,2016,,,1.666675,-0.198755,NIU,350290
9904150,161,6517,2017,,,0.436779,-0.758359,NIU,350290
9904151,161,6517,2018,,,0.9669469999999999,-0.851692,NIU,350290
9904152,161,6517,2019,,,1.3109819999999999,-0.730798,NIU,350290
9904153,161,6517,2020,,,-0.028386,-0.8818799999999999,NIU,350290
9904154,162,6517,1995,2804255.0,4144556.0,1.304391,1.8819119999999998,NLD,350290
9904155,162,6517,1996,2166148.0,3003181.0,1.256625,1.803132,NLD,350290
9904156,162,6517,1997,3527113.0,1862027.0,1.267794,1.727888,NLD,350290
9904157,162,6517,1998,2868292.0,3473887.0,1.248469,1.683182,NLD,350290
9904158,162,6517,1999,1699417.0,3620287.0,1.308776,1.574293,NLD,350290
9904159,162,6517,2000,2550298.0,3477157.0,1.283291,1.58901,NLD,350290
9904160,162,6517,2001,3084654.0,4793609.0,1.315685,1.590935,NLD,350290
9904161,162,6517,2002,1517649.0,8161269.0,1.206176,1.7136360000000002,NLD,350290
9904162,162,6517,2003,1902583.0,8345245.0,1.168453,1.7085709999999998,NLD,350290
9904163,162,6517,2004,3338730.0,16567397.0,1.251808,1.586526,NLD,350290
9904164,162,6517,2005,6858013.0,10791792.0,1.143533,1.614774,NLD,350290
9904165,162,6517,2006,8001708.0,27966110.0,1.192134,1.450852,NLD,350290
9904166,162,6517,2007,21825686.0,23942109.0,1.089169,1.589641,NLD,350290
9904167,162,6517,2008,24459527.0,28466449.0,1.139475,1.385316,NLD,350290
9904168,162,6517,2009,42989368.0,22565356.0,1.1914850000000001,1.3076780000000001,NLD,350290
9904169,162,6517,2010,60159444.0,24446737.0,1.237998,1.1891209999999999,NLD,350290
9904170,162,6517,2011,88971094.0,37084187.0,1.1655229999999999,1.410167,NLD,350290
9904171,162,6517,2012,102027987.0,45693419.0,1.124582,1.374002,NLD,350290
9904172,162,6517,2013,136834172.0,65203068.0,1.184107,1.249557,NLD,350290
9904173,162,6517,2014,145639844.0,68790319.0,1.179325,1.355071,NLD,350290
9904174,162,6517,2015,105652325.0,64348794.0,1.230104,1.27344,NLD,350290
9904175,162,6517,2016,92164555.0,60505383.0,1.157361,1.5188540000000001,NLD,350290
9904176,162,6517,2017,161166159.0,71663858.0,1.146959,1.470869,NLD,350290
9904177,162,6517,2018,153710454.0,88830540.0,1.1478899999999999,1.454758,NLD,350290
9904178,162,6517,2019,175088835.0,70997218.0,1.145044,1.3523530000000001,NLD,350290
9904179,162,6517,2020,174037704.0,100929255.0,1.035951,1.559401,NLD,350290
9904180,163,6517,1995,362496.0,644752.0,1.019741,0.394241,NOR,350290
9904181,163,6517,1996,0.0,541407.0,1.204869,0.303062,NOR,350290
9904182,163,6517,1997,0.0,1072829.0,1.003945,0.188826,NOR,350290
9904183,163,6517,1998,3438.0,168173.0,1.1660190000000001,0.43901899999999994,NOR,350290
9904184,163,6517,1999,112857.0,238007.0,1.1012959999999998,0.240184,NOR,350290
9904185,163,6517,2000,386303.0,73824.0,0.988346,0.046556,NOR,350290
9904186,163,6517,2001,824558.0,69995.0,0.974814,0.06512000000000001,NOR,350290
9904187,163,6517,2002,1691988.0,120691.0,1.110882,0.17164100000000002,NOR,350290
9904188,163,6517,2003,816236.0,975670.0,1.1500620000000001,0.258554,NOR,350290
9904189,163,6517,2004,949571.0,121736.0,1.10162,0.118709,NOR,350290
9904190,163,6517,2005,1061373.0,73734.0,1.0581530000000001,0.038369,NOR,350290
9904191,163,6517,2006,927480.0,140601.0,1.0787930000000001,0.014051,NOR,350290
9904192,163,6517,2007,746625.0,70103.0,0.9829100000000001,0.100995,NOR,350290
9904193,163,6517,2008,2342773.0,171579.0,0.911428,-0.019318000000000002,NOR,350290
9904194,163,6517,2009,2407547.0,76989.0,0.865455,0.082808,NOR,350290
9904195,163,6517,2010,4158292.0,295977.0,0.865676,0.138757,NOR,350290
9904196,163,6517,2011,4060979.0,374588.0,0.8492770000000001,0.050044,NOR,350290
9904197,163,6517,2012,4522908.0,805214.0,0.8613049999999999,0.12626800000000002,NOR,350290
9904198,163,6517,2013,7046191.0,1164098.0,0.892099,0.18168399999999998,NOR,350290
9904199,163,6517,2014,20260106.0,790307.0,0.9187049999999999,0.182685,NOR,350290
9904200,163,6517,2015,13008395.0,1137299.0,0.950708,0.314339,NOR,350290
9904201,163,6517,2016,9043393.0,940316.0,0.89891,0.297673,NOR,350290
9904202,163,6517,2017,14108550.0,506782.0,0.73658,0.11450199999999999,NOR,350290
9904203,163,6517,2018,11510154.0,892912.0,0.681639,0.021762,NOR,350290
9904204,163,6517,2019,19340170.0,996366.0,0.6957300000000001,0.181607,NOR,350290
9904205,163,6517,2020,11166058.0,639897.0,0.793459,0.369766,NOR,350290
9904206,164,6517,1995,,,-0.779984,-0.7621479999999999,NPL,350290
9904207,164,6517,1996,,,-0.7390100000000001,-0.647903,NPL,350290
9904208,164,6517,1997,,,-0.559546,-0.358545,NPL,350290
9904209,164,6517,1998,,,-0.634124,-0.279031,NPL,350290
9904210,164,6517,1999,,,-0.421433,0.24781799999999998,NPL,350290
9904211,164,6517,2000,,,-0.395304,0.104966,NPL,350290
9904212,164,6517,2001,0.0,1050.0,-0.483749,-0.008754999999999999,NPL,350290
9904213,164,6517,2002,,,-0.216428,0.44377700000000003,NPL,350290
9904214,164,6517,2003,0.0,1131.0,-0.26353899999999997,1.351717,NPL,350290
9904215,164,6517,2004,0.0,3431.0,-0.323954,0.5528,NPL,350290
9904216,164,6517,2005,,,-0.347515,0.630102,NPL,350290
9904217,164,6517,2006,,,-0.29672600000000005,0.665077,NPL,350290
9904218,164,6517,2007,,,-0.274255,0.513961,NPL,350290
9904219,164,6517,2008,0.0,99229.0,-0.130718,0.59102,NPL,350290
9904220,164,6517,2009,0.0,7116.0,-0.324434,1.076908,NPL,350290
9904221,164,6517,2010,,,-0.23753400000000002,0.7957390000000001,NPL,350290
9904222,164,6517,2011,0.0,3409.0,-0.242299,0.801966,NPL,350290
9904223,164,6517,2012,,,-0.146732,0.7988310000000001,NPL,350290
9904224,164,6517,2013,0.0,5378.0,-0.293669,0.677365,NPL,350290
9904225,164,6517,2014,0.0,3560.0,-0.11988199999999999,0.655883,NPL,350290
9904226,164,6517,2015,0.0,3065.0,-0.290416,0.456716,NPL,350290
9904227,164,6517,2016,0.0,4176.0,-0.37595500000000004,0.475239,NPL,350290
9904228,164,6517,2017,0.0,17175.0,-0.319681,0.5788220000000001,NPL,350290
9904229,164,6517,2018,0.0,53005.0,-0.252837,0.999258,NPL,350290
9904230,164,6517,2019,0.0,62954.0,-0.23868000000000003,0.42732299999999995,NPL,350290
9904231,164,6517,2020,0.0,90820.0,-0.22803299999999999,0.25111,NPL,350290
9904232,165,6517,1995,,,0.9604870000000001,-0.513994,NRU,350290
9904233,165,6517,1996,,,1.24021,-0.442279,NRU,350290
9904234,165,6517,1997,,,1.1610610000000001,-0.485941,NRU,350290
9904235,165,6517,1998,,,0.7830060000000001,-0.49654,NRU,350290
9904236,165,6517,1999,,,0.400977,-0.643049,NRU,350290
9904237,165,6517,2000,,,1.1900190000000002,-0.449799,NRU,350290
9904238,165,6517,2001,,,1.164324,-0.11804200000000001,NRU,350290
9904239,165,6517,2002,,,0.8975049999999999,-0.494882,NRU,350290
9904240,165,6517,2003,,,0.6127199999999999,-0.304759,NRU,350290
9904241,165,6517,2004,,,1.37799,-0.36241599999999996,NRU,350290
9904242,165,6517,2005,,,1.335741,-0.071855,NRU,350290
9904243,165,6517,2006,,,1.092365,-0.03394,NRU,350290
9904244,165,6517,2007,,,0.919574,-0.327637,NRU,350290
9904245,165,6517,2008,,,0.538959,-0.74048,NRU,350290
9904246,165,6517,2009,,,0.721114,-0.581005,NRU,350290
9904247,165,6517,2010,,,0.350571,-0.732316,NRU,350290
9904248,165,6517,2011,,,0.548569,-0.513296,NRU,350290
9904249,165,6517,2012,,,0.6183569999999999,-0.575687,NRU,350290
9904250,165,6517,2013,,,0.8494780000000001,-0.587259,NRU,350290
9904251,165,6517,2014,,,1.215503,-0.37847,NRU,350290
9904252,165,6517,2015,,,1.27283,-0.30019,NRU,350290
9904253,165,6517,2016,,,0.661876,-0.355951,NRU,350290
9904254,165,6517,2017,,,0.963425,-0.06901499999999999,NRU,350290
9904255,165,6517,2018,,,0.8769610000000001,-0.095779,NRU,350290
9904256,165,6517,2019,,,0.726887,-0.407936,NRU,350290
9904257,165,6517,2020,,,1.062876,-0.723853,NRU,350290
9904258,166,6517,1995,37961650.0,75578.0,0.5558270000000001,0.773271,NZL,350290
9904259,166,6517,1996,35783387.0,32920.0,0.49466099999999996,0.8302879999999999,NZL,350290
9904260,166,6517,1997,45384449.0,45873.0,0.557545,0.731294,NZL,350290
9904261,166,6517,1998,42704261.0,108842.0,0.5690529999999999,0.7752060000000001,NZL,350290
9904262,166,6517,1999,49506752.0,137532.0,0.592051,0.780176,NZL,350290
9904263,166,6517,2000,59691261.0,100694.0,0.552858,0.8281129999999999,NZL,350290
9904264,166,6517,2001,66248602.0,83297.0,0.521409,0.683134,NZL,350290
9904265,166,6517,2002,53174374.0,454645.0,0.542585,0.854243,NZL,350290
9904266,166,6517,2003,65438639.0,265780.0,0.589619,0.997301,NZL,350290
9904267,166,6517,2004,66312556.0,296210.0,0.567392,0.965781,NZL,350290
9904268,166,6517,2005,79314775.0,145820.0,0.623822,0.825528,NZL,350290
9904269,166,6517,2006,82746875.0,621580.0,0.5371,0.8240209999999999,NZL,350290
9904270,166,6517,2007,115003763.0,453069.0,0.495938,0.845825,NZL,350290
9904271,166,6517,2008,109579477.0,1823509.0,0.513416,0.753058,NZL,350290
9904272,166,6517,2009,102850890.0,981912.0,0.38301999999999997,0.720644,NZL,350290
9904273,166,6517,2010,119828226.0,381838.0,0.36828299999999997,0.574574,NZL,350290
9904274,166,6517,2011,164860617.0,1370624.0,0.372732,0.548601,NZL,350290
9904275,166,6517,2012,190074719.0,4136318.0,0.410575,0.714584,NZL,350290
9904276,166,6517,2013,166490414.0,11444695.0,0.3345,0.39063000000000003,NZL,350290
9904277,166,6517,2014,192627102.0,7989229.0,0.272502,0.21628699999999998,NZL,350290
9904278,166,6517,2015,160678998.0,8488387.0,0.224598,0.253179,NZL,350290
9904279,166,6517,2016,165314636.0,5124444.0,0.236556,0.252918,NZL,350290
9904280,166,6517,2017,168751123.0,2029796.0,0.25651199999999996,0.132996,NZL,350290
9904281,166,6517,2018,133727415.0,16392934.0,0.21902600000000003,0.148714,NZL,350290
9904282,166,6517,2019,149482053.0,23135246.0,0.119281,0.039036,NZL,350290
9904283,166,6517,2020,176211480.0,16522593.0,0.145567,0.070121,NZL,350290
9904284,167,6517,1995,,,-0.328853,-0.946069,OMN,350290
9904285,167,6517,1996,0.0,3534.0,-0.10243499999999998,-0.8425879999999999,OMN,350290
9904286,167,6517,1997,,,-0.335834,-0.945859,OMN,350290
9904287,167,6517,1998,,,-0.38848499999999997,-0.898559,OMN,350290
9904288,167,6517,1999,,,-0.6801510000000001,-1.146403,OMN,350290
9904289,167,6517,2000,,,-1.0104549999999999,-1.185999,OMN,350290
9904290,167,6517,2001,,,-0.909329,-1.189698,OMN,350290
9904291,167,6517,2002,,,-1.238769,-1.225841,OMN,350290
9904292,167,6517,2003,,,-1.434873,-1.188123,OMN,350290
9904293,167,6517,2004,0.0,36023.0,-0.62946,-1.108933,OMN,350290
9904294,167,6517,2005,0.0,4923.0,-0.384571,-1.068743,OMN,350290
9904295,167,6517,2006,,,-0.6373989999999999,-1.092554,OMN,350290
9904296,167,6517,2007,0.0,79033.0,-0.5185310000000001,-1.071832,OMN,350290
9904297,167,6517,2008,0.0,22964.0,-0.635199,-1.027136,OMN,350290
9904298,167,6517,2009,678.0,0.0,-0.691918,-1.015434,OMN,350290
9904299,167,6517,2010,0.0,3282.0,-0.487612,-0.9551379999999999,OMN,350290
9904300,167,6517,2011,0.0,4464.0,-0.473703,-0.952491,OMN,350290
9904301,167,6517,2012,0.0,5867.0,-0.869576,-1.1086850000000001,OMN,350290
9904302,167,6517,2013,0.0,6340.0,-0.604175,-1.0463209999999998,OMN,350290
9904303,167,6517,2014,0.0,36719.0,-0.505129,-1.0051370000000002,OMN,350290
9904304,167,6517,2015,0.0,37551.0,-0.4699,-1.00451,OMN,350290
9904305,167,6517,2016,0.0,15457.0,-0.334782,-0.9107190000000001,OMN,350290
9904306,167,6517,2017,0.0,19429.0,-0.347684,-0.884569,OMN,350290
9904307,167,6517,2018,0.0,127208.0,-0.548048,-0.9972989999999999,OMN,350290
9904308,167,6517,2019,0.0,1469.0,-0.40120100000000003,-0.881602,OMN,350290
9904309,167,6517,2020,0.0,4133.0,-0.251371,-0.8775299999999999,OMN,350290
9904310,168,6517,1995,0.0,2160.0,-0.707965,-0.324784,PAK,350290
9904311,168,6517,1996,0.0,17296.0,-0.7543300000000001,-0.393654,PAK,350290
9904312,168,6517,1997,,,-0.882432,-0.563344,PAK,350290
9904313,168,6517,1998,,,-0.9008149999999999,-0.448942,PAK,350290
9904314,168,6517,1999,0.0,7738.0,-1.047891,-0.525612,PAK,350290
9904315,168,6517,2000,,,-0.851295,-0.370618,PAK,350290
9904316,168,6517,2001,0.0,2964.0,-0.8376520000000001,-0.378743,PAK,350290
9904317,168,6517,2002,,,-0.877655,-0.322094,PAK,350290
9904318,168,6517,2003,0.0,26774.0,-0.6659689999999999,0.137924,PAK,350290
9904319,168,6517,2004,0.0,129880.0,-0.754143,0.25995100000000004,PAK,350290
9904320,168,6517,2005,32008.0,27575.0,-0.592542,0.365501,PAK,350290
9904321,168,6517,2006,1616.0,214685.0,-0.449333,0.563013,PAK,350290
9904322,168,6517,2007,0.0,204313.0,-0.5594359999999999,0.47369300000000003,PAK,350290
9904323,168,6517,2008,125882.0,9796.0,-0.401588,0.500668,PAK,350290
9904324,168,6517,2009,0.0,86698.0,-0.514907,0.44733100000000003,PAK,350290
9904325,168,6517,2010,0.0,97869.0,-0.692071,0.5409010000000001,PAK,350290
9904326,168,6517,2011,0.0,7441.0,-0.729677,0.6026729999999999,PAK,350290
9904327,168,6517,2012,18552.0,23583.0,-0.633706,0.658617,PAK,350290
9904328,168,6517,2013,0.0,206048.0,-0.75727,0.769703,PAK,350290
9904329,168,6517,2014,,,-0.672924,0.566787,PAK,350290
9904330,168,6517,2015,0.0,63390.0,-0.7059979999999999,0.73501,PAK,350290
9904331,168,6517,2016,0.0,1168356.0,-0.7502800000000001,0.545331,PAK,350290
9904332,168,6517,2017,67620.0,1908410.0,-0.698561,0.43523500000000004,PAK,350290
9904333,168,6517,2018,0.0,884514.0,-0.64348,0.665045,PAK,350290
9904334,168,6517,2019,0.0,2525735.0,-0.6909270000000001,0.8651120000000001,PAK,350290
9904335,168,6517,2020,0.0,1125089.0,-0.52984,0.63654,PAK,350290
9904336,169,6517,1995,4452.0,2635.0,-0.019815,0.050906,PAN,350290
9904337,169,6517,1996,959.0,20848.0,-0.100537,-0.374129,PAN,350290
9904338,169,6517,1997,2789.0,34540.0,-0.028676999999999998,0.00023999999999999998,PAN,350290
9904339,169,6517,1998,161425.0,2908.0,0.010123,0.5677949999999999,PAN,350290
9904340,169,6517,1999,1107.0,8519.0,0.126144,0.491986,PAN,350290
9904341,169,6517,2000,14083.0,6199.0,0.2095,0.525942,PAN,350290
9904342,169,6517,2001,5705.0,0.0,0.17588199999999998,0.422505,PAN,350290
9904343,169,6517,2002,0.0,4805.0,0.134759,0.234258,PAN,350290
9904344,169,6517,2003,1206.0,41218.0,-0.050386,-0.039619999999999995,PAN,350290
9904345,169,6517,2004,0.0,6850.0,-0.011979,0.261315,PAN,350290
9904346,169,6517,2005,2224.0,4210.0,-0.166943,0.212196,PAN,350290
9904347,169,6517,2006,0.0,9117.0,0.306664,0.638533,PAN,350290
9904348,169,6517,2007,0.0,1319.0,0.36233899999999997,0.807669,PAN,350290
9904349,169,6517,2008,,,0.470854,0.960075,PAN,350290
9904350,169,6517,2009,1644.0,0.0,0.629137,0.5894010000000001,PAN,350290
9904351,169,6517,2010,0.0,557191.0,0.617867,0.903432,PAN,350290
9904352,169,6517,2011,4191.0,26152.0,0.786135,1.061008,PAN,350290
9904353,169,6517,2012,353521.0,12830.0,0.901366,1.245179,PAN,350290
9904354,169,6517,2013,614.0,416451.0,0.735637,1.161718,PAN,350290
9904355,169,6517,2014,6000.0,530925.0,0.771742,0.9873190000000001,PAN,350290
9904356,169,6517,2015,29434.0,521850.0,0.642058,0.833392,PAN,350290
9904357,169,6517,2016,34470.0,255422.0,0.58773,0.654145,PAN,350290
9904358,169,6517,2017,0.0,17454.0,0.5520109999999999,0.788181,PAN,350290
9904359,169,6517,2018,,,0.104326,-0.11611800000000001,PAN,350290
9904360,169,6517,2019,52172.0,19954.0,0.00926,-0.308483,PAN,350290
9904361,169,6517,2020,0.0,80322.0,0.590821,0.786784,PAN,350290
9904362,170,6517,1995,,,,,PCI,350290
9904363,170,6517,1996,,,,,PCI,350290
9904364,170,6517,1997,,,,,PCI,350290
9904365,170,6517,1998,,,,,PCI,350290
9904366,170,6517,1999,,,,,PCI,350290
9904367,170,6517,2000,,,,,PCI,350290
9904368,170,6517,2001,,,,,PCI,350290
9904369,170,6517,2002,,,,,PCI,350290
9904370,170,6517,2003,,,,,PCI,350290
9904371,170,6517,2004,,,,,PCI,350290
9904372,170,6517,2005,,,,,PCI,350290
9904373,170,6517,2006,,,,,PCI,350290
9904374,170,6517,2007,,,,,PCI,350290
9904375,170,6517,2008,,,,,PCI,350290
9904376,170,6517,2009,,,,,PCI,350290
9904377,170,6517,2010,,,,,PCI,350290
9904378,170,6517,2011,,,,,PCI,350290
9904379,170,6517,2012,,,,,PCI,350290
9904380,170,6517,2013,,,,,PCI,350290
9904381,170,6517,2014,,,,,PCI,350290
9904382,170,6517,2015,,,,,PCI,350290
9904383,170,6517,2016,,,,,PCI,350290
9904384,170,6517,2017,,,,,PCI,350290
9904385,170,6517,2018,,,,,PCI,350290
9904386,170,6517,2019,,,,,PCI,350290
9904387,170,6517,2020,,,,,PCI,350290
9904388,171,6517,1995,,,0.8489540000000001,-0.613367,PCN,350290
9904389,171,6517,1996,,,-0.660984,-0.738887,PCN,350290
9904390,171,6517,1997,,,0.445329,-0.657316,PCN,350290
9904391,171,6517,1998,,,0.015778,-0.7873220000000001,PCN,350290
9904392,171,6517,1999,,,0.872001,-0.7028310000000001,PCN,350290
9904393,171,6517,2000,,,0.105297,-0.687272,PCN,350290
9904394,171,6517,2001,,,0.108918,-0.732035,PCN,350290
9904395,171,6517,2002,,,0.561805,-0.522701,PCN,350290
9904396,171,6517,2003,,,0.510894,-0.473526,PCN,350290
9904397,171,6517,2004,,,0.462645,-0.671204,PCN,350290
9904398,171,6517,2005,,,0.8136760000000001,-0.553076,PCN,350290
9904399,171,6517,2006,,,-0.305812,-0.816541,PCN,350290
9904400,171,6517,2007,,,0.391111,-0.626695,PCN,350290
9904401,171,6517,2008,,,0.7325659999999999,-0.50798,PCN,350290
9904402,171,6517,2009,,,0.779567,-0.458002,PCN,350290
9904403,171,6517,2010,,,0.18265499999999998,-0.6658,PCN,350290
9904404,171,6517,2011,,,1.28213,0.215827,PCN,350290
9904405,171,6517,2012,,,1.612844,0.40525100000000003,PCN,350290
9904406,171,6517,2013,,,0.8076770000000001,-0.494516,PCN,350290
9904407,171,6517,2014,,,0.98311,-0.45960100000000004,PCN,350290
9904408,171,6517,2015,,,0.114469,-0.7910729999999999,PCN,350290
9904409,171,6517,2016,,,0.7749689999999999,-0.702357,PCN,350290
9904410,171,6517,2017,,,0.517021,-0.688823,PCN,350290
9904411,171,6517,2018,,,0.963227,-0.5059859999999999,PCN,350290
9904412,171,6517,2019,,,0.42944,-0.6689579999999999,PCN,350290
9904413,171,6517,2020,,,0.35777,-0.6678970000000001,PCN,350290
9904414,172,6517,1995,,,,,PCZ,350290
9904415,172,6517,1996,,,,,PCZ,350290
9904416,172,6517,1997,,,,,PCZ,350290
9904417,172,6517,1998,,,,,PCZ,350290
9904418,172,6517,1999,,,,,PCZ,350290
9904419,172,6517,2000,,,,,PCZ,350290
9904420,172,6517,2001,,,,,PCZ,350290
9904421,172,6517,2002,,,,,PCZ,350290
9904422,172,6517,2003,,,,,PCZ,350290
9904423,172,6517,2004,,,,,PCZ,350290
9904424,172,6517,2005,,,,,PCZ,350290
9904425,172,6517,2006,,,,,PCZ,350290
9904426,172,6517,2007,,,,,PCZ,350290
9904427,172,6517,2008,,,,,PCZ,350290
9904428,172,6517,2009,,,,,PCZ,350290
9904429,172,6517,2010,,,,,PCZ,350290
9904430,172,6517,2011,,,,,PCZ,350290
9904431,172,6517,2012,,,,,PCZ,350290
9904432,172,6517,2013,,,,,PCZ,350290
9904433,172,6517,2014,,,,,PCZ,350290
9904434,172,6517,2015,,,,,PCZ,350290
9904435,172,6517,2016,,,,,PCZ,350290
9904436,172,6517,2017,,,,,PCZ,350290
9904437,172,6517,2018,,,,,PCZ,350290
9904438,172,6517,2019,,,,,PCZ,350290
9904439,172,6517,2020,,,,,PCZ,350290
9904440,173,6517,1995,0.0,22773.0,-0.263859,-0.21032800000000001,PER,350290
9904441,173,6517,1996,0.0,34801.0,-0.43761000000000005,-0.28077399999999997,PER,350290
9904442,173,6517,1997,12827.0,97840.0,-0.5023880000000001,-0.262563,PER,350290
9904443,173,6517,1998,8972.0,31440.0,-0.35875300000000004,0.042606,PER,350290
9904444,173,6517,1999,0.0,87788.0,-0.367489,0.11813399999999999,PER,350290
9904445,173,6517,2000,0.0,47162.0,-0.297619,0.194724,PER,350290
9904446,173,6517,2001,9519.0,53990.0,-0.345519,0.202623,PER,350290
9904447,173,6517,2002,0.0,76106.0,-0.6126199999999999,0.085944,PER,350290
9904448,173,6517,2003,0.0,148399.0,-0.48627,0.371354,PER,350290
9904449,173,6517,2004,0.0,524502.0,-0.564244,0.131232,PER,350290
9904450,173,6517,2005,0.0,246916.0,-0.518174,0.171262,PER,350290
9904451,173,6517,2006,0.0,228621.0,-0.551095,0.044295,PER,350290
9904452,173,6517,2007,1388.0,943866.0,-0.49716099999999996,0.02556,PER,350290
9904453,173,6517,2008,0.0,198560.0,-0.518126,0.17193599999999998,PER,350290
9904454,173,6517,2009,0.0,214246.0,-0.53304,0.221183,PER,350290
9904455,173,6517,2010,0.0,227267.0,-0.650327,0.162321,PER,350290
9904456,173,6517,2011,105235.0,75150.0,-0.455977,0.442543,PER,350290
9904457,173,6517,2012,1126415.0,190570.0,-0.444821,0.555188,PER,350290
9904458,173,6517,2013,229998.0,89356.0,-0.573852,0.357977,PER,350290
9904459,173,6517,2014,0.0,877467.0,-0.557833,0.611826,PER,350290
9904460,173,6517,2015,0.0,863458.0,-0.6007819999999999,0.32152800000000004,PER,350290
9904461,173,6517,2016,0.0,1129819.0,-0.717529,0.007845999999999999,PER,350290
9904462,173,6517,2017,0.0,681969.0,-0.667658,-0.318344,PER,350290
9904463,173,6517,2018,1314.0,737271.0,-0.6673060000000001,-0.183315,PER,350290
9904464,173,6517,2019,0.0,1306463.0,-0.76944,-0.216619,PER,350290
9904465,173,6517,2020,0.0,1451310.0,-0.717014,-0.152142,PER,350290
9904466,174,6517,1995,0.0,24625.0,-0.480548,0.076564,PHL,350290
9904467,174,6517,1996,58681.0,40817.0,-0.276548,0.344986,PHL,350290
9904468,174,6517,1997,31865.0,1190254.0,-0.24310900000000002,0.085784,PHL,350290
9904469,174,6517,1998,16946.0,380850.0,-0.262725,-0.075781,PHL,350290
9904470,174,6517,1999,0.0,1234716.0,-0.401903,-0.333408,PHL,350290
9904471,174,6517,2000,0.0,1092089.0,-0.279447,-0.329073,PHL,350290
9904472,174,6517,2001,0.0,1814605.0,-0.028201,-0.112349,PHL,350290
9904473,174,6517,2002,5121.0,1983560.0,0.055439999999999996,-0.179809,PHL,350290
9904474,174,6517,2003,1340.0,701087.0,-0.065022,-0.195144,PHL,350290
9904475,174,6517,2004,0.0,319158.0,-0.076709,-0.149006,PHL,350290
9904476,174,6517,2005,0.0,174621.0,-0.038225999999999996,-0.057957,PHL,350290
9904477,174,6517,2006,838.0,551855.0,0.161994,0.036631,PHL,350290
9904478,174,6517,2007,0.0,1739764.0,0.032117,-0.16600499999999999,PHL,350290
9904479,174,6517,2008,0.0,2073018.0,0.276488,-0.02957,PHL,350290
9904480,174,6517,2009,0.0,1510242.0,0.34318000000000004,0.095375,PHL,350290
9904481,174,6517,2010,3103.0,2079745.0,0.40418899999999996,0.102497,PHL,350290
9904482,174,6517,2011,2029.0,3317786.0,0.364707,0.322626,PHL,350290
9904483,174,6517,2012,9959.0,1810517.0,0.388785,0.465275,PHL,350290
9904484,174,6517,2013,0.0,4318084.0,0.507868,0.355403,PHL,350290
9904485,174,6517,2014,0.0,3746050.0,0.637442,0.475883,PHL,350290
9904486,174,6517,2015,4376.0,5650983.0,0.6406270000000001,0.45770200000000005,PHL,350290
9904487,174,6517,2016,98331.0,5854703.0,0.619343,0.303981,PHL,350290
9904488,174,6517,2017,25164.0,3196599.0,0.657759,0.170061,PHL,350290
9904489,174,6517,2018,12993.0,3567422.0,0.781409,0.22126700000000002,PHL,350290
9904490,174,6517,2019,31142.0,4832180.0,0.762884,0.3318,PHL,350290
9904491,174,6517,2020,44284.0,6808873.0,0.755786,0.24693,PHL,350290
9904492,175,6517,1995,,,-0.7866810000000001,-0.810771,PLW,350290
9904493,175,6517,1996,,,-0.095965,-0.703808,PLW,350290
9904494,175,6517,1997,,,-0.771472,-0.891301,PLW,350290
9904495,175,6517,1998,,,-0.959525,-0.9131739999999999,PLW,350290
9904496,175,6517,1999,,,-1.269639,-1.0196610000000002,PLW,350290
9904497,175,6517,2000,,,-1.173103,-1.006145,PLW,350290
9904498,175,6517,2001,,,-1.194157,-0.9768700000000001,PLW,350290
9904499,175,6517,2002,,,-1.4882389999999999,-0.995626,PLW,350290
9904500,175,6517,2003,,,-0.478426,-0.85765,PLW,350290
9904501,175,6517,2004,,,-0.047021,-0.841942,PLW,350290
9904502,175,6517,2005,,,0.225894,-0.786127,PLW,350290
9904503,175,6517,2006,,,-0.6016520000000001,-0.849938,PLW,350290
9904504,175,6517,2007,,,-0.514012,-0.878468,PLW,350290
9904505,175,6517,2008,0.0,597.0,0.25725,-0.797149,PLW,350290
9904506,175,6517,2009,,,0.408333,-0.826412,PLW,350290
9904507,175,6517,2010,,,-0.32681,-0.885127,PLW,350290
9904508,175,6517,2011,,,-0.026091000000000003,-0.753837,PLW,350290
9904509,175,6517,2012,,,-0.21545100000000003,-0.773588,PLW,350290
9904510,175,6517,2013,0.0,2685.0,0.232127,-0.716653,PLW,350290
9904511,175,6517,2014,0.0,1530.0,0.38879600000000003,-0.532062,PLW,350290
9904512,175,6517,2015,0.0,588.0,0.353098,-0.590496,PLW,350290
9904513,175,6517,2016,,,0.707907,-0.531396,PLW,350290
9904514,175,6517,2017,,,0.6076229999999999,-0.559638,PLW,350290
9904515,175,6517,2018,,,0.07495,-0.8339719999999999,PLW,350290
9904516,175,6517,2019,,,0.03565,-0.8227690000000001,PLW,350290
9904517,175,6517,2020,,,0.207858,-0.809401,PLW,350290
9904518,176,6517,1995,,,-2.387352,-1.200933,PNG,350290
9904519,176,6517,1996,,,-2.120746,-1.2199879999999999,PNG,350290
9904520,176,6517,1997,,,-2.2823439999999997,-1.264621,PNG,350290
9904521,176,6517,1998,0.0,1389.0,-2.060952,-1.237969,PNG,350290
9904522,176,6517,1999,,,-1.850785,-1.256969,PNG,350290
9904523,176,6517,2000,,,-1.686651,-1.1906729999999999,PNG,350290
9904524,176,6517,2001,,,-1.503929,-1.199463,PNG,350290
9904525,176,6517,2002,0.0,4343.0,-1.4572319999999999,-1.159399,PNG,350290
9904526,176,6517,2003,,,-1.7997330000000002,-1.2110049999999999,PNG,350290
9904527,176,6517,2004,,,-1.7599200000000002,-1.219971,PNG,350290
9904528,176,6517,2005,,,-1.6583900000000003,-1.198114,PNG,350290
9904529,176,6517,2006,,,-1.89409,-1.234731,PNG,350290
9904530,176,6517,2007,0.0,383803.0,-1.947486,-1.284269,PNG,350290
9904531,176,6517,2008,,,-1.6771330000000002,-1.18528,PNG,350290
9904532,176,6517,2009,,,-1.90537,-1.2462030000000002,PNG,350290
9904533,176,6517,2010,0.0,1200.0,-1.725138,-1.195622,PNG,350290
9904534,176,6517,2011,,,-1.1111659999999999,-0.9458610000000001,PNG,350290
9904535,176,6517,2012,0.0,3212.0,-1.009277,-1.039759,PNG,350290
9904536,176,6517,2013,,,-1.444244,-1.144231,PNG,350290
9904537,176,6517,2014,0.0,4659.0,-1.564904,-1.146255,PNG,350290
9904538,176,6517,2015,0.0,7584.0,-1.710939,-1.266333,PNG,350290
9904539,176,6517,2016,,,-1.689987,-1.2762639999999998,PNG,350290
9904540,176,6517,2017,,,-1.788834,-1.267126,PNG,350290
9904541,176,6517,2018,,,-1.7580360000000002,-1.239492,PNG,350290
9904542,176,6517,2019,0.0,4733.0,-1.654143,-1.249707,PNG,350290
9904543,176,6517,2020,,,-1.526134,-1.191965,PNG,350290
9904544,177,6517,1995,281067.0,91800.0,0.76393,1.802648,POL,350290
9904545,177,6517,1996,13212.0,9123.0,0.795489,1.9004729999999999,POL,350290
9904546,177,6517,1997,1159.0,101762.0,0.805559,1.9598520000000001,POL,350290
9904547,177,6517,1998,5752.0,219520.0,0.8638309999999999,1.8881299999999999,POL,350290
9904548,177,6517,1999,5327.0,58402.0,0.8512700000000001,1.8975229999999998,POL,350290
9904549,177,6517,2000,133067.0,432042.0,0.862983,1.8683400000000001,POL,350290
9904550,177,6517,2001,188644.0,614491.0,0.9474540000000001,1.8408220000000002,POL,350290
9904551,177,6517,2002,9081.0,419841.0,0.931642,1.721727,POL,350290
9904552,177,6517,2003,7312.0,820655.0,0.966622,1.664838,POL,350290
9904553,177,6517,2004,21303.0,761715.0,1.019341,1.519452,POL,350290
9904554,177,6517,2005,40702.0,1793827.0,0.9564299999999999,1.559385,POL,350290
9904555,177,6517,2006,171897.0,4206487.0,0.991927,1.474418,POL,350290
9904556,177,6517,2007,479185.0,7249137.0,1.0412139999999999,1.309641,POL,350290
9904557,177,6517,2008,302884.0,5172405.0,1.037287,1.244457,POL,350290
9904558,177,6517,2009,718715.0,5414295.0,1.11055,1.069074,POL,350290
9904559,177,6517,2010,1104630.0,9733290.0,1.083552,1.1433719999999998,POL,350290
9904560,177,6517,2011,959701.0,11312129.0,1.133641,1.134203,POL,350290
9904561,177,6517,2012,5185661.0,12807647.0,1.0626870000000002,1.267268,POL,350290
9904562,177,6517,2013,6130721.0,18385520.0,1.084332,1.216749,POL,350290
9904563,177,6517,2014,3823910.0,17971882.0,1.133102,1.177165,POL,350290
9904564,177,6517,2015,3560843.0,12653783.0,1.145844,1.1449280000000002,POL,350290
9904565,177,6517,2016,6574870.0,13901395.0,1.146113,1.239532,POL,350290
9904566,177,6517,2017,12043259.0,20845537.0,1.197417,1.092716,POL,350290
9904567,177,6517,2018,11106268.0,20223179.0,1.132475,1.258945,POL,350290
9904568,177,6517,2019,19055125.0,27654276.0,1.088347,1.275875,POL,350290
9904569,177,6517,2020,38419953.0,47089084.0,1.0227979999999999,1.4079139999999999,POL,350290
9904570,178,6517,1995,,,0.46509799999999996,0.645496,PRK,350290
9904571,178,6517,1996,,,0.725014,1.20189,PRK,350290
9904572,178,6517,1997,,,0.701604,0.649257,PRK,350290
9904573,178,6517,1998,,,0.7417239999999999,0.899826,PRK,350290
9904574,178,6517,1999,,,0.536814,0.980433,PRK,350290
9904575,178,6517,2000,,,0.786946,1.0068290000000002,PRK,350290
9904576,178,6517,2001,0.0,1000.0,0.62773,1.010888,PRK,350290
9904577,178,6517,2002,,,0.43756999999999996,0.744264,PRK,350290
9904578,178,6517,2003,,,0.7060420000000001,0.7718,PRK,350290
9904579,178,6517,2004,,,0.578991,0.781518,PRK,350290
9904580,178,6517,2005,,,0.712403,0.8739520000000001,PRK,350290
9904581,178,6517,2006,,,0.548754,0.763313,PRK,350290
9904582,178,6517,2007,,,0.799712,0.8789370000000001,PRK,350290
9904583,178,6517,2008,,,0.6970609999999999,0.88018,PRK,350290
9904584,178,6517,2009,,,0.608089,0.709831,PRK,350290
9904585,178,6517,2010,,,0.348511,0.466229,PRK,350290
9904586,178,6517,2011,,,-0.024317,-0.154781,PRK,350290
9904587,178,6517,2012,,,-0.120826,0.131138,PRK,350290
9904588,178,6517,2013,,,-0.414538,-0.22449299999999997,PRK,350290
9904589,178,6517,2014,0.0,125728.0,-0.23883000000000001,-0.009727,PRK,350290
9904590,178,6517,2015,0.0,217665.0,-0.404818,-0.075235,PRK,350290
9904591,178,6517,2016,0.0,92651.0,-0.512374,-0.143648,PRK,350290
9904592,178,6517,2017,,,-0.353642,-0.08027000000000001,PRK,350290
9904593,178,6517,2018,0.0,32488.0,0.714618,0.47291700000000003,PRK,350290
9904594,178,6517,2019,0.0,19441.0,1.049447,0.46940699999999996,PRK,350290
9904595,178,6517,2020,0.0,1890.0,1.162417,0.494306,PRK,350290
9904596,179,6517,1995,0.0,433406.0,0.412677,1.254009,PRT,350290
9904597,179,6517,1996,0.0,172715.0,0.39343,1.170144,PRT,350290
9904598,179,6517,1997,2889.0,562459.0,0.379367,1.296551,PRT,350290
9904599,179,6517,1998,274411.0,286605.0,0.39771999999999996,1.303603,PRT,350290
9904600,179,6517,1999,214990.0,205389.0,0.420538,1.379359,PRT,350290
9904601,179,6517,2000,396057.0,407632.0,0.547816,1.70635,PRT,350290
9904602,179,6517,2001,408774.0,554817.0,0.482048,1.662123,PRT,350290
9904603,179,6517,2002,18896.0,721769.0,0.484407,1.6500080000000001,PRT,350290
9904604,179,6517,2003,0.0,1231037.0,0.471376,1.647303,PRT,350290
9904605,179,6517,2004,0.0,1168721.0,0.524524,1.901139,PRT,350290
9904606,179,6517,2005,0.0,1050268.0,0.5119819999999999,1.901636,PRT,350290
9904607,179,6517,2006,0.0,1265417.0,0.5723630000000001,1.92303,PRT,350290
9904608,179,6517,2007,3157.0,1591533.0,0.621302,1.971656,PRT,350290
9904609,179,6517,2008,12749.0,1747547.0,0.64135,2.1946939999999997,PRT,350290
9904610,179,6517,2009,9440.0,1491281.0,0.559189,2.4359919999999997,PRT,350290
9904611,179,6517,2010,9767.0,1715413.0,0.551149,2.437209,PRT,350290
9904612,179,6517,2011,688934.0,1648144.0,0.558481,2.7056240000000003,PRT,350290
9904613,179,6517,2012,2839949.0,1372512.0,0.648544,2.405491,PRT,350290
9904614,179,6517,2013,4526930.0,3763826.0,0.541454,2.5228610000000002,PRT,350290
9904615,179,6517,2014,2939799.0,3287408.0,0.621053,2.349644,PRT,350290
9904616,179,6517,2015,2754640.0,1848627.0,0.561922,2.2276380000000002,PRT,350290
9904617,179,6517,2016,2225841.0,3691194.0,0.519621,2.254972,PRT,350290
9904618,179,6517,2017,2841284.0,8148088.0,0.527046,2.264624,PRT,350290
9904619,179,6517,2018,2177170.0,8166678.0,0.652628,2.211758,PRT,350290
9904620,179,6517,2019,2223050.0,1877473.0,0.545467,2.344447,PRT,350290
9904621,179,6517,2020,782479.0,1513641.0,0.656999,2.1136470000000003,PRT,350290
9904622,180,6517,1995,16150.0,3407.0,-0.283544,-0.640898,PRY,350290
9904623,180,6517,1996,34728.0,1914.0,-0.506178,-0.712851,PRY,350290
9904624,180,6517,1997,0.0,59511.0,-0.44951,-0.818817,PRY,350290
9904625,180,6517,1998,0.0,21373.0,-0.204539,-0.766486,PRY,350290
9904626,180,6517,1999,,,-0.541387,-0.863967,PRY,350290
9904627,180,6517,2000,0.0,114058.0,-0.774476,-0.980039,PRY,350290
9904628,180,6517,2001,0.0,5103.0,-0.68893,-0.9326690000000001,PRY,350290
9904629,180,6517,2002,,,-0.614282,-0.963832,PRY,350290
9904630,180,6517,2003,,,-0.607733,-0.8577879999999999,PRY,350290
9904631,180,6517,2004,0.0,867.0,-0.64574,-0.978875,PRY,350290
9904632,180,6517,2005,,,-0.7109880000000001,-0.8740680000000001,PRY,350290
9904633,180,6517,2006,0.0,15831.0,-0.520435,-0.7839119999999999,PRY,350290
9904634,180,6517,2007,0.0,5218.0,-0.500617,-0.814385,PRY,350290
9904635,180,6517,2008,0.0,4146.0,-0.556298,-0.9503780000000001,PRY,350290
9904636,180,6517,2009,,,-0.564858,-0.941735,PRY,350290
9904637,180,6517,2010,0.0,5236.0,-0.553805,-0.8699450000000001,PRY,350290
9904638,180,6517,2011,0.0,4114.0,-0.548759,-0.877743,PRY,350290
9904639,180,6517,2012,0.0,2805.0,-0.497895,-0.9197299999999999,PRY,350290
9904640,180,6517,2013,0.0,7284.0,-0.566239,-0.9273459999999999,PRY,350290
9904641,180,6517,2014,0.0,50506.0,-0.608509,-0.930679,PRY,350290
9904642,180,6517,2015,,,-0.471106,-0.9431139999999999,PRY,350290
9904643,180,6517,2016,0.0,80626.0,-0.660702,-1.0329979999999999,PRY,350290
9904644,180,6517,2017,0.0,175753.0,-0.437741,-0.9248879999999999,PRY,350290
9904645,180,6517,2018,,,-0.614751,-0.952478,PRY,350290
9904646,180,6517,2019,0.0,52172.0,-0.500999,-0.8635219999999999,PRY,350290
9904647,180,6517,2020,75103.0,4033.0,-0.45920600000000006,-0.930341,PRY,350290
9904648,181,6517,1995,,,,,PSE,350290
9904649,181,6517,1996,,,,,PSE,350290
9904650,181,6517,1997,,,,,PSE,350290
9904651,181,6517,1998,,,,,PSE,350290
9904652,181,6517,1999,,,,,PSE,350290
9904653,181,6517,2000,,,1.1113879999999998,0.320747,PSE,350290
9904654,181,6517,2001,,,0.60735,-0.027356000000000002,PSE,350290
9904655,181,6517,2002,,,0.394636,-0.286194,PSE,350290
9904656,181,6517,2003,,,0.657296,0.220183,PSE,350290
9904657,181,6517,2004,,,-0.20239100000000002,-0.6123460000000001,PSE,350290
9904658,181,6517,2005,,,0.12721400000000002,-0.38598699999999997,PSE,350290
9904659,181,6517,2006,,,-0.03464,-0.487188,PSE,350290
9904660,181,6517,2007,,,0.16788499999999998,0.689805,PSE,350290
9904661,181,6517,2008,,,0.19076300000000002,1.019001,PSE,350290
9904662,181,6517,2009,,,0.119192,0.6390680000000001,PSE,350290
9904663,181,6517,2010,,,0.12470099999999999,0.576382,PSE,350290
9904664,181,6517,2011,,,0.07902999999999999,0.550277,PSE,350290
9904665,181,6517,2012,0.0,17687.0,0.219288,0.620059,PSE,350290
9904666,181,6517,2013,,,0.072979,0.7099260000000001,PSE,350290
9904667,181,6517,2014,0.0,1181.0,0.030643,0.601905,PSE,350290
9904668,181,6517,2015,,,0.060575,0.5649489999999999,PSE,350290
9904669,181,6517,2016,,,-0.067187,0.535972,PSE,350290
9904670,181,6517,2017,,,0.11852,0.609241,PSE,350290
9904671,181,6517,2018,,,0.096402,0.735946,PSE,350290
9904672,181,6517,2019,,,0.05640800000000001,0.708102,PSE,350290
9904673,181,6517,2020,0.0,7222.0,0.162235,0.828319,PSE,350290
9904674,182,6517,1995,,,-0.33641,-0.696238,PYF,350290
9904675,182,6517,1996,0.0,15420.0,0.845308,-0.31763,PYF,350290
9904676,182,6517,1997,0.0,1989.0,0.333947,-0.5391560000000001,PYF,350290
9904677,182,6517,1998,,,0.422645,-0.607595,PYF,350290
9904678,182,6517,1999,,,0.281327,-0.624142,PYF,350290
9904679,182,6517,2000,,,0.01154,-0.6676880000000001,PYF,350290
9904680,182,6517,2001,,,-0.005456,-0.7210770000000001,PYF,350290
9904681,182,6517,2002,,,0.042936,-0.7421840000000001,PYF,350290
9904682,182,6517,2003,,,-0.255707,-0.676557,PYF,350290
9904683,182,6517,2004,,,-0.414954,-0.773736,PYF,350290
9904684,182,6517,2005,0.0,2455.0,-0.46358999999999995,-0.801909,PYF,350290
9904685,182,6517,2006,,,-0.213329,-0.743599,PYF,350290
9904686,182,6517,2007,0.0,3356.0,-0.72809,-0.9329620000000001,PYF,350290
9904687,182,6517,2008,0.0,1552.0,-0.255879,-0.714841,PYF,350290
9904688,182,6517,2009,0.0,4096.0,-0.440014,-0.835513,PYF,350290
9904689,182,6517,2010,0.0,1261.0,-0.47692700000000005,-0.8429760000000001,PYF,350290
9904690,182,6517,2011,0.0,3837.0,0.37798000000000004,-0.460049,PYF,350290
9904691,182,6517,2012,0.0,1623.0,-0.131116,-0.6672819999999999,PYF,350290
9904692,182,6517,2013,0.0,1474.0,-0.146044,-0.7055359999999999,PYF,350290
9904693,182,6517,2014,,,0.008831,-0.6268279999999999,PYF,350290
9904694,182,6517,2015,,,-0.301696,-0.795154,PYF,350290
9904695,182,6517,2016,0.0,4688.0,0.11597400000000001,-0.657672,PYF,350290
9904696,182,6517,2017,,,-0.1278,-0.748387,PYF,350290
9904697,182,6517,2018,0.0,1843.0,0.21430300000000002,-0.484076,PYF,350290
9904698,182,6517,2019,0.0,3513.0,0.30119,-0.39213000000000003,PYF,350290
9904699,182,6517,2020,0.0,4077.0,0.640838,-0.11156300000000001,PYF,350290
9904700,183,6517,1995,0.0,8868.0,-0.721352,-1.0827799999999999,QAT,350290
9904701,183,6517,1996,0.0,9817.0,-0.48203500000000005,-1.117173,QAT,350290
9904702,183,6517,1997,0.0,7224.0,-1.0874469999999998,-1.204852,QAT,350290
9904703,183,6517,1998,0.0,2752.0,-1.047819,-1.226928,QAT,350290
9904704,183,6517,1999,,,-0.593308,-1.18811,QAT,350290
9904705,183,6517,2000,4242.0,3826.0,-0.591806,-1.152123,QAT,350290
9904706,183,6517,2001,0.0,11951.0,-0.46564799999999995,-1.127634,QAT,350290
9904707,183,6517,2002,0.0,5676.0,-0.306052,-1.098296,QAT,350290
9904708,183,6517,2003,0.0,18867.0,-0.209042,-1.0565799999999999,QAT,350290
9904709,183,6517,2004,0.0,17914.0,0.21713400000000002,-1.031806,QAT,350290
9904710,183,6517,2005,0.0,13759.0,0.2381,-1.0287979999999999,QAT,350290
9904711,183,6517,2006,0.0,109058.0,0.055777999999999994,-1.0379049999999999,QAT,350290
9904712,183,6517,2007,0.0,45779.0,0.20181500000000002,-0.9898110000000001,QAT,350290
9904713,183,6517,2008,0.0,157300.0,-0.36390900000000004,-1.0045549999999999,QAT,350290
9904714,183,6517,2009,0.0,106831.0,-0.484947,-1.07179,QAT,350290
9904715,183,6517,2010,0.0,117600.0,-0.346143,-1.078192,QAT,350290
9904716,183,6517,2011,0.0,139255.0,-0.45851899999999995,-1.017033,QAT,350290
9904717,183,6517,2012,0.0,118786.0,-0.558014,-1.012392,QAT,350290
9904718,183,6517,2013,0.0,213635.0,-0.083649,-1.013491,QAT,350290
9904719,183,6517,2014,0.0,359590.0,-0.37535599999999997,-1.0196370000000001,QAT,350290
9904720,183,6517,2015,0.0,211731.0,-0.077053,-0.9922719999999999,QAT,350290
9904721,183,6517,2016,0.0,79053.0,-0.36124,-1.106629,QAT,350290
9904722,183,6517,2017,0.0,24449.0,-0.361327,-1.066869,QAT,350290
9904723,183,6517,2018,0.0,73279.0,-0.068401,-1.014732,QAT,350290
9904724,183,6517,2019,0.0,36976.0,-0.064127,-1.065046,QAT,350290
9904725,183,6517,2020,0.0,90499.0,-0.028836,-1.0183950000000002,QAT,350290
9904726,184,6517,1995,0.0,25774.0,0.728825,-0.178569,REU,350290
9904727,184,6517,1996,,,,,REU,350290
9904728,184,6517,1997,,,,,REU,350290
9904729,184,6517,1998,,,,,REU,350290
9904730,184,6517,1999,,,,,REU,350290
9904731,184,6517,2000,,,,,REU,350290
9904732,184,6517,2001,,,,,REU,350290
9904733,184,6517,2002,,,,,REU,350290
9904734,184,6517,2003,,,,,REU,350290
9904735,184,6517,2004,,,,,REU,350290
9904736,184,6517,2005,,,,,REU,350290
9904737,184,6517,2006,,,,,REU,350290
9904738,184,6517,2007,,,,,REU,350290
9904739,184,6517,2008,,,,,REU,350290
9904740,184,6517,2009,,,,,REU,350290
9904741,184,6517,2010,,,,,REU,350290
9904742,184,6517,2011,,,,,REU,350290
9904743,184,6517,2012,,,,,REU,350290
9904744,184,6517,2013,,,,,REU,350290
9904745,184,6517,2014,,,,,REU,350290
9904746,184,6517,2015,,,,,REU,350290
9904747,184,6517,2016,,,,,REU,350290
9904748,184,6517,2017,,,,,REU,350290
9904749,184,6517,2018,,,,,REU,350290
9904750,184,6517,2019,,,,,REU,350290
9904751,184,6517,2020,,,,,REU,350290
9904752,185,6517,1995,0.0,317530.0,0.621468,1.038729,ROU,350290
9904753,185,6517,1996,0.0,197773.0,0.612035,0.880964,ROU,350290
9904754,185,6517,1997,0.0,95727.0,0.44381000000000004,1.084109,ROU,350290
9904755,185,6517,1998,0.0,75147.0,0.315392,0.961176,ROU,350290
9904756,185,6517,1999,0.0,67329.0,0.253874,0.8322709999999999,ROU,350290
9904757,185,6517,2000,955.0,191212.0,0.39034,0.84193,ROU,350290
9904758,185,6517,2001,0.0,407057.0,0.326733,1.005332,ROU,350290
9904759,185,6517,2002,0.0,208799.0,0.29888200000000004,0.980376,ROU,350290
9904760,185,6517,2003,0.0,95725.0,0.378379,1.0064620000000002,ROU,350290
9904761,185,6517,2004,0.0,39054.0,0.37241599999999997,1.015865,ROU,350290
9904762,185,6517,2005,0.0,23301.0,0.371288,1.095875,ROU,350290
9904763,185,6517,2006,0.0,198539.0,0.550825,1.170744,ROU,350290
9904764,185,6517,2007,0.0,506065.0,0.69445,1.223747,ROU,350290
9904765,185,6517,2008,0.0,1434895.0,0.784924,1.235527,ROU,350290
9904766,185,6517,2009,120910.0,620342.0,0.833802,1.024418,ROU,350290
9904767,185,6517,2010,13753.0,956074.0,0.6483760000000001,1.200256,ROU,350290
9904768,185,6517,2011,127658.0,1633592.0,0.722,1.296655,ROU,350290
9904769,185,6517,2012,174328.0,1546898.0,0.745926,1.2884719999999998,ROU,350290
9904770,185,6517,2013,36950.0,1372740.0,0.792035,1.225034,ROU,350290
9904771,185,6517,2014,131339.0,1823228.0,0.9112,1.188161,ROU,350290
9904772,185,6517,2015,123121.0,1415003.0,0.946363,1.056775,ROU,350290
9904773,185,6517,2016,17456.0,1499217.0,1.061259,0.9878870000000001,ROU,350290
9904774,185,6517,2017,159848.0,1641233.0,1.05479,0.9842219999999999,ROU,350290
9904775,185,6517,2018,889733.0,2621684.0,1.050715,1.04471,ROU,350290
9904776,185,6517,2019,277507.0,1861361.0,1.044289,1.013691,ROU,350290
9904777,185,6517,2020,335957.0,2031520.0,1.13426,0.9767809999999999,ROU,350290
9904778,186,6517,1995,0.0,36603.0,0.364437,0.171494,RUS,350290
9904779,186,6517,1996,52332.0,174573.0,0.900185,0.47723000000000004,RUS,350290
9904780,186,6517,1997,22802.0,445260.0,0.87377,0.423861,RUS,350290
9904781,186,6517,1998,671881.0,318867.0,0.93909,0.59719,RUS,350290
9904782,186,6517,1999,296357.0,614684.0,0.903308,0.590858,RUS,350290
9904783,186,6517,2000,153561.0,193311.0,0.976274,0.42859200000000003,RUS,350290
9904784,186,6517,2001,349122.0,306476.0,0.945816,0.35027600000000003,RUS,350290
9904785,186,6517,2002,12144.0,192680.0,1.109397,0.424229,RUS,350290
9904786,186,6517,2003,5437.0,354022.0,1.072729,0.338355,RUS,350290
9904787,186,6517,2004,168031.0,529507.0,0.8952399999999999,0.172896,RUS,350290
9904788,186,6517,2005,307887.0,1102103.0,0.901675,0.061595000000000004,RUS,350290
9904789,186,6517,2006,37326.0,1912037.0,0.801197,0.104683,RUS,350290
9904790,186,6517,2007,80297.0,4705807.0,0.5576399999999999,-0.05382000000000001,RUS,350290
9904791,186,6517,2008,206905.0,8003305.0,0.559059,-0.00886,RUS,350290
9904792,186,6517,2009,15052.0,4755639.0,0.392478,-0.20038399999999998,RUS,350290
9904793,186,6517,2010,50439.0,3998385.0,0.583996,-0.223881,RUS,350290
9904794,186,6517,2011,42874.0,4885722.0,0.47319399999999995,-0.20801599999999998,RUS,350290
9904795,186,6517,2012,17492.0,4003873.0,0.20625500000000002,-0.196697,RUS,350290
9904796,186,6517,2013,55852.0,4451415.0,0.481166,-0.180052,RUS,350290
9904797,186,6517,2014,307987.0,8295745.0,0.229422,-0.214856,RUS,350290
9904798,186,6517,2015,255725.0,11437725.0,0.23119,0.035965,RUS,350290
9904799,186,6517,2016,127207.0,13416121.0,0.252891,0.200423,RUS,350290
9904800,186,6517,2017,346639.0,18071840.0,0.32885,0.288392,RUS,350290
9904801,186,6517,2018,551836.0,14202356.0,0.21398000000000003,0.100414,RUS,350290
9904802,186,6517,2019,233663.0,12540833.0,0.329884,0.26215,RUS,350290
9904803,186,6517,2020,309417.0,14740475.0,0.373882,0.42102700000000004,RUS,350290
9904804,187,6517,1995,,,-0.18641,-0.6206729999999999,RWA,350290
9904805,187,6517,1996,,,0.07343,-0.520246,RWA,350290
9904806,187,6517,1997,,,-0.412674,-0.735488,RWA,350290
9904807,187,6517,1998,,,-0.38756399999999996,-0.7770130000000001,RWA,350290
9904808,187,6517,1999,,,-0.747449,-0.832043,RWA,350290
9904809,187,6517,2000,,,-0.346668,-0.7081270000000001,RWA,350290
9904810,187,6517,2001,,,-1.260879,-0.861347,RWA,350290
9904811,187,6517,2002,0.0,3018.0,-0.553848,-0.757714,RWA,350290
9904812,187,6517,2003,,,-0.99513,-0.852476,RWA,350290
9904813,187,6517,2004,,,-1.3952870000000002,-0.950857,RWA,350290
9904814,187,6517,2005,,,-0.6467470000000001,-0.66747,RWA,350290
9904815,187,6517,2006,0.0,20490.0,-0.032827999999999996,-0.42937600000000004,RWA,350290
9904816,187,6517,2007,,,-0.383017,-0.49216899999999997,RWA,350290
9904817,187,6517,2008,,,-0.770307,-0.650779,RWA,350290
9904818,187,6517,2009,,,-0.31001599999999996,-0.5382170000000001,RWA,350290
9904819,187,6517,2010,1217.0,0.0,-0.6033350000000001,-0.524881,RWA,350290
9904820,187,6517,2011,41452.0,0.0,-0.684475,-0.690734,RWA,350290
9904821,187,6517,2012,20383.0,0.0,-0.672906,-0.72154,RWA,350290
9904822,187,6517,2013,17779.0,14479.0,-0.490519,-0.48427700000000007,RWA,350290
9904823,187,6517,2014,0.0,7408.0,-0.5692659999999999,-0.447859,RWA,350290
9904824,187,6517,2015,0.0,16022.0,-0.755738,-0.4423,RWA,350290
9904825,187,6517,2016,0.0,3638.0,-0.5802149999999999,-0.568327,RWA,350290
9904826,187,6517,2017,,,-0.7610319999999999,-0.680251,RWA,350290
9904827,187,6517,2018,,,-0.618925,-0.788172,RWA,350290
9904828,187,6517,2019,,,-0.812602,-0.737603,RWA,350290
9904829,187,6517,2020,,,-0.923618,-0.975133,RWA,350290
9904830,188,6517,1995,21147.0,140861.0,0.401573,-0.6676529999999999,SAU,350290
9904831,188,6517,1996,20877.0,168216.0,0.215265,-0.8577309999999999,SAU,350290
9904832,188,6517,1997,0.0,158093.0,0.015040000000000001,-0.954475,SAU,350290
9904833,188,6517,1998,0.0,80372.0,0.521849,-0.7550899999999999,SAU,350290
9904834,188,6517,1999,0.0,412394.0,0.553028,-0.527401,SAU,350290
9904835,188,6517,2000,0.0,218992.0,0.588175,-0.74197,SAU,350290
9904836,188,6517,2001,0.0,709061.0,0.5370550000000001,-0.793469,SAU,350290
9904837,188,6517,2002,1085823.0,490113.0,0.082107,-0.843317,SAU,350290
9904838,188,6517,2003,1638.0,819205.0,0.202286,-0.714691,SAU,350290
9904839,188,6517,2004,121614.0,373405.0,0.546196,-0.7014729999999999,SAU,350290
9904840,188,6517,2005,7612.0,154779.0,0.678873,-0.759985,SAU,350290
9904841,188,6517,2006,65252.0,84023.0,0.162432,-0.853059,SAU,350290
9904842,188,6517,2007,312298.0,188814.0,0.367463,-0.8603709999999999,SAU,350290
9904843,188,6517,2008,0.0,130011.0,-0.09849400000000001,-0.8998309999999999,SAU,350290
9904844,188,6517,2009,64560.0,680467.0,0.300581,-0.813199,SAU,350290
9904845,188,6517,2010,0.0,1674398.0,0.46696400000000005,-0.7487520000000001,SAU,350290
9904846,188,6517,2011,4521.0,4279863.0,0.354045,-0.800028,SAU,350290
9904847,188,6517,2012,0.0,3876823.0,0.42235200000000006,-0.818584,SAU,350290
9904848,188,6517,2013,27575.0,183200.0,0.626347,-0.844406,SAU,350290
9904849,188,6517,2014,0.0,1697304.0,0.5758439999999999,-0.832692,SAU,350290
9904850,188,6517,2015,2618.0,3260450.0,0.5552520000000001,-0.7263229999999999,SAU,350290
9904851,188,6517,2016,0.0,8779490.0,0.394807,-0.638644,SAU,350290
9904852,188,6517,2017,0.0,9310605.0,0.597716,-0.345049,SAU,350290
9904853,188,6517,2018,0.0,2899024.0,0.5801810000000001,-0.447514,SAU,350290
9904854,188,6517,2019,0.0,8141076.0,0.787798,-0.41350600000000004,SAU,350290
9904855,188,6517,2020,0.0,11901145.0,0.662925,-0.21661999999999998,SAU,350290
9904856,189,6517,1995,,,1.032118,1.180409,SCG,350290
9904857,189,6517,1996,0.0,7400.0,0.786293,2.20126,SCG,350290
9904858,189,6517,1997,0.0,39204.0,0.659904,1.702849,SCG,350290
9904859,189,6517,1998,0.0,9662.0,0.603733,1.535453,SCG,350290
9904860,189,6517,1999,0.0,23944.0,0.607596,2.222456,SCG,350290
9904861,189,6517,2000,0.0,11708.0,0.609133,2.278384,SCG,350290
9904862,189,6517,2001,0.0,170220.0,0.45280200000000004,2.469852,SCG,350290
9904863,189,6517,2002,0.0,61636.0,0.55781,2.135925,SCG,350290
9904864,189,6517,2003,0.0,33817.0,0.575326,1.627894,SCG,350290
9904865,189,6517,2004,0.0,57171.0,0.628071,2.210424,SCG,350290
9904866,189,6517,2005,0.0,67934.0,0.560725,1.62105,SCG,350290
9904867,189,6517,2006,,,,,SCG,350290
9904868,189,6517,2007,,,,,SCG,350290
9904869,189,6517,2008,,,,,SCG,350290
9904870,189,6517,2009,,,,,SCG,350290
9904871,189,6517,2010,,,,,SCG,350290
9904872,189,6517,2011,,,,,SCG,350290
9904873,189,6517,2012,,,,,SCG,350290
9904874,189,6517,2013,,,,,SCG,350290
9904875,189,6517,2014,,,,,SCG,350290
9904876,189,6517,2015,,,,,SCG,350290
9904877,189,6517,2016,,,,,SCG,350290
9904878,189,6517,2017,,,,,SCG,350290
9904879,189,6517,2018,,,,,SCG,350290
9904880,189,6517,2019,,,,,SCG,350290
9904881,189,6517,2020,,,,,SCG,350290
9904882,190,6517,1995,0.0,5382.0,-0.776567,-0.963823,SDN,350290
9904883,190,6517,1996,0.0,7812.0,-1.4146459999999998,-1.181707,SDN,350290
9904884,190,6517,1997,,,-1.300352,-1.199816,SDN,350290
9904885,190,6517,1998,,,-1.034858,-1.089854,SDN,350290
9904886,190,6517,1999,,,-1.321619,-1.162911,SDN,350290
9904887,190,6517,2000,0.0,22367.0,-1.5105899999999999,-1.2287549999999998,SDN,350290
9904888,190,6517,2001,,,-1.6325180000000001,-1.263267,SDN,350290
9904889,190,6517,2002,0.0,717.0,-1.499925,-1.228374,SDN,350290
9904890,190,6517,2003,,,-1.3535059999999999,-1.1701409999999999,SDN,350290
9904891,190,6517,2004,,,-1.5346309999999999,-1.2599559999999999,SDN,350290
9904892,190,6517,2005,,,-1.5685850000000001,-1.243433,SDN,350290
9904893,190,6517,2006,364.0,2337.0,-1.873762,-1.278378,SDN,350290
9904894,190,6517,2007,0.0,1270.0,-1.978359,-1.316172,SDN,350290
9904895,190,6517,2008,0.0,24625.0,-2.095439,-1.263511,SDN,350290
9904896,190,6517,2009,0.0,2166.0,-2.2948020000000002,-1.3182040000000002,SDN,350290
9904897,190,6517,2010,0.0,464819.0,-1.9094669999999998,-1.271065,SDN,350290
9904898,190,6517,2011,,,-2.1675869999999997,-1.249272,SDN,350290
9904899,190,6517,2012,,,-1.316171,-1.1347610000000001,SDN,350290
9904900,190,6517,2013,,,-1.254944,-1.073564,SDN,350290
9904901,190,6517,2014,,,-1.442381,-1.1155030000000001,SDN,350290
9904902,190,6517,2015,,,-1.420356,-1.218424,SDN,350290
9904903,190,6517,2016,0.0,13242.0,-1.216141,-1.191648,SDN,350290
9904904,190,6517,2017,,,-1.567691,-1.257164,SDN,350290
9904905,190,6517,2018,,,-1.278532,-1.176008,SDN,350290
9904906,190,6517,2019,,,-1.25579,-1.208796,SDN,350290
9904907,190,6517,2020,,,-1.380126,-1.280657,SDN,350290
9904908,191,6517,1995,0.0,1025.0,-0.94962,-0.970988,SEN,350290
9904909,191,6517,1996,0.0,19071.0,-0.619785,-0.712171,SEN,350290
9904910,191,6517,1997,,,-0.606205,-0.727753,SEN,350290
9904911,191,6517,1998,,,-0.416955,-0.449216,SEN,350290
9904912,191,6517,1999,0.0,2350.0,-0.472473,-0.462562,SEN,350290
9904913,191,6517,2000,0.0,51647.0,-0.46170100000000003,-0.435547,SEN,350290
9904914,191,6517,2001,0.0,1429.0,-0.437779,-0.436654,SEN,350290
9904915,191,6517,2002,0.0,2713.0,-0.43679700000000005,-0.484176,SEN,350290
9904916,191,6517,2003,0.0,12394.0,-0.25203600000000004,-0.25549299999999997,SEN,350290
9904917,191,6517,2004,,,-0.527127,-0.368631,SEN,350290
9904918,191,6517,2005,17407.0,0.0,-0.279715,-0.231985,SEN,350290
9904919,191,6517,2006,9552.0,3529.0,-0.364713,-0.183612,SEN,350290
9904920,191,6517,2007,0.0,2565.0,-0.20343599999999998,0.27211199999999997,SEN,350290
9904921,191,6517,2008,0.0,5890.0,-0.478024,-0.313199,SEN,350290
9904922,191,6517,2009,0.0,1055.0,-0.53392,-0.415513,SEN,350290
9904923,191,6517,2010,0.0,5196.0,-0.45445,-0.148149,SEN,350290
9904924,191,6517,2011,,,-0.624346,-0.308052,SEN,350290
9904925,191,6517,2012,,,-0.458858,-0.172745,SEN,350290
9904926,191,6517,2013,,,-0.523662,-0.309101,SEN,350290
9904927,191,6517,2014,0.0,2073.0,-0.502607,-0.08866,SEN,350290
9904928,191,6517,2015,,,-0.708349,-0.296663,SEN,350290
9904929,191,6517,2016,,,-0.7061270000000001,-0.46532399999999996,SEN,350290
9904930,191,6517,2017,0.0,2962.0,-0.6722899999999999,-0.26522199999999996,SEN,350290
9904931,191,6517,2018,0.0,1627.0,-0.751378,-0.390573,SEN,350290
9904932,191,6517,2019,0.0,17258.0,-0.721992,-0.385479,SEN,350290
9904933,191,6517,2020,0.0,14604.0,-0.634185,-0.398728,SEN,350290
9904934,192,6517,1995,36584.0,271495.0,0.747684,0.4745,SGP,350290
9904935,192,6517,1996,75754.0,116627.0,0.8354299999999999,0.41169799999999995,SGP,350290
9904936,192,6517,1997,34936.0,288401.0,1.01557,0.360154,SGP,350290
9904937,192,6517,1998,38136.0,146002.0,1.0029709999999998,0.506545,SGP,350290
9904938,192,6517,1999,317918.0,546834.0,1.355833,0.594305,SGP,350290
9904939,192,6517,2000,74050.0,412154.0,1.3392389999999998,0.6035010000000001,SGP,350290
9904940,192,6517,2001,38743.0,126353.0,1.364239,0.721074,SGP,350290
9904941,192,6517,2002,86706.0,1083652.0,1.481857,0.648889,SGP,350290
9904942,192,6517,2003,1059417.0,953390.0,1.5080799999999999,0.720337,SGP,350290
9904943,192,6517,2004,245913.0,1104673.0,1.6409779999999998,0.634947,SGP,350290
9904944,192,6517,2005,387348.0,3123408.0,1.601677,0.49930399999999997,SGP,350290
9904945,192,6517,2006,138745.0,4283012.0,1.5377379999999998,0.503089,SGP,350290
9904946,192,6517,2007,587817.0,10885777.0,1.608299,0.545791,SGP,350290
9904947,192,6517,2008,326573.0,8054862.0,1.844543,0.5947020000000001,SGP,350290
9904948,192,6517,2009,196381.0,9335068.0,1.9503540000000001,0.498033,SGP,350290
9904949,192,6517,2010,238609.0,10956575.0,1.8441349999999999,0.570311,SGP,350290
9904950,192,6517,2011,120972.0,20046849.0,1.849116,0.52127,SGP,350290
9904951,192,6517,2012,648662.0,16580784.0,1.685959,0.5900989999999999,SGP,350290
9904952,192,6517,2013,440037.0,21040127.0,1.915504,0.619576,SGP,350290
9904953,192,6517,2014,1740014.0,19246532.0,1.867492,0.626736,SGP,350290
9904954,192,6517,2015,1377271.0,20941928.0,2.05613,0.593065,SGP,350290
9904955,192,6517,2016,1949007.0,13364336.0,2.089995,0.564921,SGP,350290
9904956,192,6517,2017,1268180.0,16684963.0,1.884166,0.37903600000000004,SGP,350290
9904957,192,6517,2018,620159.0,14438114.0,1.914132,0.652011,SGP,350290
9904958,192,6517,2019,780005.0,17401229.0,2.0264599999999997,0.665506,SGP,350290
9904959,192,6517,2020,923238.0,24030926.0,1.948379,0.610574,SGP,350290
9904960,193,6517,1995,,,,,SGS,350290
9904961,193,6517,1996,,,,,SGS,350290
9904962,193,6517,1997,,,,,SGS,350290
9904963,193,6517,1998,,,,,SGS,350290
9904964,193,6517,1999,,,,,SGS,350290
9904965,193,6517,2000,,,1.0955629999999998,-0.8769889999999999,SGS,350290
9904966,193,6517,2001,,,2.301104,-0.772378,SGS,350290
9904967,193,6517,2002,,,1.458389,-0.695846,SGS,350290
9904968,193,6517,2003,,,2.127043,-0.5255029999999999,SGS,350290
9904969,193,6517,2004,,,0.842463,-0.7492949999999999,SGS,350290
9904970,193,6517,2005,,,0.199141,-0.749854,SGS,350290
9904971,193,6517,2006,,,1.378112,-0.634744,SGS,350290
9904972,193,6517,2007,,,0.34491,-0.819142,SGS,350290
9904973,193,6517,2008,,,0.6732520000000001,-0.753207,SGS,350290
9904974,193,6517,2009,,,0.402905,-0.810702,SGS,350290
9904975,193,6517,2010,,,1.2057209999999998,-0.560959,SGS,350290
9904976,193,6517,2011,,,1.576694,-0.29165,SGS,350290
9904977,193,6517,2012,,,1.397512,-0.576494,SGS,350290
9904978,193,6517,2013,,,1.546034,-0.626796,SGS,350290
9904979,193,6517,2014,,,1.081216,-0.787072,SGS,350290
9904980,193,6517,2015,,,1.469511,-0.7100390000000001,SGS,350290
9904981,193,6517,2016,,,0.258303,-0.880397,SGS,350290
9904982,193,6517,2017,,,-0.5412710000000001,-0.9102959999999999,SGS,350290
9904983,193,6517,2018,,,1.440776,-0.745492,SGS,350290
9904984,193,6517,2019,,,1.5469030000000001,-0.643552,SGS,350290
9904985,193,6517,2020,,,0.784489,-0.8282940000000001,SGS,350290
9904986,194,6517,1995,,,0.40997100000000003,-0.490967,SHN,350290
9904987,194,6517,1996,,,0.500915,-0.40995299999999996,SHN,350290
9904988,194,6517,1997,,,1.05749,-0.006716,SHN,350290
9904989,194,6517,1998,,,1.217565,0.012991999999999998,SHN,350290
9904990,194,6517,1999,,,1.401577,-0.029898,SHN,350290
9904991,194,6517,2000,,,1.385622,0.113301,SHN,350290
9904992,194,6517,2001,,,1.112486,-0.248761,SHN,350290
9904993,194,6517,2002,,,1.4834459999999998,0.014774,SHN,350290
9904994,194,6517,2003,,,0.9663959999999999,0.042493,SHN,350290
9904995,194,6517,2004,,,1.33404,0.133851,SHN,350290
9904996,194,6517,2005,,,1.225797,-0.014991999999999998,SHN,350290
9904997,194,6517,2006,,,1.281841,-0.043162,SHN,350290
9904998,194,6517,2007,,,1.208618,-0.183449,SHN,350290
9904999,194,6517,2008,,,0.810149,-0.452734,SHN,350290
9905000,194,6517,2009,0.0,3325.0,0.99651,-0.284003,SHN,350290
9905001,194,6517,2010,,,0.7653979999999999,-0.466484,SHN,350290
9905002,194,6517,2011,,,1.003319,-0.150035,SHN,350290
9905003,194,6517,2012,,,1.103221,-0.11403599999999998,SHN,350290
9905004,194,6517,2013,,,1.221748,-0.206857,SHN,350290
9905005,194,6517,2014,0.0,1170.0,1.125419,-0.183407,SHN,350290
9905006,194,6517,2015,0.0,1962.0,1.256851,-0.270048,SHN,350290
9905007,194,6517,2016,0.0,1462.0,1.4505700000000001,-0.313714,SHN,350290
9905008,194,6517,2017,0.0,2374.0,0.984775,-0.455862,SHN,350290
9905009,194,6517,2018,0.0,1717.0,0.8986370000000001,-0.544551,SHN,350290
9905010,194,6517,2019,0.0,1660.0,1.242378,-0.470654,SHN,350290
9905011,194,6517,2020,,,1.4857989999999999,-0.43997700000000006,SHN,350290
9905012,195,6517,1995,,,-1.711497,-0.879611,SLB,350290
9905013,195,6517,1996,,,-1.855104,-0.895618,SLB,350290
9905014,195,6517,1997,,,-2.247325,-0.982799,SLB,350290
9905015,195,6517,1998,,,-1.512541,-0.9275700000000001,SLB,350290
9905016,195,6517,1999,,,-1.9334959999999999,-0.9984879999999999,SLB,350290
9905017,195,6517,2000,,,-0.712501,-0.829672,SLB,350290
9905018,195,6517,2001,,,-0.325802,-0.726847,SLB,350290
9905019,195,6517,2002,,,-0.5305449999999999,-0.8186720000000001,SLB,350290
9905020,195,6517,2003,,,-1.342629,-0.900968,SLB,350290
9905021,195,6517,2004,,,-1.4911,-0.999592,SLB,350290
9905022,195,6517,2005,,,-1.5026950000000001,-0.9389040000000001,SLB,350290
9905023,195,6517,2006,,,-1.501072,-0.964304,SLB,350290
9905024,195,6517,2007,,,-1.144843,-0.956784,SLB,350290
9905025,195,6517,2008,,,-1.70333,-1.027817,SLB,350290
9905026,195,6517,2009,,,-1.9380110000000002,-1.06035,SLB,350290
9905027,195,6517,2010,,,-1.7710650000000001,-1.033138,SLB,350290
9905028,195,6517,2011,0.0,8817.0,-1.401353,-0.931205,SLB,350290
9905029,195,6517,2012,0.0,8752.0,-0.935467,-0.78338,SLB,350290
9905030,195,6517,2013,0.0,719.0,-0.9350860000000001,-0.877676,SLB,350290
9905031,195,6517,2014,0.0,594.0,-0.862089,-0.9075840000000001,SLB,350290
9905032,195,6517,2015,0.0,1261.0,-1.167451,-0.931206,SLB,350290
9905033,195,6517,2016,,,-0.740271,-0.881382,SLB,350290
9905034,195,6517,2017,0.0,842.0,-1.153846,-0.971255,SLB,350290
9905035,195,6517,2018,,,-1.246494,-0.998495,SLB,350290
9905036,195,6517,2019,,,-1.650959,-1.013001,SLB,350290
9905037,195,6517,2020,,,-1.774857,-1.015981,SLB,350290
9905038,196,6517,1995,,,-0.176843,-0.565979,SLE,350290
9905039,196,6517,1996,,,0.208166,-0.386648,SLE,350290
9905040,196,6517,1997,,,0.181753,-0.532284,SLE,350290
9905041,196,6517,1998,,,0.11786300000000001,-0.45481499999999997,SLE,350290
9905042,196,6517,1999,,,0.5850920000000001,-0.183443,SLE,350290
9905043,196,6517,2000,,,0.489854,-0.108102,SLE,350290
9905044,196,6517,2001,,,0.331949,0.186253,SLE,350290
9905045,196,6517,2002,,,0.397488,-0.027672000000000002,SLE,350290
9905046,196,6517,2003,,,0.129923,-0.19926300000000002,SLE,350290
9905047,196,6517,2004,,,0.48757399999999995,-0.0064659999999999995,SLE,350290
9905048,196,6517,2005,,,0.510613,-0.040744,SLE,350290
9905049,196,6517,2006,,,0.518163,-0.032742,SLE,350290
9905050,196,6517,2007,,,-0.021377,-0.31765,SLE,350290
9905051,196,6517,2008,,,0.086769,-0.22002800000000003,SLE,350290
9905052,196,6517,2009,,,0.06259400000000001,-0.273258,SLE,350290
9905053,196,6517,2010,,,-0.056713,-0.293668,SLE,350290
9905054,196,6517,2011,,,-0.35546500000000003,-0.46134899999999995,SLE,350290
9905055,196,6517,2012,,,-0.6198279999999999,-0.627216,SLE,350290
9905056,196,6517,2013,0.0,9489.0,-0.132082,-0.552921,SLE,350290
9905057,196,6517,2014,,,-0.9228569999999999,-0.791482,SLE,350290
9905058,196,6517,2015,0.0,8711.0,0.072324,-0.255235,SLE,350290
9905059,196,6517,2016,6373.0,402.0,-0.184021,-0.5023920000000001,SLE,350290
9905060,196,6517,2017,0.0,1197.0,-0.37777,-0.6353270000000001,SLE,350290
9905061,196,6517,2018,0.0,1363.0,-0.06932999999999999,-0.36035300000000003,SLE,350290
9905062,196,6517,2019,,,-0.402403,-0.639318,SLE,350290
9905063,196,6517,2020,0.0,5708.0,-0.122243,-0.5501010000000001,SLE,350290
9905064,197,6517,1995,0.0,26357.0,-0.17119600000000001,0.027889999999999998,SLV,350290
9905065,197,6517,1996,31886.0,10960.0,-0.24968800000000002,-0.121995,SLV,350290
9905066,197,6517,1997,10851.0,220216.0,-0.09174500000000001,-0.034391000000000005,SLV,350290
9905067,197,6517,1998,71705.0,5173.0,-0.202965,-0.000499,SLV,350290
9905068,197,6517,1999,17457.0,79597.0,-0.263572,-0.121576,SLV,350290
9905069,197,6517,2000,15618.0,69078.0,-0.265907,-0.141049,SLV,350290
9905070,197,6517,2001,2698.0,93011.0,-0.181554,-0.031294,SLV,350290
9905071,197,6517,2002,0.0,3926.0,-0.280138,-0.099225,SLV,350290
9905072,197,6517,2003,0.0,22831.0,-0.251357,-0.189917,SLV,350290
9905073,197,6517,2004,0.0,37815.0,-0.20529499999999998,0.1116,SLV,350290
9905074,197,6517,2005,0.0,28792.0,-0.279708,0.109346,SLV,350290
9905075,197,6517,2006,22481.0,133972.0,-0.135312,0.140874,SLV,350290
9905076,197,6517,2007,0.0,114910.0,-0.110573,0.184426,SLV,350290
9905077,197,6517,2008,0.0,58965.0,-0.028986,0.369501,SLV,350290
9905078,197,6517,2009,4601.0,82254.0,-0.19729100000000002,0.23434899999999997,SLV,350290
9905079,197,6517,2010,2817.0,28769.0,-0.101434,0.132639,SLV,350290
9905080,197,6517,2011,3230.0,29627.0,-0.09713200000000001,0.20772600000000002,SLV,350290
9905081,197,6517,2012,11738.0,107363.0,0.027747000000000004,0.19003399999999998,SLV,350290
9905082,197,6517,2013,9876.0,172178.0,-0.021029,0.381522,SLV,350290
9905083,197,6517,2014,0.0,177106.0,0.08653999999999999,0.29088600000000003,SLV,350290
9905084,197,6517,2015,50763.0,206635.0,0.05531900000000001,0.169073,SLV,350290
9905085,197,6517,2016,18408.0,86147.0,0.10397999999999999,0.25556599999999996,SLV,350290
9905086,197,6517,2017,0.0,36709.0,0.113639,0.23175199999999999,SLV,350290
9905087,197,6517,2018,0.0,8298.0,0.073928,0.22548600000000002,SLV,350290
9905088,197,6517,2019,0.0,317140.0,0.014037,0.23216599999999998,SLV,350290
9905089,197,6517,2020,1962.0,31329.0,-0.003327,0.18823399999999998,SLV,350290
9905090,198,6517,1995,,,,,SMR,350290
9905091,198,6517,1996,,,,,SMR,350290
9905092,198,6517,1997,,,,,SMR,350290
9905093,198,6517,1998,,,,,SMR,350290
9905094,198,6517,1999,,,,,SMR,350290
9905095,198,6517,2000,,,1.592363,0.189098,SMR,350290
9905096,198,6517,2001,,,1.40664,-0.034707999999999996,SMR,350290
9905097,198,6517,2002,,,1.389807,0.275878,SMR,350290
9905098,198,6517,2003,,,1.147666,0.167516,SMR,350290
9905099,198,6517,2004,,,1.547269,0.386809,SMR,350290
9905100,198,6517,2005,,,1.238703,0.24937600000000001,SMR,350290
9905101,198,6517,2006,,,1.3203340000000001,0.385184,SMR,350290
9905102,198,6517,2007,,,1.078776,0.36204899999999995,SMR,350290
9905103,198,6517,2008,,,1.40611,0.6159720000000001,SMR,350290
9905104,198,6517,2009,,,1.221869,0.351498,SMR,350290
9905105,198,6517,2010,,,1.0115299999999998,0.29852399999999996,SMR,350290
9905106,198,6517,2011,,,1.2974379999999999,0.6381760000000001,SMR,350290
9905107,198,6517,2012,0.0,32933.0,1.096372,0.608012,SMR,350290
9905108,198,6517,2013,,,1.108559,0.569782,SMR,350290
9905109,198,6517,2014,,,0.9675090000000001,0.582902,SMR,350290
9905110,198,6517,2015,0.0,11215.0,0.918452,0.559399,SMR,350290
9905111,198,6517,2016,0.0,7332.0,1.086646,0.58939,SMR,350290
9905112,198,6517,2017,0.0,26669.0,0.984548,0.6116199999999999,SMR,350290
9905113,198,6517,2018,0.0,41639.0,1.1064260000000001,0.566218,SMR,350290
9905114,198,6517,2019,0.0,37271.0,1.144691,0.7038989999999999,SMR,350290
9905115,198,6517,2020,0.0,21852.0,1.106732,0.578281,SMR,350290
9905116,199,6517,1995,,,-1.109082,-0.8426049999999999,SOM,350290
9905117,199,6517,1996,,,-1.622968,-0.912907,SOM,350290
9905118,199,6517,1997,,,-0.6645270000000001,-0.8022739999999999,SOM,350290
9905119,199,6517,1998,,,-0.684754,-0.836492,SOM,350290
9905120,199,6517,1999,,,-0.763865,-0.8889090000000001,SOM,350290
9905121,199,6517,2000,,,-0.521555,-0.8073229999999999,SOM,350290
9905122,199,6517,2001,,,-0.11677799999999999,-0.623455,SOM,350290
9905123,199,6517,2002,,,-0.055408000000000006,-0.5247470000000001,SOM,350290
9905124,199,6517,2003,,,-0.319096,-0.649003,SOM,350290
9905125,199,6517,2004,,,-0.255506,-0.6988260000000001,SOM,350290
9905126,199,6517,2005,,,-0.9431440000000001,-0.9065350000000001,SOM,350290
9905127,199,6517,2006,,,-0.8717010000000001,-0.8264969999999999,SOM,350290
9905128,199,6517,2007,,,0.19860799999999998,-0.45140399999999997,SOM,350290
9905129,199,6517,2008,0.0,82128.0,-0.594349,-0.8550979999999999,SOM,350290
9905130,199,6517,2009,,,-0.9824440000000001,-0.99467,SOM,350290
9905131,199,6517,2010,,,-1.6843569999999999,-1.064691,SOM,350290
9905132,199,6517,2011,0.0,3851.0,-1.509242,-0.8817309999999999,SOM,350290
9905133,199,6517,2012,,,-1.104662,-1.134201,SOM,350290
9905134,199,6517,2013,0.0,1021.0,-1.194368,-0.915163,SOM,350290
9905135,199,6517,2014,,,-1.41991,-1.010693,SOM,350290
9905136,199,6517,2015,,,-1.716689,-1.078134,SOM,350290
9905137,199,6517,2016,,,-1.429439,-1.006612,SOM,350290
9905138,199,6517,2017,,,-1.2313479999999999,-1.063879,SOM,350290
9905139,199,6517,2018,,,-1.4787370000000002,-1.050578,SOM,350290
9905140,199,6517,2019,,,-1.046802,-0.961166,SOM,350290
9905141,199,6517,2020,,,-1.26219,-1.0055180000000001,SOM,350290
9905142,200,6517,1995,,,0.430471,-0.47626,SPM,350290
9905143,200,6517,1996,,,-0.083964,-0.600418,SPM,350290
9905144,200,6517,1997,,,0.497191,-0.46033,SPM,350290
9905145,200,6517,1998,,,1.1440860000000002,-0.16153499999999998,SPM,350290
9905146,200,6517,1999,,,-0.093305,-0.743243,SPM,350290
9905147,200,6517,2000,,,-0.645166,-0.897775,SPM,350290
9905148,200,6517,2001,,,-0.32603699999999997,-0.917085,SPM,350290
9905149,200,6517,2002,,,-1.291565,-0.9258290000000001,SPM,350290
9905150,200,6517,2003,,,0.677331,-0.645223,SPM,350290
9905151,200,6517,2004,,,-0.29473499999999997,-0.8513,SPM,350290
9905152,200,6517,2005,,,-0.591713,-0.8518979999999999,SPM,350290
9905153,200,6517,2006,,,0.207474,-0.624729,SPM,350290
9905154,200,6517,2007,,,-0.995914,-0.91112,SPM,350290
9905155,200,6517,2008,,,-0.01135,-0.8057350000000001,SPM,350290
9905156,200,6517,2009,,,-0.476847,-0.902595,SPM,350290
9905157,200,6517,2010,,,-0.740992,-0.9825139999999999,SPM,350290
9905158,200,6517,2011,,,-1.120206,-1.030257,SPM,350290
9905159,200,6517,2012,,,-0.720507,-0.8856700000000001,SPM,350290
9905160,200,6517,2013,,,0.000466,-0.672524,SPM,350290
9905161,200,6517,2014,,,0.783898,-0.540244,SPM,350290
9905162,200,6517,2015,,,1.108603,-0.356745,SPM,350290
9905163,200,6517,2016,,,0.6510100000000001,-0.494381,SPM,350290
9905164,200,6517,2017,,,0.349463,-0.554142,SPM,350290
9905165,200,6517,2018,,,0.750329,-0.6562,SPM,350290
9905166,200,6517,2019,,,0.14380199999999999,-0.788161,SPM,350290
9905167,200,6517,2020,,,0.162968,-0.736591,SPM,350290
9905168,201,6517,1995,,,,,SRB,350290
9905169,201,6517,1996,,,,,SRB,350290
9905170,201,6517,1997,,,,,SRB,350290
9905171,201,6517,1998,,,,,SRB,350290
9905172,201,6517,1999,,,,,SRB,350290
9905173,201,6517,2000,,,,,SRB,350290
9905174,201,6517,2001,,,,,SRB,350290
9905175,201,6517,2002,,,,,SRB,350290
9905176,201,6517,2003,,,,,SRB,350290
9905177,201,6517,2004,,,,,SRB,350290
9905178,201,6517,2005,0.0,62487.0,0.627272,1.170525,SRB,350290
9905179,201,6517,2006,0.0,57330.0,0.547824,1.5588879999999998,SRB,350290
9905180,201,6517,2007,0.0,102640.0,0.579288,1.464123,SRB,350290
9905181,201,6517,2008,13192.0,179671.0,0.615147,1.484149,SRB,350290
9905182,201,6517,2009,0.0,51672.0,0.531766,1.477837,SRB,350290
9905183,201,6517,2010,0.0,99311.0,0.561161,1.33974,SRB,350290
9905184,201,6517,2011,0.0,146635.0,0.49055699999999997,1.5601399999999999,SRB,350290
9905185,201,6517,2012,0.0,519529.0,0.5927359999999999,1.507069,SRB,350290
9905186,201,6517,2013,0.0,389195.0,0.5717720000000001,1.174901,SRB,350290
9905187,201,6517,2014,3825.0,493530.0,0.551635,1.211535,SRB,350290
9905188,201,6517,2015,1047.0,539650.0,0.457042,1.324908,SRB,350290
9905189,201,6517,2016,9471.0,1032063.0,0.501676,1.0447520000000001,SRB,350290
9905190,201,6517,2017,47789.0,840388.0,0.541644,1.19872,SRB,350290
9905191,201,6517,2018,159486.0,1121467.0,0.607486,1.2139389999999999,SRB,350290
9905192,201,6517,2019,164892.0,556226.0,0.543913,1.210102,SRB,350290
9905193,201,6517,2020,161170.0,911435.0,0.5868399999999999,1.1187120000000002,SRB,350290
9905194,202,6517,1995,,,,,SSD,350290
9905195,202,6517,1996,,,,,SSD,350290
9905196,202,6517,1997,,,,,SSD,350290
9905197,202,6517,1998,,,,,SSD,350290
9905198,202,6517,1999,,,,,SSD,350290
9905199,202,6517,2000,,,,,SSD,350290
9905200,202,6517,2001,,,,,SSD,350290
9905201,202,6517,2002,,,,,SSD,350290
9905202,202,6517,2003,,,,,SSD,350290
9905203,202,6517,2004,,,,,SSD,350290
9905204,202,6517,2005,,,,,SSD,350290
9905205,202,6517,2006,,,,,SSD,350290
9905206,202,6517,2007,,,,,SSD,350290
9905207,202,6517,2008,,,,,SSD,350290
9905208,202,6517,2009,,,,,SSD,350290
9905209,202,6517,2010,,,,,SSD,350290
9905210,202,6517,2011,,,,,SSD,350290
9905211,202,6517,2012,,,-3.135253,-1.1242379999999998,SSD,350290
9905212,202,6517,2013,,,-2.57,-0.8567969999999999,SSD,350290
9905213,202,6517,2014,,,-2.824279,-0.8767969999999999,SSD,350290
9905214,202,6517,2015,,,-2.704381,-0.969411,SSD,350290
9905215,202,6517,2016,,,-1.841894,-1.024367,SSD,350290
9905216,202,6517,2017,,,-2.23581,-0.962008,SSD,350290
9905217,202,6517,2018,,,-2.431595,-1.0499290000000001,SSD,350290
9905218,202,6517,2019,,,-1.8098990000000001,-1.0067979999999999,SSD,350290
9905219,202,6517,2020,,,-1.948366,-0.9899879999999999,SSD,350290
9905220,203,6517,1995,,,0.449305,-0.360527,STP,350290
9905221,203,6517,1996,,,0.728959,-0.374555,STP,350290
9905222,203,6517,1997,0.0,1153.0,0.747713,-0.46550699999999995,STP,350290
9905223,203,6517,1998,,,0.7375470000000001,-0.333401,STP,350290
9905224,203,6517,1999,,,1.1602629999999998,-0.232077,STP,350290
9905225,203,6517,2000,,,0.45126099999999997,-0.42898800000000004,STP,350290
9905226,203,6517,2001,,,0.777231,-0.484709,STP,350290
9905227,203,6517,2002,,,0.47539499999999996,-0.297348,STP,350290
9905228,203,6517,2003,,,1.046084,-0.183027,STP,350290
9905229,203,6517,2004,,,0.7482850000000001,-0.14005499999999999,STP,350290
9905230,203,6517,2005,,,0.966426,-0.156933,STP,350290
9905231,203,6517,2006,,,0.805511,-0.19645,STP,350290
9905232,203,6517,2007,,,0.739933,-0.19098199999999999,STP,350290
9905233,203,6517,2008,,,0.264059,-0.639443,STP,350290
9905234,203,6517,2009,,,0.370989,-0.518133,STP,350290
9905235,203,6517,2010,,,0.676596,-0.145275,STP,350290
9905236,203,6517,2011,,,0.583847,-0.193211,STP,350290
9905237,203,6517,2012,,,0.5816819999999999,-0.251404,STP,350290
9905238,203,6517,2013,,,0.8999219999999999,-0.101662,STP,350290
9905239,203,6517,2014,,,1.172431,-0.024141,STP,350290
9905240,203,6517,2015,,,1.051934,-0.304408,STP,350290
9905241,203,6517,2016,,,0.27849,-0.670342,STP,350290
9905242,203,6517,2017,,,0.531107,-0.43282200000000004,STP,350290
9905243,203,6517,2018,,,1.426999,-0.039189999999999996,STP,350290
9905244,203,6517,2019,,,0.8287889999999999,-0.345114,STP,350290
9905245,203,6517,2020,,,0.327507,-0.46483,STP,350290
9905246,204,6517,1995,,,,,SUN,350290
9905247,204,6517,1996,,,,,SUN,350290
9905248,204,6517,1997,,,,,SUN,350290
9905249,204,6517,1998,,,,,SUN,350290
9905250,204,6517,1999,,,,,SUN,350290
9905251,204,6517,2000,,,,,SUN,350290
9905252,204,6517,2001,,,,,SUN,350290
9905253,204,6517,2002,,,,,SUN,350290
9905254,204,6517,2003,,,,,SUN,350290
9905255,204,6517,2004,,,,,SUN,350290
9905256,204,6517,2005,,,,,SUN,350290
9905257,204,6517,2006,,,,,SUN,350290
9905258,204,6517,2007,,,,,SUN,350290
9905259,204,6517,2008,,,,,SUN,350290
9905260,204,6517,2009,,,,,SUN,350290
9905261,204,6517,2010,,,,,SUN,350290
9905262,204,6517,2011,,,,,SUN,350290
9905263,204,6517,2012,,,,,SUN,350290
9905264,204,6517,2013,,,,,SUN,350290
9905265,204,6517,2014,,,,,SUN,350290
9905266,204,6517,2015,,,,,SUN,350290
9905267,204,6517,2016,,,,,SUN,350290
9905268,204,6517,2017,,,,,SUN,350290
9905269,204,6517,2018,,,,,SUN,350290
9905270,204,6517,2019,,,,,SUN,350290
9905271,204,6517,2020,,,,,SUN,350290
9905272,205,6517,1995,,,-0.75729,-0.8253459999999999,SUR,350290
9905273,205,6517,1996,,,-0.93463,-0.797197,SUR,350290
9905274,205,6517,1997,,,-0.806946,-0.83919,SUR,350290
9905275,205,6517,1998,,,-0.9914540000000001,-0.893913,SUR,350290
9905276,205,6517,1999,,,-0.799447,-0.85055,SUR,350290
9905277,205,6517,2000,,,-0.623625,-0.793325,SUR,350290
9905278,205,6517,2001,,,-0.650556,-0.801128,SUR,350290
9905279,205,6517,2002,,,-0.9120030000000001,-0.8871020000000001,SUR,350290
9905280,205,6517,2003,,,-0.896925,-0.88623,SUR,350290
9905281,205,6517,2004,0.0,2325.0,-0.991433,-0.926657,SUR,350290
9905282,205,6517,2005,,,-0.571864,-0.851351,SUR,350290
9905283,205,6517,2006,,,-0.754046,-0.872361,SUR,350290
9905284,205,6517,2007,,,-0.8506440000000001,-0.8898959999999999,SUR,350290
9905285,205,6517,2008,,,-0.766178,-0.8888,SUR,350290
9905286,205,6517,2009,,,-0.580507,-1.072833,SUR,350290
9905287,205,6517,2010,,,-0.5734560000000001,-0.936167,SUR,350290
9905288,205,6517,2011,,,-0.504897,-0.835426,SUR,350290
9905289,205,6517,2012,,,-0.45644300000000004,-0.783343,SUR,350290
9905290,205,6517,2013,,,-0.417865,-0.7600399999999999,SUR,350290
9905291,205,6517,2014,,,-0.6333989999999999,-0.857643,SUR,350290
9905292,205,6517,2015,,,-0.570361,-1.005072,SUR,350290
9905293,205,6517,2016,,,-0.7823869999999999,-1.060347,SUR,350290
9905294,205,6517,2017,,,-0.596432,-1.0249700000000002,SUR,350290
9905295,205,6517,2018,,,-0.798074,-1.023046,SUR,350290
9905296,205,6517,2019,0.0,2719.0,-0.369004,-1.017133,SUR,350290
9905297,205,6517,2020,,,-0.272244,-0.937541,SUR,350290
9905298,206,6517,1995,0.0,19613.0,1.2249780000000001,1.405585,SVK,350290
9905299,206,6517,1996,4512.0,3758.0,1.189398,1.29167,SVK,350290
9905300,206,6517,1997,931.0,13683.0,1.200699,1.318346,SVK,350290
9905301,206,6517,1998,0.0,11178.0,1.202453,1.228204,SVK,350290
9905302,206,6517,1999,0.0,13407.0,1.133942,1.105742,SVK,350290
9905303,206,6517,2000,0.0,29424.0,1.228151,1.112002,SVK,350290
9905304,206,6517,2001,0.0,22543.0,1.1732770000000001,1.088576,SVK,350290
9905305,206,6517,2002,0.0,49177.0,1.1907379999999999,1.050649,SVK,350290
9905306,206,6517,2003,2684.0,149860.0,1.22565,0.915518,SVK,350290
9905307,206,6517,2004,2568.0,95529.0,1.2375120000000002,0.8777889999999999,SVK,350290
9905308,206,6517,2005,16345.0,91802.0,1.250608,0.9054639999999999,SVK,350290
9905309,206,6517,2006,0.0,477020.0,1.291583,0.868317,SVK,350290
9905310,206,6517,2007,10864.0,1787197.0,1.358301,0.79655,SVK,350290
9905311,206,6517,2008,0.0,392243.0,1.3402040000000002,0.8038770000000001,SVK,350290
9905312,206,6517,2009,166441.0,1110508.0,1.231382,0.820968,SVK,350290
9905313,206,6517,2010,6779.0,283958.0,1.278601,0.726907,SVK,350290
9905314,206,6517,2011,347973.0,2712963.0,1.262897,0.8230569999999999,SVK,350290
9905315,206,6517,2012,768131.0,1968877.0,1.26088,0.7704770000000001,SVK,350290
9905316,206,6517,2013,24114.0,851095.0,1.32064,0.7519819999999999,SVK,350290
9905317,206,6517,2014,4270.0,1218377.0,1.334959,0.821253,SVK,350290
9905318,206,6517,2015,508583.0,1270194.0,1.287133,0.7900560000000001,SVK,350290
9905319,206,6517,2016,1921676.0,1746481.0,1.273942,0.763966,SVK,350290
9905320,206,6517,2017,5043193.0,2500675.0,1.279606,0.85503,SVK,350290
9905321,206,6517,2018,3413833.0,3860814.0,1.3270979999999999,0.877684,SVK,350290
9905322,206,6517,2019,3895325.0,2827282.0,1.39311,0.743107,SVK,350290
9905323,206,6517,2020,2932501.0,2556395.0,1.338026,0.825268,SVK,350290
9905324,207,6517,1995,0.0,25410.0,1.424606,1.490521,SVN,350290
9905325,207,6517,1996,0.0,27548.0,1.409184,1.37245,SVN,350290
9905326,207,6517,1997,1666.0,31332.0,1.435765,1.348897,SVN,350290
9905327,207,6517,1998,4708.0,28299.0,1.442955,1.27214,SVN,350290
9905328,207,6517,1999,0.0,11298.0,1.447589,1.284414,SVN,350290
9905329,207,6517,2000,0.0,21288.0,1.493533,1.142239,SVN,350290
9905330,207,6517,2001,9094.0,177415.0,1.5074370000000001,1.1370040000000001,SVN,350290
9905331,207,6517,2002,0.0,13668.0,1.5643770000000001,1.043862,SVN,350290
9905332,207,6517,2003,0.0,14163.0,1.6459840000000001,1.014191,SVN,350290
9905333,207,6517,2004,0.0,19576.0,1.628643,1.02381,SVN,350290
9905334,207,6517,2005,0.0,78549.0,1.583591,0.9321229999999999,SVN,350290
9905335,207,6517,2006,0.0,63626.0,1.5882370000000001,0.800719,SVN,350290
9905336,207,6517,2007,0.0,137040.0,1.605767,0.692926,SVN,350290
9905337,207,6517,2008,0.0,152218.0,1.5099209999999998,0.683663,SVN,350290
9905338,207,6517,2009,0.0,135215.0,1.548036,0.730396,SVN,350290
9905339,207,6517,2010,0.0,210516.0,1.595473,0.7023020000000001,SVN,350290
9905340,207,6517,2011,2596.0,218452.0,1.642913,0.700222,SVN,350290
9905341,207,6517,2012,18547.0,271125.0,1.548381,0.699002,SVN,350290
9905342,207,6517,2013,123547.0,476781.0,1.698374,0.563082,SVN,350290
9905343,207,6517,2014,77271.0,506485.0,1.6558669999999998,0.6814399999999999,SVN,350290
9905344,207,6517,2015,6596.0,610263.0,1.6089879999999999,0.833616,SVN,350290
9905345,207,6517,2016,33176.0,526548.0,1.6466720000000001,0.8247680000000001,SVN,350290
9905346,207,6517,2017,56961.0,800333.0,1.600319,0.854305,SVN,350290
9905347,207,6517,2018,23426.0,517510.0,1.67428,0.7703800000000001,SVN,350290
9905348,207,6517,2019,17272.0,921467.0,1.63711,0.803198,SVN,350290
9905349,207,6517,2020,33642.0,354335.0,1.570699,0.8442459999999999,SVN,350290
9905350,208,6517,1995,379376.0,249617.0,2.246997,1.060171,SWE,350290
9905351,208,6517,1996,98204.0,191296.0,2.133781,0.9099889999999999,SWE,350290
9905352,208,6517,1997,424692.0,328721.0,2.120182,0.993078,SWE,350290
9905353,208,6517,1998,59483.0,311138.0,2.134076,0.9259729999999999,SWE,350290
9905354,208,6517,1999,115595.0,515994.0,2.1456720000000002,0.856556,SWE,350290
9905355,208,6517,2000,285092.0,514177.0,2.168823,0.839417,SWE,350290
9905356,208,6517,2001,111583.0,747410.0,2.156845,0.784439,SWE,350290
9905357,208,6517,2002,153583.0,1150474.0,2.128614,0.7891199999999999,SWE,350290
9905358,208,6517,2003,1056741.0,1257561.0,2.099224,0.799982,SWE,350290
9905359,208,6517,2004,301692.0,2161606.0,2.0522080000000003,0.8326969999999999,SWE,350290
9905360,208,6517,2005,275377.0,1740076.0,1.902796,0.84031,SWE,350290
9905361,208,6517,2006,552770.0,2315799.0,1.902737,0.593294,SWE,350290
9905362,208,6517,2007,680643.0,4604730.0,1.927244,0.498241,SWE,350290
9905363,208,6517,2008,582319.0,4874861.0,1.866575,0.44342700000000007,SWE,350290
9905364,208,6517,2009,604450.0,5005390.0,1.877821,0.336565,SWE,350290
9905365,208,6517,2010,437398.0,6409002.0,1.882239,0.397927,SWE,350290
9905366,208,6517,2011,447726.0,10294317.0,1.857146,0.366159,SWE,350290
9905367,208,6517,2012,2472274.0,8299596.0,1.78062,0.269041,SWE,350290
9905368,208,6517,2013,3402913.0,11859887.0,1.869421,0.228109,SWE,350290
9905369,208,6517,2014,2389676.0,13111301.0,1.817752,0.558474,SWE,350290
9905370,208,6517,2015,1035576.0,8677129.0,1.8068349999999997,0.693389,SWE,350290
9905371,208,6517,2016,355647.0,7486360.0,1.785149,0.767444,SWE,350290
9905372,208,6517,2017,419991.0,8246527.0,1.764732,0.732646,SWE,350290
9905373,208,6517,2018,425813.0,6920683.0,1.76361,0.766904,SWE,350290
9905374,208,6517,2019,886895.0,7711740.0,1.781148,0.742037,SWE,350290
9905375,208,6517,2020,1537788.0,8455163.0,1.6911310000000002,0.791586,SWE,350290
9905376,209,6517,1995,,,,,SWZ,350290
9905377,209,6517,1996,,,,,SWZ,350290
9905378,209,6517,1997,,,,,SWZ,350290
9905379,209,6517,1998,,,,,SWZ,350290
9905380,209,6517,1999,,,,,SWZ,350290
9905381,209,6517,2000,0.0,2234.0,0.48578000000000005,-0.200928,SWZ,350290
9905382,209,6517,2001,0.0,1097.0,0.372699,-0.287132,SWZ,350290
9905383,209,6517,2002,0.0,110334.0,0.49801599999999996,-0.139709,SWZ,350290
9905384,209,6517,2003,0.0,8722.0,0.399541,-0.23342600000000002,SWZ,350290
9905385,209,6517,2004,0.0,25192.0,0.397488,-0.264855,SWZ,350290
9905386,209,6517,2005,0.0,1324.0,0.632886,-0.045288,SWZ,350290
9905387,209,6517,2006,,,0.750674,0.221306,SWZ,350290
9905388,209,6517,2007,0.0,3512.0,0.9562299999999999,0.053538,SWZ,350290
9905389,209,6517,2008,0.0,115008.0,0.761506,0.29043,SWZ,350290
9905390,209,6517,2009,0.0,393151.0,0.6420859999999999,0.060127999999999994,SWZ,350290
9905391,209,6517,2010,49330.0,26949.0,0.186142,-0.34577800000000003,SWZ,350290
9905392,209,6517,2011,1229801.0,7550.0,0.169986,-0.078842,SWZ,350290
9905393,209,6517,2012,36647.0,195189.0,0.199997,-0.383511,SWZ,350290
9905394,209,6517,2013,94060.0,265993.0,0.109267,-0.275005,SWZ,350290
9905395,209,6517,2014,184508.0,991834.0,0.22972199999999998,-0.365564,SWZ,350290
9905396,209,6517,2015,1001939.0,581194.0,0.257467,-0.402491,SWZ,350290
9905397,209,6517,2016,1254851.0,1363102.0,0.2785,-0.43804799999999994,SWZ,350290
9905398,209,6517,2017,761673.0,210604.0,0.126066,-0.551203,SWZ,350290
9905399,209,6517,2018,1280527.0,277355.0,-0.008154999999999999,-0.6079319999999999,SWZ,350290
9905400,209,6517,2019,1570322.0,1157834.0,0.087181,-0.760434,SWZ,350290
9905401,209,6517,2020,2172603.0,689239.0,0.289013,-0.556212,SWZ,350290
9905402,210,6517,1995,,,,,SXM,350290
9905403,210,6517,1996,,,,,SXM,350290
9905404,210,6517,1997,,,,,SXM,350290
9905405,210,6517,1998,,,,,SXM,350290
9905406,210,6517,1999,,,,,SXM,350290
9905407,210,6517,2000,,,,,SXM,350290
9905408,210,6517,2001,,,,,SXM,350290
9905409,210,6517,2002,,,,,SXM,350290
9905410,210,6517,2003,,,,,SXM,350290
9905411,210,6517,2004,,,,,SXM,350290
9905412,210,6517,2005,,,,,SXM,350290
9905413,210,6517,2006,,,,,SXM,350290
9905414,210,6517,2007,,,,,SXM,350290
9905415,210,6517,2008,,,,,SXM,350290
9905416,210,6517,2009,,,,,SXM,350290
9905417,210,6517,2010,,,,,SXM,350290
9905418,210,6517,2011,,,0.5770390000000001,-0.581371,SXM,350290
9905419,210,6517,2012,,,0.659824,-0.7646430000000001,SXM,350290
9905420,210,6517,2013,,,0.5512090000000001,-0.22818400000000003,SXM,350290
9905421,210,6517,2014,,,0.6489020000000001,-0.646605,SXM,350290
9905422,210,6517,2015,,,0.945973,-0.7548229999999999,SXM,350290
9905423,210,6517,2016,0.0,6861.0,1.005781,-0.871658,SXM,350290
9905424,210,6517,2017,,,0.892698,-0.795854,SXM,350290
9905425,210,6517,2018,,,1.115443,-0.661118,SXM,350290
9905426,210,6517,2019,,,0.8903719999999999,0.116156,SXM,350290
9905427,210,6517,2020,,,1.04788,-0.671874,SXM,350290
9905428,211,6517,1995,,,-0.103343,-0.57371,SYC,350290
9905429,211,6517,1996,1355.0,0.0,0.239125,-0.458433,SYC,350290
9905430,211,6517,1997,,,-0.19443,-0.768889,SYC,350290
9905431,211,6517,1998,,,0.265625,-0.590012,SYC,350290
9905432,211,6517,1999,,,0.11940999999999999,-0.7071270000000001,SYC,350290
9905433,211,6517,2000,,,-0.310244,-0.8293209999999999,SYC,350290
9905434,211,6517,2001,,,0.065059,-0.7806489999999999,SYC,350290
9905435,211,6517,2002,,,-0.977247,-0.927527,SYC,350290
9905436,211,6517,2003,,,-0.44341099999999994,-0.742566,SYC,350290
9905437,211,6517,2004,,,-0.12954100000000002,-0.713507,SYC,350290
9905438,211,6517,2005,0.0,4718.0,0.153199,-0.662357,SYC,350290
9905439,211,6517,2006,,,-0.344619,-0.796139,SYC,350290
9905440,211,6517,2007,,,-0.644497,-0.8748520000000001,SYC,350290
9905441,211,6517,2008,,,0.29189699999999996,-0.47472600000000004,SYC,350290
9905442,211,6517,2009,,,-0.16046400000000002,-0.81512,SYC,350290
9905443,211,6517,2010,,,-0.075668,-0.549686,SYC,350290
9905444,211,6517,2011,,,0.287017,-0.5136850000000001,SYC,350290
9905445,211,6517,2012,,,0.034894999999999995,-0.497121,SYC,350290
9905446,211,6517,2013,0.0,3928.0,0.270999,-0.474095,SYC,350290
9905447,211,6517,2014,,,0.358111,-0.484879,SYC,350290
9905448,211,6517,2015,,,1.017467,-0.285569,SYC,350290
9905449,211,6517,2016,0.0,2236.0,0.441241,-0.580767,SYC,350290
9905450,211,6517,2017,0.0,3160.0,0.41946000000000006,-0.523274,SYC,350290
9905451,211,6517,2018,0.0,932.0,0.187352,-0.693013,SYC,350290
9905452,211,6517,2019,,,0.024113,-0.711363,SYC,350290
9905453,211,6517,2020,,,0.185747,-0.695441,SYC,350290
9905454,212,6517,1995,,,-0.8829469999999999,-0.809407,SYR,350290
9905455,212,6517,1996,,,-1.100666,-0.90038,SYR,350290
9905456,212,6517,1997,,,-1.046433,-0.9678620000000001,SYR,350290
9905457,212,6517,1998,0.0,1063.0,-0.807312,-0.626358,SYR,350290
9905458,212,6517,1999,,,-0.996784,-0.6344069999999999,SYR,350290
9905459,212,6517,2000,,,-1.1566969999999999,-0.783626,SYR,350290
9905460,212,6517,2001,0.0,2924.0,-1.057217,-0.716331,SYR,350290
9905461,212,6517,2002,,,-1.067974,-0.513309,SYR,350290
9905462,212,6517,2003,0.0,939.0,-0.868749,-0.326322,SYR,350290
9905463,212,6517,2004,0.0,842.0,-0.568707,-0.034736,SYR,350290
9905464,212,6517,2005,,,-0.677037,0.107451,SYR,350290
9905465,212,6517,2006,,,-0.588695,0.532487,SYR,350290
9905466,212,6517,2007,0.0,45814.0,-0.46851899999999996,0.553396,SYR,350290
9905467,212,6517,2008,0.0,1380.0,-0.365789,0.877383,SYR,350290
9905468,212,6517,2009,,,-0.48481199999999997,1.464509,SYR,350290
9905469,212,6517,2010,21816.0,86336.0,-0.46833800000000003,1.11952,SYR,350290
9905470,212,6517,2011,,,-0.604133,0.5268970000000001,SYR,350290
9905471,212,6517,2012,,,-0.11197,1.916262,SYR,350290
9905472,212,6517,2013,,,-0.14343399999999998,1.077256,SYR,350290
9905473,212,6517,2014,,,-0.366224,0.9054719999999999,SYR,350290
9905474,212,6517,2015,,,-0.603532,0.313216,SYR,350290
9905475,212,6517,2016,0.0,115412.0,-0.746222,0.179918,SYR,350290
9905476,212,6517,2017,0.0,59473.0,-0.660905,0.345462,SYR,350290
9905477,212,6517,2018,0.0,953690.0,-0.6836760000000001,0.554563,SYR,350290
9905478,212,6517,2019,,,-0.67825,0.385416,SYR,350290
9905479,212,6517,2020,0.0,59277.0,-0.579237,0.391392,SYR,350290
9905480,213,6517,1995,,,-0.23597100000000001,-0.665011,TCA,350290
9905481,213,6517,1996,,,-0.371632,-0.7145560000000001,TCA,350290
9905482,213,6517,1997,,,0.133095,-0.558163,TCA,350290
9905483,213,6517,1998,,,0.814749,-0.119999,TCA,350290
9905484,213,6517,1999,0.0,1034.0,0.562234,-0.121843,TCA,350290
9905485,213,6517,2000,,,0.8450059999999999,-0.064875,TCA,350290
9905486,213,6517,2001,0.0,1529.0,0.433253,-0.23213000000000003,TCA,350290
9905487,213,6517,2002,0.0,1012.0,0.823909,0.075611,TCA,350290
9905488,213,6517,2003,,,0.306975,-0.288514,TCA,350290
9905489,213,6517,2004,0.0,1037.0,0.51858,-0.030114,TCA,350290
9905490,213,6517,2005,,,0.11690199999999999,-0.47542399999999996,TCA,350290
9905491,213,6517,2006,,,0.43692700000000007,-0.135696,TCA,350290
9905492,213,6517,2007,,,0.847607,-0.055827999999999996,TCA,350290
9905493,213,6517,2008,,,0.952044,0.23326100000000002,TCA,350290
9905494,213,6517,2009,,,0.660828,-0.24060700000000002,TCA,350290
9905495,213,6517,2010,,,0.86575,0.044395,TCA,350290
9905496,213,6517,2011,,,0.610742,0.11455599999999999,TCA,350290
9905497,213,6517,2012,0.0,2934.0,0.0036270000000000004,-0.6585,TCA,350290
9905498,213,6517,2013,,,0.41053199999999995,-0.007201999999999999,TCA,350290
9905499,213,6517,2014,,,0.474182,-0.198892,TCA,350290
9905500,213,6517,2015,0.0,2528.0,0.27341,-0.5579649999999999,TCA,350290
9905501,213,6517,2016,0.0,2525.0,0.603232,-0.32155900000000004,TCA,350290
9905502,213,6517,2017,0.0,63485.0,0.897017,0.219298,TCA,350290
9905503,213,6517,2018,,,0.915309,-0.1886,TCA,350290
9905504,213,6517,2019,,,0.729377,-0.28097300000000003,TCA,350290
9905505,213,6517,2020,,,0.820773,-0.246383,TCA,350290
9905506,214,6517,1995,,,-0.6866180000000001,-0.752698,TCD,350290
9905507,214,6517,1996,,,-0.8289059999999999,-0.688122,TCD,350290
9905508,214,6517,1997,,,-0.297833,-0.76769,TCD,350290
9905509,214,6517,1998,,,-1.779351,-0.915178,TCD,350290
9905510,214,6517,1999,,,-0.449592,-0.828462,TCD,350290
9905511,214,6517,2000,,,-0.708272,-0.872301,TCD,350290
9905512,214,6517,2001,,,-0.655004,-0.872215,TCD,350290
9905513,214,6517,2002,,,0.160853,-0.672233,TCD,350290
9905514,214,6517,2003,,,-0.263238,-0.6801189999999999,TCD,350290
9905515,214,6517,2004,,,-0.8921290000000001,-0.881603,TCD,350290
9905516,214,6517,2005,,,-1.927016,-0.876934,TCD,350290
9905517,214,6517,2006,,,-3.0579419999999997,-0.8926649999999999,TCD,350290
9905518,214,6517,2007,,,-2.544742,-0.928218,TCD,350290
9905519,214,6517,2008,,,-2.837417,-0.927269,TCD,350290
9905520,214,6517,2009,,,-1.294648,-0.9645020000000001,TCD,350290
9905521,214,6517,2010,,,0.035565,-0.759857,TCD,350290
9905522,214,6517,2011,,,-2.368546,-0.814948,TCD,350290
9905523,214,6517,2012,,,-2.067077,-0.987223,TCD,350290
9905524,214,6517,2013,,,-2.800677,-0.9466969999999999,TCD,350290
9905525,214,6517,2014,,,-2.012048,-0.921558,TCD,350290
9905526,214,6517,2015,,,-1.543675,-0.9703860000000001,TCD,350290
9905527,214,6517,2016,,,-2.7867189999999997,-1.035452,TCD,350290
9905528,214,6517,2017,,,-2.263503,-1.00147,TCD,350290
9905529,214,6517,2018,,,-1.845707,-1.032018,TCD,350290
9905530,214,6517,2019,,,-2.636669,-1.033665,TCD,350290
9905531,214,6517,2020,,,-2.862755,-1.0123090000000001,TCD,350290
9905532,215,6517,1995,,,-0.962727,-0.873151,TGO,350290
9905533,215,6517,1996,,,-0.9070459999999999,-0.7702399999999999,TGO,350290
9905534,215,6517,1997,,,-0.974678,-0.8150350000000001,TGO,350290
9905535,215,6517,1998,,,-0.8338540000000001,-0.8437020000000001,TGO,350290
9905536,215,6517,1999,,,-0.583782,-0.6632279999999999,TGO,350290
9905537,215,6517,2000,,,-0.799952,-0.63056,TGO,350290
9905538,215,6517,2001,,,-0.758725,-0.577004,TGO,350290
9905539,215,6517,2002,,,-0.6810039999999999,-0.6286930000000001,TGO,350290
9905540,215,6517,2003,,,-0.5058590000000001,-0.520586,TGO,350290
9905541,215,6517,2004,0.0,9111.0,-0.6788270000000001,-0.482984,TGO,350290
9905542,215,6517,2005,,,-0.745209,-0.455725,TGO,350290
9905543,215,6517,2006,,,-0.8304020000000001,-0.678178,TGO,350290
9905544,215,6517,2007,0.0,17651.0,-0.78689,-0.806879,TGO,350290
9905545,215,6517,2008,,,-0.5025689999999999,-0.747621,TGO,350290
9905546,215,6517,2009,0.0,1707.0,-0.561619,-0.759929,TGO,350290
9905547,215,6517,2010,,,-0.943559,-0.884336,TGO,350290
9905548,215,6517,2011,,,-0.9156030000000001,-0.884099,TGO,350290
9905549,215,6517,2012,,,-0.50449,-0.604672,TGO,350290
9905550,215,6517,2013,,,-0.598413,-0.49295200000000006,TGO,350290
9905551,215,6517,2014,,,-0.524103,-0.537643,TGO,350290
9905552,215,6517,2015,,,-0.66925,-0.873554,TGO,350290
9905553,215,6517,2016,,,-0.751382,-0.7411310000000001,TGO,350290
9905554,215,6517,2017,,,-0.8957450000000001,-0.891191,TGO,350290
9905555,215,6517,2018,,,-0.685084,-0.773437,TGO,350290
9905556,215,6517,2019,0.0,2282.0,-0.823204,-0.819535,TGO,350290
9905557,215,6517,2020,5318.0,0.0,-0.719535,-0.746202,TGO,350290
9905558,216,6517,1995,5411.0,66829.0,0.174522,1.608058,THA,350290
9905559,216,6517,1996,722.0,347369.0,0.10120599999999999,1.351967,THA,350290
9905560,216,6517,1997,226368.0,129998.0,0.084875,1.41931,THA,350290
9905561,216,6517,1998,148120.0,15460.0,0.128633,1.484142,THA,350290
9905562,216,6517,1999,55838.0,79877.0,0.20451,1.513533,THA,350290
9905563,216,6517,2000,26806.0,139069.0,0.301195,1.577338,THA,350290
9905564,216,6517,2001,0.0,228056.0,0.37555900000000003,1.498267,THA,350290
9905565,216,6517,2002,1984.0,275547.0,0.432041,1.627953,THA,350290
9905566,216,6517,2003,6903.0,545747.0,0.43010699999999996,1.607408,THA,350290
9905567,216,6517,2004,43778.0,544841.0,0.5150359999999999,1.583019,THA,350290
9905568,216,6517,2005,0.0,512727.0,0.552846,1.664665,THA,350290
9905569,216,6517,2006,0.0,1429508.0,0.568209,1.685343,THA,350290
9905570,216,6517,2007,19944.0,4632246.0,0.711328,1.411114,THA,350290
9905571,216,6517,2008,22879.0,1155415.0,0.7531399999999999,1.4420620000000002,THA,350290
9905572,216,6517,2009,6749.0,315906.0,0.79692,1.315501,THA,350290
9905573,216,6517,2010,168879.0,725120.0,0.748328,1.425224,THA,350290
9905574,216,6517,2011,124744.0,680636.0,0.889009,1.503118,THA,350290
9905575,216,6517,2012,7551.0,1756952.0,0.910957,1.294243,THA,350290
9905576,216,6517,2013,32116.0,1284226.0,0.8752139999999999,1.3798620000000001,THA,350290
9905577,216,6517,2014,7959.0,1503555.0,0.977094,1.41283,THA,350290
9905578,216,6517,2015,63190.0,1833163.0,0.965888,1.368572,THA,350290
9905579,216,6517,2016,15597.0,2612971.0,1.022065,1.428082,THA,350290
9905580,216,6517,2017,105095.0,2604311.0,0.983977,1.3926020000000001,THA,350290
9905581,216,6517,2018,252169.0,2388204.0,1.053177,1.4084969999999999,THA,350290
9905582,216,6517,2019,35789.0,5459941.0,0.9744229999999999,1.401199,THA,350290
9905583,216,6517,2020,56608.0,6701191.0,1.035524,1.2777180000000001,THA,350290
9905584,217,6517,1995,,,0.0068189999999999995,-0.7594350000000001,TJK,350290
9905585,217,6517,1996,,,-0.035623,-0.723275,TJK,350290
9905586,217,6517,1997,,,-0.350646,-0.835419,TJK,350290
9905587,217,6517,1998,,,-0.577873,-0.9368139999999999,TJK,350290
9905588,217,6517,1999,,,-0.752378,-1.0268389999999998,TJK,350290
9905589,217,6517,2000,,,-0.7225600000000001,-1.036219,TJK,350290
9905590,217,6517,2001,,,-0.833482,-1.062054,TJK,350290
9905591,217,6517,2002,,,-0.798754,-1.025902,TJK,350290
9905592,217,6517,2003,,,-0.6187520000000001,-1.0438969999999999,TJK,350290
9905593,217,6517,2004,,,-0.608564,-1.021599,TJK,350290
9905594,217,6517,2005,,,-0.725111,-1.049776,TJK,350290
9905595,217,6517,2006,,,-1.071326,-1.158325,TJK,350290
9905596,217,6517,2007,,,-1.0092379999999999,-1.185964,TJK,350290
9905597,217,6517,2008,,,-0.8988010000000001,-1.126157,TJK,350290
9905598,217,6517,2009,,,-1.0237319999999999,-1.1837950000000002,TJK,350290
9905599,217,6517,2010,,,-1.054317,-1.074198,TJK,350290
9905600,217,6517,2011,,,-0.975877,-1.021684,TJK,350290
9905601,217,6517,2012,,,-1.384684,-1.208425,TJK,350290
9905602,217,6517,2013,,,-1.2512889999999999,-1.16402,TJK,350290
9905603,217,6517,2014,,,-0.706823,-0.993756,TJK,350290
9905604,217,6517,2015,,,-1.134216,-1.174245,TJK,350290
9905605,217,6517,2016,1509.0,0.0,-1.0791549999999999,-1.137941,TJK,350290
9905606,217,6517,2017,,,-0.938366,-1.092714,TJK,350290
9905607,217,6517,2018,,,-0.757793,-1.0641209999999999,TJK,350290
9905608,217,6517,2019,,,-0.7940020000000001,-1.075605,TJK,350290
9905609,217,6517,2020,,,-0.73744,-1.0706950000000002,TJK,350290
9905610,218,6517,1995,,,0.677934,-0.432701,TKL,350290
9905611,218,6517,1996,,,0.53157,-0.311626,TKL,350290
9905612,218,6517,1997,,,0.122727,-0.486867,TKL,350290
9905613,218,6517,1998,,,0.220552,-0.43853100000000006,TKL,350290
9905614,218,6517,1999,,,0.478628,-0.231485,TKL,350290
9905615,218,6517,2000,,,0.48116400000000004,0.160799,TKL,350290
9905616,218,6517,2001,,,0.135739,-0.144681,TKL,350290
9905617,218,6517,2002,0.0,5000.0,0.077717,0.048618,TKL,350290
9905618,218,6517,2003,,,0.244606,-0.038999,TKL,350290
9905619,218,6517,2004,,,0.31906999999999996,0.17012,TKL,350290
9905620,218,6517,2005,,,0.24793099999999998,-0.09982200000000001,TKL,350290
9905621,218,6517,2006,,,0.335918,0.299589,TKL,350290
9905622,218,6517,2007,,,0.47656499999999996,0.073652,TKL,350290
9905623,218,6517,2008,,,0.856023,0.41632600000000003,TKL,350290
9905624,218,6517,2009,,,0.5357,0.021527,TKL,350290
9905625,218,6517,2010,,,0.389761,0.18912,TKL,350290
9905626,218,6517,2011,,,0.319389,0.087049,TKL,350290
9905627,218,6517,2012,,,0.563088,0.35384099999999996,TKL,350290
9905628,218,6517,2013,,,0.39178,0.035406,TKL,350290
9905629,218,6517,2014,,,0.5539350000000001,0.12801300000000002,TKL,350290
9905630,218,6517,2015,,,0.48658500000000005,0.131537,TKL,350290
9905631,218,6517,2016,,,0.243821,0.018425,TKL,350290
9905632,218,6517,2017,,,0.302394,-0.35394499999999995,TKL,350290
9905633,218,6517,2018,,,0.404658,-0.10286300000000001,TKL,350290
9905634,218,6517,2019,,,0.49747600000000003,0.238225,TKL,350290
9905635,218,6517,2020,,,0.7393069999999999,-0.190609,TKL,350290
9905636,219,6517,1995,,,-0.882984,-1.088854,TKM,350290
9905637,219,6517,1996,,,-0.756087,-1.160548,TKM,350290
9905638,219,6517,1997,,,-0.554162,-1.042607,TKM,350290
9905639,219,6517,1998,,,-0.379934,-0.878598,TKM,350290
9905640,219,6517,1999,,,-0.8982180000000001,-1.132358,TKM,350290
9905641,219,6517,2000,,,-0.99165,-1.167094,TKM,350290
9905642,219,6517,2001,0.0,1000.0,-1.24627,-1.2760209999999998,TKM,350290
9905643,219,6517,2002,,,-1.035248,-1.191624,TKM,350290
9905644,219,6517,2003,,,-1.223295,-1.250217,TKM,350290
9905645,219,6517,2004,,,-0.9705790000000001,-1.212523,TKM,350290
9905646,219,6517,2005,0.0,1007.0,-1.146736,-1.2376129999999999,TKM,350290
9905647,219,6517,2006,,,-1.155861,-1.200933,TKM,350290
9905648,219,6517,2007,,,-1.16715,-1.213064,TKM,350290
9905649,219,6517,2008,,,-1.094592,-1.166598,TKM,350290
9905650,219,6517,2009,,,-1.060378,-1.17279,TKM,350290
9905651,219,6517,2010,,,-1.161458,-1.191589,TKM,350290
9905652,219,6517,2011,,,-1.549495,-1.202504,TKM,350290
9905653,219,6517,2012,,,-1.668555,-1.24627,TKM,350290
9905654,219,6517,2013,,,-1.6186770000000001,-1.2210969999999999,TKM,350290
9905655,219,6517,2014,,,-1.217897,-1.184131,TKM,350290
9905656,219,6517,2015,,,-1.546516,-1.315803,TKM,350290
9905657,219,6517,2016,0.0,4760.0,-1.27494,-1.259639,TKM,350290
9905658,219,6517,2017,,,-1.564885,-1.274637,TKM,350290
9905659,219,6517,2018,,,-1.0081209999999998,-1.190796,TKM,350290
9905660,219,6517,2019,,,-0.9725950000000001,-1.16562,TKM,350290
9905661,219,6517,2020,,,-0.949525,-1.147622,TKM,350290
9905662,220,6517,1995,,,1.983051,-0.202022,TLS,350290
9905663,220,6517,1996,,,1.624542,-0.293975,TLS,350290
9905664,220,6517,1997,,,2.029322,-0.43179700000000004,TLS,350290
9905665,220,6517,1998,,,1.6060370000000002,-0.42371499999999995,TLS,350290
9905666,220,6517,1999,,,1.843263,-0.795044,TLS,350290
9905667,220,6517,2000,,,-0.5836,-0.888892,TLS,350290
9905668,220,6517,2001,,,1.473822,-0.204046,TLS,350290
9905669,220,6517,2002,,,0.363225,-0.536718,TLS,350290
9905670,220,6517,2003,,,1.21882,-0.118529,TLS,350290
9905671,220,6517,2004,,,0.935424,-0.080261,TLS,350290
9905672,220,6517,2005,0.0,21350.0,0.020875,-0.6831010000000001,TLS,350290
9905673,220,6517,2006,,,-0.13665,-0.72122,TLS,350290
9905674,220,6517,2007,,,0.003334,-0.667956,TLS,350290
9905675,220,6517,2008,,,0.75476,-0.594643,TLS,350290
9905676,220,6517,2009,,,0.317308,-0.8093199999999999,TLS,350290
9905677,220,6517,2010,,,0.6633789999999999,-0.606204,TLS,350290
9905678,220,6517,2011,,,-0.047803,-0.643655,TLS,350290
9905679,220,6517,2012,,,-0.36338200000000004,-0.876495,TLS,350290
9905680,220,6517,2013,,,-0.376633,-0.73677,TLS,350290
9905681,220,6517,2014,,,-1.365212,-0.896716,TLS,350290
9905682,220,6517,2015,,,-0.878657,-0.9064450000000001,TLS,350290
9905683,220,6517,2016,,,-0.737023,-0.908582,TLS,350290
9905684,220,6517,2017,,,-0.45426700000000003,-0.769744,TLS,350290
9905685,220,6517,2018,,,-0.595688,-0.8907370000000001,TLS,350290
9905686,220,6517,2019,,,-1.173671,-1.002383,TLS,350290
9905687,220,6517,2020,,,-0.662555,-0.8795129999999999,TLS,350290
9905688,221,6517,1995,0.0,2034.0,-0.9463799999999999,-0.845484,TON,350290
9905689,221,6517,1996,,,-1.352969,-0.945109,TON,350290
9905690,221,6517,1997,,,-1.481831,-1.0187700000000002,TON,350290
9905691,221,6517,1998,,,-1.409429,-1.0138479999999999,TON,350290
9905692,221,6517,1999,,,-1.001524,-0.897582,TON,350290
9905693,221,6517,2000,,,-1.227366,-0.948996,TON,350290
9905694,221,6517,2001,,,-0.8627950000000001,-0.817174,TON,350290
9905695,221,6517,2002,,,-1.6186639999999999,-1.011606,TON,350290
9905696,221,6517,2003,,,-0.8467379999999999,-0.815816,TON,350290
9905697,221,6517,2004,,,-0.639641,-0.798275,TON,350290
9905698,221,6517,2005,,,-0.736809,-0.7505729999999999,TON,350290
9905699,221,6517,2006,,,-0.45091499999999995,-0.670044,TON,350290
9905700,221,6517,2007,,,-0.482545,-0.816512,TON,350290
9905701,221,6517,2008,,,-0.174192,-0.559636,TON,350290
9905702,221,6517,2009,,,-0.439709,-0.7270939999999999,TON,350290
9905703,221,6517,2010,,,-0.650658,-0.774469,TON,350290
9905704,221,6517,2011,,,-0.14256,-0.589116,TON,350290
9905705,221,6517,2012,0.0,1482.0,0.114173,-0.307309,TON,350290
9905706,221,6517,2013,0.0,3901.0,0.183053,-0.345657,TON,350290
9905707,221,6517,2014,0.0,1284.0,-0.11129100000000001,-0.523176,TON,350290
9905708,221,6517,2015,,,-0.212905,-0.670721,TON,350290
9905709,221,6517,2016,,,-0.29545,-0.766385,TON,350290
9905710,221,6517,2017,,,-0.504652,-0.820577,TON,350290
9905711,221,6517,2018,,,0.087991,-0.5723060000000001,TON,350290
9905712,221,6517,2019,,,-0.057787,-0.671035,TON,350290
9905713,221,6517,2020,,,-0.79433,-0.8264100000000001,TON,350290
9905714,222,6517,1995,,,0.254658,-0.496058,TTO,350290
9905715,222,6517,1996,0.0,17177.0,0.19111,-0.488382,TTO,350290
9905716,222,6517,1997,,,0.28791,-0.38322399999999995,TTO,350290
9905717,222,6517,1998,0.0,4336.0,0.273917,-0.453996,TTO,350290
9905718,222,6517,1999,0.0,12408.0,0.258046,-0.562956,TTO,350290
9905719,222,6517,2000,0.0,874.0,-0.035037,-0.862433,TTO,350290
9905720,222,6517,2001,0.0,5467.0,0.178256,-0.709126,TTO,350290
9905721,222,6517,2002,0.0,25641.0,0.074907,-0.8203879999999999,TTO,350290
9905722,222,6517,2003,0.0,17103.0,-0.16738,-0.9820969999999999,TTO,350290
9905723,222,6517,2004,0.0,18863.0,0.00677,-0.965385,TTO,350290
9905724,222,6517,2005,0.0,17077.0,0.13125699999999998,-0.9324479999999999,TTO,350290
9905725,222,6517,2006,0.0,46479.0,-0.20651399999999998,-1.024907,TTO,350290
9905726,222,6517,2007,0.0,72487.0,-0.371347,-1.0536709999999998,TTO,350290
9905727,222,6517,2008,0.0,25799.0,-0.44752600000000003,-1.060906,TTO,350290
9905728,222,6517,2009,0.0,326147.0,-0.508195,-1.097365,TTO,350290
9905729,222,6517,2010,0.0,148711.0,-0.338123,-1.070239,TTO,350290
9905730,222,6517,2011,0.0,365971.0,-0.44228,-1.031793,TTO,350290
9905731,222,6517,2012,0.0,8664.0,-0.420754,-1.0575299999999999,TTO,350290
9905732,222,6517,2013,0.0,19500.0,-0.280641,-1.083332,TTO,350290
9905733,222,6517,2014,0.0,15678.0,-0.57362,-1.117545,TTO,350290
9905734,222,6517,2015,87847.0,18907.0,-0.462837,-1.117621,TTO,350290
9905735,222,6517,2016,,,-0.191969,-1.028843,TTO,350290
9905736,222,6517,2017,0.0,20968.0,-0.183935,-1.012153,TTO,350290
9905737,222,6517,2018,0.0,229287.0,-0.281617,-1.009652,TTO,350290
9905738,222,6517,2019,0.0,134815.0,0.1861,-0.874604,TTO,350290
9905739,222,6517,2020,,,0.156566,-0.653656,TTO,350290
9905740,223,6517,1995,0.0,4180.0,-0.253792,-0.044331,TUN,350290
9905741,223,6517,1996,0.0,14995.0,-0.28546,-0.089051,TUN,350290
9905742,223,6517,1997,0.0,19327.0,-0.24073899999999998,-0.146818,TUN,350290
9905743,223,6517,1998,0.0,73097.0,-0.21677,-0.08694299999999999,TUN,350290
9905744,223,6517,1999,0.0,5342.0,-0.317866,-0.102551,TUN,350290
9905745,223,6517,2000,0.0,110899.0,-0.188616,0.044912,TUN,350290
9905746,223,6517,2001,0.0,7860.0,-0.162152,0.23939699999999997,TUN,350290
9905747,223,6517,2002,0.0,64793.0,-0.221951,0.325506,TUN,350290
9905748,223,6517,2003,0.0,13527.0,-0.14845999999999998,0.255092,TUN,350290
9905749,223,6517,2004,0.0,3700.0,-0.195751,0.335147,TUN,350290
9905750,223,6517,2005,0.0,129505.0,-0.07273099999999999,0.671113,TUN,350290
9905751,223,6517,2006,0.0,370972.0,-0.013636,0.804752,TUN,350290
9905752,223,6517,2007,0.0,615831.0,0.062824,0.74003,TUN,350290
9905753,223,6517,2008,0.0,135380.0,0.084141,0.676248,TUN,350290
9905754,223,6517,2009,0.0,5940.0,0.044903,0.9126120000000001,TUN,350290
9905755,223,6517,2010,0.0,30271.0,0.165019,0.8882059999999999,TUN,350290
9905756,223,6517,2011,0.0,75147.0,0.151221,1.1252360000000001,TUN,350290
9905757,223,6517,2012,9522.0,64876.0,0.24695799999999998,0.9356620000000001,TUN,350290
9905758,223,6517,2013,8974.0,555743.0,0.185528,1.0070700000000001,TUN,350290
9905759,223,6517,2014,0.0,309559.0,0.343449,1.118007,TUN,350290
9905760,223,6517,2015,16534.0,431982.0,0.140202,0.967591,TUN,350290
9905761,223,6517,2016,44718.0,355499.0,0.171791,1.062948,TUN,350290
9905762,223,6517,2017,32076.0,598380.0,0.224119,0.961772,TUN,350290
9905763,223,6517,2018,0.0,519921.0,0.259778,1.187194,TUN,350290
9905764,223,6517,2019,44935.0,962740.0,0.19601300000000002,1.159766,TUN,350290
9905765,223,6517,2020,0.0,1531727.0,0.220298,0.454477,TUN,350290
9905766,224,6517,1995,30968.0,1890870.0,0.166794,1.209066,TUR,350290
9905767,224,6517,1996,4255.0,367286.0,0.156866,1.554023,TUR,350290
9905768,224,6517,1997,13534.0,698534.0,0.167734,1.5827870000000002,TUR,350290
9905769,224,6517,1998,11884.0,297203.0,0.085286,1.653589,TUR,350290
9905770,224,6517,1999,28138.0,254115.0,0.044692,1.745755,TUR,350290
9905771,224,6517,2000,3849.0,475132.0,0.191299,1.9761529999999998,TUR,350290
9905772,224,6517,2001,0.0,507407.0,0.188773,1.91451,TUR,350290
9905773,224,6517,2002,3486.0,228669.0,0.11263699999999999,1.83925,TUR,350290
9905774,224,6517,2003,2878.0,32281.0,0.192802,1.9855060000000002,TUR,350290
9905775,224,6517,2004,1208.0,410203.0,0.141454,1.9463599999999999,TUR,350290
9905776,224,6517,2005,0.0,116532.0,0.226487,2.210279,TUR,350290
9905777,224,6517,2006,0.0,330380.0,0.33971599999999996,2.193384,TUR,350290
9905778,224,6517,2007,73469.0,230255.0,0.41396700000000003,2.0339869999999998,TUR,350290
9905779,224,6517,2008,1850.0,719132.0,0.44478,2.186881,TUR,350290
9905780,224,6517,2009,10763.0,1602884.0,0.384596,2.3797610000000002,TUR,350290
9905781,224,6517,2010,1264.0,1000541.0,0.359977,2.471173,TUR,350290
9905782,224,6517,2011,45633.0,609166.0,0.45775,2.4316259999999996,TUR,350290
9905783,224,6517,2012,48477.0,706890.0,0.507184,2.259161,TUR,350290
9905784,224,6517,2013,1935081.0,1277977.0,0.42932299999999995,2.690235,TUR,350290
9905785,224,6517,2014,57726.0,1366316.0,0.554761,2.385693,TUR,350290
9905786,224,6517,2015,25504.0,1669464.0,0.438669,2.519632,TUR,350290
9905787,224,6517,2016,103840.0,1896889.0,0.45364799999999994,2.478837,TUR,350290
9905788,224,6517,2017,306639.0,2379501.0,0.541611,2.405872,TUR,350290
9905789,224,6517,2018,460517.0,2866119.0,0.518721,2.5581419999999997,TUR,350290
9905790,224,6517,2019,102838.0,2149311.0,0.569408,2.364546,TUR,350290
9905791,224,6517,2020,73327.0,1929367.0,0.590472,2.619866,TUR,350290
9905792,225,6517,1995,,,0.9729180000000001,-0.537957,TUV,350290
9905793,225,6517,1996,,,1.0058639999999999,-0.40428800000000004,TUV,350290
9905794,225,6517,1997,,,0.853403,-0.6482100000000001,TUV,350290
9905795,225,6517,1998,,,1.019107,-0.646907,TUV,350290
9905796,225,6517,1999,,,0.095919,-0.7801680000000001,TUV,350290
9905797,225,6517,2000,,,1.185378,-0.475463,TUV,350290
9905798,225,6517,2001,,,-0.12332699999999999,-0.172416,TUV,350290
9905799,225,6517,2002,0.0,788.0,-0.141984,-0.15720399999999998,TUV,350290
9905800,225,6517,2003,,,0.770706,-0.480434,TUV,350290
9905801,225,6517,2004,,,1.4753180000000001,-0.446762,TUV,350290
9905802,225,6517,2005,,,1.003608,-0.363531,TUV,350290
9905803,225,6517,2006,,,0.9635290000000001,-0.314963,TUV,350290
9905804,225,6517,2007,,,1.607359,-0.272403,TUV,350290
9905805,225,6517,2008,,,0.5163300000000001,-0.47066099999999994,TUV,350290
9905806,225,6517,2009,,,0.531324,-0.689902,TUV,350290
9905807,225,6517,2010,,,0.359508,-0.650139,TUV,350290
9905808,225,6517,2011,,,0.53684,-0.552668,TUV,350290
9905809,225,6517,2012,,,0.041589,-0.695249,TUV,350290
9905810,225,6517,2013,,,0.002879,-0.779308,TUV,350290
9905811,225,6517,2014,0.0,15382.0,1.127623,-0.482033,TUV,350290
9905812,225,6517,2015,,,0.925609,-0.6022569999999999,TUV,350290
9905813,225,6517,2016,,,1.580008,-0.807844,TUV,350290
9905814,225,6517,2017,,,0.979611,-0.6079359999999999,TUV,350290
9905815,225,6517,2018,,,1.529849,-0.7761279999999999,TUV,350290
9905816,225,6517,2019,,,0.223041,-0.878941,TUV,350290
9905817,225,6517,2020,,,0.605791,-0.773982,TUV,350290
9905818,226,6517,1995,114039.0,12928.0,-1.219949,-0.8698969999999999,TZA,350290
9905819,226,6517,1996,0.0,25904.0,-1.391534,-0.907436,TZA,350290
9905820,226,6517,1997,,,-1.368133,-0.753692,TZA,350290
9905821,226,6517,1998,0.0,2207.0,-0.972823,-0.428149,TZA,350290
9905822,226,6517,1999,,,-1.068358,-0.54693,TZA,350290
9905823,226,6517,2000,0.0,7105.0,-1.278362,-0.615536,TZA,350290
9905824,226,6517,2001,0.0,8401.0,-1.193991,-0.49282200000000004,TZA,350290
9905825,226,6517,2002,,,-1.189463,-0.48640600000000006,TZA,350290
9905826,226,6517,2003,0.0,9240.0,-1.225217,-0.43662399999999996,TZA,350290
9905827,226,6517,2004,,,-1.022658,-0.007045999999999999,TZA,350290
9905828,226,6517,2005,,,-1.049726,0.005511,TZA,350290
9905829,226,6517,2006,0.0,1248.0,-0.953097,0.159129,TZA,350290
9905830,226,6517,2007,,,-0.8493959999999999,0.47116099999999994,TZA,350290
9905831,226,6517,2008,0.0,19675.0,-0.755692,0.8751690000000001,TZA,350290
9905832,226,6517,2009,4547.0,9631.0,-0.822897,0.644899,TZA,350290
9905833,226,6517,2010,,,-0.7327,0.427616,TZA,350290
9905834,226,6517,2011,,,-0.751316,0.286505,TZA,350290
9905835,226,6517,2012,,,-0.594481,0.770239,TZA,350290
9905836,226,6517,2013,0.0,94333.0,-0.9306770000000001,0.273489,TZA,350290
9905837,226,6517,2014,0.0,170857.0,-1.054331,0.166345,TZA,350290
9905838,226,6517,2015,0.0,408670.0,-1.02395,-0.017509999999999998,TZA,350290
9905839,226,6517,2016,0.0,239170.0,-1.1008799999999999,-0.048319,TZA,350290
9905840,226,6517,2017,0.0,57500.0,-1.0691709999999999,0.11636800000000001,TZA,350290
9905841,226,6517,2018,0.0,133007.0,-0.09850700000000001,1.145606,TZA,350290
9905842,226,6517,2019,0.0,214763.0,-0.907172,0.37293899999999996,TZA,350290
9905843,226,6517,2020,0.0,296397.0,-1.024,-0.023909,TZA,350290
9905844,227,6517,1995,0.0,1425.0,-1.053037,-1.001752,UGA,350290
9905845,227,6517,1996,,,-0.931124,-0.925523,UGA,350290
9905846,227,6517,1997,,,-0.9304819999999999,-0.9731540000000001,UGA,350290
9905847,227,6517,1998,0.0,16520.0,-0.996762,-1.01326,UGA,350290
9905848,227,6517,1999,0.0,9035.0,-1.359508,-1.170077,UGA,350290
9905849,227,6517,2000,0.0,662.0,-0.9484520000000001,-0.8246979999999999,UGA,350290
9905850,227,6517,2001,,,-0.9694860000000001,-0.840592,UGA,350290
9905851,227,6517,2002,1850.0,1206.0,-1.038337,-0.896425,UGA,350290
9905852,227,6517,2003,,,-0.895193,-0.712039,UGA,350290
9905853,227,6517,2004,,,-0.914733,-0.554346,UGA,350290
9905854,227,6517,2005,0.0,4605.0,-0.896567,-0.645536,UGA,350290
9905855,227,6517,2006,0.0,4423.0,-0.702511,-0.43976099999999996,UGA,350290
9905856,227,6517,2007,,,-0.900559,-0.42071400000000003,UGA,350290
9905857,227,6517,2008,,,-0.653885,-0.035455,UGA,350290
9905858,227,6517,2009,1686.0,1807.0,-0.573707,-0.036203,UGA,350290
9905859,227,6517,2010,0.0,26543.0,-0.48061400000000004,0.187001,UGA,350290
9905860,227,6517,2011,0.0,255305.0,-0.7153,-0.062678,UGA,350290
9905861,227,6517,2012,0.0,30494.0,-0.484868,0.153507,UGA,350290
9905862,227,6517,2013,0.0,3201.0,-0.5462279999999999,0.200682,UGA,350290
9905863,227,6517,2014,0.0,2356.0,-0.46911800000000003,0.25446599999999997,UGA,350290
9905864,227,6517,2015,0.0,543917.0,-0.611023,0.078961,UGA,350290
9905865,227,6517,2016,1872120.0,905400.0,-0.37745300000000004,0.525303,UGA,350290
9905866,227,6517,2017,2303129.0,553621.0,-0.6831020000000001,-0.046838,UGA,350290
9905867,227,6517,2018,1674528.0,870780.0,-0.621049,-0.061448,UGA,350290
9905868,227,6517,2019,237831.0,1074964.0,-0.639476,0.148255,UGA,350290
9905869,227,6517,2020,0.0,1726835.0,-0.55156,-0.019136,UGA,350290
9905870,228,6517,1995,0.0,4413.0,0.428875,0.20489899999999997,UKR,350290
9905871,228,6517,1996,68868.0,18330.0,0.896537,0.9241459999999999,UKR,350290
9905872,228,6517,1997,19036.0,27614.0,0.8502559999999999,0.956254,UKR,350290
9905873,228,6517,1998,13471.0,87071.0,0.880876,0.783668,UKR,350290
9905874,228,6517,1999,15603.0,22068.0,0.6242270000000001,0.742258,UKR,350290
9905875,228,6517,2000,178129.0,25434.0,0.763783,0.8563,UKR,350290
9905876,228,6517,2001,16699.0,12392.0,0.8376969999999999,0.989059,UKR,350290
9905877,228,6517,2002,59508.0,41017.0,0.835485,0.872135,UKR,350290
9905878,228,6517,2003,0.0,134599.0,0.8929389999999999,0.956685,UKR,350290
9905879,228,6517,2004,0.0,406829.0,0.8758040000000001,0.8195879999999999,UKR,350290
9905880,228,6517,2005,2265.0,417858.0,0.701846,0.687519,UKR,350290
9905881,228,6517,2006,58115.0,800047.0,0.7008439999999999,0.79656,UKR,350290
9905882,228,6517,2007,0.0,606160.0,0.7441760000000001,0.8681260000000001,UKR,350290
9905883,228,6517,2008,0.0,445277.0,0.59355,0.764415,UKR,350290
9905884,228,6517,2009,0.0,583472.0,0.602688,0.830247,UKR,350290
9905885,228,6517,2010,0.0,727157.0,0.714148,0.916267,UKR,350290
9905886,228,6517,2011,3150.0,1537104.0,0.6221409999999999,0.765505,UKR,350290
9905887,228,6517,2012,10085.0,2899188.0,0.590001,0.8422069999999999,UKR,350290
9905888,228,6517,2013,0.0,2797538.0,0.657729,0.9063200000000001,UKR,350290
9905889,228,6517,2014,0.0,2428355.0,0.566535,0.832267,UKR,350290
9905890,228,6517,2015,0.0,611641.0,0.429879,0.701813,UKR,350290
9905891,228,6517,2016,0.0,633808.0,0.406901,0.637051,UKR,350290
9905892,228,6517,2017,25717.0,516907.0,0.461109,0.7826569999999999,UKR,350290
9905893,228,6517,2018,1862.0,729491.0,0.337296,0.758675,UKR,350290
9905894,228,6517,2019,69834.0,822772.0,0.303802,0.5650270000000001,UKR,350290
9905895,228,6517,2020,39989.0,770290.0,0.383736,0.531328,UKR,350290
9905896,229,6517,1995,,,,,UMI,350290
9905897,229,6517,1996,,,,,UMI,350290
9905898,229,6517,1997,,,,,UMI,350290
9905899,229,6517,1998,,,,,UMI,350290
9905900,229,6517,1999,,,,,UMI,350290
9905901,229,6517,2000,,,-0.052853,-0.611102,UMI,350290
9905902,229,6517,2001,,,-0.13935799999999998,-0.421795,UMI,350290
9905903,229,6517,2002,,,0.317662,-0.46541000000000005,UMI,350290
9905904,229,6517,2003,,,0.169425,-0.604107,UMI,350290
9905905,229,6517,2004,,,0.407876,-0.478498,UMI,350290
9905906,229,6517,2005,,,0.638288,-0.230179,UMI,350290
9905907,229,6517,2006,,,-0.5457930000000001,-0.808611,UMI,350290
9905908,229,6517,2007,,,0.997828,-0.098724,UMI,350290
9905909,229,6517,2008,,,1.311657,0.013382,UMI,350290
9905910,229,6517,2009,,,1.026297,-0.508776,UMI,350290
9905911,229,6517,2010,,,0.838733,-0.48641,UMI,350290
9905912,229,6517,2011,,,1.131297,-0.235093,UMI,350290
9905913,229,6517,2012,,,0.919334,-0.181861,UMI,350290
9905914,229,6517,2013,,,1.2648409999999999,-0.07537999999999999,UMI,350290
9905915,229,6517,2014,,,1.530519,0.44350600000000007,UMI,350290
9905916,229,6517,2015,,,1.2709059999999999,-0.074201,UMI,350290
9905917,229,6517,2016,,,1.8058740000000002,0.587761,UMI,350290
9905918,229,6517,2017,,,1.501854,0.552625,UMI,350290
9905919,229,6517,2018,,,1.766584,-0.034711,UMI,350290
9905920,229,6517,2019,,,1.4488940000000001,-0.266596,UMI,350290
9905921,229,6517,2020,0.0,1954.0,1.9827860000000002,0.689049,UMI,350290
9905922,230,6517,1995,26261.0,61744.0,0.45133900000000005,0.50831,URY,350290
9905923,230,6517,1996,0.0,72574.0,0.171541,0.313934,URY,350290
9905924,230,6517,1997,0.0,10071.0,0.226228,0.29183400000000004,URY,350290
9905925,230,6517,1998,1023389.0,25385.0,0.323022,0.293694,URY,350290
9905926,230,6517,1999,406656.0,40048.0,0.26815700000000003,0.307394,URY,350290
9905927,230,6517,2000,287025.0,27034.0,0.30753600000000003,0.290506,URY,350290
9905928,230,6517,2001,401247.0,20760.0,0.36029,0.298869,URY,350290
9905929,230,6517,2002,280247.0,10770.0,0.300502,0.16817000000000001,URY,350290
9905930,230,6517,2003,544134.0,4467.0,0.19792200000000001,0.243104,URY,350290
9905931,230,6517,2004,354579.0,30386.0,0.151633,0.121776,URY,350290
9905932,230,6517,2005,596484.0,47453.0,0.305842,0.271262,URY,350290
9905933,230,6517,2006,946876.0,16873.0,0.234384,0.118878,URY,350290
9905934,230,6517,2007,1054596.0,43981.0,0.184883,0.207788,URY,350290
9905935,230,6517,2008,1096635.0,20195.0,0.376164,0.049387,URY,350290
9905936,230,6517,2009,1124451.0,95181.0,0.260419,-0.171944,URY,350290
9905937,230,6517,2010,1258307.0,145977.0,0.217246,-0.079733,URY,350290
9905938,230,6517,2011,1223798.0,292356.0,0.313195,0.042866,URY,350290
9905939,230,6517,2012,1687631.0,407531.0,0.207742,-0.101484,URY,350290
9905940,230,6517,2013,1655018.0,397444.0,0.20190999999999998,-0.19777999999999998,URY,350290
9905941,230,6517,2014,1266728.0,401230.0,0.154034,-0.380899,URY,350290
9905942,230,6517,2015,1685098.0,799042.0,0.273876,-0.363695,URY,350290
9905943,230,6517,2016,1214833.0,285596.0,0.098051,-0.45418400000000003,URY,350290
9905944,230,6517,2017,1510313.0,363773.0,0.16963,-0.403006,URY,350290
9905945,230,6517,2018,1107875.0,258415.0,-0.02056,-0.38911,URY,350290
9905946,230,6517,2019,1262892.0,367129.0,-0.077549,-0.473943,URY,350290
9905947,230,6517,2020,1667824.0,300910.0,-0.127375,-0.449032,URY,350290
9905948,231,6517,1995,18638203.0,23936223.0,1.771648,1.184,USA,350290
9905949,231,6517,1996,11747673.0,24039133.0,1.7110560000000001,1.125141,USA,350290
9905950,231,6517,1997,13729571.0,31268976.0,1.823511,0.888084,USA,350290
9905951,231,6517,1998,20874091.0,36663394.0,1.8223639999999999,0.761336,USA,350290
9905952,231,6517,1999,23080450.0,32038172.0,1.8755119999999998,0.5350729999999999,USA,350290
9905953,231,6517,2000,25203672.0,48620606.0,1.8549650000000002,0.226992,USA,350290
9905954,231,6517,2001,44282083.0,57597342.0,1.873674,0.168468,USA,350290
9905955,231,6517,2002,43156440.0,51111032.0,1.821594,0.231296,USA,350290
9905956,231,6517,2003,52087263.0,65262060.0,1.7789220000000001,0.064028,USA,350290
9905957,231,6517,2004,55116029.0,54371648.0,1.7598630000000002,0.066704,USA,350290
9905958,231,6517,2005,58775378.0,53647173.0,1.718086,-0.34564,USA,350290
9905959,231,6517,2006,78823879.0,36908628.0,1.666643,-0.121679,USA,350290
9905960,231,6517,2007,108249320.0,44068810.0,1.612165,0.0922,USA,350290
9905961,231,6517,2008,121672527.0,55601490.0,1.584278,-0.209788,USA,350290
9905962,231,6517,2009,107002990.0,53681714.0,1.657663,-0.41411400000000004,USA,350290
9905963,231,6517,2010,142508980.0,50921235.0,1.67573,-0.598165,USA,350290
9905964,231,6517,2011,188245460.0,54981996.0,1.6884849999999998,-0.474499,USA,350290
9905965,231,6517,2012,202525579.0,153345527.0,1.628377,-0.601941,USA,350290
9905966,231,6517,2013,266487007.0,61531920.0,1.6639689999999998,-0.48651300000000003,USA,350290
9905967,231,6517,2014,290655168.0,168141055.0,1.61227,0.068905,USA,350290
9905968,231,6517,2015,275183642.0,131485464.0,1.720478,-0.129322,USA,350290
9905969,231,6517,2016,290745475.0,153935259.0,1.685329,0.297536,USA,350290
9905970,231,6517,2017,321293553.0,119894643.0,1.601478,0.277271,USA,350290
9905971,231,6517,2018,306453510.0,81839954.0,1.585861,0.44815900000000003,USA,350290
9905972,231,6517,2019,366238757.0,104239896.0,1.606808,0.3232,USA,350290
9905973,231,6517,2020,393218150.0,87534520.0,1.588148,0.380904,USA,350290
9905974,232,6517,1995,,,-0.29740900000000003,-0.9456190000000001,UZB,350290
9905975,232,6517,1996,,,-0.17393499999999998,-0.727476,UZB,350290
9905976,232,6517,1997,,,-0.26560700000000004,-0.870447,UZB,350290
9905977,232,6517,1998,,,-0.283425,-0.7488520000000001,UZB,350290
9905978,232,6517,1999,0.0,1000.0,-0.43066499999999996,-0.767428,UZB,350290
9905979,232,6517,2000,0.0,3000.0,-0.405531,-0.598955,UZB,350290
9905980,232,6517,2001,2375.0,0.0,-0.395913,-0.6454449999999999,UZB,350290
9905981,232,6517,2002,,,-0.379765,-0.5965159999999999,UZB,350290
9905982,232,6517,2003,,,-0.285978,-0.703334,UZB,350290
9905983,232,6517,2004,,,-0.50605,-0.824691,UZB,350290
9905984,232,6517,2005,,,-0.357031,-0.730797,UZB,350290
9905985,232,6517,2006,0.0,4000.0,-0.457759,-0.784626,UZB,350290
9905986,232,6517,2007,0.0,53003.0,-0.540449,-0.799454,UZB,350290
9905987,232,6517,2008,0.0,2648.0,-0.470184,-0.773163,UZB,350290
9905988,232,6517,2009,0.0,3326.0,-0.6115470000000001,-0.710622,UZB,350290
9905989,232,6517,2010,0.0,58817.0,-0.704097,-0.655055,UZB,350290
9905990,232,6517,2011,,,-0.785878,-0.663918,UZB,350290
9905991,232,6517,2012,0.0,6427.0,-0.5875670000000001,-0.549863,UZB,350290
9905992,232,6517,2013,0.0,22380.0,-0.748212,-0.567268,UZB,350290
9905993,232,6517,2014,0.0,88759.0,-0.407623,-0.37150700000000003,UZB,350290
9905994,232,6517,2015,0.0,10152.0,-0.724966,-0.599292,UZB,350290
9905995,232,6517,2016,0.0,81385.0,-0.703465,-0.493036,UZB,350290
9905996,232,6517,2017,0.0,361935.0,-0.407169,-0.264942,UZB,350290
9905997,232,6517,2018,0.0,211629.0,-0.591547,-0.429982,UZB,350290
9905998,232,6517,2019,0.0,111385.0,-0.5856060000000001,-0.311248,UZB,350290
9905999,232,6517,2020,0.0,106979.0,-0.309411,0.071414,UZB,350290
9906000,233,6517,1995,,,,,VAT,350290
9906001,233,6517,1996,,,,,VAT,350290
9906002,233,6517,1997,,,,,VAT,350290
9906003,233,6517,1998,,,,,VAT,350290
9906004,233,6517,1999,,,,,VAT,350290
9906005,233,6517,2000,,,1.3466870000000002,-0.553088,VAT,350290
9906006,233,6517,2001,,,0.46455799999999997,-0.722421,VAT,350290
9906007,233,6517,2002,,,0.9434020000000001,-0.5230020000000001,VAT,350290
9906008,233,6517,2003,,,0.902394,-0.5776600000000001,VAT,350290
9906009,233,6517,2004,,,0.5171789999999999,-0.569032,VAT,350290
9906010,233,6517,2005,,,0.934002,-0.4716,VAT,350290
9906011,233,6517,2006,,,0.776323,-0.42712100000000003,VAT,350290
9906012,233,6517,2007,,,0.762119,-0.20439100000000002,VAT,350290
9906013,233,6517,2008,,,0.74952,-0.38421900000000003,VAT,350290
9906014,233,6517,2009,,,0.13089,-0.738226,VAT,350290
9906015,233,6517,2010,,,1.259831,-0.07005499999999999,VAT,350290
9906016,233,6517,2011,,,0.614758,-0.694783,VAT,350290
9906017,233,6517,2012,,,0.595379,-0.322465,VAT,350290
9906018,233,6517,2013,,,0.699425,-0.296746,VAT,350290
9906019,233,6517,2014,,,1.150282,0.660892,VAT,350290
9906020,233,6517,2015,,,0.295538,-0.6049359999999999,VAT,350290
9906021,233,6517,2016,,,0.918142,-0.319902,VAT,350290
9906022,233,6517,2017,,,0.747959,-0.21892899999999998,VAT,350290
9906023,233,6517,2018,,,-0.043233999999999995,-0.7486689999999999,VAT,350290
9906024,233,6517,2019,,,1.235527,-0.155683,VAT,350290
9906025,233,6517,2020,,,0.8574360000000001,-0.492839,VAT,350290
9906026,234,6517,1995,,,-0.369315,-0.751156,VCT,350290
9906027,234,6517,1996,,,-0.123896,-0.5798989999999999,VCT,350290
9906028,234,6517,1997,,,0.069461,-0.459567,VCT,350290
9906029,234,6517,1998,,,0.22166,-0.331633,VCT,350290
9906030,234,6517,1999,,,-0.28283400000000003,-0.755695,VCT,350290
9906031,234,6517,2000,,,0.095604,-0.352013,VCT,350290
9906032,234,6517,2001,,,-0.5042,-0.7987609999999999,VCT,350290
9906033,234,6517,2002,,,-0.340281,-0.661246,VCT,350290
9906034,234,6517,2003,,,-0.355758,-0.679181,VCT,350290
9906035,234,6517,2004,,,-0.564477,-0.8544,VCT,350290
9906036,234,6517,2005,,,-0.584696,-0.842192,VCT,350290
9906037,234,6517,2006,,,-0.6097060000000001,-0.8844770000000001,VCT,350290
9906038,234,6517,2007,,,-0.112166,-0.692679,VCT,350290
9906039,234,6517,2008,,,-0.598538,-0.8798459999999999,VCT,350290
9906040,234,6517,2009,,,-0.068356,-0.6011350000000001,VCT,350290
9906041,234,6517,2010,,,0.120821,-0.43102700000000005,VCT,350290
9906042,234,6517,2011,,,0.291718,-0.250897,VCT,350290
9906043,234,6517,2012,,,0.233053,-0.292993,VCT,350290
9906044,234,6517,2013,,,0.193198,-0.23631799999999997,VCT,350290
9906045,234,6517,2014,,,0.034024,-0.522492,VCT,350290
9906046,234,6517,2015,,,0.087811,-0.35481999999999997,VCT,350290
9906047,234,6517,2016,,,0.157611,-0.581526,VCT,350290
9906048,234,6517,2017,0.0,3716.0,-0.040273,-0.549452,VCT,350290
9906049,234,6517,2018,,,-0.274831,-0.603525,VCT,350290
9906050,234,6517,2019,,,-0.712703,-0.859416,VCT,350290
9906051,234,6517,2020,,,-0.8252809999999999,-0.89407,VCT,350290
9906052,235,6517,1995,,,,,VDR,350290
9906053,235,6517,1996,,,,,VDR,350290
9906054,235,6517,1997,,,,,VDR,350290
9906055,235,6517,1998,,,,,VDR,350290
9906056,235,6517,1999,,,,,VDR,350290
9906057,235,6517,2000,,,,,VDR,350290
9906058,235,6517,2001,,,,,VDR,350290
9906059,235,6517,2002,,,,,VDR,350290
9906060,235,6517,2003,,,,,VDR,350290
9906061,235,6517,2004,,,,,VDR,350290
9906062,235,6517,2005,,,,,VDR,350290
9906063,235,6517,2006,,,,,VDR,350290
9906064,235,6517,2007,,,,,VDR,350290
9906065,235,6517,2008,,,,,VDR,350290
9906066,235,6517,2009,,,,,VDR,350290
9906067,235,6517,2010,,,,,VDR,350290
9906068,235,6517,2011,,,,,VDR,350290
9906069,235,6517,2012,,,,,VDR,350290
9906070,235,6517,2013,,,,,VDR,350290
9906071,235,6517,2014,,,,,VDR,350290
9906072,235,6517,2015,,,,,VDR,350290
9906073,235,6517,2016,,,,,VDR,350290
9906074,235,6517,2017,,,,,VDR,350290
9906075,235,6517,2018,,,,,VDR,350290
9906076,235,6517,2019,,,,,VDR,350290
9906077,235,6517,2020,,,,,VDR,350290
9906078,236,6517,1995,0.0,26693.0,0.299294,-0.635474,VEN,350290
9906079,236,6517,1996,728687.0,87428.0,0.07086100000000001,-0.761307,VEN,350290
9906080,236,6517,1997,831405.0,330006.0,0.21363200000000002,-0.668341,VEN,350290
9906081,236,6517,1998,1086946.0,324717.0,0.288717,-0.540639,VEN,350290
9906082,236,6517,1999,780050.0,218318.0,0.16454100000000002,-0.691021,VEN,350290
9906083,236,6517,2000,109174.0,405688.0,0.19788499999999998,-0.779957,VEN,350290
9906084,236,6517,2001,0.0,520444.0,0.261158,-0.7397,VEN,350290
9906085,236,6517,2002,0.0,857457.0,0.211536,-0.715675,VEN,350290
9906086,236,6517,2003,0.0,339778.0,0.277805,-0.783697,VEN,350290
9906087,236,6517,2004,0.0,141175.0,0.048698000000000005,-0.899776,VEN,350290
9906088,236,6517,2005,0.0,151225.0,0.248175,-0.9600629999999999,VEN,350290
9906089,236,6517,2006,0.0,573283.0,-0.340972,-1.015462,VEN,350290
9906090,236,6517,2007,0.0,948701.0,-0.231215,-0.9839200000000001,VEN,350290
9906091,236,6517,2008,0.0,2604659.0,-0.442996,-1.0439969999999998,VEN,350290
9906092,236,6517,2009,0.0,1585152.0,-0.5847600000000001,-1.150334,VEN,350290
9906093,236,6517,2010,0.0,3370217.0,-0.660844,-1.145133,VEN,350290
9906094,236,6517,2011,0.0,3478970.0,-0.841147,-1.095636,VEN,350290
9906095,236,6517,2012,0.0,4133982.0,-1.3417270000000001,-1.154304,VEN,350290
9906096,236,6517,2013,0.0,3284431.0,-0.778172,-1.107059,VEN,350290
9906097,236,6517,2014,0.0,1861652.0,-0.582086,-1.081727,VEN,350290
9906098,236,6517,2015,1122.0,351265.0,-0.9249129999999999,-1.1877280000000001,VEN,350290
9906099,236,6517,2016,0.0,662737.0,-0.844669,-1.164315,VEN,350290
9906100,236,6517,2017,0.0,17606.0,-0.8874559999999999,-1.178752,VEN,350290
9906101,236,6517,2018,0.0,17239.0,-1.081138,-1.198717,VEN,350290
9906102,236,6517,2019,0.0,3359.0,-1.318175,-1.2506110000000001,VEN,350290
9906103,236,6517,2020,0.0,10135.0,-1.058537,-1.178218,VEN,350290
9906104,237,6517,1995,,,0.799784,-0.287329,VGB,350290
9906105,237,6517,1996,,,0.602529,-0.280171,VGB,350290
9906106,237,6517,1997,,,0.5966060000000001,-0.381473,VGB,350290
9906107,237,6517,1998,,,1.06785,-0.03292,VGB,350290
9906108,237,6517,1999,,,0.876099,-0.289157,VGB,350290
9906109,237,6517,2000,,,1.06873,0.090886,VGB,350290
9906110,237,6517,2001,,,0.759566,-0.16636099999999998,VGB,350290
9906111,237,6517,2002,,,1.022393,-0.23957399999999998,VGB,350290
9906112,237,6517,2003,,,0.685109,-0.20824299999999998,VGB,350290
9906113,237,6517,2004,,,0.597043,-0.348742,VGB,350290
9906114,237,6517,2005,,,0.67282,-0.329218,VGB,350290
9906115,237,6517,2006,,,1.05644,0.179306,VGB,350290
9906116,237,6517,2007,,,0.994233,0.072526,VGB,350290
9906117,237,6517,2008,,,0.775652,0.028573,VGB,350290
9906118,237,6517,2009,,,0.903839,0.093044,VGB,350290
9906119,237,6517,2010,,,0.699891,-0.29630300000000004,VGB,350290
9906120,237,6517,2011,,,0.780217,-0.010428,VGB,350290
9906121,237,6517,2012,,,0.6483300000000001,0.269932,VGB,350290
9906122,237,6517,2013,,,0.616863,-0.314222,VGB,350290
9906123,237,6517,2014,,,0.484282,-0.082974,VGB,350290
9906124,237,6517,2015,,,0.914493,-0.31357399999999996,VGB,350290
9906125,237,6517,2016,,,0.566815,-0.43181800000000004,VGB,350290
9906126,237,6517,2017,0.0,62533.0,0.768,-0.257912,VGB,350290
9906127,237,6517,2018,,,0.995964,-0.167496,VGB,350290
9906128,237,6517,2019,,,1.145175,-0.41776199999999997,VGB,350290
9906129,237,6517,2020,,,1.342215,-0.501111,VGB,350290
9906130,238,6517,1995,,,,,VIR,350290
9906131,238,6517,1996,,,,,VIR,350290
9906132,238,6517,1997,,,,,VIR,350290
9906133,238,6517,1998,,,,,VIR,350290
9906134,238,6517,1999,,,,,VIR,350290
9906135,238,6517,2000,,,,,VIR,350290
9906136,238,6517,2001,,,,,VIR,350290
9906137,238,6517,2002,,,,,VIR,350290
9906138,238,6517,2003,,,,,VIR,350290
9906139,238,6517,2004,,,,,VIR,350290
9906140,238,6517,2005,,,,,VIR,350290
9906141,238,6517,2006,,,,,VIR,350290
9906142,238,6517,2007,,,,,VIR,350290
9906143,238,6517,2008,,,,,VIR,350290
9906144,238,6517,2009,,,,,VIR,350290
9906145,238,6517,2010,,,,,VIR,350290
9906146,238,6517,2011,,,,,VIR,350290
9906147,238,6517,2012,,,,,VIR,350290
9906148,238,6517,2013,,,,,VIR,350290
9906149,238,6517,2014,,,,,VIR,350290
9906150,238,6517,2015,,,,,VIR,350290
9906151,238,6517,2016,,,,,VIR,350290
9906152,238,6517,2017,,,,,VIR,350290
9906153,238,6517,2018,,,,,VIR,350290
9906154,238,6517,2019,,,,,VIR,350290
9906155,238,6517,2020,,,,,VIR,350290
9906156,239,6517,1995,0.0,18591.0,-1.0462069999999999,-0.269063,VNM,350290
9906157,239,6517,1996,0.0,8873.0,-0.9336469999999999,-0.10985199999999999,VNM,350290
9906158,239,6517,1997,0.0,14485.0,-0.93384,0.06253099999999999,VNM,350290
9906159,239,6517,1998,0.0,49067.0,-0.9395469999999999,0.060697,VNM,350290
9906160,239,6517,1999,0.0,113346.0,-0.9824940000000001,0.115755,VNM,350290
9906161,239,6517,2000,0.0,35184.0,-0.849311,0.391474,VNM,350290
9906162,239,6517,2001,0.0,42260.0,-0.6692130000000001,0.610992,VNM,350290
9906163,239,6517,2002,0.0,91824.0,-0.589665,0.799874,VNM,350290
9906164,239,6517,2003,0.0,59448.0,-0.633985,0.659696,VNM,350290
9906165,239,6517,2004,0.0,447099.0,-0.5270560000000001,0.8910389999999999,VNM,350290
9906166,239,6517,2005,0.0,644729.0,-0.673618,0.766938,VNM,350290
9906167,239,6517,2006,0.0,432342.0,-0.342779,1.033318,VNM,350290
9906168,239,6517,2007,0.0,1078425.0,-0.335613,1.048849,VNM,350290
9906169,239,6517,2008,0.0,3082673.0,-0.207083,1.1323370000000001,VNM,350290
9906170,239,6517,2009,33649.0,1561849.0,-0.27396,1.131199,VNM,350290
9906171,239,6517,2010,0.0,2306693.0,-0.24660500000000002,1.427235,VNM,350290
9906172,239,6517,2011,1029.0,1384073.0,-0.184453,1.637207,VNM,350290
9906173,239,6517,2012,0.0,7204878.0,0.012365000000000001,1.290936,VNM,350290
9906174,239,6517,2013,0.0,8294436.0,-0.11426900000000001,1.399738,VNM,350290
9906175,239,6517,2014,0.0,10845044.0,-0.023765,1.344416,VNM,350290
9906176,239,6517,2015,597418.0,8988184.0,-0.17108900000000002,1.10995,VNM,350290
9906177,239,6517,2016,579666.0,4427064.0,-0.10217899999999999,1.015568,VNM,350290
9906178,239,6517,2017,1736.0,8875292.0,-0.009819,0.686429,VNM,350290
9906179,239,6517,2018,11103.0,6665357.0,0.003069,0.9169729999999999,VNM,350290
9906180,239,6517,2019,12078.0,10559400.0,-0.048147,1.098784,VNM,350290
9906181,239,6517,2020,1828.0,8001072.0,0.034229,0.89099,VNM,350290
9906182,240,6517,1995,,,-1.168901,-0.8590540000000001,VUT,350290
9906183,240,6517,1996,,,-0.933351,-0.824783,VUT,350290
9906184,240,6517,1997,,,-1.300604,-0.921262,VUT,350290
9906185,240,6517,1998,,,-1.176751,-0.9141819999999999,VUT,350290
9906186,240,6517,1999,,,-0.857935,-0.8740190000000001,VUT,350290
9906187,240,6517,2000,,,-1.007244,-0.9066219999999999,VUT,350290
9906188,240,6517,2001,,,-0.9620719999999999,-0.873368,VUT,350290
9906189,240,6517,2002,,,-1.240258,-0.95039,VUT,350290
9906190,240,6517,2003,,,-0.916386,-0.784439,VUT,350290
9906191,240,6517,2004,,,-1.2338790000000002,-0.969297,VUT,350290
9906192,240,6517,2005,,,-1.009584,-0.885193,VUT,350290
9906193,240,6517,2006,,,-1.166741,-0.927552,VUT,350290
9906194,240,6517,2007,0.0,19754.0,-1.187885,-0.993107,VUT,350290
9906195,240,6517,2008,,,-1.1498540000000002,-0.9443299999999999,VUT,350290
9906196,240,6517,2009,0.0,10143.0,-0.9398479999999999,-0.9635799999999999,VUT,350290
9906197,240,6517,2010,0.0,18084.0,-0.8922190000000001,-0.87134,VUT,350290
9906198,240,6517,2011,0.0,15373.0,-1.324335,-0.9620629999999999,VUT,350290
9906199,240,6517,2012,,,-0.8367030000000001,-0.8235610000000001,VUT,350290
9906200,240,6517,2013,,,-0.6548689999999999,-0.811184,VUT,350290
9906201,240,6517,2014,,,-1.21245,-0.941493,VUT,350290
9906202,240,6517,2015,,,-1.6531169999999997,-1.018974,VUT,350290
9906203,240,6517,2016,,,-1.187374,-0.9973350000000001,VUT,350290
9906204,240,6517,2017,,,-1.223329,-1.005357,VUT,350290
9906205,240,6517,2018,,,-1.595495,-1.026155,VUT,350290
9906206,240,6517,2019,,,-0.88634,-0.943023,VUT,350290
9906207,240,6517,2020,,,-1.469494,-0.991857,VUT,350290
9906208,241,6517,1995,,,1.60045,-0.49371800000000005,WLF,350290
9906209,241,6517,1996,,,0.9072549999999999,-0.5177430000000001,WLF,350290
9906210,241,6517,1997,,,-0.09628400000000001,-0.770489,WLF,350290
9906211,241,6517,1998,,,0.8516,-0.734815,WLF,350290
9906212,241,6517,1999,,,2.076089,-0.671834,WLF,350290
9906213,241,6517,2000,,,0.7104189999999999,-0.696887,WLF,350290
9906214,241,6517,2001,,,0.934326,-0.724379,WLF,350290
9906215,241,6517,2002,,,0.5689420000000001,-0.737647,WLF,350290
9906216,241,6517,2003,,,0.200787,-0.775126,WLF,350290
9906217,241,6517,2004,,,2.1501349999999997,-0.13714200000000001,WLF,350290
9906218,241,6517,2005,,,1.090798,-0.447772,WLF,350290
9906219,241,6517,2006,,,1.609916,-0.311544,WLF,350290
9906220,241,6517,2007,,,2.106802,-0.38307800000000003,WLF,350290
9906221,241,6517,2008,,,0.503318,-0.708188,WLF,350290
9906222,241,6517,2009,,,1.551821,-0.5478390000000001,WLF,350290
9906223,241,6517,2010,,,1.206023,-0.517231,WLF,350290
9906224,241,6517,2011,,,0.512842,-0.681142,WLF,350290
9906225,241,6517,2012,,,1.6446990000000001,-0.248971,WLF,350290
9906226,241,6517,2013,,,1.4608299999999999,-0.567281,WLF,350290
9906227,241,6517,2014,,,1.0165819999999999,-0.481415,WLF,350290
9906228,241,6517,2015,,,0.858368,-0.6285810000000001,WLF,350290
9906229,241,6517,2016,,,1.1721700000000002,-0.658709,WLF,350290
9906230,241,6517,2017,,,1.156989,-0.59549,WLF,350290
9906231,241,6517,2018,,,1.604643,-0.608603,WLF,350290
9906232,241,6517,2019,,,2.073123,-0.6077170000000001,WLF,350290
9906233,241,6517,2020,,,0.601576,-0.727147,WLF,350290
9906234,242,6517,1995,,,-1.238049,-0.877899,WSM,350290
9906235,242,6517,1996,,,-0.9626600000000001,-0.838794,WSM,350290
9906236,242,6517,1997,,,-1.033099,-0.8692129999999999,WSM,350290
9906237,242,6517,1998,,,-1.3855540000000002,-0.932428,WSM,350290
9906238,242,6517,1999,,,-0.87316,-0.8508049999999999,WSM,350290
9906239,242,6517,2000,,,-1.2583469999999999,-0.988015,WSM,350290
9906240,242,6517,2001,,,-0.361456,-0.690474,WSM,350290
9906241,242,6517,2002,,,-0.053287,-0.5183399999999999,WSM,350290
9906242,242,6517,2003,,,-0.304377,-0.620659,WSM,350290
9906243,242,6517,2004,,,-0.129153,-0.6165510000000001,WSM,350290
9906244,242,6517,2005,,,0.31706,-0.384695,WSM,350290
9906245,242,6517,2006,,,0.299266,-0.477783,WSM,350290
9906246,242,6517,2007,,,-0.21260500000000002,-0.671421,WSM,350290
9906247,242,6517,2008,,,0.527804,-0.347197,WSM,350290
9906248,242,6517,2009,,,1.3006149999999999,0.354537,WSM,350290
9906249,242,6517,2010,,,1.236381,0.276124,WSM,350290
9906250,242,6517,2011,,,0.9658110000000001,0.30804699999999996,WSM,350290
9906251,242,6517,2012,,,0.537049,-0.065328,WSM,350290
9906252,242,6517,2013,,,0.824724,0.056441,WSM,350290
9906253,242,6517,2014,,,0.602344,-0.051224,WSM,350290
9906254,242,6517,2015,0.0,1476.0,0.351057,-0.158431,WSM,350290
9906255,242,6517,2016,0.0,4320.0,0.576339,-0.221148,WSM,350290
9906256,242,6517,2017,0.0,18799.0,0.450726,0.050197000000000006,WSM,350290
9906257,242,6517,2018,,,0.336421,0.186474,WSM,350290
9906258,242,6517,2019,0.0,3273.0,0.22290700000000002,-0.164178,WSM,350290
9906259,242,6517,2020,,,0.875817,-0.056116,WSM,350290
9906260,243,6517,1995,0.0,2069.0,-1.302346,-1.135961,YEM,350290
9906261,243,6517,1996,0.0,65726.0,-1.304556,-1.200523,YEM,350290
9906262,243,6517,1997,,,-1.7204130000000002,-1.242057,YEM,350290
9906263,243,6517,1998,,,-1.458683,-1.263139,YEM,350290
9906264,243,6517,1999,0.0,1070.0,-1.746447,-1.296571,YEM,350290
9906265,243,6517,2000,0.0,22619.0,-1.74462,-1.26072,YEM,350290
9906266,243,6517,2001,0.0,7165.0,-1.465154,-1.261615,YEM,350290
9906267,243,6517,2002,0.0,21720.0,-1.233006,-1.22101,YEM,350290
9906268,243,6517,2003,0.0,21585.0,-1.453584,-1.257815,YEM,350290
9906269,243,6517,2004,,,-1.15115,-1.207897,YEM,350290
9906270,243,6517,2005,0.0,3923.0,-1.214267,-1.2094719999999999,YEM,350290
9906271,243,6517,2006,,,-1.0407110000000002,-1.13042,YEM,350290
9906272,243,6517,2007,0.0,854.0,-1.2624600000000001,-1.2131290000000001,YEM,350290
9906273,243,6517,2008,0.0,2847.0,-1.227495,-1.191462,YEM,350290
9906274,243,6517,2009,0.0,1811.0,-0.845426,-1.119091,YEM,350290
9906275,243,6517,2010,,,-1.360851,-1.208826,YEM,350290
9906276,243,6517,2011,0.0,13935.0,-1.44127,-1.242875,YEM,350290
9906277,243,6517,2012,,,-1.277216,-1.2331590000000001,YEM,350290
9906278,243,6517,2013,,,-1.252605,-1.207324,YEM,350290
9906279,243,6517,2014,,,-1.2829190000000001,-1.227373,YEM,350290
9906280,243,6517,2015,,,-1.048632,-1.10843,YEM,350290
9906281,243,6517,2016,,,-1.232675,-1.205963,YEM,350290
9906282,243,6517,2017,,,-1.397594,-1.2342110000000002,YEM,350290
9906283,243,6517,2018,0.0,9501.0,-1.3332899999999999,-1.200589,YEM,350290
9906284,243,6517,2019,,,-1.4367860000000001,-1.262101,YEM,350290
9906285,243,6517,2020,,,-1.130952,-1.137774,YEM,350290
9906286,244,6517,1995,,,,,YMD,350290
9906287,244,6517,1996,,,,,YMD,350290
9906288,244,6517,1997,,,,,YMD,350290
9906289,244,6517,1998,,,,,YMD,350290
9906290,244,6517,1999,,,,,YMD,350290
9906291,244,6517,2000,,,,,YMD,350290
9906292,244,6517,2001,,,,,YMD,350290
9906293,244,6517,2002,,,,,YMD,350290
9906294,244,6517,2003,,,,,YMD,350290
9906295,244,6517,2004,,,,,YMD,350290
9906296,244,6517,2005,,,,,YMD,350290
9906297,244,6517,2006,,,,,YMD,350290
9906298,244,6517,2007,,,,,YMD,350290
9906299,244,6517,2008,,,,,YMD,350290
9906300,244,6517,2009,,,,,YMD,350290
9906301,244,6517,2010,,,,,YMD,350290
9906302,244,6517,2011,,,,,YMD,350290
9906303,244,6517,2012,,,,,YMD,350290
9906304,244,6517,2013,,,,,YMD,350290
9906305,244,6517,2014,,,,,YMD,350290
9906306,244,6517,2015,,,,,YMD,350290
9906307,244,6517,2016,,,,,YMD,350290
9906308,244,6517,2017,,,,,YMD,350290
9906309,244,6517,2018,,,,,YMD,350290
9906310,244,6517,2019,,,,,YMD,350290
9906311,244,6517,2020,,,,,YMD,350290
9906312,245,6517,1995,,,,,YUG,350290
9906313,245,6517,1996,,,,,YUG,350290
9906314,245,6517,1997,,,,,YUG,350290
9906315,245,6517,1998,,,,,YUG,350290
9906316,245,6517,1999,,,,,YUG,350290
9906317,245,6517,2000,,,,,YUG,350290
9906318,245,6517,2001,,,,,YUG,350290
9906319,245,6517,2002,,,,,YUG,350290
9906320,245,6517,2003,,,,,YUG,350290
9906321,245,6517,2004,,,,,YUG,350290
9906322,245,6517,2005,,,,,YUG,350290
9906323,245,6517,2006,,,,,YUG,350290
9906324,245,6517,2007,,,,,YUG,350290
9906325,245,6517,2008,,,,,YUG,350290
9906326,245,6517,2009,,,,,YUG,350290
9906327,245,6517,2010,,,,,YUG,350290
9906328,245,6517,2011,,,,,YUG,350290
9906329,245,6517,2012,,,,,YUG,350290
9906330,245,6517,2013,,,,,YUG,350290
9906331,245,6517,2014,,,,,YUG,350290
9906332,245,6517,2015,,,,,YUG,350290
9906333,245,6517,2016,,,,,YUG,350290
9906334,245,6517,2017,,,,,YUG,350290
9906335,245,6517,2018,,,,,YUG,350290
9906336,245,6517,2019,,,,,YUG,350290
9906337,245,6517,2020,,,,,YUG,350290
9906338,246,6517,1995,12640.0,57431.0,0.468112,1.039817,ZAF,350290
9906339,246,6517,1996,11794.0,98701.0,0.456593,1.150786,ZAF,350290
9906340,246,6517,1997,17203.0,177410.0,0.501792,1.1192440000000001,ZAF,350290
9906341,246,6517,1998,52044.0,332692.0,0.573958,1.3813739999999999,ZAF,350290
9906342,246,6517,1999,83787.0,199725.0,0.543171,1.432792,ZAF,350290
9906343,246,6517,2000,285962.0,121395.0,0.5307529999999999,2.1141810000000003,ZAF,350290
9906344,246,6517,2001,248005.0,341458.0,0.356842,2.006155,ZAF,350290
9906345,246,6517,2002,262829.0,314525.0,0.395943,2.392458,ZAF,350290
9906346,246,6517,2003,207432.0,464817.0,0.477987,2.255395,ZAF,350290
9906347,246,6517,2004,127251.0,1258495.0,0.460279,1.9736220000000002,ZAF,350290
9906348,246,6517,2005,44395.0,1191996.0,0.484464,1.65903,ZAF,350290
9906349,246,6517,2006,8161.0,819001.0,0.37964499999999995,1.466326,ZAF,350290
9906350,246,6517,2007,15141.0,3569111.0,0.349792,1.246052,ZAF,350290
9906351,246,6517,2008,217613.0,2724364.0,0.22551500000000002,1.185506,ZAF,350290
9906352,246,6517,2009,821652.0,1800903.0,0.316452,1.767795,ZAF,350290
9906353,246,6517,2010,27419.0,4066188.0,0.327326,1.513598,ZAF,350290
9906354,246,6517,2011,48445.0,6225490.0,0.241792,1.353011,ZAF,350290
9906355,246,6517,2012,115391.0,6122833.0,0.284069,1.730991,ZAF,350290
9906356,246,6517,2013,332800.0,8759166.0,0.380284,1.5682120000000002,ZAF,350290
9906357,246,6517,2014,977546.0,8159100.0,0.282927,1.723214,ZAF,350290
9906358,246,6517,2015,648326.0,9417926.0,0.24944699999999997,1.7573159999999999,ZAF,350290
9906359,246,6517,2016,747993.0,7661744.0,0.187396,1.46169,ZAF,350290
9906360,246,6517,2017,48017.0,11091434.0,0.2066,1.378591,ZAF,350290
9906361,246,6517,2018,301847.0,7236161.0,0.158722,1.394829,ZAF,350290
9906362,246,6517,2019,769786.0,6366953.0,0.129921,1.101027,ZAF,350290
9906363,246,6517,2020,612489.0,5649389.0,0.042099,0.923931,ZAF,350290
9906364,247,6517,1995,,,-0.214763,-0.721675,ZMB,350290
9906365,247,6517,1996,0.0,1244.0,-0.340956,-0.714009,ZMB,350290
9906366,247,6517,1997,0.0,6081.0,-0.62183,-0.809639,ZMB,350290
9906367,247,6517,1998,,,-0.383126,-0.501498,ZMB,350290
9906368,247,6517,1999,,,-0.388446,-0.47129099999999996,ZMB,350290
9906369,247,6517,2000,,,-0.761877,-0.6588510000000001,ZMB,350290
9906370,247,6517,2001,,,-0.731193,-0.706978,ZMB,350290
9906371,247,6517,2002,0.0,2721.0,-0.654686,-0.545346,ZMB,350290
9906372,247,6517,2003,,,-0.678149,-0.5919449999999999,ZMB,350290
9906373,247,6517,2004,,,-0.9972190000000001,-0.853986,ZMB,350290
9906374,247,6517,2005,0.0,9992.0,-0.854234,-0.9467399999999999,ZMB,350290
9906375,247,6517,2006,0.0,2138.0,-0.5307,-0.793621,ZMB,350290
9906376,247,6517,2007,,,-0.522838,-0.796874,ZMB,350290
9906377,247,6517,2008,,,-0.798489,-0.9437639999999999,ZMB,350290
9906378,247,6517,2009,,,-0.6423909999999999,-0.815315,ZMB,350290
9906379,247,6517,2010,0.0,4047.0,-0.650686,-0.830332,ZMB,350290
9906380,247,6517,2011,0.0,3385.0,-0.7599,-0.941019,ZMB,350290
9906381,247,6517,2012,0.0,1547.0,-0.40962200000000004,-0.770245,ZMB,350290
9906382,247,6517,2013,0.0,12146.0,-0.382129,-0.5442229999999999,ZMB,350290
9906383,247,6517,2014,0.0,2761.0,-0.664089,-0.793452,ZMB,350290
9906384,247,6517,2015,0.0,7428.0,-0.44792,-0.769586,ZMB,350290
9906385,247,6517,2016,0.0,11479.0,-0.632437,-0.968817,ZMB,350290
9906386,247,6517,2017,0.0,10238.0,-0.8594290000000001,-1.0574459999999999,ZMB,350290
9906387,247,6517,2018,0.0,25535.0,-0.736064,-0.93958,ZMB,350290
9906388,247,6517,2019,0.0,5584.0,-0.629261,-0.8471489999999999,ZMB,350290
9906389,247,6517,2020,0.0,3591.0,-0.9162379999999999,-0.9523940000000001,ZMB,350290
9906390,248,6517,1995,,,-0.054752999999999996,0.326737,ZWE,350290
9906391,248,6517,1996,0.0,2020.0,-0.393769,-0.34379,ZWE,350290
9906392,248,6517,1997,6081.0,3927.0,-0.36357399999999995,-0.449161,ZWE,350290
9906393,248,6517,1998,,,-0.49939399999999995,-0.430733,ZWE,350290
9906394,248,6517,1999,0.0,2161.0,-0.320533,-0.180527,ZWE,350290
9906395,248,6517,2000,,,-0.454005,0.082856,ZWE,350290
9906396,248,6517,2001,0.0,752.0,-0.6321829999999999,-0.453671,ZWE,350290
9906397,248,6517,2002,2923.0,0.0,-0.309483,0.271457,ZWE,350290
9906398,248,6517,2003,0.0,28313.0,-0.366539,-0.18906199999999998,ZWE,350290
9906399,248,6517,2004,,,-0.560593,-0.091112,ZWE,350290
9906400,248,6517,2005,,,-0.559266,-0.395637,ZWE,350290
9906401,248,6517,2006,,,-0.41825500000000004,-0.55313,ZWE,350290
9906402,248,6517,2007,0.0,4120.0,-0.5271399999999999,-0.47033800000000003,ZWE,350290
9906403,248,6517,2008,,,-0.377992,-0.577244,ZWE,350290
9906404,248,6517,2009,0.0,1706.0,-0.686822,-0.683511,ZWE,350290
9906405,248,6517,2010,,,-0.869909,-0.8233309999999999,ZWE,350290
9906406,248,6517,2011,0.0,3884.0,-0.858662,-0.8632719999999999,ZWE,350290
9906407,248,6517,2012,,,-0.8025100000000001,-0.869078,ZWE,350290
9906408,248,6517,2013,0.0,12455.0,-0.828702,-0.899175,ZWE,350290
9906409,248,6517,2014,0.0,58294.0,-0.821369,-0.864232,ZWE,350290
9906410,248,6517,2015,0.0,59067.0,-0.838017,-0.9400270000000001,ZWE,350290
9906411,248,6517,2016,0.0,18094.0,-1.083532,-1.0016610000000001,ZWE,350290
9906412,248,6517,2017,0.0,114208.0,-1.101402,-1.0831680000000001,ZWE,350290
9906413,248,6517,2018,0.0,335688.0,-1.181524,-1.0648520000000001,ZWE,350290
9906414,248,6517,2019,,,-0.9993780000000001,-1.018174,ZWE,350290
9906415,248,6517,2020,0.0,8229.0,-1.039532,-1.12853,ZWE,350290
9906416,249,6517,1995,2928.0,663088.0,1.345205,1.9337389999999999,TWN,350290
9906417,249,6517,1996,73828.0,2176844.0,1.432225,1.675389,TWN,350290
9906418,249,6517,1997,144565.0,1843895.0,1.317672,1.800561,TWN,350290
9906419,249,6517,1998,67678.0,1689787.0,1.224725,1.890322,TWN,350290
9906420,249,6517,1999,77758.0,1538394.0,1.336816,1.725334,TWN,350290
9906421,249,6517,2000,19708.0,1427674.0,1.44705,1.475122,TWN,350290
9906422,249,6517,2001,50783.0,1505274.0,1.5731700000000002,1.353159,TWN,350290
9906423,249,6517,2002,68651.0,1811912.0,1.683858,1.333601,TWN,350290
9906424,249,6517,2003,35282.0,2406429.0,1.5924040000000002,1.397843,TWN,350290
9906425,249,6517,2004,111214.0,3141197.0,1.626307,1.358315,TWN,350290
9906426,249,6517,2005,96614.0,3163795.0,1.577067,1.3218450000000002,TWN,350290
9906427,249,6517,2006,167947.0,3185411.0,1.619915,1.2289940000000001,TWN,350290
9906428,249,6517,2007,183372.0,3334289.0,1.651607,0.974649,TWN,350290
9906429,249,6517,2008,258594.0,3644642.0,1.611693,0.93875,TWN,350290
9906430,249,6517,2009,441206.0,3730156.0,1.5763120000000002,0.9567950000000001,TWN,350290
9906431,249,6517,2010,325431.0,5889789.0,1.766729,0.909335,TWN,350290
9906432,249,6517,2011,1037568.0,8325089.0,1.803234,0.921233,TWN,350290
9906433,249,6517,2012,1089690.0,7633435.0,1.6528,0.9437409999999999,TWN,350290
9906434,249,6517,2013,824299.0,7670840.0,1.843186,0.9432379999999999,TWN,350290
9906435,249,6517,2014,294341.0,7352127.0,1.9044189999999999,1.0595139999999998,TWN,350290
9906436,249,6517,2015,325725.0,7067215.0,1.962832,1.214982,TWN,350290
9906437,249,6517,2016,431573.0,6889447.0,2.002996,1.39485,TWN,350290
9906438,249,6517,2017,147214.0,6728065.0,2.0548290000000002,1.2552969999999999,TWN,350290
9906439,249,6517,2018,133859.0,8240017.0,2.0462540000000002,1.166636,TWN,350290
9906440,249,6517,2019,98630.0,11981936.0,2.123296,1.1786969999999999,TWN,350290
9906441,249,6517,2020,159051.0,13553782.0,2.0517060000000003,1.205431,TWN,350290
9906442,250,6517,1995,83993.0,10034.0,1.034518,0.9735149999999999,ANS,350290
9906443,250,6517,1996,34556.0,78408.0,1.084978,0.901755,ANS,350290
9906444,250,6517,1997,55091.0,4930.0,1.036748,0.851626,ANS,350290
9906445,250,6517,1998,142815.0,6318.0,1.144164,1.187425,ANS,350290
9906446,250,6517,1999,287544.0,6442.0,1.130511,0.9547379999999999,ANS,350290
9906447,250,6517,2000,51234.0,1436.0,1.195891,-0.22544,ANS,350290
9906448,250,6517,2001,82782.0,0.0,1.096023,-0.33562600000000004,ANS,350290
9906449,250,6517,2002,355639.0,0.0,0.734927,-0.40114099999999997,ANS,350290
9906450,250,6517,2003,84204.0,128315.0,0.45951499999999995,-0.2312,ANS,350290
9906451,250,6517,2004,3673.0,67467.0,0.509382,-0.30904299999999996,ANS,350290
9906452,250,6517,2005,131330.0,0.0,0.63454,-0.41119799999999995,ANS,350290
9906453,250,6517,2006,498615.0,0.0,0.711619,-0.41880200000000006,ANS,350290
9906454,250,6517,2007,1484398.0,0.0,0.671936,-0.284418,ANS,350290
9906455,250,6517,2008,509702.0,1487.0,0.547909,-0.5303640000000001,ANS,350290
9906456,250,6517,2009,874469.0,5166.0,0.582246,-0.10603,ANS,350290
9906457,250,6517,2010,21532.0,0.0,0.45129600000000003,-0.223517,ANS,350290
9906458,250,6517,2011,1904952.0,40229.0,0.475638,-0.160135,ANS,350290
9906459,250,6517,2012,1301204.0,174195.0,0.385997,-0.057784,ANS,350290
9906460,250,6517,2013,231460.0,72124.0,0.628555,0.277602,ANS,350290
9906461,250,6517,2014,47532.0,223903.0,0.506842,0.049545,ANS,350290
9906462,250,6517,2015,198577.0,163724.0,0.377283,-0.092204,ANS,350290
9906463,250,6517,2016,2026266.0,173432.0,0.773312,-0.015385,ANS,350290
9906464,250,6517,2017,62554.0,56970.0,0.72523,-0.205046,ANS,350290
9906465,250,6517,2018,301103.0,30240.0,0.809991,-0.368737,ANS,350290
9906466,250,6517,2019,162582.0,12223.0,0.8996129999999999,-0.152746,ANS,350290
9906467,250,6517,2020,150045.0,24296.0,0.866041,-0.371104,ANS,350290
9906468,0,6518,1995,,,-0.502999,-0.713013,ABW,350300
9906469,0,6518,1996,0.0,3074.0,-0.681487,-0.70999,ABW,350300
9906470,0,6518,1997,0.0,3615.0,-1.2908190000000002,-0.824577,ABW,350300
9906471,0,6518,1998,0.0,25788.0,0.197883,-0.726349,ABW,350300
9906472,0,6518,1999,0.0,7940.0,-0.11568599999999998,-0.8296680000000001,ABW,350300
9906473,0,6518,2000,0.0,3827.0,0.333381,-0.7784979999999999,ABW,350300
9906474,0,6518,2001,0.0,2917.0,-0.084715,-0.844852,ABW,350300
9906475,0,6518,2002,0.0,7826.0,0.017075999999999997,-0.844024,ABW,350300
9906476,0,6518,2003,0.0,204459.0,-0.13006600000000001,-0.783431,ABW,350300
9906477,0,6518,2004,0.0,36176.0,-0.30244099999999996,-0.892926,ABW,350300
9906478,0,6518,2005,,,0.409159,-0.712276,ABW,350300
9906479,0,6518,2006,0.0,18445.0,0.15112799999999998,-0.752631,ABW,350300
9906480,0,6518,2007,0.0,61535.0,-0.100145,-0.7896920000000001,ABW,350300
9906481,0,6518,2008,0.0,11151.0,-0.13050499999999998,-0.7932560000000001,ABW,350300
9906482,0,6518,2009,,,0.770077,-0.71001,ABW,350300
9906483,0,6518,2010,,,0.9906219999999999,0.159993,ABW,350300
9906484,0,6518,2011,,,-0.282585,-0.71273,ABW,350300
9906485,0,6518,2012,,,0.262866,-0.531974,ABW,350300
9906486,0,6518,2013,0.0,20776.0,0.913235,-0.149061,ABW,350300
9906487,0,6518,2014,0.0,3983.0,0.779539,-0.32255700000000004,ABW,350300
9906488,0,6518,2015,55499.0,13493.0,0.8526809999999999,-0.043541,ABW,350300
9906489,0,6518,2016,0.0,38100.0,0.9052,0.253571,ABW,350300
9906490,0,6518,2017,0.0,8288.0,0.845843,0.165178,ABW,350300
9906491,0,6518,2018,0.0,12718.0,0.8710549999999999,0.084402,ABW,350300
9906492,0,6518,2019,0.0,39514.0,1.077214,-0.060235000000000004,ABW,350300
9906493,0,6518,2020,0.0,10772.0,0.725364,-0.244535,ABW,350300
9906494,1,6518,1995,,,-0.44388199999999994,-0.631151,AFG,350300
9906495,1,6518,1996,,,-0.31642600000000004,-0.620458,AFG,350300
9906496,1,6518,1997,,,0.019025999999999998,-0.351461,AFG,350300
9906497,1,6518,1998,,,-0.323818,-0.698422,AFG,350300
9906498,1,6518,1999,,,-0.28520500000000004,-0.635241,AFG,350300
9906499,1,6518,2000,,,-0.19908399999999998,-0.519908,AFG,350300
9906500,1,6518,2001,,,-0.033686,-0.46412700000000007,AFG,350300
9906501,1,6518,2002,,,-0.262812,-0.503955,AFG,350300
9906502,1,6518,2003,,,-0.421205,-0.602704,AFG,350300
9906503,1,6518,2004,,,-0.6831550000000001,-0.756696,AFG,350300
9906504,1,6518,2005,,,-0.173509,-0.42569799999999997,AFG,350300
9906505,1,6518,2006,67250.0,0.0,-0.626011,-0.6799689999999999,AFG,350300
9906506,1,6518,2007,0.0,1373.0,-0.745981,-0.682003,AFG,350300
9906507,1,6518,2008,0.0,4588.0,-0.23668000000000003,-0.344418,AFG,350300
9906508,1,6518,2009,0.0,39657.0,-0.424354,-0.563383,AFG,350300
9906509,1,6518,2010,,,-0.054633,-0.102103,AFG,350300
9906510,1,6518,2011,2528.0,16525.0,-0.8426809999999999,-0.640418,AFG,350300
9906511,1,6518,2012,0.0,19747.0,-0.711192,-1.0911629999999999,AFG,350300
9906512,1,6518,2013,0.0,3788.0,-0.985727,-0.7164550000000001,AFG,350300
9906513,1,6518,2014,,,-0.924386,-0.839385,AFG,350300
9906514,1,6518,2015,0.0,2614.0,-1.249655,-0.9094459999999999,AFG,350300
9906515,1,6518,2016,0.0,4829.0,-1.497486,-1.002342,AFG,350300
9906516,1,6518,2017,,,-1.147348,-0.886799,AFG,350300
9906517,1,6518,2018,0.0,1810.0,-1.267508,-0.8494940000000001,AFG,350300
9906518,1,6518,2019,0.0,3123.0,-1.187576,-0.7731979999999999,AFG,350300
9906519,1,6518,2020,0.0,87227.0,-1.178987,-0.815577,AFG,350300
9906520,2,6518,1995,0.0,27027.0,-2.2342459999999997,-1.1147639999999999,AGO,350300
9906521,2,6518,1996,0.0,15812.0,-2.3109900000000003,-1.172849,AGO,350300
9906522,2,6518,1997,0.0,23885.0,-1.574236,-1.1722219999999999,AGO,350300
9906523,2,6518,1998,0.0,24587.0,-1.679223,-1.213275,AGO,350300
9906524,2,6518,1999,0.0,3275.0,-1.383262,-1.20434,AGO,350300
9906525,2,6518,2000,0.0,9697.0,-1.998198,-1.205407,AGO,350300
9906526,2,6518,2001,0.0,2940.0,-1.523823,-1.214093,AGO,350300
9906527,2,6518,2002,0.0,4083.0,-2.018135,-1.222751,AGO,350300
9906528,2,6518,2003,0.0,27526.0,-1.8762919999999998,-1.176541,AGO,350300
9906529,2,6518,2004,0.0,13881.0,-0.8513709999999999,-1.173397,AGO,350300
9906530,2,6518,2005,0.0,105349.0,-1.647198,-1.1817790000000001,AGO,350300
9906531,2,6518,2006,0.0,93154.0,-2.0822979999999998,-1.176767,AGO,350300
9906532,2,6518,2007,0.0,90964.0,-1.6925709999999998,-1.1987290000000002,AGO,350300
9906533,2,6518,2008,14407.0,79834.0,-2.0318669999999996,-1.149931,AGO,350300
9906534,2,6518,2009,0.0,244224.0,-0.809438,-1.190006,AGO,350300
9906535,2,6518,2010,0.0,196244.0,-1.3711010000000001,-1.170608,AGO,350300
9906536,2,6518,2011,0.0,412880.0,-1.252991,-1.132314,AGO,350300
9906537,2,6518,2012,0.0,695123.0,-1.521092,-1.157031,AGO,350300
9906538,2,6518,2013,0.0,379084.0,-1.172043,-1.133735,AGO,350300
9906539,2,6518,2014,0.0,538374.0,-1.8184900000000002,-1.149191,AGO,350300
9906540,2,6518,2015,0.0,183041.0,-1.6542,-1.2598989999999999,AGO,350300
9906541,2,6518,2016,0.0,339931.0,-1.313517,-1.262761,AGO,350300
9906542,2,6518,2017,0.0,263745.0,-1.408777,-1.215475,AGO,350300
9906543,2,6518,2018,2073.0,287569.0,-1.489191,-1.213992,AGO,350300
9906544,2,6518,2019,805.0,90545.0,-1.096127,-1.195434,AGO,350300
9906545,2,6518,2020,0.0,27258.0,-1.7948709999999999,-1.199555,AGO,350300
9906546,3,6518,1995,,,1.39062,-0.102344,AIA,350300
9906547,3,6518,1996,,,0.9183969999999999,-0.126271,AIA,350300
9906548,3,6518,1997,,,1.2688760000000001,0.19008599999999998,AIA,350300
9906549,3,6518,1998,,,0.8829440000000001,-0.185175,AIA,350300
9906550,3,6518,1999,,,0.9031899999999999,-0.402341,AIA,350300
9906551,3,6518,2000,,,1.57991,0.160971,AIA,350300
9906552,3,6518,2001,,,1.1659469999999998,0.12369000000000001,AIA,350300
9906553,3,6518,2002,,,1.801822,0.172557,AIA,350300
9906554,3,6518,2003,,,1.159575,-0.060911,AIA,350300
9906555,3,6518,2004,,,1.14242,-0.061847000000000006,AIA,350300
9906556,3,6518,2005,,,0.9438139999999999,-0.331494,AIA,350300
9906557,3,6518,2006,,,1.4066610000000002,-0.166941,AIA,350300
9906558,3,6518,2007,,,1.204732,-0.009463,AIA,350300
9906559,3,6518,2008,0.0,3591.0,1.3673950000000001,0.124948,AIA,350300
9906560,3,6518,2009,,,1.5343360000000001,-0.035211,AIA,350300
9906561,3,6518,2010,,,1.127307,0.035098000000000004,AIA,350300
9906562,3,6518,2011,,,1.3921459999999999,0.126905,AIA,350300
9906563,3,6518,2012,,,1.300748,0.187379,AIA,350300
9906564,3,6518,2013,,,1.5827879999999999,0.127141,AIA,350300
9906565,3,6518,2014,,,0.926517,-0.498487,AIA,350300
9906566,3,6518,2015,,,0.903682,-0.046925,AIA,350300
9906567,3,6518,2016,,,1.0810790000000001,-0.20086400000000001,AIA,350300
9906568,3,6518,2017,,,1.0311569999999999,-0.098749,AIA,350300
9906569,3,6518,2018,,,1.345238,-0.050174,AIA,350300
9906570,3,6518,2019,,,0.9469639999999999,-0.526437,AIA,350300
9906571,3,6518,2020,,,1.453992,-0.357415,AIA,350300
9906572,4,6518,1995,0.0,5861.0,-0.39273,-0.47259300000000004,ALB,350300
9906573,4,6518,1996,0.0,10644.0,-0.309992,-0.039541,ALB,350300
9906574,4,6518,1997,0.0,2287.0,-0.32351599999999997,-0.170449,ALB,350300
9906575,4,6518,1998,0.0,17553.0,-0.37657399999999996,-0.201006,ALB,350300
9906576,4,6518,1999,0.0,12833.0,-0.281783,-0.10076399999999999,ALB,350300
9906577,4,6518,2000,99908.0,6732.0,-0.083425,0.080963,ALB,350300
9906578,4,6518,2001,0.0,6459.0,-0.054125,0.104298,ALB,350300
9906579,4,6518,2002,1993.0,13910.0,-0.127828,-0.126857,ALB,350300
9906580,4,6518,2003,0.0,4190.0,-0.053595000000000004,0.166034,ALB,350300
9906581,4,6518,2004,0.0,11451.0,-0.131892,0.14985199999999999,ALB,350300
9906582,4,6518,2005,0.0,29978.0,-0.156823,0.187042,ALB,350300
9906583,4,6518,2006,0.0,30816.0,-0.340932,-0.06302200000000001,ALB,350300
9906584,4,6518,2007,0.0,56756.0,-0.20616700000000002,-0.016993,ALB,350300
9906585,4,6518,2008,0.0,43578.0,-0.252894,-0.0071400000000000005,ALB,350300
9906586,4,6518,2009,740.0,122529.0,-0.41612200000000005,-0.256639,ALB,350300
9906587,4,6518,2010,0.0,47770.0,-0.5316,-0.219561,ALB,350300
9906588,4,6518,2011,0.0,83079.0,-0.331435,-0.034828,ALB,350300
9906589,4,6518,2012,0.0,82514.0,-0.355898,-0.017434,ALB,350300
9906590,4,6518,2013,0.0,185970.0,-0.53682,-0.162391,ALB,350300
9906591,4,6518,2014,0.0,185356.0,-0.476024,-0.33978400000000003,ALB,350300
9906592,4,6518,2015,0.0,136704.0,-0.601875,-0.27003,ALB,350300
9906593,4,6518,2016,0.0,153493.0,-0.534645,-0.09027,ALB,350300
9906594,4,6518,2017,0.0,136501.0,-0.44769899999999996,-0.17193,ALB,350300
9906595,4,6518,2018,0.0,238634.0,-0.456481,-0.139655,ALB,350300
9906596,4,6518,2019,0.0,257612.0,-0.459614,-0.019257,ALB,350300
9906597,4,6518,2020,0.0,284131.0,-0.265229,0.059049000000000004,ALB,350300
9906598,5,6518,1995,,,1.126269,0.577384,AND,350300
9906599,5,6518,1996,,,1.0490059999999999,0.6587189999999999,AND,350300
9906600,5,6518,1997,,,1.087564,0.602846,AND,350300
9906601,5,6518,1998,,,1.079978,0.618452,AND,350300
9906602,5,6518,1999,,,0.98429,0.690354,AND,350300
9906603,5,6518,2000,,,1.0305,0.762984,AND,350300
9906604,5,6518,2001,,,1.049415,0.860241,AND,350300
9906605,5,6518,2002,0.0,4266.0,1.1751610000000001,0.8631700000000001,AND,350300
9906606,5,6518,2003,0.0,5635.0,1.0901319999999999,0.618693,AND,350300
9906607,5,6518,2004,0.0,2231.0,1.268618,0.835359,AND,350300
9906608,5,6518,2005,,,0.990216,0.430967,AND,350300
9906609,5,6518,2006,1103.0,1931.0,1.03128,0.402281,AND,350300
9906610,5,6518,2007,,,1.178982,0.778379,AND,350300
9906611,5,6518,2008,0.0,3249.0,0.971109,0.749296,AND,350300
9906612,5,6518,2009,0.0,3228.0,1.002767,0.6733,AND,350300
9906613,5,6518,2010,0.0,29749.0,0.8963620000000001,0.7650399999999999,AND,350300
9906614,5,6518,2011,,,0.787289,0.484512,AND,350300
9906615,5,6518,2012,,,0.978527,0.521579,AND,350300
9906616,5,6518,2013,,,0.9666530000000001,-0.159606,AND,350300
9906617,5,6518,2014,,,0.533246,-0.41617,AND,350300
9906618,5,6518,2015,0.0,1798.0,0.850153,0.383793,AND,350300
9906619,5,6518,2016,0.0,3279.0,1.06885,0.519109,AND,350300
9906620,5,6518,2017,0.0,2673.0,1.097505,0.480863,AND,350300
9906621,5,6518,2018,0.0,4027.0,0.975648,0.525437,AND,350300
9906622,5,6518,2019,0.0,4556.0,0.776042,0.167417,AND,350300
9906623,5,6518,2020,0.0,985.0,1.009457,0.2002,AND,350300
9906624,6,6518,1995,5612.0,88809.0,-0.020759,-0.653863,ANT,350300
9906625,6,6518,1996,0.0,55425.0,0.29339,-0.572443,ANT,350300
9906626,6,6518,1997,0.0,100451.0,0.406411,-0.46148100000000003,ANT,350300
9906627,6,6518,1998,6986.0,98418.0,0.666616,-0.224404,ANT,350300
9906628,6,6518,1999,0.0,72881.0,0.266874,-0.5122220000000001,ANT,350300
9906629,6,6518,2000,9263.0,40639.0,0.47719799999999996,-0.56103,ANT,350300
9906630,6,6518,2001,24976.0,17560.0,0.260662,-0.66681,ANT,350300
9906631,6,6518,2002,14339.0,24290.0,0.346519,-0.631549,ANT,350300
9906632,6,6518,2003,7184.0,50736.0,0.108903,-0.650137,ANT,350300
9906633,6,6518,2004,5783.0,103113.0,0.726256,-0.48520699999999994,ANT,350300
9906634,6,6518,2005,0.0,23512.0,-0.294813,-0.7054010000000001,ANT,350300
9906635,6,6518,2006,0.0,87090.0,0.251825,-0.629035,ANT,350300
9906636,6,6518,2007,13695.0,24085.0,0.305773,-0.504676,ANT,350300
9906637,6,6518,2008,17285.0,39781.0,0.31099,-0.536718,ANT,350300
9906638,6,6518,2009,0.0,23016.0,0.351025,-0.699817,ANT,350300
9906639,6,6518,2010,0.0,71179.0,-0.08593200000000001,-0.691395,ANT,350300
9906640,6,6518,2011,,,0.166465,-0.722459,ANT,350300
9906641,6,6518,2012,,,,,ANT,350300
9906642,6,6518,2013,,,,,ANT,350300
9906643,6,6518,2014,,,,,ANT,350300
9906644,6,6518,2015,,,,,ANT,350300
9906645,6,6518,2016,,,,,ANT,350300
9906646,6,6518,2017,,,,,ANT,350300
9906647,6,6518,2018,,,1.690827,-0.542337,ANT,350300
9906648,6,6518,2019,,,,,ANT,350300
9906649,6,6518,2020,,,,,ANT,350300
9906650,7,6518,1995,45094.0,312539.0,-0.205166,-0.6132380000000001,ARE,350300
9906651,7,6518,1996,0.0,257534.0,-0.245358,-0.726695,ARE,350300
9906652,7,6518,1997,175054.0,916979.0,-0.042154000000000004,-0.667389,ARE,350300
9906653,7,6518,1998,527295.0,559773.0,-0.274973,-0.481405,ARE,350300
9906654,7,6518,1999,1995869.0,894735.0,-0.21921,-0.54813,ARE,350300
9906655,7,6518,2000,1050910.0,718392.0,-0.111384,-0.490415,ARE,350300
9906656,7,6518,2001,50969.0,834019.0,-0.193984,-0.457124,ARE,350300
9906657,7,6518,2002,19619.0,839821.0,0.044683,-0.247191,ARE,350300
9906658,7,6518,2003,41459.0,784185.0,0.049637,-0.502691,ARE,350300
9906659,7,6518,2004,66999.0,495118.0,0.1799,-0.34541900000000003,ARE,350300
9906660,7,6518,2005,51217.0,861647.0,0.11526600000000001,-0.393171,ARE,350300
9906661,7,6518,2006,88866.0,978610.0,0.053903999999999994,-0.735124,ARE,350300
9906662,7,6518,2007,261551.0,1341449.0,-0.107504,-0.44744300000000004,ARE,350300
9906663,7,6518,2008,126048.0,1855496.0,-0.276433,-0.692392,ARE,350300
9906664,7,6518,2009,144794.0,1659468.0,0.070059,-0.619075,ARE,350300
9906665,7,6518,2010,3913509.0,3256671.0,0.29457,-0.196371,ARE,350300
9906666,7,6518,2011,4034175.0,8272696.0,0.030652,-0.450808,ARE,350300
9906667,7,6518,2012,774776.0,7511839.0,0.45351499999999995,-0.285021,ARE,350300
9906668,7,6518,2013,2669534.0,11862697.0,-0.074047,-0.585168,ARE,350300
9906669,7,6518,2014,1600490.0,7788661.0,0.087775,-0.289459,ARE,350300
9906670,7,6518,2015,1712987.0,5724688.0,0.21779600000000002,-0.0047420000000000006,ARE,350300
9906671,7,6518,2016,933832.0,3610041.0,0.11037999999999999,0.045327,ARE,350300
9906672,7,6518,2017,1037966.0,3340617.0,0.210477,0.02557,ARE,350300
9906673,7,6518,2018,1507562.0,2093835.0,0.11804400000000001,-0.326851,ARE,350300
9906674,7,6518,2019,855211.0,5227501.0,-0.165113,-0.8973540000000001,ARE,350300
9906675,7,6518,2020,3530118.0,7629769.0,-0.118349,-0.789485,ARE,350300
9906676,8,6518,1995,13111085.0,3173154.0,0.245885,0.5489850000000001,ARG,350300
9906677,8,6518,1996,16237466.0,2953535.0,0.167081,0.433612,ARG,350300
9906678,8,6518,1997,18125528.0,4340156.0,0.273654,0.495389,ARG,350300
9906679,8,6518,1998,20175447.0,3934702.0,0.272015,0.45031099999999996,ARG,350300
9906680,8,6518,1999,17309772.0,4505037.0,0.49933500000000003,0.593879,ARG,350300
9906681,8,6518,2000,17607088.0,3586457.0,0.43928999999999996,0.6839189999999999,ARG,350300
9906682,8,6518,2001,18510592.0,2447478.0,0.287698,0.547137,ARG,350300
9906683,8,6518,2002,20665472.0,2856785.0,0.284536,0.517425,ARG,350300
9906684,8,6518,2003,23491022.0,5657041.0,0.302073,0.49069700000000005,ARG,350300
9906685,8,6518,2004,19903732.0,6192872.0,0.28128600000000004,0.64115,ARG,350300
9906686,8,6518,2005,23648912.0,6446627.0,0.383772,0.656866,ARG,350300
9906687,8,6518,2006,30276872.0,7589504.0,0.33055,0.665867,ARG,350300
9906688,8,6518,2007,31417110.0,7767984.0,0.178214,0.5093850000000001,ARG,350300
9906689,8,6518,2008,35087962.0,7239347.0,0.278837,0.496784,ARG,350300
9906690,8,6518,2009,43993149.0,7168113.0,0.27637,0.611129,ARG,350300
9906691,8,6518,2010,40888534.0,9265224.0,0.27458899999999997,0.597907,ARG,350300
9906692,8,6518,2011,39676967.0,18292688.0,0.240494,0.540376,ARG,350300
9906693,8,6518,2012,43460392.0,20737958.0,0.149423,0.5191979999999999,ARG,350300
9906694,8,6518,2013,62112510.0,28443806.0,0.20314300000000002,0.494062,ARG,350300
9906695,8,6518,2014,56388198.0,18229209.0,0.10691500000000001,0.44860600000000006,ARG,350300
9906696,8,6518,2015,50159840.0,16164547.0,0.116896,0.30330999999999997,ARG,350300
9906697,8,6518,2016,42427174.0,16916495.0,-0.132495,0.16353199999999998,ARG,350300
9906698,8,6518,2017,42952934.0,18451691.0,-0.120753,0.233375,ARG,350300
9906699,8,6518,2018,42248721.0,19572202.0,-0.14316800000000002,0.14356,ARG,350300
9906700,8,6518,2019,32826675.0,25373023.0,-0.136634,0.127073,ARG,350300
9906701,8,6518,2020,26945570.0,31122641.0,-0.14746199999999998,0.039795,ARG,350300
9906702,9,6518,1995,0.0,3287.0,0.254546,-0.851535,ARM,350300
9906703,9,6518,1996,,,0.8798090000000001,0.05873300000000001,ARM,350300
9906704,9,6518,1997,,,1.178568,0.331529,ARM,350300
9906705,9,6518,1998,0.0,2604.0,0.848252,-0.159457,ARM,350300
9906706,9,6518,1999,0.0,4865.0,0.6218600000000001,-0.174906,ARM,350300
9906707,9,6518,2000,,,0.857776,-0.020538999999999998,ARM,350300
9906708,9,6518,2001,0.0,13128.0,0.834168,0.21458000000000002,ARM,350300
9906709,9,6518,2002,0.0,5644.0,0.710274,-0.11309000000000001,ARM,350300
9906710,9,6518,2003,0.0,5478.0,0.497521,-0.305788,ARM,350300
9906711,9,6518,2004,81906.0,3409.0,0.661799,-0.140004,ARM,350300
9906712,9,6518,2005,0.0,6294.0,0.435237,-0.436709,ARM,350300
9906713,9,6518,2006,0.0,73011.0,0.14539100000000002,-0.558014,ARM,350300
9906714,9,6518,2007,0.0,62060.0,0.7169,-0.019251,ARM,350300
9906715,9,6518,2008,0.0,88847.0,0.360609,-0.038343,ARM,350300
9906716,9,6518,2009,0.0,96030.0,0.24424899999999997,-0.30152399999999996,ARM,350300
9906717,9,6518,2010,0.0,92561.0,0.11632,-0.417048,ARM,350300
9906718,9,6518,2011,0.0,132686.0,0.543397,-0.029376999999999997,ARM,350300
9906719,9,6518,2012,4218.0,115008.0,0.49142299999999994,0.033657,ARM,350300
9906720,9,6518,2013,0.0,65198.0,-0.076922,-0.5781390000000001,ARM,350300
9906721,9,6518,2014,0.0,105837.0,-0.198322,-0.5918680000000001,ARM,350300
9906722,9,6518,2015,0.0,106343.0,0.037579,-0.42448800000000003,ARM,350300
9906723,9,6518,2016,0.0,122047.0,-0.044982999999999995,-0.518007,ARM,350300
9906724,9,6518,2017,0.0,143980.0,-0.23846799999999999,-0.658774,ARM,350300
9906725,9,6518,2018,0.0,219095.0,-0.330516,-0.604744,ARM,350300
9906726,9,6518,2019,0.0,130109.0,-0.203986,-0.667607,ARM,350300
9906727,9,6518,2020,0.0,173101.0,-0.129502,-0.671068,ARM,350300
9906728,10,6518,1995,,,,,ASM,350300
9906729,10,6518,1996,,,,,ASM,350300
9906730,10,6518,1997,,,,,ASM,350300
9906731,10,6518,1998,,,,,ASM,350300
9906732,10,6518,1999,,,,,ASM,350300
9906733,10,6518,2000,,,1.142464,0.18513,ASM,350300
9906734,10,6518,2001,,,1.343164,0.15453,ASM,350300
9906735,10,6518,2002,,,1.207516,0.092848,ASM,350300
9906736,10,6518,2003,,,1.0088139999999999,0.096969,ASM,350300
9906737,10,6518,2004,,,1.022895,0.395402,ASM,350300
9906738,10,6518,2005,,,1.448552,0.425875,ASM,350300
9906739,10,6518,2006,,,0.766232,-0.35907,ASM,350300
9906740,10,6518,2007,,,0.8147989999999999,-0.217887,ASM,350300
9906741,10,6518,2008,,,0.671995,-0.161012,ASM,350300
9906742,10,6518,2009,,,0.989991,0.109608,ASM,350300
9906743,10,6518,2010,,,0.966701,0.006139,ASM,350300
9906744,10,6518,2011,,,0.683813,-0.147767,ASM,350300
9906745,10,6518,2012,,,0.96986,-0.246709,ASM,350300
9906746,10,6518,2013,,,0.686489,-0.251618,ASM,350300
9906747,10,6518,2014,,,0.795219,-0.217498,ASM,350300
9906748,10,6518,2015,,,0.9878959999999999,-0.0613,ASM,350300
9906749,10,6518,2016,,,0.43456300000000003,-0.48827,ASM,350300
9906750,10,6518,2017,,,0.8844139999999999,-0.13786199999999998,ASM,350300
9906751,10,6518,2018,,,1.01754,-0.340514,ASM,350300
9906752,10,6518,2019,,,1.121876,0.061064999999999994,ASM,350300
9906753,10,6518,2020,,,1.135613,-0.247052,ASM,350300
9906754,11,6518,1995,,,,,ATA,350300
9906755,11,6518,1996,,,,,ATA,350300
9906756,11,6518,1997,,,,,ATA,350300
9906757,11,6518,1998,,,,,ATA,350300
9906758,11,6518,1999,,,,,ATA,350300
9906759,11,6518,2000,,,1.690604,-0.541395,ATA,350300
9906760,11,6518,2001,,,0.025889,-0.822216,ATA,350300
9906761,11,6518,2002,,,1.281658,-0.717151,ATA,350300
9906762,11,6518,2003,,,1.654827,-0.57998,ATA,350300
9906763,11,6518,2004,,,1.6855529999999999,-0.639636,ATA,350300
9906764,11,6518,2005,,,1.886624,-0.598132,ATA,350300
9906765,11,6518,2006,,,1.8180889999999998,-0.380529,ATA,350300
9906766,11,6518,2007,,,1.760301,-0.5213770000000001,ATA,350300
9906767,11,6518,2008,0.0,162041.0,1.011391,-0.54108,ATA,350300
9906768,11,6518,2009,,,2.014378,-0.596029,ATA,350300
9906769,11,6518,2010,,,1.337233,0.166186,ATA,350300
9906770,11,6518,2011,,,1.3527360000000002,-0.459545,ATA,350300
9906771,11,6518,2012,,,0.756587,-0.419392,ATA,350300
9906772,11,6518,2013,,,0.542668,-0.645867,ATA,350300
9906773,11,6518,2014,,,1.3498370000000002,-0.197062,ATA,350300
9906774,11,6518,2015,,,1.3470309999999999,-0.277438,ATA,350300
9906775,11,6518,2016,,,1.353034,-0.511497,ATA,350300
9906776,11,6518,2017,,,1.794645,-0.356097,ATA,350300
9906777,11,6518,2018,,,1.348992,-0.53395,ATA,350300
9906778,11,6518,2019,,,1.444007,-0.373372,ATA,350300
9906779,11,6518,2020,,,1.05679,-0.5454140000000001,ATA,350300
9906780,12,6518,1995,,,-0.36803,-0.726442,ATF,350300
9906781,12,6518,1996,,,0.9111940000000001,-0.643588,ATF,350300
9906782,12,6518,1997,,,0.675261,-0.765744,ATF,350300
9906783,12,6518,1998,,,-1.9908700000000001,-0.820471,ATF,350300
9906784,12,6518,1999,,,2.225379,-0.7499819999999999,ATF,350300
9906785,12,6518,2000,,,1.753868,-0.78946,ATF,350300
9906786,12,6518,2001,,,0.859619,-0.755081,ATF,350300
9906787,12,6518,2002,,,1.532758,-0.491439,ATF,350300
9906788,12,6518,2003,,,1.062357,-0.433928,ATF,350300
9906789,12,6518,2004,,,0.8093670000000001,-0.576628,ATF,350300
9906790,12,6518,2005,,,0.173228,-0.701575,ATF,350300
9906791,12,6518,2006,,,0.610775,-0.616283,ATF,350300
9906792,12,6518,2007,,,0.748167,-0.42723900000000004,ATF,350300
9906793,12,6518,2008,,,-0.038752999999999996,-0.7738079999999999,ATF,350300
9906794,12,6518,2009,,,-0.129751,-0.8515290000000001,ATF,350300
9906795,12,6518,2010,,,0.45676300000000003,-0.75267,ATF,350300
9906796,12,6518,2011,,,1.307333,-0.426333,ATF,350300
9906797,12,6518,2012,,,0.783496,-0.519922,ATF,350300
9906798,12,6518,2013,,,0.308415,-0.683897,ATF,350300
9906799,12,6518,2014,,,0.8714149999999999,-0.652,ATF,350300
9906800,12,6518,2015,,,0.7385430000000001,-0.6156,ATF,350300
9906801,12,6518,2016,,,0.589661,-0.733125,ATF,350300
9906802,12,6518,2017,,,0.439795,-0.78242,ATF,350300
9906803,12,6518,2018,,,1.144196,-0.618788,ATF,350300
9906804,12,6518,2019,,,1.100273,-0.637684,ATF,350300
9906805,12,6518,2020,,,0.46278100000000005,-0.782172,ATF,350300
9906806,13,6518,1995,0.0,16036.0,-0.06877,-0.550291,ATG,350300
9906807,13,6518,1996,,,0.408319,-0.21640700000000002,ATG,350300
9906808,13,6518,1997,0.0,2681.0,0.510371,-0.314213,ATG,350300
9906809,13,6518,1998,,,0.441453,-0.238813,ATG,350300
9906810,13,6518,1999,0.0,2960.0,0.6179140000000001,0.156854,ATG,350300
9906811,13,6518,2000,0.0,29387.0,0.329016,-0.510285,ATG,350300
9906812,13,6518,2001,,,-0.036838,-0.6593600000000001,ATG,350300
9906813,13,6518,2002,,,0.958779,-0.56295,ATG,350300
9906814,13,6518,2003,,,0.014283,-0.564587,ATG,350300
9906815,13,6518,2004,,,0.257288,-0.645794,ATG,350300
9906816,13,6518,2005,0.0,2146.0,-0.31409000000000004,-0.728541,ATG,350300
9906817,13,6518,2006,0.0,2201.0,-0.139051,-0.780321,ATG,350300
9906818,13,6518,2007,,,0.5574899999999999,-0.125609,ATG,350300
9906819,13,6518,2008,0.0,6566.0,1.041425,0.198248,ATG,350300
9906820,13,6518,2009,328.0,1482.0,0.930903,0.279441,ATG,350300
9906821,13,6518,2010,,,1.2153129999999999,0.955838,ATG,350300
9906822,13,6518,2011,110822.0,1309.0,0.257238,-0.275891,ATG,350300
9906823,13,6518,2012,2888.0,0.0,0.8666520000000001,1.1798549999999999,ATG,350300
9906824,13,6518,2013,,,0.096563,-0.60577,ATG,350300
9906825,13,6518,2014,0.0,1209.0,0.169764,-0.621576,ATG,350300
9906826,13,6518,2015,247625.0,1285.0,0.43318,-0.552045,ATG,350300
9906827,13,6518,2016,580563.0,0.0,0.19935999999999998,-0.538471,ATG,350300
9906828,13,6518,2017,0.0,4204.0,0.42561099999999996,-0.42671099999999995,ATG,350300
9906829,13,6518,2018,47691.0,14674.0,0.08520499999999999,-0.630757,ATG,350300
9906830,13,6518,2019,0.0,19211.0,0.391831,-0.723957,ATG,350300
9906831,13,6518,2020,,,-0.210313,-0.811104,ATG,350300
9906832,14,6518,1995,340945.0,19072146.0,0.44442,0.789292,AUS,350300
9906833,14,6518,1996,1046096.0,17886927.0,0.369697,0.78069,AUS,350300
9906834,14,6518,1997,2588238.0,15646201.0,0.428555,0.798283,AUS,350300
9906835,14,6518,1998,767409.0,13743168.0,0.375317,0.8864629999999999,AUS,350300
9906836,14,6518,1999,411953.0,18317886.0,0.357101,0.8857879999999999,AUS,350300
9906837,14,6518,2000,443691.0,17134490.0,0.279804,0.9355540000000001,AUS,350300
9906838,14,6518,2001,1039571.0,14963584.0,0.29463,0.772375,AUS,350300
9906839,14,6518,2002,1288671.0,17072344.0,0.231386,0.771628,AUS,350300
9906840,14,6518,2003,1808644.0,16545637.0,0.316879,0.9409489999999999,AUS,350300
9906841,14,6518,2004,2740796.0,17053997.0,0.196641,0.8139460000000001,AUS,350300
9906842,14,6518,2005,1907101.0,12322249.0,0.18443099999999998,0.489043,AUS,350300
9906843,14,6518,2006,2465097.0,12890757.0,0.067166,0.373148,AUS,350300
9906844,14,6518,2007,4423203.0,17551903.0,0.137686,0.451592,AUS,350300
9906845,14,6518,2008,5873043.0,20084374.0,-0.171801,-0.012588,AUS,350300
9906846,14,6518,2009,6518138.0,20290063.0,-0.109286,0.13586900000000002,AUS,350300
9906847,14,6518,2010,8895443.0,18368344.0,-0.276442,0.062023,AUS,350300
9906848,14,6518,2011,7866043.0,26645612.0,-0.138148,0.002999,AUS,350300
9906849,14,6518,2012,14063192.0,33598984.0,-0.352742,-0.145405,AUS,350300
9906850,14,6518,2013,9792725.0,24856817.0,-0.31145700000000004,-0.167628,AUS,350300
9906851,14,6518,2014,11030939.0,25473574.0,-0.398273,-0.17128,AUS,350300
9906852,14,6518,2015,12637574.0,29631186.0,-0.292325,-0.043489,AUS,350300
9906853,14,6518,2016,8968286.0,25370419.0,-0.25955300000000003,0.0011070000000000001,AUS,350300
9906854,14,6518,2017,6443674.0,21767313.0,-0.42427200000000004,-0.152921,AUS,350300
9906855,14,6518,2018,11337123.0,33958052.0,-0.29687199999999997,-0.123116,AUS,350300
9906856,14,6518,2019,14624538.0,26607397.0,-0.294558,-0.180198,AUS,350300
9906857,14,6518,2020,10403646.0,31260253.0,-0.32910500000000004,-0.232963,AUS,350300
9906858,15,6518,1995,1130349.0,8145565.0,2.000295,0.661255,AUT,350300
9906859,15,6518,1996,822661.0,9796459.0,1.9216669999999998,0.659388,AUT,350300
9906860,15,6518,1997,1313807.0,9133264.0,1.8926189999999998,0.624346,AUT,350300
9906861,15,6518,1998,1153466.0,9892283.0,1.891966,0.508137,AUT,350300
9906862,15,6518,1999,1140922.0,9923352.0,1.836804,0.744312,AUT,350300
9906863,15,6518,2000,681163.0,5696551.0,1.842429,0.464405,AUT,350300
9906864,15,6518,2001,664992.0,9760054.0,1.8571650000000002,0.603191,AUT,350300
9906865,15,6518,2002,732981.0,10446061.0,1.8651200000000001,0.48423900000000003,AUT,350300
9906866,15,6518,2003,1210918.0,11195105.0,1.834977,0.408096,AUT,350300
9906867,15,6518,2004,935228.0,12765845.0,1.825391,0.40553,AUT,350300
9906868,15,6518,2005,1424737.0,11223481.0,1.808359,0.148177,AUT,350300
9906869,15,6518,2006,1586181.0,11710189.0,1.775669,0.192717,AUT,350300
9906870,15,6518,2007,1276310.0,12968376.0,1.730088,-0.045543,AUT,350300
9906871,15,6518,2008,948936.0,17577885.0,1.634816,-0.078419,AUT,350300
9906872,15,6518,2009,804278.0,15033002.0,1.651325,-0.020794,AUT,350300
9906873,15,6518,2010,615379.0,13101434.0,1.724315,-0.29379099999999997,AUT,350300
9906874,15,6518,2011,885281.0,17232803.0,1.687634,-0.229095,AUT,350300
9906875,15,6518,2012,1116455.0,19128727.0,1.6092870000000001,-0.29859,AUT,350300
9906876,15,6518,2013,1080680.0,21574227.0,1.7209240000000001,-0.286892,AUT,350300
9906877,15,6518,2014,1312307.0,20508840.0,1.7116790000000002,-0.140232,AUT,350300
9906878,15,6518,2015,1636313.0,21421401.0,1.747098,-0.08026699999999999,AUT,350300
9906879,15,6518,2016,1491314.0,16142298.0,1.759363,0.127262,AUT,350300
9906880,15,6518,2017,1239931.0,19952934.0,1.728623,-0.031045999999999997,AUT,350300
9906881,15,6518,2018,1365369.0,20415065.0,1.774488,-0.21117800000000003,AUT,350300
9906882,15,6518,2019,1391902.0,18139690.0,1.743927,-0.076778,AUT,350300
9906883,15,6518,2020,1148489.0,19043140.0,1.6711310000000001,0.059096,AUT,350300
9906884,16,6518,1995,,,-0.084566,-0.839039,AZE,350300
9906885,16,6518,1996,0.0,381679.0,0.500442,-0.280796,AZE,350300
9906886,16,6518,1997,0.0,139111.0,0.290957,-0.18282,AZE,350300
9906887,16,6518,1998,0.0,54921.0,0.344571,-0.321203,AZE,350300
9906888,16,6518,1999,0.0,45556.0,-0.076295,-0.742161,AZE,350300
9906889,16,6518,2000,0.0,27583.0,-0.08565700000000001,-0.726073,AZE,350300
9906890,16,6518,2001,0.0,25925.0,-0.6731090000000001,-1.037922,AZE,350300
9906891,16,6518,2002,0.0,15994.0,-0.41282299999999994,-0.967931,AZE,350300
9906892,16,6518,2003,0.0,119453.0,-0.304606,-0.975453,AZE,350300
9906893,16,6518,2004,0.0,130465.0,-0.393221,-0.9494440000000001,AZE,350300
9906894,16,6518,2005,0.0,65636.0,-0.272611,-0.9508709999999999,AZE,350300
9906895,16,6518,2006,5707.0,131966.0,-0.521304,-1.035764,AZE,350300
9906896,16,6518,2007,0.0,84281.0,-0.897342,-1.174224,AZE,350300
9906897,16,6518,2008,0.0,171550.0,-0.7143109999999999,-1.114747,AZE,350300
9906898,16,6518,2009,0.0,89170.0,-1.124423,-1.228081,AZE,350300
9906899,16,6518,2010,0.0,167793.0,-1.048424,-1.2030370000000001,AZE,350300
9906900,16,6518,2011,0.0,141039.0,-1.313136,-1.189989,AZE,350300
9906901,16,6518,2012,38446.0,83482.0,-0.827783,-1.158852,AZE,350300
9906902,16,6518,2013,0.0,171438.0,-0.9232870000000001,-1.165928,AZE,350300
9906903,16,6518,2014,0.0,192042.0,-0.909508,-1.165158,AZE,350300
9906904,16,6518,2015,0.0,191249.0,-0.983347,-1.231542,AZE,350300
9906905,16,6518,2016,0.0,45839.0,-0.909744,-1.180449,AZE,350300
9906906,16,6518,2017,0.0,51701.0,-1.022455,-1.199225,AZE,350300
9906907,16,6518,2018,0.0,63763.0,-1.144089,-1.224327,AZE,350300
9906908,16,6518,2019,0.0,373034.0,-1.005636,-1.2094209999999999,AZE,350300
9906909,16,6518,2020,0.0,1878162.0,-1.142366,-1.2529190000000001,AZE,350300
9906910,17,6518,1995,0.0,1244.0,-1.435347,-0.9015,BDI,350300
9906911,17,6518,1996,0.0,63264.0,-0.955951,-0.8721180000000001,BDI,350300
9906912,17,6518,1997,,,-1.118475,-0.881657,BDI,350300
9906913,17,6518,1998,0.0,28907.0,-1.0261360000000002,-0.872906,BDI,350300
9906914,17,6518,1999,,,-1.601732,-1.003119,BDI,350300
9906915,17,6518,2000,0.0,2583.0,-1.262913,-0.923889,BDI,350300
9906916,17,6518,2001,,,-0.554955,-0.755333,BDI,350300
9906917,17,6518,2002,0.0,21069.0,-0.333602,-0.648837,BDI,350300
9906918,17,6518,2003,,,-0.550138,-0.759304,BDI,350300
9906919,17,6518,2004,,,-0.939393,-0.919969,BDI,350300
9906920,17,6518,2005,0.0,1305.0,-0.7587,-0.820622,BDI,350300
9906921,17,6518,2006,0.0,938.0,-0.033711,-0.48450600000000005,BDI,350300
9906922,17,6518,2007,,,-0.33884899999999996,-0.661017,BDI,350300
9906923,17,6518,2008,0.0,1341.0,-0.313815,-0.539678,BDI,350300
9906924,17,6518,2009,0.0,26739.0,-0.43971099999999996,-0.575079,BDI,350300
9906925,17,6518,2010,,,-0.922883,-0.748675,BDI,350300
9906926,17,6518,2011,,,-0.8287049999999999,-0.774558,BDI,350300
9906927,17,6518,2012,,,-0.346028,-1.021892,BDI,350300
9906928,17,6518,2013,0.0,1434.0,-0.824903,-0.906436,BDI,350300
9906929,17,6518,2014,,,-0.242256,-0.8567879999999999,BDI,350300
9906930,17,6518,2015,0.0,2979.0,-0.993318,-1.031194,BDI,350300
9906931,17,6518,2016,,,-1.0141229999999999,-0.908808,BDI,350300
9906932,17,6518,2017,,,-0.637985,-1.051277,BDI,350300
9906933,17,6518,2018,,,-0.654964,-0.9683229999999999,BDI,350300
9906934,17,6518,2019,0.0,1586.0,-0.689117,-0.9027209999999999,BDI,350300
9906935,17,6518,2020,0.0,2289.0,-0.748203,-0.874817,BDI,350300
9906936,18,6518,1995,92180885.0,61544085.0,1.615588,1.394102,BEL,350300
9906937,18,6518,1996,95206490.0,52460875.0,1.549312,1.273767,BEL,350300
9906938,18,6518,1997,91848173.0,46945087.0,1.4274069999999999,1.490435,BEL,350300
9906939,18,6518,1998,96121466.0,49796944.0,1.4740739999999999,1.2530430000000001,BEL,350300
9906940,18,6518,1999,84453047.0,50895023.0,1.512061,1.253478,BEL,350300
9906941,18,6518,2000,73181266.0,27335755.0,1.403838,1.349607,BEL,350300
9906942,18,6518,2001,79747203.0,34631952.0,1.4328370000000001,1.408495,BEL,350300
9906943,18,6518,2002,78070665.0,37230902.0,1.4097469999999999,1.440169,BEL,350300
9906944,18,6518,2003,95856656.0,44369571.0,1.361682,1.39536,BEL,350300
9906945,18,6518,2004,108644114.0,47669602.0,1.350911,1.408209,BEL,350300
9906946,18,6518,2005,111631452.0,51664653.0,1.275296,1.345063,BEL,350300
9906947,18,6518,2006,107914114.0,55683505.0,1.2222540000000002,1.383027,BEL,350300
9906948,18,6518,2007,118221972.0,51707064.0,1.2880479999999999,1.145724,BEL,350300
9906949,18,6518,2008,120997069.0,70228154.0,1.297416,0.9716549999999999,BEL,350300
9906950,18,6518,2009,118791085.0,67355532.0,1.272011,1.074548,BEL,350300
9906951,18,6518,2010,114436642.0,62625695.0,1.2224270000000002,1.1276,BEL,350300
9906952,18,6518,2011,150223614.0,82690889.0,1.221703,1.247961,BEL,350300
9906953,18,6518,2012,168640059.0,74703188.0,1.107155,1.448274,BEL,350300
9906954,18,6518,2013,178988897.0,83929181.0,1.316207,0.972601,BEL,350300
9906955,18,6518,2014,152245556.0,74121852.0,1.234156,1.226441,BEL,350300
9906956,18,6518,2015,115127820.0,75265915.0,1.329866,1.100641,BEL,350300
9906957,18,6518,2016,141417396.0,77850737.0,1.3102610000000001,1.214573,BEL,350300
9906958,18,6518,2017,142443003.0,90200085.0,1.292657,1.19571,BEL,350300
9906959,18,6518,2018,147263276.0,84554302.0,1.270641,1.201063,BEL,350300
9906960,18,6518,2019,147707870.0,76670244.0,1.2555969999999999,1.168642,BEL,350300
9906961,18,6518,2020,171554568.0,85958132.0,1.204632,1.278346,BEL,350300
9906962,19,6518,1995,,,-1.142708,-0.9045280000000001,BEN,350300
9906963,19,6518,1996,0.0,2933.0,-1.0032729999999999,-0.794779,BEN,350300
9906964,19,6518,1997,,,-1.1300780000000001,-0.938398,BEN,350300
9906965,19,6518,1998,,,-0.8198,-0.8584780000000001,BEN,350300
9906966,19,6518,1999,,,-1.033831,-0.858941,BEN,350300
9906967,19,6518,2000,0.0,2560.0,-0.9513729999999999,-0.806106,BEN,350300
9906968,19,6518,2001,12712.0,0.0,-1.09233,-0.8276969999999999,BEN,350300
9906969,19,6518,2002,0.0,3434.0,-0.724829,-0.705625,BEN,350300
9906970,19,6518,2003,0.0,986.0,-1.150888,-0.956203,BEN,350300
9906971,19,6518,2004,,,-1.299345,-0.9871260000000001,BEN,350300
9906972,19,6518,2005,0.0,1104.0,-0.7930510000000001,-0.798868,BEN,350300
9906973,19,6518,2006,0.0,8293.0,-0.8434360000000001,-0.798307,BEN,350300
9906974,19,6518,2007,0.0,1890.0,-1.055882,-0.880178,BEN,350300
9906975,19,6518,2008,0.0,6688.0,-1.171101,-0.9600569999999999,BEN,350300
9906976,19,6518,2009,0.0,7035.0,-0.93195,-0.813017,BEN,350300
9906977,19,6518,2010,0.0,678.0,-1.0660120000000002,-0.9961190000000001,BEN,350300
9906978,19,6518,2011,0.0,1643.0,-1.189478,-0.8684709999999999,BEN,350300
9906979,19,6518,2012,,,-0.981576,-0.9708200000000001,BEN,350300
9906980,19,6518,2013,0.0,2293.0,-0.919968,-0.90691,BEN,350300
9906981,19,6518,2014,0.0,1243.0,-0.342225,-0.618789,BEN,350300
9906982,19,6518,2015,,,-0.5641470000000001,-0.8971020000000001,BEN,350300
9906983,19,6518,2016,0.0,15040.0,-0.971123,-0.801574,BEN,350300
9906984,19,6518,2017,0.0,1261.0,-0.755027,-0.796864,BEN,350300
9906985,19,6518,2018,0.0,141494.0,-0.646475,-0.769808,BEN,350300
9906986,19,6518,2019,0.0,90187.0,-0.861242,-0.8837440000000001,BEN,350300
9906987,19,6518,2020,0.0,4697.0,-0.467344,-0.686191,BEN,350300
9906988,20,6518,1995,,,,,BES,350300
9906989,20,6518,1996,,,,,BES,350300
9906990,20,6518,1997,,,,,BES,350300
9906991,20,6518,1998,,,,,BES,350300
9906992,20,6518,1999,,,,,BES,350300
9906993,20,6518,2000,,,,,BES,350300
9906994,20,6518,2001,,,,,BES,350300
9906995,20,6518,2002,,,,,BES,350300
9906996,20,6518,2003,,,,,BES,350300
9906997,20,6518,2004,,,,,BES,350300
9906998,20,6518,2005,,,,,BES,350300
9906999,20,6518,2006,,,,,BES,350300
9907000,20,6518,2007,,,,,BES,350300
9907001,20,6518,2008,,,,,BES,350300
9907002,20,6518,2009,,,,,BES,350300
9907003,20,6518,2010,,,,,BES,350300
9907004,20,6518,2011,,,2.97261,-0.659454,BES,350300
9907005,20,6518,2012,,,2.314816,-0.677359,BES,350300
9907006,20,6518,2013,,,1.6446889999999998,-0.481741,BES,350300
9907007,20,6518,2014,,,-0.18363,-0.7995760000000001,BES,350300
9907008,20,6518,2015,,,1.036306,-0.715777,BES,350300
9907009,20,6518,2016,,,0.427425,-0.8977280000000001,BES,350300
9907010,20,6518,2017,,,1.1776659999999999,-0.748922,BES,350300
9907011,20,6518,2018,,,0.952758,-0.631328,BES,350300
9907012,20,6518,2019,,,0.41463500000000003,-0.899409,BES,350300
9907013,20,6518,2020,,,0.653039,-0.6295270000000001,BES,350300
9907014,21,6518,1995,,,-0.695354,-0.902185,BFA,350300
9907015,21,6518,1996,0.0,14050.0,-0.680996,-0.863442,BFA,350300
9907016,21,6518,1997,0.0,3973.0,-0.204096,-0.731299,BFA,350300
9907017,21,6518,1998,,,-0.535488,-0.900509,BFA,350300
9907018,21,6518,1999,0.0,4084.0,-0.386471,-0.7413109999999999,BFA,350300
9907019,21,6518,2000,,,-0.020397,-0.32743,BFA,350300
9907020,21,6518,2001,1981.0,0.0,-0.291485,-0.20803000000000002,BFA,350300
9907021,21,6518,2002,0.0,1730.0,-0.477813,-0.647148,BFA,350300
9907022,21,6518,2003,,,-0.9365690000000001,-0.9699409999999999,BFA,350300
9907023,21,6518,2004,0.0,2323.0,-1.000801,-1.00024,BFA,350300
9907024,21,6518,2005,,,-1.193629,-1.031656,BFA,350300
9907025,21,6518,2006,,,-0.9432020000000001,-0.969247,BFA,350300
9907026,21,6518,2007,0.0,2888.0,-0.960893,-0.94458,BFA,350300
9907027,21,6518,2008,0.0,1966.0,-1.076309,-1.012701,BFA,350300
9907028,21,6518,2009,0.0,1027.0,-1.283807,-1.061272,BFA,350300
9907029,21,6518,2010,0.0,1457.0,-0.625747,-0.700651,BFA,350300
9907030,21,6518,2011,0.0,3786.0,-1.163278,-1.002332,BFA,350300
9907031,21,6518,2012,0.0,2067.0,-0.662994,-0.738795,BFA,350300
9907032,21,6518,2013,0.0,8442.0,-0.9110360000000001,-0.852492,BFA,350300
9907033,21,6518,2014,0.0,5820.0,-0.922401,-0.9554379999999999,BFA,350300
9907034,21,6518,2015,,,-1.085359,-1.034365,BFA,350300
9907035,21,6518,2016,0.0,13611.0,-1.0885790000000002,-1.027005,BFA,350300
9907036,21,6518,2017,0.0,5112.0,-1.100802,-1.0632110000000001,BFA,350300
9907037,21,6518,2018,0.0,3831.0,-0.8835200000000001,-0.9790620000000001,BFA,350300
9907038,21,6518,2019,0.0,4146.0,-0.805181,-0.941847,BFA,350300
9907039,21,6518,2020,,,-0.7634310000000001,-0.938997,BFA,350300
9907040,22,6518,1995,0.0,434533.0,-1.037175,-0.983195,BGD,350300
9907041,22,6518,1996,94116.0,190501.0,-1.060876,-1.05104,BGD,350300
9907042,22,6518,1997,106908.0,396104.0,-1.027777,-1.048214,BGD,350300
9907043,22,6518,1998,327083.0,176102.0,-1.130729,-1.001385,BGD,350300
9907044,22,6518,1999,324788.0,136964.0,-1.258857,-1.140375,BGD,350300
9907045,22,6518,2000,253977.0,179913.0,-1.037212,-0.964965,BGD,350300
9907046,22,6518,2001,248367.0,154119.0,-1.0406739999999999,-1.010108,BGD,350300
9907047,22,6518,2002,239676.0,134366.0,-1.134933,-1.061633,BGD,350300
9907048,22,6518,2003,313263.0,170267.0,-1.168404,-1.035782,BGD,350300
9907049,22,6518,2004,798881.0,126461.0,-1.150444,-0.885333,BGD,350300
9907050,22,6518,2005,903267.0,188334.0,-1.083754,-0.817738,BGD,350300
9907051,22,6518,2006,910559.0,206377.0,-1.0305309999999999,-0.80937,BGD,350300
9907052,22,6518,2007,768103.0,380201.0,-0.9436469999999999,-0.7200310000000001,BGD,350300
9907053,22,6518,2008,1167431.0,745787.0,-0.852774,-0.766779,BGD,350300
9907054,22,6518,2009,930500.0,493070.0,-1.030722,-0.860137,BGD,350300
9907055,22,6518,2010,525917.0,616844.0,-0.974526,-0.76566,BGD,350300
9907056,22,6518,2011,499647.0,784883.0,-1.074416,-0.8276370000000001,BGD,350300
9907057,22,6518,2012,562919.0,874657.0,-0.8932610000000001,-0.762658,BGD,350300
9907058,22,6518,2013,955784.0,730176.0,-1.101916,-0.734646,BGD,350300
9907059,22,6518,2014,1690219.0,1512716.0,-1.0341879999999999,-0.9614870000000001,BGD,350300
9907060,22,6518,2015,1084520.0,1215292.0,-1.088465,-0.8745360000000001,BGD,350300
9907061,22,6518,2016,1724935.0,1266562.0,-1.107523,-1.065009,BGD,350300
9907062,22,6518,2017,1357165.0,1315945.0,-1.016251,-0.987654,BGD,350300
9907063,22,6518,2018,1143100.0,1669907.0,-0.899467,-0.9823719999999999,BGD,350300
9907064,22,6518,2019,1575729.0,1749702.0,-1.113148,-0.9513299999999999,BGD,350300
9907065,22,6518,2020,1638909.0,2104659.0,-0.874451,-0.9031309999999999,BGD,350300
9907066,23,6518,1995,24809.0,446369.0,0.436138,1.086561,BGR,350300
9907067,23,6518,1996,45402.0,735257.0,0.544265,1.523408,BGR,350300
9907068,23,6518,1997,25987.0,763396.0,0.487041,1.287344,BGR,350300
9907069,23,6518,1998,36027.0,470318.0,0.382782,1.5844479999999999,BGR,350300
9907070,23,6518,1999,38413.0,486855.0,0.311033,1.7375040000000002,BGR,350300
9907071,23,6518,2000,2841.0,300448.0,0.364708,1.66767,BGR,350300
9907072,23,6518,2001,36174.0,173491.0,0.41425100000000004,1.639866,BGR,350300
9907073,23,6518,2002,50354.0,382891.0,0.37451100000000004,1.573517,BGR,350300
9907074,23,6518,2003,1113.0,492826.0,0.43308599999999997,1.7104099999999998,BGR,350300
9907075,23,6518,2004,3136.0,437274.0,0.35536,1.499182,BGR,350300
9907076,23,6518,2005,5859.0,629171.0,0.338438,1.495008,BGR,350300
9907077,23,6518,2006,0.0,1053919.0,0.414563,1.378005,BGR,350300
9907078,23,6518,2007,1501.0,1573224.0,0.43321899999999997,1.5696700000000001,BGR,350300
9907079,23,6518,2008,29373.0,1614182.0,0.44409,1.575399,BGR,350300
9907080,23,6518,2009,68389.0,1215003.0,0.373594,1.571413,BGR,350300
9907081,23,6518,2010,40465.0,1346688.0,0.44973,1.445441,BGR,350300
9907082,23,6518,2011,198397.0,1402570.0,0.537967,1.520973,BGR,350300
9907083,23,6518,2012,110324.0,1560503.0,0.5611,1.416313,BGR,350300
9907084,23,6518,2013,306488.0,2102783.0,0.5026109999999999,1.674296,BGR,350300
9907085,23,6518,2014,213234.0,4407496.0,0.579058,1.6558110000000001,BGR,350300
9907086,23,6518,2015,264011.0,2356903.0,0.45640699999999995,1.691455,BGR,350300
9907087,23,6518,2016,366114.0,2804132.0,0.51707,1.7329130000000001,BGR,350300
9907088,23,6518,2017,253970.0,2971303.0,0.557843,1.7221119999999999,BGR,350300
9907089,23,6518,2018,489709.0,4046421.0,0.571226,1.836856,BGR,350300
9907090,23,6518,2019,1610331.0,2861718.0,0.572997,1.863346,BGR,350300
9907091,23,6518,2020,717962.0,2651736.0,0.6328520000000001,1.8517009999999998,BGR,350300
9907092,24,6518,1995,0.0,52306.0,-0.239166,-0.8627950000000001,BHR,350300
9907093,24,6518,1996,0.0,64229.0,-0.062207000000000005,-0.840398,BHR,350300
9907094,24,6518,1997,0.0,66917.0,-0.021125,-0.914009,BHR,350300
9907095,24,6518,1998,0.0,54048.0,-0.044219,-0.859931,BHR,350300
9907096,24,6518,1999,1487.0,138586.0,-0.034526,-0.8887200000000001,BHR,350300
9907097,24,6518,2000,0.0,55977.0,-0.28305,-0.854878,BHR,350300
9907098,24,6518,2001,0.0,143265.0,-0.11008399999999999,-1.053611,BHR,350300
9907099,24,6518,2002,4048.0,52951.0,-0.146585,-1.006558,BHR,350300
9907100,24,6518,2003,1320.0,79212.0,-0.10968800000000001,-1.041032,BHR,350300
9907101,24,6518,2004,0.0,88122.0,0.045344999999999996,-1.001059,BHR,350300
9907102,24,6518,2005,0.0,41770.0,0.19583599999999998,-0.946515,BHR,350300
9907103,24,6518,2006,0.0,63715.0,0.172724,-0.9449879999999999,BHR,350300
9907104,24,6518,2007,0.0,98954.0,0.500846,-0.845449,BHR,350300
9907105,24,6518,2008,38546.0,66130.0,0.335334,-0.81372,BHR,350300
9907106,24,6518,2009,0.0,84872.0,0.250645,-0.767742,BHR,350300
9907107,24,6518,2010,18577.0,101290.0,0.284356,-0.8362,BHR,350300
9907108,24,6518,2011,0.0,101406.0,0.04085,-0.873711,BHR,350300
9907109,24,6518,2012,67921.0,184848.0,0.019798,-0.848549,BHR,350300
9907110,24,6518,2013,0.0,146035.0,0.249681,-0.6204270000000001,BHR,350300
9907111,24,6518,2014,0.0,133730.0,0.460168,-0.41671099999999994,BHR,350300
9907112,24,6518,2015,121534.0,73026.0,0.36650900000000003,-0.28735,BHR,350300
9907113,24,6518,2016,0.0,190017.0,0.323348,-0.514446,BHR,350300
9907114,24,6518,2017,0.0,95241.0,0.485479,-0.5348890000000001,BHR,350300
9907115,24,6518,2018,0.0,123790.0,0.318352,-0.69221,BHR,350300
9907116,24,6518,2019,0.0,158473.0,0.378349,-0.621468,BHR,350300
9907117,24,6518,2020,0.0,37291.0,0.379085,-0.634111,BHR,350300
9907118,25,6518,1995,0.0,157861.0,0.501206,-0.32106799999999996,BHS,350300
9907119,25,6518,1996,0.0,1759.0,0.363917,-0.380614,BHS,350300
9907120,25,6518,1997,0.0,11711.0,0.874886,-0.144043,BHS,350300
9907121,25,6518,1998,0.0,7095.0,1.090167,0.25353000000000003,BHS,350300
9907122,25,6518,1999,0.0,52835.0,0.91869,-0.152588,BHS,350300
9907123,25,6518,2000,0.0,4044.0,0.943368,0.183559,BHS,350300
9907124,25,6518,2001,0.0,2630.0,0.803267,-0.071853,BHS,350300
9907125,25,6518,2002,0.0,9467.0,0.641626,-0.37892800000000004,BHS,350300
9907126,25,6518,2003,0.0,3541.0,0.614422,-0.40984,BHS,350300
9907127,25,6518,2004,0.0,22085.0,0.620432,-0.513724,BHS,350300
9907128,25,6518,2005,0.0,10833.0,0.299331,-0.641232,BHS,350300
9907129,25,6518,2006,0.0,7904.0,0.673694,-0.519608,BHS,350300
9907130,25,6518,2007,0.0,7270.0,0.502698,-0.538612,BHS,350300
9907131,25,6518,2008,0.0,14768.0,0.470359,-0.5418890000000001,BHS,350300
9907132,25,6518,2009,24757.0,19651.0,0.5451729999999999,-0.496575,BHS,350300
9907133,25,6518,2010,0.0,11345.0,0.495262,-0.6198779999999999,BHS,350300
9907134,25,6518,2011,0.0,3536.0,0.320669,-0.531655,BHS,350300
9907135,25,6518,2012,1722.0,14039.0,0.49453800000000003,-0.405956,BHS,350300
9907136,25,6518,2013,0.0,12062.0,0.756732,-0.369842,BHS,350300
9907137,25,6518,2014,0.0,7907.0,0.314465,-0.60458,BHS,350300
9907138,25,6518,2015,0.0,6967.0,0.669493,-0.37838099999999997,BHS,350300
9907139,25,6518,2016,0.0,17236.0,0.605834,-0.430958,BHS,350300
9907140,25,6518,2017,0.0,20137.0,0.81944,-0.30649499999999996,BHS,350300
9907141,25,6518,2018,0.0,13348.0,0.532998,-0.394906,BHS,350300
9907142,25,6518,2019,,,-0.10707799999999999,-0.7419720000000001,BHS,350300
9907143,25,6518,2020,0.0,3745.0,-0.273982,-0.7174659999999999,BHS,350300
9907144,26,6518,1995,0.0,1991.0,0.208931,0.053763,BIH,350300
9907145,26,6518,1996,0.0,43048.0,0.679466,0.730425,BIH,350300
9907146,26,6518,1997,0.0,38805.0,0.459512,0.194939,BIH,350300
9907147,26,6518,1998,0.0,38337.0,0.290661,0.18068299999999998,BIH,350300
9907148,26,6518,1999,0.0,216391.0,0.366494,0.298229,BIH,350300
9907149,26,6518,2000,0.0,82014.0,0.283451,0.31568,BIH,350300
9907150,26,6518,2001,0.0,28493.0,0.238083,0.362643,BIH,350300
9907151,26,6518,2002,0.0,39709.0,0.26339,0.30287,BIH,350300
9907152,26,6518,2003,4182.0,119437.0,0.195667,0.347011,BIH,350300
9907153,26,6518,2004,0.0,55445.0,0.385952,0.571774,BIH,350300
9907154,26,6518,2005,0.0,122174.0,0.273972,0.468758,BIH,350300
9907155,26,6518,2006,0.0,118665.0,0.40788800000000003,0.562854,BIH,350300
9907156,26,6518,2007,6352.0,161589.0,0.46303199999999994,0.596178,BIH,350300
9907157,26,6518,2008,0.0,188441.0,0.480256,0.810361,BIH,350300
9907158,26,6518,2009,0.0,243894.0,0.519113,0.762582,BIH,350300
9907159,26,6518,2010,0.0,178400.0,0.462275,0.830405,BIH,350300
9907160,26,6518,2011,0.0,171589.0,0.391425,0.6066600000000001,BIH,350300
9907161,26,6518,2012,0.0,341463.0,0.519844,0.794082,BIH,350300
9907162,26,6518,2013,0.0,470649.0,0.46743199999999996,0.7340800000000001,BIH,350300
9907163,26,6518,2014,0.0,696547.0,0.5083300000000001,0.711704,BIH,350300
9907164,26,6518,2015,133569.0,625146.0,0.355903,0.723092,BIH,350300
9907165,26,6518,2016,0.0,545393.0,0.47827700000000006,0.5643100000000001,BIH,350300
9907166,26,6518,2017,0.0,399066.0,0.43245,0.726721,BIH,350300
9907167,26,6518,2018,0.0,552772.0,0.526392,0.742398,BIH,350300
9907168,26,6518,2019,0.0,519795.0,0.6525,0.83988,BIH,350300
9907169,26,6518,2020,0.0,486242.0,0.5449470000000001,0.91781,BIH,350300
9907170,27,6518,1995,,,,,BLM,350300
9907171,27,6518,1996,,,,,BLM,350300
9907172,27,6518,1997,,,,,BLM,350300
9907173,27,6518,1998,,,,,BLM,350300
9907174,27,6518,1999,,,,,BLM,350300
9907175,27,6518,2000,,,,,BLM,350300
9907176,27,6518,2001,,,,,BLM,350300
9907177,27,6518,2002,,,,,BLM,350300
9907178,27,6518,2003,,,,,BLM,350300
9907179,27,6518,2004,,,,,BLM,350300
9907180,27,6518,2005,,,,,BLM,350300
9907181,27,6518,2006,,,,,BLM,350300
9907182,27,6518,2007,,,,,BLM,350300
9907183,27,6518,2008,,,,,BLM,350300
9907184,27,6518,2009,,,,,BLM,350300
9907185,27,6518,2010,,,,,BLM,350300
9907186,27,6518,2011,,,,,BLM,350300
9907187,27,6518,2012,,,,,BLM,350300
9907188,27,6518,2013,,,0.975269,-0.301577,BLM,350300
9907189,27,6518,2014,,,0.8636219999999999,-0.499126,BLM,350300
9907190,27,6518,2015,0.0,8534.0,0.562426,-0.459475,BLM,350300
9907191,27,6518,2016,0.0,10298.0,1.123053,-0.049925,BLM,350300
9907192,27,6518,2017,,,0.49959799999999993,-0.392529,BLM,350300
9907193,27,6518,2018,0.0,3939.0,0.773095,-0.104209,BLM,350300
9907194,27,6518,2019,,,0.6343979999999999,-0.19001400000000002,BLM,350300
9907195,27,6518,2020,0.0,1141.0,0.8652860000000001,-0.390323,BLM,350300
9907196,28,6518,1995,859609.0,306134.0,0.5290279999999999,0.27031700000000003,BLR,350300
9907197,28,6518,1996,1252479.0,910725.0,0.7285550000000001,0.660716,BLR,350300
9907198,28,6518,1997,780391.0,748056.0,0.563179,0.339149,BLR,350300
9907199,28,6518,1998,2400287.0,1104723.0,0.9122049999999999,1.161741,BLR,350300
9907200,28,6518,1999,2392152.0,905998.0,0.7516579999999999,1.169072,BLR,350300
9907201,28,6518,2000,1509933.0,754334.0,0.646336,0.8651780000000001,BLR,350300
9907202,28,6518,2001,1845126.0,705441.0,0.804404,0.936773,BLR,350300
9907203,28,6518,2002,2105589.0,834967.0,0.825865,1.0148979999999999,BLR,350300
9907204,28,6518,2003,1778713.0,953451.0,0.847358,0.9307719999999999,BLR,350300
9907205,28,6518,2004,1942436.0,1239741.0,0.8553139999999999,0.703926,BLR,350300
9907206,28,6518,2005,2181440.0,1646376.0,0.934699,0.46211800000000003,BLR,350300
9907207,28,6518,2006,2227039.0,964772.0,0.919853,0.384409,BLR,350300
9907208,28,6518,2007,2050967.0,1634434.0,1.0435889999999999,0.415603,BLR,350300
9907209,28,6518,2008,2820247.0,1501009.0,0.9869,0.38977399999999995,BLR,350300
9907210,28,6518,2009,4983422.0,1265827.0,0.977663,0.549549,BLR,350300
9907211,28,6518,2010,2771194.0,1293368.0,0.969851,0.593386,BLR,350300
9907212,28,6518,2011,2975763.0,1116339.0,0.8786729999999999,0.442097,BLR,350300
9907213,28,6518,2012,2887396.0,1900165.0,1.066605,0.6785399999999999,BLR,350300
9907214,28,6518,2013,3621517.0,1732326.0,1.036923,0.864568,BLR,350300
9907215,28,6518,2014,4128412.0,1619058.0,0.874108,0.676231,BLR,350300
9907216,28,6518,2015,4620778.0,957465.0,0.672499,0.5584020000000001,BLR,350300
9907217,28,6518,2016,6856013.0,1042636.0,0.773807,0.827442,BLR,350300
9907218,28,6518,2017,6607374.0,1294192.0,0.8115829999999999,0.8323459999999999,BLR,350300
9907219,28,6518,2018,6987707.0,1159664.0,0.850089,0.8332870000000001,BLR,350300
9907220,28,6518,2019,8046131.0,1286942.0,0.7849649999999999,0.8951600000000001,BLR,350300
9907221,28,6518,2020,8720463.0,1523148.0,0.858776,1.085652,BLR,350300
9907222,29,6518,1995,297226.0,64568.0,0.019916999999999997,-0.570529,BLZ,350300
9907223,29,6518,1996,0.0,118105.0,-0.341173,-0.670063,BLZ,350300
9907224,29,6518,1997,50190.0,13573.0,-0.46634200000000003,-0.688645,BLZ,350300
9907225,29,6518,1998,0.0,2383.0,-0.103154,-0.580854,BLZ,350300
9907226,29,6518,1999,0.0,50309.0,-0.5603319999999999,-0.838239,BLZ,350300
9907227,29,6518,2000,,,-0.620384,-0.718677,BLZ,350300
9907228,29,6518,2001,,,-0.297981,-0.695022,BLZ,350300
9907229,29,6518,2002,18798.0,0.0,-0.246977,-0.731156,BLZ,350300
9907230,29,6518,2003,,,-0.543555,-0.7596,BLZ,350300
9907231,29,6518,2004,98561.0,17236.0,-0.355391,-0.662783,BLZ,350300
9907232,29,6518,2005,,,-0.707427,-0.8586860000000001,BLZ,350300
9907233,29,6518,2006,115124.0,0.0,-0.584902,-0.82437,BLZ,350300
9907234,29,6518,2007,,,-0.17825,-0.562535,BLZ,350300
9907235,29,6518,2008,0.0,14639.0,-0.922266,-0.881167,BLZ,350300
9907236,29,6518,2009,0.0,1822.0,-1.0464040000000001,-0.949774,BLZ,350300
9907237,29,6518,2010,69212.0,1490.0,-0.559172,-0.739977,BLZ,350300
9907238,29,6518,2011,13334.0,11497.0,-0.382684,-0.581376,BLZ,350300
9907239,29,6518,2012,91821.0,1291.0,-0.403404,-0.6691159999999999,BLZ,350300
9907240,29,6518,2013,0.0,5356.0,-0.35218299999999997,-0.508891,BLZ,350300
9907241,29,6518,2014,0.0,2091.0,-0.324446,-0.552126,BLZ,350300
9907242,29,6518,2015,0.0,3368.0,-0.24283600000000002,-0.577408,BLZ,350300
9907243,29,6518,2016,,,-0.527601,-0.680647,BLZ,350300
9907244,29,6518,2017,0.0,12046.0,-0.284062,-0.711108,BLZ,350300
9907245,29,6518,2018,,,-0.15867699999999998,-0.6393989999999999,BLZ,350300
9907246,29,6518,2019,,,-0.484834,-0.638616,BLZ,350300
9907247,29,6518,2020,,,-0.145757,-0.59123,BLZ,350300
9907248,30,6518,1995,,,0.897532,-0.394633,BMU,350300
9907249,30,6518,1996,0.0,4721.0,1.037215,-0.408235,BMU,350300
9907250,30,6518,1997,0.0,6139.0,1.069048,-0.35702399999999995,BMU,350300
9907251,30,6518,1998,,,0.900948,-0.340868,BMU,350300
9907252,30,6518,1999,,,0.659772,-0.357746,BMU,350300
9907253,30,6518,2000,,,0.9415100000000001,-0.466488,BMU,350300
9907254,30,6518,2001,,,1.1006129999999998,-0.5565329999999999,BMU,350300
9907255,30,6518,2002,0.0,6677.0,1.129,-0.476633,BMU,350300
9907256,30,6518,2003,,,0.9966459999999999,-0.5183270000000001,BMU,350300
9907257,30,6518,2004,,,1.024248,-0.499122,BMU,350300
9907258,30,6518,2005,,,0.324479,-0.701032,BMU,350300
9907259,30,6518,2006,,,0.491259,-0.603062,BMU,350300
9907260,30,6518,2007,,,0.598129,-0.635616,BMU,350300
9907261,30,6518,2008,,,-0.037808999999999995,-0.766089,BMU,350300
9907262,30,6518,2009,,,0.917207,-0.654219,BMU,350300
9907263,30,6518,2010,0.0,2454.0,0.46139300000000005,-0.6651590000000001,BMU,350300
9907264,30,6518,2011,,,0.576438,-0.48277299999999995,BMU,350300
9907265,30,6518,2012,,,1.037882,-0.260067,BMU,350300
9907266,30,6518,2013,0.0,1139.0,1.087677,-0.452984,BMU,350300
9907267,30,6518,2014,0.0,1339.0,1.217808,-0.16376300000000002,BMU,350300
9907268,30,6518,2015,0.0,1349.0,0.974592,-0.636426,BMU,350300
9907269,30,6518,2016,0.0,1211.0,0.913218,-0.62813,BMU,350300
9907270,30,6518,2017,0.0,3413.0,1.06318,-0.48345,BMU,350300
9907271,30,6518,2018,0.0,1831.0,0.42484399999999994,-0.70587,BMU,350300
9907272,30,6518,2019,0.0,1744.0,0.875265,-0.498062,BMU,350300
9907273,30,6518,2020,0.0,2700.0,0.6924859999999999,-0.623079,BMU,350300
9907274,31,6518,1995,0.0,1396530.0,-0.440583,-0.688389,BOL,350300
9907275,31,6518,1996,0.0,1643710.0,-0.589432,-0.7781,BOL,350300
9907276,31,6518,1997,8177.0,2008780.0,-0.697563,-0.8841479999999999,BOL,350300
9907277,31,6518,1998,0.0,2040332.0,-0.49860699999999997,-0.748521,BOL,350300
9907278,31,6518,1999,0.0,1634869.0,-0.398285,-0.6362,BOL,350300
9907279,31,6518,2000,0.0,1611290.0,-0.612117,-0.6797479999999999,BOL,350300
9907280,31,6518,2001,0.0,1520912.0,-0.680108,-0.678143,BOL,350300
9907281,31,6518,2002,0.0,1348780.0,-0.885342,-0.819517,BOL,350300
9907282,31,6518,2003,0.0,1529940.0,-0.787995,-0.7228899999999999,BOL,350300
9907283,31,6518,2004,25252.0,1616101.0,-0.9288489999999999,-0.929884,BOL,350300
9907284,31,6518,2005,25872.0,3026245.0,-0.968893,-0.862433,BOL,350300
9907285,31,6518,2006,26713.0,1751176.0,-0.805185,-0.754091,BOL,350300
9907286,31,6518,2007,7219.0,2326369.0,-1.021595,-0.955375,BOL,350300
9907287,31,6518,2008,32853.0,3640383.0,-0.852975,-0.88041,BOL,350300
9907288,31,6518,2009,1013.0,4448181.0,-0.909969,-0.8899879999999999,BOL,350300
9907289,31,6518,2010,0.0,3926293.0,-0.83736,-0.812473,BOL,350300
9907290,31,6518,2011,0.0,2993770.0,-0.818593,-0.8701770000000001,BOL,350300
9907291,31,6518,2012,0.0,4262116.0,-0.709307,-0.813228,BOL,350300
9907292,31,6518,2013,0.0,4164235.0,-1.039614,-0.95663,BOL,350300
9907293,31,6518,2014,0.0,3590949.0,-1.129494,-1.030198,BOL,350300
9907294,31,6518,2015,0.0,3282431.0,-1.051562,-1.067714,BOL,350300
9907295,31,6518,2016,0.0,5517294.0,-1.061758,-1.041501,BOL,350300
9907296,31,6518,2017,0.0,4963005.0,-1.158425,-1.076242,BOL,350300
9907297,31,6518,2018,0.0,5034149.0,-1.153953,-1.070749,BOL,350300
9907298,31,6518,2019,0.0,6285875.0,-1.012748,-0.999245,BOL,350300
9907299,31,6518,2020,0.0,8247056.0,-0.835558,-0.9611350000000001,BOL,350300
9907300,32,6518,1995,34061552.0,12739910.0,0.687171,1.188647,BRA,350300
9907301,32,6518,1996,54490428.0,11417728.0,0.699658,1.271724,BRA,350300
9907302,32,6518,1997,52761755.0,14761821.0,0.718336,1.203066,BRA,350300
9907303,32,6518,1998,48613319.0,11842931.0,0.768101,1.04589,BRA,350300
9907304,32,6518,1999,45545518.0,9668332.0,0.762468,1.191759,BRA,350300
9907305,32,6518,2000,44896876.0,8021151.0,0.792556,1.219394,BRA,350300
9907306,32,6518,2001,48881980.0,7301087.0,0.672496,1.051848,BRA,350300
9907307,32,6518,2002,55674293.0,6732891.0,0.677883,1.0227190000000002,BRA,350300
9907308,32,6518,2003,68011992.0,5319838.0,0.660576,1.118876,BRA,350300
9907309,32,6518,2004,81057657.0,5802240.0,0.540718,1.149065,BRA,350300
9907310,32,6518,2005,106146117.0,3135406.0,0.567638,1.139122,BRA,350300
9907311,32,6518,2006,113378101.0,1798166.0,0.633889,1.1474520000000001,BRA,350300
9907312,32,6518,2007,112948841.0,1681276.0,0.582859,1.137225,BRA,350300
9907313,32,6518,2008,119354297.0,2051175.0,0.444687,0.904332,BRA,350300
9907314,32,6518,2009,157366032.0,2590454.0,0.35447199999999995,0.8522360000000001,BRA,350300
9907315,32,6518,2010,151556519.0,3184231.0,0.40715500000000004,0.6208100000000001,BRA,350300
9907316,32,6518,2011,186351538.0,10969118.0,0.27718400000000004,0.5674319999999999,BRA,350300
9907317,32,6518,2012,245351765.0,13310752.0,0.305614,0.6357189999999999,BRA,350300
9907318,32,6518,2013,295135524.0,9343306.0,0.14765899999999998,0.399262,BRA,350300
9907319,32,6518,2014,245117482.0,12757650.0,0.218223,0.556921,BRA,350300
9907320,32,6518,2015,247624495.0,10971105.0,0.23656799999999997,0.688607,BRA,350300
9907321,32,6518,2016,252276275.0,8493351.0,0.245919,0.661809,BRA,350300
9907322,32,6518,2017,244718132.0,9708619.0,0.145224,0.483461,BRA,350300
9907323,32,6518,2018,237590125.0,5522686.0,0.143397,0.582092,BRA,350300
9907324,32,6518,2019,262026159.0,4139919.0,0.076947,0.660604,BRA,350300
9907325,32,6518,2020,309406791.0,7041811.0,0.054622000000000004,0.532291,BRA,350300
9907326,33,6518,1995,0.0,3559.0,1.055447,0.422738,BRB,350300
9907327,33,6518,1996,0.0,21231.0,0.9384979999999999,0.147479,BRB,350300
9907328,33,6518,1997,0.0,24332.0,0.896769,0.22225300000000003,BRB,350300
9907329,33,6518,1998,0.0,27682.0,0.888487,0.469408,BRB,350300
9907330,33,6518,1999,4448.0,34886.0,0.878015,0.413308,BRB,350300
9907331,33,6518,2000,0.0,21095.0,0.765428,0.418063,BRB,350300
9907332,33,6518,2001,0.0,45264.0,0.725546,0.172345,BRB,350300
9907333,33,6518,2002,0.0,5307.0,0.762217,0.004367,BRB,350300
9907334,33,6518,2003,0.0,33376.0,0.744166,0.074191,BRB,350300
9907335,33,6518,2004,0.0,54543.0,0.8541559999999999,0.25895799999999997,BRB,350300
9907336,33,6518,2005,12451.0,52785.0,0.916402,0.262466,BRB,350300
9907337,33,6518,2006,6261.0,13570.0,0.977267,0.6046560000000001,BRB,350300
9907338,33,6518,2007,6553.0,11950.0,1.006332,0.680391,BRB,350300
9907339,33,6518,2008,0.0,54485.0,0.761035,0.615472,BRB,350300
9907340,33,6518,2009,46450.0,33441.0,0.8652620000000001,0.796057,BRB,350300
9907341,33,6518,2010,0.0,14619.0,0.7076140000000001,0.434993,BRB,350300
9907342,33,6518,2011,932.0,52896.0,0.445982,0.204672,BRB,350300
9907343,33,6518,2012,1305.0,55695.0,0.6746310000000001,0.45502700000000007,BRB,350300
9907344,33,6518,2013,1326.0,48054.0,0.6969489999999999,0.135283,BRB,350300
9907345,33,6518,2014,0.0,27539.0,0.44968400000000003,-0.15268900000000002,BRB,350300
9907346,33,6518,2015,0.0,7344.0,0.453689,0.039237,BRB,350300
9907347,33,6518,2016,0.0,16024.0,0.613282,0.06728200000000001,BRB,350300
9907348,33,6518,2017,0.0,5071.0,0.589793,-0.004488000000000001,BRB,350300
9907349,33,6518,2018,0.0,6832.0,0.487166,-0.129388,BRB,350300
9907350,33,6518,2019,0.0,4926.0,0.6228199999999999,-0.10803499999999999,BRB,350300
9907351,33,6518,2020,0.0,3086.0,0.666435,0.060089,BRB,350300
9907352,34,6518,1995,0.0,11776.0,-0.979701,-0.85456,BRN,350300
9907353,34,6518,1996,0.0,23457.0,-0.848331,-0.779511,BRN,350300
9907354,34,6518,1997,0.0,134635.0,-0.092276,-0.772393,BRN,350300
9907355,34,6518,1998,0.0,12308.0,-0.445218,-0.833083,BRN,350300
9907356,34,6518,1999,0.0,6057.0,-1.417607,-1.011226,BRN,350300
9907357,34,6518,2000,0.0,9803.0,-1.603399,-1.027332,BRN,350300
9907358,34,6518,2001,0.0,5121.0,-0.8654209999999999,-0.930599,BRN,350300
9907359,34,6518,2002,0.0,4267.0,-1.7894169999999998,-1.034672,BRN,350300
9907360,34,6518,2003,0.0,9820.0,-1.342738,-0.978633,BRN,350300
9907361,34,6518,2004,0.0,3550.0,-1.271325,-1.03277,BRN,350300
9907362,34,6518,2005,,,-2.009712,-1.02596,BRN,350300
9907363,34,6518,2006,0.0,2056.0,-1.331831,-0.9170940000000001,BRN,350300
9907364,34,6518,2007,0.0,5720.0,-1.118219,-0.924797,BRN,350300
9907365,34,6518,2008,0.0,18813.0,-1.7609099999999998,-0.8835959999999999,BRN,350300
9907366,34,6518,2009,0.0,5377.0,-1.371042,-0.9792120000000001,BRN,350300
9907367,34,6518,2010,0.0,64629.0,0.717167,-0.764841,BRN,350300
9907368,34,6518,2011,0.0,24061.0,-0.171775,-0.6656810000000001,BRN,350300
9907369,34,6518,2012,0.0,48176.0,-2.758339,-0.931008,BRN,350300
9907370,34,6518,2013,1378.0,440205.0,-0.866827,-0.795995,BRN,350300
9907371,34,6518,2014,0.0,380256.0,0.191357,-0.683567,BRN,350300
9907372,34,6518,2015,0.0,197854.0,1.093564,-0.679211,BRN,350300
9907373,34,6518,2016,9351.0,136135.0,0.078764,-0.8103670000000001,BRN,350300
9907374,34,6518,2017,0.0,272449.0,0.270525,-0.747949,BRN,350300
9907375,34,6518,2018,3561.0,84446.0,0.562198,-0.774457,BRN,350300
9907376,34,6518,2019,0.0,78720.0,0.9608620000000001,-0.7012619999999999,BRN,350300
9907377,34,6518,2020,0.0,99311.0,0.432569,-0.8083779999999999,BRN,350300
9907378,35,6518,1995,,,0.10779000000000001,-0.609193,BTN,350300
9907379,35,6518,1996,,,-0.20093699999999998,-0.754797,BTN,350300
9907380,35,6518,1997,,,0.170623,-0.650595,BTN,350300
9907381,35,6518,1998,,,0.003229,-0.582997,BTN,350300
9907382,35,6518,1999,918.0,57151.0,-0.089814,-0.630333,BTN,350300
9907383,35,6518,2000,,,0.44639799999999996,-0.45978199999999997,BTN,350300
9907384,35,6518,2001,,,0.380727,-0.529766,BTN,350300
9907385,35,6518,2002,,,0.23072800000000002,-0.541596,BTN,350300
9907386,35,6518,2003,0.0,12797.0,0.22564800000000002,-0.460741,BTN,350300
9907387,35,6518,2004,0.0,41615.0,-0.050289,-0.697735,BTN,350300
9907388,35,6518,2005,0.0,8232.0,0.0036079999999999997,-0.483849,BTN,350300
9907389,35,6518,2006,0.0,3571.0,-0.016287,-0.561397,BTN,350300
9907390,35,6518,2007,,,-0.147438,-0.68999,BTN,350300
9907391,35,6518,2008,,,-0.465287,-0.84941,BTN,350300
9907392,35,6518,2009,,,-0.16578900000000002,-0.7013560000000001,BTN,350300
9907393,35,6518,2010,,,-0.10866300000000001,-0.5950270000000001,BTN,350300
9907394,35,6518,2011,,,-0.022021000000000002,-0.5282439999999999,BTN,350300
9907395,35,6518,2012,,,-0.125782,-0.49636099999999994,BTN,350300
9907396,35,6518,2013,121345.0,0.0,-0.065218,-0.787495,BTN,350300
9907397,35,6518,2014,,,-0.24597199999999997,-0.758838,BTN,350300
9907398,35,6518,2015,,,-0.55347,-0.8795219999999999,BTN,350300
9907399,35,6518,2016,,,-0.28638,-0.8311069999999999,BTN,350300
9907400,35,6518,2017,,,-0.167518,-0.7758520000000001,BTN,350300
9907401,35,6518,2018,0.0,5665.0,-0.168694,-0.77871,BTN,350300
9907402,35,6518,2019,0.0,9457.0,0.008482,-0.767876,BTN,350300
9907403,35,6518,2020,0.0,7748.0,0.108769,-0.728705,BTN,350300
9907404,36,6518,1995,,,,,BVT,350300
9907405,36,6518,1996,,,,,BVT,350300
9907406,36,6518,1997,,,,,BVT,350300
9907407,36,6518,1998,,,,,BVT,350300
9907408,36,6518,1999,,,,,BVT,350300
9907409,36,6518,2000,,,0.23491199999999998,-0.8698319999999999,BVT,350300
9907410,36,6518,2001,,,2.411696,-0.8244940000000001,BVT,350300
9907411,36,6518,2002,,,0.516423,-0.789674,BVT,350300
9907412,36,6518,2003,,,1.6794259999999999,-0.695589,BVT,350300
9907413,36,6518,2004,,,0.5410119999999999,-0.804279,BVT,350300
9907414,36,6518,2005,,,1.31643,-0.701706,BVT,350300
9907415,36,6518,2006,,,0.9683930000000001,-0.6665840000000001,BVT,350300
9907416,36,6518,2007,,,1.1512200000000001,-0.42272,BVT,350300
9907417,36,6518,2008,,,1.7788130000000002,0.183341,BVT,350300
9907418,36,6518,2009,,,0.936732,-0.438837,BVT,350300
9907419,36,6518,2010,,,0.551459,-0.540175,BVT,350300
9907420,36,6518,2011,,,1.467633,-0.050186,BVT,350300
9907421,36,6518,2012,,,1.135468,-0.38882,BVT,350300
9907422,36,6518,2013,,,0.6491520000000001,-0.746413,BVT,350300
9907423,36,6518,2014,,,0.24943099999999999,-0.7255189999999999,BVT,350300
9907424,36,6518,2015,,,0.37751799999999996,-0.843202,BVT,350300
9907425,36,6518,2016,,,1.279944,-0.741259,BVT,350300
9907426,36,6518,2017,,,2.018459,-0.700299,BVT,350300
9907427,36,6518,2018,,,1.0599450000000001,-0.810874,BVT,350300
9907428,36,6518,2019,,,0.9131040000000001,-0.830306,BVT,350300
9907429,36,6518,2020,,,0.295207,-0.873441,BVT,350300
9907430,37,6518,1995,,,,,BWA,350300
9907431,37,6518,1996,,,,,BWA,350300
9907432,37,6518,1997,,,,,BWA,350300
9907433,37,6518,1998,,,,,BWA,350300
9907434,37,6518,1999,,,,,BWA,350300
9907435,37,6518,2000,0.0,8391.0,-0.633691,-1.120255,BWA,350300
9907436,37,6518,2001,5750.0,2723.0,-0.42690100000000003,-1.081372,BWA,350300
9907437,37,6518,2002,0.0,59169.0,-0.14025,-1.018399,BWA,350300
9907438,37,6518,2003,129.0,24416.0,-0.517317,-1.1125770000000001,BWA,350300
9907439,37,6518,2004,0.0,10873.0,-0.8574229999999999,-1.191754,BWA,350300
9907440,37,6518,2005,0.0,19133.0,-0.857577,-1.1514229999999999,BWA,350300
9907441,37,6518,2006,0.0,14467.0,-1.0541459999999998,-1.179286,BWA,350300
9907442,37,6518,2007,0.0,15626.0,-0.8557239999999999,-1.1712989999999999,BWA,350300
9907443,37,6518,2008,0.0,20617.0,-0.191616,-0.848397,BWA,350300
9907444,37,6518,2009,0.0,15201.0,-0.008142,-0.599115,BWA,350300
9907445,37,6518,2010,0.0,9461.0,-0.181373,-0.714376,BWA,350300
9907446,37,6518,2011,0.0,67694.0,-0.48782600000000004,-1.051639,BWA,350300
9907447,37,6518,2012,0.0,7781.0,-0.424469,-1.043248,BWA,350300
9907448,37,6518,2013,0.0,8116.0,-0.46761499999999995,-1.0842040000000002,BWA,350300
9907449,37,6518,2014,0.0,3473.0,-0.60221,-1.104578,BWA,350300
9907450,37,6518,2015,0.0,17834.0,-0.14164200000000002,-1.0372059999999999,BWA,350300
9907451,37,6518,2016,0.0,2181.0,-0.9927739999999999,-1.260391,BWA,350300
9907452,37,6518,2017,0.0,8450.0,-0.593754,-1.166742,BWA,350300
9907453,37,6518,2018,0.0,12801.0,-0.8339610000000001,-1.184307,BWA,350300
9907454,37,6518,2019,0.0,16785.0,-0.492807,-1.152651,BWA,350300
9907455,37,6518,2020,0.0,25301.0,-0.8696219999999999,-1.195627,BWA,350300
9907456,38,6518,1995,,,-0.378162,-0.6538010000000001,CAF,350300
9907457,38,6518,1996,,,-1.408316,-0.8695579999999999,CAF,350300
9907458,38,6518,1997,,,-1.192158,-0.902408,CAF,350300
9907459,38,6518,1998,0.0,4992.0,-0.64861,-0.771349,CAF,350300
9907460,38,6518,1999,,,-1.079509,-0.9015489999999999,CAF,350300
9907461,38,6518,2000,,,-1.222452,-0.947033,CAF,350300
9907462,38,6518,2001,,,-0.682897,-0.8083140000000001,CAF,350300
9907463,38,6518,2002,,,-0.45315200000000005,-0.764876,CAF,350300
9907464,38,6518,2003,,,-1.342769,-0.905425,CAF,350300
9907465,38,6518,2004,,,-0.683538,-0.8331770000000001,CAF,350300
9907466,38,6518,2005,,,-0.18778399999999998,-0.647926,CAF,350300
9907467,38,6518,2006,,,-0.768791,-0.822677,CAF,350300
9907468,38,6518,2007,0.0,2353.0,-0.252459,-0.783634,CAF,350300
9907469,38,6518,2008,,,-0.387367,-0.767895,CAF,350300
9907470,38,6518,2009,,,-0.5777260000000001,-0.839981,CAF,350300
9907471,38,6518,2010,0.0,5112.0,0.062649,-0.6461779999999999,CAF,350300
9907472,38,6518,2011,,,-0.318191,-0.68375,CAF,350300
9907473,38,6518,2012,,,-0.264052,-0.727242,CAF,350300
9907474,38,6518,2013,,,-0.268604,-0.606101,CAF,350300
9907475,38,6518,2014,,,0.695875,0.543384,CAF,350300
9907476,38,6518,2015,,,-0.35029,-0.6630199999999999,CAF,350300
9907477,38,6518,2016,0.0,1341.0,-0.43507299999999993,-0.7039300000000001,CAF,350300
9907478,38,6518,2017,,,-0.289049,-0.648497,CAF,350300
9907479,38,6518,2018,0.0,1075.0,-0.041318,-0.687923,CAF,350300
9907480,38,6518,2019,,,-0.027091000000000004,-0.7267899999999999,CAF,350300
9907481,38,6518,2020,0.0,1464.0,-0.48102700000000004,-0.832994,CAF,350300
9907482,39,6518,1995,7100833.0,23988216.0,1.077804,1.0724200000000002,CAN,350300
9907483,39,6518,1996,10613186.0,25992718.0,1.155706,1.1127049999999998,CAN,350300
9907484,39,6518,1997,10329862.0,32417926.0,1.109494,1.178772,CAN,350300
9907485,39,6518,1998,10611608.0,34649443.0,1.077343,1.119161,CAN,350300
9907486,39,6518,1999,11572386.0,37110213.0,1.083572,1.08026,CAN,350300
9907487,39,6518,2000,9381160.0,33765409.0,1.056577,1.12931,CAN,350300
9907488,39,6518,2001,7030262.0,39399727.0,0.971827,1.105171,CAN,350300
9907489,39,6518,2002,8723956.0,45797498.0,0.9963280000000001,1.1922110000000001,CAN,350300
9907490,39,6518,2003,10405920.0,56304930.0,0.9791540000000001,1.185081,CAN,350300
9907491,39,6518,2004,13026737.0,58435209.0,0.9392739999999999,1.19228,CAN,350300
9907492,39,6518,2005,16787619.0,56987823.0,0.9895149999999999,1.0437459999999998,CAN,350300
9907493,39,6518,2006,20364954.0,50963867.0,0.865685,1.1480489999999999,CAN,350300
9907494,39,6518,2007,24262024.0,53339041.0,0.77681,1.20517,CAN,350300
9907495,39,6518,2008,36525580.0,52166169.0,0.684659,1.085312,CAN,350300
9907496,39,6518,2009,46130257.0,54967206.0,0.6778069999999999,1.278402,CAN,350300
9907497,39,6518,2010,58145471.0,56971421.0,0.752421,1.2208510000000001,CAN,350300
9907498,39,6518,2011,62346570.0,61625862.0,0.754813,1.1967290000000002,CAN,350300
9907499,39,6518,2012,68258697.0,73659416.0,0.693098,1.132064,CAN,350300
9907500,39,6518,2013,77968567.0,86100300.0,0.719649,1.017046,CAN,350300
9907501,39,6518,2014,71292121.0,74150475.0,0.671395,1.024683,CAN,350300
9907502,39,6518,2015,67164512.0,68445427.0,0.695867,1.171676,CAN,350300
9907503,39,6518,2016,59374842.0,64847869.0,0.6579050000000001,1.12259,CAN,350300
9907504,39,6518,2017,56810964.0,66790855.0,0.73897,1.206402,CAN,350300
9907505,39,6518,2018,59833306.0,68351315.0,0.666822,1.218593,CAN,350300
9907506,39,6518,2019,57974021.0,80423414.0,0.657292,1.187872,CAN,350300
9907507,39,6518,2020,63260143.0,74018020.0,0.609267,1.1890479999999999,CAN,350300
9907508,40,6518,1995,,,-0.13755,-0.5880850000000001,CCK,350300
9907509,40,6518,1996,,,0.26213400000000003,-0.584997,CCK,350300
9907510,40,6518,1997,,,0.995143,-0.37411300000000003,CCK,350300
9907511,40,6518,1998,,,0.283156,-0.549021,CCK,350300
9907512,40,6518,1999,0.0,33497.0,0.697291,-0.48773999999999995,CCK,350300
9907513,40,6518,2000,,,1.171549,-0.33660999999999996,CCK,350300
9907514,40,6518,2001,,,1.5803969999999998,-0.258236,CCK,350300
9907515,40,6518,2002,,,0.908435,-0.47951000000000005,CCK,350300
9907516,40,6518,2003,,,1.2656530000000001,-0.20865999999999998,CCK,350300
9907517,40,6518,2004,,,0.981239,-0.342031,CCK,350300
9907518,40,6518,2005,,,1.1435870000000001,-0.09681000000000001,CCK,350300
9907519,40,6518,2006,,,1.151181,-0.16833900000000002,CCK,350300
9907520,40,6518,2007,,,0.970841,0.04999,CCK,350300
9907521,40,6518,2008,,,1.191492,-0.219504,CCK,350300
9907522,40,6518,2009,,,0.973582,-0.5092479999999999,CCK,350300
9907523,40,6518,2010,,,0.65937,-0.48724399999999995,CCK,350300
9907524,40,6518,2011,,,0.9612229999999999,-0.349571,CCK,350300
9907525,40,6518,2012,,,1.178557,0.175336,CCK,350300
9907526,40,6518,2013,,,1.458176,0.045868,CCK,350300
9907527,40,6518,2014,,,0.8426629999999999,-0.258254,CCK,350300
9907528,40,6518,2015,,,1.2134049999999998,-0.228465,CCK,350300
9907529,40,6518,2016,,,1.5291700000000001,0.030156,CCK,350300
9907530,40,6518,2017,,,1.432778,0.146181,CCK,350300
9907531,40,6518,2018,,,0.8609030000000001,-0.013083000000000001,CCK,350300
9907532,40,6518,2019,,,1.440861,-0.056663,CCK,350300
9907533,40,6518,2020,,,1.373165,0.070636,CCK,350300
9907534,41,6518,1995,12589331.0,21988828.0,2.1893029999999998,0.82765,CHE,350300
9907535,41,6518,1996,9403922.0,18601541.0,2.246238,0.603288,CHE,350300
9907536,41,6518,1997,7779467.0,17774158.0,2.280163,0.597819,CHE,350300
9907537,41,6518,1998,8934085.0,21173405.0,2.252965,0.561806,CHE,350300
9907538,41,6518,1999,10913288.0,19514029.0,2.189934,0.741428,CHE,350300
9907539,41,6518,2000,9371904.0,14949487.0,2.197959,0.489989,CHE,350300
9907540,41,6518,2001,9793029.0,13730834.0,2.227246,0.553956,CHE,350300
9907541,41,6518,2002,7613250.0,18182124.0,2.218095,0.620946,CHE,350300
9907542,41,6518,2003,13006021.0,29033118.0,2.151037,0.711217,CHE,350300
9907543,41,6518,2004,15594410.0,25289045.0,2.151471,0.7196279999999999,CHE,350300
9907544,41,6518,2005,16095838.0,30854841.0,2.0461709999999997,0.615855,CHE,350300
9907545,41,6518,2006,17410609.0,32132280.0,2.052534,0.515523,CHE,350300
9907546,41,6518,2007,17033294.0,34050771.0,2.0198080000000003,0.42277200000000004,CHE,350300
9907547,41,6518,2008,19114524.0,32977566.0,1.978404,0.368694,CHE,350300
9907548,41,6518,2009,21639643.0,35972812.0,2.124438,0.484861,CHE,350300
9907549,41,6518,2010,19276076.0,31469027.0,2.1492080000000002,0.556424,CHE,350300
9907550,41,6518,2011,26270574.0,41960172.0,2.2644029999999997,0.406131,CHE,350300
9907551,41,6518,2012,34859692.0,45856837.0,2.060769,0.562718,CHE,350300
9907552,41,6518,2013,34788715.0,46315663.0,2.2104470000000003,0.5403479999999999,CHE,350300
9907553,41,6518,2014,28623947.0,36328955.0,2.2000919999999997,0.65398,CHE,350300
9907554,41,6518,2015,25828322.0,32487382.0,2.306075,0.720781,CHE,350300
9907555,41,6518,2016,24766299.0,30023825.0,2.3488689999999997,0.806291,CHE,350300
9907556,41,6518,2017,26414323.0,34094790.0,2.2557810000000003,0.845459,CHE,350300
9907557,41,6518,2018,36593933.0,42148703.0,2.2324330000000003,0.7801560000000001,CHE,350300
9907558,41,6518,2019,35419205.0,44917586.0,2.1990849999999997,0.8394229999999999,CHE,350300
9907559,41,6518,2020,39157021.0,45366292.0,2.184038,0.900965,CHE,350300
9907560,42,6518,1995,411298.0,5298895.0,-0.073436,-0.192675,CHL,350300
9907561,42,6518,1996,312787.0,7001148.0,-0.052811000000000004,-0.169464,CHL,350300
9907562,42,6518,1997,303248.0,6908182.0,0.002791,-0.030604000000000003,CHL,350300
9907563,42,6518,1998,348765.0,6507028.0,0.029706,-0.061149,CHL,350300
9907564,42,6518,1999,198305.0,6014166.0,0.041013,-0.111553,CHL,350300
9907565,42,6518,2000,99338.0,4831563.0,0.068478,-0.053438,CHL,350300
9907566,42,6518,2001,237384.0,5173820.0,-0.004658,-0.002548,CHL,350300
9907567,42,6518,2002,149346.0,5449194.0,-0.035264,-0.101796,CHL,350300
9907568,42,6518,2003,83202.0,5494412.0,-0.06375900000000001,-0.156808,CHL,350300
9907569,42,6518,2004,116899.0,5893247.0,-0.07869,-0.33641,CHL,350300
9907570,42,6518,2005,144445.0,8492423.0,-0.168344,-0.43438999999999994,CHL,350300
9907571,42,6518,2006,31588.0,8807592.0,-0.188298,-0.46778000000000003,CHL,350300
9907572,42,6518,2007,246403.0,7572096.0,-0.306846,-0.57431,CHL,350300
9907573,42,6518,2008,318869.0,8932752.0,-0.293985,-0.349554,CHL,350300
9907574,42,6518,2009,40899.0,12440780.0,-0.219521,-0.34239,CHL,350300
9907575,42,6518,2010,4153.0,10289615.0,-0.34914,-0.459395,CHL,350300
9907576,42,6518,2011,0.0,13661656.0,-0.199877,-0.353009,CHL,350300
9907577,42,6518,2012,39522.0,19231951.0,-0.333891,-0.45610200000000006,CHL,350300
9907578,42,6518,2013,30740.0,21576563.0,-0.260718,-0.38256100000000004,CHL,350300
9907579,42,6518,2014,75272.0,20059100.0,-0.344671,-0.43380799999999997,CHL,350300
9907580,42,6518,2015,132279.0,18191830.0,-0.356167,-0.47629399999999994,CHL,350300
9907581,42,6518,2016,3113.0,15831938.0,-0.385519,-0.470495,CHL,350300
9907582,42,6518,2017,27662.0,14167920.0,-0.378693,-0.492983,CHL,350300
9907583,42,6518,2018,15115.0,16805177.0,-0.37677,-0.49605299999999997,CHL,350300
9907584,42,6518,2019,3551.0,18649334.0,-0.34416199999999997,-0.432674,CHL,350300
9907585,42,6518,2020,7668.0,19313145.0,-0.307923,-0.565983,CHL,350300
9907586,43,6518,1995,14991920.0,7285586.0,0.387897,3.2147919999999996,CHN,350300
9907587,43,6518,1996,8321482.0,6150102.0,0.404422,3.061344,CHN,350300
9907588,43,6518,1997,8689834.0,7461145.0,0.36051300000000003,3.287322,CHN,350300
9907589,43,6518,1998,9416029.0,9840913.0,0.3658,3.231258,CHN,350300
9907590,43,6518,1999,8576820.0,8230482.0,0.386094,3.270089,CHN,350300
9907591,43,6518,2000,9347468.0,12129353.0,0.478362,3.156111,CHN,350300
9907592,43,6518,2001,12052762.0,12512675.0,0.525171,3.092963,CHN,350300
9907593,43,6518,2002,12855689.0,11839661.0,0.576746,2.7995520000000003,CHN,350300
9907594,43,6518,2003,20498216.0,18689873.0,0.579431,2.773139,CHN,350300
9907595,43,6518,2004,27970302.0,18073182.0,0.581548,2.8689880000000003,CHN,350300
9907596,43,6518,2005,40989982.0,14696701.0,0.608256,2.8242220000000002,CHN,350300
9907597,43,6518,2006,50710104.0,12255537.0,0.737888,2.54966,CHN,350300
9907598,43,6518,2007,51633591.0,12164816.0,0.801547,2.321052,CHN,350300
9907599,43,6518,2008,58250769.0,15312251.0,0.929285,1.8917259999999998,CHN,350300
9907600,43,6518,2009,62719355.0,9099086.0,0.898623,2.08703,CHN,350300
9907601,43,6518,2010,63152932.0,17391761.0,0.922493,2.0176,CHN,350300
9907602,43,6518,2011,89894204.0,22510382.0,1.072299,1.686826,CHN,350300
9907603,43,6518,2012,104253861.0,23829962.0,1.095682,1.354837,CHN,350300
9907604,43,6518,2013,92950086.0,27481635.0,1.113767,1.477496,CHN,350300
9907605,43,6518,2014,94912910.0,21970062.0,1.187557,1.222085,CHN,350300
9907606,43,6518,2015,86186723.0,22037669.0,1.077143,1.735757,CHN,350300
9907607,43,6518,2016,73861315.0,22210192.0,1.1073620000000002,1.723098,CHN,350300
9907608,43,6518,2017,89578839.0,23704846.0,1.1127790000000002,1.56869,CHN,350300
9907609,43,6518,2018,105782196.0,29708467.0,1.200689,1.2822,CHN,350300
9907610,43,6518,2019,149273576.0,34053460.0,1.196265,1.2258870000000002,CHN,350300
9907611,43,6518,2020,185938520.0,51082384.0,1.187837,1.2237770000000001,CHN,350300
9907612,44,6518,1995,40868.0,71602.0,-0.781656,-0.74293,CIV,350300
9907613,44,6518,1996,919.0,39828.0,-0.8720459999999999,-0.7904479999999999,CIV,350300
9907614,44,6518,1997,26227.0,45956.0,-0.685339,-0.62129,CIV,350300
9907615,44,6518,1998,0.0,36536.0,-0.75115,-0.753865,CIV,350300
9907616,44,6518,1999,0.0,21909.0,-0.591892,-0.654457,CIV,350300
9907617,44,6518,2000,0.0,5611.0,-0.7772640000000001,-0.632181,CIV,350300
9907618,44,6518,2001,0.0,16271.0,-0.715949,-0.524428,CIV,350300
9907619,44,6518,2002,0.0,10055.0,-0.816327,-0.711765,CIV,350300
9907620,44,6518,2003,0.0,47844.0,-0.699928,-0.723739,CIV,350300
9907621,44,6518,2004,0.0,33250.0,-0.8490979999999999,-0.754732,CIV,350300
9907622,44,6518,2005,0.0,36185.0,-0.900386,-0.804689,CIV,350300
9907623,44,6518,2006,0.0,27729.0,-0.8918530000000001,-0.8145819999999999,CIV,350300
9907624,44,6518,2007,0.0,31875.0,-0.9989110000000001,-0.867232,CIV,350300
9907625,44,6518,2008,0.0,99112.0,-0.9806040000000001,-0.730792,CIV,350300
9907626,44,6518,2009,13779.0,58045.0,-0.924681,-0.801371,CIV,350300
9907627,44,6518,2010,0.0,70749.0,-1.256641,-0.946767,CIV,350300
9907628,44,6518,2011,0.0,54839.0,-1.069474,-0.867439,CIV,350300
9907629,44,6518,2012,0.0,27089.0,-0.9721879999999999,-0.837227,CIV,350300
9907630,44,6518,2013,0.0,61266.0,-0.923558,-0.866642,CIV,350300
9907631,44,6518,2014,0.0,36613.0,-0.737625,-0.768728,CIV,350300
9907632,44,6518,2015,0.0,49085.0,-0.856142,-0.905292,CIV,350300
9907633,44,6518,2016,0.0,17891.0,-0.88415,-0.8122689999999999,CIV,350300
9907634,44,6518,2017,8359.0,26153.0,-0.784119,-0.904135,CIV,350300
9907635,44,6518,2018,0.0,152844.0,-0.8733569999999999,-0.8443139999999999,CIV,350300
9907636,44,6518,2019,15954.0,57232.0,-0.9916719999999999,-0.960625,CIV,350300
9907637,44,6518,2020,0.0,37678.0,-1.2299200000000001,-1.095777,CIV,350300
9907638,45,6518,1995,0.0,140410.0,-1.121716,-0.9758020000000001,CMR,350300
9907639,45,6518,1996,0.0,78933.0,-1.4036309999999999,-1.090633,CMR,350300
9907640,45,6518,1997,0.0,82557.0,-1.205482,-1.015714,CMR,350300
9907641,45,6518,1998,0.0,166614.0,-1.8845029999999998,-1.250205,CMR,350300
9907642,45,6518,1999,0.0,141217.0,-1.7392470000000002,-1.241373,CMR,350300
9907643,45,6518,2000,0.0,60907.0,-1.547715,-1.161125,CMR,350300
9907644,45,6518,2001,11463.0,123392.0,-1.6254879999999998,-1.212513,CMR,350300
9907645,45,6518,2002,0.0,182425.0,-1.114477,-1.0516510000000001,CMR,350300
9907646,45,6518,2003,0.0,165754.0,-1.254788,-1.10897,CMR,350300
9907647,45,6518,2004,0.0,165029.0,-1.604916,-1.217399,CMR,350300
9907648,45,6518,2005,0.0,84737.0,-1.5648739999999999,-1.210117,CMR,350300
9907649,45,6518,2006,0.0,205568.0,-1.358873,-1.1511360000000002,CMR,350300
9907650,45,6518,2007,0.0,146061.0,-0.821623,-0.965601,CMR,350300
9907651,45,6518,2008,0.0,235000.0,-1.143808,-1.0725,CMR,350300
9907652,45,6518,2009,0.0,90446.0,-1.128734,-1.022546,CMR,350300
9907653,45,6518,2010,0.0,188374.0,-1.114209,-1.0127899999999999,CMR,350300
9907654,45,6518,2011,0.0,188559.0,-0.7956340000000001,-0.8532790000000001,CMR,350300
9907655,45,6518,2012,0.0,254017.0,-1.0127030000000001,-1.011776,CMR,350300
9907656,45,6518,2013,0.0,134096.0,-0.901531,-1.027111,CMR,350300
9907657,45,6518,2014,0.0,259584.0,-0.6723520000000001,-0.945084,CMR,350300
9907658,45,6518,2015,0.0,154781.0,-0.924366,-1.040721,CMR,350300
9907659,45,6518,2016,0.0,54960.0,-1.086484,-1.0725559999999998,CMR,350300
9907660,45,6518,2017,0.0,71254.0,-1.048569,-1.030799,CMR,350300
9907661,45,6518,2018,0.0,99177.0,-1.366619,-1.09894,CMR,350300
9907662,45,6518,2019,0.0,37708.0,-1.461279,-1.214274,CMR,350300
9907663,45,6518,2020,0.0,20224.0,-1.379365,-1.177022,CMR,350300
9907664,46,6518,1995,0.0,18404.0,-1.4672459999999998,-1.0777139999999998,COD,350300
9907665,46,6518,1996,0.0,69403.0,-1.2167,-1.086508,COD,350300
9907666,46,6518,1997,0.0,50365.0,-1.274443,-1.073668,COD,350300
9907667,46,6518,1998,0.0,24690.0,-1.753881,-1.201073,COD,350300
9907668,46,6518,1999,0.0,27425.0,-1.4871290000000001,-1.1859620000000002,COD,350300
9907669,46,6518,2000,,,-0.902222,-1.068924,COD,350300
9907670,46,6518,2001,0.0,3397.0,-1.421643,-1.154007,COD,350300
9907671,46,6518,2002,0.0,3784.0,-1.2657370000000001,-1.108659,COD,350300
9907672,46,6518,2003,0.0,20820.0,-1.366232,-1.0778860000000001,COD,350300
9907673,46,6518,2004,48329.0,0.0,-1.405291,-1.108962,COD,350300
9907674,46,6518,2005,0.0,46371.0,-1.7843189999999998,-1.155135,COD,350300
9907675,46,6518,2006,0.0,7710.0,-1.542137,-1.086494,COD,350300
9907676,46,6518,2007,0.0,25026.0,-1.507664,-1.111844,COD,350300
9907677,46,6518,2008,0.0,8239.0,-1.513117,-1.141895,COD,350300
9907678,46,6518,2009,0.0,53808.0,-1.532165,-1.160269,COD,350300
9907679,46,6518,2010,0.0,135727.0,-1.465101,-1.139909,COD,350300
9907680,46,6518,2011,0.0,68030.0,-0.722957,-0.965141,COD,350300
9907681,46,6518,2012,0.0,48443.0,-1.442925,-1.170333,COD,350300
9907682,46,6518,2013,0.0,127184.0,-1.300125,-1.0708010000000001,COD,350300
9907683,46,6518,2014,0.0,312713.0,-1.6680240000000002,-1.1265129999999999,COD,350300
9907684,46,6518,2015,0.0,171668.0,-1.3921290000000002,-1.146549,COD,350300
9907685,46,6518,2016,0.0,47046.0,-1.136472,-1.109177,COD,350300
9907686,46,6518,2017,0.0,82736.0,-1.3960569999999999,-1.126784,COD,350300
9907687,46,6518,2018,0.0,66172.0,-1.743034,-1.20446,COD,350300
9907688,46,6518,2019,0.0,66821.0,-1.2685879999999998,-1.148403,COD,350300
9907689,46,6518,2020,0.0,88273.0,-1.538455,-1.1857659999999999,COD,350300
9907690,47,6518,1995,0.0,1682.0,-0.648521,-1.0392190000000001,COG,350300
9907691,47,6518,1996,,,-1.522142,-1.165936,COG,350300
9907692,47,6518,1997,,,-1.58904,-1.1557979999999999,COG,350300
9907693,47,6518,1998,,,-1.404207,-1.133436,COG,350300
9907694,47,6518,1999,,,-1.2759120000000002,-1.1418030000000001,COG,350300
9907695,47,6518,2000,,,-1.862839,-1.214684,COG,350300
9907696,47,6518,2001,0.0,6746.0,-1.482788,-1.172,COG,350300
9907697,47,6518,2002,0.0,1558.0,-1.62227,-1.202067,COG,350300
9907698,47,6518,2003,0.0,27493.0,-1.6789619999999998,-1.182557,COG,350300
9907699,47,6518,2004,,,-1.610222,-1.184921,COG,350300
9907700,47,6518,2005,0.0,2028.0,-1.648425,-1.1852040000000001,COG,350300
9907701,47,6518,2006,0.0,38872.0,-1.9903240000000002,-1.189925,COG,350300
9907702,47,6518,2007,0.0,19751.0,-1.88462,-1.22688,COG,350300
9907703,47,6518,2008,0.0,10729.0,-2.2772799999999997,-1.216089,COG,350300
9907704,47,6518,2009,0.0,19357.0,-1.466289,-1.201249,COG,350300
9907705,47,6518,2010,0.0,35101.0,-1.536434,-1.175338,COG,350300
9907706,47,6518,2011,0.0,42257.0,-0.979359,-1.084589,COG,350300
9907707,47,6518,2012,0.0,49374.0,-1.210442,-1.086805,COG,350300
9907708,47,6518,2013,0.0,96038.0,-1.215681,-1.08679,COG,350300
9907709,47,6518,2014,0.0,70898.0,-1.371624,-1.12468,COG,350300
9907710,47,6518,2015,0.0,7735.0,-1.294823,-1.18811,COG,350300
9907711,47,6518,2016,0.0,29836.0,-0.718731,-1.0663799999999999,COG,350300
9907712,47,6518,2017,0.0,3816.0,-1.2289780000000001,-1.169368,COG,350300
9907713,47,6518,2018,0.0,6426.0,-1.52875,-1.1869100000000001,COG,350300
9907714,47,6518,2019,0.0,4443.0,-1.305193,-1.162808,COG,350300
9907715,47,6518,2020,0.0,9064.0,-1.580638,-1.2020870000000001,COG,350300
9907716,48,6518,1995,0.0,13842.0,0.15283,-0.45298,COK,350300
9907717,48,6518,1996,0.0,29050.0,0.053446,-0.556272,COK,350300
9907718,48,6518,1997,,,0.021011000000000002,-0.432936,COK,350300
9907719,48,6518,1998,,,-0.18348399999999998,-0.650889,COK,350300
9907720,48,6518,1999,,,0.086577,-0.604988,COK,350300
9907721,48,6518,2000,,,-0.185791,-0.7267359999999999,COK,350300
9907722,48,6518,2001,,,-0.003435,-0.72313,COK,350300
9907723,48,6518,2002,,,0.22351300000000002,-0.5197729999999999,COK,350300
9907724,48,6518,2003,,,0.327914,-0.466681,COK,350300
9907725,48,6518,2004,,,0.10636,-0.652109,COK,350300
9907726,48,6518,2005,0.0,1959.0,0.039373000000000005,-0.649169,COK,350300
9907727,48,6518,2006,0.0,1548.0,0.564179,-0.296135,COK,350300
9907728,48,6518,2007,,,0.0857,-0.604571,COK,350300
9907729,48,6518,2008,,,0.49011400000000005,-0.550991,COK,350300
9907730,48,6518,2009,,,0.291299,-0.477813,COK,350300
9907731,48,6518,2010,,,0.366399,-0.555715,COK,350300
9907732,48,6518,2011,,,0.053038,-0.521486,COK,350300
9907733,48,6518,2012,,,0.036403,-0.633828,COK,350300
9907734,48,6518,2013,,,0.483939,-0.42226400000000003,COK,350300
9907735,48,6518,2014,,,0.151329,-0.693285,COK,350300
9907736,48,6518,2015,0.0,2185.0,0.388457,-0.682666,COK,350300
9907737,48,6518,2016,0.0,2626.0,0.20994699999999997,-0.791095,COK,350300
9907738,48,6518,2017,0.0,2446.0,0.154051,-0.74144,COK,350300
9907739,48,6518,2018,0.0,1713.0,0.716123,-0.631445,COK,350300
9907740,48,6518,2019,0.0,4994.0,0.430439,-0.7410720000000001,COK,350300
9907741,48,6518,2020,0.0,1518.0,0.20487800000000003,-0.696278,COK,350300
9907742,49,6518,1995,15173534.0,3418956.0,0.094335,0.13047999999999998,COL,350300
9907743,49,6518,1996,17079241.0,2571684.0,0.136487,0.078743,COL,350300
9907744,49,6518,1997,17678271.0,2578626.0,0.190632,0.068001,COL,350300
9907745,49,6518,1998,16132986.0,3117847.0,0.205004,0.13985899999999998,COL,350300
9907746,49,6518,1999,11360078.0,2368371.0,0.190667,0.136271,COL,350300
9907747,49,6518,2000,12823810.0,2749281.0,0.299592,0.320885,COL,350300
9907748,49,6518,2001,14737585.0,2427182.0,0.30412,0.395913,COL,350300
9907749,49,6518,2002,14845599.0,1988999.0,0.345094,0.37787800000000005,COL,350300
9907750,49,6518,2003,15153690.0,2006854.0,0.218336,0.376869,COL,350300
9907751,49,6518,2004,16799272.0,2162178.0,0.033128,0.47524799999999995,COL,350300
9907752,49,6518,2005,18809174.0,4400059.0,0.077191,0.47193500000000005,COL,350300
9907753,49,6518,2006,19821705.0,5763433.0,0.129887,0.44371700000000003,COL,350300
9907754,49,6518,2007,20000671.0,3121527.0,0.118341,0.557699,COL,350300
9907755,49,6518,2008,22949034.0,5093169.0,0.19505699999999998,0.566189,COL,350300
9907756,49,6518,2009,27972187.0,7733527.0,0.263416,0.38947,COL,350300
9907757,49,6518,2010,21818975.0,7364474.0,0.097222,-0.064328,COL,350300
9907758,49,6518,2011,31071119.0,11134743.0,0.14336600000000002,-0.22996,COL,350300
9907759,49,6518,2012,25552806.0,14998247.0,0.15523699999999999,-0.30749099999999996,COL,350300
9907760,49,6518,2013,29261751.0,18997138.0,0.121799,-0.388239,COL,350300
9907761,49,6518,2014,24113768.0,16925983.0,0.19864500000000002,-0.378364,COL,350300
9907762,49,6518,2015,24811520.0,13593516.0,0.156383,-0.183055,COL,350300
9907763,49,6518,2016,15308201.0,11111579.0,0.10205700000000001,-0.155574,COL,350300
9907764,49,6518,2017,20445297.0,12555950.0,0.208096,-0.17644300000000002,COL,350300
9907765,49,6518,2018,19950967.0,12161469.0,0.20431,-0.15273699999999998,COL,350300
9907766,49,6518,2019,16260253.0,11149471.0,0.099936,-0.15568800000000002,COL,350300
9907767,49,6518,2020,20553551.0,13831185.0,0.115954,0.104558,COL,350300
9907768,50,6518,1995,0.0,1121.0,-0.125195,-0.6788930000000001,COM,350300
9907769,50,6518,1996,0.0,10510.0,-1.007044,-0.833519,COM,350300
9907770,50,6518,1997,,,0.42716899999999997,-0.618352,COM,350300
9907771,50,6518,1998,0.0,3110.0,0.242641,-0.6324069999999999,COM,350300
9907772,50,6518,1999,0.0,3548.0,0.57439,-0.576433,COM,350300
9907773,50,6518,2000,0.0,8047.0,-0.9233299999999999,-0.9126479999999999,COM,350300
9907774,50,6518,2001,,,-0.24810700000000002,-0.832764,COM,350300
9907775,50,6518,2002,0.0,2297.0,-0.95335,-0.916942,COM,350300
9907776,50,6518,2003,,,-0.675377,-0.791014,COM,350300
9907777,50,6518,2004,,,-0.581058,-0.8678309999999999,COM,350300
9907778,50,6518,2005,,,-0.6264,-0.853095,COM,350300
9907779,50,6518,2006,,,-0.5214300000000001,-0.8452149999999999,COM,350300
9907780,50,6518,2007,,,-0.956375,-0.964842,COM,350300
9907781,50,6518,2008,,,-0.101412,-0.841565,COM,350300
9907782,50,6518,2009,,,0.080831,-0.7148760000000001,COM,350300
9907783,50,6518,2010,,,0.8640059999999999,-0.6108180000000001,COM,350300
9907784,50,6518,2011,,,0.449788,-0.533709,COM,350300
9907785,50,6518,2012,0.0,836.0,-0.044716000000000006,-0.716491,COM,350300
9907786,50,6518,2013,,,-0.326422,-0.6956640000000001,COM,350300
9907787,50,6518,2014,,,-0.19200699999999998,-0.761303,COM,350300
9907788,50,6518,2015,,,-0.551674,-0.867288,COM,350300
9907789,50,6518,2016,0.0,752.0,-0.520849,-0.8678040000000001,COM,350300
9907790,50,6518,2017,,,-0.880647,-0.927383,COM,350300
9907791,50,6518,2018,,,-0.472937,-0.8866280000000001,COM,350300
9907792,50,6518,2019,,,0.21475,-0.737725,COM,350300
9907793,50,6518,2020,0.0,1101.0,-0.314278,-0.86393,COM,350300
9907794,51,6518,1995,0.0,39004.0,0.302241,-0.532841,CPV,350300
9907795,51,6518,1996,0.0,6678.0,0.247925,-0.512776,CPV,350300
9907796,51,6518,1997,0.0,2136.0,1.154102,-0.255423,CPV,350300
9907797,51,6518,1998,0.0,1600.0,0.61526,-0.455517,CPV,350300
9907798,51,6518,1999,0.0,2070.0,0.783048,-0.442508,CPV,350300
9907799,51,6518,2000,,,0.434429,-0.218505,CPV,350300
9907800,51,6518,2001,0.0,9078.0,0.063802,-0.456617,CPV,350300
9907801,51,6518,2002,0.0,7033.0,-0.29720100000000005,-0.703051,CPV,350300
9907802,51,6518,2003,0.0,2277.0,0.070649,-0.541279,CPV,350300
9907803,51,6518,2004,0.0,5215.0,-0.160185,-0.729291,CPV,350300
9907804,51,6518,2005,0.0,8505.0,0.12126400000000001,-0.44637899999999997,CPV,350300
9907805,51,6518,2006,0.0,3321.0,0.369814,-0.414812,CPV,350300
9907806,51,6518,2007,0.0,6518.0,0.289375,-0.295194,CPV,350300
9907807,51,6518,2008,0.0,4011.0,0.16722,-0.64183,CPV,350300
9907808,51,6518,2009,0.0,12579.0,0.32592600000000005,-0.531697,CPV,350300
9907809,51,6518,2010,0.0,37821.0,0.140658,-0.527468,CPV,350300
9907810,51,6518,2011,0.0,13333.0,0.006139,-0.610237,CPV,350300
9907811,51,6518,2012,0.0,12838.0,-0.049047,-0.541215,CPV,350300
9907812,51,6518,2013,0.0,38670.0,-0.75058,-0.8948219999999999,CPV,350300
9907813,51,6518,2014,0.0,48844.0,-0.182368,-0.7136359999999999,CPV,350300
9907814,51,6518,2015,0.0,31470.0,-0.263621,-0.772158,CPV,350300
9907815,51,6518,2016,0.0,10634.0,0.264883,-0.580199,CPV,350300
9907816,51,6518,2017,0.0,20476.0,-0.11722300000000001,-0.677707,CPV,350300
9907817,51,6518,2018,0.0,33659.0,-0.319064,-0.8615659999999999,CPV,350300
9907818,51,6518,2019,0.0,155646.0,-0.094961,-0.751246,CPV,350300
9907819,51,6518,2020,0.0,52318.0,-0.235719,-0.746113,CPV,350300
9907820,52,6518,1995,30080.0,349915.0,-0.30094699999999996,-0.046285,CRI,350300
9907821,52,6518,1996,32277.0,494193.0,-0.34219499999999997,0.12221900000000001,CRI,350300
9907822,52,6518,1997,1736.0,581437.0,-0.25974200000000003,0.196955,CRI,350300
9907823,52,6518,1998,13156.0,750047.0,-0.26046199999999997,-0.059391,CRI,350300
9907824,52,6518,1999,28194.0,719052.0,-0.310033,-0.299529,CRI,350300
9907825,52,6518,2000,26659.0,578889.0,-0.095295,-0.189881,CRI,350300
9907826,52,6518,2001,51026.0,1182333.0,0.069458,-0.042793,CRI,350300
9907827,52,6518,2002,89137.0,1825634.0,0.03619,-0.187718,CRI,350300
9907828,52,6518,2003,64758.0,1447682.0,-0.193904,-0.5049680000000001,CRI,350300
9907829,52,6518,2004,0.0,1102957.0,-0.043266000000000006,-0.376239,CRI,350300
9907830,52,6518,2005,20208.0,1567050.0,-0.06424099999999999,-0.370622,CRI,350300
9907831,52,6518,2006,13799.0,1198267.0,0.042663,-0.376672,CRI,350300
9907832,52,6518,2007,37954.0,1305273.0,0.001895,-0.30248600000000003,CRI,350300
9907833,52,6518,2008,175941.0,2042806.0,0.023962,-0.346029,CRI,350300
9907834,52,6518,2009,32774.0,3511849.0,-0.142465,-0.669277,CRI,350300
9907835,52,6518,2010,0.0,3916256.0,-0.122722,-0.7062069999999999,CRI,350300
9907836,52,6518,2011,15567.0,6832153.0,0.04325,-0.553193,CRI,350300
9907837,52,6518,2012,1305.0,9919579.0,0.176669,-0.649094,CRI,350300
9907838,52,6518,2013,112495.0,5702930.0,0.067379,-0.688217,CRI,350300
9907839,52,6518,2014,392953.0,5016198.0,0.065938,-0.687971,CRI,350300
9907840,52,6518,2015,16067.0,5358507.0,0.24859699999999998,-0.033143,CRI,350300
9907841,52,6518,2016,0.0,5685417.0,0.204591,-0.18279600000000001,CRI,350300
9907842,52,6518,2017,23568.0,1476097.0,0.288642,-0.056219000000000005,CRI,350300
9907843,52,6518,2018,0.0,3456969.0,0.19386,0.05811,CRI,350300
9907844,52,6518,2019,0.0,3071829.0,0.38045,0.08960900000000001,CRI,350300
9907845,52,6518,2020,33105.0,2882397.0,0.303849,-0.114494,CRI,350300
9907846,53,6518,1995,,,,,CSK,350300
9907847,53,6518,1996,,,,,CSK,350300
9907848,53,6518,1997,,,,,CSK,350300
9907849,53,6518,1998,,,,,CSK,350300
9907850,53,6518,1999,,,,,CSK,350300
9907851,53,6518,2000,,,,,CSK,350300
9907852,53,6518,2001,,,,,CSK,350300
9907853,53,6518,2002,,,,,CSK,350300
9907854,53,6518,2003,,,,,CSK,350300
9907855,53,6518,2004,,,,,CSK,350300
9907856,53,6518,2005,,,,,CSK,350300
9907857,53,6518,2006,,,,,CSK,350300
9907858,53,6518,2007,,,,,CSK,350300
9907859,53,6518,2008,,,,,CSK,350300
9907860,53,6518,2009,,,,,CSK,350300
9907861,53,6518,2010,,,,,CSK,350300
9907862,53,6518,2011,,,,,CSK,350300
9907863,53,6518,2012,,,,,CSK,350300
9907864,53,6518,2013,,,,,CSK,350300
9907865,53,6518,2014,,,,,CSK,350300
9907866,53,6518,2015,,,,,CSK,350300
9907867,53,6518,2016,,,,,CSK,350300
9907868,53,6518,2017,,,,,CSK,350300
9907869,53,6518,2018,,,,,CSK,350300
9907870,53,6518,2019,,,,,CSK,350300
9907871,53,6518,2020,,,,,CSK,350300
9907872,54,6518,1995,0.0,78276.0,-0.315644,-0.8812110000000001,CUB,350300
9907873,54,6518,1996,0.0,201739.0,-0.555246,-1.0420479999999999,CUB,350300
9907874,54,6518,1997,0.0,187056.0,-0.403192,-1.041751,CUB,350300
9907875,54,6518,1998,0.0,56179.0,-0.349393,-0.9927889999999999,CUB,350300
9907876,54,6518,1999,0.0,233162.0,-0.152322,-0.8734270000000001,CUB,350300
9907877,54,6518,2000,0.0,265997.0,-0.338457,-0.9391370000000001,CUB,350300
9907878,54,6518,2001,0.0,252781.0,-0.443391,-0.9599030000000001,CUB,350300
9907879,54,6518,2002,0.0,214567.0,-0.479213,-0.951203,CUB,350300
9907880,54,6518,2003,0.0,419637.0,-0.391515,-0.8562120000000001,CUB,350300
9907881,54,6518,2004,0.0,752051.0,-0.040541,-0.634675,CUB,350300
9907882,54,6518,2005,0.0,990607.0,0.00695,-0.611843,CUB,350300
9907883,54,6518,2006,0.0,561114.0,0.204039,-0.5183260000000001,CUB,350300
9907884,54,6518,2007,0.0,329208.0,-0.308053,-0.8740610000000001,CUB,350300
9907885,54,6518,2008,0.0,410942.0,-0.23158299999999998,-0.892943,CUB,350300
9907886,54,6518,2009,0.0,191612.0,0.188114,-0.819958,CUB,350300
9907887,54,6518,2010,0.0,452715.0,-0.085462,-0.885019,CUB,350300
9907888,54,6518,2011,0.0,157675.0,-0.050093,-0.88759,CUB,350300
9907889,54,6518,2012,0.0,726507.0,0.129383,-0.7444609999999999,CUB,350300
9907890,54,6518,2013,0.0,474140.0,-0.019956,-0.7873319999999999,CUB,350300
9907891,54,6518,2014,0.0,562811.0,-0.476786,-0.952291,CUB,350300
9907892,54,6518,2015,0.0,1648467.0,-0.694839,-1.093439,CUB,350300
9907893,54,6518,2016,0.0,536771.0,-0.602309,-1.0781120000000002,CUB,350300
9907894,54,6518,2017,0.0,556245.0,-0.77404,-1.121084,CUB,350300
9907895,54,6518,2018,0.0,248019.0,-0.8835629999999999,-1.15678,CUB,350300
9907896,54,6518,2019,0.0,254082.0,-0.880892,-1.141591,CUB,350300
9907897,54,6518,2020,0.0,248273.0,-1.171456,-1.224365,CUB,350300
9907898,55,6518,1995,,,,,CUW,350300
9907899,55,6518,1996,,,,,CUW,350300
9907900,55,6518,1997,,,,,CUW,350300
9907901,55,6518,1998,,,,,CUW,350300
9907902,55,6518,1999,,,,,CUW,350300
9907903,55,6518,2000,,,,,CUW,350300
9907904,55,6518,2001,,,,,CUW,350300
9907905,55,6518,2002,,,,,CUW,350300
9907906,55,6518,2003,,,,,CUW,350300
9907907,55,6518,2004,,,,,CUW,350300
9907908,55,6518,2005,,,,,CUW,350300
9907909,55,6518,2006,,,,,CUW,350300
9907910,55,6518,2007,,,,,CUW,350300
9907911,55,6518,2008,,,,,CUW,350300
9907912,55,6518,2009,,,,,CUW,350300
9907913,55,6518,2010,,,,,CUW,350300
9907914,55,6518,2011,12677.0,22655.0,-0.052038,-0.69103,CUW,350300
9907915,55,6518,2012,5896.0,19277.0,0.233821,-0.6050260000000001,CUW,350300
9907916,55,6518,2013,0.0,23316.0,0.029981999999999998,-0.673439,CUW,350300
9907917,55,6518,2014,0.0,1172694.0,-0.00902,-0.683643,CUW,350300
9907918,55,6518,2015,0.0,27440.0,0.296267,-0.6313350000000001,CUW,350300
9907919,55,6518,2016,0.0,27832.0,0.232855,-0.7864260000000001,CUW,350300
9907920,55,6518,2017,0.0,64691.0,0.161139,-0.591701,CUW,350300
9907921,55,6518,2018,5980.0,3386.0,0.8093,-0.325347,CUW,350300
9907922,55,6518,2019,0.0,22989.0,0.808621,-0.225196,CUW,350300
9907923,55,6518,2020,3618.0,59782.0,0.543866,0.190664,CUW,350300
9907924,56,6518,1995,,,0.732028,-0.6130260000000001,CXR,350300
9907925,56,6518,1996,,,0.8724709999999999,-0.499449,CXR,350300
9907926,56,6518,1997,,,0.5604020000000001,-0.6793130000000001,CXR,350300
9907927,56,6518,1998,,,0.6067859999999999,-0.706703,CXR,350300
9907928,56,6518,1999,,,0.601561,-0.755731,CXR,350300
9907929,56,6518,2000,,,0.666367,-0.7077979999999999,CXR,350300
9907930,56,6518,2001,,,1.0924479999999999,-0.7587689999999999,CXR,350300
9907931,56,6518,2002,,,0.46379,-0.7096319999999999,CXR,350300
9907932,56,6518,2003,,,1.019324,-0.439778,CXR,350300
9907933,56,6518,2004,,,0.590055,-0.721742,CXR,350300
9907934,56,6518,2005,,,1.737368,-0.445572,CXR,350300
9907935,56,6518,2006,,,0.8348770000000001,-0.52778,CXR,350300
9907936,56,6518,2007,,,1.550877,-0.177793,CXR,350300
9907937,56,6518,2008,,,1.184962,-0.607034,CXR,350300
9907938,56,6518,2009,,,0.883293,-0.597838,CXR,350300
9907939,56,6518,2010,,,1.1423379999999999,-0.560075,CXR,350300
9907940,56,6518,2011,,,1.020805,-0.485573,CXR,350300
9907941,56,6518,2012,,,0.850045,-0.52785,CXR,350300
9907942,56,6518,2013,,,0.972676,-0.5206729999999999,CXR,350300
9907943,56,6518,2014,,,0.738877,-0.520547,CXR,350300
9907944,56,6518,2015,,,0.33029400000000003,-0.725431,CXR,350300
9907945,56,6518,2016,,,0.810517,-0.598503,CXR,350300
9907946,56,6518,2017,,,0.46829799999999994,-0.442316,CXR,350300
9907947,56,6518,2018,,,0.449025,-0.7264149999999999,CXR,350300
9907948,56,6518,2019,,,1.097952,-0.513787,CXR,350300
9907949,56,6518,2020,,,1.410875,-0.415195,CXR,350300
9907950,57,6518,1995,0.0,13774.0,1.277032,0.064205,CYM,350300
9907951,57,6518,1996,0.0,12960.0,0.532622,-0.428501,CYM,350300
9907952,57,6518,1997,0.0,13535.0,0.504191,-0.512525,CYM,350300
9907953,57,6518,1998,0.0,10964.0,0.924544,-0.39263899999999996,CYM,350300
9907954,57,6518,1999,0.0,10420.0,0.909416,-0.6302800000000001,CYM,350300
9907955,57,6518,2000,0.0,39361.0,0.763021,-0.7265199999999999,CYM,350300
9907956,57,6518,2001,0.0,14040.0,0.611577,-0.6532939999999999,CYM,350300
9907957,57,6518,2002,,,0.7098220000000001,-0.633359,CYM,350300
9907958,57,6518,2003,,,0.308768,-0.690944,CYM,350300
9907959,57,6518,2004,0.0,2936.0,0.349925,-0.794084,CYM,350300
9907960,57,6518,2005,,,0.363006,-0.734404,CYM,350300
9907961,57,6518,2006,,,0.7708189999999999,-0.648112,CYM,350300
9907962,57,6518,2007,,,0.532926,-0.54101,CYM,350300
9907963,57,6518,2008,0.0,3400.0,0.862348,-0.708601,CYM,350300
9907964,57,6518,2009,,,0.805117,-0.684305,CYM,350300
9907965,57,6518,2010,,,1.2142959999999998,-0.6487430000000001,CYM,350300
9907966,57,6518,2011,,,0.665662,-0.678581,CYM,350300
9907967,57,6518,2012,0.0,4479.0,1.172677,-0.616959,CYM,350300
9907968,57,6518,2013,,,0.391996,-0.73249,CYM,350300
9907969,57,6518,2014,,,1.199562,-0.66969,CYM,350300
9907970,57,6518,2015,,,0.275472,-0.831835,CYM,350300
9907971,57,6518,2016,,,1.045587,-0.779983,CYM,350300
9907972,57,6518,2017,,,1.105397,-0.794764,CYM,350300
9907973,57,6518,2018,0.0,5602.0,-0.194933,-0.930874,CYM,350300
9907974,57,6518,2019,0.0,88940.0,0.27157800000000004,-0.901875,CYM,350300
9907975,57,6518,2020,,,-0.007386,-0.878251,CYM,350300
9907976,58,6518,1995,4332.0,532301.0,0.263764,0.030358999999999997,CYP,350300
9907977,58,6518,1996,3424.0,328728.0,0.20007,0.020590999999999998,CYP,350300
9907978,58,6518,1997,1387.0,386375.0,0.451212,0.452754,CYP,350300
9907979,58,6518,1998,767.0,355591.0,0.45990600000000004,0.41840299999999997,CYP,350300
9907980,58,6518,1999,0.0,361478.0,0.508464,0.324706,CYP,350300
9907981,58,6518,2000,0.0,115918.0,0.235843,0.16877,CYP,350300
9907982,58,6518,2001,0.0,353516.0,0.381251,0.257802,CYP,350300
9907983,58,6518,2002,0.0,227248.0,0.381391,0.40265,CYP,350300
9907984,58,6518,2003,0.0,390062.0,0.259992,0.068914,CYP,350300
9907985,58,6518,2004,0.0,459935.0,0.533521,0.615939,CYP,350300
9907986,58,6518,2005,0.0,487331.0,0.573122,0.474224,CYP,350300
9907987,58,6518,2006,0.0,426984.0,0.708267,-0.048096,CYP,350300
9907988,58,6518,2007,0.0,365797.0,0.887351,0.426331,CYP,350300
9907989,58,6518,2008,213453.0,510693.0,1.003211,0.712629,CYP,350300
9907990,58,6518,2009,211182.0,514612.0,0.934193,0.657555,CYP,350300
9907991,58,6518,2010,97909.0,611335.0,0.8776450000000001,0.568389,CYP,350300
9907992,58,6518,2011,11493.0,433383.0,0.798165,0.424179,CYP,350300
9907993,58,6518,2012,3157.0,544715.0,0.691646,0.11984600000000001,CYP,350300
9907994,58,6518,2013,16142.0,576974.0,0.502238,0.349608,CYP,350300
9907995,58,6518,2014,0.0,516057.0,0.627467,0.483725,CYP,350300
9907996,58,6518,2015,0.0,431105.0,0.511225,-0.207261,CYP,350300
9907997,58,6518,2016,0.0,401401.0,0.40822800000000004,0.07535,CYP,350300
9907998,58,6518,2017,0.0,472357.0,0.576982,0.279989,CYP,350300
9907999,58,6518,2018,0.0,432778.0,0.45442,-0.113303,CYP,350300
9908000,58,6518,2019,0.0,495206.0,0.657782,0.209481,CYP,350300
9908001,58,6518,2020,21286.0,516206.0,0.5354760000000001,-0.069753,CYP,350300
9908002,59,6518,1995,1824005.0,4435745.0,1.375091,1.628069,CZE,350300
9908003,59,6518,1996,1472396.0,3628947.0,1.401181,1.3094709999999998,CZE,350300
9908004,59,6518,1997,1134530.0,4271743.0,1.40651,1.354695,CZE,350300
9908005,59,6518,1998,837096.0,5219930.0,1.36345,1.408508,CZE,350300
9908006,59,6518,1999,514807.0,5606975.0,1.412439,1.329385,CZE,350300
9908007,59,6518,2000,484900.0,4463706.0,1.393001,1.23271,CZE,350300
9908008,59,6518,2001,427758.0,7139190.0,1.485703,1.109305,CZE,350300
9908009,59,6518,2002,403131.0,7971610.0,1.550713,1.037066,CZE,350300
9908010,59,6518,2003,675045.0,7867649.0,1.555749,0.8662059999999999,CZE,350300
9908011,59,6518,2004,827316.0,7905443.0,1.562625,0.865244,CZE,350300
9908012,59,6518,2005,1077879.0,8721781.0,1.56768,0.6784319999999999,CZE,350300
9908013,59,6518,2006,1123759.0,11340615.0,1.564058,0.6023649999999999,CZE,350300
9908014,59,6518,2007,1563650.0,12131423.0,1.620377,0.379404,CZE,350300
9908015,59,6518,2008,2803751.0,10232099.0,1.592035,0.27983600000000003,CZE,350300
9908016,59,6518,2009,1264822.0,10668285.0,1.6323159999999999,0.47257200000000005,CZE,350300
9908017,59,6518,2010,1478596.0,9272027.0,1.732044,0.333934,CZE,350300
9908018,59,6518,2011,2013778.0,12122057.0,1.737788,0.14741600000000002,CZE,350300
9908019,59,6518,2012,1564959.0,11847061.0,1.747369,-0.0932,CZE,350300
9908020,59,6518,2013,1554643.0,13553230.0,1.819653,-0.12423800000000002,CZE,350300
9908021,59,6518,2014,2391135.0,12406491.0,1.8105830000000003,0.131131,CZE,350300
9908022,59,6518,2015,1745352.0,10354599.0,1.743012,0.45424,CZE,350300
9908023,59,6518,2016,1838381.0,12925667.0,1.823627,0.552354,CZE,350300
9908024,59,6518,2017,2120010.0,12791155.0,1.7715130000000001,0.359668,CZE,350300
9908025,59,6518,2018,2270611.0,14967717.0,1.841016,0.220806,CZE,350300
9908026,59,6518,2019,2119166.0,14647907.0,1.797611,0.406708,CZE,350300
9908027,59,6518,2020,2767536.0,14612901.0,1.716646,0.602441,CZE,350300
9908028,60,6518,1995,,,,,DDR,350300
9908029,60,6518,1996,,,,,DDR,350300
9908030,60,6518,1997,,,,,DDR,350300
9908031,60,6518,1998,,,,,DDR,350300
9908032,60,6518,1999,,,,,DDR,350300
9908033,60,6518,2000,,,,,DDR,350300
9908034,60,6518,2001,,,,,DDR,350300
9908035,60,6518,2002,,,,,DDR,350300
9908036,60,6518,2003,,,,,DDR,350300
9908037,60,6518,2004,,,,,DDR,350300
9908038,60,6518,2005,,,,,DDR,350300
9908039,60,6518,2006,,,,,DDR,350300
9908040,60,6518,2007,,,,,DDR,350300
9908041,60,6518,2008,,,,,DDR,350300
9908042,60,6518,2009,,,,,DDR,350300
9908043,60,6518,2010,,,,,DDR,350300
9908044,60,6518,2011,,,,,DDR,350300
9908045,60,6518,2012,,,,,DDR,350300
9908046,60,6518,2013,,,,,DDR,350300
9908047,60,6518,2014,,,,,DDR,350300
9908048,60,6518,2015,,,,,DDR,350300
9908049,60,6518,2016,,,,,DDR,350300
9908050,60,6518,2017,,,,,DDR,350300
9908051,60,6518,2018,,,,,DDR,350300
9908052,60,6518,2019,,,,,DDR,350300
9908053,60,6518,2020,,,,,DDR,350300
9908054,61,6518,1995,116330343.0,118283272.0,2.325385,-2.2238189999999998,DEU,350300
9908055,61,6518,1996,126874383.0,112725280.0,2.279976,-2.572299,DEU,350300
9908056,61,6518,1997,122355665.0,116040937.0,2.293936,-2.2301919999999997,DEU,350300
9908057,61,6518,1998,129204575.0,112779466.0,2.334028,-2.417278,DEU,350300
9908058,61,6518,1999,125241622.0,95732294.0,2.334811,-2.060502,DEU,350300
9908059,61,6518,2000,68079157.0,83538859.0,2.316177,-2.4478419999999996,DEU,350300
9908060,61,6518,2001,191998329.0,92749603.0,2.321375,-2.1110990000000003,DEU,350300
9908061,61,6518,2002,226555539.0,92791058.0,2.297691,-2.183239,DEU,350300
9908062,61,6518,2003,194830046.0,115178170.0,2.2821919999999998,-2.0985150000000004,DEU,350300
9908063,61,6518,2004,220682255.0,134015357.0,2.266076,-2.011139,DEU,350300
9908064,61,6518,2005,135611054.0,158195268.0,2.172479,-2.446472,DEU,350300
9908065,61,6518,2006,140507638.0,152123352.0,2.132566,-2.773669,DEU,350300
9908066,61,6518,2007,151112133.0,160677882.0,2.114566,-2.934732,DEU,350300
9908067,61,6518,2008,167568755.0,138860064.0,2.007167,-3.256961,DEU,350300
9908068,61,6518,2009,170567887.0,156928542.0,2.056515,-3.034837,DEU,350300
9908069,61,6518,2010,178313327.0,139491276.0,2.035672,-3.383322,DEU,350300
9908070,61,6518,2011,217246085.0,179879784.0,2.074435,-3.440815,DEU,350300
9908071,61,6518,2012,227870291.0,195788393.0,1.966247,-3.3238410000000003,DEU,350300
9908072,61,6518,2013,253150240.0,197251732.0,2.093658,-3.4281980000000005,DEU,350300
9908073,61,6518,2014,241093018.0,171902206.0,2.052849,-2.888805,DEU,350300
9908074,61,6518,2015,209253509.0,170170790.0,2.203818,-2.307561,DEU,350300
9908075,61,6518,2016,229502490.0,139507265.0,2.203093,-2.24919,DEU,350300
9908076,61,6518,2017,243482163.0,155448553.0,2.1149459999999998,-2.525372,DEU,350300
9908077,61,6518,2018,250961942.0,172456656.0,2.109059,-2.428826,DEU,350300
9908078,61,6518,2019,255137262.0,201783894.0,2.078626,-2.124816,DEU,350300
9908079,61,6518,2020,257989997.0,230759771.0,2.027494,-2.3646689999999997,DEU,350300
9908080,62,6518,1995,,,0.7627109999999999,0.696162,DJI,350300
9908081,62,6518,1996,,,-0.20838099999999998,-0.668964,DJI,350300
9908082,62,6518,1997,,,0.398301,-0.170681,DJI,350300
9908083,62,6518,1998,0.0,10452.0,0.521307,-0.071371,DJI,350300
9908084,62,6518,1999,,,0.07838200000000001,-0.351435,DJI,350300
9908085,62,6518,2000,0.0,16817.0,0.057164,-0.428066,DJI,350300
9908086,62,6518,2001,,,0.143467,0.14288599999999999,DJI,350300
9908087,62,6518,2002,0.0,25224.0,0.416677,-0.052552,DJI,350300
9908088,62,6518,2003,0.0,38065.0,-0.41648500000000005,-0.5408350000000001,DJI,350300
9908089,62,6518,2004,0.0,5782.0,-0.12463699999999998,-0.304559,DJI,350300
9908090,62,6518,2005,0.0,27812.0,0.220415,0.045086,DJI,350300
9908091,62,6518,2006,,,-0.251707,-0.436792,DJI,350300
9908092,62,6518,2007,0.0,191584.0,-1.111848,-0.983348,DJI,350300
9908093,62,6518,2008,0.0,235682.0,-1.082951,-0.958676,DJI,350300
9908094,62,6518,2009,0.0,477749.0,0.062037,-0.596527,DJI,350300
9908095,62,6518,2010,0.0,147080.0,-0.37501799999999996,-0.727603,DJI,350300
9908096,62,6518,2011,0.0,202438.0,-0.6224529999999999,-0.7357739999999999,DJI,350300
9908097,62,6518,2012,0.0,24066.0,-0.31072,-0.7274470000000001,DJI,350300
9908098,62,6518,2013,0.0,13001.0,-0.412843,-0.695916,DJI,350300
9908099,62,6518,2014,0.0,14570.0,-0.394602,-0.74178,DJI,350300
9908100,62,6518,2015,0.0,10154.0,-0.538942,-0.832522,DJI,350300
9908101,62,6518,2016,0.0,91231.0,-0.032607,-0.549622,DJI,350300
9908102,62,6518,2017,0.0,184953.0,-0.4897,-0.7249180000000001,DJI,350300
9908103,62,6518,2018,0.0,57222.0,-0.11008599999999999,-0.603731,DJI,350300
9908104,62,6518,2019,138586.0,34404.0,-0.602334,-0.794205,DJI,350300
9908105,62,6518,2020,0.0,48062.0,-0.493576,-0.808321,DJI,350300
9908106,63,6518,1995,,,0.803902,0.307064,DMA,350300
9908107,63,6518,1996,,,0.44934399999999997,-0.023771,DMA,350300
9908108,63,6518,1997,,,0.795112,0.438787,DMA,350300
9908109,63,6518,1998,,,0.822664,0.166578,DMA,350300
9908110,63,6518,1999,,,0.808025,0.321415,DMA,350300
9908111,63,6518,2000,,,0.780976,0.31806799999999996,DMA,350300
9908112,63,6518,2001,,,0.613251,0.226998,DMA,350300
9908113,63,6518,2002,,,0.196298,-0.129221,DMA,350300
9908114,63,6518,2003,,,0.11903299999999999,-0.21768200000000001,DMA,350300
9908115,63,6518,2004,,,0.322803,-0.000479,DMA,350300
9908116,63,6518,2005,1869.0,0.0,0.146509,-0.072638,DMA,350300
9908117,63,6518,2006,,,0.10759400000000001,-0.159215,DMA,350300
9908118,63,6518,2007,,,0.522624,0.077377,DMA,350300
9908119,63,6518,2008,,,0.424179,0.04355,DMA,350300
9908120,63,6518,2009,,,0.348966,-0.09711399999999999,DMA,350300
9908121,63,6518,2010,,,0.35578699999999996,0.13029200000000002,DMA,350300
9908122,63,6518,2011,,,-0.25559699999999996,-0.5345300000000001,DMA,350300
9908123,63,6518,2012,,,0.372616,0.163026,DMA,350300
9908124,63,6518,2013,,,0.054362,-0.156703,DMA,350300
9908125,63,6518,2014,,,0.294596,-0.310069,DMA,350300
9908126,63,6518,2015,,,0.0735,-0.44923599999999997,DMA,350300
9908127,63,6518,2016,,,0.162751,-0.307303,DMA,350300
9908128,63,6518,2017,,,0.283171,-0.22632800000000003,DMA,350300
9908129,63,6518,2018,,,0.381788,0.039853,DMA,350300
9908130,63,6518,2019,,,0.131177,-0.313508,DMA,350300
9908131,63,6518,2020,,,0.583288,0.012664,DMA,350300
9908132,64,6518,1995,7755376.0,16480735.0,1.3800270000000001,1.489036,DNK,350300
9908133,64,6518,1996,8844454.0,16038697.0,1.443514,1.275684,DNK,350300
9908134,64,6518,1997,11335042.0,14055649.0,1.358279,1.420107,DNK,350300
9908135,64,6518,1998,10105871.0,18175863.0,1.225999,1.470145,DNK,350300
9908136,64,6518,1999,9712362.0,14659504.0,1.264405,1.469627,DNK,350300
9908137,64,6518,2000,9834299.0,11762527.0,1.230078,1.429499,DNK,350300
9908138,64,6518,2001,10689796.0,15042332.0,1.261883,1.351875,DNK,350300
9908139,64,6518,2002,10154597.0,16738821.0,1.26594,1.225186,DNK,350300
9908140,64,6518,2003,14581790.0,20544472.0,1.309564,1.245596,DNK,350300
9908141,64,6518,2004,17076522.0,24123949.0,1.328968,1.262743,DNK,350300
9908142,64,6518,2005,22219020.0,25778800.0,1.210286,1.217256,DNK,350300
9908143,64,6518,2006,24773787.0,28169840.0,1.2308700000000001,1.180914,DNK,350300
9908144,64,6518,2007,22531541.0,23210696.0,1.204019,1.122666,DNK,350300
9908145,64,6518,2008,27735503.0,22550060.0,1.165294,1.1112440000000001,DNK,350300
9908146,64,6518,2009,18510589.0,20082910.0,1.242327,1.064709,DNK,350300
9908147,64,6518,2010,18561195.0,19925326.0,1.082468,1.280759,DNK,350300
9908148,64,6518,2011,23580636.0,25504558.0,1.156026,1.2248299999999999,DNK,350300
9908149,64,6518,2012,25091548.0,29421753.0,1.105061,1.245377,DNK,350300
9908150,64,6518,2013,26451976.0,37553922.0,1.161835,1.1788450000000001,DNK,350300
9908151,64,6518,2014,27842304.0,33042898.0,1.10869,1.245193,DNK,350300
9908152,64,6518,2015,20182693.0,23412642.0,1.157924,1.2045629999999998,DNK,350300
9908153,64,6518,2016,20601454.0,24614034.0,1.117864,1.302658,DNK,350300
9908154,64,6518,2017,15212715.0,25360324.0,1.159753,1.233914,DNK,350300
9908155,64,6518,2018,17584425.0,23448295.0,1.0945040000000001,1.3311540000000002,DNK,350300
9908156,64,6518,2019,13965575.0,20954666.0,1.0768280000000001,1.2615610000000002,DNK,350300
9908157,64,6518,2020,15471136.0,25888934.0,1.093217,1.2166549999999998,DNK,350300
9908158,65,6518,1995,0.0,893731.0,-0.635482,-0.746526,DOM,350300
9908159,65,6518,1996,5694.0,332809.0,-0.596093,-0.5602060000000001,DOM,350300
9908160,65,6518,1997,0.0,608459.0,-0.6062850000000001,-0.648523,DOM,350300
9908161,65,6518,1998,1847.0,599866.0,-0.772271,-0.765258,DOM,350300
9908162,65,6518,1999,0.0,643861.0,-0.60436,-0.674701,DOM,350300
9908163,65,6518,2000,0.0,506182.0,-0.544322,-0.651937,DOM,350300
9908164,65,6518,2001,0.0,633891.0,-0.538419,-0.48773900000000003,DOM,350300
9908165,65,6518,2002,3413.0,456058.0,-0.46284899999999995,-0.39210100000000003,DOM,350300
9908166,65,6518,2003,0.0,384666.0,-0.46264399999999994,-0.245034,DOM,350300
9908167,65,6518,2004,3173.0,351854.0,-0.510025,-0.328257,DOM,350300
9908168,65,6518,2005,0.0,919558.0,-0.370894,-0.140178,DOM,350300
9908169,65,6518,2006,0.0,1189576.0,-0.24073699999999998,0.049093,DOM,350300
9908170,65,6518,2007,0.0,1109589.0,-0.228756,0.004222,DOM,350300
9908171,65,6518,2008,0.0,990562.0,-0.167958,0.241283,DOM,350300
9908172,65,6518,2009,0.0,1256998.0,-0.317894,0.198926,DOM,350300
9908173,65,6518,2010,31591.0,1695977.0,-0.245241,0.368626,DOM,350300
9908174,65,6518,2011,100805.0,1826625.0,-0.260653,0.5682010000000001,DOM,350300
9908175,65,6518,2012,88936.0,1844530.0,-0.193432,0.590896,DOM,350300
9908176,65,6518,2013,165816.0,2123678.0,-0.277269,0.432388,DOM,350300
9908177,65,6518,2014,61959.0,1791192.0,-0.180845,0.508512,DOM,350300
9908178,65,6518,2015,55134.0,1898246.0,-0.212808,0.395873,DOM,350300
9908179,65,6518,2016,66474.0,1798091.0,-0.237382,0.295389,DOM,350300
9908180,65,6518,2017,107504.0,4346327.0,-0.168016,0.30840100000000004,DOM,350300
9908181,65,6518,2018,84026.0,4450208.0,-0.084258,0.474872,DOM,350300
9908182,65,6518,2019,32312.0,2927957.0,-0.20594,0.309785,DOM,350300
9908183,65,6518,2020,42989.0,4010958.0,0.06500299999999999,0.2812,DOM,350300
9908184,66,6518,1995,2496.0,64377.0,-0.555409,-1.037972,DZA,350300
9908185,66,6518,1996,0.0,41503.0,-0.33419699999999997,-1.035736,DZA,350300
9908186,66,6518,1997,0.0,172879.0,-0.717599,-1.126311,DZA,350300
9908187,66,6518,1998,15620.0,293560.0,-0.726061,-1.161031,DZA,350300
9908188,66,6518,1999,0.0,267485.0,-0.701764,-1.175132,DZA,350300
9908189,66,6518,2000,0.0,248304.0,-0.9169209999999999,-1.170192,DZA,350300
9908190,66,6518,2001,0.0,144410.0,-0.663363,-1.158295,DZA,350300
9908191,66,6518,2002,0.0,283506.0,-0.912033,-1.1731850000000001,DZA,350300
9908192,66,6518,2003,0.0,194341.0,-1.060727,-1.142594,DZA,350300
9908193,66,6518,2004,1244.0,457052.0,-0.725066,-1.163606,DZA,350300
9908194,66,6518,2005,0.0,182410.0,-0.363675,-1.117724,DZA,350300
9908195,66,6518,2006,0.0,268295.0,-0.489962,-1.12456,DZA,350300
9908196,66,6518,2007,0.0,209992.0,-0.9822690000000001,-1.170282,DZA,350300
9908197,66,6518,2008,0.0,403396.0,-0.556434,-1.079109,DZA,350300
9908198,66,6518,2009,2182649.0,1010542.0,-1.161786,-1.188669,DZA,350300
9908199,66,6518,2010,0.0,873125.0,-1.00922,-1.1511040000000001,DZA,350300
9908200,66,6518,2011,0.0,370438.0,-1.36763,-1.140594,DZA,350300
9908201,66,6518,2012,0.0,729435.0,-1.349046,-1.1601860000000002,DZA,350300
9908202,66,6518,2013,0.0,1572144.0,-1.373947,-1.1523459999999999,DZA,350300
9908203,66,6518,2014,0.0,2529417.0,-1.5554649999999999,-1.1657030000000002,DZA,350300
9908204,66,6518,2015,0.0,1249928.0,-1.54346,-1.255633,DZA,350300
9908205,66,6518,2016,0.0,961611.0,-1.0202930000000001,-1.236642,DZA,350300
9908206,66,6518,2017,0.0,828696.0,-0.9905579999999999,-1.1996200000000001,DZA,350300
9908207,66,6518,2018,86716.0,1437846.0,-1.281519,-1.22291,DZA,350300
9908208,66,6518,2019,1738.0,851941.0,-1.008866,-1.215228,DZA,350300
9908209,66,6518,2020,1717.0,1037791.0,-1.015133,-1.243726,DZA,350300
9908210,67,6518,1995,2090053.0,272444.0,-0.948154,-0.9595790000000001,ECU,350300
9908211,67,6518,1996,2950397.0,376592.0,-1.1391200000000001,-0.992735,ECU,350300
9908212,67,6518,1997,3954599.0,326868.0,-1.1931690000000001,-1.0139690000000001,ECU,350300
9908213,67,6518,1998,3417183.0,1130227.0,-0.990915,-0.9670860000000001,ECU,350300
9908214,67,6518,1999,3483119.0,214633.0,-0.8875299999999999,-0.9117879999999999,ECU,350300
9908215,67,6518,2000,3756604.0,393899.0,-0.883928,-0.884951,ECU,350300
9908216,67,6518,2001,2800900.0,1256685.0,-0.852642,-0.896374,ECU,350300
9908217,67,6518,2002,2204696.0,1156376.0,-0.976218,-0.926393,ECU,350300
9908218,67,6518,2003,1729380.0,1093294.0,-0.8689370000000001,-0.889767,ECU,350300
9908219,67,6518,2004,1459622.0,1102757.0,-1.149101,-1.013619,ECU,350300
9908220,67,6518,2005,2712392.0,805779.0,-1.029033,-1.014289,ECU,350300
9908221,67,6518,2006,2642321.0,905591.0,-0.878583,-0.9462010000000001,ECU,350300
9908222,67,6518,2007,3270107.0,886941.0,-0.820491,-0.8557879999999999,ECU,350300
9908223,67,6518,2008,1957519.0,1143353.0,-0.859434,-0.972389,ECU,350300
9908224,67,6518,2009,5805564.0,795704.0,-0.92724,-0.965628,ECU,350300
9908225,67,6518,2010,6835880.0,1350775.0,-0.584013,-0.743675,ECU,350300
9908226,67,6518,2011,10832640.0,973723.0,-0.8250639999999999,-0.839082,ECU,350300
9908227,67,6518,2012,14011711.0,746218.0,-0.627614,-0.764234,ECU,350300
9908228,67,6518,2013,13569300.0,3958167.0,-0.86546,-0.8888389999999999,ECU,350300
9908229,67,6518,2014,9861461.0,3332387.0,-1.066865,-1.052921,ECU,350300
9908230,67,6518,2015,11286082.0,1444381.0,-0.9845959999999999,-1.075639,ECU,350300
9908231,67,6518,2016,5230261.0,1253497.0,-1.0860049999999999,-1.049065,ECU,350300
9908232,67,6518,2017,5942265.0,1080618.0,-0.9995850000000001,-1.086367,ECU,350300
9908233,67,6518,2018,8788563.0,1611543.0,-0.873973,-1.032841,ECU,350300
9908234,67,6518,2019,9338187.0,1358442.0,-1.12261,-1.094275,ECU,350300
9908235,67,6518,2020,10586711.0,1176367.0,-1.074185,-1.084344,ECU,350300
9908236,68,6518,1995,167607.0,3562699.0,-0.340042,-0.085601,EGY,350300
9908237,68,6518,1996,329799.0,2293201.0,-0.5446409999999999,-0.229586,EGY,350300
9908238,68,6518,1997,620546.0,3790720.0,-0.314425,0.156345,EGY,350300
9908239,68,6518,1998,194244.0,3876186.0,-0.462755,0.079802,EGY,350300
9908240,68,6518,1999,105905.0,3271835.0,-0.311879,0.300746,EGY,350300
9908241,68,6518,2000,132129.0,1800697.0,-0.41125900000000004,0.099833,EGY,350300
9908242,68,6518,2001,47708.0,2221380.0,-0.373576,0.366385,EGY,350300
9908243,68,6518,2002,132183.0,1841739.0,-0.377127,0.549439,EGY,350300
9908244,68,6518,2003,162476.0,2135440.0,-0.292923,0.465433,EGY,350300
9908245,68,6518,2004,280051.0,1947963.0,-0.300563,0.41834899999999997,EGY,350300
9908246,68,6518,2005,146375.0,2835690.0,-0.247748,0.492885,EGY,350300
9908247,68,6518,2006,199431.0,4163290.0,-0.182272,0.40222399999999997,EGY,350300
9908248,68,6518,2007,170160.0,3930694.0,-0.144054,0.663592,EGY,350300
9908249,68,6518,2008,662680.0,7370442.0,-0.098316,1.134642,EGY,350300
9908250,68,6518,2009,4347001.0,7500546.0,-0.20940300000000003,1.6466290000000001,EGY,350300
9908251,68,6518,2010,4208651.0,7562301.0,-0.181826,1.409465,EGY,350300
9908252,68,6518,2011,3677377.0,9854923.0,-0.166243,1.384719,EGY,350300
9908253,68,6518,2012,2757106.0,12549738.0,-0.143732,1.316722,EGY,350300
9908254,68,6518,2013,4064170.0,12480493.0,-0.17418,1.692641,EGY,350300
9908255,68,6518,2014,6382372.0,14253241.0,-0.086866,1.7419669999999998,EGY,350300
9908256,68,6518,2015,4511246.0,12178304.0,-0.183053,1.765036,EGY,350300
9908257,68,6518,2016,4819522.0,8409400.0,-0.142377,1.674348,EGY,350300
9908258,68,6518,2017,5090216.0,7520538.0,-0.073436,1.829121,EGY,350300
9908259,68,6518,2018,6503738.0,6919919.0,-0.096635,1.585658,EGY,350300
9908260,68,6518,2019,8099770.0,8303795.0,-0.152353,1.5426309999999999,EGY,350300
9908261,68,6518,2020,8684952.0,12803693.0,-0.186095,1.6414330000000001,EGY,350300
9908262,69,6518,1995,,,0.567988,-0.30390500000000004,ERI,350300
9908263,69,6518,1996,,,-0.31049499999999997,-0.656459,ERI,350300
9908264,69,6518,1997,,,-0.914603,-0.9081629999999999,ERI,350300
9908265,69,6518,1998,,,0.05984400000000001,-0.508051,ERI,350300
9908266,69,6518,1999,,,0.160222,-0.528174,ERI,350300
9908267,69,6518,2000,,,-0.135268,-0.6384569999999999,ERI,350300
9908268,69,6518,2001,0.0,3597.0,0.617376,-0.33233,ERI,350300
9908269,69,6518,2002,0.0,5697.0,0.831973,-0.050712,ERI,350300
9908270,69,6518,2003,0.0,5071.0,-0.105591,-0.247614,ERI,350300
9908271,69,6518,2004,0.0,31309.0,0.48701400000000006,-0.094026,ERI,350300
9908272,69,6518,2005,,,-0.240044,-0.46946000000000004,ERI,350300
9908273,69,6518,2006,0.0,18845.0,0.216725,-0.337624,ERI,350300
9908274,69,6518,2007,0.0,2044.0,-0.905408,-0.908877,ERI,350300
9908275,69,6518,2008,,,0.129938,-0.429551,ERI,350300
9908276,69,6518,2009,,,0.081675,-0.37700100000000003,ERI,350300
9908277,69,6518,2010,,,-0.288006,-0.614999,ERI,350300
9908278,69,6518,2011,0.0,4268.0,0.073024,-0.8032229999999999,ERI,350300
9908279,69,6518,2012,,,-0.349941,-0.9931450000000001,ERI,350300
9908280,69,6518,2013,0.0,12446.0,-1.227273,-0.9367340000000001,ERI,350300
9908281,69,6518,2014,0.0,11527.0,-2.345215,-1.051413,ERI,350300
9908282,69,6518,2015,0.0,14935.0,-1.7745669999999998,-1.013696,ERI,350300
9908283,69,6518,2016,,,-1.479782,-1.060063,ERI,350300
9908284,69,6518,2017,,,-1.4706139999999999,-1.024845,ERI,350300
9908285,69,6518,2018,,,-1.601517,-1.062162,ERI,350300
9908286,69,6518,2019,,,-1.7266080000000001,-1.0303360000000001,ERI,350300
9908287,69,6518,2020,,,-1.1688129999999999,-0.9633879999999999,ERI,350300
9908288,70,6518,1995,,,0.954333,-0.674121,ESH,350300
9908289,70,6518,1996,,,-1.342924,-0.696376,ESH,350300
9908290,70,6518,1997,,,1.0709799999999998,-0.671918,ESH,350300
9908291,70,6518,1998,,,-0.07774,-0.78017,ESH,350300
9908292,70,6518,1999,,,0.353541,-0.794955,ESH,350300
9908293,70,6518,2000,,,0.926739,-0.533051,ESH,350300
9908294,70,6518,2001,,,-0.49938699999999997,-0.8695809999999999,ESH,350300
9908295,70,6518,2002,,,0.911192,-0.830407,ESH,350300
9908296,70,6518,2003,,,1.2379639999999998,-0.469434,ESH,350300
9908297,70,6518,2004,,,0.771845,-0.777994,ESH,350300
9908298,70,6518,2005,,,1.559212,-0.563942,ESH,350300
9908299,70,6518,2006,,,1.380741,-0.657053,ESH,350300
9908300,70,6518,2007,,,1.540701,-0.416705,ESH,350300
9908301,70,6518,2008,,,0.7177640000000001,-0.689189,ESH,350300
9908302,70,6518,2009,,,1.277881,-0.752965,ESH,350300
9908303,70,6518,2010,,,2.0637689999999997,-0.760273,ESH,350300
9908304,70,6518,2011,,,2.337415,-0.327113,ESH,350300
9908305,70,6518,2012,,,2.172618,-0.077311,ESH,350300
9908306,70,6518,2013,,,1.672666,-0.47427700000000006,ESH,350300
9908307,70,6518,2014,,,0.8348690000000001,-0.6148140000000001,ESH,350300
9908308,70,6518,2015,,,0.8270209999999999,-0.590016,ESH,350300
9908309,70,6518,2016,,,0.771312,-0.799657,ESH,350300
9908310,70,6518,2017,,,0.908792,-0.538131,ESH,350300
9908311,70,6518,2018,,,1.599518,-0.5597880000000001,ESH,350300
9908312,70,6518,2019,,,1.48852,-0.669028,ESH,350300
9908313,70,6518,2020,,,2.1028029999999998,-0.647638,ESH,350300
9908314,71,6518,1995,7788329.0,20105842.0,1.144247,1.933844,ESP,350300
9908315,71,6518,1996,9318383.0,15117814.0,1.105317,1.9473,ESP,350300
9908316,71,6518,1997,9932128.0,16635257.0,1.082049,2.0238650000000002,ESP,350300
9908317,71,6518,1998,10836328.0,28342256.0,1.051392,1.983438,ESP,350300
9908318,71,6518,1999,10032581.0,18707257.0,1.0849209999999998,1.9351180000000001,ESP,350300
9908319,71,6518,2000,10871914.0,14728289.0,1.098989,1.911029,ESP,350300
9908320,71,6518,2001,11095913.0,17789774.0,1.079664,1.9842220000000002,ESP,350300
9908321,71,6518,2002,11729450.0,17837065.0,1.012246,2.049594,ESP,350300
9908322,71,6518,2003,19339721.0,25163061.0,0.960684,2.074792,ESP,350300
9908323,71,6518,2004,21012218.0,33795653.0,0.9784649999999999,2.051216,ESP,350300
9908324,71,6518,2005,28339729.0,38294193.0,0.9318489999999999,1.999698,ESP,350300
9908325,71,6518,2006,26563895.0,43855876.0,0.9091370000000001,2.068166,ESP,350300
9908326,71,6518,2007,24130609.0,34859325.0,0.914681,2.027797,ESP,350300
9908327,71,6518,2008,27046889.0,35461198.0,0.8755649999999999,2.122164,ESP,350300
9908328,71,6518,2009,24999463.0,33179903.0,0.9021020000000001,2.170578,ESP,350300
9908329,71,6518,2010,24916178.0,30589713.0,0.832619,2.448009,ESP,350300
9908330,71,6518,2011,30915811.0,36900297.0,0.8677290000000001,2.4618450000000003,ESP,350300
9908331,71,6518,2012,49790209.0,43461255.0,0.8528309999999999,2.462809,ESP,350300
9908332,71,6518,2013,55360370.0,44646825.0,0.861698,2.353993,ESP,350300
9908333,71,6518,2014,34825948.0,50250542.0,0.842147,2.45692,ESP,350300
9908334,71,6518,2015,33538996.0,46341610.0,0.8173590000000001,2.442556,ESP,350300
9908335,71,6518,2016,40507303.0,50873469.0,0.765428,2.57725,ESP,350300
9908336,71,6518,2017,49974183.0,63125485.0,0.734342,2.8180099999999997,ESP,350300
9908337,71,6518,2018,53571720.0,62700306.0,0.744825,2.919005,ESP,350300
9908338,71,6518,2019,45602888.0,61495735.0,0.678454,3.007838,ESP,350300
9908339,71,6518,2020,57690770.0,63014612.0,0.736657,2.731661,ESP,350300
9908340,72,6518,1995,74388.0,160360.0,0.530041,1.134288,EST,350300
9908341,72,6518,1996,49346.0,372802.0,0.53397,1.0877940000000001,EST,350300
9908342,72,6518,1997,99446.0,711757.0,0.460823,0.9126700000000001,EST,350300
9908343,72,6518,1998,141494.0,497443.0,0.53408,1.07691,EST,350300
9908344,72,6518,1999,160157.0,446184.0,0.502979,0.8847440000000001,EST,350300
9908345,72,6518,2000,31066.0,402941.0,0.358559,0.583236,EST,350300
9908346,72,6518,2001,51758.0,423459.0,0.5746829999999999,0.9073899999999999,EST,350300
9908347,72,6518,2002,26571.0,402546.0,0.54511,0.9135979999999999,EST,350300
9908348,72,6518,2003,23641.0,614709.0,0.5913010000000001,0.8489979999999999,EST,350300
9908349,72,6518,2004,35479.0,607105.0,0.6101840000000001,0.9520370000000001,EST,350300
9908350,72,6518,2005,19150.0,545978.0,0.6351600000000001,1.039403,EST,350300
9908351,72,6518,2006,36919.0,495189.0,0.6426350000000001,0.925003,EST,350300
9908352,72,6518,2007,177024.0,697625.0,0.746434,1.306397,EST,350300
9908353,72,6518,2008,357750.0,832769.0,0.749696,1.5173940000000001,EST,350300
9908354,72,6518,2009,331145.0,919956.0,0.749058,1.269572,EST,350300
9908355,72,6518,2010,167345.0,987839.0,0.832316,1.1844649999999999,EST,350300
9908356,72,6518,2011,118580.0,1265111.0,0.9806790000000001,1.110449,EST,350300
9908357,72,6518,2012,254535.0,1484501.0,0.8594450000000001,1.299628,EST,350300
9908358,72,6518,2013,279576.0,1790643.0,0.8828940000000001,1.386574,EST,350300
9908359,72,6518,2014,330593.0,2097878.0,0.9147780000000001,1.151556,EST,350300
9908360,72,6518,2015,691631.0,1849540.0,0.9281149999999999,1.1780389999999998,EST,350300
9908361,72,6518,2016,413465.0,2051609.0,1.000418,1.154152,EST,350300
9908362,72,6518,2017,539473.0,2184033.0,1.010985,1.289633,EST,350300
9908363,72,6518,2018,660334.0,1234433.0,0.979986,1.2365899999999999,EST,350300
9908364,72,6518,2019,462422.0,836360.0,0.962284,1.346195,EST,350300
9908365,72,6518,2020,490173.0,962719.0,1.012385,1.305015,EST,350300
9908366,73,6518,1995,0.0,93433.0,-1.3387120000000001,-1.123621,ETH,350300
9908367,73,6518,1996,0.0,28324.0,-1.265383,-1.131925,ETH,350300
9908368,73,6518,1997,0.0,57517.0,-1.239473,-1.159345,ETH,350300
9908369,73,6518,1998,0.0,8430.0,-1.279819,-1.158182,ETH,350300
9908370,73,6518,1999,0.0,16949.0,-1.18759,-1.111391,ETH,350300
9908371,73,6518,2000,45656.0,24287.0,-1.190677,-1.063662,ETH,350300
9908372,73,6518,2001,0.0,79078.0,-0.999149,-0.904072,ETH,350300
9908373,73,6518,2002,0.0,58229.0,-1.096371,-0.9566709999999999,ETH,350300
9908374,73,6518,2003,0.0,164408.0,-1.1145559999999999,-0.9599620000000001,ETH,350300
9908375,73,6518,2004,4915.0,232313.0,-1.156284,-0.900874,ETH,350300
9908376,73,6518,2005,5870.0,239044.0,-1.287495,-1.0195940000000001,ETH,350300
9908377,73,6518,2006,0.0,303360.0,-0.9557180000000001,-0.9153479999999999,ETH,350300
9908378,73,6518,2007,0.0,336575.0,-1.115917,-0.821652,ETH,350300
9908379,73,6518,2008,0.0,264732.0,-1.0084629999999999,-0.83993,ETH,350300
9908380,73,6518,2009,0.0,461610.0,-0.967483,-0.8219,ETH,350300
9908381,73,6518,2010,0.0,476975.0,-1.122906,-0.840777,ETH,350300
9908382,73,6518,2011,0.0,333276.0,-1.258175,-0.920692,ETH,350300
9908383,73,6518,2012,0.0,431991.0,-1.134031,-0.991977,ETH,350300
9908384,73,6518,2013,0.0,911385.0,-1.264002,-0.9594219999999999,ETH,350300
9908385,73,6518,2014,0.0,1045465.0,-1.296535,-1.045942,ETH,350300
9908386,73,6518,2015,27094.0,862318.0,-1.004896,-0.721019,ETH,350300
9908387,73,6518,2016,101755.0,1034065.0,-1.006161,-0.756472,ETH,350300
9908388,73,6518,2017,22455.0,812171.0,-1.007413,-0.638231,ETH,350300
9908389,73,6518,2018,18165.0,1183251.0,-0.874857,-0.464958,ETH,350300
9908390,73,6518,2019,0.0,400378.0,-1.073631,-0.617885,ETH,350300
9908391,73,6518,2020,0.0,546153.0,-0.952033,-0.707262,ETH,350300
9908392,74,6518,1995,2164535.0,5538008.0,2.0085740000000003,1.126816,FIN,350300
9908393,74,6518,1996,1525161.0,4318949.0,2.0584729999999998,1.006908,FIN,350300
9908394,74,6518,1997,1114952.0,4623906.0,1.9298959999999998,1.083861,FIN,350300
9908395,74,6518,1998,1300734.0,5133398.0,2.003987,0.995725,FIN,350300
9908396,74,6518,1999,256522.0,5085839.0,2.095642,0.966282,FIN,350300
9908397,74,6518,2000,286298.0,4641005.0,2.0621419999999997,0.9090360000000001,FIN,350300
9908398,74,6518,2001,111690.0,6195369.0,2.069141,0.9375180000000001,FIN,350300
9908399,74,6518,2002,92011.0,6195984.0,2.0234240000000003,0.979141,FIN,350300
9908400,74,6518,2003,190903.0,7556796.0,2.077889,0.942501,FIN,350300
9908401,74,6518,2004,213720.0,8057748.0,2.000218,0.9867309999999999,FIN,350300
9908402,74,6518,2005,145102.0,8165896.0,1.8661240000000001,0.932386,FIN,350300
9908403,74,6518,2006,162395.0,8998788.0,1.864038,0.8193940000000001,FIN,350300
9908404,74,6518,2007,113666.0,5767032.0,1.865502,0.7737729999999999,FIN,350300
9908405,74,6518,2008,304959.0,5953398.0,1.767859,0.846409,FIN,350300
9908406,74,6518,2009,70487.0,5814361.0,1.8206849999999999,0.797421,FIN,350300
9908407,74,6518,2010,109337.0,5476797.0,1.745464,0.897992,FIN,350300
9908408,74,6518,2011,49108.0,8507581.0,1.7488830000000002,0.890934,FIN,350300
9908409,74,6518,2012,131857.0,7915926.0,1.58219,0.939001,FIN,350300
9908410,74,6518,2013,251057.0,7593331.0,1.734552,0.8896940000000001,FIN,350300
9908411,74,6518,2014,177363.0,5539915.0,1.626355,1.002923,FIN,350300
9908412,74,6518,2015,198010.0,4621506.0,1.597817,0.998059,FIN,350300
9908413,74,6518,2016,61134.0,4595726.0,1.581968,1.006432,FIN,350300
9908414,74,6518,2017,54989.0,4578205.0,1.655957,0.962485,FIN,350300
9908415,74,6518,2018,106207.0,5021111.0,1.61151,0.9474549999999999,FIN,350300
9908416,74,6518,2019,206054.0,4306418.0,1.495278,1.034435,FIN,350300
9908417,74,6518,2020,49613.0,6159390.0,1.498089,1.066223,FIN,350300
9908418,75,6518,1995,0.0,25351.0,-0.998257,-0.9565629999999999,FJI,350300
9908419,75,6518,1996,2156.0,23915.0,-0.7977,-0.9271879999999999,FJI,350300
9908420,75,6518,1997,0.0,10111.0,-0.9404020000000001,-0.8833989999999999,FJI,350300
9908421,75,6518,1998,0.0,19851.0,-1.069747,-0.965333,FJI,350300
9908422,75,6518,1999,0.0,13043.0,-1.101748,-0.847409,FJI,350300
9908423,75,6518,2000,0.0,13903.0,-0.804605,-0.21037899999999998,FJI,350300
9908424,75,6518,2001,0.0,29739.0,-0.954702,-0.602761,FJI,350300
9908425,75,6518,2002,0.0,26655.0,-0.588136,-0.242883,FJI,350300
9908426,75,6518,2003,0.0,24228.0,-0.6865640000000001,-0.326977,FJI,350300
9908427,75,6518,2004,0.0,26592.0,-0.8870969999999999,-0.287427,FJI,350300
9908428,75,6518,2005,0.0,28145.0,-0.649999,-0.189992,FJI,350300
9908429,75,6518,2006,0.0,25023.0,-0.6554949999999999,-0.098284,FJI,350300
9908430,75,6518,2007,0.0,28234.0,-0.506992,0.033250999999999996,FJI,350300
9908431,75,6518,2008,1576.0,70231.0,-0.756592,-0.27005,FJI,350300
9908432,75,6518,2009,0.0,25159.0,-0.785772,-0.305228,FJI,350300
9908433,75,6518,2010,0.0,37997.0,-0.603112,-0.29135500000000003,FJI,350300
9908434,75,6518,2011,0.0,40041.0,-0.434356,-0.010863,FJI,350300
9908435,75,6518,2012,0.0,18476.0,-0.315227,0.118598,FJI,350300
9908436,75,6518,2013,1206.0,21248.0,-0.5203369999999999,-0.122405,FJI,350300
9908437,75,6518,2014,0.0,58503.0,-0.306346,-0.07688500000000001,FJI,350300
9908438,75,6518,2015,0.0,35417.0,-0.481968,-0.201468,FJI,350300
9908439,75,6518,2016,0.0,68948.0,-0.27171999999999996,0.172933,FJI,350300
9908440,75,6518,2017,0.0,35873.0,-0.278276,-0.033997,FJI,350300
9908441,75,6518,2018,0.0,29980.0,-0.269185,0.006362,FJI,350300
9908442,75,6518,2019,5996.0,41165.0,-0.274278,-0.049333,FJI,350300
9908443,75,6518,2020,0.0,32185.0,-0.184167,-0.081888,FJI,350300
9908444,76,6518,1995,,,1.0650549999999999,-0.45996800000000004,FLK,350300
9908445,76,6518,1996,,,0.7798039999999999,-0.524821,FLK,350300
9908446,76,6518,1997,,,1.410488,-0.441326,FLK,350300
9908447,76,6518,1998,66709.0,0.0,0.816912,-0.515321,FLK,350300
9908448,76,6518,1999,,,0.9361450000000001,-0.578892,FLK,350300
9908449,76,6518,2000,,,0.42403,-0.758674,FLK,350300
9908450,76,6518,2001,,,0.394316,-0.766895,FLK,350300
9908451,76,6518,2002,,,-0.119248,-0.81018,FLK,350300
9908452,76,6518,2003,,,0.593669,-0.68972,FLK,350300
9908453,76,6518,2004,,,0.108608,-0.8270280000000001,FLK,350300
9908454,76,6518,2005,,,-1.215666,-0.8770950000000001,FLK,350300
9908455,76,6518,2006,,,0.11039000000000002,-0.79848,FLK,350300
9908456,76,6518,2007,,,-0.911695,-0.898893,FLK,350300
9908457,76,6518,2008,,,-1.0724,-0.9330379999999999,FLK,350300
9908458,76,6518,2009,,,-0.891749,-0.97485,FLK,350300
9908459,76,6518,2010,,,-1.173959,-0.9282549999999999,FLK,350300
9908460,76,6518,2011,,,-0.283483,-0.7019989999999999,FLK,350300
9908461,76,6518,2012,,,-1.251161,-0.8249569999999999,FLK,350300
9908462,76,6518,2013,,,-1.254446,-0.868074,FLK,350300
9908463,76,6518,2014,,,-0.558974,-0.8402059999999999,FLK,350300
9908464,76,6518,2015,,,0.268838,-0.829983,FLK,350300
9908465,76,6518,2016,,,-1.1568180000000001,-0.9883270000000001,FLK,350300
9908466,76,6518,2017,,,-1.506175,-0.9551219999999999,FLK,350300
9908467,76,6518,2018,,,-1.04542,-0.97565,FLK,350300
9908468,76,6518,2019,,,-1.633601,-0.991559,FLK,350300
9908469,76,6518,2020,,,-0.406704,-0.8790969999999999,FLK,350300
9908470,77,6518,1995,142879151.0,52307619.0,1.768484,0.765537,FRA,350300
9908471,77,6518,1996,145446592.0,46165273.0,1.69082,0.721312,FRA,350300
9908472,77,6518,1997,134936121.0,44916232.0,1.69504,0.8278549999999999,FRA,350300
9908473,77,6518,1998,129528455.0,41551238.0,1.707702,0.7784270000000001,FRA,350300
9908474,77,6518,1999,119529955.0,36690443.0,1.72758,0.6619079999999999,FRA,350300
9908475,77,6518,2000,102403129.0,28481092.0,1.674971,0.47538100000000005,FRA,350300
9908476,77,6518,2001,102222326.0,37234594.0,1.653507,0.797582,FRA,350300
9908477,77,6518,2002,109566489.0,39656560.0,1.569367,0.9886360000000001,FRA,350300
9908478,77,6518,2003,118408145.0,50058052.0,1.606606,0.7394149999999999,FRA,350300
9908479,77,6518,2004,134418290.0,53710854.0,1.6003530000000001,0.643945,FRA,350300
9908480,77,6518,2005,126311776.0,57895072.0,1.505148,0.594409,FRA,350300
9908481,77,6518,2006,130632036.0,53264785.0,1.47591,0.489466,FRA,350300
9908482,77,6518,2007,136355054.0,52811928.0,1.4565350000000001,0.262845,FRA,350300
9908483,77,6518,2008,145263467.0,59552107.0,1.487702,-0.223965,FRA,350300
9908484,77,6518,2009,139953923.0,59866867.0,1.540346,0.090377,FRA,350300
9908485,77,6518,2010,139098321.0,52239201.0,1.530027,-0.052557000000000006,FRA,350300
9908486,77,6518,2011,163124229.0,64916033.0,1.532054,0.09339299999999999,FRA,350300
9908487,77,6518,2012,189908000.0,67574563.0,1.425025,0.27534899999999995,FRA,350300
9908488,77,6518,2013,199348646.0,78343049.0,1.520354,0.022874000000000002,FRA,350300
9908489,77,6518,2014,201886722.0,81047354.0,1.4817790000000002,0.30995,FRA,350300
9908490,77,6518,2015,161686120.0,68380683.0,1.479792,0.6490239999999999,FRA,350300
9908491,77,6518,2016,145219469.0,79103960.0,1.476437,0.911746,FRA,350300
9908492,77,6518,2017,146118239.0,87639308.0,1.398427,0.894732,FRA,350300
9908493,77,6518,2018,143096248.0,91521089.0,1.420819,0.7793770000000001,FRA,350300
9908494,77,6518,2019,129487342.0,83192634.0,1.380982,0.9510629999999999,FRA,350300
9908495,77,6518,2020,141665373.0,89914528.0,1.341275,0.8991870000000001,FRA,350300
9908496,78,6518,1995,0.0,3235.0,-0.8247260000000001,-0.791759,FRO,350300
9908497,78,6518,1996,0.0,4705.0,-0.252693,-0.714691,FRO,350300
9908498,78,6518,1997,0.0,5104.0,-0.602436,-0.8477809999999999,FRO,350300
9908499,78,6518,1998,0.0,12221.0,-0.6159899999999999,-0.828198,FRO,350300
9908500,78,6518,1999,0.0,12521.0,-0.718961,-0.900609,FRO,350300
9908501,78,6518,2000,0.0,7962.0,-0.618711,-0.8832209999999999,FRO,350300
9908502,78,6518,2001,0.0,5569.0,-1.004972,-0.9456030000000001,FRO,350300
9908503,78,6518,2002,0.0,17506.0,-0.410455,-0.821335,FRO,350300
9908504,78,6518,2003,0.0,26704.0,-0.46422299999999994,-0.8072050000000001,FRO,350300
9908505,78,6518,2004,0.0,31850.0,-1.026359,-0.960327,FRO,350300
9908506,78,6518,2005,0.0,28644.0,-1.164102,-0.934409,FRO,350300
9908507,78,6518,2006,0.0,23741.0,-0.117631,-0.69352,FRO,350300
9908508,78,6518,2007,0.0,27808.0,-0.308363,-0.7707510000000001,FRO,350300
9908509,78,6518,2008,0.0,25867.0,-0.576205,-0.886117,FRO,350300
9908510,78,6518,2009,0.0,18822.0,-0.437934,-0.8733879999999999,FRO,350300
9908511,78,6518,2010,0.0,26818.0,-1.158567,-0.99413,FRO,350300
9908512,78,6518,2011,0.0,20583.0,-0.733444,-0.8242229999999999,FRO,350300
9908513,78,6518,2012,0.0,26629.0,-0.47762200000000005,-0.8946870000000001,FRO,350300
9908514,78,6518,2013,0.0,37230.0,-0.370701,-0.815466,FRO,350300
9908515,78,6518,2014,0.0,26610.0,-0.703929,-0.86265,FRO,350300
9908516,78,6518,2015,0.0,21799.0,-0.700767,-0.9214399999999999,FRO,350300
9908517,78,6518,2016,0.0,20982.0,-0.7436,-0.955406,FRO,350300
9908518,78,6518,2017,0.0,18841.0,-0.956326,-0.951541,FRO,350300
9908519,78,6518,2018,0.0,21501.0,-1.00676,-0.959297,FRO,350300
9908520,78,6518,2019,0.0,22535.0,-1.164816,-0.9571540000000001,FRO,350300
9908521,78,6518,2020,0.0,29644.0,-0.867916,-0.92601,FRO,350300
9908522,79,6518,1995,,,-1.764116,-0.971993,FSM,350300
9908523,79,6518,1996,,,-1.798209,-1.044117,FSM,350300
9908524,79,6518,1997,,,-1.275105,-1.046722,FSM,350300
9908525,79,6518,1998,,,-1.8257740000000002,-1.104982,FSM,350300
9908526,79,6518,1999,0.0,17169.0,-1.382572,-1.054154,FSM,350300
9908527,79,6518,2000,,,-1.6284100000000001,-1.074629,FSM,350300
9908528,79,6518,2001,,,-1.7531240000000001,-1.081697,FSM,350300
9908529,79,6518,2002,,,-1.511888,-1.054948,FSM,350300
9908530,79,6518,2003,,,-1.370191,-1.028812,FSM,350300
9908531,79,6518,2004,,,-1.647605,-1.093832,FSM,350300
9908532,79,6518,2005,,,-1.386996,-0.9737610000000001,FSM,350300
9908533,79,6518,2006,,,-0.883972,-0.8817209999999999,FSM,350300
9908534,79,6518,2007,,,-0.528725,-0.883342,FSM,350300
9908535,79,6518,2008,0.0,595.0,-0.744394,-0.930508,FSM,350300
9908536,79,6518,2009,,,-1.011055,-0.983978,FSM,350300
9908537,79,6518,2010,,,-1.2914889999999999,-1.0153450000000002,FSM,350300
9908538,79,6518,2011,0.0,4522.0,-0.882574,-0.8780530000000001,FSM,350300
9908539,79,6518,2012,,,-0.8024789999999999,-0.873287,FSM,350300
9908540,79,6518,2013,,,-0.234314,-0.8260700000000001,FSM,350300
9908541,79,6518,2014,,,-0.32643099999999997,-0.8248049999999999,FSM,350300
9908542,79,6518,2015,,,-0.39153000000000004,-0.8570479999999999,FSM,350300
9908543,79,6518,2016,,,-0.86156,-0.969134,FSM,350300
9908544,79,6518,2017,,,-1.106905,-0.952936,FSM,350300
9908545,79,6518,2018,,,-0.969202,-0.974952,FSM,350300
9908546,79,6518,2019,,,-1.11436,-0.9806819999999999,FSM,350300
9908547,79,6518,2020,,,-0.845915,-0.964045,FSM,350300
9908548,80,6518,1995,,,-1.445673,-1.099128,GAB,350300
9908549,80,6518,1996,0.0,2557.0,-1.693615,-1.174433,GAB,350300
9908550,80,6518,1997,0.0,6485.0,-1.177994,-1.134955,GAB,350300
9908551,80,6518,1998,0.0,33954.0,-1.122225,-1.148066,GAB,350300
9908552,80,6518,1999,,,-1.068733,-1.178405,GAB,350300
9908553,80,6518,2000,0.0,3464.0,-0.7179909999999999,-1.1375170000000001,GAB,350300
9908554,80,6518,2001,0.0,946.0,-1.063007,-1.181284,GAB,350300
9908555,80,6518,2002,,,-0.830094,-1.149233,GAB,350300
9908556,80,6518,2003,0.0,1155.0,-0.92745,-1.138466,GAB,350300
9908557,80,6518,2004,0.0,4779.0,-0.700329,-1.137018,GAB,350300
9908558,80,6518,2005,0.0,35765.0,-1.4162700000000001,-1.173227,GAB,350300
9908559,80,6518,2006,0.0,5128.0,-1.6696819999999999,-1.173322,GAB,350300
9908560,80,6518,2007,2650.0,3496.0,-1.328633,-1.165045,GAB,350300
9908561,80,6518,2008,0.0,4462.0,-1.316179,-1.117633,GAB,350300
9908562,80,6518,2009,0.0,3408.0,-1.197711,-1.147469,GAB,350300
9908563,80,6518,2010,0.0,2402.0,-1.707175,-1.167635,GAB,350300
9908564,80,6518,2011,0.0,1585.0,-1.093784,-1.0849659999999999,GAB,350300
9908565,80,6518,2012,0.0,2000.0,-1.563872,-1.168605,GAB,350300
9908566,80,6518,2013,0.0,6153.0,-1.6582830000000002,-1.155302,GAB,350300
9908567,80,6518,2014,0.0,2526.0,-1.625474,-1.135973,GAB,350300
9908568,80,6518,2015,0.0,1395.0,-1.384351,-1.209873,GAB,350300
9908569,80,6518,2016,,,-1.530568,-1.254999,GAB,350300
9908570,80,6518,2017,,,-1.109612,-1.177577,GAB,350300
9908571,80,6518,2018,0.0,4330.0,-1.4979200000000001,-1.180407,GAB,350300
9908572,80,6518,2019,,,-1.08556,-1.183434,GAB,350300
9908573,80,6518,2020,,,-1.6422990000000002,-1.207249,GAB,350300
9908574,81,6518,1995,109672190.0,63548858.0,1.8656979999999999,1.107121,GBR,350300
9908575,81,6518,1996,47648591.0,114918452.0,1.850284,0.883084,GBR,350300
9908576,81,6518,1997,46866608.0,73914953.0,1.886353,0.783832,GBR,350300
9908577,81,6518,1998,47631523.0,67244216.0,1.906738,0.489101,GBR,350300
9908578,81,6518,1999,43670836.0,65491053.0,1.9523830000000002,0.771455,GBR,350300
9908579,81,6518,2000,40546126.0,52495930.0,1.957339,0.610052,GBR,350300
9908580,81,6518,2001,36632325.0,58827627.0,1.976894,0.685435,GBR,350300
9908581,81,6518,2002,35971685.0,60582078.0,1.893177,0.831382,GBR,350300
9908582,81,6518,2003,33141811.0,68650931.0,1.8712540000000002,0.706205,GBR,350300
9908583,81,6518,2004,36762450.0,72811485.0,1.843506,0.684779,GBR,350300
9908584,81,6518,2005,36228149.0,70784652.0,1.805023,0.425654,GBR,350300
9908585,81,6518,2006,38532763.0,65486692.0,1.824154,0.614424,GBR,350300
9908586,81,6518,2007,39106421.0,56529687.0,1.718661,0.35525300000000004,GBR,350300
9908587,81,6518,2008,43086073.0,67333753.0,1.7586119999999998,0.061214,GBR,350300
9908588,81,6518,2009,33691680.0,77328040.0,1.7921779999999998,0.41211499999999995,GBR,350300
9908589,81,6518,2010,35206292.0,70862742.0,1.828224,0.386383,GBR,350300
9908590,81,6518,2011,48385157.0,87737560.0,1.8048220000000001,0.380141,GBR,350300
9908591,81,6518,2012,38668187.0,90351648.0,1.701279,0.518166,GBR,350300
9908592,81,6518,2013,47974695.0,101679535.0,1.7901259999999999,0.44164,GBR,350300
9908593,81,6518,2014,41768070.0,90102497.0,1.697964,0.585372,GBR,350300
9908594,81,6518,2015,34774680.0,78722768.0,1.7422990000000003,0.75838,GBR,350300
9908595,81,6518,2016,34350805.0,74538770.0,1.6974669999999998,0.9231299999999999,GBR,350300
9908596,81,6518,2017,40089144.0,74728058.0,1.6883119999999998,0.8347469999999999,GBR,350300
9908597,81,6518,2018,31273407.0,80681662.0,1.693008,0.768159,GBR,350300
9908598,81,6518,2019,41624851.0,79874163.0,1.731106,0.717566,GBR,350300
9908599,81,6518,2020,45528886.0,97242742.0,1.6459,0.7702640000000001,GBR,350300
9908600,82,6518,1995,0.0,19257.0,1.082754,0.059275,GEO,350300
9908601,82,6518,1996,0.0,19305.0,0.5383020000000001,0.167596,GEO,350300
9908602,82,6518,1997,0.0,18192.0,0.304927,-0.082,GEO,350300
9908603,82,6518,1998,0.0,22402.0,0.644307,0.304707,GEO,350300
9908604,82,6518,1999,0.0,27637.0,0.50297,0.042010000000000006,GEO,350300
9908605,82,6518,2000,0.0,85183.0,0.571461,0.10845999999999999,GEO,350300
9908606,82,6518,2001,145415.0,22252.0,0.585568,-0.047744999999999996,GEO,350300
9908607,82,6518,2002,0.0,37345.0,0.662382,-0.124825,GEO,350300
9908608,82,6518,2003,0.0,30091.0,0.595485,-0.25939,GEO,350300
9908609,82,6518,2004,0.0,44637.0,0.381348,-0.44259,GEO,350300
9908610,82,6518,2005,0.0,42764.0,0.041261,-0.530021,GEO,350300
9908611,82,6518,2006,5313.0,86090.0,0.076711,-0.47216099999999994,GEO,350300
9908612,82,6518,2007,0.0,124558.0,0.016077,-0.386962,GEO,350300
9908613,82,6518,2008,876.0,1019750.0,-0.355095,-0.660181,GEO,350300
9908614,82,6518,2009,0.0,150321.0,0.045952,-0.381822,GEO,350300
9908615,82,6518,2010,3206.0,140799.0,-0.21301399999999998,-0.48355299999999996,GEO,350300
9908616,82,6518,2011,0.0,324877.0,-0.07754,-0.35434699999999997,GEO,350300
9908617,82,6518,2012,0.0,263266.0,-0.29418,-0.63162,GEO,350300
9908618,82,6518,2013,6197.0,335345.0,-0.160691,-0.393419,GEO,350300
9908619,82,6518,2014,0.0,325589.0,-0.254106,-0.646584,GEO,350300
9908620,82,6518,2015,0.0,290999.0,-0.343663,-0.588017,GEO,350300
9908621,82,6518,2016,0.0,291625.0,-0.388359,-0.51175,GEO,350300
9908622,82,6518,2017,671151.0,259890.0,-0.241749,-0.374727,GEO,350300
9908623,82,6518,2018,582194.0,360367.0,-0.049871,-0.28439899999999996,GEO,350300
9908624,82,6518,2019,0.0,380355.0,-0.057798,-0.206771,GEO,350300
9908625,82,6518,2020,0.0,356945.0,-0.199775,-0.38684,GEO,350300
9908626,83,6518,1995,0.0,42816.0,-1.247755,-1.070455,GHA,350300
9908627,83,6518,1996,0.0,62566.0,-1.035244,-0.9834129999999999,GHA,350300
9908628,83,6518,1997,0.0,40064.0,-1.012728,-0.939893,GHA,350300
9908629,83,6518,1998,0.0,62942.0,-1.215123,-1.0427620000000002,GHA,350300
9908630,83,6518,1999,0.0,32490.0,-0.9444520000000001,-0.905826,GHA,350300
9908631,83,6518,2000,0.0,17303.0,-1.192608,-0.811986,GHA,350300
9908632,83,6518,2001,3305.0,62591.0,-0.961067,-0.780449,GHA,350300
9908633,83,6518,2002,0.0,14131.0,-1.333425,-1.0709879999999998,GHA,350300
9908634,83,6518,2003,0.0,51186.0,-1.074188,-0.7127319999999999,GHA,350300
9908635,83,6518,2004,0.0,23205.0,-1.2972540000000001,-0.9967219999999999,GHA,350300
9908636,83,6518,2005,0.0,41824.0,-1.031092,-0.820743,GHA,350300
9908637,83,6518,2006,0.0,42237.0,-0.9934860000000001,-0.809318,GHA,350300
9908638,83,6518,2007,0.0,15626.0,-0.906867,-0.565891,GHA,350300
9908639,83,6518,2008,0.0,36077.0,-0.9339360000000001,-0.701724,GHA,350300
9908640,83,6518,2009,0.0,79658.0,-0.909436,-0.6619470000000001,GHA,350300
9908641,83,6518,2010,0.0,46356.0,-0.835003,-0.633731,GHA,350300
9908642,83,6518,2011,0.0,137151.0,-0.8627319999999999,-0.608823,GHA,350300
9908643,83,6518,2012,0.0,71737.0,-0.9610920000000001,-0.745232,GHA,350300
9908644,83,6518,2013,1639.0,228632.0,-0.7316010000000001,-0.5327689999999999,GHA,350300
9908645,83,6518,2014,0.0,401372.0,-1.130226,-0.9909379999999999,GHA,350300
9908646,83,6518,2015,0.0,295515.0,-0.750568,-0.690257,GHA,350300
9908647,83,6518,2016,0.0,240336.0,-0.945358,-0.805301,GHA,350300
9908648,83,6518,2017,0.0,173208.0,-0.929143,-0.811439,GHA,350300
9908649,83,6518,2018,0.0,71453.0,-0.956109,-0.861556,GHA,350300
9908650,83,6518,2019,0.0,118034.0,-0.9581,-0.8727879999999999,GHA,350300
9908651,83,6518,2020,0.0,202198.0,-0.973506,-0.9559139999999999,GHA,350300
9908652,84,6518,1995,0.0,200783.0,0.784189,-0.224741,GIB,350300
9908653,84,6518,1996,,,0.932001,-0.20733400000000002,GIB,350300
9908654,84,6518,1997,,,0.811642,-0.186555,GIB,350300
9908655,84,6518,1998,,,0.6941689999999999,-0.21656,GIB,350300
9908656,84,6518,1999,,,0.609578,-0.316135,GIB,350300
9908657,84,6518,2000,,,0.589325,-0.358073,GIB,350300
9908658,84,6518,2001,,,0.5955739999999999,-0.39100799999999997,GIB,350300
9908659,84,6518,2002,,,0.814919,-0.205996,GIB,350300
9908660,84,6518,2003,,,1.133606,-0.176782,GIB,350300
9908661,84,6518,2004,,,0.466397,-0.627153,GIB,350300
9908662,84,6518,2005,,,0.637355,-0.465557,GIB,350300
9908663,84,6518,2006,0.0,2202.0,0.8370120000000001,-0.35099400000000003,GIB,350300
9908664,84,6518,2007,0.0,1333.0,0.794616,-0.287001,GIB,350300
9908665,84,6518,2008,0.0,2535.0,0.938815,-0.361914,GIB,350300
9908666,84,6518,2009,0.0,7005.0,0.9646979999999999,-0.461183,GIB,350300
9908667,84,6518,2010,0.0,3991.0,0.570018,-0.585911,GIB,350300
9908668,84,6518,2011,0.0,5722.0,0.8442850000000001,-0.435222,GIB,350300
9908669,84,6518,2012,0.0,6273.0,0.930638,-0.558299,GIB,350300
9908670,84,6518,2013,0.0,4082.0,0.991136,-0.603793,GIB,350300
9908671,84,6518,2014,0.0,10245.0,0.275796,-0.720217,GIB,350300
9908672,84,6518,2015,0.0,10543.0,0.535143,-0.750155,GIB,350300
9908673,84,6518,2016,0.0,11169.0,0.8535370000000001,-0.661778,GIB,350300
9908674,84,6518,2017,0.0,11460.0,0.767836,-0.725273,GIB,350300
9908675,84,6518,2018,0.0,2891.0,0.420756,-0.6854140000000001,GIB,350300
9908676,84,6518,2019,0.0,4314.0,0.5167470000000001,-0.484465,GIB,350300
9908677,84,6518,2020,0.0,8776.0,0.710597,-0.445858,GIB,350300
9908678,85,6518,1995,0.0,7279.0,-1.304768,-1.077826,GIN,350300
9908679,85,6518,1996,8196.0,0.0,-1.2641930000000001,-1.1317409999999999,GIN,350300
9908680,85,6518,1997,,,-1.529401,-1.163973,GIN,350300
9908681,85,6518,1998,,,-1.676035,-1.248894,GIN,350300
9908682,85,6518,1999,,,-1.950321,-1.269807,GIN,350300
9908683,85,6518,2000,,,-1.523998,-1.197719,GIN,350300
9908684,85,6518,2001,,,-1.5380340000000001,-1.200083,GIN,350300
9908685,85,6518,2002,0.0,4156.0,-1.85329,-1.243105,GIN,350300
9908686,85,6518,2003,,,-2.14752,-1.250048,GIN,350300
9908687,85,6518,2004,0.0,1070.0,-1.314543,-1.155153,GIN,350300
9908688,85,6518,2005,0.0,1713.0,-1.55683,-1.200541,GIN,350300
9908689,85,6518,2006,,,-1.8376720000000002,-1.229774,GIN,350300
9908690,85,6518,2007,,,-1.694335,-1.230744,GIN,350300
9908691,85,6518,2008,,,-1.530997,-1.171231,GIN,350300
9908692,85,6518,2009,,,-1.618121,-1.2200520000000001,GIN,350300
9908693,85,6518,2010,,,-1.6761720000000002,-1.181665,GIN,350300
9908694,85,6518,2011,,,-1.728661,-1.193353,GIN,350300
9908695,85,6518,2012,0.0,1269.0,-1.735487,-1.225333,GIN,350300
9908696,85,6518,2013,0.0,2493.0,-1.1287459999999998,-1.069735,GIN,350300
9908697,85,6518,2014,0.0,1291.0,-1.628409,-1.202473,GIN,350300
9908698,85,6518,2015,,,-1.288329,-1.167532,GIN,350300
9908699,85,6518,2016,0.0,1606.0,-1.474753,-1.215627,GIN,350300
9908700,85,6518,2017,,,-1.7560669999999998,-1.2747680000000001,GIN,350300
9908701,85,6518,2018,2353.0,0.0,-1.036697,-1.1562860000000001,GIN,350300
9908702,85,6518,2019,0.0,17225.0,-1.366633,-1.196123,GIN,350300
9908703,85,6518,2020,,,-1.841029,-1.233167,GIN,350300
9908704,86,6518,1995,0.0,4828.0,0.563491,-0.18852,GLP,350300
9908705,86,6518,1996,,,,,GLP,350300
9908706,86,6518,1997,,,,,GLP,350300
9908707,86,6518,1998,,,,,GLP,350300
9908708,86,6518,1999,,,,,GLP,350300
9908709,86,6518,2000,,,,,GLP,350300
9908710,86,6518,2001,,,,,GLP,350300
9908711,86,6518,2002,,,,,GLP,350300
9908712,86,6518,2003,,,,,GLP,350300
9908713,86,6518,2004,,,,,GLP,350300
9908714,86,6518,2005,,,,,GLP,350300
9908715,86,6518,2006,,,,,GLP,350300
9908716,86,6518,2007,,,,,GLP,350300
9908717,86,6518,2008,,,,,GLP,350300
9908718,86,6518,2009,,,,,GLP,350300
9908719,86,6518,2010,,,,,GLP,350300
9908720,86,6518,2011,,,,,GLP,350300
9908721,86,6518,2012,,,,,GLP,350300
9908722,86,6518,2013,,,,,GLP,350300
9908723,86,6518,2014,,,,,GLP,350300
9908724,86,6518,2015,,,,,GLP,350300
9908725,86,6518,2016,,,,,GLP,350300
9908726,86,6518,2017,,,,,GLP,350300
9908727,86,6518,2018,,,,,GLP,350300
9908728,86,6518,2019,,,,,GLP,350300
9908729,86,6518,2020,,,,,GLP,350300
9908730,87,6518,1995,0.0,1660.0,-0.605221,-0.700982,GMB,350300
9908731,87,6518,1996,0.0,2772.0,-1.028677,-0.8440540000000001,GMB,350300
9908732,87,6518,1997,42289.0,0.0,-0.6977300000000001,-0.7753720000000001,GMB,350300
9908733,87,6518,1998,,,-0.8280120000000001,-0.783022,GMB,350300
9908734,87,6518,1999,,,-0.768406,-0.764934,GMB,350300
9908735,87,6518,2000,,,-0.468837,-0.532772,GMB,350300
9908736,87,6518,2001,,,-0.160182,-0.24737399999999998,GMB,350300
9908737,87,6518,2002,,,0.075971,-0.068413,GMB,350300
9908738,87,6518,2003,,,-0.230541,-0.275663,GMB,350300
9908739,87,6518,2004,,,-0.135943,-0.226541,GMB,350300
9908740,87,6518,2005,,,-0.223043,-0.361032,GMB,350300
9908741,87,6518,2006,0.0,2293.0,-0.378539,-0.48427200000000004,GMB,350300
9908742,87,6518,2007,,,-0.8336680000000001,-0.8261860000000001,GMB,350300
9908743,87,6518,2008,,,-0.39378,-0.509879,GMB,350300
9908744,87,6518,2009,0.0,1201.0,-0.573979,-0.644636,GMB,350300
9908745,87,6518,2010,0.0,1072.0,-0.894757,-0.734589,GMB,350300
9908746,87,6518,2011,0.0,1467.0,-0.621556,-0.64336,GMB,350300
9908747,87,6518,2012,,,-0.488296,-0.6730510000000001,GMB,350300
9908748,87,6518,2013,0.0,1664.0,-0.5571550000000001,-0.6860310000000001,GMB,350300
9908749,87,6518,2014,,,-0.905488,-0.7892819999999999,GMB,350300
9908750,87,6518,2015,0.0,2511.0,-0.984775,-0.877886,GMB,350300
9908751,87,6518,2016,,,-0.743023,-0.833044,GMB,350300
9908752,87,6518,2017,,,-1.161814,-0.9317190000000001,GMB,350300
9908753,87,6518,2018,,,-0.85649,-0.761513,GMB,350300
9908754,87,6518,2019,0.0,1545.0,-1.0174450000000002,-0.790743,GMB,350300
9908755,87,6518,2020,,,-1.11216,-0.956471,GMB,350300
9908756,88,6518,1995,,,-1.58566,-0.8226829999999999,GNB,350300
9908757,88,6518,1996,,,-1.853188,-0.8371649999999999,GNB,350300
9908758,88,6518,1997,,,-1.9366400000000001,-1.000259,GNB,350300
9908759,88,6518,1998,,,-1.8103790000000002,-0.9481790000000001,GNB,350300
9908760,88,6518,1999,,,-1.7561959999999999,-0.957758,GNB,350300
9908761,88,6518,2000,,,-2.4014330000000004,-1.001641,GNB,350300
9908762,88,6518,2001,,,-1.580625,-0.9665860000000001,GNB,350300
9908763,88,6518,2002,,,-0.661416,-0.8644870000000001,GNB,350300
9908764,88,6518,2003,,,0.24509499999999998,-0.612725,GNB,350300
9908765,88,6518,2004,,,-1.423263,-0.9892280000000001,GNB,350300
9908766,88,6518,2005,,,-1.631378,-0.9792690000000001,GNB,350300
9908767,88,6518,2006,,,-1.528471,-0.926991,GNB,350300
9908768,88,6518,2007,,,-1.416947,-1.011782,GNB,350300
9908769,88,6518,2008,0.0,2332.0,-1.9234919999999998,-1.055369,GNB,350300
9908770,88,6518,2009,,,-0.6868890000000001,-0.9243459999999999,GNB,350300
9908771,88,6518,2010,,,-1.695338,-0.9196790000000001,GNB,350300
9908772,88,6518,2011,0.0,4376.0,-0.839621,-0.6918850000000001,GNB,350300
9908773,88,6518,2012,0.0,21099.0,-1.6792029999999998,-1.0008629999999998,GNB,350300
9908774,88,6518,2013,0.0,2084.0,-2.414729,-0.9398700000000001,GNB,350300
9908775,88,6518,2014,0.0,3481.0,-1.6723700000000001,-0.896442,GNB,350300
9908776,88,6518,2015,0.0,2022.0,-2.6546,-1.010989,GNB,350300
9908777,88,6518,2016,0.0,1146.0,-1.671858,-1.043328,GNB,350300
9908778,88,6518,2017,0.0,1068.0,-2.418518,-0.954242,GNB,350300
9908779,88,6518,2018,0.0,6409.0,-2.260375,-1.038929,GNB,350300
9908780,88,6518,2019,,,-1.9842009999999999,-1.0293379999999999,GNB,350300
9908781,88,6518,2020,0.0,1674.0,-1.172138,-0.944076,GNB,350300
9908782,89,6518,1995,,,-2.276493,-0.847433,GNQ,350300
9908783,89,6518,1996,,,-1.832253,-0.7935300000000001,GNQ,350300
9908784,89,6518,1997,,,-1.447242,-0.830466,GNQ,350300
9908785,89,6518,1998,,,-2.5150919999999997,-0.9077930000000001,GNQ,350300
9908786,89,6518,1999,,,-1.390101,-0.91989,GNQ,350300
9908787,89,6518,2000,,,-2.387934,-0.9495290000000001,GNQ,350300
9908788,89,6518,2001,,,-2.0882959999999997,-0.921539,GNQ,350300
9908789,89,6518,2002,,,-2.3567560000000003,-0.88686,GNQ,350300
9908790,89,6518,2003,,,-2.4406529999999997,-0.821155,GNQ,350300
9908791,89,6518,2004,,,-1.093261,-0.8802639999999999,GNQ,350300
9908792,89,6518,2005,,,-1.804466,-0.83998,GNQ,350300
9908793,89,6518,2006,0.0,2513.0,-2.188173,-0.8631700000000001,GNQ,350300
9908794,89,6518,2007,,,-1.406911,-0.8466950000000001,GNQ,350300
9908795,89,6518,2008,,,-1.059208,-0.843542,GNQ,350300
9908796,89,6518,2009,,,-1.426661,-0.9459870000000001,GNQ,350300
9908797,89,6518,2010,,,-1.077402,-0.86556,GNQ,350300
9908798,89,6518,2011,0.0,5195.0,-1.634315,-0.7567729999999999,GNQ,350300
9908799,89,6518,2012,0.0,6878.0,-1.297351,-0.926208,GNQ,350300
9908800,89,6518,2013,,,-1.521575,-0.814708,GNQ,350300
9908801,89,6518,2014,0.0,4415.0,-2.043516,-0.844701,GNQ,350300
9908802,89,6518,2015,0.0,3331.0,-1.585577,-0.9044979999999999,GNQ,350300
9908803,89,6518,2016,0.0,1010.0,-1.766286,-0.9607709999999999,GNQ,350300
9908804,89,6518,2017,0.0,1897.0,-1.735486,-0.9254180000000001,GNQ,350300
9908805,89,6518,2018,0.0,2326.0,-2.017117,-0.975924,GNQ,350300
9908806,89,6518,2019,0.0,6013.0,-1.9057680000000001,-0.968132,GNQ,350300
9908807,89,6518,2020,0.0,9390.0,-1.5979940000000001,-0.9529340000000001,GNQ,350300
9908808,90,6518,1995,68591.0,1907563.0,0.17369,0.885756,GRC,350300
9908809,90,6518,1996,160166.0,2078638.0,0.271386,1.042608,GRC,350300
9908810,90,6518,1997,107081.0,2034851.0,0.229516,1.085225,GRC,350300
9908811,90,6518,1998,219743.0,2499675.0,0.183835,1.1512790000000002,GRC,350300
9908812,90,6518,1999,83122.0,2260256.0,0.24943600000000002,1.172467,GRC,350300
9908813,90,6518,2000,109641.0,1425939.0,0.30201300000000003,1.4171799999999999,GRC,350300
9908814,90,6518,2001,84115.0,1822919.0,0.31387600000000004,1.3614600000000001,GRC,350300
9908815,90,6518,2002,100557.0,1904242.0,0.31858000000000003,1.47417,GRC,350300
9908816,90,6518,2003,29204.0,2403196.0,0.364688,1.4823959999999998,GRC,350300
9908817,90,6518,2004,7873.0,3741453.0,0.348853,1.661656,GRC,350300
9908818,90,6518,2005,57140.0,2758454.0,0.321907,1.7731669999999997,GRC,350300
9908819,90,6518,2006,82751.0,2588379.0,0.261955,1.488958,GRC,350300
9908820,90,6518,2007,134065.0,3110178.0,0.348709,1.674567,GRC,350300
9908821,90,6518,2008,214713.0,3933109.0,0.33272399999999996,1.758188,GRC,350300
9908822,90,6518,2009,135180.0,3363800.0,0.2196,1.63301,GRC,350300
9908823,90,6518,2010,55865.0,3220429.0,0.200249,1.4640090000000001,GRC,350300
9908824,90,6518,2011,110104.0,3360228.0,0.138679,1.30044,GRC,350300
9908825,90,6518,2012,91737.0,4031964.0,0.20949600000000002,1.086158,GRC,350300
9908826,90,6518,2013,326329.0,4721661.0,0.18823800000000002,0.910906,GRC,350300
9908827,90,6518,2014,180911.0,4690198.0,0.149337,0.8560540000000001,GRC,350300
9908828,90,6518,2015,266804.0,3593209.0,0.099027,1.012289,GRC,350300
9908829,90,6518,2016,139600.0,4423190.0,0.12153499999999999,1.126101,GRC,350300
9908830,90,6518,2017,254476.0,4008476.0,0.154098,1.151038,GRC,350300
9908831,90,6518,2018,193986.0,4011320.0,0.059539999999999996,1.0321879999999999,GRC,350300
9908832,90,6518,2019,357253.0,5271179.0,0.08904400000000001,1.059396,GRC,350300
9908833,90,6518,2020,274308.0,4350544.0,0.199011,1.087811,GRC,350300
9908834,91,6518,1995,0.0,973.0,0.15883699999999998,-0.514984,GRD,350300
9908835,91,6518,1996,,,0.285534,-0.37242600000000003,GRD,350300
9908836,91,6518,1997,,,0.24891799999999997,-0.44986499999999996,GRD,350300
9908837,91,6518,1998,0.0,899.0,-0.249689,-0.7117,GRD,350300
9908838,91,6518,1999,0.0,1478.0,-0.157276,-0.625791,GRD,350300
9908839,91,6518,2000,0.0,2047.0,0.26865500000000003,-0.449797,GRD,350300
9908840,91,6518,2001,0.0,797.0,-0.007888,-0.518167,GRD,350300
9908841,91,6518,2002,0.0,1284.0,0.552833,-0.283761,GRD,350300
9908842,91,6518,2003,0.0,731.0,0.3936,-0.258355,GRD,350300
9908843,91,6518,2004,0.0,1154.0,0.40210100000000004,-0.382662,GRD,350300
9908844,91,6518,2005,0.0,1035.0,0.18640299999999999,-0.5731930000000001,GRD,350300
9908845,91,6518,2006,0.0,4876.0,0.19208599999999998,-0.40781,GRD,350300
9908846,91,6518,2007,,,0.043229000000000004,-0.664795,GRD,350300
9908847,91,6518,2008,0.0,2509.0,0.6186010000000001,-0.170518,GRD,350300
9908848,91,6518,2009,,,0.035948,-0.586996,GRD,350300
9908849,91,6518,2010,,,-0.1543,-0.779396,GRD,350300
9908850,91,6518,2011,,,-0.11610999999999999,-0.579971,GRD,350300
9908851,91,6518,2012,,,0.20538800000000001,-0.529008,GRD,350300
9908852,91,6518,2013,,,0.073206,-0.567926,GRD,350300
9908853,91,6518,2014,,,-0.184151,-0.7291270000000001,GRD,350300
9908854,91,6518,2015,0.0,2459.0,0.296552,-0.335908,GRD,350300
9908855,91,6518,2016,0.0,1912.0,0.6993729999999999,-0.250698,GRD,350300
9908856,91,6518,2017,0.0,801.0,0.384656,-0.317098,GRD,350300
9908857,91,6518,2018,0.0,1630.0,0.28333800000000003,-0.40042,GRD,350300
9908858,91,6518,2019,0.0,5079.0,0.297653,-0.409112,GRD,350300
9908859,91,6518,2020,0.0,6181.0,0.285169,-0.284221,GRD,350300
9908860,92,6518,1995,0.0,71603.0,-0.723404,-0.794883,GRL,350300
9908861,92,6518,1996,0.0,42410.0,-0.8826879999999999,-0.777868,GRL,350300
9908862,92,6518,1997,0.0,31933.0,-0.880433,-0.8654799999999999,GRL,350300
9908863,92,6518,1998,0.0,27898.0,-1.011085,-0.8786809999999999,GRL,350300
9908864,92,6518,1999,0.0,74984.0,-0.832216,-0.906492,GRL,350300
9908865,92,6518,2000,,,-0.565631,-0.867934,GRL,350300
9908866,92,6518,2001,0.0,8943.0,0.199595,-0.73547,GRL,350300
9908867,92,6518,2002,0.0,4189.0,-0.592221,-0.8956799999999999,GRL,350300
9908868,92,6518,2003,0.0,6878.0,-0.764655,-0.8684200000000001,GRL,350300
9908869,92,6518,2004,0.0,4099.0,-1.31451,-0.969981,GRL,350300
9908870,92,6518,2005,0.0,6084.0,-0.8994700000000001,-0.922005,GRL,350300
9908871,92,6518,2006,0.0,7522.0,-1.0014,-0.935995,GRL,350300
9908872,92,6518,2007,0.0,11829.0,-1.102012,-0.978591,GRL,350300
9908873,92,6518,2008,0.0,6862.0,-0.669996,-0.909798,GRL,350300
9908874,92,6518,2009,0.0,11373.0,-1.29302,-1.024092,GRL,350300
9908875,92,6518,2010,0.0,12181.0,-0.45149700000000004,-0.9039299999999999,GRL,350300
9908876,92,6518,2011,0.0,12113.0,-0.669044,-0.787142,GRL,350300
9908877,92,6518,2012,0.0,14466.0,-0.723743,-0.938377,GRL,350300
9908878,92,6518,2013,0.0,12775.0,-0.801617,-0.8734120000000001,GRL,350300
9908879,92,6518,2014,0.0,18242.0,-1.168495,-0.93096,GRL,350300
9908880,92,6518,2015,0.0,23414.0,-1.017707,-0.913467,GRL,350300
9908881,92,6518,2016,0.0,29800.0,-1.15173,-0.9915700000000001,GRL,350300
9908882,92,6518,2017,0.0,19796.0,-1.226963,-0.9309620000000001,GRL,350300
9908883,92,6518,2018,0.0,36356.0,-1.384795,-1.004781,GRL,350300
9908884,92,6518,2019,0.0,22006.0,-0.808258,-0.936559,GRL,350300
9908885,92,6518,2020,0.0,25460.0,-1.262925,-0.9767549999999999,GRL,350300
9908886,93,6518,1995,14525.0,960691.0,-0.241468,0.170932,GTM,350300
9908887,93,6518,1996,35093.0,818245.0,-0.332901,0.23790300000000003,GTM,350300
9908888,93,6518,1997,40110.0,902990.0,-0.310042,0.2096,GTM,350300
9908889,93,6518,1998,17882.0,1429531.0,-0.344999,0.155524,GTM,350300
9908890,93,6518,1999,56739.0,1405349.0,-0.459323,0.210247,GTM,350300
9908891,93,6518,2000,69609.0,1532326.0,-0.452607,0.317698,GTM,350300
9908892,93,6518,2001,146950.0,2170450.0,-0.5089520000000001,0.216677,GTM,350300
9908893,93,6518,2002,7566.0,1839211.0,-0.548834,-0.034464999999999996,GTM,350300
9908894,93,6518,2003,58901.0,1669305.0,-0.444162,0.145319,GTM,350300
9908895,93,6518,2004,100306.0,2273909.0,-0.46136000000000005,0.148122,GTM,350300
9908896,93,6518,2005,92664.0,2879540.0,-0.414479,0.41440200000000005,GTM,350300
9908897,93,6518,2006,42974.0,3417068.0,-0.28642199999999995,0.5868439999999999,GTM,350300
9908898,93,6518,2007,57448.0,2994733.0,-0.261899,0.643437,GTM,350300
9908899,93,6518,2008,137381.0,3713822.0,-0.271973,0.720486,GTM,350300
9908900,93,6518,2009,480449.0,4859293.0,-0.33276999999999995,0.551257,GTM,350300
9908901,93,6518,2010,291812.0,3738800.0,-0.39034,0.743521,GTM,350300
9908902,93,6518,2011,497498.0,6510125.0,-0.329497,0.775369,GTM,350300
9908903,93,6518,2012,542051.0,7540502.0,-0.265127,0.626089,GTM,350300
9908904,93,6518,2013,491740.0,9960739.0,-0.41466499999999995,0.774788,GTM,350300
9908905,93,6518,2014,83501.0,9092511.0,-0.36547199999999996,0.548894,GTM,350300
9908906,93,6518,2015,301570.0,9180808.0,-0.284403,0.525564,GTM,350300
9908907,93,6518,2016,144475.0,6965393.0,-0.414843,0.382162,GTM,350300
9908908,93,6518,2017,359796.0,7471646.0,-0.418538,0.557454,GTM,350300
9908909,93,6518,2018,830352.0,7162258.0,-0.362668,0.520826,GTM,350300
9908910,93,6518,2019,525594.0,8727750.0,-0.43447299999999994,0.658475,GTM,350300
9908911,93,6518,2020,542799.0,11273691.0,-0.32240100000000005,0.542048,GTM,350300
9908912,94,6518,1995,0.0,4895.0,1.1777959999999998,-0.052863,GUF,350300
9908913,94,6518,1996,,,,,GUF,350300
9908914,94,6518,1997,,,,,GUF,350300
9908915,94,6518,1998,,,,,GUF,350300
9908916,94,6518,1999,,,,,GUF,350300
9908917,94,6518,2000,,,,,GUF,350300
9908918,94,6518,2001,,,,,GUF,350300
9908919,94,6518,2002,,,,,GUF,350300
9908920,94,6518,2003,,,,,GUF,350300
9908921,94,6518,2004,,,,,GUF,350300
9908922,94,6518,2005,,,,,GUF,350300
9908923,94,6518,2006,,,,,GUF,350300
9908924,94,6518,2007,,,,,GUF,350300
9908925,94,6518,2008,,,,,GUF,350300
9908926,94,6518,2009,,,,,GUF,350300
9908927,94,6518,2010,,,,,GUF,350300
9908928,94,6518,2011,,,,,GUF,350300
9908929,94,6518,2012,,,,,GUF,350300
9908930,94,6518,2013,,,,,GUF,350300
9908931,94,6518,2014,,,,,GUF,350300
9908932,94,6518,2015,,,,,GUF,350300
9908933,94,6518,2016,,,,,GUF,350300
9908934,94,6518,2017,,,,,GUF,350300
9908935,94,6518,2018,,,,,GUF,350300
9908936,94,6518,2019,,,,,GUF,350300
9908937,94,6518,2020,,,,,GUF,350300
9908938,95,6518,1995,,,,,GUM,350300
9908939,95,6518,1996,,,,,GUM,350300
9908940,95,6518,1997,,,,,GUM,350300
9908941,95,6518,1998,,,,,GUM,350300
9908942,95,6518,1999,,,,,GUM,350300
9908943,95,6518,2000,,,-0.432621,-0.897784,GUM,350300
9908944,95,6518,2001,0.0,2954.0,-0.228818,-0.8545719999999999,GUM,350300
9908945,95,6518,2002,0.0,2551.0,-0.516203,-0.803461,GUM,350300
9908946,95,6518,2003,0.0,2497.0,-0.139991,-0.570695,GUM,350300
9908947,95,6518,2004,0.0,1203.0,0.13034500000000002,-0.40525700000000003,GUM,350300
9908948,95,6518,2005,0.0,2057.0,0.10963699999999998,-0.44295,GUM,350300
9908949,95,6518,2006,0.0,8574.0,0.385261,-0.26928,GUM,350300
9908950,95,6518,2007,,,0.571674,-0.282353,GUM,350300
9908951,95,6518,2008,0.0,2163.0,0.33915,-0.240079,GUM,350300
9908952,95,6518,2009,0.0,1084.0,0.518098,-0.124172,GUM,350300
9908953,95,6518,2010,0.0,1297.0,0.726384,0.182999,GUM,350300
9908954,95,6518,2011,0.0,1750.0,0.675826,0.157468,GUM,350300
9908955,95,6518,2012,,,0.392913,-0.070977,GUM,350300
9908956,95,6518,2013,,,0.483541,0.281968,GUM,350300
9908957,95,6518,2014,,,0.6368119999999999,-0.01771,GUM,350300
9908958,95,6518,2015,,,0.658226,0.030897000000000004,GUM,350300
9908959,95,6518,2016,,,0.659809,-0.066939,GUM,350300
9908960,95,6518,2017,0.0,1516.0,0.638232,0.033204000000000004,GUM,350300
9908961,95,6518,2018,,,0.560314,-0.11880299999999999,GUM,350300
9908962,95,6518,2019,,,0.12159400000000001,-0.657729,GUM,350300
9908963,95,6518,2020,,,0.27266399999999996,-0.638288,GUM,350300
9908964,96,6518,1995,0.0,7695.0,-0.8856,-0.8413700000000001,GUY,350300
9908965,96,6518,1996,0.0,11809.0,-0.567617,-0.766822,GUY,350300
9908966,96,6518,1997,2724.0,9534.0,-0.7141810000000001,-0.8589030000000001,GUY,350300
9908967,96,6518,1998,14851.0,10369.0,-0.8204450000000001,-0.8914200000000001,GUY,350300
9908968,96,6518,1999,0.0,18282.0,-0.97619,-0.8785709999999999,GUY,350300
9908969,96,6518,2000,0.0,9278.0,-1.127205,-0.962915,GUY,350300
9908970,96,6518,2001,0.0,8612.0,-0.955816,-0.8593069999999999,GUY,350300
9908971,96,6518,2002,861.0,17203.0,-0.9485889999999999,-0.9086489999999999,GUY,350300
9908972,96,6518,2003,0.0,26834.0,-0.59035,-0.7361340000000001,GUY,350300
9908973,96,6518,2004,0.0,9052.0,-1.046232,-0.985188,GUY,350300
9908974,96,6518,2005,0.0,26405.0,-0.618542,-0.771821,GUY,350300
9908975,96,6518,2006,1104.0,10221.0,-0.813775,-0.8000649999999999,GUY,350300
9908976,96,6518,2007,0.0,47592.0,-0.889957,-0.873185,GUY,350300
9908977,96,6518,2008,0.0,2237.0,-1.0439530000000001,-0.962007,GUY,350300
9908978,96,6518,2009,39654.0,25282.0,-1.0557809999999999,-1.055825,GUY,350300
9908979,96,6518,2010,5184.0,41190.0,-1.020217,-1.0231569999999999,GUY,350300
9908980,96,6518,2011,4944.0,37746.0,-1.079231,-1.0280989999999999,GUY,350300
9908981,96,6518,2012,1659.0,40669.0,-0.734614,-0.8208489999999999,GUY,350300
9908982,96,6518,2013,0.0,28965.0,-0.8555590000000001,-0.9744450000000001,GUY,350300
9908983,96,6518,2014,14568.0,65857.0,-1.068777,-1.038227,GUY,350300
9908984,96,6518,2015,1194.0,44518.0,-1.018758,-1.056085,GUY,350300
9908985,96,6518,2016,0.0,65146.0,-0.4755,-0.778335,GUY,350300
9908986,96,6518,2017,0.0,46680.0,-0.703271,-0.898648,GUY,350300
9908987,96,6518,2018,10672.0,24941.0,-0.841458,-0.9803280000000001,GUY,350300
9908988,96,6518,2019,1743.0,74226.0,-0.308365,-0.7833359999999999,GUY,350300
9908989,96,6518,2020,0.0,55040.0,-0.5874159999999999,-0.8020189999999999,GUY,350300
9908990,97,6518,1995,1164830.0,6232705.0,0.5244449999999999,2.682738,HKG,350300
9908991,97,6518,1996,611797.0,4577055.0,0.54364,2.727659,HKG,350300
9908992,97,6518,1997,1199162.0,7285515.0,0.521942,2.578405,HKG,350300
9908993,97,6518,1998,1036510.0,8154089.0,0.46966099999999994,2.5744029999999998,HKG,350300
9908994,97,6518,1999,314910.0,4460160.0,0.387427,2.402434,HKG,350300
9908995,97,6518,2000,1932544.0,3495188.0,0.416202,2.4793950000000002,HKG,350300
9908996,97,6518,2001,566320.0,5967099.0,0.521528,2.3025,HKG,350300
9908997,97,6518,2002,401229.0,4388890.0,0.5701109999999999,1.989357,HKG,350300
9908998,97,6518,2003,196183.0,6822071.0,0.494569,2.147062,HKG,350300
9908999,97,6518,2004,1372235.0,7522881.0,0.604825,2.098745,HKG,350300
9909000,97,6518,2005,1057277.0,6094915.0,0.5862149999999999,2.0303459999999998,HKG,350300
9909001,97,6518,2006,727411.0,3937230.0,0.5776319999999999,2.076782,HKG,350300
9909002,97,6518,2007,849530.0,3416404.0,0.639034,2.1086009999999997,HKG,350300
9909003,97,6518,2008,676337.0,4271647.0,0.74435,2.149616,HKG,350300
9909004,97,6518,2009,657165.0,6715608.0,0.654964,1.98672,HKG,350300
9909005,97,6518,2010,1005767.0,9901252.0,0.715745,1.9780259999999998,HKG,350300
9909006,97,6518,2011,1814702.0,13367961.0,0.663588,1.902118,HKG,350300
9909007,97,6518,2012,931176.0,11772571.0,0.8124979999999999,1.677497,HKG,350300
9909008,97,6518,2013,569456.0,12717534.0,0.744383,1.923139,HKG,350300
9909009,97,6518,2014,779326.0,15569648.0,0.812132,1.722493,HKG,350300
9909010,97,6518,2015,769762.0,14851658.0,0.8255290000000001,1.8017279999999998,HKG,350300
9909011,97,6518,2016,1270676.0,17748771.0,0.8029029999999999,1.477249,HKG,350300
9909012,97,6518,2017,679147.0,11631531.0,0.824982,1.7162220000000001,HKG,350300
9909013,97,6518,2018,1426642.0,6539371.0,0.843677,1.656073,HKG,350300
9909014,97,6518,2019,2026614.0,3711846.0,0.992556,1.523004,HKG,350300
9909015,97,6518,2020,460699.0,4210919.0,1.070483,1.183618,HKG,350300
9909016,98,6518,1995,,,,,HMD,350300
9909017,98,6518,1996,,,,,HMD,350300
9909018,98,6518,1997,,,,,HMD,350300
9909019,98,6518,1998,,,,,HMD,350300
9909020,98,6518,1999,,,,,HMD,350300
9909021,98,6518,2000,,,0.5964520000000001,-0.776101,HMD,350300
9909022,98,6518,2001,,,0.646155,-0.73333,HMD,350300
9909023,98,6518,2002,,,0.0012929999999999999,-0.8448479999999999,HMD,350300
9909024,98,6518,2003,,,1.144117,-0.703569,HMD,350300
9909025,98,6518,2004,,,0.462296,-0.784625,HMD,350300
9909026,98,6518,2005,,,-1.00294,-0.900342,HMD,350300
9909027,98,6518,2006,,,0.247049,-0.780273,HMD,350300
9909028,98,6518,2007,,,0.645392,-0.6719970000000001,HMD,350300
9909029,98,6518,2008,,,0.319506,-0.794439,HMD,350300
9909030,98,6518,2009,,,1.877332,-0.753691,HMD,350300
9909031,98,6518,2010,,,1.514377,-0.696689,HMD,350300
9909032,98,6518,2011,,,1.101177,-0.534424,HMD,350300
9909033,98,6518,2012,,,-1.101992,-0.773688,HMD,350300
9909034,98,6518,2013,,,-1.285513,-0.81486,HMD,350300
9909035,98,6518,2014,,,1.634657,-0.634681,HMD,350300
9909036,98,6518,2015,,,0.7990550000000001,-0.871886,HMD,350300
9909037,98,6518,2016,,,1.1556879999999998,-0.877059,HMD,350300
9909038,98,6518,2017,,,1.734589,-0.733194,HMD,350300
9909039,98,6518,2018,,,0.799866,-0.8623620000000001,HMD,350300
9909040,98,6518,2019,,,-0.20277799999999999,-0.928184,HMD,350300
9909041,98,6518,2020,,,1.878707,-0.7548239999999999,HMD,350300
9909042,99,6518,1995,0.0,268647.0,-0.765536,-0.668834,HND,350300
9909043,99,6518,1996,1017.0,107128.0,-0.69357,-0.48721400000000004,HND,350300
9909044,99,6518,1997,1909.0,127692.0,-0.832161,-0.5578270000000001,HND,350300
9909045,99,6518,1998,3183.0,95920.0,-0.9326049999999999,-0.598527,HND,350300
9909046,99,6518,1999,1248.0,65673.0,-0.8858290000000001,-0.530034,HND,350300
9909047,99,6518,2000,1705.0,82465.0,-0.860977,-0.6851109999999999,HND,350300
9909048,99,6518,2001,0.0,49436.0,-0.8003060000000001,-0.602097,HND,350300
9909049,99,6518,2002,0.0,76442.0,-0.877043,-0.658185,HND,350300
9909050,99,6518,2003,0.0,66161.0,-0.733546,-0.568585,HND,350300
9909051,99,6518,2004,2987.0,146624.0,-0.75975,-0.548407,HND,350300
9909052,99,6518,2005,0.0,130821.0,-0.731899,-0.54884,HND,350300
9909053,99,6518,2006,0.0,123086.0,-0.672074,-0.472138,HND,350300
9909054,99,6518,2007,0.0,122839.0,-0.6366,-0.327447,HND,350300
9909055,99,6518,2008,21650.0,238109.0,-0.5907,-0.351317,HND,350300
9909056,99,6518,2009,25834.0,266233.0,-0.587607,-0.189167,HND,350300
9909057,99,6518,2010,3608.0,278955.0,-0.569501,-0.153122,HND,350300
9909058,99,6518,2011,0.0,395562.0,-0.740241,-0.311952,HND,350300
9909059,99,6518,2012,0.0,242481.0,-0.45962299999999995,-0.002247,HND,350300
9909060,99,6518,2013,0.0,227478.0,-0.731431,-0.310927,HND,350300
9909061,99,6518,2014,0.0,159623.0,-0.467004,0.045511,HND,350300
9909062,99,6518,2015,0.0,296350.0,-0.578635,-0.292053,HND,350300
9909063,99,6518,2016,8104.0,494298.0,-0.673741,-0.403777,HND,350300
9909064,99,6518,2017,52876.0,360136.0,-0.6335689999999999,-0.334201,HND,350300
9909065,99,6518,2018,0.0,133807.0,-0.523738,-0.193198,HND,350300
9909066,99,6518,2019,12796.0,214838.0,-0.6444439999999999,-0.203443,HND,350300
9909067,99,6518,2020,0.0,64927.0,-0.583329,-0.404227,HND,350300
9909068,100,6518,1995,23358.0,993828.0,0.75325,1.395715,HRV,350300
9909069,100,6518,1996,189012.0,1135416.0,0.772706,1.1075270000000002,HRV,350300
9909070,100,6518,1997,238295.0,1339287.0,0.607903,1.147751,HRV,350300
9909071,100,6518,1998,127209.0,1097651.0,0.692779,0.9919530000000001,HRV,350300
9909072,100,6518,1999,53398.0,1226770.0,0.572934,0.9873639999999999,HRV,350300
9909073,100,6518,2000,20284.0,1018402.0,0.683921,1.0184959999999998,HRV,350300
9909074,100,6518,2001,25024.0,508915.0,0.544596,0.969535,HRV,350300
9909075,100,6518,2002,7886.0,1101769.0,0.591276,1.030723,HRV,350300
9909076,100,6518,2003,63383.0,1800019.0,0.568394,1.230759,HRV,350300
9909077,100,6518,2004,58133.0,1778344.0,0.6669970000000001,1.088043,HRV,350300
9909078,100,6518,2005,70952.0,1884544.0,0.687937,1.059269,HRV,350300
9909079,100,6518,2006,50090.0,1853277.0,0.755787,0.992614,HRV,350300
9909080,100,6518,2007,64835.0,2317383.0,0.7799699999999999,1.1047850000000001,HRV,350300
9909081,100,6518,2008,52985.0,2972119.0,0.874459,1.075102,HRV,350300
9909082,100,6518,2009,35707.0,2185732.0,0.740174,1.005258,HRV,350300
9909083,100,6518,2010,88748.0,2667939.0,0.8276979999999999,0.97415,HRV,350300
9909084,100,6518,2011,276425.0,3428793.0,0.868294,0.9424299999999999,HRV,350300
9909085,100,6518,2012,307542.0,3304796.0,0.890281,1.02053,HRV,350300
9909086,100,6518,2013,698581.0,4983503.0,0.898284,1.038807,HRV,350300
9909087,100,6518,2014,1735982.0,5724839.0,0.804401,1.250807,HRV,350300
9909088,100,6518,2015,1056615.0,5826865.0,0.7590140000000001,1.257415,HRV,350300
9909089,100,6518,2016,1564173.0,6719252.0,0.8695200000000001,1.214791,HRV,350300
9909090,100,6518,2017,1748727.0,7233545.0,0.860825,1.365445,HRV,350300
9909091,100,6518,2018,1871211.0,9017796.0,0.7923720000000001,1.4047209999999999,HRV,350300
9909092,100,6518,2019,1296674.0,12191645.0,0.850527,1.280845,HRV,350300
9909093,100,6518,2020,1466351.0,13667378.0,0.876001,1.250877,HRV,350300
9909094,101,6518,1995,0.0,19026.0,-0.761827,-0.6020310000000001,HTI,350300
9909095,101,6518,1996,0.0,5694.0,-0.865218,-0.723441,HTI,350300
9909096,101,6518,1997,,,-0.945809,-0.7246560000000001,HTI,350300
9909097,101,6518,1998,,,-1.186197,-0.925901,HTI,350300
9909098,101,6518,1999,0.0,15372.0,-1.321531,-0.934434,HTI,350300
9909099,101,6518,2000,0.0,2717.0,-1.119661,-0.823765,HTI,350300
9909100,101,6518,2001,0.0,6102.0,-1.220515,-0.8502200000000001,HTI,350300
9909101,101,6518,2002,0.0,2556.0,-1.220251,-0.8176859999999999,HTI,350300
9909102,101,6518,2003,,,-1.3761290000000002,-1.006346,HTI,350300
9909103,101,6518,2004,,,-1.348507,-0.979369,HTI,350300
9909104,101,6518,2005,,,-1.2804229999999999,-1.018106,HTI,350300
9909105,101,6518,2006,0.0,18374.0,-1.037941,-0.9475790000000001,HTI,350300
9909106,101,6518,2007,,,-1.070524,-1.046209,HTI,350300
9909107,101,6518,2008,0.0,20192.0,-1.087836,-0.967734,HTI,350300
9909108,101,6518,2009,,,-1.406148,-1.108465,HTI,350300
9909109,101,6518,2010,0.0,32483.0,-1.369873,-1.121801,HTI,350300
9909110,101,6518,2011,0.0,39947.0,-1.263093,-1.086658,HTI,350300
9909111,101,6518,2012,0.0,39618.0,-0.8495739999999999,-0.972046,HTI,350300
9909112,101,6518,2013,0.0,20515.0,-1.095392,-0.957326,HTI,350300
9909113,101,6518,2014,0.0,10027.0,-1.10887,-1.032108,HTI,350300
9909114,101,6518,2015,0.0,16598.0,-1.288246,-1.018979,HTI,350300
9909115,101,6518,2016,0.0,16586.0,-1.30976,-1.010181,HTI,350300
9909116,101,6518,2017,0.0,13874.0,-1.0089219999999999,-0.946722,HTI,350300
9909117,101,6518,2018,0.0,23403.0,-0.914545,-0.890601,HTI,350300
9909118,101,6518,2019,0.0,34817.0,-1.120295,-0.967447,HTI,350300
9909119,101,6518,2020,0.0,38754.0,-1.028076,-0.884073,HTI,350300
9909120,102,6518,1995,72774.0,2589007.0,0.878711,1.8200060000000002,HUN,350300
9909121,102,6518,1996,76193.0,2511598.0,0.790036,1.891534,HUN,350300
9909122,102,6518,1997,1422936.0,2428664.0,0.746743,1.577102,HUN,350300
9909123,102,6518,1998,141617.0,2474094.0,0.780392,1.450701,HUN,350300
9909124,102,6518,1999,233383.0,1956512.0,0.794675,1.308337,HUN,350300
9909125,102,6518,2000,220465.0,1848303.0,1.045661,1.198236,HUN,350300
9909126,102,6518,2001,126287.0,1790809.0,1.102262,1.138016,HUN,350300
9909127,102,6518,2002,249781.0,2991615.0,1.179684,1.0574860000000001,HUN,350300
9909128,102,6518,2003,215819.0,5017058.0,1.2003270000000001,1.091407,HUN,350300
9909129,102,6518,2004,341831.0,6484374.0,1.207082,1.019714,HUN,350300
9909130,102,6518,2005,674839.0,7711087.0,1.3558,0.876179,HUN,350300
9909131,102,6518,2006,402081.0,9896919.0,1.4034309999999999,0.835144,HUN,350300
9909132,102,6518,2007,513206.0,12787047.0,1.4887709999999998,0.78372,HUN,350300
9909133,102,6518,2008,513650.0,14479128.0,1.3358299999999999,0.8177770000000001,HUN,350300
9909134,102,6518,2009,722296.0,12689546.0,1.397765,0.772375,HUN,350300
9909135,102,6518,2010,588594.0,11268751.0,1.514225,0.740341,HUN,350300
9909136,102,6518,2011,1138948.0,17155223.0,1.486592,0.805642,HUN,350300
9909137,102,6518,2012,1449617.0,16991375.0,1.396648,0.759196,HUN,350300
9909138,102,6518,2013,1191222.0,22427582.0,1.506101,0.7279220000000001,HUN,350300
9909139,102,6518,2014,1181546.0,20754654.0,1.477093,0.812869,HUN,350300
9909140,102,6518,2015,1168354.0,18685355.0,1.462839,0.803258,HUN,350300
9909141,102,6518,2016,1360697.0,19088892.0,1.445281,0.8422209999999999,HUN,350300
9909142,102,6518,2017,1356737.0,20601196.0,1.4886270000000001,0.845986,HUN,350300
9909143,102,6518,2018,1551015.0,18559263.0,1.519662,0.833092,HUN,350300
9909144,102,6518,2019,1479760.0,21651635.0,1.462102,0.809183,HUN,350300
9909145,102,6518,2020,1352735.0,21879009.0,1.393152,0.878916,HUN,350300
9909146,103,6518,1995,24635.0,5421782.0,-0.391727,1.174727,IDN,350300
9909147,103,6518,1996,3066.0,6866024.0,-0.43199899999999997,1.22074,IDN,350300
9909148,103,6518,1997,117807.0,8454419.0,-0.44080699999999995,1.220104,IDN,350300
9909149,103,6518,1998,232773.0,4863213.0,-0.478253,1.350652,IDN,350300
9909150,103,6518,1999,192712.0,8801532.0,-0.20447,1.568505,IDN,350300
9909151,103,6518,2000,314865.0,7030787.0,-0.125831,1.7116360000000002,IDN,350300
9909152,103,6518,2001,136837.0,9478070.0,-0.167771,1.6587889999999998,IDN,350300
9909153,103,6518,2002,65203.0,6603214.0,-0.10020499999999999,1.590314,IDN,350300
9909154,103,6518,2003,165768.0,8135091.0,-0.16802,1.7252990000000001,IDN,350300
9909155,103,6518,2004,115477.0,7820975.0,-0.223644,1.719065,IDN,350300
9909156,103,6518,2005,128288.0,9050385.0,-0.273208,1.5252379999999999,IDN,350300
9909157,103,6518,2006,119621.0,9720903.0,-0.21012399999999998,1.467838,IDN,350300
9909158,103,6518,2007,240543.0,10753424.0,-0.192415,1.497962,IDN,350300
9909159,103,6518,2008,75279.0,14543873.0,-0.11154000000000001,1.4879850000000001,IDN,350300
9909160,103,6518,2009,202828.0,14368444.0,-0.253835,1.260101,IDN,350300
9909161,103,6518,2010,155970.0,16149722.0,-0.30878099999999997,1.07069,IDN,350300
9909162,103,6518,2011,170219.0,21327728.0,-0.234125,1.168384,IDN,350300
9909163,103,6518,2012,232701.0,26423520.0,-0.142318,1.281781,IDN,350300
9909164,103,6518,2013,167919.0,29492546.0,-0.216854,1.415728,IDN,350300
9909165,103,6518,2014,170846.0,31245779.0,-0.088032,1.3966459999999998,IDN,350300
9909166,103,6518,2015,292593.0,28403113.0,-0.145103,1.277362,IDN,350300
9909167,103,6518,2016,151640.0,27346222.0,-0.158496,1.492067,IDN,350300
9909168,103,6518,2017,87611.0,22583062.0,-0.23641700000000002,1.188173,IDN,350300
9909169,103,6518,2018,257631.0,25552315.0,-0.10130499999999999,1.2414209999999999,IDN,350300
9909170,103,6518,2019,395304.0,29062610.0,-0.141811,1.385726,IDN,350300
9909171,103,6518,2020,109630.0,33408541.0,-0.16761700000000002,1.571009,IDN,350300
9909172,104,6518,1995,4635672.0,380621.0,0.156183,1.9617380000000002,IND,350300
9909173,104,6518,1996,5047962.0,313447.0,0.20685599999999998,2.317622,IND,350300
9909174,104,6518,1997,4636207.0,1774118.0,0.262571,2.31305,IND,350300
9909175,104,6518,1998,4167444.0,604628.0,0.274308,2.316908,IND,350300
9909176,104,6518,1999,6133626.0,598875.0,0.29945900000000003,2.438702,IND,350300
9909177,104,6518,2000,9262920.0,859491.0,0.3961,2.553408,IND,350300
9909178,104,6518,2001,9644080.0,994446.0,0.349744,2.665844,IND,350300
9909179,104,6518,2002,13795761.0,1380434.0,0.380867,2.608955,IND,350300
9909180,104,6518,2003,20266674.0,1618469.0,0.33014099999999996,2.836003,IND,350300
9909181,104,6518,2004,21756085.0,1959961.0,0.233348,2.790987,IND,350300
9909182,104,6518,2005,27203145.0,2125000.0,0.212108,2.817413,IND,350300
9909183,104,6518,2006,32358977.0,1593672.0,0.285652,2.731318,IND,350300
9909184,104,6518,2007,34776907.0,2592012.0,0.279475,2.7514939999999997,IND,350300
9909185,104,6518,2008,49067626.0,3959862.0,0.26694,2.926023,IND,350300
9909186,104,6518,2009,47032680.0,3622715.0,0.209867,2.254003,IND,350300
9909187,104,6518,2010,39497834.0,7026706.0,0.14485599999999998,2.408913,IND,350300
9909188,104,6518,2011,48620268.0,14893555.0,0.18276199999999998,2.398765,IND,350300
9909189,104,6518,2012,50314556.0,23901787.0,0.229996,2.4815110000000002,IND,350300
9909190,104,6518,2013,60212572.0,29636279.0,0.215356,2.3916209999999998,IND,350300
9909191,104,6518,2014,63266932.0,27550945.0,0.262042,2.6305080000000003,IND,350300
9909192,104,6518,2015,56131582.0,26135603.0,0.24230900000000002,2.8190880000000003,IND,350300
9909193,104,6518,2016,40832406.0,19389753.0,0.30976,2.61043,IND,350300
9909194,104,6518,2017,40557442.0,24415231.0,0.290576,2.726391,IND,350300
9909195,104,6518,2018,39153579.0,28031466.0,0.526015,2.448112,IND,350300
9909196,104,6518,2019,42199481.0,34668063.0,0.43196,2.661139,IND,350300
9909197,104,6518,2020,45839142.0,41151240.0,0.464674,2.838779,IND,350300
9909198,105,6518,1995,,,0.065578,-0.702364,IOT,350300
9909199,105,6518,1996,,,0.605992,-0.5621970000000001,IOT,350300
9909200,105,6518,1997,,,0.21188400000000002,-0.6892659999999999,IOT,350300
9909201,105,6518,1998,,,0.894133,-0.5182,IOT,350300
9909202,105,6518,1999,,,-0.44178199999999995,-0.8321649999999999,IOT,350300
9909203,105,6518,2000,,,-0.346723,-0.8308049999999999,IOT,350300
9909204,105,6518,2001,,,-0.21711599999999998,-0.8472959999999999,IOT,350300
9909205,105,6518,2002,,,-0.262822,-0.787972,IOT,350300
9909206,105,6518,2003,,,0.907681,-0.184899,IOT,350300
9909207,105,6518,2004,,,1.52429,0.002654,IOT,350300
9909208,105,6518,2005,,,1.107517,-0.264755,IOT,350300
9909209,105,6518,2006,,,1.147154,-0.13284,IOT,350300
9909210,105,6518,2007,,,1.424007,0.050412,IOT,350300
9909211,105,6518,2008,,,1.2634319999999999,-0.314756,IOT,350300
9909212,105,6518,2009,,,0.505916,-0.551323,IOT,350300
9909213,105,6518,2010,,,0.962752,-0.399434,IOT,350300
9909214,105,6518,2011,,,0.50507,-0.238484,IOT,350300
9909215,105,6518,2012,,,1.134521,-0.361446,IOT,350300
9909216,105,6518,2013,,,0.7192390000000001,-0.628595,IOT,350300
9909217,105,6518,2014,,,0.910402,-0.6916939999999999,IOT,350300
9909218,105,6518,2015,,,1.134108,-0.617796,IOT,350300
9909219,105,6518,2016,,,0.9315,-0.661654,IOT,350300
9909220,105,6518,2017,,,0.30708,-0.604495,IOT,350300
9909221,105,6518,2018,,,0.725927,-0.360329,IOT,350300
9909222,105,6518,2019,,,-0.7551760000000001,-0.939959,IOT,350300
9909223,105,6518,2020,,,0.928522,-0.435507,IOT,350300
9909224,106,6518,1995,2298817.0,7892662.0,1.349192,0.992099,IRL,350300
9909225,106,6518,1996,1095511.0,3021594.0,1.386011,0.9232100000000001,IRL,350300
9909226,106,6518,1997,1047290.0,2651787.0,1.471048,0.8769370000000001,IRL,350300
9909227,106,6518,1998,1335397.0,1568096.0,1.451067,0.654442,IRL,350300
9909228,106,6518,1999,1050262.0,2271820.0,1.599613,0.37233299999999997,IRL,350300
9909229,106,6518,2000,1088440.0,3746451.0,1.546001,0.342854,IRL,350300
9909230,106,6518,2001,1660112.0,3680965.0,1.664233,0.129983,IRL,350300
9909231,106,6518,2002,1282721.0,3076864.0,1.7232880000000002,0.091172,IRL,350300
9909232,106,6518,2003,991944.0,3227572.0,1.6396130000000002,0.220599,IRL,350300
9909233,106,6518,2004,1210113.0,4304910.0,1.501859,0.14456,IRL,350300
9909234,106,6518,2005,2302193.0,3532924.0,1.536605,0.189781,IRL,350300
9909235,106,6518,2006,2570230.0,4296120.0,1.43804,0.06463200000000001,IRL,350300
9909236,106,6518,2007,2750845.0,3113236.0,1.353146,0.122832,IRL,350300
9909237,106,6518,2008,5557906.0,3021522.0,1.693858,0.221425,IRL,350300
9909238,106,6518,2009,1898150.0,1966785.0,1.627233,0.020024,IRL,350300
9909239,106,6518,2010,2723817.0,1681421.0,1.371357,0.168795,IRL,350300
9909240,106,6518,2011,2630294.0,5585130.0,1.403182,0.290245,IRL,350300
9909241,106,6518,2012,2722480.0,21668302.0,1.229702,0.12683599999999998,IRL,350300
9909242,106,6518,2013,3046053.0,26743855.0,1.29988,0.240688,IRL,350300
9909243,106,6518,2014,3115722.0,5190412.0,1.2658399999999999,0.278546,IRL,350300
9909244,106,6518,2015,2219927.0,3107601.0,1.304942,0.126431,IRL,350300
9909245,106,6518,2016,1586226.0,2489259.0,1.445238,0.07659400000000001,IRL,350300
9909246,106,6518,2017,1292553.0,2739191.0,1.363544,0.169211,IRL,350300
9909247,106,6518,2018,2505208.0,3588913.0,1.262419,0.013576,IRL,350300
9909248,106,6518,2019,2129858.0,3177813.0,1.3812389999999999,-0.025366,IRL,350300
9909249,106,6518,2020,1224928.0,4093248.0,1.337791,-0.20829699999999998,IRL,350300
9909250,107,6518,1995,8111.0,572878.0,-0.821991,-1.071013,IRN,350300
9909251,107,6518,1996,0.0,1055474.0,-0.7496649999999999,-1.1173520000000001,IRN,350300
9909252,107,6518,1997,5516.0,1178254.0,-0.503841,-0.9984059999999999,IRN,350300
9909253,107,6518,1998,23404.0,1208325.0,-0.6626029999999999,-1.0408959999999998,IRN,350300
9909254,107,6518,1999,53989.0,3311065.0,-0.9366620000000001,-1.147602,IRN,350300
9909255,107,6518,2000,11278.0,2344365.0,-0.555558,-0.910523,IRN,350300
9909256,107,6518,2001,44583.0,1258397.0,-0.7732479999999999,-0.8979370000000001,IRN,350300
9909257,107,6518,2002,42279.0,1745342.0,-0.5707840000000001,-0.705612,IRN,350300
9909258,107,6518,2003,37008.0,2076256.0,-0.552146,-0.8668520000000001,IRN,350300
9909259,107,6518,2004,54376.0,3010853.0,-0.38210700000000003,-0.8408620000000001,IRN,350300
9909260,107,6518,2005,84096.0,3354888.0,-0.305068,-0.804413,IRN,350300
9909261,107,6518,2006,103736.0,4176236.0,-0.391023,-0.767861,IRN,350300
9909262,107,6518,2007,57657.0,6445553.0,-0.797659,-1.048892,IRN,350300
9909263,107,6518,2008,76190.0,8692212.0,-0.9776469999999999,-1.054475,IRN,350300
9909264,107,6518,2009,17464.0,10528434.0,-1.185702,-1.1049360000000001,IRN,350300
9909265,107,6518,2010,35294.0,14968703.0,-0.609874,-0.744733,IRN,350300
9909266,107,6518,2011,16434.0,15302922.0,-0.915379,-0.973194,IRN,350300
9909267,107,6518,2012,14334.0,13808153.0,-0.963881,-0.928644,IRN,350300
9909268,107,6518,2013,84586.0,17469111.0,-0.339172,-0.237114,IRN,350300
9909269,107,6518,2014,42377.0,18471156.0,-0.361058,-0.312743,IRN,350300
9909270,107,6518,2015,21937.0,23109496.0,-0.258946,-0.0073420000000000004,IRN,350300
9909271,107,6518,2016,49812.0,26867882.0,-0.407368,-0.23482399999999998,IRN,350300
9909272,107,6518,2017,67098.0,22992826.0,-0.361292,-0.361813,IRN,350300
9909273,107,6518,2018,96155.0,17880780.0,-0.389954,-0.258156,IRN,350300
9909274,107,6518,2019,130420.0,27035825.0,-0.386813,-0.467873,IRN,350300
9909275,107,6518,2020,0.0,31274599.0,-0.362286,-0.242846,IRN,350300
9909276,108,6518,1995,,,-0.813404,-0.7444390000000001,IRQ,350300
9909277,108,6518,1996,,,0.9485540000000001,-0.303744,IRQ,350300
9909278,108,6518,1997,,,-2.248377,-0.817589,IRQ,350300
9909279,108,6518,1998,,,-1.4440030000000001,-0.808689,IRQ,350300
9909280,108,6518,1999,,,-1.8954950000000002,-0.883983,IRQ,350300
9909281,108,6518,2000,,,-1.8568259999999999,-0.902459,IRQ,350300
9909282,108,6518,2001,0.0,1965522.0,-1.115465,-0.883028,IRQ,350300
9909283,108,6518,2002,0.0,2384742.0,-0.397477,-0.811214,IRQ,350300
9909284,108,6518,2003,0.0,1690533.0,-0.398557,-0.774153,IRQ,350300
9909285,108,6518,2004,0.0,67688.0,-0.8852559999999999,-0.907136,IRQ,350300
9909286,108,6518,2005,0.0,58126.0,-1.021297,-0.8532549999999999,IRQ,350300
9909287,108,6518,2006,0.0,229099.0,-2.029727,-0.8634219999999999,IRQ,350300
9909288,108,6518,2007,0.0,590825.0,-1.961053,-0.8849969999999999,IRQ,350300
9909289,108,6518,2008,0.0,802263.0,-1.6604189999999999,-0.886959,IRQ,350300
9909290,108,6518,2009,0.0,1256247.0,-1.1683270000000001,-0.9517459999999999,IRQ,350300
9909291,108,6518,2010,0.0,275731.0,-2.1439150000000002,-0.913227,IRQ,350300
9909292,108,6518,2011,0.0,155531.0,-2.175137,-0.726975,IRQ,350300
9909293,108,6518,2012,0.0,1024915.0,-2.7534509999999996,-0.812277,IRQ,350300
9909294,108,6518,2013,0.0,578514.0,-2.839079,-0.8705440000000001,IRQ,350300
9909295,108,6518,2014,0.0,1440313.0,-2.9169,-0.882023,IRQ,350300
9909296,108,6518,2015,22376.0,1245995.0,-1.465803,-0.912113,IRQ,350300
9909297,108,6518,2016,0.0,1181303.0,-2.2400029999999997,-1.017174,IRQ,350300
9909298,108,6518,2017,0.0,1477055.0,-1.515339,-0.9462950000000001,IRQ,350300
9909299,108,6518,2018,0.0,1277290.0,-1.7504400000000002,-1.018699,IRQ,350300
9909300,108,6518,2019,0.0,2570464.0,-1.593359,-0.9927860000000001,IRQ,350300
9909301,108,6518,2020,138227.0,3720413.0,-1.087158,-0.9546389999999999,IRQ,350300
9909302,109,6518,1995,2520.0,233532.0,0.161331,-0.45210100000000003,ISL,350300
9909303,109,6518,1996,19867.0,286343.0,0.003558,-0.551796,ISL,350300
9909304,109,6518,1997,0.0,182578.0,0.217533,-0.405395,ISL,350300
9909305,109,6518,1998,0.0,243714.0,0.18141300000000002,-0.47993500000000006,ISL,350300
9909306,109,6518,1999,0.0,261851.0,0.377701,-0.355798,ISL,350300
9909307,109,6518,2000,50470.0,155338.0,0.217683,-0.41136000000000006,ISL,350300
9909308,109,6518,2001,0.0,242949.0,0.032382999999999995,-0.51054,ISL,350300
9909309,109,6518,2002,0.0,195850.0,0.23601999999999998,-0.34781,ISL,350300
9909310,109,6518,2003,0.0,234870.0,0.21902800000000003,-0.40818499999999996,ISL,350300
9909311,109,6518,2004,0.0,298808.0,0.298844,-0.36366,ISL,350300
9909312,109,6518,2005,28150.0,204497.0,0.060955999999999996,-0.410998,ISL,350300
9909313,109,6518,2006,1937.0,211164.0,0.170234,-0.302203,ISL,350300
9909314,109,6518,2007,0.0,239893.0,0.172786,-0.380266,ISL,350300
9909315,109,6518,2008,0.0,252725.0,0.26969899999999997,-0.29915,ISL,350300
9909316,109,6518,2009,0.0,228005.0,0.21713200000000002,-0.371812,ISL,350300
9909317,109,6518,2010,0.0,136768.0,0.20822100000000002,-0.318294,ISL,350300
9909318,109,6518,2011,0.0,156440.0,0.284202,-0.23753000000000002,ISL,350300
9909319,109,6518,2012,0.0,226854.0,0.368012,-0.31235599999999997,ISL,350300
9909320,109,6518,2013,0.0,270925.0,0.259374,-0.20413299999999998,ISL,350300
9909321,109,6518,2014,0.0,248376.0,0.127891,-0.302014,ISL,350300
9909322,109,6518,2015,0.0,181486.0,0.24527600000000002,-0.411616,ISL,350300
9909323,109,6518,2016,0.0,103142.0,0.192448,-0.37174,ISL,350300
9909324,109,6518,2017,0.0,130139.0,0.386094,-0.277269,ISL,350300
9909325,109,6518,2018,0.0,173063.0,0.252338,-0.341319,ISL,350300
9909326,109,6518,2019,0.0,316078.0,0.378873,-0.162129,ISL,350300
9909327,109,6518,2020,319725.0,228016.0,0.27161399999999997,-0.17819200000000002,ISL,350300
9909328,110,6518,1995,7398.0,2219373.0,1.205368,1.189434,ISR,350300
9909329,110,6518,1996,17173.0,2425064.0,1.054975,1.072965,ISR,350300
9909330,110,6518,1997,9542.0,1776164.0,1.3230030000000002,0.965016,ISR,350300
9909331,110,6518,1998,29348.0,1503947.0,1.2643739999999999,0.958475,ISR,350300
9909332,110,6518,1999,51190.0,1256591.0,1.342593,0.781931,ISR,350300
9909333,110,6518,2000,3908.0,1018259.0,1.251365,0.7359319999999999,ISR,350300
9909334,110,6518,2001,13610.0,659622.0,1.374873,0.775594,ISR,350300
9909335,110,6518,2002,24798.0,1115711.0,1.334174,0.654331,ISR,350300
9909336,110,6518,2003,2840.0,2660983.0,1.157809,0.682195,ISR,350300
9909337,110,6518,2004,64698.0,1240728.0,1.250393,0.8003979999999999,ISR,350300
9909338,110,6518,2005,156709.0,2177207.0,1.3829120000000001,0.761617,ISR,350300
9909339,110,6518,2006,42213.0,2201780.0,1.3082129999999998,0.783845,ISR,350300
9909340,110,6518,2007,197609.0,2489168.0,1.092244,0.753984,ISR,350300
9909341,110,6518,2008,176714.0,2709371.0,1.169192,0.797136,ISR,350300
9909342,110,6518,2009,98398.0,3843244.0,1.226438,0.816299,ISR,350300
9909343,110,6518,2010,79577.0,3442047.0,1.215834,0.7028340000000001,ISR,350300
9909344,110,6518,2011,91986.0,2698905.0,1.324384,0.714611,ISR,350300
9909345,110,6518,2012,345320.0,3308271.0,1.344347,0.691617,ISR,350300
9909346,110,6518,2013,150814.0,3043028.0,1.197241,0.633828,ISR,350300
9909347,110,6518,2014,206930.0,3758850.0,1.211141,0.64523,ISR,350300
9909348,110,6518,2015,84927.0,2956866.0,1.260071,0.545545,ISR,350300
9909349,110,6518,2016,57613.0,2946203.0,1.352275,0.67584,ISR,350300
9909350,110,6518,2017,49680.0,2664985.0,1.436156,0.776574,ISR,350300
9909351,110,6518,2018,143956.0,2593724.0,1.355071,0.872822,ISR,350300
9909352,110,6518,2019,53438.0,4189961.0,1.488686,0.823376,ISR,350300
9909353,110,6518,2020,51198.0,3386143.0,1.487557,0.8370920000000001,ISR,350300
9909354,111,6518,1995,24545974.0,21521781.0,1.503379,1.449094,ITA,350300
9909355,111,6518,1996,21387529.0,18487163.0,1.4674690000000001,1.263362,ITA,350300
9909356,111,6518,1997,28731975.0,17344533.0,1.4860389999999999,1.235674,ITA,350300
9909357,111,6518,1998,28919266.0,19007404.0,1.4532209999999999,1.191124,ITA,350300
9909358,111,6518,1999,25949909.0,18819410.0,1.395253,1.3589790000000002,ITA,350300
9909359,111,6518,2000,29918186.0,14608775.0,1.421124,1.112321,ITA,350300
9909360,111,6518,2001,30659198.0,17321827.0,1.389926,1.282143,ITA,350300
9909361,111,6518,2002,35872916.0,19374739.0,1.377604,1.2470510000000001,ITA,350300
9909362,111,6518,2003,39873025.0,22365223.0,1.399734,1.044608,ITA,350300
9909363,111,6518,2004,46250085.0,26789172.0,1.358057,1.11533,ITA,350300
9909364,111,6518,2005,49980690.0,24024493.0,1.295883,1.032218,ITA,350300
9909365,111,6518,2006,41915593.0,24897083.0,1.293779,0.93995,ITA,350300
9909366,111,6518,2007,38258293.0,26106464.0,1.3003559999999998,0.705448,ITA,350300
9909367,111,6518,2008,54487128.0,27739688.0,1.308777,0.361523,ITA,350300
9909368,111,6518,2009,53487866.0,26921168.0,1.289,0.64549,ITA,350300
9909369,111,6518,2010,50280599.0,26844631.0,1.272385,0.545721,ITA,350300
9909370,111,6518,2011,57174582.0,31543193.0,1.298751,0.48013599999999995,ITA,350300
9909371,111,6518,2012,65588632.0,27736404.0,1.297611,0.28585900000000003,ITA,350300
9909372,111,6518,2013,74783954.0,31570911.0,1.289924,0.533436,ITA,350300
9909373,111,6518,2014,69864494.0,31743102.0,1.340136,0.43931099999999995,ITA,350300
9909374,111,6518,2015,60238682.0,26392353.0,1.321127,0.747046,ITA,350300
9909375,111,6518,2016,62697895.0,30610791.0,1.339307,0.8549209999999999,ITA,350300
9909376,111,6518,2017,66116366.0,34611076.0,1.34395,0.577693,ITA,350300
9909377,111,6518,2018,72967266.0,37118352.0,1.3602530000000002,0.453607,ITA,350300
9909378,111,6518,2019,69089691.0,40803667.0,1.25898,0.926639,ITA,350300
9909379,111,6518,2020,78870775.0,38223987.0,1.299017,0.701797,ITA,350300
9909380,112,6518,1995,0.0,161333.0,-0.873925,-0.952304,JAM,350300
9909381,112,6518,1996,4291.0,66840.0,-0.6344350000000001,-0.814916,JAM,350300
9909382,112,6518,1997,18270.0,437407.0,-0.65455,-0.820413,JAM,350300
9909383,112,6518,1998,0.0,261393.0,-0.8083739999999999,-0.946183,JAM,350300
9909384,112,6518,1999,0.0,213977.0,-0.852468,-0.9670290000000001,JAM,350300
9909385,112,6518,2000,2031.0,130902.0,-0.625061,-0.814176,JAM,350300
9909386,112,6518,2001,0.0,183502.0,-0.541582,-0.837248,JAM,350300
9909387,112,6518,2002,0.0,61212.0,-0.604813,-0.9309860000000001,JAM,350300
9909388,112,6518,2003,0.0,41816.0,-0.6684140000000001,-0.915817,JAM,350300
9909389,112,6518,2004,0.0,71495.0,-0.64957,-0.944183,JAM,350300
9909390,112,6518,2005,0.0,29698.0,-0.438717,-0.95845,JAM,350300
9909391,112,6518,2006,0.0,45930.0,-0.5122720000000001,-0.9109809999999999,JAM,350300
9909392,112,6518,2007,0.0,40971.0,-0.466305,-0.971972,JAM,350300
9909393,112,6518,2008,0.0,32385.0,-0.412969,-0.9444030000000001,JAM,350300
9909394,112,6518,2009,0.0,44970.0,-0.083743,-0.6222479999999999,JAM,350300
9909395,112,6518,2010,861.0,87788.0,0.041471,-0.367177,JAM,350300
9909396,112,6518,2011,87310.0,88089.0,-0.162212,-0.621817,JAM,350300
9909397,112,6518,2012,0.0,124572.0,-0.34163899999999997,-0.8008850000000001,JAM,350300
9909398,112,6518,2013,0.0,89811.0,-0.541441,-0.8448559999999999,JAM,350300
9909399,112,6518,2014,0.0,60393.0,-0.42745299999999997,-0.7750130000000001,JAM,350300
9909400,112,6518,2015,0.0,55283.0,-0.438267,-0.828097,JAM,350300
9909401,112,6518,2016,0.0,60437.0,-0.259972,-0.592114,JAM,350300
9909402,112,6518,2017,0.0,168632.0,-0.497654,-0.76481,JAM,350300
9909403,112,6518,2018,0.0,188563.0,-0.339328,-0.8756659999999999,JAM,350300
9909404,112,6518,2019,0.0,14300.0,-0.18387799999999999,-0.710004,JAM,350300
9909405,112,6518,2020,0.0,13159.0,-0.21953000000000003,-0.6944899999999999,JAM,350300
9909406,113,6518,1995,995496.0,552630.0,0.666542,0.326785,JOR,350300
9909407,113,6518,1996,0.0,638268.0,0.12203499999999999,-0.41859399999999997,JOR,350300
9909408,113,6518,1997,894992.0,834640.0,0.49456300000000003,0.33966,JOR,350300
9909409,113,6518,1998,72415.0,1259134.0,0.403009,-0.076366,JOR,350300
9909410,113,6518,1999,1244058.0,927012.0,0.475995,0.514447,JOR,350300
9909411,113,6518,2000,1465203.0,529023.0,0.495354,1.233005,JOR,350300
9909412,113,6518,2001,2019631.0,722939.0,0.375134,0.581558,JOR,350300
9909413,113,6518,2002,2427214.0,773060.0,0.24197600000000002,0.196635,JOR,350300
9909414,113,6518,2003,1785946.0,944265.0,0.12295,0.377031,JOR,350300
9909415,113,6518,2004,269894.0,736270.0,0.152989,0.385845,JOR,350300
9909416,113,6518,2005,149709.0,867578.0,0.21925799999999998,0.371165,JOR,350300
9909417,113,6518,2006,436084.0,1074806.0,0.166718,0.331248,JOR,350300
9909418,113,6518,2007,774337.0,1000314.0,0.228433,0.5984550000000001,JOR,350300
9909419,113,6518,2008,1177643.0,1456829.0,0.255463,0.45844799999999997,JOR,350300
9909420,113,6518,2009,1871852.0,1678521.0,0.21374899999999997,0.423774,JOR,350300
9909421,113,6518,2010,1010643.0,1642270.0,0.251702,0.522758,JOR,350300
9909422,113,6518,2011,918174.0,877780.0,0.231605,0.47049399999999997,JOR,350300
9909423,113,6518,2012,1903217.0,2110063.0,0.24909099999999998,0.489624,JOR,350300
9909424,113,6518,2013,1018042.0,1765779.0,0.152659,0.5889979999999999,JOR,350300
9909425,113,6518,2014,896436.0,1373755.0,0.210208,0.48732299999999995,JOR,350300
9909426,113,6518,2015,87862.0,1341615.0,0.121172,0.457301,JOR,350300
9909427,113,6518,2016,171483.0,1289822.0,-0.0115,0.045625,JOR,350300
9909428,113,6518,2017,261521.0,1021430.0,0.020035,0.295415,JOR,350300
9909429,113,6518,2018,53982.0,1280942.0,-0.086895,0.283829,JOR,350300
9909430,113,6518,2019,167681.0,1479560.0,-0.003529,0.255816,JOR,350300
9909431,113,6518,2020,9133.0,2194477.0,-0.060384,0.139902,JOR,350300
9909432,114,6518,1995,35648600.0,27424783.0,2.56822,0.927307,JPN,350300
9909433,114,6518,1996,34662266.0,24869806.0,2.615364,0.5656939999999999,JPN,350300
9909434,114,6518,1997,34851450.0,23588408.0,2.631846,0.553144,JPN,350300
9909435,114,6518,1998,26656305.0,21532131.0,2.550442,0.718063,JPN,350300
9909436,114,6518,1999,26497479.0,19410920.0,2.541382,0.693702,JPN,350300
9909437,114,6518,2000,19696494.0,19620167.0,2.579611,0.464875,JPN,350300
9909438,114,6518,2001,18253873.0,28338475.0,2.585857,0.522663,JPN,350300
9909439,114,6518,2002,19760493.0,37973511.0,2.556057,0.497673,JPN,350300
9909440,114,6518,2003,23107179.0,42375612.0,2.4686630000000003,0.48072600000000004,JPN,350300
9909441,114,6518,2004,18862601.0,58345693.0,2.526624,0.452054,JPN,350300
9909442,114,6518,2005,21231798.0,63654823.0,2.392106,0.278652,JPN,350300
9909443,114,6518,2006,19513891.0,69700812.0,2.4348099999999997,0.082887,JPN,350300
9909444,114,6518,2007,18562011.0,69204863.0,2.313259,0.186703,JPN,350300
9909445,114,6518,2008,22410822.0,87783393.0,2.285056,0.036255,JPN,350300
9909446,114,6518,2009,22846590.0,102183340.0,2.306791,-0.251712,JPN,350300
9909447,114,6518,2010,22674936.0,106830114.0,2.459723,-0.279387,JPN,350300
9909448,114,6518,2011,20145367.0,124074229.0,2.516395,-0.534301,JPN,350300
9909449,114,6518,2012,23890638.0,117433230.0,2.359022,-0.553565,JPN,350300
9909450,114,6518,2013,28286262.0,116983058.0,2.3993130000000003,-0.564768,JPN,350300
9909451,114,6518,2014,27229671.0,112339654.0,2.403165,-0.635024,JPN,350300
9909452,114,6518,2015,25504093.0,96629468.0,2.516133,-0.484202,JPN,350300
9909453,114,6518,2016,25440303.0,89355670.0,2.574025,-0.34859,JPN,350300
9909454,114,6518,2017,21677135.0,94698144.0,2.4510419999999997,-0.277357,JPN,350300
9909455,114,6518,2018,20717303.0,113908440.0,2.514533,-0.416074,JPN,350300
9909456,114,6518,2019,20108001.0,102700206.0,2.4931509999999997,-0.558811,JPN,350300
9909457,114,6518,2020,22454759.0,97187126.0,2.405659,-0.38169000000000003,JPN,350300
9909458,115,6518,1995,0.0,1077.0,0.280262,-0.285508,KAZ,350300
9909459,115,6518,1996,0.0,332746.0,0.48902799999999996,0.154932,KAZ,350300
9909460,115,6518,1997,0.0,243804.0,0.44044300000000003,-0.10249000000000001,KAZ,350300
9909461,115,6518,1998,0.0,382017.0,0.245507,-0.389842,KAZ,350300
9909462,115,6518,1999,0.0,288341.0,-0.035315,-0.514845,KAZ,350300
9909463,115,6518,2000,6360.0,404807.0,-0.019137,-0.683485,KAZ,350300
9909464,115,6518,2001,0.0,291084.0,0.009714,-0.525899,KAZ,350300
9909465,115,6518,2002,0.0,381259.0,-0.065332,-0.616159,KAZ,350300
9909466,115,6518,2003,1661.0,318042.0,-0.156326,-0.62092,KAZ,350300
9909467,115,6518,2004,14801.0,589837.0,-0.09288300000000001,-0.537664,KAZ,350300
9909468,115,6518,2005,0.0,545654.0,-0.06211900000000001,-0.641976,KAZ,350300
9909469,115,6518,2006,0.0,511260.0,0.038229,-0.579421,KAZ,350300
9909470,115,6518,2007,0.0,873625.0,-0.171218,-0.630279,KAZ,350300
9909471,115,6518,2008,0.0,961897.0,-0.43055200000000005,-0.6852590000000001,KAZ,350300
9909472,115,6518,2009,0.0,862375.0,-0.6547970000000001,-0.772256,KAZ,350300
9909473,115,6518,2010,0.0,692860.0,-0.6278020000000001,-0.8419760000000001,KAZ,350300
9909474,115,6518,2011,11922.0,1664992.0,-0.514687,-0.775671,KAZ,350300
9909475,115,6518,2012,0.0,1287409.0,-0.191363,-0.452845,KAZ,350300
9909476,115,6518,2013,1817.0,769646.0,-0.680678,-0.83347,KAZ,350300
9909477,115,6518,2014,0.0,1388852.0,-0.210431,-0.574075,KAZ,350300
9909478,115,6518,2015,0.0,1182358.0,-0.45091499999999995,-0.652026,KAZ,350300
9909479,115,6518,2016,4565.0,1859924.0,-0.376397,-0.553639,KAZ,350300
9909480,115,6518,2017,3786.0,1760253.0,-0.394316,-0.5485979999999999,KAZ,350300
9909481,115,6518,2018,8694.0,1830288.0,-0.483862,-0.667417,KAZ,350300
9909482,115,6518,2019,9303.0,2114961.0,-0.26529400000000003,-0.523479,KAZ,350300
9909483,115,6518,2020,22432.0,2519661.0,-0.48361899999999997,-0.626675,KAZ,350300
9909484,116,6518,1995,0.0,606525.0,-0.303773,0.111305,KEN,350300
9909485,116,6518,1996,0.0,112733.0,-0.468322,-0.017625,KEN,350300
9909486,116,6518,1997,129181.0,526368.0,-0.399028,0.196115,KEN,350300
9909487,116,6518,1998,54358.0,202572.0,-0.434978,0.10193300000000001,KEN,350300
9909488,116,6518,1999,117509.0,84506.0,-0.336125,0.43983999999999995,KEN,350300
9909489,116,6518,2000,52639.0,138398.0,-0.537967,0.011763,KEN,350300
9909490,116,6518,2001,34158.0,121111.0,-0.529388,0.092271,KEN,350300
9909491,116,6518,2002,46116.0,260636.0,-0.555812,0.169204,KEN,350300
9909492,116,6518,2003,51197.0,267331.0,-0.3531,0.582992,KEN,350300
9909493,116,6518,2004,5835.0,354398.0,-0.503694,0.410495,KEN,350300
9909494,116,6518,2005,1349.0,100119.0,-0.507389,0.769896,KEN,350300
9909495,116,6518,2006,11060.0,172171.0,-0.38287899999999997,1.060286,KEN,350300
9909496,116,6518,2007,15751.0,491479.0,-0.44365299999999996,0.858692,KEN,350300
9909497,116,6518,2008,0.0,333737.0,-0.284528,0.9378610000000001,KEN,350300
9909498,116,6518,2009,6316.0,356690.0,-0.26477399999999995,0.932587,KEN,350300
9909499,116,6518,2010,0.0,492477.0,-0.387187,1.010443,KEN,350300
9909500,116,6518,2011,1120.0,313937.0,-0.48319300000000004,0.346927,KEN,350300
9909501,116,6518,2012,5013.0,479533.0,-0.35581599999999997,0.29003,KEN,350300
9909502,116,6518,2013,2366.0,995333.0,-0.448112,0.8672719999999999,KEN,350300
9909503,116,6518,2014,1103.0,423974.0,-0.487058,0.307288,KEN,350300
9909504,116,6518,2015,0.0,809716.0,-0.453564,0.433325,KEN,350300
9909505,116,6518,2016,0.0,656292.0,-0.535616,0.520101,KEN,350300
9909506,116,6518,2017,0.0,657936.0,-0.579541,0.511926,KEN,350300
9909507,116,6518,2018,113920.0,564490.0,-0.32707800000000004,0.71009,KEN,350300
9909508,116,6518,2019,200057.0,689572.0,-0.406684,0.8588969999999999,KEN,350300
9909509,116,6518,2020,45709.0,655334.0,-0.496446,0.562476,KEN,350300
9909510,117,6518,1995,,,0.361272,0.047797000000000006,KGZ,350300
9909511,117,6518,1996,,,0.350901,0.529512,KGZ,350300
9909512,117,6518,1997,,,0.023634,-0.194868,KGZ,350300
9909513,117,6518,1998,,,0.11446500000000001,-0.24638000000000002,KGZ,350300
9909514,117,6518,1999,0.0,1155.0,-0.152916,-0.33076300000000003,KGZ,350300
9909515,117,6518,2000,0.0,4251.0,0.365421,0.333017,KGZ,350300
9909516,117,6518,2001,,,0.23332199999999997,0.256019,KGZ,350300
9909517,117,6518,2002,0.0,1637.0,0.081807,0.16872,KGZ,350300
9909518,117,6518,2003,,,0.25359699999999996,0.24101199999999998,KGZ,350300
9909519,117,6518,2004,59402.0,7734.0,0.005121,0.176652,KGZ,350300
9909520,117,6518,2005,129078.0,2302.0,-0.197277,0.169736,KGZ,350300
9909521,117,6518,2006,238970.0,9716.0,-0.034069,0.136694,KGZ,350300
9909522,117,6518,2007,291377.0,4770.0,-0.190437,-0.23665999999999998,KGZ,350300
9909523,117,6518,2008,414492.0,50923.0,-0.287826,-0.11858699999999998,KGZ,350300
9909524,117,6518,2009,386623.0,28389.0,-0.251815,0.144822,KGZ,350300
9909525,117,6518,2010,608464.0,176063.0,-0.48426400000000003,-0.169443,KGZ,350300
9909526,117,6518,2011,471672.0,122572.0,-0.323348,0.164469,KGZ,350300
9909527,117,6518,2012,331798.0,234635.0,-0.12369000000000001,0.22339,KGZ,350300
9909528,117,6518,2013,326794.0,180632.0,-0.1035,0.339914,KGZ,350300
9909529,117,6518,2014,200465.0,94817.0,-0.31942600000000004,-0.012454,KGZ,350300
9909530,117,6518,2015,42140.0,73435.0,0.02058,0.438692,KGZ,350300
9909531,117,6518,2016,234106.0,77257.0,0.010529,0.287462,KGZ,350300
9909532,117,6518,2017,181391.0,160498.0,-0.11530599999999999,0.264752,KGZ,350300
9909533,117,6518,2018,249445.0,57647.0,-0.141491,0.33161,KGZ,350300
9909534,117,6518,2019,156988.0,105230.0,-0.297072,0.306611,KGZ,350300
9909535,117,6518,2020,246814.0,162421.0,-0.117317,0.36644,KGZ,350300
9909536,118,6518,1995,0.0,1773.0,-1.275951,-1.144633,KHM,350300
9909537,118,6518,1996,1177.0,5646.0,-1.110741,-1.089434,KHM,350300
9909538,118,6518,1997,,,-1.458246,-1.243995,KHM,350300
9909539,118,6518,1998,0.0,4294.0,-1.626686,-1.307157,KHM,350300
9909540,118,6518,1999,0.0,4199.0,-1.5727360000000001,-1.2731629999999998,KHM,350300
9909541,118,6518,2000,0.0,34328.0,-1.172428,-1.0914139999999999,KHM,350300
9909542,118,6518,2001,0.0,7666.0,-1.231058,-1.154536,KHM,350300
9909543,118,6518,2002,0.0,11230.0,-1.231783,-1.1518700000000002,KHM,350300
9909544,118,6518,2003,0.0,9917.0,-1.0165620000000002,-1.060454,KHM,350300
9909545,118,6518,2004,0.0,40783.0,-1.4676209999999998,-1.1972639999999999,KHM,350300
9909546,118,6518,2005,0.0,29302.0,-1.423555,-1.177331,KHM,350300
9909547,118,6518,2006,0.0,180006.0,-1.323365,-1.185827,KHM,350300
9909548,118,6518,2007,0.0,50194.0,-1.1822489999999999,-1.129066,KHM,350300
9909549,118,6518,2008,0.0,432190.0,-1.064815,-1.098892,KHM,350300
9909550,118,6518,2009,0.0,184236.0,-1.194288,-1.09924,KHM,350300
9909551,118,6518,2010,0.0,205078.0,-1.158906,-1.019906,KHM,350300
9909552,118,6518,2011,0.0,317110.0,-1.162858,-1.103539,KHM,350300
9909553,118,6518,2012,0.0,1112624.0,-0.979144,-1.014426,KHM,350300
9909554,118,6518,2013,0.0,3658941.0,-1.054758,-0.872352,KHM,350300
9909555,118,6518,2014,13553.0,3540016.0,-0.84072,-0.8307040000000001,KHM,350300
9909556,118,6518,2015,0.0,1634759.0,-0.791985,-0.833046,KHM,350300
9909557,118,6518,2016,0.0,3055601.0,-0.8365239999999999,-0.794615,KHM,350300
9909558,118,6518,2017,0.0,680221.0,-0.656325,-0.622167,KHM,350300
9909559,118,6518,2018,0.0,1445892.0,-0.45740299999999995,-0.575966,KHM,350300
9909560,118,6518,2019,4261.0,2030504.0,-0.7499359999999999,-0.627125,KHM,350300
9909561,118,6518,2020,0.0,1503454.0,-0.602562,-0.505135,KHM,350300
9909562,119,6518,1995,,,-0.610582,-0.748798,KIR,350300
9909563,119,6518,1996,0.0,2156.0,-0.090837,-0.644005,KIR,350300
9909564,119,6518,1997,0.0,1192.0,-0.9250889999999999,-0.866958,KIR,350300
9909565,119,6518,1998,,,-0.8943610000000001,-0.89439,KIR,350300
9909566,119,6518,1999,,,-0.3417,-0.8385040000000001,KIR,350300
9909567,119,6518,2000,,,-0.373924,-0.863806,KIR,350300
9909568,119,6518,2001,,,1.070549,-0.712515,KIR,350300
9909569,119,6518,2002,,,0.016975,-0.791141,KIR,350300
9909570,119,6518,2003,,,-0.140282,-0.787443,KIR,350300
9909571,119,6518,2004,,,-0.552158,-0.831923,KIR,350300
9909572,119,6518,2005,,,-0.5289149999999999,-0.804243,KIR,350300
9909573,119,6518,2006,,,0.218218,-0.669244,KIR,350300
9909574,119,6518,2007,,,0.106985,-0.654763,KIR,350300
9909575,119,6518,2008,,,0.122065,-0.667883,KIR,350300
9909576,119,6518,2009,,,-0.41403999999999996,-0.8960100000000001,KIR,350300
9909577,119,6518,2010,,,0.252151,-0.727326,KIR,350300
9909578,119,6518,2011,,,0.129038,-0.670175,KIR,350300
9909579,119,6518,2012,0.0,889.0,-0.5625760000000001,-0.803443,KIR,350300
9909580,119,6518,2013,0.0,2419.0,-0.258825,-0.781927,KIR,350300
9909581,119,6518,2014,,,0.708907,-0.540813,KIR,350300
9909582,119,6518,2015,,,-0.257871,-0.858136,KIR,350300
9909583,119,6518,2016,,,0.23475300000000002,-0.789514,KIR,350300
9909584,119,6518,2017,,,-0.912241,-0.907758,KIR,350300
9909585,119,6518,2018,,,-0.321563,-0.9075110000000001,KIR,350300
9909586,119,6518,2019,,,-0.719943,-0.9396709999999999,KIR,350300
9909587,119,6518,2020,,,-0.9781629999999999,-0.936783,KIR,350300
9909588,120,6518,1995,,,0.45250200000000007,-0.45284399999999997,KNA,350300
9909589,120,6518,1996,,,0.546384,-0.463373,KNA,350300
9909590,120,6518,1997,,,0.8765370000000001,-0.268836,KNA,350300
9909591,120,6518,1998,,,0.856974,-0.416976,KNA,350300
9909592,120,6518,1999,0.0,2834.0,0.670532,-0.45786400000000005,KNA,350300
9909593,120,6518,2000,,,0.70972,-0.526818,KNA,350300
9909594,120,6518,2001,,,0.612222,-0.440733,KNA,350300
9909595,120,6518,2002,0.0,4345.0,0.911442,-0.26164899999999996,KNA,350300
9909596,120,6518,2003,0.0,19507.0,0.555154,-0.405962,KNA,350300
9909597,120,6518,2004,,,0.538271,-0.43505299999999997,KNA,350300
9909598,120,6518,2005,,,0.9313739999999999,-0.44211999999999996,KNA,350300
9909599,120,6518,2006,,,0.896119,-0.309349,KNA,350300
9909600,120,6518,2007,,,1.21646,-0.190821,KNA,350300
9909601,120,6518,2008,0.0,11789.0,1.2613,-0.136295,KNA,350300
9909602,120,6518,2009,,,0.9218370000000001,-0.303977,KNA,350300
9909603,120,6518,2010,0.0,1619.0,0.9277790000000001,-0.42824799999999996,KNA,350300
9909604,120,6518,2011,,,1.056175,-0.19398800000000002,KNA,350300
9909605,120,6518,2012,,,0.788275,-0.314756,KNA,350300
9909606,120,6518,2013,,,0.8500270000000001,-0.390234,KNA,350300
9909607,120,6518,2014,0.0,10064.0,0.9888950000000001,-0.28283800000000003,KNA,350300
9909608,120,6518,2015,,,0.8252430000000001,-0.436662,KNA,350300
9909609,120,6518,2016,,,0.620594,-0.4305,KNA,350300
9909610,120,6518,2017,,,0.781625,-0.405177,KNA,350300
9909611,120,6518,2018,,,0.315069,-0.689573,KNA,350300
9909612,120,6518,2019,,,0.739775,-0.644166,KNA,350300
9909613,120,6518,2020,,,0.955462,-0.487217,KNA,350300
9909614,121,6518,1995,3731376.0,11998083.0,0.845175,1.2761799999999999,KOR,350300
9909615,121,6518,1996,5658032.0,13062119.0,0.8946940000000001,1.240424,KOR,350300
9909616,121,6518,1997,6805943.0,10850646.0,1.0478290000000001,1.2874370000000002,KOR,350300
9909617,121,6518,1998,6409287.0,8841391.0,0.999518,1.106351,KOR,350300
9909618,121,6518,1999,5365475.0,9214316.0,0.92448,1.053988,KOR,350300
9909619,121,6518,2000,7173872.0,4203967.0,1.0696700000000001,1.0182209999999998,KOR,350300
9909620,121,6518,2001,9637731.0,4054441.0,1.145797,1.0762399999999999,KOR,350300
9909621,121,6518,2002,9025862.0,6500858.0,1.186816,1.075947,KOR,350300
9909622,121,6518,2003,10972055.0,7880883.0,1.2611709999999998,0.956308,KOR,350300
9909623,121,6518,2004,10722326.0,8616049.0,1.3624690000000002,0.928342,KOR,350300
9909624,121,6518,2005,9224182.0,7530966.0,1.4051850000000001,0.815171,KOR,350300
9909625,121,6518,2006,12825689.0,9743530.0,1.5384309999999999,0.766628,KOR,350300
9909626,121,6518,2007,12475925.0,9965005.0,1.497359,0.726637,KOR,350300
9909627,121,6518,2008,16750000.0,10486208.0,1.491687,0.814692,KOR,350300
9909628,121,6518,2009,20806524.0,9061789.0,1.509336,0.784515,KOR,350300
9909629,121,6518,2010,21559257.0,11393509.0,1.7118849999999999,0.762362,KOR,350300
9909630,121,6518,2011,23034350.0,14111053.0,1.731371,0.8306879999999999,KOR,350300
9909631,121,6518,2012,29001223.0,18088288.0,1.632917,0.877742,KOR,350300
9909632,121,6518,2013,30013440.0,20772914.0,1.818383,0.75645,KOR,350300
9909633,121,6518,2014,24136561.0,23189618.0,1.817145,0.8394530000000001,KOR,350300
9909634,121,6518,2015,34508811.0,21973602.0,1.900653,0.859406,KOR,350300
9909635,121,6518,2016,26700165.0,17496012.0,2.086184,0.724318,KOR,350300
9909636,121,6518,2017,28787360.0,20608291.0,2.011263,0.783215,KOR,350300
9909637,121,6518,2018,38430741.0,24427409.0,2.093866,0.764303,KOR,350300
9909638,121,6518,2019,32677391.0,40891715.0,2.115482,0.696838,KOR,350300
9909639,121,6518,2020,31408789.0,55362655.0,1.9703950000000001,0.800826,KOR,350300
9909640,122,6518,1995,0.0,211419.0,-0.226273,-1.02354,KWT,350300
9909641,122,6518,1996,0.0,452546.0,-0.27174499999999996,-1.098243,KWT,350300
9909642,122,6518,1997,0.0,119794.0,-0.660185,-1.1410129999999998,KWT,350300
9909643,122,6518,1998,0.0,141936.0,0.037029,-1.054761,KWT,350300
9909644,122,6518,1999,0.0,168678.0,0.028312999999999998,-1.0742770000000001,KWT,350300
9909645,122,6518,2000,0.0,884522.0,-0.6112270000000001,-1.149326,KWT,350300
9909646,122,6518,2001,0.0,100964.0,-0.8197,-1.183758,KWT,350300
9909647,122,6518,2002,0.0,170650.0,-0.6629550000000001,-1.157214,KWT,350300
9909648,122,6518,2003,1068.0,187509.0,-0.7943640000000001,-1.1529770000000001,KWT,350300
9909649,122,6518,2004,0.0,218852.0,-0.481908,-1.172081,KWT,350300
9909650,122,6518,2005,0.0,216052.0,0.259466,-1.023932,KWT,350300
9909651,122,6518,2006,0.0,364864.0,-0.589823,-1.142795,KWT,350300
9909652,122,6518,2007,0.0,1211438.0,-0.8265030000000001,-1.166243,KWT,350300
9909653,122,6518,2008,0.0,2251686.0,-1.401297,-1.142945,KWT,350300
9909654,122,6518,2009,0.0,1389161.0,-1.386993,-1.203527,KWT,350300
9909655,122,6518,2010,0.0,250672.0,0.067373,-1.0822120000000002,KWT,350300
9909656,122,6518,2011,0.0,1228452.0,-0.898582,-1.09893,KWT,350300
9909657,122,6518,2012,0.0,2033781.0,-0.7931600000000001,-1.096005,KWT,350300
9909658,122,6518,2013,0.0,1312189.0,-0.536384,-1.08382,KWT,350300
9909659,122,6518,2014,0.0,1654241.0,-0.769616,-1.10667,KWT,350300
9909660,122,6518,2015,0.0,1096786.0,-0.352023,-1.153057,KWT,350300
9909661,122,6518,2016,0.0,645123.0,-0.31188,-1.1438620000000002,KWT,350300
9909662,122,6518,2017,0.0,658314.0,-0.229821,-1.128482,KWT,350300
9909663,122,6518,2018,4803.0,322364.0,-0.668802,-1.154012,KWT,350300
9909664,122,6518,2019,10873.0,337541.0,0.081686,-1.087259,KWT,350300
9909665,122,6518,2020,2924.0,1336643.0,-0.072977,-1.090017,KWT,350300
9909666,123,6518,1995,,,-1.305146,-1.1964299999999999,LAO,350300
9909667,123,6518,1996,40394.0,1306.0,-0.751092,-0.8680209999999999,LAO,350300
9909668,123,6518,1997,19320.0,1600.0,-0.868848,-0.914637,LAO,350300
9909669,123,6518,1998,,,-1.251085,-1.1803219999999999,LAO,350300
9909670,123,6518,1999,0.0,1231.0,-1.429411,-1.243248,LAO,350300
9909671,123,6518,2000,,,-1.4676120000000001,-1.25673,LAO,350300
9909672,123,6518,2001,0.0,1431.0,-1.298653,-1.164605,LAO,350300
9909673,123,6518,2002,0.0,63217.0,-1.255183,-1.163232,LAO,350300
9909674,123,6518,2003,,,-1.251741,-1.14364,LAO,350300
9909675,123,6518,2004,,,-1.274622,-1.082807,LAO,350300
9909676,123,6518,2005,0.0,5299.0,-1.2717379999999998,-1.030638,LAO,350300
9909677,123,6518,2006,0.0,1143.0,-1.1707450000000001,-1.057348,LAO,350300
9909678,123,6518,2007,0.0,246693.0,-1.045213,-1.01482,LAO,350300
9909679,123,6518,2008,0.0,321076.0,-1.09704,-0.934141,LAO,350300
9909680,123,6518,2009,0.0,331314.0,-1.235693,-1.0440040000000002,LAO,350300
9909681,123,6518,2010,9407.0,359851.0,-1.104075,-0.836772,LAO,350300
9909682,123,6518,2011,0.0,419548.0,-1.135039,-0.929759,LAO,350300
9909683,123,6518,2012,0.0,89087.0,-1.0873540000000002,-0.9584809999999999,LAO,350300
9909684,123,6518,2013,0.0,195692.0,-1.204446,-0.8571489999999999,LAO,350300
9909685,123,6518,2014,0.0,210834.0,-1.054294,-0.869916,LAO,350300
9909686,123,6518,2015,0.0,412834.0,-0.927524,-0.74525,LAO,350300
9909687,123,6518,2016,0.0,228089.0,-0.9781479999999999,-0.8272860000000001,LAO,350300
9909688,123,6518,2017,0.0,358806.0,-0.9742190000000001,-0.727593,LAO,350300
9909689,123,6518,2018,0.0,154189.0,-0.788808,-0.8012670000000001,LAO,350300
9909690,123,6518,2019,0.0,12790.0,-0.8232889999999999,-0.7276590000000001,LAO,350300
9909691,123,6518,2020,0.0,92694.0,-0.741151,-0.689088,LAO,350300
9909692,124,6518,1995,5084.0,158734.0,0.027416000000000003,0.327795,LBN,350300
9909693,124,6518,1996,0.0,275642.0,-0.051973,0.002154,LBN,350300
9909694,124,6518,1997,21152.0,486268.0,0.334291,0.783104,LBN,350300
9909695,124,6518,1998,776.0,273914.0,0.23803200000000002,0.9927860000000001,LBN,350300
9909696,124,6518,1999,0.0,351641.0,0.264151,0.767188,LBN,350300
9909697,124,6518,2000,0.0,322123.0,0.24766100000000002,0.85467,LBN,350300
9909698,124,6518,2001,0.0,334053.0,0.165355,0.988008,LBN,350300
9909699,124,6518,2002,0.0,495381.0,0.2729,1.254232,LBN,350300
9909700,124,6518,2003,0.0,427988.0,0.261687,1.053856,LBN,350300
9909701,124,6518,2004,190002.0,494010.0,0.32409899999999997,1.037024,LBN,350300
9909702,124,6518,2005,0.0,508235.0,0.398304,1.439764,LBN,350300
9909703,124,6518,2006,2751.0,526562.0,0.3861,1.586183,LBN,350300
9909704,124,6518,2007,731.0,796452.0,0.47468,1.775191,LBN,350300
9909705,124,6518,2008,1084.0,1067122.0,0.46133100000000005,1.4598149999999999,LBN,350300
9909706,124,6518,2009,13669.0,1130284.0,0.48618599999999995,1.4748620000000001,LBN,350300
9909707,124,6518,2010,27444.0,401377.0,0.415854,1.424085,LBN,350300
9909708,124,6518,2011,18457.0,534647.0,0.278393,1.2962879999999999,LBN,350300
9909709,124,6518,2012,29636.0,1102025.0,0.38759,1.446025,LBN,350300
9909710,124,6518,2013,85870.0,1105296.0,0.283084,1.4289100000000001,LBN,350300
9909711,124,6518,2014,1785.0,1209335.0,0.308677,1.7564490000000001,LBN,350300
9909712,124,6518,2015,15886.0,843336.0,0.317355,1.330374,LBN,350300
9909713,124,6518,2016,0.0,787906.0,0.285829,1.0818139999999998,LBN,350300
9909714,124,6518,2017,2397.0,916673.0,0.266847,1.117621,LBN,350300
9909715,124,6518,2018,10620.0,1061543.0,0.270554,0.9995149999999999,LBN,350300
9909716,124,6518,2019,6690.0,1137722.0,0.26155700000000004,1.062317,LBN,350300
9909717,124,6518,2020,15616.0,981632.0,0.35459,1.067965,LBN,350300
9909718,125,6518,1995,,,-0.683329,-1.058242,LBR,350300
9909719,125,6518,1996,,,-0.6975779999999999,-1.0896290000000002,LBR,350300
9909720,125,6518,1997,,,-0.468764,-1.087005,LBR,350300
9909721,125,6518,1998,,,-0.41130600000000006,-1.096049,LBR,350300
9909722,125,6518,1999,,,0.08996799999999999,-1.014859,LBR,350300
9909723,125,6518,2000,,,-0.603775,-1.132357,LBR,350300
9909724,125,6518,2001,0.0,1250.0,-0.49036,-1.126565,LBR,350300
9909725,125,6518,2002,,,-0.508416,-1.121658,LBR,350300
9909726,125,6518,2003,0.0,1492.0,0.026117,-1.03888,LBR,350300
9909727,125,6518,2004,0.0,1048.0,0.016191,-1.070051,LBR,350300
9909728,125,6518,2005,0.0,2513.0,-0.6951890000000001,-1.101651,LBR,350300
9909729,125,6518,2006,,,-0.679188,-1.0969389999999999,LBR,350300
9909730,125,6518,2007,,,-0.866643,-1.124112,LBR,350300
9909731,125,6518,2008,0.0,2330.0,-0.20785900000000002,-0.9568030000000001,LBR,350300
9909732,125,6518,2009,,,-0.07508,-0.994632,LBR,350300
9909733,125,6518,2010,0.0,5317.0,-0.527834,-1.045908,LBR,350300
9909734,125,6518,2011,0.0,11324.0,-0.318463,-0.9367489999999999,LBR,350300
9909735,125,6518,2012,0.0,10298.0,-0.699557,-1.083059,LBR,350300
9909736,125,6518,2013,0.0,7499.0,-0.41869399999999996,-0.9538770000000001,LBR,350300
9909737,125,6518,2014,0.0,12581.0,-1.016828,-1.107983,LBR,350300
9909738,125,6518,2015,0.0,87569.0,-1.087459,-1.195708,LBR,350300
9909739,125,6518,2016,0.0,10203.0,-0.870345,-1.113277,LBR,350300
9909740,125,6518,2017,0.0,21902.0,-0.355064,-0.977613,LBR,350300
9909741,125,6518,2018,,,-1.022881,-1.124718,LBR,350300
9909742,125,6518,2019,0.0,10324.0,-1.288568,-1.172395,LBR,350300
9909743,125,6518,2020,0.0,2630.0,-1.614715,-1.185446,LBR,350300
9909744,126,6518,1995,0.0,4841.0,-0.353547,-1.019464,LBY,350300
9909745,126,6518,1996,0.0,3617.0,-0.588489,-1.138552,LBY,350300
9909746,126,6518,1997,0.0,23403.0,-0.49745600000000006,-1.126254,LBY,350300
9909747,126,6518,1998,0.0,35884.0,-0.303379,-1.1347180000000001,LBY,350300
9909748,126,6518,1999,0.0,55400.0,-0.269375,-1.145758,LBY,350300
9909749,126,6518,2000,,,-0.49665200000000004,-1.130641,LBY,350300
9909750,126,6518,2001,0.0,2639.0,-0.9321459999999999,-1.198124,LBY,350300
9909751,126,6518,2002,0.0,8418.0,-0.568615,-1.172261,LBY,350300
9909752,126,6518,2003,,,-0.36075999999999997,-1.110575,LBY,350300
9909753,126,6518,2004,,,-0.42119700000000004,-1.179463,LBY,350300
9909754,126,6518,2005,0.0,8212.0,-0.159698,-1.126737,LBY,350300
9909755,126,6518,2006,0.0,4624.0,-0.518724,-1.142074,LBY,350300
9909756,126,6518,2007,0.0,25494.0,-0.8669959999999999,-1.167363,LBY,350300
9909757,126,6518,2008,70000.0,9110.0,-1.156353,-1.133716,LBY,350300
9909758,126,6518,2009,0.0,63238.0,-1.196032,-1.1829,LBY,350300
9909759,126,6518,2010,0.0,41808.0,-0.706491,-1.140822,LBY,350300
9909760,126,6518,2011,,,-1.680464,-1.148511,LBY,350300
9909761,126,6518,2012,0.0,18533.0,-3.1086240000000003,-1.185131,LBY,350300
9909762,126,6518,2013,0.0,52200.0,-1.6241459999999999,-1.1817950000000002,LBY,350300
9909763,126,6518,2014,0.0,40129.0,-1.5943829999999999,-1.189961,LBY,350300
9909764,126,6518,2015,0.0,57538.0,-1.3257219999999998,-1.260453,LBY,350300
9909765,126,6518,2016,0.0,7894.0,-1.021925,-1.2316790000000002,LBY,350300
9909766,126,6518,2017,0.0,93068.0,-1.156635,-1.212561,LBY,350300
9909767,126,6518,2018,0.0,24378.0,-1.608786,-1.231101,LBY,350300
9909768,126,6518,2019,,,-1.552842,-1.2316690000000001,LBY,350300
9909769,126,6518,2020,0.0,15799.0,-1.0431840000000001,-1.187957,LBY,350300
9909770,127,6518,1995,0.0,21577.0,0.194177,-0.359444,LCA,350300
9909771,127,6518,1996,0.0,3422.0,0.016224000000000002,-0.664312,LCA,350300
9909772,127,6518,1997,,,-0.148373,-0.516139,LCA,350300
9909773,127,6518,1998,,,-0.056641,-0.672786,LCA,350300
9909774,127,6518,1999,0.0,901.0,-0.129026,-0.630046,LCA,350300
9909775,127,6518,2000,,,0.025498,-0.599171,LCA,350300
9909776,127,6518,2001,,,0.004518,-0.5326770000000001,LCA,350300
9909777,127,6518,2002,,,0.14441700000000002,-0.38146599999999997,LCA,350300
9909778,127,6518,2003,,,0.318385,-0.342679,LCA,350300
9909779,127,6518,2004,0.0,32583.0,0.233152,-0.351169,LCA,350300
9909780,127,6518,2005,,,0.795038,-0.40244,LCA,350300
9909781,127,6518,2006,0.0,2451.0,1.118348,-0.17618,LCA,350300
9909782,127,6518,2007,0.0,3694.0,0.7445430000000001,-0.187834,LCA,350300
9909783,127,6518,2008,,,0.42267899999999997,0.005129,LCA,350300
9909784,127,6518,2009,,,0.34839699999999996,-0.531658,LCA,350300
9909785,127,6518,2010,0.0,4037.0,0.446162,-0.279229,LCA,350300
9909786,127,6518,2011,0.0,7124.0,0.639295,-0.17407999999999998,LCA,350300
9909787,127,6518,2012,0.0,3052.0,0.526261,-0.10413199999999999,LCA,350300
9909788,127,6518,2013,0.0,3654.0,0.265129,-0.5083949999999999,LCA,350300
9909789,127,6518,2014,0.0,1139.0,0.29035500000000003,-0.603541,LCA,350300
9909790,127,6518,2015,,,0.5410590000000001,-0.484234,LCA,350300
9909791,127,6518,2016,0.0,2130.0,0.397746,-0.405285,LCA,350300
9909792,127,6518,2017,0.0,1143.0,0.458896,-0.149195,LCA,350300
9909793,127,6518,2018,0.0,2218.0,0.18656,-0.143406,LCA,350300
9909794,127,6518,2019,0.0,1908.0,0.21145,-0.08792699999999999,LCA,350300
9909795,127,6518,2020,,,0.044785000000000005,-0.59519,LCA,350300
9909796,128,6518,1995,41098.0,1392570.0,-0.8358030000000001,-0.29397199999999996,LKA,350300
9909797,128,6518,1996,41553.0,746598.0,-0.812763,-0.188722,LKA,350300
9909798,128,6518,1997,286194.0,1023492.0,-0.925745,-0.308559,LKA,350300
9909799,128,6518,1998,102524.0,1273702.0,-0.933293,-0.233566,LKA,350300
9909800,128,6518,1999,3678.0,731964.0,-0.8875649999999999,-0.059249,LKA,350300
9909801,128,6518,2000,2964.0,1542567.0,-0.8783549999999999,-0.074326,LKA,350300
9909802,128,6518,2001,7866.0,1750026.0,-0.722434,-0.033818,LKA,350300
9909803,128,6518,2002,6961.0,955516.0,-0.740927,0.023171,LKA,350300
9909804,128,6518,2003,924.0,981098.0,-0.618057,0.101931,LKA,350300
9909805,128,6518,2004,904.0,1138996.0,-0.658668,0.21912600000000002,LKA,350300
9909806,128,6518,2005,0.0,1262517.0,-0.718592,0.22666,LKA,350300
9909807,128,6518,2006,2959.0,1742267.0,-0.573767,0.305913,LKA,350300
9909808,128,6518,2007,8088.0,1333047.0,-0.568577,0.364717,LKA,350300
9909809,128,6518,2008,3723.0,1494956.0,-0.48245200000000005,0.295892,LKA,350300
9909810,128,6518,2009,6512.0,2214409.0,-0.653836,0.174403,LKA,350300
9909811,128,6518,2010,4128.0,2541986.0,-0.70886,0.25216700000000003,LKA,350300
9909812,128,6518,2011,6062.0,2882933.0,-0.559311,0.398905,LKA,350300
9909813,128,6518,2012,10278.0,3517574.0,-0.49648100000000006,0.48185200000000006,LKA,350300
9909814,128,6518,2013,8142.0,3417402.0,-0.6521779999999999,0.41258599999999995,LKA,350300
9909815,128,6518,2014,12888.0,4503002.0,-0.49366899999999997,0.338686,LKA,350300
9909816,128,6518,2015,16147.0,4747494.0,-0.6773399999999999,0.386343,LKA,350300
9909817,128,6518,2016,52954.0,5724044.0,-0.562869,0.49937,LKA,350300
9909818,128,6518,2017,7004.0,4552163.0,-0.46442799999999995,0.472132,LKA,350300
9909819,128,6518,2018,3004.0,3816643.0,-0.544504,0.41074099999999997,LKA,350300
9909820,128,6518,2019,32219.0,3962679.0,-0.592952,0.394811,LKA,350300
9909821,128,6518,2020,99234.0,4975113.0,-0.48448599999999997,0.5495220000000001,LKA,350300
9909822,129,6518,1995,,,,,LSO,350300
9909823,129,6518,1996,,,,,LSO,350300
9909824,129,6518,1997,,,,,LSO,350300
9909825,129,6518,1998,,,,,LSO,350300
9909826,129,6518,1999,,,,,LSO,350300
9909827,129,6518,2000,,,-0.8855850000000001,-0.9470620000000001,LSO,350300
9909828,129,6518,2001,0.0,8588.0,-0.786499,-0.7595729999999999,LSO,350300
9909829,129,6518,2002,,,-1.342265,-1.057032,LSO,350300
9909830,129,6518,2003,0.0,2663.0,-1.405425,-1.046031,LSO,350300
9909831,129,6518,2004,,,-1.343146,-1.041126,LSO,350300
9909832,129,6518,2005,,,-1.8343599999999998,-1.077212,LSO,350300
9909833,129,6518,2006,,,-1.006497,-0.957676,LSO,350300
9909834,129,6518,2007,,,-0.122333,-0.7552439999999999,LSO,350300
9909835,129,6518,2008,,,-0.9549120000000001,-0.987166,LSO,350300
9909836,129,6518,2009,0.0,13272.0,-1.446041,-1.102158,LSO,350300
9909837,129,6518,2010,,,-0.7534529999999999,-0.759605,LSO,350300
9909838,129,6518,2011,,,-0.868226,-0.764548,LSO,350300
9909839,129,6518,2012,0.0,4558.0,-0.579926,-0.732004,LSO,350300
9909840,129,6518,2013,0.0,2503.0,-0.7396689999999999,-0.696625,LSO,350300
9909841,129,6518,2014,0.0,7757.0,-0.59647,-0.58713,LSO,350300
9909842,129,6518,2015,0.0,1567.0,-0.910168,-0.870865,LSO,350300
9909843,129,6518,2016,0.0,2806.0,-0.891036,-0.807709,LSO,350300
9909844,129,6518,2017,0.0,4674.0,-0.955398,-0.824111,LSO,350300
9909845,129,6518,2018,0.0,3968.0,-0.413303,-0.46411899999999995,LSO,350300
9909846,129,6518,2019,0.0,4913.0,-0.905482,-0.69457,LSO,350300
9909847,129,6518,2020,0.0,5435.0,-0.968781,-0.770512,LSO,350300
9909848,130,6518,1995,892450.0,844937.0,0.41220500000000004,0.966966,LTU,350300
9909849,130,6518,1996,1065618.0,950329.0,0.40520500000000004,0.9465950000000001,LTU,350300
9909850,130,6518,1997,1176699.0,1390428.0,0.377245,0.8823270000000001,LTU,350300
9909851,130,6518,1998,546580.0,1049801.0,0.27073,0.692656,LTU,350300
9909852,130,6518,1999,326958.0,775267.0,0.197536,0.5041899999999999,LTU,350300
9909853,130,6518,2000,479402.0,372630.0,0.22596799999999997,0.550341,LTU,350300
9909854,130,6518,2001,487781.0,936624.0,0.15706900000000001,0.416663,LTU,350300
9909855,130,6518,2002,123359.0,1379138.0,0.23102399999999998,0.586078,LTU,350300
9909856,130,6518,2003,239311.0,1799453.0,0.239608,0.517299,LTU,350300
9909857,130,6518,2004,277467.0,1323846.0,0.403568,0.632707,LTU,350300
9909858,130,6518,2005,354912.0,1122490.0,0.365698,0.8917370000000001,LTU,350300
9909859,130,6518,2006,387653.0,1750781.0,0.44063599999999997,1.163857,LTU,350300
9909860,130,6518,2007,379092.0,1695446.0,0.604169,1.279982,LTU,350300
9909861,130,6518,2008,303262.0,1466508.0,0.59033,0.961408,LTU,350300
9909862,130,6518,2009,375606.0,1286365.0,0.647736,1.150962,LTU,350300
9909863,130,6518,2010,482667.0,1223436.0,0.6390600000000001,1.144911,LTU,350300
9909864,130,6518,2011,528220.0,1422897.0,0.747963,0.9759530000000001,LTU,350300
9909865,130,6518,2012,601466.0,1332869.0,0.771482,1.000405,LTU,350300
9909866,130,6518,2013,800591.0,1807889.0,0.737796,1.215543,LTU,350300
9909867,130,6518,2014,603707.0,1873774.0,0.764495,1.3451540000000002,LTU,350300
9909868,130,6518,2015,640338.0,1983777.0,0.749429,1.3659860000000001,LTU,350300
9909869,130,6518,2016,745408.0,2250384.0,0.706929,1.419432,LTU,350300
9909870,130,6518,2017,1172354.0,2686889.0,0.855858,1.447717,LTU,350300
9909871,130,6518,2018,1085013.0,2552552.0,0.964249,1.4050200000000002,LTU,350300
9909872,130,6518,2019,791991.0,2110076.0,0.858456,1.364581,LTU,350300
9909873,130,6518,2020,916226.0,2331096.0,0.9772870000000001,1.291244,LTU,350300
9909874,131,6518,1995,,,,,LUX,350300
9909875,131,6518,1996,,,,,LUX,350300
9909876,131,6518,1997,,,,,LUX,350300
9909877,131,6518,1998,,,,,LUX,350300
9909878,131,6518,1999,43985.0,245303.0,1.499745,1.142951,LUX,350300
9909879,131,6518,2000,4380.0,295979.0,1.331688,1.130817,LUX,350300
9909880,131,6518,2001,123997.0,278218.0,1.470895,1.149007,LUX,350300
9909881,131,6518,2002,1040.0,224952.0,1.605378,1.152973,LUX,350300
9909882,131,6518,2003,3068.0,293299.0,1.444996,1.063764,LUX,350300
9909883,131,6518,2004,3269.0,217222.0,1.37529,1.0172649999999999,LUX,350300
9909884,131,6518,2005,44815.0,318708.0,1.399885,0.974292,LUX,350300
9909885,131,6518,2006,127869.0,240837.0,1.4345620000000001,0.8840819999999999,LUX,350300
9909886,131,6518,2007,5615.0,240203.0,1.390259,0.996566,LUX,350300
9909887,131,6518,2008,0.0,404525.0,1.39945,1.003857,LUX,350300
9909888,131,6518,2009,1002.0,375527.0,1.323336,1.026341,LUX,350300
9909889,131,6518,2010,5862.0,317649.0,1.272127,1.1051520000000001,LUX,350300
9909890,131,6518,2011,12960.0,345396.0,1.1655739999999999,1.222379,LUX,350300
9909891,131,6518,2012,10308.0,423069.0,1.131145,1.305768,LUX,350300
9909892,131,6518,2013,13121.0,536811.0,1.170459,1.150327,LUX,350300
9909893,131,6518,2014,14983.0,483313.0,1.243845,1.155474,LUX,350300
9909894,131,6518,2015,61549634.0,14464424.0,1.218924,1.247152,LUX,350300
9909895,131,6518,2016,6142054.0,6939115.0,1.340054,1.30224,LUX,350300
9909896,131,6518,2017,801578.0,9325482.0,1.24064,1.298263,LUX,350300
9909897,131,6518,2018,1088680.0,4564941.0,1.1142889999999999,1.306066,LUX,350300
9909898,131,6518,2019,1223977.0,6262801.0,1.234145,1.3754309999999998,LUX,350300
9909899,131,6518,2020,6440698.0,5130034.0,1.197655,1.432727,LUX,350300
9909900,132,6518,1995,384875.0,172251.0,0.25453400000000004,0.174809,LVA,350300
9909901,132,6518,1996,191784.0,194865.0,0.33418600000000004,0.1615,LVA,350300
9909902,132,6518,1997,405885.0,422650.0,0.398848,0.215206,LVA,350300
9909903,132,6518,1998,418846.0,373529.0,0.322473,0.388421,LVA,350300
9909904,132,6518,1999,175498.0,348200.0,0.20633600000000002,0.324171,LVA,350300
9909905,132,6518,2000,74209.0,674467.0,0.392514,0.212175,LVA,350300
9909906,132,6518,2001,66921.0,1984415.0,0.404136,0.461009,LVA,350300
9909907,132,6518,2002,65596.0,2364190.0,0.45210200000000006,0.515388,LVA,350300
9909908,132,6518,2003,39268.0,1361199.0,0.520772,0.5631689999999999,LVA,350300
9909909,132,6518,2004,63306.0,1216071.0,0.413821,0.627853,LVA,350300
9909910,132,6518,2005,63141.0,1102916.0,0.439697,0.690283,LVA,350300
9909911,132,6518,2006,35251.0,1009528.0,0.531375,0.9414170000000001,LVA,350300
9909912,132,6518,2007,262396.0,1151155.0,0.61459,0.985358,LVA,350300
9909913,132,6518,2008,177131.0,964809.0,0.655489,1.0811540000000002,LVA,350300
9909914,132,6518,2009,121230.0,856313.0,0.675643,0.99977,LVA,350300
9909915,132,6518,2010,103399.0,944453.0,0.6158170000000001,1.1401059999999998,LVA,350300
9909916,132,6518,2011,78641.0,1476155.0,0.7320939999999999,1.101321,LVA,350300
9909917,132,6518,2012,119482.0,1573135.0,0.71433,0.9376540000000001,LVA,350300
9909918,132,6518,2013,230288.0,1943373.0,0.6219439999999999,1.166749,LVA,350300
9909919,132,6518,2014,171992.0,1691446.0,0.613116,1.1899790000000001,LVA,350300
9909920,132,6518,2015,275024.0,1429058.0,0.602209,1.125357,LVA,350300
9909921,132,6518,2016,326815.0,1555088.0,0.553592,1.19865,LVA,350300
9909922,132,6518,2017,407964.0,2020315.0,0.684555,1.3208030000000002,LVA,350300
9909923,132,6518,2018,517929.0,2675015.0,0.707168,1.294297,LVA,350300
9909924,132,6518,2019,775670.0,3098540.0,0.7804300000000001,1.159592,LVA,350300
9909925,132,6518,2020,584172.0,2626678.0,0.712901,1.119907,LVA,350300
9909926,133,6518,1995,0.0,19398.0,-0.149794,-0.26961799999999997,MAC,350300
9909927,133,6518,1996,0.0,9122.0,-0.23007399999999997,-0.34139400000000003,MAC,350300
9909928,133,6518,1997,0.0,57895.0,-0.238002,-0.361492,MAC,350300
9909929,133,6518,1998,0.0,42652.0,-0.21838000000000002,-0.370322,MAC,350300
9909930,133,6518,1999,0.0,21492.0,-0.365239,-0.380913,MAC,350300
9909931,133,6518,2000,0.0,43340.0,-0.370575,-0.47639499999999996,MAC,350300
9909932,133,6518,2001,0.0,40915.0,-0.608406,-0.521662,MAC,350300
9909933,133,6518,2002,1795.0,31755.0,-0.360172,-0.359367,MAC,350300
9909934,133,6518,2003,0.0,46482.0,-0.294516,-0.413828,MAC,350300
9909935,133,6518,2004,2960.0,276861.0,-0.351045,-0.487521,MAC,350300
9909936,133,6518,2005,0.0,342746.0,-0.218324,-0.329027,MAC,350300
9909937,133,6518,2006,0.0,252706.0,-0.07118200000000001,-0.228354,MAC,350300
9909938,133,6518,2007,4875.0,371131.0,0.168528,-0.150411,MAC,350300
9909939,133,6518,2008,10409.0,214075.0,0.352633,0.219317,MAC,350300
9909940,133,6518,2009,39238.0,266356.0,0.450395,0.6237739999999999,MAC,350300
9909941,133,6518,2010,4899.0,424798.0,0.545755,0.492997,MAC,350300
9909942,133,6518,2011,0.0,252378.0,0.511015,0.560905,MAC,350300
9909943,133,6518,2012,0.0,206349.0,0.659177,0.583923,MAC,350300
9909944,133,6518,2013,0.0,210884.0,0.252209,0.184401,MAC,350300
9909945,133,6518,2014,5793.0,410436.0,0.704535,0.5856140000000001,MAC,350300
9909946,133,6518,2015,2950.0,202083.0,0.296288,0.32009499999999996,MAC,350300
9909947,133,6518,2016,0.0,385266.0,0.534935,0.185542,MAC,350300
9909948,133,6518,2017,0.0,229133.0,0.264006,-0.11028099999999999,MAC,350300
9909949,133,6518,2018,0.0,462818.0,0.44520299999999996,0.042491,MAC,350300
9909950,133,6518,2019,3335.0,412904.0,0.397984,-0.061689,MAC,350300
9909951,133,6518,2020,0.0,264909.0,0.464354,0.020065,MAC,350300
9909952,134,6518,1995,23114.0,1392155.0,-0.6481210000000001,-0.22345,MAR,350300
9909953,134,6518,1996,21045.0,1026070.0,-0.67314,-0.241242,MAR,350300
9909954,134,6518,1997,0.0,941636.0,-0.649616,-0.260554,MAR,350300
9909955,134,6518,1998,5284.0,865054.0,-0.7299479999999999,-0.23758200000000002,MAR,350300
9909956,134,6518,1999,26955.0,1034332.0,-0.659053,-0.142104,MAR,350300
9909957,134,6518,2000,0.0,692679.0,-0.664836,-0.282415,MAR,350300
9909958,134,6518,2001,5622.0,633256.0,-0.75275,-0.280397,MAR,350300
9909959,134,6518,2002,14340.0,647973.0,-0.810467,-0.34807899999999997,MAR,350300
9909960,134,6518,2003,10197.0,909932.0,-0.6842050000000001,-0.217892,MAR,350300
9909961,134,6518,2004,0.0,882871.0,-0.681556,-0.152372,MAR,350300
9909962,134,6518,2005,59071.0,921381.0,-0.617355,-0.129666,MAR,350300
9909963,134,6518,2006,7478.0,663985.0,-0.547933,0.08257300000000001,MAR,350300
9909964,134,6518,2007,0.0,825952.0,-0.5846560000000001,0.10927100000000001,MAR,350300
9909965,134,6518,2008,0.0,1278261.0,-0.505734,-0.000516,MAR,350300
9909966,134,6518,2009,0.0,1130962.0,-0.48819300000000004,0.173952,MAR,350300
9909967,134,6518,2010,1405.0,1240942.0,-0.5935229999999999,-0.056497000000000006,MAR,350300
9909968,134,6518,2011,0.0,2579862.0,-0.485404,0.099828,MAR,350300
9909969,134,6518,2012,4512.0,3237419.0,-0.536297,-0.018561,MAR,350300
9909970,134,6518,2013,16178.0,4216873.0,-0.6494260000000001,-0.035075999999999996,MAR,350300
9909971,134,6518,2014,3745.0,3592713.0,-0.574034,0.065788,MAR,350300
9909972,134,6518,2015,16268.0,3202690.0,-0.7554810000000001,-0.059697,MAR,350300
9909973,134,6518,2016,13271.0,3646077.0,-0.772795,-0.206511,MAR,350300
9909974,134,6518,2017,206124.0,2633596.0,-0.757236,-0.065347,MAR,350300
9909975,134,6518,2018,11297.0,1733468.0,-0.712775,-0.090013,MAR,350300
9909976,134,6518,2019,51015.0,2312793.0,-0.747739,-0.154125,MAR,350300
9909977,134,6518,2020,14642.0,1929865.0,-0.5208510000000001,-0.080499,MAR,350300
9909978,135,6518,1995,39176.0,51034.0,0.394058,0.124474,MDA,350300
9909979,135,6518,1996,21745.0,171967.0,0.198427,0.026004000000000003,MDA,350300
9909980,135,6518,1997,32498.0,107271.0,0.148579,-0.334685,MDA,350300
9909981,135,6518,1998,11147.0,133098.0,-0.112783,-0.276584,MDA,350300
9909982,135,6518,1999,61118.0,66616.0,-0.16408,-0.08062000000000001,MDA,350300
9909983,135,6518,2000,0.0,155964.0,0.069239,0.02855,MDA,350300
9909984,135,6518,2001,0.0,187827.0,-0.024822,-0.15323399999999998,MDA,350300
9909985,135,6518,2002,0.0,219114.0,-0.186001,-0.141598,MDA,350300
9909986,135,6518,2003,0.0,533785.0,-0.005154,-0.26107199999999997,MDA,350300
9909987,135,6518,2004,0.0,522718.0,-0.155523,-0.355142,MDA,350300
9909988,135,6518,2005,0.0,707371.0,-0.10179400000000001,-0.152093,MDA,350300
9909989,135,6518,2006,0.0,271221.0,-0.017707,0.135305,MDA,350300
9909990,135,6518,2007,78363.0,383418.0,0.147801,0.13758299999999998,MDA,350300
9909991,135,6518,2008,1737.0,416284.0,0.096913,-0.095718,MDA,350300
9909992,135,6518,2009,0.0,428512.0,0.009281999999999999,-0.039299,MDA,350300
9909993,135,6518,2010,2938.0,507638.0,-0.116797,0.037801,MDA,350300
9909994,135,6518,2011,2741.0,345796.0,-0.225556,0.28622,MDA,350300
9909995,135,6518,2012,0.0,370950.0,0.025301,0.36205,MDA,350300
9909996,135,6518,2013,15948.0,593247.0,-0.016235,0.132104,MDA,350300
9909997,135,6518,2014,20880.0,474687.0,-0.10438199999999999,-0.093194,MDA,350300
9909998,135,6518,2015,18138.0,519395.0,-0.313837,-0.20393,MDA,350300
