1769999,121,90,8,1996.0,15980768.0,8895722.0,1.230793,1.0548959999999998,KOR,GRC,8
1770000,121,90,8,1997.0,15030908.0,4133271.0,1.2642,1.164231,KOR,GRC,8
1770001,121,90,8,1998.0,13949846.0,1138422.0,1.129848,1.117799,KOR,GRC,8
1770002,121,90,8,1995.0,15320374.0,1719634.0,1.04025,1.105256,KOR,GRC,8
1770003,121,90,8,2002.0,14663978.0,2360830.0,1.4172719999999999,0.8763139999999999,KOR,GRC,8
1770004,121,90,8,2003.0,17454105.0,1993176.0,1.367322,0.826994,KOR,GRC,8
1770005,121,90,8,1976.0,357941.0,545.0,0.8379049999999999,0.991268,KOR,GRC,8
1770006,121,90,8,1978.0,1075203.0,1071.0,0.911078,1.141166,KOR,GRC,8
1770007,121,90,8,1979.0,2424510.0,0.0,0.878292,1.254742,KOR,GRC,8
1770008,121,90,8,1980.0,1937069.0,2056.0,0.9213110000000001,1.38155,KOR,GRC,8
1770009,121,90,8,1981.0,4487472.0,9979.0,0.998975,1.244219,KOR,GRC,8
1770010,121,90,8,1982.0,3550536.0,14827.0,0.915739,1.2858379999999998,KOR,GRC,8
1770011,121,90,8,1983.0,2115895.0,8674.0,0.966398,1.477349,KOR,GRC,8
1770012,121,90,8,1984.0,1742966.0,4796.0,0.983016,1.328462,KOR,GRC,8
1770013,121,90,8,1985.0,2671728.0,5260.0,0.985474,1.260622,KOR,GRC,8
1770014,121,90,8,1986.0,4819168.0,415880.0,1.094639,1.359351,KOR,GRC,8
1770015,121,90,8,1987.0,13821987.0,2457060.0,0.941865,1.2841420000000001,KOR,GRC,8
1770016,121,90,8,1988.0,19089294.0,166645.0,0.924156,1.228111,KOR,GRC,8
1770017,121,90,8,1989.0,25789724.0,246511.0,0.8271719999999999,1.272148,KOR,GRC,8
1770018,121,90,8,1990.0,27263754.0,21945.0,0.9673940000000001,1.234911,KOR,GRC,8
1770019,121,90,8,1991.0,24439807.0,55321.0,0.820436,1.14649,KOR,GRC,8
1770020,121,90,8,1993.0,17387920.0,146176.0,0.8651120000000001,1.184459,KOR,GRC,8
1770021,121,90,8,1994.0,12395064.0,221447.0,1.045089,1.294125,KOR,GRC,8
1770022,121,90,8,1972.0,87539.0,1337.0,0.9295950000000001,0.838656,KOR,GRC,8
1770023,121,90,8,1975.0,160499.0,22965.0,0.913997,1.2467110000000001,KOR,GRC,8
1770024,121,90,8,1977.0,824907.0,2004.0,0.8689889999999999,0.9320430000000001,KOR,GRC,8
1770025,121,90,8,1973.0,111971.0,0.0,0.9024,0.9399770000000001,KOR,GRC,8
1770026,121,90,8,1974.0,133991.0,19813.0,0.908618,1.274666,KOR,GRC,8
1770027,121,90,8,1968.0,5844.0,0.0,0.992735,0.683944,KOR,GRC,8
1770028,121,90,8,1969.0,2940.0,0.0,0.9338129999999999,0.579518,KOR,GRC,8
1770029,121,90,8,1970.0,17847.0,0.0,0.89751,0.5277430000000001,KOR,GRC,8
1770030,121,90,8,1971.0,21013.0,0.0,0.804658,0.44236899999999996,KOR,GRC,8
1770031,121,90,8,1965.0,2438.0,0.0,1.067647,0.8054560000000001,KOR,GRC,8
1770032,121,90,8,1966.0,3419.0,0.0,0.902755,0.5558930000000001,KOR,GRC,8
1770033,121,90,8,1967.0,17423.0,0.0,1.0072450000000002,0.835391,KOR,GRC,8
1770034,122,90,8,2011.0,5229.0,2862859.0,-1.573017,-1.110403,KWT,GRC,8
1770035,122,90,8,2017.0,0.0,4818110.0,-0.264903,-1.112018,KWT,GRC,8
1770036,122,90,8,2018.0,14554.0,4465869.0,-0.790523,-1.136525,KWT,GRC,8
1770037,122,90,8,2020.0,0.0,2796708.0,-0.406507,-1.101484,KWT,GRC,8
1770038,122,90,8,2013.0,1527.0,4103838.0,-1.198985,-1.057248,KWT,GRC,8
1770039,122,90,8,2014.0,2127.0,4730644.0,-1.2601069999999999,-1.0929360000000001,KWT,GRC,8
1770040,122,90,8,2015.0,3533.0,3125522.0,-0.503316,-1.1239270000000001,KWT,GRC,8
1770041,122,90,8,2016.0,5077.0,4352414.0,-0.401,-1.102991,KWT,GRC,8
1770042,122,90,8,2019.0,20847.0,3736889.0,-0.794754,-1.160744,KWT,GRC,8
1770043,122,90,8,1972.0,0.0,259465.0,-0.289134,-0.481387,KWT,GRC,8
1770044,122,90,8,1974.0,232.0,541587.0,-1.229384,-0.516463,KWT,GRC,8
1770045,122,90,8,1975.0,5105.0,881047.0,-0.828982,-0.478314,KWT,GRC,8
1770046,122,90,8,1988.0,0.0,1501221.0,0.541787,-0.604746,KWT,GRC,8
1770047,122,90,8,2000.0,5976.0,582394.0,-0.825533,-1.190257,KWT,GRC,8
1770048,122,90,8,2003.0,8691.0,906320.0,-0.778302,-1.194609,KWT,GRC,8
1770049,122,90,8,2004.0,14269.0,1027089.0,-0.8195479999999999,-1.2105709999999998,KWT,GRC,8
1770050,122,90,8,2006.0,95544.0,3261409.0,-1.506818,-1.193717,KWT,GRC,8
1770051,122,90,8,2007.0,22385.0,2828657.0,-2.233001,-1.204879,KWT,GRC,8
1770052,122,90,8,2008.0,331679.0,3122381.0,-2.695878,-1.166774,KWT,GRC,8
1770053,122,90,8,2009.0,185799.0,2356916.0,-1.6570610000000001,-1.1874639999999999,KWT,GRC,8
1770054,122,90,8,2010.0,7567.0,2484869.0,0.19048900000000002,-0.994663,KWT,GRC,8
1770055,122,90,8,1973.0,322.0,449358.0,-0.605262,-0.5644600000000001,KWT,GRC,8
1770056,122,90,8,1987.0,2015.0,2034138.0,-0.225444,-0.834577,KWT,GRC,8
1770057,122,90,8,1989.0,29567.0,1502094.0,0.628386,-0.581218,KWT,GRC,8
1770058,122,90,8,1990.0,24692.0,780196.0,-0.7751899999999999,-0.9510629999999999,KWT,GRC,8
1770059,122,90,8,2002.0,13811.0,457430.0,-0.794007,-1.192659,KWT,GRC,8
1770060,122,90,8,1971.0,0.0,235347.0,-0.589441,-0.5007699999999999,KWT,GRC,8
1770061,122,90,8,1994.0,629732.0,1227816.0,-0.350592,-1.020548,KWT,GRC,8
1770062,122,90,8,2012.0,2075.0,3725704.0,-1.130729,-1.083905,KWT,GRC,8
1770063,122,90,8,1978.0,140299.0,2835910.0,-0.386768,-0.618119,KWT,GRC,8
1770064,122,90,8,1999.0,3997.0,924852.0,-0.48948100000000005,-1.190151,KWT,GRC,8
1770065,122,90,8,1993.0,447246.0,1747339.0,-1.866697,-1.118087,KWT,GRC,8
1770066,122,90,8,2001.0,54818.0,1383792.0,-0.695801,-1.225701,KWT,GRC,8
1770067,122,90,8,1970.0,0.0,183024.0,-0.602178,-0.521933,KWT,GRC,8
1770068,122,90,8,1976.0,6567528.0,2334591.0,-0.062294,-0.453298,KWT,GRC,8
1770069,122,90,8,1979.0,1276.0,2696832.0,0.230348,-0.499978,KWT,GRC,8
1770070,122,90,8,1980.0,0.0,2429948.0,0.48998,-0.365321,KWT,GRC,8
1770071,122,90,8,1981.0,555510.0,2680543.0,0.486796,-0.223627,KWT,GRC,8
1770072,122,90,8,1982.0,0.0,1952540.0,0.8908020000000001,-0.148649,KWT,GRC,8
1770073,122,90,8,1983.0,0.0,1963262.0,0.880077,-0.097704,KWT,GRC,8
1770074,122,90,8,1984.0,16841.0,2374666.0,0.34326599999999996,-0.516575,KWT,GRC,8
1770075,122,90,8,1991.0,3362.0,399939.0,0.686713,-0.77556,KWT,GRC,8
1770076,122,90,8,1992.0,0.0,1074291.0,-1.2360950000000002,-1.061771,KWT,GRC,8
1770077,122,90,8,2005.0,1830.0,881294.0,-0.328865,-1.12814,KWT,GRC,8
1770078,122,90,8,1967.0,0.0,32247.0,-1.324653,-0.428122,KWT,GRC,8
1770079,122,90,8,1968.0,0.0,79181.0,-1.2088969999999999,-0.480887,KWT,GRC,8
1770080,122,90,8,1969.0,0.0,93874.0,-1.104334,-0.523075,KWT,GRC,8
1770081,122,90,8,1985.0,4433.0,3131815.0,0.317069,-0.616527,KWT,GRC,8
1770082,122,90,8,1986.0,0.0,2676214.0,0.180106,-0.7305659999999999,KWT,GRC,8
1770083,122,90,8,1995.0,203768.0,998609.0,-0.6521020000000001,-1.083636,KWT,GRC,8
1770084,122,90,8,1996.0,0.0,458152.0,-0.412797,-1.1335899999999999,KWT,GRC,8
1770085,122,90,8,1997.0,2203987.0,962133.0,-1.0192139999999998,-1.193627,KWT,GRC,8
1770086,122,90,8,1998.0,16259.0,912148.0,-0.480896,-1.159556,KWT,GRC,8
1770087,122,90,8,1962.0,0.0,18458.0,-1.262043,-0.332635,KWT,GRC,8
1770088,122,90,8,1964.0,0.0,24694.0,-1.1805219999999998,-0.355423,KWT,GRC,8
1770089,122,90,8,1966.0,0.0,19440.0,-1.275245,-0.429989,KWT,GRC,8
1770090,122,90,8,1963.0,0.0,14330.0,-1.418387,-0.334219,KWT,GRC,8
1770091,122,90,8,1965.0,0.0,19073.0,-1.191132,-0.346238,KWT,GRC,8
1770092,122,90,8,1977.0,2470.0,3164954.0,-0.178481,-0.48500200000000004,KWT,GRC,8
1770093,123,90,8,2020.0,69891.0,0.0,-0.48790900000000004,-0.49577299999999996,LAO,GRC,8
1770094,123,90,8,2019.0,113087.0,0.0,-0.632189,-0.493771,LAO,GRC,8
1770095,123,90,8,2007.0,166583.0,0.0,-0.665733,-0.843865,LAO,GRC,8
1770096,123,90,8,2014.0,521834.0,0.0,-0.924599,-0.7456430000000001,LAO,GRC,8
1770097,123,90,8,2016.0,0.0,4315.0,-0.8350559999999999,-0.660756,LAO,GRC,8
1770098,123,90,8,2013.0,954064.0,0.0,-0.907169,-0.587529,LAO,GRC,8
1770099,123,90,8,2017.0,146868.0,0.0,-0.733135,-0.482756,LAO,GRC,8
1770100,123,90,8,2005.0,367742.0,0.0,-0.9770209999999999,-0.846398,LAO,GRC,8
1770101,123,90,8,2008.0,190061.0,0.0,-0.778971,-0.796859,LAO,GRC,8
1770102,123,90,8,1994.0,166849.0,0.0,-1.05472,-1.102803,LAO,GRC,8
1770103,123,90,8,1997.0,35821.0,0.0,-0.81187,-0.851834,LAO,GRC,8
1770104,123,90,8,1998.0,130612.0,0.0,-0.9498040000000001,-1.149933,LAO,GRC,8
1770105,123,90,8,1999.0,270819.0,0.0,-1.13645,-1.191227,LAO,GRC,8
1770106,123,90,8,2000.0,121025.0,0.0,-1.057474,-1.15404,LAO,GRC,8
1770107,123,90,8,2001.0,367749.0,0.0,-0.922693,-1.056163,LAO,GRC,8
1770108,123,90,8,2003.0,235718.0,0.0,-1.091904,-1.083515,LAO,GRC,8
1770109,123,90,8,2004.0,255297.0,0.0,-0.9964770000000001,-0.9475,LAO,GRC,8
1770110,123,90,8,2002.0,261126.0,0.0,-0.990957,-1.111048,LAO,GRC,8
1770111,123,90,8,2006.0,216060.0,0.0,-0.8422700000000001,-1.000073,LAO,GRC,8
1770112,123,90,8,1992.0,166894.0,0.0,-1.03711,-1.114235,LAO,GRC,8
1770113,124,90,8,1997.0,357154.0,3068307.0,0.28229299999999996,1.0650549999999999,LBN,GRC,8
1770114,124,90,8,2019.0,468677.0,7541973.0,0.256774,1.053684,LBN,GRC,8
1770115,124,90,8,2001.0,922026.0,3824809.0,0.09267,0.97731,LBN,GRC,8
1770116,124,90,8,2003.0,1452401.0,3800889.0,0.202033,1.115168,LBN,GRC,8
1770117,124,90,8,1998.0,580270.0,3604394.0,0.246773,1.1761110000000001,LBN,GRC,8
1770118,124,90,8,2000.0,414206.0,3061545.0,0.139623,1.095387,LBN,GRC,8
1770119,124,90,8,1962.0,8970.0,83865.0,-0.377384,-0.554077,LBN,GRC,8
1770120,124,90,8,1963.0,0.0,135251.0,-0.005640999999999999,-0.196866,LBN,GRC,8
1770121,124,90,8,1964.0,0.0,107840.0,0.262315,0.074543,LBN,GRC,8
1770122,124,90,8,1965.0,11125.0,97890.0,0.36086,0.44592200000000004,LBN,GRC,8
1770123,124,90,8,1966.0,48563.0,116667.0,0.16389700000000001,0.208279,LBN,GRC,8
1770124,124,90,8,1967.0,99954.0,95531.0,0.576756,1.1986299999999999,LBN,GRC,8
1770125,124,90,8,1968.0,106322.0,143679.0,0.7129770000000001,1.136677,LBN,GRC,8
1770126,124,90,8,1969.0,54633.0,214751.0,0.811828,1.4371120000000002,LBN,GRC,8
1770127,124,90,8,1970.0,46411.0,189926.0,0.6809149999999999,1.449958,LBN,GRC,8
1770128,124,90,8,1971.0,37295.0,312577.0,0.6515989999999999,1.542378,LBN,GRC,8
1770129,124,90,8,1972.0,43004.0,594010.0,0.729617,1.621214,LBN,GRC,8
1770130,124,90,8,1973.0,47167.0,722885.0,0.785196,1.4693040000000002,LBN,GRC,8
1770131,124,90,8,1974.0,31169.0,1960414.0,0.828751,1.5832,LBN,GRC,8
1770132,124,90,8,1975.0,23028.0,1864983.0,0.853938,1.86267,LBN,GRC,8
1770133,124,90,8,1977.0,22779.0,3124866.0,0.826234,1.3998190000000001,LBN,GRC,8
1770134,124,90,8,1999.0,622632.0,2411297.0,0.17613299999999998,1.226906,LBN,GRC,8
1770135,124,90,8,2002.0,2056153.0,3422742.0,0.220906,1.470297,LBN,GRC,8
1770136,124,90,8,2006.0,991894.0,4051327.0,0.450113,1.7365119999999998,LBN,GRC,8
1770137,124,90,8,2007.0,1090023.0,4720613.0,0.48926099999999995,1.876312,LBN,GRC,8
1770138,124,90,8,2008.0,1020429.0,5968185.0,0.493317,1.691109,LBN,GRC,8
1770139,124,90,8,2010.0,1171879.0,6093253.0,0.47957,1.519688,LBN,GRC,8
1770140,124,90,8,2011.0,418890.0,5748568.0,0.388666,1.430916,LBN,GRC,8
1770141,124,90,8,2013.0,239897.0,7798774.0,0.37392800000000004,1.413136,LBN,GRC,8
1770142,124,90,8,2014.0,936448.0,8095746.0,0.32006799999999996,1.666039,LBN,GRC,8
1770143,124,90,8,2015.0,444565.0,7754345.0,0.362644,1.321749,LBN,GRC,8
1770144,124,90,8,2017.0,880747.0,8944297.0,0.437192,1.027289,LBN,GRC,8
1770145,124,90,8,2018.0,979996.0,8267663.0,0.37832899999999997,1.077452,LBN,GRC,8
1770146,124,90,8,2020.0,669212.0,2891780.0,0.328701,1.123664,LBN,GRC,8
1770147,124,90,8,2012.0,395549.0,8116082.0,0.36778099999999997,1.3771010000000001,LBN,GRC,8
1770148,124,90,8,2009.0,926130.0,5564826.0,0.5290159999999999,1.462026,LBN,GRC,8
1770149,124,90,8,2004.0,3004682.0,4322409.0,0.269753,1.3152979999999999,LBN,GRC,8
1770150,124,90,8,2005.0,647421.0,4473460.0,0.356404,1.618265,LBN,GRC,8
1770151,124,90,8,2016.0,1005062.0,8855547.0,0.385417,1.139648,LBN,GRC,8
1770152,124,90,8,1996.0,425160.0,3427292.0,-0.09233999999999999,0.127816,LBN,GRC,8
1770153,124,90,8,1991.0,1958735.0,2636829.0,0.13106700000000002,0.5419229999999999,LBN,GRC,8
1770154,124,90,8,1992.0,1601699.0,2308823.0,0.186135,0.800906,LBN,GRC,8
1770155,124,90,8,1993.0,1755264.0,2496069.0,0.192831,0.693199,LBN,GRC,8
1770156,124,90,8,1980.0,23167.0,4084556.0,0.677207,1.2813370000000002,LBN,GRC,8
1770157,124,90,8,1981.0,18062.0,2299215.0,0.705372,1.2138950000000002,LBN,GRC,8
1770158,124,90,8,1982.0,7406.0,2009427.0,0.680898,0.932318,LBN,GRC,8
1770159,124,90,8,1983.0,11103.0,2768373.0,0.713821,1.075631,LBN,GRC,8
1770160,124,90,8,1984.0,4953.0,2911450.0,0.618693,0.9369930000000001,LBN,GRC,8
1770161,124,90,8,1985.0,31865.0,1721840.0,0.716806,0.903028,LBN,GRC,8
1770162,124,90,8,1986.0,8736.0,1415568.0,0.25219400000000003,0.30393200000000004,LBN,GRC,8
1770163,124,90,8,1987.0,145047.0,721084.0,0.374494,0.418513,LBN,GRC,8
1770164,124,90,8,1988.0,171894.0,728395.0,0.283427,0.32857800000000004,LBN,GRC,8
1770165,124,90,8,1989.0,239799.0,1368746.0,0.232258,0.3296,LBN,GRC,8
1770166,124,90,8,1990.0,345961.0,1756948.0,0.267054,0.35041,LBN,GRC,8
1770167,124,90,8,1994.0,625756.0,2237640.0,0.23572800000000002,0.598774,LBN,GRC,8
1770168,124,90,8,1995.0,520603.0,2904752.0,-0.016819999999999998,0.46680699999999997,LBN,GRC,8
1770169,124,90,8,1979.0,1456.0,2608012.0,0.758666,1.3992149999999999,LBN,GRC,8
1770170,124,90,8,1978.0,17765.0,2144947.0,1.020974,1.402068,LBN,GRC,8
1770171,124,90,8,1976.0,61421.0,478369.0,1.156417,1.301627,LBN,GRC,8
1770172,125,90,8,2007.0,37832.0,30490.0,-1.049567,-1.113163,LBR,GRC,8
1770173,125,90,8,2010.0,0.0,108210.0,-0.783075,-1.0572409999999999,LBR,GRC,8
1770174,125,90,8,2012.0,22775.0,0.0,-1.0455219999999998,-1.119357,LBR,GRC,8
1770175,125,90,8,2014.0,9067.0,123154.0,-1.191134,-1.076719,LBR,GRC,8
1770176,125,90,8,2015.0,0.0,674246.0,-1.05256,-1.1573280000000001,LBR,GRC,8
1770177,125,90,8,2016.0,0.0,1189837.0,-1.157741,-1.159047,LBR,GRC,8
1770178,125,90,8,2017.0,0.0,1145590.0,-0.576946,-1.002322,LBR,GRC,8
1770179,125,90,8,2018.0,1220.0,1283625.0,-1.081874,-1.105082,LBR,GRC,8
1770180,125,90,8,2019.0,0.0,1353037.0,-1.37609,-1.206305,LBR,GRC,8
1770181,125,90,8,2009.0,36602.0,22556.0,-0.547523,-1.031181,LBR,GRC,8
1770182,125,90,8,1990.0,0.0,119650.0,-1.2362229999999998,-0.979891,LBR,GRC,8
1770183,125,90,8,2011.0,0.0,31536.0,-0.6911109999999999,-1.014848,LBR,GRC,8
1770184,125,90,8,2006.0,0.0,171398.0,-1.0431270000000001,-1.1084829999999999,LBR,GRC,8
1770185,125,90,8,1970.0,0.0,1608.0,-0.578339,-0.543094,LBR,GRC,8
1770186,125,90,8,1975.0,0.0,35532.0,-1.0000360000000001,-0.628448,LBR,GRC,8
1770187,125,90,8,1978.0,7827.0,50927.0,-0.968722,-0.713501,LBR,GRC,8
1770188,125,90,8,1983.0,0.0,2480.0,-1.7863349999999998,-0.85151,LBR,GRC,8
1770189,125,90,8,1979.0,0.0,32891.0,-1.247557,-0.677067,LBR,GRC,8
1770190,125,90,8,1984.0,0.0,24137.0,-1.363799,-0.790406,LBR,GRC,8
1770191,125,90,8,2005.0,0.0,115206.0,-0.758434,-1.123523,LBR,GRC,8
1770192,125,90,8,2008.0,0.0,59111.0,-0.906391,-1.0464639999999998,LBR,GRC,8
1770193,125,90,8,2020.0,0.0,1280681.0,-2.238359,-1.271348,LBR,GRC,8
1770194,125,90,8,1993.0,0.0,154667.0,-0.808435,-1.008593,LBR,GRC,8
1770195,125,90,8,2004.0,0.0,53086.0,0.037469,-1.036878,LBR,GRC,8
1770196,125,90,8,1972.0,0.0,2915.0,-0.88156,-0.6184569999999999,LBR,GRC,8
1770197,125,90,8,1974.0,1915.0,24122.0,-0.8303290000000001,-0.634096,LBR,GRC,8
1770198,125,90,8,1980.0,0.0,264274.0,-1.51289,-0.686355,LBR,GRC,8
1770199,125,90,8,1981.0,13825.0,67790.0,-1.243929,-0.671565,LBR,GRC,8
1770200,125,90,8,1982.0,0.0,3051.0,-1.533005,-0.733829,LBR,GRC,8
1770201,125,90,8,1986.0,0.0,2895.0,-1.189945,-0.8923469999999999,LBR,GRC,8
1770202,125,90,8,1988.0,0.0,58734.0,-1.432527,-0.958558,LBR,GRC,8
1770203,125,90,8,1989.0,0.0,105220.0,-1.383094,-0.942831,LBR,GRC,8
1770204,125,90,8,1991.0,0.0,136874.0,-1.276356,-0.9825799999999999,LBR,GRC,8
1770205,125,90,8,1992.0,0.0,155340.0,-0.790557,-0.9978870000000001,LBR,GRC,8
1770206,125,90,8,1994.0,0.0,751796.0,-0.793924,-1.057173,LBR,GRC,8
1770207,125,90,8,1995.0,0.0,402917.0,-0.896201,-1.1012620000000002,LBR,GRC,8
1770208,125,90,8,1996.0,13058.0,250964.0,-1.2208629999999998,-1.1693440000000002,LBR,GRC,8
1770209,125,90,8,1997.0,5774.0,544992.0,-0.77544,-1.122642,LBR,GRC,8
1770210,125,90,8,1998.0,139620.0,629029.0,-0.586245,-1.119893,LBR,GRC,8
1770211,125,90,8,1999.0,187692.0,269435.0,-0.647085,-1.1269049999999998,LBR,GRC,8
1770212,125,90,8,2000.0,1153.0,269497.0,-0.763757,-1.1284129999999999,LBR,GRC,8
1770213,125,90,8,2002.0,26768.0,102698.0,-0.683036,-1.158808,LBR,GRC,8
1770214,125,90,8,2003.0,2592.0,53410.0,0.050349,-1.018839,LBR,GRC,8
1770215,125,90,8,2001.0,33586.0,399131.0,-0.558711,-1.1508770000000001,LBR,GRC,8
1770216,125,90,8,1977.0,0.0,30099.0,-0.709317,-0.562454,LBR,GRC,8
1770217,125,90,8,1976.0,0.0,11664.0,-0.803693,-0.528219,LBR,GRC,8
1770218,126,90,8,1975.0,0.0,8983300.0,-1.8366630000000002,-0.50915,LBY,GRC,8
1770219,126,90,8,2007.0,4136.0,1047952.0,-1.400383,-1.171333,LBY,GRC,8
1770220,126,90,8,1981.0,0.0,30718406.0,-1.357724,-0.665967,LBY,GRC,8
1770221,126,90,8,1983.0,0.0,12571502.0,0.064966,-0.687248,LBY,GRC,8
1770222,126,90,8,1969.0,0.0,223216.0,-1.9668599999999998,-0.468757,LBY,GRC,8
1770223,126,90,8,1973.0,0.0,1535985.0,-2.368316,-0.6452899999999999,LBY,GRC,8
1770224,126,90,8,2010.0,118297.0,3097158.0,-1.0792,-1.156766,LBY,GRC,8
1770225,126,90,8,2014.0,0.0,1389748.0,-1.539253,-1.159929,LBY,GRC,8
1770226,126,90,8,2015.0,0.0,917858.0,-1.348578,-1.2423030000000002,LBY,GRC,8
1770227,126,90,8,2011.0,0.0,262918.0,-1.7102830000000002,-1.141868,LBY,GRC,8
1770228,126,90,8,2005.0,0.0,912810.0,-0.622238,-1.187366,LBY,GRC,8
1770229,126,90,8,2012.0,0.0,2665879.0,-2.778437,-1.15615,LBY,GRC,8
1770230,126,90,8,2013.0,0.0,1571451.0,-1.871593,-1.1211790000000001,LBY,GRC,8
1770231,126,90,8,2016.0,0.0,1082356.0,-1.120678,-1.222803,LBY,GRC,8
1770232,126,90,8,1968.0,1974.0,138762.0,-1.864928,-0.47663500000000003,LBY,GRC,8
1770233,126,90,8,1972.0,0.0,1046857.0,-1.9185310000000002,-0.653383,LBY,GRC,8
1770234,126,90,8,1974.0,0.0,3705237.0,-3.5187839999999997,-0.5210560000000001,LBY,GRC,8
1770235,126,90,8,2009.0,0.0,3020416.0,-1.76711,-1.1732200000000002,LBY,GRC,8
1770236,126,90,8,2008.0,0.0,1553210.0,-1.714648,-1.137632,LBY,GRC,8
1770237,126,90,8,2000.0,130373.0,736229.0,-0.8606719999999999,-1.188626,LBY,GRC,8
1770238,126,90,8,2002.0,0.0,976646.0,-0.692769,-1.188682,LBY,GRC,8
1770239,126,90,8,2017.0,0.0,2643672.0,-1.067632,-1.21154,LBY,GRC,8
1770240,126,90,8,2018.0,0.0,4890880.0,-1.454322,-1.169087,LBY,GRC,8
1770241,126,90,8,2019.0,2510.0,3563279.0,-1.588716,-1.219377,LBY,GRC,8
1770242,126,90,8,2020.0,0.0,3203455.0,-0.78764,-1.139404,LBY,GRC,8
1770243,126,90,8,1963.0,0.0,20712.0,-1.8419619999999999,-0.43716099999999997,LBY,GRC,8
1770244,126,90,8,1964.0,0.0,40157.0,-1.984105,-0.43160200000000004,LBY,GRC,8
1770245,126,90,8,1965.0,0.0,194491.0,-1.925611,-0.34824499999999997,LBY,GRC,8
1770246,126,90,8,1966.0,0.0,153595.0,-2.0045189999999997,-0.448705,LBY,GRC,8
1770247,126,90,8,1967.0,3641.0,135230.0,-2.112734,-0.44233199999999995,LBY,GRC,8
1770248,126,90,8,1970.0,0.0,222707.0,-1.819378,-0.534918,LBY,GRC,8
1770249,126,90,8,1971.0,0.0,478795.0,-2.1829009999999998,-0.541129,LBY,GRC,8
1770250,126,90,8,1988.0,4468.0,19126993.0,0.003768,-0.87561,LBY,GRC,8
1770251,126,90,8,1989.0,0.0,5753592.0,0.08079700000000001,-0.864836,LBY,GRC,8
1770252,126,90,8,1990.0,0.0,6542738.0,-0.406646,-0.9234459999999999,LBY,GRC,8
1770253,126,90,8,1991.0,0.0,1778961.0,-0.31183,-0.9291659999999999,LBY,GRC,8
1770254,126,90,8,1992.0,0.0,1416982.0,-0.333309,-0.981883,LBY,GRC,8
1770255,126,90,8,1987.0,0.0,2786395.0,-0.171067,-0.8681840000000001,LBY,GRC,8
1770256,126,90,8,1984.0,0.0,12800503.0,-0.13128599999999999,-0.691721,LBY,GRC,8
1770257,126,90,8,1993.0,0.0,633408.0,-0.775172,-1.076362,LBY,GRC,8
1770258,126,90,8,1999.0,0.0,1072313.0,-0.754268,-1.2297799999999999,LBY,GRC,8
1770259,126,90,8,2001.0,0.0,812599.0,-0.9461450000000001,-1.242884,LBY,GRC,8
1770260,126,90,8,2003.0,6472.0,1319323.0,-0.516522,-1.152004,LBY,GRC,8
1770261,126,90,8,2004.0,0.0,604879.0,-0.895142,-1.211141,LBY,GRC,8
1770262,126,90,8,2006.0,0.0,4181307.0,-0.7543529999999999,-1.123674,LBY,GRC,8
1770263,126,90,8,1980.0,2075.0,14085995.0,-1.07917,-0.619858,LBY,GRC,8
1770264,126,90,8,1982.0,0.0,22031591.0,-0.683079,-0.704802,LBY,GRC,8
1770265,126,90,8,1985.0,0.0,6940043.0,-0.387139,-0.732722,LBY,GRC,8
1770266,126,90,8,1986.0,0.0,8320097.0,-0.5674640000000001,-0.847979,LBY,GRC,8
1770267,126,90,8,1994.0,122089.0,453446.0,-0.271784,-1.0308540000000002,LBY,GRC,8
1770268,126,90,8,1995.0,6383.0,546775.0,-0.46992399999999995,-1.057394,LBY,GRC,8
1770269,126,90,8,1996.0,0.0,539752.0,-0.482066,-1.163722,LBY,GRC,8
1770270,126,90,8,1997.0,0.0,548406.0,-0.662351,-1.1515309999999999,LBY,GRC,8
1770271,126,90,8,1998.0,0.0,1672888.0,-0.624778,-1.193259,LBY,GRC,8
1770272,126,90,8,1962.0,0.0,15645.0,-1.10775,-0.497796,LBY,GRC,8
1770273,126,90,8,1979.0,3420.0,9465592.0,-1.055866,-0.6412329999999999,LBY,GRC,8
1770274,126,90,8,1978.0,0.0,11344879.0,-1.653418,-0.667167,LBY,GRC,8
1770275,126,90,8,1976.0,9527.0,11370147.0,-1.6802400000000002,-0.473232,LBY,GRC,8
1770276,126,90,8,1977.0,0.0,14144980.0,-2.489129,-0.561349,LBY,GRC,8
1770277,127,90,8,2009.0,0.0,5564.0,0.37797800000000004,-0.5049819999999999,LCA,GRC,8
1770278,127,90,8,2020.0,0.0,167506.0,0.021102000000000003,-0.5038279999999999,LCA,GRC,8
1770279,127,90,8,2005.0,0.0,1799.0,0.7904140000000001,-0.345853,LCA,GRC,8
1770280,127,90,8,2001.0,0.0,2029.0,0.064826,-0.521713,LCA,GRC,8
1770281,128,90,8,1999.0,969497.0,71720.0,-0.481174,-0.069445,LKA,GRC,8
1770282,128,90,8,2002.0,723197.0,4668.0,-0.461765,-0.057614,LKA,GRC,8
1770283,128,90,8,2004.0,806108.0,26268.0,-0.42450299999999996,0.173518,LKA,GRC,8
1770284,128,90,8,2006.0,885038.0,128879.0,-0.37725,0.245153,LKA,GRC,8
1770285,128,90,8,2010.0,1472193.0,40912.0,-0.409113,0.310756,LKA,GRC,8
1770286,128,90,8,2003.0,983514.0,7414.0,-0.476025,-0.047536,LKA,GRC,8
1770287,128,90,8,1980.0,62948.0,0.0,-0.442021,-0.692367,LKA,GRC,8
1770288,128,90,8,1981.0,26585.0,0.0,-0.321835,-0.557828,LKA,GRC,8
1770289,128,90,8,1983.0,6606.0,0.0,-0.35772,-0.441503,LKA,GRC,8
1770290,128,90,8,1984.0,42844.0,0.0,-0.35013299999999997,-0.520202,LKA,GRC,8
1770291,128,90,8,1985.0,26192.0,0.0,-0.281359,-0.457379,LKA,GRC,8
1770292,128,90,8,1986.0,28316.0,714976.0,-0.46007299999999995,-0.490076,LKA,GRC,8
1770293,128,90,8,1987.0,50771.0,145080.0,-0.38853899999999997,-0.39473,LKA,GRC,8
1770294,128,90,8,1988.0,103370.0,3455.0,-0.42387299999999994,-0.305739,LKA,GRC,8
1770295,128,90,8,1989.0,99014.0,26791.0,-0.486336,-0.312477,LKA,GRC,8
1770296,128,90,8,1990.0,178317.0,0.0,-0.375779,-0.372001,LKA,GRC,8
1770297,128,90,8,1991.0,175666.0,2007.0,-0.47947799999999996,-0.321238,LKA,GRC,8
1770298,128,90,8,1992.0,417347.0,7776.0,-0.45780600000000005,-0.221948,LKA,GRC,8
1770299,128,90,8,1993.0,396574.0,1996.0,-0.49537200000000003,-0.22899499999999998,LKA,GRC,8
1770300,128,90,8,1994.0,1296532.0,12642.0,-0.6352300000000001,-0.22471999999999998,LKA,GRC,8
1770301,128,90,8,2000.0,1291104.0,16255.0,-0.497407,0.004686999999999999,LKA,GRC,8
1770302,128,90,8,2005.0,822189.0,200791.0,-0.504771,0.22221,LKA,GRC,8
1770303,128,90,8,2008.0,1606136.0,47442.0,-0.13582,0.37752800000000003,LKA,GRC,8
1770304,128,90,8,2009.0,2014904.0,33508.0,-0.443916,0.202807,LKA,GRC,8
1770305,128,90,8,2011.0,795448.0,64340.0,-0.24886999999999998,0.322711,LKA,GRC,8
1770306,128,90,8,2013.0,424782.0,40194.0,-0.320583,0.44462399999999996,LKA,GRC,8
1770307,128,90,8,2015.0,775272.0,79814.0,-0.541018,0.359714,LKA,GRC,8
1770308,128,90,8,2016.0,721668.0,140321.0,-0.540154,0.22580100000000003,LKA,GRC,8
1770309,128,90,8,2017.0,712740.0,133620.0,-0.506691,0.43309200000000003,LKA,GRC,8
1770310,128,90,8,2018.0,278329.0,288614.0,-0.364093,0.347953,LKA,GRC,8
1770311,128,90,8,2019.0,401094.0,213031.0,-0.225527,0.439567,LKA,GRC,8
1770312,128,90,8,2020.0,792749.0,73818.0,-0.192584,0.44513800000000003,LKA,GRC,8
1770313,128,90,8,2014.0,521926.0,85756.0,-0.30641399999999996,0.29736799999999997,LKA,GRC,8
1770314,128,90,8,2012.0,2477193.0,64079.0,-0.24579299999999998,0.518273,LKA,GRC,8
1770315,128,90,8,2001.0,1033461.0,24858.0,-0.43381000000000003,0.057630999999999995,LKA,GRC,8
1770316,128,90,8,2007.0,877935.0,25902.0,-0.298165,0.32563200000000003,LKA,GRC,8
1770317,128,90,8,1996.0,690729.0,9184.0,-0.71165,-0.320193,LKA,GRC,8
1770318,128,90,8,1966.0,1876.0,0.0,-0.8414,-0.516825,LKA,GRC,8
1770319,128,90,8,1971.0,1809.0,0.0,-1.144836,-0.753853,LKA,GRC,8
1770320,128,90,8,1995.0,593627.0,11875.0,-0.636555,-0.211377,LKA,GRC,8
1770321,128,90,8,1997.0,798194.0,23180.0,-0.6467470000000001,-0.27831300000000003,LKA,GRC,8
1770322,128,90,8,1998.0,847514.0,36570.0,-0.579589,-0.21090799999999998,LKA,GRC,8
1770323,128,90,8,1977.0,9373.0,0.0,-0.178394,-0.606302,LKA,GRC,8
1770324,129,90,8,2000.0,1205920.0,0.0,-0.67732,-0.9360229999999999,LSO,GRC,8
1770325,129,90,8,2003.0,0.0,226127.0,-1.187702,-1.029013,LSO,GRC,8
1770326,130,90,8,1997.0,62857.0,4389404.0,0.360579,1.382816,LTU,GRC,8
1770327,130,90,8,2019.0,4924885.0,2375208.0,0.7628739999999999,1.5376239999999999,LTU,GRC,8
1770328,130,90,8,2018.0,4918951.0,4064991.0,0.839052,1.5688790000000001,LTU,GRC,8
1770329,130,90,8,1994.0,46051.0,471678.0,0.406962,1.445273,LTU,GRC,8
1770330,130,90,8,1996.0,127316.0,1311783.0,0.360994,1.092575,LTU,GRC,8
1770331,130,90,8,1998.0,209066.0,1948139.0,0.33196,0.954261,LTU,GRC,8
1770332,130,90,8,2002.0,21413.0,1227975.0,0.15796,0.855931,LTU,GRC,8
1770333,130,90,8,2007.0,4622169.0,3025778.0,0.566496,1.482193,LTU,GRC,8
1770334,130,90,8,2008.0,7005073.0,2932460.0,0.5466489999999999,1.180161,LTU,GRC,8
1770335,130,90,8,2010.0,5690770.0,1923769.0,0.65664,1.368933,LTU,GRC,8
1770336,130,90,8,2011.0,6053540.0,1643375.0,0.770476,1.117956,LTU,GRC,8
1770337,130,90,8,2012.0,6154349.0,1903833.0,0.739945,1.217062,LTU,GRC,8
1770338,130,90,8,2013.0,5738411.0,1642480.0,0.677986,1.29227,LTU,GRC,8
1770339,130,90,8,2014.0,5131793.0,3166258.0,0.679488,1.558981,LTU,GRC,8
1770340,130,90,8,2015.0,4819689.0,2234723.0,0.607102,1.478928,LTU,GRC,8
1770341,130,90,8,2016.0,3626008.0,2781603.0,0.6319130000000001,1.538765,LTU,GRC,8
1770342,130,90,8,2017.0,3998000.0,2699026.0,0.770556,1.555233,LTU,GRC,8
1770343,130,90,8,2020.0,4773994.0,3979208.0,0.8551219999999999,1.3162399999999999,LTU,GRC,8
1770344,130,90,8,2009.0,5621151.0,1584537.0,0.576882,1.281147,LTU,GRC,8
1770345,130,90,8,2004.0,120274.0,508106.0,0.341521,0.7971560000000001,LTU,GRC,8
1770346,130,90,8,2005.0,1597561.0,1259667.0,0.394586,1.099291,LTU,GRC,8
1770347,130,90,8,2006.0,1832354.0,1177241.0,0.553669,1.252767,LTU,GRC,8
1770348,130,90,8,2001.0,57174.0,1713118.0,0.21069699999999997,0.720384,LTU,GRC,8
1770349,130,90,8,2003.0,27456.0,480038.0,0.164117,0.807233,LTU,GRC,8
1770350,130,90,8,1992.0,186148.0,671240.0,0.7271810000000001,0.482357,LTU,GRC,8
1770351,130,90,8,1993.0,22356.0,1341508.0,0.06586,0.20737600000000003,LTU,GRC,8
1770352,130,90,8,1999.0,59841.0,1705187.0,0.283669,0.807808,LTU,GRC,8
1770353,130,90,8,1995.0,154631.0,727451.0,0.41947399999999996,1.3005790000000002,LTU,GRC,8
1770354,130,90,8,2000.0,85803.0,1205287.0,0.22767199999999999,0.794208,LTU,GRC,8
1770355,131,90,8,2004.0,22789950.0,2204806.0,1.258828,1.079923,LUX,GRC,8
1770356,131,90,8,2019.0,9172924.0,964748.0,1.223907,1.334322,LUX,GRC,8
1770357,131,90,8,2018.0,10269858.0,1381382.0,1.098797,1.390282,LUX,GRC,8
1770358,131,90,8,2017.0,8230401.0,775993.0,1.1461629999999998,1.434994,LUX,GRC,8
1770359,131,90,8,2020.0,16332471.0,978190.0,1.095269,1.490899,LUX,GRC,8
1770360,131,90,8,2008.0,16507155.0,1053859.0,1.242801,0.9785790000000001,LUX,GRC,8
1770361,131,90,8,2009.0,32780484.0,1101876.0,1.0728959999999998,1.065353,LUX,GRC,8
1770362,131,90,8,2014.0,12729947.0,1040969.0,1.093816,1.270669,LUX,GRC,8
1770363,131,90,8,2015.0,10162366.0,694611.0,1.178679,1.4247379999999998,LUX,GRC,8
1770364,131,90,8,2011.0,14949613.0,1647701.0,1.0520530000000001,1.266242,LUX,GRC,8
1770365,131,90,8,2012.0,10889805.0,1413845.0,1.0163739999999999,1.178021,LUX,GRC,8
1770366,131,90,8,2013.0,12965843.0,799017.0,1.0110190000000001,1.123226,LUX,GRC,8
1770367,131,90,8,2016.0,7771933.0,636770.0,1.217021,1.401214,LUX,GRC,8
1770368,131,90,8,2002.0,5923355.0,611556.0,1.396249,1.153017,LUX,GRC,8
1770369,131,90,8,2005.0,29296617.0,1048369.0,1.417791,1.168456,LUX,GRC,8
1770370,131,90,8,2006.0,40957649.0,585026.0,1.285123,0.999081,LUX,GRC,8
1770371,131,90,8,2007.0,20720026.0,454464.0,1.138331,1.049123,LUX,GRC,8
1770372,131,90,8,2010.0,50147331.0,1914820.0,1.145982,1.1629530000000001,LUX,GRC,8
1770373,131,90,8,1999.0,3063004.0,149052.0,1.37206,1.2625790000000001,LUX,GRC,8
1770374,131,90,8,2000.0,1902588.0,673582.0,1.203242,1.0729790000000001,LUX,GRC,8
1770375,131,90,8,2001.0,2517112.0,1019656.0,1.326753,1.2069530000000002,LUX,GRC,8
1770376,131,90,8,2003.0,11425460.0,996083.0,1.389402,1.0800040000000002,LUX,GRC,8
1770377,132,90,8,1995.0,25337.0,10766.0,0.341138,0.62157,LVA,GRC,8
1770378,132,90,8,2003.0,189686.0,1055985.0,0.43565699999999996,0.7667,LVA,GRC,8
1770379,132,90,8,2010.0,1507251.0,701363.0,0.602966,1.160796,LVA,GRC,8
1770380,132,90,8,2011.0,1177552.0,743445.0,0.736066,1.125155,LVA,GRC,8
1770381,132,90,8,2012.0,1376080.0,1032769.0,0.704565,1.000552,LVA,GRC,8
1770382,132,90,8,2013.0,914968.0,2728833.0,0.652463,1.299917,LVA,GRC,8
1770383,132,90,8,2014.0,1338378.0,2230667.0,0.6501,1.35321,LVA,GRC,8
1770384,132,90,8,2015.0,1480749.0,1276013.0,0.505344,1.152542,LVA,GRC,8
1770385,132,90,8,2016.0,1783652.0,1582059.0,0.46748199999999995,1.228024,LVA,GRC,8
1770386,132,90,8,2017.0,1639151.0,2798761.0,0.644285,1.4304290000000002,LVA,GRC,8
1770387,132,90,8,2018.0,2405901.0,8081003.0,0.6984560000000001,1.29918,LVA,GRC,8
1770388,132,90,8,2019.0,2416300.0,2484977.0,0.653937,1.266508,LVA,GRC,8
1770389,132,90,8,2020.0,3320920.0,7555072.0,0.7078899999999999,1.284132,LVA,GRC,8
1770390,132,90,8,2000.0,187395.0,512254.0,0.27229699999999996,0.402929,LVA,GRC,8
1770391,132,90,8,1998.0,86703.0,790385.0,0.253542,0.6586,LVA,GRC,8
1770392,132,90,8,1999.0,41104.0,820050.0,0.22477399999999997,0.49555200000000005,LVA,GRC,8
1770393,132,90,8,2007.0,517415.0,1384969.0,0.660411,1.100503,LVA,GRC,8
1770394,132,90,8,2009.0,1093596.0,603123.0,0.696343,1.1272209999999998,LVA,GRC,8
1770395,132,90,8,2002.0,66847.0,512031.0,0.41409799999999997,0.6281680000000001,LVA,GRC,8
1770396,132,90,8,2005.0,509322.0,1906197.0,0.538975,0.8716780000000001,LVA,GRC,8
1770397,132,90,8,1994.0,0.0,30490.0,0.34518899999999997,0.694659,LVA,GRC,8
1770398,132,90,8,1996.0,0.0,212909.0,0.255258,0.42505299999999996,LVA,GRC,8
1770399,132,90,8,1997.0,122723.0,471885.0,0.332958,0.51665,LVA,GRC,8
1770400,132,90,8,2001.0,35867.0,349290.0,0.31652600000000003,0.523927,LVA,GRC,8
1770401,132,90,8,2004.0,216902.0,3669222.0,0.415001,0.8476809999999999,LVA,GRC,8
1770402,132,90,8,2006.0,604856.0,2199628.0,0.548453,1.027836,LVA,GRC,8
1770403,132,90,8,2008.0,1029110.0,1421773.0,0.5873149999999999,1.322415,LVA,GRC,8
1770404,132,90,8,1993.0,0.0,66002.0,-0.03573,0.014685,LVA,GRC,8
1770405,132,90,8,1992.0,37541.0,60210.0,0.184303,0.022494999999999998,LVA,GRC,8
1770406,133,90,8,1981.0,211630.0,0.0,0.521053,-0.209065,MAC,GRC,8
1770407,133,90,8,2019.0,22878.0,149908.0,0.398334,-0.048517000000000005,MAC,GRC,8
1770408,133,90,8,1992.0,679048.0,0.0,0.249034,-0.026864,MAC,GRC,8
1770409,133,90,8,2015.0,0.0,322899.0,0.427033,0.42668199999999995,MAC,GRC,8
1770410,133,90,8,2013.0,0.0,52061.0,0.43873,0.275559,MAC,GRC,8
1770411,133,90,8,1982.0,365421.0,0.0,0.493594,-0.1907,MAC,GRC,8
1770412,133,90,8,1985.0,130824.0,0.0,0.317606,-0.13239,MAC,GRC,8
1770413,133,90,8,1989.0,707434.0,0.0,0.342584,-0.043294,MAC,GRC,8
1770414,133,90,8,1990.0,971583.0,0.0,0.36492199999999997,-0.143228,MAC,GRC,8
1770415,133,90,8,1991.0,1139612.0,0.0,0.238669,0.014938,MAC,GRC,8
1770416,133,90,8,2010.0,103918.0,46631.0,0.623734,0.56113,MAC,GRC,8
1770417,133,90,8,2014.0,0.0,17874.0,0.781301,0.522065,MAC,GRC,8
1770418,133,90,8,1987.0,235862.0,0.0,0.44125299999999995,-0.051829999999999994,MAC,GRC,8
1770419,133,90,8,2004.0,10445902.0,142104.0,-0.12333599999999999,-0.600164,MAC,GRC,8
1770420,133,90,8,2018.0,0.0,315162.0,0.358075,0.081041,MAC,GRC,8
1770421,133,90,8,1983.0,189480.0,0.0,0.524352,0.023061,MAC,GRC,8
1770422,133,90,8,2012.0,9821.0,8317.0,0.7714310000000001,0.727348,MAC,GRC,8
1770423,133,90,8,2002.0,3145667.0,27543.0,0.005082,-0.328658,MAC,GRC,8
1770424,133,90,8,2008.0,1426357.0,102553.0,0.460366,0.281819,MAC,GRC,8
1770425,133,90,8,2000.0,2646960.0,240252.0,-0.19656300000000002,-0.519896,MAC,GRC,8
1770426,133,90,8,2001.0,3286127.0,87272.0,-0.250517,-0.589391,MAC,GRC,8
1770427,133,90,8,2003.0,6775747.0,84972.0,-0.097208,-0.474721,MAC,GRC,8
1770428,133,90,8,1988.0,506254.0,0.0,0.35184699999999997,0.124976,MAC,GRC,8
1770429,133,90,8,2009.0,105367.0,21152.0,0.614631,0.570435,MAC,GRC,8
1770430,133,90,8,2011.0,55365.0,28085.0,0.7421369999999999,0.686934,MAC,GRC,8
1770431,133,90,8,2016.0,13919.0,46865.0,0.517979,0.133195,MAC,GRC,8
1770432,133,90,8,2017.0,8653.0,489320.0,0.33025,-0.008723999999999999,MAC,GRC,8
1770433,133,90,8,2020.0,0.0,482312.0,0.375759,-0.000789,MAC,GRC,8
1770434,133,90,8,1996.0,1363908.0,0.0,-0.089625,-0.42184499999999997,MAC,GRC,8
1770435,133,90,8,1984.0,76228.0,0.0,0.601785,0.032432,MAC,GRC,8
1770436,133,90,8,1994.0,522408.0,0.0,0.069787,-0.357614,MAC,GRC,8
1770437,133,90,8,1995.0,959993.0,0.0,-0.068619,-0.338436,MAC,GRC,8
1770438,133,90,8,1997.0,1553064.0,0.0,-0.061292,-0.44707399999999997,MAC,GRC,8
1770439,133,90,8,1998.0,1117995.0,0.0,-0.075062,-0.496061,MAC,GRC,8
1770440,133,90,8,1999.0,1398424.0,7544.0,-0.070097,-0.404308,MAC,GRC,8
1770441,133,90,8,2006.0,1706223.0,41174.0,0.120923,-0.266158,MAC,GRC,8
1770442,133,90,8,2007.0,2706826.0,155527.0,0.43392600000000003,-0.148343,MAC,GRC,8
1770443,133,90,8,2005.0,1626117.0,106254.0,0.199701,-0.23243200000000003,MAC,GRC,8
1770444,133,90,8,1993.0,308162.0,0.0,0.065958,-0.184407,MAC,GRC,8
1770445,134,90,8,2009.0,512388.0,2239316.0,-0.36530300000000004,0.026182,MAR,GRC,8
1770446,134,90,8,2011.0,405658.0,3554375.0,-0.400384,-0.023763999999999997,MAR,GRC,8
1770447,134,90,8,2014.0,320856.0,4698498.0,-0.429457,0.039947,MAR,GRC,8
1770448,134,90,8,1993.0,288898.0,177583.0,-0.44961599999999996,-0.39958299999999997,MAR,GRC,8
1770449,134,90,8,2005.0,593238.0,1123943.0,-0.46966899999999995,-0.11890099999999999,MAR,GRC,8
1770450,134,90,8,2016.0,313101.0,5123704.0,-0.648329,-0.14071,MAR,GRC,8
1770451,134,90,8,2017.0,230514.0,5817331.0,-0.593987,-0.093414,MAR,GRC,8
1770452,134,90,8,2018.0,310826.0,6120439.0,-0.57445,-0.14461400000000002,MAR,GRC,8
1770453,134,90,8,2019.0,598006.0,6416452.0,-0.5181859999999999,-0.086977,MAR,GRC,8
1770454,134,90,8,2010.0,521333.0,2703874.0,-0.46254399999999996,0.046252,MAR,GRC,8
1770455,134,90,8,1970.0,880.0,14817.0,-0.231694,-0.57839,MAR,GRC,8
1770456,134,90,8,1973.0,7746.0,29422.0,-0.112721,-0.498479,MAR,GRC,8
1770457,134,90,8,1975.0,32679.0,50201.0,0.014258000000000002,-0.47688800000000003,MAR,GRC,8
1770458,134,90,8,1976.0,41085.0,71847.0,-0.043875,-0.357342,MAR,GRC,8
1770459,134,90,8,1977.0,30096.0,58250.0,0.038562,-0.38461,MAR,GRC,8
1770460,134,90,8,1979.0,36261.0,55745.0,-0.059907,-0.376813,MAR,GRC,8
1770461,134,90,8,1988.0,19239.0,16748.0,-0.26086,-0.275192,MAR,GRC,8
1770462,134,90,8,1989.0,16079.0,55924.0,-0.219129,-0.252188,MAR,GRC,8
1770463,134,90,8,1990.0,70195.0,133262.0,-0.254337,-0.290056,MAR,GRC,8
1770464,134,90,8,1991.0,140553.0,120474.0,-0.374686,-0.27405799999999997,MAR,GRC,8
1770465,134,90,8,1992.0,81254.0,204982.0,-0.339711,-0.265987,MAR,GRC,8
1770466,134,90,8,1994.0,625069.0,170895.0,-0.477728,-0.01807,MAR,GRC,8
1770467,134,90,8,1995.0,1908670.0,646560.0,-0.60149,-0.22498600000000002,MAR,GRC,8
1770468,134,90,8,1996.0,1383571.0,766412.0,-0.56512,-0.31006999999999996,MAR,GRC,8
1770469,134,90,8,1997.0,1433546.0,1287515.0,-0.635337,-0.336298,MAR,GRC,8
1770470,134,90,8,1998.0,806095.0,776454.0,-0.723358,-0.37241799999999997,MAR,GRC,8
1770471,134,90,8,1999.0,924624.0,526814.0,-0.571919,-0.322212,MAR,GRC,8
1770472,134,90,8,2000.0,569826.0,367967.0,-0.5460510000000001,-0.33865100000000004,MAR,GRC,8
1770473,134,90,8,2001.0,1384648.0,729934.0,-0.616006,-0.340127,MAR,GRC,8
1770474,134,90,8,2002.0,840464.0,7136819.0,-0.690226,-0.42557,MAR,GRC,8
1770475,134,90,8,2003.0,1147066.0,1476189.0,-0.6672239999999999,-0.224451,MAR,GRC,8
1770476,134,90,8,2004.0,953796.0,2360876.0,-0.626594,-0.22253499999999998,MAR,GRC,8
1770477,134,90,8,2006.0,181859.0,1723011.0,-0.41821499999999995,0.175231,MAR,GRC,8
1770478,134,90,8,2007.0,1003259.0,2724158.0,-0.357583,0.05449299999999999,MAR,GRC,8
1770479,134,90,8,2008.0,621351.0,2076436.0,-0.46258,-0.056688999999999996,MAR,GRC,8
1770480,134,90,8,2012.0,362745.0,3090882.0,-0.330598,0.037439,MAR,GRC,8
1770481,134,90,8,2013.0,1105074.0,4471875.0,-0.474872,0.178118,MAR,GRC,8
1770482,134,90,8,2015.0,211259.0,3335761.0,-0.6359020000000001,0.052192999999999996,MAR,GRC,8
1770483,134,90,8,2020.0,140021.0,4446451.0,-0.331913,-0.097788,MAR,GRC,8
1770484,134,90,8,1967.0,894.0,0.0,-0.267623,-0.621653,MAR,GRC,8
1770485,134,90,8,1974.0,29912.0,24459.0,-0.012765,-0.511575,MAR,GRC,8
1770486,134,90,8,1981.0,20489.0,51882.0,-0.004614,-0.291076,MAR,GRC,8
1770487,134,90,8,1982.0,25227.0,29057.0,-0.018212,-0.462132,MAR,GRC,8
1770488,134,90,8,1983.0,4604.0,16653.0,-0.016887,-0.45940600000000004,MAR,GRC,8
1770489,134,90,8,1984.0,51887.0,15405.0,-9.7e-05,-0.327858,MAR,GRC,8
1770490,134,90,8,1985.0,14053.0,36736.0,-0.143571,-0.373693,MAR,GRC,8
1770491,134,90,8,1986.0,44740.0,76839.0,-0.24943,-0.532166,MAR,GRC,8
1770492,134,90,8,1987.0,18575.0,63951.0,-0.33932199999999996,-0.5465,MAR,GRC,8
1770493,134,90,8,1968.0,756.0,24790.0,-0.219575,-0.657712,MAR,GRC,8
1770494,134,90,8,1971.0,1260.0,0.0,-0.016735,-0.41776599999999997,MAR,GRC,8
1770495,134,90,8,1972.0,2573.0,8883.0,0.004924,-0.43478199999999995,MAR,GRC,8
1770496,134,90,8,1969.0,2376.0,53372.0,-0.177213,-0.622107,MAR,GRC,8
1770497,134,90,8,1978.0,33744.0,82547.0,-0.100714,-0.391234,MAR,GRC,8
1770498,134,90,8,1980.0,982.0,50464.0,-0.048201999999999995,-0.442787,MAR,GRC,8
1770499,135,90,8,1994.0,61845.0,976322.0,0.275007,0.149418,MDA,GRC,8
1770500,135,90,8,2018.0,58517.0,716914.0,-0.222348,-0.091067,MDA,GRC,8
1770501,135,90,8,2019.0,141954.0,506963.0,-0.1347,-0.076938,MDA,GRC,8
1770502,135,90,8,2020.0,47099.0,1056641.0,-0.040139999999999995,-0.252062,MDA,GRC,8
1770503,135,90,8,2008.0,41751.0,2397174.0,0.103305,0.053528,MDA,GRC,8
1770504,135,90,8,2009.0,51969.0,2040056.0,0.155186,0.183505,MDA,GRC,8
1770505,135,90,8,2010.0,59767.0,1503778.0,0.124082,0.474749,MDA,GRC,8
1770506,135,90,8,2011.0,72290.0,1043388.0,0.036586,0.407837,MDA,GRC,8
1770507,135,90,8,2012.0,52573.0,634815.0,0.166439,0.555431,MDA,GRC,8
1770508,135,90,8,2013.0,24978.0,581504.0,0.14256,0.33920700000000004,MDA,GRC,8
1770509,135,90,8,2017.0,439355.0,461465.0,-0.135731,-0.008816,MDA,GRC,8
1770510,135,90,8,2001.0,195929.0,389230.0,0.12110699999999999,0.159706,MDA,GRC,8
1770511,135,90,8,2007.0,100427.0,1506976.0,0.292271,0.414459,MDA,GRC,8
1770512,135,90,8,2003.0,11345.0,911537.0,-0.081071,-0.063769,MDA,GRC,8
1770513,135,90,8,2005.0,34000.0,533049.0,-0.12032000000000001,-0.069365,MDA,GRC,8
1770514,135,90,8,2000.0,219027.0,827565.0,0.039072,0.103148,MDA,GRC,8
1770515,135,90,8,1995.0,240155.0,102400.0,0.449866,0.32214299999999996,MDA,GRC,8
1770516,135,90,8,1996.0,124377.0,518724.0,0.193705,0.10853,MDA,GRC,8
1770517,135,90,8,1997.0,232699.0,865855.0,0.14225,-0.250556,MDA,GRC,8
1770518,135,90,8,1998.0,218276.0,653454.0,0.100742,-0.05809500000000001,MDA,GRC,8
1770519,135,90,8,1999.0,52508.0,1274584.0,-0.015653999999999998,0.27321,MDA,GRC,8
1770520,135,90,8,2002.0,47742.0,107119.0,-0.017383000000000003,0.109124,MDA,GRC,8
1770521,135,90,8,2004.0,19209.0,273472.0,-0.13031900000000002,-0.118591,MDA,GRC,8
1770522,135,90,8,2006.0,25061.0,1033467.0,0.043632,0.21129299999999998,MDA,GRC,8
1770523,135,90,8,2014.0,112640.0,921163.0,0.031916,0.24264499999999997,MDA,GRC,8
1770524,135,90,8,2015.0,13369.0,383696.0,-0.193976,0.05826,MDA,GRC,8
1770525,135,90,8,2016.0,35848.0,892006.0,-0.24173200000000003,0.010985,MDA,GRC,8
1770526,135,90,8,1993.0,0.0,358203.0,0.520452,0.166076,MDA,GRC,8
1770527,135,90,8,1992.0,0.0,96302.0,0.637534,0.04142,MDA,GRC,8
1770528,136,90,8,2005.0,147540.0,404588.0,-0.799311,-0.22719,MDG,GRC,8
1770529,136,90,8,2017.0,253089.0,52585.0,-1.098631,-0.8503069999999999,MDG,GRC,8
1770530,136,90,8,2006.0,263154.0,102051.0,-0.772571,-0.521647,MDG,GRC,8
1770531,136,90,8,2015.0,146276.0,39065.0,-0.808829,-0.514862,MDG,GRC,8
1770532,136,90,8,1972.0,1358.0,0.0,-0.948608,-0.929931,MDG,GRC,8
1770533,136,90,8,1974.0,532.0,570.0,-0.65776,-0.8693780000000001,MDG,GRC,8
1770534,136,90,8,2009.0,857691.0,13391.0,-0.495406,-0.287029,MDG,GRC,8
1770535,136,90,8,2012.0,53788.0,40271.0,-0.664783,-0.478411,MDG,GRC,8
1770536,136,90,8,2013.0,156427.0,10055.0,-0.786091,-0.611478,MDG,GRC,8
1770537,136,90,8,2014.0,160685.0,95270.0,-0.690485,-0.5090020000000001,MDG,GRC,8
1770538,136,90,8,2003.0,39874.0,287398.0,-1.13923,-0.759741,MDG,GRC,8
1770539,136,90,8,2007.0,588944.0,111273.0,-0.462534,-0.32002800000000003,MDG,GRC,8
1770540,136,90,8,2008.0,651791.0,64052.0,-0.6115430000000001,-0.34273000000000003,MDG,GRC,8
1770541,136,90,8,1994.0,4123.0,0.0,-0.987944,-0.733928,MDG,GRC,8
1770542,136,90,8,1995.0,2767.0,0.0,-0.947465,-0.5842689999999999,MDG,GRC,8
1770543,136,90,8,1997.0,42187.0,0.0,-1.090898,-0.605175,MDG,GRC,8
1770544,136,90,8,1998.0,36876.0,0.0,-1.009052,-0.573006,MDG,GRC,8
1770545,136,90,8,1999.0,147668.0,4874.0,-1.0354860000000001,-0.6180720000000001,MDG,GRC,8
1770546,136,90,8,2000.0,193538.0,1121.0,-1.082986,-0.614482,MDG,GRC,8
1770547,136,90,8,2001.0,85287.0,34702.0,-1.0624850000000001,-0.695873,MDG,GRC,8
1770548,136,90,8,2002.0,30078.0,240112.0,-1.109564,-0.642039,MDG,GRC,8
1770549,136,90,8,2004.0,61936.0,279733.0,-1.1010799999999998,-0.7367859999999999,MDG,GRC,8
1770550,136,90,8,2010.0,620180.0,40946.0,-0.5079899999999999,-0.080109,MDG,GRC,8
1770551,136,90,8,2011.0,559547.0,8718.0,-0.495737,-0.423009,MDG,GRC,8
1770552,136,90,8,2016.0,205394.0,39454.0,-0.979632,-0.63626,MDG,GRC,8
1770553,136,90,8,2018.0,208929.0,132391.0,-1.056786,-0.9160709999999999,MDG,GRC,8
1770554,136,90,8,2019.0,131846.0,212684.0,-0.924942,-0.812824,MDG,GRC,8
1770555,136,90,8,2020.0,142537.0,113667.0,-0.811992,-0.6963689999999999,MDG,GRC,8
1770556,136,90,8,1996.0,29081.0,0.0,-0.971575,-0.656497,MDG,GRC,8
1770557,136,90,8,1977.0,29299.0,1200.0,-0.73729,-0.8169810000000001,MDG,GRC,8
1770558,136,90,8,1978.0,62576.0,0.0,-1.3078290000000001,-0.954357,MDG,GRC,8
1770559,136,90,8,1979.0,11328.0,0.0,-0.9842360000000001,-0.9309649999999999,MDG,GRC,8
1770560,136,90,8,1975.0,1296.0,0.0,-0.815279,-0.9400729999999999,MDG,GRC,8
1770561,136,90,8,1971.0,723.0,0.0,-0.819129,-0.765004,MDG,GRC,8
1770562,136,90,8,1976.0,0.0,3214.0,-0.8741969999999999,-0.758601,MDG,GRC,8
1770563,137,90,8,1996.0,4669.0,0.0,-1.1896639999999998,-1.077542,MDV,GRC,8
1770564,137,90,8,1998.0,0.0,4618.0,-1.112199,-1.0442200000000001,MDV,GRC,8
1770565,137,90,8,1999.0,14866.0,0.0,-0.8787280000000001,-0.931969,MDV,GRC,8
1770566,137,90,8,2000.0,12042.0,16883.0,-1.070968,-1.0570469999999998,MDV,GRC,8
1770567,137,90,8,2001.0,0.0,6094.0,-0.957807,-1.0006030000000001,MDV,GRC,8
1770568,137,90,8,2002.0,0.0,4031.0,-1.0471700000000002,-0.976184,MDV,GRC,8
1770569,137,90,8,2003.0,19960.0,15148.0,-1.113366,-1.078493,MDV,GRC,8
1770570,137,90,8,2004.0,4017.0,26654.0,-0.44303000000000003,-0.841744,MDV,GRC,8
1770571,137,90,8,2005.0,0.0,40914.0,-0.032614,-0.714087,MDV,GRC,8
1770572,137,90,8,2006.0,0.0,37951.0,-0.21327600000000002,-0.8216959999999999,MDV,GRC,8
1770573,137,90,8,2007.0,0.0,38953.0,-0.770457,-1.0327629999999999,MDV,GRC,8
1770574,137,90,8,2008.0,0.0,120679.0,-0.024662,-0.748678,MDV,GRC,8
1770575,137,90,8,2009.0,0.0,29861.0,-0.407829,-0.940291,MDV,GRC,8
1770576,137,90,8,2010.0,0.0,32146.0,-0.73988,-0.9819559999999999,MDV,GRC,8
1770577,137,90,8,2011.0,0.0,174129.0,-1.1972770000000001,-0.9994360000000001,MDV,GRC,8
1770578,137,90,8,2012.0,0.0,65957.0,-0.12348699999999999,-0.7748430000000001,MDV,GRC,8
1770579,137,90,8,2013.0,0.0,65680.0,-0.510204,-0.740372,MDV,GRC,8
1770580,137,90,8,2014.0,0.0,51090.0,-0.6189939999999999,-0.880108,MDV,GRC,8
1770581,137,90,8,2015.0,0.0,26773.0,-0.6444300000000001,-0.828358,MDV,GRC,8
1770582,137,90,8,2016.0,0.0,64115.0,-0.975518,-1.00076,MDV,GRC,8
1770583,137,90,8,2017.0,0.0,54031.0,-0.739309,-0.951202,MDV,GRC,8
1770584,137,90,8,2018.0,0.0,89825.0,-1.128674,-1.053328,MDV,GRC,8
1770585,137,90,8,2019.0,0.0,213655.0,-0.392397,-0.820267,MDV,GRC,8
1770586,137,90,8,2020.0,0.0,7650.0,-0.469995,-0.803766,MDV,GRC,8
1770587,138,90,8,1993.0,229113.0,113494.0,0.968867,0.8437520000000001,MEX,GRC,8
1770588,138,90,8,1994.0,301783.0,379787.0,1.0145629999999999,0.9349149999999999,MEX,GRC,8
1770589,138,90,8,1995.0,520521.0,206254.0,0.701416,1.037868,MEX,GRC,8
1770590,138,90,8,1996.0,854422.0,267683.0,0.88569,1.044068,MEX,GRC,8
1770591,138,90,8,1997.0,1050219.0,205859.0,0.7735350000000001,0.9161590000000001,MEX,GRC,8
1770592,138,90,8,1998.0,706455.0,347296.0,0.748267,0.834242,MEX,GRC,8
1770593,138,90,8,1999.0,751698.0,718160.0,0.9303469999999999,0.79602,MEX,GRC,8
1770594,138,90,8,2000.0,818889.0,337366.0,0.9020379999999999,0.671139,MEX,GRC,8
1770595,138,90,8,2001.0,437809.0,2986158.0,1.088661,0.680197,MEX,GRC,8
1770596,138,90,8,2002.0,537818.0,2116233.0,1.2677129999999999,0.599314,MEX,GRC,8
1770597,138,90,8,2003.0,509690.0,2764558.0,1.137143,0.732386,MEX,GRC,8
1770598,138,90,8,2004.0,1188368.0,4616941.0,1.183707,0.9043700000000001,MEX,GRC,8
1770599,138,90,8,2005.0,1270947.0,4100202.0,1.346403,0.777366,MEX,GRC,8
1770600,138,90,8,2006.0,1293743.0,3875586.0,1.2996729999999999,0.655941,MEX,GRC,8
1770601,138,90,8,2007.0,1230668.0,6194772.0,1.345688,0.584543,MEX,GRC,8
1770602,138,90,8,2008.0,12367259.0,7245789.0,1.227848,0.722715,MEX,GRC,8
1770603,138,90,8,2009.0,13870762.0,4873184.0,1.203611,0.6819930000000001,MEX,GRC,8
1770604,138,90,8,2010.0,12631634.0,8033642.0,1.25796,0.640552,MEX,GRC,8
1770605,138,90,8,2011.0,10148085.0,22475974.0,1.031474,0.686634,MEX,GRC,8
1770606,138,90,8,2012.0,9517507.0,30562567.0,1.166986,0.662798,MEX,GRC,8
1770607,138,90,8,2013.0,2142934.0,24912814.0,1.2327219999999999,0.746108,MEX,GRC,8
1770608,138,90,8,2014.0,952255.0,37177403.0,1.292327,0.713879,MEX,GRC,8
1770609,138,90,8,2015.0,580560.0,31818829.0,1.3519510000000001,0.641533,MEX,GRC,8
1770610,138,90,8,2016.0,806443.0,45525532.0,1.393506,0.64152,MEX,GRC,8
1770611,138,90,8,2019.0,959405.0,58585696.0,1.316129,0.6125729999999999,MEX,GRC,8
1770612,138,90,8,2020.0,1777140.0,45885349.0,1.215792,0.678531,MEX,GRC,8
1770613,138,90,8,2018.0,574945.0,50482299.0,1.272851,0.646359,MEX,GRC,8
1770614,138,90,8,2017.0,573351.0,53590866.0,1.348763,0.6145010000000001,MEX,GRC,8
1770615,138,90,8,1990.0,70689.0,31269.0,0.852651,0.870721,MEX,GRC,8
1770616,138,90,8,1991.0,439612.0,44621.0,0.833643,0.863466,MEX,GRC,8
1770617,138,90,8,1992.0,343661.0,54737.0,0.9039370000000001,0.965842,MEX,GRC,8
1770618,138,90,8,1988.0,43423.0,0.0,0.878661,1.049591,MEX,GRC,8
1770619,138,90,8,1970.0,2819.0,0.0,0.599816,1.2039360000000001,MEX,GRC,8
1770620,138,90,8,1989.0,75935.0,10060.0,0.802458,0.943542,MEX,GRC,8
1770621,138,90,8,1987.0,4407.0,38746.0,0.928841,0.8776229999999999,MEX,GRC,8
1770622,138,90,8,1963.0,1346.0,0.0,0.057322000000000005,-0.048449,MEX,GRC,8
1770623,138,90,8,1964.0,4548.0,0.0,0.32740199999999997,0.368216,MEX,GRC,8
1770624,138,90,8,1966.0,920.0,0.0,0.296671,0.184462,MEX,GRC,8
1770625,138,90,8,1968.0,2935.0,2692.0,0.306611,0.36893000000000004,MEX,GRC,8
1770626,138,90,8,1969.0,1650.0,0.0,0.41125,0.7825840000000001,MEX,GRC,8
1770627,138,90,8,1971.0,4085.0,0.0,0.694692,1.631725,MEX,GRC,8
1770628,138,90,8,1972.0,4645.0,0.0,0.6568430000000001,1.6043399999999999,MEX,GRC,8
1770629,138,90,8,1973.0,1538.0,0.0,0.7579060000000001,1.64432,MEX,GRC,8
1770630,138,90,8,1974.0,12870.0,28286.0,0.645679,1.6436130000000002,MEX,GRC,8
1770631,138,90,8,1975.0,9186.0,9509.0,0.683904,1.757929,MEX,GRC,8
1770632,138,90,8,1982.0,3945.0,19921.0,0.25311500000000003,0.038212,MEX,GRC,8
1770633,138,90,8,1986.0,16259.0,91111.0,0.805869,0.731842,MEX,GRC,8
1770634,138,90,8,1976.0,2410.0,0.0,0.643543,2.056419,MEX,GRC,8
1770635,138,90,8,1965.0,6760.0,2193.0,0.259986,0.043336,MEX,GRC,8
1770636,138,90,8,1978.0,32280.0,17017.0,0.614887,1.220836,MEX,GRC,8
1770637,138,90,8,1979.0,27400.0,1942.0,0.478788,0.881078,MEX,GRC,8
1770638,138,90,8,1980.0,43167.0,0.0,0.17366900000000002,0.22654699999999997,MEX,GRC,8
1770639,138,90,8,1981.0,38850.0,0.0,0.290964,0.241825,MEX,GRC,8
1770640,138,90,8,1984.0,3164.0,28118.0,0.51868,0.38679600000000003,MEX,GRC,8
1770641,138,90,8,1985.0,1577.0,74987.0,0.479921,0.2904,MEX,GRC,8
1770642,138,90,8,1977.0,74706.0,13820.0,0.6877850000000001,1.6720279999999998,MEX,GRC,8
1770643,139,90,8,2015.0,0.0,346329.0,-0.6714479999999999,-0.8107449999999999,MHL,GRC,8
1770644,139,90,8,2019.0,0.0,1288965.0,-0.266518,-0.8362719999999999,MHL,GRC,8
1770645,139,90,8,2009.0,0.0,77345.0,-0.708991,-0.992167,MHL,GRC,8
1770646,139,90,8,2014.0,0.0,206307.0,-0.634134,-0.881969,MHL,GRC,8
1770647,139,90,8,2018.0,0.0,1073850.0,-0.131983,-0.743376,MHL,GRC,8
1770648,139,90,8,2016.0,0.0,1268749.0,0.083737,-0.705874,MHL,GRC,8
1770649,139,90,8,2017.0,5659.0,1190114.0,-0.306304,-0.774964,MHL,GRC,8
1770650,139,90,8,2020.0,1280.0,1452407.0,-0.110975,-0.839666,MHL,GRC,8
1770651,139,90,8,2007.0,0.0,3126.0,-0.803229,-0.9218350000000001,MHL,GRC,8
1770652,139,90,8,1995.0,0.0,2977.0,-0.0061719999999999995,-0.7124560000000001,MHL,GRC,8
1770653,139,90,8,1996.0,0.0,42718.0,0.016018,-0.686802,MHL,GRC,8
1770654,139,90,8,1997.0,0.0,7321.0,-0.30945700000000004,-0.822207,MHL,GRC,8
1770655,139,90,8,1998.0,0.0,52649.0,-0.6031529999999999,-0.9170389999999999,MHL,GRC,8
1770656,139,90,8,1999.0,0.0,23889.0,0.23909499999999997,-0.8144600000000001,MHL,GRC,8
1770657,139,90,8,2000.0,0.0,152993.0,0.5375979999999999,-0.723407,MHL,GRC,8
1770658,139,90,8,2001.0,0.0,53265.0,-0.092602,-0.928477,MHL,GRC,8
1770659,139,90,8,2002.0,0.0,34839.0,0.769126,-0.845166,MHL,GRC,8
1770660,139,90,8,2003.0,0.0,577239.0,-1.3829879999999999,-0.9721280000000001,MHL,GRC,8
1770661,139,90,8,2004.0,0.0,63371.0,-0.712684,-0.88944,MHL,GRC,8
1770662,139,90,8,2005.0,0.0,85630.0,-1.0337459999999998,-0.957706,MHL,GRC,8
1770663,139,90,8,2006.0,0.0,99499.0,-0.932843,-0.956528,MHL,GRC,8
1770664,139,90,8,2008.0,17661.0,26451.0,-1.144843,-1.012846,MHL,GRC,8
1770665,139,90,8,2013.0,0.0,6276.0,-0.9199700000000001,-0.776832,MHL,GRC,8
1770666,140,90,8,2008.0,141455002.0,62536667.0,-0.064286,-0.035164999999999995,MKD,GRC,8
1770667,140,90,8,2014.0,50354342.0,23153740.0,-0.216313,-0.214403,MKD,GRC,8
1770668,140,90,8,2015.0,45628597.0,18936884.0,-0.30188000000000004,-0.25053800000000004,MKD,GRC,8
1770669,140,90,8,2012.0,54437671.0,21736369.0,-0.08785599999999999,0.153128,MKD,GRC,8
1770670,140,90,8,1997.0,11907140.0,19639469.0,0.297389,0.735171,MKD,GRC,8
1770671,140,90,8,2007.0,95070879.0,59978901.0,-0.049089,0.039016,MKD,GRC,8
1770672,140,90,8,2010.0,80026254.0,30906559.0,-0.09500800000000001,0.5715180000000001,MKD,GRC,8
1770673,140,90,8,2011.0,61501679.0,29353636.0,-0.091852,0.245837,MKD,GRC,8
1770674,140,90,8,2013.0,59174386.0,23004160.0,-0.127775,0.21915900000000002,MKD,GRC,8
1770675,140,90,8,1994.0,251000.0,670864.0,0.31500100000000003,0.584921,MKD,GRC,8
1770676,140,90,8,1995.0,747438.0,1726671.0,0.397889,0.8246120000000001,MKD,GRC,8
1770677,140,90,8,1996.0,8822132.0,15006838.0,0.36478,0.760475,MKD,GRC,8
1770678,140,90,8,1998.0,21755796.0,21832458.0,0.035436,0.563886,MKD,GRC,8
1770679,140,90,8,1999.0,24171274.0,23333180.0,0.12855899999999998,0.362245,MKD,GRC,8
1770680,140,90,8,2000.0,27911269.0,25517788.0,0.159675,0.429424,MKD,GRC,8
1770681,140,90,8,2001.0,29627576.0,29113117.0,0.085844,0.413947,MKD,GRC,8
1770682,140,90,8,2002.0,13317510.0,32200077.0,-0.027727999999999996,0.41846400000000006,MKD,GRC,8
1770683,140,90,8,2003.0,17981989.0,50127258.0,-0.19072,0.21450500000000003,MKD,GRC,8
1770684,140,90,8,2004.0,22829983.0,62293015.0,-0.120439,0.27624899999999997,MKD,GRC,8
1770685,140,90,8,2005.0,25007854.0,67805142.0,-0.12096900000000001,0.25146799999999997,MKD,GRC,8
1770686,140,90,8,2006.0,27691161.0,57510976.0,-0.098526,0.423279,MKD,GRC,8
1770687,140,90,8,2009.0,103131646.0,44923830.0,-0.16478800000000002,0.599934,MKD,GRC,8
1770688,140,90,8,2016.0,47376370.0,21344461.0,-0.249664,-0.338412,MKD,GRC,8
1770689,140,90,8,2017.0,40246629.0,20001915.0,-0.12182799999999999,-0.333793,MKD,GRC,8
1770690,140,90,8,2018.0,43791508.0,22641733.0,0.056548,-0.273964,MKD,GRC,8
1770691,140,90,8,2019.0,37659669.0,24558550.0,0.024356,-0.23683800000000002,MKD,GRC,8
1770692,140,90,8,2020.0,35253633.0,18687376.0,0.0735,-0.18281,MKD,GRC,8
1770693,140,90,8,1993.0,1997064.0,3578119.0,0.367175,0.636579,MKD,GRC,8
1770694,141,90,8,2012.0,0.0,26183.0,-0.675086,-0.8228139999999999,MLI,GRC,8
1770695,141,90,8,2014.0,19678.0,6310.0,-1.027153,-1.0197370000000001,MLI,GRC,8
1770696,141,90,8,2018.0,0.0,4373.0,-0.805876,-0.907854,MLI,GRC,8
1770697,141,90,8,1987.0,0.0,36205.0,-1.383,-1.016465,MLI,GRC,8
1770698,141,90,8,2000.0,16934.0,95462.0,-0.38716799999999996,-0.511165,MLI,GRC,8
1770699,141,90,8,2002.0,16570.0,0.0,-0.786698,-0.682438,MLI,GRC,8
1770700,141,90,8,2004.0,0.0,2949.0,-0.5807979999999999,-0.797311,MLI,GRC,8
1770701,141,90,8,2017.0,0.0,5842.0,-0.49141,-0.595619,MLI,GRC,8
1770702,141,90,8,2005.0,124382.0,26700.0,-0.778636,-0.763707,MLI,GRC,8
1770703,141,90,8,2007.0,15392.0,0.0,-0.456322,-0.607762,MLI,GRC,8
1770704,141,90,8,2006.0,44161.0,0.0,-0.588006,-0.687707,MLI,GRC,8
1770705,141,90,8,1999.0,32577.0,64408.0,-0.847831,-0.931591,MLI,GRC,8
1770706,141,90,8,2001.0,0.0,42510.0,-0.176802,-0.408531,MLI,GRC,8
1770707,141,90,8,2019.0,0.0,17772.0,-0.43471899999999997,-0.624693,MLI,GRC,8
1770708,141,90,8,1973.0,0.0,1734.0,-0.718575,-0.84791,MLI,GRC,8
1770709,141,90,8,1990.0,0.0,12764.0,-1.129184,-1.00394,MLI,GRC,8
1770710,141,90,8,1989.0,0.0,43730.0,-1.1794120000000001,-1.017368,MLI,GRC,8
1770711,141,90,8,1991.0,0.0,15387.0,-1.164814,-1.054701,MLI,GRC,8
1770712,141,90,8,1979.0,0.0,21092.0,-0.737966,-0.8526520000000001,MLI,GRC,8
1770713,142,90,8,2002.0,255840.0,1992827.0,0.901235,-0.140261,MLT,GRC,8
1770714,142,90,8,2005.0,1240595.0,2814950.0,1.2852270000000001,0.153449,MLT,GRC,8
1770715,142,90,8,2017.0,1496549.0,10007237.0,0.9943420000000001,0.181922,MLT,GRC,8
1770716,142,90,8,2010.0,13920950.0,3763704.0,1.1047280000000002,-0.043448,MLT,GRC,8
1770717,142,90,8,2011.0,15457094.0,10934788.0,1.3687,0.271872,MLT,GRC,8
1770718,142,90,8,2012.0,7017612.0,7175603.0,0.775001,0.048663,MLT,GRC,8
1770719,142,90,8,2016.0,1638026.0,13239101.0,0.981182,-0.029401999999999998,MLT,GRC,8
1770720,142,90,8,2009.0,2057834.0,4661767.0,1.17049,-0.060003999999999995,MLT,GRC,8
1770721,142,90,8,1995.0,3038949.0,2512962.0,0.799365,0.133745,MLT,GRC,8
1770722,142,90,8,1996.0,1475533.0,3350773.0,1.245592,0.446754,MLT,GRC,8
1770723,142,90,8,1998.0,151630.0,2856505.0,1.057158,0.050761,MLT,GRC,8
1770724,142,90,8,2015.0,3276989.0,22111472.0,0.9189790000000001,-0.049510000000000005,MLT,GRC,8
1770725,142,90,8,2001.0,154942.0,2248330.0,1.048708,-0.04453,MLT,GRC,8
1770726,142,90,8,2003.0,129331.0,2542091.0,1.151718,0.008945999999999999,MLT,GRC,8
1770727,142,90,8,2004.0,805715.0,2421535.0,1.2290379999999999,-0.025372,MLT,GRC,8
1770728,142,90,8,2006.0,1609137.0,3036996.0,1.5366819999999999,0.301101,MLT,GRC,8
1770729,142,90,8,2007.0,2176916.0,3609110.0,1.140276,0.001703,MLT,GRC,8
1770730,142,90,8,2008.0,2860323.0,4872756.0,0.8579180000000001,-0.23272800000000002,MLT,GRC,8
1770731,142,90,8,2013.0,4408327.0,5538478.0,0.710108,-0.014586000000000002,MLT,GRC,8
1770732,142,90,8,2014.0,3510346.0,6290440.0,0.8871379999999999,0.088535,MLT,GRC,8
1770733,142,90,8,2018.0,1994886.0,11261108.0,0.860195,0.281449,MLT,GRC,8
1770734,142,90,8,2019.0,1457082.0,11737903.0,0.9242239999999999,0.390323,MLT,GRC,8
1770735,142,90,8,2020.0,4070754.0,9880986.0,1.003599,0.301402,MLT,GRC,8
1770736,142,90,8,1992.0,305385.0,1063966.0,0.828211,0.29226599999999997,MLT,GRC,8
1770737,142,90,8,1993.0,841379.0,1548018.0,0.6577569999999999,0.092062,MLT,GRC,8
1770738,142,90,8,1994.0,953414.0,1288708.0,0.9412219999999999,0.288028,MLT,GRC,8
1770739,142,90,8,1990.0,495461.0,847431.0,0.817028,0.41492399999999996,MLT,GRC,8
1770740,142,90,8,1991.0,177333.0,1268149.0,0.726128,0.274333,MLT,GRC,8
1770741,142,90,8,1999.0,115390.0,2793108.0,1.010725,0.013572999999999998,MLT,GRC,8
1770742,142,90,8,1997.0,391378.0,2445341.0,1.1063180000000001,0.377209,MLT,GRC,8
1770743,142,90,8,1970.0,11478.0,15082.0,1.466004,1.391708,MLT,GRC,8
1770744,142,90,8,1973.0,30550.0,17128.0,1.228172,1.161741,MLT,GRC,8
1770745,142,90,8,1974.0,2450.0,49614.0,0.935966,0.8213729999999999,MLT,GRC,8
1770746,142,90,8,1975.0,0.0,39493.0,0.970233,0.7204510000000001,MLT,GRC,8
1770747,142,90,8,2000.0,523372.0,2671828.0,0.8771450000000001,-0.013614,MLT,GRC,8
1770748,142,90,8,1964.0,0.0,4038.0,1.43706,1.438957,MLT,GRC,8
1770749,142,90,8,1965.0,728.0,2010.0,1.543563,1.387133,MLT,GRC,8
1770750,142,90,8,1966.0,5515.0,4164.0,1.401881,1.110668,MLT,GRC,8
1770751,142,90,8,1967.0,2395.0,5772.0,1.483878,1.598863,MLT,GRC,8
1770752,142,90,8,1968.0,5138.0,5549.0,1.418505,1.216724,MLT,GRC,8
1770753,142,90,8,1969.0,1554.0,8179.0,1.3613309999999998,0.882164,MLT,GRC,8
1770754,142,90,8,1971.0,54265.0,14730.0,1.567812,1.889177,MLT,GRC,8
1770755,142,90,8,1972.0,0.0,14909.0,1.523621,1.428215,MLT,GRC,8
1770756,142,90,8,1980.0,55733.0,47530.0,1.046441,0.410362,MLT,GRC,8
1770757,142,90,8,1981.0,0.0,64935.0,0.89551,0.10887899999999999,MLT,GRC,8
1770758,142,90,8,1982.0,15344.0,37610.0,0.724795,0.11381199999999998,MLT,GRC,8
1770759,142,90,8,1983.0,6958.0,11569.0,0.979475,0.8618239999999999,MLT,GRC,8
1770760,142,90,8,1984.0,34589.0,37404.0,1.052508,0.668014,MLT,GRC,8
1770761,142,90,8,1985.0,34705.0,238137.0,0.851187,0.342943,MLT,GRC,8
1770762,142,90,8,1986.0,10271.0,386221.0,0.974736,0.42371899999999996,MLT,GRC,8
1770763,142,90,8,1987.0,42780.0,533125.0,1.1105450000000001,0.618648,MLT,GRC,8
1770764,142,90,8,1988.0,16064.0,409766.0,0.892497,0.448341,MLT,GRC,8
1770765,142,90,8,1989.0,4668.0,661250.0,0.871589,0.26261799999999996,MLT,GRC,8
1770766,142,90,8,1979.0,9463.0,39285.0,1.0601040000000002,0.280713,MLT,GRC,8
1770767,142,90,8,1978.0,29660.0,25736.0,1.023309,0.351352,MLT,GRC,8
1770768,142,90,8,1977.0,40799.0,45404.0,0.9824780000000001,0.506551,MLT,GRC,8
1770769,142,90,8,1976.0,6878.0,52089.0,1.07226,-0.065674,MLT,GRC,8
1770770,143,90,8,2016.0,610413.0,128598.0,-1.0789600000000001,-0.6471180000000001,MMR,GRC,8
1770771,143,90,8,2017.0,2009834.0,18315.0,-0.9113129999999999,-0.21514,MMR,GRC,8
1770772,143,90,8,2018.0,2327927.0,12619.0,-0.9970469999999999,-0.28486,MMR,GRC,8
1770773,143,90,8,2019.0,3358376.0,92214.0,-0.9807299999999999,-0.43845100000000004,MMR,GRC,8
1770774,143,90,8,2011.0,17059.0,0.0,-1.0726280000000001,-0.888908,MMR,GRC,8
1770775,143,90,8,2012.0,170844.0,0.0,-1.157555,-0.9009149999999999,MMR,GRC,8
1770776,143,90,8,2015.0,178731.0,3561.0,-1.174086,-0.870763,MMR,GRC,8
1770777,143,90,8,2020.0,3619972.0,91479.0,-0.8549899999999999,-0.284576,MMR,GRC,8
1770778,143,90,8,2013.0,4544.0,0.0,-1.147086,-0.6888989999999999,MMR,GRC,8
1770779,143,90,8,2009.0,112286.0,0.0,-1.244501,-1.105809,MMR,GRC,8
1770780,143,90,8,2010.0,161246.0,0.0,-1.29567,-1.005681,MMR,GRC,8
1770781,143,90,8,2001.0,84282.0,0.0,-1.284563,-1.021743,MMR,GRC,8
1770782,143,90,8,2005.0,364984.0,0.0,-1.1166719999999999,-0.9735719999999999,MMR,GRC,8
1770783,143,90,8,2007.0,301606.0,0.0,-1.0254459999999999,-1.019119,MMR,GRC,8
1770784,143,90,8,2008.0,558247.0,0.0,-1.0491780000000002,-1.066249,MMR,GRC,8
1770785,143,90,8,2014.0,168029.0,0.0,-1.350593,-1.1112229999999998,MMR,GRC,8
1770786,143,90,8,2004.0,1096554.0,0.0,-1.048261,-0.828443,MMR,GRC,8
1770787,143,90,8,1997.0,204524.0,85922.0,-1.222694,-0.9493,MMR,GRC,8
1770788,143,90,8,1999.0,205019.0,73174.0,-1.1996959999999999,-0.932732,MMR,GRC,8
1770789,143,90,8,2000.0,1389209.0,3319.0,-1.260786,-0.9277549999999999,MMR,GRC,8
1770790,143,90,8,2003.0,887475.0,0.0,-1.312549,-1.0431540000000001,MMR,GRC,8
1770791,143,90,8,2006.0,592731.0,0.0,-1.203184,-1.081708,MMR,GRC,8
1770792,143,90,8,1998.0,319940.0,0.0,-1.385269,-1.027679,MMR,GRC,8
1770793,143,90,8,1991.0,0.0,16353.0,-1.551466,-1.038634,MMR,GRC,8
1770794,143,90,8,1994.0,21906.0,0.0,-1.308876,-0.9957,MMR,GRC,8
1770795,143,90,8,1995.0,57006.0,0.0,-1.29487,-1.077059,MMR,GRC,8
1770796,143,90,8,1996.0,184205.0,0.0,-1.3258219999999998,-1.068414,MMR,GRC,8
1770797,144,90,8,2017.0,134549.0,3395083.0,0.132462,-0.071601,MNE,GRC,8
1770798,144,90,8,2008.0,94508.0,4875901.0,0.215858,-0.031889999999999995,MNE,GRC,8
1770799,144,90,8,2009.0,308651.0,3088936.0,0.192614,0.152314,MNE,GRC,8
1770800,144,90,8,2007.0,164217.0,1790955.0,0.282555,-0.075901,MNE,GRC,8
1770801,144,90,8,2015.0,44536.0,2528643.0,0.087423,-0.061439999999999995,MNE,GRC,8
1770802,144,90,8,2010.0,5267.0,2834815.0,0.139878,0.149496,MNE,GRC,8
1770803,144,90,8,2016.0,41101.0,2376053.0,0.002245,-0.10263599999999999,MNE,GRC,8
1770804,144,90,8,2006.0,152308.0,1189548.0,0.057147,-0.145592,MNE,GRC,8
1770805,144,90,8,2011.0,5154.0,2597813.0,0.239071,0.17215899999999998,MNE,GRC,8
1770806,144,90,8,2012.0,94482.0,2867109.0,0.028479,-0.045841,MNE,GRC,8
1770807,144,90,8,2013.0,5350.0,2769981.0,0.09597,-0.019953,MNE,GRC,8
1770808,144,90,8,2014.0,4410.0,3191480.0,-0.007741,0.018085,MNE,GRC,8
1770809,144,90,8,2018.0,54105.0,3184248.0,0.166157,0.132633,MNE,GRC,8
1770810,144,90,8,2019.0,47452.0,4734949.0,0.171514,0.075619,MNE,GRC,8
1770811,144,90,8,2020.0,158248.0,3641023.0,0.44799399999999995,0.369553,MNE,GRC,8
1770812,145,90,8,2007.0,0.0,29004.0,-0.939614,-1.106075,MNG,GRC,8
1770813,145,90,8,2016.0,0.0,264490.0,-0.9833780000000001,-1.062642,MNG,GRC,8
1770814,145,90,8,2011.0,0.0,64004.0,-1.054251,-1.1361940000000001,MNG,GRC,8
1770815,145,90,8,2013.0,0.0,202037.0,-1.264785,-1.133222,MNG,GRC,8
1770816,145,90,8,1998.0,0.0,28193.0,-0.49914,-0.9194030000000001,MNG,GRC,8
1770817,145,90,8,2014.0,0.0,51295.0,-1.368502,-1.17111,MNG,GRC,8
1770818,145,90,8,2017.0,0.0,363454.0,-1.110506,-1.179734,MNG,GRC,8
1770819,145,90,8,2018.0,0.0,485944.0,-0.892013,-1.115228,MNG,GRC,8
1770820,145,90,8,2019.0,0.0,544418.0,-0.972248,-1.149567,MNG,GRC,8
1770821,145,90,8,2020.0,0.0,677957.0,-0.952039,-1.154592,MNG,GRC,8
1770822,145,90,8,2003.0,242985.0,10422.0,-0.902598,-0.9985639999999999,MNG,GRC,8
1770823,145,90,8,2004.0,141294.0,7096.0,-0.920198,-1.1059219999999998,MNG,GRC,8
1770824,145,90,8,2006.0,0.0,3992.0,-0.806932,-1.01265,MNG,GRC,8
1770825,145,90,8,2008.0,0.0,119565.0,-1.1098270000000001,-1.1428049999999998,MNG,GRC,8
1770826,145,90,8,2015.0,0.0,172371.0,-1.2489780000000001,-1.190787,MNG,GRC,8
1770827,145,90,8,1999.0,0.0,11423.0,-0.526119,-0.8697739999999999,MNG,GRC,8
1770828,145,90,8,2005.0,0.0,53062.0,-0.825124,-0.951892,MNG,GRC,8
1770829,145,90,8,2012.0,0.0,105766.0,-1.3442459999999998,-1.2096280000000001,MNG,GRC,8
1770830,145,90,8,2009.0,0.0,19207.0,-0.875101,-1.142075,MNG,GRC,8
1770831,145,90,8,2010.0,0.0,92336.0,-1.3688639999999999,-1.1984219999999999,MNG,GRC,8
1770832,147,90,8,2004.0,6454.0,14326.0,-1.009633,-0.9863059999999999,MOZ,GRC,8
1770833,147,90,8,2006.0,11997.0,12732.0,-1.199074,-1.031059,MOZ,GRC,8
1770834,147,90,8,2008.0,0.0,1423.0,-0.971075,-0.761736,MOZ,GRC,8
1770835,147,90,8,2010.0,0.0,13860.0,-1.459845,-1.136655,MOZ,GRC,8
1770836,147,90,8,2011.0,0.0,2543.0,-1.195406,-1.021141,MOZ,GRC,8
1770837,147,90,8,2012.0,4188.0,9615.0,-1.274567,-1.045444,MOZ,GRC,8
1770838,147,90,8,2013.0,0.0,130058.0,-1.131512,-0.8923840000000001,MOZ,GRC,8
1770839,147,90,8,2014.0,6096.0,93120.0,-1.03106,-0.9325260000000001,MOZ,GRC,8
1770840,147,90,8,2016.0,0.0,22512.0,-1.207606,-1.0223879999999999,MOZ,GRC,8
1770841,147,90,8,2017.0,0.0,35568.0,-1.3967319999999999,-1.1603290000000002,MOZ,GRC,8
1770842,147,90,8,2018.0,1633.0,49721.0,-1.253762,-1.0049,MOZ,GRC,8
1770843,147,90,8,2019.0,0.0,8803.0,-1.0364010000000001,-0.9562780000000001,MOZ,GRC,8
1770844,147,90,8,2020.0,0.0,20042.0,-0.97635,-0.859301,MOZ,GRC,8
1770845,147,90,8,2003.0,0.0,9280.0,-1.2237120000000001,-1.139856,MOZ,GRC,8
1770846,147,90,8,2009.0,20601.0,9367.0,-0.945944,-0.735951,MOZ,GRC,8
1770847,147,90,8,2015.0,1209.0,71172.0,-1.275013,-1.1228040000000001,MOZ,GRC,8
1770848,147,90,8,1988.0,0.0,3357.0,-0.311215,-0.498834,MOZ,GRC,8
1770849,147,90,8,1990.0,0.0,4049.0,-0.228127,-0.5266390000000001,MOZ,GRC,8
1770850,148,90,8,2007.0,0.0,2410.0,-1.8598400000000002,-1.331928,MRT,GRC,8
1770851,148,90,8,2008.0,0.0,106194.0,-1.9497659999999999,-1.299826,MRT,GRC,8
1770852,148,90,8,2009.0,1292.0,0.0,-1.35091,-1.250775,MRT,GRC,8
1770853,148,90,8,2010.0,0.0,3466.0,-2.0091189999999997,-1.367105,MRT,GRC,8
1770854,148,90,8,2011.0,0.0,32583.0,-1.559539,-1.268515,MRT,GRC,8
1770855,148,90,8,2012.0,0.0,343128.0,-1.501575,-1.294704,MRT,GRC,8
1770856,148,90,8,2015.0,0.0,313361.0,-1.411345,-1.3443889999999998,MRT,GRC,8
1770857,148,90,8,2016.0,0.0,723163.0,-1.5601770000000001,-1.3474899999999999,MRT,GRC,8
1770858,148,90,8,2017.0,0.0,32095.0,-1.516459,-1.362156,MRT,GRC,8
1770859,148,90,8,2018.0,0.0,33619.0,-1.219419,-1.2586,MRT,GRC,8
1770860,148,90,8,2019.0,0.0,134210.0,-1.306057,-1.33136,MRT,GRC,8
1770861,148,90,8,2020.0,1835.0,182827.0,-1.270725,-1.3417379999999999,MRT,GRC,8
1770862,148,90,8,2004.0,0.0,55176.0,-1.8941119999999998,-1.357728,MRT,GRC,8
1770863,148,90,8,2006.0,0.0,5117.0,-1.729545,-1.284734,MRT,GRC,8
1770864,148,90,8,2003.0,0.0,287915.0,-0.7146319999999999,-1.162298,MRT,GRC,8
1770865,148,90,8,2000.0,0.0,32338.0,-1.444615,-1.29284,MRT,GRC,8
1770866,148,90,8,2001.0,0.0,9300.0,-1.112149,-1.292716,MRT,GRC,8
1770867,148,90,8,2002.0,0.0,3795.0,-1.053061,-1.221967,MRT,GRC,8
1770868,148,90,8,2005.0,0.0,6557.0,-1.369536,-1.3059610000000001,MRT,GRC,8
1770869,148,90,8,1996.0,3240.0,0.0,-1.182626,-1.228759,MRT,GRC,8
1770870,148,90,8,1993.0,26500.0,18555.0,-1.498157,-1.14031,MRT,GRC,8
1770871,148,90,8,1994.0,0.0,51678.0,-1.229392,-1.128448,MRT,GRC,8
1770872,148,90,8,1999.0,0.0,2276.0,-1.272609,-1.3199670000000001,MRT,GRC,8
1770873,149,90,8,2015.0,0.0,27505.0,1.90172,-0.0016820000000000001,MSR,GRC,8
1770874,150,90,8,1995.0,0.0,30923.0,0.44416300000000003,-0.339895,MTQ,GRC,8
1770875,150,90,8,1989.0,0.0,36415.0,0.8836620000000001,0.022384,MTQ,GRC,8
1770876,150,90,8,1984.0,0.0,26805.0,0.714881,-0.13553800000000002,MTQ,GRC,8
1770877,150,90,8,1985.0,0.0,45518.0,0.677481,-0.23769,MTQ,GRC,8
1770878,150,90,8,1987.0,0.0,25045.0,0.39953099999999997,-0.360973,MTQ,GRC,8
1770879,150,90,8,1988.0,0.0,46023.0,0.739695,-0.16935899999999998,MTQ,GRC,8
1770880,151,90,8,2018.0,58668.0,1326160.0,-0.268625,0.104254,MUS,GRC,8
1770881,151,90,8,2019.0,130704.0,1352269.0,-0.137899,0.10323800000000001,MUS,GRC,8
1770882,151,90,8,2007.0,943983.0,32233.0,-0.17294600000000002,-0.08138200000000001,MUS,GRC,8
1770883,151,90,8,2009.0,446110.0,14985.0,-0.0442,0.199713,MUS,GRC,8
1770884,151,90,8,2010.0,194146.0,7525.0,-0.07980599999999999,0.12,MUS,GRC,8
1770885,151,90,8,2011.0,131186.0,36414.0,-0.0589,0.162453,MUS,GRC,8
1770886,151,90,8,2013.0,141403.0,50094.0,-0.092312,0.050927,MUS,GRC,8
1770887,151,90,8,2014.0,166436.0,47754.0,-0.055786,-0.1488,MUS,GRC,8
1770888,151,90,8,2015.0,215675.0,42447.0,-0.185329,-0.146188,MUS,GRC,8
1770889,151,90,8,2016.0,95769.0,444033.0,-0.334969,0.005404,MUS,GRC,8
1770890,151,90,8,2017.0,86751.0,544306.0,-0.166097,-0.050332,MUS,GRC,8
1770891,151,90,8,2020.0,61680.0,887365.0,-0.072103,-0.044161,MUS,GRC,8
1770892,151,90,8,2004.0,997548.0,24732.0,-0.161262,-0.29730300000000004,MUS,GRC,8
1770893,151,90,8,2006.0,675953.0,5066.0,-0.214308,-0.140502,MUS,GRC,8
1770894,151,90,8,2012.0,160388.0,37478.0,-0.101344,0.22300100000000003,MUS,GRC,8
1770895,151,90,8,2008.0,1013276.0,65160.0,-0.151571,-0.200682,MUS,GRC,8
1770896,151,90,8,2001.0,180477.0,22165.0,-0.304271,-0.589387,MUS,GRC,8
1770897,151,90,8,1992.0,246703.0,0.0,-0.249558,-0.643201,MUS,GRC,8
1770898,151,90,8,1993.0,87238.0,6060.0,-0.400954,-0.742909,MUS,GRC,8
1770899,151,90,8,1994.0,350115.0,10302.0,-0.598288,-0.876289,MUS,GRC,8
1770900,151,90,8,1995.0,116959.0,34291.0,-0.49199899999999996,-0.7521260000000001,MUS,GRC,8
1770901,151,90,8,1996.0,475256.0,158828.0,-0.578699,-0.831889,MUS,GRC,8
1770902,151,90,8,1997.0,398064.0,17822.0,-0.42358999999999997,-0.680841,MUS,GRC,8
1770903,151,90,8,1998.0,661760.0,55165.0,-0.515278,-0.748609,MUS,GRC,8
1770904,151,90,8,1999.0,301162.0,45317.0,-0.48113599999999995,-0.68872,MUS,GRC,8
1770905,151,90,8,2000.0,222060.0,19496.0,-0.472778,-0.6301760000000001,MUS,GRC,8
1770906,151,90,8,2002.0,245205.0,6342.0,-0.382062,-0.379224,MUS,GRC,8
1770907,151,90,8,2003.0,326751.0,23294.0,-0.251788,-0.391239,MUS,GRC,8
1770908,151,90,8,2005.0,718300.0,8785.0,-0.164476,-0.021706,MUS,GRC,8
1770909,151,90,8,1991.0,111010.0,4927.0,-0.356145,-0.715591,MUS,GRC,8
1770910,151,90,8,1990.0,11858.0,23543.0,-0.238304,-0.758329,MUS,GRC,8
1770911,151,90,8,1983.0,0.0,10234.0,0.266459,-0.506005,MUS,GRC,8
1770912,152,90,8,2004.0,0.0,90154.0,-1.233417,-1.071204,MWI,GRC,8
1770913,152,90,8,2019.0,28879.0,2764.0,-1.058986,-1.1202299999999998,MWI,GRC,8
1770914,152,90,8,2017.0,0.0,6336.0,-0.838501,-0.938642,MWI,GRC,8
1770915,152,90,8,2020.0,1229.0,278351.0,-0.962397,-1.067791,MWI,GRC,8
1770916,152,90,8,2011.0,3912.0,0.0,-1.080622,-0.965384,MWI,GRC,8
1770917,152,90,8,2005.0,0.0,5675.0,-1.328354,-1.209611,MWI,GRC,8
1770918,152,90,8,1995.0,12960.0,0.0,-1.0242200000000001,-0.943327,MWI,GRC,8
1770919,152,90,8,2003.0,1690.0,4979.0,-1.562397,-1.275652,MWI,GRC,8
1770920,152,90,8,1990.0,7193.0,0.0,-1.145412,-1.1038219999999999,MWI,GRC,8
1770921,152,90,8,1988.0,4395.0,0.0,-1.179462,-1.109059,MWI,GRC,8
1770922,152,90,8,1977.0,0.0,81362.0,-0.138379,-0.548675,MWI,GRC,8
1770923,152,90,8,1979.0,0.0,64176.0,-0.412868,-0.725685,MWI,GRC,8
1770924,152,90,8,1980.0,0.0,49062.0,-0.339081,-0.621135,MWI,GRC,8
1770925,152,90,8,1981.0,0.0,13416.0,-0.27115100000000003,-0.6605,MWI,GRC,8
1770926,153,90,8,2002.0,10696133.0,240691.0,0.9987159999999999,0.26558200000000004,MYS,GRC,8
1770927,153,90,8,2008.0,35558117.0,147765.0,0.928428,0.48990100000000003,MYS,GRC,8
1770928,153,90,8,2011.0,23374411.0,378876.0,1.023615,0.6364770000000001,MYS,GRC,8
1770929,153,90,8,2012.0,22727786.0,655885.0,0.93739,0.726329,MYS,GRC,8
1770930,153,90,8,2013.0,23660777.0,606821.0,0.924532,0.671334,MYS,GRC,8
1770931,153,90,8,2014.0,27262479.0,431788.0,0.995226,0.7797810000000001,MYS,GRC,8
1770932,153,90,8,2015.0,25504261.0,385392.0,1.041984,0.773634,MYS,GRC,8
1770933,153,90,8,2016.0,20331013.0,1157016.0,1.091156,0.8383370000000001,MYS,GRC,8
1770934,153,90,8,2017.0,27551531.0,489196.0,1.022117,0.6711739999999999,MYS,GRC,8
1770935,153,90,8,2019.0,27760314.0,2807187.0,1.137286,0.711695,MYS,GRC,8
1770936,153,90,8,1990.0,3145626.0,968580.0,0.172319,0.274509,MYS,GRC,8
1770937,153,90,8,1992.0,5866493.0,1030524.0,0.14268499999999998,0.370079,MYS,GRC,8
1770938,153,90,8,1994.0,6546140.0,107125.0,0.391369,0.337687,MYS,GRC,8
1770939,153,90,8,1996.0,11060810.0,270027.0,0.5493640000000001,0.248484,MYS,GRC,8
1770940,153,90,8,2005.0,18725428.0,316078.0,0.922459,0.21455300000000002,MYS,GRC,8
1770941,153,90,8,2006.0,24744701.0,191407.0,0.9497270000000001,0.324179,MYS,GRC,8
1770942,153,90,8,2007.0,33593942.0,387993.0,0.948463,0.33418600000000004,MYS,GRC,8
1770943,153,90,8,1995.0,5661718.0,119128.0,0.42428699999999997,0.210883,MYS,GRC,8
1770944,153,90,8,1999.0,8985724.0,259088.0,0.81818,0.204866,MYS,GRC,8
1770945,153,90,8,2010.0,24652773.0,92367.0,0.8855870000000001,0.523093,MYS,GRC,8
1770946,153,90,8,2000.0,8626794.0,142159.0,0.789007,0.16084600000000002,MYS,GRC,8
1770947,153,90,8,2003.0,15785484.0,113246.0,1.106399,0.165321,MYS,GRC,8
1770948,153,90,8,2004.0,19758800.0,307567.0,1.250098,0.352379,MYS,GRC,8
1770949,153,90,8,2009.0,27148628.0,329334.0,0.7363810000000001,0.57739,MYS,GRC,8
1770950,153,90,8,1991.0,5462739.0,1337700.0,0.087548,0.23637800000000003,MYS,GRC,8
1770951,153,90,8,1993.0,7212005.0,389473.0,0.276802,0.267217,MYS,GRC,8
1770952,153,90,8,1997.0,10190578.0,72475.0,0.526754,0.33065700000000003,MYS,GRC,8
1770953,153,90,8,1998.0,9425540.0,181950.0,0.484235,0.05134299999999999,MYS,GRC,8
1770954,153,90,8,2018.0,35186784.0,1082696.0,1.047185,0.732742,MYS,GRC,8
1770955,153,90,8,1975.0,9104.0,2435.0,0.18199500000000002,0.19133699999999998,MYS,GRC,8
1770956,153,90,8,1978.0,59912.0,42962.0,0.033495,0.046748000000000005,MYS,GRC,8
1770957,153,90,8,1979.0,75554.0,30245.0,-0.22575,-0.128172,MYS,GRC,8
1770958,153,90,8,1980.0,50652.0,65110.0,-0.23523899999999998,-0.037528,MYS,GRC,8
1770959,153,90,8,1981.0,57572.0,7747.0,-0.011448999999999999,0.096506,MYS,GRC,8
1770960,153,90,8,1982.0,92829.0,29026.0,0.035615,0.177628,MYS,GRC,8
1770961,153,90,8,1985.0,277702.0,22624.0,-0.002045,0.168149,MYS,GRC,8
1770962,153,90,8,2001.0,6601649.0,300141.0,0.894191,0.310677,MYS,GRC,8
1770963,153,90,8,2020.0,41982265.0,484588.0,1.1176540000000001,0.711091,MYS,GRC,8
1770964,153,90,8,1987.0,728526.0,5885.0,0.039266,0.191524,MYS,GRC,8
1770965,153,90,8,1986.0,505674.0,1314098.0,-0.06608,0.095339,MYS,GRC,8
1770966,153,90,8,1989.0,1878020.0,942957.0,0.109537,0.274865,MYS,GRC,8
1770967,153,90,8,1988.0,1206650.0,415655.0,-0.055667999999999995,0.195692,MYS,GRC,8
1770968,153,90,8,1971.0,385.0,0.0,-0.636547,-0.648471,MYS,GRC,8
1770969,153,90,8,1973.0,63994.0,0.0,-0.014421000000000002,-0.269755,MYS,GRC,8
1770970,153,90,8,1974.0,4500.0,9617.0,-0.230594,-0.402958,MYS,GRC,8
1770971,153,90,8,1983.0,218915.0,28566.0,0.16255899999999998,0.21936799999999998,MYS,GRC,8
1770972,153,90,8,1984.0,125726.0,219381.0,0.12648399999999999,0.172768,MYS,GRC,8
1770973,153,90,8,1976.0,0.0,6109.0,0.162526,-0.042948,MYS,GRC,8
1770974,153,90,8,1977.0,27005.0,111390.0,0.285688,0.29785300000000003,MYS,GRC,8
1770975,154,90,8,2006.0,0.0,13443.0,1.459222,0.528891,MYT,GRC,8
1770976,154,90,8,2007.0,0.0,45149.0,1.002489,0.094458,MYT,GRC,8
1770977,154,90,8,2008.0,0.0,10773.0,1.1938010000000001,-0.028437,MYT,GRC,8
1770978,154,90,8,2009.0,0.0,28987.0,1.23805,0.311251,MYT,GRC,8
1770979,155,90,8,2001.0,0.0,14059.0,-0.536003,-0.7165590000000001,NAM,GRC,8
1770980,155,90,8,2002.0,0.0,17017.0,-0.137725,-0.361452,NAM,GRC,8
1770981,155,90,8,2003.0,11512.0,0.0,-0.187027,-0.357388,NAM,GRC,8
1770982,155,90,8,2004.0,15338.0,0.0,-0.408989,-0.462016,NAM,GRC,8
1770983,155,90,8,2005.0,21646.0,25009.0,-0.43010200000000004,-0.43786499999999995,NAM,GRC,8
1770984,155,90,8,2008.0,5195.0,19818.0,-0.07931,-0.23347600000000002,NAM,GRC,8
1770985,155,90,8,2009.0,3758.0,15311.0,0.080358,0.177531,NAM,GRC,8
1770986,155,90,8,2010.0,3181.0,30888.0,-0.713893,-0.746379,NAM,GRC,8
1770987,155,90,8,2012.0,1277.0,11293.0,-0.404252,-0.330913,NAM,GRC,8
1770988,155,90,8,2013.0,0.0,98410.0,-0.316805,-0.38759099999999996,NAM,GRC,8
1770989,155,90,8,2014.0,6908.0,338722.0,-0.5218020000000001,-0.502617,NAM,GRC,8
1770990,155,90,8,2015.0,44545.0,231755.0,-0.379262,-0.574771,NAM,GRC,8
1770991,155,90,8,2016.0,0.0,167398.0,-0.506252,-0.8029350000000001,NAM,GRC,8
1770992,155,90,8,2017.0,1088.0,68929.0,-0.501017,-0.716238,NAM,GRC,8
1770993,155,90,8,2018.0,37352.0,53254.0,-0.45412600000000003,-0.673077,NAM,GRC,8
1770994,155,90,8,2019.0,0.0,38174.0,-0.24699200000000002,-0.569818,NAM,GRC,8
1770995,155,90,8,2020.0,3996.0,16612.0,-0.529092,-0.6274489999999999,NAM,GRC,8
1770996,156,90,8,2015.0,0.0,22191.0,-0.41530600000000006,-0.7263649999999999,NCL,GRC,8
1770997,156,90,8,2019.0,0.0,62800.0,-0.276914,-0.884917,NCL,GRC,8
1770998,156,90,8,2009.0,23388.0,4906.0,1.381075,0.5244489999999999,NCL,GRC,8
1770999,156,90,8,2010.0,0.0,17600.0,-0.494325,-0.919657,NCL,GRC,8
1771000,156,90,8,2002.0,0.0,46309.0,-0.7477739999999999,-1.006248,NCL,GRC,8
1771001,156,90,8,2007.0,0.0,57128.0,-0.39008699999999996,-0.894438,NCL,GRC,8
1771002,156,90,8,2011.0,0.0,30535.0,-0.947253,-0.8520639999999999,NCL,GRC,8
1771003,156,90,8,2012.0,0.0,19975.0,-0.650737,-0.897949,NCL,GRC,8
1771004,156,90,8,2013.0,0.0,18552.0,-0.262882,-0.63858,NCL,GRC,8
1771005,156,90,8,2014.0,0.0,26225.0,-0.201994,-0.723618,NCL,GRC,8
1771006,156,90,8,2016.0,0.0,98420.0,-0.630577,-0.934391,NCL,GRC,8
1771007,156,90,8,2017.0,0.0,79825.0,-0.346671,-0.871627,NCL,GRC,8
1771008,156,90,8,2018.0,0.0,24296.0,-0.260395,-0.805425,NCL,GRC,8
1771009,156,90,8,2020.0,0.0,53018.0,-0.697285,-0.956773,NCL,GRC,8
1771010,156,90,8,2006.0,0.0,47067.0,-0.42703900000000006,-0.840608,NCL,GRC,8
1771011,156,90,8,2000.0,0.0,93308.0,-0.138942,-0.903899,NCL,GRC,8
1771012,156,90,8,2003.0,0.0,182515.0,-0.637526,-0.931008,NCL,GRC,8
1771013,156,90,8,2008.0,0.0,104743.0,-0.741008,-0.98766,NCL,GRC,8
1771014,156,90,8,1980.0,0.0,12729.0,-0.8920110000000001,-0.275999,NCL,GRC,8
1771015,156,90,8,1989.0,0.0,2200.0,-1.117126,-0.78068,NCL,GRC,8
1771016,156,90,8,2001.0,0.0,24362.0,-0.523924,-0.9363049999999999,NCL,GRC,8
1771017,157,90,8,2010.0,0.0,66438.0,-0.752637,-0.807718,NER,GRC,8
1771018,157,90,8,2011.0,0.0,70019.0,-0.813231,-0.812128,NER,GRC,8
1771019,157,90,8,2012.0,0.0,87361.0,-1.274453,-1.12791,NER,GRC,8
1771020,157,90,8,2008.0,0.0,7005.0,-0.78364,-0.7536930000000001,NER,GRC,8
1771021,157,90,8,2020.0,0.0,1226.0,-0.618949,-0.943068,NER,GRC,8
1771022,157,90,8,2013.0,0.0,2883.0,-1.0008350000000001,-0.8325670000000001,NER,GRC,8
1771023,157,90,8,2018.0,4006.0,2203.0,-0.432568,-0.841635,NER,GRC,8
1771024,157,90,8,1997.0,0.0,13156.0,-0.31505500000000003,-0.542254,NER,GRC,8
1771025,157,90,8,1999.0,33642.0,0.0,-0.715503,-0.821434,NER,GRC,8
1771026,157,90,8,2001.0,0.0,1356.0,-0.674176,-0.627373,NER,GRC,8
1771027,157,90,8,2002.0,0.0,39881.0,-0.562837,-0.333649,NER,GRC,8
1771028,157,90,8,2003.0,0.0,23284.0,-0.389677,-0.653403,NER,GRC,8
1771029,157,90,8,2006.0,0.0,29451.0,-0.52447,-0.641225,NER,GRC,8
1771030,157,90,8,2007.0,0.0,4569.0,-0.443137,-0.630311,NER,GRC,8
1771031,157,90,8,2009.0,0.0,2208.0,-1.219207,-1.008606,NER,GRC,8
1771032,157,90,8,2015.0,0.0,9142.0,-1.467358,-1.132858,NER,GRC,8
1771033,157,90,8,1998.0,0.0,14564.0,-0.352296,-0.6629520000000001,NER,GRC,8
1771034,157,90,8,2000.0,0.0,10014.0,-0.8181390000000001,-0.527107,NER,GRC,8
1771035,157,90,8,1992.0,0.0,5850.0,0.056698,-0.6624770000000001,NER,GRC,8
1771036,157,90,8,1995.0,3372.0,0.0,-0.541089,-0.7424569999999999,NER,GRC,8
1771037,157,90,8,1990.0,0.0,1496.0,-0.373754,-0.6894239999999999,NER,GRC,8
1771038,157,90,8,1982.0,0.0,34222.0,-1.0190489999999999,-0.503483,NER,GRC,8
1771039,157,90,8,1991.0,0.0,17932.0,-0.497032,-0.7149909999999999,NER,GRC,8
1771040,157,90,8,1993.0,0.0,3383.0,-1.161707,-0.851686,NER,GRC,8
1771041,157,90,8,1989.0,0.0,6159.0,-1.406694,-0.823067,NER,GRC,8
1771042,157,90,8,1981.0,0.0,7005.0,-0.20376,-0.288396,NER,GRC,8
1771043,157,90,8,1987.0,0.0,1288.0,-1.705756,-0.7488130000000001,NER,GRC,8
1771044,157,90,8,1975.0,16762.0,0.0,0.018123,-0.23387399999999997,NER,GRC,8
1771045,159,90,8,2015.0,20763.0,1026404.0,-1.861028,-1.3094219999999999,NGA,GRC,8
1771046,159,90,8,2016.0,45500.0,381692.0,-1.7380830000000003,-1.306938,NGA,GRC,8
1771047,159,90,8,2001.0,10185.0,1411670.0,-1.9085759999999998,-1.335279,NGA,GRC,8
1771048,159,90,8,1997.0,1014.0,228613.0,-1.8354990000000002,-1.246493,NGA,GRC,8
1771049,159,90,8,2007.0,40523.0,441841.0,-2.0977639999999997,-1.2535610000000001,NGA,GRC,8
1771050,159,90,8,2008.0,86685.0,914935.0,-1.778615,-1.157746,NGA,GRC,8
1771051,159,90,8,2009.0,21208.0,294538.0,-1.6672770000000001,-1.211684,NGA,GRC,8
1771052,159,90,8,2010.0,30246.0,1127576.0,-1.901832,-1.294873,NGA,GRC,8
1771053,159,90,8,2018.0,13260.0,1834707.0,-1.839074,-1.29837,NGA,GRC,8
1771054,159,90,8,2020.0,9186.0,578251.0,-1.734357,-1.270669,NGA,GRC,8
1771055,159,90,8,1999.0,3559.0,213732.0,-1.975043,-1.349625,NGA,GRC,8
1771056,159,90,8,2013.0,340250.0,1190030.0,-1.679402,-1.14686,NGA,GRC,8
1771057,159,90,8,2019.0,3625.0,3896984.0,-1.7790650000000001,-1.2846469999999999,NGA,GRC,8
1771058,159,90,8,1969.0,0.0,1029.0,-1.29786,-0.7996300000000001,NGA,GRC,8
1771059,159,90,8,1991.0,0.0,128700.0,-1.4970430000000001,-1.0340690000000001,NGA,GRC,8
1771060,159,90,8,1998.0,5899.0,236008.0,-1.8314849999999998,-1.264084,NGA,GRC,8
1771061,159,90,8,2000.0,6684.0,706284.0,-2.192487,-1.30587,NGA,GRC,8
1771062,159,90,8,2002.0,1641.0,2600646.0,-1.705991,-1.292926,NGA,GRC,8
1771063,159,90,8,2003.0,4711.0,2248304.0,-1.621206,-1.267474,NGA,GRC,8
1771064,159,90,8,2011.0,346598.0,884546.0,-1.870959,-1.21894,NGA,GRC,8
1771065,159,90,8,2012.0,17230.0,1179944.0,-1.616498,-1.174816,NGA,GRC,8
1771066,159,90,8,2014.0,5911.0,3249767.0,-1.9012419999999999,-1.229264,NGA,GRC,8
1771067,159,90,8,2017.0,118606.0,723831.0,-1.784814,-1.310281,NGA,GRC,8
1771068,159,90,8,1964.0,0.0,1737.0,-1.136649,-0.727962,NGA,GRC,8
1771069,159,90,8,1970.0,0.0,3330.0,-1.545118,-0.931257,NGA,GRC,8
1771070,159,90,8,1971.0,1555.0,39694.0,-1.6915639999999998,-0.8931879999999999,NGA,GRC,8
1771071,159,90,8,1972.0,1809.0,39173.0,-1.7500470000000001,-0.8320770000000001,NGA,GRC,8
1771072,159,90,8,1966.0,0.0,828.0,-1.169983,-0.765738,NGA,GRC,8
1771073,159,90,8,2006.0,7462.0,766835.0,-2.088278,-1.224464,NGA,GRC,8
1771074,159,90,8,1973.0,0.0,96550.0,-1.7040060000000001,-0.905192,NGA,GRC,8
1771075,159,90,8,1974.0,0.0,177745.0,-1.401333,-0.767889,NGA,GRC,8
1771076,159,90,8,1975.0,0.0,253676.0,-1.6496240000000002,-0.748165,NGA,GRC,8
1771077,159,90,8,1978.0,0.0,1386938.0,-2.058504,-0.883114,NGA,GRC,8
1771078,159,90,8,1979.0,0.0,108455.0,-2.30652,-0.873491,NGA,GRC,8
1771079,159,90,8,1980.0,0.0,5231925.0,-2.340704,-0.8543950000000001,NGA,GRC,8
1771080,159,90,8,1981.0,0.0,4324950.0,-2.104174,-0.857851,NGA,GRC,8
1771081,159,90,8,2004.0,6391.0,2534705.0,-2.336753,-1.350375,NGA,GRC,8
1771082,159,90,8,1965.0,0.0,3912.0,-1.106387,-0.725463,NGA,GRC,8
1771083,159,90,8,1967.0,0.0,3232.0,-1.09407,-0.767981,NGA,GRC,8
1771084,159,90,8,1968.0,0.0,2555.0,-1.317379,-0.822881,NGA,GRC,8
1771085,159,90,8,1977.0,0.0,367450.0,-1.31184,-0.65393,NGA,GRC,8
1771086,159,90,8,1983.0,0.0,153127.0,-2.127742,-0.920115,NGA,GRC,8
1771087,159,90,8,1976.0,0.0,487676.0,-1.377693,-0.586013,NGA,GRC,8
1771088,159,90,8,1982.0,0.0,1354784.0,-2.1058209999999997,-0.918272,NGA,GRC,8
1771089,159,90,8,1996.0,6524.0,254455.0,-1.9253069999999999,-1.247116,NGA,GRC,8
1771090,159,90,8,2005.0,8461.0,3904925.0,-2.2570639999999997,-1.333231,NGA,GRC,8
1771091,159,90,8,1993.0,0.0,90423.0,-2.1761049999999997,-1.18574,NGA,GRC,8
1771092,159,90,8,1984.0,0.0,91692.0,-2.068768,-0.881851,NGA,GRC,8
1771093,159,90,8,1985.0,0.0,143752.0,-2.1006,-0.864152,NGA,GRC,8
1771094,159,90,8,1986.0,0.0,33010.0,-1.911464,-0.9621120000000001,NGA,GRC,8
1771095,159,90,8,1987.0,0.0,46113.0,-1.658475,-0.994129,NGA,GRC,8
1771096,159,90,8,1988.0,0.0,79728.0,-1.700404,-0.9974540000000001,NGA,GRC,8
1771097,159,90,8,1989.0,389527.0,31595.0,-1.803848,-0.9890700000000001,NGA,GRC,8
1771098,159,90,8,1990.0,28040.0,41408.0,-1.8804189999999998,-1.087064,NGA,GRC,8
1771099,159,90,8,1992.0,0.0,370676.0,-2.275923,-1.178983,NGA,GRC,8
1771100,159,90,8,1994.0,0.0,126204.0,-2.208386,-1.226365,NGA,GRC,8
1771101,159,90,8,1995.0,0.0,229808.0,-2.110916,-1.2619690000000001,NGA,GRC,8
1771102,160,90,8,2012.0,29322.0,0.0,-0.6056279999999999,-0.404956,NIC,GRC,8
1771103,160,90,8,2014.0,31805.0,31432.0,-0.85321,-0.796656,NIC,GRC,8
1771104,160,90,8,2015.0,31682.0,19734.0,-1.0135040000000002,-0.932377,NIC,GRC,8
1771105,160,90,8,2006.0,0.0,6706.0,-0.9416120000000001,-0.888491,NIC,GRC,8
1771106,160,90,8,2001.0,4236.0,0.0,-0.865941,-0.617108,NIC,GRC,8
1771107,160,90,8,2002.0,2500.0,0.0,-0.634946,-0.37966,NIC,GRC,8
1771108,160,90,8,2016.0,31540.0,101809.0,-0.954131,-0.9000389999999999,NIC,GRC,8
1771109,160,90,8,2017.0,42125.0,72821.0,-0.974065,-0.791551,NIC,GRC,8
1771110,160,90,8,2018.0,3687.0,92879.0,-0.8788790000000001,-0.747015,NIC,GRC,8
1771111,160,90,8,2013.0,39345.0,1687.0,-0.7956479999999999,-0.596061,NIC,GRC,8
1771112,160,90,8,2019.0,20685.0,67212.0,-0.8926729999999999,-0.705071,NIC,GRC,8
1771113,160,90,8,2008.0,0.0,48757.0,-0.63345,-0.472214,NIC,GRC,8
1771114,160,90,8,1986.0,55303.0,0.0,-0.517428,-0.603909,NIC,GRC,8
1771115,160,90,8,1988.0,79981.0,0.0,-0.11381400000000001,-0.454384,NIC,GRC,8
1771116,160,90,8,1993.0,22618.0,0.0,-0.404133,-0.25785,NIC,GRC,8
1771117,160,90,8,1998.0,0.0,844405.0,-0.790738,-0.601911,NIC,GRC,8
1771118,160,90,8,2009.0,28675.0,0.0,-0.798077,-0.640991,NIC,GRC,8
1771119,160,90,8,2010.0,18969.0,0.0,-0.887474,-0.710771,NIC,GRC,8
1771120,160,90,8,2000.0,0.0,118402.0,-0.753571,-0.620488,NIC,GRC,8
1771121,160,90,8,2007.0,50626.0,10301.0,-0.713383,-0.7620140000000001,NIC,GRC,8
1771122,160,90,8,1996.0,0.0,3193.0,-0.810879,-0.64475,NIC,GRC,8
1771123,160,90,8,2011.0,36608.0,0.0,-0.732085,-0.623949,NIC,GRC,8
1771124,160,90,8,2020.0,11481.0,9050.0,-0.804711,-0.6022270000000001,NIC,GRC,8
1771125,160,90,8,1981.0,33504.0,165708.0,-0.951567,-0.955083,NIC,GRC,8
1771126,160,90,8,1982.0,2658.0,0.0,-1.021179,-0.974435,NIC,GRC,8
1771127,160,90,8,1985.0,10747.0,0.0,-1.259085,-0.935019,NIC,GRC,8
1771128,160,90,8,1987.0,0.0,25473.0,-0.045188,-0.574304,NIC,GRC,8
1771129,160,90,8,1991.0,1593.0,0.0,-0.48451099999999997,-0.456842,NIC,GRC,8
1771130,162,90,8,1989.0,37220042.0,42942215.0,1.402509,1.7133330000000002,NLD,GRC,8
1771131,162,90,8,1990.0,50517246.0,47520072.0,1.475375,1.697396,NLD,GRC,8
1771132,162,90,8,1991.0,53678767.0,41896894.0,1.4946840000000001,1.811405,NLD,GRC,8
1771133,162,90,8,1992.0,68307623.0,45191118.0,1.4315069999999999,1.7107450000000002,NLD,GRC,8
1771134,162,90,8,1993.0,73863111.0,37183617.0,1.452553,1.605166,NLD,GRC,8
1771135,162,90,8,1994.0,120511721.0,46104444.0,1.431846,1.608867,NLD,GRC,8
1771136,162,90,8,1995.0,89665946.0,54803188.0,1.403942,1.653311,NLD,GRC,8
1771137,162,90,8,1996.0,89297967.0,75752297.0,1.331177,1.6320430000000001,NLD,GRC,8
1771138,162,90,8,1997.0,978757379.0,108000779.0,1.327106,1.520932,NLD,GRC,8
1771139,162,90,8,1998.0,88363548.0,83228568.0,1.305919,1.497666,NLD,GRC,8
1771140,162,90,8,1999.0,119720922.0,83168994.0,1.4220540000000002,1.275317,NLD,GRC,8
1771141,162,90,8,2000.0,129448709.0,68378718.0,1.259257,1.595796,NLD,GRC,8
1771142,162,90,8,2001.0,134395449.0,66754875.0,1.299569,1.487015,NLD,GRC,8
1771143,162,90,8,2002.0,143764340.0,59569310.0,1.175777,1.667472,NLD,GRC,8
1771144,162,90,8,2003.0,193437472.0,70407579.0,1.241407,1.447459,NLD,GRC,8
1771145,162,90,8,2004.0,244283876.0,84610901.0,1.171327,1.6369799999999999,NLD,GRC,8
1771146,162,90,8,2005.0,266962155.0,71400575.0,1.0774059999999999,1.610825,NLD,GRC,8
1771147,162,90,8,2006.0,292650687.0,69039992.0,1.115718,1.4743680000000001,NLD,GRC,8
1771148,162,90,8,2007.0,330414747.0,76836156.0,0.9985809999999999,1.468116,NLD,GRC,8
1771149,162,90,8,2008.0,439238625.0,71952627.0,1.0692979999999999,1.311695,NLD,GRC,8
1771150,162,90,8,2009.0,408210982.0,53121326.0,1.101546,1.232905,NLD,GRC,8
1771151,162,90,8,2010.0,352720080.0,45265064.0,1.102171,1.253737,NLD,GRC,8
1771152,162,90,8,2011.0,283588051.0,59519472.0,0.995517,1.548989,NLD,GRC,8
1771153,162,90,8,2012.0,242862344.0,45526354.0,0.961975,1.517883,NLD,GRC,8
1771154,162,90,8,2013.0,254911661.0,54586055.0,1.012006,1.441545,NLD,GRC,8
1771155,162,90,8,2014.0,299791909.0,53428467.0,1.08881,1.320941,NLD,GRC,8
1771156,162,90,8,2015.0,246566636.0,78983581.0,1.135062,1.338365,NLD,GRC,8
1771157,162,90,8,2016.0,278303078.0,108886226.0,1.132192,1.412512,NLD,GRC,8
1771158,162,90,8,2017.0,288002938.0,125767680.0,1.090805,1.452409,NLD,GRC,8
1771159,162,90,8,2018.0,333574700.0,115281056.0,1.060964,1.491808,NLD,GRC,8
1771160,162,90,8,2019.0,375893454.0,104476775.0,1.1094540000000002,1.335874,NLD,GRC,8
1771161,162,90,8,2020.0,342987077.0,80906348.0,0.986038,1.540414,NLD,GRC,8
1771162,162,90,8,1962.0,487204.0,5139.0,1.533548,2.937284,NLD,GRC,8
1771163,162,90,8,1963.0,888729.0,86529.0,1.489825,3.113276,NLD,GRC,8
1771164,162,90,8,1964.0,1075239.0,254588.0,1.563843,3.03784,NLD,GRC,8
1771165,162,90,8,1965.0,1108072.0,175584.0,1.649933,3.145235,NLD,GRC,8
1771166,162,90,8,1966.0,1327137.0,244112.0,1.509701,2.959854,NLD,GRC,8
1771167,162,90,8,1967.0,1322126.0,362116.0,1.476428,3.057667,NLD,GRC,8
1771168,162,90,8,1968.0,2520377.0,486994.0,1.4081620000000001,2.841383,NLD,GRC,8
1771169,162,90,8,1969.0,1504743.0,313059.0,1.415815,2.7428049999999997,NLD,GRC,8
1771170,162,90,8,1970.0,3550971.0,649506.0,1.429006,2.563438,NLD,GRC,8
1771171,162,90,8,1971.0,3240845.0,1513608.0,1.3564690000000001,2.749828,NLD,GRC,8
1771172,162,90,8,1972.0,3770585.0,3529883.0,1.366963,2.705669,NLD,GRC,8
1771173,162,90,8,1973.0,5337957.0,8460745.0,1.380759,2.5777509999999997,NLD,GRC,8
1771174,162,90,8,1974.0,5038704.0,10348214.0,1.1901030000000001,2.348171,NLD,GRC,8
1771175,162,90,8,1975.0,6412377.0,11095891.0,1.248438,2.236579,NLD,GRC,8
1771176,162,90,8,1978.0,8915102.0,43168625.0,1.449735,2.0375330000000003,NLD,GRC,8
1771177,162,90,8,1979.0,10695670.0,52430671.0,1.3693170000000001,1.994645,NLD,GRC,8
1771178,162,90,8,1980.0,11545053.0,58443097.0,1.217013,1.957872,NLD,GRC,8
1771179,162,90,8,1981.0,13151110.0,30945776.0,1.219753,1.8593009999999999,NLD,GRC,8
1771180,162,90,8,1982.0,12213581.0,24989416.0,1.314926,1.8739720000000002,NLD,GRC,8
1771181,162,90,8,1983.0,11502946.0,20401208.0,1.281772,2.0243900000000004,NLD,GRC,8
1771182,162,90,8,1984.0,10122413.0,23970040.0,1.354452,1.957254,NLD,GRC,8
1771183,162,90,8,1985.0,13593934.0,24221326.0,1.375418,2.034757,NLD,GRC,8
1771184,162,90,8,1986.0,15716105.0,44267703.0,1.480742,1.983198,NLD,GRC,8
1771185,162,90,8,1987.0,20364881.0,56227792.0,1.47632,1.911861,NLD,GRC,8
1771186,162,90,8,1988.0,26505279.0,47440553.0,1.377961,1.784727,NLD,GRC,8
1771187,162,90,8,1976.0,3303054.0,20396115.0,1.309456,2.307354,NLD,GRC,8
1771188,162,90,8,1977.0,4601472.0,26551407.0,1.171244,2.2098139999999997,NLD,GRC,8
1771189,163,90,8,1988.0,1352210.0,21793403.0,1.119009,0.860124,NOR,GRC,8
1771190,163,90,8,1992.0,3110104.0,31426941.0,0.877965,0.444983,NOR,GRC,8
1771191,163,90,8,1993.0,3133250.0,19241612.0,0.673673,0.091587,NOR,GRC,8
1771192,163,90,8,1994.0,2944249.0,19908535.0,0.677984,0.073548,NOR,GRC,8
1771193,163,90,8,1995.0,2921671.0,18212387.0,0.874725,0.283974,NOR,GRC,8
1771194,163,90,8,1996.0,5394658.0,18228272.0,0.8207270000000001,0.043619,NOR,GRC,8
1771195,163,90,8,1997.0,2986851.0,14070307.0,0.857735,0.061844,NOR,GRC,8
1771196,163,90,8,1998.0,4469918.0,19440512.0,0.880834,0.21940900000000002,NOR,GRC,8
1771197,163,90,8,1999.0,5686751.0,13589591.0,0.7915949999999999,0.048119,NOR,GRC,8
1771198,163,90,8,2000.0,5093970.0,8294122.0,0.6499050000000001,-0.177091,NOR,GRC,8
1771199,163,90,8,2001.0,4570216.0,11567212.0,0.542366,-0.180336,NOR,GRC,8
1771200,163,90,8,2002.0,5324526.0,10447456.0,0.689588,-0.007016,NOR,GRC,8
1771201,163,90,8,2003.0,3295713.0,10483751.0,0.880567,0.090791,NOR,GRC,8
1771202,163,90,8,2005.0,4655417.0,6207397.0,0.7313470000000001,-0.169473,NOR,GRC,8
1771203,163,90,8,2019.0,4240091.0,11758126.0,0.5470550000000001,0.051401999999999996,NOR,GRC,8
1771204,163,90,8,2020.0,4413952.0,10595623.0,0.69338,0.389574,NOR,GRC,8
1771205,163,90,8,2018.0,3934807.0,12710150.0,0.359254,-0.059994000000000006,NOR,GRC,8
1771206,163,90,8,2017.0,4552607.0,9649874.0,0.393228,0.049788,NOR,GRC,8
1771207,163,90,8,2007.0,11384661.0,4456046.0,0.6422939999999999,-0.063288,NOR,GRC,8
1771208,163,90,8,2008.0,7950535.0,10499641.0,0.687366,-0.10496099999999998,NOR,GRC,8
1771209,163,90,8,2009.0,5055206.0,7180503.0,0.788151,0.110703,NOR,GRC,8
1771210,163,90,8,2013.0,28979670.0,7929294.0,0.710901,0.062705,NOR,GRC,8
1771211,163,90,8,2014.0,2518455.0,10489142.0,0.678424,0.137871,NOR,GRC,8
1771212,163,90,8,2016.0,4976689.0,8425525.0,0.664183,0.206877,NOR,GRC,8
1771213,163,90,8,1968.0,129972.0,50988.0,1.258037,1.6438409999999999,NOR,GRC,8
1771214,163,90,8,1970.0,176708.0,21532.0,1.2290379999999999,1.668913,NOR,GRC,8
1771215,163,90,8,1971.0,171969.0,103484.0,1.297569,1.870238,NOR,GRC,8
1771216,163,90,8,1972.0,525146.0,318287.0,1.404788,1.779527,NOR,GRC,8
1771217,163,90,8,1973.0,664453.0,352451.0,1.347887,1.77788,NOR,GRC,8
1771218,163,90,8,1974.0,811871.0,737524.0,1.2255850000000001,1.697141,NOR,GRC,8
1771219,163,90,8,1975.0,1343025.0,510675.0,1.174116,1.610365,NOR,GRC,8
1771220,163,90,8,1976.0,432695.0,1117756.0,1.376782,1.32616,NOR,GRC,8
1771221,163,90,8,1977.0,400532.0,1232952.0,1.13842,1.1624379999999999,NOR,GRC,8
1771222,163,90,8,1978.0,427501.0,1108196.0,1.240006,1.1593959999999999,NOR,GRC,8
1771223,163,90,8,1979.0,728236.0,1700541.0,1.113457,1.2216799999999999,NOR,GRC,8
1771224,163,90,8,1980.0,684713.0,1680482.0,1.1544450000000002,1.159076,NOR,GRC,8
1771225,163,90,8,1981.0,1221785.0,2734000.0,1.104344,0.923651,NOR,GRC,8
1771226,163,90,8,1982.0,864285.0,3916864.0,1.138012,0.887727,NOR,GRC,8
1771227,163,90,8,1983.0,625283.0,3134697.0,0.9881200000000001,0.656795,NOR,GRC,8
1771228,163,90,8,1984.0,670442.0,4400216.0,1.031595,0.659077,NOR,GRC,8
1771229,163,90,8,1985.0,1090877.0,7806632.0,1.013833,0.55561,NOR,GRC,8
1771230,163,90,8,1986.0,950190.0,15017144.0,1.032131,0.62498,NOR,GRC,8
1771231,163,90,8,1987.0,1592397.0,19979703.0,1.074678,0.7944939999999999,NOR,GRC,8
1771232,163,90,8,1989.0,1551715.0,28332301.0,1.077161,0.67269,NOR,GRC,8
1771233,163,90,8,1990.0,1437320.0,29279669.0,0.845469,0.48140900000000003,NOR,GRC,8
1771234,163,90,8,1991.0,4069325.0,24984238.0,0.9339430000000001,0.42701300000000003,NOR,GRC,8
1771235,163,90,8,2004.0,3736209.0,10005649.0,0.731175,-0.0655,NOR,GRC,8
1771236,163,90,8,2006.0,4367358.0,8472221.0,0.621685,-0.280378,NOR,GRC,8
1771237,163,90,8,2010.0,4016205.0,9031675.0,0.626526,0.06847400000000001,NOR,GRC,8
1771238,163,90,8,2011.0,3158656.0,9628748.0,0.603197,-0.022862999999999998,NOR,GRC,8
1771239,163,90,8,2012.0,2854339.0,7345332.0,0.5462670000000001,-0.042712,NOR,GRC,8
1771240,163,90,8,2015.0,3695405.0,7898439.0,0.867526,0.283342,NOR,GRC,8
1771241,163,90,8,1969.0,141980.0,74108.0,1.3578569999999999,1.6963599999999999,NOR,GRC,8
1771242,163,90,8,1966.0,80715.0,50731.0,1.301043,1.542461,NOR,GRC,8
1771243,163,90,8,1962.0,61273.0,29408.0,1.365959,1.6586459999999998,NOR,GRC,8
1771244,163,90,8,1963.0,54055.0,28878.0,1.2310530000000002,1.366435,NOR,GRC,8
1771245,163,90,8,1964.0,69533.0,46638.0,1.3216809999999999,1.657054,NOR,GRC,8
1771246,163,90,8,1965.0,57214.0,75103.0,1.216481,1.463149,NOR,GRC,8
1771247,163,90,8,1967.0,119541.0,36463.0,1.339392,1.8153439999999998,NOR,GRC,8
1771248,164,90,8,2012.0,269038.0,0.0,0.023836000000000003,0.702753,NPL,GRC,8
1771249,164,90,8,2013.0,428629.0,0.0,-0.08623,0.5143939999999999,NPL,GRC,8
1771250,164,90,8,2018.0,166457.0,6060.0,-0.15379500000000002,0.7814369999999999,NPL,GRC,8
1771251,164,90,8,2014.0,437169.0,0.0,-0.083094,0.349348,NPL,GRC,8
1771252,164,90,8,2015.0,287563.0,0.0,-0.256508,0.286593,NPL,GRC,8
1771253,164,90,8,2016.0,215331.0,0.0,-0.253328,0.33395199999999997,NPL,GRC,8
1771254,164,90,8,2011.0,210460.0,21673.0,-0.15132,0.6979270000000001,NPL,GRC,8
1771255,164,90,8,2003.0,192847.0,0.0,-0.372118,0.89617,NPL,GRC,8
1771256,164,90,8,1990.0,0.0,151497.0,-0.331911,-0.382588,NPL,GRC,8
1771257,164,90,8,2010.0,241745.0,0.0,-0.129615,0.671074,NPL,GRC,8
1771258,164,90,8,1998.0,309520.0,0.0,-0.490856,-0.224346,NPL,GRC,8
1771259,164,90,8,1999.0,131863.0,3547.0,-0.346066,0.23112399999999997,NPL,GRC,8
1771260,164,90,8,2000.0,196490.0,0.0,-0.366774,0.318676,NPL,GRC,8
1771261,164,90,8,2005.0,157125.0,0.0,-0.214221,0.535602,NPL,GRC,8
1771262,164,90,8,2007.0,203227.0,0.0,-0.152319,0.376404,NPL,GRC,8
1771263,164,90,8,2008.0,341119.0,0.0,-0.038117000000000005,0.441453,NPL,GRC,8
1771264,164,90,8,2009.0,278442.0,0.0,-0.22429000000000002,0.839073,NPL,GRC,8
1771265,164,90,8,2017.0,238218.0,0.0,-0.076879,0.530485,NPL,GRC,8
1771266,164,90,8,2019.0,163907.0,7241.0,-0.119381,0.15551900000000002,NPL,GRC,8
1771267,164,90,8,2020.0,144047.0,21815.0,-0.010426999999999999,0.128,NPL,GRC,8
1771268,164,90,8,2004.0,343408.0,0.0,-0.16800199999999998,0.541976,NPL,GRC,8
1771269,164,90,8,1997.0,170079.0,0.0,-0.282115,-0.237121,NPL,GRC,8
1771270,164,90,8,2001.0,134376.0,0.0,-0.34213699999999997,0.100496,NPL,GRC,8
1771271,164,90,8,2002.0,149857.0,1044.0,-0.065582,0.464797,NPL,GRC,8
1771272,164,90,8,2006.0,155667.0,0.0,-0.0014349999999999999,0.804425,NPL,GRC,8
1771273,165,90,8,1999.0,7123.0,23781.0,0.45641499999999996,-0.609191,NRU,GRC,8
1771274,165,90,8,2000.0,0.0,148754.0,1.203534,-0.409035,NRU,GRC,8
1771275,166,90,8,1997.0,287635.0,424239.0,0.372052,0.764854,NZL,GRC,8
1771276,166,90,8,2001.0,513488.0,269650.0,0.220307,0.689625,NZL,GRC,8
1771277,166,90,8,2002.0,552213.0,488315.0,0.370673,0.7853829999999999,NZL,GRC,8
1771278,166,90,8,2003.0,469914.0,609107.0,0.365665,1.038643,NZL,GRC,8
1771279,166,90,8,2004.0,382714.0,742244.0,0.44099099999999997,0.968326,NZL,GRC,8
1771280,166,90,8,2005.0,414969.0,840577.0,0.47451499999999996,0.825083,NZL,GRC,8
1771281,166,90,8,2006.0,342820.0,595918.0,0.40442100000000003,0.821033,NZL,GRC,8
1771282,166,90,8,2007.0,822413.0,514136.0,0.386121,0.851418,NZL,GRC,8
1771283,166,90,8,2008.0,712984.0,708653.0,0.32311799999999996,0.701337,NZL,GRC,8
1771284,166,90,8,2009.0,783584.0,480105.0,0.249389,0.789732,NZL,GRC,8
1771285,166,90,8,2010.0,676978.0,426044.0,0.16702899999999998,0.744585,NZL,GRC,8
1771286,166,90,8,2011.0,472445.0,663744.0,0.24326199999999998,0.674809,NZL,GRC,8
1771287,166,90,8,2012.0,114492.0,1260768.0,0.21502399999999997,0.746456,NZL,GRC,8
1771288,166,90,8,2013.0,172491.0,1379958.0,0.192237,0.429825,NZL,GRC,8
1771289,166,90,8,2014.0,362972.0,1276656.0,0.123649,0.26129,NZL,GRC,8
1771290,166,90,8,2015.0,145251.0,1261279.0,0.165415,0.170774,NZL,GRC,8
1771291,166,90,8,2016.0,304562.0,1249541.0,0.093306,0.194895,NZL,GRC,8
1771292,166,90,8,2017.0,358229.0,854154.0,0.154926,0.10981500000000001,NZL,GRC,8
1771293,166,90,8,2018.0,345123.0,903387.0,0.113398,0.017740000000000002,NZL,GRC,8
1771294,166,90,8,2019.0,219090.0,680361.0,0.197511,0.08897000000000001,NZL,GRC,8
1771295,166,90,8,2020.0,1637129.0,586541.0,0.166909,-0.042323,NZL,GRC,8
1771296,166,90,8,1998.0,128484.0,286430.0,0.380205,0.772704,NZL,GRC,8
1771297,166,90,8,1986.0,2412.0,16545.0,0.5238189999999999,0.650493,NZL,GRC,8
1771298,166,90,8,1999.0,147596.0,308644.0,0.34283,0.787984,NZL,GRC,8
1771299,166,90,8,2000.0,267863.0,319220.0,0.419671,0.809288,NZL,GRC,8
1771300,166,90,8,1990.0,101261.0,239688.0,0.45746899999999996,0.453269,NZL,GRC,8
1771301,166,90,8,1991.0,57356.0,392817.0,0.50289,0.507516,NZL,GRC,8
1771302,166,90,8,1992.0,89781.0,128761.0,0.41866000000000003,0.580581,NZL,GRC,8
1771303,166,90,8,1993.0,136945.0,140997.0,0.502268,0.591277,NZL,GRC,8
1771304,166,90,8,1995.0,275921.0,343489.0,0.50405,0.7742899999999999,NZL,GRC,8
1771305,166,90,8,1971.0,1731.0,0.0,0.188851,-0.346439,NZL,GRC,8
1771306,166,90,8,1972.0,980.0,19926.0,0.333073,-0.127549,NZL,GRC,8
1771307,166,90,8,1973.0,0.0,43686.0,0.339873,-0.102683,NZL,GRC,8
1771308,166,90,8,1974.0,5354.0,57908.0,0.356204,0.083901,NZL,GRC,8
1771309,166,90,8,1987.0,29785.0,23022.0,0.5235569999999999,0.464818,NZL,GRC,8
1771310,166,90,8,1988.0,21143.0,30703.0,0.444283,0.49882299999999996,NZL,GRC,8
1771311,166,90,8,1994.0,74827.0,209902.0,0.477714,0.5929810000000001,NZL,GRC,8
1771312,166,90,8,1996.0,98804.0,198968.0,0.404233,0.6724640000000001,NZL,GRC,8
1771313,166,90,8,1970.0,3476.0,0.0,0.246511,-0.32604299999999997,NZL,GRC,8
1771314,166,90,8,1975.0,0.0,45326.0,0.357408,0.140699,NZL,GRC,8
1771315,166,90,8,1979.0,2961.0,87333.0,0.402935,0.065919,NZL,GRC,8
1771316,166,90,8,1980.0,22120.0,53069.0,0.439512,0.172763,NZL,GRC,8
1771317,166,90,8,1981.0,40310.0,90457.0,0.525796,0.45058100000000006,NZL,GRC,8
1771318,166,90,8,1982.0,67606.0,76362.0,0.5159600000000001,0.447417,NZL,GRC,8
1771319,166,90,8,1983.0,14948.0,35870.0,0.503468,0.505518,NZL,GRC,8
1771320,166,90,8,1984.0,14538.0,37765.0,0.662454,0.773026,NZL,GRC,8
1771321,166,90,8,1985.0,11204.0,27339.0,0.5404359999999999,0.662651,NZL,GRC,8
1771322,166,90,8,1989.0,83617.0,35821.0,0.549917,0.5621649999999999,NZL,GRC,8
1771323,166,90,8,1977.0,0.0,48079.0,0.598404,0.34356,NZL,GRC,8
1771324,166,90,8,1976.0,0.0,11759.0,0.500272,0.216683,NZL,GRC,8
1771325,166,90,8,1978.0,6946.0,87217.0,0.61582,0.461726,NZL,GRC,8
1771326,167,90,8,2003.0,7912.0,38892.0,-1.542214,-1.2213120000000002,OMN,GRC,8
1771327,167,90,8,2004.0,17493.0,57643.0,-0.707862,-1.187629,OMN,GRC,8
1771328,167,90,8,2005.0,31235.0,128029.0,-0.8817719999999999,-1.223702,OMN,GRC,8
1771329,167,90,8,2006.0,18744.0,281214.0,-0.871816,-1.184985,OMN,GRC,8
1771330,167,90,8,2008.0,0.0,275302.0,-0.750267,-1.083,OMN,GRC,8
1771331,167,90,8,2009.0,2441.0,313707.0,-0.691392,-1.054871,OMN,GRC,8
1771332,167,90,8,2010.0,34941.0,759753.0,-0.507596,-1.026333,OMN,GRC,8
1771333,167,90,8,2011.0,0.0,1344881.0,-0.5908720000000001,-0.9839209999999999,OMN,GRC,8
1771334,167,90,8,2012.0,1228.0,652931.0,-0.782802,-1.065774,OMN,GRC,8
1771335,167,90,8,2013.0,22429.0,927642.0,-0.698693,-1.030814,OMN,GRC,8
1771336,167,90,8,2015.0,37387.0,1700366.0,-0.677215,-1.0969870000000002,OMN,GRC,8
1771337,167,90,8,1997.0,54090.0,124623.0,-0.233342,-0.9922049999999999,OMN,GRC,8
1771338,167,90,8,2018.0,5636.0,2579240.0,-0.513727,-0.9944280000000001,OMN,GRC,8
1771339,167,90,8,2019.0,0.0,2397579.0,-0.5015390000000001,-0.870091,OMN,GRC,8
1771340,167,90,8,1994.0,1163.0,122308.0,0.224352,-0.8435280000000001,OMN,GRC,8
1771341,167,90,8,1995.0,59556.0,242007.0,-0.197153,-0.9257639999999999,OMN,GRC,8
1771342,167,90,8,1996.0,49618.0,133796.0,-0.227075,-0.9778399999999999,OMN,GRC,8
1771343,167,90,8,1998.0,1714.0,108299.0,-0.203648,-0.891126,OMN,GRC,8
1771344,167,90,8,1999.0,3456.0,124711.0,-0.9077649999999999,-1.2635,OMN,GRC,8
1771345,167,90,8,2000.0,14884.0,88930.0,-1.291169,-1.3004040000000001,OMN,GRC,8
1771346,167,90,8,2001.0,194150.0,112996.0,-1.4727729999999999,-1.329588,OMN,GRC,8
1771347,167,90,8,2002.0,58201.0,114101.0,-1.307058,-1.270916,OMN,GRC,8
1771348,167,90,8,2007.0,3035.0,254510.0,-0.719648,-1.126694,OMN,GRC,8
1771349,167,90,8,2014.0,4079.0,567632.0,-0.7307060000000001,-1.060975,OMN,GRC,8
1771350,167,90,8,2016.0,2284.0,5725133.0,-0.594724,-1.019133,OMN,GRC,8
1771351,167,90,8,2017.0,12409.0,2147166.0,-0.44851199999999997,-0.9820049999999999,OMN,GRC,8
1771352,167,90,8,2020.0,6777.0,2046928.0,-0.269675,-0.8891700000000001,OMN,GRC,8
1771353,167,90,8,1980.0,0.0,149825.0,0.00692,-0.555358,OMN,GRC,8
1771354,167,90,8,1975.0,0.0,143189.0,-2.045461,-0.540795,OMN,GRC,8
1771355,167,90,8,1976.0,0.0,258421.0,-3.4450589999999996,-0.5057590000000001,OMN,GRC,8
1771356,167,90,8,1977.0,0.0,466957.0,-2.372337,-0.561385,OMN,GRC,8
1771357,167,90,8,1978.0,0.0,228606.0,-1.044362,-0.6501140000000001,OMN,GRC,8
1771358,167,90,8,1979.0,0.0,412857.0,0.090902,-0.585034,OMN,GRC,8
1771359,167,90,8,1981.0,0.0,190426.0,0.217892,-0.581591,OMN,GRC,8
1771360,167,90,8,1982.0,0.0,342213.0,-0.511274,-0.698328,OMN,GRC,8
1771361,167,90,8,1983.0,0.0,133334.0,-0.379211,-0.686588,OMN,GRC,8
1771362,167,90,8,1984.0,0.0,532675.0,-0.31992800000000005,-0.723819,OMN,GRC,8
1771363,167,90,8,1985.0,0.0,466369.0,0.32613400000000003,-0.588821,OMN,GRC,8
1771364,167,90,8,1986.0,0.0,499319.0,-0.5801689999999999,-0.8366399999999999,OMN,GRC,8
1771365,167,90,8,1987.0,0.0,248801.0,-0.459905,-0.8844870000000001,OMN,GRC,8
1771366,167,90,8,1988.0,0.0,281670.0,-0.212236,-0.8090579999999999,OMN,GRC,8
1771367,167,90,8,1989.0,0.0,172743.0,-0.268394,-0.865973,OMN,GRC,8
1771368,167,90,8,1990.0,0.0,219479.0,-0.618304,-0.951066,OMN,GRC,8
1771369,167,90,8,1991.0,0.0,142117.0,-0.766874,-0.9921709999999999,OMN,GRC,8
1771370,167,90,8,1992.0,0.0,221638.0,-0.906702,-1.0716709999999998,OMN,GRC,8
1771371,167,90,8,1993.0,0.0,180495.0,-0.434778,-1.034942,OMN,GRC,8
1771372,167,90,8,1966.0,0.0,3578.0,-0.669927,-0.46662299999999995,OMN,GRC,8
1771373,167,90,8,1972.0,0.0,16285.0,-1.369588,-0.6074729999999999,OMN,GRC,8
1771374,167,90,8,1973.0,0.0,9743.0,-1.1670459999999998,-0.615815,OMN,GRC,8
1771375,167,90,8,1974.0,0.0,180154.0,-2.604083,-0.5311600000000001,OMN,GRC,8
1771376,167,90,8,1962.0,0.0,2178.0,0.0030489999999999996,-0.309777,OMN,GRC,8
1771377,167,90,8,1963.0,0.0,2361.0,0.83716,0.12623800000000002,OMN,GRC,8
1771378,168,90,8,2015.0,13466663.0,746714.0,-0.747304,0.41020200000000007,PAK,GRC,8
1771379,168,90,8,2019.0,21658410.0,419971.0,-0.681465,0.5697909999999999,PAK,GRC,8
1771380,168,90,8,2020.0,16434028.0,281256.0,-0.48518900000000004,0.37107199999999996,PAK,GRC,8
1771381,168,90,8,2017.0,14583256.0,1247189.0,-0.737436,0.345773,PAK,GRC,8
1771382,168,90,8,2006.0,21320874.0,243897.0,-0.500494,0.334983,PAK,GRC,8
1771383,168,90,8,2009.0,21826067.0,17699993.0,-0.47254399999999996,0.487605,PAK,GRC,8
1771384,168,90,8,2011.0,17311846.0,2555551.0,-0.588909,0.729988,PAK,GRC,8
1771385,168,90,8,1962.0,7173.0,0.0,-0.236999,-0.480691,PAK,GRC,8
1771386,168,90,8,1963.0,14999.0,0.0,-0.010725,-0.283225,PAK,GRC,8
1771387,168,90,8,1964.0,27228.0,0.0,0.07381,-0.271313,PAK,GRC,8
1771388,168,90,8,1965.0,39353.0,21012.0,-0.24541100000000002,-0.548148,PAK,GRC,8
1771389,168,90,8,1966.0,52787.0,0.0,-0.36359600000000003,-0.573788,PAK,GRC,8
1771390,168,90,8,1967.0,70286.0,1404.0,0.311612,-0.138537,PAK,GRC,8
1771391,168,90,8,1968.0,95692.0,0.0,0.17055499999999998,-0.249302,PAK,GRC,8
1771392,168,90,8,1969.0,79794.0,0.0,0.012966,-0.396005,PAK,GRC,8
1771393,168,90,8,1970.0,84771.0,0.0,0.021556,-0.308079,PAK,GRC,8
1771394,168,90,8,1971.0,121613.0,0.0,-0.160556,-0.48263,PAK,GRC,8
1771395,168,90,8,1972.0,244874.0,0.0,-0.43372799999999995,-0.44441099999999994,PAK,GRC,8
1771396,168,90,8,1973.0,512660.0,11009.0,0.01873,-0.305086,PAK,GRC,8
1771397,168,90,8,1974.0,205488.0,16723.0,0.219621,0.079992,PAK,GRC,8
1771398,168,90,8,1975.0,319920.0,153435.0,0.110694,-0.032957,PAK,GRC,8
1771399,168,90,8,1982.0,719596.0,96075.0,0.094251,0.012144,PAK,GRC,8
1771400,168,90,8,1983.0,530819.0,20842.0,-0.021206,-0.207681,PAK,GRC,8
1771401,168,90,8,1984.0,612222.0,28113.0,0.114021,0.22244899999999998,PAK,GRC,8
1771402,168,90,8,1985.0,586972.0,23524.0,-0.005036,0.11296800000000001,PAK,GRC,8
1771403,168,90,8,1986.0,858493.0,26288.0,-0.194998,-0.060502,PAK,GRC,8
1771404,168,90,8,1987.0,2144620.0,13301.0,-0.38618600000000003,-0.35169,PAK,GRC,8
1771405,168,90,8,1988.0,1778673.0,0.0,-0.470154,-0.44697200000000004,PAK,GRC,8
1771406,168,90,8,1989.0,1998233.0,33869.0,-0.479839,-0.31800500000000004,PAK,GRC,8
1771407,168,90,8,1990.0,2069164.0,7546.0,-0.36949,-0.326391,PAK,GRC,8
1771408,168,90,8,1991.0,3532360.0,12647.0,-0.524475,-0.415864,PAK,GRC,8
1771409,168,90,8,1992.0,4536791.0,113488.0,-0.480152,-0.361705,PAK,GRC,8
1771410,168,90,8,1993.0,6066259.0,4844.0,-0.48600699999999997,-0.374327,PAK,GRC,8
1771411,168,90,8,2003.0,23668075.0,900333.0,-0.755575,0.185554,PAK,GRC,8
1771412,168,90,8,2004.0,31083811.0,556624.0,-0.7489600000000001,0.22493200000000002,PAK,GRC,8
1771413,168,90,8,2005.0,26494549.0,184942.0,-0.592712,0.279781,PAK,GRC,8
1771414,168,90,8,2007.0,23708785.0,966464.0,-0.43098100000000006,0.42179700000000003,PAK,GRC,8
1771415,168,90,8,2008.0,26059253.0,804385.0,-0.370515,0.533245,PAK,GRC,8
1771416,168,90,8,2010.0,19256289.0,6058512.0,-0.665989,0.380384,PAK,GRC,8
1771417,168,90,8,2012.0,14238261.0,310457.0,-0.600346,0.474208,PAK,GRC,8
1771418,168,90,8,2013.0,13105852.0,366243.0,-0.697224,0.501576,PAK,GRC,8
1771419,168,90,8,2014.0,17199174.0,287305.0,-0.595946,0.493716,PAK,GRC,8
1771420,168,90,8,2016.0,14877881.0,907034.0,-0.7806810000000001,0.420241,PAK,GRC,8
1771421,168,90,8,2018.0,18355630.0,496668.0,-0.737637,0.274296,PAK,GRC,8
1771422,168,90,8,1999.0,7607459.0,143488.0,-0.8837450000000001,-0.541579,PAK,GRC,8
1771423,168,90,8,1996.0,12616367.0,164405.0,-0.759362,-0.541712,PAK,GRC,8
1771424,168,90,8,1995.0,8282256.0,57016.0,-0.77412,-0.44227700000000003,PAK,GRC,8
1771425,168,90,8,1997.0,12922367.0,47558.0,-0.844282,-0.602616,PAK,GRC,8
1771426,168,90,8,1998.0,10207851.0,32068.0,-0.856671,-0.63431,PAK,GRC,8
1771427,168,90,8,2000.0,9120138.0,104515.0,-0.76763,-0.435066,PAK,GRC,8
1771428,168,90,8,2001.0,10134321.0,628526.0,-0.741053,-0.41444,PAK,GRC,8
1771429,168,90,8,2002.0,13935713.0,163536.0,-0.7574069999999999,-0.403427,PAK,GRC,8
1771430,168,90,8,1977.0,216431.0,81889.0,0.048497000000000005,-0.202209,PAK,GRC,8
1771431,168,90,8,1978.0,383946.0,27114.0,-0.095573,-0.420112,PAK,GRC,8
1771432,168,90,8,1979.0,411363.0,1880.0,-0.043597000000000004,-0.275041,PAK,GRC,8
1771433,168,90,8,1980.0,655105.0,0.0,0.094797,-0.127492,PAK,GRC,8
1771434,168,90,8,1981.0,1678913.0,1832.0,0.195185,0.075414,PAK,GRC,8
1771435,168,90,8,1994.0,6049279.0,32037.0,-0.800819,-0.530763,PAK,GRC,8
1771436,168,90,8,1976.0,243200.0,0.0,0.13016,-0.17765799999999998,PAK,GRC,8
1771437,169,90,8,1992.0,46966.0,1091325.0,0.289315,0.37247199999999997,PAN,GRC,8
1771438,169,90,8,1993.0,7281.0,650870.0,0.3012,0.31401100000000004,PAN,GRC,8
1771439,169,90,8,1994.0,16395.0,1393514.0,0.171441,0.0018969999999999998,PAN,GRC,8
1771440,169,90,8,1995.0,0.0,979151.0,0.149979,0.23840100000000003,PAN,GRC,8
1771441,169,90,8,1996.0,0.0,1387980.0,-0.03243,-0.326329,PAN,GRC,8
1771442,169,90,8,1997.0,0.0,1943009.0,0.0038,0.036532999999999996,PAN,GRC,8
1771443,169,90,8,1998.0,1389.0,1713748.0,0.016311000000000003,0.436917,PAN,GRC,8
1771444,169,90,8,1999.0,58042.0,1137120.0,0.141153,0.46716899999999995,PAN,GRC,8
1771445,169,90,8,2000.0,14714.0,3238309.0,0.107412,0.41455600000000004,PAN,GRC,8
1771446,169,90,8,2001.0,6881.0,1616850.0,0.17863800000000002,0.440159,PAN,GRC,8
1771447,169,90,8,2002.0,180421.0,646006.0,0.085746,0.21839,PAN,GRC,8
1771448,169,90,8,2003.0,56331.0,441795.0,-0.015635,0.13234500000000002,PAN,GRC,8
1771449,169,90,8,2004.0,12204.0,459573.0,0.054997000000000004,0.440416,PAN,GRC,8
1771450,169,90,8,2005.0,139406.0,452324.0,0.064649,0.401525,PAN,GRC,8
1771451,169,90,8,2006.0,272545.0,925625.0,0.511845,0.7560560000000001,PAN,GRC,8
1771452,169,90,8,2007.0,165797.0,632314.0,0.504053,0.7511939999999999,PAN,GRC,8
1771453,169,90,8,2008.0,196856.0,838998.0,0.622143,0.910739,PAN,GRC,8
1771454,169,90,8,2009.0,151702.0,312562.0,0.676916,0.784553,PAN,GRC,8
1771455,169,90,8,2010.0,650003.0,199118.0,0.768137,0.9688620000000001,PAN,GRC,8
1771456,169,90,8,2011.0,370639.0,1271329.0,0.931114,1.1286559999999999,PAN,GRC,8
1771457,169,90,8,2012.0,882728.0,852646.0,1.001878,1.18554,PAN,GRC,8
1771458,169,90,8,2013.0,738194.0,799237.0,0.8719819999999999,1.038982,PAN,GRC,8
1771459,169,90,8,2014.0,905175.0,699996.0,0.8997200000000001,0.9699139999999999,PAN,GRC,8
1771460,169,90,8,2015.0,772704.0,931660.0,0.772463,0.899359,PAN,GRC,8
1771461,169,90,8,2016.0,432339.0,1670800.0,0.731258,0.649917,PAN,GRC,8
1771462,169,90,8,2017.0,276043.0,2938364.0,0.638093,1.01027,PAN,GRC,8
1771463,169,90,8,2018.0,42360.0,2911294.0,0.007061,-0.13867100000000002,PAN,GRC,8
1771464,169,90,8,2019.0,20608.0,2860811.0,0.179538,-0.171578,PAN,GRC,8
1771465,169,90,8,2020.0,25480.0,1838609.0,0.62831,0.89265,PAN,GRC,8
1771466,169,90,8,1988.0,0.0,273060.0,0.270673,0.08490199999999999,PAN,GRC,8
1771467,169,90,8,1989.0,47840.0,1591691.0,0.317274,0.1799,PAN,GRC,8
1771468,169,90,8,1990.0,5973.0,1252255.0,0.205231,-0.083422,PAN,GRC,8
1771469,169,90,8,1991.0,11065.0,2223335.0,0.027676999999999997,0.034372,PAN,GRC,8
1771470,169,90,8,1970.0,570.0,28756.0,1.07986,0.504514,PAN,GRC,8
1771471,169,90,8,1966.0,543.0,0.0,0.9093690000000001,0.44032200000000005,PAN,GRC,8
1771472,169,90,8,1967.0,0.0,24944.0,0.796836,0.378502,PAN,GRC,8
1771473,169,90,8,1968.0,0.0,45567.0,1.151761,0.8629450000000001,PAN,GRC,8
1771474,169,90,8,1969.0,0.0,70989.0,0.7664479999999999,0.171421,PAN,GRC,8
1771475,169,90,8,1971.0,0.0,52575.0,0.641183,-0.062375,PAN,GRC,8
1771476,169,90,8,1972.0,0.0,25649.0,0.531725,0.041184,PAN,GRC,8
1771477,169,90,8,1973.0,0.0,35320.0,0.49827899999999997,-0.019739,PAN,GRC,8
1771478,169,90,8,1974.0,905.0,17766.0,0.675633,0.319402,PAN,GRC,8
1771479,169,90,8,1975.0,0.0,39394.0,0.596325,0.302458,PAN,GRC,8
1771480,169,90,8,1986.0,0.0,5663.0,0.334377,0.07449700000000001,PAN,GRC,8
1771481,169,90,8,1987.0,0.0,1373.0,-0.125724,-0.272366,PAN,GRC,8
1771482,169,90,8,1981.0,0.0,144490.0,0.49335500000000004,0.037426,PAN,GRC,8
1771483,169,90,8,1982.0,0.0,8378.0,0.442838,0.22136799999999998,PAN,GRC,8
1771484,169,90,8,1985.0,0.0,2085.0,0.131776,-0.314558,PAN,GRC,8
1771485,169,90,8,1978.0,0.0,13032.0,0.116764,-0.27124699999999996,PAN,GRC,8
1771486,169,90,8,1977.0,0.0,3981.0,-0.28815599999999997,-0.5164340000000001,PAN,GRC,8
1771487,169,90,8,1976.0,0.0,1916.0,-0.473366,-0.6193270000000001,PAN,GRC,8
1771488,171,90,8,1999.0,2663.0,3718.0,1.038233,-0.702395,PCN,GRC,8
1771489,171,90,8,2000.0,0.0,21641.0,0.384394,-0.583701,PCN,GRC,8
1771490,173,90,8,1995.0,65046.0,58409.0,-0.397938,-0.44838500000000003,PER,GRC,8
1771491,173,90,8,1996.0,14491.0,11751.0,-0.374308,-0.36733499999999997,PER,GRC,8
1771492,173,90,8,1998.0,69537.0,27700.0,-0.447837,-0.010847,PER,GRC,8
1771493,173,90,8,1999.0,50682.0,13290.0,-0.45143999999999995,-0.067302,PER,GRC,8
1771494,173,90,8,2000.0,15983.0,59030.0,-0.390278,-0.018691,PER,GRC,8
1771495,173,90,8,2001.0,17301.0,34162.0,-0.318071,0.116602,PER,GRC,8
1771496,173,90,8,2002.0,66886.0,96329.0,-0.456603,0.030838,PER,GRC,8
1771497,173,90,8,2003.0,67437.0,116720.0,-0.559925,0.20775500000000002,PER,GRC,8
1771498,173,90,8,2004.0,105564.0,156578.0,-0.609837,0.13314,PER,GRC,8
1771499,173,90,8,2005.0,109867.0,116615.0,-0.526764,0.148428,PER,GRC,8
1771500,173,90,8,2006.0,69632.0,199645.0,-0.523516,-0.15574100000000002,PER,GRC,8
1771501,173,90,8,2007.0,264415.0,500467.0,-0.48878599999999994,-0.11071600000000001,PER,GRC,8
1771502,173,90,8,2008.0,363861.0,782585.0,-0.408515,0.219117,PER,GRC,8
1771503,173,90,8,2009.0,549367.0,963291.0,-0.48590900000000004,0.399889,PER,GRC,8
1771504,173,90,8,2010.0,51718.0,1574062.0,-0.639606,0.157111,PER,GRC,8
1771505,173,90,8,2011.0,41353.0,1856391.0,-0.533594,0.23686999999999997,PER,GRC,8
1771506,173,90,8,2012.0,215283.0,1273155.0,-0.47011499999999995,0.340251,PER,GRC,8
1771507,173,90,8,2013.0,168862.0,2011943.0,-0.640044,0.121772,PER,GRC,8
1771508,173,90,8,2014.0,95791.0,3014959.0,-0.617883,0.427092,PER,GRC,8
1771509,173,90,8,2015.0,38786.0,3737700.0,-0.743054,0.165409,PER,GRC,8
1771510,173,90,8,2016.0,48495.0,2132040.0,-0.818178,-0.0791,PER,GRC,8
1771511,173,90,8,2017.0,6123.0,1593141.0,-0.8214469999999999,-0.333306,PER,GRC,8
1771512,173,90,8,2018.0,143247.0,2042883.0,-0.842934,-0.302396,PER,GRC,8
1771513,173,90,8,2019.0,115005.0,1340837.0,-0.7897810000000001,-0.26602,PER,GRC,8
1771514,173,90,8,2020.0,47592.0,932317.0,-0.8298620000000001,-0.274084,PER,GRC,8
1771515,173,90,8,1994.0,28881.0,1164.0,-0.47761800000000004,-0.48931499999999994,PER,GRC,8
1771516,173,90,8,1993.0,21492.0,44428.0,-0.249092,-0.151275,PER,GRC,8
1771517,173,90,8,1987.0,27544.0,28914.0,-0.07572899999999999,-0.255829,PER,GRC,8
1771518,173,90,8,1997.0,13546.0,16050.0,-0.603019,-0.365845,PER,GRC,8
1771519,173,90,8,1978.0,9274.0,0.0,-0.123822,-0.355312,PER,GRC,8
1771520,173,90,8,1979.0,5523.0,0.0,-0.0328,-0.138155,PER,GRC,8
1771521,173,90,8,1981.0,0.0,63660.0,-0.135012,-0.261522,PER,GRC,8
1771522,173,90,8,1982.0,0.0,195130.0,-0.180515,-0.18234,PER,GRC,8
1771523,173,90,8,1983.0,98944.0,0.0,-0.15176800000000001,-0.260991,PER,GRC,8
1771524,173,90,8,1988.0,11391.0,0.0,-0.11088599999999998,-0.280107,PER,GRC,8
1771525,173,90,8,1989.0,0.0,1697.0,-0.141622,-0.226575,PER,GRC,8
1771526,173,90,8,1991.0,18011.0,0.0,-0.207287,-0.2166,PER,GRC,8
1771527,173,90,8,1992.0,21352.0,22890.0,-0.286545,-0.264638,PER,GRC,8
1771528,173,90,8,1972.0,0.0,1560.0,-0.613971,-0.781961,PER,GRC,8
1771529,173,90,8,1975.0,0.0,5959.0,-0.6794789999999999,-0.803597,PER,GRC,8
1771530,174,90,8,1997.0,4604763.0,17398.0,0.044834,0.024782,PHL,GRC,8
1771531,174,90,8,1998.0,4124559.0,61635.0,-0.11341199999999999,-0.14486300000000002,PHL,GRC,8
1771532,174,90,8,1999.0,2904499.0,29203.0,0.082401,-0.268975,PHL,GRC,8
1771533,174,90,8,2000.0,2975911.0,7552.0,-0.010024,-0.368702,PHL,GRC,8
1771534,174,90,8,2001.0,3259878.0,72071.0,0.153601,-0.174218,PHL,GRC,8
1771535,174,90,8,2002.0,5730395.0,1153942.0,0.29601,-0.232513,PHL,GRC,8
1771536,174,90,8,2003.0,7896396.0,2144015.0,0.069077,-0.360142,PHL,GRC,8
1771537,174,90,8,2004.0,8921958.0,879350.0,0.288786,-0.25348699999999996,PHL,GRC,8
1771538,174,90,8,2005.0,3713058.0,565113.0,0.128926,-0.229343,PHL,GRC,8
1771539,174,90,8,2006.0,5968412.0,321205.0,0.32715,-0.15929200000000002,PHL,GRC,8
1771540,174,90,8,2007.0,6453179.0,260199.0,0.324604,-0.273468,PHL,GRC,8
1771541,174,90,8,2008.0,5760728.0,64027.0,0.405643,-0.035084,PHL,GRC,8
1771542,174,90,8,2009.0,2905459.0,4503.0,0.492648,0.024327,PHL,GRC,8
1771543,174,90,8,2010.0,1708013.0,16156.0,0.542643,0.091909,PHL,GRC,8
1771544,174,90,8,2011.0,1849375.0,24344.0,0.534425,0.43745500000000004,PHL,GRC,8
1771545,174,90,8,2012.0,1347882.0,32922.0,0.44656,0.55585,PHL,GRC,8
1771546,174,90,8,2013.0,2333615.0,23350.0,0.639083,0.45816899999999994,PHL,GRC,8
1771547,174,90,8,2014.0,2192920.0,173369.0,0.835601,0.589322,PHL,GRC,8
1771548,174,90,8,2015.0,1819096.0,399141.0,0.8711559999999999,0.466128,PHL,GRC,8
1771549,174,90,8,2016.0,1664647.0,1919053.0,0.958651,0.324888,PHL,GRC,8
1771550,174,90,8,2017.0,1488999.0,535445.0,0.717074,0.224219,PHL,GRC,8
1771551,174,90,8,2018.0,1746610.0,903879.0,0.7233649999999999,0.23715300000000003,PHL,GRC,8
1771552,174,90,8,2019.0,2282015.0,556084.0,0.94176,0.327258,PHL,GRC,8
1771553,174,90,8,2020.0,1552163.0,3949077.0,0.83667,0.179648,PHL,GRC,8
1771554,174,90,8,1993.0,3498258.0,15669.0,-0.034595,0.76877,PHL,GRC,8
1771555,174,90,8,1994.0,4611729.0,41549.0,-0.12054300000000001,0.578707,PHL,GRC,8
1771556,174,90,8,1992.0,3338240.0,11649.0,-0.139761,0.772109,PHL,GRC,8
1771557,174,90,8,1991.0,3161445.0,19655.0,-0.11556,0.48110299999999995,PHL,GRC,8
1771558,174,90,8,1996.0,5673037.0,18675.0,0.0020329999999999997,0.40715,PHL,GRC,8
1771559,174,90,8,1981.0,284676.0,2622.0,0.000307,0.585446,PHL,GRC,8
1771560,174,90,8,1987.0,390916.0,0.0,-0.261178,0.184553,PHL,GRC,8
1771561,174,90,8,1988.0,568189.0,3180.0,-0.254395,0.311732,PHL,GRC,8
1771562,174,90,8,1989.0,1388706.0,1453.0,-0.125297,0.340385,PHL,GRC,8
1771563,174,90,8,1974.0,15013.0,6536.0,0.04063,-0.452304,PHL,GRC,8
1771564,174,90,8,1975.0,29096.0,0.0,-0.032037,-0.434,PHL,GRC,8
1771565,174,90,8,1990.0,2090768.0,14450.0,-0.0050869999999999995,0.538754,PHL,GRC,8
1771566,174,90,8,1977.0,241372.0,0.0,0.12729400000000002,0.129195,PHL,GRC,8
1771567,174,90,8,1985.0,390254.0,0.0,-0.17666500000000002,0.390971,PHL,GRC,8
1771568,174,90,8,1978.0,470496.0,0.0,0.09134400000000001,0.223412,PHL,GRC,8
1771569,174,90,8,1995.0,5401836.0,44376.0,-0.212027,0.318322,PHL,GRC,8
1771570,174,90,8,1972.0,1653.0,0.0,-0.126568,-0.65085,PHL,GRC,8
1771571,174,90,8,1980.0,321831.0,1590.0,-0.041616,0.173298,PHL,GRC,8
1771572,174,90,8,1982.0,254873.0,0.0,-0.060513,0.394084,PHL,GRC,8
1771573,174,90,8,1986.0,315943.0,3598.0,-0.241412,0.207183,PHL,GRC,8
1771574,174,90,8,1971.0,426.0,2263.0,-0.39003899999999997,-0.709147,PHL,GRC,8
1771575,174,90,8,1973.0,6997.0,0.0,-0.17057999999999998,-0.523655,PHL,GRC,8
1771576,174,90,8,1979.0,462701.0,0.0,-0.039714,0.290261,PHL,GRC,8
1771577,174,90,8,1983.0,231340.0,0.0,-0.078596,0.41161099999999995,PHL,GRC,8
1771578,174,90,8,1984.0,260669.0,0.0,-0.14856,0.345507,PHL,GRC,8
1771579,174,90,8,1976.0,36479.0,0.0,-0.128779,-0.19384,PHL,GRC,8
1771580,175,90,8,2015.0,0.0,37190.0,0.045568,-0.53118,PLW,GRC,8
1771581,175,90,8,2016.0,0.0,5584.0,0.6086729999999999,-0.39121300000000003,PLW,GRC,8
1771582,175,90,8,2017.0,0.0,9199.0,0.950734,-0.436987,PLW,GRC,8
1771583,175,90,8,2018.0,0.0,22889.0,-0.020347,-0.781658,PLW,GRC,8
1771584,175,90,8,2019.0,0.0,6248.0,0.285258,-0.727834,PLW,GRC,8
1771585,175,90,8,2020.0,0.0,4869.0,0.126896,-0.811465,PLW,GRC,8
1771586,176,90,8,2015.0,16458.0,0.0,-1.890168,-1.337199,PNG,GRC,8
1771587,176,90,8,1987.0,0.0,8072.0,-1.53827,-1.0059209999999998,PNG,GRC,8
1771588,176,90,8,2013.0,0.0,13066.0,-1.508233,-1.163478,PNG,GRC,8
1771589,176,90,8,2020.0,0.0,451763.0,-1.473722,-1.222682,PNG,GRC,8
1771590,176,90,8,1988.0,0.0,704.0,-1.5489110000000001,-0.9629639999999999,PNG,GRC,8
1771591,177,90,8,2000.0,5697440.0,7049758.0,0.9513659999999999,1.8445669999999998,POL,GRC,8
1771592,177,90,8,2004.0,20203656.0,12732338.0,0.989568,1.49055,POL,GRC,8
1771593,177,90,8,2005.0,36356014.0,12991338.0,0.9698559999999999,1.529358,POL,GRC,8
1771594,177,90,8,2006.0,55979249.0,16559954.0,1.0576860000000001,1.283664,POL,GRC,8
1771595,177,90,8,2007.0,74940350.0,24290260.0,1.111433,0.899675,POL,GRC,8
1771596,177,90,8,2008.0,96240572.0,29133275.0,1.122615,0.9007709999999999,POL,GRC,8
1771597,177,90,8,2010.0,65116227.0,15918582.0,1.082829,1.112686,POL,GRC,8
1771598,177,90,8,2011.0,59620643.0,16403628.0,1.167547,0.9657610000000001,POL,GRC,8
1771599,177,90,8,2012.0,53293498.0,15135604.0,1.039598,1.145227,POL,GRC,8
1771600,177,90,8,2014.0,63783371.0,19850434.0,1.1328690000000001,1.043185,POL,GRC,8
1771601,177,90,8,2015.0,63958418.0,13543789.0,1.1347200000000002,1.099324,POL,GRC,8
1771602,177,90,8,2016.0,77525510.0,16995813.0,1.1068959999999999,1.226985,POL,GRC,8
1771603,177,90,8,2017.0,105334421.0,23701079.0,1.212941,0.917751,POL,GRC,8
1771604,177,90,8,2018.0,132523996.0,32009317.0,1.1323860000000001,1.1465040000000002,POL,GRC,8
1771605,177,90,8,2019.0,127969044.0,38521602.0,1.075218,1.276515,POL,GRC,8
1771606,177,90,8,2020.0,151947227.0,43714181.0,1.016068,1.3125790000000002,POL,GRC,8
1771607,177,90,8,1995.0,1205700.0,2959973.0,0.77193,1.827769,POL,GRC,8
1771608,177,90,8,2009.0,77225685.0,22022854.0,1.160528,0.780674,POL,GRC,8
1771609,177,90,8,2013.0,52657974.0,21863235.0,1.11341,0.975734,POL,GRC,8
1771610,177,90,8,1962.0,460472.0,0.0,0.8417540000000001,1.081057,POL,GRC,8
1771611,177,90,8,1963.0,154525.0,0.0,0.818412,1.280813,POL,GRC,8
1771612,177,90,8,1964.0,241364.0,0.0,0.9903420000000001,1.5049489999999999,POL,GRC,8
1771613,177,90,8,1965.0,228009.0,0.0,1.012167,1.642553,POL,GRC,8
1771614,177,90,8,1966.0,320977.0,0.0,1.015565,1.83408,POL,GRC,8
1771615,177,90,8,1967.0,295454.0,14265.0,0.909492,1.7517189999999998,POL,GRC,8
1771616,177,90,8,1970.0,148449.0,51091.0,0.845599,1.7990009999999999,POL,GRC,8
1771617,177,90,8,1986.0,340041.0,71887.0,0.868196,1.576522,POL,GRC,8
1771618,177,90,8,1987.0,1706571.0,73391.0,0.866993,1.740261,POL,GRC,8
1771619,177,90,8,1988.0,312810.0,184905.0,0.9390850000000001,1.970932,POL,GRC,8
1771620,177,90,8,1989.0,454295.0,860660.0,0.982982,1.9363650000000001,POL,GRC,8
1771621,177,90,8,1990.0,724663.0,914983.0,0.811962,2.0929029999999997,POL,GRC,8
1771622,177,90,8,1991.0,677925.0,2330065.0,0.642942,1.969689,POL,GRC,8
1771623,177,90,8,1992.0,994512.0,2784863.0,0.581166,2.070795,POL,GRC,8
1771624,177,90,8,1993.0,1147082.0,1919195.0,0.609556,1.8953740000000001,POL,GRC,8
1771625,177,90,8,1994.0,1137469.0,1491968.0,0.617047,1.86753,POL,GRC,8
1771626,177,90,8,1997.0,1990347.0,4557514.0,0.8447319999999999,2.000241,POL,GRC,8
1771627,177,90,8,1998.0,3838257.0,6649626.0,0.8262430000000001,1.948563,POL,GRC,8
1771628,177,90,8,1999.0,5928230.0,5915671.0,0.777591,2.0458689999999997,POL,GRC,8
1771629,177,90,8,2001.0,3517439.0,10235326.0,0.983238,1.7436209999999999,POL,GRC,8
1771630,177,90,8,2002.0,4941547.0,9802262.0,0.9449299999999999,1.655764,POL,GRC,8
1771631,177,90,8,2003.0,7738750.0,12231925.0,0.887648,1.737105,POL,GRC,8
1771632,177,90,8,1980.0,671412.0,151332.0,0.9697870000000001,1.454587,POL,GRC,8
1771633,177,90,8,1972.0,142773.0,537383.0,0.771349,1.297994,POL,GRC,8
1771634,177,90,8,1974.0,665730.0,1369438.0,0.7719630000000001,1.613784,POL,GRC,8
1771635,177,90,8,1981.0,491071.0,4791.0,1.00635,1.4824549999999999,POL,GRC,8
1771636,177,90,8,1982.0,352628.0,1177.0,1.018641,1.551453,POL,GRC,8
1771637,177,90,8,1983.0,518194.0,13757.0,0.938982,1.437501,POL,GRC,8
1771638,177,90,8,1984.0,553113.0,1500.0,0.90205,1.627334,POL,GRC,8
1771639,177,90,8,1985.0,236667.0,117550.0,0.79225,1.607442,POL,GRC,8
1771640,177,90,8,1968.0,165562.0,3752.0,0.9209379999999999,1.762821,POL,GRC,8
1771641,177,90,8,1975.0,285231.0,415646.0,0.9139290000000001,1.75197,POL,GRC,8
1771642,177,90,8,1996.0,2090720.0,4272996.0,0.806283,1.92897,POL,GRC,8
1771643,177,90,8,1969.0,236665.0,115654.0,0.84724,1.624759,POL,GRC,8
1771644,177,90,8,1971.0,147824.0,262086.0,0.8294520000000001,1.636849,POL,GRC,8
1771645,177,90,8,1973.0,261389.0,666139.0,0.8298399999999999,1.7223110000000001,POL,GRC,8
1771646,177,90,8,1978.0,733548.0,78321.0,0.9645530000000001,1.400792,POL,GRC,8
1771647,177,90,8,1977.0,512619.0,43111.0,0.726102,1.433144,POL,GRC,8
1771648,177,90,8,1979.0,993187.0,18558.0,0.8242139999999999,1.343961,POL,GRC,8
1771649,177,90,8,1976.0,543110.0,40047.0,0.691277,1.575056,POL,GRC,8
1771650,178,90,8,2008.0,71387.0,0.0,0.80133,0.93806,PRK,GRC,8
1771651,178,90,8,2016.0,0.0,33832.0,-0.508035,-0.157664,PRK,GRC,8
1771652,178,90,8,2010.0,12649.0,0.0,0.31651399999999996,0.600407,PRK,GRC,8
1771653,178,90,8,2007.0,14612.0,12986.0,0.8682110000000001,1.206509,PRK,GRC,8
1771654,178,90,8,2009.0,21755.0,0.0,0.510269,0.945108,PRK,GRC,8
1771655,178,90,8,2011.0,181603.0,0.0,0.137461,0.255374,PRK,GRC,8
1771656,178,90,8,2013.0,7867.0,0.0,-0.304923,-0.301578,PRK,GRC,8
1771657,178,90,8,1999.0,16745.0,60622.0,0.654579,0.996361,PRK,GRC,8
1771658,178,90,8,2000.0,52229.0,0.0,0.795818,1.089874,PRK,GRC,8
1771659,178,90,8,2001.0,25636.0,1542.0,0.7188640000000001,1.101559,PRK,GRC,8
1771660,178,90,8,2002.0,27422.0,26641.0,0.629678,1.0153780000000001,PRK,GRC,8
1771661,178,90,8,2004.0,7800.0,11372.0,0.695376,0.9732209999999999,PRK,GRC,8
1771662,178,90,8,2005.0,617784.0,66300.0,0.862309,1.10371,PRK,GRC,8
1771663,178,90,8,2006.0,14517.0,31145.0,0.649384,1.069006,PRK,GRC,8
1771664,178,90,8,1996.0,166073.0,81225.0,0.778948,1.1338979999999999,PRK,GRC,8
1771665,178,90,8,1998.0,62213.0,9816.0,0.780888,1.0232299999999999,PRK,GRC,8
1771666,178,90,8,1986.0,29840.0,0.0,0.49004899999999996,0.261418,PRK,GRC,8
1771667,178,90,8,1989.0,81554.0,0.0,0.25157399999999996,0.21421300000000001,PRK,GRC,8
1771668,178,90,8,1980.0,19507.0,0.0,0.5090939999999999,0.301694,PRK,GRC,8
1771669,178,90,8,1991.0,264633.0,8706.0,0.255791,0.31787600000000005,PRK,GRC,8
1771670,178,90,8,1979.0,19129.0,0.0,0.661863,0.7512939999999999,PRK,GRC,8
1771671,178,90,8,1981.0,8350.0,0.0,0.633101,0.661334,PRK,GRC,8
1771672,178,90,8,1982.0,134960.0,0.0,0.44368599999999997,0.08848500000000001,PRK,GRC,8
1771673,178,90,8,1984.0,30791.0,0.0,0.276875,-0.199855,PRK,GRC,8
1771674,178,90,8,1985.0,16847.0,0.0,0.299175,-0.15545,PRK,GRC,8
1771675,178,90,8,1987.0,58698.0,0.0,0.23673400000000003,-0.068288,PRK,GRC,8
1771676,178,90,8,1988.0,116517.0,0.0,0.16773,0.157112,PRK,GRC,8
1771677,178,90,8,1990.0,244014.0,3319.0,0.349981,0.150642,PRK,GRC,8
1771678,178,90,8,1994.0,39342.0,0.0,0.37399899999999997,0.496299,PRK,GRC,8
1771679,178,90,8,1995.0,352249.0,261627.0,0.5206729999999999,0.9062100000000001,PRK,GRC,8
1771680,178,90,8,1992.0,107141.0,0.0,0.201042,0.477547,PRK,GRC,8
1771681,178,90,8,1997.0,20666.0,19782.0,0.734805,0.8720889999999999,PRK,GRC,8
1771682,178,90,8,1993.0,100381.0,7502.0,0.377046,0.642406,PRK,GRC,8
1771683,179,90,8,1991.0,5662643.0,906243.0,0.625169,1.031692,PRT,GRC,8
1771684,179,90,8,1995.0,12135385.0,1401576.0,0.403577,0.9753850000000001,PRT,GRC,8
1771685,179,90,8,1996.0,14691783.0,4361191.0,0.49924799999999997,0.9969520000000001,PRT,GRC,8
1771686,179,90,8,1998.0,14261852.0,2553534.0,0.524871,1.053276,PRT,GRC,8
1771687,179,90,8,2000.0,17656063.0,2326050.0,0.624078,1.342565,PRT,GRC,8
1771688,179,90,8,2002.0,18356427.0,2144082.0,0.584956,1.377068,PRT,GRC,8
1771689,179,90,8,2003.0,26305394.0,3450860.0,0.616167,1.48086,PRT,GRC,8
1771690,179,90,8,2008.0,42608391.0,10679466.0,0.753021,1.8003619999999998,PRT,GRC,8
1771691,179,90,8,2009.0,36061119.0,10480281.0,0.646568,2.07749,PRT,GRC,8
1771692,179,90,8,2010.0,25200533.0,13033808.0,0.6577729999999999,2.014923,PRT,GRC,8
1771693,179,90,8,2011.0,23295069.0,7259163.0,0.6949810000000001,2.11536,PRT,GRC,8
1771694,179,90,8,2012.0,16314954.0,5855608.0,0.697799,2.122262,PRT,GRC,8
1771695,179,90,8,2013.0,15256809.0,6270309.0,0.705087,2.2055580000000004,PRT,GRC,8
1771696,179,90,8,2014.0,20760326.0,6473831.0,0.763352,2.041559,PRT,GRC,8
1771697,179,90,8,2015.0,17921615.0,6019069.0,0.7021930000000001,2.049657,PRT,GRC,8
1771698,179,90,8,2016.0,17362709.0,7642532.0,0.661961,2.108517,PRT,GRC,8
1771699,179,90,8,2017.0,17935147.0,7603918.0,0.692908,2.05977,PRT,GRC,8
1771700,179,90,8,2018.0,21975257.0,9635322.0,0.787381,1.959475,PRT,GRC,8
1771701,179,90,8,2019.0,17456081.0,7755613.0,0.631051,2.1439060000000003,PRT,GRC,8
1771702,179,90,8,2020.0,16073403.0,10028976.0,0.757718,1.976851,PRT,GRC,8
1771703,179,90,8,1992.0,6798478.0,3146244.0,0.47505,0.8402860000000001,PRT,GRC,8
1771704,179,90,8,1997.0,13299649.0,2118031.0,0.496633,1.025231,PRT,GRC,8
1771705,179,90,8,1999.0,16160201.0,2987378.0,0.528767,1.055489,PRT,GRC,8
1771706,179,90,8,1989.0,3195395.0,230100.0,0.593712,1.078835,PRT,GRC,8
1771707,179,90,8,1990.0,5098609.0,718463.0,0.6643819999999999,0.9818879999999999,PRT,GRC,8
1771708,179,90,8,2006.0,25297220.0,6467443.0,0.695569,1.7476200000000002,PRT,GRC,8
1771709,179,90,8,1994.0,7698635.0,1591316.0,0.405329,0.877077,PRT,GRC,8
1771710,179,90,8,2001.0,16431164.0,2838098.0,0.688736,1.326716,PRT,GRC,8
1771711,179,90,8,1972.0,154905.0,14703.0,1.043843,1.3522450000000001,PRT,GRC,8
1771712,179,90,8,1973.0,145159.0,28444.0,0.9738530000000001,1.569836,PRT,GRC,8
1771713,179,90,8,1974.0,131790.0,39109.0,0.8763569999999999,1.60509,PRT,GRC,8
1771714,179,90,8,1987.0,669533.0,639471.0,0.669415,1.162017,PRT,GRC,8
1771715,179,90,8,1980.0,388459.0,11003.0,0.8280069999999999,1.397858,PRT,GRC,8
1771716,179,90,8,1986.0,295020.0,753544.0,0.739594,1.312492,PRT,GRC,8
1771717,179,90,8,2005.0,30117712.0,5780707.0,0.6753170000000001,1.728788,PRT,GRC,8
1771718,179,90,8,1962.0,7496.0,612.0,1.1619190000000001,1.191164,PRT,GRC,8
1771719,179,90,8,1963.0,7322.0,380.0,0.945623,1.018278,PRT,GRC,8
1771720,179,90,8,1964.0,10796.0,0.0,0.943783,1.17645,PRT,GRC,8
1771721,179,90,8,1965.0,22386.0,2694.0,1.0314709999999998,1.0774569999999999,PRT,GRC,8
1771722,179,90,8,1966.0,23511.0,5436.0,0.9879389999999999,1.036558,PRT,GRC,8
1771723,179,90,8,1967.0,49284.0,11582.0,1.09038,1.235837,PRT,GRC,8
1771724,179,90,8,1968.0,47252.0,16057.0,1.014702,1.024988,PRT,GRC,8
1771725,179,90,8,1969.0,121739.0,23176.0,1.042138,1.4118959999999998,PRT,GRC,8
1771726,179,90,8,1970.0,47403.0,19896.0,0.987983,1.362111,PRT,GRC,8
1771727,179,90,8,1971.0,69985.0,19425.0,0.9233389999999999,1.184635,PRT,GRC,8
1771728,179,90,8,1975.0,370432.0,27446.0,0.878027,1.6630619999999998,PRT,GRC,8
1771729,179,90,8,1978.0,328738.0,0.0,0.9204559999999999,1.019104,PRT,GRC,8
1771730,179,90,8,1979.0,367056.0,47721.0,0.921532,1.486767,PRT,GRC,8
1771731,179,90,8,1981.0,209004.0,33406.0,0.846601,1.403502,PRT,GRC,8
1771732,179,90,8,1982.0,275226.0,82242.0,0.8351629999999999,1.464428,PRT,GRC,8
1771733,179,90,8,1983.0,313218.0,22248.0,0.80371,1.4196229999999999,PRT,GRC,8
1771734,179,90,8,1984.0,252126.0,41517.0,0.861591,1.440189,PRT,GRC,8
1771735,179,90,8,1985.0,313490.0,66826.0,0.794083,1.333284,PRT,GRC,8
1771736,179,90,8,1988.0,1921261.0,388451.0,0.619945,1.07776,PRT,GRC,8
1771737,179,90,8,1993.0,5742265.0,2764331.0,0.512994,0.914219,PRT,GRC,8
1771738,179,90,8,2004.0,29296713.0,4629013.0,0.705075,1.7268729999999999,PRT,GRC,8
1771739,179,90,8,2007.0,34041076.0,7678302.0,0.740271,1.650613,PRT,GRC,8
1771740,179,90,8,1977.0,221778.0,0.0,0.8832629999999999,1.326202,PRT,GRC,8
1771741,179,90,8,1976.0,206510.0,0.0,0.910998,1.4587290000000002,PRT,GRC,8
1771742,180,90,8,2008.0,0.0,2198.0,-0.478315,-0.7714260000000001,PRY,GRC,8
1771743,180,90,8,2010.0,0.0,1395.0,-0.558086,-0.750545,PRY,GRC,8
1771744,180,90,8,2012.0,1289.0,42013.0,-0.49996,-0.6966399999999999,PRY,GRC,8
1771745,180,90,8,2013.0,0.0,1994.0,-0.560661,-0.822876,PRY,GRC,8
1771746,180,90,8,2014.0,0.0,953927.0,-0.612822,-0.8764139999999999,PRY,GRC,8
1771747,180,90,8,2015.0,1099.0,46175.0,-0.604695,-0.942126,PRY,GRC,8
1771748,180,90,8,2016.0,0.0,126395.0,-0.665963,-0.967879,PRY,GRC,8
1771749,180,90,8,2017.0,10658.0,31009.0,-0.604205,-0.956699,PRY,GRC,8
1771750,180,90,8,2018.0,20364.0,35223.0,-0.504343,-0.8482040000000001,PRY,GRC,8
1771751,180,90,8,2019.0,23396.0,1700.0,-0.44237299999999996,-0.808914,PRY,GRC,8
1771752,180,90,8,2020.0,9838.0,4899.0,-0.358749,-0.798326,PRY,GRC,8
1771753,180,90,8,2003.0,0.0,21385.0,-0.771252,-0.79923,PRY,GRC,8
1771754,180,90,8,2004.0,0.0,7824.0,-0.634469,-0.870034,PRY,GRC,8
1771755,180,90,8,2011.0,0.0,35708.0,-0.485375,-0.778816,PRY,GRC,8
1771756,180,90,8,2000.0,0.0,82759.0,-0.82839,-0.8787010000000001,PRY,GRC,8
1771757,180,90,8,1985.0,11266.0,0.0,-1.052534,-0.8578100000000001,PRY,GRC,8
1771758,180,90,8,1993.0,35653.0,235099.0,-0.709444,-0.797273,PRY,GRC,8
1771759,180,90,8,1981.0,0.0,6284.0,-0.596561,-0.7638199999999999,PRY,GRC,8
1771760,180,90,8,1982.0,0.0,1372.0,-0.827367,-0.7435229999999999,PRY,GRC,8
1771761,180,90,8,1994.0,0.0,3423.0,-0.7481939999999999,-0.767686,PRY,GRC,8
1771762,180,90,8,1995.0,0.0,2838.0,-0.307152,-0.46858,PRY,GRC,8
1771763,180,90,8,1997.0,0.0,27457.0,-0.6051380000000001,-0.708271,PRY,GRC,8
1771764,180,90,8,1998.0,0.0,17101.0,-0.43394099999999997,-0.763429,PRY,GRC,8
1771765,180,90,8,1999.0,0.0,6861.0,-0.6183390000000001,-0.8407709999999999,PRY,GRC,8
1771766,180,90,8,1977.0,1024.0,0.0,-0.176054,-0.447621,PRY,GRC,8
1771767,181,90,8,2017.0,0.0,176336.0,0.22982199999999997,0.768037,PSE,GRC,8
1771768,181,90,8,2013.0,0.0,71423.0,0.103716,0.762259,PSE,GRC,8
1771769,181,90,8,2014.0,0.0,40081.0,0.129971,0.775546,PSE,GRC,8
1771770,181,90,8,2015.0,0.0,45435.0,0.11651600000000001,0.7303609999999999,PSE,GRC,8
1771771,181,90,8,2016.0,0.0,132289.0,0.09150900000000001,0.693397,PSE,GRC,8
1771772,181,90,8,2007.0,0.0,34989.0,0.185388,0.8555659999999999,PSE,GRC,8
1771773,181,90,8,2020.0,1867.0,119039.0,0.353633,1.041596,PSE,GRC,8
1771774,181,90,8,2005.0,0.0,66434.0,0.052570000000000006,-0.30990999999999996,PSE,GRC,8
1771775,181,90,8,2008.0,0.0,21477.0,0.26664699999999997,1.127887,PSE,GRC,8
1771776,181,90,8,2009.0,0.0,12971.0,0.21045300000000003,0.862032,PSE,GRC,8
1771777,181,90,8,2010.0,0.0,82103.0,0.216182,0.804875,PSE,GRC,8
1771778,181,90,8,2011.0,0.0,115887.0,0.21722399999999997,0.7512449999999999,PSE,GRC,8
1771779,181,90,8,2012.0,0.0,31862.0,0.14912899999999998,0.8572770000000001,PSE,GRC,8
1771780,181,90,8,2018.0,0.0,255379.0,0.260898,0.79366,PSE,GRC,8
1771781,181,90,8,2019.0,5238.0,171608.0,0.290416,0.8871479999999999,PSE,GRC,8
1771782,181,90,8,2000.0,0.0,5849.0,1.213069,0.699902,PSE,GRC,8
1771783,182,90,8,2011.0,0.0,270226.0,0.067228,-0.518682,PYF,GRC,8
1771784,182,90,8,2003.0,0.0,65170.0,-0.25754299999999997,-0.744084,PYF,GRC,8
1771785,182,90,8,2004.0,0.0,46276.0,-0.125349,-0.718282,PYF,GRC,8
1771786,182,90,8,2020.0,0.0,7718.0,0.759625,0.0523,PYF,GRC,8
1771787,182,90,8,2017.0,0.0,59911.0,-0.25095500000000004,-0.8336620000000001,PYF,GRC,8
1771788,182,90,8,2012.0,0.0,6620.0,0.035705,-0.696042,PYF,GRC,8
1771789,182,90,8,2013.0,0.0,6350.0,-0.118172,-0.620256,PYF,GRC,8
1771790,182,90,8,2019.0,0.0,16974.0,-0.212571,-0.6712640000000001,PYF,GRC,8
1771791,182,90,8,2016.0,0.0,42560.0,0.022294,-0.676078,PYF,GRC,8
1771792,182,90,8,2018.0,0.0,15489.0,-0.167505,-0.7041350000000001,PYF,GRC,8
1771793,182,90,8,2001.0,0.0,73598.0,0.055376,-0.762668,PYF,GRC,8
1771794,182,90,8,2009.0,0.0,32516.0,-0.36728099999999997,-0.9301520000000001,PYF,GRC,8
1771795,182,90,8,1982.0,0.0,35277.0,0.9938959999999999,0.24796999999999997,PYF,GRC,8
1771796,182,90,8,2002.0,0.0,235485.0,-0.363179,-0.8967450000000001,PYF,GRC,8
1771797,182,90,8,2010.0,0.0,26399.0,-0.218579,-0.8428899999999999,PYF,GRC,8
1771798,182,90,8,2014.0,0.0,4240.0,-0.187778,-0.7217060000000001,PYF,GRC,8
1771799,182,90,8,2015.0,0.0,13385.0,-0.305194,-0.690559,PYF,GRC,8
1771800,182,90,8,1991.0,336716.0,0.0,-0.43860299999999997,-0.7475970000000001,PYF,GRC,8
1771801,182,90,8,1996.0,0.0,45639.0,0.9221219999999999,-0.317411,PYF,GRC,8
1771802,183,90,8,2007.0,47580.0,2068608.0,-0.5791189999999999,-1.049701,QAT,GRC,8
1771803,183,90,8,2008.0,16263.0,2232971.0,-0.904284,-1.027534,QAT,GRC,8
1771804,183,90,8,2010.0,10514.0,1414303.0,-0.098978,-1.017981,QAT,GRC,8
1771805,183,90,8,2006.0,9934.0,3075825.0,-0.467699,-1.062471,QAT,GRC,8
1771806,183,90,8,2011.0,31582.0,2288546.0,-1.081383,-1.0539370000000001,QAT,GRC,8
1771807,183,90,8,2013.0,6280847.0,5690920.0,-0.583609,-1.003754,QAT,GRC,8
1771808,183,90,8,1990.0,1362.0,85484.0,0.307462,-0.800037,QAT,GRC,8
1771809,183,90,8,2000.0,0.0,540162.0,-0.534754,-1.139729,QAT,GRC,8
1771810,183,90,8,2005.0,136433.0,785376.0,-0.114133,-1.079491,QAT,GRC,8
1771811,183,90,8,2014.0,66400.0,11432060.0,-0.5604899999999999,-0.989015,QAT,GRC,8
1771812,183,90,8,2015.0,61923.0,9753981.0,-0.405932,-1.0315379999999998,QAT,GRC,8
1771813,183,90,8,2017.0,34578.0,7785123.0,-0.42615600000000003,-1.0956489999999999,QAT,GRC,8
1771814,183,90,8,2020.0,46586.0,13432095.0,-0.175618,-1.018939,QAT,GRC,8
1771815,183,90,8,2001.0,0.0,400295.0,-0.282283,-1.136895,QAT,GRC,8
1771816,183,90,8,2002.0,2871.0,707896.0,-0.002177,-1.042517,QAT,GRC,8
1771817,183,90,8,2003.0,8420.0,575034.0,0.16838,-1.026556,QAT,GRC,8
1771818,183,90,8,2009.0,101989.0,1880375.0,-0.943471,-1.044553,QAT,GRC,8
1771819,183,90,8,2019.0,41773.0,10044839.0,-0.46000100000000005,-1.118866,QAT,GRC,8
1771820,183,90,8,2016.0,54299.0,10710134.0,-0.52984,-1.106589,QAT,GRC,8
1771821,183,90,8,2004.0,31668.0,852386.0,0.018141,-1.03766,QAT,GRC,8
1771822,183,90,8,2012.0,43291.0,4016518.0,-0.6436029999999999,-0.990323,QAT,GRC,8
1771823,183,90,8,2018.0,25599.0,11194006.0,-0.291537,-1.022145,QAT,GRC,8
1771824,183,90,8,1989.0,0.0,282802.0,0.159022,-0.8060229999999999,QAT,GRC,8
1771825,183,90,8,1974.0,0.0,98077.0,-1.4207530000000002,-0.523921,QAT,GRC,8
1771826,183,90,8,1978.0,0.0,263270.0,-0.137164,-0.648642,QAT,GRC,8
1771827,183,90,8,1979.0,0.0,235009.0,0.89312,-0.527416,QAT,GRC,8
1771828,183,90,8,1975.0,0.0,63266.0,-1.780562,-0.49701999999999996,QAT,GRC,8
1771829,183,90,8,1981.0,0.0,237102.0,0.358542,-0.532443,QAT,GRC,8
1771830,183,90,8,1982.0,0.0,312094.0,0.833726,-0.558642,QAT,GRC,8
1771831,183,90,8,1983.0,0.0,303539.0,0.34320700000000004,-0.661964,QAT,GRC,8
1771832,183,90,8,1984.0,0.0,332153.0,0.596055,-0.595394,QAT,GRC,8
1771833,183,90,8,1985.0,0.0,427245.0,0.23533800000000002,-0.6478619999999999,QAT,GRC,8
1771834,183,90,8,1988.0,0.0,337151.0,0.398904,-0.75967,QAT,GRC,8
1771835,183,90,8,1991.0,0.0,118226.0,-0.067134,-0.891201,QAT,GRC,8
1771836,183,90,8,1992.0,989.0,132423.0,-0.491413,-1.004476,QAT,GRC,8
1771837,183,90,8,1993.0,0.0,125417.0,-0.400175,-0.998101,QAT,GRC,8
1771838,183,90,8,1994.0,0.0,157550.0,-0.345344,-1.029024,QAT,GRC,8
1771839,183,90,8,1999.0,0.0,252213.0,-0.6847409999999999,-1.240672,QAT,GRC,8
1771840,183,90,8,1996.0,0.0,187595.0,-0.511976,-1.148631,QAT,GRC,8
1771841,183,90,8,1997.0,0.0,273216.0,-1.1276760000000001,-1.233235,QAT,GRC,8
1771842,183,90,8,1998.0,13904.0,266066.0,-1.0053969999999999,-1.279465,QAT,GRC,8
1771843,183,90,8,1971.0,0.0,5615.0,-1.0228190000000001,-0.519414,QAT,GRC,8
1771844,183,90,8,1995.0,0.0,276740.0,-0.597421,-1.092306,QAT,GRC,8
1771845,183,90,8,1980.0,0.0,343353.0,0.211304,-0.5499470000000001,QAT,GRC,8
1771846,183,90,8,1986.0,0.0,729288.0,0.17302599999999999,-0.703713,QAT,GRC,8
1771847,183,90,8,1987.0,1108.0,564950.0,0.055278999999999995,-0.777247,QAT,GRC,8
1771848,183,90,8,1977.0,0.0,239191.0,-2.613667,-0.532277,QAT,GRC,8
1771849,183,90,8,1976.0,0.0,185584.0,-1.391725,-0.45887700000000003,QAT,GRC,8
1771850,184,90,8,1990.0,0.0,13935.0,0.783036,-0.023051,REU,GRC,8
1771851,184,90,8,1989.0,0.0,37363.0,0.7326020000000001,-0.074178,REU,GRC,8
1771852,184,90,8,1991.0,0.0,2721.0,0.645254,-0.3248,REU,GRC,8
1771853,184,90,8,1992.0,1048.0,4223.0,0.251216,-0.448812,REU,GRC,8
1771854,184,90,8,1995.0,0.0,22119.0,0.519511,-0.335471,REU,GRC,8
1771855,184,90,8,1985.0,0.0,5508.0,0.294012,-0.251934,REU,GRC,8
1771856,184,90,8,1987.0,5267.0,0.0,0.088739,-0.42639399999999994,REU,GRC,8
1771857,185,90,8,2001.0,13649791.0,36807102.0,0.465168,1.1029129999999998,ROU,GRC,8
1771858,185,90,8,2005.0,32278684.0,59123672.0,0.572481,1.30965,ROU,GRC,8
1771859,185,90,8,2006.0,24415546.0,68994843.0,0.733232,1.2149,ROU,GRC,8
1771860,185,90,8,2007.0,34899036.0,105504664.0,0.8974129999999999,1.161408,ROU,GRC,8
1771861,185,90,8,2008.0,42968525.0,148866436.0,0.912438,1.235662,ROU,GRC,8
1771862,185,90,8,2009.0,45336380.0,122813826.0,0.958048,1.054473,ROU,GRC,8
1771863,185,90,8,2011.0,48663040.0,94888473.0,0.9713860000000001,1.2369299999999999,ROU,GRC,8
1771864,185,90,8,1994.0,2217280.0,8929395.0,0.5883550000000001,1.267986,ROU,GRC,8
1771865,185,90,8,1993.0,1961547.0,6175179.0,0.61353,1.398393,ROU,GRC,8
1771866,185,90,8,1995.0,4013106.0,14239364.0,0.618572,1.29356,ROU,GRC,8
1771867,185,90,8,1996.0,3331248.0,12849797.0,0.612166,1.201016,ROU,GRC,8
1771868,185,90,8,2019.0,74987620.0,193023830.0,1.209074,1.0316889999999999,ROU,GRC,8
1771869,185,90,8,2020.0,70896903.0,198663144.0,1.273679,1.0322719999999999,ROU,GRC,8
1771870,185,90,8,1998.0,7102002.0,15104179.0,0.558282,1.1410799999999999,ROU,GRC,8
1771871,185,90,8,2017.0,44621618.0,139501387.0,1.145161,1.095192,ROU,GRC,8
1771872,185,90,8,2018.0,79371842.0,177862655.0,1.1458030000000001,1.194413,ROU,GRC,8
1771873,185,90,8,2016.0,42706604.0,111499392.0,1.176177,1.093489,ROU,GRC,8
1771874,185,90,8,2003.0,19590164.0,40679392.0,0.41359300000000004,1.205227,ROU,GRC,8
1771875,185,90,8,2004.0,25464798.0,47972736.0,0.53925,1.145066,ROU,GRC,8
1771876,185,90,8,2010.0,40748763.0,90017660.0,0.8960459999999999,1.239232,ROU,GRC,8
1771877,185,90,8,2012.0,37096540.0,82809765.0,0.952936,1.227809,ROU,GRC,8
1771878,185,90,8,2013.0,42876807.0,89366425.0,1.05722,1.0968799999999999,ROU,GRC,8
1771879,185,90,8,1975.0,231694.0,634684.0,0.743351,1.154855,ROU,GRC,8
1771880,185,90,8,1989.0,1062841.0,70846.0,1.126449,1.223457,ROU,GRC,8
1771881,185,90,8,2002.0,12557573.0,31591775.0,0.549227,1.071998,ROU,GRC,8
1771882,185,90,8,2015.0,41853791.0,100373727.0,1.030485,1.1504159999999999,ROU,GRC,8
1771883,185,90,8,1992.0,1428647.0,3810160.0,0.838817,1.358629,ROU,GRC,8
1771884,185,90,8,2014.0,44500525.0,104831753.0,1.0837940000000001,1.199571,ROU,GRC,8
1771885,185,90,8,1969.0,62689.0,229794.0,0.777215,0.9381649999999999,ROU,GRC,8
1771886,185,90,8,1972.0,189592.0,378417.0,0.855089,1.104644,ROU,GRC,8
1771887,185,90,8,1978.0,149584.0,314319.0,0.9384440000000001,1.210904,ROU,GRC,8
1771888,185,90,8,1979.0,207398.0,48590.0,0.7808649999999999,0.9469989999999999,ROU,GRC,8
1771889,185,90,8,1980.0,577728.0,270348.0,0.845167,1.053231,ROU,GRC,8
1771890,185,90,8,1985.0,76198.0,481882.0,0.927969,1.054916,ROU,GRC,8
1771891,185,90,8,1990.0,1570035.0,335460.0,1.118394,1.169108,ROU,GRC,8
1771892,185,90,8,1991.0,1292094.0,1915847.0,0.9573659999999999,1.3362459999999998,ROU,GRC,8
1771893,185,90,8,1997.0,5387471.0,11658394.0,0.666251,1.31932,ROU,GRC,8
1771894,185,90,8,1999.0,8982457.0,17521260.0,0.519841,1.11735,ROU,GRC,8
1771895,185,90,8,2000.0,15924887.0,23391671.0,0.55594,1.054573,ROU,GRC,8
1771896,185,90,8,1974.0,123950.0,1344833.0,0.710086,0.982367,ROU,GRC,8
1771897,185,90,8,1965.0,27122.0,19348.0,0.7120890000000001,0.6539510000000001,ROU,GRC,8
1771898,185,90,8,1966.0,22745.0,138885.0,0.6077560000000001,0.671251,ROU,GRC,8
1771899,185,90,8,1967.0,62594.0,537775.0,0.581341,0.752522,ROU,GRC,8
1771900,185,90,8,1968.0,37220.0,211970.0,0.7897609999999999,0.9959479999999999,ROU,GRC,8
1771901,185,90,8,1973.0,225312.0,822124.0,0.788371,0.9743959999999999,ROU,GRC,8
1771902,185,90,8,1981.0,699973.0,45896.0,0.732333,0.986553,ROU,GRC,8
1771903,185,90,8,1983.0,333160.0,38587.0,0.905108,1.173439,ROU,GRC,8
1771904,185,90,8,1984.0,166517.0,388774.0,0.8576809999999999,0.948685,ROU,GRC,8
1771905,185,90,8,1986.0,225438.0,13414.0,0.726671,0.707693,ROU,GRC,8
1771906,185,90,8,1987.0,248341.0,83844.0,0.8168880000000001,0.852075,ROU,GRC,8
1771907,185,90,8,1988.0,557726.0,84886.0,0.859057,0.9488629999999999,ROU,GRC,8
1771908,185,90,8,1970.0,72313.0,122182.0,0.8068569999999999,0.891278,ROU,GRC,8
1771909,185,90,8,1962.0,0.0,2556.0,0.20831,-0.182125,ROU,GRC,8
1771910,185,90,8,1963.0,2260.0,0.0,0.2059,-0.071075,ROU,GRC,8
1771911,185,90,8,1964.0,6342.0,0.0,0.481124,0.187814,ROU,GRC,8
1771912,185,90,8,1971.0,158859.0,139162.0,1.0355299999999998,1.5666129999999998,ROU,GRC,8
1771913,185,90,8,1982.0,563889.0,1801.0,0.8158310000000001,1.10202,ROU,GRC,8
1771914,185,90,8,1977.0,118514.0,730426.0,0.905818,1.61226,ROU,GRC,8
1771915,185,90,8,1976.0,124885.0,1146353.0,0.704256,1.185071,ROU,GRC,8
1771916,186,90,8,2016.0,1458128.0,56805397.0,0.086009,0.300039,RUS,GRC,8
1771917,186,90,8,2004.0,6510339.0,126428135.0,0.422803,0.017524,RUS,GRC,8
1771918,186,90,8,2005.0,2807601.0,102823954.0,0.553547,-0.04292,RUS,GRC,8
1771919,186,90,8,2017.0,854155.0,64190988.0,0.07402,0.248236,RUS,GRC,8
1771920,186,90,8,1962.0,95772.0,9999.0,0.535564,0.195434,RUS,GRC,8
1771921,186,90,8,1963.0,182143.0,0.0,0.316475,0.086227,RUS,GRC,8
1771922,186,90,8,1964.0,274932.0,0.0,0.726326,0.5256270000000001,RUS,GRC,8
1771923,186,90,8,1965.0,350629.0,12081.0,0.723283,0.71809,RUS,GRC,8
1771924,186,90,8,1966.0,383442.0,6926.0,0.638421,0.33537,RUS,GRC,8
1771925,186,90,8,1967.0,289266.0,0.0,0.57321,0.5290229999999999,RUS,GRC,8
1771926,186,90,8,1968.0,191226.0,0.0,0.429629,0.513075,RUS,GRC,8
1771927,186,90,8,1969.0,221852.0,0.0,0.332692,0.541614,RUS,GRC,8
1771928,186,90,8,1970.0,417109.0,0.0,0.5546909999999999,0.945484,RUS,GRC,8
1771929,186,90,8,1971.0,582799.0,15239.0,0.42000600000000005,0.512301,RUS,GRC,8
1771930,186,90,8,1972.0,820421.0,849870.0,0.5114449999999999,0.641256,RUS,GRC,8
1771931,186,90,8,1973.0,622479.0,377828.0,0.32006999999999997,0.607798,RUS,GRC,8
1771932,186,90,8,1974.0,484307.0,2722052.0,0.11698599999999999,0.21719499999999997,RUS,GRC,8
1771933,186,90,8,1975.0,599729.0,2355276.0,0.076081,0.28271199999999996,RUS,GRC,8
1771934,186,90,8,1977.0,485981.0,883694.0,0.324585,0.364847,RUS,GRC,8
1771935,186,90,8,1996.0,2705820.0,115579267.0,0.505247,0.349848,RUS,GRC,8
1771936,186,90,8,1997.0,15553375.0,201488073.0,0.572773,0.375446,RUS,GRC,8
1771937,186,90,8,1998.0,2435208.0,111988980.0,0.707259,0.670607,RUS,GRC,8
1771938,186,90,8,1999.0,2495790.0,84546133.0,0.537914,0.5083310000000001,RUS,GRC,8
1771939,186,90,8,2000.0,3212864.0,87599523.0,0.765547,0.369255,RUS,GRC,8
1771940,186,90,8,2001.0,14247150.0,90385796.0,0.546271,0.195872,RUS,GRC,8
1771941,186,90,8,2002.0,20954210.0,75621934.0,0.6051449999999999,0.272307,RUS,GRC,8
1771942,186,90,8,2003.0,15361608.0,122907581.0,0.6624220000000001,0.269964,RUS,GRC,8
1771943,186,90,8,2006.0,6949971.0,121877949.0,0.311252,-0.093895,RUS,GRC,8
1771944,186,90,8,2007.0,5935182.0,125995631.0,0.186805,-0.197179,RUS,GRC,8
1771945,186,90,8,2008.0,2949365.0,147964232.0,0.062097,-0.160422,RUS,GRC,8
1771946,186,90,8,2009.0,4288005.0,73996785.0,0.048661,-0.159299,RUS,GRC,8
1771947,186,90,8,2010.0,2519735.0,97295739.0,0.15820499999999998,-0.27124299999999996,RUS,GRC,8
1771948,186,90,8,2011.0,2930778.0,117750377.0,-0.001622,-0.305764,RUS,GRC,8
1771949,186,90,8,2012.0,2257550.0,122672692.0,-0.123649,-0.218926,RUS,GRC,8
1771950,186,90,8,2013.0,4531334.0,113482151.0,-0.08233,-0.267781,RUS,GRC,8
1771951,186,90,8,2014.0,3227993.0,96208373.0,-0.006737000000000001,-0.172237,RUS,GRC,8
1771952,186,90,8,2015.0,2374740.0,52549555.0,0.12238199999999999,0.176852,RUS,GRC,8
1771953,186,90,8,2018.0,1211539.0,55093789.0,-0.079971,0.11098599999999999,RUS,GRC,8
1771954,186,90,8,2019.0,1236156.0,52431844.0,0.095137,0.331148,RUS,GRC,8
1771955,186,90,8,2020.0,1580010.0,20293182.0,0.200054,0.683451,RUS,GRC,8
1771956,186,90,8,1978.0,2027733.0,968125.0,0.407516,0.170222,RUS,GRC,8
1771957,186,90,8,1979.0,2768041.0,27994.0,0.25053800000000004,-0.11835599999999999,RUS,GRC,8
1771958,186,90,8,1980.0,1772254.0,2728722.0,0.317759,0.05992000000000001,RUS,GRC,8
1771959,186,90,8,1981.0,784446.0,2295632.0,0.0231,-0.101239,RUS,GRC,8
1771960,186,90,8,1985.0,635449.0,11761367.0,0.23856599999999997,0.0026190000000000002,RUS,GRC,8
1771961,186,90,8,1995.0,2138259.0,68411791.0,0.219904,0.308367,RUS,GRC,8
1771962,186,90,8,1991.0,1649436.0,9757998.0,0.23904299999999998,0.214214,RUS,GRC,8
1771963,186,90,8,1992.0,1731246.0,11116754.0,0.071799,0.14036099999999999,RUS,GRC,8
1771964,186,90,8,1993.0,1953941.0,31425035.0,0.09869,0.325467,RUS,GRC,8
1771965,186,90,8,1976.0,567725.0,2240073.0,0.35726399999999997,0.40202899999999997,RUS,GRC,8
1771966,186,90,8,1982.0,887005.0,396026.0,0.169966,-0.20318699999999998,RUS,GRC,8
1771967,186,90,8,1983.0,591352.0,1076862.0,0.28366399999999997,-0.098122,RUS,GRC,8
1771968,186,90,8,1984.0,1156920.0,2830933.0,0.34895,-0.136793,RUS,GRC,8
1771969,186,90,8,1986.0,657316.0,7317368.0,0.194451,0.016276,RUS,GRC,8
1771970,186,90,8,1987.0,706340.0,13882837.0,0.10450899999999999,-0.130158,RUS,GRC,8
1771971,186,90,8,1988.0,1207887.0,4460133.0,0.23909299999999997,0.291064,RUS,GRC,8
1771972,186,90,8,1989.0,1200095.0,23449549.0,0.35396,0.306404,RUS,GRC,8
1771973,186,90,8,1990.0,1595946.0,32482457.0,0.20522800000000002,0.21904400000000002,RUS,GRC,8
1771974,186,90,8,1994.0,1340737.0,43883134.0,0.08632000000000001,0.242823,RUS,GRC,8
1771975,187,90,8,2017.0,0.0,1051.0,-0.731128,-0.64418,RWA,GRC,8
1771976,187,90,8,2018.0,0.0,14674.0,-0.48781199999999997,-0.741734,RWA,GRC,8
1771977,187,90,8,2019.0,0.0,41600.0,-0.49837,-0.46896400000000005,RWA,GRC,8
1771978,187,90,8,2006.0,0.0,33039.0,0.190864,-0.346779,RWA,GRC,8
1771979,187,90,8,2004.0,0.0,2319.0,-1.3090190000000002,-1.063632,RWA,GRC,8
1771980,187,90,8,1997.0,0.0,22204.0,-0.337464,-0.8656,RWA,GRC,8
1771981,187,90,8,2014.0,0.0,6581.0,-0.475152,-0.390083,RWA,GRC,8
1771982,187,90,8,2016.0,0.0,1326.0,-0.57693,-0.476909,RWA,GRC,8
1771983,187,90,8,2020.0,0.0,1046.0,-0.6397189999999999,-0.9514379999999999,RWA,GRC,8
1771984,187,90,8,1988.0,0.0,40297.0,-1.3462379999999998,-0.8351569999999999,RWA,GRC,8
1771985,187,90,8,1984.0,0.0,37133.0,-1.0348,-0.657899,RWA,GRC,8
1771986,187,90,8,1992.0,0.0,12872.0,-0.890012,-0.888402,RWA,GRC,8
1771987,187,90,8,1989.0,0.0,20904.0,-1.726289,-0.898437,RWA,GRC,8
1771988,188,90,8,2005.0,1139890.0,6107076.0,0.227278,-0.918508,SAU,GRC,8
1771989,188,90,8,2006.0,394187.0,9460641.0,-0.094152,-0.921106,SAU,GRC,8
1771990,188,90,8,2007.0,465042.0,8132132.0,-0.578652,-0.9950549999999999,SAU,GRC,8
1771991,188,90,8,2011.0,145044.0,9030868.0,-0.7033010000000001,-0.972992,SAU,GRC,8
1771992,188,90,8,2012.0,904421.0,14163600.0,-0.621115,-0.975865,SAU,GRC,8
1771993,188,90,8,2013.0,743015.0,21248470.0,-0.14823599999999998,-0.883965,SAU,GRC,8
1771994,188,90,8,2016.0,1393169.0,15129521.0,0.00286,-0.764602,SAU,GRC,8
1771995,188,90,8,2017.0,954886.0,11838276.0,0.508031,-0.42373500000000003,SAU,GRC,8
1771996,188,90,8,2018.0,618300.0,12018510.0,0.600485,-0.450466,SAU,GRC,8
1771997,188,90,8,2019.0,323678.0,13089803.0,0.648316,-0.468893,SAU,GRC,8
1771998,188,90,8,2020.0,550341.0,11682049.0,0.616269,-0.243155,SAU,GRC,8
1771999,188,90,8,2010.0,234328.0,12533919.0,0.18674200000000002,-0.827623,SAU,GRC,8
1772000,188,90,8,2014.0,2023092.0,20998455.0,-0.188727,-0.8629459999999999,SAU,GRC,8
1772001,188,90,8,2008.0,582257.0,7293225.0,-0.8685149999999999,-0.96847,SAU,GRC,8
1772002,188,90,8,2009.0,8760912.0,6601389.0,-0.48351700000000003,-0.9227860000000001,SAU,GRC,8
1772003,188,90,8,2015.0,144399.0,21300884.0,0.014337,-0.866934,SAU,GRC,8
1772004,188,90,8,1972.0,0.0,157472.0,-1.439937,-0.60831,SAU,GRC,8
1772005,188,90,8,1974.0,0.0,658719.0,-2.591343,-0.517468,SAU,GRC,8
1772006,188,90,8,1975.0,0.0,1135720.0,-2.161351,-0.483896,SAU,GRC,8
1772007,188,90,8,1976.0,1419.0,4781427.0,-3.208222,-0.510985,SAU,GRC,8
1772008,188,90,8,1977.0,13977.0,6989556.0,-3.978714,-0.564348,SAU,GRC,8
1772009,188,90,8,1978.0,63634.0,9779575.0,-1.1463700000000001,-0.677775,SAU,GRC,8
1772010,188,90,8,1979.0,152300.0,12092949.0,-2.538234,-0.670013,SAU,GRC,8
1772011,188,90,8,1980.0,69695.0,11035621.0,-2.413046,-0.630391,SAU,GRC,8
1772012,188,90,8,1981.0,57638.0,14282798.0,-2.8520779999999997,-0.686597,SAU,GRC,8
1772013,188,90,8,1982.0,78202.0,13785181.0,-1.664891,-0.718229,SAU,GRC,8
1772014,188,90,8,1983.0,40779.0,16586712.0,-0.673768,-0.712778,SAU,GRC,8
1772015,188,90,8,1984.0,98385.0,15870750.0,-0.797399,-0.725643,SAU,GRC,8
1772016,188,90,8,1985.0,71741.0,13400176.0,-0.290648,-0.7479210000000001,SAU,GRC,8
1772017,188,90,8,1986.0,61377.0,13214357.0,-0.355175,-0.7725310000000001,SAU,GRC,8
1772018,188,90,8,1987.0,99019.0,13383758.0,-0.004187,-0.750455,SAU,GRC,8
1772019,188,90,8,1988.0,42892.0,7621653.0,0.181023,-0.6679470000000001,SAU,GRC,8
1772020,188,90,8,1989.0,121421.0,8166036.0,0.26795399999999997,-0.6474489999999999,SAU,GRC,8
1772021,188,90,8,1990.0,746512.0,7542032.0,0.055541,-0.655489,SAU,GRC,8
1772022,188,90,8,1991.0,281787.0,6182082.0,0.410296,-0.791425,SAU,GRC,8
1772023,188,90,8,1992.0,147146.0,7483705.0,0.416315,-0.7342489999999999,SAU,GRC,8
1772024,188,90,8,1993.0,210242.0,8754398.0,0.621919,-0.684253,SAU,GRC,8
1772025,188,90,8,1994.0,141973.0,6805072.0,0.331411,-0.802608,SAU,GRC,8
1772026,188,90,8,1995.0,626099.0,10677493.0,0.300643,-0.7885489999999999,SAU,GRC,8
1772027,188,90,8,1996.0,377002.0,11671519.0,-0.200762,-1.0419610000000001,SAU,GRC,8
1772028,188,90,8,1998.0,252307.0,12358258.0,0.056949,-0.962511,SAU,GRC,8
1772029,188,90,8,1999.0,129004.0,10049089.0,0.217734,-0.7391840000000001,SAU,GRC,8
1772030,188,90,8,2000.0,137326.0,7950572.0,0.005864,-0.983202,SAU,GRC,8
1772031,188,90,8,2003.0,663160.0,8642440.0,0.24791100000000002,-0.801559,SAU,GRC,8
1772032,188,90,8,2004.0,477210.0,8731022.0,0.361324,-0.760732,SAU,GRC,8
1772033,188,90,8,1973.0,0.0,242779.0,-1.8830740000000001,-0.634441,SAU,GRC,8
1772034,188,90,8,2002.0,528448.0,9824511.0,0.048764,-0.903125,SAU,GRC,8
1772035,188,90,8,1969.0,1074.0,134675.0,-1.1431799999999999,-0.462379,SAU,GRC,8
1772036,188,90,8,2001.0,411010.0,8679137.0,0.078887,-0.9764430000000001,SAU,GRC,8
1772037,188,90,8,1967.0,0.0,133221.0,-1.5108489999999999,-0.436518,SAU,GRC,8
1772038,188,90,8,1970.0,0.0,158089.0,-1.21424,-0.554303,SAU,GRC,8
1772039,188,90,8,1968.0,0.0,179342.0,-1.510775,-0.48828699999999997,SAU,GRC,8
1772040,188,90,8,1965.0,0.0,107029.0,-0.734613,-0.307114,SAU,GRC,8
1772041,188,90,8,1997.0,118307.0,18050803.0,-0.300809,-1.0455,SAU,GRC,8
1772042,188,90,8,1966.0,0.0,209700.0,-1.053093,-0.38454699999999997,SAU,GRC,8
1772043,188,90,8,1971.0,0.0,111341.0,-1.370577,-0.556488,SAU,GRC,8
1772044,188,90,8,1963.0,0.0,110335.0,-1.418387,-0.334219,SAU,GRC,8
1772045,188,90,8,1964.0,0.0,218237.0,-1.3161909999999999,-0.322522,SAU,GRC,8
1772046,188,90,8,1962.0,0.0,9716.0,-1.262043,-0.332635,SAU,GRC,8
1772047,189,90,8,1992.0,2559302.0,7196473.0,0.9474950000000001,2.442268,SCG,GRC,8
1772048,189,90,8,1998.0,7751327.0,11408644.0,0.591631,1.9495360000000002,SCG,GRC,8
1772049,189,90,8,2004.0,5148818.0,15944152.0,0.544686,2.418024,SCG,GRC,8
1772050,189,90,8,2001.0,3409783.0,10416669.0,0.38765,2.769588,SCG,GRC,8
1772051,189,90,8,1996.0,4746436.0,9249489.0,0.699084,2.2900150000000004,SCG,GRC,8
1772052,189,90,8,1997.0,6634009.0,12682829.0,0.626724,1.7948549999999999,SCG,GRC,8
1772053,189,90,8,1999.0,2785037.0,6028943.0,0.470975,2.587854,SCG,GRC,8
1772054,189,90,8,2000.0,2938002.0,8248803.0,0.484573,2.767036,SCG,GRC,8
1772055,189,90,8,2002.0,3646352.0,12313879.0,0.523459,2.58657,SCG,GRC,8
1772056,189,90,8,2003.0,2439787.0,15508630.0,0.46711199999999997,2.1827810000000003,SCG,GRC,8
1772057,189,90,8,2005.0,3115057.0,10583420.0,0.520555,1.944405,SCG,GRC,8
1772058,189,90,8,1995.0,31860.0,712426.0,0.8224469999999999,1.0653709999999998,SCG,GRC,8
1772059,190,90,8,1996.0,0.0,203891.0,-1.342853,-1.183092,SDN,GRC,8
1772060,190,90,8,1997.0,0.0,15380.0,-1.248538,-1.197904,SDN,GRC,8
1772061,190,90,8,1998.0,0.0,137677.0,-0.873128,-0.9515959999999999,SDN,GRC,8
1772062,190,90,8,1999.0,0.0,144487.0,-1.248432,-1.194591,SDN,GRC,8
1772063,190,90,8,2000.0,0.0,109565.0,-1.446942,-1.216142,SDN,GRC,8
1772064,190,90,8,2007.0,0.0,245677.0,-2.045832,-1.368339,SDN,GRC,8
1772065,190,90,8,2008.0,0.0,33702.0,-1.8618830000000002,-1.33281,SDN,GRC,8
1772066,190,90,8,2009.0,6011.0,3485992.0,-2.094564,-1.3970200000000002,SDN,GRC,8
1772067,190,90,8,2010.0,2677.0,89177.0,-1.997616,-1.348493,SDN,GRC,8
1772068,190,90,8,2011.0,0.0,73701.0,-1.9301830000000002,-1.325842,SDN,GRC,8
1772069,190,90,8,2012.0,0.0,25755.0,-1.2913139999999999,-1.144454,SDN,GRC,8
1772070,190,90,8,2013.0,1157.0,235405.0,-1.224897,-1.059517,SDN,GRC,8
1772071,190,90,8,2014.0,0.0,93925.0,-1.473904,-1.154731,SDN,GRC,8
1772072,190,90,8,2015.0,3537.0,108923.0,-1.465118,-1.270242,SDN,GRC,8
1772073,190,90,8,2016.0,0.0,104563.0,-1.276278,-1.183311,SDN,GRC,8
1772074,190,90,8,2017.0,1419.0,47616.0,-1.488393,-1.236046,SDN,GRC,8
1772075,190,90,8,2018.0,0.0,83658.0,-1.3426719999999999,-1.1851909999999999,SDN,GRC,8
1772076,190,90,8,2002.0,0.0,83512.0,-1.336665,-1.19919,SDN,GRC,8
1772077,190,90,8,2003.0,0.0,54647.0,-1.298216,-1.1938870000000001,SDN,GRC,8
1772078,190,90,8,2004.0,2197.0,496635.0,-1.503552,-1.253193,SDN,GRC,8
1772079,190,90,8,2005.0,0.0,54044.0,-1.492413,-1.269306,SDN,GRC,8
1772080,190,90,8,2019.0,0.0,141083.0,-1.45731,-1.2618040000000001,SDN,GRC,8
1772081,190,90,8,1969.0,3600.0,52750.0,-1.303416,-0.9319,SDN,GRC,8
1772082,190,90,8,1966.0,3120.0,50606.0,-1.190201,-0.8691120000000001,SDN,GRC,8
1772083,190,90,8,1967.0,0.0,56959.0,-1.2184409999999999,-0.881192,SDN,GRC,8
1772084,190,90,8,1995.0,0.0,274404.0,-0.6951350000000001,-0.940327,SDN,GRC,8
1772085,190,90,8,1975.0,0.0,100070.0,-1.157901,-0.898517,SDN,GRC,8
1772086,190,90,8,1968.0,12546.0,25740.0,-1.18039,-0.908206,SDN,GRC,8
1772087,190,90,8,1972.0,3439.0,92870.0,-1.3547799999999999,-0.9342440000000001,SDN,GRC,8
1772088,190,90,8,1974.0,0.0,124516.0,-0.804729,-0.875218,SDN,GRC,8
1772089,190,90,8,1991.0,12021.0,254812.0,-0.9406,-0.9364049999999999,SDN,GRC,8
1772090,190,90,8,1992.0,0.0,910799.0,-0.930193,-1.02726,SDN,GRC,8
1772091,190,90,8,1993.0,0.0,434228.0,-1.108491,-1.042635,SDN,GRC,8
1772092,190,90,8,2001.0,0.0,195010.0,-1.7142950000000001,-1.341016,SDN,GRC,8
1772093,190,90,8,2006.0,0.0,143168.0,-1.727355,-1.278714,SDN,GRC,8
1772094,190,90,8,2020.0,0.0,112812.0,-1.353246,-1.268661,SDN,GRC,8
1772095,190,90,8,1971.0,0.0,174536.0,-1.375243,-0.9691209999999999,SDN,GRC,8
1772096,190,90,8,1980.0,1809.0,641823.0,-0.946818,-0.866403,SDN,GRC,8
1772097,190,90,8,1982.0,0.0,2868265.0,-1.104897,-0.9046850000000001,SDN,GRC,8
1772098,190,90,8,1983.0,0.0,1669251.0,-0.9413729999999999,-0.920055,SDN,GRC,8
1772099,190,90,8,1984.0,1630.0,2043124.0,-1.12665,-0.939689,SDN,GRC,8
1772100,190,90,8,1986.0,0.0,795959.0,-1.361119,-1.05695,SDN,GRC,8
1772101,190,90,8,1987.0,22248.0,852218.0,-1.323763,-1.052445,SDN,GRC,8
1772102,190,90,8,1988.0,0.0,1105541.0,-1.142579,-1.030532,SDN,GRC,8
1772103,190,90,8,1989.0,0.0,568609.0,-1.065491,-0.930419,SDN,GRC,8
1772104,190,90,8,1963.0,0.0,58058.0,-0.8505379999999999,-0.693693,SDN,GRC,8
1772105,190,90,8,1964.0,0.0,55789.0,-1.390569,-0.860024,SDN,GRC,8
1772106,190,90,8,1965.0,0.0,42768.0,-1.340652,-0.822845,SDN,GRC,8
1772107,190,90,8,1970.0,3843.0,27913.0,-1.520378,-0.963227,SDN,GRC,8
1772108,190,90,8,1973.0,0.0,62702.0,-1.4007610000000001,-0.9762569999999999,SDN,GRC,8
1772109,190,90,8,1981.0,0.0,1452888.0,-0.8598370000000001,-0.92599,SDN,GRC,8
1772110,190,90,8,1985.0,0.0,717870.0,-0.927787,-0.835478,SDN,GRC,8
1772111,190,90,8,1990.0,0.0,817465.0,-1.021495,-0.953471,SDN,GRC,8
1772112,190,90,8,1979.0,0.0,123408.0,-0.969759,-0.88289,SDN,GRC,8
1772113,190,90,8,1994.0,0.0,179497.0,-1.152679,-1.050158,SDN,GRC,8
1772114,190,90,8,1978.0,0.0,158938.0,-1.218791,-0.919903,SDN,GRC,8
1772115,190,90,8,1962.0,0.0,28589.0,-0.9824219999999999,-0.6792590000000001,SDN,GRC,8
1772116,190,90,8,1977.0,0.0,93681.0,-0.757351,-0.742683,SDN,GRC,8
1772117,190,90,8,1976.0,0.0,91508.0,-0.462321,-0.590899,SDN,GRC,8
1772118,191,90,8,2014.0,9194.0,233316.0,-0.509239,0.002353,SEN,GRC,8
1772119,191,90,8,2016.0,0.0,310677.0,-0.648644,-0.39857800000000004,SEN,GRC,8
1772120,191,90,8,1977.0,0.0,4168.0,0.096441,-0.37849499999999997,SEN,GRC,8
1772121,191,90,8,1979.0,1155.0,9540.0,-0.24318299999999998,-0.589806,SEN,GRC,8
1772122,191,90,8,2008.0,144189.0,224716.0,-0.580431,-0.22995700000000002,SEN,GRC,8
1772123,191,90,8,2011.0,30298.0,299185.0,-0.760073,-0.437687,SEN,GRC,8
1772124,191,90,8,2013.0,6579.0,191286.0,-0.566624,-0.185277,SEN,GRC,8
1772125,191,90,8,2015.0,0.0,23975.0,-0.6011479999999999,-0.060362,SEN,GRC,8
1772126,191,90,8,2017.0,1930.0,198960.0,-0.604504,-0.228411,SEN,GRC,8
1772127,191,90,8,2018.0,0.0,248339.0,-0.699313,-0.360203,SEN,GRC,8
1772128,191,90,8,2019.0,0.0,34567.0,-0.854462,-0.516501,SEN,GRC,8
1772129,191,90,8,2020.0,2167.0,241343.0,-0.649899,-0.43985,SEN,GRC,8
1772130,191,90,8,2012.0,7081.0,68153.0,-0.379797,0.020130000000000002,SEN,GRC,8
1772131,191,90,8,2001.0,14647.0,19226.0,-0.570156,-0.560573,SEN,GRC,8
1772132,191,90,8,2003.0,27783.0,5577.0,-0.40507600000000005,-0.203001,SEN,GRC,8
1772133,191,90,8,2004.0,17794.0,71403.0,-0.620158,-0.296575,SEN,GRC,8
1772134,191,90,8,2005.0,13535.0,4289.0,-0.289572,0.017174000000000002,SEN,GRC,8
1772135,191,90,8,2006.0,4957.0,2455.0,-0.548758,-0.152572,SEN,GRC,8
1772136,191,90,8,2007.0,35830.0,95356.0,-0.335602,0.315419,SEN,GRC,8
1772137,191,90,8,2009.0,78979.0,66073.0,-0.7385510000000001,-0.49562399999999995,SEN,GRC,8
1772138,191,90,8,2010.0,20166.0,30600.0,-0.5918939999999999,-0.178111,SEN,GRC,8
1772139,191,90,8,1975.0,2142.0,9245.0,-0.11400899999999999,-0.5745600000000001,SEN,GRC,8
1772140,191,90,8,1978.0,0.0,12770.0,0.046414,-0.32506999999999997,SEN,GRC,8
1772141,191,90,8,1992.0,5737.0,4239.0,-0.43371800000000005,-0.679547,SEN,GRC,8
1772142,191,90,8,2002.0,36501.0,28579.0,-0.5424939999999999,-0.554531,SEN,GRC,8
1772143,191,90,8,1987.0,2781.0,17573.0,-0.085287,-0.37041,SEN,GRC,8
1772144,191,90,8,1989.0,1147.0,761.0,-0.09299,-0.368629,SEN,GRC,8
1772145,191,90,8,1990.0,2126.0,24620.0,-0.365358,-0.675021,SEN,GRC,8
1772146,191,90,8,1994.0,13663.0,10107.0,-0.226163,-0.529962,SEN,GRC,8
1772147,191,90,8,1996.0,3662.0,9071.0,-0.715409,-0.8895850000000001,SEN,GRC,8
1772148,191,90,8,1999.0,4207.0,11262.0,-0.628456,-0.49495100000000003,SEN,GRC,8
1772149,191,90,8,1993.0,73425.0,4498.0,-0.006815000000000001,-0.323123,SEN,GRC,8
1772150,191,90,8,1991.0,73784.0,14886.0,-0.417256,-0.761483,SEN,GRC,8
1772151,191,90,8,1998.0,2988.0,9130.0,-0.484558,-0.392137,SEN,GRC,8
1772152,191,90,8,2000.0,8453.0,17375.0,-0.449184,-0.375335,SEN,GRC,8
1772153,191,90,8,1980.0,0.0,13755.0,-0.022698,-0.37091999999999997,SEN,GRC,8
1772154,191,90,8,1986.0,4131.0,3436.0,-0.209867,-0.524988,SEN,GRC,8
1772155,191,90,8,1995.0,0.0,7790.0,-0.823351,-0.9226190000000001,SEN,GRC,8
1772156,191,90,8,1988.0,0.0,7130.0,-0.9311520000000001,-0.95162,SEN,GRC,8
1772157,192,90,8,2001.0,5041518.0,2207734.0,1.587064,0.639626,SGP,GRC,8
1772158,192,90,8,2002.0,4675345.0,1128746.0,1.7077209999999998,0.683549,SGP,GRC,8
1772159,192,90,8,2011.0,1627423.0,3440554.0,1.8165060000000002,0.6853899999999999,SGP,GRC,8
1772160,192,90,8,2014.0,2037987.0,4953155.0,1.750361,0.63849,SGP,GRC,8
1772161,192,90,8,2018.0,793626.0,9388246.0,1.870268,0.672214,SGP,GRC,8
1772162,192,90,8,2013.0,2013285.0,3303672.0,1.844685,0.639379,SGP,GRC,8
1772163,192,90,8,1999.0,2133032.0,1462768.0,1.7426110000000001,0.514146,SGP,GRC,8
1772164,192,90,8,2000.0,3589368.0,2924368.0,1.5432860000000002,0.519856,SGP,GRC,8
1772165,192,90,8,2012.0,1154894.0,3309842.0,1.762134,0.583393,SGP,GRC,8
1772166,192,90,8,2015.0,995610.0,5218552.0,1.883645,0.645237,SGP,GRC,8
1772167,192,90,8,2017.0,1371506.0,8880173.0,1.8943720000000002,0.449316,SGP,GRC,8
1772168,192,90,8,2016.0,1584294.0,7010255.0,2.0149340000000002,0.613009,SGP,GRC,8
1772169,192,90,8,2005.0,2277012.0,830115.0,1.734751,0.47802700000000004,SGP,GRC,8
1772170,192,90,8,2020.0,813269.0,7991937.0,1.871807,0.638979,SGP,GRC,8
1772171,192,90,8,1967.0,783.0,0.0,0.406543,0.44961999999999996,SGP,GRC,8
1772172,192,90,8,1968.0,333.0,0.0,0.34532199999999996,0.624988,SGP,GRC,8
1772173,192,90,8,1971.0,4866.0,5799.0,0.540057,0.9167700000000001,SGP,GRC,8
1772174,192,90,8,1972.0,7391.0,10582.0,0.46137100000000003,0.9252530000000001,SGP,GRC,8
1772175,192,90,8,1973.0,48614.0,9906.0,0.656068,1.318713,SGP,GRC,8
1772176,192,90,8,1974.0,17311.0,3993.0,0.689488,1.429749,SGP,GRC,8
1772177,192,90,8,1975.0,7523.0,5675.0,0.660647,1.370517,SGP,GRC,8
1772178,192,90,8,1979.0,46284.0,19594.0,0.418079,1.132749,SGP,GRC,8
1772179,192,90,8,1980.0,45067.0,41485.0,0.402977,1.237256,SGP,GRC,8
1772180,192,90,8,1981.0,427776.0,212503.0,0.498993,1.2796,SGP,GRC,8
1772181,192,90,8,1982.0,108721.0,523426.0,0.569317,1.264116,SGP,GRC,8
1772182,192,90,8,1983.0,86483.0,805651.0,0.626926,1.030408,SGP,GRC,8
1772183,192,90,8,1984.0,33074.0,1231538.0,0.654335,1.170425,SGP,GRC,8
1772184,192,90,8,1985.0,40909.0,962598.0,0.673239,1.339357,SGP,GRC,8
1772185,192,90,8,1986.0,298591.0,914937.0,0.666637,1.170133,SGP,GRC,8
1772186,192,90,8,1987.0,662740.0,291543.0,0.8519530000000001,1.0570950000000001,SGP,GRC,8
1772187,192,90,8,1988.0,926252.0,457231.0,0.756944,1.207239,SGP,GRC,8
1772188,192,90,8,1989.0,1329098.0,721825.0,0.8307559999999999,1.189067,SGP,GRC,8
1772189,192,90,8,1990.0,1418063.0,590283.0,0.860663,0.915816,SGP,GRC,8
1772190,192,90,8,1991.0,3583680.0,307468.0,0.901048,0.7597119999999999,SGP,GRC,8
1772191,192,90,8,1992.0,4605646.0,299267.0,0.95691,0.892702,SGP,GRC,8
1772192,192,90,8,1993.0,3454629.0,2046823.0,1.089315,0.740722,SGP,GRC,8
1772193,192,90,8,1994.0,2898244.0,301569.0,1.175259,0.6461779999999999,SGP,GRC,8
1772194,192,90,8,1995.0,6114833.0,893251.0,1.2015069999999999,0.46232,SGP,GRC,8
1772195,192,90,8,1996.0,5572315.0,746774.0,1.288635,0.259061,SGP,GRC,8
1772196,192,90,8,1997.0,5687930.0,1340883.0,1.1946700000000001,0.30503600000000003,SGP,GRC,8
1772197,192,90,8,1998.0,2178923.0,801563.0,1.460695,0.560563,SGP,GRC,8
1772198,192,90,8,2003.0,2955524.0,728642.0,1.7698479999999999,0.63539,SGP,GRC,8
1772199,192,90,8,2004.0,5016469.0,1296955.0,1.804502,0.570084,SGP,GRC,8
1772200,192,90,8,2006.0,2146297.0,1287513.0,1.670134,0.43955600000000006,SGP,GRC,8
1772201,192,90,8,2007.0,2491641.0,1723336.0,1.6540990000000002,0.520069,SGP,GRC,8
1772202,192,90,8,2008.0,4060451.0,3006943.0,1.913389,0.5324369999999999,SGP,GRC,8
1772203,192,90,8,2009.0,2761687.0,1686311.0,1.9798509999999998,0.5573140000000001,SGP,GRC,8
1772204,192,90,8,2010.0,1829119.0,3986871.0,2.010565,0.564811,SGP,GRC,8
1772205,192,90,8,2019.0,1386946.0,8447815.0,2.0131759999999996,0.638957,SGP,GRC,8
1772206,192,90,8,1977.0,113902.0,42856.0,0.667818,1.4533280000000002,SGP,GRC,8
1772207,192,90,8,1978.0,591760.0,15952.0,0.746545,1.343492,SGP,GRC,8
1772208,192,90,8,1976.0,261610.0,20954.0,0.750603,1.379759,SGP,GRC,8
1772209,194,90,8,2014.0,0.0,1434.0,1.281662,0.12595699999999999,SHN,GRC,8
1772210,194,90,8,1999.0,0.0,119749.0,1.393742,0.067044,SHN,GRC,8
1772211,195,90,8,2020.0,0.0,102813.0,-1.4534989999999999,-0.98196,SLB,GRC,8
1772212,195,90,8,2016.0,8745.0,0.0,-1.458209,-0.9888530000000001,SLB,GRC,8
1772213,195,90,8,1992.0,7896.0,0.0,-1.491786,-0.9599799999999999,SLB,GRC,8
1772214,195,90,8,1993.0,2427.0,0.0,-1.6659,-0.971088,SLB,GRC,8
1772215,195,90,8,1994.0,40788.0,0.0,-1.808207,-0.9278569999999999,SLB,GRC,8
1772216,195,90,8,1996.0,1240.0,0.0,-1.6314629999999999,-0.917385,SLB,GRC,8
1772217,195,90,8,2000.0,0.0,217844.0,-0.673555,-0.8710319999999999,SLB,GRC,8
1772218,196,90,8,2018.0,0.0,10020.0,-0.17023,-0.25755700000000004,SLE,GRC,8
1772219,196,90,8,2010.0,0.0,40663.0,0.079861,-0.07935700000000001,SLE,GRC,8
1772220,196,90,8,2017.0,0.0,119434.0,-0.5391520000000001,-0.570954,SLE,GRC,8
1772221,196,90,8,1999.0,233930.0,111957.0,0.47884399999999994,-0.054530999999999996,SLE,GRC,8
1772222,196,90,8,2014.0,0.0,42080.0,-0.718496,-0.750311,SLE,GRC,8
1772223,196,90,8,2019.0,0.0,1304.0,-0.494788,-0.643432,SLE,GRC,8
1772224,196,90,8,1972.0,0.0,18580.0,-0.87654,-0.75707,SLE,GRC,8
1772225,196,90,8,1973.0,0.0,20661.0,-1.297717,-0.767698,SLE,GRC,8
1772226,196,90,8,1974.0,0.0,32902.0,-0.837893,-0.729536,SLE,GRC,8
1772227,196,90,8,1975.0,0.0,21651.0,-1.047999,-0.673836,SLE,GRC,8
1772228,196,90,8,2002.0,15047.0,126827.0,0.29478899999999997,0.055865,SLE,GRC,8
1772229,196,90,8,2005.0,0.0,2473.0,0.6599010000000001,0.12596300000000002,SLE,GRC,8
1772230,196,90,8,2008.0,0.0,3091.0,0.1932,-0.164954,SLE,GRC,8
1772231,196,90,8,2012.0,0.0,1355.0,-0.532612,-0.72927,SLE,GRC,8
1772232,196,90,8,2013.0,0.0,1646.0,-0.42937700000000006,-0.529857,SLE,GRC,8
1772233,196,90,8,2015.0,0.0,13858.0,0.214243,-0.185415,SLE,GRC,8
1772234,196,90,8,2016.0,0.0,24191.0,-0.25550500000000004,-0.44618800000000003,SLE,GRC,8
1772235,196,90,8,2020.0,0.0,2179.0,-0.550528,-0.677771,SLE,GRC,8
1772236,196,90,8,1997.0,0.0,205944.0,-0.279858,-0.632066,SLE,GRC,8
1772237,196,90,8,2001.0,90284.0,36335.0,0.262953,0.30432800000000004,SLE,GRC,8
1772238,196,90,8,2003.0,22894.0,5535.0,0.484401,0.069625,SLE,GRC,8
1772239,196,90,8,2004.0,0.0,4672.0,0.43205699999999997,0.068877,SLE,GRC,8
1772240,196,90,8,2006.0,0.0,1268.0,0.23031999999999997,-0.114212,SLE,GRC,8
1772241,196,90,8,1979.0,0.0,2352.0,-1.402957,-0.776351,SLE,GRC,8
1772242,196,90,8,1996.0,0.0,186675.0,-0.0266,-0.390162,SLE,GRC,8
1772243,196,90,8,1995.0,0.0,4726.0,-0.839385,-0.831953,SLE,GRC,8
1772244,196,90,8,1992.0,0.0,90208.0,-0.877425,-0.798561,SLE,GRC,8
1772245,196,90,8,1994.0,0.0,2924.0,-0.29043800000000003,-0.452426,SLE,GRC,8
1772246,196,90,8,2000.0,382534.0,379186.0,0.507205,-0.055387,SLE,GRC,8
1772247,196,90,8,1982.0,0.0,20488.0,-1.120817,-0.73282,SLE,GRC,8
1772248,196,90,8,1978.0,0.0,18418.0,-1.356154,-0.839612,SLE,GRC,8
1772249,196,90,8,1976.0,0.0,28825.0,-1.017634,-0.359315,SLE,GRC,8
1772250,196,90,8,1977.0,0.0,31554.0,-0.717923,-0.49531400000000003,SLE,GRC,8
1772251,197,90,8,2002.0,0.0,4564.0,-0.258579,-0.096214,SLV,GRC,8
1772252,197,90,8,2003.0,80612.0,18654.0,-0.281376,-0.174541,SLV,GRC,8
1772253,197,90,8,2004.0,106135.0,14917.0,-0.21054299999999998,0.086382,SLV,GRC,8
1772254,197,90,8,2005.0,66284.0,5748.0,-0.28803,0.100596,SLV,GRC,8
1772255,197,90,8,2009.0,0.0,15938.0,-0.102931,0.225665,SLV,GRC,8
1772256,197,90,8,2010.0,0.0,10958.0,0.01772,0.21191500000000002,SLV,GRC,8
1772257,197,90,8,2013.0,0.0,94613.0,0.104046,0.46966,SLV,GRC,8
1772258,197,90,8,2001.0,0.0,19024.0,-0.123958,-0.103849,SLV,GRC,8
1772259,197,90,8,2007.0,76610.0,24747.0,-0.024915,0.246574,SLV,GRC,8
1772260,197,90,8,2012.0,0.0,10663.0,0.12898900000000002,0.36512,SLV,GRC,8
1772261,197,90,8,1999.0,14023.0,1171.0,-0.12800699999999998,0.034946,SLV,GRC,8
1772262,197,90,8,2000.0,0.0,15690.0,-0.077776,-0.084655,SLV,GRC,8
1772263,197,90,8,2006.0,94399.0,4125.0,-0.127317,0.189904,SLV,GRC,8
1772264,197,90,8,2014.0,4863.0,7999.0,0.11639200000000001,0.368644,SLV,GRC,8
1772265,197,90,8,2015.0,14643.0,20285.0,0.033599000000000004,0.411736,SLV,GRC,8
1772266,197,90,8,2016.0,9644.0,33665.0,0.075546,0.317046,SLV,GRC,8
1772267,197,90,8,2017.0,20328.0,8985.0,0.11754,0.363982,SLV,GRC,8
1772268,197,90,8,2018.0,1536.0,23014.0,0.07891799999999999,0.219075,SLV,GRC,8
1772269,197,90,8,2008.0,90265.0,20205.0,0.076766,0.36383499999999996,SLV,GRC,8
1772270,197,90,8,2011.0,0.0,3940.0,0.086745,0.298308,SLV,GRC,8
1772271,197,90,8,2019.0,34645.0,52509.0,0.052690999999999995,0.157387,SLV,GRC,8
1772272,197,90,8,2020.0,9970.0,68157.0,0.021800999999999997,0.08519700000000001,SLV,GRC,8
1772273,197,90,8,1993.0,95448.0,18767.0,0.32619499999999996,0.413642,SLV,GRC,8
1772274,197,90,8,1998.0,23662.0,0.0,-0.128512,0.002125,SLV,GRC,8
1772275,197,90,8,1996.0,18846.0,9273.0,-0.228625,-0.150274,SLV,GRC,8
1772276,197,90,8,1991.0,7535.0,0.0,0.289798,0.272752,SLV,GRC,8
1772277,197,90,8,1994.0,123202.0,0.0,0.038814,0.084941,SLV,GRC,8
1772278,198,90,8,2011.0,32366.0,16172.0,1.279832,0.762088,SMR,GRC,8
1772279,198,90,8,2012.0,17294.0,24393.0,1.033052,0.72201,SMR,GRC,8
1772280,198,90,8,2013.0,20118.0,14613.0,1.065274,0.783734,SMR,GRC,8
1772281,198,90,8,2015.0,54760.0,386826.0,1.077533,0.898124,SMR,GRC,8
1772282,198,90,8,2018.0,284100.0,1124450.0,1.1010280000000001,0.679361,SMR,GRC,8
1772283,198,90,8,2020.0,53365.0,248617.0,1.163867,0.6348659999999999,SMR,GRC,8
1772284,198,90,8,2007.0,1280547.0,36555.0,1.183271,0.608375,SMR,GRC,8
1772285,198,90,8,2008.0,724887.0,0.0,1.340543,0.834569,SMR,GRC,8
1772286,198,90,8,2009.0,903284.0,21279.0,1.2595049999999999,0.520336,SMR,GRC,8
1772287,198,90,8,2010.0,199690.0,16891.0,1.187237,0.567707,SMR,GRC,8
1772288,198,90,8,2014.0,79667.0,123580.0,1.1475870000000001,0.742538,SMR,GRC,8
1772289,198,90,8,2016.0,194042.0,732554.0,1.0774059999999999,0.771039,SMR,GRC,8
1772290,198,90,8,2019.0,117199.0,1125165.0,1.165823,0.834144,SMR,GRC,8
1772291,198,90,8,2017.0,289835.0,1414550.0,0.9488219999999999,0.6510199999999999,SMR,GRC,8
1772292,198,90,8,2006.0,773036.0,30012.0,1.259491,0.47043999999999997,SMR,GRC,8
1772293,198,90,8,2000.0,1291463.0,103112.0,1.5005879999999998,0.354211,SMR,GRC,8
1772294,199,90,8,1975.0,0.0,2232.0,-0.22274499999999997,-0.392997,SOM,GRC,8
1772295,199,90,8,2016.0,0.0,27878.0,-1.2646629999999999,-1.067482,SOM,GRC,8
1772296,199,90,8,2019.0,0.0,35823.0,-0.898124,-0.9199879999999999,SOM,GRC,8
1772297,199,90,8,1986.0,0.0,5922.0,-0.8275319999999999,-0.705769,SOM,GRC,8
1772298,199,90,8,1987.0,0.0,44153.0,-0.481735,-0.646939,SOM,GRC,8
1772299,199,90,8,1988.0,0.0,4543.0,-0.823508,-0.7554310000000001,SOM,GRC,8
1772300,199,90,8,2001.0,0.0,4983.0,-0.192768,-0.534676,SOM,GRC,8
1772301,200,90,8,1987.0,0.0,8057.0,-0.5019600000000001,-0.646175,SPM,GRC,8
1772302,201,90,8,2016.0,11844187.0,27916313.0,0.608136,1.38132,SRB,GRC,8
1772303,201,90,8,2017.0,17894749.0,35670372.0,0.59312,1.535527,SRB,GRC,8
1772304,201,90,8,2019.0,16204485.0,36600799.0,0.752386,1.495269,SRB,GRC,8
1772305,201,90,8,2018.0,16358129.0,39656085.0,0.665772,1.552409,SRB,GRC,8
1772306,201,90,8,2005.0,6892184.0,7257838.0,0.624201,1.4654280000000002,SRB,GRC,8
1772307,201,90,8,2006.0,7908493.0,13161292.0,0.581078,1.5831600000000001,SRB,GRC,8
1772308,201,90,8,2012.0,9821081.0,17746620.0,0.696674,1.544065,SRB,GRC,8
1772309,201,90,8,2015.0,10839550.0,18795370.0,0.5857439999999999,1.534638,SRB,GRC,8
1772310,201,90,8,2008.0,10043624.0,30910304.0,0.63955,1.548149,SRB,GRC,8
1772311,201,90,8,2010.0,7125377.0,19094171.0,0.6007899999999999,1.589502,SRB,GRC,8
1772312,201,90,8,2014.0,11350136.0,20595035.0,0.6017979999999999,1.328124,SRB,GRC,8
1772313,201,90,8,2007.0,8337769.0,20577693.0,0.745683,1.380002,SRB,GRC,8
1772314,201,90,8,2009.0,11968183.0,35497059.0,0.625128,1.486097,SRB,GRC,8
1772315,201,90,8,2011.0,7385076.0,20908966.0,0.624627,1.65478,SRB,GRC,8
1772316,201,90,8,2013.0,9669436.0,14773735.0,0.609755,1.355304,SRB,GRC,8
1772317,201,90,8,2020.0,15016557.0,33092340.0,0.690341,1.4072879999999999,SRB,GRC,8
1772318,202,90,8,2019.0,0.0,11873.0,-1.911727,-1.018242,SSD,GRC,8
1772319,203,90,8,2001.0,0.0,3547.0,1.220692,-0.106137,STP,GRC,8
1772320,203,90,8,2015.0,0.0,4149.0,1.05805,-0.010387,STP,GRC,8
1772321,205,90,8,1996.0,0.0,106975.0,-1.062804,-0.893763,SUR,GRC,8
1772322,205,90,8,1999.0,104809.0,29573.0,-0.6808390000000001,-0.874648,SUR,GRC,8
1772323,205,90,8,2001.0,0.0,63924.0,-0.7622359999999999,-0.790158,SUR,GRC,8
1772324,205,90,8,2002.0,4090.0,0.0,-1.002898,-0.905595,SUR,GRC,8
1772325,205,90,8,2006.0,0.0,12786.0,-0.703184,-1.0310979999999998,SUR,GRC,8
1772326,205,90,8,2010.0,0.0,11964.0,-0.579904,-1.07105,SUR,GRC,8
1772327,205,90,8,2016.0,0.0,35061.0,-0.41257200000000005,-1.0434780000000001,SUR,GRC,8
1772328,205,90,8,2017.0,0.0,36423.0,-0.426954,-1.022706,SUR,GRC,8
1772329,205,90,8,2019.0,0.0,1062.0,-0.28425,-0.684301,SUR,GRC,8
1772330,205,90,8,2000.0,0.0,54061.0,-0.7238720000000001,-0.807254,SUR,GRC,8
1772331,205,90,8,2020.0,0.0,6850.0,-0.075589,-0.935911,SUR,GRC,8
1772332,205,90,8,1993.0,0.0,151762.0,-0.956778,-0.9023209999999999,SUR,GRC,8
1772333,205,90,8,1997.0,0.0,139788.0,-1.125928,-0.980981,SUR,GRC,8
1772334,205,90,8,1998.0,0.0,87759.0,-1.470402,-1.063197,SUR,GRC,8
1772335,205,90,8,1985.0,25200.0,0.0,-1.301204,-0.788419,SUR,GRC,8
1772336,206,90,8,2013.0,10423332.0,2799304.0,1.510052,0.7060310000000001,SVK,GRC,8
1772337,206,90,8,2018.0,43148609.0,5309018.0,1.445669,0.9135850000000001,SVK,GRC,8
1772338,206,90,8,2011.0,14292208.0,5105029.0,1.414456,0.804953,SVK,GRC,8
1772339,206,90,8,2008.0,8772564.0,7144084.0,1.474019,0.684343,SVK,GRC,8
1772340,206,90,8,2010.0,11612755.0,3051306.0,1.4404780000000001,0.748727,SVK,GRC,8
1772341,206,90,8,2012.0,10456685.0,8369993.0,1.3586200000000002,0.805751,SVK,GRC,8
1772342,206,90,8,2014.0,8337414.0,2696966.0,1.525525,0.773486,SVK,GRC,8
1772343,206,90,8,2019.0,98411426.0,33439145.0,1.457279,0.791451,SVK,GRC,8
1772344,206,90,8,2020.0,26693219.0,16357850.0,1.430035,0.8158350000000001,SVK,GRC,8
1772345,206,90,8,1997.0,912901.0,399673.0,1.265691,1.368739,SVK,GRC,8
1772346,206,90,8,2005.0,3655125.0,961310.0,1.257441,0.99556,SVK,GRC,8
1772347,206,90,8,1995.0,376670.0,240451.0,1.3211600000000001,1.404751,SVK,GRC,8
1772348,206,90,8,2006.0,6021512.0,1076063.0,1.3569950000000002,0.8663290000000001,SVK,GRC,8
1772349,206,90,8,2007.0,7512570.0,4892512.0,1.398352,0.6960390000000001,SVK,GRC,8
1772350,206,90,8,2009.0,9044579.0,3435862.0,1.417867,0.7569130000000001,SVK,GRC,8
1772351,206,90,8,2015.0,4717974.0,2032586.0,1.488733,0.767641,SVK,GRC,8
1772352,206,90,8,2016.0,5112988.0,2135764.0,1.446588,0.811076,SVK,GRC,8
1772353,206,90,8,2017.0,7785127.0,2919203.0,1.484316,0.811826,SVK,GRC,8
1772354,206,90,8,1996.0,1017413.0,300793.0,1.1978739999999999,1.426243,SVK,GRC,8
1772355,206,90,8,1998.0,864575.0,601218.0,1.167398,1.2558,SVK,GRC,8
1772356,206,90,8,1999.0,857123.0,613975.0,1.2448860000000002,1.172151,SVK,GRC,8
1772357,206,90,8,2000.0,1065215.0,469068.0,1.3226360000000001,1.1967809999999999,SVK,GRC,8
1772358,206,90,8,2001.0,1720555.0,842272.0,1.310591,1.195523,SVK,GRC,8
1772359,206,90,8,2002.0,3914595.0,1424626.0,1.269549,1.184774,SVK,GRC,8
1772360,206,90,8,2003.0,4390574.0,2292434.0,1.363933,0.9289569999999999,SVK,GRC,8
1772361,206,90,8,2004.0,4036833.0,2399454.0,1.2683149999999999,0.9208620000000001,SVK,GRC,8
1772362,206,90,8,1994.0,425889.0,280226.0,1.1965,1.6523189999999999,SVK,GRC,8
1772363,206,90,8,1993.0,485042.0,631415.0,1.084148,1.798138,SVK,GRC,8
1772364,207,90,8,2018.0,9227516.0,29475183.0,1.623183,0.7150850000000001,SVN,GRC,8
1772365,207,90,8,2019.0,9548774.0,25454445.0,1.629788,0.7231479999999999,SVN,GRC,8
1772366,207,90,8,2007.0,7472352.0,3700345.0,1.481507,0.576342,SVN,GRC,8
1772367,207,90,8,2008.0,8472256.0,5835166.0,1.486167,0.532493,SVN,GRC,8
1772368,207,90,8,2010.0,9166903.0,9250649.0,1.487275,0.699639,SVN,GRC,8
1772369,207,90,8,2011.0,6534869.0,12949896.0,1.526974,0.611721,SVN,GRC,8
1772370,207,90,8,2012.0,8348048.0,12192734.0,1.4933049999999999,0.58207,SVN,GRC,8
1772371,207,90,8,2014.0,7302398.0,6317283.0,1.554693,0.633504,SVN,GRC,8
1772372,207,90,8,1992.0,320207.0,260006.0,1.3270629999999999,1.605534,SVN,GRC,8
1772373,207,90,8,1993.0,758798.0,2097032.0,1.31269,1.554599,SVN,GRC,8
1772374,207,90,8,1994.0,1174734.0,1111250.0,1.431281,1.504549,SVN,GRC,8
1772375,207,90,8,1995.0,975787.0,1227843.0,1.4735770000000001,1.3664129999999999,SVN,GRC,8
1772376,207,90,8,1996.0,1339798.0,980418.0,1.352015,1.396593,SVN,GRC,8
1772377,207,90,8,1999.0,1660226.0,1760767.0,1.47641,1.123027,SVN,GRC,8
1772378,207,90,8,2000.0,1620673.0,1850270.0,1.485695,1.122069,SVN,GRC,8
1772379,207,90,8,2003.0,2517357.0,1901768.0,1.615782,0.9232950000000001,SVN,GRC,8
1772380,207,90,8,2004.0,3463613.0,2006708.0,1.700677,0.829765,SVN,GRC,8
1772381,207,90,8,1997.0,1209821.0,1888608.0,1.449492,1.253379,SVN,GRC,8
1772382,207,90,8,2002.0,2195441.0,1634625.0,1.469681,1.13303,SVN,GRC,8
1772383,207,90,8,2009.0,7884403.0,6104217.0,1.5067629999999999,0.6367729999999999,SVN,GRC,8
1772384,207,90,8,2017.0,7442731.0,18030823.0,1.597178,0.753722,SVN,GRC,8
1772385,207,90,8,2005.0,3876254.0,2547871.0,1.614618,0.74165,SVN,GRC,8
1772386,207,90,8,2006.0,5855216.0,3410726.0,1.562187,0.612624,SVN,GRC,8
1772387,207,90,8,2016.0,8422186.0,14669230.0,1.7056200000000001,0.630058,SVN,GRC,8
1772388,207,90,8,2013.0,7717792.0,10271463.0,1.55922,0.565874,SVN,GRC,8
1772389,207,90,8,2015.0,12425559.0,4622077.0,1.5925639999999999,0.647173,SVN,GRC,8
1772390,207,90,8,2020.0,10578550.0,26250127.0,1.539549,0.8232780000000001,SVN,GRC,8
1772391,207,90,8,1998.0,989423.0,2210077.0,1.43127,1.171712,SVN,GRC,8
1772392,207,90,8,2001.0,1327947.0,1626230.0,1.488089,1.0928360000000001,SVN,GRC,8
1772393,208,90,8,2002.0,29638423.0,37600152.0,2.134,0.769413,SWE,GRC,8
1772394,208,90,8,2003.0,40497471.0,45460324.0,2.139853,0.750033,SWE,GRC,8
1772395,208,90,8,2004.0,69938763.0,44369275.0,2.105611,0.707843,SWE,GRC,8
1772396,208,90,8,2006.0,56837754.0,32567245.0,1.921461,0.478688,SWE,GRC,8
1772397,208,90,8,2008.0,72808496.0,44533144.0,1.8179400000000001,0.301152,SWE,GRC,8
1772398,208,90,8,2011.0,30828590.0,14147533.0,1.776113,0.301014,SWE,GRC,8
1772399,208,90,8,2017.0,20477612.0,18200041.0,1.695113,0.6885060000000001,SWE,GRC,8
1772400,208,90,8,1996.0,13137189.0,47510609.0,2.186414,0.848194,SWE,GRC,8
1772401,208,90,8,1997.0,15538326.0,53700706.0,2.0806709999999997,0.9541219999999999,SWE,GRC,8
1772402,208,90,8,1998.0,13696954.0,62043438.0,2.030484,0.861999,SWE,GRC,8
1772403,208,90,8,1999.0,16828923.0,53702046.0,2.111011,0.783713,SWE,GRC,8
1772404,208,90,8,2000.0,18663921.0,45291723.0,2.087984,0.811167,SWE,GRC,8
1772405,208,90,8,2001.0,22068156.0,35578662.0,2.01685,0.8233159999999999,SWE,GRC,8
1772406,208,90,8,2007.0,55696945.0,35824403.0,1.830398,0.310369,SWE,GRC,8
1772407,208,90,8,2009.0,44353063.0,33119985.0,1.8811950000000002,-0.058508000000000004,SWE,GRC,8
1772408,208,90,8,2010.0,41561003.0,32959806.0,1.815875,0.402764,SWE,GRC,8
1772409,208,90,8,2012.0,31818428.0,44059821.0,1.721268,0.15675,SWE,GRC,8
1772410,208,90,8,2013.0,29597713.0,57912118.0,1.7851290000000002,0.182623,SWE,GRC,8
1772411,208,90,8,2014.0,24195550.0,35404596.0,1.7256330000000002,0.395804,SWE,GRC,8
1772412,208,90,8,2015.0,18940906.0,22298625.0,1.787031,0.527449,SWE,GRC,8
1772413,208,90,8,2016.0,20190836.0,19638495.0,1.731295,0.679562,SWE,GRC,8
1772414,208,90,8,2018.0,19804020.0,13455479.0,1.7254209999999999,0.638757,SWE,GRC,8
1772415,208,90,8,2019.0,19169618.0,13611521.0,1.7247709999999998,0.6898770000000001,SWE,GRC,8
1772416,208,90,8,2020.0,19478181.0,13886018.0,1.5926049999999998,0.870662,SWE,GRC,8
1772417,208,90,8,2005.0,57632908.0,38973189.0,1.9983650000000002,0.59864,SWE,GRC,8
1772418,208,90,8,1967.0,462327.0,145461.0,2.1240099999999997,2.8551349999999998,SWE,GRC,8
1772419,208,90,8,1970.0,281619.0,905319.0,2.1300470000000002,2.672669,SWE,GRC,8
1772420,208,90,8,1971.0,357041.0,963228.0,2.190846,2.570859,SWE,GRC,8
1772421,208,90,8,1972.0,449652.0,1949225.0,2.083709,2.511567,SWE,GRC,8
1772422,208,90,8,1973.0,733795.0,2111311.0,2.103473,2.3276470000000002,SWE,GRC,8
1772423,208,90,8,1974.0,1023049.0,2676247.0,1.7945509999999998,1.532433,SWE,GRC,8
1772424,208,90,8,1975.0,1333654.0,3464054.0,1.971359,0.93884,SWE,GRC,8
1772425,208,90,8,1976.0,1644697.0,4187382.0,1.7900189999999998,1.5298049999999999,SWE,GRC,8
1772426,208,90,8,1977.0,2245007.0,5116247.0,1.5786950000000002,1.390976,SWE,GRC,8
1772427,208,90,8,1978.0,2387044.0,5583086.0,1.905032,1.65209,SWE,GRC,8
1772428,208,90,8,1979.0,3638007.0,7114459.0,1.8791060000000002,1.4971709999999998,SWE,GRC,8
1772429,208,90,8,1980.0,4620636.0,8462960.0,1.7280119999999999,1.128417,SWE,GRC,8
1772430,208,90,8,1981.0,4561574.0,8942336.0,1.729023,0.9804309999999999,SWE,GRC,8
1772431,208,90,8,1982.0,4298588.0,11025861.0,1.805818,1.210293,SWE,GRC,8
1772432,208,90,8,1983.0,4375976.0,7594350.0,1.839779,1.3607040000000001,SWE,GRC,8
1772433,208,90,8,1984.0,4558601.0,10539521.0,1.879359,1.3748850000000001,SWE,GRC,8
1772434,208,90,8,1985.0,4619778.0,12714566.0,2.013963,1.252299,SWE,GRC,8
1772435,208,90,8,1986.0,6168097.0,31497892.0,2.1597560000000002,1.491303,SWE,GRC,8
1772436,208,90,8,1987.0,7003911.0,54493439.0,2.166095,1.502119,SWE,GRC,8
1772437,208,90,8,1988.0,18907813.0,66198634.0,2.194509,1.183689,SWE,GRC,8
1772438,208,90,8,1989.0,11681752.0,77746505.0,2.145445,1.232055,SWE,GRC,8
1772439,208,90,8,1990.0,16609697.0,96734965.0,2.122441,1.367907,SWE,GRC,8
1772440,208,90,8,1991.0,14745693.0,80513385.0,2.266982,1.2248459999999999,SWE,GRC,8
1772441,208,90,8,1992.0,13529501.0,78088202.0,2.2265900000000003,0.999178,SWE,GRC,8
1772442,208,90,8,1993.0,12842012.0,49604022.0,2.191455,1.031967,SWE,GRC,8
1772443,208,90,8,1994.0,15895346.0,43952735.0,2.26188,0.9602700000000001,SWE,GRC,8
1772444,208,90,8,1995.0,13301043.0,44696706.0,2.291723,0.913976,SWE,GRC,8
1772445,208,90,8,1962.0,135403.0,17833.0,2.204543,2.995212,SWE,GRC,8
1772446,208,90,8,1963.0,261500.0,25363.0,2.146459,2.918374,SWE,GRC,8
1772447,208,90,8,1964.0,237530.0,33684.0,2.145611,3.055655,SWE,GRC,8
1772448,208,90,8,1965.0,324619.0,56759.0,2.159495,3.0655099999999997,SWE,GRC,8
1772449,208,90,8,1966.0,396551.0,104377.0,2.237418,2.8724119999999997,SWE,GRC,8
1772450,208,90,8,1968.0,273680.0,430843.0,1.968017,2.7641270000000002,SWE,GRC,8
1772451,208,90,8,1969.0,232841.0,658099.0,2.073118,2.6611130000000003,SWE,GRC,8
1772452,209,90,8,2010.0,0.0,106947.0,0.22654499999999997,-0.164954,SWZ,GRC,8
1772453,209,90,8,2012.0,13132.0,0.0,0.209802,-0.11224,SWZ,GRC,8
1772454,209,90,8,2020.0,0.0,28958.0,0.07560499999999999,-0.521829,SWZ,GRC,8
1772455,209,90,8,2014.0,1810.0,1450.0,0.383407,-0.064228,SWZ,GRC,8
1772456,209,90,8,2000.0,1539.0,0.0,0.265079,-0.277499,SWZ,GRC,8
1772457,209,90,8,2003.0,30466.0,0.0,0.365836,-0.22265700000000002,SWZ,GRC,8
1772458,210,90,8,2017.0,0.0,218792.0,1.0429959999999998,-0.676959,SXM,GRC,8
1772459,210,90,8,2018.0,0.0,450977.0,1.1925059999999998,-0.707432,SXM,GRC,8
1772460,210,90,8,2019.0,0.0,47720.0,0.8510120000000001,-0.691125,SXM,GRC,8
1772461,210,90,8,2015.0,0.0,21166.0,0.9559489999999999,-0.65168,SXM,GRC,8
1772462,210,90,8,2016.0,0.0,88868.0,1.155067,-0.9405870000000001,SXM,GRC,8
1772463,211,90,8,2014.0,4478.0,119426.0,0.158898,-0.571933,SYC,GRC,8
1772464,211,90,8,2019.0,0.0,74953.0,-0.384247,-0.818585,SYC,GRC,8
1772465,211,90,8,2013.0,0.0,82979.0,0.06901,-0.438229,SYC,GRC,8
1772466,211,90,8,2015.0,0.0,18862.0,0.34393,-0.40936999999999996,SYC,GRC,8
1772467,211,90,8,2018.0,0.0,121041.0,-0.222908,-0.7792100000000001,SYC,GRC,8
1772468,211,90,8,2010.0,0.0,12910.0,-0.178774,-0.696887,SYC,GRC,8
1772469,211,90,8,2007.0,0.0,153251.0,-0.467394,-0.8659690000000001,SYC,GRC,8
1772470,211,90,8,2012.0,0.0,153254.0,-0.408819,-0.753598,SYC,GRC,8
1772471,211,90,8,1989.0,0.0,5919.0,-0.17414300000000002,-0.650721,SYC,GRC,8
1772472,211,90,8,2004.0,0.0,6355.0,-0.585828,-0.768388,SYC,GRC,8
1772473,211,90,8,2005.0,2214.0,2638.0,-0.121207,-0.77394,SYC,GRC,8
1772474,211,90,8,2008.0,0.0,8010.0,0.188301,-0.6041380000000001,SYC,GRC,8
1772475,211,90,8,2016.0,0.0,168187.0,0.321549,-0.610316,SYC,GRC,8
1772476,211,90,8,2017.0,0.0,124201.0,-0.116998,-0.7398779999999999,SYC,GRC,8
1772477,211,90,8,2020.0,0.0,55106.0,-0.507441,-0.8930370000000001,SYC,GRC,8
1772478,211,90,8,1985.0,0.0,41543.0,-0.01596,-0.43836,SYC,GRC,8
1772479,212,90,8,2009.0,4898493.0,1417981.0,-0.367253,1.5487799999999998,SYR,GRC,8
1772480,212,90,8,2010.0,2522310.0,377089.0,-0.265888,0.868015,SYR,GRC,8
1772481,212,90,8,1975.0,0.0,383932.0,-0.06180599999999999,-0.437461,SYR,GRC,8
1772482,212,90,8,1979.0,1406.0,1084221.0,-0.02316,-0.564105,SYR,GRC,8
1772483,212,90,8,1982.0,0.0,516458.0,-0.046675,-0.540675,SYR,GRC,8
1772484,212,90,8,2003.0,5109236.0,1459224.0,-0.8778090000000001,-0.22842600000000002,SYR,GRC,8
1772485,212,90,8,2005.0,4346669.0,1761928.0,-0.70426,0.195903,SYR,GRC,8
1772486,212,90,8,2006.0,5444637.0,1687073.0,-0.49903100000000006,0.362867,SYR,GRC,8
1772487,212,90,8,2007.0,12508421.0,3675492.0,-0.410138,0.40171799999999996,SYR,GRC,8
1772488,212,90,8,2008.0,9014740.0,2664916.0,-0.26606199999999997,0.7221420000000001,SYR,GRC,8
1772489,212,90,8,1977.0,0.0,1145188.0,0.546988,0.410492,SYR,GRC,8
1772490,212,90,8,1965.0,1282.0,3720.0,-0.228823,-0.565458,SYR,GRC,8
1772491,212,90,8,1984.0,0.0,945438.0,-0.06568500000000001,-0.515576,SYR,GRC,8
1772492,212,90,8,2011.0,2884513.0,1542718.0,-0.34208099999999997,0.85508,SYR,GRC,8
1772493,212,90,8,2012.0,1141793.0,539144.0,0.12079200000000001,2.258125,SYR,GRC,8
1772494,212,90,8,2014.0,356484.0,50383.0,-0.22825,0.803708,SYR,GRC,8
1772495,212,90,8,2013.0,522341.0,112678.0,-0.09157699999999999,1.1795950000000002,SYR,GRC,8
1772496,212,90,8,2004.0,2039508.0,1107238.0,-0.698545,-0.111323,SYR,GRC,8
1772497,212,90,8,2015.0,409661.0,115339.0,-0.476728,0.013844,SYR,GRC,8
1772498,212,90,8,1990.0,671499.0,158122.0,-0.22837,-0.505288,SYR,GRC,8
1772499,212,90,8,2016.0,348030.0,15883.0,-0.78566,-0.006305,SYR,GRC,8
1772500,212,90,8,1981.0,1796.0,536153.0,-0.018292,-0.45856,SYR,GRC,8
1772501,212,90,8,1992.0,3920505.0,159530.0,-0.566724,-0.602446,SYR,GRC,8
1772502,212,90,8,1996.0,7384182.0,447273.0,-1.096481,-1.0157260000000001,SYR,GRC,8
1772503,212,90,8,1997.0,8885178.0,274935.0,-0.932127,-0.963823,SYR,GRC,8
1772504,212,90,8,1998.0,6845567.0,966792.0,-0.819578,-0.6845359999999999,SYR,GRC,8
1772505,212,90,8,1999.0,7205345.0,831642.0,-0.9681049999999999,-0.795823,SYR,GRC,8
1772506,212,90,8,2000.0,7986458.0,1259431.0,-1.203106,-0.889915,SYR,GRC,8
1772507,212,90,8,2002.0,1931849.0,590554.0,-1.07007,-0.560769,SYR,GRC,8
1772508,212,90,8,1980.0,0.0,348431.0,0.203328,-0.347697,SYR,GRC,8
1772509,212,90,8,1978.0,1446.0,987692.0,0.23979499999999998,-0.217529,SYR,GRC,8
1772510,212,90,8,2001.0,2691898.0,1031002.0,-1.138774,-0.839648,SYR,GRC,8
1772511,212,90,8,1974.0,0.0,133502.0,0.059787,-0.399023,SYR,GRC,8
1772512,212,90,8,1963.0,0.0,25770.0,-0.25196999999999997,-0.485785,SYR,GRC,8
1772513,212,90,8,1964.0,0.0,13417.0,0.063779,-0.41992799999999997,SYR,GRC,8
1772514,212,90,8,1966.0,0.0,24438.0,0.20764000000000002,-0.359902,SYR,GRC,8
1772515,212,90,8,1983.0,4522.0,555234.0,0.09625700000000001,-0.401099,SYR,GRC,8
1772516,212,90,8,1985.0,2295.0,209262.0,-0.429022,-0.765402,SYR,GRC,8
1772517,212,90,8,1986.0,4502.0,232173.0,-0.292051,-0.6647850000000001,SYR,GRC,8
1772518,212,90,8,1987.0,20133.0,217327.0,-0.362979,-0.675072,SYR,GRC,8
1772519,212,90,8,1989.0,314310.0,832126.0,-0.062437,-0.377745,SYR,GRC,8
1772520,212,90,8,1991.0,2852241.0,83387.0,-0.631235,-0.709191,SYR,GRC,8
1772521,212,90,8,1993.0,3235728.0,357199.0,-0.6564439999999999,-0.908626,SYR,GRC,8
1772522,212,90,8,2017.0,188310.0,150302.0,-0.65347,0.085392,SYR,GRC,8
1772523,212,90,8,2018.0,245220.0,3295360.0,-0.665828,-0.006848000000000001,SYR,GRC,8
1772524,212,90,8,2019.0,222440.0,371902.0,-0.570662,0.186941,SYR,GRC,8
1772525,212,90,8,2020.0,152795.0,441908.0,-0.468371,0.496382,SYR,GRC,8
1772526,212,90,8,1962.0,0.0,10412.0,-0.7887890000000001,-0.613533,SYR,GRC,8
1772527,212,90,8,1967.0,0.0,28872.0,-0.268522,-0.698574,SYR,GRC,8
1772528,212,90,8,1968.0,0.0,45260.0,-0.14453,-0.669121,SYR,GRC,8
1772529,212,90,8,1969.0,0.0,44851.0,-0.148731,-0.632352,SYR,GRC,8
1772530,212,90,8,1970.0,0.0,54446.0,0.135574,-0.436292,SYR,GRC,8
1772531,212,90,8,1971.0,0.0,60220.0,0.082847,-0.600657,SYR,GRC,8
1772532,212,90,8,1972.0,0.0,193383.0,0.001657,-0.50522,SYR,GRC,8
1772533,212,90,8,1973.0,0.0,179843.0,0.099539,-0.388374,SYR,GRC,8
1772534,212,90,8,1988.0,548492.0,323671.0,-0.300335,-0.673237,SYR,GRC,8
1772535,212,90,8,1994.0,4211115.0,252689.0,-0.685125,-0.907826,SYR,GRC,8
1772536,212,90,8,1995.0,5498721.0,280235.0,-0.837777,-0.952274,SYR,GRC,8
1772537,212,90,8,1976.0,0.0,849871.0,0.5606180000000001,0.090945,SYR,GRC,8
1772538,214,90,8,2012.0,0.0,9502.0,-2.291195,-0.921235,TCD,GRC,8
1772539,214,90,8,2014.0,0.0,48942.0,-2.592004,-1.008548,TCD,GRC,8
1772540,214,90,8,2015.0,0.0,2819.0,-1.6303969999999999,-1.076162,TCD,GRC,8
1772541,214,90,8,2002.0,0.0,22927.0,-0.092619,-0.776712,TCD,GRC,8
1772542,214,90,8,1989.0,0.0,260561.0,-0.9940479999999999,-0.820282,TCD,GRC,8
1772543,214,90,8,1990.0,0.0,8838.0,-1.268598,-0.832886,TCD,GRC,8
1772544,214,90,8,1991.0,0.0,69380.0,-0.331031,-0.7199439999999999,TCD,GRC,8
1772545,214,90,8,1996.0,0.0,38917.0,-0.8684709999999999,-0.758767,TCD,GRC,8
1772546,215,90,8,1991.0,0.0,6712.0,-0.252818,-0.630459,TGO,GRC,8
1772547,215,90,8,1987.0,0.0,3365.0,-0.24546700000000002,-0.621391,TGO,GRC,8
1772548,215,90,8,1989.0,10367.0,0.0,-0.918998,-0.9291309999999999,TGO,GRC,8
1772549,215,90,8,1990.0,0.0,8449.0,-0.811683,-0.914789,TGO,GRC,8
1772550,215,90,8,2002.0,7369.0,5167.0,-0.688284,-0.5292789999999999,TGO,GRC,8
1772551,215,90,8,2003.0,0.0,4655.0,-0.479099,-0.498612,TGO,GRC,8
1772552,215,90,8,2007.0,0.0,4041.0,-0.6400819999999999,-0.782473,TGO,GRC,8
1772553,215,90,8,2009.0,0.0,4321.0,-0.434303,-0.583,TGO,GRC,8
1772554,215,90,8,2010.0,0.0,2520.0,-0.747526,-0.784512,TGO,GRC,8
1772555,215,90,8,2012.0,1401.0,10651.0,-0.525578,-0.41306800000000005,TGO,GRC,8
1772556,215,90,8,2013.0,0.0,249717.0,-0.532095,-0.434276,TGO,GRC,8
1772557,215,90,8,2014.0,0.0,59911.0,-0.58937,-0.43368,TGO,GRC,8
1772558,215,90,8,2015.0,0.0,75446.0,-0.619449,-0.774299,TGO,GRC,8
1772559,215,90,8,2016.0,69906.0,35087.0,-0.777506,-0.652105,TGO,GRC,8
1772560,215,90,8,2017.0,0.0,98450.0,-0.884833,-0.7139220000000001,TGO,GRC,8
1772561,215,90,8,2018.0,36508.0,149367.0,-0.681426,-0.7010270000000001,TGO,GRC,8
1772562,215,90,8,2019.0,0.0,174565.0,-0.9927299999999999,-0.845593,TGO,GRC,8
1772563,215,90,8,2020.0,3802.0,115658.0,-0.7853060000000001,-0.670995,TGO,GRC,8
1772564,215,90,8,1996.0,35396.0,0.0,-0.879626,-0.748842,TGO,GRC,8
1772565,215,90,8,1995.0,0.0,16305.0,-0.648129,-0.630479,TGO,GRC,8
1772566,215,90,8,1998.0,3440.0,0.0,-0.763878,-0.803455,TGO,GRC,8
1772567,215,90,8,1970.0,4998.0,0.0,-0.997906,-0.810904,TGO,GRC,8
1772568,215,90,8,1997.0,0.0,74304.0,-0.881602,-0.81079,TGO,GRC,8
1772569,215,90,8,2000.0,21984.0,0.0,-0.741812,-0.6781550000000001,TGO,GRC,8
1772570,215,90,8,2004.0,0.0,2556.0,-0.569621,-0.533211,TGO,GRC,8
1772571,215,90,8,1985.0,0.0,3750.0,-1.3103639999999999,-0.9087459999999999,TGO,GRC,8
1772572,215,90,8,1993.0,1736.0,0.0,-1.119345,-1.1236959999999998,TGO,GRC,8
1772573,215,90,8,1992.0,2206.0,0.0,-1.199292,-1.082889,TGO,GRC,8
1772574,216,90,8,1994.0,15914116.0,265098.0,0.229846,1.497026,THA,GRC,8
1772575,216,90,8,1995.0,20132210.0,415700.0,0.249687,1.587885,THA,GRC,8
1772576,216,90,8,1996.0,22727183.0,1171401.0,0.26155100000000003,1.146204,THA,GRC,8
1772577,216,90,8,1997.0,22175203.0,914137.0,0.216402,1.366618,THA,GRC,8
1772578,216,90,8,1998.0,21365465.0,70399.0,0.264865,1.275795,THA,GRC,8
1772579,216,90,8,1999.0,20812144.0,259231.0,0.45096499999999995,1.384025,THA,GRC,8
1772580,216,90,8,2000.0,22919042.0,109128.0,0.505423,1.358217,THA,GRC,8
1772581,216,90,8,2001.0,20939081.0,820566.0,0.49264600000000003,1.493471,THA,GRC,8
1772582,216,90,8,2002.0,21407187.0,205043.0,0.513887,1.545967,THA,GRC,8
1772583,216,90,8,2003.0,24398028.0,387017.0,0.565552,1.554573,THA,GRC,8
1772584,216,90,8,2004.0,32694072.0,279724.0,0.633501,1.4648290000000002,THA,GRC,8
1772585,216,90,8,2005.0,31704429.0,649735.0,0.6763060000000001,1.5179719999999999,THA,GRC,8
1772586,216,90,8,2006.0,31256851.0,836553.0,0.73283,1.419023,THA,GRC,8
1772587,216,90,8,2007.0,33144072.0,247486.0,0.8744709999999999,1.303316,THA,GRC,8
1772588,216,90,8,2008.0,38953036.0,297991.0,0.8565809999999999,1.377966,THA,GRC,8
1772589,216,90,8,2009.0,29369887.0,247411.0,0.891018,1.164574,THA,GRC,8
1772590,216,90,8,2010.0,26729450.0,1067019.0,0.975297,1.292203,THA,GRC,8
1772591,216,90,8,2011.0,22749153.0,346250.0,1.0923049999999999,1.3365639999999999,THA,GRC,8
1772592,216,90,8,2012.0,15013122.0,468455.0,1.015684,1.20697,THA,GRC,8
1772593,216,90,8,2013.0,16142581.0,735258.0,1.067287,1.2767110000000002,THA,GRC,8
1772594,216,90,8,2014.0,17534787.0,420202.0,1.111392,1.3500370000000002,THA,GRC,8
1772595,216,90,8,2015.0,14502810.0,436887.0,1.258262,1.078091,THA,GRC,8
1772596,216,90,8,2016.0,15635332.0,623173.0,1.3075860000000001,1.151426,THA,GRC,8
1772597,216,90,8,2017.0,15016977.0,1182253.0,1.15791,1.282718,THA,GRC,8
1772598,216,90,8,2018.0,17360011.0,802235.0,1.188923,1.264666,THA,GRC,8
1772599,216,90,8,2019.0,19596976.0,1008974.0,1.128318,1.301893,THA,GRC,8
1772600,216,90,8,2020.0,37636973.0,1654597.0,1.108163,1.266463,THA,GRC,8
1772601,216,90,8,1972.0,13145.0,5002.0,-0.570796,-0.372512,THA,GRC,8
1772602,216,90,8,1974.0,8576.0,32841.0,-0.10386600000000001,0.054617,THA,GRC,8
1772603,216,90,8,1979.0,74036.0,1559.0,-0.049539,0.413142,THA,GRC,8
1772604,216,90,8,1980.0,102655.0,1235.0,0.098687,0.8591190000000001,THA,GRC,8
1772605,216,90,8,1984.0,285553.0,31206.0,0.073559,0.8899549999999999,THA,GRC,8
1772606,216,90,8,1987.0,2003753.0,95567.0,0.020794,1.238731,THA,GRC,8
1772607,216,90,8,1989.0,4520398.0,202727.0,-0.049782,1.32686,THA,GRC,8
1772608,216,90,8,1990.0,7979126.0,173710.0,0.200836,1.37097,THA,GRC,8
1772609,216,90,8,1992.0,17168402.0,128128.0,0.109518,1.486578,THA,GRC,8
1772610,216,90,8,1993.0,16191659.0,356679.0,0.261627,1.732836,THA,GRC,8
1772611,216,90,8,1971.0,8981.0,0.0,-0.767467,-0.557866,THA,GRC,8
1772612,216,90,8,1976.0,6266.0,29460.0,-0.001103,0.158345,THA,GRC,8
1772613,216,90,8,1977.0,35056.0,48322.0,0.13005799999999998,0.265905,THA,GRC,8
1772614,216,90,8,1978.0,77538.0,2856.0,-0.144714,0.302669,THA,GRC,8
1772615,216,90,8,1982.0,114648.0,2057.0,-0.091787,0.697172,THA,GRC,8
1772616,216,90,8,1983.0,219523.0,3560.0,-0.031994,0.712533,THA,GRC,8
1772617,216,90,8,1985.0,181330.0,48087.0,-0.034093,1.256083,THA,GRC,8
1772618,216,90,8,1975.0,20257.0,13216.0,-0.16630699999999998,0.117874,THA,GRC,8
1772619,216,90,8,1986.0,527349.0,432208.0,0.032975,1.1731280000000002,THA,GRC,8
1772620,216,90,8,1991.0,12094497.0,132358.0,0.076699,1.530476,THA,GRC,8
1772621,216,90,8,1973.0,16063.0,0.0,-0.31605700000000003,-0.054589,THA,GRC,8
1772622,216,90,8,1981.0,120059.0,4516.0,-0.031606,0.648208,THA,GRC,8
1772623,216,90,8,1970.0,2670.0,5268.0,-0.821758,-0.550586,THA,GRC,8
1772624,216,90,8,1988.0,1588709.0,155531.0,-0.056565,1.0134020000000001,THA,GRC,8
1772625,217,90,8,1993.0,0.0,1975.0,-0.5670310000000001,-1.098162,TJK,GRC,8
1772626,217,90,8,2006.0,0.0,4124.0,-0.9646819999999999,-1.166964,TJK,GRC,8
1772627,217,90,8,1999.0,0.0,85634.0,-0.4907,-1.032238,TJK,GRC,8
1772628,217,90,8,2000.0,69934.0,0.0,-0.772083,-1.079553,TJK,GRC,8
1772629,217,90,8,1996.0,0.0,14208.0,0.03373,-0.7239720000000001,TJK,GRC,8
1772630,217,90,8,1997.0,0.0,30440.0,-0.095789,-0.706445,TJK,GRC,8
1772631,217,90,8,1998.0,0.0,24177.0,-0.352428,-0.948127,TJK,GRC,8
1772632,217,90,8,1994.0,0.0,36093.0,-0.41538400000000003,-1.005283,TJK,GRC,8
1772633,218,90,8,2007.0,23300.0,0.0,0.5569850000000001,0.439996,TKL,GRC,8
1772634,219,90,8,1999.0,0.0,72105.0,-0.574087,-1.107836,TKM,GRC,8
1772635,219,90,8,2000.0,0.0,7705.0,-0.839936,-1.168236,TKM,GRC,8
1772636,219,90,8,2018.0,67800.0,0.0,-0.802551,-1.154068,TKM,GRC,8
1772637,219,90,8,2019.0,0.0,2022.0,-0.9096129999999999,-1.209001,TKM,GRC,8
1772638,219,90,8,2017.0,0.0,2034.0,-1.358487,-1.29703,TKM,GRC,8
1772639,219,90,8,2001.0,0.0,2045.0,-0.8917290000000001,-1.226342,TKM,GRC,8
1772640,219,90,8,2014.0,0.0,78236.0,-0.961465,-1.1428559999999999,TKM,GRC,8
1772641,219,90,8,2020.0,0.0,299458.0,-0.799379,-1.172554,TKM,GRC,8
1772642,219,90,8,1994.0,3539.0,120641.0,-1.098657,-1.092538,TKM,GRC,8
1772643,219,90,8,1995.0,10547.0,0.0,-0.986367,-1.141659,TKM,GRC,8
1772644,219,90,8,2002.0,0.0,3642.0,-0.9178629999999999,-1.202212,TKM,GRC,8
1772645,219,90,8,1997.0,46308.0,0.0,-0.580361,-1.071587,TKM,GRC,8
1772646,219,90,8,1998.0,0.0,62611.0,-0.198689,-0.752344,TKM,GRC,8
1772647,219,90,8,1993.0,44434.0,21772.0,-0.8267040000000001,-1.017939,TKM,GRC,8
1772648,220,90,8,1979.0,49181.0,0.0,0.598244,-0.444046,TLS,GRC,8
1772649,220,90,8,1978.0,27499.0,0.0,0.5391630000000001,-0.5037659999999999,TLS,GRC,8
1772650,221,90,8,2014.0,0.0,2739.0,-0.11423299999999999,-0.431381,TON,GRC,8
1772651,221,90,8,1982.0,35530.0,0.0,-0.342438,-0.541407,TON,GRC,8
1772652,222,90,8,1991.0,0.0,2854.0,0.27066399999999996,-0.453578,TTO,GRC,8
1772653,222,90,8,1993.0,2539.0,0.0,0.259751,-0.405848,TTO,GRC,8
1772654,222,90,8,1997.0,4017.0,10590.0,0.051947,-0.405412,TTO,GRC,8
1772655,222,90,8,1998.0,6930.0,0.0,0.178492,-0.360086,TTO,GRC,8
1772656,222,90,8,1999.0,23477.0,2293.0,0.014474,-0.6064729999999999,TTO,GRC,8
1772657,222,90,8,2000.0,27407.0,0.0,0.011104000000000001,-0.831385,TTO,GRC,8
1772658,222,90,8,2001.0,5457.0,6380.0,0.265201,-0.602807,TTO,GRC,8
1772659,222,90,8,2002.0,0.0,1589.0,-0.056315,-0.803537,TTO,GRC,8
1772660,222,90,8,2003.0,0.0,1103.0,-0.200881,-0.961829,TTO,GRC,8
1772661,222,90,8,2004.0,15914.0,1303.0,-0.108049,-0.923523,TTO,GRC,8
1772662,222,90,8,2005.0,0.0,9696.0,-0.14166099999999998,-1.010897,TTO,GRC,8
1772663,222,90,8,2006.0,9278.0,84584.0,-0.346992,-1.03502,TTO,GRC,8
1772664,222,90,8,2007.0,135484.0,474958.0,-0.358668,-0.999964,TTO,GRC,8
1772665,222,90,8,2008.0,0.0,149975.0,-0.39921599999999996,-1.030132,TTO,GRC,8
1772666,222,90,8,2009.0,12838.0,29043.0,-0.354306,-0.9826520000000001,TTO,GRC,8
1772667,222,90,8,2010.0,0.0,5511.0,-0.20364100000000002,-1.0462049999999998,TTO,GRC,8
1772668,222,90,8,2014.0,1144.0,31389.0,-0.582991,-1.055078,TTO,GRC,8
1772669,222,90,8,2015.0,8009.0,71909.0,-0.312818,-1.033621,TTO,GRC,8
1772670,222,90,8,2017.0,0.0,96830.0,-0.15041300000000002,-1.029801,TTO,GRC,8
1772671,222,90,8,2018.0,6932.0,101599.0,-0.32209299999999996,-1.0651540000000002,TTO,GRC,8
1772672,222,90,8,2019.0,0.0,185784.0,0.036649,-0.897194,TTO,GRC,8
1772673,222,90,8,2020.0,0.0,97640.0,0.13223,-0.738966,TTO,GRC,8
1772674,222,90,8,1972.0,0.0,6192.0,0.425095,-0.34268699999999996,TTO,GRC,8
1772675,222,90,8,1979.0,0.0,33131.0,0.146867,-0.51025,TTO,GRC,8
1772676,222,90,8,1980.0,1063.0,7038.0,0.23514200000000002,-0.43651999999999996,TTO,GRC,8
1772677,222,90,8,2016.0,0.0,171273.0,-0.184575,-0.9999889999999999,TTO,GRC,8
1772678,222,90,8,1975.0,7797.0,0.0,-0.195644,-0.46137700000000004,TTO,GRC,8
1772679,222,90,8,1981.0,2687.0,53676.0,0.245437,-0.44534399999999996,TTO,GRC,8
1772680,222,90,8,1982.0,719.0,50433.0,0.399398,-0.46338599999999996,TTO,GRC,8
1772681,222,90,8,1983.0,6560.0,71688.0,0.528107,-0.37849099999999997,TTO,GRC,8
1772682,222,90,8,1984.0,980.0,14205.0,0.346616,-0.5002,TTO,GRC,8
1772683,222,90,8,1985.0,9313.0,11031.0,0.530007,-0.46056400000000003,TTO,GRC,8
1772684,222,90,8,1986.0,7561.0,0.0,0.207159,-0.580407,TTO,GRC,8
1772685,222,90,8,1987.0,13925.0,0.0,0.065857,-0.5993149999999999,TTO,GRC,8
1772686,222,90,8,1988.0,6419.0,1525.0,0.34105599999999997,-0.40324299999999996,TTO,GRC,8
1772687,223,90,8,1988.0,0.0,32775.0,0.170097,-0.121903,TUN,GRC,8
1772688,223,90,8,2000.0,524122.0,656974.0,-0.061203999999999995,0.149345,TUN,GRC,8
1772689,223,90,8,2001.0,223118.0,534429.0,0.054524,0.26892699999999997,TUN,GRC,8
1772690,223,90,8,2002.0,545272.0,845143.0,0.059876,0.369032,TUN,GRC,8
1772691,223,90,8,2003.0,1499399.0,978005.0,-0.132938,0.331202,TUN,GRC,8
1772692,223,90,8,2005.0,2109805.0,553376.0,0.006732999999999999,0.512662,TUN,GRC,8
1772693,223,90,8,2006.0,1243053.0,754631.0,0.140257,0.528918,TUN,GRC,8
1772694,223,90,8,2007.0,2541913.0,813454.0,0.225345,0.818671,TUN,GRC,8
1772695,223,90,8,2010.0,2563950.0,1462158.0,0.281321,0.804611,TUN,GRC,8
1772696,223,90,8,2016.0,2547962.0,2423917.0,0.27537399999999995,0.9474239999999999,TUN,GRC,8
1772697,223,90,8,2017.0,2473293.0,2340010.0,0.31342600000000004,1.071153,TUN,GRC,8
1772698,223,90,8,2018.0,2089851.0,1869390.0,0.39611799999999997,1.252702,TUN,GRC,8
1772699,223,90,8,2019.0,1164918.0,1764945.0,0.36388200000000004,1.1146209999999999,TUN,GRC,8
1772700,223,90,8,2004.0,2062058.0,826020.0,-0.125092,0.370625,TUN,GRC,8
1772701,223,90,8,2008.0,2798624.0,1165989.0,0.16703800000000002,0.682445,TUN,GRC,8
1772702,223,90,8,2009.0,4233709.0,1048619.0,0.20318699999999998,0.778366,TUN,GRC,8
1772703,223,90,8,1962.0,4458.0,0.0,-0.167599,-0.565855,TUN,GRC,8
1772704,223,90,8,1980.0,0.0,47249.0,0.23110100000000003,-0.483724,TUN,GRC,8
1772705,223,90,8,1998.0,735764.0,573971.0,-0.133603,-0.093303,TUN,GRC,8
1772706,223,90,8,2011.0,2175509.0,1252879.0,0.44765600000000005,0.949735,TUN,GRC,8
1772707,223,90,8,2012.0,1685371.0,1468163.0,0.509432,0.8157810000000001,TUN,GRC,8
1772708,223,90,8,2013.0,1185172.0,1593676.0,0.40154,0.902177,TUN,GRC,8
1772709,223,90,8,2014.0,2028315.0,8499273.0,0.45973800000000004,0.9595459999999999,TUN,GRC,8
1772710,223,90,8,2015.0,2844234.0,1201474.0,0.242982,0.9483,TUN,GRC,8
1772711,223,90,8,1987.0,1548.0,20630.0,0.061274,-0.22561199999999998,TUN,GRC,8
1772712,223,90,8,1995.0,1256473.0,764536.0,-0.159849,-0.127666,TUN,GRC,8
1772713,223,90,8,1981.0,7748.0,70478.0,0.235777,-0.324826,TUN,GRC,8
1772714,223,90,8,1996.0,1405429.0,841859.0,-0.250917,-0.057383,TUN,GRC,8
1772715,223,90,8,2020.0,888751.0,2400114.0,0.458344,0.490221,TUN,GRC,8
1772716,223,90,8,1999.0,401658.0,491421.0,-0.13388,-0.099342,TUN,GRC,8
1772717,223,90,8,1989.0,56942.0,57850.0,0.053207000000000004,-0.144543,TUN,GRC,8
1772718,223,90,8,1997.0,693063.0,546115.0,-0.187276,-0.21877600000000003,TUN,GRC,8
1772719,223,90,8,1982.0,15311.0,50034.0,0.310189,-0.252371,TUN,GRC,8
1772720,223,90,8,1991.0,66112.0,53437.0,-0.0387,-0.18543900000000002,TUN,GRC,8
1772721,223,90,8,1975.0,4464.0,131001.0,-0.077319,-0.5561010000000001,TUN,GRC,8
1772722,223,90,8,1963.0,10516.0,0.0,-0.43368599999999996,-0.701639,TUN,GRC,8
1772723,223,90,8,1964.0,3636.0,0.0,-0.288707,-0.681529,TUN,GRC,8
1772724,223,90,8,1965.0,0.0,6813.0,-0.304629,-0.673288,TUN,GRC,8
1772725,223,90,8,1966.0,0.0,365.0,-0.270305,-0.658104,TUN,GRC,8
1772726,223,90,8,1974.0,3514.0,64126.0,0.064082,-0.4982,TUN,GRC,8
1772727,223,90,8,1983.0,269910.0,34901.0,0.27019899999999997,-0.202803,TUN,GRC,8
1772728,223,90,8,1984.0,3696.0,49675.0,0.28833000000000003,-0.13594900000000001,TUN,GRC,8
1772729,223,90,8,1985.0,8041.0,41189.0,0.20037,-0.187873,TUN,GRC,8
1772730,223,90,8,1986.0,0.0,40055.0,0.210972,-0.177832,TUN,GRC,8
1772731,223,90,8,1990.0,111433.0,36074.0,0.168283,-0.031668,TUN,GRC,8
1772732,223,90,8,1992.0,382705.0,289749.0,0.14482,-0.13608,TUN,GRC,8
1772733,223,90,8,1993.0,26867.0,124898.0,0.23820500000000003,0.114905,TUN,GRC,8
1772734,223,90,8,1994.0,235304.0,633152.0,-0.022034,0.020742,TUN,GRC,8
1772735,223,90,8,1973.0,0.0,5995.0,0.033763,-0.320711,TUN,GRC,8
1772736,223,90,8,1979.0,0.0,424077.0,-0.077427,-0.56894,TUN,GRC,8
1772737,223,90,8,1978.0,0.0,164125.0,-0.053212999999999996,-0.65655,TUN,GRC,8
1772738,223,90,8,1977.0,0.0,886468.0,0.003972,-0.398296,TUN,GRC,8
1772739,223,90,8,1976.0,0.0,167277.0,-0.090634,-0.36735999999999996,TUN,GRC,8
1772740,224,90,8,2005.0,233616709.0,30772561.0,0.284484,2.10348,TUR,GRC,8
1772741,224,90,8,2007.0,363588749.0,38046619.0,0.503181,1.830614,TUR,GRC,8
1772742,224,90,8,2010.0,215959917.0,43592997.0,0.53661,2.161994,TUR,GRC,8
1772743,224,90,8,2011.0,202660710.0,51841603.0,0.593858,2.247072,TUR,GRC,8
1772744,224,90,8,2012.0,146942892.0,44945450.0,0.657573,1.969027,TUR,GRC,8
1772745,224,90,8,2014.0,175488990.0,45241185.0,0.6641600000000001,2.091193,TUR,GRC,8
1772746,224,90,8,2015.0,146640062.0,31006750.0,0.462588,2.330971,TUR,GRC,8
1772747,224,90,8,2016.0,181260248.0,25486580.0,0.460247,2.3790400000000003,TUR,GRC,8
1772748,224,90,8,2017.0,193171577.0,59353969.0,0.601079,2.126314,TUR,GRC,8
1772749,224,90,8,2018.0,221521420.0,46457912.0,0.5883510000000001,2.357541,TUR,GRC,8
1772750,224,90,8,2019.0,236316170.0,39092277.0,0.601105,2.31712,TUR,GRC,8
1772751,224,90,8,2020.0,218077381.0,38391915.0,0.6274689999999999,2.401027,TUR,GRC,8
1772752,224,90,8,1996.0,17917859.0,6372299.0,0.07259700000000001,1.734291,TUR,GRC,8
1772753,224,90,8,2009.0,296832324.0,35078991.0,0.47585900000000003,2.221056,TUR,GRC,8
1772754,224,90,8,1997.0,23575073.0,8080567.0,0.154428,1.7573880000000002,TUR,GRC,8
1772755,224,90,8,1998.0,27150564.0,6735560.0,0.076565,1.9950729999999999,TUR,GRC,8
1772756,224,90,8,1999.0,33251901.0,9428008.0,0.087761,2.0103869999999997,TUR,GRC,8
1772757,224,90,8,2000.0,33003829.0,16985879.0,0.127924,2.039773,TUR,GRC,8
1772758,224,90,8,2001.0,45479945.0,12923794.0,0.168219,1.989011,TUR,GRC,8
1772759,224,90,8,2008.0,394621817.0,42144805.0,0.518795,1.8095869999999998,TUR,GRC,8
1772760,224,90,8,2013.0,148624535.0,38219548.0,0.580016,2.394812,TUR,GRC,8
1772761,224,90,8,2002.0,73698456.0,15339947.0,0.12982,1.8032650000000001,TUR,GRC,8
1772762,224,90,8,2003.0,125540263.0,23570122.0,0.168739,2.0307020000000002,TUR,GRC,8
1772763,224,90,8,2006.0,255036539.0,32245583.0,0.41471,2.138217,TUR,GRC,8
1772764,224,90,8,1986.0,658626.0,533063.0,0.238715,1.272334,TUR,GRC,8
1772765,224,90,8,1987.0,1042695.0,445714.0,0.349956,1.3341129999999999,TUR,GRC,8
1772766,224,90,8,1988.0,1595813.0,206609.0,0.293668,1.444393,TUR,GRC,8
1772767,224,90,8,1989.0,2284988.0,876977.0,0.2823,1.370484,TUR,GRC,8
1772768,224,90,8,1990.0,3945319.0,1069036.0,0.19346300000000002,1.15759,TUR,GRC,8
1772769,224,90,8,1991.0,4322992.0,1976288.0,0.176491,1.063823,TUR,GRC,8
1772770,224,90,8,1992.0,8312136.0,1087961.0,0.160966,1.154796,TUR,GRC,8
1772771,224,90,8,1993.0,9280153.0,2611405.0,0.136823,1.201741,TUR,GRC,8
1772772,224,90,8,2004.0,187483245.0,27058770.0,0.249065,1.910598,TUR,GRC,8
1772773,224,90,8,1994.0,9592736.0,1084016.0,0.112102,1.2281030000000002,TUR,GRC,8
1772774,224,90,8,1995.0,15382688.0,2324518.0,0.087476,1.433762,TUR,GRC,8
1772775,224,90,8,1985.0,560626.0,305861.0,0.503027,1.558179,TUR,GRC,8
1772776,224,90,8,1973.0,61588.0,54803.0,-0.2763,-0.419703,TUR,GRC,8
1772777,224,90,8,1972.0,53144.0,159918.0,-0.295095,-0.412603,TUR,GRC,8
1772778,224,90,8,1974.0,33201.0,92129.0,-0.02222,-0.1287,TUR,GRC,8
1772779,224,90,8,1975.0,11635.0,55533.0,-0.024065,-0.156576,TUR,GRC,8
1772780,224,90,8,1963.0,20443.0,102389.0,-0.7694300000000001,-0.891026,TUR,GRC,8
1772781,224,90,8,1964.0,1648.0,45914.0,-0.601434,-0.826818,TUR,GRC,8
1772782,224,90,8,1965.0,4265.0,58905.0,-0.715468,-0.8576389999999999,TUR,GRC,8
1772783,224,90,8,1966.0,11293.0,45036.0,-0.68223,-0.7747189999999999,TUR,GRC,8
1772784,224,90,8,1967.0,8575.0,46066.0,-0.683027,-0.812673,TUR,GRC,8
1772785,224,90,8,1968.0,8954.0,43115.0,-0.654801,-0.8012319999999999,TUR,GRC,8
1772786,224,90,8,1969.0,43022.0,101286.0,-0.582622,-0.724567,TUR,GRC,8
1772787,224,90,8,1970.0,111394.0,91095.0,-0.540301,-0.646709,TUR,GRC,8
1772788,224,90,8,1971.0,87875.0,56166.0,-0.443655,-0.521285,TUR,GRC,8
1772789,224,90,8,1980.0,64619.0,547134.0,-0.006519,-0.044087,TUR,GRC,8
1772790,224,90,8,1981.0,35596.0,432151.0,0.316265,1.008969,TUR,GRC,8
1772791,224,90,8,1983.0,343280.0,210842.0,0.45089399999999996,1.317159,TUR,GRC,8
1772792,224,90,8,1982.0,393579.0,534488.0,0.367544,1.44,TUR,GRC,8
1772793,224,90,8,1984.0,4675607.0,395494.0,0.49907799999999997,1.555636,TUR,GRC,8
1772794,224,90,8,1962.0,20063.0,70267.0,-0.704393,-0.8268139999999999,TUR,GRC,8
1772795,224,90,8,1979.0,88117.0,359336.0,-0.154671,-0.302697,TUR,GRC,8
1772796,224,90,8,1978.0,145521.0,280438.0,-0.092325,-0.181425,TUR,GRC,8
1772797,224,90,8,1976.0,32079.0,77156.0,-0.05837899999999999,-0.096572,TUR,GRC,8
1772798,224,90,8,1977.0,46894.0,279546.0,0.057695,-0.002332,TUR,GRC,8
1772799,225,90,8,2018.0,0.0,2623.0,1.029518,-0.8350360000000001,TUV,GRC,8
1772800,226,90,8,1997.0,16286.0,10305.0,-1.243443,-0.537161,TZA,GRC,8
1772801,226,90,8,2002.0,0.0,84380.0,-1.234127,-0.421158,TZA,GRC,8
1772802,226,90,8,2015.0,0.0,50286.0,-0.883123,0.178398,TZA,GRC,8
1772803,226,90,8,2009.0,111819.0,72318.0,-0.675493,0.906011,TZA,GRC,8
1772804,226,90,8,2008.0,0.0,161580.0,-0.619056,1.0712110000000001,TZA,GRC,8
1772805,226,90,8,2019.0,0.0,59906.0,-0.80374,0.826095,TZA,GRC,8
1772806,226,90,8,1998.0,59755.0,12750.0,-0.87775,-0.31080599999999997,TZA,GRC,8
1772807,226,90,8,2000.0,0.0,30685.0,-1.14198,-0.368647,TZA,GRC,8
1772808,226,90,8,2001.0,0.0,4454.0,-1.227071,-0.489829,TZA,GRC,8
1772809,226,90,8,2004.0,0.0,79721.0,-0.935327,0.362709,TZA,GRC,8
1772810,226,90,8,2005.0,0.0,246566.0,-0.9243629999999999,0.334876,TZA,GRC,8
1772811,226,90,8,2006.0,5415.0,34708.0,-0.804761,0.6328729999999999,TZA,GRC,8
1772812,226,90,8,2012.0,0.0,29547.0,-0.490001,1.149681,TZA,GRC,8
1772813,226,90,8,2013.0,0.0,166602.0,-0.654655,0.903574,TZA,GRC,8
1772814,226,90,8,2014.0,1312.0,39562.0,-0.909005,0.511175,TZA,GRC,8
1772815,226,90,8,2016.0,0.0,91020.0,-1.01426,0.304263,TZA,GRC,8
1772816,226,90,8,2017.0,5917.0,32768.0,-0.968485,0.137755,TZA,GRC,8
1772817,226,90,8,2018.0,0.0,85688.0,-0.12971300000000002,1.379649,TZA,GRC,8
1772818,226,90,8,2010.0,90139.0,45238.0,-0.697229,0.8367700000000001,TZA,GRC,8
1772819,226,90,8,2011.0,0.0,62187.0,-0.565697,0.6572,TZA,GRC,8
1772820,226,90,8,1991.0,2936.0,30345.0,-0.690473,-0.485153,TZA,GRC,8
1772821,226,90,8,2020.0,12033.0,26817.0,-0.9549770000000001,0.366631,TZA,GRC,8
1772822,226,90,8,2003.0,0.0,66564.0,-1.064147,-0.120847,TZA,GRC,8
1772823,226,90,8,1995.0,1918.0,11536.0,-1.1531200000000001,-0.726414,TZA,GRC,8
1772824,226,90,8,1992.0,0.0,26728.0,-1.139271,-0.8235379999999999,TZA,GRC,8
1772825,226,90,8,1993.0,1857.0,12499.0,-1.143402,-0.8633379999999999,TZA,GRC,8
1772826,226,90,8,1996.0,1883.0,26818.0,-1.186121,-0.6688390000000001,TZA,GRC,8
1772827,226,90,8,1999.0,44864.0,12826.0,-0.9353469999999999,-0.181074,TZA,GRC,8
1772828,226,90,8,1974.0,0.0,5750.0,-0.81957,-0.810703,TZA,GRC,8
1772829,226,90,8,1985.0,0.0,1262.0,-0.9898680000000001,-0.7309479999999999,TZA,GRC,8
1772830,226,90,8,1986.0,0.0,11177.0,-1.267982,-0.897809,TZA,GRC,8
1772831,226,90,8,1990.0,16644.0,0.0,-1.0765360000000002,-0.767143,TZA,GRC,8
1772832,226,90,8,1988.0,0.0,3464.0,-1.165961,-0.814055,TZA,GRC,8
1772833,226,90,8,1989.0,0.0,5973.0,-1.192104,-0.8403149999999999,TZA,GRC,8
1772834,226,90,8,1982.0,0.0,93418.0,-1.157398,-0.8532780000000001,TZA,GRC,8
1772835,226,90,8,1994.0,71108.0,1213.0,-1.021406,-0.607304,TZA,GRC,8
1772836,226,90,8,1979.0,0.0,31256.0,-1.270455,-0.8800610000000001,TZA,GRC,8
1772837,226,90,8,1980.0,0.0,211775.0,-1.286745,-0.84359,TZA,GRC,8
1772838,226,90,8,1978.0,0.0,180880.0,-1.3754620000000002,-0.8418770000000001,TZA,GRC,8
1772839,226,90,8,1977.0,0.0,129213.0,-0.389304,-0.5457529999999999,TZA,GRC,8
1772840,227,90,8,2019.0,1063.0,4327.0,-0.585248,0.345394,UGA,GRC,8
1772841,227,90,8,2002.0,2361.0,40985.0,-1.262952,-0.903123,UGA,GRC,8
1772842,227,90,8,2004.0,0.0,23834.0,-1.05367,-0.546304,UGA,GRC,8
1772843,227,90,8,2007.0,0.0,46104.0,-0.6812090000000001,0.06817000000000001,UGA,GRC,8
1772844,227,90,8,2010.0,0.0,4553.0,-0.547214,0.362036,UGA,GRC,8
1772845,227,90,8,2005.0,0.0,3514.0,-0.8892760000000001,-0.511497,UGA,GRC,8
1772846,227,90,8,2006.0,0.0,62199.0,-0.789284,-0.161216,UGA,GRC,8
1772847,227,90,8,2008.0,0.0,8285.0,-0.559904,0.23726399999999997,UGA,GRC,8
1772848,227,90,8,2011.0,3929.0,20006.0,-0.591935,0.20886100000000002,UGA,GRC,8
1772849,227,90,8,2012.0,0.0,15908.0,-0.492733,0.4513,UGA,GRC,8
1772850,227,90,8,2013.0,0.0,6970.0,-0.46170100000000003,0.652878,UGA,GRC,8
1772851,227,90,8,2014.0,0.0,5490.0,-0.505738,0.49837200000000004,UGA,GRC,8
1772852,227,90,8,2015.0,0.0,2658.0,-0.55055,0.501576,UGA,GRC,8
1772853,227,90,8,2016.0,0.0,55606.0,-0.476836,0.641138,UGA,GRC,8
1772854,227,90,8,2017.0,0.0,25796.0,-0.593232,0.247873,UGA,GRC,8
1772855,227,90,8,2018.0,0.0,146977.0,-0.569114,0.36182800000000004,UGA,GRC,8
1772856,227,90,8,2020.0,0.0,49873.0,-0.470767,0.474152,UGA,GRC,8
1772857,227,90,8,2001.0,0.0,14729.0,-1.1823700000000001,-0.7738619999999999,UGA,GRC,8
1772858,227,90,8,1998.0,0.0,26241.0,-1.069061,-1.0150569999999999,UGA,GRC,8
1772859,227,90,8,1996.0,0.0,8553.0,-1.105896,-0.910169,UGA,GRC,8
1772860,227,90,8,1997.0,0.0,11408.0,-1.175585,-1.017807,UGA,GRC,8
1772861,227,90,8,1999.0,0.0,16647.0,-1.430567,-1.180592,UGA,GRC,8
1772862,227,90,8,2000.0,0.0,13630.0,-1.275188,-0.9400639999999999,UGA,GRC,8
1772863,227,90,8,2003.0,0.0,13206.0,-0.9381360000000001,-0.658039,UGA,GRC,8
1772864,227,90,8,1974.0,0.0,15946.0,-1.138462,-0.879007,UGA,GRC,8
1772865,227,90,8,1984.0,0.0,211434.0,-1.610496,-0.9085979999999999,UGA,GRC,8
1772866,227,90,8,1989.0,0.0,22612.0,-1.7488709999999998,-1.068317,UGA,GRC,8
1772867,227,90,8,1980.0,0.0,94411.0,-0.901194,-0.686116,UGA,GRC,8
1772868,227,90,8,1983.0,0.0,128587.0,-1.319711,-0.8455229999999999,UGA,GRC,8
1772869,227,90,8,1985.0,0.0,102164.0,-1.761771,-0.92191,UGA,GRC,8
1772870,227,90,8,1986.0,0.0,25599.0,-2.065664,-0.985664,UGA,GRC,8
1772871,227,90,8,1988.0,8143.0,33483.0,-1.629498,-1.017511,UGA,GRC,8
1772872,227,90,8,1990.0,0.0,42844.0,-1.4666,-1.070892,UGA,GRC,8
1772873,227,90,8,1991.0,0.0,25226.0,-1.426668,-1.106,UGA,GRC,8
1772874,227,90,8,1978.0,4962.0,89582.0,-1.38125,-0.8415809999999999,UGA,GRC,8
1772875,227,90,8,1977.0,0.0,189958.0,-1.183735,-0.626155,UGA,GRC,8
1772876,228,90,8,2009.0,616876.0,4218140.0,0.505844,1.1205829999999999,UKR,GRC,8
1772877,228,90,8,2010.0,559863.0,3871360.0,0.469426,1.1556629999999999,UKR,GRC,8
1772878,228,90,8,2011.0,384138.0,5378532.0,0.48387700000000006,1.0707659999999999,UKR,GRC,8
1772879,228,90,8,2012.0,314926.0,4886524.0,0.533547,1.159378,UKR,GRC,8
1772880,228,90,8,2013.0,354768.0,5745188.0,0.535571,1.026263,UKR,GRC,8
1772881,228,90,8,2014.0,512334.0,5021352.0,0.505369,1.07634,UKR,GRC,8
1772882,228,90,8,2015.0,695888.0,3315171.0,0.271595,0.965569,UKR,GRC,8
1772883,228,90,8,2016.0,1623296.0,3150889.0,0.240605,0.827153,UKR,GRC,8
1772884,228,90,8,2017.0,2134589.0,3864960.0,0.34780900000000003,1.076817,UKR,GRC,8
1772885,228,90,8,1996.0,245121.0,3871943.0,0.7582479999999999,1.1207340000000001,UKR,GRC,8
1772886,228,90,8,1997.0,152450.0,3252230.0,0.7384539999999999,1.096947,UKR,GRC,8
1772887,228,90,8,1998.0,267539.0,3126523.0,0.70233,1.078307,UKR,GRC,8
1772888,228,90,8,1999.0,156599.0,1745727.0,0.418679,1.190914,UKR,GRC,8
1772889,228,90,8,2000.0,425741.0,2201693.0,0.622654,1.191971,UKR,GRC,8
1772890,228,90,8,2001.0,231814.0,2080348.0,0.642888,1.267971,UKR,GRC,8
1772891,228,90,8,2002.0,399410.0,2491309.0,0.575372,1.131722,UKR,GRC,8
1772892,228,90,8,2003.0,488811.0,3698037.0,0.7578739999999999,1.2267379999999999,UKR,GRC,8
1772893,228,90,8,2004.0,702822.0,3013736.0,0.672848,1.172735,UKR,GRC,8
1772894,228,90,8,2005.0,321828.0,2953559.0,0.59719,1.061772,UKR,GRC,8
1772895,228,90,8,2006.0,259617.0,4632700.0,0.598325,1.225485,UKR,GRC,8
1772896,228,90,8,2007.0,604880.0,6799810.0,0.607204,1.319608,UKR,GRC,8
1772897,228,90,8,2008.0,1347917.0,7507764.0,0.49950600000000006,1.152203,UKR,GRC,8
1772898,228,90,8,2018.0,2102943.0,4077496.0,0.3281,1.0037459999999998,UKR,GRC,8
1772899,228,90,8,2019.0,1885278.0,4908893.0,0.263437,0.690283,UKR,GRC,8
1772900,228,90,8,2020.0,2124736.0,3297867.0,0.287581,0.765753,UKR,GRC,8
1772901,228,90,8,1995.0,304131.0,2202855.0,0.246721,0.397825,UKR,GRC,8
1772902,228,90,8,1993.0,42515.0,803544.0,0.336604,0.14291500000000001,UKR,GRC,8
1772903,228,90,8,1994.0,124264.0,2012663.0,0.247786,0.164404,UKR,GRC,8
1772904,228,90,8,1992.0,0.0,821609.0,0.375148,0.23747,UKR,GRC,8
1772905,229,90,8,2015.0,0.0,77977.0,1.401192,0.396652,UMI,GRC,8
1772906,229,90,8,2010.0,23015.0,0.0,1.04595,-0.294539,UMI,GRC,8
1772907,229,90,8,2019.0,0.0,16422.0,1.185785,-0.178203,UMI,GRC,8
1772908,229,90,8,2017.0,0.0,74819.0,1.620514,0.858975,UMI,GRC,8
1772909,229,90,8,2018.0,0.0,53832.0,1.735527,0.263928,UMI,GRC,8
1772910,229,90,8,2020.0,0.0,40689.0,1.588399,0.803602,UMI,GRC,8
1772911,230,90,8,1993.0,23526.0,117436.0,0.38029,0.565832,URY,GRC,8
1772912,230,90,8,1999.0,8977.0,575032.0,0.156799,0.548928,URY,GRC,8
1772913,230,90,8,2003.0,17299.0,43823.0,0.07285599999999999,0.29223299999999997,URY,GRC,8
1772914,230,90,8,2006.0,756027.0,45689.0,0.047764999999999995,0.23831100000000002,URY,GRC,8
1772915,230,90,8,2007.0,341911.0,32322.0,0.138324,0.395436,URY,GRC,8
1772916,230,90,8,2008.0,41658.0,180725.0,0.168969,0.310508,URY,GRC,8
1772917,230,90,8,2009.0,0.0,69246.0,0.115835,0.032341,URY,GRC,8
1772918,230,90,8,2010.0,16043.0,330616.0,0.05979299999999999,0.116557,URY,GRC,8
1772919,230,90,8,2011.0,32121.0,71867.0,0.10006699999999999,0.199222,URY,GRC,8
1772920,230,90,8,2012.0,41766.0,334114.0,0.013581000000000001,0.047302,URY,GRC,8
1772921,230,90,8,2015.0,21339.0,117699.0,0.11081400000000001,-0.131145,URY,GRC,8
1772922,230,90,8,2016.0,9693.0,23364.0,0.040088,-0.27858499999999997,URY,GRC,8
1772923,230,90,8,2018.0,15122.0,140277.0,0.016527,-0.250715,URY,GRC,8
1772924,230,90,8,2002.0,30817.0,28993.0,0.048498,0.118565,URY,GRC,8
1772925,230,90,8,2004.0,38262.0,23562.0,-0.051583000000000004,0.145056,URY,GRC,8
1772926,230,90,8,2005.0,236481.0,33594.0,0.133955,0.391302,URY,GRC,8
1772927,230,90,8,2013.0,93628.0,89144.0,0.128825,0.02334,URY,GRC,8
1772928,230,90,8,2014.0,10923.0,193224.0,0.155247,-0.091751,URY,GRC,8
1772929,230,90,8,2017.0,8498.0,167941.0,0.09085900000000001,-0.246694,URY,GRC,8
1772930,230,90,8,2019.0,3871.0,171404.0,-0.002587,-0.3514,URY,GRC,8
1772931,230,90,8,2020.0,56843.0,348049.0,-0.06983500000000001,-0.375308,URY,GRC,8
1772932,230,90,8,1996.0,73630.0,12002.0,0.182427,0.689738,URY,GRC,8
1772933,230,90,8,1997.0,155636.0,66124.0,0.080024,0.669226,URY,GRC,8
1772934,230,90,8,1986.0,1077.0,0.0,0.44854499999999997,0.582731,URY,GRC,8
1772935,230,90,8,1989.0,1803.0,0.0,0.383362,0.832535,URY,GRC,8
1772936,230,90,8,1990.0,16427.0,3194.0,0.44617399999999996,0.789651,URY,GRC,8
1772937,230,90,8,1991.0,5054.0,1448.0,0.30588899999999997,0.6653859999999999,URY,GRC,8
1772938,230,90,8,1995.0,145549.0,28142.0,0.33923400000000004,0.608226,URY,GRC,8
1772939,230,90,8,1998.0,59873.0,184030.0,0.12551099999999998,0.704669,URY,GRC,8
1772940,230,90,8,2000.0,8632.0,359940.0,0.18688,0.575136,URY,GRC,8
1772941,230,90,8,2001.0,12749.0,107532.0,0.192313,0.401841,URY,GRC,8
1772942,230,90,8,1988.0,0.0,3876.0,0.268929,0.6550199999999999,URY,GRC,8
1772943,230,90,8,1992.0,13547.0,17328.0,0.242758,0.711781,URY,GRC,8
1772944,230,90,8,1994.0,90246.0,3258.0,0.46247200000000005,0.597146,URY,GRC,8
1772945,230,90,8,1971.0,2428.0,0.0,0.24810300000000002,-0.16614600000000002,URY,GRC,8
1772946,230,90,8,1975.0,1126.0,0.0,0.430345,0.060844,URY,GRC,8
1772947,230,90,8,1979.0,1569.0,0.0,0.584521,0.476839,URY,GRC,8
1772948,230,90,8,1977.0,3533.0,0.0,0.205596,-0.386658,URY,GRC,8
1772949,231,90,8,1990.0,75045871.0,123558192.0,1.537887,1.72997,USA,GRC,8
1772950,231,90,8,1991.0,87441584.0,78872156.0,1.6767419999999997,1.511651,USA,GRC,8
1772951,231,90,8,1992.0,97689603.0,70605448.0,1.660693,1.289752,USA,GRC,8
1772952,231,90,8,1993.0,113109994.0,67564153.0,1.7574319999999999,1.02585,USA,GRC,8
1772953,231,90,8,1994.0,103284578.0,61373877.0,1.835279,0.860557,USA,GRC,8
1772954,231,90,8,1995.0,135663480.0,64344475.0,1.798775,0.910509,USA,GRC,8
1772955,231,90,8,1996.0,99310645.0,59695684.0,1.742391,1.003066,USA,GRC,8
1772956,231,90,8,1997.0,120931474.0,74875535.0,1.875847,0.46257299999999996,USA,GRC,8
1772957,231,90,8,1998.0,104090283.0,72159313.0,1.9350779999999999,0.29075100000000004,USA,GRC,8
1772958,231,90,8,1999.0,116281744.0,95309913.0,1.896707,0.37156,USA,GRC,8
1772959,231,90,8,2000.0,121973209.0,87372107.0,1.9869709999999998,0.021666,USA,GRC,8
1772960,231,90,8,2001.0,138267961.0,80169961.0,1.96615,-0.12332699999999999,USA,GRC,8
1772961,231,90,8,2002.0,119601086.0,59026974.0,1.853174,0.120986,USA,GRC,8
1772962,231,90,8,2003.0,145445463.0,63414682.0,1.8209830000000002,0.085073,USA,GRC,8
1772963,231,90,8,2004.0,183897861.0,67823527.0,1.818327,-0.17913900000000002,USA,GRC,8
1772964,231,90,8,2005.0,130506567.0,60131068.0,1.7455470000000002,-0.418916,USA,GRC,8
1772965,231,90,8,2006.0,167943665.0,63471476.0,1.616918,-0.429924,USA,GRC,8
1772966,231,90,8,2007.0,203368314.0,52765994.0,1.507629,-0.068172,USA,GRC,8
1772967,231,90,8,2008.0,200225053.0,52442182.0,1.494243,-0.340183,USA,GRC,8
1772968,231,90,8,2009.0,161178205.0,42396463.0,1.4675049999999998,-0.26011100000000004,USA,GRC,8
1772969,231,90,8,2010.0,96502783.0,54220976.0,1.564858,-0.667927,USA,GRC,8
1772970,231,90,8,2011.0,89000720.0,45432916.0,1.568274,-0.657708,USA,GRC,8
1772971,231,90,8,2012.0,75984073.0,55048803.0,1.51134,-0.637794,USA,GRC,8
1772972,231,90,8,2013.0,79987552.0,54395294.0,1.612058,-0.8592989999999999,USA,GRC,8
1772973,231,90,8,2014.0,139882267.0,88584935.0,1.569577,-0.293173,USA,GRC,8
1772974,231,90,8,2015.0,133280475.0,70866068.0,1.721982,-0.516554,USA,GRC,8
1772975,231,90,8,2016.0,113764714.0,74643537.0,1.6991900000000002,-0.146044,USA,GRC,8
1772976,231,90,8,2017.0,157215851.0,57772593.0,1.536355,0.23775100000000002,USA,GRC,8
1772977,231,90,8,2018.0,215653215.0,67697695.0,1.5527739999999999,0.288577,USA,GRC,8
1772978,231,90,8,2019.0,250804995.0,75618380.0,1.5760809999999998,0.19685,USA,GRC,8
1772979,231,90,8,2020.0,141354487.0,61435253.0,1.4725629999999998,0.43318599999999996,USA,GRC,8
1772980,231,90,8,1962.0,3392878.0,611468.0,2.072395,1.7205400000000002,USA,GRC,8
1772981,231,90,8,1963.0,3659626.0,781551.0,2.0341259999999997,1.416706,USA,GRC,8
1772982,231,90,8,1964.0,3962296.0,1054248.0,2.039541,1.8314990000000002,USA,GRC,8
1772983,231,90,8,1965.0,7774503.0,2022091.0,2.066792,1.7441380000000002,USA,GRC,8
1772984,231,90,8,1966.0,10314908.0,1516786.0,2.018157,1.481471,USA,GRC,8
1772985,231,90,8,1967.0,11103229.0,1621984.0,1.9634919999999998,1.826548,USA,GRC,8
1772986,231,90,8,1968.0,9657794.0,2552891.0,1.9577650000000002,1.500362,USA,GRC,8
1772987,231,90,8,1969.0,9351283.0,4151821.0,1.9097669999999998,1.7483990000000003,USA,GRC,8
1772988,231,90,8,1970.0,8844361.0,5174515.0,1.792584,2.206141,USA,GRC,8
1772989,231,90,8,1971.0,8597354.0,7441386.0,1.873357,1.848336,USA,GRC,8
1772990,231,90,8,1972.0,10392545.0,10268065.0,1.86454,1.841334,USA,GRC,8
1772991,231,90,8,1973.0,11501007.0,17269029.0,1.7948419999999998,2.026,USA,GRC,8
1772992,231,90,8,1974.0,12107167.0,20218996.0,1.5575430000000001,0.946348,USA,GRC,8
1772993,231,90,8,1975.0,17001454.0,28220236.0,1.626922,1.162917,USA,GRC,8
1772994,231,90,8,1978.0,26596001.0,32279040.0,1.610269,1.603343,USA,GRC,8
1772995,231,90,8,1979.0,62055368.0,66407000.0,1.539367,1.481471,USA,GRC,8
1772996,231,90,8,1980.0,51261918.0,36944392.0,1.4422549999999998,0.744779,USA,GRC,8
1772997,231,90,8,1981.0,47039069.0,26253043.0,1.47046,0.8942190000000001,USA,GRC,8
1772998,231,90,8,1982.0,38170705.0,25090918.0,1.496936,1.2591780000000001,USA,GRC,8
1772999,231,90,8,1983.0,32945243.0,28852850.0,1.500082,1.557107,USA,GRC,8
1773000,231,90,8,1984.0,31099645.0,47940587.0,1.476898,1.614897,USA,GRC,8
1773001,231,90,8,1985.0,27495102.0,64288723.0,1.6386479999999999,1.518913,USA,GRC,8
1773002,231,90,8,1986.0,24169031.0,63879260.0,1.472246,1.942236,USA,GRC,8
1773003,231,90,8,1987.0,24627047.0,72630284.0,1.504178,1.820397,USA,GRC,8
1773004,231,90,8,1988.0,37319027.0,101357832.0,1.303966,1.922435,USA,GRC,8
1773005,231,90,8,1989.0,57681477.0,103246886.0,1.4548530000000002,1.7360209999999998,USA,GRC,8
1773006,231,90,8,1976.0,16980972.0,33267248.0,1.6694509999999998,0.32833,USA,GRC,8
1773007,231,90,8,1977.0,19130615.0,22037366.0,1.483956,-0.040362,USA,GRC,8
1773008,232,90,8,2008.0,9922.0,0.0,-0.502057,-0.823774,UZB,GRC,8
1773009,232,90,8,2009.0,8420.0,5229.0,-0.557297,-0.661057,UZB,GRC,8
1773010,232,90,8,2010.0,0.0,11509.0,-0.497721,-0.591146,UZB,GRC,8
1773011,232,90,8,2015.0,0.0,1405.0,-0.737541,-0.7629239999999999,UZB,GRC,8
1773012,232,90,8,2017.0,0.0,16423.0,-0.386302,-0.35475999999999996,UZB,GRC,8
1773013,232,90,8,2018.0,0.0,108231.0,-0.485013,-0.390021,UZB,GRC,8
1773014,232,90,8,2019.0,0.0,98072.0,-0.505984,-0.28830300000000003,UZB,GRC,8
1773015,232,90,8,2020.0,77809.0,207878.0,-0.255236,0.063821,UZB,GRC,8
1773016,232,90,8,2006.0,200119.0,17959.0,-0.508594,-0.7682720000000001,UZB,GRC,8
1773017,232,90,8,2001.0,0.0,52648.0,-0.395015,-0.7717649999999999,UZB,GRC,8
1773018,232,90,8,2005.0,114595.0,1142.0,-0.395136,-0.695828,UZB,GRC,8
1773019,232,90,8,2007.0,18738.0,0.0,-0.323881,-0.74045,UZB,GRC,8
1773020,232,90,8,2012.0,0.0,25014.0,-0.426961,-0.539122,UZB,GRC,8
1773021,232,90,8,2002.0,31125.0,338347.0,-0.583861,-0.758266,UZB,GRC,8
1773022,232,90,8,2003.0,63069.0,0.0,-0.407329,-0.641533,UZB,GRC,8
1773023,232,90,8,1996.0,10282.0,1036665.0,-0.139651,-0.670652,UZB,GRC,8
1773024,232,90,8,2000.0,5365.0,134201.0,-0.487961,-0.64882,UZB,GRC,8
1773025,232,90,8,1995.0,0.0,897296.0,-0.550491,-0.9765510000000001,UZB,GRC,8
1773026,232,90,8,1997.0,0.0,168718.0,-0.134113,-0.791415,UZB,GRC,8
1773027,232,90,8,1999.0,33960.0,285647.0,-0.327022,-0.803718,UZB,GRC,8
1773028,232,90,8,1998.0,0.0,955029.0,-0.30146799999999996,-0.8614290000000001,UZB,GRC,8
1773029,232,90,8,1993.0,0.0,206046.0,-0.407514,-0.991858,UZB,GRC,8
1773030,232,90,8,1994.0,0.0,448454.0,-0.9538049999999999,-1.117202,UZB,GRC,8
1773031,234,90,8,2007.0,0.0,92664.0,-0.049552,-0.607536,VCT,GRC,8
1773032,234,90,8,2009.0,0.0,62530.0,0.354378,-0.571625,VCT,GRC,8
1773033,234,90,8,2018.0,0.0,10100.0,-0.37162,-0.674759,VCT,GRC,8
1773034,234,90,8,2005.0,0.0,49232.0,-0.337388,-0.799525,VCT,GRC,8
1773035,234,90,8,2006.0,0.0,78049.0,-0.51151,-0.8950620000000001,VCT,GRC,8
1773036,234,90,8,2008.0,0.0,93109.0,-0.5826279999999999,-0.989132,VCT,GRC,8
1773037,234,90,8,2019.0,0.0,27693.0,-0.5139630000000001,-0.851612,VCT,GRC,8
1773038,234,90,8,2004.0,0.0,5177.0,-0.706188,-0.9244120000000001,VCT,GRC,8
1773039,234,90,8,2002.0,57171.0,109653.0,-0.268813,-0.67072,VCT,GRC,8
1773040,234,90,8,2000.0,0.0,85981.0,0.216315,-0.206287,VCT,GRC,8
1773041,234,90,8,1993.0,0.0,129955.0,-0.136217,-0.584545,VCT,GRC,8
1773042,234,90,8,1994.0,0.0,90052.0,0.012844999999999999,-0.535906,VCT,GRC,8
1773043,234,90,8,1995.0,0.0,195752.0,-0.279737,-0.692387,VCT,GRC,8
1773044,234,90,8,1996.0,0.0,255662.0,-0.05218,-0.49757700000000005,VCT,GRC,8
1773045,234,90,8,1997.0,0.0,120285.0,0.059354,-0.545099,VCT,GRC,8
1773046,234,90,8,1998.0,0.0,228502.0,0.36251,-0.24445799999999998,VCT,GRC,8
1773047,234,90,8,1999.0,0.0,96353.0,-0.043548,-0.625648,VCT,GRC,8
1773048,234,90,8,2001.0,0.0,98276.0,-0.318918,-0.764984,VCT,GRC,8
1773049,234,90,8,2003.0,0.0,16292.0,-0.108383,-0.587921,VCT,GRC,8
1773050,234,90,8,2017.0,0.0,34462.0,0.070659,-0.485245,VCT,GRC,8
1773051,234,90,8,2015.0,0.0,50089.0,0.43013999999999997,-0.058655,VCT,GRC,8
1773052,234,90,8,1988.0,0.0,3645.0,-0.21555700000000003,-0.6959609999999999,VCT,GRC,8
1773053,234,90,8,1989.0,0.0,5663.0,-0.271497,-0.724292,VCT,GRC,8
1773054,234,90,8,1990.0,0.0,10550.0,-0.071148,-0.5810310000000001,VCT,GRC,8
1773055,234,90,8,1991.0,0.0,7897.0,-0.256999,-0.692098,VCT,GRC,8
1773056,234,90,8,1992.0,0.0,26985.0,-0.219271,-0.65981,VCT,GRC,8
1773057,234,90,8,2016.0,0.0,38668.0,-0.15301099999999998,-0.789267,VCT,GRC,8
1773058,236,90,8,1996.0,5506.0,41369.0,-0.039967,-0.828263,VEN,GRC,8
1773059,236,90,8,1997.0,14460.0,106369.0,-0.137776,-0.750744,VEN,GRC,8
1773060,236,90,8,1998.0,30186.0,270661.0,0.045495999999999995,-0.5727760000000001,VEN,GRC,8
1773061,236,90,8,1999.0,77482.0,13060.0,-0.0040409999999999995,-0.674135,VEN,GRC,8
1773062,236,90,8,2000.0,37377.0,130799.0,-0.12500999999999998,-0.8610610000000001,VEN,GRC,8
1773063,236,90,8,2001.0,29151.0,307236.0,-0.013877,-0.8582690000000001,VEN,GRC,8
1773064,236,90,8,2002.0,26728.0,114266.0,-0.008877,-0.753486,VEN,GRC,8
1773065,236,90,8,2003.0,7905.0,41726.0,-0.036072,-0.818635,VEN,GRC,8
1773066,236,90,8,2004.0,1650.0,162322.0,-0.41193900000000006,-0.9578899999999999,VEN,GRC,8
1773067,236,90,8,2005.0,5473.0,142044.0,-0.308884,-1.0845,VEN,GRC,8
1773068,236,90,8,2006.0,54211.0,81772.0,-0.5559649999999999,-0.9988299999999999,VEN,GRC,8
1773069,236,90,8,2008.0,37026.0,247416.0,-1.170569,-1.1018780000000001,VEN,GRC,8
1773070,236,90,8,2009.0,11531.0,505034.0,-0.834899,-1.136707,VEN,GRC,8
1773071,236,90,8,2010.0,25381.0,535813.0,-1.2999209999999999,-1.196332,VEN,GRC,8
1773072,236,90,8,2011.0,29312.0,579007.0,-1.6447669999999999,-1.176749,VEN,GRC,8
1773073,236,90,8,2012.0,2656.0,129933.0,-1.6796689999999999,-1.168002,VEN,GRC,8
1773074,236,90,8,2013.0,5361.0,98194.0,-1.281202,-1.094268,VEN,GRC,8
1773075,236,90,8,2014.0,0.0,71864.0,-1.1668459999999998,-1.134262,VEN,GRC,8
1773076,236,90,8,2015.0,16739.0,53811.0,-1.335158,-1.261161,VEN,GRC,8
1773077,236,90,8,2016.0,17508.0,107079.0,-1.2837120000000002,-1.2503879999999998,VEN,GRC,8
1773078,236,90,8,2017.0,15268.0,160967.0,-1.191942,-1.245689,VEN,GRC,8
1773079,236,90,8,2018.0,31909.0,199291.0,-1.180083,-1.23326,VEN,GRC,8
1773080,236,90,8,2019.0,1385.0,140603.0,-1.432195,-1.297239,VEN,GRC,8
1773081,236,90,8,2007.0,4436.0,126594.0,-0.787944,-1.0645200000000001,VEN,GRC,8
1773082,236,90,8,1973.0,0.0,22421.0,-0.985057,-0.59819,VEN,GRC,8
1773083,236,90,8,1974.0,0.0,9998.0,-1.086871,-0.440258,VEN,GRC,8
1773084,236,90,8,1964.0,0.0,3991.0,-0.302078,-0.313463,VEN,GRC,8
1773085,236,90,8,1965.0,0.0,3618.0,-0.41090200000000004,-0.347914,VEN,GRC,8
1773086,236,90,8,1971.0,46762.0,5284.0,-0.9655290000000001,-0.651151,VEN,GRC,8
1773087,236,90,8,1972.0,0.0,14000.0,-1.005675,-0.624402,VEN,GRC,8
1773088,236,90,8,1975.0,0.0,36838.0,-1.8247490000000002,-0.5920310000000001,VEN,GRC,8
1773089,236,90,8,1984.0,0.0,61947.0,0.15979300000000002,-0.663798,VEN,GRC,8
1773090,236,90,8,1988.0,1327.0,73322.0,-0.274765,-0.778587,VEN,GRC,8
1773091,236,90,8,1989.0,25446.0,75504.0,-0.04738,-0.624991,VEN,GRC,8
1773092,236,90,8,1990.0,23070.0,106447.0,-0.035712,-0.669521,VEN,GRC,8
1773093,236,90,8,1991.0,98266.0,53296.0,0.26127100000000003,-0.533752,VEN,GRC,8
1773094,236,90,8,1992.0,129316.0,59162.0,-0.106385,-0.65975,VEN,GRC,8
1773095,236,90,8,1993.0,372381.0,12106.0,-0.13730599999999998,-0.671726,VEN,GRC,8
1773096,236,90,8,1994.0,99045.0,9182.0,0.04754,-0.6419159999999999,VEN,GRC,8
1773097,236,90,8,1995.0,27063.0,644812.0,-0.04476,-0.73316,VEN,GRC,8
1773098,236,90,8,1982.0,0.0,17942.0,-0.16918,-0.691221,VEN,GRC,8
1773099,236,90,8,1966.0,0.0,8590.0,-0.870044,-0.442428,VEN,GRC,8
1773100,236,90,8,1967.0,0.0,120687.0,-0.685242,-0.45819399999999993,VEN,GRC,8
1773101,236,90,8,1968.0,0.0,30391.0,-0.7130850000000001,-0.5042939999999999,VEN,GRC,8
1773102,236,90,8,1969.0,0.0,8056.0,-0.559696,-0.497251,VEN,GRC,8
1773103,236,90,8,1970.0,0.0,5444.0,-0.850909,-0.580477,VEN,GRC,8
1773104,236,90,8,1976.0,0.0,90093.0,-1.1656549999999999,-0.47540600000000005,VEN,GRC,8
1773105,236,90,8,1977.0,3821.0,68704.0,-1.027091,-0.485311,VEN,GRC,8
1773106,236,90,8,1978.0,0.0,14508.0,-0.393559,-0.642992,VEN,GRC,8
1773107,236,90,8,1979.0,0.0,9491.0,-0.387356,-0.624206,VEN,GRC,8
1773108,236,90,8,1980.0,0.0,13477.0,0.196179,-0.47241400000000006,VEN,GRC,8
1773109,236,90,8,1981.0,0.0,191612.0,-0.44721400000000006,-0.656547,VEN,GRC,8
1773110,236,90,8,1983.0,0.0,6516.0,-0.42758999999999997,-0.7518520000000001,VEN,GRC,8
1773111,236,90,8,1985.0,0.0,87150.0,-0.358518,-0.742417,VEN,GRC,8
1773112,236,90,8,1987.0,9888.0,94830.0,0.30843000000000004,-0.623317,VEN,GRC,8
1773113,236,90,8,1986.0,0.0,42665.0,-0.289661,-0.7737,VEN,GRC,8
1773114,237,90,8,2003.0,0.0,23053.0,0.602861,-0.18729200000000001,VGB,GRC,8
1773115,237,90,8,2014.0,4729.0,0.0,0.48387299999999994,0.0534,VGB,GRC,8
1773116,237,90,8,2017.0,1355.0,0.0,0.700232,-0.166994,VGB,GRC,8
1773117,237,90,8,2018.0,0.0,105282.0,1.107364,0.036629,VGB,GRC,8
1773118,237,90,8,2011.0,0.0,219571.0,0.770853,0.165879,VGB,GRC,8
1773119,237,90,8,2008.0,1661.0,0.0,0.606201,0.030099,VGB,GRC,8
1773120,237,90,8,2020.0,0.0,57675.0,1.332776,-0.47652799999999995,VGB,GRC,8
1773121,237,90,8,1999.0,0.0,2864.0,0.588911,-0.307143,VGB,GRC,8
1773122,238,90,8,1973.0,0.0,223066.0,0.475763,-0.16025,VIR,GRC,8
1773123,238,90,8,1972.0,0.0,125522.0,0.798298,-0.06463200000000001,VIR,GRC,8
1773124,239,90,8,2000.0,12881036.0,47241.0,-0.589009,0.518708,VNM,GRC,8
1773125,239,90,8,2001.0,16492613.0,20395.0,-0.533978,0.503988,VNM,GRC,8
1773126,239,90,8,2002.0,26479476.0,106262.0,-0.44170699999999996,0.544708,VNM,GRC,8
1773127,239,90,8,2008.0,51713258.0,0.0,-0.04149,1.043877,VNM,GRC,8
1773128,239,90,8,2009.0,44306775.0,42880.0,-0.107678,0.824392,VNM,GRC,8
1773129,239,90,8,2010.0,37401811.0,74416.0,-0.096135,1.263142,VNM,GRC,8
1773130,239,90,8,2011.0,41106818.0,57957.0,0.056153999999999996,1.242208,VNM,GRC,8
1773131,239,90,8,2013.0,28953932.0,1228248.0,0.009264,1.182368,VNM,GRC,8
1773132,239,90,8,2015.0,40229817.0,874423.0,-0.055202,0.807679,VNM,GRC,8
1773133,239,90,8,2016.0,40207218.0,798305.0,0.048214,0.6998810000000001,VNM,GRC,8
1773134,239,90,8,2018.0,50368104.0,1452924.0,0.111848,0.915842,VNM,GRC,8
1773135,239,90,8,2019.0,55268258.0,2108368.0,0.04444,0.8275049999999999,VNM,GRC,8
1773136,239,90,8,2005.0,35888631.0,102820.0,-0.49631499999999995,0.591896,VNM,GRC,8
1773137,239,90,8,2003.0,30707183.0,42081.0,-0.5902930000000001,0.6113689999999999,VNM,GRC,8
1773138,239,90,8,2004.0,33461123.0,153663.0,-0.46875500000000003,0.734412,VNM,GRC,8
1773139,239,90,8,2006.0,38664592.0,25440.0,-0.089404,0.986066,VNM,GRC,8
1773140,239,90,8,2007.0,44561817.0,127045.0,-0.102532,1.0221870000000002,VNM,GRC,8
1773141,239,90,8,2012.0,29491196.0,747365.0,0.0755,1.008183,VNM,GRC,8
1773142,239,90,8,2014.0,40668527.0,852685.0,0.135762,1.182052,VNM,GRC,8
1773143,239,90,8,2017.0,45249885.0,1068803.0,-0.006548999999999999,0.7030420000000001,VNM,GRC,8
1773144,239,90,8,2020.0,44091756.0,2082392.0,0.176235,0.640389,VNM,GRC,8
1773145,239,90,8,1998.0,11959892.0,0.0,-0.794171,0.000363,VNM,GRC,8
1773146,239,90,8,1999.0,11359975.0,0.0,-0.703134,0.209981,VNM,GRC,8
1773147,239,90,8,1995.0,3307050.0,0.0,-0.9181549999999999,-0.320731,VNM,GRC,8
1773148,239,90,8,1996.0,7386163.0,25635.0,-0.8099569999999999,-0.032258999999999996,VNM,GRC,8
1773149,239,90,8,1997.0,11454981.0,400550.0,-0.67516,0.251436,VNM,GRC,8
1773150,239,90,8,1963.0,0.0,3727.0,-0.47926899999999995,-0.6274069999999999,VNM,GRC,8
1773151,239,90,8,1965.0,0.0,6701.0,-0.296221,-0.682247,VNM,GRC,8
1773152,239,90,8,1966.0,0.0,5618.0,0.059797,-0.37951799999999997,VNM,GRC,8
1773153,239,90,8,1991.0,85070.0,0.0,-1.0537100000000001,-0.744911,VNM,GRC,8
1773154,239,90,8,1992.0,1014441.0,0.0,-0.989259,-0.43416099999999996,VNM,GRC,8
1773155,239,90,8,1993.0,2073413.0,0.0,-0.8816709999999999,-0.374705,VNM,GRC,8
1773156,239,90,8,1972.0,0.0,40287.0,0.288482,-0.12718800000000002,VNM,GRC,8
1773157,239,90,8,1980.0,0.0,140194.0,-0.33503,-0.643429,VNM,GRC,8
1773158,239,90,8,1994.0,2258154.0,0.0,-0.9755010000000001,-0.245693,VNM,GRC,8
1773159,239,90,8,1979.0,0.0,332923.0,-0.278161,-0.46456099999999995,VNM,GRC,8
1773160,239,90,8,1986.0,1380.0,0.0,-0.8281639999999999,-0.700868,VNM,GRC,8
1773161,239,90,8,1990.0,2971.0,0.0,-0.9215469999999999,-0.7302310000000001,VNM,GRC,8
1773162,240,90,8,2016.0,0.0,8066.0,-1.534809,-1.063501,VUT,GRC,8
1773163,240,90,8,2008.0,0.0,7011.0,-0.8867,-0.990735,VUT,GRC,8
1773164,240,90,8,2015.0,0.0,2767.0,-1.574124,-0.9129139999999999,VUT,GRC,8
1773165,240,90,8,1996.0,0.0,30606.0,-0.78354,-0.903761,VUT,GRC,8
1773166,240,90,8,1988.0,0.0,15974.0,-1.04731,-0.806225,VUT,GRC,8
1773167,240,90,8,1989.0,0.0,31493.0,-0.7004630000000001,-0.698379,VUT,GRC,8
1773168,240,90,8,1991.0,0.0,4230.0,-0.21961,-0.666998,VUT,GRC,8
1773169,240,90,8,1995.0,0.0,55072.0,-1.1842030000000001,-0.958824,VUT,GRC,8
1773170,243,90,8,2004.0,0.0,166514.0,-1.298227,-1.2496639999999999,YEM,GRC,8
1773171,243,90,8,2005.0,0.0,165414.0,-1.170372,-1.2175850000000001,YEM,GRC,8
1773172,243,90,8,2006.0,0.0,102956.0,-1.070559,-1.1655389999999999,YEM,GRC,8
1773173,243,90,8,2007.0,0.0,179517.0,-1.438264,-1.2809840000000001,YEM,GRC,8
1773174,243,90,8,2008.0,0.0,429431.0,-1.1073680000000001,-1.198649,YEM,GRC,8
1773175,243,90,8,2009.0,0.0,58150.0,-1.10152,-1.174,YEM,GRC,8
1773176,243,90,8,2010.0,1618.0,1213373.0,-1.302821,-1.227724,YEM,GRC,8
1773177,243,90,8,2011.0,0.0,1354720.0,-1.025121,-1.101768,YEM,GRC,8
1773178,243,90,8,2012.0,1280.0,0.0,-1.180884,-1.22621,YEM,GRC,8
1773179,243,90,8,2014.0,0.0,24986.0,-1.178492,-1.2530629999999998,YEM,GRC,8
1773180,243,90,8,2015.0,0.0,1214.0,-0.80708,-0.99921,YEM,GRC,8
1773181,243,90,8,1976.0,0.0,31294.0,0.05595,-0.37900500000000004,YEM,GRC,8
1773182,243,90,8,1978.0,0.0,209840.0,-0.480365,-0.6774899999999999,YEM,GRC,8
1773183,243,90,8,1979.0,0.0,133939.0,0.07904299999999999,-0.287341,YEM,GRC,8
1773184,243,90,8,1980.0,0.0,120044.0,0.599784,0.402211,YEM,GRC,8
1773185,243,90,8,1981.0,0.0,229435.0,0.8542209999999999,0.234513,YEM,GRC,8
1773186,243,90,8,1991.0,0.0,311629.0,-1.035101,-1.017109,YEM,GRC,8
1773187,243,90,8,1992.0,0.0,64391.0,-0.7116020000000001,-0.9852489999999999,YEM,GRC,8
1773188,243,90,8,1993.0,0.0,25111.0,-0.578518,-0.947468,YEM,GRC,8
1773189,243,90,8,2017.0,0.0,26545.0,-1.1364370000000001,-1.167681,YEM,GRC,8
1773190,243,90,8,2020.0,0.0,9594.0,-0.887602,-1.0940299999999998,YEM,GRC,8
1773191,243,90,8,1999.0,0.0,154023.0,-1.758543,-1.355241,YEM,GRC,8
1773192,243,90,8,2000.0,0.0,120254.0,-1.6733,-1.292217,YEM,GRC,8
1773193,243,90,8,2001.0,0.0,190267.0,-1.658584,-1.354606,YEM,GRC,8
1773194,243,90,8,2002.0,0.0,130607.0,-1.447637,-1.289748,YEM,GRC,8
1773195,243,90,8,2003.0,0.0,316236.0,-1.524805,-1.3379020000000001,YEM,GRC,8
1773196,243,90,8,1995.0,0.0,150663.0,-1.416175,-1.198335,YEM,GRC,8
1773197,243,90,8,1996.0,299828.0,576921.0,-1.395,-1.26641,YEM,GRC,8
1773198,243,90,8,1997.0,0.0,349201.0,-1.665484,-1.292243,YEM,GRC,8
1773199,243,90,8,1998.0,139051.0,182734.0,-1.626232,-1.346323,YEM,GRC,8
1773200,243,90,8,1989.0,0.0,427339.0,-0.8201200000000001,-0.9472940000000001,YEM,GRC,8
1773201,243,90,8,1994.0,0.0,44827.0,-1.170232,-1.094678,YEM,GRC,8
1773202,243,90,8,1982.0,0.0,215474.0,0.319639,-0.037347000000000005,YEM,GRC,8
1773203,243,90,8,1983.0,0.0,366455.0,0.232073,-0.156836,YEM,GRC,8
1773204,243,90,8,1984.0,0.0,321466.0,0.178195,-0.275611,YEM,GRC,8
1773205,243,90,8,1985.0,0.0,271981.0,0.20927600000000002,-0.41832700000000006,YEM,GRC,8
1773206,243,90,8,1986.0,0.0,440742.0,0.042213,-0.48168,YEM,GRC,8
1773207,243,90,8,1987.0,0.0,322972.0,-0.403928,-0.750255,YEM,GRC,8
1773208,243,90,8,1988.0,0.0,77896.0,-1.056176,-0.9912479999999999,YEM,GRC,8
1773209,243,90,8,1990.0,0.0,277538.0,-1.096856,-1.025614,YEM,GRC,8
1773210,243,90,8,1977.0,0.0,25692.0,0.251067,-0.29249200000000003,YEM,GRC,8
1773211,244,90,8,1980.0,0.0,66894.0,-0.6533909999999999,-0.489753,YMD,GRC,8
1773212,244,90,8,1981.0,0.0,64260.0,-0.846217,-0.597406,YMD,GRC,8
1773213,244,90,8,1989.0,0.0,1977.0,-0.695127,-0.804188,YMD,GRC,8
1773214,244,90,8,1964.0,0.0,1854.0,-0.682629,-0.5825600000000001,YMD,GRC,8
1773215,244,90,8,1965.0,0.0,15325.0,-0.36344899999999997,-0.510121,YMD,GRC,8
1773216,244,90,8,1966.0,0.0,25301.0,-0.620889,-0.678404,YMD,GRC,8
1773217,244,90,8,1967.0,0.0,38816.0,-0.76727,-0.60338,YMD,GRC,8
1773218,244,90,8,1982.0,0.0,79218.0,-1.027284,-0.569034,YMD,GRC,8
1773219,244,90,8,1983.0,0.0,274992.0,-1.2038229999999999,-0.64891,YMD,GRC,8
1773220,244,90,8,1984.0,0.0,288267.0,-0.44300900000000004,-0.566222,YMD,GRC,8
1773221,244,90,8,1985.0,0.0,125903.0,-1.18757,-0.671606,YMD,GRC,8
1773222,244,90,8,1986.0,0.0,135062.0,-0.467675,-0.6453220000000001,YMD,GRC,8
1773223,244,90,8,1987.0,0.0,11474.0,-0.41083100000000006,-0.610942,YMD,GRC,8
1773224,244,90,8,1990.0,0.0,290966.0,-0.619815,-0.716061,YMD,GRC,8
1773225,244,90,8,1988.0,0.0,29678.0,-0.8677309999999999,-0.7687350000000001,YMD,GRC,8
1773226,244,90,8,1976.0,0.0,16153.0,-0.356589,-0.395011,YMD,GRC,8
1773227,245,90,8,1989.0,5564655.0,4769564.0,1.039279,2.368432,YUG,GRC,8
1773228,245,90,8,1990.0,8570860.0,15382027.0,1.113732,2.405979,YUG,GRC,8
1773229,245,90,8,1974.0,47550.0,1136512.0,0.915594,2.630796,YUG,GRC,8
1773230,245,90,8,1975.0,125069.0,1398168.0,0.9792639999999999,2.488069,YUG,GRC,8
1773231,245,90,8,1988.0,3076479.0,1780638.0,1.174104,2.284472,YUG,GRC,8
1773232,245,90,8,1973.0,440174.0,775484.0,1.034921,2.6463349999999997,YUG,GRC,8
1773233,245,90,8,1970.0,256652.0,1132432.0,0.9660989999999999,2.360806,YUG,GRC,8
1773234,245,90,8,1972.0,305410.0,1611941.0,1.072339,2.4323900000000003,YUG,GRC,8
1773235,245,90,8,1978.0,534349.0,1521555.0,1.204844,2.432863,YUG,GRC,8
1773236,245,90,8,1979.0,572450.0,1926800.0,1.22966,2.556333,YUG,GRC,8
1773237,245,90,8,1980.0,573315.0,790689.0,1.197748,1.9993310000000002,YUG,GRC,8
1773238,245,90,8,1981.0,814630.0,750407.0,1.19791,1.757895,YUG,GRC,8
1773239,245,90,8,1985.0,580499.0,720489.0,1.261052,2.157196,YUG,GRC,8
1773240,245,90,8,1991.0,7843105.0,10277367.0,1.052453,2.3616479999999997,YUG,GRC,8
1773241,245,90,8,1965.0,200831.0,59328.0,1.151327,2.068253,YUG,GRC,8
1773242,245,90,8,1966.0,361385.0,615265.0,1.107027,2.3320939999999997,YUG,GRC,8
1773243,245,90,8,1967.0,84230.0,1098290.0,1.064486,2.0954919999999997,YUG,GRC,8
1773244,245,90,8,1968.0,89225.0,872700.0,1.0230700000000001,2.3184560000000003,YUG,GRC,8
1773245,245,90,8,1969.0,75750.0,891933.0,1.047799,2.2268790000000003,YUG,GRC,8
1773246,245,90,8,1971.0,473679.0,1790322.0,1.106614,2.43735,YUG,GRC,8
1773247,245,90,8,1962.0,11880.0,169590.0,1.16536,2.244831,YUG,GRC,8
1773248,245,90,8,1963.0,37026.0,36772.0,1.0925049999999998,2.3452900000000003,YUG,GRC,8
1773249,245,90,8,1964.0,76258.0,41930.0,1.156097,2.14265,YUG,GRC,8
1773250,245,90,8,1982.0,472416.0,747216.0,1.2934940000000001,1.9006060000000002,YUG,GRC,8
1773251,245,90,8,1983.0,519656.0,297299.0,1.244169,2.0957619999999997,YUG,GRC,8
1773252,245,90,8,1984.0,476602.0,209253.0,1.315993,2.0474330000000003,YUG,GRC,8
1773253,245,90,8,1986.0,1552802.0,2004533.0,1.03372,2.567397,YUG,GRC,8
1773254,245,90,8,1987.0,1546938.0,1204755.0,0.992936,2.4820580000000003,YUG,GRC,8
1773255,245,90,8,1976.0,312086.0,1437390.0,1.004697,2.4051080000000002,YUG,GRC,8
1773256,245,90,8,1977.0,322552.0,2604223.0,1.089936,2.216946,YUG,GRC,8
1773257,246,90,8,2004.0,2275896.0,2677885.0,0.29599699999999995,1.909018,ZAF,GRC,8
1773258,246,90,8,2008.0,3905693.0,3749162.0,0.133055,1.349216,ZAF,GRC,8
1773259,246,90,8,2009.0,2275134.0,2649706.0,0.12679200000000002,1.8165349999999998,ZAF,GRC,8
1773260,246,90,8,2010.0,2436111.0,3557981.0,0.153813,1.626072,ZAF,GRC,8
1773261,246,90,8,2011.0,2351757.0,5369879.0,-0.041062,1.647892,ZAF,GRC,8
1773262,246,90,8,2012.0,1008319.0,5579168.0,0.06510099999999999,1.748521,ZAF,GRC,8
1773263,246,90,8,2018.0,1544757.0,9624020.0,-0.053311000000000004,1.45561,ZAF,GRC,8
1773264,246,90,8,2019.0,1410434.0,9957797.0,0.009188,1.1810610000000001,ZAF,GRC,8
1773265,246,90,8,2020.0,1144467.0,5837140.0,-0.147146,0.8898459999999999,ZAF,GRC,8
1773266,246,90,8,2005.0,2659007.0,2593767.0,0.24420100000000003,1.7617349999999998,ZAF,GRC,8
1773267,246,90,8,2017.0,776813.0,8064882.0,-0.048668,1.283483,ZAF,GRC,8
1773268,246,90,8,1997.0,442217.0,2327750.0,0.29381199999999996,1.276557,ZAF,GRC,8
1773269,246,90,8,2002.0,1561009.0,1044262.0,0.32760500000000004,2.497746,ZAF,GRC,8
1773270,246,90,8,2003.0,1594117.0,1894065.0,0.368016,2.295644,ZAF,GRC,8
1773271,246,90,8,2014.0,1070205.0,5838689.0,0.156414,1.873848,ZAF,GRC,8
1773272,246,90,8,2015.0,856449.0,5425527.0,0.093921,1.7627400000000002,ZAF,GRC,8
1773273,246,90,8,2013.0,899509.0,7530757.0,0.11624100000000001,1.574591,ZAF,GRC,8
1773274,246,90,8,2016.0,8192317.0,6444776.0,-0.029618000000000002,1.426834,ZAF,GRC,8
1773275,246,90,8,1996.0,321607.0,1795309.0,0.277171,1.489549,ZAF,GRC,8
1773276,246,90,8,2001.0,988720.0,1075099.0,0.249833,2.1142950000000003,ZAF,GRC,8
1773277,246,90,8,1975.0,41551.0,810888.0,-0.204077,0.21280900000000003,ZAF,GRC,8
1773278,246,90,8,1995.0,733720.0,1524214.0,0.30523,1.249918,ZAF,GRC,8
1773279,246,90,8,2007.0,3738594.0,4411659.0,0.10604200000000001,1.282859,ZAF,GRC,8
1773280,246,90,8,1994.0,669753.0,826725.0,0.281213,1.268048,ZAF,GRC,8
1773281,246,90,8,2006.0,2866606.0,3650848.0,0.18317,1.675934,ZAF,GRC,8
1773282,246,90,8,1974.0,18679.0,692791.0,-0.102042,0.454016,ZAF,GRC,8
1773283,246,90,8,1992.0,292602.0,629025.0,0.236335,1.415622,ZAF,GRC,8
1773284,246,90,8,1993.0,603920.0,508403.0,0.269296,1.202022,ZAF,GRC,8
1773285,246,90,8,1962.0,1860.0,0.0,-0.251436,-0.397173,ZAF,GRC,8
1773286,246,90,8,1969.0,11096.0,104402.0,-0.40555399999999997,-0.441754,ZAF,GRC,8
1773287,246,90,8,1970.0,6450.0,171139.0,-0.29643400000000003,-0.174902,ZAF,GRC,8
1773288,246,90,8,1971.0,32067.0,350590.0,-0.285408,-0.146573,ZAF,GRC,8
1773289,246,90,8,1972.0,7533.0,435959.0,-0.204493,-0.072782,ZAF,GRC,8
1773290,246,90,8,1973.0,9225.0,491799.0,-0.349024,-0.13178399999999998,ZAF,GRC,8
1773291,246,90,8,1998.0,902031.0,2748389.0,0.344798,1.580124,ZAF,GRC,8
1773292,246,90,8,1999.0,1127635.0,1698537.0,0.23824,1.711371,ZAF,GRC,8
1773293,246,90,8,2000.0,1412876.0,1170522.0,0.304739,2.2212709999999998,ZAF,GRC,8
1773294,246,90,8,1990.0,137663.0,572490.0,0.026262999999999998,0.547303,ZAF,GRC,8
1773295,246,90,8,1979.0,538202.0,344300.0,-0.021409,0.761867,ZAF,GRC,8
1773296,246,90,8,1968.0,636.0,30418.0,-0.397811,-0.621199,ZAF,GRC,8
1773297,246,90,8,1982.0,77190.0,494259.0,0.13367,0.832198,ZAF,GRC,8
1773298,246,90,8,1963.0,0.0,630.0,-0.352962,-0.444208,ZAF,GRC,8
1773299,246,90,8,1964.0,0.0,1330.0,-0.31401599999999996,-0.400542,ZAF,GRC,8
1773300,246,90,8,1965.0,1074.0,0.0,-0.369921,-0.421292,ZAF,GRC,8
1773301,246,90,8,1966.0,0.0,29576.0,-0.28327600000000003,-0.44107799999999997,ZAF,GRC,8
1773302,246,90,8,1967.0,19840.0,31315.0,-0.27574899999999997,-0.416142,ZAF,GRC,8
1773303,246,90,8,1981.0,326346.0,744256.0,0.066643,0.8288409999999999,ZAF,GRC,8
1773304,246,90,8,1983.0,129959.0,332601.0,0.001582,0.681299,ZAF,GRC,8
1773305,246,90,8,1980.0,383001.0,391900.0,0.031020999999999996,0.60774,ZAF,GRC,8
1773306,246,90,8,1991.0,446931.0,681734.0,0.170166,0.599709,ZAF,GRC,8
1773307,246,90,8,1976.0,95575.0,404192.0,-0.003403,0.428487,ZAF,GRC,8
1773308,246,90,8,1977.0,121086.0,195940.0,0.14260499999999998,0.5314989999999999,ZAF,GRC,8
1773309,246,90,8,1978.0,288643.0,157963.0,0.07108099999999999,0.441457,ZAF,GRC,8
1773310,246,90,8,1984.0,148944.0,538312.0,0.200321,0.8715620000000001,ZAF,GRC,8
1773311,246,90,8,1985.0,245311.0,150674.0,0.097264,0.7663409999999999,ZAF,GRC,8
1773312,246,90,8,1986.0,165610.0,135286.0,-0.183157,0.5836020000000001,ZAF,GRC,8
1773313,246,90,8,1987.0,203150.0,368116.0,-0.12222899999999999,0.46593599999999996,ZAF,GRC,8
1773314,246,90,8,1988.0,131820.0,716118.0,-0.14610499999999998,0.304117,ZAF,GRC,8
1773315,246,90,8,1989.0,315739.0,706844.0,-0.064276,0.17919100000000002,ZAF,GRC,8
1773316,247,90,8,1970.0,0.0,12875.0,-0.7264550000000001,-0.676561,ZMB,GRC,8
1773317,247,90,8,1973.0,0.0,20583.0,-0.725982,-0.761084,ZMB,GRC,8
1773318,247,90,8,1974.0,0.0,42247.0,-0.23332199999999997,-0.612576,ZMB,GRC,8
1773319,247,90,8,1975.0,0.0,26411.0,-0.37251300000000004,-0.572235,ZMB,GRC,8
1773320,247,90,8,1997.0,0.0,10848.0,-0.8659309999999999,-0.88536,ZMB,GRC,8
1773321,247,90,8,1999.0,7029.0,0.0,-0.452954,-0.40999300000000005,ZMB,GRC,8
1773322,247,90,8,2004.0,0.0,1085.0,-0.8752479999999999,-0.784285,ZMB,GRC,8
1773323,247,90,8,2005.0,0.0,85424.0,-0.871266,-0.951218,ZMB,GRC,8
1773324,247,90,8,2008.0,2919.0,0.0,-0.873492,-1.062296,ZMB,GRC,8
1773325,247,90,8,2009.0,0.0,258222.0,-0.911732,-0.905381,ZMB,GRC,8
1773326,247,90,8,2010.0,0.0,119903.0,-0.786367,-0.900474,ZMB,GRC,8
1773327,247,90,8,2011.0,0.0,77191.0,-0.746313,-0.92795,ZMB,GRC,8
1773328,247,90,8,2012.0,0.0,301042.0,-0.356518,-0.71057,ZMB,GRC,8
1773329,247,90,8,2013.0,17453.0,78393.0,-0.293192,-0.42930100000000004,ZMB,GRC,8
1773330,247,90,8,2014.0,45396.0,38893.0,-0.506171,-0.680445,ZMB,GRC,8
1773331,247,90,8,2015.0,1255.0,12845.0,-0.68152,-0.865892,ZMB,GRC,8
1773332,247,90,8,2016.0,13200.0,4670.0,-0.9308350000000001,-1.029968,ZMB,GRC,8
1773333,247,90,8,2017.0,0.0,70610.0,-0.763066,-0.9292530000000001,ZMB,GRC,8
1773334,247,90,8,2018.0,0.0,108649.0,-0.8302510000000001,-0.932916,ZMB,GRC,8
1773335,247,90,8,2019.0,0.0,27738.0,-0.7991229999999999,-0.895366,ZMB,GRC,8
1773336,247,90,8,2020.0,0.0,15817.0,-0.8602989999999999,-1.028314,ZMB,GRC,8
1773337,247,90,8,1972.0,0.0,142731.0,-0.713075,-0.756015,ZMB,GRC,8
1773338,247,90,8,1993.0,0.0,13239.0,-0.697417,-0.843815,ZMB,GRC,8
1773339,247,90,8,1979.0,1382.0,0.0,-0.419843,-0.6678729999999999,ZMB,GRC,8
1773340,247,90,8,1982.0,0.0,2605.0,-0.701045,-0.860967,ZMB,GRC,8
1773341,247,90,8,1983.0,5692.0,0.0,-0.49965699999999996,-0.822218,ZMB,GRC,8
1773342,247,90,8,1984.0,0.0,26234.0,-0.32700300000000004,-0.7271380000000001,ZMB,GRC,8
1773343,247,90,8,1987.0,3461.0,0.0,-0.366154,-0.8572620000000001,ZMB,GRC,8
1773344,247,90,8,1989.0,0.0,1873.0,-0.639325,-0.9484309999999999,ZMB,GRC,8
1773345,248,90,8,2007.0,21544.0,4774.0,-0.39417800000000003,-0.282351,ZWE,GRC,8
1773346,248,90,8,2010.0,0.0,25986.0,-0.767483,-0.670297,ZWE,GRC,8
1773347,248,90,8,2013.0,0.0,115821.0,-0.841968,-0.898121,ZWE,GRC,8
1773348,248,90,8,2009.0,15400.0,49453.0,-0.628495,-0.501687,ZWE,GRC,8
1773349,248,90,8,2011.0,0.0,41110.0,-0.719587,-0.8101510000000001,ZWE,GRC,8
1773350,248,90,8,2012.0,2979.0,123996.0,-0.812796,-0.747908,ZWE,GRC,8
1773351,248,90,8,1985.0,945.0,1689.0,0.064484,0.098415,ZWE,GRC,8
1773352,248,90,8,1986.0,12948.0,1178.0,-0.20153800000000002,-0.153358,ZWE,GRC,8
1773353,248,90,8,1990.0,1020.0,23292.0,-0.10928900000000001,-0.068155,ZWE,GRC,8
1773354,248,90,8,1991.0,11836.0,0.0,-0.074879,-0.009847,ZWE,GRC,8
1773355,248,90,8,1992.0,30775.0,1381.0,-0.11168099999999999,0.143612,ZWE,GRC,8
1773356,248,90,8,1993.0,12687.0,2978.0,-0.140943,0.5122760000000001,ZWE,GRC,8
1773357,248,90,8,1994.0,37829.0,20825.0,-0.382292,0.326316,ZWE,GRC,8
1773358,248,90,8,1995.0,14075.0,18353.0,-0.11873099999999999,0.648279,ZWE,GRC,8
1773359,248,90,8,2000.0,1436.0,10597.0,-0.43871899999999997,0.491989,ZWE,GRC,8
1773360,248,90,8,2001.0,36202.0,3166.0,-0.663155,-0.212796,ZWE,GRC,8
1773361,248,90,8,2002.0,71350.0,1548.0,-0.36033000000000004,0.452182,ZWE,GRC,8
1773362,248,90,8,2004.0,90841.0,2441.0,-0.44064799999999993,0.01704,ZWE,GRC,8
1773363,248,90,8,2005.0,58012.0,0.0,-0.45493199999999995,-0.028454000000000004,ZWE,GRC,8
1773364,248,90,8,2006.0,380850.0,10725.0,-0.354477,-0.273037,ZWE,GRC,8
1773365,248,90,8,2008.0,13397.0,2507.0,-0.428246,-0.47492,ZWE,GRC,8
1773366,248,90,8,2014.0,0.0,142210.0,-0.732781,-0.875713,ZWE,GRC,8
1773367,248,90,8,2015.0,0.0,25636.0,-0.8370860000000001,-0.974066,ZWE,GRC,8
1773368,248,90,8,2016.0,0.0,15089.0,-0.960175,-1.004593,ZWE,GRC,8
1773369,248,90,8,2019.0,4882.0,100468.0,-0.904069,-1.024506,ZWE,GRC,8
1773370,248,90,8,2018.0,2914.0,232966.0,-1.071621,-1.112033,ZWE,GRC,8
1773371,248,90,8,2020.0,0.0,77286.0,-0.9586819999999999,-1.1310850000000001,ZWE,GRC,8
1773372,248,90,8,1996.0,10073.0,38137.0,-0.46458999999999995,-0.273683,ZWE,GRC,8
1773373,248,90,8,1997.0,7086.0,709664.0,-0.5328609999999999,-0.509275,ZWE,GRC,8
1773374,248,90,8,1999.0,7073.0,12324.0,-0.378081,0.080819,ZWE,GRC,8
1773375,248,90,8,1988.0,9208.0,10086.0,-0.44674200000000003,-0.640986,ZWE,GRC,8
1773376,248,90,8,1989.0,0.0,25801.0,-0.563277,-0.6714939999999999,ZWE,GRC,8
1773377,248,90,8,1998.0,7098.0,47583.0,-0.5156970000000001,-0.332532,ZWE,GRC,8
1773378,248,90,8,1981.0,0.0,65071.0,-0.401055,-0.646131,ZWE,GRC,8
1773379,248,90,8,1987.0,0.0,5773.0,-0.404891,-0.5868800000000001,ZWE,GRC,8
1773380,248,90,8,2003.0,15671.0,3330.0,-0.25345300000000004,-0.025785000000000002,ZWE,GRC,8
1773381,249,90,8,2009.0,21527280.0,1187196.0,1.625275,1.0083360000000001,TWN,GRC,8
1773382,249,90,8,2010.0,18232042.0,1816522.0,1.7498939999999998,1.027708,TWN,GRC,8
1773383,249,90,8,2011.0,13578189.0,1527677.0,1.769091,1.196232,TWN,GRC,8
1773384,249,90,8,2016.0,14192724.0,397863.0,2.028455,1.271167,TWN,GRC,8
1773385,249,90,8,2019.0,11476985.0,1005821.0,2.0674080000000004,1.041427,TWN,GRC,8
1773386,249,90,8,2020.0,10496582.0,1135197.0,2.043519,1.072238,TWN,GRC,8
1773387,249,90,8,2013.0,13387322.0,958464.0,1.7382849999999999,0.9917739999999999,TWN,GRC,8
1773388,249,90,8,2014.0,13684167.0,988231.0,1.850481,1.081809,TWN,GRC,8
1773389,249,90,8,2001.0,20730362.0,1511078.0,1.7270020000000001,1.252843,TWN,GRC,8
1773390,249,90,8,2002.0,22590384.0,1540349.0,1.9084720000000002,1.253714,TWN,GRC,8
1773391,249,90,8,2005.0,28815830.0,2300190.0,1.725238,1.214178,TWN,GRC,8
1773392,249,90,8,2006.0,28023112.0,2101620.0,1.6683169999999998,1.230621,TWN,GRC,8
1773393,249,90,8,2007.0,32208148.0,2385237.0,1.618424,1.09296,TWN,GRC,8
1773394,249,90,8,2008.0,30191583.0,1161893.0,1.609569,1.054247,TWN,GRC,8
1773395,249,90,8,2012.0,12776034.0,865427.0,1.671686,0.9854729999999999,TWN,GRC,8
1773396,249,90,8,2015.0,13202256.0,1038836.0,2.005274,1.3042690000000001,TWN,GRC,8
1773397,249,90,8,2017.0,12261240.0,756005.0,2.003822,1.215216,TWN,GRC,8
1773398,249,90,8,2018.0,12858411.0,805567.0,2.0283580000000003,1.1648319999999999,TWN,GRC,8
1773399,249,90,8,2000.0,23756511.0,2525117.0,1.642139,1.2375639999999999,TWN,GRC,8
1773400,249,90,8,2003.0,27362330.0,2064716.0,1.885491,1.218259,TWN,GRC,8
1773401,249,90,8,2004.0,31176190.0,1275872.0,1.8844150000000002,1.257951,TWN,GRC,8
1773402,249,90,8,1965.0,20586.0,0.0,1.29565,1.3003149999999999,TWN,GRC,8
1773403,249,90,8,1966.0,23857.0,682.0,1.292815,1.820142,TWN,GRC,8
1773404,249,90,8,1968.0,26592.0,0.0,1.152169,1.691066,TWN,GRC,8
1773405,249,90,8,1969.0,92029.0,0.0,1.314545,1.825704,TWN,GRC,8
1773406,249,90,8,1970.0,194684.0,0.0,1.2042030000000001,1.8731419999999999,TWN,GRC,8
1773407,249,90,8,1971.0,387194.0,0.0,1.123146,1.440067,TWN,GRC,8
1773408,249,90,8,1972.0,547495.0,0.0,1.142559,1.294032,TWN,GRC,8
1773409,249,90,8,1973.0,747024.0,0.0,0.9754360000000001,1.321309,TWN,GRC,8
1773410,249,90,8,1974.0,755264.0,0.0,0.948535,1.347091,TWN,GRC,8
1773411,249,90,8,1975.0,1302322.0,0.0,0.901222,1.402678,TWN,GRC,8
1773412,249,90,8,1989.0,48935268.0,101068.0,1.245347,1.703782,TWN,GRC,8
1773413,249,90,8,1990.0,47189716.0,91700.0,1.3199290000000001,1.74427,TWN,GRC,8
1773414,249,90,8,1991.0,48522430.0,115435.0,1.339935,1.785738,TWN,GRC,8
1773415,249,90,8,1992.0,51890595.0,259835.0,1.3694790000000001,1.6227559999999999,TWN,GRC,8
1773416,249,90,8,1994.0,27105229.0,1102585.0,1.638657,1.695454,TWN,GRC,8
1773417,249,90,8,1997.0,32944843.0,1059956.0,1.557128,1.434424,TWN,GRC,8
1773418,249,90,8,1998.0,28226994.0,564522.0,1.457882,1.4925680000000001,TWN,GRC,8
1773419,249,90,8,1999.0,28221146.0,2698764.0,1.575558,1.3365719999999999,TWN,GRC,8
1773420,249,90,8,1993.0,36872258.0,600159.0,1.500474,1.620057,TWN,GRC,8
1773421,249,90,8,1967.0,18459.0,0.0,1.25375,1.8185040000000001,TWN,GRC,8
1773422,249,90,8,1996.0,29035248.0,729141.0,1.7375779999999998,1.4625860000000002,TWN,GRC,8
1773423,249,90,8,1995.0,27846062.0,422703.0,1.494797,1.5116559999999999,TWN,GRC,8
1773424,249,90,8,1983.0,7713130.0,0.0,1.131391,1.9262569999999999,TWN,GRC,8
1773425,249,90,8,1984.0,9593134.0,11208.0,1.242549,1.7860169999999997,TWN,GRC,8
1773426,249,90,8,1985.0,10870812.0,4515.0,1.171102,1.856871,TWN,GRC,8
1773427,249,90,8,1986.0,10969617.0,3502.0,1.2396129999999999,1.6809599999999998,TWN,GRC,8
1773428,249,90,8,1988.0,34555731.0,15681.0,1.121225,1.782471,TWN,GRC,8
1773429,249,90,8,1964.0,2603.0,0.0,1.195816,1.04946,TWN,GRC,8
1773430,249,90,8,1980.0,6446262.0,0.0,1.1182219999999998,1.443977,TWN,GRC,8
1773431,249,90,8,1981.0,7413087.0,0.0,1.102486,1.397715,TWN,GRC,8
1773432,249,90,8,1982.0,8942522.0,2251.0,1.087208,1.678351,TWN,GRC,8
1773433,249,90,8,1987.0,19371895.0,127927.0,1.2953459999999999,1.688534,TWN,GRC,8
1773434,249,90,8,1978.0,3960111.0,3073.0,1.054532,1.5069860000000002,TWN,GRC,8
1773435,249,90,8,1963.0,8502.0,0.0,1.084702,0.997114,TWN,GRC,8
1773436,249,90,8,1976.0,1811277.0,1008.0,0.860974,1.621067,TWN,GRC,8
1773437,249,90,8,1977.0,2503001.0,0.0,0.953317,1.573833,TWN,GRC,8
1773438,249,90,8,1979.0,6347408.0,0.0,1.032027,1.7310990000000002,TWN,GRC,8
1773439,250,90,8,2009.0,5888991.0,12103476.0,0.47304799999999997,-0.264652,ANS,GRC,8
1773440,250,90,8,2010.0,6155335.0,7663653.0,0.37592,-0.30848200000000003,ANS,GRC,8
1773441,250,90,8,2011.0,10023668.0,7711621.0,0.222018,-0.31793299999999997,ANS,GRC,8
1773442,250,90,8,2012.0,5217978.0,10293558.0,0.34242399999999995,-0.007095999999999999,ANS,GRC,8
1773443,250,90,8,2013.0,978036.0,9668149.0,0.583151,0.14238299999999998,ANS,GRC,8
1773444,250,90,8,2014.0,138145.0,8754379.0,0.426964,0.138883,ANS,GRC,8
1773445,250,90,8,2015.0,179377.0,897256.0,0.48647700000000005,0.038748000000000005,ANS,GRC,8
1773446,250,90,8,2016.0,47860.0,137398.0,0.608271,-0.007568000000000001,ANS,GRC,8
1773447,250,90,8,2017.0,16994.0,46066.0,0.472054,-0.363374,ANS,GRC,8
1773448,250,90,8,2018.0,116893.0,187456.0,0.760441,-0.310861,ANS,GRC,8
1773449,250,90,8,2019.0,509649.0,406047.0,0.7145630000000001,-0.364896,ANS,GRC,8
1773450,250,90,8,2020.0,393862.0,314121.0,0.940141,-0.26965300000000003,ANS,GRC,8
1773451,250,90,8,1963.0,81631.0,31293.0,-0.084131,-0.204178,ANS,GRC,8
1773452,250,90,8,1964.0,274916.0,61555.0,0.034675,-0.21648499999999998,ANS,GRC,8
1773453,250,90,8,1965.0,97568.0,38774.0,1.061515,0.128385,ANS,GRC,8
1773454,250,90,8,1966.0,89924.0,28207.0,0.7935479999999999,0.182025,ANS,GRC,8
1773455,250,90,8,1967.0,79353.0,31341.0,0.790347,0.439097,ANS,GRC,8
1773456,250,90,8,1968.0,96364.0,60377.0,0.8133859999999999,0.47075900000000004,ANS,GRC,8
1773457,250,90,8,1969.0,94160.0,69177.0,0.662086,0.242439,ANS,GRC,8
1773458,250,90,8,1970.0,82325.0,95866.0,0.6549699999999999,0.197153,ANS,GRC,8
1773459,250,90,8,1971.0,89990.0,99949.0,0.740793,0.11133,ANS,GRC,8
1773460,250,90,8,1972.0,96265.0,123130.0,0.840347,0.237871,ANS,GRC,8
1773461,250,90,8,1973.0,99063.0,63322.0,0.717793,0.525814,ANS,GRC,8
1773462,250,90,8,1974.0,186111.0,207499.0,0.110116,0.21134499999999998,ANS,GRC,8
1773463,250,90,8,1975.0,165392.0,135036.0,0.25750500000000004,0.41504300000000005,ANS,GRC,8
1773464,250,90,8,2008.0,698397.0,18352430.0,0.5876779999999999,-0.622382,ANS,GRC,8
1773465,250,90,8,1962.0,77039.0,27406.0,-0.223586,-0.349045,ANS,GRC,8
1773466,250,90,8,1985.0,97161.0,3256333.0,0.9177069999999999,1.0158559999999999,ANS,GRC,8
1773467,250,90,8,2007.0,1853516.0,9794777.0,0.619509,-0.335972,ANS,GRC,8
1773468,250,90,8,1978.0,220656.0,75591.0,0.416229,0.27037100000000003,ANS,GRC,8
1773469,250,90,8,1979.0,295476.0,17494.0,0.23351799999999998,0.021866,ANS,GRC,8
1773470,250,90,8,1980.0,427143.0,79591.0,0.284855,0.183852,ANS,GRC,8
1773471,250,90,8,1981.0,152937.0,2301067.0,0.372708,0.470721,ANS,GRC,8
1773472,250,90,8,1990.0,670418.0,9500019.0,0.38348000000000004,0.6315850000000001,ANS,GRC,8
1773473,250,90,8,1991.0,570146.0,7093643.0,1.026399,0.9156559999999999,ANS,GRC,8
1773474,250,90,8,1996.0,114938.0,2112055.0,1.153784,0.831677,ANS,GRC,8
1773475,250,90,8,1998.0,7131684.0,2846737.0,1.196301,1.056316,ANS,GRC,8
1773476,250,90,8,1999.0,5571792.0,2982504.0,1.141398,0.7875770000000001,ANS,GRC,8
1773477,250,90,8,2003.0,62467.0,10142004.0,0.37784,-0.426752,ANS,GRC,8
1773478,250,90,8,1997.0,2919881.0,4169379.0,1.004537,0.782725,ANS,GRC,8
1773479,250,90,8,2000.0,1668352.0,459545.0,1.094325,-0.32521100000000003,ANS,GRC,8
1773480,250,90,8,2001.0,65535.0,455139.0,0.947105,-0.529946,ANS,GRC,8
1773481,250,90,8,1995.0,575971.0,2179218.0,1.143615,0.960175,ANS,GRC,8
1773482,250,90,8,2005.0,732885.0,10154866.0,0.42090900000000003,-0.56108,ANS,GRC,8
1773483,250,90,8,2006.0,1232387.0,8938064.0,0.202525,-0.46324499999999996,ANS,GRC,8
1773484,250,90,8,1982.0,104864.0,2865179.0,0.48192299999999993,0.21499899999999997,ANS,GRC,8
1773485,250,90,8,1992.0,4029450.0,6822428.0,0.989994,0.977453,ANS,GRC,8
1773486,250,90,8,1993.0,1859869.0,5085287.0,1.129646,0.635549,ANS,GRC,8
1773487,250,90,8,1983.0,126891.0,2767630.0,0.5154340000000001,0.449824,ANS,GRC,8
1773488,250,90,8,1984.0,68949.0,2977365.0,0.71102,0.5664560000000001,ANS,GRC,8
1773489,250,90,8,1986.0,72963.0,3900866.0,0.711729,1.1335709999999999,ANS,GRC,8
1773490,250,90,8,1988.0,260087.0,5795848.0,0.373583,0.43471499999999996,ANS,GRC,8
1773491,250,90,8,1987.0,91829.0,3905712.0,0.656133,0.787391,ANS,GRC,8
1773492,250,90,8,1989.0,276894.0,7331082.0,0.44576800000000005,0.609138,ANS,GRC,8
1773493,250,90,8,1994.0,432152.0,2936777.0,1.2408629999999998,0.893178,ANS,GRC,8
1773494,250,90,8,2002.0,754609.0,11705463.0,0.5979300000000001,-0.497816,ANS,GRC,8
1773495,250,90,8,2004.0,426501.0,10630497.0,0.46240200000000004,-0.406624,ANS,GRC,8
1773496,250,90,8,1977.0,211620.0,40193.0,0.40765,0.361958,ANS,GRC,8
1773497,250,90,8,1976.0,350846.0,145321.0,0.521724,0.353092,ANS,GRC,8
1773498,0,93,8,2018.0,0.0,5178.0,0.800212,0.174964,ABW,GTM,8
1773499,0,93,8,2019.0,0.0,141107.0,1.036546,0.005591,ABW,GTM,8
1773500,0,93,8,2010.0,0.0,4971.0,0.99261,0.46120200000000006,ABW,GTM,8
1773501,0,93,8,2005.0,0.0,3280.0,-0.264653,-0.864367,ABW,GTM,8
1773502,0,93,8,2007.0,3340.0,17764.0,-0.459232,-0.8233299999999999,ABW,GTM,8
1773503,0,93,8,2008.0,0.0,9035.0,-0.42408500000000005,-0.8313309999999999,ABW,GTM,8
1773504,0,93,8,2009.0,0.0,4429.0,0.686739,-0.609776,ABW,GTM,8
1773505,0,93,8,2000.0,0.0,24768.0,-0.197305,-0.888491,ABW,GTM,8
1773506,0,93,8,2001.0,0.0,1367.0,-0.500051,-0.8763299999999999,ABW,GTM,8
1773507,0,93,8,2004.0,22440.0,25332.0,0.074978,-0.8537239999999999,ABW,GTM,8
1773508,0,93,8,2013.0,0.0,41973.0,0.598533,0.032199,ABW,GTM,8
1773509,0,93,8,2020.0,0.0,38746.0,0.752255,-0.210544,ABW,GTM,8
1773510,0,93,8,2012.0,0.0,58754.0,0.040139999999999995,-0.628788,ABW,GTM,8
1773511,0,93,8,2014.0,0.0,40957.0,0.279562,-0.371938,ABW,GTM,8
1773512,0,93,8,2016.0,0.0,22400.0,0.7897,0.359562,ABW,GTM,8
1773513,0,93,8,2015.0,0.0,32066.0,0.650072,0.09566000000000001,ABW,GTM,8
1773514,0,93,8,2011.0,18657.0,116411.0,-0.191671,-0.649625,ABW,GTM,8
1773515,0,93,8,1995.0,0.0,34308.0,-0.5261399999999999,-0.720547,ABW,GTM,8
1773516,0,93,8,1996.0,0.0,50496.0,-0.493634,-0.719576,ABW,GTM,8
1773517,0,93,8,1997.0,0.0,38443.0,-1.338982,-0.866526,ABW,GTM,8
1773518,0,93,8,1999.0,292552.0,0.0,-0.431539,-0.886468,ABW,GTM,8
1773519,0,93,8,1994.0,4687.0,0.0,-1.146509,-0.7049850000000001,ABW,GTM,8
1773520,0,93,8,1998.0,0.0,20113.0,-0.39718200000000004,-0.800121,ABW,GTM,8
1773521,0,93,8,1991.0,0.0,1443.0,-0.529015,-0.719439,ABW,GTM,8
1773522,0,93,8,1992.0,0.0,48287.0,-0.260923,-0.700814,ABW,GTM,8
1773523,0,93,8,1993.0,0.0,14874.0,-1.554019,-0.827406,ABW,GTM,8
1773524,0,93,8,1990.0,0.0,11017.0,-0.242892,-0.676147,ABW,GTM,8
1773525,1,93,8,2003.0,1355.0,0.0,-0.6427109999999999,-0.678976,AFG,GTM,8
1773526,1,93,8,2004.0,32224.0,0.0,-0.8890309999999999,-0.773602,AFG,GTM,8
1773527,2,93,8,2019.0,0.0,31850.0,-1.503967,-1.2339719999999998,AGO,GTM,8
1773528,4,93,8,2009.0,31378.0,0.0,-0.354663,-0.24103200000000002,ALB,GTM,8
1773529,4,93,8,2013.0,0.0,34297.0,-0.44779300000000005,-0.13181700000000002,ALB,GTM,8
1773530,4,93,8,2010.0,0.0,181501.0,-0.48301499999999997,-0.143986,ALB,GTM,8
1773531,4,93,8,1996.0,1341.0,0.0,-0.42357399999999995,0.090179,ALB,GTM,8
1773532,5,93,8,2013.0,102488.0,0.0,0.874025,0.09135599999999999,AND,GTM,8
1773533,5,93,8,2019.0,25941.0,0.0,0.866642,0.570472,AND,GTM,8
1773534,5,93,8,2006.0,103515.0,0.0,0.986957,0.458078,AND,GTM,8
1773535,5,93,8,2014.0,122871.0,0.0,0.512367,-0.438594,AND,GTM,8
1773536,5,93,8,2016.0,75953.0,0.0,1.0634370000000002,0.7151069999999999,AND,GTM,8
1773537,5,93,8,2017.0,31572.0,0.0,1.101312,0.593242,AND,GTM,8
1773538,5,93,8,2018.0,130173.0,0.0,1.024277,0.7635689999999999,AND,GTM,8
1773539,5,93,8,2015.0,273558.0,0.0,0.756312,0.5827760000000001,AND,GTM,8
1773540,5,93,8,2020.0,24171.0,0.0,1.145584,0.44351899999999994,AND,GTM,8
1773541,5,93,8,2012.0,99380.0,0.0,0.968361,0.673964,AND,GTM,8
1773542,6,93,8,2005.0,9792.0,45946.0,-0.185055,-0.760134,ANT,GTM,8
1773543,6,93,8,2006.0,10332.0,5757.0,0.0063100000000000005,-0.61161,ANT,GTM,8
1773544,6,93,8,2007.0,16709.0,21704.0,0.08302799999999999,-0.553191,ANT,GTM,8
1773545,6,93,8,2008.0,0.0,59790.0,0.099579,-0.602636,ANT,GTM,8
1773546,6,93,8,2009.0,16372.0,30349.0,0.073739,-0.74953,ANT,GTM,8
1773547,6,93,8,2010.0,10862.0,215478.0,-0.280542,-0.8686719999999999,ANT,GTM,8
1773548,6,93,8,2001.0,4331.0,8062.0,-0.17823699999999998,-0.814499,ANT,GTM,8
1773549,6,93,8,2002.0,27205.0,2024.0,0.145946,-0.704052,ANT,GTM,8
1773550,6,93,8,2003.0,36590.0,2780.0,-0.089391,-0.7222430000000001,ANT,GTM,8
1773551,6,93,8,1965.0,1289.0,0.0,0.677455,0.016794999999999997,ANT,GTM,8
1773552,6,93,8,1974.0,0.0,4886.0,0.080864,-0.109258,ANT,GTM,8
1773553,6,93,8,1975.0,3783.0,0.0,-0.5661010000000001,-0.44354,ANT,GTM,8
1773554,6,93,8,1980.0,78350.0,0.0,-0.523317,-0.239879,ANT,GTM,8
1773555,6,93,8,1988.0,0.0,3000.0,0.420019,-0.273,ANT,GTM,8
1773556,6,93,8,1992.0,3595.0,0.0,0.258484,-0.47236000000000006,ANT,GTM,8
1773557,6,93,8,1994.0,0.0,63000.0,0.145374,-0.361004,ANT,GTM,8
1773558,6,93,8,1996.0,28608.0,0.0,-0.2426,-0.701334,ANT,GTM,8
1773559,6,93,8,1997.0,0.0,2472.0,-0.027541000000000003,-0.56389,ANT,GTM,8
1773560,7,93,8,2013.0,94277.0,2200127.0,-0.338417,-0.754102,ARE,GTM,8
1773561,7,93,8,2017.0,113655.0,6243501.0,0.222875,-0.204271,ARE,GTM,8
1773562,7,93,8,2018.0,628796.0,4473031.0,-0.020214,-0.570049,ARE,GTM,8
1773563,7,93,8,2019.0,648495.0,3334993.0,-0.530303,-0.996919,ARE,GTM,8
1773564,7,93,8,2020.0,590407.0,3019411.0,-0.733889,-1.056165,ARE,GTM,8
1773565,7,93,8,2012.0,238795.0,3539507.0,0.256232,-0.46518400000000004,ARE,GTM,8
1773566,7,93,8,2014.0,271520.0,3106690.0,-0.121018,-0.51841,ARE,GTM,8
1773567,7,93,8,2016.0,700746.0,3411195.0,-0.019275,-0.18309,ARE,GTM,8
1773568,7,93,8,2008.0,229606.0,233120.0,-0.066826,-0.634125,ARE,GTM,8
1773569,7,93,8,2007.0,372215.0,668013.0,-0.23537199999999997,-0.620794,ARE,GTM,8
1773570,7,93,8,2015.0,538737.0,3766399.0,-0.055111,-0.43007399999999996,ARE,GTM,8
1773571,7,93,8,2003.0,308154.0,0.0,-0.028825999999999997,-0.685365,ARE,GTM,8
1773572,7,93,8,2011.0,235469.0,450557.0,-0.117289,-0.46483599999999997,ARE,GTM,8
1773573,7,93,8,2005.0,43810.0,105364.0,-0.10233099999999999,-0.486178,ARE,GTM,8
1773574,7,93,8,2009.0,103295.0,36671.0,-0.339638,-0.8333940000000001,ARE,GTM,8
1773575,7,93,8,2010.0,214574.0,153937.0,-0.013371000000000001,-0.39050300000000004,ARE,GTM,8
1773576,7,93,8,2002.0,71700.0,1611.0,-0.288838,-0.640049,ARE,GTM,8
1773577,7,93,8,2004.0,58257.0,6186.0,-0.10993399999999999,-0.5351640000000001,ARE,GTM,8
1773578,7,93,8,2006.0,3569.0,9119.0,-0.12063900000000001,-0.817929,ARE,GTM,8
1773579,7,93,8,2001.0,11517.0,0.0,-0.217259,-0.613042,ARE,GTM,8
1773580,7,93,8,1997.0,7211.0,0.0,-0.317351,-0.8786510000000001,ARE,GTM,8
1773581,8,93,8,2003.0,2644616.0,12894.0,0.045321,0.659799,ARG,GTM,8
1773582,8,93,8,2004.0,2833842.0,2014.0,-0.070845,0.879574,ARG,GTM,8
1773583,8,93,8,2005.0,4907779.0,9512.0,0.14709,0.947398,ARG,GTM,8
1773584,8,93,8,2006.0,5759194.0,44006.0,0.076917,1.06231,ARG,GTM,8
1773585,8,93,8,2007.0,4588912.0,241652.0,-0.044801,0.770332,ARG,GTM,8
1773586,8,93,8,2008.0,3817061.0,236409.0,0.096026,0.759927,ARG,GTM,8
1773587,8,93,8,2009.0,3808653.0,172136.0,0.138952,0.8575149999999999,ARG,GTM,8
1773588,8,93,8,2010.0,2041762.0,78032.0,0.052101,0.722831,ARG,GTM,8
1773589,8,93,8,2011.0,2648664.0,82774.0,-0.0037560000000000002,0.583338,ARG,GTM,8
1773590,8,93,8,2012.0,2260016.0,150131.0,-0.019015,0.548292,ARG,GTM,8
1773591,8,93,8,2013.0,1845226.0,652164.0,0.042829,0.461002,ARG,GTM,8
1773592,8,93,8,2014.0,1578486.0,104268.0,-0.047848,0.48062,ARG,GTM,8
1773593,8,93,8,2015.0,1318358.0,76859.0,-0.14443499999999998,0.461733,ARG,GTM,8
1773594,8,93,8,2016.0,1354747.0,70757.0,-0.334847,0.24145100000000003,ARG,GTM,8
1773595,8,93,8,2017.0,1118737.0,116574.0,-0.268441,0.337024,ARG,GTM,8
1773596,8,93,8,2018.0,448878.0,173967.0,-0.239502,0.297865,ARG,GTM,8
1773597,8,93,8,2019.0,752999.0,131105.0,-0.25212199999999996,0.213536,ARG,GTM,8
1773598,8,93,8,2020.0,347275.0,22460.0,-0.22448200000000001,0.082711,ARG,GTM,8
1773599,8,93,8,2001.0,1427633.0,119277.0,0.11289,0.916845,ARG,GTM,8
1773600,8,93,8,1993.0,932311.0,228945.0,0.262499,0.690427,ARG,GTM,8
1773601,8,93,8,1965.0,45269.0,0.0,0.133389,-0.088328,ARG,GTM,8
1773602,8,93,8,1966.0,68117.0,0.0,-0.24274400000000002,-0.504053,ARG,GTM,8
1773603,8,93,8,1967.0,107864.0,0.0,0.165465,-0.064785,ARG,GTM,8
1773604,8,93,8,1973.0,314725.0,971.0,0.191245,0.47102,ARG,GTM,8
1773605,8,93,8,1975.0,239812.0,0.0,0.43757299999999993,0.8331540000000001,ARG,GTM,8
1773606,8,93,8,1980.0,448841.0,99089.0,0.23432199999999997,1.047671,ARG,GTM,8
1773607,8,93,8,1981.0,253579.0,33795.0,0.313835,0.8986649999999999,ARG,GTM,8
1773608,8,93,8,1982.0,209688.0,0.0,0.246135,0.7669060000000001,ARG,GTM,8
1773609,8,93,8,1983.0,153213.0,0.0,0.045672000000000004,0.159716,ARG,GTM,8
1773610,8,93,8,1984.0,224012.0,0.0,0.048035,0.19725399999999998,ARG,GTM,8
1773611,8,93,8,1985.0,139396.0,0.0,-0.085315,0.155327,ARG,GTM,8
1773612,8,93,8,1986.0,177253.0,0.0,0.05454199999999999,0.352452,ARG,GTM,8
1773613,8,93,8,1987.0,582097.0,0.0,0.153722,0.688191,ARG,GTM,8
1773614,8,93,8,1988.0,225393.0,0.0,0.071271,0.78496,ARG,GTM,8
1773615,8,93,8,1989.0,184823.0,0.0,0.234641,0.985326,ARG,GTM,8
1773616,8,93,8,1990.0,155179.0,0.0,0.079391,0.81503,ARG,GTM,8
1773617,8,93,8,1991.0,144325.0,162365.0,0.11498,0.566391,ARG,GTM,8
1773618,8,93,8,1992.0,333609.0,115014.0,0.043179,0.553408,ARG,GTM,8
1773619,8,93,8,1994.0,590343.0,237075.0,0.011663,0.49076899999999996,ARG,GTM,8
1773620,8,93,8,1995.0,486684.0,260307.0,0.201849,1.022644,ARG,GTM,8
1773621,8,93,8,1996.0,476045.0,222125.0,0.007199,0.805707,ARG,GTM,8
1773622,8,93,8,1997.0,405559.0,234134.0,0.072589,0.965456,ARG,GTM,8
1773623,8,93,8,1998.0,819314.0,341200.0,0.051266,0.7827189999999999,ARG,GTM,8
1773624,8,93,8,1999.0,507921.0,254590.0,0.096776,0.797369,ARG,GTM,8
1773625,8,93,8,2000.0,885659.0,260921.0,0.140533,0.888049,ARG,GTM,8
1773626,8,93,8,2002.0,1342592.0,43071.0,0.045376,0.71768,ARG,GTM,8
1773627,8,93,8,1970.0,54299.0,0.0,0.000177,0.008167,ARG,GTM,8
1773628,8,93,8,1974.0,373663.0,2206.0,0.36104200000000003,0.660953,ARG,GTM,8
1773629,8,93,8,1969.0,81647.0,0.0,0.199094,0.23731300000000002,ARG,GTM,8
1773630,8,93,8,1964.0,89360.0,0.0,0.22790100000000002,-0.066322,ARG,GTM,8
1773631,8,93,8,1968.0,73699.0,0.0,0.148111,0.088328,ARG,GTM,8
1773632,8,93,8,1971.0,105009.0,0.0,0.0024230000000000002,0.084024,ARG,GTM,8
1773633,8,93,8,1972.0,140296.0,0.0,0.09891,0.403972,ARG,GTM,8
1773634,9,93,8,2020.0,0.0,6745.0,-0.242885,-0.7280760000000001,ARM,GTM,8
1773635,9,93,8,2019.0,0.0,3679.0,-0.23469099999999998,-0.68934,ARM,GTM,8
1773636,13,93,8,2009.0,0.0,58286.0,1.012882,0.298989,ATG,GTM,8
1773637,13,93,8,2010.0,0.0,21775.0,1.200225,1.072819,ATG,GTM,8
1773638,13,93,8,2011.0,0.0,26291.0,-0.054315999999999996,-0.31201,ATG,GTM,8
1773639,13,93,8,2014.0,0.0,26271.0,0.048253,-0.618061,ATG,GTM,8
1773640,13,93,8,2015.0,0.0,164814.0,0.32743099999999997,-0.475214,ATG,GTM,8
1773641,13,93,8,2017.0,0.0,291423.0,0.314372,-0.432988,ATG,GTM,8
1773642,13,93,8,2018.0,0.0,193312.0,-0.120975,-0.721043,ATG,GTM,8
1773643,13,93,8,2019.0,0.0,228641.0,0.28558,-0.7097979999999999,ATG,GTM,8
1773644,13,93,8,2012.0,0.0,12973.0,0.891969,1.130457,ATG,GTM,8
1773645,13,93,8,2008.0,0.0,6831.0,0.906905,0.186664,ATG,GTM,8
1773646,13,93,8,2013.0,0.0,18670.0,0.25821500000000003,-0.383761,ATG,GTM,8
1773647,13,93,8,2016.0,0.0,58689.0,0.141771,-0.503847,ATG,GTM,8
1773648,13,93,8,2020.0,0.0,123655.0,-0.393902,-0.882501,ATG,GTM,8
1773649,14,93,8,2005.0,840156.0,176157.0,-0.136324,0.442158,AUS,GTM,8
1773650,14,93,8,2001.0,55113.0,117347.0,-0.12189000000000001,0.7281770000000001,AUS,GTM,8
1773651,14,93,8,2004.0,147459.0,186272.0,-0.198735,0.81543,AUS,GTM,8
1773652,14,93,8,1973.0,7939.0,0.0,-0.12833599999999998,-0.058471,AUS,GTM,8
1773653,14,93,8,1974.0,14660.0,0.0,0.102724,0.198399,AUS,GTM,8
1773654,14,93,8,1979.0,67311.0,10841.0,0.09590599999999999,0.559419,AUS,GTM,8
1773655,14,93,8,1990.0,0.0,18193.0,-0.10606600000000001,0.23220300000000002,AUS,GTM,8
1773656,14,93,8,1992.0,12842.0,173831.0,0.083812,0.637224,AUS,GTM,8
1773657,14,93,8,1994.0,4335.0,140002.0,0.150284,0.738228,AUS,GTM,8
1773658,14,93,8,1995.0,42050.0,183259.0,0.11059100000000001,0.693473,AUS,GTM,8
1773659,14,93,8,1996.0,48236.0,102262.0,0.025253,0.6428189999999999,AUS,GTM,8
1773660,14,93,8,1998.0,77785.0,95343.0,0.023046,0.778283,AUS,GTM,8
1773661,14,93,8,1999.0,105310.0,47863.0,-0.06909,0.80382,AUS,GTM,8
1773662,14,93,8,2002.0,146402.0,463341.0,-0.052462,0.759617,AUS,GTM,8
1773663,14,93,8,2003.0,221410.0,204028.0,-0.01927,0.787129,AUS,GTM,8
1773664,14,93,8,2006.0,241917.0,161042.0,-0.183265,0.564314,AUS,GTM,8
1773665,14,93,8,2007.0,106349.0,734856.0,-0.099254,0.459909,AUS,GTM,8
1773666,14,93,8,2008.0,117465.0,488961.0,-0.397162,0.034979,AUS,GTM,8
1773667,14,93,8,2009.0,359709.0,472540.0,-0.358236,0.139989,AUS,GTM,8
1773668,14,93,8,2010.0,359118.0,610168.0,-0.477523,-0.035064,AUS,GTM,8
1773669,14,93,8,2011.0,144331.0,736877.0,-0.41334399999999993,-0.095997,AUS,GTM,8
1773670,14,93,8,2012.0,300922.0,1249371.0,-0.537197,-0.22305300000000003,AUS,GTM,8
1773671,14,93,8,2013.0,482077.0,1109482.0,-0.63369,-0.276328,AUS,GTM,8
1773672,14,93,8,2014.0,377967.0,1109697.0,-0.587779,-0.29813,AUS,GTM,8
1773673,14,93,8,2015.0,270238.0,1568089.0,-0.480241,-0.046308999999999996,AUS,GTM,8
1773674,14,93,8,2016.0,275152.0,1180058.0,-0.585613,-0.245365,AUS,GTM,8
1773675,14,93,8,2017.0,151450.0,1602637.0,-0.598537,-0.23571,AUS,GTM,8
1773676,14,93,8,2018.0,277028.0,2295889.0,-0.5578930000000001,-0.15666300000000002,AUS,GTM,8
1773677,14,93,8,2019.0,340308.0,3416322.0,-0.479483,-0.31040999999999996,AUS,GTM,8
1773678,14,93,8,2020.0,89506.0,2098239.0,-0.523888,-0.29143600000000003,AUS,GTM,8
1773679,14,93,8,1981.0,36396.0,4191.0,0.073939,0.704983,AUS,GTM,8
1773680,14,93,8,1997.0,217349.0,74718.0,-0.033861,0.647668,AUS,GTM,8
1773681,14,93,8,1984.0,0.0,4041.0,0.14916500000000002,0.353543,AUS,GTM,8
1773682,14,93,8,1975.0,36738.0,4438.0,-0.007193000000000001,0.31486,AUS,GTM,8
1773683,14,93,8,1980.0,50605.0,19109.0,0.115151,0.53764,AUS,GTM,8
1773684,14,93,8,1982.0,20468.0,7598.0,-0.045926999999999996,0.485706,AUS,GTM,8
1773685,14,93,8,1983.0,21261.0,0.0,0.094068,0.551489,AUS,GTM,8
1773686,14,93,8,1986.0,30802.0,0.0,-0.071604,0.19330999999999998,AUS,GTM,8
1773687,14,93,8,1987.0,31275.0,1776.0,0.113347,0.380457,AUS,GTM,8
1773688,14,93,8,1988.0,28316.0,8006.0,0.004738,0.599427,AUS,GTM,8
1773689,14,93,8,1989.0,65395.0,44140.0,0.075613,0.524821,AUS,GTM,8
1773690,14,93,8,1991.0,28281.0,66562.0,0.081934,0.515451,AUS,GTM,8
1773691,14,93,8,2000.0,105905.0,144944.0,0.039636000000000005,1.001203,AUS,GTM,8
1773692,14,93,8,1993.0,39905.0,182890.0,0.14340999999999998,0.673521,AUS,GTM,8
1773693,15,93,8,1995.0,174198.0,80062.0,2.066799,0.43970299999999995,AUT,GTM,8
1773694,15,93,8,1996.0,296327.0,51439.0,2.012626,0.395525,AUT,GTM,8
1773695,15,93,8,1997.0,161204.0,31283.0,1.904005,0.445169,AUT,GTM,8
1773696,15,93,8,1999.0,466468.0,36175.0,1.8405310000000001,0.5337350000000001,AUT,GTM,8
1773697,15,93,8,2000.0,439853.0,31130.0,1.823798,0.465513,AUT,GTM,8
1773698,15,93,8,2005.0,455417.0,102146.0,1.884941,-0.037591,AUT,GTM,8
1773699,15,93,8,2011.0,772673.0,346700.0,1.7686689999999998,-0.714754,AUT,GTM,8
1773700,15,93,8,2016.0,1627460.0,311326.0,1.743944,-0.051155,AUT,GTM,8
1773701,15,93,8,2003.0,527910.0,437658.0,1.931225,0.2033,AUT,GTM,8
1773702,15,93,8,2004.0,473131.0,90069.0,1.958949,0.209296,AUT,GTM,8
1773703,15,93,8,2006.0,764662.0,152611.0,1.772588,-0.008943000000000001,AUT,GTM,8
1773704,15,93,8,2007.0,636945.0,116875.0,1.787666,-0.678863,AUT,GTM,8
1773705,15,93,8,2008.0,598921.0,128736.0,1.7179959999999999,-0.8444709999999999,AUT,GTM,8
1773706,15,93,8,2009.0,551674.0,277549.0,1.746436,-0.6186619999999999,AUT,GTM,8
1773707,15,93,8,2010.0,456712.0,345028.0,1.8190060000000001,-0.6441439999999999,AUT,GTM,8
1773708,15,93,8,2012.0,597151.0,667029.0,1.710955,-0.8860399999999999,AUT,GTM,8
1773709,15,93,8,2013.0,1500756.0,426099.0,1.855434,-1.06494,AUT,GTM,8
1773710,15,93,8,2014.0,1421232.0,561340.0,1.782532,-0.84455,AUT,GTM,8
1773711,15,93,8,2015.0,1398266.0,311143.0,1.85844,-0.537455,AUT,GTM,8
1773712,15,93,8,2017.0,2534550.0,371673.0,1.722766,-0.077938,AUT,GTM,8
1773713,15,93,8,2018.0,1622797.0,354232.0,1.798687,-0.557271,AUT,GTM,8
1773714,15,93,8,2019.0,2416207.0,214884.0,1.7627810000000002,-0.256891,AUT,GTM,8
1773715,15,93,8,2020.0,1567072.0,375543.0,1.695555,-0.14757699999999999,AUT,GTM,8
1773716,15,93,8,1994.0,237151.0,92493.0,2.023375,0.591611,AUT,GTM,8
1773717,15,93,8,1998.0,304731.0,79785.0,1.878212,0.373222,AUT,GTM,8
1773718,15,93,8,2001.0,427579.0,148936.0,1.8987740000000002,0.45922700000000005,AUT,GTM,8
1773719,15,93,8,2002.0,396449.0,117725.0,1.866997,0.400527,AUT,GTM,8
1773720,15,93,8,1963.0,58628.0,0.0,2.054019,2.405647,AUT,GTM,8
1773721,15,93,8,1964.0,35777.0,0.0,2.0803279999999997,2.370025,AUT,GTM,8
1773722,15,93,8,1968.0,33842.0,0.0,1.94925,1.6721810000000001,AUT,GTM,8
1773723,15,93,8,1969.0,47251.0,0.0,2.046971,1.612715,AUT,GTM,8
1773724,15,93,8,1971.0,96616.0,0.0,1.984568,0.9571209999999999,AUT,GTM,8
1773725,15,93,8,1972.0,68668.0,0.0,2.010827,1.109112,AUT,GTM,8
1773726,15,93,8,1973.0,87574.0,821.0,2.003425,0.975582,AUT,GTM,8
1773727,15,93,8,1974.0,159378.0,0.0,1.6841439999999999,0.107597,AUT,GTM,8
1773728,15,93,8,1975.0,116128.0,4575.0,1.845171,-0.25403400000000004,AUT,GTM,8
1773729,15,93,8,1978.0,264409.0,3896.0,1.8295560000000002,1.026969,AUT,GTM,8
1773730,15,93,8,1979.0,239299.0,77944.0,1.6914310000000001,0.975253,AUT,GTM,8
1773731,15,93,8,1980.0,323467.0,879.0,1.560632,0.525413,AUT,GTM,8
1773732,15,93,8,1981.0,431437.0,5248.0,1.5699100000000001,0.303125,AUT,GTM,8
1773733,15,93,8,1984.0,157381.0,3822.0,1.702559,0.743392,AUT,GTM,8
1773734,15,93,8,1985.0,111234.0,0.0,1.8110509999999997,0.8526870000000001,AUT,GTM,8
1773735,15,93,8,1986.0,118937.0,1780.0,1.966492,1.209025,AUT,GTM,8
1773736,15,93,8,1987.0,118756.0,0.0,1.8749349999999998,1.286508,AUT,GTM,8
1773737,15,93,8,1988.0,192890.0,2845.0,1.8688369999999999,1.0031459999999999,AUT,GTM,8
1773738,15,93,8,1965.0,38748.0,0.0,2.128641,2.558615,AUT,GTM,8
1773739,15,93,8,1966.0,39490.0,0.0,2.0353790000000003,2.0373229999999998,AUT,GTM,8
1773740,15,93,8,1967.0,54343.0,0.0,2.062091,1.739353,AUT,GTM,8
1773741,15,93,8,1970.0,68724.0,0.0,2.025504,1.479027,AUT,GTM,8
1773742,15,93,8,1982.0,324104.0,13537.0,1.6774360000000001,0.376798,AUT,GTM,8
1773743,15,93,8,1983.0,226908.0,12210.0,1.6920009999999999,0.7196020000000001,AUT,GTM,8
1773744,15,93,8,1989.0,238513.0,2063.0,1.9229009999999997,0.8210799999999999,AUT,GTM,8
1773745,15,93,8,1990.0,230745.0,23388.0,2.0186759999999997,0.9121309999999999,AUT,GTM,8
1773746,15,93,8,1991.0,306083.0,32794.0,1.996156,0.975916,AUT,GTM,8
1773747,15,93,8,1992.0,314629.0,35037.0,1.975207,0.669388,AUT,GTM,8
1773748,15,93,8,1993.0,467964.0,105526.0,1.998111,0.504157,AUT,GTM,8
1773749,16,93,8,2019.0,0.0,6030.0,-1.255204,-1.307994,AZE,GTM,8
1773750,18,93,8,1991.0,529307.0,98298.0,1.542643,1.739768,BEL,GTM,8
1773751,18,93,8,1992.0,312438.0,58979.0,1.449085,1.622957,BEL,GTM,8
1773752,18,93,8,1993.0,356826.0,105101.0,1.5457040000000002,1.4449379999999998,BEL,GTM,8
1773753,18,93,8,1994.0,321224.0,80406.0,1.481468,1.5816299999999999,BEL,GTM,8
1773754,18,93,8,1995.0,770639.0,58357.0,1.565464,1.38388,BEL,GTM,8
1773755,18,93,8,1996.0,392779.0,83212.0,1.5604850000000001,1.30819,BEL,GTM,8
1773756,18,93,8,1997.0,338394.0,68162.0,1.470183,1.312167,BEL,GTM,8
1773757,18,93,8,1998.0,752627.0,47147.0,1.429865,1.329693,BEL,GTM,8
1773758,18,93,8,1999.0,663766.0,127042.0,1.4232719999999999,1.311186,BEL,GTM,8
1773759,18,93,8,2000.0,943130.0,184997.0,1.382578,1.406981,BEL,GTM,8
1773760,18,93,8,2001.0,994146.0,51188.0,1.425483,1.3072409999999999,BEL,GTM,8
1773761,18,93,8,2002.0,1819512.0,127165.0,1.424339,1.372755,BEL,GTM,8
1773762,18,93,8,2003.0,4090589.0,471454.0,1.3965020000000001,1.345869,BEL,GTM,8
1773763,18,93,8,2004.0,2308387.0,1173037.0,1.242665,1.541444,BEL,GTM,8
1773764,18,93,8,2005.0,2767397.0,2300442.0,1.2539719999999999,1.3787459999999998,BEL,GTM,8
1773765,18,93,8,2006.0,4127312.0,3779130.0,1.234224,1.308065,BEL,GTM,8
1773766,18,93,8,2007.0,2920413.0,2725507.0,1.137469,1.307238,BEL,GTM,8
1773767,18,93,8,2008.0,1790475.0,1584222.0,1.177315,1.140815,BEL,GTM,8
1773768,18,93,8,2009.0,1443044.0,795237.0,1.2113450000000001,1.057143,BEL,GTM,8
1773769,18,93,8,2010.0,1400938.0,398855.0,1.1759540000000002,1.181653,BEL,GTM,8
1773770,18,93,8,2011.0,1586215.0,155436.0,1.13059,1.329762,BEL,GTM,8
1773771,18,93,8,2012.0,2593248.0,1377746.0,1.06425,1.369205,BEL,GTM,8
1773772,18,93,8,2013.0,2349124.0,1264672.0,1.198491,1.117268,BEL,GTM,8
1773773,18,93,8,2014.0,2017610.0,1878605.0,1.182934,1.1967139999999998,BEL,GTM,8
1773774,18,93,8,2015.0,1285136.0,2848259.0,1.312864,0.9788950000000001,BEL,GTM,8
1773775,18,93,8,2016.0,2170542.0,793739.0,1.2947110000000002,1.113058,BEL,GTM,8
1773776,18,93,8,2017.0,1711920.0,465354.0,1.2396969999999998,1.1699760000000001,BEL,GTM,8
1773777,18,93,8,2018.0,1214394.0,478469.0,1.244674,1.1368969999999998,BEL,GTM,8
1773778,18,93,8,2019.0,1220817.0,261725.0,1.187591,1.2584870000000001,BEL,GTM,8
1773779,18,93,8,2020.0,1532895.0,591138.0,1.1330120000000001,1.331307,BEL,GTM,8
1773780,18,93,8,1968.0,112124.0,2804.0,1.529065,2.472506,BEL,GTM,8
1773781,18,93,8,1969.0,117759.0,0.0,1.558182,2.5095509999999996,BEL,GTM,8
1773782,18,93,8,1970.0,167150.0,0.0,1.5717430000000001,2.276796,BEL,GTM,8
1773783,18,93,8,1971.0,115160.0,2234.0,1.495689,2.262083,BEL,GTM,8
1773784,18,93,8,1972.0,198413.0,0.0,1.5809819999999999,2.273831,BEL,GTM,8
1773785,18,93,8,1973.0,129927.0,0.0,1.617181,2.131417,BEL,GTM,8
1773786,18,93,8,1974.0,129659.0,46588.0,1.38634,1.794044,BEL,GTM,8
1773787,18,93,8,1975.0,323691.0,27872.0,1.435066,1.664654,BEL,GTM,8
1773788,18,93,8,1978.0,185793.0,1085.0,1.5812,1.731109,BEL,GTM,8
1773789,18,93,8,1979.0,146456.0,24666.0,1.48668,1.842152,BEL,GTM,8
1773790,18,93,8,1980.0,300644.0,5151.0,1.361474,1.655957,BEL,GTM,8
1773791,18,93,8,1981.0,255612.0,0.0,1.3510309999999999,1.5635370000000002,BEL,GTM,8
1773792,18,93,8,1982.0,411075.0,0.0,1.344484,1.731539,BEL,GTM,8
1773793,18,93,8,1983.0,482618.0,6536.0,1.371523,1.816687,BEL,GTM,8
1773794,18,93,8,1984.0,423006.0,2613.0,1.429893,1.7038919999999997,BEL,GTM,8
1773795,18,93,8,1985.0,401563.0,0.0,1.4597870000000002,1.817793,BEL,GTM,8
1773796,18,93,8,1986.0,230477.0,14281.0,1.455742,2.022887,BEL,GTM,8
1773797,18,93,8,1987.0,322747.0,13102.0,1.4290200000000002,1.870408,BEL,GTM,8
1773798,18,93,8,1988.0,388053.0,8680.0,1.4461,1.711466,BEL,GTM,8
1773799,18,93,8,1989.0,619636.0,5881.0,1.40839,1.7769849999999998,BEL,GTM,8
1773800,18,93,8,1990.0,539138.0,35137.0,1.448885,1.8094419999999998,BEL,GTM,8
1773801,18,93,8,1962.0,19753.0,0.0,1.67575,2.613793,BEL,GTM,8
1773802,18,93,8,1963.0,36536.0,0.0,1.605264,2.751802,BEL,GTM,8
1773803,18,93,8,1964.0,70761.0,0.0,1.601512,2.7461889999999998,BEL,GTM,8
1773804,18,93,8,1965.0,114575.0,1254.0,1.6468479999999999,2.740453,BEL,GTM,8
1773805,18,93,8,1966.0,123163.0,4808.0,1.564819,2.587675,BEL,GTM,8
1773806,18,93,8,1967.0,70504.0,0.0,1.4808780000000001,2.584445,BEL,GTM,8
1773807,22,93,8,1994.0,3442.0,0.0,-0.8596290000000001,-1.040314,BGD,GTM,8
1773808,22,93,8,1996.0,49998.0,0.0,-0.751219,-0.9638329999999999,BGD,GTM,8
1773809,22,93,8,1998.0,10994.0,0.0,-0.762826,-0.907676,BGD,GTM,8
1773810,22,93,8,2002.0,105596.0,0.0,-0.9509,-1.113308,BGD,GTM,8
1773811,22,93,8,2004.0,384986.0,0.0,-1.074194,-0.9392389999999999,BGD,GTM,8
1773812,22,93,8,2005.0,63971.0,0.0,-0.881898,-0.790162,BGD,GTM,8
1773813,22,93,8,2006.0,22188.0,0.0,-0.776517,-0.874408,BGD,GTM,8
1773814,22,93,8,2007.0,19008.0,1547.0,-0.593223,-0.6573060000000001,BGD,GTM,8
1773815,22,93,8,2008.0,160025.0,0.0,-0.5979479999999999,-0.74946,BGD,GTM,8
1773816,22,93,8,2009.0,1008539.0,0.0,-0.80587,-0.8794540000000001,BGD,GTM,8
1773817,22,93,8,2010.0,124424.0,0.0,-0.858957,-0.8876799999999999,BGD,GTM,8
1773818,22,93,8,2011.0,58693.0,0.0,-0.7796649999999999,-0.8552770000000001,BGD,GTM,8
1773819,22,93,8,2013.0,131502.0,0.0,-0.835666,-0.8088810000000001,BGD,GTM,8
1773820,22,93,8,2015.0,508845.0,0.0,-0.954786,-0.987886,BGD,GTM,8
1773821,22,93,8,2016.0,196497.0,0.0,-1.0177260000000001,-1.1010799999999998,BGD,GTM,8
1773822,22,93,8,2018.0,375134.0,0.0,-0.9003549999999999,-1.1066610000000001,BGD,GTM,8
1773823,22,93,8,2019.0,285247.0,0.0,-0.884016,-1.110503,BGD,GTM,8
1773824,22,93,8,2012.0,28132.0,0.0,-0.62037,-0.6858350000000001,BGD,GTM,8
1773825,22,93,8,2014.0,108139.0,0.0,-0.76547,-0.9645469999999999,BGD,GTM,8
1773826,22,93,8,2017.0,224234.0,3205.0,-1.007846,-1.112069,BGD,GTM,8
1773827,22,93,8,2020.0,218032.0,0.0,-0.59964,-1.026841,BGD,GTM,8
1773828,23,93,8,2011.0,13649.0,0.0,0.62812,1.6978799999999998,BGR,GTM,8
1773829,23,93,8,2015.0,595245.0,0.0,0.469555,1.70135,BGR,GTM,8
1773830,23,93,8,2016.0,204191.0,0.0,0.509062,1.804648,BGR,GTM,8
1773831,23,93,8,2013.0,16422.0,0.0,0.622325,1.5506229999999999,BGR,GTM,8
1773832,23,93,8,2017.0,608440.0,0.0,0.563342,1.744989,BGR,GTM,8
1773833,23,93,8,2018.0,628221.0,0.0,0.516917,1.915288,BGR,GTM,8
1773834,23,93,8,2019.0,793672.0,0.0,0.53485,2.000372,BGR,GTM,8
1773835,23,93,8,2020.0,423194.0,0.0,0.631703,1.798829,BGR,GTM,8
1773836,23,93,8,2007.0,4560.0,0.0,0.46423000000000003,1.7318240000000003,BGR,GTM,8
1773837,23,93,8,2008.0,1599.0,0.0,0.472217,1.800644,BGR,GTM,8
1773838,23,93,8,2009.0,90070.0,25802.0,0.489092,1.7726549999999999,BGR,GTM,8
1773839,23,93,8,2010.0,42022.0,0.0,0.478274,1.682027,BGR,GTM,8
1773840,23,93,8,2012.0,47937.0,1154.0,0.601161,1.594487,BGR,GTM,8
1773841,23,93,8,2001.0,25916.0,0.0,0.46429799999999993,1.7500380000000002,BGR,GTM,8
1773842,23,93,8,2002.0,18493.0,0.0,0.468058,1.644037,BGR,GTM,8
1773843,23,93,8,2003.0,5769.0,0.0,0.43313599999999997,1.7457740000000002,BGR,GTM,8
1773844,23,93,8,2004.0,4840.0,0.0,0.390627,1.631006,BGR,GTM,8
1773845,23,93,8,2006.0,7744.0,0.0,0.490234,1.581841,BGR,GTM,8
1773846,23,93,8,2005.0,34069.0,0.0,0.399413,1.63547,BGR,GTM,8
1773847,23,93,8,2014.0,109069.0,0.0,0.611912,1.594597,BGR,GTM,8
1773848,24,93,8,2018.0,0.0,111404.0,0.335652,-0.646621,BHR,GTM,8
1773849,24,93,8,2006.0,0.0,1027.0,-0.220239,-1.07936,BHR,GTM,8
1773850,24,93,8,2007.0,0.0,3086.0,-0.197878,-0.98374,BHR,GTM,8
1773851,24,93,8,2008.0,0.0,14546.0,-0.404468,-0.9566030000000001,BHR,GTM,8
1773852,24,93,8,2009.0,0.0,1256.0,-0.087513,-0.79467,BHR,GTM,8
1773853,24,93,8,2010.0,0.0,6054.0,-0.06680499999999999,-0.93958,BHR,GTM,8
1773854,24,93,8,2012.0,0.0,1902.0,-0.01785,-0.780651,BHR,GTM,8
1773855,24,93,8,2013.0,0.0,70276.0,0.080634,-0.6828890000000001,BHR,GTM,8
1773856,24,93,8,2014.0,0.0,298721.0,0.087173,-0.542374,BHR,GTM,8
1773857,24,93,8,2015.0,0.0,180408.0,0.287491,-0.186747,BHR,GTM,8
1773858,24,93,8,2016.0,0.0,138589.0,0.23993299999999998,-0.5320199999999999,BHR,GTM,8
1773859,24,93,8,2017.0,0.0,130271.0,0.160574,-0.708064,BHR,GTM,8
1773860,24,93,8,2019.0,0.0,69060.0,0.159606,-0.774204,BHR,GTM,8
1773861,24,93,8,2011.0,0.0,50364.0,-0.289197,-0.983239,BHR,GTM,8
1773862,24,93,8,2001.0,0.0,1030.0,-0.11648499999999999,-1.101653,BHR,GTM,8
1773863,24,93,8,2003.0,0.0,2070.0,-0.40507,-1.146353,BHR,GTM,8
1773864,24,93,8,2005.0,0.0,4838.0,-0.200434,-1.084877,BHR,GTM,8
1773865,25,93,8,2004.0,12068.0,26805.0,0.029548,-0.692239,BHS,GTM,8
1773866,25,93,8,2005.0,0.0,16556.0,0.054298,-0.695282,BHS,GTM,8
1773867,25,93,8,2007.0,6047.0,22339.0,0.315345,-0.674126,BHS,GTM,8
1773868,25,93,8,2009.0,55785.0,50723.0,0.265309,-0.599584,BHS,GTM,8
1773869,25,93,8,2010.0,76751.0,39280.0,0.018022,-0.77685,BHS,GTM,8
1773870,25,93,8,2011.0,222195.0,174511.0,0.22686199999999998,-0.477087,BHS,GTM,8
1773871,25,93,8,2012.0,0.0,495532.0,0.37130799999999997,-0.526134,BHS,GTM,8
1773872,25,93,8,2013.0,89388.0,393276.0,0.496435,-0.324394,BHS,GTM,8
1773873,25,93,8,2014.0,0.0,1148380.0,0.199967,-0.640347,BHS,GTM,8
1773874,25,93,8,2015.0,0.0,2085211.0,0.41085699999999997,-0.40324299999999996,BHS,GTM,8
1773875,25,93,8,2016.0,5034.0,1973629.0,0.453269,-0.48267899999999997,BHS,GTM,8
1773876,25,93,8,1997.0,153985.0,1306.0,0.82352,-0.091626,BHS,GTM,8
1773877,25,93,8,1998.0,2866.0,0.0,0.908631,0.281724,BHS,GTM,8
1773878,25,93,8,1999.0,13563.0,0.0,1.306011,0.181672,BHS,GTM,8
1773879,25,93,8,2000.0,0.0,1705.0,0.7182970000000001,0.139012,BHS,GTM,8
1773880,25,93,8,2002.0,10245.0,4455.0,0.035127,-0.536416,BHS,GTM,8
1773881,25,93,8,2003.0,13038.0,0.0,0.308971,-0.5612689999999999,BHS,GTM,8
1773882,25,93,8,2006.0,18708.0,7280.0,0.23525900000000002,-0.725657,BHS,GTM,8
1773883,25,93,8,2001.0,25505.0,1074.0,0.37464899999999995,-0.130024,BHS,GTM,8
1773884,25,93,8,2017.0,0.0,3713499.0,0.677207,-0.45096899999999995,BHS,GTM,8
1773885,25,93,8,2018.0,3520.0,4387891.0,0.359908,-0.445567,BHS,GTM,8
1773886,25,93,8,2008.0,45731.0,15607.0,0.313392,-0.534918,BHS,GTM,8
1773887,25,93,8,2019.0,0.0,4418965.0,-0.21800300000000003,-0.804552,BHS,GTM,8
1773888,25,93,8,2020.0,0.0,922786.0,-0.276305,-0.73995,BHS,GTM,8
1773889,25,93,8,1990.0,0.0,2160.0,0.55967,-0.453161,BHS,GTM,8
1773890,25,93,8,1992.0,0.0,1273.0,0.181088,-0.591638,BHS,GTM,8
1773891,25,93,8,1993.0,0.0,1081.0,0.22303299999999998,-0.544701,BHS,GTM,8
1773892,25,93,8,1995.0,86637.0,1166.0,0.12093800000000002,-0.402116,BHS,GTM,8
1773893,26,93,8,2012.0,0.0,6935.0,0.6672520000000001,1.16153,BIH,GTM,8
1773894,26,93,8,2013.0,0.0,1426.0,0.723658,0.9271879999999999,BIH,GTM,8
1773895,26,93,8,2014.0,0.0,2968.0,0.737556,0.9815530000000001,BIH,GTM,8
1773896,26,93,8,2017.0,0.0,1624.0,0.584825,0.9219,BIH,GTM,8
1773897,26,93,8,2018.0,205340.0,0.0,0.676528,0.8948299999999999,BIH,GTM,8
1773898,26,93,8,2011.0,0.0,2528.0,0.66582,1.033008,BIH,GTM,8
1773899,26,93,8,2016.0,0.0,1877.0,0.693416,0.8723540000000001,BIH,GTM,8
1773900,28,93,8,2011.0,0.0,2324.0,0.963289,0.672477,BLR,GTM,8
1773901,28,93,8,2012.0,3107.0,0.0,1.0976059999999999,0.861051,BLR,GTM,8
1773902,28,93,8,2013.0,0.0,1683.0,1.183522,0.934159,BLR,GTM,8
1773903,28,93,8,2015.0,2100.0,0.0,0.79289,0.633443,BLR,GTM,8
1773904,28,93,8,2016.0,1583.0,1523.0,0.879499,0.897567,BLR,GTM,8
1773905,28,93,8,2017.0,4857.0,0.0,0.9188780000000001,0.9998819999999999,BLR,GTM,8
1773906,28,93,8,2018.0,4392.0,0.0,0.86016,1.034144,BLR,GTM,8
1773907,28,93,8,2019.0,137622.0,0.0,0.828484,0.994733,BLR,GTM,8
1773908,28,93,8,2020.0,30434.0,11023.0,0.8343659999999999,1.145399,BLR,GTM,8
1773909,29,93,8,2019.0,103996.0,8382160.0,-0.370784,-0.6435649999999999,BLZ,GTM,8
1773910,29,93,8,2005.0,10143.0,3802852.0,-0.571723,-0.7952020000000001,BLZ,GTM,8
1773911,29,93,8,2007.0,19067.0,5911021.0,-0.331568,-0.643696,BLZ,GTM,8
1773912,29,93,8,2009.0,8770.0,4226698.0,-0.940893,-0.986599,BLZ,GTM,8
1773913,29,93,8,2011.0,15053.0,3988407.0,-0.47944899999999996,-0.647525,BLZ,GTM,8
1773914,29,93,8,2012.0,18114.0,4560372.0,-0.5242899999999999,-0.673233,BLZ,GTM,8
1773915,29,93,8,2014.0,976113.0,7086663.0,-0.15501700000000002,-0.507759,BLZ,GTM,8
1773916,29,93,8,2018.0,398006.0,7557263.0,-0.242696,-0.558757,BLZ,GTM,8
1773917,29,93,8,2008.0,117144.0,6419318.0,-0.945575,-0.969175,BLZ,GTM,8
1773918,29,93,8,2013.0,299957.0,5419671.0,-0.459154,-0.465912,BLZ,GTM,8
1773919,29,93,8,2016.0,1029016.0,7840584.0,-0.460532,-0.6068899999999999,BLZ,GTM,8
1773920,29,93,8,1999.0,9977.0,2078065.0,-0.723428,-0.967884,BLZ,GTM,8
1773921,29,93,8,2006.0,5311.0,2970793.0,-0.275783,-0.6653439999999999,BLZ,GTM,8
1773922,29,93,8,2015.0,581319.0,9018624.0,-0.39884400000000003,-0.528632,BLZ,GTM,8
1773923,29,93,8,1992.0,0.0,473769.0,-0.06729700000000001,-0.386682,BLZ,GTM,8
1773924,29,93,8,1994.0,67985.0,702154.0,-0.445881,-0.708345,BLZ,GTM,8
1773925,29,93,8,1995.0,155476.0,565319.0,-0.239484,-0.6312989999999999,BLZ,GTM,8
1773926,29,93,8,1996.0,10996.0,768309.0,-0.267716,-0.651034,BLZ,GTM,8
1773927,29,93,8,2002.0,122338.0,1690086.0,-0.553335,-0.753058,BLZ,GTM,8
1773928,29,93,8,2003.0,72983.0,1891403.0,-0.546138,-0.7877810000000001,BLZ,GTM,8
1773929,29,93,8,2004.0,10969.0,2293451.0,-0.528459,-0.739219,BLZ,GTM,8
1773930,29,93,8,1973.0,0.0,76512.0,-0.253393,-0.791682,BLZ,GTM,8
1773931,29,93,8,1974.0,0.0,164351.0,0.07061,-0.620073,BLZ,GTM,8
1773932,29,93,8,1975.0,0.0,95913.0,-0.30272,-0.676158,BLZ,GTM,8
1773933,29,93,8,1993.0,6379.0,564519.0,0.013074,-0.330875,BLZ,GTM,8
1773934,29,93,8,1997.0,0.0,724011.0,-0.640252,-0.833937,BLZ,GTM,8
1773935,29,93,8,1998.0,0.0,1401729.0,-0.220329,-0.585079,BLZ,GTM,8
1773936,29,93,8,2000.0,0.0,1898675.0,-0.762942,-0.794567,BLZ,GTM,8
1773937,29,93,8,2001.0,18514.0,1853357.0,-0.356917,-0.73121,BLZ,GTM,8
1773938,29,93,8,2010.0,31004.0,3599962.0,-1.02478,-1.0384719999999998,BLZ,GTM,8
1773939,29,93,8,2017.0,610992.0,5947469.0,-0.285105,-0.8471270000000001,BLZ,GTM,8
1773940,29,93,8,2020.0,55752.0,6949279.0,-0.169531,-0.45909300000000003,BLZ,GTM,8
1773941,29,93,8,1988.0,0.0,180042.0,-0.5718949999999999,-0.751844,BLZ,GTM,8
1773942,29,93,8,1986.0,0.0,60199.0,-0.556149,-0.710302,BLZ,GTM,8
1773943,29,93,8,1991.0,0.0,349546.0,-0.510821,-0.610348,BLZ,GTM,8
1773944,29,93,8,1989.0,2779.0,134206.0,-0.104209,-0.5611,BLZ,GTM,8
1773945,29,93,8,1990.0,0.0,278632.0,-0.163474,-0.404332,BLZ,GTM,8
1773946,29,93,8,1987.0,0.0,63938.0,-0.47313,-0.660954,BLZ,GTM,8
1773947,30,93,8,1995.0,0.0,11761.0,0.769608,-0.352161,BMU,GTM,8
1773948,30,93,8,1997.0,0.0,5896.0,0.41035200000000005,-0.552818,BMU,GTM,8
1773949,30,93,8,1999.0,0.0,4103.0,0.672891,-0.266658,BMU,GTM,8
1773950,30,93,8,2010.0,0.0,13666.0,0.032782,-0.7302109999999999,BMU,GTM,8
1773951,30,93,8,2017.0,0.0,3272.0,1.16947,-0.302517,BMU,GTM,8
1773952,30,93,8,2020.0,0.0,1466.0,0.616898,-0.651365,BMU,GTM,8
1773953,30,93,8,2014.0,0.0,3445.0,1.419541,0.139517,BMU,GTM,8
1773954,30,93,8,2015.0,0.0,1395.0,0.8140229999999999,-0.5327850000000001,BMU,GTM,8
1773955,30,93,8,2002.0,2801.0,0.0,0.934739,-0.465542,BMU,GTM,8
1773956,30,93,8,2011.0,0.0,11902.0,0.077269,-0.647148,BMU,GTM,8
1773957,30,93,8,1996.0,0.0,6801.0,0.658562,-0.5025430000000001,BMU,GTM,8
1773958,31,93,8,1993.0,0.0,8668.0,-0.7381220000000001,-0.777257,BOL,GTM,8
1773959,31,93,8,2006.0,39780.0,20122.0,-0.9174540000000001,-0.8314729999999999,BOL,GTM,8
1773960,31,93,8,2009.0,17192.0,197269.0,-0.927212,-0.8709709999999999,BOL,GTM,8
1773961,31,93,8,2017.0,70293.0,601982.0,-1.032957,-0.9679840000000001,BOL,GTM,8
1773962,31,93,8,2018.0,0.0,710720.0,-1.069519,-0.942264,BOL,GTM,8
1773963,31,93,8,2019.0,16071.0,420671.0,-0.837935,-0.870183,BOL,GTM,8
1773964,31,93,8,2010.0,1235.0,24436.0,-0.847933,-0.796625,BOL,GTM,8
1773965,31,93,8,2011.0,88952.0,38801.0,-0.90749,-0.9226610000000001,BOL,GTM,8
1773966,31,93,8,2013.0,1739.0,730997.0,-1.1429610000000001,-1.0076120000000002,BOL,GTM,8
1773967,31,93,8,2014.0,9994.0,682104.0,-1.200516,-1.052286,BOL,GTM,8
1773968,31,93,8,2020.0,7315.0,370443.0,-0.896701,-0.918213,BOL,GTM,8
1773969,31,93,8,2007.0,169510.0,103133.0,-0.922695,-0.878806,BOL,GTM,8
1773970,31,93,8,2016.0,22688.0,663165.0,-1.009709,-0.986669,BOL,GTM,8
1773971,31,93,8,1991.0,0.0,995.0,-0.8777959999999999,-0.8253469999999999,BOL,GTM,8
1773972,31,93,8,1992.0,0.0,14106.0,-0.609826,-0.693473,BOL,GTM,8
1773973,31,93,8,2004.0,17556.0,118792.0,-0.841087,-0.770059,BOL,GTM,8
1773974,31,93,8,1998.0,121773.0,6374.0,-0.533615,-0.605431,BOL,GTM,8
1773975,31,93,8,2001.0,6649.0,8500.0,-0.614885,-0.5022770000000001,BOL,GTM,8
1773976,31,93,8,2008.0,0.0,122191.0,-0.7868390000000001,-0.8791629999999999,BOL,GTM,8
1773977,31,93,8,1996.0,0.0,1239.0,-0.5529930000000001,-0.600893,BOL,GTM,8
1773978,31,93,8,1974.0,0.0,3976.0,-0.7194550000000001,-0.603455,BOL,GTM,8
1773979,31,93,8,1975.0,0.0,2403.0,-0.767249,-0.567237,BOL,GTM,8
1773980,31,93,8,1977.0,0.0,3551.0,-0.36395,-0.52813,BOL,GTM,8
1773981,31,93,8,1978.0,0.0,3105.0,-0.49713100000000005,-0.689261,BOL,GTM,8
1773982,31,93,8,1979.0,0.0,3416.0,-0.5119640000000001,-0.693108,BOL,GTM,8
1773983,31,93,8,1997.0,0.0,9703.0,-0.765684,-0.796686,BOL,GTM,8
1773984,31,93,8,2002.0,22737.0,0.0,-0.785592,-0.6761119999999999,BOL,GTM,8
1773985,31,93,8,2003.0,75195.0,0.0,-0.623983,-0.563692,BOL,GTM,8
1773986,31,93,8,1994.0,23405.0,0.0,-0.638646,-0.736575,BOL,GTM,8
1773987,31,93,8,2005.0,27908.0,15824.0,-0.876309,-0.757614,BOL,GTM,8
1773988,31,93,8,2012.0,2649.0,223124.0,-0.698325,-0.728248,BOL,GTM,8
1773989,31,93,8,2015.0,8900.0,606748.0,-1.143268,-1.0899780000000001,BOL,GTM,8
1773990,31,93,8,1980.0,0.0,6244.0,-0.592318,-0.673014,BOL,GTM,8
1773991,31,93,8,1981.0,0.0,2991.0,-0.337946,-0.517889,BOL,GTM,8
1773992,31,93,8,1988.0,0.0,3089.0,-1.044369,-0.9789370000000001,BOL,GTM,8
1773993,32,93,8,1994.0,2760763.0,283285.0,0.634626,1.468692,BRA,GTM,8
1773994,32,93,8,1995.0,3642607.0,113973.0,0.840124,1.3777620000000002,BRA,GTM,8
1773995,32,93,8,1996.0,1562650.0,51460.0,0.8087340000000001,1.370183,BRA,GTM,8
1773996,32,93,8,2000.0,6387284.0,150164.0,0.853466,1.28277,BRA,GTM,8
1773997,32,93,8,2001.0,9392309.0,26781.0,0.658473,1.328637,BRA,GTM,8
1773998,32,93,8,2002.0,7621346.0,36161.0,0.631343,1.249344,BRA,GTM,8
1773999,32,93,8,2003.0,13488773.0,7932.0,0.636739,1.422593,BRA,GTM,8
1774000,32,93,8,2004.0,16111432.0,60495.0,0.504233,1.567879,BRA,GTM,8
1774001,32,93,8,2005.0,15696455.0,67137.0,0.659417,1.464387,BRA,GTM,8
1774002,32,93,8,2006.0,18864327.0,68215.0,0.622959,1.413527,BRA,GTM,8
1774003,32,93,8,2007.0,17347771.0,537926.0,0.51831,1.614108,BRA,GTM,8
1774004,32,93,8,2008.0,17759918.0,1542131.0,0.385655,1.418048,BRA,GTM,8
1774005,32,93,8,2009.0,12270571.0,1467071.0,0.296808,1.313037,BRA,GTM,8
1774006,32,93,8,2010.0,12963478.0,644391.0,0.441241,0.953598,BRA,GTM,8
1774007,32,93,8,2011.0,17196869.0,690821.0,0.376133,0.9917309999999999,BRA,GTM,8
1774008,32,93,8,2012.0,12467726.0,2187359.0,0.340455,0.9006790000000001,BRA,GTM,8
1774009,32,93,8,2013.0,12949354.0,1160081.0,0.2804,0.649729,BRA,GTM,8
1774010,32,93,8,2014.0,14990813.0,1336120.0,0.23286700000000002,0.968366,BRA,GTM,8
1774011,32,93,8,2015.0,13875908.0,939835.0,0.199345,1.110105,BRA,GTM,8
1774012,32,93,8,2016.0,13038337.0,697232.0,0.284988,1.031028,BRA,GTM,8
1774013,32,93,8,2017.0,12906067.0,995987.0,0.103119,0.808438,BRA,GTM,8
1774014,32,93,8,2018.0,15192974.0,1061623.0,0.166542,0.718965,BRA,GTM,8
1774015,32,93,8,2019.0,16156055.0,488617.0,0.101636,0.802085,BRA,GTM,8
1774016,32,93,8,2020.0,14101776.0,497853.0,0.034564,0.6932149999999999,BRA,GTM,8
1774017,32,93,8,1993.0,2326793.0,11685.0,0.7104239999999999,1.5236299999999998,BRA,GTM,8
1774018,32,93,8,1972.0,78807.0,0.0,-0.33731300000000003,-0.271623,BRA,GTM,8
1774019,32,93,8,1973.0,169344.0,0.0,-0.23999,-0.170735,BRA,GTM,8
1774020,32,93,8,1975.0,230423.0,25124.0,0.09979,0.640738,BRA,GTM,8
1774021,32,93,8,1988.0,1780014.0,0.0,0.456107,1.463359,BRA,GTM,8
1774022,32,93,8,1989.0,1621487.0,0.0,0.497179,1.211335,BRA,GTM,8
1774023,32,93,8,1990.0,859246.0,0.0,0.576448,1.258768,BRA,GTM,8
1774024,32,93,8,1991.0,1377006.0,2946.0,0.664515,1.463241,BRA,GTM,8
1774025,32,93,8,1997.0,2661558.0,44040.0,0.805759,1.249182,BRA,GTM,8
1774026,32,93,8,1998.0,2958674.0,75919.0,0.820327,1.213283,BRA,GTM,8
1774027,32,93,8,1999.0,4046992.0,39552.0,0.624962,1.313926,BRA,GTM,8
1774028,32,93,8,1967.0,8509.0,0.0,-0.254824,-0.28212800000000005,BRA,GTM,8
1774029,32,93,8,1968.0,2348.0,0.0,-0.325932,-0.334875,BRA,GTM,8
1774030,32,93,8,1969.0,13419.0,0.0,-0.407315,-0.42036899999999994,BRA,GTM,8
1774031,32,93,8,1970.0,7776.0,0.0,-0.405434,-0.331689,BRA,GTM,8
1774032,32,93,8,1971.0,16051.0,0.0,-0.326897,-0.229088,BRA,GTM,8
1774033,32,93,8,1974.0,231505.0,9084.0,0.236576,0.69191,BRA,GTM,8
1774034,32,93,8,1983.0,459148.0,0.0,0.299189,1.09144,BRA,GTM,8
1774035,32,93,8,1984.0,1204403.0,0.0,0.41430500000000003,1.122191,BRA,GTM,8
1774036,32,93,8,1985.0,305601.0,0.0,0.379884,1.228176,BRA,GTM,8
1774037,32,93,8,1986.0,594743.0,0.0,0.5119,1.4109459999999998,BRA,GTM,8
1774038,32,93,8,1987.0,1101792.0,0.0,0.467053,1.22007,BRA,GTM,8
1774039,32,93,8,1992.0,2016087.0,0.0,0.685144,1.5676709999999998,BRA,GTM,8
1774040,32,93,8,1966.0,15374.0,0.0,-0.608424,-0.414576,BRA,GTM,8
1774041,32,93,8,1965.0,13288.0,0.0,-0.501256,-0.47131999999999996,BRA,GTM,8
1774042,33,93,8,1990.0,0.0,3049.0,0.7723869999999999,0.458751,BRB,GTM,8
1774043,33,93,8,1991.0,0.0,149715.0,0.86206,0.328385,BRB,GTM,8
1774044,33,93,8,1992.0,0.0,5707.0,0.9121950000000001,0.413592,BRB,GTM,8
1774045,33,93,8,1993.0,0.0,20825.0,0.871693,0.38106100000000004,BRB,GTM,8
1774046,33,93,8,1994.0,0.0,18794.0,0.992764,0.554092,BRB,GTM,8
1774047,33,93,8,1997.0,0.0,43269.0,0.916416,0.490241,BRB,GTM,8
1774048,33,93,8,1998.0,0.0,52094.0,0.643079,0.276943,BRB,GTM,8
1774049,33,93,8,2004.0,2623.0,31360.0,0.644308,0.290054,BRB,GTM,8
1774050,33,93,8,2014.0,125047.0,141273.0,0.45538500000000004,-0.126756,BRB,GTM,8
1774051,33,93,8,2020.0,9957.0,72323.0,0.64389,0.086773,BRB,GTM,8
1774052,33,93,8,2001.0,9902.0,79363.0,0.418462,-0.020000999999999998,BRB,GTM,8
1774053,33,93,8,2002.0,15000.0,41296.0,0.547024,-0.004036,BRB,GTM,8
1774054,33,93,8,2003.0,15045.0,40447.0,0.49907299999999993,-0.065065,BRB,GTM,8
1774055,33,93,8,2005.0,11815.0,59873.0,0.811673,0.293194,BRB,GTM,8
1774056,33,93,8,2006.0,0.0,22385.0,0.689051,0.416818,BRB,GTM,8
1774057,33,93,8,2007.0,14623.0,101556.0,0.818941,0.676945,BRB,GTM,8
1774058,33,93,8,2008.0,17435.0,95810.0,0.785619,0.70639,BRB,GTM,8
1774059,33,93,8,2009.0,0.0,57465.0,0.9091879999999999,0.801918,BRB,GTM,8
1774060,33,93,8,2010.0,0.0,88322.0,0.812843,0.491453,BRB,GTM,8
1774061,33,93,8,2011.0,104142.0,105599.0,0.532084,0.230618,BRB,GTM,8
1774062,33,93,8,2012.0,0.0,71397.0,0.653472,0.43920600000000004,BRB,GTM,8
1774063,33,93,8,2013.0,194081.0,87657.0,0.607845,0.09196,BRB,GTM,8
1774064,33,93,8,2015.0,161140.0,80042.0,0.400267,0.086547,BRB,GTM,8
1774065,33,93,8,2016.0,97266.0,120798.0,0.598214,0.054758,BRB,GTM,8
1774066,33,93,8,2017.0,109439.0,54236.0,0.47282700000000005,0.088603,BRB,GTM,8
1774067,33,93,8,2018.0,9200.0,122884.0,0.50894,0.043631,BRB,GTM,8
1774068,33,93,8,2019.0,0.0,154998.0,0.5174770000000001,-0.228721,BRB,GTM,8
1774069,33,93,8,1989.0,0.0,2041.0,0.865419,0.489662,BRB,GTM,8
1774070,33,93,8,1999.0,0.0,51099.0,0.693342,0.368279,BRB,GTM,8
1774071,33,93,8,2000.0,2657.0,77205.0,0.610079,0.267843,BRB,GTM,8
1774072,33,93,8,1982.0,0.0,5158.0,0.992917,0.598525,BRB,GTM,8
1774073,33,93,8,1987.0,0.0,2001.0,0.8229790000000001,0.321943,BRB,GTM,8
1774074,33,93,8,1988.0,0.0,1433.0,0.908502,0.733178,BRB,GTM,8
1774075,33,93,8,1974.0,0.0,7862.0,0.9072110000000001,0.536772,BRB,GTM,8
1774076,33,93,8,1995.0,0.0,23717.0,1.004946,0.428295,BRB,GTM,8
1774077,39,93,8,2001.0,2438292.0,11851013.0,0.8899729999999999,1.3778299999999999,CAN,GTM,8
1774078,39,93,8,2002.0,3265873.0,14114903.0,0.9672360000000001,1.389981,CAN,GTM,8
1774079,39,93,8,2003.0,3583415.0,17542290.0,0.9170790000000001,1.444739,CAN,GTM,8
1774080,39,93,8,2004.0,3500039.0,24218952.0,0.781591,1.365966,CAN,GTM,8
1774081,39,93,8,2005.0,5392953.0,21569441.0,0.8817450000000001,1.222587,CAN,GTM,8
1774082,39,93,8,2006.0,6282492.0,17844840.0,0.806511,1.466573,CAN,GTM,8
1774083,39,93,8,2007.0,9647040.0,14532496.0,0.677078,1.371833,CAN,GTM,8
1774084,39,93,8,2008.0,2357350.0,16429508.0,0.608796,1.235243,CAN,GTM,8
1774085,39,93,8,2009.0,2684398.0,16702390.0,0.671041,1.481306,CAN,GTM,8
1774086,39,93,8,2010.0,2370967.0,21240287.0,0.631696,1.3282459999999998,CAN,GTM,8
1774087,39,93,8,2011.0,10060114.0,31121567.0,0.574688,1.360723,CAN,GTM,8
1774088,39,93,8,2012.0,10901596.0,27041880.0,0.630575,1.28653,CAN,GTM,8
1774089,39,93,8,2013.0,8696027.0,32461512.0,0.599305,1.193591,CAN,GTM,8
1774090,39,93,8,2014.0,7016484.0,31628460.0,0.6145430000000001,1.1815360000000001,CAN,GTM,8
1774091,39,93,8,2015.0,6625940.0,34382689.0,0.576548,1.458122,CAN,GTM,8
1774092,39,93,8,2016.0,8313234.0,30108500.0,0.541041,1.328065,CAN,GTM,8
1774093,39,93,8,2017.0,9858710.0,30001139.0,0.661032,1.331443,CAN,GTM,8
1774094,39,93,8,2018.0,5701435.0,35277018.0,0.60854,1.475283,CAN,GTM,8
1774095,39,93,8,2019.0,5022626.0,35546272.0,0.668167,1.395249,CAN,GTM,8
1774096,39,93,8,2020.0,3767638.0,30953656.0,0.56684,1.419845,CAN,GTM,8
1774097,39,93,8,2000.0,2743906.0,6730649.0,1.069101,1.284017,CAN,GTM,8
1774098,39,93,8,1967.0,154348.0,0.0,0.6791470000000001,0.776475,CAN,GTM,8
1774099,39,93,8,1968.0,218130.0,9557.0,0.6867270000000001,0.846297,CAN,GTM,8
1774100,39,93,8,1969.0,235643.0,4084.0,0.70765,0.9508,CAN,GTM,8
1774101,39,93,8,1970.0,331666.0,11380.0,0.673338,0.860374,CAN,GTM,8
1774102,39,93,8,1971.0,227489.0,64428.0,0.543049,0.772374,CAN,GTM,8
1774103,39,93,8,1972.0,282976.0,34645.0,0.7159800000000001,0.9742540000000001,CAN,GTM,8
1774104,39,93,8,1973.0,284857.0,59063.0,0.42271000000000003,0.632899,CAN,GTM,8
1774105,39,93,8,1974.0,316773.0,143316.0,0.495249,0.925809,CAN,GTM,8
1774106,39,93,8,1975.0,611629.0,128446.0,0.404699,0.8249360000000001,CAN,GTM,8
1774107,39,93,8,1978.0,445525.0,66360.0,0.793383,1.310916,CAN,GTM,8
1774108,39,93,8,1979.0,528884.0,108089.0,0.756833,1.349624,CAN,GTM,8
1774109,39,93,8,1981.0,621470.0,23315.0,0.745727,1.587553,CAN,GTM,8
1774110,39,93,8,1982.0,269605.0,27910.0,0.780337,1.623949,CAN,GTM,8
1774111,39,93,8,1983.0,244107.0,7508.0,0.708508,1.543279,CAN,GTM,8
1774112,39,93,8,1984.0,301067.0,86156.0,0.81261,1.285068,CAN,GTM,8
1774113,39,93,8,1985.0,123940.0,24974.0,0.872873,1.286843,CAN,GTM,8
1774114,39,93,8,1987.0,658764.0,745202.0,0.8812409999999999,1.3540299999999998,CAN,GTM,8
1774115,39,93,8,1989.0,585467.0,1531971.0,0.7961729999999999,1.09309,CAN,GTM,8
1774116,39,93,8,1991.0,537957.0,3015793.0,0.808699,1.087207,CAN,GTM,8
1774117,39,93,8,1994.0,1535001.0,6084824.0,0.9270709999999999,1.126737,CAN,GTM,8
1774118,39,93,8,1995.0,755445.0,6824953.0,0.975289,1.135701,CAN,GTM,8
1774119,39,93,8,1996.0,2877098.0,6665081.0,0.970932,1.111111,CAN,GTM,8
1774120,39,93,8,1997.0,2311013.0,7737313.0,0.928586,1.3413389999999998,CAN,GTM,8
1774121,39,93,8,1998.0,2044465.0,7915806.0,0.9233040000000001,1.309692,CAN,GTM,8
1774122,39,93,8,1999.0,5457592.0,6811434.0,0.9524950000000001,1.2560149999999999,CAN,GTM,8
1774123,39,93,8,1980.0,706124.0,119135.0,0.704567,1.4515790000000002,CAN,GTM,8
1774124,39,93,8,1988.0,365882.0,1825240.0,0.8190810000000001,1.1273030000000002,CAN,GTM,8
1774125,39,93,8,1990.0,757502.0,1185619.0,0.804563,1.115479,CAN,GTM,8
1774126,39,93,8,1986.0,653766.0,290354.0,0.799175,1.262781,CAN,GTM,8
1774127,39,93,8,1992.0,945698.0,4487682.0,0.74703,1.096791,CAN,GTM,8
1774128,39,93,8,1993.0,983396.0,3284985.0,0.8763719999999999,1.213496,CAN,GTM,8
1774129,39,93,8,1962.0,163523.0,0.0,0.6937800000000001,0.607572,CAN,GTM,8
1774130,39,93,8,1963.0,145230.0,0.0,0.586152,0.75012,CAN,GTM,8
1774131,39,93,8,1964.0,211955.0,0.0,0.728521,0.870792,CAN,GTM,8
1774132,39,93,8,1965.0,231191.0,960.0,0.648151,0.797301,CAN,GTM,8
1774133,39,93,8,1966.0,198133.0,1995.0,0.752869,0.8454440000000001,CAN,GTM,8
1774134,40,93,8,2011.0,102029.0,0.0,0.8996540000000001,-0.271277,CCK,GTM,8
1774135,41,93,8,2002.0,679603.0,110460.0,2.205507,0.831836,CHE,GTM,8
1774136,41,93,8,2003.0,1959844.0,93247.0,2.1943770000000002,0.715042,CHE,GTM,8
1774137,41,93,8,2004.0,799465.0,87316.0,2.234603,0.551975,CHE,GTM,8
1774138,41,93,8,2005.0,2756817.0,104333.0,2.122208,0.615961,CHE,GTM,8
1774139,41,93,8,2006.0,4154193.0,223029.0,2.038668,0.46319,CHE,GTM,8
1774140,41,93,8,2007.0,4320038.0,301528.0,1.979164,0.29541999999999996,CHE,GTM,8
1774141,41,93,8,2008.0,6888633.0,110132.0,1.980661,0.504308,CHE,GTM,8
1774142,41,93,8,2009.0,3256036.0,141835.0,2.0153220000000003,0.5676829999999999,CHE,GTM,8
1774143,41,93,8,2010.0,3862307.0,152614.0,2.136332,0.5302279999999999,CHE,GTM,8
1774144,41,93,8,2011.0,4744719.0,244782.0,2.102055,0.548054,CHE,GTM,8
1774145,41,93,8,2012.0,3697182.0,546636.0,2.0265150000000003,0.6496689999999999,CHE,GTM,8
1774146,41,93,8,2013.0,5118242.0,592634.0,2.0899229999999998,0.661667,CHE,GTM,8
1774147,41,93,8,2014.0,5220620.0,800755.0,2.027022,0.780257,CHE,GTM,8
1774148,41,93,8,2015.0,5914130.0,874495.0,2.261352,0.816764,CHE,GTM,8
1774149,41,93,8,2016.0,6013562.0,917769.0,2.328616,0.832224,CHE,GTM,8
1774150,41,93,8,2017.0,3145885.0,1101440.0,2.2443459999999997,0.836363,CHE,GTM,8
1774151,41,93,8,2018.0,4967931.0,729032.0,2.173252,0.861742,CHE,GTM,8
1774152,41,93,8,2019.0,4783138.0,801428.0,2.172555,0.770567,CHE,GTM,8
1774153,41,93,8,2020.0,4285823.0,1929325.0,2.139732,0.906457,CHE,GTM,8
1774154,41,93,8,1999.0,1231639.0,219913.0,2.2417740000000004,0.764921,CHE,GTM,8
1774155,41,93,8,2000.0,1520808.0,158025.0,2.268929,0.538191,CHE,GTM,8
1774156,41,93,8,2001.0,2958351.0,122412.0,2.161588,0.8069890000000001,CHE,GTM,8
1774157,41,93,8,1962.0,349909.0,0.0,2.3319400000000003,2.325868,CHE,GTM,8
1774158,41,93,8,1963.0,339561.0,0.0,2.275444,2.087927,CHE,GTM,8
1774159,41,93,8,1964.0,470141.0,2588.0,2.339324,2.1829650000000003,CHE,GTM,8
1774160,41,93,8,1965.0,568158.0,2216.0,2.399414,2.2596220000000002,CHE,GTM,8
1774161,41,93,8,1966.0,592787.0,1316.0,2.271274,2.228228,CHE,GTM,8
1774162,41,93,8,1967.0,460886.0,0.0,2.232551,2.121041,CHE,GTM,8
1774163,41,93,8,1968.0,525000.0,0.0,2.1128139999999997,2.181377,CHE,GTM,8
1774164,41,93,8,1969.0,651784.0,2011.0,2.225965,2.192022,CHE,GTM,8
1774165,41,93,8,1970.0,696051.0,0.0,2.1918330000000004,1.847141,CHE,GTM,8
1774166,41,93,8,1971.0,710135.0,0.0,2.242028,1.9425029999999999,CHE,GTM,8
1774167,41,93,8,1972.0,648244.0,0.0,2.219306,1.9649020000000001,CHE,GTM,8
1774168,41,93,8,1973.0,1064863.0,5753.0,2.271348,1.7570270000000001,CHE,GTM,8
1774169,41,93,8,1974.0,911976.0,7770.0,1.8843419999999997,1.3649790000000002,CHE,GTM,8
1774170,41,93,8,1975.0,1103419.0,13615.0,2.0423720000000003,0.927861,CHE,GTM,8
1774171,41,93,8,1976.0,1374424.0,7164.0,1.905399,1.515878,CHE,GTM,8
1774172,41,93,8,1977.0,1780185.0,28017.0,1.703888,1.3558629999999998,CHE,GTM,8
1774173,41,93,8,1978.0,2160050.0,15093.0,2.026237,1.442742,CHE,GTM,8
1774174,41,93,8,1979.0,1430284.0,23731.0,1.977282,1.176197,CHE,GTM,8
1774175,41,93,8,1980.0,1826289.0,28392.0,1.756056,1.016284,CHE,GTM,8
1774176,41,93,8,1981.0,1363388.0,41508.0,1.7692029999999999,0.770696,CHE,GTM,8
1774177,41,93,8,1982.0,795386.0,20172.0,1.87811,0.862556,CHE,GTM,8
1774178,41,93,8,1983.0,507089.0,23626.0,1.885277,0.886065,CHE,GTM,8
1774179,41,93,8,1984.0,653138.0,22672.0,1.908664,0.8874540000000001,CHE,GTM,8
1774180,41,93,8,1985.0,844306.0,29260.0,2.013169,0.9716879999999999,CHE,GTM,8
1774181,41,93,8,1986.0,1150308.0,46998.0,2.243011,1.120316,CHE,GTM,8
1774182,41,93,8,1987.0,719380.0,47609.0,2.1858619999999997,1.3187200000000001,CHE,GTM,8
1774183,41,93,8,1988.0,601393.0,68183.0,2.138445,1.0137120000000002,CHE,GTM,8
1774184,41,93,8,1991.0,993603.0,239833.0,2.326288,1.134439,CHE,GTM,8
1774185,41,93,8,1993.0,814857.0,318860.0,2.2766290000000002,0.952183,CHE,GTM,8
1774186,41,93,8,1998.0,1717713.0,211230.0,2.265613,0.668929,CHE,GTM,8
1774187,41,93,8,1989.0,1004432.0,77739.0,2.1608680000000002,1.076476,CHE,GTM,8
1774188,41,93,8,1990.0,755698.0,174614.0,2.297446,1.0863610000000001,CHE,GTM,8
1774189,41,93,8,1992.0,1012377.0,297179.0,2.24952,1.014945,CHE,GTM,8
1774190,41,93,8,1994.0,1188386.0,973692.0,2.343897,0.883555,CHE,GTM,8
1774191,41,93,8,1996.0,880484.0,236527.0,2.344337,0.709607,CHE,GTM,8
1774192,41,93,8,1995.0,1200823.0,264006.0,2.274838,0.826426,CHE,GTM,8
1774193,41,93,8,1997.0,1116661.0,227350.0,2.327788,0.682804,CHE,GTM,8
1774194,42,93,8,2005.0,3607796.0,308485.0,-0.15283,-0.43087,CHL,GTM,8
1774195,42,93,8,2006.0,4215505.0,225303.0,-0.193151,-0.46637,CHL,GTM,8
1774196,42,93,8,2007.0,3938353.0,345401.0,-0.193152,-0.46857299999999996,CHL,GTM,8
1774197,42,93,8,2008.0,5975952.0,515576.0,-0.173267,-0.23228000000000001,CHL,GTM,8
1774198,42,93,8,2009.0,3855000.0,600395.0,-0.205249,-0.382377,CHL,GTM,8
1774199,42,93,8,2010.0,4992206.0,1578045.0,-0.27612600000000004,-0.417476,CHL,GTM,8
1774200,42,93,8,2011.0,5434895.0,1507772.0,-0.14694400000000002,-0.360352,CHL,GTM,8
1774201,42,93,8,2012.0,6221959.0,1519176.0,-0.180309,-0.33571799999999996,CHL,GTM,8
1774202,42,93,8,2013.0,5056251.0,2303333.0,-0.184556,-0.238657,CHL,GTM,8
1774203,42,93,8,2014.0,5043005.0,1953715.0,-0.196236,-0.162428,CHL,GTM,8
1774204,42,93,8,2015.0,2936403.0,2224553.0,-0.259994,-0.343327,CHL,GTM,8
1774205,42,93,8,2016.0,1975568.0,3263370.0,-0.162923,-0.20607199999999998,CHL,GTM,8
1774206,42,93,8,2017.0,2120881.0,1802068.0,-0.282983,-0.33351,CHL,GTM,8
1774207,42,93,8,2018.0,3237175.0,1850034.0,-0.24325300000000002,-0.350271,CHL,GTM,8
1774208,42,93,8,2019.0,4617827.0,3141362.0,-0.22908499999999998,-0.363863,CHL,GTM,8
1774209,42,93,8,2020.0,2324997.0,1226206.0,-0.242265,-0.5153340000000001,CHL,GTM,8
1774210,42,93,8,2000.0,1290785.0,69378.0,-0.011509,0.0031190000000000002,CHL,GTM,8
1774211,42,93,8,2001.0,1374845.0,216200.0,-0.148124,0.074033,CHL,GTM,8
1774212,42,93,8,2002.0,2496104.0,54610.0,-0.079201,-0.11449200000000001,CHL,GTM,8
1774213,42,93,8,2003.0,2500255.0,182462.0,-0.122101,-0.151524,CHL,GTM,8
1774214,42,93,8,1996.0,833255.0,45603.0,-0.161334,-0.301695,CHL,GTM,8
1774215,42,93,8,1997.0,681925.0,177716.0,-0.06841799999999999,-0.21526199999999998,CHL,GTM,8
1774216,42,93,8,1999.0,942756.0,194218.0,-0.132747,-0.065962,CHL,GTM,8
1774217,42,93,8,1992.0,136679.0,40210.0,-0.188106,-0.360151,CHL,GTM,8
1774218,42,93,8,1993.0,253137.0,74198.0,-0.091697,-0.236025,CHL,GTM,8
1774219,42,93,8,1994.0,272443.0,42518.0,-0.09350900000000001,-0.264108,CHL,GTM,8
1774220,42,93,8,1995.0,653977.0,63781.0,-0.267032,-0.341987,CHL,GTM,8
1774221,42,93,8,1975.0,588.0,0.0,0.289275,0.111279,CHL,GTM,8
1774222,42,93,8,1988.0,48870.0,0.0,-0.304691,-0.41057899999999997,CHL,GTM,8
1774223,42,93,8,1989.0,138043.0,0.0,-0.22406900000000002,-0.38914499999999996,CHL,GTM,8
1774224,42,93,8,1991.0,383536.0,29565.0,-0.15565199999999998,-0.29465399999999997,CHL,GTM,8
1774225,42,93,8,2004.0,2658460.0,332559.0,-0.24101399999999998,-0.303103,CHL,GTM,8
1774226,42,93,8,1990.0,783354.0,20205.0,-0.316639,-0.486444,CHL,GTM,8
1774227,42,93,8,1998.0,993987.0,102614.0,-0.138389,-0.187388,CHL,GTM,8
1774228,42,93,8,1987.0,72199.0,0.0,-0.243939,-0.387758,CHL,GTM,8
1774229,42,93,8,1984.0,2523.0,0.0,-0.075954,-0.441989,CHL,GTM,8
1774230,42,93,8,1985.0,54925.0,0.0,-0.290377,-0.530487,CHL,GTM,8
1774231,42,93,8,1986.0,27942.0,0.0,-0.345065,-0.323748,CHL,GTM,8
1774232,42,93,8,1974.0,0.0,2328.0,-0.11321099999999999,-0.621097,CHL,GTM,8
1774233,43,93,8,1989.0,483677.0,0.0,0.37919899999999995,2.377084,CHN,GTM,8
1774234,43,93,8,1990.0,553048.0,0.0,0.390967,2.1667650000000003,CHN,GTM,8
1774235,43,93,8,1992.0,1562146.0,0.0,0.269411,1.920075,CHN,GTM,8
1774236,43,93,8,1994.0,3009387.0,7960.0,0.238977,2.174676,CHN,GTM,8
1774237,43,93,8,1995.0,5872467.0,1488.0,0.31854899999999997,2.413914,CHN,GTM,8
1774238,43,93,8,1996.0,10864441.0,0.0,0.383975,2.197461,CHN,GTM,8
1774239,43,93,8,1997.0,14208555.0,0.0,0.380294,2.389738,CHN,GTM,8
1774240,43,93,8,1998.0,19460849.0,0.0,0.339414,2.3927169999999998,CHN,GTM,8
1774241,43,93,8,1999.0,20976209.0,0.0,0.388705,2.3197919999999996,CHN,GTM,8
1774242,43,93,8,2000.0,47064221.0,20442.0,0.43423,2.461961,CHN,GTM,8
1774243,43,93,8,2001.0,47671397.0,24730.0,0.535502,2.28778,CHN,GTM,8
1774244,43,93,8,2002.0,65939539.0,27443.0,0.6181220000000001,1.9636759999999998,CHN,GTM,8
1774245,43,93,8,2003.0,74041711.0,57954.0,0.643677,2.033847,CHN,GTM,8
1774246,43,93,8,2004.0,97107009.0,148762.0,0.710603,2.017234,CHN,GTM,8
1774247,43,93,8,2005.0,110448538.0,532943.0,0.757865,1.9117669999999998,CHN,GTM,8
1774248,43,93,8,2007.0,183694722.0,2931576.0,0.904272,1.537654,CHN,GTM,8
1774249,43,93,8,2008.0,196565107.0,859632.0,0.988158,1.443506,CHN,GTM,8
1774250,43,93,8,2009.0,165078468.0,480898.0,0.9740489999999999,1.416985,CHN,GTM,8
1774251,43,93,8,2010.0,201063747.0,624784.0,1.047792,1.3791280000000001,CHN,GTM,8
1774252,43,93,8,2011.0,219636573.0,672382.0,1.185758,1.021932,CHN,GTM,8
1774253,43,93,8,2012.0,212382052.0,1221687.0,1.2170590000000001,0.584412,CHN,GTM,8
1774254,43,93,8,2013.0,240160686.0,1528242.0,1.24864,0.667713,CHN,GTM,8
1774255,43,93,8,2014.0,263080737.0,3316627.0,1.316443,0.35039899999999996,CHN,GTM,8
1774256,43,93,8,2015.0,354327947.0,3365125.0,1.251258,1.091683,CHN,GTM,8
1774257,43,93,8,2016.0,342227181.0,2564230.0,1.249079,1.151045,CHN,GTM,8
1774258,43,93,8,2017.0,364987911.0,3178469.0,1.2888030000000001,0.9250700000000001,CHN,GTM,8
1774259,43,93,8,2018.0,463839095.0,4678818.0,1.378018,0.513572,CHN,GTM,8
1774260,43,93,8,2019.0,534508175.0,7584382.0,1.3612,0.49938299999999997,CHN,GTM,8
1774261,43,93,8,2020.0,512014805.0,4028386.0,1.2995780000000001,0.625046,CHN,GTM,8
1774262,43,93,8,1988.0,439473.0,0.0,0.26593,2.229884,CHN,GTM,8
1774263,43,93,8,1991.0,884716.0,0.0,0.260673,2.121238,CHN,GTM,8
1774264,43,93,8,1993.0,3772632.0,23215.0,0.20543000000000003,2.000367,CHN,GTM,8
1774265,43,93,8,2006.0,186194783.0,3389534.0,0.842242,1.7392740000000002,CHN,GTM,8
1774266,43,93,8,1973.0,33125.0,0.0,0.487712,1.7118080000000002,CHN,GTM,8
1774267,43,93,8,1974.0,33921.0,0.0,0.43914899999999996,1.8291439999999999,CHN,GTM,8
1774268,43,93,8,1975.0,104245.0,0.0,0.39986700000000003,2.007719,CHN,GTM,8
1774269,43,93,8,1987.0,486428.0,0.0,0.266467,2.073566,CHN,GTM,8
1774270,43,93,8,1971.0,14256.0,0.0,0.551566,1.636164,CHN,GTM,8
1774271,43,93,8,1986.0,62366.0,0.0,0.186622,2.003123,CHN,GTM,8
1774272,44,93,8,2008.0,0.0,1109.0,-0.986342,-0.765848,CIV,GTM,8
1774273,44,93,8,2015.0,0.0,45560.0,-1.016613,-0.9623860000000001,CIV,GTM,8
1774274,44,93,8,2000.0,0.0,6422.0,-0.7955,-0.7019989999999999,CIV,GTM,8
1774275,44,93,8,2006.0,0.0,10596.0,-0.9293,-0.853074,CIV,GTM,8
1774276,44,93,8,2007.0,0.0,3750.0,-0.9614280000000001,-0.804846,CIV,GTM,8
1774277,44,93,8,2013.0,0.0,1078.0,-1.0025870000000001,-0.901658,CIV,GTM,8
1774278,44,93,8,2016.0,0.0,135504.0,-0.977045,-0.8633299999999999,CIV,GTM,8
1774279,44,93,8,2017.0,0.0,64658.0,-0.991865,-0.9496889999999999,CIV,GTM,8
1774280,44,93,8,2019.0,28334.0,4730.0,-1.116544,-0.99556,CIV,GTM,8
1774281,45,93,8,2004.0,0.0,23871.0,-1.380149,-1.220501,CMR,GTM,8
1774282,45,93,8,2005.0,0.0,40973.0,-1.5213709999999998,-1.200803,CMR,GTM,8
1774283,45,93,8,2007.0,0.0,19321.0,-0.822225,-0.92994,CMR,GTM,8
1774284,45,93,8,2015.0,0.0,29197.0,-0.9835010000000001,-1.02149,CMR,GTM,8
1774285,45,93,8,2016.0,0.0,391579.0,-1.1342969999999999,-1.101724,CMR,GTM,8
1774286,45,93,8,2017.0,0.0,398887.0,-1.039442,-1.026684,CMR,GTM,8
1774287,45,93,8,2018.0,0.0,1065161.0,-1.2144,-1.0318260000000001,CMR,GTM,8
1774288,45,93,8,2019.0,0.0,259630.0,-1.528325,-1.218496,CMR,GTM,8
1774289,45,93,8,2020.0,0.0,492996.0,-1.619025,-1.243663,CMR,GTM,8
1774290,46,93,8,2007.0,0.0,23008.0,-1.351866,-1.135281,COD,GTM,8
1774291,46,93,8,2013.0,0.0,89341.0,-1.450075,-1.115916,COD,GTM,8
1774292,46,93,8,2014.0,0.0,28040.0,-1.596912,-1.1239940000000002,COD,GTM,8
1774293,46,93,8,2016.0,0.0,14163.0,-1.093544,-1.126599,COD,GTM,8
1774294,46,93,8,2017.0,0.0,20913.0,-1.158421,-1.14955,COD,GTM,8
1774295,46,93,8,2008.0,0.0,5186.0,-1.2466030000000001,-1.186358,COD,GTM,8
1774296,47,93,8,2018.0,0.0,91648.0,-1.614157,-1.177288,COG,GTM,8
1774297,47,93,8,2019.0,0.0,148002.0,-1.388831,-1.207007,COG,GTM,8
1774298,47,93,8,2020.0,0.0,29145.0,-1.6412830000000003,-1.236592,COG,GTM,8
1774299,49,93,8,1991.0,2421826.0,103534.0,0.029939999999999998,0.25550300000000004,COL,GTM,8
1774300,49,93,8,1992.0,3981879.0,5631.0,0.022895,0.22971799999999998,COL,GTM,8
1774301,49,93,8,1993.0,3885892.0,227087.0,-0.052613,0.071123,COL,GTM,8
1774302,49,93,8,1994.0,4228464.0,190290.0,-0.065624,0.127881,COL,GTM,8
1774303,49,93,8,1995.0,5027496.0,293293.0,0.050431000000000004,0.16347899999999999,COL,GTM,8
1774304,49,93,8,1996.0,4081029.0,683028.0,0.070101,0.08847999999999999,COL,GTM,8
1774305,49,93,8,1997.0,5603125.0,365502.0,0.023456,0.057771,COL,GTM,8
1774306,49,93,8,1998.0,6537772.0,722267.0,0.045649,0.11751400000000001,COL,GTM,8
1774307,49,93,8,1999.0,8023638.0,651009.0,0.055667999999999995,0.10688399999999999,COL,GTM,8
1774308,49,93,8,2000.0,7218969.0,1025815.0,0.12351400000000001,0.255517,COL,GTM,8
1774309,49,93,8,2001.0,13326237.0,779585.0,0.3378,0.479951,COL,GTM,8
1774310,49,93,8,2002.0,11942645.0,350883.0,0.219861,0.45238999999999996,COL,GTM,8
1774311,49,93,8,2003.0,14107132.0,475046.0,0.126431,0.417651,COL,GTM,8
1774312,49,93,8,2004.0,18711070.0,238660.0,0.044706,0.514304,COL,GTM,8
1774313,49,93,8,2005.0,25147152.0,987323.0,0.088961,0.439691,COL,GTM,8
1774314,49,93,8,2006.0,25900647.0,767062.0,0.162228,0.550616,COL,GTM,8
1774315,49,93,8,2007.0,23359018.0,1081039.0,0.18592,0.6842050000000001,COL,GTM,8
1774316,49,93,8,2008.0,26708677.0,883871.0,0.250208,0.546823,COL,GTM,8
1774317,49,93,8,2009.0,22047341.0,739944.0,0.335319,0.397976,COL,GTM,8
1774318,49,93,8,2010.0,27212081.0,1199628.0,-0.00078,-0.15850699999999998,COL,GTM,8
1774319,49,93,8,2011.0,26212888.0,3274205.0,0.04828,-0.27652600000000005,COL,GTM,8
1774320,49,93,8,2012.0,25660183.0,1780179.0,0.034488,-0.340545,COL,GTM,8
1774321,49,93,8,2013.0,26701794.0,1694371.0,0.034491,-0.36975,COL,GTM,8
1774322,49,93,8,2014.0,26946436.0,2376859.0,0.084348,-0.39008200000000004,COL,GTM,8
1774323,49,93,8,2015.0,28586691.0,2421528.0,0.027496,-0.177225,COL,GTM,8
1774324,49,93,8,2016.0,25665176.0,1446961.0,-0.040341,-0.20957699999999999,COL,GTM,8
1774325,49,93,8,2017.0,28496590.0,1525994.0,-0.039238999999999996,-0.246914,COL,GTM,8
1774326,49,93,8,2018.0,28058320.0,1312746.0,0.144073,-0.10276199999999999,COL,GTM,8
1774327,49,93,8,2019.0,31356450.0,1760473.0,0.062157000000000004,-0.12401400000000001,COL,GTM,8
1774328,49,93,8,2020.0,25148605.0,1405279.0,-0.057902999999999996,0.12629100000000001,COL,GTM,8
1774329,49,93,8,1985.0,713447.0,0.0,0.132021,-0.005884,COL,GTM,8
1774330,49,93,8,1986.0,804100.0,0.0,-0.013468,-0.355385,COL,GTM,8
1774331,49,93,8,1988.0,1030607.0,67470.0,0.023043,-0.177688,COL,GTM,8
1774332,49,93,8,1962.0,6865.0,0.0,-0.547891,-0.517496,COL,GTM,8
1774333,49,93,8,1963.0,12519.0,0.0,-0.7662399999999999,-0.611683,COL,GTM,8
1774334,49,93,8,1964.0,58689.0,0.0,-0.157889,-0.460271,COL,GTM,8
1774335,49,93,8,1965.0,56433.0,0.0,0.07001399999999999,-0.335624,COL,GTM,8
1774336,49,93,8,1966.0,56428.0,0.0,0.20125099999999999,-0.332512,COL,GTM,8
1774337,49,93,8,1967.0,27517.0,0.0,0.165951,-0.382833,COL,GTM,8
1774338,49,93,8,1968.0,37599.0,0.0,-0.179843,-0.5681729999999999,COL,GTM,8
1774339,49,93,8,1969.0,27866.0,0.0,-0.102576,-0.44958100000000006,COL,GTM,8
1774340,49,93,8,1970.0,33322.0,0.0,-0.157524,-0.6068479999999999,COL,GTM,8
1774341,49,93,8,1971.0,45456.0,0.0,-0.114488,-0.492489,COL,GTM,8
1774342,49,93,8,1972.0,46450.0,0.0,-0.09930399999999999,-0.394474,COL,GTM,8
1774343,49,93,8,1973.0,103563.0,0.0,0.33278800000000003,-0.12771400000000002,COL,GTM,8
1774344,49,93,8,1974.0,114148.0,0.0,0.6161949999999999,0.392124,COL,GTM,8
1774345,49,93,8,1975.0,191777.0,10586.0,0.530112,0.24711599999999997,COL,GTM,8
1774346,49,93,8,1978.0,780639.0,0.0,0.154415,-0.23782399999999998,COL,GTM,8
1774347,49,93,8,1979.0,704978.0,0.0,0.10822899999999999,-0.2187,COL,GTM,8
1774348,49,93,8,1980.0,760115.0,0.0,0.247827,0.034868,COL,GTM,8
1774349,49,93,8,1981.0,866387.0,0.0,0.487575,0.437504,COL,GTM,8
1774350,49,93,8,1982.0,620857.0,0.0,0.492299,0.307081,COL,GTM,8
1774351,49,93,8,1983.0,658116.0,0.0,0.19283599999999998,-0.200476,COL,GTM,8
1774352,49,93,8,1984.0,650770.0,0.0,0.179594,-0.09019400000000001,COL,GTM,8
1774353,49,93,8,1987.0,837083.0,17564.0,-0.078828,-0.376846,COL,GTM,8
1774354,49,93,8,1989.0,1424402.0,0.0,-0.06450700000000001,-0.188868,COL,GTM,8
1774355,49,93,8,1990.0,1645572.0,0.0,-0.056713,-0.185995,COL,GTM,8
1774356,52,93,8,1992.0,5968584.0,12258710.0,0.11654,0.191873,CRI,GTM,8
1774357,52,93,8,1993.0,6723888.0,14461236.0,-0.009969,0.24661100000000002,CRI,GTM,8
1774358,52,93,8,1995.0,7500673.0,15726386.0,-0.27658699999999997,-0.064536,CRI,GTM,8
1774359,52,93,8,1996.0,6859434.0,16016628.0,-0.23773000000000002,0.101373,CRI,GTM,8
1774360,52,93,8,1997.0,11912546.0,17835306.0,-0.158667,0.204758,CRI,GTM,8
1774361,52,93,8,1998.0,26906094.0,22592852.0,-0.214198,-0.038377,CRI,GTM,8
1774362,52,93,8,1999.0,13803312.0,18744774.0,-0.224167,-0.231829,CRI,GTM,8
1774363,52,93,8,2000.0,16739805.0,19304855.0,-0.136989,-0.190298,CRI,GTM,8
1774364,52,93,8,2001.0,20380868.0,16866344.0,0.07408200000000001,0.126368,CRI,GTM,8
1774365,52,93,8,2002.0,28613903.0,16734808.0,0.083983,-0.096237,CRI,GTM,8
1774366,52,93,8,2003.0,21526032.0,20898719.0,-0.013402,-0.353043,CRI,GTM,8
1774367,52,93,8,2004.0,23717467.0,18626441.0,-0.036323,-0.313847,CRI,GTM,8
1774368,52,93,8,2005.0,21135816.0,20616995.0,0.073229,-0.25491199999999997,CRI,GTM,8
1774369,52,93,8,2006.0,16148233.0,15704416.0,0.07128999999999999,-0.24274400000000002,CRI,GTM,8
1774370,52,93,8,2007.0,25933540.0,34850433.0,0.093189,-0.19225899999999999,CRI,GTM,8
1774371,52,93,8,2008.0,28964477.0,37196076.0,0.102978,-0.154002,CRI,GTM,8
1774372,52,93,8,2009.0,23714541.0,26749846.0,0.054242,-0.44236400000000003,CRI,GTM,8
1774373,52,93,8,2010.0,30026766.0,37239927.0,0.061551,-0.632468,CRI,GTM,8
1774374,52,93,8,2011.0,32002323.0,79266967.0,0.21162199999999998,-0.44220699999999996,CRI,GTM,8
1774375,52,93,8,2012.0,32099913.0,47127884.0,0.24381799999999998,-0.560793,CRI,GTM,8
1774376,52,93,8,2013.0,37018285.0,49134273.0,0.208669,-0.54783,CRI,GTM,8
1774377,52,93,8,2014.0,35241902.0,47127092.0,0.13936500000000002,-0.573277,CRI,GTM,8
1774378,52,93,8,2015.0,37426506.0,47763203.0,0.264454,0.076734,CRI,GTM,8
1774379,52,93,8,2016.0,43133315.0,51220470.0,0.28594400000000003,0.131024,CRI,GTM,8
1774380,52,93,8,2017.0,40316111.0,52455902.0,0.288798,0.212928,CRI,GTM,8
1774381,52,93,8,2018.0,38329073.0,52830460.0,0.27715,0.33261999999999997,CRI,GTM,8
1774382,52,93,8,2019.0,47671078.0,54389333.0,0.398784,0.287704,CRI,GTM,8
1774383,52,93,8,2020.0,39297746.0,55383977.0,0.303377,0.071752,CRI,GTM,8
1774384,52,93,8,1994.0,6844930.0,14763988.0,-0.21163600000000002,0.051272000000000005,CRI,GTM,8
1774385,52,93,8,1973.0,3292413.0,5050387.0,0.754578,0.387265,CRI,GTM,8
1774386,52,93,8,1989.0,3941289.0,8527158.0,0.038611,0.17060799999999998,CRI,GTM,8
1774387,52,93,8,1986.0,3063210.0,8152554.0,0.228095,0.11224300000000001,CRI,GTM,8
1774388,52,93,8,1965.0,1204289.0,1141641.0,0.9343940000000001,0.380329,CRI,GTM,8
1774389,52,93,8,1966.0,1330895.0,1285690.0,0.969298,0.404681,CRI,GTM,8
1774390,52,93,8,1967.0,1241545.0,1301385.0,1.002529,0.7191930000000001,CRI,GTM,8
1774391,52,93,8,1968.0,1330354.0,2466678.0,0.926132,0.544143,CRI,GTM,8
1774392,52,93,8,1974.0,4243927.0,6360501.0,0.686042,0.572488,CRI,GTM,8
1774393,52,93,8,1975.0,3428384.0,6227656.0,0.68308,0.356631,CRI,GTM,8
1774394,52,93,8,1987.0,3928904.0,7713397.0,0.383776,0.194731,CRI,GTM,8
1774395,52,93,8,1988.0,4173622.0,7714358.0,0.09328099999999999,0.32362199999999997,CRI,GTM,8
1774396,52,93,8,1990.0,2874465.0,11321436.0,0.039152,0.178811,CRI,GTM,8
1774397,52,93,8,1991.0,2678565.0,10109153.0,-0.07827,0.026021,CRI,GTM,8
1774398,52,93,8,1969.0,1452033.0,3329569.0,0.923969,0.5765,CRI,GTM,8
1774399,52,93,8,1970.0,1804837.0,3637878.0,0.860994,0.56615,CRI,GTM,8
1774400,52,93,8,1971.0,2794484.0,4652136.0,0.9643510000000001,0.613066,CRI,GTM,8
1774401,52,93,8,1972.0,2428323.0,4380319.0,0.804975,0.373239,CRI,GTM,8
1774402,53,93,8,1971.0,92673.0,0.0,1.7241369999999998,2.76252,CSK,GTM,8
1774403,53,93,8,1972.0,45759.0,0.0,1.716074,2.538949,CSK,GTM,8
1774404,53,93,8,1973.0,50784.0,0.0,1.549217,2.6032669999999998,CSK,GTM,8
1774405,53,93,8,1974.0,57149.0,0.0,1.296678,2.116386,CSK,GTM,8
1774406,53,93,8,1975.0,80167.0,0.0,1.338394,2.0545430000000002,CSK,GTM,8
1774407,53,93,8,1987.0,13824.0,0.0,1.774518,2.00953,CSK,GTM,8
1774408,53,93,8,1988.0,38070.0,0.0,1.716794,1.946664,CSK,GTM,8
1774409,53,93,8,1986.0,67132.0,0.0,1.686079,2.0061869999999997,CSK,GTM,8
1774410,53,93,8,1970.0,19126.0,0.0,1.5614860000000002,2.788408,CSK,GTM,8
1774411,53,93,8,1989.0,41507.0,0.0,1.5575,1.883823,CSK,GTM,8
1774412,53,93,8,1990.0,16085.0,0.0,1.4753370000000001,1.984316,CSK,GTM,8
1774413,53,93,8,1991.0,4121.0,0.0,1.2325709999999999,2.212502,CSK,GTM,8
1774414,53,93,8,1992.0,51786.0,0.0,1.116966,2.225331,CSK,GTM,8
1774415,54,93,8,1999.0,67576.0,374933.0,-0.386767,-0.9424319999999999,CUB,GTM,8
1774416,54,93,8,2000.0,79819.0,578517.0,-0.800886,-1.133715,CUB,GTM,8
1774417,54,93,8,2001.0,61790.0,1104212.0,-0.889919,-1.137994,CUB,GTM,8
1774418,54,93,8,2002.0,286361.0,444470.0,-0.896759,-1.079825,CUB,GTM,8
1774419,54,93,8,2003.0,22270.0,1025581.0,-0.628405,-0.9677479999999999,CUB,GTM,8
1774420,54,93,8,2004.0,42435.0,1069021.0,-0.16826,-0.644388,CUB,GTM,8
1774421,54,93,8,2005.0,52451.0,1045214.0,-0.15829100000000002,-0.660982,CUB,GTM,8
1774422,54,93,8,2007.0,537478.0,1187305.0,-0.44224399999999997,-0.921026,CUB,GTM,8
1774423,54,93,8,2009.0,656594.0,829518.0,-0.11006700000000001,-0.872604,CUB,GTM,8
1774424,54,93,8,2006.0,291522.0,1650472.0,0.207314,-0.473224,CUB,GTM,8
1774425,54,93,8,2011.0,280855.0,1183503.0,-0.41401499999999997,-1.000142,CUB,GTM,8
1774426,54,93,8,2014.0,149716.0,281963.0,-0.5320560000000001,-0.941575,CUB,GTM,8
1774427,54,93,8,2019.0,3364.0,227081.0,-0.690448,-1.133795,CUB,GTM,8
1774428,54,93,8,2012.0,124067.0,574956.0,0.081568,-0.690941,CUB,GTM,8
1774429,54,93,8,2018.0,2319.0,282017.0,-1.077539,-1.241754,CUB,GTM,8
1774430,54,93,8,2015.0,130096.0,684040.0,-0.774663,-1.1664649999999999,CUB,GTM,8
1774431,54,93,8,2016.0,114338.0,1460784.0,-0.6960850000000001,-1.166981,CUB,GTM,8
1774432,54,93,8,2017.0,89712.0,336414.0,-0.975281,-1.263293,CUB,GTM,8
1774433,54,93,8,2010.0,34638.0,1418056.0,-0.512517,-1.049971,CUB,GTM,8
1774434,54,93,8,2013.0,756380.0,589984.0,-0.31053400000000003,-0.8534280000000001,CUB,GTM,8
1774435,54,93,8,2020.0,0.0,190952.0,-1.161673,-1.31874,CUB,GTM,8
1774436,54,93,8,1997.0,52618.0,170435.0,-0.793234,-1.169625,CUB,GTM,8
1774437,54,93,8,1995.0,32141.0,32518.0,-0.433758,-0.938617,CUB,GTM,8
1774438,54,93,8,1996.0,11489.0,92491.0,-0.7669229999999999,-1.140361,CUB,GTM,8
1774439,54,93,8,1998.0,7007.0,120068.0,-0.5449930000000001,-1.055719,CUB,GTM,8
1774440,54,93,8,2008.0,124642.0,1179993.0,-0.392295,-1.0109549999999998,CUB,GTM,8
1774441,54,93,8,1994.0,2900.0,23000.0,-0.630628,-1.006546,CUB,GTM,8
1774442,55,93,8,2011.0,1497.0,207755.0,-0.49924799999999997,-0.73352,CUW,GTM,8
1774443,55,93,8,2012.0,3825.0,342530.0,0.003982,-0.685596,CUW,GTM,8
1774444,55,93,8,2013.0,0.0,248646.0,-0.145402,-0.556962,CUW,GTM,8
1774445,55,93,8,2014.0,17362.0,317361.0,0.094776,-0.738603,CUW,GTM,8
1774446,55,93,8,2015.0,6092.0,142065.0,0.019203,-0.746969,CUW,GTM,8
1774447,55,93,8,2016.0,0.0,79139.0,0.078189,-0.80455,CUW,GTM,8
1774448,55,93,8,2017.0,0.0,130429.0,-0.146136,-0.780933,CUW,GTM,8
1774449,55,93,8,2018.0,2484.0,52478.0,0.844115,-0.134234,CUW,GTM,8
1774450,55,93,8,2019.0,0.0,114681.0,0.795387,0.41649200000000003,CUW,GTM,8
1774451,55,93,8,2020.0,0.0,84232.0,0.565995,0.349721,CUW,GTM,8
1774452,57,93,8,2013.0,0.0,1122.0,0.379754,-0.510024,CYM,GTM,8
1774453,57,93,8,2010.0,0.0,152811.0,0.5420189999999999,-0.797949,CYM,GTM,8
1774454,57,93,8,2011.0,0.0,1912.0,0.642396,-0.5873079999999999,CYM,GTM,8
1774455,57,93,8,2012.0,0.0,5359.0,0.591658,-0.636717,CYM,GTM,8
1774456,57,93,8,2014.0,0.0,5985.0,0.906078,-0.6494770000000001,CYM,GTM,8
1774457,57,93,8,2015.0,0.0,2680.0,0.581547,-0.6705399999999999,CYM,GTM,8
1774458,57,93,8,2009.0,0.0,285572.0,0.476786,-0.723512,CYM,GTM,8
1774459,57,93,8,2001.0,1576.0,0.0,0.421799,-0.713411,CYM,GTM,8
1774460,57,93,8,2004.0,28948.0,0.0,0.47268999999999994,-0.742781,CYM,GTM,8
1774461,58,93,8,2019.0,4635.0,0.0,0.33059099999999997,0.061747,CYP,GTM,8
1774462,58,93,8,1996.0,0.0,1502.0,0.11774200000000001,0.044968,CYP,GTM,8
1774463,59,93,8,2000.0,131630.0,1610.0,1.526256,0.9255639999999999,CZE,GTM,8
1774464,59,93,8,2013.0,1010155.0,141930.0,1.829509,-0.41787700000000005,CZE,GTM,8
1774465,59,93,8,2007.0,668904.0,35288.0,1.661947,-0.284736,CZE,GTM,8
1774466,59,93,8,2001.0,138191.0,0.0,1.56908,0.860384,CZE,GTM,8
1774467,59,93,8,2006.0,422836.0,25548.0,1.6478549999999998,0.095131,CZE,GTM,8
1774468,59,93,8,2011.0,289672.0,26450.0,1.7717619999999998,-0.315625,CZE,GTM,8
1774469,59,93,8,2014.0,746709.0,60699.0,1.761204,-0.148263,CZE,GTM,8
1774470,59,93,8,2015.0,751788.0,474629.0,1.812925,0.13373,CZE,GTM,8
1774471,59,93,8,2019.0,1229055.0,376887.0,1.7903779999999998,0.10644100000000001,CZE,GTM,8
1774472,59,93,8,2012.0,517229.0,102284.0,1.7368299999999999,-0.651329,CZE,GTM,8
1774473,59,93,8,1993.0,62217.0,0.0,1.2642,1.746371,CZE,GTM,8
1774474,59,93,8,1997.0,8610.0,2334.0,1.450452,1.031814,CZE,GTM,8
1774475,59,93,8,1998.0,133227.0,8542.0,1.505737,0.8389909999999999,CZE,GTM,8
1774476,59,93,8,1999.0,179324.0,0.0,1.4655790000000002,1.0322120000000001,CZE,GTM,8
1774477,59,93,8,2002.0,236936.0,49390.0,1.5835139999999999,0.9563010000000001,CZE,GTM,8
1774478,59,93,8,2003.0,627738.0,20548.0,1.6742110000000001,0.569922,CZE,GTM,8
1774479,59,93,8,2004.0,339231.0,0.0,1.612543,0.607495,CZE,GTM,8
1774480,59,93,8,2005.0,91229.0,6765.0,1.625005,0.447671,CZE,GTM,8
1774481,59,93,8,2009.0,373502.0,29593.0,1.679038,-0.129397,CZE,GTM,8
1774482,59,93,8,2010.0,88954.0,34120.0,1.770959,-0.060892999999999996,CZE,GTM,8
1774483,59,93,8,2016.0,589591.0,728869.0,1.818585,0.341356,CZE,GTM,8
1774484,59,93,8,2018.0,770160.0,329504.0,1.8018669999999999,0.022382,CZE,GTM,8
1774485,59,93,8,2017.0,1281621.0,596454.0,1.8494680000000001,0.150088,CZE,GTM,8
1774486,59,93,8,2020.0,1658264.0,624979.0,1.779952,0.16428099999999998,CZE,GTM,8
1774487,59,93,8,1995.0,410636.0,51582.0,1.4096600000000001,1.239983,CZE,GTM,8
1774488,59,93,8,2008.0,196745.0,29395.0,1.643978,-0.24086300000000002,CZE,GTM,8
1774489,59,93,8,1994.0,47133.0,2464.0,1.421819,1.269007,CZE,GTM,8
1774490,59,93,8,1996.0,148956.0,2909.0,1.412088,1.171914,CZE,GTM,8
1774491,61,93,8,1989.0,4614155.0,384329.0,2.23201,-2.161829,DEU,GTM,8
1774492,61,93,8,1990.0,3845318.0,673210.0,2.3047779999999998,-1.900406,DEU,GTM,8
1774493,61,93,8,1991.0,3222700.0,861403.0,2.3225700000000002,-2.126672,DEU,GTM,8
1774494,61,93,8,1992.0,5208711.0,1016854.0,2.2968349999999997,-2.581569,DEU,GTM,8
1774495,61,93,8,1993.0,4880468.0,1425747.0,2.374316,-2.629723,DEU,GTM,8
1774496,61,93,8,1994.0,4471656.0,1438165.0,2.402409,-2.556117,DEU,GTM,8
1774497,61,93,8,1995.0,5089476.0,938189.0,2.4218,-2.412578,DEU,GTM,8
1774498,61,93,8,1996.0,6003882.0,1207587.0,2.347101,-2.4792799999999997,DEU,GTM,8
1774499,61,93,8,1997.0,6255067.0,786169.0,2.360316,-2.655514,DEU,GTM,8
1774500,61,93,8,1998.0,6027162.0,1138216.0,2.398725,-2.483955,DEU,GTM,8
1774501,61,93,8,1999.0,6735994.0,1402532.0,2.3608849999999997,-2.138199,DEU,GTM,8
1774502,61,93,8,2000.0,6517770.0,635135.0,2.3753580000000003,-2.4481029999999997,DEU,GTM,8
1774503,61,93,8,2001.0,8856635.0,1967963.0,2.335872,-2.09875,DEU,GTM,8
1774504,61,93,8,2002.0,9326837.0,734118.0,2.367856,-2.195331,DEU,GTM,8
1774505,61,93,8,2003.0,8370877.0,561537.0,2.409758,-2.243778,DEU,GTM,8
1774506,61,93,8,2004.0,8787824.0,608841.0,2.4453099999999997,-2.331761,DEU,GTM,8
1774507,61,93,8,2005.0,9623888.0,906261.0,2.281822,-2.670782,DEU,GTM,8
1774508,61,93,8,2006.0,14129448.0,1229528.0,2.135679,-2.933329,DEU,GTM,8
1774509,61,93,8,2007.0,16147723.0,1177259.0,2.051962,-3.136816,DEU,GTM,8
1774510,61,93,8,2008.0,12583643.0,1357688.0,2.028301,-3.224271,DEU,GTM,8
1774511,61,93,8,2009.0,11578920.0,1766915.0,2.041426,-3.422743,DEU,GTM,8
1774512,61,93,8,2010.0,14383975.0,954132.0,2.115004,-3.3083650000000002,DEU,GTM,8
1774513,61,93,8,2011.0,20617665.0,1836469.0,2.057418,-3.459737,DEU,GTM,8
1774514,61,93,8,2012.0,19040954.0,5301214.0,1.977443,-3.692254,DEU,GTM,8
1774515,61,93,8,2013.0,20490586.0,6503472.0,2.1086869999999998,-3.7092,DEU,GTM,8
1774516,61,93,8,2014.0,16803941.0,7136305.0,2.106119,-3.225189,DEU,GTM,8
1774517,61,93,8,2015.0,19614645.0,5183982.0,2.305792,-2.676862,DEU,GTM,8
1774518,61,93,8,2016.0,19311000.0,4521146.0,2.307429,-2.341644,DEU,GTM,8
1774519,61,93,8,2017.0,25035374.0,7149507.0,2.164026,-2.458307,DEU,GTM,8
1774520,61,93,8,2018.0,21139191.0,4082291.0,2.126861,-2.619524,DEU,GTM,8
1774521,61,93,8,2019.0,22120447.0,5479827.0,2.058602,-2.218827,DEU,GTM,8
1774522,61,93,8,2020.0,21895477.0,5374311.0,1.961063,-2.199807,DEU,GTM,8
1774523,61,93,8,1962.0,935186.0,74943.0,2.4106549999999998,-0.518005,DEU,GTM,8
1774524,61,93,8,1963.0,1169937.0,901.0,2.393412,-1.411257,DEU,GTM,8
1774525,61,93,8,1964.0,1341661.0,0.0,2.367741,-1.3928690000000001,DEU,GTM,8
1774526,61,93,8,1965.0,1524767.0,0.0,2.468034,-1.4697209999999998,DEU,GTM,8
1774527,61,93,8,1966.0,1477864.0,8874.0,2.355407,-1.375067,DEU,GTM,8
1774528,61,93,8,1967.0,1382890.0,50293.0,2.2959400000000003,-1.771377,DEU,GTM,8
1774529,61,93,8,1968.0,1342787.0,129779.0,2.2253979999999998,-1.8081060000000002,DEU,GTM,8
1774530,61,93,8,1969.0,1596124.0,119131.0,2.314731,-1.690981,DEU,GTM,8
1774531,61,93,8,1970.0,1468708.0,183662.0,2.311743,-1.396571,DEU,GTM,8
1774532,61,93,8,1971.0,1468698.0,206578.0,2.304817,-1.885431,DEU,GTM,8
1774533,61,93,8,1972.0,1251742.0,6227.0,2.3335169999999996,-1.881743,DEU,GTM,8
1774534,61,93,8,1973.0,1765420.0,23759.0,2.28934,-2.513276,DEU,GTM,8
1774535,61,93,8,1974.0,2722382.0,65937.0,1.927656,-3.9276720000000003,DEU,GTM,8
1774536,61,93,8,1975.0,2620966.0,127438.0,2.031848,-4.363862999999999,DEU,GTM,8
1774537,61,93,8,1978.0,3094017.0,126236.0,2.107491,-3.2783559999999996,DEU,GTM,8
1774538,61,93,8,1979.0,6904661.0,641502.0,2.034494,-3.751922,DEU,GTM,8
1774539,61,93,8,1980.0,6187719.0,986891.0,1.8394169999999999,-4.557479,DEU,GTM,8
1774540,61,93,8,1981.0,6142784.0,383656.0,1.8353509999999997,-4.685452,DEU,GTM,8
1774541,61,93,8,1982.0,2557640.0,312227.0,1.9565110000000001,-3.978064,DEU,GTM,8
1774542,61,93,8,1983.0,1442114.0,300463.0,1.977861,-3.3039080000000003,DEU,GTM,8
1774543,61,93,8,1984.0,1888000.0,264096.0,1.980635,-3.3931989999999996,DEU,GTM,8
1774544,61,93,8,1985.0,2357001.0,138166.0,2.088849,-3.337592,DEU,GTM,8
1774545,61,93,8,1986.0,2087793.0,281473.0,2.295101,-2.270203,DEU,GTM,8
1774546,61,93,8,1987.0,3651114.0,286100.0,2.307656,-1.7128450000000002,DEU,GTM,8
1774547,61,93,8,1988.0,4077158.0,525013.0,2.2490580000000002,-1.9861400000000002,DEU,GTM,8
1774548,61,93,8,1977.0,0.0,201707.0,1.697741,-4.697726,DEU,GTM,8
1774549,62,93,8,2016.0,102004.0,0.0,-0.267615,-0.787596,DJI,GTM,8
1774550,63,93,8,2004.0,0.0,1873.0,0.478601,0.368796,DMA,GTM,8
1774551,63,93,8,2016.0,0.0,5045.0,0.185043,-0.14673599999999998,DMA,GTM,8
1774552,63,93,8,2005.0,0.0,1538.0,0.359637,0.11206600000000001,DMA,GTM,8
1774553,63,93,8,2006.0,0.0,193801.0,0.203098,-0.09402999999999999,DMA,GTM,8
1774554,63,93,8,2007.0,0.0,209207.0,0.655892,0.285846,DMA,GTM,8
1774555,63,93,8,2008.0,0.0,2055.0,0.531327,0.28411,DMA,GTM,8
1774556,63,93,8,2009.0,0.0,20786.0,0.326968,-0.043425,DMA,GTM,8
1774557,63,93,8,2010.0,0.0,31258.0,0.332789,0.141835,DMA,GTM,8
1774558,63,93,8,2012.0,0.0,9775.0,0.533405,0.328602,DMA,GTM,8
1774559,63,93,8,2003.0,0.0,1081.0,0.128251,-0.194767,DMA,GTM,8
1774560,63,93,8,2000.0,0.0,38497.0,0.8950530000000001,0.295721,DMA,GTM,8
1774561,63,93,8,1996.0,0.0,40200.0,0.521576,-0.075879,DMA,GTM,8
1774562,63,93,8,1999.0,0.0,5834.0,0.742722,0.285585,DMA,GTM,8
1774563,63,93,8,2001.0,0.0,5329.0,0.573546,0.326301,DMA,GTM,8
1774564,63,93,8,2013.0,0.0,24085.0,0.13787,-0.12528399999999998,DMA,GTM,8
1774565,63,93,8,2014.0,0.0,15199.0,0.32613600000000004,-0.09935,DMA,GTM,8
1774566,63,93,8,2015.0,0.0,19493.0,-0.009263,-0.270525,DMA,GTM,8
1774567,63,93,8,2019.0,0.0,29287.0,0.132599,-0.127522,DMA,GTM,8
1774568,63,93,8,2020.0,0.0,62401.0,0.5001260000000001,0.05689400000000001,DMA,GTM,8
1774569,63,93,8,2002.0,0.0,2183.0,0.212137,-0.112873,DMA,GTM,8
1774570,63,93,8,2011.0,0.0,31264.0,-0.152647,-0.345939,DMA,GTM,8
1774571,64,93,8,1989.0,133484.0,19318.0,1.582175,1.569325,DNK,GTM,8
1774572,64,93,8,1990.0,188142.0,88660.0,1.687973,1.557006,DNK,GTM,8
1774573,64,93,8,1991.0,129241.0,124532.0,1.6556400000000002,1.565383,DNK,GTM,8
1774574,64,93,8,1992.0,109328.0,91455.0,1.696464,1.365743,DNK,GTM,8
1774575,64,93,8,1993.0,205271.0,124051.0,1.6421119999999998,1.364214,DNK,GTM,8
1774576,64,93,8,1994.0,296993.0,102670.0,1.581223,1.4248450000000001,DNK,GTM,8
1774577,64,93,8,1995.0,233903.0,252271.0,1.503884,1.5113889999999999,DNK,GTM,8
1774578,64,93,8,1996.0,201633.0,223067.0,1.416927,1.401766,DNK,GTM,8
1774579,64,93,8,1997.0,244873.0,315433.0,1.422606,1.395373,DNK,GTM,8
1774580,64,93,8,1998.0,316700.0,285492.0,1.33359,1.4028479999999999,DNK,GTM,8
1774581,64,93,8,1999.0,245939.0,108617.0,1.410765,1.344786,DNK,GTM,8
1774582,64,93,8,2000.0,480010.0,135891.0,1.312843,1.4304370000000002,DNK,GTM,8
1774583,64,93,8,2001.0,1206764.0,160623.0,1.356327,1.3288309999999999,DNK,GTM,8
1774584,64,93,8,2002.0,1160633.0,157730.0,1.344708,1.321135,DNK,GTM,8
1774585,64,93,8,2003.0,1228626.0,314083.0,1.343559,1.269764,DNK,GTM,8
1774586,64,93,8,2004.0,1658597.0,338810.0,1.309074,1.2627979999999999,DNK,GTM,8
1774587,64,93,8,2005.0,1569114.0,332741.0,1.30959,1.174674,DNK,GTM,8
1774588,64,93,8,2006.0,1742023.0,267456.0,1.25209,1.133206,DNK,GTM,8
1774589,64,93,8,2007.0,1700766.0,171924.0,1.236224,0.9855430000000001,DNK,GTM,8
1774590,64,93,8,2008.0,984069.0,290349.0,1.2796020000000001,0.8877649999999999,DNK,GTM,8
1774591,64,93,8,2009.0,908484.0,215317.0,1.328905,0.871136,DNK,GTM,8
1774592,64,93,8,2010.0,627621.0,259606.0,1.184863,1.164933,DNK,GTM,8
1774593,64,93,8,2011.0,1242999.0,156225.0,1.178394,1.166879,DNK,GTM,8
1774594,64,93,8,2012.0,1158187.0,148182.0,1.159478,1.053761,DNK,GTM,8
1774595,64,93,8,2013.0,927667.0,236868.0,1.190302,1.062991,DNK,GTM,8
1774596,64,93,8,2014.0,462982.0,183245.0,1.15411,1.160462,DNK,GTM,8
1774597,64,93,8,2015.0,1639712.0,272892.0,1.142526,1.203298,DNK,GTM,8
1774598,64,93,8,2016.0,1355192.0,169154.0,1.0572629999999998,1.4157540000000002,DNK,GTM,8
1774599,64,93,8,2017.0,1401120.0,120869.0,1.143276,1.242437,DNK,GTM,8
1774600,64,93,8,2018.0,1756117.0,132277.0,1.094761,1.337348,DNK,GTM,8
1774601,64,93,8,2019.0,2006112.0,105796.0,1.094496,1.283199,DNK,GTM,8
1774602,64,93,8,2020.0,1745053.0,179729.0,1.1190280000000001,1.1366290000000001,DNK,GTM,8
1774603,64,93,8,1962.0,6902.0,0.0,1.6905080000000001,2.83239,DNK,GTM,8
1774604,64,93,8,1963.0,21755.0,0.0,1.625534,2.9884470000000003,DNK,GTM,8
1774605,64,93,8,1964.0,30289.0,0.0,1.62625,2.935863,DNK,GTM,8
1774606,64,93,8,1965.0,30489.0,0.0,1.7219900000000001,2.978298,DNK,GTM,8
1774607,64,93,8,1966.0,19575.0,0.0,1.5702200000000002,2.8322279999999997,DNK,GTM,8
1774608,64,93,8,1967.0,19816.0,0.0,1.606079,2.800056,DNK,GTM,8
1774609,64,93,8,1968.0,12647.0,0.0,1.5995489999999999,2.6483209999999997,DNK,GTM,8
1774610,64,93,8,1969.0,29557.0,0.0,1.620284,2.448705,DNK,GTM,8
1774611,64,93,8,1970.0,50369.0,544.0,1.546352,2.518089,DNK,GTM,8
1774612,64,93,8,1971.0,30007.0,10233.0,1.5224870000000001,2.45498,DNK,GTM,8
1774613,64,93,8,1972.0,56143.0,1736.0,1.494816,2.368819,DNK,GTM,8
1774614,64,93,8,1973.0,28769.0,3245.0,1.452366,2.3274529999999998,DNK,GTM,8
1774615,64,93,8,1974.0,75287.0,8896.0,1.250675,2.121944,DNK,GTM,8
1774616,64,93,8,1975.0,68474.0,4052.0,1.3746610000000001,1.9036560000000002,DNK,GTM,8
1774617,64,93,8,1976.0,30158.0,9545.0,1.333302,1.8720869999999998,DNK,GTM,8
1774618,64,93,8,1977.0,49600.0,27862.0,1.265108,1.649388,DNK,GTM,8
1774619,64,93,8,1978.0,72980.0,3987.0,1.47145,1.8771740000000001,DNK,GTM,8
1774620,64,93,8,1979.0,68117.0,5196.0,1.495303,1.7304950000000001,DNK,GTM,8
1774621,64,93,8,1980.0,103396.0,9146.0,1.355841,1.64885,DNK,GTM,8
1774622,64,93,8,1981.0,159629.0,16644.0,1.37955,1.55782,DNK,GTM,8
1774623,64,93,8,1982.0,66834.0,5124.0,1.357892,1.7284099999999998,DNK,GTM,8
1774624,64,93,8,1983.0,56825.0,7947.0,1.40949,1.7753860000000001,DNK,GTM,8
1774625,64,93,8,1984.0,80848.0,3754.0,1.472334,1.685285,DNK,GTM,8
1774626,64,93,8,1985.0,69047.0,1120.0,1.4614340000000001,1.7990279999999998,DNK,GTM,8
1774627,64,93,8,1986.0,365387.0,7480.0,1.5491219999999999,1.788502,DNK,GTM,8
1774628,64,93,8,1987.0,172132.0,13668.0,1.566468,1.7916279999999998,DNK,GTM,8
1774629,64,93,8,1988.0,503030.0,35575.0,1.57124,1.636976,DNK,GTM,8
1774630,65,93,8,1992.0,36682.0,105293.0,-0.338979,-0.5049279999999999,DOM,GTM,8
1774631,65,93,8,1993.0,29739.0,591124.0,-0.417041,-0.49745200000000006,DOM,GTM,8
1774632,65,93,8,1994.0,45419.0,241000.0,-0.451088,-0.47493,DOM,GTM,8
1774633,65,93,8,1996.0,88228.0,444029.0,-0.370096,-0.371728,DOM,GTM,8
1774634,65,93,8,1997.0,204913.0,930597.0,-0.5140170000000001,-0.564107,DOM,GTM,8
1774635,65,93,8,2002.0,867159.0,2883467.0,-0.43339300000000003,-0.378827,DOM,GTM,8
1774636,65,93,8,2003.0,1172441.0,2199762.0,-0.36733299999999997,-0.244125,DOM,GTM,8
1774637,65,93,8,2004.0,875619.0,2635367.0,-0.24909699999999999,-0.326783,DOM,GTM,8
1774638,65,93,8,2005.0,1242558.0,4697766.0,-0.18454500000000001,-0.054559,DOM,GTM,8
1774639,65,93,8,2006.0,578281.0,4068186.0,0.044542,0.178998,DOM,GTM,8
1774640,65,93,8,2007.0,878252.0,6104497.0,0.033073000000000005,0.178095,DOM,GTM,8
1774641,65,93,8,2008.0,666612.0,5955050.0,-0.05864,0.32409,DOM,GTM,8
1774642,65,93,8,2009.0,424947.0,6118013.0,-0.20901999999999998,0.43066800000000005,DOM,GTM,8
1774643,65,93,8,2010.0,1388906.0,8900936.0,-0.19651300000000002,0.473103,DOM,GTM,8
1774644,65,93,8,2011.0,1795747.0,8597125.0,-0.233523,0.43093100000000006,DOM,GTM,8
1774645,65,93,8,2012.0,1059784.0,9838630.0,-0.08708300000000001,0.389521,DOM,GTM,8
1774646,65,93,8,2013.0,855307.0,8134242.0,-0.272579,0.42750699999999997,DOM,GTM,8
1774647,65,93,8,2014.0,711010.0,9096773.0,-0.076532,0.472746,DOM,GTM,8
1774648,65,93,8,2015.0,910731.0,9669153.0,-0.267977,0.40571599999999997,DOM,GTM,8
1774649,65,93,8,2016.0,1173822.0,7893343.0,-0.26926500000000003,0.046345,DOM,GTM,8
1774650,65,93,8,2017.0,1350100.0,9102798.0,-0.314875,0.125244,DOM,GTM,8
1774651,65,93,8,2018.0,2454022.0,10144884.0,-0.205988,0.291906,DOM,GTM,8
1774652,65,93,8,2019.0,1329901.0,10576642.0,-0.15646500000000002,0.181969,DOM,GTM,8
1774653,65,93,8,2020.0,899647.0,8394568.0,-0.016727000000000002,0.09173200000000001,DOM,GTM,8
1774654,65,93,8,2001.0,281678.0,1329250.0,-0.55896,-0.517513,DOM,GTM,8
1774655,65,93,8,2000.0,156585.0,929415.0,-0.5679569999999999,-0.61125,DOM,GTM,8
1774656,65,93,8,1998.0,378672.0,1087557.0,-0.637745,-0.721592,DOM,GTM,8
1774657,65,93,8,1995.0,112285.0,543148.0,-0.483878,-0.591176,DOM,GTM,8
1774658,65,93,8,1999.0,303159.0,1295170.0,-0.490572,-0.62673,DOM,GTM,8
1774659,65,93,8,1969.0,0.0,15354.0,-0.476207,-0.674134,DOM,GTM,8
1774660,65,93,8,1971.0,0.0,2228.0,-0.236627,-0.716432,DOM,GTM,8
1774661,65,93,8,1972.0,0.0,20862.0,-0.319533,-0.704217,DOM,GTM,8
1774662,65,93,8,1973.0,0.0,31428.0,-0.110279,-0.614272,DOM,GTM,8
1774663,65,93,8,1974.0,0.0,14204.0,0.07951,-0.499971,DOM,GTM,8
1774664,65,93,8,1975.0,0.0,12134.0,-0.228084,-0.6287510000000001,DOM,GTM,8
1774665,65,93,8,1986.0,2376.0,66043.0,-0.14176,-0.47124399999999994,DOM,GTM,8
1774666,65,93,8,1987.0,0.0,37900.0,-0.149001,-0.46996000000000004,DOM,GTM,8
1774667,65,93,8,1988.0,8434.0,194029.0,-0.291937,-0.507015,DOM,GTM,8
1774668,65,93,8,1989.0,2612.0,71896.0,-0.26882,-0.450275,DOM,GTM,8
1774669,65,93,8,1990.0,6122.0,100648.0,-0.235816,-0.6124229999999999,DOM,GTM,8
1774670,65,93,8,1991.0,2485.0,42699.0,-0.5167229999999999,-0.7057770000000001,DOM,GTM,8
1774671,66,93,8,2013.0,0.0,1690.0,-1.53603,-1.104965,DZA,GTM,8
1774672,66,93,8,2014.0,21045.0,0.0,-1.427966,-1.1216760000000001,DZA,GTM,8
1774673,66,93,8,2015.0,0.0,1151.0,-1.275384,-1.2183190000000002,DZA,GTM,8
1774674,66,93,8,1975.0,0.0,105156.0,-0.970608,-0.580153,DZA,GTM,8
1774675,67,93,8,2002.0,573534.0,129645.0,-0.973858,-0.8924979999999999,ECU,GTM,8
1774676,67,93,8,2006.0,2603153.0,270506.0,-0.9617209999999999,-0.936366,ECU,GTM,8
1774677,67,93,8,2007.0,2585712.0,506587.0,-0.7544649999999999,-0.843109,ECU,GTM,8
1774678,67,93,8,2009.0,1315092.0,496933.0,-0.8419409999999999,-0.934737,ECU,GTM,8
1774679,67,93,8,2010.0,1797887.0,1088228.0,-0.725422,-0.843463,ECU,GTM,8
1774680,67,93,8,2011.0,2508699.0,1515832.0,-0.694541,-0.838952,ECU,GTM,8
1774681,67,93,8,2012.0,2826804.0,995434.0,-0.66209,-0.796325,ECU,GTM,8
1774682,67,93,8,2013.0,2941087.0,1695693.0,-0.8251790000000001,-0.9347200000000001,ECU,GTM,8
1774683,67,93,8,2014.0,2842937.0,2104958.0,-1.0520559999999999,-1.109638,ECU,GTM,8
1774684,67,93,8,2015.0,2939023.0,712030.0,-1.030498,-1.0597450000000002,ECU,GTM,8
1774685,67,93,8,2016.0,3890346.0,308872.0,-1.032726,-1.034297,ECU,GTM,8
1774686,67,93,8,2017.0,3150564.0,764437.0,-1.109413,-1.1561270000000001,ECU,GTM,8
1774687,67,93,8,2018.0,4082195.0,704900.0,-0.9813709999999999,-1.073273,ECU,GTM,8
1774688,67,93,8,2019.0,4854509.0,773947.0,-1.093713,-1.116608,ECU,GTM,8
1774689,67,93,8,2020.0,3447180.0,865204.0,-1.0971229999999998,-1.105097,ECU,GTM,8
1774690,67,93,8,1999.0,198909.0,166720.0,-0.851195,-0.761894,ECU,GTM,8
1774691,67,93,8,2005.0,2353113.0,273491.0,-1.002174,-0.989626,ECU,GTM,8
1774692,67,93,8,1996.0,61001.0,60952.0,-1.128953,-0.960469,ECU,GTM,8
1774693,67,93,8,1997.0,76477.0,102722.0,-1.124002,-1.0084549999999999,ECU,GTM,8
1774694,67,93,8,1998.0,259957.0,159049.0,-0.893438,-0.8476520000000001,ECU,GTM,8
1774695,67,93,8,2000.0,413190.0,79825.0,-1.016643,-0.8385469999999999,ECU,GTM,8
1774696,67,93,8,2003.0,849126.0,307882.0,-0.8590209999999999,-0.765091,ECU,GTM,8
1774697,67,93,8,2008.0,1883706.0,449769.0,-0.742568,-0.923999,ECU,GTM,8
1774698,67,93,8,2001.0,538052.0,84383.0,-0.8668389999999999,-0.891943,ECU,GTM,8
1774699,67,93,8,2004.0,1124353.0,184044.0,-0.990727,-0.9383090000000001,ECU,GTM,8
1774700,67,93,8,1989.0,9226.0,950.0,-0.798362,-0.87955,ECU,GTM,8
1774701,67,93,8,1994.0,206493.0,33841.0,-0.877626,-0.887143,ECU,GTM,8
1774702,67,93,8,1993.0,147010.0,59482.0,-0.9074180000000001,-0.9137780000000001,ECU,GTM,8
1774703,67,93,8,1980.0,0.0,30464.0,-0.714294,-0.765019,ECU,GTM,8
1774704,67,93,8,1987.0,7354.0,16341.0,-0.659342,-0.7918810000000001,ECU,GTM,8
1774705,67,93,8,1992.0,29618.0,25918.0,-0.815778,-0.9415459999999999,ECU,GTM,8
1774706,67,93,8,1986.0,132854.0,3632.0,-0.905904,-0.900432,ECU,GTM,8
1774707,67,93,8,1995.0,201728.0,51390.0,-1.014942,-0.963766,ECU,GTM,8
1774708,67,93,8,1988.0,16873.0,4283.0,-0.9319049999999999,-0.9385700000000001,ECU,GTM,8
1774709,67,93,8,1990.0,7673.0,905.0,-0.609514,-0.863331,ECU,GTM,8
1774710,67,93,8,1991.0,13723.0,0.0,-0.7640819999999999,-0.9101799999999999,ECU,GTM,8
1774711,67,93,8,1975.0,0.0,7145.0,-0.765107,-0.7730779999999999,ECU,GTM,8
1774712,67,93,8,1972.0,15864.0,0.0,-0.833576,-0.867317,ECU,GTM,8
1774713,67,93,8,1974.0,0.0,17168.0,-0.7345149999999999,-0.770166,ECU,GTM,8
1774714,67,93,8,1978.0,0.0,1069.0,-1.081951,-0.806211,ECU,GTM,8
1774715,67,93,8,1979.0,6796.0,0.0,-0.683078,-0.734974,ECU,GTM,8
1774716,67,93,8,1981.0,0.0,38891.0,-0.8977719999999999,-0.8244020000000001,ECU,GTM,8
1774717,67,93,8,1982.0,20911.0,0.0,-0.547312,-0.752739,ECU,GTM,8
1774718,68,93,8,1997.0,143958.0,0.0,-0.34861,0.005477,EGY,GTM,8
1774719,68,93,8,2001.0,0.0,2704.0,-0.346794,0.431229,EGY,GTM,8
1774720,68,93,8,2002.0,11734.0,0.0,-0.37218,0.634319,EGY,GTM,8
1774721,68,93,8,2005.0,24244.0,0.0,-0.340463,0.49389700000000003,EGY,GTM,8
1774722,68,93,8,2006.0,81659.0,0.0,-0.305058,0.294265,EGY,GTM,8
1774723,68,93,8,2007.0,0.0,253782.0,-0.235285,0.627879,EGY,GTM,8
1774724,68,93,8,2008.0,27567.0,0.0,-0.137844,0.9603309999999999,EGY,GTM,8
1774725,68,93,8,2009.0,259890.0,0.0,-0.218081,1.504799,EGY,GTM,8
1774726,68,93,8,2010.0,85184.0,280707.0,-0.209963,1.194495,EGY,GTM,8
1774727,68,93,8,2011.0,196204.0,1232.0,-0.192719,1.27566,EGY,GTM,8
1774728,68,93,8,2012.0,81213.0,0.0,-0.145791,1.470876,EGY,GTM,8
1774729,68,93,8,2013.0,189133.0,0.0,-0.12015799999999999,1.793363,EGY,GTM,8
1774730,68,93,8,2014.0,18540.0,0.0,-0.036009,2.027503,EGY,GTM,8
1774731,68,93,8,2015.0,45859.0,45776.0,-0.162443,1.921616,EGY,GTM,8
1774732,68,93,8,2016.0,55580.0,39507.0,-0.202127,1.9342419999999998,EGY,GTM,8
1774733,68,93,8,2017.0,130970.0,42091.0,-0.09792100000000001,1.9664270000000001,EGY,GTM,8
1774734,68,93,8,2018.0,79003.0,36869.0,-0.093935,1.6368610000000001,EGY,GTM,8
1774735,68,93,8,2019.0,56063.0,85938.0,-0.146901,1.585033,EGY,GTM,8
1774736,68,93,8,2020.0,123220.0,74087.0,-0.08927,1.49673,EGY,GTM,8
1774737,68,93,8,2003.0,10422.0,6525.0,-0.315301,0.657809,EGY,GTM,8
1774738,71,93,8,1989.0,2605793.0,122011.0,1.173997,1.9542689999999998,ESP,GTM,8
1774739,71,93,8,1990.0,2765475.0,160090.0,1.214777,1.957139,ESP,GTM,8
1774740,71,93,8,1991.0,2533599.0,551326.0,1.240047,1.8942240000000001,ESP,GTM,8
1774741,71,93,8,1992.0,2989441.0,1558915.0,1.301511,1.730441,ESP,GTM,8
1774742,71,93,8,1994.0,4067487.0,739063.0,1.254037,1.8126259999999998,ESP,GTM,8
1774743,71,93,8,1995.0,4252770.0,466093.0,1.2111370000000001,1.789998,ESP,GTM,8
1774744,71,93,8,1996.0,3929607.0,405692.0,1.157591,1.795643,ESP,GTM,8
1774745,71,93,8,1997.0,6023812.0,404145.0,1.068989,1.9429439999999998,ESP,GTM,8
1774746,71,93,8,1998.0,6484893.0,334820.0,1.049748,1.842801,ESP,GTM,8
1774747,71,93,8,1999.0,7060152.0,184266.0,1.081651,1.834609,ESP,GTM,8
1774748,71,93,8,2000.0,10058469.0,253559.0,1.158711,1.7613189999999999,ESP,GTM,8
1774749,71,93,8,2001.0,10490850.0,338878.0,1.1380350000000001,1.7870139999999999,ESP,GTM,8
1774750,71,93,8,2002.0,11907667.0,434341.0,1.054108,1.9357349999999998,ESP,GTM,8
1774751,71,93,8,2003.0,11419545.0,458102.0,1.046206,1.869592,ESP,GTM,8
1774752,71,93,8,2004.0,14833328.0,551084.0,1.04057,1.789023,ESP,GTM,8
1774753,71,93,8,2005.0,12702804.0,558973.0,1.053859,1.626516,ESP,GTM,8
1774754,71,93,8,2006.0,14593013.0,1116963.0,0.9909459999999999,1.785809,ESP,GTM,8
1774755,71,93,8,2007.0,20139852.0,1158283.0,1.0031809999999999,1.5022469999999999,ESP,GTM,8
1774756,71,93,8,2008.0,22454214.0,2713102.0,0.96614,1.618105,ESP,GTM,8
1774757,71,93,8,2009.0,18913269.0,3206082.0,1.0229780000000002,1.347901,ESP,GTM,8
1774758,71,93,8,2010.0,23056919.0,1377480.0,0.992818,1.6100700000000001,ESP,GTM,8
1774759,71,93,8,2011.0,22791473.0,1295211.0,0.9554520000000001,1.846371,ESP,GTM,8
1774760,71,93,8,2012.0,23606375.0,1004937.0,0.925701,1.8700189999999999,ESP,GTM,8
1774761,71,93,8,2013.0,25392722.0,1644702.0,0.955472,1.80005,ESP,GTM,8
1774762,71,93,8,2014.0,33962564.0,1943884.0,0.9574159999999999,1.787233,ESP,GTM,8
1774763,71,93,8,2015.0,30309328.0,1945623.0,0.893726,1.9827139999999999,ESP,GTM,8
1774764,71,93,8,2016.0,29582626.0,1677120.0,0.795006,2.203292,ESP,GTM,8
1774765,71,93,8,2017.0,30914065.0,3072402.0,0.7720279999999999,2.434042,ESP,GTM,8
1774766,71,93,8,2018.0,52104688.0,1527046.0,0.851197,2.261012,ESP,GTM,8
1774767,71,93,8,2019.0,35861694.0,1608239.0,0.799822,2.383539,ESP,GTM,8
1774768,71,93,8,2020.0,23274422.0,1812125.0,0.766163,2.268333,ESP,GTM,8
1774769,71,93,8,1993.0,2665974.0,875888.0,1.290443,1.7061099999999998,ESP,GTM,8
1774770,71,93,8,1973.0,1350326.0,3726.0,0.8936069999999999,1.755696,ESP,GTM,8
1774771,71,93,8,1978.0,3240652.0,14671.0,1.118999,2.2511189999999996,ESP,GTM,8
1774772,71,93,8,1979.0,3918431.0,24286.0,1.1771989999999999,2.1863189999999997,ESP,GTM,8
1774773,71,93,8,1981.0,3763733.0,14234.0,1.162348,1.961497,ESP,GTM,8
1774774,71,93,8,1982.0,9688247.0,26524.0,1.205171,1.9682669999999998,ESP,GTM,8
1774775,71,93,8,1983.0,9720042.0,6412.0,1.084614,2.08549,ESP,GTM,8
1774776,71,93,8,1984.0,2263894.0,0.0,1.143494,2.017171,ESP,GTM,8
1774777,71,93,8,1985.0,2210688.0,1093.0,1.242168,1.9889720000000002,ESP,GTM,8
1774778,71,93,8,1980.0,3295762.0,62631.0,1.13714,2.045642,ESP,GTM,8
1774779,71,93,8,1986.0,1326357.0,32368.0,1.208836,2.051042,ESP,GTM,8
1774780,71,93,8,1987.0,2466141.0,113496.0,1.1571069999999999,2.103481,ESP,GTM,8
1774781,71,93,8,1988.0,2170167.0,64653.0,1.11896,2.047666,ESP,GTM,8
1774782,71,93,8,1972.0,883465.0,3109.0,0.9582149999999999,1.7064110000000001,ESP,GTM,8
1774783,71,93,8,1962.0,283245.0,0.0,0.532313,0.44270299999999996,ESP,GTM,8
1774784,71,93,8,1963.0,270726.0,0.0,0.44889799999999996,0.624797,ESP,GTM,8
1774785,71,93,8,1964.0,324122.0,1025.0,0.604835,0.909892,ESP,GTM,8
1774786,71,93,8,1965.0,260986.0,0.0,0.710541,1.062915,ESP,GTM,8
1774787,71,93,8,1966.0,467225.0,3443.0,0.696233,1.012546,ESP,GTM,8
1774788,71,93,8,1967.0,705097.0,0.0,0.7215229999999999,1.200404,ESP,GTM,8
1774789,71,93,8,1968.0,620480.0,2749.0,0.781529,1.259275,ESP,GTM,8
1774790,71,93,8,1969.0,576070.0,11381.0,1.081226,1.700386,ESP,GTM,8
1774791,71,93,8,1970.0,559257.0,0.0,0.9979129999999999,1.7401209999999998,ESP,GTM,8
1774792,71,93,8,1971.0,677689.0,6863.0,0.9618040000000001,1.789808,ESP,GTM,8
1774793,71,93,8,1974.0,1261575.0,4701.0,0.888235,2.233851,ESP,GTM,8
1774794,71,93,8,1975.0,1364413.0,9043.0,0.887158,2.1441830000000004,ESP,GTM,8
1774795,72,93,8,2013.0,0.0,2972.0,0.923321,1.290016,EST,GTM,8
1774796,72,93,8,2014.0,4508.0,0.0,1.022704,1.175645,EST,GTM,8
1774797,72,93,8,2015.0,0.0,6558.0,0.973858,1.131766,EST,GTM,8
1774798,72,93,8,2016.0,4076.0,15346.0,0.958292,1.190173,EST,GTM,8
1774799,72,93,8,2004.0,0.0,29269.0,0.645741,1.035117,EST,GTM,8
1774800,72,93,8,1997.0,0.0,1750.0,0.45792,1.148099,EST,GTM,8
1774801,72,93,8,2011.0,29332.0,7051.0,1.011931,1.182236,EST,GTM,8
1774802,72,93,8,2012.0,1542.0,7536.0,0.8603,1.3146870000000002,EST,GTM,8
1774803,72,93,8,2019.0,0.0,7635.0,0.909962,1.482792,EST,GTM,8
1774804,72,93,8,2007.0,2729.0,19004.0,0.804185,1.324716,EST,GTM,8
1774805,72,93,8,2017.0,16848.0,6604.0,1.004481,1.311075,EST,GTM,8
1774806,72,93,8,2018.0,3559.0,20379.0,0.957627,1.294173,EST,GTM,8
1774807,72,93,8,2006.0,5959.0,0.0,0.737979,1.1881950000000001,EST,GTM,8
1774808,72,93,8,2008.0,0.0,6041.0,0.762949,1.6701869999999999,EST,GTM,8
1774809,72,93,8,2009.0,0.0,2406.0,0.8222790000000001,1.347004,EST,GTM,8
1774810,72,93,8,2010.0,19681.0,0.0,0.803516,1.352642,EST,GTM,8
1774811,72,93,8,2020.0,15386.0,10277.0,0.9863559999999999,1.333008,EST,GTM,8
1774812,72,93,8,2002.0,16331.0,0.0,0.576142,1.168563,EST,GTM,8
1774813,72,93,8,2005.0,12189.0,0.0,0.744712,1.202391,EST,GTM,8
1774814,73,93,8,2005.0,7522.0,0.0,-1.141644,-0.917948,ETH,GTM,8
1774815,73,93,8,2015.0,11665.0,0.0,-0.882566,-0.5860479999999999,ETH,GTM,8
1774816,73,93,8,2016.0,1141.0,0.0,-1.163689,-0.885724,ETH,GTM,8
1774817,73,93,8,2017.0,10839.0,0.0,-0.874714,-0.58418,ETH,GTM,8
1774818,73,93,8,2019.0,1630.0,0.0,-0.7151350000000001,-0.5537569999999999,ETH,GTM,8
1774819,73,93,8,2009.0,3390.0,0.0,-0.89541,-0.718622,ETH,GTM,8
1774820,73,93,8,2003.0,15868.0,0.0,-1.303143,-1.0157209999999999,ETH,GTM,8
1774821,74,93,8,1994.0,97673.0,20092.0,1.8981270000000001,1.24787,FIN,GTM,8
1774822,74,93,8,2005.0,502756.0,26368.0,1.961555,0.858849,FIN,GTM,8
1774823,74,93,8,2011.0,408321.0,2764.0,1.7162240000000002,0.903516,FIN,GTM,8
1774824,74,93,8,2012.0,310423.0,274499.0,1.5813700000000002,0.872251,FIN,GTM,8
1774825,74,93,8,1992.0,76311.0,31382.0,1.929661,1.3477,FIN,GTM,8
1774826,74,93,8,1993.0,33844.0,31904.0,1.842473,1.3741379999999999,FIN,GTM,8
1774827,74,93,8,1995.0,47031.0,8780.0,2.108075,1.099059,FIN,GTM,8
1774828,74,93,8,1996.0,76881.0,15267.0,2.007619,1.016303,FIN,GTM,8
1774829,74,93,8,1997.0,129399.0,24912.0,1.991377,1.047477,FIN,GTM,8
1774830,74,93,8,1998.0,182310.0,12846.0,1.955559,0.9756879999999999,FIN,GTM,8
1774831,74,93,8,1999.0,182604.0,30255.0,1.9599389999999999,0.962261,FIN,GTM,8
1774832,74,93,8,2000.0,170751.0,70481.0,1.9705560000000002,0.874341,FIN,GTM,8
1774833,74,93,8,2001.0,207713.0,24904.0,1.9661669999999998,1.000436,FIN,GTM,8
1774834,74,93,8,2006.0,357231.0,283837.0,1.8630220000000002,0.87172,FIN,GTM,8
1774835,74,93,8,2010.0,349398.0,207851.0,1.6940389999999999,0.946305,FIN,GTM,8
1774836,74,93,8,2007.0,390196.0,85263.0,1.845464,0.736017,FIN,GTM,8
1774837,74,93,8,2009.0,287444.0,121811.0,1.817984,0.808595,FIN,GTM,8
1774838,74,93,8,2014.0,143955.0,303704.0,1.591758,0.9737819999999999,FIN,GTM,8
1774839,74,93,8,2008.0,339075.0,205847.0,1.72795,0.837151,FIN,GTM,8
1774840,74,93,8,2017.0,64459.0,303123.0,1.6562990000000002,0.94619,FIN,GTM,8
1774841,74,93,8,2019.0,377632.0,259124.0,1.453063,1.008861,FIN,GTM,8
1774842,74,93,8,2020.0,374091.0,226275.0,1.4016469999999999,1.07154,FIN,GTM,8
1774843,74,93,8,2004.0,406004.0,22636.0,1.9662810000000002,1.018108,FIN,GTM,8
1774844,74,93,8,2013.0,47421.0,252641.0,1.700282,0.867677,FIN,GTM,8
1774845,74,93,8,2018.0,1191382.0,256860.0,1.561518,1.0198450000000001,FIN,GTM,8
1774846,74,93,8,1974.0,3268.0,1750.0,1.2140520000000001,1.441429,FIN,GTM,8
1774847,74,93,8,1975.0,62646.0,2513.0,1.346743,1.638866,FIN,GTM,8
1774848,74,93,8,1976.0,50139.0,0.0,1.414654,1.332183,FIN,GTM,8
1774849,74,93,8,1977.0,30806.0,0.0,1.2614370000000001,1.231442,FIN,GTM,8
1774850,74,93,8,1978.0,59131.0,0.0,1.429258,1.295421,FIN,GTM,8
1774851,74,93,8,1979.0,23604.0,3964.0,1.401422,1.438568,FIN,GTM,8
1774852,74,93,8,1980.0,205786.0,0.0,1.3408579999999999,1.4248610000000002,FIN,GTM,8
1774853,74,93,8,1981.0,116734.0,1407.0,1.26512,1.37789,FIN,GTM,8
1774854,74,93,8,1982.0,26425.0,1539.0,1.494892,1.540117,FIN,GTM,8
1774855,74,93,8,1983.0,0.0,2593.0,1.547773,1.662132,FIN,GTM,8
1774856,74,93,8,1984.0,0.0,4809.0,1.490313,1.587169,FIN,GTM,8
1774857,74,93,8,1985.0,3211.0,10452.0,1.7100950000000001,1.586964,FIN,GTM,8
1774858,74,93,8,1986.0,3272.0,3220.0,1.810314,1.5777370000000002,FIN,GTM,8
1774859,74,93,8,1987.0,8464.0,15637.0,1.804301,1.488441,FIN,GTM,8
1774860,74,93,8,1988.0,20321.0,2718.0,1.7362240000000002,1.461849,FIN,GTM,8
1774861,74,93,8,1989.0,15546.0,23605.0,1.82413,1.400048,FIN,GTM,8
1774862,74,93,8,1990.0,33335.0,23925.0,1.8661130000000001,1.410782,FIN,GTM,8
1774863,74,93,8,1991.0,27067.0,48466.0,1.94885,1.430433,FIN,GTM,8
1774864,74,93,8,2002.0,233443.0,28922.0,1.9545119999999998,1.047515,FIN,GTM,8
1774865,74,93,8,2015.0,85000.0,352373.0,1.58637,1.0265389999999999,FIN,GTM,8
1774866,74,93,8,2016.0,35783.0,298450.0,1.621764,1.026393,FIN,GTM,8
1774867,74,93,8,2003.0,87434.0,174298.0,2.036308,0.9777889999999999,FIN,GTM,8
1774868,74,93,8,1965.0,3908.0,0.0,1.331217,0.73373,FIN,GTM,8
1774869,74,93,8,1969.0,969.0,0.0,1.489982,1.369816,FIN,GTM,8
1774870,74,93,8,1971.0,1098.0,0.0,1.382261,1.410232,FIN,GTM,8
1774871,74,93,8,1972.0,9997.0,0.0,1.3664379999999998,1.336475,FIN,GTM,8
1774872,75,93,8,2005.0,48687.0,0.0,-0.607529,-0.160206,FJI,GTM,8
1774873,77,93,8,1990.0,729667.0,586740.0,1.669715,1.508365,FRA,GTM,8
1774874,77,93,8,1991.0,707998.0,702360.0,1.7085,1.57273,FRA,GTM,8
1774875,77,93,8,1992.0,877744.0,555303.0,1.682766,1.2713430000000001,FRA,GTM,8
1774876,77,93,8,1993.0,1151642.0,678235.0,1.7458349999999998,0.79503,FRA,GTM,8
1774877,77,93,8,1994.0,916454.0,1049743.0,1.695588,1.057641,FRA,GTM,8
1774878,77,93,8,1995.0,1943662.0,525417.0,1.852554,0.414677,FRA,GTM,8
1774879,77,93,8,1996.0,1322209.0,566568.0,1.571365,1.187529,FRA,GTM,8
1774880,77,93,8,1997.0,1630128.0,578702.0,1.6737630000000001,0.7499439999999999,FRA,GTM,8
1774881,77,93,8,1998.0,2033957.0,663624.0,1.653518,0.7599899999999999,FRA,GTM,8
1774882,77,93,8,1999.0,2090527.0,442690.0,1.636221,0.682519,FRA,GTM,8
1774883,77,93,8,2000.0,1881165.0,536083.0,1.644969,0.56481,FRA,GTM,8
1774884,77,93,8,2001.0,2314781.0,409078.0,1.6143809999999998,0.626221,FRA,GTM,8
1774885,77,93,8,2002.0,3027322.0,529129.0,1.648526,0.6870430000000001,FRA,GTM,8
1774886,77,93,8,2003.0,3700167.0,659944.0,1.634758,0.66581,FRA,GTM,8
1774887,77,93,8,2004.0,3873516.0,459630.0,1.57079,0.6776760000000001,FRA,GTM,8
1774888,77,93,8,2005.0,2510126.0,1107138.0,1.525785,0.543208,FRA,GTM,8
1774889,77,93,8,2006.0,2936598.0,1671104.0,1.499686,0.16705699999999998,FRA,GTM,8
1774890,77,93,8,2007.0,6552155.0,860608.0,1.413086,-0.07526000000000001,FRA,GTM,8
1774891,77,93,8,2008.0,6617384.0,460141.0,1.488816,-0.452563,FRA,GTM,8
1774892,77,93,8,2009.0,4943076.0,622962.0,1.527516,-0.306229,FRA,GTM,8
1774893,77,93,8,2010.0,2370697.0,746729.0,1.5047760000000001,0.001199,FRA,GTM,8
1774894,77,93,8,2011.0,4554084.0,1595339.0,1.464241,0.097453,FRA,GTM,8
1774895,77,93,8,2012.0,6507067.0,2231874.0,1.414721,0.07219600000000001,FRA,GTM,8
1774896,77,93,8,2013.0,10121389.0,3109950.0,1.5253299999999999,0.026146,FRA,GTM,8
1774897,77,93,8,2014.0,11837862.0,4722363.0,1.432323,0.43023,FRA,GTM,8
1774898,77,93,8,2015.0,8737089.0,3673097.0,1.439999,0.764368,FRA,GTM,8
1774899,77,93,8,2016.0,8848300.0,2842979.0,1.490723,0.8471559999999999,FRA,GTM,8
1774900,77,93,8,2017.0,4511552.0,2864991.0,1.3874030000000002,0.8887719999999999,FRA,GTM,8
1774901,77,93,8,2018.0,7580523.0,2556403.0,1.3578540000000001,0.9033700000000001,FRA,GTM,8
1774902,77,93,8,2019.0,7161606.0,3557356.0,1.293666,1.116506,FRA,GTM,8
1774903,77,93,8,2020.0,7984078.0,2862267.0,1.2875159999999999,0.9690559999999999,FRA,GTM,8
1774904,77,93,8,1962.0,87786.0,0.0,1.846026,2.297136,FRA,GTM,8
1774905,77,93,8,1963.0,102667.0,0.0,1.8066380000000002,2.178048,FRA,GTM,8
1774906,77,93,8,1964.0,135006.0,0.0,1.864081,1.702066,FRA,GTM,8
1774907,77,93,8,1965.0,193706.0,0.0,1.965084,1.587269,FRA,GTM,8
1774908,77,93,8,1966.0,169572.0,0.0,1.789189,2.2593080000000003,FRA,GTM,8
1774909,77,93,8,1967.0,261388.0,0.0,1.78608,1.9817189999999998,FRA,GTM,8
1774910,77,93,8,1968.0,196781.0,1069.0,1.7160810000000002,1.713236,FRA,GTM,8
1774911,77,93,8,1969.0,251619.0,2856.0,1.8168810000000002,1.280003,FRA,GTM,8
1774912,77,93,8,1970.0,159702.0,0.0,1.7668139999999999,1.386095,FRA,GTM,8
1774913,77,93,8,1971.0,173532.0,11302.0,1.7299959999999999,1.562786,FRA,GTM,8
1774914,77,93,8,1972.0,223931.0,6762.0,1.659743,1.8874959999999998,FRA,GTM,8
1774915,77,93,8,1973.0,203485.0,4591.0,1.6488599999999998,1.432863,FRA,GTM,8
1774916,77,93,8,1974.0,257573.0,22348.0,1.477955,-0.689535,FRA,GTM,8
1774917,77,93,8,1975.0,288808.0,42040.0,1.613889,-0.820149,FRA,GTM,8
1774918,77,93,8,1978.0,847054.0,1186.0,1.646955,0.9724659999999999,FRA,GTM,8
1774919,77,93,8,1979.0,1550944.0,71024.0,1.647521,0.415969,FRA,GTM,8
1774920,77,93,8,1980.0,1385009.0,177681.0,1.498672,-0.30297399999999997,FRA,GTM,8
1774921,77,93,8,1981.0,1065081.0,51001.0,1.522777,-0.132459,FRA,GTM,8
1774922,77,93,8,1982.0,1877886.0,31694.0,1.572164,0.28068000000000004,FRA,GTM,8
1774923,77,93,8,1983.0,652918.0,40157.0,1.568431,0.46635299999999996,FRA,GTM,8
1774924,77,93,8,1984.0,722899.0,0.0,1.600737,0.828666,FRA,GTM,8
1774925,77,93,8,1985.0,505465.0,9820.0,1.644796,0.825614,FRA,GTM,8
1774926,77,93,8,1986.0,967280.0,14760.0,1.6510099999999999,1.772803,FRA,GTM,8
1774927,77,93,8,1987.0,2993895.0,872675.0,1.7136770000000001,1.574565,FRA,GTM,8
1774928,77,93,8,1988.0,5456492.0,984497.0,1.646985,1.580049,FRA,GTM,8
1774929,77,93,8,1989.0,627909.0,1117039.0,1.5896549999999998,1.5629709999999999,FRA,GTM,8
1774930,80,93,8,2010.0,2060.0,0.0,-1.229506,-1.135165,GAB,GTM,8
1774931,80,93,8,2011.0,6463.0,0.0,-1.1257540000000001,-1.104934,GAB,GTM,8
1774932,81,93,8,1988.0,1262123.0,72246.0,1.8213439999999999,1.159216,GBR,GTM,8
1774933,81,93,8,1989.0,2854647.0,216310.0,1.832586,1.199455,GBR,GTM,8
1774934,81,93,8,1990.0,1439244.0,307791.0,1.977629,1.004624,GBR,GTM,8
1774935,81,93,8,1991.0,1490895.0,516952.0,1.9737060000000002,1.125521,GBR,GTM,8
1774936,81,93,8,1992.0,1916461.0,918877.0,1.8901810000000001,0.9274030000000001,GBR,GTM,8
1774937,81,93,8,1993.0,2331572.0,1038591.0,1.868148,1.0931,GBR,GTM,8
1774938,81,93,8,1994.0,1467444.0,892065.0,1.9469439999999998,0.9958540000000001,GBR,GTM,8
1774939,81,93,8,1995.0,1475035.0,415670.0,1.876209,1.117718,GBR,GTM,8
1774940,81,93,8,1996.0,1329031.0,300336.0,1.948148,0.882453,GBR,GTM,8
1774941,81,93,8,1997.0,1596038.0,280891.0,1.9742490000000001,0.7046359999999999,GBR,GTM,8
1774942,81,93,8,1998.0,1551710.0,232576.0,2.000695,0.397047,GBR,GTM,8
1774943,81,93,8,1999.0,1536024.0,653596.0,2.0135549999999998,0.749078,GBR,GTM,8
1774944,81,93,8,2000.0,1510249.0,1347216.0,2.099928,0.564025,GBR,GTM,8
1774945,81,93,8,2001.0,1997644.0,1584186.0,2.1068439999999997,0.658575,GBR,GTM,8
1774946,81,93,8,2002.0,1722151.0,2803270.0,2.067395,0.7934359999999999,GBR,GTM,8
1774947,81,93,8,2003.0,1705279.0,2368737.0,1.9672990000000001,0.793304,GBR,GTM,8
1774948,81,93,8,2004.0,1671256.0,2859937.0,1.872987,0.734065,GBR,GTM,8
1774949,81,93,8,2005.0,1887030.0,2037411.0,1.828858,0.71685,GBR,GTM,8
1774950,81,93,8,2006.0,2397774.0,1935405.0,1.8509779999999998,0.674074,GBR,GTM,8
1774951,81,93,8,2007.0,6533154.0,2011079.0,1.6521099999999997,0.544978,GBR,GTM,8
1774952,81,93,8,2008.0,1585090.0,2173712.0,1.7116040000000001,0.286571,GBR,GTM,8
1774953,81,93,8,2009.0,2026087.0,1314371.0,1.6016219999999999,0.648858,GBR,GTM,8
1774954,81,93,8,2010.0,1869434.0,2019633.0,1.6026989999999999,0.8213229999999999,GBR,GTM,8
1774955,81,93,8,2011.0,2099688.0,5871039.0,1.586516,0.8053739999999999,GBR,GTM,8
1774956,81,93,8,2012.0,2942714.0,1550678.0,1.544653,0.776512,GBR,GTM,8
1774957,81,93,8,2013.0,3528881.0,1910424.0,1.628465,0.77075,GBR,GTM,8
1774958,81,93,8,2014.0,3509289.0,2808709.0,1.542804,0.915499,GBR,GTM,8
1774959,81,93,8,2015.0,4850453.0,3128412.0,1.6475689999999998,0.8981,GBR,GTM,8
1774960,81,93,8,2016.0,4702000.0,3276926.0,1.569616,1.048129,GBR,GTM,8
1774961,81,93,8,2017.0,3970546.0,2719958.0,1.499843,1.120201,GBR,GTM,8
1774962,81,93,8,2018.0,3869409.0,2367319.0,1.481442,1.050259,GBR,GTM,8
1774963,81,93,8,2019.0,4453670.0,2294678.0,1.5290620000000001,0.906005,GBR,GTM,8
1774964,81,93,8,2020.0,4166478.0,2739094.0,1.540208,0.9229510000000001,GBR,GTM,8
1774965,81,93,8,1962.0,70033.0,0.0,2.288769,0.619789,GBR,GTM,8
1774966,81,93,8,1963.0,122048.0,7134.0,2.2784470000000003,-0.302055,GBR,GTM,8
1774967,81,93,8,1964.0,113572.0,0.0,2.2279299999999997,-0.315389,GBR,GTM,8
1774968,81,93,8,1965.0,285303.0,0.0,2.347121,0.389156,GBR,GTM,8
1774969,81,93,8,1966.0,316201.0,693.0,2.2795669999999997,0.23442800000000003,GBR,GTM,8
1774970,81,93,8,1967.0,239789.0,1428.0,2.170976,0.45509700000000003,GBR,GTM,8
1774971,81,93,8,1968.0,507983.0,0.0,2.058025,0.677452,GBR,GTM,8
1774972,81,93,8,1969.0,235680.0,0.0,2.109727,0.776883,GBR,GTM,8
1774973,81,93,8,1970.0,272968.0,6170.0,2.096027,0.26423,GBR,GTM,8
1774974,81,93,8,1971.0,407882.0,2178.0,2.1646669999999997,0.034970999999999995,GBR,GTM,8
1774975,81,93,8,1972.0,422903.0,15233.0,2.202226,-0.618205,GBR,GTM,8
1774976,81,93,8,1973.0,497671.0,21360.0,2.087637,0.165224,GBR,GTM,8
1774977,81,93,8,1974.0,758381.0,43985.0,1.786298,-2.155852,GBR,GTM,8
1774978,81,93,8,1975.0,730476.0,6415.0,1.8978270000000002,-2.19693,GBR,GTM,8
1774979,81,93,8,1978.0,1103992.0,161752.0,1.831127,-0.078639,GBR,GTM,8
1774980,81,93,8,1979.0,1959347.0,230136.0,1.797477,-0.29938200000000004,GBR,GTM,8
1774981,81,93,8,1980.0,1720964.0,99608.0,1.69192,-0.568465,GBR,GTM,8
1774982,81,93,8,1981.0,1179530.0,32591.0,1.6853,-0.663841,GBR,GTM,8
1774983,81,93,8,1982.0,573059.0,63613.0,1.7869009999999999,0.13969600000000001,GBR,GTM,8
1774984,81,93,8,1983.0,334877.0,68281.0,1.7667669999999998,0.944868,GBR,GTM,8
1774985,81,93,8,1984.0,500560.0,17302.0,1.757537,1.1518549999999999,GBR,GTM,8
1774986,81,93,8,1985.0,494627.0,6513.0,1.8823169999999998,0.9483280000000001,GBR,GTM,8
1774987,81,93,8,1986.0,486094.0,64125.0,1.804693,1.67285,GBR,GTM,8
1774988,81,93,8,1987.0,757251.0,22185.0,1.892367,1.56269,GBR,GTM,8
1774989,82,93,8,2013.0,9951.0,0.0,-0.08343099999999999,-0.359692,GEO,GTM,8
1774990,82,93,8,2019.0,0.0,2897.0,0.011664,0.138218,GEO,GTM,8
1774991,82,93,8,2010.0,0.0,142483.0,-0.367673,-0.571092,GEO,GTM,8
1774992,82,93,8,2015.0,22028.0,0.0,-0.262083,-0.426233,GEO,GTM,8
1774993,83,93,8,2011.0,0.0,25751.0,-0.5327569999999999,-0.410415,GHA,GTM,8
1774994,83,93,8,2012.0,0.0,26594.0,-1.0541049999999998,-0.7275590000000001,GHA,GTM,8
1774995,83,93,8,2013.0,0.0,80166.0,-0.696971,-0.5807939999999999,GHA,GTM,8
1774996,83,93,8,2014.0,4143.0,342328.0,-1.1140299999999999,-1.0711700000000002,GHA,GTM,8
1774997,83,93,8,2015.0,0.0,378005.0,-0.7681899999999999,-0.8035939999999999,GHA,GTM,8
1774998,83,93,8,2016.0,19364.0,158613.0,-0.9026200000000001,-0.877508,GHA,GTM,8
1774999,83,93,8,2017.0,0.0,57849.0,-0.910444,-0.906315,GHA,GTM,8
1775000,83,93,8,2018.0,0.0,180626.0,-0.769089,-0.8389200000000001,GHA,GTM,8
1775001,83,93,8,2019.0,0.0,280144.0,-0.853085,-0.813862,GHA,GTM,8
1775002,83,93,8,2020.0,0.0,245423.0,-1.023832,-1.051811,GHA,GTM,8
1775003,84,93,8,2007.0,0.0,1212.0,0.9167360000000001,-0.151383,GIB,GTM,8
1775004,84,93,8,2005.0,0.0,1141.0,0.339696,-0.559844,GIB,GTM,8
1775005,84,93,8,2003.0,0.0,2144.0,1.057276,-0.257828,GIB,GTM,8
1775006,86,93,8,1995.0,0.0,2317.0,0.669752,-0.016954,GLP,GTM,8
1775007,86,93,8,1994.0,0.0,1782.0,0.8632610000000001,-0.072746,GLP,GTM,8
1775008,86,93,8,1979.0,0.0,4262.0,0.371096,-0.302132,GLP,GTM,8
1775009,86,93,8,1982.0,0.0,1740.0,0.765541,0.055335,GLP,GTM,8
1775010,86,93,8,1991.0,0.0,502.0,0.677117,-0.21495300000000003,GLP,GTM,8
1775011,89,93,8,2017.0,0.0,316280.0,-1.827655,-0.960685,GNQ,GTM,8
1775012,89,93,8,2018.0,0.0,109476.0,-2.065257,-0.986057,GNQ,GTM,8
1775013,90,93,8,2000.0,10906.0,31085.0,0.26193,1.607656,GRC,GTM,8
1775014,90,93,8,2002.0,26524.0,9636.0,0.20355399999999998,1.4130200000000002,GRC,GTM,8
1775015,90,93,8,2003.0,0.0,47510.0,0.30701100000000003,1.498953,GRC,GTM,8
1775016,90,93,8,1997.0,11931.0,17789.0,0.225904,1.291959,GRC,GTM,8
1775017,90,93,8,2001.0,15721.0,20998.0,0.338607,1.506593,GRC,GTM,8
1775018,90,93,8,1996.0,8643.0,28944.0,0.21841799999999997,1.081136,GRC,GTM,8
1775019,90,93,8,1998.0,25466.0,0.0,0.163609,1.342959,GRC,GTM,8
1775020,90,93,8,1999.0,19621.0,33361.0,0.096901,1.2430729999999999,GRC,GTM,8
1775021,90,93,8,2006.0,4807.0,22578.0,0.183748,1.582167,GRC,GTM,8
1775022,90,93,8,2007.0,16529.0,11219.0,0.28791100000000003,1.7558509999999998,GRC,GTM,8
1775023,90,93,8,2008.0,4991.0,31469.0,0.296513,1.7993709999999998,GRC,GTM,8
1775024,90,93,8,2009.0,7616.0,79312.0,0.232498,1.7610810000000001,GRC,GTM,8
1775025,90,93,8,2010.0,3147.0,102376.0,0.17188900000000001,1.662447,GRC,GTM,8
1775026,90,93,8,2011.0,16133.0,36968.0,0.132787,1.579007,GRC,GTM,8
1775027,90,93,8,2012.0,147470.0,1485.0,0.161352,1.273024,GRC,GTM,8
1775028,90,93,8,2013.0,276579.0,2803.0,0.073442,0.9857899999999999,GRC,GTM,8
1775029,90,93,8,2014.0,6440.0,7403.0,0.064193,0.955633,GRC,GTM,8
1775030,90,93,8,2018.0,41554.0,75508.0,0.069841,0.922895,GRC,GTM,8
1775031,90,93,8,2019.0,39163.0,141470.0,0.107647,1.047542,GRC,GTM,8
1775032,90,93,8,2004.0,12028.0,49018.0,0.298029,1.745886,GRC,GTM,8
1775033,90,93,8,2005.0,89354.0,14185.0,0.241533,1.8994240000000002,GRC,GTM,8
1775034,90,93,8,2017.0,104065.0,26248.0,0.10646300000000002,1.0936290000000002,GRC,GTM,8
1775035,90,93,8,1993.0,10111.0,16181.0,0.157325,1.346108,GRC,GTM,8
1775036,90,93,8,2015.0,229872.0,20074.0,0.018393,0.9372149999999999,GRC,GTM,8
1775037,90,93,8,2016.0,21637.0,47538.0,0.053899,1.1259709999999998,GRC,GTM,8
1775038,90,93,8,2020.0,51695.0,43814.0,0.247273,0.9634229999999999,GRC,GTM,8
1775039,90,93,8,1992.0,0.0,3083.0,0.139504,0.743678,GRC,GTM,8
1775040,90,93,8,1995.0,30851.0,26585.0,0.15792899999999999,1.072461,GRC,GTM,8
1775041,91,93,8,2015.0,0.0,92707.0,0.26525,-0.362149,GRD,GTM,8
1775042,91,93,8,2008.0,0.0,10880.0,0.9299930000000001,0.22490300000000002,GRD,GTM,8
1775043,91,93,8,2016.0,0.0,98676.0,1.002307,-0.011001,GRD,GTM,8
1775044,91,93,8,2019.0,0.0,91170.0,0.40048,-0.39829499999999995,GRD,GTM,8
1775045,91,93,8,1993.0,0.0,1207.0,0.46326300000000004,-0.35787399999999997,GRD,GTM,8
1775046,91,93,8,2018.0,0.0,68298.0,0.508417,-0.198203,GRD,GTM,8
1775047,91,93,8,2020.0,0.0,86100.0,0.40727199999999997,-0.144992,GRD,GTM,8
1775048,91,93,8,2017.0,0.0,76544.0,0.47027399999999997,-0.272036,GRD,GTM,8
1775049,91,93,8,2010.0,0.0,25956.0,-0.06595,-0.6857340000000001,GRD,GTM,8
1775050,91,93,8,2011.0,0.0,24478.0,0.018753,-0.507487,GRD,GTM,8
1775051,91,93,8,2012.0,0.0,83793.0,0.309674,-0.386334,GRD,GTM,8
1775052,91,93,8,2013.0,0.0,3900.0,0.04823,-0.473217,GRD,GTM,8
1775053,91,93,8,2014.0,0.0,83251.0,0.30344,-0.5055350000000001,GRD,GTM,8
1775054,92,93,8,1998.0,2859.0,0.0,-0.956558,-0.958098,GRL,GTM,8
1775055,92,93,8,1999.0,17611.0,0.0,-0.668137,-0.9449190000000001,GRL,GTM,8
1775056,96,93,8,1998.0,0.0,3077.0,-0.6509010000000001,-0.767826,GUY,GTM,8
1775057,96,93,8,1999.0,0.0,22561.0,-0.8731450000000001,-0.943556,GUY,GTM,8
1775058,96,93,8,2000.0,0.0,35440.0,-0.7425069999999999,-0.892847,GUY,GTM,8
1775059,96,93,8,2001.0,0.0,31696.0,-1.026002,-0.937657,GUY,GTM,8
1775060,96,93,8,2002.0,0.0,26085.0,-1.050604,-0.9015549999999999,GUY,GTM,8
1775061,96,93,8,2003.0,0.0,14823.0,-0.639613,-0.702941,GUY,GTM,8
1775062,96,93,8,2004.0,0.0,20066.0,-0.932802,-0.9846530000000001,GUY,GTM,8
1775063,96,93,8,2005.0,0.0,71088.0,-0.532714,-0.683136,GUY,GTM,8
1775064,96,93,8,2006.0,0.0,13466.0,-0.637993,-0.880094,GUY,GTM,8
1775065,96,93,8,2007.0,0.0,188953.0,-0.6742090000000001,-0.8349270000000001,GUY,GTM,8
1775066,96,93,8,2008.0,0.0,670968.0,-0.885984,-0.969572,GUY,GTM,8
1775067,96,93,8,2009.0,0.0,28118.0,-0.932477,-0.978972,GUY,GTM,8
1775068,96,93,8,2010.0,0.0,62336.0,-0.9121610000000001,-1.0576530000000002,GUY,GTM,8
1775069,96,93,8,2011.0,0.0,79087.0,-0.850241,-1.053267,GUY,GTM,8
1775070,96,93,8,2017.0,0.0,112374.0,-0.647247,-0.770389,GUY,GTM,8
1775071,96,93,8,2018.0,0.0,88877.0,-0.83525,-1.040274,GUY,GTM,8
1775072,96,93,8,2019.0,129080.0,133187.0,-0.623306,-0.738366,GUY,GTM,8
1775073,96,93,8,2012.0,0.0,90476.0,-0.748712,-0.8608950000000001,GUY,GTM,8
1775074,96,93,8,2013.0,0.0,93266.0,-0.90241,-0.957449,GUY,GTM,8
1775075,96,93,8,2015.0,0.0,58814.0,-0.93801,-0.946212,GUY,GTM,8
1775076,96,93,8,2014.0,0.0,54503.0,-0.88674,-1.048691,GUY,GTM,8
1775077,96,93,8,2016.0,0.0,83028.0,-0.496113,-0.817237,GUY,GTM,8
1775078,96,93,8,2020.0,0.0,213769.0,-0.433696,-0.8563149999999999,GUY,GTM,8
1775079,97,93,8,1990.0,4238559.0,0.0,0.857824,1.566243,HKG,GTM,8
1775080,97,93,8,1991.0,4058929.0,0.0,0.802905,1.642985,HKG,GTM,8
1775081,97,93,8,1992.0,9711148.0,4093.0,0.754112,1.911201,HKG,GTM,8
1775082,97,93,8,1993.0,10836250.0,1564.0,0.63574,1.8439419999999997,HKG,GTM,8
1775083,97,93,8,1994.0,12330368.0,19689.0,0.709601,2.076227,HKG,GTM,8
1775084,97,93,8,1995.0,11409601.0,18809.0,0.5372060000000001,1.6845279999999998,HKG,GTM,8
1775085,97,93,8,1996.0,10352272.0,57753.0,0.699041,1.8341720000000001,HKG,GTM,8
1775086,97,93,8,1997.0,13989941.0,44067.0,0.475945,1.7576919999999998,HKG,GTM,8
1775087,97,93,8,1998.0,14660846.0,8595.0,0.5166850000000001,1.671371,HKG,GTM,8
1775088,97,93,8,1999.0,14872131.0,14808.0,0.553521,1.504111,HKG,GTM,8
1775089,97,93,8,2000.0,10994489.0,1507.0,0.564112,1.776282,HKG,GTM,8
1775090,97,93,8,2001.0,11814080.0,10637.0,0.639538,1.5157610000000001,HKG,GTM,8
1775091,97,93,8,2002.0,20720185.0,124206.0,0.704932,1.291658,HKG,GTM,8
1775092,97,93,8,2003.0,21712548.0,85395.0,0.64249,1.2309379999999999,HKG,GTM,8
1775093,97,93,8,2004.0,22710821.0,119192.0,0.72816,1.403171,HKG,GTM,8
1775094,97,93,8,2005.0,17419504.0,395012.0,0.68858,1.266274,HKG,GTM,8
1775095,97,93,8,2006.0,25620234.0,429598.0,0.63347,1.276634,HKG,GTM,8
1775096,97,93,8,2007.0,32002219.0,314456.0,0.756476,1.286757,HKG,GTM,8
1775097,97,93,8,2008.0,27448132.0,88667.0,0.786315,1.316726,HKG,GTM,8
1775098,97,93,8,2009.0,13625953.0,96894.0,0.685573,1.199315,HKG,GTM,8
1775099,97,93,8,2010.0,24465352.0,671457.0,0.837134,1.189309,HKG,GTM,8
1775100,97,93,8,2011.0,22881364.0,1593053.0,0.864772,1.1197139999999999,HKG,GTM,8
1775101,97,93,8,2012.0,24381878.0,1243097.0,0.788308,1.029625,HKG,GTM,8
1775102,97,93,8,2013.0,22385739.0,2269035.0,0.791401,1.249845,HKG,GTM,8
1775103,97,93,8,2014.0,27507510.0,2713265.0,0.9198440000000001,1.257131,HKG,GTM,8
1775104,97,93,8,2015.0,22491102.0,2167737.0,1.011511,1.2510059999999998,HKG,GTM,8
1775105,97,93,8,2016.0,23019119.0,1503540.0,0.877619,1.0765790000000002,HKG,GTM,8
1775106,97,93,8,2017.0,20118790.0,2190817.0,0.877065,1.1615520000000001,HKG,GTM,8
1775107,97,93,8,2018.0,18933082.0,2461547.0,0.8625149999999999,1.21001,HKG,GTM,8
1775108,97,93,8,2019.0,17730952.0,2793975.0,0.976556,1.2446270000000001,HKG,GTM,8
1775109,97,93,8,2020.0,15177323.0,2184457.0,1.086052,0.815938,HKG,GTM,8
1775110,97,93,8,1963.0,96710.0,0.0,1.406142,1.7581639999999998,HKG,GTM,8
1775111,97,93,8,1964.0,135889.0,0.0,1.375108,1.553683,HKG,GTM,8
1775112,97,93,8,1965.0,294228.0,0.0,1.484299,1.5623200000000002,HKG,GTM,8
1775113,97,93,8,1966.0,166531.0,0.0,1.334047,1.540347,HKG,GTM,8
1775114,97,93,8,1967.0,283473.0,0.0,1.491538,1.48129,HKG,GTM,8
1775115,97,93,8,1968.0,256363.0,0.0,1.397888,1.218178,HKG,GTM,8
1775116,97,93,8,1969.0,377721.0,0.0,1.437077,1.1915870000000002,HKG,GTM,8
1775117,97,93,8,1970.0,294084.0,0.0,1.327474,1.209848,HKG,GTM,8
1775118,97,93,8,1971.0,365003.0,0.0,1.4643760000000001,1.159238,HKG,GTM,8
1775119,97,93,8,1972.0,303317.0,0.0,1.413254,1.2774290000000001,HKG,GTM,8
1775120,97,93,8,1973.0,423646.0,0.0,1.2994709999999998,1.267608,HKG,GTM,8
1775121,97,93,8,1974.0,809542.0,0.0,1.137257,1.2639559999999999,HKG,GTM,8
1775122,97,93,8,1975.0,802209.0,0.0,1.1337540000000002,1.247023,HKG,GTM,8
1775123,97,93,8,1978.0,2289313.0,20086.0,1.058458,1.293126,HKG,GTM,8
1775124,97,93,8,1979.0,2014800.0,3776.0,1.0488110000000002,1.364157,HKG,GTM,8
1775125,97,93,8,1980.0,2559783.0,8103.0,1.149419,1.326548,HKG,GTM,8
1775126,97,93,8,1981.0,2749677.0,0.0,1.041593,1.296638,HKG,GTM,8
1775127,97,93,8,1982.0,1528281.0,0.0,1.0447819999999999,1.5833549999999998,HKG,GTM,8
1775128,97,93,8,1983.0,743844.0,0.0,1.068091,1.7522950000000002,HKG,GTM,8
1775129,97,93,8,1984.0,1744743.0,0.0,1.042478,1.688087,HKG,GTM,8
1775130,97,93,8,1985.0,1494687.0,0.0,0.9896809999999999,2.061391,HKG,GTM,8
1775131,97,93,8,1986.0,1569841.0,0.0,0.986287,1.8016889999999999,HKG,GTM,8
1775132,97,93,8,1987.0,3260547.0,0.0,0.96283,1.5352059999999998,HKG,GTM,8
1775133,97,93,8,1988.0,4757258.0,14877.0,0.920276,1.746432,HKG,GTM,8
1775134,97,93,8,1989.0,4320193.0,0.0,0.8922379999999999,1.6984439999999998,HKG,GTM,8
1775135,97,93,8,1962.0,36356.0,0.0,1.418892,1.801016,HKG,GTM,8
1775136,99,93,8,2009.0,11544088.0,55844128.0,-0.580379,-0.43039499999999997,HND,GTM,8
1775137,99,93,8,2010.0,19060495.0,63764684.0,-0.550834,-0.268997,HND,GTM,8
1775138,99,93,8,2011.0,19450485.0,67316502.0,-0.503186,-0.304759,HND,GTM,8
1775139,99,93,8,2012.0,18573676.0,71700873.0,-0.362811,-0.012651,HND,GTM,8
1775140,99,93,8,2014.0,18263181.0,70386312.0,-0.372433,0.036463,HND,GTM,8
1775141,99,93,8,2015.0,16881661.0,79769104.0,-0.478875,-0.20620500000000003,HND,GTM,8
1775142,99,93,8,2016.0,20901511.0,87058624.0,-0.506029,-0.30843899999999996,HND,GTM,8
1775143,99,93,8,2017.0,20370875.0,93811368.0,-0.44761999999999996,-0.20167100000000002,HND,GTM,8
1775144,99,93,8,2018.0,23581082.0,71131590.0,-0.505516,-0.20719899999999997,HND,GTM,8
1775145,99,93,8,2019.0,37291206.0,86395539.0,-0.532816,-0.261911,HND,GTM,8
1775146,99,93,8,1993.0,1786107.0,5744462.0,-0.532799,-0.5001770000000001,HND,GTM,8
1775147,99,93,8,1994.0,2427995.0,6555126.0,-0.7252310000000001,-0.681511,HND,GTM,8
1775148,99,93,8,1995.0,3164887.0,9940394.0,-0.696233,-0.722594,HND,GTM,8
1775149,99,93,8,2003.0,9053292.0,24835987.0,-0.651507,-0.521705,HND,GTM,8
1775150,99,93,8,2004.0,9282057.0,32200040.0,-0.6372140000000001,-0.453946,HND,GTM,8
1775151,99,93,8,2005.0,10028544.0,38536809.0,-0.739156,-0.5539609999999999,HND,GTM,8
1775152,99,93,8,2006.0,7091117.0,39654582.0,-0.520217,-0.41097399999999995,HND,GTM,8
1775153,99,93,8,2007.0,19378215.0,67643918.0,-0.549499,-0.37743000000000004,HND,GTM,8
1775154,99,93,8,2002.0,10283730.0,18640556.0,-0.637891,-0.564421,HND,GTM,8
1775155,99,93,8,1992.0,2242181.0,4104425.0,-0.5100640000000001,-0.38205900000000004,HND,GTM,8
1775156,99,93,8,1996.0,3384086.0,11143365.0,-0.57404,-0.594276,HND,GTM,8
1775157,99,93,8,1997.0,4308478.0,14054824.0,-0.7449319999999999,-0.50008,HND,GTM,8
1775158,99,93,8,1998.0,7552269.0,18283843.0,-0.726167,-0.594967,HND,GTM,8
1775159,99,93,8,2013.0,19333513.0,79535175.0,-0.6661060000000001,-0.38619699999999996,HND,GTM,8
1775160,99,93,8,1988.0,1182042.0,2998610.0,-0.542692,-0.572868,HND,GTM,8
1775161,99,93,8,1989.0,1159550.0,2379720.0,-0.632015,-0.608662,HND,GTM,8
1775162,99,93,8,1963.0,137759.0,615013.0,-0.011484000000000001,-0.48390900000000003,HND,GTM,8
1775163,99,93,8,1965.0,294408.0,847366.0,-0.430922,-0.673235,HND,GTM,8
1775164,99,93,8,1966.0,871383.0,1342603.0,-0.27612,-0.665231,HND,GTM,8
1775165,99,93,8,1967.0,1099246.0,1312175.0,-0.078194,-0.47080900000000003,HND,GTM,8
1775166,99,93,8,1968.0,1152995.0,1759744.0,-0.115754,-0.5740890000000001,HND,GTM,8
1775167,99,93,8,1969.0,1438377.0,2751787.0,-0.141341,-0.5713229999999999,HND,GTM,8
1775168,99,93,8,1971.0,17014.0,336212.0,-0.47721,-0.841176,HND,GTM,8
1775169,99,93,8,1972.0,71440.0,351650.0,-0.350935,-0.7202529999999999,HND,GTM,8
1775170,99,93,8,1973.0,112380.0,1017216.0,-0.168103,-0.654674,HND,GTM,8
1775171,99,93,8,1974.0,254423.0,1125806.0,0.003073,-0.422889,HND,GTM,8
1775172,99,93,8,1975.0,1271428.0,1351007.0,-0.17757799999999999,-0.44617299999999993,HND,GTM,8
1775173,99,93,8,1999.0,5840465.0,20721939.0,-0.648191,-0.564538,HND,GTM,8
1775174,99,93,8,2000.0,4300207.0,22676348.0,-0.756031,-0.58392,HND,GTM,8
1775175,99,93,8,2001.0,7079630.0,28228033.0,-0.6886899999999999,-0.49161400000000005,HND,GTM,8
1775176,99,93,8,2008.0,18906679.0,77200449.0,-0.6315729999999999,-0.40142,HND,GTM,8
1775177,99,93,8,1964.0,280082.0,733406.0,-0.022940000000000002,-0.506813,HND,GTM,8
1775178,99,93,8,1970.0,1456940.0,5422272.0,0.213567,-0.27926799999999996,HND,GTM,8
1775179,99,93,8,1986.0,928212.0,751752.0,-0.556301,-0.650926,HND,GTM,8
1775180,99,93,8,1987.0,1647286.0,1216332.0,-0.575051,-0.704965,HND,GTM,8
1775181,99,93,8,1991.0,1073184.0,2901103.0,-0.521629,-0.5549569999999999,HND,GTM,8
1775182,99,93,8,2020.0,35419199.0,101258948.0,-0.646945,-0.36156,HND,GTM,8
1775183,99,93,8,1990.0,882062.0,3745311.0,-0.426233,-0.465552,HND,GTM,8
1775184,100,93,8,2003.0,0.0,7301.0,0.6029909999999999,1.451705,HRV,GTM,8
1775185,100,93,8,2004.0,0.0,2070.0,0.744459,1.1994479999999998,HRV,GTM,8
1775186,100,93,8,2006.0,0.0,9659.0,0.866511,1.217552,HRV,GTM,8
1775187,100,93,8,2010.0,0.0,153134.0,0.863374,1.185418,HRV,GTM,8
1775188,100,93,8,2007.0,0.0,26822.0,0.842432,1.248211,HRV,GTM,8
1775189,100,93,8,2009.0,0.0,104551.0,0.9106690000000001,1.108959,HRV,GTM,8
1775190,100,93,8,2012.0,0.0,97465.0,0.881764,1.149456,HRV,GTM,8
1775191,100,93,8,2005.0,71123.0,1244.0,0.782619,1.1784219999999999,HRV,GTM,8
1775192,100,93,8,2008.0,0.0,115270.0,0.919773,1.1982469999999998,HRV,GTM,8
1775193,100,93,8,2011.0,0.0,122210.0,0.943564,1.09591,HRV,GTM,8
1775194,100,93,8,2013.0,0.0,11866.0,0.8737309999999999,1.276091,HRV,GTM,8
1775195,100,93,8,2017.0,1323.0,1046.0,0.8933700000000001,1.4400469999999999,HRV,GTM,8
1775196,100,93,8,2018.0,30636.0,1143.0,0.8873559999999999,1.480788,HRV,GTM,8
1775197,100,93,8,2019.0,63416.0,13444.0,0.871275,1.452933,HRV,GTM,8
1775198,100,93,8,2020.0,6441.0,1084.0,0.80037,1.327511,HRV,GTM,8
1775199,100,93,8,2014.0,4388.0,13025.0,0.8627809999999999,1.3475549999999998,HRV,GTM,8
1775200,100,93,8,1998.0,0.0,1508.0,0.619815,1.2939379999999998,HRV,GTM,8
1775201,100,93,8,2000.0,0.0,3205.0,0.640015,1.1175899999999999,HRV,GTM,8
1775202,100,93,8,2001.0,3569.0,12907.0,0.6315729999999999,1.169338,HRV,GTM,8
1775203,100,93,8,2002.0,0.0,7672.0,0.603546,1.273001,HRV,GTM,8
1775204,101,93,8,2009.0,0.0,53900.0,-0.9793229999999999,-1.100608,HTI,GTM,8
1775205,101,93,8,1981.0,0.0,19715.0,0.434558,0.166844,HTI,GTM,8
1775206,101,93,8,1997.0,0.0,120297.0,-0.6864100000000001,-0.687077,HTI,GTM,8
1775207,101,93,8,1972.0,0.0,4410.0,0.38566999999999996,-0.182196,HTI,GTM,8
1775208,101,93,8,1974.0,0.0,6119.0,0.513293,0.4462,HTI,GTM,8
1775209,101,93,8,1979.0,16379.0,0.0,0.43244799999999994,0.20556799999999997,HTI,GTM,8
1775210,101,93,8,2008.0,0.0,129859.0,-0.913241,-1.021323,HTI,GTM,8
1775211,101,93,8,2006.0,0.0,22161.0,-0.8555889999999999,-1.017282,HTI,GTM,8
1775212,101,93,8,2007.0,0.0,166015.0,-0.718565,-1.026869,HTI,GTM,8
1775213,101,93,8,2012.0,0.0,341748.0,-0.595386,-0.902546,HTI,GTM,8
1775214,101,93,8,2013.0,11295.0,1404479.0,-0.627783,-0.8605309999999999,HTI,GTM,8
1775215,101,93,8,2014.0,2390.0,732045.0,-0.894977,-1.0674379999999999,HTI,GTM,8
1775216,101,93,8,2015.0,34674.0,936864.0,-1.009783,-0.9162520000000001,HTI,GTM,8
1775217,101,93,8,2016.0,23368.0,1775571.0,-1.046859,-1.016459,HTI,GTM,8
1775218,101,93,8,2017.0,64942.0,874757.0,-0.793367,-0.8960459999999999,HTI,GTM,8
1775219,101,93,8,2018.0,53965.0,1574129.0,-0.95605,-0.9751629999999999,HTI,GTM,8
1775220,101,93,8,2019.0,62055.0,830410.0,-0.9143690000000001,-0.9308299999999999,HTI,GTM,8
1775221,101,93,8,2020.0,1471.0,804543.0,-0.6697029999999999,-0.8699819999999999,HTI,GTM,8
1775222,101,93,8,1987.0,0.0,1138.0,0.100398,-0.275136,HTI,GTM,8
1775223,101,93,8,1991.0,0.0,1949.0,0.092314,-0.11983699999999999,HTI,GTM,8
1775224,101,93,8,1998.0,0.0,104505.0,-0.948034,-0.936018,HTI,GTM,8
1775225,101,93,8,1999.0,0.0,138515.0,-1.034833,-0.930628,HTI,GTM,8
1775226,101,93,8,2000.0,0.0,100317.0,-0.946832,-0.818751,HTI,GTM,8
1775227,101,93,8,2001.0,0.0,60637.0,-0.8405809999999999,-0.8236399999999999,HTI,GTM,8
1775228,101,93,8,2002.0,0.0,219102.0,-0.837823,-0.834512,HTI,GTM,8
1775229,101,93,8,2003.0,78837.0,167284.0,-1.045701,-0.959586,HTI,GTM,8
1775230,101,93,8,2004.0,0.0,68768.0,-0.919434,-0.9868950000000001,HTI,GTM,8
1775231,101,93,8,2005.0,131274.0,17646.0,-0.959298,-0.9463719999999999,HTI,GTM,8
1775232,101,93,8,2010.0,0.0,324992.0,-0.756351,-1.0250629999999998,HTI,GTM,8
1775233,101,93,8,2011.0,17366.0,857156.0,-0.925226,-1.030493,HTI,GTM,8
1775234,101,93,8,1992.0,0.0,4075.0,-0.005733,-0.191027,HTI,GTM,8
1775235,102,93,8,2009.0,35299.0,0.0,1.600751,0.723344,HUN,GTM,8
1775236,102,93,8,2016.0,550131.0,0.0,1.7056069999999999,0.788768,HUN,GTM,8
1775237,102,93,8,2017.0,526123.0,0.0,1.6949029999999998,0.723915,HUN,GTM,8
1775238,102,93,8,2018.0,476808.0,0.0,1.6983409999999999,0.693194,HUN,GTM,8
1775239,102,93,8,2019.0,596098.0,0.0,1.622961,0.729688,HUN,GTM,8
1775240,102,93,8,2020.0,616039.0,0.0,1.541669,0.8604440000000001,HUN,GTM,8
1775241,102,93,8,2013.0,332944.0,0.0,1.6962560000000002,0.45460600000000007,HUN,GTM,8
1775242,102,93,8,2014.0,227672.0,0.0,1.713536,0.5681729999999999,HUN,GTM,8
1775243,102,93,8,2015.0,239178.0,0.0,1.704278,0.661207,HUN,GTM,8
1775244,102,93,8,2007.0,86890.0,0.0,1.484644,0.7410869999999999,HUN,GTM,8
1775245,102,93,8,2008.0,79164.0,0.0,1.501854,0.787406,HUN,GTM,8
1775246,102,93,8,1994.0,0.0,1682.0,0.933154,2.085317,HUN,GTM,8
1775247,102,93,8,2002.0,11131.0,0.0,1.232359,1.064425,HUN,GTM,8
1775248,102,93,8,2003.0,56837.0,0.0,1.294374,1.0913540000000002,HUN,GTM,8
1775249,102,93,8,2011.0,252641.0,0.0,1.632633,0.677295,HUN,GTM,8
1775250,102,93,8,2012.0,432084.0,0.0,1.61049,0.44614799999999993,HUN,GTM,8
1775251,102,93,8,1975.0,32133.0,0.0,0.8585709999999999,1.843562,HUN,GTM,8
1775252,102,93,8,1991.0,0.0,20408.0,0.84862,2.0006060000000003,HUN,GTM,8
1775253,102,93,8,1997.0,0.0,5704.0,0.9121799999999999,1.55321,HUN,GTM,8
1775254,102,93,8,1998.0,58357.0,56560.0,0.763876,1.449531,HUN,GTM,8
1775255,102,93,8,1999.0,2910.0,0.0,0.7819699999999999,1.257141,HUN,GTM,8
1775256,102,93,8,2000.0,64874.0,3536.0,1.047497,1.284513,HUN,GTM,8
1775257,102,93,8,2006.0,117702.0,0.0,1.469539,0.8546090000000001,HUN,GTM,8
1775258,102,93,8,2010.0,29926.0,0.0,1.650956,0.702108,HUN,GTM,8
1775259,102,93,8,2004.0,57262.0,0.0,1.3579370000000002,0.9993219999999999,HUN,GTM,8
1775260,102,93,8,2005.0,116317.0,0.0,1.452252,0.852698,HUN,GTM,8
1775261,102,93,8,1996.0,71988.0,1094.0,0.905526,1.887735,HUN,GTM,8
1775262,102,93,8,2001.0,33749.0,4830.0,1.069245,1.2217069999999999,HUN,GTM,8
1775263,102,93,8,1995.0,11294.0,5089.0,0.9214620000000001,1.8206259999999999,HUN,GTM,8
1775264,102,93,8,1993.0,10717.0,0.0,0.9893790000000001,1.959799,HUN,GTM,8
1775265,102,93,8,1967.0,144200.0,0.0,0.8780120000000001,0.814829,HUN,GTM,8
1775266,102,93,8,1987.0,128852.0,0.0,0.771037,1.990734,HUN,GTM,8
1775267,102,93,8,1986.0,5196.0,0.0,0.793216,1.8689790000000002,HUN,GTM,8
1775268,102,93,8,1988.0,14793.0,0.0,0.8619620000000001,1.997927,HUN,GTM,8
1775269,103,93,8,2000.0,422744.0,0.0,0.05846799999999999,1.577531,IDN,GTM,8
1775270,103,93,8,2003.0,613382.0,0.0,0.025965,1.8254810000000001,IDN,GTM,8
1775271,103,93,8,2006.0,710136.0,183776.0,0.0036969999999999998,1.703498,IDN,GTM,8
1775272,103,93,8,2017.0,1908047.0,126822.0,-0.072977,1.376847,IDN,GTM,8
1775273,103,93,8,2019.0,1688071.0,141579.0,-0.004408,1.646785,IDN,GTM,8
1775274,103,93,8,2020.0,4303705.0,134983.0,-0.073974,1.965191,IDN,GTM,8
1775275,103,93,8,2009.0,1624581.0,31899.0,-0.072777,1.4957200000000002,IDN,GTM,8
1775276,103,93,8,2010.0,1505962.0,9929.0,-0.071885,1.3853799999999998,IDN,GTM,8
1775277,103,93,8,2012.0,2282679.0,80049.0,0.045694,1.635448,IDN,GTM,8
1775278,103,93,8,2013.0,2804120.0,133565.0,-0.006876999999999999,1.8336569999999999,IDN,GTM,8
1775279,103,93,8,2014.0,2109123.0,21010.0,0.068135,1.672437,IDN,GTM,8
1775280,103,93,8,2015.0,1294707.0,216836.0,-0.01932,1.6612939999999998,IDN,GTM,8
1775281,103,93,8,2016.0,1409744.0,102829.0,-0.013630000000000001,1.744404,IDN,GTM,8
1775282,103,93,8,2018.0,2028997.0,150824.0,-0.0009939999999999999,1.417371,IDN,GTM,8
1775283,103,93,8,1999.0,863269.0,0.0,-0.03707,1.781111,IDN,GTM,8
1775284,103,93,8,2004.0,685153.0,2198.0,0.010095999999999999,1.7413779999999999,IDN,GTM,8
1775285,103,93,8,2005.0,1057977.0,0.0,-0.07722799999999999,1.622116,IDN,GTM,8
1775286,103,93,8,2001.0,479856.0,0.0,0.039233,1.780659,IDN,GTM,8
1775287,103,93,8,2008.0,2345297.0,5584.0,0.051556,1.544162,IDN,GTM,8
1775288,103,93,8,1997.0,425566.0,0.0,-0.21049600000000002,1.318692,IDN,GTM,8
1775289,103,93,8,1998.0,244063.0,0.0,-0.253262,1.620942,IDN,GTM,8
1775290,103,93,8,2002.0,1133650.0,0.0,0.098182,1.7305840000000001,IDN,GTM,8
1775291,103,93,8,2007.0,1110034.0,9983.0,0.076632,1.853086,IDN,GTM,8
1775292,103,93,8,2011.0,1740013.0,58387.0,0.044654,1.3076370000000002,IDN,GTM,8
1775293,103,93,8,1988.0,2477.0,1575.0,-0.789136,-0.284654,IDN,GTM,8
1775294,103,93,8,1989.0,21182.0,0.0,-0.546808,0.079253,IDN,GTM,8
1775295,103,93,8,1990.0,65940.0,0.0,-0.368679,0.300398,IDN,GTM,8
1775296,103,93,8,1991.0,172049.0,0.0,-0.468001,0.617554,IDN,GTM,8
1775297,103,93,8,1992.0,185191.0,22079.0,-0.5250670000000001,0.717568,IDN,GTM,8
1775298,103,93,8,1993.0,262355.0,12557.0,-0.442924,0.920176,IDN,GTM,8
1775299,103,93,8,1994.0,236611.0,1969.0,-0.37045500000000003,0.804771,IDN,GTM,8
1775300,103,93,8,1995.0,609098.0,0.0,-0.351723,1.294671,IDN,GTM,8
1775301,103,93,8,1996.0,432374.0,11547.0,-0.25952,1.343972,IDN,GTM,8
1775302,103,93,8,1987.0,1935.0,0.0,-0.862966,-0.431507,IDN,GTM,8
1775303,103,93,8,1981.0,0.0,5215.0,-1.470968,-0.7933479999999999,IDN,GTM,8
1775304,103,93,8,1984.0,0.0,4480.0,-0.977973,-0.54892,IDN,GTM,8
1775305,104,93,8,2004.0,647029.0,0.0,0.20872,2.817307,IND,GTM,8
1775306,104,93,8,2007.0,998251.0,33512.0,0.27449,2.811626,IND,GTM,8
1775307,104,93,8,2009.0,3071341.0,100871.0,0.189371,2.48163,IND,GTM,8
1775308,104,93,8,2011.0,3327739.0,349634.0,0.208119,2.513252,IND,GTM,8
1775309,104,93,8,2012.0,5162602.0,829639.0,0.24883200000000003,2.463711,IND,GTM,8
1775310,104,93,8,2013.0,6080313.0,769935.0,0.18186,2.647598,IND,GTM,8
1775311,104,93,8,2014.0,3826026.0,771465.0,0.236316,2.659173,IND,GTM,8
1775312,104,93,8,2015.0,5398249.0,1077627.0,0.23374499999999998,2.830277,IND,GTM,8
1775313,104,93,8,2016.0,7307936.0,1228314.0,0.223813,2.787547,IND,GTM,8
1775314,104,93,8,2017.0,9378439.0,16617.0,0.262126,2.8212040000000003,IND,GTM,8
1775315,104,93,8,2018.0,8157585.0,814205.0,0.536561,2.450287,IND,GTM,8
1775316,104,93,8,2019.0,10584249.0,1556586.0,0.433709,2.64201,IND,GTM,8
1775317,104,93,8,2020.0,7858414.0,1523926.0,0.41626899999999994,2.9597849999999997,IND,GTM,8
1775318,104,93,8,2010.0,2323498.0,22026.0,0.163603,2.471145,IND,GTM,8
1775319,104,93,8,2008.0,1623660.0,3077.0,0.328291,2.96604,IND,GTM,8
1775320,104,93,8,2003.0,535305.0,0.0,0.306526,2.707274,IND,GTM,8
1775321,104,93,8,2005.0,1413636.0,3206.0,0.23850700000000002,2.717123,IND,GTM,8
1775322,104,93,8,2006.0,1703840.0,11490.0,0.202078,2.594677,IND,GTM,8
1775323,104,93,8,2000.0,342839.0,0.0,0.323006,2.3446860000000003,IND,GTM,8
1775324,104,93,8,1985.0,17034.0,0.0,0.196235,1.1820979999999999,IND,GTM,8
1775325,104,93,8,1986.0,2706.0,0.0,0.111757,0.891807,IND,GTM,8
1775326,104,93,8,1987.0,27108.0,0.0,0.227462,1.1684700000000001,IND,GTM,8
1775327,104,93,8,1988.0,20274.0,0.0,0.199801,1.3901620000000001,IND,GTM,8
1775328,104,93,8,1989.0,60996.0,0.0,0.156403,1.439072,IND,GTM,8
1775329,104,93,8,1990.0,34199.0,0.0,0.320425,1.568666,IND,GTM,8
1775330,104,93,8,1991.0,4516.0,0.0,0.21165100000000003,1.793425,IND,GTM,8
1775331,104,93,8,1992.0,21798.0,0.0,0.101094,1.6851180000000001,IND,GTM,8
1775332,104,93,8,1993.0,87797.0,0.0,-0.040976,1.6569450000000001,IND,GTM,8
1775333,104,93,8,1994.0,37896.0,0.0,0.025186,1.772895,IND,GTM,8
1775334,104,93,8,1995.0,113586.0,0.0,0.01404,1.850311,IND,GTM,8
1775335,104,93,8,1996.0,154821.0,18308.0,0.145769,1.983642,IND,GTM,8
1775336,104,93,8,1997.0,86257.0,0.0,0.150788,2.027932,IND,GTM,8
1775337,104,93,8,1998.0,206600.0,0.0,0.23507600000000003,1.9966849999999998,IND,GTM,8
1775338,104,93,8,1999.0,437617.0,0.0,0.255682,2.051914,IND,GTM,8
1775339,104,93,8,2001.0,297869.0,0.0,0.382444,2.538934,IND,GTM,8
1775340,104,93,8,2002.0,281766.0,0.0,0.32974000000000003,2.376477,IND,GTM,8
1775341,106,93,8,1989.0,311280.0,0.0,1.431819,1.6028440000000002,IRL,GTM,8
1775342,106,93,8,1990.0,8733.0,80445.0,1.3686639999999999,1.601638,IRL,GTM,8
1775343,106,93,8,1991.0,3159.0,20411.0,1.458515,1.597335,IRL,GTM,8
1775344,106,93,8,1992.0,7702.0,4996.0,1.454172,1.397052,IRL,GTM,8
1775345,106,93,8,1993.0,28255.0,2013.0,1.406182,1.252259,IRL,GTM,8
1775346,106,93,8,1994.0,35279.0,0.0,1.49633,1.1923059999999999,IRL,GTM,8
1775347,106,93,8,1995.0,471793.0,20393.0,1.33128,1.119522,IRL,GTM,8
1775348,106,93,8,1996.0,91174.0,1355.0,1.476369,1.049152,IRL,GTM,8
1775349,106,93,8,1997.0,225509.0,13807.0,1.579974,1.018361,IRL,GTM,8
1775350,106,93,8,1998.0,319627.0,7543.0,1.563891,0.557487,IRL,GTM,8
1775351,106,93,8,1999.0,264419.0,22887.0,1.6390529999999999,0.434187,IRL,GTM,8
1775352,106,93,8,2002.0,51380.0,21185.0,1.7939310000000002,0.219254,IRL,GTM,8
1775353,106,93,8,2004.0,69264.0,25938.0,1.498475,0.19050799999999998,IRL,GTM,8
1775354,106,93,8,2005.0,641554.0,25795.0,1.510818,0.15796400000000002,IRL,GTM,8
1775355,106,93,8,2019.0,337006.0,222896.0,1.346311,0.08135,IRL,GTM,8
1775356,106,93,8,2000.0,72334.0,6059.0,1.647548,0.34018899999999996,IRL,GTM,8
1775357,106,93,8,2003.0,25559.0,0.0,1.606549,0.271095,IRL,GTM,8
1775358,106,93,8,2006.0,208789.0,115028.0,1.501322,0.161375,IRL,GTM,8
1775359,106,93,8,2007.0,1078561.0,54684.0,1.258902,0.19405999999999998,IRL,GTM,8
1775360,106,93,8,2008.0,712426.0,101508.0,1.616759,0.313842,IRL,GTM,8
1775361,106,93,8,2011.0,451576.0,230426.0,1.3108389999999999,0.416973,IRL,GTM,8
1775362,106,93,8,2016.0,307017.0,273062.0,1.320777,0.057924,IRL,GTM,8
1775363,106,93,8,2017.0,246026.0,213680.0,1.444823,0.158356,IRL,GTM,8
1775364,106,93,8,2020.0,748975.0,166948.0,1.347517,-0.054013,IRL,GTM,8
1775365,106,93,8,2018.0,347368.0,216583.0,1.3647,0.094596,IRL,GTM,8
1775366,106,93,8,2014.0,383472.0,446735.0,1.3749790000000002,0.41131899999999993,IRL,GTM,8
1775367,106,93,8,1973.0,31161.0,0.0,1.02512,2.048268,IRL,GTM,8
1775368,106,93,8,1974.0,12723.0,0.0,1.049669,2.018593,IRL,GTM,8
1775369,106,93,8,1976.0,4300.0,0.0,1.124224,1.771824,IRL,GTM,8
1775370,106,93,8,1977.0,21502.0,0.0,1.0669309999999999,1.7326290000000002,IRL,GTM,8
1775371,106,93,8,1978.0,362235.0,0.0,1.241455,2.019278,IRL,GTM,8
1775372,106,93,8,1980.0,22108.0,960.0,1.1750450000000001,1.8837840000000001,IRL,GTM,8
1775373,106,93,8,1981.0,5324658.0,0.0,1.1687610000000002,1.7450029999999999,IRL,GTM,8
1775374,106,93,8,1982.0,217749.0,0.0,1.196464,1.7925419999999999,IRL,GTM,8
1775375,106,93,8,1983.0,2030.0,0.0,1.2106780000000001,1.870454,IRL,GTM,8
1775376,106,93,8,1984.0,1446.0,0.0,1.2627110000000001,1.863141,IRL,GTM,8
1775377,106,93,8,1985.0,15211.0,0.0,1.387636,1.92661,IRL,GTM,8
1775378,106,93,8,1986.0,45699.0,0.0,1.432528,1.8014740000000002,IRL,GTM,8
1775379,106,93,8,1987.0,95316.0,0.0,1.444875,1.785686,IRL,GTM,8
1775380,106,93,8,1988.0,137444.0,0.0,1.392144,1.66136,IRL,GTM,8
1775381,106,93,8,2009.0,472089.0,57287.0,1.476167,0.182071,IRL,GTM,8
1775382,106,93,8,2010.0,349538.0,122620.0,1.313718,0.320289,IRL,GTM,8
1775383,106,93,8,2012.0,160540.0,516252.0,1.1761549999999998,0.279569,IRL,GTM,8
1775384,106,93,8,2013.0,675348.0,426981.0,1.32787,0.394579,IRL,GTM,8
1775385,106,93,8,2015.0,419062.0,523829.0,1.3574979999999999,0.30526,IRL,GTM,8
1775386,106,93,8,2001.0,295340.0,9296.0,1.751955,0.210628,IRL,GTM,8
1775387,106,93,8,1972.0,12408.0,0.0,1.0786930000000001,1.8527799999999999,IRL,GTM,8
1775388,106,93,8,1975.0,12050.0,0.0,1.024249,1.9186459999999999,IRL,GTM,8
1775389,106,93,8,1970.0,3722.0,0.0,1.0114040000000002,1.6679959999999998,IRL,GTM,8
1775390,106,93,8,1969.0,2000.0,0.0,1.019945,1.368364,IRL,GTM,8
1775391,106,93,8,1971.0,1376.0,0.0,1.0895219999999999,1.885416,IRL,GTM,8
1775392,106,93,8,1965.0,48953.0,0.0,1.2583280000000001,1.46866,IRL,GTM,8
1775393,106,93,8,1967.0,2718.0,0.0,1.1038290000000002,1.361161,IRL,GTM,8
1775394,106,93,8,1968.0,2710.0,0.0,1.054101,1.252786,IRL,GTM,8
1775395,107,93,8,1975.0,0.0,1062.0,-2.038238,-0.614187,IRN,GTM,8
1775396,107,93,8,2004.0,5081.0,0.0,-0.6691699999999999,-1.002548,IRN,GTM,8
1775397,107,93,8,2008.0,8836.0,0.0,-1.22141,-1.096986,IRN,GTM,8
1775398,107,93,8,2009.0,34094.0,0.0,-1.323253,-1.0889719999999998,IRN,GTM,8
1775399,107,93,8,2011.0,8811.0,0.0,-0.9659200000000001,-0.9873870000000001,IRN,GTM,8
1775400,107,93,8,2017.0,0.0,23434.0,-0.305601,-0.42131899999999994,IRN,GTM,8
1775401,107,93,8,2007.0,24586.0,0.0,-0.827161,-0.98065,IRN,GTM,8
1775402,109,93,8,2017.0,0.0,2838.0,0.279223,-0.34883600000000003,ISL,GTM,8
1775403,109,93,8,2007.0,0.0,172686.0,0.104736,-0.366336,ISL,GTM,8
1775404,109,93,8,2010.0,0.0,4114.0,0.105099,-0.41916899999999996,ISL,GTM,8
1775405,109,93,8,2011.0,0.0,1119.0,0.146537,-0.294022,ISL,GTM,8
1775406,109,93,8,2012.0,0.0,2422.0,0.20266800000000001,-0.203262,ISL,GTM,8
1775407,109,93,8,2015.0,0.0,1207.0,0.20566199999999998,-0.5166689999999999,ISL,GTM,8
1775408,109,93,8,2019.0,0.0,4581.0,0.416702,-0.22068400000000002,ISL,GTM,8
1775409,109,93,8,2008.0,0.0,10846.0,0.264519,-0.25590300000000005,ISL,GTM,8
1775410,109,93,8,2020.0,0.0,7533.0,0.29827600000000004,-0.21413400000000002,ISL,GTM,8
1775411,110,93,8,1997.0,1481646.0,100281.0,1.404901,1.072135,ISR,GTM,8
1775412,110,93,8,2016.0,4594449.0,603976.0,0.9932219999999999,0.7518819999999999,ISR,GTM,8
1775413,110,93,8,2010.0,2894795.0,59036.0,1.239934,0.794563,ISR,GTM,8
1775414,110,93,8,2011.0,4668361.0,57691.0,1.1857799999999998,0.7620239999999999,ISR,GTM,8
1775415,110,93,8,2012.0,2702853.0,248026.0,1.125254,0.736004,ISR,GTM,8
1775416,110,93,8,2014.0,4364381.0,428493.0,0.9753860000000001,0.810342,ISR,GTM,8
1775417,110,93,8,1998.0,2250940.0,223121.0,1.285633,1.026542,ISR,GTM,8
1775418,110,93,8,2003.0,726508.0,10098.0,1.2380200000000001,0.875008,ISR,GTM,8
1775419,110,93,8,2008.0,2270245.0,46781.0,1.0136290000000001,0.8821379999999999,ISR,GTM,8
1775420,110,93,8,2009.0,2822140.0,110943.0,1.081885,0.96641,ISR,GTM,8
1775421,110,93,8,2013.0,3105201.0,216815.0,1.0247629999999999,0.8261639999999999,ISR,GTM,8
1775422,110,93,8,2015.0,4279152.0,760716.0,1.0448030000000001,0.655392,ISR,GTM,8
1775423,110,93,8,2020.0,6087303.0,16670.0,1.14571,1.010117,ISR,GTM,8
1775424,110,93,8,2004.0,1987504.0,3707.0,1.252895,0.8662770000000001,ISR,GTM,8
1775425,110,93,8,2005.0,1457223.0,2508.0,1.3035649999999999,0.791546,ISR,GTM,8
1775426,110,93,8,2006.0,1998674.0,16015.0,1.286738,0.8783610000000001,ISR,GTM,8
1775427,110,93,8,2007.0,2315147.0,31778.0,0.941543,0.774671,ISR,GTM,8
1775428,110,93,8,2017.0,5287856.0,233015.0,1.158779,0.8909020000000001,ISR,GTM,8
1775429,110,93,8,2001.0,1522747.0,32497.0,1.17675,0.900401,ISR,GTM,8
1775430,110,93,8,2002.0,1418577.0,48639.0,1.257709,0.8318989999999999,ISR,GTM,8
1775431,110,93,8,1994.0,694979.0,91300.0,1.374142,1.23864,ISR,GTM,8
1775432,110,93,8,1995.0,1692346.0,31729.0,1.209314,1.10886,ISR,GTM,8
1775433,110,93,8,1996.0,799431.0,105628.0,1.159922,1.025777,ISR,GTM,8
1775434,110,93,8,2019.0,6307431.0,282671.0,1.3105360000000001,0.859827,ISR,GTM,8
1775435,110,93,8,1973.0,43466.0,0.0,0.793563,0.692054,ISR,GTM,8
1775436,110,93,8,1974.0,38283.0,0.0,0.833578,1.173237,ISR,GTM,8
1775437,110,93,8,2018.0,4832562.0,992417.0,1.205666,1.001693,ISR,GTM,8
1775438,110,93,8,2000.0,1404448.0,37632.0,1.4153870000000002,0.828117,ISR,GTM,8
1775439,110,93,8,1993.0,648972.0,30133.0,1.395248,1.0915059999999999,ISR,GTM,8
1775440,110,93,8,1999.0,1571622.0,47159.0,1.3721729999999999,0.848339,ISR,GTM,8
1775441,110,93,8,1981.0,285850.0,0.0,1.007167,1.238278,ISR,GTM,8
1775442,110,93,8,1983.0,60433.0,0.0,1.129649,1.3458809999999999,ISR,GTM,8
1775443,110,93,8,1987.0,109396.0,0.0,1.252556,1.127185,ISR,GTM,8
1775444,110,93,8,1990.0,188874.0,0.0,1.247019,1.339646,ISR,GTM,8
1775445,110,93,8,1988.0,273123.0,756.0,1.335792,1.254102,ISR,GTM,8
1775446,110,93,8,1989.0,528477.0,0.0,1.393693,1.323949,ISR,GTM,8
1775447,110,93,8,1991.0,273442.0,2551.0,1.361392,1.2648979999999999,ISR,GTM,8
1775448,110,93,8,1963.0,6656.0,0.0,1.178854,1.17278,ISR,GTM,8
1775449,110,93,8,1964.0,25565.0,0.0,1.149641,1.217095,ISR,GTM,8
1775450,110,93,8,1975.0,8564.0,0.0,0.9463469999999999,1.2375459999999998,ISR,GTM,8
1775451,110,93,8,1985.0,1006590.0,0.0,1.22975,1.346886,ISR,GTM,8
1775452,110,93,8,1986.0,96951.0,0.0,1.160508,1.118791,ISR,GTM,8
1775453,110,93,8,1982.0,99092.0,0.0,1.057921,1.3784299999999998,ISR,GTM,8
1775454,110,93,8,1984.0,182243.0,0.0,1.19306,1.3686120000000002,ISR,GTM,8
1775455,110,93,8,1992.0,250065.0,3611.0,1.354362,1.3260530000000001,ISR,GTM,8
1775456,111,93,8,1988.0,1494494.0,57092.0,1.730975,1.12053,ITA,GTM,8
1775457,111,93,8,1989.0,2058938.0,2647419.0,1.685014,1.1221780000000001,ITA,GTM,8
1775458,111,93,8,1990.0,3171533.0,309654.0,1.7684220000000002,1.1535,ITA,GTM,8
1775459,111,93,8,1991.0,3691927.0,641052.0,1.7996849999999998,1.010109,ITA,GTM,8
1775460,111,93,8,1992.0,3189168.0,870790.0,1.7819,0.981246,ITA,GTM,8
1775461,111,93,8,1993.0,3755834.0,643044.0,1.7575290000000001,0.804057,ITA,GTM,8
1775462,111,93,8,1994.0,3792628.0,766430.0,1.70082,0.976709,ITA,GTM,8
1775463,111,93,8,1995.0,4478783.0,431416.0,1.650924,0.900234,ITA,GTM,8
1775464,111,93,8,1996.0,4668614.0,382464.0,1.591442,0.875201,ITA,GTM,8
1775465,111,93,8,1997.0,4424490.0,199639.0,1.596917,0.8313959999999999,ITA,GTM,8
1775466,111,93,8,1998.0,5532549.0,198217.0,1.559504,0.802303,ITA,GTM,8
1775467,111,93,8,1999.0,6663990.0,272548.0,1.488427,0.926016,ITA,GTM,8
1775468,111,93,8,2000.0,6109030.0,536660.0,1.51508,0.818283,ITA,GTM,8
1775469,111,93,8,2001.0,7941324.0,195810.0,1.488545,0.8410610000000001,ITA,GTM,8
1775470,111,93,8,2002.0,7989849.0,154031.0,1.3944219999999998,1.125362,ITA,GTM,8
1775471,111,93,8,2003.0,6864997.0,196081.0,1.453316,0.9161159999999999,ITA,GTM,8
1775472,111,93,8,2004.0,9023567.0,184455.0,1.440372,0.676068,ITA,GTM,8
1775473,111,93,8,2005.0,8751813.0,389458.0,1.463563,0.394074,ITA,GTM,8
1775474,111,93,8,2006.0,9703275.0,457400.0,1.416017,0.161859,ITA,GTM,8
1775475,111,93,8,2007.0,8902983.0,563989.0,1.4059469999999998,-0.257344,ITA,GTM,8
1775476,111,93,8,2008.0,14814770.0,6505762.0,1.3792790000000001,-0.261705,ITA,GTM,8
1775477,111,93,8,2009.0,5576466.0,3489973.0,1.392902,-0.171999,ITA,GTM,8
1775478,111,93,8,2010.0,8529461.0,3938379.0,1.416572,-0.054268,ITA,GTM,8
1775479,111,93,8,2011.0,8220317.0,4963217.0,1.41076,-0.277438,ITA,GTM,8
1775480,111,93,8,2012.0,11023638.0,2607183.0,1.396626,-0.43950500000000003,ITA,GTM,8
1775481,111,93,8,2013.0,12098875.0,2127059.0,1.419383,-0.304402,ITA,GTM,8
1775482,111,93,8,2014.0,17392585.0,2060599.0,1.476328,-0.293302,ITA,GTM,8
1775483,111,93,8,2015.0,10633117.0,3395789.0,1.439387,0.302892,ITA,GTM,8
1775484,111,93,8,2016.0,12577878.0,3803980.0,1.461526,0.316891,ITA,GTM,8
1775485,111,93,8,2017.0,11706263.0,2530683.0,1.4374559999999998,0.21079699999999998,ITA,GTM,8
1775486,111,93,8,2018.0,15773244.0,2551730.0,1.4594799999999999,0.05113,ITA,GTM,8
1775487,111,93,8,2019.0,16618688.0,3452853.0,1.3590440000000001,0.5138189999999999,ITA,GTM,8
1775488,111,93,8,2020.0,16276205.0,3344179.0,1.335323,0.45980299999999996,ITA,GTM,8
1775489,111,93,8,1962.0,341060.0,0.0,1.9718330000000002,2.51966,ITA,GTM,8
1775490,111,93,8,1963.0,342066.0,0.0,1.9434490000000002,2.354488,ITA,GTM,8
1775491,111,93,8,1964.0,303389.0,0.0,1.970029,2.32685,ITA,GTM,8
1775492,111,93,8,1965.0,261680.0,0.0,2.0409669999999998,2.302946,ITA,GTM,8
1775493,111,93,8,1966.0,295065.0,0.0,1.952043,2.257403,ITA,GTM,8
1775494,111,93,8,1967.0,314144.0,0.0,1.9909290000000002,1.899921,ITA,GTM,8
1775495,111,93,8,1968.0,305733.0,0.0,1.8991650000000002,1.865793,ITA,GTM,8
1775496,111,93,8,1969.0,292280.0,0.0,2.064301,1.562306,ITA,GTM,8
1775497,111,93,8,1970.0,287902.0,0.0,2.01175,1.512494,ITA,GTM,8
1775498,111,93,8,1971.0,291451.0,0.0,2.039661,1.10519,ITA,GTM,8
1775499,111,93,8,1972.0,345288.0,3462.0,1.9394419999999999,1.579826,ITA,GTM,8
1775500,111,93,8,1973.0,425441.0,0.0,1.972735,1.037512,ITA,GTM,8
1775501,111,93,8,1974.0,444107.0,0.0,1.661993,-0.225104,ITA,GTM,8
1775502,111,93,8,1975.0,568105.0,72942.0,1.790963,-0.633931,ITA,GTM,8
1775503,111,93,8,1977.0,918227.0,8604.0,1.491034,0.969419,ITA,GTM,8
1775504,111,93,8,1978.0,1089444.0,4650.0,1.6621380000000001,1.231837,ITA,GTM,8
1775505,111,93,8,1979.0,1457272.0,494695.0,1.618028,1.0887790000000002,ITA,GTM,8
1775506,111,93,8,1980.0,1359455.0,224831.0,1.571277,0.20831,ITA,GTM,8
1775507,111,93,8,1981.0,3406793.0,57956.0,1.538904,0.084879,ITA,GTM,8
1775508,111,93,8,1982.0,887390.0,36223.0,1.612258,0.335829,ITA,GTM,8
1775509,111,93,8,1983.0,613914.0,9292.0,1.688243,0.32974699999999996,ITA,GTM,8
1775510,111,93,8,1984.0,626620.0,4457.0,1.662189,0.512061,ITA,GTM,8
1775511,111,93,8,1985.0,1032060.0,3023.0,1.73984,0.802181,ITA,GTM,8
1775512,111,93,8,1986.0,665259.0,15509.0,1.822242,1.180374,ITA,GTM,8
1775513,111,93,8,1987.0,1422534.0,74683.0,1.713453,1.458424,ITA,GTM,8
1775514,112,93,8,1999.0,22624.0,116612.0,-0.748884,-1.009372,JAM,GTM,8
1775515,112,93,8,2001.0,8123.0,275335.0,-0.562839,-0.9381510000000001,JAM,GTM,8
1775516,112,93,8,2002.0,16099.0,322581.0,-0.459541,-0.947443,JAM,GTM,8
1775517,112,93,8,2003.0,38645.0,236699.0,-0.635668,-0.974224,JAM,GTM,8
1775518,112,93,8,2004.0,65484.0,258497.0,-0.505365,-0.9596120000000001,JAM,GTM,8
1775519,112,93,8,2005.0,36540.0,4273454.0,-0.356302,-0.9471290000000001,JAM,GTM,8
1775520,112,93,8,2006.0,29177.0,624833.0,-0.280417,-0.9436829999999999,JAM,GTM,8
1775521,112,93,8,2007.0,1361.0,1023891.0,-0.39047800000000005,-0.952089,JAM,GTM,8
1775522,112,93,8,2008.0,24229.0,657966.0,-0.269867,-0.9190139999999999,JAM,GTM,8
1775523,112,93,8,2009.0,7243.0,819124.0,-0.102845,-0.662566,JAM,GTM,8
1775524,112,93,8,2010.0,8028.0,1150559.0,-0.014159999999999999,-0.452313,JAM,GTM,8
1775525,112,93,8,2011.0,0.0,1810299.0,0.038462,-0.5035430000000001,JAM,GTM,8
1775526,112,93,8,2012.0,4092.0,2087049.0,-0.307289,-0.738736,JAM,GTM,8
1775527,112,93,8,2013.0,1159.0,2207387.0,-0.364044,-0.744733,JAM,GTM,8
1775528,112,93,8,2014.0,0.0,2292073.0,-0.390841,-0.804425,JAM,GTM,8
1775529,112,93,8,2015.0,13475.0,1928932.0,-0.3572,-0.7701939999999999,JAM,GTM,8
1775530,112,93,8,2016.0,33645.0,2635789.0,-0.25619400000000003,-0.62326,JAM,GTM,8
1775531,112,93,8,2017.0,51282.0,2683703.0,-0.362252,-0.756476,JAM,GTM,8
1775532,112,93,8,2018.0,24533.0,3276345.0,-0.210475,-0.808499,JAM,GTM,8
1775533,112,93,8,2019.0,2297.0,2447673.0,-0.20247300000000001,-0.783974,JAM,GTM,8
1775534,112,93,8,2020.0,11929.0,2335636.0,-0.357836,-0.818451,JAM,GTM,8
1775535,112,93,8,1998.0,1570.0,41899.0,-0.6360600000000001,-0.8642709999999999,JAM,GTM,8
1775536,112,93,8,1969.0,0.0,2060.0,0.175792,-0.535303,JAM,GTM,8
1775537,112,93,8,1971.0,0.0,2008.0,0.283952,-0.541592,JAM,GTM,8
1775538,112,93,8,1972.0,6990.0,0.0,0.40486700000000003,-0.33926999999999996,JAM,GTM,8
1775539,112,93,8,1973.0,0.0,811.0,0.5062760000000001,-0.080872,JAM,GTM,8
1775540,112,93,8,1974.0,0.0,2232.0,0.351125,-0.239936,JAM,GTM,8
1775541,112,93,8,1975.0,0.0,1446.0,0.221523,-0.332712,JAM,GTM,8
1775542,112,93,8,1979.0,0.0,11351.0,0.25785399999999997,-0.30866,JAM,GTM,8
1775543,112,93,8,1980.0,0.0,16537.0,0.187417,-0.348021,JAM,GTM,8
1775544,112,93,8,1984.0,0.0,44177.0,0.17335799999999998,-0.173782,JAM,GTM,8
1775545,112,93,8,1985.0,0.0,93058.0,-0.025164,-0.337594,JAM,GTM,8
1775546,112,93,8,1986.0,0.0,128820.0,-0.302911,-0.5962649999999999,JAM,GTM,8
1775547,112,93,8,1987.0,0.0,8095.0,-0.145896,-0.49137700000000006,JAM,GTM,8
1775548,112,93,8,1988.0,1112.0,11845.0,-0.096123,-0.433754,JAM,GTM,8
1775549,112,93,8,1989.0,0.0,45315.0,-0.08799,-0.5289659999999999,JAM,GTM,8
1775550,112,93,8,1990.0,0.0,21305.0,-0.21771300000000002,-0.7081270000000001,JAM,GTM,8
1775551,112,93,8,1991.0,0.0,69339.0,-0.37741199999999997,-0.674582,JAM,GTM,8
1775552,112,93,8,1992.0,3579.0,64972.0,-0.200329,-0.595741,JAM,GTM,8
1775553,112,93,8,1993.0,6976.0,55239.0,-0.43526000000000004,-0.7814949999999999,JAM,GTM,8
1775554,112,93,8,1994.0,0.0,117838.0,-0.5789770000000001,-0.814001,JAM,GTM,8
1775555,112,93,8,1996.0,14723.0,106938.0,-0.64364,-0.8296379999999999,JAM,GTM,8
1775556,112,93,8,1997.0,0.0,174412.0,-0.6338739999999999,-0.838622,JAM,GTM,8
1775557,112,93,8,2000.0,15337.0,102698.0,-0.724729,-0.91094,JAM,GTM,8
1775558,112,93,8,1995.0,0.0,96670.0,-0.8448120000000001,-1.0129139999999999,JAM,GTM,8
1775559,113,93,8,2012.0,0.0,41930.0,0.29205,0.638942,JOR,GTM,8
1775560,113,93,8,2013.0,0.0,26004.0,0.1888,0.596867,JOR,GTM,8
1775561,113,93,8,2015.0,24481.0,12009.0,0.122431,0.33736700000000003,JOR,GTM,8
1775562,113,93,8,2016.0,90113.0,0.0,0.100333,0.020786000000000002,JOR,GTM,8
1775563,113,93,8,2017.0,132886.0,54935.0,0.079237,0.182893,JOR,GTM,8
1775564,113,93,8,2018.0,267800.0,6358.0,0.125467,0.382625,JOR,GTM,8
1775565,113,93,8,2019.0,46571.0,1475.0,-0.039211,0.094239,JOR,GTM,8
1775566,113,93,8,2020.0,233390.0,3738.0,0.067928,0.092966,JOR,GTM,8
1775567,113,93,8,2014.0,2172.0,84645.0,0.23508800000000002,0.47597,JOR,GTM,8
1775568,113,93,8,1986.0,0.0,9040.0,0.8537129999999999,0.325341,JOR,GTM,8
1775569,113,93,8,2002.0,51265.0,0.0,0.34023000000000003,0.264754,JOR,GTM,8
1775570,113,93,8,2004.0,24348.0,0.0,0.16384200000000002,0.34270100000000003,JOR,GTM,8
1775571,113,93,8,2005.0,29860.0,0.0,0.204744,0.373666,JOR,GTM,8
1775572,113,93,8,2007.0,52688.0,0.0,0.289758,0.599618,JOR,GTM,8
1775573,113,93,8,2008.0,150559.0,0.0,0.361678,0.47924300000000003,JOR,GTM,8
1775574,113,93,8,2009.0,5972.0,0.0,0.35694000000000004,0.577645,JOR,GTM,8
1775575,113,93,8,2011.0,52964.0,16087.0,0.254081,0.491991,JOR,GTM,8
1775576,114,93,8,2005.0,10099385.0,1533080.0,2.648982,0.074001,JPN,GTM,8
1775577,114,93,8,2009.0,6233353.0,1374869.0,2.284744,-0.341893,JPN,GTM,8
1775578,114,93,8,2011.0,4745037.0,4606502.0,2.352529,-0.418184,JPN,GTM,8
1775579,114,93,8,2012.0,4238190.0,4552960.0,2.325746,-0.8705649999999999,JPN,GTM,8
1775580,114,93,8,2010.0,4497846.0,2183054.0,2.435816,-0.302669,JPN,GTM,8
1775581,114,93,8,2014.0,2964344.0,7374241.0,2.297789,-0.58585,JPN,GTM,8
1775582,114,93,8,2015.0,3670778.0,6453626.0,2.485208,-0.303642,JPN,GTM,8
1775583,114,93,8,2016.0,4015337.0,6576337.0,2.550074,-0.479725,JPN,GTM,8
1775584,114,93,8,2018.0,3436690.0,5686902.0,2.480327,-0.559793,JPN,GTM,8
1775585,114,93,8,2020.0,4792469.0,5936091.0,2.2652330000000003,-0.388974,JPN,GTM,8
1775586,114,93,8,2017.0,2415796.0,4551536.0,2.4440779999999998,-0.46107700000000007,JPN,GTM,8
1775587,114,93,8,2019.0,6085272.0,5644324.0,2.484625,-0.53041,JPN,GTM,8
1775588,114,93,8,2000.0,13741284.0,1261646.0,2.8218240000000003,0.255803,JPN,GTM,8
1775589,114,93,8,2001.0,10491029.0,1931276.0,2.674032,0.445636,JPN,GTM,8
1775590,114,93,8,2002.0,11130259.0,2656030.0,2.7747580000000003,0.43663199999999996,JPN,GTM,8
1775591,114,93,8,2003.0,12904707.0,3760150.0,2.675147,0.30545500000000003,JPN,GTM,8
1775592,114,93,8,2004.0,11447644.0,3521429.0,2.756136,0.15545,JPN,GTM,8
1775593,114,93,8,2006.0,9716306.0,1816102.0,2.442213,-0.046222000000000006,JPN,GTM,8
1775594,114,93,8,2007.0,10925356.0,1523306.0,2.305024,0.037929000000000004,JPN,GTM,8
1775595,114,93,8,2008.0,7650508.0,921962.0,2.317756,-0.092927,JPN,GTM,8
1775596,114,93,8,1962.0,648890.0,2701.0,2.091124,2.289679,JPN,GTM,8
1775597,114,93,8,1963.0,772321.0,0.0,1.9171509999999998,2.3428720000000003,JPN,GTM,8
1775598,114,93,8,1964.0,841704.0,0.0,1.8959720000000002,2.332291,JPN,GTM,8
1775599,114,93,8,1965.0,922163.0,0.0,1.944695,2.444343,JPN,GTM,8
1775600,114,93,8,1966.0,888790.0,0.0,1.88198,2.305387,JPN,GTM,8
1775601,114,93,8,1967.0,858612.0,0.0,1.878785,2.322468,JPN,GTM,8
1775602,114,93,8,1968.0,808772.0,0.0,1.844871,2.2220470000000003,JPN,GTM,8
1775603,114,93,8,1969.0,1047547.0,0.0,1.9296520000000001,2.2147919999999996,JPN,GTM,8
1775604,114,93,8,1970.0,1439578.0,1364.0,1.9336740000000001,2.197542,JPN,GTM,8
1775605,114,93,8,1971.0,1356604.0,7150.0,1.862756,2.170372,JPN,GTM,8
1775606,114,93,8,1972.0,1282561.0,25422.0,2.026459,2.278375,JPN,GTM,8
1775607,114,93,8,1973.0,1304315.0,117455.0,2.1298220000000003,2.043215,JPN,GTM,8
1775608,114,93,8,1974.0,1537587.0,17870.0,1.7789599999999999,1.66386,JPN,GTM,8
1775609,114,93,8,1975.0,1598750.0,11316.0,1.984416,1.39,JPN,GTM,8
1775610,114,93,8,1976.0,2047453.0,49760.0,1.845602,1.728366,JPN,GTM,8
1775611,114,93,8,1977.0,2976567.0,78188.0,1.7058099999999998,1.427063,JPN,GTM,8
1775612,114,93,8,1978.0,3079366.0,56410.0,2.064061,1.7039259999999998,JPN,GTM,8
1775613,114,93,8,1979.0,2668236.0,69786.0,2.0317369999999997,1.391941,JPN,GTM,8
1775614,114,93,8,1980.0,3266632.0,34640.0,1.7941060000000002,1.153126,JPN,GTM,8
1775615,114,93,8,1981.0,4069722.0,52694.0,1.893759,0.7233890000000001,JPN,GTM,8
1775616,114,93,8,1982.0,2412757.0,4366.0,2.03134,0.716025,JPN,GTM,8
1775617,114,93,8,1983.0,1894147.0,71210.0,2.041198,1.0538319999999999,JPN,GTM,8
1775618,114,93,8,1984.0,2235336.0,1261.0,2.1470740000000004,0.9942190000000001,JPN,GTM,8
1775619,114,93,8,1985.0,2191843.0,54785.0,2.261116,1.096217,JPN,GTM,8
1775620,114,93,8,1986.0,1647381.0,73638.0,2.441023,1.331998,JPN,GTM,8
1775621,114,93,8,1987.0,3216668.0,130151.0,2.4350669999999996,1.265743,JPN,GTM,8
1775622,114,93,8,1988.0,4097842.0,456894.0,2.401594,1.012665,JPN,GTM,8
1775623,114,93,8,1989.0,3262217.0,724405.0,2.348643,1.060689,JPN,GTM,8
1775624,114,93,8,1990.0,3497096.0,208701.0,2.407913,1.0777079999999999,JPN,GTM,8
1775625,114,93,8,1991.0,3173344.0,321288.0,2.447788,1.084934,JPN,GTM,8
1775626,114,93,8,1992.0,3645773.0,441795.0,2.451698,0.875639,JPN,GTM,8
1775627,114,93,8,1993.0,7587401.0,1037541.0,2.501478,0.804914,JPN,GTM,8
1775628,114,93,8,1994.0,4420788.0,794696.0,2.753766,0.735503,JPN,GTM,8
1775629,114,93,8,1995.0,6284658.0,1770466.0,2.756992,0.69287,JPN,GTM,8
1775630,114,93,8,1996.0,7696534.0,1297538.0,2.858869,0.477455,JPN,GTM,8
1775631,114,93,8,1997.0,8723217.0,1644462.0,2.771316,0.545821,JPN,GTM,8
1775632,114,93,8,1998.0,8071285.0,969188.0,2.712293,0.508761,JPN,GTM,8
1775633,114,93,8,2013.0,4543815.0,7938283.0,2.333417,-0.818701,JPN,GTM,8
1775634,114,93,8,1999.0,8090935.0,1133320.0,2.770339,0.431939,JPN,GTM,8
1775635,115,93,8,2004.0,0.0,2618.0,-0.43987200000000004,-0.50862,KAZ,GTM,8
1775636,115,93,8,2007.0,0.0,7304.0,-0.373721,-0.492806,KAZ,GTM,8
1775637,115,93,8,2008.0,0.0,11169.0,-0.5808810000000001,-0.541207,KAZ,GTM,8
1775638,115,93,8,2014.0,0.0,9855.0,-0.503438,-0.5477850000000001,KAZ,GTM,8
1775639,115,93,8,2015.0,0.0,3447.0,-0.542658,-0.583849,KAZ,GTM,8
1775640,115,93,8,2016.0,0.0,5078.0,-0.467305,-0.475451,KAZ,GTM,8
1775641,115,93,8,2017.0,0.0,5606.0,-0.47984399999999994,-0.40618699999999996,KAZ,GTM,8
1775642,116,93,8,2010.0,0.0,2124.0,-0.338376,0.9114469999999999,KEN,GTM,8
1775643,116,93,8,2011.0,2288.0,46128.0,-0.242689,0.305908,KEN,GTM,8
1775644,116,93,8,2013.0,13164.0,0.0,-0.303119,0.626786,KEN,GTM,8
1775645,116,93,8,2020.0,0.0,1615.0,-0.5188020000000001,0.529602,KEN,GTM,8
1775646,118,93,8,2018.0,239359.0,0.0,-0.5513779999999999,-0.598237,KHM,GTM,8
1775647,118,93,8,2011.0,185093.0,0.0,-0.755887,-1.04301,KHM,GTM,8
1775648,118,93,8,2009.0,351470.0,0.0,-0.9309709999999999,-1.045464,KHM,GTM,8
1775649,118,93,8,2013.0,49048.0,0.0,-0.634876,-0.714886,KHM,GTM,8
1775650,118,93,8,2017.0,39469.0,474453.0,-0.654185,-0.655463,KHM,GTM,8
1775651,118,93,8,2015.0,2640.0,0.0,-0.6829810000000001,-0.7589819999999999,KHM,GTM,8
1775652,118,93,8,2019.0,275148.0,0.0,-0.47361800000000004,-0.43366800000000005,KHM,GTM,8
1775653,120,93,8,2019.0,0.0,1233.0,0.761246,-0.578186,KNA,GTM,8
1775654,120,93,8,2020.0,0.0,9448.0,1.116543,-0.382209,KNA,GTM,8
1775655,121,93,8,1992.0,4999244.0,0.0,0.778066,1.3011139999999999,KOR,GTM,8
1775656,121,93,8,1999.0,16099995.0,76987.0,1.157723,1.008632,KOR,GTM,8
1775657,121,93,8,2000.0,18408264.0,168704.0,1.248356,1.000666,KOR,GTM,8
1775658,121,93,8,2001.0,22418751.0,93019.0,1.436204,0.917057,KOR,GTM,8
1775659,121,93,8,2004.0,27624949.0,434515.0,1.481275,0.7859,KOR,GTM,8
1775660,121,93,8,2005.0,26900179.0,927597.0,1.6829720000000001,0.8396809999999999,KOR,GTM,8
1775661,121,93,8,2006.0,31002214.0,757642.0,1.588589,0.799507,KOR,GTM,8
1775662,121,93,8,2007.0,24706139.0,1752371.0,1.565779,0.740676,KOR,GTM,8
1775663,121,93,8,2008.0,16255237.0,648406.0,1.552706,0.75093,KOR,GTM,8
1775664,121,93,8,2009.0,14736754.0,794529.0,1.6550619999999998,0.696643,KOR,GTM,8
1775665,121,93,8,2010.0,12133214.0,1077052.0,1.750156,0.7546390000000001,KOR,GTM,8
1775666,121,93,8,2011.0,13442348.0,2070159.0,1.7554029999999998,0.777291,KOR,GTM,8
1775667,121,93,8,2012.0,18992245.0,1665255.0,1.839479,0.8272799999999999,KOR,GTM,8
1775668,121,93,8,2014.0,15820345.0,2505070.0,1.9642650000000001,0.86425,KOR,GTM,8
1775669,121,93,8,2013.0,19811051.0,1438495.0,1.817145,0.835414,KOR,GTM,8
1775670,121,93,8,2015.0,12798168.0,2293925.0,2.09708,0.840759,KOR,GTM,8
1775671,121,93,8,2016.0,11443991.0,1489026.0,2.1686389999999998,0.798808,KOR,GTM,8
1775672,121,93,8,2017.0,13764810.0,1478820.0,2.1277470000000003,0.8218719999999999,KOR,GTM,8
1775673,121,93,8,2018.0,10286747.0,3023759.0,2.139149,0.795045,KOR,GTM,8
1775674,121,93,8,2019.0,10548536.0,2662186.0,2.058557,0.671653,KOR,GTM,8
1775675,121,93,8,2020.0,7717146.0,3493260.0,1.9485560000000002,0.779812,KOR,GTM,8
1775676,121,93,8,1996.0,6802420.0,201965.0,1.230793,1.0548959999999998,KOR,GTM,8
1775677,121,93,8,1997.0,10917496.0,121552.0,1.2642,1.164231,KOR,GTM,8
1775678,121,93,8,1998.0,13291330.0,41666.0,1.129848,1.117799,KOR,GTM,8
1775679,121,93,8,1995.0,7656570.0,487138.0,1.04025,1.105256,KOR,GTM,8
1775680,121,93,8,2002.0,23343581.0,268624.0,1.4172719999999999,0.8763139999999999,KOR,GTM,8
1775681,121,93,8,2003.0,23056164.0,150227.0,1.367322,0.826994,KOR,GTM,8
1775682,121,93,8,1976.0,17689.0,0.0,0.8379049999999999,0.991268,KOR,GTM,8
1775683,121,93,8,1978.0,33948.0,0.0,0.911078,1.141166,KOR,GTM,8
1775684,121,93,8,1979.0,44817.0,0.0,0.878292,1.254742,KOR,GTM,8
1775685,121,93,8,1980.0,1362605.0,24460.0,0.9213110000000001,1.38155,KOR,GTM,8
1775686,121,93,8,1981.0,1214500.0,0.0,0.998975,1.244219,KOR,GTM,8
1775687,121,93,8,1982.0,819271.0,0.0,0.915739,1.2858379999999998,KOR,GTM,8
1775688,121,93,8,1983.0,158640.0,0.0,0.966398,1.477349,KOR,GTM,8
1775689,121,93,8,1984.0,512813.0,0.0,0.983016,1.328462,KOR,GTM,8
1775690,121,93,8,1985.0,243346.0,0.0,0.985474,1.260622,KOR,GTM,8
1775691,121,93,8,1986.0,1446490.0,0.0,1.094639,1.359351,KOR,GTM,8
1775692,121,93,8,1987.0,1834361.0,0.0,0.941865,1.2841420000000001,KOR,GTM,8
1775693,121,93,8,1988.0,2069909.0,991.0,0.924156,1.228111,KOR,GTM,8
1775694,121,93,8,1989.0,2070790.0,40803.0,0.8271719999999999,1.272148,KOR,GTM,8
1775695,121,93,8,1990.0,3153597.0,0.0,0.9673940000000001,1.234911,KOR,GTM,8
1775696,121,93,8,1991.0,4498617.0,19333.0,0.820436,1.14649,KOR,GTM,8
1775697,121,93,8,1993.0,6216115.0,19890.0,0.8651120000000001,1.184459,KOR,GTM,8
1775698,121,93,8,1994.0,6680794.0,12312.0,1.045089,1.294125,KOR,GTM,8
1775699,121,93,8,1975.0,29786.0,0.0,0.913997,1.2467110000000001,KOR,GTM,8
1775700,121,93,8,1977.0,76173.0,0.0,0.8689889999999999,0.9320430000000001,KOR,GTM,8
1775701,121,93,8,1968.0,0.0,1980.0,0.992735,0.683944,KOR,GTM,8
1775702,122,93,8,2011.0,0.0,706169.0,-1.573017,-1.110403,KWT,GTM,8
1775703,122,93,8,2017.0,0.0,744849.0,-0.264903,-1.112018,KWT,GTM,8
1775704,122,93,8,2018.0,0.0,563431.0,-0.790523,-1.136525,KWT,GTM,8
1775705,122,93,8,2020.0,0.0,407812.0,-0.406507,-1.101484,KWT,GTM,8
1775706,122,93,8,2013.0,0.0,868628.0,-1.198985,-1.057248,KWT,GTM,8
1775707,122,93,8,2014.0,0.0,1223194.0,-1.2601069999999999,-1.0929360000000001,KWT,GTM,8
1775708,122,93,8,2015.0,0.0,1494023.0,-0.503316,-1.1239270000000001,KWT,GTM,8
1775709,122,93,8,2016.0,0.0,891998.0,-0.401,-1.102991,KWT,GTM,8
1775710,122,93,8,2019.0,0.0,568402.0,-0.794754,-1.160744,KWT,GTM,8
1775711,122,93,8,2000.0,0.0,12594.0,-0.825533,-1.190257,KWT,GTM,8
1775712,122,93,8,2003.0,0.0,5929.0,-0.778302,-1.194609,KWT,GTM,8
1775713,122,93,8,2004.0,0.0,3175.0,-0.8195479999999999,-1.2105709999999998,KWT,GTM,8
1775714,122,93,8,2006.0,0.0,91924.0,-1.506818,-1.193717,KWT,GTM,8
1775715,122,93,8,2007.0,0.0,102900.0,-2.233001,-1.204879,KWT,GTM,8
1775716,122,93,8,2008.0,0.0,153673.0,-2.695878,-1.166774,KWT,GTM,8
1775717,122,93,8,2010.0,0.0,418361.0,0.19048900000000002,-0.994663,KWT,GTM,8
1775718,122,93,8,2002.0,0.0,11014.0,-0.794007,-1.192659,KWT,GTM,8
1775719,122,93,8,2012.0,0.0,10661.0,-1.130729,-1.083905,KWT,GTM,8
1775720,122,93,8,2001.0,0.0,1544.0,-0.695801,-1.225701,KWT,GTM,8
1775721,124,93,8,1997.0,0.0,14388.0,0.28229299999999996,1.0650549999999999,LBN,GTM,8
1775722,124,93,8,2019.0,0.0,109666.0,0.256774,1.053684,LBN,GTM,8
1775723,124,93,8,2001.0,0.0,13601.0,0.09267,0.97731,LBN,GTM,8
1775724,124,93,8,2003.0,0.0,23386.0,0.202033,1.115168,LBN,GTM,8
1775725,124,93,8,1998.0,0.0,11861.0,0.246773,1.1761110000000001,LBN,GTM,8
1775726,124,93,8,2000.0,0.0,22138.0,0.139623,1.095387,LBN,GTM,8
1775727,124,93,8,1999.0,0.0,15010.0,0.17613299999999998,1.226906,LBN,GTM,8
1775728,124,93,8,2002.0,0.0,12921.0,0.220906,1.470297,LBN,GTM,8
1775729,124,93,8,2006.0,0.0,35260.0,0.450113,1.7365119999999998,LBN,GTM,8
1775730,124,93,8,2007.0,0.0,10695.0,0.48926099999999995,1.876312,LBN,GTM,8
1775731,124,93,8,2008.0,0.0,40866.0,0.493317,1.691109,LBN,GTM,8
1775732,124,93,8,2010.0,0.0,53023.0,0.47957,1.519688,LBN,GTM,8
1775733,124,93,8,2011.0,0.0,78385.0,0.388666,1.430916,LBN,GTM,8
1775734,124,93,8,2013.0,47311.0,306790.0,0.37392800000000004,1.413136,LBN,GTM,8
1775735,124,93,8,2014.0,8723.0,172124.0,0.32006799999999996,1.666039,LBN,GTM,8
1775736,124,93,8,2015.0,0.0,164752.0,0.362644,1.321749,LBN,GTM,8
1775737,124,93,8,2017.0,0.0,78429.0,0.437192,1.027289,LBN,GTM,8
1775738,124,93,8,2018.0,0.0,81045.0,0.37832899999999997,1.077452,LBN,GTM,8
1775739,124,93,8,2020.0,0.0,36877.0,0.328701,1.123664,LBN,GTM,8
1775740,124,93,8,2012.0,0.0,96605.0,0.36778099999999997,1.3771010000000001,LBN,GTM,8
1775741,124,93,8,2009.0,0.0,53452.0,0.5290159999999999,1.462026,LBN,GTM,8
1775742,124,93,8,2004.0,0.0,34010.0,0.269753,1.3152979999999999,LBN,GTM,8
1775743,124,93,8,2005.0,0.0,1581.0,0.356404,1.618265,LBN,GTM,8
1775744,124,93,8,2016.0,0.0,125290.0,0.385417,1.139648,LBN,GTM,8
1775745,126,93,8,2007.0,0.0,4865.0,-1.400383,-1.171333,LBY,GTM,8
1775746,127,93,8,1991.0,0.0,1864.0,0.353063,-0.130886,LCA,GTM,8
1775747,127,93,8,2017.0,0.0,289216.0,0.543844,0.006412,LCA,GTM,8
1775748,127,93,8,2019.0,0.0,338081.0,0.290205,-0.064112,LCA,GTM,8
1775749,127,93,8,2003.0,0.0,1196.0,0.38093699999999997,-0.194313,LCA,GTM,8
1775750,127,93,8,2004.0,0.0,28119.0,0.31900300000000004,-0.346391,LCA,GTM,8
1775751,127,93,8,2012.0,0.0,34819.0,0.714758,-0.034339,LCA,GTM,8
1775752,127,93,8,2018.0,0.0,232041.0,0.412714,0.17183900000000002,LCA,GTM,8
1775753,127,93,8,2007.0,0.0,26411.0,0.680194,-0.093412,LCA,GTM,8
1775754,127,93,8,2011.0,0.0,26239.0,0.773319,-0.09353099999999999,LCA,GTM,8
1775755,127,93,8,2013.0,0.0,40681.0,0.433648,-0.288346,LCA,GTM,8
1775756,127,93,8,2014.0,0.0,47996.0,0.636416,-0.464264,LCA,GTM,8
1775757,127,93,8,2015.0,0.0,20284.0,0.546721,-0.33875900000000003,LCA,GTM,8
1775758,127,93,8,2016.0,0.0,6574.0,0.585987,-0.298057,LCA,GTM,8
1775759,127,93,8,1992.0,0.0,1055.0,0.199639,-0.28238,LCA,GTM,8
1775760,127,93,8,1995.0,0.0,1023.0,0.10738099999999999,-0.34426,LCA,GTM,8
1775761,127,93,8,1996.0,0.0,64823.0,-0.027347000000000003,-0.556575,LCA,GTM,8
1775762,127,93,8,2008.0,0.0,46848.0,0.5945779999999999,0.123494,LCA,GTM,8
1775763,127,93,8,2009.0,0.0,22098.0,0.37797800000000004,-0.5049819999999999,LCA,GTM,8
1775764,127,93,8,2010.0,0.0,23133.0,0.649386,-0.11683699999999998,LCA,GTM,8
1775765,127,93,8,2020.0,0.0,75204.0,0.021102000000000003,-0.5038279999999999,LCA,GTM,8
1775766,127,93,8,1983.0,0.0,2090.0,1.0094969999999999,0.436629,LCA,GTM,8
1775767,127,93,8,1997.0,0.0,106571.0,-0.193429,-0.606627,LCA,GTM,8
1775768,127,93,8,2002.0,0.0,3984.0,0.261861,-0.36480999999999997,LCA,GTM,8
1775769,128,93,8,2002.0,13084.0,0.0,-0.461765,-0.057614,LKA,GTM,8
1775770,128,93,8,2004.0,570829.0,0.0,-0.42450299999999996,0.173518,LKA,GTM,8
1775771,128,93,8,2006.0,71153.0,0.0,-0.37725,0.245153,LKA,GTM,8
1775772,128,93,8,2010.0,6086.0,0.0,-0.409113,0.310756,LKA,GTM,8
1775773,128,93,8,2003.0,333559.0,0.0,-0.476025,-0.047536,LKA,GTM,8
1775774,128,93,8,1993.0,7102.0,0.0,-0.49537200000000003,-0.22899499999999998,LKA,GTM,8
1775775,128,93,8,2000.0,207495.0,0.0,-0.497407,0.004686999999999999,LKA,GTM,8
1775776,128,93,8,2005.0,617887.0,5013.0,-0.504771,0.22221,LKA,GTM,8
1775777,128,93,8,2008.0,28502.0,0.0,-0.13582,0.37752800000000003,LKA,GTM,8
1775778,128,93,8,2009.0,271556.0,0.0,-0.443916,0.202807,LKA,GTM,8
1775779,128,93,8,2013.0,930786.0,0.0,-0.320583,0.44462399999999996,LKA,GTM,8
1775780,128,93,8,2015.0,13835.0,0.0,-0.541018,0.359714,LKA,GTM,8
1775781,128,93,8,2016.0,204959.0,0.0,-0.540154,0.22580100000000003,LKA,GTM,8
1775782,128,93,8,2017.0,32175.0,0.0,-0.506691,0.43309200000000003,LKA,GTM,8
1775783,128,93,8,2018.0,24786.0,0.0,-0.364093,0.347953,LKA,GTM,8
1775784,128,93,8,2019.0,9383.0,0.0,-0.225527,0.439567,LKA,GTM,8
1775785,128,93,8,2020.0,24588.0,0.0,-0.192584,0.44513800000000003,LKA,GTM,8
1775786,128,93,8,2014.0,112505.0,0.0,-0.30641399999999996,0.29736799999999997,LKA,GTM,8
1775787,128,93,8,2001.0,336537.0,0.0,-0.43381000000000003,0.057630999999999995,LKA,GTM,8
1775788,128,93,8,2007.0,97360.0,0.0,-0.298165,0.32563200000000003,LKA,GTM,8
1775789,128,93,8,1996.0,6558.0,0.0,-0.71165,-0.320193,LKA,GTM,8
1775790,128,93,8,1997.0,52665.0,0.0,-0.6467470000000001,-0.27831300000000003,LKA,GTM,8
1775791,130,93,8,2019.0,39570.0,0.0,0.7628739999999999,1.5376239999999999,LTU,GTM,8
1775792,130,93,8,2018.0,16625.0,3920.0,0.839052,1.5688790000000001,LTU,GTM,8
1775793,130,93,8,2007.0,25267.0,0.0,0.566496,1.482193,LTU,GTM,8
1775794,130,93,8,2008.0,2707.0,1290.0,0.5466489999999999,1.180161,LTU,GTM,8
1775795,130,93,8,2012.0,2323.0,1031.0,0.739945,1.217062,LTU,GTM,8
1775796,130,93,8,2013.0,1895.0,0.0,0.677986,1.29227,LTU,GTM,8
1775797,130,93,8,2014.0,2085.0,0.0,0.679488,1.558981,LTU,GTM,8
1775798,130,93,8,2016.0,6596.0,0.0,0.6319130000000001,1.538765,LTU,GTM,8
1775799,130,93,8,2017.0,12910.0,0.0,0.770556,1.555233,LTU,GTM,8
1775800,130,93,8,2020.0,69565.0,0.0,0.8551219999999999,1.3162399999999999,LTU,GTM,8
1775801,130,93,8,2009.0,11490.0,0.0,0.576882,1.281147,LTU,GTM,8
1775802,130,93,8,2005.0,28211.0,0.0,0.394586,1.099291,LTU,GTM,8
1775803,131,93,8,2019.0,860558.0,0.0,1.223907,1.334322,LUX,GTM,8
1775804,131,93,8,2018.0,808967.0,6617.0,1.098797,1.390282,LUX,GTM,8
1775805,131,93,8,2017.0,535424.0,0.0,1.1461629999999998,1.434994,LUX,GTM,8
1775806,131,93,8,2020.0,63740.0,18363.0,1.095269,1.490899,LUX,GTM,8
1775807,131,93,8,2014.0,119604.0,25478.0,1.093816,1.270669,LUX,GTM,8
1775808,131,93,8,2015.0,456842.0,135313.0,1.178679,1.4247379999999998,LUX,GTM,8
1775809,131,93,8,2011.0,4404.0,3881.0,1.0520530000000001,1.266242,LUX,GTM,8
1775810,131,93,8,2012.0,0.0,4001.0,1.0163739999999999,1.178021,LUX,GTM,8
1775811,131,93,8,2013.0,1761260.0,146625.0,1.0110190000000001,1.123226,LUX,GTM,8
1775812,131,93,8,2016.0,1195096.0,10226.0,1.217021,1.401214,LUX,GTM,8
1775813,131,93,8,2002.0,4320.0,0.0,1.396249,1.153017,LUX,GTM,8
1775814,131,93,8,2005.0,1227.0,0.0,1.417791,1.168456,LUX,GTM,8
1775815,131,93,8,2010.0,9273.0,0.0,1.145982,1.1629530000000001,LUX,GTM,8
1775816,131,93,8,1999.0,34606.0,0.0,1.37206,1.2625790000000001,LUX,GTM,8
1775817,131,93,8,2001.0,2074.0,0.0,1.326753,1.2069530000000002,LUX,GTM,8
1775818,132,93,8,2011.0,4035.0,0.0,0.736066,1.125155,LVA,GTM,8
1775819,132,93,8,2012.0,37702.0,0.0,0.704565,1.000552,LVA,GTM,8
1775820,132,93,8,2013.0,76822.0,0.0,0.652463,1.299917,LVA,GTM,8
1775821,132,93,8,2014.0,25933.0,0.0,0.6501,1.35321,LVA,GTM,8
1775822,132,93,8,2015.0,32896.0,0.0,0.505344,1.152542,LVA,GTM,8
1775823,132,93,8,2016.0,21308.0,0.0,0.46748199999999995,1.228024,LVA,GTM,8
1775824,132,93,8,2017.0,61447.0,0.0,0.644285,1.4304290000000002,LVA,GTM,8
1775825,132,93,8,2018.0,25065.0,0.0,0.6984560000000001,1.29918,LVA,GTM,8
1775826,132,93,8,2019.0,141506.0,6532.0,0.653937,1.266508,LVA,GTM,8
1775827,132,93,8,2020.0,18362.0,1638.0,0.7078899999999999,1.284132,LVA,GTM,8
1775828,132,93,8,2009.0,1125.0,0.0,0.696343,1.1272209999999998,LVA,GTM,8
1775829,132,93,8,2006.0,13573.0,0.0,0.548453,1.027836,LVA,GTM,8
1775830,132,93,8,2008.0,3981.0,0.0,0.5873149999999999,1.322415,LVA,GTM,8
1775831,133,93,8,2019.0,0.0,4860.0,0.398334,-0.048517000000000005,MAC,GTM,8
1775832,133,93,8,2012.0,4585.0,0.0,0.7714310000000001,0.727348,MAC,GTM,8
1775833,133,93,8,2020.0,1162.0,0.0,0.375759,-0.000789,MAC,GTM,8
1775834,134,93,8,2009.0,564651.0,0.0,-0.36530300000000004,0.026182,MAR,GTM,8
1775835,134,93,8,2011.0,0.0,23700.0,-0.400384,-0.023763999999999997,MAR,GTM,8
1775836,134,93,8,2014.0,0.0,48619.0,-0.429457,0.039947,MAR,GTM,8
1775837,134,93,8,2005.0,0.0,1452.0,-0.46966899999999995,-0.11890099999999999,MAR,GTM,8
1775838,134,93,8,2016.0,189595.0,48704.0,-0.648329,-0.14071,MAR,GTM,8
1775839,134,93,8,2017.0,7384.0,10251.0,-0.593987,-0.093414,MAR,GTM,8
1775840,134,93,8,2018.0,0.0,14053.0,-0.57445,-0.14461400000000002,MAR,GTM,8
1775841,134,93,8,2019.0,38820.0,1400.0,-0.5181859999999999,-0.086977,MAR,GTM,8
1775842,134,93,8,2010.0,0.0,4128.0,-0.46254399999999996,0.046252,MAR,GTM,8
1775843,134,93,8,1998.0,13891.0,0.0,-0.723358,-0.37241799999999997,MAR,GTM,8
1775844,134,93,8,2003.0,0.0,1727.0,-0.6672239999999999,-0.224451,MAR,GTM,8
1775845,134,93,8,2008.0,0.0,1716.0,-0.46258,-0.056688999999999996,MAR,GTM,8
1775846,134,93,8,2012.0,0.0,29111.0,-0.330598,0.037439,MAR,GTM,8
1775847,134,93,8,2013.0,0.0,54844.0,-0.474872,0.178118,MAR,GTM,8
1775848,134,93,8,2015.0,14201.0,36338.0,-0.6359020000000001,0.052192999999999996,MAR,GTM,8
1775849,134,93,8,2020.0,0.0,12834.0,-0.331913,-0.097788,MAR,GTM,8
1775850,135,93,8,2009.0,0.0,6545.0,0.155186,0.183505,MDA,GTM,8
1775851,136,93,8,2017.0,0.0,6760.0,-1.098631,-0.8503069999999999,MDG,GTM,8
1775852,138,93,8,1993.0,11457070.0,4078355.0,0.968867,0.8437520000000001,MEX,GTM,8
1775853,138,93,8,1994.0,16131497.0,5825281.0,1.0145629999999999,0.9349149999999999,MEX,GTM,8
1775854,138,93,8,1995.0,20814497.0,1837499.0,0.701416,1.037868,MEX,GTM,8
1775855,138,93,8,1996.0,25901711.0,2498235.0,0.88569,1.044068,MEX,GTM,8
1775856,138,93,8,1997.0,38918159.0,2011578.0,0.7735350000000001,0.9161590000000001,MEX,GTM,8
1775857,138,93,8,1998.0,56135118.0,2782473.0,0.748267,0.834242,MEX,GTM,8
1775858,138,93,8,1999.0,48250574.0,3851125.0,0.9303469999999999,0.79602,MEX,GTM,8
1775859,138,93,8,2000.0,47289227.0,5782902.0,0.9020379999999999,0.671139,MEX,GTM,8
1775860,138,93,8,2001.0,51906134.0,7249189.0,1.088661,0.680197,MEX,GTM,8
1775861,138,93,8,2002.0,55486671.0,10388237.0,1.2677129999999999,0.599314,MEX,GTM,8
1775862,138,93,8,2003.0,62697526.0,10806510.0,1.137143,0.732386,MEX,GTM,8
1775863,138,93,8,2004.0,61701931.0,17941591.0,1.183707,0.9043700000000001,MEX,GTM,8
1775864,138,93,8,2005.0,78942901.0,27202983.0,1.346403,0.777366,MEX,GTM,8
1775865,138,93,8,2006.0,84804745.0,18989212.0,1.2996729999999999,0.655941,MEX,GTM,8
1775866,138,93,8,2007.0,94312520.0,19898279.0,1.345688,0.584543,MEX,GTM,8
1775867,138,93,8,2008.0,99213609.0,23681746.0,1.227848,0.722715,MEX,GTM,8
1775868,138,93,8,2009.0,89852971.0,33613045.0,1.203611,0.6819930000000001,MEX,GTM,8
1775869,138,93,8,2010.0,110550931.0,38096179.0,1.25796,0.640552,MEX,GTM,8
1775870,138,93,8,2011.0,134341530.0,36725041.0,1.031474,0.686634,MEX,GTM,8
1775871,138,93,8,2012.0,134990751.0,34890446.0,1.166986,0.662798,MEX,GTM,8
1775872,138,93,8,2013.0,138251424.0,33852034.0,1.2327219999999999,0.746108,MEX,GTM,8
1775873,138,93,8,2014.0,117891349.0,30401640.0,1.292327,0.713879,MEX,GTM,8
1775874,138,93,8,2015.0,145020363.0,32223352.0,1.3519510000000001,0.641533,MEX,GTM,8
1775875,138,93,8,2016.0,140645782.0,42880655.0,1.393506,0.64152,MEX,GTM,8
1775876,138,93,8,2019.0,133468504.0,35053204.0,1.316129,0.6125729999999999,MEX,GTM,8
1775877,138,93,8,2020.0,116636195.0,28571706.0,1.215792,0.678531,MEX,GTM,8
1775878,138,93,8,2018.0,141461634.0,46412782.0,1.272851,0.646359,MEX,GTM,8
1775879,138,93,8,2017.0,149028647.0,42536418.0,1.348763,0.6145010000000001,MEX,GTM,8
1775880,138,93,8,1990.0,5570731.0,1134059.0,0.852651,0.870721,MEX,GTM,8
1775881,138,93,8,1991.0,7282291.0,3179241.0,0.833643,0.863466,MEX,GTM,8
1775882,138,93,8,1992.0,9821624.0,4603366.0,0.9039370000000001,0.965842,MEX,GTM,8
1775883,138,93,8,1988.0,5664886.0,630490.0,0.878661,1.049591,MEX,GTM,8
1775884,138,93,8,1970.0,637893.0,20419.0,0.599816,1.2039360000000001,MEX,GTM,8
1775885,138,93,8,1989.0,6965224.0,1489899.0,0.802458,0.943542,MEX,GTM,8
1775886,138,93,8,1987.0,4667488.0,308455.0,0.928841,0.8776229999999999,MEX,GTM,8
1775887,138,93,8,1962.0,555859.0,0.0,0.16552,-0.09312100000000001,MEX,GTM,8
1775888,138,93,8,1963.0,720569.0,18054.0,0.057322000000000005,-0.048449,MEX,GTM,8
1775889,138,93,8,1964.0,665964.0,10547.0,0.32740199999999997,0.368216,MEX,GTM,8
1775890,138,93,8,1966.0,415329.0,12641.0,0.296671,0.184462,MEX,GTM,8
1775891,138,93,8,1967.0,622187.0,20029.0,0.164634,0.08321100000000001,MEX,GTM,8
1775892,138,93,8,1968.0,528806.0,66858.0,0.306611,0.36893000000000004,MEX,GTM,8
1775893,138,93,8,1969.0,824229.0,113875.0,0.41125,0.7825840000000001,MEX,GTM,8
1775894,138,93,8,1971.0,766948.0,88280.0,0.694692,1.631725,MEX,GTM,8
1775895,138,93,8,1972.0,897423.0,87591.0,0.6568430000000001,1.6043399999999999,MEX,GTM,8
1775896,138,93,8,1973.0,1278031.0,321829.0,0.7579060000000001,1.64432,MEX,GTM,8
1775897,138,93,8,1974.0,1822401.0,46748.0,0.645679,1.6436130000000002,MEX,GTM,8
1775898,138,93,8,1975.0,1729359.0,62274.0,0.683904,1.757929,MEX,GTM,8
1775899,138,93,8,1986.0,2307564.0,81271.0,0.805869,0.731842,MEX,GTM,8
1775900,138,93,8,1965.0,411042.0,110680.0,0.259986,0.043336,MEX,GTM,8
1775901,138,93,8,1984.0,3340097.0,0.0,0.51868,0.38679600000000003,MEX,GTM,8
1775902,138,93,8,1985.0,4170688.0,0.0,0.479921,0.2904,MEX,GTM,8
1775903,140,93,8,2015.0,0.0,2928.0,-0.30188000000000004,-0.25053800000000004,MKD,GTM,8
1775904,140,93,8,2010.0,0.0,1984.0,-0.09500800000000001,0.5715180000000001,MKD,GTM,8
1775905,140,93,8,2011.0,0.0,1158.0,-0.091852,0.245837,MKD,GTM,8
1775906,140,93,8,2004.0,0.0,1039.0,-0.120439,0.27624899999999997,MKD,GTM,8
1775907,140,93,8,2009.0,30250.0,1164.0,-0.16478800000000002,0.599934,MKD,GTM,8
1775908,140,93,8,2018.0,0.0,1298.0,0.056548,-0.273964,MKD,GTM,8
1775909,140,93,8,2020.0,0.0,157365.0,0.0735,-0.18281,MKD,GTM,8
1775910,142,93,8,2016.0,3363.0,0.0,0.981182,-0.029401999999999998,MLT,GTM,8
1775911,142,93,8,2008.0,166624.0,0.0,0.8579180000000001,-0.23272800000000002,MLT,GTM,8
1775912,142,93,8,2020.0,85978.0,0.0,1.003599,0.301402,MLT,GTM,8
1775913,143,93,8,2013.0,104478.0,0.0,-1.147086,-0.6888989999999999,MMR,GTM,8
1775914,144,93,8,2012.0,0.0,3031.0,0.028479,-0.045841,MNE,GTM,8
1775915,145,93,8,2017.0,0.0,1241.0,-1.110506,-1.179734,MNG,GTM,8
1775916,145,93,8,2018.0,0.0,1137.0,-0.892013,-1.115228,MNG,GTM,8
1775917,147,93,8,2010.0,3267.0,0.0,-1.459845,-1.136655,MOZ,GTM,8
1775918,147,93,8,2012.0,2874.0,0.0,-1.274567,-1.045444,MOZ,GTM,8
1775919,147,93,8,2013.0,2495.0,10813.0,-1.131512,-0.8923840000000001,MOZ,GTM,8
1775920,150,93,8,1975.0,0.0,1148.0,-0.12906700000000002,-0.38452,MTQ,GTM,8
1775921,150,93,8,1978.0,0.0,1339.0,0.476916,-0.178263,MTQ,GTM,8
1775922,150,93,8,1991.0,0.0,827.0,0.654716,-0.043163,MTQ,GTM,8
1775923,151,93,8,2009.0,92650.0,0.0,-0.0442,0.199713,MUS,GTM,8
1775924,151,93,8,2010.0,0.0,2072.0,-0.07980599999999999,0.12,MUS,GTM,8
1775925,151,93,8,2011.0,0.0,18460.0,-0.0589,0.162453,MUS,GTM,8
1775926,151,93,8,2014.0,0.0,3253.0,-0.055786,-0.1488,MUS,GTM,8
1775927,151,93,8,2017.0,0.0,3727.0,-0.166097,-0.050332,MUS,GTM,8
1775928,151,93,8,2020.0,0.0,1486.0,-0.072103,-0.044161,MUS,GTM,8
1775929,152,93,8,2006.0,29157.0,0.0,-0.822168,-0.8834860000000001,MWI,GTM,8
1775930,153,93,8,2002.0,1046872.0,0.0,0.9987159999999999,0.26558200000000004,MYS,GTM,8
1775931,153,93,8,2008.0,2507742.0,21647.0,0.928428,0.48990100000000003,MYS,GTM,8
1775932,153,93,8,2011.0,3799654.0,34394.0,1.023615,0.6364770000000001,MYS,GTM,8
1775933,153,93,8,2012.0,3360339.0,42844.0,0.93739,0.726329,MYS,GTM,8
1775934,153,93,8,2013.0,3667187.0,38927.0,0.924532,0.671334,MYS,GTM,8
1775935,153,93,8,2014.0,4009811.0,351308.0,0.995226,0.7797810000000001,MYS,GTM,8
1775936,153,93,8,2015.0,3121027.0,62427.0,1.041984,0.773634,MYS,GTM,8
1775937,153,93,8,2016.0,3121390.0,76875.0,1.091156,0.8383370000000001,MYS,GTM,8
1775938,153,93,8,2017.0,2782109.0,60492.0,1.022117,0.6711739999999999,MYS,GTM,8
1775939,153,93,8,2019.0,4146773.0,263996.0,1.137286,0.711695,MYS,GTM,8
1775940,153,93,8,1990.0,7684.0,0.0,0.172319,0.274509,MYS,GTM,8
1775941,153,93,8,1992.0,30669.0,0.0,0.14268499999999998,0.370079,MYS,GTM,8
1775942,153,93,8,1994.0,68172.0,0.0,0.391369,0.337687,MYS,GTM,8
1775943,153,93,8,1996.0,38962.0,0.0,0.5493640000000001,0.248484,MYS,GTM,8
1775944,153,93,8,2005.0,2004968.0,0.0,0.922459,0.21455300000000002,MYS,GTM,8
1775945,153,93,8,2006.0,2235079.0,9649.0,0.9497270000000001,0.324179,MYS,GTM,8
1775946,153,93,8,2007.0,2812966.0,7819.0,0.948463,0.33418600000000004,MYS,GTM,8
1775947,153,93,8,1995.0,64953.0,0.0,0.42428699999999997,0.210883,MYS,GTM,8
1775948,153,93,8,1999.0,125165.0,0.0,0.81818,0.204866,MYS,GTM,8
1775949,153,93,8,2010.0,2171662.0,15510.0,0.8855870000000001,0.523093,MYS,GTM,8
1775950,153,93,8,2000.0,562376.0,0.0,0.789007,0.16084600000000002,MYS,GTM,8
1775951,153,93,8,2003.0,785215.0,1208.0,1.106399,0.165321,MYS,GTM,8
1775952,153,93,8,2004.0,1292904.0,3034.0,1.250098,0.352379,MYS,GTM,8
1775953,153,93,8,2009.0,2322158.0,8024.0,0.7363810000000001,0.57739,MYS,GTM,8
1775954,153,93,8,1991.0,10715.0,0.0,0.087548,0.23637800000000003,MYS,GTM,8
1775955,153,93,8,1993.0,31422.0,0.0,0.276802,0.267217,MYS,GTM,8
1775956,153,93,8,1997.0,79467.0,0.0,0.526754,0.33065700000000003,MYS,GTM,8
1775957,153,93,8,1998.0,179964.0,0.0,0.484235,0.05134299999999999,MYS,GTM,8
1775958,153,93,8,2018.0,2070607.0,185869.0,1.047185,0.732742,MYS,GTM,8
1775959,153,93,8,2001.0,557006.0,1263.0,0.894191,0.310677,MYS,GTM,8
1775960,153,93,8,2020.0,5252015.0,520516.0,1.1176540000000001,0.711091,MYS,GTM,8
1775961,153,93,8,1987.0,17157.0,0.0,0.039266,0.191524,MYS,GTM,8
1775962,153,93,8,1986.0,13509.0,0.0,-0.06608,0.095339,MYS,GTM,8
1775963,153,93,8,1989.0,55824.0,0.0,0.109537,0.274865,MYS,GTM,8
1775964,153,93,8,1988.0,88522.0,0.0,-0.055667999999999995,0.195692,MYS,GTM,8
1775965,155,93,8,2020.0,0.0,24206.0,-0.529092,-0.6274489999999999,NAM,GTM,8
1775966,157,93,8,2018.0,0.0,15236.0,-0.432568,-0.841635,NER,GTM,8
1775967,159,93,8,2001.0,0.0,57325.0,-1.9085759999999998,-1.335279,NGA,GTM,8
1775968,159,93,8,1997.0,0.0,1297.0,-1.8354990000000002,-1.246493,NGA,GTM,8
1775969,159,93,8,2008.0,1409.0,0.0,-1.778615,-1.157746,NGA,GTM,8
1775970,159,93,8,2018.0,0.0,4206.0,-1.839074,-1.29837,NGA,GTM,8
1775971,159,93,8,2013.0,0.0,22799.0,-1.679402,-1.14686,NGA,GTM,8
1775972,159,93,8,2003.0,0.0,12143.0,-1.621206,-1.267474,NGA,GTM,8
1775973,159,93,8,2011.0,0.0,114064.0,-1.870959,-1.21894,NGA,GTM,8
1775974,159,93,8,2012.0,0.0,274738.0,-1.616498,-1.174816,NGA,GTM,8
1775975,159,93,8,2014.0,3108.0,0.0,-1.9012419999999999,-1.229264,NGA,GTM,8
1775976,159,93,8,2006.0,0.0,1002.0,-2.088278,-1.224464,NGA,GTM,8
1775977,159,93,8,1993.0,0.0,18750.0,-2.1761049999999997,-1.18574,NGA,GTM,8
1775978,160,93,8,1999.0,477174.0,10754712.0,-0.8209299999999999,-0.669381,NIC,GTM,8
1775979,160,93,8,2012.0,4286118.0,57079290.0,-0.6056279999999999,-0.404956,NIC,GTM,8
1775980,160,93,8,2014.0,1793162.0,66275684.0,-0.85321,-0.796656,NIC,GTM,8
1775981,160,93,8,2015.0,3270242.0,67630841.0,-1.0135040000000002,-0.932377,NIC,GTM,8
1775982,160,93,8,2006.0,1157050.0,17875732.0,-0.9416120000000001,-0.888491,NIC,GTM,8
1775983,160,93,8,2001.0,434542.0,16584236.0,-0.865941,-0.617108,NIC,GTM,8
1775984,160,93,8,2002.0,1458137.0,14318283.0,-0.634946,-0.37966,NIC,GTM,8
1775985,160,93,8,2016.0,3231361.0,67232474.0,-0.954131,-0.9000389999999999,NIC,GTM,8
1775986,160,93,8,2017.0,4341205.0,70473018.0,-0.974065,-0.791551,NIC,GTM,8
1775987,160,93,8,2018.0,4829772.0,60181016.0,-0.8788790000000001,-0.747015,NIC,GTM,8
1775988,160,93,8,2013.0,2783032.0,64209538.0,-0.7956479999999999,-0.596061,NIC,GTM,8
1775989,160,93,8,2019.0,4476045.0,59968253.0,-0.8926729999999999,-0.705071,NIC,GTM,8
1775990,160,93,8,2008.0,7602043.0,27484749.0,-0.63345,-0.472214,NIC,GTM,8
1775991,160,93,8,1986.0,30883.0,1307681.0,-0.517428,-0.603909,NIC,GTM,8
1775992,160,93,8,1988.0,97330.0,1485079.0,-0.11381400000000001,-0.454384,NIC,GTM,8
1775993,160,93,8,1972.0,929797.0,2039860.0,-0.06700199999999999,-0.238379,NIC,GTM,8
1775994,160,93,8,1993.0,278961.0,2891340.0,-0.404133,-0.25785,NIC,GTM,8
1775995,160,93,8,1966.0,559080.0,871314.0,0.177704,-0.282645,NIC,GTM,8
1775996,160,93,8,1967.0,560159.0,1185020.0,0.162187,-0.32823,NIC,GTM,8
1775997,160,93,8,1969.0,629752.0,1541712.0,0.023059,-0.288263,NIC,GTM,8
1775998,160,93,8,1971.0,923899.0,2288888.0,0.21678699999999998,-0.085482,NIC,GTM,8
1775999,160,93,8,1975.0,1371075.0,4570631.0,0.001542,-0.021287999999999998,NIC,GTM,8
1776000,160,93,8,1998.0,283821.0,7654308.0,-0.790738,-0.601911,NIC,GTM,8
1776001,160,93,8,2009.0,3041769.0,27546297.0,-0.798077,-0.640991,NIC,GTM,8
1776002,160,93,8,2010.0,3291269.0,35338138.0,-0.887474,-0.710771,NIC,GTM,8
1776003,160,93,8,1970.0,855993.0,1791821.0,0.156778,0.004746,NIC,GTM,8
1776004,160,93,8,1973.0,1316356.0,2987463.0,-0.006933,-0.20422300000000002,NIC,GTM,8
1776005,160,93,8,1974.0,2396872.0,5422220.0,0.159127,-0.005861,NIC,GTM,8
1776006,160,93,8,1997.0,215519.0,6015460.0,-0.699387,-0.460178,NIC,GTM,8
1776007,160,93,8,2000.0,751884.0,14079317.0,-0.753571,-0.620488,NIC,GTM,8
1776008,160,93,8,2005.0,810085.0,21320787.0,-0.920314,-0.750562,NIC,GTM,8
1776009,160,93,8,2007.0,3011911.0,29071849.0,-0.713383,-0.7620140000000001,NIC,GTM,8
1776010,160,93,8,1965.0,454234.0,548216.0,0.143597,-0.321781,NIC,GTM,8
1776011,160,93,8,1968.0,594094.0,1712298.0,0.141456,-0.299055,NIC,GTM,8
1776012,160,93,8,1989.0,735379.0,1004946.0,-0.5174529999999999,-0.5145109999999999,NIC,GTM,8
1776013,160,93,8,1990.0,207415.0,1917334.0,-0.310512,-0.43746199999999996,NIC,GTM,8
1776014,160,93,8,1992.0,96875.0,3714807.0,-0.214083,-0.111615,NIC,GTM,8
1776015,160,93,8,1994.0,315180.0,3755300.0,-0.55971,-0.37890100000000004,NIC,GTM,8
1776016,160,93,8,1995.0,194319.0,3894772.0,-0.559823,-0.490716,NIC,GTM,8
1776017,160,93,8,1996.0,151233.0,6686861.0,-0.810879,-0.64475,NIC,GTM,8
1776018,160,93,8,2003.0,1255175.0,15079414.0,-0.9133620000000001,-0.726861,NIC,GTM,8
1776019,160,93,8,2004.0,1479048.0,17304407.0,-1.003846,-0.697642,NIC,GTM,8
1776020,160,93,8,2011.0,4624778.0,39998020.0,-0.732085,-0.623949,NIC,GTM,8
1776021,160,93,8,2020.0,4390409.0,68235092.0,-0.804711,-0.6022270000000001,NIC,GTM,8
1776022,160,93,8,1987.0,8834.0,603559.0,-0.045188,-0.574304,NIC,GTM,8
1776023,160,93,8,1991.0,46133.0,3018344.0,-0.48451099999999997,-0.456842,NIC,GTM,8
1776024,162,93,8,1989.0,197316.0,574450.0,1.402509,1.7133330000000002,NLD,GTM,8
1776025,162,93,8,1990.0,235547.0,522022.0,1.475375,1.697396,NLD,GTM,8
1776026,162,93,8,1991.0,304952.0,1098504.0,1.4946840000000001,1.811405,NLD,GTM,8
1776027,162,93,8,1992.0,219082.0,148448.0,1.4315069999999999,1.7107450000000002,NLD,GTM,8
1776028,162,93,8,1993.0,480907.0,244554.0,1.452553,1.605166,NLD,GTM,8
1776029,162,93,8,1994.0,584516.0,241775.0,1.431846,1.608867,NLD,GTM,8
1776030,162,93,8,1995.0,645000.0,272967.0,1.403942,1.653311,NLD,GTM,8
1776031,162,93,8,1996.0,591685.0,379261.0,1.331177,1.6320430000000001,NLD,GTM,8
1776032,162,93,8,1997.0,372594.0,379764.0,1.327106,1.520932,NLD,GTM,8
1776033,162,93,8,1998.0,464219.0,401248.0,1.305919,1.497666,NLD,GTM,8
1776034,162,93,8,1999.0,540811.0,194705.0,1.4220540000000002,1.275317,NLD,GTM,8
1776035,162,93,8,2000.0,814539.0,725231.0,1.259257,1.595796,NLD,GTM,8
1776036,162,93,8,2001.0,1080358.0,1309835.0,1.299569,1.487015,NLD,GTM,8
1776037,162,93,8,2002.0,1058342.0,309438.0,1.175777,1.667472,NLD,GTM,8
1776038,162,93,8,2003.0,2079295.0,263378.0,1.241407,1.447459,NLD,GTM,8
1776039,162,93,8,2004.0,1806590.0,365444.0,1.171327,1.6369799999999999,NLD,GTM,8
1776040,162,93,8,2005.0,2232184.0,1406015.0,1.0774059999999999,1.610825,NLD,GTM,8
1776041,162,93,8,2006.0,2690980.0,169505.0,1.115718,1.4743680000000001,NLD,GTM,8
1776042,162,93,8,2007.0,3247305.0,449385.0,0.9985809999999999,1.468116,NLD,GTM,8
1776043,162,93,8,2008.0,4794091.0,690938.0,1.0692979999999999,1.311695,NLD,GTM,8
1776044,162,93,8,2009.0,7940639.0,1112424.0,1.101546,1.232905,NLD,GTM,8
1776045,162,93,8,2010.0,2572168.0,4228092.0,1.102171,1.253737,NLD,GTM,8
1776046,162,93,8,2011.0,2052304.0,5476032.0,0.995517,1.548989,NLD,GTM,8
1776047,162,93,8,2012.0,2480778.0,8238397.0,0.961975,1.517883,NLD,GTM,8
1776048,162,93,8,2013.0,5607788.0,7782846.0,1.012006,1.441545,NLD,GTM,8
1776049,162,93,8,2014.0,2292356.0,10381894.0,1.08881,1.320941,NLD,GTM,8
1776050,162,93,8,2015.0,4347637.0,8557605.0,1.135062,1.338365,NLD,GTM,8
1776051,162,93,8,2016.0,4526202.0,8455816.0,1.132192,1.412512,NLD,GTM,8
1776052,162,93,8,2017.0,3009659.0,12046463.0,1.090805,1.452409,NLD,GTM,8
1776053,162,93,8,2018.0,3153709.0,13929992.0,1.060964,1.491808,NLD,GTM,8
1776054,162,93,8,2019.0,4737201.0,10526810.0,1.1094540000000002,1.335874,NLD,GTM,8
1776055,162,93,8,2020.0,4583914.0,7937547.0,0.986038,1.540414,NLD,GTM,8
1776056,162,93,8,1962.0,30784.0,0.0,1.533548,2.937284,NLD,GTM,8
1776057,162,93,8,1963.0,41777.0,0.0,1.489825,3.113276,NLD,GTM,8
1776058,162,93,8,1964.0,40989.0,0.0,1.563843,3.03784,NLD,GTM,8
1776059,162,93,8,1965.0,59891.0,0.0,1.649933,3.145235,NLD,GTM,8
1776060,162,93,8,1966.0,90835.0,0.0,1.509701,2.959854,NLD,GTM,8
1776061,162,93,8,1967.0,71168.0,0.0,1.476428,3.057667,NLD,GTM,8
1776062,162,93,8,1968.0,60701.0,0.0,1.4081620000000001,2.841383,NLD,GTM,8
1776063,162,93,8,1969.0,35682.0,0.0,1.415815,2.7428049999999997,NLD,GTM,8
1776064,162,93,8,1970.0,61538.0,3030.0,1.429006,2.563438,NLD,GTM,8
1776065,162,93,8,1971.0,50107.0,6440.0,1.3564690000000001,2.749828,NLD,GTM,8
1776066,162,93,8,1972.0,105308.0,18006.0,1.366963,2.705669,NLD,GTM,8
1776067,162,93,8,1973.0,572160.0,8178.0,1.380759,2.5777509999999997,NLD,GTM,8
1776068,162,93,8,1974.0,379475.0,5146.0,1.1901030000000001,2.348171,NLD,GTM,8
1776069,162,93,8,1975.0,230111.0,126277.0,1.248438,2.236579,NLD,GTM,8
1776070,162,93,8,1978.0,134273.0,15305.0,1.449735,2.0375330000000003,NLD,GTM,8
1776071,162,93,8,1979.0,142184.0,19396.0,1.3693170000000001,1.994645,NLD,GTM,8
1776072,162,93,8,1980.0,91637.0,4596.0,1.217013,1.957872,NLD,GTM,8
1776073,162,93,8,1981.0,130928.0,3810.0,1.219753,1.8593009999999999,NLD,GTM,8
1776074,162,93,8,1982.0,92870.0,5561.0,1.314926,1.8739720000000002,NLD,GTM,8
1776075,162,93,8,1983.0,118932.0,0.0,1.281772,2.0243900000000004,NLD,GTM,8
1776076,162,93,8,1984.0,273346.0,17815.0,1.354452,1.957254,NLD,GTM,8
1776077,162,93,8,1985.0,87808.0,6885.0,1.375418,2.034757,NLD,GTM,8
1776078,162,93,8,1986.0,58887.0,0.0,1.480742,1.983198,NLD,GTM,8
1776079,162,93,8,1987.0,106086.0,13654.0,1.47632,1.911861,NLD,GTM,8
1776080,162,93,8,1988.0,314256.0,32719.0,1.377961,1.784727,NLD,GTM,8
1776081,163,93,8,1988.0,4940.0,5680.0,1.119009,0.860124,NOR,GTM,8
1776082,163,93,8,1992.0,49631.0,36116.0,0.877965,0.444983,NOR,GTM,8
1776083,163,93,8,1993.0,3571.0,77560.0,0.673673,0.091587,NOR,GTM,8
1776084,163,93,8,1994.0,16144.0,74002.0,0.677984,0.073548,NOR,GTM,8
1776085,163,93,8,1995.0,10224.0,34573.0,0.874725,0.283974,NOR,GTM,8
1776086,163,93,8,1996.0,4082.0,41126.0,0.8207270000000001,0.043619,NOR,GTM,8
1776087,163,93,8,1997.0,37768.0,41118.0,0.857735,0.061844,NOR,GTM,8
1776088,163,93,8,1998.0,61464.0,19014.0,0.880834,0.21940900000000002,NOR,GTM,8
1776089,163,93,8,1999.0,17883.0,18059.0,0.7915949999999999,0.048119,NOR,GTM,8
1776090,163,93,8,2000.0,25710.0,30516.0,0.6499050000000001,-0.177091,NOR,GTM,8
1776091,163,93,8,2001.0,38746.0,7853.0,0.542366,-0.180336,NOR,GTM,8
1776092,163,93,8,2002.0,28237.0,14997.0,0.689588,-0.007016,NOR,GTM,8
1776093,163,93,8,2003.0,8275.0,40454.0,0.880567,0.090791,NOR,GTM,8
1776094,163,93,8,2005.0,68956.0,50585.0,0.7313470000000001,-0.169473,NOR,GTM,8
1776095,163,93,8,2019.0,0.0,90705.0,0.5470550000000001,0.051401999999999996,NOR,GTM,8
1776096,163,93,8,2020.0,3822.0,266448.0,0.69338,0.389574,NOR,GTM,8
1776097,163,93,8,2018.0,7364.0,113670.0,0.359254,-0.059994000000000006,NOR,GTM,8
1776098,163,93,8,2017.0,4240.0,184337.0,0.393228,0.049788,NOR,GTM,8
1776099,163,93,8,2007.0,102922.0,41710.0,0.6422939999999999,-0.063288,NOR,GTM,8
1776100,163,93,8,2008.0,6851.0,54901.0,0.687366,-0.10496099999999998,NOR,GTM,8
1776101,163,93,8,2009.0,67699.0,116486.0,0.788151,0.110703,NOR,GTM,8
1776102,163,93,8,2013.0,70484.0,75182.0,0.710901,0.062705,NOR,GTM,8
1776103,163,93,8,2014.0,63676.0,93649.0,0.678424,0.137871,NOR,GTM,8
1776104,163,93,8,2016.0,17260.0,198956.0,0.664183,0.206877,NOR,GTM,8
1776105,163,93,8,1968.0,4786.0,0.0,1.258037,1.6438409999999999,NOR,GTM,8
1776106,163,93,8,1970.0,14398.0,2058.0,1.2290379999999999,1.668913,NOR,GTM,8
1776107,163,93,8,1971.0,14289.0,0.0,1.297569,1.870238,NOR,GTM,8
1776108,163,93,8,1972.0,10972.0,0.0,1.404788,1.779527,NOR,GTM,8
1776109,163,93,8,1973.0,12047.0,0.0,1.347887,1.77788,NOR,GTM,8
1776110,163,93,8,1974.0,11809.0,2496.0,1.2255850000000001,1.697141,NOR,GTM,8
1776111,163,93,8,1975.0,11956.0,1442.0,1.174116,1.610365,NOR,GTM,8
1776112,163,93,8,1977.0,33868.0,5356.0,1.13842,1.1624379999999999,NOR,GTM,8
1776113,163,93,8,1978.0,199435.0,0.0,1.240006,1.1593959999999999,NOR,GTM,8
1776114,163,93,8,1979.0,178594.0,5335.0,1.113457,1.2216799999999999,NOR,GTM,8
1776115,163,93,8,1980.0,301662.0,22057.0,1.1544450000000002,1.159076,NOR,GTM,8
1776116,163,93,8,1981.0,245260.0,20009.0,1.104344,0.923651,NOR,GTM,8
1776117,163,93,8,1982.0,0.0,12586.0,1.138012,0.887727,NOR,GTM,8
1776118,163,93,8,1983.0,0.0,21928.0,0.9881200000000001,0.656795,NOR,GTM,8
1776119,163,93,8,1984.0,0.0,6321.0,1.031595,0.659077,NOR,GTM,8
1776120,163,93,8,1985.0,3647.0,5395.0,1.013833,0.55561,NOR,GTM,8
1776121,163,93,8,1986.0,16099.0,6983.0,1.032131,0.62498,NOR,GTM,8
1776122,163,93,8,1987.0,13185.0,6961.0,1.074678,0.7944939999999999,NOR,GTM,8
1776123,163,93,8,1989.0,18797.0,4410.0,1.077161,0.67269,NOR,GTM,8
1776124,163,93,8,1990.0,12072.0,23020.0,0.845469,0.48140900000000003,NOR,GTM,8
1776125,163,93,8,1991.0,13714.0,45449.0,0.9339430000000001,0.42701300000000003,NOR,GTM,8
1776126,163,93,8,2004.0,175950.0,24804.0,0.731175,-0.0655,NOR,GTM,8
1776127,163,93,8,2006.0,16975.0,40407.0,0.621685,-0.280378,NOR,GTM,8
1776128,163,93,8,2010.0,48061.0,62725.0,0.626526,0.06847400000000001,NOR,GTM,8
1776129,163,93,8,2011.0,14331.0,96894.0,0.603197,-0.022862999999999998,NOR,GTM,8
1776130,163,93,8,2012.0,18452.0,135528.0,0.5462670000000001,-0.042712,NOR,GTM,8
1776131,163,93,8,2015.0,53351.0,162051.0,0.867526,0.283342,NOR,GTM,8
1776132,163,93,8,1969.0,7326.0,0.0,1.3578569999999999,1.6963599999999999,NOR,GTM,8
1776133,163,93,8,1966.0,8408.0,0.0,1.301043,1.542461,NOR,GTM,8
1776134,163,93,8,1965.0,2162.0,0.0,1.216481,1.463149,NOR,GTM,8
1776135,163,93,8,1967.0,4406.0,0.0,1.339392,1.8153439999999998,NOR,GTM,8
1776136,164,93,8,2018.0,0.0,2344.0,-0.15379500000000002,0.7814369999999999,NPL,GTM,8
1776137,164,93,8,2011.0,0.0,122768.0,-0.15132,0.6979270000000001,NPL,GTM,8
1776138,164,93,8,2019.0,0.0,2444.0,-0.119381,0.15551900000000002,NPL,GTM,8
1776139,164,93,8,1986.0,169478.0,0.0,-0.382291,-0.20439000000000002,NPL,GTM,8
1776140,166,93,8,1997.0,3508.0,55585.0,0.372052,0.764854,NZL,GTM,8
1776141,166,93,8,2001.0,21465.0,51903.0,0.220307,0.689625,NZL,GTM,8
1776142,166,93,8,2002.0,61686.0,38167.0,0.370673,0.7853829999999999,NZL,GTM,8
1776143,166,93,8,2003.0,45029.0,64553.0,0.365665,1.038643,NZL,GTM,8
1776144,166,93,8,2004.0,55887.0,57702.0,0.44099099999999997,0.968326,NZL,GTM,8
1776145,166,93,8,2005.0,64175.0,50327.0,0.47451499999999996,0.825083,NZL,GTM,8
1776146,166,93,8,2006.0,83165.0,177732.0,0.40442100000000003,0.821033,NZL,GTM,8
1776147,166,93,8,2007.0,53322.0,140708.0,0.386121,0.851418,NZL,GTM,8
1776148,166,93,8,2008.0,134456.0,289842.0,0.32311799999999996,0.701337,NZL,GTM,8
1776149,166,93,8,2009.0,257218.0,106949.0,0.249389,0.789732,NZL,GTM,8
1776150,166,93,8,2010.0,105371.0,120086.0,0.16702899999999998,0.744585,NZL,GTM,8
1776151,166,93,8,2011.0,194661.0,166033.0,0.24326199999999998,0.674809,NZL,GTM,8
1776152,166,93,8,2012.0,170502.0,142064.0,0.21502399999999997,0.746456,NZL,GTM,8
1776153,166,93,8,2013.0,152549.0,184848.0,0.192237,0.429825,NZL,GTM,8
1776154,166,93,8,2014.0,129108.0,172778.0,0.123649,0.26129,NZL,GTM,8
1776155,166,93,8,2015.0,101668.0,264728.0,0.165415,0.170774,NZL,GTM,8
1776156,166,93,8,2016.0,82088.0,151944.0,0.093306,0.194895,NZL,GTM,8
1776157,166,93,8,2017.0,130979.0,107031.0,0.154926,0.10981500000000001,NZL,GTM,8
1776158,166,93,8,2018.0,333132.0,374626.0,0.113398,0.017740000000000002,NZL,GTM,8
1776159,166,93,8,2019.0,176757.0,509220.0,0.197511,0.08897000000000001,NZL,GTM,8
1776160,166,93,8,2020.0,808039.0,288537.0,0.166909,-0.042323,NZL,GTM,8
1776161,166,93,8,1998.0,36598.0,48333.0,0.380205,0.772704,NZL,GTM,8
1776162,166,93,8,1999.0,0.0,27759.0,0.34283,0.787984,NZL,GTM,8
1776163,166,93,8,2000.0,21606.0,48148.0,0.419671,0.809288,NZL,GTM,8
1776164,166,93,8,1990.0,7747.0,0.0,0.45746899999999996,0.453269,NZL,GTM,8
1776165,166,93,8,1992.0,0.0,12651.0,0.41866000000000003,0.580581,NZL,GTM,8
1776166,166,93,8,1993.0,7250.0,27992.0,0.502268,0.591277,NZL,GTM,8
1776167,166,93,8,1995.0,22346.0,128225.0,0.50405,0.7742899999999999,NZL,GTM,8
1776168,166,93,8,1994.0,42976.0,56759.0,0.477714,0.5929810000000001,NZL,GTM,8
1776169,166,93,8,1996.0,0.0,85947.0,0.404233,0.6724640000000001,NZL,GTM,8
1776170,166,93,8,1980.0,0.0,3809.0,0.439512,0.172763,NZL,GTM,8
1776171,166,93,8,1985.0,0.0,1213.0,0.5404359999999999,0.662651,NZL,GTM,8
1776172,166,93,8,1989.0,3409.0,0.0,0.549917,0.5621649999999999,NZL,GTM,8
1776173,167,93,8,2018.0,92337.0,5811.0,-0.513727,-0.9944280000000001,OMN,GTM,8
1776174,167,93,8,2019.0,25461.0,0.0,-0.5015390000000001,-0.870091,OMN,GTM,8
1776175,167,93,8,1998.0,0.0,13509.0,-0.203648,-0.891126,OMN,GTM,8
1776176,167,93,8,1999.0,0.0,1124.0,-0.9077649999999999,-1.2635,OMN,GTM,8
1776177,167,93,8,2000.0,0.0,3951.0,-1.291169,-1.3004040000000001,OMN,GTM,8
1776178,167,93,8,2016.0,0.0,60614.0,-0.594724,-1.019133,OMN,GTM,8
1776179,167,93,8,2017.0,0.0,22890.0,-0.44851199999999997,-0.9820049999999999,OMN,GTM,8
1776180,167,93,8,2020.0,3100.0,0.0,-0.269675,-0.8891700000000001,OMN,GTM,8
1776181,168,93,8,2015.0,825694.0,0.0,-0.747304,0.41020200000000007,PAK,GTM,8
1776182,168,93,8,2019.0,802255.0,4041.0,-0.681465,0.5697909999999999,PAK,GTM,8
1776183,168,93,8,2020.0,831921.0,15896.0,-0.48518900000000004,0.37107199999999996,PAK,GTM,8
1776184,168,93,8,2017.0,985424.0,0.0,-0.737436,0.345773,PAK,GTM,8
1776185,168,93,8,2006.0,2044844.0,23025.0,-0.500494,0.334983,PAK,GTM,8
1776186,168,93,8,2009.0,978035.0,0.0,-0.47254399999999996,0.487605,PAK,GTM,8
1776187,168,93,8,2011.0,366620.0,0.0,-0.588909,0.729988,PAK,GTM,8
1776188,168,93,8,1965.0,7220.0,0.0,-0.24541100000000002,-0.548148,PAK,GTM,8
1776189,168,93,8,1966.0,16852.0,0.0,-0.36359600000000003,-0.573788,PAK,GTM,8
1776190,168,93,8,1967.0,1436.0,0.0,0.311612,-0.138537,PAK,GTM,8
1776191,168,93,8,1970.0,5003.0,0.0,0.021556,-0.308079,PAK,GTM,8
1776192,168,93,8,1987.0,173862.0,0.0,-0.38618600000000003,-0.35169,PAK,GTM,8
1776193,168,93,8,1988.0,52990.0,51147.0,-0.470154,-0.44697200000000004,PAK,GTM,8
1776194,168,93,8,1989.0,137211.0,0.0,-0.479839,-0.31800500000000004,PAK,GTM,8
1776195,168,93,8,1990.0,109875.0,0.0,-0.36949,-0.326391,PAK,GTM,8
1776196,168,93,8,1991.0,241459.0,0.0,-0.524475,-0.415864,PAK,GTM,8
1776197,168,93,8,1992.0,26728.0,0.0,-0.480152,-0.361705,PAK,GTM,8
1776198,168,93,8,1993.0,148557.0,0.0,-0.48600699999999997,-0.374327,PAK,GTM,8
1776199,168,93,8,2003.0,299199.0,0.0,-0.755575,0.185554,PAK,GTM,8
1776200,168,93,8,2004.0,424200.0,6678.0,-0.7489600000000001,0.22493200000000002,PAK,GTM,8
1776201,168,93,8,2005.0,818424.0,10018.0,-0.592712,0.279781,PAK,GTM,8
1776202,168,93,8,2007.0,641084.0,140246.0,-0.43098100000000006,0.42179700000000003,PAK,GTM,8
1776203,168,93,8,2008.0,428401.0,3128.0,-0.370515,0.533245,PAK,GTM,8
1776204,168,93,8,2010.0,1008314.0,1268.0,-0.665989,0.380384,PAK,GTM,8
1776205,168,93,8,2012.0,353818.0,148061.0,-0.600346,0.474208,PAK,GTM,8
1776206,168,93,8,2013.0,612355.0,0.0,-0.697224,0.501576,PAK,GTM,8
1776207,168,93,8,2014.0,787876.0,8786.0,-0.595946,0.493716,PAK,GTM,8
1776208,168,93,8,2016.0,518884.0,0.0,-0.7806810000000001,0.420241,PAK,GTM,8
1776209,168,93,8,2018.0,843449.0,4205.0,-0.737637,0.274296,PAK,GTM,8
1776210,168,93,8,1999.0,111059.0,0.0,-0.8837450000000001,-0.541579,PAK,GTM,8
1776211,168,93,8,1996.0,63039.0,0.0,-0.759362,-0.541712,PAK,GTM,8
1776212,168,93,8,1995.0,72971.0,0.0,-0.77412,-0.44227700000000003,PAK,GTM,8
1776213,168,93,8,1997.0,43684.0,0.0,-0.844282,-0.602616,PAK,GTM,8
1776214,168,93,8,1998.0,321837.0,0.0,-0.856671,-0.63431,PAK,GTM,8
1776215,168,93,8,2000.0,362706.0,0.0,-0.76763,-0.435066,PAK,GTM,8
1776216,168,93,8,2001.0,190772.0,0.0,-0.741053,-0.41444,PAK,GTM,8
1776217,168,93,8,2002.0,606895.0,0.0,-0.7574069999999999,-0.403427,PAK,GTM,8
1776218,168,93,8,1994.0,115696.0,0.0,-0.800819,-0.530763,PAK,GTM,8
1776219,169,93,8,1992.0,4530948.0,753390.0,0.289315,0.37247199999999997,PAN,GTM,8
1776220,169,93,8,1993.0,7000250.0,1077660.0,0.3012,0.31401100000000004,PAN,GTM,8
1776221,169,93,8,1994.0,9558768.0,2146314.0,0.171441,0.0018969999999999998,PAN,GTM,8
1776222,169,93,8,1995.0,8353568.0,2498753.0,0.149979,0.23840100000000003,PAN,GTM,8
1776223,169,93,8,1996.0,10214451.0,3606494.0,-0.03243,-0.326329,PAN,GTM,8
1776224,169,93,8,1997.0,14802335.0,2537448.0,0.0038,0.036532999999999996,PAN,GTM,8
1776225,169,93,8,1998.0,15346225.0,3945693.0,0.016311000000000003,0.436917,PAN,GTM,8
1776226,169,93,8,1999.0,14196420.0,3463025.0,0.141153,0.46716899999999995,PAN,GTM,8
1776227,169,93,8,2000.0,17676503.0,4191438.0,0.107412,0.41455600000000004,PAN,GTM,8
1776228,169,93,8,2001.0,18882330.0,3028591.0,0.17863800000000002,0.440159,PAN,GTM,8
1776229,169,93,8,2002.0,53518262.0,8484629.0,0.085746,0.21839,PAN,GTM,8
1776230,169,93,8,2003.0,52265158.0,16107175.0,-0.015635,0.13234500000000002,PAN,GTM,8
1776231,169,93,8,2004.0,72677602.0,27285789.0,0.054997000000000004,0.440416,PAN,GTM,8
1776232,169,93,8,2005.0,37634255.0,7887797.0,0.064649,0.401525,PAN,GTM,8
1776233,169,93,8,2006.0,114750071.0,6214279.0,0.511845,0.7560560000000001,PAN,GTM,8
1776234,169,93,8,2007.0,126625316.0,8116761.0,0.504053,0.7511939999999999,PAN,GTM,8
1776235,169,93,8,2008.0,110096090.0,14552902.0,0.622143,0.910739,PAN,GTM,8
1776236,169,93,8,2009.0,50584777.0,16473916.0,0.676916,0.784553,PAN,GTM,8
1776237,169,93,8,2010.0,102946365.0,15966412.0,0.768137,0.9688620000000001,PAN,GTM,8
1776238,169,93,8,2011.0,111095998.0,16788745.0,0.931114,1.1286559999999999,PAN,GTM,8
1776239,169,93,8,2012.0,107745681.0,15560807.0,1.001878,1.18554,PAN,GTM,8
1776240,169,93,8,2013.0,102679943.0,17868758.0,0.8719819999999999,1.038982,PAN,GTM,8
1776241,169,93,8,2014.0,97495161.0,20961375.0,0.8997200000000001,0.9699139999999999,PAN,GTM,8
1776242,169,93,8,2015.0,109966574.0,20253710.0,0.772463,0.899359,PAN,GTM,8
1776243,169,93,8,2016.0,98605925.0,16851959.0,0.731258,0.649917,PAN,GTM,8
1776244,169,93,8,2017.0,99058721.0,18932836.0,0.638093,1.01027,PAN,GTM,8
1776245,169,93,8,2018.0,110020538.0,20640425.0,0.007061,-0.13867100000000002,PAN,GTM,8
1776246,169,93,8,2019.0,113691245.0,21738091.0,0.179538,-0.171578,PAN,GTM,8
1776247,169,93,8,2020.0,81704200.0,16880253.0,0.62831,0.89265,PAN,GTM,8
1776248,169,93,8,1988.0,661472.0,861349.0,0.270673,0.08490199999999999,PAN,GTM,8
1776249,169,93,8,1989.0,1295723.0,240785.0,0.317274,0.1799,PAN,GTM,8
1776250,169,93,8,1990.0,1139314.0,807647.0,0.205231,-0.083422,PAN,GTM,8
1776251,169,93,8,1991.0,1888185.0,693399.0,0.027676999999999997,0.034372,PAN,GTM,8
1776252,169,93,8,1970.0,48575.0,147813.0,1.07986,0.504514,PAN,GTM,8
1776253,169,93,8,1962.0,0.0,9217.0,1.089798,0.47217299999999995,PAN,GTM,8
1776254,169,93,8,1963.0,0.0,8934.0,1.0770600000000001,0.387854,PAN,GTM,8
1776255,169,93,8,1964.0,0.0,10066.0,0.92519,0.299969,PAN,GTM,8
1776256,169,93,8,1966.0,0.0,30373.0,0.9093690000000001,0.44032200000000005,PAN,GTM,8
1776257,169,93,8,1967.0,31259.0,31311.0,0.796836,0.378502,PAN,GTM,8
1776258,169,93,8,1968.0,73902.0,29999.0,1.151761,0.8629450000000001,PAN,GTM,8
1776259,169,93,8,1969.0,89125.0,59003.0,0.7664479999999999,0.171421,PAN,GTM,8
1776260,169,93,8,1971.0,100355.0,108674.0,0.641183,-0.062375,PAN,GTM,8
1776261,169,93,8,1972.0,68888.0,59299.0,0.531725,0.041184,PAN,GTM,8
1776262,169,93,8,1973.0,98198.0,53853.0,0.49827899999999997,-0.019739,PAN,GTM,8
1776263,169,93,8,1974.0,121709.0,98341.0,0.675633,0.319402,PAN,GTM,8
1776264,169,93,8,1975.0,23174.0,108705.0,0.596325,0.302458,PAN,GTM,8
1776265,169,93,8,1986.0,365667.0,514810.0,0.334377,0.07449700000000001,PAN,GTM,8
1776266,169,93,8,1987.0,1366173.0,353859.0,-0.125724,-0.272366,PAN,GTM,8
1776267,172,93,8,1969.0,0.0,23944.0,1.7339310000000001,1.691514,PCZ,GTM,8
1776268,173,93,8,1995.0,109319.0,16348.0,-0.397938,-0.44838500000000003,PER,GTM,8
1776269,173,93,8,1996.0,100668.0,26032.0,-0.374308,-0.36733499999999997,PER,GTM,8
1776270,173,93,8,1998.0,110495.0,95502.0,-0.447837,-0.010847,PER,GTM,8
1776271,173,93,8,1999.0,2279146.0,67718.0,-0.45143999999999995,-0.067302,PER,GTM,8
1776272,173,93,8,2000.0,3393354.0,153703.0,-0.390278,-0.018691,PER,GTM,8
1776273,173,93,8,2001.0,1134767.0,90103.0,-0.318071,0.116602,PER,GTM,8
1776274,173,93,8,2002.0,1651439.0,125803.0,-0.456603,0.030838,PER,GTM,8
1776275,173,93,8,2003.0,2893434.0,185856.0,-0.559925,0.20775500000000002,PER,GTM,8
1776276,173,93,8,2004.0,4185359.0,290463.0,-0.609837,0.13314,PER,GTM,8
1776277,173,93,8,2005.0,4812071.0,371985.0,-0.526764,0.148428,PER,GTM,8
1776278,173,93,8,2006.0,3455145.0,129409.0,-0.523516,-0.15574100000000002,PER,GTM,8
1776279,173,93,8,2007.0,6214616.0,117538.0,-0.48878599999999994,-0.11071600000000001,PER,GTM,8
1776280,173,93,8,2008.0,5036932.0,374150.0,-0.408515,0.219117,PER,GTM,8
1776281,173,93,8,2009.0,4528134.0,1570114.0,-0.48590900000000004,0.399889,PER,GTM,8
1776282,173,93,8,2010.0,7674196.0,1817755.0,-0.639606,0.157111,PER,GTM,8
1776283,173,93,8,2011.0,7973394.0,1536246.0,-0.533594,0.23686999999999997,PER,GTM,8
1776284,173,93,8,2012.0,8376353.0,1420154.0,-0.47011499999999995,0.340251,PER,GTM,8
1776285,173,93,8,2013.0,9866503.0,2370852.0,-0.640044,0.121772,PER,GTM,8
1776286,173,93,8,2014.0,9623646.0,2120949.0,-0.617883,0.427092,PER,GTM,8
1776287,173,93,8,2015.0,9675999.0,1908085.0,-0.743054,0.165409,PER,GTM,8
1776288,173,93,8,2016.0,6874138.0,1302583.0,-0.818178,-0.0791,PER,GTM,8
1776289,173,93,8,2017.0,7213222.0,1235188.0,-0.8214469999999999,-0.333306,PER,GTM,8
1776290,173,93,8,2018.0,9989606.0,1052809.0,-0.842934,-0.302396,PER,GTM,8
1776291,173,93,8,2019.0,8397081.0,1068511.0,-0.7897810000000001,-0.26602,PER,GTM,8
1776292,173,93,8,2020.0,6287313.0,1104438.0,-0.8298620000000001,-0.274084,PER,GTM,8
1776293,173,93,8,1994.0,84773.0,0.0,-0.47761800000000004,-0.48931499999999994,PER,GTM,8
1776294,173,93,8,1993.0,39927.0,0.0,-0.249092,-0.151275,PER,GTM,8
1776295,173,93,8,1987.0,16093.0,0.0,-0.07572899999999999,-0.255829,PER,GTM,8
1776296,173,93,8,1990.0,201618.0,0.0,-0.197195,-0.298442,PER,GTM,8
1776297,173,93,8,1997.0,162856.0,36510.0,-0.603019,-0.365845,PER,GTM,8
1776298,173,93,8,1977.0,45164.0,0.0,-0.170163,-0.409171,PER,GTM,8
1776299,173,93,8,1974.0,35627.0,0.0,-0.29020999999999997,-0.584622,PER,GTM,8
1776300,173,93,8,1984.0,25842.0,6318.0,-0.11112999999999999,-0.199243,PER,GTM,8
1776301,173,93,8,1985.0,7448.0,0.0,-0.18748599999999999,-0.277445,PER,GTM,8
1776302,173,93,8,1986.0,27241.0,0.0,-0.280296,-0.385429,PER,GTM,8
1776303,173,93,8,1970.0,1944.0,0.0,-0.652362,-0.8563040000000001,PER,GTM,8
1776304,173,93,8,1978.0,36718.0,1111.0,-0.123822,-0.355312,PER,GTM,8
1776305,173,93,8,1979.0,97246.0,0.0,-0.0328,-0.138155,PER,GTM,8
1776306,173,93,8,1980.0,70619.0,0.0,-0.0009400000000000001,-0.210565,PER,GTM,8
1776307,173,93,8,1981.0,35668.0,0.0,-0.135012,-0.261522,PER,GTM,8
1776308,173,93,8,1982.0,4802.0,20057.0,-0.180515,-0.18234,PER,GTM,8
1776309,173,93,8,1983.0,108891.0,0.0,-0.15176800000000001,-0.260991,PER,GTM,8
1776310,173,93,8,1988.0,5292.0,0.0,-0.11088599999999998,-0.280107,PER,GTM,8
1776311,173,93,8,1989.0,7989.0,4384.0,-0.141622,-0.226575,PER,GTM,8
1776312,173,93,8,1991.0,16410.0,2446.0,-0.207287,-0.2166,PER,GTM,8
1776313,173,93,8,1992.0,235278.0,3199.0,-0.286545,-0.264638,PER,GTM,8
1776314,173,93,8,1968.0,4938.0,0.0,-0.676242,-0.815086,PER,GTM,8
1776315,173,93,8,1969.0,1056.0,0.0,-0.612333,-0.811268,PER,GTM,8
1776316,173,93,8,1972.0,13568.0,0.0,-0.613971,-0.781961,PER,GTM,8
1776317,173,93,8,1973.0,14392.0,0.0,-0.701576,-0.846441,PER,GTM,8
1776318,173,93,8,1975.0,15135.0,0.0,-0.6794789999999999,-0.803597,PER,GTM,8
1776319,173,93,8,1976.0,12796.0,0.0,-0.21254499999999998,-0.484674,PER,GTM,8
1776320,174,93,8,1997.0,51368.0,0.0,0.044834,0.024782,PHL,GTM,8
1776321,174,93,8,1998.0,100257.0,0.0,-0.11341199999999999,-0.14486300000000002,PHL,GTM,8
1776322,174,93,8,1999.0,158862.0,2563.0,0.082401,-0.268975,PHL,GTM,8
1776323,174,93,8,2000.0,175846.0,0.0,-0.010024,-0.368702,PHL,GTM,8
1776324,174,93,8,2001.0,314334.0,0.0,0.153601,-0.174218,PHL,GTM,8
1776325,174,93,8,2002.0,131980.0,244113.0,0.29601,-0.232513,PHL,GTM,8
1776326,174,93,8,2003.0,434628.0,0.0,0.069077,-0.360142,PHL,GTM,8
1776327,174,93,8,2004.0,525475.0,0.0,0.288786,-0.25348699999999996,PHL,GTM,8
1776328,174,93,8,2005.0,634974.0,0.0,0.128926,-0.229343,PHL,GTM,8
1776329,174,93,8,2006.0,333855.0,0.0,0.32715,-0.15929200000000002,PHL,GTM,8
1776330,174,93,8,2007.0,203942.0,0.0,0.324604,-0.273468,PHL,GTM,8
1776331,174,93,8,2008.0,450004.0,5789.0,0.405643,-0.035084,PHL,GTM,8
1776332,174,93,8,2009.0,677279.0,0.0,0.492648,0.024327,PHL,GTM,8
1776333,174,93,8,2010.0,314274.0,0.0,0.542643,0.091909,PHL,GTM,8
1776334,174,93,8,2011.0,346943.0,1546.0,0.534425,0.43745500000000004,PHL,GTM,8
1776335,174,93,8,2012.0,278687.0,1060.0,0.44656,0.55585,PHL,GTM,8
1776336,174,93,8,2013.0,201203.0,89529.0,0.639083,0.45816899999999994,PHL,GTM,8
1776337,174,93,8,2014.0,331038.0,150847.0,0.835601,0.589322,PHL,GTM,8
1776338,174,93,8,2015.0,228213.0,185526.0,0.8711559999999999,0.466128,PHL,GTM,8
1776339,174,93,8,2016.0,533537.0,157427.0,0.958651,0.324888,PHL,GTM,8
1776340,174,93,8,2017.0,934480.0,73315.0,0.717074,0.224219,PHL,GTM,8
1776341,174,93,8,2018.0,596026.0,59981.0,0.7233649999999999,0.23715300000000003,PHL,GTM,8
1776342,174,93,8,2019.0,530470.0,262072.0,0.94176,0.327258,PHL,GTM,8
1776343,174,93,8,2020.0,452073.0,84740.0,0.83667,0.179648,PHL,GTM,8
1776344,174,93,8,1994.0,11960.0,0.0,-0.12054300000000001,0.578707,PHL,GTM,8
1776345,174,93,8,1992.0,2300.0,0.0,-0.139761,0.772109,PHL,GTM,8
1776346,174,93,8,1991.0,39263.0,0.0,-0.11556,0.48110299999999995,PHL,GTM,8
1776347,174,93,8,1996.0,69029.0,0.0,0.0020329999999999997,0.40715,PHL,GTM,8
1776348,174,93,8,1988.0,38405.0,0.0,-0.254395,0.311732,PHL,GTM,8
1776349,174,93,8,1990.0,33668.0,0.0,-0.0050869999999999995,0.538754,PHL,GTM,8
1776350,174,93,8,1995.0,19043.0,0.0,-0.212027,0.318322,PHL,GTM,8
1776351,174,93,8,1980.0,17130.0,0.0,-0.041616,0.173298,PHL,GTM,8
1776352,174,93,8,1979.0,19522.0,0.0,-0.039714,0.290261,PHL,GTM,8
1776353,177,93,8,2004.0,144317.0,33619.0,0.989568,1.49055,POL,GTM,8
1776354,177,93,8,2005.0,148544.0,21268.0,0.9698559999999999,1.529358,POL,GTM,8
1776355,177,93,8,2006.0,140310.0,55148.0,1.0576860000000001,1.283664,POL,GTM,8
1776356,177,93,8,2007.0,81235.0,75376.0,1.111433,0.899675,POL,GTM,8
1776357,177,93,8,2008.0,91666.0,70758.0,1.122615,0.9007709999999999,POL,GTM,8
1776358,177,93,8,2010.0,197362.0,111549.0,1.082829,1.112686,POL,GTM,8
1776359,177,93,8,2011.0,192476.0,44930.0,1.167547,0.9657610000000001,POL,GTM,8
1776360,177,93,8,2012.0,141216.0,150310.0,1.039598,1.145227,POL,GTM,8
1776361,177,93,8,2014.0,872019.0,136596.0,1.1328690000000001,1.043185,POL,GTM,8
1776362,177,93,8,2015.0,334528.0,204905.0,1.1347200000000002,1.099324,POL,GTM,8
1776363,177,93,8,2016.0,2038401.0,77044.0,1.1068959999999999,1.226985,POL,GTM,8
1776364,177,93,8,2017.0,2176397.0,124325.0,1.212941,0.917751,POL,GTM,8
1776365,177,93,8,2018.0,1373266.0,931788.0,1.1323860000000001,1.1465040000000002,POL,GTM,8
1776366,177,93,8,2019.0,2255748.0,410325.0,1.075218,1.276515,POL,GTM,8
1776367,177,93,8,2020.0,1881944.0,1015045.0,1.016068,1.3125790000000002,POL,GTM,8
1776368,177,93,8,1995.0,47460.0,0.0,0.77193,1.827769,POL,GTM,8
1776369,177,93,8,2009.0,113702.0,39702.0,1.160528,0.780674,POL,GTM,8
1776370,177,93,8,2013.0,392469.0,170740.0,1.11341,0.975734,POL,GTM,8
1776371,177,93,8,1989.0,2908.0,0.0,0.982982,1.9363650000000001,POL,GTM,8
1776372,177,93,8,1993.0,44948.0,0.0,0.609556,1.8953740000000001,POL,GTM,8
1776373,177,93,8,1999.0,0.0,1351.0,0.777591,2.0458689999999997,POL,GTM,8
1776374,177,93,8,2001.0,32553.0,0.0,0.983238,1.7436209999999999,POL,GTM,8
1776375,177,93,8,2003.0,7569.0,0.0,0.887648,1.737105,POL,GTM,8
1776376,177,93,8,1996.0,0.0,2110.0,0.806283,1.92897,POL,GTM,8
1776377,177,93,8,1971.0,5185.0,0.0,0.8294520000000001,1.636849,POL,GTM,8
1776378,177,93,8,1973.0,7579.0,0.0,0.8298399999999999,1.7223110000000001,POL,GTM,8
1776379,178,93,8,2010.0,12074.0,0.0,0.31651399999999996,0.600407,PRK,GTM,8
1776380,178,93,8,2012.0,11909.0,22554.0,-0.10913699999999998,0.23393200000000003,PRK,GTM,8
1776381,178,93,8,2015.0,11862.0,4863.0,-0.460383,-0.052904999999999994,PRK,GTM,8
1776382,178,93,8,2007.0,1812.0,0.0,0.8682110000000001,1.206509,PRK,GTM,8
1776383,178,93,8,2017.0,0.0,8296.0,-0.317963,0.00428,PRK,GTM,8
1776384,178,93,8,2009.0,9905.0,1210.0,0.510269,0.945108,PRK,GTM,8
1776385,178,93,8,2011.0,12122.0,1197.0,0.137461,0.255374,PRK,GTM,8
1776386,178,93,8,2014.0,7176.0,4721.0,-0.11844400000000001,0.067508,PRK,GTM,8
1776387,178,93,8,1999.0,118577.0,0.0,0.654579,0.996361,PRK,GTM,8
1776388,178,93,8,2000.0,120514.0,0.0,0.795818,1.089874,PRK,GTM,8
1776389,178,93,8,2001.0,391227.0,0.0,0.7188640000000001,1.101559,PRK,GTM,8
1776390,178,93,8,2004.0,38989.0,0.0,0.695376,0.9732209999999999,PRK,GTM,8
1776391,178,93,8,2005.0,386299.0,0.0,0.862309,1.10371,PRK,GTM,8
1776392,178,93,8,2006.0,323969.0,0.0,0.649384,1.069006,PRK,GTM,8
1776393,178,93,8,1996.0,182451.0,0.0,0.778948,1.1338979999999999,PRK,GTM,8
1776394,178,93,8,1998.0,119789.0,0.0,0.780888,1.0232299999999999,PRK,GTM,8
1776395,178,93,8,1986.0,78981.0,0.0,0.49004899999999996,0.261418,PRK,GTM,8
1776396,178,93,8,1990.0,15246.0,0.0,0.349981,0.150642,PRK,GTM,8
1776397,178,93,8,1994.0,194943.0,0.0,0.37399899999999997,0.496299,PRK,GTM,8
1776398,178,93,8,1995.0,59600.0,0.0,0.5206729999999999,0.9062100000000001,PRK,GTM,8
1776399,178,93,8,1992.0,285453.0,0.0,0.201042,0.477547,PRK,GTM,8
1776400,178,93,8,1997.0,78603.0,0.0,0.734805,0.8720889999999999,PRK,GTM,8
1776401,178,93,8,1993.0,205350.0,0.0,0.377046,0.642406,PRK,GTM,8
1776402,179,93,8,1991.0,96679.0,8139.0,0.625169,1.031692,PRT,GTM,8
1776403,179,93,8,1995.0,176835.0,9704.0,0.403577,0.9753850000000001,PRT,GTM,8
1776404,179,93,8,1996.0,62793.0,9335.0,0.49924799999999997,0.9969520000000001,PRT,GTM,8
1776405,179,93,8,1998.0,3979.0,0.0,0.524871,1.053276,PRT,GTM,8
1776406,179,93,8,2000.0,16315.0,0.0,0.624078,1.342565,PRT,GTM,8
1776407,179,93,8,2002.0,39478.0,0.0,0.584956,1.377068,PRT,GTM,8
1776408,179,93,8,2003.0,57702.0,2686.0,0.616167,1.48086,PRT,GTM,8
1776409,179,93,8,2008.0,44895.0,8241.0,0.753021,1.8003619999999998,PRT,GTM,8
1776410,179,93,8,2009.0,493910.0,15905.0,0.646568,2.07749,PRT,GTM,8
1776411,179,93,8,2010.0,50926.0,12578.0,0.6577729999999999,2.014923,PRT,GTM,8
1776412,179,93,8,2011.0,94436.0,27045.0,0.6949810000000001,2.11536,PRT,GTM,8
1776413,179,93,8,2012.0,280473.0,6469.0,0.697799,2.122262,PRT,GTM,8
1776414,179,93,8,2013.0,138171.0,4728.0,0.705087,2.2055580000000004,PRT,GTM,8
1776415,179,93,8,2014.0,312973.0,33137.0,0.763352,2.041559,PRT,GTM,8
1776416,179,93,8,2015.0,377562.0,25817.0,0.7021930000000001,2.049657,PRT,GTM,8
1776417,179,93,8,2016.0,724007.0,52321.0,0.661961,2.108517,PRT,GTM,8
1776418,179,93,8,2017.0,1503127.0,33531.0,0.692908,2.05977,PRT,GTM,8
1776419,179,93,8,2018.0,1575104.0,16883.0,0.787381,1.959475,PRT,GTM,8
1776420,179,93,8,2019.0,1194457.0,81431.0,0.631051,2.1439060000000003,PRT,GTM,8
1776421,179,93,8,2020.0,945617.0,11317.0,0.757718,1.976851,PRT,GTM,8
1776422,179,93,8,1992.0,97688.0,28128.0,0.47505,0.8402860000000001,PRT,GTM,8
1776423,179,93,8,1997.0,178054.0,3308.0,0.496633,1.025231,PRT,GTM,8
1776424,179,93,8,1999.0,63106.0,0.0,0.528767,1.055489,PRT,GTM,8
1776425,179,93,8,1989.0,118331.0,0.0,0.593712,1.078835,PRT,GTM,8
1776426,179,93,8,1990.0,31308.0,0.0,0.6643819999999999,0.9818879999999999,PRT,GTM,8
1776427,179,93,8,2006.0,116400.0,1338.0,0.695569,1.7476200000000002,PRT,GTM,8
1776428,179,93,8,1994.0,93369.0,33082.0,0.405329,0.877077,PRT,GTM,8
1776429,179,93,8,2001.0,34714.0,4325.0,0.688736,1.326716,PRT,GTM,8
1776430,179,93,8,1972.0,21285.0,0.0,1.043843,1.3522450000000001,PRT,GTM,8
1776431,179,93,8,1973.0,35317.0,0.0,0.9738530000000001,1.569836,PRT,GTM,8
1776432,179,93,8,1974.0,177139.0,0.0,0.8763569999999999,1.60509,PRT,GTM,8
1776433,179,93,8,1987.0,80096.0,0.0,0.669415,1.162017,PRT,GTM,8
1776434,179,93,8,1980.0,20715.0,0.0,0.8280069999999999,1.397858,PRT,GTM,8
1776435,179,93,8,1986.0,55041.0,0.0,0.739594,1.312492,PRT,GTM,8
1776436,179,93,8,2005.0,131884.0,1496.0,0.6753170000000001,1.728788,PRT,GTM,8
1776437,179,93,8,1963.0,2030.0,0.0,0.945623,1.018278,PRT,GTM,8
1776438,179,93,8,1966.0,1106.0,0.0,0.9879389999999999,1.036558,PRT,GTM,8
1776439,179,93,8,1967.0,1386.0,0.0,1.09038,1.235837,PRT,GTM,8
1776440,179,93,8,1968.0,924.0,0.0,1.014702,1.024988,PRT,GTM,8
1776441,179,93,8,1969.0,5336.0,0.0,1.042138,1.4118959999999998,PRT,GTM,8
1776442,179,93,8,1970.0,2958.0,0.0,0.987983,1.362111,PRT,GTM,8
1776443,179,93,8,1971.0,15348.0,0.0,0.9233389999999999,1.184635,PRT,GTM,8
1776444,179,93,8,1975.0,20788.0,0.0,0.878027,1.6630619999999998,PRT,GTM,8
1776445,179,93,8,1979.0,23359.0,0.0,0.921532,1.486767,PRT,GTM,8
1776446,179,93,8,1981.0,22047.0,0.0,0.846601,1.403502,PRT,GTM,8
1776447,179,93,8,1982.0,33798.0,0.0,0.8351629999999999,1.464428,PRT,GTM,8
1776448,179,93,8,1983.0,18827.0,0.0,0.80371,1.4196229999999999,PRT,GTM,8
1776449,179,93,8,1984.0,65081.0,0.0,0.861591,1.440189,PRT,GTM,8
1776450,179,93,8,1985.0,48187.0,0.0,0.794083,1.333284,PRT,GTM,8
1776451,179,93,8,1988.0,90959.0,0.0,0.619945,1.07776,PRT,GTM,8
1776452,179,93,8,1993.0,118034.0,32032.0,0.512994,0.914219,PRT,GTM,8
1776453,179,93,8,2004.0,201769.0,12025.0,0.705075,1.7268729999999999,PRT,GTM,8
1776454,179,93,8,2007.0,449700.0,21410.0,0.740271,1.650613,PRT,GTM,8
1776455,180,93,8,2001.0,237039.0,0.0,-0.7430220000000001,-0.8668540000000001,PRY,GTM,8
1776456,180,93,8,2006.0,21095.0,0.0,-0.49234399999999995,-0.547616,PRY,GTM,8
1776457,180,93,8,2008.0,27856.0,481028.0,-0.478315,-0.7714260000000001,PRY,GTM,8
1776458,180,93,8,2009.0,76790.0,212710.0,-0.5515260000000001,-0.8223520000000001,PRY,GTM,8
1776459,180,93,8,2010.0,116134.0,119745.0,-0.558086,-0.750545,PRY,GTM,8
1776460,180,93,8,2012.0,26869.0,372216.0,-0.49996,-0.6966399999999999,PRY,GTM,8
1776461,180,93,8,2013.0,38138.0,277440.0,-0.560661,-0.822876,PRY,GTM,8
1776462,180,93,8,2014.0,67602.0,360515.0,-0.612822,-0.8764139999999999,PRY,GTM,8
1776463,180,93,8,2015.0,45947.0,270775.0,-0.604695,-0.942126,PRY,GTM,8
1776464,180,93,8,2016.0,75802.0,741905.0,-0.665963,-0.967879,PRY,GTM,8
1776465,180,93,8,2017.0,136129.0,340203.0,-0.604205,-0.956699,PRY,GTM,8
1776466,180,93,8,2018.0,72000.0,467538.0,-0.504343,-0.8482040000000001,PRY,GTM,8
1776467,180,93,8,2019.0,114366.0,300340.0,-0.44237299999999996,-0.808914,PRY,GTM,8
1776468,180,93,8,2020.0,93522.0,240287.0,-0.358749,-0.798326,PRY,GTM,8
1776469,180,93,8,2002.0,310540.0,0.0,-0.733796,-0.9001530000000001,PRY,GTM,8
1776470,180,93,8,2003.0,295946.0,0.0,-0.771252,-0.79923,PRY,GTM,8
1776471,180,93,8,2004.0,242854.0,0.0,-0.634469,-0.870034,PRY,GTM,8
1776472,180,93,8,2005.0,157971.0,0.0,-0.633889,-0.670996,PRY,GTM,8
1776473,180,93,8,2007.0,29979.0,0.0,-0.49035200000000007,-0.614745,PRY,GTM,8
1776474,180,93,8,2011.0,144130.0,137581.0,-0.485375,-0.778816,PRY,GTM,8
1776475,180,93,8,1991.0,186170.0,0.0,-0.9164530000000001,-0.8650120000000001,PRY,GTM,8
1776476,180,93,8,1996.0,47833.0,0.0,-0.667054,-0.648122,PRY,GTM,8
1776477,180,93,8,2000.0,81707.0,5914.0,-0.82839,-0.8787010000000001,PRY,GTM,8
1776478,180,93,8,1989.0,77143.0,0.0,-0.8826200000000001,-0.950842,PRY,GTM,8
1776479,180,93,8,1992.0,4390.0,0.0,-0.906433,-0.787177,PRY,GTM,8
1776480,180,93,8,1990.0,231986.0,0.0,-0.8845569999999999,-0.937257,PRY,GTM,8
1776481,180,93,8,1994.0,252687.0,0.0,-0.7481939999999999,-0.767686,PRY,GTM,8
1776482,180,93,8,1995.0,189392.0,0.0,-0.307152,-0.46858,PRY,GTM,8
1776483,180,93,8,1997.0,51727.0,0.0,-0.6051380000000001,-0.708271,PRY,GTM,8
1776484,180,93,8,1998.0,92269.0,0.0,-0.43394099999999997,-0.763429,PRY,GTM,8
1776485,180,93,8,1999.0,185369.0,2161.0,-0.6183390000000001,-0.8407709999999999,PRY,GTM,8
1776486,181,93,8,2016.0,0.0,52170.0,0.09150900000000001,0.693397,PSE,GTM,8
1776487,183,93,8,2007.0,0.0,2188.0,-0.5791189999999999,-1.049701,QAT,GTM,8
1776488,183,93,8,2008.0,0.0,25309.0,-0.904284,-1.027534,QAT,GTM,8
1776489,183,93,8,2010.0,0.0,41275.0,-0.098978,-1.017981,QAT,GTM,8
1776490,183,93,8,2006.0,0.0,9131.0,-0.467699,-1.062471,QAT,GTM,8
1776491,183,93,8,2013.0,0.0,157500.0,-0.583609,-1.003754,QAT,GTM,8
1776492,183,93,8,2000.0,0.0,25705.0,-0.534754,-1.139729,QAT,GTM,8
1776493,183,93,8,2005.0,0.0,50312.0,-0.114133,-1.079491,QAT,GTM,8
1776494,183,93,8,2014.0,8590.0,342352.0,-0.5604899999999999,-0.989015,QAT,GTM,8
1776495,183,93,8,2015.0,0.0,636305.0,-0.405932,-1.0315379999999998,QAT,GTM,8
1776496,183,93,8,2017.0,0.0,566721.0,-0.42615600000000003,-1.0956489999999999,QAT,GTM,8
1776497,183,93,8,2020.0,0.0,48667.0,-0.175618,-1.018939,QAT,GTM,8
1776498,183,93,8,2001.0,0.0,15314.0,-0.282283,-1.136895,QAT,GTM,8
1776499,183,93,8,2002.0,0.0,2017.0,-0.002177,-1.042517,QAT,GTM,8
1776500,183,93,8,2019.0,0.0,16522.0,-0.46000100000000005,-1.118866,QAT,GTM,8
1776501,183,93,8,2016.0,0.0,191322.0,-0.52984,-1.106589,QAT,GTM,8
1776502,183,93,8,2012.0,0.0,5446.0,-0.6436029999999999,-0.990323,QAT,GTM,8
1776503,183,93,8,2018.0,0.0,52350.0,-0.291537,-1.022145,QAT,GTM,8
1776504,185,93,8,2001.0,10571.0,0.0,0.465168,1.1029129999999998,ROU,GTM,8
1776505,185,93,8,2005.0,148319.0,11613.0,0.572481,1.30965,ROU,GTM,8
1776506,185,93,8,2006.0,0.0,5302.0,0.733232,1.2149,ROU,GTM,8
1776507,185,93,8,2009.0,118302.0,0.0,0.958048,1.054473,ROU,GTM,8
1776508,185,93,8,2011.0,1179.0,0.0,0.9713860000000001,1.2369299999999999,ROU,GTM,8
1776509,185,93,8,1994.0,0.0,72287.0,0.5883550000000001,1.267986,ROU,GTM,8
1776510,185,93,8,1993.0,0.0,53170.0,0.61353,1.398393,ROU,GTM,8
1776511,185,93,8,1995.0,0.0,17012.0,0.618572,1.29356,ROU,GTM,8
1776512,185,93,8,2019.0,28300.0,1494.0,1.209074,1.0316889999999999,ROU,GTM,8
1776513,185,93,8,2020.0,56950.0,1017.0,1.273679,1.0322719999999999,ROU,GTM,8
1776514,185,93,8,2017.0,5085.0,2404.0,1.145161,1.095192,ROU,GTM,8
1776515,185,93,8,2018.0,35318.0,3648.0,1.1458030000000001,1.194413,ROU,GTM,8
1776516,185,93,8,2016.0,9786.0,2939.0,1.176177,1.093489,ROU,GTM,8
1776517,185,93,8,2003.0,0.0,20894.0,0.41359300000000004,1.205227,ROU,GTM,8
1776518,185,93,8,2004.0,0.0,17216.0,0.53925,1.145066,ROU,GTM,8
1776519,185,93,8,2012.0,20482.0,1341.0,0.952936,1.227809,ROU,GTM,8
1776520,185,93,8,2013.0,13662.0,3731.0,1.05722,1.0968799999999999,ROU,GTM,8
1776521,185,93,8,2015.0,1964.0,12168.0,1.030485,1.1504159999999999,ROU,GTM,8
1776522,185,93,8,2014.0,2929.0,3898.0,1.0837940000000001,1.199571,ROU,GTM,8
1776523,186,93,8,2016.0,116222.0,233420.0,0.086009,0.300039,RUS,GTM,8
1776524,186,93,8,2004.0,0.0,8230.0,0.422803,0.017524,RUS,GTM,8
1776525,186,93,8,2005.0,119546.0,25488.0,0.553547,-0.04292,RUS,GTM,8
1776526,186,93,8,2017.0,212345.0,197162.0,0.07402,0.248236,RUS,GTM,8
1776527,186,93,8,1973.0,4374.0,0.0,0.32006999999999997,0.607798,RUS,GTM,8
1776528,186,93,8,1974.0,10077.0,0.0,0.11698599999999999,0.21719499999999997,RUS,GTM,8
1776529,186,93,8,1997.0,6477.0,0.0,0.572773,0.375446,RUS,GTM,8
1776530,186,93,8,1998.0,15557.0,4215.0,0.707259,0.670607,RUS,GTM,8
1776531,186,93,8,1999.0,2397.0,0.0,0.537914,0.5083310000000001,RUS,GTM,8
1776532,186,93,8,2000.0,7321.0,0.0,0.765547,0.369255,RUS,GTM,8
1776533,186,93,8,2001.0,11975.0,0.0,0.546271,0.195872,RUS,GTM,8
1776534,186,93,8,2002.0,20743.0,7924.0,0.6051449999999999,0.272307,RUS,GTM,8
1776535,186,93,8,2003.0,18601.0,1960.0,0.6624220000000001,0.269964,RUS,GTM,8
1776536,186,93,8,2006.0,247100.0,21478.0,0.311252,-0.093895,RUS,GTM,8
1776537,186,93,8,2007.0,283989.0,209680.0,0.186805,-0.197179,RUS,GTM,8
1776538,186,93,8,2008.0,358544.0,37943.0,0.062097,-0.160422,RUS,GTM,8
1776539,186,93,8,2009.0,67443.0,129440.0,0.048661,-0.159299,RUS,GTM,8
1776540,186,93,8,2010.0,14570.0,350895.0,0.15820499999999998,-0.27124299999999996,RUS,GTM,8
1776541,186,93,8,2011.0,204657.0,555577.0,-0.001622,-0.305764,RUS,GTM,8
1776542,186,93,8,2012.0,2052612.0,293764.0,-0.123649,-0.218926,RUS,GTM,8
1776543,186,93,8,2013.0,48263.0,186947.0,-0.08233,-0.267781,RUS,GTM,8
1776544,186,93,8,2014.0,231113.0,359129.0,-0.006737000000000001,-0.172237,RUS,GTM,8
1776545,186,93,8,2015.0,152766.0,340899.0,0.12238199999999999,0.176852,RUS,GTM,8
1776546,186,93,8,2018.0,140933.0,170394.0,-0.079971,0.11098599999999999,RUS,GTM,8
1776547,186,93,8,2019.0,203305.0,151407.0,0.095137,0.331148,RUS,GTM,8
1776548,186,93,8,2020.0,213281.0,378968.0,0.200054,0.683451,RUS,GTM,8
1776549,186,93,8,1993.0,2699.0,0.0,0.09869,0.325467,RUS,GTM,8
1776550,188,93,8,2005.0,12808.0,297501.0,0.227278,-0.918508,SAU,GTM,8
1776551,188,93,8,2006.0,0.0,98638.0,-0.094152,-0.921106,SAU,GTM,8
1776552,188,93,8,2007.0,58431.0,468110.0,-0.578652,-0.9950549999999999,SAU,GTM,8
1776553,188,93,8,2011.0,2259.0,441408.0,-0.7033010000000001,-0.972992,SAU,GTM,8
1776554,188,93,8,2012.0,20257.0,628654.0,-0.621115,-0.975865,SAU,GTM,8
1776555,188,93,8,2013.0,2479.0,564938.0,-0.14823599999999998,-0.883965,SAU,GTM,8
1776556,188,93,8,2016.0,0.0,988019.0,0.00286,-0.764602,SAU,GTM,8
1776557,188,93,8,2017.0,50353.0,1194863.0,0.508031,-0.42373500000000003,SAU,GTM,8
1776558,188,93,8,2018.0,1175.0,1620062.0,0.600485,-0.450466,SAU,GTM,8
1776559,188,93,8,2019.0,0.0,794964.0,0.648316,-0.468893,SAU,GTM,8
1776560,188,93,8,2020.0,13913.0,760902.0,0.616269,-0.243155,SAU,GTM,8
1776561,188,93,8,2010.0,1130.0,496850.0,0.18674200000000002,-0.827623,SAU,GTM,8
1776562,188,93,8,2014.0,22277.0,1283878.0,-0.188727,-0.8629459999999999,SAU,GTM,8
1776563,188,93,8,2008.0,42208.0,212445.0,-0.8685149999999999,-0.96847,SAU,GTM,8
1776564,188,93,8,2009.0,6321.0,329722.0,-0.48351700000000003,-0.9227860000000001,SAU,GTM,8
1776565,188,93,8,2015.0,0.0,1604507.0,0.014337,-0.866934,SAU,GTM,8
1776566,188,93,8,1975.0,0.0,13167.0,-2.161351,-0.483896,SAU,GTM,8
1776567,188,93,8,1976.0,0.0,52150.0,-3.208222,-0.510985,SAU,GTM,8
1776568,188,93,8,1978.0,0.0,224935.0,-1.1463700000000001,-0.677775,SAU,GTM,8
1776569,188,93,8,1979.0,0.0,154107.0,-2.538234,-0.670013,SAU,GTM,8
1776570,188,93,8,1980.0,0.0,629805.0,-2.413046,-0.630391,SAU,GTM,8
1776571,188,93,8,1982.0,0.0,14279.0,-1.664891,-0.718229,SAU,GTM,8
1776572,188,93,8,1983.0,0.0,55060.0,-0.673768,-0.712778,SAU,GTM,8
1776573,188,93,8,1985.0,0.0,77971.0,-0.290648,-0.7479210000000001,SAU,GTM,8
1776574,188,93,8,1992.0,0.0,49834.0,0.416315,-0.7342489999999999,SAU,GTM,8
1776575,188,93,8,1993.0,7161.0,0.0,0.621919,-0.684253,SAU,GTM,8
1776576,188,93,8,1994.0,3287.0,0.0,0.331411,-0.802608,SAU,GTM,8
1776577,188,93,8,1995.0,43223.0,10594.0,0.300643,-0.7885489999999999,SAU,GTM,8
1776578,188,93,8,1996.0,0.0,46922.0,-0.200762,-1.0419610000000001,SAU,GTM,8
1776579,188,93,8,1998.0,0.0,81100.0,0.056949,-0.962511,SAU,GTM,8
1776580,188,93,8,1999.0,0.0,16771.0,0.217734,-0.7391840000000001,SAU,GTM,8
1776581,188,93,8,2003.0,0.0,29019.0,0.24791100000000002,-0.801559,SAU,GTM,8
1776582,188,93,8,2004.0,0.0,26162.0,0.361324,-0.760732,SAU,GTM,8
1776583,188,93,8,2001.0,0.0,250492.0,0.078887,-0.9764430000000001,SAU,GTM,8
1776584,189,93,8,2004.0,0.0,3014.0,0.544686,2.418024,SCG,GTM,8
1776585,190,93,8,2011.0,0.0,2280.0,-1.9301830000000002,-1.325842,SDN,GTM,8
1776586,191,93,8,2017.0,0.0,1091.0,-0.604504,-0.228411,SEN,GTM,8
1776587,191,93,8,2019.0,4042.0,0.0,-0.854462,-0.516501,SEN,GTM,8
1776588,191,93,8,2010.0,1578.0,0.0,-0.5918939999999999,-0.178111,SEN,GTM,8
1776589,192,93,8,2001.0,1237100.0,84811.0,1.587064,0.639626,SGP,GTM,8
1776590,192,93,8,2002.0,1155198.0,6859.0,1.7077209999999998,0.683549,SGP,GTM,8
1776591,192,93,8,2011.0,694370.0,335696.0,1.8165060000000002,0.6853899999999999,SGP,GTM,8
1776592,192,93,8,2014.0,5354656.0,496156.0,1.750361,0.63849,SGP,GTM,8
1776593,192,93,8,2018.0,386086.0,1250191.0,1.870268,0.672214,SGP,GTM,8
1776594,192,93,8,2013.0,692470.0,454593.0,1.844685,0.639379,SGP,GTM,8
1776595,192,93,8,1999.0,773011.0,2684.0,1.7426110000000001,0.514146,SGP,GTM,8
1776596,192,93,8,2000.0,1200192.0,1904.0,1.5432860000000002,0.519856,SGP,GTM,8
1776597,192,93,8,2012.0,1111387.0,412632.0,1.762134,0.583393,SGP,GTM,8
1776598,192,93,8,2015.0,3341470.0,725918.0,1.883645,0.645237,SGP,GTM,8
1776599,192,93,8,2017.0,411176.0,632527.0,1.8943720000000002,0.449316,SGP,GTM,8
1776600,192,93,8,2016.0,2206703.0,517462.0,2.0149340000000002,0.613009,SGP,GTM,8
1776601,192,93,8,2005.0,1111240.0,3166.0,1.734751,0.47802700000000004,SGP,GTM,8
1776602,192,93,8,2020.0,3312548.0,690493.0,1.871807,0.638979,SGP,GTM,8
1776603,192,93,8,1986.0,18305.0,0.0,0.666637,1.170133,SGP,GTM,8
1776604,192,93,8,1987.0,62438.0,0.0,0.8519530000000001,1.0570950000000001,SGP,GTM,8
1776605,192,93,8,1988.0,52238.0,0.0,0.756944,1.207239,SGP,GTM,8
1776606,192,93,8,1989.0,72386.0,0.0,0.8307559999999999,1.189067,SGP,GTM,8
1776607,192,93,8,1990.0,38690.0,0.0,0.860663,0.915816,SGP,GTM,8
1776608,192,93,8,1991.0,104222.0,14155.0,0.901048,0.7597119999999999,SGP,GTM,8
1776609,192,93,8,1992.0,267854.0,3699.0,0.95691,0.892702,SGP,GTM,8
1776610,192,93,8,1993.0,381971.0,9312.0,1.089315,0.740722,SGP,GTM,8
1776611,192,93,8,1994.0,476634.0,72332.0,1.175259,0.6461779999999999,SGP,GTM,8
1776612,192,93,8,1995.0,993769.0,51026.0,1.2015069999999999,0.46232,SGP,GTM,8
1776613,192,93,8,1996.0,1195048.0,42512.0,1.288635,0.259061,SGP,GTM,8
1776614,192,93,8,1997.0,1936116.0,30886.0,1.1946700000000001,0.30503600000000003,SGP,GTM,8
1776615,192,93,8,1998.0,1614540.0,4239.0,1.460695,0.560563,SGP,GTM,8
1776616,192,93,8,2003.0,632359.0,16618.0,1.7698479999999999,0.63539,SGP,GTM,8
1776617,192,93,8,2004.0,578352.0,8357.0,1.804502,0.570084,SGP,GTM,8
1776618,192,93,8,2006.0,255223.0,28372.0,1.670134,0.43955600000000006,SGP,GTM,8
1776619,192,93,8,2007.0,145496.0,78177.0,1.6540990000000002,0.520069,SGP,GTM,8
1776620,192,93,8,2008.0,242949.0,96811.0,1.913389,0.5324369999999999,SGP,GTM,8
1776621,192,93,8,2009.0,504543.0,42893.0,1.9798509999999998,0.5573140000000001,SGP,GTM,8
1776622,192,93,8,2010.0,275509.0,139649.0,2.010565,0.564811,SGP,GTM,8
1776623,192,93,8,2019.0,759797.0,683527.0,2.0131759999999996,0.638957,SGP,GTM,8
1776624,196,93,8,2020.0,120265.0,0.0,-0.550528,-0.677771,SLE,GTM,8
1776625,197,93,8,2002.0,40764459.0,40382114.0,-0.258579,-0.096214,SLV,GTM,8
1776626,197,93,8,2003.0,47424789.0,49356855.0,-0.281376,-0.174541,SLV,GTM,8
1776627,197,93,8,2004.0,54978308.0,54857061.0,-0.21054299999999998,0.086382,SLV,GTM,8
1776628,197,93,8,2005.0,57249172.0,66396543.0,-0.28803,0.100596,SLV,GTM,8
1776629,197,93,8,2009.0,77533846.0,68333587.0,-0.102931,0.225665,SLV,GTM,8
1776630,197,93,8,2010.0,98831201.0,76423064.0,0.01772,0.21191500000000002,SLV,GTM,8
1776631,197,93,8,2013.0,132796879.0,91655978.0,0.104046,0.46966,SLV,GTM,8
1776632,197,93,8,2001.0,37385280.0,46434041.0,-0.123958,-0.103849,SLV,GTM,8
1776633,197,93,8,2007.0,87010591.0,83954666.0,-0.024915,0.246574,SLV,GTM,8
1776634,197,93,8,2012.0,120815975.0,88390563.0,0.12898900000000002,0.36512,SLV,GTM,8
1776635,197,93,8,1997.0,27466766.0,34580822.0,-0.069039,-0.094938,SLV,GTM,8
1776636,197,93,8,1999.0,27823013.0,35136567.0,-0.12800699999999998,0.034946,SLV,GTM,8
1776637,197,93,8,2000.0,30645105.0,34892335.0,-0.077776,-0.084655,SLV,GTM,8
1776638,197,93,8,2006.0,48653413.0,69753688.0,-0.127317,0.189904,SLV,GTM,8
1776639,197,93,8,2014.0,148752454.0,87178209.0,0.11639200000000001,0.368644,SLV,GTM,8
1776640,197,93,8,2015.0,159691343.0,90975890.0,0.033599000000000004,0.411736,SLV,GTM,8
1776641,197,93,8,2016.0,159502471.0,92840631.0,0.075546,0.317046,SLV,GTM,8
1776642,197,93,8,2017.0,159100259.0,93381803.0,0.11754,0.363982,SLV,GTM,8
1776643,197,93,8,2018.0,173045895.0,92840509.0,0.07891799999999999,0.219075,SLV,GTM,8
1776644,197,93,8,2008.0,100293732.0,82809035.0,0.076766,0.36383499999999996,SLV,GTM,8
1776645,197,93,8,2011.0,116447217.0,77988929.0,0.086745,0.298308,SLV,GTM,8
1776646,197,93,8,2019.0,167004995.0,102587176.0,0.052690999999999995,0.157387,SLV,GTM,8
1776647,197,93,8,2020.0,150055484.0,101481384.0,0.021800999999999997,0.08519700000000001,SLV,GTM,8
1776648,197,93,8,1993.0,19622577.0,23397016.0,0.32619499999999996,0.413642,SLV,GTM,8
1776649,197,93,8,1995.0,25666136.0,31614823.0,-0.140015,-0.029189999999999997,SLV,GTM,8
1776650,197,93,8,1998.0,37079936.0,37511408.0,-0.128512,0.002125,SLV,GTM,8
1776651,197,93,8,1990.0,9489039.0,13138595.0,0.434485,0.32871,SLV,GTM,8
1776652,197,93,8,1996.0,18591372.0,30200733.0,-0.228625,-0.150274,SLV,GTM,8
1776653,197,93,8,1963.0,1682429.0,1737777.0,0.44774200000000003,0.014781,SLV,GTM,8
1776654,197,93,8,1964.0,1931832.0,2038789.0,0.532515,0.116432,SLV,GTM,8
1776655,197,93,8,1966.0,3562583.0,3399515.0,0.8334030000000001,0.436547,SLV,GTM,8
1776656,197,93,8,1967.0,4083477.0,3388827.0,0.9143690000000001,0.829535,SLV,GTM,8
1776657,197,93,8,1968.0,4327295.0,4389701.0,0.8662620000000001,0.791027,SLV,GTM,8
1776658,197,93,8,1969.0,5088216.0,3837638.0,0.8397209999999999,0.535712,SLV,GTM,8
1776659,197,93,8,1970.0,7014698.0,4287788.0,0.919646,0.412162,SLV,GTM,8
1776660,197,93,8,1971.0,8631691.0,4961165.0,0.807056,0.476688,SLV,GTM,8
1776661,197,93,8,1972.0,9531492.0,6084633.0,0.8290270000000001,0.388795,SLV,GTM,8
1776662,197,93,8,1973.0,11736173.0,7694609.0,0.770921,0.40122199999999997,SLV,GTM,8
1776663,197,93,8,1975.0,15712385.0,10480526.0,0.598409,0.43515699999999996,SLV,GTM,8
1776664,197,93,8,1965.0,2679625.0,2413663.0,0.537687,0.107143,SLV,GTM,8
1776665,197,93,8,1974.0,15400073.0,10531754.0,0.744384,0.522543,SLV,GTM,8
1776666,197,93,8,1987.0,6875775.0,12980393.0,0.422702,0.036139,SLV,GTM,8
1776667,197,93,8,1988.0,8370763.0,16303415.0,0.262162,-0.151136,SLV,GTM,8
1776668,197,93,8,1989.0,11108079.0,11510613.0,0.46578400000000003,0.22569499999999998,SLV,GTM,8
1776669,197,93,8,1991.0,10582453.0,12914777.0,0.289798,0.272752,SLV,GTM,8
1776670,197,93,8,1994.0,26679320.0,26673011.0,0.038814,0.084941,SLV,GTM,8
1776671,197,93,8,1992.0,15914003.0,19135444.0,0.396523,0.47548900000000005,SLV,GTM,8
1776672,197,93,8,1980.0,0.0,28706595.0,-0.118825,-0.57189,SLV,GTM,8
1776673,197,93,8,1981.0,26829502.0,26456079.0,0.483013,0.161658,SLV,GTM,8
1776674,197,93,8,1983.0,16062443.0,20085575.0,0.68065,0.307424,SLV,GTM,8
1776675,197,93,8,1984.0,0.0,21738789.0,-0.6402,-0.8707729999999999,SLV,GTM,8
1776676,197,93,8,1985.0,0.0,15672979.0,-0.76413,-0.8949239999999999,SLV,GTM,8
1776677,197,93,8,1982.0,29511671.0,21185399.0,0.48812700000000003,0.409165,SLV,GTM,8
1776678,197,93,8,1986.0,4228056.0,9731291.0,0.324155,-0.034441,SLV,GTM,8
1776679,197,93,8,1979.0,26289670.0,22569368.0,0.43536499999999995,0.12592899999999999,SLV,GTM,8
1776680,197,93,8,1978.0,28158179.0,17235397.0,0.646839,0.441796,SLV,GTM,8
1776681,197,93,8,1977.0,0.0,16140180.0,0.112122,-0.583086,SLV,GTM,8
1776682,200,93,8,1986.0,2237.0,0.0,0.617943,-0.48158999999999996,SPM,GTM,8
1776683,200,93,8,1987.0,7512.0,0.0,-0.5019600000000001,-0.646175,SPM,GTM,8
1776684,200,93,8,1998.0,12991.0,0.0,0.7366560000000001,-0.184875,SPM,GTM,8
1776685,200,93,8,1999.0,11921.0,0.0,0.19827999999999998,-0.576669,SPM,GTM,8
1776686,201,93,8,2016.0,214423.0,14868.0,0.608136,1.38132,SRB,GTM,8
1776687,201,93,8,2017.0,211858.0,28314.0,0.59312,1.535527,SRB,GTM,8
1776688,201,93,8,2019.0,61452.0,2404.0,0.752386,1.495269,SRB,GTM,8
1776689,201,93,8,2018.0,34494.0,18810.0,0.665772,1.552409,SRB,GTM,8
1776690,201,93,8,2005.0,265818.0,1450.0,0.624201,1.4654280000000002,SRB,GTM,8
1776691,201,93,8,2006.0,170232.0,0.0,0.581078,1.5831600000000001,SRB,GTM,8
1776692,201,93,8,2012.0,105973.0,119066.0,0.696674,1.544065,SRB,GTM,8
1776693,201,93,8,2015.0,151040.0,11315.0,0.5857439999999999,1.534638,SRB,GTM,8
1776694,201,93,8,2008.0,652094.0,23629.0,0.63955,1.548149,SRB,GTM,8
1776695,201,93,8,2010.0,417508.0,90391.0,0.6007899999999999,1.589502,SRB,GTM,8
1776696,201,93,8,2014.0,105531.0,9736.0,0.6017979999999999,1.328124,SRB,GTM,8
1776697,201,93,8,2007.0,573093.0,11440.0,0.745683,1.380002,SRB,GTM,8
1776698,201,93,8,2009.0,131218.0,47368.0,0.625128,1.486097,SRB,GTM,8
1776699,201,93,8,2011.0,267907.0,47337.0,0.624627,1.65478,SRB,GTM,8
1776700,201,93,8,2013.0,84464.0,11144.0,0.609755,1.355304,SRB,GTM,8
1776701,201,93,8,2020.0,20559.0,8752.0,0.690341,1.4072879999999999,SRB,GTM,8
1776702,203,93,8,2005.0,0.0,198331.0,1.215657,0.06615499999999999,STP,GTM,8
1776703,205,93,8,1995.0,0.0,54539.0,-0.700753,-0.84183,SUR,GTM,8
1776704,205,93,8,1996.0,0.0,100963.0,-1.062804,-0.893763,SUR,GTM,8
1776705,205,93,8,1999.0,0.0,394318.0,-0.6808390000000001,-0.874648,SUR,GTM,8
1776706,205,93,8,2001.0,0.0,101202.0,-0.7622359999999999,-0.790158,SUR,GTM,8
1776707,205,93,8,2003.0,0.0,5281.0,-1.224364,-0.988492,SUR,GTM,8
1776708,205,93,8,2008.0,0.0,6089.0,-0.576663,-0.897559,SUR,GTM,8
1776709,205,93,8,2009.0,0.0,4392.0,-0.5770930000000001,-1.155073,SUR,GTM,8
1776710,205,93,8,2010.0,0.0,20653.0,-0.579904,-1.07105,SUR,GTM,8
1776711,205,93,8,2011.0,0.0,29125.0,-0.289571,-0.932897,SUR,GTM,8
1776712,205,93,8,2012.0,0.0,89673.0,-0.47594899999999996,-0.966457,SUR,GTM,8
1776713,205,93,8,2013.0,0.0,59442.0,-0.25729,-0.651541,SUR,GTM,8
1776714,205,93,8,2014.0,0.0,49011.0,-0.278229,-0.9962840000000001,SUR,GTM,8
1776715,205,93,8,2015.0,0.0,48579.0,-0.252724,-0.9808879999999999,SUR,GTM,8
1776716,205,93,8,2016.0,22364.0,25076.0,-0.41257200000000005,-1.0434780000000001,SUR,GTM,8
1776717,205,93,8,2017.0,0.0,39930.0,-0.426954,-1.022706,SUR,GTM,8
1776718,205,93,8,2018.0,0.0,52896.0,-0.721134,-1.069008,SUR,GTM,8
1776719,205,93,8,2019.0,0.0,24226.0,-0.28425,-0.684301,SUR,GTM,8
1776720,205,93,8,1992.0,0.0,26005.0,-0.9841209999999999,-0.9359129999999999,SUR,GTM,8
1776721,205,93,8,2000.0,0.0,221413.0,-0.7238720000000001,-0.807254,SUR,GTM,8
1776722,205,93,8,2020.0,0.0,48788.0,-0.075589,-0.935911,SUR,GTM,8
1776723,205,93,8,1993.0,0.0,99351.0,-0.956778,-0.9023209999999999,SUR,GTM,8
1776724,205,93,8,1994.0,0.0,46000.0,-0.479788,-0.692581,SUR,GTM,8
1776725,205,93,8,1997.0,0.0,92001.0,-1.125928,-0.980981,SUR,GTM,8
1776726,205,93,8,1998.0,0.0,388562.0,-1.470402,-1.063197,SUR,GTM,8
1776727,206,93,8,2013.0,65040.0,19486.0,1.510052,0.7060310000000001,SVK,GTM,8
1776728,206,93,8,2018.0,138101.0,56053.0,1.445669,0.9135850000000001,SVK,GTM,8
1776729,206,93,8,2011.0,83815.0,44235.0,1.414456,0.804953,SVK,GTM,8
1776730,206,93,8,2008.0,0.0,1656.0,1.474019,0.684343,SVK,GTM,8
1776731,206,93,8,2010.0,16164.0,19324.0,1.4404780000000001,0.748727,SVK,GTM,8
1776732,206,93,8,2012.0,8244.0,14239.0,1.3586200000000002,0.805751,SVK,GTM,8
1776733,206,93,8,2014.0,17452.0,32389.0,1.525525,0.773486,SVK,GTM,8
1776734,206,93,8,2019.0,81630.0,38567.0,1.457279,0.791451,SVK,GTM,8
1776735,206,93,8,2020.0,813461.0,37526.0,1.430035,0.8158350000000001,SVK,GTM,8
1776736,206,93,8,2005.0,38191.0,5999.0,1.257441,0.99556,SVK,GTM,8
1776737,206,93,8,1995.0,0.0,26844.0,1.3211600000000001,1.404751,SVK,GTM,8
1776738,206,93,8,2006.0,1951.0,0.0,1.3569950000000002,0.8663290000000001,SVK,GTM,8
1776739,206,93,8,2009.0,22585.0,0.0,1.417867,0.7569130000000001,SVK,GTM,8
1776740,206,93,8,2015.0,47947.0,35352.0,1.488733,0.767641,SVK,GTM,8
1776741,206,93,8,2016.0,40273.0,27381.0,1.446588,0.811076,SVK,GTM,8
1776742,206,93,8,2017.0,91750.0,19780.0,1.484316,0.811826,SVK,GTM,8
1776743,206,93,8,1996.0,0.0,2276.0,1.1978739999999999,1.426243,SVK,GTM,8
1776744,206,93,8,1998.0,8536.0,0.0,1.167398,1.2558,SVK,GTM,8
1776745,206,93,8,2000.0,5269.0,0.0,1.3226360000000001,1.1967809999999999,SVK,GTM,8
1776746,206,93,8,2001.0,28456.0,0.0,1.310591,1.195523,SVK,GTM,8
1776747,206,93,8,2002.0,51018.0,0.0,1.269549,1.184774,SVK,GTM,8
1776748,206,93,8,2003.0,44665.0,0.0,1.363933,0.9289569999999999,SVK,GTM,8
1776749,206,93,8,2004.0,2268.0,2722.0,1.2683149999999999,0.9208620000000001,SVK,GTM,8
1776750,206,93,8,1994.0,937.0,5948.0,1.1965,1.6523189999999999,SVK,GTM,8
1776751,207,93,8,2018.0,4716.0,10602.0,1.623183,0.7150850000000001,SVN,GTM,8
1776752,207,93,8,2019.0,69592.0,14149.0,1.629788,0.7231479999999999,SVN,GTM,8
1776753,207,93,8,2007.0,47150.0,52205.0,1.481507,0.576342,SVN,GTM,8
1776754,207,93,8,2008.0,344675.0,50703.0,1.486167,0.532493,SVN,GTM,8
1776755,207,93,8,2010.0,0.0,74374.0,1.487275,0.699639,SVN,GTM,8
1776756,207,93,8,2011.0,0.0,43097.0,1.526974,0.611721,SVN,GTM,8
1776757,207,93,8,2012.0,12325.0,21650.0,1.4933049999999999,0.58207,SVN,GTM,8
1776758,207,93,8,2014.0,139513.0,9942.0,1.554693,0.633504,SVN,GTM,8
1776759,207,93,8,1993.0,172324.0,0.0,1.31269,1.554599,SVN,GTM,8
1776760,207,93,8,1994.0,277615.0,0.0,1.431281,1.504549,SVN,GTM,8
1776761,207,93,8,1999.0,15514.0,20304.0,1.47641,1.123027,SVN,GTM,8
1776762,207,93,8,2000.0,0.0,32190.0,1.485695,1.122069,SVN,GTM,8
1776763,207,93,8,2003.0,0.0,6470.0,1.615782,0.9232950000000001,SVN,GTM,8
1776764,207,93,8,2004.0,2194.0,6699.0,1.700677,0.829765,SVN,GTM,8
1776765,207,93,8,1997.0,0.0,2503.0,1.449492,1.253379,SVN,GTM,8
1776766,207,93,8,2002.0,0.0,12783.0,1.469681,1.13303,SVN,GTM,8
1776767,207,93,8,2009.0,1209.0,50868.0,1.5067629999999999,0.6367729999999999,SVN,GTM,8
1776768,207,93,8,2017.0,77256.0,1227.0,1.597178,0.753722,SVN,GTM,8
1776769,207,93,8,2005.0,25108.0,0.0,1.614618,0.74165,SVN,GTM,8
1776770,207,93,8,2006.0,42051.0,14163.0,1.562187,0.612624,SVN,GTM,8
1776771,207,93,8,2016.0,152772.0,1081.0,1.7056200000000001,0.630058,SVN,GTM,8
1776772,207,93,8,2013.0,16219.0,7988.0,1.55922,0.565874,SVN,GTM,8
1776773,207,93,8,2015.0,10145.0,11577.0,1.5925639999999999,0.647173,SVN,GTM,8
1776774,207,93,8,2020.0,146842.0,27759.0,1.539549,0.8232780000000001,SVN,GTM,8
1776775,207,93,8,1998.0,0.0,3898.0,1.43127,1.171712,SVN,GTM,8
1776776,207,93,8,2001.0,1676.0,13132.0,1.488089,1.0928360000000001,SVN,GTM,8
1776777,208,93,8,2002.0,613975.0,12937.0,2.134,0.769413,SWE,GTM,8
1776778,208,93,8,2003.0,476920.0,14591.0,2.139853,0.750033,SWE,GTM,8
1776779,208,93,8,2004.0,1765749.0,37591.0,2.105611,0.707843,SWE,GTM,8
1776780,208,93,8,2006.0,847203.0,61536.0,1.921461,0.478688,SWE,GTM,8
1776781,208,93,8,2008.0,3699738.0,203770.0,1.8179400000000001,0.301152,SWE,GTM,8
1776782,208,93,8,2011.0,2916212.0,202738.0,1.776113,0.301014,SWE,GTM,8
1776783,208,93,8,2017.0,2541920.0,25056.0,1.695113,0.6885060000000001,SWE,GTM,8
1776784,208,93,8,1996.0,179158.0,33657.0,2.186414,0.848194,SWE,GTM,8
1776785,208,93,8,1997.0,397179.0,51236.0,2.0806709999999997,0.9541219999999999,SWE,GTM,8
1776786,208,93,8,1998.0,527569.0,146338.0,2.030484,0.861999,SWE,GTM,8
1776787,208,93,8,1999.0,662515.0,175965.0,2.111011,0.783713,SWE,GTM,8
1776788,208,93,8,2000.0,465138.0,54427.0,2.087984,0.811167,SWE,GTM,8
1776789,208,93,8,2001.0,640453.0,24577.0,2.01685,0.8233159999999999,SWE,GTM,8
1776790,208,93,8,2007.0,2055205.0,107750.0,1.830398,0.310369,SWE,GTM,8
1776791,208,93,8,2009.0,7387539.0,32810.0,1.8811950000000002,-0.058508000000000004,SWE,GTM,8
1776792,208,93,8,2010.0,3177608.0,103130.0,1.815875,0.402764,SWE,GTM,8
1776793,208,93,8,2012.0,2209322.0,131152.0,1.721268,0.15675,SWE,GTM,8
1776794,208,93,8,2013.0,4396082.0,125874.0,1.7851290000000002,0.182623,SWE,GTM,8
1776795,208,93,8,2014.0,12539047.0,65061.0,1.7256330000000002,0.395804,SWE,GTM,8
1776796,208,93,8,2015.0,3512386.0,121319.0,1.787031,0.527449,SWE,GTM,8
1776797,208,93,8,2016.0,3108750.0,38340.0,1.731295,0.679562,SWE,GTM,8
1776798,208,93,8,2018.0,1780387.0,64117.0,1.7254209999999999,0.638757,SWE,GTM,8
1776799,208,93,8,2019.0,1517908.0,120922.0,1.7247709999999998,0.6898770000000001,SWE,GTM,8
1776800,208,93,8,2020.0,2870268.0,68964.0,1.5926049999999998,0.870662,SWE,GTM,8
1776801,208,93,8,2005.0,1433075.0,222983.0,1.9983650000000002,0.59864,SWE,GTM,8
1776802,208,93,8,1967.0,12492.0,997.0,2.1240099999999997,2.8551349999999998,SWE,GTM,8
1776803,208,93,8,1970.0,35492.0,6753.0,2.1300470000000002,2.672669,SWE,GTM,8
1776804,208,93,8,1971.0,20142.0,6328.0,2.190846,2.570859,SWE,GTM,8
1776805,208,93,8,1972.0,27058.0,5292.0,2.083709,2.511567,SWE,GTM,8
1776806,208,93,8,1973.0,16424.0,12832.0,2.103473,2.3276470000000002,SWE,GTM,8
1776807,208,93,8,1974.0,33819.0,12435.0,1.7945509999999998,1.532433,SWE,GTM,8
1776808,208,93,8,1975.0,60119.0,46906.0,1.971359,0.93884,SWE,GTM,8
1776809,208,93,8,1976.0,34656.0,95513.0,1.7900189999999998,1.5298049999999999,SWE,GTM,8
1776810,208,93,8,1977.0,43154.0,65259.0,1.5786950000000002,1.390976,SWE,GTM,8
1776811,208,93,8,1978.0,27818.0,46365.0,1.905032,1.65209,SWE,GTM,8
1776812,208,93,8,1979.0,25310.0,42372.0,1.8791060000000002,1.4971709999999998,SWE,GTM,8
1776813,208,93,8,1980.0,18659.0,56983.0,1.7280119999999999,1.128417,SWE,GTM,8
1776814,208,93,8,1981.0,74699.0,57369.0,1.729023,0.9804309999999999,SWE,GTM,8
1776815,208,93,8,1982.0,39081.0,33219.0,1.805818,1.210293,SWE,GTM,8
1776816,208,93,8,1983.0,48443.0,25611.0,1.839779,1.3607040000000001,SWE,GTM,8
1776817,208,93,8,1984.0,86623.0,19014.0,1.879359,1.3748850000000001,SWE,GTM,8
1776818,208,93,8,1985.0,123883.0,5407.0,2.013963,1.252299,SWE,GTM,8
1776819,208,93,8,1986.0,106476.0,9745.0,2.1597560000000002,1.491303,SWE,GTM,8
1776820,208,93,8,1987.0,110777.0,64548.0,2.166095,1.502119,SWE,GTM,8
1776821,208,93,8,1988.0,182939.0,14811.0,2.194509,1.183689,SWE,GTM,8
1776822,208,93,8,1989.0,251931.0,84002.0,2.145445,1.232055,SWE,GTM,8
1776823,208,93,8,1990.0,31049.0,44326.0,2.122441,1.367907,SWE,GTM,8
1776824,208,93,8,1991.0,158315.0,54283.0,2.266982,1.2248459999999999,SWE,GTM,8
1776825,208,93,8,1992.0,165931.0,50043.0,2.2265900000000003,0.999178,SWE,GTM,8
1776826,208,93,8,1993.0,132455.0,71517.0,2.191455,1.031967,SWE,GTM,8
1776827,208,93,8,1994.0,68073.0,63921.0,2.26188,0.9602700000000001,SWE,GTM,8
1776828,208,93,8,1995.0,371225.0,24679.0,2.291723,0.913976,SWE,GTM,8
1776829,208,93,8,1962.0,5144.0,0.0,2.204543,2.995212,SWE,GTM,8
1776830,208,93,8,1963.0,1096.0,0.0,2.146459,2.918374,SWE,GTM,8
1776831,208,93,8,1964.0,19130.0,0.0,2.145611,3.055655,SWE,GTM,8
1776832,208,93,8,1965.0,8194.0,0.0,2.159495,3.0655099999999997,SWE,GTM,8
1776833,208,93,8,1966.0,48001.0,0.0,2.237418,2.8724119999999997,SWE,GTM,8
1776834,208,93,8,1968.0,12257.0,0.0,1.968017,2.7641270000000002,SWE,GTM,8
1776835,208,93,8,1969.0,12053.0,0.0,2.073118,2.6611130000000003,SWE,GTM,8
1776836,209,93,8,2008.0,46623.0,0.0,0.623596,0.488122,SWZ,GTM,8
1776837,209,93,8,2007.0,20805.0,0.0,0.8949379999999999,0.113962,SWZ,GTM,8
1776838,209,93,8,2010.0,5194.0,0.0,0.22654499999999997,-0.164954,SWZ,GTM,8
1776839,209,93,8,2011.0,2540.0,0.0,0.143933,0.106021,SWZ,GTM,8
1776840,209,93,8,2001.0,9913.0,2500.0,0.31004299999999996,-0.21159499999999998,SWZ,GTM,8
1776841,209,93,8,2003.0,8554.0,0.0,0.365836,-0.22265700000000002,SWZ,GTM,8
1776842,209,93,8,2005.0,11033.0,0.0,0.653223,-0.031611,SWZ,GTM,8
1776843,209,93,8,2002.0,9547.0,0.0,0.409355,-0.047221,SWZ,GTM,8
1776844,211,93,8,2010.0,99499.0,0.0,-0.178774,-0.696887,SYC,GTM,8
1776845,211,93,8,2009.0,1028.0,0.0,-0.519528,-0.9766870000000001,SYC,GTM,8
1776846,212,93,8,2010.0,0.0,1375.0,-0.265888,0.868015,SYR,GTM,8
1776847,212,93,8,2003.0,3706.0,0.0,-0.8778090000000001,-0.22842600000000002,SYR,GTM,8
1776848,215,93,8,1999.0,51799.0,0.0,-0.727054,-0.7261,TGO,GTM,8
1776849,215,93,8,2000.0,472186.0,0.0,-0.741812,-0.6781550000000001,TGO,GTM,8
1776850,215,93,8,2001.0,496064.0,0.0,-0.45409399999999994,-0.337055,TGO,GTM,8
1776851,216,93,8,1994.0,1562637.0,0.0,0.229846,1.497026,THA,GTM,8
1776852,216,93,8,1995.0,2316480.0,0.0,0.249687,1.587885,THA,GTM,8
1776853,216,93,8,1996.0,1668565.0,11775.0,0.26155100000000003,1.146204,THA,GTM,8
1776854,216,93,8,1997.0,657979.0,0.0,0.216402,1.366618,THA,GTM,8
1776855,216,93,8,1998.0,528268.0,0.0,0.264865,1.275795,THA,GTM,8
1776856,216,93,8,1999.0,354708.0,4623.0,0.45096499999999995,1.384025,THA,GTM,8
1776857,216,93,8,2000.0,369418.0,7969.0,0.505423,1.358217,THA,GTM,8
1776858,216,93,8,2001.0,1087991.0,0.0,0.49264600000000003,1.493471,THA,GTM,8
1776859,216,93,8,2002.0,731487.0,0.0,0.513887,1.545967,THA,GTM,8
1776860,216,93,8,2003.0,967896.0,0.0,0.565552,1.554573,THA,GTM,8
1776861,216,93,8,2004.0,656514.0,0.0,0.633501,1.4648290000000002,THA,GTM,8
1776862,216,93,8,2005.0,1392970.0,52213.0,0.6763060000000001,1.5179719999999999,THA,GTM,8
1776863,216,93,8,2006.0,1168191.0,23547.0,0.73283,1.419023,THA,GTM,8
1776864,216,93,8,2007.0,856062.0,357552.0,0.8744709999999999,1.303316,THA,GTM,8
1776865,216,93,8,2008.0,1083208.0,37203.0,0.8565809999999999,1.377966,THA,GTM,8
1776866,216,93,8,2009.0,1810798.0,49105.0,0.891018,1.164574,THA,GTM,8
1776867,216,93,8,2010.0,2105924.0,114091.0,0.975297,1.292203,THA,GTM,8
1776868,216,93,8,2011.0,1321823.0,190278.0,1.0923049999999999,1.3365639999999999,THA,GTM,8
1776869,216,93,8,2012.0,2408969.0,79779.0,1.015684,1.20697,THA,GTM,8
1776870,216,93,8,2013.0,1861522.0,65145.0,1.067287,1.2767110000000002,THA,GTM,8
1776871,216,93,8,2014.0,1946776.0,152383.0,1.111392,1.3500370000000002,THA,GTM,8
1776872,216,93,8,2015.0,985970.0,178724.0,1.258262,1.078091,THA,GTM,8
1776873,216,93,8,2016.0,1278982.0,337135.0,1.3075860000000001,1.151426,THA,GTM,8
1776874,216,93,8,2017.0,636155.0,234369.0,1.15791,1.282718,THA,GTM,8
1776875,216,93,8,2018.0,1235588.0,240684.0,1.188923,1.264666,THA,GTM,8
1776876,216,93,8,2019.0,754669.0,334527.0,1.128318,1.301893,THA,GTM,8
1776877,216,93,8,2020.0,716904.0,333621.0,1.108163,1.266463,THA,GTM,8
1776878,216,93,8,1989.0,235982.0,0.0,-0.049782,1.32686,THA,GTM,8
1776879,216,93,8,1990.0,275106.0,0.0,0.200836,1.37097,THA,GTM,8
1776880,216,93,8,1992.0,534035.0,0.0,0.109518,1.486578,THA,GTM,8
1776881,216,93,8,1993.0,1349615.0,0.0,0.261627,1.732836,THA,GTM,8
1776882,216,93,8,1991.0,313112.0,0.0,0.076699,1.530476,THA,GTM,8
1776883,216,93,8,1967.0,814.0,0.0,-0.692667,-0.669754,THA,GTM,8
1776884,216,93,8,1988.0,80400.0,26889.0,-0.056565,1.0134020000000001,THA,GTM,8
1776885,222,93,8,1993.0,0.0,8121.0,0.259751,-0.405848,TTO,GTM,8
1776886,222,93,8,1994.0,0.0,29888.0,0.196785,-0.549906,TTO,GTM,8
1776887,222,93,8,1995.0,17576.0,15525.0,0.077212,-0.519317,TTO,GTM,8
1776888,222,93,8,1996.0,52716.0,21397.0,-0.002541,-0.543624,TTO,GTM,8
1776889,222,93,8,1997.0,44763.0,7159.0,0.051947,-0.405412,TTO,GTM,8
1776890,222,93,8,1998.0,180967.0,57651.0,0.178492,-0.360086,TTO,GTM,8
1776891,222,93,8,1999.0,38966.0,50381.0,0.014474,-0.6064729999999999,TTO,GTM,8
1776892,222,93,8,2000.0,99121.0,62195.0,0.011104000000000001,-0.831385,TTO,GTM,8
1776893,222,93,8,2001.0,38943.0,80504.0,0.265201,-0.602807,TTO,GTM,8
1776894,222,93,8,2002.0,37914.0,56247.0,-0.056315,-0.803537,TTO,GTM,8
1776895,222,93,8,2003.0,28597.0,111098.0,-0.200881,-0.961829,TTO,GTM,8
1776896,222,93,8,2004.0,85062.0,129757.0,-0.108049,-0.923523,TTO,GTM,8
1776897,222,93,8,2005.0,174431.0,303058.0,-0.14166099999999998,-1.010897,TTO,GTM,8
1776898,222,93,8,2006.0,333040.0,203302.0,-0.346992,-1.03502,TTO,GTM,8
1776899,222,93,8,2007.0,41679.0,409917.0,-0.358668,-0.999964,TTO,GTM,8
1776900,222,93,8,2008.0,21096.0,540212.0,-0.39921599999999996,-1.030132,TTO,GTM,8
1776901,222,93,8,2009.0,3378.0,477580.0,-0.354306,-0.9826520000000001,TTO,GTM,8
1776902,222,93,8,2010.0,0.0,713354.0,-0.20364100000000002,-1.0462049999999998,TTO,GTM,8
1776903,222,93,8,2011.0,34520.0,569617.0,-0.369695,-0.980764,TTO,GTM,8
1776904,222,93,8,2012.0,32575.0,1046317.0,-0.257402,-0.9802709999999999,TTO,GTM,8
1776905,222,93,8,2013.0,4843.0,656288.0,-0.399437,-1.047864,TTO,GTM,8
1776906,222,93,8,2014.0,93710.0,696533.0,-0.582991,-1.055078,TTO,GTM,8
1776907,222,93,8,2015.0,13879.0,503751.0,-0.312818,-1.033621,TTO,GTM,8
1776908,222,93,8,2017.0,9158.0,879197.0,-0.15041300000000002,-1.029801,TTO,GTM,8
1776909,222,93,8,2018.0,6064.0,460127.0,-0.32209299999999996,-1.0651540000000002,TTO,GTM,8
1776910,222,93,8,2019.0,25869.0,496099.0,0.036649,-0.897194,TTO,GTM,8
1776911,222,93,8,2020.0,13809.0,650952.0,0.13223,-0.738966,TTO,GTM,8
1776912,222,93,8,1990.0,0.0,7313.0,0.357632,-0.418442,TTO,GTM,8
1776913,222,93,8,1974.0,0.0,1400.0,-0.450716,-0.525388,TTO,GTM,8
1776914,222,93,8,1979.0,0.0,10665.0,0.146867,-0.51025,TTO,GTM,8
1776915,222,93,8,1980.0,0.0,66770.0,0.23514200000000002,-0.43651999999999996,TTO,GTM,8
1776916,222,93,8,2016.0,21706.0,593766.0,-0.184575,-0.9999889999999999,TTO,GTM,8
1776917,222,93,8,1975.0,7410.0,66738.0,-0.195644,-0.46137700000000004,TTO,GTM,8
1776918,222,93,8,1981.0,0.0,6946.0,0.245437,-0.44534399999999996,TTO,GTM,8
1776919,222,93,8,1982.0,0.0,5582.0,0.399398,-0.46338599999999996,TTO,GTM,8
1776920,222,93,8,1983.0,0.0,22835.0,0.528107,-0.37849099999999997,TTO,GTM,8
1776921,222,93,8,1984.0,17088.0,0.0,0.346616,-0.5002,TTO,GTM,8
1776922,222,93,8,1986.0,687.0,0.0,0.207159,-0.580407,TTO,GTM,8
1776923,223,93,8,2005.0,172153.0,0.0,0.006732999999999999,0.512662,TUN,GTM,8
1776924,223,93,8,2016.0,0.0,10101.0,0.27537399999999995,0.9474239999999999,TUN,GTM,8
1776925,223,93,8,2019.0,3501.0,0.0,0.36388200000000004,1.1146209999999999,TUN,GTM,8
1776926,223,93,8,2009.0,169904.0,0.0,0.20318699999999998,0.778366,TUN,GTM,8
1776927,223,93,8,2011.0,0.0,4821.0,0.44765600000000005,0.949735,TUN,GTM,8
1776928,223,93,8,2012.0,3894.0,6244.0,0.509432,0.8157810000000001,TUN,GTM,8
1776929,223,93,8,2013.0,0.0,6751.0,0.40154,0.902177,TUN,GTM,8
1776930,223,93,8,2020.0,1602.0,0.0,0.458344,0.490221,TUN,GTM,8
1776931,223,93,8,1997.0,10207.0,0.0,-0.187276,-0.21877600000000003,TUN,GTM,8
1776932,223,93,8,1994.0,19564.0,0.0,-0.022034,0.020742,TUN,GTM,8
1776933,224,93,8,2005.0,584549.0,106394.0,0.284484,2.10348,TUR,GTM,8
1776934,224,93,8,2007.0,418940.0,151830.0,0.503181,1.830614,TUR,GTM,8
1776935,224,93,8,2010.0,931001.0,168402.0,0.53661,2.161994,TUR,GTM,8
1776936,224,93,8,2011.0,866802.0,174122.0,0.593858,2.247072,TUR,GTM,8
1776937,224,93,8,2012.0,1342158.0,233626.0,0.657573,1.969027,TUR,GTM,8
1776938,224,93,8,2014.0,1510335.0,754753.0,0.6641600000000001,2.091193,TUR,GTM,8
1776939,224,93,8,2015.0,1400107.0,3568307.0,0.462588,2.330971,TUR,GTM,8
1776940,224,93,8,2016.0,2040717.0,141592.0,0.460247,2.3790400000000003,TUR,GTM,8
1776941,224,93,8,2017.0,1596055.0,159146.0,0.601079,2.126314,TUR,GTM,8
1776942,224,93,8,2018.0,1133421.0,129604.0,0.5883510000000001,2.357541,TUR,GTM,8
1776943,224,93,8,2019.0,1645125.0,67018.0,0.601105,2.31712,TUR,GTM,8
1776944,224,93,8,2020.0,2698001.0,183540.0,0.6274689999999999,2.401027,TUR,GTM,8
1776945,224,93,8,1996.0,2545.0,39308.0,0.07259700000000001,1.734291,TUR,GTM,8
1776946,224,93,8,2009.0,1817575.0,142351.0,0.47585900000000003,2.221056,TUR,GTM,8
1776947,224,93,8,1998.0,24255.0,0.0,0.076565,1.9950729999999999,TUR,GTM,8
1776948,224,93,8,1999.0,27999.0,0.0,0.087761,2.0103869999999997,TUR,GTM,8
1776949,224,93,8,2000.0,103040.0,0.0,0.127924,2.039773,TUR,GTM,8
1776950,224,93,8,2001.0,273240.0,0.0,0.168219,1.989011,TUR,GTM,8
1776951,224,93,8,2008.0,570817.0,120869.0,0.518795,1.8095869999999998,TUR,GTM,8
1776952,224,93,8,2013.0,760543.0,3292280.0,0.580016,2.394812,TUR,GTM,8
1776953,224,93,8,2002.0,162249.0,2244.0,0.12982,1.8032650000000001,TUR,GTM,8
1776954,224,93,8,2003.0,351475.0,7419.0,0.168739,2.0307020000000002,TUR,GTM,8
1776955,224,93,8,2006.0,491179.0,36307.0,0.41471,2.138217,TUR,GTM,8
1776956,224,93,8,1987.0,0.0,3294.0,0.349956,1.3341129999999999,TUR,GTM,8
1776957,224,93,8,1988.0,11086.0,0.0,0.293668,1.444393,TUR,GTM,8
1776958,224,93,8,1990.0,6549.0,0.0,0.19346300000000002,1.15759,TUR,GTM,8
1776959,224,93,8,2004.0,607772.0,0.0,0.249065,1.910598,TUR,GTM,8
1776960,224,93,8,1994.0,43644.0,1056.0,0.112102,1.2281030000000002,TUR,GTM,8
1776961,226,93,8,2015.0,0.0,2783.0,-0.883123,0.178398,TZA,GTM,8
1776962,226,93,8,2019.0,0.0,1730.0,-0.80374,0.826095,TZA,GTM,8
1776963,226,93,8,2016.0,0.0,2614.0,-1.01426,0.304263,TZA,GTM,8
1776964,227,93,8,2004.0,0.0,7041.0,-1.05367,-0.546304,UGA,GTM,8
1776965,228,93,8,2009.0,52520.0,2853.0,0.505844,1.1205829999999999,UKR,GTM,8
1776966,228,93,8,2010.0,0.0,13484.0,0.469426,1.1556629999999999,UKR,GTM,8
1776967,228,93,8,2011.0,0.0,11763.0,0.48387700000000006,1.0707659999999999,UKR,GTM,8
1776968,228,93,8,2012.0,0.0,7604.0,0.533547,1.159378,UKR,GTM,8
1776969,228,93,8,2013.0,69328.0,23573.0,0.535571,1.026263,UKR,GTM,8
1776970,228,93,8,2014.0,106539.0,12441.0,0.505369,1.07634,UKR,GTM,8
1776971,228,93,8,2015.0,38634.0,5729.0,0.271595,0.965569,UKR,GTM,8
1776972,228,93,8,2016.0,14252.0,1029.0,0.240605,0.827153,UKR,GTM,8
1776973,228,93,8,2017.0,5951.0,1497.0,0.34780900000000003,1.076817,UKR,GTM,8
1776974,228,93,8,2001.0,7390.0,0.0,0.642888,1.267971,UKR,GTM,8
1776975,228,93,8,2002.0,4294.0,0.0,0.575372,1.131722,UKR,GTM,8
1776976,228,93,8,2003.0,1742.0,0.0,0.7578739999999999,1.2267379999999999,UKR,GTM,8
1776977,228,93,8,2005.0,29714.0,44760.0,0.59719,1.061772,UKR,GTM,8
1776978,228,93,8,2006.0,10885.0,0.0,0.598325,1.225485,UKR,GTM,8
1776979,228,93,8,2007.0,0.0,12446.0,0.607204,1.319608,UKR,GTM,8
1776980,228,93,8,2008.0,0.0,12761.0,0.49950600000000006,1.152203,UKR,GTM,8
1776981,228,93,8,2018.0,78190.0,7839.0,0.3281,1.0037459999999998,UKR,GTM,8
1776982,228,93,8,2019.0,78472.0,15574.0,0.263437,0.690283,UKR,GTM,8
1776983,228,93,8,2020.0,20756.0,25270.0,0.287581,0.765753,UKR,GTM,8
1776984,230,93,8,1993.0,4653.0,0.0,0.38029,0.565832,URY,GTM,8
1776985,230,93,8,1999.0,558141.0,8320.0,0.156799,0.548928,URY,GTM,8
1776986,230,93,8,2003.0,1582326.0,6744.0,0.07285599999999999,0.29223299999999997,URY,GTM,8
1776987,230,93,8,2006.0,622253.0,0.0,0.047764999999999995,0.23831100000000002,URY,GTM,8
1776988,230,93,8,2007.0,492257.0,7224.0,0.138324,0.395436,URY,GTM,8
1776989,230,93,8,2008.0,353365.0,51009.0,0.168969,0.310508,URY,GTM,8
1776990,230,93,8,2009.0,680449.0,25503.0,0.115835,0.032341,URY,GTM,8
1776991,230,93,8,2010.0,221379.0,5619.0,0.05979299999999999,0.116557,URY,GTM,8
1776992,230,93,8,2011.0,268130.0,58680.0,0.10006699999999999,0.199222,URY,GTM,8
1776993,230,93,8,2012.0,288617.0,306554.0,0.013581000000000001,0.047302,URY,GTM,8
1776994,230,93,8,2015.0,636279.0,96072.0,0.11081400000000001,-0.131145,URY,GTM,8
1776995,230,93,8,2016.0,769233.0,139166.0,0.040088,-0.27858499999999997,URY,GTM,8
1776996,230,93,8,2018.0,533690.0,59544.0,0.016527,-0.250715,URY,GTM,8
1776997,230,93,8,2002.0,1178792.0,25944.0,0.048498,0.118565,URY,GTM,8
1776998,230,93,8,2004.0,934895.0,0.0,-0.051583000000000004,0.145056,URY,GTM,8
1776999,230,93,8,2005.0,736212.0,7789.0,0.133955,0.391302,URY,GTM,8
1777000,230,93,8,2013.0,414039.0,132102.0,0.128825,0.02334,URY,GTM,8
1777001,230,93,8,2014.0,433968.0,94353.0,0.155247,-0.091751,URY,GTM,8
1777002,230,93,8,2017.0,595317.0,98834.0,0.09085900000000001,-0.246694,URY,GTM,8
1777003,230,93,8,2019.0,372795.0,30760.0,-0.002587,-0.3514,URY,GTM,8
1777004,230,93,8,2020.0,253832.0,13655.0,-0.06983500000000001,-0.375308,URY,GTM,8
1777005,230,93,8,1996.0,27306.0,85244.0,0.182427,0.689738,URY,GTM,8
1777006,230,93,8,1997.0,13019.0,14938.0,0.080024,0.669226,URY,GTM,8
1777007,230,93,8,1995.0,5742.0,0.0,0.33923400000000004,0.608226,URY,GTM,8
1777008,230,93,8,1998.0,1028093.0,13100.0,0.12551099999999998,0.704669,URY,GTM,8
1777009,230,93,8,2000.0,95449.0,18037.0,0.18688,0.575136,URY,GTM,8
1777010,230,93,8,2001.0,98153.0,0.0,0.192313,0.401841,URY,GTM,8
1777011,230,93,8,1992.0,8467.0,0.0,0.242758,0.711781,URY,GTM,8
1777012,230,93,8,1994.0,6429.0,0.0,0.46247200000000005,0.597146,URY,GTM,8
1777013,231,93,8,1990.0,85214044.0,191860029.0,1.537887,1.72997,USA,GTM,8
1777014,231,93,8,1991.0,111240144.0,327571228.0,1.6767419999999997,1.511651,USA,GTM,8
1777015,231,93,8,1992.0,175997812.0,451674647.0,1.660693,1.289752,USA,GTM,8
1777016,231,93,8,1993.0,239502324.0,543212228.0,1.7574319999999999,1.02585,USA,GTM,8
1777017,231,93,8,1994.0,259386105.0,589402727.0,1.835279,0.860557,USA,GTM,8
1777018,231,93,8,1995.0,301941730.0,689154063.0,1.798775,0.910509,USA,GTM,8
1777019,231,93,8,1996.0,323512030.0,776363603.0,1.742391,1.003066,USA,GTM,8
1777020,231,93,8,1997.0,374779794.0,920081570.0,1.875847,0.46257299999999996,USA,GTM,8
1777021,231,93,8,1998.0,370525433.0,1098582442.0,1.9350779999999999,0.29075100000000004,USA,GTM,8
1777022,231,93,8,1999.0,306965304.0,1233619861.0,1.896707,0.37156,USA,GTM,8
1777023,231,93,8,2000.0,287050667.0,1435380269.0,1.9869709999999998,0.021666,USA,GTM,8
1777024,231,93,8,2001.0,206875928.0,1560067751.0,1.96615,-0.12332699999999999,USA,GTM,8
1777025,231,93,8,2002.0,159355418.0,1620900155.0,1.853174,0.120986,USA,GTM,8
1777026,231,93,8,2003.0,215720255.0,1706205890.0,1.8209830000000002,0.085073,USA,GTM,8
1777027,231,93,8,2004.0,184960411.0,1879747618.0,1.818327,-0.17913900000000002,USA,GTM,8
1777028,231,93,8,2005.0,183439261.0,1786421145.0,1.7455470000000002,-0.418916,USA,GTM,8
1777029,231,93,8,2006.0,205659813.0,1654461597.0,1.616918,-0.429924,USA,GTM,8
1777030,231,93,8,2007.0,246212399.0,1416258047.0,1.507629,-0.068172,USA,GTM,8
1777031,231,93,8,2008.0,247564929.0,1278751083.0,1.494243,-0.340183,USA,GTM,8
1777032,231,93,8,2009.0,208606658.0,987884232.0,1.4675049999999998,-0.26011100000000004,USA,GTM,8
1777033,231,93,8,2010.0,224508911.0,992983542.0,1.564858,-0.667927,USA,GTM,8
1777034,231,93,8,2011.0,253009506.0,1086605861.0,1.568274,-0.657708,USA,GTM,8
1777035,231,93,8,2012.0,258567740.0,1091678472.0,1.51134,-0.637794,USA,GTM,8
1777036,231,93,8,2013.0,272708183.0,1175106042.0,1.612058,-0.8592989999999999,USA,GTM,8
1777037,231,93,8,2014.0,275353440.0,1230224444.0,1.569577,-0.293173,USA,GTM,8
1777038,231,93,8,2015.0,277949593.0,1313227789.0,1.721982,-0.516554,USA,GTM,8
1777039,231,93,8,2016.0,262547778.0,1250255675.0,1.6991900000000002,-0.146044,USA,GTM,8
1777040,231,93,8,2017.0,269087596.0,1288806008.0,1.536355,0.23775100000000002,USA,GTM,8
1777041,231,93,8,2018.0,273060090.0,1436453743.0,1.5527739999999999,0.288577,USA,GTM,8
1777042,231,93,8,2019.0,253374477.0,1355996229.0,1.5760809999999998,0.19685,USA,GTM,8
1777043,231,93,8,2020.0,258938974.0,1175827381.0,1.4725629999999998,0.43318599999999996,USA,GTM,8
1777044,231,93,8,1962.0,4992136.0,44373.0,2.072395,1.7205400000000002,USA,GTM,8
1777045,231,93,8,1963.0,5356874.0,41600.0,2.0341259999999997,1.416706,USA,GTM,8
1777046,231,93,8,1964.0,5861030.0,33330.0,2.039541,1.8314990000000002,USA,GTM,8
1777047,231,93,8,1965.0,6775000.0,65696.0,2.066792,1.7441380000000002,USA,GTM,8
1777048,231,93,8,1966.0,6460927.0,52057.0,2.018157,1.481471,USA,GTM,8
1777049,231,93,8,1967.0,5952796.0,99857.0,1.9634919999999998,1.826548,USA,GTM,8
1777050,231,93,8,1968.0,5709592.0,162873.0,1.9577650000000002,1.500362,USA,GTM,8
1777051,231,93,8,1969.0,5747128.0,341307.0,1.9097669999999998,1.7483990000000003,USA,GTM,8
1777052,231,93,8,1970.0,5366840.0,428854.0,1.792584,2.206141,USA,GTM,8
1777053,231,93,8,1971.0,5202482.0,192496.0,1.873357,1.848336,USA,GTM,8
1777054,231,93,8,1972.0,6469472.0,295981.0,1.86454,1.841334,USA,GTM,8
1777055,231,93,8,1973.0,8323338.0,1033107.0,1.7948419999999998,2.026,USA,GTM,8
1777056,231,93,8,1974.0,12846568.0,2819617.0,1.5575430000000001,0.946348,USA,GTM,8
1777057,231,93,8,1975.0,11525451.0,3547894.0,1.626922,1.162917,USA,GTM,8
1777058,231,93,8,1978.0,24524261.0,4271835.0,1.610269,1.603343,USA,GTM,8
1777059,231,93,8,1979.0,27071191.0,5187848.0,1.539367,1.481471,USA,GTM,8
1777060,231,93,8,1980.0,32550880.0,6823024.0,1.4422549999999998,0.744779,USA,GTM,8
1777061,231,93,8,1981.0,33983556.0,5927625.0,1.47046,0.8942190000000001,USA,GTM,8
1777062,231,93,8,1982.0,23877436.0,6680295.0,1.496936,1.2591780000000001,USA,GTM,8
1777063,231,93,8,1983.0,17237886.0,7722909.0,1.500082,1.557107,USA,GTM,8
1777064,231,93,8,1984.0,20239827.0,10098794.0,1.476898,1.614897,USA,GTM,8
1777065,231,93,8,1985.0,19479577.0,13016548.0,1.6386479999999999,1.518913,USA,GTM,8
1777066,231,93,8,1986.0,28159498.0,22303053.0,1.472246,1.942236,USA,GTM,8
1777067,231,93,8,1987.0,33626840.0,40036008.0,1.504178,1.820397,USA,GTM,8
1777068,231,93,8,1988.0,48166993.0,78517906.0,1.303966,1.922435,USA,GTM,8
1777069,231,93,8,1989.0,68334519.0,133600405.0,1.4548530000000002,1.7360209999999998,USA,GTM,8
1777070,231,93,8,1976.0,20207516.0,4623753.0,1.6694509999999998,0.32833,USA,GTM,8
1777071,231,93,8,1977.0,22488325.0,4651090.0,1.483956,-0.040362,USA,GTM,8
1777072,234,93,8,2012.0,0.0,24927.0,0.523877,0.065489,VCT,GTM,8
1777073,234,93,8,2009.0,0.0,7646.0,0.354378,-0.571625,VCT,GTM,8
1777074,234,93,8,2011.0,0.0,1288.0,0.452484,-0.022631000000000002,VCT,GTM,8
1777075,234,93,8,2014.0,0.0,8368.0,0.101454,-0.469681,VCT,GTM,8
1777076,234,93,8,2010.0,0.0,7450.0,0.33795,-0.213756,VCT,GTM,8
1777077,234,93,8,2018.0,0.0,8523.0,-0.37162,-0.674759,VCT,GTM,8
1777078,234,93,8,2008.0,0.0,7665.0,-0.5826279999999999,-0.989132,VCT,GTM,8
1777079,234,93,8,2019.0,0.0,41771.0,-0.5139630000000001,-0.851612,VCT,GTM,8
1777080,234,93,8,2002.0,0.0,126828.0,-0.268813,-0.67072,VCT,GTM,8
1777081,234,93,8,2000.0,0.0,151914.0,0.216315,-0.206287,VCT,GTM,8
1777082,234,93,8,1999.0,0.0,40355.0,-0.043548,-0.625648,VCT,GTM,8
1777083,234,93,8,2017.0,0.0,33535.0,0.070659,-0.485245,VCT,GTM,8
1777084,234,93,8,2015.0,0.0,16920.0,0.43013999999999997,-0.058655,VCT,GTM,8
1777085,234,93,8,2020.0,0.0,22273.0,-0.652007,-0.866397,VCT,GTM,8
1777086,234,93,8,2016.0,0.0,21858.0,-0.15301099999999998,-0.789267,VCT,GTM,8
1777087,236,93,8,1996.0,488909.0,327015.0,-0.039967,-0.828263,VEN,GTM,8
1777088,236,93,8,1997.0,1372599.0,457557.0,-0.137776,-0.750744,VEN,GTM,8
1777089,236,93,8,1998.0,1408282.0,401829.0,0.045495999999999995,-0.5727760000000001,VEN,GTM,8
1777090,236,93,8,1999.0,732752.0,1063777.0,-0.0040409999999999995,-0.674135,VEN,GTM,8
1777091,236,93,8,2000.0,988902.0,1015814.0,-0.12500999999999998,-0.8610610000000001,VEN,GTM,8
1777092,236,93,8,2001.0,1165187.0,595639.0,-0.013877,-0.8582690000000001,VEN,GTM,8
1777093,236,93,8,2002.0,1309881.0,38322.0,-0.008877,-0.753486,VEN,GTM,8
1777094,236,93,8,2003.0,852645.0,93764.0,-0.036072,-0.818635,VEN,GTM,8
1777095,236,93,8,2004.0,770324.0,242063.0,-0.41193900000000006,-0.9578899999999999,VEN,GTM,8
1777096,236,93,8,2005.0,1353075.0,459949.0,-0.308884,-1.0845,VEN,GTM,8
1777097,236,93,8,2006.0,1070646.0,307833.0,-0.5559649999999999,-0.9988299999999999,VEN,GTM,8
1777098,236,93,8,2008.0,619785.0,723356.0,-1.170569,-1.1018780000000001,VEN,GTM,8
1777099,236,93,8,2009.0,642702.0,255380.0,-0.834899,-1.136707,VEN,GTM,8
1777100,236,93,8,2010.0,515209.0,919294.0,-1.2999209999999999,-1.196332,VEN,GTM,8
1777101,236,93,8,2011.0,353155.0,1225049.0,-1.6447669999999999,-1.176749,VEN,GTM,8
1777102,236,93,8,2012.0,129382.0,1369827.0,-1.6796689999999999,-1.168002,VEN,GTM,8
1777103,236,93,8,2013.0,166464.0,431385.0,-1.281202,-1.094268,VEN,GTM,8
1777104,236,93,8,2014.0,63111.0,656038.0,-1.1668459999999998,-1.134262,VEN,GTM,8
1777105,236,93,8,2015.0,55093.0,2561153.0,-1.335158,-1.261161,VEN,GTM,8
1777106,236,93,8,2016.0,90955.0,352142.0,-1.2837120000000002,-1.2503879999999998,VEN,GTM,8
1777107,236,93,8,2017.0,74541.0,511424.0,-1.191942,-1.245689,VEN,GTM,8
1777108,236,93,8,2018.0,265226.0,314579.0,-1.180083,-1.23326,VEN,GTM,8
1777109,236,93,8,2019.0,21657.0,19866.0,-1.432195,-1.297239,VEN,GTM,8
1777110,236,93,8,2020.0,69587.0,76645.0,-1.373512,-1.2886440000000001,VEN,GTM,8
1777111,236,93,8,2007.0,1107224.0,776990.0,-0.787944,-1.0645200000000001,VEN,GTM,8
1777112,236,93,8,1973.0,50382.0,0.0,-0.985057,-0.59819,VEN,GTM,8
1777113,236,93,8,1974.0,57767.0,0.0,-1.086871,-0.440258,VEN,GTM,8
1777114,236,93,8,1963.0,11955.0,0.0,-0.411376,-0.31926,VEN,GTM,8
1777115,236,93,8,1964.0,34398.0,0.0,-0.302078,-0.313463,VEN,GTM,8
1777116,236,93,8,1965.0,152033.0,0.0,-0.41090200000000004,-0.347914,VEN,GTM,8
1777117,236,93,8,1971.0,54717.0,0.0,-0.9655290000000001,-0.651151,VEN,GTM,8
1777118,236,93,8,1972.0,23239.0,0.0,-1.005675,-0.624402,VEN,GTM,8
1777119,236,93,8,1975.0,26140.0,39436.0,-1.8247490000000002,-0.5920310000000001,VEN,GTM,8
1777120,236,93,8,1984.0,23995.0,84505.0,0.15979300000000002,-0.663798,VEN,GTM,8
1777121,236,93,8,1988.0,34359.0,0.0,-0.274765,-0.778587,VEN,GTM,8
1777122,236,93,8,1989.0,70518.0,0.0,-0.04738,-0.624991,VEN,GTM,8
1777123,236,93,8,1990.0,253321.0,22152.0,-0.035712,-0.669521,VEN,GTM,8
1777124,236,93,8,1991.0,325108.0,59431.0,0.26127100000000003,-0.533752,VEN,GTM,8
1777125,236,93,8,1992.0,456538.0,193782.0,-0.106385,-0.65975,VEN,GTM,8
1777126,236,93,8,1993.0,517124.0,196310.0,-0.13730599999999998,-0.671726,VEN,GTM,8
1777127,236,93,8,1994.0,804050.0,154883.0,0.04754,-0.6419159999999999,VEN,GTM,8
1777128,236,93,8,1995.0,706314.0,188135.0,-0.04476,-0.73316,VEN,GTM,8
1777129,236,93,8,1982.0,169275.0,136784.0,-0.16918,-0.691221,VEN,GTM,8
1777130,236,93,8,1966.0,21609.0,0.0,-0.870044,-0.442428,VEN,GTM,8
1777131,236,93,8,1967.0,25057.0,0.0,-0.685242,-0.45819399999999993,VEN,GTM,8
1777132,236,93,8,1968.0,29133.0,2538.0,-0.7130850000000001,-0.5042939999999999,VEN,GTM,8
1777133,236,93,8,1969.0,23193.0,0.0,-0.559696,-0.497251,VEN,GTM,8
1777134,236,93,8,1970.0,26130.0,0.0,-0.850909,-0.580477,VEN,GTM,8
1777135,236,93,8,1980.0,56148.0,0.0,0.196179,-0.47241400000000006,VEN,GTM,8
1777136,236,93,8,1983.0,7191.0,17133.0,-0.42758999999999997,-0.7518520000000001,VEN,GTM,8
1777137,236,93,8,1985.0,236671.0,10407.0,-0.358518,-0.742417,VEN,GTM,8
1777138,236,93,8,1987.0,101079.0,0.0,0.30843000000000004,-0.623317,VEN,GTM,8
1777139,236,93,8,1986.0,21666.0,5949.0,-0.289661,-0.7737,VEN,GTM,8
1777140,237,93,8,2003.0,0.0,7871.0,0.602861,-0.18729200000000001,VGB,GTM,8
1777141,237,93,8,2013.0,66488.0,0.0,0.217532,-0.315292,VGB,GTM,8
1777142,237,93,8,2018.0,0.0,63124.0,1.107364,0.036629,VGB,GTM,8
1777143,237,93,8,2011.0,87726.0,0.0,0.770853,0.165879,VGB,GTM,8
1777144,237,93,8,2009.0,4197.0,1650.0,0.870209,0.188862,VGB,GTM,8
1777145,237,93,8,2012.0,22922.0,0.0,0.419843,0.23373899999999997,VGB,GTM,8
1777146,237,93,8,2004.0,113942.0,0.0,0.689844,-0.23942,VGB,GTM,8
1777147,237,93,8,2007.0,564494.0,0.0,0.7635109999999999,0.054086,VGB,GTM,8
1777148,237,93,8,2006.0,495471.0,0.0,0.937218,0.16353,VGB,GTM,8
1777149,237,93,8,2005.0,74158.0,75000.0,0.220291,-0.497288,VGB,GTM,8
1777150,237,93,8,2002.0,4660.0,0.0,0.6891930000000001,-0.27620500000000003,VGB,GTM,8
1777151,239,93,8,2000.0,121047.0,0.0,-0.589009,0.518708,VNM,GTM,8
1777152,239,93,8,2001.0,239157.0,0.0,-0.533978,0.503988,VNM,GTM,8
1777153,239,93,8,2002.0,1774775.0,0.0,-0.44170699999999996,0.544708,VNM,GTM,8
1777154,239,93,8,2008.0,1046185.0,71532.0,-0.04149,1.043877,VNM,GTM,8
1777155,239,93,8,2009.0,1763948.0,2181.0,-0.107678,0.824392,VNM,GTM,8
1777156,239,93,8,2010.0,2687191.0,52517.0,-0.096135,1.263142,VNM,GTM,8
1777157,239,93,8,2011.0,2766554.0,137142.0,0.056153999999999996,1.242208,VNM,GTM,8
1777158,239,93,8,2013.0,3150900.0,1726.0,0.009264,1.182368,VNM,GTM,8
1777159,239,93,8,2015.0,4403007.0,8746.0,-0.055202,0.807679,VNM,GTM,8
1777160,239,93,8,2016.0,3406390.0,9620.0,0.048214,0.6998810000000001,VNM,GTM,8
1777161,239,93,8,2018.0,5344383.0,1321.0,0.111848,0.915842,VNM,GTM,8
1777162,239,93,8,2019.0,4928318.0,1522.0,0.04444,0.8275049999999999,VNM,GTM,8
1777163,239,93,8,2005.0,470062.0,0.0,-0.49631499999999995,0.591896,VNM,GTM,8
1777164,239,93,8,2003.0,129918.0,0.0,-0.5902930000000001,0.6113689999999999,VNM,GTM,8
1777165,239,93,8,2004.0,378392.0,0.0,-0.46875500000000003,0.734412,VNM,GTM,8
1777166,239,93,8,2006.0,433439.0,3866.0,-0.089404,0.986066,VNM,GTM,8
1777167,239,93,8,2007.0,728569.0,15624.0,-0.102532,1.0221870000000002,VNM,GTM,8
1777168,239,93,8,2012.0,2738102.0,17523.0,0.0755,1.008183,VNM,GTM,8
1777169,239,93,8,2014.0,3943790.0,8129.0,0.135762,1.182052,VNM,GTM,8
1777170,239,93,8,2017.0,4944904.0,41168.0,-0.006548999999999999,0.7030420000000001,VNM,GTM,8
1777171,239,93,8,2020.0,6191414.0,1691.0,0.176235,0.640389,VNM,GTM,8
1777172,239,93,8,1999.0,45573.0,0.0,-0.703134,0.209981,VNM,GTM,8
1777173,245,93,8,1989.0,26144.0,0.0,1.039279,2.368432,YUG,GTM,8
1777174,245,93,8,1974.0,513.0,0.0,0.915594,2.630796,YUG,GTM,8
1777175,245,93,8,1988.0,3861.0,0.0,1.174104,2.284472,YUG,GTM,8
1777176,246,93,8,2004.0,65174.0,9283.0,0.29599699999999995,1.909018,ZAF,GTM,8
1777177,246,93,8,2008.0,122258.0,97249.0,0.133055,1.349216,ZAF,GTM,8
1777178,246,93,8,2009.0,79573.0,38800.0,0.12679200000000002,1.8165349999999998,ZAF,GTM,8
1777179,246,93,8,2010.0,99251.0,44963.0,0.153813,1.626072,ZAF,GTM,8
1777180,246,93,8,2011.0,20753.0,94661.0,-0.041062,1.647892,ZAF,GTM,8
1777181,246,93,8,2012.0,960907.0,120937.0,0.06510099999999999,1.748521,ZAF,GTM,8
1777182,246,93,8,2018.0,52211.0,228531.0,-0.053311000000000004,1.45561,ZAF,GTM,8
1777183,246,93,8,2019.0,152736.0,166508.0,0.009188,1.1810610000000001,ZAF,GTM,8
1777184,246,93,8,2020.0,73772.0,167876.0,-0.147146,0.8898459999999999,ZAF,GTM,8
1777185,246,93,8,2005.0,49812.0,163974.0,0.24420100000000003,1.7617349999999998,ZAF,GTM,8
1777186,246,93,8,2017.0,46429.0,176391.0,-0.048668,1.283483,ZAF,GTM,8
1777187,246,93,8,1997.0,4332.0,9770.0,0.29381199999999996,1.276557,ZAF,GTM,8
1777188,246,93,8,2002.0,14150.0,1547.0,0.32760500000000004,2.497746,ZAF,GTM,8
1777189,246,93,8,2003.0,5671.0,1237.0,0.368016,2.295644,ZAF,GTM,8
1777190,246,93,8,2014.0,95692.0,172485.0,0.156414,1.873848,ZAF,GTM,8
1777191,246,93,8,2015.0,139592.0,193807.0,0.093921,1.7627400000000002,ZAF,GTM,8
1777192,246,93,8,2013.0,260662.0,60882.0,0.11624100000000001,1.574591,ZAF,GTM,8
1777193,246,93,8,2016.0,91479.0,144921.0,-0.029618000000000002,1.426834,ZAF,GTM,8
1777194,246,93,8,1996.0,17876.0,4203.0,0.277171,1.489549,ZAF,GTM,8
1777195,246,93,8,2001.0,20497.0,5712.0,0.249833,2.1142950000000003,ZAF,GTM,8
1777196,246,93,8,1975.0,728.0,0.0,-0.204077,0.21280900000000003,ZAF,GTM,8
1777197,246,93,8,1995.0,90715.0,8261.0,0.30523,1.249918,ZAF,GTM,8
1777198,246,93,8,2007.0,43518.0,38299.0,0.10604200000000001,1.282859,ZAF,GTM,8
1777199,246,93,8,1994.0,28734.0,16727.0,0.281213,1.268048,ZAF,GTM,8
1777200,246,93,8,2006.0,235668.0,35126.0,0.18317,1.675934,ZAF,GTM,8
1777201,246,93,8,1992.0,2438.0,5115.0,0.236335,1.415622,ZAF,GTM,8
1777202,246,93,8,1993.0,3746.0,3498.0,0.269296,1.202022,ZAF,GTM,8
1777203,246,93,8,1973.0,767.0,0.0,-0.349024,-0.13178399999999998,ZAF,GTM,8
1777204,246,93,8,1998.0,0.0,8055.0,0.344798,1.580124,ZAF,GTM,8
1777205,246,93,8,1999.0,122362.0,1203.0,0.23824,1.711371,ZAF,GTM,8
1777206,246,93,8,2000.0,9999.0,1097.0,0.304739,2.2212709999999998,ZAF,GTM,8
1777207,246,93,8,1985.0,0.0,7362.0,0.097264,0.7663409999999999,ZAF,GTM,8
1777208,246,93,8,1988.0,0.0,3000.0,-0.14610499999999998,0.304117,ZAF,GTM,8
1777209,246,93,8,1989.0,1650.0,5893.0,-0.064276,0.17919100000000002,ZAF,GTM,8
1777210,248,93,8,2002.0,36340.0,0.0,-0.36033000000000004,0.452182,ZWE,GTM,8
1777211,249,93,8,2009.0,9399707.0,107392.0,1.625275,1.0083360000000001,TWN,GTM,8
1777212,249,93,8,2010.0,11758680.0,137901.0,1.7498939999999998,1.027708,TWN,GTM,8
1777213,249,93,8,2011.0,13085303.0,551952.0,1.769091,1.196232,TWN,GTM,8
1777214,249,93,8,2016.0,10800151.0,682073.0,2.028455,1.271167,TWN,GTM,8
1777215,249,93,8,2019.0,10413972.0,1433278.0,2.0674080000000004,1.041427,TWN,GTM,8
1777216,249,93,8,2020.0,9666832.0,1439421.0,2.043519,1.072238,TWN,GTM,8
1777217,249,93,8,2013.0,12441423.0,258642.0,1.7382849999999999,0.9917739999999999,TWN,GTM,8
1777218,249,93,8,2014.0,12448879.0,631606.0,1.850481,1.081809,TWN,GTM,8
1777219,249,93,8,2001.0,7221792.0,66435.0,1.7270020000000001,1.252843,TWN,GTM,8
1777220,249,93,8,2002.0,7000157.0,37007.0,1.9084720000000002,1.253714,TWN,GTM,8
1777221,249,93,8,2005.0,8265356.0,40616.0,1.725238,1.214178,TWN,GTM,8
1777222,249,93,8,2006.0,10242755.0,119893.0,1.6683169999999998,1.230621,TWN,GTM,8
1777223,249,93,8,2007.0,11393781.0,121475.0,1.618424,1.09296,TWN,GTM,8
1777224,249,93,8,2008.0,9216214.0,122456.0,1.609569,1.054247,TWN,GTM,8
1777225,249,93,8,2012.0,12250244.0,409335.0,1.671686,0.9854729999999999,TWN,GTM,8
1777226,249,93,8,2015.0,12896794.0,570217.0,2.005274,1.3042690000000001,TWN,GTM,8
1777227,249,93,8,2017.0,14526913.0,762730.0,2.003822,1.215216,TWN,GTM,8
1777228,249,93,8,2018.0,11467219.0,1648130.0,2.0283580000000003,1.1648319999999999,TWN,GTM,8
1777229,249,93,8,2000.0,8439857.0,16843.0,1.642139,1.2375639999999999,TWN,GTM,8
1777230,249,93,8,2003.0,6037793.0,34683.0,1.885491,1.218259,TWN,GTM,8
1777231,249,93,8,2004.0,9454765.0,29090.0,1.8844150000000002,1.257951,TWN,GTM,8
1777232,249,93,8,1968.0,1322.0,0.0,1.152169,1.691066,TWN,GTM,8
1777233,249,93,8,1969.0,5388.0,0.0,1.314545,1.825704,TWN,GTM,8
1777234,249,93,8,1970.0,24275.0,0.0,1.2042030000000001,1.8731419999999999,TWN,GTM,8
1777235,249,93,8,1971.0,39069.0,0.0,1.123146,1.440067,TWN,GTM,8
1777236,249,93,8,1972.0,66878.0,0.0,1.142559,1.294032,TWN,GTM,8
1777237,249,93,8,1973.0,111064.0,0.0,0.9754360000000001,1.321309,TWN,GTM,8
1777238,249,93,8,1974.0,250725.0,0.0,0.948535,1.347091,TWN,GTM,8
1777239,249,93,8,1975.0,327812.0,0.0,0.901222,1.402678,TWN,GTM,8
1777240,249,93,8,1989.0,5066871.0,4681.0,1.245347,1.703782,TWN,GTM,8
1777241,249,93,8,1990.0,4281127.0,138340.0,1.3199290000000001,1.74427,TWN,GTM,8
1777242,249,93,8,1991.0,5694597.0,21938.0,1.339935,1.785738,TWN,GTM,8
1777243,249,93,8,1992.0,7701585.0,0.0,1.3694790000000001,1.6227559999999999,TWN,GTM,8
1777244,249,93,8,1994.0,3989037.0,17530.0,1.638657,1.695454,TWN,GTM,8
1777245,249,93,8,1997.0,7647516.0,48101.0,1.557128,1.434424,TWN,GTM,8
1777246,249,93,8,1998.0,8482481.0,13912.0,1.457882,1.4925680000000001,TWN,GTM,8
1777247,249,93,8,1999.0,7859292.0,18876.0,1.575558,1.3365719999999999,TWN,GTM,8
1777248,249,93,8,1993.0,7162110.0,77700.0,1.500474,1.620057,TWN,GTM,8
1777249,249,93,8,1967.0,1070.0,0.0,1.25375,1.8185040000000001,TWN,GTM,8
1777250,249,93,8,1996.0,4983692.0,2754.0,1.7375779999999998,1.4625860000000002,TWN,GTM,8
1777251,249,93,8,1995.0,6839046.0,0.0,1.494797,1.5116559999999999,TWN,GTM,8
1777252,249,93,8,1986.0,2470243.0,0.0,1.2396129999999999,1.6809599999999998,TWN,GTM,8
1777253,249,93,8,1988.0,4287242.0,0.0,1.121225,1.782471,TWN,GTM,8
1777254,249,93,8,1987.0,4450599.0,0.0,1.2953459999999999,1.688534,TWN,GTM,8
1777255,250,93,8,2009.0,6877392.0,3211738.0,0.47304799999999997,-0.264652,ANS,GTM,8
1777256,250,93,8,2010.0,13217264.0,5199036.0,0.37592,-0.30848200000000003,ANS,GTM,8
1777257,250,93,8,2011.0,12013231.0,23191954.0,0.222018,-0.31793299999999997,ANS,GTM,8
1777258,250,93,8,2012.0,9483492.0,16496039.0,0.34242399999999995,-0.007095999999999999,ANS,GTM,8
1777259,250,93,8,2013.0,10557584.0,19181992.0,0.583151,0.14238299999999998,ANS,GTM,8
1777260,250,93,8,2014.0,1386183.0,1522283.0,0.426964,0.138883,ANS,GTM,8
1777261,250,93,8,2015.0,0.0,19671.0,0.48647700000000005,0.038748000000000005,ANS,GTM,8
1777262,250,93,8,2019.0,108362.0,0.0,0.7145630000000001,-0.364896,ANS,GTM,8
1777263,250,93,8,2020.0,115148.0,0.0,0.940141,-0.26965300000000003,ANS,GTM,8
1777264,250,93,8,1965.0,90033.0,2348.0,1.061515,0.128385,ANS,GTM,8
1777265,250,93,8,1966.0,85310.0,3082.0,0.7935479999999999,0.182025,ANS,GTM,8
1777266,250,93,8,1967.0,90633.0,3548.0,0.790347,0.439097,ANS,GTM,8
1777267,250,93,8,1968.0,78748.0,8375.0,0.8133859999999999,0.47075900000000004,ANS,GTM,8
1777268,250,93,8,1969.0,86857.0,23341.0,0.662086,0.242439,ANS,GTM,8
1777269,250,93,8,1970.0,85511.0,37008.0,0.6549699999999999,0.197153,ANS,GTM,8
1777270,250,93,8,1971.0,97357.0,12990.0,0.740793,0.11133,ANS,GTM,8
1777271,250,93,8,1972.0,100089.0,67000.0,0.840347,0.237871,ANS,GTM,8
1777272,250,93,8,1973.0,107134.0,0.0,0.717793,0.525814,ANS,GTM,8
1777273,250,93,8,1974.0,75805.0,0.0,0.110116,0.21134499999999998,ANS,GTM,8
1777274,250,93,8,1975.0,80438.0,0.0,0.25750500000000004,0.41504300000000005,ANS,GTM,8
1777275,250,93,8,2008.0,19689152.0,4683609.0,0.5876779999999999,-0.622382,ANS,GTM,8
1777276,250,93,8,2007.0,23222829.0,4633177.0,0.619509,-0.335972,ANS,GTM,8
1777277,250,93,8,1990.0,57874.0,56346.0,0.38348000000000004,0.6315850000000001,ANS,GTM,8
1777278,250,93,8,1991.0,71949.0,93669.0,1.026399,0.9156559999999999,ANS,GTM,8
1777279,250,93,8,1996.0,147429.0,115148.0,1.153784,0.831677,ANS,GTM,8
1777280,250,93,8,1998.0,237379.0,342831.0,1.196301,1.056316,ANS,GTM,8
1777281,250,93,8,1999.0,70155.0,114253.0,1.141398,0.7875770000000001,ANS,GTM,8
1777282,250,93,8,2003.0,3139216.0,595106.0,0.37784,-0.426752,ANS,GTM,8
1777283,250,93,8,1997.0,74748.0,55266.0,1.004537,0.782725,ANS,GTM,8
1777284,250,93,8,2000.0,6388952.0,1579487.0,1.094325,-0.32521100000000003,ANS,GTM,8
1777285,250,93,8,2001.0,2793684.0,2038146.0,0.947105,-0.529946,ANS,GTM,8
1777286,250,93,8,1995.0,215762.0,187687.0,1.143615,0.960175,ANS,GTM,8
1777287,250,93,8,2005.0,4475994.0,34698530.0,0.42090900000000003,-0.56108,ANS,GTM,8
1777288,250,93,8,2006.0,1655588.0,878354.0,0.202525,-0.46324499999999996,ANS,GTM,8
1777289,250,93,8,1992.0,55804.0,83357.0,0.989994,0.977453,ANS,GTM,8
1777290,250,93,8,1993.0,197074.0,222012.0,1.129646,0.635549,ANS,GTM,8
1777291,250,93,8,1986.0,44508.0,9937.0,0.711729,1.1335709999999999,ANS,GTM,8
1777292,250,93,8,1988.0,0.0,6000.0,0.373583,0.43471499999999996,ANS,GTM,8
1777293,250,93,8,1987.0,52180.0,6374.0,0.656133,0.787391,ANS,GTM,8
1777294,250,93,8,1989.0,53791.0,20606.0,0.44576800000000005,0.609138,ANS,GTM,8
1777295,250,93,8,1994.0,0.0,19000.0,1.2408629999999998,0.893178,ANS,GTM,8
1777296,250,93,8,2002.0,762522.0,310377.0,0.5979300000000001,-0.497816,ANS,GTM,8
1777297,250,93,8,2004.0,3610728.0,1965056.0,0.46240200000000004,-0.406624,ANS,GTM,8
1777298,0,96,8,2018.0,11096.0,0.0,0.800212,0.174964,ABW,GUY,8
1777299,0,96,8,2007.0,0.0,16060.0,-0.459232,-0.8233299999999999,ABW,GUY,8
1777300,0,96,8,1999.0,1216.0,0.0,-0.431539,-0.886468,ABW,GUY,8
1777301,2,96,8,2010.0,0.0,8356.0,-1.59643,-1.179344,AGO,GUY,8
1777302,2,96,8,2007.0,0.0,261450.0,-1.7943200000000001,-1.2032459999999998,AGO,GUY,8
1777303,2,96,8,2012.0,0.0,64264.0,-1.610059,-1.1253739999999999,AGO,GUY,8
1777304,2,96,8,2013.0,0.0,8318.0,-1.240877,-1.073797,AGO,GUY,8
1777305,3,96,8,2004.0,0.0,1084.0,1.215071,0.143539,AIA,GUY,8
1777306,3,96,8,2006.0,0.0,47956.0,1.2846959999999998,-0.19459100000000001,AIA,GUY,8
1777307,3,96,8,2007.0,0.0,12498.0,1.248605,0.265462,AIA,GUY,8
1777308,3,96,8,2012.0,22374.0,0.0,1.539285,0.52746,AIA,GUY,8
1777309,3,96,8,2005.0,0.0,9967.0,1.099483,-0.156309,AIA,GUY,8
1777310,3,96,8,2009.0,0.0,6106.0,1.487801,0.277024,AIA,GUY,8
1777311,3,96,8,2010.0,1155.0,5602.0,1.438767,0.43844399999999994,AIA,GUY,8
1777312,5,96,8,2014.0,1627.0,0.0,0.512367,-0.438594,AND,GUY,8
1777313,5,96,8,2018.0,1151.0,0.0,1.024277,0.7635689999999999,AND,GUY,8
1777314,6,96,8,2005.0,126690.0,30669.0,-0.185055,-0.760134,ANT,GUY,8
1777315,6,96,8,2006.0,114138.0,6736.0,0.0063100000000000005,-0.61161,ANT,GUY,8
1777316,6,96,8,2007.0,318780.0,6538.0,0.08302799999999999,-0.553191,ANT,GUY,8
1777317,6,96,8,2008.0,178997.0,88853.0,0.099579,-0.602636,ANT,GUY,8
1777318,6,96,8,2009.0,181354.0,36370.0,0.073739,-0.74953,ANT,GUY,8
1777319,6,96,8,2010.0,366375.0,1543.0,-0.280542,-0.8686719999999999,ANT,GUY,8
1777320,6,96,8,2000.0,260134.0,1779.0,0.25759099999999996,-0.555668,ANT,GUY,8
1777321,6,96,8,2001.0,550305.0,2280.0,-0.17823699999999998,-0.814499,ANT,GUY,8
1777322,6,96,8,2002.0,377203.0,4986.0,0.145946,-0.704052,ANT,GUY,8
1777323,6,96,8,2003.0,347735.0,5479.0,-0.089391,-0.7222430000000001,ANT,GUY,8
1777324,6,96,8,2004.0,236324.0,0.0,0.080304,-0.634516,ANT,GUY,8
1777325,6,96,8,1973.0,11401.0,0.0,0.020674,-0.207117,ANT,GUY,8
1777326,6,96,8,1974.0,4900.0,0.0,0.080864,-0.109258,ANT,GUY,8
1777327,6,96,8,1975.0,3060.0,0.0,-0.5661010000000001,-0.44354,ANT,GUY,8
1777328,6,96,8,1991.0,226274.0,0.0,0.367845,-0.460477,ANT,GUY,8
1777329,6,96,8,1992.0,314557.0,0.0,0.258484,-0.47236000000000006,ANT,GUY,8
1777330,6,96,8,1997.0,226903.0,0.0,-0.027541000000000003,-0.56389,ANT,GUY,8
1777331,6,96,8,1999.0,139799.0,1926.0,0.22335500000000003,-0.48549,ANT,GUY,8
1777332,6,96,8,1998.0,198858.0,1000.0,0.210747,-0.38521,ANT,GUY,8
1777333,7,96,8,2013.0,307651.0,74317.0,-0.338417,-0.754102,ARE,GUY,8
1777334,7,96,8,2017.0,450413.0,0.0,0.222875,-0.204271,ARE,GUY,8
1777335,7,96,8,2018.0,217053.0,0.0,-0.020214,-0.570049,ARE,GUY,8
1777336,7,96,8,2019.0,124856.0,0.0,-0.530303,-0.996919,ARE,GUY,8
1777337,7,96,8,2020.0,596103.0,36240.0,-0.733889,-1.056165,ARE,GUY,8
1777338,7,96,8,2012.0,497936.0,0.0,0.256232,-0.46518400000000004,ARE,GUY,8
1777339,7,96,8,2014.0,236418.0,0.0,-0.121018,-0.51841,ARE,GUY,8
1777340,7,96,8,2016.0,417407.0,0.0,-0.019275,-0.18309,ARE,GUY,8
1777341,7,96,8,2008.0,33194.0,201622.0,-0.066826,-0.634125,ARE,GUY,8
1777342,7,96,8,2007.0,173605.0,0.0,-0.23537199999999997,-0.620794,ARE,GUY,8
1777343,7,96,8,2015.0,300036.0,1124.0,-0.055111,-0.43007399999999996,ARE,GUY,8
1777344,7,96,8,2011.0,241960.0,3647706.0,-0.117289,-0.46483599999999997,ARE,GUY,8
1777345,7,96,8,2005.0,63484.0,0.0,-0.10233099999999999,-0.486178,ARE,GUY,8
1777346,7,96,8,2009.0,143820.0,0.0,-0.339638,-0.8333940000000001,ARE,GUY,8
1777347,7,96,8,2010.0,213902.0,2900384.0,-0.013371000000000001,-0.39050300000000004,ARE,GUY,8
1777348,7,96,8,2006.0,148950.0,0.0,-0.12063900000000001,-0.817929,ARE,GUY,8
1777349,7,96,8,1999.0,9612.0,0.0,-0.33226,-0.582719,ARE,GUY,8
1777350,8,96,8,2003.0,349920.0,0.0,0.045321,0.659799,ARG,GUY,8
1777351,8,96,8,2004.0,142227.0,0.0,-0.070845,0.879574,ARG,GUY,8
1777352,8,96,8,2005.0,258275.0,0.0,0.14709,0.947398,ARG,GUY,8
1777353,8,96,8,2006.0,226564.0,0.0,0.076917,1.06231,ARG,GUY,8
1777354,8,96,8,2007.0,305496.0,0.0,-0.044801,0.770332,ARG,GUY,8
1777355,8,96,8,2008.0,593497.0,0.0,0.096026,0.759927,ARG,GUY,8
1777356,8,96,8,2009.0,97866.0,0.0,0.138952,0.8575149999999999,ARG,GUY,8
1777357,8,96,8,2010.0,119191.0,0.0,0.052101,0.722831,ARG,GUY,8
1777358,8,96,8,2011.0,30842.0,0.0,-0.0037560000000000002,0.583338,ARG,GUY,8
1777359,8,96,8,2012.0,2356.0,0.0,-0.019015,0.548292,ARG,GUY,8
1777360,8,96,8,2013.0,1490.0,0.0,0.042829,0.461002,ARG,GUY,8
1777361,8,96,8,2015.0,2261.0,0.0,-0.14443499999999998,0.461733,ARG,GUY,8
1777362,8,96,8,2019.0,2728.0,0.0,-0.25212199999999996,0.213536,ARG,GUY,8
1777363,8,96,8,2001.0,67638.0,0.0,0.11289,0.916845,ARG,GUY,8
1777364,8,96,8,1973.0,0.0,1381.0,0.191245,0.47102,ARG,GUY,8
1777365,8,96,8,1986.0,175767.0,0.0,0.05454199999999999,0.352452,ARG,GUY,8
1777366,8,96,8,1991.0,2363.0,0.0,0.11498,0.566391,ARG,GUY,8
1777367,8,96,8,1997.0,60968.0,0.0,0.072589,0.965456,ARG,GUY,8
1777368,8,96,8,1998.0,20817.0,0.0,0.051266,0.7827189999999999,ARG,GUY,8
1777369,8,96,8,1999.0,11962.0,0.0,0.096776,0.797369,ARG,GUY,8
1777370,8,96,8,2000.0,23222.0,0.0,0.140533,0.888049,ARG,GUY,8
1777371,8,96,8,2002.0,67701.0,0.0,0.045376,0.71768,ARG,GUY,8
1777372,13,96,8,2005.0,8656.0,52105.0,-0.315013,-0.8625200000000001,ATG,GUY,8
1777373,13,96,8,2006.0,37057.0,77717.0,-0.49273500000000003,-0.92522,ATG,GUY,8
1777374,13,96,8,2000.0,0.0,223488.0,0.146899,-0.622011,ATG,GUY,8
1777375,13,96,8,2002.0,4583.0,199078.0,0.23995500000000003,-0.754877,ATG,GUY,8
1777376,13,96,8,2004.0,1999.0,38035.0,-0.28271,-0.850197,ATG,GUY,8
1777377,13,96,8,2007.0,3402.0,171832.0,0.510942,-0.14190999999999998,ATG,GUY,8
1777378,13,96,8,2009.0,0.0,78404.0,1.012882,0.298989,ATG,GUY,8
1777379,13,96,8,2010.0,9686.0,15081.0,1.200225,1.072819,ATG,GUY,8
1777380,13,96,8,2011.0,6145.0,7173.0,-0.054315999999999996,-0.31201,ATG,GUY,8
1777381,13,96,8,2014.0,23209.0,6054.0,0.048253,-0.618061,ATG,GUY,8
1777382,13,96,8,2015.0,10773.0,1113.0,0.32743099999999997,-0.475214,ATG,GUY,8
1777383,13,96,8,2017.0,1262.0,25942.0,0.314372,-0.432988,ATG,GUY,8
1777384,13,96,8,2018.0,278853.0,33005.0,-0.120975,-0.721043,ATG,GUY,8
1777385,13,96,8,2019.0,0.0,75711.0,0.28558,-0.7097979999999999,ATG,GUY,8
1777386,13,96,8,2012.0,0.0,6107.0,0.891969,1.130457,ATG,GUY,8
1777387,13,96,8,2003.0,120129.0,95788.0,-0.21675500000000003,-0.707032,ATG,GUY,8
1777388,13,96,8,1999.0,0.0,112976.0,0.549733,0.5062909999999999,ATG,GUY,8
1777389,13,96,8,2001.0,67967.0,229409.0,-0.178808,-0.795151,ATG,GUY,8
1777390,13,96,8,2008.0,8765.0,90841.0,0.906905,0.186664,ATG,GUY,8
1777391,13,96,8,2013.0,39677.0,8625.0,0.25821500000000003,-0.383761,ATG,GUY,8
1777392,13,96,8,2016.0,3843.0,5108.0,0.141771,-0.503847,ATG,GUY,8
1777393,13,96,8,2020.0,1107.0,4771.0,-0.393902,-0.882501,ATG,GUY,8
1777394,13,96,8,1970.0,0.0,37723.0,2.232887,-0.011940000000000001,ATG,GUY,8
1777395,13,96,8,1978.0,0.0,75237.0,1.363893,0.33043,ATG,GUY,8
1777396,13,96,8,1991.0,51286.0,0.0,0.6907989999999999,-0.12206099999999999,ATG,GUY,8
1777397,13,96,8,1997.0,0.0,140000.0,0.545288,-0.20344500000000001,ATG,GUY,8
1777398,13,96,8,1973.0,53696.0,48232.0,0.659904,-0.15499300000000002,ATG,GUY,8
1777399,13,96,8,1998.0,0.0,199000.0,0.37434,-0.11943499999999999,ATG,GUY,8
1777400,13,96,8,1975.0,122706.0,24724.0,0.125496,-0.277587,ATG,GUY,8
1777401,13,96,8,1974.0,93150.0,34389.0,0.59925,-0.04484,ATG,GUY,8
1777402,13,96,8,1977.0,0.0,85694.0,1.249617,0.509053,ATG,GUY,8
1777403,13,96,8,1971.0,19348.0,42435.0,0.160237,-0.25808200000000003,ATG,GUY,8
1777404,13,96,8,1972.0,22042.0,31560.0,-0.102602,-0.24664,ATG,GUY,8
1777405,14,96,8,2005.0,10196.0,0.0,-0.136324,0.442158,AUS,GUY,8
1777406,14,96,8,2001.0,39136.0,0.0,-0.12189000000000001,0.7281770000000001,AUS,GUY,8
1777407,14,96,8,2004.0,1265.0,1314.0,-0.198735,0.81543,AUS,GUY,8
1777408,14,96,8,1969.0,5989.0,64125.0,0.111699,-0.04987,AUS,GUY,8
1777409,14,96,8,1971.0,20009.0,0.0,0.019735,0.02329,AUS,GUY,8
1777410,14,96,8,1972.0,19292.0,108864.0,-0.011342,0.078894,AUS,GUY,8
1777411,14,96,8,1973.0,73413.0,0.0,-0.12833599999999998,-0.058471,AUS,GUY,8
1777412,14,96,8,1974.0,2754.0,0.0,0.102724,0.198399,AUS,GUY,8
1777413,14,96,8,1979.0,6634.0,0.0,0.09590599999999999,0.559419,AUS,GUY,8
1777414,14,96,8,1992.0,25329.0,0.0,0.083812,0.637224,AUS,GUY,8
1777415,14,96,8,1998.0,1370.0,0.0,0.023046,0.778283,AUS,GUY,8
1777416,14,96,8,1999.0,6277.0,0.0,-0.06909,0.80382,AUS,GUY,8
1777417,14,96,8,2002.0,5548.0,0.0,-0.052462,0.759617,AUS,GUY,8
1777418,14,96,8,2003.0,1958.0,2614.0,-0.01927,0.787129,AUS,GUY,8
1777419,14,96,8,2006.0,9172.0,21441.0,-0.183265,0.564314,AUS,GUY,8
1777420,14,96,8,2007.0,48669.0,0.0,-0.099254,0.459909,AUS,GUY,8
1777421,14,96,8,2008.0,9929.0,0.0,-0.397162,0.034979,AUS,GUY,8
1777422,14,96,8,2009.0,11697.0,1133.0,-0.358236,0.139989,AUS,GUY,8
1777423,14,96,8,2010.0,28527.0,0.0,-0.477523,-0.035064,AUS,GUY,8
1777424,14,96,8,2011.0,124206.0,0.0,-0.41334399999999993,-0.095997,AUS,GUY,8
1777425,14,96,8,2012.0,158852.0,18341.0,-0.537197,-0.22305300000000003,AUS,GUY,8
1777426,14,96,8,2013.0,14704.0,13399.0,-0.63369,-0.276328,AUS,GUY,8
1777427,14,96,8,2014.0,196258.0,5626.0,-0.587779,-0.29813,AUS,GUY,8
1777428,14,96,8,2015.0,72200.0,16950.0,-0.480241,-0.046308999999999996,AUS,GUY,8
1777429,14,96,8,2016.0,155218.0,17465.0,-0.585613,-0.245365,AUS,GUY,8
1777430,14,96,8,2017.0,500896.0,18746.0,-0.598537,-0.23571,AUS,GUY,8
1777431,14,96,8,2018.0,62024.0,8926.0,-0.5578930000000001,-0.15666300000000002,AUS,GUY,8
1777432,14,96,8,2019.0,80445.0,0.0,-0.479483,-0.31040999999999996,AUS,GUY,8
1777433,14,96,8,2020.0,56847.0,0.0,-0.523888,-0.29143600000000003,AUS,GUY,8
1777434,14,96,8,1981.0,1197.0,0.0,0.073939,0.704983,AUS,GUY,8
1777435,14,96,8,1997.0,1849.0,4837.0,-0.033861,0.647668,AUS,GUY,8
1777436,14,96,8,1975.0,6464.0,25200.0,-0.007193000000000001,0.31486,AUS,GUY,8
1777437,14,96,8,1980.0,5853.0,0.0,0.115151,0.53764,AUS,GUY,8
1777438,14,96,8,1989.0,0.0,7596.0,0.075613,0.524821,AUS,GUY,8
1777439,14,96,8,1967.0,1266.0,317630.0,0.24582600000000002,-0.050793,AUS,GUY,8
1777440,14,96,8,2000.0,19098.0,0.0,0.039636000000000005,1.001203,AUS,GUY,8
1777441,14,96,8,1993.0,9230.0,0.0,0.14340999999999998,0.673521,AUS,GUY,8
1777442,14,96,8,1970.0,61597.0,0.0,0.012313,-0.13783800000000002,AUS,GUY,8
1777443,14,96,8,1965.0,3481.0,0.0,0.25408200000000003,-0.186932,AUS,GUY,8
1777444,14,96,8,1968.0,4468.0,0.0,0.215398,0.115257,AUS,GUY,8
1777445,15,96,8,1995.0,12896.0,2097.0,2.066799,0.43970299999999995,AUT,GUY,8
1777446,15,96,8,1999.0,2696.0,0.0,1.8405310000000001,0.5337350000000001,AUT,GUY,8
1777447,15,96,8,2005.0,1310.0,0.0,1.884941,-0.037591,AUT,GUY,8
1777448,15,96,8,2011.0,3103.0,0.0,1.7686689999999998,-0.714754,AUT,GUY,8
1777449,15,96,8,2016.0,280209.0,1338.0,1.743944,-0.051155,AUT,GUY,8
1777450,15,96,8,2007.0,26228.0,0.0,1.787666,-0.678863,AUT,GUY,8
1777451,15,96,8,2008.0,5245.0,0.0,1.7179959999999999,-0.8444709999999999,AUT,GUY,8
1777452,15,96,8,2010.0,49303.0,0.0,1.8190060000000001,-0.6441439999999999,AUT,GUY,8
1777453,15,96,8,2012.0,1755.0,0.0,1.710955,-0.8860399999999999,AUT,GUY,8
1777454,15,96,8,2013.0,101722.0,0.0,1.855434,-1.06494,AUT,GUY,8
1777455,15,96,8,2014.0,117756.0,8628.0,1.782532,-0.84455,AUT,GUY,8
1777456,15,96,8,2015.0,387041.0,0.0,1.85844,-0.537455,AUT,GUY,8
1777457,15,96,8,2017.0,11906.0,0.0,1.722766,-0.077938,AUT,GUY,8
1777458,15,96,8,2018.0,63024.0,0.0,1.798687,-0.557271,AUT,GUY,8
1777459,15,96,8,2019.0,82806.0,0.0,1.7627810000000002,-0.256891,AUT,GUY,8
1777460,15,96,8,2020.0,22556.0,0.0,1.695555,-0.14757699999999999,AUT,GUY,8
1777461,15,96,8,2001.0,7222.0,0.0,1.8987740000000002,0.45922700000000005,AUT,GUY,8
1777462,15,96,8,1968.0,5883.0,0.0,1.94925,1.6721810000000001,AUT,GUY,8
1777463,15,96,8,1971.0,6413.0,0.0,1.984568,0.9571209999999999,AUT,GUY,8
1777464,15,96,8,1980.0,10879.0,0.0,1.560632,0.525413,AUT,GUY,8
1777465,15,96,8,1981.0,2629.0,0.0,1.5699100000000001,0.303125,AUT,GUY,8
1777466,15,96,8,1988.0,1962.0,0.0,1.8688369999999999,1.0031459999999999,AUT,GUY,8
1777467,15,96,8,1965.0,9172.0,0.0,2.128641,2.558615,AUT,GUY,8
1777468,15,96,8,1989.0,9105.0,0.0,1.9229009999999997,0.8210799999999999,AUT,GUY,8
1777469,15,96,8,1991.0,35641.0,0.0,1.996156,0.975916,AUT,GUY,8
1777470,15,96,8,1992.0,40767.0,0.0,1.975207,0.669388,AUT,GUY,8
1777471,15,96,8,1993.0,6876.0,0.0,1.998111,0.504157,AUT,GUY,8
1777472,18,96,8,1991.0,112723.0,0.0,1.542643,1.739768,BEL,GUY,8
1777473,18,96,8,1992.0,64345.0,0.0,1.449085,1.622957,BEL,GUY,8
1777474,18,96,8,1993.0,91237.0,0.0,1.5457040000000002,1.4449379999999998,BEL,GUY,8
1777475,18,96,8,1994.0,14279.0,3728.0,1.481468,1.5816299999999999,BEL,GUY,8
1777476,18,96,8,1995.0,37872.0,0.0,1.565464,1.38388,BEL,GUY,8
1777477,18,96,8,1996.0,174363.0,1644.0,1.5604850000000001,1.30819,BEL,GUY,8
1777478,18,96,8,1997.0,70284.0,0.0,1.470183,1.312167,BEL,GUY,8
1777479,18,96,8,1998.0,47420.0,0.0,1.429865,1.329693,BEL,GUY,8
1777480,18,96,8,1999.0,28537.0,0.0,1.4232719999999999,1.311186,BEL,GUY,8
1777481,18,96,8,2000.0,35712.0,0.0,1.382578,1.406981,BEL,GUY,8
1777482,18,96,8,2001.0,45505.0,0.0,1.425483,1.3072409999999999,BEL,GUY,8
1777483,18,96,8,2002.0,21554.0,0.0,1.424339,1.372755,BEL,GUY,8
1777484,18,96,8,2003.0,39860.0,0.0,1.3965020000000001,1.345869,BEL,GUY,8
1777485,18,96,8,2004.0,58953.0,0.0,1.242665,1.541444,BEL,GUY,8
1777486,18,96,8,2005.0,115693.0,8548.0,1.2539719999999999,1.3787459999999998,BEL,GUY,8
1777487,18,96,8,2006.0,37043.0,8093.0,1.234224,1.308065,BEL,GUY,8
1777488,18,96,8,2007.0,82224.0,6030.0,1.137469,1.307238,BEL,GUY,8
1777489,18,96,8,2008.0,39260.0,7419.0,1.177315,1.140815,BEL,GUY,8
1777490,18,96,8,2009.0,29778.0,0.0,1.2113450000000001,1.057143,BEL,GUY,8
1777491,18,96,8,2010.0,47907.0,758742.0,1.1759540000000002,1.181653,BEL,GUY,8
1777492,18,96,8,2011.0,29574.0,30123.0,1.13059,1.329762,BEL,GUY,8
1777493,18,96,8,2012.0,83310.0,17326.0,1.06425,1.369205,BEL,GUY,8
1777494,18,96,8,2013.0,66103.0,8816.0,1.198491,1.117268,BEL,GUY,8
1777495,18,96,8,2014.0,23721.0,2529.0,1.182934,1.1967139999999998,BEL,GUY,8
1777496,18,96,8,2015.0,29120.0,0.0,1.312864,0.9788950000000001,BEL,GUY,8
1777497,18,96,8,2016.0,0.0,1489.0,1.2947110000000002,1.113058,BEL,GUY,8
1777498,18,96,8,2017.0,3931.0,0.0,1.2396969999999998,1.1699760000000001,BEL,GUY,8
1777499,18,96,8,2018.0,43610.0,1451.0,1.244674,1.1368969999999998,BEL,GUY,8
1777500,18,96,8,2019.0,49939.0,2747.0,1.187591,1.2584870000000001,BEL,GUY,8
1777501,18,96,8,2020.0,19986.0,0.0,1.1330120000000001,1.331307,BEL,GUY,8
1777502,18,96,8,1969.0,3391.0,0.0,1.558182,2.5095509999999996,BEL,GUY,8
1777503,18,96,8,1970.0,39005.0,0.0,1.5717430000000001,2.276796,BEL,GUY,8
1777504,18,96,8,1971.0,19952.0,0.0,1.495689,2.262083,BEL,GUY,8
1777505,18,96,8,1972.0,19965.0,657.0,1.5809819999999999,2.273831,BEL,GUY,8
1777506,18,96,8,1973.0,26817.0,0.0,1.617181,2.131417,BEL,GUY,8
1777507,18,96,8,1974.0,26843.0,0.0,1.38634,1.794044,BEL,GUY,8
1777508,18,96,8,1975.0,93756.0,0.0,1.435066,1.664654,BEL,GUY,8
1777509,18,96,8,1978.0,54202.0,0.0,1.5812,1.731109,BEL,GUY,8
1777510,18,96,8,1979.0,4135.0,0.0,1.48668,1.842152,BEL,GUY,8
1777511,18,96,8,1980.0,133829.0,0.0,1.361474,1.655957,BEL,GUY,8
1777512,18,96,8,1981.0,933.0,9289.0,1.3510309999999999,1.5635370000000002,BEL,GUY,8
1777513,18,96,8,1982.0,6582.0,0.0,1.344484,1.731539,BEL,GUY,8
1777514,18,96,8,1983.0,5129.0,0.0,1.371523,1.816687,BEL,GUY,8
1777515,18,96,8,1984.0,56421.0,57314.0,1.429893,1.7038919999999997,BEL,GUY,8
1777516,18,96,8,1985.0,3032.0,0.0,1.4597870000000002,1.817793,BEL,GUY,8
1777517,18,96,8,1986.0,33530.0,0.0,1.455742,2.022887,BEL,GUY,8
1777518,18,96,8,1987.0,6483.0,0.0,1.4290200000000002,1.870408,BEL,GUY,8
1777519,18,96,8,1988.0,37783.0,0.0,1.4461,1.711466,BEL,GUY,8
1777520,18,96,8,1989.0,83752.0,0.0,1.40839,1.7769849999999998,BEL,GUY,8
1777521,18,96,8,1990.0,97339.0,0.0,1.448885,1.8094419999999998,BEL,GUY,8
1777522,18,96,8,1962.0,5294.0,0.0,1.67575,2.613793,BEL,GUY,8
1777523,18,96,8,1963.0,1806.0,0.0,1.605264,2.751802,BEL,GUY,8
1777524,18,96,8,1964.0,13381.0,0.0,1.601512,2.7461889999999998,BEL,GUY,8
1777525,18,96,8,1965.0,3590.0,0.0,1.6468479999999999,2.740453,BEL,GUY,8
1777526,18,96,8,1966.0,2208.0,0.0,1.564819,2.587675,BEL,GUY,8
1777527,18,96,8,1967.0,2136.0,0.0,1.4808780000000001,2.584445,BEL,GUY,8
1777528,19,96,8,2005.0,14602.0,0.0,-0.9706549999999999,-0.861241,BEN,GUY,8
1777529,22,96,8,2008.0,0.0,13806.0,-0.5979479999999999,-0.74946,BGD,GUY,8
1777530,23,96,8,2011.0,15749.0,0.0,0.62812,1.6978799999999998,BGR,GUY,8
1777531,23,96,8,2015.0,77169.0,0.0,0.469555,1.70135,BGR,GUY,8
1777532,23,96,8,2016.0,494074.0,0.0,0.509062,1.804648,BGR,GUY,8
1777533,23,96,8,2017.0,127861.0,0.0,0.563342,1.744989,BGR,GUY,8
1777534,23,96,8,2019.0,2592.0,0.0,0.53485,2.000372,BGR,GUY,8
1777535,23,96,8,2010.0,1798.0,0.0,0.478274,1.682027,BGR,GUY,8
1777536,23,96,8,2012.0,104597.0,0.0,0.601161,1.594487,BGR,GUY,8
1777537,23,96,8,2014.0,116772.0,0.0,0.611912,1.594597,BGR,GUY,8
1777538,24,96,8,2017.0,180592.0,0.0,0.160574,-0.708064,BHR,GUY,8
1777539,24,96,8,2019.0,216638.0,0.0,0.159606,-0.774204,BHR,GUY,8
1777540,24,96,8,2020.0,354764.0,0.0,0.108673,-0.760504,BHR,GUY,8
1777541,25,96,8,2004.0,25849.0,0.0,0.029548,-0.692239,BHS,GUY,8
1777542,25,96,8,2007.0,7474.0,7006.0,0.315345,-0.674126,BHS,GUY,8
1777543,25,96,8,2009.0,2137.0,41238.0,0.265309,-0.599584,BHS,GUY,8
1777544,25,96,8,2010.0,0.0,21290.0,0.018022,-0.77685,BHS,GUY,8
1777545,25,96,8,2012.0,15084.0,1846.0,0.37130799999999997,-0.526134,BHS,GUY,8
1777546,25,96,8,2013.0,15714.0,0.0,0.496435,-0.324394,BHS,GUY,8
1777547,25,96,8,2015.0,0.0,68549.0,0.41085699999999997,-0.40324299999999996,BHS,GUY,8
1777548,25,96,8,2016.0,0.0,21982.0,0.453269,-0.48267899999999997,BHS,GUY,8
1777549,25,96,8,2002.0,22241.0,0.0,0.035127,-0.536416,BHS,GUY,8
1777550,25,96,8,2017.0,0.0,42719.0,0.677207,-0.45096899999999995,BHS,GUY,8
1777551,25,96,8,2018.0,0.0,46512.0,0.359908,-0.445567,BHS,GUY,8
1777552,25,96,8,2008.0,0.0,7264.0,0.313392,-0.534918,BHS,GUY,8
1777553,28,96,8,2013.0,3608.0,0.0,1.183522,0.934159,BLR,GUY,8
1777554,29,96,8,2019.0,1102.0,0.0,-0.370784,-0.6435649999999999,BLZ,GUY,8
1777555,29,96,8,2005.0,8443.0,0.0,-0.571723,-0.7952020000000001,BLZ,GUY,8
1777556,29,96,8,2011.0,121041.0,0.0,-0.47944899999999996,-0.647525,BLZ,GUY,8
1777557,29,96,8,2012.0,44117.0,0.0,-0.5242899999999999,-0.673233,BLZ,GUY,8
1777558,29,96,8,2014.0,15892.0,0.0,-0.15501700000000002,-0.507759,BLZ,GUY,8
1777559,29,96,8,2018.0,0.0,9346.0,-0.242696,-0.558757,BLZ,GUY,8
1777560,29,96,8,2016.0,1706.0,9523.0,-0.460532,-0.6068899999999999,BLZ,GUY,8
1777561,29,96,8,1999.0,33351.0,12980.0,-0.723428,-0.967884,BLZ,GUY,8
1777562,29,96,8,2006.0,17558.0,0.0,-0.275783,-0.6653439999999999,BLZ,GUY,8
1777563,29,96,8,1996.0,38451.0,0.0,-0.267716,-0.651034,BLZ,GUY,8
1777564,29,96,8,2002.0,24388.0,0.0,-0.553335,-0.753058,BLZ,GUY,8
1777565,29,96,8,2003.0,91488.0,1594.0,-0.546138,-0.7877810000000001,BLZ,GUY,8
1777566,29,96,8,2004.0,26757.0,0.0,-0.528459,-0.739219,BLZ,GUY,8
1777567,29,96,8,1997.0,73778.0,0.0,-0.640252,-0.833937,BLZ,GUY,8
1777568,29,96,8,1998.0,33282.0,0.0,-0.220329,-0.585079,BLZ,GUY,8
1777569,29,96,8,2000.0,12777.0,0.0,-0.762942,-0.794567,BLZ,GUY,8
1777570,29,96,8,2001.0,77316.0,0.0,-0.356917,-0.73121,BLZ,GUY,8
1777571,29,96,8,2010.0,177789.0,0.0,-1.02478,-1.0384719999999998,BLZ,GUY,8
1777572,29,96,8,2017.0,45266.0,3614.0,-0.285105,-0.8471270000000001,BLZ,GUY,8
1777573,30,96,8,2018.0,0.0,121007.0,0.423382,-0.559448,BMU,GUY,8
1777574,30,96,8,2005.0,0.0,2127.0,0.114396,-0.773197,BMU,GUY,8
1777575,30,96,8,2011.0,103881.0,0.0,0.077269,-0.647148,BMU,GUY,8
1777576,31,96,8,2011.0,148531.0,0.0,-0.90749,-0.9226610000000001,BOL,GUY,8
1777577,32,96,8,1994.0,264348.0,0.0,0.634626,1.468692,BRA,GUY,8
1777578,32,96,8,1995.0,353792.0,0.0,0.840124,1.3777620000000002,BRA,GUY,8
1777579,32,96,8,1996.0,174263.0,0.0,0.8087340000000001,1.370183,BRA,GUY,8
1777580,32,96,8,2000.0,478505.0,0.0,0.853466,1.28277,BRA,GUY,8
1777581,32,96,8,2001.0,393497.0,0.0,0.658473,1.328637,BRA,GUY,8
1777582,32,96,8,2002.0,1067352.0,0.0,0.631343,1.249344,BRA,GUY,8
1777583,32,96,8,2003.0,1828361.0,0.0,0.636739,1.422593,BRA,GUY,8
1777584,32,96,8,2004.0,2259404.0,0.0,0.504233,1.567879,BRA,GUY,8
1777585,32,96,8,2005.0,2417458.0,0.0,0.659417,1.464387,BRA,GUY,8
1777586,32,96,8,2006.0,2719665.0,1876.0,0.622959,1.413527,BRA,GUY,8
1777587,32,96,8,2007.0,2586940.0,26249.0,0.51831,1.614108,BRA,GUY,8
1777588,32,96,8,2008.0,2548188.0,5376.0,0.385655,1.418048,BRA,GUY,8
1777589,32,96,8,2009.0,2272466.0,18655.0,0.296808,1.313037,BRA,GUY,8
1777590,32,96,8,2010.0,2211993.0,19963.0,0.441241,0.953598,BRA,GUY,8
1777591,32,96,8,2011.0,2764437.0,0.0,0.376133,0.9917309999999999,BRA,GUY,8
1777592,32,96,8,2012.0,2397481.0,0.0,0.340455,0.9006790000000001,BRA,GUY,8
1777593,32,96,8,2013.0,2646323.0,0.0,0.2804,0.649729,BRA,GUY,8
1777594,32,96,8,2014.0,1707948.0,18380.0,0.23286700000000002,0.968366,BRA,GUY,8
1777595,32,96,8,2015.0,1937772.0,6994.0,0.199345,1.110105,BRA,GUY,8
1777596,32,96,8,2016.0,1821613.0,0.0,0.284988,1.031028,BRA,GUY,8
1777597,32,96,8,2017.0,2434474.0,71094.0,0.103119,0.808438,BRA,GUY,8
1777598,32,96,8,2018.0,1554812.0,15098.0,0.166542,0.718965,BRA,GUY,8
1777599,32,96,8,2019.0,3234362.0,4467.0,0.101636,0.802085,BRA,GUY,8
1777600,32,96,8,2020.0,1630693.0,138422.0,0.034564,0.6932149999999999,BRA,GUY,8
1777601,32,96,8,1993.0,72816.0,0.0,0.7104239999999999,1.5236299999999998,BRA,GUY,8
1777602,32,96,8,1972.0,35219.0,15415.0,-0.33731300000000003,-0.271623,BRA,GUY,8
1777603,32,96,8,1973.0,25000.0,19142.0,-0.23999,-0.170735,BRA,GUY,8
1777604,32,96,8,1975.0,83179.0,26238.0,0.09979,0.640738,BRA,GUY,8
1777605,32,96,8,1988.0,1700832.0,0.0,0.456107,1.463359,BRA,GUY,8
1777606,32,96,8,1989.0,85686.0,0.0,0.497179,1.211335,BRA,GUY,8
1777607,32,96,8,1990.0,16524.0,0.0,0.576448,1.258768,BRA,GUY,8
1777608,32,96,8,1991.0,76444.0,0.0,0.664515,1.463241,BRA,GUY,8
1777609,32,96,8,1997.0,291350.0,0.0,0.805759,1.249182,BRA,GUY,8
1777610,32,96,8,1998.0,314575.0,0.0,0.820327,1.213283,BRA,GUY,8
1777611,32,96,8,1999.0,378539.0,0.0,0.624962,1.313926,BRA,GUY,8
1777612,32,96,8,1968.0,0.0,188604.0,-0.325932,-0.334875,BRA,GUY,8
1777613,32,96,8,1970.0,0.0,109496.0,-0.405434,-0.331689,BRA,GUY,8
1777614,32,96,8,1971.0,3357.0,39898.0,-0.326897,-0.229088,BRA,GUY,8
1777615,32,96,8,1974.0,63611.0,0.0,0.236576,0.69191,BRA,GUY,8
1777616,32,96,8,1983.0,2596.0,0.0,0.299189,1.09144,BRA,GUY,8
1777617,32,96,8,1984.0,81458.0,0.0,0.41430500000000003,1.122191,BRA,GUY,8
1777618,32,96,8,1985.0,153964.0,0.0,0.379884,1.228176,BRA,GUY,8
1777619,32,96,8,1986.0,525611.0,0.0,0.5119,1.4109459999999998,BRA,GUY,8
1777620,32,96,8,1987.0,732527.0,0.0,0.467053,1.22007,BRA,GUY,8
1777621,32,96,8,1992.0,38579.0,0.0,0.685144,1.5676709999999998,BRA,GUY,8
1777622,33,96,8,1990.0,208015.0,220779.0,0.7723869999999999,0.458751,BRB,GUY,8
1777623,33,96,8,1991.0,159120.0,528859.0,0.86206,0.328385,BRB,GUY,8
1777624,33,96,8,1992.0,159899.0,610295.0,0.9121950000000001,0.413592,BRB,GUY,8
1777625,33,96,8,1993.0,332173.0,617885.0,0.871693,0.38106100000000004,BRB,GUY,8
1777626,33,96,8,1994.0,188363.0,669086.0,0.992764,0.554092,BRB,GUY,8
1777627,33,96,8,1997.0,933563.0,881643.0,0.916416,0.490241,BRB,GUY,8
1777628,33,96,8,1998.0,940974.0,855846.0,0.643079,0.276943,BRB,GUY,8
1777629,33,96,8,2004.0,916711.0,599682.0,0.644308,0.290054,BRB,GUY,8
1777630,33,96,8,2014.0,2300458.0,158451.0,0.45538500000000004,-0.126756,BRB,GUY,8
1777631,33,96,8,2020.0,3041423.0,36979.0,0.64389,0.086773,BRB,GUY,8
1777632,33,96,8,2001.0,1015834.0,670524.0,0.418462,-0.020000999999999998,BRB,GUY,8
1777633,33,96,8,2002.0,854447.0,431587.0,0.547024,-0.004036,BRB,GUY,8
1777634,33,96,8,2003.0,883327.0,7047484.0,0.49907299999999993,-0.065065,BRB,GUY,8
1777635,33,96,8,2005.0,1712610.0,2140495.0,0.811673,0.293194,BRB,GUY,8
1777636,33,96,8,2006.0,1622773.0,295029.0,0.689051,0.416818,BRB,GUY,8
1777637,33,96,8,2007.0,1584365.0,26119027.0,0.818941,0.676945,BRB,GUY,8
1777638,33,96,8,2008.0,1467415.0,231849.0,0.785619,0.70639,BRB,GUY,8
1777639,33,96,8,2009.0,1122094.0,72160.0,0.9091879999999999,0.801918,BRB,GUY,8
1777640,33,96,8,2010.0,2113849.0,101225.0,0.812843,0.491453,BRB,GUY,8
1777641,33,96,8,2011.0,2036306.0,71050.0,0.532084,0.230618,BRB,GUY,8
1777642,33,96,8,2012.0,2216162.0,88562.0,0.653472,0.43920600000000004,BRB,GUY,8
1777643,33,96,8,2013.0,2238052.0,43052.0,0.607845,0.09196,BRB,GUY,8
1777644,33,96,8,2015.0,1867603.0,102641.0,0.400267,0.086547,BRB,GUY,8
1777645,33,96,8,2016.0,1968167.0,34121.0,0.598214,0.054758,BRB,GUY,8
1777646,33,96,8,2017.0,2089399.0,193603.0,0.47282700000000005,0.088603,BRB,GUY,8
1777647,33,96,8,2018.0,2309101.0,64599.0,0.50894,0.043631,BRB,GUY,8
1777648,33,96,8,2019.0,2304455.0,123795.0,0.5174770000000001,-0.228721,BRB,GUY,8
1777649,33,96,8,1989.0,301801.0,233908.0,0.865419,0.489662,BRB,GUY,8
1777650,33,96,8,1999.0,638820.0,915336.0,0.693342,0.368279,BRB,GUY,8
1777651,33,96,8,2000.0,717354.0,1878791.0,0.610079,0.267843,BRB,GUY,8
1777652,33,96,8,1981.0,174032.0,208080.0,0.980468,0.557032,BRB,GUY,8
1777653,33,96,8,1982.0,205475.0,409218.0,0.992917,0.598525,BRB,GUY,8
1777654,33,96,8,1983.0,179029.0,103080.0,1.075581,0.566891,BRB,GUY,8
1777655,33,96,8,1986.0,142403.0,179088.0,0.901199,0.12247899999999999,BRB,GUY,8
1777656,33,96,8,1987.0,166678.0,169103.0,0.8229790000000001,0.321943,BRB,GUY,8
1777657,33,96,8,1988.0,386297.0,256394.0,0.908502,0.733178,BRB,GUY,8
1777658,33,96,8,1985.0,134320.0,177480.0,0.801672,0.059775999999999996,BRB,GUY,8
1777659,33,96,8,1967.0,65899.0,3698.0,0.858353,-0.032774,BRB,GUY,8
1777660,33,96,8,1968.0,102762.0,9639.0,0.6484409999999999,0.015096,BRB,GUY,8
1777661,33,96,8,1969.0,134664.0,37614.0,0.744643,0.55386,BRB,GUY,8
1777662,33,96,8,1970.0,128293.0,136976.0,0.899351,0.682575,BRB,GUY,8
1777663,33,96,8,1971.0,190922.0,268768.0,0.935667,0.839299,BRB,GUY,8
1777664,33,96,8,1972.0,216267.0,328483.0,1.179901,0.620333,BRB,GUY,8
1777665,33,96,8,1973.0,248107.0,488855.0,1.149457,1.001965,BRB,GUY,8
1777666,33,96,8,1974.0,368988.0,427858.0,0.9072110000000001,0.536772,BRB,GUY,8
1777667,33,96,8,1975.0,373928.0,414799.0,0.698214,0.122799,BRB,GUY,8
1777668,33,96,8,1980.0,361795.0,439709.0,1.05792,0.680131,BRB,GUY,8
1777669,33,96,8,1984.0,172494.0,394610.0,1.044257,0.40352899999999997,BRB,GUY,8
1777670,39,96,8,2001.0,403734.0,476589.0,0.8899729999999999,1.3778299999999999,CAN,GUY,8
1777671,39,96,8,2002.0,430927.0,686195.0,0.9672360000000001,1.389981,CAN,GUY,8
1777672,39,96,8,2003.0,735870.0,129821.0,0.9170790000000001,1.444739,CAN,GUY,8
1777673,39,96,8,2004.0,571466.0,91964.0,0.781591,1.365966,CAN,GUY,8
1777674,39,96,8,2005.0,1869184.0,38781.0,0.8817450000000001,1.222587,CAN,GUY,8
1777675,39,96,8,2006.0,2590608.0,235669.0,0.806511,1.466573,CAN,GUY,8
1777676,39,96,8,2007.0,1183058.0,101454.0,0.677078,1.371833,CAN,GUY,8
1777677,39,96,8,2008.0,997156.0,97908.0,0.608796,1.235243,CAN,GUY,8
1777678,39,96,8,2009.0,1012226.0,189507.0,0.671041,1.481306,CAN,GUY,8
1777679,39,96,8,2010.0,2723000.0,180586.0,0.631696,1.3282459999999998,CAN,GUY,8
1777680,39,96,8,2011.0,2149677.0,385541.0,0.574688,1.360723,CAN,GUY,8
1777681,39,96,8,2012.0,1912265.0,298026.0,0.630575,1.28653,CAN,GUY,8
1777682,39,96,8,2013.0,1069765.0,279485.0,0.599305,1.193591,CAN,GUY,8
1777683,39,96,8,2014.0,1418769.0,163704.0,0.6145430000000001,1.1815360000000001,CAN,GUY,8
1777684,39,96,8,2015.0,1981403.0,153857.0,0.576548,1.458122,CAN,GUY,8
1777685,39,96,8,2016.0,2472337.0,109955.0,0.541041,1.328065,CAN,GUY,8
1777686,39,96,8,2017.0,1764649.0,177772.0,0.661032,1.331443,CAN,GUY,8
1777687,39,96,8,2018.0,1777667.0,275616.0,0.60854,1.475283,CAN,GUY,8
1777688,39,96,8,2019.0,3504251.0,41066.0,0.668167,1.395249,CAN,GUY,8
1777689,39,96,8,2020.0,2342080.0,149923.0,0.56684,1.419845,CAN,GUY,8
1777690,39,96,8,2000.0,349399.0,437810.0,1.069101,1.284017,CAN,GUY,8
1777691,39,96,8,1967.0,853439.0,4676.0,0.6791470000000001,0.776475,CAN,GUY,8
1777692,39,96,8,1968.0,570703.0,2136.0,0.6867270000000001,0.846297,CAN,GUY,8
1777693,39,96,8,1969.0,634749.0,11395.0,0.70765,0.9508,CAN,GUY,8
1777694,39,96,8,1970.0,784524.0,105647.0,0.673338,0.860374,CAN,GUY,8
1777695,39,96,8,1971.0,525641.0,10386.0,0.543049,0.772374,CAN,GUY,8
1777696,39,96,8,1972.0,482462.0,53078.0,0.7159800000000001,0.9742540000000001,CAN,GUY,8
1777697,39,96,8,1973.0,581083.0,16831.0,0.42271000000000003,0.632899,CAN,GUY,8
1777698,39,96,8,1974.0,644817.0,106162.0,0.495249,0.925809,CAN,GUY,8
1777699,39,96,8,1975.0,577791.0,27345.0,0.404699,0.8249360000000001,CAN,GUY,8
1777700,39,96,8,1978.0,241185.0,16736.0,0.793383,1.310916,CAN,GUY,8
1777701,39,96,8,1979.0,358971.0,6826.0,0.756833,1.349624,CAN,GUY,8
1777702,39,96,8,1981.0,1044051.0,136535.0,0.745727,1.587553,CAN,GUY,8
1777703,39,96,8,1982.0,502068.0,14111.0,0.780337,1.623949,CAN,GUY,8
1777704,39,96,8,1983.0,201009.0,2311.0,0.708508,1.543279,CAN,GUY,8
1777705,39,96,8,1984.0,68141.0,5899.0,0.81261,1.285068,CAN,GUY,8
1777706,39,96,8,1985.0,138831.0,0.0,0.872873,1.286843,CAN,GUY,8
1777707,39,96,8,1987.0,434367.0,0.0,0.8812409999999999,1.3540299999999998,CAN,GUY,8
1777708,39,96,8,1989.0,214156.0,81760.0,0.7961729999999999,1.09309,CAN,GUY,8
1777709,39,96,8,1991.0,1017307.0,543631.0,0.808699,1.087207,CAN,GUY,8
1777710,39,96,8,1994.0,342066.0,814558.0,0.9270709999999999,1.126737,CAN,GUY,8
1777711,39,96,8,1995.0,102517.0,697597.0,0.975289,1.135701,CAN,GUY,8
1777712,39,96,8,1996.0,1162112.0,462281.0,0.970932,1.111111,CAN,GUY,8
1777713,39,96,8,1997.0,689944.0,696775.0,0.928586,1.3413389999999998,CAN,GUY,8
1777714,39,96,8,1998.0,662576.0,563199.0,0.9233040000000001,1.309692,CAN,GUY,8
1777715,39,96,8,1999.0,1088062.0,407908.0,0.9524950000000001,1.2560149999999999,CAN,GUY,8
1777716,39,96,8,1980.0,1252607.0,0.0,0.704567,1.4515790000000002,CAN,GUY,8
1777717,39,96,8,1988.0,207375.0,7735.0,0.8190810000000001,1.1273030000000002,CAN,GUY,8
1777718,39,96,8,1990.0,233984.0,180256.0,0.804563,1.115479,CAN,GUY,8
1777719,39,96,8,1986.0,398651.0,0.0,0.799175,1.262781,CAN,GUY,8
1777720,39,96,8,1992.0,373631.0,586803.0,0.74703,1.096791,CAN,GUY,8
1777721,39,96,8,1993.0,368843.0,346959.0,0.8763719999999999,1.213496,CAN,GUY,8
1777722,39,96,8,1962.0,512355.0,0.0,0.6937800000000001,0.607572,CAN,GUY,8
1777723,39,96,8,1963.0,498886.0,0.0,0.586152,0.75012,CAN,GUY,8
1777724,39,96,8,1964.0,622973.0,0.0,0.728521,0.870792,CAN,GUY,8
1777725,39,96,8,1965.0,743119.0,0.0,0.648151,0.797301,CAN,GUY,8
1777726,39,96,8,1966.0,726556.0,0.0,0.752869,0.8454440000000001,CAN,GUY,8
1777727,41,96,8,2002.0,10005.0,1071.0,2.205507,0.831836,CHE,GUY,8
1777728,41,96,8,2003.0,68954.0,2336.0,2.1943770000000002,0.715042,CHE,GUY,8
1777729,41,96,8,2004.0,52014.0,0.0,2.234603,0.551975,CHE,GUY,8
1777730,41,96,8,2005.0,42123.0,16751.0,2.122208,0.615961,CHE,GUY,8
1777731,41,96,8,2006.0,22831.0,6195.0,2.038668,0.46319,CHE,GUY,8
1777732,41,96,8,2007.0,12052.0,0.0,1.979164,0.29541999999999996,CHE,GUY,8
1777733,41,96,8,2008.0,27683.0,0.0,1.980661,0.504308,CHE,GUY,8
1777734,41,96,8,2009.0,113490.0,19812.0,2.0153220000000003,0.5676829999999999,CHE,GUY,8
1777735,41,96,8,2010.0,79851.0,0.0,2.136332,0.5302279999999999,CHE,GUY,8
1777736,41,96,8,2011.0,52412.0,0.0,2.102055,0.548054,CHE,GUY,8
1777737,41,96,8,2012.0,110087.0,0.0,2.0265150000000003,0.6496689999999999,CHE,GUY,8
1777738,41,96,8,2013.0,112688.0,0.0,2.0899229999999998,0.661667,CHE,GUY,8
1777739,41,96,8,2014.0,8147.0,0.0,2.027022,0.780257,CHE,GUY,8
1777740,41,96,8,2015.0,8609.0,0.0,2.261352,0.816764,CHE,GUY,8
1777741,41,96,8,2016.0,11760.0,0.0,2.328616,0.832224,CHE,GUY,8
1777742,41,96,8,2017.0,45291.0,1108.0,2.2443459999999997,0.836363,CHE,GUY,8
1777743,41,96,8,2018.0,5967.0,0.0,2.173252,0.861742,CHE,GUY,8
1777744,41,96,8,2019.0,51682.0,1259.0,2.172555,0.770567,CHE,GUY,8
1777745,41,96,8,2020.0,25826.0,0.0,2.139732,0.906457,CHE,GUY,8
1777746,41,96,8,1999.0,28354.0,0.0,2.2417740000000004,0.764921,CHE,GUY,8
1777747,41,96,8,2000.0,20167.0,1004.0,2.268929,0.538191,CHE,GUY,8
1777748,41,96,8,2001.0,10606.0,41923.0,2.161588,0.8069890000000001,CHE,GUY,8
1777749,41,96,8,1962.0,85350.0,0.0,2.3319400000000003,2.325868,CHE,GUY,8
1777750,41,96,8,1963.0,80728.0,0.0,2.275444,2.087927,CHE,GUY,8
1777751,41,96,8,1964.0,74577.0,0.0,2.339324,2.1829650000000003,CHE,GUY,8
1777752,41,96,8,1965.0,119251.0,0.0,2.399414,2.2596220000000002,CHE,GUY,8
1777753,41,96,8,1966.0,159676.0,0.0,2.271274,2.228228,CHE,GUY,8
1777754,41,96,8,1967.0,148837.0,0.0,2.232551,2.121041,CHE,GUY,8
1777755,41,96,8,1968.0,88578.0,0.0,2.1128139999999997,2.181377,CHE,GUY,8
1777756,41,96,8,1969.0,85276.0,0.0,2.225965,2.192022,CHE,GUY,8
1777757,41,96,8,1970.0,82910.0,0.0,2.1918330000000004,1.847141,CHE,GUY,8
1777758,41,96,8,1971.0,65577.0,0.0,2.242028,1.9425029999999999,CHE,GUY,8
1777759,41,96,8,1972.0,65910.0,0.0,2.219306,1.9649020000000001,CHE,GUY,8
1777760,41,96,8,1973.0,100097.0,0.0,2.271348,1.7570270000000001,CHE,GUY,8
1777761,41,96,8,1974.0,79547.0,0.0,1.8843419999999997,1.3649790000000002,CHE,GUY,8
1777762,41,96,8,1975.0,161466.0,0.0,2.0423720000000003,0.927861,CHE,GUY,8
1777763,41,96,8,1976.0,173642.0,0.0,1.905399,1.515878,CHE,GUY,8
1777764,41,96,8,1977.0,23382.0,0.0,1.703888,1.3558629999999998,CHE,GUY,8
1777765,41,96,8,1978.0,115402.0,0.0,2.026237,1.442742,CHE,GUY,8
1777766,41,96,8,1979.0,28616.0,0.0,1.977282,1.176197,CHE,GUY,8
1777767,41,96,8,1980.0,18224.0,0.0,1.756056,1.016284,CHE,GUY,8
1777768,41,96,8,1981.0,44824.0,0.0,1.7692029999999999,0.770696,CHE,GUY,8
1777769,41,96,8,1982.0,155361.0,0.0,1.87811,0.862556,CHE,GUY,8
1777770,41,96,8,1983.0,15070.0,0.0,1.885277,0.886065,CHE,GUY,8
1777771,41,96,8,1984.0,3087.0,0.0,1.908664,0.8874540000000001,CHE,GUY,8
1777772,41,96,8,1985.0,35293.0,0.0,2.013169,0.9716879999999999,CHE,GUY,8
1777773,41,96,8,1986.0,7139.0,0.0,2.243011,1.120316,CHE,GUY,8
1777774,41,96,8,1987.0,22110.0,0.0,2.1858619999999997,1.3187200000000001,CHE,GUY,8
1777775,41,96,8,1988.0,8393.0,0.0,2.138445,1.0137120000000002,CHE,GUY,8
1777776,41,96,8,1991.0,7173.0,0.0,2.326288,1.134439,CHE,GUY,8
1777777,41,96,8,1993.0,42008.0,9668.0,2.2766290000000002,0.952183,CHE,GUY,8
1777778,41,96,8,1998.0,42392.0,0.0,2.265613,0.668929,CHE,GUY,8
1777779,41,96,8,1989.0,14852.0,0.0,2.1608680000000002,1.076476,CHE,GUY,8
1777780,41,96,8,1990.0,87215.0,0.0,2.297446,1.0863610000000001,CHE,GUY,8
1777781,41,96,8,1992.0,47122.0,0.0,2.24952,1.014945,CHE,GUY,8
1777782,41,96,8,1994.0,58264.0,0.0,2.343897,0.883555,CHE,GUY,8
1777783,41,96,8,1996.0,512032.0,0.0,2.344337,0.709607,CHE,GUY,8
1777784,41,96,8,1995.0,33958.0,0.0,2.274838,0.826426,CHE,GUY,8
1777785,41,96,8,1997.0,41292.0,0.0,2.327788,0.682804,CHE,GUY,8
1777786,42,96,8,2005.0,3581.0,0.0,-0.15283,-0.43087,CHL,GUY,8
1777787,42,96,8,2006.0,63671.0,0.0,-0.193151,-0.46637,CHL,GUY,8
1777788,42,96,8,2007.0,16861.0,2102.0,-0.193152,-0.46857299999999996,CHL,GUY,8
1777789,42,96,8,2008.0,22060.0,0.0,-0.173267,-0.23228000000000001,CHL,GUY,8
1777790,42,96,8,2009.0,9053.0,2020.0,-0.205249,-0.382377,CHL,GUY,8
1777791,42,96,8,2010.0,44267.0,0.0,-0.27612600000000004,-0.417476,CHL,GUY,8
1777792,42,96,8,2011.0,59023.0,41352.0,-0.14694400000000002,-0.360352,CHL,GUY,8
1777793,42,96,8,2012.0,39961.0,0.0,-0.180309,-0.33571799999999996,CHL,GUY,8
1777794,42,96,8,2013.0,58645.0,0.0,-0.184556,-0.238657,CHL,GUY,8
1777795,42,96,8,2014.0,639319.0,0.0,-0.196236,-0.162428,CHL,GUY,8
1777796,42,96,8,2015.0,275508.0,2344.0,-0.259994,-0.343327,CHL,GUY,8
1777797,42,96,8,2016.0,166693.0,0.0,-0.162923,-0.20607199999999998,CHL,GUY,8
1777798,42,96,8,2017.0,132115.0,0.0,-0.282983,-0.33351,CHL,GUY,8
1777799,42,96,8,2018.0,4777.0,0.0,-0.24325300000000002,-0.350271,CHL,GUY,8
1777800,42,96,8,2020.0,1735.0,0.0,-0.242265,-0.5153340000000001,CHL,GUY,8
1777801,42,96,8,2000.0,1443.0,0.0,-0.011509,0.0031190000000000002,CHL,GUY,8
1777802,42,96,8,2001.0,1505.0,10864.0,-0.148124,0.074033,CHL,GUY,8
1777803,42,96,8,2002.0,12387.0,0.0,-0.079201,-0.11449200000000001,CHL,GUY,8
1777804,42,96,8,2003.0,3065.0,0.0,-0.122101,-0.151524,CHL,GUY,8
1777805,42,96,8,1997.0,3133.0,0.0,-0.06841799999999999,-0.21526199999999998,CHL,GUY,8
1777806,42,96,8,1999.0,1266.0,0.0,-0.132747,-0.065962,CHL,GUY,8
1777807,42,96,8,1992.0,0.0,17856.0,-0.188106,-0.360151,CHL,GUY,8
1777808,42,96,8,1994.0,19493.0,0.0,-0.09350900000000001,-0.264108,CHL,GUY,8
1777809,42,96,8,1995.0,20113.0,0.0,-0.267032,-0.341987,CHL,GUY,8
1777810,42,96,8,1988.0,0.0,2692.0,-0.304691,-0.41057899999999997,CHL,GUY,8
1777811,42,96,8,1991.0,0.0,3252.0,-0.15565199999999998,-0.29465399999999997,CHL,GUY,8
1777812,42,96,8,2004.0,2539.0,0.0,-0.24101399999999998,-0.303103,CHL,GUY,8
1777813,42,96,8,1998.0,5877.0,0.0,-0.138389,-0.187388,CHL,GUY,8
1777814,42,96,8,1984.0,0.0,5062.0,-0.075954,-0.441989,CHL,GUY,8
1777815,42,96,8,1985.0,0.0,11676.0,-0.290377,-0.530487,CHL,GUY,8
1777816,43,96,8,1989.0,88980.0,0.0,0.37919899999999995,2.377084,CHN,GUY,8
1777817,43,96,8,1990.0,213021.0,0.0,0.390967,2.1667650000000003,CHN,GUY,8
1777818,43,96,8,1992.0,1061603.0,0.0,0.269411,1.920075,CHN,GUY,8
1777819,43,96,8,1994.0,2964638.0,0.0,0.238977,2.174676,CHN,GUY,8
1777820,43,96,8,1995.0,1605168.0,0.0,0.31854899999999997,2.413914,CHN,GUY,8
1777821,43,96,8,1996.0,1688565.0,0.0,0.383975,2.197461,CHN,GUY,8
1777822,43,96,8,1997.0,2882618.0,0.0,0.380294,2.389738,CHN,GUY,8
1777823,43,96,8,1998.0,1718750.0,0.0,0.339414,2.3927169999999998,CHN,GUY,8
1777824,43,96,8,1999.0,3220753.0,2551.0,0.388705,2.3197919999999996,CHN,GUY,8
1777825,43,96,8,2000.0,2642188.0,4780.0,0.43423,2.461961,CHN,GUY,8
1777826,43,96,8,2001.0,3150537.0,0.0,0.535502,2.28778,CHN,GUY,8
1777827,43,96,8,2002.0,3951882.0,6985.0,0.6181220000000001,1.9636759999999998,CHN,GUY,8
1777828,43,96,8,2003.0,4903704.0,7965.0,0.643677,2.033847,CHN,GUY,8
1777829,43,96,8,2004.0,4603266.0,0.0,0.710603,2.017234,CHN,GUY,8
1777830,43,96,8,2005.0,6422580.0,7961.0,0.757865,1.9117669999999998,CHN,GUY,8
1777831,43,96,8,2007.0,11027202.0,11622.0,0.904272,1.537654,CHN,GUY,8
1777832,43,96,8,2008.0,11150089.0,1002.0,0.988158,1.443506,CHN,GUY,8
1777833,43,96,8,2009.0,12099565.0,69659.0,0.9740489999999999,1.416985,CHN,GUY,8
1777834,43,96,8,2010.0,17910096.0,4660.0,1.047792,1.3791280000000001,CHN,GUY,8
1777835,43,96,8,2011.0,23818971.0,16966.0,1.185758,1.021932,CHN,GUY,8
1777836,43,96,8,2012.0,46994829.0,72538.0,1.2170590000000001,0.584412,CHN,GUY,8
1777837,43,96,8,2013.0,30052038.0,22237.0,1.24864,0.667713,CHN,GUY,8
1777838,43,96,8,2014.0,34445846.0,8082.0,1.316443,0.35039899999999996,CHN,GUY,8
1777839,43,96,8,2015.0,41535723.0,11514.0,1.251258,1.091683,CHN,GUY,8
1777840,43,96,8,2016.0,55978980.0,27386.0,1.249079,1.151045,CHN,GUY,8
1777841,43,96,8,2017.0,58737076.0,9740.0,1.2888030000000001,0.9250700000000001,CHN,GUY,8
1777842,43,96,8,2018.0,64767459.0,91762.0,1.378018,0.513572,CHN,GUY,8
1777843,43,96,8,2019.0,76513267.0,1816.0,1.3612,0.49938299999999997,CHN,GUY,8
1777844,43,96,8,2020.0,64989617.0,26716.0,1.2995780000000001,0.625046,CHN,GUY,8
1777845,43,96,8,1988.0,54147.0,0.0,0.26593,2.229884,CHN,GUY,8
1777846,43,96,8,1991.0,205939.0,0.0,0.260673,2.121238,CHN,GUY,8
1777847,43,96,8,1993.0,2557501.0,0.0,0.20543000000000003,2.000367,CHN,GUY,8
1777848,43,96,8,2006.0,8601607.0,104757.0,0.842242,1.7392740000000002,CHN,GUY,8
1777849,43,96,8,1972.0,137901.0,0.0,0.490267,1.847796,CHN,GUY,8
1777850,43,96,8,1973.0,151941.0,0.0,0.487712,1.7118080000000002,CHN,GUY,8
1777851,43,96,8,1974.0,197730.0,0.0,0.43914899999999996,1.8291439999999999,CHN,GUY,8
1777852,43,96,8,1975.0,138336.0,38333.0,0.39986700000000003,2.007719,CHN,GUY,8
1777853,43,96,8,1987.0,163873.0,0.0,0.266467,2.073566,CHN,GUY,8
1777854,43,96,8,1971.0,53976.0,0.0,0.551566,1.636164,CHN,GUY,8
1777855,47,96,8,2020.0,66826.0,0.0,-1.6412830000000003,-1.236592,COG,GUY,8
1777856,49,96,8,1995.0,34154.0,0.0,0.050431000000000004,0.16347899999999999,COL,GUY,8
1777857,49,96,8,1996.0,81333.0,0.0,0.070101,0.08847999999999999,COL,GUY,8
1777858,49,96,8,1997.0,138503.0,0.0,0.023456,0.057771,COL,GUY,8
1777859,49,96,8,1998.0,100629.0,0.0,0.045649,0.11751400000000001,COL,GUY,8
1777860,49,96,8,1999.0,187753.0,0.0,0.055667999999999995,0.10688399999999999,COL,GUY,8
1777861,49,96,8,2000.0,330835.0,0.0,0.12351400000000001,0.255517,COL,GUY,8
1777862,49,96,8,2001.0,397238.0,2372.0,0.3378,0.479951,COL,GUY,8
1777863,49,96,8,2002.0,691754.0,0.0,0.219861,0.45238999999999996,COL,GUY,8
1777864,49,96,8,2003.0,298513.0,0.0,0.126431,0.417651,COL,GUY,8
1777865,49,96,8,2004.0,253353.0,0.0,0.044706,0.514304,COL,GUY,8
1777866,49,96,8,2005.0,905401.0,0.0,0.088961,0.439691,COL,GUY,8
1777867,49,96,8,2006.0,545027.0,2823.0,0.162228,0.550616,COL,GUY,8
1777868,49,96,8,2007.0,788407.0,0.0,0.18592,0.6842050000000001,COL,GUY,8
1777869,49,96,8,2008.0,395475.0,0.0,0.250208,0.546823,COL,GUY,8
1777870,49,96,8,2009.0,1923444.0,0.0,0.335319,0.397976,COL,GUY,8
1777871,49,96,8,2010.0,1587674.0,1165.0,-0.00078,-0.15850699999999998,COL,GUY,8
1777872,49,96,8,2011.0,1436858.0,12242.0,0.04828,-0.27652600000000005,COL,GUY,8
1777873,49,96,8,2012.0,1520800.0,1510.0,0.034488,-0.340545,COL,GUY,8
1777874,49,96,8,2013.0,1662214.0,4402.0,0.034491,-0.36975,COL,GUY,8
1777875,49,96,8,2014.0,1611849.0,0.0,0.084348,-0.39008200000000004,COL,GUY,8
1777876,49,96,8,2015.0,1464723.0,0.0,0.027496,-0.177225,COL,GUY,8
1777877,49,96,8,2016.0,1503299.0,0.0,-0.040341,-0.20957699999999999,COL,GUY,8
1777878,49,96,8,2017.0,2143481.0,0.0,-0.039238999999999996,-0.246914,COL,GUY,8
1777879,49,96,8,2018.0,2109875.0,1383.0,0.144073,-0.10276199999999999,COL,GUY,8
1777880,49,96,8,2019.0,1507623.0,7365.0,0.062157000000000004,-0.12401400000000001,COL,GUY,8
1777881,49,96,8,2020.0,1114676.0,4120.0,-0.057902999999999996,0.12629100000000001,COL,GUY,8
1777882,49,96,8,1971.0,10843.0,0.0,-0.114488,-0.492489,COL,GUY,8
1777883,49,96,8,1972.0,1280.0,0.0,-0.09930399999999999,-0.394474,COL,GUY,8
1777884,49,96,8,1973.0,4123.0,0.0,0.33278800000000003,-0.12771400000000002,COL,GUY,8
1777885,49,96,8,1974.0,6942.0,0.0,0.6161949999999999,0.392124,COL,GUY,8
1777886,49,96,8,1975.0,7082.0,0.0,0.530112,0.24711599999999997,COL,GUY,8
1777887,49,96,8,1978.0,11185.0,0.0,0.154415,-0.23782399999999998,COL,GUY,8
1777888,49,96,8,1987.0,24065.0,0.0,-0.078828,-0.376846,COL,GUY,8
1777889,51,96,8,1997.0,1763.0,0.0,1.1987079999999999,0.084231,CPV,GUY,8
1777890,51,96,8,1998.0,5262.0,0.0,0.520062,-0.445353,CPV,GUY,8
1777891,52,96,8,1995.0,0.0,10682.0,-0.27658699999999997,-0.064536,CRI,GUY,8
1777892,52,96,8,1997.0,1573.0,0.0,-0.158667,0.204758,CRI,GUY,8
1777893,52,96,8,1999.0,2617.0,0.0,-0.224167,-0.231829,CRI,GUY,8
1777894,52,96,8,2000.0,2611.0,0.0,-0.136989,-0.190298,CRI,GUY,8
1777895,52,96,8,2002.0,18852.0,0.0,0.083983,-0.096237,CRI,GUY,8
1777896,52,96,8,2003.0,28852.0,0.0,-0.013402,-0.353043,CRI,GUY,8
1777897,52,96,8,2004.0,31932.0,0.0,-0.036323,-0.313847,CRI,GUY,8
1777898,52,96,8,2005.0,32566.0,0.0,0.073229,-0.25491199999999997,CRI,GUY,8
1777899,52,96,8,2006.0,52346.0,0.0,0.07128999999999999,-0.24274400000000002,CRI,GUY,8
1777900,52,96,8,2007.0,127151.0,0.0,0.093189,-0.19225899999999999,CRI,GUY,8
1777901,52,96,8,2008.0,164029.0,0.0,0.102978,-0.154002,CRI,GUY,8
1777902,52,96,8,2009.0,113140.0,0.0,0.054242,-0.44236400000000003,CRI,GUY,8
1777903,52,96,8,2010.0,107391.0,0.0,0.061551,-0.632468,CRI,GUY,8
1777904,52,96,8,2011.0,211376.0,0.0,0.21162199999999998,-0.44220699999999996,CRI,GUY,8
1777905,52,96,8,2012.0,188735.0,2064.0,0.24381799999999998,-0.560793,CRI,GUY,8
1777906,52,96,8,2013.0,270228.0,0.0,0.208669,-0.54783,CRI,GUY,8
1777907,52,96,8,2014.0,423279.0,0.0,0.13936500000000002,-0.573277,CRI,GUY,8
1777908,52,96,8,2015.0,372254.0,4693.0,0.264454,0.076734,CRI,GUY,8
1777909,52,96,8,2016.0,725699.0,3968.0,0.28594400000000003,0.131024,CRI,GUY,8
1777910,52,96,8,2017.0,445237.0,0.0,0.288798,0.212928,CRI,GUY,8
1777911,52,96,8,2018.0,403410.0,0.0,0.27715,0.33261999999999997,CRI,GUY,8
1777912,52,96,8,2019.0,555573.0,1111.0,0.398784,0.287704,CRI,GUY,8
1777913,52,96,8,2020.0,421531.0,0.0,0.303377,0.071752,CRI,GUY,8
1777914,53,96,8,1972.0,103771.0,0.0,1.716074,2.538949,CSK,GUY,8
1777915,53,96,8,1973.0,127589.0,0.0,1.549217,2.6032669999999998,CSK,GUY,8
1777916,53,96,8,1974.0,114189.0,0.0,1.296678,2.116386,CSK,GUY,8
1777917,53,96,8,1975.0,146501.0,0.0,1.338394,2.0545430000000002,CSK,GUY,8
1777918,54,96,8,2009.0,108699.0,18689.0,-0.11006700000000001,-0.872604,CUB,GUY,8
1777919,54,96,8,2006.0,66282.0,0.0,0.207314,-0.473224,CUB,GUY,8
1777920,54,96,8,2019.0,0.0,16894.0,-0.690448,-1.133795,CUB,GUY,8
1777921,54,96,8,2017.0,0.0,77814.0,-0.975281,-1.263293,CUB,GUY,8
1777922,54,96,8,1989.0,0.0,392584.0,-0.562322,-0.9086120000000001,CUB,GUY,8
1777923,55,96,8,2011.0,265386.0,1146.0,-0.49924799999999997,-0.73352,CUW,GUY,8
1777924,55,96,8,2012.0,473316.0,1150.0,0.003982,-0.685596,CUW,GUY,8
1777925,55,96,8,2013.0,396128.0,5151.0,-0.145402,-0.556962,CUW,GUY,8
1777926,55,96,8,2014.0,219534.0,15842.0,0.094776,-0.738603,CUW,GUY,8
1777927,55,96,8,2015.0,287867.0,0.0,0.019203,-0.746969,CUW,GUY,8
1777928,55,96,8,2016.0,342799.0,0.0,0.078189,-0.80455,CUW,GUY,8
1777929,55,96,8,2017.0,229690.0,3554.0,-0.146136,-0.780933,CUW,GUY,8
1777930,55,96,8,2018.0,386324.0,3237.0,0.844115,-0.134234,CUW,GUY,8
1777931,55,96,8,2019.0,328279.0,6513.0,0.795387,0.41649200000000003,CUW,GUY,8
1777932,55,96,8,2020.0,414896.0,0.0,0.565995,0.349721,CUW,GUY,8
1777933,57,96,8,2017.0,0.0,6982.0,1.405408,-0.775816,CYM,GUY,8
1777934,57,96,8,2009.0,0.0,8880.0,0.476786,-0.723512,CYM,GUY,8
1777935,57,96,8,2008.0,0.0,14415.0,0.7906979999999999,-0.773624,CYM,GUY,8
1777936,58,96,8,2017.0,11443.0,0.0,0.35097399999999995,0.103466,CYP,GUY,8
1777937,58,96,8,2004.0,0.0,15380.0,0.42732200000000004,0.811763,CYP,GUY,8
1777938,59,96,8,2013.0,2100.0,0.0,1.829509,-0.41787700000000005,CZE,GUY,8
1777939,59,96,8,2007.0,3371.0,0.0,1.661947,-0.284736,CZE,GUY,8
1777940,59,96,8,2001.0,13262.0,0.0,1.56908,0.860384,CZE,GUY,8
1777941,59,96,8,2011.0,14954.0,0.0,1.7717619999999998,-0.315625,CZE,GUY,8
1777942,59,96,8,2014.0,0.0,1658.0,1.761204,-0.148263,CZE,GUY,8
1777943,59,96,8,2019.0,22692.0,0.0,1.7903779999999998,0.10644100000000001,CZE,GUY,8
1777944,59,96,8,2012.0,7738.0,0.0,1.7368299999999999,-0.651329,CZE,GUY,8
1777945,59,96,8,2002.0,1291.0,0.0,1.5835139999999999,0.9563010000000001,CZE,GUY,8
1777946,59,96,8,2009.0,1370.0,0.0,1.679038,-0.129397,CZE,GUY,8
1777947,59,96,8,2010.0,3853.0,0.0,1.770959,-0.060892999999999996,CZE,GUY,8
1777948,59,96,8,2016.0,33572.0,0.0,1.818585,0.341356,CZE,GUY,8
1777949,59,96,8,2018.0,52289.0,0.0,1.8018669999999999,0.022382,CZE,GUY,8
1777950,59,96,8,2020.0,3495.0,0.0,1.779952,0.16428099999999998,CZE,GUY,8
1777951,59,96,8,2008.0,3850.0,2698.0,1.643978,-0.24086300000000002,CZE,GUY,8
1777952,61,96,8,1989.0,321197.0,89846.0,2.23201,-2.161829,DEU,GUY,8
1777953,61,96,8,1990.0,91622.0,9363.0,2.3047779999999998,-1.900406,DEU,GUY,8
1777954,61,96,8,1991.0,79696.0,43447.0,2.3225700000000002,-2.126672,DEU,GUY,8
1777955,61,96,8,1992.0,41000.0,0.0,2.2968349999999997,-2.581569,DEU,GUY,8
1777956,61,96,8,1993.0,187545.0,16364.0,2.374316,-2.629723,DEU,GUY,8
1777957,61,96,8,1994.0,180433.0,0.0,2.402409,-2.556117,DEU,GUY,8
1777958,61,96,8,1995.0,163665.0,12706.0,2.4218,-2.412578,DEU,GUY,8
1777959,61,96,8,1996.0,880081.0,24688.0,2.347101,-2.4792799999999997,DEU,GUY,8
1777960,61,96,8,1997.0,339615.0,103835.0,2.360316,-2.655514,DEU,GUY,8
1777961,61,96,8,1998.0,234605.0,125161.0,2.398725,-2.483955,DEU,GUY,8
1777962,61,96,8,1999.0,533819.0,68862.0,2.3608849999999997,-2.138199,DEU,GUY,8
1777963,61,96,8,2000.0,291005.0,290208.0,2.3753580000000003,-2.4481029999999997,DEU,GUY,8
1777964,61,96,8,2001.0,271043.0,143319.0,2.335872,-2.09875,DEU,GUY,8
1777965,61,96,8,2002.0,211281.0,272739.0,2.367856,-2.195331,DEU,GUY,8
1777966,61,96,8,2003.0,164792.0,16904.0,2.409758,-2.243778,DEU,GUY,8
1777967,61,96,8,2004.0,276188.0,23584.0,2.4453099999999997,-2.331761,DEU,GUY,8
1777968,61,96,8,2005.0,206836.0,75012.0,2.281822,-2.670782,DEU,GUY,8
1777969,61,96,8,2006.0,135576.0,22910.0,2.135679,-2.933329,DEU,GUY,8
1777970,61,96,8,2007.0,288547.0,85046.0,2.051962,-3.136816,DEU,GUY,8
1777971,61,96,8,2008.0,283620.0,30978.0,2.028301,-3.224271,DEU,GUY,8
1777972,61,96,8,2009.0,497336.0,27668.0,2.041426,-3.422743,DEU,GUY,8
1777973,61,96,8,2010.0,1153553.0,13998.0,2.115004,-3.3083650000000002,DEU,GUY,8
1777974,61,96,8,2011.0,649511.0,1357.0,2.057418,-3.459737,DEU,GUY,8
1777975,61,96,8,2012.0,1187201.0,2791.0,1.977443,-3.692254,DEU,GUY,8
1777976,61,96,8,2013.0,767123.0,35723.0,2.1086869999999998,-3.7092,DEU,GUY,8
1777977,61,96,8,2014.0,960596.0,86616.0,2.106119,-3.225189,DEU,GUY,8
1777978,61,96,8,2015.0,675737.0,10721.0,2.305792,-2.676862,DEU,GUY,8
1777979,61,96,8,2016.0,1337792.0,177621.0,2.307429,-2.341644,DEU,GUY,8
1777980,61,96,8,2017.0,398347.0,0.0,2.164026,-2.458307,DEU,GUY,8
1777981,61,96,8,2018.0,834646.0,2539270.0,2.126861,-2.619524,DEU,GUY,8
1777982,61,96,8,2019.0,797562.0,17632.0,2.058602,-2.218827,DEU,GUY,8
1777983,61,96,8,2020.0,804223.0,14310.0,1.961063,-2.199807,DEU,GUY,8
1777984,61,96,8,1962.0,151891.0,0.0,2.4106549999999998,-0.518005,DEU,GUY,8
1777985,61,96,8,1963.0,96104.0,0.0,2.393412,-1.411257,DEU,GUY,8
1777986,61,96,8,1964.0,124338.0,0.0,2.367741,-1.3928690000000001,DEU,GUY,8
1777987,61,96,8,1965.0,155269.0,1818.0,2.468034,-1.4697209999999998,DEU,GUY,8
1777988,61,96,8,1966.0,129989.0,0.0,2.355407,-1.375067,DEU,GUY,8
1777989,61,96,8,1967.0,135062.0,0.0,2.2959400000000003,-1.771377,DEU,GUY,8
1777990,61,96,8,1968.0,113625.0,0.0,2.2253979999999998,-1.8081060000000002,DEU,GUY,8
1777991,61,96,8,1969.0,106372.0,7150.0,2.314731,-1.690981,DEU,GUY,8
1777992,61,96,8,1970.0,138909.0,0.0,2.311743,-1.396571,DEU,GUY,8
1777993,61,96,8,1971.0,186607.0,25804.0,2.304817,-1.885431,DEU,GUY,8
1777994,61,96,8,1972.0,121746.0,3387.0,2.3335169999999996,-1.881743,DEU,GUY,8
1777995,61,96,8,1973.0,175762.0,3754.0,2.28934,-2.513276,DEU,GUY,8
1777996,61,96,8,1974.0,224883.0,0.0,1.927656,-3.9276720000000003,DEU,GUY,8
1777997,61,96,8,1975.0,160536.0,3640.0,2.031848,-4.363862999999999,DEU,GUY,8
1777998,61,96,8,1978.0,182534.0,6290.0,2.107491,-3.2783559999999996,DEU,GUY,8
1777999,61,96,8,1979.0,182531.0,0.0,2.034494,-3.751922,DEU,GUY,8
1778000,61,96,8,1980.0,165000.0,0.0,1.8394169999999999,-4.557479,DEU,GUY,8
1778001,61,96,8,1981.0,297884.0,0.0,1.8353509999999997,-4.685452,DEU,GUY,8
1778002,61,96,8,1982.0,91000.0,0.0,1.9565110000000001,-3.978064,DEU,GUY,8
1778003,61,96,8,1983.0,38000.0,0.0,1.977861,-3.3039080000000003,DEU,GUY,8
1778004,61,96,8,1984.0,63000.0,0.0,1.980635,-3.3931989999999996,DEU,GUY,8
1778005,61,96,8,1985.0,68591.0,12056.0,2.088849,-3.337592,DEU,GUY,8
1778006,61,96,8,1986.0,109015.0,10296.0,2.295101,-2.270203,DEU,GUY,8
1778007,61,96,8,1987.0,66899.0,5089.0,2.307656,-1.7128450000000002,DEU,GUY,8
1778008,61,96,8,1988.0,224119.0,12859.0,2.2490580000000002,-1.9861400000000002,DEU,GUY,8
1778009,63,96,8,2004.0,15779.0,23215.0,0.478601,0.368796,DMA,GUY,8
1778010,63,96,8,2016.0,18908.0,0.0,0.185043,-0.14673599999999998,DMA,GUY,8
1778011,63,96,8,2005.0,19729.0,63563.0,0.359637,0.11206600000000001,DMA,GUY,8
1778012,63,96,8,2006.0,20437.0,12418.0,0.203098,-0.09402999999999999,DMA,GUY,8
1778013,63,96,8,2007.0,28955.0,88284.0,0.655892,0.285846,DMA,GUY,8
1778014,63,96,8,2008.0,3372.0,39345.0,0.531327,0.28411,DMA,GUY,8
1778015,63,96,8,2009.0,21969.0,5893.0,0.326968,-0.043425,DMA,GUY,8
1778016,63,96,8,2010.0,133992.0,0.0,0.332789,0.141835,DMA,GUY,8
1778017,63,96,8,2012.0,165172.0,1372.0,0.533405,0.328602,DMA,GUY,8
1778018,63,96,8,2000.0,23434.0,25812.0,0.8950530000000001,0.295721,DMA,GUY,8
1778019,63,96,8,1981.0,0.0,16593.0,0.532173,-0.137494,DMA,GUY,8
1778020,63,96,8,1985.0,17010.0,0.0,0.393074,-0.333421,DMA,GUY,8
1778021,63,96,8,1986.0,32128.0,0.0,0.5739569999999999,-0.24442399999999997,DMA,GUY,8
1778022,63,96,8,1993.0,1204.0,1438.0,0.487832,-0.170264,DMA,GUY,8
1778023,63,96,8,1994.0,92222.0,1245.0,0.951903,0.261237,DMA,GUY,8
1778024,63,96,8,1995.0,56321.0,0.0,1.011047,0.438908,DMA,GUY,8
1778025,63,96,8,1996.0,70046.0,23579.0,0.521576,-0.075879,DMA,GUY,8
1778026,63,96,8,1997.0,58724.0,15294.0,0.786473,0.43483999999999995,DMA,GUY,8
1778027,63,96,8,1999.0,14011.0,9205.0,0.742722,0.285585,DMA,GUY,8
1778028,63,96,8,1974.0,0.0,52187.0,-0.154665,-0.466113,DMA,GUY,8
1778029,63,96,8,2001.0,0.0,29984.0,0.573546,0.326301,DMA,GUY,8
1778030,63,96,8,2013.0,64483.0,0.0,0.13787,-0.12528399999999998,DMA,GUY,8
1778031,63,96,8,2014.0,29369.0,2066.0,0.32613600000000004,-0.09935,DMA,GUY,8
1778032,63,96,8,2017.0,86810.0,1055.0,0.12233499999999999,-0.11800799999999999,DMA,GUY,8
1778033,63,96,8,2019.0,4203.0,11923.0,0.132599,-0.127522,DMA,GUY,8
1778034,63,96,8,2020.0,5181.0,10238.0,0.5001260000000001,0.05689400000000001,DMA,GUY,8
1778035,63,96,8,2018.0,9849.0,35180.0,0.24612199999999998,-0.044363,DMA,GUY,8
1778036,63,96,8,2002.0,4561.0,19234.0,0.212137,-0.112873,DMA,GUY,8
1778037,63,96,8,1998.0,15647.0,2000.0,0.913049,0.328972,DMA,GUY,8
1778038,63,96,8,2011.0,262743.0,0.0,-0.152647,-0.345939,DMA,GUY,8
1778039,63,96,8,1992.0,2924.0,0.0,0.9006850000000001,-0.055001999999999995,DMA,GUY,8
1778040,64,96,8,1989.0,16851.0,0.0,1.582175,1.569325,DNK,GUY,8
1778041,64,96,8,1990.0,8404.0,0.0,1.687973,1.557006,DNK,GUY,8
1778042,64,96,8,1991.0,6890.0,0.0,1.6556400000000002,1.565383,DNK,GUY,8
1778043,64,96,8,1992.0,33295.0,0.0,1.696464,1.365743,DNK,GUY,8
1778044,64,96,8,1993.0,40252.0,0.0,1.6421119999999998,1.364214,DNK,GUY,8
1778045,64,96,8,1994.0,1191.0,0.0,1.581223,1.4248450000000001,DNK,GUY,8
1778046,64,96,8,1995.0,25198.0,0.0,1.503884,1.5113889999999999,DNK,GUY,8
1778047,64,96,8,1996.0,3506.0,0.0,1.416927,1.401766,DNK,GUY,8
1778048,64,96,8,1997.0,45832.0,0.0,1.422606,1.395373,DNK,GUY,8
1778049,64,96,8,1998.0,124153.0,0.0,1.33359,1.4028479999999999,DNK,GUY,8
1778050,64,96,8,1999.0,11946.0,0.0,1.410765,1.344786,DNK,GUY,8
1778051,64,96,8,2000.0,11788.0,0.0,1.312843,1.4304370000000002,DNK,GUY,8
1778052,64,96,8,2001.0,53605.0,0.0,1.356327,1.3288309999999999,DNK,GUY,8
1778053,64,96,8,2002.0,30726.0,0.0,1.344708,1.321135,DNK,GUY,8
1778054,64,96,8,2003.0,18329.0,0.0,1.343559,1.269764,DNK,GUY,8
1778055,64,96,8,2004.0,75061.0,0.0,1.309074,1.2627979999999999,DNK,GUY,8
1778056,64,96,8,2005.0,57250.0,0.0,1.30959,1.174674,DNK,GUY,8
1778057,64,96,8,2006.0,73412.0,0.0,1.25209,1.133206,DNK,GUY,8
1778058,64,96,8,2007.0,74351.0,0.0,1.236224,0.9855430000000001,DNK,GUY,8
1778059,64,96,8,2008.0,215538.0,0.0,1.2796020000000001,0.8877649999999999,DNK,GUY,8
1778060,64,96,8,2009.0,63228.0,0.0,1.328905,0.871136,DNK,GUY,8
1778061,64,96,8,2010.0,169481.0,0.0,1.184863,1.164933,DNK,GUY,8
1778062,64,96,8,2011.0,196138.0,0.0,1.178394,1.166879,DNK,GUY,8
1778063,64,96,8,2012.0,17459.0,33676.0,1.159478,1.053761,DNK,GUY,8
1778064,64,96,8,2013.0,104834.0,0.0,1.190302,1.062991,DNK,GUY,8
1778065,64,96,8,2014.0,105456.0,0.0,1.15411,1.160462,DNK,GUY,8
1778066,64,96,8,2015.0,185442.0,0.0,1.142526,1.203298,DNK,GUY,8
1778067,64,96,8,2016.0,99510.0,0.0,1.0572629999999998,1.4157540000000002,DNK,GUY,8
1778068,64,96,8,2017.0,39018.0,0.0,1.143276,1.242437,DNK,GUY,8
1778069,64,96,8,2018.0,135584.0,4822.0,1.094761,1.337348,DNK,GUY,8
1778070,64,96,8,2019.0,88392.0,1510.0,1.094496,1.283199,DNK,GUY,8
1778071,64,96,8,2020.0,149415.0,0.0,1.1190280000000001,1.1366290000000001,DNK,GUY,8
1778072,64,96,8,1962.0,2882.0,0.0,1.6905080000000001,2.83239,DNK,GUY,8
1778073,64,96,8,1963.0,4067.0,0.0,1.625534,2.9884470000000003,DNK,GUY,8
1778074,64,96,8,1964.0,789.0,0.0,1.62625,2.935863,DNK,GUY,8
1778075,64,96,8,1965.0,5776.0,0.0,1.7219900000000001,2.978298,DNK,GUY,8
1778076,64,96,8,1966.0,1691.0,0.0,1.5702200000000002,2.8322279999999997,DNK,GUY,8
1778077,64,96,8,1967.0,8669.0,0.0,1.606079,2.800056,DNK,GUY,8
1778078,64,96,8,1968.0,9222.0,0.0,1.5995489999999999,2.6483209999999997,DNK,GUY,8
1778079,64,96,8,1969.0,6313.0,0.0,1.620284,2.448705,DNK,GUY,8
1778080,64,96,8,1970.0,10730.0,0.0,1.546352,2.518089,DNK,GUY,8
1778081,64,96,8,1971.0,14861.0,0.0,1.5224870000000001,2.45498,DNK,GUY,8
1778082,64,96,8,1972.0,39995.0,0.0,1.494816,2.368819,DNK,GUY,8
1778083,64,96,8,1973.0,8762.0,0.0,1.452366,2.3274529999999998,DNK,GUY,8
1778084,64,96,8,1974.0,15548.0,0.0,1.250675,2.121944,DNK,GUY,8
1778085,64,96,8,1975.0,50471.0,0.0,1.3746610000000001,1.9036560000000002,DNK,GUY,8
1778086,64,96,8,1976.0,37560.0,0.0,1.333302,1.8720869999999998,DNK,GUY,8
1778087,64,96,8,1977.0,21537.0,0.0,1.265108,1.649388,DNK,GUY,8
1778088,64,96,8,1978.0,7855.0,0.0,1.47145,1.8771740000000001,DNK,GUY,8
1778089,64,96,8,1979.0,3228.0,0.0,1.495303,1.7304950000000001,DNK,GUY,8
1778090,64,96,8,1980.0,1763.0,0.0,1.355841,1.64885,DNK,GUY,8
1778091,64,96,8,1981.0,95569.0,0.0,1.37955,1.55782,DNK,GUY,8
1778092,64,96,8,1982.0,90647.0,0.0,1.357892,1.7284099999999998,DNK,GUY,8
1778093,64,96,8,1983.0,6288.0,0.0,1.40949,1.7753860000000001,DNK,GUY,8
1778094,64,96,8,1984.0,3527.0,0.0,1.472334,1.685285,DNK,GUY,8
1778095,64,96,8,1985.0,2554.0,0.0,1.4614340000000001,1.7990279999999998,DNK,GUY,8
1778096,64,96,8,1986.0,6204.0,0.0,1.5491219999999999,1.788502,DNK,GUY,8
1778097,64,96,8,1988.0,1786.0,0.0,1.57124,1.636976,DNK,GUY,8
1778098,65,96,8,1992.0,6391.0,0.0,-0.338979,-0.5049279999999999,DOM,GUY,8
1778099,65,96,8,1996.0,10368.0,0.0,-0.370096,-0.371728,DOM,GUY,8
1778100,65,96,8,1997.0,68587.0,18000.0,-0.5140170000000001,-0.564107,DOM,GUY,8
1778101,65,96,8,2002.0,179271.0,6398.0,-0.43339300000000003,-0.378827,DOM,GUY,8
1778102,65,96,8,2003.0,188540.0,3346.0,-0.36733299999999997,-0.244125,DOM,GUY,8
1778103,65,96,8,2004.0,61184.0,5704.0,-0.24909699999999999,-0.326783,DOM,GUY,8
1778104,65,96,8,2005.0,95677.0,11150.0,-0.18454500000000001,-0.054559,DOM,GUY,8
1778105,65,96,8,2006.0,119589.0,9155.0,0.044542,0.178998,DOM,GUY,8
1778106,65,96,8,2007.0,361341.0,0.0,0.033073000000000005,0.178095,DOM,GUY,8
1778107,65,96,8,2008.0,451466.0,0.0,-0.05864,0.32409,DOM,GUY,8
1778108,65,96,8,2009.0,1086079.0,5001.0,-0.20901999999999998,0.43066800000000005,DOM,GUY,8
1778109,65,96,8,2010.0,1146818.0,9310.0,-0.19651300000000002,0.473103,DOM,GUY,8
1778110,65,96,8,2011.0,1094322.0,43137.0,-0.233523,0.43093100000000006,DOM,GUY,8
1778111,65,96,8,2012.0,1438942.0,48952.0,-0.08708300000000001,0.389521,DOM,GUY,8
1778112,65,96,8,2013.0,2187040.0,10213.0,-0.272579,0.42750699999999997,DOM,GUY,8
1778113,65,96,8,2014.0,2465975.0,14468.0,-0.076532,0.472746,DOM,GUY,8
1778114,65,96,8,2015.0,1907427.0,17024.0,-0.267977,0.40571599999999997,DOM,GUY,8
1778115,65,96,8,2016.0,1262875.0,10058.0,-0.26926500000000003,0.046345,DOM,GUY,8
1778116,65,96,8,2017.0,1111957.0,25342.0,-0.314875,0.125244,DOM,GUY,8
1778117,65,96,8,2018.0,864941.0,2469.0,-0.205988,0.291906,DOM,GUY,8
1778118,65,96,8,2019.0,1378107.0,31585.0,-0.15646500000000002,0.181969,DOM,GUY,8
1778119,65,96,8,2020.0,1314988.0,40845.0,-0.016727000000000002,0.09173200000000001,DOM,GUY,8
1778120,65,96,8,2001.0,145256.0,21610.0,-0.55896,-0.517513,DOM,GUY,8
1778121,65,96,8,2000.0,97910.0,5004.0,-0.5679569999999999,-0.61125,DOM,GUY,8
1778122,65,96,8,1998.0,23320.0,19000.0,-0.637745,-0.721592,DOM,GUY,8
1778123,65,96,8,1999.0,6222.0,14497.0,-0.490572,-0.62673,DOM,GUY,8
1778124,65,96,8,1970.0,0.0,45002.0,-0.33920900000000004,-0.704184,DOM,GUY,8
1778125,65,96,8,1971.0,0.0,80081.0,-0.236627,-0.716432,DOM,GUY,8
1778126,65,96,8,1972.0,0.0,27225.0,-0.319533,-0.704217,DOM,GUY,8
1778127,65,96,8,1973.0,0.0,23686.0,-0.110279,-0.614272,DOM,GUY,8
1778128,65,96,8,1975.0,1104.0,28236.0,-0.228084,-0.6287510000000001,DOM,GUY,8
1778129,67,96,8,2009.0,18345.0,0.0,-0.8419409999999999,-0.934737,ECU,GUY,8
1778130,67,96,8,2010.0,100042.0,0.0,-0.725422,-0.843463,ECU,GUY,8
1778131,67,96,8,2011.0,17713.0,1731.0,-0.694541,-0.838952,ECU,GUY,8
1778132,67,96,8,2013.0,13829.0,2850.0,-0.8251790000000001,-0.9347200000000001,ECU,GUY,8
1778133,67,96,8,2015.0,13543.0,0.0,-1.030498,-1.0597450000000002,ECU,GUY,8
1778134,67,96,8,2016.0,104747.0,2083.0,-1.032726,-1.034297,ECU,GUY,8
1778135,67,96,8,2017.0,24200.0,0.0,-1.109413,-1.1561270000000001,ECU,GUY,8
1778136,67,96,8,2018.0,16222.0,0.0,-0.9813709999999999,-1.073273,ECU,GUY,8
1778137,67,96,8,2019.0,33476.0,0.0,-1.093713,-1.116608,ECU,GUY,8
1778138,67,96,8,2020.0,96561.0,58273.0,-1.0971229999999998,-1.105097,ECU,GUY,8
1778139,67,96,8,2000.0,0.0,1672.0,-1.016643,-0.8385469999999999,ECU,GUY,8
1778140,68,96,8,1966.0,0.0,64437.0,0.085038,-0.450143,EGY,GUY,8
1778141,68,96,8,2014.0,1728.0,0.0,-0.036009,2.027503,EGY,GUY,8
1778142,68,96,8,1974.0,0.0,61045.0,0.340277,-0.400991,EGY,GUY,8
1778143,69,96,8,2007.0,51272.0,0.0,-0.726923,-0.9431299999999999,ERI,GUY,8
1778144,71,96,8,1989.0,99672.0,0.0,1.173997,1.9542689999999998,ESP,GUY,8
1778145,71,96,8,1990.0,63055.0,0.0,1.214777,1.957139,ESP,GUY,8
1778146,71,96,8,1991.0,86388.0,4088.0,1.240047,1.8942240000000001,ESP,GUY,8
1778147,71,96,8,1992.0,104727.0,8321.0,1.301511,1.730441,ESP,GUY,8
1778148,71,96,8,1994.0,85608.0,367425.0,1.254037,1.8126259999999998,ESP,GUY,8
1778149,71,96,8,1995.0,38574.0,0.0,1.2111370000000001,1.789998,ESP,GUY,8
1778150,71,96,8,1996.0,15576.0,0.0,1.157591,1.795643,ESP,GUY,8
1778151,71,96,8,1997.0,45821.0,9247.0,1.068989,1.9429439999999998,ESP,GUY,8
1778152,71,96,8,1998.0,13999.0,0.0,1.049748,1.842801,ESP,GUY,8
1778153,71,96,8,1999.0,52226.0,0.0,1.081651,1.834609,ESP,GUY,8
1778154,71,96,8,2000.0,89977.0,0.0,1.158711,1.7613189999999999,ESP,GUY,8
1778155,71,96,8,2001.0,42782.0,0.0,1.1380350000000001,1.7870139999999999,ESP,GUY,8
1778156,71,96,8,2002.0,219281.0,3056.0,1.054108,1.9357349999999998,ESP,GUY,8
1778157,71,96,8,2003.0,19844.0,20689.0,1.046206,1.869592,ESP,GUY,8
1778158,71,96,8,2004.0,109631.0,5841.0,1.04057,1.789023,ESP,GUY,8
1778159,71,96,8,2005.0,47241.0,0.0,1.053859,1.626516,ESP,GUY,8
1778160,71,96,8,2006.0,103046.0,2272.0,0.9909459999999999,1.785809,ESP,GUY,8
1778161,71,96,8,2007.0,44462.0,2264.0,1.0031809999999999,1.5022469999999999,ESP,GUY,8
1778162,71,96,8,2008.0,62178.0,6453.0,0.96614,1.618105,ESP,GUY,8
1778163,71,96,8,2009.0,134620.0,1046.0,1.0229780000000002,1.347901,ESP,GUY,8
1778164,71,96,8,2010.0,351503.0,0.0,0.992818,1.6100700000000001,ESP,GUY,8
1778165,71,96,8,2011.0,112936.0,2341.0,0.9554520000000001,1.846371,ESP,GUY,8
1778166,71,96,8,2012.0,51373.0,0.0,0.925701,1.8700189999999999,ESP,GUY,8
1778167,71,96,8,2013.0,719195.0,2355.0,0.955472,1.80005,ESP,GUY,8
1778168,71,96,8,2014.0,244672.0,0.0,0.9574159999999999,1.787233,ESP,GUY,8
1778169,71,96,8,2015.0,455895.0,0.0,0.893726,1.9827139999999999,ESP,GUY,8
1778170,71,96,8,2016.0,224106.0,0.0,0.795006,2.203292,ESP,GUY,8
1778171,71,96,8,2017.0,230792.0,0.0,0.7720279999999999,2.434042,ESP,GUY,8
1778172,71,96,8,2018.0,546512.0,1591.0,0.851197,2.261012,ESP,GUY,8
1778173,71,96,8,2019.0,164648.0,16801.0,0.799822,2.383539,ESP,GUY,8
1778174,71,96,8,2020.0,238248.0,4510.0,0.766163,2.268333,ESP,GUY,8
1778175,71,96,8,1993.0,54434.0,0.0,1.290443,1.7061099999999998,ESP,GUY,8
1778176,71,96,8,1973.0,148761.0,0.0,0.8936069999999999,1.755696,ESP,GUY,8
1778177,71,96,8,1978.0,41995.0,0.0,1.118999,2.2511189999999996,ESP,GUY,8
1778178,71,96,8,1979.0,14784.0,0.0,1.1771989999999999,2.1863189999999997,ESP,GUY,8
1778179,71,96,8,1981.0,4277.0,1675.0,1.162348,1.961497,ESP,GUY,8
1778180,71,96,8,1986.0,31983.0,2101.0,1.208836,2.051042,ESP,GUY,8
1778181,71,96,8,1987.0,142708.0,10768.0,1.1571069999999999,2.103481,ESP,GUY,8
1778182,71,96,8,1988.0,120547.0,0.0,1.11896,2.047666,ESP,GUY,8
1778183,71,96,8,1972.0,85663.0,0.0,0.9582149999999999,1.7064110000000001,ESP,GUY,8
1778184,71,96,8,1969.0,98252.0,0.0,1.081226,1.700386,ESP,GUY,8
1778185,71,96,8,1970.0,26681.0,0.0,0.9979129999999999,1.7401209999999998,ESP,GUY,8
1778186,71,96,8,1971.0,87856.0,0.0,0.9618040000000001,1.789808,ESP,GUY,8
1778187,71,96,8,1974.0,56423.0,0.0,0.888235,2.233851,ESP,GUY,8
1778188,71,96,8,1975.0,46273.0,0.0,0.887158,2.1441830000000004,ESP,GUY,8
1778189,72,96,8,2016.0,2000.0,0.0,0.958292,1.190173,EST,GUY,8
1778190,72,96,8,2017.0,1097.0,0.0,1.004481,1.311075,EST,GUY,8
1778191,74,96,8,1994.0,5788.0,0.0,1.8981270000000001,1.24787,FIN,GUY,8
1778192,74,96,8,2005.0,1221.0,0.0,1.961555,0.858849,FIN,GUY,8
1778193,74,96,8,2011.0,24625.0,0.0,1.7162240000000002,0.903516,FIN,GUY,8
1778194,74,96,8,1996.0,2308.0,0.0,2.007619,1.016303,FIN,GUY,8
1778195,74,96,8,1997.0,24361.0,0.0,1.991377,1.047477,FIN,GUY,8
1778196,74,96,8,1998.0,11563.0,0.0,1.955559,0.9756879999999999,FIN,GUY,8
1778197,74,96,8,1999.0,8210.0,0.0,1.9599389999999999,0.962261,FIN,GUY,8
1778198,74,96,8,2000.0,26371.0,0.0,1.9705560000000002,0.874341,FIN,GUY,8
1778199,74,96,8,2001.0,21434.0,0.0,1.9661669999999998,1.000436,FIN,GUY,8
1778200,74,96,8,2006.0,41806.0,0.0,1.8630220000000002,0.87172,FIN,GUY,8
1778201,74,96,8,2010.0,28095.0,0.0,1.6940389999999999,0.946305,FIN,GUY,8
1778202,74,96,8,2007.0,114224.0,0.0,1.845464,0.736017,FIN,GUY,8
1778203,74,96,8,2009.0,8146.0,0.0,1.817984,0.808595,FIN,GUY,8
1778204,74,96,8,2014.0,64060.0,5529.0,1.591758,0.9737819999999999,FIN,GUY,8
1778205,74,96,8,2008.0,19122.0,0.0,1.72795,0.837151,FIN,GUY,8
1778206,74,96,8,2017.0,91983.0,0.0,1.6562990000000002,0.94619,FIN,GUY,8
1778207,74,96,8,2019.0,137335.0,0.0,1.453063,1.008861,FIN,GUY,8
1778208,74,96,8,2020.0,82438.0,0.0,1.4016469999999999,1.07154,FIN,GUY,8
1778209,74,96,8,2004.0,49930.0,0.0,1.9662810000000002,1.018108,FIN,GUY,8
1778210,74,96,8,2013.0,4393.0,0.0,1.700282,0.867677,FIN,GUY,8
1778211,74,96,8,2018.0,23709.0,7616.0,1.561518,1.0198450000000001,FIN,GUY,8
1778212,74,96,8,1973.0,1494.0,0.0,1.286851,1.312499,FIN,GUY,8
1778213,74,96,8,1974.0,2472.0,1796.0,1.2140520000000001,1.441429,FIN,GUY,8
1778214,74,96,8,1981.0,2253.0,0.0,1.26512,1.37789,FIN,GUY,8
1778215,74,96,8,1990.0,2163.0,0.0,1.8661130000000001,1.410782,FIN,GUY,8
1778216,74,96,8,2002.0,38602.0,0.0,1.9545119999999998,1.047515,FIN,GUY,8
1778217,74,96,8,2015.0,12284.0,0.0,1.58637,1.0265389999999999,FIN,GUY,8
1778218,74,96,8,2016.0,59938.0,0.0,1.621764,1.026393,FIN,GUY,8
1778219,74,96,8,1969.0,1872.0,0.0,1.489982,1.369816,FIN,GUY,8
1778220,74,96,8,1970.0,2162.0,0.0,1.458573,1.416044,FIN,GUY,8
1778221,74,96,8,1971.0,3126.0,0.0,1.382261,1.410232,FIN,GUY,8
1778222,74,96,8,1972.0,4312.0,0.0,1.3664379999999998,1.336475,FIN,GUY,8
1778223,77,96,8,1990.0,77858.0,8605.0,1.669715,1.508365,FRA,GUY,8
1778224,77,96,8,1991.0,69659.0,9443.0,1.7085,1.57273,FRA,GUY,8
1778225,77,96,8,1992.0,50419.0,15607.0,1.682766,1.2713430000000001,FRA,GUY,8
1778226,77,96,8,1993.0,313351.0,1375.0,1.7458349999999998,0.79503,FRA,GUY,8
1778227,77,96,8,1994.0,22740.0,7149.0,1.695588,1.057641,FRA,GUY,8
1778228,77,96,8,1995.0,37243.0,2392.0,1.852554,0.414677,FRA,GUY,8
1778229,77,96,8,1996.0,166118.0,10650.0,1.571365,1.187529,FRA,GUY,8
1778230,77,96,8,1997.0,408298.0,328668.0,1.6737630000000001,0.7499439999999999,FRA,GUY,8
1778231,77,96,8,1998.0,427498.0,257541.0,1.653518,0.7599899999999999,FRA,GUY,8
1778232,77,96,8,1999.0,88517.0,4100.0,1.636221,0.682519,FRA,GUY,8
1778233,77,96,8,2000.0,60859.0,8136.0,1.644969,0.56481,FRA,GUY,8
1778234,77,96,8,2001.0,236394.0,7442.0,1.6143809999999998,0.626221,FRA,GUY,8
1778235,77,96,8,2002.0,280890.0,2261.0,1.648526,0.6870430000000001,FRA,GUY,8
1778236,77,96,8,2003.0,160234.0,29125.0,1.634758,0.66581,FRA,GUY,8
1778237,77,96,8,2004.0,168158.0,9188.0,1.57079,0.6776760000000001,FRA,GUY,8
1778238,77,96,8,2005.0,95799.0,8428.0,1.525785,0.543208,FRA,GUY,8
1778239,77,96,8,2006.0,541954.0,11864.0,1.499686,0.16705699999999998,FRA,GUY,8
1778240,77,96,8,2007.0,160597.0,24587.0,1.413086,-0.07526000000000001,FRA,GUY,8
1778241,77,96,8,2008.0,313814.0,37004.0,1.488816,-0.452563,FRA,GUY,8
1778242,77,96,8,2009.0,383821.0,25994.0,1.527516,-0.306229,FRA,GUY,8
1778243,77,96,8,2010.0,633443.0,16129.0,1.5047760000000001,0.001199,FRA,GUY,8
1778244,77,96,8,2011.0,692310.0,31354.0,1.464241,0.097453,FRA,GUY,8
1778245,77,96,8,2012.0,895069.0,76784.0,1.414721,0.07219600000000001,FRA,GUY,8
1778246,77,96,8,2013.0,2804251.0,23949.0,1.5253299999999999,0.026146,FRA,GUY,8
1778247,77,96,8,2014.0,478767.0,16214.0,1.432323,0.43023,FRA,GUY,8
1778248,77,96,8,2015.0,410194.0,16297.0,1.439999,0.764368,FRA,GUY,8
1778249,77,96,8,2016.0,376341.0,83625.0,1.490723,0.8471559999999999,FRA,GUY,8
1778250,77,96,8,2017.0,394585.0,3531.0,1.3874030000000002,0.8887719999999999,FRA,GUY,8
1778251,77,96,8,2018.0,184063.0,10673.0,1.3578540000000001,0.9033700000000001,FRA,GUY,8
1778252,77,96,8,2019.0,312216.0,47724.0,1.293666,1.116506,FRA,GUY,8
1778253,77,96,8,2020.0,193250.0,14729.0,1.2875159999999999,0.9690559999999999,FRA,GUY,8
1778254,77,96,8,1962.0,11286.0,0.0,1.846026,2.297136,FRA,GUY,8
1778255,77,96,8,1963.0,22935.0,0.0,1.8066380000000002,2.178048,FRA,GUY,8
1778256,77,96,8,1964.0,33712.0,0.0,1.864081,1.702066,FRA,GUY,8
1778257,77,96,8,1965.0,115043.0,4014.0,1.965084,1.587269,FRA,GUY,8
1778258,77,96,8,1966.0,128071.0,4937.0,1.789189,2.2593080000000003,FRA,GUY,8
1778259,77,96,8,1967.0,243577.0,2201.0,1.78608,1.9817189999999998,FRA,GUY,8
1778260,77,96,8,1968.0,159713.0,5288.0,1.7160810000000002,1.713236,FRA,GUY,8
1778261,77,96,8,1969.0,163686.0,6228.0,1.8168810000000002,1.280003,FRA,GUY,8
1778262,77,96,8,1970.0,130618.0,27362.0,1.7668139999999999,1.386095,FRA,GUY,8
1778263,77,96,8,1971.0,234176.0,21972.0,1.7299959999999999,1.562786,FRA,GUY,8
1778264,77,96,8,1972.0,169356.0,13038.0,1.659743,1.8874959999999998,FRA,GUY,8
1778265,77,96,8,1973.0,260815.0,133453.0,1.6488599999999998,1.432863,FRA,GUY,8
1778266,77,96,8,1974.0,332828.0,132686.0,1.477955,-0.689535,FRA,GUY,8
1778267,77,96,8,1975.0,226850.0,256079.0,1.613889,-0.820149,FRA,GUY,8
1778268,77,96,8,1978.0,73185.0,0.0,1.646955,0.9724659999999999,FRA,GUY,8
1778269,77,96,8,1979.0,262921.0,0.0,1.647521,0.415969,FRA,GUY,8
1778270,77,96,8,1980.0,167924.0,4668.0,1.498672,-0.30297399999999997,FRA,GUY,8
1778271,77,96,8,1981.0,68140.0,3157.0,1.522777,-0.132459,FRA,GUY,8
1778272,77,96,8,1982.0,264855.0,0.0,1.572164,0.28068000000000004,FRA,GUY,8
1778273,77,96,8,1983.0,76413.0,0.0,1.568431,0.46635299999999996,FRA,GUY,8
1778274,77,96,8,1984.0,173876.0,0.0,1.600737,0.828666,FRA,GUY,8
1778275,77,96,8,1985.0,80689.0,13839.0,1.644796,0.825614,FRA,GUY,8
1778276,77,96,8,1986.0,81562.0,16228.0,1.6510099999999999,1.772803,FRA,GUY,8
1778277,77,96,8,1987.0,67858.0,17819.0,1.7136770000000001,1.574565,FRA,GUY,8
1778278,77,96,8,1988.0,24673.0,46631.0,1.646985,1.580049,FRA,GUY,8
1778279,77,96,8,1989.0,84751.0,18946.0,1.5896549999999998,1.5629709999999999,FRA,GUY,8
1778280,81,96,8,1988.0,1818016.0,2920924.0,1.8213439999999999,1.159216,GBR,GUY,8
1778281,81,96,8,1989.0,2453707.0,9297.0,1.832586,1.199455,GBR,GUY,8
1778282,81,96,8,1990.0,2414378.0,10024.0,1.977629,1.004624,GBR,GUY,8
1778283,81,96,8,1991.0,1005714.0,1254.0,1.9737060000000002,1.125521,GBR,GUY,8
1778284,81,96,8,1992.0,2379597.0,64857.0,1.8901810000000001,0.9274030000000001,GBR,GUY,8
1778285,81,96,8,1993.0,2220250.0,19044.0,1.868148,1.0931,GBR,GUY,8
1778286,81,96,8,1994.0,2667101.0,306390.0,1.9469439999999998,0.9958540000000001,GBR,GUY,8
1778287,81,96,8,1995.0,3652769.0,64318.0,1.876209,1.117718,GBR,GUY,8
1778288,81,96,8,1996.0,4430319.0,253875.0,1.948148,0.882453,GBR,GUY,8
1778289,81,96,8,1997.0,4204339.0,1588972.0,1.9742490000000001,0.7046359999999999,GBR,GUY,8
1778290,81,96,8,1998.0,4059914.0,1184051.0,2.000695,0.397047,GBR,GUY,8
1778291,81,96,8,1999.0,3474269.0,1736353.0,2.0135549999999998,0.749078,GBR,GUY,8
1778292,81,96,8,2000.0,3974568.0,2889195.0,2.099928,0.564025,GBR,GUY,8
1778293,81,96,8,2001.0,3889450.0,1474122.0,2.1068439999999997,0.658575,GBR,GUY,8
1778294,81,96,8,2002.0,2608762.0,1698254.0,2.067395,0.7934359999999999,GBR,GUY,8
1778295,81,96,8,2003.0,2785054.0,1542060.0,1.9672990000000001,0.793304,GBR,GUY,8
1778296,81,96,8,2004.0,2754215.0,1188663.0,1.872987,0.734065,GBR,GUY,8
1778297,81,96,8,2005.0,3359292.0,1581567.0,1.828858,0.71685,GBR,GUY,8
1778298,81,96,8,2006.0,3275000.0,1726102.0,1.8509779999999998,0.674074,GBR,GUY,8
1778299,81,96,8,2007.0,3670472.0,3033950.0,1.6521099999999997,0.544978,GBR,GUY,8
1778300,81,96,8,2008.0,2745021.0,2075223.0,1.7116040000000001,0.286571,GBR,GUY,8
1778301,81,96,8,2009.0,2764337.0,814301.0,1.6016219999999999,0.648858,GBR,GUY,8
1778302,81,96,8,2010.0,3842507.0,404267.0,1.6026989999999999,0.8213229999999999,GBR,GUY,8
1778303,81,96,8,2011.0,4148567.0,367286.0,1.586516,0.8053739999999999,GBR,GUY,8
1778304,81,96,8,2012.0,2374041.0,63712.0,1.544653,0.776512,GBR,GUY,8
1778305,81,96,8,2013.0,3038346.0,3758.0,1.628465,0.77075,GBR,GUY,8
1778306,81,96,8,2014.0,4155583.0,15819.0,1.542804,0.915499,GBR,GUY,8
1778307,81,96,8,2015.0,2778851.0,21395.0,1.6475689999999998,0.8981,GBR,GUY,8
1778308,81,96,8,2016.0,5338490.0,77323.0,1.569616,1.048129,GBR,GUY,8
1778309,81,96,8,2017.0,4463118.0,67824.0,1.499843,1.120201,GBR,GUY,8
1778310,81,96,8,2018.0,4817745.0,215324.0,1.481442,1.050259,GBR,GUY,8
1778311,81,96,8,2019.0,4188473.0,151862.0,1.5290620000000001,0.906005,GBR,GUY,8
1778312,81,96,8,2020.0,4277824.0,90791.0,1.540208,0.9229510000000001,GBR,GUY,8
1778313,81,96,8,1962.0,2477705.0,482422.0,2.288769,0.619789,GBR,GUY,8
1778314,81,96,8,1963.0,2147364.0,755614.0,2.2784470000000003,-0.302055,GBR,GUY,8
1778315,81,96,8,1964.0,2380890.0,1204796.0,2.2279299999999997,-0.315389,GBR,GUY,8
1778316,81,96,8,1965.0,2812794.0,1448917.0,2.347121,0.389156,GBR,GUY,8
1778317,81,96,8,1966.0,3389251.0,1237688.0,2.2795669999999997,0.23442800000000003,GBR,GUY,8
1778318,81,96,8,1967.0,2969820.0,1129963.0,2.170976,0.45509700000000003,GBR,GUY,8
1778319,81,96,8,1968.0,2981324.0,1417921.0,2.058025,0.677452,GBR,GUY,8
1778320,81,96,8,1969.0,3503407.0,1475262.0,2.109727,0.776883,GBR,GUY,8
1778321,81,96,8,1970.0,2967017.0,1615525.0,2.096027,0.26423,GBR,GUY,8
1778322,81,96,8,1971.0,3224465.0,2163830.0,2.1646669999999997,0.034970999999999995,GBR,GUY,8
1778323,81,96,8,1972.0,3261208.0,3232260.0,2.202226,-0.618205,GBR,GUY,8
1778324,81,96,8,1973.0,2874767.0,2344287.0,2.087637,0.165224,GBR,GUY,8
1778325,81,96,8,1974.0,3579724.0,3865830.0,1.786298,-2.155852,GBR,GUY,8
1778326,81,96,8,1975.0,5220345.0,6232002.0,1.8978270000000002,-2.19693,GBR,GUY,8
1778327,81,96,8,1978.0,3446310.0,60934.0,1.831127,-0.078639,GBR,GUY,8
1778328,81,96,8,1979.0,4565069.0,63160.0,1.797477,-0.29938200000000004,GBR,GUY,8
1778329,81,96,8,1980.0,5125652.0,21540.0,1.69192,-0.568465,GBR,GUY,8
1778330,81,96,8,1981.0,4071147.0,144718.0,1.6853,-0.663841,GBR,GUY,8
1778331,81,96,8,1982.0,1538354.0,158209.0,1.7869009999999999,0.13969600000000001,GBR,GUY,8
1778332,81,96,8,1983.0,691384.0,24692.0,1.7667669999999998,0.944868,GBR,GUY,8
1778333,81,96,8,1984.0,2967896.0,29930.0,1.757537,1.1518549999999999,GBR,GUY,8
1778334,81,96,8,1985.0,1775132.0,9492.0,1.8823169999999998,0.9483280000000001,GBR,GUY,8
1778335,81,96,8,1986.0,1151522.0,8431.0,1.804693,1.67285,GBR,GUY,8
1778336,81,96,8,1987.0,1156738.0,277812.0,1.892367,1.56269,GBR,GUY,8
1778337,82,96,8,2004.0,0.0,1831.0,-0.030676,-0.560186,GEO,GUY,8
1778338,82,96,8,1992.0,75274.0,0.0,0.392506,-0.43089399999999994,GEO,GUY,8
1778339,83,96,8,2007.0,0.0,19368.0,-0.671079,-0.311808,GHA,GUY,8
1778340,83,96,8,2014.0,3221.0,0.0,-1.1140299999999999,-1.0711700000000002,GHA,GUY,8
1778341,83,96,8,2019.0,170916.0,0.0,-0.853085,-0.813862,GHA,GUY,8
1778342,85,96,8,2020.0,0.0,11646.0,-1.910969,-1.281012,GIN,GUY,8
1778343,86,96,8,1968.0,0.0,4720.0,-0.408167,-0.372355,GLP,GUY,8
1778344,86,96,8,1969.0,0.0,5474.0,-0.045252999999999995,-0.40733400000000003,GLP,GUY,8
1778345,86,96,8,1971.0,0.0,2156.0,-0.531874,-0.39812800000000004,GLP,GUY,8
1778346,86,96,8,1976.0,0.0,1421.0,0.653671,-0.191107,GLP,GUY,8
1778347,86,96,8,1966.0,0.0,1288.0,-0.037462,-0.487371,GLP,GUY,8
1778348,86,96,8,1967.0,0.0,4876.0,-0.203691,-0.47003999999999996,GLP,GUY,8
1778349,87,96,8,2003.0,12845.0,0.0,-0.077389,-0.095623,GMB,GUY,8
1778350,87,96,8,2004.0,11702.0,0.0,-0.22746999999999998,-0.14824600000000002,GMB,GUY,8
1778351,87,96,8,2005.0,2569.0,0.0,-0.42107100000000003,-0.5303100000000001,GMB,GUY,8
1778352,87,96,8,2020.0,4252.0,0.0,-0.808419,-1.068761,GMB,GUY,8
1778353,88,96,8,2007.0,0.0,8782.0,-1.037662,-1.0373629999999998,GNB,GUY,8
1778354,90,96,8,2000.0,1643.0,0.0,0.26193,1.607656,GRC,GUY,8
1778355,90,96,8,2003.0,1105.0,0.0,0.30701100000000003,1.498953,GRC,GUY,8
1778356,90,96,8,1998.0,8601.0,0.0,0.163609,1.342959,GRC,GUY,8
1778357,90,96,8,1999.0,8756.0,135327.0,0.096901,1.2430729999999999,GRC,GUY,8
1778358,90,96,8,2013.0,14747.0,0.0,0.073442,0.9857899999999999,GRC,GUY,8
1778359,90,96,8,2019.0,5178.0,0.0,0.107647,1.047542,GRC,GUY,8
1778360,90,96,8,2020.0,1198.0,4658.0,0.247273,0.9634229999999999,GRC,GUY,8
1778361,91,96,8,1991.0,0.0,4933.0,0.43890500000000005,0.034107,GRD,GUY,8
1778362,91,96,8,2015.0,1063.0,48298.0,0.26525,-0.362149,GRD,GUY,8
1778363,91,96,8,2004.0,0.0,120138.0,0.426058,-0.30841799999999997,GRD,GUY,8
1778364,91,96,8,2007.0,0.0,138380.0,-0.269536,-0.759799,GRD,GUY,8
1778365,91,96,8,1998.0,19796.0,92356.0,-0.293363,-0.737368,GRD,GUY,8
1778366,91,96,8,2008.0,0.0,137389.0,0.9299930000000001,0.22490300000000002,GRD,GUY,8
1778367,91,96,8,2016.0,0.0,56789.0,1.002307,-0.011001,GRD,GUY,8
1778368,91,96,8,2019.0,3833.0,41106.0,0.40048,-0.39829499999999995,GRD,GUY,8
1778369,91,96,8,1990.0,17777.0,0.0,0.129698,-0.231113,GRD,GUY,8
1778370,91,96,8,1995.0,26147.0,12498.0,0.31849,-0.314965,GRD,GUY,8
1778371,91,96,8,1996.0,27620.0,24827.0,0.62736,-0.06942100000000001,GRD,GUY,8
1778372,91,96,8,1997.0,24934.0,88497.0,0.235056,-0.254481,GRD,GUY,8
1778373,91,96,8,2000.0,0.0,138521.0,0.581976,-0.196366,GRD,GUY,8
1778374,91,96,8,2001.0,0.0,101220.0,0.405462,-0.304177,GRD,GUY,8
1778375,91,96,8,2005.0,27327.0,259894.0,0.010175,-0.6580699999999999,GRD,GUY,8
1778376,91,96,8,2009.0,0.0,103255.0,0.075159,-0.534327,GRD,GUY,8
1778377,91,96,8,1986.0,0.0,1694.0,0.135407,-0.557652,GRD,GUY,8
1778378,91,96,8,1994.0,20600.0,64998.0,0.539626,-0.236183,GRD,GUY,8
1778379,91,96,8,1999.0,49079.0,142898.0,-0.11589300000000001,-0.586025,GRD,GUY,8
1778380,91,96,8,2002.0,2138.0,115058.0,0.822523,0.032938999999999996,GRD,GUY,8
1778381,91,96,8,2006.0,1185.0,187836.0,0.174862,-0.27636700000000003,GRD,GUY,8
1778382,91,96,8,1989.0,0.0,1100.0,0.098609,-0.381808,GRD,GUY,8
1778383,91,96,8,1985.0,0.0,11495.0,-0.372388,-0.759262,GRD,GUY,8
1778384,91,96,8,1993.0,16593.0,34121.0,0.46326300000000004,-0.35787399999999997,GRD,GUY,8
1778385,91,96,8,2018.0,0.0,30372.0,0.508417,-0.198203,GRD,GUY,8
1778386,91,96,8,2020.0,2898.0,25496.0,0.40727199999999997,-0.144992,GRD,GUY,8
1778387,91,96,8,2017.0,1206.0,49479.0,0.47027399999999997,-0.272036,GRD,GUY,8
1778388,91,96,8,1984.0,0.0,1129.0,-0.443175,-0.635905,GRD,GUY,8
1778389,91,96,8,2003.0,0.0,142670.0,0.617696,0.017997,GRD,GUY,8
1778390,91,96,8,2010.0,2242.0,63708.0,-0.06595,-0.6857340000000001,GRD,GUY,8
1778391,91,96,8,2011.0,0.0,32128.0,0.018753,-0.507487,GRD,GUY,8
1778392,91,96,8,2012.0,0.0,73317.0,0.309674,-0.386334,GRD,GUY,8
1778393,91,96,8,2013.0,10402.0,45316.0,0.04823,-0.473217,GRD,GUY,8
1778394,91,96,8,2014.0,3772.0,26894.0,0.30344,-0.5055350000000001,GRD,GUY,8
1778395,91,96,8,1974.0,0.0,64133.0,0.23686300000000002,-0.657554,GRD,GUY,8
1778396,91,96,8,1973.0,0.0,59024.0,0.18894,-0.6748930000000001,GRD,GUY,8
1778397,91,96,8,1975.0,0.0,76869.0,0.18269200000000002,-0.676571,GRD,GUY,8
1778398,91,96,8,1971.0,0.0,50384.0,,,GRD,GUY,8
1778399,91,96,8,1972.0,0.0,55175.0,0.169004,-0.5698979999999999,GRD,GUY,8
1778400,91,96,8,1970.0,0.0,45472.0,-0.3004,-0.552481,GRD,GUY,8
1778401,93,96,8,1999.0,22561.0,0.0,-0.330436,0.21282399999999999,GTM,GUY,8
1778402,93,96,8,2000.0,35440.0,0.0,-0.37711100000000003,0.191477,GTM,GUY,8
1778403,93,96,8,2007.0,188953.0,0.0,-0.163465,0.705221,GTM,GUY,8
1778404,93,96,8,2008.0,670968.0,0.0,-0.147316,0.6476649999999999,GTM,GUY,8
1778405,93,96,8,2009.0,28118.0,0.0,-0.28694899999999995,0.440619,GTM,GUY,8
1778406,93,96,8,2010.0,62336.0,0.0,-0.34427800000000003,0.535576,GTM,GUY,8
1778407,93,96,8,2011.0,79087.0,0.0,-0.214435,0.595078,GTM,GUY,8
1778408,93,96,8,2012.0,90476.0,0.0,-0.15801400000000002,0.5786640000000001,GTM,GUY,8
1778409,93,96,8,2013.0,93266.0,0.0,-0.220165,0.661111,GTM,GUY,8
1778410,93,96,8,2014.0,54503.0,0.0,-0.24762199999999998,0.536379,GTM,GUY,8
1778411,93,96,8,2015.0,58814.0,0.0,-0.324784,0.5334810000000001,GTM,GUY,8
1778412,93,96,8,2016.0,83028.0,0.0,-0.397073,0.5736680000000001,GTM,GUY,8
1778413,93,96,8,2017.0,112374.0,0.0,-0.40755399999999997,0.63358,GTM,GUY,8
1778414,93,96,8,2018.0,88877.0,0.0,-0.321177,0.6339090000000001,GTM,GUY,8
1778415,93,96,8,2019.0,133187.0,129080.0,-0.319361,0.656625,GTM,GUY,8
1778416,93,96,8,2020.0,213769.0,0.0,-0.33970300000000003,0.498292,GTM,GUY,8
1778417,93,96,8,2004.0,20066.0,0.0,-0.39399,0.139128,GTM,GUY,8
1778418,93,96,8,1998.0,3077.0,0.0,-0.311879,0.12331199999999999,GTM,GUY,8
1778419,93,96,8,2001.0,31696.0,0.0,-0.43618199999999996,0.135535,GTM,GUY,8
1778420,93,96,8,2002.0,26085.0,0.0,-0.49913,-0.038079,GTM,GUY,8
1778421,93,96,8,2005.0,71088.0,0.0,-0.391801,0.5919909999999999,GTM,GUY,8
1778422,93,96,8,2006.0,13466.0,0.0,-0.179628,0.671552,GTM,GUY,8
1778423,93,96,8,2003.0,14823.0,0.0,-0.44348699999999996,0.18144000000000002,GTM,GUY,8
1778424,95,96,8,2010.0,10011.0,0.0,0.645323,0.003633,GUM,GUY,8
1778425,97,96,8,1990.0,286469.0,0.0,0.857824,1.566243,HKG,GUY,8
1778426,97,96,8,1991.0,316992.0,0.0,0.802905,1.642985,HKG,GUY,8
1778427,97,96,8,1992.0,659097.0,0.0,0.754112,1.911201,HKG,GUY,8
1778428,97,96,8,1993.0,1373350.0,0.0,0.63574,1.8439419999999997,HKG,GUY,8
1778429,97,96,8,1994.0,1362298.0,17534.0,0.709601,2.076227,HKG,GUY,8
1778430,97,96,8,1995.0,1059555.0,0.0,0.5372060000000001,1.6845279999999998,HKG,GUY,8
1778431,97,96,8,1996.0,416016.0,0.0,0.699041,1.8341720000000001,HKG,GUY,8
1778432,97,96,8,1997.0,1397565.0,0.0,0.475945,1.7576919999999998,HKG,GUY,8
1778433,97,96,8,1998.0,796576.0,0.0,0.5166850000000001,1.671371,HKG,GUY,8
1778434,97,96,8,1999.0,881151.0,0.0,0.553521,1.504111,HKG,GUY,8
1778435,97,96,8,2000.0,950317.0,4170.0,0.564112,1.776282,HKG,GUY,8
1778436,97,96,8,2001.0,627271.0,0.0,0.639538,1.5157610000000001,HKG,GUY,8
1778437,97,96,8,2002.0,867383.0,6698.0,0.704932,1.291658,HKG,GUY,8
1778438,97,96,8,2003.0,621313.0,0.0,0.64249,1.2309379999999999,HKG,GUY,8
1778439,97,96,8,2004.0,297203.0,0.0,0.72816,1.403171,HKG,GUY,8
1778440,97,96,8,2005.0,755518.0,0.0,0.68858,1.266274,HKG,GUY,8
1778441,97,96,8,2006.0,495029.0,3614.0,0.63347,1.276634,HKG,GUY,8
1778442,97,96,8,2007.0,561968.0,5221.0,0.756476,1.286757,HKG,GUY,8
1778443,97,96,8,2008.0,267187.0,1867.0,0.786315,1.316726,HKG,GUY,8
1778444,97,96,8,2009.0,295443.0,6594.0,0.685573,1.199315,HKG,GUY,8
1778445,97,96,8,2010.0,609361.0,15860.0,0.837134,1.189309,HKG,GUY,8
1778446,97,96,8,2011.0,380337.0,2788.0,0.864772,1.1197139999999999,HKG,GUY,8
1778447,97,96,8,2012.0,649602.0,1254.0,0.788308,1.029625,HKG,GUY,8
1778448,97,96,8,2013.0,681621.0,0.0,0.791401,1.249845,HKG,GUY,8
1778449,97,96,8,2014.0,594908.0,0.0,0.9198440000000001,1.257131,HKG,GUY,8
1778450,97,96,8,2015.0,644856.0,0.0,1.011511,1.2510059999999998,HKG,GUY,8
1778451,97,96,8,2016.0,1242706.0,0.0,0.877619,1.0765790000000002,HKG,GUY,8
1778452,97,96,8,2017.0,1340109.0,0.0,0.877065,1.1615520000000001,HKG,GUY,8
1778453,97,96,8,2018.0,716864.0,0.0,0.8625149999999999,1.21001,HKG,GUY,8
1778454,97,96,8,2019.0,2007320.0,0.0,0.976556,1.2446270000000001,HKG,GUY,8
1778455,97,96,8,2020.0,2157326.0,8601.0,1.086052,0.815938,HKG,GUY,8
1778456,97,96,8,1964.0,408924.0,0.0,1.375108,1.553683,HKG,GUY,8
1778457,97,96,8,1965.0,688365.0,0.0,1.484299,1.5623200000000002,HKG,GUY,8
1778458,97,96,8,1966.0,548155.0,0.0,1.334047,1.540347,HKG,GUY,8
1778459,97,96,8,1967.0,709821.0,0.0,1.491538,1.48129,HKG,GUY,8
1778460,97,96,8,1968.0,586659.0,0.0,1.397888,1.218178,HKG,GUY,8
1778461,97,96,8,1969.0,779508.0,0.0,1.437077,1.1915870000000002,HKG,GUY,8
1778462,97,96,8,1970.0,514635.0,0.0,1.327474,1.209848,HKG,GUY,8
1778463,97,96,8,1971.0,656942.0,0.0,1.4643760000000001,1.159238,HKG,GUY,8
1778464,97,96,8,1972.0,478375.0,0.0,1.413254,1.2774290000000001,HKG,GUY,8
1778465,97,96,8,1973.0,573472.0,0.0,1.2994709999999998,1.267608,HKG,GUY,8
1778466,97,96,8,1974.0,345431.0,0.0,1.137257,1.2639559999999999,HKG,GUY,8
1778467,97,96,8,1975.0,503814.0,0.0,1.1337540000000002,1.247023,HKG,GUY,8
1778468,97,96,8,1978.0,178295.0,0.0,1.058458,1.293126,HKG,GUY,8
1778469,97,96,8,1979.0,250789.0,0.0,1.0488110000000002,1.364157,HKG,GUY,8
1778470,97,96,8,1980.0,327985.0,0.0,1.149419,1.326548,HKG,GUY,8
1778471,97,96,8,1981.0,67807.0,0.0,1.041593,1.296638,HKG,GUY,8
1778472,97,96,8,1982.0,6052.0,0.0,1.0447819999999999,1.5833549999999998,HKG,GUY,8
1778473,97,96,8,1983.0,120273.0,0.0,1.068091,1.7522950000000002,HKG,GUY,8
1778474,97,96,8,1984.0,143353.0,0.0,1.042478,1.688087,HKG,GUY,8
1778475,97,96,8,1985.0,54994.0,0.0,0.9896809999999999,2.061391,HKG,GUY,8
1778476,97,96,8,1986.0,50487.0,0.0,0.986287,1.8016889999999999,HKG,GUY,8
1778477,97,96,8,1987.0,66099.0,0.0,0.96283,1.5352059999999998,HKG,GUY,8
1778478,97,96,8,1988.0,121571.0,0.0,0.920276,1.746432,HKG,GUY,8
1778479,97,96,8,1989.0,247271.0,0.0,0.8922379999999999,1.6984439999999998,HKG,GUY,8
1778480,99,96,8,2010.0,4585.0,0.0,-0.550834,-0.268997,HND,GUY,8
1778481,99,96,8,2012.0,32325.0,0.0,-0.362811,-0.012651,HND,GUY,8
1778482,99,96,8,2014.0,1407.0,0.0,-0.372433,0.036463,HND,GUY,8
1778483,99,96,8,2015.0,24236.0,0.0,-0.478875,-0.20620500000000003,HND,GUY,8
1778484,99,96,8,2016.0,23106.0,0.0,-0.506029,-0.30843899999999996,HND,GUY,8
1778485,99,96,8,2017.0,13962.0,0.0,-0.44761999999999996,-0.20167100000000002,HND,GUY,8
1778486,99,96,8,2018.0,24732.0,0.0,-0.505516,-0.20719899999999997,HND,GUY,8
1778487,99,96,8,2019.0,17243.0,22393.0,-0.532816,-0.261911,HND,GUY,8
1778488,99,96,8,2002.0,1502.0,0.0,-0.637891,-0.564421,HND,GUY,8
1778489,99,96,8,2013.0,23366.0,0.0,-0.6661060000000001,-0.38619699999999996,HND,GUY,8
1778490,99,96,8,2020.0,20088.0,0.0,-0.646945,-0.36156,HND,GUY,8
1778491,101,96,8,2008.0,0.0,2455.0,-0.913241,-1.021323,HTI,GUY,8
1778492,101,96,8,2012.0,0.0,3321.0,-0.595386,-0.902546,HTI,GUY,8
1778493,101,96,8,2015.0,0.0,27766.0,-1.009783,-0.9162520000000001,HTI,GUY,8
1778494,101,96,8,2017.0,110625.0,0.0,-0.793367,-0.8960459999999999,HTI,GUY,8
1778495,101,96,8,1998.0,0.0,2000.0,-0.948034,-0.936018,HTI,GUY,8
1778496,101,96,8,2010.0,0.0,29648.0,-0.756351,-1.0250629999999998,HTI,GUY,8
1778497,102,96,8,2018.0,131172.0,0.0,1.6983409999999999,0.693194,HUN,GUY,8
1778498,102,96,8,2019.0,80093.0,0.0,1.622961,0.729688,HUN,GUY,8
1778499,102,96,8,2020.0,104575.0,0.0,1.541669,0.8604440000000001,HUN,GUY,8
1778500,102,96,8,2008.0,1219.0,0.0,1.501854,0.787406,HUN,GUY,8
1778501,102,96,8,1992.0,880.0,0.0,0.9144620000000001,2.157041,HUN,GUY,8
1778502,103,96,8,2000.0,102589.0,0.0,0.05846799999999999,1.577531,IDN,GUY,8
1778503,103,96,8,2003.0,127614.0,0.0,0.025965,1.8254810000000001,IDN,GUY,8
1778504,103,96,8,2006.0,118374.0,0.0,0.0036969999999999998,1.703498,IDN,GUY,8
1778505,103,96,8,2017.0,25805.0,0.0,-0.072977,1.376847,IDN,GUY,8
1778506,103,96,8,2019.0,158827.0,0.0,-0.004408,1.646785,IDN,GUY,8
1778507,103,96,8,2020.0,22620.0,56370.0,-0.073974,1.965191,IDN,GUY,8
1778508,103,96,8,2009.0,33515.0,0.0,-0.072777,1.4957200000000002,IDN,GUY,8
1778509,103,96,8,2010.0,68536.0,0.0,-0.071885,1.3853799999999998,IDN,GUY,8
1778510,103,96,8,2012.0,90274.0,4003.0,0.045694,1.635448,IDN,GUY,8
1778511,103,96,8,2013.0,200365.0,0.0,-0.006876999999999999,1.8336569999999999,IDN,GUY,8
1778512,103,96,8,2014.0,54461.0,0.0,0.068135,1.672437,IDN,GUY,8
1778513,103,96,8,2015.0,32664.0,0.0,-0.01932,1.6612939999999998,IDN,GUY,8
1778514,103,96,8,2016.0,38543.0,0.0,-0.013630000000000001,1.744404,IDN,GUY,8
1778515,103,96,8,1999.0,144570.0,0.0,-0.03707,1.781111,IDN,GUY,8
1778516,103,96,8,2004.0,154680.0,0.0,0.010095999999999999,1.7413779999999999,IDN,GUY,8
1778517,103,96,8,2005.0,73272.0,0.0,-0.07722799999999999,1.622116,IDN,GUY,8
1778518,103,96,8,2001.0,159112.0,0.0,0.039233,1.780659,IDN,GUY,8
1778519,103,96,8,2008.0,202646.0,0.0,0.051556,1.544162,IDN,GUY,8
1778520,103,96,8,1997.0,125140.0,0.0,-0.21049600000000002,1.318692,IDN,GUY,8
1778521,103,96,8,1998.0,58445.0,0.0,-0.253262,1.620942,IDN,GUY,8
1778522,103,96,8,2002.0,150194.0,0.0,0.098182,1.7305840000000001,IDN,GUY,8
1778523,103,96,8,2007.0,157241.0,0.0,0.076632,1.853086,IDN,GUY,8
1778524,103,96,8,2011.0,107459.0,0.0,0.044654,1.3076370000000002,IDN,GUY,8
1778525,103,96,8,1990.0,9187.0,0.0,-0.368679,0.300398,IDN,GUY,8
1778526,103,96,8,1991.0,29685.0,0.0,-0.468001,0.617554,IDN,GUY,8
1778527,103,96,8,1992.0,60672.0,0.0,-0.5250670000000001,0.717568,IDN,GUY,8
1778528,103,96,8,1993.0,314104.0,0.0,-0.442924,0.920176,IDN,GUY,8
1778529,103,96,8,1994.0,90300.0,1116.0,-0.37045500000000003,0.804771,IDN,GUY,8
1778530,103,96,8,1995.0,145383.0,0.0,-0.351723,1.294671,IDN,GUY,8
1778531,103,96,8,1996.0,107266.0,0.0,-0.25952,1.343972,IDN,GUY,8
1778532,104,96,8,2004.0,490801.0,0.0,0.20872,2.817307,IND,GUY,8
1778533,104,96,8,2007.0,1302779.0,28758.0,0.27449,2.811626,IND,GUY,8
1778534,104,96,8,2009.0,1419798.0,0.0,0.189371,2.48163,IND,GUY,8
1778535,104,96,8,2011.0,3840850.0,3911.0,0.208119,2.513252,IND,GUY,8
1778536,104,96,8,2012.0,2247927.0,44986.0,0.24883200000000003,2.463711,IND,GUY,8
1778537,104,96,8,2013.0,2977547.0,50668.0,0.18186,2.647598,IND,GUY,8
1778538,104,96,8,2014.0,2329905.0,0.0,0.236316,2.659173,IND,GUY,8
1778539,104,96,8,2015.0,2401910.0,15612.0,0.23374499999999998,2.830277,IND,GUY,8
1778540,104,96,8,2016.0,2933478.0,0.0,0.223813,2.787547,IND,GUY,8
1778541,104,96,8,2017.0,3442096.0,0.0,0.262126,2.8212040000000003,IND,GUY,8
1778542,104,96,8,2018.0,3491426.0,1314.0,0.536561,2.450287,IND,GUY,8
1778543,104,96,8,2019.0,3118362.0,7815.0,0.433709,2.64201,IND,GUY,8
1778544,104,96,8,2020.0,2208376.0,2556766.0,0.41626899999999994,2.9597849999999997,IND,GUY,8
1778545,104,96,8,2010.0,1427020.0,0.0,0.163603,2.471145,IND,GUY,8
1778546,104,96,8,2008.0,1205713.0,18350.0,0.328291,2.96604,IND,GUY,8
1778547,104,96,8,2003.0,353226.0,0.0,0.306526,2.707274,IND,GUY,8
1778548,104,96,8,2005.0,1135687.0,12429.0,0.23850700000000002,2.717123,IND,GUY,8
1778549,104,96,8,2006.0,827650.0,0.0,0.202078,2.594677,IND,GUY,8
1778550,104,96,8,2000.0,707116.0,0.0,0.323006,2.3446860000000003,IND,GUY,8
1778551,104,96,8,1962.0,37806.0,0.0,0.198615,0.219928,IND,GUY,8
1778552,104,96,8,1963.0,28229.0,0.0,0.307498,0.38187,IND,GUY,8
1778553,104,96,8,1964.0,42889.0,0.0,0.140498,0.16888699999999998,IND,GUY,8
1778554,104,96,8,1965.0,39756.0,0.0,0.190441,0.17858800000000002,IND,GUY,8
1778555,104,96,8,1966.0,83805.0,0.0,0.17943299999999998,0.123144,IND,GUY,8
1778556,104,96,8,1967.0,48613.0,0.0,0.066968,0.000591,IND,GUY,8
1778557,104,96,8,1968.0,94114.0,0.0,0.1404,0.23993299999999998,IND,GUY,8
1778558,104,96,8,1969.0,82532.0,0.0,0.12667,0.26710100000000003,IND,GUY,8
1778559,104,96,8,1970.0,72995.0,0.0,0.072487,0.451657,IND,GUY,8
1778560,104,96,8,1971.0,94443.0,0.0,0.28820999999999997,0.790629,IND,GUY,8
1778561,104,96,8,1972.0,93787.0,0.0,0.266958,0.561941,IND,GUY,8
1778562,104,96,8,1973.0,84116.0,0.0,0.258108,0.616838,IND,GUY,8
1778563,104,96,8,1974.0,69113.0,0.0,0.33256199999999997,0.7981550000000001,IND,GUY,8
1778564,104,96,8,1975.0,123429.0,0.0,0.317298,1.146847,IND,GUY,8
1778565,104,96,8,1978.0,95130.0,0.0,0.539744,1.414683,IND,GUY,8
1778566,104,96,8,1979.0,88913.0,0.0,0.415861,1.650712,IND,GUY,8
1778567,104,96,8,1980.0,55719.0,0.0,0.39205,1.618323,IND,GUY,8
1778568,104,96,8,1981.0,3018.0,0.0,0.48179099999999997,1.82085,IND,GUY,8
1778569,104,96,8,1982.0,59084.0,0.0,0.239786,1.3706049999999999,IND,GUY,8
1778570,104,96,8,1983.0,56280.0,0.0,0.098381,0.942118,IND,GUY,8
1778571,104,96,8,1989.0,7952.0,0.0,0.156403,1.439072,IND,GUY,8
1778572,104,96,8,1991.0,62109.0,0.0,0.21165100000000003,1.793425,IND,GUY,8
1778573,104,96,8,1992.0,12829.0,0.0,0.101094,1.6851180000000001,IND,GUY,8
1778574,104,96,8,1993.0,57918.0,0.0,-0.040976,1.6569450000000001,IND,GUY,8
1778575,104,96,8,1994.0,70185.0,0.0,0.025186,1.772895,IND,GUY,8
1778576,104,96,8,1995.0,203882.0,0.0,0.01404,1.850311,IND,GUY,8
1778577,104,96,8,1996.0,164573.0,0.0,0.145769,1.983642,IND,GUY,8
1778578,104,96,8,1997.0,227258.0,0.0,0.150788,2.027932,IND,GUY,8
1778579,104,96,8,1998.0,341776.0,0.0,0.23507600000000003,1.9966849999999998,IND,GUY,8
1778580,104,96,8,1999.0,520563.0,0.0,0.255682,2.051914,IND,GUY,8
1778581,104,96,8,2001.0,471710.0,0.0,0.382444,2.538934,IND,GUY,8
1778582,104,96,8,2002.0,491773.0,0.0,0.32974000000000003,2.376477,IND,GUY,8
1778583,106,96,8,1991.0,12247.0,0.0,1.458515,1.597335,IRL,GUY,8
1778584,106,96,8,1992.0,104068.0,0.0,1.454172,1.397052,IRL,GUY,8
1778585,106,96,8,1993.0,18451.0,0.0,1.406182,1.252259,IRL,GUY,8
1778586,106,96,8,1994.0,11380.0,190079.0,1.49633,1.1923059999999999,IRL,GUY,8
1778587,106,96,8,1995.0,18806.0,166738.0,1.33128,1.119522,IRL,GUY,8
1778588,106,96,8,1996.0,0.0,138835.0,1.476369,1.049152,IRL,GUY,8
1778589,106,96,8,1997.0,10299.0,162779.0,1.579974,1.018361,IRL,GUY,8
1778590,106,96,8,1998.0,1380.0,61590.0,1.563891,0.557487,IRL,GUY,8
1778591,106,96,8,1999.0,1683.0,13141.0,1.6390529999999999,0.434187,IRL,GUY,8
1778592,106,96,8,2002.0,11565.0,0.0,1.7939310000000002,0.219254,IRL,GUY,8
1778593,106,96,8,2005.0,0.0,1393.0,1.510818,0.15796400000000002,IRL,GUY,8
1778594,106,96,8,2019.0,36375.0,0.0,1.346311,0.08135,IRL,GUY,8
1778595,106,96,8,2000.0,12499.0,0.0,1.647548,0.34018899999999996,IRL,GUY,8
1778596,106,96,8,2003.0,58989.0,0.0,1.606549,0.271095,IRL,GUY,8
1778597,106,96,8,2006.0,5641.0,0.0,1.501322,0.161375,IRL,GUY,8
1778598,106,96,8,2007.0,36803.0,0.0,1.258902,0.19405999999999998,IRL,GUY,8
1778599,106,96,8,2011.0,39377.0,40191.0,1.3108389999999999,0.416973,IRL,GUY,8
1778600,106,96,8,2016.0,3272.0,0.0,1.320777,0.057924,IRL,GUY,8
1778601,106,96,8,2017.0,4996.0,0.0,1.444823,0.158356,IRL,GUY,8
1778602,106,96,8,2020.0,44552.0,0.0,1.347517,-0.054013,IRL,GUY,8
1778603,106,96,8,2018.0,346300.0,0.0,1.3647,0.094596,IRL,GUY,8
1778604,106,96,8,2014.0,50192.0,0.0,1.3749790000000002,0.41131899999999993,IRL,GUY,8
1778605,106,96,8,1973.0,39427.0,0.0,1.02512,2.048268,IRL,GUY,8
1778606,106,96,8,1974.0,44672.0,0.0,1.049669,2.018593,IRL,GUY,8
1778607,106,96,8,1976.0,127195.0,0.0,1.124224,1.771824,IRL,GUY,8
1778608,106,96,8,1977.0,69467.0,0.0,1.0669309999999999,1.7326290000000002,IRL,GUY,8
1778609,106,96,8,1978.0,180982.0,0.0,1.241455,2.019278,IRL,GUY,8
1778610,106,96,8,1979.0,4022.0,0.0,1.2035209999999998,1.984922,IRL,GUY,8
1778611,106,96,8,1986.0,2024.0,0.0,1.432528,1.8014740000000002,IRL,GUY,8
1778612,106,96,8,2009.0,53087.0,0.0,1.476167,0.182071,IRL,GUY,8
1778613,106,96,8,2010.0,22986.0,0.0,1.313718,0.320289,IRL,GUY,8
1778614,106,96,8,2012.0,28612.0,0.0,1.1761549999999998,0.279569,IRL,GUY,8
1778615,106,96,8,2013.0,88086.0,0.0,1.32787,0.394579,IRL,GUY,8
1778616,106,96,8,2015.0,37459.0,0.0,1.3574979999999999,0.30526,IRL,GUY,8
1778617,106,96,8,1972.0,41333.0,0.0,1.0786930000000001,1.8527799999999999,IRL,GUY,8
1778618,106,96,8,1975.0,24158.0,0.0,1.024249,1.9186459999999999,IRL,GUY,8
1778619,106,96,8,1970.0,27326.0,0.0,1.0114040000000002,1.6679959999999998,IRL,GUY,8
1778620,106,96,8,1969.0,144729.0,0.0,1.019945,1.368364,IRL,GUY,8
1778621,106,96,8,1971.0,39522.0,0.0,1.0895219999999999,1.885416,IRL,GUY,8
1778622,106,96,8,1964.0,8116.0,0.0,1.194336,1.368063,IRL,GUY,8
1778623,106,96,8,1966.0,18159.0,0.0,1.140344,1.476546,IRL,GUY,8
1778624,106,96,8,1967.0,12539.0,0.0,1.1038290000000002,1.361161,IRL,GUY,8
1778625,106,96,8,1968.0,17794.0,0.0,1.054101,1.252786,IRL,GUY,8
1778626,110,96,8,2016.0,83562.0,0.0,0.9932219999999999,0.7518819999999999,ISR,GUY,8
1778627,110,96,8,2010.0,213000.0,0.0,1.239934,0.794563,ISR,GUY,8
1778628,110,96,8,2011.0,125262.0,0.0,1.1857799999999998,0.7620239999999999,ISR,GUY,8
1778629,110,96,8,2012.0,233707.0,0.0,1.125254,0.736004,ISR,GUY,8
1778630,110,96,8,2014.0,299153.0,1438.0,0.9753860000000001,0.810342,ISR,GUY,8
1778631,110,96,8,2008.0,5679.0,1092.0,1.0136290000000001,0.8821379999999999,ISR,GUY,8
1778632,110,96,8,2009.0,302237.0,0.0,1.081885,0.96641,ISR,GUY,8
1778633,110,96,8,2013.0,122906.0,2215.0,1.0247629999999999,0.8261639999999999,ISR,GUY,8
1778634,110,96,8,2015.0,282911.0,4618.0,1.0448030000000001,0.655392,ISR,GUY,8
1778635,110,96,8,2020.0,10707.0,0.0,1.14571,1.010117,ISR,GUY,8
1778636,110,96,8,2005.0,1211.0,0.0,1.3035649999999999,0.791546,ISR,GUY,8
1778637,110,96,8,2006.0,20583.0,0.0,1.286738,0.8783610000000001,ISR,GUY,8
1778638,110,96,8,2007.0,0.0,1528.0,0.941543,0.774671,ISR,GUY,8
1778639,110,96,8,2017.0,80334.0,0.0,1.158779,0.8909020000000001,ISR,GUY,8
1778640,110,96,8,2002.0,86992.0,0.0,1.257709,0.8318989999999999,ISR,GUY,8
1778641,110,96,8,1994.0,53499.0,0.0,1.374142,1.23864,ISR,GUY,8
1778642,110,96,8,1995.0,16000.0,0.0,1.209314,1.10886,ISR,GUY,8
1778643,110,96,8,2019.0,14532.0,0.0,1.3105360000000001,0.859827,ISR,GUY,8
1778644,110,96,8,2018.0,30558.0,0.0,1.205666,1.001693,ISR,GUY,8
1778645,111,96,8,1988.0,187662.0,4925.0,1.730975,1.12053,ITA,GUY,8
1778646,111,96,8,1989.0,522453.0,20024.0,1.685014,1.1221780000000001,ITA,GUY,8
1778647,111,96,8,1990.0,91194.0,24424.0,1.7684220000000002,1.1535,ITA,GUY,8
1778648,111,96,8,1991.0,330244.0,37351.0,1.7996849999999998,1.010109,ITA,GUY,8
1778649,111,96,8,1992.0,206161.0,64278.0,1.7819,0.981246,ITA,GUY,8
1778650,111,96,8,1993.0,74624.0,27485.0,1.7575290000000001,0.804057,ITA,GUY,8
1778651,111,96,8,1994.0,32681.0,2116.0,1.70082,0.976709,ITA,GUY,8
1778652,111,96,8,1995.0,109771.0,1040.0,1.650924,0.900234,ITA,GUY,8
1778653,111,96,8,1996.0,113586.0,3179.0,1.591442,0.875201,ITA,GUY,8
1778654,111,96,8,1997.0,269004.0,18518.0,1.596917,0.8313959999999999,ITA,GUY,8
1778655,111,96,8,1998.0,111877.0,2523.0,1.559504,0.802303,ITA,GUY,8
1778656,111,96,8,1999.0,119595.0,0.0,1.488427,0.926016,ITA,GUY,8
1778657,111,96,8,2000.0,365225.0,12138.0,1.51508,0.818283,ITA,GUY,8
1778658,111,96,8,2001.0,644704.0,0.0,1.488545,0.8410610000000001,ITA,GUY,8
1778659,111,96,8,2002.0,288644.0,9200.0,1.3944219999999998,1.125362,ITA,GUY,8
1778660,111,96,8,2003.0,1037431.0,14630.0,1.453316,0.9161159999999999,ITA,GUY,8
1778661,111,96,8,2004.0,190913.0,0.0,1.440372,0.676068,ITA,GUY,8
1778662,111,96,8,2005.0,308579.0,7089.0,1.463563,0.394074,ITA,GUY,8
1778663,111,96,8,2006.0,135373.0,17413.0,1.416017,0.161859,ITA,GUY,8
1778664,111,96,8,2007.0,482516.0,0.0,1.4059469999999998,-0.257344,ITA,GUY,8
1778665,111,96,8,2008.0,537922.0,0.0,1.3792790000000001,-0.261705,ITA,GUY,8
1778666,111,96,8,2009.0,372665.0,23652.0,1.392902,-0.171999,ITA,GUY,8
1778667,111,96,8,2010.0,1766174.0,36986.0,1.416572,-0.054268,ITA,GUY,8
1778668,111,96,8,2011.0,1289565.0,80973.0,1.41076,-0.277438,ITA,GUY,8
1778669,111,96,8,2012.0,428912.0,11187.0,1.396626,-0.43950500000000003,ITA,GUY,8
1778670,111,96,8,2013.0,939675.0,6073.0,1.419383,-0.304402,ITA,GUY,8
1778671,111,96,8,2014.0,583835.0,7693.0,1.476328,-0.293302,ITA,GUY,8
1778672,111,96,8,2015.0,756246.0,1214.0,1.439387,0.302892,ITA,GUY,8
1778673,111,96,8,2016.0,927053.0,9642.0,1.461526,0.316891,ITA,GUY,8
1778674,111,96,8,2017.0,664377.0,9755.0,1.4374559999999998,0.21079699999999998,ITA,GUY,8
1778675,111,96,8,2018.0,681943.0,53830.0,1.4594799999999999,0.05113,ITA,GUY,8
1778676,111,96,8,2019.0,860726.0,65802.0,1.3590440000000001,0.5138189999999999,ITA,GUY,8
1778677,111,96,8,2020.0,750141.0,0.0,1.335323,0.45980299999999996,ITA,GUY,8
1778678,111,96,8,1962.0,47240.0,0.0,1.9718330000000002,2.51966,ITA,GUY,8
1778679,111,96,8,1963.0,53786.0,0.0,1.9434490000000002,2.354488,ITA,GUY,8
1778680,111,96,8,1964.0,45605.0,0.0,1.970029,2.32685,ITA,GUY,8
1778681,111,96,8,1965.0,79563.0,0.0,2.0409669999999998,2.302946,ITA,GUY,8
1778682,111,96,8,1966.0,81557.0,0.0,1.952043,2.257403,ITA,GUY,8
1778683,111,96,8,1967.0,88283.0,0.0,1.9909290000000002,1.899921,ITA,GUY,8
1778684,111,96,8,1968.0,61086.0,689.0,1.8991650000000002,1.865793,ITA,GUY,8
1778685,111,96,8,1969.0,96562.0,0.0,2.064301,1.562306,ITA,GUY,8
1778686,111,96,8,1970.0,66520.0,0.0,2.01175,1.512494,ITA,GUY,8
1778687,111,96,8,1971.0,94494.0,0.0,2.039661,1.10519,ITA,GUY,8
1778688,111,96,8,1972.0,83356.0,0.0,1.9394419999999999,1.579826,ITA,GUY,8
1778689,111,96,8,1973.0,73627.0,0.0,1.972735,1.037512,ITA,GUY,8
1778690,111,96,8,1974.0,122790.0,2739.0,1.661993,-0.225104,ITA,GUY,8
1778691,111,96,8,1975.0,180725.0,0.0,1.790963,-0.633931,ITA,GUY,8
1778692,111,96,8,1977.0,93657.0,0.0,1.491034,0.969419,ITA,GUY,8
1778693,111,96,8,1978.0,108105.0,0.0,1.6621380000000001,1.231837,ITA,GUY,8
1778694,111,96,8,1979.0,84152.0,0.0,1.618028,1.0887790000000002,ITA,GUY,8
1778695,111,96,8,1980.0,92713.0,0.0,1.571277,0.20831,ITA,GUY,8
1778696,111,96,8,1981.0,85673.0,0.0,1.538904,0.084879,ITA,GUY,8
1778697,111,96,8,1982.0,126628.0,0.0,1.612258,0.335829,ITA,GUY,8
1778698,111,96,8,1983.0,83317.0,0.0,1.688243,0.32974699999999996,ITA,GUY,8
1778699,111,96,8,1984.0,90488.0,0.0,1.662189,0.512061,ITA,GUY,8
1778700,111,96,8,1985.0,48962.0,0.0,1.73984,0.802181,ITA,GUY,8
1778701,111,96,8,1986.0,224422.0,6734.0,1.822242,1.180374,ITA,GUY,8
1778702,111,96,8,1987.0,80995.0,0.0,1.713453,1.458424,ITA,GUY,8
1778703,112,96,8,1999.0,417338.0,306450.0,-0.748884,-1.009372,JAM,GUY,8
1778704,112,96,8,2001.0,656899.0,241836.0,-0.562839,-0.9381510000000001,JAM,GUY,8
1778705,112,96,8,2002.0,542416.0,214534.0,-0.459541,-0.947443,JAM,GUY,8
1778706,112,96,8,2003.0,452912.0,48470.0,-0.635668,-0.974224,JAM,GUY,8
1778707,112,96,8,2004.0,366158.0,0.0,-0.505365,-0.9596120000000001,JAM,GUY,8
1778708,112,96,8,2005.0,316517.0,0.0,-0.356302,-0.9471290000000001,JAM,GUY,8
1778709,112,96,8,2006.0,368848.0,0.0,-0.280417,-0.9436829999999999,JAM,GUY,8
1778710,112,96,8,2007.0,431670.0,73402.0,-0.39047800000000005,-0.952089,JAM,GUY,8
1778711,112,96,8,2008.0,244878.0,22992.0,-0.269867,-0.9190139999999999,JAM,GUY,8
1778712,112,96,8,2009.0,116202.0,10850.0,-0.102845,-0.662566,JAM,GUY,8
1778713,112,96,8,2010.0,193775.0,22772.0,-0.014159999999999999,-0.452313,JAM,GUY,8
1778714,112,96,8,2011.0,235547.0,12745.0,0.038462,-0.5035430000000001,JAM,GUY,8
1778715,112,96,8,2012.0,250442.0,26669.0,-0.307289,-0.738736,JAM,GUY,8
1778716,112,96,8,2013.0,122070.0,97689.0,-0.364044,-0.744733,JAM,GUY,8
1778717,112,96,8,2014.0,459170.0,50031.0,-0.390841,-0.804425,JAM,GUY,8
1778718,112,96,8,2015.0,81107.0,26936.0,-0.3572,-0.7701939999999999,JAM,GUY,8
1778719,112,96,8,2016.0,208899.0,88511.0,-0.25619400000000003,-0.62326,JAM,GUY,8
1778720,112,96,8,2017.0,256184.0,39744.0,-0.362252,-0.756476,JAM,GUY,8
1778721,112,96,8,2018.0,495973.0,53576.0,-0.210475,-0.808499,JAM,GUY,8
1778722,112,96,8,2019.0,109722.0,240118.0,-0.20247300000000001,-0.783974,JAM,GUY,8
1778723,112,96,8,2020.0,381232.0,331789.0,-0.357836,-0.818451,JAM,GUY,8
1778724,112,96,8,1998.0,439635.0,303482.0,-0.6360600000000001,-0.8642709999999999,JAM,GUY,8
1778725,112,96,8,1963.0,35196.0,0.0,0.338977,-0.35635100000000003,JAM,GUY,8
1778726,112,96,8,1970.0,269439.0,135968.0,0.218842,-0.538485,JAM,GUY,8
1778727,112,96,8,1971.0,333068.0,301013.0,0.283952,-0.541592,JAM,GUY,8
1778728,112,96,8,1972.0,466912.0,638157.0,0.40486700000000003,-0.33926999999999996,JAM,GUY,8
1778729,112,96,8,1973.0,589736.0,910488.0,0.5062760000000001,-0.080872,JAM,GUY,8
1778730,112,96,8,1974.0,814470.0,828226.0,0.351125,-0.239936,JAM,GUY,8
1778731,112,96,8,1975.0,1352555.0,1297357.0,0.221523,-0.332712,JAM,GUY,8
1778732,112,96,8,1979.0,1273700.0,146957.0,0.25785399999999997,-0.30866,JAM,GUY,8
1778733,112,96,8,1980.0,453320.0,349918.0,0.187417,-0.348021,JAM,GUY,8
1778734,112,96,8,1981.0,871448.0,143716.0,0.211763,-0.398965,JAM,GUY,8
1778735,112,96,8,1982.0,382089.0,143951.0,0.174155,-0.309927,JAM,GUY,8
1778736,112,96,8,1983.0,455719.0,108529.0,0.344886,-0.117954,JAM,GUY,8
1778737,112,96,8,1984.0,175202.0,12799.0,0.17335799999999998,-0.173782,JAM,GUY,8
1778738,112,96,8,1985.0,430687.0,0.0,-0.025164,-0.337594,JAM,GUY,8
1778739,112,96,8,1986.0,724916.0,0.0,-0.302911,-0.5962649999999999,JAM,GUY,8
1778740,112,96,8,1987.0,610162.0,5752.0,-0.145896,-0.49137700000000006,JAM,GUY,8
1778741,112,96,8,1988.0,656444.0,15984.0,-0.096123,-0.433754,JAM,GUY,8
1778742,112,96,8,1989.0,207205.0,0.0,-0.08799,-0.5289659999999999,JAM,GUY,8
1778743,112,96,8,1990.0,236385.0,82029.0,-0.21771300000000002,-0.7081270000000001,JAM,GUY,8
1778744,112,96,8,1991.0,319229.0,132635.0,-0.37741199999999997,-0.674582,JAM,GUY,8
1778745,112,96,8,1992.0,531876.0,1218.0,-0.200329,-0.595741,JAM,GUY,8
1778746,112,96,8,1993.0,711361.0,0.0,-0.43526000000000004,-0.7814949999999999,JAM,GUY,8
1778747,112,96,8,1994.0,1787394.0,15790.0,-0.5789770000000001,-0.814001,JAM,GUY,8
1778748,112,96,8,1996.0,983992.0,2415.0,-0.64364,-0.8296379999999999,JAM,GUY,8
1778749,112,96,8,1997.0,605358.0,820759.0,-0.6338739999999999,-0.838622,JAM,GUY,8
1778750,112,96,8,2000.0,609904.0,278519.0,-0.724729,-0.91094,JAM,GUY,8
1778751,112,96,8,1962.0,42560.0,1893.0,0.661961,-0.174204,JAM,GUY,8
1778752,114,96,8,2005.0,46572.0,4620.0,2.648982,0.074001,JPN,GUY,8
1778753,114,96,8,2009.0,115125.0,0.0,2.284744,-0.341893,JPN,GUY,8
1778754,114,96,8,2011.0,68926.0,0.0,2.352529,-0.418184,JPN,GUY,8
1778755,114,96,8,2012.0,364444.0,5750.0,2.325746,-0.8705649999999999,JPN,GUY,8
1778756,114,96,8,2010.0,262174.0,0.0,2.435816,-0.302669,JPN,GUY,8
1778757,114,96,8,2014.0,162164.0,3302.0,2.297789,-0.58585,JPN,GUY,8
1778758,114,96,8,2015.0,49732.0,0.0,2.485208,-0.303642,JPN,GUY,8
1778759,114,96,8,2016.0,100740.0,0.0,2.550074,-0.479725,JPN,GUY,8
1778760,114,96,8,2018.0,262867.0,1715.0,2.480327,-0.559793,JPN,GUY,8
1778761,114,96,8,2020.0,717332.0,0.0,2.2652330000000003,-0.388974,JPN,GUY,8
1778762,114,96,8,2017.0,330514.0,6232.0,2.4440779999999998,-0.46107700000000007,JPN,GUY,8
1778763,114,96,8,2019.0,284961.0,2176.0,2.484625,-0.53041,JPN,GUY,8
1778764,114,96,8,2000.0,29200.0,0.0,2.8218240000000003,0.255803,JPN,GUY,8
1778765,114,96,8,2001.0,124611.0,0.0,2.674032,0.445636,JPN,GUY,8
1778766,114,96,8,2002.0,48223.0,0.0,2.7747580000000003,0.43663199999999996,JPN,GUY,8
1778767,114,96,8,2003.0,122750.0,0.0,2.675147,0.30545500000000003,JPN,GUY,8
1778768,114,96,8,2004.0,751839.0,1547.0,2.756136,0.15545,JPN,GUY,8
1778769,114,96,8,2006.0,75667.0,0.0,2.442213,-0.046222000000000006,JPN,GUY,8
1778770,114,96,8,2007.0,127736.0,3991.0,2.305024,0.037929000000000004,JPN,GUY,8
1778771,114,96,8,2008.0,37338.0,5860.0,2.317756,-0.092927,JPN,GUY,8
1778772,114,96,8,1962.0,442979.0,0.0,2.091124,2.289679,JPN,GUY,8
1778773,114,96,8,1963.0,225062.0,0.0,1.9171509999999998,2.3428720000000003,JPN,GUY,8
1778774,114,96,8,1964.0,228528.0,0.0,1.8959720000000002,2.332291,JPN,GUY,8
1778775,114,96,8,1965.0,347235.0,0.0,1.944695,2.444343,JPN,GUY,8
1778776,114,96,8,1966.0,462212.0,0.0,1.88198,2.305387,JPN,GUY,8
1778777,114,96,8,1967.0,700626.0,0.0,1.878785,2.322468,JPN,GUY,8
1778778,114,96,8,1968.0,511349.0,0.0,1.844871,2.2220470000000003,JPN,GUY,8
1778779,114,96,8,1969.0,333854.0,0.0,1.9296520000000001,2.2147919999999996,JPN,GUY,8
1778780,114,96,8,1970.0,350035.0,0.0,1.9336740000000001,2.197542,JPN,GUY,8
1778781,114,96,8,1971.0,475591.0,0.0,1.862756,2.170372,JPN,GUY,8
1778782,114,96,8,1972.0,331513.0,0.0,2.026459,2.278375,JPN,GUY,8
1778783,114,96,8,1973.0,283447.0,0.0,2.1298220000000003,2.043215,JPN,GUY,8
1778784,114,96,8,1974.0,349550.0,1174.0,1.7789599999999999,1.66386,JPN,GUY,8
1778785,114,96,8,1975.0,316575.0,7283.0,1.984416,1.39,JPN,GUY,8
1778786,114,96,8,1976.0,283292.0,0.0,1.845602,1.728366,JPN,GUY,8
1778787,114,96,8,1977.0,97315.0,0.0,1.7058099999999998,1.427063,JPN,GUY,8
1778788,114,96,8,1978.0,190057.0,2041.0,2.064061,1.7039259999999998,JPN,GUY,8
1778789,114,96,8,1979.0,116977.0,0.0,2.0317369999999997,1.391941,JPN,GUY,8
1778790,114,96,8,1980.0,128314.0,0.0,1.7941060000000002,1.153126,JPN,GUY,8
1778791,114,96,8,1981.0,68665.0,1059.0,1.893759,0.7233890000000001,JPN,GUY,8
1778792,114,96,8,1982.0,21506.0,1135.0,2.03134,0.716025,JPN,GUY,8
1778793,114,96,8,1983.0,18534.0,4064.0,2.041198,1.0538319999999999,JPN,GUY,8
1778794,114,96,8,1984.0,39383.0,0.0,2.1470740000000004,0.9942190000000001,JPN,GUY,8
1778795,114,96,8,1985.0,219481.0,0.0,2.261116,1.096217,JPN,GUY,8
1778796,114,96,8,1986.0,74986.0,5040.0,2.441023,1.331998,JPN,GUY,8
1778797,114,96,8,1987.0,164160.0,0.0,2.4350669999999996,1.265743,JPN,GUY,8
1778798,114,96,8,1988.0,62901.0,8827.0,2.401594,1.012665,JPN,GUY,8
1778799,114,96,8,1989.0,44681.0,1932.0,2.348643,1.060689,JPN,GUY,8
1778800,114,96,8,1990.0,4733.0,2943.0,2.407913,1.0777079999999999,JPN,GUY,8
1778801,114,96,8,1991.0,73443.0,9295.0,2.447788,1.084934,JPN,GUY,8
1778802,114,96,8,1992.0,112923.0,24828.0,2.451698,0.875639,JPN,GUY,8
1778803,114,96,8,1993.0,108272.0,9369.0,2.501478,0.804914,JPN,GUY,8
1778804,114,96,8,1994.0,167017.0,8889.0,2.753766,0.735503,JPN,GUY,8
1778805,114,96,8,1995.0,60831.0,1841.0,2.756992,0.69287,JPN,GUY,8
1778806,114,96,8,1996.0,6981.0,0.0,2.858869,0.477455,JPN,GUY,8
1778807,114,96,8,1997.0,154062.0,0.0,2.771316,0.545821,JPN,GUY,8
1778808,114,96,8,1998.0,34105.0,0.0,2.712293,0.508761,JPN,GUY,8
1778809,114,96,8,2013.0,143580.0,0.0,2.333417,-0.818701,JPN,GUY,8
1778810,114,96,8,1999.0,40651.0,0.0,2.770339,0.431939,JPN,GUY,8
1778811,116,96,8,2018.0,103781.0,0.0,-0.381632,0.460819,KEN,GUY,8
1778812,120,96,8,2016.0,8819.0,1135.0,0.8190890000000001,-0.24463400000000002,KNA,GUY,8
1778813,120,96,8,2012.0,2896.0,4578.0,0.945258,-0.193139,KNA,GUY,8
1778814,120,96,8,2013.0,0.0,1837.0,0.983857,-0.051745000000000006,KNA,GUY,8
1778815,120,96,8,2014.0,0.0,9770.0,0.731716,-0.341254,KNA,GUY,8
1778816,120,96,8,2015.0,11984.0,18079.0,0.925931,-0.30411900000000003,KNA,GUY,8
1778817,120,96,8,1986.0,212573.0,0.0,0.47713500000000003,0.162139,KNA,GUY,8
1778818,120,96,8,1987.0,0.0,2019.0,0.276093,-0.102396,KNA,GUY,8
1778819,120,96,8,1988.0,0.0,1553.0,0.401124,-0.46096400000000004,KNA,GUY,8
1778820,120,96,8,1993.0,0.0,1777.0,0.964609,-0.09980599999999999,KNA,GUY,8
1778821,120,96,8,1994.0,0.0,1445.0,1.003476,-0.125352,KNA,GUY,8
1778822,120,96,8,1995.0,0.0,4627.0,0.718063,-0.252947,KNA,GUY,8
1778823,120,96,8,1996.0,0.0,6373.0,0.49290100000000003,-0.429266,KNA,GUY,8
1778824,120,96,8,1999.0,0.0,34202.0,0.43674399999999997,-0.5676359999999999,KNA,GUY,8
1778825,120,96,8,2000.0,0.0,30989.0,0.774566,-0.46352299999999996,KNA,GUY,8
1778826,120,96,8,2001.0,0.0,31071.0,0.650191,-0.487457,KNA,GUY,8
1778827,120,96,8,2002.0,0.0,25918.0,0.757789,-0.2968,KNA,GUY,8
1778828,120,96,8,2003.0,0.0,641484.0,0.8504229999999999,-0.19028,KNA,GUY,8
1778829,120,96,8,2004.0,0.0,2409.0,0.5528109999999999,-0.342657,KNA,GUY,8
1778830,120,96,8,2006.0,0.0,2490.0,1.3110979999999999,-0.061185,KNA,GUY,8
1778831,120,96,8,2007.0,0.0,1866409.0,1.18012,-0.007946,KNA,GUY,8
1778832,120,96,8,2008.0,1553.0,82224.0,1.585958,0.318892,KNA,GUY,8
1778833,120,96,8,2009.0,0.0,13376.0,1.186323,0.06450399999999999,KNA,GUY,8
1778834,120,96,8,2010.0,1284.0,24616.0,0.992341,-0.28649600000000003,KNA,GUY,8
1778835,120,96,8,2011.0,0.0,17837.0,1.065291,-0.12166800000000001,KNA,GUY,8
1778836,120,96,8,2017.0,53603.0,10126.0,1.1828530000000002,-0.12344300000000001,KNA,GUY,8
1778837,120,96,8,1997.0,0.0,51959.0,0.988031,-0.142999,KNA,GUY,8
1778838,120,96,8,2005.0,0.0,31703.0,1.229274,-0.412754,KNA,GUY,8
1778839,120,96,8,1975.0,0.0,85084.0,1.104284,0.31633,KNA,GUY,8
1778840,120,96,8,2018.0,0.0,3326.0,0.379669,-0.630851,KNA,GUY,8
1778841,120,96,8,2019.0,0.0,43971.0,0.761246,-0.578186,KNA,GUY,8
1778842,120,96,8,2020.0,9413.0,0.0,1.116543,-0.382209,KNA,GUY,8
1778843,120,96,8,1973.0,0.0,18889.0,1.073164,0.20995999999999998,KNA,GUY,8
1778844,120,96,8,1974.0,0.0,32334.0,0.380253,-0.137103,KNA,GUY,8
1778845,120,96,8,1970.0,0.0,23169.0,0.58687,-0.093939,KNA,GUY,8
1778846,120,96,8,1971.0,0.0,17815.0,0.8502790000000001,-0.07904800000000001,KNA,GUY,8
1778847,120,96,8,1972.0,0.0,20811.0,0.925768,0.07537200000000001,KNA,GUY,8
1778848,120,96,8,1998.0,0.0,23000.0,0.570495,-0.500208,KNA,GUY,8
1778849,121,96,8,1992.0,735185.0,0.0,0.778066,1.3011139999999999,KOR,GUY,8
1778850,121,96,8,1999.0,16850.0,3297.0,1.157723,1.008632,KOR,GUY,8
1778851,121,96,8,2000.0,31177.0,1239.0,1.248356,1.000666,KOR,GUY,8
1778852,121,96,8,2001.0,7603.0,1960.0,1.436204,0.917057,KOR,GUY,8
1778853,121,96,8,2005.0,12629.0,0.0,1.6829720000000001,0.8396809999999999,KOR,GUY,8
1778854,121,96,8,2006.0,2775.0,0.0,1.588589,0.799507,KOR,GUY,8
1778855,121,96,8,2007.0,31418.0,0.0,1.565779,0.740676,KOR,GUY,8
1778856,121,96,8,2008.0,30031.0,0.0,1.552706,0.75093,KOR,GUY,8
1778857,121,96,8,2009.0,33769.0,0.0,1.6550619999999998,0.696643,KOR,GUY,8
1778858,121,96,8,2010.0,20615.0,1631.0,1.750156,0.7546390000000001,KOR,GUY,8
1778859,121,96,8,2011.0,96731.0,0.0,1.7554029999999998,0.777291,KOR,GUY,8
1778860,121,96,8,2012.0,111431.0,0.0,1.839479,0.8272799999999999,KOR,GUY,8
1778861,121,96,8,2014.0,77797.0,8994.0,1.9642650000000001,0.86425,KOR,GUY,8
1778862,121,96,8,2013.0,160279.0,5019.0,1.817145,0.835414,KOR,GUY,8
1778863,121,96,8,2015.0,57673.0,0.0,2.09708,0.840759,KOR,GUY,8
1778864,121,96,8,2016.0,165516.0,0.0,2.1686389999999998,0.798808,KOR,GUY,8
1778865,121,96,8,2017.0,128198.0,0.0,2.1277470000000003,0.8218719999999999,KOR,GUY,8
1778866,121,96,8,2018.0,462235.0,0.0,2.139149,0.795045,KOR,GUY,8
1778867,121,96,8,2019.0,84331.0,0.0,2.058557,0.671653,KOR,GUY,8
1778868,121,96,8,2020.0,36779.0,1273.0,1.9485560000000002,0.779812,KOR,GUY,8
1778869,121,96,8,1996.0,2089.0,0.0,1.230793,1.0548959999999998,KOR,GUY,8
1778870,121,96,8,1997.0,32154.0,0.0,1.2642,1.164231,KOR,GUY,8
1778871,121,96,8,1998.0,35672.0,0.0,1.129848,1.117799,KOR,GUY,8
1778872,121,96,8,1995.0,556110.0,0.0,1.04025,1.105256,KOR,GUY,8
1778873,121,96,8,2002.0,18528.0,1295.0,1.4172719999999999,0.8763139999999999,KOR,GUY,8
1778874,121,96,8,2003.0,14282.0,0.0,1.367322,0.826994,KOR,GUY,8
1778875,121,96,8,1976.0,69192.0,0.0,0.8379049999999999,0.991268,KOR,GUY,8
1778876,121,96,8,1978.0,95024.0,0.0,0.911078,1.141166,KOR,GUY,8
1778877,121,96,8,1979.0,149020.0,0.0,0.878292,1.254742,KOR,GUY,8
1778878,121,96,8,1980.0,77458.0,0.0,0.9213110000000001,1.38155,KOR,GUY,8
1778879,121,96,8,1981.0,70046.0,0.0,0.998975,1.244219,KOR,GUY,8
1778880,121,96,8,1982.0,1375.0,0.0,0.915739,1.2858379999999998,KOR,GUY,8
1778881,121,96,8,1985.0,102418.0,0.0,0.985474,1.260622,KOR,GUY,8
1778882,121,96,8,1986.0,34404.0,0.0,1.094639,1.359351,KOR,GUY,8
1778883,121,96,8,1987.0,29670.0,0.0,0.941865,1.2841420000000001,KOR,GUY,8
1778884,121,96,8,1988.0,89869.0,0.0,0.924156,1.228111,KOR,GUY,8
1778885,121,96,8,1989.0,29460.0,0.0,0.8271719999999999,1.272148,KOR,GUY,8
1778886,121,96,8,1990.0,74676.0,0.0,0.9673940000000001,1.234911,KOR,GUY,8
1778887,121,96,8,1991.0,61237.0,0.0,0.820436,1.14649,KOR,GUY,8
1778888,121,96,8,1993.0,147378.0,0.0,0.8651120000000001,1.184459,KOR,GUY,8
1778889,121,96,8,1994.0,290736.0,0.0,1.045089,1.294125,KOR,GUY,8
1778890,121,96,8,1972.0,2320.0,0.0,0.9295950000000001,0.838656,KOR,GUY,8
1778891,121,96,8,1975.0,40825.0,0.0,0.913997,1.2467110000000001,KOR,GUY,8
1778892,121,96,8,1977.0,187311.0,0.0,0.8689889999999999,0.9320430000000001,KOR,GUY,8
1778893,121,96,8,1973.0,12844.0,0.0,0.9024,0.9399770000000001,KOR,GUY,8
1778894,121,96,8,1974.0,19652.0,0.0,0.908618,1.274666,KOR,GUY,8
1778895,121,96,8,1971.0,33788.0,0.0,0.804658,0.44236899999999996,KOR,GUY,8
1778896,122,96,8,1997.0,19380.0,88000.0,-1.0192139999999998,-1.193627,KWT,GUY,8
1778897,122,96,8,1998.0,17884.0,42000.0,-0.480896,-1.159556,KWT,GUY,8
1778898,124,96,8,2010.0,17452.0,0.0,0.47957,1.519688,LBN,GUY,8
1778899,124,96,8,2011.0,67814.0,0.0,0.388666,1.430916,LBN,GUY,8
1778900,124,96,8,2014.0,0.0,1782.0,0.32006799999999996,1.666039,LBN,GUY,8
1778901,124,96,8,2012.0,6163.0,0.0,0.36778099999999997,1.3771010000000001,LBN,GUY,8
1778902,124,96,8,2009.0,3651.0,0.0,0.5290159999999999,1.462026,LBN,GUY,8
1778903,125,96,8,2014.0,103291.0,0.0,-1.191134,-1.076719,LBR,GUY,8
1778904,127,96,8,1989.0,38731.0,22881.0,0.414113,-0.320821,LCA,GUY,8
1778905,127,96,8,1991.0,30892.0,83946.0,0.353063,-0.130886,LCA,GUY,8
1778906,127,96,8,2017.0,4262.0,32757.0,0.543844,0.006412,LCA,GUY,8
1778907,127,96,8,2019.0,50375.0,43856.0,0.290205,-0.064112,LCA,GUY,8
1778908,127,96,8,2000.0,0.0,150146.0,-0.0033490000000000004,-0.6011340000000001,LCA,GUY,8
1778909,127,96,8,2003.0,3816.0,57769.0,0.38093699999999997,-0.194313,LCA,GUY,8
1778910,127,96,8,2004.0,0.0,118548.0,0.31900300000000004,-0.346391,LCA,GUY,8
1778911,127,96,8,2012.0,2315.0,59176.0,0.714758,-0.034339,LCA,GUY,8
1778912,127,96,8,2018.0,22013.0,42349.0,0.412714,0.17183900000000002,LCA,GUY,8
1778913,127,96,8,2007.0,11467.0,193144.0,0.680194,-0.093412,LCA,GUY,8
1778914,127,96,8,2011.0,6183.0,74686.0,0.773319,-0.09353099999999999,LCA,GUY,8
1778915,127,96,8,2013.0,1843.0,37009.0,0.433648,-0.288346,LCA,GUY,8
1778916,127,96,8,2014.0,36334.0,60108.0,0.636416,-0.464264,LCA,GUY,8
1778917,127,96,8,2015.0,4621.0,60223.0,0.546721,-0.33875900000000003,LCA,GUY,8
1778918,127,96,8,2016.0,23938.0,27042.0,0.585987,-0.298057,LCA,GUY,8
1778919,127,96,8,2006.0,5055.0,72139.0,0.990517,-0.100522,LCA,GUY,8
1778920,127,96,8,1981.0,1725.0,32949.0,0.8487899999999999,0.22519899999999998,LCA,GUY,8
1778921,127,96,8,1985.0,25648.0,16906.0,0.12657000000000002,-0.5133,LCA,GUY,8
1778922,127,96,8,1986.0,37478.0,34675.0,0.40479499999999996,-0.393982,LCA,GUY,8
1778923,127,96,8,1988.0,7797.0,20079.0,0.185655,-0.474228,LCA,GUY,8
1778924,127,96,8,1992.0,6291.0,79022.0,0.199639,-0.28238,LCA,GUY,8
1778925,127,96,8,1993.0,15562.0,157824.0,0.173547,-0.291636,LCA,GUY,8
1778926,127,96,8,1994.0,0.0,99567.0,0.302419,-0.214049,LCA,GUY,8
1778927,127,96,8,1995.0,10065.0,75180.0,0.10738099999999999,-0.34426,LCA,GUY,8
1778928,127,96,8,1996.0,1009.0,65263.0,-0.027347000000000003,-0.556575,LCA,GUY,8
1778929,127,96,8,1999.0,0.0,88022.0,0.014105000000000001,-0.598439,LCA,GUY,8
1778930,127,96,8,2008.0,16542.0,108542.0,0.5945779999999999,0.123494,LCA,GUY,8
1778931,127,96,8,2009.0,4398.0,66491.0,0.37797800000000004,-0.5049819999999999,LCA,GUY,8
1778932,127,96,8,2010.0,16215.0,86074.0,0.649386,-0.11683699999999998,LCA,GUY,8
1778933,127,96,8,1990.0,0.0,38718.0,0.11258699999999999,-0.511225,LCA,GUY,8
1778934,127,96,8,1987.0,9701.0,36337.0,0.061478,-0.600442,LCA,GUY,8
1778935,127,96,8,2020.0,587277.0,20138.0,0.021102000000000003,-0.5038279999999999,LCA,GUY,8
1778936,127,96,8,1983.0,0.0,34142.0,1.0094969999999999,0.436629,LCA,GUY,8
1778937,127,96,8,1997.0,11984.0,64947.0,-0.193429,-0.606627,LCA,GUY,8
1778938,127,96,8,1998.0,13376.0,73283.0,0.022693,-0.587168,LCA,GUY,8
1778939,127,96,8,2002.0,0.0,37445.0,0.261861,-0.36480999999999997,LCA,GUY,8
1778940,127,96,8,2005.0,0.0,70236.0,0.7904140000000001,-0.345853,LCA,GUY,8
1778941,127,96,8,1974.0,52556.0,158044.0,0.110018,-0.340111,LCA,GUY,8
1778942,127,96,8,1975.0,0.0,78405.0,0.40187399999999995,-0.239641,LCA,GUY,8
1778943,127,96,8,1982.0,31368.0,56132.0,0.585808,-0.159858,LCA,GUY,8
1778944,127,96,8,2001.0,0.0,93820.0,0.064826,-0.521713,LCA,GUY,8
1778945,127,96,8,1973.0,40332.0,111329.0,1.434089,0.722426,LCA,GUY,8
1778946,127,96,8,1970.0,0.0,45668.0,-2.2032990000000003,-0.401149,LCA,GUY,8
1778947,127,96,8,1971.0,0.0,61369.0,-0.91961,-0.283494,LCA,GUY,8
1778948,127,96,8,1972.0,5739.0,61734.0,1.032374,-0.136303,LCA,GUY,8
1778949,128,96,8,2008.0,3779.0,0.0,-0.13582,0.37752800000000003,LKA,GUY,8
1778950,128,96,8,2019.0,1581.0,0.0,-0.225527,0.439567,LKA,GUY,8
1778951,130,96,8,2018.0,3605.0,0.0,0.839052,1.5688790000000001,LTU,GUY,8
1778952,130,96,8,2020.0,3515.0,0.0,0.8551219999999999,1.3162399999999999,LTU,GUY,8
1778953,131,96,8,2004.0,13200.0,0.0,1.258828,1.079923,LUX,GUY,8
1778954,131,96,8,2018.0,18689.0,5543.0,1.098797,1.390282,LUX,GUY,8
1778955,131,96,8,2020.0,3546.0,0.0,1.095269,1.490899,LUX,GUY,8
1778956,131,96,8,2009.0,12781.0,0.0,1.0728959999999998,1.065353,LUX,GUY,8
1778957,131,96,8,2013.0,1152.0,0.0,1.0110190000000001,1.123226,LUX,GUY,8
1778958,131,96,8,2010.0,2674.0,0.0,1.145982,1.1629530000000001,LUX,GUY,8
1778959,131,96,8,1999.0,22271.0,0.0,1.37206,1.2625790000000001,LUX,GUY,8
1778960,131,96,8,2003.0,40791.0,0.0,1.389402,1.0800040000000002,LUX,GUY,8
1778961,134,96,8,2014.0,65064.0,0.0,-0.429457,0.039947,MAR,GUY,8
1778962,134,96,8,2016.0,62218.0,0.0,-0.648329,-0.14071,MAR,GUY,8
1778963,134,96,8,2018.0,5756.0,0.0,-0.57445,-0.14461400000000002,MAR,GUY,8
1778964,134,96,8,2013.0,4565.0,0.0,-0.474872,0.178118,MAR,GUY,8
1778965,134,96,8,2015.0,110637.0,0.0,-0.6359020000000001,0.052192999999999996,MAR,GUY,8
1778966,134,96,8,1964.0,0.0,1186.0,-0.124053,-0.505468,MAR,GUY,8
1778967,137,96,8,2017.0,0.0,10925.0,-0.739309,-0.951202,MDV,GUY,8
1778968,137,96,8,1991.0,23031.0,0.0,-0.47863900000000004,-0.7773,MDV,GUY,8
1778969,138,96,8,1993.0,3000.0,0.0,0.968867,0.8437520000000001,MEX,GUY,8
1778970,138,96,8,1994.0,14581.0,13290.0,1.0145629999999999,0.9349149999999999,MEX,GUY,8
1778971,138,96,8,1995.0,2000.0,173328.0,0.701416,1.037868,MEX,GUY,8
1778972,138,96,8,1996.0,15792.0,0.0,0.88569,1.044068,MEX,GUY,8
1778973,138,96,8,1997.0,42169.0,0.0,0.7735350000000001,0.9161590000000001,MEX,GUY,8
1778974,138,96,8,1998.0,56906.0,0.0,0.748267,0.834242,MEX,GUY,8
1778975,138,96,8,1999.0,28226.0,0.0,0.9303469999999999,0.79602,MEX,GUY,8
1778976,138,96,8,2000.0,158374.0,1669.0,0.9020379999999999,0.671139,MEX,GUY,8
1778977,138,96,8,2001.0,137512.0,41340.0,1.088661,0.680197,MEX,GUY,8
1778978,138,96,8,2002.0,4761.0,0.0,1.2677129999999999,0.599314,MEX,GUY,8
1778979,138,96,8,2003.0,4751.0,0.0,1.137143,0.732386,MEX,GUY,8
1778980,138,96,8,2004.0,64049.0,0.0,1.183707,0.9043700000000001,MEX,GUY,8
1778981,138,96,8,2005.0,328739.0,0.0,1.346403,0.777366,MEX,GUY,8
1778982,138,96,8,2006.0,3021.0,1417.0,1.2996729999999999,0.655941,MEX,GUY,8
1778983,138,96,8,2007.0,23846.0,0.0,1.345688,0.584543,MEX,GUY,8
1778984,138,96,8,2008.0,59438.0,0.0,1.227848,0.722715,MEX,GUY,8
1778985,138,96,8,2009.0,158587.0,0.0,1.203611,0.6819930000000001,MEX,GUY,8
1778986,138,96,8,2010.0,68735.0,0.0,1.25796,0.640552,MEX,GUY,8
1778987,138,96,8,2011.0,200130.0,0.0,1.031474,0.686634,MEX,GUY,8
1778988,138,96,8,2012.0,207227.0,1539.0,1.166986,0.662798,MEX,GUY,8
1778989,138,96,8,2013.0,220354.0,8031.0,1.2327219999999999,0.746108,MEX,GUY,8
1778990,138,96,8,2014.0,235899.0,0.0,1.292327,0.713879,MEX,GUY,8
1778991,138,96,8,2015.0,92488.0,2915.0,1.3519510000000001,0.641533,MEX,GUY,8
1778992,138,96,8,2016.0,184262.0,0.0,1.393506,0.64152,MEX,GUY,8
1778993,138,96,8,2019.0,265065.0,0.0,1.316129,0.6125729999999999,MEX,GUY,8
1778994,138,96,8,2020.0,227467.0,120636.0,1.215792,0.678531,MEX,GUY,8
1778995,138,96,8,2018.0,80446.0,16006.0,1.272851,0.646359,MEX,GUY,8
1778996,138,96,8,2017.0,84110.0,5603.0,1.348763,0.6145010000000001,MEX,GUY,8
1778997,138,96,8,1991.0,173.0,0.0,0.833643,0.863466,MEX,GUY,8
1778998,138,96,8,1964.0,5400.0,0.0,0.32740199999999997,0.368216,MEX,GUY,8
1778999,138,96,8,1973.0,2269.0,0.0,0.7579060000000001,1.64432,MEX,GUY,8
1779000,138,96,8,1974.0,2370.0,0.0,0.645679,1.6436130000000002,MEX,GUY,8
1779001,138,96,8,1975.0,3253.0,0.0,0.683904,1.757929,MEX,GUY,8
1779002,142,96,8,2017.0,1370.0,0.0,0.9943420000000001,0.181922,MLT,GUY,8
1779003,142,96,8,2010.0,3183.0,0.0,1.1047280000000002,-0.043448,MLT,GUY,8
1779004,142,96,8,2015.0,58508.0,0.0,0.9189790000000001,-0.049510000000000005,MLT,GUY,8
1779005,142,96,8,2001.0,11227.0,0.0,1.048708,-0.04453,MLT,GUY,8
1779006,142,96,8,2003.0,4192.0,6303.0,1.151718,0.008945999999999999,MLT,GUY,8
1779007,142,96,8,2008.0,19393.0,0.0,0.8579180000000001,-0.23272800000000002,MLT,GUY,8
1779008,142,96,8,2013.0,98876.0,0.0,0.710108,-0.014586000000000002,MLT,GUY,8
1779009,142,96,8,2019.0,311558.0,0.0,0.9242239999999999,0.390323,MLT,GUY,8
1779010,142,96,8,2020.0,208243.0,0.0,1.003599,0.301402,MLT,GUY,8
1779011,143,96,8,1975.0,120030.0,0.0,-0.47340299999999996,-0.5621689999999999,MMR,GUY,8
1779012,149,96,8,1997.0,0.0,1000.0,0.65475,-0.492921,MSR,GUY,8
1779013,150,96,8,1994.0,0.0,10017.0,0.6670659999999999,-0.16339800000000002,MTQ,GUY,8
1779014,150,96,8,1995.0,0.0,38972.0,0.44416300000000003,-0.339895,MTQ,GUY,8
1779015,150,96,8,1971.0,0.0,2184.0,0.149367,-0.451215,MTQ,GUY,8
1779016,150,96,8,1972.0,0.0,1498.0,0.044737,-0.366725,MTQ,GUY,8
1779017,150,96,8,1982.0,9603.0,0.0,0.639181,-0.141902,MTQ,GUY,8
1779018,150,96,8,1984.0,3199.0,0.0,0.714881,-0.13553800000000002,MTQ,GUY,8
1779019,150,96,8,1966.0,0.0,1715.0,0.06551,-0.44246800000000003,MTQ,GUY,8
1779020,150,96,8,1967.0,0.0,1369.0,-0.092234,-0.411983,MTQ,GUY,8
1779021,151,96,8,1997.0,2527.0,0.0,-0.42358999999999997,-0.680841,MUS,GUY,8
1779022,151,96,8,2005.0,8562.0,0.0,-0.164476,-0.021706,MUS,GUY,8
1779023,152,96,8,2018.0,0.0,211476.0,-0.717512,-0.8799450000000001,MWI,GUY,8
1779024,153,96,8,2002.0,112765.0,16807.0,0.9987159999999999,0.26558200000000004,MYS,GUY,8
1779025,153,96,8,2008.0,512440.0,0.0,0.928428,0.48990100000000003,MYS,GUY,8
1779026,153,96,8,2011.0,728053.0,0.0,1.023615,0.6364770000000001,MYS,GUY,8
1779027,153,96,8,2012.0,517153.0,6637.0,0.93739,0.726329,MYS,GUY,8
1779028,153,96,8,2013.0,514825.0,12471.0,0.924532,0.671334,MYS,GUY,8
1779029,153,96,8,2014.0,453993.0,25163.0,0.995226,0.7797810000000001,MYS,GUY,8
1779030,153,96,8,2015.0,617702.0,3938.0,1.041984,0.773634,MYS,GUY,8
1779031,153,96,8,2016.0,456590.0,15692.0,1.091156,0.8383370000000001,MYS,GUY,8
1779032,153,96,8,2017.0,408062.0,86081.0,1.022117,0.6711739999999999,MYS,GUY,8
1779033,153,96,8,2019.0,761577.0,0.0,1.137286,0.711695,MYS,GUY,8
1779034,153,96,8,1992.0,16298.0,0.0,0.14268499999999998,0.370079,MYS,GUY,8
1779035,153,96,8,1996.0,158266.0,139455.0,0.5493640000000001,0.248484,MYS,GUY,8
1779036,153,96,8,2005.0,406340.0,0.0,0.922459,0.21455300000000002,MYS,GUY,8
1779037,153,96,8,2006.0,331500.0,0.0,0.9497270000000001,0.324179,MYS,GUY,8
1779038,153,96,8,2007.0,216651.0,0.0,0.948463,0.33418600000000004,MYS,GUY,8
1779039,153,96,8,1995.0,39452.0,0.0,0.42428699999999997,0.210883,MYS,GUY,8
1779040,153,96,8,1999.0,116534.0,0.0,0.81818,0.204866,MYS,GUY,8
1779041,153,96,8,2010.0,521177.0,1622.0,0.8855870000000001,0.523093,MYS,GUY,8
1779042,153,96,8,2000.0,106830.0,0.0,0.789007,0.16084600000000002,MYS,GUY,8
1779043,153,96,8,2003.0,54579.0,0.0,1.106399,0.165321,MYS,GUY,8
1779044,153,96,8,2004.0,97963.0,98120.0,1.250098,0.352379,MYS,GUY,8
1779045,153,96,8,2009.0,357915.0,0.0,0.7363810000000001,0.57739,MYS,GUY,8
1779046,153,96,8,1993.0,99682.0,0.0,0.276802,0.267217,MYS,GUY,8
1779047,153,96,8,1997.0,25089.0,0.0,0.526754,0.33065700000000003,MYS,GUY,8
1779048,153,96,8,1998.0,94101.0,0.0,0.484235,0.05134299999999999,MYS,GUY,8
1779049,153,96,8,2018.0,478237.0,23456.0,1.047185,0.732742,MYS,GUY,8
1779050,153,96,8,1975.0,48507.0,0.0,0.18199500000000002,0.19133699999999998,MYS,GUY,8
1779051,153,96,8,1978.0,63189.0,0.0,0.033495,0.046748000000000005,MYS,GUY,8
1779052,153,96,8,2001.0,78195.0,15483.0,0.894191,0.310677,MYS,GUY,8
1779053,153,96,8,2020.0,611734.0,2583.0,1.1176540000000001,0.711091,MYS,GUY,8
1779054,153,96,8,1974.0,94697.0,0.0,-0.230594,-0.402958,MYS,GUY,8
1779055,155,96,8,2019.0,1990.0,0.0,-0.24699200000000002,-0.569818,NAM,GUY,8
1779056,156,96,8,2012.0,77341.0,0.0,-0.650737,-0.897949,NCL,GUY,8
1779057,156,96,8,2006.0,21701.0,0.0,-0.42703900000000006,-0.840608,NCL,GUY,8
1779058,159,96,8,2001.0,0.0,4169.0,-1.9085759999999998,-1.335279,NGA,GUY,8
1779059,159,96,8,2020.0,42092.0,0.0,-1.734357,-1.270669,NGA,GUY,8
1779060,159,96,8,2013.0,0.0,1312.0,-1.679402,-1.14686,NGA,GUY,8
1779061,159,96,8,2000.0,0.0,2963.0,-2.192487,-1.30587,NGA,GUY,8
1779062,159,96,8,2003.0,0.0,37302.0,-1.621206,-1.267474,NGA,GUY,8
1779063,160,96,8,2013.0,1252.0,0.0,-0.7956479999999999,-0.596061,NIC,GUY,8
1779064,160,96,8,2003.0,8429.0,0.0,-0.9133620000000001,-0.726861,NIC,GUY,8
1779065,162,96,8,1989.0,48671.0,84453.0,1.402509,1.7133330000000002,NLD,GUY,8
1779066,162,96,8,1990.0,1056465.0,0.0,1.475375,1.697396,NLD,GUY,8
1779067,162,96,8,1991.0,33286.0,0.0,1.4946840000000001,1.811405,NLD,GUY,8
1779068,162,96,8,1992.0,108780.0,0.0,1.4315069999999999,1.7107450000000002,NLD,GUY,8
1779069,162,96,8,1993.0,304193.0,2295.0,1.452553,1.605166,NLD,GUY,8
1779070,162,96,8,1994.0,47794.0,0.0,1.431846,1.608867,NLD,GUY,8
1779071,162,96,8,1995.0,1064015.0,0.0,1.403942,1.653311,NLD,GUY,8
1779072,162,96,8,1996.0,9133.0,0.0,1.331177,1.6320430000000001,NLD,GUY,8
1779073,162,96,8,1997.0,443347.0,23358.0,1.327106,1.520932,NLD,GUY,8
1779074,162,96,8,1998.0,348692.0,3771.0,1.305919,1.497666,NLD,GUY,8
1779075,162,96,8,1999.0,355005.0,0.0,1.4220540000000002,1.275317,NLD,GUY,8
1779076,162,96,8,2000.0,220536.0,0.0,1.259257,1.595796,NLD,GUY,8
1779077,162,96,8,2001.0,420754.0,84002.0,1.299569,1.487015,NLD,GUY,8
1779078,162,96,8,2002.0,568884.0,28568.0,1.175777,1.667472,NLD,GUY,8
1779079,162,96,8,2003.0,719072.0,1996.0,1.241407,1.447459,NLD,GUY,8
1779080,162,96,8,2004.0,184777.0,38605.0,1.171327,1.6369799999999999,NLD,GUY,8
1779081,162,96,8,2005.0,319436.0,672226.0,1.0774059999999999,1.610825,NLD,GUY,8
1779082,162,96,8,2006.0,577947.0,91073.0,1.115718,1.4743680000000001,NLD,GUY,8
1779083,162,96,8,2007.0,641258.0,120780.0,0.9985809999999999,1.468116,NLD,GUY,8
1779084,162,96,8,2008.0,740610.0,18960.0,1.0692979999999999,1.311695,NLD,GUY,8
1779085,162,96,8,2009.0,372402.0,26471.0,1.101546,1.232905,NLD,GUY,8
1779086,162,96,8,2010.0,1030628.0,5904.0,1.102171,1.253737,NLD,GUY,8
1779087,162,96,8,2011.0,777696.0,31658.0,0.995517,1.548989,NLD,GUY,8
1779088,162,96,8,2012.0,827137.0,22415.0,0.961975,1.517883,NLD,GUY,8
1779089,162,96,8,2013.0,1212976.0,20536.0,1.012006,1.441545,NLD,GUY,8
1779090,162,96,8,2014.0,1390821.0,19686.0,1.08881,1.320941,NLD,GUY,8
1779091,162,96,8,2015.0,1440174.0,35902.0,1.135062,1.338365,NLD,GUY,8
1779092,162,96,8,2016.0,1972968.0,66330.0,1.132192,1.412512,NLD,GUY,8
1779093,162,96,8,2017.0,1709824.0,21046.0,1.090805,1.452409,NLD,GUY,8
1779094,162,96,8,2018.0,2632650.0,26909.0,1.060964,1.491808,NLD,GUY,8
1779095,162,96,8,2019.0,2785040.0,6134.0,1.1094540000000002,1.335874,NLD,GUY,8
1779096,162,96,8,2020.0,4031989.0,227411.0,0.986038,1.540414,NLD,GUY,8
1779097,162,96,8,1962.0,89444.0,0.0,1.533548,2.937284,NLD,GUY,8
1779098,162,96,8,1963.0,39150.0,0.0,1.489825,3.113276,NLD,GUY,8
1779099,162,96,8,1964.0,66408.0,0.0,1.563843,3.03784,NLD,GUY,8
1779100,162,96,8,1965.0,71492.0,0.0,1.649933,3.145235,NLD,GUY,8
1779101,162,96,8,1966.0,85186.0,0.0,1.509701,2.959854,NLD,GUY,8
1779102,162,96,8,1967.0,50261.0,0.0,1.476428,3.057667,NLD,GUY,8
1779103,162,96,8,1968.0,136738.0,0.0,1.4081620000000001,2.841383,NLD,GUY,8
1779104,162,96,8,1969.0,35553.0,2702.0,1.415815,2.7428049999999997,NLD,GUY,8
1779105,162,96,8,1970.0,45858.0,0.0,1.429006,2.563438,NLD,GUY,8
1779106,162,96,8,1971.0,53868.0,2016.0,1.3564690000000001,2.749828,NLD,GUY,8
1779107,162,96,8,1972.0,69694.0,766.0,1.366963,2.705669,NLD,GUY,8
1779108,162,96,8,1973.0,76053.0,35327.0,1.380759,2.5777509999999997,NLD,GUY,8
1779109,162,96,8,1974.0,102841.0,2659.0,1.1901030000000001,2.348171,NLD,GUY,8
1779110,162,96,8,1975.0,99865.0,2068.0,1.248438,2.236579,NLD,GUY,8
1779111,162,96,8,1978.0,130448.0,0.0,1.449735,2.0375330000000003,NLD,GUY,8
1779112,162,96,8,1979.0,49133.0,0.0,1.3693170000000001,1.994645,NLD,GUY,8
1779113,162,96,8,1980.0,467698.0,33935.0,1.217013,1.957872,NLD,GUY,8
1779114,162,96,8,1981.0,186487.0,100852.0,1.219753,1.8593009999999999,NLD,GUY,8
1779115,162,96,8,1982.0,98462.0,0.0,1.314926,1.8739720000000002,NLD,GUY,8
1779116,162,96,8,1983.0,41586.0,0.0,1.281772,2.0243900000000004,NLD,GUY,8
1779117,162,96,8,1984.0,71400.0,0.0,1.354452,1.957254,NLD,GUY,8
1779118,162,96,8,1985.0,223379.0,0.0,1.375418,2.034757,NLD,GUY,8
1779119,162,96,8,1986.0,13217.0,0.0,1.480742,1.983198,NLD,GUY,8
1779120,162,96,8,1987.0,69041.0,0.0,1.47632,1.911861,NLD,GUY,8
1779121,162,96,8,1988.0,25945.0,10096.0,1.377961,1.784727,NLD,GUY,8
1779122,163,96,8,1993.0,2343.0,0.0,0.673673,0.091587,NOR,GUY,8
1779123,163,96,8,1997.0,1224.0,0.0,0.857735,0.061844,NOR,GUY,8
1779124,163,96,8,1998.0,18385.0,0.0,0.880834,0.21940900000000002,NOR,GUY,8
1779125,163,96,8,1999.0,28278.0,0.0,0.7915949999999999,0.048119,NOR,GUY,8
1779126,163,96,8,2005.0,8365.0,0.0,0.7313470000000001,-0.169473,NOR,GUY,8
1779127,163,96,8,2019.0,322492.0,14788.0,0.5470550000000001,0.051401999999999996,NOR,GUY,8
1779128,163,96,8,2020.0,73662.0,0.0,0.69338,0.389574,NOR,GUY,8
1779129,163,96,8,2018.0,266339.0,0.0,0.359254,-0.059994000000000006,NOR,GUY,8
1779130,163,96,8,2017.0,711174.0,0.0,0.393228,0.049788,NOR,GUY,8
1779131,163,96,8,2007.0,2716.0,0.0,0.6422939999999999,-0.063288,NOR,GUY,8
1779132,163,96,8,2008.0,9898.0,0.0,0.687366,-0.10496099999999998,NOR,GUY,8
1779133,163,96,8,2009.0,6539.0,0.0,0.788151,0.110703,NOR,GUY,8
1779134,163,96,8,2013.0,56113.0,0.0,0.710901,0.062705,NOR,GUY,8
1779135,163,96,8,2014.0,141889.0,0.0,0.678424,0.137871,NOR,GUY,8
1779136,163,96,8,2016.0,178172.0,0.0,0.664183,0.206877,NOR,GUY,8
1779137,163,96,8,1970.0,10640.0,0.0,1.2290379999999999,1.668913,NOR,GUY,8
1779138,163,96,8,1972.0,4376.0,0.0,1.404788,1.779527,NOR,GUY,8
1779139,163,96,8,1973.0,11982.0,0.0,1.347887,1.77788,NOR,GUY,8
1779140,163,96,8,1974.0,3677.0,18612.0,1.2255850000000001,1.697141,NOR,GUY,8
1779141,163,96,8,1975.0,5891.0,0.0,1.174116,1.610365,NOR,GUY,8
1779142,163,96,8,1977.0,3879.0,0.0,1.13842,1.1624379999999999,NOR,GUY,8
1779143,163,96,8,1980.0,1325.0,2711.0,1.1544450000000002,1.159076,NOR,GUY,8
1779144,163,96,8,1991.0,9959.0,0.0,0.9339430000000001,0.42701300000000003,NOR,GUY,8
1779145,163,96,8,2006.0,8727.0,0.0,0.621685,-0.280378,NOR,GUY,8
1779146,163,96,8,2010.0,36393.0,0.0,0.626526,0.06847400000000001,NOR,GUY,8
1779147,163,96,8,2011.0,54260.0,0.0,0.603197,-0.022862999999999998,NOR,GUY,8
1779148,163,96,8,1969.0,4474.0,0.0,1.3578569999999999,1.6963599999999999,NOR,GUY,8
1779149,163,96,8,1966.0,9600.0,0.0,1.301043,1.542461,NOR,GUY,8
1779150,163,96,8,1962.0,1152.0,0.0,1.365959,1.6586459999999998,NOR,GUY,8
1779151,163,96,8,1963.0,1064.0,0.0,1.2310530000000002,1.366435,NOR,GUY,8
1779152,163,96,8,1964.0,825.0,0.0,1.3216809999999999,1.657054,NOR,GUY,8
1779153,163,96,8,1965.0,3990.0,0.0,1.216481,1.463149,NOR,GUY,8
1779154,163,96,8,1967.0,9150.0,0.0,1.339392,1.8153439999999998,NOR,GUY,8
1779155,166,96,8,1997.0,1863.0,0.0,0.372052,0.764854,NZL,GUY,8
1779156,166,96,8,2001.0,11904.0,0.0,0.220307,0.689625,NZL,GUY,8
1779157,166,96,8,2002.0,8270.0,0.0,0.370673,0.7853829999999999,NZL,GUY,8
1779158,166,96,8,2003.0,10304.0,0.0,0.365665,1.038643,NZL,GUY,8
1779159,166,96,8,2004.0,6040.0,0.0,0.44099099999999997,0.968326,NZL,GUY,8
1779160,166,96,8,2005.0,16340.0,0.0,0.47451499999999996,0.825083,NZL,GUY,8
1779161,166,96,8,2006.0,29390.0,0.0,0.40442100000000003,0.821033,NZL,GUY,8
1779162,166,96,8,2007.0,15081.0,0.0,0.386121,0.851418,NZL,GUY,8
1779163,166,96,8,2008.0,33936.0,0.0,0.32311799999999996,0.701337,NZL,GUY,8
1779164,166,96,8,2010.0,11914.0,0.0,0.16702899999999998,0.744585,NZL,GUY,8
1779165,166,96,8,2011.0,33045.0,0.0,0.24326199999999998,0.674809,NZL,GUY,8
1779166,166,96,8,2012.0,48954.0,0.0,0.21502399999999997,0.746456,NZL,GUY,8
1779167,166,96,8,2013.0,11453.0,16018.0,0.192237,0.429825,NZL,GUY,8
1779168,166,96,8,2014.0,29757.0,0.0,0.123649,0.26129,NZL,GUY,8
1779169,166,96,8,2015.0,11727.0,0.0,0.165415,0.170774,NZL,GUY,8
1779170,166,96,8,2016.0,50726.0,0.0,0.093306,0.194895,NZL,GUY,8
1779171,166,96,8,2017.0,44401.0,1340.0,0.154926,0.10981500000000001,NZL,GUY,8
1779172,166,96,8,2018.0,39555.0,0.0,0.113398,0.017740000000000002,NZL,GUY,8
1779173,166,96,8,2019.0,28427.0,0.0,0.197511,0.08897000000000001,NZL,GUY,8
1779174,166,96,8,2020.0,69063.0,0.0,0.166909,-0.042323,NZL,GUY,8
1779175,166,96,8,1999.0,2672.0,0.0,0.34283,0.787984,NZL,GUY,8
1779176,166,96,8,2000.0,7560.0,0.0,0.419671,0.809288,NZL,GUY,8
1779177,166,96,8,1973.0,1808.0,0.0,0.339873,-0.102683,NZL,GUY,8
1779178,166,96,8,1974.0,838.0,0.0,0.356204,0.083901,NZL,GUY,8
1779179,166,96,8,1996.0,3288.0,0.0,0.404233,0.6724640000000001,NZL,GUY,8
1779180,166,96,8,1965.0,1070.0,0.0,0.22985300000000003,-0.370683,NZL,GUY,8
1779181,168,96,8,2015.0,110180.0,0.0,-0.747304,0.41020200000000007,PAK,GUY,8
1779182,168,96,8,2019.0,144784.0,0.0,-0.681465,0.5697909999999999,PAK,GUY,8
1779183,168,96,8,2020.0,119924.0,0.0,-0.48518900000000004,0.37107199999999996,PAK,GUY,8
1779184,168,96,8,2017.0,147868.0,0.0,-0.737436,0.345773,PAK,GUY,8
1779185,168,96,8,2006.0,67541.0,0.0,-0.500494,0.334983,PAK,GUY,8
1779186,168,96,8,2009.0,49702.0,0.0,-0.47254399999999996,0.487605,PAK,GUY,8
1779187,168,96,8,2011.0,145454.0,0.0,-0.588909,0.729988,PAK,GUY,8
1779188,168,96,8,1962.0,1429.0,0.0,-0.236999,-0.480691,PAK,GUY,8
1779189,168,96,8,1965.0,1268.0,0.0,-0.24541100000000002,-0.548148,PAK,GUY,8
1779190,168,96,8,1970.0,11438.0,0.0,0.021556,-0.308079,PAK,GUY,8
1779191,168,96,8,1972.0,7487.0,0.0,-0.43372799999999995,-0.44441099999999994,PAK,GUY,8
1779192,168,96,8,1973.0,12704.0,0.0,0.01873,-0.305086,PAK,GUY,8
1779193,168,96,8,1974.0,14147.0,0.0,0.219621,0.079992,PAK,GUY,8
1779194,168,96,8,1975.0,9863.0,0.0,0.110694,-0.032957,PAK,GUY,8
1779195,168,96,8,2003.0,54669.0,0.0,-0.755575,0.185554,PAK,GUY,8
1779196,168,96,8,2004.0,295015.0,0.0,-0.7489600000000001,0.22493200000000002,PAK,GUY,8
1779197,168,96,8,2005.0,174162.0,0.0,-0.592712,0.279781,PAK,GUY,8
1779198,168,96,8,2007.0,69618.0,0.0,-0.43098100000000006,0.42179700000000003,PAK,GUY,8
1779199,168,96,8,2008.0,73339.0,0.0,-0.370515,0.533245,PAK,GUY,8
1779200,168,96,8,2010.0,34237.0,0.0,-0.665989,0.380384,PAK,GUY,8
1779201,168,96,8,2012.0,71921.0,0.0,-0.600346,0.474208,PAK,GUY,8
1779202,168,96,8,2013.0,59007.0,0.0,-0.697224,0.501576,PAK,GUY,8
1779203,168,96,8,2014.0,52879.0,0.0,-0.595946,0.493716,PAK,GUY,8
1779204,168,96,8,2016.0,147821.0,0.0,-0.7806810000000001,0.420241,PAK,GUY,8
1779205,168,96,8,2018.0,145106.0,0.0,-0.737637,0.274296,PAK,GUY,8
1779206,168,96,8,2000.0,108403.0,0.0,-0.76763,-0.435066,PAK,GUY,8
1779207,169,96,8,1992.0,71398.0,0.0,0.289315,0.37247199999999997,PAN,GUY,8
1779208,169,96,8,1997.0,894209.0,0.0,0.0038,0.036532999999999996,PAN,GUY,8
1779209,169,96,8,1998.0,1222446.0,0.0,0.016311000000000003,0.436917,PAN,GUY,8
1779210,169,96,8,1999.0,710706.0,0.0,0.141153,0.46716899999999995,PAN,GUY,8
1779211,169,96,8,2000.0,1121481.0,0.0,0.107412,0.41455600000000004,PAN,GUY,8
1779212,169,96,8,2001.0,1375793.0,0.0,0.17863800000000002,0.440159,PAN,GUY,8
1779213,169,96,8,2002.0,1579842.0,0.0,0.085746,0.21839,PAN,GUY,8
1779214,169,96,8,2003.0,1473489.0,0.0,-0.015635,0.13234500000000002,PAN,GUY,8
1779215,169,96,8,2004.0,1890555.0,1186.0,0.054997000000000004,0.440416,PAN,GUY,8
1779216,169,96,8,2005.0,1818207.0,0.0,0.064649,0.401525,PAN,GUY,8
1779217,169,96,8,2006.0,8828988.0,0.0,0.511845,0.7560560000000001,PAN,GUY,8
1779218,169,96,8,2007.0,8892716.0,75128.0,0.504053,0.7511939999999999,PAN,GUY,8
1779219,169,96,8,2008.0,10608231.0,0.0,0.622143,0.910739,PAN,GUY,8
1779220,169,96,8,2009.0,8985771.0,84527.0,0.676916,0.784553,PAN,GUY,8
1779221,169,96,8,2010.0,8769879.0,1202.0,0.768137,0.9688620000000001,PAN,GUY,8
1779222,169,96,8,2011.0,11569893.0,0.0,0.931114,1.1286559999999999,PAN,GUY,8
1779223,169,96,8,2012.0,11190909.0,0.0,1.001878,1.18554,PAN,GUY,8
1779224,169,96,8,2013.0,9239655.0,53103.0,0.8719819999999999,1.038982,PAN,GUY,8
1779225,169,96,8,2014.0,8370923.0,0.0,0.8997200000000001,0.9699139999999999,PAN,GUY,8
1779226,169,96,8,2015.0,8604528.0,4904.0,0.772463,0.899359,PAN,GUY,8
1779227,169,96,8,2016.0,11477667.0,0.0,0.731258,0.649917,PAN,GUY,8
1779228,169,96,8,2017.0,7699655.0,7835.0,0.638093,1.01027,PAN,GUY,8
1779229,169,96,8,2018.0,3939428.0,5797.0,0.007061,-0.13867100000000002,PAN,GUY,8
1779230,169,96,8,2019.0,5340257.0,0.0,0.179538,-0.171578,PAN,GUY,8
1779231,169,96,8,2020.0,3093621.0,34999.0,0.62831,0.89265,PAN,GUY,8
1779232,169,96,8,1991.0,13437.0,0.0,0.027676999999999997,0.034372,PAN,GUY,8
1779233,173,96,8,1995.0,1035.0,0.0,-0.397938,-0.44838500000000003,PER,GUY,8
1779234,173,96,8,2000.0,28412.0,0.0,-0.390278,-0.018691,PER,GUY,8
1779235,173,96,8,2001.0,353755.0,0.0,-0.318071,0.116602,PER,GUY,8
1779236,173,96,8,2002.0,572895.0,0.0,-0.456603,0.030838,PER,GUY,8
1779237,173,96,8,2003.0,920695.0,0.0,-0.559925,0.20775500000000002,PER,GUY,8
1779238,173,96,8,2004.0,795950.0,0.0,-0.609837,0.13314,PER,GUY,8
1779239,173,96,8,2005.0,1065670.0,0.0,-0.526764,0.148428,PER,GUY,8
1779240,173,96,8,2006.0,788161.0,4497.0,-0.523516,-0.15574100000000002,PER,GUY,8
1779241,173,96,8,2007.0,1238240.0,20027.0,-0.48878599999999994,-0.11071600000000001,PER,GUY,8
1779242,173,96,8,2008.0,1350518.0,0.0,-0.408515,0.219117,PER,GUY,8
1779243,173,96,8,2009.0,825106.0,0.0,-0.48590900000000004,0.399889,PER,GUY,8
1779244,173,96,8,2010.0,945493.0,0.0,-0.639606,0.157111,PER,GUY,8
1779245,173,96,8,2011.0,553538.0,0.0,-0.533594,0.23686999999999997,PER,GUY,8
1779246,173,96,8,2012.0,124363.0,4000.0,-0.47011499999999995,0.340251,PER,GUY,8
1779247,173,96,8,2013.0,53058.0,0.0,-0.640044,0.121772,PER,GUY,8
1779248,173,96,8,2014.0,82959.0,0.0,-0.617883,0.427092,PER,GUY,8
1779249,173,96,8,2015.0,142120.0,11190.0,-0.743054,0.165409,PER,GUY,8
1779250,173,96,8,2016.0,179037.0,0.0,-0.818178,-0.0791,PER,GUY,8
1779251,173,96,8,2017.0,603700.0,0.0,-0.8214469999999999,-0.333306,PER,GUY,8
1779252,173,96,8,2018.0,381956.0,0.0,-0.842934,-0.302396,PER,GUY,8
1779253,173,96,8,2019.0,667136.0,0.0,-0.7897810000000001,-0.26602,PER,GUY,8
1779254,173,96,8,2020.0,639938.0,0.0,-0.8298620000000001,-0.274084,PER,GUY,8
1779255,173,96,8,1979.0,98908.0,0.0,-0.0328,-0.138155,PER,GUY,8
1779256,174,96,8,1992.0,209519.0,0.0,-0.139761,0.772109,PHL,GUY,8
1779257,177,96,8,2004.0,9508.0,0.0,0.989568,1.49055,POL,GUY,8
1779258,177,96,8,2006.0,45942.0,0.0,1.0576860000000001,1.283664,POL,GUY,8
1779259,177,96,8,2007.0,7229.0,4037.0,1.111433,0.899675,POL,GUY,8
1779260,177,96,8,2010.0,86013.0,0.0,1.082829,1.112686,POL,GUY,8
1779261,177,96,8,2011.0,2367.0,0.0,1.167547,0.9657610000000001,POL,GUY,8
1779262,177,96,8,2012.0,114131.0,0.0,1.039598,1.145227,POL,GUY,8
1779263,177,96,8,2014.0,22317.0,0.0,1.1328690000000001,1.043185,POL,GUY,8
1779264,177,96,8,2015.0,50412.0,0.0,1.1347200000000002,1.099324,POL,GUY,8
1779265,177,96,8,2016.0,33282.0,0.0,1.1068959999999999,1.226985,POL,GUY,8
1779266,177,96,8,2017.0,78665.0,5941.0,1.212941,0.917751,POL,GUY,8
1779267,177,96,8,2018.0,98414.0,0.0,1.1323860000000001,1.1465040000000002,POL,GUY,8
1779268,177,96,8,2019.0,86280.0,2049.0,1.075218,1.276515,POL,GUY,8
1779269,177,96,8,2020.0,33332.0,0.0,1.016068,1.3125790000000002,POL,GUY,8
1779270,177,96,8,2009.0,0.0,2444.0,1.160528,0.780674,POL,GUY,8
1779271,177,96,8,2013.0,10828.0,0.0,1.11341,0.975734,POL,GUY,8
1779272,177,96,8,2003.0,0.0,2260.0,0.887648,1.737105,POL,GUY,8
1779273,178,96,8,2010.0,17930.0,0.0,0.31651399999999996,0.600407,PRK,GUY,8
1779274,178,96,8,2015.0,3189.0,0.0,-0.460383,-0.052904999999999994,PRK,GUY,8
1779275,178,96,8,2017.0,7991.0,0.0,-0.317963,0.00428,PRK,GUY,8
1779276,178,96,8,2009.0,3732.0,0.0,0.510269,0.945108,PRK,GUY,8
1779277,178,96,8,2011.0,5662.0,0.0,0.137461,0.255374,PRK,GUY,8
1779278,178,96,8,2014.0,3265.0,0.0,-0.11844400000000001,0.067508,PRK,GUY,8
1779279,178,96,8,2013.0,6225.0,0.0,-0.304923,-0.301578,PRK,GUY,8
1779280,178,96,8,1992.0,21875.0,0.0,0.201042,0.477547,PRK,GUY,8
1779281,179,96,8,1991.0,12013.0,0.0,0.625169,1.031692,PRT,GUY,8
1779282,179,96,8,1995.0,5627.0,0.0,0.403577,0.9753850000000001,PRT,GUY,8
1779283,179,96,8,1996.0,21278.0,0.0,0.49924799999999997,0.9969520000000001,PRT,GUY,8
1779284,179,96,8,2009.0,22338.0,0.0,0.646568,2.07749,PRT,GUY,8
1779285,179,96,8,2010.0,65787.0,0.0,0.6577729999999999,2.014923,PRT,GUY,8
1779286,179,96,8,2011.0,43300.0,0.0,0.6949810000000001,2.11536,PRT,GUY,8
1779287,179,96,8,2012.0,19277.0,0.0,0.697799,2.122262,PRT,GUY,8
1779288,179,96,8,2013.0,51439.0,0.0,0.705087,2.2055580000000004,PRT,GUY,8
1779289,179,96,8,2014.0,60559.0,0.0,0.763352,2.041559,PRT,GUY,8
1779290,179,96,8,2015.0,168794.0,62488.0,0.7021930000000001,2.049657,PRT,GUY,8
1779291,179,96,8,2016.0,21939.0,2884.0,0.661961,2.108517,PRT,GUY,8
1779292,179,96,8,2017.0,19254.0,0.0,0.692908,2.05977,PRT,GUY,8
1779293,179,96,8,2018.0,72848.0,0.0,0.787381,1.959475,PRT,GUY,8
1779294,179,96,8,2019.0,103094.0,0.0,0.631051,2.1439060000000003,PRT,GUY,8
1779295,179,96,8,1992.0,822.0,0.0,0.47505,0.8402860000000001,PRT,GUY,8
1779296,179,96,8,1989.0,8358.0,0.0,0.593712,1.078835,PRT,GUY,8
1779297,179,96,8,1990.0,14071.0,0.0,0.6643819999999999,0.9818879999999999,PRT,GUY,8
1779298,179,96,8,2006.0,40149.0,0.0,0.695569,1.7476200000000002,PRT,GUY,8
1779299,179,96,8,1994.0,88586.0,0.0,0.405329,0.877077,PRT,GUY,8
1779300,179,96,8,1986.0,27694.0,0.0,0.739594,1.312492,PRT,GUY,8
1779301,179,96,8,1966.0,17402.0,0.0,0.9879389999999999,1.036558,PRT,GUY,8
1779302,179,96,8,1967.0,22958.0,0.0,1.09038,1.235837,PRT,GUY,8
1779303,179,96,8,1969.0,15483.0,0.0,1.042138,1.4118959999999998,PRT,GUY,8
1779304,179,96,8,1993.0,61861.0,0.0,0.512994,0.914219,PRT,GUY,8
1779305,179,96,8,2007.0,20355.0,0.0,0.740271,1.650613,PRT,GUY,8
1779306,185,96,8,2019.0,50157.0,0.0,1.209074,1.0316889999999999,ROU,GUY,8
1779307,185,96,8,2020.0,71353.0,3224.0,1.273679,1.0322719999999999,ROU,GUY,8
1779308,185,96,8,2018.0,51461.0,0.0,1.1458030000000001,1.194413,ROU,GUY,8
1779309,185,96,8,2016.0,1610123.0,0.0,1.176177,1.093489,ROU,GUY,8
1779310,185,96,8,1974.0,6208.0,0.0,0.710086,0.982367,ROU,GUY,8
1779311,186,96,8,2016.0,7966.0,44968.0,0.086009,0.300039,RUS,GUY,8
1779312,186,96,8,2017.0,26097.0,0.0,0.07402,0.248236,RUS,GUY,8
1779313,186,96,8,1975.0,3342.0,0.0,0.076081,0.28271199999999996,RUS,GUY,8
1779314,186,96,8,1999.0,0.0,121117.0,0.537914,0.5083310000000001,RUS,GUY,8
1779315,186,96,8,2001.0,3231.0,0.0,0.546271,0.195872,RUS,GUY,8
1779316,186,96,8,2002.0,1962.0,0.0,0.6051449999999999,0.272307,RUS,GUY,8
1779317,186,96,8,2009.0,0.0,19820.0,0.048661,-0.159299,RUS,GUY,8
1779318,186,96,8,2010.0,0.0,10642.0,0.15820499999999998,-0.27124299999999996,RUS,GUY,8
1779319,186,96,8,2011.0,0.0,1361.0,-0.001622,-0.305764,RUS,GUY,8
1779320,186,96,8,2014.0,8482.0,0.0,-0.006737000000000001,-0.172237,RUS,GUY,8
1779321,186,96,8,2018.0,78859.0,0.0,-0.079971,0.11098599999999999,RUS,GUY,8
1779322,186,96,8,2019.0,18794.0,0.0,0.095137,0.331148,RUS,GUY,8
1779323,186,96,8,2020.0,222237.0,0.0,0.200054,0.683451,RUS,GUY,8
1779324,188,96,8,2005.0,8810.0,0.0,0.227278,-0.918508,SAU,GUY,8
1779325,188,96,8,2006.0,0.0,1221.0,-0.094152,-0.921106,SAU,GUY,8
1779326,188,96,8,2007.0,82439.0,0.0,-0.578652,-0.9950549999999999,SAU,GUY,8
1779327,188,96,8,2011.0,43416.0,206843.0,-0.7033010000000001,-0.972992,SAU,GUY,8
1779328,188,96,8,2012.0,0.0,39130.0,-0.621115,-0.975865,SAU,GUY,8
1779329,188,96,8,2013.0,0.0,228053.0,-0.14823599999999998,-0.883965,SAU,GUY,8
1779330,188,96,8,2016.0,55447.0,0.0,0.00286,-0.764602,SAU,GUY,8
1779331,188,96,8,2018.0,0.0,2698.0,0.600485,-0.450466,SAU,GUY,8
1779332,188,96,8,2010.0,69361.0,0.0,0.18674200000000002,-0.827623,SAU,GUY,8
1779333,188,96,8,2008.0,56457.0,116369.0,-0.8685149999999999,-0.96847,SAU,GUY,8
1779334,188,96,8,2015.0,56552.0,0.0,0.014337,-0.866934,SAU,GUY,8
1779335,188,96,8,1977.0,0.0,1429.0,-3.978714,-0.564348,SAU,GUY,8
1779336,188,96,8,1979.0,0.0,11673.0,-2.538234,-0.670013,SAU,GUY,8
1779337,191,96,8,2013.0,120513.0,0.0,-0.566624,-0.185277,SEN,GUY,8
1779338,191,96,8,2020.0,337819.0,0.0,-0.649899,-0.43985,SEN,GUY,8
1779339,192,96,8,2001.0,16084.0,0.0,1.587064,0.639626,SGP,GUY,8
1779340,192,96,8,2002.0,1658.0,0.0,1.7077209999999998,0.683549,SGP,GUY,8
1779341,192,96,8,2011.0,41109.0,13818.0,1.8165060000000002,0.6853899999999999,SGP,GUY,8
1779342,192,96,8,2014.0,18240.0,0.0,1.750361,0.63849,SGP,GUY,8
1779343,192,96,8,2018.0,109757.0,0.0,1.870268,0.672214,SGP,GUY,8
1779344,192,96,8,2013.0,23976.0,5840.0,1.844685,0.639379,SGP,GUY,8
1779345,192,96,8,1999.0,40084.0,0.0,1.7426110000000001,0.514146,SGP,GUY,8
1779346,192,96,8,2000.0,30917.0,182107.0,1.5432860000000002,0.519856,SGP,GUY,8
1779347,192,96,8,2012.0,10489.0,0.0,1.762134,0.583393,SGP,GUY,8
1779348,192,96,8,2015.0,24604.0,5100.0,1.883645,0.645237,SGP,GUY,8
1779349,192,96,8,2017.0,81186.0,0.0,1.8943720000000002,0.449316,SGP,GUY,8
1779350,192,96,8,2016.0,124084.0,6819.0,2.0149340000000002,0.613009,SGP,GUY,8
1779351,192,96,8,2005.0,19257.0,1145.0,1.734751,0.47802700000000004,SGP,GUY,8
1779352,192,96,8,2020.0,1142038.0,8271.0,1.871807,0.638979,SGP,GUY,8
1779353,192,96,8,1970.0,102612.0,0.0,0.39066300000000004,0.688601,SGP,GUY,8
1779354,192,96,8,1971.0,123849.0,0.0,0.540057,0.9167700000000001,SGP,GUY,8
1779355,192,96,8,1972.0,132395.0,0.0,0.46137100000000003,0.9252530000000001,SGP,GUY,8
1779356,192,96,8,1973.0,128952.0,0.0,0.656068,1.318713,SGP,GUY,8
1779357,192,96,8,1974.0,49313.0,0.0,0.689488,1.429749,SGP,GUY,8
1779358,192,96,8,1975.0,90173.0,0.0,0.660647,1.370517,SGP,GUY,8
1779359,192,96,8,1986.0,7859.0,0.0,0.666637,1.170133,SGP,GUY,8
1779360,192,96,8,1987.0,11486.0,0.0,0.8519530000000001,1.0570950000000001,SGP,GUY,8
1779361,192,96,8,1988.0,48375.0,0.0,0.756944,1.207239,SGP,GUY,8
1779362,192,96,8,1991.0,15706.0,0.0,0.901048,0.7597119999999999,SGP,GUY,8
1779363,192,96,8,1992.0,23432.0,0.0,0.95691,0.892702,SGP,GUY,8
1779364,192,96,8,1995.0,20221.0,0.0,1.2015069999999999,0.46232,SGP,GUY,8
1779365,192,96,8,1997.0,18901.0,0.0,1.1946700000000001,0.30503600000000003,SGP,GUY,8
1779366,192,96,8,1998.0,34321.0,0.0,1.460695,0.560563,SGP,GUY,8
1779367,192,96,8,2003.0,4324.0,0.0,1.7698479999999999,0.63539,SGP,GUY,8
1779368,192,96,8,2004.0,7744.0,0.0,1.804502,0.570084,SGP,GUY,8
1779369,192,96,8,2006.0,10811.0,5306.0,1.670134,0.43955600000000006,SGP,GUY,8
1779370,192,96,8,2007.0,13050.0,15833.0,1.6540990000000002,0.520069,SGP,GUY,8
1779371,192,96,8,2008.0,40725.0,1241.0,1.913389,0.5324369999999999,SGP,GUY,8
1779372,192,96,8,2009.0,0.0,4104.0,1.9798509999999998,0.5573140000000001,SGP,GUY,8
1779373,192,96,8,2010.0,39324.0,12955.0,2.010565,0.564811,SGP,GUY,8
1779374,192,96,8,2019.0,208215.0,36873.0,2.0131759999999996,0.638957,SGP,GUY,8
1779375,197,96,8,2005.0,41421.0,0.0,-0.28803,0.100596,SLV,GUY,8
1779376,197,96,8,2009.0,5174.0,0.0,-0.102931,0.225665,SLV,GUY,8
1779377,197,96,8,2010.0,35096.0,0.0,0.01772,0.21191500000000002,SLV,GUY,8
1779378,197,96,8,2013.0,1321564.0,0.0,0.104046,0.46966,SLV,GUY,8
1779379,197,96,8,2007.0,34008.0,0.0,-0.024915,0.246574,SLV,GUY,8
1779380,197,96,8,2012.0,1183288.0,0.0,0.12898900000000002,0.36512,SLV,GUY,8
1779381,197,96,8,2006.0,67532.0,0.0,-0.127317,0.189904,SLV,GUY,8
1779382,197,96,8,2014.0,1559421.0,0.0,0.11639200000000001,0.368644,SLV,GUY,8
1779383,197,96,8,2015.0,1336457.0,0.0,0.033599000000000004,0.411736,SLV,GUY,8
1779384,197,96,8,2016.0,1055296.0,0.0,0.075546,0.317046,SLV,GUY,8
1779385,197,96,8,2017.0,413663.0,0.0,0.11754,0.363982,SLV,GUY,8
1779386,197,96,8,2018.0,761039.0,0.0,0.07891799999999999,0.219075,SLV,GUY,8
1779387,197,96,8,2008.0,47210.0,0.0,0.076766,0.36383499999999996,SLV,GUY,8
1779388,197,96,8,2011.0,220996.0,0.0,0.086745,0.298308,SLV,GUY,8
1779389,197,96,8,2019.0,1056166.0,0.0,0.052690999999999995,0.157387,SLV,GUY,8
1779390,197,96,8,2020.0,1112180.0,1767.0,0.021800999999999997,0.08519700000000001,SLV,GUY,8
1779391,200,96,8,1997.0,23519.0,1000.0,0.514622,-0.220802,SPM,GUY,8
1779392,200,96,8,1998.0,31188.0,0.0,0.7366560000000001,-0.184875,SPM,GUY,8
1779393,205,96,8,1995.0,212322.0,13191.0,-0.700753,-0.84183,SUR,GUY,8
1779394,205,96,8,1996.0,62245.0,37933.0,-1.062804,-0.893763,SUR,GUY,8
1779395,205,96,8,1999.0,99099.0,50326.0,-0.6808390000000001,-0.874648,SUR,GUY,8
1779396,205,96,8,2001.0,8558.0,19992.0,-0.7622359999999999,-0.790158,SUR,GUY,8
1779397,205,96,8,2002.0,1673.0,93322.0,-1.002898,-0.905595,SUR,GUY,8
1779398,205,96,8,2003.0,14950.0,143941.0,-1.224364,-0.988492,SUR,GUY,8
1779399,205,96,8,2004.0,3381.0,51641.0,-1.056251,-1.0234590000000001,SUR,GUY,8
1779400,205,96,8,2005.0,61093.0,79458.0,-0.5312020000000001,-0.935164,SUR,GUY,8
1779401,205,96,8,2006.0,322551.0,79920.0,-0.703184,-1.0310979999999998,SUR,GUY,8
1779402,205,96,8,2007.0,486720.0,211444.0,-0.726903,-0.9798620000000001,SUR,GUY,8
1779403,205,96,8,2008.0,513816.0,85180.0,-0.576663,-0.897559,SUR,GUY,8
1779404,205,96,8,2009.0,1042732.0,104559.0,-0.5770930000000001,-1.155073,SUR,GUY,8
1779405,205,96,8,2010.0,696752.0,124110.0,-0.579904,-1.07105,SUR,GUY,8
1779406,205,96,8,2011.0,1457680.0,295046.0,-0.289571,-0.932897,SUR,GUY,8
1779407,205,96,8,2012.0,939913.0,251627.0,-0.47594899999999996,-0.966457,SUR,GUY,8
1779408,205,96,8,2013.0,1155376.0,208207.0,-0.25729,-0.651541,SUR,GUY,8
1779409,205,96,8,2014.0,6515309.0,168802.0,-0.278229,-0.9962840000000001,SUR,GUY,8
1779410,205,96,8,2015.0,1412818.0,141455.0,-0.252724,-0.9808879999999999,SUR,GUY,8
1779411,205,96,8,2016.0,932241.0,97030.0,-0.41257200000000005,-1.0434780000000001,SUR,GUY,8
1779412,205,96,8,2017.0,906030.0,216300.0,-0.426954,-1.022706,SUR,GUY,8
1779413,205,96,8,2018.0,745666.0,327466.0,-0.721134,-1.069008,SUR,GUY,8
1779414,205,96,8,2019.0,3084647.0,209774.0,-0.28425,-0.684301,SUR,GUY,8
1779415,205,96,8,1965.0,27921.0,36876.0,-0.280529,-0.472497,SUR,GUY,8
1779416,205,96,8,1970.0,0.0,46414.0,-0.405132,-0.536762,SUR,GUY,8
1779417,205,96,8,1971.0,8412.0,56396.0,-0.26679,-0.417204,SUR,GUY,8
1779418,205,96,8,1972.0,0.0,59903.0,-0.375329,-0.504363,SUR,GUY,8
1779419,205,96,8,1973.0,3150.0,21769.0,-0.067987,-0.355333,SUR,GUY,8
1779420,205,96,8,1974.0,3679.0,38485.0,-0.354184,-0.416542,SUR,GUY,8
1779421,205,96,8,1975.0,3695.0,202056.0,-0.362835,-0.425757,SUR,GUY,8
1779422,205,96,8,1988.0,0.0,19210.0,-1.094907,-0.855158,SUR,GUY,8
1779423,205,96,8,1989.0,0.0,25212.0,-1.175103,-0.886818,SUR,GUY,8
1779424,205,96,8,1990.0,0.0,10909.0,-1.149606,-0.894199,SUR,GUY,8
1779425,205,96,8,1991.0,0.0,53282.0,-0.861583,-0.8565799999999999,SUR,GUY,8
1779426,205,96,8,1992.0,0.0,34996.0,-0.9841209999999999,-0.9359129999999999,SUR,GUY,8
1779427,205,96,8,2000.0,6711.0,21652.0,-0.7238720000000001,-0.807254,SUR,GUY,8
1779428,205,96,8,2020.0,1413524.0,83038.0,-0.075589,-0.935911,SUR,GUY,8
1779429,205,96,8,1994.0,40121.0,16450.0,-0.479788,-0.692581,SUR,GUY,8
1779430,205,96,8,1997.0,78231.0,31000.0,-1.125928,-0.980981,SUR,GUY,8
1779431,205,96,8,1998.0,305291.0,25000.0,-1.470402,-1.063197,SUR,GUY,8
1779432,206,96,8,2018.0,7865.0,0.0,1.445669,0.9135850000000001,SVK,GUY,8
1779433,206,96,8,2019.0,8660.0,0.0,1.457279,0.791451,SVK,GUY,8
1779434,206,96,8,2007.0,14679.0,0.0,1.398352,0.6960390000000001,SVK,GUY,8
1779435,206,96,8,2016.0,27913.0,0.0,1.446588,0.811076,SVK,GUY,8
1779436,207,96,8,1993.0,0.0,4297.0,1.31269,1.554599,SVN,GUY,8
1779437,207,96,8,1994.0,0.0,1136.0,1.431281,1.504549,SVN,GUY,8
1779438,208,96,8,2002.0,200049.0,0.0,2.134,0.769413,SWE,GUY,8
1779439,208,96,8,2003.0,15814.0,0.0,2.139853,0.750033,SWE,GUY,8
1779440,208,96,8,2004.0,88035.0,0.0,2.105611,0.707843,SWE,GUY,8
1779441,208,96,8,2006.0,26711.0,0.0,1.921461,0.478688,SWE,GUY,8
1779442,208,96,8,2008.0,35228.0,0.0,1.8179400000000001,0.301152,SWE,GUY,8
1779443,208,96,8,2011.0,46765.0,0.0,1.776113,0.301014,SWE,GUY,8
1779444,208,96,8,2017.0,128347.0,26737.0,1.695113,0.6885060000000001,SWE,GUY,8
1779445,208,96,8,1996.0,6937.0,0.0,2.186414,0.848194,SWE,GUY,8
1779446,208,96,8,1998.0,18540.0,0.0,2.030484,0.861999,SWE,GUY,8
1779447,208,96,8,1999.0,27745.0,0.0,2.111011,0.783713,SWE,GUY,8
1779448,208,96,8,2001.0,56805.0,0.0,2.01685,0.8233159999999999,SWE,GUY,8
1779449,208,96,8,2007.0,117283.0,9091.0,1.830398,0.310369,SWE,GUY,8
1779450,208,96,8,2009.0,3066.0,0.0,1.8811950000000002,-0.058508000000000004,SWE,GUY,8
1779451,208,96,8,2010.0,60197.0,0.0,1.815875,0.402764,SWE,GUY,8
1779452,208,96,8,2012.0,34422.0,0.0,1.721268,0.15675,SWE,GUY,8
1779453,208,96,8,2013.0,144579.0,0.0,1.7851290000000002,0.182623,SWE,GUY,8
1779454,208,96,8,2014.0,63082.0,0.0,1.7256330000000002,0.395804,SWE,GUY,8
1779455,208,96,8,2015.0,57460.0,0.0,1.787031,0.527449,SWE,GUY,8
1779456,208,96,8,2016.0,27914.0,0.0,1.731295,0.679562,SWE,GUY,8
1779457,208,96,8,2018.0,13444.0,1825.0,1.7254209999999999,0.638757,SWE,GUY,8
1779458,208,96,8,2019.0,285849.0,0.0,1.7247709999999998,0.6898770000000001,SWE,GUY,8
1779459,208,96,8,2020.0,52897.0,0.0,1.5926049999999998,0.870662,SWE,GUY,8
1779460,208,96,8,2005.0,77775.0,0.0,1.9983650000000002,0.59864,SWE,GUY,8
1779461,208,96,8,1967.0,19510.0,0.0,2.1240099999999997,2.8551349999999998,SWE,GUY,8
1779462,208,96,8,1970.0,2422.0,0.0,2.1300470000000002,2.672669,SWE,GUY,8
1779463,208,96,8,1971.0,3732.0,0.0,2.190846,2.570859,SWE,GUY,8
1779464,208,96,8,1972.0,14145.0,1101.0,2.083709,2.511567,SWE,GUY,8
1779465,208,96,8,1973.0,6308.0,0.0,2.103473,2.3276470000000002,SWE,GUY,8
1779466,208,96,8,1974.0,15071.0,2628.0,1.7945509999999998,1.532433,SWE,GUY,8
1779467,208,96,8,1975.0,16650.0,2195.0,1.971359,0.93884,SWE,GUY,8
1779468,208,96,8,1976.0,7311.0,0.0,1.7900189999999998,1.5298049999999999,SWE,GUY,8
1779469,208,96,8,1977.0,0.0,2583.0,1.5786950000000002,1.390976,SWE,GUY,8
1779470,208,96,8,1978.0,4993.0,12023.0,1.905032,1.65209,SWE,GUY,8
1779471,208,96,8,1979.0,3674.0,0.0,1.8791060000000002,1.4971709999999998,SWE,GUY,8
1779472,208,96,8,1980.0,1420.0,0.0,1.7280119999999999,1.128417,SWE,GUY,8
1779473,208,96,8,1981.0,2691.0,16756.0,1.729023,0.9804309999999999,SWE,GUY,8
1779474,208,96,8,1982.0,4189.0,0.0,1.805818,1.210293,SWE,GUY,8
1779475,208,96,8,1985.0,13547.0,24040.0,2.013963,1.252299,SWE,GUY,8
1779476,208,96,8,1986.0,16295.0,0.0,2.1597560000000002,1.491303,SWE,GUY,8
1779477,208,96,8,1987.0,26950.0,0.0,2.166095,1.502119,SWE,GUY,8
1779478,208,96,8,1988.0,42009.0,2611.0,2.194509,1.183689,SWE,GUY,8
1779479,208,96,8,1990.0,0.0,3287.0,2.122441,1.367907,SWE,GUY,8
1779480,208,96,8,1991.0,2273.0,0.0,2.266982,1.2248459999999999,SWE,GUY,8
1779481,208,96,8,1992.0,749.0,2223.0,2.2265900000000003,0.999178,SWE,GUY,8
1779482,208,96,8,1993.0,13842.0,1211.0,2.191455,1.031967,SWE,GUY,8
1779483,208,96,8,1994.0,4885.0,0.0,2.26188,0.9602700000000001,SWE,GUY,8
1779484,208,96,8,1962.0,4174.0,0.0,2.204543,2.995212,SWE,GUY,8
1779485,208,96,8,1963.0,8756.0,0.0,2.146459,2.918374,SWE,GUY,8
1779486,208,96,8,1964.0,1520.0,0.0,2.145611,3.055655,SWE,GUY,8
1779487,208,96,8,1965.0,6105.0,0.0,2.159495,3.0655099999999997,SWE,GUY,8
1779488,208,96,8,1966.0,9463.0,0.0,2.237418,2.8724119999999997,SWE,GUY,8
1779489,208,96,8,1968.0,7641.0,0.0,1.968017,2.7641270000000002,SWE,GUY,8
1779490,208,96,8,1969.0,2925.0,0.0,2.073118,2.6611130000000003,SWE,GUY,8
1779491,209,96,8,2019.0,27836.0,0.0,-0.001137,-0.622737,SWZ,GUY,8
1779492,209,96,8,2011.0,4422.0,0.0,0.143933,0.106021,SWZ,GUY,8
1779493,209,96,8,2012.0,23156.0,0.0,0.209802,-0.11224,SWZ,GUY,8
1779494,209,96,8,2013.0,28658.0,0.0,0.017946,-0.20627399999999999,SWZ,GUY,8
1779495,209,96,8,2017.0,2251.0,0.0,-0.0795,-0.5055270000000001,SWZ,GUY,8
1779496,209,96,8,2020.0,38733.0,0.0,0.07560499999999999,-0.521829,SWZ,GUY,8
1779497,209,96,8,2014.0,183207.0,0.0,0.383407,-0.064228,SWZ,GUY,8
1779498,209,96,8,2000.0,6956.0,0.0,0.265079,-0.277499,SWZ,GUY,8
1779499,209,96,8,2016.0,1032.0,0.0,-0.034247,-0.47031000000000006,SWZ,GUY,8
1779500,209,96,8,2003.0,1375.0,0.0,0.365836,-0.22265700000000002,SWZ,GUY,8
1779501,209,96,8,2006.0,1161.0,0.0,0.8177369999999999,0.302106,SWZ,GUY,8
1779502,209,96,8,2002.0,33714.0,0.0,0.409355,-0.047221,SWZ,GUY,8
1779503,213,96,8,2014.0,12278.0,0.0,0.566988,0.050384,TCA,GUY,8
1779504,213,96,8,2010.0,2517.0,0.0,0.801963,0.30478299999999997,TCA,GUY,8
1779505,215,96,8,1997.0,1439.0,0.0,-0.881602,-0.81079,TGO,GUY,8
1779506,216,96,8,1994.0,91126.0,0.0,0.229846,1.497026,THA,GUY,8
1779507,216,96,8,1995.0,363501.0,0.0,0.249687,1.587885,THA,GUY,8
1779508,216,96,8,1996.0,404381.0,0.0,0.26155100000000003,1.146204,THA,GUY,8
1779509,216,96,8,1997.0,328596.0,0.0,0.216402,1.366618,THA,GUY,8
1779510,216,96,8,1998.0,364106.0,0.0,0.264865,1.275795,THA,GUY,8
1779511,216,96,8,1999.0,505403.0,0.0,0.45096499999999995,1.384025,THA,GUY,8
1779512,216,96,8,2000.0,272637.0,0.0,0.505423,1.358217,THA,GUY,8
1779513,216,96,8,2001.0,553474.0,0.0,0.49264600000000003,1.493471,THA,GUY,8
1779514,216,96,8,2002.0,440372.0,0.0,0.513887,1.545967,THA,GUY,8
1779515,216,96,8,2003.0,294785.0,0.0,0.565552,1.554573,THA,GUY,8
1779516,216,96,8,2004.0,427624.0,0.0,0.633501,1.4648290000000002,THA,GUY,8
1779517,216,96,8,2005.0,830469.0,0.0,0.6763060000000001,1.5179719999999999,THA,GUY,8
1779518,216,96,8,2006.0,878132.0,15410.0,0.73283,1.419023,THA,GUY,8
1779519,216,96,8,2007.0,512514.0,0.0,0.8744709999999999,1.303316,THA,GUY,8
1779520,216,96,8,2008.0,1078244.0,0.0,0.8565809999999999,1.377966,THA,GUY,8
1779521,216,96,8,2009.0,895420.0,0.0,0.891018,1.164574,THA,GUY,8
1779522,216,96,8,2010.0,1249136.0,0.0,0.975297,1.292203,THA,GUY,8
1779523,216,96,8,2011.0,1125924.0,0.0,1.0923049999999999,1.3365639999999999,THA,GUY,8
1779524,216,96,8,2012.0,1369058.0,0.0,1.015684,1.20697,THA,GUY,8
1779525,216,96,8,2013.0,2619865.0,2720.0,1.067287,1.2767110000000002,THA,GUY,8
1779526,216,96,8,2014.0,1570418.0,0.0,1.111392,1.3500370000000002,THA,GUY,8
1779527,216,96,8,2015.0,642477.0,0.0,1.258262,1.078091,THA,GUY,8
1779528,216,96,8,2016.0,679345.0,0.0,1.3075860000000001,1.151426,THA,GUY,8
1779529,216,96,8,2017.0,482676.0,0.0,1.15791,1.282718,THA,GUY,8
1779530,216,96,8,2018.0,510798.0,0.0,1.188923,1.264666,THA,GUY,8
1779531,216,96,8,2019.0,278731.0,0.0,1.128318,1.301893,THA,GUY,8
1779532,216,96,8,2020.0,479012.0,0.0,1.108163,1.266463,THA,GUY,8
1779533,216,96,8,1972.0,399623.0,0.0,-0.570796,-0.372512,THA,GUY,8
1779534,216,96,8,1989.0,38483.0,0.0,-0.049782,1.32686,THA,GUY,8
1779535,216,96,8,1990.0,142829.0,0.0,0.200836,1.37097,THA,GUY,8
1779536,216,96,8,1992.0,219529.0,0.0,0.109518,1.486578,THA,GUY,8
1779537,216,96,8,1993.0,150727.0,0.0,0.261627,1.732836,THA,GUY,8
1779538,216,96,8,1971.0,253619.0,0.0,-0.767467,-0.557866,THA,GUY,8
1779539,216,96,8,1991.0,262830.0,0.0,0.076699,1.530476,THA,GUY,8
1779540,216,96,8,1973.0,187807.0,0.0,-0.31605700000000003,-0.054589,THA,GUY,8
1779541,216,96,8,1970.0,108847.0,0.0,-0.821758,-0.550586,THA,GUY,8
1779542,222,96,8,1991.0,1168907.0,259627.0,0.27066399999999996,-0.453578,TTO,GUY,8
1779543,222,96,8,1992.0,2872482.0,405442.0,0.43506000000000006,-0.43233599999999994,TTO,GUY,8
1779544,222,96,8,1993.0,3464192.0,193844.0,0.259751,-0.405848,TTO,GUY,8
1779545,222,96,8,1994.0,4373380.0,109962.0,0.196785,-0.549906,TTO,GUY,8
1779546,222,96,8,1995.0,4814854.0,270079.0,0.077212,-0.519317,TTO,GUY,8
1779547,222,96,8,1996.0,4582382.0,132867.0,-0.002541,-0.543624,TTO,GUY,8
1779548,222,96,8,1997.0,3990916.0,604523.0,0.051947,-0.405412,TTO,GUY,8
1779549,222,96,8,1998.0,4243750.0,526716.0,0.178492,-0.360086,TTO,GUY,8
1779550,222,96,8,1999.0,4042225.0,208450.0,0.014474,-0.6064729999999999,TTO,GUY,8
1779551,222,96,8,2000.0,5626288.0,203081.0,0.011104000000000001,-0.831385,TTO,GUY,8
1779552,222,96,8,2001.0,4812562.0,162198.0,0.265201,-0.602807,TTO,GUY,8
1779553,222,96,8,2002.0,4758080.0,154114.0,-0.056315,-0.803537,TTO,GUY,8
1779554,222,96,8,2003.0,3993322.0,237660.0,-0.200881,-0.961829,TTO,GUY,8
1779555,222,96,8,2004.0,5331358.0,223082.0,-0.108049,-0.923523,TTO,GUY,8
1779556,222,96,8,2005.0,8523271.0,597590.0,-0.14166099999999998,-1.010897,TTO,GUY,8
1779557,222,96,8,2006.0,8326966.0,180161.0,-0.346992,-1.03502,TTO,GUY,8
1779558,222,96,8,2007.0,8816413.0,2488204.0,-0.358668,-0.999964,TTO,GUY,8
1779559,222,96,8,2008.0,8739647.0,531084.0,-0.39921599999999996,-1.030132,TTO,GUY,8
1779560,222,96,8,2009.0,8085571.0,247577.0,-0.354306,-0.9826520000000001,TTO,GUY,8
1779561,222,96,8,2010.0,8998682.0,259877.0,-0.20364100000000002,-1.0462049999999998,TTO,GUY,8
1779562,222,96,8,2011.0,9037280.0,134363.0,-0.369695,-0.980764,TTO,GUY,8
1779563,222,96,8,2012.0,9984233.0,5239448.0,-0.257402,-0.9802709999999999,TTO,GUY,8
1779564,222,96,8,2013.0,10579310.0,220518.0,-0.399437,-1.047864,TTO,GUY,8
1779565,222,96,8,2014.0,11243061.0,156143.0,-0.582991,-1.055078,TTO,GUY,8
1779566,222,96,8,2015.0,9890142.0,310632.0,-0.312818,-1.033621,TTO,GUY,8
1779567,222,96,8,2017.0,14118191.0,3317171.0,-0.15041300000000002,-1.029801,TTO,GUY,8
1779568,222,96,8,2018.0,18514031.0,331853.0,-0.32209299999999996,-1.0651540000000002,TTO,GUY,8
1779569,222,96,8,2019.0,36941776.0,1483004.0,0.036649,-0.897194,TTO,GUY,8
1779570,222,96,8,2020.0,12380840.0,3798681.0,0.13223,-0.738966,TTO,GUY,8
1779571,222,96,8,1972.0,623368.0,408872.0,0.425095,-0.34268699999999996,TTO,GUY,8
1779572,222,96,8,1990.0,1340910.0,404525.0,0.357632,-0.418442,TTO,GUY,8
1779573,222,96,8,1968.0,293521.0,10633.0,0.388499,-0.182041,TTO,GUY,8
1779574,222,96,8,1969.0,426627.0,94070.0,0.23878400000000002,-0.279382,TTO,GUY,8
1779575,222,96,8,1970.0,435205.0,168207.0,0.589936,-0.137025,TTO,GUY,8
1779576,222,96,8,1971.0,512517.0,372395.0,0.6038479999999999,-0.19159,TTO,GUY,8
1779577,222,96,8,1973.0,703068.0,627791.0,0.259286,-0.340936,TTO,GUY,8
1779578,222,96,8,1974.0,1424489.0,934287.0,-0.450716,-0.525388,TTO,GUY,8
1779579,222,96,8,1979.0,580043.0,1763699.0,0.146867,-0.51025,TTO,GUY,8
1779580,222,96,8,1980.0,598507.0,2249244.0,0.23514200000000002,-0.43651999999999996,TTO,GUY,8
1779581,222,96,8,2016.0,12534973.0,1805397.0,-0.184575,-0.9999889999999999,TTO,GUY,8
1779582,222,96,8,1975.0,1815072.0,1048980.0,-0.195644,-0.46137700000000004,TTO,GUY,8
1779583,222,96,8,1981.0,619452.0,2032329.0,0.245437,-0.44534399999999996,TTO,GUY,8
1779584,222,96,8,1982.0,301946.0,1682124.0,0.399398,-0.46338599999999996,TTO,GUY,8
1779585,222,96,8,1983.0,243613.0,1326235.0,0.528107,-0.37849099999999997,TTO,GUY,8
1779586,222,96,8,1984.0,464422.0,690665.0,0.346616,-0.5002,TTO,GUY,8
1779587,222,96,8,1985.0,419552.0,309115.0,0.530007,-0.46056400000000003,TTO,GUY,8
1779588,222,96,8,1986.0,515318.0,93897.0,0.207159,-0.580407,TTO,GUY,8
1779589,222,96,8,1987.0,518398.0,89541.0,0.065857,-0.5993149999999999,TTO,GUY,8
1779590,222,96,8,1988.0,441721.0,93478.0,0.34105599999999997,-0.40324299999999996,TTO,GUY,8
1779591,222,96,8,1989.0,738463.0,73579.0,0.48464700000000005,-0.368839,TTO,GUY,8
1779592,223,96,8,2003.0,27200.0,0.0,-0.132938,0.331202,TUN,GUY,8
1779593,223,96,8,2004.0,51599.0,0.0,-0.125092,0.370625,TUN,GUY,8
1779594,223,96,8,2011.0,2998.0,0.0,0.44765600000000005,0.949735,TUN,GUY,8
1779595,224,96,8,2005.0,255682.0,0.0,0.284484,2.10348,TUR,GUY,8
1779596,224,96,8,2007.0,7108.0,0.0,0.503181,1.830614,TUR,GUY,8
1779597,224,96,8,2010.0,60047.0,0.0,0.53661,2.161994,TUR,GUY,8
1779598,224,96,8,2011.0,31622.0,0.0,0.593858,2.247072,TUR,GUY,8
1779599,224,96,8,2012.0,155706.0,0.0,0.657573,1.969027,TUR,GUY,8
1779600,224,96,8,2014.0,93031.0,14457.0,0.6641600000000001,2.091193,TUR,GUY,8
1779601,224,96,8,2015.0,244723.0,0.0,0.462588,2.330971,TUR,GUY,8
1779602,224,96,8,2016.0,406815.0,0.0,0.460247,2.3790400000000003,TUR,GUY,8
1779603,224,96,8,2017.0,214856.0,0.0,0.601079,2.126314,TUR,GUY,8
1779604,224,96,8,2018.0,270049.0,1512.0,0.5883510000000001,2.357541,TUR,GUY,8
1779605,224,96,8,2019.0,312773.0,0.0,0.601105,2.31712,TUR,GUY,8
1779606,224,96,8,2020.0,349655.0,0.0,0.6274689999999999,2.401027,TUR,GUY,8
1779607,224,96,8,1996.0,4917.0,0.0,0.07259700000000001,1.734291,TUR,GUY,8
1779608,224,96,8,2009.0,14523.0,0.0,0.47585900000000003,2.221056,TUR,GUY,8
1779609,224,96,8,1997.0,3825.0,8829.0,0.154428,1.7573880000000002,TUR,GUY,8
1779610,224,96,8,1999.0,1236.0,0.0,0.087761,2.0103869999999997,TUR,GUY,8
1779611,224,96,8,2001.0,133768.0,0.0,0.168219,1.989011,TUR,GUY,8
1779612,224,96,8,2008.0,62404.0,0.0,0.518795,1.8095869999999998,TUR,GUY,8
1779613,224,96,8,2013.0,129069.0,0.0,0.580016,2.394812,TUR,GUY,8
1779614,224,96,8,2002.0,196311.0,0.0,0.12982,1.8032650000000001,TUR,GUY,8
1779615,224,96,8,2003.0,142282.0,0.0,0.168739,2.0307020000000002,TUR,GUY,8
1779616,224,96,8,2006.0,54892.0,0.0,0.41471,2.138217,TUR,GUY,8
1779617,224,96,8,2004.0,31354.0,0.0,0.249065,1.910598,TUR,GUY,8
1779618,228,96,8,2010.0,1413.0,0.0,0.469426,1.1556629999999999,UKR,GUY,8
1779619,228,96,8,2011.0,7722.0,0.0,0.48387700000000006,1.0707659999999999,UKR,GUY,8
1779620,228,96,8,2012.0,19835.0,0.0,0.533547,1.159378,UKR,GUY,8
1779621,228,96,8,2013.0,1692.0,0.0,0.535571,1.026263,UKR,GUY,8
1779622,228,96,8,2014.0,8004.0,0.0,0.505369,1.07634,UKR,GUY,8
1779623,228,96,8,2015.0,2349.0,0.0,0.271595,0.965569,UKR,GUY,8
1779624,228,96,8,2016.0,7197.0,0.0,0.240605,0.827153,UKR,GUY,8
1779625,228,96,8,1998.0,3248.0,0.0,0.70233,1.078307,UKR,GUY,8
1779626,228,96,8,2002.0,0.0,188266.0,0.575372,1.131722,UKR,GUY,8
1779627,228,96,8,2006.0,23064.0,0.0,0.598325,1.225485,UKR,GUY,8
1779628,228,96,8,2008.0,3160.0,0.0,0.49950600000000006,1.152203,UKR,GUY,8
1779629,228,96,8,2018.0,2337.0,0.0,0.3281,1.0037459999999998,UKR,GUY,8
1779630,228,96,8,2019.0,13478.0,0.0,0.263437,0.690283,UKR,GUY,8
1779631,230,96,8,2008.0,45632.0,0.0,0.168969,0.310508,URY,GUY,8
1779632,230,96,8,2009.0,643752.0,0.0,0.115835,0.032341,URY,GUY,8
1779633,230,96,8,2010.0,1425232.0,0.0,0.05979299999999999,0.116557,URY,GUY,8
1779634,230,96,8,2011.0,4338561.0,1731.0,0.10006699999999999,0.199222,URY,GUY,8
1779635,230,96,8,2012.0,4522583.0,0.0,0.013581000000000001,0.047302,URY,GUY,8
1779636,230,96,8,2015.0,2862259.0,0.0,0.11081400000000001,-0.131145,URY,GUY,8
1779637,230,96,8,2016.0,1089269.0,0.0,0.040088,-0.27858499999999997,URY,GUY,8
1779638,230,96,8,2018.0,3013963.0,0.0,0.016527,-0.250715,URY,GUY,8
1779639,230,96,8,2013.0,3223703.0,0.0,0.128825,0.02334,URY,GUY,8
1779640,230,96,8,2014.0,1779180.0,0.0,0.155247,-0.091751,URY,GUY,8
1779641,230,96,8,2017.0,2778152.0,0.0,0.09085900000000001,-0.246694,URY,GUY,8
1779642,230,96,8,2019.0,3742844.0,0.0,-0.002587,-0.3514,URY,GUY,8
1779643,230,96,8,2020.0,2173107.0,0.0,-0.06983500000000001,-0.375308,URY,GUY,8
1779644,231,96,8,1990.0,4248971.0,2099153.0,1.537887,1.72997,USA,GUY,8
1779645,231,96,8,1991.0,5192843.0,2265028.0,1.6767419999999997,1.511651,USA,GUY,8
1779646,231,96,8,1992.0,11517165.0,4273633.0,1.660693,1.289752,USA,GUY,8
1779647,231,96,8,1993.0,10318798.0,5318048.0,1.7574319999999999,1.02585,USA,GUY,8
1779648,231,96,8,1994.0,9394193.0,7683679.0,1.835279,0.860557,USA,GUY,8
1779649,231,96,8,1995.0,8511322.0,9199732.0,1.798775,0.910509,USA,GUY,8
1779650,231,96,8,1996.0,9697185.0,7723232.0,1.742391,1.003066,USA,GUY,8
1779651,231,96,8,1997.0,14686475.0,15517273.0,1.875847,0.46257299999999996,USA,GUY,8
1779652,231,96,8,1998.0,16824604.0,22925667.0,1.9350779999999999,0.29075100000000004,USA,GUY,8
1779653,231,96,8,1999.0,14732080.0,21400207.0,1.896707,0.37156,USA,GUY,8
1779654,231,96,8,2000.0,16086464.0,16102217.0,1.9869709999999998,0.021666,USA,GUY,8
1779655,231,96,8,2001.0,13704896.0,20613246.0,1.96615,-0.12332699999999999,USA,GUY,8
1779656,231,96,8,2002.0,15515337.0,21063139.0,1.853174,0.120986,USA,GUY,8
1779657,231,96,8,2003.0,10865520.0,14008963.0,1.8209830000000002,0.085073,USA,GUY,8
1779658,231,96,8,2004.0,9691994.0,13478679.0,1.818327,-0.17913900000000002,USA,GUY,8
1779659,231,96,8,2005.0,8849174.0,11875694.0,1.7455470000000002,-0.418916,USA,GUY,8
1779660,231,96,8,2006.0,11401676.0,13192272.0,1.616918,-0.429924,USA,GUY,8
1779661,231,96,8,2007.0,14339092.0,12970566.0,1.507629,-0.068172,USA,GUY,8
1779662,231,96,8,2008.0,19314042.0,7083106.0,1.494243,-0.340183,USA,GUY,8
1779663,231,96,8,2009.0,18280262.0,7237970.0,1.4675049999999998,-0.26011100000000004,USA,GUY,8
1779664,231,96,8,2010.0,20033345.0,8514649.0,1.564858,-0.667927,USA,GUY,8
1779665,231,96,8,2011.0,22890931.0,11287479.0,1.568274,-0.657708,USA,GUY,8
1779666,231,96,8,2012.0,22264058.0,8839480.0,1.51134,-0.637794,USA,GUY,8
1779667,231,96,8,2013.0,22124817.0,10480281.0,1.612058,-0.8592989999999999,USA,GUY,8
1779668,231,96,8,2014.0,24201070.0,7537459.0,1.569577,-0.293173,USA,GUY,8
1779669,231,96,8,2015.0,34534874.0,4656206.0,1.721982,-0.516554,USA,GUY,8
1779670,231,96,8,2016.0,28193750.0,2756687.0,1.6991900000000002,-0.146044,USA,GUY,8
1779671,231,96,8,2017.0,29245014.0,836538.0,1.536355,0.23775100000000002,USA,GUY,8
1779672,231,96,8,2018.0,41779878.0,783890.0,1.5527739999999999,0.288577,USA,GUY,8
1779673,231,96,8,2019.0,46437303.0,1466516.0,1.5760809999999998,0.19685,USA,GUY,8
1779674,231,96,8,2020.0,43374774.0,2050487.0,1.4725629999999998,0.43318599999999996,USA,GUY,8
1779675,231,96,8,1962.0,876740.0,10505.0,2.072395,1.7205400000000002,USA,GUY,8
1779676,231,96,8,1963.0,924020.0,0.0,2.0341259999999997,1.416706,USA,GUY,8
1779677,231,96,8,1964.0,791355.0,0.0,2.039541,1.8314990000000002,USA,GUY,8
1779678,231,96,8,1965.0,1237045.0,37688.0,2.066792,1.7441380000000002,USA,GUY,8
1779679,231,96,8,1966.0,2166878.0,28715.0,2.018157,1.481471,USA,GUY,8
1779680,231,96,8,1967.0,2049104.0,4079.0,1.9634919999999998,1.826548,USA,GUY,8
1779681,231,96,8,1968.0,1164120.0,12778.0,1.9577650000000002,1.500362,USA,GUY,8
1779682,231,96,8,1969.0,1099221.0,7018.0,1.9097669999999998,1.7483990000000003,USA,GUY,8
1779683,231,96,8,1970.0,1058822.0,60149.0,1.792584,2.206141,USA,GUY,8
1779684,231,96,8,1971.0,1028273.0,39670.0,1.873357,1.848336,USA,GUY,8
1779685,231,96,8,1972.0,1203158.0,91231.0,1.86454,1.841334,USA,GUY,8
1779686,231,96,8,1973.0,1703435.0,180909.0,1.7948419999999998,2.026,USA,GUY,8
1779687,231,96,8,1974.0,3196461.0,985487.0,1.5575430000000001,0.946348,USA,GUY,8
1779688,231,96,8,1975.0,5246378.0,2057576.0,1.626922,1.162917,USA,GUY,8
1779689,231,96,8,1978.0,2986851.0,1951083.0,1.610269,1.603343,USA,GUY,8
1779690,231,96,8,1979.0,3612713.0,2002497.0,1.539367,1.481471,USA,GUY,8
1779691,231,96,8,1980.0,4572095.0,3083241.0,1.4422549999999998,0.744779,USA,GUY,8
1779692,231,96,8,1981.0,6409897.0,2840488.0,1.47046,0.8942190000000001,USA,GUY,8
1779693,231,96,8,1982.0,4132819.0,3851179.0,1.496936,1.2591780000000001,USA,GUY,8
1779694,231,96,8,1983.0,2207836.0,3284287.0,1.500082,1.557107,USA,GUY,8
1779695,231,96,8,1984.0,2213762.0,1923330.0,1.476898,1.614897,USA,GUY,8
1779696,231,96,8,1985.0,1652106.0,677120.0,1.6386479999999999,1.518913,USA,GUY,8
1779697,231,96,8,1986.0,1364623.0,1305161.0,1.472246,1.942236,USA,GUY,8
1779698,231,96,8,1987.0,2619860.0,2268506.0,1.504178,1.820397,USA,GUY,8
1779699,231,96,8,1988.0,4137673.0,3762969.0,1.303966,1.922435,USA,GUY,8
1779700,231,96,8,1989.0,3090050.0,1498748.0,1.4548530000000002,1.7360209999999998,USA,GUY,8
1779701,234,96,8,2012.0,14716.0,10186.0,0.523877,0.065489,VCT,GUY,8
1779702,234,96,8,2013.0,163534.0,1324.0,0.39042899999999997,-0.042089,VCT,GUY,8
1779703,234,96,8,2007.0,12603.0,30262.0,-0.049552,-0.607536,VCT,GUY,8
1779704,234,96,8,2009.0,40468.0,8283.0,0.354378,-0.571625,VCT,GUY,8
1779705,234,96,8,2011.0,181274.0,19313.0,0.452484,-0.022631000000000002,VCT,GUY,8
1779706,234,96,8,2014.0,37253.0,2523.0,0.101454,-0.469681,VCT,GUY,8
1779707,234,96,8,2010.0,20354.0,11268.0,0.33795,-0.213756,VCT,GUY,8
1779708,234,96,8,2018.0,0.0,41571.0,-0.37162,-0.674759,VCT,GUY,8
1779709,234,96,8,2005.0,25115.0,28588.0,-0.337388,-0.799525,VCT,GUY,8
1779710,234,96,8,2006.0,1827.0,8768.0,-0.51151,-0.8950620000000001,VCT,GUY,8
1779711,234,96,8,2008.0,44587.0,48006.0,-0.5826279999999999,-0.989132,VCT,GUY,8
1779712,234,96,8,2019.0,9619.0,18161.0,-0.5139630000000001,-0.851612,VCT,GUY,8
1779713,234,96,8,2004.0,0.0,71262.0,-0.706188,-0.9244120000000001,VCT,GUY,8
1779714,234,96,8,2002.0,41707.0,17776.0,-0.268813,-0.67072,VCT,GUY,8
1779715,234,96,8,2000.0,35560.0,48570.0,0.216315,-0.206287,VCT,GUY,8
1779716,234,96,8,1993.0,0.0,24247.0,-0.136217,-0.584545,VCT,GUY,8
1779717,234,96,8,1994.0,0.0,46548.0,0.012844999999999999,-0.535906,VCT,GUY,8
1779718,234,96,8,1995.0,52203.0,58673.0,-0.279737,-0.692387,VCT,GUY,8
1779719,234,96,8,1996.0,74809.0,0.0,-0.05218,-0.49757700000000005,VCT,GUY,8
1779720,234,96,8,1997.0,129167.0,24663.0,0.059354,-0.545099,VCT,GUY,8
1779721,234,96,8,1998.0,66896.0,54210.0,0.36251,-0.24445799999999998,VCT,GUY,8
1779722,234,96,8,1999.0,44555.0,73705.0,-0.043548,-0.625648,VCT,GUY,8
1779723,234,96,8,2001.0,55629.0,31585.0,-0.318918,-0.764984,VCT,GUY,8
1779724,234,96,8,2003.0,24426.0,36477.0,-0.108383,-0.587921,VCT,GUY,8
1779725,234,96,8,1975.0,0.0,36190.0,-0.244313,-0.596338,VCT,GUY,8
1779726,234,96,8,2017.0,12518.0,49930.0,0.070659,-0.485245,VCT,GUY,8
1779727,234,96,8,2015.0,3370.0,123075.0,0.43013999999999997,-0.058655,VCT,GUY,8
1779728,234,96,8,2020.0,32748.0,13659.0,-0.652007,-0.866397,VCT,GUY,8
1779729,234,96,8,2016.0,0.0,13235.0,-0.15301099999999998,-0.789267,VCT,GUY,8
1779730,234,96,8,1973.0,0.0,53216.0,-0.71338,-0.628492,VCT,GUY,8
1779731,234,96,8,1974.0,0.0,41193.0,-0.146781,-0.490388,VCT,GUY,8
1779732,234,96,8,1970.0,0.0,51910.0,-0.663764,-0.571587,VCT,GUY,8
1779733,234,96,8,1971.0,0.0,42879.0,-0.403588,-0.457158,VCT,GUY,8
1779734,234,96,8,1972.0,0.0,57528.0,-0.628545,-0.559405,VCT,GUY,8
1779735,236,96,8,1996.0,787650.0,0.0,-0.039967,-0.828263,VEN,GUY,8
1779736,236,96,8,1997.0,589590.0,22696.0,-0.137776,-0.750744,VEN,GUY,8
1779737,236,96,8,1998.0,627206.0,0.0,0.045495999999999995,-0.5727760000000001,VEN,GUY,8
1779738,236,96,8,1999.0,552630.0,0.0,-0.0040409999999999995,-0.674135,VEN,GUY,8
1779739,236,96,8,2000.0,445104.0,3939.0,-0.12500999999999998,-0.8610610000000001,VEN,GUY,8
1779740,236,96,8,2001.0,398955.0,32405.0,-0.013877,-0.8582690000000001,VEN,GUY,8
1779741,236,96,8,2002.0,395277.0,0.0,-0.008877,-0.753486,VEN,GUY,8
1779742,236,96,8,2003.0,818176.0,7441.0,-0.036072,-0.818635,VEN,GUY,8
1779743,236,96,8,2004.0,1091289.0,0.0,-0.41193900000000006,-0.9578899999999999,VEN,GUY,8
1779744,236,96,8,2005.0,679908.0,0.0,-0.308884,-1.0845,VEN,GUY,8
1779745,236,96,8,2006.0,284506.0,0.0,-0.5559649999999999,-0.9988299999999999,VEN,GUY,8
1779746,236,96,8,2008.0,473493.0,0.0,-1.170569,-1.1018780000000001,VEN,GUY,8
1779747,236,96,8,2009.0,445861.0,6364.0,-0.834899,-1.136707,VEN,GUY,8
1779748,236,96,8,2010.0,429335.0,2525.0,-1.2999209999999999,-1.196332,VEN,GUY,8
1779749,236,96,8,2011.0,345311.0,89484.0,-1.6447669999999999,-1.176749,VEN,GUY,8
1779750,236,96,8,2012.0,222898.0,165727.0,-1.6796689999999999,-1.168002,VEN,GUY,8
1779751,236,96,8,2013.0,490707.0,0.0,-1.281202,-1.094268,VEN,GUY,8
1779752,236,96,8,2014.0,500508.0,23355.0,-1.1668459999999998,-1.134262,VEN,GUY,8
1779753,236,96,8,2015.0,598228.0,62577.0,-1.335158,-1.261161,VEN,GUY,8
1779754,236,96,8,2016.0,367026.0,0.0,-1.2837120000000002,-1.2503879999999998,VEN,GUY,8
1779755,236,96,8,2017.0,530081.0,0.0,-1.191942,-1.245689,VEN,GUY,8
1779756,236,96,8,2018.0,256356.0,0.0,-1.180083,-1.23326,VEN,GUY,8
1779757,236,96,8,2019.0,52559.0,1999.0,-1.432195,-1.297239,VEN,GUY,8
1779758,236,96,8,2020.0,1026.0,0.0,-1.373512,-1.2886440000000001,VEN,GUY,8
1779759,236,96,8,2007.0,531244.0,0.0,-0.787944,-1.0645200000000001,VEN,GUY,8
1779760,236,96,8,1973.0,3776.0,2420.0,-0.985057,-0.59819,VEN,GUY,8
1779761,236,96,8,1974.0,5865.0,3552.0,-1.086871,-0.440258,VEN,GUY,8
1779762,236,96,8,1965.0,0.0,849.0,-0.41090200000000004,-0.347914,VEN,GUY,8
1779763,236,96,8,1971.0,6822.0,1904.0,-0.9655290000000001,-0.651151,VEN,GUY,8
1779764,236,96,8,1972.0,3254.0,1361.0,-1.005675,-0.624402,VEN,GUY,8
1779765,236,96,8,1975.0,10832.0,5553.0,-1.8247490000000002,-0.5920310000000001,VEN,GUY,8
1779766,236,96,8,1988.0,262672.0,0.0,-0.274765,-0.778587,VEN,GUY,8
1779767,236,96,8,1989.0,230722.0,0.0,-0.04738,-0.624991,VEN,GUY,8
1779768,236,96,8,1990.0,118496.0,0.0,-0.035712,-0.669521,VEN,GUY,8
1779769,236,96,8,1991.0,47850.0,33429.0,0.26127100000000003,-0.533752,VEN,GUY,8
1779770,236,96,8,1992.0,373844.0,0.0,-0.106385,-0.65975,VEN,GUY,8
1779771,236,96,8,1993.0,1368641.0,0.0,-0.13730599999999998,-0.671726,VEN,GUY,8
1779772,236,96,8,1994.0,1218263.0,2290.0,0.04754,-0.6419159999999999,VEN,GUY,8
1779773,236,96,8,1995.0,604973.0,0.0,-0.04476,-0.73316,VEN,GUY,8
1779774,236,96,8,1982.0,0.0,10456.0,-0.16918,-0.691221,VEN,GUY,8
1779775,236,96,8,1968.0,0.0,1168.0,-0.7130850000000001,-0.5042939999999999,VEN,GUY,8
1779776,236,96,8,1970.0,0.0,852.0,-0.850909,-0.580477,VEN,GUY,8
1779777,236,96,8,1987.0,100799.0,0.0,0.30843000000000004,-0.623317,VEN,GUY,8
1779778,236,96,8,1986.0,29050.0,0.0,-0.289661,-0.7737,VEN,GUY,8
1779779,237,96,8,2013.0,8243.0,0.0,0.217532,-0.315292,VGB,GUY,8
1779780,237,96,8,2014.0,6659.0,2690.0,0.48387299999999994,0.0534,VGB,GUY,8
1779781,237,96,8,2015.0,21382.0,2498.0,1.0531030000000001,-0.079853,VGB,GUY,8
1779782,237,96,8,2016.0,15250.0,0.0,0.755814,-0.385307,VGB,GUY,8
1779783,237,96,8,2017.0,10803.0,0.0,0.700232,-0.166994,VGB,GUY,8
1779784,237,96,8,2018.0,20287.0,4346.0,1.107364,0.036629,VGB,GUY,8
1779785,237,96,8,2009.0,40435.0,0.0,0.870209,0.188862,VGB,GUY,8
1779786,237,96,8,2019.0,0.0,25539.0,0.9474889999999999,-0.269173,VGB,GUY,8
1779787,237,96,8,2012.0,4833.0,3826.0,0.419843,0.23373899999999997,VGB,GUY,8
1779788,237,96,8,2004.0,0.0,2948.0,0.689844,-0.23942,VGB,GUY,8
1779789,237,96,8,2007.0,0.0,45098.0,0.7635109999999999,0.054086,VGB,GUY,8
1779790,237,96,8,2008.0,0.0,1338.0,0.606201,0.030099,VGB,GUY,8
1779791,237,96,8,2006.0,1505.0,3328.0,0.937218,0.16353,VGB,GUY,8
1779792,237,96,8,2005.0,0.0,8602.0,0.220291,-0.497288,VGB,GUY,8
1779793,237,96,8,1973.0,0.0,11215.0,,,VGB,GUY,8
1779794,238,96,8,1973.0,0.0,4067.0,0.475763,-0.16025,VIR,GUY,8
1779795,238,96,8,1972.0,0.0,1246.0,0.798298,-0.06463200000000001,VIR,GUY,8
1779796,238,96,8,1974.0,0.0,5801.0,0.328002,-0.161999,VIR,GUY,8
1779797,239,96,8,2002.0,51417.0,0.0,-0.44170699999999996,0.544708,VNM,GUY,8
1779798,239,96,8,2008.0,64962.0,4581.0,-0.04149,1.043877,VNM,GUY,8
1779799,239,96,8,2009.0,84205.0,0.0,-0.107678,0.824392,VNM,GUY,8
1779800,239,96,8,2010.0,200687.0,0.0,-0.096135,1.263142,VNM,GUY,8
1779801,239,96,8,2011.0,276293.0,0.0,0.056153999999999996,1.242208,VNM,GUY,8
1779802,239,96,8,2013.0,305265.0,0.0,0.009264,1.182368,VNM,GUY,8
1779803,239,96,8,2015.0,128851.0,0.0,-0.055202,0.807679,VNM,GUY,8
1779804,239,96,8,2016.0,193894.0,0.0,0.048214,0.6998810000000001,VNM,GUY,8
1779805,239,96,8,2018.0,573715.0,0.0,0.111848,0.915842,VNM,GUY,8
1779806,239,96,8,2019.0,1124010.0,0.0,0.04444,0.8275049999999999,VNM,GUY,8
1779807,239,96,8,2005.0,104662.0,0.0,-0.49631499999999995,0.591896,VNM,GUY,8
1779808,239,96,8,2003.0,64957.0,0.0,-0.5902930000000001,0.6113689999999999,VNM,GUY,8
1779809,239,96,8,2006.0,83956.0,0.0,-0.089404,0.986066,VNM,GUY,8
1779810,239,96,8,2007.0,15623.0,0.0,-0.102532,1.0221870000000002,VNM,GUY,8
1779811,239,96,8,2012.0,329353.0,0.0,0.0755,1.008183,VNM,GUY,8
1779812,239,96,8,2014.0,432029.0,0.0,0.135762,1.182052,VNM,GUY,8
1779813,239,96,8,2017.0,105695.0,0.0,-0.006548999999999999,0.7030420000000001,VNM,GUY,8
1779814,239,96,8,2020.0,475109.0,0.0,0.176235,0.640389,VNM,GUY,8
1779815,245,96,8,1989.0,2149.0,2591.0,1.039279,2.368432,YUG,GUY,8
1779816,245,96,8,1990.0,5000.0,0.0,1.113732,2.405979,YUG,GUY,8
1779817,245,96,8,1973.0,0.0,25602.0,1.034921,2.6463349999999997,YUG,GUY,8
1779818,246,96,8,2004.0,222644.0,0.0,0.29599699999999995,1.909018,ZAF,GUY,8
1779819,246,96,8,2008.0,46226.0,0.0,0.133055,1.349216,ZAF,GUY,8
1779820,246,96,8,2009.0,154133.0,0.0,0.12679200000000002,1.8165349999999998,ZAF,GUY,8
1779821,246,96,8,2010.0,255688.0,0.0,0.153813,1.626072,ZAF,GUY,8
1779822,246,96,8,2011.0,77671.0,0.0,-0.041062,1.647892,ZAF,GUY,8
1779823,246,96,8,2012.0,58081.0,0.0,0.06510099999999999,1.748521,ZAF,GUY,8
1779824,246,96,8,2018.0,257056.0,0.0,-0.053311000000000004,1.45561,ZAF,GUY,8
1779825,246,96,8,2019.0,341105.0,63165.0,0.009188,1.1810610000000001,ZAF,GUY,8
1779826,246,96,8,2020.0,178375.0,0.0,-0.147146,0.8898459999999999,ZAF,GUY,8
1779827,246,96,8,2005.0,86422.0,0.0,0.24420100000000003,1.7617349999999998,ZAF,GUY,8
1779828,246,96,8,2017.0,254263.0,0.0,-0.048668,1.283483,ZAF,GUY,8
1779829,246,96,8,1997.0,43184.0,0.0,0.29381199999999996,1.276557,ZAF,GUY,8
1779830,246,96,8,2002.0,25026.0,0.0,0.32760500000000004,2.497746,ZAF,GUY,8
1779831,246,96,8,2003.0,144875.0,0.0,0.368016,2.295644,ZAF,GUY,8
1779832,246,96,8,2014.0,140812.0,0.0,0.156414,1.873848,ZAF,GUY,8
1779833,246,96,8,2015.0,155220.0,0.0,0.093921,1.7627400000000002,ZAF,GUY,8
1779834,246,96,8,2013.0,71795.0,0.0,0.11624100000000001,1.574591,ZAF,GUY,8
1779835,246,96,8,2016.0,250487.0,0.0,-0.029618000000000002,1.426834,ZAF,GUY,8
1779836,246,96,8,2001.0,84986.0,0.0,0.249833,2.1142950000000003,ZAF,GUY,8
1779837,246,96,8,2007.0,13743.0,0.0,0.10604200000000001,1.282859,ZAF,GUY,8
1779838,246,96,8,2006.0,20206.0,0.0,0.18317,1.675934,ZAF,GUY,8
1779839,246,96,8,1998.0,14772.0,0.0,0.344798,1.580124,ZAF,GUY,8
1779840,246,96,8,1999.0,129317.0,0.0,0.23824,1.711371,ZAF,GUY,8
1779841,246,96,8,2000.0,45271.0,0.0,0.304739,2.2212709999999998,ZAF,GUY,8
1779842,249,96,8,2009.0,662042.0,0.0,1.625275,1.0083360000000001,TWN,GUY,8
1779843,249,96,8,2010.0,667048.0,0.0,1.7498939999999998,1.027708,TWN,GUY,8
1779844,249,96,8,2011.0,569658.0,2296.0,1.769091,1.196232,TWN,GUY,8
1779845,249,96,8,2016.0,152538.0,0.0,2.028455,1.271167,TWN,GUY,8
1779846,249,96,8,2019.0,238625.0,0.0,2.0674080000000004,1.041427,TWN,GUY,8
1779847,249,96,8,2020.0,208495.0,0.0,2.043519,1.072238,TWN,GUY,8
1779848,249,96,8,2013.0,203752.0,31622.0,1.7382849999999999,0.9917739999999999,TWN,GUY,8
1779849,249,96,8,2014.0,325432.0,0.0,1.850481,1.081809,TWN,GUY,8
1779850,249,96,8,2001.0,285240.0,0.0,1.7270020000000001,1.252843,TWN,GUY,8
1779851,249,96,8,2002.0,188746.0,0.0,1.9084720000000002,1.253714,TWN,GUY,8
1779852,249,96,8,2005.0,261467.0,4367.0,1.725238,1.214178,TWN,GUY,8
1779853,249,96,8,2006.0,165839.0,0.0,1.6683169999999998,1.230621,TWN,GUY,8
1779854,249,96,8,2007.0,363179.0,0.0,1.618424,1.09296,TWN,GUY,8
1779855,249,96,8,2008.0,845658.0,0.0,1.609569,1.054247,TWN,GUY,8
1779856,249,96,8,2012.0,780237.0,0.0,1.671686,0.9854729999999999,TWN,GUY,8
1779857,249,96,8,2015.0,226566.0,0.0,2.005274,1.3042690000000001,TWN,GUY,8
1779858,249,96,8,2017.0,272014.0,0.0,2.003822,1.215216,TWN,GUY,8
1779859,249,96,8,2018.0,364038.0,0.0,2.0283580000000003,1.1648319999999999,TWN,GUY,8
1779860,249,96,8,2000.0,225184.0,0.0,1.642139,1.2375639999999999,TWN,GUY,8
1779861,249,96,8,2003.0,247630.0,0.0,1.885491,1.218259,TWN,GUY,8
1779862,249,96,8,2004.0,318535.0,0.0,1.8844150000000002,1.257951,TWN,GUY,8
1779863,249,96,8,1968.0,18528.0,0.0,1.152169,1.691066,TWN,GUY,8
1779864,249,96,8,1969.0,80423.0,0.0,1.314545,1.825704,TWN,GUY,8
1779865,249,96,8,1970.0,110290.0,0.0,1.2042030000000001,1.8731419999999999,TWN,GUY,8
1779866,249,96,8,1971.0,282527.0,0.0,1.123146,1.440067,TWN,GUY,8
1779867,249,96,8,1974.0,259916.0,0.0,0.948535,1.347091,TWN,GUY,8
1779868,249,96,8,1975.0,475285.0,0.0,0.901222,1.402678,TWN,GUY,8
1779869,249,96,8,1989.0,362000.0,0.0,1.245347,1.703782,TWN,GUY,8
1779870,249,96,8,1990.0,368000.0,0.0,1.3199290000000001,1.74427,TWN,GUY,8
1779871,249,96,8,1991.0,926267.0,0.0,1.339935,1.785738,TWN,GUY,8
1779872,249,96,8,1992.0,631056.0,0.0,1.3694790000000001,1.6227559999999999,TWN,GUY,8
1779873,249,96,8,1994.0,409000.0,0.0,1.638657,1.695454,TWN,GUY,8
1779874,249,96,8,1997.0,237160.0,0.0,1.557128,1.434424,TWN,GUY,8
1779875,249,96,8,1998.0,259332.0,0.0,1.457882,1.4925680000000001,TWN,GUY,8
1779876,249,96,8,1999.0,235031.0,0.0,1.575558,1.3365719999999999,TWN,GUY,8
1779877,249,96,8,1993.0,1116000.0,0.0,1.500474,1.620057,TWN,GUY,8
1779878,249,96,8,1967.0,16250.0,0.0,1.25375,1.8185040000000001,TWN,GUY,8
1779879,249,96,8,1981.0,196667.0,0.0,1.102486,1.397715,TWN,GUY,8
1779880,250,96,8,1970.0,61388.0,35917.0,0.6549699999999999,0.197153,ANS,GUY,8
1779881,250,96,8,1971.0,64945.0,42905.0,0.740793,0.11133,ANS,GUY,8
1779882,250,96,8,1972.0,76911.0,55660.0,0.840347,0.237871,ANS,GUY,8
1779883,250,96,8,1973.0,51489.0,40721.0,0.717793,0.525814,ANS,GUY,8
1779884,250,96,8,1974.0,90209.0,39573.0,0.110116,0.21134499999999998,ANS,GUY,8
1779885,250,96,8,1975.0,84973.0,36131.0,0.25750500000000004,0.41504300000000005,ANS,GUY,8
1779886,250,96,8,1981.0,1243167.0,356255.0,0.372708,0.470721,ANS,GUY,8
1779887,250,96,8,1991.0,152581.0,0.0,1.026399,0.9156559999999999,ANS,GUY,8
1779888,250,96,8,1999.0,85819.0,45119.0,1.141398,0.7875770000000001,ANS,GUY,8
1779889,250,96,8,2003.0,76238.0,43374.0,0.37784,-0.426752,ANS,GUY,8
1779890,250,96,8,2000.0,97301.0,28914.0,1.094325,-0.32521100000000003,ANS,GUY,8
1779891,250,96,8,2001.0,196937.0,140720.0,0.947105,-0.529946,ANS,GUY,8
1779892,250,96,8,1992.0,187332.0,0.0,0.989994,0.977453,ANS,GUY,8
1779893,250,96,8,2002.0,78563.0,119856.0,0.5979300000000001,-0.497816,ANS,GUY,8
1779894,250,96,8,2004.0,118714.0,69642.0,0.46240200000000004,-0.406624,ANS,GUY,8
1779895,0,97,8,2018.0,113224.0,1872581.0,0.800212,0.174964,ABW,HKG,8
1779896,0,97,8,2019.0,98140.0,2071348.0,1.036546,0.005591,ABW,HKG,8
1779897,0,97,8,2010.0,668068.0,1266550.0,0.99261,0.46120200000000006,ABW,HKG,8
1779898,0,97,8,2005.0,0.0,957350.0,-0.264653,-0.864367,ABW,HKG,8
1779899,0,97,8,2006.0,0.0,1326955.0,-0.353579,-0.852273,ABW,HKG,8
1779900,0,97,8,2007.0,0.0,1536548.0,-0.459232,-0.8233299999999999,ABW,HKG,8
1779901,0,97,8,2008.0,0.0,2266834.0,-0.42408500000000005,-0.8313309999999999,ABW,HKG,8
1779902,0,97,8,2009.0,70678.0,723170.0,0.686739,-0.609776,ABW,HKG,8
1779903,0,97,8,2000.0,0.0,2267135.0,-0.197305,-0.888491,ABW,HKG,8
1779904,0,97,8,2001.0,179287.0,1472470.0,-0.500051,-0.8763299999999999,ABW,HKG,8
1779905,0,97,8,2002.0,0.0,1282298.0,0.27076100000000003,-0.858951,ABW,HKG,8
1779906,0,97,8,2003.0,0.0,1396257.0,-0.126802,-0.8373280000000001,ABW,HKG,8
1779907,0,97,8,2004.0,495843.0,1509104.0,0.074978,-0.8537239999999999,ABW,HKG,8
1779908,0,97,8,2013.0,102765.0,4942046.0,0.598533,0.032199,ABW,HKG,8
1779909,0,97,8,2017.0,290550.0,2722109.0,0.8469200000000001,0.12138299999999999,ABW,HKG,8
1779910,0,97,8,2020.0,356495.0,773941.0,0.752255,-0.210544,ABW,HKG,8
1779911,0,97,8,2012.0,0.0,3464571.0,0.040139999999999995,-0.628788,ABW,HKG,8
1779912,0,97,8,2014.0,130005.0,5657477.0,0.279562,-0.371938,ABW,HKG,8
1779913,0,97,8,2016.0,22215.0,2475550.0,0.7897,0.359562,ABW,HKG,8
1779914,0,97,8,2015.0,7314.0,4176146.0,0.650072,0.09566000000000001,ABW,HKG,8
1779915,0,97,8,2011.0,0.0,3534062.0,-0.191671,-0.649625,ABW,HKG,8
1779916,0,97,8,1995.0,0.0,2989290.0,-0.5261399999999999,-0.720547,ABW,HKG,8
1779917,0,97,8,1996.0,0.0,1998363.0,-0.493634,-0.719576,ABW,HKG,8
1779918,0,97,8,1997.0,0.0,2384286.0,-1.338982,-0.866526,ABW,HKG,8
1779919,0,97,8,1999.0,0.0,1785021.0,-0.431539,-0.886468,ABW,HKG,8
1779920,0,97,8,1994.0,0.0,2552220.0,-1.146509,-0.7049850000000001,ABW,HKG,8
1779921,0,97,8,1998.0,0.0,1890737.0,-0.39718200000000004,-0.800121,ABW,HKG,8
1779922,0,97,8,1991.0,0.0,1457743.0,-0.529015,-0.719439,ABW,HKG,8
1779923,0,97,8,1992.0,183915.0,3377804.0,-0.260923,-0.700814,ABW,HKG,8
1779924,0,97,8,1993.0,0.0,1973791.0,-1.554019,-0.827406,ABW,HKG,8
1779925,0,97,8,1990.0,0.0,1511438.0,-0.242892,-0.676147,ABW,HKG,8
1779926,1,97,8,2018.0,0.0,154655.0,-1.098293,-0.812288,AFG,HKG,8
1779927,1,97,8,2019.0,0.0,313674.0,-1.1168129999999998,-0.840808,AFG,HKG,8
1779928,1,97,8,2007.0,0.0,460189.0,-0.519188,-0.5664899999999999,AFG,HKG,8
1779929,1,97,8,2009.0,0.0,175135.0,-0.389762,-0.466503,AFG,HKG,8
1779930,1,97,8,2011.0,0.0,195616.0,-0.782045,-0.558179,AFG,HKG,8
1779931,1,97,8,2012.0,3062.0,166863.0,-0.666296,-0.7860689999999999,AFG,HKG,8
1779932,1,97,8,2010.0,0.0,169052.0,-0.095889,0.038069,AFG,HKG,8
1779933,1,97,8,2015.0,0.0,430137.0,-1.211217,-1.1290950000000002,AFG,HKG,8
1779934,1,97,8,2016.0,0.0,457964.0,-1.44133,-0.9938950000000001,AFG,HKG,8
1779935,1,97,8,1975.0,0.0,700411.0,-0.48408,-0.539767,AFG,HKG,8
1779936,1,97,8,1964.0,0.0,149824.0,-0.786243,-0.8761680000000001,AFG,HKG,8
1779937,1,97,8,1991.0,0.0,5924044.0,-0.696774,-0.7306020000000001,AFG,HKG,8
1779938,1,97,8,1993.0,0.0,6796841.0,-0.397524,-0.45703599999999994,AFG,HKG,8
1779939,1,97,8,2008.0,0.0,257587.0,-0.197287,-0.185372,AFG,HKG,8
1779940,1,97,8,2013.0,0.0,461642.0,-0.767212,-0.6506069999999999,AFG,HKG,8
1779941,1,97,8,2014.0,0.0,158948.0,-0.9800639999999999,-0.8281790000000001,AFG,HKG,8
1779942,1,97,8,2017.0,0.0,188580.0,-1.341683,-0.9569620000000001,AFG,HKG,8
1779943,1,97,8,2020.0,0.0,328858.0,-0.998556,-0.819045,AFG,HKG,8
1779944,1,97,8,2000.0,0.0,216336.0,-0.321246,-0.499699,AFG,HKG,8
1779945,1,97,8,2002.0,0.0,324741.0,-0.11885899999999999,-0.346093,AFG,HKG,8
1779946,1,97,8,2003.0,0.0,194118.0,-0.6427109999999999,-0.678976,AFG,HKG,8
1779947,1,97,8,2004.0,0.0,313742.0,-0.8890309999999999,-0.773602,AFG,HKG,8
1779948,1,97,8,1969.0,0.0,184611.0,-0.715824,-0.809239,AFG,HKG,8
1779949,1,97,8,1971.0,0.0,332901.0,-0.82368,-0.805752,AFG,HKG,8
1779950,1,97,8,1972.0,0.0,363655.0,-0.8629950000000001,-0.881224,AFG,HKG,8
1779951,1,97,8,1973.0,0.0,558022.0,-0.906999,-0.872303,AFG,HKG,8
1779952,1,97,8,1974.0,0.0,576685.0,-0.58078,-0.619359,AFG,HKG,8
1779953,1,97,8,1979.0,28764.0,2032419.0,-0.304313,-0.760749,AFG,HKG,8
1779954,1,97,8,1990.0,0.0,4820891.0,-0.497475,-0.7221569999999999,AFG,HKG,8
1779955,1,97,8,1992.0,0.0,4554911.0,-0.347989,-0.539361,AFG,HKG,8
1779956,1,97,8,1994.0,0.0,5883809.0,-0.536479,-0.703022,AFG,HKG,8
1779957,1,97,8,1995.0,0.0,3592302.0,-0.34636999999999996,-0.5095390000000001,AFG,HKG,8
1779958,1,97,8,1996.0,0.0,2420241.0,-0.760436,-0.864967,AFG,HKG,8
1779959,1,97,8,1998.0,82168.0,1885845.0,-0.473204,-0.768925,AFG,HKG,8
1779960,1,97,8,1999.0,0.0,1026600.0,-0.23128800000000002,-0.6081989999999999,AFG,HKG,8
1779961,1,97,8,2001.0,0.0,163892.0,0.110694,-0.372979,AFG,HKG,8
1779962,1,97,8,1981.0,0.0,4612784.0,-0.19664700000000002,-0.696415,AFG,HKG,8
1779963,1,97,8,1997.0,0.0,2809838.0,-0.111577,-0.408047,AFG,HKG,8
1779964,1,97,8,1984.0,0.0,4431820.0,-0.586504,-0.787099,AFG,HKG,8
1779965,1,97,8,1980.0,0.0,2804090.0,0.015526,-0.660659,AFG,HKG,8
1779966,1,97,8,1982.0,0.0,5493331.0,-0.294662,-0.666574,AFG,HKG,8
1779967,1,97,8,1983.0,0.0,5782173.0,-0.594298,-0.847625,AFG,HKG,8
1779968,1,97,8,1985.0,0.0,4552218.0,-0.771117,-0.829084,AFG,HKG,8
1779969,1,97,8,1986.0,0.0,9182723.0,-0.9025280000000001,-0.844668,AFG,HKG,8
1779970,1,97,8,1987.0,0.0,6927260.0,-0.592536,-0.732567,AFG,HKG,8
1779971,1,97,8,1988.0,0.0,6064999.0,-0.446223,-0.709383,AFG,HKG,8
1779972,1,97,8,1989.0,0.0,3554103.0,-0.7599020000000001,-0.870381,AFG,HKG,8
1779973,1,97,8,1963.0,0.0,98031.0,-0.930433,-0.8481639999999999,AFG,HKG,8
1779974,1,97,8,1968.0,0.0,227375.0,-0.712527,-0.837342,AFG,HKG,8
1779975,1,97,8,1978.0,6716.0,2038450.0,-0.20910900000000002,-0.6330140000000001,AFG,HKG,8
1779976,1,97,8,1965.0,0.0,79519.0,-0.727924,-0.801519,AFG,HKG,8
1779977,1,97,8,1966.0,0.0,186347.0,-0.913538,-0.8547040000000001,AFG,HKG,8
1779978,1,97,8,1967.0,0.0,192735.0,-0.7481760000000001,-0.8343510000000001,AFG,HKG,8
1779979,1,97,8,1970.0,0.0,377421.0,-0.9159870000000001,-0.9142959999999999,AFG,HKG,8
1779980,2,97,8,2010.0,0.0,10002609.0,-1.59643,-1.179344,AGO,HKG,8
1779981,2,97,8,2007.0,0.0,19986148.0,-1.7943200000000001,-1.2032459999999998,AGO,HKG,8
1779982,2,97,8,2009.0,0.0,16246895.0,-1.607221,-1.1887940000000001,AGO,HKG,8
1779983,2,97,8,2011.0,4737.0,6688321.0,-1.578048,-1.122791,AGO,HKG,8
1779984,2,97,8,2012.0,0.0,8980919.0,-1.610059,-1.1253739999999999,AGO,HKG,8
1779985,2,97,8,2015.0,0.0,7201076.0,-1.6311149999999999,-1.260721,AGO,HKG,8
1779986,2,97,8,2016.0,50064.0,3985218.0,-0.986722,-1.1941979999999999,AGO,HKG,8
1779987,2,97,8,2014.0,7030.0,17869865.0,-1.547068,-1.121438,AGO,HKG,8
1779988,2,97,8,2013.0,0.0,7942815.0,-1.240877,-1.073797,AGO,HKG,8
1779989,2,97,8,2019.0,7980.0,4325756.0,-1.503967,-1.2339719999999998,AGO,HKG,8
1779990,2,97,8,1969.0,0.0,535053.0,-0.953317,-0.809239,AGO,HKG,8
1779991,2,97,8,1962.0,0.0,68155.0,-0.7256100000000001,-0.703291,AGO,HKG,8
1779992,2,97,8,1963.0,0.0,117078.0,-1.127484,-0.766178,AGO,HKG,8
1779993,2,97,8,1964.0,0.0,130691.0,-1.127318,-0.794745,AGO,HKG,8
1779994,2,97,8,1965.0,0.0,231859.0,-1.0244090000000001,-0.795756,AGO,HKG,8
1779995,2,97,8,1966.0,0.0,265898.0,-1.069479,-0.78054,AGO,HKG,8
1779996,2,97,8,1967.0,0.0,372744.0,-1.033387,-0.829175,AGO,HKG,8
1779997,2,97,8,1968.0,0.0,456558.0,-1.129591,-0.880391,AGO,HKG,8
1779998,2,97,8,1970.0,0.0,492158.0,-1.135575,-0.829997,AGO,HKG,8
