250,136,853,1971,0,60372,0.740793,0.11133,ANS,MDG,2923
14,143,853,1971,0,4119,0.019735,0.02329,AUS,MMR,2923
192,143,853,1971,0,1948,0.540057,0.9167700000000001,SGP,MMR,2923
231,143,853,1971,0,4201,1.873357,1.848336,USA,MMR,2923
81,151,853,1971,1013,0,2.1646669999999997,0.034970999999999995,GBR,MUS,2923
97,151,853,1971,12329,0,1.4643760000000001,1.159238,HKG,MUS,2923
153,151,853,1971,22062,0,-0.636547,-0.648471,MYS,MUS,2923
184,151,853,1971,0,9012,-1.004604,-0.44332,REU,MUS,2923
192,151,853,1971,8615,0,0.540057,0.9167700000000001,SGP,MUS,2923
77,156,853,1971,2535,0,1.7299959999999999,1.562786,FRA,NCL,2923
97,156,853,1971,1082,0,1.4643760000000001,1.159238,HKG,NCL,2923
104,164,853,1971,6252,0,0.28820999999999997,0.790629,IND,NPL,2923
104,167,853,1971,2867,0,0.28820999999999997,0.790629,IND,OMN,2923
107,167,853,1971,1964,0,-0.7509680000000001,-0.721083,IRN,OMN,2923
14,176,853,1971,0,7141,0.019735,0.02329,AUS,PNG,2923
97,195,853,1971,1666,0,1.4643760000000001,1.159238,HKG,SLB,2923
114,195,853,1971,2091,0,1.862756,2.170372,JPN,SLB,2923
61,226,853,1971,1009,1795,2.304817,-1.885431,DEU,TZA,2923
81,226,853,1971,2688,1197,2.1646669999999997,0.034970999999999995,GBR,TZA,2923
90,226,853,1971,0,5194,0.373161,0.153613,GRC,TZA,2923
81,243,853,1971,1760,0,2.1646669999999997,0.034970999999999995,GBR,YEM,2923
111,4,853,1971,3960,0,2.039661,1.10519,ITA,ALB,2923
77,145,853,1971,0,6330,1.7299959999999999,1.562786,FRA,MNG,2923
231,196,853,1971,0,107136,1.873357,1.848336,USA,SLE,2923
97,235,853,1971,0,73327,1.4643760000000001,1.159238,HKG,VDR,2923
43,14,1074,1971,20507,0,0.551566,1.636164,CHN,AUS,6581
61,14,1074,1971,4309,0,2.304817,-1.885431,DEU,AUS,6581
71,14,1074,1971,0,4077,0.9618040000000001,1.789808,ESP,AUS,6581
77,14,1074,1971,2837,8826,1.7299959999999999,1.562786,FRA,AUS,6581
81,14,1074,1971,1085,0,2.1646669999999997,0.034970999999999995,GBR,AUS,6581
97,14,1074,1971,82211,0,1.4643760000000001,1.159238,HKG,AUS,6581
104,14,1074,1971,1279425,0,0.28820999999999997,0.790629,IND,AUS,6581
106,14,1074,1971,0,49542,1.0895219999999999,1.885416,IRL,AUS,6581
110,14,1074,1971,0,2816,0.8357530000000001,0.8589479999999999,ISR,AUS,6581
111,14,1074,1971,6409,0,2.039661,1.10519,ITA,AUS,6581
114,14,1074,1971,7492176,3194,1.862756,2.170372,JPN,AUS,6581
119,14,1074,1971,0,1109,-0.293501,-0.245119,KIR,AUS,6581
123,14,1074,1971,0,972,-1.248427,-0.821947,LAO,AUS,6581
162,14,1074,1971,0,3505,1.3564690000000001,2.749828,NLD,AUS,6581
166,14,1074,1971,19975,12845,0.188851,-0.346439,NZL,AUS,6581
168,14,1074,1971,1835780,0,-0.160556,-0.48263,PAK,AUS,6581
174,14,1074,1971,61955,0,-0.39003899999999997,-0.709147,PHL,AUS,6581
176,14,1074,1971,0,70555,-0.222694,-0.396214,PNG,AUS,6581
190,14,1074,1971,0,10388,-1.375243,-0.9691209999999999,SDN,AUS,6581
192,14,1074,1971,8635,980,0.540057,0.9167700000000001,SGP,AUS,6581
195,14,1074,1971,0,12971,-1.040183,-0.55403,SLB,AUS,6581
216,14,1074,1971,2688281,0,-0.767467,-0.557866,THA,AUS,6581
231,14,1074,1971,18364,17794,1.873357,1.848336,USA,AUS,6581
240,14,1074,1971,0,1998,-0.863718,-0.633566,VUT,AUS,6581
249,14,1074,1971,367002,0,1.123146,1.440067,TWN,AUS,6581
250,14,1074,1971,2040,0,0.740793,0.11133,ANS,AUS,6581
18,15,1074,1971,18484,3457,1.495689,2.262083,BEL,AUT,6581
41,15,1074,1971,1488,9947,2.242028,1.9425029999999999,CHE,AUT,6581
61,15,1074,1971,52222,95672,2.304817,-1.885431,DEU,AUT,6581
66,15,1074,1971,5855,0,-0.42629399999999995,-0.612192,DZA,AUT,6581
81,15,1074,1971,9411,0,2.1646669999999997,0.034970999999999995,GBR,AUT,6581
97,15,1074,1971,12945,0,1.4643760000000001,1.159238,HKG,AUT,6581
102,15,1074,1971,6664,9018,0.8639760000000001,1.2125059999999999,HUN,AUT,6581
104,15,1074,1971,1575,0,0.28820999999999997,0.790629,IND,AUT,6581
106,15,1074,1971,0,3722,1.0895219999999999,1.885416,IRL,AUT,6581
111,15,1074,1971,0,971,2.039661,1.10519,ITA,AUT,6581
124,15,1074,1971,0,3438,0.6515989999999999,1.542378,LBN,AUT,6581
162,15,1074,1971,27263,3057,1.3564690000000001,2.749828,NLD,AUT,6581
168,15,1074,1971,67443,0,-0.160556,-0.48263,PAK,AUT,6581
179,15,1074,1971,78169,0,0.9233389999999999,1.184635,PRT,AUT,6581
208,15,1074,1971,0,3261,2.190846,2.570859,SWE,AUT,6581
216,15,1074,1971,2126,0,-0.767467,-0.557866,THA,AUT,6581
231,15,1074,1971,0,2020,1.873357,1.848336,USA,AUT,6581
245,15,1074,1971,89174,0,1.106614,2.43735,YUG,AUT,6581
2,18,1074,1971,0,26675,-1.208704,-0.854866,AGO,BEL,6581
8,18,1074,1971,0,2236,0.0024230000000000002,0.084024,ARG,BEL,6581
15,18,1074,1971,3457,18484,1.984568,0.9571209999999999,AUT,BEL,6581
17,18,1074,1971,0,3706,-1.104948,-0.68698,BDI,BEL,6581
32,18,1074,1971,0,8654,-0.326897,-0.229088,BRA,BEL,6581
33,18,1074,1971,24276,0,0.935667,0.839299,BRB,BEL,6581
39,18,1074,1971,1425,0,0.543049,0.772374,CAN,BEL,6581
41,18,1074,1971,4026,7335,2.242028,1.9425029999999999,CHE,BEL,6581
43,18,1074,1971,0,78231,0.551566,1.636164,CHN,BEL,6581
45,18,1074,1971,0,34150,-0.735506,-0.605363,CMR,BEL,6581
46,18,1074,1971,0,58694,-1.16333,-0.708263,COD,BEL,6581
47,18,1074,1971,0,44937,-0.9411219999999999,-0.728664,COG,BEL,6581
53,18,1074,1971,21267,2996,1.7241369999999998,2.76252,CSK,BEL,6581
61,18,1074,1971,645907,228601,2.304817,-1.885431,DEU,BEL,6581
64,18,1074,1971,16686,0,1.5224870000000001,2.45498,DNK,BEL,6581
66,18,1074,1971,0,125153,-0.42629399999999995,-0.612192,DZA,BEL,6581
68,18,1074,1971,0,24217,0.192492,-0.374212,EGY,BEL,6581
71,18,1074,1971,1902,15766,0.9618040000000001,1.789808,ESP,BEL,6581
77,18,1074,1971,555636,1485384,1.7299959999999999,1.562786,FRA,BEL,6581
81,18,1074,1971,173621,48562,2.1646669999999997,0.034970999999999995,GBR,BEL,6581
83,18,1074,1971,0,1267,-0.948254,-0.880582,GHA,BEL,6581
90,18,1074,1971,0,44176,0.373161,0.153613,GRC,BEL,6581
97,18,1074,1971,2395,1438,1.4643760000000001,1.159238,HKG,BEL,6581
102,18,1074,1971,0,16934,0.8639760000000001,1.2125059999999999,HUN,BEL,6581
103,18,1074,1971,0,23541,-1.335787,-0.813966,IDN,BEL,6581
104,18,1074,1971,216799,275957,0.28820999999999997,0.790629,IND,BEL,6581
110,18,1074,1971,0,70011,0.8357530000000001,0.8589479999999999,ISR,BEL,6581
111,18,1074,1971,70796,30721,2.039661,1.10519,ITA,BEL,6581
114,18,1074,1971,52457,10494,1.862756,2.170372,JPN,BEL,6581
122,18,1074,1971,0,17159,-0.589441,-0.5007699999999999,KWT,BEL,6581
124,18,1074,1971,32095,1767,0.6515989999999999,1.542378,LBN,BEL,6581
126,18,1074,1971,0,23484,-2.1829009999999998,-0.541129,LBY,BEL,6581
128,18,1074,1971,0,16312,-1.144836,-0.753853,LKA,BEL,6581
134,18,1074,1971,0,32278,-0.016735,-0.41776599999999997,MAR,BEL,6581
148,18,1074,1971,0,1996,-0.791432,-0.798547,MRT,BEL,6581
159,18,1074,1971,0,62076,-1.6915639999999998,-0.8931879999999999,NGA,BEL,6581
162,18,1074,1971,1419997,3655032,1.3564690000000001,2.749828,NLD,BEL,6581
163,18,1074,1971,0,834253,1.297569,1.870238,NOR,BEL,6581
166,18,1074,1971,0,3404,0.188851,-0.346439,NZL,BEL,6581
168,18,1074,1971,795861,0,-0.160556,-0.48263,PAK,BEL,6581
173,18,1074,1971,0,3953,-0.7457020000000001,-0.882229,PER,BEL,6581
177,18,1074,1971,0,2955,0.8294520000000001,1.636849,POL,BEL,6581
179,18,1074,1971,80945,3069,0.9233389999999999,1.184635,PRT,BEL,6581
184,18,1074,1971,0,4067,-1.004604,-0.44332,REU,BEL,6581
186,18,1074,1971,2316,0,0.42000600000000005,0.512301,RUS,BEL,6581
187,18,1074,1971,0,19077,-1.8928740000000002,-0.48467200000000005,RWA,BEL,6581
188,18,1074,1971,0,5030,-1.370577,-0.556488,SAU,BEL,6581
191,18,1074,1971,0,9970,-0.100347,-0.469422,SEN,BEL,6581
208,18,1074,1971,0,9948,2.190846,2.570859,SWE,BEL,6581
214,18,1074,1971,0,1625,-0.850374,-0.740183,TCD,BEL,6581
216,18,1074,1971,83438,0,-0.767467,-0.557866,THA,BEL,6581
223,18,1074,1971,0,16469,-0.28817,-0.6084189999999999,TUN,BEL,6581
224,18,1074,1971,0,19226,-0.443655,-0.521285,TUR,BEL,6581
226,18,1074,1971,0,2099,-1.246843,-0.9062180000000001,TZA,BEL,6581
231,18,1074,1971,0,1050096,1.873357,1.848336,USA,BEL,6581
239,18,1074,1971,0,10654,0.07082100000000001,-0.296412,VNM,BEL,6581
245,18,1074,1971,2009,0,1.106614,2.43735,YUG,BEL,6581
246,18,1074,1971,0,13587,-0.285408,-0.146573,ZAF,BEL,6581
249,18,1074,1971,0,114876,1.123146,1.440067,TWN,BEL,6581
250,18,1074,1971,0,3159,0.740793,0.11133,ANS,BEL,6581
18,39,1074,1971,0,1425,1.495689,2.262083,BEL,CAN,6581
42,39,1074,1971,0,17898,-0.231579,-0.6383479999999999,CHL,CAN,6581
52,39,1074,1971,0,1005,0.9643510000000001,0.613066,CRI,CAN,6581
61,39,1074,1971,6027,4492,2.304817,-1.885431,DEU,CAN,6581
66,39,1074,1971,0,6722,-0.42629399999999995,-0.612192,DZA,CAN,6581
71,39,1074,1971,1136,10414,0.9618040000000001,1.789808,ESP,CAN,6581
77,39,1074,1971,11311,34985,1.7299959999999999,1.562786,FRA,CAN,6581
81,39,1074,1971,1506,22674,2.1646669999999997,0.034970999999999995,GBR,CAN,6581
88,39,1074,1971,0,1942,-0.8342940000000001,-0.728585,GNB,CAN,6581
90,39,1074,1971,0,1055,0.373161,0.153613,GRC,CAN,6581
96,39,1074,1971,0,1229,0.006441,-0.42498800000000003,GUY,CAN,6581
97,39,1074,1971,24249,0,1.4643760000000001,1.159238,HKG,CAN,6581
104,39,1074,1971,449974,0,0.28820999999999997,0.790629,IND,CAN,6581
111,39,1074,1971,13915,0,2.039661,1.10519,ITA,CAN,6581
112,39,1074,1971,0,7617,0.283952,-0.541592,JAM,CAN,6581
114,39,1074,1971,101096,0,1.862756,2.170372,JPN,CAN,6581
162,39,1074,1971,36500,0,1.3564690000000001,2.749828,NLD,CAN,6581
169,39,1074,1971,0,5627,0.641183,-0.062375,PAN,CAN,6581
179,39,1074,1971,0,7317,0.9233389999999999,1.184635,PRT,CAN,6581
200,39,1074,1971,0,2647,1.218646,0.21752,SPM,CAN,6581
222,39,1074,1971,0,32001,0.6038479999999999,-0.19159,TTO,CAN,6581
231,39,1074,1971,185317,328366,1.873357,1.848336,USA,CAN,6581
249,39,1074,1971,8246,0,1.123146,1.440067,TWN,CAN,6581
15,41,1074,1971,9947,1488,1.984568,0.9571209999999999,AUT,CHE,6581
18,41,1074,1971,7335,4026,1.495689,2.262083,BEL,CHE,6581
32,41,1074,1971,5891,0,-0.326897,-0.229088,BRA,CHE,6581
42,41,1074,1971,0,2534,-0.231579,-0.6383479999999999,CHL,CHE,6581
61,41,1074,1971,41291,32904,2.304817,-1.885431,DEU,CHE,6581
66,41,1074,1971,0,6263,-0.42629399999999995,-0.612192,DZA,CHE,6581
71,41,1074,1971,0,2023,0.9618040000000001,1.789808,ESP,CHE,6581
74,41,1074,1971,0,1358,1.382261,1.410232,FIN,CHE,6581
77,41,1074,1971,11173,356282,1.7299959999999999,1.562786,FRA,CHE,6581
81,41,1074,1971,13031,0,2.1646669999999997,0.034970999999999995,GBR,CHE,6581
90,41,1074,1971,0,45727,0.373161,0.153613,GRC,CHE,6581
97,41,1074,1971,7576,0,1.4643760000000001,1.159238,HKG,CHE,6581
102,41,1074,1971,1533,0,0.8639760000000001,1.2125059999999999,HUN,CHE,6581
104,41,1074,1971,142041,0,0.28820999999999997,0.790629,IND,CHE,6581
110,41,1074,1971,0,50418,0.8357530000000001,0.8589479999999999,ISR,CHE,6581
111,41,1074,1971,6360,39936,2.039661,1.10519,ITA,CHE,6581
126,41,1074,1971,0,33408,-2.1829009999999998,-0.541129,LBY,CHE,6581
159,41,1074,1971,1084,0,-1.6915639999999998,-0.8931879999999999,NGA,CHE,6581
162,41,1074,1971,4669,91821,1.3564690000000001,2.749828,NLD,CHE,6581
179,41,1074,1971,127663,1412,0.9233389999999999,1.184635,PRT,CHE,6581
208,41,1074,1971,1185,0,2.190846,2.570859,SWE,CHE,6581
216,41,1074,1971,55157,0,-0.767467,-0.557866,THA,CHE,6581
245,41,1074,1971,63557,0,1.106614,2.43735,YUG,CHE,6581
246,41,1074,1971,4289,0,-0.285408,-0.146573,ZAF,CHE,6581
2,53,1074,1971,0,1101,-1.208704,-0.854866,AGO,CSK,6581
18,53,1074,1971,2996,21267,1.495689,2.262083,BEL,CSK,6581
44,53,1074,1971,10931,0,-0.719483,-0.700326,CIV,CSK,6581
58,53,1074,1971,9723,0,0.266353,-0.404526,CYP,CSK,6581
61,53,1074,1971,53740,23434,2.304817,-1.885431,DEU,CSK,6581
64,53,1074,1971,0,345744,1.5224870000000001,2.45498,DNK,CSK,6581
66,53,1074,1971,0,1803,-0.42629399999999995,-0.612192,DZA,CSK,6581
71,53,1074,1971,0,1223,0.9618040000000001,1.789808,ESP,CSK,6581
77,53,1074,1971,7591,8674,1.7299959999999999,1.562786,FRA,CSK,6581
81,53,1074,1971,9259,0,2.1646669999999997,0.034970999999999995,GBR,CSK,6581
104,53,1074,1971,1624374,0,0.28820999999999997,0.790629,IND,CSK,6581
142,53,1074,1971,0,6741,1.567812,1.889177,MLT,CSK,6581
162,53,1074,1971,2035,776871,1.3564690000000001,2.749828,NLD,CSK,6581
168,53,1074,1971,96267,0,-0.160556,-0.48263,PAK,CSK,6581
179,53,1074,1971,0,99605,0.9233389999999999,1.184635,PRT,CSK,6581
191,53,1074,1971,0,15584,-0.100347,-0.469422,SEN,CSK,6581
208,53,1074,1971,0,28529,2.190846,2.570859,SWE,CSK,6581
2,61,1074,1971,0,18680,-1.208704,-0.854866,AGO,DEU,6581
14,61,1074,1971,0,4309,0.019735,0.02329,AUS,DEU,6581
15,61,1074,1971,95672,52222,1.984568,0.9571209999999999,AUT,DEU,6581
17,61,1074,1971,0,1003,-1.104948,-0.68698,BDI,DEU,6581
18,61,1074,1971,228601,645907,1.495689,2.262083,BEL,DEU,6581
21,61,1074,1971,6252,0,-0.45178900000000005,-0.710649,BFA,DEU,6581
32,61,1074,1971,0,4982,-0.326897,-0.229088,BRA,DEU,6581
39,61,1074,1971,4492,6027,0.543049,0.772374,CAN,DEU,6581
41,61,1074,1971,32904,41291,2.242028,1.9425029999999999,CHE,DEU,6581
42,61,1074,1971,0,24890,-0.231579,-0.6383479999999999,CHL,DEU,6581
43,61,1074,1971,34583,25401,0.551566,1.636164,CHN,DEU,6581
44,61,1074,1971,0,7425,-0.719483,-0.700326,CIV,DEU,6581
45,61,1074,1971,0,10684,-0.735506,-0.605363,CMR,DEU,6581
46,61,1074,1971,0,1008,-1.16333,-0.708263,COD,DEU,6581
49,61,1074,1971,1257,0,-0.114488,-0.492489,COL,DEU,6581
53,61,1074,1971,23434,53740,1.7241369999999998,2.76252,CSK,DEU,6581
58,61,1074,1971,0,1466,0.266353,-0.404526,CYP,DEU,6581
64,61,1074,1971,12248,3008,1.5224870000000001,2.45498,DNK,DEU,6581
66,61,1074,1971,18669,7248,-0.42629399999999995,-0.612192,DZA,DEU,6581
68,61,1074,1971,1955,0,0.192492,-0.374212,EGY,DEU,6581
71,61,1074,1971,1647,10074,0.9618040000000001,1.789808,ESP,DEU,6581
74,61,1074,1971,0,2009,1.382261,1.410232,FIN,DEU,6581
77,61,1074,1971,880192,194001,1.7299959999999999,1.562786,FRA,DEU,6581
80,61,1074,1971,2668,0,-1.3628559999999998,-0.688865,GAB,DEU,6581
81,61,1074,1971,147379,26704,2.1646669999999997,0.034970999999999995,GBR,DEU,6581
83,61,1074,1971,0,2793,-0.948254,-0.880582,GHA,DEU,6581
86,61,1074,1971,1781,0,-0.531874,-0.39812800000000004,GLP,DEU,6581
90,61,1074,1971,3788,16252,0.373161,0.153613,GRC,DEU,6581
93,61,1074,1971,0,919,0.513422,0.31249099999999996,GTM,DEU,6581
96,61,1074,1971,0,2424,0.006441,-0.42498800000000003,GUY,DEU,6581
97,61,1074,1971,525912,0,1.4643760000000001,1.159238,HKG,DEU,6581
102,61,1074,1971,10041,8101,0.8639760000000001,1.2125059999999999,HUN,DEU,6581
103,61,1074,1971,0,4088,-1.335787,-0.813966,IDN,DEU,6581
104,61,1074,1971,2172096,2008,0.28820999999999997,0.790629,IND,DEU,6581
106,61,1074,1971,0,1005,1.0895219999999999,1.885416,IRL,DEU,6581
110,61,1074,1971,0,49484,0.8357530000000001,0.8589479999999999,ISR,DEU,6581
111,61,1074,1971,61523,182659,2.039661,1.10519,ITA,DEU,6581
114,61,1074,1971,295226,0,1.862756,2.170372,JPN,DEU,6581
116,61,1074,1971,0,1013,-0.119521,0.044922000000000004,KEN,DEU,6581
121,61,1074,1971,81899,0,0.804658,0.44236899999999996,KOR,DEU,6581
122,61,1074,1971,0,11676,-0.589441,-0.5007699999999999,KWT,DEU,6581
124,61,1074,1971,0,2988,0.6515989999999999,1.542378,LBN,DEU,6581
125,61,1074,1971,0,1359,-0.877289,-0.5771,LBR,DEU,6581
126,61,1074,1971,0,3678,-2.1829009999999998,-0.541129,LBY,DEU,6581
134,61,1074,1971,39830,995,-0.016735,-0.41776599999999997,MAR,DEU,6581
136,61,1074,1971,1720,43878,-0.819129,-0.765004,MDG,DEU,6581
142,61,1074,1971,19209,0,1.567812,1.889177,MLT,DEU,6581
153,61,1074,1971,0,3034,-0.636547,-0.648471,MYS,DEU,6581
159,61,1074,1971,0,9709,-1.6915639999999998,-0.8931879999999999,NGA,DEU,6581
160,61,1074,1971,0,934,0.21678699999999998,-0.085482,NIC,DEU,6581
162,61,1074,1971,904129,1494766,1.3564690000000001,2.749828,NLD,DEU,6581
163,61,1074,1971,5992,183352,1.297569,1.870238,NOR,DEU,6581
164,61,1074,1971,36919,0,-0.486012,-0.640524,NPL,DEU,6581
166,61,1074,1971,0,1002,0.188851,-0.346439,NZL,DEU,6581
167,61,1074,1971,0,6119,-1.415142,-0.557193,OMN,DEU,6581
168,61,1074,1971,2763047,0,-0.160556,-0.48263,PAK,DEU,6581
173,61,1074,1971,0,26057,-0.7457020000000001,-0.882229,PER,DEU,6581
174,61,1074,1971,0,14265,-0.39003899999999997,-0.709147,PHL,DEU,6581
177,61,1074,1971,16015,0,0.8294520000000001,1.636849,POL,DEU,6581
179,61,1074,1971,111171,1003,0.9233389999999999,1.184635,PRT,DEU,6581
183,61,1074,1971,0,1002,-1.0228190000000001,-0.519414,QAT,DEU,6581
185,61,1074,1971,0,3020,1.0355299999999998,1.5666129999999998,ROU,DEU,6581
186,61,1074,1971,9348,0,0.42000600000000005,0.512301,RUS,DEU,6581
192,61,1074,1971,739,1280,0.540057,0.9167700000000001,SGP,DEU,6581
196,61,1074,1971,0,2029,-0.9423530000000001,-0.7621220000000001,SLE,DEU,6581
208,61,1074,1971,11531,110431,2.190846,2.570859,SWE,DEU,6581
216,61,1074,1971,388724,0,-0.767467,-0.557866,THA,DEU,6581
223,61,1074,1971,0,5511,-0.28817,-0.6084189999999999,TUN,DEU,6581
224,61,1074,1971,0,23221,-0.443655,-0.521285,TUR,DEU,6581
226,61,1074,1971,0,2017,-1.246843,-0.9062180000000001,TZA,DEU,6581
231,61,1074,1971,34230,8041,1.873357,1.848336,USA,DEU,6581
245,61,1074,1971,606409,11898,1.106614,2.43735,YUG,DEU,6581
249,61,1074,1971,149053,0,1.123146,1.440067,TWN,DEU,6581
18,64,1074,1971,0,16686,1.495689,2.262083,BEL,DNK,6581
21,64,1074,1971,6566,0,-0.45178900000000005,-0.710649,BFA,DNK,6581
53,64,1074,1971,345744,0,1.7241369999999998,2.76252,CSK,DNK,6581
61,64,1074,1971,3008,12248,2.304817,-1.885431,DEU,DNK,6581
66,64,1074,1971,0,3963,-0.42629399999999995,-0.612192,DZA,DNK,6581
71,64,1074,1971,2654,10702,0.9618040000000001,1.789808,ESP,DNK,6581
74,64,1074,1971,0,6437,1.382261,1.410232,FIN,DNK,6581
77,64,1074,1971,9907,15156,1.7299959999999999,1.562786,FRA,DNK,6581
81,64,1074,1971,18667,36871,2.1646669999999997,0.034970999999999995,GBR,DNK,6581
97,64,1074,1971,8465,0,1.4643760000000001,1.159238,HKG,DNK,6581
104,64,1074,1971,621086,0,0.28820999999999997,0.790629,IND,DNK,6581
109,64,1074,1971,0,1999,0.12083900000000002,-0.37900100000000003,ISL,DNK,6581
111,64,1074,1971,1770,0,2.039661,1.10519,ITA,DNK,6581
114,64,1074,1971,23690,0,1.862756,2.170372,JPN,DNK,6581
162,64,1074,1971,2957,38455,1.3564690000000001,2.749828,NLD,DNK,6581
163,64,1074,1971,3640,22879,1.297569,1.870238,NOR,DNK,6581
168,64,1074,1971,99219,0,-0.160556,-0.48263,PAK,DNK,6581
177,64,1074,1971,176168,0,0.8294520000000001,1.636849,POL,DNK,6581
179,64,1074,1971,293941,7673,0.9233389999999999,1.184635,PRT,DNK,6581
208,64,1074,1971,6598,113828,2.190846,2.570859,SWE,DNK,6581
223,64,1074,1971,0,91002,-0.28817,-0.6084189999999999,TUN,DNK,6581
231,64,1074,1971,3728,20367,1.873357,1.848336,USA,DNK,6581
250,64,1074,1971,1538,0,0.740793,0.11133,ANS,DNK,6581
2,77,1074,1971,5650,2851,-1.208704,-0.854866,AGO,FRA,6581
6,77,1074,1971,0,4098,0.890891,0.10081699999999999,ANT,FRA,6581
8,77,1074,1971,32563,2879,0.0024230000000000002,0.084024,ARG,FRA,6581
14,77,1074,1971,8826,2837,0.019735,0.02329,AUS,FRA,6581
18,77,1074,1971,1485384,555636,1.495689,2.262083,BEL,FRA,6581
19,77,1074,1971,18588,44945,-0.779061,-0.671638,BEN,FRA,6581
21,77,1074,1971,2435,222027,-0.45178900000000005,-0.710649,BFA,FRA,6581
23,77,1074,1971,3949,0,0.65271,1.027758,BGR,FRA,6581
32,77,1074,1971,49086,40368,-0.326897,-0.229088,BRA,FRA,6581
33,77,1074,1971,95078,28426,0.935667,0.839299,BRB,FRA,6581
38,77,1074,1971,1806,52988,-0.737808,-0.658191,CAF,FRA,6581
39,77,1074,1971,34985,11311,0.543049,0.772374,CAN,FRA,6581
41,77,1074,1971,356282,11173,2.242028,1.9425029999999999,CHE,FRA,6581
42,77,1074,1971,0,31061,-0.231579,-0.6383479999999999,CHL,FRA,6581
43,77,1074,1971,35609,70847,0.551566,1.636164,CHN,FRA,6581
44,77,1074,1971,98827,221958,-0.719483,-0.700326,CIV,FRA,6581
45,77,1074,1971,25373,369878,-0.735506,-0.605363,CMR,FRA,6581
46,77,1074,1971,6549,32725,-1.16333,-0.708263,COD,FRA,6581
47,77,1074,1971,2565,271887,-0.9411219999999999,-0.728664,COG,FRA,6581
49,77,1074,1971,2946,1240,-0.114488,-0.492489,COL,FRA,6581
50,77,1074,1971,0,10212,-0.9335969999999999,-0.497874,COM,FRA,6581
53,77,1074,1971,8674,7591,1.7241369999999998,2.76252,CSK,FRA,6581
54,77,1074,1971,0,10302,0.12061400000000001,-0.6260180000000001,CUB,FRA,6581
58,77,1074,1971,0,21024,0.266353,-0.404526,CYP,FRA,6581
61,77,1074,1971,194001,880192,2.304817,-1.885431,DEU,FRA,6581
62,77,1074,1971,0,5281,0.5152770000000001,-0.190207,DJI,FRA,6581
64,77,1074,1971,15156,9907,1.5224870000000001,2.45498,DNK,FRA,6581
66,77,1074,1971,34760,327473,-0.42629399999999995,-0.612192,DZA,FRA,6581
67,77,1074,1971,0,959,-0.8731540000000001,-0.931018,ECU,FRA,6581
68,77,1074,1971,24803,1407732,0.192492,-0.374212,EGY,FRA,6581
71,77,1074,1971,14838,103726,0.9618040000000001,1.789808,ESP,FRA,6581
73,77,1074,1971,2946,8896,-0.9625530000000001,-0.946401,ETH,FRA,6581
74,77,1074,1971,0,2336,1.382261,1.410232,FIN,FRA,6581
80,77,1074,1971,2291,52227,-1.3628559999999998,-0.688865,GAB,FRA,6581
81,77,1074,1971,14998,87917,2.1646669999999997,0.034970999999999995,GBR,FRA,6581
83,77,1074,1971,1829,29441,-0.948254,-0.880582,GHA,FRA,6581
85,77,1074,1971,1490,8862,-0.7482810000000001,-0.689605,GIN,FRA,6581
86,77,1074,1971,3891,33640,-0.531874,-0.39812800000000004,GLP,FRA,6581
88,77,1074,1971,0,6069,-0.8342940000000001,-0.728585,GNB,FRA,6581
90,77,1074,1971,11288,97010,0.373161,0.153613,GRC,FRA,6581
94,77,1074,1971,0,2891,0.499463,-0.375422,GUF,FRA,6581
96,77,1074,1971,0,6472,0.006441,-0.42498800000000003,GUY,FRA,6581
97,77,1074,1971,23629,2878,1.4643760000000001,1.159238,HKG,FRA,6581
102,77,1074,1971,7246,3434,0.8639760000000001,1.2125059999999999,HUN,FRA,6581
103,77,1074,1971,1091,89876,-1.335787,-0.813966,IDN,FRA,6581
104,77,1074,1971,572965,158475,0.28820999999999997,0.790629,IND,FRA,6581
106,77,1074,1971,1513,15974,1.0895219999999999,1.885416,IRL,FRA,6581
107,77,1074,1971,1482,9318,-0.7509680000000001,-0.721083,IRN,FRA,6581
108,77,1074,1971,1829,216903,-0.5225569999999999,-0.438028,IRQ,FRA,6581
109,77,1074,1971,0,3106,0.12083900000000002,-0.37900100000000003,ISL,FRA,6581
110,77,1074,1971,5997,182276,0.8357530000000001,0.8589479999999999,ISR,FRA,6581
111,77,1074,1971,603209,309853,2.039661,1.10519,ITA,FRA,6581
112,77,1074,1971,0,14854,0.283952,-0.541592,JAM,FRA,6581
113,77,1074,1971,0,2343,0.344856,-0.11885699999999999,JOR,FRA,6581
114,77,1074,1971,18433,34995,1.862756,2.170372,JPN,FRA,6581
116,77,1074,1971,1630,0,-0.119521,0.044922000000000004,KEN,FRA,6581
118,77,1074,1971,1701,0,-0.868826,-0.796129,KHM,FRA,6581
122,77,1074,1971,0,17599,-0.589441,-0.5007699999999999,KWT,FRA,6581
124,77,1074,1971,56638,80773,0.6515989999999999,1.542378,LBN,FRA,6581
125,77,1074,1971,0,1245,-0.877289,-0.5771,LBR,FRA,6581
126,77,1074,1971,0,97486,-2.1829009999999998,-0.541129,LBY,FRA,6581
128,77,1074,1971,0,337421,-1.144836,-0.753853,LKA,FRA,6581
134,77,1074,1971,586625,101647,-0.016735,-0.41776599999999997,MAR,FRA,6581
136,77,1074,1971,35371,113016,-0.819129,-0.765004,MDG,FRA,6581
138,77,1074,1971,0,3747,0.694692,1.631725,MEX,FRA,6581
141,77,1074,1971,1127,149386,-0.809425,-0.9098719999999999,MLI,FRA,6581
147,77,1074,1971,7081,7958,-0.670024,-0.6290560000000001,MOZ,FRA,6581
148,77,1074,1971,2277,48156,-0.791432,-0.798547,MRT,FRA,6581
150,77,1074,1971,1154,40231,0.149367,-0.451215,MTQ,FRA,6581
151,77,1074,1971,136996,107082,-0.592737,-0.767588,MUS,FRA,6581
152,77,1074,1971,1752,0,-0.435749,-0.6851649999999999,MWI,FRA,6581
153,77,1074,1971,1413,4809,-0.636547,-0.648471,MYS,FRA,6581
156,77,1074,1971,0,14303,-0.714832,-0.24088400000000001,NCL,FRA,6581
157,77,1074,1971,0,109446,-0.8275610000000001,-0.747424,NER,FRA,6581
159,77,1074,1971,13547,43334,-1.6915639999999998,-0.8931879999999999,NGA,FRA,6581
162,77,1074,1971,414253,484390,1.3564690000000001,2.749828,NLD,FRA,6581
163,77,1074,1971,1232,11938,1.297569,1.870238,NOR,FRA,6581
164,77,1074,1971,0,18553,-0.486012,-0.640524,NPL,FRA,6581
166,77,1074,1971,5246,2076,0.188851,-0.346439,NZL,FRA,6581
167,77,1074,1971,0,2716,-1.415142,-0.557193,OMN,FRA,6581
168,77,1074,1971,575871,95734,-0.160556,-0.48263,PAK,FRA,6581
173,77,1074,1971,4434,2766,-0.7457020000000001,-0.882229,PER,FRA,6581
174,77,1074,1971,0,7673,-0.39003899999999997,-0.709147,PHL,FRA,6581
177,77,1074,1971,116087,17170,0.8294520000000001,1.636849,POL,FRA,6581
179,77,1074,1971,470089,19793,0.9233389999999999,1.184635,PRT,FRA,6581
180,77,1074,1971,3354,0,-0.48826,-0.712018,PRY,FRA,6581
182,77,1074,1971,0,25069,-0.5776640000000001,-0.440554,PYF,FRA,6581
183,77,1074,1971,0,2364,-1.0228190000000001,-0.519414,QAT,FRA,6581
184,77,1074,1971,0,7775,-1.004604,-0.44332,REU,FRA,6581
185,77,1074,1971,5500,34341,1.0355299999999998,1.5666129999999998,ROU,FRA,6581
186,77,1074,1971,37759,90361,0.42000600000000005,0.512301,RUS,FRA,6581
188,77,1074,1971,0,79025,-1.370577,-0.556488,SAU,FRA,6581
190,77,1074,1971,13013,91086,-1.375243,-0.9691209999999999,SDN,FRA,6581
191,77,1074,1971,19254,384559,-0.100347,-0.469422,SEN,FRA,6581
196,77,1074,1971,0,16864,-0.9423530000000001,-0.7621220000000001,SLE,FRA,6581
199,77,1074,1971,0,8259,-0.269276,-0.557816,SOM,FRA,6581
205,77,1074,1971,0,3634,-0.26679,-0.417204,SUR,FRA,6581
208,77,1074,1971,8062,10247,2.190846,2.570859,SWE,FRA,6581
212,77,1074,1971,0,57683,0.082847,-0.600657,SYR,FRA,6581
214,77,1074,1971,0,69159,-0.850374,-0.740183,TCD,FRA,6581
215,77,1074,1971,13420,87954,-0.072395,-0.37341199999999997,TGO,FRA,6581
216,77,1074,1971,59920,3762,-0.767467,-0.557866,THA,FRA,6581
222,77,1074,1971,0,6373,0.6038479999999999,-0.19159,TTO,FRA,6581
223,77,1074,1971,8554,107330,-0.28817,-0.6084189999999999,TUN,FRA,6581
224,77,1074,1971,2872,36939,-0.443655,-0.521285,TUR,FRA,6581
226,77,1074,1971,12170,32997,-1.246843,-0.9062180000000001,TZA,FRA,6581
227,77,1074,1971,1959,2172,-1.491473,-0.924457,UGA,FRA,6581
231,77,1074,1971,20475,57643,1.873357,1.848336,USA,FRA,6581
235,77,1074,1971,0,1650,0.117888,-0.628443,VDR,FRA,6581
236,77,1074,1971,0,24024,-0.9655290000000001,-0.651151,VEN,FRA,6581
239,77,1074,1971,0,81390,0.07082100000000001,-0.296412,VNM,FRA,6581
243,77,1074,1971,0,40470,-1.2022329999999999,-0.832217,YEM,FRA,6581
245,77,1074,1971,912727,54731,1.106614,2.43735,YUG,FRA,6581
246,77,1074,1971,30791,13555,-0.285408,-0.146573,ZAF,FRA,6581
247,77,1074,1971,0,3269,-0.8803290000000001,-0.7895399999999999,ZMB,FRA,6581
249,77,1074,1971,80120,0,1.123146,1.440067,TWN,FRA,6581
250,77,1074,1971,4002,2190,0.740793,0.11133,ANS,FRA,6581
2,81,1074,1971,0,1251,-1.208704,-0.854866,AGO,GBR,6581
7,81,1074,1971,0,1473,-0.455717,-0.601296,ARE,GBR,6581
14,81,1074,1971,0,1085,0.019735,0.02329,AUS,GBR,6581
15,81,1074,1971,0,9411,1.984568,0.9571209999999999,AUT,GBR,6581
18,81,1074,1971,48562,173621,1.495689,2.262083,BEL,GBR,6581
29,81,1074,1971,0,2304,0.194858,-0.679845,BLZ,GBR,6581
30,81,1074,1971,0,1041,0.637919,0.031731999999999996,BMU,GBR,6581
31,81,1074,1971,0,204344,-0.578729,-0.640841,BOL,GBR,6581
32,81,1074,1971,0,2500,-0.326897,-0.229088,BRA,GBR,6581
33,81,1074,1971,0,39688,0.935667,0.839299,BRB,GBR,6581
39,81,1074,1971,22674,1506,0.543049,0.772374,CAN,GBR,6581
41,81,1074,1971,0,13031,2.242028,1.9425029999999999,CHE,GBR,6581
42,81,1074,1971,0,474285,-0.231579,-0.6383479999999999,CHL,GBR,6581
45,81,1074,1971,0,3104,-0.735506,-0.605363,CMR,GBR,6581
53,81,1074,1971,0,9259,1.7241369999999998,2.76252,CSK,GBR,6581
54,81,1074,1971,0,1461,0.12061400000000001,-0.6260180000000001,CUB,GBR,6581
58,81,1074,1971,0,73405,0.266353,-0.404526,CYP,GBR,6581
61,81,1074,1971,26704,147379,2.304817,-1.885431,DEU,GBR,6581
63,81,1074,1971,0,8956,-0.595859,-0.486575,DMA,GBR,6581
64,81,1074,1971,36871,18667,1.5224870000000001,2.45498,DNK,GBR,6581
66,81,1074,1971,0,21698,-0.42629399999999995,-0.612192,DZA,GBR,6581
67,81,1074,1971,0,7776,-0.8731540000000001,-0.931018,ECU,GBR,6581
71,81,1074,1971,13711,19595,0.9618040000000001,1.789808,ESP,GBR,6581
73,81,1074,1971,0,2072,-0.9625530000000001,-0.946401,ETH,GBR,6581
74,81,1074,1971,0,1154,1.382261,1.410232,FIN,GBR,6581
77,81,1074,1971,87917,14998,1.7299959999999999,1.562786,FRA,GBR,6581
78,81,1074,1971,0,1808,-0.604657,-0.47572,FRO,GBR,6581
83,81,1074,1971,0,17385,-0.948254,-0.880582,GHA,GBR,6581
86,81,1074,1971,0,1943,-0.531874,-0.39812800000000004,GLP,GBR,6581
87,81,1074,1971,0,30014,-1.1802700000000002,-0.49359200000000003,GMB,GBR,6581
90,81,1074,1971,0,53856,0.373161,0.153613,GRC,GBR,6581
96,81,1074,1971,0,56352,0.006441,-0.42498800000000003,GUY,GBR,6581
97,81,1074,1971,1892202,2306,1.4643760000000001,1.159238,HKG,GBR,6581
104,81,1074,1971,353381,2890,0.28820999999999997,0.790629,IND,GBR,6581
106,81,1074,1971,323185,500495,1.0895219999999999,1.885416,IRL,GBR,6581
107,81,1074,1971,0,75320,-0.7509680000000001,-0.721083,IRN,GBR,6581
108,81,1074,1971,0,2193,-0.5225569999999999,-0.438028,IRQ,GBR,6581
109,81,1074,1971,0,18907,0.12083900000000002,-0.37900100000000003,ISL,GBR,6581
110,81,1074,1971,0,321250,0.8357530000000001,0.8589479999999999,ISR,GBR,6581
111,81,1074,1971,0,12252,2.039661,1.10519,ITA,GBR,6581
112,81,1074,1971,0,41695,0.283952,-0.541592,JAM,GBR,6581
113,81,1074,1971,0,3061,0.344856,-0.11885699999999999,JOR,GBR,6581
114,81,1074,1971,99589,0,1.862756,2.170372,JPN,GBR,6581
116,81,1074,1971,0,73875,-0.119521,0.044922000000000004,KEN,GBR,6581
120,81,1074,1971,0,6190,0.8502790000000001,-0.07904800000000001,KNA,GBR,6581
122,81,1074,1971,0,65834,-0.589441,-0.5007699999999999,KWT,GBR,6581
124,81,1074,1971,2053,55261,0.6515989999999999,1.542378,LBN,GBR,6581
125,81,1074,1971,0,12284,-0.877289,-0.5771,LBR,GBR,6581
128,81,1074,1971,0,3407,-1.144836,-0.753853,LKA,GBR,6581
136,81,1074,1971,7050,0,-0.819129,-0.765004,MDG,GBR,6581
141,81,1074,1971,0,828,-0.809425,-0.9098719999999999,MLI,GBR,6581
142,81,1074,1971,0,4206,1.567812,1.889177,MLT,GBR,6581
152,81,1074,1971,0,1301,-0.435749,-0.6851649999999999,MWI,GBR,6581
153,81,1074,1971,2895,13965,-0.636547,-0.648471,MYS,GBR,6581
159,81,1074,1971,0,23883,-1.6915639999999998,-0.8931879999999999,NGA,GBR,6581
162,81,1074,1971,262051,201543,1.3564690000000001,2.749828,NLD,GBR,6581
163,81,1074,1971,0,191394,1.297569,1.870238,NOR,GBR,6581
166,81,1074,1971,0,12921,0.188851,-0.346439,NZL,GBR,6581
168,81,1074,1971,316202,0,-0.160556,-0.48263,PAK,GBR,6581
173,81,1074,1971,0,2517,-0.7457020000000001,-0.882229,PER,GBR,6581
177,81,1074,1971,0,446404,0.8294520000000001,1.636849,POL,GBR,6581
179,81,1074,1971,511127,4184,0.9233389999999999,1.184635,PRT,GBR,6581
180,81,1074,1971,0,10423,-0.48826,-0.712018,PRY,GBR,6581
191,81,1074,1971,0,1150,-0.100347,-0.469422,SEN,GBR,6581
192,81,1074,1971,22688,1422,0.540057,0.9167700000000001,SGP,GBR,6581
195,81,1074,1971,0,8520,-1.040183,-0.55403,SLB,GBR,6581
196,81,1074,1971,0,26966,-0.9423530000000001,-0.7621220000000001,SLE,GBR,6581
205,81,1074,1971,0,2791,-0.26679,-0.417204,SUR,GBR,6581
208,81,1074,1971,57561,48858,2.190846,2.570859,SWE,GBR,6581
211,81,1074,1971,0,1955,-1.0993899999999999,-0.627599,SYC,GBR,6581
212,81,1074,1971,0,26978,0.082847,-0.600657,SYR,GBR,6581
216,81,1074,1971,48483,0,-0.767467,-0.557866,THA,GBR,6581
222,81,1074,1971,0,338978,0.6038479999999999,-0.19159,TTO,GBR,6581
223,81,1074,1971,0,47504,-0.28817,-0.6084189999999999,TUN,GBR,6581
226,81,1074,1971,0,21421,-1.246843,-0.9062180000000001,TZA,GBR,6581
231,81,1074,1971,3564,17516,1.873357,1.848336,USA,GBR,6581
236,81,1074,1971,0,3316,-0.9655290000000001,-0.651151,VEN,GBR,6581
243,81,1074,1971,0,2271,-1.2022329999999999,-0.832217,YEM,GBR,6581
244,81,1074,1971,0,4959,-1.106739,-0.692533,YMD,GBR,6581
245,81,1074,1971,0,2128,1.106614,2.43735,YUG,GBR,6581
246,81,1074,1971,0,22486,-0.285408,-0.146573,ZAF,GBR,6581
247,81,1074,1971,0,7782,-0.8803290000000001,-0.7895399999999999,ZMB,GBR,6581
250,81,1074,1971,1921,3113,0.740793,0.11133,ANS,GBR,6581
8,90,1074,1971,1171,0,0.0024230000000000002,0.084024,ARG,GRC,6581
18,90,1074,1971,44176,0,1.495689,2.262083,BEL,GRC,6581
32,90,1074,1971,4076,0,-0.326897,-0.229088,BRA,GRC,6581
39,90,1074,1971,1055,0,0.543049,0.772374,CAN,GRC,6581
41,90,1074,1971,45727,0,2.242028,1.9425029999999999,CHE,GRC,6581
44,90,1074,1971,4255,0,-0.719483,-0.700326,CIV,GRC,6581
45,90,1074,1971,4084,0,-0.735506,-0.605363,CMR,GRC,6581
58,90,1074,1971,23370,0,0.266353,-0.404526,CYP,GRC,6581
61,90,1074,1971,16252,3788,2.304817,-1.885431,DEU,GRC,6581
71,90,1074,1971,0,3172,0.9618040000000001,1.789808,ESP,GRC,6581
77,90,1074,1971,97010,11288,1.7299959999999999,1.562786,FRA,GRC,6581
81,90,1074,1971,53856,0,2.1646669999999997,0.034970999999999995,GBR,GRC,6581
83,90,1074,1971,7653,0,-0.948254,-0.880582,GHA,GRC,6581
97,90,1074,1971,1548,0,1.4643760000000001,1.159238,HKG,GRC,6581
104,90,1074,1971,54617,0,0.28820999999999997,0.790629,IND,GRC,6581
111,90,1074,1971,1276,1284,2.039661,1.10519,ITA,GRC,6581
126,90,1074,1971,0,1156,-2.1829009999999998,-0.541129,LBY,GRC,6581
141,90,1074,1971,11006,0,-0.809425,-0.9098719999999999,MLI,GRC,6581
162,90,1074,1971,218195,0,1.3564690000000001,2.749828,NLD,GRC,6581
168,90,1074,1971,70581,0,-0.160556,-0.48263,PAK,GRC,6581
177,90,1074,1971,9561,0,0.8294520000000001,1.636849,POL,GRC,6581
179,90,1074,1971,0,1225,0.9233389999999999,1.184635,PRT,GRC,6581
186,90,1074,1971,53607,0,0.42000600000000005,0.512301,RUS,GRC,6581
216,90,1074,1971,23347,0,-0.767467,-0.557866,THA,GRC,6581
231,90,1074,1971,0,5985,1.873357,1.848336,USA,GRC,6581
14,97,1074,1971,0,82211,0.019735,0.02329,AUS,HKG,6581
15,97,1074,1971,0,12945,1.984568,0.9571209999999999,AUT,HKG,6581
18,97,1074,1971,1438,2395,1.495689,2.262083,BEL,HKG,6581
30,97,1074,1971,0,879,0.637919,0.031731999999999996,BMU,HKG,6581
32,97,1074,1971,15831,0,-0.326897,-0.229088,BRA,HKG,6581
33,97,1074,1971,0,3002,0.935667,0.839299,BRB,HKG,6581
39,97,1074,1971,0,24249,0.543049,0.772374,CAN,HKG,6581
41,97,1074,1971,0,7576,2.242028,1.9425029999999999,CHE,HKG,6581
43,97,1074,1971,12732,0,0.551566,1.636164,CHN,HKG,6581
58,97,1074,1971,0,27061,0.266353,-0.404526,CYP,HKG,6581
61,97,1074,1971,0,525912,2.304817,-1.885431,DEU,HKG,6581
64,97,1074,1971,0,8465,1.5224870000000001,2.45498,DNK,HKG,6581
74,97,1074,1971,0,38858,1.382261,1.410232,FIN,HKG,6581
77,97,1074,1971,2878,23629,1.7299959999999999,1.562786,FRA,HKG,6581
81,97,1074,1971,2306,1892202,2.1646669999999997,0.034970999999999995,GBR,HKG,6581
90,97,1074,1971,0,1548,0.373161,0.153613,GRC,HKG,6581
103,97,1074,1971,0,372283,-1.335787,-0.813966,IDN,HKG,6581
104,97,1074,1971,18980,0,0.28820999999999997,0.790629,IND,HKG,6581
110,97,1074,1971,0,1269,0.8357530000000001,0.8589479999999999,ISR,HKG,6581
111,97,1074,1971,0,1151,2.039661,1.10519,ITA,HKG,6581
112,97,1074,1971,0,1260,0.283952,-0.541592,JAM,HKG,6581
114,97,1074,1971,7490,21042,1.862756,2.170372,JPN,HKG,6581
116,97,1074,1971,0,17647,-0.119521,0.044922000000000004,KEN,HKG,6581
122,97,1074,1971,0,1373,-0.589441,-0.5007699999999999,KWT,HKG,6581
123,97,1074,1971,0,10971,-1.248427,-0.821947,LAO,HKG,6581
133,97,1074,1971,32766,0,1.219121,0.369868,MAC,HKG,6581
147,97,1074,1971,0,235322,-0.670024,-0.6290560000000001,MOZ,HKG,6581
152,97,1074,1971,0,20257,-0.435749,-0.6851649999999999,MWI,HKG,6581
153,97,1074,1971,0,43491,-0.636547,-0.648471,MYS,HKG,6581
156,97,1074,1971,0,57175,-0.714832,-0.24088400000000001,NCL,HKG,6581
162,97,1074,1971,2978,679744,1.3564690000000001,2.749828,NLD,HKG,6581
163,97,1074,1971,0,41215,1.297569,1.870238,NOR,HKG,6581
173,97,1074,1971,0,2765,-0.7457020000000001,-0.882229,PER,HKG,6581
174,97,1074,1971,0,22328,-0.39003899999999997,-0.709147,PHL,HKG,6581
176,97,1074,1971,0,1838,-0.222694,-0.396214,PNG,HKG,6581
178,97,1074,1971,0,86647,0.412638,-0.341358,PRK,HKG,6581
192,97,1074,1971,65489,159451,0.540057,0.9167700000000001,SGP,HKG,6581
195,97,1074,1971,0,4166,-1.040183,-0.55403,SLB,HKG,6581
208,97,1074,1971,0,135415,2.190846,2.570859,SWE,HKG,6581
216,97,1074,1971,73972,13275,-0.767467,-0.557866,THA,HKG,6581
226,97,1074,1971,0,6361,-1.246843,-0.9062180000000001,TZA,HKG,6581
227,97,1074,1971,0,6532,-1.491473,-0.924457,UGA,HKG,6581
231,97,1074,1971,6420,2175,1.873357,1.848336,USA,HKG,6581
238,97,1074,1971,0,1619,0.806248,-0.070153,VIR,HKG,6581
240,97,1074,1971,0,16304,-0.863718,-0.633566,VUT,HKG,6581
246,97,1074,1971,0,51584,-0.285408,-0.146573,ZAF,HKG,6581
247,97,1074,1971,0,176572,-0.8803290000000001,-0.7895399999999999,ZMB,HKG,6581
249,97,1074,1971,80762,0,1.123146,1.440067,TWN,HKG,6581
250,97,1074,1971,0,7646,0.740793,0.11133,ANS,HKG,6581
1,104,1074,1971,0,3250,-0.82368,-0.805752,AFG,IND,6581
6,104,1074,1971,0,25389,0.890891,0.10081699999999999,ANT,IND,6581
7,104,1074,1971,0,154396,-0.455717,-0.601296,ARE,IND,6581
14,104,1074,1971,0,1279425,0.019735,0.02329,AUS,IND,6581
15,104,1074,1971,0,1575,1.984568,0.9571209999999999,AUT,IND,6581
18,104,1074,1971,275957,216799,1.495689,2.262083,BEL,IND,6581
23,104,1074,1971,0,2066403,0.65271,1.027758,BGR,IND,6581
24,104,1074,1971,0,79706,0.811757,-0.086967,BHR,IND,6581
31,104,1074,1971,0,87122,-0.578729,-0.640841,BOL,IND,6581
33,104,1074,1971,0,5086,0.935667,0.839299,BRB,IND,6581
39,104,1074,1971,0,449974,0.543049,0.772374,CAN,IND,6581
41,104,1074,1971,0,142041,2.242028,1.9425029999999999,CHE,IND,6581
42,104,1074,1971,0,1097622,-0.231579,-0.6383479999999999,CHL,IND,6581
44,104,1074,1971,0,1005,-0.719483,-0.700326,CIV,IND,6581
45,104,1074,1971,0,306499,-0.735506,-0.605363,CMR,IND,6581
46,104,1074,1971,0,1716,-1.16333,-0.708263,COD,IND,6581
47,104,1074,1971,0,10395,-0.9411219999999999,-0.728664,COG,IND,6581
53,104,1074,1971,0,1624374,1.7241369999999998,2.76252,CSK,IND,6581
58,104,1074,1971,0,217034,0.266353,-0.404526,CYP,IND,6581
61,104,1074,1971,2008,2172096,2.304817,-1.885431,DEU,IND,6581
64,104,1074,1971,0,621086,1.5224870000000001,2.45498,DNK,IND,6581
65,104,1074,1971,0,23586,-0.236627,-0.716432,DOM,IND,6581
66,104,1074,1971,0,47728,-0.42629399999999995,-0.612192,DZA,IND,6581
68,104,1074,1971,0,3718039,0.192492,-0.374212,EGY,IND,6581
71,104,1074,1971,0,8264,0.9618040000000001,1.789808,ESP,IND,6581
73,104,1074,1971,0,69304,-0.9625530000000001,-0.946401,ETH,IND,6581
74,104,1074,1971,0,19755,1.382261,1.410232,FIN,IND,6581
75,104,1074,1971,0,140763,0.057053,-0.490021,FJI,IND,6581
77,104,1074,1971,158475,572965,1.7299959999999999,1.562786,FRA,IND,6581
81,104,1074,1971,2890,353381,2.1646669999999997,0.034970999999999995,GBR,IND,6581
83,104,1074,1971,0,4943,-0.948254,-0.880582,GHA,IND,6581
85,104,1074,1971,0,689843,-0.7482810000000001,-0.689605,GIN,IND,6581
86,104,1074,1971,0,19463,-0.531874,-0.39812800000000004,GLP,IND,6581
87,104,1074,1971,0,48809,-1.1802700000000002,-0.49359200000000003,GMB,IND,6581
89,104,1074,1971,0,93696,-1.312081,-0.46562200000000004,GNQ,IND,6581
90,104,1074,1971,0,54617,0.373161,0.153613,GRC,IND,6581
96,104,1074,1971,0,283260,0.006441,-0.42498800000000003,GUY,IND,6581
97,104,1074,1971,0,18980,1.4643760000000001,1.159238,HKG,IND,6581
102,104,1074,1971,0,1427434,0.8639760000000001,1.2125059999999999,HUN,IND,6581
103,104,1074,1971,0,159963,-1.335787,-0.813966,IDN,IND,6581
106,104,1074,1971,0,12991,1.0895219999999999,1.885416,IRL,IND,6581
107,104,1074,1971,0,41647,-0.7509680000000001,-0.721083,IRN,IND,6581
108,104,1074,1971,0,1022030,-0.5225569999999999,-0.438028,IRQ,IND,6581
111,104,1074,1971,0,56188,2.039661,1.10519,ITA,IND,6581
112,104,1074,1971,0,108069,0.283952,-0.541592,JAM,IND,6581
113,104,1074,1971,0,8989,0.344856,-0.11885699999999999,JOR,IND,6581
114,104,1074,1971,21093,76602,1.862756,2.170372,JPN,IND,6581
116,104,1074,1971,0,1375099,-0.119521,0.044922000000000004,KEN,IND,6581
121,104,1074,1971,0,81862,0.804658,0.44236899999999996,KOR,IND,6581
122,104,1074,1971,0,889666,-0.589441,-0.5007699999999999,KWT,IND,6581
125,104,1074,1971,0,39400,-0.877289,-0.5771,LBR,IND,6581
126,104,1074,1971,0,2738,-2.1829009999999998,-0.541129,LBY,IND,6581
128,104,1074,1971,0,70674,-1.144836,-0.753853,LKA,IND,6581
137,104,1074,1971,0,6415,-1.0491139999999999,-0.298685,MDV,IND,6581
142,104,1074,1971,0,8242,1.567812,1.889177,MLT,IND,6581
143,104,1074,1971,0,1501232,-1.229963,-0.835765,MMR,IND,6581
147,104,1074,1971,0,653103,-0.670024,-0.6290560000000001,MOZ,IND,6581
151,104,1074,1971,0,42262,-0.592737,-0.767588,MUS,IND,6581
152,104,1074,1971,0,75323,-0.435749,-0.6851649999999999,MWI,IND,6581
153,104,1074,1971,0,63265,-0.636547,-0.648471,MYS,IND,6581
159,104,1074,1971,0,665032,-1.6915639999999998,-0.8931879999999999,NGA,IND,6581
162,104,1074,1971,32010,242920,1.3564690000000001,2.749828,NLD,IND,6581
163,104,1074,1971,8626,382770,1.297569,1.870238,NOR,IND,6581
164,104,1074,1971,0,64937,-0.486012,-0.640524,NPL,IND,6581
166,104,1074,1971,0,2157097,0.188851,-0.346439,NZL,IND,6581
167,104,1074,1971,0,258702,-1.415142,-0.557193,OMN,IND,6581
169,104,1074,1971,0,647,0.641183,-0.062375,PAN,IND,6581
173,104,1074,1971,0,718417,-0.7457020000000001,-0.882229,PER,IND,6581
176,104,1074,1971,0,91711,-0.222694,-0.396214,PNG,IND,6581
177,104,1074,1971,0,24294,0.8294520000000001,1.636849,POL,IND,6581
178,104,1074,1971,0,91779,0.412638,-0.341358,PRK,IND,6581
180,104,1074,1971,0,128583,-0.48826,-0.712018,PRY,IND,6581
183,104,1074,1971,0,100196,-1.0228190000000001,-0.519414,QAT,IND,6581
184,104,1074,1971,0,6083,-1.004604,-0.44332,REU,IND,6581
185,104,1074,1971,0,577423,1.0355299999999998,1.5666129999999998,ROU,IND,6581
186,104,1074,1971,0,33190736,0.42000600000000005,0.512301,RUS,IND,6581
188,104,1074,1971,0,244367,-1.370577,-0.556488,SAU,IND,6581
190,104,1074,1971,0,10212949,-1.375243,-0.9691209999999999,SDN,IND,6581
191,104,1074,1971,0,243150,-0.100347,-0.469422,SEN,IND,6581
192,104,1074,1971,0,148076,0.540057,0.9167700000000001,SGP,IND,6581
196,104,1074,1971,0,88307,-0.9423530000000001,-0.7621220000000001,SLE,IND,6581
197,104,1074,1971,0,1327,0.807056,0.476688,SLV,IND,6581
199,104,1074,1971,0,72641,-0.269276,-0.557816,SOM,IND,6581
208,104,1074,1971,0,275488,2.190846,2.570859,SWE,IND,6581
211,104,1074,1971,0,12039,-1.0993899999999999,-0.627599,SYC,IND,6581
212,104,1074,1971,0,786345,0.082847,-0.600657,SYR,IND,6581
215,104,1074,1971,0,269810,-0.072395,-0.37341199999999997,TGO,IND,6581
216,104,1074,1971,14965,7187,-0.767467,-0.557866,THA,IND,6581
222,104,1074,1971,0,134429,0.6038479999999999,-0.19159,TTO,IND,6581
224,104,1074,1971,0,438688,-0.443655,-0.521285,TUR,IND,6581
226,104,1074,1971,0,1842092,-1.246843,-0.9062180000000001,TZA,IND,6581
227,104,1074,1971,0,254908,-1.491473,-0.924457,UGA,IND,6581
230,104,1074,1971,0,4393,0.24810300000000002,-0.16614600000000002,URY,IND,6581
231,104,1074,1971,30790,172004,1.873357,1.848336,USA,IND,6581
243,104,1074,1971,0,3696,-1.2022329999999999,-0.832217,YEM,IND,6581
244,104,1074,1971,0,368635,-1.106739,-0.692533,YMD,IND,6581
245,104,1074,1971,0,492923,1.106614,2.43735,YUG,IND,6581
246,104,1074,1971,0,2428,-0.285408,-0.146573,ZAF,IND,6581
247,104,1074,1971,0,1413746,-0.8803290000000001,-0.7895399999999999,ZMB,IND,6581
250,104,1074,1971,0,109375,0.740793,0.11133,ANS,IND,6581
24,107,1074,1971,8674,47825,0.811757,-0.086967,BHR,IRN,6581
71,107,1074,1971,0,1402,0.9618040000000001,1.789808,ESP,IRN,6581
77,107,1074,1971,9318,1482,1.7299959999999999,1.562786,FRA,IRN,6581
81,107,1074,1971,75320,0,2.1646669999999997,0.034970999999999995,GBR,IRN,6581
104,107,1074,1971,41647,0,0.28820999999999997,0.790629,IND,IRN,6581
114,107,1074,1971,69094,0,1.862756,2.170372,JPN,IRN,6581
122,107,1074,1971,35852,0,-0.589441,-0.5007699999999999,KWT,IRN,6581
167,107,1074,1971,2121,0,-1.415142,-0.557193,OMN,IRN,6581
168,107,1074,1971,389141,0,-0.160556,-0.48263,PAK,IRN,6581
77,108,1074,1971,216903,1829,1.7299959999999999,1.562786,FRA,IRQ,6581
81,108,1074,1971,2193,0,2.1646669999999997,0.034970999999999995,GBR,IRQ,6581
104,108,1074,1971,1022030,0,0.28820999999999997,0.790629,IND,IRQ,6581
114,108,1074,1971,17268,0,1.862756,2.170372,JPN,IRQ,6581
124,108,1074,1971,60221,0,0.6515989999999999,1.542378,LBN,IRQ,6581
168,108,1074,1971,75220,0,-0.160556,-0.48263,PAK,IRQ,6581
179,108,1074,1971,22615,0,0.9233389999999999,1.184635,PRT,IRQ,6581
191,108,1074,1971,0,1641,-0.100347,-0.469422,SEN,IRQ,6581
249,108,1074,1971,0,5587,1.123146,1.440067,TWN,IRQ,6581
64,109,1074,1971,1999,0,1.5224870000000001,2.45498,DNK,ISL,6581
77,109,1074,1971,3106,0,1.7299959999999999,1.562786,FRA,ISL,6581
81,109,1074,1971,18907,0,2.1646669999999997,0.034970999999999995,GBR,ISL,6581
114,109,1074,1971,5169,0,1.862756,2.170372,JPN,ISL,6581
162,109,1074,1971,11696,0,1.3564690000000001,2.749828,NLD,ISL,6581
179,109,1074,1971,5310,0,0.9233389999999999,1.184635,PRT,ISL,6581
231,109,1074,1971,1024,0,1.873357,1.848336,USA,ISL,6581
2,111,1074,1971,0,3291,-1.208704,-0.854866,AGO,ITA,6581
8,111,1074,1971,1501,0,0.0024230000000000002,0.084024,ARG,ITA,6581
14,111,1074,1971,0,6409,0.019735,0.02329,AUS,ITA,6581
15,111,1074,1971,971,0,1.984568,0.9571209999999999,AUT,ITA,6581
18,111,1074,1971,30721,70796,1.495689,2.262083,BEL,ITA,6581
21,111,1074,1971,5004,0,-0.45178900000000005,-0.710649,BFA,ITA,6581
32,111,1074,1971,1417,0,-0.326897,-0.229088,BRA,ITA,6581
38,111,1074,1971,0,1278,-0.737808,-0.658191,CAF,ITA,6581
39,111,1074,1971,0,13915,0.543049,0.772374,CAN,ITA,6581
41,111,1074,1971,39936,6360,2.242028,1.9425029999999999,CHE,ITA,6581
43,111,1074,1971,0,6408,0.551566,1.636164,CHN,ITA,6581
44,111,1074,1971,0,123420,-0.719483,-0.700326,CIV,ITA,6581
45,111,1074,1971,0,1803,-0.735506,-0.605363,CMR,ITA,6581
46,111,1074,1971,0,22562,-1.16333,-0.708263,COD,ITA,6581
49,111,1074,1971,1198,0,-0.114488,-0.492489,COL,ITA,6581
58,111,1074,1971,0,2135,0.266353,-0.404526,CYP,ITA,6581
61,111,1074,1971,182659,61523,2.304817,-1.885431,DEU,ITA,6581
64,111,1074,1971,0,1770,1.5224870000000001,2.45498,DNK,ITA,6581
66,111,1074,1971,14235,22171,-0.42629399999999995,-0.612192,DZA,ITA,6581
71,111,1074,1971,6059,7301,0.9618040000000001,1.789808,ESP,ITA,6581
73,111,1074,1971,0,1470,-0.9625530000000001,-0.946401,ETH,ITA,6581
77,111,1074,1971,309853,603209,1.7299959999999999,1.562786,FRA,ITA,6581
81,111,1074,1971,12252,0,2.1646669999999997,0.034970999999999995,GBR,ITA,6581
85,111,1074,1971,0,14331,-0.7482810000000001,-0.689605,GIN,ITA,6581
88,111,1074,1971,0,65033,-0.8342940000000001,-0.728585,GNB,ITA,6581
90,111,1074,1971,1284,1276,0.373161,0.153613,GRC,ITA,6581
97,111,1074,1971,1151,0,1.4643760000000001,1.159238,HKG,ITA,6581
102,111,1074,1971,0,24028,0.8639760000000001,1.2125059999999999,HUN,ITA,6581
104,111,1074,1971,56188,0,0.28820999999999997,0.790629,IND,ITA,6581
110,111,1074,1971,0,2496,0.8357530000000001,0.8589479999999999,ISR,ITA,6581
114,111,1074,1971,48445,0,1.862756,2.170372,JPN,ITA,6581
116,111,1074,1971,0,3263,-0.119521,0.044922000000000004,KEN,ITA,6581
124,111,1074,1971,0,11858,0.6515989999999999,1.542378,LBN,ITA,6581
126,111,1074,1971,0,42296,-2.1829009999999998,-0.541129,LBY,ITA,6581
134,111,1074,1971,261370,0,-0.016735,-0.41776599999999997,MAR,ITA,6581
136,111,1074,1971,0,3258,-0.819129,-0.765004,MDG,ITA,6581
141,111,1074,1971,0,1469,-0.809425,-0.9098719999999999,MLI,ITA,6581
142,111,1074,1971,0,7272,1.567812,1.889177,MLT,ITA,6581
148,111,1074,1971,0,1651,-0.791432,-0.798547,MRT,ITA,6581
153,111,1074,1971,0,2243,-0.636547,-0.648471,MYS,ITA,6581
157,111,1074,1971,0,1769,-0.8275610000000001,-0.747424,NER,ITA,6581
162,111,1074,1971,322412,3492,1.3564690000000001,2.749828,NLD,ITA,6581
166,111,1074,1971,1506,0,0.188851,-0.346439,NZL,ITA,6581
168,111,1074,1971,35542,0,-0.160556,-0.48263,PAK,ITA,6581
179,111,1074,1971,6314,5857,0.9233389999999999,1.184635,PRT,ITA,6581
184,111,1074,1971,0,9263,-1.004604,-0.44332,REU,ITA,6581
186,111,1074,1971,15041,0,0.42000600000000005,0.512301,RUS,ITA,6581
191,111,1074,1971,0,100425,-0.100347,-0.469422,SEN,ITA,6581
199,111,1074,1971,0,243175,-0.269276,-0.557816,SOM,ITA,6581
208,111,1074,1971,0,1125,2.190846,2.570859,SWE,ITA,6581
215,111,1074,1971,2070,0,-0.072395,-0.37341199999999997,TGO,ITA,6581
216,111,1074,1971,66122,0,-0.767467,-0.557866,THA,ITA,6581
223,111,1074,1971,0,61374,-0.28817,-0.6084189999999999,TUN,ITA,6581
224,111,1074,1971,0,14030,-0.443655,-0.521285,TUR,ITA,6581
231,111,1074,1971,3449,5102,1.873357,1.848336,USA,ITA,6581
236,111,1074,1971,1733,0,-0.9655290000000001,-0.651151,VEN,ITA,6581
245,111,1074,1971,124871,2337,1.106614,2.43735,YUG,ITA,6581
250,111,1074,1971,1046,5248,0.740793,0.11133,ANS,ITA,6581
14,114,1074,1971,3194,7492176,0.019735,0.02329,AUS,JPN,6581
18,114,1074,1971,10494,52457,1.495689,2.262083,BEL,JPN,6581
21,114,1074,1971,7445,0,-0.45178900000000005,-0.710649,BFA,JPN,6581
24,114,1074,1971,0,8288,0.811757,-0.086967,BHR,JPN,6581
31,114,1074,1971,0,8379,-0.578729,-0.640841,BOL,JPN,6581
32,114,1074,1971,0,1159,-0.326897,-0.229088,BRA,JPN,6581
39,114,1074,1971,0,101096,0.543049,0.772374,CAN,JPN,6581
42,114,1074,1971,0,1918,-0.231579,-0.6383479999999999,CHL,JPN,6581
58,114,1074,1971,0,8570,0.266353,-0.404526,CYP,JPN,6581
61,114,1074,1971,0,295226,2.304817,-1.885431,DEU,JPN,6581
64,114,1074,1971,0,23690,1.5224870000000001,2.45498,DNK,JPN,6581
66,114,1074,1971,0,927,-0.42629399999999995,-0.612192,DZA,JPN,6581
68,114,1074,1971,1138,0,0.192492,-0.374212,EGY,JPN,6581
71,114,1074,1971,3064,2020,0.9618040000000001,1.789808,ESP,JPN,6581
75,114,1074,1971,0,108235,0.057053,-0.490021,FJI,JPN,6581
77,114,1074,1971,34995,18433,1.7299959999999999,1.562786,FRA,JPN,6581
81,114,1074,1971,0,99589,2.1646669999999997,0.034970999999999995,GBR,JPN,6581
85,114,1074,1971,0,37488,-0.7482810000000001,-0.689605,GIN,JPN,6581
93,114,1074,1971,0,1250,0.513422,0.31249099999999996,GTM,JPN,6581
96,114,1074,1971,0,40394,0.006441,-0.42498800000000003,GUY,JPN,6581
97,114,1074,1971,21042,7490,1.4643760000000001,1.159238,HKG,JPN,6581
103,114,1074,1971,0,290436,-1.335787,-0.813966,IDN,JPN,6581
104,114,1074,1971,76602,21093,0.28820999999999997,0.790629,IND,JPN,6581
107,114,1074,1971,0,69094,-0.7509680000000001,-0.721083,IRN,JPN,6581
108,114,1074,1971,0,17268,-0.5225569999999999,-0.438028,IRQ,JPN,6581
109,114,1074,1971,0,5169,0.12083900000000002,-0.37900100000000003,ISL,JPN,6581
110,114,1074,1971,0,4210,0.8357530000000001,0.8589479999999999,ISR,JPN,6581
111,114,1074,1971,0,48445,2.039661,1.10519,ITA,JPN,6581
113,114,1074,1971,0,3186,0.344856,-0.11885699999999999,JOR,JPN,6581
119,114,1074,1971,0,4189,-0.293501,-0.245119,KIR,JPN,6581
121,114,1074,1971,19461,31880,0.804658,0.44236899999999996,KOR,JPN,6581
122,114,1074,1971,0,25130,-0.589441,-0.5007699999999999,KWT,JPN,6581
123,114,1074,1971,0,2975,-1.248427,-0.821947,LAO,JPN,6581
128,114,1074,1971,0,261066,-1.144836,-0.753853,LKA,JPN,6581
138,114,1074,1971,0,48955,0.694692,1.631725,MEX,JPN,6581
147,114,1074,1971,0,19275,-0.670024,-0.6290560000000001,MOZ,JPN,6581
153,114,1074,1971,0,6152,-0.636547,-0.648471,MYS,JPN,6581
156,114,1074,1971,0,1030,-0.714832,-0.24088400000000001,NCL,JPN,6581
162,114,1074,1971,0,353402,1.3564690000000001,2.749828,NLD,JPN,6581
166,114,1074,1971,0,7995,0.188851,-0.346439,NZL,JPN,6581
168,114,1074,1971,10605,0,-0.160556,-0.48263,PAK,JPN,6581
169,114,1074,1971,0,4250,0.641183,-0.062375,PAN,JPN,6581
173,114,1074,1971,0,2265,-0.7457020000000001,-0.882229,PER,JPN,6581
174,114,1074,1971,0,23079,-0.39003899999999997,-0.709147,PHL,JPN,6581
176,114,1074,1971,0,42239,-0.222694,-0.396214,PNG,JPN,6581
177,114,1074,1971,0,4570,0.8294520000000001,1.636849,POL,JPN,6581
179,114,1074,1971,0,1137,0.9233389999999999,1.184635,PRT,JPN,6581
180,114,1074,1971,0,2812,-0.48826,-0.712018,PRY,JPN,6581
186,114,1074,1971,0,38317,0.42000600000000005,0.512301,RUS,JPN,6581
192,114,1074,1971,0,36317,0.540057,0.9167700000000001,SGP,JPN,6581
195,114,1074,1971,0,1331,-1.040183,-0.55403,SLB,JPN,6581
205,114,1074,1971,0,57440,-0.26679,-0.417204,SUR,JPN,6581
208,114,1074,1971,0,4636,2.190846,2.570859,SWE,JPN,6581
211,114,1074,1971,0,1509,-1.0993899999999999,-0.627599,SYC,JPN,6581
222,114,1074,1971,0,8938,0.6038479999999999,-0.19159,TTO,JPN,6581
227,114,1074,1971,0,7084,-1.491473,-0.924457,UGA,JPN,6581
231,114,1074,1971,1252,49194,1.873357,1.848336,USA,JPN,6581
236,114,1074,1971,0,11377,-0.9655290000000001,-0.651151,VEN,JPN,6581
240,114,1074,1971,0,3971,-0.863718,-0.633566,VUT,JPN,6581
246,114,1074,1971,0,36615,-0.285408,-0.146573,ZAF,JPN,6581
249,114,1074,1971,22388,0,1.123146,1.440067,TWN,JPN,6581
250,114,1074,1971,32013,10354,0.740793,0.11133,ANS,JPN,6581
7,122,1074,1971,0,1127,-0.455717,-0.601296,ARE,KWT,6581
18,122,1074,1971,17159,0,1.495689,2.262083,BEL,KWT,6581
24,122,1074,1971,42,989,0.811757,-0.086967,BHR,KWT,6581
61,122,1074,1971,11676,0,2.304817,-1.885431,DEU,KWT,6581
77,122,1074,1971,17599,0,1.7299959999999999,1.562786,FRA,KWT,6581
81,122,1074,1971,65834,0,2.1646669999999997,0.034970999999999995,GBR,KWT,6581
97,122,1074,1971,1373,0,1.4643760000000001,1.159238,HKG,KWT,6581
104,122,1074,1971,889666,0,0.28820999999999997,0.790629,IND,KWT,6581
107,122,1074,1971,0,35852,-0.7509680000000001,-0.721083,IRN,KWT,6581
113,122,1074,1971,0,16024,0.344856,-0.11885699999999999,JOR,KWT,6581
114,122,1074,1971,25130,0,1.862756,2.170372,JPN,KWT,6581
116,122,1074,1971,9048,0,-0.119521,0.044922000000000004,KEN,KWT,6581
124,122,1074,1971,2773,6999,0.6515989999999999,1.542378,LBN,KWT,6581
162,122,1074,1971,9800,0,1.3564690000000001,2.749828,NLD,KWT,6581
168,122,1074,1971,459939,0,-0.160556,-0.48263,PAK,KWT,6581
188,122,1074,1971,4291,121958,-1.370577,-0.556488,SAU,KWT,6581
192,122,1074,1971,15525,0,0.540057,0.9167700000000001,SGP,KWT,6581
208,122,1074,1971,5072,0,2.190846,2.570859,SWE,KWT,6581
212,122,1074,1971,0,2765,0.082847,-0.600657,SYR,KWT,6581
216,122,1074,1971,5644,0,-0.767467,-0.557866,THA,KWT,6581
15,124,1074,1971,3438,0,1.984568,0.9571209999999999,AUT,LBN,6581
18,124,1074,1971,1767,32095,1.495689,2.262083,BEL,LBN,6581
58,124,1074,1971,0,12157,0.266353,-0.404526,CYP,LBN,6581
61,124,1074,1971,2988,0,2.304817,-1.885431,DEU,LBN,6581
66,124,1074,1971,0,29183,-0.42629399999999995,-0.612192,DZA,LBN,6581
71,124,1074,1971,56815,1668,0.9618040000000001,1.789808,ESP,LBN,6581
77,124,1074,1971,80773,56638,1.7299959999999999,1.562786,FRA,LBN,6581
81,124,1074,1971,55261,2053,2.1646669999999997,0.034970999999999995,GBR,LBN,6581
83,124,1074,1971,0,28494,-0.948254,-0.880582,GHA,LBN,6581
102,124,1074,1971,4762,0,0.8639760000000001,1.2125059999999999,HUN,LBN,6581
108,124,1074,1971,0,60221,-0.5225569999999999,-0.438028,IRQ,LBN,6581
111,124,1074,1971,11858,0,2.039661,1.10519,ITA,LBN,6581
113,124,1074,1971,0,18509,0.344856,-0.11885699999999999,JOR,LBN,6581
122,124,1074,1971,6999,2773,-0.589441,-0.5007699999999999,KWT,LBN,6581
126,124,1074,1971,0,5710,-2.1829009999999998,-0.541129,LBY,LBN,6581
134,124,1074,1971,0,6324,-0.016735,-0.41776599999999997,MAR,LBN,6581
162,124,1074,1971,15494,0,1.3564690000000001,2.749828,NLD,LBN,6581
168,124,1074,1971,78541,0,-0.160556,-0.48263,PAK,LBN,6581
188,124,1074,1971,0,5450,-1.370577,-0.556488,SAU,LBN,6581
212,124,1074,1971,0,3454,0.082847,-0.600657,SYR,LBN,6581
224,124,1074,1971,0,26015,-0.443655,-0.521285,TUR,LBN,6581
231,124,1074,1971,12522,9603,1.873357,1.848336,USA,LBN,6581
250,124,1074,1971,0,6987,0.740793,0.11133,ANS,LBN,6581
2,162,1074,1971,0,7635,-1.208704,-0.854866,AGO,NLD,6581
6,162,1074,1971,0,1061,0.890891,0.10081699999999999,ANT,NLD,6581
8,162,1074,1971,1163,0,0.0024230000000000002,0.084024,ARG,NLD,6581
14,162,1074,1971,3505,0,0.019735,0.02329,AUS,NLD,6581
15,162,1074,1971,3057,27263,1.984568,0.9571209999999999,AUT,NLD,6581
18,162,1074,1971,3655032,1419997,1.495689,2.262083,BEL,NLD,6581
21,162,1074,1971,0,4625,-0.45178900000000005,-0.710649,BFA,NLD,6581
23,162,1074,1971,0,1144,0.65271,1.027758,BGR,NLD,6581
32,162,1074,1971,0,11515,-0.326897,-0.229088,BRA,NLD,6581
33,162,1074,1971,0,2097,0.935667,0.839299,BRB,NLD,6581
39,162,1074,1971,0,36500,0.543049,0.772374,CAN,NLD,6581
41,162,1074,1971,91821,4669,2.242028,1.9425029999999999,CHE,NLD,6581
43,162,1074,1971,79285,7843,0.551566,1.636164,CHN,NLD,6581
44,162,1074,1971,0,258307,-0.719483,-0.700326,CIV,NLD,6581
45,162,1074,1971,0,224034,-0.735506,-0.605363,CMR,NLD,6581
46,162,1074,1971,0,1840,-1.16333,-0.708263,COD,NLD,6581
47,162,1074,1971,1243,3700,-0.9411219999999999,-0.728664,COG,NLD,6581
53,162,1074,1971,776871,2035,1.7241369999999998,2.76252,CSK,NLD,6581
58,162,1074,1971,0,37192,0.266353,-0.404526,CYP,NLD,6581
61,162,1074,1971,1494766,904129,2.304817,-1.885431,DEU,NLD,6581
64,162,1074,1971,38455,2957,1.5224870000000001,2.45498,DNK,NLD,6581
65,162,1074,1971,0,9669,-0.236627,-0.716432,DOM,NLD,6581
66,162,1074,1971,0,181769,-0.42629399999999995,-0.612192,DZA,NLD,6581
70,162,1074,1971,0,12370,0.474017,-0.278938,ESH,NLD,6581
71,162,1074,1971,111154,11195,0.9618040000000001,1.789808,ESP,NLD,6581
73,162,1074,1971,0,2965,-0.9625530000000001,-0.946401,ETH,NLD,6581
74,162,1074,1971,30807,13597,1.382261,1.410232,FIN,NLD,6581
75,162,1074,1971,0,3010,0.057053,-0.490021,FJI,NLD,6581
77,162,1074,1971,484390,414253,1.7299959999999999,1.562786,FRA,NLD,6581
80,162,1074,1971,11704,0,-1.3628559999999998,-0.688865,GAB,NLD,6581
81,162,1074,1971,201543,262051,2.1646669999999997,0.034970999999999995,GBR,NLD,6581
87,162,1074,1971,11880,2345,-1.1802700000000002,-0.49359200000000003,GMB,NLD,6581
90,162,1074,1971,0,218195,0.373161,0.153613,GRC,NLD,6581
96,162,1074,1971,0,293719,0.006441,-0.42498800000000003,GUY,NLD,6581
97,162,1074,1971,679744,2978,1.4643760000000001,1.159238,HKG,NLD,6581
102,162,1074,1971,190876,2654,0.8639760000000001,1.2125059999999999,HUN,NLD,6581
103,162,1074,1971,0,8351,-1.335787,-0.813966,IDN,NLD,6581
104,162,1074,1971,242920,32010,0.28820999999999997,0.790629,IND,NLD,6581
106,162,1074,1971,0,52909,1.0895219999999999,1.885416,IRL,NLD,6581
109,162,1074,1971,0,11696,0.12083900000000002,-0.37900100000000003,ISL,NLD,6581
110,162,1074,1971,0,217058,0.8357530000000001,0.8589479999999999,ISR,NLD,6581
111,162,1074,1971,3492,322412,2.039661,1.10519,ITA,NLD,6581
113,162,1074,1971,0,1747,0.344856,-0.11885699999999999,JOR,NLD,6581
114,162,1074,1971,353402,0,1.862756,2.170372,JPN,NLD,6581
121,162,1074,1971,14396,0,0.804658,0.44236899999999996,KOR,NLD,6581
122,162,1074,1971,0,9800,-0.589441,-0.5007699999999999,KWT,NLD,6581
124,162,1074,1971,0,15494,0.6515989999999999,1.542378,LBN,NLD,6581
125,162,1074,1971,0,43866,-0.877289,-0.5771,LBR,NLD,6581
126,162,1074,1971,0,36020,-2.1829009999999998,-0.541129,LBY,NLD,6581
128,162,1074,1971,0,4999,-1.144836,-0.753853,LKA,NLD,6581
134,162,1074,1971,0,141885,-0.016735,-0.41776599999999997,MAR,NLD,6581
136,162,1074,1971,0,6793,-0.819129,-0.765004,MDG,NLD,6581
138,162,1074,1971,2829,0,0.694692,1.631725,MEX,NLD,6581
141,162,1074,1971,0,32211,-0.809425,-0.9098719999999999,MLI,NLD,6581
142,162,1074,1971,0,11679,1.567812,1.889177,MLT,NLD,6581
153,162,1074,1971,1479,0,-0.636547,-0.648471,MYS,NLD,6581
157,162,1074,1971,0,2354,-0.8275610000000001,-0.747424,NER,NLD,6581
159,162,1074,1971,21919,35196,-1.6915639999999998,-0.8931879999999999,NGA,NLD,6581
163,162,1074,1971,23090,53850,1.297569,1.870238,NOR,NLD,6581
166,162,1074,1971,0,1753,0.188851,-0.346439,NZL,NLD,6581
168,162,1074,1971,1070837,42902,-0.160556,-0.48263,PAK,NLD,6581
173,162,1074,1971,0,2394,-0.7457020000000001,-0.882229,PER,NLD,6581
177,162,1074,1971,856823,19800,0.8294520000000001,1.636849,POL,NLD,6581
179,162,1074,1971,475483,2893,0.9233389999999999,1.184635,PRT,NLD,6581
180,162,1074,1971,0,2511,-0.48826,-0.712018,PRY,NLD,6581
190,162,1074,1971,4563,0,-1.375243,-0.9691209999999999,SDN,NLD,6581
191,162,1074,1971,6135,81309,-0.100347,-0.469422,SEN,NLD,6581
192,162,1074,1971,7103,0,0.540057,0.9167700000000001,SGP,NLD,6581
200,162,1074,1971,0,1925,1.218646,0.21752,SPM,NLD,6581
205,162,1074,1971,1732,168242,-0.26679,-0.417204,SUR,NLD,6581
208,162,1074,1971,60439,4027,2.190846,2.570859,SWE,NLD,6581
212,162,1074,1971,0,15214,0.082847,-0.600657,SYR,NLD,6581
214,162,1074,1971,0,2539,-0.850374,-0.740183,TCD,NLD,6581
216,162,1074,1971,46614,0,-0.767467,-0.557866,THA,NLD,6581
222,162,1074,1971,0,6654,0.6038479999999999,-0.19159,TTO,NLD,6581
223,162,1074,1971,0,8084,-0.28817,-0.6084189999999999,TUN,NLD,6581
224,162,1074,1971,0,36171,-0.443655,-0.521285,TUR,NLD,6581
226,162,1074,1971,0,3636,-1.246843,-0.9062180000000001,TZA,NLD,6581
231,162,1074,1971,3242,51521,1.873357,1.848336,USA,NLD,6581
245,162,1074,1971,147862,0,1.106614,2.43735,YUG,NLD,6581
246,162,1074,1971,0,35471,-0.285408,-0.146573,ZAF,NLD,6581
249,162,1074,1971,59678,0,1.123146,1.440067,TWN,NLD,6581
250,162,1074,1971,2110,2039,0.740793,0.11133,ANS,NLD,6581
18,163,1074,1971,834253,0,1.495689,2.262083,BEL,NOR,6581
61,163,1074,1971,183352,5992,2.304817,-1.885431,DEU,NOR,6581
64,163,1074,1971,22879,3640,1.5224870000000001,2.45498,DNK,NOR,6581
71,163,1074,1971,0,131171,0.9618040000000001,1.789808,ESP,NOR,6581
74,163,1074,1971,0,4659,1.382261,1.410232,FIN,NOR,6581
77,163,1074,1971,11938,1232,1.7299959999999999,1.562786,FRA,NOR,6581
81,163,1074,1971,191394,0,2.1646669999999997,0.034970999999999995,GBR,NOR,6581
97,163,1074,1971,41215,0,1.4643760000000001,1.159238,HKG,NOR,6581
104,163,1074,1971,382770,8626,0.28820999999999997,0.790629,IND,NOR,6581
110,163,1074,1971,0,2929,0.8357530000000001,0.8589479999999999,ISR,NOR,6581
162,163,1074,1971,53850,23090,1.3564690000000001,2.749828,NLD,NOR,6581
168,163,1074,1971,210846,0,-0.160556,-0.48263,PAK,NOR,6581
177,163,1074,1971,82552,0,0.8294520000000001,1.636849,POL,NOR,6581
179,163,1074,1971,290260,3566,0.9233389999999999,1.184635,PRT,NOR,6581
208,163,1074,1971,4691,17792,2.190846,2.570859,SWE,NOR,6581
231,163,1074,1971,2343,0,1.873357,1.848336,USA,NOR,6581
245,163,1074,1971,7357,0,1.106614,2.43735,YUG,NOR,6581
1,168,1074,1971,38534,26878,-0.82368,-0.805752,AFG,PAK,6581
7,168,1074,1971,0,18378,-0.455717,-0.601296,ARE,PAK,6581
8,168,1074,1971,0,28156,0.0024230000000000002,0.084024,ARG,PAK,6581
14,168,1074,1971,0,1835780,0.019735,0.02329,AUS,PAK,6581
15,168,1074,1971,0,67443,1.984568,0.9571209999999999,AUT,PAK,6581
18,168,1074,1971,0,795861,1.495689,2.262083,BEL,PAK,6581
23,168,1074,1971,0,608488,0.65271,1.027758,BGR,PAK,6581
24,168,1074,1971,0,46919,0.811757,-0.086967,BHR,PAK,6581
42,168,1074,1971,0,1544132,-0.231579,-0.6383479999999999,CHL,PAK,6581
43,168,1074,1971,0,937511,0.551566,1.636164,CHN,PAK,6581
44,168,1074,1971,0,26671,-0.719483,-0.700326,CIV,PAK,6581
45,168,1074,1971,0,297596,-0.735506,-0.605363,CMR,PAK,6581
53,168,1074,1971,0,96267,1.7241369999999998,2.76252,CSK,PAK,6581
58,168,1074,1971,0,513296,0.266353,-0.404526,CYP,PAK,6581
61,168,1074,1971,0,2763047,2.304817,-1.885431,DEU,PAK,6581
62,168,1074,1971,0,43808,0.5152770000000001,-0.190207,DJI,PAK,6581
64,168,1074,1971,0,99219,1.5224870000000001,2.45498,DNK,PAK,6581
65,168,1074,1971,0,54018,-0.236627,-0.716432,DOM,PAK,6581
71,168,1074,1971,0,4592,0.9618040000000001,1.789808,ESP,PAK,6581
75,168,1074,1971,0,8611,0.057053,-0.490021,FJI,PAK,6581
77,168,1074,1971,95734,575871,1.7299959999999999,1.562786,FRA,PAK,6581
80,168,1074,1971,0,18904,-1.3628559999999998,-0.688865,GAB,PAK,6581
81,168,1074,1971,0,316202,2.1646669999999997,0.034970999999999995,GBR,PAK,6581
90,168,1074,1971,0,70581,0.373161,0.153613,GRC,PAK,6581
102,168,1074,1971,0,106731,0.8639760000000001,1.2125059999999999,HUN,PAK,6581
103,168,1074,1971,0,27057,-1.335787,-0.813966,IDN,PAK,6581
107,168,1074,1971,0,389141,-0.7509680000000001,-0.721083,IRN,PAK,6581
108,168,1074,1971,0,75220,-0.5225569999999999,-0.438028,IRQ,PAK,6581
111,168,1074,1971,0,35542,2.039661,1.10519,ITA,PAK,6581
113,168,1074,1971,0,139897,0.344856,-0.11885699999999999,JOR,PAK,6581
114,168,1074,1971,0,10605,1.862756,2.170372,JPN,PAK,6581
116,168,1074,1971,0,273372,-0.119521,0.044922000000000004,KEN,PAK,6581
121,168,1074,1971,0,19780,0.804658,0.44236899999999996,KOR,PAK,6581
122,168,1074,1971,0,459939,-0.589441,-0.5007699999999999,KWT,PAK,6581
124,168,1074,1971,0,78541,0.6515989999999999,1.542378,LBN,PAK,6581
126,168,1074,1971,0,5524,-2.1829009999999998,-0.541129,LBY,PAK,6581
128,168,1074,1971,0,559343,-1.144836,-0.753853,LKA,PAK,6581
143,168,1074,1971,0,1060790,-1.229963,-0.835765,MMR,PAK,6581
152,168,1074,1971,0,168456,-0.435749,-0.6851649999999999,MWI,PAK,6581
153,168,1074,1971,0,17055,-0.636547,-0.648471,MYS,PAK,6581
159,168,1074,1971,0,490600,-1.6915639999999998,-0.8931879999999999,NGA,PAK,6581
162,168,1074,1971,42902,1070837,1.3564690000000001,2.749828,NLD,PAK,6581
163,168,1074,1971,0,210846,1.297569,1.870238,NOR,PAK,6581
166,168,1074,1971,0,1322601,0.188851,-0.346439,NZL,PAK,6581
167,168,1074,1971,0,11359,-1.415142,-0.557193,OMN,PAK,6581
173,168,1074,1971,0,1302172,-0.7457020000000001,-0.882229,PER,PAK,6581
176,168,1074,1971,0,363544,-0.222694,-0.396214,PNG,PAK,6581
177,168,1074,1971,0,107046,0.8294520000000001,1.636849,POL,PAK,6581
178,168,1074,1971,0,67321,0.412638,-0.341358,PRK,PAK,6581
180,168,1074,1971,0,3047,-0.48826,-0.712018,PRY,PAK,6581
185,168,1074,1971,0,895189,1.0355299999999998,1.5666129999999998,ROU,PAK,6581
188,168,1074,1971,0,521098,-1.370577,-0.556488,SAU,PAK,6581
190,168,1074,1971,0,475729,-1.375243,-0.9691209999999999,SDN,PAK,6581
192,168,1074,1971,0,42598,0.540057,0.9167700000000001,SGP,PAK,6581
199,168,1074,1971,0,9695,-0.269276,-0.557816,SOM,PAK,6581
208,168,1074,1971,0,62335,2.190846,2.570859,SWE,PAK,6581
212,168,1074,1971,0,666409,0.082847,-0.600657,SYR,PAK,6581
214,168,1074,1971,0,73738,-0.850374,-0.740183,TCD,PAK,6581
215,168,1074,1971,0,139877,-0.072395,-0.37341199999999997,TGO,PAK,6581
224,168,1074,1971,0,449917,-0.443655,-0.521285,TUR,PAK,6581
226,168,1074,1971,0,710767,-1.246843,-0.9062180000000001,TZA,PAK,6581
231,168,1074,1971,0,77549,1.873357,1.848336,USA,PAK,6581
245,168,1074,1971,0,72080,1.106614,2.43735,YUG,PAK,6581
247,168,1074,1971,0,2737022,-0.8803290000000001,-0.7895399999999999,ZMB,PAK,6581
250,168,1074,1971,0,263525,0.740793,0.11133,ANS,PAK,6581
18,186,1074,1971,0,2316,1.495689,2.262083,BEL,RUS,6581
44,186,1074,1971,0,7786,-0.719483,-0.700326,CIV,RUS,6581
61,186,1074,1971,0,9348,2.304817,-1.885431,DEU,RUS,6581
66,186,1074,1971,0,129602,-0.42629399999999995,-0.612192,DZA,RUS,6581
68,186,1074,1971,2488,0,0.192492,-0.374212,EGY,RUS,6581
71,186,1074,1971,0,1598,0.9618040000000001,1.789808,ESP,RUS,6581
77,186,1074,1971,90361,37759,1.7299959999999999,1.562786,FRA,RUS,6581
90,186,1074,1971,0,53607,0.373161,0.153613,GRC,RUS,6581
104,186,1074,1971,33190736,0,0.28820999999999997,0.790629,IND,RUS,6581
111,186,1074,1971,0,15041,2.039661,1.10519,ITA,RUS,6581
114,186,1074,1971,38317,0,1.862756,2.170372,JPN,RUS,6581
141,186,1074,1971,0,1272,-0.809425,-0.9098719999999999,MLI,RUS,6581
191,186,1074,1971,0,2884,-0.100347,-0.469422,SEN,RUS,6581
215,186,1074,1971,0,1616,-0.072395,-0.37341199999999997,TGO,RUS,6581
14,192,1074,1971,980,8635,0.019735,0.02329,AUS,SGP,6581
34,192,1074,1971,0,1010,-0.394928,-0.213258,BRN,SGP,6581
56,192,1074,1971,0,75710,-0.00542,-0.278124,CXR,SGP,6581
61,192,1074,1971,1280,739,2.304817,-1.885431,DEU,SGP,6581
81,192,1074,1971,1422,22688,2.1646669999999997,0.034970999999999995,GBR,SGP,6581
97,192,1074,1971,159451,65489,1.4643760000000001,1.159238,HKG,SGP,6581
103,192,1074,1971,0,1084119,-1.335787,-0.813966,IDN,SGP,6581
104,192,1074,1971,148076,0,0.28820999999999997,0.790629,IND,SGP,6581
110,192,1074,1971,0,20050,0.8357530000000001,0.8589479999999999,ISR,SGP,6581
113,192,1074,1971,0,2373,0.344856,-0.11885699999999999,JOR,SGP,6581
114,192,1074,1971,36317,0,1.862756,2.170372,JPN,SGP,6581
122,192,1074,1971,0,15525,-0.589441,-0.5007699999999999,KWT,SGP,6581
123,192,1074,1971,0,95847,-1.248427,-0.821947,LAO,SGP,6581
128,192,1074,1971,0,24446,-1.144836,-0.753853,LKA,SGP,6581
147,192,1074,1971,0,8508,-0.670024,-0.6290560000000001,MOZ,SGP,6581
153,192,1074,1971,603886,109580,-0.636547,-0.648471,MYS,SGP,6581
162,192,1074,1971,0,7103,1.3564690000000001,2.749828,NLD,SGP,6581
164,192,1074,1971,72679,0,-0.486012,-0.640524,NPL,SGP,6581
168,192,1074,1971,42598,0,-0.160556,-0.48263,PAK,SGP,6581
176,192,1074,1971,0,1343,-0.222694,-0.396214,PNG,SGP,6581
199,192,1074,1971,0,7462,-0.269276,-0.557816,SOM,SGP,6581
216,192,1074,1971,764562,78122,-0.767467,-0.557866,THA,SGP,6581
220,192,1074,1971,0,34190,-1.4019409999999999,-0.689455,TLS,SGP,6581
231,192,1074,1971,1882,0,1.873357,1.848336,USA,SGP,6581
239,192,1074,1971,0,243735,0.07082100000000001,-0.296412,VNM,SGP,6581
240,192,1074,1971,0,1969,-0.863718,-0.633566,VUT,SGP,6581
247,192,1074,1971,0,53726,-0.8803290000000001,-0.7895399999999999,ZMB,SGP,6581
249,192,1074,1971,0,1627,1.123146,1.440067,TWN,SGP,6581
15,208,1074,1971,3261,0,1.984568,0.9571209999999999,AUT,SWE,6581
18,208,1074,1971,9948,0,1.495689,2.262083,BEL,SWE,6581
41,208,1074,1971,0,1185,2.242028,1.9425029999999999,CHE,SWE,6581
53,208,1074,1971,28529,0,1.7241369999999998,2.76252,CSK,SWE,6581
58,208,1074,1971,0,2435,0.266353,-0.404526,CYP,SWE,6581
61,208,1074,1971,110431,11531,2.304817,-1.885431,DEU,SWE,6581
64,208,1074,1971,113828,6598,1.5224870000000001,2.45498,DNK,SWE,6581
66,208,1074,1971,0,878,-0.42629399999999995,-0.612192,DZA,SWE,6581
71,208,1074,1971,0,1615,0.9618040000000001,1.789808,ESP,SWE,6581
74,208,1074,1971,1213,55793,1.382261,1.410232,FIN,SWE,6581
77,208,1074,1971,10247,8062,1.7299959999999999,1.562786,FRA,SWE,6581
81,208,1074,1971,48858,57561,2.1646669999999997,0.034970999999999995,GBR,SWE,6581
97,208,1074,1971,135415,0,1.4643760000000001,1.159238,HKG,SWE,6581
102,208,1074,1971,0,1027,0.8639760000000001,1.2125059999999999,HUN,SWE,6581
104,208,1074,1971,275488,0,0.28820999999999997,0.790629,IND,SWE,6581
110,208,1074,1971,0,17884,0.8357530000000001,0.8589479999999999,ISR,SWE,6581
111,208,1074,1971,1125,0,2.039661,1.10519,ITA,SWE,6581
114,208,1074,1971,4636,0,1.862756,2.170372,JPN,SWE,6581
122,208,1074,1971,0,5072,-0.589441,-0.5007699999999999,KWT,SWE,6581
162,208,1074,1971,4027,60439,1.3564690000000001,2.749828,NLD,SWE,6581
163,208,1074,1971,17792,4691,1.297569,1.870238,NOR,SWE,6581
168,208,1074,1971,62335,0,-0.160556,-0.48263,PAK,SWE,6581
174,208,1074,1971,0,7810,-0.39003899999999997,-0.709147,PHL,SWE,6581
177,208,1074,1971,127908,0,0.8294520000000001,1.636849,POL,SWE,6581
179,208,1074,1971,250236,1389,0.9233389999999999,1.184635,PRT,SWE,6581
231,208,1074,1971,3091,8992,1.873357,1.848336,USA,SWE,6581
14,216,1074,1971,0,2688281,0.019735,0.02329,AUS,THA,6581
15,216,1074,1971,0,2126,1.984568,0.9571209999999999,AUT,THA,6581
18,216,1074,1971,0,83438,1.495689,2.262083,BEL,THA,6581
41,216,1074,1971,0,55157,2.242028,1.9425029999999999,CHE,THA,6581
61,216,1074,1971,0,388724,2.304817,-1.885431,DEU,THA,6581
71,216,1074,1971,0,4856,0.9618040000000001,1.789808,ESP,THA,6581
75,216,1074,1971,0,30980,0.057053,-0.490021,FJI,THA,6581
77,216,1074,1971,3762,59920,1.7299959999999999,1.562786,FRA,THA,6581
81,216,1074,1971,0,48483,2.1646669999999997,0.034970999999999995,GBR,THA,6581
90,216,1074,1971,0,23347,0.373161,0.153613,GRC,THA,6581
97,216,1074,1971,13275,73972,1.4643760000000001,1.159238,HKG,THA,6581
103,216,1074,1971,0,427059,-1.335787,-0.813966,IDN,THA,6581
104,216,1074,1971,7187,14965,0.28820999999999997,0.790629,IND,THA,6581
110,216,1074,1971,0,63085,0.8357530000000001,0.8589479999999999,ISR,THA,6581
111,216,1074,1971,0,66122,2.039661,1.10519,ITA,THA,6581
122,216,1074,1971,0,5644,-0.589441,-0.5007699999999999,KWT,THA,6581
123,216,1074,1971,1512,1074134,-1.248427,-0.821947,LAO,THA,6581
128,216,1074,1971,0,165802,-1.144836,-0.753853,LKA,THA,6581
147,216,1074,1971,0,406020,-0.670024,-0.6290560000000001,MOZ,THA,6581
148,216,1074,1971,0,3818,-0.791432,-0.798547,MRT,THA,6581
153,216,1074,1971,2375,45477,-0.636547,-0.648471,MYS,THA,6581
162,216,1074,1971,0,46614,1.3564690000000001,2.749828,NLD,THA,6581
166,216,1074,1971,0,188647,0.188851,-0.346439,NZL,THA,6581
184,216,1074,1971,0,14783,-1.004604,-0.44332,REU,THA,6581
188,216,1074,1971,0,21206,-1.370577,-0.556488,SAU,THA,6581
191,216,1074,1971,0,56049,-0.100347,-0.469422,SEN,THA,6581
192,216,1074,1971,78122,764562,0.540057,0.9167700000000001,SGP,THA,6581
211,216,1074,1971,0,8388,-1.0993899999999999,-0.627599,SYC,THA,6581
231,216,1074,1971,0,131120,1.873357,1.848336,USA,THA,6581
246,216,1074,1971,0,1419490,-0.285408,-0.146573,ZAF,THA,6581
249,216,1074,1971,0,26454,1.123146,1.440067,TWN,THA,6581
2,231,1074,1971,0,3357,-1.208704,-0.854866,AGO,USA,6581
6,231,1074,1971,0,5018,0.890891,0.10081699999999999,ANT,USA,6581
14,231,1074,1971,17794,18364,0.019735,0.02329,AUS,USA,6581
15,231,1074,1971,2020,0,1.984568,0.9571209999999999,AUT,USA,6581
18,231,1074,1971,1050096,0,1.495689,2.262083,BEL,USA,6581
21,231,1074,1971,0,48925,-0.45178900000000005,-0.710649,BFA,USA,6581
24,231,1074,1971,0,3247,0.811757,-0.086967,BHR,USA,6581
25,231,1074,1971,0,7645,0.356122,-0.181398,BHS,USA,6581
29,231,1074,1971,0,13486,0.194858,-0.679845,BLZ,USA,6581
30,231,1074,1971,0,7288,0.637919,0.031731999999999996,BMU,USA,6581
31,231,1074,1971,0,4691,-0.578729,-0.640841,BOL,USA,6581
32,231,1074,1971,7571,7345,-0.326897,-0.229088,BRA,USA,6581
39,231,1074,1971,328366,185317,0.543049,0.772374,CAN,USA,6581
42,231,1074,1971,0,2032,-0.231579,-0.6383479999999999,CHL,USA,6581
49,231,1074,1971,1031,27234,-0.114488,-0.492489,COL,USA,6581
52,231,1074,1971,0,53937,0.9643510000000001,0.613066,CRI,USA,6581
61,231,1074,1971,8041,34230,2.304817,-1.885431,DEU,USA,6581
64,231,1074,1971,20367,3728,1.5224870000000001,2.45498,DNK,USA,6581
65,231,1074,1971,0,146059,-0.236627,-0.716432,DOM,USA,6581
66,231,1074,1971,0,5147,-0.42629399999999995,-0.612192,DZA,USA,6581
67,231,1074,1971,0,2193,-0.8731540000000001,-0.931018,ECU,USA,6581
71,231,1074,1971,1832,20651,0.9618040000000001,1.789808,ESP,USA,6581
77,231,1074,1971,57643,20475,1.7299959999999999,1.562786,FRA,USA,6581
81,231,1074,1971,17516,3564,2.1646669999999997,0.034970999999999995,GBR,USA,6581
90,231,1074,1971,5985,0,0.373161,0.153613,GRC,USA,6581
96,231,1074,1971,0,111460,0.006441,-0.42498800000000003,GUY,USA,6581
97,231,1074,1971,2175,6420,1.4643760000000001,1.159238,HKG,USA,6581
101,231,1074,1971,0,129442,0.47879399999999994,-0.145479,HTI,USA,6581
102,231,1074,1971,0,1320,0.8639760000000001,1.2125059999999999,HUN,USA,6581
103,231,1074,1971,0,10919,-1.335787,-0.813966,IDN,USA,6581
104,231,1074,1971,172004,30790,0.28820999999999997,0.790629,IND,USA,6581
109,231,1074,1971,0,1024,0.12083900000000002,-0.37900100000000003,ISL,USA,6581
110,231,1074,1971,0,240963,0.8357530000000001,0.8589479999999999,ISR,USA,6581
111,231,1074,1971,5102,3449,2.039661,1.10519,ITA,USA,6581
112,231,1074,1971,0,37349,0.283952,-0.541592,JAM,USA,6581
114,231,1074,1971,49194,1252,1.862756,2.170372,JPN,USA,6581
118,231,1074,1971,0,24501,-0.868826,-0.796129,KHM,USA,6581
120,231,1074,1971,0,1086,0.8502790000000001,-0.07904800000000001,KNA,USA,6581
121,231,1074,1971,48516,18859,0.804658,0.44236899999999996,KOR,USA,6581
123,231,1074,1971,0,12248,-1.248427,-0.821947,LAO,USA,6581
124,231,1074,1971,9603,12522,0.6515989999999999,1.542378,LBN,USA,6581
125,231,1074,1971,0,50809,-0.877289,-0.5771,LBR,USA,6581
126,231,1074,1971,0,2626,-2.1829009999999998,-0.541129,LBY,USA,6581
134,231,1074,1971,0,247217,-0.016735,-0.41776599999999997,MAR,USA,6581
136,231,1074,1971,2408,0,-0.819129,-0.765004,MDG,USA,6581
138,231,1074,1971,2170,687354,0.694692,1.631725,MEX,USA,6581
141,231,1074,1971,0,113415,-0.809425,-0.9098719999999999,MLI,USA,6581
148,231,1074,1971,0,8489,-0.791432,-0.798547,MRT,USA,6581
157,231,1074,1971,0,2272,-0.8275610000000001,-0.747424,NER,USA,6581
159,231,1074,1971,0,1380,-1.6915639999999998,-0.8931879999999999,NGA,USA,6581
160,231,1074,1971,0,3017,0.21678699999999998,-0.085482,NIC,USA,6581
162,231,1074,1971,51521,3242,1.3564690000000001,2.749828,NLD,USA,6581
163,231,1074,1971,0,2343,1.297569,1.870238,NOR,USA,6581
166,231,1074,1971,0,3612,0.188851,-0.346439,NZL,USA,6581
168,231,1074,1971,77549,0,-0.160556,-0.48263,PAK,USA,6581
169,231,1074,1971,0,5657,0.641183,-0.062375,PAN,USA,6581
170,231,1074,1971,0,13287,-0.41443800000000003,-0.593008,PCI,USA,6581
173,231,1074,1971,0,17109,-0.7457020000000001,-0.882229,PER,USA,6581
174,231,1074,1971,2602,0,-0.39003899999999997,-0.709147,PHL,USA,6581
179,231,1074,1971,6266,21716,0.9233389999999999,1.184635,PRT,USA,6581
188,231,1074,1971,0,30992,-1.370577,-0.556488,SAU,USA,6581
190,231,1074,1971,7172,0,-1.375243,-0.9691209999999999,SDN,USA,6581
191,231,1074,1971,0,74916,-0.100347,-0.469422,SEN,USA,6581
192,231,1074,1971,0,1882,0.540057,0.9167700000000001,SGP,USA,6581
196,231,1074,1971,0,56030,-0.9423530000000001,-0.7621220000000001,SLE,USA,6581
197,231,1074,1971,1285,40818,0.807056,0.476688,SLV,USA,6581
208,231,1074,1971,8992,3091,2.190846,2.570859,SWE,USA,6581
215,231,1074,1971,0,5015,-0.072395,-0.37341199999999997,TGO,USA,6581
216,231,1074,1971,131120,0,-0.767467,-0.557866,THA,USA,6581
222,231,1074,1971,0,48431,0.6038479999999999,-0.19159,TTO,USA,6581
223,231,1074,1971,0,4367,-0.28817,-0.6084189999999999,TUN,USA,6581
236,231,1074,1971,0,9310,-0.9655290000000001,-0.651151,VEN,USA,6581
238,231,1074,1971,0,1722,0.806248,-0.070153,VIR,USA,6581
239,231,1074,1971,0,910893,0.07082100000000001,-0.296412,VNM,USA,6581
245,231,1074,1971,625161,14798,1.106614,2.43735,YUG,USA,6581
249,231,1074,1971,1284,0,1.123146,1.440067,TWN,USA,6581
8,249,1074,1971,0,69523,0.0024230000000000002,0.084024,ARG,TWN,6581
14,249,1074,1971,0,367002,0.019735,0.02329,AUS,TWN,6581
18,249,1074,1971,114876,0,1.495689,2.262083,BEL,TWN,6581
39,249,1074,1971,0,8246,0.543049,0.772374,CAN,TWN,6581
42,249,1074,1971,0,99099,-0.231579,-0.6383479999999999,CHL,TWN,6581
61,249,1074,1971,0,149053,2.304817,-1.885431,DEU,TWN,6581
71,249,1074,1971,0,7110,0.9618040000000001,1.789808,ESP,TWN,6581
77,249,1074,1971,0,80120,1.7299959999999999,1.562786,FRA,TWN,6581
97,249,1074,1971,0,80762,1.4643760000000001,1.159238,HKG,TWN,6581
103,249,1074,1971,2941,36363,-1.335787,-0.813966,IDN,TWN,6581
108,249,1074,1971,5587,0,-0.5225569999999999,-0.438028,IRQ,TWN,6581
110,249,1074,1971,0,3226,0.8357530000000001,0.8589479999999999,ISR,TWN,6581
114,249,1074,1971,0,22388,1.862756,2.170372,JPN,TWN,6581
138,249,1074,1971,0,9867,0.694692,1.631725,MEX,TWN,6581
151,249,1074,1971,0,1401,-0.592737,-0.767588,MUS,TWN,6581
153,249,1074,1971,0,18952,-0.636547,-0.648471,MYS,TWN,6581
159,249,1074,1971,0,75489,-1.6915639999999998,-0.8931879999999999,NGA,TWN,6581
162,249,1074,1971,0,59678,1.3564690000000001,2.749828,NLD,TWN,6581
192,249,1074,1971,1627,0,0.540057,0.9167700000000001,SGP,TWN,6581
216,249,1074,1971,26454,0,-0.767467,-0.557866,THA,TWN,6581
231,249,1074,1971,0,1284,1.873357,1.848336,USA,TWN,6581
246,249,1074,1971,0,24998,-0.285408,-0.146573,ZAF,TWN,6581
250,249,1074,1971,1285,0,0.740793,0.11133,ANS,TWN,6581
14,250,1074,1971,0,2040,0.019735,0.02329,AUS,ANS,6581
18,250,1074,1971,3159,0,1.495689,2.262083,BEL,ANS,6581
21,250,1074,1971,0,1137,-0.45178900000000005,-0.710649,BFA,ANS,6581
44,250,1074,1971,0,20195,-0.719483,-0.700326,CIV,ANS,6581
58,250,1074,1971,0,3710,0.266353,-0.404526,CYP,ANS,6581
64,250,1074,1971,0,1538,1.5224870000000001,2.45498,DNK,ANS,6581
66,250,1074,1971,0,1522,-0.42629399999999995,-0.612192,DZA,ANS,6581
71,250,1074,1971,2102,4292,0.9618040000000001,1.789808,ESP,ANS,6581
77,250,1074,1971,2190,4002,1.7299959999999999,1.562786,FRA,ANS,6581
81,250,1074,1971,3113,1921,2.1646669999999997,0.034970999999999995,GBR,ANS,6581
88,250,1074,1971,0,3700,-0.8342940000000001,-0.728585,GNB,ANS,6581
97,250,1074,1971,7646,0,1.4643760000000001,1.159238,HKG,ANS,6581
103,250,1074,1971,0,1456,-1.335787,-0.813966,IDN,ANS,6581
104,250,1074,1971,109375,0,0.28820999999999997,0.790629,IND,ANS,6581
106,250,1074,1971,0,1487,1.0895219999999999,1.885416,IRL,ANS,6581
110,250,1074,1971,0,3070,0.8357530000000001,0.8589479999999999,ISR,ANS,6581
111,250,1074,1971,5248,1046,2.039661,1.10519,ITA,ANS,6581
114,250,1074,1971,10354,32013,1.862756,2.170372,JPN,ANS,6581
124,250,1074,1971,6987,0,0.6515989999999999,1.542378,LBN,ANS,6581
138,250,1074,1971,0,2413,0.694692,1.631725,MEX,ANS,6581
157,250,1074,1971,0,2103,-0.8275610000000001,-0.747424,NER,ANS,6581
162,250,1074,1971,2039,2110,1.3564690000000001,2.749828,NLD,ANS,6581
166,250,1074,1971,0,8326,0.188851,-0.346439,NZL,ANS,6581
168,250,1074,1971,263525,0,-0.160556,-0.48263,PAK,ANS,6581
169,250,1074,1971,2688,0,0.641183,-0.062375,PAN,ANS,6581
179,250,1074,1971,24086,63539,0.9233389999999999,1.184635,PRT,ANS,6581
191,250,1074,1971,1191,2774,-0.100347,-0.469422,SEN,ANS,6581
222,250,1074,1971,1059,1324,0.6038479999999999,-0.19159,TTO,ANS,6581
249,250,1074,1971,0,1285,1.123146,1.440067,TWN,ANS,6581
49,6,1074,1971,3824,0,-0.114488,-0.492489,COL,ANT,6581
77,6,1074,1971,4098,0,1.7299959999999999,1.562786,FRA,ANT,6581
104,6,1074,1971,25389,0,0.28820999999999997,0.790629,IND,ANT,6581
162,6,1074,1971,1061,0,1.3564690000000001,2.749828,NLD,ANT,6581
231,6,1074,1971,5018,0,1.873357,1.848336,USA,ANT,6581
18,32,1074,1971,8654,0,1.495689,2.262083,BEL,BRA,6581
31,32,1074,1971,0,54808,-0.578729,-0.640841,BOL,BRA,6581
41,32,1074,1971,0,5891,2.242028,1.9425029999999999,CHE,BRA,6581
42,32,1074,1971,0,7515,-0.231579,-0.6383479999999999,CHL,BRA,6581
44,32,1074,1971,0,25507,-0.719483,-0.700326,CIV,BRA,6581
61,32,1074,1971,4982,0,2.304817,-1.885431,DEU,BRA,6581
66,32,1074,1971,0,36644,-0.42629399999999995,-0.612192,DZA,BRA,6581
71,32,1074,1971,52528,87136,0.9618040000000001,1.789808,ESP,BRA,6581
77,32,1074,1971,40368,49086,1.7299959999999999,1.562786,FRA,BRA,6581
81,32,1074,1971,2500,0,2.1646669999999997,0.034970999999999995,GBR,BRA,6581
90,32,1074,1971,0,4076,0.373161,0.153613,GRC,BRA,6581
97,32,1074,1971,0,15831,1.4643760000000001,1.159238,HKG,BRA,6581
111,32,1074,1971,0,1417,2.039661,1.10519,ITA,BRA,6581
114,32,1074,1971,1159,0,1.862756,2.170372,JPN,BRA,6581
134,32,1074,1971,0,6551,-0.016735,-0.41776599999999997,MAR,BRA,6581
162,32,1074,1971,11515,0,1.3564690000000001,2.749828,NLD,BRA,6581
179,32,1074,1971,1368,86266,0.9233389999999999,1.184635,PRT,BRA,6581
180,32,1074,1971,0,8161,-0.48826,-0.712018,PRY,BRA,6581
184,32,1074,1971,0,5934,-1.004604,-0.44332,REU,BRA,6581
191,32,1074,1971,0,35377,-0.100347,-0.469422,SEN,BRA,6581
231,32,1074,1971,7345,7571,1.873357,1.848336,USA,BRA,6581
21,44,1074,1971,1574,8778,-0.45178900000000005,-0.710649,BFA,CIV,6581
32,44,1074,1971,25507,0,-0.326897,-0.229088,BRA,CIV,6581
53,44,1074,1971,0,10931,1.7241369999999998,2.76252,CSK,CIV,6581
61,44,1074,1971,7425,0,2.304817,-1.885431,DEU,CIV,6581
66,44,1074,1971,0,9385,-0.42629399999999995,-0.612192,DZA,CIV,6581
68,44,1074,1971,12606,0,0.192492,-0.374212,EGY,CIV,6581
71,44,1074,1971,9242,0,0.9618040000000001,1.789808,ESP,CIV,6581
77,44,1074,1971,221958,98827,1.7299959999999999,1.562786,FRA,CIV,6581
83,44,1074,1971,112339,0,-0.948254,-0.880582,GHA,CIV,6581
90,44,1074,1971,0,4255,0.373161,0.153613,GRC,CIV,6581
104,44,1074,1971,1005,0,0.28820999999999997,0.790629,IND,CIV,6581
111,44,1074,1971,123420,0,2.039661,1.10519,ITA,CIV,6581
136,44,1074,1971,22784,0,-0.819129,-0.765004,MDG,CIV,6581
157,44,1074,1971,8217,0,-0.8275610000000001,-0.747424,NER,CIV,6581
162,44,1074,1971,258307,0,1.3564690000000001,2.749828,NLD,CIV,6581
168,44,1074,1971,26671,0,-0.160556,-0.48263,PAK,CIV,6581
186,44,1074,1971,7786,0,0.42000600000000005,0.512301,RUS,CIV,6581
191,44,1074,1971,291496,1128,-0.100347,-0.469422,SEN,CIV,6581
245,44,1074,1971,3234,0,1.106614,2.43735,YUG,CIV,6581
250,44,1074,1971,20195,0,0.740793,0.11133,ANS,CIV,6581
2,46,1074,1971,1096,0,-1.208704,-0.854866,AGO,COD,6581
18,46,1074,1971,58694,0,1.495689,2.262083,BEL,COD,6581
61,46,1074,1971,1008,0,2.304817,-1.885431,DEU,COD,6581
71,46,1074,1971,0,1208,0.9618040000000001,1.789808,ESP,COD,6581
77,46,1074,1971,32725,6549,1.7299959999999999,1.562786,FRA,COD,6581
104,46,1074,1971,1716,0,0.28820999999999997,0.790629,IND,COD,6581
111,46,1074,1971,22562,0,2.039661,1.10519,ITA,COD,6581
148,46,1074,1971,2471,0,-0.791432,-0.798547,MRT,COD,6581
162,46,1074,1971,1840,0,1.3564690000000001,2.749828,NLD,COD,6581
179,46,1074,1971,1991,0,0.9233389999999999,1.184635,PRT,COD,6581
88,51,1074,1971,0,3903,-0.8342940000000001,-0.728585,GNB,CPV,6581
179,51,1074,1971,54415,0,0.9233389999999999,1.184635,PRT,CPV,6581
2,71,1074,1971,52349,1453,-1.208704,-0.854866,AGO,ESP,6581
8,71,1074,1971,21511,0,0.0024230000000000002,0.084024,ARG,ESP,6581
14,71,1074,1971,4077,0,0.019735,0.02329,AUS,ESP,6581
18,71,1074,1971,15766,1902,1.495689,2.262083,BEL,ESP,6581
23,71,1074,1971,4518,0,0.65271,1.027758,BGR,ESP,6581
31,71,1074,1971,3173,0,-0.578729,-0.640841,BOL,ESP,6581
32,71,1074,1971,87136,52528,-0.326897,-0.229088,BRA,ESP,6581
39,71,1074,1971,10414,1136,0.543049,0.772374,CAN,ESP,6581
41,71,1074,1971,2023,0,2.242028,1.9425029999999999,CHE,ESP,6581
42,71,1074,1971,4607,0,-0.231579,-0.6383479999999999,CHL,ESP,6581
44,71,1074,1971,0,9242,-0.719483,-0.700326,CIV,ESP,6581
46,71,1074,1971,1208,0,-1.16333,-0.708263,COD,ESP,6581
49,71,1074,1971,31365,0,-0.114488,-0.492489,COL,ESP,6581
53,71,1074,1971,1223,0,1.7241369999999998,2.76252,CSK,ESP,6581
54,71,1074,1971,76971,0,0.12061400000000001,-0.6260180000000001,CUB,ESP,6581
61,71,1074,1971,10074,1647,2.304817,-1.885431,DEU,ESP,6581
64,71,1074,1971,10702,2654,1.5224870000000001,2.45498,DNK,ESP,6581
65,71,1074,1971,1075,0,-0.236627,-0.716432,DOM,ESP,6581
66,71,1074,1971,5613,133266,-0.42629399999999995,-0.612192,DZA,ESP,6581
67,71,1074,1971,1348,0,-0.8731540000000001,-0.931018,ECU,ESP,6581
73,71,1074,1971,3446,0,-0.9625530000000001,-0.946401,ETH,ESP,6581
77,71,1074,1971,103726,14838,1.7299959999999999,1.562786,FRA,ESP,6581
81,71,1074,1971,19595,13711,2.1646669999999997,0.034970999999999995,GBR,ESP,6581
87,71,1074,1971,0,8871,-1.1802700000000002,-0.49359200000000003,GMB,ESP,6581
88,71,1074,1971,0,5962,-0.8342940000000001,-0.728585,GNB,ESP,6581
89,71,1074,1971,65597,336394,-1.312081,-0.46562200000000004,GNQ,ESP,6581
90,71,1074,1971,3172,0,0.373161,0.153613,GRC,ESP,6581
93,71,1074,1971,7558,0,0.513422,0.31249099999999996,GTM,ESP,6581
102,71,1074,1971,0,6175,0.8639760000000001,1.2125059999999999,HUN,ESP,6581
104,71,1074,1971,8264,0,0.28820999999999997,0.790629,IND,ESP,6581
106,71,1074,1971,4738,0,1.0895219999999999,1.885416,IRL,ESP,6581
107,71,1074,1971,1402,0,-0.7509680000000001,-0.721083,IRN,ESP,6581
110,71,1074,1971,0,12174,0.8357530000000001,0.8589479999999999,ISR,ESP,6581
111,71,1074,1971,7301,6059,2.039661,1.10519,ITA,ESP,6581
113,71,1074,1971,0,6334,0.344856,-0.11885699999999999,JOR,ESP,6581
114,71,1074,1971,2020,3064,1.862756,2.170372,JPN,ESP,6581
124,71,1074,1971,1668,56815,0.6515989999999999,1.542378,LBN,ESP,6581
125,71,1074,1971,2098,1059,-0.877289,-0.5771,LBR,ESP,6581
134,71,1074,1971,21285,0,-0.016735,-0.41776599999999997,MAR,ESP,6581
136,71,1074,1971,1501,0,-0.819129,-0.765004,MDG,ESP,6581
138,71,1074,1971,31979,0,0.694692,1.631725,MEX,ESP,6581
143,71,1074,1971,1929,0,-1.229963,-0.835765,MMR,ESP,6581
147,71,1074,1971,13840,0,-0.670024,-0.6290560000000001,MOZ,ESP,6581
152,71,1074,1971,2057,0,-0.435749,-0.6851649999999999,MWI,ESP,6581
153,71,1074,1971,8658,0,-0.636547,-0.648471,MYS,ESP,6581
159,71,1074,1971,2908,0,-1.6915639999999998,-0.8931879999999999,NGA,ESP,6581
162,71,1074,1971,11195,111154,1.3564690000000001,2.749828,NLD,ESP,6581
163,71,1074,1971,131171,0,1.297569,1.870238,NOR,ESP,6581
168,71,1074,1971,4592,0,-0.160556,-0.48263,PAK,ESP,6581
173,71,1074,1971,7409,0,-0.7457020000000001,-0.882229,PER,ESP,6581
177,71,1074,1971,6104,0,0.8294520000000001,1.636849,POL,ESP,6581
179,71,1074,1971,77934,12322,0.9233389999999999,1.184635,PRT,ESP,6581
186,71,1074,1971,1598,0,0.42000600000000005,0.512301,RUS,ESP,6581
190,71,1074,1971,5036,0,-1.375243,-0.9691209999999999,SDN,ESP,6581
191,71,1074,1971,3049,16411,-0.100347,-0.469422,SEN,ESP,6581
196,71,1074,1971,3874,0,-0.9423530000000001,-0.7621220000000001,SLE,ESP,6581
208,71,1074,1971,1615,0,2.190846,2.570859,SWE,ESP,6581
216,71,1074,1971,4856,0,-0.767467,-0.557866,THA,ESP,6581
223,71,1074,1971,1305,219266,-0.28817,-0.6084189999999999,TUN,ESP,6581
224,71,1074,1971,8726,0,-0.443655,-0.521285,TUR,ESP,6581
226,71,1074,1971,5380,0,-1.246843,-0.9062180000000001,TZA,ESP,6581
227,71,1074,1971,12032,0,-1.491473,-0.924457,UGA,ESP,6581
231,71,1074,1971,20651,1832,1.873357,1.848336,USA,ESP,6581
245,71,1074,1971,0,3508,1.106614,2.43735,YUG,ESP,6581
246,71,1074,1971,69248,0,-0.285408,-0.146573,ZAF,ESP,6581
249,71,1074,1971,7110,0,1.123146,1.440067,TWN,ESP,6581
250,71,1074,1971,4292,2102,0.740793,0.11133,ANS,ESP,6581
41,74,1074,1971,1358,0,2.242028,1.9425029999999999,CHE,FIN,6581
61,74,1074,1971,2009,0,2.304817,-1.885431,DEU,FIN,6581
64,74,1074,1971,6437,0,1.5224870000000001,2.45498,DNK,FIN,6581
77,74,1074,1971,2336,0,1.7299959999999999,1.562786,FRA,FIN,6581
81,74,1074,1971,1154,0,2.1646669999999997,0.034970999999999995,GBR,FIN,6581
97,74,1074,1971,38858,0,1.4643760000000001,1.159238,HKG,FIN,6581
104,74,1074,1971,19755,0,0.28820999999999997,0.790629,IND,FIN,6581
110,74,1074,1971,0,1352,0.8357530000000001,0.8589479999999999,ISR,FIN,6581
162,74,1074,1971,13597,30807,1.3564690000000001,2.749828,NLD,FIN,6581
163,74,1074,1971,4659,0,1.297569,1.870238,NOR,FIN,6581
179,74,1074,1971,25779,0,0.9233389999999999,1.184635,PRT,FIN,6581
208,74,1074,1971,55793,1213,2.190846,2.570859,SWE,FIN,6581
45,80,1074,1971,1565,0,-0.735506,-0.605363,CMR,GAB,6581
61,80,1074,1971,0,2668,2.304817,-1.885431,DEU,GAB,6581
77,80,1074,1971,52227,2291,1.7299959999999999,1.562786,FRA,GAB,6581
162,80,1074,1971,0,11704,1.3564690000000001,2.749828,NLD,GAB,6581
168,80,1074,1971,18904,0,-0.160556,-0.48263,PAK,GAB,6581
191,80,1074,1971,14047,0,-0.100347,-0.469422,SEN,GAB,6581
77,85,1074,1971,8862,1490,1.7299959999999999,1.562786,FRA,GIN,6581
104,85,1074,1971,689843,0,0.28820999999999997,0.790629,IND,GIN,6581
111,85,1074,1971,14331,0,2.039661,1.10519,ITA,GIN,6581
114,85,1074,1971,37488,0,1.862756,2.170372,JPN,GIN,6581
121,85,1074,1971,65287,0,0.804658,0.44236899999999996,KOR,GIN,6581
191,85,1074,1971,7427,0,-0.100347,-0.469422,SEN,GIN,6581
39,88,1074,1971,1942,0,0.543049,0.772374,CAN,GNB,6581
51,88,1074,1971,3903,0,-0.534125,-0.787696,CPV,GNB,6581
68,88,1074,1971,8014,0,0.192492,-0.374212,EGY,GNB,6581
71,88,1074,1971,5962,0,0.9618040000000001,1.789808,ESP,GNB,6581
77,88,1074,1971,6069,0,1.7299959999999999,1.562786,FRA,GNB,6581
111,88,1074,1971,65033,0,2.039661,1.10519,ITA,GNB,6581
179,88,1074,1971,15394,23340,0.9233389999999999,1.184635,PRT,GNB,6581
250,88,1074,1971,3700,0,0.740793,0.11133,ANS,GNB,6581
18,103,1074,1971,23541,0,1.495689,2.262083,BEL,IDN,6581
61,103,1074,1971,4088,0,2.304817,-1.885431,DEU,IDN,6581
77,103,1074,1971,89876,1091,1.7299959999999999,1.562786,FRA,IDN,6581
97,103,1074,1971,372283,0,1.4643760000000001,1.159238,HKG,IDN,6581
104,103,1074,1971,159963,0,0.28820999999999997,0.790629,IND,IDN,6581
114,103,1074,1971,290436,0,1.862756,2.170372,JPN,IDN,6581
153,103,1074,1971,136539,0,-0.636547,-0.648471,MYS,IDN,6581
162,103,1074,1971,8351,0,1.3564690000000001,2.749828,NLD,IDN,6581
168,103,1074,1971,27057,0,-0.160556,-0.48263,PAK,IDN,6581
192,103,1074,1971,1084119,0,0.540057,0.9167700000000001,SGP,IDN,6581
216,103,1074,1971,427059,0,-0.767467,-0.557866,THA,IDN,6581
231,103,1074,1971,10919,0,1.873357,1.848336,USA,IDN,6581
249,103,1074,1971,36363,2941,1.123146,1.440067,TWN,IDN,6581
250,103,1074,1971,1456,0,0.740793,0.11133,ANS,IDN,6581
14,110,1074,1971,2816,0,0.019735,0.02329,AUS,ISR,6581
18,110,1074,1971,70011,0,1.495689,2.262083,BEL,ISR,6581
41,110,1074,1971,50418,0,2.242028,1.9425029999999999,CHE,ISR,6581
61,110,1074,1971,49484,0,2.304817,-1.885431,DEU,ISR,6581
71,110,1074,1971,12174,0,0.9618040000000001,1.789808,ESP,ISR,6581
74,110,1074,1971,1352,0,1.382261,1.410232,FIN,ISR,6581
77,110,1074,1971,182276,5997,1.7299959999999999,1.562786,FRA,ISR,6581
81,110,1074,1971,321250,0,2.1646669999999997,0.034970999999999995,GBR,ISR,6581
97,110,1074,1971,1269,0,1.4643760000000001,1.159238,HKG,ISR,6581
102,110,1074,1971,11064,0,0.8639760000000001,1.2125059999999999,HUN,ISR,6581
111,110,1074,1971,2496,0,2.039661,1.10519,ITA,ISR,6581
114,110,1074,1971,4210,0,1.862756,2.170372,JPN,ISR,6581
162,110,1074,1971,217058,0,1.3564690000000001,2.749828,NLD,ISR,6581
163,110,1074,1971,2929,0,1.297569,1.870238,NOR,ISR,6581
174,110,1074,1971,22784,0,-0.39003899999999997,-0.709147,PHL,ISR,6581
179,110,1074,1971,0,8579,0.9233389999999999,1.184635,PRT,ISR,6581
192,110,1074,1971,20050,0,0.540057,0.9167700000000001,SGP,ISR,6581
208,110,1074,1971,17884,0,2.190846,2.570859,SWE,ISR,6581
216,110,1074,1971,63085,0,-0.767467,-0.557866,THA,ISR,6581
231,110,1074,1971,240963,0,1.873357,1.848336,USA,ISR,6581
249,110,1074,1971,3226,0,1.123146,1.440067,TWN,ISR,6581
250,110,1074,1971,3070,0,0.740793,0.11133,ANS,ISR,6581
97,133,1074,1971,0,32766,1.4643760000000001,1.159238,HKG,MAC,6581
2,147,1074,1971,0,2356,-1.208704,-0.854866,AGO,MOZ,6581
71,147,1074,1971,0,13840,0.9618040000000001,1.789808,ESP,MOZ,6581
77,147,1074,1971,7958,7081,1.7299959999999999,1.562786,FRA,MOZ,6581
97,147,1074,1971,235322,0,1.4643760000000001,1.159238,HKG,MOZ,6581
104,147,1074,1971,653103,0,0.28820999999999997,0.790629,IND,MOZ,6581
114,147,1074,1971,19275,0,1.862756,2.170372,JPN,MOZ,6581
134,147,1074,1971,0,1288,-0.016735,-0.41776599999999997,MAR,MOZ,6581
179,147,1074,1971,353975,815943,0.9233389999999999,1.184635,PRT,MOZ,6581
192,147,1074,1971,8508,0,0.540057,0.9167700000000001,SGP,MOZ,6581
216,147,1074,1971,406020,0,-0.767467,-0.557866,THA,MOZ,6581
247,147,1074,1971,48299,438953,-0.8803290000000001,-0.7895399999999999,ZMB,MOZ,6581
34,153,1074,1971,1954,0,-0.394928,-0.213258,BRN,MYS,6581
43,153,1074,1971,25663,0,0.551566,1.636164,CHN,MYS,6581
61,153,1074,1971,3034,0,2.304817,-1.885431,DEU,MYS,6581
71,153,1074,1971,0,8658,0.9618040000000001,1.789808,ESP,MYS,6581
77,153,1074,1971,4809,1413,1.7299959999999999,1.562786,FRA,MYS,6581
81,153,1074,1971,13965,2895,2.1646669999999997,0.034970999999999995,GBR,MYS,6581
97,153,1074,1971,43491,0,1.4643760000000001,1.159238,HKG,MYS,6581
103,153,1074,1971,0,136539,-1.335787,-0.813966,IDN,MYS,6581
104,153,1074,1971,63265,0,0.28820999999999997,0.790629,IND,MYS,6581
111,153,1074,1971,2243,0,2.039661,1.10519,ITA,MYS,6581
113,153,1074,1971,0,3412,0.344856,-0.11885699999999999,JOR,MYS,6581
114,153,1074,1971,6152,0,1.862756,2.170372,JPN,MYS,6581
162,153,1074,1971,0,1479,1.3564690000000001,2.749828,NLD,MYS,6581
168,153,1074,1971,17055,0,-0.160556,-0.48263,PAK,MYS,6581
174,153,1074,1971,0,62070,-0.39003899999999997,-0.709147,PHL,MYS,6581
192,153,1074,1971,109580,603886,0.540057,0.9167700000000001,SGP,MYS,6581
216,153,1074,1971,45477,2375,-0.767467,-0.557866,THA,MYS,6581
239,153,1074,1971,0,158591,0.07082100000000001,-0.296412,VNM,MYS,6581
249,153,1074,1971,18952,0,1.123146,1.440067,TWN,MYS,6581
2,159,1074,1971,0,2398,-1.208704,-0.854866,AGO,NGA,6581
18,159,1074,1971,62076,0,1.495689,2.262083,BEL,NGA,6581
41,159,1074,1971,0,1084,2.242028,1.9425029999999999,CHE,NGA,6581
61,159,1074,1971,9709,0,2.304817,-1.885431,DEU,NGA,6581
66,159,1074,1971,6961,0,-0.42629399999999995,-0.612192,DZA,NGA,6581
71,159,1074,1971,0,2908,0.9618040000000001,1.789808,ESP,NGA,6581
77,159,1074,1971,43334,13547,1.7299959999999999,1.562786,FRA,NGA,6581
81,159,1074,1971,23883,0,2.1646669999999997,0.034970999999999995,GBR,NGA,6581
104,159,1074,1971,665032,0,0.28820999999999997,0.790629,IND,NGA,6581
121,159,1074,1971,22050,0,0.804658,0.44236899999999996,KOR,NGA,6581
128,159,1074,1971,23110,0,-1.144836,-0.753853,LKA,NGA,6581
157,159,1074,1971,0,84975,-0.8275610000000001,-0.747424,NER,NGA,6581
162,159,1074,1971,35196,21919,1.3564690000000001,2.749828,NLD,NGA,6581
168,159,1074,1971,490600,0,-0.160556,-0.48263,PAK,NGA,6581
179,159,1074,1971,0,39714,0.9233389999999999,1.184635,PRT,NGA,6581
214,159,1074,1971,0,37420,-0.850374,-0.740183,TCD,NGA,6581
231,159,1074,1971,1380,0,1.873357,1.848336,USA,NGA,6581
249,159,1074,1971,75489,0,1.123146,1.440067,TWN,NGA,6581
14,166,1074,1971,12845,19975,0.019735,0.02329,AUS,NZL,6581
18,166,1074,1971,3404,0,1.495689,2.262083,BEL,NZL,6581
61,166,1074,1971,1002,0,2.304817,-1.885431,DEU,NZL,6581
75,166,1074,1971,3021,1736,0.057053,-0.490021,FJI,NZL,6581
77,166,1074,1971,2076,5246,1.7299959999999999,1.562786,FRA,NZL,6581
81,166,1074,1971,12921,0,2.1646669999999997,0.034970999999999995,GBR,NZL,6581
104,166,1074,1971,2157097,0,0.28820999999999997,0.790629,IND,NZL,6581
111,166,1074,1971,0,1506,2.039661,1.10519,ITA,NZL,6581
114,166,1074,1971,7995,0,1.862756,2.170372,JPN,NZL,6581
156,166,1074,1971,0,1142,-0.714832,-0.24088400000000001,NCL,NZL,6581
162,166,1074,1971,1753,0,1.3564690000000001,2.749828,NLD,NZL,6581
168,166,1074,1971,1322601,0,-0.160556,-0.48263,PAK,NZL,6581
176,166,1074,1971,0,14786,-0.222694,-0.396214,PNG,NZL,6581
216,166,1074,1971,188647,0,-0.767467,-0.557866,THA,NZL,6581
231,166,1074,1971,3612,0,1.873357,1.848336,USA,NZL,6581
242,166,1074,1971,0,31745,-0.620091,-0.601296,WSM,NZL,6581
250,166,1074,1971,8326,0,0.740793,0.11133,ANS,NZL,6581
18,177,1074,1971,2955,0,1.495689,2.262083,BEL,POL,6581
61,177,1074,1971,0,16015,2.304817,-1.885431,DEU,POL,6581
64,177,1074,1971,0,176168,1.5224870000000001,2.45498,DNK,POL,6581
66,177,1074,1971,0,3596,-0.42629399999999995,-0.612192,DZA,POL,6581
71,177,1074,1971,0,6104,0.9618040000000001,1.789808,ESP,POL,6581
77,177,1074,1971,17170,116087,1.7299959999999999,1.562786,FRA,POL,6581
81,177,1074,1971,446404,0,2.1646669999999997,0.034970999999999995,GBR,POL,6581
90,177,1074,1971,0,9561,0.373161,0.153613,GRC,POL,6581
104,177,1074,1971,24294,0,0.28820999999999997,0.790629,IND,POL,6581
114,177,1074,1971,4570,0,1.862756,2.170372,JPN,POL,6581
162,177,1074,1971,19800,856823,1.3564690000000001,2.749828,NLD,POL,6581
163,177,1074,1971,0,82552,1.297569,1.870238,NOR,POL,6581
168,177,1074,1971,107046,0,-0.160556,-0.48263,PAK,POL,6581
179,177,1074,1971,0,14664,0.9233389999999999,1.184635,PRT,POL,6581
191,177,1074,1971,0,11864,-0.100347,-0.469422,SEN,POL,6581
208,177,1074,1971,0,127908,2.190846,2.570859,SWE,POL,6581
245,177,1074,1971,0,5973,1.106614,2.43735,YUG,POL,6581
2,179,1074,1971,315990,699368,-1.208704,-0.854866,AGO,PRT,6581
8,179,1074,1971,3811,0,0.0024230000000000002,0.084024,ARG,PRT,6581
15,179,1074,1971,0,78169,1.984568,0.9571209999999999,AUT,PRT,6581
18,179,1074,1971,3069,80945,1.495689,2.262083,BEL,PRT,6581
32,179,1074,1971,86266,1368,-0.326897,-0.229088,BRA,PRT,6581
39,179,1074,1971,7317,0,0.543049,0.772374,CAN,PRT,6581
41,179,1074,1971,1412,127663,2.242028,1.9425029999999999,CHE,PRT,6581
46,179,1074,1971,0,1991,-1.16333,-0.708263,COD,PRT,6581
51,179,1074,1971,0,54415,-0.534125,-0.787696,CPV,PRT,6581
53,179,1074,1971,99605,0,1.7241369999999998,2.76252,CSK,PRT,6581
61,179,1074,1971,1003,111171,2.304817,-1.885431,DEU,PRT,6581
64,179,1074,1971,7673,293941,1.5224870000000001,2.45498,DNK,PRT,6581
71,179,1074,1971,12322,77934,0.9618040000000001,1.789808,ESP,PRT,6581
74,179,1074,1971,0,25779,1.382261,1.410232,FIN,PRT,6581
77,179,1074,1971,19793,470089,1.7299959999999999,1.562786,FRA,PRT,6581
81,179,1074,1971,4184,511127,2.1646669999999997,0.034970999999999995,GBR,PRT,6581
86,179,1074,1971,0,68464,-0.531874,-0.39812800000000004,GLP,PRT,6581
87,179,1074,1971,11292,0,-1.1802700000000002,-0.49359200000000003,GMB,PRT,6581
88,179,1074,1971,23340,15394,-0.8342940000000001,-0.728585,GNB,PRT,6581
90,179,1074,1971,1225,0,0.373161,0.153613,GRC,PRT,6581
106,179,1074,1971,14714,13792,1.0895219999999999,1.885416,IRL,PRT,6581
108,179,1074,1971,0,22615,-0.5225569999999999,-0.438028,IRQ,PRT,6581
109,179,1074,1971,0,5310,0.12083900000000002,-0.37900100000000003,ISL,PRT,6581
110,179,1074,1971,8579,0,0.8357530000000001,0.8589479999999999,ISR,PRT,6581
111,179,1074,1971,5857,6314,2.039661,1.10519,ITA,PRT,6581
114,179,1074,1971,1137,0,1.862756,2.170372,JPN,PRT,6581
134,179,1074,1971,5892,0,-0.016735,-0.41776599999999997,MAR,PRT,6581
147,179,1074,1971,815943,353975,-0.670024,-0.6290560000000001,MOZ,PRT,6581
150,179,1074,1971,0,38438,0.149367,-0.451215,MTQ,PRT,6581
152,179,1074,1971,2980,0,-0.435749,-0.6851649999999999,MWI,PRT,6581
159,179,1074,1971,39714,0,-1.6915639999999998,-0.8931879999999999,NGA,PRT,6581
162,179,1074,1971,2893,475483,1.3564690000000001,2.749828,NLD,PRT,6581
163,179,1074,1971,3566,290260,1.297569,1.870238,NOR,PRT,6581
177,179,1074,1971,14664,0,0.8294520000000001,1.636849,POL,PRT,6581
185,179,1074,1971,3274,0,1.0355299999999998,1.5666129999999998,ROU,PRT,6581
190,179,1074,1971,3771,0,-1.375243,-0.9691209999999999,SDN,PRT,6581
203,179,1074,1971,27614,51327,-0.5603060000000001,-0.337854,STP,PRT,6581
208,179,1074,1971,1389,250236,2.190846,2.570859,SWE,PRT,6581
220,179,1074,1971,2738,0,-1.4019409999999999,-0.689455,TLS,PRT,6581
224,179,1074,1971,1225,904,-0.443655,-0.521285,TUR,PRT,6581
230,179,1074,1971,2377,0,0.24810300000000002,-0.16614600000000002,URY,PRT,6581
231,179,1074,1971,21716,6266,1.873357,1.848336,USA,PRT,6581
246,179,1074,1971,13414,14947,-0.285408,-0.146573,ZAF,PRT,6581
250,179,1074,1971,63539,24086,0.740793,0.11133,ANS,PRT,6581
2,203,1074,1971,10985,0,-1.208704,-0.854866,AGO,STP,6581
179,203,1074,1971,51327,27614,0.9233389999999999,1.184635,PRT,STP,6581
39,222,1074,1971,32001,0,0.543049,0.772374,CAN,TTO,6581
63,222,1074,1971,0,1960,-0.595859,-0.486575,DMA,TTO,6581
77,222,1074,1971,6373,0,1.7299959999999999,1.562786,FRA,TTO,6581
81,222,1074,1971,338978,0,2.1646669999999997,0.034970999999999995,GBR,TTO,6581
96,222,1074,1971,1146,0,0.006441,-0.42498800000000003,GUY,TTO,6581
104,222,1074,1971,134429,0,0.28820999999999997,0.790629,IND,TTO,6581
114,222,1074,1971,8938,0,1.862756,2.170372,JPN,TTO,6581
120,222,1074,1971,0,1492,0.8502790000000001,-0.07904800000000001,KNA,TTO,6581
127,222,1074,1971,0,4303,-0.91961,-0.283494,LCA,TTO,6581
162,222,1074,1971,6654,0,1.3564690000000001,2.749828,NLD,TTO,6581
231,222,1074,1971,48431,0,1.873357,1.848336,USA,TTO,6581
234,222,1074,1971,0,10505,-0.403588,-0.457158,VCT,TTO,6581
236,222,1074,1971,0,1925,-0.9655290000000001,-0.651151,VEN,TTO,6581
250,222,1074,1971,1324,1059,0.740793,0.11133,ANS,TTO,6581
77,236,1074,1971,24024,0,1.7299959999999999,1.562786,FRA,VEN,6581
81,236,1074,1971,3316,0,2.1646669999999997,0.034970999999999995,GBR,VEN,6581
111,236,1074,1971,0,1733,2.039661,1.10519,ITA,VEN,6581
114,236,1074,1971,11377,0,1.862756,2.170372,JPN,VEN,6581
222,236,1074,1971,1925,0,0.6038479999999999,-0.19159,TTO,VEN,6581
231,236,1074,1971,9310,0,1.873357,1.848336,USA,VEN,6581
81,244,1074,1971,4959,0,2.1646669999999997,0.034970999999999995,GBR,YMD,6581
104,244,1074,1971,368635,0,0.28820999999999997,0.790629,IND,YMD,6581
199,244,1074,1971,0,8807,-0.269276,-0.557816,SOM,YMD,6581
2,246,1074,1971,0,3417,-1.208704,-0.854866,AGO,ZAF,6581
18,246,1074,1971,13587,0,1.495689,2.262083,BEL,ZAF,6581
41,246,1074,1971,0,4289,2.242028,1.9425029999999999,CHE,ZAF,6581
71,246,1074,1971,0,69248,0.9618040000000001,1.789808,ESP,ZAF,6581
77,246,1074,1971,13555,30791,1.7299959999999999,1.562786,FRA,ZAF,6581
81,246,1074,1971,22486,0,2.1646669999999997,0.034970999999999995,GBR,ZAF,6581
97,246,1074,1971,51584,0,1.4643760000000001,1.159238,HKG,ZAF,6581
104,246,1074,1971,2428,0,0.28820999999999997,0.790629,IND,ZAF,6581
114,246,1074,1971,36615,0,1.862756,2.170372,JPN,ZAF,6581
151,246,1074,1971,202945,0,-0.592737,-0.767588,MUS,ZAF,6581
152,246,1074,1971,0,60372,-0.435749,-0.6851649999999999,MWI,ZAF,6581
162,246,1074,1971,35471,0,1.3564690000000001,2.749828,NLD,ZAF,6581
179,246,1074,1971,14947,13414,0.9233389999999999,1.184635,PRT,ZAF,6581
184,246,1074,1971,0,72933,-1.004604,-0.44332,REU,ZAF,6581
216,246,1074,1971,1419490,0,-0.767467,-0.557866,THA,ZAF,6581
247,246,1074,1971,6668,66707,-0.8803290000000001,-0.7895399999999999,ZMB,ZAF,6581
249,246,1074,1971,24998,0,1.123146,1.440067,TWN,ZAF,6581
43,247,1074,1971,109461,0,0.551566,1.636164,CHN,ZMB,6581
77,247,1074,1971,3269,0,1.7299959999999999,1.562786,FRA,ZMB,6581
81,247,1074,1971,7782,0,2.1646669999999997,0.034970999999999995,GBR,ZMB,6581
97,247,1074,1971,176572,0,1.4643760000000001,1.159238,HKG,ZMB,6581
104,247,1074,1971,1413746,0,0.28820999999999997,0.790629,IND,ZMB,6581
116,247,1074,1971,9334,0,-0.119521,0.044922000000000004,KEN,ZMB,6581
147,247,1074,1971,438953,48299,-0.670024,-0.6290560000000001,MOZ,ZMB,6581
151,247,1074,1971,3724,0,-0.592737,-0.767588,MUS,ZMB,6581
168,247,1074,1971,2737022,0,-0.160556,-0.48263,PAK,ZMB,6581
192,247,1074,1971,53726,0,0.540057,0.9167700000000001,SGP,ZMB,6581
246,247,1074,1971,66707,6668,-0.285408,-0.146573,ZAF,ZMB,6581
18,68,1074,1971,24217,0,1.495689,2.262083,BEL,EGY,6581
44,68,1074,1971,0,12606,-0.719483,-0.700326,CIV,EGY,6581
61,68,1074,1971,0,1955,2.304817,-1.885431,DEU,EGY,6581
66,68,1074,1971,0,24653,-0.42629399999999995,-0.612192,DZA,EGY,6581
77,68,1074,1971,1407732,24803,1.7299959999999999,1.562786,FRA,EGY,6581
88,68,1074,1971,0,8014,-0.8342940000000001,-0.728585,GNB,EGY,6581
104,68,1074,1971,3718039,0,0.28820999999999997,0.790629,IND,EGY,6581
114,68,1074,1971,0,1138,1.862756,2.170372,JPN,EGY,6581
125,68,1074,1971,0,8168,-0.877289,-0.5771,LBR,EGY,6581
126,68,1074,1971,0,1138,-2.1829009999999998,-0.541129,LBY,EGY,6581
148,68,1074,1971,0,3100,-0.791432,-0.798547,MRT,EGY,6581
186,68,1074,1971,0,2488,0.42000600000000005,0.512301,RUS,EGY,6581
191,68,1074,1971,0,18832,-0.100347,-0.469422,SEN,EGY,6581
199,68,1074,1971,0,50705,-0.269276,-0.557816,SOM,EGY,6581
15,102,1074,1971,9018,6664,1.984568,0.9571209999999999,AUT,HUN,6581
18,102,1074,1971,16934,0,1.495689,2.262083,BEL,HUN,6581
41,102,1074,1971,0,1533,2.242028,1.9425029999999999,CHE,HUN,6581
61,102,1074,1971,8101,10041,2.304817,-1.885431,DEU,HUN,6581
71,102,1074,1971,6175,0,0.9618040000000001,1.789808,ESP,HUN,6581
77,102,1074,1971,3434,7246,1.7299959999999999,1.562786,FRA,HUN,6581
104,102,1074,1971,1427434,0,0.28820999999999997,0.790629,IND,HUN,6581
110,102,1074,1971,0,11064,0.8357530000000001,0.8589479999999999,ISR,HUN,6581
111,102,1074,1971,24028,0,2.039661,1.10519,ITA,HUN,6581
124,102,1074,1971,0,4762,0.6515989999999999,1.542378,LBN,HUN,6581
162,102,1074,1971,2654,190876,1.3564690000000001,2.749828,NLD,HUN,6581
168,102,1074,1971,106731,0,-0.160556,-0.48263,PAK,HUN,6581
208,102,1074,1971,1027,0,2.190846,2.570859,SWE,HUN,6581
231,102,1074,1971,1320,0,1.873357,1.848336,USA,HUN,6581
18,134,1074,1971,32278,0,1.495689,2.262083,BEL,MAR,6581
32,134,1074,1971,6551,0,-0.326897,-0.229088,BRA,MAR,6581
54,134,1074,1971,15795,0,0.12061400000000001,-0.6260180000000001,CUB,MAR,6581
61,134,1074,1971,995,39830,2.304817,-1.885431,DEU,MAR,6581
66,134,1074,1971,0,54378,-0.42629399999999995,-0.612192,DZA,MAR,6581
71,134,1074,1971,0,21285,0.9618040000000001,1.789808,ESP,MAR,6581
77,134,1074,1971,101647,586625,1.7299959999999999,1.562786,FRA,MAR,6581
111,134,1074,1971,0,261370,2.039661,1.10519,ITA,MAR,6581
124,134,1074,1971,6324,0,0.6515989999999999,1.542378,LBN,MAR,6581
147,134,1074,1971,1288,0,-0.670024,-0.6290560000000001,MOZ,MAR,6581
148,134,1074,1971,0,9455,-0.791432,-0.798547,MRT,MAR,6581
162,134,1074,1971,141885,0,1.3564690000000001,2.749828,NLD,MAR,6581
179,134,1074,1971,0,5892,0.9233389999999999,1.184635,PRT,MAR,6581
231,134,1074,1971,247217,0,1.873357,1.848336,USA,MAR,6581
15,245,1074,1971,0,89174,1.984568,0.9571209999999999,AUT,YUG,6581
18,245,1074,1971,0,2009,1.495689,2.262083,BEL,YUG,6581
38,245,1074,1971,0,4903,-0.737808,-0.658191,CAF,YUG,6581
41,245,1074,1971,0,63557,2.242028,1.9425029999999999,CHE,YUG,6581
44,245,1074,1971,0,3234,-0.719483,-0.700326,CIV,YUG,6581
45,245,1074,1971,0,10110,-0.735506,-0.605363,CMR,YUG,6581
61,245,1074,1971,11898,606409,2.304817,-1.885431,DEU,YUG,6581
71,245,1074,1971,3508,0,0.9618040000000001,1.789808,ESP,YUG,6581
77,245,1074,1971,54731,912727,1.7299959999999999,1.562786,FRA,YUG,6581
81,245,1074,1971,2128,0,2.1646669999999997,0.034970999999999995,GBR,YUG,6581
104,245,1074,1971,492923,0,0.28820999999999997,0.790629,IND,YUG,6581
111,245,1074,1971,2337,124871,2.039661,1.10519,ITA,YUG,6581
142,245,1074,1971,0,15036,1.567812,1.889177,MLT,YUG,6581
162,245,1074,1971,0,147862,1.3564690000000001,2.749828,NLD,YUG,6581
163,245,1074,1971,0,7357,1.297569,1.870238,NOR,YUG,6581
168,245,1074,1971,72080,0,-0.160556,-0.48263,PAK,YUG,6581
177,245,1074,1971,5973,0,0.8294520000000001,1.636849,POL,YUG,6581
185,245,1074,1971,0,97202,1.0355299999999998,1.5666129999999998,ROU,YUG,6581
231,245,1074,1971,14798,625161,1.873357,1.848336,USA,YUG,6581
18,2,1074,1971,26675,0,1.495689,2.262083,BEL,AGO,6581
46,2,1074,1971,0,1096,-1.16333,-0.708263,COD,AGO,6581
53,2,1074,1971,1101,0,1.7241369999999998,2.76252,CSK,AGO,6581
61,2,1074,1971,18680,0,2.304817,-1.885431,DEU,AGO,6581
71,2,1074,1971,1453,52349,0.9618040000000001,1.789808,ESP,AGO,6581
77,2,1074,1971,2851,5650,1.7299959999999999,1.562786,FRA,AGO,6581
81,2,1074,1971,1251,0,2.1646669999999997,0.034970999999999995,GBR,AGO,6581
111,2,1074,1971,3291,0,2.039661,1.10519,ITA,AGO,6581
147,2,1074,1971,2356,0,-0.670024,-0.6290560000000001,MOZ,AGO,6581
159,2,1074,1971,2398,0,-1.6915639999999998,-0.8931879999999999,NGA,AGO,6581
162,2,1074,1971,7635,0,1.3564690000000001,2.749828,NLD,AGO,6581
179,2,1074,1971,699368,315990,0.9233389999999999,1.184635,PRT,AGO,6581
203,2,1074,1971,0,10985,-0.5603060000000001,-0.337854,STP,AGO,6581
231,2,1074,1971,3357,0,1.873357,1.848336,USA,AGO,6581
246,2,1074,1971,3417,0,-0.285408,-0.146573,ZAF,AGO,6581
18,8,1074,1971,2236,0,1.495689,2.262083,BEL,ARG,6581
42,8,1074,1971,0,28654,-0.231579,-0.6383479999999999,CHL,ARG,6581
71,8,1074,1971,0,21511,0.9618040000000001,1.789808,ESP,ARG,6581
77,8,1074,1971,2879,32563,1.7299959999999999,1.562786,FRA,ARG,6581
90,8,1074,1971,0,1171,0.373161,0.153613,GRC,ARG,6581
111,8,1074,1971,0,1501,2.039661,1.10519,ITA,ARG,6581
162,8,1074,1971,0,1163,1.3564690000000001,2.749828,NLD,ARG,6581
168,8,1074,1971,28156,0,-0.160556,-0.48263,PAK,ARG,6581
179,8,1074,1971,0,3811,0.9233389999999999,1.184635,PRT,ARG,6581
180,8,1074,1971,0,9227,-0.48826,-0.712018,PRY,ARG,6581
184,8,1074,1971,0,3177,-1.004604,-0.44332,REU,ARG,6581
249,8,1074,1971,69523,0,1.123146,1.440067,TWN,ARG,6581
66,19,1074,1971,12565,0,-0.42629399999999995,-0.612192,DZA,BEN,6581
77,19,1074,1971,44945,18588,1.7299959999999999,1.562786,FRA,BEN,6581
191,19,1074,1971,23480,1046,-0.100347,-0.469422,SEN,BEN,6581
44,21,1074,1971,8778,1574,-0.719483,-0.700326,CIV,BFA,6581
47,21,1074,1971,48679,0,-0.9411219999999999,-0.728664,COG,BFA,6581
61,21,1074,1971,0,6252,2.304817,-1.885431,DEU,BFA,6581
64,21,1074,1971,0,6566,1.5224870000000001,2.45498,DNK,BFA,6581
77,21,1074,1971,222027,2435,1.7299959999999999,1.562786,FRA,BFA,6581
83,21,1074,1971,1953,0,-0.948254,-0.880582,GHA,BFA,6581
111,21,1074,1971,0,5004,2.039661,1.10519,ITA,BFA,6581
114,21,1074,1971,0,7445,1.862756,2.170372,JPN,BFA,6581
141,21,1074,1971,2323,0,-0.809425,-0.9098719999999999,MLI,BFA,6581
162,21,1074,1971,4625,0,1.3564690000000001,2.749828,NLD,BFA,6581
191,21,1074,1971,10660,0,-0.100347,-0.469422,SEN,BFA,6581
231,21,1074,1971,48925,0,1.873357,1.848336,USA,BFA,6581
250,21,1074,1971,1137,0,0.740793,0.11133,ANS,BFA,6581
231,25,1074,1971,7645,0,1.873357,1.848336,USA,BHS,6581
81,30,1074,1971,1041,0,2.1646669999999997,0.034970999999999995,GBR,BMU,6581
97,30,1074,1971,879,0,1.4643760000000001,1.159238,HKG,BMU,6581
231,30,1074,1971,7288,0,1.873357,1.848336,USA,BMU,6581
18,33,1074,1971,0,24276,1.495689,2.262083,BEL,BRB,6581
77,33,1074,1971,28426,95078,1.7299959999999999,1.562786,FRA,BRB,6581
81,33,1074,1971,39688,0,2.1646669999999997,0.034970999999999995,GBR,BRB,6581
97,33,1074,1971,3002,0,1.4643760000000001,1.159238,HKG,BRB,6581
104,33,1074,1971,5086,0,0.28820999999999997,0.790629,IND,BRB,6581
162,33,1074,1971,2097,0,1.3564690000000001,2.749828,NLD,BRB,6581
184,33,1074,1971,0,3187,-1.004604,-0.44332,REU,BRB,6581
8,42,1074,1971,28654,0,0.0024230000000000002,0.084024,ARG,CHL,6581
31,42,1074,1971,0,1712,-0.578729,-0.640841,BOL,CHL,6581
32,42,1074,1971,7515,0,-0.326897,-0.229088,BRA,CHL,6581
39,42,1074,1971,17898,0,0.543049,0.772374,CAN,CHL,6581
41,42,1074,1971,2534,0,2.242028,1.9425029999999999,CHE,CHL,6581
61,42,1074,1971,24890,0,2.304817,-1.885431,DEU,CHL,6581
71,42,1074,1971,0,4607,0.9618040000000001,1.789808,ESP,CHL,6581
77,42,1074,1971,31061,0,1.7299959999999999,1.562786,FRA,CHL,6581
81,42,1074,1971,474285,0,2.1646669999999997,0.034970999999999995,GBR,CHL,6581
104,42,1074,1971,1097622,0,0.28820999999999997,0.790629,IND,CHL,6581
114,42,1074,1971,1918,0,1.862756,2.170372,JPN,CHL,6581
125,42,1074,1971,75739,0,-0.877289,-0.5771,LBR,CHL,6581
138,42,1074,1971,46103,0,0.694692,1.631725,MEX,CHL,6581
168,42,1074,1971,1544132,0,-0.160556,-0.48263,PAK,CHL,6581
231,42,1074,1971,2032,0,1.873357,1.848336,USA,CHL,6581
249,42,1074,1971,99099,0,1.123146,1.440067,TWN,CHL,6581
14,43,1074,1971,0,20507,0.019735,0.02329,AUS,CHN,6581
18,43,1074,1971,78231,0,1.495689,2.262083,BEL,CHN,6581
24,43,1074,1971,0,31475,0.811757,-0.086967,BHR,CHN,6581
31,43,1074,1971,0,371615,-0.578729,-0.640841,BOL,CHN,6581
47,43,1074,1971,6522,0,-0.9411219999999999,-0.728664,COG,CHN,6581
61,43,1074,1971,25401,34583,2.304817,-1.885431,DEU,CHN,6581
66,43,1074,1971,0,9588,-0.42629399999999995,-0.612192,DZA,CHN,6581
77,43,1074,1971,70847,35609,1.7299959999999999,1.562786,FRA,CHN,6581
97,43,1074,1971,0,12732,1.4643760000000001,1.159238,HKG,CHN,6581
111,43,1074,1971,6408,0,2.039661,1.10519,ITA,CHN,6581
126,43,1074,1971,0,7702,-2.1829009999999998,-0.541129,LBY,CHN,6581
153,43,1074,1971,0,25663,-0.636547,-0.648471,MYS,CHN,6581
162,43,1074,1971,7843,79285,1.3564690000000001,2.749828,NLD,CHN,6581
168,43,1074,1971,937511,0,-0.160556,-0.48263,PAK,CHN,6581
184,43,1074,1971,0,1635,-1.004604,-0.44332,REU,CHN,6581
191,43,1074,1971,0,9086,-0.100347,-0.469422,SEN,CHN,6581
247,43,1074,1971,0,109461,-0.8803290000000001,-0.7895399999999999,ZMB,CHN,6581
18,45,1074,1971,34150,0,1.495689,2.262083,BEL,CMR,6581
38,45,1074,1971,4874,0,-0.737808,-0.658191,CAF,CMR,6581
61,45,1074,1971,10684,0,2.304817,-1.885431,DEU,CMR,6581
77,45,1074,1971,369878,25373,1.7299959999999999,1.562786,FRA,CMR,6581
80,45,1074,1971,0,1565,-1.3628559999999998,-0.688865,GAB,CMR,6581
81,45,1074,1971,3104,0,2.1646669999999997,0.034970999999999995,GBR,CMR,6581
90,45,1074,1971,0,4084,0.373161,0.153613,GRC,CMR,6581
104,45,1074,1971,306499,0,0.28820999999999997,0.790629,IND,CMR,6581
111,45,1074,1971,1803,0,2.039661,1.10519,ITA,CMR,6581
162,45,1074,1971,224034,0,1.3564690000000001,2.749828,NLD,CMR,6581
168,45,1074,1971,297596,0,-0.160556,-0.48263,PAK,CMR,6581
191,45,1074,1971,57385,0,-0.100347,-0.469422,SEN,CMR,6581
214,45,1074,1971,0,5798,-0.850374,-0.740183,TCD,CMR,6581
245,45,1074,1971,10110,0,1.106614,2.43735,YUG,CMR,6581
18,47,1074,1971,44937,0,1.495689,2.262083,BEL,COG,6581
21,47,1074,1971,0,48679,-0.45178900000000005,-0.710649,BFA,COG,6581
43,47,1074,1971,0,6522,0.551566,1.636164,CHN,COG,6581
77,47,1074,1971,271887,2565,1.7299959999999999,1.562786,FRA,COG,6581
104,47,1074,1971,10395,0,0.28820999999999997,0.790629,IND,COG,6581
148,47,1074,1971,14302,0,-0.791432,-0.798547,MRT,COG,6581
162,47,1074,1971,3700,1243,1.3564690000000001,2.749828,NLD,COG,6581
191,47,1074,1971,19497,0,-0.100347,-0.469422,SEN,COG,6581
6,49,1074,1971,0,3824,0.890891,0.10081699999999999,ANT,COL,6581
61,49,1074,1971,0,1257,2.304817,-1.885431,DEU,COL,6581
71,49,1074,1971,0,31365,0.9618040000000001,1.789808,ESP,COL,6581
77,49,1074,1971,1240,2946,1.7299959999999999,1.562786,FRA,COL,6581
111,49,1074,1971,0,1198,2.039661,1.10519,ITA,COL,6581
173,49,1074,1971,0,11576,-0.7457020000000001,-0.882229,PER,COL,6581
231,49,1074,1971,27234,1031,1.873357,1.848336,USA,COL,6581
39,52,1074,1971,1005,0,0.543049,0.772374,CAN,CRI,6581
99,52,1074,1971,6396,0,-0.47721,-0.841176,HND,CRI,6581
138,52,1074,1971,9723,0,0.694692,1.631725,MEX,CRI,6581
160,52,1074,1971,324504,0,0.21678699999999998,-0.085482,NIC,CRI,6581
169,52,1074,1971,32237,49680,0.641183,-0.062375,PAN,CRI,6581
197,52,1074,1971,0,2877,0.807056,0.476688,SLV,CRI,6581
231,52,1074,1971,53937,0,1.873357,1.848336,USA,CRI,6581
66,54,1074,1971,0,15833,-0.42629399999999995,-0.612192,DZA,CUB,6581
71,54,1074,1971,0,76971,0.9618040000000001,1.789808,ESP,CUB,6581
77,54,1074,1971,10302,0,1.7299959999999999,1.562786,FRA,CUB,6581
81,54,1074,1971,1461,0,2.1646669999999997,0.034970999999999995,GBR,CUB,6581
134,54,1074,1971,0,15795,-0.016735,-0.41776599999999997,MAR,CUB,6581
71,65,1074,1971,0,1075,0.9618040000000001,1.789808,ESP,DOM,6581
104,65,1074,1971,23586,0,0.28820999999999997,0.790629,IND,DOM,6581
162,65,1074,1971,9669,0,1.3564690000000001,2.749828,NLD,DOM,6581
168,65,1074,1971,54018,0,-0.160556,-0.48263,PAK,DOM,6581
231,65,1074,1971,146059,0,1.873357,1.848336,USA,DOM,6581
15,66,1074,1971,0,5855,1.984568,0.9571209999999999,AUT,DZA,6581
18,66,1074,1971,125153,0,1.495689,2.262083,BEL,DZA,6581
19,66,1074,1971,0,12565,-0.779061,-0.671638,BEN,DZA,6581
32,66,1074,1971,36644,0,-0.326897,-0.229088,BRA,DZA,6581
39,66,1074,1971,6722,0,0.543049,0.772374,CAN,DZA,6581
41,66,1074,1971,6263,0,2.242028,1.9425029999999999,CHE,DZA,6581
43,66,1074,1971,9588,0,0.551566,1.636164,CHN,DZA,6581
44,66,1074,1971,9385,0,-0.719483,-0.700326,CIV,DZA,6581
53,66,1074,1971,1803,0,1.7241369999999998,2.76252,CSK,DZA,6581
54,66,1074,1971,15833,0,0.12061400000000001,-0.6260180000000001,CUB,DZA,6581
61,66,1074,1971,7248,18669,2.304817,-1.885431,DEU,DZA,6581
64,66,1074,1971,3963,0,1.5224870000000001,2.45498,DNK,DZA,6581
68,66,1074,1971,24653,0,0.192492,-0.374212,EGY,DZA,6581
71,66,1074,1971,133266,5613,0.9618040000000001,1.789808,ESP,DZA,6581
77,66,1074,1971,327473,34760,1.7299959999999999,1.562786,FRA,DZA,6581
81,66,1074,1971,21698,0,2.1646669999999997,0.034970999999999995,GBR,DZA,6581
104,66,1074,1971,47728,0,0.28820999999999997,0.790629,IND,DZA,6581
111,66,1074,1971,22171,14235,2.039661,1.10519,ITA,DZA,6581
114,66,1074,1971,927,0,1.862756,2.170372,JPN,DZA,6581
124,66,1074,1971,29183,0,0.6515989999999999,1.542378,LBN,DZA,6581
134,66,1074,1971,54378,0,-0.016735,-0.41776599999999997,MAR,DZA,6581
136,66,1074,1971,1502,0,-0.819129,-0.765004,MDG,DZA,6581
157,66,1074,1971,0,8709,-0.8275610000000001,-0.747424,NER,DZA,6581
159,66,1074,1971,0,6961,-1.6915639999999998,-0.8931879999999999,NGA,DZA,6581
162,66,1074,1971,181769,0,1.3564690000000001,2.749828,NLD,DZA,6581
177,66,1074,1971,3596,0,0.8294520000000001,1.636849,POL,DZA,6581
186,66,1074,1971,129602,0,0.42000600000000005,0.512301,RUS,DZA,6581
208,66,1074,1971,878,0,2.190846,2.570859,SWE,DZA,6581
224,66,1074,1971,13445,0,-0.443655,-0.521285,TUR,DZA,6581
231,66,1074,1971,5147,0,1.873357,1.848336,USA,DZA,6581
250,66,1074,1971,1522,0,0.740793,0.11133,ANS,DZA,6581
71,67,1074,1971,0,1348,0.9618040000000001,1.789808,ESP,ECU,6581
77,67,1074,1971,959,0,1.7299959999999999,1.562786,FRA,ECU,6581
81,67,1074,1971,7776,0,2.1646669999999997,0.034970999999999995,GBR,ECU,6581
231,67,1074,1971,2193,0,1.873357,1.848336,USA,ECU,6581
18,83,1074,1971,1267,0,1.495689,2.262083,BEL,GHA,6581
21,83,1074,1971,0,1953,-0.45178900000000005,-0.710649,BFA,GHA,6581
44,83,1074,1971,0,112339,-0.719483,-0.700326,CIV,GHA,6581
61,83,1074,1971,2793,0,2.304817,-1.885431,DEU,GHA,6581
77,83,1074,1971,29441,1829,1.7299959999999999,1.562786,FRA,GHA,6581
81,83,1074,1971,17385,0,2.1646669999999997,0.034970999999999995,GBR,GHA,6581
90,83,1074,1971,0,7653,0.373161,0.153613,GRC,GHA,6581
104,83,1074,1971,4943,0,0.28820999999999997,0.790629,IND,GHA,6581
124,83,1074,1971,28494,0,0.6515989999999999,1.542378,LBN,GHA,6581
61,86,1074,1971,0,1781,2.304817,-1.885431,DEU,GLP,6581
77,86,1074,1971,33640,3891,1.7299959999999999,1.562786,FRA,GLP,6581
81,86,1074,1971,1943,0,2.1646669999999997,0.034970999999999995,GBR,GLP,6581
96,86,1074,1971,2769,0,0.006441,-0.42498800000000003,GUY,GLP,6581
104,86,1074,1971,19463,0,0.28820999999999997,0.790629,IND,GLP,6581
179,86,1074,1971,68464,0,0.9233389999999999,1.184635,PRT,GLP,6581
61,93,1074,1971,919,0,2.304817,-1.885431,DEU,GTM,6581
71,93,1074,1971,0,7558,0.9618040000000001,1.789808,ESP,GTM,6581
99,93,1074,1971,0,24556,-0.47721,-0.841176,HND,GTM,6581
114,93,1074,1971,1250,0,1.862756,2.170372,JPN,GTM,6581
160,93,1074,1971,46280,121453,0.21678699999999998,-0.085482,NIC,GTM,6581
197,93,1074,1971,20719,476485,0.807056,0.476688,SLV,GTM,6581
52,99,1074,1971,0,6396,0.9643510000000001,0.613066,CRI,HND,6581
93,99,1074,1971,24556,0,0.513422,0.31249099999999996,GTM,HND,6581
160,99,1074,1971,6186,0,0.21678699999999998,-0.085482,NIC,HND,6581
138,101,1074,1971,486181,0,0.694692,1.631725,MEX,HTI,6581
191,101,1074,1971,0,1983,-0.100347,-0.469422,SEN,HTI,6581
231,101,1074,1971,129442,0,1.873357,1.848336,USA,HTI,6581
14,106,1074,1971,49542,0,0.019735,0.02329,AUS,IRL,6581
15,106,1074,1971,3722,0,1.984568,0.9571209999999999,AUT,IRL,6581
61,106,1074,1971,1005,0,2.304817,-1.885431,DEU,IRL,6581
71,106,1074,1971,0,4738,0.9618040000000001,1.789808,ESP,IRL,6581
77,106,1074,1971,15974,1513,1.7299959999999999,1.562786,FRA,IRL,6581
81,106,1074,1971,500495,323185,2.1646669999999997,0.034970999999999995,GBR,IRL,6581
104,106,1074,1971,12991,0,0.28820999999999997,0.790629,IND,IRL,6581
162,106,1074,1971,52909,0,1.3564690000000001,2.749828,NLD,IRL,6581
179,106,1074,1971,13792,14714,0.9233389999999999,1.184635,PRT,IRL,6581
250,106,1074,1971,1487,0,0.740793,0.11133,ANS,IRL,6581
39,112,1074,1971,7617,0,0.543049,0.772374,CAN,JAM,6581
77,112,1074,1971,14854,0,1.7299959999999999,1.562786,FRA,JAM,6581
81,112,1074,1971,41695,0,2.1646669999999997,0.034970999999999995,GBR,JAM,6581
97,112,1074,1971,1260,0,1.4643760000000001,1.159238,HKG,JAM,6581
104,112,1074,1971,108069,0,0.28820999999999997,0.790629,IND,JAM,6581
231,112,1074,1971,37349,0,1.873357,1.848336,USA,JAM,6581
61,121,1074,1971,0,81899,2.304817,-1.885431,DEU,KOR,6581
85,121,1074,1971,0,65287,-0.7482810000000001,-0.689605,GIN,KOR,6581
96,121,1074,1971,0,87946,0.006441,-0.42498800000000003,GUY,KOR,6581
104,121,1074,1971,81862,0,0.28820999999999997,0.790629,IND,KOR,6581
114,121,1074,1971,31880,19461,1.862756,2.170372,JPN,KOR,6581
116,121,1074,1971,0,10886,-0.119521,0.044922000000000004,KEN,KOR,6581
159,121,1074,1971,0,22050,-1.6915639999999998,-0.8931879999999999,NGA,KOR,6581
162,121,1074,1971,0,14396,1.3564690000000001,2.749828,NLD,KOR,6581
168,121,1074,1971,19780,0,-0.160556,-0.48263,PAK,KOR,6581
196,121,1074,1971,0,73570,-0.9423530000000001,-0.7621220000000001,SLE,KOR,6581
231,121,1074,1971,18859,48516,1.873357,1.848336,USA,KOR,6581
18,126,1074,1971,23484,0,1.495689,2.262083,BEL,LBY,6581
41,126,1074,1971,33408,0,2.242028,1.9425029999999999,CHE,LBY,6581
43,126,1074,1971,7702,0,0.551566,1.636164,CHN,LBY,6581
61,126,1074,1971,3678,0,2.304817,-1.885431,DEU,LBY,6581
68,126,1074,1971,1138,0,0.192492,-0.374212,EGY,LBY,6581
77,126,1074,1971,97486,0,1.7299959999999999,1.562786,FRA,LBY,6581
90,126,1074,1971,1156,0,0.373161,0.153613,GRC,LBY,6581
104,126,1074,1971,2738,0,0.28820999999999997,0.790629,IND,LBY,6581
111,126,1074,1971,42296,0,2.039661,1.10519,ITA,LBY,6581
124,126,1074,1971,5710,0,0.6515989999999999,1.542378,LBN,LBY,6581
162,126,1074,1971,36020,0,1.3564690000000001,2.749828,NLD,LBY,6581
168,126,1074,1971,5524,0,-0.160556,-0.48263,PAK,LBY,6581
223,126,1074,1971,0,9927,-0.28817,-0.6084189999999999,TUN,LBY,6581
231,126,1074,1971,2626,0,1.873357,1.848336,USA,LBY,6581
42,138,1074,1971,0,46103,-0.231579,-0.6383479999999999,CHL,MEX,6581
52,138,1074,1971,0,9723,0.9643510000000001,0.613066,CRI,MEX,6581
71,138,1074,1971,0,31979,0.9618040000000001,1.789808,ESP,MEX,6581
77,138,1074,1971,3747,0,1.7299959999999999,1.562786,FRA,MEX,6581
101,138,1074,1971,0,486181,0.47879399999999994,-0.145479,HTI,MEX,6581
114,138,1074,1971,48955,0,1.862756,2.170372,JPN,MEX,6581
162,138,1074,1971,0,2829,1.3564690000000001,2.749828,NLD,MEX,6581
169,138,1074,1971,1155,0,0.641183,-0.062375,PAN,MEX,6581
231,138,1074,1971,687354,2170,1.873357,1.848336,USA,MEX,6581
249,138,1074,1971,9867,0,1.123146,1.440067,TWN,MEX,6581
250,138,1074,1971,2413,0,0.740793,0.11133,ANS,MEX,6581
21,141,1074,1971,0,2323,-0.45178900000000005,-0.710649,BFA,MLI,6581
77,141,1074,1971,149386,1127,1.7299959999999999,1.562786,FRA,MLI,6581
81,141,1074,1971,828,0,2.1646669999999997,0.034970999999999995,GBR,MLI,6581
90,141,1074,1971,0,11006,0.373161,0.153613,GRC,MLI,6581
111,141,1074,1971,1469,0,2.039661,1.10519,ITA,MLI,6581
162,141,1074,1971,32211,0,1.3564690000000001,2.749828,NLD,MLI,6581
186,141,1074,1971,1272,0,0.42000600000000005,0.512301,RUS,MLI,6581
191,141,1074,1971,268912,2642,-0.100347,-0.469422,SEN,MLI,6581
231,141,1074,1971,113415,0,1.873357,1.848336,USA,MLI,6581
53,142,1074,1971,6741,0,1.7241369999999998,2.76252,CSK,MLT,6581
61,142,1074,1971,0,19209,2.304817,-1.885431,DEU,MLT,6581
81,142,1074,1971,4206,0,2.1646669999999997,0.034970999999999995,GBR,MLT,6581
104,142,1074,1971,8242,0,0.28820999999999997,0.790629,IND,MLT,6581
111,142,1074,1971,7272,0,2.039661,1.10519,ITA,MLT,6581
162,142,1074,1971,11679,0,1.3564690000000001,2.749828,NLD,MLT,6581
245,142,1074,1971,15036,0,1.106614,2.43735,YUG,MLT,6581
77,150,1074,1971,40231,1154,1.7299959999999999,1.562786,FRA,MTQ,6581
179,150,1074,1971,38438,0,0.9233389999999999,1.184635,PRT,MTQ,6581
52,160,1074,1971,0,324504,0.9643510000000001,0.613066,CRI,NIC,6581
61,160,1074,1971,934,0,2.304817,-1.885431,DEU,NIC,6581
93,160,1074,1971,121453,46280,0.513422,0.31249099999999996,GTM,NIC,6581
99,160,1074,1971,0,6186,-0.47721,-0.841176,HND,NIC,6581
197,160,1074,1971,90190,3652,0.807056,0.476688,SLV,NIC,6581
231,160,1074,1971,3017,0,1.873357,1.848336,USA,NIC,6581
39,169,1074,1971,5627,0,0.543049,0.772374,CAN,PAN,6581
52,169,1074,1971,49680,32237,0.9643510000000001,0.613066,CRI,PAN,6581
104,169,1074,1971,647,0,0.28820999999999997,0.790629,IND,PAN,6581
114,169,1074,1971,4250,0,1.862756,2.170372,JPN,PAN,6581
138,169,1074,1971,0,1155,0.694692,1.631725,MEX,PAN,6581
231,169,1074,1971,5657,0,1.873357,1.848336,USA,PAN,6581
250,169,1074,1971,0,2688,0.740793,0.11133,ANS,PAN,6581
197,172,1074,1971,0,145794,0.807056,0.476688,SLV,PCZ,6581
18,173,1074,1971,3953,0,1.495689,2.262083,BEL,PER,6581
31,173,1074,1971,0,50206,-0.578729,-0.640841,BOL,PER,6581
49,173,1074,1971,11576,0,-0.114488,-0.492489,COL,PER,6581
61,173,1074,1971,26057,0,2.304817,-1.885431,DEU,PER,6581
71,173,1074,1971,0,7409,0.9618040000000001,1.789808,ESP,PER,6581
77,173,1074,1971,2766,4434,1.7299959999999999,1.562786,FRA,PER,6581
81,173,1074,1971,2517,0,2.1646669999999997,0.034970999999999995,GBR,PER,6581
97,173,1074,1971,2765,0,1.4643760000000001,1.159238,HKG,PER,6581
104,173,1074,1971,718417,0,0.28820999999999997,0.790629,IND,PER,6581
114,173,1074,1971,2265,0,1.862756,2.170372,JPN,PER,6581
162,173,1074,1971,2394,0,1.3564690000000001,2.749828,NLD,PER,6581
168,173,1074,1971,1302172,0,-0.160556,-0.48263,PAK,PER,6581
231,173,1074,1971,17109,0,1.873357,1.848336,USA,PER,6581
14,174,1074,1971,0,61955,0.019735,0.02329,AUS,PHL,6581
61,174,1074,1971,14265,0,2.304817,-1.885431,DEU,PHL,6581
77,174,1074,1971,7673,0,1.7299959999999999,1.562786,FRA,PHL,6581
97,174,1074,1971,22328,0,1.4643760000000001,1.159238,HKG,PHL,6581
110,174,1074,1971,0,22784,0.8357530000000001,0.8589479999999999,ISR,PHL,6581
114,174,1074,1971,23079,0,1.862756,2.170372,JPN,PHL,6581
153,174,1074,1971,62070,0,-0.636547,-0.648471,MYS,PHL,6581
208,174,1074,1971,7810,0,2.190846,2.570859,SWE,PHL,6581
231,174,1074,1971,0,2602,1.873357,1.848336,USA,PHL,6581
8,180,1074,1971,9227,0,0.0024230000000000002,0.084024,ARG,PRY,6581
32,180,1074,1971,8161,0,-0.326897,-0.229088,BRA,PRY,6581
77,180,1074,1971,0,3354,1.7299959999999999,1.562786,FRA,PRY,6581
81,180,1074,1971,10423,0,2.1646669999999997,0.034970999999999995,GBR,PRY,6581
104,180,1074,1971,128583,0,0.28820999999999997,0.790629,IND,PRY,6581
114,180,1074,1971,2812,0,1.862756,2.170372,JPN,PRY,6581
162,180,1074,1971,2511,0,1.3564690000000001,2.749828,NLD,PRY,6581
168,180,1074,1971,3047,0,-0.160556,-0.48263,PAK,PRY,6581
18,191,1074,1971,9970,0,1.495689,2.262083,BEL,SEN,6581
19,191,1074,1971,1046,23480,-0.779061,-0.671638,BEN,SEN,6581
21,191,1074,1971,0,10660,-0.45178900000000005,-0.710649,BFA,SEN,6581
32,191,1074,1971,35377,0,-0.326897,-0.229088,BRA,SEN,6581
38,191,1074,1971,0,15261,-0.737808,-0.658191,CAF,SEN,6581
43,191,1074,1971,9086,0,0.551566,1.636164,CHN,SEN,6581
44,191,1074,1971,1128,291496,-0.719483,-0.700326,CIV,SEN,6581
45,191,1074,1971,0,57385,-0.735506,-0.605363,CMR,SEN,6581
47,191,1074,1971,0,19497,-0.9411219999999999,-0.728664,COG,SEN,6581
53,191,1074,1971,15584,0,1.7241369999999998,2.76252,CSK,SEN,6581
68,191,1074,1971,18832,0,0.192492,-0.374212,EGY,SEN,6581
71,191,1074,1971,16411,3049,0.9618040000000001,1.789808,ESP,SEN,6581
77,191,1074,1971,384559,19254,1.7299959999999999,1.562786,FRA,SEN,6581
80,191,1074,1971,0,14047,-1.3628559999999998,-0.688865,GAB,SEN,6581
81,191,1074,1971,1150,0,2.1646669999999997,0.034970999999999995,GBR,SEN,6581
85,191,1074,1971,0,7427,-0.7482810000000001,-0.689605,GIN,SEN,6581
101,191,1074,1971,1983,0,0.47879399999999994,-0.145479,HTI,SEN,6581
104,191,1074,1971,243150,0,0.28820999999999997,0.790629,IND,SEN,6581
108,191,1074,1971,1641,0,-0.5225569999999999,-0.438028,IRQ,SEN,6581
111,191,1074,1971,100425,0,2.039661,1.10519,ITA,SEN,6581
118,191,1074,1971,7735,0,-0.868826,-0.796129,KHM,SEN,6581
136,191,1074,1971,810,1356,-0.819129,-0.765004,MDG,SEN,6581
141,191,1074,1971,2642,268912,-0.809425,-0.9098719999999999,MLI,SEN,6581
148,191,1074,1971,0,22087,-0.791432,-0.798547,MRT,SEN,6581
157,191,1074,1971,0,27160,-0.8275610000000001,-0.747424,NER,SEN,6581
162,191,1074,1971,81309,6135,1.3564690000000001,2.749828,NLD,SEN,6581
177,191,1074,1971,11864,0,0.8294520000000001,1.636849,POL,SEN,6581
184,191,1074,1971,0,2603,-1.004604,-0.44332,REU,SEN,6581
186,191,1074,1971,2884,0,0.42000600000000005,0.512301,RUS,SEN,6581
196,191,1074,1971,0,3168,-0.9423530000000001,-0.7621220000000001,SLE,SEN,6581
215,191,1074,1971,0,2579,-0.072395,-0.37341199999999997,TGO,SEN,6581
216,191,1074,1971,56049,0,-0.767467,-0.557866,THA,SEN,6581
231,191,1074,1971,74916,0,1.873357,1.848336,USA,SEN,6581
250,191,1074,1971,2774,1191,0.740793,0.11133,ANS,SEN,6581
52,197,1074,1971,2877,0,0.9643510000000001,0.613066,CRI,SLV,6581
93,197,1074,1971,476485,20719,0.513422,0.31249099999999996,GTM,SLV,6581
104,197,1074,1971,1327,0,0.28820999999999997,0.790629,IND,SLV,6581
160,197,1074,1971,3652,90190,0.21678699999999998,-0.085482,NIC,SLV,6581
172,197,1074,1971,145794,0,1.19222,0.871878,PCZ,SLV,6581
231,197,1074,1971,40818,1285,1.873357,1.848336,USA,SLV,6581
77,205,1074,1971,3634,0,1.7299959999999999,1.562786,FRA,SUR,6581
81,205,1074,1971,2791,0,2.1646669999999997,0.034970999999999995,GBR,SUR,6581
114,205,1074,1971,57440,0,1.862756,2.170372,JPN,SUR,6581
162,205,1074,1971,168242,1732,1.3564690000000001,2.749828,NLD,SUR,6581
18,214,1074,1971,1625,0,1.495689,2.262083,BEL,TCD,6581
45,214,1074,1971,5798,0,-0.735506,-0.605363,CMR,TCD,6581
77,214,1074,1971,69159,0,1.7299959999999999,1.562786,FRA,TCD,6581
159,214,1074,1971,37420,0,-1.6915639999999998,-0.8931879999999999,NGA,TCD,6581
162,214,1074,1971,2539,0,1.3564690000000001,2.749828,NLD,TCD,6581
168,214,1074,1971,73738,0,-0.160556,-0.48263,PAK,TCD,6581
77,215,1074,1971,87954,13420,1.7299959999999999,1.562786,FRA,TGO,6581
104,215,1074,1971,269810,0,0.28820999999999997,0.790629,IND,TGO,6581
111,215,1074,1971,0,2070,2.039661,1.10519,ITA,TGO,6581
168,215,1074,1971,139877,0,-0.160556,-0.48263,PAK,TGO,6581
186,215,1074,1971,1616,0,0.42000600000000005,0.512301,RUS,TGO,6581
191,215,1074,1971,2579,0,-0.100347,-0.469422,SEN,TGO,6581
231,215,1074,1971,5015,0,1.873357,1.848336,USA,TGO,6581
104,230,1074,1971,4393,0,0.28820999999999997,0.790629,IND,URY,6581
179,230,1074,1971,0,2377,0.9233389999999999,1.184635,PRT,URY,6581
97,238,1074,1971,1619,0,1.4643760000000001,1.159238,HKG,VIR,6581
231,238,1074,1971,1722,0,1.873357,1.848336,USA,VIR,6581
43,24,1074,1971,31475,0,0.551566,1.636164,CHN,BHR,6581
104,24,1074,1971,79706,0,0.28820999999999997,0.790629,IND,BHR,6581
107,24,1074,1971,47825,8674,-0.7509680000000001,-0.721083,IRN,BHR,6581
114,24,1074,1971,8288,0,1.862756,2.170372,JPN,BHR,6581
122,24,1074,1971,989,42,-0.589441,-0.5007699999999999,KWT,BHR,6581
168,24,1074,1971,46919,0,-0.160556,-0.48263,PAK,BHR,6581
183,24,1074,1971,0,8834,-1.0228190000000001,-0.519414,QAT,BHR,6581
188,24,1074,1971,0,64651,-1.370577,-0.556488,SAU,BHR,6581
231,24,1074,1971,3247,0,1.873357,1.848336,USA,BHR,6581
71,113,1074,1971,6334,0,0.9618040000000001,1.789808,ESP,JOR,6581
77,113,1074,1971,2343,0,1.7299959999999999,1.562786,FRA,JOR,6581
81,113,1074,1971,3061,0,2.1646669999999997,0.034970999999999995,GBR,JOR,6581
104,113,1074,1971,8989,0,0.28820999999999997,0.790629,IND,JOR,6581
114,113,1074,1971,3186,0,1.862756,2.170372,JPN,JOR,6581
122,113,1074,1971,16024,0,-0.589441,-0.5007699999999999,KWT,JOR,6581
124,113,1074,1971,18509,0,0.6515989999999999,1.542378,LBN,JOR,6581
153,113,1074,1971,3412,0,-0.636547,-0.648471,MYS,JOR,6581
162,113,1074,1971,1747,0,1.3564690000000001,2.749828,NLD,JOR,6581
168,113,1074,1971,139897,0,-0.160556,-0.48263,PAK,JOR,6581
192,113,1074,1971,2373,0,0.540057,0.9167700000000001,SGP,JOR,6581
18,128,1074,1971,16312,0,1.495689,2.262083,BEL,LKA,6581
77,128,1074,1971,337421,0,1.7299959999999999,1.562786,FRA,LKA,6581
81,128,1074,1971,3407,0,2.1646669999999997,0.034970999999999995,GBR,LKA,6581
104,128,1074,1971,70674,0,0.28820999999999997,0.790629,IND,LKA,6581
114,128,1074,1971,261066,0,1.862756,2.170372,JPN,LKA,6581
137,128,1074,1971,0,2433,-1.0491139999999999,-0.298685,MDV,LKA,6581
159,128,1074,1971,0,23110,-1.6915639999999998,-0.8931879999999999,NGA,LKA,6581
162,128,1074,1971,4999,0,1.3564690000000001,2.749828,NLD,LKA,6581
168,128,1074,1971,559343,0,-0.160556,-0.48263,PAK,LKA,6581
192,128,1074,1971,24446,0,0.540057,0.9167700000000001,SGP,LKA,6581
216,128,1074,1971,165802,0,-0.767467,-0.557866,THA,LKA,6581
71,23,1074,1971,0,4518,0.9618040000000001,1.789808,ESP,BGR,6581
77,23,1074,1971,0,3949,1.7299959999999999,1.562786,FRA,BGR,6581
104,23,1074,1971,2066403,0,0.28820999999999997,0.790629,IND,BGR,6581
162,23,1074,1971,1144,0,1.3564690000000001,2.749828,NLD,BGR,6581
168,23,1074,1971,608488,0,-0.160556,-0.48263,PAK,BGR,6581
32,31,1074,1971,54808,0,-0.326897,-0.229088,BRA,BOL,6581
42,31,1074,1971,1712,0,-0.231579,-0.6383479999999999,CHL,BOL,6581
43,31,1074,1971,371615,0,0.551566,1.636164,CHN,BOL,6581
71,31,1074,1971,0,3173,0.9618040000000001,1.789808,ESP,BOL,6581
81,31,1074,1971,204344,0,2.1646669999999997,0.034970999999999995,GBR,BOL,6581
104,31,1074,1971,87122,0,0.28820999999999997,0.790629,IND,BOL,6581
114,31,1074,1971,8379,0,1.862756,2.170372,JPN,BOL,6581
173,31,1074,1971,50206,0,-0.7457020000000001,-0.882229,PER,BOL,6581
231,31,1074,1971,4691,0,1.873357,1.848336,USA,BOL,6581
53,58,1074,1971,0,9723,1.7241369999999998,2.76252,CSK,CYP,6581
61,58,1074,1971,1466,0,2.304817,-1.885431,DEU,CYP,6581
77,58,1074,1971,21024,0,1.7299959999999999,1.562786,FRA,CYP,6581
81,58,1074,1971,73405,0,2.1646669999999997,0.034970999999999995,GBR,CYP,6581
90,58,1074,1971,0,23370,0.373161,0.153613,GRC,CYP,6581
97,58,1074,1971,27061,0,1.4643760000000001,1.159238,HKG,CYP,6581
104,58,1074,1971,217034,0,0.28820999999999997,0.790629,IND,CYP,6581
111,58,1074,1971,2135,0,2.039661,1.10519,ITA,CYP,6581
114,58,1074,1971,8570,0,1.862756,2.170372,JPN,CYP,6581
124,58,1074,1971,12157,0,0.6515989999999999,1.542378,LBN,CYP,6581
162,58,1074,1971,37192,0,1.3564690000000001,2.749828,NLD,CYP,6581
168,58,1074,1971,513296,0,-0.160556,-0.48263,PAK,CYP,6581
208,58,1074,1971,2435,0,2.190846,2.570859,SWE,CYP,6581
250,58,1074,1971,3710,0,0.740793,0.11133,ANS,CYP,6581
71,87,1074,1971,8871,0,0.9618040000000001,1.789808,ESP,GMB,6581
81,87,1074,1971,30014,0,2.1646669999999997,0.034970999999999995,GBR,GMB,6581
104,87,1074,1971,48809,0,0.28820999999999997,0.790629,IND,GMB,6581
162,87,1074,1971,2345,11880,1.3564690000000001,2.749828,NLD,GMB,6581
179,87,1074,1971,0,11292,0.9233389999999999,1.184635,PRT,GMB,6581
39,96,1074,1971,1229,0,0.543049,0.772374,CAN,GUY,6581
61,96,1074,1971,2424,0,2.304817,-1.885431,DEU,GUY,6581
77,96,1074,1971,6472,0,1.7299959999999999,1.562786,FRA,GUY,6581
81,96,1074,1971,56352,0,2.1646669999999997,0.034970999999999995,GBR,GUY,6581
86,96,1074,1971,0,2769,-0.531874,-0.39812800000000004,GLP,GUY,6581
104,96,1074,1971,283260,0,0.28820999999999997,0.790629,IND,GUY,6581
114,96,1074,1971,40394,0,1.862756,2.170372,JPN,GUY,6581
121,96,1074,1971,87946,0,0.804658,0.44236899999999996,KOR,GUY,6581
162,96,1074,1971,293719,0,1.3564690000000001,2.749828,NLD,GUY,6581
222,96,1074,1971,0,1146,0.6038479999999999,-0.19159,TTO,GUY,6581
231,96,1074,1971,111460,0,1.873357,1.848336,USA,GUY,6581
61,116,1074,1971,1013,0,2.304817,-1.885431,DEU,KEN,6581
77,116,1074,1971,0,1630,1.7299959999999999,1.562786,FRA,KEN,6581
81,116,1074,1971,73875,0,2.1646669999999997,0.034970999999999995,GBR,KEN,6581
97,116,1074,1971,17647,0,1.4643760000000001,1.159238,HKG,KEN,6581
104,116,1074,1971,1375099,0,0.28820999999999997,0.790629,IND,KEN,6581
111,116,1074,1971,3263,0,2.039661,1.10519,ITA,KEN,6581
121,116,1074,1971,10886,0,0.804658,0.44236899999999996,KOR,KEN,6581
122,116,1074,1971,0,9048,-0.589441,-0.5007699999999999,KWT,KEN,6581
168,116,1074,1971,273372,0,-0.160556,-0.48263,PAK,KEN,6581
199,116,1074,1971,0,11316,-0.269276,-0.557816,SOM,KEN,6581
247,116,1074,1971,0,9334,-0.8803290000000001,-0.7895399999999999,ZMB,KEN,6581
42,125,1074,1971,0,75739,-0.231579,-0.6383479999999999,CHL,LBR,6581
61,125,1074,1971,1359,0,2.304817,-1.885431,DEU,LBR,6581
68,125,1074,1971,8168,0,0.192492,-0.374212,EGY,LBR,6581
71,125,1074,1971,1059,2098,0.9618040000000001,1.789808,ESP,LBR,6581
77,125,1074,1971,1245,0,1.7299959999999999,1.562786,FRA,LBR,6581
81,125,1074,1971,12284,0,2.1646669999999997,0.034970999999999995,GBR,LBR,6581
104,125,1074,1971,39400,0,0.28820999999999997,0.790629,IND,LBR,6581
162,125,1074,1971,43866,0,1.3564690000000001,2.749828,NLD,LBR,6581
231,125,1074,1971,50809,0,1.873357,1.848336,USA,LBR,6581
18,148,1074,1971,1996,0,1.495689,2.262083,BEL,MRT,6581
46,148,1074,1971,0,2471,-1.16333,-0.708263,COD,MRT,6581
47,148,1074,1971,0,14302,-0.9411219999999999,-0.728664,COG,MRT,6581
68,148,1074,1971,3100,0,0.192492,-0.374212,EGY,MRT,6581
77,148,1074,1971,48156,2277,1.7299959999999999,1.562786,FRA,MRT,6581
111,148,1074,1971,1651,0,2.039661,1.10519,ITA,MRT,6581
118,148,1074,1971,4646,0,-0.868826,-0.796129,KHM,MRT,6581
134,148,1074,1971,9455,0,-0.016735,-0.41776599999999997,MAR,MRT,6581
191,148,1074,1971,22087,0,-0.100347,-0.469422,SEN,MRT,6581
216,148,1074,1971,3818,0,-0.767467,-0.557866,THA,MRT,6581
231,148,1074,1971,8489,0,1.873357,1.848336,USA,MRT,6581
24,183,1074,1971,8834,0,0.811757,-0.086967,BHR,QAT,6581
61,183,1074,1971,1002,0,2.304817,-1.885431,DEU,QAT,6581
77,183,1074,1971,2364,0,1.7299959999999999,1.562786,FRA,QAT,6581
104,183,1074,1971,100196,0,0.28820999999999997,0.790629,IND,QAT,6581
8,184,1074,1971,3177,0,0.0024230000000000002,0.084024,ARG,REU,6581
18,184,1074,1971,4067,0,1.495689,2.262083,BEL,REU,6581
32,184,1074,1971,5934,0,-0.326897,-0.229088,BRA,REU,6581
33,184,1074,1971,3187,0,0.935667,0.839299,BRB,REU,6581
43,184,1074,1971,1635,0,0.551566,1.636164,CHN,REU,6581
77,184,1074,1971,7775,0,1.7299959999999999,1.562786,FRA,REU,6581
104,184,1074,1971,6083,0,0.28820999999999997,0.790629,IND,REU,6581
111,184,1074,1971,9263,0,2.039661,1.10519,ITA,REU,6581
136,184,1074,1971,45018,13216,-0.819129,-0.765004,MDG,REU,6581
157,184,1074,1971,2996,0,-0.8275610000000001,-0.747424,NER,REU,6581
191,184,1074,1971,2603,0,-0.100347,-0.469422,SEN,REU,6581
216,184,1074,1971,14783,0,-0.767467,-0.557866,THA,REU,6581
246,184,1074,1971,72933,0,-0.285408,-0.146573,ZAF,REU,6581
61,185,1074,1971,3020,0,2.304817,-1.885431,DEU,ROU,6581
77,185,1074,1971,34341,5500,1.7299959999999999,1.562786,FRA,ROU,6581
104,185,1074,1971,577423,0,0.28820999999999997,0.790629,IND,ROU,6581
168,185,1074,1971,895189,0,-0.160556,-0.48263,PAK,ROU,6581
179,185,1074,1971,0,3274,0.9233389999999999,1.184635,PRT,ROU,6581
245,185,1074,1971,97202,0,1.106614,2.43735,YUG,ROU,6581
18,188,1074,1971,5030,0,1.495689,2.262083,BEL,SAU,6581
24,188,1074,1971,64651,0,0.811757,-0.086967,BHR,SAU,6581
77,188,1074,1971,79025,0,1.7299959999999999,1.562786,FRA,SAU,6581
104,188,1074,1971,244367,0,0.28820999999999997,0.790629,IND,SAU,6581
122,188,1074,1971,121958,4291,-0.589441,-0.5007699999999999,KWT,SAU,6581
124,188,1074,1971,5450,0,0.6515989999999999,1.542378,LBN,SAU,6581
168,188,1074,1971,521098,0,-0.160556,-0.48263,PAK,SAU,6581
216,188,1074,1971,21206,0,-0.767467,-0.557866,THA,SAU,6581
231,188,1074,1971,30992,0,1.873357,1.848336,USA,SAU,6581
14,190,1074,1971,10388,0,0.019735,0.02329,AUS,SDN,6581
71,190,1074,1971,0,5036,0.9618040000000001,1.789808,ESP,SDN,6581
77,190,1074,1971,91086,13013,1.7299959999999999,1.562786,FRA,SDN,6581
104,190,1074,1971,10212949,0,0.28820999999999997,0.790629,IND,SDN,6581
162,190,1074,1971,0,4563,1.3564690000000001,2.749828,NLD,SDN,6581
168,190,1074,1971,475729,0,-0.160556,-0.48263,PAK,SDN,6581
179,190,1074,1971,0,3771,0.9233389999999999,1.184635,PRT,SDN,6581
231,190,1074,1971,0,7172,1.873357,1.848336,USA,SDN,6581
77,212,1074,1971,57683,0,1.7299959999999999,1.562786,FRA,SYR,6581
81,212,1074,1971,26978,0,2.1646669999999997,0.034970999999999995,GBR,SYR,6581
104,212,1074,1971,786345,0,0.28820999999999997,0.790629,IND,SYR,6581
122,212,1074,1971,2765,0,-0.589441,-0.5007699999999999,KWT,SYR,6581
124,212,1074,1971,3454,0,0.6515989999999999,1.542378,LBN,SYR,6581
162,212,1074,1971,15214,0,1.3564690000000001,2.749828,NLD,SYR,6581
168,212,1074,1971,666409,0,-0.160556,-0.48263,PAK,SYR,6581
18,223,1074,1971,16469,0,1.495689,2.262083,BEL,TUN,6581
61,223,1074,1971,5511,0,2.304817,-1.885431,DEU,TUN,6581
64,223,1074,1971,91002,0,1.5224870000000001,2.45498,DNK,TUN,6581
71,223,1074,1971,219266,1305,0.9618040000000001,1.789808,ESP,TUN,6581
77,223,1074,1971,107330,8554,1.7299959999999999,1.562786,FRA,TUN,6581
81,223,1074,1971,47504,0,2.1646669999999997,0.034970999999999995,GBR,TUN,6581
111,223,1074,1971,61374,0,2.039661,1.10519,ITA,TUN,6581
126,223,1074,1971,9927,0,-2.1829009999999998,-0.541129,LBY,TUN,6581
162,223,1074,1971,8084,0,1.3564690000000001,2.749828,NLD,TUN,6581
231,223,1074,1971,4367,0,1.873357,1.848336,USA,TUN,6581
18,224,1074,1971,19226,0,1.495689,2.262083,BEL,TUR,6581
61,224,1074,1971,23221,0,2.304817,-1.885431,DEU,TUR,6581
66,224,1074,1971,0,13445,-0.42629399999999995,-0.612192,DZA,TUR,6581
71,224,1074,1971,0,8726,0.9618040000000001,1.789808,ESP,TUR,6581
77,224,1074,1971,36939,2872,1.7299959999999999,1.562786,FRA,TUR,6581
104,224,1074,1971,438688,0,0.28820999999999997,0.790629,IND,TUR,6581
111,224,1074,1971,14030,0,2.039661,1.10519,ITA,TUR,6581
124,224,1074,1971,26015,0,0.6515989999999999,1.542378,LBN,TUR,6581
162,224,1074,1971,36171,0,1.3564690000000001,2.749828,NLD,TUR,6581
168,224,1074,1971,449917,0,-0.160556,-0.48263,PAK,TUR,6581
179,224,1074,1971,904,1225,0.9233389999999999,1.184635,PRT,TUR,6581
104,1,1074,1971,3250,0,0.28820999999999997,0.790629,IND,AFG,6581
168,1,1074,1971,26878,38534,-0.160556,-0.48263,PAK,AFG,6581
81,7,1074,1971,1473,0,2.1646669999999997,0.034970999999999995,GBR,ARE,6581
104,7,1074,1971,154396,0,0.28820999999999997,0.790629,IND,ARE,6581
122,7,1074,1971,1127,0,-0.589441,-0.5007699999999999,KWT,ARE,6581
168,7,1074,1971,18378,0,-0.160556,-0.48263,PAK,ARE,6581
81,29,1074,1971,2304,0,2.1646669999999997,0.034970999999999995,GBR,BLZ,6581
231,29,1074,1971,13486,0,1.873357,1.848336,USA,BLZ,6581
153,34,1074,1971,0,1954,-0.636547,-0.648471,MYS,BRN,6581
192,34,1074,1971,1010,0,0.540057,0.9167700000000001,SGP,BRN,6581
192,56,1074,1971,75710,0,0.540057,0.9167700000000001,SGP,CXR,6581
77,62,1074,1971,5281,0,1.7299959999999999,1.562786,FRA,DJI,6581
168,62,1074,1971,43808,0,-0.160556,-0.48263,PAK,DJI,6581
81,63,1074,1971,8956,0,2.1646669999999997,0.034970999999999995,GBR,DMA,6581
222,63,1074,1971,1960,0,0.6038479999999999,-0.19159,TTO,DMA,6581
71,73,1074,1971,0,3446,0.9618040000000001,1.789808,ESP,ETH,6581
77,73,1074,1971,8896,2946,1.7299959999999999,1.562786,FRA,ETH,6581
81,73,1074,1971,2072,0,2.1646669999999997,0.034970999999999995,GBR,ETH,6581
104,73,1074,1971,69304,0,0.28820999999999997,0.790629,IND,ETH,6581
111,73,1074,1971,1470,0,2.039661,1.10519,ITA,ETH,6581
162,73,1074,1971,2965,0,1.3564690000000001,2.749828,NLD,ETH,6581
104,75,1074,1971,140763,0,0.28820999999999997,0.790629,IND,FJI,6581
114,75,1074,1971,108235,0,1.862756,2.170372,JPN,FJI,6581
119,75,1074,1971,0,3833,-0.293501,-0.245119,KIR,FJI,6581
162,75,1074,1971,3010,0,1.3564690000000001,2.749828,NLD,FJI,6581
166,75,1074,1971,1736,3021,0.188851,-0.346439,NZL,FJI,6581
168,75,1074,1971,8611,0,-0.160556,-0.48263,PAK,FJI,6581
216,75,1074,1971,30980,0,-0.767467,-0.557866,THA,FJI,6581
77,118,1074,1971,0,1701,1.7299959999999999,1.562786,FRA,KHM,6581
148,118,1074,1971,0,4646,-0.791432,-0.798547,MRT,KHM,6581
191,118,1074,1971,0,7735,-0.100347,-0.469422,SEN,KHM,6581
231,118,1074,1971,24501,0,1.873357,1.848336,USA,KHM,6581
14,119,1074,1971,1109,0,0.019735,0.02329,AUS,KIR,6581
75,119,1074,1971,3833,0,0.057053,-0.490021,FJI,KIR,6581
114,119,1074,1971,4189,0,1.862756,2.170372,JPN,KIR,6581
81,120,1074,1971,6190,0,2.1646669999999997,0.034970999999999995,GBR,KNA,6581
222,120,1074,1971,1492,0,0.6038479999999999,-0.19159,TTO,KNA,6581
231,120,1074,1971,1086,0,1.873357,1.848336,USA,KNA,6581
14,123,1074,1971,972,0,0.019735,0.02329,AUS,LAO,6581
97,123,1074,1971,10971,0,1.4643760000000001,1.159238,HKG,LAO,6581
114,123,1074,1971,2975,0,1.862756,2.170372,JPN,LAO,6581
192,123,1074,1971,95847,0,0.540057,0.9167700000000001,SGP,LAO,6581
216,123,1074,1971,1074134,1512,-0.767467,-0.557866,THA,LAO,6581
231,123,1074,1971,12248,0,1.873357,1.848336,USA,LAO,6581
44,136,1074,1971,0,22784,-0.719483,-0.700326,CIV,MDG,6581
50,136,1074,1971,0,10926,-0.9335969999999999,-0.497874,COM,MDG,6581
61,136,1074,1971,43878,1720,2.304817,-1.885431,DEU,MDG,6581
66,136,1074,1971,0,1502,-0.42629399999999995,-0.612192,DZA,MDG,6581
71,136,1074,1971,0,1501,0.9618040000000001,1.789808,ESP,MDG,6581
77,136,1074,1971,113016,35371,1.7299959999999999,1.562786,FRA,MDG,6581
81,136,1074,1971,0,7050,2.1646669999999997,0.034970999999999995,GBR,MDG,6581
111,136,1074,1971,3258,0,2.039661,1.10519,ITA,MDG,6581
151,136,1074,1971,220308,0,-0.592737,-0.767588,MUS,MDG,6581
157,136,1074,1971,0,3840,-0.8275610000000001,-0.747424,NER,MDG,6581
162,136,1074,1971,6793,0,1.3564690000000001,2.749828,NLD,MDG,6581
184,136,1074,1971,13216,45018,-1.004604,-0.44332,REU,MDG,6581
191,136,1074,1971,1356,810,-0.100347,-0.469422,SEN,MDG,6581
231,136,1074,1971,0,2408,1.873357,1.848336,USA,MDG,6581
71,143,1074,1971,0,1929,0.9618040000000001,1.789808,ESP,MMR,6581
104,143,1074,1971,1501232,0,0.28820999999999997,0.790629,IND,MMR,6581
168,143,1074,1971,1060790,0,-0.160556,-0.48263,PAK,MMR,6581
77,151,1074,1971,107082,136996,1.7299959999999999,1.562786,FRA,MUS,6581
104,151,1074,1971,42262,0,0.28820999999999997,0.790629,IND,MUS,6581
136,151,1074,1971,0,220308,-0.819129,-0.765004,MDG,MUS,6581
211,151,1074,1971,0,2108,-1.0993899999999999,-0.627599,SYC,MUS,6581
246,151,1074,1971,0,202945,-0.285408,-0.146573,ZAF,MUS,6581
247,151,1074,1971,0,3724,-0.8803290000000001,-0.7895399999999999,ZMB,MUS,6581
249,151,1074,1971,1401,0,1.123146,1.440067,TWN,MUS,6581
71,152,1074,1971,0,2057,0.9618040000000001,1.789808,ESP,MWI,6581
77,152,1074,1971,0,1752,1.7299959999999999,1.562786,FRA,MWI,6581
81,152,1074,1971,1301,0,2.1646669999999997,0.034970999999999995,GBR,MWI,6581
97,152,1074,1971,20257,0,1.4643760000000001,1.159238,HKG,MWI,6581
104,152,1074,1971,75323,0,0.28820999999999997,0.790629,IND,MWI,6581
168,152,1074,1971,168456,0,-0.160556,-0.48263,PAK,MWI,6581
179,152,1074,1971,0,2980,0.9233389999999999,1.184635,PRT,MWI,6581
246,152,1074,1971,60372,0,-0.285408,-0.146573,ZAF,MWI,6581
248,152,1074,1971,19941,0,1.131751,0.87282,ZWE,MWI,6581
77,156,1074,1971,14303,0,1.7299959999999999,1.562786,FRA,NCL,6581
97,156,1074,1971,57175,0,1.4643760000000001,1.159238,HKG,NCL,6581
114,156,1074,1971,1030,0,1.862756,2.170372,JPN,NCL,6581
166,156,1074,1971,1142,0,0.188851,-0.346439,NZL,NCL,6581
61,164,1074,1971,0,36919,2.304817,-1.885431,DEU,NPL,6581
77,164,1074,1971,18553,0,1.7299959999999999,1.562786,FRA,NPL,6581
104,164,1074,1971,64937,0,0.28820999999999997,0.790629,IND,NPL,6581
192,164,1074,1971,0,72679,0.540057,0.9167700000000001,SGP,NPL,6581
61,167,1074,1971,6119,0,2.304817,-1.885431,DEU,OMN,6581
77,167,1074,1971,2716,0,1.7299959999999999,1.562786,FRA,OMN,6581
104,167,1074,1971,258702,0,0.28820999999999997,0.790629,IND,OMN,6581
107,167,1074,1971,0,2121,-0.7509680000000001,-0.721083,IRN,OMN,6581
168,167,1074,1971,11359,0,-0.160556,-0.48263,PAK,OMN,6581
231,170,1074,1971,13287,0,1.873357,1.848336,USA,PCI,6581
14,176,1074,1971,70555,0,0.019735,0.02329,AUS,PNG,6581
97,176,1074,1971,1838,0,1.4643760000000001,1.159238,HKG,PNG,6581
104,176,1074,1971,91711,0,0.28820999999999997,0.790629,IND,PNG,6581
114,176,1074,1971,42239,0,1.862756,2.170372,JPN,PNG,6581
166,176,1074,1971,14786,0,0.188851,-0.346439,NZL,PNG,6581
168,176,1074,1971,363544,0,-0.160556,-0.48263,PAK,PNG,6581
192,176,1074,1971,1343,0,0.540057,0.9167700000000001,SGP,PNG,6581
77,182,1074,1971,25069,0,1.7299959999999999,1.562786,FRA,PYF,6581
14,195,1074,1971,12971,0,0.019735,0.02329,AUS,SLB,6581
81,195,1074,1971,8520,0,2.1646669999999997,0.034970999999999995,GBR,SLB,6581
97,195,1074,1971,4166,0,1.4643760000000001,1.159238,HKG,SLB,6581
114,195,1074,1971,1331,0,1.862756,2.170372,JPN,SLB,6581
81,211,1074,1971,1955,0,2.1646669999999997,0.034970999999999995,GBR,SYC,6581
104,211,1074,1971,12039,0,0.28820999999999997,0.790629,IND,SYC,6581
114,211,1074,1971,1509,0,1.862756,2.170372,JPN,SYC,6581
151,211,1074,1971,2108,0,-0.592737,-0.767588,MUS,SYC,6581
216,211,1074,1971,8388,0,-0.767467,-0.557866,THA,SYC,6581
179,220,1074,1971,0,2738,0.9233389999999999,1.184635,PRT,TLS,6581
192,220,1074,1971,34190,0,0.540057,0.9167700000000001,SGP,TLS,6581
18,226,1074,1971,2099,0,1.495689,2.262083,BEL,TZA,6581
61,226,1074,1971,2017,0,2.304817,-1.885431,DEU,TZA,6581
71,226,1074,1971,0,5380,0.9618040000000001,1.789808,ESP,TZA,6581
77,226,1074,1971,32997,12170,1.7299959999999999,1.562786,FRA,TZA,6581
81,226,1074,1971,21421,0,2.1646669999999997,0.034970999999999995,GBR,TZA,6581
97,226,1074,1971,6361,0,1.4643760000000001,1.159238,HKG,TZA,6581
104,226,1074,1971,1842092,0,0.28820999999999997,0.790629,IND,TZA,6581
162,226,1074,1971,3636,0,1.3564690000000001,2.749828,NLD,TZA,6581
168,226,1074,1971,710767,0,-0.160556,-0.48263,PAK,TZA,6581
71,227,1074,1971,0,12032,0.9618040000000001,1.789808,ESP,UGA,6581
77,227,1074,1971,2172,1959,1.7299959999999999,1.562786,FRA,UGA,6581
97,227,1074,1971,6532,0,1.4643760000000001,1.159238,HKG,UGA,6581
104,227,1074,1971,254908,0,0.28820999999999997,0.790629,IND,UGA,6581
114,227,1074,1971,7084,0,1.862756,2.170372,JPN,UGA,6581
18,239,1074,1971,10654,0,1.495689,2.262083,BEL,VNM,6581
77,239,1074,1971,81390,0,1.7299959999999999,1.562786,FRA,VNM,6581
153,239,1074,1971,158591,0,-0.636547,-0.648471,MYS,VNM,6581
192,239,1074,1971,243735,0,0.540057,0.9167700000000001,SGP,VNM,6581
231,239,1074,1971,910893,0,1.873357,1.848336,USA,VNM,6581
14,240,1074,1971,1998,0,0.019735,0.02329,AUS,VUT,6581
97,240,1074,1971,16304,0,1.4643760000000001,1.159238,HKG,VUT,6581
114,240,1074,1971,3971,0,1.862756,2.170372,JPN,VUT,6581
192,240,1074,1971,1969,0,0.540057,0.9167700000000001,SGP,VUT,6581
166,242,1074,1971,31745,0,0.188851,-0.346439,NZL,WSM,6581
77,243,1074,1971,40470,0,1.7299959999999999,1.562786,FRA,YEM,6581
81,243,1074,1971,2271,0,2.1646669999999997,0.034970999999999995,GBR,YEM,6581
104,243,1074,1971,3696,0,0.28820999999999997,0.790629,IND,YEM,6581
152,248,1074,1971,0,19941,-0.435749,-0.6851649999999999,MWI,ZWE,6581
45,38,1074,1971,0,4874,-0.735506,-0.605363,CMR,CAF,6581
77,38,1074,1971,52988,1806,1.7299959999999999,1.562786,FRA,CAF,6581
111,38,1074,1971,1278,0,2.039661,1.10519,ITA,CAF,6581
191,38,1074,1971,15261,0,-0.100347,-0.469422,SEN,CAF,6581
245,38,1074,1971,4903,0,1.106614,2.43735,YUG,CAF,6581
162,70,1074,1971,12370,0,1.3564690000000001,2.749828,NLD,ESH,6581
97,178,1074,1971,86647,0,1.4643760000000001,1.159238,HKG,PRK,6581
104,178,1074,1971,91779,0,0.28820999999999997,0.790629,IND,PRK,6581
168,178,1074,1971,67321,0,-0.160556,-0.48263,PAK,PRK,6581
68,199,1074,1971,50705,0,0.192492,-0.374212,EGY,SOM,6581
77,199,1074,1971,8259,0,1.7299959999999999,1.562786,FRA,SOM,6581
104,199,1074,1971,72641,0,0.28820999999999997,0.790629,IND,SOM,6581
111,199,1074,1971,243175,0,2.039661,1.10519,ITA,SOM,6581
116,199,1074,1971,11316,0,-0.119521,0.044922000000000004,KEN,SOM,6581
168,199,1074,1971,9695,0,-0.160556,-0.48263,PAK,SOM,6581
192,199,1074,1971,7462,0,0.540057,0.9167700000000001,SGP,SOM,6581
244,199,1074,1971,8807,0,-1.106739,-0.692533,YMD,SOM,6581
18,17,1074,1971,3706,0,1.495689,2.262083,BEL,BDI,6581
61,17,1074,1971,1003,0,2.304817,-1.885431,DEU,BDI,6581
71,89,1074,1971,336394,65597,0.9618040000000001,1.789808,ESP,GNQ,6581
104,89,1074,1971,93696,0,0.28820999999999997,0.790629,IND,GNQ,6581
77,94,1074,1971,2891,0,1.7299959999999999,1.562786,FRA,GUF,6581
18,187,1074,1971,19077,0,1.495689,2.262083,BEL,RWA,6581
61,196,1074,1971,2029,0,2.304817,-1.885431,DEU,SLE,6581
71,196,1074,1971,0,3874,0.9618040000000001,1.789808,ESP,SLE,6581
77,196,1074,1971,16864,0,1.7299959999999999,1.562786,FRA,SLE,6581
81,196,1074,1971,26966,0,2.1646669999999997,0.034970999999999995,GBR,SLE,6581
104,196,1074,1971,88307,0,0.28820999999999997,0.790629,IND,SLE,6581
121,196,1074,1971,73570,0,0.804658,0.44236899999999996,KOR,SLE,6581
191,196,1074,1971,3168,0,-0.100347,-0.469422,SEN,SLE,6581
231,196,1074,1971,56030,0,1.873357,1.848336,USA,SLE,6581
77,235,1074,1971,1650,0,1.7299959999999999,1.562786,FRA,VDR,6581
44,157,1074,1971,0,8217,-0.719483,-0.700326,CIV,NER,6581
66,157,1074,1971,8709,0,-0.42629399999999995,-0.612192,DZA,NER,6581
77,157,1074,1971,109446,0,1.7299959999999999,1.562786,FRA,NER,6581
111,157,1074,1971,1769,0,2.039661,1.10519,ITA,NER,6581
136,157,1074,1971,3840,0,-0.819129,-0.765004,MDG,NER,6581
159,157,1074,1971,84975,0,-1.6915639999999998,-0.8931879999999999,NGA,NER,6581
162,157,1074,1971,2354,0,1.3564690000000001,2.749828,NLD,NER,6581
184,157,1074,1971,0,2996,-1.004604,-0.44332,REU,NER,6581
191,157,1074,1971,27160,0,-0.100347,-0.469422,SEN,NER,6581
231,157,1074,1971,2272,0,1.873357,1.848336,USA,NER,6581
250,157,1074,1971,2103,0,0.740793,0.11133,ANS,NER,6581
77,50,1074,1971,10212,0,1.7299959999999999,1.562786,FRA,COM,6581
136,50,1074,1971,10926,0,-0.819129,-0.765004,MDG,COM,6581
39,200,1074,1971,2647,0,0.543049,0.772374,CAN,SPM,6581
162,200,1074,1971,1925,0,1.3564690000000001,2.749828,NLD,SPM,6581
81,78,1074,1971,1808,0,2.1646669999999997,0.034970999999999995,GBR,FRO,6581
222,127,1074,1971,4303,0,0.6038479999999999,-0.19159,TTO,LCA,6581
222,234,1074,1971,10505,0,0.6038479999999999,-0.19159,TTO,VCT,6581
104,137,1074,1971,6415,0,0.28820999999999997,0.790629,IND,MDV,6581
128,137,1074,1971,2433,0,-1.144836,-0.753853,LKA,MDV,6581
44,14,730,1971,183084,0,-0.719483,-0.700326,CIV,AUS,0723
61,14,730,1971,1003,0,2.304817,-1.885431,DEU,AUS,0723
81,14,730,1971,207885,0,2.1646669999999997,0.034970999999999995,GBR,AUS,0723
83,14,730,1971,1283973,0,-0.948254,-0.880582,GHA,AUS,0723
102,14,730,1971,9218,0,0.8639760000000001,1.2125059999999999,HUN,AUS,0723
114,14,730,1971,1430041,0,1.862756,2.170372,JPN,AUS,0723
159,14,730,1971,106365,0,-1.6915639999999998,-0.8931879999999999,NGA,AUS,0723
162,14,730,1971,191797,0,1.3564690000000001,2.749828,NLD,AUS,0723
166,14,730,1971,0,74203,0.188851,-0.346439,NZL,AUS,0723
174,14,730,1971,16532,0,-0.39003899999999997,-0.709147,PHL,AUS,0723
192,14,730,1971,50858,0,0.540057,0.9167700000000001,SGP,AUS,0723
231,14,730,1971,9369,0,1.873357,1.848336,USA,AUS,0723
41,15,730,1971,50544,154573,2.242028,1.9425029999999999,CHE,AUT,0723
44,15,730,1971,25713,0,-0.719483,-0.700326,CIV,AUT,0723
61,15,730,1971,375595,0,2.304817,-1.885431,DEU,AUT,0723
81,15,730,1971,125056,42256,2.1646669999999997,0.034970999999999995,GBR,AUT,0723
110,15,730,1971,0,1239,0.8357530000000001,0.8589479999999999,ISR,AUT,0723
111,15,730,1971,47908,0,2.039661,1.10519,ITA,AUT,0723
159,15,730,1971,5523,0,-1.6915639999999998,-0.8931879999999999,NGA,AUT,0723
162,15,730,1971,857782,131120,1.3564690000000001,2.749828,NLD,AUT,0723
245,15,730,1971,0,212750,1.106614,2.43735,YUG,AUT,0723
32,18,730,1971,6016,0,-0.326897,-0.229088,BRA,BEL,0723
39,18,730,1971,0,266322,0.543049,0.772374,CAN,BEL,0723
44,18,730,1971,48067,0,-0.719483,-0.700326,CIV,BEL,0723
45,18,730,1971,22012,0,-0.735506,-0.605363,CMR,BEL,0723
61,18,730,1971,665928,7143,2.304817,-1.885431,DEU,BEL,0723
66,18,730,1971,0,12717,-0.42629399999999995,-0.612192,DZA,BEL,0723
71,18,730,1971,39365,0,0.9618040000000001,1.789808,ESP,BEL,0723
77,18,730,1971,24724,50978,1.7299959999999999,1.562786,FRA,BEL,0723
83,18,730,1971,1689,0,-0.948254,-0.880582,GHA,BEL,0723
111,18,730,1971,19896,8728,2.039661,1.10519,ITA,BEL,0723
159,18,730,1971,92661,0,-1.6915639999999998,-0.8931879999999999,NGA,BEL,0723
162,18,730,1971,12133792,238467,1.3564690000000001,2.749828,NLD,BEL,0723
224,18,730,1971,0,18358,-0.443655,-0.521285,TUR,BEL,0723
231,18,730,1971,0,33320,1.873357,1.848336,USA,BEL,0723
238,18,730,1971,0,2248,0.806248,-0.070153,VIR,BEL,0723
18,39,730,1971,266322,0,1.495689,2.262083,BEL,CAN,0723
32,39,730,1971,717929,0,-0.326897,-0.229088,BRA,CAN,0723
44,39,730,1971,60138,0,-0.719483,-0.700326,CIV,CAN,0723
54,39,730,1971,63107,0,0.12061400000000001,-0.6260180000000001,CUB,CAN,0723
61,39,730,1971,155701,0,2.304817,-1.885431,DEU,CAN,0723
67,39,730,1971,75423,0,-0.8731540000000001,-0.931018,ECU,CAN,0723
81,39,730,1971,1785458,0,2.1646669999999997,0.034970999999999995,GBR,CAN,0723
83,39,730,1971,2808433,0,-0.948254,-0.880582,GHA,CAN,0723
106,39,730,1971,95149,0,1.0895219999999999,1.885416,IRL,CAN,0723
112,39,730,1971,31714,0,0.283952,-0.541592,JAM,CAN,0723
159,39,730,1971,19875,0,-1.6915639999999998,-0.8931879999999999,NGA,CAN,0723
162,39,730,1971,2271514,0,1.3564690000000001,2.749828,NLD,CAN,0723
222,39,730,1971,6468,0,0.6038479999999999,-0.19159,TTO,CAN,0723
231,39,730,1971,562813,0,1.873357,1.848336,USA,CAN,0723
236,39,730,1971,21291,0,-0.9655290000000001,-0.651151,VEN,CAN,0723
15,41,730,1971,154573,50544,1.984568,0.9571209999999999,AUT,CHE,0723
44,41,730,1971,88131,0,-0.719483,-0.700326,CIV,CHE,0723
45,41,730,1971,18837,0,-0.735506,-0.605363,CMR,CHE,0723
61,41,730,1971,1037306,3225,2.304817,-1.885431,DEU,CHE,0723
71,41,730,1971,3386,3617,0.9618040000000001,1.789808,ESP,CHE,0723
77,41,730,1971,110975,5416,1.7299959999999999,1.562786,FRA,CHE,0723
81,41,730,1971,56724,0,2.1646669999999997,0.034970999999999995,GBR,CHE,0723
83,41,730,1971,994,0,-0.948254,-0.880582,GHA,CHE,0723
90,41,730,1971,5163,0,0.373161,0.153613,GRC,CHE,0723
111,41,730,1971,2182890,0,2.039661,1.10519,ITA,CHE,0723
159,41,730,1971,12566,0,-1.6915639999999998,-0.8931879999999999,NGA,CHE,0723
162,41,730,1971,6238439,0,1.3564690000000001,2.749828,NLD,CHE,0723
224,41,730,1971,0,1829,-0.443655,-0.521285,TUR,CHE,0723
45,53,730,1971,653612,0,-0.735506,-0.605363,CMR,CSK,0723
14,61,730,1971,0,1003,0.019735,0.02329,AUS,DEU,0723
15,61,730,1971,0,375595,1.984568,0.9571209999999999,AUT,DEU,0723
18,61,730,1971,7143,665928,1.495689,2.262083,BEL,DEU,0723
32,61,730,1971,605364,0,-0.326897,-0.229088,BRA,DEU,0723
39,61,730,1971,0,155701,0.543049,0.772374,CAN,DEU,0723
41,61,730,1971,3225,1037306,2.242028,1.9425029999999999,CHE,DEU,0723
44,61,730,1971,1201128,0,-0.719483,-0.700326,CIV,DEU,0723
45,61,730,1971,2347902,0,-0.735506,-0.605363,CMR,DEU,0723
58,61,730,1971,0,1980,0.266353,-0.404526,CYP,DEU,0723
64,61,730,1971,0,6016,1.5224870000000001,2.45498,DNK,DEU,0723
66,61,730,1971,0,906,-0.42629399999999995,-0.612192,DZA,DEU,0723
67,61,730,1971,22641,0,-0.8731540000000001,-0.931018,ECU,DEU,0723
71,61,730,1971,176791,20146,0.9618040000000001,1.789808,ESP,DEU,0723
74,61,730,1971,0,88381,1.382261,1.410232,FIN,DEU,0723
77,61,730,1971,500097,21799,1.7299959999999999,1.562786,FRA,DEU,0723
81,61,730,1971,26496,176008,2.1646669999999997,0.034970999999999995,GBR,DEU,0723
83,61,730,1971,34803,0,-0.948254,-0.880582,GHA,DEU,0723
106,61,730,1971,0,27896,1.0895219999999999,1.885416,IRL,DEU,0723
109,61,730,1971,0,17765,0.12083900000000002,-0.37900100000000003,ISL,DEU,0723
110,61,730,1971,0,470098,0.8357530000000001,0.8589479999999999,ISR,DEU,0723
111,61,730,1971,712220,4037,2.039661,1.10519,ITA,DEU,0723
114,61,730,1971,0,2611160,1.862756,2.170372,JPN,DEU,0723
138,61,730,1971,98794,0,0.694692,1.631725,MEX,DEU,0723
159,61,730,1971,307478,0,-1.6915639999999998,-0.8931879999999999,NGA,DEU,0723
162,61,730,1971,18389558,1451189,1.3564690000000001,2.749828,NLD,DEU,0723
208,61,730,1971,0,23090,2.190846,2.570859,SWE,DEU,0723
224,61,730,1971,0,8757,-0.443655,-0.521285,TUR,DEU,0723
231,61,730,1971,0,2221071,1.873357,1.848336,USA,DEU,0723
61,64,730,1971,6016,0,2.304817,-1.885431,DEU,DNK,0723
81,64,730,1971,1301,0,2.1646669999999997,0.034970999999999995,GBR,DNK,0723
110,64,730,1971,0,6105,0.8357530000000001,0.8589479999999999,ISR,DNK,0723
162,64,730,1971,796773,0,1.3564690000000001,2.749828,NLD,DNK,0723
208,64,730,1971,303214,30175,2.190846,2.570859,SWE,DNK,0723
18,77,730,1971,50978,24724,1.495689,2.262083,BEL,FRA,0723
41,77,730,1971,5416,110975,2.242028,1.9425029999999999,CHE,FRA,0723
44,77,730,1971,10675696,0,-0.719483,-0.700326,CIV,FRA,0723
45,77,730,1971,5751398,0,-0.735506,-0.605363,CMR,FRA,0723
61,77,730,1971,21799,500097,2.304817,-1.885431,DEU,FRA,0723
66,77,730,1971,0,12495,-0.42629399999999995,-0.612192,DZA,FRA,0723
110,77,730,1971,0,8510,0.8357530000000001,0.8589479999999999,ISR,FRA,0723
111,77,730,1971,186083,48157,2.039661,1.10519,ITA,FRA,0723
134,77,730,1971,0,2244,-0.016735,-0.41776599999999997,MAR,FRA,0723
162,77,730,1971,830679,63875,1.3564690000000001,2.749828,NLD,FRA,0723
184,77,730,1971,0,1516,-1.004604,-0.44332,REU,FRA,0723
223,77,730,1971,0,2509,-0.28817,-0.6084189999999999,TUN,FRA,0723
224,77,730,1971,0,22199,-0.443655,-0.521285,TUR,FRA,0723
14,81,730,1971,0,207885,0.019735,0.02329,AUS,GBR,0723
15,81,730,1971,42256,125056,1.984568,0.9571209999999999,AUT,GBR,0723
23,81,730,1971,45438,0,0.65271,1.027758,BGR,GBR,0723
32,81,730,1971,3244058,0,-0.326897,-0.229088,BRA,GBR,0723
39,81,730,1971,0,1785458,0.543049,0.772374,CAN,GBR,0723
41,81,730,1971,0,56724,2.242028,1.9425029999999999,CHE,GBR,0723
44,81,730,1971,37341,0,-0.719483,-0.700326,CIV,GBR,0723
45,81,730,1971,537478,0,-0.735506,-0.605363,CMR,GBR,0723
54,81,730,1971,56842,0,0.12061400000000001,-0.6260180000000001,CUB,GBR,0723
58,81,730,1971,0,1044,0.266353,-0.404526,CYP,GBR,0723
61,81,730,1971,176008,26496,2.304817,-1.885431,DEU,GBR,0723
64,81,730,1971,0,1301,1.5224870000000001,2.45498,DNK,GBR,0723
68,81,730,1971,0,1743,0.192492,-0.374212,EGY,GBR,0723
71,81,730,1971,12028,0,0.9618040000000001,1.789808,ESP,GBR,0723
83,81,730,1971,6894013,0,-0.948254,-0.880582,GHA,GBR,0723
106,81,730,1971,204411,2536039,1.0895219999999999,1.885416,IRL,GBR,0723
107,81,730,1971,0,86628,-0.7509680000000001,-0.721083,IRN,GBR,0723
108,81,730,1971,0,72386,-0.5225569999999999,-0.438028,IRQ,GBR,0723
109,81,730,1971,0,38957,0.12083900000000002,-0.37900100000000003,ISL,GBR,0723
110,81,730,1971,0,42861,0.8357530000000001,0.8589479999999999,ISR,GBR,0723
111,81,730,1971,452275,0,2.039661,1.10519,ITA,GBR,0723
112,81,730,1971,24730,64538,0.283952,-0.541592,JAM,GBR,0723
114,81,730,1971,1485712,0,1.862756,2.170372,JPN,GBR,0723
121,81,730,1971,0,27957,0.804658,0.44236899999999996,KOR,GBR,0723
124,81,730,1971,0,2900,0.6515989999999999,1.542378,LBN,GBR,0723
128,81,730,1971,3453,0,-1.144836,-0.753853,LKA,GBR,0723
152,81,730,1971,0,2283,-0.435749,-0.6851649999999999,MWI,GBR,0723
153,81,730,1971,0,3112,-0.636547,-0.648471,MYS,GBR,0723
159,81,730,1971,4921955,0,-1.6915639999999998,-0.8931879999999999,NGA,GBR,0723
162,81,730,1971,7898862,702112,1.3564690000000001,2.749828,NLD,GBR,0723
163,81,730,1971,0,29613,1.297569,1.870238,NOR,GBR,0723
166,81,730,1971,0,67860,0.188851,-0.346439,NZL,GBR,0723
168,81,730,1971,0,5961,-0.160556,-0.48263,PAK,GBR,0723
169,81,730,1971,0,2111,0.641183,-0.062375,PAN,GBR,0723
177,81,730,1971,0,56188,0.8294520000000001,1.636849,POL,GBR,0723
192,81,730,1971,140050,36452,0.540057,0.9167700000000001,SGP,GBR,0723
208,81,730,1971,0,223182,2.190846,2.570859,SWE,GBR,0723
224,81,730,1971,0,15560,-0.443655,-0.521285,TUR,GBR,0723
230,81,730,1971,0,3268,0.24810300000000002,-0.16614600000000002,URY,GBR,0723
231,81,730,1971,7407,459532,1.873357,1.848336,USA,GBR,0723
238,81,730,1971,0,3224,0.806248,-0.070153,VIR,GBR,0723
245,81,730,1971,0,54192,1.106614,2.43735,YUG,GBR,0723
246,81,730,1971,0,123199,-0.285408,-0.146573,ZAF,GBR,0723
41,90,730,1971,0,5163,2.242028,1.9425029999999999,CHE,GRC,0723
111,90,730,1971,5994,0,2.039661,1.10519,ITA,GRC,0723
124,90,730,1971,0,6637,0.6515989999999999,1.542378,LBN,GRC,0723
162,90,730,1971,565843,154009,1.3564690000000001,2.749828,NLD,GRC,0723
231,90,730,1971,1104,0,1.873357,1.848336,USA,GRC,0723
81,107,730,1971,86628,0,2.1646669999999997,0.034970999999999995,GBR,IRN,0723
162,107,730,1971,254226,0,1.3564690000000001,2.749828,NLD,IRN,0723
81,108,730,1971,72386,0,2.1646669999999997,0.034970999999999995,GBR,IRQ,0723
61,109,730,1971,17765,0,2.304817,-1.885431,DEU,ISL,0723
81,109,730,1971,38957,0,2.1646669999999997,0.034970999999999995,GBR,ISL,0723
162,109,730,1971,109864,0,1.3564690000000001,2.749828,NLD,ISL,0723
177,109,730,1971,2426,0,0.8294520000000001,1.636849,POL,ISL,0723
15,111,730,1971,0,47908,1.984568,0.9571209999999999,AUT,ITA,0723
18,111,730,1971,8728,19896,1.495689,2.262083,BEL,ITA,0723
19,111,730,1971,3071,0,-0.779061,-0.671638,BEN,ITA,0723
32,111,730,1971,1239,0,-0.326897,-0.229088,BRA,ITA,0723
41,111,730,1971,0,2182890,2.242028,1.9425029999999999,CHE,ITA,0723
44,111,730,1971,701686,0,-0.719483,-0.700326,CIV,ITA,0723
45,111,730,1971,123204,0,-0.735506,-0.605363,CMR,ITA,0723
52,111,730,1971,1253,0,0.9643510000000001,0.613066,CRI,ITA,0723
61,111,730,1971,4037,712220,2.304817,-1.885431,DEU,ITA,0723
67,111,730,1971,9758,0,-0.8731540000000001,-0.931018,ECU,ITA,0723
77,111,730,1971,48157,186083,1.7299959999999999,1.562786,FRA,ITA,0723
81,111,730,1971,0,452275,2.1646669999999997,0.034970999999999995,GBR,ITA,0723
83,111,730,1971,21850,0,-0.948254,-0.880582,GHA,ITA,0723
88,111,730,1971,10888,0,-0.8342940000000001,-0.728585,GNB,ITA,0723
90,111,730,1971,0,5994,0.373161,0.153613,GRC,ITA,0723
124,111,730,1971,0,28440,0.6515989999999999,1.542378,LBN,ITA,0723
159,111,730,1971,23510,0,-1.6915639999999998,-0.8931879999999999,NGA,ITA,0723
162,111,730,1971,377894,1721497,1.3564690000000001,2.749828,NLD,ITA,0723
186,111,730,1971,0,107711,0.42000600000000005,0.512301,RUS,ITA,0723
208,111,730,1971,0,49413,2.190846,2.570859,SWE,ITA,0723
224,111,730,1971,0,6480,-0.443655,-0.521285,TUR,ITA,0723
14,114,730,1971,0,1430041,0.019735,0.02329,AUS,JPN,0723
32,114,730,1971,693053,0,-0.326897,-0.229088,BRA,JPN,0723
44,114,730,1971,873585,0,-0.719483,-0.700326,CIV,JPN,0723
45,114,730,1971,337814,0,-0.735506,-0.605363,CMR,JPN,0723
61,114,730,1971,2611160,0,2.304817,-1.885431,DEU,JPN,0723
67,114,730,1971,25331,0,-0.8731540000000001,-0.931018,ECU,JPN,0723
81,114,730,1971,0,1485712,2.1646669999999997,0.034970999999999995,GBR,JPN,0723
83,114,730,1971,3956833,0,-0.948254,-0.880582,GHA,JPN,0723
121,114,730,1971,0,35209,0.804658,0.44236899999999996,KOR,JPN,0723
159,114,730,1971,12181,0,-1.6915639999999998,-0.8931879999999999,NGA,JPN,0723
162,114,730,1971,3483384,0,1.3564690000000001,2.749828,NLD,JPN,0723
166,114,730,1971,0,410704,0.188851,-0.346439,NZL,JPN,0723
174,114,730,1971,0,1099,-0.39003899999999997,-0.709147,PHL,JPN,0723
192,114,730,1971,87257,0,0.540057,0.9167700000000001,SGP,JPN,0723
216,114,730,1971,0,2215,-0.767467,-0.557866,THA,JPN,0723
231,114,730,1971,1663,0,1.873357,1.848336,USA,JPN,0723
249,114,730,1971,0,13202,1.123146,1.440067,TWN,JPN,0723
250,114,730,1971,0,3043,0.740793,0.11133,ANS,JPN,0723
81,124,730,1971,2900,0,2.1646669999999997,0.034970999999999995,GBR,LBN,0723
90,124,730,1971,6637,0,0.373161,0.153613,GRC,LBN,0723
111,124,730,1971,28440,0,2.039661,1.10519,ITA,LBN,0723
162,124,730,1971,623262,0,1.3564690000000001,2.749828,NLD,LBN,0723
212,124,730,1971,0,8177,0.082847,-0.600657,SYR,LBN,0723
224,124,730,1971,0,19744,-0.443655,-0.521285,TUR,LBN,0723
231,124,730,1971,1351,0,1.873357,1.848336,USA,LBN,0723
250,124,730,1971,4459,0,0.740793,0.11133,ANS,LBN,0723
2,162,730,1971,0,7667,-1.208704,-0.854866,AGO,NLD,0723
4,162,730,1971,0,7867,0.149073,-0.465447,ALB,NLD,0723
6,162,730,1971,0,2122,0.890891,0.10081699999999999,ANT,NLD,0723
14,162,730,1971,0,191797,0.019735,0.02329,AUS,NLD,0723
15,162,730,1971,131120,857782,1.984568,0.9571209999999999,AUT,NLD,0723
18,162,730,1971,238467,12133792,1.495689,2.262083,BEL,NLD,0723
23,162,730,1971,0,25439,0.65271,1.027758,BGR,NLD,0723
32,162,730,1971,6251191,0,-0.326897,-0.229088,BRA,NLD,0723
33,162,730,1971,0,1208,0.935667,0.839299,BRB,NLD,0723
39,162,730,1971,0,2271514,0.543049,0.772374,CAN,NLD,0723
41,162,730,1971,0,6238439,2.242028,1.9425029999999999,CHE,NLD,0723
44,162,730,1971,645394,0,-0.719483,-0.700326,CIV,NLD,0723
45,162,730,1971,1492916,0,-0.735506,-0.605363,CMR,NLD,0723
52,162,730,1971,63117,0,0.9643510000000001,0.613066,CRI,NLD,0723
54,162,730,1971,241709,0,0.12061400000000001,-0.6260180000000001,CUB,NLD,0723
58,162,730,1971,0,8985,0.266353,-0.404526,CYP,NLD,0723
61,162,730,1971,1451189,18389558,2.304817,-1.885431,DEU,NLD,0723
64,162,730,1971,0,796773,1.5224870000000001,2.45498,DNK,NLD,0723
66,162,730,1971,0,233503,-0.42629399999999995,-0.612192,DZA,NLD,0723
67,162,730,1971,34924,0,-0.8731540000000001,-0.931018,ECU,NLD,0723
70,162,730,1971,0,100138,0.474017,-0.278938,ESH,NLD,0723
71,162,730,1971,705513,85486,0.9618040000000001,1.789808,ESP,NLD,0723
74,162,730,1971,28378,1091374,1.382261,1.410232,FIN,NLD,0723
77,162,730,1971,63875,830679,1.7299959999999999,1.562786,FRA,NLD,0723
81,162,730,1971,702112,7898862,2.1646669999999997,0.034970999999999995,GBR,NLD,0723
83,162,730,1971,1037984,0,-0.948254,-0.880582,GHA,NLD,0723
90,162,730,1971,154009,565843,0.373161,0.153613,GRC,NLD,0723
99,162,730,1971,0,1124,-0.47721,-0.841176,HND,NLD,0723
101,162,730,1971,3344,0,0.47879399999999994,-0.145479,HTI,NLD,0723
106,162,730,1971,0,1021008,1.0895219999999999,1.885416,IRL,NLD,0723
107,162,730,1971,0,254226,-0.7509680000000001,-0.721083,IRN,NLD,0723
109,162,730,1971,0,109864,0.12083900000000002,-0.37900100000000003,ISL,NLD,0723
110,162,730,1971,0,415414,0.8357530000000001,0.8589479999999999,ISR,NLD,0723
111,162,730,1971,1721497,377894,2.039661,1.10519,ITA,NLD,0723
114,162,730,1971,0,3483384,1.862756,2.170372,JPN,NLD,0723
124,162,730,1971,0,623262,0.6515989999999999,1.542378,LBN,NLD,0723
134,162,730,1971,0,12644,-0.016735,-0.41776599999999997,MAR,NLD,0723
138,162,730,1971,321788,0,0.694692,1.631725,MEX,NLD,0723
147,162,730,1971,0,49895,-0.670024,-0.6290560000000001,MOZ,NLD,0723
152,162,730,1971,0,2038,-0.435749,-0.6851649999999999,MWI,NLD,0723
153,162,730,1971,0,6235,-0.636547,-0.648471,MYS,NLD,0723
159,162,730,1971,2791446,0,-1.6915639999999998,-0.8931879999999999,NGA,NLD,0723
163,162,730,1971,0,1662672,1.297569,1.870238,NOR,NLD,0723
166,162,730,1971,0,605911,0.188851,-0.346439,NZL,NLD,0723
168,162,730,1971,0,2382,-0.160556,-0.48263,PAK,NLD,0723
179,162,730,1971,0,25688,0.9233389999999999,1.184635,PRT,NLD,0723
186,162,730,1971,0,385663,0.42000600000000005,0.512301,RUS,NLD,0723
188,162,730,1971,0,4811,-1.370577,-0.556488,SAU,NLD,0723
192,162,730,1971,214485,1453,0.540057,0.9167700000000001,SGP,NLD,0723
208,162,730,1971,21343,3344358,2.190846,2.570859,SWE,NLD,0723
212,162,730,1971,0,75895,0.082847,-0.600657,SYR,NLD,0723
216,162,730,1971,0,5600,-0.767467,-0.557866,THA,NLD,0723
224,162,730,1971,0,59018,-0.443655,-0.521285,TUR,NLD,0723
231,162,730,1971,46543,1646164,1.873357,1.848336,USA,NLD,0723
236,162,730,1971,19972,0,-0.9655290000000001,-0.651151,VEN,NLD,0723
238,162,730,1971,0,2319,0.806248,-0.070153,VIR,NLD,0723
245,162,730,1971,6642,782456,1.106614,2.43735,YUG,NLD,0723
246,162,730,1971,0,2491810,-0.285408,-0.146573,ZAF,NLD,0723
249,162,730,1971,0,11547,1.123146,1.440067,TWN,NLD,0723
250,162,730,1971,0,1555,0.740793,0.11133,ANS,NLD,0723
44,163,730,1971,36394,0,-0.719483,-0.700326,CIV,NOR,0723
81,163,730,1971,29613,0,2.1646669999999997,0.034970999999999995,GBR,NOR,0723
110,163,730,1971,0,3689,0.8357530000000001,0.8589479999999999,ISR,NOR,0723
162,163,730,1971,1662672,0,1.3564690000000001,2.749828,NLD,NOR,0723
208,163,730,1971,0,146971,2.190846,2.570859,SWE,NOR,0723
81,168,730,1971,5961,0,2.1646669999999997,0.034970999999999995,GBR,PAK,0723
162,168,730,1971,2382,0,1.3564690000000001,2.749828,NLD,PAK,0723
32,186,730,1971,9526500,0,-0.326897,-0.229088,BRA,RUS,0723
45,186,730,1971,840474,0,-0.735506,-0.605363,CMR,RUS,0723
111,186,730,1971,107711,0,2.039661,1.10519,ITA,RUS,0723
162,186,730,1971,385663,0,1.3564690000000001,2.749828,NLD,RUS,0723
14,192,730,1971,0,50858,0.019735,0.02329,AUS,SGP,0723
81,192,730,1971,36452,140050,2.1646669999999997,0.034970999999999995,GBR,SGP,0723
114,192,730,1971,0,87257,1.862756,2.170372,JPN,SGP,0723
121,192,730,1971,0,3314,0.804658,0.44236899999999996,KOR,SGP,0723
153,192,730,1971,0,5796,-0.636547,-0.648471,MYS,SGP,0723
162,192,730,1971,1453,214485,1.3564690000000001,2.749828,NLD,SGP,0723
166,192,730,1971,1237,28476,0.188851,-0.346439,NZL,SGP,0723
177,192,730,1971,0,77437,0.8294520000000001,1.636849,POL,SGP,0723
178,192,730,1971,0,7226,0.412638,-0.341358,PRK,SGP,0723
216,192,730,1971,0,4041,-0.767467,-0.557866,THA,SGP,0723
249,192,730,1971,0,6780,1.123146,1.440067,TWN,SGP,0723
44,208,730,1971,38468,0,-0.719483,-0.700326,CIV,SWE,0723
61,208,730,1971,23090,0,2.304817,-1.885431,DEU,SWE,0723
64,208,730,1971,30175,303214,1.5224870000000001,2.45498,DNK,SWE,0723
81,208,730,1971,223182,0,2.1646669999999997,0.034970999999999995,GBR,SWE,0723
111,208,730,1971,49413,0,2.039661,1.10519,ITA,SWE,0723
162,208,730,1971,3344358,21343,1.3564690000000001,2.749828,NLD,SWE,0723
163,208,730,1971,146971,0,1.297569,1.870238,NOR,SWE,0723
114,216,730,1971,2215,0,1.862756,2.170372,JPN,THA,0723
162,216,730,1971,5600,0,1.3564690000000001,2.749828,NLD,THA,0723
192,216,730,1971,4041,0,0.540057,0.9167700000000001,SGP,THA,0723
250,216,730,1971,1279,0,0.740793,0.11133,ANS,THA,0723
14,231,730,1971,0,9369,0.019735,0.02329,AUS,USA,0723
18,231,730,1971,33320,0,1.495689,2.262083,BEL,USA,0723
29,231,730,1971,0,6042,0.194858,-0.679845,BLZ,USA,0723
32,231,730,1971,2854899,0,-0.326897,-0.229088,BRA,USA,0723
33,231,730,1971,0,982,0.935667,0.839299,BRB,USA,0723
39,231,730,1971,0,562813,0.543049,0.772374,CAN,USA,0723
42,231,730,1971,0,1063,-0.231579,-0.6383479999999999,CHL,USA,0723
44,231,730,1971,3683457,0,-0.719483,-0.700326,CIV,USA,0723
45,231,730,1971,400056,0,-0.735506,-0.605363,CMR,USA,0723
52,231,730,1971,138659,0,0.9643510000000001,0.613066,CRI,USA,0723
61,231,730,1971,2221071,0,2.304817,-1.885431,DEU,USA,0723
65,231,730,1971,136291,0,-0.236627,-0.716432,DOM,USA,0723
67,231,730,1971,153433,0,-0.8731540000000001,-0.931018,ECU,USA,0723
81,231,730,1971,459532,7407,2.1646669999999997,0.034970999999999995,GBR,USA,0723
83,231,730,1971,5540978,0,-0.948254,-0.880582,GHA,USA,0723
90,231,730,1971,0,1104,0.373161,0.153613,GRC,USA,0723
99,231,730,1971,0,4716,-0.47721,-0.841176,HND,USA,0723
101,231,730,1971,319583,0,0.47879399999999994,-0.145479,HTI,USA,0723
102,231,730,1971,3095,0,0.8639760000000001,1.2125059999999999,HUN,USA,0723
110,231,730,1971,17655,5978,0.8357530000000001,0.8589479999999999,ISR,USA,0723
112,231,730,1971,31066,0,0.283952,-0.541592,JAM,USA,0723
114,231,730,1971,0,1663,1.862756,2.170372,JPN,USA,0723
118,231,730,1971,0,1427,-0.868826,-0.796129,KHM,USA,0723
124,231,730,1971,0,1351,0.6515989999999999,1.542378,LBN,USA,0723
138,231,730,1971,691018,1189,0.694692,1.631725,MEX,USA,0723
159,231,730,1971,1587238,0,-1.6915639999999998,-0.8931879999999999,NGA,USA,0723
162,231,730,1971,1646164,46543,1.3564690000000001,2.749828,NLD,USA,0723
169,231,730,1971,0,2540,0.641183,-0.062375,PAN,USA,0723
174,231,730,1971,196257,0,-0.39003899999999997,-0.709147,PHL,USA,0723
236,231,730,1971,259111,0,-0.9655290000000001,-0.651151,VEN,USA,0723
246,231,730,1971,0,5093,-0.285408,-0.146573,ZAF,USA,0723
114,249,730,1971,13202,0,1.862756,2.170372,JPN,TWN,0723
162,249,730,1971,11547,0,1.3564690000000001,2.749828,NLD,TWN,0723
192,249,730,1971,6780,0,0.540057,0.9167700000000001,SGP,TWN,0723
58,250,730,1971,0,4570,0.266353,-0.404526,CYP,ANS,0723
110,250,730,1971,0,12413,0.8357530000000001,0.8589479999999999,ISR,ANS,0723
114,250,730,1971,3043,0,1.862756,2.170372,JPN,ANS,0723
124,250,730,1971,0,4459,0.6515989999999999,1.542378,LBN,ANS,0723
162,250,730,1971,1555,0,1.3564690000000001,2.749828,NLD,ANS,0723
216,250,730,1971,0,1279,-0.767467,-0.557866,THA,ANS,0723
162,6,730,1971,2122,0,1.3564690000000001,2.749828,NLD,ANT,0723
8,32,730,1971,0,487248,0.0024230000000000002,0.084024,ARG,BRA,0723
18,32,730,1971,0,6016,1.495689,2.262083,BEL,BRA,0723
39,32,730,1971,0,717929,0.543049,0.772374,CAN,BRA,0723
42,32,730,1971,0,1048378,-0.231579,-0.6383479999999999,CHL,BRA,0723
61,32,730,1971,0,605364,2.304817,-1.885431,DEU,BRA,0723
71,32,730,1971,0,13862,0.9618040000000001,1.789808,ESP,BRA,0723
81,32,730,1971,0,3244058,2.1646669999999997,0.034970999999999995,GBR,BRA,0723
110,32,730,1971,0,93913,0.8357530000000001,0.8589479999999999,ISR,BRA,0723
111,32,730,1971,0,1239,2.039661,1.10519,ITA,BRA,0723
114,32,730,1971,0,693053,1.862756,2.170372,JPN,BRA,0723
162,32,730,1971,0,6251191,1.3564690000000001,2.749828,NLD,BRA,0723
186,32,730,1971,0,9526500,0.42000600000000005,0.512301,RUS,BRA,0723
222,32,730,1971,0,3112,0.6038479999999999,-0.19159,TTO,BRA,0723
230,32,730,1971,0,99641,0.24810300000000002,-0.16614600000000002,URY,BRA,0723
231,32,730,1971,0,2854899,1.873357,1.848336,USA,BRA,0723
14,44,730,1971,0,183084,0.019735,0.02329,AUS,CIV,0723
15,44,730,1971,0,25713,1.984568,0.9571209999999999,AUT,CIV,0723
18,44,730,1971,0,48067,1.495689,2.262083,BEL,CIV,0723
39,44,730,1971,0,60138,0.543049,0.772374,CAN,CIV,0723
41,44,730,1971,0,88131,2.242028,1.9425029999999999,CHE,CIV,0723
45,44,730,1971,0,93671,-0.735506,-0.605363,CMR,CIV,0723
61,44,730,1971,0,1201128,2.304817,-1.885431,DEU,CIV,0723
66,44,730,1971,0,13257,-0.42629399999999995,-0.612192,DZA,CIV,0723
77,44,730,1971,0,10675696,1.7299959999999999,1.562786,FRA,CIV,0723
81,44,730,1971,0,37341,2.1646669999999997,0.034970999999999995,GBR,CIV,0723
110,44,730,1971,0,3409,0.8357530000000001,0.8589479999999999,ISR,CIV,0723
111,44,730,1971,0,701686,2.039661,1.10519,ITA,CIV,0723
114,44,730,1971,0,873585,1.862756,2.170372,JPN,CIV,0723
134,44,730,1971,0,5996,-0.016735,-0.41776599999999997,MAR,CIV,0723
162,44,730,1971,0,645394,1.3564690000000001,2.749828,NLD,CIV,0723
163,44,730,1971,0,36394,1.297569,1.870238,NOR,CIV,0723
191,44,730,1971,0,1823,-0.100347,-0.469422,SEN,CIV,0723
208,44,730,1971,0,38468,2.190846,2.570859,SWE,CIV,0723
223,44,730,1971,0,42967,-0.28817,-0.6084189999999999,TUN,CIV,0723
231,44,730,1971,0,3683457,1.873357,1.848336,USA,CIV,0723
5,71,730,1971,0,2117,1.154482,0.361592,AND,ESP,0723
18,71,730,1971,0,39365,1.495689,2.262083,BEL,ESP,0723
32,71,730,1971,13862,0,-0.326897,-0.229088,BRA,ESP,0723
41,71,730,1971,3617,3386,2.242028,1.9425029999999999,CHE,ESP,0723
45,71,730,1971,133707,0,-0.735506,-0.605363,CMR,ESP,0723
61,71,730,1971,20146,176791,2.304817,-1.885431,DEU,ESP,0723
81,71,730,1971,0,12028,2.1646669999999997,0.034970999999999995,GBR,ESP,0723
89,71,730,1971,50556,0,-1.312081,-0.46562200000000004,GNQ,ESP,0723
162,71,730,1971,85486,705513,1.3564690000000001,2.749828,NLD,ESP,0723
177,71,730,1971,0,1117,0.8294520000000001,1.636849,POL,ESP,0723
61,74,730,1971,88381,0,2.304817,-1.885431,DEU,FIN,0723
83,74,730,1971,61154,0,-0.948254,-0.880582,GHA,FIN,0723
159,74,730,1971,630289,0,-1.6915639999999998,-0.8931879999999999,NGA,FIN,0723
162,74,730,1971,1091374,28378,1.3564690000000001,2.749828,NLD,FIN,0723
111,88,730,1971,0,10888,2.039661,1.10519,ITA,GNB,0723
8,110,730,1971,1923,0,0.0024230000000000002,0.084024,ARG,ISR,0723
15,110,730,1971,1239,0,1.984568,0.9571209999999999,AUT,ISR,0723
32,110,730,1971,93913,0,-0.326897,-0.229088,BRA,ISR,0723
44,110,730,1971,3409,0,-0.719483,-0.700326,CIV,ISR,0723
61,110,730,1971,470098,0,2.304817,-1.885431,DEU,ISR,0723
64,110,730,1971,6105,0,1.5224870000000001,2.45498,DNK,ISR,0723
77,110,730,1971,8510,0,1.7299959999999999,1.562786,FRA,ISR,0723
81,110,730,1971,42861,0,2.1646669999999997,0.034970999999999995,GBR,ISR,0723
83,110,730,1971,182011,0,-0.948254,-0.880582,GHA,ISR,0723
162,110,730,1971,415414,0,1.3564690000000001,2.749828,NLD,ISR,0723
163,110,730,1971,3689,0,1.297569,1.870238,NOR,ISR,0723
231,110,730,1971,5978,17655,1.873357,1.848336,USA,ISR,0723
250,110,730,1971,12413,0,0.740793,0.11133,ANS,ISR,0723
162,147,730,1971,49895,0,1.3564690000000001,2.749828,NLD,MOZ,0723
81,153,730,1971,3112,0,2.1646669999999997,0.034970999999999995,GBR,MYS,0723
162,153,730,1971,6235,0,1.3564690000000001,2.749828,NLD,MYS,0723
166,153,730,1971,0,15283,0.188851,-0.346439,NZL,MYS,0723
192,153,730,1971,5796,0,0.540057,0.9167700000000001,SGP,MYS,0723
14,159,730,1971,0,106365,0.019735,0.02329,AUS,NGA,0723
15,159,730,1971,0,5523,1.984568,0.9571209999999999,AUT,NGA,0723
18,159,730,1971,0,92661,1.495689,2.262083,BEL,NGA,0723
39,159,730,1971,0,19875,0.543049,0.772374,CAN,NGA,0723
41,159,730,1971,0,12566,2.242028,1.9425029999999999,CHE,NGA,0723
61,159,730,1971,0,307478,2.304817,-1.885431,DEU,NGA,0723
74,159,730,1971,0,630289,1.382261,1.410232,FIN,NGA,0723
81,159,730,1971,0,4921955,2.1646669999999997,0.034970999999999995,GBR,NGA,0723
111,159,730,1971,0,23510,2.039661,1.10519,ITA,NGA,0723
114,159,730,1971,0,12181,1.862756,2.170372,JPN,NGA,0723
162,159,730,1971,0,2791446,1.3564690000000001,2.749828,NLD,NGA,0723
231,159,730,1971,0,1587238,1.873357,1.848336,USA,NGA,0723
14,166,730,1971,74203,0,0.019735,0.02329,AUS,NZL,0723
81,166,730,1971,67860,0,2.1646669999999997,0.034970999999999995,GBR,NZL,0723
83,166,730,1971,325854,0,-0.948254,-0.880582,GHA,NZL,0723
114,166,730,1971,410704,0,1.862756,2.170372,JPN,NZL,0723
153,166,730,1971,15283,0,-0.636547,-0.648471,MYS,NZL,0723
162,166,730,1971,605911,0,1.3564690000000001,2.749828,NLD,NZL,0723
192,166,730,1971,28476,1237,0.540057,0.9167700000000001,SGP,NZL,0723
71,177,730,1971,1117,0,0.9618040000000001,1.789808,ESP,POL,0723
81,177,730,1971,56188,0,2.1646669999999997,0.034970999999999995,GBR,POL,0723
109,177,730,1971,0,2426,0.12083900000000002,-0.37900100000000003,ISL,POL,0723
192,177,730,1971,77437,0,0.540057,0.9167700000000001,SGP,POL,0723
2,179,730,1971,0,1229,-1.208704,-0.854866,AGO,PRT,0723
162,179,730,1971,25688,0,1.3564690000000001,2.749828,NLD,PRT,0723
169,179,730,1971,0,3500,0.641183,-0.062375,PAN,PRT,0723
32,222,730,1971,3112,0,-0.326897,-0.229088,BRA,TTO,0723
39,222,730,1971,0,6468,0.543049,0.772374,CAN,TTO,0723
39,236,730,1971,0,21291,0.543049,0.772374,CAN,VEN,0723
162,236,730,1971,0,19972,1.3564690000000001,2.749828,NLD,VEN,0723
231,236,730,1971,0,259111,1.873357,1.848336,USA,VEN,0723
81,246,730,1971,123199,0,2.1646669999999997,0.034970999999999995,GBR,ZAF,0723
106,246,730,1971,0,21097,1.0895219999999999,1.885416,IRL,ZAF,0723
152,246,730,1971,0,16124,-0.435749,-0.6851649999999999,MWI,ZAF,0723
162,246,730,1971,2491810,0,1.3564690000000001,2.749828,NLD,ZAF,0723
231,246,730,1971,5093,0,1.873357,1.848336,USA,ZAF,0723
81,68,730,1971,1743,0,2.1646669999999997,0.034970999999999995,GBR,EGY,0723
83,68,730,1971,108483,0,-0.948254,-0.880582,GHA,EGY,0723
14,102,730,1971,0,9218,0.019735,0.02329,AUS,HUN,0723
231,102,730,1971,0,3095,1.873357,1.848336,USA,HUN,0723
245,102,730,1971,0,16093,1.106614,2.43735,YUG,HUN,0723
44,134,730,1971,5996,0,-0.719483,-0.700326,CIV,MAR,0723
45,134,730,1971,4851,0,-0.735506,-0.605363,CMR,MAR,0723
66,134,730,1971,0,7559,-0.42629399999999995,-0.612192,DZA,MAR,0723
77,134,730,1971,2244,0,1.7299959999999999,1.562786,FRA,MAR,0723
162,134,730,1971,12644,0,1.3564690000000001,2.749828,NLD,MAR,0723
15,245,730,1971,212750,0,1.984568,0.9571209999999999,AUT,YUG,0723
81,245,730,1971,54192,0,2.1646669999999997,0.034970999999999995,GBR,YUG,0723
102,245,730,1971,16093,0,0.8639760000000001,1.2125059999999999,HUN,YUG,0723
162,245,730,1971,782456,6642,1.3564690000000001,2.749828,NLD,YUG,0723
162,2,730,1971,7667,0,1.3564690000000001,2.749828,NLD,AGO,0723
179,2,730,1971,1229,0,0.9233389999999999,1.184635,PRT,AGO,0723
32,8,730,1971,487248,0,-0.326897,-0.229088,BRA,ARG,0723
67,8,730,1971,2359626,0,-0.8731540000000001,-0.931018,ECU,ARG,0723
110,8,730,1971,0,1923,0.8357530000000001,0.8589479999999999,ISR,ARG,0723
230,8,730,1971,0,3339,0.24810300000000002,-0.16614600000000002,URY,ARG,0723
111,19,730,1971,0,3071,2.039661,1.10519,ITA,BEN,0723
162,33,730,1971,1208,0,1.3564690000000001,2.749828,NLD,BRB,0723
231,33,730,1971,982,0,1.873357,1.848336,USA,BRB,0723
31,42,730,1971,10446,0,-0.578729,-0.640841,BOL,CHL,0723
32,42,730,1971,1048378,0,-0.326897,-0.229088,BRA,CHL,0723
49,42,730,1971,17968,0,-0.114488,-0.492489,COL,CHL,0723
67,42,730,1971,190670,0,-0.8731540000000001,-0.931018,ECU,CHL,0723
231,42,730,1971,1063,0,1.873357,1.848336,USA,CHL,0723
18,45,730,1971,0,22012,1.495689,2.262083,BEL,CMR,0723
41,45,730,1971,0,18837,2.242028,1.9425029999999999,CHE,CMR,0723
44,45,730,1971,93671,0,-0.719483,-0.700326,CIV,CMR,0723
53,45,730,1971,0,653612,1.7241369999999998,2.76252,CSK,CMR,0723
61,45,730,1971,0,2347902,2.304817,-1.885431,DEU,CMR,0723
71,45,730,1971,0,133707,0.9618040000000001,1.789808,ESP,CMR,0723
77,45,730,1971,0,5751398,1.7299959999999999,1.562786,FRA,CMR,0723
81,45,730,1971,0,537478,2.1646669999999997,0.034970999999999995,GBR,CMR,0723
111,45,730,1971,0,123204,2.039661,1.10519,ITA,CMR,0723
114,45,730,1971,0,337814,1.862756,2.170372,JPN,CMR,0723
134,45,730,1971,0,4851,-0.016735,-0.41776599999999997,MAR,CMR,0723
162,45,730,1971,0,1492916,1.3564690000000001,2.749828,NLD,CMR,0723
186,45,730,1971,0,840474,0.42000600000000005,0.512301,RUS,CMR,0723
231,45,730,1971,0,400056,1.873357,1.848336,USA,CMR,0723
42,49,730,1971,0,17968,-0.231579,-0.6383479999999999,CHL,COL,0723
67,49,730,1971,153647,0,-0.8731540000000001,-0.931018,ECU,COL,0723
93,52,730,1971,0,3418,0.513422,0.31249099999999996,GTM,CRI,0723
99,52,730,1971,0,3040,-0.47721,-0.841176,HND,CRI,0723
111,52,730,1971,0,1253,2.039661,1.10519,ITA,CRI,0723
160,52,730,1971,0,10561,0.21678699999999998,-0.085482,NIC,CRI,0723
162,52,730,1971,0,63117,1.3564690000000001,2.749828,NLD,CRI,0723
169,52,730,1971,0,5844,0.641183,-0.062375,PAN,CRI,0723
197,52,730,1971,0,23296,0.807056,0.476688,SLV,CRI,0723
231,52,730,1971,0,138659,1.873357,1.848336,USA,CRI,0723
39,54,730,1971,0,63107,0.543049,0.772374,CAN,CUB,0723
81,54,730,1971,0,56842,2.1646669999999997,0.034970999999999995,GBR,CUB,0723
162,54,730,1971,0,241709,1.3564690000000001,2.749828,NLD,CUB,0723
231,65,730,1971,0,136291,1.873357,1.848336,USA,DOM,0723
18,66,730,1971,12717,0,1.495689,2.262083,BEL,DZA,0723
44,66,730,1971,13257,0,-0.719483,-0.700326,CIV,DZA,0723
61,66,730,1971,906,0,2.304817,-1.885431,DEU,DZA,0723
77,66,730,1971,12495,0,1.7299959999999999,1.562786,FRA,DZA,0723
134,66,730,1971,7559,0,-0.016735,-0.41776599999999997,MAR,DZA,0723
162,66,730,1971,233503,0,1.3564690000000001,2.749828,NLD,DZA,0723
8,67,730,1971,0,2359626,0.0024230000000000002,0.084024,ARG,ECU,0723
23,67,730,1971,0,52500,0.65271,1.027758,BGR,ECU,0723
39,67,730,1971,0,75423,0.543049,0.772374,CAN,ECU,0723
42,67,730,1971,0,190670,-0.231579,-0.6383479999999999,CHL,ECU,0723
49,67,730,1971,0,153647,-0.114488,-0.492489,COL,ECU,0723
61,67,730,1971,0,22641,2.304817,-1.885431,DEU,ECU,0723
111,67,730,1971,0,9758,2.039661,1.10519,ITA,ECU,0723
114,67,730,1971,0,25331,1.862756,2.170372,JPN,ECU,0723
162,67,730,1971,0,34924,1.3564690000000001,2.749828,NLD,ECU,0723
173,67,730,1971,0,127131,-0.7457020000000001,-0.882229,PER,ECU,0723
231,67,730,1971,0,153433,1.873357,1.848336,USA,ECU,0723
14,83,730,1971,0,1283973,0.019735,0.02329,AUS,GHA,0723
18,83,730,1971,0,1689,1.495689,2.262083,BEL,GHA,0723
39,83,730,1971,0,2808433,0.543049,0.772374,CAN,GHA,0723
41,83,730,1971,0,994,2.242028,1.9425029999999999,CHE,GHA,0723
61,83,730,1971,0,34803,2.304817,-1.885431,DEU,GHA,0723
68,83,730,1971,0,108483,0.192492,-0.374212,EGY,GHA,0723
74,83,730,1971,0,61154,1.382261,1.410232,FIN,GHA,0723
81,83,730,1971,0,6894013,2.1646669999999997,0.034970999999999995,GBR,GHA,0723
106,83,730,1971,0,309431,1.0895219999999999,1.885416,IRL,GHA,0723
110,83,730,1971,0,182011,0.8357530000000001,0.8589479999999999,ISR,GHA,0723
111,83,730,1971,0,21850,2.039661,1.10519,ITA,GHA,0723
114,83,730,1971,0,3956833,1.862756,2.170372,JPN,GHA,0723
162,83,730,1971,0,1037984,1.3564690000000001,2.749828,NLD,GHA,0723
166,83,730,1971,0,325854,0.188851,-0.346439,NZL,GHA,0723
231,83,730,1971,0,5540978,1.873357,1.848336,USA,GHA,0723
52,93,730,1971,3418,0,0.9643510000000001,0.613066,CRI,GTM,0723
197,93,730,1971,0,2560,0.807056,0.476688,SLV,GTM,0723
52,99,730,1971,3040,0,0.9643510000000001,0.613066,CRI,HND,0723
162,99,730,1971,1124,0,1.3564690000000001,2.749828,NLD,HND,0723
231,99,730,1971,4716,0,1.873357,1.848336,USA,HND,0723
162,101,730,1971,0,3344,1.3564690000000001,2.749828,NLD,HTI,0723
231,101,730,1971,0,319583,1.873357,1.848336,USA,HTI,0723
39,106,730,1971,0,95149,0.543049,0.772374,CAN,IRL,0723
61,106,730,1971,27896,0,2.304817,-1.885431,DEU,IRL,0723
81,106,730,1971,2536039,204411,2.1646669999999997,0.034970999999999995,GBR,IRL,0723
83,106,730,1971,309431,0,-0.948254,-0.880582,GHA,IRL,0723
162,106,730,1971,1021008,0,1.3564690000000001,2.749828,NLD,IRL,0723
246,106,730,1971,21097,0,-0.285408,-0.146573,ZAF,IRL,0723
39,112,730,1971,0,31714,0.543049,0.772374,CAN,JAM,0723
81,112,730,1971,64538,24730,2.1646669999999997,0.034970999999999995,GBR,JAM,0723
231,112,730,1971,0,31066,1.873357,1.848336,USA,JAM,0723
81,121,730,1971,27957,0,2.1646669999999997,0.034970999999999995,GBR,KOR,0723
114,121,730,1971,35209,0,1.862756,2.170372,JPN,KOR,0723
192,121,730,1971,3314,0,0.540057,0.9167700000000001,SGP,KOR,0723
61,138,730,1971,0,98794,2.304817,-1.885431,DEU,MEX,0723
162,138,730,1971,0,321788,1.3564690000000001,2.749828,NLD,MEX,0723
231,138,730,1971,1189,691018,1.873357,1.848336,USA,MEX,0723
52,160,730,1971,10561,0,0.9643510000000001,0.613066,CRI,NIC,0723
52,169,730,1971,5844,0,0.9643510000000001,0.613066,CRI,PAN,0723
81,169,730,1971,2111,0,2.1646669999999997,0.034970999999999995,GBR,PAN,0723
179,169,730,1971,3500,0,0.9233389999999999,1.184635,PRT,PAN,0723
231,169,730,1971,2540,0,1.873357,1.848336,USA,PAN,0723
67,173,730,1971,127131,0,-0.8731540000000001,-0.931018,ECU,PER,0723
14,174,730,1971,0,16532,0.019735,0.02329,AUS,PHL,0723
114,174,730,1971,1099,0,1.862756,2.170372,JPN,PHL,0723
231,174,730,1971,0,196257,1.873357,1.848336,USA,PHL,0723
44,191,730,1971,1823,0,-0.719483,-0.700326,CIV,SEN,0723
52,197,730,1971,23296,0,0.9643510000000001,0.613066,CRI,SLV,0723
93,197,730,1971,2560,0,0.513422,0.31249099999999996,GTM,SLV,0723
8,230,730,1971,3339,0,0.0024230000000000002,0.084024,ARG,URY,0723
32,230,730,1971,99641,0,-0.326897,-0.229088,BRA,URY,0723
81,230,730,1971,3268,0,2.1646669999999997,0.034970999999999995,GBR,URY,0723
18,238,730,1971,2248,0,1.495689,2.262083,BEL,VIR,0723
81,238,730,1971,3224,0,2.1646669999999997,0.034970999999999995,GBR,VIR,0723
162,238,730,1971,2319,0,1.3564690000000001,2.749828,NLD,VIR,0723
81,128,730,1971,0,3453,2.1646669999999997,0.034970999999999995,GBR,LKA,0723
67,23,730,1971,52500,0,-0.8731540000000001,-0.931018,ECU,BGR,0723
81,23,730,1971,0,45438,2.1646669999999997,0.034970999999999995,GBR,BGR,0723
162,23,730,1971,25439,0,1.3564690000000001,2.749828,NLD,BGR,0723
42,31,730,1971,0,10446,-0.231579,-0.6383479999999999,CHL,BOL,0723
61,58,730,1971,1980,0,2.304817,-1.885431,DEU,CYP,0723
81,58,730,1971,1044,0,2.1646669999999997,0.034970999999999995,GBR,CYP,0723
162,58,730,1971,8985,0,1.3564690000000001,2.749828,NLD,CYP,0723
250,58,730,1971,4570,0,0.740793,0.11133,ANS,CYP,0723
77,184,730,1971,1516,0,1.7299959999999999,1.562786,FRA,REU,0723
162,188,730,1971,4811,0,1.3564690000000001,2.749828,NLD,SAU,0723
124,212,730,1971,8177,0,0.6515989999999999,1.542378,LBN,SYR,0723
162,212,730,1971,75895,0,1.3564690000000001,2.749828,NLD,SYR,0723
44,223,730,1971,42967,0,-0.719483,-0.700326,CIV,TUN,0723
77,223,730,1971,2509,0,1.7299959999999999,1.562786,FRA,TUN,0723
18,224,730,1971,18358,0,1.495689,2.262083,BEL,TUR,0723
41,224,730,1971,1829,0,2.242028,1.9425029999999999,CHE,TUR,0723
61,224,730,1971,8757,0,2.304817,-1.885431,DEU,TUR,0723
77,224,730,1971,22199,0,1.7299959999999999,1.562786,FRA,TUR,0723
81,224,730,1971,15560,0,2.1646669999999997,0.034970999999999995,GBR,TUR,0723
111,224,730,1971,6480,0,2.039661,1.10519,ITA,TUR,0723
124,224,730,1971,19744,0,0.6515989999999999,1.542378,LBN,TUR,0723
162,224,730,1971,59018,0,1.3564690000000001,2.749828,NLD,TUR,0723
231,29,730,1971,6042,0,1.873357,1.848336,USA,BLZ,0723
231,118,730,1971,1427,0,1.873357,1.848336,USA,KHM,0723
81,152,730,1971,2283,0,2.1646669999999997,0.034970999999999995,GBR,MWI,0723
162,152,730,1971,2038,0,1.3564690000000001,2.749828,NLD,MWI,0723
246,152,730,1971,16124,0,-0.285408,-0.146573,ZAF,MWI,0723
162,4,730,1971,7867,0,1.3564690000000001,2.749828,NLD,ALB,0723
162,70,730,1971,100138,0,1.3564690000000001,2.749828,NLD,ESH,0723
192,178,730,1971,7226,0,0.540057,0.9167700000000001,SGP,PRK,0723
71,89,730,1971,0,50556,0.9618040000000001,1.789808,ESP,GNQ,0723
71,5,730,1971,2117,0,0.9618040000000001,1.789808,ESP,AND,0723
53,14,746,1971,1907,0,1.7241369999999998,2.76252,CSK,AUS,1122
61,14,746,1971,1003,0,2.304817,-1.885431,DEU,AUS,1122
64,14,746,1971,1731,0,1.5224870000000001,2.45498,DNK,AUS,1122
81,14,746,1971,317797,0,2.1646669999999997,0.034970999999999995,GBR,AUS,1122
97,14,746,1971,3819,0,1.4643760000000001,1.159238,HKG,AUS,1122
110,14,746,1971,1384,0,0.8357530000000001,0.8589479999999999,ISR,AUS,1122
114,14,746,1971,17413,0,1.862756,2.170372,JPN,AUS,1122
162,14,746,1971,6545,0,1.3564690000000001,2.749828,NLD,AUS,1122
166,14,746,1971,2032,0,0.188851,-0.346439,NZL,AUS,1122
176,14,746,1971,0,2518,-0.222694,-0.396214,PNG,AUS,1122
177,14,746,1971,29509,0,0.8294520000000001,1.636849,POL,AUS,1122
245,14,746,1971,2049,0,1.106614,2.43735,YUG,AUS,1122
250,14,746,1971,0,786,0.740793,0.11133,ANS,AUS,1122
61,15,746,1971,3013,0,2.304817,-1.885431,DEU,AUT,1122
81,15,746,1971,6794,0,2.1646669999999997,0.034970999999999995,GBR,AUT,1122
102,15,746,1971,6858,0,0.8639760000000001,1.2125059999999999,HUN,AUT,1122
114,15,746,1971,2933,0,1.862756,2.170372,JPN,AUT,1122
124,15,746,1971,0,1283,0.6515989999999999,1.542378,LBN,AUT,1122
231,15,746,1971,0,1135,1.873357,1.848336,USA,AUT,1122
245,15,746,1971,1253,0,1.106614,2.43735,YUG,AUT,1122
43,18,746,1971,4817,0,0.551566,1.636164,CHN,BEL,1122
46,18,746,1971,0,2216,-1.16333,-0.708263,COD,BEL,1122
61,18,746,1971,23032,31216,2.304817,-1.885431,DEU,BEL,1122
64,18,746,1971,4371,0,1.5224870000000001,2.45498,DNK,BEL,1122
77,18,746,1971,15896,21060,1.7299959999999999,1.562786,FRA,BEL,1122
81,18,746,1971,115589,0,2.1646669999999997,0.034970999999999995,GBR,BEL,1122
114,18,746,1971,2030,0,1.862756,2.170372,JPN,BEL,1122
162,18,746,1971,382500,416026,1.3564690000000001,2.749828,NLD,BEL,1122
231,18,746,1971,0,3095,1.873357,1.848336,USA,BEL,1122
249,18,746,1971,2519,0,1.123146,1.440067,TWN,BEL,1122
250,18,746,1971,0,1232,0.740793,0.11133,ANS,BEL,1122
53,39,746,1971,1374,0,1.7241369999999998,2.76252,CSK,CAN,1122
61,39,746,1971,15677,0,2.304817,-1.885431,DEU,CAN,1122
64,39,746,1971,304466,0,1.5224870000000001,2.45498,DNK,CAN,1122
77,39,746,1971,11879,0,1.7299959999999999,1.562786,FRA,CAN,1122
81,39,746,1971,124606,0,2.1646669999999997,0.034970999999999995,GBR,CAN,1122
97,39,746,1971,1470,0,1.4643760000000001,1.159238,HKG,CAN,1122
106,39,746,1971,31168,0,1.0895219999999999,1.885416,IRL,CAN,1122
114,39,746,1971,89339,0,1.862756,2.170372,JPN,CAN,1122
162,39,746,1971,30239,0,1.3564690000000001,2.749828,NLD,CAN,1122
231,39,746,1971,99456,13635,1.873357,1.848336,USA,CAN,1122
53,41,746,1971,4671,0,1.7241369999999998,2.76252,CSK,CHE,1122
61,41,746,1971,1782,0,2.304817,-1.885431,DEU,CHE,1122
77,41,746,1971,2882,0,1.7299959999999999,1.562786,FRA,CHE,1122
81,41,746,1971,0,10419,2.1646669999999997,0.034970999999999995,GBR,CHE,1122
110,41,746,1971,0,802,0.8357530000000001,0.8589479999999999,ISR,CHE,1122
111,41,746,1971,9354,0,2.039661,1.10519,ITA,CHE,1122
114,41,746,1971,3625,0,1.862756,2.170372,JPN,CHE,1122
245,41,746,1971,9628,0,1.106614,2.43735,YUG,CHE,1122
14,53,746,1971,0,1907,0.019735,0.02329,AUS,CSK,1122
39,53,746,1971,0,1374,0.543049,0.772374,CAN,CSK,1122
41,53,746,1971,0,4671,2.242028,1.9425029999999999,CHE,CSK,1122
61,53,746,1971,0,2038,2.304817,-1.885431,DEU,CSK,1122
162,53,746,1971,0,14081,1.3564690000000001,2.749828,NLD,CSK,1122
231,53,746,1971,0,13264,1.873357,1.848336,USA,CSK,1122
245,53,746,1971,22349,0,1.106614,2.43735,YUG,CSK,1122
14,61,746,1971,0,1003,0.019735,0.02329,AUS,DEU,1122
15,61,746,1971,0,3013,1.984568,0.9571209999999999,AUT,DEU,1122
18,61,746,1971,31216,23032,1.495689,2.262083,BEL,DEU,1122
24,61,746,1971,0,2856,0.811757,-0.086967,BHR,DEU,1122
39,61,746,1971,0,15677,0.543049,0.772374,CAN,DEU,1122
41,61,746,1971,0,1782,2.242028,1.9425029999999999,CHE,DEU,1122
43,61,746,1971,7478,0,0.551566,1.636164,CHN,DEU,1122
53,61,746,1971,2038,0,1.7241369999999998,2.76252,CSK,DEU,1122
64,61,746,1971,1263,2005,1.5224870000000001,2.45498,DNK,DEU,1122
71,61,746,1971,8401,0,0.9618040000000001,1.789808,ESP,DEU,1122
74,61,746,1971,0,6026,1.382261,1.410232,FIN,DEU,1122
77,61,746,1971,139734,1005,1.7299959999999999,1.562786,FRA,DEU,1122
81,61,746,1971,61645,5933,2.1646669999999997,0.034970999999999995,GBR,DEU,1122
111,61,746,1971,11220,0,2.039661,1.10519,ITA,DEU,1122
114,61,746,1971,73921,0,1.862756,2.170372,JPN,DEU,1122
162,61,746,1971,6107,35469,1.3564690000000001,2.749828,NLD,DEU,1122
163,61,746,1971,0,1804,1.297569,1.870238,NOR,DEU,1122
208,61,746,1971,0,35137,2.190846,2.570859,SWE,DEU,1122
231,61,746,1971,0,29162,1.873357,1.848336,USA,DEU,1122
245,61,746,1971,41776,0,1.106614,2.43735,YUG,DEU,1122
246,61,746,1971,0,1004,-0.285408,-0.146573,ZAF,DEU,1122
249,61,746,1971,8687,0,1.123146,1.440067,TWN,DEU,1122
6,64,746,1971,0,1533,0.890891,0.10081699999999999,ANT,DNK,1122
14,64,746,1971,0,1731,0.019735,0.02329,AUS,DNK,1122
18,64,746,1971,0,4371,1.495689,2.262083,BEL,DNK,1122
39,64,746,1971,0,304466,0.543049,0.772374,CAN,DNK,1122
49,64,746,1971,0,5890,-0.114488,-0.492489,COL,DNK,1122
61,64,746,1971,2005,1263,2.304817,-1.885431,DEU,DNK,1122
74,64,746,1971,0,146362,1.382261,1.410232,FIN,DNK,1122
81,64,746,1971,4163,9139,2.1646669999999997,0.034970999999999995,GBR,DNK,1122
83,64,746,1971,0,1366,-0.948254,-0.880582,GHA,DNK,1122
111,64,746,1971,0,2366,2.039661,1.10519,ITA,DNK,1122
114,64,746,1971,3174,9731,1.862756,2.170372,JPN,DNK,1122
159,64,746,1971,0,1138,-1.6915639999999998,-0.8931879999999999,NGA,DNK,1122
162,64,746,1971,894,3968,1.3564690000000001,2.749828,NLD,DNK,1122
172,64,746,1971,0,5287,1.19222,0.871878,PCZ,DNK,1122
208,64,746,1971,0,158614,2.190846,2.570859,SWE,DNK,1122
231,64,746,1971,0,2421158,1.873357,1.848336,USA,DNK,1122
236,64,746,1971,0,3144,-0.9655290000000001,-0.651151,VEN,DNK,1122
238,64,746,1971,0,5753,0.806248,-0.070153,VIR,DNK,1122
245,64,746,1971,4727,0,1.106614,2.43735,YUG,DNK,1122
246,64,746,1971,0,8372,-0.285408,-0.146573,ZAF,DNK,1122
250,64,746,1971,0,5244,0.740793,0.11133,ANS,DNK,1122
18,77,746,1971,21060,15896,1.495689,2.262083,BEL,FRA,1122
19,77,746,1971,0,1223,-0.779061,-0.671638,BEN,FRA,1122
38,77,746,1971,0,1030,-0.737808,-0.658191,CAF,FRA,1122
39,77,746,1971,0,11879,0.543049,0.772374,CAN,FRA,1122
41,77,746,1971,0,2882,2.242028,1.9425029999999999,CHE,FRA,1122
44,77,746,1971,0,7200,-0.719483,-0.700326,CIV,FRA,1122
45,77,746,1971,0,1800,-0.735506,-0.605363,CMR,FRA,1122
46,77,746,1971,0,1265,-1.16333,-0.708263,COD,FRA,1122
61,77,746,1971,1005,139734,2.304817,-1.885431,DEU,FRA,1122
62,77,746,1971,0,4552,0.5152770000000001,-0.190207,DJI,FRA,1122
71,77,746,1971,2333,0,0.9618040000000001,1.789808,ESP,FRA,1122
80,77,746,1971,0,2701,-1.3628559999999998,-0.688865,GAB,FRA,1122
81,77,746,1971,0,193986,2.1646669999999997,0.034970999999999995,GBR,FRA,1122
86,77,746,1971,0,3058,-0.531874,-0.39812800000000004,GLP,FRA,1122
103,77,746,1971,0,978,-1.335787,-0.813966,IDN,FRA,1122
111,77,746,1971,0,1792,2.039661,1.10519,ITA,FRA,1122
114,77,746,1971,9644,0,1.862756,2.170372,JPN,FRA,1122
123,77,746,1971,0,1089,-1.248427,-0.821947,LAO,FRA,1122
125,77,746,1971,0,1566,-0.877289,-0.5771,LBR,FRA,1122
126,77,746,1971,0,4659,-2.1829009999999998,-0.541129,LBY,FRA,1122
134,77,746,1971,0,2708,-0.016735,-0.41776599999999997,MAR,FRA,1122
148,77,746,1971,0,1099,-0.791432,-0.798547,MRT,FRA,1122
150,77,746,1971,31118,4349,0.149367,-0.451215,MTQ,FRA,1122
156,77,746,1971,0,13397,-0.714832,-0.24088400000000001,NCL,FRA,1122
162,77,746,1971,2194,1678,1.3564690000000001,2.749828,NLD,FRA,1122
163,77,746,1971,0,3090,1.297569,1.870238,NOR,FRA,1122
182,77,746,1971,0,4178,-0.5776640000000001,-0.440554,PYF,FRA,1122
184,77,746,1971,0,10127,-1.004604,-0.44332,REU,FRA,1122
191,77,746,1971,0,3063,-0.100347,-0.469422,SEN,FRA,1122
231,77,746,1971,2632,39267,1.873357,1.848336,USA,FRA,1122
250,77,746,1971,0,2007,0.740793,0.11133,ANS,FRA,1122
7,81,746,1971,0,2865,-0.455717,-0.601296,ARE,GBR,1122
14,81,746,1971,0,317797,0.019735,0.02329,AUS,GBR,1122
15,81,746,1971,0,6794,1.984568,0.9571209999999999,AUT,GBR,1122
18,81,746,1971,0,115589,1.495689,2.262083,BEL,GBR,1122
24,81,746,1971,0,3128,0.811757,-0.086967,BHR,GBR,1122
25,81,746,1971,0,57642,0.356122,-0.181398,BHS,GBR,1122
29,81,746,1971,0,4460,0.194858,-0.679845,BLZ,GBR,1122
30,81,746,1971,0,25906,0.637919,0.031731999999999996,BMU,GBR,1122
32,81,746,1971,0,1005,-0.326897,-0.229088,BRA,GBR,1122
33,81,746,1971,0,63315,0.935667,0.839299,BRB,GBR,1122
34,81,746,1971,0,9121,-0.394928,-0.213258,BRN,GBR,1122
39,81,746,1971,0,124606,0.543049,0.772374,CAN,GBR,1122
41,81,746,1971,10419,0,2.242028,1.9425029999999999,CHE,GBR,1122
57,81,746,1971,0,6691,-1.160707,-0.5048199999999999,CYM,GBR,1122
58,81,746,1971,0,4531,0.266353,-0.404526,CYP,GBR,1122
61,81,746,1971,5933,61645,2.304817,-1.885431,DEU,GBR,1122
63,81,746,1971,0,85604,-0.595859,-0.486575,DMA,GBR,1122
64,81,746,1971,9139,4163,1.5224870000000001,2.45498,DNK,GBR,1122
71,81,746,1971,1819,0,0.9618040000000001,1.789808,ESP,GBR,1122
74,81,746,1971,0,1163,1.382261,1.410232,FIN,GBR,1122
77,81,746,1971,193986,0,1.7299959999999999,1.562786,FRA,GBR,1122
83,81,746,1971,0,5630,-0.948254,-0.880582,GHA,GBR,1122
84,81,746,1971,0,11181,1.2227540000000001,0.295479,GIB,GBR,1122
87,81,746,1971,0,3276,-1.1802700000000002,-0.49359200000000003,GMB,GBR,1122
88,81,746,1971,0,3160,-0.8342940000000001,-0.728585,GNB,GBR,1122
96,81,746,1971,0,41807,0.006441,-0.42498800000000003,GUY,GBR,1122
97,81,746,1971,1090,66859,1.4643760000000001,1.159238,HKG,GBR,1122
103,81,746,1971,0,34313,-1.335787,-0.813966,IDN,GBR,1122
106,81,746,1971,9938,152717,1.0895219999999999,1.885416,IRL,GBR,1122
111,81,746,1971,1267,0,2.039661,1.10519,ITA,GBR,1122
112,81,746,1971,0,753154,0.283952,-0.541592,JAM,GBR,1122
114,81,746,1971,39928,1155,1.862756,2.170372,JPN,GBR,1122
116,81,746,1971,0,47148,-0.119521,0.044922000000000004,KEN,GBR,1122
120,81,746,1971,0,22529,0.8502790000000001,-0.07904800000000001,KNA,GBR,1122
124,81,746,1971,0,1948,0.6515989999999999,1.542378,LBN,GBR,1122
125,81,746,1971,0,4189,-0.877289,-0.5771,LBR,GBR,1122
128,81,746,1971,0,2020,-1.144836,-0.753853,LKA,GBR,1122
134,81,746,1971,0,7500,-0.016735,-0.41776599999999997,MAR,GBR,1122
142,81,746,1971,0,29309,1.567812,1.889177,MLT,GBR,1122
147,81,746,1971,0,3284,-0.670024,-0.6290560000000001,MOZ,GBR,1122
151,81,746,1971,0,12758,-0.592737,-0.767588,MUS,GBR,1122
152,81,746,1971,0,10151,-0.435749,-0.6851649999999999,MWI,GBR,1122
153,81,746,1971,0,152736,-0.636547,-0.648471,MYS,GBR,1122
159,81,746,1971,0,63114,-1.6915639999999998,-0.8931879999999999,NGA,GBR,1122
162,81,746,1971,0,12416,1.3564690000000001,2.749828,NLD,GBR,1122
163,81,746,1971,0,6428,1.297569,1.870238,NOR,GBR,1122
166,81,746,1971,0,7900,0.188851,-0.346439,NZL,GBR,1122
167,81,746,1971,0,3044,-1.415142,-0.557193,OMN,GBR,1122
168,81,746,1971,0,4015,-0.160556,-0.48263,PAK,GBR,1122
169,81,746,1971,0,26836,0.641183,-0.062375,PAN,GBR,1122
176,81,746,1971,0,957,-0.222694,-0.396214,PNG,GBR,1122
177,81,746,1971,2615,0,0.8294520000000001,1.636849,POL,GBR,1122
179,81,746,1971,0,1686,0.9233389999999999,1.184635,PRT,GBR,1122
188,81,746,1971,0,1184,-1.370577,-0.556488,SAU,GBR,1122
192,81,746,1971,0,79598,0.540057,0.9167700000000001,SGP,GBR,1122
195,81,746,1971,0,1579,-1.040183,-0.55403,SLB,GBR,1122
196,81,746,1971,0,96531,-0.9423530000000001,-0.7621220000000001,SLE,GBR,1122
205,81,746,1971,0,1534,-0.26679,-0.417204,SUR,GBR,1122
211,81,746,1971,0,1474,-1.0993899999999999,-0.627599,SYC,GBR,1122
216,81,746,1971,0,2358,-0.767467,-0.557866,THA,GBR,1122
222,81,746,1971,0,64001,0.6038479999999999,-0.19159,TTO,GBR,1122
226,81,746,1971,0,15277,-1.246843,-0.9062180000000001,TZA,GBR,1122
227,81,746,1971,0,8726,-1.491473,-0.924457,UGA,GBR,1122
231,81,746,1971,0,203162,1.873357,1.848336,USA,GBR,1122
238,81,746,1971,0,3292,0.806248,-0.070153,VIR,GBR,1122
246,81,746,1971,0,70213,-0.285408,-0.146573,ZAF,GBR,1122
247,81,746,1971,0,73235,-0.8803290000000001,-0.7895399999999999,ZMB,GBR,1122
250,81,746,1971,1024,5275,0.740793,0.11133,ANS,GBR,1122
14,97,746,1971,0,3819,0.019735,0.02329,AUS,HKG,1122
39,97,746,1971,0,1470,0.543049,0.772374,CAN,HKG,1122
43,97,746,1971,49758,0,0.551566,1.636164,CHN,HKG,1122
81,97,746,1971,66859,1090,2.1646669999999997,0.034970999999999995,GBR,HKG,1122
103,97,746,1971,0,7812,-1.335787,-0.813966,IDN,HKG,1122
114,97,746,1971,22695,0,1.862756,2.170372,JPN,HKG,1122
121,97,746,1971,0,3665,0.804658,0.44236899999999996,KOR,HKG,1122
231,97,746,1971,9486,2350,1.873357,1.848336,USA,HKG,1122
41,111,746,1971,0,9354,2.242028,1.9425029999999999,CHE,ITA,1122
61,111,746,1971,0,11220,2.304817,-1.885431,DEU,ITA,1122
64,111,746,1971,2366,0,1.5224870000000001,2.45498,DNK,ITA,1122
77,111,746,1971,1792,0,1.7299959999999999,1.562786,FRA,ITA,1122
81,111,746,1971,0,1267,2.1646669999999997,0.034970999999999995,GBR,ITA,1122
103,111,746,1971,0,1747,-1.335787,-0.813966,IDN,ITA,1122
114,111,746,1971,17007,0,1.862756,2.170372,JPN,ITA,1122
126,111,746,1971,0,21230,-2.1829009999999998,-0.541129,LBY,ITA,1122
159,111,746,1971,0,1179,-1.6915639999999998,-0.8931879999999999,NGA,ITA,1122
163,111,746,1971,0,1444,1.297569,1.870238,NOR,ITA,1122
231,111,746,1971,0,123989,1.873357,1.848336,USA,ITA,1122
250,111,746,1971,26929,0,0.740793,0.11133,ANS,ITA,1122
14,114,746,1971,0,17413,0.019735,0.02329,AUS,JPN,1122
15,114,746,1971,0,2933,1.984568,0.9571209999999999,AUT,JPN,1122
18,114,746,1971,0,2030,1.495689,2.262083,BEL,JPN,1122
32,114,746,1971,0,6618,-0.326897,-0.229088,BRA,JPN,1122
34,114,746,1971,0,1041,-0.394928,-0.213258,BRN,JPN,1122
39,114,746,1971,0,89339,0.543049,0.772374,CAN,JPN,1122
41,114,746,1971,0,3625,2.242028,1.9425029999999999,CHE,JPN,1122
43,114,746,1971,104547,0,0.551566,1.636164,CHN,JPN,1122
46,114,746,1971,0,1213,-1.16333,-0.708263,COD,JPN,1122
61,114,746,1971,0,73921,2.304817,-1.885431,DEU,JPN,1122
64,114,746,1971,9731,3174,1.5224870000000001,2.45498,DNK,JPN,1122
71,114,746,1971,0,20074,0.9618040000000001,1.789808,ESP,JPN,1122
77,114,746,1971,0,9644,1.7299959999999999,1.562786,FRA,JPN,1122
81,114,746,1971,1155,39928,2.1646669999999997,0.034970999999999995,GBR,JPN,1122
97,114,746,1971,0,22695,1.4643760000000001,1.159238,HKG,JPN,1122
103,114,746,1971,0,1624,-1.335787,-0.813966,IDN,JPN,1122
111,114,746,1971,0,17007,2.039661,1.10519,ITA,JPN,1122
116,114,746,1971,0,2469,-0.119521,0.044922000000000004,KEN,JPN,1122
121,114,746,1971,0,2373,0.804658,0.44236899999999996,KOR,JPN,1122
124,114,746,1971,0,1949,0.6515989999999999,1.542378,LBN,JPN,1122
138,114,746,1971,0,3492,0.694692,1.631725,MEX,JPN,1122
153,114,746,1971,0,3884,-0.636547,-0.648471,MYS,JPN,1122
162,114,746,1971,0,35028,1.3564690000000001,2.749828,NLD,JPN,1122
166,114,746,1971,0,7305,0.188851,-0.346439,NZL,JPN,1122
170,114,746,1971,0,1264,-0.41443800000000003,-0.593008,PCI,JPN,1122
173,114,746,1971,0,5032,-0.7457020000000001,-0.882229,PER,JPN,1122
174,114,746,1971,0,1464,-0.39003899999999997,-0.709147,PHL,JPN,1122
177,114,746,1971,11567,0,0.8294520000000001,1.636849,POL,JPN,1122
192,114,746,1971,0,11724,0.540057,0.9167700000000001,SGP,JPN,1122
208,114,746,1971,0,1290,2.190846,2.570859,SWE,JPN,1122
216,114,746,1971,0,8710,-0.767467,-0.557866,THA,JPN,1122
231,114,746,1971,0,1190120,1.873357,1.848336,USA,JPN,1122
238,114,746,1971,0,1506,0.806248,-0.070153,VIR,JPN,1122
239,114,746,1971,0,6821,0.07082100000000001,-0.296412,VNM,JPN,1122
249,114,746,1971,33656,59243,1.123146,1.440067,TWN,JPN,1122
250,114,746,1971,0,216301,0.740793,0.11133,ANS,JPN,1122
15,124,746,1971,1283,0,1.984568,0.9571209999999999,AUT,LBN,1122
81,124,746,1971,1948,0,2.1646669999999997,0.034970999999999995,GBR,LBN,1122
114,124,746,1971,1949,0,1.862756,2.170372,JPN,LBN,1122
14,162,746,1971,0,6545,0.019735,0.02329,AUS,NLD,1122
18,162,746,1971,416026,382500,1.495689,2.262083,BEL,NLD,1122
39,162,746,1971,0,30239,0.543049,0.772374,CAN,NLD,1122
53,162,746,1971,14081,0,1.7241369999999998,2.76252,CSK,NLD,1122
61,162,746,1971,35469,6107,2.304817,-1.885431,DEU,NLD,1122
64,162,746,1971,3968,894,1.5224870000000001,2.45498,DNK,NLD,1122
77,162,746,1971,1678,2194,1.7299959999999999,1.562786,FRA,NLD,1122
81,162,746,1971,12416,0,2.1646669999999997,0.034970999999999995,GBR,NLD,1122
106,162,746,1971,3810,0,1.0895219999999999,1.885416,IRL,NLD,1122
114,162,746,1971,35028,0,1.862756,2.170372,JPN,NLD,1122
163,162,746,1971,0,4023,1.297569,1.870238,NOR,NLD,1122
231,162,746,1971,0,49764,1.873357,1.848336,USA,NLD,1122
245,162,746,1971,1465,0,1.106614,2.43735,YUG,NLD,1122
249,162,746,1971,1841,0,1.123146,1.440067,TWN,NLD,1122
61,163,746,1971,1804,0,2.304817,-1.885431,DEU,NOR,1122
77,163,746,1971,3090,0,1.7299959999999999,1.562786,FRA,NOR,1122
81,163,746,1971,6428,0,2.1646669999999997,0.034970999999999995,GBR,NOR,1122
111,163,746,1971,1444,0,2.039661,1.10519,ITA,NOR,1122
162,163,746,1971,4023,0,1.3564690000000001,2.749828,NLD,NOR,1122
81,168,746,1971,4015,0,2.1646669999999997,0.034970999999999995,GBR,PAK,1122
81,192,746,1971,79598,0,2.1646669999999997,0.034970999999999995,GBR,SGP,1122
103,192,746,1971,0,13291,-1.335787,-0.813966,IDN,SGP,1122
114,192,746,1971,11724,0,1.862756,2.170372,JPN,SGP,1122
153,192,746,1971,0,15012,-0.636547,-0.648471,MYS,SGP,1122
231,192,746,1971,3018,0,1.873357,1.848336,USA,SGP,1122
250,192,746,1971,0,1161,0.740793,0.11133,ANS,SGP,1122
61,208,746,1971,35137,0,2.304817,-1.885431,DEU,SWE,1122
64,208,746,1971,158614,0,1.5224870000000001,2.45498,DNK,SWE,1122
74,208,746,1971,374703,0,1.382261,1.410232,FIN,SWE,1122
114,208,746,1971,1290,0,1.862756,2.170372,JPN,SWE,1122
231,208,746,1971,0,16984,1.873357,1.848336,USA,SWE,1122
81,216,746,1971,2358,0,2.1646669999999997,0.034970999999999995,GBR,THA,1122
114,216,746,1971,8710,0,1.862756,2.170372,JPN,THA,1122
249,216,746,1971,1784,0,1.123146,1.440067,TWN,THA,1122
6,231,746,1971,0,30952,0.890891,0.10081699999999999,ANT,USA,1122
8,231,746,1971,4897,0,0.0024230000000000002,0.084024,ARG,USA,1122
15,231,746,1971,1135,0,1.984568,0.9571209999999999,AUT,USA,1122
18,231,746,1971,3095,0,1.495689,2.262083,BEL,USA,1122
25,231,746,1971,0,13337,0.356122,-0.181398,BHS,USA,1122
30,231,746,1971,0,4420,0.637919,0.031731999999999996,BMU,USA,1122
32,231,746,1971,0,4237,-0.326897,-0.229088,BRA,USA,1122
39,231,746,1971,13635,99456,0.543049,0.772374,CAN,USA,1122
53,231,746,1971,13264,0,1.7241369999999998,2.76252,CSK,USA,1122
61,231,746,1971,29162,0,2.304817,-1.885431,DEU,USA,1122
64,231,746,1971,2421158,0,1.5224870000000001,2.45498,DNK,USA,1122
65,231,746,1971,0,1839,-0.236627,-0.716432,DOM,USA,1122
71,231,746,1971,463698,1573,0.9618040000000001,1.789808,ESP,USA,1122
74,231,746,1971,0,4529,1.382261,1.410232,FIN,USA,1122
77,231,746,1971,39267,2632,1.7299959999999999,1.562786,FRA,USA,1122
81,231,746,1971,203162,0,2.1646669999999997,0.034970999999999995,GBR,USA,1122
97,231,746,1971,2350,9486,1.4643760000000001,1.159238,HKG,USA,1122
99,231,746,1971,0,1346,-0.47721,-0.841176,HND,USA,1122
106,231,746,1971,1346,0,1.0895219999999999,1.885416,IRL,USA,1122
110,231,746,1971,31007,0,0.8357530000000001,0.8589479999999999,ISR,USA,1122
111,231,746,1971,123989,0,2.039661,1.10519,ITA,USA,1122
112,231,746,1971,0,2849,0.283952,-0.541592,JAM,USA,1122
114,231,746,1971,1190120,0,1.862756,2.170372,JPN,USA,1122
121,231,746,1971,0,1931,0.804658,0.44236899999999996,KOR,USA,1122
125,231,746,1971,0,4125,-0.877289,-0.5771,LBR,USA,1122
134,231,746,1971,0,60026,-0.016735,-0.41776599999999997,MAR,USA,1122
138,231,746,1971,3186,35230,0.694692,1.631725,MEX,USA,1122
162,231,746,1971,49764,0,1.3564690000000001,2.749828,NLD,USA,1122
169,231,746,1971,0,59019,0.641183,-0.062375,PAN,USA,1122
174,231,746,1971,4307,0,-0.39003899999999997,-0.709147,PHL,USA,1122
177,231,746,1971,109633,0,0.8294520000000001,1.636849,POL,USA,1122
179,231,746,1971,10277,7146,0.9233389999999999,1.184635,PRT,USA,1122
180,231,746,1971,0,126872,-0.48826,-0.712018,PRY,USA,1122
192,231,746,1971,0,3018,0.540057,0.9167700000000001,SGP,USA,1122
208,231,746,1971,16984,0,2.190846,2.570859,SWE,USA,1122
238,231,746,1971,0,28351,0.806248,-0.070153,VIR,USA,1122
249,231,746,1971,4882,0,1.123146,1.440067,TWN,USA,1122
250,231,746,1971,0,3638,0.740793,0.11133,ANS,USA,1122
18,249,746,1971,0,2519,1.495689,2.262083,BEL,TWN,1122
61,249,746,1971,0,8687,2.304817,-1.885431,DEU,TWN,1122
103,249,746,1971,0,1397,-1.335787,-0.813966,IDN,TWN,1122
114,249,746,1971,59243,33656,1.862756,2.170372,JPN,TWN,1122
162,249,746,1971,0,1841,1.3564690000000001,2.749828,NLD,TWN,1122
166,249,746,1971,0,1254,0.188851,-0.346439,NZL,TWN,1122
216,249,746,1971,0,1784,-0.767467,-0.557866,THA,TWN,1122
231,249,746,1971,0,4882,1.873357,1.848336,USA,TWN,1122
239,249,746,1971,0,5392,0.07082100000000001,-0.296412,VNM,TWN,1122
250,249,746,1971,0,2178,0.740793,0.11133,ANS,TWN,1122
14,250,746,1971,786,0,0.019735,0.02329,AUS,ANS,1122
18,250,746,1971,1232,0,1.495689,2.262083,BEL,ANS,1122
64,250,746,1971,5244,0,1.5224870000000001,2.45498,DNK,ANS,1122
71,250,746,1971,1214,0,0.9618040000000001,1.789808,ESP,ANS,1122
77,250,746,1971,2007,0,1.7299959999999999,1.562786,FRA,ANS,1122
81,250,746,1971,5275,1024,2.1646669999999997,0.034970999999999995,GBR,ANS,1122
111,250,746,1971,0,26929,2.039661,1.10519,ITA,ANS,1122
114,250,746,1971,216301,0,1.862756,2.170372,JPN,ANS,1122
166,250,746,1971,1143,0,0.188851,-0.346439,NZL,ANS,1122
169,250,746,1971,0,20170,0.641183,-0.062375,PAN,ANS,1122
192,250,746,1971,1161,0,0.540057,0.9167700000000001,SGP,ANS,1122
231,250,746,1971,3638,0,1.873357,1.848336,USA,ANS,1122
249,250,746,1971,2178,0,1.123146,1.440067,TWN,ANS,1122
64,6,746,1971,1533,0,1.5224870000000001,2.45498,DNK,ANT,1122
71,6,746,1971,2037,0,0.9618040000000001,1.789808,ESP,ANT,1122
231,6,746,1971,30952,0,1.873357,1.848336,USA,ANT,1122
8,32,746,1971,12564,0,0.0024230000000000002,0.084024,ARG,BRA,1122
81,32,746,1971,1005,0,2.1646669999999997,0.034970999999999995,GBR,BRA,1122
114,32,746,1971,6618,0,1.862756,2.170372,JPN,BRA,1122
230,32,746,1971,35236,0,0.24810300000000002,-0.16614600000000002,URY,BRA,1122
231,32,746,1971,4237,0,1.873357,1.848336,USA,BRA,1122
77,44,746,1971,7200,0,1.7299959999999999,1.562786,FRA,CIV,1122
18,46,746,1971,2216,0,1.495689,2.262083,BEL,COD,1122
77,46,746,1971,1265,0,1.7299959999999999,1.562786,FRA,COD,1122
114,46,746,1971,1213,0,1.862756,2.170372,JPN,COD,1122
5,71,746,1971,0,1642,1.154482,0.361592,AND,ESP,1122
6,71,746,1971,0,2037,0.890891,0.10081699999999999,ANT,ESP,1122
49,71,746,1971,0,3003,-0.114488,-0.492489,COL,ESP,1122
61,71,746,1971,0,8401,2.304817,-1.885431,DEU,ESP,1122
65,71,746,1971,0,29140,-0.236627,-0.716432,DOM,ESP,1122
67,71,746,1971,0,1721,-0.8731540000000001,-0.931018,ECU,ESP,1122
77,71,746,1971,0,2333,1.7299959999999999,1.562786,FRA,ESP,1122
81,71,746,1971,0,1819,2.1646669999999997,0.034970999999999995,GBR,ESP,1122
89,71,746,1971,0,14925,-1.312081,-0.46562200000000004,GNQ,ESP,1122
114,71,746,1971,20074,0,1.862756,2.170372,JPN,ESP,1122
125,71,746,1971,0,1076,-0.877289,-0.5771,LBR,ESP,1122
134,71,746,1971,0,4914,-0.016735,-0.41776599999999997,MAR,ESP,1122
169,71,746,1971,0,29269,0.641183,-0.062375,PAN,ESP,1122
172,71,746,1971,0,4741,1.19222,0.871878,PCZ,ESP,1122
173,71,746,1971,0,1455,-0.7457020000000001,-0.882229,PER,ESP,1122
174,71,746,1971,0,2947,-0.39003899999999997,-0.709147,PHL,ESP,1122
231,71,746,1971,1573,463698,1.873357,1.848336,USA,ESP,1122
236,71,746,1971,0,73085,-0.9655290000000001,-0.651151,VEN,ESP,1122
250,71,746,1971,0,1214,0.740793,0.11133,ANS,ESP,1122
61,74,746,1971,6026,0,2.304817,-1.885431,DEU,FIN,1122
64,74,746,1971,146362,0,1.5224870000000001,2.45498,DNK,FIN,1122
81,74,746,1971,1163,0,2.1646669999999997,0.034970999999999995,GBR,FIN,1122
208,74,746,1971,0,374703,2.190846,2.570859,SWE,FIN,1122
231,74,746,1971,4529,0,1.873357,1.848336,USA,FIN,1122
77,80,746,1971,2701,0,1.7299959999999999,1.562786,FRA,GAB,1122
81,88,746,1971,3160,0,2.1646669999999997,0.034970999999999995,GBR,GNB,1122
43,103,746,1971,15592,0,0.551566,1.636164,CHN,IDN,1122
77,103,746,1971,978,0,1.7299959999999999,1.562786,FRA,IDN,1122
81,103,746,1971,34313,0,2.1646669999999997,0.034970999999999995,GBR,IDN,1122
97,103,746,1971,7812,0,1.4643760000000001,1.159238,HKG,IDN,1122
111,103,746,1971,1747,0,2.039661,1.10519,ITA,IDN,1122
114,103,746,1971,1624,0,1.862756,2.170372,JPN,IDN,1122
192,103,746,1971,13291,0,0.540057,0.9167700000000001,SGP,IDN,1122
249,103,746,1971,1397,0,1.123146,1.440067,TWN,IDN,1122
14,110,746,1971,0,1384,0.019735,0.02329,AUS,ISR,1122
41,110,746,1971,802,0,2.242028,1.9425029999999999,CHE,ISR,1122
231,110,746,1971,0,31007,1.873357,1.848336,USA,ISR,1122
81,147,746,1971,3284,0,2.1646669999999997,0.034970999999999995,GBR,MOZ,1122
43,153,746,1971,1020,0,0.551566,1.636164,CHN,MYS,1122
81,153,746,1971,152736,0,2.1646669999999997,0.034970999999999995,GBR,MYS,1122
114,153,746,1971,3884,0,1.862756,2.170372,JPN,MYS,1122
192,153,746,1971,15012,0,0.540057,0.9167700000000001,SGP,MYS,1122
64,159,746,1971,1138,0,1.5224870000000001,2.45498,DNK,NGA,1122
81,159,746,1971,63114,0,2.1646669999999997,0.034970999999999995,GBR,NGA,1122
111,159,746,1971,1179,0,2.039661,1.10519,ITA,NGA,1122
245,159,746,1971,6654,0,1.106614,2.43735,YUG,NGA,1122
14,166,746,1971,0,2032,0.019735,0.02329,AUS,NZL,1122
81,166,746,1971,7900,0,2.1646669999999997,0.034970999999999995,GBR,NZL,1122
114,166,746,1971,7305,0,1.862756,2.170372,JPN,NZL,1122
177,166,746,1971,4831,0,0.8294520000000001,1.636849,POL,NZL,1122
249,166,746,1971,1254,0,1.123146,1.440067,TWN,NZL,1122
250,166,746,1971,0,1143,0.740793,0.11133,ANS,NZL,1122
14,177,746,1971,0,29509,0.019735,0.02329,AUS,POL,1122
81,177,746,1971,0,2615,2.1646669999999997,0.034970999999999995,GBR,POL,1122
114,177,746,1971,0,11567,1.862756,2.170372,JPN,POL,1122
166,177,746,1971,0,4831,0.188851,-0.346439,NZL,POL,1122
231,177,746,1971,0,109633,1.873357,1.848336,USA,POL,1122
245,177,746,1971,37550,0,1.106614,2.43735,YUG,POL,1122
2,179,746,1971,1833,2704,-1.208704,-0.854866,AGO,PRT,1122
81,179,746,1971,1686,0,2.1646669999999997,0.034970999999999995,GBR,PRT,1122
231,179,746,1971,7146,10277,1.873357,1.848336,USA,PRT,1122
81,222,746,1971,64001,0,2.1646669999999997,0.034970999999999995,GBR,TTO,1122
106,222,746,1971,10339,0,1.0895219999999999,1.885416,IRL,TTO,1122
64,236,746,1971,3144,0,1.5224870000000001,2.45498,DNK,VEN,1122
71,236,746,1971,73085,0,0.9618040000000001,1.789808,ESP,VEN,1122
61,246,746,1971,1004,0,2.304817,-1.885431,DEU,ZAF,1122
64,246,746,1971,8372,0,1.5224870000000001,2.45498,DNK,ZAF,1122
81,246,746,1971,70213,0,2.1646669999999997,0.034970999999999995,GBR,ZAF,1122
81,247,746,1971,73235,0,2.1646669999999997,0.034970999999999995,GBR,ZMB,1122
15,102,746,1971,0,6858,1.984568,0.9571209999999999,AUT,HUN,1122
71,134,746,1971,4914,0,0.9618040000000001,1.789808,ESP,MAR,1122
77,134,746,1971,2708,0,1.7299959999999999,1.562786,FRA,MAR,1122
81,134,746,1971,7500,0,2.1646669999999997,0.034970999999999995,GBR,MAR,1122
231,134,746,1971,60026,0,1.873357,1.848336,USA,MAR,1122
14,245,746,1971,0,2049,0.019735,0.02329,AUS,YUG,1122
15,245,746,1971,0,1253,1.984568,0.9571209999999999,AUT,YUG,1122
41,245,746,1971,0,9628,2.242028,1.9425029999999999,CHE,YUG,1122
53,245,746,1971,0,22349,1.7241369999999998,2.76252,CSK,YUG,1122
61,245,746,1971,0,41776,2.304817,-1.885431,DEU,YUG,1122
64,245,746,1971,0,4727,1.5224870000000001,2.45498,DNK,YUG,1122
159,245,746,1971,0,6654,-1.6915639999999998,-0.8931879999999999,NGA,YUG,1122
162,245,746,1971,0,1465,1.3564690000000001,2.749828,NLD,YUG,1122
177,245,746,1971,0,37550,0.8294520000000001,1.636849,POL,YUG,1122
179,2,746,1971,2704,1833,0.9233389999999999,1.184635,PRT,AGO,1122
31,8,746,1971,0,1976,-0.578729,-0.640841,BOL,ARG,1122
32,8,746,1971,0,12564,-0.326897,-0.229088,BRA,ARG,1122
180,8,746,1971,0,13787,-0.48826,-0.712018,PRY,ARG,1122
231,8,746,1971,0,4897,1.873357,1.848336,USA,ARG,1122
77,19,746,1971,1223,0,1.7299959999999999,1.562786,FRA,BEN,1122
81,25,746,1971,57642,0,2.1646669999999997,0.034970999999999995,GBR,BHS,1122
231,25,746,1971,13337,0,1.873357,1.848336,USA,BHS,1122
81,30,746,1971,25906,0,2.1646669999999997,0.034970999999999995,GBR,BMU,1122
231,30,746,1971,4420,0,1.873357,1.848336,USA,BMU,1122
81,33,746,1971,63315,0,2.1646669999999997,0.034970999999999995,GBR,BRB,1122
106,33,746,1971,6454,0,1.0895219999999999,1.885416,IRL,BRB,1122
18,43,746,1971,0,4817,1.495689,2.262083,BEL,CHN,1122
61,43,746,1971,0,7478,2.304817,-1.885431,DEU,CHN,1122
97,43,746,1971,0,49758,1.4643760000000001,1.159238,HKG,CHN,1122
103,43,746,1971,0,15592,-1.335787,-0.813966,IDN,CHN,1122
114,43,746,1971,0,104547,1.862756,2.170372,JPN,CHN,1122
153,43,746,1971,0,1020,-0.636547,-0.648471,MYS,CHN,1122
77,45,746,1971,1800,0,1.7299959999999999,1.562786,FRA,CMR,1122
64,49,746,1971,5890,0,1.5224870000000001,2.45498,DNK,COL,1122
71,49,746,1971,3003,0,0.9618040000000001,1.789808,ESP,COL,1122
93,52,746,1971,99624,0,0.513422,0.31249099999999996,GTM,CRI,1122
169,52,746,1971,0,9408,0.641183,-0.062375,PAN,CRI,1122
71,65,746,1971,29140,0,0.9618040000000001,1.789808,ESP,DOM,1122
231,65,746,1971,1839,0,1.873357,1.848336,USA,DOM,1122
71,67,746,1971,1721,0,0.9618040000000001,1.789808,ESP,ECU,1122
64,83,746,1971,1366,0,1.5224870000000001,2.45498,DNK,GHA,1122
81,83,746,1971,5630,0,2.1646669999999997,0.034970999999999995,GBR,GHA,1122
81,84,746,1971,11181,0,2.1646669999999997,0.034970999999999995,GBR,GIB,1122
77,86,746,1971,3058,0,1.7299959999999999,1.562786,FRA,GLP,1122
150,86,746,1971,536,0,0.149367,-0.451215,MTQ,GLP,1122
52,93,746,1971,0,99624,0.9643510000000001,0.613066,CRI,GTM,1122
160,93,746,1971,0,11260,0.21678699999999998,-0.085482,NIC,GTM,1122
197,93,746,1971,0,75202,0.807056,0.476688,SLV,GTM,1122
231,99,746,1971,1346,0,1.873357,1.848336,USA,HND,1122
33,106,746,1971,0,6454,0.935667,0.839299,BRB,IRL,1122
39,106,746,1971,0,31168,0.543049,0.772374,CAN,IRL,1122
81,106,746,1971,152717,9938,2.1646669999999997,0.034970999999999995,GBR,IRL,1122
96,106,746,1971,0,3272,0.006441,-0.42498800000000003,GUY,IRL,1122
162,106,746,1971,0,3810,1.3564690000000001,2.749828,NLD,IRL,1122
222,106,746,1971,0,10339,0.6038479999999999,-0.19159,TTO,IRL,1122
231,106,746,1971,0,1346,1.873357,1.848336,USA,IRL,1122
81,112,746,1971,753154,0,2.1646669999999997,0.034970999999999995,GBR,JAM,1122
231,112,746,1971,2849,0,1.873357,1.848336,USA,JAM,1122
97,121,746,1971,3665,0,1.4643760000000001,1.159238,HKG,KOR,1122
114,121,746,1971,2373,0,1.862756,2.170372,JPN,KOR,1122
231,121,746,1971,1931,0,1.873357,1.848336,USA,KOR,1122
77,126,746,1971,4659,0,1.7299959999999999,1.562786,FRA,LBY,1122
111,126,746,1971,21230,0,2.039661,1.10519,ITA,LBY,1122
114,138,746,1971,3492,0,1.862756,2.170372,JPN,MEX,1122
231,138,746,1971,35230,3186,1.873357,1.848336,USA,MEX,1122
81,142,746,1971,29309,0,2.1646669999999997,0.034970999999999995,GBR,MLT,1122
77,150,746,1971,4349,31118,1.7299959999999999,1.562786,FRA,MTQ,1122
86,150,746,1971,0,536,-0.531874,-0.39812800000000004,GLP,MTQ,1122
93,160,746,1971,11260,0,0.513422,0.31249099999999996,GTM,NIC,1122
52,169,746,1971,9408,0,0.9643510000000001,0.613066,CRI,PAN,1122
71,169,746,1971,29269,0,0.9618040000000001,1.789808,ESP,PAN,1122
81,169,746,1971,26836,0,2.1646669999999997,0.034970999999999995,GBR,PAN,1122
172,169,746,1971,0,1702,1.19222,0.871878,PCZ,PAN,1122
231,169,746,1971,59019,0,1.873357,1.848336,USA,PAN,1122
250,169,746,1971,20170,0,0.740793,0.11133,ANS,PAN,1122
64,172,746,1971,5287,0,1.5224870000000001,2.45498,DNK,PCZ,1122
71,172,746,1971,4741,0,0.9618040000000001,1.789808,ESP,PCZ,1122
169,172,746,1971,1702,0,0.641183,-0.062375,PAN,PCZ,1122
71,173,746,1971,1455,0,0.9618040000000001,1.789808,ESP,PER,1122
114,173,746,1971,5032,0,1.862756,2.170372,JPN,PER,1122
71,174,746,1971,2947,0,0.9618040000000001,1.789808,ESP,PHL,1122
114,174,746,1971,1464,0,1.862756,2.170372,JPN,PHL,1122
231,174,746,1971,0,4307,1.873357,1.848336,USA,PHL,1122
8,180,746,1971,13787,0,0.0024230000000000002,0.084024,ARG,PRY,1122
231,180,746,1971,126872,0,1.873357,1.848336,USA,PRY,1122
77,191,746,1971,3063,0,1.7299959999999999,1.562786,FRA,SEN,1122
93,197,746,1971,75202,0,0.513422,0.31249099999999996,GTM,SLV,1122
81,205,746,1971,1534,0,2.1646669999999997,0.034970999999999995,GBR,SUR,1122
32,230,746,1971,0,35236,-0.326897,-0.229088,BRA,URY,1122
64,238,746,1971,5753,0,1.5224870000000001,2.45498,DNK,VIR,1122
81,238,746,1971,3292,0,2.1646669999999997,0.034970999999999995,GBR,VIR,1122
114,238,746,1971,1506,0,1.862756,2.170372,JPN,VIR,1122
231,238,746,1971,28351,0,1.873357,1.848336,USA,VIR,1122
61,24,746,1971,2856,0,2.304817,-1.885431,DEU,BHR,1122
81,24,746,1971,3128,0,2.1646669999999997,0.034970999999999995,GBR,BHR,1122
188,24,746,1971,0,3550,-1.370577,-0.556488,SAU,BHR,1122
81,128,746,1971,2020,0,2.1646669999999997,0.034970999999999995,GBR,LKA,1122
8,31,746,1971,1976,0,0.0024230000000000002,0.084024,ARG,BOL,1122
81,58,746,1971,4531,0,2.1646669999999997,0.034970999999999995,GBR,CYP,1122
81,87,746,1971,3276,0,2.1646669999999997,0.034970999999999995,GBR,GMB,1122
81,96,746,1971,41807,0,2.1646669999999997,0.034970999999999995,GBR,GUY,1122
106,96,746,1971,3272,0,1.0895219999999999,1.885416,IRL,GUY,1122
81,116,746,1971,47148,0,2.1646669999999997,0.034970999999999995,GBR,KEN,1122
114,116,746,1971,2469,0,1.862756,2.170372,JPN,KEN,1122
71,125,746,1971,1076,0,0.9618040000000001,1.789808,ESP,LBR,1122
77,125,746,1971,1566,0,1.7299959999999999,1.562786,FRA,LBR,1122
81,125,746,1971,4189,0,2.1646669999999997,0.034970999999999995,GBR,LBR,1122
231,125,746,1971,4125,0,1.873357,1.848336,USA,LBR,1122
77,148,746,1971,1099,0,1.7299959999999999,1.562786,FRA,MRT,1122
77,184,746,1971,10127,0,1.7299959999999999,1.562786,FRA,REU,1122
24,188,746,1971,3550,0,0.811757,-0.086967,BHR,SAU,1122
81,188,746,1971,1184,0,2.1646669999999997,0.034970999999999995,GBR,SAU,1122
81,7,746,1971,2865,0,2.1646669999999997,0.034970999999999995,GBR,ARE,1122
81,29,746,1971,4460,0,2.1646669999999997,0.034970999999999995,GBR,BLZ,1122
81,34,746,1971,9121,0,2.1646669999999997,0.034970999999999995,GBR,BRN,1122
114,34,746,1971,1041,0,1.862756,2.170372,JPN,BRN,1122
77,62,746,1971,4552,0,1.7299959999999999,1.562786,FRA,DJI,1122
81,63,746,1971,85604,0,2.1646669999999997,0.034970999999999995,GBR,DMA,1122
81,120,746,1971,22529,0,2.1646669999999997,0.034970999999999995,GBR,KNA,1122
77,123,746,1971,1089,0,1.7299959999999999,1.562786,FRA,LAO,1122
81,151,746,1971,12758,0,2.1646669999999997,0.034970999999999995,GBR,MUS,1122
81,152,746,1971,10151,0,2.1646669999999997,0.034970999999999995,GBR,MWI,1122
77,156,746,1971,13397,0,1.7299959999999999,1.562786,FRA,NCL,1122
81,167,746,1971,3044,0,2.1646669999999997,0.034970999999999995,GBR,OMN,1122
114,170,746,1971,1264,0,1.862756,2.170372,JPN,PCI,1122
14,176,746,1971,2518,0,0.019735,0.02329,AUS,PNG,1122
81,176,746,1971,957,0,2.1646669999999997,0.034970999999999995,GBR,PNG,1122
77,182,746,1971,4178,0,1.7299959999999999,1.562786,FRA,PYF,1122
81,195,746,1971,1579,0,2.1646669999999997,0.034970999999999995,GBR,SLB,1122
81,211,746,1971,1474,0,2.1646669999999997,0.034970999999999995,GBR,SYC,1122
81,226,746,1971,15277,0,2.1646669999999997,0.034970999999999995,GBR,TZA,1122
81,227,746,1971,8726,0,2.1646669999999997,0.034970999999999995,GBR,UGA,1122
114,239,746,1971,6821,0,1.862756,2.170372,JPN,VNM,1122
249,239,746,1971,5392,0,1.123146,1.440067,TWN,VNM,1122
77,38,746,1971,1030,0,1.7299959999999999,1.562786,FRA,CAF,1122
71,89,746,1971,14925,0,0.9618040000000001,1.789808,ESP,GNQ,1122
81,196,746,1971,96531,0,2.1646669999999997,0.034970999999999995,GBR,SLE,1122
71,5,746,1971,1642,0,0.9618040000000001,1.789808,ESP,AND,1122
81,57,746,1971,6691,0,2.1646669999999997,0.034970999999999995,GBR,CYM,1122
61,14,729,1971,5015,0,2.304817,-1.885431,DEU,AUS,0722
64,14,729,1971,4207,0,1.5224870000000001,2.45498,DNK,AUS,0722
75,14,729,1971,0,2645,0.057053,-0.490021,FJI,AUS,0722
81,14,729,1971,140618,0,2.1646669999999997,0.034970999999999995,GBR,AUS,0722
153,14,729,1971,0,142167,-0.636547,-0.648471,MYS,AUS,0722
162,14,729,1971,138849,0,1.3564690000000001,2.749828,NLD,AUS,0722
176,14,729,1971,0,11108,-0.222694,-0.396214,PNG,AUS,0722
192,14,729,1971,91018,0,0.540057,0.9167700000000001,SGP,AUS,0722
231,14,729,1971,1577,0,1.873357,1.848336,USA,AUS,0722
41,15,729,1971,8234,56045,2.242028,1.9425029999999999,CHE,AUT,0722
61,15,729,1971,55235,0,2.304817,-1.885431,DEU,AUT,0722
81,15,729,1971,31804,34100,2.1646669999999997,0.034970999999999995,GBR,AUT,0722
162,15,729,1971,89912,0,1.3564690000000001,2.749828,NLD,AUT,0722
231,15,729,1971,0,28120,1.873357,1.848336,USA,AUT,0722
44,18,729,1971,3184,0,-0.719483,-0.700326,CIV,BEL,0722
61,18,729,1971,215303,2000,2.304817,-1.885431,DEU,BEL,0722
66,18,729,1971,0,1902,-0.42629399999999995,-0.612192,DZA,BEL,0722
71,18,729,1971,3113,0,0.9618040000000001,1.789808,ESP,BEL,0722
77,18,729,1971,6683,0,1.7299959999999999,1.562786,FRA,BEL,0722
81,18,729,1971,5895,0,2.1646669999999997,0.034970999999999995,GBR,BEL,0722
111,18,729,1971,1344,10792,2.039661,1.10519,ITA,BEL,0722
162,18,729,1971,1058858,26378,1.3564690000000001,2.749828,NLD,BEL,0722
231,18,729,1971,0,15417,1.873357,1.848336,USA,BEL,0722
30,39,729,1971,0,1803,0.637919,0.031731999999999996,BMU,CAN,0722
32,39,729,1971,27511,0,-0.326897,-0.229088,BRA,CAN,0722
41,39,729,1971,1913,0,2.242028,1.9425029999999999,CHE,CAN,0722
61,39,729,1971,154698,0,2.304817,-1.885431,DEU,CAN,0722
77,39,729,1971,18323,0,1.7299959999999999,1.562786,FRA,CAN,0722
81,39,729,1971,108160,0,2.1646669999999997,0.034970999999999995,GBR,CAN,0722
83,39,729,1971,45429,0,-0.948254,-0.880582,GHA,CAN,0722
162,39,729,1971,567402,2212,1.3564690000000001,2.749828,NLD,CAN,0722
231,39,729,1971,663427,0,1.873357,1.848336,USA,CAN,0722
15,41,729,1971,56045,8234,1.984568,0.9571209999999999,AUT,CHE,0722
39,41,729,1971,0,1913,0.543049,0.772374,CAN,CHE,0722
42,41,729,1971,0,1360,-0.231579,-0.6383479999999999,CHL,CHE,0722
61,41,729,1971,33234,21926,2.304817,-1.885431,DEU,CHE,0722
64,41,729,1971,0,4096,1.5224870000000001,2.45498,DNK,CHE,0722
68,41,729,1971,0,1613,0.192492,-0.374212,EGY,CHE,0722
81,41,729,1971,142190,153049,2.1646669999999997,0.034970999999999995,GBR,CHE,0722
107,41,729,1971,0,2599,-0.7509680000000001,-0.721083,IRN,CHE,0722
111,41,729,1971,13556,83521,2.039661,1.10519,ITA,CHE,0722
153,41,729,1971,0,13081,-0.636547,-0.648471,MYS,CHE,0722
162,41,729,1971,214578,0,1.3564690000000001,2.749828,NLD,CHE,0722
179,41,729,1971,0,7612,0.9233389999999999,1.184635,PRT,CHE,0722
185,41,729,1971,0,9029,1.0355299999999998,1.5666129999999998,ROU,CHE,0722
250,41,729,1971,0,2179,0.740793,0.11133,ANS,CHE,0722
162,53,729,1971,144105,0,1.3564690000000001,2.749828,NLD,CSK,0722
14,61,729,1971,0,5015,0.019735,0.02329,AUS,DEU,0722
15,61,729,1971,0,55235,1.984568,0.9571209999999999,AUT,DEU,0722
18,61,729,1971,2000,215303,1.495689,2.262083,BEL,DEU,0722
33,61,729,1971,0,3654,0.935667,0.839299,BRB,DEU,0722
39,61,729,1971,0,154698,0.543049,0.772374,CAN,DEU,0722
41,61,729,1971,21926,33234,2.242028,1.9425029999999999,CHE,DEU,0722
42,61,729,1971,0,996,-0.231579,-0.6383479999999999,CHL,DEU,0722
58,61,729,1971,0,990,0.266353,-0.404526,CYP,DEU,0722
64,61,729,1971,1505,384001,1.5224870000000001,2.45498,DNK,DEU,0722
71,61,729,1971,0,2015,0.9618040000000001,1.789808,ESP,DEU,0722
73,61,729,1971,0,2030,-0.9625530000000001,-0.946401,ETH,DEU,0722
74,61,729,1971,0,118511,1.382261,1.410232,FIN,DEU,0722
77,61,729,1971,127742,724725,1.7299959999999999,1.562786,FRA,DEU,0722
81,61,729,1971,26773,1978,2.1646669999999997,0.034970999999999995,GBR,DEU,0722
90,61,729,1971,0,7110,0.373161,0.153613,GRC,DEU,0722
93,61,729,1971,0,919,0.513422,0.31249099999999996,GTM,DEU,0722
99,61,729,1971,0,9039,-0.47721,-0.841176,HND,DEU,0722
102,61,729,1971,0,35441,0.8639760000000001,1.2125059999999999,HUN,DEU,0722
103,61,729,1971,0,973,-1.335787,-0.813966,IDN,DEU,0722
104,61,729,1971,0,997,0.28820999999999997,0.790629,IND,DEU,0722
107,61,729,1971,0,5992,-0.7509680000000001,-0.721083,IRN,DEU,0722
111,61,729,1971,103998,32291,2.039661,1.10519,ITA,DEU,0722
114,61,729,1971,0,64723,1.862756,2.170372,JPN,DEU,0722
124,61,729,1971,0,11950,0.6515989999999999,1.542378,LBN,DEU,0722
126,61,729,1971,0,1749,-2.1829009999999998,-0.541129,LBY,DEU,0722
159,61,729,1971,0,4903,-1.6915639999999998,-0.8931879999999999,NGA,DEU,0722
162,61,729,1971,6866863,750929,1.3564690000000001,2.749828,NLD,DEU,0722
163,61,729,1971,0,1019,1.297569,1.870238,NOR,DEU,0722
168,61,729,1971,0,998,-0.160556,-0.48263,PAK,DEU,0722
177,61,729,1971,0,163747,0.8294520000000001,1.636849,POL,DEU,0722
179,61,729,1971,0,8022,0.9233389999999999,1.184635,PRT,DEU,0722
190,61,729,1971,0,7081,-1.375243,-0.9691209999999999,SDN,DEU,0722
208,61,729,1971,0,122479,2.190846,2.570859,SWE,DEU,0722
212,61,729,1971,0,1002,0.082847,-0.600657,SYR,DEU,0722
231,61,729,1971,0,1522209,1.873357,1.848336,USA,DEU,0722
239,61,729,1971,0,10773,0.07082100000000001,-0.296412,VNM,DEU,0722
14,64,729,1971,0,4207,0.019735,0.02329,AUS,DNK,0722
41,64,729,1971,4096,0,2.242028,1.9425029999999999,CHE,DNK,0722
58,64,729,1971,0,1273,0.266353,-0.404526,CYP,DNK,0722
61,64,729,1971,384001,1505,2.304817,-1.885431,DEU,DNK,0722
66,64,729,1971,0,14241,-0.42629399999999995,-0.612192,DZA,DNK,0722
71,64,729,1971,0,1092,0.9618040000000001,1.789808,ESP,DNK,0722
74,64,729,1971,5456,5229,1.382261,1.410232,FIN,DNK,0722
81,64,729,1971,43684,3131,2.1646669999999997,0.034970999999999995,GBR,DNK,0722
97,64,729,1971,0,9709,1.4643760000000001,1.159238,HKG,DNK,0722
101,64,729,1971,0,1109,0.47879399999999994,-0.145479,HTI,DNK,0722
107,64,729,1971,0,1746,-0.7509680000000001,-0.721083,IRN,DNK,0722
108,64,729,1971,0,2978,-0.5225569999999999,-0.438028,IRQ,DNK,0722
109,64,729,1971,0,5313,0.12083900000000002,-0.37900100000000003,ISL,DNK,0722
111,64,729,1971,1656,0,2.039661,1.10519,ITA,DNK,0722
113,64,729,1971,0,1047,0.344856,-0.11885699999999999,JOR,DNK,0722
114,64,729,1971,0,2686,1.862756,2.170372,JPN,DNK,0722
116,64,729,1971,0,4657,-0.119521,0.044922000000000004,KEN,DNK,0722
124,64,729,1971,0,19933,0.6515989999999999,1.542378,LBN,DNK,0722
134,64,729,1971,0,1170,-0.016735,-0.41776599999999997,MAR,DNK,0722
162,64,729,1971,779103,1734,1.3564690000000001,2.749828,NLD,DNK,0722
163,64,729,1971,0,14004,1.297569,1.870238,NOR,DNK,0722
168,64,729,1971,0,1813,-0.160556,-0.48263,PAK,DNK,0722
173,64,729,1971,0,1530,-0.7457020000000001,-0.882229,PER,DNK,0722
186,64,729,1971,0,1094,0.42000600000000005,0.512301,RUS,DNK,0722
208,64,729,1971,0,77484,2.190846,2.570859,SWE,DNK,0722
212,64,729,1971,0,4734,0.082847,-0.600657,SYR,DNK,0722
216,64,729,1971,0,15533,-0.767467,-0.557866,THA,DNK,0722
223,64,729,1971,0,2606,-0.28817,-0.6084189999999999,TUN,DNK,0722
239,64,729,1971,0,1769,0.07082100000000001,-0.296412,VNM,DNK,0722
246,64,729,1971,0,2268,-0.285408,-0.146573,ZAF,DNK,0722
18,77,729,1971,0,6683,1.495689,2.262083,BEL,FRA,0722
39,77,729,1971,0,18323,0.543049,0.772374,CAN,FRA,0722
44,77,729,1971,0,2160,-0.719483,-0.700326,CIV,FRA,0722
61,77,729,1971,724725,127742,2.304817,-1.885431,DEU,FRA,0722
66,77,729,1971,0,3773,-0.42629399999999995,-0.612192,DZA,FRA,0722
81,77,729,1971,1609,0,2.1646669999999997,0.034970999999999995,GBR,FRA,0722
86,77,729,1971,0,41376,-0.531874,-0.39812800000000004,GLP,FRA,0722
94,77,729,1971,0,4517,0.499463,-0.375422,GUF,FRA,0722
111,77,729,1971,196904,15342,2.039661,1.10519,ITA,FRA,0722
124,77,729,1971,0,1845,0.6515989999999999,1.542378,LBN,FRA,0722
134,77,729,1971,0,2528,-0.016735,-0.41776599999999997,MAR,FRA,0722
136,77,729,1971,0,4505,-0.819129,-0.765004,MDG,FRA,0722
150,77,729,1971,0,18847,0.149367,-0.451215,MTQ,FRA,0722
156,77,729,1971,0,1086,-0.714832,-0.24088400000000001,NCL,FRA,0722
162,77,729,1971,647818,3249,1.3564690000000001,2.749828,NLD,FRA,0722
182,77,729,1971,0,4905,-0.5776640000000001,-0.440554,PYF,FRA,0722
184,77,729,1971,0,1180,-1.004604,-0.44332,REU,FRA,0722
191,77,729,1971,0,1215,-0.100347,-0.469422,SEN,FRA,0722
208,77,729,1971,0,52473,2.190846,2.570859,SWE,FRA,0722
214,77,729,1971,0,1304,-0.850374,-0.740183,TCD,FRA,0722
222,77,729,1971,0,958,0.6038479999999999,-0.19159,TTO,FRA,0722
223,77,729,1971,0,10572,-0.28817,-0.6084189999999999,TUN,FRA,0722
231,77,729,1971,0,245861,1.873357,1.848336,USA,FRA,0722
2,81,729,1971,0,26068,-1.208704,-0.854866,AGO,GBR,0722
6,81,729,1971,0,1379,0.890891,0.10081699999999999,ANT,GBR,0722
7,81,729,1971,0,1812,-0.455717,-0.601296,ARE,GBR,0722
14,81,729,1971,0,140618,0.019735,0.02329,AUS,GBR,0722
15,81,729,1971,34100,31804,1.984568,0.9571209999999999,AUT,GBR,0722
18,81,729,1971,0,5895,1.495689,2.262083,BEL,GBR,0722
25,81,729,1971,0,23579,0.356122,-0.181398,BHS,GBR,0722
29,81,729,1971,0,60297,0.194858,-0.679845,BLZ,GBR,0722
30,81,729,1971,0,10497,0.637919,0.031731999999999996,BMU,GBR,0722
32,81,729,1971,13156,0,-0.326897,-0.229088,BRA,GBR,0722
33,81,729,1971,0,14946,0.935667,0.839299,BRB,GBR,0722
39,81,729,1971,0,108160,0.543049,0.772374,CAN,GBR,0722
41,81,729,1971,153049,142190,2.242028,1.9425029999999999,CHE,GBR,0722
42,81,729,1971,0,7412,-0.231579,-0.6383479999999999,CHL,GBR,0722
58,81,729,1971,0,16964,0.266353,-0.404526,CYP,GBR,0722
61,81,729,1971,1978,26773,2.304817,-1.885431,DEU,GBR,0722
63,81,729,1971,0,9907,-0.595859,-0.486575,DMA,GBR,0722
64,81,729,1971,3131,43684,1.5224870000000001,2.45498,DNK,GBR,0722
66,81,729,1971,0,7844,-0.42629399999999995,-0.612192,DZA,GBR,0722
68,81,729,1971,0,1109,0.192492,-0.374212,EGY,GBR,0722
71,81,729,1971,0,11014,0.9618040000000001,1.789808,ESP,GBR,0722
73,81,729,1971,0,2189,-0.9625530000000001,-0.946401,ETH,GBR,0722
74,81,729,1971,0,58259,1.382261,1.410232,FIN,GBR,0722
75,81,729,1971,0,32970,0.057053,-0.490021,FJI,GBR,0722
77,81,729,1971,0,1609,1.7299959999999999,1.562786,FRA,GBR,0722
78,81,729,1971,0,9119,-0.604657,-0.47572,FRO,GBR,0722
83,81,729,1971,0,25878,-0.948254,-0.880582,GHA,GBR,0722
86,81,729,1971,0,1049,-0.531874,-0.39812800000000004,GLP,GBR,0722
87,81,729,1971,0,8037,-1.1802700000000002,-0.49359200000000003,GMB,GBR,0722
88,81,729,1971,0,1450,-0.8342940000000001,-0.728585,GNB,GBR,0722
90,81,729,1971,0,2517,0.373161,0.153613,GRC,GBR,0722
96,81,729,1971,0,11113,0.006441,-0.42498800000000003,GUY,GBR,0722
97,81,729,1971,0,96679,1.4643760000000001,1.159238,HKG,GBR,0722
99,81,729,1971,0,7997,-0.47721,-0.841176,HND,GBR,0722
101,81,729,1971,0,6618,0.47879399999999994,-0.145479,HTI,GBR,0722
103,81,729,1971,0,1687,-1.335787,-0.813966,IDN,GBR,0722
104,81,729,1971,2287,5361,0.28820999999999997,0.790629,IND,GBR,0722
106,81,729,1971,6487,492103,1.0895219999999999,1.885416,IRL,GBR,0722
107,81,729,1971,0,39619,-0.7509680000000001,-0.721083,IRN,GBR,0722
108,81,729,1971,0,40114,-0.5225569999999999,-0.438028,IRQ,GBR,0722
109,81,729,1971,0,59874,0.12083900000000002,-0.37900100000000003,ISL,GBR,0722
110,81,729,1971,0,1300,0.8357530000000001,0.8589479999999999,ISR,GBR,0722
111,81,729,1971,29406,9610,2.039661,1.10519,ITA,GBR,0722
112,81,729,1971,0,3493,0.283952,-0.541592,JAM,GBR,0722
113,81,729,1971,0,17704,0.344856,-0.11885699999999999,JOR,GBR,0722
116,81,729,1971,0,240087,-0.119521,0.044922000000000004,KEN,GBR,0722
120,81,729,1971,0,4764,0.8502790000000001,-0.07904800000000001,KNA,GBR,0722
122,81,729,1971,0,12104,-0.589441,-0.5007699999999999,KWT,GBR,0722
124,81,729,1971,0,120224,0.6515989999999999,1.542378,LBN,GBR,0722
125,81,729,1971,0,2334,-0.877289,-0.5771,LBR,GBR,0722
126,81,729,1971,0,27863,-2.1829009999999998,-0.541129,LBY,GBR,0722
134,81,729,1971,0,2459,-0.016735,-0.41776599999999997,MAR,GBR,0722
142,81,729,1971,0,21279,1.567812,1.889177,MLT,GBR,0722
147,81,729,1971,0,9919,-0.670024,-0.6290560000000001,MOZ,GBR,0722
151,81,729,1971,0,1113,-0.592737,-0.767588,MUS,GBR,0722
153,81,729,1971,0,10290,-0.636547,-0.648471,MYS,GBR,0722
159,81,729,1971,9172,151645,-1.6915639999999998,-0.8931879999999999,NGA,GBR,0722
160,81,729,1971,0,3246,0.21678699999999998,-0.085482,NIC,GBR,0722
162,81,729,1971,215089,37779,1.3564690000000001,2.749828,NLD,GBR,0722
163,81,729,1971,0,68829,1.297569,1.870238,NOR,GBR,0722
166,81,729,1971,0,10974,0.188851,-0.346439,NZL,GBR,0722
168,81,729,1971,0,4975,-0.160556,-0.48263,PAK,GBR,0722
169,81,729,1971,0,53790,0.641183,-0.062375,PAN,GBR,0722
173,81,729,1971,0,8812,-0.7457020000000001,-0.882229,PER,GBR,0722
174,81,729,1971,0,81332,-0.39003899999999997,-0.709147,PHL,GBR,0722
177,81,729,1971,0,92201,0.8294520000000001,1.636849,POL,GBR,0722
179,81,729,1971,0,15058,0.9233389999999999,1.184635,PRT,GBR,0722
183,81,729,1971,0,1333,-1.0228190000000001,-0.519414,QAT,GBR,0722
188,81,729,1971,0,16612,-1.370577,-0.556488,SAU,GBR,0722
190,81,729,1971,0,11002,-1.375243,-0.9691209999999999,SDN,GBR,0722
192,81,729,1971,1463,106262,0.540057,0.9167700000000001,SGP,GBR,0722
196,81,729,1971,0,27509,-0.9423530000000001,-0.7621220000000001,SLE,GBR,0722
197,81,729,1971,0,3776,0.807056,0.476688,SLV,GBR,0722
205,81,729,1971,0,92447,-0.26679,-0.417204,SUR,GBR,0722
208,81,729,1971,0,184258,2.190846,2.570859,SWE,GBR,0722
211,81,729,1971,0,2733,-1.0993899999999999,-0.627599,SYC,GBR,0722
216,81,729,1971,0,25022,-0.767467,-0.557866,THA,GBR,0722
222,81,729,1971,0,27800,0.6038479999999999,-0.19159,TTO,GBR,0722
226,81,729,1971,0,11709,-1.246843,-0.9062180000000001,TZA,GBR,0722
231,81,729,1971,0,250886,1.873357,1.848336,USA,GBR,0722
239,81,729,1971,0,2279,0.07082100000000001,-0.296412,VNM,GBR,0722
244,81,729,1971,0,1429,-1.106739,-0.692533,YMD,GBR,0722
246,81,729,1971,0,82153,-0.285408,-0.146573,ZAF,GBR,0722
247,81,729,1971,0,106540,-0.8803290000000001,-0.7895399999999999,ZMB,GBR,0722
249,81,729,1971,0,8487,1.123146,1.440067,TWN,GBR,0722
250,81,729,1971,0,3100,0.740793,0.11133,ANS,GBR,0722
58,90,729,1971,0,2137,0.266353,-0.404526,CYP,GRC,0722
61,90,729,1971,7110,0,2.304817,-1.885431,DEU,GRC,0722
81,90,729,1971,2517,0,2.1646669999999997,0.034970999999999995,GBR,GRC,0722
124,90,729,1971,0,6548,0.6515989999999999,1.542378,LBN,GRC,0722
126,90,729,1971,0,9740,-2.1829009999999998,-0.541129,LBY,GRC,0722
162,90,729,1971,13330,0,1.3564690000000001,2.749828,NLD,GRC,0722
43,97,729,1971,3400,2257,0.551566,1.636164,CHN,HKG,0722
64,97,729,1971,9709,0,1.5224870000000001,2.45498,DNK,HKG,0722
81,97,729,1971,96679,0,2.1646669999999997,0.034970999999999995,GBR,HKG,0722
162,97,729,1971,1187,0,1.3564690000000001,2.749828,NLD,HKG,0722
192,97,729,1971,51136,1776,0.540057,0.9167700000000001,SGP,HKG,0722
231,97,729,1971,8444,0,1.873357,1.848336,USA,HKG,0722
249,97,729,1971,0,1848,1.123146,1.440067,TWN,HKG,0722
250,97,729,1971,0,1342,0.740793,0.11133,ANS,HKG,0722
61,104,729,1971,997,0,2.304817,-1.885431,DEU,IND,0722
81,104,729,1971,5361,2287,2.1646669999999997,0.034970999999999995,GBR,IND,0722
108,104,729,1971,0,4792,-0.5225569999999999,-0.438028,IRQ,IND,0722
126,104,729,1971,0,3693,-2.1829009999999998,-0.541129,LBY,IND,0722
162,104,729,1971,3523,0,1.3564690000000001,2.749828,NLD,IND,0722
190,104,729,1971,0,1083,-1.375243,-0.9691209999999999,SDN,IND,0722
245,104,729,1971,0,17556,1.106614,2.43735,YUG,IND,0722
41,107,729,1971,2599,0,2.242028,1.9425029999999999,CHE,IRN,0722
61,107,729,1971,5992,0,2.304817,-1.885431,DEU,IRN,0722
64,107,729,1971,1746,0,1.5224870000000001,2.45498,DNK,IRN,0722
81,107,729,1971,39619,0,2.1646669999999997,0.034970999999999995,GBR,IRN,0722
122,107,729,1971,2225,0,-0.589441,-0.5007699999999999,KWT,IRN,0722
162,107,729,1971,47598,0,1.3564690000000001,2.749828,NLD,IRN,0722
231,107,729,1971,30259,0,1.873357,1.848336,USA,IRN,0722
64,108,729,1971,2978,0,1.5224870000000001,2.45498,DNK,IRQ,0722
81,108,729,1971,40114,0,2.1646669999999997,0.034970999999999995,GBR,IRQ,0722
104,108,729,1971,4792,0,0.28820999999999997,0.790629,IND,IRQ,0722
162,108,729,1971,2313,0,1.3564690000000001,2.749828,NLD,IRQ,0722
64,109,729,1971,5313,0,1.5224870000000001,2.45498,DNK,ISL,0722
81,109,729,1971,59874,0,2.1646669999999997,0.034970999999999995,GBR,ISL,0722
162,109,729,1971,11539,0,1.3564690000000001,2.749828,NLD,ISL,0722
18,111,729,1971,10792,1344,1.495689,2.262083,BEL,ITA,0722
41,111,729,1971,83521,13556,2.242028,1.9425029999999999,CHE,ITA,0722
61,111,729,1971,32291,103998,2.304817,-1.885431,DEU,ITA,0722
64,111,729,1971,0,1656,1.5224870000000001,2.45498,DNK,ITA,0722
77,111,729,1971,15342,196904,1.7299959999999999,1.562786,FRA,ITA,0722
81,111,729,1971,9610,29406,2.1646669999999997,0.034970999999999995,GBR,ITA,0722
162,111,729,1971,550821,0,1.3564690000000001,2.749828,NLD,ITA,0722
231,111,729,1971,0,226884,1.873357,1.848336,USA,ITA,0722
250,111,729,1971,3105,4261,0.740793,0.11133,ANS,ITA,0722
61,114,729,1971,64723,0,2.304817,-1.885431,DEU,JPN,0722
64,114,729,1971,2686,0,1.5224870000000001,2.45498,DNK,JPN,0722
162,114,729,1971,672364,0,1.3564690000000001,2.749828,NLD,JPN,0722
208,114,729,1971,0,4293,2.190846,2.570859,SWE,JPN,0722
231,114,729,1971,111026,0,1.873357,1.848336,USA,JPN,0722
249,114,729,1971,0,31207,1.123146,1.440067,TWN,JPN,0722
250,114,729,1971,0,6607,0.740793,0.11133,ANS,JPN,0722
81,122,729,1971,12104,0,2.1646669999999997,0.034970999999999995,GBR,KWT,0722
107,122,729,1971,0,2225,-0.7509680000000001,-0.721083,IRN,KWT,0722
162,122,729,1971,1634,0,1.3564690000000001,2.749828,NLD,KWT,0722
43,124,729,1971,2761,0,0.551566,1.636164,CHN,LBN,0722
61,124,729,1971,11950,0,2.304817,-1.885431,DEU,LBN,0722
64,124,729,1971,19933,0,1.5224870000000001,2.45498,DNK,LBN,0722
77,124,729,1971,1845,0,1.7299959999999999,1.562786,FRA,LBN,0722
81,124,729,1971,120224,0,2.1646669999999997,0.034970999999999995,GBR,LBN,0722
90,124,729,1971,6548,0,0.373161,0.153613,GRC,LBN,0722
113,124,729,1971,0,19889,0.344856,-0.11885699999999999,JOR,LBN,0722
162,124,729,1971,79812,0,1.3564690000000001,2.749828,NLD,LBN,0722
4,162,729,1971,0,26106,0.149073,-0.465447,ALB,NLD,0722
6,162,729,1971,0,15924,0.890891,0.10081699999999999,ANT,NLD,0722
14,162,729,1971,0,138849,0.019735,0.02329,AUS,NLD,0722
15,162,729,1971,0,89912,1.984568,0.9571209999999999,AUT,NLD,0722
18,162,729,1971,26378,1058858,1.495689,2.262083,BEL,NLD,0722
30,162,729,1971,0,2038,0.637919,0.031731999999999996,BMU,NLD,0722
32,162,729,1971,1873,0,-0.326897,-0.229088,BRA,NLD,0722
33,162,729,1971,0,1004,0.935667,0.839299,BRB,NLD,0722
39,162,729,1971,2212,567402,0.543049,0.772374,CAN,NLD,0722
41,162,729,1971,0,214578,2.242028,1.9425029999999999,CHE,NLD,0722
42,162,729,1971,0,826,-0.231579,-0.6383479999999999,CHL,NLD,0722
49,162,729,1971,0,5815,-0.114488,-0.492489,COL,NLD,0722
53,162,729,1971,0,144105,1.7241369999999998,2.76252,CSK,NLD,0722
58,162,729,1971,0,3101,0.266353,-0.404526,CYP,NLD,0722
61,162,729,1971,750929,6866863,2.304817,-1.885431,DEU,NLD,0722
64,162,729,1971,1734,779103,1.5224870000000001,2.45498,DNK,NLD,0722
66,162,729,1971,0,27354,-0.42629399999999995,-0.612192,DZA,NLD,0722
70,162,729,1971,0,1714,0.474017,-0.278938,ESH,NLD,0722
71,162,729,1971,0,1498,0.9618040000000001,1.789808,ESP,NLD,0722
73,162,729,1971,0,1303,-0.9625530000000001,-0.946401,ETH,NLD,0722
74,162,729,1971,0,330147,1.382261,1.410232,FIN,NLD,0722
77,162,729,1971,3249,647818,1.7299959999999999,1.562786,FRA,NLD,0722
81,162,729,1971,37779,215089,2.1646669999999997,0.034970999999999995,GBR,NLD,0722
83,162,729,1971,1378,0,-0.948254,-0.880582,GHA,NLD,0722
90,162,729,1971,0,13330,0.373161,0.153613,GRC,NLD,0722
97,162,729,1971,0,1187,1.4643760000000001,1.159238,HKG,NLD,0722
99,162,729,1971,0,7185,-0.47721,-0.841176,HND,NLD,0722
102,162,729,1971,0,75659,0.8639760000000001,1.2125059999999999,HUN,NLD,0722
103,162,729,1971,0,18172,-1.335787,-0.813966,IDN,NLD,0722
104,162,729,1971,0,3523,0.28820999999999997,0.790629,IND,NLD,0722
106,162,729,1971,0,10164,1.0895219999999999,1.885416,IRL,NLD,0722
107,162,729,1971,0,47598,-0.7509680000000001,-0.721083,IRN,NLD,0722
108,162,729,1971,0,2313,-0.5225569999999999,-0.438028,IRQ,NLD,0722
109,162,729,1971,0,11539,0.12083900000000002,-0.37900100000000003,ISL,NLD,0722
110,162,729,1971,0,9039,0.8357530000000001,0.8589479999999999,ISR,NLD,0722
111,162,729,1971,0,550821,2.039661,1.10519,ITA,NLD,0722
113,162,729,1971,0,16784,0.344856,-0.11885699999999999,JOR,NLD,0722
114,162,729,1971,0,672364,1.862756,2.170372,JPN,NLD,0722
122,162,729,1971,0,1634,-0.589441,-0.5007699999999999,KWT,NLD,0722
124,162,729,1971,0,79812,0.6515989999999999,1.542378,LBN,NLD,0722
126,162,729,1971,0,7603,-2.1829009999999998,-0.541129,LBY,NLD,0722
134,162,729,1971,0,17861,-0.016735,-0.41776599999999997,MAR,NLD,0722
142,162,729,1971,0,773,1.567812,1.889177,MLT,NLD,0722
147,162,729,1971,0,8216,-0.670024,-0.6290560000000001,MOZ,NLD,0722
153,162,729,1971,0,10951,-0.636547,-0.648471,MYS,NLD,0722
160,162,729,1971,0,4529,0.21678699999999998,-0.085482,NIC,NLD,0722
163,162,729,1971,0,374627,1.297569,1.870238,NOR,NLD,0722
166,162,729,1971,0,5860,0.188851,-0.346439,NZL,NLD,0722
169,162,729,1971,0,1816,0.641183,-0.062375,PAN,NLD,0722
177,162,729,1971,0,388906,0.8294520000000001,1.636849,POL,NLD,0722
179,162,729,1971,0,4134,0.9233389999999999,1.184635,PRT,NLD,0722
180,162,729,1971,0,955,-0.48826,-0.712018,PRY,NLD,0722
184,162,729,1971,0,5052,-1.004604,-0.44332,REU,NLD,0722
185,162,729,1971,0,230008,1.0355299999999998,1.5666129999999998,ROU,NLD,0722
188,162,729,1971,0,2207,-1.370577,-0.556488,SAU,NLD,0722
190,162,729,1971,0,1632,-1.375243,-0.9691209999999999,SDN,NLD,0722
192,162,729,1971,0,86749,0.540057,0.9167700000000001,SGP,NLD,0722
205,162,729,1971,0,19401,-0.26679,-0.417204,SUR,NLD,0722
208,162,729,1971,0,240734,2.190846,2.570859,SWE,NLD,0722
212,162,729,1971,0,29624,0.082847,-0.600657,SYR,NLD,0722
216,162,729,1971,0,153980,-0.767467,-0.557866,THA,NLD,0722
222,162,729,1971,0,2379,0.6038479999999999,-0.19159,TTO,NLD,0722
224,162,729,1971,0,721,-0.443655,-0.521285,TUR,NLD,0722
231,162,729,1971,0,7535310,1.873357,1.848336,USA,NLD,0722
238,162,729,1971,0,1170,0.806248,-0.070153,VIR,NLD,0722
245,162,729,1971,0,11842,1.106614,2.43735,YUG,NLD,0722
246,162,729,1971,0,103392,-0.285408,-0.146573,ZAF,NLD,0722
247,162,729,1971,0,2506,-0.8803290000000001,-0.7895399999999999,ZMB,NLD,0722
249,162,729,1971,0,16303,1.123146,1.440067,TWN,NLD,0722
250,162,729,1971,0,2271,0.740793,0.11133,ANS,NLD,0722
61,163,729,1971,1019,0,2.304817,-1.885431,DEU,NOR,0722
64,163,729,1971,14004,0,1.5224870000000001,2.45498,DNK,NOR,0722
81,163,729,1971,68829,0,2.1646669999999997,0.034970999999999995,GBR,NOR,0722
162,163,729,1971,374627,0,1.3564690000000001,2.749828,NLD,NOR,0722
208,163,729,1971,7098,66364,2.190846,2.570859,SWE,NOR,0722
43,168,729,1971,2515,0,0.551566,1.636164,CHN,PAK,0722
61,168,729,1971,998,0,2.304817,-1.885431,DEU,PAK,0722
64,168,729,1971,1813,0,1.5224870000000001,2.45498,DNK,PAK,0722
81,168,729,1971,4975,0,2.1646669999999997,0.034970999999999995,GBR,PAK,0722
64,186,729,1971,1094,0,1.5224870000000001,2.45498,DNK,RUS,0722
14,192,729,1971,0,91018,0.019735,0.02329,AUS,SGP,0722
34,192,729,1971,0,1427,-0.394928,-0.213258,BRN,SGP,0722
43,192,729,1971,31804,0,0.551566,1.636164,CHN,SGP,0722
81,192,729,1971,106262,1463,2.1646669999999997,0.034970999999999995,GBR,SGP,0722
97,192,729,1971,1776,51136,1.4643760000000001,1.159238,HKG,SGP,0722
103,192,729,1971,0,11791,-1.335787,-0.813966,IDN,SGP,0722
121,192,729,1971,0,2967,0.804658,0.44236899999999996,KOR,SGP,0722
128,192,729,1971,7046,0,-1.144836,-0.753853,LKA,SGP,0722
153,192,729,1971,18699,198159,-0.636547,-0.648471,MYS,SGP,0722
162,192,729,1971,86749,0,1.3564690000000001,2.749828,NLD,SGP,0722
166,192,729,1971,1453,0,0.188851,-0.346439,NZL,SGP,0722
216,192,729,1971,0,32438,-0.767467,-0.557866,THA,SGP,0722
231,192,729,1971,1419,0,1.873357,1.848336,USA,SGP,0722
239,192,729,1971,0,5115,0.07082100000000001,-0.296412,VNM,SGP,0722
249,192,729,1971,0,55828,1.123146,1.440067,TWN,SGP,0722
61,208,729,1971,122479,0,2.304817,-1.885431,DEU,SWE,0722
64,208,729,1971,77484,0,1.5224870000000001,2.45498,DNK,SWE,0722
74,208,729,1971,0,1140,1.382261,1.410232,FIN,SWE,0722
77,208,729,1971,52473,0,1.7299959999999999,1.562786,FRA,SWE,0722
81,208,729,1971,184258,0,2.1646669999999997,0.034970999999999995,GBR,SWE,0722
114,208,729,1971,4293,0,1.862756,2.170372,JPN,SWE,0722
162,208,729,1971,240734,0,1.3564690000000001,2.749828,NLD,SWE,0722
163,208,729,1971,66364,7098,1.297569,1.870238,NOR,SWE,0722
64,216,729,1971,15533,0,1.5224870000000001,2.45498,DNK,THA,0722
81,216,729,1971,25022,0,2.1646669999999997,0.034970999999999995,GBR,THA,0722
162,216,729,1971,153980,0,1.3564690000000001,2.749828,NLD,THA,0722
192,216,729,1971,32438,0,0.540057,0.9167700000000001,SGP,THA,0722
231,216,729,1971,6380,0,1.873357,1.848336,USA,THA,0722
6,231,729,1971,0,1583,0.890891,0.10081699999999999,ANT,USA,0722
8,231,729,1971,2989,0,0.0024230000000000002,0.084024,ARG,USA,0722
14,231,729,1971,0,1577,0.019735,0.02329,AUS,USA,0722
15,231,729,1971,28120,0,1.984568,0.9571209999999999,AUT,USA,0722
18,231,729,1971,15417,0,1.495689,2.262083,BEL,USA,0722
30,231,729,1971,0,10082,0.637919,0.031731999999999996,BMU,USA,0722
32,231,729,1971,2813249,0,-0.326897,-0.229088,BRA,USA,0722
39,231,729,1971,0,663427,0.543049,0.772374,CAN,USA,0722
42,231,729,1971,0,5114,-0.231579,-0.6383479999999999,CHL,USA,0722
44,231,729,1971,915814,0,-0.719483,-0.700326,CIV,USA,0722
45,231,729,1971,284755,0,-0.735506,-0.605363,CMR,USA,0722
52,231,729,1971,0,1905,0.9643510000000001,0.613066,CRI,USA,0722
61,231,729,1971,1522209,0,2.304817,-1.885431,DEU,USA,0722
65,231,729,1971,2321,1635,-0.236627,-0.716432,DOM,USA,0722
67,231,729,1971,8768,0,-0.8731540000000001,-0.931018,ECU,USA,0722
77,231,729,1971,245861,0,1.7299959999999999,1.562786,FRA,USA,0722
81,231,729,1971,250886,0,2.1646669999999997,0.034970999999999995,GBR,USA,0722
83,231,729,1971,832381,0,-0.948254,-0.880582,GHA,USA,0722
93,231,729,1971,0,1434,0.513422,0.31249099999999996,GTM,USA,0722
97,231,729,1971,0,8444,1.4643760000000001,1.159238,HKG,USA,0722
99,231,729,1971,0,4286,-0.47721,-0.841176,HND,USA,0722
101,231,729,1971,918559,1195,0.47879399999999994,-0.145479,HTI,USA,0722
103,231,729,1971,0,3232,-1.335787,-0.813966,IDN,USA,0722
107,231,729,1971,0,30259,-0.7509680000000001,-0.721083,IRN,USA,0722
110,231,729,1971,1264,0,0.8357530000000001,0.8589479999999999,ISR,USA,0722
111,231,729,1971,226884,0,2.039661,1.10519,ITA,USA,0722
114,231,729,1971,0,111026,1.862756,2.170372,JPN,USA,0722
121,231,729,1971,0,67844,0.804658,0.44236899999999996,KOR,USA,0722
123,231,729,1971,0,3264,-1.248427,-0.821947,LAO,USA,0722
128,231,729,1971,21821,0,-1.144836,-0.753853,LKA,USA,0722
138,231,729,1971,29981,67068,0.694692,1.631725,MEX,USA,0722
141,231,729,1971,85240,0,-0.809425,-0.9098719999999999,MLI,USA,0722
159,231,729,1971,962355,0,-1.6915639999999998,-0.8931879999999999,NGA,USA,0722
160,231,729,1971,0,1995,0.21678699999999998,-0.085482,NIC,USA,0722
162,231,729,1971,7535310,0,1.3564690000000001,2.749828,NLD,USA,0722
166,231,729,1971,0,1146,0.188851,-0.346439,NZL,USA,0722
169,231,729,1971,0,17123,0.641183,-0.062375,PAN,USA,0722
174,231,729,1971,0,15237,-0.39003899999999997,-0.709147,PHL,USA,0722
179,231,729,1971,18659,0,0.9233389999999999,1.184635,PRT,USA,0722
192,231,729,1971,0,1419,0.540057,0.9167700000000001,SGP,USA,0722
196,231,729,1971,24511,0,-0.9423530000000001,-0.7621220000000001,SLE,USA,0722
197,231,729,1971,0,8214,0.807056,0.476688,SLV,USA,0722
216,231,729,1971,0,6380,-0.767467,-0.557866,THA,USA,0722
222,231,729,1971,0,14999,0.6038479999999999,-0.19159,TTO,USA,0722
223,231,729,1971,10053,0,-0.28817,-0.6084189999999999,TUN,USA,0722
246,231,729,1971,0,15266,-0.285408,-0.146573,ZAF,USA,0722
250,231,729,1971,0,14425,0.740793,0.11133,ANS,USA,0722
81,249,729,1971,8487,0,2.1646669999999997,0.034970999999999995,GBR,TWN,0722
97,249,729,1971,1848,0,1.4643760000000001,1.159238,HKG,TWN,0722
114,249,729,1971,31207,0,1.862756,2.170372,JPN,TWN,0722
126,249,729,1971,0,1593,-2.1829009999999998,-0.541129,LBY,TWN,0722
162,249,729,1971,16303,0,1.3564690000000001,2.749828,NLD,TWN,0722
192,249,729,1971,55828,0,0.540057,0.9167700000000001,SGP,TWN,0722
33,250,729,1971,2700,0,0.935667,0.839299,BRB,ANS,0722
41,250,729,1971,2179,0,2.242028,1.9425029999999999,CHE,ANS,0722
58,250,729,1971,0,1469,0.266353,-0.404526,CYP,ANS,0722
81,250,729,1971,3100,0,2.1646669999999997,0.034970999999999995,GBR,ANS,0722
97,250,729,1971,1342,0,1.4643760000000001,1.159238,HKG,ANS,0722
111,250,729,1971,4261,3105,2.039661,1.10519,ITA,ANS,0722
114,250,729,1971,6607,0,1.862756,2.170372,JPN,ANS,0722
162,250,729,1971,2271,0,1.3564690000000001,2.749828,NLD,ANS,0722
166,250,729,1971,2717,0,0.188851,-0.346439,NZL,ANS,0722
169,250,729,1971,0,1168,0.641183,-0.062375,PAN,ANS,0722
231,250,729,1971,14425,0,1.873357,1.848336,USA,ANS,0722
81,6,729,1971,1379,0,2.1646669999999997,0.034970999999999995,GBR,ANT,0722
162,6,729,1971,15924,0,1.3564690000000001,2.749828,NLD,ANT,0722
231,6,729,1971,1583,0,1.873357,1.848336,USA,ANT,0722
236,6,729,1971,49521,0,-0.9655290000000001,-0.651151,VEN,ANT,0722
39,32,729,1971,0,27511,0.543049,0.772374,CAN,BRA,0722
81,32,729,1971,0,13156,2.1646669999999997,0.034970999999999995,GBR,BRA,0722
162,32,729,1971,0,1873,1.3564690000000001,2.749828,NLD,BRA,0722
231,32,729,1971,0,2813249,1.873357,1.848336,USA,BRA,0722
246,32,729,1971,0,2000,-0.285408,-0.146573,ZAF,BRA,0722
18,44,729,1971,0,3184,1.495689,2.262083,BEL,CIV,0722
66,44,729,1971,0,12271,-0.42629399999999995,-0.612192,DZA,CIV,0722
77,44,729,1971,2160,0,1.7299959999999999,1.562786,FRA,CIV,0722
223,44,729,1971,0,2372,-0.28817,-0.6084189999999999,TUN,CIV,0722
231,44,729,1971,0,915814,1.873357,1.848336,USA,CIV,0722
18,71,729,1971,0,3113,1.495689,2.262083,BEL,ESP,0722
61,71,729,1971,2015,0,2.304817,-1.885431,DEU,ESP,0722
64,71,729,1971,1092,0,1.5224870000000001,2.45498,DNK,ESP,0722
81,71,729,1971,11014,0,2.1646669999999997,0.034970999999999995,GBR,ESP,0722
162,71,729,1971,1498,0,1.3564690000000001,2.749828,NLD,ESP,0722
179,71,729,1971,6187,0,0.9233389999999999,1.184635,PRT,ESP,0722
61,74,729,1971,118511,0,2.304817,-1.885431,DEU,FIN,0722
64,74,729,1971,5229,5456,1.5224870000000001,2.45498,DNK,FIN,0722
81,74,729,1971,58259,0,2.1646669999999997,0.034970999999999995,GBR,FIN,0722
126,74,729,1971,0,812,-2.1829009999999998,-0.541129,LBY,FIN,0722
162,74,729,1971,330147,0,1.3564690000000001,2.749828,NLD,FIN,0722
208,74,729,1971,1140,0,2.190846,2.570859,SWE,FIN,0722
81,88,729,1971,1450,0,2.1646669999999997,0.034970999999999995,GBR,GNB,0722
43,103,729,1971,8266,0,0.551566,1.636164,CHN,IDN,0722
61,103,729,1971,973,0,2.304817,-1.885431,DEU,IDN,0722
81,103,729,1971,1687,0,2.1646669999999997,0.034970999999999995,GBR,IDN,0722
153,103,729,1971,1015,0,-0.636547,-0.648471,MYS,IDN,0722
162,103,729,1971,18172,0,1.3564690000000001,2.749828,NLD,IDN,0722
192,103,729,1971,11791,0,0.540057,0.9167700000000001,SGP,IDN,0722
231,103,729,1971,3232,0,1.873357,1.848336,USA,IDN,0722
81,110,729,1971,1300,0,2.1646669999999997,0.034970999999999995,GBR,ISR,0722
142,110,729,1971,0,1010,1.567812,1.889177,MLT,ISR,0722
162,110,729,1971,9039,0,1.3564690000000001,2.749828,NLD,ISR,0722
231,110,729,1971,0,1264,1.873357,1.848336,USA,ISR,0722
2,147,729,1971,1618,0,-1.208704,-0.854866,AGO,MOZ,0722
81,147,729,1971,9919,0,2.1646669999999997,0.034970999999999995,GBR,MOZ,0722
162,147,729,1971,8216,0,1.3564690000000001,2.749828,NLD,MOZ,0722
14,153,729,1971,142167,0,0.019735,0.02329,AUS,MYS,0722
41,153,729,1971,13081,0,2.242028,1.9425029999999999,CHE,MYS,0722
43,153,729,1971,14050,0,0.551566,1.636164,CHN,MYS,0722
81,153,729,1971,10290,0,2.1646669999999997,0.034970999999999995,GBR,MYS,0722
103,153,729,1971,0,1015,-1.335787,-0.813966,IDN,MYS,0722
162,153,729,1971,10951,0,1.3564690000000001,2.749828,NLD,MYS,0722
192,153,729,1971,198159,18699,0.540057,0.9167700000000001,SGP,MYS,0722
61,159,729,1971,4903,0,2.304817,-1.885431,DEU,NGA,0722
81,159,729,1971,151645,9172,2.1646669999999997,0.034970999999999995,GBR,NGA,0722
231,159,729,1971,0,962355,1.873357,1.848336,USA,NGA,0722
75,166,729,1971,0,15283,0.057053,-0.490021,FJI,NZL,0722
81,166,729,1971,10974,0,2.1646669999999997,0.034970999999999995,GBR,NZL,0722
162,166,729,1971,5860,0,1.3564690000000001,2.749828,NLD,NZL,0722
182,166,729,1971,0,4458,-0.5776640000000001,-0.440554,PYF,NZL,0722
192,166,729,1971,0,1453,0.540057,0.9167700000000001,SGP,NZL,0722
221,166,729,1971,0,16149,-0.635614,-0.49257700000000004,TON,NZL,0722
231,166,729,1971,1146,0,1.873357,1.848336,USA,NZL,0722
242,166,729,1971,0,16654,-0.620091,-0.601296,WSM,NZL,0722
250,166,729,1971,0,2717,0.740793,0.11133,ANS,NZL,0722
61,177,729,1971,163747,0,2.304817,-1.885431,DEU,POL,0722
81,177,729,1971,92201,0,2.1646669999999997,0.034970999999999995,GBR,POL,0722
113,177,729,1971,0,5212,0.344856,-0.11885699999999999,JOR,POL,0722
162,177,729,1971,388906,0,1.3564690000000001,2.749828,NLD,POL,0722
2,179,729,1971,7039,0,-1.208704,-0.854866,AGO,PRT,0722
41,179,729,1971,7612,0,2.242028,1.9425029999999999,CHE,PRT,0722
61,179,729,1971,8022,0,2.304817,-1.885431,DEU,PRT,0722
71,179,729,1971,0,6187,0.9618040000000001,1.789808,ESP,PRT,0722
81,179,729,1971,15058,0,2.1646669999999997,0.034970999999999995,GBR,PRT,0722
162,179,729,1971,4134,0,1.3564690000000001,2.749828,NLD,PRT,0722
231,179,729,1971,0,18659,1.873357,1.848336,USA,PRT,0722
77,222,729,1971,958,0,1.7299959999999999,1.562786,FRA,TTO,0722
81,222,729,1971,27800,0,2.1646669999999997,0.034970999999999995,GBR,TTO,0722
112,222,729,1971,230598,0,0.283952,-0.541592,JAM,TTO,0722
162,222,729,1971,2379,0,1.3564690000000001,2.749828,NLD,TTO,0722
231,222,729,1971,14999,0,1.873357,1.848336,USA,TTO,0722
6,236,729,1971,0,49521,0.890891,0.10081699999999999,ANT,VEN,0722
33,236,729,1971,0,962,0.935667,0.839299,BRB,VEN,0722
205,236,729,1971,0,8375,-0.26679,-0.417204,SUR,VEN,0722
81,244,729,1971,1429,0,2.1646669999999997,0.034970999999999995,GBR,YMD,0722
32,246,729,1971,2000,0,-0.326897,-0.229088,BRA,ZAF,0722
64,246,729,1971,2268,0,1.5224870000000001,2.45498,DNK,ZAF,0722
81,246,729,1971,82153,0,2.1646669999999997,0.034970999999999995,GBR,ZAF,0722
151,246,729,1971,0,5556,-0.592737,-0.767588,MUS,ZAF,0722
162,246,729,1971,103392,0,1.3564690000000001,2.749828,NLD,ZAF,0722
231,246,729,1971,15266,0,1.873357,1.848336,USA,ZAF,0722
247,246,729,1971,0,2965,-0.8803290000000001,-0.7895399999999999,ZMB,ZAF,0722
81,247,729,1971,106540,0,2.1646669999999997,0.034970999999999995,GBR,ZMB,0722
162,247,729,1971,2506,0,1.3564690000000001,2.749828,NLD,ZMB,0722
246,247,729,1971,2965,0,-0.285408,-0.146573,ZAF,ZMB,0722
41,68,729,1971,1613,0,2.242028,1.9425029999999999,CHE,EGY,0722
81,68,729,1971,1109,0,2.1646669999999997,0.034970999999999995,GBR,EGY,0722
61,102,729,1971,35441,0,2.304817,-1.885431,DEU,HUN,0722
162,102,729,1971,75659,0,1.3564690000000001,2.749828,NLD,HUN,0722
245,102,729,1971,61811,0,1.106614,2.43735,YUG,HUN,0722
64,134,729,1971,1170,0,1.5224870000000001,2.45498,DNK,MAR,0722
66,134,729,1971,0,3639,-0.42629399999999995,-0.612192,DZA,MAR,0722
77,134,729,1971,2528,0,1.7299959999999999,1.562786,FRA,MAR,0722
81,134,729,1971,2459,0,2.1646669999999997,0.034970999999999995,GBR,MAR,0722
150,134,729,1971,0,2180,0.149367,-0.451215,MTQ,MAR,0722
162,134,729,1971,17861,0,1.3564690000000001,2.749828,NLD,MAR,0722
102,245,729,1971,0,61811,0.8639760000000001,1.2125059999999999,HUN,YUG,0722
104,245,729,1971,17556,0,0.28820999999999997,0.790629,IND,YUG,0722
162,245,729,1971,11842,0,1.3564690000000001,2.749828,NLD,YUG,0722
81,2,729,1971,26068,0,2.1646669999999997,0.034970999999999995,GBR,AGO,0722
147,2,729,1971,0,1618,-0.670024,-0.6290560000000001,MOZ,AGO,0722
179,2,729,1971,0,7039,0.9233389999999999,1.184635,PRT,AGO,0722
231,8,729,1971,0,2989,1.873357,1.848336,USA,ARG,0722
81,25,729,1971,23579,0,2.1646669999999997,0.034970999999999995,GBR,BHS,0722
39,30,729,1971,1803,0,0.543049,0.772374,CAN,BMU,0722
81,30,729,1971,10497,0,2.1646669999999997,0.034970999999999995,GBR,BMU,0722
162,30,729,1971,2038,0,1.3564690000000001,2.749828,NLD,BMU,0722
231,30,729,1971,10082,0,1.873357,1.848336,USA,BMU,0722
61,33,729,1971,3654,0,2.304817,-1.885431,DEU,BRB,0722
81,33,729,1971,14946,0,2.1646669999999997,0.034970999999999995,GBR,BRB,0722
112,33,729,1971,41597,0,0.283952,-0.541592,JAM,BRB,0722
162,33,729,1971,1004,0,1.3564690000000001,2.749828,NLD,BRB,0722
236,33,729,1971,962,0,-0.9655290000000001,-0.651151,VEN,BRB,0722
250,33,729,1971,0,2700,0.740793,0.11133,ANS,BRB,0722
41,42,729,1971,1360,0,2.242028,1.9425029999999999,CHE,CHL,0722
61,42,729,1971,996,0,2.304817,-1.885431,DEU,CHL,0722
67,42,729,1971,514656,0,-0.8731540000000001,-0.931018,ECU,CHL,0722
81,42,729,1971,7412,0,2.1646669999999997,0.034970999999999995,GBR,CHL,0722
162,42,729,1971,826,0,1.3564690000000001,2.749828,NLD,CHL,0722
231,42,729,1971,5114,0,1.873357,1.848336,USA,CHL,0722
97,43,729,1971,2257,3400,1.4643760000000001,1.159238,HKG,CHN,0722
103,43,729,1971,0,8266,-1.335787,-0.813966,IDN,CHN,0722
113,43,729,1971,0,3766,0.344856,-0.11885699999999999,JOR,CHN,0722
118,43,729,1971,0,1353,-0.868826,-0.796129,KHM,CHN,0722
124,43,729,1971,0,2761,0.6515989999999999,1.542378,LBN,CHN,0722
126,43,729,1971,0,8011,-2.1829009999999998,-0.541129,LBY,CHN,0722
153,43,729,1971,0,14050,-0.636547,-0.648471,MYS,CHN,0722
168,43,729,1971,0,2515,-0.160556,-0.48263,PAK,CHN,0722
192,43,729,1971,0,31804,0.540057,0.9167700000000001,SGP,CHN,0722
231,45,729,1971,0,284755,1.873357,1.848336,USA,CMR,0722
67,49,729,1971,58477,0,-0.8731540000000001,-0.931018,ECU,COL,0722
162,49,729,1971,5815,0,1.3564690000000001,2.749828,NLD,COL,0722
93,52,729,1971,6846,12637,0.513422,0.31249099999999996,GTM,CRI,0722
99,52,729,1971,0,5658,-0.47721,-0.841176,HND,CRI,0722
160,52,729,1971,0,35440,0.21678699999999998,-0.085482,NIC,CRI,0722
197,52,729,1971,0,26196,0.807056,0.476688,SLV,CRI,0722
231,52,729,1971,1905,0,1.873357,1.848336,USA,CRI,0722
231,65,729,1971,1635,2321,1.873357,1.848336,USA,DOM,0722
18,66,729,1971,1902,0,1.495689,2.262083,BEL,DZA,0722
44,66,729,1971,12271,0,-0.719483,-0.700326,CIV,DZA,0722
64,66,729,1971,14241,0,1.5224870000000001,2.45498,DNK,DZA,0722
77,66,729,1971,3773,0,1.7299959999999999,1.562786,FRA,DZA,0722
81,66,729,1971,7844,0,2.1646669999999997,0.034970999999999995,GBR,DZA,0722
134,66,729,1971,3639,0,-0.016735,-0.41776599999999997,MAR,DZA,0722
162,66,729,1971,27354,0,1.3564690000000001,2.749828,NLD,DZA,0722
42,67,729,1971,0,514656,-0.231579,-0.6383479999999999,CHL,ECU,0722
49,67,729,1971,0,58477,-0.114488,-0.492489,COL,ECU,0722
173,67,729,1971,0,372311,-0.7457020000000001,-0.882229,PER,ECU,0722
231,67,729,1971,0,8768,1.873357,1.848336,USA,ECU,0722
39,83,729,1971,0,45429,0.543049,0.772374,CAN,GHA,0722
81,83,729,1971,25878,0,2.1646669999999997,0.034970999999999995,GBR,GHA,0722
162,83,729,1971,0,1378,1.3564690000000001,2.749828,NLD,GHA,0722
231,83,729,1971,0,832381,1.873357,1.848336,USA,GHA,0722
77,86,729,1971,41376,0,1.7299959999999999,1.562786,FRA,GLP,0722
81,86,729,1971,1049,0,2.1646669999999997,0.034970999999999995,GBR,GLP,0722
52,93,729,1971,12637,6846,0.9643510000000001,0.613066,CRI,GTM,0722
61,93,729,1971,919,0,2.304817,-1.885431,DEU,GTM,0722
160,93,729,1971,0,3421,0.21678699999999998,-0.085482,NIC,GTM,0722
197,93,729,1971,0,4685,0.807056,0.476688,SLV,GTM,0722
231,93,729,1971,1434,0,1.873357,1.848336,USA,GTM,0722
52,99,729,1971,5658,0,0.9643510000000001,0.613066,CRI,HND,0722
61,99,729,1971,9039,0,2.304817,-1.885431,DEU,HND,0722
81,99,729,1971,7997,0,2.1646669999999997,0.034970999999999995,GBR,HND,0722
162,99,729,1971,7185,0,1.3564690000000001,2.749828,NLD,HND,0722
231,99,729,1971,4286,0,1.873357,1.848336,USA,HND,0722
64,101,729,1971,1109,0,1.5224870000000001,2.45498,DNK,HTI,0722
81,101,729,1971,6618,0,2.1646669999999997,0.034970999999999995,GBR,HTI,0722
231,101,729,1971,1195,918559,1.873357,1.848336,USA,HTI,0722
81,106,729,1971,492103,6487,2.1646669999999997,0.034970999999999995,GBR,IRL,0722
162,106,729,1971,10164,0,1.3564690000000001,2.749828,NLD,IRL,0722
33,112,729,1971,0,41597,0.935667,0.839299,BRB,JAM,0722
81,112,729,1971,3493,0,2.1646669999999997,0.034970999999999995,GBR,JAM,0722
96,112,729,1971,0,78057,0.006441,-0.42498800000000003,GUY,JAM,0722
222,112,729,1971,0,230598,0.6038479999999999,-0.19159,TTO,JAM,0722
192,121,729,1971,2967,0,0.540057,0.9167700000000001,SGP,KOR,0722
231,121,729,1971,67844,0,1.873357,1.848336,USA,KOR,0722
43,126,729,1971,8011,0,0.551566,1.636164,CHN,LBY,0722
61,126,729,1971,1749,0,2.304817,-1.885431,DEU,LBY,0722
74,126,729,1971,812,0,1.382261,1.410232,FIN,LBY,0722
81,126,729,1971,27863,0,2.1646669999999997,0.034970999999999995,GBR,LBY,0722
90,126,729,1971,9740,0,0.373161,0.153613,GRC,LBY,0722
104,126,729,1971,3693,0,0.28820999999999997,0.790629,IND,LBY,0722
116,126,729,1971,1585,0,-0.119521,0.044922000000000004,KEN,LBY,0722
162,126,729,1971,7603,0,1.3564690000000001,2.749828,NLD,LBY,0722
249,126,729,1971,1593,0,1.123146,1.440067,TWN,LBY,0722
231,138,729,1971,67068,29981,1.873357,1.848336,USA,MEX,0722
231,141,729,1971,0,85240,1.873357,1.848336,USA,MLI,0722
81,142,729,1971,21279,0,2.1646669999999997,0.034970999999999995,GBR,MLT,0722
110,142,729,1971,1010,0,0.8357530000000001,0.8589479999999999,ISR,MLT,0722
162,142,729,1971,773,0,1.3564690000000001,2.749828,NLD,MLT,0722
77,150,729,1971,18847,0,1.7299959999999999,1.562786,FRA,MTQ,0722
134,150,729,1971,2180,0,-0.016735,-0.41776599999999997,MAR,MTQ,0722
136,150,729,1971,1336,0,-0.819129,-0.765004,MDG,MTQ,0722
52,160,729,1971,35440,0,0.9643510000000001,0.613066,CRI,NIC,0722
81,160,729,1971,3246,0,2.1646669999999997,0.034970999999999995,GBR,NIC,0722
93,160,729,1971,3421,0,0.513422,0.31249099999999996,GTM,NIC,0722
162,160,729,1971,4529,0,1.3564690000000001,2.749828,NLD,NIC,0722
197,160,729,1971,0,1917,0.807056,0.476688,SLV,NIC,0722
231,160,729,1971,1995,0,1.873357,1.848336,USA,NIC,0722
81,169,729,1971,53790,0,2.1646669999999997,0.034970999999999995,GBR,PAN,0722
162,169,729,1971,1816,0,1.3564690000000001,2.749828,NLD,PAN,0722
231,169,729,1971,17123,0,1.873357,1.848336,USA,PAN,0722
250,169,729,1971,1168,0,0.740793,0.11133,ANS,PAN,0722
64,173,729,1971,1530,0,1.5224870000000001,2.45498,DNK,PER,0722
67,173,729,1971,372311,0,-0.8731540000000001,-0.931018,ECU,PER,0722
81,173,729,1971,8812,0,2.1646669999999997,0.034970999999999995,GBR,PER,0722
81,174,729,1971,81332,0,2.1646669999999997,0.034970999999999995,GBR,PHL,0722
231,174,729,1971,15237,0,1.873357,1.848336,USA,PHL,0722
162,180,729,1971,955,0,1.3564690000000001,2.749828,NLD,PRY,0722
77,191,729,1971,1215,0,1.7299959999999999,1.562786,FRA,SEN,0722
52,197,729,1971,26196,0,0.9643510000000001,0.613066,CRI,SLV,0722
81,197,729,1971,3776,0,2.1646669999999997,0.034970999999999995,GBR,SLV,0722
93,197,729,1971,4685,0,0.513422,0.31249099999999996,GTM,SLV,0722
160,197,729,1971,1917,0,0.21678699999999998,-0.085482,NIC,SLV,0722
231,197,729,1971,8214,0,1.873357,1.848336,USA,SLV,0722
81,205,729,1971,92447,0,2.1646669999999997,0.034970999999999995,GBR,SUR,0722
162,205,729,1971,19401,0,1.3564690000000001,2.749828,NLD,SUR,0722
236,205,729,1971,8375,0,-0.9655290000000001,-0.651151,VEN,SUR,0722
77,214,729,1971,1304,0,1.7299959999999999,1.562786,FRA,TCD,0722
162,238,729,1971,1170,0,1.3564690000000001,2.749828,NLD,VIR,0722
43,113,729,1971,3766,0,0.551566,1.636164,CHN,JOR,0722
64,113,729,1971,1047,0,1.5224870000000001,2.45498,DNK,JOR,0722
81,113,729,1971,17704,0,2.1646669999999997,0.034970999999999995,GBR,JOR,0722
124,113,729,1971,19889,0,0.6515989999999999,1.542378,LBN,JOR,0722
162,113,729,1971,16784,0,1.3564690000000001,2.749828,NLD,JOR,0722
177,113,729,1971,5212,0,0.8294520000000001,1.636849,POL,JOR,0722
192,128,729,1971,0,7046,0.540057,0.9167700000000001,SGP,LKA,0722
231,128,729,1971,0,21821,1.873357,1.848336,USA,LKA,0722
61,58,729,1971,990,0,2.304817,-1.885431,DEU,CYP,0722
64,58,729,1971,1273,0,1.5224870000000001,2.45498,DNK,CYP,0722
81,58,729,1971,16964,0,2.1646669999999997,0.034970999999999995,GBR,CYP,0722
90,58,729,1971,2137,0,0.373161,0.153613,GRC,CYP,0722
162,58,729,1971,3101,0,1.3564690000000001,2.749828,NLD,CYP,0722
250,58,729,1971,1469,0,0.740793,0.11133,ANS,CYP,0722
81,87,729,1971,8037,0,2.1646669999999997,0.034970999999999995,GBR,GMB,0722
81,96,729,1971,11113,0,2.1646669999999997,0.034970999999999995,GBR,GUY,0722
112,96,729,1971,78057,0,0.283952,-0.541592,JAM,GUY,0722
64,116,729,1971,4657,0,1.5224870000000001,2.45498,DNK,KEN,0722
81,116,729,1971,240087,0,2.1646669999999997,0.034970999999999995,GBR,KEN,0722
126,116,729,1971,0,1585,-2.1829009999999998,-0.541129,LBY,KEN,0722
81,125,729,1971,2334,0,2.1646669999999997,0.034970999999999995,GBR,LBR,0722
81,183,729,1971,1333,0,2.1646669999999997,0.034970999999999995,GBR,QAT,0722
77,184,729,1971,1180,0,1.7299959999999999,1.562786,FRA,REU,0722
162,184,729,1971,5052,0,1.3564690000000001,2.749828,NLD,REU,0722
41,185,729,1971,9029,0,2.242028,1.9425029999999999,CHE,ROU,0722
162,185,729,1971,230008,0,1.3564690000000001,2.749828,NLD,ROU,0722
81,188,729,1971,16612,0,2.1646669999999997,0.034970999999999995,GBR,SAU,0722
162,188,729,1971,2207,0,1.3564690000000001,2.749828,NLD,SAU,0722
61,190,729,1971,7081,0,2.304817,-1.885431,DEU,SDN,0722
81,190,729,1971,11002,0,2.1646669999999997,0.034970999999999995,GBR,SDN,0722
104,190,729,1971,1083,0,0.28820999999999997,0.790629,IND,SDN,0722
162,190,729,1971,1632,0,1.3564690000000001,2.749828,NLD,SDN,0722
61,212,729,1971,1002,0,2.304817,-1.885431,DEU,SYR,0722
64,212,729,1971,4734,0,1.5224870000000001,2.45498,DNK,SYR,0722
162,212,729,1971,29624,0,1.3564690000000001,2.749828,NLD,SYR,0722
44,223,729,1971,2372,0,-0.719483,-0.700326,CIV,TUN,0722
64,223,729,1971,2606,0,1.5224870000000001,2.45498,DNK,TUN,0722
77,223,729,1971,10572,0,1.7299959999999999,1.562786,FRA,TUN,0722
231,223,729,1971,0,10053,1.873357,1.848336,USA,TUN,0722
162,224,729,1971,721,0,1.3564690000000001,2.749828,NLD,TUR,0722
81,7,729,1971,1812,0,2.1646669999999997,0.034970999999999995,GBR,ARE,0722
81,29,729,1971,60297,0,2.1646669999999997,0.034970999999999995,GBR,BLZ,0722
192,34,729,1971,1427,0,0.540057,0.9167700000000001,SGP,BRN,0722
81,63,729,1971,9907,0,2.1646669999999997,0.034970999999999995,GBR,DMA,0722
61,73,729,1971,2030,0,2.304817,-1.885431,DEU,ETH,0722
81,73,729,1971,2189,0,2.1646669999999997,0.034970999999999995,GBR,ETH,0722
162,73,729,1971,1303,0,1.3564690000000001,2.749828,NLD,ETH,0722
14,75,729,1971,2645,0,0.019735,0.02329,AUS,FJI,0722
81,75,729,1971,32970,0,2.1646669999999997,0.034970999999999995,GBR,FJI,0722
166,75,729,1971,15283,0,0.188851,-0.346439,NZL,FJI,0722
43,118,729,1971,1353,0,0.551566,1.636164,CHN,KHM,0722
81,120,729,1971,4764,0,2.1646669999999997,0.034970999999999995,GBR,KNA,0722
231,123,729,1971,3264,0,1.873357,1.848336,USA,LAO,0722
77,136,729,1971,4505,0,1.7299959999999999,1.562786,FRA,MDG,0722
150,136,729,1971,0,1336,0.149367,-0.451215,MTQ,MDG,0722
81,151,729,1971,1113,0,2.1646669999999997,0.034970999999999995,GBR,MUS,0722
246,151,729,1971,5556,0,-0.285408,-0.146573,ZAF,MUS,0722
77,156,729,1971,1086,0,1.7299959999999999,1.562786,FRA,NCL,0722
14,176,729,1971,11108,0,0.019735,0.02329,AUS,PNG,0722
77,182,729,1971,4905,0,1.7299959999999999,1.562786,FRA,PYF,0722
166,182,729,1971,4458,0,0.188851,-0.346439,NZL,PYF,0722
81,211,729,1971,2733,0,2.1646669999999997,0.034970999999999995,GBR,SYC,0722
166,221,729,1971,16149,0,0.188851,-0.346439,NZL,TON,0722
81,226,729,1971,11709,0,2.1646669999999997,0.034970999999999995,GBR,TZA,0722
61,239,729,1971,10773,0,2.304817,-1.885431,DEU,VNM,0722
64,239,729,1971,1769,0,1.5224870000000001,2.45498,DNK,VNM,0722
81,239,729,1971,2279,0,2.1646669999999997,0.034970999999999995,GBR,VNM,0722
192,239,729,1971,5115,0,0.540057,0.9167700000000001,SGP,VNM,0722
166,242,729,1971,16654,0,0.188851,-0.346439,NZL,WSM,0722
162,4,729,1971,26106,0,1.3564690000000001,2.749828,NLD,ALB,0722
162,70,729,1971,1714,0,1.3564690000000001,2.749828,NLD,ESH,0722
77,94,729,1971,4517,0,1.7299959999999999,1.562786,FRA,GUF,0722
81,196,729,1971,27509,0,2.1646669999999997,0.034970999999999995,GBR,SLE,0722
231,196,729,1971,0,24511,1.873357,1.848336,USA,SLE,0722
81,78,729,1971,9119,0,2.1646669999999997,0.034970999999999995,GBR,FRO,0722
61,14,756,1971,0,7676,2.304817,-1.885431,DEU,AUS,2112
71,14,756,1971,0,66456,0.9618040000000001,1.789808,ESP,AUS,2112
77,14,756,1971,0,1309,1.7299959999999999,1.562786,FRA,AUS,2112
81,14,756,1971,0,35348,2.1646669999999997,0.034970999999999995,GBR,AUS,2112
90,14,756,1971,0,2620,0.373161,0.153613,GRC,AUS,2112
97,14,756,1971,0,8471,1.4643760000000001,1.159238,HKG,AUS,2112
106,14,756,1971,0,5556,1.0895219999999999,1.885416,IRL,AUS,2112
111,14,756,1971,0,284446,2.039661,1.10519,ITA,AUS,2112
114,14,756,1971,0,863155,1.862756,2.170372,JPN,AUS,2112
162,14,756,1971,0,18189,1.3564690000000001,2.749828,NLD,AUS,2112
166,14,756,1971,2903,29937,0.188851,-0.346439,NZL,AUS,2112
177,14,756,1971,0,50130,0.8294520000000001,1.636849,POL,AUS,2112
179,14,756,1971,0,27114,0.9233389999999999,1.184635,PRT,AUS,2112
208,14,756,1971,0,2190,2.190846,2.570859,SWE,AUS,2112
231,14,756,1971,9933,1101,1.873357,1.848336,USA,AUS,2112
245,14,756,1971,0,12388,1.106614,2.43735,YUG,AUS,2112
246,14,756,1971,0,11543,-0.285408,-0.146573,ZAF,AUS,2112
249,14,756,1971,0,6578,1.123146,1.440067,TWN,AUS,2112
41,15,756,1971,39062,0,2.242028,1.9425029999999999,CHE,AUT,2112
61,15,756,1971,243032,1400388,2.304817,-1.885431,DEU,AUT,2112
77,15,756,1971,0,214246,1.7299959999999999,1.562786,FRA,AUT,2112
81,15,756,1971,2995,0,2.1646669999999997,0.034970999999999995,GBR,AUT,2112
111,15,756,1971,57287,4953,2.039661,1.10519,ITA,AUT,2112
162,15,756,1971,9070,0,1.3564690000000001,2.749828,NLD,AUT,2112
208,15,756,1971,7609,0,2.190846,2.570859,SWE,AUT,2112
41,18,756,1971,13253,0,2.242028,1.9425029999999999,CHE,BEL,2112
61,18,756,1971,136191,6999,2.304817,-1.885431,DEU,BEL,2112
64,18,756,1971,18473,0,1.5224870000000001,2.45498,DNK,BEL,2112
71,18,756,1971,0,31337,0.9618040000000001,1.789808,ESP,BEL,2112
77,18,756,1971,1164085,47666,1.7299959999999999,1.562786,FRA,BEL,2112
81,18,756,1971,24254,6555,2.1646669999999997,0.034970999999999995,GBR,BEL,2112
111,18,756,1971,66745,212882,2.039661,1.10519,ITA,BEL,2112
153,18,756,1971,1920,0,-0.636547,-0.648471,MYS,BEL,2112
162,18,756,1971,100979,1397036,1.3564690000000001,2.749828,NLD,BEL,2112
179,18,756,1971,0,1972,0.9233389999999999,1.184635,PRT,BEL,2112
180,18,756,1971,1261,0,-0.48826,-0.712018,PRY,BEL,2112
231,18,756,1971,36169,0,1.873357,1.848336,USA,BEL,2112
41,39,756,1971,0,3375,2.242028,1.9425029999999999,CHE,CAN,2112
53,39,756,1971,0,9410,1.7241369999999998,2.76252,CSK,CAN,2112
61,39,756,1971,0,30061,2.304817,-1.885431,DEU,CAN,2112
71,39,756,1971,0,177891,0.9618040000000001,1.789808,ESP,CAN,2112
77,39,756,1971,296761,9109,1.7299959999999999,1.562786,FRA,CAN,2112
81,39,756,1971,0,4930,2.1646669999999997,0.034970999999999995,GBR,CAN,2112
90,39,756,1971,0,35243,0.373161,0.153613,GRC,CAN,2112
102,39,756,1971,0,39016,0.8639760000000001,1.2125059999999999,HUN,CAN,2112
110,39,756,1971,0,3588,0.8357530000000001,0.8589479999999999,ISR,CAN,2112
111,39,756,1971,10404,415900,2.039661,1.10519,ITA,CAN,2112
114,39,756,1971,0,52584,1.862756,2.170372,JPN,CAN,2112
121,39,756,1971,0,8678,0.804658,0.44236899999999996,KOR,CAN,2112
162,39,756,1971,0,44483,1.3564690000000001,2.749828,NLD,CAN,2112
177,39,756,1971,0,36698,0.8294520000000001,1.636849,POL,CAN,2112
179,39,756,1971,0,105757,0.9233389999999999,1.184635,PRT,CAN,2112
186,39,756,1971,0,451146,0.42000600000000005,0.512301,RUS,CAN,2112
231,39,756,1971,779691,381398,1.873357,1.848336,USA,CAN,2112
236,39,756,1971,0,155304,-0.9655290000000001,-0.651151,VEN,CAN,2112
245,39,756,1971,0,15815,1.106614,2.43735,YUG,CAN,2112
15,41,756,1971,0,39062,1.984568,0.9571209999999999,AUT,CHE,2112
18,41,756,1971,0,13253,1.495689,2.262083,BEL,CHE,2112
23,41,756,1971,0,17753,0.65271,1.027758,BGR,CHE,2112
39,41,756,1971,3375,0,0.543049,0.772374,CAN,CHE,2112
61,41,756,1971,375646,1138631,2.304817,-1.885431,DEU,CHE,2112
71,41,756,1971,0,80191,0.9618040000000001,1.789808,ESP,CHE,2112
77,41,756,1971,40174,30574,1.7299959999999999,1.562786,FRA,CHE,2112
81,41,756,1971,1123,13362,2.1646669999999997,0.034970999999999995,GBR,CHE,2112
111,41,756,1971,0,1153716,2.039661,1.10519,ITA,CHE,2112
114,41,756,1971,0,124869,1.862756,2.170372,JPN,CHE,2112
162,41,756,1971,0,104211,1.3564690000000001,2.749828,NLD,CHE,2112
208,41,756,1971,0,7983,2.190846,2.570859,SWE,CHE,2112
231,41,756,1971,0,48371,1.873357,1.848336,USA,CHE,2112
39,53,756,1971,9410,0,0.543049,0.772374,CAN,CSK,2112
162,53,756,1971,38938,0,1.3564690000000001,2.749828,NLD,CSK,2112
166,53,756,1971,10203,0,0.188851,-0.346439,NZL,CSK,2112
208,53,756,1971,3936,0,2.190846,2.570859,SWE,CSK,2112
231,53,756,1971,62832,0,1.873357,1.848336,USA,CSK,2112
14,61,756,1971,7676,0,0.019735,0.02329,AUS,DEU,2112
15,61,756,1971,1400388,243032,1.984568,0.9571209999999999,AUT,DEU,2112
18,61,756,1971,6999,136191,1.495689,2.262083,BEL,DEU,2112
32,61,756,1971,8359,0,-0.326897,-0.229088,BRA,DEU,2112
39,61,756,1971,30061,0,0.543049,0.772374,CAN,DEU,2112
41,61,756,1971,1138631,375646,2.242028,1.9425029999999999,CHE,DEU,2112
64,61,756,1971,379272,17044,1.5224870000000001,2.45498,DNK,DEU,2112
71,61,756,1971,0,85622,0.9618040000000001,1.789808,ESP,DEU,2112
74,61,756,1971,7219,0,1.382261,1.410232,FIN,DEU,2112
77,61,756,1971,2246353,434237,1.7299959999999999,1.562786,FRA,DEU,2112
81,61,756,1971,172514,1978,2.1646669999999997,0.034970999999999995,GBR,DEU,2112
90,61,756,1971,0,3047,0.373161,0.153613,GRC,DEU,2112
106,61,756,1971,1791,0,1.0895219999999999,1.885416,IRL,DEU,2112
111,61,756,1971,103245,474314,2.039661,1.10519,ITA,DEU,2112
114,61,756,1971,0,372155,1.862756,2.170372,JPN,DEU,2112
162,61,756,1971,1950339,1650828,1.3564690000000001,2.749828,NLD,DEU,2112
163,61,756,1971,4056,0,1.297569,1.870238,NOR,DEU,2112
166,61,756,1971,146381,0,0.188851,-0.346439,NZL,DEU,2112
177,61,756,1971,97093,0,0.8294520000000001,1.636849,POL,DEU,2112
180,61,756,1971,1160,0,-0.48826,-0.712018,PRY,DEU,2112
208,61,756,1971,687710,16063,2.190846,2.570859,SWE,DEU,2112
231,61,756,1971,543324,0,1.873357,1.848336,USA,DEU,2112
245,61,756,1971,68099,368839,1.106614,2.43735,YUG,DEU,2112
246,61,756,1971,49294,0,-0.285408,-0.146573,ZAF,DEU,2112
18,64,756,1971,0,18473,1.495689,2.262083,BEL,DNK,2112
61,64,756,1971,17044,379272,2.304817,-1.885431,DEU,DNK,2112
71,64,756,1971,0,3036,0.9618040000000001,1.789808,ESP,DNK,2112
74,64,756,1971,2185,0,1.382261,1.410232,FIN,DNK,2112
81,64,756,1971,0,2582,2.1646669999999997,0.034970999999999995,GBR,DNK,2112
109,64,756,1971,0,1153,0.12083900000000002,-0.37900100000000003,ISL,DNK,2112
111,64,756,1971,0,260651,2.039661,1.10519,ITA,DNK,2112
162,64,756,1971,20884,2586,1.3564690000000001,2.749828,NLD,DNK,2112
163,64,756,1971,24989,0,1.297569,1.870238,NOR,DNK,2112
179,64,756,1971,0,2040,0.9233389999999999,1.184635,PRT,DNK,2112
185,64,756,1971,0,100450,1.0355299999999998,1.5666129999999998,ROU,DNK,2112
208,64,756,1971,35150,152108,2.190846,2.570859,SWE,DNK,2112
4,77,756,1971,0,52176,0.149073,-0.465447,ALB,FRA,2112
14,77,756,1971,1309,0,0.019735,0.02329,AUS,FRA,2112
15,77,756,1971,214246,0,1.984568,0.9571209999999999,AUT,FRA,2112
18,77,756,1971,47666,1164085,1.495689,2.262083,BEL,FRA,2112
39,77,756,1971,9109,296761,0.543049,0.772374,CAN,FRA,2112
41,77,756,1971,30574,40174,2.242028,1.9425029999999999,CHE,FRA,2112
45,77,756,1971,3360,0,-0.735506,-0.605363,CMR,FRA,2112
61,77,756,1971,434237,2246353,2.304817,-1.885431,DEU,FRA,2112
71,77,756,1971,0,1003156,0.9618040000000001,1.789808,ESP,FRA,2112
81,77,756,1971,127054,711535,2.1646669999999997,0.034970999999999995,GBR,FRA,2112
90,77,756,1971,0,401825,0.373161,0.153613,GRC,FRA,2112
104,77,756,1971,0,5148,0.28820999999999997,0.790629,IND,FRA,2112
110,77,756,1971,0,1799,0.8357530000000001,0.8589479999999999,ISR,FRA,2112
111,77,756,1971,0,4066929,2.039661,1.10519,ITA,FRA,2112
113,77,756,1971,0,13556,0.344856,-0.11885699999999999,JOR,FRA,2112
114,77,756,1971,0,24539,1.862756,2.170372,JPN,FRA,2112
124,77,756,1971,0,53371,0.6515989999999999,1.542378,LBN,FRA,2112
134,77,756,1971,1789,0,-0.016735,-0.41776599999999997,MAR,FRA,2112
162,77,756,1971,77586,1229615,1.3564690000000001,2.749828,NLD,FRA,2112
163,77,756,1971,4393,0,1.297569,1.870238,NOR,FRA,2112
166,77,756,1971,162766,0,0.188851,-0.346439,NZL,FRA,2112
179,77,756,1971,0,213765,0.9233389999999999,1.184635,PRT,FRA,2112
208,77,756,1971,21266,0,2.190846,2.570859,SWE,FRA,2112
224,77,756,1971,0,15048,-0.443655,-0.521285,TUR,FRA,2112
231,77,756,1971,221731,666891,1.873357,1.848336,USA,FRA,2112
245,77,756,1971,0,295202,1.106614,2.43735,YUG,FRA,2112
14,81,756,1971,35348,0,0.019735,0.02329,AUS,GBR,2112
15,81,756,1971,0,2995,1.984568,0.9571209999999999,AUT,GBR,2112
18,81,756,1971,6555,24254,1.495689,2.262083,BEL,GBR,2112
32,81,756,1971,1135,0,-0.326897,-0.229088,BRA,GBR,2112
39,81,756,1971,4930,0,0.543049,0.772374,CAN,GBR,2112
41,81,756,1971,13362,1123,2.242028,1.9425029999999999,CHE,GBR,2112
58,81,756,1971,12047,0,0.266353,-0.404526,CYP,GBR,2112
61,81,756,1971,1978,172514,2.304817,-1.885431,DEU,GBR,2112
64,81,756,1971,2582,0,1.5224870000000001,2.45498,DNK,GBR,2112
71,81,756,1971,0,359587,0.9618040000000001,1.789808,ESP,GBR,2112
77,81,756,1971,711535,127054,1.7299959999999999,1.562786,FRA,GBR,2112
90,81,756,1971,0,111607,0.373161,0.153613,GRC,GBR,2112
106,81,756,1971,35946,1011,1.0895219999999999,1.885416,IRL,GBR,2112
107,81,756,1971,0,1144,-0.7509680000000001,-0.721083,IRN,GBR,2112
111,81,756,1971,89823,352683,2.039661,1.10519,ITA,GBR,2112
162,81,756,1971,72468,228262,1.3564690000000001,2.749828,NLD,GBR,2112
166,81,756,1971,216030,0,0.188851,-0.346439,NZL,GBR,2112
179,81,756,1971,0,40935,0.9233389999999999,1.184635,PRT,GBR,2112
208,81,756,1971,0,16185,2.190846,2.570859,SWE,GBR,2112
231,81,756,1971,103284,0,1.873357,1.848336,USA,GBR,2112
8,90,756,1971,53176,0,0.0024230000000000002,0.084024,ARG,GRC,2112
14,90,756,1971,2620,0,0.019735,0.02329,AUS,GRC,2112
39,90,756,1971,35243,0,0.543049,0.772374,CAN,GRC,2112
61,90,756,1971,3047,0,2.304817,-1.885431,DEU,GRC,2112
74,90,756,1971,2314,0,1.382261,1.410232,FIN,GRC,2112
77,90,756,1971,401825,0,1.7299959999999999,1.562786,FRA,GRC,2112
81,90,756,1971,111607,0,2.1646669999999997,0.034970999999999995,GBR,GRC,2112
136,90,756,1971,1424,0,-0.819129,-0.765004,MDG,GRC,2112
147,90,756,1971,9704,0,-0.670024,-0.6290560000000001,MOZ,GRC,2112
159,90,756,1971,4248,0,-1.6915639999999998,-0.8931879999999999,NGA,GRC,2112
162,90,756,1971,54105,0,1.3564690000000001,2.749828,NLD,GRC,2112
163,90,756,1971,5199,0,1.297569,1.870238,NOR,GRC,2112
166,90,756,1971,17592,0,0.188851,-0.346439,NZL,GRC,2112
190,90,756,1971,2093,0,-1.375243,-0.9691209999999999,SDN,GRC,2112
231,90,756,1971,143158,0,1.873357,1.848336,USA,GRC,2112
14,97,756,1971,8471,0,0.019735,0.02329,AUS,HKG,2112
114,97,756,1971,12199,0,1.862756,2.170372,JPN,HKG,2112
231,97,756,1971,7428,0,1.873357,1.848336,USA,HKG,2112
23,104,756,1971,0,3361,0.65271,1.027758,BGR,IND,2112
77,104,756,1971,5148,0,1.7299959999999999,1.562786,FRA,IND,2112
162,104,756,1971,101167,0,1.3564690000000001,2.749828,NLD,IND,2112
166,104,756,1971,37443,0,0.188851,-0.346439,NZL,IND,2112
208,104,756,1971,32761,0,2.190846,2.570859,SWE,IND,2112
81,107,756,1971,1144,0,2.1646669999999997,0.034970999999999995,GBR,IRN,2112
111,107,756,1971,0,7842,2.039661,1.10519,ITA,IRN,2112
64,109,756,1971,1153,0,1.5224870000000001,2.45498,DNK,ISL,2112
111,109,756,1971,0,33796,2.039661,1.10519,ITA,ISL,2112
162,109,756,1971,0,21365,1.3564690000000001,2.749828,NLD,ISL,2112
208,109,756,1971,0,9059,2.190846,2.570859,SWE,ISL,2112
8,111,756,1971,168027,0,0.0024230000000000002,0.084024,ARG,ITA,2112
14,111,756,1971,284446,0,0.019735,0.02329,AUS,ITA,2112
15,111,756,1971,4953,57287,1.984568,0.9571209999999999,AUT,ITA,2112
17,111,756,1971,2146,0,-1.104948,-0.68698,BDI,ITA,2112
18,111,756,1971,212882,66745,1.495689,2.262083,BEL,ITA,2112
21,111,756,1971,20096,0,-0.45178900000000005,-0.710649,BFA,ITA,2112
23,111,756,1971,0,544718,0.65271,1.027758,BGR,ITA,2112
32,111,756,1971,78061,0,-0.326897,-0.229088,BRA,ITA,2112
39,111,756,1971,415900,10404,0.543049,0.772374,CAN,ITA,2112
41,111,756,1971,1153716,0,2.242028,1.9425029999999999,CHE,ITA,2112
58,111,756,1971,10132,0,0.266353,-0.404526,CYP,ITA,2112
61,111,756,1971,474314,103245,2.304817,-1.885431,DEU,ITA,2112
64,111,756,1971,260651,0,1.5224870000000001,2.45498,DNK,ITA,2112
71,111,756,1971,2500,0,0.9618040000000001,1.789808,ESP,ITA,2112
73,111,756,1971,32761,0,-0.9625530000000001,-0.946401,ETH,ITA,2112
74,111,756,1971,75605,0,1.382261,1.410232,FIN,ITA,2112
77,111,756,1971,4066929,0,1.7299959999999999,1.562786,FRA,ITA,2112
81,111,756,1971,352683,89823,2.1646669999999997,0.034970999999999995,GBR,ITA,2112
103,111,756,1971,43933,0,-1.335787,-0.813966,IDN,ITA,2112
107,111,756,1971,7842,0,-0.7509680000000001,-0.721083,IRN,ITA,2112
109,111,756,1971,33796,0,0.12083900000000002,-0.37900100000000003,ISL,ITA,2112
116,111,756,1971,125010,0,-0.119521,0.044922000000000004,KEN,ITA,2112
124,111,756,1971,7164,0,0.6515989999999999,1.542378,LBN,ITA,2112
136,111,756,1971,4875,0,-0.819129,-0.765004,MDG,ITA,2112
141,111,756,1971,2420,0,-0.809425,-0.9098719999999999,MLI,ITA,2112
147,111,756,1971,5393,0,-0.670024,-0.6290560000000001,MOZ,ITA,2112
157,111,756,1971,4880,0,-0.8275610000000001,-0.747424,NER,ITA,2112
159,111,756,1971,54816,0,-1.6915639999999998,-0.8931879999999999,NGA,ITA,2112
162,111,756,1971,328617,0,1.3564690000000001,2.749828,NLD,ITA,2112
163,111,756,1971,148632,0,1.297569,1.870238,NOR,ITA,2112
166,111,756,1971,923322,0,0.188851,-0.346439,NZL,ITA,2112
168,111,756,1971,1448,0,-0.160556,-0.48263,PAK,ITA,2112
174,111,756,1971,1038,0,-0.39003899999999997,-0.709147,PHL,ITA,2112
177,111,756,1971,1862206,0,0.8294520000000001,1.636849,POL,ITA,2112
184,111,756,1971,1824,0,-1.004604,-0.44332,REU,ITA,2112
190,111,756,1971,5944,0,-1.375243,-0.9691209999999999,SDN,ITA,2112
191,111,756,1971,23020,0,-0.100347,-0.469422,SEN,ITA,2112
208,111,756,1971,190895,0,2.190846,2.570859,SWE,ITA,2112
215,111,756,1971,8297,0,-0.072395,-0.37341199999999997,TGO,ITA,2112
226,111,756,1971,127293,0,-1.246843,-0.9062180000000001,TZA,ITA,2112
227,111,756,1971,42559,0,-1.491473,-0.924457,UGA,ITA,2112
230,111,756,1971,102708,0,0.24810300000000002,-0.16614600000000002,URY,ITA,2112
231,111,756,1971,1113392,0,1.873357,1.848336,USA,ITA,2112
236,111,756,1971,0,1513,-0.9655290000000001,-0.651151,VEN,ITA,2112
243,111,756,1971,3928,0,-1.2022329999999999,-0.832217,YEM,ITA,2112
244,111,756,1971,1048,0,-1.106739,-0.692533,YMD,ITA,2112
245,111,756,1971,273357,87910,1.106614,2.43735,YUG,ITA,2112
246,111,756,1971,311600,0,-0.285408,-0.146573,ZAF,ITA,2112
14,114,756,1971,863155,0,0.019735,0.02329,AUS,JPN,2112
39,114,756,1971,52584,0,0.543049,0.772374,CAN,JPN,2112
41,114,756,1971,124869,0,2.242028,1.9425029999999999,CHE,JPN,2112
61,114,756,1971,372155,0,2.304817,-1.885431,DEU,JPN,2112
74,114,756,1971,6038,0,1.382261,1.410232,FIN,JPN,2112
77,114,756,1971,24539,0,1.7299959999999999,1.562786,FRA,JPN,2112
97,114,756,1971,0,12199,1.4643760000000001,1.159238,HKG,JPN,2112
162,114,756,1971,3950693,0,1.3564690000000001,2.749828,NLD,JPN,2112
166,114,756,1971,202406,0,0.188851,-0.346439,NZL,JPN,2112
208,114,756,1971,3365,0,2.190846,2.570859,SWE,JPN,2112
231,114,756,1971,1392648,0,1.873357,1.848336,USA,JPN,2112
77,124,756,1971,53371,0,1.7299959999999999,1.562786,FRA,LBN,2112
111,124,756,1971,0,7164,2.039661,1.10519,ITA,LBN,2112
162,124,756,1971,2841,0,1.3564690000000001,2.749828,NLD,LBN,2112
4,162,756,1971,0,357261,0.149073,-0.465447,ALB,NLD,2112
14,162,756,1971,18189,0,0.019735,0.02329,AUS,NLD,2112
15,162,756,1971,0,9070,1.984568,0.9571209999999999,AUT,NLD,2112
18,162,756,1971,1397036,100979,1.495689,2.262083,BEL,NLD,2112
23,162,756,1971,0,125068,0.65271,1.027758,BGR,NLD,2112
39,162,756,1971,44483,0,0.543049,0.772374,CAN,NLD,2112
41,162,756,1971,104211,0,2.242028,1.9425029999999999,CHE,NLD,2112
53,162,756,1971,0,38938,1.7241369999999998,2.76252,CSK,NLD,2112
61,162,756,1971,1650828,1950339,2.304817,-1.885431,DEU,NLD,2112
64,162,756,1971,2586,20884,1.5224870000000001,2.45498,DNK,NLD,2112
66,162,756,1971,0,9758,-0.42629399999999995,-0.612192,DZA,NLD,2112
71,162,756,1971,0,780227,0.9618040000000001,1.789808,ESP,NLD,2112
73,162,756,1971,1083,0,-0.9625530000000001,-0.946401,ETH,NLD,2112
74,162,756,1971,11984,0,1.382261,1.410232,FIN,NLD,2112
77,162,756,1971,1229615,77586,1.7299959999999999,1.562786,FRA,NLD,2112
81,162,756,1971,228262,72468,2.1646669999999997,0.034970999999999995,GBR,NLD,2112
90,162,756,1971,0,54105,0.373161,0.153613,GRC,NLD,2112
102,162,756,1971,0,7946,0.8639760000000001,1.2125059999999999,HUN,NLD,2112
104,162,756,1971,0,101167,0.28820999999999997,0.790629,IND,NLD,2112
106,162,756,1971,39754,5074,1.0895219999999999,1.885416,IRL,NLD,2112
109,162,756,1971,21365,0,0.12083900000000002,-0.37900100000000003,ISL,NLD,2112
110,162,756,1971,0,740,0.8357530000000001,0.8589479999999999,ISR,NLD,2112
111,162,756,1971,0,328617,2.039661,1.10519,ITA,NLD,2112
114,162,756,1971,0,3950693,1.862756,2.170372,JPN,NLD,2112
124,162,756,1971,0,2841,0.6515989999999999,1.542378,LBN,NLD,2112
163,162,756,1971,40378,0,1.297569,1.870238,NOR,NLD,2112
166,162,756,1971,51316,0,0.188851,-0.346439,NZL,NLD,2112
177,162,756,1971,0,128537,0.8294520000000001,1.636849,POL,NLD,2112
179,162,756,1971,0,53191,0.9233389999999999,1.184635,PRT,NLD,2112
180,162,756,1971,114320,0,-0.48826,-0.712018,PRY,NLD,2112
185,162,756,1971,0,300796,1.0355299999999998,1.5666129999999998,ROU,NLD,2112
186,162,756,1971,0,1937991,0.42000600000000005,0.512301,RUS,NLD,2112
208,162,756,1971,0,89044,2.190846,2.570859,SWE,NLD,2112
224,162,756,1971,0,9647,-0.443655,-0.521285,TUR,NLD,2112
231,162,756,1971,112870,0,1.873357,1.848336,USA,NLD,2112
245,162,756,1971,0,1396533,1.106614,2.43735,YUG,NLD,2112
246,162,756,1971,30847,0,-0.285408,-0.146573,ZAF,NLD,2112
249,162,756,1971,0,3695,1.123146,1.440067,TWN,NLD,2112
61,163,756,1971,0,4056,2.304817,-1.885431,DEU,NOR,2112
64,163,756,1971,0,24989,1.5224870000000001,2.45498,DNK,NOR,2112
77,163,756,1971,0,4393,1.7299959999999999,1.562786,FRA,NOR,2112
90,163,756,1971,0,5199,0.373161,0.153613,GRC,NOR,2112
102,163,756,1971,0,23834,0.8639760000000001,1.2125059999999999,HUN,NOR,2112
111,163,756,1971,0,148632,2.039661,1.10519,ITA,NOR,2112
162,163,756,1971,0,40378,1.3564690000000001,2.749828,NLD,NOR,2112
179,163,756,1971,0,4894,0.9233389999999999,1.184635,PRT,NOR,2112
208,163,756,1971,0,169711,2.190846,2.570859,SWE,NOR,2112
111,168,756,1971,0,1448,2.039661,1.10519,ITA,PAK,2112
39,186,756,1971,451146,0,0.543049,0.772374,CAN,RUS,2112
162,186,756,1971,1937991,0,1.3564690000000001,2.749828,NLD,RUS,2112
231,186,756,1971,1284020,0,1.873357,1.848336,USA,RUS,2112
4,208,756,1971,0,7960,0.149073,-0.465447,ALB,SWE,2112
14,208,756,1971,2190,0,0.019735,0.02329,AUS,SWE,2112
15,208,756,1971,0,7609,1.984568,0.9571209999999999,AUT,SWE,2112
41,208,756,1971,7983,0,2.242028,1.9425029999999999,CHE,SWE,2112
53,208,756,1971,0,3936,1.7241369999999998,2.76252,CSK,SWE,2112
61,208,756,1971,16063,687710,2.304817,-1.885431,DEU,SWE,2112
64,208,756,1971,152108,35150,1.5224870000000001,2.45498,DNK,SWE,2112
74,208,756,1971,103158,0,1.382261,1.410232,FIN,SWE,2112
77,208,756,1971,0,21266,1.7299959999999999,1.562786,FRA,SWE,2112
81,208,756,1971,16185,0,2.1646669999999997,0.034970999999999995,GBR,SWE,2112
102,208,756,1971,0,35021,0.8639760000000001,1.2125059999999999,HUN,SWE,2112
104,208,756,1971,0,32761,0.28820999999999997,0.790629,IND,SWE,2112
109,208,756,1971,9059,0,0.12083900000000002,-0.37900100000000003,ISL,SWE,2112
111,208,756,1971,0,190895,2.039661,1.10519,ITA,SWE,2112
114,208,756,1971,0,3365,1.862756,2.170372,JPN,SWE,2112
162,208,756,1971,89044,0,1.3564690000000001,2.749828,NLD,SWE,2112
163,208,756,1971,169711,0,1.297569,1.870238,NOR,SWE,2112
185,208,756,1971,0,543035,1.0355299999999998,1.5666129999999998,ROU,SWE,2112
245,208,756,1971,0,7876,1.106614,2.43735,YUG,SWE,2112
246,208,756,1971,2418,0,-0.285408,-0.146573,ZAF,SWE,2112
8,231,756,1971,2154,1375,0.0024230000000000002,0.084024,ARG,USA,2112
14,231,756,1971,1101,9933,0.019735,0.02329,AUS,USA,2112
18,231,756,1971,0,36169,1.495689,2.262083,BEL,USA,2112
32,231,756,1971,1028,5344,-0.326897,-0.229088,BRA,USA,2112
39,231,756,1971,381398,779691,0.543049,0.772374,CAN,USA,2112
41,231,756,1971,48371,0,2.242028,1.9425029999999999,CHE,USA,2112
49,231,756,1971,1971,0,-0.114488,-0.492489,COL,USA,2112
53,231,756,1971,0,62832,1.7241369999999998,2.76252,CSK,USA,2112
61,231,756,1971,0,543324,2.304817,-1.885431,DEU,USA,2112
71,231,756,1971,0,403077,0.9618040000000001,1.789808,ESP,USA,2112
77,231,756,1971,666891,221731,1.7299959999999999,1.562786,FRA,USA,2112
81,231,756,1971,0,103284,2.1646669999999997,0.034970999999999995,GBR,USA,2112
90,231,756,1971,0,143158,0.373161,0.153613,GRC,USA,2112
97,231,756,1971,0,7428,1.4643760000000001,1.159238,HKG,USA,2112
102,231,756,1971,0,236156,0.8639760000000001,1.2125059999999999,HUN,USA,2112
110,231,756,1971,0,92730,0.8357530000000001,0.8589479999999999,ISR,USA,2112
111,231,756,1971,0,1113392,2.039661,1.10519,ITA,USA,2112
114,231,756,1971,0,1392648,1.862756,2.170372,JPN,USA,2112
121,231,756,1971,0,6813,0.804658,0.44236899999999996,KOR,USA,2112
138,231,756,1971,4696,185292,0.694692,1.631725,MEX,USA,2112
162,231,756,1971,0,112870,1.3564690000000001,2.749828,NLD,USA,2112
166,231,756,1971,14643,0,0.188851,-0.346439,NZL,USA,2112
177,231,756,1971,0,118918,0.8294520000000001,1.636849,POL,USA,2112
179,231,756,1971,0,30447,0.9233389999999999,1.184635,PRT,USA,2112
186,231,756,1971,0,1284020,0.42000600000000005,0.512301,RUS,USA,2112
236,231,756,1971,0,384965,-0.9655290000000001,-0.651151,VEN,USA,2112
245,231,756,1971,0,152553,1.106614,2.43735,YUG,USA,2112
246,231,756,1971,0,1286,-0.285408,-0.146573,ZAF,USA,2112
249,231,756,1971,0,79044,1.123146,1.440067,TWN,USA,2112
14,249,756,1971,6578,0,0.019735,0.02329,AUS,TWN,2112
162,249,756,1971,3695,0,1.3564690000000001,2.749828,NLD,TWN,2112
231,249,756,1971,79044,0,1.873357,1.848336,USA,TWN,2112
166,250,756,1971,19713,0,0.188851,-0.346439,NZL,ANS,2112
214,250,756,1971,2836,0,-0.850374,-0.740183,TCD,ANS,2112
61,32,756,1971,0,8359,2.304817,-1.885431,DEU,BRA,2112
71,32,756,1971,0,143798,0.9618040000000001,1.789808,ESP,BRA,2112
74,32,756,1971,0,7731,1.382261,1.410232,FIN,BRA,2112
81,32,756,1971,0,1135,2.1646669999999997,0.034970999999999995,GBR,BRA,2112
111,32,756,1971,0,78061,2.039661,1.10519,ITA,BRA,2112
179,32,756,1971,0,31710,0.9233389999999999,1.184635,PRT,BRA,2112
180,32,756,1971,2032,0,-0.48826,-0.712018,PRY,BRA,2112
231,32,756,1971,5344,1028,1.873357,1.848336,USA,BRA,2112
71,44,756,1971,0,40858,0.9618040000000001,1.789808,ESP,CIV,2112
179,51,756,1971,0,1851,0.9233389999999999,1.184635,PRT,CPV,2112
8,71,756,1971,31244,0,0.0024230000000000002,0.084024,ARG,ESP,2112
14,71,756,1971,66456,0,0.019735,0.02329,AUS,ESP,2112
17,71,756,1971,60572,0,-1.104948,-0.68698,BDI,ESP,2112
18,71,756,1971,31337,0,1.495689,2.262083,BEL,ESP,2112
32,71,756,1971,143798,0,-0.326897,-0.229088,BRA,ESP,2112
38,71,756,1971,31863,0,-0.737808,-0.658191,CAF,ESP,2112
39,71,756,1971,177891,0,0.543049,0.772374,CAN,ESP,2112
41,71,756,1971,80191,0,2.242028,1.9425029999999999,CHE,ESP,2112
44,71,756,1971,40858,0,-0.719483,-0.700326,CIV,ESP,2112
45,71,756,1971,99803,0,-0.735506,-0.605363,CMR,ESP,2112
61,71,756,1971,85622,0,2.304817,-1.885431,DEU,ESP,2112
64,71,756,1971,3036,0,1.5224870000000001,2.45498,DNK,ESP,2112
73,71,756,1971,253209,0,-0.9625530000000001,-0.946401,ETH,ESP,2112
77,71,756,1971,1003156,0,1.7299959999999999,1.562786,FRA,ESP,2112
81,71,756,1971,359587,0,2.1646669999999997,0.034970999999999995,GBR,ESP,2112
103,71,756,1971,186035,0,-1.335787,-0.813966,IDN,ESP,2112
111,71,756,1971,0,2500,2.039661,1.10519,ITA,ESP,2112
116,71,756,1971,306089,0,-0.119521,0.044922000000000004,KEN,ESP,2112
136,71,756,1971,2044,0,-0.819129,-0.765004,MDG,ESP,2112
141,71,756,1971,29189,0,-0.809425,-0.9098719999999999,MLI,ESP,2112
147,71,756,1971,25008,0,-0.670024,-0.6290560000000001,MOZ,ESP,2112
157,71,756,1971,13286,0,-0.8275610000000001,-0.747424,NER,ESP,2112
159,71,756,1971,223308,0,-1.6915639999999998,-0.8931879999999999,NGA,ESP,2112
162,71,756,1971,780227,0,1.3564690000000001,2.749828,NLD,ESP,2112
166,71,756,1971,109660,0,0.188851,-0.346439,NZL,ESP,2112
179,71,756,1971,0,26009,0.9233389999999999,1.184635,PRT,ESP,2112
180,71,756,1971,46330,0,-0.48826,-0.712018,PRY,ESP,2112
190,71,756,1971,6844,0,-1.375243,-0.9691209999999999,SDN,ESP,2112
191,71,756,1971,11151,0,-0.100347,-0.469422,SEN,ESP,2112
226,71,756,1971,627193,0,-1.246843,-0.9062180000000001,TZA,ESP,2112
227,71,756,1971,587436,0,-1.491473,-0.924457,UGA,ESP,2112
231,71,756,1971,403077,0,1.873357,1.848336,USA,ESP,2112
246,71,756,1971,164269,0,-0.285408,-0.146573,ZAF,ESP,2112
32,74,756,1971,7731,0,-0.326897,-0.229088,BRA,FIN,2112
61,74,756,1971,0,7219,2.304817,-1.885431,DEU,FIN,2112
64,74,756,1971,0,2185,1.5224870000000001,2.45498,DNK,FIN,2112
90,74,756,1971,0,2314,0.373161,0.153613,GRC,FIN,2112
111,74,756,1971,0,75605,2.039661,1.10519,ITA,FIN,2112
114,74,756,1971,0,6038,1.862756,2.170372,JPN,FIN,2112
162,74,756,1971,0,11984,1.3564690000000001,2.749828,NLD,FIN,2112
208,74,756,1971,0,103158,2.190846,2.570859,SWE,FIN,2112
71,103,756,1971,0,186035,0.9618040000000001,1.789808,ESP,IDN,2112
111,103,756,1971,0,43933,2.039661,1.10519,ITA,IDN,2112
39,110,756,1971,3588,0,0.543049,0.772374,CAN,ISR,2112
58,110,756,1971,2161,0,0.266353,-0.404526,CYP,ISR,2112
77,110,756,1971,1799,0,1.7299959999999999,1.562786,FRA,ISR,2112
162,110,756,1971,740,0,1.3564690000000001,2.749828,NLD,ISR,2112
231,110,756,1971,92730,0,1.873357,1.848336,USA,ISR,2112
71,147,756,1971,0,25008,0.9618040000000001,1.789808,ESP,MOZ,2112
90,147,756,1971,0,9704,0.373161,0.153613,GRC,MOZ,2112
111,147,756,1971,0,5393,2.039661,1.10519,ITA,MOZ,2112
179,147,756,1971,0,3004,0.9233389999999999,1.184635,PRT,MOZ,2112
18,153,756,1971,0,1920,1.495689,2.262083,BEL,MYS,2112
71,159,756,1971,0,223308,0.9618040000000001,1.789808,ESP,NGA,2112
90,159,756,1971,0,4248,0.373161,0.153613,GRC,NGA,2112
111,159,756,1971,0,54816,2.039661,1.10519,ITA,NGA,2112
14,166,756,1971,29937,2903,0.019735,0.02329,AUS,NZL,2112
53,166,756,1971,0,10203,1.7241369999999998,2.76252,CSK,NZL,2112
61,166,756,1971,0,146381,2.304817,-1.885431,DEU,NZL,2112
71,166,756,1971,0,109660,0.9618040000000001,1.789808,ESP,NZL,2112
77,166,756,1971,0,162766,1.7299959999999999,1.562786,FRA,NZL,2112
81,166,756,1971,0,216030,2.1646669999999997,0.034970999999999995,GBR,NZL,2112
90,166,756,1971,0,17592,0.373161,0.153613,GRC,NZL,2112
102,166,756,1971,0,112732,0.8639760000000001,1.2125059999999999,HUN,NZL,2112
104,166,756,1971,0,37443,0.28820999999999997,0.790629,IND,NZL,2112
111,166,756,1971,0,923322,2.039661,1.10519,ITA,NZL,2112
114,166,756,1971,0,202406,1.862756,2.170372,JPN,NZL,2112
138,166,756,1971,0,40104,0.694692,1.631725,MEX,NZL,2112
162,166,756,1971,0,51316,1.3564690000000001,2.749828,NLD,NZL,2112
179,166,756,1971,0,2150,0.9233389999999999,1.184635,PRT,NZL,2112
231,166,756,1971,0,14643,1.873357,1.848336,USA,NZL,2112
245,166,756,1971,0,37212,1.106614,2.43735,YUG,NZL,2112
246,166,756,1971,0,2639,-0.285408,-0.146573,ZAF,NZL,2112
250,166,756,1971,0,19713,0.740793,0.11133,ANS,NZL,2112
14,177,756,1971,50130,0,0.019735,0.02329,AUS,POL,2112
39,177,756,1971,36698,0,0.543049,0.772374,CAN,POL,2112
61,177,756,1971,0,97093,2.304817,-1.885431,DEU,POL,2112
111,177,756,1971,0,1862206,2.039661,1.10519,ITA,POL,2112
162,177,756,1971,128537,0,1.3564690000000001,2.749828,NLD,POL,2112
231,177,756,1971,118918,0,1.873357,1.848336,USA,POL,2112
2,179,756,1971,1310,0,-1.208704,-0.854866,AGO,PRT,2112
14,179,756,1971,27114,0,0.019735,0.02329,AUS,PRT,2112
18,179,756,1971,1972,0,1.495689,2.262083,BEL,PRT,2112
32,179,756,1971,31710,0,-0.326897,-0.229088,BRA,PRT,2112
39,179,756,1971,105757,0,0.543049,0.772374,CAN,PRT,2112
51,179,756,1971,1851,0,-0.534125,-0.787696,CPV,PRT,2112
64,179,756,1971,2040,0,1.5224870000000001,2.45498,DNK,PRT,2112
71,179,756,1971,26009,0,0.9618040000000001,1.789808,ESP,PRT,2112
77,179,756,1971,213765,0,1.7299959999999999,1.562786,FRA,PRT,2112
81,179,756,1971,40935,0,2.1646669999999997,0.034970999999999995,GBR,PRT,2112
147,179,756,1971,3004,0,-0.670024,-0.6290560000000001,MOZ,PRT,2112
162,179,756,1971,53191,0,1.3564690000000001,2.749828,NLD,PRT,2112
163,179,756,1971,4894,0,1.297569,1.870238,NOR,PRT,2112
166,179,756,1971,2150,0,0.188851,-0.346439,NZL,PRT,2112
231,179,756,1971,30447,0,1.873357,1.848336,USA,PRT,2112
246,179,756,1971,8797,0,-0.285408,-0.146573,ZAF,PRT,2112
39,236,756,1971,155304,0,0.543049,0.772374,CAN,VEN,2112
111,236,756,1971,1513,0,2.039661,1.10519,ITA,VEN,2112
231,236,756,1971,384965,0,1.873357,1.848336,USA,VEN,2112
111,244,756,1971,0,1048,2.039661,1.10519,ITA,YMD,2112
14,246,756,1971,11543,0,0.019735,0.02329,AUS,ZAF,2112
61,246,756,1971,0,49294,2.304817,-1.885431,DEU,ZAF,2112
71,246,756,1971,0,164269,0.9618040000000001,1.789808,ESP,ZAF,2112
111,246,756,1971,0,311600,2.039661,1.10519,ITA,ZAF,2112
162,246,756,1971,0,30847,1.3564690000000001,2.749828,NLD,ZAF,2112
166,246,756,1971,2639,0,0.188851,-0.346439,NZL,ZAF,2112
179,246,756,1971,0,8797,0.9233389999999999,1.184635,PRT,ZAF,2112
208,246,756,1971,0,2418,2.190846,2.570859,SWE,ZAF,2112
231,246,756,1971,1286,0,1.873357,1.848336,USA,ZAF,2112
245,246,756,1971,0,34164,1.106614,2.43735,YUG,ZAF,2112
8,68,756,1971,19503,0,0.0024230000000000002,0.084024,ARG,EGY,2112
190,68,756,1971,2900,0,-1.375243,-0.9691209999999999,SDN,EGY,2112
39,102,756,1971,39016,0,0.543049,0.772374,CAN,HUN,2112
162,102,756,1971,7946,0,1.3564690000000001,2.749828,NLD,HUN,2112
163,102,756,1971,23834,0,1.297569,1.870238,NOR,HUN,2112
166,102,756,1971,112732,0,0.188851,-0.346439,NZL,HUN,2112
208,102,756,1971,35021,0,2.190846,2.570859,SWE,HUN,2112
231,102,756,1971,236156,0,1.873357,1.848336,USA,HUN,2112
77,134,756,1971,0,1789,1.7299959999999999,1.562786,FRA,MAR,2112
8,245,756,1971,23735,0,0.0024230000000000002,0.084024,ARG,YUG,2112
14,245,756,1971,12388,0,0.019735,0.02329,AUS,YUG,2112
39,245,756,1971,15815,0,0.543049,0.772374,CAN,YUG,2112
61,245,756,1971,368839,68099,2.304817,-1.885431,DEU,YUG,2112
77,245,756,1971,295202,0,1.7299959999999999,1.562786,FRA,YUG,2112
111,245,756,1971,87910,273357,2.039661,1.10519,ITA,YUG,2112
116,245,756,1971,31639,0,-0.119521,0.044922000000000004,KEN,YUG,2112
162,245,756,1971,1396533,0,1.3564690000000001,2.749828,NLD,YUG,2112
166,245,756,1971,37212,0,0.188851,-0.346439,NZL,YUG,2112
208,245,756,1971,7876,0,2.190846,2.570859,SWE,YUG,2112
226,245,756,1971,80596,0,-1.246843,-0.9062180000000001,TZA,YUG,2112
231,245,756,1971,152553,0,1.873357,1.848336,USA,YUG,2112
246,245,756,1971,34164,0,-0.285408,-0.146573,ZAF,YUG,2112
179,2,756,1971,0,1310,0.9233389999999999,1.184635,PRT,AGO,2112
68,8,756,1971,0,19503,0.192492,-0.374212,EGY,ARG,2112
71,8,756,1971,0,31244,0.9618040000000001,1.789808,ESP,ARG,2112
90,8,756,1971,0,53176,0.373161,0.153613,GRC,ARG,2112
111,8,756,1971,0,168027,2.039661,1.10519,ITA,ARG,2112
231,8,756,1971,1375,2154,1.873357,1.848336,USA,ARG,2112
245,8,756,1971,0,23735,1.106614,2.43735,YUG,ARG,2112
111,21,756,1971,0,20096,2.039661,1.10519,ITA,BFA,2112
180,42,756,1971,9628,0,-0.48826,-0.712018,PRY,CHL,2112
71,45,756,1971,0,99803,0.9618040000000001,1.789808,ESP,CMR,2112
77,45,756,1971,0,3360,1.7299959999999999,1.562786,FRA,CMR,2112
231,49,756,1971,0,1971,1.873357,1.848336,USA,COL,2112
162,66,756,1971,9758,0,1.3564690000000001,2.749828,NLD,DZA,2112
14,106,756,1971,5556,0,0.019735,0.02329,AUS,IRL,2112
61,106,756,1971,0,1791,2.304817,-1.885431,DEU,IRL,2112
81,106,756,1971,1011,35946,2.1646669999999997,0.034970999999999995,GBR,IRL,2112
162,106,756,1971,5074,39754,1.3564690000000001,2.749828,NLD,IRL,2112
39,121,756,1971,8678,0,0.543049,0.772374,CAN,KOR,2112
231,121,756,1971,6813,0,1.873357,1.848336,USA,KOR,2112
166,138,756,1971,40104,0,0.188851,-0.346439,NZL,MEX,2112
231,138,756,1971,185292,4696,1.873357,1.848336,USA,MEX,2112
71,141,756,1971,0,29189,0.9618040000000001,1.789808,ESP,MLI,2112
111,141,756,1971,0,2420,2.039661,1.10519,ITA,MLI,2112
111,174,756,1971,0,1038,2.039661,1.10519,ITA,PHL,2112
18,180,756,1971,0,1261,1.495689,2.262083,BEL,PRY,2112
32,180,756,1971,0,2032,-0.326897,-0.229088,BRA,PRY,2112
42,180,756,1971,0,9628,-0.231579,-0.6383479999999999,CHL,PRY,2112
61,180,756,1971,0,1160,2.304817,-1.885431,DEU,PRY,2112
71,180,756,1971,0,46330,0.9618040000000001,1.789808,ESP,PRY,2112
162,180,756,1971,0,114320,1.3564690000000001,2.749828,NLD,PRY,2112
230,180,756,1971,0,5692,0.24810300000000002,-0.16614600000000002,URY,PRY,2112
71,191,756,1971,0,11151,0.9618040000000001,1.789808,ESP,SEN,2112
111,191,756,1971,0,23020,2.039661,1.10519,ITA,SEN,2112
250,214,756,1971,0,2836,0.740793,0.11133,ANS,TCD,2112
111,215,756,1971,0,8297,2.039661,1.10519,ITA,TGO,2112
111,230,756,1971,0,102708,2.039661,1.10519,ITA,URY,2112
180,230,756,1971,5692,0,-0.48826,-0.712018,PRY,URY,2112
77,113,756,1971,13556,0,1.7299959999999999,1.562786,FRA,JOR,2112
41,23,756,1971,17753,0,2.242028,1.9425029999999999,CHE,BGR,2112
104,23,756,1971,3361,0,0.28820999999999997,0.790629,IND,BGR,2112
111,23,756,1971,544718,0,2.039661,1.10519,ITA,BGR,2112
162,23,756,1971,125068,0,1.3564690000000001,2.749828,NLD,BGR,2112
81,58,756,1971,0,12047,2.1646669999999997,0.034970999999999995,GBR,CYP,2112
110,58,756,1971,0,2161,0.8357530000000001,0.8589479999999999,ISR,CYP,2112
111,58,756,1971,0,10132,2.039661,1.10519,ITA,CYP,2112
71,116,756,1971,0,306089,0.9618040000000001,1.789808,ESP,KEN,2112
111,116,756,1971,0,125010,2.039661,1.10519,ITA,KEN,2112
245,116,756,1971,0,31639,1.106614,2.43735,YUG,KEN,2112
111,184,756,1971,0,1824,2.039661,1.10519,ITA,REU,2112
64,185,756,1971,100450,0,1.5224870000000001,2.45498,DNK,ROU,2112
162,185,756,1971,300796,0,1.3564690000000001,2.749828,NLD,ROU,2112
208,185,756,1971,543035,0,2.190846,2.570859,SWE,ROU,2112
68,190,756,1971,0,2900,0.192492,-0.374212,EGY,SDN,2112
71,190,756,1971,0,6844,0.9618040000000001,1.789808,ESP,SDN,2112
90,190,756,1971,0,2093,0.373161,0.153613,GRC,SDN,2112
111,190,756,1971,0,5944,2.039661,1.10519,ITA,SDN,2112
77,224,756,1971,15048,0,1.7299959999999999,1.562786,FRA,TUR,2112
162,224,756,1971,9647,0,1.3564690000000001,2.749828,NLD,TUR,2112
71,73,756,1971,0,253209,0.9618040000000001,1.789808,ESP,ETH,2112
111,73,756,1971,0,32761,2.039661,1.10519,ITA,ETH,2112
162,73,756,1971,0,1083,1.3564690000000001,2.749828,NLD,ETH,2112
71,136,756,1971,0,2044,0.9618040000000001,1.789808,ESP,MDG,2112
90,136,756,1971,0,1424,0.373161,0.153613,GRC,MDG,2112
111,136,756,1971,0,4875,2.039661,1.10519,ITA,MDG,2112
71,226,756,1971,0,627193,0.9618040000000001,1.789808,ESP,TZA,2112
111,226,756,1971,0,127293,2.039661,1.10519,ITA,TZA,2112
245,226,756,1971,0,80596,1.106614,2.43735,YUG,TZA,2112
71,227,756,1971,0,587436,0.9618040000000001,1.789808,ESP,UGA,2112
111,227,756,1971,0,42559,2.039661,1.10519,ITA,UGA,2112
111,243,756,1971,0,3928,2.039661,1.10519,ITA,YEM,2112
77,4,756,1971,52176,0,1.7299959999999999,1.562786,FRA,ALB,2112
162,4,756,1971,357261,0,1.3564690000000001,2.749828,NLD,ALB,2112
208,4,756,1971,7960,0,2.190846,2.570859,SWE,ALB,2112
71,38,756,1971,0,31863,0.9618040000000001,1.789808,ESP,CAF,2112
71,17,756,1971,0,60572,0.9618040000000001,1.789808,ESP,BDI,2112
111,17,756,1971,0,2146,2.039661,1.10519,ITA,BDI,2112
71,157,756,1971,0,13286,0.9618040000000001,1.789808,ESP,NER,2112
111,157,756,1971,0,4880,2.039661,1.10519,ITA,NER,2112
61,14,821,1971,6018,0,2.304817,-1.885431,DEU,AUS,2732
75,14,821,1971,0,26158,0.057053,-0.490021,FJI,AUS,2732
81,14,821,1971,41252,0,2.1646669999999997,0.034970999999999995,GBR,AUS,2732
97,14,821,1971,0,54697,1.4643760000000001,1.159238,HKG,AUS,2732
103,14,821,1971,0,68248,-1.335787,-0.813966,IDN,AUS,2732
114,14,821,1971,1139983,22413,1.862756,2.170372,JPN,AUS,2732
116,14,821,1971,0,33687,-0.119521,0.044922000000000004,KEN,AUS,2732
121,14,821,1971,0,42431,0.804658,0.44236899999999996,KOR,AUS,2732
128,14,821,1971,0,53155,-1.144836,-0.753853,LKA,AUS,2732
138,14,821,1971,19665,0,0.694692,1.631725,MEX,AUS,2732
153,14,821,1971,0,101637,-0.636547,-0.648471,MYS,AUS,2732
156,14,821,1971,0,8641,-0.714832,-0.24088400000000001,NCL,AUS,2732
162,14,821,1971,2341,0,1.3564690000000001,2.749828,NLD,AUS,2732
166,14,821,1971,1409,724197,0.188851,-0.346439,NZL,AUS,2732
174,14,821,1971,0,170974,-0.39003899999999997,-0.709147,PHL,AUS,2732
176,14,821,1971,0,19218,-0.222694,-0.396214,PNG,AUS,2732
192,14,821,1971,0,71217,0.540057,0.9167700000000001,SGP,AUS,2732
231,14,821,1971,33317,0,1.873357,1.848336,USA,AUS,2732
249,14,821,1971,0,214365,1.123146,1.440067,TWN,AUS,2732
250,14,821,1971,0,13426,0.740793,0.11133,ANS,AUS,2732
18,15,821,1971,1951,0,1.495689,2.262083,BEL,AUT,2732
41,15,821,1971,82495,270394,2.242028,1.9425029999999999,CHE,AUT,2732
61,15,821,1971,599546,1013833,2.304817,-1.885431,DEU,AUT,2732
81,15,821,1971,7644,0,2.1646669999999997,0.034970999999999995,GBR,AUT,2732
102,15,821,1971,0,1990,0.8639760000000001,1.2125059999999999,HUN,AUT,2732
103,15,821,1971,0,997,-1.335787,-0.813966,IDN,AUT,2732
111,15,821,1971,12929,0,2.039661,1.10519,ITA,AUT,2732
163,15,821,1971,0,1480,1.297569,1.870238,NOR,AUT,2732
177,15,821,1971,35526,0,0.8294520000000001,1.636849,POL,AUT,2732
185,15,821,1971,2440,0,1.0355299999999998,1.5666129999999998,ROU,AUT,2732
231,15,821,1971,1454,0,1.873357,1.848336,USA,AUT,2732
245,15,821,1971,0,1045,1.106614,2.43735,YUG,AUT,2732
249,15,821,1971,0,5499,1.123146,1.440067,TWN,AUT,2732
2,18,821,1971,0,1720,-1.208704,-0.854866,AGO,BEL,2732
15,18,821,1971,0,1951,1.984568,0.9571209999999999,AUT,BEL,2732
41,18,821,1971,1269,0,2.242028,1.9425029999999999,CHE,BEL,2732
46,18,821,1971,0,2626,-1.16333,-0.708263,COD,BEL,2732
61,18,821,1971,604853,57710,2.304817,-1.885431,DEU,BEL,2732
77,18,821,1971,2607798,240839,1.7299959999999999,1.562786,FRA,BEL,2732
81,18,821,1971,71117,0,2.1646669999999997,0.034970999999999995,GBR,BEL,2732
90,18,821,1971,0,1160,0.373161,0.153613,GRC,BEL,2732
162,18,821,1971,18886,1380249,1.3564690000000001,2.749828,NLD,BEL,2732
192,18,821,1971,0,1179,0.540057,0.9167700000000001,SGP,BEL,2732
231,18,821,1971,23360,0,1.873357,1.848336,USA,BEL,2732
250,18,821,1971,0,2091,0.740793,0.11133,ANS,BEL,2732
25,39,821,1971,0,112002,0.356122,-0.181398,BHS,CAN,2732
30,39,821,1971,0,4116,0.637919,0.031731999999999996,BMU,CAN,2732
61,39,821,1971,2009,0,2.304817,-1.885431,DEU,CAN,2732
81,39,821,1971,27320,0,2.1646669999999997,0.034970999999999995,GBR,CAN,2732
138,39,821,1971,330441,0,0.694692,1.631725,MEX,CAN,2732
231,39,821,1971,4100031,10268440,1.873357,1.848336,USA,CAN,2732
15,41,821,1971,270394,82495,1.984568,0.9571209999999999,AUT,CHE,2732
18,41,821,1971,0,1269,1.495689,2.262083,BEL,CHE,2732
61,41,821,1971,1012128,5475,2.304817,-1.885431,DEU,CHE,2732
66,41,821,1971,1225,0,-0.42629399999999995,-0.612192,DZA,CHE,2732
71,41,821,1971,0,5906,0.9618040000000001,1.789808,ESP,CHE,2732
77,41,821,1971,271856,9749,1.7299959999999999,1.562786,FRA,CHE,2732
81,41,821,1971,3253,23434,2.1646669999999997,0.034970999999999995,GBR,CHE,2732
111,41,821,1971,67885,20938,2.039661,1.10519,ITA,CHE,2732
162,41,821,1971,0,1026,1.3564690000000001,2.749828,NLD,CHE,2732
179,41,821,1971,0,1276,0.9233389999999999,1.184635,PRT,CHE,2732
188,41,821,1971,0,1227,-1.370577,-0.556488,SAU,CHE,2732
231,41,821,1971,27321,0,1.873357,1.848336,USA,CHE,2732
245,41,821,1971,0,2284,1.106614,2.43735,YUG,CHE,2732
250,41,821,1971,0,1691,0.740793,0.11133,ANS,CHE,2732
61,53,821,1971,18251,120228,2.304817,-1.885431,DEU,CSK,2732
2,61,821,1971,0,1933,-1.208704,-0.854866,AGO,DEU,2732
8,61,821,1971,0,3010,0.0024230000000000002,0.084024,ARG,DEU,2732
14,61,821,1971,0,6018,0.019735,0.02329,AUS,DEU,2732
15,61,821,1971,1013833,599546,1.984568,0.9571209999999999,AUT,DEU,2732
18,61,821,1971,57710,604853,1.495689,2.262083,BEL,DEU,2732
31,61,821,1971,0,1763,-0.578729,-0.640841,BOL,DEU,2732
32,61,821,1971,0,3986,-0.326897,-0.229088,BRA,DEU,2732
39,61,821,1971,0,2009,0.543049,0.772374,CAN,DEU,2732
41,61,821,1971,5475,1012128,2.242028,1.9425029999999999,CHE,DEU,2732
42,61,821,1971,0,4588,-0.231579,-0.6383479999999999,CHL,DEU,2732
47,61,821,1971,0,31284,-0.9411219999999999,-0.728664,COG,DEU,2732
49,61,821,1971,0,6023,-0.114488,-0.492489,COL,DEU,2732
52,61,821,1971,0,20069,0.9643510000000001,0.613066,CRI,DEU,2732
53,61,821,1971,120228,18251,1.7241369999999998,2.76252,CSK,DEU,2732
54,61,821,1971,0,3018,0.12061400000000001,-0.6260180000000001,CUB,DEU,2732
58,61,821,1971,0,2970,0.266353,-0.404526,CYP,DEU,2732
64,61,821,1971,194078,219573,1.5224870000000001,2.45498,DNK,DEU,2732
65,61,821,1971,0,10041,-0.236627,-0.716432,DOM,DEU,2732
67,61,821,1971,0,4963,-0.8731540000000001,-0.931018,ECU,DEU,2732
71,61,821,1971,0,29212,0.9618040000000001,1.789808,ESP,DEU,2732
74,61,821,1971,15574,98424,1.382261,1.410232,FIN,DEU,2732
77,61,821,1971,706391,395038,1.7299959999999999,1.562786,FRA,DEU,2732
80,61,821,1971,0,1257,-1.3628559999999998,-0.688865,GAB,DEU,2732
81,61,821,1971,17336,45486,2.1646669999999997,0.034970999999999995,GBR,DEU,2732
83,61,821,1971,0,8378,-0.948254,-0.880582,GHA,DEU,2732
90,61,821,1971,0,17268,0.373161,0.153613,GRC,DEU,2732
93,61,821,1971,0,919,0.513422,0.31249099999999996,GTM,DEU,2732
97,61,821,1971,0,17868,1.4643760000000001,1.159238,HKG,DEU,2732
101,61,821,1971,0,1742,0.47879399999999994,-0.145479,HTI,DEU,2732
103,61,821,1971,0,13619,-1.335787,-0.813966,IDN,DEU,2732
106,61,821,1971,0,3928,1.0895219999999999,1.885416,IRL,DEU,2732
107,61,821,1971,0,5992,-0.7509680000000001,-0.721083,IRN,DEU,2732
109,61,821,1971,0,3314,0.12083900000000002,-0.37900100000000003,ISL,DEU,2732
110,61,821,1971,0,8907,0.8357530000000001,0.8589479999999999,ISR,DEU,2732
111,61,821,1971,6210,80731,2.039661,1.10519,ITA,DEU,2732
114,61,821,1971,0,4045,1.862756,2.170372,JPN,DEU,2732
116,61,821,1971,0,4052,-0.119521,0.044922000000000004,KEN,DEU,2732
122,61,821,1971,0,1970,-0.589441,-0.5007699999999999,KWT,DEU,2732
124,61,821,1971,0,3983,0.6515989999999999,1.542378,LBN,DEU,2732
126,61,821,1971,0,2915,-2.1829009999999998,-0.541129,LBY,DEU,2732
128,61,821,1971,0,5570,-1.144836,-0.753853,LKA,DEU,2732
134,61,821,1971,0,3981,-0.016735,-0.41776599999999997,MAR,DEU,2732
136,61,821,1971,0,1867,-0.819129,-0.765004,MDG,DEU,2732
138,61,821,1971,0,1460,0.694692,1.631725,MEX,DEU,2732
147,61,821,1971,0,7037,-0.670024,-0.6290560000000001,MOZ,DEU,2732
151,61,821,1971,0,1069,-0.592737,-0.767588,MUS,DEU,2732
153,61,821,1971,0,12135,-0.636547,-0.648471,MYS,DEU,2732
159,61,821,1971,0,9805,-1.6915639999999998,-0.8931879999999999,NGA,DEU,2732
160,61,821,1971,0,934,0.21678699999999998,-0.085482,NIC,DEU,2732
162,61,821,1971,12212,2503092,1.3564690000000001,2.749828,NLD,DEU,2732
163,61,821,1971,0,67229,1.297569,1.870238,NOR,DEU,2732
166,61,821,1971,0,16030,0.188851,-0.346439,NZL,DEU,2732
168,61,821,1971,0,998,-0.160556,-0.48263,PAK,DEU,2732
169,61,821,1971,0,5732,0.641183,-0.062375,PAN,DEU,2732
173,61,821,1971,0,17037,-0.7457020000000001,-0.882229,PER,DEU,2732
174,61,821,1971,0,108771,-0.39003899999999997,-0.709147,PHL,DEU,2732
177,61,821,1971,119114,13140,0.8294520000000001,1.636849,POL,DEU,2732
179,61,821,1971,0,3008,0.9233389999999999,1.184635,PRT,DEU,2732
185,61,821,1971,90440,5033,1.0355299999999998,1.5666129999999998,ROU,DEU,2732
186,61,821,1971,0,2012,0.42000600000000005,0.512301,RUS,DEU,2732
190,61,821,1971,0,2360,-1.375243,-0.9691209999999999,SDN,DEU,2732
192,61,821,1971,0,17763,0.540057,0.9167700000000001,SGP,DEU,2732
197,61,821,1971,0,1816,0.807056,0.476688,SLV,DEU,2732
208,61,821,1971,257762,283108,2.190846,2.570859,SWE,DEU,2732
212,61,821,1971,0,3006,0.082847,-0.600657,SYR,DEU,2732
216,61,821,1971,0,46841,-0.767467,-0.557866,THA,DEU,2732
223,61,821,1971,0,918,-0.28817,-0.6084189999999999,TUN,DEU,2732
224,61,821,1971,0,4038,-0.443655,-0.521285,TUR,DEU,2732
227,61,821,1971,0,4014,-1.491473,-0.924457,UGA,DEU,2732
230,61,821,1971,0,1926,0.24810300000000002,-0.16614600000000002,URY,DEU,2732
231,61,821,1971,155969,3384,1.873357,1.848336,USA,DEU,2732
236,61,821,1971,0,11891,-0.9655290000000001,-0.651151,VEN,DEU,2732
239,61,821,1971,0,3917,0.07082100000000001,-0.296412,VNM,DEU,2732
245,61,821,1971,0,3966,1.106614,2.43735,YUG,DEU,2732
246,61,821,1971,0,168613,-0.285408,-0.146573,ZAF,DEU,2732
249,61,821,1971,0,1854,1.123146,1.440067,TWN,DEU,2732
61,64,821,1971,219573,194078,2.304817,-1.885431,DEU,DNK,2732
73,64,821,1971,0,1356,-0.9625530000000001,-0.946401,ETH,DNK,2732
74,64,821,1971,2299,7860,1.382261,1.410232,FIN,DNK,2732
77,64,821,1971,251301,0,1.7299959999999999,1.562786,FRA,DNK,2732
81,64,821,1971,90202,0,2.1646669999999997,0.034970999999999995,GBR,DNK,2732
109,64,821,1971,0,2185,0.12083900000000002,-0.37900100000000003,ISL,DNK,2732
162,64,821,1971,4274,0,1.3564690000000001,2.749828,NLD,DNK,2732
163,64,821,1971,25037,83530,1.297569,1.870238,NOR,DNK,2732
174,64,821,1971,0,2769,-0.39003899999999997,-0.709147,PHL,DNK,2732
177,64,821,1971,830211,0,0.8294520000000001,1.636849,POL,DNK,2732
208,64,821,1971,147603,359558,2.190846,2.570859,SWE,DNK,2732
224,64,821,1971,3755,0,-0.443655,-0.521285,TUR,DNK,2732
231,64,821,1971,7625,0,1.873357,1.848336,USA,DNK,2732
245,64,821,1971,965,0,1.106614,2.43735,YUG,DNK,2732
250,64,821,1971,0,1040,0.740793,0.11133,ANS,DNK,2732
18,77,821,1971,240839,2607798,1.495689,2.262083,BEL,FRA,2732
19,77,821,1971,0,24597,-0.779061,-0.671638,BEN,FRA,2732
21,77,821,1971,0,3390,-0.45178900000000005,-0.710649,BFA,FRA,2732
38,77,821,1971,0,1358,-0.737808,-0.658191,CAF,FRA,2732
41,77,821,1971,9749,271856,2.242028,1.9425029999999999,CHE,FRA,2732
44,77,821,1971,0,152655,-0.719483,-0.700326,CIV,FRA,2732
45,77,821,1971,0,29338,-0.735506,-0.605363,CMR,FRA,2732
46,77,821,1971,0,43574,-1.16333,-0.708263,COD,FRA,2732
61,77,821,1971,395038,706391,2.304817,-1.885431,DEU,FRA,2732
64,77,821,1971,0,251301,1.5224870000000001,2.45498,DNK,FRA,2732
66,77,821,1971,0,10963,-0.42629399999999995,-0.612192,DZA,FRA,2732
68,77,821,1971,0,7510,0.192492,-0.374212,EGY,FRA,2732
71,77,821,1971,1245,1091,0.9618040000000001,1.789808,ESP,FRA,2732
74,77,821,1971,0,1078,1.382261,1.410232,FIN,FRA,2732
80,77,821,1971,0,6844,-1.3628559999999998,-0.688865,GAB,FRA,2732
81,77,821,1971,7765,126676,2.1646669999999997,0.034970999999999995,GBR,FRA,2732
83,77,821,1971,0,1567,-0.948254,-0.880582,GHA,FRA,2732
86,77,821,1971,0,40476,-0.531874,-0.39812800000000004,GLP,FRA,2732
89,77,821,1971,0,3449,-1.312081,-0.46562200000000004,GNQ,FRA,2732
90,77,821,1971,0,13424,0.373161,0.153613,GRC,FRA,2732
93,77,821,1971,0,1148,0.513422,0.31249099999999996,GTM,FRA,2732
107,77,821,1971,0,44560,-0.7509680000000001,-0.721083,IRN,FRA,2732
111,77,821,1971,72254,3252,2.039661,1.10519,ITA,FRA,2732
136,77,821,1971,0,32085,-0.819129,-0.765004,MDG,FRA,2732
148,77,821,1971,0,1238,-0.791432,-0.798547,MRT,FRA,2732
150,77,821,1971,0,1449,0.149367,-0.451215,MTQ,FRA,2732
156,77,821,1971,0,133436,-0.714832,-0.24088400000000001,NCL,FRA,2732
157,77,821,1971,0,1515,-0.8275610000000001,-0.747424,NER,FRA,2732
159,77,821,1971,0,154270,-1.6915639999999998,-0.8931879999999999,NGA,FRA,2732
162,77,821,1971,0,904745,1.3564690000000001,2.749828,NLD,FRA,2732
163,77,821,1971,0,414486,1.297569,1.870238,NOR,FRA,2732
184,77,821,1971,0,50996,-1.004604,-0.44332,REU,FRA,2732
191,77,821,1971,0,1441,-0.100347,-0.469422,SEN,FRA,2732
208,77,821,1971,0,765436,2.190846,2.570859,SWE,FRA,2732
215,77,821,1971,0,31746,-0.072395,-0.37341199999999997,TGO,FRA,2732
223,77,821,1971,0,19172,-0.28817,-0.6084189999999999,TUN,FRA,2732
231,77,821,1971,32533,0,1.873357,1.848336,USA,FRA,2732
239,77,821,1971,0,2504,0.07082100000000001,-0.296412,VNM,FRA,2732
250,77,821,1971,0,2554,0.740793,0.11133,ANS,FRA,2732
6,81,821,1971,0,7090,0.890891,0.10081699999999999,ANT,GBR,2732
7,81,821,1971,0,14237,-0.455717,-0.601296,ARE,GBR,2732
8,81,821,1971,0,9269,0.0024230000000000002,0.084024,ARG,GBR,2732
14,81,821,1971,0,41252,0.019735,0.02329,AUS,GBR,2732
15,81,821,1971,0,7644,1.984568,0.9571209999999999,AUT,GBR,2732
18,81,821,1971,0,71117,1.495689,2.262083,BEL,GBR,2732
24,81,821,1971,0,7856,0.811757,-0.086967,BHR,GBR,2732
25,81,821,1971,0,2200,0.356122,-0.181398,BHS,GBR,2732
30,81,821,1971,0,4053,0.637919,0.031731999999999996,BMU,GBR,2732
32,81,821,1971,0,2786,-0.326897,-0.229088,BRA,GBR,2732
33,81,821,1971,0,6837,0.935667,0.839299,BRB,GBR,2732
39,81,821,1971,0,27320,0.543049,0.772374,CAN,GBR,2732
41,81,821,1971,23434,3253,2.242028,1.9425029999999999,CHE,GBR,2732
49,81,821,1971,0,2373,-0.114488,-0.492489,COL,GBR,2732
52,81,821,1971,0,1426,0.9643510000000001,0.613066,CRI,GBR,2732
58,81,821,1971,0,6211,0.266353,-0.404526,CYP,GBR,2732
61,81,821,1971,45486,17336,2.304817,-1.885431,DEU,GBR,2732
63,81,821,1971,0,3022,-0.595859,-0.486575,DMA,GBR,2732
64,81,821,1971,0,90202,1.5224870000000001,2.45498,DNK,GBR,2732
71,81,821,1971,6879,13107,0.9618040000000001,1.789808,ESP,GBR,2732
74,81,821,1971,0,18517,1.382261,1.410232,FIN,GBR,2732
77,81,821,1971,126676,7765,1.7299959999999999,1.562786,FRA,GBR,2732
83,81,821,1971,0,12429,-0.948254,-0.880582,GHA,GBR,2732
84,81,821,1971,0,5977,1.2227540000000001,0.295479,GIB,GBR,2732
90,81,821,1971,0,1993,0.373161,0.153613,GRC,GBR,2732
96,81,821,1971,0,5188,0.006441,-0.42498800000000003,GUY,GBR,2732
97,81,821,1971,0,34336,1.4643760000000001,1.159238,HKG,GBR,2732
102,81,821,1971,0,2479,0.8639760000000001,1.2125059999999999,HUN,GBR,2732
103,81,821,1971,0,3906,-1.335787,-0.813966,IDN,GBR,2732
104,81,821,1971,0,1859,0.28820999999999997,0.790629,IND,GBR,2732
106,81,821,1971,874606,132338,1.0895219999999999,1.885416,IRL,GBR,2732
107,81,821,1971,0,1289,-0.7509680000000001,-0.721083,IRN,GBR,2732
108,81,821,1971,0,3699,-0.5225569999999999,-0.438028,IRQ,GBR,2732
109,81,821,1971,0,11184,0.12083900000000002,-0.37900100000000003,ISL,GBR,2732
110,81,821,1971,0,24765,0.8357530000000001,0.8589479999999999,ISR,GBR,2732
111,81,821,1971,5320,6306,2.039661,1.10519,ITA,GBR,2732
112,81,821,1971,0,14131,0.283952,-0.541592,JAM,GBR,2732
113,81,821,1971,0,1224,0.344856,-0.11885699999999999,JOR,GBR,2732
116,81,821,1971,0,29450,-0.119521,0.044922000000000004,KEN,GBR,2732
122,81,821,1971,0,11057,-0.589441,-0.5007699999999999,KWT,GBR,2732
125,81,821,1971,0,2225,-0.877289,-0.5771,LBR,GBR,2732
126,81,821,1971,0,4224,-2.1829009999999998,-0.541129,LBY,GBR,2732
128,81,821,1971,0,3747,-1.144836,-0.753853,LKA,GBR,2732
142,81,821,1971,0,8911,1.567812,1.889177,MLT,GBR,2732
151,81,821,1971,0,2250,-0.592737,-0.767588,MUS,GBR,2732
153,81,821,1971,0,29031,-0.636547,-0.648471,MYS,GBR,2732
159,81,821,1971,0,32641,-1.6915639999999998,-0.8931879999999999,NGA,GBR,2732
160,81,821,1971,0,9361,0.21678699999999998,-0.085482,NIC,GBR,2732
162,81,821,1971,1084,190091,1.3564690000000001,2.749828,NLD,GBR,2732
163,81,821,1971,66310,249534,1.297569,1.870238,NOR,GBR,2732
166,81,821,1971,0,27005,0.188851,-0.346439,NZL,GBR,2732
167,81,821,1971,0,2133,-1.415142,-0.557193,OMN,GBR,2732
168,81,821,1971,0,15500,-0.160556,-0.48263,PAK,GBR,2732
169,81,821,1971,0,1374,0.641183,-0.062375,PAN,GBR,2732
179,81,821,1971,0,3528,0.9233389999999999,1.184635,PRT,GBR,2732
188,81,821,1971,0,17122,-1.370577,-0.556488,SAU,GBR,2732
190,81,821,1971,0,7137,-1.375243,-0.9691209999999999,SDN,GBR,2732
192,81,821,1971,0,28838,0.540057,0.9167700000000001,SGP,GBR,2732
196,81,821,1971,0,1099,-0.9423530000000001,-0.7621220000000001,SLE,GBR,2732
197,81,821,1971,0,2138,0.807056,0.476688,SLV,GBR,2732
208,81,821,1971,1307,97959,2.190846,2.570859,SWE,GBR,2732
211,81,821,1971,0,4768,-1.0993899999999999,-0.627599,SYC,GBR,2732
212,81,821,1971,0,3188,0.082847,-0.600657,SYR,GBR,2732
216,81,821,1971,0,1227,-0.767467,-0.557866,THA,GBR,2732
222,81,821,1971,0,7555,0.6038479999999999,-0.19159,TTO,GBR,2732
226,81,821,1971,0,9042,-1.246843,-0.9062180000000001,TZA,GBR,2732
227,81,821,1971,0,16006,-1.491473,-0.924457,UGA,GBR,2732
231,81,821,1971,23559,87874,1.873357,1.848336,USA,GBR,2732
236,81,821,1971,0,1905,-0.9655290000000001,-0.651151,VEN,GBR,2732
244,81,821,1971,0,2127,-1.106739,-0.692533,YMD,GBR,2732
245,81,821,1971,0,43728,1.106614,2.43735,YUG,GBR,2732
246,81,821,1971,0,73287,-0.285408,-0.146573,ZAF,GBR,2732
247,81,821,1971,0,10297,-0.8803290000000001,-0.7895399999999999,ZMB,GBR,2732
248,81,821,1971,0,6201,1.131751,0.87282,ZWE,GBR,2732
250,81,821,1971,0,3365,0.740793,0.11133,ANS,GBR,2732
18,90,821,1971,1160,0,1.495689,2.262083,BEL,GRC,2732
61,90,821,1971,17268,0,2.304817,-1.885431,DEU,GRC,2732
77,90,821,1971,13424,0,1.7299959999999999,1.562786,FRA,GRC,2732
81,90,821,1971,1993,0,2.1646669999999997,0.034970999999999995,GBR,GRC,2732
110,90,821,1971,0,1488,0.8357530000000001,0.8589479999999999,ISR,GRC,2732
111,90,821,1971,7612,0,2.039661,1.10519,ITA,GRC,2732
126,90,821,1971,0,1187,-2.1829009999999998,-0.541129,LBY,GRC,2732
231,90,821,1971,11555,0,1.873357,1.848336,USA,GRC,2732
14,97,821,1971,54697,0,0.019735,0.02329,AUS,HKG,2732
43,97,821,1971,39569,0,0.551566,1.636164,CHN,HKG,2732
61,97,821,1971,17868,0,2.304817,-1.885431,DEU,HKG,2732
81,97,821,1971,34336,0,2.1646669999999997,0.034970999999999995,GBR,HKG,2732
103,97,821,1971,0,2602,-1.335787,-0.813966,IDN,HKG,2732
114,97,821,1971,99462,0,1.862756,2.170372,JPN,HKG,2732
118,97,821,1971,0,1489,-0.868826,-0.796129,KHM,HKG,2732
138,97,821,1971,86355,0,0.694692,1.631725,MEX,HKG,2732
153,97,821,1971,0,2030,-0.636547,-0.648471,MYS,HKG,2732
168,97,821,1971,1713,0,-0.160556,-0.48263,PAK,HKG,2732
216,97,821,1971,0,1768,-0.767467,-0.557866,THA,HKG,2732
68,104,821,1971,0,2736,0.192492,-0.374212,EGY,IND,2732
81,104,821,1971,1859,0,2.1646669999999997,0.034970999999999995,GBR,IND,2732
7,107,821,1971,0,4076,-0.455717,-0.601296,ARE,IRN,2732
61,107,821,1971,5992,0,2.304817,-1.885431,DEU,IRN,2732
71,107,821,1971,86294,0,0.9618040000000001,1.789808,ESP,IRN,2732
77,107,821,1971,44560,0,1.7299959999999999,1.562786,FRA,IRN,2732
81,107,821,1971,1289,0,2.1646669999999997,0.034970999999999995,GBR,IRN,2732
111,107,821,1971,26915,0,2.039661,1.10519,ITA,IRN,2732
122,107,821,1971,0,26002,-0.589441,-0.5007699999999999,KWT,IRN,2732
186,107,821,1971,0,27178,0.42000600000000005,0.512301,RUS,IRN,2732
231,107,821,1971,9328,0,1.873357,1.848336,USA,IRN,2732
81,108,821,1971,3699,0,2.1646669999999997,0.034970999999999995,GBR,IRQ,2732
122,108,821,1971,0,33304,-0.589441,-0.5007699999999999,KWT,IRQ,2732
61,109,821,1971,3314,0,2.304817,-1.885431,DEU,ISL,2732
64,109,821,1971,2185,0,1.5224870000000001,2.45498,DNK,ISL,2732
81,109,821,1971,11184,0,2.1646669999999997,0.034970999999999995,GBR,ISL,2732
177,109,821,1971,62626,0,0.8294520000000001,1.636849,POL,ISL,2732
231,109,821,1971,2743,0,1.873357,1.848336,USA,ISL,2732
8,111,821,1971,2320,0,0.0024230000000000002,0.084024,ARG,ITA,2732
15,111,821,1971,0,12929,1.984568,0.9571209999999999,AUT,ITA,2732
32,111,821,1971,0,1098,-0.326897,-0.229088,BRA,ITA,2732
41,111,821,1971,20938,67885,2.242028,1.9425029999999999,CHE,ITA,2732
61,111,821,1971,80731,6210,2.304817,-1.885431,DEU,ITA,2732
71,111,821,1971,1012,1140,0.9618040000000001,1.789808,ESP,ITA,2732
77,111,821,1971,3252,72254,1.7299959999999999,1.562786,FRA,ITA,2732
81,111,821,1971,6306,5320,2.1646669999999997,0.034970999999999995,GBR,ITA,2732
90,111,821,1971,0,7612,0.373161,0.153613,GRC,ITA,2732
107,111,821,1971,0,26915,-0.7509680000000001,-0.721083,IRN,ITA,2732
126,111,821,1971,0,14792,-2.1829009999999998,-0.541129,LBY,ITA,2732
138,111,821,1971,0,5051,0.694692,1.631725,MEX,ITA,2732
142,111,821,1971,0,2495,1.567812,1.889177,MLT,ITA,2732
156,111,821,1971,0,6774,-0.714832,-0.24088400000000001,NCL,ITA,2732
162,111,821,1971,7003,1921,1.3564690000000001,2.749828,NLD,ITA,2732
163,111,821,1971,0,1108,1.297569,1.870238,NOR,ITA,2732
169,111,821,1971,0,2754,0.641183,-0.062375,PAN,ITA,2732
174,111,821,1971,0,3768,-0.39003899999999997,-0.709147,PHL,ITA,2732
185,111,821,1971,0,28501,1.0355299999999998,1.5666129999999998,ROU,ITA,2732
192,111,821,1971,0,10208,0.540057,0.9167700000000001,SGP,ITA,2732
222,111,821,1971,0,4344,0.6038479999999999,-0.19159,TTO,ITA,2732
231,111,821,1971,181788,26177,1.873357,1.848336,USA,ITA,2732
245,111,821,1971,0,170411,1.106614,2.43735,YUG,ITA,2732
250,111,821,1971,0,3633,0.740793,0.11133,ANS,ITA,2732
14,114,821,1971,22413,1139983,0.019735,0.02329,AUS,JPN,2732
43,114,821,1971,6488,0,0.551566,1.636164,CHN,JPN,2732
61,114,821,1971,4045,0,2.304817,-1.885431,DEU,JPN,2732
97,114,821,1971,0,99462,1.4643760000000001,1.159238,HKG,JPN,2732
103,114,821,1971,0,87877,-1.335787,-0.813966,IDN,JPN,2732
118,114,821,1971,0,8162,-0.868826,-0.796129,KHM,JPN,2732
121,114,821,1971,96868,51007,0.804658,0.44236899999999996,KOR,JPN,2732
128,114,821,1971,0,14119,-1.144836,-0.753853,LKA,JPN,2732
134,114,821,1971,1098979,0,-0.016735,-0.41776599999999997,MAR,JPN,2732
138,114,821,1971,290455,0,0.694692,1.631725,MEX,JPN,2732
153,114,821,1971,0,21517,-0.636547,-0.648471,MYS,JPN,2732
173,114,821,1971,0,2311,-0.7457020000000001,-0.882229,PER,JPN,2732
174,114,821,1971,0,29039,-0.39003899999999997,-0.709147,PHL,JPN,2732
188,114,821,1971,0,2675,-1.370577,-0.556488,SAU,JPN,2732
192,114,821,1971,0,20563,0.540057,0.9167700000000001,SGP,JPN,2732
208,114,821,1971,0,1043,2.190846,2.570859,SWE,JPN,2732
216,114,821,1971,0,77439,-0.767467,-0.557866,THA,JPN,2732
231,114,821,1971,50011,2815,1.873357,1.848336,USA,JPN,2732
239,114,821,1971,0,2359,0.07082100000000001,-0.296412,VNM,JPN,2732
249,114,821,1971,0,68011,1.123146,1.440067,TWN,JPN,2732
250,114,821,1971,0,55332,0.740793,0.11133,ANS,JPN,2732
24,122,821,1971,44,0,0.811757,-0.086967,BHR,KWT,2732
61,122,821,1971,1970,0,2.304817,-1.885431,DEU,KWT,2732
81,122,821,1971,11057,0,2.1646669999999997,0.034970999999999995,GBR,KWT,2732
107,122,821,1971,26002,0,-0.7509680000000001,-0.721083,IRN,KWT,2732
108,122,821,1971,33304,0,-0.5225569999999999,-0.438028,IRQ,KWT,2732
188,122,821,1971,94004,0,-1.370577,-0.556488,SAU,KWT,2732
58,124,821,1971,1086,0,0.266353,-0.404526,CYP,LBN,2732
61,124,821,1971,3983,0,2.304817,-1.885431,DEU,LBN,2732
113,124,821,1971,0,2273,0.344856,-0.11885699999999999,JOR,LBN,2732
126,124,821,1971,0,17811,-2.1829009999999998,-0.541129,LBY,LBN,2732
159,124,821,1971,0,11308,-1.6915639999999998,-0.8931879999999999,NGA,LBN,2732
212,124,821,1971,345846,1999,0.082847,-0.600657,SYR,LBN,2732
231,124,821,1971,3474,0,1.873357,1.848336,USA,LBN,2732
250,124,821,1971,0,1119,0.740793,0.11133,ANS,LBN,2732
6,162,821,1971,0,1575,0.890891,0.10081699999999999,ANT,NLD,2732
14,162,821,1971,0,2341,0.019735,0.02329,AUS,NLD,2732
18,162,821,1971,1380249,18886,1.495689,2.262083,BEL,NLD,2732
41,162,821,1971,1026,0,2.242028,1.9425029999999999,CHE,NLD,2732
61,162,821,1971,2503092,12212,2.304817,-1.885431,DEU,NLD,2732
64,162,821,1971,0,4274,1.5224870000000001,2.45498,DNK,NLD,2732
77,162,821,1971,904745,0,1.7299959999999999,1.562786,FRA,NLD,2732
81,162,821,1971,190091,1084,2.1646669999999997,0.034970999999999995,GBR,NLD,2732
103,162,821,1971,0,2092,-1.335787,-0.813966,IDN,NLD,2732
106,162,821,1971,0,1035,1.0895219999999999,1.885416,IRL,NLD,2732
111,162,821,1971,1921,7003,2.039661,1.10519,ITA,NLD,2732
163,162,821,1971,0,2240,1.297569,1.870238,NOR,NLD,2732
205,162,821,1971,0,1078,-0.26679,-0.417204,SUR,NLD,2732
231,162,821,1971,8389,0,1.873357,1.848336,USA,NLD,2732
250,162,821,1971,1810,0,0.740793,0.11133,ANS,NLD,2732
15,163,821,1971,1480,0,1.984568,0.9571209999999999,AUT,NOR,2732
61,163,821,1971,67229,0,2.304817,-1.885431,DEU,NOR,2732
64,163,821,1971,83530,25037,1.5224870000000001,2.45498,DNK,NOR,2732
77,163,821,1971,414486,0,1.7299959999999999,1.562786,FRA,NOR,2732
81,163,821,1971,249534,66310,2.1646669999999997,0.034970999999999995,GBR,NOR,2732
83,163,821,1971,0,277352,-0.948254,-0.880582,GHA,NOR,2732
103,163,821,1971,0,21410,-1.335787,-0.813966,IDN,NOR,2732
111,163,821,1971,1108,0,2.039661,1.10519,ITA,NOR,2732
125,163,821,1971,0,41958,-0.877289,-0.5771,LBR,NOR,2732
162,163,821,1971,2240,0,1.3564690000000001,2.749828,NLD,NOR,2732
177,163,821,1971,2114608,0,0.8294520000000001,1.636849,POL,NOR,2732
208,163,821,1971,3533,95098,2.190846,2.570859,SWE,NOR,2732
231,163,821,1971,12177,0,1.873357,1.848336,USA,NOR,2732
250,163,821,1971,0,4181,0.740793,0.11133,ANS,NOR,2732
61,168,821,1971,998,0,2.304817,-1.885431,DEU,PAK,2732
81,168,821,1971,15500,0,2.1646669999999997,0.034970999999999995,GBR,PAK,2732
97,168,821,1971,0,1713,1.4643760000000001,1.159238,HKG,PAK,2732
128,168,821,1971,0,105290,-1.144836,-0.753853,LKA,PAK,2732
61,186,821,1971,2012,0,2.304817,-1.885431,DEU,RUS,2732
74,186,821,1971,0,111366,1.382261,1.410232,FIN,RUS,2732
107,186,821,1971,27178,0,-0.7509680000000001,-0.721083,IRN,RUS,2732
208,186,821,1971,0,88755,2.190846,2.570859,SWE,RUS,2732
14,192,821,1971,71217,0,0.019735,0.02329,AUS,SGP,2732
18,192,821,1971,1179,0,1.495689,2.262083,BEL,SGP,2732
43,192,821,1971,34083,0,0.551566,1.636164,CHN,SGP,2732
61,192,821,1971,17763,0,2.304817,-1.885431,DEU,SGP,2732
81,192,821,1971,28838,0,2.1646669999999997,0.034970999999999995,GBR,SGP,2732
103,192,821,1971,0,2149,-1.335787,-0.813966,IDN,SGP,2732
111,192,821,1971,10208,0,2.039661,1.10519,ITA,SGP,2732
114,192,821,1971,20563,0,1.862756,2.170372,JPN,SGP,2732
153,192,821,1971,149823,14456,-0.636547,-0.648471,MYS,SGP,2732
174,192,821,1971,29430,2308,-0.39003899999999997,-0.709147,PHL,SGP,2732
216,192,821,1971,0,1524,-0.767467,-0.557866,THA,SGP,2732
231,192,821,1971,91502,0,1.873357,1.848336,USA,SGP,2732
239,192,821,1971,0,24431,0.07082100000000001,-0.296412,VNM,SGP,2732
249,192,821,1971,5656,1456,1.123146,1.440067,TWN,SGP,2732
61,208,821,1971,283108,257762,2.304817,-1.885431,DEU,SWE,2732
64,208,821,1971,359558,147603,1.5224870000000001,2.45498,DNK,SWE,2732
71,208,821,1971,71012,0,0.9618040000000001,1.789808,ESP,SWE,2732
74,208,821,1971,186241,556471,1.382261,1.410232,FIN,SWE,2732
77,208,821,1971,765436,0,1.7299959999999999,1.562786,FRA,SWE,2732
81,208,821,1971,97959,1307,2.1646669999999997,0.034970999999999995,GBR,SWE,2732
114,208,821,1971,1043,0,1.862756,2.170372,JPN,SWE,2732
163,208,821,1971,95098,3533,1.297569,1.870238,NOR,SWE,2732
177,208,821,1971,1251688,0,0.8294520000000001,1.636849,POL,SWE,2732
186,208,821,1971,88755,0,0.42000600000000005,0.512301,RUS,SWE,2732
231,208,821,1971,1476,0,1.873357,1.848336,USA,SWE,2732
61,216,821,1971,46841,0,2.304817,-1.885431,DEU,THA,2732
81,216,821,1971,1227,0,2.1646669999999997,0.034970999999999995,GBR,THA,2732
97,216,821,1971,1768,0,1.4643760000000001,1.159238,HKG,THA,2732
114,216,821,1971,77439,0,1.862756,2.170372,JPN,THA,2732
123,216,821,1971,0,4477,-1.248427,-0.821947,LAO,THA,2732
153,216,821,1971,0,214756,-0.636547,-0.648471,MYS,THA,2732
192,216,821,1971,1524,0,0.540057,0.9167700000000001,SGP,THA,2732
6,231,821,1971,0,3857,0.890891,0.10081699999999999,ANT,USA,2732
8,231,821,1971,0,5152,0.0024230000000000002,0.084024,ARG,USA,2732
14,231,821,1971,0,33317,0.019735,0.02329,AUS,USA,2732
15,231,821,1971,0,1454,1.984568,0.9571209999999999,AUT,USA,2732
18,231,821,1971,0,23360,1.495689,2.262083,BEL,USA,2732
25,231,821,1971,0,42807,0.356122,-0.181398,BHS,USA,2732
30,231,821,1971,0,34809,0.637919,0.031731999999999996,BMU,USA,2732
32,231,821,1971,0,26593,-0.326897,-0.229088,BRA,USA,2732
39,231,821,1971,10268440,4100031,0.543049,0.772374,CAN,USA,2732
41,231,821,1971,0,27321,2.242028,1.9425029999999999,CHE,USA,2732
42,231,821,1971,0,38378,-0.231579,-0.6383479999999999,CHL,USA,2732
47,231,821,1971,0,2249,-0.9411219999999999,-0.728664,COG,USA,2732
49,231,821,1971,0,40560,-0.114488,-0.492489,COL,USA,2732
52,231,821,1971,0,2608,0.9643510000000001,0.613066,CRI,USA,2732
61,231,821,1971,3384,155969,2.304817,-1.885431,DEU,USA,2732
64,231,821,1971,0,7625,1.5224870000000001,2.45498,DNK,USA,2732
65,231,821,1971,460375,34658,-0.236627,-0.716432,DOM,USA,2732
66,231,821,1971,0,8315,-0.42629399999999995,-0.612192,DZA,USA,2732
67,231,821,1971,0,12482,-0.8731540000000001,-0.931018,ECU,USA,2732
71,231,821,1971,0,43159,0.9618040000000001,1.789808,ESP,USA,2732
74,231,821,1971,0,20702,1.382261,1.410232,FIN,USA,2732
77,231,821,1971,0,32533,1.7299959999999999,1.562786,FRA,USA,2732
81,231,821,1971,87874,23559,2.1646669999999997,0.034970999999999995,GBR,USA,2732
90,231,821,1971,0,11555,0.373161,0.153613,GRC,USA,2732
93,231,821,1971,0,10109,0.513422,0.31249099999999996,GTM,USA,2732
96,231,821,1971,0,2169,0.006441,-0.42498800000000003,GUY,USA,2732
99,231,821,1971,0,1335,-0.47721,-0.841176,HND,USA,2732
101,231,821,1971,0,2577,0.47879399999999994,-0.145479,HTI,USA,2732
106,231,821,1971,1827,0,1.0895219999999999,1.885416,IRL,USA,2732
107,231,821,1971,0,9328,-0.7509680000000001,-0.721083,IRN,USA,2732
109,231,821,1971,0,2743,0.12083900000000002,-0.37900100000000003,ISL,USA,2732
110,231,821,1971,0,25360,0.8357530000000001,0.8589479999999999,ISR,USA,2732
111,231,821,1971,26177,181788,2.039661,1.10519,ITA,USA,2732
112,231,821,1971,850534,13741,0.283952,-0.541592,JAM,USA,2732
114,231,821,1971,2815,50011,1.862756,2.170372,JPN,USA,2732
121,231,821,1971,0,19165,0.804658,0.44236899999999996,KOR,USA,2732
124,231,821,1971,0,3474,0.6515989999999999,1.542378,LBN,USA,2732
125,231,821,1971,0,1997,-0.877289,-0.5771,LBR,USA,2732
126,231,821,1971,0,5514,-2.1829009999999998,-0.541129,LBY,USA,2732
134,231,821,1971,0,1163,-0.016735,-0.41776599999999997,MAR,USA,2732
138,231,821,1971,1823734,673516,0.694692,1.631725,MEX,USA,2732
147,231,821,1971,0,2318,-0.670024,-0.6290560000000001,MOZ,USA,2732
159,231,821,1971,0,1713,-1.6915639999999998,-0.8931879999999999,NGA,USA,2732
160,231,821,1971,0,1446,0.21678699999999998,-0.085482,NIC,USA,2732
162,231,821,1971,0,8389,1.3564690000000001,2.749828,NLD,USA,2732
163,231,821,1971,0,12177,1.297569,1.870238,NOR,USA,2732
166,231,821,1971,0,5102,0.188851,-0.346439,NZL,USA,2732
169,231,821,1971,0,34260,0.641183,-0.062375,PAN,USA,2732
173,231,821,1971,0,21334,-0.7457020000000001,-0.882229,PER,USA,2732
174,231,821,1971,0,14376,-0.39003899999999997,-0.709147,PHL,USA,2732
183,231,821,1971,0,2419,-1.0228190000000001,-0.519414,QAT,USA,2732
188,231,821,1971,0,6716,-1.370577,-0.556488,SAU,USA,2732
192,231,821,1971,0,91502,0.540057,0.9167700000000001,SGP,USA,2732
197,231,821,1971,0,6831,0.807056,0.476688,SLV,USA,2732
208,231,821,1971,0,1476,2.190846,2.570859,SWE,USA,2732
222,231,821,1971,0,3770,0.6038479999999999,-0.19159,TTO,USA,2732
223,231,821,1971,0,997,-0.28817,-0.6084189999999999,TUN,USA,2732
230,231,821,1971,0,2105,0.24810300000000002,-0.16614600000000002,URY,USA,2732
236,231,821,1971,0,33007,-0.9655290000000001,-0.651151,VEN,USA,2732
238,231,821,1971,0,31780,0.806248,-0.070153,VIR,USA,2732
239,231,821,1971,0,1882,0.07082100000000001,-0.296412,VNM,USA,2732
246,231,821,1971,0,10372,-0.285408,-0.146573,ZAF,USA,2732
249,231,821,1971,0,2400,1.123146,1.440067,TWN,USA,2732
250,231,821,1971,0,11180,0.740793,0.11133,ANS,USA,2732
14,249,821,1971,214365,0,0.019735,0.02329,AUS,TWN,2732
15,249,821,1971,5499,0,1.984568,0.9571209999999999,AUT,TWN,2732
61,249,821,1971,1854,0,2.304817,-1.885431,DEU,TWN,2732
103,249,821,1971,771,0,-1.335787,-0.813966,IDN,TWN,2732
114,249,821,1971,68011,0,1.862756,2.170372,JPN,TWN,2732
138,249,821,1971,397101,0,0.694692,1.631725,MEX,TWN,2732
153,249,821,1971,0,1098,-0.636547,-0.648471,MYS,TWN,2732
174,249,821,1971,0,2554,-0.39003899999999997,-0.709147,PHL,TWN,2732
192,249,821,1971,1456,5656,0.540057,0.9167700000000001,SGP,TWN,2732
231,249,821,1971,2400,0,1.873357,1.848336,USA,TWN,2732
239,249,821,1971,0,10721,0.07082100000000001,-0.296412,VNM,TWN,2732
14,250,821,1971,13426,0,0.019735,0.02329,AUS,ANS,2732
18,250,821,1971,2091,0,1.495689,2.262083,BEL,ANS,2732
41,250,821,1971,1691,0,2.242028,1.9425029999999999,CHE,ANS,2732
58,250,821,1971,0,595,0.266353,-0.404526,CYP,ANS,2732
64,250,821,1971,1040,0,1.5224870000000001,2.45498,DNK,ANS,2732
71,250,821,1971,1683,0,0.9618040000000001,1.789808,ESP,ANS,2732
77,250,821,1971,2554,0,1.7299959999999999,1.562786,FRA,ANS,2732
81,250,821,1971,3365,0,2.1646669999999997,0.034970999999999995,GBR,ANS,2732
103,250,821,1971,0,1351,-1.335787,-0.813966,IDN,ANS,2732
106,250,821,1971,0,1068,1.0895219999999999,1.885416,IRL,ANS,2732
110,250,821,1971,12310,0,0.8357530000000001,0.8589479999999999,ISR,ANS,2732
111,250,821,1971,3633,0,2.039661,1.10519,ITA,ANS,2732
114,250,821,1971,55332,0,1.862756,2.170372,JPN,ANS,2732
124,250,821,1971,1119,0,0.6515989999999999,1.542378,LBN,ANS,2732
134,250,821,1971,5666,0,-0.016735,-0.41776599999999997,MAR,ANS,2732
153,250,821,1971,0,1085,-0.636547,-0.648471,MYS,ANS,2732
162,250,821,1971,0,1810,1.3564690000000001,2.749828,NLD,ANS,2732
163,250,821,1971,4181,0,1.297569,1.870238,NOR,ANS,2732
179,250,821,1971,1334,0,0.9233389999999999,1.184635,PRT,ANS,2732
231,250,821,1971,11180,0,1.873357,1.848336,USA,ANS,2732
81,6,821,1971,7090,0,2.1646669999999997,0.034970999999999995,GBR,ANT,2732
162,6,821,1971,1575,0,1.3564690000000001,2.749828,NLD,ANT,2732
231,6,821,1971,3857,0,1.873357,1.848336,USA,ANT,2732
31,32,821,1971,25457,0,-0.578729,-0.640841,BOL,BRA,2732
61,32,821,1971,3986,0,2.304817,-1.885431,DEU,BRA,2732
81,32,821,1971,2786,0,2.1646669999999997,0.034970999999999995,GBR,BRA,2732
111,32,821,1971,1098,0,2.039661,1.10519,ITA,BRA,2732
231,32,821,1971,26593,0,1.873357,1.848336,USA,BRA,2732
77,44,821,1971,152655,0,1.7299959999999999,1.562786,FRA,CIV,2732
110,44,821,1971,8119,0,0.8357530000000001,0.8589479999999999,ISR,CIV,2732
18,46,821,1971,2626,0,1.495689,2.262083,BEL,COD,2732
77,46,821,1971,43574,0,1.7299959999999999,1.562786,FRA,COD,2732
134,46,821,1971,13675,0,-0.016735,-0.41776599999999997,MAR,COD,2732
5,71,821,1971,0,38414,1.154482,0.361592,AND,ESP,2732
41,71,821,1971,5906,0,2.242028,1.9425029999999999,CHE,ESP,2732
61,71,821,1971,29212,0,2.304817,-1.885431,DEU,ESP,2732
74,71,821,1971,6357,0,1.382261,1.410232,FIN,ESP,2732
77,71,821,1971,1091,1245,1.7299959999999999,1.562786,FRA,ESP,2732
81,71,821,1971,13107,6879,2.1646669999999997,0.034970999999999995,GBR,ESP,2732
107,71,821,1971,0,86294,-0.7509680000000001,-0.721083,IRN,ESP,2732
111,71,821,1971,1140,1012,2.039661,1.10519,ITA,ESP,2732
134,71,821,1971,5157,0,-0.016735,-0.41776599999999997,MAR,ESP,2732
174,71,821,1971,0,5358,-0.39003899999999997,-0.709147,PHL,ESP,2732
179,71,821,1971,0,6319,0.9233389999999999,1.184635,PRT,ESP,2732
208,71,821,1971,0,71012,2.190846,2.570859,SWE,ESP,2732
231,71,821,1971,43159,0,1.873357,1.848336,USA,ESP,2732
246,71,821,1971,0,11462,-0.285408,-0.146573,ZAF,ESP,2732
250,71,821,1971,0,1683,0.740793,0.11133,ANS,ESP,2732
61,74,821,1971,98424,15574,2.304817,-1.885431,DEU,FIN,2732
64,74,821,1971,7860,2299,1.5224870000000001,2.45498,DNK,FIN,2732
68,74,821,1971,0,2607,0.192492,-0.374212,EGY,FIN,2732
71,74,821,1971,0,6357,0.9618040000000001,1.789808,ESP,FIN,2732
77,74,821,1971,1078,0,1.7299959999999999,1.562786,FRA,FIN,2732
81,74,821,1971,18517,0,2.1646669999999997,0.034970999999999995,GBR,FIN,2732
177,74,821,1971,520823,0,0.8294520000000001,1.636849,POL,FIN,2732
186,74,821,1971,111366,0,0.42000600000000005,0.512301,RUS,FIN,2732
208,74,821,1971,556471,186241,2.190846,2.570859,SWE,FIN,2732
231,74,821,1971,20702,0,1.873357,1.848336,USA,FIN,2732
61,80,821,1971,1257,0,2.304817,-1.885431,DEU,GAB,2732
77,80,821,1971,6844,0,1.7299959999999999,1.562786,FRA,GAB,2732
134,80,821,1971,6577,0,-0.016735,-0.41776599999999997,MAR,GAB,2732
179,88,821,1971,3983,0,0.9233389999999999,1.184635,PRT,GNB,2732
14,103,821,1971,68248,0,0.019735,0.02329,AUS,IDN,2732
15,103,821,1971,997,0,1.984568,0.9571209999999999,AUT,IDN,2732
43,103,821,1971,12455,0,0.551566,1.636164,CHN,IDN,2732
61,103,821,1971,13619,0,2.304817,-1.885431,DEU,IDN,2732
81,103,821,1971,3906,0,2.1646669999999997,0.034970999999999995,GBR,IDN,2732
97,103,821,1971,2602,0,1.4643760000000001,1.159238,HKG,IDN,2732
114,103,821,1971,87877,0,1.862756,2.170372,JPN,IDN,2732
153,103,821,1971,874,0,-0.636547,-0.648471,MYS,IDN,2732
162,103,821,1971,2092,0,1.3564690000000001,2.749828,NLD,IDN,2732
163,103,821,1971,21410,0,1.297569,1.870238,NOR,IDN,2732
192,103,821,1971,2149,0,0.540057,0.9167700000000001,SGP,IDN,2732
239,103,821,1971,0,5514,0.07082100000000001,-0.296412,VNM,IDN,2732
249,103,821,1971,0,771,1.123146,1.440067,TWN,IDN,2732
250,103,821,1971,1351,0,0.740793,0.11133,ANS,IDN,2732
44,110,821,1971,0,8119,-0.719483,-0.700326,CIV,ISR,2732
61,110,821,1971,8907,0,2.304817,-1.885431,DEU,ISR,2732
81,110,821,1971,24765,0,2.1646669999999997,0.034970999999999995,GBR,ISR,2732
90,110,821,1971,1488,0,0.373161,0.153613,GRC,ISR,2732
231,110,821,1971,25360,0,1.873357,1.848336,USA,ISR,2732
250,110,821,1971,0,12310,0.740793,0.11133,ANS,ISR,2732
2,147,821,1971,66236,0,-1.208704,-0.854866,AGO,MOZ,2732
61,147,821,1971,7037,0,2.304817,-1.885431,DEU,MOZ,2732
179,147,821,1971,5170,0,0.9233389999999999,1.184635,PRT,MOZ,2732
231,147,821,1971,2318,0,1.873357,1.848336,USA,MOZ,2732
14,153,821,1971,101637,0,0.019735,0.02329,AUS,MYS,2732
43,153,821,1971,22976,0,0.551566,1.636164,CHN,MYS,2732
61,153,821,1971,12135,0,2.304817,-1.885431,DEU,MYS,2732
81,153,821,1971,29031,0,2.1646669999999997,0.034970999999999995,GBR,MYS,2732
97,153,821,1971,2030,0,1.4643760000000001,1.159238,HKG,MYS,2732
103,153,821,1971,0,874,-1.335787,-0.813966,IDN,MYS,2732
114,153,821,1971,21517,0,1.862756,2.170372,JPN,MYS,2732
192,153,821,1971,14456,149823,0.540057,0.9167700000000001,SGP,MYS,2732
216,153,821,1971,214756,0,-0.767467,-0.557866,THA,MYS,2732
249,153,821,1971,1098,0,1.123146,1.440067,TWN,MYS,2732
250,153,821,1971,1085,0,0.740793,0.11133,ANS,MYS,2732
61,159,821,1971,9805,0,2.304817,-1.885431,DEU,NGA,2732
77,159,821,1971,154270,0,1.7299959999999999,1.562786,FRA,NGA,2732
81,159,821,1971,32641,0,2.1646669999999997,0.034970999999999995,GBR,NGA,2732
124,159,821,1971,11308,0,0.6515989999999999,1.542378,LBN,NGA,2732
134,159,821,1971,22585,0,-0.016735,-0.41776599999999997,MAR,NGA,2732
231,159,821,1971,1713,0,1.873357,1.848336,USA,NGA,2732
14,166,821,1971,724197,1409,0.019735,0.02329,AUS,NZL,2732
61,166,821,1971,16030,0,2.304817,-1.885431,DEU,NZL,2732
75,166,821,1971,0,3575,0.057053,-0.490021,FJI,NZL,2732
81,166,821,1971,27005,0,2.1646669999999997,0.034970999999999995,GBR,NZL,2732
231,166,821,1971,5102,0,1.873357,1.848336,USA,NZL,2732
15,177,821,1971,0,35526,1.984568,0.9571209999999999,AUT,POL,2732
61,177,821,1971,13140,119114,2.304817,-1.885431,DEU,POL,2732
64,177,821,1971,0,830211,1.5224870000000001,2.45498,DNK,POL,2732
74,177,821,1971,0,520823,1.382261,1.410232,FIN,POL,2732
109,177,821,1971,0,62626,0.12083900000000002,-0.37900100000000003,ISL,POL,2732
163,177,821,1971,0,2114608,1.297569,1.870238,NOR,POL,2732
208,177,821,1971,0,1251688,2.190846,2.570859,SWE,POL,2732
245,177,821,1971,0,80649,1.106614,2.43735,YUG,POL,2732
2,179,821,1971,0,3499,-1.208704,-0.854866,AGO,PRT,2732
41,179,821,1971,1276,0,2.242028,1.9425029999999999,CHE,PRT,2732
61,179,821,1971,3008,0,2.304817,-1.885431,DEU,PRT,2732
71,179,821,1971,6319,0,0.9618040000000001,1.789808,ESP,PRT,2732
81,179,821,1971,3528,0,2.1646669999999997,0.034970999999999995,GBR,PRT,2732
88,179,821,1971,0,3983,-0.8342940000000001,-0.728585,GNB,PRT,2732
134,179,821,1971,83500,0,-0.016735,-0.41776599999999997,MAR,PRT,2732
147,179,821,1971,0,5170,-0.670024,-0.6290560000000001,MOZ,PRT,2732
203,179,821,1971,0,4102,-0.5603060000000001,-0.337854,STP,PRT,2732
250,179,821,1971,0,1334,0.740793,0.11133,ANS,PRT,2732
179,203,821,1971,4102,0,0.9233389999999999,1.184635,PRT,STP,2732
33,222,821,1971,15906,0,0.935667,0.839299,BRB,TTO,2732
81,222,821,1971,7555,0,2.1646669999999997,0.034970999999999995,GBR,TTO,2732
111,222,821,1971,4344,0,2.039661,1.10519,ITA,TTO,2732
138,222,821,1971,1926,0,0.694692,1.631725,MEX,TTO,2732
231,222,821,1971,3770,0,1.873357,1.848336,USA,TTO,2732
236,222,821,1971,117169,0,-0.9655290000000001,-0.651151,VEN,TTO,2732
61,236,821,1971,11891,0,2.304817,-1.885431,DEU,VEN,2732
81,236,821,1971,1905,0,2.1646669999999997,0.034970999999999995,GBR,VEN,2732
205,236,821,1971,0,6863,-0.26679,-0.417204,SUR,VEN,2732
222,236,821,1971,0,117169,0.6038479999999999,-0.19159,TTO,VEN,2732
231,236,821,1971,33007,0,1.873357,1.848336,USA,VEN,2732
81,244,821,1971,2127,0,2.1646669999999997,0.034970999999999995,GBR,YMD,2732
61,246,821,1971,168613,0,2.304817,-1.885431,DEU,ZAF,2732
71,246,821,1971,11462,0,0.9618040000000001,1.789808,ESP,ZAF,2732
81,246,821,1971,73287,0,2.1646669999999997,0.034970999999999995,GBR,ZAF,2732
151,246,821,1971,0,5303,-0.592737,-0.767588,MUS,ZAF,2732
231,246,821,1971,10372,0,1.873357,1.848336,USA,ZAF,2732
247,246,821,1971,0,1266,-0.8803290000000001,-0.7895399999999999,ZMB,ZAF,2732
81,247,821,1971,10297,0,2.1646669999999997,0.034970999999999995,GBR,ZMB,2732
246,247,821,1971,1266,0,-0.285408,-0.146573,ZAF,ZMB,2732
74,68,821,1971,2607,0,1.382261,1.410232,FIN,EGY,2732
77,68,821,1971,7510,0,1.7299959999999999,1.562786,FRA,EGY,2732
104,68,821,1971,2736,0,0.28820999999999997,0.790629,IND,EGY,2732
15,102,821,1971,1990,0,1.984568,0.9571209999999999,AUT,HUN,2732
81,102,821,1971,2479,0,2.1646669999999997,0.034970999999999995,GBR,HUN,2732
245,102,821,1971,9095,19083,1.106614,2.43735,YUG,HUN,2732
45,134,821,1971,0,28558,-0.735506,-0.605363,CMR,MAR,2732
46,134,821,1971,0,13675,-1.16333,-0.708263,COD,MAR,2732
61,134,821,1971,3981,0,2.304817,-1.885431,DEU,MAR,2732
71,134,821,1971,0,5157,0.9618040000000001,1.789808,ESP,MAR,2732
80,134,821,1971,0,6577,-1.3628559999999998,-0.688865,GAB,MAR,2732
114,134,821,1971,0,1098979,1.862756,2.170372,JPN,MAR,2732
159,134,821,1971,0,22585,-1.6915639999999998,-0.8931879999999999,NGA,MAR,2732
179,134,821,1971,0,83500,0.9233389999999999,1.184635,PRT,MAR,2732
191,134,821,1971,0,34502,-0.100347,-0.469422,SEN,MAR,2732
231,134,821,1971,1163,0,1.873357,1.848336,USA,MAR,2732
250,134,821,1971,0,5666,0.740793,0.11133,ANS,MAR,2732
15,245,821,1971,1045,0,1.984568,0.9571209999999999,AUT,YUG,2732
23,245,821,1971,4880,3186,0.65271,1.027758,BGR,YUG,2732
41,245,821,1971,2284,0,2.242028,1.9425029999999999,CHE,YUG,2732
61,245,821,1971,3966,0,2.304817,-1.885431,DEU,YUG,2732
64,245,821,1971,0,965,1.5224870000000001,2.45498,DNK,YUG,2732
81,245,821,1971,43728,0,2.1646669999999997,0.034970999999999995,GBR,YUG,2732
102,245,821,1971,19083,9095,0.8639760000000001,1.2125059999999999,HUN,YUG,2732
111,245,821,1971,170411,0,2.039661,1.10519,ITA,YUG,2732
126,245,821,1971,0,2631,-2.1829009999999998,-0.541129,LBY,YUG,2732
177,245,821,1971,80649,0,0.8294520000000001,1.636849,POL,YUG,2732
185,245,821,1971,1384,0,1.0355299999999998,1.5666129999999998,ROU,YUG,2732
18,2,821,1971,1720,0,1.495689,2.262083,BEL,AGO,2732
61,2,821,1971,1933,0,2.304817,-1.885431,DEU,AGO,2732
147,2,821,1971,0,66236,-0.670024,-0.6290560000000001,MOZ,AGO,2732
179,2,821,1971,3499,0,0.9233389999999999,1.184635,PRT,AGO,2732
61,8,821,1971,3010,0,2.304817,-1.885431,DEU,ARG,2732
81,8,821,1971,9269,0,2.1646669999999997,0.034970999999999995,GBR,ARG,2732
111,8,821,1971,0,2320,2.039661,1.10519,ITA,ARG,2732
180,8,821,1971,0,2759,-0.48826,-0.712018,PRY,ARG,2732
230,8,821,1971,0,175216,0.24810300000000002,-0.16614600000000002,URY,ARG,2732
231,8,821,1971,5152,0,1.873357,1.848336,USA,ARG,2732
77,19,821,1971,24597,0,1.7299959999999999,1.562786,FRA,BEN,2732
77,21,821,1971,3390,0,1.7299959999999999,1.562786,FRA,BFA,2732
39,25,821,1971,112002,0,0.543049,0.772374,CAN,BHS,2732
81,25,821,1971,2200,0,2.1646669999999997,0.034970999999999995,GBR,BHS,2732
231,25,821,1971,42807,0,1.873357,1.848336,USA,BHS,2732
39,30,821,1971,4116,0,0.543049,0.772374,CAN,BMU,2732
81,30,821,1971,4053,0,2.1646669999999997,0.034970999999999995,GBR,BMU,2732
106,30,821,1971,1223,0,1.0895219999999999,1.885416,IRL,BMU,2732
231,30,821,1971,34809,0,1.873357,1.848336,USA,BMU,2732
81,33,821,1971,6837,0,2.1646669999999997,0.034970999999999995,GBR,BRB,2732
222,33,821,1971,0,15906,0.6038479999999999,-0.19159,TTO,BRB,2732
61,42,821,1971,4588,0,2.304817,-1.885431,DEU,CHL,2732
231,42,821,1971,38378,0,1.873357,1.848336,USA,CHL,2732
97,43,821,1971,0,39569,1.4643760000000001,1.159238,HKG,CHN,2732
103,43,821,1971,0,12455,-1.335787,-0.813966,IDN,CHN,2732
114,43,821,1971,0,6488,1.862756,2.170372,JPN,CHN,2732
118,43,821,1971,0,1890,-0.868826,-0.796129,KHM,CHN,2732
153,43,821,1971,0,22976,-0.636547,-0.648471,MYS,CHN,2732
192,43,821,1971,0,34083,0.540057,0.9167700000000001,SGP,CHN,2732
77,45,821,1971,29338,0,1.7299959999999999,1.562786,FRA,CMR,2732
134,45,821,1971,28558,0,-0.016735,-0.41776599999999997,MAR,CMR,2732
61,47,821,1971,31284,0,2.304817,-1.885431,DEU,COG,2732
231,47,821,1971,2249,0,1.873357,1.848336,USA,COG,2732
61,49,821,1971,6023,0,2.304817,-1.885431,DEU,COL,2732
67,49,821,1971,0,3681,-0.8731540000000001,-0.931018,ECU,COL,2732
81,49,821,1971,2373,0,2.1646669999999997,0.034970999999999995,GBR,COL,2732
231,49,821,1971,40560,0,1.873357,1.848336,USA,COL,2732
61,52,821,1971,20069,0,2.304817,-1.885431,DEU,CRI,2732
81,52,821,1971,1426,0,2.1646669999999997,0.034970999999999995,GBR,CRI,2732
160,52,821,1971,439049,1240,0.21678699999999998,-0.085482,NIC,CRI,2732
169,52,821,1971,0,10421,0.641183,-0.062375,PAN,CRI,2732
231,52,821,1971,2608,0,1.873357,1.848336,USA,CRI,2732
61,54,821,1971,3018,0,2.304817,-1.885431,DEU,CUB,2732
61,65,821,1971,10041,0,2.304817,-1.885431,DEU,DOM,2732
205,65,821,1971,0,240063,-0.26679,-0.417204,SUR,DOM,2732
231,65,821,1971,34658,460375,1.873357,1.848336,USA,DOM,2732
41,66,821,1971,0,1225,2.242028,1.9425029999999999,CHE,DZA,2732
77,66,821,1971,10963,0,1.7299959999999999,1.562786,FRA,DZA,2732
231,66,821,1971,8315,0,1.873357,1.848336,USA,DZA,2732
49,67,821,1971,3681,0,-0.114488,-0.492489,COL,ECU,2732
61,67,821,1971,4963,0,2.304817,-1.885431,DEU,ECU,2732
231,67,821,1971,12482,0,1.873357,1.848336,USA,ECU,2732
61,83,821,1971,8378,0,2.304817,-1.885431,DEU,GHA,2732
77,83,821,1971,1567,0,1.7299959999999999,1.562786,FRA,GHA,2732
81,83,821,1971,12429,0,2.1646669999999997,0.034970999999999995,GBR,GHA,2732
163,83,821,1971,277352,0,1.297569,1.870238,NOR,GHA,2732
215,83,821,1971,0,1994,-0.072395,-0.37341199999999997,TGO,GHA,2732
81,84,821,1971,5977,0,2.1646669999999997,0.034970999999999995,GBR,GIB,2732
77,86,821,1971,40476,0,1.7299959999999999,1.562786,FRA,GLP,2732
61,93,821,1971,919,0,2.304817,-1.885431,DEU,GTM,2732
77,93,821,1971,1148,0,1.7299959999999999,1.562786,FRA,GTM,2732
197,93,821,1971,0,51857,0.807056,0.476688,SLV,GTM,2732
231,93,821,1971,10109,0,1.873357,1.848336,USA,GTM,2732
169,99,821,1971,0,34895,0.641183,-0.062375,PAN,HND,2732
231,99,821,1971,1335,0,1.873357,1.848336,USA,HND,2732
61,101,821,1971,1742,0,2.304817,-1.885431,DEU,HTI,2732
231,101,821,1971,2577,0,1.873357,1.848336,USA,HTI,2732
30,106,821,1971,0,1223,0.637919,0.031731999999999996,BMU,IRL,2732
61,106,821,1971,3928,0,2.304817,-1.885431,DEU,IRL,2732
81,106,821,1971,132338,874606,2.1646669999999997,0.034970999999999995,GBR,IRL,2732
162,106,821,1971,1035,0,1.3564690000000001,2.749828,NLD,IRL,2732
231,106,821,1971,0,1827,1.873357,1.848336,USA,IRL,2732
250,106,821,1971,1068,0,0.740793,0.11133,ANS,IRL,2732
81,112,821,1971,14131,0,2.1646669999999997,0.034970999999999995,GBR,JAM,2732
169,112,821,1971,0,10085,0.641183,-0.062375,PAN,JAM,2732
231,112,821,1971,13741,850534,1.873357,1.848336,USA,JAM,2732
14,121,821,1971,42431,0,0.019735,0.02329,AUS,KOR,2732
114,121,821,1971,51007,96868,1.862756,2.170372,JPN,KOR,2732
138,121,821,1971,305043,0,0.694692,1.631725,MEX,KOR,2732
174,121,821,1971,0,5355,-0.39003899999999997,-0.709147,PHL,KOR,2732
231,121,821,1971,19165,0,1.873357,1.848336,USA,KOR,2732
239,121,821,1971,0,71759,0.07082100000000001,-0.296412,VNM,KOR,2732
58,126,821,1971,5117,0,0.266353,-0.404526,CYP,LBY,2732
61,126,821,1971,2915,0,2.304817,-1.885431,DEU,LBY,2732
81,126,821,1971,4224,0,2.1646669999999997,0.034970999999999995,GBR,LBY,2732
90,126,821,1971,1187,0,0.373161,0.153613,GRC,LBY,2732
111,126,821,1971,14792,0,2.039661,1.10519,ITA,LBY,2732
124,126,821,1971,17811,0,0.6515989999999999,1.542378,LBN,LBY,2732
231,126,821,1971,5514,0,1.873357,1.848336,USA,LBY,2732
245,126,821,1971,2631,0,1.106614,2.43735,YUG,LBY,2732
14,138,821,1971,0,19665,0.019735,0.02329,AUS,MEX,2732
39,138,821,1971,0,330441,0.543049,0.772374,CAN,MEX,2732
61,138,821,1971,1460,0,2.304817,-1.885431,DEU,MEX,2732
97,138,821,1971,0,86355,1.4643760000000001,1.159238,HKG,MEX,2732
111,138,821,1971,5051,0,2.039661,1.10519,ITA,MEX,2732
114,138,821,1971,0,290455,1.862756,2.170372,JPN,MEX,2732
121,138,821,1971,0,305043,0.804658,0.44236899999999996,KOR,MEX,2732
169,138,821,1971,0,7128,0.641183,-0.062375,PAN,MEX,2732
174,138,821,1971,0,2537,-0.39003899999999997,-0.709147,PHL,MEX,2732
222,138,821,1971,0,1926,0.6038479999999999,-0.19159,TTO,MEX,2732
230,138,821,1971,0,2497,0.24810300000000002,-0.16614600000000002,URY,MEX,2732
231,138,821,1971,673516,1823734,1.873357,1.848336,USA,MEX,2732
249,138,821,1971,0,397101,1.123146,1.440067,TWN,MEX,2732
81,142,821,1971,8911,0,2.1646669999999997,0.034970999999999995,GBR,MLT,2732
111,142,821,1971,2495,0,2.039661,1.10519,ITA,MLT,2732
77,150,821,1971,1449,0,1.7299959999999999,1.562786,FRA,MTQ,2732
52,160,821,1971,1240,439049,0.9643510000000001,0.613066,CRI,NIC,2732
61,160,821,1971,934,0,2.304817,-1.885431,DEU,NIC,2732
81,160,821,1971,9361,0,2.1646669999999997,0.034970999999999995,GBR,NIC,2732
231,160,821,1971,1446,0,1.873357,1.848336,USA,NIC,2732
52,169,821,1971,10421,0,0.9643510000000001,0.613066,CRI,PAN,2732
61,169,821,1971,5732,0,2.304817,-1.885431,DEU,PAN,2732
81,169,821,1971,1374,0,2.1646669999999997,0.034970999999999995,GBR,PAN,2732
99,169,821,1971,34895,0,-0.47721,-0.841176,HND,PAN,2732
111,169,821,1971,2754,0,2.039661,1.10519,ITA,PAN,2732
112,169,821,1971,10085,0,0.283952,-0.541592,JAM,PAN,2732
138,169,821,1971,7128,0,0.694692,1.631725,MEX,PAN,2732
231,169,821,1971,34260,0,1.873357,1.848336,USA,PAN,2732
197,172,821,1971,1088,0,0.807056,0.476688,SLV,PCZ,2732
61,173,821,1971,17037,0,2.304817,-1.885431,DEU,PER,2732
114,173,821,1971,2311,0,1.862756,2.170372,JPN,PER,2732
231,173,821,1971,21334,0,1.873357,1.848336,USA,PER,2732
14,174,821,1971,170974,0,0.019735,0.02329,AUS,PHL,2732
61,174,821,1971,108771,0,2.304817,-1.885431,DEU,PHL,2732
64,174,821,1971,2769,0,1.5224870000000001,2.45498,DNK,PHL,2732
71,174,821,1971,5358,0,0.9618040000000001,1.789808,ESP,PHL,2732
111,174,821,1971,3768,0,2.039661,1.10519,ITA,PHL,2732
114,174,821,1971,29039,0,1.862756,2.170372,JPN,PHL,2732
121,174,821,1971,5355,0,0.804658,0.44236899999999996,KOR,PHL,2732
138,174,821,1971,2537,0,0.694692,1.631725,MEX,PHL,2732
192,174,821,1971,2308,29430,0.540057,0.9167700000000001,SGP,PHL,2732
231,174,821,1971,14376,0,1.873357,1.848336,USA,PHL,2732
239,174,821,1971,0,18528,0.07082100000000001,-0.296412,VNM,PHL,2732
249,174,821,1971,2554,0,1.123146,1.440067,TWN,PHL,2732
8,180,821,1971,2759,0,0.0024230000000000002,0.084024,ARG,PRY,2732
77,191,821,1971,1441,0,1.7299959999999999,1.562786,FRA,SEN,2732
134,191,821,1971,34502,0,-0.016735,-0.41776599999999997,MAR,SEN,2732
61,197,821,1971,1816,0,2.304817,-1.885431,DEU,SLV,2732
81,197,821,1971,2138,0,2.1646669999999997,0.034970999999999995,GBR,SLV,2732
93,197,821,1971,51857,0,0.513422,0.31249099999999996,GTM,SLV,2732
172,197,821,1971,0,1088,1.19222,0.871878,PCZ,SLV,2732
231,197,821,1971,6831,0,1.873357,1.848336,USA,SLV,2732
65,205,821,1971,240063,0,-0.236627,-0.716432,DOM,SUR,2732
162,205,821,1971,1078,0,1.3564690000000001,2.749828,NLD,SUR,2732
236,205,821,1971,6863,0,-0.9655290000000001,-0.651151,VEN,SUR,2732
77,215,821,1971,31746,0,1.7299959999999999,1.562786,FRA,TGO,2732
83,215,821,1971,1994,0,-0.948254,-0.880582,GHA,TGO,2732
8,230,821,1971,175216,0,0.0024230000000000002,0.084024,ARG,URY,2732
61,230,821,1971,1926,0,2.304817,-1.885431,DEU,URY,2732
138,230,821,1971,2497,0,0.694692,1.631725,MEX,URY,2732
231,230,821,1971,2105,0,1.873357,1.848336,USA,URY,2732
231,238,821,1971,31780,0,1.873357,1.848336,USA,VIR,2732
81,24,821,1971,7856,0,2.1646669999999997,0.034970999999999995,GBR,BHR,2732
122,24,821,1971,0,44,-0.589441,-0.5007699999999999,KWT,BHR,2732
81,113,821,1971,1224,0,2.1646669999999997,0.034970999999999995,GBR,JOR,2732
124,113,821,1971,2273,0,0.6515989999999999,1.542378,LBN,JOR,2732
212,113,821,1971,3784,0,0.082847,-0.600657,SYR,JOR,2732
14,128,821,1971,53155,0,0.019735,0.02329,AUS,LKA,2732
61,128,821,1971,5570,0,2.304817,-1.885431,DEU,LKA,2732
81,128,821,1971,3747,0,2.1646669999999997,0.034970999999999995,GBR,LKA,2732
114,128,821,1971,14119,0,1.862756,2.170372,JPN,LKA,2732
168,128,821,1971,105290,0,-0.160556,-0.48263,PAK,LKA,2732
245,23,821,1971,3186,4880,1.106614,2.43735,YUG,BGR,2732
32,31,821,1971,0,25457,-0.326897,-0.229088,BRA,BOL,2732
61,31,821,1971,1763,0,2.304817,-1.885431,DEU,BOL,2732
61,58,821,1971,2970,0,2.304817,-1.885431,DEU,CYP,2732
81,58,821,1971,6211,0,2.1646669999999997,0.034970999999999995,GBR,CYP,2732
124,58,821,1971,0,1086,0.6515989999999999,1.542378,LBN,CYP,2732
126,58,821,1971,0,5117,-2.1829009999999998,-0.541129,LBY,CYP,2732
250,58,821,1971,595,0,0.740793,0.11133,ANS,CYP,2732
81,96,821,1971,5188,0,2.1646669999999997,0.034970999999999995,GBR,GUY,2732
231,96,821,1971,2169,0,1.873357,1.848336,USA,GUY,2732
14,116,821,1971,33687,0,0.019735,0.02329,AUS,KEN,2732
61,116,821,1971,4052,0,2.304817,-1.885431,DEU,KEN,2732
81,116,821,1971,29450,0,2.1646669999999997,0.034970999999999995,GBR,KEN,2732
81,125,821,1971,2225,0,2.1646669999999997,0.034970999999999995,GBR,LBR,2732
163,125,821,1971,41958,0,1.297569,1.870238,NOR,LBR,2732
231,125,821,1971,1997,0,1.873357,1.848336,USA,LBR,2732
77,148,821,1971,1238,0,1.7299959999999999,1.562786,FRA,MRT,2732
231,183,821,1971,2419,0,1.873357,1.848336,USA,QAT,2732
77,184,821,1971,50996,0,1.7299959999999999,1.562786,FRA,REU,2732
15,185,821,1971,0,2440,1.984568,0.9571209999999999,AUT,ROU,2732
61,185,821,1971,5033,90440,2.304817,-1.885431,DEU,ROU,2732
111,185,821,1971,28501,0,2.039661,1.10519,ITA,ROU,2732
245,185,821,1971,0,1384,1.106614,2.43735,YUG,ROU,2732
41,188,821,1971,1227,0,2.242028,1.9425029999999999,CHE,SAU,2732
81,188,821,1971,17122,0,2.1646669999999997,0.034970999999999995,GBR,SAU,2732
114,188,821,1971,2675,0,1.862756,2.170372,JPN,SAU,2732
122,188,821,1971,0,94004,-0.589441,-0.5007699999999999,KWT,SAU,2732
231,188,821,1971,6716,0,1.873357,1.848336,USA,SAU,2732
61,190,821,1971,2360,0,2.304817,-1.885431,DEU,SDN,2732
81,190,821,1971,7137,0,2.1646669999999997,0.034970999999999995,GBR,SDN,2732
61,212,821,1971,3006,0,2.304817,-1.885431,DEU,SYR,2732
81,212,821,1971,3188,0,2.1646669999999997,0.034970999999999995,GBR,SYR,2732
113,212,821,1971,0,3784,0.344856,-0.11885699999999999,JOR,SYR,2732
124,212,821,1971,1999,345846,0.6515989999999999,1.542378,LBN,SYR,2732
61,223,821,1971,918,0,2.304817,-1.885431,DEU,TUN,2732
77,223,821,1971,19172,0,1.7299959999999999,1.562786,FRA,TUN,2732
231,223,821,1971,997,0,1.873357,1.848336,USA,TUN,2732
61,224,821,1971,4038,0,2.304817,-1.885431,DEU,TUR,2732
64,224,821,1971,0,3755,1.5224870000000001,2.45498,DNK,TUR,2732
81,7,821,1971,14237,0,2.1646669999999997,0.034970999999999995,GBR,ARE,2732
107,7,821,1971,4076,0,-0.7509680000000001,-0.721083,IRN,ARE,2732
81,63,821,1971,3022,0,2.1646669999999997,0.034970999999999995,GBR,DMA,2732
64,73,821,1971,1356,0,1.5224870000000001,2.45498,DNK,ETH,2732
14,75,821,1971,26158,0,0.019735,0.02329,AUS,FJI,2732
166,75,821,1971,3575,0,0.188851,-0.346439,NZL,FJI,2732
43,118,821,1971,1890,0,0.551566,1.636164,CHN,KHM,2732
97,118,821,1971,1489,0,1.4643760000000001,1.159238,HKG,KHM,2732
114,118,821,1971,8162,0,1.862756,2.170372,JPN,KHM,2732
216,123,821,1971,4477,0,-0.767467,-0.557866,THA,LAO,2732
61,136,821,1971,1867,0,2.304817,-1.885431,DEU,MDG,2732
77,136,821,1971,32085,0,1.7299959999999999,1.562786,FRA,MDG,2732
61,151,821,1971,1069,0,2.304817,-1.885431,DEU,MUS,2732
81,151,821,1971,2250,0,2.1646669999999997,0.034970999999999995,GBR,MUS,2732
246,151,821,1971,5303,0,-0.285408,-0.146573,ZAF,MUS,2732
14,156,821,1971,8641,0,0.019735,0.02329,AUS,NCL,2732
77,156,821,1971,133436,0,1.7299959999999999,1.562786,FRA,NCL,2732
111,156,821,1971,6774,0,2.039661,1.10519,ITA,NCL,2732
81,167,821,1971,2133,0,2.1646669999999997,0.034970999999999995,GBR,OMN,2732
14,176,821,1971,19218,0,0.019735,0.02329,AUS,PNG,2732
81,211,821,1971,4768,0,2.1646669999999997,0.034970999999999995,GBR,SYC,2732
81,226,821,1971,9042,0,2.1646669999999997,0.034970999999999995,GBR,TZA,2732
61,227,821,1971,4014,0,2.304817,-1.885431,DEU,UGA,2732
81,227,821,1971,16006,0,2.1646669999999997,0.034970999999999995,GBR,UGA,2732
61,239,821,1971,3917,0,2.304817,-1.885431,DEU,VNM,2732
77,239,821,1971,2504,0,1.7299959999999999,1.562786,FRA,VNM,2732
103,239,821,1971,5514,0,-1.335787,-0.813966,IDN,VNM,2732
114,239,821,1971,2359,0,1.862756,2.170372,JPN,VNM,2732
121,239,821,1971,71759,0,0.804658,0.44236899999999996,KOR,VNM,2732
174,239,821,1971,18528,0,-0.39003899999999997,-0.709147,PHL,VNM,2732
192,239,821,1971,24431,0,0.540057,0.9167700000000001,SGP,VNM,2732
231,239,821,1971,1882,0,1.873357,1.848336,USA,VNM,2732
249,239,821,1971,10721,0,1.123146,1.440067,TWN,VNM,2732
81,248,821,1971,6201,0,2.1646669999999997,0.034970999999999995,GBR,ZWE,2732
77,38,821,1971,1358,0,1.7299959999999999,1.562786,FRA,CAF,2732
77,89,821,1971,3449,0,1.7299959999999999,1.562786,FRA,GNQ,2732
81,196,821,1971,1099,0,2.1646669999999997,0.034970999999999995,GBR,SLE,2732
77,157,821,1971,1515,0,1.7299959999999999,1.562786,FRA,NER,2732
71,5,821,1971,38414,0,0.9618040000000001,1.789808,ESP,AND,2732
61,14,862,1971,89771,0,2.304817,-1.885431,DEU,AUS,3224
81,14,862,1971,1415,0,2.1646669999999997,0.034970999999999995,GBR,AUS,3224
106,14,862,1971,14727,0,1.0895219999999999,1.885416,IRL,AUS,3224
162,14,862,1971,569,0,1.3564690000000001,2.749828,NLD,AUS,3224
177,14,862,1971,3604,0,0.8294520000000001,1.636849,POL,AUS,3224
41,15,862,1971,2853,0,2.242028,1.9425029999999999,CHE,AUT,3224
53,15,862,1971,6833,0,1.7241369999999998,2.76252,CSK,AUT,3224
61,15,862,1971,181772,0,2.304817,-1.885431,DEU,AUT,3224
102,15,862,1971,3304,0,0.8639760000000001,1.2125059999999999,HUN,AUT,3224
111,15,862,1971,8617,0,2.039661,1.10519,ITA,AUT,3224
177,15,862,1971,99683,0,0.8294520000000001,1.636849,POL,AUT,3224
185,15,862,1971,25059,0,1.0355299999999998,1.5666129999999998,ROU,AUT,3224
186,15,862,1971,39310,0,0.42000600000000005,0.512301,RUS,AUT,3224
61,18,862,1971,356502,0,2.304817,-1.885431,DEU,BEL,3224
71,18,862,1971,0,1493,0.9618040000000001,1.789808,ESP,BEL,3224
74,18,862,1971,1755,0,1.382261,1.410232,FIN,BEL,3224
77,18,862,1971,1536,7398,1.7299959999999999,1.562786,FRA,BEL,3224
81,18,862,1971,576,0,2.1646669999999997,0.034970999999999995,GBR,BEL,3224
111,18,862,1971,0,3077,2.039661,1.10519,ITA,BEL,3224
162,18,862,1971,261827,1528,1.3564690000000001,2.749828,NLD,BEL,3224
163,18,862,1971,2568,0,1.297569,1.870238,NOR,BEL,3224
179,18,862,1971,0,52706,0.9233389999999999,1.184635,PRT,BEL,3224
186,18,862,1971,15632,0,0.42000600000000005,0.512301,RUS,BEL,3224
25,39,862,1971,0,555,0.356122,-0.181398,BHS,CAN,3224
30,39,862,1971,0,3563,0.637919,0.031731999999999996,BMU,CAN,3224
61,39,862,1971,1394,0,2.304817,-1.885431,DEU,CAN,3224
81,39,862,1971,3132,0,2.1646669999999997,0.034970999999999995,GBR,CAN,3224
114,39,862,1971,650,681,1.862756,2.170372,JPN,CAN,3224
231,39,862,1971,2144,7157068,1.873357,1.848336,USA,CAN,3224
15,41,862,1971,0,2853,1.984568,0.9571209999999999,AUT,CHE,3224
61,41,862,1971,1006590,977,2.304817,-1.885431,DEU,CHE,3224
64,41,862,1971,1059,0,1.5224870000000001,2.45498,DNK,CHE,3224
77,41,862,1971,1981,2402,1.7299959999999999,1.562786,FRA,CHE,3224
102,41,862,1971,982,0,0.8639760000000001,1.2125059999999999,HUN,CHE,3224
111,41,862,1971,568,0,2.039661,1.10519,ITA,CHE,3224
162,41,862,1971,4937,0,1.3564690000000001,2.749828,NLD,CHE,3224
177,41,862,1971,90814,0,0.8294520000000001,1.636849,POL,CHE,3224
186,41,862,1971,6131,0,0.42000600000000005,0.512301,RUS,CHE,3224
208,41,862,1971,6236,0,2.190846,2.570859,SWE,CHE,3224
15,53,862,1971,0,6833,1.984568,0.9571209999999999,AUT,CSK,3224
61,53,862,1971,0,1019,2.304817,-1.885431,DEU,CSK,3224
111,53,862,1971,0,8997,2.039661,1.10519,ITA,CSK,3224
8,61,862,1971,0,8529,0.0024230000000000002,0.084024,ARG,DEU,3224
14,61,862,1971,0,89771,0.019735,0.02329,AUS,DEU,3224
15,61,862,1971,0,181772,1.984568,0.9571209999999999,AUT,DEU,3224
18,61,862,1971,0,356502,1.495689,2.262083,BEL,DEU,3224
30,61,862,1971,0,1468,0.637919,0.031731999999999996,BMU,DEU,3224
39,61,862,1971,0,1394,0.543049,0.772374,CAN,DEU,3224
41,61,862,1971,977,1006590,2.242028,1.9425029999999999,CHE,DEU,3224
42,61,862,1971,0,1493,-0.231579,-0.6383479999999999,CHL,DEU,3224
53,61,862,1971,1019,0,1.7241369999999998,2.76252,CSK,DEU,3224
58,61,862,1971,0,990,0.266353,-0.404526,CYP,DEU,3224
64,61,862,1971,17310,5013,1.5224870000000001,2.45498,DNK,DEU,3224
68,61,862,1971,0,45429,0.192492,-0.374212,EGY,DEU,3224
71,61,862,1971,0,19139,0.9618040000000001,1.789808,ESP,DEU,3224
77,61,862,1971,32517,784549,1.7299959999999999,1.562786,FRA,DEU,3224
81,61,862,1971,0,494,2.1646669999999997,0.034970999999999995,GBR,DEU,3224
107,61,862,1971,0,999,-0.7509680000000001,-0.721083,IRN,DEU,3224
110,61,862,1971,0,6631,0.8357530000000001,0.8589479999999999,ISR,DEU,3224
111,61,862,1971,0,287113,2.039661,1.10519,ITA,DEU,3224
124,61,862,1971,0,669,0.6515989999999999,1.542378,LBN,DEU,3224
134,61,862,1971,0,498,-0.016735,-0.41776599999999997,MAR,DEU,3224
142,61,862,1971,0,459,1.567812,1.889177,MLT,DEU,3224
162,61,862,1971,68584,831494,1.3564690000000001,2.749828,NLD,DEU,3224
177,61,862,1971,143137,0,0.8294520000000001,1.636849,POL,DEU,3224
179,61,862,1971,0,4011,0.9233389999999999,1.184635,PRT,DEU,3224
186,61,862,1971,16099,0,0.42000600000000005,0.512301,RUS,DEU,3224
208,61,862,1971,1045,502,2.190846,2.570859,SWE,DEU,3224
223,61,862,1971,0,918,-0.28817,-0.6084189999999999,TUN,DEU,3224
231,61,862,1971,0,183031,1.873357,1.848336,USA,DEU,3224
238,61,862,1971,0,2921,0.806248,-0.070153,VIR,DEU,3224
245,61,862,1971,0,11125,1.106614,2.43735,YUG,DEU,3224
246,61,862,1971,0,4516,-0.285408,-0.146573,ZAF,DEU,3224
250,61,862,1971,0,310412,0.740793,0.11133,ANS,DEU,3224
8,64,862,1971,0,709,0.0024230000000000002,0.084024,ARG,DNK,3224
41,64,862,1971,0,1059,2.242028,1.9425029999999999,CHE,DNK,3224
61,64,862,1971,5013,17310,2.304817,-1.885431,DEU,DNK,3224
68,64,862,1971,0,15460,0.192492,-0.374212,EGY,DNK,3224
74,64,862,1971,9207,0,1.382261,1.410232,FIN,DNK,3224
77,64,862,1971,0,958,1.7299959999999999,1.562786,FRA,DNK,3224
111,64,862,1971,0,512,2.039661,1.10519,ITA,DNK,3224
114,64,862,1971,0,14561,1.862756,2.170372,JPN,DNK,3224
163,64,862,1971,548,1051,1.297569,1.870238,NOR,DNK,3224
208,64,862,1971,313086,0,2.190846,2.570859,SWE,DNK,3224
231,64,862,1971,0,681,1.873357,1.848336,USA,DNK,3224
18,77,862,1971,7398,1536,1.495689,2.262083,BEL,FRA,3224
41,77,862,1971,2402,1981,2.242028,1.9425029999999999,CHE,FRA,3224
61,77,862,1971,784549,32517,2.304817,-1.885431,DEU,FRA,3224
64,77,862,1971,958,0,1.5224870000000001,2.45498,DNK,FRA,3224
74,77,862,1971,13617,0,1.382261,1.410232,FIN,FRA,3224
110,77,862,1971,0,1384,0.8357530000000001,0.8589479999999999,ISR,FRA,3224
111,77,862,1971,0,1177,2.039661,1.10519,ITA,FRA,3224
126,77,862,1971,0,2061,-2.1829009999999998,-0.541129,LBY,FRA,3224
156,77,862,1971,0,543,-0.714832,-0.24088400000000001,NCL,FRA,3224
162,77,862,1971,233290,0,1.3564690000000001,2.749828,NLD,FRA,3224
177,77,862,1971,149627,0,0.8294520000000001,1.636849,POL,FRA,3224
191,77,862,1971,0,540,-0.100347,-0.469422,SEN,FRA,3224
14,81,862,1971,0,1415,0.019735,0.02329,AUS,GBR,3224
18,81,862,1971,0,576,1.495689,2.262083,BEL,GBR,3224
30,81,862,1971,0,3373,0.637919,0.031731999999999996,BMU,GBR,3224
39,81,862,1971,0,3132,0.543049,0.772374,CAN,GBR,3224
61,81,862,1971,494,0,2.304817,-1.885431,DEU,GBR,3224
71,81,862,1971,0,4161,0.9618040000000001,1.789808,ESP,GBR,3224
74,81,862,1971,122979,0,1.382261,1.410232,FIN,GBR,3224
97,81,862,1971,0,764,1.4643760000000001,1.159238,HKG,GBR,3224
106,81,862,1971,1985350,1595,1.0895219999999999,1.885416,IRL,GBR,3224
111,81,862,1971,0,660,2.039661,1.10519,ITA,GBR,3224
114,81,862,1971,0,2680,1.862756,2.170372,JPN,GBR,3224
142,81,862,1971,0,1002,1.567812,1.889177,MLT,GBR,3224
152,81,862,1971,0,1468,-0.435749,-0.6851649999999999,MWI,GBR,3224
166,81,862,1971,0,1353,0.188851,-0.346439,NZL,GBR,3224
186,81,862,1971,8155,0,0.42000600000000005,0.512301,RUS,GBR,3224
208,81,862,1971,28876,0,2.190846,2.570859,SWE,GBR,3224
231,81,862,1971,4729,1833,1.873357,1.848336,USA,GBR,3224
74,90,862,1971,2723,0,1.382261,1.410232,FIN,GRC,3224
208,90,862,1971,569,0,2.190846,2.570859,SWE,GRC,3224
81,97,862,1971,764,0,2.1646669999999997,0.034970999999999995,GBR,HKG,3224
106,97,862,1971,600,0,1.0895219999999999,1.885416,IRL,HKG,3224
162,97,862,1971,791,0,1.3564690000000001,2.749828,NLD,HKG,3224
61,107,862,1971,999,0,2.304817,-1.885431,DEU,IRN,3224
74,107,862,1971,1143,0,1.382261,1.410232,FIN,IRN,3224
15,111,862,1971,0,8617,1.984568,0.9571209999999999,AUT,ITA,3224
18,111,862,1971,3077,0,1.495689,2.262083,BEL,ITA,3224
41,111,862,1971,0,568,2.242028,1.9425029999999999,CHE,ITA,3224
53,111,862,1971,8997,0,1.7241369999999998,2.76252,CSK,ITA,3224
61,111,862,1971,287113,0,2.304817,-1.885431,DEU,ITA,3224
64,111,862,1971,512,0,1.5224870000000001,2.45498,DNK,ITA,3224
74,111,862,1971,28606,0,1.382261,1.410232,FIN,ITA,3224
77,111,862,1971,1177,0,1.7299959999999999,1.562786,FRA,ITA,3224
81,111,862,1971,660,0,2.1646669999999997,0.034970999999999995,GBR,ITA,3224
102,111,862,1971,4375,0,0.8639760000000001,1.2125059999999999,HUN,ITA,3224
142,111,862,1971,737,0,1.567812,1.889177,MLT,ITA,3224
162,111,862,1971,10014,0,1.3564690000000001,2.749828,NLD,ITA,3224
168,111,862,1971,29761,0,-0.160556,-0.48263,PAK,ITA,3224
177,111,862,1971,34618,0,0.8294520000000001,1.636849,POL,ITA,3224
185,111,862,1971,13200,0,1.0355299999999998,1.5666129999999998,ROU,ITA,3224
186,111,862,1971,14032,0,0.42000600000000005,0.512301,RUS,ITA,3224
208,111,862,1971,54269,0,2.190846,2.570859,SWE,ITA,3224
39,114,862,1971,681,650,0.543049,0.772374,CAN,JPN,3224
64,114,862,1971,14561,0,1.5224870000000001,2.45498,DNK,JPN,3224
74,114,862,1971,8378,0,1.382261,1.410232,FIN,JPN,3224
81,114,862,1971,2680,0,2.1646669999999997,0.034970999999999995,GBR,JPN,3224
186,114,862,1971,19480,0,0.42000600000000005,0.512301,RUS,JPN,3224
208,114,862,1971,618,0,2.190846,2.570859,SWE,JPN,3224
249,114,862,1971,0,3017,1.123146,1.440067,TWN,JPN,3224
61,124,862,1971,669,0,2.304817,-1.885431,DEU,LBN,3224
74,124,862,1971,1242,0,1.382261,1.410232,FIN,LBN,3224
106,124,862,1971,689,0,1.0895219999999999,1.885416,IRL,LBN,3224
185,124,862,1971,2061,0,1.0355299999999998,1.5666129999999998,ROU,LBN,3224
8,162,862,1971,0,6139,0.0024230000000000002,0.084024,ARG,NLD,3224
14,162,862,1971,0,569,0.019735,0.02329,AUS,NLD,3224
18,162,862,1971,1528,261827,1.495689,2.262083,BEL,NLD,3224
41,162,862,1971,0,4937,2.242028,1.9425029999999999,CHE,NLD,3224
61,162,862,1971,831494,68584,2.304817,-1.885431,DEU,NLD,3224
70,162,862,1971,0,1073,0.474017,-0.278938,ESH,NLD,3224
71,162,862,1971,0,2868,0.9618040000000001,1.789808,ESP,NLD,3224
74,162,862,1971,52331,0,1.382261,1.410232,FIN,NLD,3224
77,162,862,1971,0,233290,1.7299959999999999,1.562786,FRA,NLD,3224
97,162,862,1971,0,791,1.4643760000000001,1.159238,HKG,NLD,3224
110,162,862,1971,0,783,0.8357530000000001,0.8589479999999999,ISR,NLD,3224
111,162,862,1971,0,10014,2.039661,1.10519,ITA,NLD,3224
134,162,862,1971,0,3312,-0.016735,-0.41776599999999997,MAR,NLD,3224
177,162,862,1971,1767,0,0.8294520000000001,1.636849,POL,NLD,3224
186,162,862,1971,4143,0,0.42000600000000005,0.512301,RUS,NLD,3224
208,162,862,1971,2935,0,2.190846,2.570859,SWE,NLD,3224
231,162,862,1971,0,610,1.873357,1.848336,USA,NLD,3224
246,162,862,1971,0,1056,-0.285408,-0.146573,ZAF,NLD,3224
18,163,862,1971,0,2568,1.495689,2.262083,BEL,NOR,3224
64,163,862,1971,1051,548,1.5224870000000001,2.45498,DNK,NOR,3224
74,163,862,1971,8768,0,1.382261,1.410232,FIN,NOR,3224
186,163,862,1971,10531,0,0.42000600000000005,0.512301,RUS,NOR,3224
208,163,862,1971,180763,0,2.190846,2.570859,SWE,NOR,3224
111,168,862,1971,0,29761,2.039661,1.10519,ITA,PAK,3224
15,186,862,1971,0,39310,1.984568,0.9571209999999999,AUT,RUS,3224
18,186,862,1971,0,15632,1.495689,2.262083,BEL,RUS,3224
41,186,862,1971,0,6131,2.242028,1.9425029999999999,CHE,RUS,3224
61,186,862,1971,0,16099,2.304817,-1.885431,DEU,RUS,3224
81,186,862,1971,0,8155,2.1646669999999997,0.034970999999999995,GBR,RUS,3224
111,186,862,1971,0,14032,2.039661,1.10519,ITA,RUS,3224
114,186,862,1971,0,19480,1.862756,2.170372,JPN,RUS,3224
162,186,862,1971,0,4143,1.3564690000000001,2.749828,NLD,RUS,3224
163,186,862,1971,0,10531,1.297569,1.870238,NOR,RUS,3224
8,208,862,1971,0,2932,0.0024230000000000002,0.084024,ARG,SWE,3224
25,208,862,1971,0,3119,0.356122,-0.181398,BHS,SWE,3224
41,208,862,1971,0,6236,2.242028,1.9425029999999999,CHE,SWE,3224
58,208,862,1971,0,827,0.266353,-0.404526,CYP,SWE,3224
61,208,862,1971,502,1045,2.304817,-1.885431,DEU,SWE,3224
64,208,862,1971,0,313086,1.5224870000000001,2.45498,DNK,SWE,3224
71,208,862,1971,0,23487,0.9618040000000001,1.789808,ESP,SWE,3224
74,208,862,1971,52174,0,1.382261,1.410232,FIN,SWE,3224
81,208,862,1971,0,28876,2.1646669999999997,0.034970999999999995,GBR,SWE,3224
90,208,862,1971,0,569,0.373161,0.153613,GRC,SWE,3224
110,208,862,1971,0,4645,0.8357530000000001,0.8589479999999999,ISR,SWE,3224
111,208,862,1971,0,54269,2.039661,1.10519,ITA,SWE,3224
114,208,862,1971,0,618,1.862756,2.170372,JPN,SWE,3224
142,208,862,1971,0,2714,1.567812,1.889177,MLT,SWE,3224
162,208,862,1971,0,2935,1.3564690000000001,2.749828,NLD,SWE,3224
163,208,862,1971,0,180763,1.297569,1.870238,NOR,SWE,3224
179,208,862,1971,0,579,0.9233389999999999,1.184635,PRT,SWE,3224
231,208,862,1971,0,10320,1.873357,1.848336,USA,SWE,3224
236,208,862,1971,0,1177,-0.9655290000000001,-0.651151,VEN,SWE,3224
249,216,862,1971,2159,0,1.123146,1.440067,TWN,THA,3224
30,231,862,1971,0,3321,0.637919,0.031731999999999996,BMU,USA,3224
39,231,862,1971,7157068,2144,0.543049,0.772374,CAN,USA,3224
61,231,862,1971,183031,0,2.304817,-1.885431,DEU,USA,3224
64,231,862,1971,681,0,1.5224870000000001,2.45498,DNK,USA,3224
81,231,862,1971,1833,4729,2.1646669999999997,0.034970999999999995,GBR,USA,3224
99,231,862,1971,0,2190,-0.47721,-0.841176,HND,USA,3224
106,231,862,1971,6164,0,1.0895219999999999,1.885416,IRL,USA,3224
138,231,862,1971,1993,6828,0.694692,1.631725,MEX,USA,3224
162,231,862,1971,610,0,1.3564690000000001,2.749828,NLD,USA,3224
177,231,862,1971,54227,0,0.8294520000000001,1.636849,POL,USA,3224
208,231,862,1971,10320,0,2.190846,2.570859,SWE,USA,3224
114,249,862,1971,3017,0,1.862756,2.170372,JPN,TWN,3224
216,249,862,1971,0,2159,-0.767467,-0.557866,THA,TWN,3224
61,250,862,1971,310412,0,2.304817,-1.885431,DEU,ANS,3224
74,250,862,1971,833,0,1.382261,1.410232,FIN,ANS,3224
110,250,862,1971,0,2650,0.8357530000000001,0.8589479999999999,ISR,ANS,3224
18,71,862,1971,1493,0,1.495689,2.262083,BEL,ESP,3224
61,71,862,1971,19139,0,2.304817,-1.885431,DEU,ESP,3224
74,71,862,1971,5656,0,1.382261,1.410232,FIN,ESP,3224
81,71,862,1971,4161,0,2.1646669999999997,0.034970999999999995,GBR,ESP,3224
106,71,862,1971,36674,0,1.0895219999999999,1.885416,IRL,ESP,3224
136,71,862,1971,882,0,-0.819129,-0.765004,MDG,ESP,3224
162,71,862,1971,2868,0,1.3564690000000001,2.749828,NLD,ESP,3224
177,71,862,1971,3108,0,0.8294520000000001,1.636849,POL,ESP,3224
179,71,862,1971,0,1443,0.9233389999999999,1.184635,PRT,ESP,3224
208,71,862,1971,23487,0,2.190846,2.570859,SWE,ESP,3224
18,74,862,1971,0,1755,1.495689,2.262083,BEL,FIN,3224
64,74,862,1971,0,9207,1.5224870000000001,2.45498,DNK,FIN,3224
71,74,862,1971,0,5656,0.9618040000000001,1.789808,ESP,FIN,3224
77,74,862,1971,0,13617,1.7299959999999999,1.562786,FRA,FIN,3224
81,74,862,1971,0,122979,2.1646669999999997,0.034970999999999995,GBR,FIN,3224
90,74,862,1971,0,2723,0.373161,0.153613,GRC,FIN,3224
107,74,862,1971,0,1143,-0.7509680000000001,-0.721083,IRN,FIN,3224
110,74,862,1971,0,1268,0.8357530000000001,0.8589479999999999,ISR,FIN,3224
111,74,862,1971,0,28606,2.039661,1.10519,ITA,FIN,3224
114,74,862,1971,0,8378,1.862756,2.170372,JPN,FIN,3224
124,74,862,1971,0,1242,0.6515989999999999,1.542378,LBN,FIN,3224
134,74,862,1971,0,1664,-0.016735,-0.41776599999999997,MAR,FIN,3224
162,74,862,1971,0,52331,1.3564690000000001,2.749828,NLD,FIN,3224
163,74,862,1971,0,8768,1.297569,1.870238,NOR,FIN,3224
179,74,862,1971,0,642,0.9233389999999999,1.184635,PRT,FIN,3224
208,74,862,1971,0,52174,2.190846,2.570859,SWE,FIN,3224
250,74,862,1971,0,833,0.740793,0.11133,ANS,FIN,3224
23,110,862,1971,752,0,0.65271,1.027758,BGR,ISR,3224
61,110,862,1971,6631,0,2.304817,-1.885431,DEU,ISR,3224
74,110,862,1971,1268,0,1.382261,1.410232,FIN,ISR,3224
77,110,862,1971,1384,0,1.7299959999999999,1.562786,FRA,ISR,3224
162,110,862,1971,783,0,1.3564690000000001,2.749828,NLD,ISR,3224
208,110,862,1971,4645,0,2.190846,2.570859,SWE,ISR,3224
250,110,862,1971,2650,0,0.740793,0.11133,ANS,ISR,3224
81,166,862,1971,1353,0,2.1646669999999997,0.034970999999999995,GBR,NZL,3224
106,166,862,1971,1240,0,1.0895219999999999,1.885416,IRL,NZL,3224
8,177,862,1971,0,513,0.0024230000000000002,0.084024,ARG,POL,3224
14,177,862,1971,0,3604,0.019735,0.02329,AUS,POL,3224
15,177,862,1971,0,99683,1.984568,0.9571209999999999,AUT,POL,3224
41,177,862,1971,0,90814,2.242028,1.9425029999999999,CHE,POL,3224
61,177,862,1971,0,143137,2.304817,-1.885431,DEU,POL,3224
71,177,862,1971,0,3108,0.9618040000000001,1.789808,ESP,POL,3224
77,177,862,1971,0,149627,1.7299959999999999,1.562786,FRA,POL,3224
111,177,862,1971,0,34618,2.039661,1.10519,ITA,POL,3224
162,177,862,1971,0,1767,1.3564690000000001,2.749828,NLD,POL,3224
231,177,862,1971,0,54227,1.873357,1.848336,USA,POL,3224
245,177,862,1971,0,48774,1.106614,2.43735,YUG,POL,3224
18,179,862,1971,52706,0,1.495689,2.262083,BEL,PRT,3224
61,179,862,1971,4011,0,2.304817,-1.885431,DEU,PRT,3224
71,179,862,1971,1443,0,0.9618040000000001,1.789808,ESP,PRT,3224
74,179,862,1971,642,0,1.382261,1.410232,FIN,PRT,3224
208,179,862,1971,579,0,2.190846,2.570859,SWE,PRT,3224
106,222,862,1971,621,0,1.0895219999999999,1.885416,IRL,TTO,3224
208,236,862,1971,1177,0,2.190846,2.570859,SWE,VEN,3224
61,246,862,1971,4516,0,2.304817,-1.885431,DEU,ZAF,3224
106,246,862,1971,2032,0,1.0895219999999999,1.885416,IRL,ZAF,3224
162,246,862,1971,1056,0,1.3564690000000001,2.749828,NLD,ZAF,3224
61,68,862,1971,45429,0,2.304817,-1.885431,DEU,EGY,3224
64,68,862,1971,15460,0,1.5224870000000001,2.45498,DNK,EGY,3224
15,102,862,1971,0,3304,1.984568,0.9571209999999999,AUT,HUN,3224
41,102,862,1971,0,982,2.242028,1.9425029999999999,CHE,HUN,3224
111,102,862,1971,0,4375,2.039661,1.10519,ITA,HUN,3224
245,102,862,1971,0,10155,1.106614,2.43735,YUG,HUN,3224
61,134,862,1971,498,0,2.304817,-1.885431,DEU,MAR,3224
74,134,862,1971,1664,0,1.382261,1.410232,FIN,MAR,3224
162,134,862,1971,3312,0,1.3564690000000001,2.749828,NLD,MAR,3224
61,245,862,1971,11125,0,2.304817,-1.885431,DEU,YUG,3224
102,245,862,1971,10155,0,0.8639760000000001,1.2125059999999999,HUN,YUG,3224
177,245,862,1971,48774,0,0.8294520000000001,1.636849,POL,YUG,3224
61,8,862,1971,8529,0,2.304817,-1.885431,DEU,ARG,3224
64,8,862,1971,709,0,1.5224870000000001,2.45498,DNK,ARG,3224
162,8,862,1971,6139,0,1.3564690000000001,2.749828,NLD,ARG,3224
177,8,862,1971,513,0,0.8294520000000001,1.636849,POL,ARG,3224
208,8,862,1971,2932,0,2.190846,2.570859,SWE,ARG,3224
39,25,862,1971,555,0,0.543049,0.772374,CAN,BHS,3224
106,25,862,1971,813,0,1.0895219999999999,1.885416,IRL,BHS,3224
208,25,862,1971,3119,0,2.190846,2.570859,SWE,BHS,3224
39,30,862,1971,3563,0,0.543049,0.772374,CAN,BMU,3224
61,30,862,1971,1468,0,2.304817,-1.885431,DEU,BMU,3224
81,30,862,1971,3373,0,2.1646669999999997,0.034970999999999995,GBR,BMU,3224
106,30,862,1971,2039,0,1.0895219999999999,1.885416,IRL,BMU,3224
231,30,862,1971,3321,0,1.873357,1.848336,USA,BMU,3224
106,33,862,1971,943,0,1.0895219999999999,1.885416,IRL,BRB,3224
61,42,862,1971,1493,0,2.304817,-1.885431,DEU,CHL,3224
231,99,862,1971,2190,0,1.873357,1.848336,USA,HND,3224
14,106,862,1971,0,14727,0.019735,0.02329,AUS,IRL,3224
25,106,862,1971,0,813,0.356122,-0.181398,BHS,IRL,3224
30,106,862,1971,0,2039,0.637919,0.031731999999999996,BMU,IRL,3224
33,106,862,1971,0,943,0.935667,0.839299,BRB,IRL,3224
58,106,862,1971,0,1160,0.266353,-0.404526,CYP,IRL,3224
71,106,862,1971,0,36674,0.9618040000000001,1.789808,ESP,IRL,3224
81,106,862,1971,1595,1985350,2.1646669999999997,0.034970999999999995,GBR,IRL,3224
97,106,862,1971,0,600,1.4643760000000001,1.159238,HKG,IRL,3224
124,106,862,1971,0,689,0.6515989999999999,1.542378,LBN,IRL,3224
142,106,862,1971,0,622,1.567812,1.889177,MLT,IRL,3224
166,106,862,1971,0,1240,0.188851,-0.346439,NZL,IRL,3224
222,106,862,1971,0,621,0.6038479999999999,-0.19159,TTO,IRL,3224
231,106,862,1971,0,6164,1.873357,1.848336,USA,IRL,3224
246,106,862,1971,0,2032,-0.285408,-0.146573,ZAF,IRL,3224
77,126,862,1971,2061,0,1.7299959999999999,1.562786,FRA,LBY,3224
231,138,862,1971,6828,1993,1.873357,1.848336,USA,MEX,3224
61,142,862,1971,459,0,2.304817,-1.885431,DEU,MLT,3224
81,142,862,1971,1002,0,2.1646669999999997,0.034970999999999995,GBR,MLT,3224
106,142,862,1971,622,0,1.0895219999999999,1.885416,IRL,MLT,3224
111,142,862,1971,0,737,2.039661,1.10519,ITA,MLT,3224
208,142,862,1971,2714,0,2.190846,2.570859,SWE,MLT,3224
77,191,862,1971,540,0,1.7299959999999999,1.562786,FRA,SEN,3224
61,238,862,1971,2921,0,2.304817,-1.885431,DEU,VIR,3224
110,23,862,1971,0,752,0.8357530000000001,0.8589479999999999,ISR,BGR,3224
61,58,862,1971,990,0,2.304817,-1.885431,DEU,CYP,3224
106,58,862,1971,1160,0,1.0895219999999999,1.885416,IRL,CYP,3224
208,58,862,1971,827,0,2.190846,2.570859,SWE,CYP,3224
15,185,862,1971,0,25059,1.984568,0.9571209999999999,AUT,ROU,3224
111,185,862,1971,0,13200,2.039661,1.10519,ITA,ROU,3224
124,185,862,1971,0,2061,0.6515989999999999,1.542378,LBN,ROU,3224
61,223,862,1971,918,0,2.304817,-1.885431,DEU,TUN,3224
71,136,862,1971,0,882,0.9618040000000001,1.789808,ESP,MDG,3224
81,152,862,1971,1468,0,2.1646669999999997,0.034970999999999995,GBR,MWI,3224
248,152,862,1971,38351,0,1.131751,0.87282,ZWE,MWI,3224
77,156,862,1971,543,0,1.7299959999999999,1.562786,FRA,NCL,3224
152,248,862,1971,0,38351,-0.435749,-0.6851649999999999,MWI,ZWE,3224
162,70,862,1971,1073,0,1.3564690000000001,2.749828,NLD,ESH,3224
61,14,863,1971,89771,0,2.304817,-1.885431,DEU,AUS,3231
64,14,863,1971,0,559003,1.5224870000000001,2.45498,DNK,AUS,3231
81,14,863,1971,1415,374725,2.1646669999999997,0.034970999999999995,GBR,AUS,3231
106,14,863,1971,14727,0,1.0895219999999999,1.885416,IRL,AUS,3231
111,14,863,1971,0,217788,2.039661,1.10519,ITA,AUS,3231
114,14,863,1971,0,1136202,1.862756,2.170372,JPN,AUS,3231
128,14,863,1971,0,2988,-1.144836,-0.753853,LKA,AUS,3231
162,14,863,1971,569,0,1.3564690000000001,2.749828,NLD,AUS,3231
166,14,863,1971,0,2479,0.188851,-0.346439,NZL,AUS,3231
177,14,863,1971,3604,0,0.8294520000000001,1.636849,POL,AUS,3231
192,14,863,1971,7469,14603,0.540057,0.9167700000000001,SGP,AUS,3231
216,14,863,1971,0,2146,-0.767467,-0.557866,THA,AUS,3231
231,14,863,1971,4989,0,1.873357,1.848336,USA,AUS,3231
18,15,863,1971,1626,0,1.495689,2.262083,BEL,AUT,3231
41,15,863,1971,2853,0,2.242028,1.9425029999999999,CHE,AUT,3231
53,15,863,1971,253473,0,1.7241369999999998,2.76252,CSK,AUT,3231
61,15,863,1971,4679370,31549,2.304817,-1.885431,DEU,AUT,3231
64,15,863,1971,0,4336,1.5224870000000001,2.45498,DNK,AUT,3231
102,15,863,1971,187515,0,0.8639760000000001,1.2125059999999999,HUN,AUT,3231
111,15,863,1971,8617,8247,2.039661,1.10519,ITA,AUT,3231
162,15,863,1971,224401,0,1.3564690000000001,2.749828,NLD,AUT,3231
177,15,863,1971,111410,0,0.8294520000000001,1.636849,POL,AUT,3231
185,15,863,1971,25059,0,1.0355299999999998,1.5666129999999998,ROU,AUT,3231
186,15,863,1971,39310,0,0.42000600000000005,0.512301,RUS,AUT,3231
245,15,863,1971,459913,1734,1.106614,2.43735,YUG,AUT,3231
8,18,863,1971,0,31023,0.0024230000000000002,0.084024,ARG,BEL,3231
15,18,863,1971,0,1626,1.984568,0.9571209999999999,AUT,BEL,3231
41,18,863,1971,0,10903,2.242028,1.9425029999999999,CHE,BEL,3231
46,18,863,1971,0,59453,-1.16333,-0.708263,COD,BEL,3231
61,18,863,1971,1432518,37601,2.304817,-1.885431,DEU,BEL,3231
71,18,863,1971,0,1493,0.9618040000000001,1.789808,ESP,BEL,3231
74,18,863,1971,1755,0,1.382261,1.410232,FIN,BEL,3231
77,18,863,1971,28648,1202284,1.7299959999999999,1.562786,FRA,BEL,3231
81,18,863,1971,576,306531,2.1646669999999997,0.034970999999999995,GBR,BEL,3231
106,18,863,1971,0,20641,1.0895219999999999,1.885416,IRL,BEL,3231
111,18,863,1971,0,8852,2.039661,1.10519,ITA,BEL,3231
113,18,863,1971,0,5635,0.344856,-0.11885699999999999,JOR,BEL,3231
124,18,863,1971,0,45907,0.6515989999999999,1.542378,LBN,BEL,3231
159,18,863,1971,0,7902,-1.6915639999999998,-0.8931879999999999,NGA,BEL,3231
162,18,863,1971,6514439,69347,1.3564690000000001,2.749828,NLD,BEL,3231
163,18,863,1971,2568,0,1.297569,1.870238,NOR,BEL,3231
179,18,863,1971,0,52706,0.9233389999999999,1.184635,PRT,BEL,3231
186,18,863,1971,15632,0,0.42000600000000005,0.512301,RUS,BEL,3231
212,18,863,1971,0,81765,0.082847,-0.600657,SYR,BEL,3231
244,18,863,1971,0,1746,-1.106739,-0.692533,YMD,BEL,3231
25,39,863,1971,0,555,0.356122,-0.181398,BHS,CAN,3231
30,39,863,1971,0,3563,0.637919,0.031731999999999996,BMU,CAN,3231
61,39,863,1971,1394,0,2.304817,-1.885431,DEU,CAN,3231
81,39,863,1971,3132,0,2.1646669999999997,0.034970999999999995,GBR,CAN,3231
114,39,863,1971,650,681,1.862756,2.170372,JPN,CAN,3231
163,39,863,1971,0,1013,1.297569,1.870238,NOR,CAN,3231
192,39,863,1971,0,711,0.540057,0.9167700000000001,SGP,CAN,3231
231,39,863,1971,491161,7917636,1.873357,1.848336,USA,CAN,3231
15,41,863,1971,0,2853,1.984568,0.9571209999999999,AUT,CHE,3231
18,41,863,1971,10903,0,1.495689,2.262083,BEL,CHE,3231
61,41,863,1971,2582186,977,2.304817,-1.885431,DEU,CHE,3231
64,41,863,1971,1059,0,1.5224870000000001,2.45498,DNK,CHE,3231
77,41,863,1971,171148,2402,1.7299959999999999,1.562786,FRA,CHE,3231
102,41,863,1971,982,0,0.8639760000000001,1.2125059999999999,HUN,CHE,3231
111,41,863,1971,568,0,2.039661,1.10519,ITA,CHE,3231
162,41,863,1971,105589,0,1.3564690000000001,2.749828,NLD,CHE,3231
177,41,863,1971,90814,0,0.8294520000000001,1.636849,POL,CHE,3231
186,41,863,1971,6131,0,0.42000600000000005,0.512301,RUS,CHE,3231
208,41,863,1971,6236,0,2.190846,2.570859,SWE,CHE,3231
231,41,863,1971,3895,0,1.873357,1.848336,USA,CHE,3231
15,53,863,1971,0,253473,1.984568,0.9571209999999999,AUT,CSK,3231
61,53,863,1971,0,3146308,2.304817,-1.885431,DEU,CSK,3231
90,53,863,1971,0,3263,0.373161,0.153613,GRC,CSK,3231
111,53,863,1971,0,22915,2.039661,1.10519,ITA,CSK,3231
208,53,863,1971,0,16609,2.190846,2.570859,SWE,CSK,3231
8,61,863,1971,0,8529,0.0024230000000000002,0.084024,ARG,DEU,3231
14,61,863,1971,0,89771,0.019735,0.02329,AUS,DEU,3231
15,61,863,1971,31549,4679370,1.984568,0.9571209999999999,AUT,DEU,3231
18,61,863,1971,37601,1432518,1.495689,2.262083,BEL,DEU,3231
30,61,863,1971,0,1468,0.637919,0.031731999999999996,BMU,DEU,3231
31,61,863,1971,0,2491,-0.578729,-0.640841,BOL,DEU,3231
39,61,863,1971,0,1394,0.543049,0.772374,CAN,DEU,3231
41,61,863,1971,977,2582186,2.242028,1.9425029999999999,CHE,DEU,3231
42,61,863,1971,0,1493,-0.231579,-0.6383479999999999,CHL,DEU,3231
53,61,863,1971,3146308,0,1.7241369999999998,2.76252,CSK,DEU,3231
58,61,863,1971,0,990,0.266353,-0.404526,CYP,DEU,3231
64,61,863,1971,20229,14037,1.5224870000000001,2.45498,DNK,DEU,3231
68,61,863,1971,0,45429,0.192492,-0.374212,EGY,DEU,3231
71,61,863,1971,0,19139,0.9618040000000001,1.789808,ESP,DEU,3231
74,61,863,1971,0,6225,1.382261,1.410232,FIN,DEU,3231
77,61,863,1971,37574,3262338,1.7299959999999999,1.562786,FRA,DEU,3231
81,61,863,1971,0,4872436,2.1646669999999997,0.034970999999999995,GBR,DEU,3231
106,61,863,1971,0,1484,1.0895219999999999,1.885416,IRL,DEU,3231
107,61,863,1971,0,999,-0.7509680000000001,-0.721083,IRN,DEU,3231
110,61,863,1971,0,11818,0.8357530000000001,0.8589479999999999,ISR,DEU,3231
111,61,863,1971,0,1895253,2.039661,1.10519,ITA,DEU,3231
124,61,863,1971,0,669,0.6515989999999999,1.542378,LBN,DEU,3231
134,61,863,1971,0,498,-0.016735,-0.41776599999999997,MAR,DEU,3231
142,61,863,1971,0,459,1.567812,1.889177,MLT,DEU,3231
153,61,863,1971,0,1763,-0.636547,-0.648471,MYS,DEU,3231
159,61,863,1971,0,3317,-1.6915639999999998,-0.8931879999999999,NGA,DEU,3231
162,61,863,1971,3648902,1170476,1.3564690000000001,2.749828,NLD,DEU,3231
163,61,863,1971,0,2037,1.297569,1.870238,NOR,DEU,3231
177,61,863,1971,143137,0,0.8294520000000001,1.636849,POL,DEU,3231
179,61,863,1971,0,4011,0.9233389999999999,1.184635,PRT,DEU,3231
186,61,863,1971,16099,0,0.42000600000000005,0.512301,RUS,DEU,3231
192,61,863,1971,0,2259,0.540057,0.9167700000000001,SGP,DEU,3231
208,61,863,1971,1045,16918,2.190846,2.570859,SWE,DEU,3231
216,61,863,1971,0,1686,-0.767467,-0.557866,THA,DEU,3231
223,61,863,1971,0,918,-0.28817,-0.6084189999999999,TUN,DEU,3231
231,61,863,1971,10363,184738,1.873357,1.848336,USA,DEU,3231
238,61,863,1971,0,2921,0.806248,-0.070153,VIR,DEU,3231
245,61,863,1971,3466,11125,1.106614,2.43735,YUG,DEU,3231
246,61,863,1971,0,4516,-0.285408,-0.146573,ZAF,DEU,3231
250,61,863,1971,0,310412,0.740793,0.11133,ANS,DEU,3231
8,64,863,1971,0,709,0.0024230000000000002,0.084024,ARG,DNK,3231
14,64,863,1971,559003,0,0.019735,0.02329,AUS,DNK,3231
15,64,863,1971,4336,0,1.984568,0.9571209999999999,AUT,DNK,3231
41,64,863,1971,0,1059,2.242028,1.9425029999999999,CHE,DNK,3231
61,64,863,1971,14037,20229,2.304817,-1.885431,DEU,DNK,3231
68,64,863,1971,0,15460,0.192492,-0.374212,EGY,DNK,3231
74,64,863,1971,9207,0,1.382261,1.410232,FIN,DNK,3231
77,64,863,1971,0,958,1.7299959999999999,1.562786,FRA,DNK,3231
111,64,863,1971,0,512,2.039661,1.10519,ITA,DNK,3231
114,64,863,1971,0,14561,1.862756,2.170372,JPN,DNK,3231
163,64,863,1971,548,1051,1.297569,1.870238,NOR,DNK,3231
208,64,863,1971,313086,0,2.190846,2.570859,SWE,DNK,3231
231,64,863,1971,0,681,1.873357,1.848336,USA,DNK,3231
18,77,863,1971,1202284,28648,1.495689,2.262083,BEL,FRA,3231
41,77,863,1971,2402,171148,2.242028,1.9425029999999999,CHE,FRA,3231
45,77,863,1971,0,2877,-0.735506,-0.605363,CMR,FRA,3231
61,77,863,1971,3262338,37574,2.304817,-1.885431,DEU,FRA,3231
64,77,863,1971,958,0,1.5224870000000001,2.45498,DNK,FRA,3231
71,77,863,1971,0,120358,0.9618040000000001,1.789808,ESP,FRA,3231
74,77,863,1971,13617,898,1.382261,1.410232,FIN,FRA,3231
81,77,863,1971,0,3036942,2.1646669999999997,0.034970999999999995,GBR,FRA,3231
90,77,863,1971,0,11338,0.373161,0.153613,GRC,FRA,3231
97,77,863,1971,0,22127,1.4643760000000001,1.159238,HKG,FRA,3231
106,77,863,1971,0,147943,1.0895219999999999,1.885416,IRL,FRA,3231
110,77,863,1971,0,1384,0.8357530000000001,0.8589479999999999,ISR,FRA,3231
111,77,863,1971,0,680160,2.039661,1.10519,ITA,FRA,3231
126,77,863,1971,0,2061,-2.1829009999999998,-0.541129,LBY,FRA,3231
156,77,863,1971,0,543,-0.714832,-0.24088400000000001,NCL,FRA,3231
162,77,863,1971,2879452,0,1.3564690000000001,2.749828,NLD,FRA,3231
177,77,863,1971,149627,0,0.8294520000000001,1.636849,POL,FRA,3231
191,77,863,1971,0,7403,-0.100347,-0.469422,SEN,FRA,3231
214,77,863,1971,0,1340,-0.850374,-0.740183,TCD,FRA,3231
224,77,863,1971,0,92381,-0.443655,-0.521285,TUR,FRA,3231
8,81,863,1971,1349,0,0.0024230000000000002,0.084024,ARG,GBR,3231
14,81,863,1971,374725,1415,0.019735,0.02329,AUS,GBR,3231
18,81,863,1971,306531,576,1.495689,2.262083,BEL,GBR,3231
30,81,863,1971,0,3373,0.637919,0.031731999999999996,BMU,GBR,3231
39,81,863,1971,0,3132,0.543049,0.772374,CAN,GBR,3231
61,81,863,1971,4872436,0,2.304817,-1.885431,DEU,GBR,3231
71,81,863,1971,0,4161,0.9618040000000001,1.789808,ESP,GBR,3231
74,81,863,1971,122979,0,1.382261,1.410232,FIN,GBR,3231
76,81,863,1971,0,5223,-0.09144,-0.312593,FLK,GBR,3231
77,81,863,1971,3036942,0,1.7299959999999999,1.562786,FRA,GBR,3231
97,81,863,1971,0,764,1.4643760000000001,1.159238,HKG,GBR,3231
106,81,863,1971,1997898,735773,1.0895219999999999,1.885416,IRL,GBR,3231
111,81,863,1971,0,660,2.039661,1.10519,ITA,GBR,3231
112,81,863,1971,0,1724,0.283952,-0.541592,JAM,GBR,3231
114,81,863,1971,0,2680,1.862756,2.170372,JPN,GBR,3231
142,81,863,1971,0,1002,1.567812,1.889177,MLT,GBR,3231
152,81,863,1971,0,1468,-0.435749,-0.6851649999999999,MWI,GBR,3231
153,81,863,1971,0,3288,-0.636547,-0.648471,MYS,GBR,3231
159,81,863,1971,0,20647,-1.6915639999999998,-0.8931879999999999,NGA,GBR,3231
162,81,863,1971,951721,4623,1.3564690000000001,2.749828,NLD,GBR,3231
163,81,863,1971,0,3431308,1.297569,1.870238,NOR,GBR,3231
166,81,863,1971,0,1353,0.188851,-0.346439,NZL,GBR,3231
179,81,863,1971,0,15377,0.9233389999999999,1.184635,PRT,GBR,3231
186,81,863,1971,8155,0,0.42000600000000005,0.512301,RUS,GBR,3231
208,81,863,1971,28876,44219,2.190846,2.570859,SWE,GBR,3231
222,81,863,1971,0,4740,0.6038479999999999,-0.19159,TTO,GBR,3231
231,81,863,1971,27143,1833,1.873357,1.848336,USA,GBR,3231
53,90,863,1971,3263,0,1.7241369999999998,2.76252,CSK,GRC,3231
74,90,863,1971,2723,0,1.382261,1.410232,FIN,GRC,3231
77,90,863,1971,11338,0,1.7299959999999999,1.562786,FRA,GRC,3231
186,90,863,1971,277195,0,0.42000600000000005,0.512301,RUS,GRC,3231
208,90,863,1971,569,0,2.190846,2.570859,SWE,GRC,3231
77,97,863,1971,22127,0,1.7299959999999999,1.562786,FRA,HKG,3231
81,97,863,1971,764,0,2.1646669999999997,0.034970999999999995,GBR,HKG,3231
106,97,863,1971,600,0,1.0895219999999999,1.885416,IRL,HKG,3231
162,97,863,1971,791,0,1.3564690000000001,2.749828,NLD,HKG,3231
231,104,863,1971,0,3810,1.873357,1.848336,USA,IND,3231
61,107,863,1971,999,0,2.304817,-1.885431,DEU,IRN,3231
74,107,863,1971,1143,0,1.382261,1.410232,FIN,IRN,3231
163,109,863,1971,759,0,1.297569,1.870238,NOR,ISL,3231
14,111,863,1971,217788,0,0.019735,0.02329,AUS,ITA,3231
15,111,863,1971,8247,8617,1.984568,0.9571209999999999,AUT,ITA,3231
18,111,863,1971,8852,0,1.495689,2.262083,BEL,ITA,3231
41,111,863,1971,0,568,2.242028,1.9425029999999999,CHE,ITA,3231
53,111,863,1971,22915,0,1.7241369999999998,2.76252,CSK,ITA,3231
58,111,863,1971,0,12909,0.266353,-0.404526,CYP,ITA,3231
61,111,863,1971,1895253,0,2.304817,-1.885431,DEU,ITA,3231
64,111,863,1971,512,0,1.5224870000000001,2.45498,DNK,ITA,3231
71,111,863,1971,0,3925,0.9618040000000001,1.789808,ESP,ITA,3231
74,111,863,1971,28606,0,1.382261,1.410232,FIN,ITA,3231
77,111,863,1971,680160,0,1.7299959999999999,1.562786,FRA,ITA,3231
81,111,863,1971,660,0,2.1646669999999997,0.034970999999999995,GBR,ITA,3231
102,111,863,1971,4375,0,0.8639760000000001,1.2125059999999999,HUN,ITA,3231
142,111,863,1971,737,0,1.567812,1.889177,MLT,ITA,3231
162,111,863,1971,70816,0,1.3564690000000001,2.749828,NLD,ITA,3231
163,111,863,1971,527,0,1.297569,1.870238,NOR,ITA,3231
168,111,863,1971,29761,0,-0.160556,-0.48263,PAK,ITA,3231
177,111,863,1971,445517,0,0.8294520000000001,1.636849,POL,ITA,3231
185,111,863,1971,13200,0,1.0355299999999998,1.5666129999999998,ROU,ITA,3231
186,111,863,1971,14032,0,0.42000600000000005,0.512301,RUS,ITA,3231
208,111,863,1971,54269,0,2.190846,2.570859,SWE,ITA,3231
231,111,863,1971,7340,0,1.873357,1.848336,USA,ITA,3231
245,111,863,1971,245453,3474,1.106614,2.43735,YUG,ITA,3231
250,111,863,1971,0,3287,0.740793,0.11133,ANS,ITA,3231
14,114,863,1971,1136202,0,0.019735,0.02329,AUS,JPN,3231
39,114,863,1971,681,650,0.543049,0.772374,CAN,JPN,3231
64,114,863,1971,14561,0,1.5224870000000001,2.45498,DNK,JPN,3231
74,114,863,1971,8378,0,1.382261,1.410232,FIN,JPN,3231
81,114,863,1971,2680,0,2.1646669999999997,0.034970999999999995,GBR,JPN,3231
186,114,863,1971,19480,0,0.42000600000000005,0.512301,RUS,JPN,3231
208,114,863,1971,618,0,2.190846,2.570859,SWE,JPN,3231
216,114,863,1971,0,1148,-0.767467,-0.557866,THA,JPN,3231
231,114,863,1971,0,21364,1.873357,1.848336,USA,JPN,3231
236,114,863,1971,0,1443737,-0.9655290000000001,-0.651151,VEN,JPN,3231
249,114,863,1971,0,4953,1.123146,1.440067,TWN,JPN,3231
250,114,863,1971,0,16046,0.740793,0.11133,ANS,JPN,3231
231,122,863,1971,2600,0,1.873357,1.848336,USA,KWT,3231
18,124,863,1971,45907,0,1.495689,2.262083,BEL,LBN,3231
61,124,863,1971,669,0,2.304817,-1.885431,DEU,LBN,3231
71,124,863,1971,24599,0,0.9618040000000001,1.789808,ESP,LBN,3231
74,124,863,1971,1242,0,1.382261,1.410232,FIN,LBN,3231
106,124,863,1971,689,0,1.0895219999999999,1.885416,IRL,LBN,3231
185,124,863,1971,2061,0,1.0355299999999998,1.5666129999999998,ROU,LBN,3231
8,162,863,1971,0,6139,0.0024230000000000002,0.084024,ARG,NLD,3231
14,162,863,1971,0,569,0.019735,0.02329,AUS,NLD,3231
15,162,863,1971,0,224401,1.984568,0.9571209999999999,AUT,NLD,3231
18,162,863,1971,69347,6514439,1.495689,2.262083,BEL,NLD,3231
41,162,863,1971,0,105589,2.242028,1.9425029999999999,CHE,NLD,3231
61,162,863,1971,1170476,3648902,2.304817,-1.885431,DEU,NLD,3231
70,162,863,1971,0,1073,0.474017,-0.278938,ESH,NLD,3231
71,162,863,1971,0,3971,0.9618040000000001,1.789808,ESP,NLD,3231
74,162,863,1971,52331,0,1.382261,1.410232,FIN,NLD,3231
77,162,863,1971,0,2879452,1.7299959999999999,1.562786,FRA,NLD,3231
81,162,863,1971,4623,951721,2.1646669999999997,0.034970999999999995,GBR,NLD,3231
97,162,863,1971,0,791,1.4643760000000001,1.159238,HKG,NLD,3231
106,162,863,1971,124060,0,1.0895219999999999,1.885416,IRL,NLD,3231
110,162,863,1971,0,783,0.8357530000000001,0.8589479999999999,ISR,NLD,3231
111,162,863,1971,0,70816,2.039661,1.10519,ITA,NLD,3231
134,162,863,1971,0,3312,-0.016735,-0.41776599999999997,MAR,NLD,3231
177,162,863,1971,1767,0,0.8294520000000001,1.636849,POL,NLD,3231
186,162,863,1971,4143,0,0.42000600000000005,0.512301,RUS,NLD,3231
192,162,863,1971,0,1030,0.540057,0.9167700000000001,SGP,NLD,3231
208,162,863,1971,2935,0,2.190846,2.570859,SWE,NLD,3231
231,162,863,1971,8644,610,1.873357,1.848336,USA,NLD,3231
246,162,863,1971,0,1056,-0.285408,-0.146573,ZAF,NLD,3231
18,163,863,1971,0,2568,1.495689,2.262083,BEL,NOR,3231
39,163,863,1971,1013,0,0.543049,0.772374,CAN,NOR,3231
61,163,863,1971,2037,0,2.304817,-1.885431,DEU,NOR,3231
64,163,863,1971,1051,548,1.5224870000000001,2.45498,DNK,NOR,3231
74,163,863,1971,8768,0,1.382261,1.410232,FIN,NOR,3231
81,163,863,1971,3431308,0,2.1646669999999997,0.034970999999999995,GBR,NOR,3231
106,163,863,1971,0,2550,1.0895219999999999,1.885416,IRL,NOR,3231
109,163,863,1971,0,759,0.12083900000000002,-0.37900100000000003,ISL,NOR,3231
111,163,863,1971,0,527,2.039661,1.10519,ITA,NOR,3231
179,163,863,1971,0,4872,0.9233389999999999,1.184635,PRT,NOR,3231
186,163,863,1971,10531,0,0.42000600000000005,0.512301,RUS,NOR,3231
208,163,863,1971,180763,0,2.190846,2.570859,SWE,NOR,3231
245,163,863,1971,113532,0,1.106614,2.43735,YUG,NOR,3231
111,168,863,1971,0,29761,2.039661,1.10519,ITA,PAK,3231
15,186,863,1971,0,39310,1.984568,0.9571209999999999,AUT,RUS,3231
18,186,863,1971,0,15632,1.495689,2.262083,BEL,RUS,3231
41,186,863,1971,0,6131,2.242028,1.9425029999999999,CHE,RUS,3231
61,186,863,1971,0,16099,2.304817,-1.885431,DEU,RUS,3231
81,186,863,1971,0,8155,2.1646669999999997,0.034970999999999995,GBR,RUS,3231
90,186,863,1971,0,277195,0.373161,0.153613,GRC,RUS,3231
111,186,863,1971,0,14032,2.039661,1.10519,ITA,RUS,3231
114,186,863,1971,0,19480,1.862756,2.170372,JPN,RUS,3231
162,186,863,1971,0,4143,1.3564690000000001,2.749828,NLD,RUS,3231
163,186,863,1971,0,10531,1.297569,1.870238,NOR,RUS,3231
14,192,863,1971,14603,7469,0.019735,0.02329,AUS,SGP,3231
39,192,863,1971,711,0,0.543049,0.772374,CAN,SGP,3231
61,192,863,1971,2259,0,2.304817,-1.885431,DEU,SGP,3231
143,192,863,1971,0,4263,-1.229963,-0.835765,MMR,SGP,3231
162,192,863,1971,1030,0,1.3564690000000001,2.749828,NLD,SGP,3231
174,192,863,1971,0,1551,-0.39003899999999997,-0.709147,PHL,SGP,3231
216,192,863,1971,0,2129,-0.767467,-0.557866,THA,SGP,3231
231,192,863,1971,276975,0,1.873357,1.848336,USA,SGP,3231
8,208,863,1971,0,2932,0.0024230000000000002,0.084024,ARG,SWE,3231
25,208,863,1971,0,3119,0.356122,-0.181398,BHS,SWE,3231
41,208,863,1971,0,6236,2.242028,1.9425029999999999,CHE,SWE,3231
53,208,863,1971,16609,0,1.7241369999999998,2.76252,CSK,SWE,3231
58,208,863,1971,0,827,0.266353,-0.404526,CYP,SWE,3231
61,208,863,1971,16918,1045,2.304817,-1.885431,DEU,SWE,3231
64,208,863,1971,0,313086,1.5224870000000001,2.45498,DNK,SWE,3231
71,208,863,1971,0,23487,0.9618040000000001,1.789808,ESP,SWE,3231
74,208,863,1971,52174,0,1.382261,1.410232,FIN,SWE,3231
81,208,863,1971,44219,28876,2.1646669999999997,0.034970999999999995,GBR,SWE,3231
90,208,863,1971,0,569,0.373161,0.153613,GRC,SWE,3231
110,208,863,1971,0,4645,0.8357530000000001,0.8589479999999999,ISR,SWE,3231
111,208,863,1971,0,54269,2.039661,1.10519,ITA,SWE,3231
114,208,863,1971,0,618,1.862756,2.170372,JPN,SWE,3231
142,208,863,1971,0,2714,1.567812,1.889177,MLT,SWE,3231
162,208,863,1971,0,2935,1.3564690000000001,2.749828,NLD,SWE,3231
163,208,863,1971,0,180763,1.297569,1.870238,NOR,SWE,3231
179,208,863,1971,0,579,0.9233389999999999,1.184635,PRT,SWE,3231
231,208,863,1971,9660,288402,1.873357,1.848336,USA,SWE,3231
236,208,863,1971,0,1177,-0.9655290000000001,-0.651151,VEN,SWE,3231
14,216,863,1971,2146,0,0.019735,0.02329,AUS,THA,3231
61,216,863,1971,1686,0,2.304817,-1.885431,DEU,THA,3231
114,216,863,1971,1148,0,1.862756,2.170372,JPN,THA,3231
192,216,863,1971,2129,0,0.540057,0.9167700000000001,SGP,THA,3231
249,216,863,1971,2159,0,1.123146,1.440067,TWN,THA,3231
6,231,863,1971,0,4554,0.890891,0.10081699999999999,ANT,USA,3231
8,231,863,1971,0,19542,0.0024230000000000002,0.084024,ARG,USA,3231
14,231,863,1971,0,4989,0.019735,0.02329,AUS,USA,3231
24,231,863,1971,0,6082,0.811757,-0.086967,BHR,USA,3231
30,231,863,1971,0,6169,0.637919,0.031731999999999996,BMU,USA,3231
32,231,863,1971,0,5287,-0.326897,-0.229088,BRA,USA,3231
33,231,863,1971,0,3739,0.935667,0.839299,BRB,USA,3231
39,231,863,1971,7917636,491161,0.543049,0.772374,CAN,USA,3231
41,231,863,1971,0,3895,2.242028,1.9425029999999999,CHE,USA,3231
42,231,863,1971,0,47945,-0.231579,-0.6383479999999999,CHL,USA,3231
61,231,863,1971,184738,10363,2.304817,-1.885431,DEU,USA,3231
64,231,863,1971,681,0,1.5224870000000001,2.45498,DNK,USA,3231
81,231,863,1971,1833,27143,2.1646669999999997,0.034970999999999995,GBR,USA,3231
96,231,863,1971,0,1474,0.006441,-0.42498800000000003,GUY,USA,3231
99,231,863,1971,0,2190,-0.47721,-0.841176,HND,USA,3231
104,231,863,1971,3810,0,0.28820999999999997,0.790629,IND,USA,3231
106,231,863,1971,6164,0,1.0895219999999999,1.885416,IRL,USA,3231
111,231,863,1971,0,7340,2.039661,1.10519,ITA,USA,3231
112,231,863,1971,0,5119,0.283952,-0.541592,JAM,USA,3231
114,231,863,1971,21364,0,1.862756,2.170372,JPN,USA,3231
121,231,863,1971,0,37924,0.804658,0.44236899999999996,KOR,USA,3231
122,231,863,1971,0,2600,-0.589441,-0.5007699999999999,KWT,USA,3231
126,231,863,1971,0,1272,-2.1829009999999998,-0.541129,LBY,USA,3231
138,231,863,1971,1993,1999792,0.694692,1.631725,MEX,USA,3231
143,231,863,1971,0,20353,-1.229963,-0.835765,MMR,USA,3231
147,231,863,1971,0,32951,-0.670024,-0.6290560000000001,MOZ,USA,3231
159,231,863,1971,0,1021,-1.6915639999999998,-0.8931879999999999,NGA,USA,3231
162,231,863,1971,610,8644,1.3564690000000001,2.749828,NLD,USA,3231
173,231,863,1971,0,17742,-0.7457020000000001,-0.882229,PER,USA,3231
177,231,863,1971,54227,0,0.8294520000000001,1.636849,POL,USA,3231
192,231,863,1971,0,276975,0.540057,0.9167700000000001,SGP,USA,3231
205,231,863,1971,0,1725555,-0.26679,-0.417204,SUR,USA,3231
208,231,863,1971,288402,9660,2.190846,2.570859,SWE,USA,3231
224,231,863,1971,0,6058,-0.443655,-0.521285,TUR,USA,3231
236,231,863,1971,0,1721,-0.9655290000000001,-0.651151,VEN,USA,3231
239,231,863,1971,0,5041,0.07082100000000001,-0.296412,VNM,USA,3231
246,231,863,1971,377744,1605,-0.285408,-0.146573,ZAF,USA,3231
114,249,863,1971,4953,0,1.862756,2.170372,JPN,TWN,3231
216,249,863,1971,0,2159,-0.767467,-0.557866,THA,TWN,3231
61,250,863,1971,310412,0,2.304817,-1.885431,DEU,ANS,3231
74,250,863,1971,833,0,1.382261,1.410232,FIN,ANS,3231
110,250,863,1971,0,2650,0.8357530000000001,0.8589479999999999,ISR,ANS,3231
111,250,863,1971,3287,0,2.039661,1.10519,ITA,ANS,3231
114,250,863,1971,16046,0,1.862756,2.170372,JPN,ANS,3231
134,250,863,1971,700,0,-0.016735,-0.41776599999999997,MAR,ANS,3231
231,6,863,1971,4554,0,1.873357,1.848336,USA,ANT,3231
231,32,863,1971,5287,0,1.873357,1.848336,USA,BRA,3231
246,32,863,1971,11066,0,-0.285408,-0.146573,ZAF,BRA,3231
18,46,863,1971,59453,0,1.495689,2.262083,BEL,COD,3231
5,71,863,1971,0,3954,1.154482,0.361592,AND,ESP,3231
18,71,863,1971,1493,0,1.495689,2.262083,BEL,ESP,3231
61,71,863,1971,19139,0,2.304817,-1.885431,DEU,ESP,3231
74,71,863,1971,5656,0,1.382261,1.410232,FIN,ESP,3231
77,71,863,1971,120358,0,1.7299959999999999,1.562786,FRA,ESP,3231
81,71,863,1971,4161,0,2.1646669999999997,0.034970999999999995,GBR,ESP,3231
106,71,863,1971,36674,0,1.0895219999999999,1.885416,IRL,ESP,3231
111,71,863,1971,3925,0,2.039661,1.10519,ITA,ESP,3231
124,71,863,1971,0,24599,0.6515989999999999,1.542378,LBN,ESP,3231
136,71,863,1971,882,0,-0.819129,-0.765004,MDG,ESP,3231
162,71,863,1971,3971,0,1.3564690000000001,2.749828,NLD,ESP,3231
177,71,863,1971,3108,0,0.8294520000000001,1.636849,POL,ESP,3231
179,71,863,1971,0,5223,0.9233389999999999,1.184635,PRT,ESP,3231
208,71,863,1971,23487,0,2.190846,2.570859,SWE,ESP,3231
18,74,863,1971,0,1755,1.495689,2.262083,BEL,FIN,3231
61,74,863,1971,6225,0,2.304817,-1.885431,DEU,FIN,3231
64,74,863,1971,0,9207,1.5224870000000001,2.45498,DNK,FIN,3231
71,74,863,1971,0,5656,0.9618040000000001,1.789808,ESP,FIN,3231
77,74,863,1971,898,13617,1.7299959999999999,1.562786,FRA,FIN,3231
81,74,863,1971,0,122979,2.1646669999999997,0.034970999999999995,GBR,FIN,3231
90,74,863,1971,0,2723,0.373161,0.153613,GRC,FIN,3231
107,74,863,1971,0,1143,-0.7509680000000001,-0.721083,IRN,FIN,3231
110,74,863,1971,0,1268,0.8357530000000001,0.8589479999999999,ISR,FIN,3231
111,74,863,1971,0,28606,2.039661,1.10519,ITA,FIN,3231
114,74,863,1971,0,8378,1.862756,2.170372,JPN,FIN,3231
124,74,863,1971,0,1242,0.6515989999999999,1.542378,LBN,FIN,3231
134,74,863,1971,0,1664,-0.016735,-0.41776599999999997,MAR,FIN,3231
162,74,863,1971,0,52331,1.3564690000000001,2.749828,NLD,FIN,3231
163,74,863,1971,0,8768,1.297569,1.870238,NOR,FIN,3231
179,74,863,1971,0,642,0.9233389999999999,1.184635,PRT,FIN,3231
208,74,863,1971,0,52174,2.190846,2.570859,SWE,FIN,3231
250,74,863,1971,0,833,0.740793,0.11133,ANS,FIN,3231
23,110,863,1971,752,0,0.65271,1.027758,BGR,ISR,3231
61,110,863,1971,11818,0,2.304817,-1.885431,DEU,ISR,3231
74,110,863,1971,1268,0,1.382261,1.410232,FIN,ISR,3231
77,110,863,1971,1384,0,1.7299959999999999,1.562786,FRA,ISR,3231
162,110,863,1971,783,0,1.3564690000000001,2.749828,NLD,ISR,3231
208,110,863,1971,4645,0,2.190846,2.570859,SWE,ISR,3231
250,110,863,1971,2650,0,0.740793,0.11133,ANS,ISR,3231
231,147,863,1971,32951,0,1.873357,1.848336,USA,MOZ,3231
61,153,863,1971,1763,0,2.304817,-1.885431,DEU,MYS,3231
81,153,863,1971,3288,0,2.1646669999999997,0.034970999999999995,GBR,MYS,3231
18,159,863,1971,7902,0,1.495689,2.262083,BEL,NGA,3231
61,159,863,1971,3317,0,2.304817,-1.885431,DEU,NGA,3231
81,159,863,1971,20647,0,2.1646669999999997,0.034970999999999995,GBR,NGA,3231
231,159,863,1971,1021,0,1.873357,1.848336,USA,NGA,3231
14,166,863,1971,2479,0,0.019735,0.02329,AUS,NZL,3231
81,166,863,1971,1353,0,2.1646669999999997,0.034970999999999995,GBR,NZL,3231
106,166,863,1971,1240,0,1.0895219999999999,1.885416,IRL,NZL,3231
8,177,863,1971,0,513,0.0024230000000000002,0.084024,ARG,POL,3231
14,177,863,1971,0,3604,0.019735,0.02329,AUS,POL,3231
15,177,863,1971,0,111410,1.984568,0.9571209999999999,AUT,POL,3231
41,177,863,1971,0,90814,2.242028,1.9425029999999999,CHE,POL,3231
61,177,863,1971,0,143137,2.304817,-1.885431,DEU,POL,3231
71,177,863,1971,0,3108,0.9618040000000001,1.789808,ESP,POL,3231
77,177,863,1971,0,149627,1.7299959999999999,1.562786,FRA,POL,3231
106,177,863,1971,5921,0,1.0895219999999999,1.885416,IRL,POL,3231
111,177,863,1971,0,445517,2.039661,1.10519,ITA,POL,3231
162,177,863,1971,0,1767,1.3564690000000001,2.749828,NLD,POL,3231
231,177,863,1971,0,54227,1.873357,1.848336,USA,POL,3231
245,177,863,1971,0,48774,1.106614,2.43735,YUG,POL,3231
18,179,863,1971,52706,0,1.495689,2.262083,BEL,PRT,3231
61,179,863,1971,4011,0,2.304817,-1.885431,DEU,PRT,3231
71,179,863,1971,5223,0,0.9618040000000001,1.789808,ESP,PRT,3231
74,179,863,1971,642,0,1.382261,1.410232,FIN,PRT,3231
81,179,863,1971,15377,0,2.1646669999999997,0.034970999999999995,GBR,PRT,3231
163,179,863,1971,4872,0,1.297569,1.870238,NOR,PRT,3231
208,179,863,1971,579,0,2.190846,2.570859,SWE,PRT,3231
81,222,863,1971,4740,0,2.1646669999999997,0.034970999999999995,GBR,TTO,3231
106,222,863,1971,621,0,1.0895219999999999,1.885416,IRL,TTO,3231
114,236,863,1971,1443737,0,1.862756,2.170372,JPN,VEN,3231
208,236,863,1971,1177,0,2.190846,2.570859,SWE,VEN,3231
231,236,863,1971,1721,0,1.873357,1.848336,USA,VEN,3231
18,244,863,1971,1746,0,1.495689,2.262083,BEL,YMD,3231
32,246,863,1971,0,11066,-0.326897,-0.229088,BRA,ZAF,3231
61,246,863,1971,4516,0,2.304817,-1.885431,DEU,ZAF,3231
106,246,863,1971,2032,0,1.0895219999999999,1.885416,IRL,ZAF,3231
162,246,863,1971,1056,0,1.3564690000000001,2.749828,NLD,ZAF,3231
231,246,863,1971,1605,377744,1.873357,1.848336,USA,ZAF,3231
247,246,863,1971,0,8154,-0.8803290000000001,-0.7895399999999999,ZMB,ZAF,3231
152,247,863,1971,7006,0,-0.435749,-0.6851649999999999,MWI,ZMB,3231
246,247,863,1971,8154,0,-0.285408,-0.146573,ZAF,ZMB,3231
248,247,863,1971,9400,0,1.131751,0.87282,ZWE,ZMB,3231
61,68,863,1971,45429,0,2.304817,-1.885431,DEU,EGY,3231
64,68,863,1971,15460,0,1.5224870000000001,2.45498,DNK,EGY,3231
15,102,863,1971,0,187515,1.984568,0.9571209999999999,AUT,HUN,3231
41,102,863,1971,0,982,2.242028,1.9425029999999999,CHE,HUN,3231
111,102,863,1971,0,4375,2.039661,1.10519,ITA,HUN,3231
245,102,863,1971,656,10155,1.106614,2.43735,YUG,HUN,3231
61,134,863,1971,498,0,2.304817,-1.885431,DEU,MAR,3231
66,134,863,1971,0,138287,-0.42629399999999995,-0.612192,DZA,MAR,3231
74,134,863,1971,1664,0,1.382261,1.410232,FIN,MAR,3231
162,134,863,1971,3312,0,1.3564690000000001,2.749828,NLD,MAR,3231
250,134,863,1971,0,700,0.740793,0.11133,ANS,MAR,3231
15,245,863,1971,1734,459913,1.984568,0.9571209999999999,AUT,YUG,3231
23,245,863,1971,14639,0,0.65271,1.027758,BGR,YUG,3231
61,245,863,1971,11125,3466,2.304817,-1.885431,DEU,YUG,3231
102,245,863,1971,10155,656,0.8639760000000001,1.2125059999999999,HUN,YUG,3231
111,245,863,1971,3474,245453,2.039661,1.10519,ITA,YUG,3231
163,245,863,1971,0,113532,1.297569,1.870238,NOR,YUG,3231
177,245,863,1971,48774,0,0.8294520000000001,1.636849,POL,YUG,3231
18,8,863,1971,31023,0,1.495689,2.262083,BEL,ARG,3231
61,8,863,1971,8529,0,2.304817,-1.885431,DEU,ARG,3231
64,8,863,1971,709,0,1.5224870000000001,2.45498,DNK,ARG,3231
81,8,863,1971,0,1349,2.1646669999999997,0.034970999999999995,GBR,ARG,3231
162,8,863,1971,6139,0,1.3564690000000001,2.749828,NLD,ARG,3231
177,8,863,1971,513,0,0.8294520000000001,1.636849,POL,ARG,3231
208,8,863,1971,2932,0,2.190846,2.570859,SWE,ARG,3231
231,8,863,1971,19542,0,1.873357,1.848336,USA,ARG,3231
39,25,863,1971,555,0,0.543049,0.772374,CAN,BHS,3231
106,25,863,1971,813,0,1.0895219999999999,1.885416,IRL,BHS,3231
208,25,863,1971,3119,0,2.190846,2.570859,SWE,BHS,3231
39,30,863,1971,3563,0,0.543049,0.772374,CAN,BMU,3231
61,30,863,1971,1468,0,2.304817,-1.885431,DEU,BMU,3231
81,30,863,1971,3373,0,2.1646669999999997,0.034970999999999995,GBR,BMU,3231
106,30,863,1971,2039,0,1.0895219999999999,1.885416,IRL,BMU,3231
231,30,863,1971,6169,0,1.873357,1.848336,USA,BMU,3231
106,33,863,1971,943,0,1.0895219999999999,1.885416,IRL,BRB,3231
231,33,863,1971,3739,0,1.873357,1.848336,USA,BRB,3231
61,42,863,1971,1493,0,2.304817,-1.885431,DEU,CHL,3231
231,42,863,1971,47945,0,1.873357,1.848336,USA,CHL,3231
77,45,863,1971,2877,0,1.7299959999999999,1.562786,FRA,CMR,3231
52,49,863,1971,0,992,0.9643510000000001,0.613066,CRI,COL,3231
67,49,863,1971,0,3854,-0.8731540000000001,-0.931018,ECU,COL,3231
49,52,863,1971,992,0,-0.114488,-0.492489,COL,CRI,3231
134,66,863,1971,138287,0,-0.016735,-0.41776599999999997,MAR,DZA,3231
49,67,863,1971,3854,0,-0.114488,-0.492489,COL,ECU,3231
81,76,863,1971,5223,0,2.1646669999999997,0.034970999999999995,GBR,FLK,3231
231,99,863,1971,2190,0,1.873357,1.848336,USA,HND,3231
14,106,863,1971,0,14727,0.019735,0.02329,AUS,IRL,3231
18,106,863,1971,20641,0,1.495689,2.262083,BEL,IRL,3231
25,106,863,1971,0,813,0.356122,-0.181398,BHS,IRL,3231
30,106,863,1971,0,2039,0.637919,0.031731999999999996,BMU,IRL,3231
33,106,863,1971,0,943,0.935667,0.839299,BRB,IRL,3231
58,106,863,1971,0,1160,0.266353,-0.404526,CYP,IRL,3231
61,106,863,1971,1484,0,2.304817,-1.885431,DEU,IRL,3231
71,106,863,1971,0,36674,0.9618040000000001,1.789808,ESP,IRL,3231
77,106,863,1971,147943,0,1.7299959999999999,1.562786,FRA,IRL,3231
81,106,863,1971,735773,1997898,2.1646669999999997,0.034970999999999995,GBR,IRL,3231
97,106,863,1971,0,600,1.4643760000000001,1.159238,HKG,IRL,3231
124,106,863,1971,0,689,0.6515989999999999,1.542378,LBN,IRL,3231
142,106,863,1971,0,622,1.567812,1.889177,MLT,IRL,3231
162,106,863,1971,0,124060,1.3564690000000001,2.749828,NLD,IRL,3231
163,106,863,1971,2550,0,1.297569,1.870238,NOR,IRL,3231
166,106,863,1971,0,1240,0.188851,-0.346439,NZL,IRL,3231
177,106,863,1971,0,5921,0.8294520000000001,1.636849,POL,IRL,3231
222,106,863,1971,0,621,0.6038479999999999,-0.19159,TTO,IRL,3231
231,106,863,1971,0,6164,1.873357,1.848336,USA,IRL,3231
246,106,863,1971,0,2032,-0.285408,-0.146573,ZAF,IRL,3231
81,112,863,1971,1724,0,2.1646669999999997,0.034970999999999995,GBR,JAM,3231
231,112,863,1971,5119,0,1.873357,1.848336,USA,JAM,3231
231,121,863,1971,37924,0,1.873357,1.848336,USA,KOR,3231
77,126,863,1971,2061,0,1.7299959999999999,1.562786,FRA,LBY,3231
231,126,863,1971,1272,0,1.873357,1.848336,USA,LBY,3231
231,138,863,1971,1999792,1993,1.873357,1.848336,USA,MEX,3231
61,142,863,1971,459,0,2.304817,-1.885431,DEU,MLT,3231
81,142,863,1971,1002,0,2.1646669999999997,0.034970999999999995,GBR,MLT,3231
106,142,863,1971,622,0,1.0895219999999999,1.885416,IRL,MLT,3231
111,142,863,1971,0,737,2.039661,1.10519,ITA,MLT,3231
208,142,863,1971,2714,0,2.190846,2.570859,SWE,MLT,3231
231,173,863,1971,17742,0,1.873357,1.848336,USA,PER,3231
192,174,863,1971,1551,0,0.540057,0.9167700000000001,SGP,PHL,3231
77,191,863,1971,7403,0,1.7299959999999999,1.562786,FRA,SEN,3231
231,205,863,1971,1725555,0,1.873357,1.848336,USA,SUR,3231
77,214,863,1971,1340,0,1.7299959999999999,1.562786,FRA,TCD,3231
61,238,863,1971,2921,0,2.304817,-1.885431,DEU,VIR,3231
231,24,863,1971,6082,0,1.873357,1.848336,USA,BHR,3231
18,113,863,1971,5635,0,1.495689,2.262083,BEL,JOR,3231
14,128,863,1971,2988,0,0.019735,0.02329,AUS,LKA,3231
110,23,863,1971,0,752,0.8357530000000001,0.8589479999999999,ISR,BGR,3231
245,23,863,1971,0,14639,1.106614,2.43735,YUG,BGR,3231
61,31,863,1971,2491,0,2.304817,-1.885431,DEU,BOL,3231
61,58,863,1971,990,0,2.304817,-1.885431,DEU,CYP,3231
106,58,863,1971,1160,0,1.0895219999999999,1.885416,IRL,CYP,3231
111,58,863,1971,12909,0,2.039661,1.10519,ITA,CYP,3231
208,58,863,1971,827,0,2.190846,2.570859,SWE,CYP,3231
231,96,863,1971,1474,0,1.873357,1.848336,USA,GUY,3231
15,185,863,1971,0,25059,1.984568,0.9571209999999999,AUT,ROU,3231
111,185,863,1971,0,13200,2.039661,1.10519,ITA,ROU,3231
124,185,863,1971,0,2061,0.6515989999999999,1.542378,LBN,ROU,3231
18,212,863,1971,81765,0,1.495689,2.262083,BEL,SYR,3231
61,223,863,1971,918,0,2.304817,-1.885431,DEU,TUN,3231
77,224,863,1971,92381,0,1.7299959999999999,1.562786,FRA,TUR,3231
231,224,863,1971,6058,0,1.873357,1.848336,USA,TUR,3231
71,136,863,1971,0,882,0.9618040000000001,1.789808,ESP,MDG,3231
192,143,863,1971,4263,0,0.540057,0.9167700000000001,SGP,MMR,3231
231,143,863,1971,20353,0,1.873357,1.848336,USA,MMR,3231
81,152,863,1971,1468,0,2.1646669999999997,0.034970999999999995,GBR,MWI,3231
247,152,863,1971,0,7006,-0.8803290000000001,-0.7895399999999999,ZMB,MWI,3231
248,152,863,1971,38351,0,1.131751,0.87282,ZWE,MWI,3231
77,156,863,1971,543,0,1.7299959999999999,1.562786,FRA,NCL,3231
231,239,863,1971,5041,0,1.873357,1.848336,USA,VNM,3231
152,248,863,1971,0,38351,-0.435749,-0.6851649999999999,MWI,ZWE,3231
247,248,863,1971,0,9400,-0.8803290000000001,-0.7895399999999999,ZMB,ZWE,3231
162,70,863,1971,1073,0,1.3564690000000001,2.749828,NLD,ESH,3231
71,5,863,1971,3954,0,0.9618040000000001,1.789808,ESP,AND,3231
61,14,880,1971,0,100202,2.304817,-1.885431,DEU,AUS,4111
77,14,880,1971,0,195990,1.7299959999999999,1.562786,FRA,AUS,4111
81,14,880,1971,69817,1380987,2.1646669999999997,0.034970999999999995,GBR,AUS,4111
103,14,880,1971,0,324049,-1.335787,-0.813966,IDN,AUS,4111
109,14,880,1971,38039,0,0.12083900000000002,-0.37900100000000003,ISL,AUS,4111
114,14,880,1971,8863,0,1.862756,2.170372,JPN,AUS,4111
153,14,880,1971,0,1934,-0.636547,-0.648471,MYS,AUS,4111
163,14,880,1971,37638,0,1.297569,1.870238,NOR,AUS,4111
165,14,880,1971,0,1132,-0.293501,-0.245119,NRU,AUS,4111
166,14,880,1971,14788,0,0.188851,-0.346439,NZL,AUS,4111
173,14,880,1971,25942,0,-0.7457020000000001,-0.882229,PER,AUS,4111
176,14,880,1971,0,1637,-0.222694,-0.396214,PNG,AUS,4111
231,14,880,1971,14471,272189,1.873357,1.848336,USA,AUS,4111
246,14,880,1971,95800,0,-0.285408,-0.146573,ZAF,AUS,4111
18,15,880,1971,9924,0,1.495689,2.262083,BEL,AUT,4111
61,15,880,1971,98418,0,2.304817,-1.885431,DEU,AUT,4111
77,15,880,1971,95158,0,1.7299959999999999,1.562786,FRA,AUT,4111
81,15,880,1971,32800,0,2.1646669999999997,0.034970999999999995,GBR,AUT,4111
162,15,880,1971,19369,0,1.3564690000000001,2.749828,NLD,AUT,4111
163,15,880,1971,72267,0,1.297569,1.870238,NOR,AUT,4111
15,18,880,1971,0,9924,1.984568,0.9571209999999999,AUT,BEL,4111
46,18,880,1971,0,1457,-1.16333,-0.708263,COD,BEL,4111
61,18,880,1971,35049,69313,2.304817,-1.885431,DEU,BEL,4111
71,18,880,1971,0,2211,0.9618040000000001,1.789808,ESP,BEL,4111
77,18,880,1971,239199,37722,1.7299959999999999,1.562786,FRA,BEL,4111
81,18,880,1971,3206,0,2.1646669999999997,0.034970999999999995,GBR,BEL,4111
90,18,880,1971,0,2844,0.373161,0.153613,GRC,BEL,4111
109,18,880,1971,3784,0,0.12083900000000002,-0.37900100000000003,ISL,BEL,4111
162,18,880,1971,1018532,84325,1.3564690000000001,2.749828,NLD,BEL,4111
163,18,880,1971,114351,0,1.297569,1.870238,NOR,BEL,4111
169,18,880,1971,3477,0,0.641183,-0.062375,PAN,BEL,4111
173,18,880,1971,1015754,0,-0.7457020000000001,-0.882229,PER,BEL,4111
231,18,880,1971,9107,0,1.873357,1.848336,USA,BEL,4111
61,39,880,1971,0,415712,2.304817,-1.885431,DEU,CAN,4111
81,39,880,1971,144514,1116666,2.1646669999999997,0.034970999999999995,GBR,CAN,4111
114,39,880,1971,78933,0,1.862756,2.170372,JPN,CAN,4111
138,39,880,1971,0,3585,0.694692,1.631725,MEX,CAN,4111
162,39,880,1971,0,73131,1.3564690000000001,2.749828,NLD,CAN,4111
163,39,880,1971,1383,0,1.297569,1.870238,NOR,CAN,4111
231,39,880,1971,515193,714794,1.873357,1.848336,USA,CAN,4111
236,39,880,1971,0,27787,-0.9655290000000001,-0.651151,VEN,CAN,4111
246,39,880,1971,99823,0,-0.285408,-0.146573,ZAF,CAN,4111
61,41,880,1971,173220,0,2.304817,-1.885431,DEU,CHE,4111
68,41,880,1971,2069,8591,0.192492,-0.374212,EGY,CHE,4111
71,41,880,1971,1945,0,0.9618040000000001,1.789808,ESP,CHE,4111
77,41,880,1971,11529,0,1.7299959999999999,1.562786,FRA,CHE,4111
81,41,880,1971,223928,3226,2.1646669999999997,0.034970999999999995,GBR,CHE,4111
109,41,880,1971,19842,0,0.12083900000000002,-0.37900100000000003,ISL,CHE,4111
114,41,880,1971,23787,0,1.862756,2.170372,JPN,CHE,4111
162,41,880,1971,4987,0,1.3564690000000001,2.749828,NLD,CHE,4111
163,41,880,1971,125248,0,1.297569,1.870238,NOR,CHE,4111
231,41,880,1971,4247,0,1.873357,1.848336,USA,CHE,4111
250,41,880,1971,0,1254,0.740793,0.11133,ANS,CHE,4111
61,53,880,1971,3042,0,2.304817,-1.885431,DEU,CSK,4111
81,53,880,1971,46080,0,2.1646669999999997,0.034970999999999995,GBR,CSK,4111
163,53,880,1971,1015625,0,1.297569,1.870238,NOR,CSK,4111
2,61,880,1971,84272,0,-1.208704,-0.854866,AGO,DEU,4111
4,61,880,1971,0,7063,0.149073,-0.465447,ALB,DEU,4111
8,61,880,1971,17159,0,0.0024230000000000002,0.084024,ARG,DEU,4111
14,61,880,1971,100202,0,0.019735,0.02329,AUS,DEU,4111
15,61,880,1971,0,98418,1.984568,0.9571209999999999,AUT,DEU,4111
18,61,880,1971,69313,35049,1.495689,2.262083,BEL,DEU,4111
32,61,880,1971,0,56795,-0.326897,-0.229088,BRA,DEU,4111
39,61,880,1971,415712,0,0.543049,0.772374,CAN,DEU,4111
41,61,880,1971,0,173220,2.242028,1.9425029999999999,CHE,DEU,4111
42,61,880,1971,912394,0,-0.231579,-0.6383479999999999,CHL,DEU,4111
49,61,880,1971,0,1107,-0.114488,-0.492489,COL,DEU,4111
53,61,880,1971,0,3042,1.7241369999999998,2.76252,CSK,DEU,4111
64,61,880,1971,433105,41107,1.5224870000000001,2.45498,DNK,DEU,4111
67,61,880,1971,0,1985,-0.8731540000000001,-0.931018,ECU,DEU,4111
71,61,880,1971,62161,12088,0.9618040000000001,1.789808,ESP,DEU,4111
74,61,880,1971,0,221956,1.382261,1.410232,FIN,DEU,4111
77,61,880,1971,112214,30156,1.7299959999999999,1.562786,FRA,DEU,4111
81,61,880,1971,122442,104810,2.1646669999999997,0.034970999999999995,GBR,DEU,4111
90,61,880,1971,0,1016,0.373161,0.153613,GRC,DEU,4111
97,61,880,1971,0,4476,1.4643760000000001,1.159238,HKG,DEU,4111
102,61,880,1971,0,38479,0.8639760000000001,1.2125059999999999,HUN,DEU,4111
103,61,880,1971,0,6333,-1.335787,-0.813966,IDN,DEU,4111
104,61,880,1971,0,12828,0.28820999999999997,0.790629,IND,DEU,4111
107,61,880,1971,0,11532,-0.7509680000000001,-0.721083,IRN,DEU,4111
108,61,880,1971,0,1004,-0.5225569999999999,-0.438028,IRQ,DEU,4111
109,61,880,1971,1693456,0,0.12083900000000002,-0.37900100000000003,ISL,DEU,4111
110,61,880,1971,0,5938,0.8357530000000001,0.8589479999999999,ISR,DEU,4111
111,61,880,1971,2733,32294,2.039661,1.10519,ITA,DEU,4111
114,61,880,1971,210801,0,1.862756,2.170372,JPN,DEU,4111
116,61,880,1971,0,10130,-0.119521,0.044922000000000004,KEN,DEU,4111
121,61,880,1971,0,5808,0.804658,0.44236899999999996,KOR,DEU,4111
124,61,880,1971,0,167541,0.6515989999999999,1.542378,LBN,DEU,4111
134,61,880,1971,88530,0,-0.016735,-0.41776599999999997,MAR,DEU,4111
162,61,880,1971,744748,276661,1.3564690000000001,2.749828,NLD,DEU,4111
163,61,880,1971,1483683,0,1.297569,1.870238,NOR,DEU,4111
166,61,880,1971,0,1002,0.188851,-0.346439,NZL,DEU,4111
169,61,880,1971,75671,955,0.641183,-0.062375,PAN,DEU,4111
173,61,880,1971,19159468,0,-0.7457020000000001,-0.882229,PER,DEU,4111
179,61,880,1971,114455,1003,0.9233389999999999,1.184635,PRT,DEU,4111
180,61,880,1971,0,1353,-0.48826,-0.712018,PRY,DEU,4111
186,61,880,1971,2183275,0,0.42000600000000005,0.512301,RUS,DEU,4111
197,61,880,1971,0,1816,0.807056,0.476688,SLV,DEU,4111
208,61,880,1971,194292,3072,2.190846,2.570859,SWE,DEU,4111
224,61,880,1971,2801,41394,-0.443655,-0.521285,TUR,DEU,4111
231,61,880,1971,2010098,5013,1.873357,1.848336,USA,DEU,4111
236,61,880,1971,0,1982,-0.9655290000000001,-0.651151,VEN,DEU,4111
245,61,880,1971,0,15864,1.106614,2.43735,YUG,DEU,4111
246,61,880,1971,0,2007,-0.285408,-0.146573,ZAF,DEU,4111
247,61,880,1971,0,215329,-0.8803290000000001,-0.7895399999999999,ZMB,DEU,4111
249,61,880,1971,0,2255,1.123146,1.440067,TWN,DEU,4111
8,64,880,1971,0,3795,0.0024230000000000002,0.084024,ARG,DNK,4111
32,64,880,1971,0,6376,-0.326897,-0.229088,BRA,DNK,4111
61,64,880,1971,41107,433105,2.304817,-1.885431,DEU,DNK,4111
71,64,880,1971,0,123123,0.9618040000000001,1.789808,ESP,DNK,4111
74,64,880,1971,0,107037,1.382261,1.410232,FIN,DNK,4111
81,64,880,1971,26646,3074644,2.1646669999999997,0.034970999999999995,GBR,DNK,4111
109,64,880,1971,17198,0,0.12083900000000002,-0.37900100000000003,ISL,DNK,4111
124,64,880,1971,0,23991,0.6515989999999999,1.542378,LBN,DNK,4111
162,64,880,1971,0,96455,1.3564690000000001,2.749828,NLD,DNK,4111
163,64,880,1971,634903,0,1.297569,1.870238,NOR,DNK,4111
173,64,880,1971,889789,0,-0.7457020000000001,-0.882229,PER,DNK,4111
177,64,880,1971,0,53354,0.8294520000000001,1.636849,POL,DNK,4111
208,64,880,1971,0,1995,2.190846,2.570859,SWE,DNK,4111
231,64,880,1971,0,3149,1.873357,1.848336,USA,DNK,4111
249,64,880,1971,0,4683,1.123146,1.440067,TWN,DNK,4111
8,77,880,1971,45210,0,0.0024230000000000002,0.084024,ARG,FRA,4111
14,77,880,1971,195990,0,0.019735,0.02329,AUS,FRA,4111
15,77,880,1971,0,95158,1.984568,0.9571209999999999,AUT,FRA,4111
18,77,880,1971,37722,239199,1.495689,2.262083,BEL,FRA,4111
32,77,880,1971,0,1076,-0.326897,-0.229088,BRA,FRA,4111
41,77,880,1971,0,11529,2.242028,1.9425029999999999,CHE,FRA,4111
44,77,880,1971,51084,0,-0.719483,-0.700326,CIV,FRA,4111
47,77,880,1971,0,1414,-0.9411219999999999,-0.728664,COG,FRA,4111
61,77,880,1971,30156,112214,2.304817,-1.885431,DEU,FRA,4111
66,77,880,1971,0,3953,-0.42629399999999995,-0.612192,DZA,FRA,4111
71,77,880,1971,316181,53490,0.9618040000000001,1.789808,ESP,FRA,4111
81,77,880,1971,53842,0,2.1646669999999997,0.034970999999999995,GBR,FRA,4111
109,77,880,1971,77133,0,0.12083900000000002,-0.37900100000000003,ISL,FRA,4111
111,77,880,1971,1634,433540,2.039661,1.10519,ITA,FRA,4111
114,77,880,1971,24061,0,1.862756,2.170372,JPN,FRA,4111
134,77,880,1971,731926,4694,-0.016735,-0.41776599999999997,MAR,FRA,4111
148,77,880,1971,117310,0,-0.791432,-0.798547,MRT,FRA,4111
162,77,880,1971,66042,154968,1.3564690000000001,2.749828,NLD,FRA,4111
163,77,880,1971,847446,0,1.297569,1.870238,NOR,FRA,4111
169,77,880,1971,100140,0,0.641183,-0.062375,PAN,FRA,4111
173,77,880,1971,864589,0,-0.7457020000000001,-0.882229,PER,FRA,4111
179,77,880,1971,607392,1079,0.9233389999999999,1.184635,PRT,FRA,4111
185,77,880,1971,0,112784,1.0355299999999998,1.5666129999999998,ROU,FRA,4111
186,77,880,1971,197526,0,0.42000600000000005,0.512301,RUS,FRA,4111
191,77,880,1971,14000,0,-0.100347,-0.469422,SEN,FRA,4111
223,77,880,1971,0,2509,-0.28817,-0.6084189999999999,TUN,FRA,4111
224,77,880,1971,0,8524,-0.443655,-0.521285,TUR,FRA,4111
231,77,880,1971,529802,0,1.873357,1.848336,USA,FRA,4111
245,77,880,1971,0,41005,1.106614,2.43735,YUG,FRA,4111
246,77,880,1971,29668,0,-0.285408,-0.146573,ZAF,FRA,4111
14,81,880,1971,1380987,69817,0.019735,0.02329,AUS,GBR,4111
15,81,880,1971,0,32800,1.984568,0.9571209999999999,AUT,GBR,4111
18,81,880,1971,0,3206,1.495689,2.262083,BEL,GBR,4111
30,81,880,1971,1504946,2339,0.637919,0.031731999999999996,BMU,GBR,4111
33,81,880,1971,0,16879,0.935667,0.839299,BRB,GBR,4111
39,81,880,1971,1116666,144514,0.543049,0.772374,CAN,GBR,4111
41,81,880,1971,3226,223928,2.242028,1.9425029999999999,CHE,GBR,4111
42,81,880,1971,0,6606,-0.231579,-0.6383479999999999,CHL,GBR,4111
46,81,880,1971,0,1862,-1.16333,-0.708263,COD,GBR,4111
49,81,880,1971,0,1035,-0.114488,-0.492489,COL,GBR,4111
53,81,880,1971,0,46080,1.7241369999999998,2.76252,CSK,GBR,4111
54,81,880,1971,0,6573,0.12061400000000001,-0.6260180000000001,CUB,GBR,4111
61,81,880,1971,104810,122442,2.304817,-1.885431,DEU,GBR,4111
64,81,880,1971,3074644,26646,1.5224870000000001,2.45498,DNK,GBR,4111
65,81,880,1971,0,3082,-0.236627,-0.716432,DOM,GBR,4111
66,81,880,1971,0,6496,-0.42629399999999995,-0.612192,DZA,GBR,4111
68,81,880,1971,0,14702,0.192492,-0.374212,EGY,GBR,4111
71,81,880,1971,0,17163,0.9618040000000001,1.789808,ESP,GBR,4111
73,81,880,1971,0,1604,-0.9625530000000001,-0.946401,ETH,GBR,4111
74,81,880,1971,0,41710,1.382261,1.410232,FIN,GBR,4111
75,81,880,1971,0,1740,0.057053,-0.490021,FJI,GBR,4111
77,81,880,1971,0,53842,1.7299959999999999,1.562786,FRA,GBR,4111
78,81,880,1971,964956,0,-0.604657,-0.47572,FRO,GBR,4111
83,81,880,1971,0,5241,-0.948254,-0.880582,GHA,GBR,4111
90,81,880,1971,0,25004,0.373161,0.153613,GRC,GBR,4111
93,81,880,1971,0,1136,0.513422,0.31249099999999996,GTM,GBR,4111
96,81,880,1971,0,7549,0.006441,-0.42498800000000003,GUY,GBR,4111
97,81,880,1971,0,115106,1.4643760000000001,1.159238,HKG,GBR,4111
103,81,880,1971,0,1606,-1.335787,-0.813966,IDN,GBR,4111
104,81,880,1971,0,27647,0.28820999999999997,0.790629,IND,GBR,4111
106,81,880,1971,153245,9263,1.0895219999999999,1.885416,IRL,GBR,4111
107,81,880,1971,0,9289,-0.7509680000000001,-0.721083,IRN,GBR,4111
109,81,880,1971,706806,0,0.12083900000000002,-0.37900100000000003,ISL,GBR,4111
110,81,880,1971,0,8442,0.8357530000000001,0.8589479999999999,ISR,GBR,4111
111,81,880,1971,0,216184,2.039661,1.10519,ITA,GBR,4111
112,81,880,1971,0,2453,0.283952,-0.541592,JAM,GBR,4111
113,81,880,1971,0,2401,0.344856,-0.11885699999999999,JOR,GBR,4111
114,81,880,1971,40950,2509,1.862756,2.170372,JPN,GBR,4111
116,81,880,1971,2668,40626,-0.119521,0.044922000000000004,KEN,GBR,4111
128,81,880,1971,0,6108,-1.144836,-0.753853,LKA,GBR,4111
134,81,880,1971,0,3410,-0.016735,-0.41776599999999997,MAR,GBR,4111
138,81,880,1971,3518,49652,0.694692,1.631725,MEX,GBR,4111
142,81,880,1971,0,2009,1.567812,1.889177,MLT,GBR,4111
151,81,880,1971,0,4289,-0.592737,-0.767588,MUS,GBR,4111
153,81,880,1971,0,33516,-0.636547,-0.648471,MYS,GBR,4111
159,81,880,1971,0,18568,-1.6915639999999998,-0.8931879999999999,NGA,GBR,4111
162,81,880,1971,1033078,152705,1.3564690000000001,2.749828,NLD,GBR,4111
163,81,880,1971,10465418,2542,1.297569,1.870238,NOR,GBR,4111
166,81,880,1971,11750,35744,0.188851,-0.346439,NZL,GBR,4111
168,81,880,1971,0,77021,-0.160556,-0.48263,PAK,GBR,4111
173,81,880,1971,8909498,3030,-0.7457020000000001,-0.882229,PER,GBR,4111
176,81,880,1971,0,1356,-0.222694,-0.396214,PNG,GBR,4111
179,81,880,1971,484989,14815,0.9233389999999999,1.184635,PRT,GBR,4111
180,81,880,1971,0,1102,-0.48826,-0.712018,PRY,GBR,4111
186,81,880,1971,6432,0,0.42000600000000005,0.512301,RUS,GBR,4111
190,81,880,1971,0,8707,-1.375243,-0.9691209999999999,SDN,GBR,4111
192,81,880,1971,0,43842,0.540057,0.9167700000000001,SGP,GBR,4111
208,81,880,1971,0,72294,2.190846,2.570859,SWE,GBR,4111
212,81,880,1971,0,7240,0.082847,-0.600657,SYR,GBR,4111
216,81,880,1971,0,14538,-0.767467,-0.557866,THA,GBR,4111
222,81,880,1971,0,24129,0.6038479999999999,-0.19159,TTO,GBR,4111
224,81,880,1971,0,4671,-0.443655,-0.521285,TUR,GBR,4111
231,81,880,1971,2241958,328134,1.873357,1.848336,USA,GBR,4111
236,81,880,1971,0,1634,-0.9655290000000001,-0.651151,VEN,GBR,4111
245,81,880,1971,0,30615,1.106614,2.43735,YUG,GBR,4111
246,81,880,1971,4336162,7218,-0.285408,-0.146573,ZAF,GBR,4111
249,81,880,1971,0,43309,1.123146,1.440067,TWN,GBR,4111
250,81,880,1971,0,3141,0.740793,0.11133,ANS,GBR,4111
18,90,880,1971,2844,0,1.495689,2.262083,BEL,GRC,4111
61,90,880,1971,1016,0,2.304817,-1.885431,DEU,GRC,4111
81,90,880,1971,25004,0,2.1646669999999997,0.034970999999999995,GBR,GRC,4111
109,90,880,1971,12233,0,0.12083900000000002,-0.37900100000000003,ISL,GRC,4111
162,90,880,1971,6752,0,1.3564690000000001,2.749828,NLD,GRC,4111
163,90,880,1971,131016,0,1.297569,1.870238,NOR,GRC,4111
224,90,880,1971,6948,0,-0.443655,-0.521285,TUR,GRC,4111
61,97,880,1971,4476,0,2.304817,-1.885431,DEU,HKG,4111
81,97,880,1971,115106,0,2.1646669999999997,0.034970999999999995,GBR,HKG,4111
114,97,880,1971,11155,0,1.862756,2.170372,JPN,HKG,4111
153,97,880,1971,2194,0,-0.636547,-0.648471,MYS,HKG,4111
163,97,880,1971,38986,0,1.297569,1.870238,NOR,HKG,4111
168,97,880,1971,0,972,-0.160556,-0.48263,PAK,HKG,4111
249,97,880,1971,0,1615,1.123146,1.440067,TWN,HKG,4111
24,104,880,1971,0,1467,0.811757,-0.086967,BHR,IND,4111
33,104,880,1971,0,689,0.935667,0.839299,BRB,IND,4111
61,104,880,1971,12828,0,2.304817,-1.885431,DEU,IND,4111
81,104,880,1971,27647,0,2.1646669999999997,0.034970999999999995,GBR,IND,4111
108,104,880,1971,0,3461,-0.5225569999999999,-0.438028,IRQ,IND,4111
163,104,880,1971,2649,0,1.297569,1.870238,NOR,IND,4111
183,104,880,1971,0,1155,-1.0228190000000001,-0.519414,QAT,IND,4111
245,104,880,1971,0,4905,1.106614,2.43735,YUG,IND,4111
61,107,880,1971,11532,0,2.304817,-1.885431,DEU,IRN,4111
81,107,880,1971,9289,0,2.1646669999999997,0.034970999999999995,GBR,IRN,4111
109,107,880,1971,2335,0,0.12083900000000002,-0.37900100000000003,ISL,IRN,4111
122,107,880,1971,0,3680,-0.589441,-0.5007699999999999,KWT,IRN,4111
162,107,880,1971,2660,0,1.3564690000000001,2.749828,NLD,IRN,4111
163,107,880,1971,1095,0,1.297569,1.870238,NOR,IRN,4111
61,108,880,1971,1004,0,2.304817,-1.885431,DEU,IRQ,4111
104,108,880,1971,3461,0,0.28820999999999997,0.790629,IND,IRQ,4111
122,108,880,1971,4316,0,-0.589441,-0.5007699999999999,KWT,IRQ,4111
162,108,880,1971,1573,0,1.3564690000000001,2.749828,NLD,IRQ,4111
163,108,880,1971,34438,0,1.297569,1.870238,NOR,IRQ,4111
14,109,880,1971,0,38039,0.019735,0.02329,AUS,ISL,4111
18,109,880,1971,0,3784,1.495689,2.262083,BEL,ISL,4111
32,109,880,1971,0,41212,-0.326897,-0.229088,BRA,ISL,4111
41,109,880,1971,0,19842,2.242028,1.9425029999999999,CHE,ISL,4111
61,109,880,1971,0,1693456,2.304817,-1.885431,DEU,ISL,4111
64,109,880,1971,0,17198,1.5224870000000001,2.45498,DNK,ISL,4111
71,109,880,1971,0,311996,0.9618040000000001,1.789808,ESP,ISL,4111
74,109,880,1971,0,91190,1.382261,1.410232,FIN,ISL,4111
77,109,880,1971,0,77133,1.7299959999999999,1.562786,FRA,ISL,4111
81,109,880,1971,0,706806,2.1646669999999997,0.034970999999999995,GBR,ISL,4111
90,109,880,1971,0,12233,0.373161,0.153613,GRC,ISL,4111
102,109,880,1971,0,3268,0.8639760000000001,1.2125059999999999,HUN,ISL,4111
107,109,880,1971,0,2335,-0.7509680000000001,-0.721083,IRN,ISL,4111
111,109,880,1971,0,3147,2.039661,1.10519,ITA,ISL,4111
159,109,880,1971,0,9297,-1.6915639999999998,-0.8931879999999999,NGA,ISL,4111
162,109,880,1971,0,151221,1.3564690000000001,2.749828,NLD,ISL,4111
163,109,880,1971,0,956408,1.297569,1.870238,NOR,ISL,4111
224,109,880,1971,0,17612,-0.443655,-0.521285,TUR,ISL,4111
231,109,880,1971,0,133088,1.873357,1.848336,USA,ISL,4111
61,111,880,1971,32294,2733,2.304817,-1.885431,DEU,ITA,4111
71,111,880,1971,13334,0,0.9618040000000001,1.789808,ESP,ITA,4111
77,111,880,1971,433540,1634,1.7299959999999999,1.562786,FRA,ITA,4111
81,111,880,1971,216184,0,2.1646669999999997,0.034970999999999995,GBR,ITA,4111
109,111,880,1971,3147,0,0.12083900000000002,-0.37900100000000003,ISL,ITA,4111
114,111,880,1971,17095,3453,1.862756,2.170372,JPN,ITA,4111
162,111,880,1971,130986,0,1.3564690000000001,2.749828,NLD,ITA,4111
163,111,880,1971,669438,0,1.297569,1.870238,NOR,ITA,4111
173,111,880,1971,74024,0,-0.7457020000000001,-0.882229,PER,ITA,4111
179,111,880,1971,183828,1393,0.9233389999999999,1.184635,PRT,ITA,4111
186,111,880,1971,140454,0,0.42000600000000005,0.512301,RUS,ITA,4111
224,111,880,1971,0,1004,-0.443655,-0.521285,TUR,ITA,4111
231,111,880,1971,1403,0,1.873357,1.848336,USA,ITA,4111
245,111,880,1971,0,31552,1.106614,2.43735,YUG,ITA,4111
246,111,880,1971,13438,0,-0.285408,-0.146573,ZAF,ITA,4111
250,111,880,1971,0,3669,0.740793,0.11133,ANS,ITA,4111
2,114,880,1971,102113,0,-1.208704,-0.854866,AGO,JPN,4111
6,114,880,1971,0,1202,0.890891,0.10081699999999999,ANT,JPN,4111
14,114,880,1971,0,8863,0.019735,0.02329,AUS,JPN,4111
32,114,880,1971,0,8142,-0.326897,-0.229088,BRA,JPN,4111
39,114,880,1971,0,78933,0.543049,0.772374,CAN,JPN,4111
41,114,880,1971,0,23787,2.242028,1.9425029999999999,CHE,JPN,4111
61,114,880,1971,0,210801,2.304817,-1.885431,DEU,JPN,4111
71,114,880,1971,67577,6996,0.9618040000000001,1.789808,ESP,JPN,4111
77,114,880,1971,0,24061,1.7299959999999999,1.562786,FRA,JPN,4111
81,114,880,1971,2509,40950,2.1646669999999997,0.034970999999999995,GBR,JPN,4111
97,114,880,1971,0,11155,1.4643760000000001,1.159238,HKG,JPN,4111
103,114,880,1971,0,6212,-1.335787,-0.813966,IDN,JPN,4111
106,114,880,1971,2377,0,1.0895219999999999,1.885416,IRL,JPN,4111
110,114,880,1971,0,4735,0.8357530000000001,0.8589479999999999,ISR,JPN,4111
111,114,880,1971,3453,17095,2.039661,1.10519,ITA,JPN,4111
121,114,880,1971,13346,1400256,0.804658,0.44236899999999996,KOR,JPN,4111
147,114,880,1971,0,11377,-0.670024,-0.6290560000000001,MOZ,JPN,4111
153,114,880,1971,0,1266,-0.636547,-0.648471,MYS,JPN,4111
162,114,880,1971,0,11602228,1.3564690000000001,2.749828,NLD,JPN,4111
163,114,880,1971,261033,41195,1.297569,1.870238,NOR,JPN,4111
174,114,880,1971,3281,2397,-0.39003899999999997,-0.709147,PHL,JPN,4111
186,114,880,1971,93094,0,0.42000600000000005,0.512301,RUS,JPN,4111
192,114,880,1971,0,4626,0.540057,0.9167700000000001,SGP,JPN,4111
231,114,880,1971,229997,4879934,1.873357,1.848336,USA,JPN,4111
249,114,880,1971,33623,81581,1.123146,1.440067,TWN,JPN,4111
250,114,880,1971,0,10980,0.740793,0.11133,ANS,JPN,4111
7,122,880,1971,2814,0,-0.455717,-0.601296,ARE,KWT,4111
24,122,880,1971,34,0,0.811757,-0.086967,BHR,KWT,4111
107,122,880,1971,3680,0,-0.7509680000000001,-0.721083,IRN,KWT,4111
108,122,880,1971,0,4316,-0.5225569999999999,-0.438028,IRQ,KWT,4111
61,124,880,1971,167541,0,2.304817,-1.885431,DEU,LBN,4111
64,124,880,1971,23991,0,1.5224870000000001,2.45498,DNK,LBN,4111
162,124,880,1971,1352,0,1.3564690000000001,2.749828,NLD,LBN,4111
163,124,880,1971,30036,0,1.297569,1.870238,NOR,LBN,4111
231,124,880,1971,48747,0,1.873357,1.848336,USA,LBN,4111
2,162,880,1971,477630,0,-1.208704,-0.854866,AGO,NLD,4111
8,162,880,1971,107508,1380,0.0024230000000000002,0.084024,ARG,NLD,4111
15,162,880,1971,0,19369,1.984568,0.9571209999999999,AUT,NLD,4111
18,162,880,1971,84325,1018532,1.495689,2.262083,BEL,NLD,4111
31,162,880,1971,0,784,-0.578729,-0.640841,BOL,NLD,4111
32,162,880,1971,0,152341,-0.326897,-0.229088,BRA,NLD,4111
39,162,880,1971,73131,0,0.543049,0.772374,CAN,NLD,4111
41,162,880,1971,0,4987,2.242028,1.9425029999999999,CHE,NLD,4111
42,162,880,1971,810554,0,-0.231579,-0.6383479999999999,CHL,NLD,4111
61,162,880,1971,276661,744748,2.304817,-1.885431,DEU,NLD,4111
64,162,880,1971,96455,0,1.5224870000000001,2.45498,DNK,NLD,4111
71,162,880,1971,58238,91461,0.9618040000000001,1.789808,ESP,NLD,4111
77,162,880,1971,154968,66042,1.7299959999999999,1.562786,FRA,NLD,4111
81,162,880,1971,152705,1033078,2.1646669999999997,0.034970999999999995,GBR,NLD,4111
90,162,880,1971,0,6752,0.373161,0.153613,GRC,NLD,4111
96,162,880,1971,0,1937,0.006441,-0.42498800000000003,GUY,NLD,4111
106,162,880,1971,0,2973,1.0895219999999999,1.885416,IRL,NLD,4111
107,162,880,1971,0,2660,-0.7509680000000001,-0.721083,IRN,NLD,4111
108,162,880,1971,0,1573,-0.5225569999999999,-0.438028,IRQ,NLD,4111
109,162,880,1971,151221,0,0.12083900000000002,-0.37900100000000003,ISL,NLD,4111
111,162,880,1971,0,130986,2.039661,1.10519,ITA,NLD,4111
114,162,880,1971,11602228,0,1.862756,2.170372,JPN,NLD,4111
116,162,880,1971,0,3085,-0.119521,0.044922000000000004,KEN,NLD,4111
124,162,880,1971,0,1352,0.6515989999999999,1.542378,LBN,NLD,4111
134,162,880,1971,32617,0,-0.016735,-0.41776599999999997,MAR,NLD,4111
138,162,880,1971,68630,108071,0.694692,1.631725,MEX,NLD,4111
163,162,880,1971,618227,154520,1.297569,1.870238,NOR,NLD,4111
169,162,880,1971,17459,0,0.641183,-0.062375,PAN,NLD,4111
173,162,880,1971,12955001,0,-0.7457020000000001,-0.882229,PER,NLD,4111
177,162,880,1971,0,16421,0.8294520000000001,1.636849,POL,NLD,4111
179,162,880,1971,205560,0,0.9233389999999999,1.184635,PRT,NLD,4111
186,162,880,1971,36887,0,0.42000600000000005,0.512301,RUS,NLD,4111
191,162,880,1971,0,2972,-0.100347,-0.469422,SEN,NLD,4111
231,162,880,1971,10595485,2599672,1.873357,1.848336,USA,NLD,4111
236,162,880,1971,0,1754,-0.9655290000000001,-0.651151,VEN,NLD,4111
245,162,880,1971,0,28282,1.106614,2.43735,YUG,NLD,4111
246,162,880,1971,210959,0,-0.285408,-0.146573,ZAF,NLD,4111
250,162,880,1971,112629,0,0.740793,0.11133,ANS,NLD,4111
2,163,880,1971,11716,0,-1.208704,-0.854866,AGO,NOR,4111
8,163,880,1971,0,1015,0.0024230000000000002,0.084024,ARG,NOR,4111
14,163,880,1971,0,37638,0.019735,0.02329,AUS,NOR,4111
15,163,880,1971,0,72267,1.984568,0.9571209999999999,AUT,NOR,4111
18,163,880,1971,0,114351,1.495689,2.262083,BEL,NOR,4111
23,163,880,1971,0,20877,0.65271,1.027758,BGR,NOR,4111
25,163,880,1971,380043,0,0.356122,-0.181398,BHS,NOR,4111
31,163,880,1971,0,10255,-0.578729,-0.640841,BOL,NOR,4111
32,163,880,1971,0,266115,-0.326897,-0.229088,BRA,NOR,4111
39,163,880,1971,0,1383,0.543049,0.772374,CAN,NOR,4111
41,163,880,1971,0,125248,2.242028,1.9425029999999999,CHE,NOR,4111
42,163,880,1971,0,2253,-0.231579,-0.6383479999999999,CHL,NOR,4111
49,163,880,1971,0,136234,-0.114488,-0.492489,COL,NOR,4111
52,163,880,1971,0,6184,0.9643510000000001,0.613066,CRI,NOR,4111
53,163,880,1971,0,1015625,1.7241369999999998,2.76252,CSK,NOR,4111
58,163,880,1971,0,5718,0.266353,-0.404526,CYP,NOR,4111
61,163,880,1971,0,1483683,2.304817,-1.885431,DEU,NOR,4111
64,163,880,1971,0,634903,1.5224870000000001,2.45498,DNK,NOR,4111
67,163,880,1971,0,8364,-0.8731540000000001,-0.931018,ECU,NOR,4111
68,163,880,1971,0,1552,0.192492,-0.374212,EGY,NOR,4111
71,163,880,1971,66594,227395,0.9618040000000001,1.789808,ESP,NOR,4111
74,163,880,1971,0,99029,1.382261,1.410232,FIN,NOR,4111
77,163,880,1971,0,847446,1.7299959999999999,1.562786,FRA,NOR,4111
81,163,880,1971,2542,10465418,2.1646669999999997,0.034970999999999995,GBR,NOR,4111
86,163,880,1971,0,7781,-0.531874,-0.39812800000000004,GLP,NOR,4111
90,163,880,1971,0,131016,0.373161,0.153613,GRC,NOR,4111
93,163,880,1971,0,13913,0.513422,0.31249099999999996,GTM,NOR,4111
97,163,880,1971,0,38986,1.4643760000000001,1.159238,HKG,NOR,4111
102,163,880,1971,0,172847,0.8639760000000001,1.2125059999999999,HUN,NOR,4111
103,163,880,1971,0,5588,-1.335787,-0.813966,IDN,NOR,4111
104,163,880,1971,0,2649,0.28820999999999997,0.790629,IND,NOR,4111
106,163,880,1971,0,4397,1.0895219999999999,1.885416,IRL,NOR,4111
107,163,880,1971,0,1095,-0.7509680000000001,-0.721083,IRN,NOR,4111
108,163,880,1971,0,34438,-0.5225569999999999,-0.438028,IRQ,NOR,4111
109,163,880,1971,956408,0,0.12083900000000002,-0.37900100000000003,ISL,NOR,4111
110,163,880,1971,0,7609,0.8357530000000001,0.8589479999999999,ISR,NOR,4111
111,163,880,1971,0,669438,2.039661,1.10519,ITA,NOR,4111
114,163,880,1971,41195,261033,1.862756,2.170372,JPN,NOR,4111
116,163,880,1971,0,1625,-0.119521,0.044922000000000004,KEN,NOR,4111
121,163,880,1971,0,17153,0.804658,0.44236899999999996,KOR,NOR,4111
124,163,880,1971,0,30036,0.6515989999999999,1.542378,LBN,NOR,4111
128,163,880,1971,0,8954,-1.144836,-0.753853,LKA,NOR,4111
138,163,880,1971,0,372302,0.694692,1.631725,MEX,NOR,4111
142,163,880,1971,0,48462,1.567812,1.889177,MLT,NOR,4111
153,163,880,1971,0,19960,-0.636547,-0.648471,MYS,NOR,4111
160,163,880,1971,0,4932,0.21678699999999998,-0.085482,NIC,NOR,4111
162,163,880,1971,154520,618227,1.3564690000000001,2.749828,NLD,NOR,4111
166,163,880,1971,0,29041,0.188851,-0.346439,NZL,NOR,4111
168,163,880,1971,0,3672,-0.160556,-0.48263,PAK,NOR,4111
173,163,880,1971,2203762,3584,-0.7457020000000001,-0.882229,PER,NOR,4111
174,163,880,1971,0,21866,-0.39003899999999997,-0.709147,PHL,NOR,4111
177,163,880,1971,0,147493,0.8294520000000001,1.636849,POL,NOR,4111
179,163,880,1971,39878,39046,0.9233389999999999,1.184635,PRT,NOR,4111
191,163,880,1971,0,2874,-0.100347,-0.469422,SEN,NOR,4111
192,163,880,1971,0,26338,0.540057,0.9167700000000001,SGP,NOR,4111
197,163,880,1971,0,6571,0.807056,0.476688,SLV,NOR,4111
208,163,880,1971,361657,1051295,2.190846,2.570859,SWE,NOR,4111
216,163,880,1971,0,1930,-0.767467,-0.557866,THA,NOR,4111
224,163,880,1971,0,42502,-0.443655,-0.521285,TUR,NOR,4111
230,163,880,1971,0,53425,0.24810300000000002,-0.16614600000000002,URY,NOR,4111
231,163,880,1971,2008,404893,1.873357,1.848336,USA,NOR,4111
236,163,880,1971,0,8150,-0.9655290000000001,-0.651151,VEN,NOR,4111
245,163,880,1971,0,119955,1.106614,2.43735,YUG,NOR,4111
246,163,880,1971,9068,7639,-0.285408,-0.146573,ZAF,NOR,4111
247,163,880,1971,0,234070,-0.8803290000000001,-0.7895399999999999,ZMB,NOR,4111
81,168,880,1971,77021,0,2.1646669999999997,0.034970999999999995,GBR,PAK,4111
97,168,880,1971,972,0,1.4643760000000001,1.159238,HKG,PAK,4111
163,168,880,1971,3672,0,1.297569,1.870238,NOR,PAK,4111
61,186,880,1971,0,2183275,2.304817,-1.885431,DEU,RUS,4111
77,186,880,1971,0,197526,1.7299959999999999,1.562786,FRA,RUS,4111
81,186,880,1971,0,6432,2.1646669999999997,0.034970999999999995,GBR,RUS,4111
111,186,880,1971,0,140454,2.039661,1.10519,ITA,RUS,4111
114,186,880,1971,0,93094,1.862756,2.170372,JPN,RUS,4111
162,186,880,1971,0,36887,1.3564690000000001,2.749828,NLD,RUS,4111
32,192,880,1971,1296,0,-0.326897,-0.229088,BRA,SGP,4111
43,192,880,1971,2590,0,0.551566,1.636164,CHN,SGP,4111
81,192,880,1971,43842,0,2.1646669999999997,0.034970999999999995,GBR,SGP,4111
114,192,880,1971,4626,0,1.862756,2.170372,JPN,SGP,4111
118,192,880,1971,1852,0,-0.868826,-0.796129,KHM,SGP,4111
153,192,880,1971,0,3173,-0.636547,-0.648471,MYS,SGP,4111
163,192,880,1971,26338,0,1.297569,1.870238,NOR,SGP,4111
61,208,880,1971,3072,194292,2.304817,-1.885431,DEU,SWE,4111
64,208,880,1971,1995,0,1.5224870000000001,2.45498,DNK,SWE,4111
81,208,880,1971,72294,0,2.1646669999999997,0.034970999999999995,GBR,SWE,4111
163,208,880,1971,1051295,361657,1.297569,1.870238,NOR,SWE,4111
173,208,880,1971,68905,0,-0.7457020000000001,-0.882229,PER,SWE,4111
224,208,880,1971,0,1893,-0.443655,-0.521285,TUR,SWE,4111
231,208,880,1971,3098115,0,1.873357,1.848336,USA,SWE,4111
81,216,880,1971,14538,0,2.1646669999999997,0.034970999999999995,GBR,THA,4111
134,216,880,1971,6980,0,-0.016735,-0.41776599999999997,MAR,THA,4111
163,216,880,1971,1930,0,1.297569,1.870238,NOR,THA,4111
8,231,880,1971,0,7240,0.0024230000000000002,0.084024,ARG,USA,4111
14,231,880,1971,272189,14471,0.019735,0.02329,AUS,USA,4111
18,231,880,1971,0,9107,1.495689,2.262083,BEL,USA,4111
32,231,880,1971,0,2982,-0.326897,-0.229088,BRA,USA,4111
39,231,880,1971,714794,515193,0.543049,0.772374,CAN,USA,4111
41,231,880,1971,0,4247,2.242028,1.9425029999999999,CHE,USA,4111
49,231,880,1971,0,7569,-0.114488,-0.492489,COL,USA,4111
61,231,880,1971,5013,2010098,2.304817,-1.885431,DEU,USA,4111
64,231,880,1971,3149,0,1.5224870000000001,2.45498,DNK,USA,4111
67,231,880,1971,0,2913,-0.8731540000000001,-0.931018,ECU,USA,4111
71,231,880,1971,220865,2081,0.9618040000000001,1.789808,ESP,USA,4111
77,231,880,1971,0,529802,1.7299959999999999,1.562786,FRA,USA,4111
81,231,880,1971,328134,2241958,2.1646669999999997,0.034970999999999995,GBR,USA,4111
99,231,880,1971,0,13558,-0.47721,-0.841176,HND,USA,4111
101,231,880,1971,0,1175,0.47879399999999994,-0.145479,HTI,USA,4111
109,231,880,1971,133088,0,0.12083900000000002,-0.37900100000000003,ISL,USA,4111
110,231,880,1971,0,5452,0.8357530000000001,0.8589479999999999,ISR,USA,4111
111,231,880,1971,0,1403,2.039661,1.10519,ITA,USA,4111
112,231,880,1971,0,10056,0.283952,-0.541592,JAM,USA,4111
114,231,880,1971,4879934,229997,1.862756,2.170372,JPN,USA,4111
120,231,880,1971,2200,0,0.8502790000000001,-0.07904800000000001,KNA,USA,4111
124,231,880,1971,0,48747,0.6515989999999999,1.542378,LBN,USA,4111
138,231,880,1971,4942,40857,0.694692,1.631725,MEX,USA,4111
160,231,880,1971,1811,0,0.21678699999999998,-0.085482,NIC,USA,4111
162,231,880,1971,2599672,10595485,1.3564690000000001,2.749828,NLD,USA,4111
163,231,880,1971,404893,2008,1.297569,1.870238,NOR,USA,4111
166,231,880,1971,0,2581,0.188851,-0.346439,NZL,USA,4111
173,231,880,1971,743786,0,-0.7457020000000001,-0.882229,PER,USA,4111
174,231,880,1971,0,6191,-0.39003899999999997,-0.709147,PHL,USA,4111
185,231,880,1971,4727,0,1.0355299999999998,1.5666129999999998,ROU,USA,4111
208,231,880,1971,0,3098115,2.190846,2.570859,SWE,USA,4111
222,231,880,1971,0,9530,0.6038479999999999,-0.19159,TTO,USA,4111
236,231,880,1971,0,1791,-0.9655290000000001,-0.651151,VEN,USA,4111
246,231,880,1971,608887,397459,-0.285408,-0.146573,ZAF,USA,4111
61,249,880,1971,2255,0,2.304817,-1.885431,DEU,TWN,4111
64,249,880,1971,4683,0,1.5224870000000001,2.45498,DNK,TWN,4111
81,249,880,1971,43309,0,2.1646669999999997,0.034970999999999995,GBR,TWN,4111
97,249,880,1971,1615,0,1.4643760000000001,1.159238,HKG,TWN,4111
114,249,880,1971,81581,33623,1.862756,2.170372,JPN,TWN,4111
24,250,880,1971,0,2770,0.811757,-0.086967,BHR,ANS,4111
33,250,880,1971,0,13558,0.935667,0.839299,BRB,ANS,4111
41,250,880,1971,1254,0,2.242028,1.9425029999999999,CHE,ANS,4111
81,250,880,1971,3141,0,2.1646669999999997,0.034970999999999995,GBR,ANS,4111
111,250,880,1971,3669,0,2.039661,1.10519,ITA,ANS,4111
114,250,880,1971,10980,0,1.862756,2.170372,JPN,ANS,4111
162,250,880,1971,0,112629,1.3564690000000001,2.749828,NLD,ANS,4111
114,6,880,1971,1202,0,1.862756,2.170372,JPN,ANT,4111
42,32,880,1971,10938,0,-0.231579,-0.6383479999999999,CHL,BRA,4111
61,32,880,1971,56795,0,2.304817,-1.885431,DEU,BRA,4111
64,32,880,1971,6376,0,1.5224870000000001,2.45498,DNK,BRA,4111
77,32,880,1971,1076,0,1.7299959999999999,1.562786,FRA,BRA,4111
106,32,880,1971,0,69245,1.0895219999999999,1.885416,IRL,BRA,4111
109,32,880,1971,41212,0,0.12083900000000002,-0.37900100000000003,ISL,BRA,4111
114,32,880,1971,8142,0,1.862756,2.170372,JPN,BRA,4111
162,32,880,1971,152341,0,1.3564690000000001,2.749828,NLD,BRA,4111
163,32,880,1971,266115,0,1.297569,1.870238,NOR,BRA,4111
173,32,880,1971,1402,0,-0.7457020000000001,-0.882229,PER,BRA,4111
192,32,880,1971,0,1296,0.540057,0.9167700000000001,SGP,BRA,4111
231,32,880,1971,2982,0,1.873357,1.848336,USA,BRA,4111
77,44,880,1971,0,51084,1.7299959999999999,1.562786,FRA,CIV,4111
18,46,880,1971,1457,0,1.495689,2.262083,BEL,COD,4111
81,46,880,1971,1862,0,2.1646669999999997,0.034970999999999995,GBR,COD,4111
18,71,880,1971,2211,0,1.495689,2.262083,BEL,ESP,4111
41,71,880,1971,0,1945,2.242028,1.9425029999999999,CHE,ESP,4111
61,71,880,1971,12088,62161,2.304817,-1.885431,DEU,ESP,4111
64,71,880,1971,123123,0,1.5224870000000001,2.45498,DNK,ESP,4111
77,71,880,1971,53490,316181,1.7299959999999999,1.562786,FRA,ESP,4111
81,71,880,1971,17163,0,2.1646669999999997,0.034970999999999995,GBR,ESP,4111
102,71,880,1971,0,92053,0.8639760000000001,1.2125059999999999,HUN,ESP,4111
109,71,880,1971,311996,0,0.12083900000000002,-0.37900100000000003,ISL,ESP,4111
111,71,880,1971,0,13334,2.039661,1.10519,ITA,ESP,4111
114,71,880,1971,6996,67577,1.862756,2.170372,JPN,ESP,4111
148,71,880,1971,9174,0,-0.791432,-0.798547,MRT,ESP,4111
162,71,880,1971,91461,58238,1.3564690000000001,2.749828,NLD,ESP,4111
163,71,880,1971,227395,66594,1.297569,1.870238,NOR,ESP,4111
179,71,880,1971,118756,1542,0.9233389999999999,1.184635,PRT,ESP,4111
231,71,880,1971,2081,220865,1.873357,1.848336,USA,ESP,4111
61,74,880,1971,221956,0,2.304817,-1.885431,DEU,FIN,4111
64,74,880,1971,107037,0,1.5224870000000001,2.45498,DNK,FIN,4111
81,74,880,1971,41710,0,2.1646669999999997,0.034970999999999995,GBR,FIN,4111
109,74,880,1971,91190,0,0.12083900000000002,-0.37900100000000003,ISL,FIN,4111
163,74,880,1971,99029,0,1.297569,1.870238,NOR,FIN,4111
173,74,880,1971,166105,0,-0.7457020000000001,-0.882229,PER,FIN,4111
14,103,880,1971,324049,0,0.019735,0.02329,AUS,IDN,4111
61,103,880,1971,6333,0,2.304817,-1.885431,DEU,IDN,4111
81,103,880,1971,1606,0,2.1646669999999997,0.034970999999999995,GBR,IDN,4111
114,103,880,1971,6212,0,1.862756,2.170372,JPN,IDN,4111
163,103,880,1971,5588,0,1.297569,1.870238,NOR,IDN,4111
61,110,880,1971,5938,0,2.304817,-1.885431,DEU,ISR,4111
81,110,880,1971,8442,0,2.1646669999999997,0.034970999999999995,GBR,ISR,4111
114,110,880,1971,4735,0,1.862756,2.170372,JPN,ISR,4111
163,110,880,1971,7609,0,1.297569,1.870238,NOR,ISR,4111
231,110,880,1971,5452,0,1.873357,1.848336,USA,ISR,4111
114,147,880,1971,11377,0,1.862756,2.170372,JPN,MOZ,4111
14,153,880,1971,1934,0,0.019735,0.02329,AUS,MYS,4111
81,153,880,1971,33516,0,2.1646669999999997,0.034970999999999995,GBR,MYS,4111
97,153,880,1971,0,2194,1.4643760000000001,1.159238,HKG,MYS,4111
114,153,880,1971,1266,0,1.862756,2.170372,JPN,MYS,4111
163,153,880,1971,19960,0,1.297569,1.870238,NOR,MYS,4111
192,153,880,1971,3173,0,0.540057,0.9167700000000001,SGP,MYS,4111
81,159,880,1971,18568,0,2.1646669999999997,0.034970999999999995,GBR,NGA,4111
106,159,880,1971,0,28893,1.0895219999999999,1.885416,IRL,NGA,4111
109,159,880,1971,9297,0,0.12083900000000002,-0.37900100000000003,ISL,NGA,4111
14,166,880,1971,0,14788,0.019735,0.02329,AUS,NZL,4111
61,166,880,1971,1002,0,2.304817,-1.885431,DEU,NZL,4111
81,166,880,1971,35744,11750,2.1646669999999997,0.034970999999999995,GBR,NZL,4111
163,166,880,1971,29041,0,1.297569,1.870238,NOR,NZL,4111
231,166,880,1971,2581,0,1.873357,1.848336,USA,NZL,4111
64,177,880,1971,53354,0,1.5224870000000001,2.45498,DNK,POL,4111
162,177,880,1971,16421,0,1.3564690000000001,2.749828,NLD,POL,4111
163,177,880,1971,147493,0,1.297569,1.870238,NOR,POL,4111
61,179,880,1971,1003,114455,2.304817,-1.885431,DEU,PRT,4111
71,179,880,1971,1542,118756,0.9618040000000001,1.789808,ESP,PRT,4111
77,179,880,1971,1079,607392,1.7299959999999999,1.562786,FRA,PRT,4111
81,179,880,1971,14815,484989,2.1646669999999997,0.034970999999999995,GBR,PRT,4111
111,179,880,1971,1393,183828,2.039661,1.10519,ITA,PRT,4111
162,179,880,1971,0,205560,1.3564690000000001,2.749828,NLD,PRT,4111
163,179,880,1971,39046,39878,1.297569,1.870238,NOR,PRT,4111
81,222,880,1971,24129,0,2.1646669999999997,0.034970999999999995,GBR,TTO,4111
231,222,880,1971,9530,0,1.873357,1.848336,USA,TTO,4111
39,236,880,1971,27787,0,0.543049,0.772374,CAN,VEN,4111
61,236,880,1971,1982,0,2.304817,-1.885431,DEU,VEN,4111
81,236,880,1971,1634,0,2.1646669999999997,0.034970999999999995,GBR,VEN,4111
162,236,880,1971,1754,0,1.3564690000000001,2.749828,NLD,VEN,4111
163,236,880,1971,8150,0,1.297569,1.870238,NOR,VEN,4111
231,236,880,1971,1791,0,1.873357,1.848336,USA,VEN,4111
14,246,880,1971,0,95800,0.019735,0.02329,AUS,ZAF,4111
39,246,880,1971,0,99823,0.543049,0.772374,CAN,ZAF,4111
61,246,880,1971,2007,0,2.304817,-1.885431,DEU,ZAF,4111
77,246,880,1971,0,29668,1.7299959999999999,1.562786,FRA,ZAF,4111
81,246,880,1971,7218,4336162,2.1646669999999997,0.034970999999999995,GBR,ZAF,4111
111,246,880,1971,0,13438,2.039661,1.10519,ITA,ZAF,4111
162,246,880,1971,0,210959,1.3564690000000001,2.749828,NLD,ZAF,4111
163,246,880,1971,7639,9068,1.297569,1.870238,NOR,ZAF,4111
231,246,880,1971,397459,608887,1.873357,1.848336,USA,ZAF,4111
61,247,880,1971,215329,0,2.304817,-1.885431,DEU,ZMB,4111
163,247,880,1971,234070,0,1.297569,1.870238,NOR,ZMB,4111
41,68,880,1971,8591,2069,2.242028,1.9425029999999999,CHE,EGY,4111
81,68,880,1971,14702,0,2.1646669999999997,0.034970999999999995,GBR,EGY,4111
163,68,880,1971,1552,0,1.297569,1.870238,NOR,EGY,4111
61,102,880,1971,38479,0,2.304817,-1.885431,DEU,HUN,4111
71,102,880,1971,92053,0,0.9618040000000001,1.789808,ESP,HUN,4111
109,102,880,1971,3268,0,0.12083900000000002,-0.37900100000000003,ISL,HUN,4111
163,102,880,1971,172847,0,1.297569,1.870238,NOR,HUN,4111
61,134,880,1971,0,88530,2.304817,-1.885431,DEU,MAR,4111
77,134,880,1971,4694,731926,1.7299959999999999,1.562786,FRA,MAR,4111
81,134,880,1971,3410,0,2.1646669999999997,0.034970999999999995,GBR,MAR,4111
162,134,880,1971,0,32617,1.3564690000000001,2.749828,NLD,MAR,4111
216,134,880,1971,0,6980,-0.767467,-0.557866,THA,MAR,4111
8,245,880,1971,118843,0,0.0024230000000000002,0.084024,ARG,YUG,4111
61,245,880,1971,15864,0,2.304817,-1.885431,DEU,YUG,4111
77,245,880,1971,41005,0,1.7299959999999999,1.562786,FRA,YUG,4111
81,245,880,1971,30615,0,2.1646669999999997,0.034970999999999995,GBR,YUG,4111
104,245,880,1971,4905,0,0.28820999999999997,0.790629,IND,YUG,4111
111,245,880,1971,31552,0,2.039661,1.10519,ITA,YUG,4111
162,245,880,1971,28282,0,1.3564690000000001,2.749828,NLD,YUG,4111
163,245,880,1971,119955,0,1.297569,1.870238,NOR,YUG,4111
61,2,880,1971,0,84272,2.304817,-1.885431,DEU,AGO,4111
114,2,880,1971,0,102113,1.862756,2.170372,JPN,AGO,4111
162,2,880,1971,0,477630,1.3564690000000001,2.749828,NLD,AGO,4111
163,2,880,1971,0,11716,1.297569,1.870238,NOR,AGO,4111
42,8,880,1971,17834,6913,-0.231579,-0.6383479999999999,CHL,ARG,4111
61,8,880,1971,0,17159,2.304817,-1.885431,DEU,ARG,4111
64,8,880,1971,3795,0,1.5224870000000001,2.45498,DNK,ARG,4111
77,8,880,1971,0,45210,1.7299959999999999,1.562786,FRA,ARG,4111
162,8,880,1971,1380,107508,1.3564690000000001,2.749828,NLD,ARG,4111
163,8,880,1971,1015,0,1.297569,1.870238,NOR,ARG,4111
230,8,880,1971,3337,0,0.24810300000000002,-0.16614600000000002,URY,ARG,4111
231,8,880,1971,7240,0,1.873357,1.848336,USA,ARG,4111
245,8,880,1971,0,118843,1.106614,2.43735,YUG,ARG,4111
163,25,880,1971,0,380043,1.297569,1.870238,NOR,BHS,4111
81,30,880,1971,2339,1504946,2.1646669999999997,0.034970999999999995,GBR,BMU,4111
81,33,880,1971,16879,0,2.1646669999999997,0.034970999999999995,GBR,BRB,4111
104,33,880,1971,689,0,0.28820999999999997,0.790629,IND,BRB,4111
250,33,880,1971,13558,0,0.740793,0.11133,ANS,BRB,4111
8,42,880,1971,6913,17834,0.0024230000000000002,0.084024,ARG,CHL,4111
32,42,880,1971,0,10938,-0.326897,-0.229088,BRA,CHL,4111
49,42,880,1971,0,3742293,-0.114488,-0.492489,COL,CHL,4111
61,42,880,1971,0,912394,2.304817,-1.885431,DEU,CHL,4111
81,42,880,1971,6606,0,2.1646669999999997,0.034970999999999995,GBR,CHL,4111
162,42,880,1971,0,810554,1.3564690000000001,2.749828,NLD,CHL,4111
163,42,880,1971,2253,0,1.297569,1.870238,NOR,CHL,4111
173,43,880,1971,1505795,0,-0.7457020000000001,-0.882229,PER,CHN,4111
192,43,880,1971,0,2590,0.540057,0.9167700000000001,SGP,CHN,4111
77,47,880,1971,1414,0,1.7299959999999999,1.562786,FRA,COG,4111
42,49,880,1971,3742293,0,-0.231579,-0.6383479999999999,CHL,COL,4111
61,49,880,1971,1107,0,2.304817,-1.885431,DEU,COL,4111
81,49,880,1971,1035,0,2.1646669999999997,0.034970999999999995,GBR,COL,4111
163,49,880,1971,136234,0,1.297569,1.870238,NOR,COL,4111
173,49,880,1971,5956547,0,-0.7457020000000001,-0.882229,PER,COL,4111
231,49,880,1971,7569,0,1.873357,1.848336,USA,COL,4111
163,52,880,1971,6184,0,1.297569,1.870238,NOR,CRI,4111
81,54,880,1971,6573,0,2.1646669999999997,0.034970999999999995,GBR,CUB,4111
81,65,880,1971,3082,0,2.1646669999999997,0.034970999999999995,GBR,DOM,4111
77,66,880,1971,3953,0,1.7299959999999999,1.562786,FRA,DZA,4111
81,66,880,1971,6496,0,2.1646669999999997,0.034970999999999995,GBR,DZA,4111
61,67,880,1971,1985,0,2.304817,-1.885431,DEU,ECU,4111
163,67,880,1971,8364,0,1.297569,1.870238,NOR,ECU,4111
173,67,880,1971,78363,0,-0.7457020000000001,-0.882229,PER,ECU,4111
231,67,880,1971,2913,0,1.873357,1.848336,USA,ECU,4111
81,83,880,1971,5241,0,2.1646669999999997,0.034970999999999995,GBR,GHA,4111
163,86,880,1971,7781,0,1.297569,1.870238,NOR,GLP,4111
81,93,880,1971,1136,0,2.1646669999999997,0.034970999999999995,GBR,GTM,4111
163,93,880,1971,13913,0,1.297569,1.870238,NOR,GTM,4111
197,93,880,1971,1119,0,0.807056,0.476688,SLV,GTM,4111
231,99,880,1971,13558,0,1.873357,1.848336,USA,HND,4111
231,101,880,1971,1175,0,1.873357,1.848336,USA,HTI,4111
32,106,880,1971,69245,0,-0.326897,-0.229088,BRA,IRL,4111
81,106,880,1971,9263,153245,2.1646669999999997,0.034970999999999995,GBR,IRL,4111
114,106,880,1971,0,2377,1.862756,2.170372,JPN,IRL,4111
159,106,880,1971,28893,0,-1.6915639999999998,-0.8931879999999999,NGA,IRL,4111
162,106,880,1971,2973,0,1.3564690000000001,2.749828,NLD,IRL,4111
163,106,880,1971,4397,0,1.297569,1.870238,NOR,IRL,4111
81,112,880,1971,2453,0,2.1646669999999997,0.034970999999999995,GBR,JAM,4111
231,112,880,1971,10056,0,1.873357,1.848336,USA,JAM,4111
61,121,880,1971,5808,0,2.304817,-1.885431,DEU,KOR,4111
114,121,880,1971,1400256,13346,1.862756,2.170372,JPN,KOR,4111
163,121,880,1971,17153,0,1.297569,1.870238,NOR,KOR,4111
39,138,880,1971,3585,0,0.543049,0.772374,CAN,MEX,4111
81,138,880,1971,49652,3518,2.1646669999999997,0.034970999999999995,GBR,MEX,4111
162,138,880,1971,108071,68630,1.3564690000000001,2.749828,NLD,MEX,4111
163,138,880,1971,372302,0,1.297569,1.870238,NOR,MEX,4111
231,138,880,1971,40857,4942,1.873357,1.848336,USA,MEX,4111
81,142,880,1971,2009,0,2.1646669999999997,0.034970999999999995,GBR,MLT,4111
163,142,880,1971,48462,0,1.297569,1.870238,NOR,MLT,4111
163,160,880,1971,4932,0,1.297569,1.870238,NOR,NIC,4111
231,160,880,1971,0,1811,1.873357,1.848336,USA,NIC,4111
18,169,880,1971,0,3477,1.495689,2.262083,BEL,PAN,4111
61,169,880,1971,955,75671,2.304817,-1.885431,DEU,PAN,4111
77,169,880,1971,0,100140,1.7299959999999999,1.562786,FRA,PAN,4111
162,169,880,1971,0,17459,1.3564690000000001,2.749828,NLD,PAN,4111
14,173,880,1971,0,25942,0.019735,0.02329,AUS,PER,4111
18,173,880,1971,0,1015754,1.495689,2.262083,BEL,PER,4111
32,173,880,1971,0,1402,-0.326897,-0.229088,BRA,PER,4111
43,173,880,1971,0,1505795,0.551566,1.636164,CHN,PER,4111
49,173,880,1971,0,5956547,-0.114488,-0.492489,COL,PER,4111
61,173,880,1971,0,19159468,2.304817,-1.885431,DEU,PER,4111
64,173,880,1971,0,889789,1.5224870000000001,2.45498,DNK,PER,4111
67,173,880,1971,0,78363,-0.8731540000000001,-0.931018,ECU,PER,4111
74,173,880,1971,0,166105,1.382261,1.410232,FIN,PER,4111
77,173,880,1971,0,864589,1.7299959999999999,1.562786,FRA,PER,4111
81,173,880,1971,3030,8909498,2.1646669999999997,0.034970999999999995,GBR,PER,4111
111,173,880,1971,0,74024,2.039661,1.10519,ITA,PER,4111
162,173,880,1971,0,12955001,1.3564690000000001,2.749828,NLD,PER,4111
163,173,880,1971,3584,2203762,1.297569,1.870238,NOR,PER,4111
208,173,880,1971,0,68905,2.190846,2.570859,SWE,PER,4111
231,173,880,1971,0,743786,1.873357,1.848336,USA,PER,4111
114,174,880,1971,2397,3281,1.862756,2.170372,JPN,PHL,4111
163,174,880,1971,21866,0,1.297569,1.870238,NOR,PHL,4111
231,174,880,1971,6191,0,1.873357,1.848336,USA,PHL,4111
61,180,880,1971,1353,0,2.304817,-1.885431,DEU,PRY,4111
81,180,880,1971,1102,0,2.1646669999999997,0.034970999999999995,GBR,PRY,4111
77,191,880,1971,0,14000,1.7299959999999999,1.562786,FRA,SEN,4111
162,191,880,1971,2972,0,1.3564690000000001,2.749828,NLD,SEN,4111
163,191,880,1971,2874,0,1.297569,1.870238,NOR,SEN,4111
61,197,880,1971,1816,0,2.304817,-1.885431,DEU,SLV,4111
93,197,880,1971,0,1119,0.513422,0.31249099999999996,GTM,SLV,4111
163,197,880,1971,6571,0,1.297569,1.870238,NOR,SLV,4111
8,230,880,1971,0,3337,0.0024230000000000002,0.084024,ARG,URY,4111
163,230,880,1971,53425,0,1.297569,1.870238,NOR,URY,4111
104,24,880,1971,1467,0,0.28820999999999997,0.790629,IND,BHR,4111
122,24,880,1971,0,34,-0.589441,-0.5007699999999999,KWT,BHR,4111
167,24,880,1971,7147,0,-1.415142,-0.557193,OMN,BHR,4111
250,24,880,1971,2770,0,0.740793,0.11133,ANS,BHR,4111
81,113,880,1971,2401,0,2.1646669999999997,0.034970999999999995,GBR,JOR,4111
81,128,880,1971,6108,0,2.1646669999999997,0.034970999999999995,GBR,LKA,4111
163,128,880,1971,8954,0,1.297569,1.870238,NOR,LKA,4111
163,23,880,1971,20877,0,1.297569,1.870238,NOR,BGR,4111
162,31,880,1971,784,0,1.3564690000000001,2.749828,NLD,BOL,4111
163,31,880,1971,10255,0,1.297569,1.870238,NOR,BOL,4111
163,58,880,1971,5718,0,1.297569,1.870238,NOR,CYP,4111
81,96,880,1971,7549,0,2.1646669999999997,0.034970999999999995,GBR,GUY,4111
162,96,880,1971,1937,0,1.3564690000000001,2.749828,NLD,GUY,4111
61,116,880,1971,10130,0,2.304817,-1.885431,DEU,KEN,4111
81,116,880,1971,40626,2668,2.1646669999999997,0.034970999999999995,GBR,KEN,4111
162,116,880,1971,3085,0,1.3564690000000001,2.749828,NLD,KEN,4111
163,116,880,1971,1625,0,1.297569,1.870238,NOR,KEN,4111
71,148,880,1971,0,9174,0.9618040000000001,1.789808,ESP,MRT,4111
77,148,880,1971,0,117310,1.7299959999999999,1.562786,FRA,MRT,4111
104,183,880,1971,1155,0,0.28820999999999997,0.790629,IND,QAT,4111
77,185,880,1971,112784,0,1.7299959999999999,1.562786,FRA,ROU,4111
231,185,880,1971,0,4727,1.873357,1.848336,USA,ROU,4111
81,190,880,1971,8707,0,2.1646669999999997,0.034970999999999995,GBR,SDN,4111
81,212,880,1971,7240,0,2.1646669999999997,0.034970999999999995,GBR,SYR,4111
77,223,880,1971,2509,0,1.7299959999999999,1.562786,FRA,TUN,4111
61,224,880,1971,41394,2801,2.304817,-1.885431,DEU,TUR,4111
77,224,880,1971,8524,0,1.7299959999999999,1.562786,FRA,TUR,4111
81,224,880,1971,4671,0,2.1646669999999997,0.034970999999999995,GBR,TUR,4111
90,224,880,1971,0,6948,0.373161,0.153613,GRC,TUR,4111
109,224,880,1971,17612,0,0.12083900000000002,-0.37900100000000003,ISL,TUR,4111
111,224,880,1971,1004,0,2.039661,1.10519,ITA,TUR,4111
163,224,880,1971,42502,0,1.297569,1.870238,NOR,TUR,4111
208,224,880,1971,1893,0,2.190846,2.570859,SWE,TUR,4111
122,7,880,1971,0,2814,-0.589441,-0.5007699999999999,KWT,ARE,4111
81,73,880,1971,1604,0,2.1646669999999997,0.034970999999999995,GBR,ETH,4111
81,75,880,1971,1740,0,2.1646669999999997,0.034970999999999995,GBR,FJI,4111
192,118,880,1971,0,1852,0.540057,0.9167700000000001,SGP,KHM,4111
231,120,880,1971,0,2200,1.873357,1.848336,USA,KNA,4111
81,151,880,1971,4289,0,2.1646669999999997,0.034970999999999995,GBR,MUS,4111
14,165,880,1971,1132,0,0.019735,0.02329,AUS,NRU,4111
24,167,880,1971,0,7147,0.811757,-0.086967,BHR,OMN,4111
14,176,880,1971,1637,0,0.019735,0.02329,AUS,PNG,4111
81,176,880,1971,1356,0,2.1646669999999997,0.034970999999999995,GBR,PNG,4111
61,4,880,1971,7063,0,2.304817,-1.885431,DEU,ALB,4111
81,78,880,1971,0,964956,2.1646669999999997,0.034970999999999995,GBR,FRO,4111
61,14,882,1971,40121,0,2.304817,-1.885431,DEU,AUS,4232
64,14,882,1971,8642,0,1.5224870000000001,2.45498,DNK,AUS,4232
81,14,882,1971,1149,0,2.1646669999999997,0.034970999999999995,GBR,AUS,4232
103,14,882,1971,0,12084,-1.335787,-0.813966,IDN,AUS,4232
114,14,882,1971,188883,0,1.862756,2.170372,JPN,AUS,4232
119,14,882,1971,0,2108,-0.293501,-0.245119,KIR,AUS,4232
162,14,882,1971,0,330292,1.3564690000000001,2.749828,NLD,AUS,4232
163,14,882,1971,25990,0,1.297569,1.870238,NOR,AUS,4232
165,14,882,1971,0,5850,-0.293501,-0.245119,NRU,AUS,4232
166,14,882,1971,0,43605,0.188851,-0.346439,NZL,AUS,4232
174,14,882,1971,0,3406,-0.39003899999999997,-0.709147,PHL,AUS,4232
176,14,882,1971,0,66340,-0.222694,-0.396214,PNG,AUS,4232
195,14,882,1971,0,1315,-1.040183,-0.55403,SLB,AUS,4232
231,14,882,1971,258258,0,1.873357,1.848336,USA,AUS,4232
250,14,882,1971,0,721,0.740793,0.11133,ANS,AUS,4232
32,15,882,1971,170192,0,-0.326897,-0.229088,BRA,AUT,4232
41,15,882,1971,80856,0,2.242028,1.9425029999999999,CHE,AUT,4232
61,15,882,1971,4044172,0,2.304817,-1.885431,DEU,AUT,4232
64,15,882,1971,131876,0,1.5224870000000001,2.45498,DNK,AUT,4232
71,15,882,1971,193722,0,0.9618040000000001,1.789808,ESP,AUT,4232
77,15,882,1971,47582,0,1.7299959999999999,1.562786,FRA,AUT,4232
102,15,882,1971,43304,0,0.8639760000000001,1.2125059999999999,HUN,AUT,4232
103,15,882,1971,6333,0,-1.335787,-0.813966,IDN,AUT,4232
107,15,882,1971,16636,0,-0.7509680000000001,-0.721083,IRN,AUT,4232
110,15,882,1971,189722,0,0.8357530000000001,0.8589479999999999,ISR,AUT,4232
111,15,882,1971,57725,0,2.039661,1.10519,ITA,AUT,4232
114,15,882,1971,107515,0,1.862756,2.170372,JPN,AUT,4232
153,15,882,1971,3709,0,-0.636547,-0.648471,MYS,AUT,4232
162,15,882,1971,254421,0,1.3564690000000001,2.749828,NLD,AUT,4232
231,15,882,1971,85966,0,1.873357,1.848336,USA,AUT,4232
245,15,882,1971,146980,0,1.106614,2.43735,YUG,AUT,4232
41,18,882,1971,9389,0,2.242028,1.9425029999999999,CHE,BEL,4232
46,18,882,1971,0,22533,-1.16333,-0.708263,COD,BEL,4232
61,18,882,1971,1447037,555623,2.304817,-1.885431,DEU,BEL,4232
74,18,882,1971,0,1010,1.382261,1.410232,FIN,BEL,4232
77,18,882,1971,449917,6315576,1.7299959999999999,1.562786,FRA,BEL,4232
81,18,882,1971,0,230646,2.1646669999999997,0.034970999999999995,GBR,BEL,4232
86,18,882,1971,0,10207,-0.531874,-0.39812800000000004,GLP,BEL,4232
94,18,882,1971,0,2237,0.499463,-0.375422,GUF,BEL,4232
110,18,882,1971,6538,0,0.8357530000000001,0.8589479999999999,ISR,BEL,4232
111,18,882,1971,4176,1518009,2.039661,1.10519,ITA,BEL,4232
150,18,882,1971,0,4953,0.149367,-0.451215,MTQ,BEL,4232
162,18,882,1971,3190651,1476455,1.3564690000000001,2.749828,NLD,BEL,4232
166,18,882,1971,0,931,0.188851,-0.346439,NZL,BEL,4232
174,18,882,1971,0,1999,-0.39003899999999997,-0.709147,PHL,BEL,4232
187,18,882,1971,0,1196,-1.8928740000000002,-0.48467200000000005,RWA,BEL,4232
191,18,882,1971,0,1264,-0.100347,-0.469422,SEN,BEL,4232
222,18,882,1971,0,59972,0.6038479999999999,-0.19159,TTO,BEL,4232
231,18,882,1971,9601,0,1.873357,1.848336,USA,BEL,4232
239,18,882,1971,0,1094,0.07082100000000001,-0.296412,VNM,BEL,4232
25,39,882,1971,0,1645,0.356122,-0.181398,BHS,CAN,4232
81,39,882,1971,0,13853042,2.1646669999999997,0.034970999999999995,GBR,CAN,4232
114,39,882,1971,5215,0,1.862756,2.170372,JPN,CAN,4232
231,39,882,1971,5875273,6944,1.873357,1.848336,USA,CAN,4232
15,41,882,1971,0,80856,1.984568,0.9571209999999999,AUT,CHE,4232
18,41,882,1971,0,9389,1.495689,2.262083,BEL,CHE,4232
61,41,882,1971,731150,0,2.304817,-1.885431,DEU,CHE,4232
64,41,882,1971,2305,0,1.5224870000000001,2.45498,DNK,CHE,4232
68,41,882,1971,0,2656547,0.192492,-0.374212,EGY,CHE,4232
71,41,882,1971,87525,0,0.9618040000000001,1.789808,ESP,CHE,4232
74,41,882,1971,0,1244,1.382261,1.410232,FIN,CHE,4232
77,41,882,1971,0,1808,1.7299959999999999,1.562786,FRA,CHE,4232
110,41,882,1971,53696,0,0.8357530000000001,0.8589479999999999,ISR,CHE,4232
111,41,882,1971,11489,3006,2.039661,1.10519,ITA,CHE,4232
162,41,882,1971,284778,0,1.3564690000000001,2.749828,NLD,CHE,4232
163,41,882,1971,0,2596,1.297569,1.870238,NOR,CHE,4232
168,41,882,1971,0,998078,-0.160556,-0.48263,PAK,CHE,4232
179,41,882,1971,57212,0,0.9233389999999999,1.184635,PRT,CHE,4232
208,41,882,1971,0,4654,2.190846,2.570859,SWE,CHE,4232
224,41,882,1971,0,1137659,-0.443655,-0.521285,TUR,CHE,4232
231,41,882,1971,269418,0,1.873357,1.848336,USA,CHE,4232
61,53,882,1971,3881457,0,2.304817,-1.885431,DEU,CSK,4232
64,53,882,1971,3540,0,1.5224870000000001,2.45498,DNK,CSK,4232
159,53,882,1971,0,4277,-1.6915639999999998,-0.8931879999999999,NGA,CSK,4232
162,53,882,1971,6933,0,1.3564690000000001,2.749828,NLD,CSK,4232
1,61,882,1971,0,721,-0.82368,-0.805752,AFG,DEU,4232
14,61,882,1971,0,40121,0.019735,0.02329,AUS,DEU,4232
15,61,882,1971,0,4044172,1.984568,0.9571209999999999,AUT,DEU,4232
18,61,882,1971,555623,1447037,1.495689,2.262083,BEL,DEU,4232
33,61,882,1971,0,7309,0.935667,0.839299,BRB,DEU,4232
41,61,882,1971,0,731150,2.242028,1.9425029999999999,CHE,DEU,4232
42,61,882,1971,0,204096,-0.231579,-0.6383479999999999,CHL,DEU,4232
53,61,882,1971,0,3881457,1.7241369999999998,2.76252,CSK,DEU,4232
58,61,882,1971,0,20788,0.266353,-0.404526,CYP,DEU,4232
64,61,882,1971,596840,311813,1.5224870000000001,2.45498,DNK,DEU,4232
67,61,882,1971,0,157823,-0.8731540000000001,-0.931018,ECU,DEU,4232
71,61,882,1971,531141,21154,0.9618040000000001,1.789808,ESP,DEU,4232
74,61,882,1971,0,533298,1.382261,1.410232,FIN,DEU,4232
75,61,882,1971,0,251316,0.057053,-0.490021,FJI,DEU,4232
77,61,882,1971,238840,598086,1.7299959999999999,1.562786,FRA,DEU,4232
81,61,882,1971,10795,105803,2.1646669999999997,0.034970999999999995,GBR,DEU,4232
86,61,882,1971,0,158105,-0.531874,-0.39812800000000004,GLP,DEU,4232
90,61,882,1971,0,134078,0.373161,0.153613,GRC,DEU,4232
93,61,882,1971,0,6436,0.513422,0.31249099999999996,GTM,DEU,4232
94,61,882,1971,0,17380,0.499463,-0.375422,GUF,DEU,4232
96,61,882,1971,0,14745,0.006441,-0.42498800000000003,GUY,DEU,4232
97,61,882,1971,8689,0,1.4643760000000001,1.159238,HKG,DEU,4232
102,61,882,1971,0,337199,0.8639760000000001,1.2125059999999999,HUN,DEU,4232
106,61,882,1971,0,32408,1.0895219999999999,1.885416,IRL,DEU,4232
107,61,882,1971,0,19972,-0.7509680000000001,-0.721083,IRN,DEU,4232
108,61,882,1971,0,724564,-0.5225569999999999,-0.438028,IRQ,DEU,4232
109,61,882,1971,0,2961,0.12083900000000002,-0.37900100000000003,ISL,DEU,4232
110,61,882,1971,48973,0,0.8357530000000001,0.8589479999999999,ISR,DEU,4232
111,61,882,1971,299275,2665219,2.039661,1.10519,ITA,DEU,4232
112,61,882,1971,0,4010,0.283952,-0.541592,JAM,DEU,4232
124,61,882,1971,0,76680,0.6515989999999999,1.542378,LBN,DEU,4232
134,61,882,1971,0,60704,-0.016735,-0.41776599999999997,MAR,DEU,4232
150,61,882,1971,0,176815,0.149367,-0.451215,MTQ,DEU,4232
162,61,882,1971,10336642,4010020,1.3564690000000001,2.749828,NLD,DEU,4232
163,61,882,1971,0,639696,1.297569,1.870238,NOR,DEU,4232
166,61,882,1971,0,366692,0.188851,-0.346439,NZL,DEU,4232
167,61,882,1971,0,2040,-1.415142,-0.557193,OMN,DEU,4232
168,61,882,1971,0,21632,-0.160556,-0.48263,PAK,DEU,4232
174,61,882,1971,0,11590,-0.39003899999999997,-0.709147,PHL,DEU,4232
177,61,882,1971,0,209232,0.8294520000000001,1.636849,POL,DEU,4232
179,61,882,1971,0,100278,0.9233389999999999,1.184635,PRT,DEU,4232
184,61,882,1971,0,2920,-1.004604,-0.44332,REU,DEU,4232
186,61,882,1971,41547,0,0.42000600000000005,0.512301,RUS,DEU,4232
188,61,882,1971,0,59144,-1.370577,-0.556488,SAU,DEU,4232
196,61,882,1971,0,193800,-0.9423530000000001,-0.7621220000000001,SLE,DEU,4232
199,61,882,1971,0,8443,-0.269276,-0.557816,SOM,DEU,4232
208,61,882,1971,0,1462720,2.190846,2.570859,SWE,DEU,4232
215,61,882,1971,0,25498,-0.072395,-0.37341199999999997,TGO,DEU,4232
222,61,882,1971,0,38027,0.6038479999999999,-0.19159,TTO,DEU,4232
231,61,882,1971,16427,0,1.873357,1.848336,USA,DEU,4232
245,61,882,1971,0,683082,1.106614,2.43735,YUG,DEU,4232
246,61,882,1971,0,16058,-0.285408,-0.146573,ZAF,DEU,4232
14,64,882,1971,0,8642,0.019735,0.02329,AUS,DNK,4232
15,64,882,1971,0,131876,1.984568,0.9571209999999999,AUT,DNK,4232
41,64,882,1971,0,2305,2.242028,1.9425029999999999,CHE,DNK,4232
42,64,882,1971,0,320122,-0.231579,-0.6383479999999999,CHL,DNK,4232
53,64,882,1971,0,3540,1.7241369999999998,2.76252,CSK,DNK,4232
61,64,882,1971,311813,596840,2.304817,-1.885431,DEU,DNK,4232
67,64,882,1971,0,241953,-0.8731540000000001,-0.931018,ECU,DNK,4232
74,64,882,1971,0,7554,1.382261,1.410232,FIN,DNK,4232
81,64,882,1971,0,337556,2.1646669999999997,0.034970999999999995,GBR,DNK,4232
83,64,882,1971,0,27458,-0.948254,-0.880582,GHA,DNK,4232
84,64,882,1971,0,54820,1.2227540000000001,0.295479,GIB,DNK,4232
109,64,882,1971,0,74525,0.12083900000000002,-0.37900100000000003,ISL,DNK,4232
120,64,882,1971,0,215539,0.8502790000000001,-0.07904800000000001,KNA,DNK,4232
126,64,882,1971,0,11400,-2.1829009999999998,-0.541129,LBY,DNK,4232
163,64,882,1971,2089,735617,1.297569,1.870238,NOR,DNK,4232
166,64,882,1971,0,140240,0.188851,-0.346439,NZL,DNK,4232
167,64,882,1971,0,3738,-1.415142,-0.557193,OMN,DNK,4232
174,64,882,1971,0,1613,-0.39003899999999997,-0.709147,PHL,DNK,4232
177,64,882,1971,0,433154,0.8294520000000001,1.636849,POL,DNK,4232
196,64,882,1971,0,83164,-0.9423530000000001,-0.7621220000000001,SLE,DNK,4232
208,64,882,1971,1064,10925304,2.190846,2.570859,SWE,DNK,4232
216,64,882,1971,0,8835,-0.767467,-0.557866,THA,DNK,4232
231,64,882,1971,3149,12960,1.873357,1.848336,USA,DNK,4232
1,77,882,1971,0,1063,-0.82368,-0.805752,AFG,FRA,4232
5,77,882,1971,0,8506,1.154482,0.361592,AND,FRA,4232
6,77,882,1971,0,1924,0.890891,0.10081699999999999,ANT,FRA,4232
15,77,882,1971,0,47582,1.984568,0.9571209999999999,AUT,FRA,4232
18,77,882,1971,6315576,449917,1.495689,2.262083,BEL,FRA,4232
23,77,882,1971,0,128714,0.65271,1.027758,BGR,FRA,4232
32,77,882,1971,27195,0,-0.326897,-0.229088,BRA,FRA,4232
41,77,882,1971,1808,0,2.242028,1.9425029999999999,CHE,FRA,4232
42,77,882,1971,0,75810,-0.231579,-0.6383479999999999,CHL,FRA,4232
61,77,882,1971,598086,238840,2.304817,-1.885431,DEU,FRA,4232
62,77,882,1971,0,2731,0.5152770000000001,-0.190207,DJI,FRA,4232
80,77,882,1971,0,1080,-1.3628559999999998,-0.688865,GAB,FRA,4232
81,77,882,1971,0,2939535,2.1646669999999997,0.034970999999999995,GBR,FRA,4232
83,77,882,1971,0,1771,-0.948254,-0.880582,GHA,FRA,4232
86,77,882,1971,0,80952,-0.531874,-0.39812800000000004,GLP,FRA,4232
90,77,882,1971,0,1239,0.373161,0.153613,GRC,FRA,4232
94,77,882,1971,0,13915,0.499463,-0.375422,GUF,FRA,4232
106,77,882,1971,0,70662,1.0895219999999999,1.885416,IRL,FRA,4232
107,77,882,1971,0,1397863,-0.7509680000000001,-0.721083,IRN,FRA,4232
111,77,882,1971,911126,397390,2.039661,1.10519,ITA,FRA,4232
124,77,882,1971,0,448635,0.6515989999999999,1.542378,LBN,FRA,4232
134,77,882,1971,0,857967,-0.016735,-0.41776599999999997,MAR,FRA,4232
150,77,882,1971,0,182856,0.149367,-0.451215,MTQ,FRA,4232
159,77,882,1971,0,9554,-1.6915639999999998,-0.8931879999999999,NGA,FRA,4232
162,77,882,1971,6604368,2673724,1.3564690000000001,2.749828,NLD,FRA,4232
172,77,882,1971,0,419121,1.19222,0.871878,PCZ,FRA,4232
177,77,882,1971,0,235336,0.8294520000000001,1.636849,POL,FRA,4232
182,77,882,1971,0,5994,-0.5776640000000001,-0.440554,PYF,FRA,4232
184,77,882,1971,0,41050,-1.004604,-0.44332,REU,FRA,4232
192,77,882,1971,0,11918,0.540057,0.9167700000000001,SGP,FRA,4232
208,77,882,1971,139173,1470473,2.190846,2.570859,SWE,FRA,4232
215,77,882,1971,0,3469,-0.072395,-0.37341199999999997,TGO,FRA,4232
224,77,882,1971,0,553033,-0.443655,-0.521285,TUR,FRA,4232
247,77,882,1971,0,28839,-0.8803290000000001,-0.7895399999999999,ZMB,FRA,4232
1,81,882,1971,0,23844,-0.82368,-0.805752,AFG,GBR,4232
6,81,882,1971,0,1519,0.890891,0.10081699999999999,ANT,GBR,4232
14,81,882,1971,0,1149,0.019735,0.02329,AUS,GBR,4232
18,81,882,1971,230646,0,1.495689,2.262083,BEL,GBR,4232
30,81,882,1971,0,5691,0.637919,0.031731999999999996,BMU,GBR,4232
33,81,882,1971,0,1072,0.935667,0.839299,BRB,GBR,4232
39,81,882,1971,13853042,0,0.543049,0.772374,CAN,GBR,4232
58,81,882,1971,0,2336,0.266353,-0.404526,CYP,GBR,4232
61,81,882,1971,105803,10795,2.304817,-1.885431,DEU,GBR,4232
64,81,882,1971,337556,0,1.5224870000000001,2.45498,DNK,GBR,4232
71,81,882,1971,5664236,0,0.9618040000000001,1.789808,ESP,GBR,4232
75,81,882,1971,0,1066,0.057053,-0.490021,FJI,GBR,4232
77,81,882,1971,2939535,0,1.7299959999999999,1.562786,FRA,GBR,4232
83,81,882,1971,0,20676,-0.948254,-0.880582,GHA,GBR,4232
106,81,882,1971,0,18964,1.0895219999999999,1.885416,IRL,GBR,4232
109,81,882,1971,0,2602,0.12083900000000002,-0.37900100000000003,ISL,GBR,4232
110,81,882,1971,251159,0,0.8357530000000001,0.8589479999999999,ISR,GBR,4232
111,81,882,1971,149049,0,2.039661,1.10519,ITA,GBR,4232
112,81,882,1971,0,27541,0.283952,-0.541592,JAM,GBR,4232
113,81,882,1971,0,7198,0.344856,-0.11885699999999999,JOR,GBR,4232
128,81,882,1971,0,9506,-1.144836,-0.753853,LKA,GBR,4232
151,81,882,1971,0,28872,-0.592737,-0.767588,MUS,GBR,4232
153,81,882,1971,0,44051,-0.636547,-0.648471,MYS,GBR,4232
159,81,882,1971,0,24075,-1.6915639999999998,-0.8931879999999999,NGA,GBR,4232
162,81,882,1971,2366800,0,1.3564690000000001,2.749828,NLD,GBR,4232
168,81,882,1971,0,2963,-0.160556,-0.48263,PAK,GBR,4232
173,81,882,1971,0,6921,-0.7457020000000001,-0.882229,PER,GBR,4232
174,81,882,1971,0,2920,-0.39003899999999997,-0.709147,PHL,GBR,4232
179,81,882,1971,713080,0,0.9233389999999999,1.184635,PRT,GBR,4232
192,81,882,1971,0,2544,0.540057,0.9167700000000001,SGP,GBR,4232
208,81,882,1971,0,2006,2.190846,2.570859,SWE,GBR,4232
231,81,882,1971,645200,0,1.873357,1.848336,USA,GBR,4232
247,81,882,1971,0,60177,-0.8803290000000001,-0.7895399999999999,ZMB,GBR,4232
250,81,882,1971,0,1386,0.740793,0.11133,ANS,GBR,4232
58,90,882,1971,0,140927,0.266353,-0.404526,CYP,GRC,4232
61,90,882,1971,134078,0,2.304817,-1.885431,DEU,GRC,4232
71,90,882,1971,303455,0,0.9618040000000001,1.789808,ESP,GRC,4232
74,90,882,1971,1209,0,1.382261,1.410232,FIN,GRC,4232
77,90,882,1971,1239,0,1.7299959999999999,1.562786,FRA,GRC,4232
142,90,882,1971,103822,0,1.567812,1.889177,MLT,GRC,4232
159,90,882,1971,0,3755,-1.6915639999999998,-0.8931879999999999,NGA,GRC,4232
162,90,882,1971,263551,0,1.3564690000000001,2.749828,NLD,GRC,4232
231,90,882,1971,1987899,0,1.873357,1.848336,USA,GRC,4232
1,97,882,1971,0,1916,-0.82368,-0.805752,AFG,HKG,4232
34,97,882,1971,0,3542,-0.394928,-0.213258,BRN,HKG,4232
61,97,882,1971,0,8689,2.304817,-1.885431,DEU,HKG,4232
114,97,882,1971,1203019,0,1.862756,2.170372,JPN,HKG,4232
121,97,882,1971,14330,0,0.804658,0.44236899999999996,KOR,HKG,4232
133,97,882,1971,0,1857,1.219121,0.369868,MAC,HKG,4232
153,97,882,1971,0,11283,-0.636547,-0.648471,MYS,HKG,4232
162,97,882,1971,6722,0,1.3564690000000001,2.749828,NLD,HKG,4232
174,97,882,1971,0,75090,-0.39003899999999997,-0.709147,PHL,HKG,4232
192,97,882,1971,3622,0,0.540057,0.9167700000000001,SGP,HKG,4232
216,97,882,1971,2950,1668,-0.767467,-0.557866,THA,HKG,4232
231,97,882,1971,294899,0,1.873357,1.848336,USA,HKG,4232
24,104,882,1971,0,1087,0.811757,-0.086967,BHR,IND,4232
162,104,882,1971,2006,0,1.3564690000000001,2.749828,NLD,IND,4232
231,104,882,1971,46528104,0,1.873357,1.848336,USA,IND,4232
1,107,882,1971,0,1229330,-0.82368,-0.805752,AFG,IRN,4232
15,107,882,1971,0,16636,1.984568,0.9571209999999999,AUT,IRN,4232
61,107,882,1971,19972,0,2.304817,-1.885431,DEU,IRN,4232
71,107,882,1971,1408194,0,0.9618040000000001,1.789808,ESP,IRN,4232
77,107,882,1971,1397863,0,1.7299959999999999,1.562786,FRA,IRN,4232
111,107,882,1971,760737,0,2.039661,1.10519,ITA,IRN,4232
114,107,882,1971,665863,0,1.862756,2.170372,JPN,IRN,4232
162,107,882,1971,49197,0,1.3564690000000001,2.749828,NLD,IRN,4232
231,107,882,1971,21872512,0,1.873357,1.848336,USA,IRN,4232
61,108,882,1971,724564,0,2.304817,-1.885431,DEU,IRQ,4232
231,108,882,1971,87426,0,1.873357,1.848336,USA,IRQ,4232
1,109,882,1971,0,70793,-0.82368,-0.805752,AFG,ISL,4232
61,109,882,1971,2961,0,2.304817,-1.885431,DEU,ISL,4232
64,109,882,1971,74525,0,1.5224870000000001,2.45498,DNK,ISL,4232
81,109,882,1971,2602,0,2.1646669999999997,0.034970999999999995,GBR,ISL,4232
162,109,882,1971,23984,0,1.3564690000000001,2.749828,NLD,ISL,4232
163,109,882,1971,374758,0,1.297569,1.870238,NOR,ISL,4232
15,111,882,1971,0,57725,1.984568,0.9571209999999999,AUT,ITA,4232
18,111,882,1971,1518009,4176,1.495689,2.262083,BEL,ITA,4232
31,111,882,1971,0,2442,-0.578729,-0.640841,BOL,ITA,4232
41,111,882,1971,3006,11489,2.242028,1.9425029999999999,CHE,ITA,4232
42,111,882,1971,0,914635,-0.231579,-0.6383479999999999,CHL,ITA,4232
61,111,882,1971,2665219,299275,2.304817,-1.885431,DEU,ITA,4232
67,111,882,1971,0,39302,-0.8731540000000001,-0.931018,ECU,ITA,4232
77,111,882,1971,397390,911126,1.7299959999999999,1.562786,FRA,ITA,4232
81,111,882,1971,0,149049,2.1646669999999997,0.034970999999999995,GBR,ITA,4232
102,111,882,1971,0,186445,0.8639760000000001,1.2125059999999999,HUN,ITA,4232
107,111,882,1971,0,760737,-0.7509680000000001,-0.721083,IRN,ITA,4232
110,111,882,1971,1010,0,0.8357530000000001,0.8589479999999999,ISR,ITA,4232
124,111,882,1971,0,784530,0.6515989999999999,1.542378,LBN,ITA,4232
134,111,882,1971,0,1380868,-0.016735,-0.41776599999999997,MAR,ITA,4232
142,111,882,1971,0,280776,1.567812,1.889177,MLT,ITA,4232
159,111,882,1971,0,41319,-1.6915639999999998,-0.8931879999999999,NGA,ITA,4232
162,111,882,1971,3627100,4877904,1.3564690000000001,2.749828,NLD,ITA,4232
168,111,882,1971,0,290416,-0.160556,-0.48263,PAK,ITA,4232
224,111,882,1971,0,581375,-0.443655,-0.521285,TUR,ITA,4232
231,111,882,1971,33265,0,1.873357,1.848336,USA,ITA,4232
247,111,882,1971,0,24443,-0.8803290000000001,-0.7895399999999999,ZMB,ITA,4232
250,111,882,1971,34737,24568,0.740793,0.11133,ANS,ITA,4232
1,114,882,1971,0,99836,-0.82368,-0.805752,AFG,JPN,4232
14,114,882,1971,0,188883,0.019735,0.02329,AUS,JPN,4232
15,114,882,1971,0,107515,1.984568,0.9571209999999999,AUT,JPN,4232
39,114,882,1971,0,5215,0.543049,0.772374,CAN,JPN,4232
75,114,882,1971,0,1136,0.057053,-0.490021,FJI,JPN,4232
97,114,882,1971,0,1203019,1.4643760000000001,1.159238,HKG,JPN,4232
103,114,882,1971,0,3700,-1.335787,-0.813966,IDN,JPN,4232
107,114,882,1971,0,665863,-0.7509680000000001,-0.721083,IRN,JPN,4232
121,114,882,1971,0,21483,0.804658,0.44236899999999996,KOR,JPN,4232
151,114,882,1971,0,1453,-0.592737,-0.767588,MUS,JPN,4232
153,114,882,1971,0,119228,-0.636547,-0.648471,MYS,JPN,4232
162,114,882,1971,0,133444,1.3564690000000001,2.749828,NLD,JPN,4232
166,114,882,1971,0,46839,0.188851,-0.346439,NZL,JPN,4232
168,114,882,1971,0,18925,-0.160556,-0.48263,PAK,JPN,4232
174,114,882,1971,0,342065,-0.39003899999999997,-0.709147,PHL,JPN,4232
192,114,882,1971,0,2450948,0.540057,0.9167700000000001,SGP,JPN,4232
208,114,882,1971,194876,0,2.190846,2.570859,SWE,JPN,4232
231,114,882,1971,23212,127862,1.873357,1.848336,USA,JPN,4232
240,114,882,1971,0,1585,-0.863718,-0.633566,VUT,JPN,4232
249,114,882,1971,0,317714,1.123146,1.440067,TWN,JPN,4232
250,114,882,1971,0,662459,0.740793,0.11133,ANS,JPN,4232
113,122,882,1971,58551,0,0.344856,-0.11885699999999999,JOR,KWT,4232
162,122,882,1971,50417,0,1.3564690000000001,2.749828,NLD,KWT,4232
231,122,882,1971,3636,0,1.873357,1.848336,USA,KWT,4232
61,124,882,1971,76680,0,2.304817,-1.885431,DEU,LBN,4232
77,124,882,1971,448635,0,1.7299959999999999,1.562786,FRA,LBN,4232
111,124,882,1971,784530,0,2.039661,1.10519,ITA,LBN,4232
113,124,882,1971,0,1585,0.344856,-0.11885699999999999,JOR,LBN,4232
159,124,882,1971,0,2599,-1.6915639999999998,-0.8931879999999999,NGA,LBN,4232
162,124,882,1971,121064,0,1.3564690000000001,2.749828,NLD,LBN,4232
231,124,882,1971,556691,0,1.873357,1.848336,USA,LBN,4232
1,162,882,1971,0,1783,-0.82368,-0.805752,AFG,NLD,4232
4,162,882,1971,0,41847,0.149073,-0.465447,ALB,NLD,4232
6,162,882,1971,0,73138,0.890891,0.10081699999999999,ANT,NLD,4232
14,162,882,1971,330292,0,0.019735,0.02329,AUS,NLD,4232
15,162,882,1971,0,254421,1.984568,0.9571209999999999,AUT,NLD,4232
18,162,882,1971,1476455,3190651,1.495689,2.262083,BEL,NLD,4232
24,162,882,1971,0,16778,0.811757,-0.086967,BHR,NLD,4232
30,162,882,1971,0,1850,0.637919,0.031731999999999996,BMU,NLD,4232
31,162,882,1971,0,186937,-0.578729,-0.640841,BOL,NLD,4232
32,162,882,1971,29683,0,-0.326897,-0.229088,BRA,NLD,4232
33,162,882,1971,0,57558,0.935667,0.839299,BRB,NLD,4232
41,162,882,1971,0,284778,2.242028,1.9425029999999999,CHE,NLD,4232
42,162,882,1971,0,323880,-0.231579,-0.6383479999999999,CHL,NLD,4232
46,162,882,1971,0,23902,-1.16333,-0.708263,COD,NLD,4232
49,162,882,1971,0,1908,-0.114488,-0.492489,COL,NLD,4232
52,162,882,1971,0,47255,0.9643510000000001,0.613066,CRI,NLD,4232
53,162,882,1971,0,6933,1.7241369999999998,2.76252,CSK,NLD,4232
58,162,882,1971,0,88305,0.266353,-0.404526,CYP,NLD,4232
61,162,882,1971,4010020,10336642,2.304817,-1.885431,DEU,NLD,4232
62,162,882,1971,0,3369,0.5152770000000001,-0.190207,DJI,NLD,4232
67,162,882,1971,0,12501,-0.8731540000000001,-0.931018,ECU,NLD,4232
68,162,882,1971,0,2122,0.192492,-0.374212,EGY,NLD,4232
71,162,882,1971,4453824,70764,0.9618040000000001,1.789808,ESP,NLD,4232
73,162,882,1971,0,20349,-0.9625530000000001,-0.946401,ETH,NLD,4232
74,162,882,1971,0,230112,1.382261,1.410232,FIN,NLD,4232
75,162,882,1971,0,281535,0.057053,-0.490021,FJI,NLD,4232
77,162,882,1971,2673724,6604368,1.7299959999999999,1.562786,FRA,NLD,4232
81,162,882,1971,0,2366800,2.1646669999999997,0.034970999999999995,GBR,NLD,4232
83,162,882,1971,0,10970,-0.948254,-0.880582,GHA,NLD,4232
84,162,882,1971,0,1408,1.2227540000000001,0.295479,GIB,NLD,4232
86,162,882,1971,0,24851,-0.531874,-0.39812800000000004,GLP,NLD,4232
88,162,882,1971,0,1062,-0.8342940000000001,-0.728585,GNB,NLD,4232
90,162,882,1971,0,263551,0.373161,0.153613,GRC,NLD,4232
94,162,882,1971,0,6435,0.499463,-0.375422,GUF,NLD,4232
97,162,882,1971,0,6722,1.4643760000000001,1.159238,HKG,NLD,4232
103,162,882,1971,0,1059,-1.335787,-0.813966,IDN,NLD,4232
104,162,882,1971,0,2006,0.28820999999999997,0.790629,IND,NLD,4232
106,162,882,1971,0,153154,1.0895219999999999,1.885416,IRL,NLD,4232
107,162,882,1971,0,49197,-0.7509680000000001,-0.721083,IRN,NLD,4232
109,162,882,1971,0,23984,0.12083900000000002,-0.37900100000000003,ISL,NLD,4232
110,162,882,1971,628007,0,0.8357530000000001,0.8589479999999999,ISR,NLD,4232
111,162,882,1971,4877904,3627100,2.039661,1.10519,ITA,NLD,4232
113,162,882,1971,0,127133,0.344856,-0.11885699999999999,JOR,NLD,4232
114,162,882,1971,133444,0,1.862756,2.170372,JPN,NLD,4232
122,162,882,1971,0,50417,-0.589441,-0.5007699999999999,KWT,NLD,4232
124,162,882,1971,0,121064,0.6515989999999999,1.542378,LBN,NLD,4232
125,162,882,1971,0,39507,-0.877289,-0.5771,LBR,NLD,4232
126,162,882,1971,0,23159,-2.1829009999999998,-0.541129,LBY,NLD,4232
142,162,882,1971,0,1146,1.567812,1.889177,MLT,NLD,4232
150,162,882,1971,0,95293,0.149367,-0.451215,MTQ,NLD,4232
151,162,882,1971,0,6268,-0.592737,-0.767588,MUS,NLD,4232
153,162,882,1971,0,3644,-0.636547,-0.648471,MYS,NLD,4232
156,162,882,1971,0,1767,-0.714832,-0.24088400000000001,NCL,NLD,4232
166,162,882,1971,0,289236,0.188851,-0.346439,NZL,NLD,4232
167,162,882,1971,0,77321,-1.415142,-0.557193,OMN,NLD,4232
169,162,882,1971,0,15938,0.641183,-0.062375,PAN,NLD,4232
172,162,882,1971,0,2451,1.19222,0.871878,PCZ,NLD,4232
174,162,882,1971,0,72792,-0.39003899999999997,-0.709147,PHL,NLD,4232
179,162,882,1971,521324,31192,0.9233389999999999,1.184635,PRT,NLD,4232
182,162,882,1971,0,4434,-0.5776640000000001,-0.440554,PYF,NLD,4232
183,162,882,1971,0,16815,-1.0228190000000001,-0.519414,QAT,NLD,4232
184,162,882,1971,0,34937,-1.004604,-0.44332,REU,NLD,4232
187,162,882,1971,0,1995,-1.8928740000000002,-0.48467200000000005,RWA,NLD,4232
188,162,882,1971,0,677460,-1.370577,-0.556488,SAU,NLD,4232
192,162,882,1971,0,39876,0.540057,0.9167700000000001,SGP,NLD,4232
196,162,882,1971,0,35082,-0.9423530000000001,-0.7621220000000001,SLE,NLD,4232
205,162,882,1971,0,7698,-0.26679,-0.417204,SUR,NLD,4232
208,162,882,1971,0,237434,2.190846,2.570859,SWE,NLD,4232
215,162,882,1971,0,14265,-0.072395,-0.37341199999999997,TGO,NLD,4232
216,162,882,1971,0,38358,-0.767467,-0.557866,THA,NLD,4232
222,162,882,1971,0,43764,0.6038479999999999,-0.19159,TTO,NLD,4232
231,162,882,1971,103245,8752,1.873357,1.848336,USA,NLD,4232
236,162,882,1971,0,302950,-0.9655290000000001,-0.651151,VEN,NLD,4232
243,162,882,1971,0,4149,-1.2022329999999999,-0.832217,YEM,NLD,4232
246,162,882,1971,0,14740,-0.285408,-0.146573,ZAF,NLD,4232
250,162,882,1971,0,1745,0.740793,0.11133,ANS,NLD,4232
1,163,882,1971,0,249293,-0.82368,-0.805752,AFG,NOR,4232
14,163,882,1971,0,25990,0.019735,0.02329,AUS,NOR,4232
41,163,882,1971,2596,0,2.242028,1.9425029999999999,CHE,NOR,4232
61,163,882,1971,639696,0,2.304817,-1.885431,DEU,NOR,4232
64,163,882,1971,735617,2089,1.5224870000000001,2.45498,DNK,NOR,4232
109,163,882,1971,0,374758,0.12083900000000002,-0.37900100000000003,ISL,NOR,4232
205,163,882,1971,0,11041,-0.26679,-0.417204,SUR,NOR,4232
208,163,882,1971,0,763406,2.190846,2.570859,SWE,NOR,4232
41,168,882,1971,998078,0,2.242028,1.9425029999999999,CHE,PAK,4232
61,168,882,1971,21632,0,2.304817,-1.885431,DEU,PAK,4232
71,168,882,1971,4098010,0,0.9618040000000001,1.789808,ESP,PAK,4232
81,168,882,1971,2963,0,2.1646669999999997,0.034970999999999995,GBR,PAK,4232
111,168,882,1971,290416,0,2.039661,1.10519,ITA,PAK,4232
114,168,882,1971,18925,0,1.862756,2.170372,JPN,PAK,4232
231,168,882,1971,32007978,0,1.873357,1.848336,USA,PAK,4232
1,186,882,1971,0,392515,-0.82368,-0.805752,AFG,RUS,4232
61,186,882,1971,0,41547,2.304817,-1.885431,DEU,RUS,4232
68,186,882,1971,0,9498310,0.192492,-0.374212,EGY,RUS,4232
1,192,882,1971,0,264443,-0.82368,-0.805752,AFG,SGP,4232
75,192,882,1971,0,1288,0.057053,-0.490021,FJI,SGP,4232
77,192,882,1971,11918,0,1.7299959999999999,1.562786,FRA,SGP,4232
81,192,882,1971,2544,0,2.1646669999999997,0.034970999999999995,GBR,SGP,4232
97,192,882,1971,0,3622,1.4643760000000001,1.159238,HKG,SGP,4232
114,192,882,1971,2450948,0,1.862756,2.170372,JPN,SGP,4232
153,192,882,1971,45554,21084,-0.636547,-0.648471,MYS,SGP,4232
162,192,882,1971,39876,0,1.3564690000000001,2.749828,NLD,SGP,4232
166,192,882,1971,0,823,0.188851,-0.346439,NZL,SGP,4232
216,192,882,1971,7695,4394,-0.767467,-0.557866,THA,SGP,4232
231,192,882,1971,1159279,0,1.873357,1.848336,USA,SGP,4232
239,192,882,1971,0,7109102,0.07082100000000001,-0.296412,VNM,SGP,4232
41,208,882,1971,4654,0,2.242028,1.9425029999999999,CHE,SWE,4232
42,208,882,1971,0,2128,-0.231579,-0.6383479999999999,CHL,SWE,4232
61,208,882,1971,1462720,0,2.304817,-1.885431,DEU,SWE,4232
64,208,882,1971,10925304,1064,1.5224870000000001,2.45498,DNK,SWE,4232
66,208,882,1971,0,4620,-0.42629399999999995,-0.612192,DZA,SWE,4232
77,208,882,1971,1470473,139173,1.7299959999999999,1.562786,FRA,SWE,4232
81,208,882,1971,2006,0,2.1646669999999997,0.034970999999999995,GBR,SWE,4232
114,208,882,1971,0,194876,1.862756,2.170372,JPN,SWE,4232
162,208,882,1971,237434,0,1.3564690000000001,2.749828,NLD,SWE,4232
163,208,882,1971,763406,0,1.297569,1.870238,NOR,SWE,4232
231,208,882,1971,2702,0,1.873357,1.848336,USA,SWE,4232
64,216,882,1971,8835,0,1.5224870000000001,2.45498,DNK,THA,4232
97,216,882,1971,1668,2950,1.4643760000000001,1.159238,HKG,THA,4232
162,216,882,1971,38358,0,1.3564690000000001,2.749828,NLD,THA,4232
192,216,882,1971,4394,7695,0.540057,0.9167700000000001,SGP,THA,4232
231,216,882,1971,1521,0,1.873357,1.848336,USA,THA,4232
1,231,882,1971,0,37304,-0.82368,-0.805752,AFG,USA,4232
6,231,882,1971,0,1051732,0.890891,0.10081699999999999,ANT,USA,4232
8,231,882,1971,0,4532,0.0024230000000000002,0.084024,ARG,USA,4232
14,231,882,1971,0,258258,0.019735,0.02329,AUS,USA,4232
15,231,882,1971,0,85966,1.984568,0.9571209999999999,AUT,USA,4232
17,231,882,1971,0,43296,-1.104948,-0.68698,BDI,USA,4232
18,231,882,1971,0,9601,1.495689,2.262083,BEL,USA,4232
21,231,882,1971,0,91631,-0.45178900000000005,-0.710649,BFA,USA,4232
25,231,882,1971,0,26095,0.356122,-0.181398,BHS,USA,4232
29,231,882,1971,0,24303,0.194858,-0.679845,BLZ,USA,4232
30,231,882,1971,0,31275,0.637919,0.031731999999999996,BMU,USA,4232
31,231,882,1971,0,421404,-0.578729,-0.640841,BOL,USA,4232
32,231,882,1971,0,595604,-0.326897,-0.229088,BRA,USA,4232
33,231,882,1971,0,3438,0.935667,0.839299,BRB,USA,4232
38,231,882,1971,0,14523,-0.737808,-0.658191,CAF,USA,4232
39,231,882,1971,6944,5875273,0.543049,0.772374,CAN,USA,4232
41,231,882,1971,0,269418,2.242028,1.9425029999999999,CHE,USA,4232
42,231,882,1971,0,5351552,-0.231579,-0.6383479999999999,CHL,USA,4232
44,231,882,1971,0,37957,-0.719483,-0.700326,CIV,USA,4232
45,231,882,1971,0,23775,-0.735506,-0.605363,CMR,USA,4232
46,231,882,1971,0,199368,-1.16333,-0.708263,COD,USA,4232
49,231,882,1971,0,2081375,-0.114488,-0.492489,COL,USA,4232
52,231,882,1971,0,209422,0.9643510000000001,0.613066,CRI,USA,4232
58,231,882,1971,0,63338,0.266353,-0.404526,CYP,USA,4232
61,231,882,1971,0,16427,2.304817,-1.885431,DEU,USA,4232
64,231,882,1971,12960,3149,1.5224870000000001,2.45498,DNK,USA,4232
65,231,882,1971,0,3256458,-0.236627,-0.716432,DOM,USA,4232
67,231,882,1971,0,3690958,-0.8731540000000001,-0.931018,ECU,USA,4232
68,231,882,1971,0,564575,0.192492,-0.374212,EGY,USA,4232
73,231,882,1971,0,4691,-0.9625530000000001,-0.946401,ETH,USA,4232
80,231,882,1971,0,8183,-1.3628559999999998,-0.688865,GAB,USA,4232
81,231,882,1971,0,645200,2.1646669999999997,0.034970999999999995,GBR,USA,4232
83,231,882,1971,0,356214,-0.948254,-0.880582,GHA,USA,4232
85,231,882,1971,0,1036362,-0.7482810000000001,-0.689605,GIN,USA,4232
87,231,882,1971,0,251128,-1.1802700000000002,-0.49359200000000003,GMB,USA,4232
90,231,882,1971,0,1987899,0.373161,0.153613,GRC,USA,4232
93,231,882,1971,0,86404,0.513422,0.31249099999999996,GTM,USA,4232
96,231,882,1971,0,262305,0.006441,-0.42498800000000003,GUY,USA,4232
97,231,882,1971,0,294899,1.4643760000000001,1.159238,HKG,USA,4232
99,231,882,1971,0,139653,-0.47721,-0.841176,HND,USA,4232
101,231,882,1971,0,3453676,0.47879399999999994,-0.145479,HTI,USA,4232
104,231,882,1971,0,46528104,0.28820999999999997,0.790629,IND,USA,4232
107,231,882,1971,0,21872512,-0.7509680000000001,-0.721083,IRN,USA,4232
108,231,882,1971,0,87426,-0.5225569999999999,-0.438028,IRQ,USA,4232
110,231,882,1971,0,5302130,0.8357530000000001,0.8589479999999999,ISR,USA,4232
111,231,882,1971,0,33265,2.039661,1.10519,ITA,USA,4232
112,231,882,1971,0,1292800,0.283952,-0.541592,JAM,USA,4232
113,231,882,1971,0,881170,0.344856,-0.11885699999999999,JOR,USA,4232
114,231,882,1971,127862,23212,1.862756,2.170372,JPN,USA,4232
116,231,882,1971,0,522898,-0.119521,0.044922000000000004,KEN,USA,4232
118,231,882,1971,0,50405,-0.868826,-0.796129,KHM,USA,4232
120,231,882,1971,0,109402,0.8502790000000001,-0.07904800000000001,KNA,USA,4232
121,231,882,1971,0,694871,0.804658,0.44236899999999996,KOR,USA,4232
122,231,882,1971,0,3636,-0.589441,-0.5007699999999999,KWT,USA,4232
123,231,882,1971,0,71806,-1.248427,-0.821947,LAO,USA,4232
124,231,882,1971,0,556691,0.6515989999999999,1.542378,LBN,USA,4232
125,231,882,1971,0,274091,-0.877289,-0.5771,LBR,USA,4232
128,231,882,1971,0,117697,-1.144836,-0.753853,LKA,USA,4232
133,231,882,1971,0,12987,1.219121,0.369868,MAC,USA,4232
134,231,882,1971,0,15708664,-0.016735,-0.41776599999999997,MAR,USA,4232
136,231,882,1971,0,54044,-0.819129,-0.765004,MDG,USA,4232
138,231,882,1971,0,46353,0.694692,1.631725,MEX,USA,4232
141,231,882,1971,0,40391,-0.809425,-0.9098719999999999,MLI,USA,4232
142,231,882,1971,0,206937,1.567812,1.889177,MLT,USA,4232
150,231,882,1971,0,17901,0.149367,-0.451215,MTQ,USA,4232
151,231,882,1971,0,1464556,-0.592737,-0.767588,MUS,USA,4232
152,231,882,1971,0,5864,-0.435749,-0.6851649999999999,MWI,USA,4232
153,231,882,1971,0,1056020,-0.636547,-0.648471,MYS,USA,4232
160,231,882,1971,0,52296,0.21678699999999998,-0.085482,NIC,USA,4232
162,231,882,1971,8752,103245,1.3564690000000001,2.749828,NLD,USA,4232
164,231,882,1971,0,1630,-0.486012,-0.640524,NPL,USA,4232
166,231,882,1971,0,1780,0.188851,-0.346439,NZL,USA,4232
168,231,882,1971,0,32007978,-0.160556,-0.48263,PAK,USA,4232
169,231,882,1971,0,3673407,0.641183,-0.062375,PAN,USA,4232
173,231,882,1971,0,15453345,-0.7457020000000001,-0.882229,PER,USA,4232
174,231,882,1971,64156,11904,-0.39003899999999997,-0.709147,PHL,USA,4232
177,231,882,1971,0,940426,0.8294520000000001,1.636849,POL,USA,4232
179,231,882,1971,0,4249,0.9233389999999999,1.184635,PRT,USA,4232
180,231,882,1971,0,143573,-0.48826,-0.712018,PRY,USA,4232
187,231,882,1971,0,120077,-1.8928740000000002,-0.48467200000000005,RWA,USA,4232
188,231,882,1971,0,252014,-1.370577,-0.556488,SAU,USA,4232
191,231,882,1971,0,6439,-0.100347,-0.469422,SEN,USA,4232
192,231,882,1971,0,1159279,0.540057,0.9167700000000001,SGP,USA,4232
196,231,882,1971,0,341721,-0.9423530000000001,-0.7621220000000001,SLE,USA,4232
197,231,882,1971,0,240552,0.807056,0.476688,SLV,USA,4232
199,231,882,1971,0,119678,-0.269276,-0.557816,SOM,USA,4232
205,231,882,1971,0,2153,-0.26679,-0.417204,SUR,USA,4232
208,231,882,1971,0,2702,2.190846,2.570859,SWE,USA,4232
211,231,882,1971,0,6951,-1.0993899999999999,-0.627599,SYC,USA,4232
214,231,882,1971,0,6869,-0.850374,-0.740183,TCD,USA,4232
215,231,882,1971,0,136659,-0.072395,-0.37341199999999997,TGO,USA,4232
216,231,882,1971,0,1521,-0.767467,-0.557866,THA,USA,4232
222,231,882,1971,0,185668,0.6038479999999999,-0.19159,TTO,USA,4232
223,231,882,1971,0,10182777,-0.28817,-0.6084189999999999,TUN,USA,4232
224,231,882,1971,0,4382796,-0.443655,-0.521285,TUR,USA,4232
226,231,882,1971,0,295111,-1.246843,-0.9062180000000001,TZA,USA,4232
227,231,882,1971,0,22245,-1.491473,-0.924457,UGA,USA,4232
230,231,882,1971,0,71956,0.24810300000000002,-0.16614600000000002,URY,USA,4232
236,231,882,1971,0,5607,-0.9655290000000001,-0.651151,VEN,USA,4232
238,231,882,1971,0,58769,0.806248,-0.070153,VIR,USA,4232
239,231,882,1971,0,4408695,0.07082100000000001,-0.296412,VNM,USA,4232
245,231,882,1971,0,25156594,1.106614,2.43735,YUG,USA,4232
246,231,882,1971,0,725187,-0.285408,-0.146573,ZAF,USA,4232
247,231,882,1971,0,9456,-0.8803290000000001,-0.7895399999999999,ZMB,USA,4232
249,231,882,1971,0,2058756,1.123146,1.440067,TWN,USA,4232
250,231,882,1971,0,80522,0.740793,0.11133,ANS,USA,4232
114,249,882,1971,317714,0,1.862756,2.170372,JPN,TWN,4232
231,249,882,1971,2058756,0,1.873357,1.848336,USA,TWN,4232
1,250,882,1971,0,1951,-0.82368,-0.805752,AFG,ANS,4232
14,250,882,1971,721,0,0.019735,0.02329,AUS,ANS,4232
58,250,882,1971,0,9286,0.266353,-0.404526,CYP,ANS,4232
71,250,882,1971,774514,0,0.9618040000000001,1.789808,ESP,ANS,4232
81,250,882,1971,1386,0,2.1646669999999997,0.034970999999999995,GBR,ANS,4232
111,250,882,1971,24568,34737,2.039661,1.10519,ITA,ANS,4232
114,250,882,1971,662459,0,1.862756,2.170372,JPN,ANS,4232
162,250,882,1971,1745,0,1.3564690000000001,2.749828,NLD,ANS,4232
166,250,882,1971,1432,0,0.188851,-0.346439,NZL,ANS,4232
169,250,882,1971,0,8237,0.641183,-0.062375,PAN,ANS,4232
231,250,882,1971,80522,0,1.873357,1.848336,USA,ANS,4232
49,6,882,1971,0,2714,-0.114488,-0.492489,COL,ANT,4232
71,6,882,1971,9974,0,0.9618040000000001,1.789808,ESP,ANT,4232
77,6,882,1971,1924,0,1.7299959999999999,1.562786,FRA,ANT,4232
81,6,882,1971,1519,0,2.1646669999999997,0.034970999999999995,GBR,ANT,4232
162,6,882,1971,73138,0,1.3564690000000001,2.749828,NLD,ANT,4232
179,6,882,1971,3012,0,0.9233389999999999,1.184635,PRT,ANT,4232
231,6,882,1971,1051732,0,1.873357,1.848336,USA,ANT,4232
236,6,882,1971,1049,0,-0.9655290000000001,-0.651151,VEN,ANT,4232
15,32,882,1971,0,170192,1.984568,0.9571209999999999,AUT,BRA,4232
42,32,882,1971,0,284232,-0.231579,-0.6383479999999999,CHL,BRA,4232
77,32,882,1971,0,27195,1.7299959999999999,1.562786,FRA,BRA,4232
162,32,882,1971,0,29683,1.3564690000000001,2.749828,NLD,BRA,4232
173,32,882,1971,0,1727193,-0.7457020000000001,-0.882229,PER,BRA,4232
180,32,882,1971,470210,10480,-0.48826,-0.712018,PRY,BRA,4232
222,32,882,1971,0,49299,0.6038479999999999,-0.19159,TTO,BRA,4232
231,32,882,1971,595604,0,1.873357,1.848336,USA,BRA,4232
247,32,882,1971,0,12050,-0.8803290000000001,-0.7895399999999999,ZMB,BRA,4232
8,44,882,1971,104595,0,0.0024230000000000002,0.084024,ARG,CIV,4232
71,44,882,1971,857097,0,0.9618040000000001,1.789808,ESP,CIV,4232
231,44,882,1971,37957,0,1.873357,1.848336,USA,CIV,4232
18,46,882,1971,22533,0,1.495689,2.262083,BEL,COD,4232
162,46,882,1971,23902,0,1.3564690000000001,2.749828,NLD,COD,4232
231,46,882,1971,199368,0,1.873357,1.848336,USA,COD,4232
5,71,882,1971,0,1004,1.154482,0.361592,AND,ESP,4232
6,71,882,1971,0,9974,0.890891,0.10081699999999999,ANT,ESP,4232
15,71,882,1971,0,193722,1.984568,0.9571209999999999,AUT,ESP,4232
31,71,882,1971,0,30947,-0.578729,-0.640841,BOL,ESP,4232
41,71,882,1971,0,87525,2.242028,1.9425029999999999,CHE,ESP,4232
42,71,882,1971,0,2455556,-0.231579,-0.6383479999999999,CHL,ESP,4232
44,71,882,1971,0,857097,-0.719483,-0.700326,CIV,ESP,4232
58,71,882,1971,0,165013,0.266353,-0.404526,CYP,ESP,4232
61,71,882,1971,21154,531141,2.304817,-1.885431,DEU,ESP,4232
66,71,882,1971,0,402883,-0.42629399999999995,-0.612192,DZA,ESP,4232
74,71,882,1971,0,285973,1.382261,1.410232,FIN,ESP,4232
81,71,882,1971,0,5664236,2.1646669999999997,0.034970999999999995,GBR,ESP,4232
90,71,882,1971,0,303455,0.373161,0.153613,GRC,ESP,4232
96,71,882,1971,0,254748,0.006441,-0.42498800000000003,GUY,ESP,4232
106,71,882,1971,0,410341,1.0895219999999999,1.885416,IRL,ESP,4232
107,71,882,1971,0,1408194,-0.7509680000000001,-0.721083,IRN,ESP,4232
134,71,882,1971,0,3589942,-0.016735,-0.41776599999999997,MAR,ESP,4232
142,71,882,1971,0,873501,1.567812,1.889177,MLT,ESP,4232
148,71,882,1971,0,17221,-0.791432,-0.798547,MRT,ESP,4232
151,71,882,1971,0,302886,-0.592737,-0.767588,MUS,ESP,4232
159,71,882,1971,0,40189,-1.6915639999999998,-0.8931879999999999,NGA,ESP,4232
162,71,882,1971,70764,4453824,1.3564690000000001,2.749828,NLD,ESP,4232
168,71,882,1971,0,4098010,-0.160556,-0.48263,PAK,ESP,4232
177,71,882,1971,0,506025,0.8294520000000001,1.636849,POL,ESP,4232
196,71,882,1971,0,11383,-0.9423530000000001,-0.7621220000000001,SLE,ESP,4232
223,71,882,1971,0,1747146,-0.28817,-0.6084189999999999,TUN,ESP,4232
224,71,882,1971,0,1539688,-0.443655,-0.521285,TUR,ESP,4232
230,71,882,1971,0,979318,0.24810300000000002,-0.16614600000000002,URY,ESP,4232
250,71,882,1971,0,774514,0.740793,0.11133,ANS,ESP,4232
18,74,882,1971,1010,0,1.495689,2.262083,BEL,FIN,4232
41,74,882,1971,1244,0,2.242028,1.9425029999999999,CHE,FIN,4232
43,74,882,1971,1347,0,0.551566,1.636164,CHN,FIN,4232
61,74,882,1971,533298,0,2.304817,-1.885431,DEU,FIN,4232
64,74,882,1971,7554,0,1.5224870000000001,2.45498,DNK,FIN,4232
71,74,882,1971,285973,0,0.9618040000000001,1.789808,ESP,FIN,4232
90,74,882,1971,0,1209,0.373161,0.153613,GRC,FIN,4232
162,74,882,1971,230112,0,1.3564690000000001,2.749828,NLD,FIN,4232
77,80,882,1971,1080,0,1.7299959999999999,1.562786,FRA,GAB,4232
231,80,882,1971,8183,0,1.873357,1.848336,USA,GAB,4232
231,85,882,1971,1036362,0,1.873357,1.848336,USA,GIN,4232
162,88,882,1971,1062,0,1.3564690000000001,2.749828,NLD,GNB,4232
14,103,882,1971,12084,0,0.019735,0.02329,AUS,IDN,4232
15,103,882,1971,0,6333,1.984568,0.9571209999999999,AUT,IDN,4232
113,103,882,1971,0,209297,0.344856,-0.11885699999999999,JOR,IDN,4232
114,103,882,1971,3700,0,1.862756,2.170372,JPN,IDN,4232
162,103,882,1971,1059,0,1.3564690000000001,2.749828,NLD,IDN,4232
15,110,882,1971,0,189722,1.984568,0.9571209999999999,AUT,ISR,4232
18,110,882,1971,0,6538,1.495689,2.262083,BEL,ISR,4232
41,110,882,1971,0,53696,2.242028,1.9425029999999999,CHE,ISR,4232
58,110,882,1971,0,136937,0.266353,-0.404526,CYP,ISR,4232
61,110,882,1971,0,48973,2.304817,-1.885431,DEU,ISR,4232
81,110,882,1971,0,251159,2.1646669999999997,0.034970999999999995,GBR,ISR,4232
83,110,882,1971,0,995,-0.948254,-0.880582,GHA,ISR,4232
106,110,882,1971,0,67902,1.0895219999999999,1.885416,IRL,ISR,4232
111,110,882,1971,0,1010,2.039661,1.10519,ITA,ISR,4232
116,110,882,1971,0,9275,-0.119521,0.044922000000000004,KEN,ISR,4232
142,110,882,1971,0,96993,1.567812,1.889177,MLT,ISR,4232
162,110,882,1971,0,628007,1.3564690000000001,2.749828,NLD,ISR,4232
184,110,882,1971,0,71560,-1.004604,-0.44332,REU,ISR,4232
222,110,882,1971,0,58353,0.6038479999999999,-0.19159,TTO,ISR,4232
231,110,882,1971,5302130,0,1.873357,1.848336,USA,ISR,4232
247,110,882,1971,0,63196,-0.8803290000000001,-0.7895399999999999,ZMB,ISR,4232
97,133,882,1971,1857,0,1.4643760000000001,1.159238,HKG,MAC,4232
231,133,882,1971,12987,0,1.873357,1.848336,USA,MAC,4232
179,147,882,1971,0,23645,0.9233389999999999,1.184635,PRT,MOZ,4232
15,153,882,1971,0,3709,1.984568,0.9571209999999999,AUT,MYS,4232
43,153,882,1971,2484,0,0.551566,1.636164,CHN,MYS,4232
81,153,882,1971,44051,0,2.1646669999999997,0.034970999999999995,GBR,MYS,4232
97,153,882,1971,11283,0,1.4643760000000001,1.159238,HKG,MYS,4232
113,153,882,1971,0,133169,0.344856,-0.11885699999999999,JOR,MYS,4232
114,153,882,1971,119228,0,1.862756,2.170372,JPN,MYS,4232
162,153,882,1971,3644,0,1.3564690000000001,2.749828,NLD,MYS,4232
192,153,882,1971,21084,45554,0.540057,0.9167700000000001,SGP,MYS,4232
231,153,882,1971,1056020,0,1.873357,1.848336,USA,MYS,4232
45,159,882,1971,659,0,-0.735506,-0.605363,CMR,NGA,4232
53,159,882,1971,4277,0,1.7241369999999998,2.76252,CSK,NGA,4232
71,159,882,1971,40189,0,0.9618040000000001,1.789808,ESP,NGA,4232
77,159,882,1971,9554,0,1.7299959999999999,1.562786,FRA,NGA,4232
81,159,882,1971,24075,0,2.1646669999999997,0.034970999999999995,GBR,NGA,4232
90,159,882,1971,3755,0,0.373161,0.153613,GRC,NGA,4232
111,159,882,1971,41319,0,2.039661,1.10519,ITA,NGA,4232
124,159,882,1971,2599,0,0.6515989999999999,1.542378,LBN,NGA,4232
14,166,882,1971,43605,0,0.019735,0.02329,AUS,NZL,4232
18,166,882,1971,931,0,1.495689,2.262083,BEL,NZL,4232
61,166,882,1971,366692,0,2.304817,-1.885431,DEU,NZL,4232
64,166,882,1971,140240,0,1.5224870000000001,2.45498,DNK,NZL,4232
75,166,882,1971,0,2014,0.057053,-0.490021,FJI,NZL,4232
114,166,882,1971,46839,0,1.862756,2.170372,JPN,NZL,4232
162,166,882,1971,289236,0,1.3564690000000001,2.749828,NLD,NZL,4232
176,166,882,1971,0,1847,-0.222694,-0.396214,PNG,NZL,4232
192,166,882,1971,823,0,0.540057,0.9167700000000001,SGP,NZL,4232
231,166,882,1971,1780,0,1.873357,1.848336,USA,NZL,4232
250,166,882,1971,0,1432,0.740793,0.11133,ANS,NZL,4232
61,177,882,1971,209232,0,2.304817,-1.885431,DEU,POL,4232
64,177,882,1971,433154,0,1.5224870000000001,2.45498,DNK,POL,4232
71,177,882,1971,506025,0,0.9618040000000001,1.789808,ESP,POL,4232
77,177,882,1971,235336,0,1.7299959999999999,1.562786,FRA,POL,4232
231,177,882,1971,940426,0,1.873357,1.848336,USA,POL,4232
2,179,882,1971,0,196017,-1.208704,-0.854866,AGO,PRT,4232
6,179,882,1971,0,3012,0.890891,0.10081699999999999,ANT,PRT,4232
41,179,882,1971,0,57212,2.242028,1.9425029999999999,CHE,PRT,4232
61,179,882,1971,100278,0,2.304817,-1.885431,DEU,PRT,4232
67,179,882,1971,0,35738,-0.8731540000000001,-0.931018,ECU,PRT,4232
81,179,882,1971,0,713080,2.1646669999999997,0.034970999999999995,GBR,PRT,4232
147,179,882,1971,23645,0,-0.670024,-0.6290560000000001,MOZ,PRT,4232
162,179,882,1971,31192,521324,1.3564690000000001,2.749828,NLD,PRT,4232
231,179,882,1971,4249,0,1.873357,1.848336,USA,PRT,4232
18,222,882,1971,59972,0,1.495689,2.262083,BEL,TTO,4232
32,222,882,1971,49299,0,-0.326897,-0.229088,BRA,TTO,4232
61,222,882,1971,38027,0,2.304817,-1.885431,DEU,TTO,4232
110,222,882,1971,58353,0,0.8357530000000001,0.8589479999999999,ISR,TTO,4232
162,222,882,1971,43764,0,1.3564690000000001,2.749828,NLD,TTO,4232
231,222,882,1971,185668,0,1.873357,1.848336,USA,TTO,4232
6,236,882,1971,0,1049,0.890891,0.10081699999999999,ANT,VEN,4232
162,236,882,1971,302950,0,1.3564690000000001,2.749828,NLD,VEN,4232
231,236,882,1971,5607,0,1.873357,1.848336,USA,VEN,4232
61,246,882,1971,16058,0,2.304817,-1.885431,DEU,ZAF,4232
162,246,882,1971,14740,0,1.3564690000000001,2.749828,NLD,ZAF,4232
231,246,882,1971,725187,0,1.873357,1.848336,USA,ZAF,4232
32,247,882,1971,12050,0,-0.326897,-0.229088,BRA,ZMB,4232
77,247,882,1971,28839,0,1.7299959999999999,1.562786,FRA,ZMB,4232
81,247,882,1971,60177,0,2.1646669999999997,0.034970999999999995,GBR,ZMB,4232
110,247,882,1971,63196,0,0.8357530000000001,0.8589479999999999,ISR,ZMB,4232
111,247,882,1971,24443,0,2.039661,1.10519,ITA,ZMB,4232
231,247,882,1971,9456,0,1.873357,1.848336,USA,ZMB,4232
41,68,882,1971,2656547,0,2.242028,1.9425029999999999,CHE,EGY,4232
162,68,882,1971,2122,0,1.3564690000000001,2.749828,NLD,EGY,4232
185,68,882,1971,351672,0,1.0355299999999998,1.5666129999999998,ROU,EGY,4232
186,68,882,1971,9498310,0,0.42000600000000005,0.512301,RUS,EGY,4232
231,68,882,1971,564575,0,1.873357,1.848336,USA,EGY,4232
245,68,882,1971,2849671,0,1.106614,2.43735,YUG,EGY,4232
15,102,882,1971,0,43304,1.984568,0.9571209999999999,AUT,HUN,4232
61,102,882,1971,337199,0,2.304817,-1.885431,DEU,HUN,4232
111,102,882,1971,186445,0,2.039661,1.10519,ITA,HUN,4232
61,134,882,1971,60704,0,2.304817,-1.885431,DEU,MAR,4232
71,134,882,1971,3589942,0,0.9618040000000001,1.789808,ESP,MAR,4232
77,134,882,1971,857967,0,1.7299959999999999,1.562786,FRA,MAR,4232
111,134,882,1971,1380868,0,2.039661,1.10519,ITA,MAR,4232
231,134,882,1971,15708664,0,1.873357,1.848336,USA,MAR,4232
15,245,882,1971,0,146980,1.984568,0.9571209999999999,AUT,YUG,4232
61,245,882,1971,683082,0,2.304817,-1.885431,DEU,YUG,4232
68,245,882,1971,0,2849671,0.192492,-0.374212,EGY,YUG,4232
231,245,882,1971,25156594,0,1.873357,1.848336,USA,YUG,4232
179,2,882,1971,196017,0,0.9233389999999999,1.184635,PRT,AGO,4232
31,8,882,1971,0,845045,-0.578729,-0.640841,BOL,ARG,4232
44,8,882,1971,0,104595,-0.719483,-0.700326,CIV,ARG,4232
180,8,882,1971,6041,0,-0.48826,-0.712018,PRY,ARG,4232
231,8,882,1971,4532,0,1.873357,1.848336,USA,ARG,4232
231,21,882,1971,91631,0,1.873357,1.848336,USA,BFA,4232
39,25,882,1971,1645,0,0.543049,0.772374,CAN,BHS,4232
231,25,882,1971,26095,0,1.873357,1.848336,USA,BHS,4232
81,30,882,1971,5691,0,2.1646669999999997,0.034970999999999995,GBR,BMU,4232
162,30,882,1971,1850,0,1.3564690000000001,2.749828,NLD,BMU,4232
231,30,882,1971,31275,0,1.873357,1.848336,USA,BMU,4232
61,33,882,1971,7309,0,2.304817,-1.885431,DEU,BRB,4232
81,33,882,1971,1072,0,2.1646669999999997,0.034970999999999995,GBR,BRB,4232
162,33,882,1971,57558,0,1.3564690000000001,2.749828,NLD,BRB,4232
231,33,882,1971,3438,0,1.873357,1.848336,USA,BRB,4232
32,42,882,1971,284232,0,-0.326897,-0.229088,BRA,CHL,4232
61,42,882,1971,204096,0,2.304817,-1.885431,DEU,CHL,4232
64,42,882,1971,320122,0,1.5224870000000001,2.45498,DNK,CHL,4232
71,42,882,1971,2455556,0,0.9618040000000001,1.789808,ESP,CHL,4232
77,42,882,1971,75810,0,1.7299959999999999,1.562786,FRA,CHL,4232
111,42,882,1971,914635,0,2.039661,1.10519,ITA,CHL,4232
162,42,882,1971,323880,0,1.3564690000000001,2.749828,NLD,CHL,4232
180,42,882,1971,15508,0,-0.48826,-0.712018,PRY,CHL,4232
208,42,882,1971,2128,0,2.190846,2.570859,SWE,CHL,4232
231,42,882,1971,5351552,0,1.873357,1.848336,USA,CHL,4232
34,43,882,1971,0,1130,-0.394928,-0.213258,BRN,CHN,4232
74,43,882,1971,0,1347,1.382261,1.410232,FIN,CHN,4232
153,43,882,1971,0,2484,-0.636547,-0.648471,MYS,CHN,4232
159,45,882,1971,0,659,-1.6915639999999998,-0.8931879999999999,NGA,CMR,4232
231,45,882,1971,23775,0,1.873357,1.848336,USA,CMR,4232
6,49,882,1971,2714,0,0.890891,0.10081699999999999,ANT,COL,4232
162,49,882,1971,1908,0,1.3564690000000001,2.749828,NLD,COL,4232
231,49,882,1971,2081375,0,1.873357,1.848336,USA,COL,4232
93,52,882,1971,0,2611,0.513422,0.31249099999999996,GTM,CRI,4232
160,52,882,1971,22652,0,0.21678699999999998,-0.085482,NIC,CRI,4232
162,52,882,1971,47255,0,1.3564690000000001,2.749828,NLD,CRI,4232
231,52,882,1971,209422,0,1.873357,1.848336,USA,CRI,4232
96,65,882,1971,0,13918,0.006441,-0.42498800000000003,GUY,DOM,4232
231,65,882,1971,3256458,0,1.873357,1.848336,USA,DOM,4232
71,66,882,1971,402883,0,0.9618040000000001,1.789808,ESP,DZA,4232
208,66,882,1971,4620,0,2.190846,2.570859,SWE,DZA,4232
61,67,882,1971,157823,0,2.304817,-1.885431,DEU,ECU,4232
64,67,882,1971,241953,0,1.5224870000000001,2.45498,DNK,ECU,4232
111,67,882,1971,39302,0,2.039661,1.10519,ITA,ECU,4232
162,67,882,1971,12501,0,1.3564690000000001,2.749828,NLD,ECU,4232
179,67,882,1971,35738,0,0.9233389999999999,1.184635,PRT,ECU,4232
180,67,882,1971,51213,0,-0.48826,-0.712018,PRY,ECU,4232
197,67,882,1971,211655,0,0.807056,0.476688,SLV,ECU,4232
231,67,882,1971,3690958,0,1.873357,1.848336,USA,ECU,4232
64,83,882,1971,27458,0,1.5224870000000001,2.45498,DNK,GHA,4232
77,83,882,1971,1771,0,1.7299959999999999,1.562786,FRA,GHA,4232
81,83,882,1971,20676,0,2.1646669999999997,0.034970999999999995,GBR,GHA,4232
110,83,882,1971,995,0,0.8357530000000001,0.8589479999999999,ISR,GHA,4232
162,83,882,1971,10970,0,1.3564690000000001,2.749828,NLD,GHA,4232
231,83,882,1971,356214,0,1.873357,1.848336,USA,GHA,4232
64,84,882,1971,54820,0,1.5224870000000001,2.45498,DNK,GIB,4232
162,84,882,1971,1408,0,1.3564690000000001,2.749828,NLD,GIB,4232
18,86,882,1971,10207,0,1.495689,2.262083,BEL,GLP,4232
61,86,882,1971,158105,0,2.304817,-1.885431,DEU,GLP,4232
77,86,882,1971,80952,0,1.7299959999999999,1.562786,FRA,GLP,4232
162,86,882,1971,24851,0,1.3564690000000001,2.749828,NLD,GLP,4232
52,93,882,1971,2611,0,0.9643510000000001,0.613066,CRI,GTM,4232
61,93,882,1971,6436,0,2.304817,-1.885431,DEU,GTM,4232
231,93,882,1971,86404,0,1.873357,1.848336,USA,GTM,4232
231,99,882,1971,139653,0,1.873357,1.848336,USA,HND,4232
231,101,882,1971,3453676,0,1.873357,1.848336,USA,HTI,4232
61,106,882,1971,32408,0,2.304817,-1.885431,DEU,IRL,4232
71,106,882,1971,410341,0,0.9618040000000001,1.789808,ESP,IRL,4232
77,106,882,1971,70662,0,1.7299959999999999,1.562786,FRA,IRL,4232
81,106,882,1971,18964,0,2.1646669999999997,0.034970999999999995,GBR,IRL,4232
110,106,882,1971,67902,0,0.8357530000000001,0.8589479999999999,ISR,IRL,4232
162,106,882,1971,153154,0,1.3564690000000001,2.749828,NLD,IRL,4232
61,112,882,1971,4010,0,2.304817,-1.885431,DEU,JAM,4232
81,112,882,1971,27541,0,2.1646669999999997,0.034970999999999995,GBR,JAM,4232
231,112,882,1971,1292800,0,1.873357,1.848336,USA,JAM,4232
97,121,882,1971,0,14330,1.4643760000000001,1.159238,HKG,KOR,4232
114,121,882,1971,21483,0,1.862756,2.170372,JPN,KOR,4232
231,121,882,1971,694871,0,1.873357,1.848336,USA,KOR,4232
64,126,882,1971,11400,0,1.5224870000000001,2.45498,DNK,LBY,4232
162,126,882,1971,23159,0,1.3564690000000001,2.749828,NLD,LBY,4232
231,138,882,1971,46353,0,1.873357,1.848336,USA,MEX,4232
231,141,882,1971,40391,0,1.873357,1.848336,USA,MLI,4232
58,142,882,1971,0,46926,0.266353,-0.404526,CYP,MLT,4232
71,142,882,1971,873501,0,0.9618040000000001,1.789808,ESP,MLT,4232
90,142,882,1971,0,103822,0.373161,0.153613,GRC,MLT,4232
110,142,882,1971,96993,0,0.8357530000000001,0.8589479999999999,ISR,MLT,4232
111,142,882,1971,280776,0,2.039661,1.10519,ITA,MLT,4232
162,142,882,1971,1146,0,1.3564690000000001,2.749828,NLD,MLT,4232
188,142,882,1971,0,60737,-1.370577,-0.556488,SAU,MLT,4232
231,142,882,1971,206937,0,1.873357,1.848336,USA,MLT,4232
243,142,882,1971,0,51772,-1.2022329999999999,-0.832217,YEM,MLT,4232
18,150,882,1971,4953,0,1.495689,2.262083,BEL,MTQ,4232
61,150,882,1971,176815,0,2.304817,-1.885431,DEU,MTQ,4232
77,150,882,1971,182856,0,1.7299959999999999,1.562786,FRA,MTQ,4232
162,150,882,1971,95293,0,1.3564690000000001,2.749828,NLD,MTQ,4232
231,150,882,1971,17901,0,1.873357,1.848336,USA,MTQ,4232
52,160,882,1971,0,22652,0.9643510000000001,0.613066,CRI,NIC,4232
231,160,882,1971,52296,0,1.873357,1.848336,USA,NIC,4232
162,169,882,1971,15938,0,1.3564690000000001,2.749828,NLD,PAN,4232
231,169,882,1971,3673407,0,1.873357,1.848336,USA,PAN,4232
250,169,882,1971,8237,0,0.740793,0.11133,ANS,PAN,4232
77,172,882,1971,419121,0,1.7299959999999999,1.562786,FRA,PCZ,4232
162,172,882,1971,2451,0,1.3564690000000001,2.749828,NLD,PCZ,4232
32,173,882,1971,1727193,0,-0.326897,-0.229088,BRA,PER,4232
81,173,882,1971,6921,0,2.1646669999999997,0.034970999999999995,GBR,PER,4232
231,173,882,1971,15453345,0,1.873357,1.848336,USA,PER,4232
14,174,882,1971,3406,0,0.019735,0.02329,AUS,PHL,4232
18,174,882,1971,1999,0,1.495689,2.262083,BEL,PHL,4232
61,174,882,1971,11590,0,2.304817,-1.885431,DEU,PHL,4232
64,174,882,1971,1613,0,1.5224870000000001,2.45498,DNK,PHL,4232
81,174,882,1971,2920,0,2.1646669999999997,0.034970999999999995,GBR,PHL,4232
97,174,882,1971,75090,0,1.4643760000000001,1.159238,HKG,PHL,4232
114,174,882,1971,342065,0,1.862756,2.170372,JPN,PHL,4232
162,174,882,1971,72792,0,1.3564690000000001,2.749828,NLD,PHL,4232
231,174,882,1971,11904,64156,1.873357,1.848336,USA,PHL,4232
8,180,882,1971,0,6041,0.0024230000000000002,0.084024,ARG,PRY,4232
32,180,882,1971,10480,470210,-0.326897,-0.229088,BRA,PRY,4232
42,180,882,1971,0,15508,-0.231579,-0.6383479999999999,CHL,PRY,4232
67,180,882,1971,0,51213,-0.8731540000000001,-0.931018,ECU,PRY,4232
231,180,882,1971,143573,0,1.873357,1.848336,USA,PRY,4232
18,191,882,1971,1264,0,1.495689,2.262083,BEL,SEN,4232
231,191,882,1971,6439,0,1.873357,1.848336,USA,SEN,4232
67,197,882,1971,0,211655,-0.8731540000000001,-0.931018,ECU,SLV,4232
231,197,882,1971,240552,0,1.873357,1.848336,USA,SLV,4232
162,205,882,1971,7698,0,1.3564690000000001,2.749828,NLD,SUR,4232
163,205,882,1971,11041,0,1.297569,1.870238,NOR,SUR,4232
231,205,882,1971,2153,0,1.873357,1.848336,USA,SUR,4232
231,214,882,1971,6869,0,1.873357,1.848336,USA,TCD,4232
61,215,882,1971,25498,0,2.304817,-1.885431,DEU,TGO,4232
77,215,882,1971,3469,0,1.7299959999999999,1.562786,FRA,TGO,4232
162,215,882,1971,14265,0,1.3564690000000001,2.749828,NLD,TGO,4232
231,215,882,1971,136659,0,1.873357,1.848336,USA,TGO,4232
71,230,882,1971,979318,0,0.9618040000000001,1.789808,ESP,URY,4232
231,230,882,1971,71956,0,1.873357,1.848336,USA,URY,4232
231,238,882,1971,58769,0,1.873357,1.848336,USA,VIR,4232
104,24,882,1971,1087,0,0.28820999999999997,0.790629,IND,BHR,4232
162,24,882,1971,16778,0,1.3564690000000001,2.749828,NLD,BHR,4232
81,113,882,1971,7198,0,2.1646669999999997,0.034970999999999995,GBR,JOR,4232
103,113,882,1971,209297,0,-1.335787,-0.813966,IDN,JOR,4232
122,113,882,1971,0,58551,-0.589441,-0.5007699999999999,KWT,JOR,4232
124,113,882,1971,1585,0,0.6515989999999999,1.542378,LBN,JOR,4232
153,113,882,1971,133169,0,-0.636547,-0.648471,MYS,JOR,4232
162,113,882,1971,127133,0,1.3564690000000001,2.749828,NLD,JOR,4232
188,113,882,1971,0,13315,-1.370577,-0.556488,SAU,JOR,4232
231,113,882,1971,881170,0,1.873357,1.848336,USA,JOR,4232
81,128,882,1971,9506,0,2.1646669999999997,0.034970999999999995,GBR,LKA,4232
231,128,882,1971,117697,0,1.873357,1.848336,USA,LKA,4232
77,23,882,1971,128714,0,1.7299959999999999,1.562786,FRA,BGR,4232
8,31,882,1971,845045,0,0.0024230000000000002,0.084024,ARG,BOL,4232
71,31,882,1971,30947,0,0.9618040000000001,1.789808,ESP,BOL,4232
111,31,882,1971,2442,0,2.039661,1.10519,ITA,BOL,4232
162,31,882,1971,186937,0,1.3564690000000001,2.749828,NLD,BOL,4232
231,31,882,1971,421404,0,1.873357,1.848336,USA,BOL,4232
61,58,882,1971,20788,0,2.304817,-1.885431,DEU,CYP,4232
71,58,882,1971,165013,0,0.9618040000000001,1.789808,ESP,CYP,4232
81,58,882,1971,2336,0,2.1646669999999997,0.034970999999999995,GBR,CYP,4232
90,58,882,1971,140927,0,0.373161,0.153613,GRC,CYP,4232
110,58,882,1971,136937,0,0.8357530000000001,0.8589479999999999,ISR,CYP,4232
142,58,882,1971,46926,0,1.567812,1.889177,MLT,CYP,4232
162,58,882,1971,88305,0,1.3564690000000001,2.749828,NLD,CYP,4232
231,58,882,1971,63338,0,1.873357,1.848336,USA,CYP,4232
250,58,882,1971,9286,0,0.740793,0.11133,ANS,CYP,4232
231,87,882,1971,251128,0,1.873357,1.848336,USA,GMB,4232
61,96,882,1971,14745,0,2.304817,-1.885431,DEU,GUY,4232
65,96,882,1971,13918,0,-0.236627,-0.716432,DOM,GUY,4232
71,96,882,1971,254748,0,0.9618040000000001,1.789808,ESP,GUY,4232
127,96,882,1971,62415,0,-0.91961,-0.283494,LCA,GUY,4232
231,96,882,1971,262305,0,1.873357,1.848336,USA,GUY,4232
110,116,882,1971,9275,0,0.8357530000000001,0.8589479999999999,ISR,KEN,4232
231,116,882,1971,522898,0,1.873357,1.848336,USA,KEN,4232
162,125,882,1971,39507,0,1.3564690000000001,2.749828,NLD,LBR,4232
231,125,882,1971,274091,0,1.873357,1.848336,USA,LBR,4232
71,148,882,1971,17221,0,0.9618040000000001,1.789808,ESP,MRT,4232
162,183,882,1971,16815,0,1.3564690000000001,2.749828,NLD,QAT,4232
61,184,882,1971,2920,0,2.304817,-1.885431,DEU,REU,4232
77,184,882,1971,41050,0,1.7299959999999999,1.562786,FRA,REU,4232
110,184,882,1971,71560,0,0.8357530000000001,0.8589479999999999,ISR,REU,4232
151,184,882,1971,20940,0,-0.592737,-0.767588,MUS,REU,4232
162,184,882,1971,34937,0,1.3564690000000001,2.749828,NLD,REU,4232
68,185,882,1971,0,351672,0.192492,-0.374212,EGY,ROU,4232
61,188,882,1971,59144,0,2.304817,-1.885431,DEU,SAU,4232
113,188,882,1971,13315,0,0.344856,-0.11885699999999999,JOR,SAU,4232
142,188,882,1971,60737,0,1.567812,1.889177,MLT,SAU,4232
162,188,882,1971,677460,0,1.3564690000000001,2.749828,NLD,SAU,4232
231,188,882,1971,252014,0,1.873357,1.848336,USA,SAU,4232
71,223,882,1971,1747146,0,0.9618040000000001,1.789808,ESP,TUN,4232
231,223,882,1971,10182777,0,1.873357,1.848336,USA,TUN,4232
41,224,882,1971,1137659,0,2.242028,1.9425029999999999,CHE,TUR,4232
71,224,882,1971,1539688,0,0.9618040000000001,1.789808,ESP,TUR,4232
77,224,882,1971,553033,0,1.7299959999999999,1.562786,FRA,TUR,4232
111,224,882,1971,581375,0,2.039661,1.10519,ITA,TUR,4232
231,224,882,1971,4382796,0,1.873357,1.848336,USA,TUR,4232
61,1,882,1971,721,0,2.304817,-1.885431,DEU,AFG,4232
77,1,882,1971,1063,0,1.7299959999999999,1.562786,FRA,AFG,4232
81,1,882,1971,23844,0,2.1646669999999997,0.034970999999999995,GBR,AFG,4232
97,1,882,1971,1916,0,1.4643760000000001,1.159238,HKG,AFG,4232
107,1,882,1971,1229330,0,-0.7509680000000001,-0.721083,IRN,AFG,4232
109,1,882,1971,70793,0,0.12083900000000002,-0.37900100000000003,ISL,AFG,4232
114,1,882,1971,99836,0,1.862756,2.170372,JPN,AFG,4232
162,1,882,1971,1783,0,1.3564690000000001,2.749828,NLD,AFG,4232
163,1,882,1971,249293,0,1.297569,1.870238,NOR,AFG,4232
186,1,882,1971,392515,0,0.42000600000000005,0.512301,RUS,AFG,4232
192,1,882,1971,264443,0,0.540057,0.9167700000000001,SGP,AFG,4232
231,1,882,1971,37304,0,1.873357,1.848336,USA,AFG,4232
250,1,882,1971,1951,0,0.740793,0.11133,ANS,AFG,4232
231,29,882,1971,24303,0,1.873357,1.848336,USA,BLZ,4232
43,34,882,1971,1130,0,0.551566,1.636164,CHN,BRN,4232
97,34,882,1971,3542,0,1.4643760000000001,1.159238,HKG,BRN,4232
77,62,882,1971,2731,0,1.7299959999999999,1.562786,FRA,DJI,4232
162,62,882,1971,3369,0,1.3564690000000001,2.749828,NLD,DJI,4232
162,73,882,1971,20349,0,1.3564690000000001,2.749828,NLD,ETH,4232
231,73,882,1971,4691,0,1.873357,1.848336,USA,ETH,4232
61,75,882,1971,251316,0,2.304817,-1.885431,DEU,FJI,4232
81,75,882,1971,1066,0,2.1646669999999997,0.034970999999999995,GBR,FJI,4232
114,75,882,1971,1136,0,1.862756,2.170372,JPN,FJI,4232
162,75,882,1971,281535,0,1.3564690000000001,2.749828,NLD,FJI,4232
166,75,882,1971,2014,0,0.188851,-0.346439,NZL,FJI,4232
192,75,882,1971,1288,0,0.540057,0.9167700000000001,SGP,FJI,4232
242,75,882,1971,0,1559,-0.620091,-0.601296,WSM,FJI,4232
231,118,882,1971,50405,0,1.873357,1.848336,USA,KHM,4232
14,119,882,1971,2108,0,0.019735,0.02329,AUS,KIR,4232
64,120,882,1971,215539,0,1.5224870000000001,2.45498,DNK,KNA,4232
231,120,882,1971,109402,0,1.873357,1.848336,USA,KNA,4232
231,123,882,1971,71806,0,1.873357,1.848336,USA,LAO,4232
151,136,882,1971,38483,0,-0.592737,-0.767588,MUS,MDG,4232
231,136,882,1971,54044,0,1.873357,1.848336,USA,MDG,4232
71,151,882,1971,302886,0,0.9618040000000001,1.789808,ESP,MUS,4232
81,151,882,1971,28872,0,2.1646669999999997,0.034970999999999995,GBR,MUS,4232
114,151,882,1971,1453,0,1.862756,2.170372,JPN,MUS,4232
136,151,882,1971,0,38483,-0.819129,-0.765004,MDG,MUS,4232
162,151,882,1971,6268,0,1.3564690000000001,2.749828,NLD,MUS,4232
184,151,882,1971,0,20940,-1.004604,-0.44332,REU,MUS,4232
211,151,882,1971,0,1768,-1.0993899999999999,-0.627599,SYC,MUS,4232
231,151,882,1971,1464556,0,1.873357,1.848336,USA,MUS,4232
231,152,882,1971,5864,0,1.873357,1.848336,USA,MWI,4232
162,156,882,1971,1767,0,1.3564690000000001,2.749828,NLD,NCL,4232
231,164,882,1971,1630,0,1.873357,1.848336,USA,NPL,4232
14,165,882,1971,5850,0,0.019735,0.02329,AUS,NRU,4232
61,167,882,1971,2040,0,2.304817,-1.885431,DEU,OMN,4232
64,167,882,1971,3738,0,1.5224870000000001,2.45498,DNK,OMN,4232
162,167,882,1971,77321,0,1.3564690000000001,2.749828,NLD,OMN,4232
14,176,882,1971,66340,0,0.019735,0.02329,AUS,PNG,4232
166,176,882,1971,1847,0,0.188851,-0.346439,NZL,PNG,4232
77,182,882,1971,5994,0,1.7299959999999999,1.562786,FRA,PYF,4232
162,182,882,1971,4434,0,1.3564690000000001,2.749828,NLD,PYF,4232
14,195,882,1971,1315,0,0.019735,0.02329,AUS,SLB,4232
151,211,882,1971,1768,0,-0.592737,-0.767588,MUS,SYC,4232
231,211,882,1971,6951,0,1.873357,1.848336,USA,SYC,4232
231,226,882,1971,295111,0,1.873357,1.848336,USA,TZA,4232
231,227,882,1971,22245,0,1.873357,1.848336,USA,UGA,4232
18,239,882,1971,1094,0,1.495689,2.262083,BEL,VNM,4232
192,239,882,1971,7109102,0,0.540057,0.9167700000000001,SGP,VNM,4232
231,239,882,1971,4408695,0,1.873357,1.848336,USA,VNM,4232
114,240,882,1971,1585,0,1.862756,2.170372,JPN,VUT,4232
75,242,882,1971,1559,0,0.057053,-0.490021,FJI,WSM,4232
142,243,882,1971,51772,0,1.567812,1.889177,MLT,YEM,4232
162,243,882,1971,4149,0,1.3564690000000001,2.749828,NLD,YEM,4232
162,4,882,1971,41847,0,1.3564690000000001,2.749828,NLD,ALB,4232
231,38,882,1971,14523,0,1.873357,1.848336,USA,CAF,4232
61,199,882,1971,8443,0,2.304817,-1.885431,DEU,SOM,4232
231,199,882,1971,119678,0,1.873357,1.848336,USA,SOM,4232
231,17,882,1971,43296,0,1.873357,1.848336,USA,BDI,4232
18,94,882,1971,2237,0,1.495689,2.262083,BEL,GUF,4232
61,94,882,1971,17380,0,2.304817,-1.885431,DEU,GUF,4232
77,94,882,1971,13915,0,1.7299959999999999,1.562786,FRA,GUF,4232
162,94,882,1971,6435,0,1.3564690000000001,2.749828,NLD,GUF,4232
18,187,882,1971,1196,0,1.495689,2.262083,BEL,RWA,4232
162,187,882,1971,1995,0,1.3564690000000001,2.749828,NLD,RWA,4232
231,187,882,1971,120077,0,1.873357,1.848336,USA,RWA,4232
61,196,882,1971,193800,0,2.304817,-1.885431,DEU,SLE,4232
64,196,882,1971,83164,0,1.5224870000000001,2.45498,DNK,SLE,4232
71,196,882,1971,11383,0,0.9618040000000001,1.789808,ESP,SLE,4232
162,196,882,1971,35082,0,1.3564690000000001,2.749828,NLD,SLE,4232
231,196,882,1971,341721,0,1.873357,1.848336,USA,SLE,4232
71,5,882,1971,1004,0,0.9618040000000001,1.789808,ESP,AND,4232
77,5,882,1971,8506,0,1.7299959999999999,1.562786,FRA,AND,4232
96,127,882,1971,0,62415,0.006441,-0.42498800000000003,GUY,LCA,4232
61,14,895,1971,5901,0,2.304817,-1.885431,DEU,AUS,4312
75,14,895,1971,0,1550,0.057053,-0.490021,FJI,AUS,4312
77,14,895,1971,5497,0,1.7299959999999999,1.562786,FRA,AUS,4312
81,14,895,1971,199975,7081,2.1646669999999997,0.034970999999999995,GBR,AUS,4312
90,14,895,1971,10739,1533,0.373161,0.153613,GRC,AUS,4312
97,14,895,1971,0,153656,1.4643760000000001,1.159238,HKG,AUS,4312
103,14,895,1971,0,8002,-1.335787,-0.813966,IDN,AUS,4312
153,14,895,1971,0,29957,-0.636547,-0.648471,MYS,AUS,4312
162,14,895,1971,550625,0,1.3564690000000001,2.749828,NLD,AUS,4312
163,14,895,1971,60213,0,1.297569,1.870238,NOR,AUS,4312
166,14,895,1971,0,1196,0.188851,-0.346439,NZL,AUS,4312
176,14,895,1971,0,29930,-0.222694,-0.396214,PNG,AUS,4312
192,14,895,1971,0,25003,0.540057,0.9167700000000001,SGP,AUS,4312
216,14,895,1971,0,2058,-0.767467,-0.557866,THA,AUS,4312
231,14,895,1971,27615,0,1.873357,1.848336,USA,AUS,4312
246,14,895,1971,2626,0,-0.285408,-0.146573,ZAF,AUS,4312
41,15,895,1971,117811,0,2.242028,1.9425029999999999,CHE,AUT,4312
61,15,895,1971,3087108,16121,2.304817,-1.885431,DEU,AUT,4312
64,15,895,1971,30289,0,1.5224870000000001,2.45498,DNK,AUT,4312
77,15,895,1971,3318,6753,1.7299959999999999,1.562786,FRA,AUT,4312
81,15,895,1971,2661,0,2.1646669999999997,0.034970999999999995,GBR,AUT,4312
162,15,895,1971,705001,0,1.3564690000000001,2.749828,NLD,AUT,4312
163,15,895,1971,1040601,0,1.297569,1.870238,NOR,AUT,4312
208,15,895,1971,274220,0,2.190846,2.570859,SWE,AUT,4312
8,18,895,1971,0,971,0.0024230000000000002,0.084024,ARG,BEL,4312
32,18,895,1971,14699,0,-0.326897,-0.229088,BRA,BEL,4312
41,18,895,1971,176130,0,2.242028,1.9425029999999999,CHE,BEL,4312
46,18,895,1971,0,3016,-1.16333,-0.708263,COD,BEL,4312
61,18,895,1971,824162,373077,2.304817,-1.885431,DEU,BEL,4312
64,18,895,1971,25426,0,1.5224870000000001,2.45498,DNK,BEL,4312
66,18,895,1971,0,20802,-0.42629399999999995,-0.612192,DZA,BEL,4312
77,18,895,1971,51136,1661343,1.7299959999999999,1.562786,FRA,BEL,4312
81,18,895,1971,36000,5394,2.1646669999999997,0.034970999999999995,GBR,BEL,4312
90,18,895,1971,0,59078,0.373161,0.153613,GRC,BEL,4312
111,18,895,1971,0,3211,2.039661,1.10519,ITA,BEL,4312
124,18,895,1971,0,4842,0.6515989999999999,1.542378,LBN,BEL,4312
162,18,895,1971,3938970,1601437,1.3564690000000001,2.749828,NLD,BEL,4312
163,18,895,1971,0,2358,1.297569,1.870238,NOR,BEL,4312
168,18,895,1971,0,1026,-0.160556,-0.48263,PAK,BEL,4312
231,18,895,1971,36179,3364,1.873357,1.848336,USA,BEL,4312
33,39,895,1971,0,2350,0.935667,0.839299,BRB,CAN,4312
61,39,895,1971,8036,0,2.304817,-1.885431,DEU,CAN,4312
64,39,895,1971,1981,0,1.5224870000000001,2.45498,DNK,CAN,4312
77,39,895,1971,35717,0,1.7299959999999999,1.562786,FRA,CAN,4312
81,39,895,1971,10009,40547,2.1646669999999997,0.034970999999999995,GBR,CAN,4312
90,39,895,1971,13856,0,0.373161,0.153613,GRC,CAN,4312
162,39,895,1971,177489,0,1.3564690000000001,2.749828,NLD,CAN,4312
231,39,895,1971,2581303,0,1.873357,1.848336,USA,CAN,4312
8,41,895,1971,12775,0,0.0024230000000000002,0.084024,ARG,CHE,4312
15,41,895,1971,0,117811,1.984568,0.9571209999999999,AUT,CHE,4312
18,41,895,1971,0,176130,1.495689,2.262083,BEL,CHE,4312
23,41,895,1971,0,1219,0.65271,1.027758,BGR,CHE,4312
49,41,895,1971,0,4172,-0.114488,-0.492489,COL,CHE,4312
61,41,895,1971,1658682,595486,2.304817,-1.885431,DEU,CHE,4312
64,41,895,1971,19455,18894,1.5224870000000001,2.45498,DNK,CHE,4312
66,41,895,1971,0,13752,-0.42629399999999995,-0.612192,DZA,CHE,4312
71,41,895,1971,0,6428,0.9618040000000001,1.789808,ESP,CHE,4312
74,41,895,1971,0,61689,1.382261,1.410232,FIN,CHE,4312
77,41,895,1971,8827,309631,1.7299959999999999,1.562786,FRA,CHE,4312
81,41,895,1971,0,62466,2.1646669999999997,0.034970999999999995,GBR,CHE,4312
90,41,895,1971,0,19625,0.373161,0.153613,GRC,CHE,4312
93,41,895,1971,0,2043,0.513422,0.31249099999999996,GTM,CHE,4312
104,41,895,1971,0,1667,0.28820999999999997,0.790629,IND,CHE,4312
111,41,895,1971,0,128763,2.039661,1.10519,ITA,CHE,4312
114,41,895,1971,0,337975,1.862756,2.170372,JPN,CHE,4312
162,41,895,1971,164430,35479,1.3564690000000001,2.749828,NLD,CHE,4312
163,41,895,1971,152978,28045,1.297569,1.870238,NOR,CHE,4312
208,41,895,1971,0,319825,2.190846,2.570859,SWE,CHE,4312
231,41,895,1971,13767,0,1.873357,1.848336,USA,CHE,4312
236,41,895,1971,0,6664,-0.9655290000000001,-0.651151,VEN,CHE,4312
245,41,895,1971,0,52828,1.106614,2.43735,YUG,CHE,4312
246,41,895,1971,0,32206,-0.285408,-0.146573,ZAF,CHE,4312
250,41,895,1971,0,1483,0.740793,0.11133,ANS,CHE,4312
64,53,895,1971,639437,0,1.5224870000000001,2.45498,DNK,CSK,4312
231,53,895,1971,1520,0,1.873357,1.848336,USA,CSK,4312
14,61,895,1971,0,5901,0.019735,0.02329,AUS,DEU,4312
15,61,895,1971,16121,3087108,1.984568,0.9571209999999999,AUT,DEU,4312
18,61,895,1971,373077,824162,1.495689,2.262083,BEL,DEU,4312
32,61,895,1971,0,6460,-0.326897,-0.229088,BRA,DEU,4312
39,61,895,1971,0,8036,0.543049,0.772374,CAN,DEU,4312
41,61,895,1971,595486,1658682,2.242028,1.9425029999999999,CHE,DEU,4312
46,61,895,1971,0,5042,-1.16333,-0.708263,COD,DEU,4312
58,61,895,1971,0,12081,0.266353,-0.404526,CYP,DEU,4312
64,61,895,1971,12928,340888,1.5224870000000001,2.45498,DNK,DEU,4312
65,61,895,1971,0,33134,-0.236627,-0.716432,DOM,DEU,4312
66,61,895,1971,0,160351,-0.42629399999999995,-0.612192,DZA,DEU,4312
67,61,895,1971,0,3418,-0.8731540000000001,-0.931018,ECU,DEU,4312
71,61,895,1971,0,2015,0.9618040000000001,1.789808,ESP,DEU,4312
74,61,895,1971,0,3013,1.382261,1.410232,FIN,DEU,4312
75,61,895,1971,0,1576,0.057053,-0.490021,FJI,DEU,4312
77,61,895,1971,50009,4355476,1.7299959999999999,1.562786,FRA,DEU,4312
81,61,895,1971,17667,1403134,2.1646669999999997,0.034970999999999995,GBR,DEU,4312
86,61,895,1971,0,7808,-0.531874,-0.39812800000000004,GLP,DEU,4312
90,61,895,1971,0,156425,0.373161,0.153613,GRC,DEU,4312
101,61,895,1971,0,1511,0.47879399999999994,-0.145479,HTI,DEU,4312
103,61,895,1971,0,1704,-1.335787,-0.813966,IDN,DEU,4312
106,61,895,1971,0,499865,1.0895219999999999,1.885416,IRL,DEU,4312
107,61,895,1971,0,2996,-0.7509680000000001,-0.721083,IRN,DEU,4312
110,61,895,1971,0,7645,0.8357530000000001,0.8589479999999999,ISR,DEU,4312
111,61,895,1971,31024,1065731,2.039661,1.10519,ITA,DEU,4312
113,61,895,1971,0,1743,0.344856,-0.11885699999999999,JOR,DEU,4312
114,61,895,1971,0,1011,1.862756,2.170372,JPN,DEU,4312
124,61,895,1971,0,1129,0.6515989999999999,1.542378,LBN,DEU,4312
126,61,895,1971,0,1018,-2.1829009999999998,-0.541129,LBY,DEU,4312
138,61,895,1971,0,997,0.694692,1.631725,MEX,DEU,4312
150,61,895,1971,0,36457,0.149367,-0.451215,MTQ,DEU,4312
151,61,895,1971,0,51767,-0.592737,-0.767588,MUS,DEU,4312
153,61,895,1971,0,10286,-0.636547,-0.648471,MYS,DEU,4312
159,61,895,1971,0,57850,-1.6915639999999998,-0.8931879999999999,NGA,DEU,4312
162,61,895,1971,824389,3023982,1.3564690000000001,2.749828,NLD,DEU,4312
163,61,895,1971,53339,3015,1.297569,1.870238,NOR,DEU,4312
173,61,895,1971,0,1291832,-0.7457020000000001,-0.882229,PER,DEU,4312
177,61,895,1971,0,129380,0.8294520000000001,1.636849,POL,DEU,4312
179,61,895,1971,0,3008,0.9233389999999999,1.184635,PRT,DEU,4312
190,61,895,1971,0,20455,-1.375243,-0.9691209999999999,SDN,DEU,4312
196,61,895,1971,0,2029,-0.9423530000000001,-0.7621220000000001,SLE,DEU,4312
208,61,895,1971,328823,30118,2.190846,2.570859,SWE,DEU,4312
222,61,895,1971,0,1811,0.6038479999999999,-0.19159,TTO,DEU,4312
224,61,895,1971,0,6058,-0.443655,-0.521285,TUR,DEU,4312
231,61,895,1971,43757,5017,1.873357,1.848336,USA,DEU,4312
236,61,895,1971,0,53340,-0.9655290000000001,-0.651151,VEN,DEU,4312
245,61,895,1971,0,16856,1.106614,2.43735,YUG,DEU,4312
246,61,895,1971,0,2007,-0.285408,-0.146573,ZAF,DEU,4312
247,61,895,1971,0,291828,-0.8803290000000001,-0.7895399999999999,ZMB,DEU,4312
2,64,895,1971,0,8189,-1.208704,-0.854866,AGO,DNK,4312
8,64,895,1971,0,1556,0.0024230000000000002,0.084024,ARG,DNK,4312
15,64,895,1971,0,30289,1.984568,0.9571209999999999,AUT,DNK,4312
18,64,895,1971,0,25426,1.495689,2.262083,BEL,DNK,4312
33,64,895,1971,0,116787,0.935667,0.839299,BRB,DNK,4312
39,64,895,1971,0,1981,0.543049,0.772374,CAN,DNK,4312
41,64,895,1971,18894,19455,2.242028,1.9425029999999999,CHE,DNK,4312
53,64,895,1971,0,639437,1.7241369999999998,2.76252,CSK,DNK,4312
58,64,895,1971,0,31753,0.266353,-0.404526,CYP,DNK,4312
61,64,895,1971,340888,12928,2.304817,-1.885431,DEU,DNK,4312
62,64,895,1971,0,1401,0.5152770000000001,-0.190207,DJI,DNK,4312
71,64,895,1971,0,20197,0.9618040000000001,1.789808,ESP,DNK,4312
74,64,895,1971,0,380860,1.382261,1.410232,FIN,DNK,4312
77,64,895,1971,1621,11855,1.7299959999999999,1.562786,FRA,DNK,4312
81,64,895,1971,0,195662,2.1646669999999997,0.034970999999999995,GBR,DNK,4312
84,64,895,1971,0,1429,1.2227540000000001,0.295479,GIB,DNK,4312
90,64,895,1971,0,100037,0.373161,0.153613,GRC,DNK,4312
96,64,895,1971,0,19825,0.006441,-0.42498800000000003,GUY,DNK,4312
108,64,895,1971,0,13256,-0.5225569999999999,-0.438028,IRQ,DNK,4312
109,64,895,1971,0,87956,0.12083900000000002,-0.37900100000000003,ISL,DNK,4312
110,64,895,1971,0,149451,0.8357530000000001,0.8589479999999999,ISR,DNK,4312
111,64,895,1971,0,1312388,2.039661,1.10519,ITA,DNK,4312
120,64,895,1971,0,3789,0.8502790000000001,-0.07904800000000001,KNA,DNK,4312
122,64,895,1971,0,2089,-0.589441,-0.5007699999999999,KWT,DNK,4312
124,64,895,1971,0,48644,0.6515989999999999,1.542378,LBN,DNK,4312
126,64,895,1971,0,32068,-2.1829009999999998,-0.541129,LBY,DNK,4312
134,64,895,1971,0,161309,-0.016735,-0.41776599999999997,MAR,DNK,4312
136,64,895,1971,0,4089,-0.819129,-0.765004,MDG,DNK,4312
151,64,895,1971,0,3949,-0.592737,-0.767588,MUS,DNK,4312
153,64,895,1971,84942,7881,-0.636547,-0.648471,MYS,DNK,4312
162,64,895,1971,9022,0,1.3564690000000001,2.749828,NLD,DNK,4312
163,64,895,1971,1683316,35715,1.297569,1.870238,NOR,DNK,4312
173,64,895,1971,0,61267,-0.7457020000000001,-0.882229,PER,DNK,4312
177,64,895,1971,0,583915,0.8294520000000001,1.636849,POL,DNK,4312
179,64,895,1971,0,22313,0.9233389999999999,1.184635,PRT,DNK,4312
192,64,895,1971,0,10235,0.540057,0.9167700000000001,SGP,DNK,4312
208,64,895,1971,2034814,1233699,2.190846,2.570859,SWE,DNK,4312
212,64,895,1971,0,1799,0.082847,-0.600657,SYR,DNK,4312
223,64,895,1971,0,5353,-0.28817,-0.6084189999999999,TUN,DNK,4312
231,64,895,1971,2866,118904,1.873357,1.848336,USA,DNK,4312
243,64,895,1971,0,10537,-1.2022329999999999,-0.832217,YEM,DNK,4312
244,64,895,1971,0,6845,-1.106739,-0.692533,YMD,DNK,4312
249,64,895,1971,0,10826,1.123146,1.440067,TWN,DNK,4312
250,64,895,1971,0,1659,0.740793,0.11133,ANS,DNK,4312
8,77,895,1971,0,6478,0.0024230000000000002,0.084024,ARG,FRA,4312
14,77,895,1971,0,5497,0.019735,0.02329,AUS,FRA,4312
15,77,895,1971,6753,3318,1.984568,0.9571209999999999,AUT,FRA,4312
18,77,895,1971,1661343,51136,1.495689,2.262083,BEL,FRA,4312
32,77,895,1971,0,2870,-0.326897,-0.229088,BRA,FRA,4312
39,77,895,1971,0,35717,0.543049,0.772374,CAN,FRA,4312
41,77,895,1971,309631,8827,2.242028,1.9425029999999999,CHE,FRA,4312
42,77,895,1971,0,4036,-0.231579,-0.6383479999999999,CHL,FRA,4312
44,77,895,1971,0,1620,-0.719483,-0.700326,CIV,FRA,4312
45,77,895,1971,0,33141,-0.735506,-0.605363,CMR,FRA,4312
46,77,895,1971,0,2350,-1.16333,-0.708263,COD,FRA,4312
58,77,895,1971,0,10422,0.266353,-0.404526,CYP,FRA,4312
61,77,895,1971,4355476,50009,2.304817,-1.885431,DEU,FRA,4312
64,77,895,1971,11855,1621,1.5224870000000001,2.45498,DNK,FRA,4312
66,77,895,1971,0,142707,-0.42629399999999995,-0.612192,DZA,FRA,4312
71,77,895,1971,0,88188,0.9618040000000001,1.789808,ESP,FRA,4312
73,77,895,1971,0,3087,-0.9625530000000001,-0.946401,ETH,FRA,4312
74,77,895,1971,0,4672,1.382261,1.410232,FIN,FRA,4312
81,77,895,1971,143812,78446,2.1646669999999997,0.034970999999999995,GBR,FRA,4312
83,77,895,1971,0,50171,-0.948254,-0.880582,GHA,FRA,4312
86,77,895,1971,0,1258,-0.531874,-0.39812800000000004,GLP,FRA,4312
90,77,895,1971,0,36513,0.373161,0.153613,GRC,FRA,4312
106,77,895,1971,0,1045,1.0895219999999999,1.885416,IRL,FRA,4312
107,77,895,1971,0,1582,-0.7509680000000001,-0.721083,IRN,FRA,4312
108,77,895,1971,0,45549,-0.5225569999999999,-0.438028,IRQ,FRA,4312
110,77,895,1971,0,1015,0.8357530000000001,0.8589479999999999,ISR,FRA,4312
111,77,895,1971,1493,429338,2.039661,1.10519,ITA,FRA,4312
114,77,895,1971,4561,0,1.862756,2.170372,JPN,FRA,4312
118,77,895,1971,0,7857,-0.868826,-0.796129,KHM,FRA,4312
122,77,895,1971,0,2070,-0.589441,-0.5007699999999999,KWT,FRA,4312
123,77,895,1971,0,1632,-1.248427,-0.821947,LAO,FRA,4312
124,77,895,1971,0,36715,0.6515989999999999,1.542378,LBN,FRA,4312
125,77,895,1971,0,7117,-0.877289,-0.5771,LBR,FRA,4312
126,77,895,1971,0,47310,-2.1829009999999998,-0.541129,LBY,FRA,4312
134,77,895,1971,0,15707,-0.016735,-0.41776599999999997,MAR,FRA,4312
136,77,895,1971,0,10094,-0.819129,-0.765004,MDG,FRA,4312
138,77,895,1971,0,2896,0.694692,1.631725,MEX,FRA,4312
150,77,895,1971,0,13591,0.149367,-0.451215,MTQ,FRA,4312
162,77,895,1971,10000827,33734,1.3564690000000001,2.749828,NLD,FRA,4312
163,77,895,1971,3519,0,1.297569,1.870238,NOR,FRA,4312
168,77,895,1971,0,1046,-0.160556,-0.48263,PAK,FRA,4312
174,77,895,1971,0,2046,-0.39003899999999997,-0.709147,PHL,FRA,4312
179,77,895,1971,0,31849,0.9233389999999999,1.184635,PRT,FRA,4312
182,77,895,1971,0,48323,-0.5776640000000001,-0.440554,PYF,FRA,4312
186,77,895,1971,0,1807,0.42000600000000005,0.512301,RUS,FRA,4312
188,77,895,1971,0,4159,-1.370577,-0.556488,SAU,FRA,4312
191,77,895,1971,0,1981,-0.100347,-0.469422,SEN,FRA,4312
208,77,895,1971,0,7421,2.190846,2.570859,SWE,FRA,4312
214,77,895,1971,0,7177,-0.850374,-0.740183,TCD,FRA,4312
216,77,895,1971,0,19324,-0.767467,-0.557866,THA,FRA,4312
223,77,895,1971,0,123637,-0.28817,-0.6084189999999999,TUN,FRA,4312
230,77,895,1971,0,1300,0.24810300000000002,-0.16614600000000002,URY,FRA,4312
231,77,895,1971,27141,10264,1.873357,1.848336,USA,FRA,4312
239,77,895,1971,0,1430,0.07082100000000001,-0.296412,VNM,FRA,4312
246,77,895,1971,0,5422,-0.285408,-0.146573,ZAF,FRA,4312
250,77,895,1971,0,2555,0.740793,0.11133,ANS,FRA,4312
14,81,895,1971,7081,199975,0.019735,0.02329,AUS,GBR,4312
15,81,895,1971,0,2661,1.984568,0.9571209999999999,AUT,GBR,4312
18,81,895,1971,5394,36000,1.495689,2.262083,BEL,GBR,4312
24,81,895,1971,0,1897,0.811757,-0.086967,BHR,GBR,4312
25,81,895,1971,0,9218,0.356122,-0.181398,BHS,GBR,4312
30,81,895,1971,0,4850,0.637919,0.031731999999999996,BMU,GBR,4312
31,81,895,1971,0,11577,-0.578729,-0.640841,BOL,GBR,4312
32,81,895,1971,8138,2446,-0.326897,-0.229088,BRA,GBR,4312
33,81,895,1971,0,7927,0.935667,0.839299,BRB,GBR,4312
39,81,895,1971,40547,10009,0.543049,0.772374,CAN,GBR,4312
41,81,895,1971,62466,0,2.242028,1.9425029999999999,CHE,GBR,4312
46,81,895,1971,0,1020,-1.16333,-0.708263,COD,GBR,4312
47,81,895,1971,0,1790,-0.9411219999999999,-0.728664,COG,GBR,4312
58,81,895,1971,0,68137,0.266353,-0.404526,CYP,GBR,4312
61,81,895,1971,1403134,17667,2.304817,-1.885431,DEU,GBR,4312
64,81,895,1971,195662,0,1.5224870000000001,2.45498,DNK,GBR,4312
68,81,895,1971,0,1700,0.192492,-0.374212,EGY,GBR,4312
71,81,895,1971,0,55346,0.9618040000000001,1.789808,ESP,GBR,4312
74,81,895,1971,0,19703,1.382261,1.410232,FIN,GBR,4312
77,81,895,1971,78446,143812,1.7299959999999999,1.562786,FRA,GBR,4312
90,81,895,1971,0,167622,0.373161,0.153613,GRC,GBR,4312
93,81,895,1971,0,2282,0.513422,0.31249099999999996,GTM,GBR,4312
96,81,895,1971,0,1892,0.006441,-0.42498800000000003,GUY,GBR,4312
97,81,895,1971,0,55386,1.4643760000000001,1.159238,HKG,GBR,4312
103,81,895,1971,0,10301,-1.335787,-0.813966,IDN,GBR,4312
104,81,895,1971,107843,30816,0.28820999999999997,0.790629,IND,GBR,4312
106,81,895,1971,30195,720338,1.0895219999999999,1.885416,IRL,GBR,4312
107,81,895,1971,0,1099,-0.7509680000000001,-0.721083,IRN,GBR,4312
108,81,895,1971,0,41868,-0.5225569999999999,-0.438028,IRQ,GBR,4312
109,81,895,1971,43105,2105,0.12083900000000002,-0.37900100000000003,ISL,GBR,4312
110,81,895,1971,0,34471,0.8357530000000001,0.8589479999999999,ISR,GBR,4312
111,81,895,1971,1923,19929,2.039661,1.10519,ITA,GBR,4312
112,81,895,1971,0,9056,0.283952,-0.541592,JAM,GBR,4312
113,81,895,1971,0,2476,0.344856,-0.11885699999999999,JOR,GBR,4312
114,81,895,1971,179688,0,1.862756,2.170372,JPN,GBR,4312
116,81,895,1971,0,1291,-0.119521,0.044922000000000004,KEN,GBR,4312
124,81,895,1971,0,61975,0.6515989999999999,1.542378,LBN,GBR,4312
128,81,895,1971,0,6651,-1.144836,-0.753853,LKA,GBR,4312
151,81,895,1971,0,1288,-0.592737,-0.767588,MUS,GBR,4312
153,81,895,1971,0,21808,-0.636547,-0.648471,MYS,GBR,4312
159,81,895,1971,0,47325,-1.6915639999999998,-0.8931879999999999,NGA,GBR,4312
162,81,895,1971,1020620,49348,1.3564690000000001,2.749828,NLD,GBR,4312
163,81,895,1971,9233371,12387,1.297569,1.870238,NOR,GBR,4312
166,81,895,1971,0,1278,0.188851,-0.346439,NZL,GBR,4312
168,81,895,1971,0,989,-0.160556,-0.48263,PAK,GBR,4312
174,81,895,1971,0,965,-0.39003899999999997,-0.709147,PHL,GBR,4312
177,81,895,1971,0,1006,0.8294520000000001,1.636849,POL,GBR,4312
179,81,895,1971,0,3646,0.9233389999999999,1.184635,PRT,GBR,4312
192,81,895,1971,5402,26865,0.540057,0.9167700000000001,SGP,GBR,4312
197,81,895,1971,99324,0,0.807056,0.476688,SLV,GBR,4312
208,81,895,1971,103798,23761,2.190846,2.570859,SWE,GBR,4312
212,81,895,1971,0,7922,0.082847,-0.600657,SYR,GBR,4312
216,81,895,1971,0,8188,-0.767467,-0.557866,THA,GBR,4312
222,81,895,1971,0,7763,0.6038479999999999,-0.19159,TTO,GBR,4312
231,81,895,1971,82173,0,1.873357,1.848336,USA,GBR,4312
236,81,895,1971,0,29725,-0.9655290000000001,-0.651151,VEN,GBR,4312
246,81,895,1971,0,27278,-0.285408,-0.146573,ZAF,GBR,4312
250,81,895,1971,0,1835,0.740793,0.11133,ANS,GBR,4312
8,90,895,1971,89304,0,0.0024230000000000002,0.084024,ARG,GRC,4312
14,90,895,1971,1533,10739,0.019735,0.02329,AUS,GRC,4312
18,90,895,1971,59078,0,1.495689,2.262083,BEL,GRC,4312
39,90,895,1971,0,13856,0.543049,0.772374,CAN,GRC,4312
41,90,895,1971,19625,0,2.242028,1.9425029999999999,CHE,GRC,4312
61,90,895,1971,156425,0,2.304817,-1.885431,DEU,GRC,4312
64,90,895,1971,100037,0,1.5224870000000001,2.45498,DNK,GRC,4312
77,90,895,1971,36513,0,1.7299959999999999,1.562786,FRA,GRC,4312
81,90,895,1971,167622,0,2.1646669999999997,0.034970999999999995,GBR,GRC,4312
162,90,895,1971,142792,0,1.3564690000000001,2.749828,NLD,GRC,4312
163,90,895,1971,91296,0,1.297569,1.870238,NOR,GRC,4312
208,90,895,1971,3095,0,2.190846,2.570859,SWE,GRC,4312
231,90,895,1971,16476,43980,1.873357,1.848336,USA,GRC,4312
14,97,895,1971,153656,0,0.019735,0.02329,AUS,HKG,4312
81,97,895,1971,55386,0,2.1646669999999997,0.034970999999999995,GBR,HKG,4312
104,97,895,1971,1833,0,0.28820999999999997,0.790629,IND,HKG,4312
153,97,895,1971,0,4540,-0.636547,-0.648471,MYS,HKG,4312
162,97,895,1971,8025,0,1.3564690000000001,2.749828,NLD,HKG,4312
216,97,895,1971,998,0,-0.767467,-0.557866,THA,HKG,4312
231,97,895,1971,22071,0,1.873357,1.848336,USA,HKG,4312
7,104,895,1971,0,12324,-0.455717,-0.601296,ARE,IND,4312
24,104,895,1971,0,5639,0.811757,-0.086967,BHR,IND,4312
41,104,895,1971,1667,0,2.242028,1.9425029999999999,CHE,IND,4312
68,104,895,1971,0,32956,0.192492,-0.374212,EGY,IND,4312
81,104,895,1971,30816,107843,2.1646669999999997,0.034970999999999995,GBR,IND,4312
97,104,895,1971,0,1833,1.4643760000000001,1.159238,HKG,IND,4312
111,104,895,1971,0,32797,2.039661,1.10519,ITA,IND,4312
153,104,895,1971,0,2321,-0.636547,-0.648471,MYS,IND,4312
164,104,895,1971,0,33368,-0.486012,-0.640524,NPL,IND,4312
167,104,895,1971,0,3368,-1.415142,-0.557193,OMN,IND,4312
183,104,895,1971,0,3543,-1.0228190000000001,-0.519414,QAT,IND,4312
188,104,895,1971,0,7477,-1.370577,-0.556488,SAU,IND,4312
192,104,895,1971,10902,11555,0.540057,0.9167700000000001,SGP,IND,4312
216,104,895,1971,0,1131,-0.767467,-0.557866,THA,IND,4312
1,107,895,1971,0,1259117,-0.82368,-0.805752,AFG,IRN,4312
7,107,895,1971,102245,193748,-0.455717,-0.601296,ARE,IRN,4312
24,107,895,1971,35730,420636,0.811757,-0.086967,BHR,IRN,4312
61,107,895,1971,2996,0,2.304817,-1.885431,DEU,IRN,4312
77,107,895,1971,1582,0,1.7299959999999999,1.562786,FRA,IRN,4312
81,107,895,1971,1099,0,2.1646669999999997,0.034970999999999995,GBR,IRN,4312
108,107,895,1971,0,686576,-0.5225569999999999,-0.438028,IRQ,IRN,4312
122,107,895,1971,10623,966672,-0.589441,-0.5007699999999999,KWT,IRN,4312
162,107,895,1971,1408,0,1.3564690000000001,2.749828,NLD,IRN,4312
167,107,895,1971,24754,153738,-1.415142,-0.557193,OMN,IRN,4312
183,107,895,1971,2196,357511,-1.0228190000000001,-0.519414,QAT,IRN,4312
188,107,895,1971,0,246441,-1.370577,-0.556488,SAU,IRN,4312
224,107,895,1971,0,20783,-0.443655,-0.521285,TUR,IRN,4312
231,107,895,1971,11864,0,1.873357,1.848336,USA,IRN,4312
244,107,895,1971,0,200812,-1.106739,-0.692533,YMD,IRN,4312
250,107,895,1971,0,78508,0.740793,0.11133,ANS,IRN,4312
64,108,895,1971,13256,0,1.5224870000000001,2.45498,DNK,IRQ,4312
77,108,895,1971,45549,0,1.7299959999999999,1.562786,FRA,IRQ,4312
81,108,895,1971,41868,0,2.1646669999999997,0.034970999999999995,GBR,IRQ,4312
107,108,895,1971,686576,0,-0.7509680000000001,-0.721083,IRN,IRQ,4312
64,109,895,1971,87956,0,1.5224870000000001,2.45498,DNK,ISL,4312
81,109,895,1971,2105,43105,2.1646669999999997,0.034970999999999995,GBR,ISL,4312
162,109,895,1971,21756,0,1.3564690000000001,2.749828,NLD,ISL,4312
163,109,895,1971,167361,0,1.297569,1.870238,NOR,ISL,4312
208,109,895,1971,4124,0,2.190846,2.570859,SWE,ISL,4312
231,109,895,1971,23364,0,1.873357,1.848336,USA,ISL,4312
18,111,895,1971,3211,0,1.495689,2.262083,BEL,ITA,4312
32,111,895,1971,0,7655,-0.326897,-0.229088,BRA,ITA,4312
41,111,895,1971,128763,0,2.242028,1.9425029999999999,CHE,ITA,4312
42,111,895,1971,0,1176,-0.231579,-0.6383479999999999,CHL,ITA,4312
61,111,895,1971,1065731,31024,2.304817,-1.885431,DEU,ITA,4312
64,111,895,1971,1312388,0,1.5224870000000001,2.45498,DNK,ITA,4312
66,111,895,1971,0,9228,-0.42629399999999995,-0.612192,DZA,ITA,4312
71,111,895,1971,11355,1126,0.9618040000000001,1.789808,ESP,ITA,4312
77,111,895,1971,429338,1493,1.7299959999999999,1.562786,FRA,ITA,4312
81,111,895,1971,19929,1923,2.1646669999999997,0.034970999999999995,GBR,ITA,4312
104,111,895,1971,32797,0,0.28820999999999997,0.790629,IND,ITA,4312
106,111,895,1971,0,1174,1.0895219999999999,1.885416,IRL,ITA,4312
110,111,895,1971,0,104619,0.8357530000000001,0.8589479999999999,ISR,ITA,4312
114,111,895,1971,2414,0,1.862756,2.170372,JPN,ITA,4312
121,111,895,1971,0,9965,0.804658,0.44236899999999996,KOR,ITA,4312
126,111,895,1971,0,1730,-2.1829009999999998,-0.541129,LBY,ITA,4312
138,111,895,1971,0,15735,0.694692,1.631725,MEX,ITA,4312
162,111,895,1971,352554,0,1.3564690000000001,2.749828,NLD,ITA,4312
173,111,895,1971,0,3593,-0.7457020000000001,-0.882229,PER,ITA,4312
224,111,895,1971,0,1069,-0.443655,-0.521285,TUR,ITA,4312
231,111,895,1971,63693,125821,1.873357,1.848336,USA,ITA,4312
236,111,895,1971,0,1591,-0.9655290000000001,-0.651151,VEN,ITA,4312
245,111,895,1971,0,5048,1.106614,2.43735,YUG,ITA,4312
250,111,895,1971,0,5231,0.740793,0.11133,ANS,ITA,4312
2,114,895,1971,4646,0,-1.208704,-0.854866,AGO,JPN,4312
41,114,895,1971,337975,0,2.242028,1.9425029999999999,CHE,JPN,4312
61,114,895,1971,1011,0,2.304817,-1.885431,DEU,JPN,4312
77,114,895,1971,0,4561,1.7299959999999999,1.562786,FRA,JPN,4312
81,114,895,1971,0,179688,2.1646669999999997,0.034970999999999995,GBR,JPN,4312
111,114,895,1971,0,2414,2.039661,1.10519,ITA,JPN,4312
113,114,895,1971,0,49983,0.344856,-0.11885699999999999,JOR,JPN,4312
121,114,895,1971,0,74587,0.804658,0.44236899999999996,KOR,JPN,4312
163,114,895,1971,15684,0,1.297569,1.870238,NOR,JPN,4312
166,114,895,1971,0,1555,0.188851,-0.346439,NZL,JPN,4312
216,114,895,1971,0,31078,-0.767467,-0.557866,THA,JPN,4312
231,114,895,1971,34241,5068,1.873357,1.848336,USA,JPN,4312
239,114,895,1971,0,75476,0.07082100000000001,-0.296412,VNM,JPN,4312
249,114,895,1971,0,12414,1.123146,1.440067,TWN,JPN,4312
64,122,895,1971,2089,0,1.5224870000000001,2.45498,DNK,KWT,4312
77,122,895,1971,2070,0,1.7299959999999999,1.562786,FRA,KWT,4312
107,122,895,1971,966672,10623,-0.7509680000000001,-0.721083,IRN,KWT,4312
113,122,895,1971,0,2034,0.344856,-0.11885699999999999,JOR,KWT,4312
162,122,895,1971,10282,0,1.3564690000000001,2.749828,NLD,KWT,4312
231,122,895,1971,4820,0,1.873357,1.848336,USA,KWT,4312
18,124,895,1971,4842,0,1.495689,2.262083,BEL,LBN,4312
61,124,895,1971,1129,0,2.304817,-1.885431,DEU,LBN,4312
64,124,895,1971,48644,0,1.5224870000000001,2.45498,DNK,LBN,4312
77,124,895,1971,36715,0,1.7299959999999999,1.562786,FRA,LBN,4312
81,124,895,1971,61975,0,2.1646669999999997,0.034970999999999995,GBR,LBN,4312
113,124,895,1971,0,32307,0.344856,-0.11885699999999999,JOR,LBN,4312
125,124,895,1971,0,4305,-0.877289,-0.5771,LBR,LBN,4312
162,124,895,1971,255588,0,1.3564690000000001,2.749828,NLD,LBN,4312
231,124,895,1971,11337,0,1.873357,1.848336,USA,LBN,4312
2,162,895,1971,0,3169,-1.208704,-0.854866,AGO,NLD,4312
6,162,895,1971,0,24294,0.890891,0.10081699999999999,ANT,NLD,4312
8,162,895,1971,0,929,0.0024230000000000002,0.084024,ARG,NLD,4312
14,162,895,1971,0,550625,0.019735,0.02329,AUS,NLD,4312
15,162,895,1971,0,705001,1.984568,0.9571209999999999,AUT,NLD,4312
18,162,895,1971,1601437,3938970,1.495689,2.262083,BEL,NLD,4312
24,162,895,1971,0,2597,0.811757,-0.086967,BHR,NLD,4312
31,162,895,1971,0,9445,-0.578729,-0.640841,BOL,NLD,4312
33,162,895,1971,0,3776,0.935667,0.839299,BRB,NLD,4312
39,162,895,1971,0,177489,0.543049,0.772374,CAN,NLD,4312
41,162,895,1971,35479,164430,2.242028,1.9425029999999999,CHE,NLD,4312
58,162,895,1971,0,43794,0.266353,-0.404526,CYP,NLD,4312
61,162,895,1971,3023982,824389,2.304817,-1.885431,DEU,NLD,4312
64,162,895,1971,0,9022,1.5224870000000001,2.45498,DNK,NLD,4312
65,162,895,1971,0,29508,-0.236627,-0.716432,DOM,NLD,4312
66,162,895,1971,0,148960,-0.42629399999999995,-0.612192,DZA,NLD,4312
68,162,895,1971,0,2627,0.192492,-0.374212,EGY,NLD,4312
70,162,895,1971,0,35124,0.474017,-0.278938,ESH,NLD,4312
71,162,895,1971,0,45818,0.9618040000000001,1.789808,ESP,NLD,4312
73,162,895,1971,0,16348,-0.9625530000000001,-0.946401,ETH,NLD,4312
74,162,895,1971,0,35404,1.382261,1.410232,FIN,NLD,4312
77,162,895,1971,33734,10000827,1.7299959999999999,1.562786,FRA,NLD,4312
81,162,895,1971,49348,1020620,2.1646669999999997,0.034970999999999995,GBR,NLD,4312
90,162,895,1971,0,142792,0.373161,0.153613,GRC,NLD,4312
93,162,895,1971,0,800,0.513422,0.31249099999999996,GTM,NLD,4312
96,162,895,1971,0,20214,0.006441,-0.42498800000000003,GUY,NLD,4312
97,162,895,1971,0,8025,1.4643760000000001,1.159238,HKG,NLD,4312
103,162,895,1971,0,6075,-1.335787,-0.813966,IDN,NLD,4312
106,162,895,1971,0,1208,1.0895219999999999,1.885416,IRL,NLD,4312
107,162,895,1971,0,1408,-0.7509680000000001,-0.721083,IRN,NLD,4312
109,162,895,1971,0,21756,0.12083900000000002,-0.37900100000000003,ISL,NLD,4312
110,162,895,1971,0,113076,0.8357530000000001,0.8589479999999999,ISR,NLD,4312
111,162,895,1971,0,352554,2.039661,1.10519,ITA,NLD,4312
113,162,895,1971,0,86499,0.344856,-0.11885699999999999,JOR,NLD,4312
116,162,895,1971,0,6832,-0.119521,0.044922000000000004,KEN,NLD,4312
122,162,895,1971,0,10282,-0.589441,-0.5007699999999999,KWT,NLD,4312
124,162,895,1971,0,255588,0.6515989999999999,1.542378,LBN,NLD,4312
125,162,895,1971,0,772,-0.877289,-0.5771,LBR,NLD,4312
126,162,895,1971,0,30293,-2.1829009999999998,-0.541129,LBY,NLD,4312
128,162,895,1971,0,926,-1.144836,-0.753853,LKA,NLD,4312
134,162,895,1971,0,97289,-0.016735,-0.41776599999999997,MAR,NLD,4312
136,162,895,1971,0,11162,-0.819129,-0.765004,MDG,NLD,4312
142,162,895,1971,0,8513,1.567812,1.889177,MLT,NLD,4312
150,162,895,1971,0,10044,0.149367,-0.451215,MTQ,NLD,4312
153,162,895,1971,0,1446,-0.636547,-0.648471,MYS,NLD,4312
163,162,895,1971,0,4623,1.297569,1.870238,NOR,NLD,4312
166,162,895,1971,0,24009,0.188851,-0.346439,NZL,NLD,4312
168,162,895,1971,0,14213,-0.160556,-0.48263,PAK,NLD,4312
173,162,895,1971,0,844697,-0.7457020000000001,-0.882229,PER,NLD,4312
174,162,895,1971,0,127080,-0.39003899999999997,-0.709147,PHL,NLD,4312
179,162,895,1971,0,2481,0.9233389999999999,1.184635,PRT,NLD,4312
184,162,895,1971,0,6825,-1.004604,-0.44332,REU,NLD,4312
188,162,895,1971,0,53610,-1.370577,-0.556488,SAU,NLD,4312
190,162,895,1971,0,65481,-1.375243,-0.9691209999999999,SDN,NLD,4312
192,162,895,1971,0,54457,0.540057,0.9167700000000001,SGP,NLD,4312
196,162,895,1971,0,2384,-0.9423530000000001,-0.7621220000000001,SLE,NLD,4312
205,162,895,1971,0,16765,-0.26679,-0.417204,SUR,NLD,4312
208,162,895,1971,1625,470429,2.190846,2.570859,SWE,NLD,4312
212,162,895,1971,0,57175,0.082847,-0.600657,SYR,NLD,4312
216,162,895,1971,0,8654,-0.767467,-0.557866,THA,NLD,4312
222,162,895,1971,0,10294,0.6038479999999999,-0.19159,TTO,NLD,4312
223,162,895,1971,0,42200,-0.28817,-0.6084189999999999,TUN,NLD,4312
226,162,895,1971,0,7161,-1.246843,-0.9062180000000001,TZA,NLD,4312
227,162,895,1971,0,9074,-1.491473,-0.924457,UGA,NLD,4312
231,162,895,1971,37555,30342,1.873357,1.848336,USA,NLD,4312
245,162,895,1971,0,529556,1.106614,2.43735,YUG,NLD,4312
246,162,895,1971,0,100911,-0.285408,-0.146573,ZAF,NLD,4312
250,162,895,1971,0,4246191,0.740793,0.11133,ANS,NLD,4312
2,163,895,1971,0,7011,-1.208704,-0.854866,AGO,NOR,4312
14,163,895,1971,0,60213,0.019735,0.02329,AUS,NOR,4312
15,163,895,1971,0,1040601,1.984568,0.9571209999999999,AUT,NOR,4312
18,163,895,1971,2358,0,1.495689,2.262083,BEL,NOR,4312
33,163,895,1971,0,9128,0.935667,0.839299,BRB,NOR,4312
41,163,895,1971,28045,152978,2.242028,1.9425029999999999,CHE,NOR,4312
58,163,895,1971,0,47925,0.266353,-0.404526,CYP,NOR,4312
61,163,895,1971,3015,53339,2.304817,-1.885431,DEU,NOR,4312
64,163,895,1971,35715,1683316,1.5224870000000001,2.45498,DNK,NOR,4312
67,163,895,1971,0,38804,-0.8731540000000001,-0.931018,ECU,NOR,4312
74,163,895,1971,0,144385,1.382261,1.410232,FIN,NOR,4312
77,163,895,1971,0,3519,1.7299959999999999,1.562786,FRA,NOR,4312
81,163,895,1971,12387,9233371,2.1646669999999997,0.034970999999999995,GBR,NOR,4312
90,163,895,1971,0,91296,0.373161,0.153613,GRC,NOR,4312
96,163,895,1971,0,241592,0.006441,-0.42498800000000003,GUY,NOR,4312
101,163,895,1971,0,9920,0.47879399999999994,-0.145479,HTI,NOR,4312
106,163,895,1971,0,796676,1.0895219999999999,1.885416,IRL,NOR,4312
109,163,895,1971,0,167361,0.12083900000000002,-0.37900100000000003,ISL,NOR,4312
114,163,895,1971,0,15684,1.862756,2.170372,JPN,NOR,4312
134,163,895,1971,0,728313,-0.016735,-0.41776599999999997,MAR,NOR,4312
142,163,895,1971,0,133353,1.567812,1.889177,MLT,NOR,4312
162,163,895,1971,4623,0,1.3564690000000001,2.749828,NLD,NOR,4312
166,163,895,1971,0,32534,0.188851,-0.346439,NZL,NOR,4312
168,163,895,1971,0,1871,-0.160556,-0.48263,PAK,NOR,4312
173,163,895,1971,23483,0,-0.7457020000000001,-0.882229,PER,NOR,4312
208,163,895,1971,622583,840815,2.190846,2.570859,SWE,NOR,4312
216,163,895,1971,0,1678,-0.767467,-0.557866,THA,NOR,4312
222,163,895,1971,0,961641,0.6038479999999999,-0.19159,TTO,NOR,4312
223,163,895,1971,0,57995,-0.28817,-0.6084189999999999,TUN,NOR,4312
231,163,895,1971,10485,0,1.873357,1.848336,USA,NOR,4312
245,163,895,1971,0,1858850,1.106614,2.43735,YUG,NOR,4312
250,163,895,1971,0,24327632,0.740793,0.11133,ANS,NOR,4312
18,168,895,1971,1026,0,1.495689,2.262083,BEL,PAK,4312
77,168,895,1971,1046,0,1.7299959999999999,1.562786,FRA,PAK,4312
81,168,895,1971,989,0,2.1646669999999997,0.034970999999999995,GBR,PAK,4312
162,168,895,1971,14213,0,1.3564690000000001,2.749828,NLD,PAK,4312
163,168,895,1971,1871,0,1.297569,1.870238,NOR,PAK,4312
192,168,895,1971,6303,0,0.540057,0.9167700000000001,SGP,PAK,4312
77,186,895,1971,1807,0,1.7299959999999999,1.562786,FRA,RUS,4312
14,192,895,1971,25003,0,0.019735,0.02329,AUS,SGP,4312
24,192,895,1971,0,15010,0.811757,-0.086967,BHR,SGP,4312
34,192,895,1971,0,1696,-0.394928,-0.213258,BRN,SGP,4312
64,192,895,1971,10235,0,1.5224870000000001,2.45498,DNK,SGP,4312
73,192,895,1971,0,359,-0.9625530000000001,-0.946401,ETH,SGP,4312
75,192,895,1971,0,11215,0.057053,-0.490021,FJI,SGP,4312
81,192,895,1971,26865,5402,2.1646669999999997,0.034970999999999995,GBR,SGP,4312
104,192,895,1971,11555,10902,0.28820999999999997,0.790629,IND,SGP,4312
153,192,895,1971,280031,17085,-0.636547,-0.648471,MYS,SGP,4312
162,192,895,1971,54457,0,1.3564690000000001,2.749828,NLD,SGP,4312
166,192,895,1971,17209,0,0.188851,-0.346439,NZL,SGP,4312
168,192,895,1971,0,6303,-0.160556,-0.48263,PAK,SGP,4312
216,192,895,1971,0,5600,-0.767467,-0.557866,THA,SGP,4312
231,192,895,1971,21453,0,1.873357,1.848336,USA,SGP,4312
239,192,895,1971,0,2820,0.07082100000000001,-0.296412,VNM,SGP,4312
247,192,895,1971,0,18920,-0.8803290000000001,-0.7895399999999999,ZMB,SGP,4312
15,208,895,1971,0,274220,1.984568,0.9571209999999999,AUT,SWE,4312
23,208,895,1971,0,99966,0.65271,1.027758,BGR,SWE,4312
41,208,895,1971,319825,0,2.242028,1.9425029999999999,CHE,SWE,4312
61,208,895,1971,30118,328823,2.304817,-1.885431,DEU,SWE,4312
64,208,895,1971,1233699,2034814,1.5224870000000001,2.45498,DNK,SWE,4312
66,208,895,1971,0,10955,-0.42629399999999995,-0.612192,DZA,SWE,4312
74,208,895,1971,3164,51216,1.382261,1.410232,FIN,SWE,4312
77,208,895,1971,7421,0,1.7299959999999999,1.562786,FRA,SWE,4312
81,208,895,1971,23761,103798,2.1646669999999997,0.034970999999999995,GBR,SWE,4312
83,208,895,1971,0,8231,-0.948254,-0.880582,GHA,SWE,4312
90,208,895,1971,0,3095,0.373161,0.153613,GRC,SWE,4312
102,208,895,1971,0,338786,0.8639760000000001,1.2125059999999999,HUN,SWE,4312
106,208,895,1971,0,312591,1.0895219999999999,1.885416,IRL,SWE,4312
109,208,895,1971,0,4124,0.12083900000000002,-0.37900100000000003,ISL,SWE,4312
162,208,895,1971,470429,1625,1.3564690000000001,2.749828,NLD,SWE,4312
163,208,895,1971,840815,622583,1.297569,1.870238,NOR,SWE,4312
173,208,895,1971,0,4197,-0.7457020000000001,-0.882229,PER,SWE,4312
177,208,895,1971,0,107138,0.8294520000000001,1.636849,POL,SWE,4312
179,208,895,1971,0,5485,0.9233389999999999,1.184635,PRT,SWE,4312
222,208,895,1971,0,16018,0.6038479999999999,-0.19159,TTO,SWE,4312
231,208,895,1971,105457,0,1.873357,1.848336,USA,SWE,4312
245,208,895,1971,0,9368,1.106614,2.43735,YUG,SWE,4312
14,216,895,1971,2058,0,0.019735,0.02329,AUS,THA,4312
77,216,895,1971,19324,0,1.7299959999999999,1.562786,FRA,THA,4312
81,216,895,1971,8188,0,2.1646669999999997,0.034970999999999995,GBR,THA,4312
97,216,895,1971,0,998,1.4643760000000001,1.159238,HKG,THA,4312
104,216,895,1971,1131,0,0.28820999999999997,0.790629,IND,THA,4312
114,216,895,1971,31078,0,1.862756,2.170372,JPN,THA,4312
153,216,895,1971,71735,0,-0.636547,-0.648471,MYS,THA,4312
162,216,895,1971,8654,0,1.3564690000000001,2.749828,NLD,THA,4312
163,216,895,1971,1678,0,1.297569,1.870238,NOR,THA,4312
192,216,895,1971,5600,0,0.540057,0.9167700000000001,SGP,THA,4312
231,216,895,1971,15273,0,1.873357,1.848336,USA,THA,4312
249,216,895,1971,0,5845,1.123146,1.440067,TWN,THA,4312
6,231,895,1971,0,9682,0.890891,0.10081699999999999,ANT,USA,4312
8,231,895,1971,0,11734,0.0024230000000000002,0.084024,ARG,USA,4312
14,231,895,1971,0,27615,0.019735,0.02329,AUS,USA,4312
18,231,895,1971,3364,36179,1.495689,2.262083,BEL,USA,4312
24,231,895,1971,0,1827,0.811757,-0.086967,BHR,USA,4312
25,231,895,1971,0,243254,0.356122,-0.181398,BHS,USA,4312
30,231,895,1971,0,32489,0.637919,0.031731999999999996,BMU,USA,4312
31,231,895,1971,0,38905,-0.578729,-0.640841,BOL,USA,4312
32,231,895,1971,0,1289,-0.326897,-0.229088,BRA,USA,4312
39,231,895,1971,0,2581303,0.543049,0.772374,CAN,USA,4312
41,231,895,1971,0,13767,2.242028,1.9425029999999999,CHE,USA,4312
42,231,895,1971,0,1509,-0.231579,-0.6383479999999999,CHL,USA,4312
49,231,895,1971,0,17752,-0.114488,-0.492489,COL,USA,4312
52,231,895,1971,0,5169,0.9643510000000001,0.613066,CRI,USA,4312
53,231,895,1971,0,1520,1.7241369999999998,2.76252,CSK,USA,4312
58,231,895,1971,0,1500,0.266353,-0.404526,CYP,USA,4312
61,231,895,1971,5017,43757,2.304817,-1.885431,DEU,USA,4312
64,231,895,1971,118904,2866,1.5224870000000001,2.45498,DNK,USA,4312
65,231,895,1971,1451,712908,-0.236627,-0.716432,DOM,USA,4312
67,231,895,1971,0,11623,-0.8731540000000001,-0.931018,ECU,USA,4312
71,231,895,1971,0,3474,0.9618040000000001,1.789808,ESP,USA,4312
77,231,895,1971,10264,27141,1.7299959999999999,1.562786,FRA,USA,4312
81,231,895,1971,0,82173,2.1646669999999997,0.034970999999999995,GBR,USA,4312
90,231,895,1971,43980,16476,0.373161,0.153613,GRC,USA,4312
93,231,895,1971,0,9017,0.513422,0.31249099999999996,GTM,USA,4312
97,231,895,1971,0,22071,1.4643760000000001,1.159238,HKG,USA,4312
99,231,895,1971,0,7988,-0.47721,-0.841176,HND,USA,4312
101,231,895,1971,0,5370,0.47879399999999994,-0.145479,HTI,USA,4312
107,231,895,1971,0,11864,-0.7509680000000001,-0.721083,IRN,USA,4312
109,231,895,1971,0,23364,0.12083900000000002,-0.37900100000000003,ISL,USA,4312
111,231,895,1971,125821,63693,2.039661,1.10519,ITA,USA,4312
112,231,895,1971,0,9384,0.283952,-0.541592,JAM,USA,4312
113,231,895,1971,0,26630,0.344856,-0.11885699999999999,JOR,USA,4312
114,231,895,1971,5068,34241,1.862756,2.170372,JPN,USA,4312
118,231,895,1971,0,135267,-0.868826,-0.796129,KHM,USA,4312
121,231,895,1971,0,114140,0.804658,0.44236899999999996,KOR,USA,4312
122,231,895,1971,0,4820,-0.589441,-0.5007699999999999,KWT,USA,4312
124,231,895,1971,0,11337,0.6515989999999999,1.542378,LBN,USA,4312
126,231,895,1971,0,1965,-2.1829009999999998,-0.541129,LBY,USA,4312
138,231,895,1971,0,26333,0.694692,1.631725,MEX,USA,4312
153,231,895,1971,0,80228,-0.636547,-0.648471,MYS,USA,4312
156,231,895,1971,0,3781,-0.714832,-0.24088400000000001,NCL,USA,4312
160,231,895,1971,0,96283,0.21678699999999998,-0.085482,NIC,USA,4312
162,231,895,1971,30342,37555,1.3564690000000001,2.749828,NLD,USA,4312
163,231,895,1971,0,10485,1.297569,1.870238,NOR,USA,4312
166,231,895,1971,0,1628,0.188851,-0.346439,NZL,USA,4312
169,231,895,1971,0,19772,0.641183,-0.062375,PAN,USA,4312
170,231,895,1971,0,3826,-0.41443800000000003,-0.593008,PCI,USA,4312
173,231,895,1971,0,9964,-0.7457020000000001,-0.882229,PER,USA,4312
174,231,895,1971,0,2456,-0.39003899999999997,-0.709147,PHL,USA,4312
177,231,895,1971,0,1817,0.8294520000000001,1.636849,POL,USA,4312
179,231,895,1971,0,4321,0.9233389999999999,1.184635,PRT,USA,4312
183,231,895,1971,0,1466,-1.0228190000000001,-0.519414,QAT,USA,4312
188,231,895,1971,0,1908,-1.370577,-0.556488,SAU,USA,4312
192,231,895,1971,0,21453,0.540057,0.9167700000000001,SGP,USA,4312
197,231,895,1971,0,1165,0.807056,0.476688,SLV,USA,4312
208,231,895,1971,0,105457,2.190846,2.570859,SWE,USA,4312
216,231,895,1971,0,15273,-0.767467,-0.557866,THA,USA,4312
236,231,895,1971,0,23429,-0.9655290000000001,-0.651151,VEN,USA,4312
238,231,895,1971,0,38339,0.806248,-0.070153,VIR,USA,4312
246,231,895,1971,0,5447,-0.285408,-0.146573,ZAF,USA,4312
249,231,895,1971,0,4456,1.123146,1.440067,TWN,USA,4312
250,231,895,1971,0,22329,0.740793,0.11133,ANS,USA,4312
64,249,895,1971,10826,0,1.5224870000000001,2.45498,DNK,TWN,4312
114,249,895,1971,12414,0,1.862756,2.170372,JPN,TWN,4312
216,249,895,1971,5845,0,-0.767467,-0.557866,THA,TWN,4312
231,249,895,1971,4456,0,1.873357,1.848336,USA,TWN,4312
41,250,895,1971,1483,0,2.242028,1.9425029999999999,CHE,ANS,4312
58,250,895,1971,0,8340,0.266353,-0.404526,CYP,ANS,4312
64,250,895,1971,1659,0,1.5224870000000001,2.45498,DNK,ANS,4312
77,250,895,1971,2555,0,1.7299959999999999,1.562786,FRA,ANS,4312
81,250,895,1971,1835,0,2.1646669999999997,0.034970999999999995,GBR,ANS,4312
107,250,895,1971,78508,0,-0.7509680000000001,-0.721083,IRN,ANS,4312
111,250,895,1971,5231,0,2.039661,1.10519,ITA,ANS,4312
162,250,895,1971,4246191,0,1.3564690000000001,2.749828,NLD,ANS,4312
163,250,895,1971,24327632,0,1.297569,1.870238,NOR,ANS,4312
231,250,895,1971,22329,0,1.873357,1.848336,USA,ANS,4312
162,6,895,1971,24294,0,1.3564690000000001,2.749828,NLD,ANT,4312
231,6,895,1971,9682,0,1.873357,1.848336,USA,ANT,4312
18,32,895,1971,0,14699,1.495689,2.262083,BEL,BRA,4312
61,32,895,1971,6460,0,2.304817,-1.885431,DEU,BRA,4312
77,32,895,1971,2870,0,1.7299959999999999,1.562786,FRA,BRA,4312
81,32,895,1971,2446,8138,2.1646669999999997,0.034970999999999995,GBR,BRA,4312
110,32,895,1971,0,8938,0.8357530000000001,0.8589479999999999,ISR,BRA,4312
111,32,895,1971,7655,0,2.039661,1.10519,ITA,BRA,4312
169,32,895,1971,2341,0,0.641183,-0.062375,PAN,BRA,4312
230,32,895,1971,0,2178,0.24810300000000002,-0.16614600000000002,URY,BRA,4312
231,32,895,1971,1289,0,1.873357,1.848336,USA,BRA,4312
77,44,895,1971,1620,0,1.7299959999999999,1.562786,FRA,CIV,4312
18,46,895,1971,3016,0,1.495689,2.262083,BEL,COD,4312
61,46,895,1971,5042,0,2.304817,-1.885431,DEU,COD,4312
77,46,895,1971,2350,0,1.7299959999999999,1.562786,FRA,COD,4312
81,46,895,1971,1020,0,2.1646669999999997,0.034970999999999995,GBR,COD,4312
5,71,895,1971,0,1459,1.154482,0.361592,AND,ESP,4312
41,71,895,1971,6428,0,2.242028,1.9425029999999999,CHE,ESP,4312
61,71,895,1971,2015,0,2.304817,-1.885431,DEU,ESP,4312
64,71,895,1971,20197,0,1.5224870000000001,2.45498,DNK,ESP,4312
77,71,895,1971,88188,0,1.7299959999999999,1.562786,FRA,ESP,4312
81,71,895,1971,55346,0,2.1646669999999997,0.034970999999999995,GBR,ESP,4312
111,71,895,1971,1126,11355,2.039661,1.10519,ITA,ESP,4312
162,71,895,1971,45818,0,1.3564690000000001,2.749828,NLD,ESP,4312
179,71,895,1971,0,2970,0.9233389999999999,1.184635,PRT,ESP,4312
231,71,895,1971,3474,0,1.873357,1.848336,USA,ESP,4312
41,74,895,1971,61689,0,2.242028,1.9425029999999999,CHE,FIN,4312
61,74,895,1971,3013,0,2.304817,-1.885431,DEU,FIN,4312
64,74,895,1971,380860,0,1.5224870000000001,2.45498,DNK,FIN,4312
77,74,895,1971,4672,0,1.7299959999999999,1.562786,FRA,FIN,4312
81,74,895,1971,19703,0,2.1646669999999997,0.034970999999999995,GBR,FIN,4312
162,74,895,1971,35404,0,1.3564690000000001,2.749828,NLD,FIN,4312
163,74,895,1971,144385,0,1.297569,1.870238,NOR,FIN,4312
208,74,895,1971,51216,3164,2.190846,2.570859,SWE,FIN,4312
14,103,895,1971,8002,0,0.019735,0.02329,AUS,IDN,4312
61,103,895,1971,1704,0,2.304817,-1.885431,DEU,IDN,4312
66,103,895,1971,0,13148,-0.42629399999999995,-0.612192,DZA,IDN,4312
81,103,895,1971,10301,0,2.1646669999999997,0.034970999999999995,GBR,IDN,4312
162,103,895,1971,6075,0,1.3564690000000001,2.749828,NLD,IDN,4312
166,103,895,1971,4276,0,0.188851,-0.346439,NZL,IDN,4312
32,110,895,1971,8938,0,-0.326897,-0.229088,BRA,ISR,4312
58,110,895,1971,0,22571,0.266353,-0.404526,CYP,ISR,4312
61,110,895,1971,7645,0,2.304817,-1.885431,DEU,ISR,4312
64,110,895,1971,149451,0,1.5224870000000001,2.45498,DNK,ISR,4312
77,110,895,1971,1015,0,1.7299959999999999,1.562786,FRA,ISR,4312
81,110,895,1971,34471,0,2.1646669999999997,0.034970999999999995,GBR,ISR,4312
111,110,895,1971,104619,0,2.039661,1.10519,ITA,ISR,4312
162,110,895,1971,113076,0,1.3564690000000001,2.749828,NLD,ISR,4312
14,153,895,1971,29957,0,0.019735,0.02329,AUS,MYS,4312
43,153,895,1971,22344,0,0.551566,1.636164,CHN,MYS,4312
61,153,895,1971,10286,0,2.304817,-1.885431,DEU,MYS,4312
64,153,895,1971,7881,84942,1.5224870000000001,2.45498,DNK,MYS,4312
75,153,895,1971,0,19912,0.057053,-0.490021,FJI,MYS,4312
81,153,895,1971,21808,0,2.1646669999999997,0.034970999999999995,GBR,MYS,4312
97,153,895,1971,4540,0,1.4643760000000001,1.159238,HKG,MYS,4312
104,153,895,1971,2321,0,0.28820999999999997,0.790629,IND,MYS,4312
151,153,895,1971,0,60106,-0.592737,-0.767588,MUS,MYS,4312
162,153,895,1971,1446,0,1.3564690000000001,2.749828,NLD,MYS,4312
166,153,895,1971,1028,0,0.188851,-0.346439,NZL,MYS,4312
192,153,895,1971,17085,280031,0.540057,0.9167700000000001,SGP,MYS,4312
216,153,895,1971,0,71735,-0.767467,-0.557866,THA,MYS,4312
231,153,895,1971,80228,0,1.873357,1.848336,USA,MYS,4312
61,159,895,1971,57850,0,2.304817,-1.885431,DEU,NGA,4312
81,159,895,1971,47325,0,2.1646669999999997,0.034970999999999995,GBR,NGA,4312
14,166,895,1971,1196,0,0.019735,0.02329,AUS,NZL,4312
75,166,895,1971,0,35930,0.057053,-0.490021,FJI,NZL,4312
81,166,895,1971,1278,0,2.1646669999999997,0.034970999999999995,GBR,NZL,4312
103,166,895,1971,0,4276,-1.335787,-0.813966,IDN,NZL,4312
114,166,895,1971,1555,0,1.862756,2.170372,JPN,NZL,4312
153,166,895,1971,0,1028,-0.636547,-0.648471,MYS,NZL,4312
162,166,895,1971,24009,0,1.3564690000000001,2.749828,NLD,NZL,4312
163,166,895,1971,32534,0,1.297569,1.870238,NOR,NZL,4312
192,166,895,1971,0,17209,0.540057,0.9167700000000001,SGP,NZL,4312
231,166,895,1971,1628,0,1.873357,1.848336,USA,NZL,4312
61,177,895,1971,129380,0,2.304817,-1.885431,DEU,POL,4312
64,177,895,1971,583915,0,1.5224870000000001,2.45498,DNK,POL,4312
81,177,895,1971,1006,0,2.1646669999999997,0.034970999999999995,GBR,POL,4312
208,177,895,1971,107138,0,2.190846,2.570859,SWE,POL,4312
231,177,895,1971,1817,0,1.873357,1.848336,USA,POL,4312
2,179,895,1971,0,2115,-1.208704,-0.854866,AGO,PRT,4312
61,179,895,1971,3008,0,2.304817,-1.885431,DEU,PRT,4312
64,179,895,1971,22313,0,1.5224870000000001,2.45498,DNK,PRT,4312
71,179,895,1971,2970,0,0.9618040000000001,1.789808,ESP,PRT,4312
77,179,895,1971,31849,0,1.7299959999999999,1.562786,FRA,PRT,4312
81,179,895,1971,3646,0,2.1646669999999997,0.034970999999999995,GBR,PRT,4312
162,179,895,1971,2481,0,1.3564690000000001,2.749828,NLD,PRT,4312
208,179,895,1971,5485,0,2.190846,2.570859,SWE,PRT,4312
231,179,895,1971,4321,0,1.873357,1.848336,USA,PRT,4312
61,222,895,1971,1811,0,2.304817,-1.885431,DEU,TTO,4312
81,222,895,1971,7763,0,2.1646669999999997,0.034970999999999995,GBR,TTO,4312
162,222,895,1971,10294,0,1.3564690000000001,2.749828,NLD,TTO,4312
163,222,895,1971,961641,0,1.297569,1.870238,NOR,TTO,4312
208,222,895,1971,16018,0,2.190846,2.570859,SWE,TTO,4312
41,236,895,1971,6664,0,2.242028,1.9425029999999999,CHE,VEN,4312
61,236,895,1971,53340,0,2.304817,-1.885431,DEU,VEN,4312
81,236,895,1971,29725,0,2.1646669999999997,0.034970999999999995,GBR,VEN,4312
111,236,895,1971,1591,0,2.039661,1.10519,ITA,VEN,4312
231,236,895,1971,23429,0,1.873357,1.848336,USA,VEN,4312
64,244,895,1971,6845,0,1.5224870000000001,2.45498,DNK,YMD,4312
107,244,895,1971,200812,0,-0.7509680000000001,-0.721083,IRN,YMD,4312
14,246,895,1971,0,2626,0.019735,0.02329,AUS,ZAF,4312
41,246,895,1971,32206,0,2.242028,1.9425029999999999,CHE,ZAF,4312
61,246,895,1971,2007,0,2.304817,-1.885431,DEU,ZAF,4312
77,246,895,1971,5422,0,1.7299959999999999,1.562786,FRA,ZAF,4312
81,246,895,1971,27278,0,2.1646669999999997,0.034970999999999995,GBR,ZAF,4312
162,246,895,1971,100911,0,1.3564690000000001,2.749828,NLD,ZAF,4312
231,246,895,1971,5447,0,1.873357,1.848336,USA,ZAF,4312
61,247,895,1971,291828,0,2.304817,-1.885431,DEU,ZMB,4312
192,247,895,1971,18920,0,0.540057,0.9167700000000001,SGP,ZMB,4312
81,68,895,1971,1700,0,2.1646669999999997,0.034970999999999995,GBR,EGY,4312
104,68,895,1971,32956,0,0.28820999999999997,0.790629,IND,EGY,4312
162,68,895,1971,2627,0,1.3564690000000001,2.749828,NLD,EGY,4312
208,102,895,1971,338786,0,2.190846,2.570859,SWE,HUN,4312
64,134,895,1971,161309,0,1.5224870000000001,2.45498,DNK,MAR,4312
77,134,895,1971,15707,0,1.7299959999999999,1.562786,FRA,MAR,4312
162,134,895,1971,97289,0,1.3564690000000001,2.749828,NLD,MAR,4312
163,134,895,1971,728313,0,1.297569,1.870238,NOR,MAR,4312
41,245,895,1971,52828,0,2.242028,1.9425029999999999,CHE,YUG,4312
61,245,895,1971,16856,0,2.304817,-1.885431,DEU,YUG,4312
111,245,895,1971,5048,0,2.039661,1.10519,ITA,YUG,4312
162,245,895,1971,529556,0,1.3564690000000001,2.749828,NLD,YUG,4312
163,245,895,1971,1858850,0,1.297569,1.870238,NOR,YUG,4312
208,245,895,1971,9368,0,2.190846,2.570859,SWE,YUG,4312
64,2,895,1971,8189,0,1.5224870000000001,2.45498,DNK,AGO,4312
114,2,895,1971,0,4646,1.862756,2.170372,JPN,AGO,4312
162,2,895,1971,3169,0,1.3564690000000001,2.749828,NLD,AGO,4312
163,2,895,1971,7011,0,1.297569,1.870238,NOR,AGO,4312
179,2,895,1971,2115,0,0.9233389999999999,1.184635,PRT,AGO,4312
18,8,895,1971,971,0,1.495689,2.262083,BEL,ARG,4312
41,8,895,1971,0,12775,2.242028,1.9425029999999999,CHE,ARG,4312
64,8,895,1971,1556,0,1.5224870000000001,2.45498,DNK,ARG,4312
77,8,895,1971,6478,0,1.7299959999999999,1.562786,FRA,ARG,4312
90,8,895,1971,0,89304,0.373161,0.153613,GRC,ARG,4312
106,8,895,1971,15363,0,1.0895219999999999,1.885416,IRL,ARG,4312
162,8,895,1971,929,0,1.3564690000000001,2.749828,NLD,ARG,4312
180,8,895,1971,2467,0,-0.48826,-0.712018,PRY,ARG,4312
231,8,895,1971,11734,0,1.873357,1.848336,USA,ARG,4312
81,25,895,1971,9218,0,2.1646669999999997,0.034970999999999995,GBR,BHS,4312
231,25,895,1971,243254,0,1.873357,1.848336,USA,BHS,4312
81,30,895,1971,4850,0,2.1646669999999997,0.034970999999999995,GBR,BMU,4312
231,30,895,1971,32489,0,1.873357,1.848336,USA,BMU,4312
39,33,895,1971,2350,0,0.543049,0.772374,CAN,BRB,4312
64,33,895,1971,116787,0,1.5224870000000001,2.45498,DNK,BRB,4312
81,33,895,1971,7927,0,2.1646669999999997,0.034970999999999995,GBR,BRB,4312
162,33,895,1971,3776,0,1.3564690000000001,2.749828,NLD,BRB,4312
163,33,895,1971,9128,0,1.297569,1.870238,NOR,BRB,4312
77,42,895,1971,4036,0,1.7299959999999999,1.562786,FRA,CHL,4312
111,42,895,1971,1176,0,2.039661,1.10519,ITA,CHL,4312
231,42,895,1971,1509,0,1.873357,1.848336,USA,CHL,4312
153,43,895,1971,0,22344,-0.636547,-0.648471,MYS,CHN,4312
77,45,895,1971,33141,0,1.7299959999999999,1.562786,FRA,CMR,4312
81,47,895,1971,1790,0,2.1646669999999997,0.034970999999999995,GBR,COG,4312
41,49,895,1971,4172,0,2.242028,1.9425029999999999,CHE,COL,4312
173,49,895,1971,80541,0,-0.7457020000000001,-0.882229,PER,COL,4312
231,49,895,1971,17752,0,1.873357,1.848336,USA,COL,4312
160,52,895,1971,0,2727,0.21678699999999998,-0.085482,NIC,CRI,4312
231,52,895,1971,5169,0,1.873357,1.848336,USA,CRI,4312
61,65,895,1971,33134,0,2.304817,-1.885431,DEU,DOM,4312
162,65,895,1971,29508,0,1.3564690000000001,2.749828,NLD,DOM,4312
231,65,895,1971,712908,1451,1.873357,1.848336,USA,DOM,4312
18,66,895,1971,20802,0,1.495689,2.262083,BEL,DZA,4312
41,66,895,1971,13752,0,2.242028,1.9425029999999999,CHE,DZA,4312
61,66,895,1971,160351,0,2.304817,-1.885431,DEU,DZA,4312
77,66,895,1971,142707,0,1.7299959999999999,1.562786,FRA,DZA,4312
103,66,895,1971,13148,0,-1.335787,-0.813966,IDN,DZA,4312
111,66,895,1971,9228,0,2.039661,1.10519,ITA,DZA,4312
162,66,895,1971,148960,0,1.3564690000000001,2.749828,NLD,DZA,4312
208,66,895,1971,10955,0,2.190846,2.570859,SWE,DZA,4312
61,67,895,1971,3418,0,2.304817,-1.885431,DEU,ECU,4312
163,67,895,1971,38804,0,1.297569,1.870238,NOR,ECU,4312
231,67,895,1971,11623,0,1.873357,1.848336,USA,ECU,4312
77,83,895,1971,50171,0,1.7299959999999999,1.562786,FRA,GHA,4312
208,83,895,1971,8231,0,2.190846,2.570859,SWE,GHA,4312
64,84,895,1971,1429,0,1.5224870000000001,2.45498,DNK,GIB,4312
61,86,895,1971,7808,0,2.304817,-1.885431,DEU,GLP,4312
77,86,895,1971,1258,0,1.7299959999999999,1.562786,FRA,GLP,4312
150,86,895,1971,2236,0,0.149367,-0.451215,MTQ,GLP,4312
41,93,895,1971,2043,0,2.242028,1.9425029999999999,CHE,GTM,4312
81,93,895,1971,2282,0,2.1646669999999997,0.034970999999999995,GBR,GTM,4312
162,93,895,1971,800,0,1.3564690000000001,2.749828,NLD,GTM,4312
231,93,895,1971,9017,0,1.873357,1.848336,USA,GTM,4312
231,99,895,1971,7988,0,1.873357,1.848336,USA,HND,4312
61,101,895,1971,1511,0,2.304817,-1.885431,DEU,HTI,4312
163,101,895,1971,9920,0,1.297569,1.870238,NOR,HTI,4312
231,101,895,1971,5370,0,1.873357,1.848336,USA,HTI,4312
8,106,895,1971,0,15363,0.0024230000000000002,0.084024,ARG,IRL,4312
61,106,895,1971,499865,0,2.304817,-1.885431,DEU,IRL,4312
77,106,895,1971,1045,0,1.7299959999999999,1.562786,FRA,IRL,4312
81,106,895,1971,720338,30195,2.1646669999999997,0.034970999999999995,GBR,IRL,4312
111,106,895,1971,1174,0,2.039661,1.10519,ITA,IRL,4312
162,106,895,1971,1208,0,1.3564690000000001,2.749828,NLD,IRL,4312
163,106,895,1971,796676,0,1.297569,1.870238,NOR,IRL,4312
208,106,895,1971,312591,0,2.190846,2.570859,SWE,IRL,4312
81,112,895,1971,9056,0,2.1646669999999997,0.034970999999999995,GBR,JAM,4312
231,112,895,1971,9384,0,1.873357,1.848336,USA,JAM,4312
111,121,895,1971,9965,0,2.039661,1.10519,ITA,KOR,4312
114,121,895,1971,74587,0,1.862756,2.170372,JPN,KOR,4312
231,121,895,1971,114140,0,1.873357,1.848336,USA,KOR,4312
61,126,895,1971,1018,0,2.304817,-1.885431,DEU,LBY,4312
64,126,895,1971,32068,0,1.5224870000000001,2.45498,DNK,LBY,4312
77,126,895,1971,47310,0,1.7299959999999999,1.562786,FRA,LBY,4312
111,126,895,1971,1730,0,2.039661,1.10519,ITA,LBY,4312
162,126,895,1971,30293,0,1.3564690000000001,2.749828,NLD,LBY,4312
231,126,895,1971,1965,0,1.873357,1.848336,USA,LBY,4312
61,138,895,1971,997,0,2.304817,-1.885431,DEU,MEX,4312
77,138,895,1971,2896,0,1.7299959999999999,1.562786,FRA,MEX,4312
111,138,895,1971,15735,0,2.039661,1.10519,ITA,MEX,4312
231,138,895,1971,26333,0,1.873357,1.848336,USA,MEX,4312
162,142,895,1971,8513,0,1.3564690000000001,2.749828,NLD,MLT,4312
163,142,895,1971,133353,0,1.297569,1.870238,NOR,MLT,4312
61,150,895,1971,36457,0,2.304817,-1.885431,DEU,MTQ,4312
77,150,895,1971,13591,0,1.7299959999999999,1.562786,FRA,MTQ,4312
86,150,895,1971,0,2236,-0.531874,-0.39812800000000004,GLP,MTQ,4312
162,150,895,1971,10044,0,1.3564690000000001,2.749828,NLD,MTQ,4312
52,160,895,1971,2727,0,0.9643510000000001,0.613066,CRI,NIC,4312
197,160,895,1971,13262,0,0.807056,0.476688,SLV,NIC,4312
231,160,895,1971,96283,0,1.873357,1.848336,USA,NIC,4312
32,169,895,1971,0,2341,-0.326897,-0.229088,BRA,PAN,4312
231,169,895,1971,19772,0,1.873357,1.848336,USA,PAN,4312
49,173,895,1971,0,80541,-0.114488,-0.492489,COL,PER,4312
61,173,895,1971,1291832,0,2.304817,-1.885431,DEU,PER,4312
64,173,895,1971,61267,0,1.5224870000000001,2.45498,DNK,PER,4312
111,173,895,1971,3593,0,2.039661,1.10519,ITA,PER,4312
162,173,895,1971,844697,0,1.3564690000000001,2.749828,NLD,PER,4312
163,173,895,1971,0,23483,1.297569,1.870238,NOR,PER,4312
208,173,895,1971,4197,0,2.190846,2.570859,SWE,PER,4312
231,173,895,1971,9964,0,1.873357,1.848336,USA,PER,4312
77,174,895,1971,2046,0,1.7299959999999999,1.562786,FRA,PHL,4312
81,174,895,1971,965,0,2.1646669999999997,0.034970999999999995,GBR,PHL,4312
162,174,895,1971,127080,0,1.3564690000000001,2.749828,NLD,PHL,4312
231,174,895,1971,2456,0,1.873357,1.848336,USA,PHL,4312
8,180,895,1971,0,2467,0.0024230000000000002,0.084024,ARG,PRY,4312
77,191,895,1971,1981,0,1.7299959999999999,1.562786,FRA,SEN,4312
81,197,895,1971,0,99324,2.1646669999999997,0.034970999999999995,GBR,SLV,4312
160,197,895,1971,0,13262,0.21678699999999998,-0.085482,NIC,SLV,4312
231,197,895,1971,1165,0,1.873357,1.848336,USA,SLV,4312
96,205,895,1971,6568,0,0.006441,-0.42498800000000003,GUY,SUR,4312
162,205,895,1971,16765,0,1.3564690000000001,2.749828,NLD,SUR,4312
77,214,895,1971,7177,0,1.7299959999999999,1.562786,FRA,TCD,4312
32,230,895,1971,2178,0,-0.326897,-0.229088,BRA,URY,4312
77,230,895,1971,1300,0,1.7299959999999999,1.562786,FRA,URY,4312
231,238,895,1971,38339,0,1.873357,1.848336,USA,VIR,4312
81,24,895,1971,1897,0,2.1646669999999997,0.034970999999999995,GBR,BHR,4312
104,24,895,1971,5639,0,0.28820999999999997,0.790629,IND,BHR,4312
107,24,895,1971,420636,35730,-0.7509680000000001,-0.721083,IRN,BHR,4312
162,24,895,1971,2597,0,1.3564690000000001,2.749828,NLD,BHR,4312
192,24,895,1971,15010,0,0.540057,0.9167700000000001,SGP,BHR,4312
231,24,895,1971,1827,0,1.873357,1.848336,USA,BHR,4312
61,113,895,1971,1743,0,2.304817,-1.885431,DEU,JOR,4312
81,113,895,1971,2476,0,2.1646669999999997,0.034970999999999995,GBR,JOR,4312
114,113,895,1971,49983,0,1.862756,2.170372,JPN,JOR,4312
122,113,895,1971,2034,0,-0.589441,-0.5007699999999999,KWT,JOR,4312
124,113,895,1971,32307,0,0.6515989999999999,1.542378,LBN,JOR,4312
162,113,895,1971,86499,0,1.3564690000000001,2.749828,NLD,JOR,4312
231,113,895,1971,26630,0,1.873357,1.848336,USA,JOR,4312
81,128,895,1971,6651,0,2.1646669999999997,0.034970999999999995,GBR,LKA,4312
162,128,895,1971,926,0,1.3564690000000001,2.749828,NLD,LKA,4312
41,23,895,1971,1219,0,2.242028,1.9425029999999999,CHE,BGR,4312
208,23,895,1971,99966,0,2.190846,2.570859,SWE,BGR,4312
81,31,895,1971,11577,0,2.1646669999999997,0.034970999999999995,GBR,BOL,4312
162,31,895,1971,9445,0,1.3564690000000001,2.749828,NLD,BOL,4312
231,31,895,1971,38905,0,1.873357,1.848336,USA,BOL,4312
61,58,895,1971,12081,0,2.304817,-1.885431,DEU,CYP,4312
64,58,895,1971,31753,0,1.5224870000000001,2.45498,DNK,CYP,4312
77,58,895,1971,10422,0,1.7299959999999999,1.562786,FRA,CYP,4312
81,58,895,1971,68137,0,2.1646669999999997,0.034970999999999995,GBR,CYP,4312
110,58,895,1971,22571,0,0.8357530000000001,0.8589479999999999,ISR,CYP,4312
162,58,895,1971,43794,0,1.3564690000000001,2.749828,NLD,CYP,4312
163,58,895,1971,47925,0,1.297569,1.870238,NOR,CYP,4312
231,58,895,1971,1500,0,1.873357,1.848336,USA,CYP,4312
250,58,895,1971,8340,0,0.740793,0.11133,ANS,CYP,4312
64,96,895,1971,19825,0,1.5224870000000001,2.45498,DNK,GUY,4312
81,96,895,1971,1892,0,2.1646669999999997,0.034970999999999995,GBR,GUY,4312
162,96,895,1971,20214,0,1.3564690000000001,2.749828,NLD,GUY,4312
163,96,895,1971,241592,0,1.297569,1.870238,NOR,GUY,4312
205,96,895,1971,0,6568,-0.26679,-0.417204,SUR,GUY,4312
81,116,895,1971,1291,0,2.1646669999999997,0.034970999999999995,GBR,KEN,4312
162,116,895,1971,6832,0,1.3564690000000001,2.749828,NLD,KEN,4312
77,125,895,1971,7117,0,1.7299959999999999,1.562786,FRA,LBR,4312
124,125,895,1971,4305,0,0.6515989999999999,1.542378,LBN,LBR,4312
162,125,895,1971,772,0,1.3564690000000001,2.749828,NLD,LBR,4312
104,183,895,1971,3543,0,0.28820999999999997,0.790629,IND,QAT,4312
107,183,895,1971,357511,2196,-0.7509680000000001,-0.721083,IRN,QAT,4312
231,183,895,1971,1466,0,1.873357,1.848336,USA,QAT,4312
162,184,895,1971,6825,0,1.3564690000000001,2.749828,NLD,REU,4312
77,188,895,1971,4159,0,1.7299959999999999,1.562786,FRA,SAU,4312
104,188,895,1971,7477,0,0.28820999999999997,0.790629,IND,SAU,4312
107,188,895,1971,246441,0,-0.7509680000000001,-0.721083,IRN,SAU,4312
162,188,895,1971,53610,0,1.3564690000000001,2.749828,NLD,SAU,4312
231,188,895,1971,1908,0,1.873357,1.848336,USA,SAU,4312
61,190,895,1971,20455,0,2.304817,-1.885431,DEU,SDN,4312
162,190,895,1971,65481,0,1.3564690000000001,2.749828,NLD,SDN,4312
64,212,895,1971,1799,0,1.5224870000000001,2.45498,DNK,SYR,4312
81,212,895,1971,7922,0,2.1646669999999997,0.034970999999999995,GBR,SYR,4312
162,212,895,1971,57175,0,1.3564690000000001,2.749828,NLD,SYR,4312
64,223,895,1971,5353,0,1.5224870000000001,2.45498,DNK,TUN,4312
77,223,895,1971,123637,0,1.7299959999999999,1.562786,FRA,TUN,4312
162,223,895,1971,42200,0,1.3564690000000001,2.749828,NLD,TUN,4312
163,223,895,1971,57995,0,1.297569,1.870238,NOR,TUN,4312
61,224,895,1971,6058,0,2.304817,-1.885431,DEU,TUR,4312
107,224,895,1971,20783,0,-0.7509680000000001,-0.721083,IRN,TUR,4312
111,224,895,1971,1069,0,2.039661,1.10519,ITA,TUR,4312
107,1,895,1971,1259117,0,-0.7509680000000001,-0.721083,IRN,AFG,4312
104,7,895,1971,12324,0,0.28820999999999997,0.790629,IND,ARE,4312
107,7,895,1971,193748,102245,-0.7509680000000001,-0.721083,IRN,ARE,4312
192,34,895,1971,1696,0,0.540057,0.9167700000000001,SGP,BRN,4312
64,62,895,1971,1401,0,1.5224870000000001,2.45498,DNK,DJI,4312
77,73,895,1971,3087,0,1.7299959999999999,1.562786,FRA,ETH,4312
162,73,895,1971,16348,0,1.3564690000000001,2.749828,NLD,ETH,4312
192,73,895,1971,359,0,0.540057,0.9167700000000001,SGP,ETH,4312
14,75,895,1971,1550,0,0.019735,0.02329,AUS,FJI,4312
61,75,895,1971,1576,0,2.304817,-1.885431,DEU,FJI,4312
153,75,895,1971,19912,0,-0.636547,-0.648471,MYS,FJI,4312
166,75,895,1971,35930,0,0.188851,-0.346439,NZL,FJI,4312
192,75,895,1971,11215,0,0.540057,0.9167700000000001,SGP,FJI,4312
77,118,895,1971,7857,0,1.7299959999999999,1.562786,FRA,KHM,4312
231,118,895,1971,135267,0,1.873357,1.848336,USA,KHM,4312
64,120,895,1971,3789,0,1.5224870000000001,2.45498,DNK,KNA,4312
77,123,895,1971,1632,0,1.7299959999999999,1.562786,FRA,LAO,4312
64,136,895,1971,4089,0,1.5224870000000001,2.45498,DNK,MDG,4312
77,136,895,1971,10094,0,1.7299959999999999,1.562786,FRA,MDG,4312
162,136,895,1971,11162,0,1.3564690000000001,2.749828,NLD,MDG,4312
61,151,895,1971,51767,0,2.304817,-1.885431,DEU,MUS,4312
64,151,895,1971,3949,0,1.5224870000000001,2.45498,DNK,MUS,4312
81,151,895,1971,1288,0,2.1646669999999997,0.034970999999999995,GBR,MUS,4312
153,151,895,1971,60106,0,-0.636547,-0.648471,MYS,MUS,4312
231,156,895,1971,3781,0,1.873357,1.848336,USA,NCL,4312
104,164,895,1971,33368,0,0.28820999999999997,0.790629,IND,NPL,4312
104,167,895,1971,3368,0,0.28820999999999997,0.790629,IND,OMN,4312
107,167,895,1971,153738,24754,-0.7509680000000001,-0.721083,IRN,OMN,4312
231,170,895,1971,3826,0,1.873357,1.848336,USA,PCI,4312
14,176,895,1971,29930,0,0.019735,0.02329,AUS,PNG,4312
77,182,895,1971,48323,0,1.7299959999999999,1.562786,FRA,PYF,4312
162,226,895,1971,7161,0,1.3564690000000001,2.749828,NLD,TZA,4312
162,227,895,1971,9074,0,1.3564690000000001,2.749828,NLD,UGA,4312
77,239,895,1971,1430,0,1.7299959999999999,1.562786,FRA,VNM,4312
114,239,895,1971,75476,0,1.862756,2.170372,JPN,VNM,4312
192,239,895,1971,2820,0,0.540057,0.9167700000000001,SGP,VNM,4312
64,243,895,1971,10537,0,1.5224870000000001,2.45498,DNK,YEM,4312
162,70,895,1971,35124,0,1.3564690000000001,2.749828,NLD,ESH,4312
61,196,895,1971,2029,0,2.304817,-1.885431,DEU,SLE,4312
162,196,895,1971,2384,0,1.3564690000000001,2.749828,NLD,SLE,4312
71,5,895,1971,1459,0,0.9618040000000001,1.789808,ESP,AND,4312
61,14,922,1971,16403,4379,2.304817,-1.885431,DEU,AUS,5223
81,14,922,1971,5182,8828,2.1646669999999997,0.034970999999999995,GBR,AUS,5223
111,14,922,1971,3115,0,2.039661,1.10519,ITA,AUS,5223
114,14,922,1971,41342,0,1.862756,2.170372,JPN,AUS,5223
151,14,922,1971,0,4422,-0.592737,-0.767588,MUS,AUS,5223
166,14,922,1971,0,4248,0.188851,-0.346439,NZL,AUS,5223
176,14,922,1971,0,1147,-0.222694,-0.396214,PNG,AUS,5223
231,14,922,1971,58691,0,1.873357,1.848336,USA,AUS,5223
250,14,922,1971,0,657,0.740793,0.11133,ANS,AUS,5223
41,15,922,1971,2202,0,2.242028,1.9425029999999999,CHE,AUT,5223
53,15,922,1971,0,83910,1.7241369999999998,2.76252,CSK,AUT,5223
61,15,922,1971,26453,0,2.304817,-1.885431,DEU,AUT,5223
102,15,922,1971,0,100910,0.8639760000000001,1.2125059999999999,HUN,AUT,5223
111,15,922,1971,0,79590,2.039661,1.10519,ITA,AUT,5223
245,15,922,1971,0,17970,1.106614,2.43735,YUG,AUT,5223
8,18,922,1971,0,990,0.0024230000000000002,0.084024,ARG,BEL,5223
24,18,922,1971,0,1976,0.811757,-0.086967,BHR,BEL,5223
41,18,922,1971,1798,0,2.242028,1.9425029999999999,CHE,BEL,5223
61,18,922,1971,2354934,3302,2.304817,-1.885431,DEU,BEL,5223
66,18,922,1971,0,20334,-0.42629399999999995,-0.612192,DZA,BEL,5223
77,18,922,1971,2472630,2814,1.7299959999999999,1.562786,FRA,BEL,5223
81,18,922,1971,12633,21237,2.1646669999999997,0.034970999999999995,GBR,BEL,5223
110,18,922,1971,0,7977,0.8357530000000001,0.8589479999999999,ISR,BEL,5223
111,18,922,1971,49347,13507,2.039661,1.10519,ITA,BEL,5223
134,18,922,1971,0,1124,-0.016735,-0.41776599999999997,MAR,BEL,5223
162,18,922,1971,11181,1237,1.3564690000000001,2.749828,NLD,BEL,5223
163,18,922,1971,717311,0,1.297569,1.870238,NOR,BEL,5223
166,18,922,1971,0,1621,0.188851,-0.346439,NZL,BEL,5223
174,18,922,1971,0,3586,-0.39003899999999997,-0.709147,PHL,BEL,5223
223,18,922,1971,0,784,-0.28817,-0.6084189999999999,TUN,BEL,5223
231,18,922,1971,73652,9128,1.873357,1.848336,USA,BEL,5223
250,18,922,1971,0,3097,0.740793,0.11133,ANS,BEL,5223
8,39,922,1971,0,17969,0.0024230000000000002,0.084024,ARG,CAN,5223
49,39,922,1971,0,51234,-0.114488,-0.492489,COL,CAN,5223
61,39,922,1971,23774,0,2.304817,-1.885431,DEU,CAN,5223
71,39,922,1971,0,37642,0.9618040000000001,1.789808,ESP,CAN,5223
125,39,922,1971,0,1614,-0.877289,-0.5771,LBR,CAN,5223
134,39,922,1971,0,17512,-0.016735,-0.41776599999999997,MAR,CAN,5223
138,39,922,1971,0,4329,0.694692,1.631725,MEX,CAN,5223
231,39,922,1971,415379,0,1.873357,1.848336,USA,CAN,5223
239,39,922,1971,0,8799,0.07082100000000001,-0.296412,VNM,CAN,5223
15,41,922,1971,0,2202,1.984568,0.9571209999999999,AUT,CHE,5223
18,41,922,1971,0,1798,1.495689,2.262083,BEL,CHE,5223
61,41,922,1971,906852,13950,2.304817,-1.885431,DEU,CHE,5223
64,41,922,1971,0,2689,1.5224870000000001,2.45498,DNK,CHE,5223
77,41,922,1971,315274,13704,1.7299959999999999,1.562786,FRA,CHE,5223
81,41,922,1971,119961,0,2.1646669999999997,0.034970999999999995,GBR,CHE,5223
110,41,922,1971,0,47804,0.8357530000000001,0.8589479999999999,ISR,CHE,5223
111,41,922,1971,98357,0,2.039661,1.10519,ITA,CHE,5223
114,41,922,1971,0,1348,1.862756,2.170372,JPN,CHE,5223
162,41,922,1971,1133,0,1.3564690000000001,2.749828,NLD,CHE,5223
179,41,922,1971,0,1012,0.9233389999999999,1.184635,PRT,CHE,5223
231,41,922,1971,2763,0,1.873357,1.848336,USA,CHE,5223
245,41,922,1971,0,18382,1.106614,2.43735,YUG,CHE,5223
250,41,922,1971,0,6685,0.740793,0.11133,ANS,CHE,5223
15,53,922,1971,83910,0,1.984568,0.9571209999999999,AUT,CSK,5223
61,53,922,1971,0,17321,2.304817,-1.885431,DEU,CSK,5223
77,53,922,1971,85849,0,1.7299959999999999,1.562786,FRA,CSK,5223
81,53,922,1971,17022,0,2.1646669999999997,0.034970999999999995,GBR,CSK,5223
111,53,922,1971,15562,0,2.039661,1.10519,ITA,CSK,5223
8,61,922,1971,0,32886,0.0024230000000000002,0.084024,ARG,DEU,5223
14,61,922,1971,4379,16403,0.019735,0.02329,AUS,DEU,5223
15,61,922,1971,0,26453,1.984568,0.9571209999999999,AUT,DEU,5223
18,61,922,1971,3302,2354934,1.495689,2.262083,BEL,DEU,5223
24,61,922,1971,0,16769,0.811757,-0.086967,BHR,DEU,5223
32,61,922,1971,0,15548,-0.326897,-0.229088,BRA,DEU,5223
39,61,922,1971,0,23774,0.543049,0.772374,CAN,DEU,5223
41,61,922,1971,13950,906852,2.242028,1.9425029999999999,CHE,DEU,5223
49,61,922,1971,0,1051,-0.114488,-0.492489,COL,DEU,5223
53,61,922,1971,17321,0,1.7241369999999998,2.76252,CSK,DEU,5223
64,61,922,1971,0,209047,1.5224870000000001,2.45498,DNK,DEU,5223
66,61,922,1971,0,1365,-0.42629399999999995,-0.612192,DZA,DEU,5223
67,61,922,1971,0,8033,-0.8731540000000001,-0.931018,ECU,DEU,5223
71,61,922,1971,0,85939,0.9618040000000001,1.789808,ESP,DEU,5223
74,61,922,1971,0,3355,1.382261,1.410232,FIN,DEU,5223
77,61,922,1971,269369,583145,1.7299959999999999,1.562786,FRA,DEU,5223
81,61,922,1971,5104,867427,2.1646669999999997,0.034970999999999995,GBR,DEU,5223
83,61,922,1971,0,6890,-0.948254,-0.880582,GHA,DEU,5223
104,61,922,1971,0,22804,0.28820999999999997,0.790629,IND,DEU,5223
106,61,922,1971,0,4517,1.0895219999999999,1.885416,IRL,DEU,5223
107,61,922,1971,0,2882,-0.7509680000000001,-0.721083,IRN,DEU,5223
110,61,922,1971,0,125444,0.8357530000000001,0.8589479999999999,ISR,DEU,5223
111,61,922,1971,104258,869393,2.039661,1.10519,ITA,DEU,5223
114,61,922,1971,11966,95581,1.862756,2.170372,JPN,DEU,5223
121,61,922,1971,0,1964,0.804658,0.44236899999999996,KOR,DEU,5223
138,61,922,1971,0,1842,0.694692,1.631725,MEX,DEU,5223
151,61,922,1971,0,19317,-0.592737,-0.767588,MUS,DEU,5223
157,61,922,1971,0,1104,-0.8275610000000001,-0.747424,NER,DEU,5223
159,61,922,1971,0,17387,-1.6915639999999998,-0.8931879999999999,NGA,DEU,5223
162,61,922,1971,8594,2323859,1.3564690000000001,2.749828,NLD,DEU,5223
163,61,922,1971,0,15165,1.297569,1.870238,NOR,DEU,5223
166,61,922,1971,0,1692,0.188851,-0.346439,NZL,DEU,5223
168,61,922,1971,0,15185,-0.160556,-0.48263,PAK,DEU,5223
173,61,922,1971,0,5852,-0.7457020000000001,-0.882229,PER,DEU,5223
174,61,922,1971,0,2129,-0.39003899999999997,-0.709147,PHL,DEU,5223
208,61,922,1971,0,231808,2.190846,2.570859,SWE,DEU,5223
224,61,922,1971,0,1839,-0.443655,-0.521285,TUR,DEU,5223
231,61,922,1971,52237,0,1.873357,1.848336,USA,DEU,5223
245,61,922,1971,0,37744,1.106614,2.43735,YUG,DEU,5223
250,61,922,1971,0,5934888,0.740793,0.11133,ANS,DEU,5223
41,64,922,1971,2689,0,2.242028,1.9425029999999999,CHE,DNK,5223
61,64,922,1971,209047,0,2.304817,-1.885431,DEU,DNK,5223
81,64,922,1971,47519,0,2.1646669999999997,0.034970999999999995,GBR,DNK,5223
111,64,922,1971,2408,0,2.039661,1.10519,ITA,DNK,5223
159,64,922,1971,0,952,-1.6915639999999998,-0.8931879999999999,NGA,DNK,5223
231,64,922,1971,42838,0,1.873357,1.848336,USA,DNK,5223
4,77,922,1971,0,6340,0.149073,-0.465447,ALB,FRA,5223
18,77,922,1971,2814,2472630,1.495689,2.262083,BEL,FRA,5223
41,77,922,1971,13704,315274,2.242028,1.9425029999999999,CHE,FRA,5223
47,77,922,1971,0,5183,-0.9411219999999999,-0.728664,COG,FRA,5223
53,77,922,1971,0,85849,1.7241369999999998,2.76252,CSK,FRA,5223
61,77,922,1971,583145,269369,2.304817,-1.885431,DEU,FRA,5223
66,77,922,1971,0,6089,-0.42629399999999995,-0.612192,DZA,FRA,5223
68,77,922,1971,0,2095,0.192492,-0.374212,EGY,FRA,5223
71,77,922,1971,0,102643,0.9618040000000001,1.789808,ESP,FRA,5223
81,77,922,1971,179242,8751,2.1646669999999997,0.034970999999999995,GBR,FRA,5223
90,77,922,1971,0,88064,0.373161,0.153613,GRC,FRA,5223
102,77,922,1971,0,212563,0.8639760000000001,1.2125059999999999,HUN,FRA,5223
110,77,922,1971,0,141612,0.8357530000000001,0.8589479999999999,ISR,FRA,5223
111,77,922,1971,82741,36134,2.039661,1.10519,ITA,FRA,5223
134,77,922,1971,0,37528,-0.016735,-0.41776599999999997,MAR,FRA,5223
142,77,922,1971,0,1928,1.567812,1.889177,MLT,FRA,5223
159,77,922,1971,0,18946,-1.6915639999999998,-0.8931879999999999,NGA,FRA,5223
162,77,922,1971,0,7757,1.3564690000000001,2.749828,NLD,FRA,5223
163,77,922,1971,0,43127,1.297569,1.870238,NOR,FRA,5223
174,77,922,1971,0,5680,-0.39003899999999997,-0.709147,PHL,FRA,5223
177,77,922,1971,0,1626,0.8294520000000001,1.636849,POL,FRA,5223
186,77,922,1971,0,20783,0.42000600000000005,0.512301,RUS,FRA,5223
208,77,922,1971,0,36824,2.190846,2.570859,SWE,FRA,5223
223,77,922,1971,0,112110,-0.28817,-0.6084189999999999,TUN,FRA,5223
231,77,922,1971,1111,0,1.873357,1.848336,USA,FRA,5223
236,77,922,1971,0,23722,-0.9655290000000001,-0.651151,VEN,FRA,5223
245,77,922,1971,0,463396,1.106614,2.43735,YUG,FRA,5223
246,77,922,1971,0,2168,-0.285408,-0.146573,ZAF,FRA,5223
250,77,922,1971,0,1094,0.740793,0.11133,ANS,FRA,5223
2,81,922,1971,0,2719,-1.208704,-0.854866,AGO,GBR,5223
8,81,922,1971,0,29590,0.0024230000000000002,0.084024,ARG,GBR,5223
14,81,922,1971,8828,5182,0.019735,0.02329,AUS,GBR,5223
18,81,922,1971,21237,12633,1.495689,2.262083,BEL,GBR,5223
24,81,922,1971,0,91403,0.811757,-0.086967,BHR,GBR,5223
41,81,922,1971,0,119961,2.242028,1.9425029999999999,CHE,GBR,5223
42,81,922,1971,0,6137,-0.231579,-0.6383479999999999,CHL,GBR,5223
43,81,922,1971,0,232843,0.551566,1.636164,CHN,GBR,5223
44,81,922,1971,0,12941,-0.719483,-0.700326,CIV,GBR,5223
53,81,922,1971,0,17022,1.7241369999999998,2.76252,CSK,GBR,5223
61,81,922,1971,867427,5104,2.304817,-1.885431,DEU,GBR,5223
64,81,922,1971,0,47519,1.5224870000000001,2.45498,DNK,GBR,5223
68,81,922,1971,0,23670,0.192492,-0.374212,EGY,GBR,5223
71,81,922,1971,0,11639,0.9618040000000001,1.789808,ESP,GBR,5223
74,81,922,1971,0,1928,1.382261,1.410232,FIN,GBR,5223
77,81,922,1971,8751,179242,1.7299959999999999,1.562786,FRA,GBR,5223
83,81,922,1971,0,2618,-0.948254,-0.880582,GHA,GBR,5223
102,81,922,1971,3283,29853,0.8639760000000001,1.2125059999999999,HUN,GBR,5223
104,81,922,1971,0,8979,0.28820999999999997,0.790629,IND,GBR,5223
106,81,922,1971,0,24989,1.0895219999999999,1.885416,IRL,GBR,5223
107,81,922,1971,0,1725,-0.7509680000000001,-0.721083,IRN,GBR,5223
110,81,922,1971,0,71196,0.8357530000000001,0.8589479999999999,ISR,GBR,5223
111,81,922,1971,70872,13714,2.039661,1.10519,ITA,GBR,5223
114,81,922,1971,0,79777,1.862756,2.170372,JPN,GBR,5223
142,81,922,1971,0,1270,1.567812,1.889177,MLT,GBR,5223
151,81,922,1971,0,61475,-0.592737,-0.767588,MUS,GBR,5223
159,81,922,1971,0,26583,-1.6915639999999998,-0.8931879999999999,NGA,GBR,5223
162,81,922,1971,11614,19391,1.3564690000000001,2.749828,NLD,GBR,5223
163,81,922,1971,0,3236,1.297569,1.870238,NOR,GBR,5223
166,81,922,1971,0,2582,0.188851,-0.346439,NZL,GBR,5223
168,81,922,1971,0,2258,-0.160556,-0.48263,PAK,GBR,5223
174,81,922,1971,0,4165,-0.39003899999999997,-0.709147,PHL,GBR,5223
177,81,922,1971,0,55591,0.8294520000000001,1.636849,POL,GBR,5223
179,81,922,1971,0,1089,0.9233389999999999,1.184635,PRT,GBR,5223
180,81,922,1971,0,2705,-0.48826,-0.712018,PRY,GBR,5223
185,81,922,1971,0,152677,1.0355299999999998,1.5666129999999998,ROU,GBR,5223
186,81,922,1971,0,1607,0.42000600000000005,0.512301,RUS,GBR,5223
190,81,922,1971,0,8843,-1.375243,-0.9691209999999999,SDN,GBR,5223
208,81,922,1971,0,44447,2.190846,2.570859,SWE,GBR,5223
230,81,922,1971,0,8775,0.24810300000000002,-0.16614600000000002,URY,GBR,5223
231,81,922,1971,374741,5431,1.873357,1.848336,USA,GBR,5223
245,81,922,1971,0,27242,1.106614,2.43735,YUG,GBR,5223
246,81,922,1971,0,19786,-0.285408,-0.146573,ZAF,GBR,5223
250,81,922,1971,0,4672,0.740793,0.11133,ANS,GBR,5223
77,90,922,1971,88064,0,1.7299959999999999,1.562786,FRA,GRC,5223
111,90,922,1971,0,11838,2.039661,1.10519,ITA,GRC,5223
104,97,922,1971,0,990,0.28820999999999997,0.790629,IND,HKG,5223
61,104,922,1971,22804,0,2.304817,-1.885431,DEU,IND,5223
81,104,922,1971,8979,0,2.1646669999999997,0.034970999999999995,GBR,IND,5223
97,104,922,1971,990,0,1.4643760000000001,1.159238,HKG,IND,5223
102,104,922,1971,1788,0,0.8639760000000001,1.2125059999999999,HUN,IND,5223
107,104,922,1971,1273,0,-0.7509680000000001,-0.721083,IRN,IND,5223
192,104,922,1971,7488,0,0.540057,0.9167700000000001,SGP,IND,5223
231,104,922,1971,1466,0,1.873357,1.848336,USA,IND,5223
249,104,922,1971,754,0,1.123146,1.440067,TWN,IND,5223
61,107,922,1971,2882,0,2.304817,-1.885431,DEU,IRN,5223
81,107,922,1971,1725,0,2.1646669999999997,0.034970999999999995,GBR,IRN,5223
104,107,922,1971,0,1273,0.28820999999999997,0.790629,IND,IRN,5223
114,107,922,1971,2829,0,1.862756,2.170372,JPN,IRN,5223
231,107,922,1971,1572,0,1.873357,1.848336,USA,IRN,5223
8,111,922,1971,0,12105,0.0024230000000000002,0.084024,ARG,ITA,5223
14,111,922,1971,0,3115,0.019735,0.02329,AUS,ITA,5223
15,111,922,1971,79590,0,1.984568,0.9571209999999999,AUT,ITA,5223
18,111,922,1971,13507,49347,1.495689,2.262083,BEL,ITA,5223
24,111,922,1971,0,60864,0.811757,-0.086967,BHR,ITA,5223
32,111,922,1971,0,3404,-0.326897,-0.229088,BRA,ITA,5223
41,111,922,1971,0,98357,2.242028,1.9425029999999999,CHE,ITA,5223
53,111,922,1971,0,15562,1.7241369999999998,2.76252,CSK,ITA,5223
61,111,922,1971,869393,104258,2.304817,-1.885431,DEU,ITA,5223
64,111,922,1971,0,2408,1.5224870000000001,2.45498,DNK,ITA,5223
77,111,922,1971,36134,82741,1.7299959999999999,1.562786,FRA,ITA,5223
81,111,922,1971,13714,70872,2.1646669999999997,0.034970999999999995,GBR,ITA,5223
90,111,922,1971,11838,0,0.373161,0.153613,GRC,ITA,5223
102,111,922,1971,0,18834,0.8639760000000001,1.2125059999999999,HUN,ITA,5223
110,111,922,1971,0,23031,0.8357530000000001,0.8589479999999999,ISR,ITA,5223
114,111,922,1971,1448,46518,1.862756,2.170372,JPN,ITA,5223
126,111,922,1971,0,2381,-2.1829009999999998,-0.541129,LBY,ITA,5223
134,111,922,1971,0,5599,-0.016735,-0.41776599999999997,MAR,ITA,5223
162,111,922,1971,8604,8088,1.3564690000000001,2.749828,NLD,ITA,5223
168,111,922,1971,10296,4841,-0.160556,-0.48263,PAK,ITA,5223
177,111,922,1971,15237,0,0.8294520000000001,1.636849,POL,ITA,5223
231,111,922,1971,177598,13432,1.873357,1.848336,USA,ITA,5223
245,111,922,1971,3532,0,1.106614,2.43735,YUG,ITA,5223
250,111,922,1971,0,2716,0.740793,0.11133,ANS,ITA,5223
14,114,922,1971,0,41342,0.019735,0.02329,AUS,JPN,5223
24,114,922,1971,0,88362,0.811757,-0.086967,BHR,JPN,5223
41,114,922,1971,1348,0,2.242028,1.9425029999999999,CHE,JPN,5223
61,114,922,1971,95581,11966,2.304817,-1.885431,DEU,JPN,5223
81,114,922,1971,79777,0,2.1646669999999997,0.034970999999999995,GBR,JPN,5223
107,114,922,1971,0,2829,-0.7509680000000001,-0.721083,IRN,JPN,5223
111,114,922,1971,46518,1448,2.039661,1.10519,ITA,JPN,5223
121,114,922,1971,0,87963,0.804658,0.44236899999999996,KOR,JPN,5223
138,114,922,1971,0,4139,0.694692,1.631725,MEX,JPN,5223
151,114,922,1971,0,1117,-0.592737,-0.767588,MUS,JPN,5223
153,114,922,1971,0,1662,-0.636547,-0.648471,MYS,JPN,5223
159,114,922,1971,0,1156,-1.6915639999999998,-0.8931879999999999,NGA,JPN,5223
174,114,922,1971,0,255515,-0.39003899999999997,-0.709147,PHL,JPN,5223
192,114,922,1971,0,13701,0.540057,0.9167700000000001,SGP,JPN,5223
216,114,922,1971,0,18459,-0.767467,-0.557866,THA,JPN,5223
231,114,922,1971,535190,9033,1.873357,1.848336,USA,JPN,5223
249,114,922,1971,0,2836,1.123146,1.440067,TWN,JPN,5223
250,114,922,1971,0,11431,0.740793,0.11133,ANS,JPN,5223
6,162,922,1971,0,7641,0.890891,0.10081699999999999,ANT,NLD,5223
18,162,922,1971,1237,11181,1.495689,2.262083,BEL,NLD,5223
24,162,922,1971,0,5378,0.811757,-0.086967,BHR,NLD,5223
41,162,922,1971,0,1133,2.242028,1.9425029999999999,CHE,NLD,5223
61,162,922,1971,2323859,8594,2.304817,-1.885431,DEU,NLD,5223
66,162,922,1971,0,2059,-0.42629399999999995,-0.612192,DZA,NLD,5223
71,162,922,1971,0,2773,0.9618040000000001,1.789808,ESP,NLD,5223
77,162,922,1971,7757,0,1.7299959999999999,1.562786,FRA,NLD,5223
81,162,922,1971,19391,11614,2.1646669999999997,0.034970999999999995,GBR,NLD,5223
111,162,922,1971,8088,8604,2.039661,1.10519,ITA,NLD,5223
116,162,922,1971,0,2168,-0.119521,0.044922000000000004,KEN,NLD,5223
138,162,922,1971,0,2385,0.694692,1.631725,MEX,NLD,5223
151,162,922,1971,0,1482,-0.592737,-0.767588,MUS,NLD,5223
231,162,922,1971,163763,0,1.873357,1.848336,USA,NLD,5223
250,162,922,1971,0,1561,0.740793,0.11133,ANS,NLD,5223
18,163,922,1971,0,717311,1.495689,2.262083,BEL,NOR,5223
61,163,922,1971,15165,0,2.304817,-1.885431,DEU,NOR,5223
77,163,922,1971,43127,0,1.7299959999999999,1.562786,FRA,NOR,5223
81,163,922,1971,3236,0,2.1646669999999997,0.034970999999999995,GBR,NOR,5223
110,163,922,1971,0,2778,0.8357530000000001,0.8589479999999999,ISR,NOR,5223
208,163,922,1971,371291,67940,2.190846,2.570859,SWE,NOR,5223
250,163,922,1971,47330,0,0.740793,0.11133,ANS,NOR,5223
43,168,922,1971,1320,0,0.551566,1.636164,CHN,PAK,5223
61,168,922,1971,15185,0,2.304817,-1.885431,DEU,PAK,5223
81,168,922,1971,2258,0,2.1646669999999997,0.034970999999999995,GBR,PAK,5223
111,168,922,1971,4841,10296,2.039661,1.10519,ITA,PAK,5223
231,168,922,1971,4486,0,1.873357,1.848336,USA,PAK,5223
74,186,922,1971,0,105254,1.382261,1.410232,FIN,RUS,5223
77,186,922,1971,20783,0,1.7299959999999999,1.562786,FRA,RUS,5223
81,186,922,1971,1607,0,2.1646669999999997,0.034970999999999995,GBR,RUS,5223
231,186,922,1971,264123,0,1.873357,1.848336,USA,RUS,5223
104,192,922,1971,0,7488,0.28820999999999997,0.790629,IND,SGP,5223
114,192,922,1971,13701,0,1.862756,2.170372,JPN,SGP,5223
216,192,922,1971,0,8320,-0.767467,-0.557866,THA,SGP,5223
231,192,922,1971,1925,0,1.873357,1.848336,USA,SGP,5223
61,208,922,1971,231808,0,2.304817,-1.885431,DEU,SWE,5223
77,208,922,1971,36824,0,1.7299959999999999,1.562786,FRA,SWE,5223
81,208,922,1971,44447,0,2.1646669999999997,0.034970999999999995,GBR,SWE,5223
159,208,922,1971,0,16571,-1.6915639999999998,-0.8931879999999999,NGA,SWE,5223
163,208,922,1971,67940,371291,1.297569,1.870238,NOR,SWE,5223
231,208,922,1971,2051,0,1.873357,1.848336,USA,SWE,5223
114,216,922,1971,18459,0,1.862756,2.170372,JPN,THA,5223
192,216,922,1971,8320,0,0.540057,0.9167700000000001,SGP,THA,5223
8,231,922,1971,0,19794,0.0024230000000000002,0.084024,ARG,USA,5223
14,231,922,1971,0,58691,0.019735,0.02329,AUS,USA,5223
18,231,922,1971,9128,73652,1.495689,2.262083,BEL,USA,5223
24,231,922,1971,0,32544,0.811757,-0.086967,BHR,USA,5223
31,231,922,1971,0,7749,-0.578729,-0.640841,BOL,USA,5223
32,231,922,1971,0,135641,-0.326897,-0.229088,BRA,USA,5223
39,231,922,1971,0,415379,0.543049,0.772374,CAN,USA,5223
41,231,922,1971,0,2763,2.242028,1.9425029999999999,CHE,USA,5223
42,231,922,1971,0,240665,-0.231579,-0.6383479999999999,CHL,USA,5223
49,231,922,1971,0,2693,-0.114488,-0.492489,COL,USA,5223
61,231,922,1971,0,52237,2.304817,-1.885431,DEU,USA,5223
64,231,922,1971,0,42838,1.5224870000000001,2.45498,DNK,USA,5223
66,231,922,1971,0,15242,-0.42629399999999995,-0.612192,DZA,USA,5223
71,231,922,1971,0,1504,0.9618040000000001,1.789808,ESP,USA,5223
77,231,922,1971,0,1111,1.7299959999999999,1.562786,FRA,USA,5223
80,231,922,1971,0,14073,-1.3628559999999998,-0.688865,GAB,USA,5223
81,231,922,1971,5431,374741,2.1646669999999997,0.034970999999999995,GBR,USA,5223
93,231,922,1971,0,3190,0.513422,0.31249099999999996,GTM,USA,5223
104,231,922,1971,0,1466,0.28820999999999997,0.790629,IND,USA,5223
107,231,922,1971,0,1572,-0.7509680000000001,-0.721083,IRN,USA,5223
110,231,922,1971,0,2691,0.8357530000000001,0.8589479999999999,ISR,USA,5223
111,231,922,1971,13432,177598,2.039661,1.10519,ITA,USA,5223
112,231,922,1971,0,1298,0.283952,-0.541592,JAM,USA,5223
114,231,922,1971,9033,535190,1.862756,2.170372,JPN,USA,5223
138,231,922,1971,0,117681,0.694692,1.631725,MEX,USA,5223
151,231,922,1971,0,1164,-0.592737,-0.767588,MUS,USA,5223
153,231,922,1971,0,5229,-0.636547,-0.648471,MYS,USA,5223
159,231,922,1971,0,2072,-1.6915639999999998,-0.8931879999999999,NGA,USA,5223
160,231,922,1971,0,963,0.21678699999999998,-0.085482,NIC,USA,5223
162,231,922,1971,0,163763,1.3564690000000001,2.749828,NLD,USA,5223
166,231,922,1971,0,2158,0.188851,-0.346439,NZL,USA,5223
168,231,922,1971,0,4486,-0.160556,-0.48263,PAK,USA,5223
173,231,922,1971,0,21734,-0.7457020000000001,-0.882229,PER,USA,5223
174,231,922,1971,0,51282,-0.39003899999999997,-0.709147,PHL,USA,5223
186,231,922,1971,0,264123,0.42000600000000005,0.512301,RUS,USA,5223
192,231,922,1971,0,1925,0.540057,0.9167700000000001,SGP,USA,5223
197,231,922,1971,0,2695,0.807056,0.476688,SLV,USA,5223
208,231,922,1971,0,2051,2.190846,2.570859,SWE,USA,5223
223,231,922,1971,0,4597,-0.28817,-0.6084189999999999,TUN,USA,5223
236,231,922,1971,0,12477,-0.9655290000000001,-0.651151,VEN,USA,5223
239,231,922,1971,0,2038,0.07082100000000001,-0.296412,VNM,USA,5223
71,249,922,1971,685,0,0.9618040000000001,1.789808,ESP,TWN,5223
104,249,922,1971,0,754,0.28820999999999997,0.790629,IND,TWN,5223
114,249,922,1971,2836,0,1.862756,2.170372,JPN,TWN,5223
14,250,922,1971,657,0,0.019735,0.02329,AUS,ANS,5223
18,250,922,1971,3097,0,1.495689,2.262083,BEL,ANS,5223
41,250,922,1971,6685,0,2.242028,1.9425029999999999,CHE,ANS,5223
61,250,922,1971,5934888,0,2.304817,-1.885431,DEU,ANS,5223
77,250,922,1971,1094,0,1.7299959999999999,1.562786,FRA,ANS,5223
81,250,922,1971,4672,0,2.1646669999999997,0.034970999999999995,GBR,ANS,5223
111,250,922,1971,2716,0,2.039661,1.10519,ITA,ANS,5223
114,250,922,1971,11431,0,1.862756,2.170372,JPN,ANS,5223
153,250,922,1971,0,1249,-0.636547,-0.648471,MYS,ANS,5223
162,250,922,1971,1561,0,1.3564690000000001,2.749828,NLD,ANS,5223
163,250,922,1971,0,47330,1.297569,1.870238,NOR,ANS,5223
179,250,922,1971,0,1157,0.9233389999999999,1.184635,PRT,ANS,5223
162,6,922,1971,7641,0,1.3564690000000001,2.749828,NLD,ANT,5223
8,32,922,1971,56956,0,0.0024230000000000002,0.084024,ARG,BRA,5223
61,32,922,1971,15548,0,2.304817,-1.885431,DEU,BRA,5223
111,32,922,1971,3404,0,2.039661,1.10519,ITA,BRA,5223
231,32,922,1971,135641,0,1.873357,1.848336,USA,BRA,5223
81,44,922,1971,12941,0,2.1646669999999997,0.034970999999999995,GBR,CIV,5223
39,71,922,1971,37642,0,0.543049,0.772374,CAN,ESP,5223
61,71,922,1971,85939,0,2.304817,-1.885431,DEU,ESP,5223
74,71,922,1971,3371,0,1.382261,1.410232,FIN,ESP,5223
77,71,922,1971,102643,0,1.7299959999999999,1.562786,FRA,ESP,5223
81,71,922,1971,11639,0,2.1646669999999997,0.034970999999999995,GBR,ESP,5223
110,71,922,1971,0,3303,0.8357530000000001,0.8589479999999999,ISR,ESP,5223
162,71,922,1971,2773,0,1.3564690000000001,2.749828,NLD,ESP,5223
179,71,922,1971,1686,0,0.9233389999999999,1.184635,PRT,ESP,5223
231,71,922,1971,1504,0,1.873357,1.848336,USA,ESP,5223
249,71,922,1971,0,685,1.123146,1.440067,TWN,ESP,5223
23,74,922,1971,0,6700,0.65271,1.027758,BGR,FIN,5223
61,74,922,1971,3355,0,2.304817,-1.885431,DEU,FIN,5223
71,74,922,1971,0,3371,0.9618040000000001,1.789808,ESP,FIN,5223
81,74,922,1971,1928,0,2.1646669999999997,0.034970999999999995,GBR,FIN,5223
179,74,922,1971,0,1879,0.9233389999999999,1.184635,PRT,FIN,5223
186,74,922,1971,105254,0,0.42000600000000005,0.512301,RUS,FIN,5223
231,80,922,1971,14073,0,1.873357,1.848336,USA,GAB,5223
18,110,922,1971,7977,0,1.495689,2.262083,BEL,ISR,5223
41,110,922,1971,47804,0,2.242028,1.9425029999999999,CHE,ISR,5223
61,110,922,1971,125444,0,2.304817,-1.885431,DEU,ISR,5223
71,110,922,1971,3303,0,0.9618040000000001,1.789808,ESP,ISR,5223
77,110,922,1971,141612,0,1.7299959999999999,1.562786,FRA,ISR,5223
81,110,922,1971,71196,0,2.1646669999999997,0.034970999999999995,GBR,ISR,5223
111,110,922,1971,23031,0,2.039661,1.10519,ITA,ISR,5223
163,110,922,1971,2778,0,1.297569,1.870238,NOR,ISR,5223
231,110,922,1971,2691,0,1.873357,1.848336,USA,ISR,5223
43,153,922,1971,1916,0,0.551566,1.636164,CHN,MYS,5223
114,153,922,1971,1662,0,1.862756,2.170372,JPN,MYS,5223
231,153,922,1971,5229,0,1.873357,1.848336,USA,MYS,5223
250,153,922,1971,1249,0,0.740793,0.11133,ANS,MYS,5223
61,159,922,1971,17387,0,2.304817,-1.885431,DEU,NGA,5223
64,159,922,1971,952,0,1.5224870000000001,2.45498,DNK,NGA,5223
77,159,922,1971,18946,0,1.7299959999999999,1.562786,FRA,NGA,5223
81,159,922,1971,26583,0,2.1646669999999997,0.034970999999999995,GBR,NGA,5223
114,159,922,1971,1156,0,1.862756,2.170372,JPN,NGA,5223
208,159,922,1971,16571,0,2.190846,2.570859,SWE,NGA,5223
231,159,922,1971,2072,0,1.873357,1.848336,USA,NGA,5223
14,166,922,1971,4248,0,0.019735,0.02329,AUS,NZL,5223
18,166,922,1971,1621,0,1.495689,2.262083,BEL,NZL,5223
61,166,922,1971,1692,0,2.304817,-1.885431,DEU,NZL,5223
81,166,922,1971,2582,0,2.1646669999999997,0.034970999999999995,GBR,NZL,5223
231,166,922,1971,2158,0,1.873357,1.848336,USA,NZL,5223
77,177,922,1971,1626,0,1.7299959999999999,1.562786,FRA,POL,5223
81,177,922,1971,55591,0,2.1646669999999997,0.034970999999999995,GBR,POL,5223
111,177,922,1971,0,15237,2.039661,1.10519,ITA,POL,5223
2,179,922,1971,0,2257,-1.208704,-0.854866,AGO,PRT,5223
41,179,922,1971,1012,0,2.242028,1.9425029999999999,CHE,PRT,5223
71,179,922,1971,0,1686,0.9618040000000001,1.789808,ESP,PRT,5223
74,179,922,1971,1879,0,1.382261,1.410232,FIN,PRT,5223
81,179,922,1971,1089,0,2.1646669999999997,0.034970999999999995,GBR,PRT,5223
250,179,922,1971,1157,0,0.740793,0.11133,ANS,PRT,5223
77,236,922,1971,23722,0,1.7299959999999999,1.562786,FRA,VEN,5223
231,236,922,1971,12477,0,1.873357,1.848336,USA,VEN,5223
77,246,922,1971,2168,0,1.7299959999999999,1.562786,FRA,ZAF,5223
81,246,922,1971,19786,0,2.1646669999999997,0.034970999999999995,GBR,ZAF,5223
77,68,922,1971,2095,0,1.7299959999999999,1.562786,FRA,EGY,5223
81,68,922,1971,23670,0,2.1646669999999997,0.034970999999999995,GBR,EGY,5223
15,102,922,1971,100910,0,1.984568,0.9571209999999999,AUT,HUN,5223
77,102,922,1971,212563,0,1.7299959999999999,1.562786,FRA,HUN,5223
81,102,922,1971,29853,3283,2.1646669999999997,0.034970999999999995,GBR,HUN,5223
104,102,922,1971,0,1788,0.28820999999999997,0.790629,IND,HUN,5223
111,102,922,1971,18834,0,2.039661,1.10519,ITA,HUN,5223
18,134,922,1971,1124,0,1.495689,2.262083,BEL,MAR,5223
39,134,922,1971,17512,0,0.543049,0.772374,CAN,MAR,5223
77,134,922,1971,37528,0,1.7299959999999999,1.562786,FRA,MAR,5223
111,134,922,1971,5599,0,2.039661,1.10519,ITA,MAR,5223
15,245,922,1971,17970,0,1.984568,0.9571209999999999,AUT,YUG,5223
41,245,922,1971,18382,0,2.242028,1.9425029999999999,CHE,YUG,5223
61,245,922,1971,37744,0,2.304817,-1.885431,DEU,YUG,5223
77,245,922,1971,463396,0,1.7299959999999999,1.562786,FRA,YUG,5223
81,245,922,1971,27242,0,2.1646669999999997,0.034970999999999995,GBR,YUG,5223
111,245,922,1971,0,3532,2.039661,1.10519,ITA,YUG,5223
185,245,922,1971,2538,0,1.0355299999999998,1.5666129999999998,ROU,YUG,5223
81,2,922,1971,2719,0,2.1646669999999997,0.034970999999999995,GBR,AGO,5223
179,2,922,1971,2257,0,0.9233389999999999,1.184635,PRT,AGO,5223
18,8,922,1971,990,0,1.495689,2.262083,BEL,ARG,5223
32,8,922,1971,0,56956,-0.326897,-0.229088,BRA,ARG,5223
39,8,922,1971,17969,0,0.543049,0.772374,CAN,ARG,5223
61,8,922,1971,32886,0,2.304817,-1.885431,DEU,ARG,5223
81,8,922,1971,29590,0,2.1646669999999997,0.034970999999999995,GBR,ARG,5223
111,8,922,1971,12105,0,2.039661,1.10519,ITA,ARG,5223
138,8,922,1971,0,11827,0.694692,1.631725,MEX,ARG,5223
231,8,922,1971,19794,0,1.873357,1.848336,USA,ARG,5223
81,42,922,1971,6137,0,2.1646669999999997,0.034970999999999995,GBR,CHL,5223
231,42,922,1971,240665,0,1.873357,1.848336,USA,CHL,5223
81,43,922,1971,232843,0,2.1646669999999997,0.034970999999999995,GBR,CHN,5223
151,43,922,1971,0,1692,-0.592737,-0.767588,MUS,CHN,5223
153,43,922,1971,0,1916,-0.636547,-0.648471,MYS,CHN,5223
168,43,922,1971,0,1320,-0.160556,-0.48263,PAK,CHN,5223
77,47,922,1971,5183,0,1.7299959999999999,1.562786,FRA,COG,5223
39,49,922,1971,51234,0,0.543049,0.772374,CAN,COL,5223
61,49,922,1971,1051,0,2.304817,-1.885431,DEU,COL,5223
231,49,922,1971,2693,0,1.873357,1.848336,USA,COL,5223
18,66,922,1971,20334,0,1.495689,2.262083,BEL,DZA,5223
61,66,922,1971,1365,0,2.304817,-1.885431,DEU,DZA,5223
77,66,922,1971,6089,0,1.7299959999999999,1.562786,FRA,DZA,5223
162,66,922,1971,2059,0,1.3564690000000001,2.749828,NLD,DZA,5223
231,66,922,1971,15242,0,1.873357,1.848336,USA,DZA,5223
61,67,922,1971,8033,0,2.304817,-1.885431,DEU,ECU,5223
61,83,922,1971,6890,0,2.304817,-1.885431,DEU,GHA,5223
81,83,922,1971,2618,0,2.1646669999999997,0.034970999999999995,GBR,GHA,5223
231,93,922,1971,3190,0,1.873357,1.848336,USA,GTM,5223
61,106,922,1971,4517,0,2.304817,-1.885431,DEU,IRL,5223
81,106,922,1971,24989,0,2.1646669999999997,0.034970999999999995,GBR,IRL,5223
231,112,922,1971,1298,0,1.873357,1.848336,USA,JAM,5223
61,121,922,1971,1964,0,2.304817,-1.885431,DEU,KOR,5223
114,121,922,1971,87963,0,1.862756,2.170372,JPN,KOR,5223
111,126,922,1971,2381,0,2.039661,1.10519,ITA,LBY,5223
8,138,922,1971,11827,0,0.0024230000000000002,0.084024,ARG,MEX,5223
39,138,922,1971,4329,0,0.543049,0.772374,CAN,MEX,5223
61,138,922,1971,1842,0,2.304817,-1.885431,DEU,MEX,5223
114,138,922,1971,4139,0,1.862756,2.170372,JPN,MEX,5223
162,138,922,1971,2385,0,1.3564690000000001,2.749828,NLD,MEX,5223
231,138,922,1971,117681,0,1.873357,1.848336,USA,MEX,5223
77,142,922,1971,1928,0,1.7299959999999999,1.562786,FRA,MLT,5223
81,142,922,1971,1270,0,2.1646669999999997,0.034970999999999995,GBR,MLT,5223
231,160,922,1971,963,0,1.873357,1.848336,USA,NIC,5223
61,173,922,1971,5852,0,2.304817,-1.885431,DEU,PER,5223
231,173,922,1971,21734,0,1.873357,1.848336,USA,PER,5223
18,174,922,1971,3586,0,1.495689,2.262083,BEL,PHL,5223
61,174,922,1971,2129,0,2.304817,-1.885431,DEU,PHL,5223
77,174,922,1971,5680,0,1.7299959999999999,1.562786,FRA,PHL,5223
81,174,922,1971,4165,0,2.1646669999999997,0.034970999999999995,GBR,PHL,5223
114,174,922,1971,255515,0,1.862756,2.170372,JPN,PHL,5223
231,174,922,1971,51282,0,1.873357,1.848336,USA,PHL,5223
81,180,922,1971,2705,0,2.1646669999999997,0.034970999999999995,GBR,PRY,5223
231,197,922,1971,2695,0,1.873357,1.848336,USA,SLV,5223
81,230,922,1971,8775,0,2.1646669999999997,0.034970999999999995,GBR,URY,5223
18,24,922,1971,1976,0,1.495689,2.262083,BEL,BHR,5223
61,24,922,1971,16769,0,2.304817,-1.885431,DEU,BHR,5223
81,24,922,1971,91403,0,2.1646669999999997,0.034970999999999995,GBR,BHR,5223
111,24,922,1971,60864,0,2.039661,1.10519,ITA,BHR,5223
114,24,922,1971,88362,0,1.862756,2.170372,JPN,BHR,5223
162,24,922,1971,5378,0,1.3564690000000001,2.749828,NLD,BHR,5223
231,24,922,1971,32544,0,1.873357,1.848336,USA,BHR,5223
74,23,922,1971,6700,0,1.382261,1.410232,FIN,BGR,5223
231,31,922,1971,7749,0,1.873357,1.848336,USA,BOL,5223
162,116,922,1971,2168,0,1.3564690000000001,2.749828,NLD,KEN,5223
39,125,922,1971,1614,0,0.543049,0.772374,CAN,LBR,5223
81,185,922,1971,152677,0,2.1646669999999997,0.034970999999999995,GBR,ROU,5223
245,185,922,1971,0,2538,1.106614,2.43735,YUG,ROU,5223
81,190,922,1971,8843,0,2.1646669999999997,0.034970999999999995,GBR,SDN,5223
18,223,922,1971,784,0,1.495689,2.262083,BEL,TUN,5223
77,223,922,1971,112110,0,1.7299959999999999,1.562786,FRA,TUN,5223
231,223,922,1971,4597,0,1.873357,1.848336,USA,TUN,5223
61,224,922,1971,1839,0,2.304817,-1.885431,DEU,TUR,5223
14,151,922,1971,4422,0,0.019735,0.02329,AUS,MUS,5223
43,151,922,1971,1692,0,0.551566,1.636164,CHN,MUS,5223
61,151,922,1971,19317,0,2.304817,-1.885431,DEU,MUS,5223
81,151,922,1971,61475,0,2.1646669999999997,0.034970999999999995,GBR,MUS,5223
114,151,922,1971,1117,0,1.862756,2.170372,JPN,MUS,5223
162,151,922,1971,1482,0,1.3564690000000001,2.749828,NLD,MUS,5223
231,151,922,1971,1164,0,1.873357,1.848336,USA,MUS,5223
14,176,922,1971,1147,0,0.019735,0.02329,AUS,PNG,5223
39,239,922,1971,8799,0,0.543049,0.772374,CAN,VNM,5223
231,239,922,1971,2038,0,1.873357,1.848336,USA,VNM,5223
77,4,922,1971,6340,0,1.7299959999999999,1.562786,FRA,ALB,5223
61,157,922,1971,1104,0,2.304817,-1.885431,DEU,NER,5223
61,14,1019,1971,0,1177,2.304817,-1.885431,DEU,AUS,6351
71,14,1019,1971,0,1305,0.9618040000000001,1.789808,ESP,AUS,6351
75,14,1019,1971,0,2025,0.057053,-0.490021,FJI,AUS,6351
81,14,1019,1971,27225,20824,2.1646669999999997,0.034970999999999995,GBR,AUS,6351
110,14,1019,1971,0,1021,0.8357530000000001,0.8589479999999999,ISR,AUS,6351
111,14,1019,1971,0,4841,2.039661,1.10519,ITA,AUS,6351
114,14,1019,1971,1116,12564,1.862756,2.170372,JPN,AUS,6351
156,14,1019,1971,0,1464,-0.714832,-0.24088400000000001,NCL,AUS,6351
162,14,1019,1971,3840,2031,1.3564690000000001,2.749828,NLD,AUS,6351
166,14,1019,1971,79004,7823,0.188851,-0.346439,NZL,AUS,6351
174,14,1019,1971,0,2566,-0.39003899999999997,-0.709147,PHL,AUS,6351
176,14,1019,1971,0,9554,-0.222694,-0.396214,PNG,AUS,6351
179,14,1019,1971,19544,0,0.9233389999999999,1.184635,PRT,AUS,6351
192,14,1019,1971,3954,0,0.540057,0.9167700000000001,SGP,AUS,6351
208,14,1019,1971,0,3525,2.190846,2.570859,SWE,AUS,6351
224,14,1019,1971,0,6518,-0.443655,-0.521285,TUR,AUS,6351
231,14,1019,1971,1218,115506,1.873357,1.848336,USA,AUS,6351
246,14,1019,1971,0,2051,-0.285408,-0.146573,ZAF,AUS,6351
250,14,1019,1971,0,2038,0.740793,0.11133,ANS,AUS,6351
18,15,1019,1971,2034,3150,1.495689,2.262083,BEL,AUT,6351
39,15,1019,1971,687,0,0.543049,0.772374,CAN,AUT,6351
41,15,1019,1971,3773,179940,2.242028,1.9425029999999999,CHE,AUT,6351
53,15,1019,1971,0,2747,1.7241369999999998,2.76252,CSK,AUT,6351
61,15,1019,1971,56239,49018,2.304817,-1.885431,DEU,AUT,6351
64,15,1019,1971,3064,0,1.5224870000000001,2.45498,DNK,AUT,6351
71,15,1019,1971,1263,0,0.9618040000000001,1.789808,ESP,AUT,6351
77,15,1019,1971,60555,0,1.7299959999999999,1.562786,FRA,AUT,6351
81,15,1019,1971,52032,1061,2.1646669999999997,0.034970999999999995,GBR,AUT,6351
90,15,1019,1971,0,2987,0.373161,0.153613,GRC,AUT,6351
102,15,1019,1971,0,1787,0.8639760000000001,1.2125059999999999,HUN,AUT,6351
111,15,1019,1971,22105,2672,2.039661,1.10519,ITA,AUT,6351
138,15,1019,1971,0,1531,0.694692,1.631725,MEX,AUT,6351
151,15,1019,1971,0,1282,-0.592737,-0.767588,MUS,AUT,6351
162,15,1019,1971,1002,0,1.3564690000000001,2.749828,NLD,AUT,6351
163,15,1019,1971,0,9959,1.297569,1.870238,NOR,AUT,6351
179,15,1019,1971,1189,0,0.9233389999999999,1.184635,PRT,AUT,6351
208,15,1019,1971,5794,0,2.190846,2.570859,SWE,AUT,6351
